name,realm,rating,cls,spec,play,win,lose
Rahbekius,kazzak,1519,deathknight,blood,225,103,122
Bloodzin,frostwhisper,1515,deathknight,blood,60,28,32
Эваер,blackscar,1445,deathknight,blood,136,65,71
Goochtickler,kazzak,1437,deathknight,blood,78,36,42
Hoggster,kazzak,1429,deathknight,blood,99,41,58
Rahbekies,kazzak,1402,deathknight,blood,43,23,20
Maylined,antonidas,1284,deathknight,blood,54,23,31
Horrorda,defias-brotherhood,1206,deathknight,blood,62,31,31
Wickedgray,outland,1170,deathknight,blood,54,15,39
Schwuischädl,eredar,1155,deathknight,blood,40,21,19
Nîghtmáre,ravencrest,1124,deathknight,blood,47,24,23
Ducados,forscherliga,952,deathknight,blood,24,12,12
Mosesishere,blackmoore,947,deathknight,blood,30,10,20
Oxcidium,archimonde,904,deathknight,blood,24,10,14
Minoporc,archimonde,863,deathknight,blood,69,27,42
Truehero,magtheridon,852,deathknight,blood,24,9,15
Кмамехочу,howling-fjord,764,deathknight,blood,24,8,16
Schiva,eredar,745,deathknight,blood,35,12,23
Rakia,defias-brotherhood,733,deathknight,blood,42,13,29
Pechugona,zuljin,726,deathknight,blood,42,8,34
Helixnc,silvermoon,576,deathknight,blood,18,6,12
Dreodis,der-mithrilorden,575,deathknight,blood,18,6,12
Smalldk,silvermoon,574,deathknight,blood,18,6,12
Оосака,gordunni,573,deathknight,blood,24,6,18
Hjertesalat,ravencrest,502,deathknight,blood,14,6,8
Downtoclown,argent-dawn,480,deathknight,blood,12,5,7
Zdan,sylvanas,476,deathknight,blood,12,5,7
Akamechân,frostmourne,382,deathknight,blood,6,4,2
Airok,proudmoore,381,deathknight,blood,12,4,8
Hellcrosser,blackrock,381,deathknight,blood,12,4,8
Naxmet,dun-modr,381,deathknight,blood,30,4,26
Pinkish,argent-dawn,379,deathknight,blood,12,4,8
Барагган,thermaplugg,288,deathknight,blood,6,3,3
Buklow,argent-dawn,287,deathknight,blood,9,3,6
Dromadeus,sylvanas,286,deathknight,blood,12,3,9
Cyphîllyth,auchindoun,192,deathknight,blood,6,2,4
Aurelianus,arygos,192,deathknight,blood,6,2,4
Ciørkîng,archimonde,192,deathknight,blood,6,2,4
Calculated,spinebreaker,192,deathknight,blood,6,2,4
Mouledk,hyjal,192,deathknight,blood,6,2,4
Maradk,drakthul,96,deathknight,blood,6,1,5
Ilopango,blackmoore,96,deathknight,blood,6,1,5
Geraltbg,twisting-nether,96,deathknight,blood,6,1,5
Drruiel,twisting-nether,96,deathknight,blood,6,1,5
Fixmybones,frostmane,96,deathknight,blood,6,1,5
Livanto,ahnqiraj,96,deathknight,blood,6,1,5
Intrih,arathor,48,deathknight,blood,3,1,2
Хайвейтухэлл,soulflayer,2188,deathknight,unholy,114,60,54
Страхолит,soulflayer,2160,deathknight,unholy,224,113,111
Кромгона,soulflayer,2154,deathknight,unholy,178,109,69
Lilshiet,stormreaver,2121,deathknight,unholy,102,51,51
Elite,xavius,2116,deathknight,unholy,383,199,184
Bóby,ravencrest,2103,deathknight,unholy,444,221,223
Нишимба,soulflayer,2070,deathknight,unholy,359,178,181
Aryash,silvermoon,2035,deathknight,unholy,90,46,44
Bíllÿ,kazzak,2003,deathknight,unholy,104,56,48
Валькейн,blackscar,1997,deathknight,unholy,72,38,34
Conqueròr,tarren-mill,1994,deathknight,unholy,255,122,133
Leónid,kazzak,1962,deathknight,unholy,72,36,36
Марактус,gordunni,1938,deathknight,unholy,114,70,44
Enzy,drakthul,1936,deathknight,unholy,53,30,23
Zd,ghostlands,1933,deathknight,unholy,106,50,56
Worlviuz,argent-dawn,1932,deathknight,unholy,153,77,76
Smallbaboon,stormreaver,1926,deathknight,unholy,72,33,39
Лордпафос,blackscar,1925,deathknight,unholy,97,55,42
Кромгон,soulflayer,1917,deathknight,unholy,127,64,63
Shadowdeathj,kazzak,1913,deathknight,unholy,54,27,27
Péterpain,antonidas,1912,deathknight,unholy,138,72,66
Ðavy,silvermoon,1910,deathknight,unholy,72,36,36
Zdi,tarren-mill,1905,deathknight,unholy,81,40,41
Èvíl,stormscale,1904,deathknight,unholy,66,33,33
Annabolik,ravencrest,1901,deathknight,unholy,47,25,22
Hotcherryx,dun-modr,1901,deathknight,unholy,325,162,163
Bedstemoor,ravencrest,1899,deathknight,unholy,144,72,72
Storhøf,sanguino,1897,deathknight,unholy,120,64,56
Bøby,kul-tiras,1894,deathknight,unholy,72,36,36
Leomordf,doomhammer,1893,deathknight,unholy,334,180,154
Azüla,ysondre,1892,deathknight,unholy,72,33,39
Frege,tarren-mill,1891,deathknight,unholy,120,63,57
Évìl,stormscale,1884,deathknight,unholy,69,34,35
Yazga,blackmoore,1883,deathknight,unholy,71,32,39
Akaliz,die-aldor,1876,deathknight,unholy,66,35,31
Ipanic,argent-dawn,1875,deathknight,unholy,228,120,108
Eyyoo,blackmoore,1875,deathknight,unholy,70,35,35
Necrølyte,sylvanas,1874,deathknight,unholy,120,64,56
Дайтоолгоун,gordunni,1873,deathknight,unholy,172,84,88
Amnésyx,ysondre,1871,deathknight,unholy,82,42,40
Шайбовёрт,gordunni,1861,deathknight,unholy,151,76,75
Narali,argent-dawn,1859,deathknight,unholy,72,34,38
Fxckingmad,ravencrest,1857,deathknight,unholy,108,54,54
Fabricius,blackrock,1847,deathknight,unholy,66,36,30
Shanariel,khaz-modan,1846,deathknight,unholy,186,104,82
Шадоудез,gordunni,1846,deathknight,unholy,52,27,25
Аронас,blackscar,1846,deathknight,unholy,92,47,45
Cässius,dun-modr,1846,deathknight,unholy,54,23,31
Меланндрис,gordunni,1845,deathknight,unholy,60,44,16
Øtherànóther,stormscale,1843,deathknight,unholy,54,30,24
Ezlyy,ravencrest,1843,deathknight,unholy,114,60,54
Vallenhal,twisting-nether,1840,deathknight,unholy,78,36,42
Nómòre,ravencrest,1839,deathknight,unholy,60,30,30
Ampdk,ravencrest,1838,deathknight,unholy,78,44,34
Likewise,twisting-nether,1838,deathknight,unholy,167,79,88
Happsor,eredar,1837,deathknight,unholy,95,47,48
Mockingbirdo,sanguino,1836,deathknight,unholy,36,24,12
Fennro,ysondre,1836,deathknight,unholy,300,147,153
Bephomet,onyxia,1835,deathknight,unholy,213,101,112
Butthurtx,stormscale,1831,deathknight,unholy,52,31,21
Sprangers,ravencrest,1831,deathknight,unholy,58,28,30
Vakü,burning-legion,1829,deathknight,unholy,754,370,384
Rahbekius,kazzak,1829,deathknight,unholy,150,71,79
Namzera,draenor,1827,deathknight,unholy,114,70,44
Sélyne,dalaran,1827,deathknight,unholy,66,29,37
Рыжаяпедаль,soulflayer,1826,deathknight,unholy,60,36,24
Undeadcell,ravencrest,1826,deathknight,unholy,60,34,26
Leanâdle,hyjal,1826,deathknight,unholy,179,95,84
Oj,darkspear,1825,deathknight,unholy,211,112,99
Oweiowei,blackrock,1823,deathknight,unholy,96,54,42
Radan,stormscale,1821,deathknight,unholy,48,26,22
Zokko,blackrock,1820,deathknight,unholy,59,31,28
Cealdris,blackmoore,1819,deathknight,unholy,30,20,10
Обледенение,gordunni,1819,deathknight,unholy,36,19,17
Bigdickdk,ragnaros,1819,deathknight,unholy,58,27,31
Lutcher,hellfire,1818,deathknight,unholy,36,20,16
Charlytango,archimonde,1818,deathknight,unholy,60,29,31
Väkü,silvermoon,1816,deathknight,unholy,63,34,29
Thezftw,kazzak,1815,deathknight,unholy,123,62,61
Catloaf,silvermoon,1815,deathknight,unholy,48,21,27
Змейняша,soulflayer,1814,deathknight,unholy,121,62,59
Holîx,kazzak,1814,deathknight,unholy,95,43,52
Andreàs,silvermoon,1813,deathknight,unholy,60,30,30
Necrofear,grim-batol,1813,deathknight,unholy,144,71,73
Брексиен,gordunni,1813,deathknight,unholy,54,20,34
Inâste,thrall,1811,deathknight,unholy,60,32,28
Аоепупс,gordunni,1809,deathknight,unholy,57,28,29
Râke,teldrassil,1809,deathknight,unholy,126,55,71
Allmawt,argent-dawn,1808,deathknight,unholy,89,51,38
Dräpârn,sylvanas,1808,deathknight,unholy,117,67,50
Смердонос,grom,1808,deathknight,unholy,333,184,149
Вирко,eversong,1806,deathknight,unholy,232,123,109
Køley,draenor,1804,deathknight,unholy,53,30,23
Ronsôn,terrordar,1803,deathknight,unholy,66,36,30
Icegrin,silvermoon,1803,deathknight,unholy,150,81,69
Aifam,twisting-nether,1802,deathknight,unholy,348,177,171
Dk,tarren-mill,1802,deathknight,unholy,102,46,56
Бургер,soulflayer,1802,deathknight,unholy,78,33,45
Exoflake,kazzak,1801,deathknight,unholy,64,36,28
Maylined,blackrock,1801,deathknight,unholy,48,19,29
Кромгак,soulflayer,1800,deathknight,unholy,86,46,40
Grepetta,argent-dawn,1800,deathknight,unholy,243,121,122
Zerachy,blackmoore,1797,deathknight,unholy,54,32,22
Aeneriah,tarren-mill,1795,deathknight,unholy,164,93,71
Азуэла,gordunni,1794,deathknight,unholy,54,40,14
Verminosis,stormscale,1791,deathknight,unholy,78,31,47
Jesûsx,ravencrest,1787,deathknight,unholy,130,69,61
Rankor,grim-batol,1786,deathknight,unholy,78,41,37
Itreachesout,ravencrest,1786,deathknight,unholy,257,128,129
Zdlol,ghostlands,1783,deathknight,unholy,90,46,44
Gladiadk,ysondre,1783,deathknight,unholy,104,44,60
Nazgül,drakthul,1781,deathknight,unholy,157,88,69
Акамахи,ashenvale,1780,deathknight,unholy,113,60,53
Darkertimes,ragnaros,1780,deathknight,unholy,345,172,173
Oscman,silvermoon,1779,deathknight,unholy,159,82,77
Дэхон,gordunni,1777,deathknight,unholy,85,45,40
Amenokoim,blackrock,1771,deathknight,unholy,36,19,17
Judythegreat,silvermoon,1768,deathknight,unholy,167,94,73
Qtxi,nozdormu,1768,deathknight,unholy,415,220,195
Олинфия,soulflayer,1768,deathknight,unholy,96,45,51
Stely,alonsus,1767,deathknight,unholy,48,27,21
Amyntasz,twisting-nether,1761,deathknight,unholy,60,24,36
Argonat,silvermoon,1759,deathknight,unholy,192,103,89
Deathgrab,twisting-nether,1759,deathknight,unholy,184,95,89
Лордэскорт,gordunni,1758,deathknight,unholy,188,90,98
Wôrgenator,kazzak,1758,deathknight,unholy,54,21,33
Фростинг,gordunni,1757,deathknight,unholy,42,23,19
Murky,kazzak,1756,deathknight,unholy,469,224,245
Некросморк,soulflayer,1755,deathknight,unholy,52,31,21
Unhóly,tarren-mill,1755,deathknight,unholy,151,82,69
Elyth,kazzak,1755,deathknight,unholy,135,72,63
Тхиро,gordunni,1751,deathknight,unholy,125,54,71
Sang,deathwing,1750,deathknight,unholy,185,95,90
Sanlex,twisting-nether,1747,deathknight,unholy,157,74,83
Ayra,nethersturm,1745,deathknight,unholy,93,52,41
Castlevanía,ravencrest,1745,deathknight,unholy,225,117,108
Slade,blackrock,1745,deathknight,unholy,78,32,46
Inflex,silvermoon,1744,deathknight,unholy,147,72,75
Sendurd,ragnaros,1743,deathknight,unholy,143,65,78
Deathmonsta,auchindoun,1741,deathknight,unholy,128,61,67
Mirídiuss,silvermoon,1738,deathknight,unholy,76,38,38
Zehahaha,defias-brotherhood,1735,deathknight,unholy,77,32,45
Мионеелол,goldrinn,1733,deathknight,unholy,78,37,41
Elliipirelli,doomhammer,1725,deathknight,unholy,106,60,46
Nèrfx,ragnaros,1725,deathknight,unholy,90,45,45
Motvinden,stormscale,1724,deathknight,unholy,100,54,46
Tenzøftw,archimonde,1723,deathknight,unholy,114,61,53
Дайтоолгоун,deathguard,1723,deathknight,unholy,75,39,36
Zagoôo,outland,1723,deathknight,unholy,60,25,35
Vexxed,magtheridon,1722,deathknight,unholy,159,90,69
Quizon,tarren-mill,1721,deathknight,unholy,132,60,72
Merekx,emerald-dream,1720,deathknight,unholy,60,32,28
Synthwave,tarren-mill,1720,deathknight,unholy,159,78,81
Rottenpete,grim-batol,1719,deathknight,unholy,48,25,23
Кулькулегал,ashenvale,1717,deathknight,unholy,66,34,32
Geraltbg,twisting-nether,1716,deathknight,unholy,48,22,26
Sangíus,blackmoore,1715,deathknight,unholy,461,227,234
Garrinchá,stormscale,1715,deathknight,unholy,54,25,29
Psychopathz,tarren-mill,1714,deathknight,unholy,42,24,18
Darkarthás,aegwynn,1714,deathknight,unholy,36,18,18
Koranderx,argent-dawn,1713,deathknight,unholy,30,18,12
Glower,burning-blade,1710,deathknight,unholy,53,29,24
Jäätynyt,zenedar,1709,deathknight,unholy,643,321,322
Тыпидо,howling-fjord,1707,deathknight,unholy,78,46,32
Kharôn,stormscale,1705,deathknight,unholy,54,27,27
Адэлина,soulflayer,1704,deathknight,unholy,147,78,69
Oßitø,ravencrest,1703,deathknight,unholy,127,70,57
Ктунец,blackscar,1703,deathknight,unholy,87,44,43
Mammacitaa,argent-dawn,1701,deathknight,unholy,89,49,40
Ràiven,blackmoore,1701,deathknight,unholy,65,31,34
Apacstanya,ragnaros,1701,deathknight,unholy,114,50,64
Маххес,howling-fjord,1699,deathknight,unholy,119,61,58
Tharassian,chamber-of-aspects,1699,deathknight,unholy,78,38,40
Enzÿ,drakthul,1698,deathknight,unholy,54,29,25
Zff,hyjal,1697,deathknight,unholy,102,63,39
Альдафьод,howling-fjord,1696,deathknight,unholy,30,19,11
Эриданс,gordunni,1696,deathknight,unholy,142,79,63
Crenshawx,twisting-nether,1696,deathknight,unholy,231,112,119
Fraeya,sunstrider,1695,deathknight,unholy,213,107,106
Hycecream,archimonde,1694,deathknight,unholy,78,33,45
Гронташ,howling-fjord,1692,deathknight,unholy,159,82,77
Arizon,drakthul,1691,deathknight,unholy,98,40,58
Necrotic,blackrock,1690,deathknight,unholy,53,30,23
Deathlog,silvermoon,1690,deathknight,unholy,138,71,67
Impey,kazzak,1689,deathknight,unholy,30,18,12
Reidemorte,minahonda,1689,deathknight,unholy,140,81,59
Judin,kazzak,1689,deathknight,unholy,56,27,29
Féarless,archimonde,1688,deathknight,unholy,57,28,29
Faznik,twisting-nether,1686,deathknight,unholy,248,124,124
Leonis,arthas,1685,deathknight,unholy,78,38,40
Raizhen,ragnaros,1684,deathknight,unholy,54,28,26
Garasu,eredar,1684,deathknight,unholy,83,34,49
Ûñhølýðéåthj,tarren-mill,1683,deathknight,unholy,59,28,31
ßankoedno,stormscale,1681,deathknight,unholy,120,62,58
Råyzen,draenor,1679,deathknight,unholy,60,31,29
Äyrenn,draenor,1677,deathknight,unholy,125,68,57
Yusehz,kazzak,1677,deathknight,unholy,69,32,37
Lovroo,silvermoon,1677,deathknight,unholy,93,43,50
Sanuky,blackrock,1677,deathknight,unholy,42,18,24
Vatø,tarren-mill,1676,deathknight,unholy,60,27,33
Nødder,ragnaros,1675,deathknight,unholy,254,136,118
Doozz,draenor,1675,deathknight,unholy,193,87,106
Dämos,blackmoore,1673,deathknight,unholy,81,39,42
Ghostreign,tarren-mill,1673,deathknight,unholy,125,59,66
Femilista,dun-modr,1671,deathknight,unholy,42,23,19
Darkknights,archimonde,1669,deathknight,unholy,133,69,64
Krisigaped,blackhand,1669,deathknight,unholy,42,21,21
Ghaloob,draenor,1667,deathknight,unholy,96,49,47
Sakiko,thrall,1667,deathknight,unholy,54,26,28
Derfitt,sanguino,1666,deathknight,unholy,131,68,63
Zugzugdecay,kazzak,1665,deathknight,unholy,42,23,19
Xawias,ulduar,1665,deathknight,unholy,66,35,31
Lurkkiss,ravencrest,1664,deathknight,unholy,66,30,36
Vidofnir,argent-dawn,1662,deathknight,unholy,84,46,38
Blazeberg,blackrock,1661,deathknight,unholy,70,39,31
Моровой,blackscar,1661,deathknight,unholy,136,67,69
Gushik,twisting-nether,1657,deathknight,unholy,77,46,31
Seal,lightnings-blade,1657,deathknight,unholy,50,25,25
Вовчан,howling-fjord,1657,deathknight,unholy,222,105,117
Yandeäth,chants-éternels,1656,deathknight,unholy,352,180,172
Средозавр,howling-fjord,1655,deathknight,unholy,48,31,17
Heyä,ysondre,1655,deathknight,unholy,54,25,29
Wombo,dentarg,1653,deathknight,unholy,125,64,61
Dasvidania,ragnaros,1651,deathknight,unholy,30,18,12
Vainajala,die-aldor,1650,deathknight,unholy,94,53,41
Panorboy,tarren-mill,1650,deathknight,unholy,54,23,31
Zoree,draenor,1647,deathknight,unholy,233,124,109
Кидер,blackscar,1647,deathknight,unholy,83,44,39
Руин,blackscar,1645,deathknight,unholy,142,77,65
Skulm,twisting-nether,1645,deathknight,unholy,72,30,42
Alessia,alonsus,1644,deathknight,unholy,90,46,44
Unholyspîrît,outland,1642,deathknight,unholy,42,24,18
Дарргг,ashenvale,1642,deathknight,unholy,88,47,41
Alti,blackmoore,1641,deathknight,unholy,136,72,64
Бешенсство,soulflayer,1641,deathknight,unholy,42,22,20
Branchë,stormscale,1641,deathknight,unholy,239,122,117
Økah,outland,1641,deathknight,unholy,78,35,43
Pawcio,argent-dawn,1640,deathknight,unholy,224,124,100
Spom,elune,1639,deathknight,unholy,48,21,27
Çruél,silvermoon,1638,deathknight,unholy,48,21,27
Stinglelz,chogall,1637,deathknight,unholy,41,24,17
Ecormcpz,eredar,1637,deathknight,unholy,42,21,21
Smörj,aggramar,1637,deathknight,unholy,112,53,59
Арцевус,gordunni,1636,deathknight,unholy,203,107,96
Cheethdoom,ragnaros,1636,deathknight,unholy,65,34,31
Дрогдош,howling-fjord,1633,deathknight,unholy,48,29,19
Skórm,burning-legion,1633,deathknight,unholy,42,21,21
Olriklol,dentarg,1632,deathknight,unholy,35,21,14
Micaiah,dun-modr,1632,deathknight,unholy,48,24,24
Deathvid,ravencrest,1630,deathknight,unholy,120,65,55
Uvros,bloodhoof,1630,deathknight,unholy,48,23,25
Лапочки,gordunni,1628,deathknight,unholy,84,49,35
Herumor,nerzhul,1627,deathknight,unholy,60,32,28
Wallenschøld,kazzak,1627,deathknight,unholy,66,30,36
Олинф,deathguard,1627,deathknight,unholy,116,52,64
Armanelo,stormscale,1626,deathknight,unholy,60,28,32
Рамкар,howling-fjord,1626,deathknight,unholy,134,60,74
Aladonreith,zenedar,1626,deathknight,unholy,52,23,29
Babsyknight,wildhammer,1625,deathknight,unholy,270,135,135
Сантамо,soulflayer,1625,deathknight,unholy,158,79,79
Deadlyorca,tarren-mill,1625,deathknight,unholy,42,18,24
Puzikovatr,tarren-mill,1624,deathknight,unholy,42,17,25
Senkingodx,ravencrest,1624,deathknight,unholy,90,33,57
Nommad,archimonde,1623,deathknight,unholy,239,119,120
Сгеатог,gordunni,1623,deathknight,unholy,36,17,19
Drachnor,kazzak,1623,deathknight,unholy,71,33,38
Jollíe,tarren-mill,1622,deathknight,unholy,116,64,52
Ghoulish,outland,1622,deathknight,unholy,191,94,97
Karisteur,azuremyst,1622,deathknight,unholy,60,26,34
Apacsom,ragnaros,1621,deathknight,unholy,30,17,13
Quetza,twisting-nether,1621,deathknight,unholy,36,17,19
Giandam,draenor,1621,deathknight,unholy,76,31,45
Сацкэх,howling-fjord,1620,deathknight,unholy,104,53,51
Ластофас,gordunni,1620,deathknight,unholy,180,87,93
Неондк,eversong,1619,deathknight,unholy,236,112,124
Ipanicfart,argent-dawn,1619,deathknight,unholy,36,17,19
Prekliatylad,burning-blade,1619,deathknight,unholy,83,39,44
Xenfos,tarren-mill,1618,deathknight,unholy,54,23,31
Baltersa,blackhand,1618,deathknight,unholy,60,25,35
Pandahapci,ragnaros,1617,deathknight,unholy,54,23,31
Maxto,outland,1617,deathknight,unholy,48,20,28
Apoikia,argent-dawn,1616,deathknight,unholy,90,47,43
Goùlag,culte-de-la-rive-noire,1616,deathknight,unholy,145,67,78
Verminosis,argent-dawn,1615,deathknight,unholy,39,22,17
Джонаджеймсн,soulflayer,1614,deathknight,unholy,154,77,77
Taylorswiftz,tarren-mill,1614,deathknight,unholy,36,17,19
Линфео,galakrond,1614,deathknight,unholy,54,22,32
Промештейн,gordunni,1613,deathknight,unholy,141,72,69
Lichbørn,ragnaros,1613,deathknight,unholy,132,65,67
Hólix,kazzak,1612,deathknight,unholy,36,22,14
Pellizquitas,sanguino,1612,deathknight,unholy,30,17,13
Cayliadk,tarren-mill,1612,deathknight,unholy,170,91,79
Nasxsy,blackmoore,1612,deathknight,unholy,78,38,40
Snowlegend,der-mithrilorden,1611,deathknight,unholy,60,33,27
Ðaserka,blackrock,1611,deathknight,unholy,39,19,20
Инлакеш,howling-fjord,1611,deathknight,unholy,57,25,32
Drogba,burning-blade,1610,deathknight,unholy,76,39,37
Deathcaller,dun-modr,1609,deathknight,unholy,56,29,27
Apoikos,argent-dawn,1609,deathknight,unholy,78,40,38
Blízna,kazzak,1607,deathknight,unholy,238,121,117
Spøøk,defias-brotherhood,1606,deathknight,unholy,54,26,28
Вондум,howling-fjord,1606,deathknight,unholy,42,18,24
Orktra,stormscale,1604,deathknight,unholy,48,25,23
Athanatøs,archimonde,1604,deathknight,unholy,209,102,107
Khalifamia,alonsus,1604,deathknight,unholy,66,32,34
Gøretterog,ysondre,1603,deathknight,unholy,30,18,12
Sølîta,archimonde,1603,deathknight,unholy,89,47,42
Trialist,dun-modr,1602,deathknight,unholy,54,30,24
Bloodraynee,twisting-nether,1602,deathknight,unholy,114,58,56
Nurekindk,argent-dawn,1602,deathknight,unholy,179,89,90
Alameda,nathrezim,1602,deathknight,unholy,54,23,31
Reann,argent-dawn,1601,deathknight,unholy,61,33,28
Mercdk,ravencrest,1601,deathknight,unholy,90,41,49
Triffdich,blackrock,1600,deathknight,unholy,214,105,109
Aceléss,drakthul,1600,deathknight,unholy,42,20,22
Raziee,twisting-nether,1599,deathknight,unholy,119,58,61
Leyir,shendralar,1595,deathknight,unholy,48,28,20
Deathcaller,zuljin,1594,deathknight,unholy,71,35,36
Ahilus,bladefist,1593,deathknight,unholy,85,43,42
Disæse,blackrock,1592,deathknight,unholy,30,17,13
Turboface,kazzak,1591,deathknight,unholy,124,68,56
Кокосоус,gordunni,1591,deathknight,unholy,89,41,48
Ashgôrath,defias-brotherhood,1591,deathknight,unholy,74,29,45
Анзорини,gordunni,1591,deathknight,unholy,54,20,34
Tölp,ravencrest,1590,deathknight,unholy,162,84,78
Hellguy,draenor,1590,deathknight,unholy,377,183,194
Abomination,emeriss,1590,deathknight,unholy,304,145,159
Creatar,kazzak,1588,deathknight,unholy,93,50,43
Скизм,howling-fjord,1588,deathknight,unholy,114,56,58
Feministi,stormreaver,1588,deathknight,unholy,156,76,80
Kwc,kazzak,1587,deathknight,unholy,156,73,83
Моорта,soulflayer,1586,deathknight,unholy,397,206,191
Larrydk,tarren-mill,1585,deathknight,unholy,36,21,15
Swavsgothgf,ravencrest,1585,deathknight,unholy,30,17,13
Bredox,ravencrest,1582,deathknight,unholy,63,27,36
Halez,antonidas,1581,deathknight,unholy,198,101,97
Yagoora,silvermoon,1581,deathknight,unholy,88,35,53
Linuzbunny,zenedar,1580,deathknight,unholy,30,18,12
Слендер,howling-fjord,1580,deathknight,unholy,163,80,83
Greymarker,kirin-tor,1579,deathknight,unholy,141,76,65
Jiodythyy,archimonde,1578,deathknight,unholy,66,28,38
Høpes,chogall,1577,deathknight,unholy,48,24,24
Apolyio,outland,1576,deathknight,unholy,164,80,84
Сванхильда,grom,1575,deathknight,unholy,235,118,117
Торедх,howling-fjord,1575,deathknight,unholy,90,41,49
Винерас,soulflayer,1574,deathknight,unholy,159,79,80
Abcdk,sargeras,1572,deathknight,unholy,68,39,29
Inudworf,outland,1571,deathknight,unholy,81,41,40
Zektal,thrall,1571,deathknight,unholy,139,62,77
Dejkå,silvermoon,1571,deathknight,unholy,72,31,41
Ilovebigass,ravencrest,1569,deathknight,unholy,60,30,30
Zariia,twisting-nether,1566,deathknight,unholy,144,79,65
Reapocalypse,blackhand,1566,deathknight,unholy,393,199,194
Аркёт,howling-fjord,1566,deathknight,unholy,125,59,66
Shabiri,twisting-nether,1565,deathknight,unholy,151,84,67
Изуалу,blackscar,1565,deathknight,unholy,42,19,23
Sythuss,argent-dawn,1565,deathknight,unholy,72,30,42
Pangen,ravencrest,1564,deathknight,unholy,137,63,74
Körthazz,hyjal,1563,deathknight,unholy,55,27,28
Söttguetsi,blackrock,1560,deathknight,unholy,53,29,24
Nysaia,blackmoore,1559,deathknight,unholy,84,39,45
Шуршаня,blackscar,1559,deathknight,unholy,81,34,47
Хассандра,galakrond,1554,deathknight,unholy,117,58,59
Aleejha,draenor,1551,deathknight,unholy,70,39,31
Dklékata,archimonde,1551,deathknight,unholy,111,55,56
Yamisukehiro,drakthul,1551,deathknight,unholy,60,28,32
Arkaris,blackmoore,1550,deathknight,unholy,86,52,34
Emphendk,twisting-nether,1550,deathknight,unholy,120,55,65
Енваки,gordunni,1548,deathknight,unholy,108,56,52
Мёрдерфэйсх,soulflayer,1547,deathknight,unholy,253,131,122
Gargalon,drakthul,1547,deathknight,unholy,102,52,50
Knoxhult,kazzak,1546,deathknight,unholy,42,19,23
Rûnâr,proudmoore,1545,deathknight,unholy,45,28,17
Ilius,kelthuzad,1542,deathknight,unholy,141,75,66
Элекна,deepholm,1541,deathknight,unholy,48,24,24
Bokrak,norgannon,1539,deathknight,unholy,165,92,73
Sugarcakedk,blackrock,1539,deathknight,unholy,125,58,67
Нарилуне,blackscar,1538,deathknight,unholy,665,336,329
Asakim,tarren-mill,1538,deathknight,unholy,41,17,24
Дерайв,gordunni,1536,deathknight,unholy,138,68,70
Apatheia,stormscale,1535,deathknight,unholy,74,34,40
Hordak,stormscale,1535,deathknight,unholy,81,31,50
Руариди,gordunni,1534,deathknight,unholy,48,25,23
Erodevil,kazzak,1533,deathknight,unholy,99,46,53
Хорссэ,soulflayer,1532,deathknight,unholy,91,48,43
Necrotickiss,frostwolf,1531,deathknight,unholy,32,18,14
Lockhead,stormscale,1529,deathknight,unholy,205,104,101
Израф,fordragon,1528,deathknight,unholy,50,21,29
Exanex,ragnaros,1527,deathknight,unholy,42,24,18
Алсидис,gordunni,1527,deathknight,unholy,72,29,43
Dzemoo,drakthul,1525,deathknight,unholy,83,43,40
Rabbijacob,ysondre,1524,deathknight,unholy,177,81,96
Gharzhul,xavius,1523,deathknight,unholy,44,22,22
Deadroses,tarren-mill,1522,deathknight,unholy,114,68,46
Dörfl,antonidas,1521,deathknight,unholy,87,42,45
Gripbroblem,nemesis,1521,deathknight,unholy,42,16,26
Woddey,blackrock,1520,deathknight,unholy,72,39,33
Slawtér,arathor,1520,deathknight,unholy,42,21,21
Misazabanshi,blackrock,1519,deathknight,unholy,108,59,49
Yousaindk,blackrock,1519,deathknight,unholy,60,29,31
Ахелекус,blackscar,1517,deathknight,unholy,88,45,43
Goreshovel,stormscale,1514,deathknight,unholy,126,66,60
Dekayo,blackrock,1514,deathknight,unholy,56,29,27
Ехтрим,howling-fjord,1512,deathknight,unholy,65,30,35
Manego,eredar,1511,deathknight,unholy,30,18,12
Протосеня,soulflayer,1510,deathknight,unholy,138,67,71
Grendul,blackmoore,1510,deathknight,unholy,60,26,34
Anathela,dalaran,1508,deathknight,unholy,85,40,45
Трибунальщик,gordunni,1508,deathknight,unholy,60,27,33
Crazyanimal,silvermoon,1507,deathknight,unholy,66,30,36
Шинратенсеи,howling-fjord,1506,deathknight,unholy,77,45,32
Barnalord,dentarg,1506,deathknight,unholy,54,27,27
Тумм,howling-fjord,1506,deathknight,unholy,36,17,19
Агереро,howling-fjord,1505,deathknight,unholy,88,46,42
Nîghtmáre,ravencrest,1505,deathknight,unholy,94,47,47
Darhma,archimonde,1505,deathknight,unholy,98,44,54
Rebeast,blackhand,1505,deathknight,unholy,36,16,20
Lavonobatas,kazzak,1503,deathknight,unholy,60,30,30
Deathcam,emerald-dream,1502,deathknight,unholy,95,45,50
Ezlar,silvermoon,1500,deathknight,unholy,67,38,29
Amelia,ambossar,1500,deathknight,unholy,36,20,16
Xirra,tarren-mill,1500,deathknight,unholy,143,75,68
Unchaindk,outland,1500,deathknight,unholy,136,68,68
Bertonilo,burning-legion,1500,deathknight,unholy,84,39,45
Thánátós,hyjal,1499,deathknight,unholy,60,27,33
Serelis,argent-dawn,1497,deathknight,unholy,60,27,33
Teljujad,sanguino,1496,deathknight,unholy,163,82,81
Frags,arathor,1496,deathknight,unholy,102,50,52
Mávé,tarren-mill,1495,deathknight,unholy,69,32,37
Segrim,drakthul,1493,deathknight,unholy,173,89,84
Recoil,blackrock,1490,deathknight,unholy,26,17,9
Kalenjii,burning-legion,1489,deathknight,unholy,50,25,25
Metalmanethé,tarren-mill,1489,deathknight,unholy,284,140,144
Rizzlerdk,blackhand,1489,deathknight,unholy,114,49,65
Sxyd,silvermoon,1489,deathknight,unholy,102,41,61
Necromedes,kazzak,1488,deathknight,unholy,70,40,30
Neorteriona,argent-dawn,1488,deathknight,unholy,159,88,71
Nuadar,outland,1488,deathknight,unholy,42,16,26
Анихиме,howling-fjord,1487,deathknight,unholy,98,51,47
Ínví,aegwynn,1487,deathknight,unholy,163,84,79
Кадавров,gordunni,1486,deathknight,unholy,140,76,64
Deadkilla,stormreaver,1484,deathknight,unholy,60,29,31
Riceeater,kazzak,1483,deathknight,unholy,59,29,30
Veçh,turalyon,1483,deathknight,unholy,167,80,87
Катаринья,howling-fjord,1483,deathknight,unholy,59,26,33
Cleverb,silvermoon,1481,deathknight,unholy,71,36,35
Дкшрёдингера,gordunni,1481,deathknight,unholy,126,63,63
Juliean,blackmoore,1480,deathknight,unholy,89,42,47
Calina,frostwolf,1480,deathknight,unholy,72,26,46
Полонит,gordunni,1479,deathknight,unholy,113,54,59
Кристер,lich-king,1479,deathknight,unholy,66,30,36
Leipä,scarshield-legion,1478,deathknight,unholy,42,19,23
Дискодансер,ashenvale,1477,deathknight,unholy,30,17,13
Vrark,forscherliga,1477,deathknight,unholy,34,19,15
Rektsohard,ravencrest,1477,deathknight,unholy,96,49,47
Вирзерагна,howling-fjord,1476,deathknight,unholy,126,71,55
Polimeh,draenor,1473,deathknight,unholy,84,45,39
Goblinslayer,zuljin,1473,deathknight,unholy,100,51,49
Walkeni,defias-brotherhood,1473,deathknight,unholy,122,60,62
Ihatenames,twisting-nether,1473,deathknight,unholy,90,43,47
Ymirzo,outland,1471,deathknight,unholy,30,16,14
Барагган,thermaplugg,1470,deathknight,unholy,132,66,66
Спавни,blackscar,1470,deathknight,unholy,200,96,104
Ультерис,deathguard,1468,deathknight,unholy,24,17,7
Utyr,ragnaros,1468,deathknight,unholy,196,97,99
Gødofredo,dun-modr,1467,deathknight,unholy,144,79,65
Arxelas,sylvanas,1467,deathknight,unholy,115,60,55
Moko,defias-brotherhood,1467,deathknight,unholy,54,25,29
Chillstreak,twisting-nether,1467,deathknight,unholy,60,26,34
Mongopogger,defias-brotherhood,1466,deathknight,unholy,80,46,34
Zóur,rajaxx,1466,deathknight,unholy,119,66,53
Kérmít,tarren-mill,1465,deathknight,unholy,160,88,72
Балаар,galakrond,1465,deathknight,unholy,98,49,49
Thanatus,aggra-português,1465,deathknight,unholy,48,23,25
Lifetakergr,sylvanas,1465,deathknight,unholy,40,16,24
Fýhr,silvermoon,1464,deathknight,unholy,90,48,42
Gûuts,archimonde,1463,deathknight,unholy,313,164,149
Емтвоюкиску,soulflayer,1462,deathknight,unholy,52,24,28
Zeghor,ragnaros,1462,deathknight,unholy,114,51,63
Turkknight,outland,1462,deathknight,unholy,36,16,20
Zandruq,twisting-nether,1461,deathknight,unholy,177,93,84
Bärdk,forscherliga,1461,deathknight,unholy,95,47,48
Drãka,twisting-nether,1460,deathknight,unholy,88,49,39
Шифычдк,howling-fjord,1460,deathknight,unholy,60,27,33
Nospets,kazzak,1459,deathknight,unholy,54,25,29
Frostplague,aegwynn,1459,deathknight,unholy,54,24,30
Глэмнутый,howling-fjord,1459,deathknight,unholy,72,31,41
Ardros,eredar,1458,deathknight,unholy,102,49,53
Gethunts,drakthul,1457,deathknight,unholy,42,25,17
Holaroris,drakthul,1457,deathknight,unholy,54,31,23
Hêalz,ungoro,1456,deathknight,unholy,120,63,57
Lorvetis,malorne,1456,deathknight,unholy,72,36,36
Bígzoran,kazzak,1456,deathknight,unholy,60,29,31
Рэндрей,gordunni,1455,deathknight,unholy,57,31,26
Hawkthuglife,dun-modr,1455,deathknight,unholy,143,69,74
Ceranto,frostwolf,1453,deathknight,unholy,77,46,31
Petardodupy,burning-legion,1453,deathknight,unholy,72,38,34
Wtfisthisdmg,blackmoore,1452,deathknight,unholy,58,29,29
Skèltòn,rexxar,1451,deathknight,unholy,73,47,26
Megdeath,silvermoon,1451,deathknight,unholy,138,65,73
Hokdk,voljin,1451,deathknight,unholy,119,48,71
Ceedrik,nemesis,1450,deathknight,unholy,34,16,18
Dharniman,sylvanas,1450,deathknight,unholy,52,23,29
Кланки,soulflayer,1449,deathknight,unholy,136,66,70
Sathmayla,silvermoon,1448,deathknight,unholy,53,32,21
Demrior,hellfire,1447,deathknight,unholy,66,27,39
Fuzzyofc,draenor,1446,deathknight,unholy,102,42,60
Âlîce,culte-de-la-rive-noire,1445,deathknight,unholy,66,40,26
Salezians,drakthul,1445,deathknight,unholy,113,60,53
Борнтудай,borean-tundra,1445,deathknight,unholy,48,17,31
Quantumshift,ravencrest,1444,deathknight,unholy,36,23,13
Unholy,ragnaros,1444,deathknight,unholy,38,20,18
Majlus,outland,1444,deathknight,unholy,74,35,39
Sîck,bladefist,1444,deathknight,unholy,78,29,49
Ilovememes,terenas,1443,deathknight,unholy,24,17,7
Homunculas,twisting-nether,1443,deathknight,unholy,64,28,36
Dizin,ravencrest,1442,deathknight,unholy,50,21,29
Sorostew,twisting-nether,1439,deathknight,unholy,56,29,27
Лекъса,gordunni,1439,deathknight,unholy,294,146,148
Ðiesel,stormscale,1439,deathknight,unholy,189,85,104
Morinosei,twisting-nether,1438,deathknight,unholy,125,69,56
Lothqgar,burning-legion,1438,deathknight,unholy,134,69,65
Notsyndra,nemesis,1437,deathknight,unholy,49,25,24
Капустас,gordunni,1437,deathknight,unholy,108,50,58
Tilixdk,draenor,1437,deathknight,unholy,48,22,26
Сивкабурка,fordragon,1437,deathknight,unholy,54,24,30
Касуляпвнз,gordunni,1436,deathknight,unholy,60,29,31
Demonicaltar,dalaran,1436,deathknight,unholy,42,16,26
Demonium,twisting-nether,1436,deathknight,unholy,57,21,36
Assgripper,hyjal,1435,deathknight,unholy,54,33,21
Freakabiceps,draenor,1435,deathknight,unholy,78,35,43
Mîîkkaa,blackhand,1435,deathknight,unholy,42,15,27
Mennal,the-maelstrom,1434,deathknight,unholy,49,29,20
Дедхо,soulflayer,1434,deathknight,unholy,62,28,34
Таможникс,soulflayer,1433,deathknight,unholy,65,36,29
Ridire,saurfang,1433,deathknight,unholy,69,38,31
Gegham,ravencrest,1433,deathknight,unholy,58,30,28
Chrispbacøn,ragnaros,1433,deathknight,unholy,40,19,21
Canesexxo,pozzo-delleternità,1432,deathknight,unholy,60,31,29
Katatönias,archimonde,1432,deathknight,unholy,76,34,42
Deusmort,ravencrest,1432,deathknight,unholy,135,60,75
Бреч,gordunni,1432,deathknight,unholy,63,26,37
Darknemesis,nemesis,1432,deathknight,unholy,44,18,26
Unglück,die-aldor,1430,deathknight,unholy,76,38,38
Numnuts,alakir,1430,deathknight,unholy,42,21,21
Форнителли,howling-fjord,1430,deathknight,unholy,120,54,66
Bigblackgrip,hyjal,1430,deathknight,unholy,36,15,21
Вурдулакх,gordunni,1429,deathknight,unholy,182,87,95
Фалькра,soulflayer,1427,deathknight,unholy,30,15,15
Дядьдим,soulflayer,1427,deathknight,unholy,69,34,35
Empiu,blackhand,1425,deathknight,unholy,66,39,27
Grubbins,kul-tiras,1425,deathknight,unholy,75,39,36
Шейзо,soulflayer,1424,deathknight,unholy,39,22,17
Draforce,quelthalas,1424,deathknight,unholy,75,42,33
Exoduss,dunemaul,1424,deathknight,unholy,109,53,56
Ganessha,sanguino,1423,deathknight,unholy,97,49,48
Späwn,ysondre,1422,deathknight,unholy,64,24,40
Elmyo,argent-dawn,1421,deathknight,unholy,42,18,24
Discochoppa,blackmoore,1421,deathknight,unholy,36,15,21
Gorruk,malorne,1420,deathknight,unholy,152,75,77
Wlcrealworld,ravencrest,1419,deathknight,unholy,56,30,26
Ohsevèn,ravencrest,1419,deathknight,unholy,71,38,33
Logoz,dun-modr,1418,deathknight,unholy,36,18,18
Pavkata,outland,1417,deathknight,unholy,248,122,126
Lastprophet,drakthul,1417,deathknight,unholy,70,25,45
Аирфрост,howling-fjord,1416,deathknight,unholy,54,25,29
Arxelas,stormscale,1416,deathknight,unholy,72,30,42
Wolfyy,antonidas,1415,deathknight,unholy,78,36,42
Estoico,ragnaros,1414,deathknight,unholy,89,44,45
Сенкрул,gordunni,1412,deathknight,unholy,78,50,28
Bàdtank,hyjal,1411,deathknight,unholy,103,57,46
Dkbladet,ravencrest,1411,deathknight,unholy,132,68,64
Juicyjayho,stormscale,1411,deathknight,unholy,60,27,33
Unholycard,argent-dawn,1410,deathknight,unholy,96,50,46
Terren,ravencrest,1409,deathknight,unholy,52,29,23
Ðeadghøul,silvermoon,1409,deathknight,unholy,42,20,22
Anaralien,ravencrest,1409,deathknight,unholy,158,73,85
Xênôrr,archimonde,1407,deathknight,unholy,78,40,38
Ithis,zuljin,1407,deathknight,unholy,251,122,129
Blorin,sylvanas,1406,deathknight,unholy,103,48,55
Sorcc,burning-legion,1405,deathknight,unholy,144,70,74
Nauser,kazzak,1405,deathknight,unholy,95,45,50
Axram,ravencrest,1405,deathknight,unholy,96,45,51
Flinsen,blackmoore,1403,deathknight,unholy,260,141,119
Grezak,defias-brotherhood,1403,deathknight,unholy,43,20,23
Shewoman,stormreaver,1400,deathknight,unholy,42,17,25
Zracul,nordrassil,1399,deathknight,unholy,141,74,67
Fosswire,stormscale,1399,deathknight,unholy,36,18,18
Dunkàn,silvermoon,1398,deathknight,unholy,88,55,33
Calhoun,teldrassil,1398,deathknight,unholy,35,15,20
Kekebas,twisting-nether,1394,deathknight,unholy,96,54,42
Manovar,archimonde,1394,deathknight,unholy,329,158,171
Gaurk,aggra-português,1393,deathknight,unholy,94,51,43
Thecurator,ragnaros,1393,deathknight,unholy,105,47,58
Bonethugg,burning-legion,1393,deathknight,unholy,48,21,27
Galayn,burning-legion,1393,deathknight,unholy,86,37,49
Анфалагон,gordunni,1392,deathknight,unholy,114,56,58
Kebabpizza,argent-dawn,1392,deathknight,unholy,103,49,54
Шмуркич,gordunni,1391,deathknight,unholy,77,35,42
Civilredevil,ravencrest,1391,deathknight,unholy,42,18,24
Lilyxtulle,tarren-mill,1390,deathknight,unholy,298,153,145
Dzwiadke,burning-legion,1390,deathknight,unholy,154,72,82
Варделон,gordunni,1388,deathknight,unholy,54,32,22
Mìa,kragjin,1387,deathknight,unholy,97,44,53
Десхоб,soulflayer,1385,deathknight,unholy,175,71,104
Yeamaon,ravencrest,1385,deathknight,unholy,42,15,27
Beherith,sunstrider,1383,deathknight,unholy,47,31,16
Akelæ,draenor,1383,deathknight,unholy,130,68,62
Mcrune,ravencrest,1383,deathknight,unholy,72,33,39
Epoch,azjolnerub,1383,deathknight,unholy,115,52,63
Darkeron,dun-modr,1382,deathknight,unholy,36,21,15
Nellath,kazzak,1382,deathknight,unholy,125,53,72
Darkhallow,thrall,1379,deathknight,unholy,189,102,87
Gengàr,tarren-mill,1379,deathknight,unholy,30,15,15
Reezeer,stormscale,1379,deathknight,unholy,41,18,23
Xado,frostwolf,1376,deathknight,unholy,138,72,66
Ullefuz,silvermoon,1375,deathknight,unholy,77,39,38
Fizzdk,pozzo-delleternità,1375,deathknight,unholy,60,28,32
Puppétmastér,kazzak,1374,deathknight,unholy,96,47,49
Flawstmourne,kazzak,1374,deathknight,unholy,35,15,20
Sevatar,zuljin,1372,deathknight,unholy,24,16,8
Энвилион,howling-fjord,1371,deathknight,unholy,174,83,91
Twardobaba,burning-legion,1370,deathknight,unholy,42,22,20
Roaredrick,draenor,1370,deathknight,unholy,109,52,57
Venexia,kazzak,1369,deathknight,unholy,64,31,33
Vrez,argent-dawn,1369,deathknight,unholy,42,16,26
Tyvra,blackhand,1369,deathknight,unholy,47,17,30
Alroc,blackrock,1369,deathknight,unholy,42,15,27
Wintersir,tarren-mill,1366,deathknight,unholy,53,28,25
Huekun,draenor,1366,deathknight,unholy,86,39,47
Maradk,drakthul,1365,deathknight,unholy,293,143,150
Tobtób,antonidas,1365,deathknight,unholy,60,22,38
Микелон,gordunni,1363,deathknight,unholy,28,17,11
Persefal,nemesis,1363,deathknight,unholy,85,39,46
Bloodkatana,drakthul,1359,deathknight,unholy,78,33,45
Mellowqt,aegwynn,1358,deathknight,unholy,121,67,54
Мурмадонище,soulflayer,1356,deathknight,unholy,50,29,21
Dorkmoal,blackmoore,1355,deathknight,unholy,114,55,59
Zarad,scarshield-legion,1354,deathknight,unholy,76,37,39
Bitdead,doomhammer,1349,deathknight,unholy,60,35,25
Ârtjom,aegwynn,1349,deathknight,unholy,82,38,44
Sveinnhran,kazzak,1346,deathknight,unholy,279,137,142
Mamanica,sanguino,1344,deathknight,unholy,48,23,25
Jalapeñofan,tarren-mill,1344,deathknight,unholy,81,38,43
Vezthel,stormscale,1344,deathknight,unholy,97,38,59
Westdx,hyjal,1343,deathknight,unholy,66,32,34
Julezer,malganis,1342,deathknight,unholy,30,14,16
Хейткрю,howling-fjord,1342,deathknight,unholy,48,21,27
Кромгондк,soulflayer,1342,deathknight,unholy,42,14,28
Iluzis,kazzak,1341,deathknight,unholy,42,19,23
Джайвана,soulflayer,1340,deathknight,unholy,360,183,177
Defeated,thrall,1338,deathknight,unholy,273,134,139
Lividity,blackhand,1337,deathknight,unholy,48,28,20
Prænklý,blackrock,1336,deathknight,unholy,90,44,46
Eddrich,aegwynn,1336,deathknight,unholy,72,34,38
Züg,draenor,1336,deathknight,unholy,120,56,64
Блодскал,howling-fjord,1334,deathknight,unholy,111,52,59
Boreghar,drakthul,1333,deathknight,unholy,30,14,16
Raust,xavius,1333,deathknight,unholy,144,62,82
Aesthaetik,draenor,1332,deathknight,unholy,28,16,12
Arthrex,twisting-nether,1332,deathknight,unholy,54,29,25
Bloodbane,burning-blade,1332,deathknight,unholy,96,43,53
Хенстор,gordunni,1332,deathknight,unholy,101,44,57
Mawdrym,twisting-nether,1332,deathknight,unholy,35,15,20
Inmau,sanguino,1332,deathknight,unholy,39,15,24
Alamo,doomhammer,1331,deathknight,unholy,24,14,10
Scotty,ravencrest,1330,deathknight,unholy,30,14,16
Jöndas,drakthul,1329,deathknight,unholy,54,28,26
Sictir,stormscale,1329,deathknight,unholy,318,156,162
Sonofalích,aerie-peak,1328,deathknight,unholy,73,37,36
Планус,booty-bay,1327,deathknight,unholy,39,24,15
Saerus,kazzak,1327,deathknight,unholy,176,88,88
Rimewraith,argent-dawn,1327,deathknight,unholy,66,32,34
Deathuss,silvermoon,1327,deathknight,unholy,61,26,35
Mayaya,malganis,1326,deathknight,unholy,34,18,16
Nekote,silvermoon,1325,deathknight,unholy,51,24,27
Deathj,ravencrest,1321,deathknight,unholy,24,15,9
Потный,soulflayer,1321,deathknight,unholy,45,18,27
Teflonphobos,stormreaver,1320,deathknight,unholy,18,14,4
Msvine,kazzak,1320,deathknight,unholy,136,72,64
Bloodykushin,burning-legion,1320,deathknight,unholy,42,22,20
Booneuh,kazzak,1319,deathknight,unholy,60,29,31
Drayvinn,twisting-nether,1319,deathknight,unholy,60,25,35
Ziuziu,twisting-nether,1318,deathknight,unholy,54,15,39
Deathlïght,nemesis,1317,deathknight,unholy,119,59,60
Jujudk,tarren-mill,1317,deathknight,unholy,207,100,107
Detrah,argent-dawn,1315,deathknight,unholy,52,27,25
Veyrøn,kazzak,1314,deathknight,unholy,96,49,47
Fineral,argent-dawn,1314,deathknight,unholy,68,33,35
Metalist,ravencrest,1313,deathknight,unholy,131,62,69
Близзбай,soulflayer,1313,deathknight,unholy,36,14,22
Анкара,ashenvale,1311,deathknight,unholy,101,46,55
Schopenhauer,turalyon,1310,deathknight,unholy,51,26,25
Riannoc,argent-dawn,1308,deathknight,unholy,30,17,13
Ecoya,blackrock,1305,deathknight,unholy,83,37,46
Triqué,antonidas,1302,deathknight,unholy,48,22,26
Алкеокол,soulflayer,1301,deathknight,unholy,33,15,18
Ahlat,blackmoore,1300,deathknight,unholy,113,65,48
Syncros,blackrock,1300,deathknight,unholy,42,19,23
Mojodango,outland,1299,deathknight,unholy,26,15,11
Deathpaladin,blackmoore,1298,deathknight,unholy,36,15,21
Крикед,soulflayer,1297,deathknight,unholy,102,55,47
Negzul,blackmoore,1297,deathknight,unholy,103,50,53
Дэбон,howling-fjord,1297,deathknight,unholy,156,74,82
Plagueherald,ravencrest,1296,deathknight,unholy,30,14,16
Izanagii,exodar,1296,deathknight,unholy,36,16,20
Астартэс,deathguard,1295,deathknight,unholy,71,35,36
Зибак,soulflayer,1295,deathknight,unholy,75,35,40
Táli,tarren-mill,1294,deathknight,unholy,33,14,19
Zeolingk,tarren-mill,1294,deathknight,unholy,86,34,52
Mêlian,blackmoore,1294,deathknight,unholy,36,14,22
Skøurge,silvermoon,1292,deathknight,unholy,242,118,124
Zegaan,kazzak,1291,deathknight,unholy,132,61,71
Альмон,howling-fjord,1290,deathknight,unholy,42,19,23
Ничер,thermaplugg,1289,deathknight,unholy,24,14,10
Pjthedk,lightbringer,1289,deathknight,unholy,95,47,48
Томиганн,grom,1289,deathknight,unholy,131,63,68
Kazildark,ravencrest,1288,deathknight,unholy,42,21,21
Jihm,silvermoon,1286,deathknight,unholy,147,75,72
Fixmybones,frostmane,1286,deathknight,unholy,78,30,48
Diseasecow,tarren-mill,1282,deathknight,unholy,36,15,21
Plagueknight,ravencrest,1282,deathknight,unholy,66,26,40
Constantyn,blackrock,1280,deathknight,unholy,42,19,23
Endlesspain,burning-legion,1280,deathknight,unholy,58,24,34
Funnboon,alleria,1279,deathknight,unholy,30,18,12
Diatriss,argent-dawn,1279,deathknight,unholy,75,36,39
Брюшина,gordunni,1279,deathknight,unholy,90,36,54
Laobeef,twisting-nether,1278,deathknight,unholy,53,23,30
Elíta,draenor,1278,deathknight,unholy,42,18,24
Feekus,deathwing,1273,deathknight,unholy,54,32,22
Azrìal,agamaggan,1272,deathknight,unholy,66,30,36
Reportmeplz,ragnaros,1270,deathknight,unholy,48,22,26
Necrozy,aggra-português,1269,deathknight,unholy,84,43,41
Katakurî,blackmoore,1269,deathknight,unholy,74,29,45
Mediul,magtheridon,1268,deathknight,unholy,78,35,43
Dunklerlord,malfurion,1267,deathknight,unholy,48,20,28
Undtot,azshara,1264,deathknight,unholy,36,16,20
Ммиднайтт,blackscar,1264,deathknight,unholy,36,15,21
Rammsteïn,ravencrest,1264,deathknight,unholy,68,28,40
Кмамехочу,howling-fjord,1262,deathknight,unholy,36,22,14
Tyranus,quelthalas,1262,deathknight,unholy,210,97,113
Drenodur,amanthul,1261,deathknight,unholy,24,14,10
Superere,hyjal,1261,deathknight,unholy,36,17,19
Nødæd,sanguino,1260,deathknight,unholy,29,15,14
Sound,shadowsong,1260,deathknight,unholy,124,59,65
Tenofas,nemesis,1258,deathknight,unholy,33,16,17
Falballâ,ysondre,1257,deathknight,unholy,30,15,15
Бенечках,gordunni,1257,deathknight,unholy,40,16,24
Kratagon,thrall,1257,deathknight,unholy,90,34,56
Morvain,silvermoon,1256,deathknight,unholy,149,72,77
Tesasd,silvermoon,1255,deathknight,unholy,58,26,32
Orcborg,zuljin,1254,deathknight,unholy,37,18,19
Goochtickler,kazzak,1247,deathknight,unholy,24,13,11
Kaletorn,ragnaros,1247,deathknight,unholy,106,53,53
Chocopeanut,ravencrest,1246,deathknight,unholy,25,15,10
Grubyr,burning-legion,1246,deathknight,unholy,54,24,30
Дуонза,blackscar,1244,deathknight,unholy,36,20,16
Halohuntress,outland,1243,deathknight,unholy,60,28,32
Schweezlord,tarren-mill,1241,deathknight,unholy,24,13,11
Патриаррх,gordunni,1240,deathknight,unholy,47,25,22
Zúrg,stormscale,1240,deathknight,unholy,30,14,16
Fenixflexin,ravencrest,1239,deathknight,unholy,42,13,29
Kéréos,hyjal,1238,deathknight,unholy,24,13,11
Fishtruction,tarren-mill,1238,deathknight,unholy,378,191,187
Kalantii,draenor,1237,deathknight,unholy,53,24,29
Noizt,ravencrest,1237,deathknight,unholy,30,13,17
Khorag,lordaeron,1235,deathknight,unholy,30,13,17
Ogomegee,ravencrest,1231,deathknight,unholy,28,15,13
Scareanger,argent-dawn,1231,deathknight,unholy,69,34,35
Funds,kazzak,1230,deathknight,unholy,30,13,17
Аданаэль,howling-fjord,1228,deathknight,unholy,47,21,26
Evelys,kazzak,1228,deathknight,unholy,70,31,39
Крус,blackscar,1227,deathknight,unholy,89,39,50
Necrocancerr,twisting-nether,1220,deathknight,unholy,161,76,85
Nilodk,nemesis,1219,deathknight,unholy,445,222,223
Sigarå,twisting-nether,1219,deathknight,unholy,42,19,23
Vadamee,ravencrest,1218,deathknight,unholy,124,57,67
Роземайер,ashenvale,1218,deathknight,unholy,108,49,59
Bämbämpewpew,ravencrest,1218,deathknight,unholy,30,13,17
Razzvy,darkspear,1217,deathknight,unholy,123,55,68
Jixcore,draenor,1217,deathknight,unholy,48,16,32
Auru,tarren-mill,1216,deathknight,unholy,103,53,50
Sarkasm,malganis,1216,deathknight,unholy,102,48,54
Appdeath,azjolnerub,1214,deathknight,unholy,30,19,11
Kazagul,blackrock,1214,deathknight,unholy,45,22,23
Tanenoss,kazzak,1213,deathknight,unholy,54,21,33
Feugen,hyjal,1211,deathknight,unholy,24,13,11
Thedx,blades-edge,1208,deathknight,unholy,52,20,32
Деркхаус,soulflayer,1206,deathknight,unholy,30,18,12
Kazay,madmortem,1206,deathknight,unholy,30,15,15
Krinoe,dalaran,1204,deathknight,unholy,35,16,19
Gravetitan,shattrath,1203,deathknight,unholy,178,89,89
Жупело,gordunni,1201,deathknight,unholy,36,21,15
Lobotomia,burning-blade,1200,deathknight,unholy,91,43,48
Obstwald,blackrock,1198,deathknight,unholy,151,76,75
Zpartan,ragnaros,1197,deathknight,unholy,66,25,41
Kazagoth,draenor,1196,deathknight,unholy,30,16,14
Squeeze,drakthul,1196,deathknight,unholy,42,17,25
Zelbørk,medivh,1194,deathknight,unholy,54,26,28
Crostrike,kazzak,1193,deathknight,unholy,29,15,14
Fluffínator,kazzak,1190,deathknight,unholy,126,60,66
Dezzi,azuremyst,1189,deathknight,unholy,68,35,33
Tarfu,kazzak,1189,deathknight,unholy,108,54,54
Vegz,archimonde,1187,deathknight,unholy,37,20,17
Asakurai,grim-batol,1184,deathknight,unholy,54,30,24
Darkqüeen,sanguino,1180,deathknight,unholy,30,14,16
Øbito,sylvanas,1179,deathknight,unholy,36,14,22
Homoforsluts,silvermoon,1178,deathknight,unholy,24,15,9
Fentanil,elune,1170,deathknight,unholy,258,125,133
Некронн,grom,1169,deathknight,unholy,223,118,105
Ezreo,neptulon,1167,deathknight,unholy,31,14,17
Eltorro,ravencrest,1165,deathknight,unholy,42,14,28
Mupak,drakthul,1164,deathknight,unholy,29,17,12
Nestia,emerald-dream,1164,deathknight,unholy,103,50,53
Ennigmá,stormscale,1162,deathknight,unholy,36,21,15
Gùra,sanguino,1160,deathknight,unholy,42,14,28
Дэдушка,gordunni,1159,deathknight,unholy,23,13,10
Gothenburger,darksorrow,1155,deathknight,unholy,54,25,29
Fyrkadk,aegwynn,1151,deathknight,unholy,24,12,12
Dariusgrip,kazzak,1150,deathknight,unholy,30,12,18
Dklol,dun-morogh,1150,deathknight,unholy,36,14,22
Numnutz,alakir,1149,deathknight,unholy,25,13,12
Usbdock,stormscale,1149,deathknight,unholy,24,12,12
Клиссанг,razuvious,1146,deathknight,unholy,42,12,30
Larvalîs,blackmoore,1145,deathknight,unholy,78,43,35
Euphorius,azuremyst,1142,deathknight,unholy,52,29,23
Mãshi,hyjal,1140,deathknight,unholy,59,26,33
Maagbloeding,sylvanas,1138,deathknight,unholy,60,27,33
Qmy,outland,1138,deathknight,unholy,70,29,41
Thanagor,auchindoun,1138,deathknight,unholy,30,12,18
Abnormus,tarren-mill,1137,deathknight,unholy,114,52,62
Skeggjold,drakthul,1135,deathknight,unholy,30,14,16
Coldkase,ghostlands,1134,deathknight,unholy,18,12,6
Kailara,draenor,1133,deathknight,unholy,29,12,17
Niex,destromath,1133,deathknight,unholy,30,12,18
Jowân,blackmoore,1131,deathknight,unholy,24,13,11
Dêku,aegwynn,1130,deathknight,unholy,79,44,35
Beinlausi,dalaran,1130,deathknight,unholy,55,30,25
Волграл,howling-fjord,1130,deathknight,unholy,34,18,16
Артушадк,soulflayer,1127,deathknight,unholy,78,41,37
Bexly,defias-brotherhood,1123,deathknight,unholy,73,36,37
Hqxdd,twisting-nether,1123,deathknight,unholy,174,85,89
Spometteqt,archimonde,1119,deathknight,unholy,23,12,11
Roykoopa,hyjal,1116,deathknight,unholy,66,30,36
Híruzen,blackrock,1115,deathknight,unholy,30,15,15
Zaouros,silvermoon,1103,deathknight,unholy,30,13,17
Saromón,ravencrest,1101,deathknight,unholy,30,18,12
Sénta,tarren-mill,1101,deathknight,unholy,47,18,29
Шэйп,fordragon,1100,deathknight,unholy,36,12,24
Cremefresh,ragnaros,1098,deathknight,unholy,27,12,15
Cykeljävel,stormreaver,1097,deathknight,unholy,35,12,23
Moartèa,blackhand,1095,deathknight,unholy,29,12,17
Frostmommy,argent-dawn,1092,deathknight,unholy,89,37,52
Karalun,nagrand,1087,deathknight,unholy,96,49,47
Younix,silvermoon,1086,deathknight,unholy,90,32,58
Narrua,die-aldor,1082,deathknight,unholy,47,17,30
Orochimaruo,stormscale,1080,deathknight,unholy,36,15,21
Фиджибро,soulflayer,1079,deathknight,unholy,50,21,29
Deadpòól,twisting-nether,1079,deathknight,unholy,45,13,32
Рэкставр,soulflayer,1073,deathknight,unholy,88,47,41
Highmelli,ambossar,1071,deathknight,unholy,84,30,54
Breakstuff,twisting-nether,1069,deathknight,unholy,37,13,24
Dmaarr,drakthul,1066,deathknight,unholy,26,12,14
Kaldhan,nemesis,1065,deathknight,unholy,41,20,21
Heyabigail,wildhammer,1064,deathknight,unholy,125,53,72
Grisig,twisting-nether,1063,deathknight,unholy,82,44,38
Badbrian,draenor,1061,deathknight,unholy,22,13,9
Critycal,draenor,1056,deathknight,unholy,18,11,7
Elendren,blackrock,1056,deathknight,unholy,24,11,13
Goshakutsen,ravencrest,1055,deathknight,unholy,18,11,7
Elcapìtan,silvermoon,1055,deathknight,unholy,18,11,7
Тидог,ashenvale,1055,deathknight,unholy,24,11,13
Yötãrîn,dalaran,1054,deathknight,unholy,18,11,7
Karvaturare,ravencrest,1054,deathknight,unholy,98,33,65
Ураан,gordunni,1053,deathknight,unholy,22,12,10
Synchronic,stormscale,1053,deathknight,unholy,24,11,13
Feelmyfuri,mazrigos,1053,deathknight,unholy,24,11,13
Dalenn,kazzak,1053,deathknight,unholy,33,12,21
Regniér,frostwolf,1050,deathknight,unholy,18,11,7
Adlatus,malganis,1049,deathknight,unholy,42,25,17
Pamplemouse,burning-blade,1049,deathknight,unholy,109,52,57
Mefhesto,tarren-mill,1049,deathknight,unholy,30,11,19
Olm,guldan,1048,deathknight,unholy,72,35,37
Нуурргл,howling-fjord,1046,deathknight,unholy,48,19,29
Auggee,ravencrest,1045,deathknight,unholy,24,11,13
Shakour,argent-dawn,1044,deathknight,unholy,18,11,7
Zyknight,silvermoon,1044,deathknight,unholy,30,11,19
Ilovegouàng,khaz-modan,1041,deathknight,unholy,36,15,21
Gigazord,ysondre,1039,deathknight,unholy,29,13,16
Eibon,drakthul,1037,deathknight,unholy,18,11,7
Порнпанда,gordunni,1037,deathknight,unholy,24,11,13
Zathron,blackmoore,1037,deathknight,unholy,90,41,49
Valeriania,burning-legion,1035,deathknight,unholy,46,25,21
Skalbjörn,arathor,1034,deathknight,unholy,30,11,19
Gowther,blackmoore,1028,deathknight,unholy,174,89,85
Мокраявода,soulflayer,1026,deathknight,unholy,94,49,45
Ослаад,gordunni,1025,deathknight,unholy,24,13,11
Anùbïs,kaelthas,1024,deathknight,unholy,36,12,24
Taylorswiift,tarren-mill,1023,deathknight,unholy,17,11,6
Nenadvs,ravencrest,1022,deathknight,unholy,23,11,12
Akuji,dragonmaw,1022,deathknight,unholy,36,14,22
Kahp,tarren-mill,1019,deathknight,unholy,49,23,26
Icyplague,ravencrest,1018,deathknight,unholy,20,12,8
Малп,gordunni,1018,deathknight,unholy,42,24,18
Assasínator,tarren-mill,1017,deathknight,unholy,205,105,100
Luciferyan,twisting-nether,1017,deathknight,unholy,36,15,21
Трибублика,howling-fjord,1016,deathknight,unholy,30,11,19
Scorbion,kilrogg,1015,deathknight,unholy,24,11,13
Gothral,doomhammer,1012,deathknight,unholy,34,17,17
Jimundo,ravencrest,1005,deathknight,unholy,32,15,17
Kachie,stormscale,1004,deathknight,unholy,23,11,12
Takåtry,archimonde,1004,deathknight,unholy,30,14,16
Nefertitï,kazzak,1001,deathknight,unholy,66,13,53
Tyrannus,earthen-ring,1000,deathknight,unholy,23,13,10
Braastad,sylvanas,989,deathknight,unholy,66,35,31
Bølvar,zuljin,988,deathknight,unholy,20,11,9
Zdan,sylvanas,988,deathknight,unholy,79,34,45
Myeltior,kazzak,983,deathknight,unholy,28,11,17
Jodure,silvermoon,982,deathknight,unholy,33,13,20
Gathalion,the-maelstrom,980,deathknight,unholy,48,28,20
Хуаролуксс,gordunni,978,deathknight,unholy,117,47,70
Kisenth,doomhammer,974,deathknight,unholy,60,33,27
Mailasse,dalaran,974,deathknight,unholy,22,12,10
Jarhèad,grim-batol,972,deathknight,unholy,40,16,24
Kixx,bloodfeather,971,deathknight,unholy,94,38,56
Draigó,thrall,966,deathknight,unholy,30,12,18
Flytomoon,argent-dawn,962,deathknight,unholy,96,43,53
Excaliuz,silvermoon,960,deathknight,unholy,12,10,2
Wórzzag,arygos,960,deathknight,unholy,18,10,8
Kaliro,sylvanas,960,deathknight,unholy,18,10,8
Cervâ,twisting-nether,960,deathknight,unholy,24,10,14
Julezi,blackmoore,960,deathknight,unholy,30,10,20
Barnëylord,argent-dawn,959,deathknight,unholy,18,10,8
Ebonsword,kazzak,959,deathknight,unholy,18,10,8
Akronux,grim-batol,959,deathknight,unholy,36,18,18
Ravencraft,azjolnerub,959,deathknight,unholy,24,10,14
Silvergreed,kazzak,959,deathknight,unholy,24,10,14
Rimda,twisting-nether,958,deathknight,unholy,18,10,8
Виндрукс,soulflayer,958,deathknight,unholy,24,10,14
Xisaark,blackrock,958,deathknight,unholy,30,10,20
Cyphîllyth,auchindoun,957,deathknight,unholy,18,10,8
Тоши,fordragon,957,deathknight,unholy,30,10,20
Smightydk,kazzak,956,deathknight,unholy,18,10,8
Kàrásu,eredar,956,deathknight,unholy,30,10,20
Keenda,kirin-tor,954,deathknight,unholy,25,12,13
Корольбич,soulflayer,954,deathknight,unholy,24,10,14
Nickolass,skullcrusher,953,deathknight,unholy,48,22,26
Valanaari,argent-dawn,953,deathknight,unholy,30,10,20
Sarunâs,antonidas,953,deathknight,unholy,36,10,26
Trigárdon,antonidas,949,deathknight,unholy,70,35,35
Охъламон,soulflayer,949,deathknight,unholy,249,118,131
Khoragän,hyjal,948,deathknight,unholy,18,10,8
Ashlëy,kaelthas,948,deathknight,unholy,179,84,95
Neden,blackmoore,946,deathknight,unholy,89,45,44
Fpsrvg,minahonda,946,deathknight,unholy,83,37,46
Ahin,antonidas,940,deathknight,unholy,70,34,36
Aguroh,khaz-modan,937,deathknight,unholy,36,16,20
Etlam,antonidas,936,deathknight,unholy,35,14,21
Unzul,twisting-nether,935,deathknight,unholy,30,16,14
Mangemicro,archimonde,931,deathknight,unholy,22,11,11
Sarconis,quelthalas,927,deathknight,unholy,17,10,7
Jess,blackhand,923,deathknight,unholy,77,39,38
Fidaii,sylvanas,923,deathknight,unholy,36,16,20
Hailandher,nemesis,919,deathknight,unholy,36,20,16
Rognvald,les-sentinelles,910,deathknight,unholy,71,35,36
Darkarnø,chants-éternels,904,deathknight,unholy,127,59,68
Квашонка,howling-fjord,898,deathknight,unholy,118,43,75
Erector,norgannon,895,deathknight,unholy,36,19,17
Rayliegh,silvermoon,891,deathknight,unholy,17,10,7
Kolman,drakthul,890,deathknight,unholy,18,11,7
Лордэнергон,gordunni,888,deathknight,unholy,16,10,6
Джагат,gordunni,886,deathknight,unholy,36,16,20
Restodrowd,tarren-mill,875,deathknight,unholy,93,44,49
Fabricios,blackrock,864,deathknight,unholy,12,9,3
Punctilio,argent-dawn,864,deathknight,unholy,12,9,3
Gáïà,blackmoore,864,deathknight,unholy,12,9,3
Fringles,twisting-nether,864,deathknight,unholy,18,9,9
Диджейфрау,deathguard,864,deathknight,unholy,18,9,9
Diabeticus,the-maelstrom,864,deathknight,unholy,18,9,9
Dromor,echsenkessel,863,deathknight,unholy,12,9,3
Mateusz,lightbringer,863,deathknight,unholy,12,9,3
Kyusuke,blackhand,863,deathknight,unholy,18,9,9
Toshiroo,draenor,863,deathknight,unholy,18,9,9
Styxdk,blackhand,863,deathknight,unholy,18,9,9
Xenomorphs,kazzak,863,deathknight,unholy,18,9,9
Gosuhat,kazzak,863,deathknight,unholy,18,9,9
Oxxöw,draenor,863,deathknight,unholy,24,9,15
Valkion,nemesis,863,deathknight,unholy,24,9,15
Dimania,the-maelstrom,863,deathknight,unholy,30,9,21
Vinczergripz,silvermoon,862,deathknight,unholy,12,9,3
Luzifear,bloodscalp,862,deathknight,unholy,30,9,21
Kaeyz,blackmoore,861,deathknight,unholy,30,9,21
Dreamgirl,sylvanas,860,deathknight,unholy,30,14,16
Тзинч,soulflayer,859,deathknight,unholy,18,9,9
Dzahnecro,archimonde,858,deathknight,unholy,18,9,9
Данарион,howling-fjord,858,deathknight,unholy,24,9,15
Pierun,dunemaul,857,deathknight,unholy,18,9,9
Zathy,twisting-nether,857,deathknight,unholy,18,9,9
Riseofpovver,twisting-nether,856,deathknight,unholy,18,9,9
Sulf,burning-legion,856,deathknight,unholy,24,9,15
Arâsk,blackmoore,856,deathknight,unholy,24,9,15
Бланки,deathweaver,855,deathknight,unholy,24,9,15
Adria,jaedenar,852,deathknight,unholy,18,9,9
Marcianorock,dalaran,850,deathknight,unholy,18,9,9
Hukana,confrérie-du-thorium,850,deathknight,unholy,36,10,26
Sidious,auchindoun,848,deathknight,unholy,59,20,39
Hacknorris,aegwynn,845,deathknight,unholy,18,9,9
Deathcleave,burning-legion,845,deathknight,unholy,23,9,14
Zoomieh,bloodfeather,844,deathknight,unholy,18,9,9
Dànté,eitrigg,844,deathknight,unholy,46,22,24
Lastdragon,dun-modr,840,deathknight,unholy,42,16,26
Жекабыкует,borean-tundra,836,deathknight,unholy,38,14,24
Cryistyx,draenor,828,deathknight,unholy,14,10,4
Oldu,haomarush,823,deathknight,unholy,105,49,56
Zot,twisting-nether,814,deathknight,unholy,18,10,8
Arrakìs,nemesis,811,deathknight,unholy,21,10,11
Alielib,eredar,804,deathknight,unholy,82,29,53
Shackles,ravencrest,803,deathknight,unholy,17,9,8
Flúrrý,ravencrest,799,deathknight,unholy,17,9,8
Angalor,argent-dawn,798,deathknight,unholy,17,9,8
Thyrandre,khaz-modan,793,deathknight,unholy,106,41,65
Aldramil,gorgonnash,786,deathknight,unholy,30,12,18
Preddktwo,twisting-nether,768,deathknight,unholy,12,8,4
Dìscus,nemesis,768,deathknight,unholy,12,8,4
Силдэус,galakrond,768,deathknight,unholy,12,8,4
Fatøumatata,archimonde,768,deathknight,unholy,18,8,10
Amesz,tarren-mill,768,deathknight,unholy,18,8,10
Wpízdu,aegwynn,768,deathknight,unholy,18,8,10
Спамлюоковы,gordunni,768,deathknight,unholy,18,8,10
Zatrina,blackrock,768,deathknight,unholy,24,8,16
Dreshtarg,draenor,768,deathknight,unholy,24,8,16
Bubbledeath,tarren-mill,768,deathknight,unholy,24,8,16
Quazy,draenor,768,deathknight,unholy,30,8,22
Blueironjr,kazzak,767,deathknight,unholy,12,8,4
Menstruelle,chants-éternels,767,deathknight,unholy,12,8,4
Mcbc,silvermoon,767,deathknight,unholy,12,8,4
Soulrender,kirin-tor,767,deathknight,unholy,12,8,4
Mauor,argent-dawn,767,deathknight,unholy,18,8,10
Deathkanta,antonidas,767,deathknight,unholy,18,8,10
Apocalypse,ravencrest,767,deathknight,unholy,18,8,10
Tenzøjr,archimonde,767,deathknight,unholy,18,8,10
Chains,sanguino,767,deathknight,unholy,18,8,10
Blácklíght,silvermoon,767,deathknight,unholy,18,8,10
Painrune,nordrassil,767,deathknight,unholy,18,8,10
Cyliandra,silvermoon,767,deathknight,unholy,27,9,18
Pestilerous,draenor,767,deathknight,unholy,24,8,16
Payat,aegwynn,766,deathknight,unholy,12,8,4
Brogard,tarren-mill,766,deathknight,unholy,12,8,4
Bloodflayer,argent-dawn,766,deathknight,unholy,16,9,7
Nevmyrayka,silvermoon,766,deathknight,unholy,16,9,7
Омадесала,thermaplugg,766,deathknight,unholy,18,8,10
Zombienatíon,silvermoon,766,deathknight,unholy,24,8,16
Shiryú,ravencrest,765,deathknight,unholy,30,8,22
Xiddy,quelthalas,764,deathknight,unholy,12,8,4
Zanretxd,outland,764,deathknight,unholy,20,8,12
Mjölnir,sanguino,764,deathknight,unholy,24,8,16
Vahllas,blackhand,764,deathknight,unholy,30,8,22
Vexinux,outland,763,deathknight,unholy,24,8,16
Latindvergur,sylvanas,762,deathknight,unholy,18,8,10
Iiwen,blackrock,762,deathknight,unholy,24,8,16
Unsuspected,kazzak,758,deathknight,unholy,24,8,16
Lulubadgirl,perenolde,754,deathknight,unholy,56,14,42
Milfgrabber,archimonde,751,deathknight,unholy,23,8,15
Bhishma,blades-edge,749,deathknight,unholy,12,8,4
Ricardiob,argent-dawn,748,deathknight,unholy,16,9,7
Morssal,outland,748,deathknight,unholy,17,8,9
Kavour,tarren-mill,735,deathknight,unholy,14,9,5
Stepknìght,draenor,734,deathknight,unholy,17,8,9
Hyperflexz,blackrock,714,deathknight,unholy,23,9,14
Eli,dalaran,709,deathknight,unholy,29,8,21
Kenwae,silvermoon,703,deathknight,unholy,22,8,14
Vorrén,tarren-mill,672,deathknight,unholy,12,7,5
Cervä,kazzak,672,deathknight,unholy,12,7,5
Moonpoxdk,nerathor,672,deathknight,unholy,12,7,5
Roundoné,kazzak,672,deathknight,unholy,12,7,5
Døddrukken,ragnaros,672,deathknight,unholy,12,7,5
Trashboat,outland,672,deathknight,unholy,12,7,5
Bericks,silvermoon,672,deathknight,unholy,12,7,5
Cortessá,rexxar,672,deathknight,unholy,12,7,5
Vaalur,dalaran,672,deathknight,unholy,12,7,5
Хухухуху,soulflayer,672,deathknight,unholy,12,7,5
Prêstij,stormscale,672,deathknight,unholy,12,7,5
Wttdmg,kazzak,672,deathknight,unholy,18,7,11
Hoar,blackrock,672,deathknight,unholy,18,7,11
Phrek,outland,672,deathknight,unholy,18,7,11
Dextroyersx,sanguino,672,deathknight,unholy,18,7,11
Никнейм,gordunni,672,deathknight,unholy,18,7,11
Deadduchess,argent-dawn,672,deathknight,unholy,18,7,11
Чумазная,howling-fjord,672,deathknight,unholy,18,7,11
Clérora,argent-dawn,672,deathknight,unholy,18,7,11
Soulchaos,ravencrest,672,deathknight,unholy,18,7,11
Moccababe,argent-dawn,672,deathknight,unholy,18,7,11
Alinee,shadowsong,672,deathknight,unholy,18,7,11
Gadres,aegwynn,672,deathknight,unholy,18,7,11
Skylerblack,kazzak,672,deathknight,unholy,18,7,11
Adlian,twisting-nether,672,deathknight,unholy,18,7,11
Unholykebab,defias-brotherhood,672,deathknight,unholy,18,7,11
Keet,turalyon,672,deathknight,unholy,21,8,13
Depleterus,blackrock,672,deathknight,unholy,24,7,17
Madseason,burning-legion,672,deathknight,unholy,30,7,23
Ardulin,burning-legion,671,deathknight,unholy,12,7,5
Lùrtzz,frostwolf,671,deathknight,unholy,12,7,5
Моргаррок,soulflayer,671,deathknight,unholy,12,7,5
Darkéi,outland,671,deathknight,unholy,12,7,5
Theamine,silvermoon,671,deathknight,unholy,12,7,5
Cmonbruvv,outland,671,deathknight,unholy,12,7,5
Падшийрыцарь,gordunni,671,deathknight,unholy,12,7,5
Rotbone,drakthul,671,deathknight,unholy,12,7,5
Дезентирия,soulflayer,671,deathknight,unholy,15,7,8
Creepzor,tarren-mill,671,deathknight,unholy,18,7,11
Badnew,tarren-mill,671,deathknight,unholy,18,7,11
Lìlïth,kazzak,671,deathknight,unholy,18,7,11
Беларам,gordunni,671,deathknight,unholy,18,7,11
Ráisy,outland,671,deathknight,unholy,24,7,17
Crudelias,aegwynn,670,deathknight,unholy,12,7,5
Думсдэйи,gordunni,670,deathknight,unholy,12,7,5
Uridk,sanguino,670,deathknight,unholy,12,7,5
Amencore,kazzak,670,deathknight,unholy,14,7,7
Kranker,thrall,670,deathknight,unholy,18,7,11
Darkboss,minahonda,670,deathknight,unholy,18,7,11
Deathclapp,twisting-nether,670,deathknight,unholy,18,7,11
Ertzuo,blackrock,670,deathknight,unholy,24,7,17
Furyáns,arathor,670,deathknight,unholy,30,7,23
Teldä,archimonde,669,deathknight,unholy,12,7,5
Smalldk,silvermoon,669,deathknight,unholy,12,7,5
Heresjohny,stormrage,666,deathknight,unholy,18,7,11
Арчибальд,soulflayer,665,deathknight,unholy,18,7,11
Naerys,ysondre,662,deathknight,unholy,18,7,11
Хемелия,azuregos,662,deathknight,unholy,30,7,23
Müldgren,ysondre,658,deathknight,unholy,24,7,17
Redzone,ravencrest,639,deathknight,unholy,23,7,16
Keltòr,antonidas,629,deathknight,unholy,23,7,16
Баривуль,howling-fjord,623,deathknight,unholy,11,7,4
Дкмонт,deathguard,623,deathknight,unholy,17,7,10
Schiva,eredar,603,deathknight,unholy,22,7,15
Vargass,darksorrow,598,deathknight,unholy,14,7,7
Arthursq,stormscale,591,deathknight,unholy,257,104,153
Nirna,argent-dawn,587,deathknight,unholy,45,7,38
Nerinth,burning-legion,576,deathknight,unholy,12,6,6
Kurían,burning-legion,576,deathknight,unholy,12,6,6
Tombkeeper,silvermoon,576,deathknight,unholy,12,6,6
Янатащи,gordunni,576,deathknight,unholy,12,6,6
Huxleeyys,draenor,576,deathknight,unholy,12,6,6
Nephalêm,thrall,576,deathknight,unholy,12,6,6
Nightsong,tarren-mill,576,deathknight,unholy,12,6,6
Sfintter,uldum,576,deathknight,unholy,12,6,6
Ketnissq,blackrock,576,deathknight,unholy,12,6,6
Uqrdk,twisting-nether,576,deathknight,unholy,12,6,6
Duriel,stormscale,576,deathknight,unholy,12,6,6
Gigadk,ragnaros,576,deathknight,unholy,12,6,6
Lemain,drakthul,576,deathknight,unholy,12,6,6
Babs,sylvanas,576,deathknight,unholy,12,6,6
Swordkill,drakthul,576,deathknight,unholy,12,6,6
Petergrippin,dragonblight,576,deathknight,unholy,12,6,6
Icep,archimonde,576,deathknight,unholy,12,6,6
Валерамопс,soulflayer,576,deathknight,unholy,15,7,8
Critgødx,draenor,576,deathknight,unholy,13,6,7
Kane,destromath,576,deathknight,unholy,13,6,7
Elisaron,silvermoon,576,deathknight,unholy,18,6,12
Iseetouch,draenor,576,deathknight,unholy,18,6,12
Sephirus,kazzak,576,deathknight,unholy,18,6,12
Morgianà,argent-dawn,576,deathknight,unholy,18,6,12
Exult,twisting-nether,576,deathknight,unholy,18,6,12
Pestikus,thrall,576,deathknight,unholy,18,6,12
Itokawa,tarren-mill,576,deathknight,unholy,18,6,12
Deathboost,archimonde,576,deathknight,unholy,18,6,12
Gruzzaghkull,azuremyst,576,deathknight,unholy,24,6,18
Tyranuse,kazzak,576,deathknight,unholy,24,6,18
Majkântês,drakthul,576,deathknight,unholy,24,6,18
Helixsdk,outland,576,deathknight,unholy,26,6,20
Archdemonio,wildhammer,575,deathknight,unholy,12,6,6
Kärringandré,silvermoon,575,deathknight,unholy,12,6,6
Zegò,silvermoon,575,deathknight,unholy,12,6,6
Deathmaiden,outland,575,deathknight,unholy,12,6,6
Oldiseas,grim-batol,575,deathknight,unholy,12,6,6
Havi,thunderhorn,575,deathknight,unholy,12,6,6
Ququ,twisting-nether,575,deathknight,unholy,12,6,6
Dekatos,twisting-nether,575,deathknight,unholy,12,6,6
Mosscraciun,kazzak,575,deathknight,unholy,12,6,6
Aliostar,sylvanas,575,deathknight,unholy,14,6,8
Nøult,sanguino,575,deathknight,unholy,18,6,12
Брейвз,gordunni,575,deathknight,unholy,18,6,12
Семиран,gordunni,575,deathknight,unholy,24,6,18
Namfuuh,blackrock,575,deathknight,unholy,24,6,18
Хлопайпопой,howling-fjord,575,deathknight,unholy,24,6,18
Thryndiel,ravencrest,574,deathknight,unholy,12,6,6
Nephenty,der-rat-von-dalaran,574,deathknight,unholy,12,6,6
Fortinateur,suramar,573,deathknight,unholy,12,6,6
Ideath,executus,572,deathknight,unholy,12,6,6
Deathanos,kazzak,572,deathknight,unholy,12,6,6
Cervanteso,uldum,571,deathknight,unholy,12,6,6
Daquy,blackhand,570,deathknight,unholy,12,6,6
Шарабум,howling-fjord,559,deathknight,unholy,23,7,16
Darkangelina,aggra-português,553,deathknight,unholy,18,6,12
Darklotus,chamber-of-aspects,543,deathknight,unholy,22,6,16
Darkarthâs,ravencrest,528,deathknight,unholy,9,7,2
Каурдак,soulflayer,528,deathknight,unholy,21,6,15
Даркслэш,howling-fjord,522,deathknight,unholy,23,8,15
Roids,twisting-nether,480,deathknight,unholy,6,5,1
Náthrakh,argent-dawn,480,deathknight,unholy,6,5,1
Darthlenin,dentarg,480,deathknight,unholy,6,5,1
Christldeath,blackrock,480,deathknight,unholy,12,5,7
Дэспэр,gordunni,480,deathknight,unholy,12,5,7
Frostich,ragnaros,480,deathknight,unholy,12,5,7
Rêxaks,dun-modr,480,deathknight,unholy,12,5,7
Gripshiftr,kazzak,480,deathknight,unholy,12,5,7
Cipisza,drakthul,480,deathknight,unholy,12,5,7
Unholybezerk,darkspear,480,deathknight,unholy,12,5,7
Gigacow,outland,480,deathknight,unholy,12,5,7
Hyomi,ravencrest,480,deathknight,unholy,12,5,7
Fenn,dentarg,480,deathknight,unholy,12,5,7
Torbille,archimonde,480,deathknight,unholy,12,5,7
Blurek,lordaeron,480,deathknight,unholy,12,5,7
Kaenor,sporeggar,480,deathknight,unholy,12,5,7
Urkanis,hyjal,480,deathknight,unholy,12,5,7
Galsi,silvermoon,480,deathknight,unholy,12,5,7
Kelebglin,silvermoon,480,deathknight,unholy,12,5,7
Salzalara,draenor,480,deathknight,unholy,12,5,7
Миракл,howling-fjord,480,deathknight,unholy,12,5,7
Stipemiocic,nemesis,480,deathknight,unholy,12,5,7
Healrstealr,antonidas,480,deathknight,unholy,12,5,7
Aest,blackhand,480,deathknight,unholy,12,5,7
Sipsip,tarren-mill,480,deathknight,unholy,12,5,7
Cbalife,ragnaros,480,deathknight,unholy,12,5,7
Zhugzug,ragnaros,480,deathknight,unholy,12,5,7
Dêeath,madmortem,480,deathknight,unholy,12,5,7
Dktyro,ravencrest,480,deathknight,unholy,12,5,7
Plaguecloud,kazzak,480,deathknight,unholy,18,5,13
Bytedk,aggra-português,480,deathknight,unholy,18,5,13
Luciferon,zenedar,480,deathknight,unholy,18,5,13
Xad,blackrock,480,deathknight,unholy,18,5,13
Necroslap,blackhand,480,deathknight,unholy,18,5,13
Frostbone,ravencrest,480,deathknight,unholy,18,5,13
Maxïmus,argent-dawn,480,deathknight,unholy,24,5,19
Rafuki,stormscale,479,deathknight,unholy,12,6,6
Еххел,soulflayer,479,deathknight,unholy,12,5,7
Мордаворот,gordunni,479,deathknight,unholy,12,5,7
Darioo,magtheridon,479,deathknight,unholy,12,5,7
Kratas,varimathras,479,deathknight,unholy,13,5,8
Kraken,aerie-peak,479,deathknight,unholy,18,5,13
Jonyo,silvermoon,479,deathknight,unholy,24,5,19
Droughun,drakthul,477,deathknight,unholy,21,6,15
Superpotatoh,silvermoon,463,deathknight,unholy,17,5,12
ßabas,hyjal,447,deathknight,unholy,11,5,6
Boyanmaga,stormscale,447,deathknight,unholy,16,5,11
Shadowgohst,dun-morogh,440,deathknight,unholy,14,6,8
Difestia,silvermoon,429,deathknight,unholy,11,5,6
Kirkster,terokkar,420,deathknight,unholy,21,6,15
Zaldraxus,stormscale,415,deathknight,unholy,16,5,11
Runeburst,draenor,399,deathknight,unholy,13,5,8
Deathfrqst,ysondre,384,deathknight,unholy,6,4,2
Redduck,silvermoon,384,deathknight,unholy,6,4,2
Радиосмерти,gordunni,384,deathknight,unholy,6,4,2
Teshel,silvermoon,384,deathknight,unholy,6,4,2
Субботин,soulflayer,384,deathknight,unholy,6,4,2
Runeblade,shattered-hand,384,deathknight,unholy,6,4,2
Ruppix,stormscale,384,deathknight,unholy,6,4,2
Тунелин,howling-fjord,384,deathknight,unholy,6,4,2
Velindara,argent-dawn,384,deathknight,unholy,6,4,2
Lichkunt,stormscale,384,deathknight,unholy,6,4,2
Dragamanca,shendralar,384,deathknight,unholy,6,4,2
Yerssinia,sylvanas,384,deathknight,unholy,6,4,2
Mängo,onyxia,384,deathknight,unholy,6,4,2
Copium,hyjal,384,deathknight,unholy,6,4,2
Viseria,wrathbringer,384,deathknight,unholy,6,4,2
Tigros,burning-legion,384,deathknight,unholy,6,4,2
Haximusprime,kazzak,384,deathknight,unholy,6,4,2
Buldog,laughing-skull,384,deathknight,unholy,6,4,2
Budgetarthas,arthas,384,deathknight,unholy,6,4,2
Neph,sanguino,384,deathknight,unholy,6,4,2
Kãzan,archimonde,384,deathknight,unholy,6,4,2
Джинтос,howling-fjord,384,deathknight,unholy,6,4,2
Zyôs,blackmoore,384,deathknight,unholy,6,4,2
Кобихохо,gordunni,384,deathknight,unholy,6,4,2
Glacenoir,hyjal,384,deathknight,unholy,6,4,2
Söckli,mugthol,384,deathknight,unholy,6,4,2
Yggrauthr,argent-dawn,384,deathknight,unholy,6,4,2
Kalhyst,archimonde,384,deathknight,unholy,6,4,2
Helmich,frostmane,384,deathknight,unholy,6,4,2
Cówboylayla,stormscale,384,deathknight,unholy,6,4,2
Vendes,outland,384,deathknight,unholy,6,4,2
Basedzog,silvermoon,384,deathknight,unholy,6,4,2
Shlongripper,silvermoon,384,deathknight,unholy,6,4,2
Trashdk,blackrock,384,deathknight,unholy,12,4,8
Mustapha,kazzak,384,deathknight,unholy,12,4,8
Nathriel,stormscale,384,deathknight,unholy,12,4,8
Fait,blackrock,384,deathknight,unholy,12,4,8
Bayur,antonidas,384,deathknight,unholy,12,4,8
Fatuglyrat,kazzak,384,deathknight,unholy,12,4,8
Rouskkoff,hyjal,384,deathknight,unholy,12,4,8
Sekkah,tarren-mill,384,deathknight,unholy,12,4,8
Intrigo,blackmoore,384,deathknight,unholy,12,4,8
Пикачухха,soulflayer,384,deathknight,unholy,12,4,8
Sovietonions,marécage-de-zangar,384,deathknight,unholy,12,4,8
Szayestra,draenor,384,deathknight,unholy,12,4,8
Thoir,ahnqiraj,384,deathknight,unholy,12,4,8
Razdig,dun-modr,384,deathknight,unholy,12,4,8
Derimathras,stormscale,384,deathknight,unholy,12,4,8
Skypowerxx,darkspear,384,deathknight,unholy,12,4,8
Dreadmind,blackrock,384,deathknight,unholy,12,4,8
Pängei,frostwolf,384,deathknight,unholy,12,4,8
Колхозник,howling-fjord,384,deathknight,unholy,12,4,8
Raspad,tarren-mill,384,deathknight,unholy,12,4,8
Morgued,ravencrest,384,deathknight,unholy,12,4,8
Volkovitch,archimonde,384,deathknight,unholy,12,4,8
Mustakäsi,ravencrest,384,deathknight,unholy,12,4,8
Binknight,argent-dawn,384,deathknight,unholy,12,4,8
Глээм,howling-fjord,384,deathknight,unholy,12,4,8
Taylorswifts,tarren-mill,384,deathknight,unholy,12,4,8
Servein,stormscale,384,deathknight,unholy,12,4,8
Лордтемар,howling-fjord,384,deathknight,unholy,12,4,8
Dëmise,ravencrest,384,deathknight,unholy,12,4,8
Tixoz,archimonde,384,deathknight,unholy,12,4,8
Rædbull,ravencrest,384,deathknight,unholy,16,5,11
Spratz,kazzak,384,deathknight,unholy,17,4,13
Rades,sanguino,384,deathknight,unholy,18,4,14
Pändörä,uldum,384,deathknight,unholy,18,4,14
Pottifar,tarren-mill,384,deathknight,unholy,18,4,14
Blòópy,silvermoon,384,deathknight,unholy,18,4,14
Brurf,ysondre,384,deathknight,unholy,18,4,14
Bargane,twilights-hammer,383,deathknight,unholy,6,4,2
Tréfoo,blackrock,383,deathknight,unholy,6,4,2
Zoombie,draenor,383,deathknight,unholy,6,4,2
Flippmo,argent-dawn,383,deathknight,unholy,9,5,4
Эъя,howling-fjord,383,deathknight,unholy,12,4,8
Aczheron,argent-dawn,383,deathknight,unholy,12,4,8
Antrinian,turalyon,383,deathknight,unholy,12,4,8
Хворной,howling-fjord,383,deathknight,unholy,12,4,8
Украшение,galakrond,383,deathknight,unholy,12,4,8
Narancha,haomarush,381,deathknight,unholy,12,4,8
Варрлнишнс,soulflayer,367,deathknight,unholy,11,4,7
Millknight,norgannon,341,deathknight,unholy,15,6,9
Shining,blackrock,330,deathknight,unholy,25,6,19
Makisnk,archimonde,319,deathknight,unholy,8,4,4
Ikarack,twisting-nether,319,deathknight,unholy,8,4,4
Melleril,sylvanas,319,deathknight,unholy,14,4,10
Deathorchide,pozzo-delleternità,319,deathknight,unholy,20,4,16
Saryn,burning-steppes,304,deathknight,unholy,13,4,9
Randomdkxd,ravencrest,304,deathknight,unholy,13,4,9
Darkeolos,twisting-nether,303,deathknight,unholy,7,4,3
Amentet,anetheron,288,deathknight,unholy,10,5,5
Jénga,ghostlands,288,deathknight,unholy,6,3,3
Spliddy,ravencrest,288,deathknight,unholy,6,3,3
Fredriksend,argent-dawn,288,deathknight,unholy,6,3,3
Ahzee,alleria,288,deathknight,unholy,6,3,3
Tabano,onyxia,288,deathknight,unholy,6,3,3
Mocca,aegwynn,288,deathknight,unholy,6,3,3
Izagolt,dun-modr,288,deathknight,unholy,6,3,3
Zfeuda,azshara,288,deathknight,unholy,6,3,3
Kalenis,nemesis,288,deathknight,unholy,6,3,3
Gbdk,xavius,288,deathknight,unholy,6,3,3
Legixd,outland,288,deathknight,unholy,6,3,3
Пашина,gordunni,288,deathknight,unholy,6,3,3
Budd,stormscale,288,deathknight,unholy,6,3,3
Krozzytwo,draenor,288,deathknight,unholy,6,3,3
Небишоп,howling-fjord,288,deathknight,unholy,6,3,3
Израф,soulflayer,288,deathknight,unholy,6,3,3
Argelthal,draenor,288,deathknight,unholy,6,3,3
Grabbinass,silvermoon,288,deathknight,unholy,6,3,3
Vip,argent-dawn,288,deathknight,unholy,6,3,3
Luxeridon,pozzo-delleternità,288,deathknight,unholy,6,3,3
Deãth,archimonde,288,deathknight,unholy,6,3,3
Hugerr,azshara,288,deathknight,unholy,6,3,3
Badock,eredar,288,deathknight,unholy,6,3,3
Løz,kazzak,288,deathknight,unholy,6,3,3
Äbäddon,twisting-nether,288,deathknight,unholy,6,3,3
Krookidk,archimonde,288,deathknight,unholy,6,3,3
Ватачка,gordunni,288,deathknight,unholy,6,3,3
Joyt,argent-dawn,288,deathknight,unholy,6,3,3
Horrorda,defias-brotherhood,288,deathknight,unholy,6,3,3
Bigbaboon,stormreaver,288,deathknight,unholy,6,3,3
Galgalí,blackmoore,288,deathknight,unholy,6,3,3
Рончикк,gordunni,288,deathknight,unholy,6,3,3
Dakyforfun,ravencrest,288,deathknight,unholy,6,3,3
Luñatic,sylvanas,288,deathknight,unholy,6,3,3
Zaxrel,burning-legion,288,deathknight,unholy,6,3,3
Ðeucaly,nemesis,288,deathknight,unholy,6,3,3
Soseiuchi,sargeras,288,deathknight,unholy,6,3,3
Карвалан,eversong,288,deathknight,unholy,6,3,3
Тряпьё,galakrond,288,deathknight,unholy,6,3,3
Masakryczny,burning-legion,288,deathknight,unholy,6,3,3
Frezer,madmortem,288,deathknight,unholy,6,3,3
Rävjakt,twisting-nether,288,deathknight,unholy,6,3,3
Darkrolexx,blackhand,288,deathknight,unholy,6,3,3
Hasbullagødx,blackrock,288,deathknight,unholy,6,3,3
Hurubur,ravencrest,288,deathknight,unholy,6,3,3
Iceludwig,nemesis,288,deathknight,unholy,6,3,3
Grippyb,tarren-mill,288,deathknight,unholy,6,3,3
Zêlëph,archimonde,288,deathknight,unholy,6,3,3
Sonervous,hyjal,288,deathknight,unholy,6,3,3
Soloqueuedk,ravencrest,288,deathknight,unholy,6,3,3
Chillfyre,argent-dawn,288,deathknight,unholy,8,3,5
Nmedk,grim-batol,288,deathknight,unholy,15,4,11
Infamousmobb,archimonde,288,deathknight,unholy,12,3,9
Морталес,azuregos,288,deathknight,unholy,12,3,9
Gongroosh,blackrock,288,deathknight,unholy,12,3,9
Drraugrinn,tarren-mill,288,deathknight,unholy,12,3,9
Ste,tarren-mill,288,deathknight,unholy,12,3,9
Эвессом,goldrinn,288,deathknight,unholy,12,3,9
Alakiah,khaz-modan,288,deathknight,unholy,12,3,9
Oxcidium,archimonde,288,deathknight,unholy,12,3,9
Spaace,tarren-mill,288,deathknight,unholy,12,3,9
Lewro,drakthul,288,deathknight,unholy,12,3,9
Worldwiynd,ravencrest,288,deathknight,unholy,12,3,9
Kptayn,culte-de-la-rive-noire,288,deathknight,unholy,12,3,9
Акерисса,gordunni,288,deathknight,unholy,12,3,9
Mizrael,burning-blade,288,deathknight,unholy,12,3,9
Plaguebones,ravencrest,288,deathknight,unholy,12,3,9
Lair,shendralar,288,deathknight,unholy,12,3,9
Dagë,twisting-nether,288,deathknight,unholy,12,3,9
Zixcommixx,hyjal,288,deathknight,unholy,12,3,9
Sélyne,ysondre,288,deathknight,unholy,12,3,9
Whiskine,aggramar,288,deathknight,unholy,12,3,9
Smurm,stormscale,288,deathknight,unholy,12,3,9
Hoggster,kazzak,288,deathknight,unholy,12,3,9
Benetleilax,bronzebeard,288,deathknight,unholy,12,3,9
Asarth,silvermoon,288,deathknight,unholy,12,3,9
Hexenköníg,frostmourne,288,deathknight,unholy,12,3,9
Ecatholicus,silvermoon,288,deathknight,unholy,12,3,9
Zandul,terenas,287,deathknight,unholy,6,3,3
Spiritomb,eonar,287,deathknight,unholy,6,3,3
Atakan,nemesis,287,deathknight,unholy,6,3,3
Каскадёрка,howling-fjord,287,deathknight,unholy,12,3,9
Mámmôn,malygos,287,deathknight,unholy,13,3,10
Minitehnicus,stormscale,286,deathknight,unholy,6,3,3
Abyad,dalaran,285,deathknight,unholy,12,3,9
Отвян,gordunni,256,deathknight,unholy,10,3,7
Ghary,blackhand,256,deathknight,unholy,10,3,7
Hateem,sylvanas,255,deathknight,unholy,11,3,8
Miruvar,tarren-mill,240,deathknight,unholy,9,3,6
Fearax,terenas,239,deathknight,unholy,5,3,2
Gogeta,zirkel-des-cenarius,239,deathknight,unholy,5,3,2
Dkreator,stormscale,234,deathknight,unholy,6,4,2
Charai,blackhand,234,deathknight,unholy,14,4,10
Xerone,turalyon,223,deathknight,unholy,8,3,5
Vîrus,kazzak,208,deathknight,unholy,13,3,10
Shamytron,frostwolf,192,deathknight,unholy,4,3,1
Nexium,outland,192,deathknight,unholy,4,3,1
Zeldêrx,tarren-mill,192,deathknight,unholy,4,3,1
Pandagodx,archimonde,192,deathknight,unholy,6,2,4
Mcdreamy,grim-batol,192,deathknight,unholy,6,2,4
Kaysto,blackrock,192,deathknight,unholy,6,2,4
Shinetop,silvermoon,192,deathknight,unholy,6,2,4
Буризан,blackscar,192,deathknight,unholy,6,2,4
Савамура,gordunni,192,deathknight,unholy,6,2,4
Iziqroi,archimonde,192,deathknight,unholy,6,2,4
Сидлэй,gordunni,192,deathknight,unholy,6,2,4
Letudra,outland,192,deathknight,unholy,6,2,4
Ивитил,gordunni,192,deathknight,unholy,6,2,4
Dilbil,tarren-mill,192,deathknight,unholy,6,2,4
Woltorme,archimonde,192,deathknight,unholy,6,2,4
Горосов,gordunni,192,deathknight,unholy,6,2,4
Bårêlýgød,blackmoore,192,deathknight,unholy,6,2,4
Nihilistyx,blackrock,192,deathknight,unholy,6,2,4
Homelándér,blackmoore,192,deathknight,unholy,6,2,4
Yoinkw,tarren-mill,192,deathknight,unholy,6,2,4
Karatedomi,blackmoore,192,deathknight,unholy,6,2,4
Feldøøm,nemesis,192,deathknight,unholy,6,2,4
Kapitandk,sanguino,192,deathknight,unholy,6,2,4
Maëra,ysondre,192,deathknight,unholy,6,2,4
Penumbris,silvermoon,192,deathknight,unholy,6,2,4
Varogo,drakthul,192,deathknight,unholy,6,2,4
Norux,alonsus,192,deathknight,unholy,6,2,4
Lithics,blades-edge,192,deathknight,unholy,6,2,4
Yaxa,sylvanas,192,deathknight,unholy,6,2,4
Seleniele,draenor,192,deathknight,unholy,6,2,4
Suksiboksi,shattered-hand,192,deathknight,unholy,6,2,4
Ereboss,eredar,192,deathknight,unholy,6,2,4
Haeydez,draenor,192,deathknight,unholy,6,2,4
Necrosiss,sunstrider,192,deathknight,unholy,6,2,4
Urukaye,silvermoon,192,deathknight,unholy,6,2,4
Имбазомбарь,howling-fjord,192,deathknight,unholy,6,2,4
Аэрит,howling-fjord,192,deathknight,unholy,6,2,4
Zariha,malfurion,192,deathknight,unholy,6,2,4
Postura,kazzak,192,deathknight,unholy,6,2,4
Dk,earthen-ring,192,deathknight,unholy,6,2,4
Cursed,guldan,192,deathknight,unholy,6,2,4
Гнилец,soulflayer,192,deathknight,unholy,6,2,4
Brávéhéart,silvermoon,192,deathknight,unholy,6,2,4
Lén,malygos,192,deathknight,unholy,6,2,4
Doubledead,the-maelstrom,192,deathknight,unholy,6,2,4
Tirno,dun-modr,192,deathknight,unholy,6,2,4
Njor,twisting-nether,192,deathknight,unholy,6,2,4
Xartukî,dun-modr,192,deathknight,unholy,6,2,4
Frøzendeadz,blackhand,192,deathknight,unholy,6,2,4
Firebladesa,ravencrest,192,deathknight,unholy,6,2,4
Clipe,sanguino,192,deathknight,unholy,6,2,4
Highblood,tarren-mill,192,deathknight,unholy,6,2,4
Eigrin,argent-dawn,192,deathknight,unholy,6,2,4
Jizzburga,blackhand,192,deathknight,unholy,6,2,4
Xvlane,silvermoon,192,deathknight,unholy,6,2,4
Hemopathy,tarren-mill,192,deathknight,unholy,6,2,4
Mangalitsa,twisting-nether,192,deathknight,unholy,6,2,4
Fdkgotbuffed,tarren-mill,192,deathknight,unholy,6,2,4
Sjöstedt,twisting-nether,192,deathknight,unholy,6,2,4
Kacpèr,burning-legion,192,deathknight,unholy,6,2,4
Bestkhalifä,ravencrest,192,deathknight,unholy,6,2,4
Engelinä,ysondre,192,deathknight,unholy,6,2,4
Draghonis,argent-dawn,192,deathknight,unholy,6,2,4
Tinyfever,kazzak,192,deathknight,unholy,6,2,4
Szendeffy,ragnaros,192,deathknight,unholy,6,2,4
Unholyysteel,silvermoon,192,deathknight,unholy,6,2,4
Hasoyro,burning-legion,192,deathknight,unholy,6,2,4
Kromas,silvermoon,192,deathknight,unholy,6,2,4
Nokti,ravencrest,192,deathknight,unholy,6,2,4
ßambøøzle,draenor,192,deathknight,unholy,13,3,10
Snøsamannen,ravencrest,192,deathknight,unholy,12,2,10
Ротвхалве,deathweaver,192,deathknight,unholy,12,2,10
Deathdayben,kazzak,192,deathknight,unholy,12,2,10
Скромасакс,gordunni,192,deathknight,unholy,12,2,10
Arthaslegend,magtheridon,192,deathknight,unholy,12,2,10
Goldins,doomhammer,192,deathknight,unholy,12,2,10
Lumerix,drakthul,192,deathknight,unholy,12,2,10
Niilø,antonidas,192,deathknight,unholy,12,2,10
Azrail,alonsus,192,deathknight,unholy,12,2,10
Carnificis,nefarian,192,deathknight,unholy,12,2,10
Гадиния,soulflayer,191,deathknight,unholy,4,3,1
Tygootjuh,nagrand,191,deathknight,unholy,6,2,4
Whitedead,destromath,191,deathknight,unholy,6,2,4
Àragørn,blackrock,191,deathknight,unholy,6,2,4
Xyasw,rashgarroth,191,deathknight,unholy,6,2,4
Ândi,alleria,190,deathknight,unholy,12,2,10
Strigoih,argent-dawn,190,deathknight,unholy,12,2,10
Xolaani,outland,159,deathknight,unholy,5,2,3
Scalina,naxxramas,159,deathknight,unholy,5,2,3
Ryäñ,silvermoon,144,deathknight,unholy,3,3,0
Dødsmanna,twisting-nether,144,deathknight,unholy,9,2,7
Дралкс,gordunni,138,deathknight,unholy,10,3,7
Sämäël,outland,137,deathknight,unholy,8,3,5
Auto,hyjal,128,deathknight,unholy,4,2,2
Árnèr,tyrande,96,deathknight,unholy,3,2,1
Vlaakith,thunderhorn,96,deathknight,unholy,6,1,5
Ôcb,marécage-de-zangar,96,deathknight,unholy,6,1,5
Veleran,blackrock,96,deathknight,unholy,6,1,5
Кернесса,blackscar,96,deathknight,unholy,6,1,5
Диманекротик,blackscar,96,deathknight,unholy,6,1,5
Deekee,kazzak,96,deathknight,unholy,6,1,5
Seay,malorne,96,deathknight,unholy,6,1,5
Lionello,stormscale,96,deathknight,unholy,6,1,5
Armax,stormscale,96,deathknight,unholy,6,1,5
Nooxi,sanguino,96,deathknight,unholy,6,1,5
Искрос,gordunni,96,deathknight,unholy,6,1,5
Drfatnuts,kazzak,96,deathknight,unholy,6,1,5
Имерсий,gordunni,96,deathknight,unholy,6,1,5
Cowsoup,stormscale,96,deathknight,unholy,6,1,5
Sìrmooalot,twisting-nether,96,deathknight,unholy,6,1,5
Tsoupunisher,ravencrest,96,deathknight,unholy,6,1,5
Erbores,destromath,96,deathknight,unholy,6,1,5
Úñçháíñéd,kazzak,96,deathknight,unholy,6,1,5
Melicia,anubarak,96,deathknight,unholy,6,1,5
Хеллхэйм,soulflayer,96,deathknight,unholy,6,1,5
Grimgôr,kazzak,96,deathknight,unholy,6,1,5
Prebi,silvermoon,96,deathknight,unholy,6,1,5
Ohris,silvermoon,96,deathknight,unholy,6,1,5
Гроскот,howling-fjord,96,deathknight,unholy,6,1,5
Джеттар,howling-fjord,96,deathknight,unholy,6,1,5
Blackpeper,silvermoon,96,deathknight,unholy,6,1,5
Гачимучий,soulflayer,96,deathknight,unholy,6,1,5
Муунрок,howling-fjord,96,deathknight,unholy,6,1,5
Инфлюминс,soulflayer,96,deathknight,unholy,6,1,5
Abusedk,archimonde,96,deathknight,unholy,6,1,5
Êroô,azjolnerub,96,deathknight,unholy,6,1,5
Коилкоилкоил,blackscar,96,deathknight,unholy,6,1,5
Gdubet,kazzak,96,deathknight,unholy,6,1,5
Apokalipx,ragnaros,96,deathknight,unholy,6,1,5
Beliall,draenor,96,deathknight,unholy,6,1,5
Brotén,grim-batol,96,deathknight,unholy,6,1,5
Routasydän,outland,96,deathknight,unholy,6,1,5
Axemastery,draenor,96,deathknight,unholy,6,1,5
Antexdk,drakthul,96,deathknight,unholy,6,1,5
Wavemaker,kazzak,96,deathknight,unholy,6,1,5
Skrati,das-syndikat,96,deathknight,unholy,6,1,5
Unholygunnds,ravencrest,96,deathknight,unholy,6,1,5
Orrengo,blackrock,96,deathknight,unholy,6,1,5
Darkcøbra,culte-de-la-rive-noire,96,deathknight,unholy,6,1,5
Dumbclass,wildhammer,96,deathknight,unholy,6,1,5
Arthasuk,dun-modr,96,deathknight,unholy,6,1,5
Verssatus,archimonde,96,deathknight,unholy,6,1,5
Såphirå,doomhammer,96,deathknight,unholy,6,1,5
Itrailblazer,turalyon,96,deathknight,unholy,6,1,5
Hemki,archimonde,96,deathknight,unholy,6,1,5
Oghul,blackmoore,96,deathknight,unholy,6,1,5
Fefefasza,ragnaros,96,deathknight,unholy,6,1,5
Seuchensturz,zirkel-des-cenarius,96,deathknight,unholy,6,1,5
Yagashi,stormscale,96,deathknight,unholy,6,1,5
Rongos,norgannon,96,deathknight,unholy,6,1,5
Rakeschnake,teldrassil,96,deathknight,unholy,6,1,5
Eívór,garrosh,96,deathknight,unholy,6,1,5
Nyzak,stormscale,96,deathknight,unholy,6,1,5
Tributus,perenolde,96,deathknight,unholy,6,1,5
Cameltôe,frostwolf,96,deathknight,unholy,6,1,5
Twistednut,argent-dawn,96,deathknight,unholy,6,1,5
Natanio,area-52,96,deathknight,unholy,6,1,5
Chøsen,sargeras,96,deathknight,unholy,6,1,5
Dextèr,stormreaver,96,deathknight,unholy,6,1,5
Lieven,tarren-mill,96,deathknight,unholy,6,1,5
Kjötbiti,tarren-mill,96,deathknight,unholy,6,1,5
Madsgrip,tarren-mill,96,deathknight,unholy,6,1,5
Shadowevil,silvermoon,96,deathknight,unholy,6,1,5
Buzknight,twisting-nether,96,deathknight,unholy,12,1,11
Erezar,burning-legion,96,deathknight,unholy,12,1,11
Rhmoseli,twisting-nether,96,deathknight,unholy,12,1,11
Gosting,kirin-tor,96,deathknight,unholy,12,1,11
Blackterrør,hyjal,96,deathknight,unholy,12,1,11
Peiie,ravencrest,96,deathknight,unholy,12,1,11
Brasith,outland,96,deathknight,unholy,12,1,11
Hathriel,blackmoore,96,deathknight,unholy,12,1,11
Cynthiia,sylvanas,96,deathknight,unholy,18,1,17
Bestiaccia,nemesis,95,deathknight,unholy,6,1,5
Gaisham,confrérie-du-thorium,95,deathknight,unholy,6,1,5
Beurkbeurk,la-croisade-écarlate,95,deathknight,unholy,14,1,13
Bonthejovi,tarren-mill,79,deathknight,unholy,5,1,4
Шалелая,soulflayer,79,deathknight,unholy,5,1,4
Tørbåk,ysondre,79,deathknight,unholy,5,1,4
Custardo,grim-batol,63,deathknight,unholy,8,2,6
Kevsdk,arthas,48,deathknight,unholy,3,1,2
Fooji,stormscale,42,deathknight,unholy,7,2,5
Серинокс,howling-fjord,31,deathknight,unholy,2,1,1
Errøar,aegwynn,31,deathknight,unholy,2,1,1
Nellion,kazzak,2146,deathknight,frost,102,50,52
Skylerblack,kazzak,2139,deathknight,frost,113,72,41
Имерсий,gordunni,2104,deathknight,frost,72,43,29
Fdkgotbuffed,tarren-mill,2072,deathknight,frost,84,42,42
Leónid,kazzak,2071,deathknight,frost,75,38,37
Garrinchá,stormscale,2053,deathknight,frost,66,39,27
Anotherdkx,ravencrest,2002,deathknight,frost,66,39,27
Arrestedx,aegwynn,1975,deathknight,frost,81,43,38
Diogenisis,arthas,1958,deathknight,frost,178,89,89
Никнейм,gordunni,1955,deathknight,frost,197,96,101
Murbastic,draenor,1927,deathknight,frost,320,160,160
Jeanice,blackhand,1915,deathknight,frost,86,47,39
Малтель,howling-fjord,1900,deathknight,frost,66,33,33
Viuff,kazzak,1894,deathknight,frost,42,23,19
Justaniceguy,silvermoon,1864,deathknight,frost,84,46,38
Igetmount,draenor,1853,deathknight,frost,161,78,83
Bedstemoor,ravencrest,1849,deathknight,frost,47,28,19
Frostlux,archimonde,1837,deathknight,frost,799,397,402
Ayro,aegwynn,1824,deathknight,frost,112,60,52
Шадоудез,gordunni,1820,deathknight,frost,60,29,31
Zektal,thrall,1819,deathknight,frost,138,70,68
Moreau,eredar,1818,deathknight,frost,235,123,112
Lylíth,archimonde,1817,deathknight,frost,99,65,34
Эриданс,gordunni,1806,deathknight,frost,48,32,16
Картафилиус,soulflayer,1804,deathknight,frost,66,28,38
Джонаджеймсн,soulflayer,1796,deathknight,frost,80,41,39
Geunieve,ysondre,1790,deathknight,frost,89,39,50
Brawlerbabe,stormscale,1759,deathknight,frost,208,106,102
Narali,argent-dawn,1759,deathknight,frost,54,24,30
Vidofnir,argent-dawn,1756,deathknight,frost,92,54,38
Ronsôn,terrordar,1756,deathknight,frost,36,21,15
Mkom,ravencrest,1728,deathknight,frost,84,44,40
Mikagoddess,argent-dawn,1723,deathknight,frost,118,61,57
Re,stormrage,1717,deathknight,frost,48,25,23
Nîghtmáre,ravencrest,1715,deathknight,frost,158,79,79
Sonnedeath,tarren-mill,1715,deathknight,frost,82,40,42
Frostymel,ravencrest,1710,deathknight,frost,132,70,62
Duriel,stormscale,1710,deathknight,frost,252,131,121
Kisyhrâ,aegwynn,1703,deathknight,frost,64,35,29
Drkok,blackmoore,1697,deathknight,frost,102,60,42
Murky,kazzak,1695,deathknight,frost,78,41,37
Dktroll,blackmoore,1685,deathknight,frost,210,106,104
Frege,tarren-mill,1684,deathknight,frost,42,23,19
Импостик,blackscar,1670,deathknight,frost,48,24,24
Arxelas,stormscale,1663,deathknight,frost,80,50,30
Eynoway,blackmoore,1662,deathknight,frost,36,20,16
Rêxaks,dun-modr,1662,deathknight,frost,66,31,35
Maryø,drakthul,1641,deathknight,frost,71,36,35
Neitoperho,frostmane,1641,deathknight,frost,63,28,35
Ärkhas,ragnaros,1637,deathknight,frost,36,22,14
Arxelas,sylvanas,1637,deathknight,frost,196,103,93
Indrette,archimonde,1633,deathknight,frost,34,18,16
Maxto,outland,1631,deathknight,frost,30,21,9
Ниффер,deathguard,1627,deathknight,frost,34,18,16
Silvergreed,kazzak,1626,deathknight,frost,46,26,20
Xolaani,outland,1619,deathknight,frost,114,53,61
Frace,tyrande,1619,deathknight,frost,84,38,46
Кулькулегал,ashenvale,1617,deathknight,frost,84,44,40
Zulthos,argent-dawn,1616,deathknight,frost,75,46,29
Cyliandra,silvermoon,1615,deathknight,frost,48,27,21
Banishabomb,ragnaros,1615,deathknight,frost,78,39,39
Маклайкнайт,gordunni,1614,deathknight,frost,340,174,166
Дарргг,ashenvale,1612,deathknight,frost,167,79,88
Dakyforfun,ravencrest,1611,deathknight,frost,30,20,10
Verssatus,archimonde,1611,deathknight,frost,42,20,22
Veneera,emeriss,1610,deathknight,frost,24,17,7
Raylenx,uldaman,1609,deathknight,frost,75,39,36
Fallenjaina,kazzak,1608,deathknight,frost,290,149,141
Gorobijec,drakthul,1604,deathknight,frost,232,113,119
Chakko,ravencrest,1601,deathknight,frost,135,66,69
Oldmerle,blackmoore,1598,deathknight,frost,27,18,9
Винкис,gordunni,1597,deathknight,frost,170,91,79
Espatula,ravencrest,1597,deathknight,frost,60,28,32
Rektsohard,ravencrest,1590,deathknight,frost,75,44,31
Deucàlyqt,nemesis,1589,deathknight,frost,64,28,36
Selena,blackmoore,1587,deathknight,frost,30,17,13
Hatriox,outland,1579,deathknight,frost,183,100,83
Dexterlul,blackmoore,1579,deathknight,frost,60,28,32
Neorteriona,argent-dawn,1574,deathknight,frost,107,60,47
Kailara,draenor,1574,deathknight,frost,167,87,80
Клиссанг,razuvious,1572,deathknight,frost,30,19,11
Nazgül,drakthul,1572,deathknight,frost,71,40,31
Diatriss,argent-dawn,1572,deathknight,frost,139,78,61
Tørbåk,ysondre,1572,deathknight,frost,48,21,27
Decayz,thrall,1562,deathknight,frost,52,26,26
Kooklynn,aggra-português,1560,deathknight,frost,78,45,33
Deathvarg,argent-dawn,1558,deathknight,frost,90,41,49
Worlviuz,argent-dawn,1556,deathknight,frost,48,22,26
Sipsip,tarren-mill,1548,deathknight,frost,201,106,95
Frostfoxx,archimonde,1545,deathknight,frost,102,53,49
Obliterate,frostmourne,1540,deathknight,frost,116,63,53
Gauloupin,lightnings-blade,1540,deathknight,frost,87,44,43
Даркслэш,howling-fjord,1539,deathknight,frost,45,21,24
Deucalyqt,nemesis,1538,deathknight,frost,66,31,35
Лордтемар,howling-fjord,1530,deathknight,frost,54,25,29
Darlyn,grim-batol,1529,deathknight,frost,48,31,17
Dripgrip,ravencrest,1529,deathknight,frost,77,36,41
Blendamed,outland,1529,deathknight,frost,60,25,35
Tenzøftw,archimonde,1527,deathknight,frost,31,17,14
Anasûrimbor,tarren-mill,1526,deathknight,frost,36,18,18
Halez,antonidas,1520,deathknight,frost,66,40,26
Катаринья,howling-fjord,1518,deathknight,frost,128,64,64
Adär,kazzak,1512,deathknight,frost,78,39,39
Nymfo,tirion,1510,deathknight,frost,76,44,32
Leahthemad,sylvanas,1505,deathknight,frost,63,33,30
Thiccsnack,ragnaros,1505,deathknight,frost,41,21,20
Akril,tarren-mill,1505,deathknight,frost,114,58,56
Геннош,howling-fjord,1503,deathknight,frost,96,49,47
Wuurzaag,twisting-nether,1502,deathknight,frost,30,16,14
Morgued,ravencrest,1502,deathknight,frost,60,30,30
Cleverb,silvermoon,1501,deathknight,frost,36,18,18
Blácked,draenor,1500,deathknight,frost,138,73,65
Dzengiskhan,draenor,1500,deathknight,frost,168,86,82
Солист,soulflayer,1499,deathknight,frost,137,78,59
Orcborg,zuljin,1496,deathknight,frost,103,60,43
Empar,nethersturm,1491,deathknight,frost,45,26,19
Enizul,kazzak,1480,deathknight,frost,60,34,26
Prokszii,turalyon,1478,deathknight,frost,66,37,29
Dktyro,ravencrest,1477,deathknight,frost,36,18,18
Jumbogrip,tarren-mill,1476,deathknight,frost,73,39,34
Leyc,argent-dawn,1476,deathknight,frost,41,19,22
Grendul,blackmoore,1475,deathknight,frost,84,44,40
Teldä,archimonde,1472,deathknight,frost,79,39,40
Scørn,thrall,1465,deathknight,frost,204,103,101
Abadonn,archimonde,1462,deathknight,frost,60,24,36
Arthasuk,dun-modr,1458,deathknight,frost,278,150,128
Средозавр,howling-fjord,1457,deathknight,frost,38,22,16
Regniér,frostwolf,1454,deathknight,frost,267,129,138
Десигнатор,gordunni,1446,deathknight,frost,63,31,32
Desolatiøn,ravencrest,1441,deathknight,frost,48,24,24
Madseason,burning-legion,1438,deathknight,frost,66,32,34
Ullefuz,silvermoon,1434,deathknight,frost,65,32,33
Сенкрул,gordunni,1432,deathknight,frost,51,24,27
Меланндрис,gordunni,1427,deathknight,frost,63,40,23
Wildsword,sylvanas,1427,deathknight,frost,75,38,37
Jizzburga,blackhand,1421,deathknight,frost,110,52,58
Chillfyre,argent-dawn,1419,deathknight,frost,42,20,22
Stevensdk,darkspear,1416,deathknight,frost,66,32,34
Ðeucaly,nemesis,1411,deathknight,frost,96,47,49
Balrot,burning-legion,1411,deathknight,frost,48,18,30
Furleyc,argent-dawn,1410,deathknight,frost,66,37,29
Bàbarus,dun-morogh,1407,deathknight,frost,66,42,24
Вурдулакх,gordunni,1401,deathknight,frost,73,38,35
Фростмаран,soulflayer,1401,deathknight,frost,120,58,62
Kãra,ysondre,1400,deathknight,frost,168,87,81
Angalor,argent-dawn,1399,deathknight,frost,44,18,26
Cdp,ragnaros,1396,deathknight,frost,132,72,60
Истинна,grom,1394,deathknight,frost,36,20,16
Dreadnight,sanguino,1394,deathknight,frost,38,18,20
Асаала,soulflayer,1393,deathknight,frost,33,21,12
Rubbann,ravencrest,1391,deathknight,frost,30,15,15
Skorice,dalaran,1389,deathknight,frost,48,19,29
Düksito,dun-modr,1387,deathknight,frost,99,50,49
Mocca,aegwynn,1385,deathknight,frost,58,25,33
Флаттершайдк,booty-bay,1383,deathknight,frost,37,16,21
Отвян,gordunni,1377,deathknight,frost,48,17,31
Reapocalypse,blackhand,1376,deathknight,frost,36,16,20
Arthaslegend,magtheridon,1376,deathknight,frost,84,35,49
Sinabre,eitrigg,1367,deathknight,frost,85,39,46
Dükss,dun-modr,1366,deathknight,frost,65,38,27
Keronaterol,blackhand,1363,deathknight,frost,84,46,38
Nifllheimr,outland,1363,deathknight,frost,42,22,20
Wrathlich,tyrande,1362,deathknight,frost,83,36,47
Gøtrek,archimonde,1361,deathknight,frost,48,19,29
Trashboat,outland,1355,deathknight,frost,36,16,20
Yeamaon,ravencrest,1353,deathknight,frost,79,38,41
Tzunâ,blackmoore,1350,deathknight,frost,58,27,31
Вирко,eversong,1345,deathknight,frost,33,16,17
Фэйлстрайк,azuregos,1334,deathknight,frost,41,20,21
Cayliadk,tarren-mill,1332,deathknight,frost,203,96,107
Ubiystvo,kazzak,1328,deathknight,frost,102,54,48
Superere,hyjal,1326,deathknight,frost,150,80,70
Касуляпвнз,gordunni,1326,deathknight,frost,77,41,36
Vincestaples,mannoroth,1326,deathknight,frost,88,44,44
Mâxî,hyjal,1323,deathknight,frost,48,18,30
Comehere,norgannon,1321,deathknight,frost,30,19,11
Tofin,dunemaul,1320,deathknight,frost,44,21,23
Sound,shadowsong,1319,deathknight,frost,84,38,46
Morbidx,ravencrest,1315,deathknight,frost,64,25,39
Wardrickxdd,ravencrest,1314,deathknight,frost,30,16,14
Darkdémn,eldrethalas,1310,deathknight,frost,36,15,21
Gorefiend,kazzak,1309,deathknight,frost,37,15,22
Mcrune,ravencrest,1306,deathknight,frost,50,23,27
Zoree,draenor,1306,deathknight,frost,54,19,35
Deathknight,spinebreaker,1303,deathknight,frost,96,45,51
Wlcrealworld,ravencrest,1302,deathknight,frost,108,51,57
Deucalygodx,nemesis,1301,deathknight,frost,60,22,38
Buldog,laughing-skull,1300,deathknight,frost,130,61,69
Iaccidens,stormscale,1299,deathknight,frost,204,100,104
Âlîce,culte-de-la-rive-noire,1297,deathknight,frost,54,26,28
Reezeer,stormscale,1293,deathknight,frost,80,35,45
Wintersons,tarren-mill,1285,deathknight,frost,66,31,35
Odaijini,archimonde,1284,deathknight,frost,29,14,15
Soulrender,kirin-tor,1283,deathknight,frost,36,15,21
Barathéøn,les-sentinelles,1282,deathknight,frost,53,19,34
Нифер,deathguard,1274,deathknight,frost,26,14,12
Zúrg,stormscale,1273,deathknight,frost,96,54,42
Piri,defias-brotherhood,1272,deathknight,frost,88,43,45
Ihatelife,frostwolf,1271,deathknight,frost,102,49,53
Torbrand,ravencrest,1270,deathknight,frost,57,29,28
Ккма,gordunni,1269,deathknight,frost,30,19,11
Spøøk,defias-brotherhood,1268,deathknight,frost,217,104,113
Ilovebigass,ravencrest,1267,deathknight,frost,30,14,16
Sukadino,ragnaros,1264,deathknight,frost,60,31,29
Orkishblack,tarren-mill,1264,deathknight,frost,41,21,20
Morgouse,kazzak,1264,deathknight,frost,149,72,77
Môrgøth,nemesis,1256,deathknight,frost,72,32,40
Кроуфрост,gordunni,1254,deathknight,frost,90,43,47
Elendren,blackrock,1247,deathknight,frost,24,13,11
Mikese,silvermoon,1246,deathknight,frost,57,29,28
Ваатерло,soulflayer,1246,deathknight,frost,60,25,35
Tayuyu,sylvanas,1241,deathknight,frost,32,14,18
Slexor,kargath,1241,deathknight,frost,42,18,24
Dextroyersx,sanguino,1240,deathknight,frost,53,23,30
Pandahapci,ragnaros,1239,deathknight,frost,24,13,11
Rakhash,antonidas,1238,deathknight,frost,72,42,30
Leonis,arthas,1237,deathknight,frost,35,13,22
Dämäger,proudmoore,1231,deathknight,frost,149,76,73
Униорк,howling-fjord,1229,deathknight,frost,24,13,11
Merdraut,alakir,1228,deathknight,frost,46,25,21
Aracnys,dalaran,1227,deathknight,frost,42,17,25
Unchaindk,outland,1226,deathknight,frost,66,32,34
Exodiuss,dalaran,1225,deathknight,frost,46,24,22
Satyriasis,twisting-nether,1224,deathknight,frost,28,16,12
Ziuziu,twisting-nether,1222,deathknight,frost,123,63,60
Moosbirne,blackhand,1218,deathknight,frost,48,20,28
Frostmommy,argent-dawn,1214,deathknight,frost,41,16,25
Zuggandk,tarren-mill,1209,deathknight,frost,48,26,22
Sindó,blackrock,1206,deathknight,frost,24,13,11
Døuffy,hyjal,1197,deathknight,frost,206,100,106
Krasny,hyjal,1185,deathknight,frost,156,81,75
Íbossit,doomhammer,1180,deathknight,frost,28,17,11
Gageth,shadowsong,1180,deathknight,frost,45,15,30
Twardobaba,burning-legion,1176,deathknight,frost,56,25,31
Vampire,ahnqiraj,1172,deathknight,frost,33,14,19
Predatormkdd,ravencrest,1171,deathknight,frost,41,26,15
Azrador,frostwolf,1171,deathknight,frost,202,95,107
Clàymax,kazzak,1171,deathknight,frost,51,21,30
Inaëlys,medivh,1170,deathknight,frost,55,27,28
Hî,malganis,1169,deathknight,frost,79,39,40
Düks,dun-modr,1166,deathknight,frost,124,55,69
Zandruq,twisting-nether,1162,deathknight,frost,58,24,34
Collinná,aegwynn,1162,deathknight,frost,48,19,29
Rilledred,stormscale,1159,deathknight,frost,51,27,24
Rogerwaterz,twisting-nether,1157,deathknight,frost,31,18,13
Nôsferatú,amanthul,1156,deathknight,frost,93,47,46
Mellion,ragnaros,1152,deathknight,frost,18,12,6
Alastoras,nemesis,1152,deathknight,frost,43,23,20
Селес,ashenvale,1151,deathknight,frost,24,12,12
Aceléss,drakthul,1150,deathknight,frost,18,12,6
Necrølyte,sylvanas,1149,deathknight,frost,18,12,6
Oßitø,ravencrest,1149,deathknight,frost,22,13,9
Разлажение,gordunni,1147,deathknight,frost,66,33,33
Belía,blackmoore,1146,deathknight,frost,62,27,35
Ithêrius,blackmoore,1145,deathknight,frost,24,12,12
Qus,twisting-nether,1145,deathknight,frost,30,12,18
Darkchas,silvermoon,1144,deathknight,frost,24,12,12
Monkeydclaus,arathor,1144,deathknight,frost,96,47,49
Erbugul,uldum,1143,deathknight,frost,30,12,18
Zerodude,silvermoon,1142,deathknight,frost,60,30,30
Goring,confrérie-du-thorium,1137,deathknight,frost,24,12,12
Polimeh,draenor,1132,deathknight,frost,66,38,28
Posinkautta,silvermoon,1131,deathknight,frost,24,17,7
Mattesøs,drakthul,1130,deathknight,frost,36,13,23
Abnormus,tarren-mill,1129,deathknight,frost,143,72,71
Тайберзанн,grom,1127,deathknight,frost,30,12,18
Fixmybones,frostmane,1123,deathknight,frost,78,37,41
Ilopango,blackmoore,1123,deathknight,frost,47,17,30
Zdi,tarren-mill,1118,deathknight,frost,28,12,16
Dkruffos,draenor,1115,deathknight,frost,66,27,39
Khelthalas,teldrassil,1114,deathknight,frost,37,26,11
Leahthebad,sylvanas,1111,deathknight,frost,34,15,19
Nathriel,stormscale,1110,deathknight,frost,41,17,24
Akantras,blackmoore,1106,deathknight,frost,59,28,31
Archa,shendralar,1105,deathknight,frost,95,43,52
Woddey,blackrock,1101,deathknight,frost,60,29,31
Nelahh,the-maelstrom,1098,deathknight,frost,41,21,20
Moiret,drakthul,1097,deathknight,frost,53,15,38
Angôs,sanguino,1089,deathknight,frost,102,52,50
Zioan,jaedenar,1085,deathknight,frost,74,39,35
Regys,argent-dawn,1080,deathknight,frost,28,12,16
Thenrys,culte-de-la-rive-noire,1078,deathknight,frost,168,74,94
Вафельнаяфея,blackscar,1073,deathknight,frost,43,17,26
Zaouros,silvermoon,1070,deathknight,frost,48,12,36
Zanretxd,outland,1066,deathknight,frost,72,37,35
Greiz,aggramar,1065,deathknight,frost,37,15,22
Myzouth,silvermoon,1056,deathknight,frost,18,11,7
Køley,draenor,1056,deathknight,frost,18,11,7
Ivik,the-maelstrom,1056,deathknight,frost,73,41,32
Elcapìtan,silvermoon,1054,deathknight,frost,18,11,7
Dursall,thrall,1052,deathknight,frost,272,138,134
Некробасс,deathguard,1052,deathknight,frost,24,11,13
Unaxito,sanguino,1052,deathknight,frost,24,11,13
Khagra,ravencrest,1051,deathknight,frost,24,11,13
Primø,malganis,1050,deathknight,frost,22,12,10
Fallén,stormrage,1050,deathknight,frost,24,11,13
Arond,arygos,1035,deathknight,frost,30,12,18
Deathcardos,die-aldor,1035,deathknight,frost,60,23,37
Darkride,shattrath,1034,deathknight,frost,18,11,7
Këus,hyjal,1033,deathknight,frost,24,17,7
Gravehammer,sylvanas,1032,deathknight,frost,24,14,10
Папичдк,gordunni,1031,deathknight,frost,23,13,10
Блодскал,howling-fjord,1031,deathknight,frost,30,11,19
Êbøla,sanguino,1030,deathknight,frost,102,40,62
Slayrr,blackrock,1028,deathknight,frost,29,13,16
Krylow,draenor,1020,deathknight,frost,42,17,25
Dødsgud,khaz-modan,1013,deathknight,frost,57,29,28
Dreodis,der-mithrilorden,1012,deathknight,frost,92,35,57
Kalenjii,burning-legion,1006,deathknight,frost,23,11,12
Quantumshift,ravencrest,1004,deathknight,frost,17,11,6
Порция,greymane,1004,deathknight,frost,90,48,42
Alameda,nathrezim,1004,deathknight,frost,34,15,19
Kixx,bloodfeather,1003,deathknight,frost,125,53,72
Zerdon,frostmane,1001,deathknight,frost,61,32,29
Bari,the-venture-co,1001,deathknight,frost,158,68,90
Sooran,blackhand,994,deathknight,frost,24,16,8
Whooz,dun-morogh,977,deathknight,frost,47,11,36
Flúrrý,kazzak,960,deathknight,frost,24,10,14
Apacstanya,ragnaros,960,deathknight,frost,24,10,14
Shicheria,blackrock,959,deathknight,frost,18,10,8
Feelmyfuri,mazrigos,959,deathknight,frost,24,10,14
Zsozsodk,ragnaros,958,deathknight,frost,18,10,8
Bêllør,archimonde,958,deathknight,frost,18,10,8
Residenta,dun-modr,958,deathknight,frost,30,10,20
Eívór,garrosh,957,deathknight,frost,24,10,14
Asphyxias,alleria,957,deathknight,frost,24,10,14
Kerastrell,doomhammer,957,deathknight,frost,24,10,14
Söttguetsi,blackrock,956,deathknight,frost,18,10,8
Vainie,argent-dawn,953,deathknight,frost,18,10,8
Hatcherb,sylvanas,953,deathknight,frost,30,16,14
Urzza,ysondre,953,deathknight,frost,30,10,20
Shadowsëek,hyjal,952,deathknight,frost,24,10,14
Ларкусдк,howling-fjord,952,deathknight,frost,30,10,20
Vîrus,kazzak,949,deathknight,frost,24,10,14
Sawishere,sanguino,948,deathknight,frost,72,30,42
Scorbion,kilrogg,947,deathknight,frost,33,16,17
Grumpykathi,blackmoore,945,deathknight,frost,18,10,8
Fullbusterr,hyjal,938,deathknight,frost,53,23,30
Кунимэнгус,soulflayer,938,deathknight,frost,66,27,39
Bäy,archimonde,938,deathknight,frost,72,24,48
Trogkhar,blackrock,933,deathknight,frost,24,10,14
Akmens,aggramar,932,deathknight,frost,24,11,13
Assølid,arathor,928,deathknight,frost,51,22,29
Dípps,outland,908,deathknight,frost,24,11,13
Sunwrath,magtheridon,905,deathknight,frost,54,22,32
Morvain,silvermoon,903,deathknight,frost,172,75,97
Liija,blackrock,900,deathknight,frost,29,11,18
Dànté,eitrigg,889,deathknight,frost,48,24,24
Карвалан,eversong,886,deathknight,frost,42,21,21
Assasínator,tarren-mill,872,deathknight,frost,49,24,25
Mauryr,drakthul,869,deathknight,frost,100,40,60
Løz,kazzak,864,deathknight,frost,18,9,9
ßambøøzle,draenor,864,deathknight,frost,18,9,9
Ñogg,kazzak,864,deathknight,frost,24,9,15
Festerblight,grim-batol,863,deathknight,frost,12,9,3
Oscman,silvermoon,863,deathknight,frost,18,9,9
Winterberger,silvermoon,863,deathknight,frost,18,9,9
Nathaniall,drakthul,863,deathknight,frost,18,9,9
Руянгрубиян,howling-fjord,863,deathknight,frost,24,9,15
Sephirus,kazzak,863,deathknight,frost,24,9,15
Gringly,tarren-mill,862,deathknight,frost,18,9,9
Zhigan,ravencrest,862,deathknight,frost,18,9,9
Nerinth,burning-legion,860,deathknight,frost,25,9,16
Kaeyz,blackmoore,859,deathknight,frost,24,9,15
Dkinta,colinas-pardas,857,deathknight,frost,18,9,9
Triddion,sylvanas,857,deathknight,frost,18,9,9
Soulwalker,sylvanas,854,deathknight,frost,19,9,10
Peachvajz,turalyon,853,deathknight,frost,129,64,65
Deadkilla,stormreaver,851,deathknight,frost,18,9,9
Pavkata,outland,851,deathknight,frost,24,9,15
Darklich,blackmoore,835,deathknight,frost,78,36,42
Guillemet,turalyon,830,deathknight,frost,16,10,6
Elbaqwan,the-shatar,827,deathknight,frost,42,19,23
Fentanil,elune,814,deathknight,frost,23,9,14
Xyrosa,argent-dawn,798,deathknight,frost,30,9,21
Fuzzyofc,draenor,796,deathknight,frost,17,9,8
Mahfel,twisting-nether,795,deathknight,frost,18,9,9
Afadk,kazzak,788,deathknight,frost,120,47,73
Fareast,nerathor,783,deathknight,frost,114,52,62
Craftmaker,eonar,778,deathknight,frost,53,21,32
Wpízdu,aegwynn,768,deathknight,frost,12,8,4
Letumnex,tarren-mill,768,deathknight,frost,12,8,4
Кромгонище,soulflayer,768,deathknight,frost,12,8,4
Tenzøjr,archimonde,768,deathknight,frost,12,8,4
Salaahadin,darkspear,768,deathknight,frost,18,8,10
Ualar,silvermoon,767,deathknight,frost,18,8,10
Jollíe,tarren-mill,767,deathknight,frost,24,8,16
Sødax,sanguino,767,deathknight,frost,24,8,16
Stetch,darkspear,767,deathknight,frost,30,8,22
Desulól,tarren-mill,766,deathknight,frost,15,9,6
Æew,kazzak,766,deathknight,frost,18,8,10
Zombíe,laughing-skull,765,deathknight,frost,12,8,4
Aegwynnêr,blackmoore,765,deathknight,frost,20,10,10
Molgoth,outland,765,deathknight,frost,22,10,12
Дрогдош,howling-fjord,765,deathknight,frost,24,8,16
Арнорос,lich-king,764,deathknight,frost,12,8,4
Dkmonster,blackhand,763,deathknight,frost,24,8,16
Blurek,lordaeron,762,deathknight,frost,18,8,10
Xtream,blackmoore,762,deathknight,frost,18,8,10
Горгамель,howling-fjord,759,deathknight,frost,24,8,16
Мертвячино,deathguard,757,deathknight,frost,12,8,4
Lichfils,chogall,745,deathknight,frost,27,8,19
Брейвз,gordunni,731,deathknight,frost,17,8,9
Oweiowei,blackrock,672,deathknight,frost,12,7,5
Интерио,howling-fjord,672,deathknight,frost,12,7,5
Дедвбане,gordunni,672,deathknight,frost,14,7,7
Darkarthás,aegwynn,672,deathknight,frost,18,7,11
Doping,eredar,672,deathknight,frost,18,7,11
Fault,burning-legion,672,deathknight,frost,18,7,11
Darxiera,drakthul,671,deathknight,frost,12,7,5
Iceludwig,nemesis,671,deathknight,frost,12,7,5
Ischozâr,blackmoore,671,deathknight,frost,18,7,11
Halohuntress,outland,671,deathknight,frost,18,7,11
Varrazdk,blackrock,671,deathknight,frost,24,7,17
Holîx,kazzak,671,deathknight,frost,30,7,23
Lycowrath,doomhammer,670,deathknight,frost,12,7,5
Karthor,teldrassil,670,deathknight,frost,12,7,5
Uthn,outland,670,deathknight,frost,24,7,17
Annecanos,ravencrest,668,deathknight,frost,12,7,5
Sêmelia,blackrock,668,deathknight,frost,15,8,7
Blackjaxn,thrall,668,deathknight,frost,18,7,11
Merà,antonidas,668,deathknight,frost,24,7,17
Bruttox,kazzak,667,deathknight,frost,18,7,11
Trigot03B1C8,ravencrest,665,deathknight,frost,24,7,17
Menacê,ravencrest,662,deathknight,frost,18,7,11
Aczheron,argent-dawn,660,deathknight,frost,24,7,17
Antîlâ,antonidas,658,deathknight,frost,12,7,5
Dekagramcz,drakthul,653,deathknight,frost,27,7,20
Хуаролуксс,gordunni,643,deathknight,frost,35,7,28
Kleophatra,drakthul,637,deathknight,frost,11,7,4
Arthursq,stormscale,630,deathknight,frost,30,8,22
Ставраас,gordunni,605,deathknight,frost,20,7,13
Спамлюоковы,gordunni,576,deathknight,frost,6,6,0
Flúrry,ravencrest,576,deathknight,frost,12,6,6
Garùn,sylvanas,576,deathknight,frost,12,6,6
Azslan,skullcrusher,576,deathknight,frost,12,6,6
Савамура,gordunni,576,deathknight,frost,12,6,6
Orangatang,dalaran,576,deathknight,frost,12,6,6
Volestral,emeriss,576,deathknight,frost,12,6,6
Планус,booty-bay,576,deathknight,frost,12,6,6
Kàrásu,eredar,576,deathknight,frost,12,6,6
Xeliora,ragnaros,576,deathknight,frost,15,7,8
Oj,darkspear,576,deathknight,frost,18,6,12
Deathmike,steamwheedle-cartel,576,deathknight,frost,18,6,12
Parayysite,eredar,576,deathknight,frost,18,6,12
Rompå,ravencrest,576,deathknight,frost,18,6,12
Энвилион,howling-fjord,576,deathknight,frost,18,6,12
Raihor,outland,576,deathknight,frost,20,6,14
Marcellinus,hellfire,575,deathknight,frost,12,6,6
Dunkàn,silvermoon,575,deathknight,frost,12,6,6
Fatbutdead,malganis,575,deathknight,frost,12,6,6
Gotendk,draenor,575,deathknight,frost,12,6,6
Coldstrike,sunstrider,575,deathknight,frost,12,6,6
Moko,defias-brotherhood,575,deathknight,frost,12,6,6
Tugarinzmey,tarren-mill,575,deathknight,frost,18,6,12
Xenake,kazzak,575,deathknight,frost,18,6,12
Killerazog,rexxar,575,deathknight,frost,18,6,12
Grithala,draenor,574,deathknight,frost,12,6,6
Роземайер,ashenvale,574,deathknight,frost,12,6,6
Feekus,deathwing,574,deathknight,frost,12,6,6
Ahnuk,aggra-português,574,deathknight,frost,12,6,6
Angrist,terokkar,573,deathknight,frost,12,6,6
Izanagii,exodar,572,deathknight,frost,12,6,6
Фламмивир,gordunni,572,deathknight,frost,12,6,6
Сааттана,soulflayer,570,deathknight,frost,12,6,6
Pestilerous,draenor,559,deathknight,frost,23,6,17
Tyranuse,kazzak,527,deathknight,frost,17,6,11
Grimmoth,argent-dawn,480,deathknight,frost,6,5,1
Deckbulle,blackhand,480,deathknight,frost,6,5,1
Thebangman,ravencrest,480,deathknight,frost,9,6,3
Alinee,shadowsong,480,deathknight,frost,12,5,7
Дэвайна,gordunni,480,deathknight,frost,12,5,7
Nommad,archimonde,480,deathknight,frost,12,5,7
Hemopathy,tarren-mill,480,deathknight,frost,12,5,7
Nèrfx,ragnaros,480,deathknight,frost,12,5,7
Khnïshou,silvermoon,480,deathknight,frost,12,5,7
Runepride,argent-dawn,480,deathknight,frost,12,5,7
Ûñhølýðéåthj,tarren-mill,480,deathknight,frost,12,5,7
Брюшина,gordunni,480,deathknight,frost,12,5,7
Smellysock,tarren-mill,480,deathknight,frost,12,5,7
Руин,blackscar,480,deathknight,frost,12,5,7
Smardacus,silvermoon,480,deathknight,frost,12,5,7
Karax,draenor,480,deathknight,frost,12,5,7
Goochtickler,kazzak,480,deathknight,frost,12,5,7
Toshiroo,draenor,480,deathknight,frost,12,5,7
Stteff,sylvanas,480,deathknight,frost,15,6,9
Freeks,die-aldor,480,deathknight,frost,18,5,13
Nightglade,kilrogg,480,deathknight,frost,18,5,13
Xiddy,quelthalas,479,deathknight,frost,6,5,1
Nachtschwarz,amanthul,479,deathknight,frost,9,6,3
Ostridz,grim-batol,479,deathknight,frost,12,5,7
Смердонос,grom,479,deathknight,frost,12,5,7
Чёбышек,gordunni,479,deathknight,frost,12,5,7
Jowân,blackmoore,479,deathknight,frost,12,5,7
Hellcrosser,blackrock,479,deathknight,frost,12,5,7
Talge,defias-brotherhood,479,deathknight,frost,12,5,7
Breakstuff,twisting-nether,479,deathknight,frost,18,5,13
Roids,twisting-nether,479,deathknight,frost,18,5,13
Семиран,gordunni,479,deathknight,frost,18,5,13
Deadpòól,twisting-nether,479,deathknight,frost,18,5,13
Bigspider,aggramar,479,deathknight,frost,30,5,25
Appdeath,azjolnerub,478,deathknight,frost,12,5,7
Scárebear,outland,478,deathknight,frost,18,5,13
Copium,hyjal,477,deathknight,frost,12,5,7
Fishtruction,tarren-mill,476,deathknight,frost,12,5,7
Eisentorte,nerathor,476,deathknight,frost,26,5,21
Kejpo,drakthul,473,deathknight,frost,12,5,7
Докторктан,eversong,468,deathknight,frost,18,5,13
Husarz,kazzak,447,deathknight,frost,11,5,6
Malahide,khadgar,447,deathknight,frost,17,5,12
Sjöstedt,twisting-nether,447,deathknight,frost,17,5,12
Ilaenu,ravencrest,426,deathknight,frost,14,6,8
Niunialesbo,draenor,416,deathknight,frost,10,5,5
Oldiseas,grim-batol,384,deathknight,frost,6,4,2
Reann,argent-dawn,384,deathknight,frost,6,4,2
Servein,stormscale,384,deathknight,frost,6,4,2
Gozuryu,kazzak,384,deathknight,frost,6,4,2
Enzy,drakthul,384,deathknight,frost,6,4,2
Namzera,draenor,384,deathknight,frost,6,4,2
Unholyysteel,silvermoon,384,deathknight,frost,6,4,2
Phrek,outland,384,deathknight,frost,6,4,2
Воргтень,borean-tundra,384,deathknight,frost,6,4,2
Lemmegetuuh,chogall,384,deathknight,frost,6,4,2
Негинд,fordragon,384,deathknight,frost,9,5,4
Mohna,blackrock,384,deathknight,frost,12,4,8
Глэмнутый,howling-fjord,384,deathknight,frost,12,4,8
Doodcraft,tarren-mill,384,deathknight,frost,12,4,8
Primesnow,twisting-nether,384,deathknight,frost,12,4,8
Джайвана,soulflayer,384,deathknight,frost,12,4,8
Pawnzqtie,stormscale,384,deathknight,frost,12,4,8
Крозох,howling-fjord,384,deathknight,frost,12,4,8
Спиддоз,fordragon,384,deathknight,frost,12,4,8
Gegham,ravencrest,384,deathknight,frost,12,4,8
Maxmo,twilights-hammer,384,deathknight,frost,12,4,8
Apraxia,ravencrest,384,deathknight,frost,12,4,8
Zeldahell,dalaran,384,deathknight,frost,12,4,8
Йохан,greymane,384,deathknight,frost,12,4,8
Leomordf,doomhammer,384,deathknight,frost,12,4,8
Rakeschnake,teldrassil,384,deathknight,frost,12,4,8
Apocallyptic,auchindoun,384,deathknight,frost,12,4,8
Kane,destromath,384,deathknight,frost,12,4,8
Pappadeath,doomhammer,384,deathknight,frost,13,4,9
Кокосоус,gordunni,384,deathknight,frost,17,4,13
Hordak,stormscale,384,deathknight,frost,18,4,14
Beherith,sunstrider,383,deathknight,frost,6,4,2
Qooqooq,ravencrest,383,deathknight,frost,6,4,2
Tÿnak,der-mithrilorden,383,deathknight,frost,9,4,5
Гадиния,soulflayer,383,deathknight,frost,12,4,8
Kivo,marécage-de-zangar,383,deathknight,frost,12,4,8
Бранс,gordunni,383,deathknight,frost,12,4,8
Eckodk,aggra-português,383,deathknight,frost,12,4,8
Dkdiz,kazzak,383,deathknight,frost,12,4,8
Breeze,xavius,383,deathknight,frost,12,4,8
Reyu,ambossar,383,deathknight,frost,16,4,12
Rades,sanguino,383,deathknight,frost,18,4,14
Belâam,archimonde,383,deathknight,frost,24,4,20
Группер,gordunni,382,deathknight,frost,6,4,2
Дневнои,howling-fjord,382,deathknight,frost,12,4,8
Vicoperian,stormscale,382,deathknight,frost,12,4,8
Poaka,outland,380,deathknight,frost,12,4,8
Iikarus,eredar,376,deathknight,frost,18,4,14
Saurøn,chogall,349,deathknight,frost,11,4,7
Душанерзула,howling-fjord,330,deathknight,frost,18,6,12
Macskye,malfurion,320,deathknight,frost,10,4,6
Vín,silvermoon,319,deathknight,frost,10,4,6
Ballie,tarren-mill,288,deathknight,frost,6,3,3
Nÿr,dalaran,288,deathknight,frost,6,3,3
Keridíin,twisting-nether,288,deathknight,frost,6,3,3
Zathy,twisting-nether,288,deathknight,frost,6,3,3
Modelo,twisting-nether,288,deathknight,frost,6,3,3
Bloodbane,burning-blade,288,deathknight,frost,6,3,3
Xanthic,ravencrest,288,deathknight,frost,6,3,3
Dudik,sylvanas,288,deathknight,frost,6,3,3
Cyphîllyth,auchindoun,288,deathknight,frost,6,3,3
Винерас,soulflayer,288,deathknight,frost,6,3,3
Джеттар,howling-fjord,288,deathknight,frost,6,3,3
Nasxsy,blackmoore,288,deathknight,frost,6,3,3
Vaanor,draenor,288,deathknight,frost,6,3,3
Гурий,ashenvale,288,deathknight,frost,6,3,3
Lukus,sanguino,288,deathknight,frost,6,3,3
Lair,shendralar,288,deathknight,frost,6,3,3
Mauor,argent-dawn,288,deathknight,frost,6,3,3
Шэйп,fordragon,288,deathknight,frost,6,3,3
Sandør,conseil-des-ombres,288,deathknight,frost,6,3,3
Castlevanía,ravencrest,288,deathknight,frost,6,3,3
Bóby,ravencrest,288,deathknight,frost,6,3,3
Vainajala,die-aldor,288,deathknight,frost,6,3,3
Leijzen,azjolnerub,288,deathknight,frost,6,3,3
Микелон,gordunni,288,deathknight,frost,6,3,3
Hailay,ysondre,288,deathknight,frost,6,3,3
Petardodupy,burning-legion,288,deathknight,frost,6,3,3
Huruguru,ravencrest,288,deathknight,frost,6,3,3
Vexxed,magtheridon,288,deathknight,frost,6,3,3
Whippy,ravencrest,288,deathknight,frost,6,3,3
Трибунальщик,gordunni,288,deathknight,frost,6,3,3
Ghu,stormscale,288,deathknight,frost,6,3,3
Dêeath,madmortem,288,deathknight,frost,6,3,3
Ogomegee,ravencrest,288,deathknight,frost,6,3,3
Madsgrip,tarren-mill,288,deathknight,frost,6,3,3
Innerfrigus,tarren-mill,288,deathknight,frost,6,3,3
Cptneverdie,stormscale,288,deathknight,frost,6,3,3
Westdx,hyjal,288,deathknight,frost,6,3,3
Jjayker,kazzak,288,deathknight,frost,6,3,3
Xøry,blackrock,288,deathknight,frost,6,3,3
Tómér,outland,288,deathknight,frost,6,3,3
Hellcrusher,kazzak,288,deathknight,frost,6,3,3
Tÿttyka,hyjal,288,deathknight,frost,6,3,3
Persefal,nemesis,288,deathknight,frost,6,3,3
Neptunium,archimonde,288,deathknight,frost,6,3,3
Kèén,kazzak,288,deathknight,frost,6,3,3
Necrozy,aggra-português,288,deathknight,frost,6,3,3
Loorda,kazzak,288,deathknight,frost,6,3,3
Deathlïght,nemesis,288,deathknight,frost,11,5,6
Merdenhall,argent-dawn,288,deathknight,frost,7,3,4
Nexxel,blackhand,288,deathknight,frost,11,3,8
Gorruk,malorne,288,deathknight,frost,12,3,9
Râke,teldrassil,288,deathknight,frost,12,3,9
Moohammood,argent-dawn,288,deathknight,frost,12,3,9
Scourgebane,kazzak,288,deathknight,frost,12,3,9
Chifuyu,azjolnerub,288,deathknight,frost,12,3,9
Thedk,voljin,288,deathknight,frost,12,3,9
Discochoppa,blackmoore,288,deathknight,frost,12,3,9
Emielf,silvermoon,288,deathknight,frost,12,3,9
Prekliatylad,burning-blade,288,deathknight,frost,12,3,9
Ezlar,silvermoon,288,deathknight,frost,12,3,9
Тенелла,gordunni,288,deathknight,frost,12,3,9
Unholz,kazzak,288,deathknight,frost,12,3,9
Milchimhaus,dun-morogh,288,deathknight,frost,12,3,9
Thilior,silvermoon,288,deathknight,frost,12,3,9
Obstwald,blackrock,288,deathknight,frost,12,3,9
Powerlifting,los-errantes,288,deathknight,frost,12,3,9
Yäägöö,tarren-mill,288,deathknight,frost,12,3,9
Никсиомий,gordunni,288,deathknight,frost,12,3,9
Корольбич,soulflayer,288,deathknight,frost,13,3,10
Ilumëo,quelthalas,287,deathknight,frost,6,3,3
Balekouille,eldrethalas,287,deathknight,frost,6,3,3
Icebitten,argent-dawn,287,deathknight,frost,6,3,3
Brantiss,defias-brotherhood,287,deathknight,frost,6,3,3
Itzdarklord,blackhand,286,deathknight,frost,6,3,3
Whitedead,destromath,286,deathknight,frost,6,3,3
Housemeyster,antonidas,286,deathknight,frost,12,3,9
Tiunping,silvermoon,286,deathknight,frost,12,3,9
Deadorcy,kazzak,285,deathknight,frost,9,4,5
Venthyrgwa,kazzak,284,deathknight,frost,7,5,2
Rubyblood,aggra-português,271,deathknight,frost,11,3,8
Blueironjr,kazzak,239,deathknight,frost,5,3,2
Aeneriah,tarren-mill,223,deathknight,frost,8,3,5
ßæst,archimonde,208,deathknight,frost,7,3,4
Dimania,the-maelstrom,192,deathknight,frost,4,3,1
Necrossis,stormscale,192,deathknight,frost,6,2,4
Lemonhazebg,stormscale,192,deathknight,frost,6,2,4
Arthrosis,tarren-mill,192,deathknight,frost,6,2,4
Darksoulk,frostmane,192,deathknight,frost,6,2,4
Abomination,emeriss,192,deathknight,frost,6,2,4
Bytedk,aggra-português,192,deathknight,frost,6,2,4
Ghaloob,draenor,192,deathknight,frost,6,2,4
Wantobewarri,blackhand,192,deathknight,frost,6,2,4
Vadamee,ravencrest,192,deathknight,frost,6,2,4
Olexeshh,blackhand,192,deathknight,frost,6,2,4
Likell,argent-dawn,192,deathknight,frost,6,2,4
Vaffe,tarren-mill,192,deathknight,frost,6,2,4
Xeevdk,kazzak,192,deathknight,frost,6,2,4
Эвессом,goldrinn,192,deathknight,frost,6,2,4
Dreadmind,blackrock,192,deathknight,frost,6,2,4
Tyró,ravencrest,192,deathknight,frost,6,2,4
Julezi,blackmoore,192,deathknight,frost,6,2,4
Deathdayben,kazzak,192,deathknight,frost,6,2,4
Ðeathceptiøn,dun-modr,192,deathknight,frost,6,2,4
Doubledead,the-maelstrom,192,deathknight,frost,6,2,4
Frostplague,aegwynn,192,deathknight,frost,6,2,4
Сивкабурка,fordragon,192,deathknight,frost,6,2,4
Notstacy,dragonblight,192,deathknight,frost,6,2,4
Babsyknight,wildhammer,192,deathknight,frost,6,2,4
Dklol,dun-morogh,192,deathknight,frost,6,2,4
Archdemonio,wildhammer,192,deathknight,frost,6,2,4
Goretex,pozzo-delleternità,192,deathknight,frost,6,2,4
Mennal,the-maelstrom,192,deathknight,frost,6,2,4
Dysnomiya,antonidas,192,deathknight,frost,6,2,4
Royalcrown,stormscale,192,deathknight,frost,6,2,4
Seasonfive,arathor,192,deathknight,frost,6,2,4
Constantyn,blackrock,192,deathknight,frost,6,2,4
Toffy,anetheron,192,deathknight,frost,6,2,4
Arjaden,doomhammer,192,deathknight,frost,6,2,4
Ratge,hyjal,192,deathknight,frost,6,2,4
Deathuss,silvermoon,192,deathknight,frost,6,2,4
Ashguol,twisting-nether,192,deathknight,frost,6,2,4
Highblood,tarren-mill,192,deathknight,frost,6,2,4
Karaliuss,draenor,192,deathknight,frost,6,2,4
Rømnie,la-croisade-écarlate,192,deathknight,frost,6,2,4
Expiredsauce,silvermoon,192,deathknight,frost,6,2,4
Ilovegouàng,khaz-modan,192,deathknight,frost,6,2,4
Сванский,soulflayer,192,deathknight,frost,6,2,4
Капустас,gordunni,192,deathknight,frost,6,2,4
Doozz,draenor,192,deathknight,frost,6,2,4
Nergål,sanguino,192,deathknight,frost,6,2,4
Windieselx,ragnaros,192,deathknight,frost,6,2,4
Pandahapcii,ragnaros,192,deathknight,frost,6,2,4
Аирфрост,howling-fjord,192,deathknight,frost,6,2,4
Sugarcakedk,blackrock,192,deathknight,frost,6,2,4
Силдэус,galakrond,192,deathknight,frost,6,2,4
Ikarack,twisting-nether,192,deathknight,frost,6,2,4
Nathoel,zuljin,192,deathknight,frost,6,2,4
Металистикс,howling-fjord,192,deathknight,frost,6,2,4
Adreak,defias-brotherhood,192,deathknight,frost,12,2,10
Бахлыщ,soulflayer,192,deathknight,frost,12,2,10
Erilisa,malorne,192,deathknight,frost,12,2,10
Narrua,die-aldor,192,deathknight,frost,12,2,10
Lillekas,outland,192,deathknight,frost,12,2,10
Dklékata,archimonde,192,deathknight,frost,12,2,10
Deadlygnome,silvermoon,192,deathknight,frost,12,2,10
Kenseisan,kazzak,192,deathknight,frost,12,2,10
Tüsa,exodar,192,deathknight,frost,18,2,16
Moograine,anachronos,191,deathknight,frost,6,2,4
Ренкус,grom,191,deathknight,frost,6,2,4
Lithirion,ysondre,191,deathknight,frost,12,2,10
Bloodywife,die-ewige-wacht,159,deathknight,frost,5,2,3
Endlesspain,burning-legion,138,deathknight,frost,8,3,5
Maradk,drakthul,127,deathknight,frost,8,2,6
Zpartan,ragnaros,96,deathknight,frost,6,1,5
Rognvald,les-sentinelles,96,deathknight,frost,6,1,5
Jacksc,aggramar,96,deathknight,frost,6,1,5
Kptayn,culte-de-la-rive-noire,96,deathknight,frost,6,1,5
Lilliith,sanguino,96,deathknight,frost,6,1,5
Todevcha,draenor,96,deathknight,frost,6,1,5
Thínkk,ysondre,96,deathknight,frost,6,1,5
Дкшрёдингера,gordunni,96,deathknight,frost,6,1,5
Veçh,turalyon,96,deathknight,frost,6,1,5
Triqué,antonidas,96,deathknight,frost,6,1,5
Sarunâs,antonidas,96,deathknight,frost,6,1,5
Hydross,archimonde,96,deathknight,frost,6,1,5
Yoroh,magtheridon,96,deathknight,frost,6,1,5
Gotbaked,outland,96,deathknight,frost,6,1,5
Thyrandre,khaz-modan,96,deathknight,frost,6,1,5
Brurf,ysondre,96,deathknight,frost,6,1,5
ßlink,dun-modr,96,deathknight,frost,6,1,5
Wântted,archimonde,96,deathknight,frost,6,1,5
Thryndiel,ravencrest,96,deathknight,frost,6,1,5
Umadßroh,sanguino,96,deathknight,frost,6,1,5
Filmsyz,ravencrest,96,deathknight,frost,6,1,5
Armanelo,stormscale,96,deathknight,frost,6,1,5
Feddk,stormscale,96,deathknight,frost,6,1,5
Syncros,blackrock,96,deathknight,frost,6,1,5
Mârlák,blackhand,96,deathknight,frost,6,1,5
Lusankyaa,argent-dawn,96,deathknight,frost,6,1,5
Миреанда,eversong,96,deathknight,frost,6,1,5
Thirtyfour,aegwynn,96,deathknight,frost,6,1,5
Bwonsamdiez,kazzak,96,deathknight,frost,6,1,5
Greatgrips,argent-dawn,96,deathknight,frost,6,1,5
Veleran,blackrock,96,deathknight,frost,6,1,5
Lîçhkîng,kazzak,96,deathknight,frost,6,1,5
Skalbjörn,arathor,96,deathknight,frost,6,1,5
Идзанаги,blackscar,96,deathknight,frost,6,1,5
Hurz,archimonde,96,deathknight,frost,6,1,5
Urukaye,silvermoon,96,deathknight,frost,6,1,5
Rudysek,dunemaul,96,deathknight,frost,6,1,5
Conqueròr,tarren-mill,96,deathknight,frost,6,1,5
Буризан,blackscar,96,deathknight,frost,6,1,5
Zagoôo,outland,96,deathknight,frost,6,1,5
Dïkcite,archimonde,96,deathknight,frost,6,1,5
Slimez,magtheridon,96,deathknight,frost,6,1,5
Gigadk,ragnaros,96,deathknight,frost,6,1,5
Mizrael,burning-blade,96,deathknight,frost,6,1,5
Cedex,tarren-mill,96,deathknight,frost,6,1,5
Jenkk,drakthul,96,deathknight,frost,6,1,5
Sokkara,silvermoon,96,deathknight,frost,6,1,5
Synthwave,tarren-mill,96,deathknight,frost,6,1,5
Ódar,silvermoon,96,deathknight,frost,6,1,5
Pokkel,silvermoon,96,deathknight,frost,6,1,5
Промештейн,gordunni,96,deathknight,frost,9,1,8
Shaturi,antonidas,96,deathknight,frost,12,1,11
Müldgren,ysondre,96,deathknight,frost,12,1,11
Лятеха,gordunni,96,deathknight,frost,12,1,11
Хенстор,gordunni,96,deathknight,frost,12,1,11
Burebistà,eonar,96,deathknight,frost,12,1,11
Nirna,argent-dawn,96,deathknight,frost,24,1,23
Arzuriel,arygos,95,deathknight,frost,6,1,5
Infamousmobb,archimonde,79,deathknight,frost,5,1,4
Pandòrà,dun-modr,79,deathknight,frost,5,1,4
Zýnês,thrall,79,deathknight,frost,5,1,4
Tamatus,ulduar,79,deathknight,frost,11,1,10
Lathspelli,zenedar,64,deathknight,frost,4,1,3
Grubyr,burning-legion,31,deathknight,frost,2,1,1
Norgan,die-aldor,2339,demonhunter,havoc,153,85,68
Siuli,minahonda,2327,demonhunter,havoc,209,110,99
Norgàn,die-aldor,2307,demonhunter,havoc,161,89,72
Dripcatchér,ravencrest,2284,demonhunter,havoc,116,65,51
Íllìðåñgøðx,twisting-nether,2284,demonhunter,havoc,280,144,136
Razzagall,elune,2247,demonhunter,havoc,77,41,36
Elswavé,kazzak,2231,demonhunter,havoc,168,95,73
Guësswho,twisting-nether,2201,demonhunter,havoc,117,60,57
Zuklio,ysondre,2188,demonhunter,havoc,194,99,95
Zslebaans,dun-modr,2173,demonhunter,havoc,266,134,132
Mips,ghostlands,2161,demonhunter,havoc,120,61,59
Ðesz,sanguino,2153,demonhunter,havoc,95,52,43
Itsdampbaby,kazzak,2151,demonhunter,havoc,121,63,58
Glìmpsêgøðx,twisting-nether,2148,demonhunter,havoc,267,140,127
Majînßûü,ravencrest,2147,demonhunter,havoc,77,42,35
Rùkîbazùkï,ravencrest,2146,demonhunter,havoc,83,51,32
Melan,sanguino,2146,demonhunter,havoc,162,82,80
Battlebruh,ghostlands,2143,demonhunter,havoc,116,59,57
Мортрэд,gordunni,2133,demonhunter,havoc,107,66,41
Brolafsen,ravencrest,2131,demonhunter,havoc,126,66,60
Ewynadh,die-aldor,2127,demonhunter,havoc,241,124,117
Enysia,twisting-nether,2127,demonhunter,havoc,122,62,60
Badtime,malganis,2126,demonhunter,havoc,218,117,101
Bxdh,argent-dawn,2126,demonhunter,havoc,168,87,81
Natosyywaor,dun-modr,2124,demonhunter,havoc,77,40,37
Hellwynne,archimonde,2117,demonhunter,havoc,134,78,56
Cuddlypeanut,argent-dawn,2115,demonhunter,havoc,291,147,144
Лфгхиро,soulflayer,2101,demonhunter,havoc,65,37,28
Milanto,antonidas,2062,demonhunter,havoc,155,80,75
Boostbydh,archimonde,2059,demonhunter,havoc,279,143,136
Évø,silvermoon,2044,demonhunter,havoc,153,74,79
Apfelbaum,die-aldor,2038,demonhunter,havoc,84,58,26
Lelaniae,blackhand,2034,demonhunter,havoc,90,43,47
Истребитель,blackscar,2031,demonhunter,havoc,372,204,168
Dantert,zuljin,2030,demonhunter,havoc,84,48,36
Mavorz,blackhand,2026,demonhunter,havoc,60,38,22
Wibez,twisting-nether,2018,demonhunter,havoc,172,96,76
Demonalpha,stormscale,2018,demonhunter,havoc,61,34,27
Nèvér,silvermoon,2014,demonhunter,havoc,143,74,69
Heatx,ysondre,2012,demonhunter,havoc,216,115,101
Shattre,silvermoon,2012,demonhunter,havoc,173,91,82
Yukiz,ravencrest,2011,demonhunter,havoc,137,72,65
Lòsêr,ravencrest,2009,demonhunter,havoc,114,58,56
Neunelfturbo,ravencrest,2007,demonhunter,havoc,77,48,29
Sofun,stormscale,2007,demonhunter,havoc,494,250,244
Scubaman,tarren-mill,2001,demonhunter,havoc,168,88,80
Badtimes,malganis,1998,demonhunter,havoc,301,156,145
Лфгнехиро,soulflayer,1997,demonhunter,havoc,24,21,3
Диджейвжух,gordunni,1996,demonhunter,havoc,143,72,71
Smydi,blackmoore,1991,demonhunter,havoc,112,82,30
Ricedh,blackhand,1991,demonhunter,havoc,84,44,40
Antrix,ravencrest,1988,demonhunter,havoc,53,28,25
Рензокукеен,gordunni,1988,demonhunter,havoc,80,40,40
Veon,ravencrest,1988,demonhunter,havoc,281,136,145
Avye,tichondrius,1984,demonhunter,havoc,108,54,54
Wàýztøpgx,ravencrest,1984,demonhunter,havoc,137,63,74
Ezrnkone,stormscale,1983,demonhunter,havoc,83,51,32
Ráiku,ravencrest,1983,demonhunter,havoc,72,37,35
Yúki,blackrock,1983,demonhunter,havoc,102,51,51
Konydh,outland,1982,demonhunter,havoc,332,172,160
Qk,ghostlands,1973,demonhunter,havoc,60,34,26
Gíftig,ravencrest,1973,demonhunter,havoc,184,97,87
Bämbøué,hyjal,1970,demonhunter,havoc,113,56,57
Anabbele,kazzak,1968,demonhunter,havoc,96,52,44
Skywålker,stormscale,1966,demonhunter,havoc,111,59,52
Betterevoker,outland,1966,demonhunter,havoc,294,154,140
Battlebruuh,ghostlands,1964,demonhunter,havoc,72,31,41
Shotraklul,zuljin,1962,demonhunter,havoc,81,40,41
Ohseri,defias-brotherhood,1962,demonhunter,havoc,245,120,125
Finwe,outland,1959,demonhunter,havoc,75,44,31
Майотх,gordunni,1958,demonhunter,havoc,343,175,168
Írony,draenor,1958,demonhunter,havoc,198,97,101
Miscóde,twisting-nether,1957,demonhunter,havoc,78,47,31
Aiean,ravencrest,1945,demonhunter,havoc,342,170,172
Depure,blackrock,1945,demonhunter,havoc,135,64,71
Nèvér,kazzak,1939,demonhunter,havoc,121,69,52
Maytherel,blackhand,1939,demonhunter,havoc,312,156,156
Bogren,sylvanas,1938,demonhunter,havoc,145,73,72
Chïbrøne,archimonde,1937,demonhunter,havoc,84,38,46
Empúsa,stormscale,1936,demonhunter,havoc,164,90,74
Ozu,blackrock,1936,demonhunter,havoc,120,60,60
Çrymemøre,dun-modr,1935,demonhunter,havoc,173,93,80
Læsy,antonidas,1932,demonhunter,havoc,175,87,88
Tórstenstøck,ravencrest,1928,demonhunter,havoc,71,48,23
Satånist,outland,1928,demonhunter,havoc,310,162,148
Солфдх,fordragon,1927,demonhunter,havoc,114,55,59
Камуи,gordunni,1926,demonhunter,havoc,129,69,60
Máédhros,ravencrest,1926,demonhunter,havoc,88,45,43
Paschli,tarren-mill,1925,demonhunter,havoc,288,146,142
Carritoscrm,outland,1920,demonhunter,havoc,90,40,50
Pipeandy,kazzak,1919,demonhunter,havoc,125,66,59
Dpsspec,draenor,1919,demonhunter,havoc,120,58,62
Нэйтиси,soulflayer,1918,demonhunter,havoc,86,46,40
Ïfï,archimonde,1918,demonhunter,havoc,177,94,83
Minifranger,archimonde,1918,demonhunter,havoc,291,152,139
Burchulica,sylvanas,1917,demonhunter,havoc,66,39,27
Cydh,auchindoun,1917,demonhunter,havoc,90,45,45
Yerla,burning-legion,1917,demonhunter,havoc,98,45,53
Antrixa,ravencrest,1916,demonhunter,havoc,62,34,28
Leýara,blackmoore,1915,demonhunter,havoc,117,68,49
Ææçëñ,ravencrest,1915,demonhunter,havoc,112,58,54
Zkrdh,kazzak,1914,demonhunter,havoc,83,41,42
Wibergdh,kazzak,1911,demonhunter,havoc,78,42,36
Gushìñgwøuñð,blackmoore,1910,demonhunter,havoc,59,34,25
Pulsefuzzy,burning-legion,1908,demonhunter,havoc,71,39,32
Krm,dun-modr,1907,demonhunter,havoc,67,36,31
Ûro,dun-modr,1906,demonhunter,havoc,132,65,67
Smâshêd,stormscale,1902,demonhunter,havoc,176,103,73
Ourius,blackmoore,1900,demonhunter,havoc,66,36,30
Zhadrom,ragnaros,1900,demonhunter,havoc,84,38,46
Cyfel,auchindoun,1899,demonhunter,havoc,71,36,35
Véin,stormscale,1898,demonhunter,havoc,71,31,40
Yamehd,stormreaver,1893,demonhunter,havoc,78,43,35
Mojothejojo,ravencrest,1891,demonhunter,havoc,130,72,58
Моигваза,soulflayer,1890,demonhunter,havoc,59,30,29
Yarrøck,silvermoon,1888,demonhunter,havoc,189,99,90
Gilletteabdi,argent-dawn,1887,demonhunter,havoc,223,109,114
Perojeina,draenor,1885,demonhunter,havoc,41,22,19
Dizbi,argent-dawn,1884,demonhunter,havoc,153,90,63
Illíllìllî,twisting-nether,1883,demonhunter,havoc,72,35,37
Schrewneil,twisting-nether,1882,demonhunter,havoc,72,30,42
Chxpo,twisting-nether,1881,demonhunter,havoc,113,61,52
Damatche,outland,1880,demonhunter,havoc,178,88,90
Monkeyddog,blackrock,1879,demonhunter,havoc,63,28,35
Viced,kazzak,1878,demonhunter,havoc,84,40,44
Brunhity,twisting-nether,1878,demonhunter,havoc,59,28,31
Cuirnoir,ravencrest,1877,demonhunter,havoc,60,35,25
Клопобойка,gordunni,1876,demonhunter,havoc,91,49,42
Neiìf,blackhand,1876,demonhunter,havoc,60,24,36
Бабкамопед,howling-fjord,1875,demonhunter,havoc,191,101,90
Boxssabanned,archimonde,1875,demonhunter,havoc,143,70,73
Jumpmeister,ragnaros,1873,demonhunter,havoc,48,30,18
Cerad,ragnaros,1872,demonhunter,havoc,30,24,6
Chàk,marécage-de-zangar,1871,demonhunter,havoc,167,81,86
Nøbodyx,tarren-mill,1869,demonhunter,havoc,162,80,82
Dämonbumm,blackmoore,1866,demonhunter,havoc,69,36,33
Androwdings,dalaran,1863,demonhunter,havoc,63,35,28
Donkeydh,tarren-mill,1862,demonhunter,havoc,66,41,25
Mittÿ,tarren-mill,1862,demonhunter,havoc,137,66,71
Jincksdh,kazzak,1861,demonhunter,havoc,61,29,32
Sturmimon,arthas,1861,demonhunter,havoc,102,46,56
Ranked,drakthul,1859,demonhunter,havoc,197,96,101
Asukakazama,twisting-nether,1856,demonhunter,havoc,75,33,42
Billyhassan,kazzak,1855,demonhunter,havoc,90,56,34
Bloodwatcher,twisting-nether,1855,demonhunter,havoc,59,29,30
Drmanaburn,ravencrest,1854,demonhunter,havoc,48,28,20
Jeannedäsh,archimonde,1854,demonhunter,havoc,115,58,57
Mädchen,blackhand,1854,demonhunter,havoc,48,23,25
Onlyfangodx,antonidas,1853,demonhunter,havoc,42,22,20
Geauxinue,archimonde,1853,demonhunter,havoc,82,40,42
Batik,blackmoore,1852,demonhunter,havoc,258,132,126
Lassudan,stormreaver,1851,demonhunter,havoc,122,59,63
Mønkeyx,kazzak,1849,demonhunter,havoc,66,39,27
Oldforwow,outland,1849,demonhunter,havoc,198,103,95
Notlars,chamber-of-aspects,1848,demonhunter,havoc,71,40,31
Iryut,onyxia,1848,demonhunter,havoc,108,54,54
Kebabidin,kazzak,1847,demonhunter,havoc,79,36,43
Flyingwhale,terokkar,1846,demonhunter,havoc,81,46,35
Нереалочка,blackscar,1845,demonhunter,havoc,42,23,19
Grimjow,arthas,1843,demonhunter,havoc,73,34,39
Evilidan,hyjal,1840,demonhunter,havoc,60,27,33
Realtrance,sanguino,1839,demonhunter,havoc,50,30,20
Màuul,ravencrest,1839,demonhunter,havoc,207,102,105
Rxor,eredar,1838,demonhunter,havoc,120,66,54
Amnésysx,ysondre,1838,demonhunter,havoc,113,56,57
Fotmdehatwo,blackrock,1837,demonhunter,havoc,61,32,29
Ilovelilith,zuljin,1837,demonhunter,havoc,129,67,62
Delanoss,blackmoore,1837,demonhunter,havoc,163,84,79
Whøo,stormscale,1835,demonhunter,havoc,26,24,2
Ðoksy,archimonde,1835,demonhunter,havoc,60,31,29
Jinwoo,area-52,1835,demonhunter,havoc,60,30,30
Åáäàáåàáäàáå,dun-modr,1835,demonhunter,havoc,92,43,49
Kïng,frostmane,1834,demonhunter,havoc,180,106,74
Lasaka,stormscale,1833,demonhunter,havoc,155,95,60
Zeroques,frostmane,1831,demonhunter,havoc,66,33,33
Revérse,stormscale,1831,demonhunter,havoc,42,20,22
Сасун,galakrond,1831,demonhunter,havoc,69,32,37
Supay,rexxar,1830,demonhunter,havoc,58,31,27
Demoncyka,twisting-nether,1830,demonhunter,havoc,76,34,42
Charteryo,eredar,1829,demonhunter,havoc,60,35,25
Kardyö,archimonde,1829,demonhunter,havoc,120,57,63
Pogdh,silvermoon,1827,demonhunter,havoc,81,46,35
Sayph,hyjal,1826,demonhunter,havoc,54,30,24
Tozpak,sylvanas,1826,demonhunter,havoc,76,35,41
Deehâ,eredar,1825,demonhunter,havoc,108,60,48
Сибу,soulflayer,1825,demonhunter,havoc,48,21,27
Anerana,malganis,1824,demonhunter,havoc,166,79,87
Mürh,nordrassil,1824,demonhunter,havoc,54,25,29
Barneeéy,tarren-mill,1823,demonhunter,havoc,113,62,51
Eyecandy,scarshield-legion,1823,demonhunter,havoc,238,120,118
Qqski,kazzak,1822,demonhunter,havoc,54,31,23
Eyasluna,twisting-nether,1822,demonhunter,havoc,112,53,59
Brainlessdmg,ragnaros,1821,demonhunter,havoc,48,28,20
Uldren,defias-brotherhood,1821,demonhunter,havoc,200,102,98
Azzïnoth,sargeras,1820,demonhunter,havoc,78,46,32
Simshady,stormscale,1820,demonhunter,havoc,151,86,65
Barny,skullcrusher,1820,demonhunter,havoc,347,179,168
Onof,hyjal,1820,demonhunter,havoc,96,43,53
Breezzdh,twisting-nether,1819,demonhunter,havoc,99,53,46
Элизар,howling-fjord,1819,demonhunter,havoc,138,70,68
Luwayne,blackmoore,1818,demonhunter,havoc,47,21,26
Corvox,argent-dawn,1818,demonhunter,havoc,75,32,43
Dreamslash,tarren-mill,1817,demonhunter,havoc,52,29,23
Shyynedh,grim-batol,1817,demonhunter,havoc,99,53,46
Elipireli,doomhammer,1817,demonhunter,havoc,78,37,41
Nørðìç,nordrassil,1816,demonhunter,havoc,42,25,17
Broglaive,sylvanas,1816,demonhunter,havoc,120,66,54
Velysaría,guldan,1816,demonhunter,havoc,172,94,78
Подэхилла,galakrond,1816,demonhunter,havoc,130,71,59
Gøat,nemesis,1816,demonhunter,havoc,178,97,81
Dhgoddess,kazzak,1815,demonhunter,havoc,48,25,23
Dasein,tarren-mill,1814,demonhunter,havoc,84,42,42
Perna,ghostlands,1814,demonhunter,havoc,74,34,40
Unseenshadow,ragnaros,1813,demonhunter,havoc,60,25,35
Voicechat,tarren-mill,1812,demonhunter,havoc,42,26,16
Fullsënd,ragnaros,1812,demonhunter,havoc,286,147,139
Ehrin,lightbringer,1812,demonhunter,havoc,128,65,63
Найтшифт,blackscar,1811,demonhunter,havoc,46,29,17
Vexanic,chamber-of-aspects,1811,demonhunter,havoc,93,49,44
Djratatouill,kazzak,1810,demonhunter,havoc,42,27,15
Юзлескласс,gordunni,1810,demonhunter,havoc,48,28,20
Kinstak,sanguino,1810,demonhunter,havoc,72,39,33
Khrtdh,silvermoon,1810,demonhunter,havoc,48,26,22
Firstwolf,twisting-nether,1810,demonhunter,havoc,65,31,34
Bigmóm,stormscale,1810,demonhunter,havoc,114,52,62
Хменчик,soulflayer,1809,demonhunter,havoc,97,47,50
Lemondehunta,twisting-nether,1808,demonhunter,havoc,60,33,27
Mandariâ,blackmoore,1808,demonhunter,havoc,60,32,28
Çøððøøððøøðð,blackmoore,1808,demonhunter,havoc,390,195,195
Sàskiàn,draenor,1808,demonhunter,havoc,102,50,52
Hopéless,aggra-português,1807,demonhunter,havoc,82,42,40
Xarôth,eredar,1807,demonhunter,havoc,78,37,41
Felom,garona,1806,demonhunter,havoc,138,75,63
Дантеллиан,gordunni,1806,demonhunter,havoc,216,117,99
Кейтпрнстарс,howling-fjord,1806,demonhunter,havoc,206,111,95
Allosa,argent-dawn,1805,demonhunter,havoc,96,51,45
Broilerx,balnazzar,1805,demonhunter,havoc,110,56,54
Eréthrus,ravencrest,1805,demonhunter,havoc,67,32,35
Zireáel,stormscale,1804,demonhunter,havoc,74,40,34
Rvnx,archimonde,1804,demonhunter,havoc,359,190,169
Illidarisi,auchindoun,1803,demonhunter,havoc,102,58,44
Kividari,dun-modr,1803,demonhunter,havoc,101,50,51
Myuøu,hyjal,1803,demonhunter,havoc,53,25,28
Jawohunt,rexxar,1803,demonhunter,havoc,108,49,59
Блэйденрифтс,soulflayer,1802,demonhunter,havoc,58,33,25
Mazöku,ravencrest,1802,demonhunter,havoc,158,84,74
Phesxdh,sylvanas,1801,demonhunter,havoc,122,77,45
Carboen,tarren-mill,1801,demonhunter,havoc,114,59,55
Jimfromsales,argent-dawn,1800,demonhunter,havoc,36,19,17
Vaiprix,ragnaros,1800,demonhunter,havoc,48,24,24
Kindablind,aggramar,1800,demonhunter,havoc,125,61,64
Jco,kazzak,1800,demonhunter,havoc,50,23,27
Periphere,eredar,1800,demonhunter,havoc,66,30,36
Миелион,gordunni,1800,demonhunter,havoc,65,29,36
Koiskdh,tarren-mill,1799,demonhunter,havoc,70,42,28
Maevê,frostmourne,1798,demonhunter,havoc,67,32,35
Icekissl,hyjal,1797,demonhunter,havoc,40,20,20
Barbarinjo,silvermoon,1796,demonhunter,havoc,48,28,20
Khétí,tarren-mill,1796,demonhunter,havoc,113,58,55
Maurî,tarren-mill,1796,demonhunter,havoc,55,25,30
Уполномочен,howling-fjord,1794,demonhunter,havoc,60,32,28
Daemonax,ragnaros,1794,demonhunter,havoc,116,58,58
Camtoe,ravencrest,1793,demonhunter,havoc,264,144,120
Fiveyearques,sylvanas,1792,demonhunter,havoc,111,51,60
Fiduci,archimonde,1792,demonhunter,havoc,42,19,23
Dânÿ,elune,1791,demonhunter,havoc,129,65,64
Ethína,kazzak,1791,demonhunter,havoc,78,38,40
Smoothbraiin,ravencrest,1790,demonhunter,havoc,149,80,69
Funkiller,stormscale,1790,demonhunter,havoc,82,43,39
Дезлее,gordunni,1788,demonhunter,havoc,66,36,30
Kostiq,kazzak,1787,demonhunter,havoc,59,30,29
Stràt,ysondre,1787,demonhunter,havoc,143,66,77
Brawngodx,draenor,1786,demonhunter,havoc,97,62,35
Razex,kazzak,1786,demonhunter,havoc,174,91,83
Malignantx,ragnaros,1786,demonhunter,havoc,110,55,55
Slaanaesh,kazzak,1786,demonhunter,havoc,86,41,45
Кайренсс,howling-fjord,1786,demonhunter,havoc,42,19,23
Erzàuwu,silvermoon,1786,demonhunter,havoc,59,24,35
Øctågøñ,blackrock,1784,demonhunter,havoc,164,88,76
Amatèrasú,kazzak,1784,demonhunter,havoc,58,29,29
Dbolmami,twisting-nether,1783,demonhunter,havoc,40,27,13
Гранкрю,blackscar,1783,demonhunter,havoc,78,44,34
Аркантт,soulflayer,1782,demonhunter,havoc,273,130,143
Nillrogthedh,stormscale,1781,demonhunter,havoc,209,124,85
Nyalah,eredar,1781,demonhunter,havoc,60,32,28
Kâsúxôxô,ravencrest,1780,demonhunter,havoc,46,27,19
Скинр,soulflayer,1779,demonhunter,havoc,90,51,39
Dooj,sylvanas,1779,demonhunter,havoc,42,21,21
Walkmyshoes,twisting-nether,1777,demonhunter,havoc,126,59,67
Врежимеэтти,soulflayer,1776,demonhunter,havoc,70,37,33
Radamantyz,drakthul,1776,demonhunter,havoc,36,19,17
Gnarpump,emeriss,1776,demonhunter,havoc,54,27,27
Merelini,twisting-nether,1775,demonhunter,havoc,46,25,21
Nerronaxd,silvermoon,1774,demonhunter,havoc,153,81,72
Cláw,ravencrest,1774,demonhunter,havoc,102,50,52
Íamprepared,tarren-mill,1774,demonhunter,havoc,60,26,34
Ячмо,gordunni,1773,demonhunter,havoc,64,32,32
Demonzøku,ravencrest,1773,demonhunter,havoc,54,27,27
Weback,ravencrest,1773,demonhunter,havoc,90,42,48
Nuxzhell,tarren-mill,1769,demonhunter,havoc,417,210,207
Yousaindh,blackrock,1769,demonhunter,havoc,95,46,49
Nstea,cthun,1769,demonhunter,havoc,60,26,34
Демонблэйдс,gordunni,1768,demonhunter,havoc,94,47,47
Filthyape,ravencrest,1768,demonhunter,havoc,60,30,30
Dadøw,dun-modr,1765,demonhunter,havoc,84,38,46
Demonmatheo,stormscale,1764,demonhunter,havoc,62,34,28
Гвинович,blackscar,1764,demonhunter,havoc,142,71,71
Фэсс,soulflayer,1763,demonhunter,havoc,107,61,46
Stickidan,malganis,1763,demonhunter,havoc,96,46,50
Blæm,archimonde,1762,demonhunter,havoc,75,40,35
Aroxos,draenor,1762,demonhunter,havoc,118,61,57
Sgit,doomhammer,1762,demonhunter,havoc,74,30,44
Belákor,twisting-nether,1761,demonhunter,havoc,325,166,159
Jórúnn,twisting-nether,1760,demonhunter,havoc,83,45,38
Kolísenn,drakthul,1760,demonhunter,havoc,150,81,69
Mâdzylîa,archimonde,1760,demonhunter,havoc,53,24,29
Cumbayá,draenor,1759,demonhunter,havoc,36,22,14
Hunee,kazzak,1759,demonhunter,havoc,129,72,57
Солстрэйл,gordunni,1759,demonhunter,havoc,89,48,41
Felpsita,kazzak,1759,demonhunter,havoc,103,53,50
Reckqt,eredar,1759,demonhunter,havoc,48,23,25
Ted,frostwolf,1759,demonhunter,havoc,78,36,42
Oniramqt,aegwynn,1758,demonhunter,havoc,102,45,57
Jaquees,stormscale,1756,demonhunter,havoc,90,50,40
Солевыеглефы,gordunni,1755,demonhunter,havoc,56,36,20
Faufilé,garona,1755,demonhunter,havoc,221,112,109
Rïmðh,haomarush,1754,demonhunter,havoc,53,28,25
Fotmøngø,argent-dawn,1754,demonhunter,havoc,53,28,25
Зарах,gordunni,1754,demonhunter,havoc,138,71,67
Shanaplow,hyjal,1754,demonhunter,havoc,72,33,39
Opmuch,eonar,1752,demonhunter,havoc,150,82,68
Primolover,outland,1751,demonhunter,havoc,66,33,33
Wyna,aggra-português,1751,demonhunter,havoc,237,118,119
Carablue,hyjal,1750,demonhunter,havoc,48,26,22
Calloww,kazzak,1750,demonhunter,havoc,37,19,18
Anzz,kazzak,1749,demonhunter,havoc,90,48,42
Balberith,twisting-nether,1749,demonhunter,havoc,143,76,67
Zy,ahnqiraj,1748,demonhunter,havoc,41,23,18
Zedxx,kazzak,1748,demonhunter,havoc,153,76,77
Sailen,blackmoore,1748,demonhunter,havoc,59,28,31
Pay,twisting-nether,1748,demonhunter,havoc,81,36,45
Coolpizzaguy,twisting-nether,1748,demonhunter,havoc,66,29,37
Happýk,kazzak,1747,demonhunter,havoc,30,20,10
Itadora,antonidas,1747,demonhunter,havoc,149,73,76
Гивюрхартми,gordunni,1747,demonhunter,havoc,113,52,61
Necorinex,silvermoon,1746,demonhunter,havoc,48,26,22
Xotourlife,stormscale,1744,demonhunter,havoc,36,22,14
Xenits,kazzak,1744,demonhunter,havoc,83,43,40
Lagseven,ravencrest,1744,demonhunter,havoc,63,31,32
Chotzbrocke,blackhand,1743,demonhunter,havoc,42,23,19
Ferihokurva,outland,1743,demonhunter,havoc,66,35,31
Mongoose,drakthul,1743,demonhunter,havoc,190,94,96
Автокикер,soulflayer,1742,demonhunter,havoc,66,36,30
Vorbis,twisting-nether,1741,demonhunter,havoc,228,120,108
Illislan,darksorrow,1740,demonhunter,havoc,335,165,170
Культсмерти,howling-fjord,1740,demonhunter,havoc,132,59,73
Dxæn,archimonde,1739,demonhunter,havoc,77,40,37
Jotaros,ravencrest,1739,demonhunter,havoc,48,20,28
Brawndow,draenor,1737,demonhunter,havoc,266,128,138
Makwah,kazzak,1737,demonhunter,havoc,48,20,28
Accurate,sanguino,1736,demonhunter,havoc,78,38,40
Vizh,aegwynn,1736,demonhunter,havoc,90,41,49
Susanoø,eredar,1735,demonhunter,havoc,213,116,97
Possomhd,kazzak,1734,demonhunter,havoc,201,109,92
Edh,dalaran,1734,demonhunter,havoc,107,56,51
Фавлав,ashenvale,1734,demonhunter,havoc,56,29,27
Мэйзиквин,howling-fjord,1734,demonhunter,havoc,309,156,153
Zakaji,blackmoore,1733,demonhunter,havoc,82,46,36
Bojestvena,twisting-nether,1733,demonhunter,havoc,264,128,136
Dêyza,archimonde,1733,demonhunter,havoc,58,26,32
Prepared,kaelthas,1731,demonhunter,havoc,81,41,40
Йактон,soulflayer,1731,demonhunter,havoc,42,20,22
Enfy,twisting-nether,1730,demonhunter,havoc,130,66,64
Usaïnbolts,archimonde,1730,demonhunter,havoc,66,31,35
Ewlyna,stormscale,1730,demonhunter,havoc,48,22,26
Narlà,silvermoon,1729,demonhunter,havoc,36,27,9
Soysoyum,draenor,1729,demonhunter,havoc,62,33,29
Turbomenak,drakthul,1728,demonhunter,havoc,54,34,20
Азместь,howling-fjord,1727,demonhunter,havoc,42,20,22
Shtahuntna,tarren-mill,1726,demonhunter,havoc,425,229,196
Shadowjambo,twisting-nether,1725,demonhunter,havoc,81,45,36
Сосочков,soulflayer,1725,demonhunter,havoc,331,167,164
Хэллшок,eversong,1725,demonhunter,havoc,125,63,62
Márcin,burning-legion,1725,demonhunter,havoc,138,69,69
Эссенденс,gordunni,1725,demonhunter,havoc,58,29,29
Âyro,ravencrest,1724,demonhunter,havoc,96,56,40
Zerinitý,outland,1724,demonhunter,havoc,90,47,43
Blizó,tarren-mill,1724,demonhunter,havoc,36,18,18
Charleyzard,argent-dawn,1723,demonhunter,havoc,93,53,40
Enjøybrah,nemesis,1723,demonhunter,havoc,157,85,72
Airelidari,tyrande,1723,demonhunter,havoc,215,106,109
Immørtaldh,tarren-mill,1723,demonhunter,havoc,48,23,25
Aarondh,ravencrest,1722,demonhunter,havoc,52,32,20
Sepdy,draenor,1722,demonhunter,havoc,140,76,64
Lhya,tarren-mill,1722,demonhunter,havoc,96,52,44
Snubbeldemon,outland,1721,demonhunter,havoc,41,22,19
Maskinegoðx,tarren-mill,1721,demonhunter,havoc,66,30,36
Despèradø,archimonde,1719,demonhunter,havoc,194,105,89
Yarakobama,blackrock,1718,demonhunter,havoc,108,51,57
Håssan,ravencrest,1717,demonhunter,havoc,48,27,21
Haldin,kazzak,1717,demonhunter,havoc,106,55,51
Indral,argent-dawn,1716,demonhunter,havoc,113,62,51
Shadyblady,nemesis,1716,demonhunter,havoc,268,134,134
Mür,nordrassil,1716,demonhunter,havoc,77,31,46
Felen,zuljin,1715,demonhunter,havoc,149,73,76
Imslapping,draenor,1714,demonhunter,havoc,126,68,58
Бананчикус,gordunni,1712,demonhunter,havoc,166,85,81
Bestro,tarren-mill,1712,demonhunter,havoc,134,67,67
Purpleturtle,blackrock,1712,demonhunter,havoc,54,26,28
Aethinos,sylvanas,1711,demonhunter,havoc,66,39,27
Нсэнс,soulflayer,1710,demonhunter,havoc,60,34,26
Nyalaah,eredar,1710,demonhunter,havoc,48,26,22
Teladar,outland,1709,demonhunter,havoc,50,28,22
Demonkata,twisting-nether,1709,demonhunter,havoc,128,71,57
Yorxdh,eredar,1708,demonhunter,havoc,51,31,20
Лизарин,gordunni,1708,demonhunter,havoc,101,46,55
Dhqoo,blackrock,1708,demonhunter,havoc,66,27,39
Ilidrax,hyjal,1707,demonhunter,havoc,60,32,28
Alundil,ravencrest,1707,demonhunter,havoc,114,58,56
Kezumå,tarren-mill,1706,demonhunter,havoc,114,57,57
Rabæ,blackhand,1705,demonhunter,havoc,120,59,61
Yaboyferv,tarren-mill,1705,demonhunter,havoc,48,19,29
Altsta,draenor,1704,demonhunter,havoc,112,58,54
Neralith,ravencrest,1703,demonhunter,havoc,119,62,57
Séphrióth,frostwolf,1702,demonhunter,havoc,84,48,36
Kryux,blackrock,1702,demonhunter,havoc,45,25,20
Авилолз,gordunni,1702,demonhunter,havoc,48,25,23
Donipwnz,blackrock,1702,demonhunter,havoc,107,46,61
Aeko,silvermoon,1701,demonhunter,havoc,96,46,50
Kekburagól,kazzak,1699,demonhunter,havoc,51,27,24
Krmâ,blackrock,1699,demonhunter,havoc,97,40,57
Dhhduhd,blackrock,1697,demonhunter,havoc,81,37,44
Tanjero,stormscale,1696,demonhunter,havoc,53,36,17
Hextechz,stormscale,1696,demonhunter,havoc,111,64,47
Геммула,howling-fjord,1696,demonhunter,havoc,191,98,93
Blish,blackhand,1695,demonhunter,havoc,42,19,23
Eurobeat,dun-modr,1694,demonhunter,havoc,197,103,94
ßerdína,tarren-mill,1693,demonhunter,havoc,123,64,59
Trashcarlitô,eredar,1693,demonhunter,havoc,80,41,39
Thingawoop,tarren-mill,1693,demonhunter,havoc,85,43,42
Demondusk,silvermoon,1693,demonhunter,havoc,78,37,41
Tyssra,argent-dawn,1692,demonhunter,havoc,335,161,174
Itàchì,kazzak,1691,demonhunter,havoc,60,38,22
Ðêmønìnsìðê,blackmoore,1690,demonhunter,havoc,42,25,17
Dhhuu,kazzak,1689,demonhunter,havoc,58,30,28
Hcsgötze,dalaran,1688,demonhunter,havoc,126,71,55
Ðemøñsåy,blackrock,1688,demonhunter,havoc,366,182,184
Demobob,tarren-mill,1686,demonhunter,havoc,48,23,25
Майвэйх,soulflayer,1686,demonhunter,havoc,249,116,133
Batx,ravencrest,1686,demonhunter,havoc,64,28,36
Umbraslash,argent-dawn,1685,demonhunter,havoc,54,34,20
Vênedri,eredar,1685,demonhunter,havoc,87,53,34
Höllymedx,blackmoore,1685,demonhunter,havoc,66,33,33
Турботашш,soulflayer,1685,demonhunter,havoc,162,79,83
Rasenhunt,blackmoore,1684,demonhunter,havoc,94,44,50
Slutkitten,ravencrest,1684,demonhunter,havoc,48,21,27
Kamoridh,blackhand,1682,demonhunter,havoc,72,41,31
Fruchtzwerg,tarren-mill,1682,demonhunter,havoc,143,76,67
Emurid,les-sentinelles,1682,demonhunter,havoc,54,26,28
Míàkhãlîfâýð,stormscale,1682,demonhunter,havoc,62,26,36
Øoröra,hyjal,1681,demonhunter,havoc,94,58,36
Mentalìst,blackmoore,1681,demonhunter,havoc,159,85,74
Хингарский,deathguard,1680,demonhunter,havoc,92,53,39
Schøck,blackhand,1679,demonhunter,havoc,48,29,19
Schejtan,blackmoore,1679,demonhunter,havoc,90,54,36
Maøu,hyjal,1678,demonhunter,havoc,41,24,17
Zintu,draenor,1678,demonhunter,havoc,180,93,87
Asmonsmash,twisting-nether,1678,demonhunter,havoc,56,27,29
Hialdoo,bladefist,1677,demonhunter,havoc,84,41,43
Anubias,ravencrest,1676,demonhunter,havoc,120,55,65
Авалиас,gordunni,1675,demonhunter,havoc,48,31,17
Soizis,drakthul,1673,demonhunter,havoc,72,37,35
Twopumpchump,twisting-nether,1673,demonhunter,havoc,98,48,50
Badreal,sylvanas,1673,demonhunter,havoc,119,55,64
Hauntedseoul,grim-batol,1672,demonhunter,havoc,156,93,63
Malabala,grim-batol,1672,demonhunter,havoc,59,32,27
Hialdoo,sylvanas,1672,demonhunter,havoc,66,29,37
Illidankxx,sylvanas,1671,demonhunter,havoc,97,56,41
Telarris,twisting-nether,1670,demonhunter,havoc,359,196,163
Lanadelbae,teldrassil,1670,demonhunter,havoc,178,91,87
Demondulle,kazzak,1670,demonhunter,havoc,66,25,41
Ììîîííììîîíí,tarren-mill,1669,demonhunter,havoc,78,44,34
Neverdance,ravencrest,1669,demonhunter,havoc,48,22,26
Dominik,the-maelstrom,1668,demonhunter,havoc,176,100,76
Felski,outland,1667,demonhunter,havoc,79,36,43
Demongodxx,twisting-nether,1666,demonhunter,havoc,66,33,33
Trickstero,ragnaros,1665,demonhunter,havoc,116,57,59
Alcóhon,ravencrest,1665,demonhunter,havoc,47,23,24
Soysoyum,argent-dawn,1665,demonhunter,havoc,48,22,26
Bokajr,ragnaros,1664,demonhunter,havoc,64,34,30
Gwoodza,archimonde,1664,demonhunter,havoc,48,20,28
Sturmovik,ravencrest,1663,demonhunter,havoc,42,27,15
Бистлайк,soulflayer,1663,demonhunter,havoc,42,26,16
Destinado,aggra-português,1663,demonhunter,havoc,66,38,28
Râindra,twisting-nether,1663,demonhunter,havoc,198,104,94
Hofisis,kazzak,1663,demonhunter,havoc,60,31,29
Mordaer,twisting-nether,1662,demonhunter,havoc,150,70,80
Ayyo,agamaggan,1662,demonhunter,havoc,45,19,26
Elenôy,antonidas,1661,demonhunter,havoc,42,22,20
Róxor,twisting-nether,1661,demonhunter,havoc,117,54,63
Evildeeb,kazzak,1660,demonhunter,havoc,66,35,31
Nisirae,argent-dawn,1659,demonhunter,havoc,138,80,58
Nagatobimaru,tarren-mill,1659,demonhunter,havoc,109,55,54
Shabalda,dun-morogh,1659,demonhunter,havoc,112,54,58
Anayihh,dun-modr,1659,demonhunter,havoc,83,38,45
Lilydrop,varimathras,1659,demonhunter,havoc,51,20,31
Cheetòs,blackmoore,1658,demonhunter,havoc,69,37,32
Мишаметапамп,grom,1658,demonhunter,havoc,44,23,21
Luunz,argent-dawn,1658,demonhunter,havoc,237,115,122
Nøvillain,blackrock,1657,demonhunter,havoc,102,59,43
Jnfd,outland,1656,demonhunter,havoc,50,22,28
Vayshi,turalyon,1655,demonhunter,havoc,54,26,28
Fizzpep,eredar,1655,demonhunter,havoc,52,25,27
Èfiie,culte-de-la-rive-noire,1655,demonhunter,havoc,95,45,50
Picpouc,archimonde,1655,demonhunter,havoc,60,27,33
Гадх,gordunni,1654,demonhunter,havoc,68,31,37
Шизванаденс,gordunni,1653,demonhunter,havoc,47,26,21
Turkoïs,silvermoon,1653,demonhunter,havoc,33,18,15
Инферналка,howling-fjord,1652,demonhunter,havoc,98,54,44
Øhka,outland,1652,demonhunter,havoc,90,44,46
Эллий,blackscar,1652,demonhunter,havoc,72,33,39
Zahadius,silvermoon,1651,demonhunter,havoc,59,37,22
Турбосвинья,gordunni,1651,demonhunter,havoc,309,159,150
Skippydemon,nozdormu,1651,demonhunter,havoc,54,24,30
Shyuk,sanguino,1650,demonhunter,havoc,36,23,13
Illidiangød,sanguino,1650,demonhunter,havoc,36,21,15
Hagana,tirion,1650,demonhunter,havoc,42,22,20
Ravael,archimonde,1650,demonhunter,havoc,36,18,18
Nopredh,blackrock,1650,demonhunter,havoc,117,55,62
Dldb,dentarg,1649,demonhunter,havoc,48,32,16
Deocleo,draenor,1649,demonhunter,havoc,43,24,19
Sandem,blackrock,1649,demonhunter,havoc,54,30,24
Аллидариан,howling-fjord,1649,demonhunter,havoc,41,20,21
Tamtheone,silvermoon,1648,demonhunter,havoc,114,61,53
Çôæ,twisting-nether,1647,demonhunter,havoc,297,145,152
Амбату,howling-fjord,1646,demonhunter,havoc,56,38,18
Dhvyx,hyjal,1646,demonhunter,havoc,142,65,77
Gigasloth,outland,1645,demonhunter,havoc,48,32,16
Zevsa,ravencrest,1645,demonhunter,havoc,81,44,37
Lilfly,twisting-nether,1645,demonhunter,havoc,36,19,17
Felwinter,ravencrest,1645,demonhunter,havoc,210,102,108
Aofaye,aegwynn,1645,demonhunter,havoc,77,29,48
Ekaõs,les-sentinelles,1644,demonhunter,havoc,53,28,25
Kïallz,hyjal,1644,demonhunter,havoc,505,258,247
Рейз,howling-fjord,1644,demonhunter,havoc,144,70,74
Spiriteru,archimonde,1643,demonhunter,havoc,48,26,22
Killia,lothar,1642,demonhunter,havoc,42,24,18
Felledelfine,kazzak,1642,demonhunter,havoc,42,23,19
Zamassu,kazzak,1641,demonhunter,havoc,48,25,23
Bestboytoy,ravencrest,1641,demonhunter,havoc,53,27,26
Депрессивдед,gordunni,1641,demonhunter,havoc,72,35,37
Ðârksìðê,stormscale,1640,demonhunter,havoc,96,53,43
Elsynn,dalaran,1640,demonhunter,havoc,132,62,70
Ranzerg,tarren-mill,1639,demonhunter,havoc,60,38,22
Persio,sanguino,1639,demonhunter,havoc,135,73,62
Richielou,outland,1639,demonhunter,havoc,48,23,25
Муими,soulflayer,1639,demonhunter,havoc,84,37,47
Bizl,arygos,1638,demonhunter,havoc,30,19,11
Aranéus,archimonde,1638,demonhunter,havoc,46,27,19
Draxie,turalyon,1638,demonhunter,havoc,143,75,68
Kanabiztwo,outland,1637,demonhunter,havoc,190,100,90
Flys,doomhammer,1637,demonhunter,havoc,122,64,58
Lawus,blackhand,1637,demonhunter,havoc,54,26,28
Brodor,alakir,1636,demonhunter,havoc,48,24,24
Heidihauge,silvermoon,1636,demonhunter,havoc,60,27,33
Ifeeldirty,draenor,1635,demonhunter,havoc,51,27,24
Riptos,blackhand,1635,demonhunter,havoc,46,22,24
Mollamaija,defias-brotherhood,1635,demonhunter,havoc,85,36,49
Spicysteve,tarren-mill,1634,demonhunter,havoc,117,73,44
Nepthýs,blackhand,1634,demonhunter,havoc,81,36,45
Azraethx,ravencrest,1633,demonhunter,havoc,66,38,28
Ðêmønìç,area-52,1633,demonhunter,havoc,72,41,31
Djdeathsweep,blackrock,1633,demonhunter,havoc,36,19,17
Nyxxeria,drakthul,1633,demonhunter,havoc,61,31,30
Смутсайбот,howling-fjord,1633,demonhunter,havoc,48,22,26
Moojdh,malganis,1632,demonhunter,havoc,96,57,39
Zernoid,kazzak,1630,demonhunter,havoc,36,21,15
Deathe,kilrogg,1630,demonhunter,havoc,89,44,45
Shirra,shadowsong,1630,demonhunter,havoc,101,48,53
Anero,draenor,1630,demonhunter,havoc,85,37,48
Mazeeken,kazzak,1629,demonhunter,havoc,93,41,52
Великаямыша,blackscar,1628,demonhunter,havoc,56,33,23
Крикетчсв,soulflayer,1628,demonhunter,havoc,72,41,31
Блъя,gordunni,1628,demonhunter,havoc,42,21,21
Felbannedguy,twisting-nether,1627,demonhunter,havoc,42,23,19
Dinastye,archimonde,1627,demonhunter,havoc,168,90,78
Шахдан,howling-fjord,1627,demonhunter,havoc,103,55,48
Tdh,sanguino,1627,demonhunter,havoc,36,19,17
Razrsolo,tarren-mill,1627,demonhunter,havoc,135,71,64
Omegasyx,dun-modr,1627,demonhunter,havoc,87,45,42
Azaleia,archimonde,1627,demonhunter,havoc,228,116,112
Оригамушка,gordunni,1627,demonhunter,havoc,48,23,25
Крикадский,howling-fjord,1626,demonhunter,havoc,90,54,36
Omegapump,ravencrest,1626,demonhunter,havoc,36,19,17
Sfguild,kazzak,1625,demonhunter,havoc,75,42,33
Isito,draenor,1625,demonhunter,havoc,66,35,31
Stazó,drakthul,1625,demonhunter,havoc,145,71,74
Azmodían,silvermoon,1625,demonhunter,havoc,75,36,39
Клитозавр,gordunni,1625,demonhunter,havoc,42,20,22
Sonreye,kazzak,1625,demonhunter,havoc,41,18,23
Lindzor,frostmane,1624,demonhunter,havoc,47,32,15
Asylèm,draenor,1624,demonhunter,havoc,48,28,20
Bruxdh,colinas-pardas,1624,demonhunter,havoc,40,21,19
Onecho,ragnaros,1623,demonhunter,havoc,30,18,12
Koomaliha,outland,1623,demonhunter,havoc,85,42,43
Urukguy,silvermoon,1622,demonhunter,havoc,66,37,29
Бельторо,soulflayer,1622,demonhunter,havoc,123,68,55
Ashcan,tarren-mill,1622,demonhunter,havoc,109,59,50
Хирако,booty-bay,1622,demonhunter,havoc,54,29,25
Mcfitty,stormscale,1622,demonhunter,havoc,72,38,34
Dontmashme,cthun,1622,demonhunter,havoc,42,21,21
Saisahan,archimonde,1621,demonhunter,havoc,119,68,51
Akkixy,die-aldor,1621,demonhunter,havoc,53,30,23
Ïîï,archimonde,1621,demonhunter,havoc,179,76,103
Länika,drakthul,1620,demonhunter,havoc,42,23,19
Lòsâng,sanguino,1620,demonhunter,havoc,171,81,90
Doomcake,emeriss,1619,demonhunter,havoc,60,33,27
Dragontwist,sylvanas,1619,demonhunter,havoc,42,22,20
Huntoverkill,hyjal,1618,demonhunter,havoc,54,31,23
Midoaa,nerathor,1618,demonhunter,havoc,42,22,20
Albdh,kazzak,1618,demonhunter,havoc,42,20,22
Heimnar,frostmane,1618,demonhunter,havoc,36,17,19
Keanujeeves,dentarg,1617,demonhunter,havoc,114,68,46
Demonade,ravencrest,1617,demonhunter,havoc,143,79,64
Дэн,blackscar,1617,demonhunter,havoc,142,66,76
Like,shattrath,1616,demonhunter,havoc,32,18,14
Пибзянка,howling-fjord,1616,demonhunter,havoc,36,20,16
Abuelodosaka,dun-modr,1616,demonhunter,havoc,36,20,16
Ðisgraze,argent-dawn,1616,demonhunter,havoc,245,126,119
Morgothe,ysondre,1616,demonhunter,havoc,56,25,31
Крикетгодх,howling-fjord,1615,demonhunter,havoc,39,24,15
Abendro,twisting-nether,1615,demonhunter,havoc,134,75,59
Xalgalor,silvermoon,1615,demonhunter,havoc,72,40,32
Bohchín,zuljin,1615,demonhunter,havoc,312,164,148
Wirsing,azshara,1615,demonhunter,havoc,191,98,93
Sikke,draenor,1615,demonhunter,havoc,42,21,21
Shaely,arthas,1615,demonhunter,havoc,36,17,19
Muyoni,eredar,1615,demonhunter,havoc,48,20,28
Leesplays,ravencrest,1614,demonhunter,havoc,60,36,24
Kuromiya,nemesis,1614,demonhunter,havoc,36,21,15
Папичгодх,borean-tundra,1614,demonhunter,havoc,36,17,19
Junkai,echsenkessel,1613,demonhunter,havoc,69,38,31
Integer,tarren-mill,1613,demonhunter,havoc,116,59,57
Кельдарк,soulflayer,1613,demonhunter,havoc,288,146,142
Benihimee,twisting-nether,1613,demonhunter,havoc,84,40,44
Влажныйдемон,soulflayer,1612,demonhunter,havoc,30,25,5
Venatica,twisting-nether,1612,demonhunter,havoc,108,62,46
Kéftëmé,ravencrest,1612,demonhunter,havoc,84,43,41
Thedudex,dunemaul,1612,demonhunter,havoc,44,21,23
Sekørm,ragnaros,1612,demonhunter,havoc,48,21,27
Netherim,twisting-nether,1612,demonhunter,havoc,128,55,73
Sickfck,ravencrest,1611,demonhunter,havoc,117,69,48
Demonpegasus,draenor,1611,demonhunter,havoc,56,24,32
Азелира,gordunni,1610,demonhunter,havoc,84,47,37
Kéøn,ravencrest,1610,demonhunter,havoc,102,55,47
Firebringer,silvermoon,1610,demonhunter,havoc,48,25,23
Gündüzgezen,silvermoon,1610,demonhunter,havoc,59,30,29
Guáca,draenor,1610,demonhunter,havoc,183,93,90
Zayláh,ravencrest,1610,demonhunter,havoc,99,48,51
Ultîma,hyjal,1610,demonhunter,havoc,54,21,33
Чуювонь,soulflayer,1609,demonhunter,havoc,78,44,34
Дайкиаомине,soulflayer,1609,demonhunter,havoc,36,19,17
Loucee,blackhand,1609,demonhunter,havoc,96,49,47
Akalàkarcher,hyjal,1608,demonhunter,havoc,130,67,63
Fishmicksh,twisting-nether,1607,demonhunter,havoc,36,22,14
Enthia,antonidas,1607,demonhunter,havoc,119,65,54
Wojtall,silvermoon,1607,demonhunter,havoc,401,206,195
Ybou,archimonde,1607,demonhunter,havoc,60,22,38
Hornyhexy,stormscale,1606,demonhunter,havoc,294,152,142
Майкелелекек,gordunni,1606,demonhunter,havoc,36,17,19
ßerdíná,tarren-mill,1605,demonhunter,havoc,60,31,29
Rhinozerg,kazzak,1605,demonhunter,havoc,39,18,21
Demonjagge,tarren-mill,1604,demonhunter,havoc,36,24,12
Escaboyx,stormscale,1604,demonhunter,havoc,41,27,14
Aedilles,ravencrest,1604,demonhunter,havoc,66,39,27
Gonextbg,tarren-mill,1604,demonhunter,havoc,187,100,87
Nixzon,thrall,1604,demonhunter,havoc,78,31,47
Самаэльф,blackscar,1603,demonhunter,havoc,72,42,30
Ayö,draenor,1603,demonhunter,havoc,169,95,74
Trashclass,draenor,1603,demonhunter,havoc,34,18,16
Tylleröwittu,grim-batol,1603,demonhunter,havoc,78,41,37
Lolliance,talnivarr,1603,demonhunter,havoc,42,20,22
Jamzydemon,kazzak,1602,demonhunter,havoc,24,17,7
Maupau,ravencrest,1602,demonhunter,havoc,63,38,25
Coniras,dun-morogh,1602,demonhunter,havoc,54,30,24
Вскрыша,soulflayer,1602,demonhunter,havoc,36,20,16
Freylis,burning-legion,1602,demonhunter,havoc,62,31,31
Chosabreka,zuljin,1602,demonhunter,havoc,36,17,19
Синнэрлити,soulflayer,1602,demonhunter,havoc,54,25,29
Ðevl,blackmoore,1602,demonhunter,havoc,48,22,26
Zoyle,blackrock,1602,demonhunter,havoc,54,22,32
Топдекдх,howling-fjord,1602,demonhunter,havoc,71,27,44
Cantseêyou,blackmoore,1601,demonhunter,havoc,152,85,67
Cayssaelle,argent-dawn,1601,demonhunter,havoc,66,34,32
Тяннейм,deathguard,1601,demonhunter,havoc,72,37,35
Demonsqueezy,nemesis,1600,demonhunter,havoc,111,68,43
Garoteromani,draenor,1600,demonhunter,havoc,165,91,74
Yarudh,blackrock,1600,demonhunter,havoc,78,41,37
Ícéìnmývèins,stormscale,1600,demonhunter,havoc,45,20,25
Darrkmoff,sylvanas,1598,demonhunter,havoc,156,88,68
Sweetpety,tarren-mill,1598,demonhunter,havoc,153,81,72
Przemson,mazrigos,1598,demonhunter,havoc,146,74,72
Táti,blackrock,1598,demonhunter,havoc,42,19,23
Cappaowx,ravencrest,1597,demonhunter,havoc,30,21,9
Wintalker,nemesis,1597,demonhunter,havoc,94,48,46
Thorno,argent-dawn,1597,demonhunter,havoc,60,22,38
Knmdemon,draenor,1596,demonhunter,havoc,36,21,15
Antidevil,kazzak,1596,demonhunter,havoc,129,73,56
Molntuss,ravencrest,1596,demonhunter,havoc,104,47,57
Matally,khaz-modan,1595,demonhunter,havoc,60,30,30
Calcïum,archimonde,1594,demonhunter,havoc,112,49,63
Glayvie,kazzak,1593,demonhunter,havoc,69,32,37
Bhairav,silvermoon,1591,demonhunter,havoc,36,21,15
Alythes,stormscale,1591,demonhunter,havoc,314,159,155
Lennöx,silvermoon,1590,demonhunter,havoc,49,32,17
Найтбладия,gordunni,1590,demonhunter,havoc,121,62,59
Weez,kilrogg,1590,demonhunter,havoc,254,121,133
Speedførce,antonidas,1590,demonhunter,havoc,138,63,75
Ботология,gordunni,1588,demonhunter,havoc,102,48,54
Soulstacker,outland,1587,demonhunter,havoc,36,19,17
Nowhereturun,stormscale,1587,demonhunter,havoc,60,31,29
Анавеллка,howling-fjord,1587,demonhunter,havoc,48,24,24
Maodh,veknilash,1587,demonhunter,havoc,48,21,27
Xenca,ravencrest,1586,demonhunter,havoc,172,95,77
Pinkberry,outland,1586,demonhunter,havoc,42,21,21
Khray,archimonde,1585,demonhunter,havoc,42,21,21
Thorair,ravenholdt,1585,demonhunter,havoc,90,44,46
Киттигоплей,soulflayer,1585,demonhunter,havoc,102,48,54
Baball,kazzak,1584,demonhunter,havoc,123,70,53
Shivarræ,stormreaver,1584,demonhunter,havoc,48,27,21
Jolyh,nemesis,1584,demonhunter,havoc,101,54,47
Kins,dun-modr,1584,demonhunter,havoc,89,40,49
Knùbbz,ravencrest,1583,demonhunter,havoc,114,59,55
Mêgumi,kirin-tor,1583,demonhunter,havoc,293,149,144
Mìkélol,stormscale,1583,demonhunter,havoc,48,19,29
Трукейт,gordunni,1582,demonhunter,havoc,56,33,23
Тугеймовер,grom,1582,demonhunter,havoc,126,65,61
Onizukadh,archimonde,1581,demonhunter,havoc,48,20,28
Olddemon,ravencrest,1580,demonhunter,havoc,116,72,44
Sabe,ravencrest,1579,demonhunter,havoc,71,46,25
Pvpabuser,ravencrest,1579,demonhunter,havoc,95,54,41
Glitchx,silvermoon,1579,demonhunter,havoc,30,17,13
Ðanizâ,aegwynn,1579,demonhunter,havoc,48,24,24
Chaosstrike,twisting-nether,1579,demonhunter,havoc,42,20,22
Rezer,stormscale,1579,demonhunter,havoc,134,61,73
Ydrael,terokkar,1578,demonhunter,havoc,60,32,28
Gïzmó,tarren-mill,1578,demonhunter,havoc,60,30,30
Scarath,eredar,1578,demonhunter,havoc,54,24,30
Aelìa,ysondre,1578,demonhunter,havoc,54,21,33
Êlva,alleria,1577,demonhunter,havoc,81,40,41
Exoqt,blackhand,1577,demonhunter,havoc,113,51,62
Bhaz,tichondrius,1576,demonhunter,havoc,66,36,30
Èstefany,stormscale,1576,demonhunter,havoc,156,81,75
Мэртольятти,soulflayer,1576,demonhunter,havoc,308,154,154
Davidastt,drakthul,1576,demonhunter,havoc,95,43,52
Devildust,ravencrest,1576,demonhunter,havoc,54,18,36
Tatenzex,stormscale,1574,demonhunter,havoc,39,25,14
Shadoss,ravencrest,1574,demonhunter,havoc,156,78,78
Kãzïn,archimonde,1574,demonhunter,havoc,65,30,35
Dedemøn,ysondre,1574,demonhunter,havoc,57,25,32
Havocer,burning-legion,1572,demonhunter,havoc,135,69,66
Lodjay,hyjal,1572,demonhunter,havoc,70,35,35
Вирбль,gordunni,1572,demonhunter,havoc,36,17,19
Rybn,eredar,1572,demonhunter,havoc,102,44,58
Lghdtv,ravencrest,1571,demonhunter,havoc,90,45,45
Mottenmann,tarren-mill,1570,demonhunter,havoc,53,32,21
Demonmancer,ravencrest,1570,demonhunter,havoc,300,153,147
Fazero,silvermoon,1570,demonhunter,havoc,121,57,64
Fumbiidhx,thrall,1569,demonhunter,havoc,117,63,54
Släshes,kazzak,1569,demonhunter,havoc,80,38,42
Verybigdps,aegwynn,1569,demonhunter,havoc,54,24,30
Сихая,howling-fjord,1568,demonhunter,havoc,42,24,18
Ignasei,archimonde,1568,demonhunter,havoc,81,36,45
Дрэгонборн,howling-fjord,1567,demonhunter,havoc,116,60,56
Hatemaker,burning-legion,1566,demonhunter,havoc,128,68,60
Hanuta,alleria,1566,demonhunter,havoc,36,19,17
Neomicha,blackmoore,1566,demonhunter,havoc,119,62,57
Riñ,twisting-nether,1566,demonhunter,havoc,81,31,50
Minadng,silvermoon,1565,demonhunter,havoc,36,20,16
Demøniac,ravencrest,1565,demonhunter,havoc,166,90,76
Cptncucumber,blackmoore,1565,demonhunter,havoc,228,112,116
Blacklidan,blackrock,1565,demonhunter,havoc,49,22,27
Remn,archimonde,1565,demonhunter,havoc,54,22,32
Inolia,argent-dawn,1565,demonhunter,havoc,64,26,38
Jugøbænned,blackrock,1564,demonhunter,havoc,42,27,15
Liladan,sylvanas,1564,demonhunter,havoc,30,17,13
Solarae,silvermoon,1564,demonhunter,havoc,127,67,60
Exact,throkferoth,1563,demonhunter,havoc,107,56,51
Phudi,tarren-mill,1563,demonhunter,havoc,286,145,141
Faytundh,kult-der-verdammten,1561,demonhunter,havoc,42,19,23
Nuitrayer,hyjal,1560,demonhunter,havoc,68,44,24
Аянамирейко,blackscar,1560,demonhunter,havoc,78,49,29
Xetalar,burning-legion,1560,demonhunter,havoc,198,109,89
Мужна,grom,1559,demonhunter,havoc,76,42,34
Цэрри,soulflayer,1559,demonhunter,havoc,71,38,33
Лучшедк,gordunni,1559,demonhunter,havoc,118,50,68
Onebuttonxd,ravencrest,1558,demonhunter,havoc,105,58,47
Kabomse,eredar,1557,demonhunter,havoc,34,19,15
Demonichanta,azjolnerub,1557,demonhunter,havoc,268,133,135
Ricmorphis,grim-batol,1557,demonhunter,havoc,65,28,37
Quazr,outland,1556,demonhunter,havoc,242,132,110
Чанпэн,soulflayer,1556,demonhunter,havoc,151,80,71
Kakashî,darksorrow,1555,demonhunter,havoc,36,18,18
Terrminator,darksorrow,1554,demonhunter,havoc,90,49,41
Akkita,ravencrest,1554,demonhunter,havoc,131,67,64
Talisnar,nemesis,1554,demonhunter,havoc,165,73,92
Thkingragnar,sanguino,1553,demonhunter,havoc,36,23,13
Slinks,silvermoon,1553,demonhunter,havoc,77,48,29
Inflection,ravencrest,1553,demonhunter,havoc,42,17,25
Suitcåséguy,ravencrest,1553,demonhunter,havoc,48,18,30
Illidrax,outland,1553,demonhunter,havoc,48,18,30
Crylater,twisting-nether,1552,demonhunter,havoc,48,27,21
Mamio,chogall,1552,demonhunter,havoc,70,38,32
Moonhorns,deathwing,1552,demonhunter,havoc,48,25,23
Glímpse,ravencrest,1552,demonhunter,havoc,78,39,39
Dhzor,twisting-nether,1552,demonhunter,havoc,64,32,32
Shylea,ravencrest,1551,demonhunter,havoc,126,66,60
Nolitara,exodar,1551,demonhunter,havoc,98,47,51
Felthunder,twisting-nether,1551,demonhunter,havoc,36,17,19
Talamacus,outland,1549,demonhunter,havoc,54,31,23
Ryänåir,ravencrest,1549,demonhunter,havoc,91,47,44
Дэйзиджонсон,soulflayer,1549,demonhunter,havoc,59,30,29
Sebyk,doomhammer,1548,demonhunter,havoc,89,48,41
Самадиэль,soulflayer,1548,demonhunter,havoc,124,63,61
Mooty,drekthar,1548,demonhunter,havoc,36,18,18
Padalecki,blackmoore,1548,demonhunter,havoc,35,17,18
Baddxd,ragnaros,1547,demonhunter,havoc,80,34,46
Kalr,silvermoon,1546,demonhunter,havoc,59,36,23
Szexypopsi,ragnaros,1546,demonhunter,havoc,95,51,44
Полутемный,howling-fjord,1545,demonhunter,havoc,66,35,31
Ræko,sanguino,1545,demonhunter,havoc,96,47,49
Ayky,outland,1544,demonhunter,havoc,36,19,17
Kätarïnas,confrérie-du-thorium,1544,demonhunter,havoc,36,18,18
Ragel,grim-batol,1544,demonhunter,havoc,65,28,37
Däshgødx,stormscale,1543,demonhunter,havoc,54,31,23
Rylqt,blackmoore,1543,demonhunter,havoc,133,63,70
Valarauk,ravencrest,1541,demonhunter,havoc,261,141,120
Bichmicher,earthen-ring,1541,demonhunter,havoc,60,23,37
Cynmatic,kargath,1540,demonhunter,havoc,74,36,38
Asporos,pozzo-delleternità,1540,demonhunter,havoc,55,23,32
Штормдоттэр,howling-fjord,1539,demonhunter,havoc,48,26,22
Incanator,tarren-mill,1538,demonhunter,havoc,160,81,79
Duffin,doomhammer,1538,demonhunter,havoc,138,69,69
Demonicano,draenor,1537,demonhunter,havoc,173,83,90
Драксх,gordunni,1537,demonhunter,havoc,89,42,47
Кавайтити,howling-fjord,1536,demonhunter,havoc,78,39,39
Roaf,twisting-nether,1536,demonhunter,havoc,99,48,51
Xekaul,tarren-mill,1536,demonhunter,havoc,379,182,197
Johncoffèy,ragnaros,1535,demonhunter,havoc,24,16,8
Winxclub,ravencrest,1535,demonhunter,havoc,113,62,51
Ryuwar,dun-modr,1535,demonhunter,havoc,135,69,66
Art,tarren-mill,1534,demonhunter,havoc,60,35,25
Méruème,hyjal,1534,demonhunter,havoc,43,22,21
Ambudh,kazzak,1533,demonhunter,havoc,30,16,14
Ckboo,kazzak,1533,demonhunter,havoc,65,33,32
Аитерия,gordunni,1532,demonhunter,havoc,36,24,12
Jedbrazander,ragnaros,1532,demonhunter,havoc,42,22,20
Shaihulud,sanguino,1532,demonhunter,havoc,419,216,203
Snibsxdh,silvermoon,1531,demonhunter,havoc,60,27,33
Dyamo,sylvanas,1530,demonhunter,havoc,604,300,304
Evil,uldum,1529,demonhunter,havoc,161,81,80
Amionisiken,amanthul,1527,demonhunter,havoc,212,113,99
Pibzya,ravencrest,1527,demonhunter,havoc,69,32,37
Niklâûs,ysondre,1525,demonhunter,havoc,48,33,15
Alareey,antonidas,1525,demonhunter,havoc,285,139,146
Drilloz,ravencrest,1524,demonhunter,havoc,30,18,12
Khalestya,shendralar,1524,demonhunter,havoc,320,164,156
Aenirá,tarren-mill,1524,demonhunter,havoc,95,47,48
Kranta,blackmoore,1524,demonhunter,havoc,52,23,29
Геннитиро,deathguard,1523,demonhunter,havoc,34,20,14
Yeedhlol,blackmoore,1523,demonhunter,havoc,30,16,14
Demonakis,twisting-nether,1523,demonhunter,havoc,76,30,46
Цезарий,gordunni,1522,demonhunter,havoc,201,101,100
Спииртт,blackscar,1522,demonhunter,havoc,66,23,43
Shiefwiggum,aegwynn,1521,demonhunter,havoc,42,22,20
Darrkdemon,kazzak,1521,demonhunter,havoc,374,189,185
Gandzsä,ragnaros,1521,demonhunter,havoc,150,71,79
Vaimustus,outland,1521,demonhunter,havoc,59,23,36
Elvenfrey,kazzak,1520,demonhunter,havoc,106,50,56
Unkqt,dalaran,1519,demonhunter,havoc,60,28,32
Beörn,stormscale,1519,demonhunter,havoc,59,26,33
Spheria,outland,1518,demonhunter,havoc,207,96,111
Alied,burning-blade,1518,demonhunter,havoc,72,33,39
Ðèaðlýsins,kazzak,1517,demonhunter,havoc,78,41,37
Taÿkyn,archimonde,1517,demonhunter,havoc,72,36,36
Blankdh,outland,1516,demonhunter,havoc,24,16,8
Akaria,blackrock,1515,demonhunter,havoc,129,75,54
Zwizch,draenor,1515,demonhunter,havoc,82,37,45
Exceltor,sanguino,1515,demonhunter,havoc,66,25,41
Dhsheesh,draenor,1514,demonhunter,havoc,48,25,23
Safedaddy,silvermoon,1514,demonhunter,havoc,45,21,24
Ардатйякши,borean-tundra,1514,demonhunter,havoc,110,47,63
Brzzlbrzzl,malganis,1513,demonhunter,havoc,36,21,15
Torporu,tarren-mill,1513,demonhunter,havoc,48,25,23
Фумиан,soulflayer,1513,demonhunter,havoc,100,48,52
Эинхерия,soulflayer,1513,demonhunter,havoc,87,41,46
Atlizzdh,twisting-nether,1513,demonhunter,havoc,54,25,29
Mephilax,stormscale,1512,demonhunter,havoc,30,17,13
Flaybalbooll,ragnaros,1512,demonhunter,havoc,388,202,186
Sonnefel,tarren-mill,1512,demonhunter,havoc,83,41,42
Ruíko,dun-morogh,1511,demonhunter,havoc,89,45,44
Âyoôrts,archimonde,1509,demonhunter,havoc,59,31,28
Iphanaa,frostmane,1509,demonhunter,havoc,128,64,64
Gullveîg,archimonde,1508,demonhunter,havoc,66,37,29
Mephîsto,sylvanas,1508,demonhunter,havoc,210,108,102
Crappyftw,ravencrest,1508,demonhunter,havoc,602,306,296
Гневлуны,lich-king,1508,demonhunter,havoc,115,56,59
Jumboo,tarren-mill,1508,demonhunter,havoc,88,42,46
Felspîrît,outland,1507,demonhunter,havoc,42,28,14
Ymmothep,draenor,1507,demonhunter,havoc,435,224,211
Ceyye,blackrock,1507,demonhunter,havoc,54,26,28
Mâlefiz,blackmoore,1507,demonhunter,havoc,48,22,26
Azaeel,blackhand,1507,demonhunter,havoc,42,17,25
Tenawees,blackmoore,1506,demonhunter,havoc,66,37,29
Lilitlovesme,blackmoore,1506,demonhunter,havoc,42,23,19
Кррюкс,gordunni,1506,demonhunter,havoc,48,25,23
Boozlike,tarren-mill,1506,demonhunter,havoc,120,60,60
Theaisbae,twisting-nether,1506,demonhunter,havoc,54,25,29
Ibeem,dentarg,1504,demonhunter,havoc,87,55,32
Änyä,ravencrest,1504,demonhunter,havoc,40,21,19
Luzifer,ambossar,1504,demonhunter,havoc,356,186,170
Ziltush,archimonde,1504,demonhunter,havoc,179,91,88
Lyanadh,blackhand,1504,demonhunter,havoc,35,16,19
Дахану,soulflayer,1504,demonhunter,havoc,47,21,26
Sidekiq,silvermoon,1503,demonhunter,havoc,58,29,29
Силдеус,galakrond,1502,demonhunter,havoc,60,39,21
Paindemon,outland,1502,demonhunter,havoc,60,28,32
Onlyw,ravencrest,1501,demonhunter,havoc,35,27,8
Trenfluencer,silvermoon,1501,demonhunter,havoc,48,31,17
Felsbane,argent-dawn,1501,demonhunter,havoc,27,17,10
Íllìðåñgøðx,antonidas,1500,demonhunter,havoc,118,57,61
Demonetized,blackrock,1500,demonhunter,havoc,36,17,19
Mikezilla,drakthul,1498,demonhunter,havoc,48,24,24
Версомния,gordunni,1497,demonhunter,havoc,48,23,25
Insaneomg,blackmoore,1497,demonhunter,havoc,40,16,24
Demonicrage,burning-legion,1495,demonhunter,havoc,32,18,14
Shironeko,ysondre,1495,demonhunter,havoc,58,27,31
Kiirtach,dun-modr,1494,demonhunter,havoc,27,18,9
Blizdliksk,outland,1494,demonhunter,havoc,54,30,24
Шалдарон,howling-fjord,1494,demonhunter,havoc,46,25,21
Parmesano,tyrande,1493,demonhunter,havoc,96,56,40
Elfmonger,ravencrest,1493,demonhunter,havoc,36,21,15
Fellespont,hellscream,1493,demonhunter,havoc,93,40,53
Drphillidan,tarren-mill,1492,demonhunter,havoc,78,34,44
Kanata,kazzak,1491,demonhunter,havoc,84,38,46
Drakhiel,hyjal,1491,demonhunter,havoc,36,16,20
Fckmlf,outland,1490,demonhunter,havoc,126,65,61
Exoduss,ravencrest,1489,demonhunter,havoc,69,33,36
Échô,tarren-mill,1489,demonhunter,havoc,40,18,22
Felun,turalyon,1488,demonhunter,havoc,72,48,24
Kolrex,ragnaros,1488,demonhunter,havoc,71,35,36
Läderjoel,ravencrest,1488,demonhunter,havoc,71,34,37
Alithy,kazzak,1487,demonhunter,havoc,162,90,72
Xyrs,draenor,1487,demonhunter,havoc,42,21,21
Эльгастон,howling-fjord,1487,demonhunter,havoc,84,40,44
Shylaría,blackhand,1487,demonhunter,havoc,54,23,31
Myztiko,hellscream,1486,demonhunter,havoc,194,99,95
Guccibaby,silvermoon,1486,demonhunter,havoc,108,53,55
Древиал,gordunni,1485,demonhunter,havoc,62,35,27
Zulthealbino,tarren-mill,1484,demonhunter,havoc,50,29,21
Zumei,stormreaver,1484,demonhunter,havoc,74,40,34
Покахонта,soulflayer,1484,demonhunter,havoc,100,54,46
Дикаяособа,howling-fjord,1484,demonhunter,havoc,105,56,49
Imsickleavme,draenor,1484,demonhunter,havoc,124,62,62
Exodlia,silvermoon,1483,demonhunter,havoc,30,18,12
Malzehar,tarren-mill,1483,demonhunter,havoc,39,22,17
Luckertwo,tarren-mill,1483,demonhunter,havoc,267,141,126
Grimberg,tarren-mill,1482,demonhunter,havoc,126,66,60
Oonn,outland,1482,demonhunter,havoc,45,21,24
Axxad,ragnaros,1482,demonhunter,havoc,95,42,53
Morskivuk,draenor,1481,demonhunter,havoc,44,26,18
Carnii,ambossar,1481,demonhunter,havoc,54,25,29
Misli,stormscale,1480,demonhunter,havoc,54,29,25
Trinchensdh,blackhand,1480,demonhunter,havoc,66,33,33
Âspen,archimonde,1479,demonhunter,havoc,185,94,91
Tachala,khaz-modan,1479,demonhunter,havoc,57,24,33
Ülquiorrä,kazzak,1478,demonhunter,havoc,59,38,21
Shäck,archimonde,1478,demonhunter,havoc,113,59,54
Хорбелий,deathguard,1478,demonhunter,havoc,102,52,50
Oggidanbuu,tarren-mill,1478,demonhunter,havoc,49,22,27
Toonsdh,kazzak,1477,demonhunter,havoc,127,71,56
Ларэгар,azuregos,1477,demonhunter,havoc,106,51,55
Tapio,burning-legion,1477,demonhunter,havoc,103,48,55
Экселия,howling-fjord,1476,demonhunter,havoc,119,64,55
Kanabiz,outland,1476,demonhunter,havoc,340,174,166
Error,ravencrest,1476,demonhunter,havoc,40,20,20
Dibo,blackmoore,1475,demonhunter,havoc,129,64,65
Нуунас,soulflayer,1475,demonhunter,havoc,161,78,83
Lolbalanced,burning-legion,1475,demonhunter,havoc,83,40,43
Неффкодх,howling-fjord,1475,demonhunter,havoc,55,26,29
Merizane,antonidas,1474,demonhunter,havoc,127,65,62
Siio,antonidas,1473,demonhunter,havoc,147,81,66
Lovesong,the-shatar,1473,demonhunter,havoc,99,51,48
Thehûnt,outland,1472,demonhunter,havoc,101,55,46
Songur,blackhand,1471,demonhunter,havoc,36,17,19
Cielis,outland,1471,demonhunter,havoc,42,19,23
Treehunter,ravencrest,1470,demonhunter,havoc,30,16,14
Mihaliana,argent-dawn,1468,demonhunter,havoc,69,39,30
Хуракаши,howling-fjord,1468,demonhunter,havoc,39,19,20
Zitx,ravencrest,1467,demonhunter,havoc,138,71,67
Croüp,draenor,1467,demonhunter,havoc,37,18,19
Snitchezz,blackmoore,1466,demonhunter,havoc,114,59,55
Piloudh,dalaran,1466,demonhunter,havoc,39,20,19
Lydaro,malganis,1465,demonhunter,havoc,48,29,19
Сложныйдх,howling-fjord,1465,demonhunter,havoc,111,59,52
Этмер,soulflayer,1465,demonhunter,havoc,66,33,33
Demonicdingo,lightnings-blade,1465,demonhunter,havoc,128,59,69
Zavoc,the-maelstrom,1464,demonhunter,havoc,44,25,19
Palaurx,kazzak,1464,demonhunter,havoc,59,31,28
Агрочика,borean-tundra,1464,demonhunter,havoc,54,24,30
Hotshoxx,blackmoore,1464,demonhunter,havoc,48,19,29
Ávto,stormscale,1463,demonhunter,havoc,83,55,28
Рэгес,howling-fjord,1463,demonhunter,havoc,30,16,14
Coffeecount,twisting-nether,1463,demonhunter,havoc,66,30,36
Kélida,dun-modr,1463,demonhunter,havoc,54,22,32
Miyabí,drakthul,1463,demonhunter,havoc,60,23,37
Malakbel,nemesis,1462,demonhunter,havoc,372,187,185
Kiwicrash,tarren-mill,1462,demonhunter,havoc,66,32,34
Împd,ravencrest,1462,demonhunter,havoc,102,49,53
Mëy,thrall,1462,demonhunter,havoc,48,18,30
Skyborn,tarren-mill,1461,demonhunter,havoc,75,42,33
Obitum,burning-legion,1461,demonhunter,havoc,200,107,93
Frevee,outland,1460,demonhunter,havoc,143,78,65
Geashy,blackrock,1460,demonhunter,havoc,76,41,35
Бичерезх,soulflayer,1459,demonhunter,havoc,73,43,30
Pettitebang,ravencrest,1459,demonhunter,havoc,94,52,42
Mëwë,hyjal,1459,demonhunter,havoc,78,43,35
Kvye,archimonde,1459,demonhunter,havoc,30,16,14
Blîndmaster,ravencrest,1459,demonhunter,havoc,130,65,65
Emmunka,drakthul,1459,demonhunter,havoc,47,23,24
Métakagoule,ysondre,1459,demonhunter,havoc,93,45,48
Kenzaii,aegwynn,1459,demonhunter,havoc,66,29,37
Styxdh,blackhand,1458,demonhunter,havoc,30,16,14
Feluron,silvermoon,1457,demonhunter,havoc,30,24,6
Остроухйй,blackscar,1457,demonhunter,havoc,72,34,38
Actuallytrol,argent-dawn,1457,demonhunter,havoc,59,27,32
Satanmanna,twisting-nether,1457,demonhunter,havoc,108,49,59
Toddsnuggles,thrall,1456,demonhunter,havoc,60,37,23
Pyleá,malganis,1456,demonhunter,havoc,48,22,26
Philona,die-aldor,1455,demonhunter,havoc,170,90,80
Eliyz,dalaran,1455,demonhunter,havoc,71,29,42
Tursal,dun-morogh,1454,demonhunter,havoc,45,25,20
Ratho,ragnaros,1453,demonhunter,havoc,59,35,24
Kyru,frostwhisper,1453,demonhunter,havoc,111,63,48
Slyblades,tarren-mill,1452,demonhunter,havoc,139,72,67
Eliàna,twisting-nether,1451,demonhunter,havoc,34,16,18
Кайриель,gordunni,1449,demonhunter,havoc,42,25,17
Ðhgøðx,outland,1449,demonhunter,havoc,54,30,24
Нокаруру,gordunni,1449,demonhunter,havoc,54,28,26
Kayzel,argent-dawn,1449,demonhunter,havoc,322,158,164
Lastactiondh,dun-morogh,1447,demonhunter,havoc,54,32,22
Munamasa,archimonde,1446,demonhunter,havoc,51,26,25
Ashiharademo,twilights-hammer,1446,demonhunter,havoc,143,72,71
Karakas,drakthul,1445,demonhunter,havoc,30,18,12
Themen,ragnaros,1445,demonhunter,havoc,36,21,15
Tòd,silvermoon,1445,demonhunter,havoc,116,57,59
Коньх,goldrinn,1445,demonhunter,havoc,116,55,61
Шэдоуштормх,soulflayer,1444,demonhunter,havoc,112,62,50
Felguard,darksorrow,1444,demonhunter,havoc,106,48,58
Szopóvadász,ragnaros,1444,demonhunter,havoc,48,20,28
Vexblade,silvermoon,1443,demonhunter,havoc,290,154,136
Afuwarrior,doomhammer,1443,demonhunter,havoc,118,62,56
Qtt,arthas,1443,demonhunter,havoc,36,16,20
Adraelia,archimonde,1442,demonhunter,havoc,111,62,49
Malveross,argent-dawn,1442,demonhunter,havoc,47,26,21
Mìrkø,nemesis,1440,demonhunter,havoc,42,22,20
Stellarvore,nemesis,1440,demonhunter,havoc,150,72,78
Ázârìûs,draenor,1440,demonhunter,havoc,48,22,26
Zopekztropek,burning-legion,1439,demonhunter,havoc,60,37,23
Дашажмимету,blackscar,1439,demonhunter,havoc,32,16,16
Cptxo,tarren-mill,1438,demonhunter,havoc,139,65,74
Opsidaisi,tarren-mill,1438,demonhunter,havoc,42,16,26
Folygale,outland,1437,demonhunter,havoc,30,15,15
Nerudas,blackhand,1436,demonhunter,havoc,42,24,18
Bamßi,ragnaros,1436,demonhunter,havoc,36,16,20
Netrisha,ravencrest,1436,demonhunter,havoc,72,28,44
Джастх,howling-fjord,1435,demonhunter,havoc,24,15,9
Fiepsy,alexstrasza,1435,demonhunter,havoc,50,26,24
Bippsy,zuljin,1434,demonhunter,havoc,79,44,35
Jïsoo,blackhand,1434,demonhunter,havoc,46,22,24
Venge,la-croisade-écarlate,1433,demonhunter,havoc,63,33,30
Isp,kazzak,1433,demonhunter,havoc,96,49,47
Shõ,twisting-nether,1433,demonhunter,havoc,42,15,27
Хенноо,howling-fjord,1432,demonhunter,havoc,24,15,9
Vèga,thrall,1432,demonhunter,havoc,27,16,11
Ashrena,ysondre,1431,demonhunter,havoc,48,32,16
Деструкцыя,howling-fjord,1431,demonhunter,havoc,69,37,32
Albunico,draenor,1431,demonhunter,havoc,147,77,70
Дэйнни,blackscar,1431,demonhunter,havoc,75,37,38
Gwx,draenor,1430,demonhunter,havoc,140,69,71
Æä,draenor,1430,demonhunter,havoc,83,39,44
Nvampire,draenor,1429,demonhunter,havoc,24,17,7
Coca,stormreaver,1429,demonhunter,havoc,84,46,38
Felcaller,sylvanas,1429,demonhunter,havoc,81,43,38
Apokalypsra,blackmoore,1429,demonhunter,havoc,139,68,71
Rejstan,drakthul,1428,demonhunter,havoc,24,15,9
Yvrig,eredar,1427,demonhunter,havoc,79,42,37
Mareen,pozzo-delleternità,1427,demonhunter,havoc,60,31,29
Øbsessiøn,kazzak,1427,demonhunter,havoc,131,65,66
Aminféryadi,twisting-nether,1427,demonhunter,havoc,232,115,117
Gagfordaddy,ravencrest,1427,demonhunter,havoc,36,15,21
Impatìence,tarren-mill,1426,demonhunter,havoc,54,24,30
Kîrîto,nethersturm,1426,demonhunter,havoc,47,16,31
Icelucard,argent-dawn,1425,demonhunter,havoc,111,58,53
Daemis,dun-modr,1424,demonhunter,havoc,56,29,27
Fruttidimare,frostwolf,1424,demonhunter,havoc,165,85,80
Deponiajkm,dun-modr,1424,demonhunter,havoc,30,15,15
Slaanesh,xavius,1423,demonhunter,havoc,45,27,18
Ämi,blackmoore,1422,demonhunter,havoc,136,68,68
Nanana,doomhammer,1422,demonhunter,havoc,180,87,93
Enhtailo,draenor,1421,demonhunter,havoc,24,15,9
Chaosfist,blackrock,1421,demonhunter,havoc,79,41,38
Tayo,dun-modr,1421,demonhunter,havoc,71,35,36
Emerelle,die-aldor,1421,demonhunter,havoc,227,108,119
Харольд,deepholm,1420,demonhunter,havoc,88,45,43
Cheethless,ragnaros,1419,demonhunter,havoc,72,38,34
Glavesong,burning-legion,1418,demonhunter,havoc,33,19,14
Spankoproof,kazzak,1418,demonhunter,havoc,30,16,14
Brisingamen,outland,1418,demonhunter,havoc,82,40,42
Aphulucky,kazzak,1418,demonhunter,havoc,48,21,27
Biü,tarren-mill,1418,demonhunter,havoc,42,16,26
Сочняга,gordunni,1417,demonhunter,havoc,42,15,27
Demogen,sylvanas,1415,demonhunter,havoc,234,123,111
Razziyel,ragnaros,1415,demonhunter,havoc,65,33,32
Sèptember,draenor,1415,demonhunter,havoc,42,16,26
Alury,blackrock,1414,demonhunter,havoc,78,41,37
Jazhz,dalaran,1414,demonhunter,havoc,54,26,28
Olessias,cthun,1413,demonhunter,havoc,24,15,9
Kanéki,sylvanas,1412,demonhunter,havoc,35,25,10
Sakumi,azshara,1412,demonhunter,havoc,187,86,101
Funclass,blackrock,1411,demonhunter,havoc,24,15,9
Havocnslash,ragnaros,1411,demonhunter,havoc,42,23,19
Illiada,spinebreaker,1411,demonhunter,havoc,30,15,15
Arnokia,kazzak,1411,demonhunter,havoc,156,75,81
Келадор,soulflayer,1411,demonhunter,havoc,143,68,75
Straizo,malganis,1411,demonhunter,havoc,38,18,20
Daekon,ahnqiraj,1409,demonhunter,havoc,54,22,32
Smoochygodx,antonidas,1408,demonhunter,havoc,180,94,86
Рагнос,goldrinn,1408,demonhunter,havoc,48,16,32
Jennyßright,sargeras,1407,demonhunter,havoc,24,15,9
Choclatballs,stormscale,1404,demonhunter,havoc,125,59,66
Saleny,blackrock,1404,demonhunter,havoc,36,15,21
Medievils,silvermoon,1403,demonhunter,havoc,176,85,91
Syonis,archimonde,1402,demonhunter,havoc,61,33,28
Monkeypox,twisting-nether,1402,demonhunter,havoc,190,92,98
Sayee,drakthul,1401,demonhunter,havoc,36,23,13
Ikari,neptulon,1401,demonhunter,havoc,74,43,31
Tkr,zuljin,1401,demonhunter,havoc,120,63,57
Vaynahi,grim-batol,1401,demonhunter,havoc,72,36,36
Баттлрэп,soulflayer,1401,demonhunter,havoc,92,42,50
Morphiyy,tarren-mill,1400,demonhunter,havoc,54,28,26
Thugrøse,blackrock,1400,demonhunter,havoc,201,101,100
Natzú,ravencrest,1400,demonhunter,havoc,54,23,31
Archadric,ravencrest,1399,demonhunter,havoc,59,30,29
Tyhaxx,ravencrest,1399,demonhunter,havoc,102,48,54
Watchmepoop,stormscale,1398,demonhunter,havoc,39,24,15
Pówèr,ravencrest,1398,demonhunter,havoc,66,36,30
Åelita,burning-legion,1398,demonhunter,havoc,44,21,23
Wìxx,blackrock,1398,demonhunter,havoc,41,17,24
Нейроуз,howling-fjord,1396,demonhunter,havoc,166,90,76
Demonbean,stormscale,1396,demonhunter,havoc,52,23,29
Дартарин,gordunni,1395,demonhunter,havoc,62,34,28
Daiten,outland,1394,demonhunter,havoc,53,27,26
Убийца,soulflayer,1394,demonhunter,havoc,70,35,35
Sadzari,burning-legion,1394,demonhunter,havoc,30,15,15
Aååááååââåâå,arygos,1394,demonhunter,havoc,30,15,15
Immune,aegwynn,1394,demonhunter,havoc,36,17,19
Иланари,gordunni,1393,demonhunter,havoc,53,34,19
Artï,ravencrest,1392,demonhunter,havoc,34,20,14
Culywurly,silvermoon,1392,demonhunter,havoc,66,30,36
Testôdh,blackrock,1392,demonhunter,havoc,52,18,34
Extraxtreme,ravencrest,1391,demonhunter,havoc,30,20,10
Kaylaz,eredar,1391,demonhunter,havoc,54,28,26
Morvash,nemesis,1390,demonhunter,havoc,84,44,40
Кирсена,gordunni,1390,demonhunter,havoc,118,55,63
Paiz,grim-batol,1389,demonhunter,havoc,21,15,6
Иллиферрат,blackscar,1389,demonhunter,havoc,328,165,163
Ноубрейндыха,gordunni,1388,demonhunter,havoc,493,249,244
Camilysu,perenolde,1388,demonhunter,havoc,41,16,25
Nørkos,ysondre,1387,demonhunter,havoc,28,16,12
Kamaz,twisting-nether,1387,demonhunter,havoc,87,45,42
Ihløøx,minahonda,1385,demonhunter,havoc,110,54,56
Megrella,stormscale,1383,demonhunter,havoc,96,46,50
Hatemrankone,outland,1383,demonhunter,havoc,51,23,28
Valkorion,chamber-of-aspects,1382,demonhunter,havoc,51,23,28
Hairyjapgirl,silvermoon,1381,demonhunter,havoc,64,37,27
Sua,outland,1381,demonhunter,havoc,154,80,74
Zamp,deathwing,1379,demonhunter,havoc,48,22,26
Testorex,kazzak,1379,demonhunter,havoc,47,21,26
Imlegalblind,ragnaros,1378,demonhunter,havoc,85,37,48
Jesana,argent-dawn,1377,demonhunter,havoc,157,78,79
Stringsz,ragnaros,1375,demonhunter,havoc,196,113,83
Scarebearz,outland,1375,demonhunter,havoc,252,137,115
Эридали,gordunni,1375,demonhunter,havoc,126,65,61
Anstict,kazzak,1371,demonhunter,havoc,48,22,26
Тириола,howling-fjord,1370,demonhunter,havoc,54,28,26
Bloodconte,darksorrow,1369,demonhunter,havoc,28,17,11
Baileeh,blackmoore,1369,demonhunter,havoc,42,23,19
Strikeforce,burning-legion,1369,demonhunter,havoc,66,28,38
Kouloukas,ragnaros,1369,demonhunter,havoc,42,17,25
Ragingbladex,kazzak,1368,demonhunter,havoc,73,38,35
Fulger,ghostlands,1368,demonhunter,havoc,78,34,44
Súrinox,blackrock,1367,demonhunter,havoc,83,48,35
Adapterinput,auchindoun,1367,demonhunter,havoc,132,69,63
Fleshes,draenor,1367,demonhunter,havoc,40,20,20
Seyran,silvermoon,1367,demonhunter,havoc,30,15,15
Никкэс,gordunni,1366,demonhunter,havoc,54,28,26
Yäkku,drakthul,1366,demonhunter,havoc,126,58,68
Poutanaola,twisting-nether,1365,demonhunter,havoc,30,15,15
Тушино,lich-king,1364,demonhunter,havoc,24,17,7
Dirtydoggy,dun-modr,1363,demonhunter,havoc,90,38,52
Itheos,kazzak,1362,demonhunter,havoc,246,124,122
Nezruslfive,dun-modr,1362,demonhunter,havoc,54,27,27
Kerog,blackmoore,1362,demonhunter,havoc,71,29,42
Илизарнный,gordunni,1362,demonhunter,havoc,42,17,25
Jyrpä,stormscale,1361,demonhunter,havoc,77,42,35
Natazia,eredar,1359,demonhunter,havoc,99,53,46
Methyza,thrall,1356,demonhunter,havoc,51,31,20
Easywaay,kazzak,1356,demonhunter,havoc,86,43,43
Nadok,tarren-mill,1356,demonhunter,havoc,48,24,24
Wrakdh,archimonde,1355,demonhunter,havoc,56,34,22
Thalamis,kazzak,1354,demonhunter,havoc,130,61,69
Illyriel,antonidas,1354,demonhunter,havoc,88,40,48
Kintschy,ragnaros,1354,demonhunter,havoc,36,16,20
Aryuna,frostwolf,1353,demonhunter,havoc,39,24,15
Djaris,ghostlands,1352,demonhunter,havoc,24,16,8
Ðraudræm,ravencrest,1352,demonhunter,havoc,143,70,73
Fotmfgt,eredar,1351,demonhunter,havoc,30,15,15
Moonbeàm,kazzak,1351,demonhunter,havoc,71,30,41
Orochimaruu,kargath,1351,demonhunter,havoc,93,38,55
Garretos,senjin,1349,demonhunter,havoc,49,29,20
Lockmylips,kazzak,1348,demonhunter,havoc,104,49,55
Wauway,ragnaros,1344,demonhunter,havoc,54,27,27
Reckqqt,eredar,1343,demonhunter,havoc,24,14,10
Bosskuw,kazzak,1343,demonhunter,havoc,24,14,10
Ðezs,dun-modr,1343,demonhunter,havoc,24,14,10
Flowen,stormreaver,1343,demonhunter,havoc,54,25,29
Brolafsen,tarren-mill,1342,demonhunter,havoc,24,14,10
Sghemon,pozzo-delleternità,1342,demonhunter,havoc,24,14,10
Zephyrê,blackrock,1342,demonhunter,havoc,146,73,73
Koger,twisting-nether,1342,demonhunter,havoc,30,14,16
Teletubby,blackrock,1342,demonhunter,havoc,36,14,22
Narkiza,tarren-mill,1341,demonhunter,havoc,24,14,10
Maddjakni,draenor,1341,demonhunter,havoc,26,15,11
Varedisa,kazzak,1341,demonhunter,havoc,116,55,61
Дхашуля,gordunni,1340,demonhunter,havoc,30,18,12
Даблкорк,soulflayer,1340,demonhunter,havoc,125,70,55
Illídana,azjolnerub,1340,demonhunter,havoc,62,32,30
Newgens,kazzak,1339,demonhunter,havoc,30,14,16
Lifel,nemesis,1339,demonhunter,havoc,56,26,30
Yugsiturath,drakthul,1339,demonhunter,havoc,90,41,49
Rehagen,ysondre,1339,demonhunter,havoc,36,14,22
Dhogge,emerald-dream,1337,demonhunter,havoc,36,14,22
Dharuel,cthun,1336,demonhunter,havoc,48,17,31
Orenrg,dun-modr,1335,demonhunter,havoc,64,38,26
Balsza,burning-legion,1335,demonhunter,havoc,54,26,28
Kainenn,silvermoon,1335,demonhunter,havoc,60,26,34
Hawoc,chamber-of-aspects,1334,demonhunter,havoc,42,26,16
Бропинг,soulflayer,1334,demonhunter,havoc,201,107,94
Thulânn,twisting-nether,1334,demonhunter,havoc,30,14,16
Onlytwokeys,dun-modr,1333,demonhunter,havoc,102,51,51
Scotcheggs,argent-dawn,1333,demonhunter,havoc,137,68,69
ßroken,ragnaros,1333,demonhunter,havoc,30,14,16
Sinninse,blackmoore,1332,demonhunter,havoc,48,27,21
Trekxx,ragnaros,1332,demonhunter,havoc,108,57,51
Xîr,silvermoon,1331,demonhunter,havoc,24,14,10
Lexim,khaz-modan,1331,demonhunter,havoc,72,40,32
Irenzy,twisting-nether,1331,demonhunter,havoc,30,14,16
Amylia,perenolde,1331,demonhunter,havoc,58,27,31
Beerseewälk,ragnaros,1331,demonhunter,havoc,76,34,42
Äzräël,dun-modr,1330,demonhunter,havoc,138,62,76
Грингекс,gordunni,1330,demonhunter,havoc,36,16,20
Notcrashy,eredar,1329,demonhunter,havoc,35,22,13
Checakore,argent-dawn,1329,demonhunter,havoc,66,34,32
Pichkachu,sylvanas,1329,demonhunter,havoc,36,18,18
Ebache,darksorrow,1329,demonhunter,havoc,94,46,48
Níghtwing,wildhammer,1329,demonhunter,havoc,77,36,41
Mårcxb,blackhand,1329,demonhunter,havoc,30,14,16
Шмальнуть,gordunni,1329,demonhunter,havoc,78,34,44
Wolfsøng,tarren-mill,1328,demonhunter,havoc,24,14,10
Kékw,stormscale,1327,demonhunter,havoc,261,132,129
Nxtpls,silvermoon,1327,demonhunter,havoc,99,48,51
Alervius,blackrock,1327,demonhunter,havoc,30,14,16
Badess,malfurion,1327,demonhunter,havoc,36,14,22
Сильверган,soulflayer,1326,demonhunter,havoc,323,166,157
Naïtipa,arathi,1326,demonhunter,havoc,36,14,22
Sionar,kazzak,1325,demonhunter,havoc,24,15,9
Gurvan,kazzak,1325,demonhunter,havoc,96,50,46
Zayl,defias-brotherhood,1324,demonhunter,havoc,89,38,51
Егордемон,soulflayer,1323,demonhunter,havoc,46,25,21
Ziplar,tarren-mill,1323,demonhunter,havoc,90,43,47
Iaml,ravencrest,1323,demonhunter,havoc,67,32,35
Ibnia,azjolnerub,1323,demonhunter,havoc,32,14,18
Destructs,sylvanas,1321,demonhunter,havoc,67,33,34
Kâtsulol,ysondre,1321,demonhunter,havoc,30,14,16
Sokal,dun-modr,1321,demonhunter,havoc,104,44,60
Кельселай,soulflayer,1321,demonhunter,havoc,42,16,26
Quakes,pozzo-delleternità,1319,demonhunter,havoc,78,43,35
Hyggéè,sanguino,1319,demonhunter,havoc,42,20,22
Bluespe,twisting-nether,1318,demonhunter,havoc,102,53,49
Ragnirok,deathwing,1318,demonhunter,havoc,138,66,72
Felleaf,ragnaros,1318,demonhunter,havoc,64,27,37
Lexuirca,tarren-mill,1315,demonhunter,havoc,48,23,25
Øæø,turalyon,1315,demonhunter,havoc,30,14,16
Sarissa,dun-modr,1314,demonhunter,havoc,48,29,19
Posterboy,tarren-mill,1314,demonhunter,havoc,67,34,33
Daemonai,neptulon,1314,demonhunter,havoc,84,42,42
Miragirl,stormscale,1314,demonhunter,havoc,38,17,21
Noitradh,zuljin,1313,demonhunter,havoc,27,15,12
Bestdemon,tarren-mill,1313,demonhunter,havoc,57,29,28
Thëos,argent-dawn,1313,demonhunter,havoc,108,54,54
Obey,exodar,1312,demonhunter,havoc,47,22,25
Jayhan,chamber-of-aspects,1311,demonhunter,havoc,68,37,31
Demozzer,ravencrest,1310,demonhunter,havoc,67,37,30
Hupon,drakthul,1310,demonhunter,havoc,40,20,20
Eviljunior,blackhand,1310,demonhunter,havoc,72,33,39
Аликана,blackscar,1309,demonhunter,havoc,42,17,25
Хайзи,gordunni,1308,demonhunter,havoc,42,21,21
Viridisignis,silvermoon,1307,demonhunter,havoc,199,107,92
Kaizzy,twisting-nether,1307,demonhunter,havoc,142,75,67
Slowcuzclick,stormscale,1307,demonhunter,havoc,85,44,41
Ghiocelulog,draenor,1307,demonhunter,havoc,86,42,44
Порядокх,soulflayer,1306,demonhunter,havoc,36,21,15
Стрепа,grom,1306,demonhunter,havoc,112,65,47
Kaitlyyn,norgannon,1306,demonhunter,havoc,48,21,27
Тарапынька,gordunni,1305,demonhunter,havoc,158,83,75
Алькирена,howling-fjord,1305,demonhunter,havoc,60,29,31
Batghoul,laughing-skull,1304,demonhunter,havoc,29,16,13
Savagee,ragnaros,1304,demonhunter,havoc,81,34,47
Slinks,ragnaros,1302,demonhunter,havoc,187,87,100
Каралас,soulflayer,1301,demonhunter,havoc,36,21,15
Liondrix,sanguino,1301,demonhunter,havoc,81,41,40
Эфемерид,howling-fjord,1301,demonhunter,havoc,36,18,18
Felni,lightbringer,1299,demonhunter,havoc,66,38,28
Isila,alakir,1299,demonhunter,havoc,159,71,88
Picotea,argent-dawn,1298,demonhunter,havoc,30,20,10
Demonpotatô,draenor,1298,demonhunter,havoc,54,32,22
Adalya,stormrage,1298,demonhunter,havoc,100,41,59
Muharaar,ravencrest,1295,demonhunter,havoc,22,15,7
Тэлэсык,gordunni,1295,demonhunter,havoc,45,20,25
Жемчужинка,eversong,1294,demonhunter,havoc,59,29,30
Soca,ysondre,1294,demonhunter,havoc,66,29,37
Chrístíe,sanguino,1294,demonhunter,havoc,34,14,20
Unreally,tarren-mill,1292,demonhunter,havoc,39,15,24
Охотникн,howling-fjord,1290,demonhunter,havoc,54,21,33
Byakugaan,drakthul,1289,demonhunter,havoc,84,45,39
Батявздане,soulflayer,1288,demonhunter,havoc,41,22,19
Venøøm,eldrethalas,1288,demonhunter,havoc,138,72,66
Jahannam,ysondre,1288,demonhunter,havoc,96,47,49
Bicskas,ragnaros,1288,demonhunter,havoc,51,21,30
Maryjane,nordrassil,1287,demonhunter,havoc,84,50,34
Féileacán,kazzak,1286,demonhunter,havoc,48,20,28
Луксория,soulflayer,1285,demonhunter,havoc,82,38,44
Jëtman,ravencrest,1284,demonhunter,havoc,62,37,25
Nasghul,drakthul,1284,demonhunter,havoc,66,30,36
Sarrabulho,magtheridon,1284,demonhunter,havoc,72,32,40
Кевалат,gordunni,1283,demonhunter,havoc,24,17,7
Sangita,tarren-mill,1283,demonhunter,havoc,105,56,49
Fläsktorped,stormscale,1282,demonhunter,havoc,29,14,15
Nyach,kazzak,1282,demonhunter,havoc,60,28,32
Реалистик,deathweaver,1282,demonhunter,havoc,133,62,71
Billidan,eredar,1282,demonhunter,havoc,54,25,29
Лолбичьпро,blackscar,1281,demonhunter,havoc,60,33,27
Æroa,antonidas,1281,demonhunter,havoc,56,30,26
Makri,outland,1281,demonhunter,havoc,146,78,68
Actarüs,hyjal,1281,demonhunter,havoc,48,16,32
Ozeey,draenor,1280,demonhunter,havoc,29,14,15
Valendriel,archimonde,1279,demonhunter,havoc,99,50,49
Cassitä,chogall,1278,demonhunter,havoc,72,36,36
Dârhma,archimonde,1276,demonhunter,havoc,47,29,18
Зографос,fordragon,1276,demonhunter,havoc,29,16,13
Saehila,kirin-tor,1276,demonhunter,havoc,149,70,79
Clexa,thrall,1275,demonhunter,havoc,36,15,21
Harha,stormscale,1274,demonhunter,havoc,75,37,38
Manga,aegwynn,1274,demonhunter,havoc,60,25,35
Нксин,howling-fjord,1273,demonhunter,havoc,42,21,21
Apsodemon,twisting-nether,1272,demonhunter,havoc,22,15,7
Øutsider,blackmoore,1272,demonhunter,havoc,143,71,72
Даргсайд,gordunni,1272,demonhunter,havoc,181,88,93
Zuldekdh,sanguino,1272,demonhunter,havoc,30,14,16
Adroenz,twisting-nether,1272,demonhunter,havoc,54,23,31
Pleskdh,malganis,1272,demonhunter,havoc,54,23,31
Hellboii,kilrogg,1271,demonhunter,havoc,67,42,25
Louloulou,aegwynn,1271,demonhunter,havoc,123,65,58
Tzigonline,silvermoon,1271,demonhunter,havoc,41,17,24
Sephiris,argent-dawn,1270,demonhunter,havoc,25,16,9
Yamiagitosan,burning-legion,1269,demonhunter,havoc,77,39,38
Ilyerias,twisting-nether,1267,demonhunter,havoc,131,57,74
Tharysan,sanguino,1266,demonhunter,havoc,66,38,28
Calthmon,shattrath,1266,demonhunter,havoc,30,14,16
Lîllîv,wrathbringer,1266,demonhunter,havoc,53,24,29
Schonevrouw,aszune,1265,demonhunter,havoc,66,38,28
Minutte,twisting-nether,1265,demonhunter,havoc,48,27,21
Gamaö,khaz-modan,1265,demonhunter,havoc,41,16,25
Дримриэль,gordunni,1264,demonhunter,havoc,37,16,21
Luceafaru,draenor,1264,demonhunter,havoc,42,14,28
Кейсимег,soulflayer,1262,demonhunter,havoc,284,138,146
Marmotaa,ragnaros,1261,demonhunter,havoc,135,67,68
Anödyth,kirin-tor,1261,demonhunter,havoc,51,23,28
Coltender,drakthul,1260,demonhunter,havoc,91,42,49
Azn,twisting-nether,1260,demonhunter,havoc,54,23,31
Ìllídán,ravencrest,1259,demonhunter,havoc,116,61,55
Watnntietnn,burning-blade,1259,demonhunter,havoc,96,43,53
Maeb,cthun,1259,demonhunter,havoc,54,22,32
Goatcorpse,blackmoore,1258,demonhunter,havoc,54,27,27
Даудаев,gordunni,1257,demonhunter,havoc,54,29,25
Hirbs,silvermoon,1257,demonhunter,havoc,78,35,43
Yorkaj,kazzak,1257,demonhunter,havoc,126,52,74
Killeedan,darksorrow,1257,demonhunter,havoc,36,14,22
Милинайт,eversong,1256,demonhunter,havoc,30,17,13
Chapzi,ragnaros,1256,demonhunter,havoc,51,26,25
Gurthalak,alakir,1256,demonhunter,havoc,59,30,29
Seedor,archimonde,1256,demonhunter,havoc,92,42,50
Sindweller,arathi,1256,demonhunter,havoc,40,16,24
Zejza,ragnaros,1255,demonhunter,havoc,61,29,32
Leäf,drakthul,1254,demonhunter,havoc,30,16,14
Bessus,aggra-português,1254,demonhunter,havoc,82,43,39
Waviel,burning-legion,1254,demonhunter,havoc,59,27,32
Дисофи,soulflayer,1254,demonhunter,havoc,70,30,40
Száraz,ragnaros,1254,demonhunter,havoc,42,14,28
Subelsiu,alakir,1253,demonhunter,havoc,207,111,96
Zøóm,tarren-mill,1250,demonhunter,havoc,24,14,10
Tokoloshë,ragnaros,1249,demonhunter,havoc,102,54,48
Bosque,ragnaros,1249,demonhunter,havoc,60,30,30
Konoth,kirin-tor,1248,demonhunter,havoc,71,37,34
Maat,anetheron,1248,demonhunter,havoc,43,18,25
Norac,silvermoon,1248,demonhunter,havoc,41,16,25
Anwenox,argent-dawn,1247,demonhunter,havoc,18,13,5
Sweåfy,outland,1247,demonhunter,havoc,18,13,5
Ascanius,nemesis,1247,demonhunter,havoc,113,66,47
Demonguard,draenor,1247,demonhunter,havoc,171,86,85
Demonpun,the-venture-co,1247,demonhunter,havoc,64,32,32
Ironjòe,eredar,1247,demonhunter,havoc,30,14,16
Shinsen,archimonde,1247,demonhunter,havoc,36,16,20
Fróstdh,ravencrest,1247,demonhunter,havoc,30,13,17
Gixota,silvermoon,1246,demonhunter,havoc,18,13,5
Bläckdëvïl,uldum,1246,demonhunter,havoc,58,33,25
Ittas,archimonde,1246,demonhunter,havoc,24,13,11
Izzidan,magtheridon,1246,demonhunter,havoc,27,14,13
Velvetrain,ravencrest,1246,demonhunter,havoc,36,13,23
Daweeo,the-maelstrom,1245,demonhunter,havoc,30,17,13
Valen,die-aldor,1245,demonhunter,havoc,88,40,48
Fyell,antonidas,1244,demonhunter,havoc,24,13,11
Kimberleh,doomhammer,1243,demonhunter,havoc,24,13,11
Ilídos,blackmoore,1243,demonhunter,havoc,92,39,53
Maddhxo,drakthul,1242,demonhunter,havoc,24,13,11
Meleidar,kazzak,1242,demonhunter,havoc,30,13,17
Falanar,ysondre,1242,demonhunter,havoc,30,13,17
Symbul,blackrock,1241,demonhunter,havoc,103,49,54
Lyzzra,blackmoore,1241,demonhunter,havoc,30,13,17
Verrottung,blackhand,1240,demonhunter,havoc,24,13,11
Ðarckjojo,hyjal,1240,demonhunter,havoc,94,44,50
Hakakuri,ravencrest,1240,demonhunter,havoc,30,14,16
Nidorino,aegwynn,1240,demonhunter,havoc,30,13,17
Drushii,shattrath,1240,demonhunter,havoc,30,13,17
Bignugs,ravencrest,1240,demonhunter,havoc,36,13,23
Жаркийсекс,soulflayer,1240,demonhunter,havoc,54,19,35
Илджес,gordunni,1239,demonhunter,havoc,42,13,29
Fùth,ysondre,1238,demonhunter,havoc,24,13,11
Momochi,silvermoon,1238,demonhunter,havoc,50,24,26
Illidanio,xavius,1238,demonhunter,havoc,76,33,43
Galuna,deathwing,1238,demonhunter,havoc,31,13,18
Tmluu,nazjatar,1237,demonhunter,havoc,24,13,11
Lùcîfer,hellfire,1237,demonhunter,havoc,102,50,52
Xellnaga,twisting-nether,1236,demonhunter,havoc,38,18,20
Jokidh,zuljin,1236,demonhunter,havoc,30,13,17
Nekkëtsu,archimonde,1235,demonhunter,havoc,24,13,11
Грешный,gordunni,1235,demonhunter,havoc,24,13,11
Aloii,kazzak,1235,demonhunter,havoc,48,24,24
Shytan,tarren-mill,1235,demonhunter,havoc,92,40,52
Niniach,burning-legion,1235,demonhunter,havoc,30,13,17
Solrosfrön,stormscale,1234,demonhunter,havoc,28,14,14
Demonjay,stormscale,1233,demonhunter,havoc,28,14,14
Titanslayyer,azjolnerub,1233,demonhunter,havoc,30,13,17
Juha,bronze-dragonflight,1231,demonhunter,havoc,69,38,31
Такетомии,gordunni,1231,demonhunter,havoc,30,13,17
Mamazboy,lightnings-blade,1229,demonhunter,havoc,35,20,15
Vengeful,alonsus,1229,demonhunter,havoc,23,13,10
Эндимэн,soulflayer,1228,demonhunter,havoc,97,52,45
Azkerash,draenor,1228,demonhunter,havoc,77,35,42
Fôns,sanguino,1227,demonhunter,havoc,18,13,5
Inasyndre,argent-dawn,1226,demonhunter,havoc,30,13,17
Katheros,garrosh,1224,demonhunter,havoc,72,41,31
Shreddern,ragnaros,1224,demonhunter,havoc,31,14,17
Brazahart,silvermoon,1223,demonhunter,havoc,102,44,58
Hatred,argent-dawn,1223,demonhunter,havoc,36,14,22
Devilord,sanguino,1221,demonhunter,havoc,24,13,11
Дитяхаоса,howling-fjord,1221,demonhunter,havoc,72,31,41
Defjax,argent-dawn,1220,demonhunter,havoc,24,13,11
Овецловец,deathguard,1220,demonhunter,havoc,24,13,11
Biànca,outland,1220,demonhunter,havoc,38,15,23
Badgyalriri,hyjal,1218,demonhunter,havoc,33,15,18
Dmgchris,sylvanas,1218,demonhunter,havoc,36,13,23
Crueldo,silvermoon,1217,demonhunter,havoc,54,22,32
Demonzeus,sylvanas,1216,demonhunter,havoc,91,48,43
Осхимс,deathguard,1215,demonhunter,havoc,101,54,47
Ferndejar,draenor,1215,demonhunter,havoc,40,14,26
Embruixada,sanguino,1214,demonhunter,havoc,196,103,93
Betråyêr,draenor,1213,demonhunter,havoc,38,15,23
Mojois,ravenholdt,1212,demonhunter,havoc,126,68,58
Иллидал,greymane,1212,demonhunter,havoc,36,18,18
Sîvîct,uldum,1210,demonhunter,havoc,24,13,11
Kladius,skullcrusher,1210,demonhunter,havoc,48,24,24
Годиксгёрл,gordunni,1209,demonhunter,havoc,66,35,31
Kalimbä,suramar,1209,demonhunter,havoc,60,30,30
Cameclc,hyjal,1209,demonhunter,havoc,28,13,15
Jyzu,festung-der-stürme,1209,demonhunter,havoc,36,13,23
Schahmiran,kargath,1208,demonhunter,havoc,96,45,51
Дронкрылатый,soulflayer,1207,demonhunter,havoc,107,55,52
Demonk,nemesis,1205,demonhunter,havoc,147,73,74
Dadicek,drakthul,1204,demonhunter,havoc,30,20,10
Jimdh,quelthalas,1204,demonhunter,havoc,66,22,44
Talwen,guldan,1203,demonhunter,havoc,24,15,9
Maltok,ysondre,1203,demonhunter,havoc,73,36,37
Kumoko,burning-legion,1203,demonhunter,havoc,39,16,23
Сумърак,grom,1202,demonhunter,havoc,182,86,96
Эридэм,gordunni,1202,demonhunter,havoc,30,14,16
Yeéydh,tarren-mill,1202,demonhunter,havoc,28,13,15
Bøøgý,silvermoon,1202,demonhunter,havoc,54,24,30
Asmedios,twisting-nether,1201,demonhunter,havoc,651,325,326
Darksink,kazzak,1201,demonhunter,havoc,54,26,28
Самуройд,gordunni,1199,demonhunter,havoc,42,18,24
Aûrelian,kragjin,1197,demonhunter,havoc,45,20,25
Fikyx,draenor,1196,demonhunter,havoc,140,68,72
Vozol,stormscale,1195,demonhunter,havoc,30,20,10
Hellarious,ragnaros,1195,demonhunter,havoc,72,30,42
Sholon,kiljaeden,1194,demonhunter,havoc,24,14,10
Chancelvie,outland,1192,demonhunter,havoc,99,42,57
Талона,fordragon,1191,demonhunter,havoc,60,33,27
Claere,blackhand,1191,demonhunter,havoc,129,66,63
Spideymon,ragnaros,1191,demonhunter,havoc,50,18,32
Makkivar,terenas,1190,demonhunter,havoc,64,33,31
Danedemlia,magtheridon,1190,demonhunter,havoc,61,28,33
Lögan,uldum,1189,demonhunter,havoc,54,29,25
Dollar,daggerspine,1189,demonhunter,havoc,48,15,33
Джигурдинец,gordunni,1188,demonhunter,havoc,36,21,15
Buttslapper,silvermoon,1187,demonhunter,havoc,38,14,24
Khamzath,blackhand,1186,demonhunter,havoc,72,36,36
Shishiro,alakir,1186,demonhunter,havoc,54,26,28
Liisza,blackhand,1184,demonhunter,havoc,22,15,7
Yousif,stormscale,1184,demonhunter,havoc,149,76,73
Demonligos,draenor,1183,demonhunter,havoc,72,36,36
Pumaswede,auchindoun,1183,demonhunter,havoc,35,13,22
Rtz,malfurion,1182,demonhunter,havoc,30,15,15
Sharhan,sylvanas,1182,demonhunter,havoc,73,33,40
Акамамба,gordunni,1182,demonhunter,havoc,35,14,21
Artexxen,kazzak,1182,demonhunter,havoc,42,14,28
Carizmma,ravencrest,1182,demonhunter,havoc,48,14,34
Ohshietwadap,twisting-nether,1180,demonhunter,havoc,34,13,21
Heàvic,outland,1179,demonhunter,havoc,69,37,32
Spacedance,silvermoon,1176,demonhunter,havoc,26,13,13
Õmen,ravencrest,1176,demonhunter,havoc,26,13,13
Êvê,blackmoore,1174,demonhunter,havoc,52,25,27
Lozakum,draenor,1174,demonhunter,havoc,126,58,68
Kaletoq,ragnaros,1172,demonhunter,havoc,34,20,14
Alfaa,outland,1172,demonhunter,havoc,24,13,11
Lovzuu,draenor,1171,demonhunter,havoc,24,17,7
Demonronin,the-maelstrom,1169,demonhunter,havoc,80,40,40
Bazzer,aegwynn,1169,demonhunter,havoc,68,33,35
Brolycoly,stormscale,1169,demonhunter,havoc,34,13,21
Kiriall,blackmoore,1166,demonhunter,havoc,78,36,42
Winchesterxx,sanguino,1165,demonhunter,havoc,102,52,50
Oxydh,ravencrest,1165,demonhunter,havoc,28,13,15
Люцифэйль,gordunni,1165,demonhunter,havoc,50,23,27
Shizá,burning-legion,1165,demonhunter,havoc,86,39,47
Diabloman,stormscale,1164,demonhunter,havoc,42,18,24
Tizefik,stormscale,1163,demonhunter,havoc,57,28,29
Morthorr,grim-batol,1163,demonhunter,havoc,37,17,20
Doccholiday,doomhammer,1162,demonhunter,havoc,41,18,23
Lagordin,aggramar,1161,demonhunter,havoc,18,14,4
Dämokröte,ambossar,1161,demonhunter,havoc,110,57,53
Dombra,kult-der-verdammten,1160,demonhunter,havoc,35,22,13
Hawek,madmortem,1160,demonhunter,havoc,76,41,35
Letidyr,ravencrest,1158,demonhunter,havoc,54,17,37
Headlessdh,ragnaros,1155,demonhunter,havoc,126,59,67
Wréckful,ravencrest,1155,demonhunter,havoc,48,17,31
Nanocsika,twisting-nether,1154,demonhunter,havoc,250,122,128
Giace,drakthul,1154,demonhunter,havoc,90,38,52
Itsukix,stormscale,1153,demonhunter,havoc,36,21,15
Demønlady,blackmoore,1152,demonhunter,havoc,26,13,13
Tiktokfrida,twisting-nether,1152,demonhunter,havoc,24,12,12
Аоешный,howling-fjord,1152,demonhunter,havoc,24,12,12
Nairra,blackmoore,1152,demonhunter,havoc,30,13,17
Fuseton,kazzak,1152,demonhunter,havoc,30,12,18
Azaeras,argent-dawn,1151,demonhunter,havoc,18,12,6
Kímínøséí,kazzak,1151,demonhunter,havoc,18,12,6
Uthinare,silvermoon,1151,demonhunter,havoc,44,18,26
Djaskmazi,archimonde,1151,demonhunter,havoc,30,12,18
Teinzy,stormscale,1150,demonhunter,havoc,24,12,12
Palangebahar,tarren-mill,1150,demonhunter,havoc,24,12,12
Raïley,archimonde,1150,demonhunter,havoc,30,12,18
Seleverkauft,antonidas,1149,demonhunter,havoc,18,12,6
Evul,blackmoore,1149,demonhunter,havoc,18,12,6
Bigboychaos,twisting-nether,1149,demonhunter,havoc,36,19,17
Rasmekul,defias-brotherhood,1149,demonhunter,havoc,24,12,12
Полетела,gordunni,1149,demonhunter,havoc,59,29,30
Glowfall,draenor,1149,demonhunter,havoc,45,22,23
Этимму,gordunni,1149,demonhunter,havoc,54,19,35
Allalina,draenor,1148,demonhunter,havoc,96,51,45
Eibemme,alleria,1148,demonhunter,havoc,24,12,12
Coaxial,twisting-nether,1148,demonhunter,havoc,42,16,26
Marrie,area-52,1147,demonhunter,havoc,18,12,6
Íhithard,drakthul,1147,demonhunter,havoc,24,12,12
Muckan,tarren-mill,1147,demonhunter,havoc,24,12,12
Mèlfurion,hyjal,1147,demonhunter,havoc,97,42,55
Siljima,tarren-mill,1147,demonhunter,havoc,30,12,18
Bayerd,burning-legion,1146,demonhunter,havoc,24,12,12
Деирдевил,blackscar,1146,demonhunter,havoc,24,12,12
Zhartax,dun-modr,1146,demonhunter,havoc,24,12,12
Milkeyes,ravencrest,1145,demonhunter,havoc,112,60,52
Teoma,hyjal,1145,demonhunter,havoc,196,102,94
Aruzar,twisting-nether,1145,demonhunter,havoc,36,14,22
Morow,die-ewige-wacht,1144,demonhunter,havoc,18,12,6
Lengadanger,durotan,1144,demonhunter,havoc,30,12,18
Joniod,stormreaver,1143,demonhunter,havoc,24,12,12
Xellidan,dun-modr,1142,demonhunter,havoc,30,14,16
Velgetox,blackrock,1142,demonhunter,havoc,42,19,23
Gyrospita,dun-morogh,1142,demonhunter,havoc,30,12,18
Skîllwhat,aegwynn,1142,demonhunter,havoc,33,13,20
Anandria,blutkessel,1140,demonhunter,havoc,71,42,29
Lanaël,kaelthas,1140,demonhunter,havoc,24,12,12
Yuka,earthen-ring,1140,demonhunter,havoc,42,20,22
Мейьибейьи,howling-fjord,1139,demonhunter,havoc,24,12,12
Lilithxz,blackmoore,1139,demonhunter,havoc,24,12,12
Dreggath,doomhammer,1139,demonhunter,havoc,59,29,30
Kebiz,ragnaros,1139,demonhunter,havoc,29,13,16
Nelairia,tarren-mill,1138,demonhunter,havoc,41,24,17
Нохелет,deepholm,1138,demonhunter,havoc,368,190,178
Тонниданза,howling-fjord,1138,demonhunter,havoc,384,187,197
Délyria,blackhand,1137,demonhunter,havoc,138,68,70
Mirajen,dun-modr,1136,demonhunter,havoc,30,13,17
Гарражж,howling-fjord,1135,demonhunter,havoc,24,12,12
Merelîn,eredar,1135,demonhunter,havoc,47,23,24
Grazilo,outland,1135,demonhunter,havoc,62,28,34
Arconta,blackmoore,1135,demonhunter,havoc,30,12,18
Basiliskus,argent-dawn,1134,demonhunter,havoc,30,12,18
Хитсхан,soulflayer,1133,demonhunter,havoc,30,15,15
Athoribos,silvermoon,1130,demonhunter,havoc,66,34,32
Iaozh,culte-de-la-rive-noire,1130,demonhunter,havoc,54,23,31
Petefile,kazzak,1129,demonhunter,havoc,88,45,43
Giboo,emerald-dream,1127,demonhunter,havoc,18,12,6
Marsterkush,malygos,1127,demonhunter,havoc,43,22,21
Accursius,blackmoore,1126,demonhunter,havoc,92,54,38
Xendrina,blackrock,1125,demonhunter,havoc,30,12,18
Vio,jaedenar,1124,demonhunter,havoc,60,36,24
Maßik,terokkar,1122,demonhunter,havoc,39,22,17
Nvm,wrathbringer,1119,demonhunter,havoc,48,21,27
Hashoks,draenor,1118,demonhunter,havoc,39,23,16
Shiqqi,blackhand,1118,demonhunter,havoc,60,31,29
Bearrockx,alleria,1118,demonhunter,havoc,29,12,17
Vaenil,hyjal,1118,demonhunter,havoc,41,14,27
Aidae,sylvanas,1118,demonhunter,havoc,60,20,40
Mcsmackface,hellfire,1117,demonhunter,havoc,69,26,43
Zyasea,blackmoore,1116,demonhunter,havoc,107,41,66
Unnachgiebig,antonidas,1113,demonhunter,havoc,24,12,12
Roostidh,shattered-hand,1112,demonhunter,havoc,78,42,36
Youjosenki,magtheridon,1111,demonhunter,havoc,23,15,8
Quavanity,sylvanas,1110,demonhunter,havoc,29,12,17
Zengor,twilights-hammer,1109,demonhunter,havoc,28,14,14
Мотек,howling-fjord,1109,demonhunter,havoc,120,57,63
Tatsukiyuzu,hyjal,1107,demonhunter,havoc,54,35,19
Огнод,gordunni,1107,demonhunter,havoc,66,38,28
Karxarias,silvermoon,1107,demonhunter,havoc,42,22,20
Darkustos,blackrock,1107,demonhunter,havoc,38,18,20
Илайора,galakrond,1107,demonhunter,havoc,74,30,44
Leloine,trollbane,1104,demonhunter,havoc,89,46,43
Líllíth,forscherliga,1104,demonhunter,havoc,24,12,12
Sükiküki,alexstrasza,1104,demonhunter,havoc,78,29,49
Nylaria,dethecus,1102,demonhunter,havoc,24,13,11
Napastak,blackrock,1100,demonhunter,havoc,47,17,30
Kalî,forscherliga,1099,demonhunter,havoc,24,12,12
Дайленрия,eversong,1097,demonhunter,havoc,54,27,27
Devilmonkey,ambossar,1096,demonhunter,havoc,87,31,56
Wingedfelcat,argent-dawn,1095,demonhunter,havoc,23,12,11
Аллилания,fordragon,1092,demonhunter,havoc,50,32,18
Téthis,uldaman,1092,demonhunter,havoc,102,44,58
Фирулия,goldrinn,1089,demonhunter,havoc,209,109,100
Eranduur,draenor,1088,demonhunter,havoc,24,13,11
Моуровани,eversong,1088,demonhunter,havoc,54,25,29
Azzinoth,outland,1088,demonhunter,havoc,106,42,64
Айвэнгос,thermaplugg,1086,demonhunter,havoc,91,48,43
Âkazza,archimonde,1086,demonhunter,havoc,26,12,14
Gigipletosu,ravencrest,1086,demonhunter,havoc,54,22,32
Metadel,outland,1085,demonhunter,havoc,341,172,169
Azazelkw,ragnaros,1084,demonhunter,havoc,66,34,32
Thegamesucks,ravencrest,1084,demonhunter,havoc,214,104,110
Sombessat,tarren-mill,1084,demonhunter,havoc,95,46,49
Дэрзлорд,fordragon,1082,demonhunter,havoc,23,12,11
Zlett,draenor,1082,demonhunter,havoc,28,12,16
Bezdna,stormrage,1080,demonhunter,havoc,27,12,15
Mäxo,frostwolf,1079,demonhunter,havoc,32,12,20
Noire,zuljin,1079,demonhunter,havoc,35,12,23
Typhoonxq,tarren-mill,1078,demonhunter,havoc,41,21,20
Elmindundi,shendralar,1077,demonhunter,havoc,32,13,19
Sgravo,nemesis,1076,demonhunter,havoc,30,18,12
Välhöll,kirin-tor,1076,demonhunter,havoc,65,23,42
Мицлейн,gordunni,1075,demonhunter,havoc,79,29,50
Tasi,dun-morogh,1072,demonhunter,havoc,64,28,36
Sintoraz,amanthul,1071,demonhunter,havoc,56,34,22
Twistyy,drakthul,1070,demonhunter,havoc,78,43,35
Luciferio,quelthalas,1069,demonhunter,havoc,46,18,28
Флеркенкот,galakrond,1068,demonhunter,havoc,356,187,169
Нотреди,howling-fjord,1067,demonhunter,havoc,138,74,64
Yiùna,hyjal,1067,demonhunter,havoc,66,32,34
Scurenzio,outland,1065,demonhunter,havoc,42,24,18
Ôlowain,blackmoore,1065,demonhunter,havoc,30,12,18
Каталейна,howling-fjord,1065,demonhunter,havoc,62,19,43
Alioshad,ravencrest,1064,demonhunter,havoc,76,36,40
Hvc,twisting-nether,1062,demonhunter,havoc,77,32,45
Noctilucent,executus,1061,demonhunter,havoc,90,49,41
Cirino,defias-brotherhood,1061,demonhunter,havoc,97,46,51
Aamonath,tarren-mill,1060,demonhunter,havoc,36,20,16
Hernandez,sanguino,1060,demonhunter,havoc,36,18,18
Prismio,ysondre,1059,demonhunter,havoc,21,12,9
Арат,ashenvale,1059,demonhunter,havoc,72,32,40
Alkann,chogall,1057,demonhunter,havoc,47,24,23
Тэниан,gordunni,1057,demonhunter,havoc,138,56,82
Giusifreddo,zuljin,1057,demonhunter,havoc,58,23,35
Happykx,draenor,1056,demonhunter,havoc,12,11,1
Kundán,antonidas,1056,demonhunter,havoc,48,23,25
Haýuken,kazzak,1056,demonhunter,havoc,48,22,26
Annaboliik,ravencrest,1056,demonhunter,havoc,24,11,13
Txullidan,twisting-nether,1056,demonhunter,havoc,68,31,37
Dhlee,ravencrest,1055,demonhunter,havoc,18,11,7
Virkgodx,bloodscalp,1055,demonhunter,havoc,18,11,7
Hûora,stormscale,1055,demonhunter,havoc,18,11,7
Draqula,ravencrest,1055,demonhunter,havoc,24,11,13
Xocotl,blackmoore,1055,demonhunter,havoc,24,11,13
Keiral,stormscale,1055,demonhunter,havoc,30,11,19
Evlos,hyjal,1055,demonhunter,havoc,30,11,19
Vrekur,sanguino,1055,demonhunter,havoc,36,11,25
Xpllen,shadowsong,1054,demonhunter,havoc,18,11,7
Løum,blackrock,1054,demonhunter,havoc,18,11,7
Përry,archimonde,1054,demonhunter,havoc,24,11,13
Sîre,ravencrest,1054,demonhunter,havoc,24,11,13
Demonicat,twisting-nether,1054,demonhunter,havoc,30,11,19
Цион,soulflayer,1053,demonhunter,havoc,47,22,25
Tenx,auchindoun,1053,demonhunter,havoc,24,11,13
Zadian,twisting-nether,1053,demonhunter,havoc,28,11,17
Satti,sargeras,1053,demonhunter,havoc,30,11,19
Darktérror,silvermoon,1053,demonhunter,havoc,30,11,19
Никельдон,howling-fjord,1052,demonhunter,havoc,54,33,21
Watermelonqt,tarren-mill,1052,demonhunter,havoc,24,11,13
Шавермье,gordunni,1052,demonhunter,havoc,36,11,25
Shentarie,kazzak,1051,demonhunter,havoc,18,11,7
Bud,lightnings-blade,1051,demonhunter,havoc,18,11,7
Сангвиннус,howling-fjord,1051,demonhunter,havoc,72,36,36
Aldeshabrake,antonidas,1051,demonhunter,havoc,24,11,13
Squan,blackmoore,1050,demonhunter,havoc,20,12,8
Sorowas,tichondrius,1050,demonhunter,havoc,61,34,27
Халбренд,gordunni,1050,demonhunter,havoc,24,11,13
Koralentprix,twisting-nether,1050,demonhunter,havoc,24,11,13
Lucthedané,ravencrest,1050,demonhunter,havoc,30,11,19
Синяша,howling-fjord,1049,demonhunter,havoc,18,11,7
Akhyra,ysondre,1049,demonhunter,havoc,24,11,13
Vìdhar,tarren-mill,1049,demonhunter,havoc,24,11,13
Maddificator,silvermoon,1048,demonhunter,havoc,32,22,10
Увиден,eversong,1048,demonhunter,havoc,152,75,77
Plec,alakir,1047,demonhunter,havoc,76,31,45
Nerfy,silvermoon,1046,demonhunter,havoc,18,11,7
Glaiverush,alakir,1046,demonhunter,havoc,36,19,17
Joeybadass,aegwynn,1045,demonhunter,havoc,24,11,13
Музакант,gordunni,1043,demonhunter,havoc,89,46,43
Siscia,outland,1042,demonhunter,havoc,74,40,34
Dzidch,silvermoon,1042,demonhunter,havoc,24,11,13
Dayo,archimonde,1042,demonhunter,havoc,42,11,31
Dântés,silvermoon,1040,demonhunter,havoc,60,23,37
Estarloco,blackmoore,1038,demonhunter,havoc,36,19,17
Nephylon,draenor,1038,demonhunter,havoc,24,11,13
Selénhe,silvermoon,1038,demonhunter,havoc,24,11,13
Besnik,stormscale,1038,demonhunter,havoc,68,29,39
Shnshon,kazzak,1036,demonhunter,havoc,18,12,6
Lightkick,archimonde,1035,demonhunter,havoc,60,35,25
Lailâh,blackmoore,1035,demonhunter,havoc,24,11,13
Vaterdenke,defias-brotherhood,1032,demonhunter,havoc,18,11,7
Électrâs,archimonde,1032,demonhunter,havoc,50,21,29
Abalim,nemesis,1030,demonhunter,havoc,30,11,19
Munja,hyjal,1028,demonhunter,havoc,284,138,146
Mdåll,chogall,1028,demonhunter,havoc,56,23,33
Thorskinius,ravencrest,1027,demonhunter,havoc,62,28,34
Starlightkid,kazzak,1027,demonhunter,havoc,30,13,17
Silan,kiljaeden,1026,demonhunter,havoc,46,26,20
Aggerpain,draenor,1026,demonhunter,havoc,68,24,44
Julmia,dragonblight,1025,demonhunter,havoc,47,12,35
Dèathless,pozzo-delleternità,1024,demonhunter,havoc,52,21,31
Cobayashi,der-mithrilorden,1023,demonhunter,havoc,38,21,17
Salvadx,zuljin,1023,demonhunter,havoc,23,11,12
Djsasan,kazzak,1022,demonhunter,havoc,18,11,7
Самфор,soulflayer,1022,demonhunter,havoc,85,41,44
Гарнаш,howling-fjord,1020,demonhunter,havoc,89,46,43
Stonebanker,turalyon,1019,demonhunter,havoc,35,18,17
Ragefighterr,ragnaros,1018,demonhunter,havoc,42,21,21
Heiltgalen,grim-batol,1017,demonhunter,havoc,20,12,8
Lufy,rexxar,1015,demonhunter,havoc,30,15,15
Ladj,blackmoore,1014,demonhunter,havoc,42,21,21
Calainis,twisting-nether,1013,demonhunter,havoc,28,13,15
Entzuu,hyjal,1012,demonhunter,havoc,28,11,17
Äcnologia,khaz-modan,1009,demonhunter,havoc,34,15,19
Ríasgremory,los-errantes,1008,demonhunter,havoc,21,14,7
Gabquist,argent-dawn,1008,demonhunter,havoc,53,26,27
Aelita,twisting-nether,1006,demonhunter,havoc,96,53,43
Finsterfix,blackrock,1006,demonhunter,havoc,48,20,28
Demontripo,silvermoon,1005,demonhunter,havoc,81,43,38
Delfee,twisting-nether,1005,demonhunter,havoc,54,25,29
Laholdrops,chants-éternels,1003,demonhunter,havoc,23,11,12
Blisdon,argent-dawn,1002,demonhunter,havoc,114,53,61
Гневныймомон,soulflayer,1000,demonhunter,havoc,79,38,41
Ilidas,frostwolf,999,demonhunter,havoc,24,11,13
Demondik,aggramar,998,demonhunter,havoc,34,14,20
Vaco,la-croisade-écarlate,996,demonhunter,havoc,30,13,17
Nehmarath,doomhammer,995,demonhunter,havoc,36,11,25
Thelanora,zirkel-des-cenarius,994,demonhunter,havoc,53,21,32
Rockymarcia,archimonde,991,demonhunter,havoc,24,15,9
Ànavar,twisting-nether,991,demonhunter,havoc,41,18,23
Demonzeus,archimonde,985,demonhunter,havoc,25,12,13
Saiyanblue,tarren-mill,984,demonhunter,havoc,20,12,8
Greensøul,los-errantes,983,demonhunter,havoc,36,14,22
Andij,frostwolf,981,demonhunter,havoc,77,36,41
Zahif,kazzak,981,demonhunter,havoc,36,12,24
Itzmir,nethersturm,980,demonhunter,havoc,22,11,11
Rijsel,dalaran,975,demonhunter,havoc,36,22,14
Takeshy,alleria,972,demonhunter,havoc,48,23,25
Sìnbad,khaz-modan,970,demonhunter,havoc,60,34,26
Caria,twisting-nether,970,demonhunter,havoc,30,15,15
Ayido,xavius,970,demonhunter,havoc,52,21,31
Hunterston,twisting-nether,963,demonhunter,havoc,74,40,34
Pijvijie,shattrath,961,demonhunter,havoc,55,18,37
Дианист,gordunni,960,demonhunter,havoc,16,11,5
Fantabolous,ragnaros,960,demonhunter,havoc,18,10,8
Анхардх,gordunni,960,demonhunter,havoc,18,10,8
Dhamp,kazzak,960,demonhunter,havoc,18,10,8
Karpandero,stormreaver,960,demonhunter,havoc,18,10,8
Keýrañe,ragnaros,960,demonhunter,havoc,18,10,8
Дантавул,gordunni,960,demonhunter,havoc,42,19,23
Zxcjklcasdlk,sylvanas,960,demonhunter,havoc,24,10,14
Эрнерион,soulflayer,960,demonhunter,havoc,24,10,14
Iíïììïiíïìïï,alakir,960,demonhunter,havoc,24,10,14
Krvckhead,hyjal,960,demonhunter,havoc,24,10,14
Karaxd,stormscale,960,demonhunter,havoc,30,10,20
Rîasgremoryy,twisting-nether,960,demonhunter,havoc,30,10,20
Atômik,drakthul,959,demonhunter,havoc,18,10,8
Völkswagen,dun-modr,959,demonhunter,havoc,18,10,8
Deadmaus,stormscale,959,demonhunter,havoc,18,10,8
Dvex,stormscale,959,demonhunter,havoc,18,10,8
Tetedechaise,archimonde,959,demonhunter,havoc,18,10,8
Элунн,soulflayer,959,demonhunter,havoc,18,10,8
Lucianloco,dun-morogh,959,demonhunter,havoc,18,10,8
Катякрылышки,gordunni,959,demonhunter,havoc,18,10,8
Heanondh,dentarg,959,demonhunter,havoc,18,10,8
Féèlthèpåiñ,burning-legion,959,demonhunter,havoc,18,10,8
Darkshadow,turalyon,959,demonhunter,havoc,18,10,8
Judditdhx,draenor,959,demonhunter,havoc,18,10,8
Zmemroo,magtheridon,959,demonhunter,havoc,18,10,8
Yumhip,dun-modr,959,demonhunter,havoc,24,10,14
Innocuouss,twisting-nether,959,demonhunter,havoc,24,10,14
Ømêgäðmggóðx,blackrock,959,demonhunter,havoc,24,10,14
Darnke,silvermoon,959,demonhunter,havoc,30,10,20
Elenôy,malganis,958,demonhunter,havoc,18,10,8
Avnanof,draenor,958,demonhunter,havoc,18,10,8
Desdh,blackmoore,958,demonhunter,havoc,24,10,14
Nocluë,shattered-halls,958,demonhunter,havoc,30,10,20
Skarvy,bronze-dragonflight,957,demonhunter,havoc,18,10,8
Цейн,azuregos,957,demonhunter,havoc,67,28,39
Bobdh,twisting-nether,957,demonhunter,havoc,35,10,25
Nightglaives,twisting-nether,956,demonhunter,havoc,12,10,2
Fredhy,tarren-mill,956,demonhunter,havoc,18,10,8
Shinydari,kazzak,956,demonhunter,havoc,24,10,14
Вапатикяу,gordunni,956,demonhunter,havoc,24,10,14
Shadowweaver,earthen-ring,955,demonhunter,havoc,18,10,8
Tire,draenor,955,demonhunter,havoc,18,10,8
Freddh,blackrock,955,demonhunter,havoc,24,10,14
Divnapani,drakthul,955,demonhunter,havoc,24,10,14
Anklàr,blackrock,954,demonhunter,havoc,24,10,14
Blíndgódx,ravencrest,954,demonhunter,havoc,28,11,17
Argnils,tarren-mill,953,demonhunter,havoc,12,10,2
Nuriia,arthas,953,demonhunter,havoc,54,30,24
Ravier,baelgun,953,demonhunter,havoc,75,39,36
Dajjal,eredar,953,demonhunter,havoc,24,10,14
Mhieltior,frostmane,953,demonhunter,havoc,24,10,14
Greedsmoke,kazzak,952,demonhunter,havoc,18,10,8
Карнавалыч,gordunni,952,demonhunter,havoc,153,64,89
Sinorack,sargeras,951,demonhunter,havoc,24,10,14
Enlightens,aegwynn,951,demonhunter,havoc,24,10,14
Demonwithin,nerathor,950,demonhunter,havoc,27,10,17
Эйфирон,blackscar,949,demonhunter,havoc,41,17,24
Alandrisz,argent-dawn,949,demonhunter,havoc,30,10,20
Nikkidesaint,twisting-nether,947,demonhunter,havoc,18,10,8
Максаналл,soulflayer,944,demonhunter,havoc,18,10,8
Hannipham,silvermoon,944,demonhunter,havoc,21,11,10
Zarkhyl,malygos,943,demonhunter,havoc,18,10,8
Hackstück,blackrock,943,demonhunter,havoc,28,14,14
Jemoer,twisting-nether,942,demonhunter,havoc,25,15,10
Naem,blackrock,942,demonhunter,havoc,24,10,14
Jörgböhme,blackhand,942,demonhunter,havoc,24,10,14
Pismanik,drakthul,936,demonhunter,havoc,36,19,17
Sjox,dalaran,934,demonhunter,havoc,42,10,32
Byah,kazzak,933,demonhunter,havoc,146,65,81
Shirakava,quelthalas,931,demonhunter,havoc,197,87,110
Zaeros,archimonde,929,demonhunter,havoc,18,10,8
Winnztlol,chamber-of-aspects,927,demonhunter,havoc,36,17,19
Zermut,culte-de-la-rive-noire,925,demonhunter,havoc,17,10,7
Shadowkick,archimonde,925,demonhunter,havoc,279,134,145
Aggrr,blackmoore,923,demonhunter,havoc,26,11,15
Braserol,archimonde,922,demonhunter,havoc,50,19,31
Ёмайл,soulflayer,921,demonhunter,havoc,30,14,16
Losthunter,turalyon,920,demonhunter,havoc,75,31,44
Lorcanmar,draenor,918,demonhunter,havoc,87,39,48
Sinthetyx,quelthalas,917,demonhunter,havoc,36,19,17
Séleister,khaz-modan,917,demonhunter,havoc,53,23,30
Drahîna,khaz-modan,917,demonhunter,havoc,26,11,15
Demonhyan,chants-éternels,916,demonhunter,havoc,97,45,52
Butcherr,ulduar,914,demonhunter,havoc,36,15,21
Yanosses,la-croisade-écarlate,912,demonhunter,havoc,21,13,8
Taliaa,drakthul,911,demonhunter,havoc,21,10,11
Wen,outland,910,demonhunter,havoc,21,10,11
Магнисс,fordragon,909,demonhunter,havoc,26,14,12
Skylinex,dentarg,909,demonhunter,havoc,66,33,33
Манапарда,howling-fjord,909,demonhunter,havoc,35,10,25
Guziel,kazzak,906,demonhunter,havoc,15,10,5
Hicgidik,outland,905,demonhunter,havoc,24,11,13
Fredoo,sylvanas,903,demonhunter,havoc,21,11,10
Gotwings,sunstrider,896,demonhunter,havoc,16,10,6
Kroepoeks,mazrigos,894,demonhunter,havoc,30,16,14
Zsari,ravencrest,894,demonhunter,havoc,20,10,10
Innostigma,dalaran,892,demonhunter,havoc,26,10,16
Anarcky,ravencrest,890,demonhunter,havoc,25,11,14
Jamule,dun-morogh,889,demonhunter,havoc,36,15,21
Vanereel,thrall,882,demonhunter,havoc,17,10,7
Cometofloki,outland,880,demonhunter,havoc,36,17,19
Føresight,blackmoore,878,demonhunter,havoc,23,10,13
Dàrkinette,archimonde,875,demonhunter,havoc,48,22,26
Mortblede,outland,872,demonhunter,havoc,81,33,48
Legionek,burning-blade,866,demonhunter,havoc,20,11,9
Ejder,anubarak,865,demonhunter,havoc,78,31,47
Tzs,blackrock,864,demonhunter,havoc,12,9,3
Demxx,blackrock,864,demonhunter,havoc,18,9,9
Эридари,blackscar,864,demonhunter,havoc,18,9,9
Giftìg,ravencrest,864,demonhunter,havoc,18,9,9
Lrdhavemercy,kiljaeden,864,demonhunter,havoc,18,9,9
Qweqweasd,outland,864,demonhunter,havoc,18,9,9
Zophý,ragnaros,864,demonhunter,havoc,18,9,9
Snäx,aggra-português,864,demonhunter,havoc,18,9,9
Tabsen,sanguino,864,demonhunter,havoc,18,9,9
Notapistol,outland,864,demonhunter,havoc,18,9,9
Saene,ravencrest,864,demonhunter,havoc,18,9,9
Tillidani,outland,864,demonhunter,havoc,18,9,9
Toschadh,blackmoore,864,demonhunter,havoc,18,9,9
Neonishh,twisting-nether,864,demonhunter,havoc,24,9,15
Drâparn,sylvanas,864,demonhunter,havoc,24,9,15
Kibiri,rajaxx,864,demonhunter,havoc,24,9,15
Ayimprepared,ragnaros,864,demonhunter,havoc,24,9,15
Puppygf,ravencrest,863,demonhunter,havoc,12,9,3
Sunestaa,kazzak,863,demonhunter,havoc,12,9,3
Drunkendemon,frostwolf,863,demonhunter,havoc,12,9,3
Деленна,azuregos,863,demonhunter,havoc,15,10,5
Тиктокденсер,gordunni,863,demonhunter,havoc,18,9,9
Пампу,howling-fjord,863,demonhunter,havoc,18,9,9
Illidaia,ravencrest,863,demonhunter,havoc,18,9,9
Sutures,ravencrest,863,demonhunter,havoc,18,9,9
Hogidan,hellscream,863,demonhunter,havoc,18,9,9
Mouz,thrall,863,demonhunter,havoc,18,9,9
Djdhh,draenor,863,demonhunter,havoc,20,9,11
Tricki,kelthuzad,863,demonhunter,havoc,24,9,15
Vulcaan,ravencrest,863,demonhunter,havoc,24,9,15
Mettdaemon,ravencrest,863,demonhunter,havoc,24,9,15
Slizer,draenor,863,demonhunter,havoc,24,9,15
Zappikdh,silvermoon,862,demonhunter,havoc,18,9,9
Grifht,zuljin,862,demonhunter,havoc,18,9,9
Lundí,tarren-mill,862,demonhunter,havoc,18,9,9
Illidián,chamber-of-aspects,862,demonhunter,havoc,24,9,15
Aeshalla,blackmoore,862,demonhunter,havoc,24,9,15
Demonstorpix,drakthul,862,demonhunter,havoc,24,9,15
Dawnsbreaker,twisting-nether,862,demonhunter,havoc,24,9,15
Крикетх,soulflayer,862,demonhunter,havoc,24,9,15
Tzklkn,sylvanas,861,demonhunter,havoc,12,9,3
Sofie,aerie-peak,861,demonhunter,havoc,18,9,9
Akaniiaa,blackmoore,861,demonhunter,havoc,18,9,9
Эска,razuvious,861,demonhunter,havoc,18,9,9
Selcan,archimonde,861,demonhunter,havoc,18,9,9
Qvn,sylvanas,861,demonhunter,havoc,18,9,9
Mightyslayar,kazzak,861,demonhunter,havoc,18,9,9
Райкан,soulflayer,861,demonhunter,havoc,24,9,15
Trenoth,drakthul,860,demonhunter,havoc,12,9,3
Felglaiver,outland,860,demonhunter,havoc,18,9,9
Nameerr,ragnaros,860,demonhunter,havoc,18,9,9
Wrathill,draenor,860,demonhunter,havoc,24,9,15
Demonsfury,ravencrest,860,demonhunter,havoc,30,9,21
Selfdestruct,tarren-mill,859,demonhunter,havoc,18,9,9
Doobregeesy,burning-legion,859,demonhunter,havoc,21,10,11
Nestrae,drakthul,859,demonhunter,havoc,24,9,15
Deathblades,twisting-nether,859,demonhunter,havoc,24,9,15
Approxis,archimonde,858,demonhunter,havoc,18,9,9
Шоеррей,gordunni,858,demonhunter,havoc,18,9,9
Keiti,drakthul,856,demonhunter,havoc,36,9,27
Æsenaw,argent-dawn,855,demonhunter,havoc,18,9,9
Bhuta,aerie-peak,855,demonhunter,havoc,18,9,9
Deathsnote,marécage-de-zangar,854,demonhunter,havoc,24,9,15
Mommasboi,twisting-nether,853,demonhunter,havoc,24,9,15
Mobpsycho,draenor,852,demonhunter,havoc,12,9,3
Chrititia,blackmoore,852,demonhunter,havoc,24,9,15
Hummér,ravencrest,850,demonhunter,havoc,18,9,9
Axyo,doomhammer,849,demonhunter,havoc,30,9,21
Poliex,khaz-modan,847,demonhunter,havoc,18,9,9
Judderzz,bronze-dragonflight,844,demonhunter,havoc,30,14,16
Finstergraf,blackmoore,843,demonhunter,havoc,66,32,34
Heemaglobin,ravencrest,843,demonhunter,havoc,42,18,24
Razzum,blackhand,841,demonhunter,havoc,50,14,36
Sil,khazgoroth,838,demonhunter,havoc,30,11,19
Backflipgødx,uldaman,832,demonhunter,havoc,22,9,13
Elldarion,blackhand,832,demonhunter,havoc,29,9,20
Toio,nemesis,831,demonhunter,havoc,24,9,15
Deadskill,alexstrasza,829,demonhunter,havoc,66,26,40
Nystiyel,hyjal,828,demonhunter,havoc,26,10,16
Selvagg,archimonde,823,demonhunter,havoc,30,9,21
Afkah,chants-éternels,815,demonhunter,havoc,12,9,3
Olaghkhan,minahonda,814,demonhunter,havoc,21,11,10
Daimon,pozzo-delleternità,813,demonhunter,havoc,21,10,11
Critlerman,blackmoore,807,demonhunter,havoc,18,11,7
Illidaniellé,tarren-mill,799,demonhunter,havoc,17,9,8
Wukasin,kazzak,798,demonhunter,havoc,18,9,9
Ðmn,silvermoon,797,demonhunter,havoc,20,9,11
Blutox,antonidas,797,demonhunter,havoc,25,11,14
Cmi,tarren-mill,797,demonhunter,havoc,28,9,19
Herax,drakthul,796,demonhunter,havoc,17,9,8
Deadhuntor,daggerspine,795,demonhunter,havoc,17,9,8
Merilidan,blackrock,791,demonhunter,havoc,20,9,11
Sinjinzoo,blackrock,789,demonhunter,havoc,14,9,5
Dutchmadman,aerie-peak,788,demonhunter,havoc,85,38,47
Meliòdas,draenor,788,demonhunter,havoc,47,13,34
Кусьзакиску,soulflayer,781,demonhunter,havoc,22,9,13
Seaburn,bronzebeard,775,demonhunter,havoc,91,33,58
Eysndh,blackrock,768,demonhunter,havoc,12,8,4
Mesini,darksorrow,768,demonhunter,havoc,12,8,4
Traumadh,tarren-mill,768,demonhunter,havoc,12,8,4
Adexi,twisting-nether,768,demonhunter,havoc,12,8,4
Elønaria,antonidas,768,demonhunter,havoc,12,8,4
Viodemon,blackrock,768,demonhunter,havoc,12,8,4
Синтвеив,soulflayer,768,demonhunter,havoc,12,8,4
Mongraal,tichondrius,768,demonhunter,havoc,12,8,4
Dhanny,blackmoore,768,demonhunter,havoc,12,8,4
Qiera,grim-batol,768,demonhunter,havoc,12,8,4
Smallnik,tarren-mill,768,demonhunter,havoc,12,8,4
Babipanggang,kazzak,768,demonhunter,havoc,12,8,4
Pizjar,ravencrest,768,demonhunter,havoc,12,8,4
Wèx,tarren-mill,768,demonhunter,havoc,12,8,4
Valorina,stormrage,768,demonhunter,havoc,12,8,4
Tbxdh,blackrock,768,demonhunter,havoc,18,8,10
Mvqdh,stormscale,768,demonhunter,havoc,18,8,10
Thestrength,twisting-nether,768,demonhunter,havoc,18,8,10
Praisethelrd,blackrock,768,demonhunter,havoc,18,8,10
Dhive,blackrock,768,demonhunter,havoc,18,8,10
Nthday,draenor,768,demonhunter,havoc,18,8,10
Stinkymonkey,pozzo-delleternità,768,demonhunter,havoc,18,8,10
Dhaosh,nemesis,768,demonhunter,havoc,18,8,10
Sydeon,burning-legion,768,demonhunter,havoc,18,8,10
Leväna,sanguino,768,demonhunter,havoc,18,8,10
Pêrfêctnôw,blackmoore,768,demonhunter,havoc,18,8,10
Dzieciak,burning-legion,768,demonhunter,havoc,22,9,13
Ataddcay,outland,768,demonhunter,havoc,84,29,55
Demoan,outland,768,demonhunter,havoc,24,8,16
Armás,stormscale,768,demonhunter,havoc,24,8,16
Rõb,magtheridon,768,demonhunter,havoc,24,8,16
Allen,dragonblight,768,demonhunter,havoc,24,8,16
Lilor,aegwynn,767,demonhunter,havoc,12,8,4
Ninetzqp,tarren-mill,767,demonhunter,havoc,12,8,4
Ulthil,confrérie-du-thorium,767,demonhunter,havoc,13,8,5
Kithan,zuljin,767,demonhunter,havoc,18,8,10
Вафлистикус,ashenvale,767,demonhunter,havoc,18,8,10
Рикельме,gordunni,767,demonhunter,havoc,18,8,10
Lirigizel,hellscream,767,demonhunter,havoc,18,8,10
Illidrak,sylvanas,767,demonhunter,havoc,18,8,10
Evandel,silvermoon,767,demonhunter,havoc,18,8,10
Kittenz,outland,767,demonhunter,havoc,18,8,10
Zmasteez,ahnqiraj,767,demonhunter,havoc,18,8,10
Zedies,argent-dawn,767,demonhunter,havoc,18,8,10
Shax,hellscream,767,demonhunter,havoc,18,8,10
Kyuzo,sanguino,767,demonhunter,havoc,18,8,10
Calendith,arathor,767,demonhunter,havoc,21,9,12
Salamihexler,dun-morogh,767,demonhunter,havoc,23,8,15
Dìus,blackmoore,767,demonhunter,havoc,24,8,16
Skrelarent,argent-dawn,766,demonhunter,havoc,12,8,4
Vampirishi,frostwolf,766,demonhunter,havoc,12,8,4
Trøbblete,ragnaros,766,demonhunter,havoc,12,8,4
Klerikerin,blackmoore,766,demonhunter,havoc,12,8,4
Varthag,antonidas,766,demonhunter,havoc,18,8,10
Хандза,gordunni,766,demonhunter,havoc,18,8,10
Thrina,blackmoore,766,demonhunter,havoc,18,8,10
Neiden,deathwing,766,demonhunter,havoc,24,8,16
Granitaa,archimonde,765,demonhunter,havoc,12,8,4
Akäly,hyjal,765,demonhunter,havoc,19,9,10
Jimpanik,ravencrest,765,demonhunter,havoc,18,8,10
Gruusha,kazzak,765,demonhunter,havoc,18,8,10
Sildanah,hyjal,765,demonhunter,havoc,18,8,10
Бусурманец,gordunni,765,demonhunter,havoc,21,9,12
Vvdh,ravencrest,765,demonhunter,havoc,22,9,13
Zumbly,silvermoon,765,demonhunter,havoc,24,8,16
Aelzeran,stormscale,765,demonhunter,havoc,24,8,16
Flamme,amanthul,764,demonhunter,havoc,98,45,53
Noxxi,gorgonnash,764,demonhunter,havoc,18,8,10
Shàdoww,hyjal,764,demonhunter,havoc,24,8,16
Dontrunaway,tarren-mill,763,demonhunter,havoc,12,8,4
Saìras,blackhand,763,demonhunter,havoc,18,8,10
Jânnekê,blackmoore,763,demonhunter,havoc,18,8,10
Covidian,kilrogg,762,demonhunter,havoc,12,8,4
Ridweng,ravenholdt,762,demonhunter,havoc,13,8,5
Zydemon,silvermoon,762,demonhunter,havoc,18,8,10
Unsainted,blackhand,762,demonhunter,havoc,24,8,16
Amaterasù,alleria,761,demonhunter,havoc,18,8,10
Норилайнн,gordunni,761,demonhunter,havoc,24,8,16
Sinrii,archimonde,760,demonhunter,havoc,16,9,7
Veldragor,blackhand,760,demonhunter,havoc,18,8,10
Stàmàzza,nemesis,760,demonhunter,havoc,18,8,10
Squatrix,archimonde,760,demonhunter,havoc,18,8,10
Mandemz,nagrand,759,demonhunter,havoc,24,8,16
Annelf,ragnaros,757,demonhunter,havoc,24,8,16
Гёнке,gordunni,757,demonhunter,havoc,28,9,19
Tooltip,outland,755,demonhunter,havoc,18,8,10
Alfazar,pozzo-delleternità,754,demonhunter,havoc,92,30,62
Lailat,alexstrasza,752,demonhunter,havoc,16,9,7
Shinyshuckle,stormscale,745,demonhunter,havoc,23,8,15
Zealdancer,veknilash,734,demonhunter,havoc,17,8,9
Неверластх,gordunni,720,demonhunter,havoc,21,8,13
Mowiemow,argent-dawn,719,demonhunter,havoc,17,8,9
Makiu,archimonde,717,demonhunter,havoc,21,8,13
Nithraim,kazzak,711,demonhunter,havoc,21,8,13
Liondam,pozzo-delleternità,707,demonhunter,havoc,42,13,29
Yeyote,dun-modr,695,demonhunter,havoc,15,10,5
Stixxs,archimonde,691,demonhunter,havoc,14,8,6
Hollowflame,ravencrest,688,demonhunter,havoc,24,8,16
Itzrazor,ravencrest,683,demonhunter,havoc,25,8,17
Кислотна,borean-tundra,683,demonhunter,havoc,25,8,17
Devendora,antonidas,681,demonhunter,havoc,23,10,13
Сеомагистр,gordunni,680,demonhunter,havoc,28,9,19
Prouser,turalyon,678,demonhunter,havoc,27,9,18
Herzbann,madmortem,676,demonhunter,havoc,19,8,11
Sfigmenos,sylvanas,672,demonhunter,havoc,12,7,5
Ilidansdaddy,twisting-nether,672,demonhunter,havoc,12,7,5
Fumroned,twisting-nether,672,demonhunter,havoc,12,7,5
Varkósa,sylvanas,672,demonhunter,havoc,12,7,5
Remiyo,eredar,672,demonhunter,havoc,12,7,5
Crispychick,stormscale,672,demonhunter,havoc,12,7,5
Chaosknight,outland,672,demonhunter,havoc,12,7,5
Pepenger,kazzak,672,demonhunter,havoc,12,7,5
Stonedaf,ravencrest,672,demonhunter,havoc,12,7,5
Eydipha,blackmoore,672,demonhunter,havoc,12,7,5
Brutodh,stormscale,672,demonhunter,havoc,12,7,5
Gorinda,twisting-nether,672,demonhunter,havoc,12,7,5
Vidagín,blackmoore,672,demonhunter,havoc,12,7,5
Клаес,howling-fjord,672,demonhunter,havoc,12,7,5
Ðeadínside,kazzak,672,demonhunter,havoc,12,7,5
Kalachiquezz,kazzak,672,demonhunter,havoc,12,7,5
Dreamreaperx,ravencrest,672,demonhunter,havoc,12,7,5
Esadeáth,ravencrest,672,demonhunter,havoc,12,7,5
Ronstoppable,ravencrest,672,demonhunter,havoc,12,7,5
Caronte,los-errantes,672,demonhunter,havoc,12,7,5
Lëtho,colinas-pardas,672,demonhunter,havoc,12,7,5
Izior,drakthul,672,demonhunter,havoc,12,7,5
Vazaí,ravencrest,672,demonhunter,havoc,12,7,5
Glevenuschii,blackmoore,672,demonhunter,havoc,12,7,5
Джэба,gordunni,672,demonhunter,havoc,12,7,5
Damnituther,kazzak,672,demonhunter,havoc,12,7,5
Atrikagodx,kazzak,672,demonhunter,havoc,12,7,5
Psynotic,kazzak,672,demonhunter,havoc,12,7,5
Lornashøre,blackmoore,672,demonhunter,havoc,12,7,5
Víllaiin,tarren-mill,672,demonhunter,havoc,12,7,5
Lemiisa,burning-blade,672,demonhunter,havoc,12,7,5
Bwipøo,alakir,672,demonhunter,havoc,12,7,5
Amovea,draenor,672,demonhunter,havoc,15,8,7
Kayzer,hyjal,672,demonhunter,havoc,16,8,8
Itsfinee,outland,672,demonhunter,havoc,14,7,7
Garfie,ravencrest,672,demonhunter,havoc,18,7,11
Kruthor,taerar,672,demonhunter,havoc,18,7,11
Ostosbigego,ravencrest,672,demonhunter,havoc,18,7,11
Wrathia,rexxar,672,demonhunter,havoc,18,7,11
Jurihan,blackhand,672,demonhunter,havoc,18,7,11
Alàstora,twisting-nether,672,demonhunter,havoc,18,7,11
Ashivari,argent-dawn,672,demonhunter,havoc,18,7,11
Illidany,eredar,672,demonhunter,havoc,18,7,11
Hatabaa,argent-dawn,672,demonhunter,havoc,18,7,11
Foltek,silvermoon,672,demonhunter,havoc,18,7,11
Mentallybòóm,tarren-mill,672,demonhunter,havoc,18,7,11
Veryfunhaha,ravencrest,672,demonhunter,havoc,18,7,11
Reachfight,lothar,672,demonhunter,havoc,18,7,11
Størmrage,sanguino,672,demonhunter,havoc,18,7,11
Pelko,sanguino,672,demonhunter,havoc,18,7,11
Enami,kazzak,672,demonhunter,havoc,18,7,11
Шликшлик,blackscar,672,demonhunter,havoc,18,7,11
Abigorien,blackmoore,672,demonhunter,havoc,18,7,11
Grazax,lightnings-blade,672,demonhunter,havoc,18,7,11
Келидаррия,soulflayer,672,demonhunter,havoc,18,7,11
Kiô,drakthul,672,demonhunter,havoc,21,8,13
Illidorie,twisting-nether,672,demonhunter,havoc,24,7,17
Darkdh,sanguino,672,demonhunter,havoc,24,7,17
Jokas,archimonde,672,demonhunter,havoc,24,7,17
Paîmon,hyjal,672,demonhunter,havoc,24,7,17
Iamayaqt,nemesis,672,demonhunter,havoc,24,7,17
Randydhunt,draenor,671,demonhunter,havoc,12,7,5
Deqthstrïke,ysondre,671,demonhunter,havoc,12,7,5
Marcellaa,ravencrest,671,demonhunter,havoc,12,7,5
Simpgodx,frostmane,671,demonhunter,havoc,12,7,5
Aladír,malygos,671,demonhunter,havoc,12,7,5
Youngboost,blackrock,671,demonhunter,havoc,12,7,5
Mâdîta,todeswache,671,demonhunter,havoc,12,7,5
Kap,kazzak,671,demonhunter,havoc,12,7,5
Ddvh,drakthul,671,demonhunter,havoc,12,7,5
Nÿnx,archimonde,671,demonhunter,havoc,12,7,5
Meji,ravencrest,671,demonhunter,havoc,12,7,5
Enithy,twisting-nether,671,demonhunter,havoc,12,7,5
Nxmpys,sanguino,671,demonhunter,havoc,12,7,5
Phaël,ravencrest,671,demonhunter,havoc,12,7,5
Zenga,kazzak,671,demonhunter,havoc,12,7,5
Haragazu,blackrock,671,demonhunter,havoc,12,7,5
Rabischu,echsenkessel,671,demonhunter,havoc,15,8,7
Okoral,dun-modr,671,demonhunter,havoc,18,7,11
Darkwing,silvermoon,671,demonhunter,havoc,18,7,11
Takeshí,burning-legion,671,demonhunter,havoc,18,7,11
Wårbÿ,ravencrest,671,demonhunter,havoc,18,7,11
Calicó,draenor,671,demonhunter,havoc,18,7,11
Venkz,archimonde,671,demonhunter,havoc,18,7,11
Naxuitawowa,quelthalas,671,demonhunter,havoc,18,7,11
Тирандил,grom,671,demonhunter,havoc,18,7,11
Norebb,sanguino,671,demonhunter,havoc,18,7,11
Opvoksterxx,sylvanas,671,demonhunter,havoc,18,7,11
Gearuzaki,ghostlands,671,demonhunter,havoc,18,7,11
Korrupt,draenor,671,demonhunter,havoc,18,7,11
Corelly,ragnaros,671,demonhunter,havoc,18,7,11
Løkil,blackrock,671,demonhunter,havoc,18,7,11
Abrahêll,dun-modr,671,demonhunter,havoc,18,7,11
Rebelion,dun-modr,671,demonhunter,havoc,18,7,11
Illidarios,blackhand,671,demonhunter,havoc,18,7,11
Irenth,burning-legion,671,demonhunter,havoc,19,7,12
Donstyle,anachronos,671,demonhunter,havoc,22,7,15
Talyrîs,aegwynn,671,demonhunter,havoc,24,7,17
Яестьдима,howling-fjord,671,demonhunter,havoc,24,7,17
Daeneryz,drakthul,671,demonhunter,havoc,24,7,17
Älger,archimonde,670,demonhunter,havoc,12,7,5
Lahan,twisting-nether,670,demonhunter,havoc,12,7,5
Demonglide,moonglade,670,demonhunter,havoc,12,7,5
Xtrmhunter,ysondre,670,demonhunter,havoc,18,7,11
Atronäx,dun-modr,670,demonhunter,havoc,18,7,11
Ungeist,blackrock,670,demonhunter,havoc,18,7,11
Hyunkél,kirin-tor,670,demonhunter,havoc,18,7,11
Nalleya,draenor,670,demonhunter,havoc,24,7,17
Léeroy,blackmoore,670,demonhunter,havoc,30,7,23
Rahteri,hellfire,669,demonhunter,havoc,12,7,5
Nmeule,turalyon,669,demonhunter,havoc,12,7,5
Akina,krasus,669,demonhunter,havoc,18,7,11
Necrotyle,twisting-nether,669,demonhunter,havoc,21,8,13
Neepz,ravencrest,668,demonhunter,havoc,18,7,11
Gangrazorg,garona,667,demonhunter,havoc,18,7,11
Дядяэл,fordragon,667,demonhunter,havoc,24,7,17
Farlopon,dun-modr,667,demonhunter,havoc,36,7,29
Fugma,defias-brotherhood,666,demonhunter,havoc,12,7,5
Mormefiél,twisting-nether,666,demonhunter,havoc,12,7,5
Ðíablo,amanthul,666,demonhunter,havoc,20,7,13
Seeshark,thrall,665,demonhunter,havoc,16,8,8
Ztef,outland,665,demonhunter,havoc,30,7,23
Demonyz,hyjal,664,demonhunter,havoc,18,7,11
Rúpél,thrall,664,demonhunter,havoc,24,7,17
Solian,ravencrest,661,demonhunter,havoc,12,7,5
Nazzan,destromath,657,demonhunter,havoc,12,7,5
Demoncancer,kazzak,657,demonhunter,havoc,12,7,5
Deamo,stormscale,655,demonhunter,havoc,17,7,10
Anishara,die-nachtwache,653,demonhunter,havoc,19,8,11
Caesares,azjolnerub,653,demonhunter,havoc,24,7,17
Попкасиська,eversong,651,demonhunter,havoc,65,22,43
Smîrky,silvermoon,640,demonhunter,havoc,22,7,15
Летучий,howling-fjord,638,demonhunter,havoc,14,8,6
Paranoiac,defias-brotherhood,638,demonhunter,havoc,17,7,10
Lexxdh,blackmoore,637,demonhunter,havoc,14,8,6
Vesria,stormrage,627,demonhunter,havoc,16,8,8
Snelle,outland,624,demonhunter,havoc,15,7,8
Valandyl,ysondre,623,demonhunter,havoc,11,7,4
Подкрадунзай,soulflayer,621,demonhunter,havoc,12,9,3
Makhabunda,terokkar,618,demonhunter,havoc,28,8,20
Hyperflex,blackrock,608,demonhunter,havoc,16,7,9
Phalekxox,ravencrest,607,demonhunter,havoc,11,7,4
Predatrix,khaz-modan,606,demonhunter,havoc,14,7,7
Линдорм,deathguard,603,demonhunter,havoc,14,7,7
Sorgnarol,dalaran,602,demonhunter,havoc,22,8,14
Samurase,kazzak,597,demonhunter,havoc,20,7,13
Nahlendris,darkmoon-faire,596,demonhunter,havoc,16,7,9
Thesasuke,tarren-mill,590,demonhunter,havoc,11,7,4
Mímð,ravencrest,576,demonhunter,havoc,6,6,0
Povamateur,rexxar,576,demonhunter,havoc,6,6,0
Alasune,twisting-nether,576,demonhunter,havoc,6,6,0
Клиффорд,gordunni,576,demonhunter,havoc,6,6,0
Cagirnat,tarren-mill,576,demonhunter,havoc,12,6,6
Ferrero,guldan,576,demonhunter,havoc,12,6,6
Soulmortal,draenor,576,demonhunter,havoc,12,6,6
Illidangr,sylvanas,576,demonhunter,havoc,12,6,6
Amnesiax,der-rat-von-dalaran,576,demonhunter,havoc,12,6,6
Dakydh,ravencrest,576,demonhunter,havoc,12,6,6
Elsibal,dunemaul,576,demonhunter,havoc,12,6,6
Zsídakabra,ragnaros,576,demonhunter,havoc,12,6,6
Mythnimue,tarren-mill,576,demonhunter,havoc,12,6,6
Martøsdh,uldum,576,demonhunter,havoc,12,6,6
Liädriss,tarren-mill,576,demonhunter,havoc,12,6,6
Mortyb,kazzak,576,demonhunter,havoc,12,6,6
Onkwang,twisting-nether,576,demonhunter,havoc,12,6,6
Klinnaa,elune,576,demonhunter,havoc,12,6,6
Avadåra,stormscale,576,demonhunter,havoc,12,6,6
Reppz,blackmoore,576,demonhunter,havoc,12,6,6
Dëëpdh,archimonde,576,demonhunter,havoc,12,6,6
Ксен,howling-fjord,576,demonhunter,havoc,12,6,6
Lurtéx,kazzak,576,demonhunter,havoc,12,6,6
Sickdoci,kazzak,576,demonhunter,havoc,12,6,6
Credenzx,frostmane,576,demonhunter,havoc,12,6,6
Thoridin,draenor,576,demonhunter,havoc,12,6,6
Zelidh,korgall,576,demonhunter,havoc,12,6,6
Tëvnic,kazzak,576,demonhunter,havoc,12,6,6
Brajjo,frostmane,576,demonhunter,havoc,12,6,6
Нулевыйчел,gordunni,576,demonhunter,havoc,12,6,6
Dàrknight,azjolnerub,576,demonhunter,havoc,12,6,6
Kazeha,tarren-mill,576,demonhunter,havoc,12,6,6
Daiax,ravencrest,576,demonhunter,havoc,12,6,6
Smashine,silvermoon,576,demonhunter,havoc,12,6,6
Felrunner,grim-batol,576,demonhunter,havoc,12,6,6
Shinrpz,archimonde,576,demonhunter,havoc,12,6,6
Adírael,cthun,576,demonhunter,havoc,12,6,6
Zeyrax,ragnaros,576,demonhunter,havoc,12,6,6
Jaace,silvermoon,576,demonhunter,havoc,12,6,6
Nitrobeevz,blackmoore,576,demonhunter,havoc,12,6,6
Mau,blackmoore,576,demonhunter,havoc,12,6,6
Lezzo,tarren-mill,576,demonhunter,havoc,12,6,6
Peacedopice,drakthul,576,demonhunter,havoc,12,6,6
Malethrienna,argent-dawn,576,demonhunter,havoc,12,6,6
Брилаброви,soulflayer,576,demonhunter,havoc,12,6,6
Threebuttøns,ravencrest,576,demonhunter,havoc,12,6,6
Bigbrain,festung-der-stürme,576,demonhunter,havoc,12,6,6
Wasilij,ravencrest,576,demonhunter,havoc,12,6,6
Miyxcu,aegwynn,576,demonhunter,havoc,12,6,6
Alrashidi,ravencrest,576,demonhunter,havoc,12,6,6
Nélathas,twisting-nether,576,demonhunter,havoc,12,6,6
Mendøøza,hyjal,576,demonhunter,havoc,12,6,6
Piedonzo,nemesis,576,demonhunter,havoc,12,6,6
Mitzii,nazjatar,576,demonhunter,havoc,12,6,6
Fîrstwolf,silvermoon,576,demonhunter,havoc,12,6,6
Gzmo,tarren-mill,576,demonhunter,havoc,12,6,6
Stickihunt,malganis,576,demonhunter,havoc,12,6,6
Noovedh,ravencrest,576,demonhunter,havoc,12,6,6
Miràá,frostwolf,576,demonhunter,havoc,12,6,6
Swearix,twisting-nether,576,demonhunter,havoc,12,6,6
Grimner,silvermoon,576,demonhunter,havoc,12,6,6
Friidaadh,lightbringer,576,demonhunter,havoc,12,6,6
Terrorblader,malygos,576,demonhunter,havoc,15,7,8
Shreeð,blackmoore,576,demonhunter,havoc,16,7,9
Dèsdemøna,nemesis,576,demonhunter,havoc,18,6,12
Bitex,archimonde,576,demonhunter,havoc,18,6,12
Rurt,sanguino,576,demonhunter,havoc,18,6,12
Fâng,archimonde,576,demonhunter,havoc,18,6,12
Sanfia,twisting-nether,576,demonhunter,havoc,18,6,12
Zaÿn,antonidas,576,demonhunter,havoc,18,6,12
Kukulkanx,tarren-mill,576,demonhunter,havoc,18,6,12
Pokálen,drakthul,576,demonhunter,havoc,18,6,12
Pinx,archimonde,576,demonhunter,havoc,18,6,12
Tthic,shadowsong,576,demonhunter,havoc,18,6,12
Shaaton,ysondre,576,demonhunter,havoc,18,6,12
Becknárn,sylvanas,576,demonhunter,havoc,18,6,12
Gendó,twisting-nether,576,demonhunter,havoc,18,6,12
Sorrøwblade,drakthul,576,demonhunter,havoc,18,6,12
Филеровщик,deathguard,576,demonhunter,havoc,18,6,12
Nøøßønline,hyjal,576,demonhunter,havoc,18,6,12
Shyoxdh,twisting-nether,576,demonhunter,havoc,18,6,12
Кальнмиир,soulflayer,576,demonhunter,havoc,18,6,12
Alandiel,twisting-nether,576,demonhunter,havoc,18,6,12
Chíwas,outland,576,demonhunter,havoc,18,6,12
Lilpeepfan,hyjal,576,demonhunter,havoc,18,6,12
Blueformeld,draenor,576,demonhunter,havoc,18,6,12
Dlarkyl,drakthul,576,demonhunter,havoc,18,6,12
Pèpsì,kazzak,576,demonhunter,havoc,24,6,18
Стараятварь,thermaplugg,576,demonhunter,havoc,24,6,18
Redgi,tarren-mill,576,demonhunter,havoc,24,6,18
Shizuuli,outland,576,demonhunter,havoc,30,6,24
Patologia,burning-legion,575,demonhunter,havoc,9,7,2
Jimlast,eredar,575,demonhunter,havoc,12,6,6
Plafos,sanguino,575,demonhunter,havoc,12,6,6
Nassou,hyjal,575,demonhunter,havoc,12,6,6
Saftad,outland,575,demonhunter,havoc,12,6,6
Bunzi,sylvanas,575,demonhunter,havoc,12,6,6
Sûnfury,draenor,575,demonhunter,havoc,12,6,6
Tarók,ragnaros,575,demonhunter,havoc,12,6,6
Instinctivee,sylvanas,575,demonhunter,havoc,12,6,6
Firebladeza,ravencrest,575,demonhunter,havoc,12,6,6
Davdavdh,tarren-mill,575,demonhunter,havoc,12,6,6
Valshatt,sanguino,575,demonhunter,havoc,12,6,6
Bashara,minahonda,575,demonhunter,havoc,12,6,6
Kramixx,thrall,575,demonhunter,havoc,12,6,6
Deadclass,tarren-mill,575,demonhunter,havoc,12,6,6
Arløw,archimonde,575,demonhunter,havoc,16,7,9
Vänöx,dun-modr,575,demonhunter,havoc,18,6,12
Talrundir,argent-dawn,575,demonhunter,havoc,18,6,12
Candylicks,kazzak,575,demonhunter,havoc,18,6,12
Joezus,draenor,575,demonhunter,havoc,18,6,12
Darkshadez,ravencrest,575,demonhunter,havoc,18,6,12
Yundmida,antonidas,575,demonhunter,havoc,18,6,12
Зедю,howling-fjord,575,demonhunter,havoc,18,6,12
Synistera,trollbane,575,demonhunter,havoc,18,6,12
Stormshred,stormscale,575,demonhunter,havoc,19,6,13
Аэм,deathweaver,574,demonhunter,havoc,12,6,6
Grinchdemon,nagrand,574,demonhunter,havoc,12,6,6
Dionyz,magtheridon,573,demonhunter,havoc,12,6,6
Klave,argent-dawn,573,demonhunter,havoc,18,6,12
Elindoria,dalaran,572,demonhunter,havoc,12,6,6
Arxaxe,sanguino,571,demonhunter,havoc,12,6,6
Hamssterek,magtheridon,571,demonhunter,havoc,18,6,12
Lillinète,archimonde,571,demonhunter,havoc,30,6,24
Bahmut,argent-dawn,569,demonhunter,havoc,12,6,6
Ysanix,drakthul,568,demonhunter,havoc,12,6,6
Glerog,ragnaros,558,demonhunter,havoc,10,7,3
Darkraiser,blackmoore,544,demonhunter,havoc,16,7,9
Tiucciah,kirin-tor,539,demonhunter,havoc,11,6,5
Foxylama,stormscale,528,demonhunter,havoc,15,7,8
Panejo,drakthul,528,demonhunter,havoc,15,6,9
Ðéstrøz,draenor,522,demonhunter,havoc,15,8,7
Beraxulus,aegwynn,522,demonhunter,havoc,16,7,9
Manybuttons,tarren-mill,522,demonhunter,havoc,16,7,9
Ailis,drakthul,522,demonhunter,havoc,20,7,13
Алистреель,gordunni,521,demonhunter,havoc,13,7,6
Джэкмэн,soulflayer,520,demonhunter,havoc,29,8,21
Estheris,sylvanas,519,demonhunter,havoc,15,8,7
Zethraxxur,outland,511,demonhunter,havoc,11,6,5
Gnjurac,outland,511,demonhunter,havoc,14,6,8
Asperity,antonidas,511,demonhunter,havoc,18,6,12
Plagues,quelthalas,510,demonhunter,havoc,20,10,10
Illidancz,thunderhorn,488,demonhunter,havoc,13,6,7
Loße,ragnaros,480,demonhunter,havoc,6,5,1
Ismelldemons,silvermoon,480,demonhunter,havoc,6,5,1
Sinarel,die-aldor,480,demonhunter,havoc,6,5,1
Monion,defias-brotherhood,480,demonhunter,havoc,6,5,1
Fellstone,kazzak,480,demonhunter,havoc,6,5,1
Lesamaritain,ysondre,480,demonhunter,havoc,6,5,1
Morrion,blackmoore,480,demonhunter,havoc,6,5,1
Katkott,kazzak,480,demonhunter,havoc,6,5,1
Setthanol,burning-legion,480,demonhunter,havoc,6,5,1
Harpyia,azshara,480,demonhunter,havoc,6,5,1
Avavidh,blackmoore,480,demonhunter,havoc,6,5,1
Gansh,draenor,480,demonhunter,havoc,6,5,1
Mendøza,hyjal,480,demonhunter,havoc,6,5,1
Arylinn,tarren-mill,480,demonhunter,havoc,6,5,1
Rooster,malganis,480,demonhunter,havoc,6,5,1
Kreoshimaru,archimonde,480,demonhunter,havoc,6,5,1
Mouga,hyjal,480,demonhunter,havoc,6,5,1
Nanába,draenor,480,demonhunter,havoc,6,5,1
Wyzedh,blackrock,480,demonhunter,havoc,6,5,1
Miscodedh,ravencrest,480,demonhunter,havoc,9,6,3
Topg,bladefist,480,demonhunter,havoc,12,5,7
Malvax,tarren-mill,480,demonhunter,havoc,12,5,7
Thelyan,ravencrest,480,demonhunter,havoc,12,5,7
Tomkis,ravencrest,480,demonhunter,havoc,12,5,7
Awawaaw,tarren-mill,480,demonhunter,havoc,12,5,7
Tatoos,bronze-dragonflight,480,demonhunter,havoc,12,5,7
Hajeva,ravencrest,480,demonhunter,havoc,12,5,7
Devourr,ravencrest,480,demonhunter,havoc,12,5,7
Deccal,blackmoore,480,demonhunter,havoc,12,5,7
Takad,twisting-nether,480,demonhunter,havoc,12,5,7
Алекзей,gordunni,480,demonhunter,havoc,12,5,7
Generaaloo,ragnaros,480,demonhunter,havoc,12,5,7
Пупчански,howling-fjord,480,demonhunter,havoc,12,5,7
Дракомуфлон,gordunni,480,demonhunter,havoc,12,5,7
Ледимиледи,lich-king,480,demonhunter,havoc,12,5,7
Khenetai,silvermoon,480,demonhunter,havoc,12,5,7
Zunada,ragnaros,480,demonhunter,havoc,12,5,7
Yuná,stormscale,480,demonhunter,havoc,12,5,7
Superchocowo,sanguino,480,demonhunter,havoc,12,5,7
Blind,kazzak,480,demonhunter,havoc,12,5,7
Bruxdh,dun-modr,480,demonhunter,havoc,12,5,7
Spitface,aegwynn,480,demonhunter,havoc,12,5,7
Lårxx,draenor,480,demonhunter,havoc,12,5,7
Odda,los-errantes,480,demonhunter,havoc,12,5,7
Tastyblades,blackmoore,480,demonhunter,havoc,12,5,7
Jellyjoker,malganis,480,demonhunter,havoc,12,5,7
Véspé,naxxramas,480,demonhunter,havoc,12,5,7
Блэйэмих,gordunni,480,demonhunter,havoc,12,5,7
Rerien,blackmoore,480,demonhunter,havoc,12,5,7
Bigbootáy,silvermoon,480,demonhunter,havoc,12,5,7
Noether,blackrock,480,demonhunter,havoc,12,5,7
Âstræa,antonidas,480,demonhunter,havoc,12,5,7
Jisoô,tarren-mill,480,demonhunter,havoc,12,5,7
Иаред,gordunni,480,demonhunter,havoc,12,5,7
Caøtix,blackrock,480,demonhunter,havoc,12,5,7
Ukumeqt,kazzak,480,demonhunter,havoc,12,5,7
Glìmpsêgøðx,antonidas,480,demonhunter,havoc,12,5,7
Spiiky,kazzak,480,demonhunter,havoc,12,5,7
Hyprdh,blackrock,480,demonhunter,havoc,12,5,7
Granite,blackrock,480,demonhunter,havoc,12,5,7
Dzikalocha,burning-legion,480,demonhunter,havoc,12,5,7
Диртхамен,blackscar,480,demonhunter,havoc,12,5,7
Hørnyßæ,drakthul,480,demonhunter,havoc,12,5,7
Максимлолпро,howling-fjord,480,demonhunter,havoc,12,5,7
Icurogue,kazzak,480,demonhunter,havoc,12,5,7
Беатриз,soulflayer,480,demonhunter,havoc,12,5,7
Kindred,anachronos,480,demonhunter,havoc,12,5,7
Nagh,archimonde,480,demonhunter,havoc,12,5,7
Mythisa,blackrock,480,demonhunter,havoc,15,6,9
Бтдыш,azuregos,480,demonhunter,havoc,18,5,13
Bengleng,draenor,480,demonhunter,havoc,18,5,13
Разагеш,gordunni,480,demonhunter,havoc,18,5,13
Конглея,gordunni,480,demonhunter,havoc,18,5,13
Dübler,gorgonnash,480,demonhunter,havoc,18,5,13
Natarásh,blackmoore,480,demonhunter,havoc,18,5,13
Aelina,area-52,480,demonhunter,havoc,18,5,13
Imperio,tarren-mill,480,demonhunter,havoc,18,5,13
Wajoglaive,blackhand,480,demonhunter,havoc,18,5,13
Zimmerdin,blackmoore,480,demonhunter,havoc,18,5,13
Thewalker,argent-dawn,480,demonhunter,havoc,18,5,13
Ascindra,kazzak,480,demonhunter,havoc,18,5,13
Crushidemon,draenor,480,demonhunter,havoc,18,5,13
Kázuyá,blackrock,480,demonhunter,havoc,18,5,13
Alleyezønme,outland,480,demonhunter,havoc,18,5,13
Laclé,archimonde,480,demonhunter,havoc,24,5,19
Aygael,archimonde,480,demonhunter,havoc,24,5,19
Kalodir,malygos,479,demonhunter,havoc,6,5,1
Chàuvequipeu,dalaran,479,demonhunter,havoc,12,5,7
Shekny,sanguino,479,demonhunter,havoc,12,5,7
Bchj,ysondre,479,demonhunter,havoc,12,5,7
Ирилан,deepholm,479,demonhunter,havoc,12,5,7
Макай,deathguard,479,demonhunter,havoc,12,5,7
Мйрасаа,gordunni,479,demonhunter,havoc,12,5,7
Cindras,turalyon,479,demonhunter,havoc,12,5,7
Jonasdh,antonidas,479,demonhunter,havoc,12,5,7
Gryphory,ravencrest,479,demonhunter,havoc,12,5,7
Dedaronnes,hyjal,479,demonhunter,havoc,12,5,7
Escoo,blackmoore,479,demonhunter,havoc,12,5,7
Manavoid,outland,479,demonhunter,havoc,12,5,7
Demontevz,outland,479,demonhunter,havoc,12,5,7
Asperatus,dalaran,479,demonhunter,havoc,18,5,13
Arasy,los-errantes,479,demonhunter,havoc,18,5,13
Ápölö,zuljin,479,demonhunter,havoc,18,5,13
Скудайвер,gordunni,478,demonhunter,havoc,12,5,7
Thilanea,emeriss,478,demonhunter,havoc,12,5,7
Deasdh,tarren-mill,478,demonhunter,havoc,12,5,7
Greyfel,blackhand,478,demonhunter,havoc,20,7,13
Tuffêli,turalyon,478,demonhunter,havoc,18,5,13
Kairidemon,eredar,477,demonhunter,havoc,12,5,7
Язамясо,gordunni,477,demonhunter,havoc,18,5,13
Thefightergz,terokkar,477,demonhunter,havoc,18,5,13
Гачирабыня,lich-king,477,demonhunter,havoc,30,5,25
Vincbengt,tarren-mill,476,demonhunter,havoc,12,5,7
Satanayl,stormscale,475,demonhunter,havoc,15,5,10
Hellforce,nemesis,474,demonhunter,havoc,12,5,7
Illikan,stormscale,474,demonhunter,havoc,12,5,7
Etraidor,turalyon,473,demonhunter,havoc,12,5,7
Mayyhem,blackrock,472,demonhunter,havoc,17,7,10
Dakrey,blackmoore,467,demonhunter,havoc,18,5,13
Morathie,kazzak,462,demonhunter,havoc,11,5,6
Luferite,burning-blade,455,demonhunter,havoc,27,7,20
Bertori,dun-modr,447,demonhunter,havoc,12,6,6
Shaundead,drakthul,447,demonhunter,havoc,11,5,6
Habara,dun-modr,447,demonhunter,havoc,11,5,6
Илнари,soulflayer,447,demonhunter,havoc,11,5,6
Huntingmilfs,ravencrest,447,demonhunter,havoc,11,5,6
Káhúsz,ragnaros,447,demonhunter,havoc,17,5,12
Nofelings,twisting-nether,445,demonhunter,havoc,22,6,16
Amatèrasu,burning-legion,435,demonhunter,havoc,38,8,30
Иллианэль,howling-fjord,432,demonhunter,havoc,9,5,4
Xaro,quelthalas,431,demonhunter,havoc,11,5,6
Ailisdmgbotx,drakthul,426,demonhunter,havoc,15,7,8
Killidance,outland,425,demonhunter,havoc,16,7,9
Axeldardh,draenor,415,demonhunter,havoc,11,6,5
Frombegin,lordaeron,384,demonhunter,havoc,6,4,2
Хэвдан,gordunni,384,demonhunter,havoc,6,4,2
Daemonmatt,outland,384,demonhunter,havoc,6,4,2
Kriszidan,arathor,384,demonhunter,havoc,6,4,2
Shavidan,antonidas,384,demonhunter,havoc,6,4,2
Meridah,twisting-nether,384,demonhunter,havoc,6,4,2
Aîmwârê,ravencrest,384,demonhunter,havoc,6,4,2
Маланаар,gordunni,384,demonhunter,havoc,6,4,2
Séismic,outland,384,demonhunter,havoc,6,4,2
Rageglaive,ragnaros,384,demonhunter,havoc,6,4,2
Memedhbtw,outland,384,demonhunter,havoc,6,4,2
Dimonhunta,tarren-mill,384,demonhunter,havoc,6,4,2
Niellarsc,ravencrest,384,demonhunter,havoc,6,4,2
Wuzzabi,darksorrow,384,demonhunter,havoc,6,4,2
Bartoshek,auchindoun,384,demonhunter,havoc,6,4,2
Çhïñêséðëmøñ,draenor,384,demonhunter,havoc,6,4,2
Тяжелыйбасс,gordunni,384,demonhunter,havoc,6,4,2
Талисзора,gordunni,384,demonhunter,havoc,6,4,2
Timitär,mazrigos,384,demonhunter,havoc,6,4,2
Diagonol,ragnaros,384,demonhunter,havoc,6,4,2
Rocksn,blackmoore,384,demonhunter,havoc,6,4,2
Exerzaria,twisting-nether,384,demonhunter,havoc,6,4,2
Shïca,sanguino,384,demonhunter,havoc,6,4,2
Varonx,drakthul,384,demonhunter,havoc,6,4,2
Bblock,silvermoon,384,demonhunter,havoc,6,4,2
Mjuliet,stormscale,384,demonhunter,havoc,6,4,2
Mýg,ravencrest,384,demonhunter,havoc,6,4,2
Pogchamp,argent-dawn,384,demonhunter,havoc,6,4,2
Theend,das-konsortium,384,demonhunter,havoc,6,4,2
Плэкс,howling-fjord,384,demonhunter,havoc,6,4,2
Nelathas,twisting-nether,384,demonhunter,havoc,6,4,2
Милифесена,gordunni,384,demonhunter,havoc,6,4,2
Atti,the-maelstrom,384,demonhunter,havoc,6,4,2
Mymindead,ravencrest,384,demonhunter,havoc,6,4,2
Docos,genjuros,384,demonhunter,havoc,6,4,2
Rfosop,chants-éternels,384,demonhunter,havoc,6,4,2
Варгаст,blackscar,384,demonhunter,havoc,6,4,2
Riema,bloodscalp,384,demonhunter,havoc,6,4,2
Garra,chants-éternels,384,demonhunter,havoc,6,4,2
Undefeatable,stormrage,384,demonhunter,havoc,6,4,2
Pvefuljrqt,draenor,384,demonhunter,havoc,6,4,2
Blizodh,tarren-mill,384,demonhunter,havoc,6,4,2
Epicelf,hyjal,384,demonhunter,havoc,6,4,2
Valdrake,burning-legion,384,demonhunter,havoc,6,4,2
Iken,ragnaros,384,demonhunter,havoc,6,4,2
Rozikosi,magtheridon,384,demonhunter,havoc,6,4,2
Intøxixxixx,stormscale,384,demonhunter,havoc,6,4,2
Demoncalle,the-maelstrom,384,demonhunter,havoc,6,4,2
Imprøve,ravencrest,384,demonhunter,havoc,9,5,4
Darmash,ambossar,384,demonhunter,havoc,9,5,4
Freakerzoid,kazzak,384,demonhunter,havoc,11,4,7
Mempaan,magtheridon,384,demonhunter,havoc,12,4,8
Factcox,magtheridon,384,demonhunter,havoc,12,4,8
Ellatriel,blackrock,384,demonhunter,havoc,12,4,8
Headbanger,twisting-nether,384,demonhunter,havoc,12,4,8
Rivy,magtheridon,384,demonhunter,havoc,12,4,8
Drædløcks,ysondre,384,demonhunter,havoc,12,4,8
Gailiugas,kazzak,384,demonhunter,havoc,12,4,8
Kratton,silvermoon,384,demonhunter,havoc,12,4,8
Shakso,tarren-mill,384,demonhunter,havoc,12,4,8
Deathbydeaf,terenas,384,demonhunter,havoc,12,4,8
Lenuna,frostmourne,384,demonhunter,havoc,12,4,8
Milleniumx,aegwynn,384,demonhunter,havoc,12,4,8
Nobrainerz,twisting-nether,384,demonhunter,havoc,12,4,8
Graffyre,eonar,384,demonhunter,havoc,12,4,8
Ågøny,outland,384,demonhunter,havoc,12,4,8
Cutforshred,zenedar,384,demonhunter,havoc,12,4,8
Одзангейра,blackscar,384,demonhunter,havoc,12,4,8
Kinami,hyjal,384,demonhunter,havoc,12,4,8
Slashyz,argent-dawn,384,demonhunter,havoc,12,4,8
Алмантиус,gordunni,384,demonhunter,havoc,12,4,8
Gorilla,korgall,384,demonhunter,havoc,12,4,8
Артёмблэйдх,blackscar,384,demonhunter,havoc,12,4,8
Illidarya,dunemaul,384,demonhunter,havoc,12,4,8
Maeltus,hyjal,384,demonhunter,havoc,12,4,8
Gigawashed,ravencrest,384,demonhunter,havoc,12,4,8
Betterdk,twilights-hammer,384,demonhunter,havoc,12,4,8
Blüëräin,draenor,384,demonhunter,havoc,12,4,8
Кеиичи,howling-fjord,384,demonhunter,havoc,12,4,8
Frostidh,ysondre,384,demonhunter,havoc,12,4,8
Хокану,gordunni,384,demonhunter,havoc,12,4,8
Lopphaufen,onyxia,384,demonhunter,havoc,12,4,8
Skylebeam,blackrock,384,demonhunter,havoc,12,4,8
Вуджория,gordunni,384,demonhunter,havoc,12,4,8
Juny,turalyon,384,demonhunter,havoc,12,4,8
Jabuzi,drakthul,384,demonhunter,havoc,12,4,8
Лупидолх,soulflayer,384,demonhunter,havoc,12,4,8
Valravnen,ravencrest,384,demonhunter,havoc,12,4,8
Hellbrood,kazzak,384,demonhunter,havoc,12,4,8
Пвпфея,soulflayer,384,demonhunter,havoc,12,4,8
Floridaboy,ravencrest,384,demonhunter,havoc,12,4,8
Neulgød,zuljin,384,demonhunter,havoc,12,4,8
Fbh,stormscale,384,demonhunter,havoc,12,4,8
Switzar,kazzak,384,demonhunter,havoc,12,4,8
Mäcklepyah,tarren-mill,384,demonhunter,havoc,12,4,8
Bratti,kazzak,384,demonhunter,havoc,12,4,8
Buggzii,silvermoon,384,demonhunter,havoc,12,4,8
Huntingmaven,blackrock,384,demonhunter,havoc,12,4,8
Chávi,twisting-nether,384,demonhunter,havoc,12,4,8
Saikamango,blackhand,384,demonhunter,havoc,12,4,8
Arkta,kazzak,384,demonhunter,havoc,12,4,8
Rúllio,rexxar,384,demonhunter,havoc,12,4,8
Хреньещёта,booty-bay,384,demonhunter,havoc,12,4,8
Ysirã,hyjal,384,demonhunter,havoc,12,4,8
Deadrawdh,aegwynn,384,demonhunter,havoc,12,4,8
Dannyp,ravencrest,384,demonhunter,havoc,12,4,8
Tyranax,kirin-tor,384,demonhunter,havoc,12,4,8
Leylas,nagrand,384,demonhunter,havoc,12,4,8
Toxicbaboon,nemesis,384,demonhunter,havoc,12,4,8
Эвернесса,soulflayer,384,demonhunter,havoc,12,4,8
Ninjantiz,antonidas,384,demonhunter,havoc,12,4,8
Pravda,terokkar,384,demonhunter,havoc,14,4,10
Kalav,outland,384,demonhunter,havoc,18,4,14
Братилидана,gordunni,384,demonhunter,havoc,18,4,14
Gouteça,la-croisade-écarlate,384,demonhunter,havoc,18,4,14
Jeandh,nerzhul,384,demonhunter,havoc,18,4,14
Skajlan,burning-legion,384,demonhunter,havoc,18,4,14
Sazukè,blackmoore,384,demonhunter,havoc,18,4,14
Linea,jaedenar,384,demonhunter,havoc,18,4,14
Aaryaa,archimonde,384,demonhunter,havoc,18,4,14
Takeroids,kazzak,384,demonhunter,havoc,18,4,14
Ekhlipz,ysondre,384,demonhunter,havoc,18,4,14
Vandazza,argent-dawn,384,demonhunter,havoc,18,4,14
Zynês,draenor,384,demonhunter,havoc,18,4,14
Lisilis,neptulon,384,demonhunter,havoc,18,4,14
Yocolo,sinstralis,383,demonhunter,havoc,6,4,2
Walidaris,tarren-mill,383,demonhunter,havoc,6,4,2
Jüdgedëad,archimonde,383,demonhunter,havoc,6,4,2
Rouzi,defias-brotherhood,383,demonhunter,havoc,6,4,2
Némesîs,cthun,383,demonhunter,havoc,6,4,2
Dæmonhønter,draenor,383,demonhunter,havoc,12,4,8
Xtrong,agamaggan,383,demonhunter,havoc,12,4,8
Talerias,magtheridon,383,demonhunter,havoc,12,4,8
Frootloop,blades-edge,383,demonhunter,havoc,12,4,8
Elenastar,kazzak,383,demonhunter,havoc,12,4,8
Vengatoria,cthun,383,demonhunter,havoc,12,4,8
Chaordic,turalyon,383,demonhunter,havoc,12,4,8
Сязекть,goldrinn,383,demonhunter,havoc,12,4,8
Dionée,silvermoon,382,demonhunter,havoc,6,4,2
Lxantimagexl,silvermoon,381,demonhunter,havoc,12,4,8
Deathniresa,argent-dawn,379,demonhunter,havoc,12,4,8
Хисаго,gordunni,372,demonhunter,havoc,17,7,10
Lyxliraren,kazzak,366,demonhunter,havoc,23,4,19
Feløut,eredar,352,demonhunter,havoc,16,4,12
Darren,wildhammer,351,demonhunter,havoc,10,4,6
Mezo,outland,336,demonhunter,havoc,9,5,4
Dexterzx,stormscale,336,demonhunter,havoc,16,4,12
Lydari,die-arguswacht,330,demonhunter,havoc,17,5,12
Tchekken,tarren-mill,329,demonhunter,havoc,8,5,3
Оксиликвит,soulflayer,320,demonhunter,havoc,10,4,6
Çrìñgéñämê,ravencrest,319,demonhunter,havoc,5,4,1
Ironmass,chogall,319,demonhunter,havoc,5,4,1
Felwaifu,tarren-mill,319,demonhunter,havoc,8,4,4
Lumpp,drakthul,319,demonhunter,havoc,8,4,4
Yågåpøwér,twisting-nether,319,demonhunter,havoc,14,4,10
Oskarz,ravencrest,318,demonhunter,havoc,14,4,10
Squarty,wrathbringer,316,demonhunter,havoc,8,4,4
Anestes,dalaran,304,demonhunter,havoc,13,4,9
Zampred,grim-batol,288,demonhunter,havoc,6,3,3
Vlexsuave,stormscale,288,demonhunter,havoc,6,3,3
Extitan,twisting-nether,288,demonhunter,havoc,6,3,3
Ravae,burning-legion,288,demonhunter,havoc,6,3,3
Crasyface,kazzak,288,demonhunter,havoc,6,3,3
Killaden,ravenholdt,288,demonhunter,havoc,6,3,3
Mannie,twisting-nether,288,demonhunter,havoc,6,3,3
Naargof,outland,288,demonhunter,havoc,6,3,3
Nerfdhxd,kazzak,288,demonhunter,havoc,6,3,3
Vtoriavgust,silvermoon,288,demonhunter,havoc,6,3,3
Cánoo,blackhand,288,demonhunter,havoc,6,3,3
Dinyaal,alakir,288,demonhunter,havoc,6,3,3
Hyonzyyesh,silvermoon,288,demonhunter,havoc,6,3,3
Qiufan,eredar,288,demonhunter,havoc,6,3,3
Bräxas,la-croisade-écarlate,288,demonhunter,havoc,6,3,3
Mialynn,aegwynn,288,demonhunter,havoc,6,3,3
Darkshegal,dun-modr,288,demonhunter,havoc,6,3,3
Sivix,kazzak,288,demonhunter,havoc,6,3,3
Meserani,eredar,288,demonhunter,havoc,6,3,3
Solobolo,blackhand,288,demonhunter,havoc,6,3,3
Catchmebaby,sanguino,288,demonhunter,havoc,6,3,3
Tåkotsubo,archimonde,288,demonhunter,havoc,6,3,3
Serizhawa,archimonde,288,demonhunter,havoc,6,3,3
Uranoth,nemesis,288,demonhunter,havoc,6,3,3
Cnbâckbb,archimonde,288,demonhunter,havoc,6,3,3
Leïaprincess,hyjal,288,demonhunter,havoc,6,3,3
Skuz,archimonde,288,demonhunter,havoc,6,3,3
Shinnu,antonidas,288,demonhunter,havoc,6,3,3
Terboven,outland,288,demonhunter,havoc,6,3,3
Watdefack,outland,288,demonhunter,havoc,6,3,3
Tôryon,archimonde,288,demonhunter,havoc,6,3,3
Ðémoralizing,archimonde,288,demonhunter,havoc,6,3,3
Xénôns,archimonde,288,demonhunter,havoc,6,3,3
Yelans,twisting-nether,288,demonhunter,havoc,6,3,3
Caramvp,eredar,288,demonhunter,havoc,6,3,3
Shaadraz,stormscale,288,demonhunter,havoc,6,3,3
Xaaero,blackrock,288,demonhunter,havoc,6,3,3
Exytûs,blackhand,288,demonhunter,havoc,6,3,3
Schwitte,tichondrius,288,demonhunter,havoc,6,3,3
Kyoukaii,kazzak,288,demonhunter,havoc,6,3,3
Indominus,pozzo-delleternità,288,demonhunter,havoc,6,3,3
Cienlowczyni,silvermoon,288,demonhunter,havoc,6,3,3
Bludmask,silvermoon,288,demonhunter,havoc,6,3,3
Térento,blackmoore,288,demonhunter,havoc,6,3,3
Neony,blackmoore,288,demonhunter,havoc,6,3,3
Thawgdh,silvermoon,288,demonhunter,havoc,6,3,3
Sesrix,silvermoon,288,demonhunter,havoc,6,3,3
Trekpop,chamber-of-aspects,288,demonhunter,havoc,6,3,3
Rustedchurl,draenor,288,demonhunter,havoc,6,3,3
Nephthyis,draenor,288,demonhunter,havoc,6,3,3
Mephedroni,kazzak,288,demonhunter,havoc,6,3,3
Froog,frostmane,288,demonhunter,havoc,6,3,3
Deschacke,eredar,288,demonhunter,havoc,6,3,3
Ricd,aggra-português,288,demonhunter,havoc,6,3,3
Vùkal,kazzak,288,demonhunter,havoc,6,3,3
Kyart,nemesis,288,demonhunter,havoc,6,3,3
Aoeshu,wildhammer,288,demonhunter,havoc,6,3,3
Vqqxx,stormreaver,288,demonhunter,havoc,6,3,3
Чубрик,howling-fjord,288,demonhunter,havoc,6,3,3
Dhkolben,blackmoore,288,demonhunter,havoc,6,3,3
Jinfel,outland,288,demonhunter,havoc,6,3,3
Бану,howling-fjord,288,demonhunter,havoc,6,3,3
Berlusconi,senjin,288,demonhunter,havoc,6,3,3
Demonkingx,twisting-nether,288,demonhunter,havoc,6,3,3
Cursedblade,archimonde,288,demonhunter,havoc,6,3,3
Youngfelrush,blackrock,288,demonhunter,havoc,6,3,3
Na,conseil-des-ombres,288,demonhunter,havoc,6,3,3
Hellboi,dun-modr,288,demonhunter,havoc,6,3,3
Dadagodx,kazzak,288,demonhunter,havoc,6,3,3
Nightfly,twisting-nether,288,demonhunter,havoc,6,3,3
Rehaell,burning-legion,288,demonhunter,havoc,6,3,3
Ortä,sanguino,288,demonhunter,havoc,6,3,3
Qualron,twisting-nether,288,demonhunter,havoc,6,3,3
Zorrø,blackmoore,288,demonhunter,havoc,6,3,3
Askaroth,sanguino,288,demonhunter,havoc,6,3,3
Niika,archimonde,288,demonhunter,havoc,6,3,3
Linîlim,ysondre,288,demonhunter,havoc,6,3,3
Dragash,nemesis,288,demonhunter,havoc,6,3,3
Bossmac,mugthol,288,demonhunter,havoc,6,3,3
Шрэдэр,thermaplugg,288,demonhunter,havoc,6,3,3
Youns,medivh,288,demonhunter,havoc,6,3,3
Слепойалкаш,blackscar,288,demonhunter,havoc,6,3,3
Nneverx,bladefist,288,demonhunter,havoc,6,3,3
Мисъёсмит,soulflayer,288,demonhunter,havoc,6,3,3
Hellzz,tarren-mill,288,demonhunter,havoc,6,3,3
Ккепсс,howling-fjord,288,demonhunter,havoc,6,3,3
Tígél,argent-dawn,288,demonhunter,havoc,6,3,3
Резако,soulflayer,288,demonhunter,havoc,6,3,3
Demonsushi,tarren-mill,288,demonhunter,havoc,6,3,3
Андрюхадх,soulflayer,288,demonhunter,havoc,6,3,3
Lonedh,sylvanas,288,demonhunter,havoc,6,3,3
Rihal,stormscale,288,demonhunter,havoc,6,3,3
Cydonia,medivh,288,demonhunter,havoc,6,3,3
Тлюня,grom,288,demonhunter,havoc,6,3,3
Chåk,marécage-de-zangar,288,demonhunter,havoc,6,3,3
Marilu,nathrezim,288,demonhunter,havoc,6,3,3
Ашерис,deathguard,288,demonhunter,havoc,6,3,3
Stòrmý,thrall,288,demonhunter,havoc,6,3,3
Imvnrcvr,dalaran,288,demonhunter,havoc,6,3,3
Kritflake,blackrock,288,demonhunter,havoc,6,3,3
Voñbödefeld,frostmourne,288,demonhunter,havoc,6,3,3
Ледехе,gordunni,288,demonhunter,havoc,6,3,3
Felrage,tarren-mill,288,demonhunter,havoc,6,3,3
Felezo,bloodscalp,288,demonhunter,havoc,6,3,3
Divia,anubarak,288,demonhunter,havoc,6,3,3
Wildest,blackmoore,288,demonhunter,havoc,9,4,5
Erenyeagerr,kazzak,288,demonhunter,havoc,10,4,6
Aethilios,silvermoon,288,demonhunter,havoc,11,3,8
Vijiny,sylvanas,288,demonhunter,havoc,15,4,11
Highskitten,tarren-mill,288,demonhunter,havoc,12,3,9
Cerza,sanguino,288,demonhunter,havoc,12,3,9
Fullinaretta,archimonde,288,demonhunter,havoc,12,3,9
Bananabritta,aegwynn,288,demonhunter,havoc,12,3,9
Were,drakthul,288,demonhunter,havoc,12,3,9
Valdarîm,twisting-nether,288,demonhunter,havoc,12,3,9
Nefastia,pozzo-delleternità,288,demonhunter,havoc,12,3,9
Tødø,nemesis,288,demonhunter,havoc,12,3,9
Tacodhx,ravencrest,288,demonhunter,havoc,12,3,9
Арвулфик,eversong,288,demonhunter,havoc,12,3,9
Silandara,grim-batol,288,demonhunter,havoc,12,3,9
Vrazjababa,dragonmaw,288,demonhunter,havoc,12,3,9
Rapp,nemesis,288,demonhunter,havoc,12,3,9
Gpk,argent-dawn,288,demonhunter,havoc,12,3,9
Naturalis,die-todeskrallen,288,demonhunter,havoc,12,3,9
Hicke,burning-legion,288,demonhunter,havoc,12,3,9
Blacklance,ravencrest,288,demonhunter,havoc,12,3,9
Tenaebris,silvermoon,288,demonhunter,havoc,12,3,9
Lamello,nemesis,288,demonhunter,havoc,12,3,9
Yataganac,draenor,288,demonhunter,havoc,12,3,9
Bernhoftdh,ravencrest,288,demonhunter,havoc,12,3,9
Metaman,archimonde,288,demonhunter,havoc,12,3,9
Laurana,argent-dawn,288,demonhunter,havoc,12,3,9
Earfâlass,twisting-nether,288,demonhunter,havoc,12,3,9
Хемах,howling-fjord,288,demonhunter,havoc,12,3,9
Холегдх,gordunni,288,demonhunter,havoc,12,3,9
Kaeldral,blackrock,288,demonhunter,havoc,12,3,9
Sazzox,blackrock,288,demonhunter,havoc,12,3,9
Лорберн,soulflayer,288,demonhunter,havoc,12,3,9
ßäxy,ragnaros,288,demonhunter,havoc,12,3,9
Cptgmiasbria,eredar,288,demonhunter,havoc,12,3,9
Damenhunter,malganis,288,demonhunter,havoc,12,3,9
Wheelchairdh,twisting-nether,288,demonhunter,havoc,12,3,9
Donverräter,antonidas,288,demonhunter,havoc,12,3,9
Феяужаса,soulflayer,288,demonhunter,havoc,12,3,9
Ïvø,sargeras,288,demonhunter,havoc,12,3,9
Гелиосса,soulflayer,288,demonhunter,havoc,12,3,9
Mênding,kazzak,288,demonhunter,havoc,12,3,9
Râny,blackmoore,288,demonhunter,havoc,12,3,9
Valø,malganis,288,demonhunter,havoc,12,3,9
Nightwalk,blackmoore,288,demonhunter,havoc,12,3,9
Пухшайсти,soulflayer,288,demonhunter,havoc,12,3,9
Ðèvìllìà,ragnaros,288,demonhunter,havoc,12,3,9
Ambodh,thrall,288,demonhunter,havoc,12,3,9
Domiinator,sylvanas,288,demonhunter,havoc,12,3,9
Ганстапутин,howling-fjord,288,demonhunter,havoc,12,3,9
Fellout,burning-legion,288,demonhunter,havoc,12,3,9
Artwar,stormscale,288,demonhunter,havoc,12,3,9
Diminhintir,draenor,288,demonhunter,havoc,12,3,9
Néèdgirly,malfurion,288,demonhunter,havoc,15,3,12
Zolvanith,tarren-mill,288,demonhunter,havoc,18,3,15
Lasthija,dun-modr,288,demonhunter,havoc,18,3,15
Dimonanta,grim-batol,287,demonhunter,havoc,6,3,3
Saturnein,stormscale,287,demonhunter,havoc,6,3,3
Menutzdh,tarren-mill,287,demonhunter,havoc,6,3,3
Séphora,confrérie-du-thorium,287,demonhunter,havoc,6,3,3
Chifra,dun-modr,287,demonhunter,havoc,6,3,3
Elfitoloco,sanguino,287,demonhunter,havoc,6,3,3
Dethlyn,twisting-nether,287,demonhunter,havoc,6,3,3
Бумбумер,lich-king,287,demonhunter,havoc,6,3,3
Makev,thunderhorn,287,demonhunter,havoc,6,3,3
Mzyonhh,draenor,287,demonhunter,havoc,12,3,9
Дафард,ashenvale,286,demonhunter,havoc,6,3,3
Kaleyah,gorgonnash,286,demonhunter,havoc,12,3,9
Laylay,vashj,282,demonhunter,havoc,24,3,21
Gêliôs,kazzak,271,demonhunter,havoc,11,3,8
Czl,silvermoon,256,demonhunter,havoc,10,3,7
Elosèn,magtheridon,255,demonhunter,havoc,11,3,8
Fèll,silvermoon,240,demonhunter,havoc,9,3,6
Тиранд,gordunni,240,demonhunter,havoc,15,3,12
Itskarmax,outland,239,demonhunter,havoc,5,3,2
Этовсехил,eversong,239,demonhunter,havoc,5,3,2
Rexchânce,archimonde,239,demonhunter,havoc,5,3,2
Ponn,blackmoore,239,demonhunter,havoc,5,3,2
Dreamhunt,stormreaver,239,demonhunter,havoc,5,3,2
Дэйкан,borean-tundra,239,demonhunter,havoc,9,3,6
Джерегумо,howling-fjord,234,demonhunter,havoc,10,4,6
Ñítøryù,ravencrest,234,demonhunter,havoc,10,4,6
Drstn,blackmoore,224,demonhunter,havoc,10,3,7
Draecis,twisting-nether,223,demonhunter,havoc,8,3,5
Лэймрисх,gordunni,223,demonhunter,havoc,14,3,11
Пересыщение,soulflayer,208,demonhunter,havoc,7,3,4
Legoo,archimonde,208,demonhunter,havoc,7,3,4
Sìena,ravencrest,208,demonhunter,havoc,7,3,4
Nëmesi,ravencrest,192,demonhunter,havoc,4,3,1
Qspeedyboi,kazzak,192,demonhunter,havoc,4,3,1
Demoqt,ragnaros,192,demonhunter,havoc,4,3,1
Draneka,argent-dawn,192,demonhunter,havoc,6,2,4
Kyvi,blackrock,192,demonhunter,havoc,6,2,4
Деорру,gordunni,192,demonhunter,havoc,6,2,4
Yldaryiss,les-sentinelles,192,demonhunter,havoc,6,2,4
Грязюка,howling-fjord,192,demonhunter,havoc,6,2,4
Мэлифсб,blackscar,192,demonhunter,havoc,6,2,4
Linkôs,aegwynn,192,demonhunter,havoc,6,2,4
Alcadejas,pozzo-delleternità,192,demonhunter,havoc,6,2,4
Hallowdip,drakthul,192,demonhunter,havoc,6,2,4
Реогансина,galakrond,192,demonhunter,havoc,6,2,4
Топд,thermaplugg,192,demonhunter,havoc,6,2,4
Wolfex,hellfire,192,demonhunter,havoc,6,2,4
Флайрин,blackscar,192,demonhunter,havoc,6,2,4
Jayuslol,stormrage,192,demonhunter,havoc,6,2,4
Qúkn,tarren-mill,192,demonhunter,havoc,6,2,4
Аврорамур,howling-fjord,192,demonhunter,havoc,6,2,4
Cøldlean,ravencrest,192,demonhunter,havoc,6,2,4
Mároon,frostmane,192,demonhunter,havoc,6,2,4
Milaje,tarren-mill,192,demonhunter,havoc,6,2,4
Артесдх,gordunni,192,demonhunter,havoc,6,2,4
Fjanten,stormscale,192,demonhunter,havoc,6,2,4
Theonlydemon,frostmane,192,demonhunter,havoc,6,2,4
Flupo,stormscale,192,demonhunter,havoc,6,2,4
Тэнсу,borean-tundra,192,demonhunter,havoc,6,2,4
Kyiuz,archimonde,192,demonhunter,havoc,6,2,4
Lucziane,blackmoore,192,demonhunter,havoc,6,2,4
Dikcitx,archimonde,192,demonhunter,havoc,6,2,4
Sälexz,ysondre,192,demonhunter,havoc,6,2,4
Cíondra,aegwynn,192,demonhunter,havoc,6,2,4
Cáválórth,blackhand,192,demonhunter,havoc,6,2,4
Hyype,draenor,192,demonhunter,havoc,6,2,4
Naltharian,drakthul,192,demonhunter,havoc,6,2,4
Дабллди,soulflayer,192,demonhunter,havoc,6,2,4
Sârgan,khaz-modan,192,demonhunter,havoc,6,2,4
Aerkex,kazzak,192,demonhunter,havoc,6,2,4
Luìnìl,khaz-modan,192,demonhunter,havoc,6,2,4
Маскитол,soulflayer,192,demonhunter,havoc,6,2,4
Kaev,ravencrest,192,demonhunter,havoc,6,2,4
Скид,gordunni,192,demonhunter,havoc,6,2,4
Kibikari,nemesis,192,demonhunter,havoc,6,2,4
Kuzchooh,dalaran,192,demonhunter,havoc,6,2,4
Alatharx,dun-morogh,192,demonhunter,havoc,6,2,4
Stifeur,archimonde,192,demonhunter,havoc,6,2,4
Ryohìrst,stormscale,192,demonhunter,havoc,6,2,4
Razzàl,sinstralis,192,demonhunter,havoc,6,2,4
Amnestîa,antonidas,192,demonhunter,havoc,6,2,4
Аххмхх,soulflayer,192,demonhunter,havoc,6,2,4
Malkyor,ysondre,192,demonhunter,havoc,6,2,4
Tæyana,khaz-modan,192,demonhunter,havoc,6,2,4
Chlorel,arthas,192,demonhunter,havoc,6,2,4
Demontoolz,outland,192,demonhunter,havoc,6,2,4
Omegahunterx,ravencrest,192,demonhunter,havoc,6,2,4
Остинджейн,soulflayer,192,demonhunter,havoc,6,2,4
Huntonez,outland,192,demonhunter,havoc,6,2,4
Harrah,archimonde,192,demonhunter,havoc,6,2,4
Khrum,rajaxx,192,demonhunter,havoc,6,2,4
Grìzmo,garona,192,demonhunter,havoc,6,2,4
Ziover,zuljin,192,demonhunter,havoc,6,2,4
Dreamøn,aegwynn,192,demonhunter,havoc,6,2,4
Aggrodíte,antonidas,192,demonhunter,havoc,6,2,4
Итерночка,soulflayer,192,demonhunter,havoc,6,2,4
Séo,draenor,192,demonhunter,havoc,6,2,4
Khinn,tyrande,192,demonhunter,havoc,6,2,4
Mharú,outland,192,demonhunter,havoc,6,2,4
Ragnarak,amanthul,192,demonhunter,havoc,6,2,4
Mäiskelinko,vashj,192,demonhunter,havoc,6,2,4
Chaeeri,twisting-nether,192,demonhunter,havoc,6,2,4
Fellektra,draenor,192,demonhunter,havoc,6,2,4
Merei,dalaran,192,demonhunter,havoc,6,2,4
Gracë,outland,192,demonhunter,havoc,6,2,4
Mnnmmnmnmnmn,zuljin,192,demonhunter,havoc,6,2,4
Aionic,draenor,192,demonhunter,havoc,6,2,4
Juicyglaives,ragnaros,192,demonhunter,havoc,6,2,4
Lixxersmeta,stormscale,192,demonhunter,havoc,6,2,4
Zenô,antonidas,192,demonhunter,havoc,6,2,4
Riveén,blackhand,192,demonhunter,havoc,6,2,4
Evaristoff,sanguino,192,demonhunter,havoc,6,2,4
Saphira,laughing-skull,192,demonhunter,havoc,6,2,4
Fyxi,talnivarr,192,demonhunter,havoc,6,2,4
Pablino,darksorrow,192,demonhunter,havoc,6,2,4
Kaily,eredar,192,demonhunter,havoc,6,2,4
Anekk,kazzak,192,demonhunter,havoc,6,2,4
Noxha,outland,192,demonhunter,havoc,6,2,4
Hykoolique,arakarahm,192,demonhunter,havoc,6,2,4
Kaelisi,argent-dawn,192,demonhunter,havoc,6,2,4
Satyna,der-mithrilorden,192,demonhunter,havoc,6,2,4
Datejust,archimonde,192,demonhunter,havoc,6,2,4
Bâdboy,blackrock,192,demonhunter,havoc,6,2,4
Sandy,anubarak,192,demonhunter,havoc,6,2,4
Barocs,antonidas,192,demonhunter,havoc,6,2,4
Mîlîm,silvermoon,192,demonhunter,havoc,6,2,4
Nörsedh,sanguino,192,demonhunter,havoc,6,2,4
Экзектикус,gordunni,192,demonhunter,havoc,6,2,4
Кораксс,howling-fjord,192,demonhunter,havoc,6,2,4
Brolafsen,ragnaros,192,demonhunter,havoc,6,2,4
Jumanjeez,draenor,192,demonhunter,havoc,6,2,4
Лилэйв,gordunni,192,demonhunter,havoc,6,2,4
Disconecting,outland,192,demonhunter,havoc,6,2,4
Maddamon,malorne,192,demonhunter,havoc,6,2,4
Ропинирол,gordunni,192,demonhunter,havoc,6,2,4
Williamgrant,alonsus,192,demonhunter,havoc,6,2,4
Trayce,antonidas,192,demonhunter,havoc,6,2,4
Sñüîîâ,kazzak,192,demonhunter,havoc,6,2,4
Xøxøø,blackhand,192,demonhunter,havoc,6,2,4
Kakovicz,gorgonnash,192,demonhunter,havoc,6,2,4
Kryshan,burning-legion,192,demonhunter,havoc,6,2,4
Neimfel,outland,192,demonhunter,havoc,6,2,4
Squanch,auchindoun,192,demonhunter,havoc,6,2,4
Гагендан,fordragon,192,demonhunter,havoc,6,2,4
Roxxis,mazrigos,192,demonhunter,havoc,6,2,4
Kaprisun,turalyon,192,demonhunter,havoc,6,2,4
Шоксенсацияя,howling-fjord,192,demonhunter,havoc,6,2,4
Nïcta,sanguino,192,demonhunter,havoc,6,2,4
Tøñÿfûsìllí,hyjal,192,demonhunter,havoc,6,2,4
Vyers,argent-dawn,192,demonhunter,havoc,6,2,4
Emkogødx,outland,192,demonhunter,havoc,6,2,4
Kíssemurra,azjolnerub,192,demonhunter,havoc,6,2,4
Thaeraa,hyjal,192,demonhunter,havoc,6,2,4
Ralffeh,auchindoun,192,demonhunter,havoc,6,2,4
Moratrasmus,the-maelstrom,192,demonhunter,havoc,6,2,4
Люблюмеф,gordunni,192,demonhunter,havoc,6,2,4
Smashdaddý,tarren-mill,192,demonhunter,havoc,6,2,4
Bloodilidari,ragnaros,192,demonhunter,havoc,6,2,4
Andariell,sylvanas,192,demonhunter,havoc,6,2,4
Trép,draenor,192,demonhunter,havoc,6,2,4
Skyzon,ravencrest,192,demonhunter,havoc,6,2,4
Gnaget,the-maelstrom,192,demonhunter,havoc,6,2,4
Qixl,blackhand,192,demonhunter,havoc,6,2,4
Haveadad,outland,192,demonhunter,havoc,6,2,4
Solo,auchindoun,192,demonhunter,havoc,6,2,4
Ôdhyn,hyjal,192,demonhunter,havoc,6,2,4
Buffdhx,sylvanas,192,demonhunter,havoc,6,2,4
Schakalèn,ragnaros,192,demonhunter,havoc,6,2,4
Lexdh,blackrock,192,demonhunter,havoc,6,2,4
Dhslayer,magtheridon,192,demonhunter,havoc,6,2,4
Sephy,argent-dawn,192,demonhunter,havoc,6,2,4
Янгфрукт,howling-fjord,192,demonhunter,havoc,6,2,4
Raenir,twisting-nether,192,demonhunter,havoc,7,2,5
Joggeqt,stormreaver,192,demonhunter,havoc,7,2,5
Blackdémon,blackrock,192,demonhunter,havoc,16,4,12
Hârambe,stormscale,192,demonhunter,havoc,12,3,9
Врадость,soulflayer,192,demonhunter,havoc,8,2,6
Jäck,draenor,192,demonhunter,havoc,9,2,7
Thenangel,alleria,192,demonhunter,havoc,12,2,10
Nezarec,sanguino,192,demonhunter,havoc,12,2,10
Rettoz,aszune,192,demonhunter,havoc,12,2,10
Kandres,ragnaros,192,demonhunter,havoc,12,2,10
Dhogus,twisting-nether,192,demonhunter,havoc,12,2,10
Aytèè,eredar,192,demonhunter,havoc,12,2,10
Esseline,outland,192,demonhunter,havoc,12,2,10
Boo,sunstrider,192,demonhunter,havoc,12,2,10
Qweasda,stormscale,192,demonhunter,havoc,12,2,10
Wruzna,shattered-halls,192,demonhunter,havoc,12,2,10
Sedorax,tarren-mill,192,demonhunter,havoc,12,2,10
Tbomb,ragnaros,192,demonhunter,havoc,12,2,10
Djbazz,blackrock,192,demonhunter,havoc,12,2,10
Sajr,twisting-nether,192,demonhunter,havoc,12,2,10
Deehoh,twisting-nether,192,demonhunter,havoc,12,2,10
Aloera,blackmoore,192,demonhunter,havoc,12,2,10
Hairebutter,kult-der-verdammten,192,demonhunter,havoc,12,2,10
Enygamy,frostmane,192,demonhunter,havoc,12,2,10
Babadoc,sanguino,192,demonhunter,havoc,12,2,10
Tvé,ravencrest,192,demonhunter,havoc,12,2,10
Mayzhi,hyjal,192,demonhunter,havoc,12,2,10
Shockzzyydh,ravencrest,192,demonhunter,havoc,12,2,10
Themogar,earthen-ring,192,demonhunter,havoc,12,2,10
Kengoo,ravencrest,192,demonhunter,havoc,12,2,10
Tôx,dalaran,192,demonhunter,havoc,12,2,10
Парагони,gordunni,192,demonhunter,havoc,12,2,10
Nellyy,dalaran,192,demonhunter,havoc,12,2,10
Мелликсин,gordunni,192,demonhunter,havoc,12,2,10
Zaydra,the-maelstrom,192,demonhunter,havoc,12,2,10
Riplocksz,outland,192,demonhunter,havoc,18,2,16
Zinzira,blackmoore,191,demonhunter,havoc,6,2,4
Fullmutter,twisting-nether,191,demonhunter,havoc,6,2,4
Lilarii,argent-dawn,191,demonhunter,havoc,12,2,10
Baphumet,zuljin,191,demonhunter,havoc,12,2,10
Illidori,sunstrider,191,demonhunter,havoc,12,2,10
Noorrd,hyjal,191,demonhunter,havoc,12,2,10
Manjirosano,blackmoore,191,demonhunter,havoc,12,2,10
Kurox,drakthul,191,demonhunter,havoc,18,2,16
Onorera,tarren-mill,160,demonhunter,havoc,10,2,8
Kalinda,sanguino,159,demonhunter,havoc,5,2,3
Galafel,outland,159,demonhunter,havoc,5,2,3
Misswillydan,ravencrest,159,demonhunter,havoc,5,2,3
Gucknicht,blackrock,144,demonhunter,havoc,9,2,7
Novacáne,silvermoon,138,demonhunter,havoc,9,4,5
Видхант,soulflayer,138,demonhunter,havoc,8,3,5
Razerøø,ysondre,138,demonhunter,havoc,9,3,6
Hárald,sanguino,138,demonhunter,havoc,10,3,7
Kantklipper,ragnaros,138,demonhunter,havoc,10,3,7
Sorondos,ravencrest,138,demonhunter,havoc,12,3,9
Мегапташка,howling-fjord,128,demonhunter,havoc,4,2,2
Aradh,hyjal,128,demonhunter,havoc,4,2,2
Элледарий,soulflayer,128,demonhunter,havoc,4,2,2
Yuui,silvermoon,128,demonhunter,havoc,4,2,2
Valexya,pozzo-delleternità,128,demonhunter,havoc,4,2,2
Izanawi,outland,127,demonhunter,havoc,8,2,6
Indagatrix,bladefist,112,demonhunter,havoc,7,2,5
Chicorycofee,archimonde,96,demonhunter,havoc,3,2,1
Demoncarlios,blackhand,96,demonhunter,havoc,3,2,1
Antbroo,twisting-nether,96,demonhunter,havoc,3,2,1
Possíble,kazzak,96,demonhunter,havoc,9,2,7
Рвей,howling-fjord,96,demonhunter,havoc,6,1,5
Ellare,burning-blade,96,demonhunter,havoc,6,1,5
Zarafel,hyjal,96,demonhunter,havoc,6,1,5
Ryuhayabusa,stormscale,96,demonhunter,havoc,6,1,5
ßaßayaga,blackhand,96,demonhunter,havoc,6,1,5
Kuñkkïsh,twisting-nether,96,demonhunter,havoc,6,1,5
Jimbarend,argent-dawn,96,demonhunter,havoc,6,1,5
Saulhax,sylvanas,96,demonhunter,havoc,6,1,5
Fisseslayer,ravencrest,96,demonhunter,havoc,6,1,5
Stân,tarren-mill,96,demonhunter,havoc,6,1,5
Frizzy,dethecus,96,demonhunter,havoc,6,1,5
Josedh,twisting-nether,96,demonhunter,havoc,6,1,5
Remagon,thrall,96,demonhunter,havoc,6,1,5
Mizuri,sylvanas,96,demonhunter,havoc,6,1,5
Dhgoddess,ravencrest,96,demonhunter,havoc,6,1,5
Maikko,los-errantes,96,demonhunter,havoc,6,1,5
Vg,blackhand,96,demonhunter,havoc,6,1,5
Anät,twisting-nether,96,demonhunter,havoc,6,1,5
Grobax,uldaman,96,demonhunter,havoc,6,1,5
Askari,lothar,96,demonhunter,havoc,6,1,5
Nairu,doomhammer,96,demonhunter,havoc,6,1,5
Танукигодх,gordunni,96,demonhunter,havoc,6,1,5
Fyy,sylvanas,96,demonhunter,havoc,6,1,5
Azazël,turalyon,96,demonhunter,havoc,6,1,5
Permachill,blackmoore,96,demonhunter,havoc,6,1,5
Syldrae,hyjal,96,demonhunter,havoc,6,1,5
Nizano,kult-der-verdammten,96,demonhunter,havoc,6,1,5
Kâtsumî,archimonde,96,demonhunter,havoc,6,1,5
Bootyspread,twisting-nether,96,demonhunter,havoc,6,1,5
Roxany,aszune,96,demonhunter,havoc,6,1,5
Ðévx,argent-dawn,96,demonhunter,havoc,6,1,5
Akron,magtheridon,96,demonhunter,havoc,6,1,5
Kinderbueno,the-maelstrom,96,demonhunter,havoc,6,1,5
Illiwonka,outland,96,demonhunter,havoc,6,1,5
Reikuel,nemesis,96,demonhunter,havoc,6,1,5
Unk,outland,96,demonhunter,havoc,6,1,5
Dhmónster,blackrock,96,demonhunter,havoc,6,1,5
Ghetzlel,draenor,96,demonhunter,havoc,6,1,5
Nutragehonda,twisting-nether,96,demonhunter,havoc,6,1,5
Locomotiv,twisting-nether,96,demonhunter,havoc,6,1,5
Bizchazi,outland,96,demonhunter,havoc,6,1,5
Найлинель,fordragon,96,demonhunter,havoc,6,1,5
Áarón,der-mithrilorden,96,demonhunter,havoc,6,1,5
Csav,ragnaros,96,demonhunter,havoc,6,1,5
Zyfu,antonidas,96,demonhunter,havoc,6,1,5
Fantamazing,ragnaros,96,demonhunter,havoc,6,1,5
Tyhop,ragnaros,96,demonhunter,havoc,6,1,5
Abere,drakthul,96,demonhunter,havoc,6,1,5
Speedyusus,silvermoon,96,demonhunter,havoc,6,1,5
Demonlia,blackrock,96,demonhunter,havoc,6,1,5
Mashaz,archimonde,96,demonhunter,havoc,6,1,5
Ellsie,archimonde,96,demonhunter,havoc,6,1,5
Cruptiq,kazzak,96,demonhunter,havoc,6,1,5
Чесденьгамии,soulflayer,96,demonhunter,havoc,6,1,5
Bradzdh,outland,96,demonhunter,havoc,6,1,5
Esthá,argent-dawn,96,demonhunter,havoc,6,1,5
Cirylia,blackrock,96,demonhunter,havoc,6,1,5
Styggve,ragnaros,96,demonhunter,havoc,6,1,5
Fertriz,arthas,96,demonhunter,havoc,6,1,5
Tareni,frostwolf,96,demonhunter,havoc,6,1,5
Ergoo,blackmoore,96,demonhunter,havoc,6,1,5
Bïquette,ysondre,96,demonhunter,havoc,6,1,5
Winchestèr,draenor,96,demonhunter,havoc,6,1,5
Булёхинс,howling-fjord,96,demonhunter,havoc,6,1,5
Soulpurge,twisting-nether,96,demonhunter,havoc,6,1,5
Спокоивич,soulflayer,96,demonhunter,havoc,6,1,5
Zaracky,khaz-modan,96,demonhunter,havoc,6,1,5
Kassin,dun-modr,96,demonhunter,havoc,6,1,5
Jiínx,kazzak,96,demonhunter,havoc,6,1,5
Тадждх,howling-fjord,96,demonhunter,havoc,6,1,5
Louú,blackmoore,96,demonhunter,havoc,6,1,5
Demlilith,kazzak,96,demonhunter,havoc,6,1,5
Соларт,howling-fjord,96,demonhunter,havoc,6,1,5
Niqel,blackrock,96,demonhunter,havoc,6,1,5
Avandar,burning-legion,96,demonhunter,havoc,6,1,5
Эрсидия,gordunni,96,demonhunter,havoc,6,1,5
Ripgodx,bronzebeard,96,demonhunter,havoc,6,1,5
Dýlän,argent-dawn,96,demonhunter,havoc,6,1,5
Burritodh,tarren-mill,96,demonhunter,havoc,6,1,5
Гоорыныч,howling-fjord,96,demonhunter,havoc,6,1,5
Bröwnye,dun-modr,96,demonhunter,havoc,6,1,5
Alaw,anachronos,96,demonhunter,havoc,6,1,5
Chronic,die-aldor,96,demonhunter,havoc,6,1,5
Camotheck,stormscale,96,demonhunter,havoc,6,1,5
Аззазэль,howling-fjord,96,demonhunter,havoc,6,1,5
Oob,ysondre,96,demonhunter,havoc,6,1,5
Youngføtmx,blackrock,96,demonhunter,havoc,6,1,5
Lílynn,antonidas,96,demonhunter,havoc,6,1,5
Benaska,twisting-nether,96,demonhunter,havoc,6,1,5
Demongorgon,arathor,96,demonhunter,havoc,6,1,5
Shaelby,archimonde,96,demonhunter,havoc,6,1,5
Pêrsephôné,blackmoore,96,demonhunter,havoc,6,1,5
Äzot,burning-legion,96,demonhunter,havoc,6,1,5
Shonal,defias-brotherhood,96,demonhunter,havoc,6,1,5
Satela,azjolnerub,96,demonhunter,havoc,6,1,5
Acrius,twisting-nether,96,demonhunter,havoc,6,1,5
Medena,nemesis,96,demonhunter,havoc,6,1,5
Rëdencounter,ravencrest,96,demonhunter,havoc,6,1,5
Loreleyy,stormscale,96,demonhunter,havoc,6,1,5
Stormma,kazzak,96,demonhunter,havoc,6,1,5
Распилил,gordunni,96,demonhunter,havoc,6,1,5
Tønyx,dalaran,96,demonhunter,havoc,6,1,5
Tiina,daggerspine,96,demonhunter,havoc,6,1,5
Valkyal,nemesis,96,demonhunter,havoc,6,1,5
Xuruleitor,uldum,96,demonhunter,havoc,6,1,5
Nargyla,magtheridon,96,demonhunter,havoc,6,1,5
Romancutza,tarren-mill,96,demonhunter,havoc,6,1,5
Annee,eredar,96,demonhunter,havoc,6,1,5
Skyfo,khadgar,96,demonhunter,havoc,6,1,5
Flasqo,eredar,96,demonhunter,havoc,6,1,5
Zoer,kazzak,96,demonhunter,havoc,6,1,5
Ilovesabrina,dun-modr,96,demonhunter,havoc,6,1,5
Nætx,ravencrest,96,demonhunter,havoc,6,1,5
Laethas,twisting-nether,96,demonhunter,havoc,6,1,5
Wiizzs,defias-brotherhood,96,demonhunter,havoc,6,1,5
Demonhapo,pozzo-delleternità,96,demonhunter,havoc,6,1,5
Evangelios,ravencrest,96,demonhunter,havoc,6,1,5
Sadclownz,blackrock,96,demonhunter,havoc,6,1,5
Mlecznygolem,silvermoon,96,demonhunter,havoc,6,1,5
Pkdaemon,draenor,96,demonhunter,havoc,6,1,5
Teimotevey,silvermoon,96,demonhunter,havoc,6,1,5
Blulake,silvermoon,96,demonhunter,havoc,6,1,5
Бонятяф,gordunni,96,demonhunter,havoc,12,1,11
Jásírá,shattrath,96,demonhunter,havoc,12,1,11
Диэльва,eversong,96,demonhunter,havoc,12,1,11
Anänke,twisting-nether,96,demonhunter,havoc,12,1,11
Shaliel,madmortem,96,demonhunter,havoc,12,1,11
Babyyéah,sunstrider,96,demonhunter,havoc,12,1,11
Ecthelionn,outland,96,demonhunter,havoc,12,1,11
Vasudev,blades-edge,96,demonhunter,havoc,13,1,12
Illemnorh,auchindoun,96,demonhunter,havoc,14,1,13
Sctrippi,frostwolf,96,demonhunter,havoc,18,1,17
Shinarei,silvermoon,95,demonhunter,havoc,6,1,5
Виллидж,gordunni,79,demonhunter,havoc,5,2,3
Caluxe,blackmoore,79,demonhunter,havoc,5,1,4
Cocaineflyin,tarren-mill,79,demonhunter,havoc,5,1,4
Violend,blackmoore,64,demonhunter,havoc,4,1,3
Nrage,darkspear,48,demonhunter,havoc,3,1,2
Impulz,archimonde,42,demonhunter,havoc,9,2,7
Nibør,doomhammer,31,demonhunter,havoc,2,1,1
Neednerf,draenor,31,demonhunter,havoc,2,1,1
Frozensoules,turalyon,31,demonhunter,havoc,8,1,7
Vengeancezin,frostwhisper,1978,demonhunter,vengeance,222,115,107
Yamehd,stormreaver,1569,demonhunter,vengeance,66,34,32
Strqt,archimonde,1509,demonhunter,vengeance,66,35,31
Thewalker,argent-dawn,1496,demonhunter,vengeance,110,49,61
Zarín,outland,1394,demonhunter,vengeance,78,41,37
Paindemon,outland,1182,demonhunter,vengeance,144,73,71
Qvn,sylvanas,1105,demonhunter,vengeance,26,12,14
Damodex,grim-batol,1076,demonhunter,vengeance,80,31,49
Dæmyst,outland,1053,demonhunter,vengeance,66,20,46
Enithy,twisting-nether,934,demonhunter,vengeance,18,10,8
Сумърак,grom,894,demonhunter,vengeance,35,10,25
Kubusz,ravencrest,885,demonhunter,vengeance,48,22,26
Avye,tichondrius,672,demonhunter,vengeance,18,7,11
Arussil,pozzo-delleternità,663,demonhunter,vengeance,24,7,17
Kekburagól,kazzak,575,demonhunter,vengeance,12,6,6
Камуи,gordunni,478,demonhunter,vengeance,18,5,13
Quavanity,sylvanas,384,demonhunter,vengeance,18,4,14
Gauchino,aegwynn,287,demonhunter,vengeance,12,3,9
Demonlucy,colinas-pardas,287,demonhunter,vengeance,12,3,9
Zarafel,hyjal,280,demonhunter,vengeance,24,3,21
Askari,lothar,192,demonhunter,vengeance,6,2,4
Dharuel,cthun,192,demonhunter,vengeance,6,2,4
Camtoe,ravencrest,192,demonhunter,vengeance,6,2,4
Геммула,howling-fjord,192,demonhunter,vengeance,6,2,4
Nephthyis,draenor,192,demonhunter,vengeance,6,2,4
Tôrxy,antonidas,192,demonhunter,vengeance,6,2,4
Bigmóm,stormscale,192,demonhunter,vengeance,12,2,10
Макай,deathguard,191,demonhunter,vengeance,6,2,4
Myztiko,hellscream,96,demonhunter,vengeance,6,1,5
Блъя,gordunni,96,demonhunter,vengeance,6,1,5
Kuzchooh,dalaran,96,demonhunter,vengeance,6,1,5
Øß,moonglade,96,demonhunter,vengeance,6,1,5
Xenits,kazzak,96,demonhunter,vengeance,6,1,5
Håbibi,kazzak,2280,druid,restoration,131,74,57
Hibibi,kazzak,2278,druid,restoration,149,90,59
Kókushibò,archimonde,2273,druid,restoration,109,70,39
Vinniehacker,archimonde,2271,druid,restoration,95,57,38
Sqx,ravencrest,2263,druid,restoration,310,169,141
Nesedondon,stormscale,2188,druid,restoration,118,77,41
Lúh,kazzak,2185,druid,restoration,126,87,39
Pegasu,kelthuzad,2182,druid,restoration,114,66,48
Vanostboom,kazzak,2181,druid,restoration,88,50,38
Kev,elune,2172,druid,restoration,304,165,139
Unohanâ,archimonde,2166,druid,restoration,168,100,68
Miouzy,archimonde,2156,druid,restoration,66,36,30
Zaeli,archimonde,2147,druid,restoration,72,40,32
Trèes,outland,2147,druid,restoration,395,210,185
Thotz,kazzak,2147,druid,restoration,298,156,142
Maldrýn,stormscale,2140,druid,restoration,53,32,21
Acondris,ravencrest,2135,druid,restoration,277,140,137
Yoogy,ravencrest,2133,druid,restoration,72,45,27
Kætachy,archimonde,2129,druid,restoration,173,90,83
Surfingbirdx,ragnaros,2126,druid,restoration,66,33,33
Drjmy,silvermoon,2125,druid,restoration,107,76,31
Dokixo,kazzak,2121,druid,restoration,65,38,27
Zonsy,twisting-nether,2116,druid,restoration,94,60,34
Hånukkah,outland,2101,druid,restoration,129,65,64
Syví,outland,2093,druid,restoration,124,65,59
Quabo,doomhammer,2069,druid,restoration,494,269,225
Chas,ravencrest,2063,druid,restoration,98,57,41
Rives,sylvanas,2061,druid,restoration,156,87,69
Píshi,silvermoon,2041,druid,restoration,90,49,41
Niksidruid,grim-batol,2037,druid,restoration,70,40,30
Shiftyshaft,tarren-mill,2030,druid,restoration,283,165,118
Ovérheal,ravencrest,2023,druid,restoration,124,70,54
Leyô,archimonde,2023,druid,restoration,96,49,47
Druidomedio,pozzo-delleternità,2020,druid,restoration,60,38,22
Sintiq,silvermoon,2020,druid,restoration,77,42,35
Maxpojke,ravencrest,2019,druid,restoration,184,115,69
Galadronìa,aegwynn,2018,druid,restoration,77,42,35
Trèes,draenor,2015,druid,restoration,118,62,56
Pobrica,stormscale,2013,druid,restoration,95,51,44
Yseraheal,drakthul,2011,druid,restoration,252,142,110
Rhonir,twisting-nether,2009,druid,restoration,189,100,89
Friedbrocolí,tarren-mill,2009,druid,restoration,86,43,43
Doodlez,blackrock,2008,druid,restoration,136,69,67
Druidrak,eredar,2006,druid,restoration,90,44,46
Threesixnìne,dun-morogh,2001,druid,restoration,390,207,183
Bambambimbim,draenor,1998,druid,restoration,102,52,50
Thebiggest,ravencrest,1997,druid,restoration,60,37,23
Nantou,stormscale,1993,druid,restoration,208,103,105
Clone,aegwynn,1991,druid,restoration,298,160,138
Traick,antonidas,1990,druid,restoration,71,36,35
Shinöbü,sanguino,1989,druid,restoration,99,56,43
Hyggefinger,ravencrest,1988,druid,restoration,96,48,48
Iloveher,ravencrest,1981,druid,restoration,165,89,76
Jaytiz,ravencrest,1975,druid,restoration,65,33,32
Asgá,stormscale,1972,druid,restoration,36,26,10
Alolexx,archimonde,1971,druid,restoration,81,45,36
Tjxaxa,ravencrest,1966,druid,restoration,78,38,40
Renewer,argent-dawn,1965,druid,restoration,57,28,29
Dendariottvx,sunstrider,1963,druid,restoration,97,52,45
Shredzz,ravencrest,1962,druid,restoration,60,28,32
Druidello,stormscale,1960,druid,restoration,70,35,35
Druidella,stormscale,1955,druid,restoration,60,32,28
Thysabtw,archimonde,1954,druid,restoration,99,58,41
Sheippi,stormreaver,1954,druid,restoration,120,61,59
Uñsullied,kazzak,1952,druid,restoration,123,60,63
Skrood,kazzak,1946,druid,restoration,72,37,35
Theatrex,ravencrest,1945,druid,restoration,165,100,65
Druu,stormscale,1945,druid,restoration,78,38,40
Angrykejton,silvermoon,1940,druid,restoration,276,138,138
Ûnsullied,kazzak,1940,druid,restoration,131,64,67
Heçtôr,silvermoon,1934,druid,restoration,113,54,59
Stevedru,ravencrest,1933,druid,restoration,36,22,14
Sasosins,ravencrest,1929,druid,restoration,99,50,49
Kyomã,burning-legion,1928,druid,restoration,168,83,85
Cplazi,kazzak,1917,druid,restoration,60,34,26
Bloomitize,ravencrest,1916,druid,restoration,96,50,46
Sprøut,drakthul,1916,druid,restoration,118,53,65
Fantastix,silvermoon,1912,druid,restoration,138,79,59
Chacopic,archimonde,1912,druid,restoration,210,112,98
Traickovic,antonidas,1909,druid,restoration,60,31,29
Beesoup,blackrock,1905,druid,restoration,152,82,70
Traffix,outland,1904,druid,restoration,57,29,28
Joksica,draenor,1903,druid,restoration,65,32,33
Foxyfeet,outland,1901,druid,restoration,60,36,24
Granquercia,nemesis,1900,druid,restoration,96,60,36
Buffshaman,sylvanas,1897,druid,restoration,72,34,38
Nediena,twisting-nether,1896,druid,restoration,72,36,36
Naffelle,ysondre,1896,druid,restoration,101,49,52
Solowlevel,ravencrest,1894,druid,restoration,72,33,39
Eduarda,dun-modr,1893,druid,restoration,90,40,50
Arthéas,archimonde,1892,druid,restoration,186,96,90
Åä,ravencrest,1888,druid,restoration,38,23,15
Adokai,alleria,1888,druid,restoration,96,46,50
Asøri,antonidas,1883,druid,restoration,54,25,29
Rhapsodý,twisting-nether,1880,druid,restoration,60,35,25
Lunamimi,argent-dawn,1878,druid,restoration,380,193,187
Tedel,kazzak,1877,druid,restoration,81,50,31
Amaré,burning-legion,1873,druid,restoration,114,57,57
Matteps,outland,1873,druid,restoration,119,58,61
Builtdiffy,kazzak,1872,druid,restoration,432,230,202
Spamclone,draenor,1872,druid,restoration,63,33,30
Georn,sylvanas,1869,druid,restoration,98,53,45
Reins,silvermoon,1867,druid,restoration,178,95,83
Ralaa,guldan,1865,druid,restoration,54,29,25
Skrrlock,ravencrest,1865,druid,restoration,114,54,60
Aesha,los-errantes,1864,druid,restoration,60,31,29
Afky,stormreaver,1863,druid,restoration,180,87,93
Jìnró,ravencrest,1862,druid,restoration,159,79,80
Thugzie,kazzak,1862,druid,restoration,232,112,120
Myndrá,varimathras,1856,druid,restoration,102,52,50
Bamsemoms,sylvanas,1855,druid,restoration,54,27,27
Jamuhlee,kult-der-verdammten,1854,druid,restoration,67,31,36
Pll,defias-brotherhood,1853,druid,restoration,153,87,66
Starsyo,twisting-nether,1851,druid,restoration,142,85,57
Lalalime,arthas,1851,druid,restoration,64,31,33
Asaj,argent-dawn,1850,druid,restoration,341,186,155
Naraia,aegwynn,1850,druid,restoration,221,118,103
Moondra,outland,1849,druid,restoration,143,70,73
Jmdr,silvermoon,1848,druid,restoration,77,32,45
Andr,voljin,1846,druid,restoration,149,70,79
Kryptonîte,twisting-nether,1843,druid,restoration,64,32,32
Ishiftmyself,pozzo-delleternità,1841,druid,restoration,60,30,30
Køngx,blackhand,1840,druid,restoration,131,68,63
Хлайси,gordunni,1840,druid,restoration,54,25,29
Дикаякиара,blackscar,1838,druid,restoration,427,215,212
Skillfall,ravencrest,1837,druid,restoration,102,51,51
Ammare,burning-legion,1836,druid,restoration,120,63,57
Mafiasnipe,ravencrest,1835,druid,restoration,42,26,16
Делоникс,soulflayer,1832,druid,restoration,96,46,50
Telary,baelgun,1830,druid,restoration,48,29,19
Slayced,blackrock,1829,druid,restoration,83,43,40
Kìttÿ,dun-modr,1828,druid,restoration,66,41,25
Funnyjoker,outland,1825,druid,restoration,294,153,141
Улдрэйн,deathguard,1824,druid,restoration,177,98,79
Gummysnake,aszune,1823,druid,restoration,42,25,17
Treliuz,twilights-hammer,1823,druid,restoration,346,190,156
Naruhot,archimonde,1822,druid,restoration,97,54,43
Yesco,malganis,1821,druid,restoration,63,27,36
Lunglung,blutkessel,1819,druid,restoration,204,112,92
Stiffýz,archimonde,1819,druid,restoration,60,29,31
Panørax,archimonde,1819,druid,restoration,71,33,38
Plantpuzzl,silvermoon,1818,druid,restoration,243,120,123
Erika,vashj,1817,druid,restoration,120,67,53
Helløkittyßß,dun-modr,1817,druid,restoration,645,333,312
Sorryblya,ravencrest,1817,druid,restoration,94,43,51
Skadooshee,kazzak,1816,druid,restoration,36,19,17
Bjoernbrudn,ravencrest,1816,druid,restoration,72,36,36
Bëstwôrld,archimonde,1815,druid,restoration,130,68,62
Migami,nemesis,1815,druid,restoration,113,54,59
Xvmon,draenor,1815,druid,restoration,99,45,54
Notsikaan,blackhand,1815,druid,restoration,83,37,46
Lyalis,kazzak,1814,druid,restoration,71,37,34
Diolives,stormscale,1813,druid,restoration,446,236,210
Metagrass,stormscale,1812,druid,restoration,147,67,80
Troc,karazhan,1811,druid,restoration,50,25,25
Terenzyo,veklor,1808,druid,restoration,36,19,17
Celéry,silvermoon,1807,druid,restoration,45,27,18
Mentallyill,ravencrest,1807,druid,restoration,222,108,114
Panigale,dun-modr,1807,druid,restoration,160,75,85
Muraglia,pozzo-delleternità,1806,druid,restoration,30,19,11
Morkius,ravencrest,1806,druid,restoration,36,19,17
Мафио,blackscar,1805,druid,restoration,48,25,23
Jimpä,outland,1804,druid,restoration,78,47,31
Çãm,magtheridon,1804,druid,restoration,173,101,72
Kokanine,ravencrest,1804,druid,restoration,81,46,35
Shiftycents,ravencrest,1803,druid,restoration,54,31,23
Epicskin,kazzak,1803,druid,restoration,107,60,47
Riplilpeep,grim-batol,1803,druid,restoration,54,28,26
Gaeldeth,silvermoon,1802,druid,restoration,105,63,42
Qjkuug,ravencrest,1802,druid,restoration,88,47,41
Clonesy,outland,1800,druid,restoration,48,26,22
Wraithshape,stormscale,1800,druid,restoration,60,32,28
Maedic,outland,1799,druid,restoration,233,118,115
Hadok,azjolnerub,1798,druid,restoration,167,76,91
Bellatrx,darksorrow,1797,druid,restoration,86,48,38
Крашдру,gordunni,1796,druid,restoration,112,64,48
Кенкертайм,gordunni,1794,druid,restoration,84,43,41
Wømbat,ravencrest,1794,druid,restoration,66,31,35
Nastycat,magtheridon,1793,druid,restoration,251,122,129
Asklepion,twisting-nether,1785,druid,restoration,42,19,23
Tommix,ravencrest,1781,druid,restoration,55,28,27
Dyloxe,silvermoon,1781,druid,restoration,48,24,24
Lexopewpew,ravencrest,1779,druid,restoration,47,22,25
Zydrux,outland,1778,druid,restoration,54,37,17
Афклалка,gordunni,1778,druid,restoration,42,22,20
Promethezine,tarren-mill,1777,druid,restoration,444,227,217
Loleh,ragnaros,1776,druid,restoration,95,47,48
Evílz,kazzak,1774,druid,restoration,52,29,23
Amaree,burning-legion,1774,druid,restoration,131,59,72
Tj,frostmane,1773,druid,restoration,52,22,30
Baawz,blackmoore,1772,druid,restoration,132,56,76
Muminoses,burning-legion,1769,druid,restoration,113,62,51
Lindorel,khaz-modan,1769,druid,restoration,156,79,77
Crìmz,aszune,1767,druid,restoration,105,45,60
Gøðførm,silvermoon,1765,druid,restoration,184,96,88
Kùrámágødx,ravencrest,1764,druid,restoration,41,19,22
Ltmx,ravencrest,1764,druid,restoration,59,25,34
Happypeanut,blackmoore,1763,druid,restoration,51,28,23
Zekmvp,silvermoon,1763,druid,restoration,155,73,82
Ninadobrev,ragnaros,1762,druid,restoration,63,31,32
Kittyperry,tarren-mill,1758,druid,restoration,141,73,68
Wéédmâñ,ravencrest,1756,druid,restoration,45,30,15
Kanyevotèrx,ravencrest,1756,druid,restoration,102,41,61
Sangré,suramar,1753,druid,restoration,220,113,107
Isquatbrah,tarren-mill,1753,druid,restoration,57,22,35
Брэвно,gordunni,1752,druid,restoration,411,222,189
Hizzy,burning-legion,1751,druid,restoration,243,119,124
Lamatoes,ravencrest,1750,druid,restoration,59,24,35
Yö,deathwing,1749,druid,restoration,201,110,91
Mòzat,stormscale,1749,druid,restoration,54,28,26
Shiftypenny,ragnaros,1749,druid,restoration,41,21,20
Weezíng,ysondre,1747,druid,restoration,73,40,33
Olaphy,elune,1745,druid,restoration,463,234,229
Джелони,soulflayer,1745,druid,restoration,47,23,24
Bigborst,ravencrest,1744,druid,restoration,68,46,22
Badashellm,ravencrest,1744,druid,restoration,66,37,29
Lyricx,kazzak,1744,druid,restoration,54,26,28
Тэддибиар,gordunni,1737,druid,restoration,89,59,30
Велаине,gordunni,1737,druid,restoration,417,227,190
Feelstreeman,twisting-nether,1736,druid,restoration,182,104,78
Monatamis,kazzak,1734,druid,restoration,114,65,49
Exzotic,ravencrest,1734,druid,restoration,48,26,22
Wörstplayêr,archimonde,1733,druid,restoration,42,21,21
Vijaja,aegwynn,1732,druid,restoration,88,51,37
Bellhooks,blackrock,1731,druid,restoration,42,28,14
Naphé,ysondre,1731,druid,restoration,60,38,22
Elviiradruid,tarren-mill,1731,druid,restoration,79,44,35
Dóodlez,aegwynn,1731,druid,restoration,45,23,22
Lfsecondreju,ravencrest,1730,druid,restoration,30,22,8
Drøødis,archimonde,1730,druid,restoration,54,31,23
Deretus,blackmoore,1725,druid,restoration,46,19,27
Филавтия,gordunni,1724,druid,restoration,60,32,28
Bigmeandruid,twisting-nether,1724,druid,restoration,66,33,33
Ystalgia,sylvanas,1722,druid,restoration,78,39,39
Tommiz,silvermoon,1720,druid,restoration,36,18,18
Georn,bladefist,1719,druid,restoration,87,58,29
Sprøutt,drakthul,1719,druid,restoration,36,18,18
Treeførm,ravencrest,1718,druid,restoration,59,36,23
Hyggef,ravencrest,1718,druid,restoration,48,22,26
Luhmanish,thunderhorn,1716,druid,restoration,154,81,73
Лабирошка,blackscar,1714,druid,restoration,60,24,36
Soguu,thrall,1711,druid,restoration,42,24,18
Хуссипусси,galakrond,1711,druid,restoration,65,36,29
Siaz,archimonde,1711,druid,restoration,59,31,28
Isitbleedin,silvermoon,1711,druid,restoration,54,24,30
Muraebbasta,pozzo-delleternità,1709,druid,restoration,42,18,24
Hólo,blackrock,1708,druid,restoration,168,81,87
Kvalitet,outland,1708,druid,restoration,127,59,68
Rozi,draenor,1705,druid,restoration,65,38,27
Wraithmoon,stormscale,1705,druid,restoration,36,18,18
Ittei,korgall,1704,druid,restoration,156,86,70
Bigorkey,blackrock,1704,druid,restoration,301,156,145
Synapes,outland,1704,druid,restoration,105,51,54
Lifelover,outland,1704,druid,restoration,60,28,32
Nevax,blackrock,1700,druid,restoration,36,18,18
Bibeed,blackmoore,1699,druid,restoration,48,22,26
Qjkuug,twisting-nether,1695,druid,restoration,196,110,86
Josedudu,twisting-nether,1692,druid,restoration,75,37,38
Drèamer,ravencrest,1692,druid,restoration,54,25,29
Fryén,archimonde,1690,druid,restoration,111,52,59
Tunling,ravencrest,1687,druid,restoration,123,78,45
Crownydrood,hyjal,1687,druid,restoration,66,39,27
Eedaza,argent-dawn,1687,druid,restoration,176,91,85
Kroghelf,tarren-mill,1687,druid,restoration,52,25,27
Luminøuz,outland,1686,druid,restoration,108,54,54
Чекхмеаскохз,gordunni,1685,druid,restoration,90,51,39
Cioban,stormscale,1683,druid,restoration,222,114,108
Tooclosex,outland,1682,druid,restoration,182,99,83
Кекичан,howling-fjord,1682,druid,restoration,65,26,39
Pogoth,turalyon,1680,druid,restoration,228,118,110
Дуггизавр,howling-fjord,1680,druid,restoration,35,18,17
Akumei,ravencrest,1676,druid,restoration,47,24,23
Øhshift,drakthul,1674,druid,restoration,65,33,32
Praetorian,sylvanas,1674,druid,restoration,369,181,188
Woohoo,ravencrest,1673,druid,restoration,36,21,15
Zhosy,shattrath,1673,druid,restoration,79,33,46
Cøwgirl,draenor,1670,druid,restoration,78,40,38
Lxstcentury,stormscale,1669,druid,restoration,36,19,17
Fabsl,archimonde,1667,druid,restoration,93,48,45
Nasduck,ravencrest,1666,druid,restoration,298,153,145
Olympïee,archimonde,1665,druid,restoration,42,23,19
Zmira,outland,1665,druid,restoration,60,27,33
Elayria,blackmoore,1663,druid,restoration,36,19,17
Аренатренер,gordunni,1663,druid,restoration,203,102,101
Ксенона,gordunni,1663,druid,restoration,60,30,30
Artichte,archimonde,1662,druid,restoration,66,39,27
Tamburoo,tarren-mill,1662,druid,restoration,375,187,188
Pavelot,runetotem,1661,druid,restoration,113,60,53
Heavysmoker,emeriss,1659,druid,restoration,258,125,133
Néøu,archimonde,1658,druid,restoration,60,29,31
Demerit,aegwynn,1657,druid,restoration,32,18,14
Sélia,sylvanas,1657,druid,restoration,116,57,59
Taurvid,outland,1657,druid,restoration,41,18,23
Miyá,sylvanas,1656,druid,restoration,70,39,31
Bâneth,destromath,1656,druid,restoration,60,33,27
Andromedda,twisting-nether,1656,druid,restoration,215,115,100
Ilarilén,blackmoore,1655,druid,restoration,96,49,47
Bulldócer,sanguino,1654,druid,restoration,116,55,61
Doodougie,silvermoon,1653,druid,restoration,76,37,39
Ýanux,aegwynn,1652,druid,restoration,34,22,12
Zudwa,twisting-nether,1651,druid,restoration,62,37,25
Diriculous,kazzak,1651,druid,restoration,183,84,99
Shufflebot,sylvanas,1650,druid,restoration,36,22,14
Estariol,auchindoun,1650,druid,restoration,42,18,24
Doktordudu,drakthul,1648,druid,restoration,116,42,74
Slaugh,zuljin,1646,druid,restoration,54,22,32
Mortalnight,sinstralis,1642,druid,restoration,532,266,266
Toddler,twisting-nether,1641,druid,restoration,52,19,33
Kyssope,chants-éternels,1640,druid,restoration,42,25,17
Hatecrew,twisting-nether,1640,druid,restoration,101,60,41
Sintiq,stormscale,1638,druid,restoration,48,25,23
Mònsterz,archimonde,1637,druid,restoration,207,111,96
Абраг,soulflayer,1637,druid,restoration,72,36,36
Adjaara,ravencrest,1635,druid,restoration,115,68,47
Pardus,ambossar,1635,druid,restoration,50,27,23
Demiannie,argent-dawn,1634,druid,restoration,165,89,76
Uknowwhaddup,silvermoon,1634,druid,restoration,108,51,57
Jnzymiau,blackrock,1630,druid,restoration,126,74,52
Ekexd,grim-batol,1630,druid,restoration,48,26,22
Cæsífer,area-52,1630,druid,restoration,71,37,34
Plsbuffdruid,ravencrest,1630,druid,restoration,40,19,21
Prayx,dalaran,1629,druid,restoration,71,38,33
Asga,stormscale,1628,druid,restoration,30,17,13
Rougetreize,khaz-modan,1627,druid,restoration,54,31,23
Watchmebear,stormscale,1627,druid,restoration,66,35,31
Чухх,howling-fjord,1627,druid,restoration,103,53,50
Nozome,draenor,1627,druid,restoration,135,66,69
Rêvétoile,sinstralis,1627,druid,restoration,197,91,106
Scorlok,eredar,1626,druid,restoration,134,77,57
Peterpain,grim-batol,1626,druid,restoration,30,17,13
Bunzor,sylvanas,1624,druid,restoration,42,23,19
Ёу,soulflayer,1624,druid,restoration,161,85,76
Ooktharg,turalyon,1624,druid,restoration,65,33,32
Farashh,archimonde,1624,druid,restoration,83,33,50
Tropjeune,dalaran,1623,druid,restoration,36,17,19
Demdeepconvx,twisting-nether,1623,druid,restoration,60,22,38
Hotsnthots,elune,1622,druid,restoration,48,24,24
Eldi,uldum,1622,druid,restoration,36,17,19
Chaboom,hyjal,1622,druid,restoration,60,25,35
Zevana,tarren-mill,1621,druid,restoration,42,23,19
Maiverdr,ravencrest,1621,druid,restoration,42,20,22
Опапенелопа,blackscar,1620,druid,restoration,45,30,15
Riddlerdruid,aegwynn,1619,druid,restoration,32,22,10
Миледистайпи,gordunni,1619,druid,restoration,32,18,14
Apokalypse,stormreaver,1619,druid,restoration,198,104,94
Twerkdabooty,azjolnerub,1619,druid,restoration,60,29,31
Zaelitwo,archimonde,1618,druid,restoration,54,36,18
Frances,auchindoun,1618,druid,restoration,63,36,27
Elu,eredar,1617,druid,restoration,48,28,20
Haszard,outland,1617,druid,restoration,134,68,66
Друлихаз,gordunni,1617,druid,restoration,54,20,34
Probablyahoe,ravencrest,1616,druid,restoration,42,21,21
Goldrax,outland,1615,druid,restoration,24,17,7
Bigdaddyshay,twisting-nether,1615,druid,restoration,42,24,18
Tåylor,laughing-skull,1615,druid,restoration,41,21,20
Buffbloom,auchindoun,1615,druid,restoration,183,93,90
Драменбейз,gordunni,1615,druid,restoration,42,20,22
Dûdûrînâ,blackrock,1614,druid,restoration,66,42,24
Kawèlz,archimonde,1614,druid,restoration,36,20,16
Neluun,die-aldor,1613,druid,restoration,60,39,21
Eyvimel,ravencrest,1613,druid,restoration,651,337,314
Billydruida,sanguino,1613,druid,restoration,42,20,22
Catgirlx,ravencrest,1612,druid,restoration,54,30,24
Fusetòn,tarren-mill,1610,druid,restoration,36,21,15
Mohyo,antonidas,1610,druid,restoration,134,77,57
Ына,gordunni,1610,druid,restoration,167,92,75
Skipperd,blackmoore,1610,druid,restoration,42,17,25
Xalio,ravencrest,1609,druid,restoration,161,90,71
Slimp,the-maelstrom,1608,druid,restoration,54,21,33
Didi,frostwhisper,1607,druid,restoration,202,110,92
Místergreen,ravencrest,1607,druid,restoration,48,23,25
Kheazar,blackmoore,1606,druid,restoration,115,69,46
Oceleaf,tarren-mill,1606,druid,restoration,46,21,25
Tarshish,outland,1605,druid,restoration,24,18,6
Блицклик,gordunni,1605,druid,restoration,148,73,75
Solutionx,aegwynn,1605,druid,restoration,80,33,47
Bîrke,blackrock,1604,druid,restoration,36,17,19
Youngdinozzo,dalaran,1603,druid,restoration,30,20,10
Donaarr,stormscale,1603,druid,restoration,122,56,66
Нубстримсс,gordunni,1602,druid,restoration,118,58,60
Viggez,outland,1601,druid,restoration,36,17,19
Ðarckness,kazzak,1600,druid,restoration,24,17,7
Zuuhhl,ravencrest,1600,druid,restoration,54,31,23
Swifte,argent-dawn,1600,druid,restoration,48,27,21
Dwaokut,ravencrest,1600,druid,restoration,242,125,117
Akmón,tarren-mill,1600,druid,restoration,58,20,38
Dïsä,ravencrest,1599,druid,restoration,30,17,13
Moonfinder,tarren-mill,1597,druid,restoration,60,29,31
Shaelx,nethersturm,1597,druid,restoration,60,28,32
Loltree,outland,1596,druid,restoration,54,26,28
Jackyblue,silvermoon,1596,druid,restoration,42,18,24
Wernøs,archimonde,1595,druid,restoration,81,38,43
Setztes,tarren-mill,1594,druid,restoration,352,184,168
Nancey,auchindoun,1594,druid,restoration,161,80,81
Kll,defias-brotherhood,1593,druid,restoration,42,21,21
Pawful,malganis,1592,druid,restoration,378,199,179
Folzenqt,archimonde,1590,druid,restoration,68,27,41
Kaamirach,blackmoore,1587,druid,restoration,190,113,77
Bêvêrly,ravencrest,1586,druid,restoration,70,37,33
Orayin,ravencrest,1586,druid,restoration,472,249,223
Bägira,sylvanas,1585,druid,restoration,362,194,168
Рамчег,gordunni,1584,druid,restoration,36,19,17
Homek,eredar,1584,druid,restoration,264,138,126
Ванечка,razuvious,1580,druid,restoration,72,26,46
Smightydr,silvermoon,1579,druid,restoration,71,32,39
Naridruidx,eredar,1578,druid,restoration,42,26,16
Ssonty,drakthul,1578,druid,restoration,93,43,50
Animaldoh,kazzak,1576,druid,restoration,66,27,39
Bjútiful,silvermoon,1574,druid,restoration,83,42,41
Möllemäck,sylvanas,1573,druid,restoration,80,50,30
Eeivi,argent-dawn,1570,druid,restoration,303,163,140
Rawri,blackmoore,1570,druid,restoration,104,51,53
Néllä,archimonde,1568,druid,restoration,108,64,44
Treedog,ravencrest,1568,druid,restoration,66,28,38
Fatøumatä,archimonde,1566,druid,restoration,96,44,52
Devastras,ravencrest,1564,druid,restoration,58,29,29
Pega,archimonde,1561,druid,restoration,153,72,81
Miyokô,grim-batol,1560,druid,restoration,96,51,45
Yzher,archimonde,1558,druid,restoration,43,25,18
Kundz,dalaran,1558,druid,restoration,160,88,72
Jagerdog,archimonde,1558,druid,restoration,39,18,21
Naturez,sylvanas,1557,druid,restoration,32,20,12
Bammedrudu,archimonde,1557,druid,restoration,54,32,22
Hashtagone,ysondre,1556,druid,restoration,105,56,49
Артекриодру,howling-fjord,1556,druid,restoration,60,31,29
Kasugia,aegwynn,1556,druid,restoration,48,20,28
Crïn,ravencrest,1553,druid,restoration,36,17,19
Druncha,sunstrider,1553,druid,restoration,189,74,115
Лапыбонги,lich-king,1550,druid,restoration,90,40,50
Bloompuf,draenor,1549,druid,restoration,260,127,133
Cheçhy,aegwynn,1548,druid,restoration,111,56,55
Bearform,blackhand,1548,druid,restoration,48,23,25
Khunahype,thrall,1546,druid,restoration,88,48,40
Nímbs,tarren-mill,1546,druid,restoration,75,37,38
Lyvuni,blackmoore,1543,druid,restoration,66,40,26
Рамзес,gordunni,1543,druid,restoration,105,55,50
Delviri,stormreaver,1543,druid,restoration,205,103,102
Lemicus,twisting-nether,1543,druid,restoration,72,30,42
Ihatemétoo,stormscale,1541,druid,restoration,100,51,49
Ldoctorl,ravencrest,1541,druid,restoration,88,42,46
Fredhqt,tarren-mill,1540,druid,restoration,52,30,22
Phelessa,silvermoon,1539,druid,restoration,54,23,31
Xoat,marécage-de-zangar,1538,druid,restoration,54,34,20
Мекс,gordunni,1537,druid,restoration,29,17,12
Уэсериктх,blackscar,1535,druid,restoration,51,28,23
Roshaga,blackrock,1535,druid,restoration,51,25,26
Директорх,blackscar,1534,druid,restoration,47,22,25
Лабирон,soulflayer,1534,druid,restoration,36,16,20
Nasgra,malganis,1534,druid,restoration,47,20,27
Trollisha,mannoroth,1533,druid,restoration,1628,800,828
Hideme,tarren-mill,1532,druid,restoration,203,105,98
Ráw,dun-modr,1532,druid,restoration,144,72,72
Ðès,ravencrest,1532,druid,restoration,156,72,84
Wagoneis,grim-batol,1531,druid,restoration,89,51,38
Sarxidor,defias-brotherhood,1531,druid,restoration,90,32,58
Styleexd,ragnaros,1530,druid,restoration,111,63,48
Icecöld,silvermoon,1529,druid,restoration,24,16,8
Eviscreator,stormscale,1529,druid,restoration,45,27,18
Lukass,drakthul,1528,druid,restoration,224,118,106
Kittý,terokkar,1528,druid,restoration,180,92,88
Beerform,ravencrest,1528,druid,restoration,45,17,28
Skailzdruid,hyjal,1527,druid,restoration,268,153,115
Hasselhoof,eredar,1526,druid,restoration,63,26,37
Shumamakan,nemesis,1525,druid,restoration,30,16,14
Baldurix,blackrock,1524,druid,restoration,50,25,25
Dârkacêû,blackmoore,1524,druid,restoration,91,44,47
Melonmanx,outland,1523,druid,restoration,30,17,13
Floka,archimonde,1523,druid,restoration,60,32,28
Felisin,ravencrest,1523,druid,restoration,41,21,20
Shiftway,stormscale,1522,druid,restoration,69,35,34
Nyxxz,shattered-hand,1521,druid,restoration,54,30,24
Фапдрим,howling-fjord,1521,druid,restoration,562,286,276
Bullander,sylvanas,1521,druid,restoration,36,16,20
Snuffurious,ragnaros,1520,druid,restoration,54,32,22
Друлёнышь,eversong,1518,druid,restoration,212,113,99
Oøom,stormscale,1518,druid,restoration,60,23,37
Caldino,tarren-mill,1516,druid,restoration,41,17,24
Halyconwings,outland,1515,druid,restoration,66,35,31
Deluron,malganis,1515,druid,restoration,194,99,95
Milkmepls,balnazzar,1514,druid,restoration,30,19,11
Нагетсмяу,howling-fjord,1514,druid,restoration,195,102,93
Utopiah,ravencrest,1513,druid,restoration,80,45,35
Supremecat,tarren-mill,1513,druid,restoration,102,57,45
Eaglefox,aszune,1513,druid,restoration,83,41,42
Latêralus,silvermoon,1513,druid,restoration,67,26,41
Лэвиш,blackscar,1512,druid,restoration,66,39,27
Сладуляя,gordunni,1512,druid,restoration,65,29,36
Tînkerbèll,blackmoore,1511,druid,restoration,41,22,19
Kiggstar,blackmoore,1511,druid,restoration,47,24,23
Dardargnan,throkferoth,1511,druid,restoration,71,31,40
Локотьдрева,gordunni,1511,druid,restoration,48,19,29
Swisz,bronzebeard,1510,druid,restoration,113,57,56
Buckié,twisting-nether,1509,druid,restoration,97,51,46
Dartdogg,sanguino,1509,druid,restoration,89,37,52
Azchuk,blackmoore,1509,druid,restoration,53,22,31
Jìnro,stormscale,1508,druid,restoration,24,16,8
Bloomies,tarren-mill,1507,druid,restoration,100,59,41
Larlye,dun-modr,1507,druid,restoration,54,28,26
Åzjôl,magtheridon,1507,druid,restoration,42,20,22
Ríkku,sargeras,1507,druid,restoration,144,68,76
Malacella,marécage-de-zangar,1507,druid,restoration,42,16,26
Ravenfang,dun-modr,1506,druid,restoration,223,129,94
Dadjus,kazzak,1505,druid,restoration,48,25,23
Dafapa,twilights-hammer,1504,druid,restoration,60,32,28
Друрашка,soulflayer,1504,druid,restoration,129,67,62
Akasuky,thrall,1502,druid,restoration,175,94,81
Lÿter,dun-modr,1502,druid,restoration,60,27,33
Greenlips,ravencrest,1502,druid,restoration,60,23,37
Zaerox,ambossar,1501,druid,restoration,90,45,45
Exïlla,archimonde,1498,druid,restoration,68,39,29
Grïmsïght,draenor,1498,druid,restoration,119,64,55
Stratocaster,blackmoore,1498,druid,restoration,54,26,28
Tôrmêñtêd,outland,1496,druid,restoration,141,80,61
Trayndaras,drakthul,1495,druid,restoration,35,23,12
Ccmydcv,archimonde,1495,druid,restoration,37,19,18
Jìkkz,aegwynn,1495,druid,restoration,70,26,44
Kicki,outland,1494,druid,restoration,66,34,32
Pyctograhm,eldrethalas,1493,druid,restoration,60,26,34
Thanom,auchindoun,1491,druid,restoration,306,158,148
Jtepdru,ravencrest,1490,druid,restoration,132,67,65
Seherbaz,ravencrest,1488,druid,restoration,72,42,30
Wheretowrite,ravencrest,1488,druid,restoration,220,115,105
Atôtheex,kazzak,1488,druid,restoration,43,21,22
Друмания,gordunni,1488,druid,restoration,192,91,101
Roshava,stormscale,1487,druid,restoration,64,42,22
Moonfetamine,silvermoon,1487,druid,restoration,211,108,103
Veganbtw,tarren-mill,1486,druid,restoration,97,34,63
Mnine,twisting-nether,1485,druid,restoration,42,23,19
Reinulfen,blackmoore,1484,druid,restoration,270,139,131
Brorsnor,ravencrest,1484,druid,restoration,179,85,94
Kyjaa,eredar,1484,druid,restoration,60,25,35
Квирит,razuvious,1484,druid,restoration,72,23,49
Moontriix,kazzak,1481,druid,restoration,103,54,49
Flåppers,stormscale,1481,druid,restoration,64,26,38
Bearliheals,draenor,1480,druid,restoration,110,65,45
Hótty,antonidas,1480,druid,restoration,71,32,39
Làhen,ravencrest,1479,druid,restoration,377,187,190
Фатуомуэрте,razuvious,1479,druid,restoration,54,19,35
Атмос,deathguard,1478,druid,restoration,198,109,89
Devióus,twilights-hammer,1478,druid,restoration,502,254,248
Phala,outland,1478,druid,restoration,48,20,28
Nezpa,ravencrest,1477,druid,restoration,70,43,27
Xôárqt,aegwynn,1477,druid,restoration,72,33,39
Maqer,argent-dawn,1476,druid,restoration,56,31,25
Høtbøt,ysera,1475,druid,restoration,81,40,41
Cuxorb,rexxar,1474,druid,restoration,436,227,209
Gvairon,silvermoon,1474,druid,restoration,36,17,19
Mischkonsum,outland,1474,druid,restoration,56,24,32
Ånåphorå,archimonde,1473,druid,restoration,29,16,13
Grololotte,dalaran,1473,druid,restoration,418,219,199
Drozzie,twisting-nether,1472,druid,restoration,24,16,8
Taèzoth,terokkar,1471,druid,restoration,50,31,19
Islandbôy,blackrock,1470,druid,restoration,42,16,26
Sandh,uldum,1468,druid,restoration,72,34,38
Peerpope,draenor,1466,druid,restoration,304,163,141
Skoony,kazzak,1465,druid,restoration,146,78,68
Buckxxz,nazjatar,1464,druid,restoration,100,57,43
Cörelly,ravencrest,1464,druid,restoration,365,202,163
Sandirion,silvermoon,1464,druid,restoration,754,379,375
Kormakurr,silvermoon,1463,druid,restoration,87,51,36
Feyzoude,ysondre,1461,druid,restoration,40,24,16
Drbse,silvermoon,1461,druid,restoration,56,28,28
Reya,hyjal,1460,druid,restoration,82,40,42
Xoriauz,archimonde,1460,druid,restoration,197,92,105
Блумха,howling-fjord,1459,druid,restoration,78,41,37
Cliftshifter,outland,1458,druid,restoration,36,25,11
Маминапуська,soulflayer,1458,druid,restoration,57,32,25
Spliçe,draenor,1458,druid,restoration,48,24,24
Arlandia,drakthul,1458,druid,restoration,42,17,25
Kaher,ravencrest,1457,druid,restoration,84,42,42
Davorian,frostmane,1457,druid,restoration,117,55,62
Cesn,vashj,1456,druid,restoration,88,38,50
Nelffie,kazzak,1455,druid,restoration,198,110,88
Budspencebär,draenor,1455,druid,restoration,64,35,29
Leafceld,aggra-português,1455,druid,restoration,126,63,63
Obamos,stormscale,1453,druid,restoration,48,30,18
Salagkoydi,sylvanas,1453,druid,restoration,90,51,39
Ööh,outland,1453,druid,restoration,48,25,23
Warami,eredar,1453,druid,restoration,54,24,30
Elmáestró,aegwynn,1452,druid,restoration,60,28,32
Elwenyss,outland,1452,druid,restoration,77,34,43
Sejki,aegwynn,1451,druid,restoration,64,36,28
Euskal,chogall,1451,druid,restoration,42,18,24
Dêrbombär,guldan,1451,druid,restoration,52,21,31
Deltalol,blackmoore,1450,druid,restoration,48,25,23
Groundpovx,blackmoore,1450,druid,restoration,66,32,34
Asanaria,ravencrest,1450,druid,restoration,107,48,59
Fangornn,outland,1448,druid,restoration,131,73,58
Akuda,blackrock,1448,druid,restoration,81,41,40
Estrogenlord,auchindoun,1448,druid,restoration,66,33,33
Zyndril,silvermoon,1448,druid,restoration,44,22,22
Bakicadr,sylvanas,1448,druid,restoration,63,30,33
Ààlunåhlolz,azjolnerub,1447,druid,restoration,24,17,7
Cyclonebroo,blackmoore,1447,druid,restoration,64,31,33
Bigßoi,stormscale,1446,druid,restoration,164,87,77
Vashiko,tarren-mill,1446,druid,restoration,83,41,42
Hellcow,blackmoore,1444,druid,restoration,107,47,60
Yellow,sylvanas,1443,druid,restoration,39,16,23
Guccicken,garona,1442,druid,restoration,252,129,123
Siuo,ravencrest,1442,druid,restoration,78,31,47
Kajiun,silvermoon,1441,druid,restoration,54,32,22
Xyruden,kazzak,1441,druid,restoration,171,69,102
Hotlotta,aegwynn,1440,druid,restoration,31,16,15
Shlipshlap,eredar,1440,druid,restoration,78,28,50
Bananadru,stormscale,1439,druid,restoration,24,15,9
Yandris,argent-dawn,1439,druid,restoration,36,18,18
Цукерище,gordunni,1438,druid,restoration,64,36,28
Vacuumcleanr,ravencrest,1438,druid,restoration,30,15,15
Exilia,kragjin,1438,druid,restoration,36,17,19
Champaa,aggra-português,1438,druid,restoration,87,35,52
Pureballs,twisting-nether,1437,druid,restoration,195,106,89
Síggíe,eredar,1436,druid,restoration,30,17,13
Вексиус,gordunni,1436,druid,restoration,66,33,33
Lhûne,twisting-nether,1436,druid,restoration,30,15,15
Filyina,blackrock,1436,druid,restoration,170,80,90
Solàryx,hyjal,1434,druid,restoration,72,38,34
Febricyla,blackmoore,1434,druid,restoration,96,47,49
Starryraven,argent-dawn,1433,druid,restoration,199,105,94
Druma,stormscale,1433,druid,restoration,48,25,23
Brosephiné,stormscale,1433,druid,restoration,62,32,30
Karenvolf,outland,1433,druid,restoration,30,15,15
Kukisanban,stormscale,1432,druid,restoration,314,168,146
Senoka,shattrath,1432,druid,restoration,335,174,161
Маккаланн,soulflayer,1430,druid,restoration,105,56,49
Jmaz,outland,1429,druid,restoration,114,63,51
Òniz,hyjal,1428,druid,restoration,46,30,16
Maethar,stormrage,1428,druid,restoration,111,67,44
Druchori,eredar,1428,druid,restoration,58,28,30
Cylantus,eredar,1427,druid,restoration,72,45,27
Analmonstret,shattered-hand,1427,druid,restoration,35,17,18
Märe,defias-brotherhood,1426,druid,restoration,84,45,39
Друидсимба,howling-fjord,1424,druid,restoration,200,107,93
Weisslogia,aegwynn,1424,druid,restoration,30,15,15
Myxer,ravencrest,1423,druid,restoration,92,54,38
Ecological,outland,1423,druid,restoration,30,15,15
Wenciorek,kazzak,1423,druid,restoration,135,67,68
Diastra,silvermoon,1422,druid,restoration,342,178,164
Sygko,kazzak,1422,druid,restoration,30,15,15
Lycann,burning-blade,1420,druid,restoration,42,25,17
Knzm,dun-modr,1420,druid,restoration,198,106,92
Tokifong,kazzak,1419,druid,restoration,36,15,21
Iqqzazagotme,hyjal,1418,druid,restoration,68,29,39
Shiu,blackmoore,1418,druid,restoration,54,18,36
Althei,argent-dawn,1416,druid,restoration,110,59,51
Thorns,blackrock,1416,druid,restoration,30,15,15
Basilethe,hyjal,1415,druid,restoration,72,41,31
Røxhot,archimonde,1415,druid,restoration,156,88,68
Tehira,antonidas,1415,druid,restoration,100,41,59
Ráay,blackrock,1414,druid,restoration,66,34,32
Clovér,outland,1414,druid,restoration,113,54,59
Innos,azshara,1414,druid,restoration,42,17,25
Cptfalcony,outland,1413,druid,restoration,106,54,52
Schwertlilie,aegwynn,1413,druid,restoration,59,26,33
Огрызокрыбы,howling-fjord,1412,druid,restoration,47,32,15
Barkingdog,tarren-mill,1412,druid,restoration,57,31,26
Кингкиса,gordunni,1412,druid,restoration,36,15,21
Helkondr,thrall,1412,druid,restoration,42,15,27
Antheiaa,frostmane,1411,druid,restoration,72,32,40
Bearinator,aggramar,1410,druid,restoration,678,351,327
Moonbee,burning-blade,1410,druid,restoration,189,93,96
Mortagua,kazzak,1410,druid,restoration,36,15,21
Trúdl,das-konsortium,1409,druid,restoration,48,28,20
Erebear,ravencrest,1406,druid,restoration,75,43,32
Wooshy,kazzak,1406,druid,restoration,105,52,53
Plàntz,tarren-mill,1406,druid,restoration,79,39,40
Shadowmeld,stormreaver,1405,druid,restoration,44,22,22
Edal,chogall,1405,druid,restoration,301,149,152
Avemonthemus,silvermoon,1405,druid,restoration,46,21,25
Jikuni,ravencrest,1404,druid,restoration,81,39,42
Drukae,stormscale,1403,druid,restoration,97,46,51
Rytmusdudu,ragnaros,1403,druid,restoration,42,19,23
Goatd,ravencrest,1403,druid,restoration,36,16,20
Béccàbtw,draenor,1402,druid,restoration,30,16,14
Elysea,antonidas,1402,druid,restoration,120,63,57
Suprot,aggramar,1402,druid,restoration,106,52,54
Aebí,dalaran,1400,druid,restoration,42,27,15
Cevto,drakthul,1400,druid,restoration,50,22,28
Pumplt,thrall,1399,druid,restoration,84,46,38
Hellofresh,silvermoon,1399,druid,restoration,54,21,33
Азя,blackscar,1398,druid,restoration,80,36,44
Noosh,thrall,1397,druid,restoration,86,44,42
Feinberg,stormscale,1397,druid,restoration,101,44,57
Tokitoc,archimonde,1394,druid,restoration,101,59,42
Daewen,blackhand,1394,druid,restoration,112,61,51
Evoon,emeriss,1394,druid,restoration,36,19,17
Drineh,ravencrest,1393,druid,restoration,48,21,27
Fth,dethecus,1392,druid,restoration,39,22,17
Ilyethea,earthen-ring,1392,druid,restoration,476,250,226
Afret,kazzak,1392,druid,restoration,135,70,65
Legyna,ravencrest,1392,druid,restoration,112,56,56
Rensselitäti,korgall,1392,druid,restoration,36,17,19
Glückstaler,die-aldor,1392,druid,restoration,78,33,45
Sùmmêrz,outland,1391,druid,restoration,47,17,30
Indann,kazzak,1390,druid,restoration,48,21,27
Uuni,sylvanas,1388,druid,restoration,78,35,43
Plúx,antonidas,1388,druid,restoration,44,18,26
Sucukk,antonidas,1387,druid,restoration,71,35,36
Cdurdroød,culte-de-la-rive-noire,1386,druid,restoration,105,52,53
Tanariel,ravencrest,1384,druid,restoration,89,50,39
Sgtdrood,archimonde,1384,druid,restoration,55,27,28
Lestty,the-maelstrom,1383,druid,restoration,70,38,32
Nuwell,arathor,1383,druid,restoration,156,78,78
Rawillinen,kazzak,1383,druid,restoration,42,20,22
Oltoker,korgall,1381,druid,restoration,201,99,102
Ивантяй,gordunni,1380,druid,restoration,239,118,121
Sertris,kazzak,1380,druid,restoration,64,27,37
Gandraste,neptulon,1379,druid,restoration,24,19,5
Minipilsen,outland,1378,druid,restoration,65,31,34
Wwvwwvwwvwvw,burning-legion,1378,druid,restoration,145,62,83
Blacksage,dragonmaw,1376,druid,restoration,107,50,57
Zfaf,hyjal,1375,druid,restoration,54,30,24
Whiplazh,archimonde,1375,druid,restoration,47,26,21
Spacedout,taerar,1375,druid,restoration,61,33,28
Basajáun,dun-modr,1375,druid,restoration,240,117,123
Ðaezk,archimonde,1374,druid,restoration,36,16,20
Yunalaa,blackmoore,1373,druid,restoration,95,49,46
Deví,twilights-hammer,1373,druid,restoration,48,23,25
Mw,dun-modr,1371,druid,restoration,107,45,62
Shadowcat,archimonde,1370,druid,restoration,37,18,19
Badbloom,ravencrest,1370,druid,restoration,46,22,24
Saintbiose,dalaran,1368,druid,restoration,24,17,7
Lindémann,blackhand,1367,druid,restoration,42,23,19
Будклим,blackscar,1366,druid,restoration,24,15,9
Fondü,outland,1366,druid,restoration,48,24,24
Ridania,ravenholdt,1366,druid,restoration,42,18,24
Рефикс,gordunni,1364,druid,restoration,115,72,43
Arogane,outland,1362,druid,restoration,119,61,58
Канимэ,howling-fjord,1362,druid,restoration,45,19,26
Bronox,ragnaros,1358,druid,restoration,71,34,37
Zwierzyniec,jaedenar,1357,druid,restoration,60,27,33
Xontpos,stormscale,1356,druid,restoration,24,15,9
Shinymoomoo,tarren-mill,1356,druid,restoration,74,38,36
Steuerung,twisting-nether,1356,druid,restoration,66,23,43
Druidorie,ravencrest,1355,druid,restoration,36,19,17
Stonesight,argent-dawn,1354,druid,restoration,81,39,42
Shelby,tirion,1353,druid,restoration,177,93,84
Sariel,saurfang,1353,druid,restoration,317,159,158
Sodamncute,ravencrest,1353,druid,restoration,30,15,15
Euklid,frostwolf,1353,druid,restoration,36,15,21
Qri,ahnqiraj,1352,druid,restoration,42,23,19
Dortalon,outland,1352,druid,restoration,83,37,46
Animaltucher,nemesis,1352,druid,restoration,35,15,20
Nayokô,grim-batol,1351,druid,restoration,72,36,36
Царапкатян,gordunni,1351,druid,restoration,212,101,111
Løùise,nemesis,1350,druid,restoration,78,31,47
Hotsandpot,outland,1346,druid,restoration,36,15,21
Tjruid,twisting-nether,1345,druid,restoration,30,17,13
Duharbrahud,outland,1345,druid,restoration,54,22,32
Feralgodx,quelthalas,1344,druid,restoration,27,16,11
Soný,aegwynn,1344,druid,restoration,36,19,17
Pøwêr,blackrock,1344,druid,restoration,36,16,20
Ipossible,kazzak,1344,druid,restoration,54,18,36
Pzqlol,outland,1343,druid,restoration,18,14,4
Acxaryl,ravencrest,1343,druid,restoration,30,14,16
Кнесис,howling-fjord,1342,druid,restoration,85,49,36
Hanibalector,silvermoon,1342,druid,restoration,57,32,25
Brømberry,blackrock,1342,druid,restoration,155,75,80
Antimend,draenor,1341,druid,restoration,24,14,10
Shufflê,blackmoore,1341,druid,restoration,154,69,85
Nohos,blackrock,1340,druid,restoration,24,14,10
Yenwe,kazzak,1340,druid,restoration,197,102,95
Инкуль,gordunni,1340,druid,restoration,72,36,36
Zuzam,bladefist,1340,druid,restoration,144,67,77
Лдрион,gordunni,1339,druid,restoration,57,36,21
Harei,archimonde,1339,druid,restoration,30,16,14
Djvapelordx,stormscale,1338,druid,restoration,245,119,126
Jcpenney,xavius,1336,druid,restoration,374,178,196
Autoritär,gilneas,1335,druid,restoration,219,115,104
Göli,argent-dawn,1335,druid,restoration,62,29,33
Mangy,xavius,1334,druid,restoration,161,83,78
Rockyfella,alexstrasza,1334,druid,restoration,55,27,28
Lynysae,blackmoore,1334,druid,restoration,51,25,26
Shifthappénz,draenor,1334,druid,restoration,60,28,32
Scaleo,stormreaver,1333,druid,restoration,114,62,52
Mchots,ragnaros,1333,druid,restoration,137,66,71
Béstfriend,uldum,1333,druid,restoration,34,15,19
Likh,das-konsortium,1332,druid,restoration,24,14,10
Phebzdrood,archimonde,1332,druid,restoration,63,34,29
Ekaterina,dun-morogh,1331,druid,restoration,99,54,45
Emodruid,sunstrider,1330,druid,restoration,24,14,10
Trä,zenedar,1330,druid,restoration,91,50,41
Whatismeld,outland,1330,druid,restoration,42,14,28
Ninø,gorgonnash,1329,druid,restoration,124,66,58
Cønvoke,kazzak,1329,druid,restoration,54,23,31
Blomberg,burning-legion,1326,druid,restoration,96,52,44
Forzendl,twisting-nether,1326,druid,restoration,48,26,22
Kramit,ravencrest,1326,druid,restoration,54,26,28
Hidras,tarren-mill,1326,druid,restoration,48,21,27
Søykañ,hyjal,1325,druid,restoration,110,56,54
Biomat,norgannon,1325,druid,restoration,71,34,37
Khalec,silvermoon,1324,druid,restoration,76,43,33
Bennydruid,kazzak,1324,druid,restoration,144,64,80
Teengirl,blackmoore,1323,druid,restoration,30,14,16
Армсдру,gordunni,1322,druid,restoration,48,23,25
Kattbjörnen,ragnaros,1321,druid,restoration,254,134,120
Desuslol,stormscale,1321,druid,restoration,48,22,26
Rabacki,blackmoore,1320,druid,restoration,150,70,80
Нортикус,soulflayer,1320,druid,restoration,59,27,32
Akifumi,archimonde,1320,druid,restoration,58,19,39
Koemarkt,sunstrider,1319,druid,restoration,46,29,17
Endoplazmik,silvermoon,1319,druid,restoration,61,36,25
Esmerito,tarren-mill,1318,druid,restoration,36,17,19
Versatil,uldum,1318,druid,restoration,49,19,30
Karodoom,twisting-nether,1316,druid,restoration,48,30,18
Крайсонг,soulflayer,1316,druid,restoration,42,21,21
Катяблум,gordunni,1316,druid,restoration,120,51,69
Aolynk,twisting-nether,1316,druid,restoration,41,17,24
Funkagenda,silvermoon,1315,druid,restoration,42,24,18
Schrödínger,culte-de-la-rive-noire,1314,druid,restoration,54,24,30
Greengolly,argent-dawn,1314,druid,restoration,42,18,24
Idect,silvermoon,1313,druid,restoration,318,161,157
Leakybuttxx,kilrogg,1312,druid,restoration,28,15,13
Kooglaash,kazzak,1311,druid,restoration,175,82,93
Torawara,ragnaros,1310,druid,restoration,29,16,13
Jamieform,ravencrest,1310,druid,restoration,28,15,13
Glaskål,draenor,1310,druid,restoration,177,81,96
Wusor,blackhand,1309,druid,restoration,59,36,23
Иггдрассиль,blackscar,1309,druid,restoration,30,15,15
Blacksagex,dragonmaw,1308,druid,restoration,47,15,32
Closér,stormscale,1307,druid,restoration,60,30,30
Disclaimed,twisting-nether,1307,druid,restoration,36,15,21
Cultivatedz,twisting-nether,1306,druid,restoration,54,24,30
Feyzboom,ysondre,1304,druid,restoration,47,23,24
Азазиона,gordunni,1304,druid,restoration,48,20,28
Hrustek,tarren-mill,1303,druid,restoration,30,15,15
Mommymìlkers,archimonde,1302,druid,restoration,36,14,22
Boomayé,archimonde,1301,druid,restoration,56,34,22
Neri,shattered-hand,1301,druid,restoration,67,35,32
Mindru,sylvanas,1301,druid,restoration,93,40,53
Bekkjin,todeswache,1300,druid,restoration,60,30,30
Килаф,gordunni,1299,druid,restoration,106,54,52
Tigroufou,kaelthas,1298,druid,restoration,24,15,9
Vioboomie,blackrock,1298,druid,restoration,33,17,16
Entja,outland,1298,druid,restoration,61,26,35
Mojorising,drakthul,1297,druid,restoration,24,15,9
Maghh,ravencrest,1297,druid,restoration,82,42,40
Maxekaxe,sylvanas,1296,druid,restoration,107,55,52
Memento,kazzak,1296,druid,restoration,42,21,21
Ekologiskxx,outland,1296,druid,restoration,85,40,45
Badbeliø,hyjal,1296,druid,restoration,97,36,61
Pølymorphe,ysondre,1296,druid,restoration,78,28,50
Cernacc,silvermoon,1295,druid,restoration,23,14,9
Scra,anubarak,1295,druid,restoration,198,95,103
Wannabanhere,outland,1295,druid,restoration,41,16,25
Atsumåsterx,archimonde,1294,druid,restoration,46,19,27
Benzimaax,ragnaros,1293,druid,restoration,72,36,36
Hotsexpress,aegwynn,1293,druid,restoration,69,28,41
Ponytheone,burning-legion,1293,druid,restoration,54,21,33
Vertymbras,hyjal,1292,druid,restoration,92,56,36
Nøbødy,silvermoon,1292,druid,restoration,47,19,28
Roria,neptulon,1291,druid,restoration,30,18,12
Тчаёк,gordunni,1291,druid,restoration,33,19,14
Papjin,blackhand,1291,druid,restoration,89,46,43
Elainia,emerald-dream,1291,druid,restoration,85,32,53
Alberthotz,silvermoon,1290,druid,restoration,36,14,22
Flum,darksorrow,1289,druid,restoration,149,77,72
Inkeyes,outland,1289,druid,restoration,195,93,102
Jakeparkki,sylvanas,1289,druid,restoration,32,15,17
Varriant,kazzak,1288,druid,restoration,91,42,49
Noxlunaire,ravencrest,1288,druid,restoration,76,34,42
Midnightowl,stormscale,1287,druid,restoration,76,40,36
Mayurí,kazzak,1286,druid,restoration,63,40,23
Eyetea,terokkar,1286,druid,restoration,121,64,57
Niknoom,azjolnerub,1285,druid,restoration,260,148,112
Randomhot,antonidas,1285,druid,restoration,66,30,36
Parkydru,draenor,1284,druid,restoration,24,15,9
Vurgyl,hyjal,1284,druid,restoration,139,83,56
Kattig,grim-batol,1284,druid,restoration,44,21,23
Seikoo,defias-brotherhood,1284,druid,restoration,91,41,50
Berkalicious,frostmane,1283,druid,restoration,34,17,17
Yeats,blackmoore,1283,druid,restoration,48,20,28
Exoar,ravencrest,1282,druid,restoration,115,53,62
Lil,elune,1282,druid,restoration,55,22,33
Zelíx,bronzebeard,1281,druid,restoration,101,59,42
Thieane,blackhand,1281,druid,restoration,60,32,28
Paawz,stormscale,1281,druid,restoration,65,33,32
Siako,sanguino,1281,druid,restoration,113,54,59
Vulcäin,ysondre,1281,druid,restoration,36,15,21
Manuka,argent-dawn,1280,druid,restoration,94,50,44
Hordzee,blackmoore,1280,druid,restoration,250,123,127
Урька,blackscar,1280,druid,restoration,93,43,50
Zadrood,rashgarroth,1279,druid,restoration,125,63,62
Microw,ghostlands,1278,druid,restoration,135,69,66
Silvyan,silvermoon,1278,druid,restoration,75,37,38
Malbo,archimonde,1277,druid,restoration,64,26,38
Cubalitis,tarren-mill,1276,druid,restoration,39,24,15
Zaratras,arathor,1276,druid,restoration,79,39,40
Rrayed,kazzak,1274,druid,restoration,94,47,47
Gyvunas,silvermoon,1272,druid,restoration,151,88,63
Trõn,draenor,1272,druid,restoration,164,95,69
Telaroxx,die-nachtwache,1272,druid,restoration,78,34,44
Ischumekcid,anubarak,1270,druid,restoration,36,19,17
Thornat,chamber-of-aspects,1270,druid,restoration,118,62,56
Тое,soulflayer,1270,druid,restoration,78,36,42
Digestivebis,defias-brotherhood,1269,druid,restoration,171,98,73
Дилайт,blackscar,1269,druid,restoration,64,29,35
Spacenoub,archimonde,1268,druid,restoration,42,20,22
Инский,howling-fjord,1267,druid,restoration,96,55,41
Ромамаваши,soulflayer,1267,druid,restoration,93,46,47
Walexx,kazzak,1266,druid,restoration,44,25,19
Кэлиборн,gordunni,1266,druid,restoration,65,33,32
Orinkhealer,ravencrest,1266,druid,restoration,74,28,46
Nalreaa,kazzak,1265,druid,restoration,48,27,21
Corroboree,archimonde,1265,druid,restoration,54,28,26
Lalon,blackrock,1265,druid,restoration,48,24,24
Хекзкор,ashenvale,1265,druid,restoration,54,24,30
Elainx,thrall,1264,druid,restoration,30,16,14
Reiss,tarren-mill,1264,druid,restoration,170,81,89
Hotto,antonidas,1263,druid,restoration,18,15,3
Дюссельдорф,blackscar,1263,druid,restoration,30,19,11
Ubbeleg,kazzak,1263,druid,restoration,60,35,25
Sarkophag,blackrock,1263,druid,restoration,53,30,23
Farodiin,blackmoore,1262,druid,restoration,156,84,72
Naturberserk,tarren-mill,1262,druid,restoration,57,26,31
Charliebaum,antonidas,1262,druid,restoration,75,33,42
Обейрин,gordunni,1261,druid,restoration,78,40,38
Svass,ragnaros,1260,druid,restoration,44,27,17
Morfer,grim-batol,1260,druid,restoration,235,120,115
Lathariuss,frostwhisper,1260,druid,restoration,74,34,40
Mv,gorgonnash,1259,druid,restoration,130,66,64
Buitonix,khaz-modan,1258,druid,restoration,357,180,177
Delmond,sylvanas,1258,druid,restoration,248,124,124
Høttýbálbøà,blackrock,1256,druid,restoration,17,14,3
Driftmaster,defias-brotherhood,1256,druid,restoration,36,17,19
Sveoris,malganis,1255,druid,restoration,22,15,7
Norkenis,neptulon,1255,druid,restoration,37,16,21
Devdude,blackrock,1254,druid,restoration,137,62,75
Närthex,kazzak,1253,druid,restoration,24,14,10
Jyggz,azshara,1253,druid,restoration,45,25,20
Лилкрип,soulflayer,1253,druid,restoration,30,15,15
Yazari,nathrezim,1253,druid,restoration,60,28,32
Karakarrtaal,silvermoon,1252,druid,restoration,42,26,16
Amberleaff,auchindoun,1252,druid,restoration,49,28,21
Shylanna,ragnaros,1252,druid,restoration,102,51,51
Avimoo,tarren-mill,1252,druid,restoration,56,27,29
Geeorge,stormscale,1250,druid,restoration,42,20,22
Випера,gordunni,1249,druid,restoration,36,19,17
Nizkul,dun-modr,1249,druid,restoration,80,37,43
Shaize,dalaran,1248,druid,restoration,30,16,14
Lhithium,kazzak,1248,druid,restoration,66,35,31
Eko,auchindoun,1248,druid,restoration,207,103,104
Phatbushy,silvermoon,1248,druid,restoration,75,32,43
Hælìñgtøúçh,ysondre,1248,druid,restoration,42,14,28
Ownglow,sylvanas,1247,druid,restoration,18,13,5
Bárdiandru,blackhand,1247,druid,restoration,24,13,11
Deltsur,stormscale,1247,druid,restoration,35,17,18
Jaesax,twisting-nether,1247,druid,restoration,30,13,17
Eduthecat,dun-modr,1247,druid,restoration,30,13,17
Chinoiserie,aszune,1246,druid,restoration,245,126,119
Jenelin,silvermoon,1246,druid,restoration,42,16,26
Xomeboci,draenor,1246,druid,restoration,42,14,28
Nightmoon,hellscream,1245,druid,restoration,24,13,11
Alásea,kazzak,1244,druid,restoration,30,13,17
Eô,antonidas,1243,druid,restoration,59,29,30
Dëlins,outland,1243,druid,restoration,36,13,23
Erdnuckèl,antonidas,1242,druid,restoration,33,21,12
Robutt,runetotem,1242,druid,restoration,40,25,15
Acwi,dun-morogh,1242,druid,restoration,90,46,44
Moundîr,archimonde,1242,druid,restoration,142,69,73
Ghostpanther,outland,1241,druid,restoration,30,17,13
Theeix,silvermoon,1241,druid,restoration,202,99,103
Dridoxx,archimonde,1241,druid,restoration,90,39,51
Buklau,stormscale,1241,druid,restoration,34,13,21
Namenloser,azshara,1240,druid,restoration,99,55,44
Cemiink,drakthul,1240,druid,restoration,107,58,49
Leliaen,sylvanas,1240,druid,restoration,135,68,67
Jiujiteiro,tarren-mill,1239,druid,restoration,89,51,38
Bloomer,stormreaver,1239,druid,restoration,89,44,45
Мехнакиске,howling-fjord,1239,druid,restoration,65,32,33
Delarion,nemesis,1238,druid,restoration,65,35,30
Вертуос,soulflayer,1238,druid,restoration,93,47,46
Громозилка,soulflayer,1238,druid,restoration,36,17,19
Друоид,howling-fjord,1237,druid,restoration,51,25,26
Yaaji,archimonde,1237,druid,restoration,84,36,48
Pròxy,hyjal,1237,druid,restoration,91,38,53
Maníx,tarren-mill,1236,druid,restoration,74,38,36
Applestrudle,blackrock,1234,druid,restoration,24,15,9
Ryletha,argent-dawn,1234,druid,restoration,34,16,18
Дудумейстер,howling-fjord,1234,druid,restoration,181,82,99
Julss,archimonde,1233,druid,restoration,137,68,69
Arulol,aegwynn,1233,druid,restoration,84,39,45
Xadidruîd,blackrock,1233,druid,restoration,60,20,40
Ghaara,outland,1231,druid,restoration,49,28,21
Arazorwyn,ravencrest,1231,druid,restoration,125,70,55
Тырубльдуде,gordunni,1231,druid,restoration,57,26,31
Layzz,archimonde,1231,druid,restoration,29,13,16
Cazzette,grim-batol,1230,druid,restoration,61,36,25
Thatzdmg,blackmoore,1230,druid,restoration,24,13,11
Druiddingo,lightnings-blade,1230,druid,restoration,80,38,42
Weremyst,outland,1230,druid,restoration,44,15,29
Dreäms,ravencrest,1229,druid,restoration,308,164,144
Корнерит,gordunni,1229,druid,restoration,82,43,39
Nimbrestor,silvermoon,1229,druid,restoration,40,13,27
Saimdude,blackrock,1228,druid,restoration,66,38,28
Rumbusxx,dun-modr,1227,druid,restoration,30,13,17
Pomjo,archimonde,1227,druid,restoration,36,13,23
Liunara,nemesis,1227,druid,restoration,43,15,28
Вакидзами,gordunni,1226,druid,restoration,104,52,52
Solstrale,ravencrest,1226,druid,restoration,144,67,77
Урголяфа,gordunni,1226,druid,restoration,36,15,21
Dèxò,blackmoore,1225,druid,restoration,34,22,12
Secondage,blackmoore,1225,druid,restoration,86,41,45
Spidete,sanguino,1224,druid,restoration,214,116,98
Ningannel,argent-dawn,1224,druid,restoration,83,35,48
Tskilli,draenor,1223,druid,restoration,54,25,29
Heidepaa,tichondrius,1222,druid,restoration,36,18,18
Monstret,dragonblight,1222,druid,restoration,89,40,49
Chiendetalus,ysondre,1221,druid,restoration,35,18,17
Suunto,blackrock,1221,druid,restoration,30,14,16
Chicobullz,ysondre,1220,druid,restoration,24,13,11
Drix,frostwolf,1220,druid,restoration,27,14,13
Skeexd,argent-dawn,1220,druid,restoration,106,45,61
Аммазония,gordunni,1219,druid,restoration,53,28,25
Khyalia,ysondre,1218,druid,restoration,39,19,20
Halleyz,hyjal,1217,druid,restoration,150,79,71
Madshad,draenor,1217,druid,restoration,73,29,44
Mimisiek,burning-legion,1215,druid,restoration,48,27,21
Horkz,frostmourne,1215,druid,restoration,40,19,21
Пупсики,gordunni,1215,druid,restoration,92,43,49
Amakary,blackrock,1214,druid,restoration,48,23,25
Blazoor,frostwolf,1214,druid,restoration,76,36,40
Kasjuz,tarren-mill,1212,druid,restoration,84,50,34
Knææl,argent-dawn,1211,druid,restoration,48,29,19
Mochiløxz,tarren-mill,1211,druid,restoration,281,143,138
Кьюкамбер,gordunni,1210,druid,restoration,22,14,8
Dreaddot,archimonde,1210,druid,restoration,24,13,11
Ruberg,kazzak,1210,druid,restoration,51,26,25
Wyngx,blackrock,1209,druid,restoration,127,72,55
Séyla,blackrock,1209,druid,restoration,24,13,11
Unionpivo,doomhammer,1209,druid,restoration,126,64,62
Weiden,twisting-nether,1209,druid,restoration,80,36,44
Tallu,das-konsortium,1209,druid,restoration,36,13,23
Liquis,outland,1208,druid,restoration,208,104,104
Midnightstry,alakir,1207,druid,restoration,345,179,166
Rakúsh,thrall,1207,druid,restoration,124,63,61
Hypnosoad,outland,1207,druid,restoration,359,181,178
Ruhlide,anetheron,1206,druid,restoration,53,21,32
Soratess,azshara,1204,druid,restoration,81,38,43
Lethius,silvermoon,1204,druid,restoration,140,63,77
Shenandoah,hyjal,1203,druid,restoration,54,32,22
Эверих,soulflayer,1203,druid,restoration,71,34,37
Krizak,eredar,1202,druid,restoration,161,84,77
Bonza,agamaggan,1202,druid,restoration,96,45,51
Jugaia,frostmourne,1202,druid,restoration,80,36,44
Ironveins,ravencrest,1201,druid,restoration,66,38,28
Kirïllx,silvermoon,1201,druid,restoration,129,72,57
Пивч,soulflayer,1201,druid,restoration,93,45,48
Saberrtooth,twisting-nether,1201,druid,restoration,66,25,41
Berdix,ragnaros,1200,druid,restoration,67,35,32
Weregoon,blackmoore,1200,druid,restoration,197,93,104
Drøod,kazzak,1199,druid,restoration,23,15,8
Goodzychoo,silvermoon,1199,druid,restoration,36,17,19
Tosuncan,twisting-nether,1199,druid,restoration,42,17,25
Karlsn,ravencrest,1197,druid,restoration,25,14,11
Ballosh,hyjal,1197,druid,restoration,36,15,21
Бульбион,gordunni,1196,druid,restoration,316,158,158
Ensanglante,twisting-nether,1196,druid,restoration,81,38,43
Blòódý,ravencrest,1195,druid,restoration,24,13,11
Shadraw,arakarahm,1195,druid,restoration,30,13,17
Néilié,tarren-mill,1193,druid,restoration,49,27,22
Mutato,draenor,1193,druid,restoration,239,131,108
Tsurío,thrall,1193,druid,restoration,144,78,66
Yeroso,burning-legion,1193,druid,restoration,24,13,11
Spacebéam,ravencrest,1192,druid,restoration,63,28,35
Kattman,tarren-mill,1191,druid,restoration,36,18,18
Vickepicke,stormreaver,1191,druid,restoration,72,30,42
Raïby,archimonde,1191,druid,restoration,36,15,21
Shifts,aggramar,1190,druid,restoration,48,22,26
Коляскальяс,howling-fjord,1190,druid,restoration,148,60,88
Flomaster,stormscale,1190,druid,restoration,36,13,23
Fotmrerollér,darksorrow,1187,druid,restoration,164,87,77
Chable,hyjal,1187,druid,restoration,60,31,29
Wazam,kazzak,1187,druid,restoration,190,93,97
Chæmp,blackmoore,1187,druid,restoration,35,16,19
Proxis,the-maelstrom,1187,druid,restoration,73,31,42
Nrathal,doomhammer,1187,druid,restoration,42,17,25
Lïs,the-maelstrom,1186,druid,restoration,94,54,40
Gotika,blackrock,1186,druid,restoration,31,16,15
Vícvega,ravencrest,1186,druid,restoration,100,51,49
Lépaw,twisting-nether,1186,druid,restoration,107,51,56
Wiyah,hyjal,1186,druid,restoration,30,14,16
Yamsha,dalaran,1186,druid,restoration,46,14,32
Fettpumpad,karazhan,1185,druid,restoration,157,85,72
Meatboi,burning-legion,1185,druid,restoration,54,28,26
Docdruid,outland,1185,druid,restoration,66,24,42
Archbloom,twisting-nether,1185,druid,restoration,42,13,29
ßløøm,outland,1184,druid,restoration,80,42,38
Quorn,pozzo-delleternità,1184,druid,restoration,42,18,24
Adiycrazy,outland,1183,druid,restoration,90,42,48
Theguyandbea,draenor,1183,druid,restoration,189,87,102
Happyhoter,blackrock,1183,druid,restoration,54,24,30
Exane,ragnaros,1182,druid,restoration,44,26,18
Tsuteymanga,veknilash,1182,druid,restoration,114,55,59
Qvadriologic,argent-dawn,1182,druid,restoration,48,20,28
Kunîbert,frostwolf,1182,druid,restoration,42,15,27
Skuhlxz,thrall,1182,druid,restoration,60,18,42
Vanlise,ravencrest,1181,druid,restoration,96,45,51
Fuzzy,the-venture-co,1181,druid,restoration,71,26,45
Benfufu,kazzak,1180,druid,restoration,37,20,17
Irrlycht,blackrock,1179,druid,restoration,42,16,26
Cäsïo,khaz-modan,1178,druid,restoration,92,53,39
Lisovamavka,draenor,1177,druid,restoration,169,87,82
Gargara,sanguino,1177,druid,restoration,35,13,22
Bynxx,antonidas,1176,druid,restoration,184,90,94
Wtfck,outland,1176,druid,restoration,102,47,55
Ghostbustér,emeriss,1174,druid,restoration,281,149,132
Hílarío,sanguino,1174,druid,restoration,38,13,25
Venedría,eredar,1173,druid,restoration,30,15,15
Сваткумбрат,eversong,1173,druid,restoration,149,64,85
Noballz,blackhand,1173,druid,restoration,38,13,25
Ðelnôs,destromath,1170,druid,restoration,84,39,45
Bonsai,terrordar,1169,druid,restoration,55,25,30
Dobbmaster,aegwynn,1168,druid,restoration,256,128,128
Callìa,sylvanas,1168,druid,restoration,107,48,59
Simplydrood,archimonde,1168,druid,restoration,57,20,37
Xdrus,argent-dawn,1167,druid,restoration,98,50,48
Balanc,ragnaros,1167,druid,restoration,53,25,28
Collîî,aegwynn,1165,druid,restoration,98,50,48
Денчикбратиш,soulflayer,1165,druid,restoration,54,19,35
Huayhey,the-maelstrom,1162,druid,restoration,82,45,37
Mchøt,ravencrest,1162,druid,restoration,68,26,42
Forzend,twisting-nether,1161,druid,restoration,20,13,7
Димитруа,howling-fjord,1161,druid,restoration,30,17,13
Hallibell,frostmane,1160,druid,restoration,30,13,17
Crep,krasus,1158,druid,restoration,83,44,39
Makelsi,tarren-mill,1158,druid,restoration,36,15,21
Racadruid,antonidas,1158,druid,restoration,54,21,33
Røsary,stormscale,1156,druid,restoration,81,43,38
Plethi,antonidas,1156,druid,restoration,48,19,29
Древнина,gordunni,1155,druid,restoration,240,123,117
Strave,azjolnerub,1155,druid,restoration,68,23,45
Corias,blackmoore,1154,druid,restoration,42,14,28
Márron,blackhand,1153,druid,restoration,28,15,13
Sllatkica,draenor,1152,druid,restoration,63,27,36
Pikkusuhnu,twisting-nether,1152,druid,restoration,30,12,18
Ÿdrassia,archimonde,1152,druid,restoration,44,17,27
Gøash,aegwynn,1151,druid,restoration,18,12,6
Ковамедведь,borean-tundra,1151,druid,restoration,65,27,38
Hotop,draenor,1151,druid,restoration,30,12,18
Gotyoufam,tarren-mill,1151,druid,restoration,50,17,33
Rozt,ravencrest,1150,druid,restoration,24,12,12
Dreathqt,twisting-nether,1150,druid,restoration,24,12,12
Enggetsu,drakthul,1150,druid,restoration,60,25,35
Fricky,burning-blade,1149,druid,restoration,94,51,43
Flensí,stormscale,1149,druid,restoration,30,12,18
Herbiko,turalyon,1148,druid,restoration,306,156,150
Burattino,draenor,1147,druid,restoration,12,12,0
Restopesto,silvermoon,1147,druid,restoration,44,24,20
Dudujoker,aggra-português,1147,druid,restoration,39,13,26
Nightshíft,onyxia,1147,druid,restoration,52,16,36
Eluñeãdore,silvermoon,1146,druid,restoration,41,26,15
Mykk,ravencrest,1146,druid,restoration,33,19,14
Ankhar,auchindoun,1145,druid,restoration,35,17,18
Mikshak,drakthul,1144,druid,restoration,24,12,12
Vaacku,stormreaver,1144,druid,restoration,24,12,12
Golddy,hyjal,1144,druid,restoration,140,66,74
Shapeshafter,twisting-nether,1144,druid,restoration,179,84,95
Enzymex,burning-blade,1144,druid,restoration,42,19,23
Holybarkzqt,aegwynn,1144,druid,restoration,30,12,18
Ilovealex,blackmoore,1143,druid,restoration,113,62,51
Tadag,defias-brotherhood,1143,druid,restoration,50,22,28
Mcneil,wrathbringer,1142,druid,restoration,49,26,23
Amoreah,silvermoon,1142,druid,restoration,148,61,87
Bayerant,burning-legion,1142,druid,restoration,30,12,18
Trànsformer,nemesis,1142,druid,restoration,30,12,18
Zikloe,arathor,1141,druid,restoration,24,12,12
Ajwen,tarren-mill,1141,druid,restoration,30,12,18
Clownrad,tarren-mill,1141,druid,restoration,30,12,18
Emørtality,aegwynn,1141,druid,restoration,42,12,30
Stuu,nathrezim,1140,druid,restoration,24,12,12
Relxc,outland,1139,druid,restoration,39,24,15
Fluffypaws,auchindoun,1138,druid,restoration,77,39,38
Hót,ravencrest,1138,druid,restoration,42,14,28
Fanboij,kazzak,1137,druid,restoration,30,12,18
Irondruid,silvermoon,1136,druid,restoration,241,123,118
Фонш,soulflayer,1136,druid,restoration,24,12,12
Symba,uldum,1136,druid,restoration,24,12,12
Hristiana,outland,1135,druid,restoration,24,12,12
Lucael,blackmoore,1135,druid,restoration,66,24,42
Csmeferal,blackrock,1134,druid,restoration,35,22,13
Adawehi,ravencrest,1132,druid,restoration,201,94,107
Ymgrawl,zuljin,1132,druid,restoration,42,18,24
Luneriá,blackmoore,1132,druid,restoration,48,16,32
Дазашо,soulflayer,1131,druid,restoration,415,201,214
Oushen,silvermoon,1131,druid,restoration,58,23,35
Scuta,sylvanas,1131,druid,restoration,36,12,24
Bioházard,blackrock,1130,druid,restoration,36,20,16
Feroxe,kazzak,1130,druid,restoration,24,12,12
Atí,the-maelstrom,1130,druid,restoration,24,12,12
Ayehotx,ragnaros,1130,druid,restoration,71,34,37
Clonecity,ravencrest,1130,druid,restoration,35,12,23
Thunderzeus,mazrigos,1129,druid,restoration,40,20,20
Juicy,stormreaver,1129,druid,restoration,91,45,46
Pinkpanda,arthas,1128,druid,restoration,30,12,18
Sâty,draenor,1128,druid,restoration,60,22,38
Стенлимур,eversong,1127,druid,restoration,120,57,63
Lailaqt,arthas,1127,druid,restoration,87,41,46
Druibe,burning-legion,1127,druid,restoration,56,23,33
Kbåkå,ravencrest,1125,druid,restoration,42,19,23
Imoen,hyjal,1125,druid,restoration,126,56,70
Helpwss,outland,1125,druid,restoration,30,12,18
Лайфдруид,blackscar,1125,druid,restoration,71,28,43
Ушастикэ,gordunni,1124,druid,restoration,54,36,18
Сицилиец,galakrond,1124,druid,restoration,24,12,12
Curoahojas,silvermoon,1123,druid,restoration,135,58,77
Yngboii,twisting-nether,1123,druid,restoration,30,12,18
Orten,dun-modr,1122,druid,restoration,114,53,61
Dancingrain,ravencrest,1122,druid,restoration,30,13,17
Акетчи,howling-fjord,1120,druid,restoration,26,14,12
Vranz,draenor,1120,druid,restoration,67,32,35
Psitol,silvermoon,1120,druid,restoration,30,12,18
Kobrá,ravencrest,1119,druid,restoration,20,13,7
Raysa,archimonde,1119,druid,restoration,69,35,34
Kkriss,stormscale,1118,druid,restoration,81,46,35
Thaibarian,shattered-hand,1118,druid,restoration,99,52,47
Elleanarr,hyjal,1117,druid,restoration,70,40,30
Flandersdru,ravencrest,1117,druid,restoration,23,12,11
Kikinho,argent-dawn,1117,druid,restoration,24,12,12
Whiskers,emerald-dream,1117,druid,restoration,66,27,39
Zillo,stormscale,1116,druid,restoration,92,41,51
Bubadruid,silvermoon,1116,druid,restoration,37,14,23
Celendiil,argent-dawn,1115,druid,restoration,103,30,73
Brooklynzoo,ravencrest,1114,druid,restoration,22,13,9
Багетлюбви,howling-fjord,1114,druid,restoration,86,37,49
Cigamt,kazzak,1113,druid,restoration,27,16,11
Catbear,kazzak,1113,druid,restoration,273,143,130
Ndnd,drakthul,1112,druid,restoration,82,42,40
Лаегмерил,gordunni,1111,druid,restoration,64,35,29
Mayhh,ragnaros,1111,druid,restoration,90,41,49
Talyfox,outland,1111,druid,restoration,88,38,50
Legharta,ravencrest,1111,druid,restoration,84,31,53
Deboiteurr,archimonde,1111,druid,restoration,42,15,27
Malandrin,khazgoroth,1110,druid,restoration,85,42,43
Uvøgin,ragnaros,1109,druid,restoration,18,12,6
Räysa,archimonde,1108,druid,restoration,216,107,109
Mirana,drakthul,1107,druid,restoration,63,35,28
Avadakodavra,ravencrest,1107,druid,restoration,88,37,51
Mitnik,stormscale,1106,druid,restoration,162,91,71
Arfedan,kazzak,1106,druid,restoration,66,35,31
Klerosa,moonglade,1105,druid,restoration,56,24,32
Tyraloll,ghostlands,1104,druid,restoration,54,23,31
Elysiá,twisting-nether,1104,druid,restoration,35,13,22
Relache,twisting-nether,1103,druid,restoration,57,32,25
Betelgues,kazzak,1103,druid,restoration,165,89,76
Bullchóps,kazzak,1103,druid,restoration,37,14,23
Zirkuszwei,aegwynn,1102,druid,restoration,29,14,15
Mikeisbike,ragnaros,1101,druid,restoration,21,13,8
Ankhenature,outland,1100,druid,restoration,71,40,31
Mayte,ragnaros,1098,druid,restoration,35,20,15
Arear,frostmane,1098,druid,restoration,109,47,62
Croassant,archimonde,1097,druid,restoration,44,24,20
Hotmenow,antonidas,1095,druid,restoration,17,12,5
Аматэррасу,blackscar,1095,druid,restoration,54,28,26
Chidorî,twisting-nether,1095,druid,restoration,41,18,23
Papanik,tarren-mill,1094,druid,restoration,113,56,57
Djungelgrabb,twisting-nether,1094,druid,restoration,87,42,45
Phandris,argent-dawn,1093,druid,restoration,39,25,14
Snowrk,hyjal,1093,druid,restoration,54,31,23
Nissemand,ravencrest,1093,druid,restoration,90,42,48
Tharandrél,argent-dawn,1092,druid,restoration,72,20,52
Тианна,razuvious,1091,druid,restoration,48,24,24
Auspicer,moonglade,1090,druid,restoration,58,29,29
Ultrassick,kazzak,1090,druid,restoration,45,21,24
Hotouck,hyjal,1089,druid,restoration,38,22,16
Vextron,burning-legion,1089,druid,restoration,44,23,21
Simouch,archimonde,1089,druid,restoration,381,194,187
Wrak,eonar,1089,druid,restoration,24,12,12
Triskelion,burning-legion,1089,druid,restoration,28,13,15
Zagrem,antonidas,1088,druid,restoration,28,13,15
Ganoförd,zuljin,1087,druid,restoration,19,13,6
Worxor,hyjal,1087,druid,restoration,24,14,10
Taatz,stormscale,1087,druid,restoration,85,33,52
Iprex,outland,1086,druid,restoration,149,81,68
Medvecica,twisting-nether,1086,druid,restoration,54,16,38
Alexstraza,arthas,1085,druid,restoration,49,23,26
Жекабиг,soulflayer,1084,druid,restoration,103,54,49
Draneis,les-sentinelles,1083,druid,restoration,117,69,48
Dadud,twisting-nether,1083,druid,restoration,48,25,23
Silverdice,thrall,1083,druid,restoration,24,12,12
Фераст,azuregos,1083,druid,restoration,48,21,27
Nyooxix,blackmoore,1082,druid,restoration,54,22,32
Knocowt,ragnaros,1081,druid,restoration,36,13,23
Jimmorris,eredar,1079,druid,restoration,60,30,30
Làzerðjings,archimonde,1079,druid,restoration,30,12,18
Jøos,hyjal,1078,druid,restoration,24,12,12
Theridrax,twisting-nether,1078,druid,restoration,38,18,20
Thaldrenaar,argent-dawn,1078,druid,restoration,74,28,46
Trikill,hyjal,1077,druid,restoration,102,51,51
Razmus,lightbringer,1076,druid,restoration,25,13,12
Zarlaac,ravencrest,1075,druid,restoration,66,27,39
Tenbe,outland,1074,druid,restoration,24,12,12
Bigbones,frostwolf,1074,druid,restoration,102,39,63
Bloomly,tarren-mill,1073,druid,restoration,36,18,18
Shäylä,sinstralis,1072,druid,restoration,30,15,15
Xenva,blackmoore,1072,druid,restoration,60,28,32
Jàgêr,archimonde,1071,druid,restoration,43,12,31
Алунар,lich-king,1070,druid,restoration,84,39,45
Petitchät,archimonde,1069,druid,restoration,46,23,23
Itswoland,emeriss,1068,druid,restoration,17,12,5
Kelerun,blackhand,1067,druid,restoration,54,26,28
Domsz,dalaran,1067,druid,restoration,134,63,71
Januzo,kazzak,1066,druid,restoration,42,16,26
Elanrya,argent-dawn,1066,druid,restoration,53,15,38
Nezruslfour,dun-modr,1064,druid,restoration,54,33,21
Киберужас,gordunni,1064,druid,restoration,175,90,85
Alexialol,silvermoon,1063,druid,restoration,19,12,7
Spiralout,nemesis,1063,druid,restoration,777,389,388
Шмору,deathguard,1063,druid,restoration,76,38,38
Sfarcolacul,tarren-mill,1060,druid,restoration,187,102,85
Jambonmaster,archimonde,1060,druid,restoration,118,62,56
Кишкинахир,razuvious,1058,druid,restoration,66,33,33
Ölwen,sanguino,1058,druid,restoration,42,14,28
Meall,blackmoore,1057,druid,restoration,18,12,6
Inspiredrood,archimonde,1057,druid,restoration,165,89,76
Greenhot,kult-der-verdammten,1057,druid,restoration,72,33,39
Ферний,gordunni,1057,druid,restoration,30,13,17
Maryjuanita,silvermoon,1057,druid,restoration,164,71,93
Justforgames,ravencrest,1056,druid,restoration,12,11,1
Degentiuso,alakir,1056,druid,restoration,30,21,9
Nstt,dun-modr,1056,druid,restoration,18,11,7
Noramun,alexstrasza,1056,druid,restoration,18,11,7
Jagu,blackrock,1056,druid,restoration,49,27,22
Galoony,blackrock,1056,druid,restoration,24,11,13
Wallenstein,outland,1055,druid,restoration,18,11,7
Chocofrijj,tarren-mill,1055,druid,restoration,24,11,13
Poporseven,archimonde,1055,druid,restoration,24,11,13
Арбузир,howling-fjord,1055,druid,restoration,54,21,33
Ðezo,stormscale,1055,druid,restoration,30,11,19
Sharlla,burning-legion,1055,druid,restoration,36,11,25
Oschlandor,blackmoore,1054,druid,restoration,12,11,1
Jølinaar,twisting-nether,1054,druid,restoration,86,41,45
Светдру,blackscar,1054,druid,restoration,24,11,13
Solern,ravencrest,1054,druid,restoration,24,11,13
Gladiata,tarren-mill,1054,druid,restoration,24,11,13
Lïlja,tarren-mill,1053,druid,restoration,30,16,14
Leafy,sanguino,1053,druid,restoration,84,43,41
Гвенивар,soulflayer,1053,druid,restoration,24,11,13
Skysrex,outland,1053,druid,restoration,24,11,13
Noskillx,auchindoun,1052,druid,restoration,12,11,1
Healingwoods,outland,1052,druid,restoration,24,11,13
Boomkïn,draenor,1052,druid,restoration,24,11,13
Eriaeda,stormscale,1051,druid,restoration,30,12,18
Иксджа,gordunni,1051,druid,restoration,30,11,19
Firwyn,antonidas,1051,druid,restoration,67,21,46
Druidenbeton,antonidas,1050,druid,restoration,24,13,11
Greyhøund,archimonde,1050,druid,restoration,71,30,41
Panøràmix,archimonde,1050,druid,restoration,41,12,29
Zka,archimonde,1049,druid,restoration,24,11,13
Duduque,twisting-nether,1049,druid,restoration,68,27,41
Ximenia,argent-dawn,1048,druid,restoration,24,14,10
Milkyheals,burning-blade,1048,druid,restoration,24,11,13
Влажныйдру,soulflayer,1048,druid,restoration,24,11,13
Tapex,ravencrest,1048,druid,restoration,27,12,15
Ihone,frostmane,1048,druid,restoration,32,12,20
Îcetiger,elune,1047,druid,restoration,46,20,26
Toacon,destromath,1047,druid,restoration,30,11,19
Pzyhlol,anetheron,1045,druid,restoration,18,11,7
Shipmaster,ravencrest,1045,druid,restoration,32,14,18
Santamonica,blackrock,1045,druid,restoration,48,19,29
Growiêlle,ravencrest,1044,druid,restoration,71,37,34
Trolléverte,archimonde,1044,druid,restoration,129,64,65
Kaserion,sylvanas,1044,druid,restoration,72,26,46
Омгдру,gordunni,1043,druid,restoration,147,70,77
Bhorumir,colinas-pardas,1043,druid,restoration,24,11,13
Baroona,kazzak,1042,druid,restoration,72,42,30
Orangee,blackmoore,1042,druid,restoration,150,67,83
Luarbak,kazzak,1041,druid,restoration,18,11,7
Walenok,thrall,1041,druid,restoration,298,146,152
Malleria,blackmoore,1041,druid,restoration,30,13,17
Spoco,defias-brotherhood,1040,druid,restoration,102,56,46
Ранок,fordragon,1040,druid,restoration,24,11,13
Жолудь,gordunni,1040,druid,restoration,66,28,38
Dfjguidfg,baelgun,1040,druid,restoration,36,13,23
Tângo,eredar,1039,druid,restoration,55,28,27
Fåtå,archimonde,1039,druid,restoration,42,11,31
Дремлин,deathguard,1038,druid,restoration,212,99,113
Берды,gordunni,1038,druid,restoration,24,11,13
Lutzmiller,eredar,1037,druid,restoration,361,175,186
Lightboxx,ravencrest,1036,druid,restoration,66,38,28
Kezbaniye,silvermoon,1035,druid,restoration,18,11,7
Arenus,argent-dawn,1035,druid,restoration,62,25,37
Pakù,archimonde,1033,druid,restoration,12,11,1
Cárnagè,stormscale,1032,druid,restoration,98,44,54
Socialphobia,draenor,1032,druid,restoration,46,18,28
Ilovejager,archimonde,1032,druid,restoration,38,12,26
Haarbál,tarren-mill,1031,druid,restoration,18,11,7
Хикобай,gordunni,1031,druid,restoration,24,11,13
Murmétoile,chants-éternels,1031,druid,restoration,104,36,68
Sorahe,arthas,1030,druid,restoration,26,13,13
Прожималодру,deathguard,1030,druid,restoration,102,48,54
Mendozä,stormscale,1029,druid,restoration,82,38,44
Corrupthz,outland,1028,druid,restoration,24,11,13
Storpboom,drakthul,1028,druid,restoration,31,13,18
Greenthûmbs,sylvanas,1027,druid,restoration,24,11,13
Drúídárn,talnivarr,1027,druid,restoration,60,27,33
Klørfem,draenor,1027,druid,restoration,36,13,23
Driiptoohard,turalyon,1026,druid,restoration,201,102,99
Davincidru,tarren-mill,1026,druid,restoration,68,32,36
Muffinjump,outland,1026,druid,restoration,30,11,19
Pelacanyes,dun-modr,1025,druid,restoration,24,11,13
Holykòw,silvermoon,1025,druid,restoration,66,30,36
Daarty,tarren-mill,1025,druid,restoration,30,11,19
Druidelf,sylvanas,1022,druid,restoration,23,11,12
Takuna,nemesis,1022,druid,restoration,30,12,18
Crocobango,draenor,1022,druid,restoration,48,13,35
Æøøm,blackmoore,1021,druid,restoration,18,11,7
Raysien,doomhammer,1021,druid,restoration,24,13,11
Moonshîne,arygos,1021,druid,restoration,120,63,57
Shanikya,argent-dawn,1021,druid,restoration,44,20,24
Elrroir,dun-modr,1021,druid,restoration,34,12,22
Celegorn,burning-legion,1019,druid,restoration,18,11,7
Nøboorst,ravencrest,1019,druid,restoration,18,11,7
Yøunsa,medivh,1019,druid,restoration,54,29,25
Slashndasher,frostmane,1017,druid,restoration,24,17,7
Эмканегодяйк,galakrond,1016,druid,restoration,95,50,45
Artracos,thrall,1016,druid,restoration,65,18,47
Tsihsel,ravencrest,1014,druid,restoration,24,11,13
Bug,eredar,1013,druid,restoration,27,18,9
Mirreska,silvermoon,1013,druid,restoration,179,79,100
Uwina,silvermoon,1012,druid,restoration,24,14,10
Zêrg,ysondre,1012,druid,restoration,24,11,13
Nyha,garrosh,1012,druid,restoration,48,15,33
Komiker,ravencrest,1011,druid,restoration,47,29,18
Hâyâbusa,antonidas,1011,druid,restoration,30,11,19
Dirtyhacks,blackmoore,1010,druid,restoration,36,17,19
Tuonq,sylvanas,1010,druid,restoration,42,15,27
Дендринис,gordunni,1009,druid,restoration,30,19,11
Ceapamatii,sylvanas,1009,druid,restoration,88,40,48
Ukri,ravencrest,1008,druid,restoration,22,11,11
Rootmoschner,blackmoore,1005,druid,restoration,113,51,62
Ånaðeårmas,outland,1005,druid,restoration,27,12,15
Felfran,ravencrest,1005,druid,restoration,72,29,43
Luaavin,madmortem,1003,druid,restoration,28,14,14
Feedbark,stormscale,1002,druid,restoration,23,13,10
Dahelire,shendralar,1002,druid,restoration,60,30,30
Laserlars,blackrock,1001,druid,restoration,19,12,7
Noxann,archimonde,1001,druid,restoration,34,12,22
Hopê,burning-legion,1000,druid,restoration,138,76,62
Menolao,dun-morogh,1000,druid,restoration,119,62,57
Spankproof,kazzak,999,druid,restoration,20,12,8
Витшел,gordunni,999,druid,restoration,24,14,10
Дела,eversong,994,druid,restoration,36,21,15
Iseron,uldum,993,druid,restoration,58,32,26
Gnaro,ragnaros,992,druid,restoration,142,61,81
ßïgßúll,twisting-nether,990,druid,restoration,25,12,13
Nokodo,silvermoon,988,druid,restoration,39,19,20
Ревёрсс,soulflayer,988,druid,restoration,60,19,41
Sooamazing,korgall,987,druid,restoration,27,15,12
Moonfan,darkmoon-faire,986,druid,restoration,48,17,31
Zalherbata,burning-legion,986,druid,restoration,42,13,29
Snakemane,tarren-mill,985,druid,restoration,71,37,34
Yespapa,kazzak,985,druid,restoration,273,140,133
Escortdruid,blackmoore,985,druid,restoration,76,27,49
Spikill,uldaman,984,druid,restoration,40,26,14
Rbosse,aszune,983,druid,restoration,20,11,9
Wolfverina,sylvanas,982,druid,restoration,63,35,28
Тевио,gordunni,981,druid,restoration,195,88,107
Ковролин,gordunni,979,druid,restoration,37,14,23
Maiavin,earthen-ring,978,druid,restoration,15,12,3
Ellismera,argent-dawn,978,druid,restoration,36,17,19
Baineaordur,krasus,978,druid,restoration,24,11,13
Chéchédroïd,marécage-de-zangar,978,druid,restoration,76,34,42
Krollix,dun-morogh,977,druid,restoration,59,34,25
Raylla,dun-modr,976,druid,restoration,36,19,17
Johndru,kazzak,976,druid,restoration,113,48,65
Aègon,ravencrest,975,druid,restoration,30,13,17
Arydan,quelthalas,974,druid,restoration,28,11,17
Nali,arthas,972,druid,restoration,19,12,7
Sinthorasia,blackrock,972,druid,restoration,28,12,16
Jamburapro,sylvanas,971,druid,restoration,172,87,85
Tombenuit,tarren-mill,970,druid,restoration,30,15,15
Zalmoxiss,ravencrest,968,druid,restoration,60,34,26
Lùmy,arygos,967,druid,restoration,42,18,24
Benjosef,blackmoore,966,druid,restoration,110,53,57
Альбигоиц,thermaplugg,966,druid,restoration,40,17,23
Ванилане,ashenvale,965,druid,restoration,98,42,56
Jehtrotull,nemesis,965,druid,restoration,46,18,28
Флиперкэт,howling-fjord,965,druid,restoration,98,38,60
Zerschmatzen,aegwynn,965,druid,restoration,75,23,52
Naturaliista,burning-legion,963,druid,restoration,64,25,39
Wegian,sylvanas,962,druid,restoration,63,36,27
Alirynn,argent-dawn,962,druid,restoration,66,35,31
Blolzz,silvermoon,962,druid,restoration,48,25,23
Фэйблуд,blackscar,962,druid,restoration,216,109,107
Hushorde,twisting-nether,962,druid,restoration,120,55,65
Teranaattori,the-maelstrom,962,druid,restoration,47,14,33
Karochi,kazzak,961,druid,restoration,28,17,11
Wolfeiy,ravenholdt,961,druid,restoration,145,77,68
Nuurah,silvermoon,960,druid,restoration,18,10,8
Bntyx,dun-modr,960,druid,restoration,18,10,8
Eviency,outland,960,druid,restoration,24,10,14
Hotsy,ravencrest,959,druid,restoration,12,10,2
Worstdruid,sanguino,959,druid,restoration,12,10,2
Mysao,dalaran,959,druid,restoration,18,10,8
Snedden,silvermoon,959,druid,restoration,30,15,15
Juhudy,kazzak,959,druid,restoration,24,10,14
Holybarkz,aegwynn,959,druid,restoration,24,10,14
Tjann,darksorrow,959,druid,restoration,24,10,14
Bäckey,silvermoon,958,druid,restoration,12,10,2
Rînaa,ravencrest,958,druid,restoration,18,10,8
Mancy,silvermoon,958,druid,restoration,18,10,8
Demncow,twisting-nether,958,druid,restoration,18,10,8
Bazilika,argent-dawn,958,druid,restoration,161,82,79
Krattos,outland,958,druid,restoration,24,10,14
Vacaleiteira,aggra-português,958,druid,restoration,24,10,14
Iqfrags,silvermoon,957,druid,restoration,27,18,9
Shaorma,ravencrest,957,druid,restoration,42,25,17
Taylegøðx,ravencrest,957,druid,restoration,18,10,8
Cobradrood,culte-de-la-rive-noire,957,druid,restoration,91,42,49
Takar,dalaran,957,druid,restoration,54,19,35
Catkayn,stormscale,957,druid,restoration,107,36,71
Patrík,twisting-nether,955,druid,restoration,30,10,20
Lzo,silvermoon,954,druid,restoration,18,10,8
Featherball,tarren-mill,953,druid,restoration,48,27,21
Kladdkaka,earthen-ring,953,druid,restoration,18,10,8
Allod,stormscale,953,druid,restoration,267,136,131
Wizår,outland,952,druid,restoration,24,10,14
Энчантерес,gordunni,952,druid,restoration,30,10,20
Fackloner,zuljin,951,druid,restoration,24,10,14
Jenovas,argent-dawn,951,druid,restoration,24,10,14
Tharteu,sanguino,951,druid,restoration,30,10,20
Magneziie,drakthul,949,druid,restoration,18,10,8
Варсан,howling-fjord,949,druid,restoration,57,27,30
Dstarzu,archimonde,949,druid,restoration,29,13,16
Tílac,eredar,947,druid,restoration,18,10,8
Sinestah,ravencrest,947,druid,restoration,127,61,66
Triplej,twisting-nether,946,druid,restoration,52,26,26
Lathlas,defias-brotherhood,946,druid,restoration,24,12,12
Elgallonegro,blackrock,943,druid,restoration,18,10,8
Bislait,archimonde,942,druid,restoration,117,53,64
Тиктиктак,fordragon,941,druid,restoration,83,28,55
Nargaí,kargath,940,druid,restoration,66,28,38
Erinark,aegwynn,940,druid,restoration,42,10,32
Fajia,frostmane,939,druid,restoration,36,10,26
Buffspencer,ragnaros,936,druid,restoration,107,56,51
Nimèl,argent-dawn,936,druid,restoration,42,18,24
Aliani,trollbane,936,druid,restoration,36,10,26
Beazze,drakthul,933,druid,restoration,60,23,37
Fubarmeep,outland,932,druid,restoration,42,22,20
Narawenn,ysondre,932,druid,restoration,78,36,42
Zydruid,silvermoon,932,druid,restoration,24,10,14
Djclonex,archimonde,931,druid,restoration,64,32,32
Gunqer,burning-legion,931,druid,restoration,42,18,24
Roséa,ravencrest,931,druid,restoration,40,16,24
Madschinken,malganis,931,druid,restoration,113,40,73
Borne,aggra-português,930,druid,restoration,24,10,14
Kaydjan,elune,929,druid,restoration,36,18,18
Revoidý,blackmoore,929,druid,restoration,72,20,52
Loumpa,hyjal,928,druid,restoration,28,16,12
Gribix,kazzak,927,druid,restoration,18,10,8
Борзойрог,soulflayer,927,druid,restoration,66,31,35
Argbjörn,sylvanas,926,druid,restoration,102,45,57
Retroix,nefarian,926,druid,restoration,31,13,18
Do,alakir,925,druid,restoration,60,27,33
Malfis,the-maelstrom,924,druid,restoration,30,12,18
Kl,archimonde,924,druid,restoration,42,10,32
Drrood,stormscale,923,druid,restoration,14,11,3
Arminíus,die-silberne-hand,923,druid,restoration,101,39,62
Tribaldawn,ragnaros,922,druid,restoration,18,11,7
Knoohz,twisting-nether,921,druid,restoration,36,18,18
Dokus,grim-batol,921,druid,restoration,36,14,22
Пачкачая,howling-fjord,916,druid,restoration,86,46,40
Visurat,tarren-mill,916,druid,restoration,100,46,54
Druidicmorr,sylvanas,915,druid,restoration,22,10,12
Spaartaa,blackhand,915,druid,restoration,66,23,43
Rumjin,burning-blade,913,druid,restoration,46,13,33
Pitsas,silvermoon,912,druid,restoration,401,193,208
Bunnykiss,kazzak,911,druid,restoration,42,20,22
Hairytree,outland,911,druid,restoration,26,12,14
Мирафлоресс,booty-bay,911,druid,restoration,118,52,66
Yam,thrall,911,druid,restoration,29,10,19
Бехеровка,grom,910,druid,restoration,58,24,34
Feanthur,drakthul,909,druid,restoration,227,112,115
Bigpopp,kazzak,909,druid,restoration,24,10,14
Woodrla,sylvanas,908,druid,restoration,54,30,24
Psychogirl,area-52,908,druid,restoration,55,26,29
Kirkey,terokkar,907,druid,restoration,106,51,55
Kárél,drakthul,906,druid,restoration,24,12,12
Kroshka,sylvanas,906,druid,restoration,24,10,14
Ella,kult-der-verdammten,905,druid,restoration,263,127,136
Alligatordru,kazzak,905,druid,restoration,30,13,17
Prettysavage,blackhand,905,druid,restoration,37,11,26
Åfk,ravencrest,904,druid,restoration,29,12,17
Nutzlos,azshara,903,druid,restoration,162,60,102
Minimuuh,blackhand,902,druid,restoration,36,18,18
Dablolo,ravencrest,901,druid,restoration,18,11,7
Medreas,argent-dawn,901,druid,restoration,27,13,14
Bearshift,aggra-português,900,druid,restoration,72,28,44
Joji,la-croisade-écarlate,898,druid,restoration,45,17,28
Pussn,twisting-nether,898,druid,restoration,30,10,20
Dùrban,archimonde,896,druid,restoration,28,14,14
Missfar,doomhammer,896,druid,restoration,66,28,38
Lorucka,die-nachtwache,894,druid,restoration,20,10,10
Gladyon,ravencrest,894,druid,restoration,30,13,17
Ктотоизкчр,gordunni,892,druid,restoration,14,10,4
Moonbloom,defias-brotherhood,891,druid,restoration,17,10,7
Allagís,kul-tiras,890,druid,restoration,43,22,21
Maylika,hyjal,889,druid,restoration,82,29,53
Sároman,ravencrest,889,druid,restoration,38,10,28
ßlackßåmßå,zuljin,886,druid,restoration,29,13,16
Liloè,onyxia,885,druid,restoration,108,52,56
Zyska,outland,885,druid,restoration,330,149,181
Sweetanglesz,khadgar,885,druid,restoration,102,36,66
Kiwara,malganis,884,druid,restoration,24,12,12
Snifa,the-venture-co,883,druid,restoration,31,13,18
Nachtelf,lightbringer,881,druid,restoration,96,36,60
Purple,draenor,880,druid,restoration,48,22,26
Coolbro,hyjal,879,druid,restoration,54,16,38
Arthoriana,thrall,878,druid,restoration,47,10,37
Yggdraasil,pozzo-delleternità,877,druid,restoration,48,23,25
Pøzy,sanguino,875,druid,restoration,36,19,17
Lyarx,ragnaros,873,druid,restoration,42,20,22
Trol,malganis,871,druid,restoration,33,16,17
Barbesco,zuljin,871,druid,restoration,153,74,79
Ellinaki,neptulon,870,druid,restoration,144,69,75
Arianator,culte-de-la-rive-noire,870,druid,restoration,101,47,54
Инуараши,ashenvale,867,druid,restoration,56,23,33
Panacée,dalaran,864,druid,restoration,42,22,20
Koshai,twisting-nether,864,druid,restoration,18,9,9
Nyllou,culte-de-la-rive-noire,864,druid,restoration,18,9,9
Thorrkk,azshara,864,druid,restoration,18,9,9
Noramun,blackmoore,864,druid,restoration,18,9,9
Isaacpewton,antonidas,864,druid,restoration,18,9,9
Иксвовски,gordunni,864,druid,restoration,18,9,9
Pissbomb,ravencrest,864,druid,restoration,18,9,9
Ponardo,outland,864,druid,restoration,19,9,10
Jàgër,archimonde,864,druid,restoration,24,9,15
Ëlyt,blackmoore,863,druid,restoration,15,10,5
Meowu,twisting-nether,863,druid,restoration,18,9,9
Svanturken,kazzak,863,druid,restoration,18,9,9
Druidtar,burning-steppes,863,druid,restoration,18,9,9
Kalihaze,silvermoon,863,druid,restoration,18,9,9
Madmanul,draenor,863,druid,restoration,18,9,9
Jtsoigne,ysondre,863,druid,restoration,40,19,21
Casic,echsenkessel,863,druid,restoration,24,9,15
Çhuucky,khaz-modan,863,druid,restoration,109,37,72
Nellro,blackrock,863,druid,restoration,30,9,21
Csmedruid,blackrock,862,druid,restoration,18,9,9
Lunatrixs,dun-modr,862,druid,restoration,52,23,29
Tigerroll,kazzak,862,druid,restoration,24,9,15
Bîloux,ysondre,861,druid,restoration,12,9,3
Ackyo,ysondre,861,druid,restoration,18,9,9
Jugai,archimonde,861,druid,restoration,18,9,9
Qekw,blackhand,861,druid,restoration,18,9,9
Smucka,ragnaros,861,druid,restoration,24,9,15
Furía,anubarak,861,druid,restoration,27,10,17
Fknmad,burning-blade,860,druid,restoration,12,9,3
Bâchl,antonidas,860,druid,restoration,24,12,12
Thardruid,stormscale,860,druid,restoration,18,9,9
Dopadruid,ravencrest,860,druid,restoration,18,9,9
Helguard,silvermoon,860,druid,restoration,24,9,15
Sneedlewøødz,exodar,860,druid,restoration,24,9,15
Caturday,terrordar,859,druid,restoration,30,13,17
Elo,dun-morogh,858,druid,restoration,18,9,9
Skilloxus,gilneas,858,druid,restoration,194,78,116
Angryfatdudu,draenor,857,druid,restoration,30,9,21
Gargasina,colinas-pardas,856,druid,restoration,28,15,13
Synoe,la-croisade-écarlate,855,druid,restoration,18,9,9
Bartoluca,twisting-nether,855,druid,restoration,52,11,41
Aivy,boulderfist,854,druid,restoration,37,17,20
Släshes,stormreaver,854,druid,restoration,24,9,15
Nious,kazzak,853,druid,restoration,24,9,15
Rexadria,blackrock,853,druid,restoration,30,9,21
Tightaníc,sylvanas,852,druid,restoration,18,9,9
Enføld,ravencrest,850,druid,restoration,20,9,11
Macanbre,tarren-mill,848,druid,restoration,84,38,46
Faelune,argent-dawn,846,druid,restoration,18,9,9
Chujogrzmot,kazzak,843,druid,restoration,23,9,14
Healingelf,argent-dawn,841,druid,restoration,18,10,8
Speedlebee,malganis,841,druid,restoration,18,9,9
Seabath,kirin-tor,841,druid,restoration,24,9,15
Ганаа,howling-fjord,840,druid,restoration,58,25,33
Bezzel,doomhammer,838,druid,restoration,24,9,15
Drutoomight,tarren-mill,838,druid,restoration,24,9,15
Pudseytree,doomhammer,836,druid,restoration,120,53,67
Shawtyx,argent-dawn,836,druid,restoration,74,28,46
Котанет,gordunni,835,druid,restoration,60,24,36
Clearwipe,thunderhorn,835,druid,restoration,24,9,15
Shokazu,blackmoore,832,druid,restoration,165,75,90
Robeala,twisting-nether,832,druid,restoration,42,17,25
Махх,howling-fjord,832,druid,restoration,24,9,15
Элеарсия,gordunni,832,druid,restoration,84,30,54
Rááy,blackrock,831,druid,restoration,17,9,8
Braxxiloa,nazjatar,830,druid,restoration,18,9,9
Corrosion,outland,830,druid,restoration,118,51,67
Blacksnarl,kazzak,827,druid,restoration,678,323,355
Nube,alonsus,826,druid,restoration,66,25,41
Ruap,blackmoore,822,druid,restoration,20,10,10
Nastygluejjr,terokkar,822,druid,restoration,32,12,20
Ratskrone,alleria,821,druid,restoration,184,84,100
Relay,ragnaros,821,druid,restoration,48,18,30
Oyoyo,kaelthas,819,druid,restoration,20,10,10
Mimesis,argent-dawn,819,druid,restoration,186,76,110
Metaboss,ravencrest,817,druid,restoration,71,24,47
Karvapersé,argent-dawn,816,druid,restoration,24,10,14
Akindudu,twisting-nether,815,druid,restoration,15,9,6
Adminble,alakir,815,druid,restoration,78,32,46
Darkstalker,arygos,814,druid,restoration,42,9,33
Khalynn,eredar,808,druid,restoration,86,28,58
Alexifaw,voljin,807,druid,restoration,16,10,6
Omegaheals,scarshield-legion,807,druid,restoration,54,24,30
Bärførceøne,blackrock,805,druid,restoration,36,14,22
Thélon,antonidas,804,druid,restoration,117,56,61
Healbrah,burning-blade,804,druid,restoration,99,28,71
Longtool,doomhammer,803,druid,restoration,126,46,80
Leyea,ravencrest,800,druid,restoration,41,12,29
Kiadorn,stormreaver,799,druid,restoration,22,9,13
Trytargetme,outland,796,druid,restoration,17,9,8
Detlaff,draenor,795,druid,restoration,28,9,19
Амильфийка,blackscar,794,druid,restoration,21,10,11
Merakir,dun-modr,790,druid,restoration,96,34,62
Maart,twisting-nether,788,druid,restoration,98,34,64
Sacmycløne,draenor,786,druid,restoration,35,10,25
Grüezi,sylvanas,785,druid,restoration,35,10,25
Arysae,die-aldor,785,druid,restoration,40,11,29
Bidodici,nemesis,783,druid,restoration,135,57,78
Buufu,kazzak,780,druid,restoration,19,9,10
Shakshun,draenor,777,druid,restoration,42,14,28
Lyndruid,sylvanas,774,druid,restoration,138,51,87
Morphûs,kaelthas,773,druid,restoration,111,45,66
Droodfist,khaz-modan,769,druid,restoration,96,40,56
Kerataas,lightnings-blade,769,druid,restoration,35,14,21
Citir,twisting-nether,769,druid,restoration,77,24,53
Målukah,archimonde,768,druid,restoration,12,8,4
Catdoge,thrall,768,druid,restoration,12,8,4
Jellyxdd,silvermoon,768,druid,restoration,12,8,4
Stinka,ravencrest,768,druid,restoration,12,8,4
Méné,blackhand,768,druid,restoration,12,8,4
Acxaryl,stormscale,768,druid,restoration,12,8,4
Dablol,draenor,768,druid,restoration,12,8,4
Kaod,outland,768,druid,restoration,35,17,18
Arrvid,sylvanas,768,druid,restoration,18,8,10
Murlwywy,blackmoore,768,druid,restoration,18,8,10
Jin,the-venture-co,768,druid,restoration,18,8,10
Shegal,uldum,768,druid,restoration,18,8,10
Xanxiety,outland,768,druid,restoration,18,8,10
Huebbi,blackmoore,768,druid,restoration,18,8,10
Tormentedlol,outland,768,druid,restoration,18,8,10
Kopet,the-maelstrom,768,druid,restoration,18,8,10
Neverfall,aegwynn,768,druid,restoration,24,10,14
Ajaÿ,sylvanas,768,druid,restoration,24,8,16
Taylrswftmnd,twisting-nether,767,druid,restoration,12,8,4
Piggo,tarren-mill,767,druid,restoration,12,8,4
Predattor,grim-batol,767,druid,restoration,20,10,10
Hirodompa,archimonde,767,druid,restoration,18,8,10
Elyrai,drakthul,767,druid,restoration,18,8,10
Theprey,tarren-mill,767,druid,restoration,18,8,10
Brindefolie,archimonde,767,druid,restoration,18,8,10
Quasarx,ravencrest,767,druid,restoration,18,8,10
Lavague,hyjal,767,druid,restoration,18,8,10
Птицун,gordunni,767,druid,restoration,18,8,10
Spoilers,amanthul,767,druid,restoration,18,8,10
Seekx,silvermoon,766,druid,restoration,12,8,4
Bearpawzz,kazzak,766,druid,restoration,12,8,4
Thespanker,aggramar,766,druid,restoration,15,9,6
Ghxsty,silvermoon,766,druid,restoration,18,8,10
Джунали,howling-fjord,766,druid,restoration,24,8,16
Uncleruccus,outland,766,druid,restoration,24,8,16
Skrith,stormscale,766,druid,restoration,24,8,16
Мерлинз,lich-king,765,druid,restoration,12,8,4
Сокдобрый,gordunni,765,druid,restoration,12,8,4
Razudru,nerathor,765,druid,restoration,15,8,7
Crydotcom,aegwynn,765,druid,restoration,18,8,10
Biebear,sylvanas,765,druid,restoration,30,8,22
Pewpewflap,kazzak,764,druid,restoration,18,8,10
Марголав,gordunni,764,druid,restoration,18,8,10
Wísh,stormscale,764,druid,restoration,18,8,10
Druul,frostwolf,764,druid,restoration,18,8,10
Speeddemonx,tarren-mill,764,druid,restoration,19,8,11
Jahmandudu,ragnaros,764,druid,restoration,24,8,16
Daluria,malganis,763,druid,restoration,18,8,10
Furbyz,kazzak,763,druid,restoration,18,8,10
Шинедрелл,gordunni,763,druid,restoration,24,8,16
Aisak,burning-legion,763,druid,restoration,24,8,16
Yamashi,stormscale,762,druid,restoration,18,8,10
Muju,stormscale,762,druid,restoration,70,30,40
Jendiiss,drakthul,762,druid,restoration,47,16,31
Boompjeh,chamber-of-aspects,761,druid,restoration,12,8,4
Ðrake,eredar,759,druid,restoration,18,8,10
Swiftbloom,bronze-dragonflight,759,druid,restoration,24,8,16
Зервес,gordunni,759,druid,restoration,30,8,22
Фотинайдер,blackscar,758,druid,restoration,24,8,16
Kkthanks,twisting-nether,757,druid,restoration,12,8,4
Semiflora,silvermoon,757,druid,restoration,24,8,16
Myos,conseil-des-ombres,756,druid,restoration,24,8,16
Karmacowboy,ravencrest,756,druid,restoration,24,8,16
Мицкид,gordunni,756,druid,restoration,29,9,20
Mandy,spinebreaker,755,druid,restoration,18,8,10
Houwalia,archimonde,754,druid,restoration,60,25,35
Vestor,ravencrest,754,druid,restoration,24,8,16
Hootymactoot,magtheridon,752,druid,restoration,12,8,4
Tarneil,magtheridon,752,druid,restoration,18,8,10
Norrma,silvermoon,751,druid,restoration,24,8,16
Ostara,blackmoore,751,druid,restoration,24,8,16
Nàrina,der-abyssische-rat,750,druid,restoration,18,8,10
Oceanvibes,tarren-mill,750,druid,restoration,23,8,15
Creadora,ravencrest,750,druid,restoration,30,8,22
Wildblu,nemesis,748,druid,restoration,24,8,16
Foyboy,ravencrest,747,druid,restoration,62,13,49
Arrock,malfurion,745,druid,restoration,36,13,23
Inysea,die-aldor,743,druid,restoration,84,24,60
Aelly,stormreaver,742,druid,restoration,18,8,10
Frostfox,ghostlands,741,druid,restoration,22,9,13
Haveacoffee,stormscale,741,druid,restoration,55,18,37
Nozev,silvermoon,739,druid,restoration,24,8,16
Skraks,ysondre,739,druid,restoration,30,8,22
Krayzz,tarren-mill,736,druid,restoration,28,8,20
Ivysun,auchindoun,734,druid,restoration,20,9,11
Nelfurion,twisting-nether,734,druid,restoration,20,9,11
Saxondale,aszune,729,druid,restoration,18,8,10
Широзоид,howling-fjord,728,druid,restoration,28,8,20
Mjutun,outland,727,druid,restoration,20,9,11
Soezzdrood,archimonde,727,druid,restoration,19,8,11
Kuokkanen,azuremyst,726,druid,restoration,21,9,12
Исмалат,howling-fjord,726,druid,restoration,25,9,16
Лордсенка,eversong,721,druid,restoration,18,8,10
Unt,emerald-dream,718,druid,restoration,17,8,9
Catman,eredar,717,druid,restoration,15,9,6
Тремакулан,gordunni,711,druid,restoration,18,9,9
Chainbrake,sylvanas,707,druid,restoration,27,11,16
Sylocin,earthen-ring,699,druid,restoration,16,8,8
Найтед,gordunni,678,druid,restoration,17,10,7
Fòggie,silvermoon,675,druid,restoration,28,9,19
Магараганага,azuregos,675,druid,restoration,25,8,17
Drblackus,draenor,672,druid,restoration,9,8,1
Djgírlßøssqt,argent-dawn,672,druid,restoration,12,7,5
Tlxrdlx,archimonde,672,druid,restoration,12,7,5
Мостурбаза,soulflayer,672,druid,restoration,12,7,5
Buckxxz,aegwynn,672,druid,restoration,12,7,5
Ohshift,drakthul,672,druid,restoration,12,7,5
Jacksonh,blackmoore,672,druid,restoration,12,7,5
Bomor,dragonblight,672,druid,restoration,12,7,5
Zarune,sanguino,672,druid,restoration,12,7,5
Антиблэк,soulflayer,672,druid,restoration,12,7,5
Krewèlla,emerald-dream,672,druid,restoration,12,7,5
Bll,defias-brotherhood,672,druid,restoration,12,7,5
Сумрачнный,gordunni,672,druid,restoration,12,7,5
Jakeffsake,stormscale,672,druid,restoration,12,7,5
Mojakravicaa,stormscale,672,druid,restoration,12,7,5
Astodruid,defias-brotherhood,672,druid,restoration,12,7,5
Luuxiå,archimonde,672,druid,restoration,12,7,5
Lùnæxqt,hyjal,672,druid,restoration,12,7,5
Graouphro,hyjal,672,druid,restoration,12,7,5
Vertígo,ravencrest,672,druid,restoration,12,7,5
Zhényá,ravencrest,672,druid,restoration,16,8,8
Bgwell,archimonde,672,druid,restoration,18,7,11
Buzzlîghtyea,outland,672,druid,restoration,18,7,11
Sonyk,drakthul,672,druid,restoration,18,7,11
Higuys,the-maelstrom,672,druid,restoration,18,7,11
Djalexdruid,kazzak,672,druid,restoration,18,7,11
Juhato,outland,672,druid,restoration,18,7,11
Xanánioma,ravencrest,672,druid,restoration,18,7,11
Darkyblood,archimonde,672,druid,restoration,18,7,11
Vivere,frostmane,672,druid,restoration,23,7,16
Стомпбр,gordunni,672,druid,restoration,24,7,17
Kluggerz,silvermoon,672,druid,restoration,24,7,17
Neverpanic,stormscale,672,druid,restoration,24,7,17
Inochi,ravencrest,672,druid,restoration,24,7,17
Coineagan,frostmourne,672,druid,restoration,24,7,17
Stormendru,kazzak,672,druid,restoration,24,7,17
Xbalanc,kazzak,672,druid,restoration,24,7,17
Shackari,ravencrest,671,druid,restoration,12,7,5
Гимодера,gordunni,671,druid,restoration,12,7,5
Pomdöner,echsenkessel,671,druid,restoration,12,7,5
Zatarmix,sylvanas,671,druid,restoration,12,7,5
Nicotic,kazzak,671,druid,restoration,12,7,5
Мамамышь,gordunni,671,druid,restoration,12,7,5
Darktigrou,archimonde,671,druid,restoration,12,7,5
Badballance,outland,671,druid,restoration,12,7,5
Thyana,blackrock,671,druid,restoration,12,7,5
Møonknight,ravencrest,671,druid,restoration,18,7,11
Хаширожизни,gordunni,671,druid,restoration,18,7,11
Zoura,ysondre,671,druid,restoration,18,7,11
Sitruu,zenedar,671,druid,restoration,18,7,11
Rosskemp,tarren-mill,671,druid,restoration,18,7,11
Crazydos,tarren-mill,671,druid,restoration,24,7,17
Шеданна,gordunni,671,druid,restoration,24,7,17
Gstahr,taerar,671,druid,restoration,24,7,17
Greenberry,eonar,670,druid,restoration,12,7,5
Azumera,silvermoon,670,druid,restoration,12,7,5
Blooming,ravencrest,670,druid,restoration,12,7,5
Valoryon,outland,670,druid,restoration,12,7,5
Behemothe,dalaran,670,druid,restoration,12,7,5
Cerius,drakthul,670,druid,restoration,12,7,5
Alvee,ravencrest,670,druid,restoration,14,8,6
Skeolicious,hyjal,670,druid,restoration,18,7,11
Imissclone,outland,670,druid,restoration,18,7,11
Naicy,khaz-modan,670,druid,restoration,30,7,23
Тиимон,borean-tundra,669,druid,restoration,12,7,5
Nortii,drakthul,669,druid,restoration,12,7,5
Melcharis,frostwolf,669,druid,restoration,18,7,11
Mailiin,lordaeron,669,druid,restoration,18,7,11
Derie,nazjatar,669,druid,restoration,18,7,11
Azenoir,ravencrest,669,druid,restoration,18,7,11
Xavoths,outland,669,druid,restoration,18,7,11
Chintawaz,archimonde,669,druid,restoration,22,8,14
Gailiûga,kazzak,669,druid,restoration,25,8,17
Druidbox,ravencrest,668,druid,restoration,12,7,5
Alfrëd,quelthalas,668,druid,restoration,18,7,11
Seasexsune,antonidas,668,druid,restoration,18,7,11
Belucky,outland,668,druid,restoration,24,7,17
Coínlíp,drakthul,668,druid,restoration,24,7,17
Scopar,aegwynn,668,druid,restoration,36,7,29
Garzok,rashgarroth,667,druid,restoration,18,7,11
Lùxs,silvermoon,667,druid,restoration,18,7,11
Thaeldres,argent-dawn,667,druid,restoration,18,7,11
Kazekengan,draenor,667,druid,restoration,24,7,17
Tá,kazzak,667,druid,restoration,30,7,23
Zolaheuzis,argent-dawn,667,druid,restoration,42,7,35
Zauräk,ysondre,666,druid,restoration,12,7,5
Druidul,sylvanas,666,druid,restoration,12,7,5
Inspira,teldrassil,666,druid,restoration,18,7,11
Acalien,ambossar,666,druid,restoration,24,7,17
Bepanten,azshara,665,druid,restoration,18,7,11
Thornstar,sylvanas,665,druid,restoration,18,7,11
Syre,pozzo-delleternità,664,druid,restoration,12,7,5
Krennan,darkspear,664,druid,restoration,12,7,5
Bloomzy,outland,662,druid,restoration,18,7,11
Druiddamage,the-maelstrom,660,druid,restoration,18,7,11
Rukashi,die-aldor,659,druid,restoration,12,7,5
Raktav,kazzak,659,druid,restoration,12,7,5
Kinisha,dun-morogh,659,druid,restoration,18,7,11
Сутулоерыгло,howling-fjord,658,druid,restoration,20,7,13
Jooblob,guldan,658,druid,restoration,30,7,23
Бацна,gordunni,656,druid,restoration,24,7,17
Tranduiil,drakthul,653,druid,restoration,24,7,17
Florizar,elune,650,druid,restoration,18,7,11
Voodoodrood,draenor,645,druid,restoration,36,7,29
Muhjini,eredar,643,druid,restoration,27,9,18
Amelosta,silvermoon,637,druid,restoration,49,9,40
Lyvaley,dun-modr,629,druid,restoration,28,7,21
Унаген,howling-fjord,624,druid,restoration,15,8,7
Mymoms,stormscale,624,druid,restoration,21,7,14
Нюхнимедведя,blackscar,623,druid,restoration,11,7,4
Fatdroodz,draenor,622,druid,restoration,30,8,22
Tmhaikyu,blackhand,621,druid,restoration,21,8,13
Justdmg,ravencrest,618,druid,restoration,13,8,5
Whitemaine,aggramar,615,druid,restoration,14,8,6
Kapidrooqt,suramar,615,druid,restoration,15,8,7
Séifér,auchindoun,614,druid,restoration,26,8,18
Grówl,kazzak,613,druid,restoration,27,9,18
Rammtarn,boulderfist,613,druid,restoration,73,20,53
Poonkin,ravencrest,610,druid,restoration,23,7,16
Vellusdruid,burning-legion,607,druid,restoration,14,7,7
Метафрея,gordunni,605,druid,restoration,11,7,4
Søfiaa,argent-dawn,605,druid,restoration,40,8,32
Crazywild,archimonde,596,druid,restoration,18,8,10
Moonwrath,hyjal,591,druid,restoration,19,7,12
Gobachi,emeriss,585,druid,restoration,13,7,6
Draxedin,kazzak,576,druid,restoration,6,6,0
Abercrombx,thrall,576,druid,restoration,6,6,0
Tafsiri,stormscale,576,druid,restoration,12,6,6
Biggttgothgf,doomhammer,576,druid,restoration,12,6,6
Zaelithree,archimonde,576,druid,restoration,12,6,6
Lolimadudu,silvermoon,576,druid,restoration,12,6,6
Freddyßear,draenor,576,druid,restoration,12,6,6
Ассканий,booty-bay,576,druid,restoration,12,6,6
Vindruva,ravencrest,576,druid,restoration,12,6,6
Nivcat,kazzak,576,druid,restoration,12,6,6
Hecatos,hyjal,576,druid,restoration,12,6,6
Mccarthy,archimonde,576,druid,restoration,12,6,6
Outformpoly,ravencrest,576,druid,restoration,12,6,6
Piñaclo,archimonde,576,druid,restoration,12,6,6
Tinkérbell,blackmoore,576,druid,restoration,12,6,6
Telpha,onyxia,576,druid,restoration,12,6,6
Rycnd,tarren-mill,576,druid,restoration,12,6,6
Ferraribob,ravencrest,576,druid,restoration,12,6,6
Bøømerswågxx,twisting-nether,576,druid,restoration,12,6,6
Thilethyl,aggra-português,576,druid,restoration,12,6,6
Cyriaan,eredar,576,druid,restoration,12,6,6
Jhiun,ragnaros,576,druid,restoration,12,6,6
Sálty,aegwynn,576,druid,restoration,12,6,6
Ravnac,aegwynn,576,druid,restoration,12,6,6
Pogidruid,ragnaros,576,druid,restoration,12,6,6
Tashani,blackhand,576,druid,restoration,12,6,6
Theforest,stormscale,576,druid,restoration,12,6,6
Bilmo,ragnaros,576,druid,restoration,12,6,6
Taicoo,outland,576,druid,restoration,12,6,6
Fotmheroqtxd,ravencrest,576,druid,restoration,12,6,6
Daurex,stormreaver,576,druid,restoration,12,6,6
Jincksdru,ravencrest,576,druid,restoration,12,6,6
Sakkosækk,ravencrest,576,druid,restoration,12,6,6
Dijii,the-maelstrom,576,druid,restoration,13,6,7
Worsteux,blackrock,576,druid,restoration,14,6,8
Âurum,silvermoon,576,druid,restoration,14,6,8
Ãmba,blackrock,576,druid,restoration,15,6,9
Deazydrood,blackrock,576,druid,restoration,18,6,12
Pölkky,argent-dawn,576,druid,restoration,18,6,12
Suevlaki,ragnaros,576,druid,restoration,18,6,12
Tjillevippen,tarren-mill,576,druid,restoration,18,6,12
Randomnup,sanguino,576,druid,restoration,18,6,12
Arcaníer,draenor,576,druid,restoration,18,6,12
Critdruid,kazzak,576,druid,restoration,18,6,12
Imaginarý,ravencrest,576,druid,restoration,22,6,16
Garbloom,silvermoon,575,druid,restoration,12,6,6
Iamsocute,silvermoon,575,druid,restoration,12,6,6
Lanmìe,malganis,575,druid,restoration,12,6,6
Thiudaish,tarren-mill,575,druid,restoration,12,6,6
Mistgone,hyjal,575,druid,restoration,12,6,6
Bullwyse,malganis,575,druid,restoration,12,6,6
Scarrymonsta,outland,575,druid,restoration,12,6,6
Lucidor,frostmane,575,druid,restoration,12,6,6
Fiberpäls,magtheridon,575,druid,restoration,12,6,6
Wykked,outland,575,druid,restoration,12,6,6
Fordirion,ravencrest,575,druid,restoration,12,6,6
Jinxaran,culte-de-la-rive-noire,575,druid,restoration,12,6,6
Ænea,aegwynn,575,druid,restoration,15,7,8
Jasof,sylvanas,575,druid,restoration,15,7,8
Sóratas,blackhand,575,druid,restoration,18,6,12
Storfjåset,stormscale,575,druid,restoration,18,6,12
Dorange,stormscale,575,druid,restoration,18,6,12
Faelendris,culte-de-la-rive-noire,575,druid,restoration,18,6,12
Sartipus,draenor,575,druid,restoration,18,6,12
Pouletqt,archimonde,575,druid,restoration,18,6,12
Ipiridian,kargath,575,druid,restoration,18,6,12
Drbark,blackmoore,575,druid,restoration,18,6,12
Grîsh,burning-legion,575,druid,restoration,18,6,12
Fiq,silvermoon,575,druid,restoration,18,6,12
Mascraxx,earthen-ring,575,druid,restoration,18,6,12
Eladhria,arakarahm,575,druid,restoration,18,6,12
Emidrem,ravencrest,575,druid,restoration,22,7,15
Bobromila,burning-blade,575,druid,restoration,24,6,18
Оксинаген,ashenvale,574,druid,restoration,12,6,6
Paskixoxo,ravencrest,574,druid,restoration,12,6,6
Spritzer,tarren-mill,574,druid,restoration,12,6,6
Tryglor,blackhand,574,druid,restoration,18,6,12
Rìften,stormscale,574,druid,restoration,18,6,12
Magnusson,shadowsong,574,druid,restoration,24,6,18
Goatmeal,draenor,574,druid,restoration,24,6,18
Oaky,alonsus,573,druid,restoration,12,6,6
Kalimdori,antonidas,573,druid,restoration,12,6,6
Swo,emeriss,573,druid,restoration,24,6,18
Ragdru,twisting-nether,573,druid,restoration,24,6,18
Shadówglen,defias-brotherhood,573,druid,restoration,30,6,24
Deb,uldaman,572,druid,restoration,12,6,6
Rouvikonas,silvermoon,572,druid,restoration,12,6,6
Taskingoman,twisting-nether,572,druid,restoration,12,6,6
Bearhúg,kazzak,572,druid,restoration,18,6,12
Aspegic,grim-batol,572,druid,restoration,30,6,24
Wildsoul,hyjal,571,druid,restoration,12,6,6
Sfteddy,tarren-mill,571,druid,restoration,18,6,12
Diigga,eredar,571,druid,restoration,18,6,12
Neridris,argent-dawn,570,druid,restoration,12,6,6
Эгерме24FA33,howling-fjord,569,druid,restoration,12,6,6
Barki,silvermoon,569,druid,restoration,18,6,12
Essya,earthen-ring,569,druid,restoration,31,7,24
Olekh,nemesis,568,druid,restoration,12,6,6
Аелин,blackscar,566,druid,restoration,16,9,7
Walkao,tarren-mill,566,druid,restoration,12,6,6
Wellsie,blackmoore,565,druid,restoration,18,6,12
Moonhenge,neptulon,565,druid,restoration,18,6,12
Jusar,hyjal,564,druid,restoration,12,6,6
Xtrakul,bloodfeather,564,druid,restoration,15,7,8
Aglae,sylvanas,562,druid,restoration,30,6,24
Alatie,sylvanas,558,druid,restoration,21,6,15
Rakhajan,twisting-nether,553,druid,restoration,35,6,29
Fanso,burning-legion,543,druid,restoration,18,7,11
Vlookup,tarren-mill,543,druid,restoration,17,6,11
Siahra,khaz-modan,534,druid,restoration,48,6,42
Deliveru,outland,527,druid,restoration,17,6,11
Orgazmo,archimonde,526,druid,restoration,17,6,11
Noodledru,tarren-mill,526,druid,restoration,21,6,15
Noggerglatze,blackrock,522,druid,restoration,19,7,12
Habibyy,kazzak,522,druid,restoration,23,7,16
Diazepam,draenor,519,druid,restoration,21,7,14
Хуфра,greymane,514,druid,restoration,31,9,22
Sethdr,hyjal,511,druid,restoration,20,6,14
Bobthebull,ragnaros,480,druid,restoration,6,5,1
Feinrippjoe,blackhand,480,druid,restoration,6,5,1
Beamgødx,thrall,480,druid,restoration,6,5,1
Мегабамбук,soulflayer,480,druid,restoration,6,5,1
Quadpulse,ravencrest,480,druid,restoration,6,5,1
Celetik,archimonde,480,druid,restoration,6,5,1
Zapx,hyjal,480,druid,restoration,6,5,1
Miskydruid,kazzak,480,druid,restoration,6,5,1
Bembz,twisting-nether,480,druid,restoration,6,5,1
Coldyxzqt,blackrock,480,druid,restoration,6,5,1
Horstyolo,blackrock,480,druid,restoration,12,5,7
Umbutsebada,ravencrest,480,druid,restoration,12,5,7
Ilovekush,gilneas,480,druid,restoration,12,5,7
Druidicchi,stormscale,480,druid,restoration,12,5,7
Wacrafting,kargath,480,druid,restoration,12,5,7
Tokamon,blackrock,480,druid,restoration,12,5,7
Tilikum,stormscale,480,druid,restoration,12,5,7
Ppr,stormscale,480,druid,restoration,12,5,7
Skirr,kelthuzad,480,druid,restoration,12,5,7
Hwrén,stormscale,480,druid,restoration,12,5,7
Druni,blackrock,480,druid,restoration,12,5,7
Daisyx,eredar,480,druid,restoration,12,5,7
Cheddar,tyrande,480,druid,restoration,12,5,7
Jebaitor,tarren-mill,480,druid,restoration,12,5,7
Napsta,sylvanas,480,druid,restoration,12,5,7
Аронэл,blackscar,480,druid,restoration,12,5,7
Druidka,grim-batol,480,druid,restoration,12,5,7
Trashgamex,eredar,480,druid,restoration,12,5,7
Speegle,kazzak,480,druid,restoration,12,5,7
Xenrakh,blackhand,480,druid,restoration,12,5,7
Woopidou,chants-éternels,480,druid,restoration,12,5,7
Adyllon,die-aldor,480,druid,restoration,12,5,7
Marmotini,the-maelstrom,480,druid,restoration,12,5,7
Búse,twisting-nether,480,druid,restoration,12,5,7
Trollingt,draenor,480,druid,restoration,12,5,7
Fjry,draenor,480,druid,restoration,12,5,7
Solonely,argent-dawn,480,druid,restoration,12,5,7
Feyzode,ysondre,480,druid,restoration,12,5,7
Asude,outland,480,druid,restoration,12,5,7
Bloomitizé,ravencrest,480,druid,restoration,12,5,7
Димадубощит,blackscar,480,druid,restoration,12,5,7
Bøøstèdtréè,ravencrest,480,druid,restoration,12,5,7
Crysís,sanguino,480,druid,restoration,12,5,7
Neshalry,blackhand,480,druid,restoration,13,5,8
Hottêd,sylvanas,480,druid,restoration,26,8,18
Emersyn,ragnaros,480,druid,restoration,17,5,12
Restaidpvs,wildhammer,480,druid,restoration,18,5,13
Mealann,drakthul,480,druid,restoration,18,5,13
Bigbaddream,stormscale,480,druid,restoration,18,5,13
Subu,drakthul,480,druid,restoration,18,5,13
Nubsi,aegwynn,480,druid,restoration,18,5,13
Øxxy,ravencrest,480,druid,restoration,18,5,13
Shapéshifter,argent-dawn,480,druid,restoration,18,5,13
Músclébéach,silvermoon,480,druid,restoration,18,5,13
Wikdruid,ravencrest,480,druid,restoration,18,5,13
Erelieva,silvermoon,480,druid,restoration,18,5,13
Zladium,laughing-skull,480,druid,restoration,18,5,13
Xkirtach,dun-modr,480,druid,restoration,24,5,19
Винстяша,gordunni,479,druid,restoration,6,5,1
Ashiothie,argent-dawn,479,druid,restoration,6,5,1
Клиптыч,soulflayer,479,druid,restoration,6,5,1
Rocknrollà,doomhammer,479,druid,restoration,6,5,1
Ñãvy,archimonde,479,druid,restoration,6,5,1
Qb,blackrock,479,druid,restoration,12,5,7
Xaeerow,archimonde,479,druid,restoration,12,5,7
Sieur,archimonde,479,druid,restoration,12,5,7
Skatten,the-maelstrom,479,druid,restoration,12,5,7
Айшиш,gordunni,479,druid,restoration,12,5,7
Epidruid,stormrage,479,druid,restoration,12,5,7
Wozay,archimonde,479,druid,restoration,12,5,7
Delphina,dun-modr,479,druid,restoration,12,5,7
Shadowdury,frostwolf,479,druid,restoration,12,5,7
Dáxó,thrall,479,druid,restoration,12,5,7
Quiksx,blackrock,479,druid,restoration,13,5,8
Caliyo,kazzak,479,druid,restoration,14,5,9
Koniny,drakthul,479,druid,restoration,18,5,13
Akínos,tarren-mill,479,druid,restoration,18,5,13
Jemyd,aegwynn,479,druid,restoration,24,5,19
Absolutsprit,kazzak,479,druid,restoration,30,5,25
Bloodhoofjr,blackhand,479,druid,restoration,30,5,25
Adrosus,blackrock,479,druid,restoration,30,5,25
Capacious,drakthul,478,druid,restoration,6,5,1
Multihoopsi,ysondre,478,druid,restoration,6,5,1
Шмыгадру,eversong,478,druid,restoration,12,5,7
Kuivea,the-maelstrom,478,druid,restoration,18,5,13
Hurutuk,ysondre,478,druid,restoration,24,5,19
Fanofkreemax,archimonde,477,druid,restoration,6,5,1
Yodox,kazzak,477,druid,restoration,6,5,1
Kodobursto,stormscale,477,druid,restoration,12,5,7
Wybsalt,dragonblight,477,druid,restoration,18,5,13
Sýrês,malganis,475,druid,restoration,12,5,7
Kufcuf,eredar,475,druid,restoration,12,5,7
Томография,howling-fjord,475,druid,restoration,12,5,7
Saltilac,ragnaros,474,druid,restoration,30,5,25
Prowlinger,silvermoon,473,druid,restoration,12,5,7
Dudu,sinstralis,473,druid,restoration,12,5,7
Urgrull,baelgun,472,druid,restoration,18,5,13
Thaurus,durotan,471,druid,restoration,18,5,13
Аллишана,howling-fjord,465,druid,restoration,25,8,17
Iamtheone,ragnaros,463,druid,restoration,17,5,12
Happyhippo,arathor,447,druid,restoration,17,5,12
Dhomaris,emerald-dream,447,druid,restoration,17,5,12
Ambracer,silvermoon,444,druid,restoration,8,6,2
Sumecßeast,aegwynn,432,druid,restoration,15,6,9
Pfandmalle,blackrock,426,druid,restoration,14,6,8
Atomanna,blackmoore,426,druid,restoration,15,6,9
Nythielle,argent-dawn,426,druid,restoration,20,6,14
Avilary,tarren-mill,425,druid,restoration,20,6,14
Kotkacy,silvermoon,416,druid,restoration,10,5,5
Meridus,thrall,400,druid,restoration,13,5,8
Vineguhl,thrall,399,druid,restoration,5,5,0
Xneji,sylvanas,397,druid,restoration,19,5,14
Cyclonebot,kazzak,384,druid,restoration,6,4,2
Xandersito,sanguino,384,druid,restoration,6,4,2
Claptastic,magtheridon,384,druid,restoration,6,4,2
Notmyfriend,sylvanas,384,druid,restoration,6,4,2
Greenriver,magtheridon,384,druid,restoration,6,4,2
Forestranger,outland,384,druid,restoration,6,4,2
Lerralol,eredar,384,druid,restoration,6,4,2
Bearmeister,kazzak,384,druid,restoration,6,4,2
Кискалисичка,soulflayer,384,druid,restoration,6,4,2
Bombiix,sanguino,384,druid,restoration,6,4,2
Zeroclones,the-maelstrom,384,druid,restoration,6,4,2
Heathen,defias-brotherhood,384,druid,restoration,6,4,2
Mudruu,blackrock,384,druid,restoration,6,4,2
Cykablyaster,defias-brotherhood,384,druid,restoration,6,4,2
Neuroz,ravencrest,384,druid,restoration,6,4,2
Pinkponcho,defias-brotherhood,384,druid,restoration,6,4,2
Wanessa,kazzak,384,druid,restoration,6,4,2
Sensisdruid,blackmoore,384,druid,restoration,6,4,2
Brushié,kazzak,384,druid,restoration,6,4,2
Divicîacøs,ysondre,384,druid,restoration,6,4,2
Bullbash,twisting-nether,384,druid,restoration,6,4,2
Koala,temple-noir,384,druid,restoration,6,4,2
Fadâ,archimonde,384,druid,restoration,6,4,2
Феразинария,gordunni,384,druid,restoration,6,4,2
Ystøss,archimonde,384,druid,restoration,6,4,2
Jimmyjam,archimonde,384,druid,restoration,6,4,2
Theeix,twisting-nether,384,druid,restoration,6,4,2
Xanguinary,outland,384,druid,restoration,6,4,2
Maltøx,archimonde,384,druid,restoration,6,4,2
Starlites,silvermoon,384,druid,restoration,6,4,2
Deeizm,ravencrest,384,druid,restoration,6,4,2
Híraad,blackmoore,384,druid,restoration,6,4,2
Àrkange,hyjal,384,druid,restoration,6,4,2
Zuldram,uldaman,384,druid,restoration,6,4,2
Taldrus,argent-dawn,384,druid,restoration,6,4,2
Zouzouille,ravencrest,384,druid,restoration,6,4,2
Балаклаваа,soulflayer,384,druid,restoration,6,4,2
Mentaldead,tarren-mill,384,druid,restoration,6,4,2
Juicypus,ragnaros,384,druid,restoration,6,4,2
Mikba,blackrock,384,druid,restoration,10,4,6
Flauschtatze,wrathbringer,384,druid,restoration,13,5,8
Chelsealeart,frostmane,384,druid,restoration,15,5,10
Astrobazooka,stormreaver,384,druid,restoration,12,4,8
Monfroar,archimonde,384,druid,restoration,12,4,8
Ðon,nemesis,384,druid,restoration,12,4,8
Hotundwech,blackrock,384,druid,restoration,12,4,8
Cumulisama,sylvanas,384,druid,restoration,12,4,8
Zivela,blackrock,384,druid,restoration,12,4,8
Sqoopy,tarren-mill,384,druid,restoration,12,4,8
Wheezygamer,aegwynn,384,druid,restoration,12,4,8
Хамулл,howling-fjord,384,druid,restoration,12,4,8
Holdmabeer,blackmoore,384,druid,restoration,12,4,8
Flewks,silvermoon,384,druid,restoration,12,4,8
Pharaah,stormscale,384,druid,restoration,12,4,8
Bryzix,the-maelstrom,384,druid,restoration,12,4,8
Northstarx,kazzak,384,druid,restoration,12,4,8
Youdog,kazzak,384,druid,restoration,12,4,8
Muhlí,malygos,384,druid,restoration,12,4,8
Curtainscall,kazzak,384,druid,restoration,12,4,8
Swiftlife,blackrock,384,druid,restoration,12,4,8
Daleen,silvermoon,384,druid,restoration,12,4,8
Kakoje,burning-legion,384,druid,restoration,12,4,8
Shamelêss,eredar,384,druid,restoration,12,4,8
Momine,burning-blade,384,druid,restoration,12,4,8
Biglet,tarren-mill,384,druid,restoration,12,4,8
Найадра,gordunni,384,druid,restoration,12,4,8
Baraforet,archimonde,384,druid,restoration,12,4,8
Toffyfee,anetheron,384,druid,restoration,12,4,8
Soraiyaqt,blackhand,384,druid,restoration,12,4,8
Jabizz,azjolnerub,384,druid,restoration,12,4,8
Muushu,aegwynn,384,druid,restoration,12,4,8
Thigh,blackrock,384,druid,restoration,12,4,8
Kobra,twilights-hammer,384,druid,restoration,12,4,8
Dafidruid,argent-dawn,384,druid,restoration,12,4,8
Ravenfel,argent-dawn,384,druid,restoration,12,4,8
Wakefields,dun-modr,384,druid,restoration,12,4,8
Shapeshiptur,argent-dawn,384,druid,restoration,12,4,8
Celtimi,antonidas,384,druid,restoration,12,4,8
Wurzeldor,ravencrest,384,druid,restoration,12,4,8
Boxofdoom,twisting-nether,384,druid,restoration,12,4,8
Farmmygold,dun-modr,384,druid,restoration,12,4,8
Exilliá,twisting-nether,384,druid,restoration,12,4,8
Saadxd,sanguino,384,druid,restoration,12,4,8
Иная,grom,384,druid,restoration,12,4,8
Hûibûh,eredar,384,druid,restoration,12,4,8
Сулинея,blackscar,384,druid,restoration,12,4,8
Sìmbano,eredar,384,druid,restoration,12,4,8
Зурсага,deathguard,384,druid,restoration,12,4,8
Pedra,zuljin,384,druid,restoration,12,4,8
Wootbeam,silvermoon,384,druid,restoration,12,4,8
Jöggel,perenolde,384,druid,restoration,12,4,8
Litany,drakthul,384,druid,restoration,13,4,9
Moolß,uldaman,384,druid,restoration,18,4,14
Nezara,kazzak,384,druid,restoration,18,4,14
Grunka,silvermoon,384,druid,restoration,18,4,14
Frequentist,ragnaros,384,druid,restoration,18,4,14
Bignunu,silvermoon,384,druid,restoration,18,4,14
Tacobender,tarren-mill,384,druid,restoration,18,4,14
Feralcompat,aszune,384,druid,restoration,18,4,14
Hrz,kazzak,384,druid,restoration,18,4,14
Yøungreidzz,blackrock,384,druid,restoration,24,4,20
Ymagyne,frostmane,384,druid,restoration,24,4,20
Vinesolar,runetotem,383,druid,restoration,6,4,2
Gaiinthewood,rexxar,383,druid,restoration,6,4,2
Rawbacon,aegwynn,383,druid,restoration,6,4,2
Cmfg,blackrock,383,druid,restoration,6,4,2
Jabbah,defias-brotherhood,383,druid,restoration,6,4,2
Santoniq,dun-morogh,383,druid,restoration,6,4,2
Yogui,zuljin,383,druid,restoration,6,4,2
Kyoshima,blackhand,383,druid,restoration,6,4,2
Бабазарулем,fordragon,383,druid,restoration,6,4,2
Entler,twilights-hammer,383,druid,restoration,6,4,2
Rainwhisper,outland,383,druid,restoration,6,4,2
Blackfür,sylvanas,383,druid,restoration,6,4,2
Høpè,die-silberne-hand,383,druid,restoration,12,4,8
Hefdgaharald,antonidas,383,druid,restoration,12,4,8
Сигстейнхохо,blackscar,383,druid,restoration,12,4,8
Xidenn,quelthalas,383,druid,restoration,12,4,8
Prikolica,quelthalas,383,druid,restoration,12,4,8
Venh,forscherliga,383,druid,restoration,12,4,8
Druidguy,ghostlands,383,druid,restoration,12,4,8
Noxndruid,blackhand,383,druid,restoration,12,4,8
Arns,kazzak,383,druid,restoration,12,4,8
Lazår,tarren-mill,383,druid,restoration,12,4,8
Eoinsriaops,hyjal,383,druid,restoration,12,4,8
Замакибо,howling-fjord,383,druid,restoration,12,4,8
Luckyhell,silvermoon,383,druid,restoration,12,4,8
Fawna,kazzak,383,druid,restoration,12,4,8
Semenisback,archimonde,383,druid,restoration,12,4,8
Leeonore,burning-legion,383,druid,restoration,18,4,14
Itê,dun-morogh,383,druid,restoration,18,4,14
Шикалат,howling-fjord,383,druid,restoration,24,4,20
Каирон,deepholm,383,druid,restoration,24,4,20
Mongetout,ravencrest,382,druid,restoration,6,4,2
Hauserqqt,auchindoun,382,druid,restoration,6,4,2
Cowabanga,shattered-hand,382,druid,restoration,6,4,2
Xele,destromath,382,druid,restoration,6,4,2
Девочкамиши,soulflayer,382,druid,restoration,10,6,4
Pega,nazjatar,382,druid,restoration,12,4,8
Murma,dalaran,382,druid,restoration,12,4,8
Sabflordr,outland,381,druid,restoration,12,4,8
Nermax,kazzak,381,druid,restoration,12,4,8
Amalou,ravencrest,381,druid,restoration,12,4,8
Lewy,aegwynn,381,druid,restoration,18,4,14
Dolob,ragnaros,381,druid,restoration,18,4,14
Фигоначи,soulflayer,379,druid,restoration,12,4,8
Tranquillo,outland,379,druid,restoration,12,4,8
Кимоношка,gordunni,377,druid,restoration,14,8,6
Teix,aggra-português,370,druid,restoration,30,7,23
Nøkki,draenor,367,druid,restoration,21,8,13
Jincksdru,anachronos,367,druid,restoration,11,4,7
Opla,nethersturm,366,druid,restoration,23,8,15
Ríckø,ysondre,351,druid,restoration,8,5,3
Druidenee,hyjal,351,druid,restoration,8,5,3
Ymöthep,archimonde,351,druid,restoration,11,4,7
Demerit,defias-brotherhood,351,druid,restoration,11,4,7
Wolig,tarren-mill,351,druid,restoration,11,4,7
Biegel,ysera,351,druid,restoration,11,4,7
Stkk,dun-modr,351,druid,restoration,11,4,7
Moderjord,stormreaver,351,druid,restoration,14,5,9
Ysu,silvermoon,351,druid,restoration,25,5,20
Fapmasterx,eredar,351,druid,restoration,23,4,19
Lyhene,outland,339,druid,restoration,32,8,24
Incheon,archimonde,335,druid,restoration,11,4,7
Mozzin,frostwolf,335,druid,restoration,11,4,7
Querasidru,ravencrest,330,druid,restoration,16,5,11
Wuppii,blackmoore,329,druid,restoration,10,6,4
Swarmah,draenor,329,druid,restoration,18,5,13
Hubek,silvermoon,328,druid,restoration,8,6,2
Vhio,eredar,326,druid,restoration,12,5,7
Albx,archimonde,320,druid,restoration,10,4,6
Chéon,nethersturm,319,druid,restoration,10,4,6
Lsdpinkcandy,twisting-nether,319,druid,restoration,16,4,12
Jirenthegrey,antonidas,318,druid,restoration,14,4,10
Mímír,frostmane,317,druid,restoration,10,4,6
Elsnorro,sylvanas,313,druid,restoration,19,5,14
Rëckiah,ysondre,304,druid,restoration,13,4,9
Wolfheart,norgannon,302,druid,restoration,22,8,14
Dharli,stormscale,288,druid,restoration,6,3,3
Танганэку,howling-fjord,288,druid,restoration,6,3,3
Magiskeforme,draenor,288,druid,restoration,6,3,3
Hoofysnoopy,outland,288,druid,restoration,6,3,3
Couleaf,stormscale,288,druid,restoration,6,3,3
Zunixboosted,lothar,288,druid,restoration,6,3,3
Астраджет,gordunni,288,druid,restoration,6,3,3
Ærõxy,aegwynn,288,druid,restoration,6,3,3
Youngdipper,draenor,288,druid,restoration,6,3,3
Preda,thunderhorn,288,druid,restoration,6,3,3
Currare,aegwynn,288,druid,restoration,6,3,3
Myndraa,varimathras,288,druid,restoration,6,3,3
Sportzdruid,argent-dawn,288,druid,restoration,6,3,3
Darkömwz,ysondre,288,druid,restoration,6,3,3
Scotchnsoda,twisting-nether,288,druid,restoration,6,3,3
Fallken,burning-blade,288,druid,restoration,6,3,3
Eftersmak,ravencrest,288,druid,restoration,6,3,3
Bêlion,dun-modr,288,druid,restoration,6,3,3
Shìinx,hyjal,288,druid,restoration,6,3,3
Shyni,outland,288,druid,restoration,6,3,3
Hð,blackmoore,288,druid,restoration,6,3,3
Gehrkehotter,silvermoon,288,druid,restoration,6,3,3
Pâlarïns,dalaran,288,druid,restoration,6,3,3
Lèafy,silvermoon,288,druid,restoration,6,3,3
Spielmann,ravencrest,288,druid,restoration,6,3,3
Zaethul,draenor,288,druid,restoration,6,3,3
Ipsdray,ysondre,288,druid,restoration,6,3,3
Ñark,archimonde,288,druid,restoration,6,3,3
Qtdok,outland,288,druid,restoration,6,3,3
Thundruid,archimonde,288,druid,restoration,6,3,3
Drullenobama,silvermoon,288,druid,restoration,6,3,3
Shiftshow,ravencrest,288,druid,restoration,6,3,3
Alunjá,chamber-of-aspects,288,druid,restoration,6,3,3
Noobr,ravencrest,288,druid,restoration,6,3,3
Skrewu,silvermoon,288,druid,restoration,6,3,3
Peaches,aerie-peak,288,druid,restoration,6,3,3
Droodyàz,hyjal,288,druid,restoration,6,3,3
Meowmf,silvermoon,288,druid,restoration,6,3,3
Myxa,arthas,288,druid,restoration,6,3,3
Nobrainopain,aegwynn,288,druid,restoration,6,3,3
Sturehoof,ravencrest,288,druid,restoration,6,3,3
Närgof,outland,288,druid,restoration,6,3,3
Nøur,blackmoore,288,druid,restoration,6,3,3
Tyzme,blackrock,288,druid,restoration,6,3,3
Faustîno,dun-modr,288,druid,restoration,6,3,3
Datshifter,magtheridon,288,druid,restoration,6,3,3
Djdishwasher,kazzak,288,druid,restoration,6,3,3
Abyssaldepth,ravencrest,288,druid,restoration,6,3,3
Houkka,doomhammer,288,druid,restoration,6,3,3
Lolaven,turalyon,288,druid,restoration,6,3,3
Vaspy,sylvanas,288,druid,restoration,6,3,3
Whisk,ravencrest,288,druid,restoration,6,3,3
Curinas,argent-dawn,288,druid,restoration,6,3,3
Friyiee,stormscale,288,druid,restoration,6,3,3
Whelpss,archimonde,288,druid,restoration,6,3,3
Pipima,kazzak,288,druid,restoration,6,3,3
Néxct,stormscale,288,druid,restoration,6,3,3
Koprogatos,twilights-hammer,288,druid,restoration,6,3,3
Terenzlol,veklor,288,druid,restoration,6,3,3
Fairdul,blackmoore,288,druid,restoration,6,3,3
Ripmacmiller,grim-batol,288,druid,restoration,6,3,3
Saadi,der-rat-von-dalaran,288,druid,restoration,6,3,3
Armënovitch,ravencrest,288,druid,restoration,6,3,3
Numaresto,stormscale,288,druid,restoration,6,3,3
Qwopeiqpwoid,kazzak,288,druid,restoration,6,3,3
Owldschool,blackmoore,288,druid,restoration,6,3,3
Sliffar,azshara,288,druid,restoration,6,3,3
ßot,hyjal,288,druid,restoration,6,3,3
Jéssíé,silvermoon,288,druid,restoration,6,3,3
Реллинг,gordunni,288,druid,restoration,6,3,3
Сайнтификх,gordunni,288,druid,restoration,6,3,3
Thecousins,ravencrest,288,druid,restoration,6,3,3
Ghøstavdruid,ravencrest,288,druid,restoration,6,3,3
Ullainho,stormscale,288,druid,restoration,6,3,3
Дробовик,soulflayer,288,druid,restoration,6,3,3
Дружез,soulflayer,288,druid,restoration,6,3,3
Juvencus,twisting-nether,288,druid,restoration,6,3,3
Dezcore,hyjal,288,druid,restoration,6,3,3
Rumbus,sanguino,288,druid,restoration,7,3,4
Fx,mazrigos,288,druid,restoration,8,3,5
Piñaclonada,archimonde,288,druid,restoration,9,3,6
Æøiæn,blackmoore,288,druid,restoration,9,3,6
Smarticle,aegwynn,288,druid,restoration,11,3,8
Draawun,burning-legion,288,druid,restoration,11,3,8
Paddyv,earthen-ring,288,druid,restoration,15,4,11
Doup,alakir,288,druid,restoration,12,3,9
Còwgummi,blackhand,288,druid,restoration,12,3,9
Amazed,wildhammer,288,druid,restoration,12,3,9
Reehzx,ravencrest,288,druid,restoration,12,3,9
Juicý,eredar,288,druid,restoration,12,3,9
Awienx,kazzak,288,druid,restoration,12,3,9
Hérby,kazzak,288,druid,restoration,12,3,9
Snowlight,der-rat-von-dalaran,288,druid,restoration,12,3,9
Xåy,der-rat-von-dalaran,288,druid,restoration,12,3,9
Tinykiwi,silvermoon,288,druid,restoration,12,3,9
Wheyproteín,dun-modr,288,druid,restoration,12,3,9
Nostigon,azshara,288,druid,restoration,12,3,9
Ajày,sylvanas,288,druid,restoration,12,3,9
Sadgeconvoke,draenor,288,druid,restoration,12,3,9
Bluebear,der-rat-von-dalaran,288,druid,restoration,12,3,9
Raila,pozzo-delleternità,288,druid,restoration,12,3,9
Ragingliam,emerald-dream,288,druid,restoration,12,3,9
Emeskay,ravencrest,288,druid,restoration,12,3,9
Trntydr,senjin,288,druid,restoration,12,3,9
Cheezy,defias-brotherhood,288,druid,restoration,12,3,9
Chapawee,eredar,288,druid,restoration,12,3,9
Xbrokeaf,eredar,288,druid,restoration,12,3,9
Vâkkrï,archimonde,288,druid,restoration,12,3,9
Taugenîchts,blackmoore,288,druid,restoration,12,3,9
Trolthelhas,chogall,288,druid,restoration,12,3,9
Shiotake,hyjal,288,druid,restoration,12,3,9
Harrasmoes,ravencrest,288,druid,restoration,12,3,9
Coffeebean,twisting-nether,288,druid,restoration,12,3,9
Ezils,silvermoon,288,druid,restoration,12,3,9
Kiirsi,arygos,288,druid,restoration,12,3,9
Restodruidx,ravencrest,288,druid,restoration,12,3,9
Navra,ravencrest,288,druid,restoration,12,3,9
Meowsovs,draenor,288,druid,restoration,12,3,9
Fejgi,stormreaver,288,druid,restoration,12,3,9
Teah,darkmoon-faire,288,druid,restoration,12,3,9
Areidhel,pozzo-delleternità,288,druid,restoration,12,3,9
Nebrahl,silvermoon,288,druid,restoration,12,3,9
Jonnaxø,ravencrest,288,druid,restoration,12,3,9
Vregord,twisting-nether,288,druid,restoration,12,3,9
Xecksi,twisting-nether,288,druid,restoration,12,3,9
Bakara,arthas,288,druid,restoration,12,3,9
Ritualofmoon,darkmoon-faire,288,druid,restoration,12,3,9
Sojiz,outland,288,druid,restoration,12,3,9
Footfame,kazzak,288,druid,restoration,12,3,9
Храмульчик,blackscar,288,druid,restoration,12,3,9
Untouchablè,outland,288,druid,restoration,12,3,9
Lukøu,blackrock,288,druid,restoration,12,3,9
Shredz,destromath,288,druid,restoration,12,3,9
Elxa,silvermoon,288,druid,restoration,12,3,9
Marryat,argent-dawn,288,druid,restoration,12,3,9
Megustatu,ravencrest,288,druid,restoration,12,3,9
Rakuy,thrall,288,druid,restoration,18,3,15
Eyune,tarren-mill,288,druid,restoration,18,3,15
Astralpandas,kazzak,288,druid,restoration,18,3,15
Amstaffio,blackhand,288,druid,restoration,18,3,15
Boomdruud,tarren-mill,288,druid,restoration,18,3,15
Belisw,silvermoon,288,druid,restoration,18,3,15
Квазарм,gordunni,288,druid,restoration,18,3,15
Youngjin,ravencrest,287,druid,restoration,6,3,3
Mgelolaf,doomhammer,287,druid,restoration,6,3,3
Nehalem,blackrock,287,druid,restoration,6,3,3
Kuhlheit,der-rat-von-dalaran,287,druid,restoration,6,3,3
Smittly,bloodhoof,287,druid,restoration,6,3,3
Grimmie,frostmane,287,druid,restoration,6,3,3
Foxîo,frostmane,287,druid,restoration,6,3,3
Lalou,saurfang,287,druid,restoration,6,3,3
Touchpad,archimonde,287,druid,restoration,6,3,3
Lundx,ravencrest,287,druid,restoration,6,3,3
Papalegba,kilrogg,287,druid,restoration,12,3,9
Jeepers,quelthalas,287,druid,restoration,12,3,9
Inet,aegwynn,287,druid,restoration,12,3,9
Senul,sanguino,287,druid,restoration,12,3,9
Лёшациклонх,deathguard,287,druid,restoration,12,3,9
Reckóning,draenor,287,druid,restoration,12,3,9
Xulian,exodar,287,druid,restoration,12,3,9
Grimbear,hellfire,287,druid,restoration,18,3,15
Xtraflash,silvermoon,287,druid,restoration,18,3,15
Soif,rashgarroth,286,druid,restoration,6,3,3
Kebanos,ravencrest,286,druid,restoration,6,3,3
Analterorist,chamber-of-aspects,286,druid,restoration,6,3,3
Paniel,amanthul,286,druid,restoration,6,3,3
Êlvis,kazzak,286,druid,restoration,6,3,3
Elônea,antonidas,285,druid,restoration,12,3,9
Адаладиус,howling-fjord,285,druid,restoration,42,3,39
Charlierunkl,gorgonnash,283,druid,restoration,24,3,21
Smradzblech,drakthul,275,druid,restoration,25,6,19
Niél,sylvanas,271,druid,restoration,17,3,14
Kaliyuga,dalaran,255,druid,restoration,11,3,8
Bunga,quelthalas,255,druid,restoration,11,3,8
Жибка,howling-fjord,240,druid,restoration,9,3,6
Yopi,stormscale,240,druid,restoration,15,3,12
Amélor,ragnaros,239,druid,restoration,5,3,2
Woodbison,tarren-mill,239,druid,restoration,5,3,2
Потнаякиса,grom,239,druid,restoration,5,3,2
Oloreformed,ravencrest,239,druid,restoration,5,3,2
Tyariel,die-aldor,238,druid,restoration,5,3,2
Egi,azshara,234,druid,restoration,7,4,3
Izhusky,ravencrest,234,druid,restoration,8,4,4
Lxz,blackhand,234,druid,restoration,8,4,4
Hamilina,thunderhorn,234,druid,restoration,9,4,5
Noegang,hyjal,234,druid,restoration,15,5,10
Rowlet,twisting-nether,234,druid,restoration,12,4,8
Therøn,dun-modr,234,druid,restoration,17,5,12
Beerplusbeer,kazzak,234,druid,restoration,23,6,17
Bigdambitex,draenor,234,druid,restoration,16,4,12
Àlec,silvermoon,234,druid,restoration,17,4,13
Æîîs,blackrock,234,druid,restoration,35,5,30
Toramix,dalaran,229,druid,restoration,27,4,23
Lynaee,cthun,224,druid,restoration,10,3,7
Razorleaf,turalyon,222,druid,restoration,14,3,11
Mooji,darksorrow,216,druid,restoration,20,6,14
Trydru,blackmoore,192,druid,restoration,9,3,6
Hydrochronic,ravencrest,192,druid,restoration,6,2,4
Zhiwé,ravencrest,192,druid,restoration,6,2,4
Zeustriker,draenor,192,druid,restoration,6,2,4
Healnau,aegwynn,192,druid,restoration,6,2,4
Midrialis,sinstralis,192,druid,restoration,6,2,4
Bosco,blutkessel,192,druid,restoration,6,2,4
Nyrrh,blackmoore,192,druid,restoration,6,2,4
Drøda,aegwynn,192,druid,restoration,6,2,4
Asharah,blutkessel,192,druid,restoration,6,2,4
Xerrean,ravencrest,192,druid,restoration,6,2,4
Laithie,draenor,192,druid,restoration,6,2,4
Bulleyo,ysondre,192,druid,restoration,6,2,4
Gaiaa,kilrogg,192,druid,restoration,6,2,4
Reyai,ravencrest,192,druid,restoration,6,2,4
Zeyne,ravencrest,192,druid,restoration,6,2,4
Вокзи,gordunni,192,druid,restoration,6,2,4
Ganjeez,kazzak,192,druid,restoration,6,2,4
Tandstickan,auchindoun,192,druid,restoration,6,2,4
Restolol,outland,192,druid,restoration,6,2,4
Gabbro,dalaran,192,druid,restoration,6,2,4
Naraël,varimathras,192,druid,restoration,6,2,4
Treenaa,silvermoon,192,druid,restoration,6,2,4
Falconn,outland,192,druid,restoration,6,2,4
Slimsneeky,outland,192,druid,restoration,6,2,4
Restoboi,stormscale,192,druid,restoration,6,2,4
Underdog,kazzak,192,druid,restoration,6,2,4
Sekunden,ravencrest,192,druid,restoration,6,2,4
Naturedork,kazzak,192,druid,restoration,6,2,4
Chrisdruid,argent-dawn,192,druid,restoration,6,2,4
Limmiited,ravencrest,192,druid,restoration,6,2,4
Блиденг,gordunni,192,druid,restoration,6,2,4
Tkusernamez,stormscale,192,druid,restoration,6,2,4
Zerpent,silvermoon,192,druid,restoration,6,2,4
Nourishshen,silvermoon,192,druid,restoration,6,2,4
Imbadxx,kazzak,192,druid,restoration,6,2,4
Киряаниме,gordunni,192,druid,restoration,6,2,4
Praythysun,khaz-modan,192,druid,restoration,6,2,4
Zenkillers,outland,192,druid,restoration,6,2,4
Mjáy,tarren-mill,192,druid,restoration,6,2,4
Uptoyou,defias-brotherhood,192,druid,restoration,6,2,4
Атитока,goldrinn,192,druid,restoration,6,2,4
Jamley,tarren-mill,192,druid,restoration,6,2,4
Mäismz,hyjal,192,druid,restoration,6,2,4
Smokahontas,kilrogg,192,druid,restoration,6,2,4
Vandalís,garrosh,192,druid,restoration,6,2,4
Rtxy,hyjal,192,druid,restoration,6,2,4
Griminal,norgannon,192,druid,restoration,6,2,4
Droigan,die-aldor,192,druid,restoration,6,2,4
Zuta,ragnaros,192,druid,restoration,6,2,4
Celitharion,tarren-mill,192,druid,restoration,6,2,4
Yugelbaum,twisting-nether,192,druid,restoration,6,2,4
Nyrociel,pozzo-delleternità,192,druid,restoration,6,2,4
Эйяфлятлайок,gordunni,192,druid,restoration,6,2,4
Faintntt,outland,192,druid,restoration,6,2,4
Шокоокулист,gordunni,192,druid,restoration,6,2,4
Alolexxtwo,archimonde,192,druid,restoration,6,2,4
Sajlol,doomhammer,192,druid,restoration,6,2,4
Esøterix,malganis,192,druid,restoration,6,2,4
Conn,ravencrest,192,druid,restoration,6,2,4
Адорабэль,deathguard,192,druid,restoration,6,2,4
Cpt,xavius,192,druid,restoration,6,2,4
Кенарейка,howling-fjord,192,druid,restoration,6,2,4
Luznyczeslaw,burning-legion,192,druid,restoration,6,2,4
Пикаббука,gordunni,192,druid,restoration,6,2,4
Príimé,kazzak,192,druid,restoration,6,2,4
Revølter,kazzak,192,druid,restoration,6,2,4
Benjiee,kazzak,192,druid,restoration,6,2,4
Tarostar,frostmane,192,druid,restoration,6,2,4
Tàazz,sargeras,192,druid,restoration,6,2,4
Deép,nazjatar,192,druid,restoration,6,2,4
Ekxn,archimonde,192,druid,restoration,6,2,4
Kaldon,thrall,192,druid,restoration,6,2,4
Kkona,silvermoon,192,druid,restoration,6,2,4
Trusten,nemesis,192,druid,restoration,6,2,4
Ðarach,ravencrest,192,druid,restoration,6,2,4
Almuntaqim,ravencrest,192,druid,restoration,6,2,4
Scar,dentarg,192,druid,restoration,6,2,4
Lamsélår,ravencrest,192,druid,restoration,6,2,4
Rngmåchinéx,ravencrest,192,druid,restoration,6,2,4
Zì,stormscale,192,druid,restoration,6,2,4
Чанголист,howling-fjord,192,druid,restoration,6,2,4
Baldhir,nemesis,192,druid,restoration,6,2,4
Kremhelt,outland,192,druid,restoration,6,2,4
Brennariss,outland,192,druid,restoration,6,2,4
Hotseîdank,blackrock,192,druid,restoration,6,2,4
Megaball,sylvanas,192,druid,restoration,6,2,4
Disney,ragnaros,192,druid,restoration,6,2,4
Sickomodê,blackmoore,192,druid,restoration,6,2,4
Harryjane,antonidas,192,druid,restoration,6,2,4
Skavenlol,zuljin,192,druid,restoration,6,2,4
Lootmann,die-silberne-hand,192,druid,restoration,6,2,4
Droodu,dun-modr,192,druid,restoration,6,2,4
Morphael,ravencrest,192,druid,restoration,6,2,4
Nooz,thrall,192,druid,restoration,6,2,4
Nightelvejkm,dun-modr,192,druid,restoration,6,2,4
Heejåe,archimonde,192,druid,restoration,6,2,4
Moodee,kazzak,192,druid,restoration,6,2,4
Palavanus,stormscale,192,druid,restoration,6,2,4
Beluga,uldum,192,druid,restoration,6,2,4
Оладентик,howling-fjord,192,druid,restoration,6,2,4
Heligakatten,twisting-nether,192,druid,restoration,10,3,7
Gonco,blackrock,192,druid,restoration,8,2,6
Baracüda,draenor,192,druid,restoration,16,3,13
Shaggí,draenor,192,druid,restoration,11,2,9
Nakkikastike,magtheridon,192,druid,restoration,12,2,10
Lyj,dalaran,192,druid,restoration,12,2,10
Rumî,blackhand,192,druid,restoration,12,2,10
Jul,kelthuzad,192,druid,restoration,12,2,10
Gámóra,argent-dawn,192,druid,restoration,12,2,10
Quentalius,argent-dawn,192,druid,restoration,12,2,10
Qdrood,quelthalas,192,druid,restoration,12,2,10
Drâcâ,antonidas,192,druid,restoration,12,2,10
Kizanimagus,magtheridon,192,druid,restoration,12,2,10
Vertabrain,twilights-hammer,192,druid,restoration,12,2,10
Fâucon,eitrigg,192,druid,restoration,12,2,10
Testomake,kazzak,192,druid,restoration,12,2,10
Anníe,tarren-mill,192,druid,restoration,12,2,10
Milfurion,emerald-dream,192,druid,restoration,12,2,10
Sveraés,draenor,192,druid,restoration,12,2,10
Keløkss,silvermoon,192,druid,restoration,12,2,10
Jacksonella,dun-morogh,192,druid,restoration,12,2,10
Blâckrök,blackhand,192,druid,restoration,12,2,10
Lupiñ,sylvanas,192,druid,restoration,12,2,10
Helpthebear,twisting-nether,192,druid,restoration,12,2,10
Mahero,outland,192,druid,restoration,12,2,10
Qocotte,archimonde,192,druid,restoration,12,2,10
Wahahoo,la-croisade-écarlate,192,druid,restoration,12,2,10
Jagogi,malfurion,192,druid,restoration,12,2,10
Piper,culte-de-la-rive-noire,192,druid,restoration,12,2,10
Snapeshifter,blackhand,192,druid,restoration,12,2,10
Álou,dalaran,192,druid,restoration,12,2,10
Салона,deathguard,192,druid,restoration,12,2,10
Skorpo,blackrock,192,druid,restoration,12,2,10
Louisv,kazzak,192,druid,restoration,12,2,10
Maceyx,ravencrest,192,druid,restoration,12,2,10
Amaaja,blackmoore,192,druid,restoration,12,2,10
Imperador,tyrande,192,druid,restoration,12,2,10
Tayswiftmend,defias-brotherhood,192,druid,restoration,12,2,10
Màf,silvermoon,192,druid,restoration,12,2,10
Bigstop,kazzak,192,druid,restoration,17,2,15
Madmanz,arathor,192,druid,restoration,18,2,16
Quza,lightbringer,192,druid,restoration,18,2,16
Охломон,gordunni,192,druid,restoration,24,2,22
Aütumn,twisting-nether,191,druid,restoration,9,3,6
Bingó,blutkessel,191,druid,restoration,6,2,4
Зулгасилич,howling-fjord,191,druid,restoration,6,2,4
Siyoo,thrall,191,druid,restoration,6,2,4
Касалапый,thermaplugg,191,druid,restoration,6,2,4
Oldghost,doomhammer,191,druid,restoration,6,2,4
Lodne,defias-brotherhood,191,druid,restoration,6,2,4
Эхосна,howling-fjord,191,druid,restoration,12,2,10
Mômmôm,aggra-português,191,druid,restoration,12,2,10
Westbeast,doomhammer,191,druid,restoration,12,2,10
Trarus,nazjatar,191,druid,restoration,17,2,15
Ardy,echsenkessel,191,druid,restoration,18,2,16
Amindenes,ragnaros,191,druid,restoration,18,2,16
Bwonsamndi,frostwolf,191,druid,restoration,18,2,16
Marynlord,dalaran,175,druid,restoration,11,2,9
Lyrvaz,ravencrest,159,druid,restoration,5,2,3
Zayrok,throkferoth,159,druid,restoration,8,3,5
Ихет,gordunni,144,druid,restoration,9,3,6
Сугрик,deathweaver,143,druid,restoration,15,2,13
Starcrash,amanthul,138,druid,restoration,6,3,3
Milknosugar,tarren-mill,138,druid,restoration,7,3,4
Айтера,goldrinn,138,druid,restoration,7,3,4
Ðrøøði,dun-modr,138,druid,restoration,8,3,5
Oaksage,kazzak,138,druid,restoration,8,3,5
Zzblaah,archimonde,138,druid,restoration,10,3,7
Chauntee,draenor,138,druid,restoration,15,3,12
Yushuliene,sanguino,137,druid,restoration,9,3,6
Ihatewhales,ravencrest,128,druid,restoration,4,2,2
Jadhy,hyjal,128,druid,restoration,10,2,8
Thaiboimbyy,veknilash,127,druid,restoration,4,2,2
Trä,earthen-ring,96,druid,restoration,3,2,1
Tshungubuäch,eredar,96,druid,restoration,6,1,5
Mvpx,outland,96,druid,restoration,6,1,5
Teryx,blackmoore,96,druid,restoration,6,1,5
Hecaloth,drakthul,96,druid,restoration,6,1,5
Towaha,outland,96,druid,restoration,6,1,5
Exist,kul-tiras,96,druid,restoration,6,1,5
Pølïna,ysondre,96,druid,restoration,6,1,5
Neyribi,blackhand,96,druid,restoration,6,1,5
Chapuk,kazzak,96,druid,restoration,6,1,5
Kisyqt,aegwynn,96,druid,restoration,6,1,5
Effi,aggramar,96,druid,restoration,6,1,5
Puraza,kazzak,96,druid,restoration,6,1,5
Nanuu,sylvanas,96,druid,restoration,6,1,5
Goldencat,blackhand,96,druid,restoration,6,1,5
Thaïs,blackmoore,96,druid,restoration,6,1,5
Blark,sylvanas,96,druid,restoration,6,1,5
Meisterd,aegwynn,96,druid,restoration,6,1,5
Амеллида,soulflayer,96,druid,restoration,6,1,5
Trekkertt,zuljin,96,druid,restoration,6,1,5
Druidguden,tarren-mill,96,druid,restoration,6,1,5
Wildsoûl,kazzak,96,druid,restoration,6,1,5
Ragnahr,sanguino,96,druid,restoration,6,1,5
Cryßye,ragnaros,96,druid,restoration,6,1,5
Blodemoon,ragnaros,96,druid,restoration,6,1,5
Тзейн,howling-fjord,96,druid,restoration,6,1,5
Nwal,thunderhorn,96,druid,restoration,6,1,5
Druiruu,tarren-mill,96,druid,restoration,6,1,5
Chimmi,ragnaros,96,druid,restoration,6,1,5
Ka,the-maelstrom,96,druid,restoration,6,1,5
Kruwkamilka,burning-legion,96,druid,restoration,6,1,5
Seekíng,blackmoore,96,druid,restoration,6,1,5
Ðîwø,blackhand,96,druid,restoration,6,1,5
Monopolying,dentarg,96,druid,restoration,6,1,5
Vaizier,defias-brotherhood,96,druid,restoration,6,1,5
Vionia,alexstrasza,96,druid,restoration,6,1,5
Dmai,burning-legion,96,druid,restoration,6,1,5
Sozu,magtheridon,96,druid,restoration,6,1,5
Sodapop,aszune,96,druid,restoration,6,1,5
Cowárd,blackmoore,96,druid,restoration,6,1,5
Hotterhot,blackhand,96,druid,restoration,6,1,5
Bartige,blackmoore,96,druid,restoration,6,1,5
Thebartender,khaz-modan,96,druid,restoration,6,1,5
Elarc,khaz-modan,96,druid,restoration,6,1,5
Grosminouu,dalaran,96,druid,restoration,6,1,5
Utuabzu,grim-batol,96,druid,restoration,6,1,5
Sylindra,argent-dawn,96,druid,restoration,6,1,5
Clonuts,sylvanas,96,druid,restoration,6,1,5
Nuggetspøwa,dalaran,96,druid,restoration,6,1,5
Эскоф,gordunni,96,druid,restoration,6,1,5
Ilikecaipi,eredar,96,druid,restoration,6,1,5
Druvian,argent-dawn,96,druid,restoration,6,1,5
Злодзейка,gordunni,96,druid,restoration,6,1,5
Gløbalzx,aegwynn,96,druid,restoration,6,1,5
Blackird,argent-dawn,96,druid,restoration,6,1,5
Жарищка,soulflayer,96,druid,restoration,6,1,5
Malurith,silvermoon,96,druid,restoration,6,1,5
Enfy,lightbringer,96,druid,restoration,6,1,5
Элнут,gordunni,96,druid,restoration,6,1,5
Cumcowshot,sylvanas,96,druid,restoration,6,1,5
Droodae,hyjal,96,druid,restoration,6,1,5
Vicedxo,kazzak,96,druid,restoration,6,1,5
Johnybalker,hyjal,96,druid,restoration,6,1,5
Mommonga,onyxia,96,druid,restoration,6,1,5
Kouribow,sargeras,96,druid,restoration,6,1,5
Deezforms,kazzak,96,druid,restoration,6,1,5
Nøunøurss,dalaran,96,druid,restoration,6,1,5
Eïdendog,hyjal,96,druid,restoration,6,1,5
Dízzy,malganis,96,druid,restoration,6,1,5
Heala,malganis,96,druid,restoration,6,1,5
Blanoz,ravencrest,96,druid,restoration,6,1,5
Snorg,twisting-nether,96,druid,restoration,6,1,5
Durlehardu,archimonde,96,druid,restoration,6,1,5
Пасторизсша,soulflayer,96,druid,restoration,6,1,5
Tmsqediboo,silvermoon,96,druid,restoration,6,1,5
Gintoni,dun-modr,96,druid,restoration,6,1,5
Винш,grom,96,druid,restoration,6,1,5
Secô,sylvanas,96,druid,restoration,6,1,5
Catzoro,tarren-mill,96,druid,restoration,6,1,5
Mokeff,twisting-nether,96,druid,restoration,6,1,5
Horadruid,silvermoon,96,druid,restoration,6,1,5
Winstonka,doomhammer,96,druid,restoration,6,1,5
Naturaven,sylvanas,96,druid,restoration,6,1,5
Zulk,draenor,96,druid,restoration,6,1,5
Jordnötssmör,draenor,96,druid,restoration,6,1,5
Bazikk,kazzak,96,druid,restoration,6,1,5
Haginator,twisting-nether,96,druid,restoration,6,1,5
Madmoss,twisting-nether,96,druid,restoration,6,1,5
Khaoix,draenor,96,druid,restoration,6,1,5
Сейтил,deathguard,96,druid,restoration,6,1,5
Bëckah,kazzak,96,druid,restoration,6,1,5
Mynilia,blackhand,96,druid,restoration,6,1,5
Lunarveil,draenor,96,druid,restoration,6,1,5
Linkin,azshara,96,druid,restoration,6,1,5
Trippieboy,eredar,96,druid,restoration,6,1,5
Мунпраид,gordunni,96,druid,restoration,6,1,5
Kerydwen,silvermoon,96,druid,restoration,6,1,5
Forbode,darkspear,96,druid,restoration,6,1,5
Phatzoo,stormscale,96,druid,restoration,6,1,5
Броша,gordunni,96,druid,restoration,6,1,5
Kweelor,der-abyssische-rat,96,druid,restoration,6,1,5
Fedelmae,nagrand,96,druid,restoration,6,1,5
Дрейнсол,gordunni,96,druid,restoration,6,1,5
Nikta,trollbane,96,druid,restoration,6,1,5
Xaralius,das-syndikat,96,druid,restoration,6,1,5
Kaliapari,nefarian,96,druid,restoration,6,1,5
Doodud,twisting-nether,96,druid,restoration,7,1,6
Faladriel,zirkel-des-cenarius,96,druid,restoration,7,1,6
Meowmeowmeow,stormscale,96,druid,restoration,12,1,11
Kli,los-errantes,96,druid,restoration,12,1,11
Blietmachine,ravencrest,96,druid,restoration,12,1,11
Kindret,dun-modr,96,druid,restoration,12,1,11
Tafs,stormscale,96,druid,restoration,12,1,11
Келиса,blackscar,96,druid,restoration,12,1,11
Griimmjjow,kazzak,96,druid,restoration,12,1,11
Kûmo,blackmoore,96,druid,restoration,12,1,11
Svartvit,sylvanas,96,druid,restoration,12,1,11
Лапунька,gordunni,96,druid,restoration,12,1,11
Alfadera,kazzak,96,druid,restoration,12,1,11
Ra,stormscale,96,druid,restoration,12,1,11
Püpply,antonidas,96,druid,restoration,12,1,11
Natur,gorgonnash,96,druid,restoration,12,1,11
Valfreya,nemesis,96,druid,restoration,12,1,11
Xilmai,darksorrow,96,druid,restoration,12,1,11
Чупакамра,gordunni,96,druid,restoration,12,1,11
Athenex,azshara,96,druid,restoration,12,1,11
Feminhacked,outland,96,druid,restoration,12,1,11
Anniko,garona,96,druid,restoration,12,1,11
Avalora,the-maelstrom,96,druid,restoration,12,1,11
Aeyrine,archimonde,96,druid,restoration,12,1,11
Nevthren,aggra-português,96,druid,restoration,12,1,11
Pesza,bloodscalp,96,druid,restoration,12,1,11
Drudd,hellscream,96,druid,restoration,12,1,11
Kittycatmeow,stormscale,96,druid,restoration,12,1,11
Mariss25076F,chogall,96,druid,restoration,12,1,11
Napukka,silvermoon,96,druid,restoration,12,1,11
Phëys,hyjal,96,druid,restoration,12,1,11
Raveous,tarren-mill,96,druid,restoration,18,1,17
Anahots,silvermoon,96,druid,restoration,18,1,17
Chijara,destromath,95,druid,restoration,6,1,5
Urlef,antonidas,95,druid,restoration,12,1,11
Lübka,amanthul,95,druid,restoration,12,1,11
Bëniheal,la-croisade-écarlate,95,druid,restoration,12,1,11
Arayura,kirin-tor,95,druid,restoration,18,1,17
Acidbrate,aegwynn,90,druid,restoration,12,3,9
Jý,die-arguswacht,84,druid,restoration,17,4,13
Watchmymoon,blackrock,84,druid,restoration,20,4,16
Sealife,destromath,79,druid,restoration,5,1,4
Блэкфорест,gordunni,79,druid,restoration,5,1,4
Дарзамат,blackscar,79,druid,restoration,5,1,4
Rasserdruid,runetotem,63,druid,restoration,2,2,0
Jaykerlol,kazzak,48,druid,restoration,3,1,2
Shaolinkilla,ragnaros,48,druid,restoration,9,1,8
Quizdarude,draenor,42,druid,restoration,10,3,7
Mnee,steamwheedle-cartel,42,druid,restoration,7,2,5
Zedomeld,auchindoun,42,druid,restoration,8,2,6
Growlithe,hellfire,42,druid,restoration,8,2,6
Merawr,ravencrest,42,druid,restoration,8,2,6
Rédbullz,silvermoon,42,druid,restoration,9,2,7
Ультраафина,gordunni,42,druid,restoration,9,2,7
Amadi,grim-batol,42,druid,restoration,9,2,7
Feráx,doomhammer,42,druid,restoration,9,2,7
Eceria,the-maelstrom,42,druid,restoration,9,2,7
Nytaleas,naxxramas,42,druid,restoration,10,2,8
Pornheal,drakthul,42,druid,restoration,10,2,8
Onacor,stormrage,42,druid,restoration,10,2,8
Jimboza,stormscale,42,druid,restoration,11,2,9
Uniquz,sylvanas,42,druid,restoration,11,2,9
Vanarea,argent-dawn,42,druid,restoration,14,2,12
Druiden,the-maelstrom,31,druid,restoration,2,1,1
Sendä,hyjal,31,druid,restoration,3,1,2
Bulleyo,ysondre,1627,druid,guardian,137,74,63
Djemdruid,argent-dawn,1585,druid,guardian,42,18,24
Сверххищникк,soulflayer,1409,druid,guardian,172,91,81
Blacksagex,dragonmaw,1368,druid,guardian,39,15,24
Sleepykitty,argent-dawn,1257,druid,guardian,105,40,65
Lioky,dun-modr,1227,druid,guardian,42,21,21
Вестхем,howling-fjord,1192,druid,guardian,48,23,25
Reshifted,sunstrider,1189,druid,guardian,155,74,81
Windythemilf,stormscale,1180,druid,guardian,201,99,102
Rbgbear,blackhand,1156,druid,guardian,36,15,21
Rapatera,argent-dawn,1115,druid,guardian,24,12,12
Avior,eonar,1093,druid,guardian,243,118,125
Durlehardu,archimonde,1018,druid,guardian,59,27,32
Микайо,goldrinn,986,druid,guardian,41,17,24
Crazydudu,tarren-mill,977,druid,guardian,68,25,43
Laracroft,the-maelstrom,953,druid,guardian,22,11,11
Renaissancee,silvermoon,943,druid,guardian,68,21,47
Овлай,razuvious,880,druid,guardian,30,16,14
Avisa,blackhand,831,druid,guardian,108,45,63
Bigdomas,sylvanas,790,druid,guardian,46,19,27
Ноорру,gordunni,715,druid,guardian,11,8,3
Ксидронис,eversong,687,druid,guardian,22,8,14
Critter,kargath,661,druid,guardian,24,7,17
Гибрайт,soulflayer,623,druid,guardian,15,7,8
Fatalis,zuljin,573,druid,guardian,18,6,12
Win,hellscream,496,druid,guardian,23,7,16
Slotheron,ravencrest,480,druid,guardian,12,5,7
Гохгерункянк,soulflayer,477,druid,guardian,12,5,7
Sheâ,nemesis,476,druid,guardian,12,5,7
Xangy,drakthul,426,druid,guardian,15,6,9
Wildsoûl,kazzak,425,druid,guardian,27,6,21
Tigerbear,argent-dawn,384,druid,guardian,12,4,8
Pabloskyn,sanguino,383,druid,guardian,6,4,2
Horizonline,terokkar,350,druid,guardian,11,4,7
Фэк,eversong,288,druid,guardian,6,3,3
Tibaz,sylvanas,288,druid,guardian,6,3,3
Icxigo,silvermoon,288,druid,guardian,6,3,3
Pumpick,doomhammer,285,druid,guardian,13,3,10
Bulldozerkin,ragnaros,192,druid,guardian,6,2,4
Sároman,ravencrest,192,druid,guardian,6,2,4
Kaynine,lightnings-blade,192,druid,guardian,6,2,4
Justtrollîng,twisting-nether,192,druid,guardian,6,2,4
Kárrde,balnazzar,192,druid,guardian,6,2,4
Skwair,garona,192,druid,guardian,6,2,4
Deppresso,tarren-mill,192,druid,guardian,6,2,4
Jebga,thrall,192,druid,guardian,6,2,4
Astralcore,stormscale,192,druid,guardian,6,2,4
Druidyy,exodar,192,druid,guardian,6,2,4
Zinister,hyjal,192,druid,guardian,6,2,4
Фдру,eversong,192,druid,guardian,6,2,4
Envidius,kazzak,192,druid,guardian,6,2,4
Джирас,gordunni,192,druid,guardian,6,2,4
Beteralsjij,frostwhisper,192,druid,guardian,12,2,10
Nwal,thunderhorn,192,druid,guardian,12,2,10
Fynvola,anubarak,192,druid,guardian,12,2,10
Pure,kul-tiras,190,druid,guardian,15,3,12
Oõ,aggra-português,96,druid,guardian,6,1,5
Cleandc,blackhand,96,druid,guardian,6,1,5
Жекакотик,eversong,96,druid,guardian,6,1,5
Beduin,stormscale,96,druid,guardian,6,1,5
Дудумейстер,howling-fjord,96,druid,guardian,6,1,5
Almightydudu,draenor,96,druid,guardian,6,1,5
Anthlas,outland,96,druid,guardian,6,1,5
Murmétoile,chants-éternels,96,druid,guardian,6,1,5
Plandros,draenor,96,druid,guardian,6,1,5
Leondir,quelthalas,96,druid,guardian,6,1,5
Monsterpuppy,magtheridon,96,druid,guardian,6,1,5
Kaamirach,blackmoore,96,druid,guardian,6,1,5
Túrnip,aerie-peak,96,druid,guardian,6,1,5
Silver,terokkar,42,druid,guardian,16,3,13
Brutaldamage,ravencrest,2343,druid,feral,148,82,66
Verycringe,ravencrest,2329,druid,feral,266,140,126
Xercas,outland,2250,druid,feral,71,44,27
Ktx,aegwynn,2238,druid,feral,84,50,34
Vârima,ravencrest,2229,druid,feral,84,56,28
Lïndalûnå,ravencrest,2229,druid,feral,150,81,69
Ðevilwhite,nemesis,2220,druid,feral,120,66,54
Lïved,nemesis,2210,druid,feral,141,85,56
Cataferal,ravencrest,2199,druid,feral,180,97,83
Twinklex,ravencrest,2163,druid,feral,227,112,115
Mabkferal,ravencrest,2146,druid,feral,133,67,66
Elîas,kazzak,2141,druid,feral,77,45,32
Tael,elune,2119,druid,feral,120,60,60
Mykk,ravencrest,2116,druid,feral,142,88,54
Mutaattori,sylvanas,2115,druid,feral,163,82,81
Houmrx,ravencrest,2113,druid,feral,173,89,84
Bloodyredlyx,ysera,2112,druid,feral,90,46,44
Öøöøöøöøöøöø,anachronos,2110,druid,feral,72,47,25
Noxxìe,draenor,2110,druid,feral,176,94,82
Shizën,bladefist,2109,druid,feral,92,52,40
Ромкабикстар,gordunni,2107,druid,feral,78,40,38
Animålz,archimonde,2101,druid,feral,90,48,42
Desenlace,ravencrest,2101,druid,feral,369,191,178
Mmlprox,burning-legion,2099,druid,feral,139,71,68
Cåssidy,archimonde,2095,druid,feral,90,45,45
Jakamx,ravencrest,2077,druid,feral,444,225,219
Rubbershark,ravencrest,2074,druid,feral,229,138,91
Bleêds,dun-modr,2061,druid,feral,60,35,25
Nìm,outland,2057,druid,feral,124,60,64
Трэвисдог,gordunni,2053,druid,feral,77,38,39
Kàraba,archimonde,2050,druid,feral,142,76,66
Tûêsdäÿblûês,ravencrest,2038,druid,feral,124,61,63
Zøte,ravencrest,2037,druid,feral,117,58,59
Calaftayou,ravencrest,2034,druid,feral,108,51,57
Tomyn,burning-legion,2033,druid,feral,72,43,29
Uebiwe,silvermoon,2022,druid,feral,84,48,36
Rapatera,argent-dawn,2019,druid,feral,54,30,24
Норланда,gordunni,2012,druid,feral,78,39,39
Degmond,silvermoon,2010,druid,feral,198,101,97
Lxve,tarren-mill,1999,druid,feral,66,34,32
Crøwnd,twisting-nether,1996,druid,feral,60,35,25
Yone,blackmoore,1978,druid,feral,101,52,49
Taladruide,archimonde,1970,druid,feral,144,70,74
Desenlace,silvermoon,1966,druid,feral,233,112,121
Gurranq,argent-dawn,1964,druid,feral,60,32,28
Bigangrycatx,ravencrest,1964,druid,feral,85,43,42
Trøüpäx,outland,1955,druid,feral,123,61,62
Kaÿn,tarren-mill,1952,druid,feral,89,42,47
Cocaqt,nemesis,1946,druid,feral,119,70,49
Muckì,alleria,1945,druid,feral,96,50,46
Dashfull,ravencrest,1945,druid,feral,516,263,253
Mortality,proudmoore,1940,druid,feral,125,63,62
Эриэс,gordunni,1934,druid,feral,184,96,88
Nîîght,ravencrest,1923,druid,feral,72,35,37
Obeseferal,outland,1915,druid,feral,126,57,69
Iminz,ravencrest,1914,druid,feral,281,133,148
Fyrkax,aegwynn,1911,druid,feral,54,31,23
Djgírlßøssqt,argent-dawn,1910,druid,feral,192,94,98
Фейкхехе,gordunni,1908,druid,feral,54,32,22
Purgatxry,ravencrest,1902,druid,feral,497,248,249
Bigscarycatx,ravencrest,1901,druid,feral,57,31,26
Нимир,soulflayer,1900,druid,feral,196,94,102
Лардиан,gordunni,1899,druid,feral,66,38,28
Jåkeferalta,outland,1893,druid,feral,149,78,71
Sleepykitty,argent-dawn,1890,druid,feral,393,205,188
Kaldorei,nemesis,1886,druid,feral,133,70,63
Wex,darksorrow,1883,druid,feral,42,28,14
Råbi,ravencrest,1883,druid,feral,45,21,24
Опакот,howling-fjord,1879,druid,feral,68,30,38
Garbagemonky,amanthul,1878,druid,feral,130,83,47
Kijan,silvermoon,1877,druid,feral,70,44,26
Themartyr,tarren-mill,1874,druid,feral,47,26,21
Khunahype,thrall,1873,druid,feral,60,39,21
Trauller,outland,1872,druid,feral,72,30,42
Symbiosa,silvermoon,1870,druid,feral,30,20,10
Mysticalmoon,ravencrest,1864,druid,feral,113,51,62
Cløwnferalx,argent-dawn,1863,druid,feral,66,29,37
Kokünomajo,kazzak,1861,druid,feral,42,34,8
Jukeboks,silvermoon,1857,druid,feral,73,34,39
Shiftydruid,thunderhorn,1856,druid,feral,224,113,111
Блюгилли,ashenvale,1854,druid,feral,149,72,77
Cocomojo,outland,1850,druid,feral,134,73,61
Boostedbear,ragnaros,1848,druid,feral,65,30,35
Léxiny,blackrock,1846,druid,feral,35,23,12
Dureka,tarren-mill,1845,druid,feral,82,50,32
Kattenvoer,stormscale,1842,druid,feral,36,27,9
Melsson,stormreaver,1842,druid,feral,66,31,35
Facerippin,proudmoore,1836,druid,feral,82,44,38
Skatch,sylvanas,1836,druid,feral,54,28,26
Yesbody,tarren-mill,1836,druid,feral,48,24,24
Блиденг,gordunni,1834,druid,feral,99,53,46
Февти,gordunni,1828,druid,feral,59,34,25
Skytek,silvermoon,1828,druid,feral,96,48,48
Indann,kazzak,1827,druid,feral,78,35,43
Annksunamún,ysondre,1824,druid,feral,279,152,127
Pilaf,emerald-dream,1824,druid,feral,227,113,114
Drbeef,sanguino,1823,druid,feral,45,28,17
Zelaron,twisting-nether,1823,druid,feral,42,22,20
Reward,ragnaros,1819,druid,feral,64,30,34
Rheasilvià,silvermoon,1818,druid,feral,54,31,23
Kroñm,dun-modr,1818,druid,feral,60,25,35
Итильтириэль,gordunni,1817,druid,feral,311,155,156
Fendrïl,varimathras,1814,druid,feral,90,55,35
Nøfåmïly,silvermoon,1814,druid,feral,160,83,77
Moonkniight,ravencrest,1810,druid,feral,30,22,8
Nfxdruid,argent-dawn,1810,druid,feral,102,60,42
Alexmeow,ravencrest,1809,druid,feral,62,36,26
Leylå,ravencrest,1809,druid,feral,84,41,43
Furrykruger,the-maelstrom,1807,druid,feral,84,39,45
Caprïsun,archimonde,1804,druid,feral,42,24,18
Ratsimulator,tarren-mill,1802,druid,feral,54,32,22
Jhiun,ragnaros,1802,druid,feral,180,94,86
Minaervea,antonidas,1802,druid,feral,162,77,85
Moskaros,turalyon,1800,druid,feral,156,80,76
Klaerke,tarren-mill,1800,druid,feral,93,42,51
Nzmdruid,burning-legion,1795,druid,feral,48,25,23
Фейк,howling-fjord,1795,druid,feral,54,26,28
Vãrima,ravencrest,1793,druid,feral,36,21,15
Ddru,ravencrest,1789,druid,feral,52,28,24
Roska,archimonde,1787,druid,feral,54,26,28
Nainket,ravencrest,1786,druid,feral,54,24,30
Buffshred,ravencrest,1785,druid,feral,30,21,9
Coineagan,frostmourne,1782,druid,feral,58,23,35
Ålleyézoffme,ravencrest,1780,druid,feral,77,43,34
Kikihoux,ravencrest,1775,druid,feral,45,24,21
Goldrax,outland,1774,druid,feral,60,32,28
Nekocat,ravencrest,1767,druid,feral,39,24,15
Noé,aegwynn,1766,druid,feral,189,115,74
Jarethy,dun-modr,1766,druid,feral,117,55,62
Каергорн,soulflayer,1766,druid,feral,54,19,35
Weyztwo,hyjal,1765,druid,feral,56,30,26
Злодзейка,gordunni,1763,druid,feral,287,149,138
Bigcrazycatx,ravencrest,1762,druid,feral,132,59,73
Nevercloneqt,argent-dawn,1758,druid,feral,65,31,34
Селфика,gordunni,1757,druid,feral,66,21,45
Verbxp,kazzak,1756,druid,feral,101,54,47
Paranoia,outland,1756,druid,feral,160,82,78
Fallken,burning-blade,1755,druid,feral,42,26,16
Goodtrip,hyjal,1754,druid,feral,65,40,25
Elfsu,ravencrest,1752,druid,feral,101,52,49
Fürfur,ravencrest,1749,druid,feral,48,29,19
Tangela,stormreaver,1746,druid,feral,84,49,35
Bigpapad,ravencrest,1741,druid,feral,48,25,23
Moldrokk,ravencrest,1739,druid,feral,52,31,21
Тёмныйзверь,borean-tundra,1738,druid,feral,264,139,125
Грязныекогти,gordunni,1737,druid,feral,89,55,34
Blvckðvitchz,ravencrest,1736,druid,feral,66,31,35
Babynaty,ravencrest,1735,druid,feral,108,51,57
Шев,blackscar,1733,druid,feral,48,23,25
Apuasaatana,stormreaver,1731,druid,feral,36,20,16
Catkovic,kult-der-verdammten,1730,druid,feral,59,28,31
Nouin,twisting-nether,1726,druid,feral,226,113,113
Varø,aegwynn,1722,druid,feral,41,22,19
Zechey,stormreaver,1721,druid,feral,30,18,12
Мелталиора,soulflayer,1720,druid,feral,71,33,38
Faded,stormreaver,1719,druid,feral,102,43,59
Zaibastus,doomhammer,1718,druid,feral,72,30,42
Opresse,archimonde,1717,druid,feral,78,34,44
Trevorkki,korgall,1716,druid,feral,86,45,41
Ôkeanos,blackhand,1712,druid,feral,64,34,30
Pänthërä,ravencrest,1711,druid,feral,36,18,18
Frzx,stormscale,1710,druid,feral,84,41,43
Hässelhoof,ragnaros,1710,druid,feral,144,64,80
Laguna,ravencrest,1709,druid,feral,77,35,42
Køgèr,kazzak,1707,druid,feral,36,22,14
Faveyo,die-nachtwache,1707,druid,feral,42,18,24
Bearmantlé,outland,1699,druid,feral,58,28,30
Хэрес,gordunni,1698,druid,feral,30,19,11
Eccology,silvermoon,1698,druid,feral,84,35,49
Worgenshiftr,kazzak,1697,druid,feral,48,21,27
Апвель,gordunni,1694,druid,feral,42,20,22
Fückøff,ravencrest,1689,druid,feral,65,33,32
Natakis,blades-edge,1688,druid,feral,48,25,23
Doopdroo,tarren-mill,1687,druid,feral,48,20,28
Kittcatx,ravencrest,1684,druid,feral,44,25,19
Arfgtdispo,hyjal,1680,druid,feral,48,23,25
Heyiamdan,tarren-mill,1677,druid,feral,313,169,144
Yaddas,draenor,1676,druid,feral,90,37,53
Jgltrainer,archimonde,1675,druid,feral,71,40,31
Jellytardx,outland,1675,druid,feral,75,41,34
Retzerbil,ravencrest,1675,druid,feral,46,23,23
Zifr,dalaran,1675,druid,feral,66,22,44
Dzandel,silvermoon,1674,druid,feral,530,260,270
Zarc,stormreaver,1672,druid,feral,49,27,22
Extracssion,ysondre,1672,druid,feral,128,65,63
Crazydos,tarren-mill,1671,druid,feral,57,27,30
Adastroeolo,sanguino,1669,druid,feral,87,49,38
Mbk,kazzak,1669,druid,feral,73,35,38
Druidry,ragnaros,1668,druid,feral,113,65,48
Nèxtløls,twisting-nether,1668,druid,feral,110,63,47
Aedui,tarren-mill,1668,druid,feral,38,20,18
Banzeye,nordrassil,1668,druid,feral,184,96,88
Ðrüid,ravencrest,1668,druid,feral,72,34,38
Kouda,draenor,1666,druid,feral,110,51,59
Silksharp,ravencrest,1663,druid,feral,60,31,29
Scaleo,stormreaver,1662,druid,feral,115,61,54
Jasperqt,silvermoon,1661,druid,feral,36,23,13
Snapzy,sylvanas,1659,druid,feral,65,48,17
Triluxa,blackmoore,1659,druid,feral,54,28,26
Adabsurdum,kazzak,1659,druid,feral,124,55,69
Котосапенс,howling-fjord,1658,druid,feral,60,33,27
Loyoq,elune,1658,druid,feral,35,19,16
Cyborgz,archimonde,1655,druid,feral,41,19,22
Ethryl,ravencrest,1650,druid,feral,137,62,75
Katzovic,kult-der-verdammten,1648,druid,feral,30,18,12
Житмедветь,booty-bay,1648,druid,feral,74,43,31
Ckelf,ravencrest,1646,druid,feral,42,18,24
Даркедес,gordunni,1644,druid,feral,84,43,41
Alcik,silvermoon,1643,druid,feral,96,37,59
Симбиозный,howling-fjord,1642,druid,feral,60,31,29
Simdruid,stormscale,1641,druid,feral,36,19,17
Wucherwurzel,eredar,1640,druid,feral,142,67,75
Weedgras,eredar,1640,druid,feral,48,21,27
ßgøðx,argent-dawn,1639,druid,feral,85,47,38
Hugepepega,ravencrest,1636,druid,feral,54,31,23
Bernfried,silvermoon,1631,druid,feral,76,33,43
Ñøpe,ravencrest,1630,druid,feral,30,17,13
Fzx,aegwynn,1629,druid,feral,30,17,13
Moderntalkin,aegwynn,1628,druid,feral,47,23,24
Blakkowl,drakthul,1627,druid,feral,48,24,24
Avanah,silvermoon,1626,druid,feral,72,35,37
Redlung,outland,1626,druid,feral,41,19,22
Rami,sylvanas,1625,druid,feral,159,79,80
Nîghtz,ravencrest,1623,druid,feral,33,18,15
Spale,twisting-nether,1622,druid,feral,86,43,43
Drunosio,magtheridon,1620,druid,feral,181,88,93
Neyok,blackrock,1619,druid,feral,50,26,24
Phenova,sargeras,1618,druid,feral,129,54,75
Skypinho,blackhand,1616,druid,feral,48,22,26
Djmeowxd,blackrock,1616,druid,feral,69,30,39
Yamkar,blackrock,1616,druid,feral,57,24,33
Nøkki,draenor,1615,druid,feral,75,39,36
Tilikum,stormscale,1615,druid,feral,459,224,235
Rayjinn,dun-modr,1613,druid,feral,36,17,19
Freyanah,argent-dawn,1612,druid,feral,128,54,74
Féral,hyjal,1611,druid,feral,149,74,75
Zhosy,shattrath,1609,druid,feral,69,29,40
Feytique,aegwynn,1607,druid,feral,59,30,29
Crtx,blackhand,1605,druid,feral,180,107,73
Crisspurolss,ysondre,1605,druid,feral,73,38,35
Реалаг,howling-fjord,1604,druid,feral,47,20,27
Evilshade,ravencrest,1604,druid,feral,127,53,74
Акиша,deepholm,1602,druid,feral,44,21,23
Køgér,kazzak,1601,druid,feral,30,17,13
Bomoth,kazzak,1601,druid,feral,48,24,24
Chronoqtxd,ravencrest,1601,druid,feral,52,24,28
Tani,kazzak,1600,druid,feral,63,34,29
Razoremperor,tarren-mill,1599,druid,feral,156,76,80
Bulan,ghostlands,1595,druid,feral,130,72,58
Ajwen,tarren-mill,1593,druid,feral,30,20,10
Unoseeme,outland,1593,druid,feral,155,72,83
Juraci,forscherliga,1592,druid,feral,35,18,17
Gediminas,argent-dawn,1591,druid,feral,160,70,90
Frighton,ravencrest,1591,druid,feral,72,30,42
Спудич,eversong,1586,druid,feral,91,39,52
Bikiniwochen,antonidas,1585,druid,feral,48,24,24
Texoria,twisting-nether,1584,druid,feral,195,100,95
Narunis,tarren-mill,1584,druid,feral,114,54,60
Unreally,drakthul,1583,druid,feral,54,32,22
Rbgbot,ragnaros,1583,druid,feral,63,35,28
Mooncarnatio,burning-legion,1583,druid,feral,60,23,37
Tonycatmeow,ravencrest,1582,druid,feral,30,18,12
Vëgâñgøðx,ragnaros,1582,druid,feral,170,90,80
Vlcák,drakthul,1581,druid,feral,351,180,171
Jabbari,outland,1578,druid,feral,293,145,148
Ringthaw,silvermoon,1578,druid,feral,54,24,30
Nasukka,grim-batol,1576,druid,feral,115,57,58
Soofyan,kazzak,1576,druid,feral,122,55,67
Nédith,archimonde,1576,druid,feral,42,18,24
Panthéra,ravencrest,1575,druid,feral,298,151,147
Sartipus,draenor,1575,druid,feral,48,24,24
Emph,ravencrest,1574,druid,feral,54,29,25
Арбузег,gordunni,1573,druid,feral,144,74,70
Raznos,ravencrest,1572,druid,feral,89,51,38
Màz,blackmoore,1572,druid,feral,176,86,90
Goodtrip,archimonde,1572,druid,feral,134,62,72
Asçdruid,kazzak,1572,druid,feral,56,24,32
Одряя,soulflayer,1569,druid,feral,146,81,65
Pitchou,karazhan,1567,druid,feral,94,46,48
Unguis,outland,1566,druid,feral,134,73,61
Thørkang,dun-modr,1566,druid,feral,155,81,74
Notsad,dun-modr,1566,druid,feral,42,19,23
Алексина,fordragon,1565,druid,feral,301,162,139
Yongala,archimonde,1565,druid,feral,66,35,31
Stopwatching,outland,1565,druid,feral,42,18,24
Риама,blackscar,1564,druid,feral,102,50,52
Fangornn,outland,1560,druid,feral,89,40,49
Feralwilder,turalyon,1559,druid,feral,345,159,186
Drylle,argent-dawn,1555,druid,feral,93,50,43
Eltroncazo,sanguino,1553,druid,feral,48,27,21
Christàlyst,garona,1553,druid,feral,92,50,42
Фекаллис,soulflayer,1553,druid,feral,69,32,37
Tazdino,destromath,1553,druid,feral,60,22,38
Alessathrina,argent-dawn,1552,druid,feral,223,104,119
Мунпраид,gordunni,1551,druid,feral,168,84,84
Cubswansón,outland,1550,druid,feral,85,46,39
Chiwsy,outland,1548,druid,feral,83,42,41
Smuktøs,twisting-nether,1546,druid,feral,47,28,19
Diow,elune,1546,druid,feral,54,22,32
Eranor,archimonde,1542,druid,feral,170,87,83
Unlit,draenor,1540,druid,feral,132,68,64
Ipunishcatz,ravencrest,1540,druid,feral,182,86,96
Voreli,silvermoon,1533,druid,feral,30,16,14
Shyngodx,archimonde,1533,druid,feral,41,17,24
Aendy,tarren-mill,1532,druid,feral,41,18,23
Зонкс,gordunni,1530,druid,feral,122,63,59
Maccín,draenor,1530,druid,feral,52,18,34
Møonknight,ravencrest,1529,druid,feral,30,16,14
Melondru,dun-modr,1529,druid,feral,42,21,21
Cjparker,archimonde,1527,druid,feral,80,36,44
Lenyl,dun-modr,1526,druid,feral,36,16,20
Kabraxis,silvermoon,1522,druid,feral,66,32,34
Rottweiler,doomhammer,1521,druid,feral,280,144,136
Броодяга,razuvious,1521,druid,feral,59,27,32
Взп,gordunni,1518,druid,feral,60,30,30
Mooqt,alexstrasza,1517,druid,feral,55,31,24
Бобасик,fordragon,1517,druid,feral,138,70,68
Benyameow,ravencrest,1516,druid,feral,24,16,8
Ottur,argent-dawn,1516,druid,feral,180,84,96
Хагисс,booty-bay,1513,druid,feral,84,41,43
Xilmai,darksorrow,1510,druid,feral,73,34,39
Psychodeliya,ragnaros,1510,druid,feral,54,17,37
Sadskia,sanguino,1507,druid,feral,91,42,49
Муумуумуу,howling-fjord,1505,druid,feral,307,152,155
Zurllyn,ravencrest,1505,druid,feral,90,41,49
Jerrybeans,ravencrest,1504,druid,feral,120,57,63
Furmagic,tarren-mill,1504,druid,feral,59,28,31
Madeath,stormscale,1504,druid,feral,108,50,58
Carridwyn,argent-dawn,1503,druid,feral,96,46,50
Calîmerô,blackrock,1500,druid,feral,24,18,6
Sìa,frostmane,1499,druid,feral,106,42,64
Zyhm,archimonde,1498,druid,feral,60,33,27
Эскоф,gordunni,1495,druid,feral,229,121,108
Thecòntról,ravencrest,1492,druid,feral,81,47,34
Мумя,howling-fjord,1492,druid,feral,157,78,79
Оудин,blackscar,1492,druid,feral,65,31,34
Rustÿ,hyjal,1489,druid,feral,34,24,10
Chexdruid,silvermoon,1489,druid,feral,52,21,31
Beckett,aszune,1487,druid,feral,69,31,38
Hkwoaf,chants-éternels,1487,druid,feral,47,18,29
Samian,turalyon,1486,druid,feral,30,16,14
Kattig,grim-batol,1485,druid,feral,68,31,37
Bigdaddytate,kazzak,1483,druid,feral,89,51,38
Annksunamun,ysondre,1482,druid,feral,46,23,23
Tàlented,aggra-português,1482,druid,feral,59,29,30
Kärmä,eldrethalas,1480,druid,feral,221,111,110
Fluffygoon,tarren-mill,1479,druid,feral,145,67,78
Byet,kazzak,1478,druid,feral,42,17,25
Starkeknolle,blackmoore,1474,druid,feral,75,40,35
Беконайзер,howling-fjord,1473,druid,feral,81,42,39
Элисандра,gordunni,1470,druid,feral,48,31,17
Паинтер,blackscar,1470,druid,feral,110,48,62
Тётявискас,howling-fjord,1464,druid,feral,106,53,53
Clipsy,twilights-hammer,1464,druid,feral,518,257,261
Everglow,argent-dawn,1462,druid,feral,434,221,213
Larryburns,nathrezim,1462,druid,feral,134,67,67
Ponshü,hyjal,1461,druid,feral,51,30,21
Zaethul,draenor,1460,druid,feral,32,21,11
Sekunden,ravencrest,1460,druid,feral,156,76,80
Chromaticx,argent-dawn,1459,druid,feral,151,81,70
Epicplays,sylvanas,1458,druid,feral,136,74,62
Bâbusch,blackmoore,1457,druid,feral,101,51,50
Arlina,magtheridon,1454,druid,feral,57,26,31
Акетчи,howling-fjord,1452,druid,feral,94,54,40
Phïl,ravencrest,1450,druid,feral,176,87,89
Baerminatør,blackrock,1449,druid,feral,84,38,46
Savvy,arthas,1449,druid,feral,36,16,20
Tanmax,blackmoore,1449,druid,feral,45,19,26
Hordezai,outland,1448,druid,feral,77,34,43
Zhényá,ravencrest,1447,druid,feral,42,22,20
Daddyßangz,das-konsortium,1446,druid,feral,52,24,28
Äcajou,hyjal,1445,druid,feral,126,70,56
Smellykitten,ravencrest,1445,druid,feral,36,18,18
Koumma,archimonde,1444,druid,feral,221,114,107
Rollozuu,blackrock,1444,druid,feral,210,102,108
Nariah,silvermoon,1443,druid,feral,51,17,34
Oleander,zuljin,1442,druid,feral,226,112,114
Vargall,silvermoon,1441,druid,feral,29,19,10
Chouan,marécage-de-zangar,1440,druid,feral,300,157,143
Erelae,twisting-nether,1437,druid,feral,91,47,44
Chirnaruk,ravencrest,1437,druid,feral,84,42,42
Docmedlove,aegwynn,1437,druid,feral,36,15,21
Køda,blackrock,1437,druid,feral,80,33,47
Dubakoo,outland,1435,druid,feral,85,46,39
Sølaria,kazzak,1435,druid,feral,36,15,21
Mònókox,eredar,1435,druid,feral,42,17,25
Crinji,ravencrest,1433,druid,feral,24,15,9
Boomzter,frostmane,1433,druid,feral,75,36,39
Vanhelsíng,dun-modr,1431,druid,feral,76,46,30
Mímír,frostmane,1430,druid,feral,45,19,26
Фэк,eversong,1429,druid,feral,56,29,27
Ripgødx,outland,1426,druid,feral,152,81,71
Margueriti,the-maelstrom,1424,druid,feral,129,60,69
Bløødberry,ravencrest,1423,druid,feral,36,18,18
Lunamimi,argent-dawn,1422,druid,feral,150,84,66
Bagheera,archimonde,1420,druid,feral,137,66,71
Mervend,tarren-mill,1420,druid,feral,41,15,26
Ephixa,burning-legion,1419,druid,feral,47,23,24
Enock,hyjal,1418,druid,feral,34,18,16
Tîma,blackmoore,1418,druid,feral,357,179,178
Линнер,lich-king,1418,druid,feral,36,16,20
Cheddar,tyrande,1414,druid,feral,99,52,47
Healníx,blackrock,1411,druid,feral,86,46,40
Муунфаер,gordunni,1410,druid,feral,97,44,53
Liqoú,tarren-mill,1409,druid,feral,60,35,25
Drudonja,silvermoon,1409,druid,feral,192,99,93
Бритаякиска,gordunni,1407,druid,feral,30,16,14
Thaelyy,drakthul,1407,druid,feral,66,27,39
Degentiuso,alakir,1405,druid,feral,96,53,43
Saabeq,hyjal,1401,druid,feral,36,15,21
Luigina,blackmoore,1400,druid,feral,30,15,15
Phesxd,sylvanas,1400,druid,feral,60,29,31
Aøn,silvermoon,1398,druid,feral,78,37,41
Mimir,la-croisade-écarlate,1397,druid,feral,60,28,32
Picatso,blackrock,1395,druid,feral,30,15,15
Seyyid,archimonde,1394,druid,feral,36,18,18
Беркамп,howling-fjord,1394,druid,feral,158,74,84
Sÿlph,sylvanas,1393,druid,feral,180,92,88
Neshalry,blackhand,1392,druid,feral,36,16,20
Nå,outland,1390,druid,feral,191,92,99
Tyranderawr,ravencrest,1390,druid,feral,51,20,31
Котфилин,gordunni,1389,druid,feral,84,47,37
Сириль,soulflayer,1389,druid,feral,64,34,30
Deehe,thrall,1387,druid,feral,114,54,60
Legitx,dentarg,1385,druid,feral,43,17,26
Tsopúnisher,twisting-nether,1383,druid,feral,46,20,26
Carlitto,blackmoore,1382,druid,feral,33,23,10
Léxa,sunstrider,1382,druid,feral,41,17,24
Donoz,ravencrest,1378,druid,feral,42,26,16
Wadles,draenor,1378,druid,feral,52,27,25
Рэво,gordunni,1377,druid,feral,30,18,12
Blacksagex,dragonmaw,1377,druid,feral,29,15,14
Ferøsse,hyjal,1376,druid,feral,54,27,27
Sabertoon,argent-dawn,1375,druid,feral,228,103,125
Pipima,kazzak,1374,druid,feral,48,20,28
Droodae,hyjal,1373,druid,feral,59,33,26
Kalan,eredar,1373,druid,feral,36,19,17
Друличч,blackscar,1371,druid,feral,108,53,55
Dijem,wildhammer,1370,druid,feral,104,60,44
Hottad,tarren-mill,1369,druid,feral,162,89,73
Soléda,thrall,1369,druid,feral,204,102,102
Сэднхорни,howling-fjord,1369,druid,feral,49,22,27
Migah,stormscale,1368,druid,feral,140,79,61
Kømo,draenor,1368,druid,feral,30,16,14
Cörelly,ravencrest,1368,druid,feral,96,48,48
Chepochem,stormscale,1368,druid,feral,50,20,30
Stûnßîtêðêâð,ravencrest,1367,druid,feral,54,28,26
Enjoik,drakthul,1367,druid,feral,201,99,102
Tyldormeow,tarren-mill,1367,druid,feral,263,128,135
Lugtedyr,draenor,1366,druid,feral,65,30,35
Hushorde,twisting-nether,1366,druid,feral,71,31,40
Trusten,nemesis,1364,druid,feral,196,106,90
Tilac,proudmoore,1364,druid,feral,35,16,19
Blintschiki,echsenkessel,1363,druid,feral,71,32,39
Nîchtsnutz,blackmoore,1361,druid,feral,65,29,36
Kovlian,argent-dawn,1360,druid,feral,82,37,45
Cruelbunny,nemesis,1359,druid,feral,78,32,46
Mônchô,sanguino,1356,druid,feral,130,74,56
Crow,saurfang,1356,druid,feral,182,90,92
Kodobursto,stormscale,1355,druid,feral,150,81,69
Sløthy,uldum,1355,druid,feral,52,26,26
Dilleydank,ravencrest,1353,druid,feral,27,15,12
ßußßo,ravencrest,1352,druid,feral,30,24,6
Tricklou,tarren-mill,1352,druid,feral,69,42,27
Wingnutz,argent-dawn,1351,druid,feral,48,20,28
Kajhan,silvermoon,1346,druid,feral,164,85,79
Treeflogger,ravencrest,1346,druid,feral,120,61,59
Микайо,goldrinn,1346,druid,feral,207,96,111
Darkcon,silvermoon,1346,druid,feral,72,28,44
Inuah,veknilash,1345,druid,feral,129,62,67
Yhavi,kazzak,1344,druid,feral,56,30,26
Snapeshifter,blackhand,1343,druid,feral,36,19,17
Bignik,tarren-mill,1343,druid,feral,30,14,16
Darkangelus,dethecus,1340,druid,feral,30,18,12
Vancis,ravencrest,1339,druid,feral,87,44,43
Ефомитстерша,gordunni,1339,druid,feral,36,17,19
Teám,tarren-mill,1338,druid,feral,54,21,33
Snøwden,twisting-nether,1337,druid,feral,48,27,21
Kasualx,stormscale,1336,druid,feral,81,39,42
Paws,dun-modr,1332,druid,feral,90,46,44
Gonco,blackrock,1329,druid,feral,130,61,69
Elitarian,argent-dawn,1328,druid,feral,273,134,139
Liliolivia,outland,1327,druid,feral,24,14,10
Медверх,gordunni,1326,druid,feral,72,34,38
Starliner,ravencrest,1326,druid,feral,36,14,22
Dadzeus,khaz-modan,1323,druid,feral,68,36,32
Quikahn,outland,1323,druid,feral,30,14,16
Basedgôd,alakir,1321,druid,feral,24,14,10
Ялория,azuregos,1319,druid,feral,30,14,16
Agè,stormscale,1318,druid,feral,85,35,50
Lukeyferalxo,argent-dawn,1317,druid,feral,168,78,90
Балаклаваа,soulflayer,1316,druid,feral,29,18,11
Speedlebee,malganis,1316,druid,feral,77,34,43
Stelthee,silvermoon,1315,druid,feral,66,31,35
Niknikola,silvermoon,1314,druid,feral,42,16,26
Kardashìan,ravencrest,1312,druid,feral,25,14,11
Tussenfryd,draenor,1312,druid,feral,283,138,145
Nightdruidcz,turalyon,1312,druid,feral,84,40,44
Liony,aegwynn,1311,druid,feral,47,24,23
Sgourakoss,twilights-hammer,1311,druid,feral,36,16,20
Yoshia,shadowsong,1309,druid,feral,72,29,43
Majokz,ravencrest,1307,druid,feral,44,23,21
Indräkah,dun-modr,1306,druid,feral,69,30,39
Tøktøk,blackhand,1305,druid,feral,24,14,10
Regelè,sylvanas,1305,druid,feral,86,45,41
Nuashoa,argent-dawn,1302,druid,feral,37,18,19
Kimpine,kirin-tor,1300,druid,feral,193,97,96
Jenelin,silvermoon,1300,druid,feral,34,15,19
Диаболус,gordunni,1299,druid,feral,68,33,35
Shàka,ravencrest,1299,druid,feral,29,14,15
Henessi,ragnaros,1299,druid,feral,62,27,35
Лякокля,soulflayer,1298,druid,feral,102,54,48
Nøwørnever,ulduar,1298,druid,feral,140,61,79
Miracoplixx,blackrock,1297,druid,feral,51,22,29
Symbiosîs,stormscale,1296,druid,feral,77,35,42
Drupal,argent-dawn,1295,druid,feral,89,45,44
Kindermaxii,ravencrest,1295,druid,feral,78,38,40
Lorya,kazzak,1295,druid,feral,60,26,34
Eprophet,stormscale,1293,druid,feral,54,20,34
Nalreaa,kazzak,1292,druid,feral,32,17,15
Канвус,gordunni,1292,druid,feral,87,43,44
Liya,ravencrest,1292,druid,feral,48,15,33
Ghettoven,kazzak,1290,druid,feral,93,45,48
Vèlla,silvermoon,1290,druid,feral,72,34,38
Golddy,hyjal,1289,druid,feral,37,18,19
Turkus,draenor,1289,druid,feral,150,69,81
Bilis,nazjatar,1289,druid,feral,48,19,29
Chinoiserie,aszune,1287,druid,feral,48,26,22
Druidicmorr,sylvanas,1287,druid,feral,85,36,49
Ganjeez,kazzak,1285,druid,feral,82,35,47
Levila,defias-brotherhood,1284,druid,feral,66,38,28
Laxmînken,sylvanas,1284,druid,feral,84,43,41
Naetsch,blackrock,1281,druid,feral,50,21,29
Darrkseid,kazzak,1278,druid,feral,30,17,13
Arilíaxo,amanthul,1276,druid,feral,22,15,7
Ведмедив,blackscar,1276,druid,feral,90,40,50
Garfield,uldum,1273,druid,feral,65,35,30
Хокан,deepholm,1271,druid,feral,31,15,16
Loryaayroll,stormscale,1271,druid,feral,36,14,22
Manoestouro,draenor,1267,druid,feral,60,22,38
Owling,antonidas,1266,druid,feral,120,67,53
Noobbiiee,silvermoon,1266,druid,feral,54,29,25
Криашин,goldrinn,1264,druid,feral,105,47,58
Скагуар,blackscar,1261,druid,feral,174,84,90
Baccthana,auchindoun,1261,druid,feral,109,41,68
Cleandc,blackhand,1260,druid,feral,40,24,16
Koffee,archimonde,1259,druid,feral,48,23,25
Impertinent,outland,1255,druid,feral,62,32,30
Shinshìva,twisting-nether,1255,druid,feral,211,107,104
Naturalie,silvermoon,1255,druid,feral,78,31,47
Pepeja,doomhammer,1253,druid,feral,24,15,9
Minaye,hyjal,1253,druid,feral,40,18,22
Malfyurion,ragnaros,1252,druid,feral,250,125,125
Dougi,argent-dawn,1252,druid,feral,60,28,32
Webla,blackmoore,1251,druid,feral,53,26,27
Liionheart,khaz-modan,1250,druid,feral,66,34,32
Herten,tarren-mill,1249,druid,feral,36,15,21
Ferrariferal,nethersturm,1248,druid,feral,18,13,5
Fyrka,aegwynn,1248,druid,feral,24,13,11
Flufie,alexstrasza,1248,druid,feral,27,14,13
Bignoober,blackrock,1248,druid,feral,29,13,16
Dudeimgodly,ravencrest,1248,druid,feral,48,15,33
Yøløswag,naxxramas,1247,druid,feral,174,97,77
Асония,deathguard,1247,druid,feral,30,13,17
Weedum,kazzak,1246,druid,feral,36,14,22
Druiidou,dalaran,1246,druid,feral,36,13,23
Collnaris,ravencrest,1245,druid,feral,32,19,13
Malfurryon,drakthul,1245,druid,feral,78,38,40
Xirxy,silvermoon,1245,druid,feral,30,13,17
Malvakten,kazzak,1244,druid,feral,31,17,14
Whizkazz,ravencrest,1243,druid,feral,45,26,19
Shifthappens,dun-modr,1242,druid,feral,24,13,11
Twyty,khaz-modan,1242,druid,feral,173,84,89
Shiningztar,twisting-nether,1240,druid,feral,59,33,26
Hecky,xavius,1240,druid,feral,30,15,15
Jxst,tarren-mill,1240,druid,feral,54,21,33
Righttwix,blackrock,1239,druid,feral,24,13,11
Salseo,uldum,1239,druid,feral,33,14,19
Storslev,stormscale,1237,druid,feral,192,84,108
Hornet,sanguino,1236,druid,feral,42,23,19
Blacknight,aggramar,1236,druid,feral,51,21,30
Nalaa,festung-der-stürme,1235,druid,feral,211,97,114
Zitusk,ragnaros,1235,druid,feral,54,21,33
Кеорл,gordunni,1234,druid,feral,108,46,62
Hydorn,cthun,1232,druid,feral,86,35,51
Krekigaadzre,draenor,1231,druid,feral,67,36,31
Deviantdruid,tarren-mill,1231,druid,feral,39,20,19
Hàlunkè,eredar,1230,druid,feral,24,13,11
Weydjin,garona,1230,druid,feral,36,17,19
Катяблум,gordunni,1230,druid,feral,30,13,17
Jaghut,burning-legion,1229,druid,feral,36,20,16
Kintax,drakthul,1229,druid,feral,93,51,42
Grimgoor,burning-legion,1229,druid,feral,136,69,67
Shifabull,kazzak,1229,druid,feral,35,17,18
Iloveadriana,kiljaeden,1229,druid,feral,42,19,23
Andros,arathor,1229,druid,feral,42,15,27
Shaggery,stormscale,1227,druid,feral,93,39,54
Ildrin,ragnaros,1226,druid,feral,30,19,11
Whísperclaw,ravencrest,1226,druid,feral,41,21,20
Kageioshi,kazzak,1223,druid,feral,89,50,39
Котпартизан,gordunni,1222,druid,feral,42,18,24
Dawodz,archimonde,1222,druid,feral,38,16,22
Ayahuàzka,dalaran,1221,druid,feral,54,17,37
Tróllinger,blackrock,1220,druid,feral,39,20,19
Taigarus,aerie-peak,1220,druid,feral,84,39,45
Jdogger,tarren-mill,1219,druid,feral,24,13,11
Лорья,azuregos,1217,druid,feral,36,13,23
Noyake,ragnaros,1214,druid,feral,60,28,32
Azmerloth,antonidas,1214,druid,feral,36,13,23
Moonglade,deathwing,1214,druid,feral,39,14,25
Defløwer,aegwynn,1213,druid,feral,42,21,21
Pitý,kaelthas,1213,druid,feral,41,13,28
Нуаду,gordunni,1212,druid,feral,183,83,100
Putzé,blackrock,1209,druid,feral,36,22,14
Смизм,gordunni,1209,druid,feral,38,19,19
Cøcøpøpsmøke,archimonde,1208,druid,feral,48,21,27
Jaxtn,tarren-mill,1204,druid,feral,52,25,27
Lorcàn,argent-dawn,1204,druid,feral,121,57,64
Kyoshî,blackmoore,1201,druid,feral,291,149,142
Kirmelastas,kazzak,1201,druid,feral,128,62,66
Dirtyfantasy,alakir,1199,druid,feral,66,36,30
Xqeon,blackrock,1199,druid,feral,84,43,41
Azenoir,ravencrest,1199,druid,feral,39,14,25
Slaaya,ravencrest,1198,druid,feral,24,14,10
Devonshira,ravencrest,1198,druid,feral,36,14,22
Kittasek,drakthul,1197,druid,feral,48,30,18
Naheliaqt,outland,1195,druid,feral,30,14,16
Богарт,soulflayer,1193,druid,feral,24,14,10
Шонгу,soulflayer,1191,druid,feral,72,29,43
Mistic,twisting-nether,1189,druid,feral,73,42,31
Womanhood,ravencrest,1188,druid,feral,42,13,29
Millenia,darkmoon-faire,1187,druid,feral,187,94,93
Шэйпшифт,fordragon,1187,druid,feral,124,52,72
Icqnot,arthas,1187,druid,feral,36,13,23
Snootxt,blackmoore,1185,druid,feral,54,23,31
Класк,gordunni,1183,druid,feral,36,19,17
Nightfáll,tarren-mill,1181,druid,feral,101,45,56
Zethane,ragnaros,1178,druid,feral,66,29,37
Dulidica,tarren-mill,1173,druid,feral,46,24,22
Zaltaruk,sanguino,1173,druid,feral,263,131,132
Cemiink,drakthul,1170,druid,feral,28,13,15
Развалустоев,blackscar,1169,druid,feral,101,46,55
Biffsteak,blackhand,1165,druid,feral,386,185,201
Swagmode,draenor,1164,druid,feral,55,34,21
Tranduiil,drakthul,1164,druid,feral,150,84,66
Larkos,grim-batol,1164,druid,feral,159,82,77
Менстряк,howling-fjord,1164,druid,feral,52,22,30
Croucher,shattrath,1164,druid,feral,145,61,84
Flippintwit,quelthalas,1164,druid,feral,36,14,22
Yorashi,blackhand,1162,druid,feral,42,27,15
Moonpuff,kazzak,1161,druid,feral,51,27,24
Papan,sylvanas,1157,druid,feral,84,45,39
Йванныч,gordunni,1157,druid,feral,85,38,47
Mgelolaf,doomhammer,1155,druid,feral,54,27,27
Snkyferalmov,aegwynn,1152,druid,feral,18,12,6
Howtonio,archimonde,1151,druid,feral,18,12,6
Zbear,kazzak,1151,druid,feral,36,16,20
Sùmmèrz,ravencrest,1150,druid,feral,30,12,18
Amandial,silvermoon,1149,druid,feral,30,12,18
Holditorsken,grim-batol,1147,druid,feral,30,15,15
Mavne,outland,1147,druid,feral,24,12,12
Frs,bladefist,1147,druid,feral,30,12,18
Tibozx,stormscale,1146,druid,feral,36,21,15
Ra,stormscale,1145,druid,feral,24,12,12
Skywíng,stormscale,1145,druid,feral,30,13,17
Sethread,ragnaros,1145,druid,feral,30,12,18
Veryfast,blackhand,1142,druid,feral,24,12,12
Xoat,marécage-de-zangar,1140,druid,feral,30,12,18
Mickayøyø,khaz-modan,1138,druid,feral,42,13,29
Maylon,darksorrow,1137,druid,feral,125,56,69
Каиавасе,gordunni,1137,druid,feral,31,12,19
Jinxaran,culte-de-la-rive-noire,1135,druid,feral,36,12,24
Battleray,twisting-nether,1134,druid,feral,99,49,50
Domänia,onyxia,1134,druid,feral,54,21,33
Vicendius,drakthul,1132,druid,feral,60,29,31
Catbear,kazzak,1130,druid,feral,30,14,16
Шйшка,gordunni,1129,druid,feral,92,33,59
Bgam,ravencrest,1126,druid,feral,24,17,7
Михася,gordunni,1125,druid,feral,29,13,16
Lemmí,frostwolf,1125,druid,feral,54,24,30
Кыцко,soulflayer,1124,druid,feral,24,12,12
Arnwaald,kaelthas,1123,druid,feral,66,32,34
Progodd,silvermoon,1117,druid,feral,84,43,41
Zeyne,ravencrest,1117,druid,feral,48,21,27
Dash,the-maelstrom,1116,druid,feral,30,13,17
Kidabductorx,draenor,1116,druid,feral,42,16,26
Taco,eredar,1115,druid,feral,67,22,45
Lakaport,dun-modr,1114,druid,feral,42,16,26
Skyreapa,burning-legion,1111,druid,feral,61,27,34
Tl,archimonde,1110,druid,feral,175,83,92
Denadu,turalyon,1107,druid,feral,126,46,80
Rapuun,kult-der-verdammten,1102,druid,feral,27,13,14
Арвелл,gordunni,1099,druid,feral,30,13,17
Carakal,outland,1099,druid,feral,104,43,61
Käissi,blackmoore,1098,druid,feral,66,29,37
Bæghira,draenor,1095,druid,feral,100,55,45
Мукару,howling-fjord,1094,druid,feral,48,26,22
Mîyukí,ravencrest,1094,druid,feral,48,23,25
Zivertgodx,argent-dawn,1093,druid,feral,48,23,25
Терамин,howling-fjord,1093,druid,feral,42,17,25
Hermetic,turalyon,1092,druid,feral,152,73,79
Nicos,elune,1091,druid,feral,29,13,16
Vidlna,outland,1091,druid,feral,72,32,40
Chichisosa,ysondre,1090,druid,feral,33,12,21
Йонарк,gordunni,1087,druid,feral,41,20,21
Teacherr,quelthalas,1087,druid,feral,122,50,72
Greengünter,blackmoore,1086,druid,feral,22,12,10
Derzis,eonar,1084,druid,feral,72,35,37
Rootznloots,draenor,1082,druid,feral,48,26,22
Feraligator,sanguino,1081,druid,feral,180,84,96
Emrys,teldrassil,1080,druid,feral,59,17,42
Bloodrotten,silvermoon,1080,druid,feral,42,12,30
Sherkàn,dalaran,1074,druid,feral,43,24,19
Aniprimal,auchindoun,1074,druid,feral,24,12,12
Mcservietsky,chogall,1073,druid,feral,40,13,27
Blazoor,frostwolf,1072,druid,feral,58,29,29
Tombenuit,tarren-mill,1072,druid,feral,24,12,12
Elyrasin,argent-dawn,1069,druid,feral,45,19,26
Брэмблс,soulflayer,1068,druid,feral,44,22,22
Carldroid,sylvanas,1067,druid,feral,34,17,17
Спэкк,gordunni,1067,druid,feral,78,33,45
Taatz,stormscale,1066,druid,feral,45,28,17
Herbstkind,frostmourne,1063,druid,feral,89,35,54
Clawdiá,silvermoon,1062,druid,feral,87,44,43
Maaghera,silvermoon,1059,druid,feral,455,224,231
Glanis,malorne,1059,druid,feral,70,26,44
Exortas,kazzak,1058,druid,feral,112,49,63
Sumecx,aegwynn,1056,druid,feral,18,11,7
Vahid,antonidas,1055,druid,feral,12,11,1
Harryharrt,veknilash,1055,druid,feral,54,26,28
Garoh,dalaran,1055,druid,feral,24,11,13
Salviaf,silvermoon,1055,druid,feral,94,43,51
Belsebub,ravencrest,1055,druid,feral,30,11,19
Pølymorphe,ysondre,1055,druid,feral,30,11,19
Alimona,the-venture-co,1055,druid,feral,50,14,36
Wizzlafa,ravencrest,1054,druid,feral,18,11,7
Fruit,outland,1054,druid,feral,18,11,7
Starasta,magtheridon,1054,druid,feral,24,11,13
Ashtral,kazzak,1054,druid,feral,24,11,13
Wildmushroom,drakthul,1054,druid,feral,41,12,29
Runeclaws,twisting-nether,1053,druid,feral,18,11,7
Liptonbite,blackhand,1053,druid,feral,36,11,25
Lenzork,thrall,1051,druid,feral,30,11,19
Togara,kazzak,1050,druid,feral,24,11,13
Tsajj,stormreaver,1049,druid,feral,63,34,29
Huginmuninn,outland,1046,druid,feral,54,28,26
Zokix,doomhammer,1046,druid,feral,48,21,27
Maethar,stormrage,1046,druid,feral,30,11,19
Muffinjump,outland,1044,druid,feral,98,44,54
Ilsydur,shadowsong,1044,druid,feral,47,13,34
Growshax,nerzhul,1043,druid,feral,20,13,7
Exïlla,archimonde,1043,druid,feral,24,11,13
Ivìs,nemesis,1043,druid,feral,132,55,77
Fyralion,silvermoon,1041,druid,feral,35,15,20
Oblivark,draenor,1038,druid,feral,24,11,13
Jamaican,outland,1038,druid,feral,78,33,45
Bäkø,dun-modr,1038,druid,feral,36,13,23
Druul,frostwolf,1037,druid,feral,24,11,13
Mudpie,stormscale,1037,druid,feral,73,30,43
Aggoth,drakthul,1035,druid,feral,24,11,13
Ripndip,eredar,1033,druid,feral,112,55,57
Melfir,dun-modr,1033,druid,feral,46,17,29
Kermit,die-aldor,1032,druid,feral,81,32,49
Leidbulle,blackrock,1031,druid,feral,36,12,24
Kynji,twisting-nether,1030,druid,feral,170,78,92
Tastyrawr,blackhand,1029,druid,feral,24,11,13
Quentalius,argent-dawn,1029,druid,feral,24,11,13
Reawen,drakthul,1029,druid,feral,63,24,39
Eternas,elune,1027,druid,feral,82,37,45
Ивантяй,gordunni,1026,druid,feral,24,11,13
Hetalia,culte-de-la-rive-noire,1025,druid,feral,24,13,11
Naxfae,argent-dawn,1024,druid,feral,48,14,34
Dooferdudu,azshara,1023,druid,feral,33,11,22
Almightydudu,draenor,1021,druid,feral,30,12,18
Amoonaa,kazzak,1020,druid,feral,54,28,26
Whiterun,pozzo-delleternità,1020,druid,feral,31,13,18
Ashan,kirin-tor,1019,druid,feral,83,37,46
Астраджет,gordunni,1017,druid,feral,18,11,7
Hönör,ysondre,1016,druid,feral,183,87,96
Boombassador,stormscale,1012,druid,feral,36,20,16
Phanterus,chamber-of-aspects,1012,druid,feral,24,11,13
Chlambak,archimonde,1009,druid,feral,30,17,13
Snupy,outland,1007,druid,feral,23,11,12
Mauzicek,drakthul,1007,druid,feral,42,19,23
Isaye,archimonde,1007,druid,feral,222,99,123
Knææl,argent-dawn,1006,druid,feral,68,28,40
Smittly,bloodhoof,1005,druid,feral,58,23,35
Ytzù,archimonde,1004,druid,feral,17,11,6
Rellena,khaz-modan,1003,druid,feral,63,31,32
Пивч,soulflayer,1002,druid,feral,33,12,21
Morfâns,ragnaros,1001,druid,feral,72,33,39
Grynoth,silvermoon,1000,druid,feral,36,14,22
Poxu,eredar,998,druid,feral,59,22,37
Неваляка,gordunni,997,druid,feral,23,11,12
Trikill,hyjal,990,druid,feral,55,19,36
Sìíta,dun-modr,986,druid,feral,36,13,23
Kratzbeiß,blackmoore,986,druid,feral,63,22,41
Жекакотик,eversong,983,druid,feral,150,74,76
Shymä,hyjal,982,druid,feral,163,69,94
Rakuy,thrall,981,druid,feral,27,11,16
Bumsbert,teldrassil,980,druid,feral,60,32,28
Descendance,ysondre,978,druid,feral,103,51,52
Nkoyi,argent-dawn,978,druid,feral,42,17,25
Álex,anachronos,978,druid,feral,104,41,63
Élmunia,ravencrest,970,druid,feral,48,23,25
Druidou,kaelthas,961,druid,feral,54,18,36
Tjxaxa,ravencrest,960,druid,feral,12,10,2
Ryseqt,nemesis,960,druid,feral,12,10,2
Aliyxo,aegwynn,960,druid,feral,15,11,4
Jincksdruid,anachronos,960,druid,feral,18,10,8
Shylovez,aegwynn,960,druid,feral,18,10,8
Tatabomba,archimonde,960,druid,feral,102,50,52
Biggestnick,ravencrest,960,druid,feral,24,10,14
Anatel,ravencrest,960,druid,feral,24,10,14
Ezpire,ravencrest,960,druid,feral,36,12,24
Mikor,aegwynn,959,druid,feral,18,10,8
Suggly,ysondre,959,druid,feral,18,10,8
Råèkwøñ,ravencrest,959,druid,feral,22,11,11
Beerista,tarren-mill,959,druid,feral,24,11,13
Колайна,gordunni,959,druid,feral,24,10,14
Luphrekfurry,ysondre,959,druid,feral,24,10,14
Hahafun,ravencrest,959,druid,feral,24,10,14
Cyph,shadowsong,958,druid,feral,18,10,8
Filiduttkatt,ravencrest,958,druid,feral,18,10,8
Dipz,frostwolf,958,druid,feral,18,10,8
Muryo,der-rat-von-dalaran,958,druid,feral,78,30,48
Nefertiti,baelgun,958,druid,feral,30,10,20
Chikiz,ghostlands,957,druid,feral,18,10,8
Sadasch,dun-morogh,956,druid,feral,66,20,46
Vrisanaar,bladefist,955,druid,feral,25,12,13
Zjukov,ragnaros,955,druid,feral,24,10,14
Corrupthz,outland,955,druid,feral,24,10,14
Твойбарсик,gordunni,955,druid,feral,54,14,40
Pointlez,frostmane,954,druid,feral,24,10,14
Мехнакиске,howling-fjord,954,druid,feral,25,10,15
Mpounia,twilights-hammer,950,druid,feral,119,58,61
Друлевой,greymane,948,druid,feral,24,12,12
Ультраафина,gordunni,946,druid,feral,24,10,14
Plingan,argent-dawn,942,druid,feral,23,10,13
Реептилоид,soulflayer,942,druid,feral,24,10,14
Ðexteroth,sanguino,940,druid,feral,30,15,15
Wuzzington,outland,940,druid,feral,24,10,14
Papricat,kazzak,938,druid,feral,34,19,15
Беррсс,gordunni,938,druid,feral,36,10,26
Zhabka,silvermoon,937,druid,feral,99,51,48
Xpe,drakthul,931,druid,feral,42,12,30
Bimoon,archimonde,929,druid,feral,46,24,22
Sorron,blades-edge,926,druid,feral,36,19,17
Janjalism,silvermoon,925,druid,feral,81,41,40
Mordpaw,stormscale,925,druid,feral,26,11,15
Леминвинкс,eversong,920,druid,feral,30,17,13
Teddîursa,kazzak,915,druid,feral,34,10,24
Lutis,magtheridon,912,druid,feral,114,50,64
Zâtok,kargath,908,druid,feral,48,19,29
Blackwoodoo,kazzak,905,druid,feral,54,23,31
Фаллендэл,gordunni,901,druid,feral,61,29,32
Gató,kazzak,899,druid,feral,32,11,21
Bislait,archimonde,896,druid,feral,66,24,42
Lohki,eredar,895,druid,feral,21,12,9
Muju,stormscale,894,druid,feral,77,40,37
Джирас,gordunni,894,druid,feral,80,36,44
Jooriell,defias-brotherhood,893,druid,feral,42,21,21
Kîñg,tarren-mill,892,druid,feral,118,56,62
Hwearingkid,ravencrest,892,druid,feral,54,20,34
Deathzee,kazzak,890,druid,feral,54,27,27
Klatro,terokkar,887,druid,feral,119,59,60
Neischa,das-konsortium,886,druid,feral,48,21,27
Verbat,cthun,882,druid,feral,48,25,23
Maräanhatähr,silvermoon,881,druid,feral,48,15,33
Эвгедент,deathguard,877,druid,feral,42,15,27
Stéely,ravencrest,876,druid,feral,45,24,21
Phandris,argent-dawn,876,druid,feral,103,51,52
Кошикк,azuregos,875,druid,feral,22,10,12
Горртек,howling-fjord,873,druid,feral,69,31,38
Béar,arathor,870,druid,feral,76,28,48
Saltow,archimonde,866,druid,feral,58,16,42
Urfi,tyrande,864,druid,feral,12,9,3
Paramore,outland,864,druid,feral,18,9,9
Fuzzylol,haomarush,864,druid,feral,18,9,9
Rysejr,nemesis,864,druid,feral,18,9,9
Sixmonthbann,ravencrest,864,druid,feral,18,9,9
Dragonferal,tarren-mill,864,druid,feral,18,9,9
Aleatório,grim-batol,864,druid,feral,18,9,9
Rszn,ravencrest,864,druid,feral,24,9,15
Epikeks,blackmoore,863,druid,feral,16,10,6
Nicodruid,ravencrest,863,druid,feral,18,9,9
Fíja,blackmoore,863,druid,feral,18,9,9
Rbg,dun-modr,863,druid,feral,22,10,12
Àzà,dun-modr,863,druid,feral,21,9,12
Druipa,sylvanas,863,druid,feral,24,9,15
Bearmeister,kazzak,863,druid,feral,24,9,15
Пиггипоп,soulflayer,863,druid,feral,24,9,15
Олежасутра,howling-fjord,863,druid,feral,30,9,21
Ramoly,kazzak,862,druid,feral,18,9,9
Erenalby,draenor,862,druid,feral,18,9,9
Мунфайр,galakrond,862,druid,feral,18,9,9
Кецян,gordunni,862,druid,feral,19,9,10
Эверблуми,howling-fjord,862,druid,feral,30,9,21
Currare,aegwynn,861,druid,feral,18,9,9
Jeezuschrist,archimonde,861,druid,feral,24,9,15
Буйныйкот,gordunni,861,druid,feral,24,9,15
Caèlas,outland,859,druid,feral,18,9,9
Hadespool,sanguino,859,druid,feral,24,9,15
Бруан,gordunni,859,druid,feral,24,9,15
Feralzeus,sylvanas,858,druid,feral,24,9,15
Плагиат,grom,858,druid,feral,36,10,26
Wathen,argent-dawn,857,druid,feral,34,12,22
Toaa,antonidas,857,druid,feral,30,9,21
Arntooth,burning-legion,856,druid,feral,94,39,55
Мегасв,gordunni,856,druid,feral,24,9,15
Hadesx,blackhand,855,druid,feral,60,26,34
Bâlou,nathrezim,855,druid,feral,24,9,15
Wainl,hyjal,854,druid,feral,30,9,21
Мендея,gordunni,853,druid,feral,18,9,9
Lirtiasan,forscherliga,847,druid,feral,18,9,9
Frökensuss,stormscale,844,druid,feral,27,12,15
Ziovris,silvermoon,839,druid,feral,33,9,24
Miukïna,archimonde,837,druid,feral,12,9,3
Loafy,the-maelstrom,836,druid,feral,60,19,41
Catsgomeow,outland,833,druid,feral,29,9,20
Рефикс,gordunni,827,druid,feral,17,9,8
Itzferal,durotan,820,druid,feral,20,9,11
Зенза,howling-fjord,815,druid,feral,27,9,18
Sôalôgel,blackrock,813,druid,feral,21,9,12
Zulazain,bladefist,806,druid,feral,120,47,73
Eivy,frostmane,793,druid,feral,67,21,46
Маветт,blackscar,777,druid,feral,110,51,59
Mommonga,onyxia,775,druid,feral,63,24,39
Sedzun,magtheridon,770,druid,feral,39,9,30
Snkxo,perenolde,768,druid,feral,12,8,4
Kgn,blackmoore,768,druid,feral,12,8,4
Drach,ravencrest,768,druid,feral,12,8,4
Kattenover,stormscale,768,druid,feral,12,8,4
Meverrick,aegwynn,768,druid,feral,12,8,4
Hakuchey,aegwynn,768,druid,feral,12,8,4
Gódcómplèx,silvermoon,768,druid,feral,15,9,6
Iproxy,dalaran,768,druid,feral,18,8,10
Iesei,outland,768,druid,feral,18,8,10
Drafter,ravencrest,768,druid,feral,18,8,10
Muucat,twisting-nether,768,druid,feral,24,8,16
Bullhoezerx,silvermoon,768,druid,feral,24,8,16
Svxstarz,archimonde,768,druid,feral,30,8,22
Älênkâ,drakthul,768,druid,feral,30,8,22
Mapitom,stormscale,768,druid,feral,34,9,25
Kørnuto,nemesis,767,druid,feral,12,8,4
Ryáanz,ravencrest,767,druid,feral,12,8,4
Firrothe,die-aldor,767,druid,feral,15,9,6
Braindamage,aegwynn,767,druid,feral,18,8,10
Стэлларпауэр,gordunni,767,druid,feral,18,8,10
Lemaromewmew,draenor,767,druid,feral,18,8,10
Seysso,silvermoon,767,druid,feral,18,8,10
Xunjeral,blackhand,767,druid,feral,24,10,14
Baummaschine,blackrock,767,druid,feral,24,8,16
Acéré,archimonde,767,druid,feral,24,8,16
Imsothorny,genjuros,767,druid,feral,24,8,16
Pneuma,xavius,767,druid,feral,24,8,16
Laek,chogall,767,druid,feral,24,8,16
Уахо,howling-fjord,767,druid,feral,24,8,16
Взпешка,gordunni,766,druid,feral,12,8,4
Kutjing,dun-modr,766,druid,feral,12,8,4
Hadoukan,ravencrest,766,druid,feral,12,8,4
Harbis,silvermoon,766,druid,feral,18,8,10
Thielyy,blackmoore,766,druid,feral,18,8,10
Cosiris,elune,766,druid,feral,36,12,24
Dracaan,boulderfist,765,druid,feral,12,8,4
Krvopito,tarren-mill,765,druid,feral,12,8,4
Plankface,ravencrest,765,druid,feral,18,8,10
Bozidarka,burning-legion,765,druid,feral,18,8,10
Koshde,blackrock,765,druid,feral,18,8,10
Chunkeykill,alonsus,765,druid,feral,18,8,10
Шадараф,howling-fjord,765,druid,feral,21,9,12
Vorag,dalaran,765,druid,feral,24,8,16
Lukass,drakthul,764,druid,feral,18,8,10
Djsnigel,stormscale,764,druid,feral,24,8,16
Shuffey,frostmane,763,druid,feral,12,8,4
Jimmorris,eredar,763,druid,feral,20,10,10
Razorleaf,turalyon,761,druid,feral,24,8,16
Kittyclâw,perenolde,761,druid,feral,36,8,28
Théó,grim-batol,759,druid,feral,47,19,28
Агнотар,soulflayer,756,druid,feral,18,8,10
Jupter,burning-blade,755,druid,feral,18,8,10
Kaycea,ragnaros,754,druid,feral,30,8,22
Khai,argent-dawn,748,druid,feral,24,8,16
Nuada,skullcrusher,745,druid,feral,17,8,9
Greenfingerz,azjolnerub,744,druid,feral,36,9,27
Pegert,aegwynn,736,druid,feral,16,8,8
Âltashamane,elune,733,druid,feral,17,8,9
Düldül,kargath,732,druid,feral,236,111,125
Ellefina,suramar,723,druid,feral,29,8,21
Aègon,ravencrest,719,druid,feral,15,8,7
Cyriaan,eredar,719,druid,feral,17,8,9
Лорирэнд,gordunni,719,druid,feral,29,8,21
Payday,darksorrow,712,druid,feral,21,8,13
Деникин,thermaplugg,711,druid,feral,36,12,24
Euskal,chogall,703,druid,feral,14,8,6
Asarune,hyjal,703,druid,feral,20,9,11
Xarxius,sanguino,699,druid,feral,32,8,24
Svarre,outland,690,druid,feral,16,8,8
Lolhaha,ravencrest,672,druid,feral,12,7,5
Lorucka,die-nachtwache,672,druid,feral,12,7,5
Hrtbrkn,ravencrest,672,druid,feral,12,7,5
Zoobidu,garona,672,druid,feral,12,7,5
Andreddi,ravencrest,672,druid,feral,12,7,5
Goretterog,archimonde,672,druid,feral,12,7,5
Диздру,howling-fjord,672,druid,feral,12,7,5
Tofuchan,argent-dawn,672,druid,feral,12,7,5
Pàntoffel,thrall,672,druid,feral,12,7,5
Necorine,silvermoon,672,druid,feral,12,7,5
Flawkin,kazzak,672,druid,feral,18,7,11
Dryáde,ravencrest,672,druid,feral,18,7,11
Luveena,kazzak,672,druid,feral,18,7,11
Oni,kelthuzad,672,druid,feral,18,7,11
Coldkíng,twisting-nether,672,druid,feral,18,7,11
Marshy,kazzak,672,druid,feral,20,7,13
Zulucat,aegwynn,672,druid,feral,24,7,17
Zðe,la-croisade-écarlate,672,druid,feral,24,7,17
Ytzü,archimonde,671,druid,feral,12,7,5
Déme,twisting-nether,671,druid,feral,12,7,5
Druikraut,silvermoon,671,druid,feral,12,7,5
Bærbell,blackrock,671,druid,feral,18,7,11
Shutupsandra,archimonde,671,druid,feral,18,7,11
Xroxo,hyjal,671,druid,feral,18,7,11
Pronkson,tarren-mill,671,druid,feral,18,7,11
Falbâlas,hyjal,671,druid,feral,18,7,11
Toron,dalaran,671,druid,feral,18,7,11
Kig,ragnaros,671,druid,feral,18,7,11
Tropicqt,ravencrest,671,druid,feral,18,7,11
Sheradel,argent-dawn,671,druid,feral,18,7,11
Axiu,kazzak,671,druid,feral,24,7,17
Lazerbinks,blackmoore,671,druid,feral,24,7,17
Millya,sargeras,670,druid,feral,12,7,5
Biorythm,draenor,670,druid,feral,12,7,5
Сибирячечка,greymane,670,druid,feral,13,7,6
Rèvelyth,nemesis,670,druid,feral,18,7,11
Tepni,ragnaros,670,druid,feral,18,7,11
Aubenuit,dalaran,670,druid,feral,24,7,17
Docdruid,outland,670,druid,feral,30,7,23
Envidius,kazzak,669,druid,feral,12,7,5
Radime,khaz-modan,669,druid,feral,12,7,5
Toredorxy,blackrock,669,druid,feral,12,7,5
Afta,ysondre,668,druid,feral,12,7,5
Stoormrage,deathwing,668,druid,feral,12,7,5
Fugazi,echsenkessel,668,druid,feral,24,7,17
Grassroots,ravencrest,668,druid,feral,30,7,23
Nidaalee,thrall,667,druid,feral,12,7,5
Rastinfalle,argent-dawn,667,druid,feral,18,7,11
Грэкхэк,soulflayer,666,druid,feral,15,8,7
Xicobahn,aggra-português,666,druid,feral,24,7,17
Amethistle,ravencrest,664,druid,feral,18,7,11
Fiagard,antonidas,662,druid,feral,12,7,5
Blejkv,defias-brotherhood,658,druid,feral,18,7,11
Mãui,blackhand,658,druid,feral,27,8,19
Ôpium,eldrethalas,658,druid,feral,24,7,17
Asrekar,karazhan,652,druid,feral,18,7,11
Drujdjel,die-todeskrallen,641,druid,feral,17,7,10
Nspirit,ravencrest,639,druid,feral,17,7,10
Shalys,archimonde,622,druid,feral,11,7,4
Snûx,antonidas,622,druid,feral,27,7,20
Diktus,outland,618,druid,feral,14,8,6
Хённим,howling-fjord,607,druid,feral,11,7,4
Àyóorts,archimonde,607,druid,feral,14,7,7
Halabanaha,silvermoon,606,druid,feral,11,7,4
Zink,sanguino,590,druid,feral,25,7,18
Flaiq,twisting-nether,576,druid,feral,6,6,0
Túskér,stormscale,576,druid,feral,12,6,6
Rølly,blackrock,576,druid,feral,12,6,6
Seekx,silvermoon,576,druid,feral,12,6,6
Exoar,ravencrest,576,druid,feral,12,6,6
Migaah,stormscale,576,druid,feral,12,6,6
Гримах,soulflayer,576,druid,feral,12,6,6
Мцк,deathguard,576,druid,feral,12,6,6
Borja,malganis,576,druid,feral,12,6,6
Cagaboliches,sanguino,576,druid,feral,12,6,6
Arlandia,drakthul,576,druid,feral,12,6,6
Forrest,bronze-dragonflight,576,druid,feral,12,6,6
Mikecat,aegwynn,576,druid,feral,12,6,6
Сиэн,ashenvale,576,druid,feral,12,6,6
Nyç,tarren-mill,576,druid,feral,12,6,6
Druiderex,outland,576,druid,feral,12,6,6
Rimpularaisa,grim-batol,576,druid,feral,12,6,6
Mdtwoxo,tarren-mill,576,druid,feral,12,6,6
Asoli,aegwynn,576,druid,feral,12,6,6
Ataxyhehe,sylvanas,576,druid,feral,12,6,6
Aslanah,hyjal,576,druid,feral,12,6,6
Snkyexpress,aegwynn,576,druid,feral,12,6,6
Дикарьчик,goldrinn,576,druid,feral,12,6,6
Iathem,dun-modr,576,druid,feral,12,6,6
Swagdemonxd,outland,576,druid,feral,12,6,6
Kittý,terokkar,576,druid,feral,12,6,6
Imbadxx,kazzak,576,druid,feral,12,6,6
Iamtaladruid,archimonde,576,druid,feral,12,6,6
Andranjr,kazzak,576,druid,feral,18,6,12
Radauronny,malganis,576,druid,feral,18,6,12
Bamso,daggerspine,576,druid,feral,18,6,12
Hasted,kazzak,576,druid,feral,18,6,12
Taurendruid,the-maelstrom,576,druid,feral,18,6,12
Veggiepro,uldum,576,druid,feral,18,6,12
Svass,ragnaros,576,druid,feral,18,6,12
Fur,antonidas,576,druid,feral,23,6,17
Bloodyredyx,ysera,576,druid,feral,24,6,18
Трясишатай,gordunni,576,druid,feral,24,6,18
Cudse,aegwynn,576,druid,feral,30,6,24
Teknó,ragnaros,575,druid,feral,6,6,0
Omegaheals,scarshield-legion,575,druid,feral,12,6,6
Леромейкен,fordragon,575,druid,feral,12,6,6
Тое,soulflayer,575,druid,feral,12,6,6
Xhenon,dun-modr,575,druid,feral,12,6,6
Patrík,twisting-nether,575,druid,feral,12,6,6
Kime,ysondre,575,druid,feral,12,6,6
Broccoliform,eredar,575,druid,feral,12,6,6
Xurta,kazzak,575,druid,feral,12,6,6
Psixx,blackhand,575,druid,feral,12,6,6
Ацкийдру,gordunni,575,druid,feral,12,6,6
Varìx,ysondre,575,druid,feral,12,6,6
Cláire,stormscale,575,druid,feral,18,6,12
Chrîslol,twisting-nether,575,druid,feral,18,6,12
Bomchickawah,antonidas,575,druid,feral,18,6,12
Скайтибрайдх,gordunni,575,druid,feral,24,6,18
Jokizy,burning-legion,575,druid,feral,24,6,18
Artjin,shattered-hand,574,druid,feral,12,6,6
Окнет,grom,574,druid,feral,12,6,6
Ociroza,outland,574,druid,feral,18,6,12
Форресинг,gordunni,574,druid,feral,18,6,12
Iwillninjau,tarren-mill,572,druid,feral,30,6,24
Грегориан,galakrond,571,druid,feral,12,6,6
Avior,eonar,571,druid,feral,12,6,6
Annajak,bloodfeather,570,druid,feral,12,6,6
Элинна,ashenvale,570,druid,feral,18,6,12
Spangle,stormscale,554,druid,feral,21,7,14
Nuktuk,blackhand,554,druid,feral,19,6,13
Nefariz,dun-modr,544,druid,feral,16,6,10
Tayløre,ysondre,543,druid,feral,11,6,5
Shapeshifts,kul-tiras,543,druid,feral,11,6,5
Совулька,howling-fjord,542,druid,feral,11,6,5
Диджейкошка,howling-fjord,527,druid,feral,11,6,5
Sároman,ravencrest,526,druid,feral,17,6,11
Glookies,dun-modr,522,druid,feral,16,8,8
Lionquokk,azjolnerub,512,druid,feral,10,6,4
Amuini,draenor,511,druid,feral,14,6,8
Vaalya,hyjal,509,druid,feral,16,6,10
Shanikya,argent-dawn,480,druid,feral,6,5,1
Ryselol,nemesis,480,druid,feral,6,5,1
Demiannie,argent-dawn,480,druid,feral,9,6,3
Банихоуп,gordunni,480,druid,feral,10,6,4
Synzuu,turalyon,480,druid,feral,10,6,4
Оссава,blackscar,480,druid,feral,12,5,7
Cnox,argent-dawn,480,druid,feral,12,5,7
Namata,archimonde,480,druid,feral,12,5,7
Elarya,ragnaros,480,druid,feral,12,5,7
Мидинваернэ,gordunni,480,druid,feral,12,5,7
Einsfünfkcat,madmortem,480,druid,feral,12,5,7
Hardbasior,burning-legion,480,druid,feral,12,5,7
Jabizz,azjolnerub,480,druid,feral,12,5,7
Refractory,jaedenar,480,druid,feral,12,5,7
Rapzr,argent-dawn,480,druid,feral,12,5,7
Domturbo,blackhand,480,druid,feral,12,5,7
Hrabioid,burning-legion,480,druid,feral,12,5,7
Vlashi,twisting-nether,480,druid,feral,12,5,7
Deßradator,stormscale,480,druid,feral,12,5,7
Rímeru,blackmoore,480,druid,feral,12,5,7
Monchita,ravencrest,480,druid,feral,12,5,7
Sketz,stormscale,480,druid,feral,12,5,7
Adileath,argent-dawn,480,druid,feral,12,5,7
Bloomly,tarren-mill,480,druid,feral,12,5,7
West,drakthul,480,druid,feral,12,5,7
Flum,darksorrow,480,druid,feral,12,5,7
Jooblob,guldan,480,druid,feral,12,5,7
Epidruid,stormrage,480,druid,feral,12,5,7
Акуламатата,soulflayer,480,druid,feral,12,5,7
Ulabo,gorgonnash,480,druid,feral,12,5,7
Guiltyas,turalyon,480,druid,feral,12,5,7
Noxxzar,stormscale,480,druid,feral,12,5,7
Жеводанский,gordunni,480,druid,feral,12,5,7
Hipølita,zuljin,480,druid,feral,12,5,7
Bezrark,arathor,480,druid,feral,12,5,7
Siire,ravencrest,480,druid,feral,12,5,7
Johnnybims,eredar,480,druid,feral,12,5,7
Chpochm,stormscale,480,druid,feral,12,5,7
Enylasi,hyjal,480,druid,feral,18,5,13
Wølveríne,frostmane,480,druid,feral,18,5,13
Derrezzed,stormscale,480,druid,feral,18,5,13
Yiradur,stormscale,480,druid,feral,18,5,13
Tskilli,draenor,480,druid,feral,18,5,13
Pethebär,tarren-mill,480,druid,feral,18,5,13
Shikamarûu,blackmoore,480,druid,feral,18,5,13
Mérias,archimonde,480,druid,feral,18,5,13
Valkeryu,hyjal,480,druid,feral,18,5,13
Outtanowhere,drakthul,480,druid,feral,18,5,13
Cdsxr,outland,480,druid,feral,24,5,19
Horkz,frostmourne,479,druid,feral,12,5,7
Morsee,hellfire,479,druid,feral,12,5,7
Koudru,emerald-dream,479,druid,feral,12,5,7
Thibagon,ysondre,479,druid,feral,12,5,7
Poskehh,outland,479,druid,feral,12,5,7
Zayam,archimonde,479,druid,feral,12,5,7
Telpha,onyxia,479,druid,feral,12,5,7
Astlanes,ysondre,479,druid,feral,12,5,7
Mambalol,sanguino,479,druid,feral,12,5,7
Shifts,the-maelstrom,479,druid,feral,12,5,7
Hyperunknown,grim-batol,479,druid,feral,12,5,7
Gatojuan,dun-modr,479,druid,feral,12,5,7
Druidofix,marécage-de-zangar,479,druid,feral,12,5,7
Dorcelvision,archimonde,479,druid,feral,12,5,7
Гибрайт,soulflayer,479,druid,feral,18,5,13
Plandros,draenor,479,druid,feral,24,5,19
Vapuro,blackmoore,479,druid,feral,24,5,19
Перекурю,eversong,478,druid,feral,12,5,7
Эндердру,gordunni,478,druid,feral,12,5,7
Cattastrophe,bronzebeard,477,druid,feral,12,5,7
Marceeh,blackhand,477,druid,feral,30,5,25
Mitomen,ragnaros,476,druid,feral,12,5,7
Ляшок,gordunni,476,druid,feral,18,5,13
Skylarr,alexstrasza,475,druid,feral,12,5,7
Altramuz,uldum,474,druid,feral,9,6,3
Jamera,stormscale,463,druid,feral,17,5,12
Dinopwns,silvermoon,463,druid,feral,22,5,17
Apetino,dun-modr,447,druid,feral,11,5,6
Infêrno,twisting-nether,446,druid,feral,22,5,17
Овналь,gordunni,431,druid,feral,11,5,6
Гимодера,gordunni,431,druid,feral,11,5,6
Migalo,outland,426,druid,feral,17,7,10
Séifér,auchindoun,416,druid,feral,10,5,5
Zynmeow,lordaeron,416,druid,feral,19,6,13
Бабакошка,gordunni,415,druid,feral,11,5,6
Nipply,ravencrest,415,druid,feral,15,6,9
Lybell,antonidas,414,druid,feral,14,5,9
Bingó,blutkessel,414,druid,feral,14,5,9
Staness,khaz-modan,413,druid,feral,32,5,27
Iinfamousx,outland,384,druid,feral,6,4,2
Tradi,defias-brotherhood,384,druid,feral,6,4,2
Improved,hyjal,384,druid,feral,6,4,2
Greenlips,ravencrest,384,druid,feral,6,4,2
Drudulicious,outland,384,druid,feral,6,4,2
Catleyia,ravencrest,384,druid,feral,6,4,2
Razah,ravencrest,384,druid,feral,6,4,2
Osaviciosa,shendralar,384,druid,feral,6,4,2
Idraly,kirin-tor,384,druid,feral,6,4,2
Kowtuerz,silvermoon,384,druid,feral,6,4,2
Dystaleon,blackrock,384,druid,feral,6,4,2
Tacodudu,ravencrest,384,druid,feral,6,4,2
Takamizy,ysondre,384,druid,feral,6,4,2
Kkriss,stormscale,384,druid,feral,6,4,2
Шабашиоргия,soulflayer,384,druid,feral,6,4,2
Cráck,nagrand,384,druid,feral,6,4,2
Høtz,dalaran,384,druid,feral,6,4,2
Jekl,ragnaros,384,druid,feral,6,4,2
Naraxz,ravencrest,384,druid,feral,6,4,2
Damnuisance,blackmoore,384,druid,feral,6,4,2
Gyome,sargeras,384,druid,feral,6,4,2
Kralox,hyjal,384,druid,feral,6,4,2
Notaxtin,ravencrest,384,druid,feral,6,4,2
Ssaaff,outland,384,druid,feral,6,4,2
Akifumi,archimonde,384,druid,feral,6,4,2
Ábomínatíon,draenor,384,druid,feral,6,4,2
Rêdx,archimonde,384,druid,feral,6,4,2
Hanfjin,blackmoore,384,druid,feral,6,4,2
Коксвейн,ashenvale,384,druid,feral,6,4,2
Крофтт,goldrinn,384,druid,feral,6,4,2
Furiol,darksorrow,384,druid,feral,6,4,2
Zunixboosted,lothar,384,druid,feral,6,4,2
Knatch,outland,384,druid,feral,6,4,2
Cheeselake,blackmoore,384,druid,feral,8,4,4
Dèxò,blackmoore,384,druid,feral,17,7,10
Meliodaas,outland,384,druid,feral,12,4,8
Солнцеедка,gordunni,384,druid,feral,12,4,8
Plumitelv,outland,384,druid,feral,12,4,8
Phike,blackrock,384,druid,feral,12,4,8
Dawgydawg,emerald-dream,384,druid,feral,12,4,8
Magicerzz,voljin,384,druid,feral,12,4,8
Lizasha,kirin-tor,384,druid,feral,12,4,8
Gruffeline,marécage-de-zangar,384,druid,feral,12,4,8
Risibisi,blackmoore,384,druid,feral,12,4,8
Фдру,eversong,384,druid,feral,12,4,8
Giaya,turalyon,384,druid,feral,12,4,8
Tenader,draenor,384,druid,feral,12,4,8
Wikus,kazzak,384,druid,feral,12,4,8
Goatmeal,draenor,384,druid,feral,12,4,8
Bígbaddruid,blackrock,384,druid,feral,12,4,8
Алендор,deathguard,384,druid,feral,12,4,8
Éxy,kazzak,384,druid,feral,12,4,8
Vitaex,blackrock,384,druid,feral,12,4,8
Ðjkillercat,ravencrest,384,druid,feral,12,4,8
Nibbl,doomhammer,384,druid,feral,12,4,8
Турбокалясик,gordunni,384,druid,feral,12,4,8
Helltoothz,ragnaros,384,druid,feral,12,4,8
Kittyexpress,arygos,384,druid,feral,12,4,8
Deranion,drakthul,384,druid,feral,12,4,8
Milkniatrump,tarren-mill,384,druid,feral,12,4,8
Noxxll,gorgonnash,384,druid,feral,12,4,8
Shiotake,hyjal,384,druid,feral,12,4,8
ßlackßåmßå,zuljin,384,druid,feral,12,4,8
Derni,burning-legion,384,druid,feral,12,4,8
Klayx,rexxar,384,druid,feral,12,4,8
Ðeathwatch,ravencrest,384,druid,feral,12,4,8
Bigdaddykane,mannoroth,384,druid,feral,12,4,8
Ushioxtora,outland,384,druid,feral,12,4,8
Drodiax,outland,384,druid,feral,12,4,8
Skinnyleg,baelgun,384,druid,feral,12,4,8
Csacsikuki,ragnaros,384,druid,feral,17,4,13
Jellybra,tarren-mill,384,druid,feral,18,4,14
Туундра,howling-fjord,384,druid,feral,18,4,14
Senoka,shattrath,384,druid,feral,18,4,14
Wooden,terokkar,384,druid,feral,18,4,14
Lupa,drakthul,384,druid,feral,18,4,14
Tigerroll,kazzak,384,druid,feral,30,4,26
Tsukuyómi,ragnaros,383,druid,feral,6,4,2
Kôhon,blackhand,383,druid,feral,6,4,2
Hartzig,blackmoore,383,druid,feral,6,4,2
Fendoras,argent-dawn,383,druid,feral,6,4,2
Bearshift,aggra-português,383,druid,feral,6,4,2
Аидкатв,gordunni,383,druid,feral,6,4,2
Fòggie,silvermoon,383,druid,feral,12,4,8
Murraywolf,dun-modr,383,druid,feral,12,4,8
Jingho,blackrock,383,druid,feral,12,4,8
Kinoai,antonidas,383,druid,feral,12,4,8
Jøkëër,hyjal,383,druid,feral,12,4,8
Tettsu,silvermoon,383,druid,feral,12,4,8
Asterya,dun-modr,383,druid,feral,16,5,11
Astøriøn,elune,383,druid,feral,18,4,14
Sheiheda,kazzak,383,druid,feral,18,4,14
Elbah,frostwolf,383,druid,feral,18,4,14
Vanarea,argent-dawn,383,druid,feral,19,4,15
Имбахилка,lich-king,382,druid,feral,12,4,8
Jamaicanherb,bronzebeard,382,druid,feral,12,4,8
Hasdruida,zuljin,382,druid,feral,14,4,10
Swiftblow,argent-dawn,382,druid,feral,18,4,14
Kyth,forscherliga,382,druid,feral,18,4,14
Clawwy,kazzak,382,druid,feral,24,4,20
Viølin,silvermoon,381,druid,feral,12,4,8
Muntherx,twisting-nether,351,druid,feral,10,4,6
Yopi,stormscale,351,druid,feral,11,4,7
Wintx,ragnaros,329,druid,feral,24,7,17
Rixdudu,silvermoon,319,druid,feral,5,4,1
Ninmah,quelthalas,303,druid,feral,25,4,21
Gargnda,tarren-mill,288,druid,feral,6,3,3
Xercàs,outland,288,druid,feral,6,3,3
Borknagar,thrall,288,druid,feral,6,3,3
Elflord,nemesis,288,druid,feral,6,3,3
Амахасла,deathweaver,288,druid,feral,6,3,3
Syniixmeow,ravencrest,288,druid,feral,6,3,3
Lyrasanna,argent-dawn,288,druid,feral,6,3,3
Miruush,malganis,288,druid,feral,6,3,3
Alessathrina,tarren-mill,288,druid,feral,6,3,3
Ferpylul,ragnaros,288,druid,feral,6,3,3
Cayía,ravencrest,288,druid,feral,6,3,3
Cacatus,tarren-mill,288,druid,feral,6,3,3
Lil,elune,288,druid,feral,6,3,3
Sylvy,dun-modr,288,druid,feral,6,3,3
Yepnesse,khaz-modan,288,druid,feral,6,3,3
Starryraven,argent-dawn,288,druid,feral,6,3,3
Snky,perenolde,288,druid,feral,6,3,3
Павлорион,gordunni,288,druid,feral,6,3,3
Bigbrrd,outland,288,druid,feral,6,3,3
Shirí,hyjal,288,druid,feral,6,3,3
Kikïnøu,garona,288,druid,feral,6,3,3
Kørn,drakthul,288,druid,feral,6,3,3
Жексоул,gordunni,288,druid,feral,6,3,3
Высерыш,galakrond,288,druid,feral,6,3,3
Dianabigby,silvermoon,288,druid,feral,6,3,3
Мивинчик,ashenvale,288,druid,feral,6,3,3
Lunanikuya,ravencrest,288,druid,feral,6,3,3
Alkurosa,sylvanas,288,druid,feral,6,3,3
Feign,blackmoore,288,druid,feral,6,3,3
Madgazfanboi,ravencrest,288,druid,feral,6,3,3
Pyaw,kazzak,288,druid,feral,6,3,3
Fearthecat,defias-brotherhood,288,druid,feral,6,3,3
Wildthing,blackmoore,288,druid,feral,6,3,3
Muffler,ragnaros,288,druid,feral,6,3,3
Nikta,trollbane,288,druid,feral,6,3,3
Вагинн,soulflayer,288,druid,feral,6,3,3
Treecuddlerr,blackhand,288,druid,feral,6,3,3
Oddform,silvermoon,288,druid,feral,6,3,3
Sweazx,archimonde,288,druid,feral,6,3,3
Krïsu,ravencrest,288,druid,feral,6,3,3
Ysomnia,tirion,288,druid,feral,6,3,3
Røxxy,silvermoon,288,druid,feral,6,3,3
Urgrull,baelgun,288,druid,feral,6,3,3
Theonlydruid,frostmane,288,druid,feral,6,3,3
Kúùsh,frostwolf,288,druid,feral,6,3,3
Druidicchi,stormscale,288,druid,feral,6,3,3
Hundavidsad,quelthalas,288,druid,feral,6,3,3
Vigôuróuz,blackmoore,288,druid,feral,6,3,3
Somalí,blackmoore,288,druid,feral,6,3,3
Zusaria,azshara,288,druid,feral,6,3,3
Boldwìck,kazzak,288,druid,feral,6,3,3
Døgferal,stormscale,288,druid,feral,6,3,3
Reservebär,blackhand,288,druid,feral,6,3,3
Shádynasty,silvermoon,288,druid,feral,6,3,3
Sök,hyjal,288,druid,feral,6,3,3
Mäffu,silvermoon,288,druid,feral,6,3,3
Откинсяназад,howling-fjord,288,druid,feral,6,3,3
Fraptal,dalaran,288,druid,feral,6,3,3
Bigborst,ravencrest,288,druid,feral,6,3,3
Zantill,chamber-of-aspects,288,druid,feral,7,3,4
Shingeki,alonsus,288,druid,feral,8,3,5
Шокшо,soulflayer,288,druid,feral,12,3,9
Onmyass,dragonblight,288,druid,feral,12,3,9
Bepipane,pozzo-delleternità,288,druid,feral,12,3,9
Taatz,draenor,288,druid,feral,12,3,9
Käisur,doomhammer,288,druid,feral,12,3,9
Hahnvm,stormscale,288,druid,feral,12,3,9
Ripern,silvermoon,288,druid,feral,12,3,9
Xdrive,blackrock,288,druid,feral,12,3,9
Ferdax,outland,288,druid,feral,12,3,9
Avicî,ravencrest,288,druid,feral,12,3,9
Gurudru,tarren-mill,288,druid,feral,12,3,9
Оленяпеченя,gordunni,288,druid,feral,12,3,9
Kajirä,archimonde,288,druid,feral,12,3,9
Wheen,dun-morogh,288,druid,feral,12,3,9
Drocos,genjuros,288,druid,feral,12,3,9
Papjin,blackhand,288,druid,feral,12,3,9
Azyol,argent-dawn,288,druid,feral,12,3,9
Myex,exodar,288,druid,feral,12,3,9
Healnpeel,turalyon,288,druid,feral,12,3,9
Ddggss,ragnaros,288,druid,feral,12,3,9
Qfrost,ragnaros,288,druid,feral,12,3,9
Elocat,blackmoore,288,druid,feral,12,3,9
Phòènìx,twisting-nether,288,druid,feral,12,3,9
Norlanda,ravencrest,288,druid,feral,12,3,9
Murzzilka,kazzak,288,druid,feral,12,3,9
Bénjî,khazgoroth,288,druid,feral,12,3,9
Некрокэт,gordunni,288,druid,feral,17,3,14
Frincessa,burning-legion,288,druid,feral,18,3,15
Tallbutshort,stormscale,288,druid,feral,18,3,15
Ashamane,outland,288,druid,feral,18,3,15
Joshmoldr,aszune,288,druid,feral,18,3,15
Giosis,stormscale,287,druid,feral,6,3,3
Cemendur,bronzebeard,287,druid,feral,6,3,3
Moxxim,ragnaros,287,druid,feral,6,3,3
Vólotyr,ravencrest,287,druid,feral,12,3,9
Tharuun,teldrassil,287,druid,feral,12,3,9
Tomalas,aggramar,287,druid,feral,18,3,15
Djarda,deathwing,287,druid,feral,18,3,15
Alligatordru,kazzak,287,druid,feral,18,3,15
Papírzsepi,ragnaros,287,druid,feral,18,3,15
Thélon,antonidas,287,druid,feral,18,3,15
Treébeárd,draenor,287,druid,feral,18,3,15
Búll,aegwynn,287,druid,feral,24,3,21
Ianachu,tarren-mill,287,druid,feral,30,3,27
Puuhalí,stormreaver,286,druid,feral,6,3,3
Dildor,ysondre,286,druid,feral,6,3,3
Bakar,ghostlands,286,druid,feral,6,3,3
Zottelmahne,blackrock,286,druid,feral,6,3,3
Rakúsh,thrall,286,druid,feral,13,4,9
Creadora,ravencrest,255,druid,feral,11,3,8
Bartax,culte-de-la-rive-noire,240,druid,feral,9,3,6
Ripbot,grim-batol,239,druid,feral,5,3,2
Persefal,garona,239,druid,feral,11,3,8
Anyône,dun-morogh,229,druid,feral,16,4,12
Belvrin,argent-dawn,224,druid,feral,11,3,8
Tarmara,outland,223,druid,feral,8,3,5
Skiiter,draenor,223,druid,feral,14,3,11
Tommyferal,outland,192,druid,feral,4,3,1
Тырубльдуде,gordunni,192,druid,feral,9,3,6
Bïscøte,archimonde,192,druid,feral,6,2,4
Getsomefunny,archimonde,192,druid,feral,6,2,4
Leylajr,ravencrest,192,druid,feral,6,2,4
Lorya,terokkar,192,druid,feral,6,2,4
Dwaokut,ravencrest,192,druid,feral,6,2,4
Rawberto,silvermoon,192,druid,feral,6,2,4
Bigbear,stormrage,192,druid,feral,6,2,4
Buffaloh,antonidas,192,druid,feral,6,2,4
Routasydän,shattered-hand,192,druid,feral,6,2,4
Melcharis,frostwolf,192,druid,feral,6,2,4
Senjí,archimonde,192,druid,feral,6,2,4
Sàngha,frostwolf,192,druid,feral,6,2,4
Lechaource,silvermoon,192,druid,feral,6,2,4
Likë,frostwolf,192,druid,feral,6,2,4
Lsdpinkcandy,twisting-nether,192,druid,feral,6,2,4
Leafceld,aggra-português,192,druid,feral,6,2,4
Píshi,silvermoon,192,druid,feral,6,2,4
Melcow,eredar,192,druid,feral,6,2,4
Jænne,ysondre,192,druid,feral,6,2,4
Narawenn,ysondre,192,druid,feral,6,2,4
Pitsas,silvermoon,192,druid,feral,6,2,4
Erundrood,ysondre,192,druid,feral,6,2,4
Savagehèals,ravencrest,192,druid,feral,6,2,4
Voyerka,drakthul,192,druid,feral,6,2,4
Lyvaley,dun-modr,192,druid,feral,6,2,4
Flewks,silvermoon,192,druid,feral,6,2,4
Hairydøtter,aegwynn,192,druid,feral,6,2,4
Hivjue,argent-dawn,192,druid,feral,6,2,4
Smirnó,aegwynn,192,druid,feral,6,2,4
Zouzouille,ravencrest,192,druid,feral,6,2,4
Szondykhan,ragnaros,192,druid,feral,6,2,4
Tylou,khaz-modan,192,druid,feral,6,2,4
Metamø,blackrock,192,druid,feral,6,2,4
Mjáy,tarren-mill,192,druid,feral,6,2,4
Sandirion,silvermoon,192,druid,feral,6,2,4
Santamonica,blackrock,192,druid,feral,6,2,4
Nidra,silvermoon,192,druid,feral,6,2,4
Nelfboyuk,tarren-mill,192,druid,feral,6,2,4
Атиса,gordunni,192,druid,feral,6,2,4
Badbird,thunderhorn,192,druid,feral,6,2,4
Smat,thunderhorn,192,druid,feral,6,2,4
Aryitu,blackrock,192,druid,feral,6,2,4
Treepoloski,stormscale,192,druid,feral,6,2,4
Redyogurt,outland,192,druid,feral,6,2,4
Scotarella,nemesis,192,druid,feral,6,2,4
Comodruid,nemesis,192,druid,feral,6,2,4
Zyron,sanguino,192,druid,feral,6,2,4
Lilkâzzam,blackrock,192,druid,feral,6,2,4
Lunaarria,blackrock,192,druid,feral,6,2,4
Nonstérilisé,dalaran,192,druid,feral,6,2,4
Kormakurr,silvermoon,192,druid,feral,6,2,4
Каирон,deepholm,192,druid,feral,6,2,4
Móurningwood,hellfire,192,druid,feral,6,2,4
Rabatout,eitrigg,192,druid,feral,6,2,4
Zibark,nemesis,192,druid,feral,6,2,4
Kisskossa,stormscale,192,druid,feral,6,2,4
Rabacki,blackmoore,192,druid,feral,6,2,4
Womzas,blackhand,192,druid,feral,6,2,4
Kiizal,twisting-nether,192,druid,feral,6,2,4
Shyasiandru,area-52,192,druid,feral,6,2,4
Вендьета,blackscar,192,druid,feral,6,2,4
Pöttli,blackhand,192,druid,feral,6,2,4
Хайпхайп,howling-fjord,192,druid,feral,6,2,4
Glyn,earthen-ring,192,druid,feral,6,2,4
Tøpkittyg,twisting-nether,192,druid,feral,6,2,4
Jokiri,argent-dawn,192,druid,feral,6,2,4
Cylàn,sylvanas,192,druid,feral,6,2,4
Growlithe,hellfire,192,druid,feral,6,2,4
Brisemeute,kirin-tor,192,druid,feral,6,2,4
Variolus,dun-modr,192,druid,feral,6,2,4
Catwild,blackmoore,192,druid,feral,6,2,4
Mopferal,twisting-nether,192,druid,feral,6,2,4
Sasðri,argent-dawn,192,druid,feral,6,2,4
Druiddamage,the-maelstrom,192,druid,feral,6,2,4
Álvaromel,blackmoore,192,druid,feral,6,2,4
Retzerbil,sunstrider,192,druid,feral,6,2,4
Snuggums,argent-dawn,192,druid,feral,6,2,4
Seekíng,blackmoore,192,druid,feral,6,2,4
Casiu,blackmoore,192,druid,feral,6,2,4
Beginníng,outland,192,druid,feral,6,2,4
Citrus,sargeras,192,druid,feral,6,2,4
Цветий,howling-fjord,192,druid,feral,6,2,4
Tharae,blackmoore,192,druid,feral,6,2,4
Jimmyxdd,kazzak,192,druid,feral,6,2,4
Friidaf,lightbringer,192,druid,feral,6,2,4
Yeats,blackmoore,192,druid,feral,6,2,4
Вохако,howling-fjord,192,druid,feral,6,2,4
Сверххищникк,soulflayer,192,druid,feral,6,2,4
Feralsaber,ghostlands,192,druid,feral,6,2,4
Кентухен,gordunni,192,druid,feral,6,2,4
Dunya,kazzak,192,druid,feral,6,2,4
Rrayed,kazzak,192,druid,feral,6,2,4
Bettyblue,blackmoore,192,druid,feral,6,2,4
Angrykefir,draenor,192,druid,feral,6,2,4
Bóssít,doomhammer,192,druid,feral,6,2,4
Spidete,sanguino,192,druid,feral,9,2,7
Frunze,sylvanas,192,druid,feral,9,2,7
Trànsformer,nemesis,192,druid,feral,12,2,10
Kuw,archimonde,192,druid,feral,12,2,10
Steakotaur,chamber-of-aspects,192,druid,feral,12,2,10
Aaune,argent-dawn,192,druid,feral,12,2,10
Kokotinka,drakthul,192,druid,feral,12,2,10
Moundîr,archimonde,192,druid,feral,12,2,10
Drujoty,cthun,192,druid,feral,12,2,10
Инфернох,gordunni,192,druid,feral,12,2,10
Glenn,alakir,192,druid,feral,12,2,10
Klintxweed,hyjal,192,druid,feral,12,2,10
Amoveo,argent-dawn,192,druid,feral,12,2,10
Ellaria,burning-legion,192,druid,feral,12,2,10
Nicotex,draenor,192,druid,feral,12,2,10
Speegle,kazzak,192,druid,feral,12,2,10
Daìs,dalaran,192,druid,feral,12,2,10
Adawehi,ravencrest,192,druid,feral,12,2,10
Affines,the-maelstrom,192,druid,feral,12,2,10
Silverriver,ragnaros,192,druid,feral,12,2,10
Naturexbot,silvermoon,192,druid,feral,12,2,10
Rasgath,kazzak,192,druid,feral,12,2,10
Legyna,ravencrest,192,druid,feral,12,2,10
Touchmehere,stormscale,192,druid,feral,12,2,10
Erelieva,silvermoon,192,druid,feral,12,2,10
Zooluu,ragnaros,192,druid,feral,18,2,16
Gachal,kazzak,192,druid,feral,18,2,16
Venh,forscherliga,192,druid,feral,18,2,16
Luhxius,khaz-modan,191,druid,feral,6,2,4
Sellsarya,blackmoore,191,druid,feral,6,2,4
Mivlang,kazzak,191,druid,feral,6,2,4
Jompemanfish,stormscale,191,druid,feral,6,2,4
Citral,balnazzar,191,druid,feral,6,2,4
Nayato,draenor,191,druid,feral,12,2,10
Loriann,twisting-nether,191,druid,feral,18,2,16
Meuhtéki,hyjal,190,druid,feral,13,3,10
Avisa,blackhand,190,druid,feral,12,2,10
Shadøwdruid,silvermoon,190,druid,feral,18,2,16
Wolfly,ravencrest,179,druid,feral,21,7,14
Ilyethea,earthen-ring,175,druid,feral,11,2,9
Mazàr,pozzo-delleternità,160,druid,feral,10,2,8
Hiloqtdruid,blackmoore,159,druid,feral,5,2,3
Korkskruven,draenor,159,druid,feral,5,2,3
Scisan,aggra-português,159,druid,feral,5,2,3
Bregalad,twisting-nether,159,druid,feral,5,2,3
Grawlex,silvermoon,159,druid,feral,11,2,9
Szamoca,hellfire,159,druid,feral,11,2,9
Bearfôrceône,blackrock,159,druid,feral,11,2,9
Loserforever,archimonde,144,druid,feral,3,3,0
Найадра,gordunni,144,druid,feral,9,2,7
Несессари,howling-fjord,144,druid,feral,15,2,13
Chdanydrood,marécage-de-zangar,138,druid,feral,9,3,6
Azaría,aegwynn,128,druid,feral,4,2,2
Trashcat,anetheron,128,druid,feral,4,2,2
Baniaucygana,draenor,127,druid,feral,4,2,2
Reckwøød,ravencrest,127,druid,feral,14,2,12
Wurnas,silvermoon,121,druid,feral,15,3,12
Wolfheart,norgannon,96,druid,feral,3,2,1
Опаснокрасив,soulflayer,96,druid,feral,6,1,5
Benfufu,kazzak,96,druid,feral,6,1,5
Onmamama,die-aldor,96,druid,feral,6,1,5
Enukai,blackmoore,96,druid,feral,6,1,5
Hecone,los-errantes,96,druid,feral,6,1,5
Edos,lordaeron,96,druid,feral,6,1,5
Арбузир,howling-fjord,96,druid,feral,6,1,5
Мурталор,soulflayer,96,druid,feral,6,1,5
Xenrakh,blackhand,96,druid,feral,6,1,5
Saliencias,kazzak,96,druid,feral,6,1,5
Kátzumoto,kazzak,96,druid,feral,6,1,5
Bakslat,draenor,96,druid,feral,6,1,5
Seraxi,der-mithrilorden,96,druid,feral,6,1,5
Aristrea,dun-morogh,96,druid,feral,6,1,5
Ragnai,emerald-dream,96,druid,feral,6,1,5
Jungamajunga,quelthalas,96,druid,feral,6,1,5
Elhezar,dun-modr,96,druid,feral,6,1,5
Rbgbear,blackhand,96,druid,feral,6,1,5
Aahboom,draenor,96,druid,feral,6,1,5
Hccl,blackhand,96,druid,feral,6,1,5
Tael,argent-dawn,96,druid,feral,6,1,5
Хеельхеем,gordunni,96,druid,feral,6,1,5
Albinoape,doomhammer,96,druid,feral,6,1,5
Plantz,argent-dawn,96,druid,feral,6,1,5
Khânz,twisting-nether,96,druid,feral,6,1,5
Sabresheep,twisting-nether,96,druid,feral,6,1,5
Anorixx,outland,96,druid,feral,6,1,5
Bitsuie,magtheridon,96,druid,feral,6,1,5
Абапер,galakrond,96,druid,feral,6,1,5
Benduu,doomhammer,96,druid,feral,6,1,5
Nidrien,doomhammer,96,druid,feral,6,1,5
Yarrp,stormscale,96,druid,feral,6,1,5
Plàntz,tarren-mill,96,druid,feral,6,1,5
Yamsha,dalaran,96,druid,feral,6,1,5
Бьеорн,gordunni,96,druid,feral,6,1,5
Haragmancs,arathor,96,druid,feral,6,1,5
Hârâohshît,blackmoore,96,druid,feral,6,1,5
Ayatola,conseil-des-ombres,96,druid,feral,6,1,5
Spoco,defias-brotherhood,96,druid,feral,6,1,5
Thaneo,blackmoore,96,druid,feral,6,1,5
Laaide,blackmoore,96,druid,feral,6,1,5
Heav,kiljaeden,96,druid,feral,6,1,5
Ãnimal,argent-dawn,96,druid,feral,6,1,5
Rastacow,darkmoon-faire,96,druid,feral,6,1,5
Папакамбэк,grom,96,druid,feral,6,1,5
Majesty,nagrand,96,druid,feral,6,1,5
Tinykiwi,silvermoon,96,druid,feral,6,1,5
Eneel,malganis,96,druid,feral,6,1,5
Dëlins,outland,96,druid,feral,6,1,5
Bolhás,defias-brotherhood,96,druid,feral,6,1,5
Tartáros,blackrock,96,druid,feral,6,1,5
Théodên,dalaran,96,druid,feral,6,1,5
Moonroxx,elune,96,druid,feral,6,1,5
Awán,aegwynn,96,druid,feral,6,1,5
Catgirlx,ravencrest,96,druid,feral,6,1,5
Naturepower,ulduar,96,druid,feral,6,1,5
Dohn,ravencrest,96,druid,feral,6,1,5
Hävefunny,archimonde,96,druid,feral,6,1,5
Cowronavirus,zuljin,96,druid,feral,6,1,5
Markuslanz,blackrock,96,druid,feral,6,1,5
Esyae,silvermoon,96,druid,feral,6,1,5
Hyza,bronzebeard,96,druid,feral,6,1,5
Cesty,silvermoon,96,druid,feral,6,1,5
Tsill,archimonde,96,druid,feral,6,1,5
Ashleyx,antonidas,96,druid,feral,6,1,5
Cegorach,xavius,96,druid,feral,6,1,5
Strand,ragnaros,96,druid,feral,6,1,5
Yaaji,archimonde,96,druid,feral,6,1,5
Plazmo,ravencrest,96,druid,feral,6,1,5
Hefdgaharald,antonidas,96,druid,feral,6,1,5
Stjärna,kult-der-verdammten,96,druid,feral,6,1,5
Venomjr,bloodhoof,96,druid,feral,6,1,5
Bíerling,antonidas,96,druid,feral,6,1,5
Thecousins,ravencrest,96,druid,feral,6,1,5
Zinister,hyjal,96,druid,feral,6,1,5
Lucianis,drakthul,96,druid,feral,6,1,5
Prayshot,hyjal,96,druid,feral,6,1,5
Teddytree,ravencrest,96,druid,feral,6,1,5
Sodniss,aggra-português,96,druid,feral,6,1,5
Feyzode,ysondre,96,druid,feral,6,1,5
Zypra,shadowsong,96,druid,feral,6,1,5
Fabulous,genjuros,96,druid,feral,6,1,5
Jãy,ravencrest,96,druid,feral,6,1,5
Mafakaclones,archimonde,96,druid,feral,6,1,5
Tshungubuäch,eredar,96,druid,feral,6,1,5
Shaylanna,frostmane,96,druid,feral,6,1,5
Arceuss,lothar,96,druid,feral,9,1,8
Toxii,argent-dawn,96,druid,feral,10,1,9
Yabooni,ravencrest,96,druid,feral,12,1,11
Snorlaxza,ravencrest,96,druid,feral,12,1,11
Mäywen,ravencrest,96,druid,feral,12,1,11
Voraxdr,draenor,96,druid,feral,12,1,11
Veyronn,burning-legion,96,druid,feral,12,1,11
Mássive,darkmoon-faire,96,druid,feral,12,1,11
Raferalston,nathrezim,96,druid,feral,12,1,11
Farnae,kirin-tor,96,druid,feral,12,1,11
Nakkikastike,magtheridon,96,druid,feral,12,1,11
Scaramouches,ravencrest,96,druid,feral,12,1,11
Druidlaba,drakthul,96,druid,feral,12,1,11
Sempai,hyjal,96,druid,feral,18,1,17
Bidodici,nemesis,95,druid,feral,6,1,5
Allîyâ,archimonde,79,druid,feral,5,1,4
Beinskjørhët,silvermoon,64,druid,feral,4,1,3
Прокси,gordunni,64,druid,feral,4,1,3
Tamakie,blackmoore,64,druid,feral,4,1,3
Forigiver,draenor,64,druid,feral,4,1,3
Tyrianxx,zuljin,63,druid,feral,2,2,0
Lycal,chogall,63,druid,feral,2,2,0
Niowën,ragnaros,48,druid,feral,3,1,2
Férônïxa,dalaran,48,druid,feral,3,1,2
Cus,tarren-mill,48,druid,feral,3,1,2
Methàz,stormscale,31,druid,feral,2,1,1
Гримах,gordunni,16,druid,feral,1,1,0
Fuséton,tarren-mill,2490,druid,balance,427,255,172
Maroxd,stormscale,2419,druid,balance,126,87,39
Kaabeedo,ravencrest,2416,druid,balance,120,74,46
Immuz,kazzak,2407,druid,balance,178,103,75
Wwboomy,kazzak,2401,druid,balance,186,102,84
Brøkéday,kazzak,2376,druid,balance,144,90,54
Bbl,rexxar,2358,druid,balance,126,79,47
Merceý,ravencrest,2323,druid,balance,97,65,32
Опущеныйкелх,gordunni,2310,druid,balance,205,110,95
Frapucino,ravencrest,2302,druid,balance,141,99,42
Melby,tarren-mill,2269,druid,balance,249,130,119
Shåmss,kazzak,2265,druid,balance,72,43,29
Gigacooker,ravencrest,2264,druid,balance,138,91,47
Wriong,ravencrest,2262,druid,balance,163,99,64
Dezarden,die-aldor,2258,druid,balance,189,112,77
Boomky,blackmoore,2246,druid,balance,84,50,34
Shayîa,nozdormu,2229,druid,balance,122,75,47
Muhammadali,ravencrest,2228,druid,balance,84,51,33
Bd,stormscale,2225,druid,balance,83,49,34
Zødzin,kazzak,2217,druid,balance,132,73,59
Moodý,aegwynn,2213,druid,balance,130,85,45
Kabôôm,stormscale,2203,druid,balance,126,75,51
Tmeister,kazzak,2202,druid,balance,156,91,65
Batboomie,zuljin,2198,druid,balance,280,156,124
Lucidz,kazzak,2196,druid,balance,86,46,40
Trungoo,blackrock,2194,druid,balance,120,81,39
Bigdambitex,draenor,2192,druid,balance,66,46,20
Broccoliboy,sylvanas,2190,druid,balance,222,118,104
Sleepz,blackrock,2185,druid,balance,137,91,46
Antahka,archimonde,2182,druid,balance,72,42,30
Ackiz,ravencrest,2181,druid,balance,105,61,44
Celtimi,antonidas,2178,druid,balance,106,74,32
Hehehahahah,kazzak,2177,druid,balance,69,50,19
Eôxxd,blackrock,2177,druid,balance,125,80,45
Squirtdogx,drakthul,2174,druid,balance,71,43,28
Norgand,die-aldor,2173,druid,balance,42,33,9
Flanagân,hyjal,2171,druid,balance,60,36,24
Thelire,silvermoon,2167,druid,balance,455,236,219
Shivany,outland,2165,druid,balance,222,131,91
Øncê,durotan,2165,druid,balance,108,60,48
Bakkú,ravencrest,2158,druid,balance,66,45,21
Стомпбр,gordunni,2155,druid,balance,156,95,61
Catchmê,archimonde,2154,druid,balance,92,55,37
Saufeb,stormscale,2153,druid,balance,177,102,75
Positivîty,stormscale,2150,druid,balance,224,129,95
Pultsarí,tarren-mill,2146,druid,balance,168,94,74
Jwrld,stormscale,2145,druid,balance,78,40,38
Senfkai,kelthuzad,2144,druid,balance,66,53,13
Afky,stormreaver,2144,druid,balance,221,115,106
Топу,gordunni,2143,druid,balance,60,50,10
Sleepyhallow,blackmoore,2143,druid,balance,106,61,45
Votionex,tarren-mill,2142,druid,balance,112,69,43
Mopboomkin,twisting-nether,2140,druid,balance,90,48,42
Jettad,ravencrest,2135,druid,balance,106,61,45
Ursulaboomer,blackrock,2135,druid,balance,126,71,55
Flanders,blackrock,2134,druid,balance,84,61,23
Pikatwo,tyrande,2134,druid,balance,62,44,18
Richandblind,ravencrest,2129,druid,balance,108,59,49
Eviscreator,stormscale,2127,druid,balance,156,96,60
Isatá,ravencrest,2127,druid,balance,90,52,38
Óðinn,stormscale,2126,druid,balance,66,55,11
Starbro,grim-batol,2125,druid,balance,78,42,36
Shayia,aegwynn,2125,druid,balance,167,89,78
Стомпбр,howling-fjord,2123,druid,balance,131,77,54
Eddiethepunk,ravencrest,2121,druid,balance,430,243,187
Ganqb,ravencrest,2121,druid,balance,519,286,233
Yore,tichondrius,2120,druid,balance,102,72,30
Zaoow,stormscale,2120,druid,balance,239,139,100
Bumkin,bloodhoof,2120,druid,balance,72,41,31
Ööh,outland,2120,druid,balance,186,99,87
Kirexz,blackrock,2119,druid,balance,89,58,31
Klimakleber,ravencrest,2119,druid,balance,182,94,88
Wrathgodx,aegwynn,2118,druid,balance,72,47,25
Okøë,marécage-de-zangar,2112,druid,balance,72,42,30
Skivesnulle,kazzak,2110,druid,balance,369,185,184
Winkler,kazzak,2109,druid,balance,50,38,12
Quadpulse,ravencrest,2109,druid,balance,75,42,33
Juicew,stormscale,2108,druid,balance,65,42,23
Handsoff,stormscale,2108,druid,balance,312,163,149
Kënzo,ravencrest,2107,druid,balance,314,181,133
Lifeseed,ravencrest,2107,druid,balance,167,92,75
Bompfer,blackmoore,2107,druid,balance,126,63,63
Эё,howling-fjord,2105,druid,balance,154,95,59
Senoxiia,antonidas,2105,druid,balance,100,59,41
Løsër,ravencrest,2105,druid,balance,110,58,52
Bambye,stormscale,2104,druid,balance,242,146,96
Бубаджек,howling-fjord,2102,druid,balance,48,31,17
Connorz,blackmoore,2102,druid,balance,249,141,108
Rexonadudu,kazzak,2100,druid,balance,189,109,80
Cioaralba,sylvanas,2095,druid,balance,169,101,68
Kruwkamilka,burning-legion,2095,druid,balance,272,149,123
Blanoz,ravencrest,2095,druid,balance,339,170,169
Даирлин,gordunni,2092,druid,balance,202,104,98
Даена,razuvious,2090,druid,balance,114,79,35
Feelstreeman,twisting-nether,2089,druid,balance,96,52,44
Carnivals,twisting-nether,2084,druid,balance,300,162,138
Bittebads,stormscale,2079,druid,balance,72,46,26
Mooskie,draenor,2078,druid,balance,78,51,27
Sadgeconvoke,draenor,2078,druid,balance,418,236,182
Ôwlnur,kult-der-verdammten,2077,druid,balance,103,59,44
Rek,sanguino,2077,druid,balance,111,61,50
Deép,nazjatar,2076,druid,balance,225,111,114
Shivany,twisting-nether,2071,druid,balance,204,104,100
Gulmi,outland,2069,druid,balance,147,84,63
Slaugh,zuljin,2066,druid,balance,180,98,82
Starsy,frostmane,2063,druid,balance,95,46,49
Rlwlwlwlwr,twisting-nether,2061,druid,balance,78,52,26
Jerrybeans,ravencrest,2061,druid,balance,114,68,46
Bulla,culte-de-la-rive-noire,2061,druid,balance,261,147,114
Starcowx,ragnaros,2055,druid,balance,201,113,88
Dincks,draenor,2054,druid,balance,100,61,39
Mephîs,ravencrest,2053,druid,balance,94,57,37
Izhusky,ravencrest,2053,druid,balance,186,105,81
Рябчиик,blackscar,2053,druid,balance,336,186,150
Maijs,ravencrest,2053,druid,balance,96,46,50
Limme,ravencrest,2052,druid,balance,151,95,56
Memphiswhx,drakthul,2051,druid,balance,150,85,65
Vabore,twisting-nether,2051,druid,balance,198,97,101
Brovis,sylvanas,2050,druid,balance,79,57,22
Yalojr,blackmoore,2047,druid,balance,56,36,20
Sleepystacy,argent-dawn,2047,druid,balance,210,120,90
Win,hellscream,2046,druid,balance,114,65,49
Владисзади,gordunni,2046,druid,balance,137,74,63
Crippaa,tarren-mill,2044,druid,balance,133,79,54
Karvajyrä,stormreaver,2044,druid,balance,431,233,198
Muufasa,blackmoore,2043,druid,balance,326,171,155
Rootzxx,ravencrest,2040,druid,balance,227,120,107
Nutsnack,tarren-mill,2039,druid,balance,78,38,40
Stb,outland,2037,druid,balance,72,46,26
Øsbura,silvermoon,2037,druid,balance,90,54,36
Nevermeldx,blackrock,2034,druid,balance,95,54,41
Høtpøket,ravencrest,2028,druid,balance,54,36,18
Anéry,ravencrest,2027,druid,balance,112,62,50
Zuterlø,ragnaros,2026,druid,balance,214,111,103
Hefnerd,grim-batol,2023,druid,balance,53,39,14
Mdrgtwo,ravencrest,2023,druid,balance,98,65,33
Nuvemone,stormscale,2022,druid,balance,200,112,88
Méáckós,aegwynn,2022,druid,balance,170,84,86
Credenz,frostmane,2021,druid,balance,192,109,83
Tronchetto,nemesis,2018,druid,balance,90,48,42
Eloahdruid,blackhand,2016,druid,balance,93,58,35
Flanagàn,hyjal,2016,druid,balance,82,41,41
Iloveher,ravencrest,2014,druid,balance,66,43,23
Veganvapex,draenor,2013,druid,balance,151,91,60
Artistdubose,kazzak,2012,druid,balance,84,55,29
Citróne,blackrock,2012,druid,balance,60,38,22
Wrldx,twisting-nether,2011,druid,balance,304,167,137
Detü,blackrock,2010,druid,balance,131,78,53
Lilpumpz,outland,2009,druid,balance,113,58,55
Рейзакх,howling-fjord,2008,druid,balance,288,149,139
Oskol,tarren-mill,2008,druid,balance,88,44,44
Admeliora,ravencrest,2007,druid,balance,83,54,29
Tuttu,kazzak,2007,druid,balance,162,88,74
Tomyn,burning-legion,2005,druid,balance,94,52,42
Grässoppa,tarren-mill,2004,druid,balance,100,55,45
Výragosa,der-rat-von-dalaran,2004,druid,balance,158,86,72
Gonyogonyo,blackmoore,2003,druid,balance,81,43,38
Néllÿ,elune,2003,druid,balance,126,65,61
Smøkewéed,ravencrest,2001,druid,balance,60,37,23
Akinimod,ravencrest,2000,druid,balance,120,69,51
Zâe,archimonde,1996,druid,balance,58,37,21
Pvekek,stormscale,1996,druid,balance,181,103,78
Senzuli,stormscale,1994,druid,balance,135,89,46
Drcaøs,sanguino,1993,druid,balance,152,91,61
Ljóskan,kazzak,1988,druid,balance,93,49,44
Zendda,hyjal,1987,druid,balance,91,48,43
Greenful,drakthul,1986,druid,balance,120,69,51
Låsèrpêwpéw,tarren-mill,1984,druid,balance,233,132,101
Zulucat,aegwynn,1983,druid,balance,24,21,3
Didiee,kazzak,1981,druid,balance,237,127,110
Trekkertt,zuljin,1980,druid,balance,77,41,36
Broflovskii,tarren-mill,1980,druid,balance,84,42,42
Luphrekfurry,ysondre,1979,druid,balance,60,39,21
Knùbz,ravencrest,1979,druid,balance,137,73,64
Thràralith,silvermoon,1978,druid,balance,119,75,44
Ferraridudux,ravencrest,1977,druid,balance,36,26,10
Escaa,stormscale,1976,druid,balance,104,59,45
Rbgkári,draenor,1974,druid,balance,139,82,57
Lappe,stormreaver,1973,druid,balance,41,24,17
Kankstery,stormscale,1972,druid,balance,83,56,27
Calê,blackrock,1971,druid,balance,361,199,162
Phucme,the-maelstrom,1970,druid,balance,96,56,40
Laker,stormscale,1970,druid,balance,198,107,91
Trntydr,senjin,1969,druid,balance,65,44,21
Twitchmoney,archimonde,1969,druid,balance,109,73,36
Anpassad,outland,1966,druid,balance,81,46,35
Toxicclones,tarren-mill,1965,druid,balance,48,38,10
Taveirasurge,kazzak,1963,druid,balance,125,79,46
Hppsr,eredar,1963,druid,balance,131,70,61
Jstdru,ravencrest,1961,druid,balance,120,78,42
Turtleform,blackrock,1961,druid,balance,138,64,74
ßa,blackmoore,1960,druid,balance,59,38,21
Uglyrasputin,blackmoore,1960,druid,balance,156,94,62
Wizzlafa,ravencrest,1960,druid,balance,82,48,34
Миртлэкшн,gordunni,1959,druid,balance,107,61,46
Gurru,xavius,1959,druid,balance,242,126,116
Исканет,gordunni,1958,druid,balance,72,46,26
Ilovestacy,outland,1957,druid,balance,102,63,39
Hotflora,aegwynn,1957,druid,balance,66,39,27
Secrägodx,ragnaros,1957,druid,balance,114,64,50
Superchïcken,archimonde,1955,druid,balance,78,43,35
Mønrøe,ravencrest,1953,druid,balance,77,42,35
Nythielle,argent-dawn,1953,druid,balance,141,72,69
Bum,ravencrest,1951,druid,balance,35,28,7
Tobid,blackrock,1949,druid,balance,66,47,19
Newaccount,kazzak,1948,druid,balance,246,134,112
Ледруд,gordunni,1948,druid,balance,128,65,63
Cmfg,blackrock,1947,druid,balance,121,71,50
Kayllie,silvermoon,1947,druid,balance,108,63,45
Вбг,soulflayer,1947,druid,balance,287,152,135
Kenzia,stormrage,1945,druid,balance,78,48,30
Elinaax,outland,1944,druid,balance,143,82,61
Sartipus,draenor,1944,druid,balance,252,139,113
Justyo,archimonde,1943,druid,balance,99,65,34
Ovérheal,ravencrest,1941,druid,balance,111,69,42
Juicypus,ragnaros,1941,druid,balance,205,110,95
Найттир,gordunni,1940,druid,balance,87,49,38
Josedudu,twisting-nether,1939,druid,balance,109,62,47
Linkin,azshara,1938,druid,balance,233,127,106
Cassiddyy,draenor,1937,druid,balance,78,45,33
Ciucciotutto,nemesis,1934,druid,balance,66,46,20
Randomnup,sanguino,1933,druid,balance,114,64,50
Øhmygød,stormscale,1932,druid,balance,114,62,52
Vermz,tarren-mill,1931,druid,balance,65,41,24
Eñzo,stormscale,1930,druid,balance,108,68,40
Lóvebeam,ravencrest,1930,druid,balance,60,36,24
Светдру,blackscar,1929,druid,balance,59,36,23
Воому,soulflayer,1928,druid,balance,54,35,19
Näela,archimonde,1928,druid,balance,60,31,29
Knastx,ravencrest,1927,druid,balance,54,39,15
Captaïn,twisting-nether,1927,druid,balance,84,54,30
Shåmssz,kazzak,1926,druid,balance,44,31,13
Veonski,argent-dawn,1925,druid,balance,105,57,48
Аронэл,blackscar,1924,druid,balance,82,54,28
Boomjutzu,kazzak,1924,druid,balance,48,28,20
Meowcry,outland,1924,druid,balance,132,76,56
Dràkàn,dethecus,1923,druid,balance,114,62,52
Emmdru,silvermoon,1922,druid,balance,113,71,42
Transmangodx,tarren-mill,1922,druid,balance,120,68,52
ßoomin,tarren-mill,1921,druid,balance,60,29,31
Cutiepain,kazzak,1920,druid,balance,92,57,35
Restaidpvs,wildhammer,1920,druid,balance,72,38,34
Gretathnberg,ravencrest,1919,druid,balance,62,33,29
Taurendruid,the-maelstrom,1917,druid,balance,195,110,85
Jrdleto,blackrock,1917,druid,balance,169,92,77
Tommyruin,the-venture-co,1917,druid,balance,197,106,91
Gnrio,twisting-nether,1916,druid,balance,119,74,45
Shamerika,tarren-mill,1916,druid,balance,196,110,86
Aggroasian,tarren-mill,1915,druid,balance,309,166,143
Metamoo,tarren-mill,1914,druid,balance,57,43,14
Trytargetme,outland,1914,druid,balance,138,78,60
Underrated,darksorrow,1913,druid,balance,54,37,17
Heiden,terokkar,1912,druid,balance,71,41,30
Kÿara,khaz-modan,1912,druid,balance,114,59,55
Narq,sylvanas,1911,druid,balance,84,51,33
Fullfatcream,stormscale,1910,druid,balance,96,54,42
Malex,auchindoun,1910,druid,balance,114,63,51
Millions,tarren-mill,1909,druid,balance,129,82,47
Crnkie,sylvanas,1909,druid,balance,72,44,28
Björnskift,tarren-mill,1909,druid,balance,119,64,55
Imbadxx,kazzak,1908,druid,balance,66,44,22
Chavinelf,twisting-nether,1908,druid,balance,60,35,25
Ïndrä,arathi,1907,druid,balance,214,112,102
Maladorf,draenor,1906,druid,balance,107,67,40
Msb,the-maelstrom,1906,druid,balance,59,34,25
Shàal,ysondre,1906,druid,balance,199,107,92
Siuo,ravencrest,1906,druid,balance,95,51,44
Fantomasik,drakthul,1906,druid,balance,509,263,246
Andreud,dunemaul,1904,druid,balance,131,67,64
Sentería,sylvanas,1904,druid,balance,96,44,52
Kjøttberit,moonglade,1902,druid,balance,66,42,24
Sylindra,argent-dawn,1902,druid,balance,142,87,55
Máedhros,ravencrest,1901,druid,balance,90,60,30
Reichpoulet,archimonde,1900,druid,balance,42,30,12
Lazermonster,tarren-mill,1899,druid,balance,54,32,22
Månemannen,outland,1898,druid,balance,30,20,10
Euphoríax,ravencrest,1898,druid,balance,100,64,36
Rlwlwlwrtwo,twisting-nether,1898,druid,balance,60,31,29
Dnblifestyle,zirkel-des-cenarius,1898,druid,balance,74,37,37
Interaktio,ravencrest,1896,druid,balance,34,24,10
Impmoden,blackrock,1896,druid,balance,43,30,13
Disvikz,outland,1895,druid,balance,111,63,48
Ezeke,eredar,1895,druid,balance,196,99,97
Cörelly,ravencrest,1894,druid,balance,217,135,82
Boomdruud,tarren-mill,1894,druid,balance,36,22,14
Thcpositiv,aegwynn,1894,druid,balance,303,155,148
Qtkitty,outland,1893,druid,balance,398,212,186
Punxybear,ravencrest,1893,druid,balance,611,310,301
Xqzmybleedz,onyxia,1890,druid,balance,140,90,50
Orangeterror,stormscale,1889,druid,balance,108,66,42
Fredhqt,tarren-mill,1889,druid,balance,71,41,30
Хальтенис,gordunni,1889,druid,balance,124,66,58
Kokslina,sylvanas,1889,druid,balance,71,32,39
Vamix,aegwynn,1888,druid,balance,30,25,5
Gambós,kazzak,1888,druid,balance,65,31,34
Euphørie,twisting-nether,1887,druid,balance,378,205,173
Ampdru,ravencrest,1886,druid,balance,58,38,20
Slahnesh,aegwynn,1884,druid,balance,66,39,27
Melábufes,dun-modr,1884,druid,balance,84,43,41
Sagezza,draenor,1883,druid,balance,479,254,225
Nàaz,stormscale,1882,druid,balance,42,29,13
Hirmo,ragnaros,1882,druid,balance,81,54,27
Blopstar,stormscale,1879,druid,balance,54,34,20
Valijan,blackrock,1879,druid,balance,64,31,33
Druvex,blackrock,1876,druid,balance,35,25,10
Mqs,stormscale,1876,druid,balance,163,97,66
Nctmé,tarren-mill,1876,druid,balance,101,50,51
Bmybmybmybmy,outland,1875,druid,balance,30,24,6
Bîjaqt,blackmoore,1875,druid,balance,42,27,15
Gabedru,agamaggan,1874,druid,balance,48,34,14
Yosimoo,draenor,1874,druid,balance,118,75,43
Triskelion,burning-legion,1874,druid,balance,166,90,76
Mopferal,twisting-nether,1873,druid,balance,87,63,24
Rekked,alleria,1873,druid,balance,90,52,38
Nóque,ravencrest,1873,druid,balance,106,59,47
Shroomdoom,ravencrest,1873,druid,balance,59,29,30
Jerie,silvermoon,1872,druid,balance,84,52,32
Mikhaili,stormreaver,1872,druid,balance,54,33,21
Shakeme,zuljin,1872,druid,balance,66,38,28
Kabòöóm,outland,1871,druid,balance,66,44,22
Æøøm,blackmoore,1871,druid,balance,291,157,134
Shyoxdr,twisting-nether,1867,druid,balance,107,73,34
Hyperbêast,blackrock,1866,druid,balance,41,31,10
Xerlog,thrall,1866,druid,balance,60,39,21
Tjillevippen,tarren-mill,1866,druid,balance,42,27,15
Daÿdream,ravencrest,1865,druid,balance,83,53,30
Dreamdoll,ravencrest,1865,druid,balance,60,35,25
Rudabaebey,draenor,1863,druid,balance,42,28,14
Beanery,aegwynn,1859,druid,balance,66,43,23
Luphrekmeow,ravencrest,1859,druid,balance,47,30,17
Traickovic,eredar,1859,druid,balance,42,24,18
Superdr,ragnaros,1857,druid,balance,58,43,15
Peaches,aerie-peak,1857,druid,balance,77,50,27
Vregord,twisting-nether,1857,druid,balance,54,35,19
Balanc,ragnaros,1857,druid,balance,198,111,87
Phobidru,thrall,1857,druid,balance,60,33,27
Laserchicken,malganis,1857,druid,balance,343,169,174
Metzarqq,stormscale,1856,druid,balance,78,51,27
Pyaw,kazzak,1856,druid,balance,114,69,45
Hymìr,silvermoon,1856,druid,balance,159,88,71
Mirynn,elune,1856,druid,balance,199,103,96
Сосисосочка,gordunni,1856,druid,balance,114,59,55
Embrangle,silvermoon,1854,druid,balance,78,45,33
Deadmeøw,outland,1854,druid,balance,70,38,32
Valijaelf,blackrock,1854,druid,balance,74,39,35
Dudukid,nemesis,1854,druid,balance,184,93,91
Kribie,aegwynn,1853,druid,balance,90,56,34
Shyngodx,archimonde,1853,druid,balance,179,103,76
Vulkayn,ysondre,1853,druid,balance,84,47,37
Bearpawzz,kazzak,1852,druid,balance,88,50,38
Commonsense,kazzak,1852,druid,balance,36,20,16
Boomco,stormscale,1850,druid,balance,42,28,14
Âlhajillo,dun-modr,1850,druid,balance,74,41,33
Flæppy,blackmoore,1849,druid,balance,446,222,224
Divref,tarren-mill,1848,druid,balance,30,24,6
Tzeeni,stormscale,1847,druid,balance,35,28,7
Lumi,culte-de-la-rive-noire,1847,druid,balance,48,30,18
Zømßie,outland,1847,druid,balance,162,95,67
Sænxx,blackrock,1846,druid,balance,42,30,12
Друлякич,gordunni,1846,druid,balance,49,30,19
Naturez,sylvanas,1846,druid,balance,98,53,45
Elissian,silvermoon,1846,druid,balance,357,190,167
Afret,kazzak,1846,druid,balance,383,195,188
Dyroxs,twisting-nether,1846,druid,balance,328,166,162
Klappskaft,outland,1845,druid,balance,41,24,17
Teebeidl,tarren-mill,1845,druid,balance,174,101,73
Xora,kazzak,1845,druid,balance,197,106,91
Fiskmåsn,twisting-nether,1844,druid,balance,231,126,105
Hackamore,archimonde,1843,druid,balance,343,186,157
Gipi,ravencrest,1843,druid,balance,60,31,29
Füllxtrap,hyjal,1842,druid,balance,36,26,10
Amazed,wildhammer,1842,druid,balance,90,55,35
Synexi,sylvanas,1842,druid,balance,144,85,59
Mudruu,blackrock,1842,druid,balance,66,37,29
Kissachtak,blackrock,1841,druid,balance,51,33,18
Ethiqd,aegwynn,1840,druid,balance,42,32,10
Ravneskrig,ravencrest,1840,druid,balance,110,62,48
Jenovas,argent-dawn,1840,druid,balance,123,66,57
Hammd,kazzak,1840,druid,balance,196,104,92
Kl,archimonde,1840,druid,balance,180,94,86
Duridlol,nemesis,1839,druid,balance,35,24,11
Celtixthrash,tarren-mill,1839,druid,balance,30,20,10
Hrz,kazzak,1839,druid,balance,79,50,29
Угощаюх,howling-fjord,1839,druid,balance,77,48,29
Bàrathrum,blackrock,1839,druid,balance,163,91,72
Pluginbaby,stormscale,1838,druid,balance,64,41,23
Suomenlorgok,stormreaver,1838,druid,balance,91,56,35
Tykè,outland,1838,druid,balance,54,33,21
Skirr,kelthuzad,1838,druid,balance,42,23,19
Nassii,antonidas,1836,druid,balance,168,102,66
Connydor,stormscale,1836,druid,balance,48,29,19
Damagebot,tarren-mill,1836,druid,balance,111,64,47
Флаффер,soulflayer,1836,druid,balance,90,51,39
Atrosity,ravencrest,1835,druid,balance,66,40,26
Муромлянка,blackscar,1835,druid,balance,142,81,61
ßouncy,twisting-nether,1834,druid,balance,54,37,17
Sylvy,dun-modr,1834,druid,balance,142,79,63
Gehrkehotter,silvermoon,1833,druid,balance,102,65,37
Elandreth,twisting-nether,1833,druid,balance,49,31,18
Kabuul,dun-modr,1833,druid,balance,163,100,63
Brittmagi,sylvanas,1833,druid,balance,112,68,44
Jøkèr,outland,1833,druid,balance,53,30,23
Кирукхэ,gordunni,1832,druid,balance,36,28,8
Tárzáñ,ravencrest,1832,druid,balance,114,64,50
Uglybettylol,drakthul,1829,druid,balance,48,28,20
Zapx,hyjal,1829,druid,balance,212,118,94
Tummus,blackrock,1829,druid,balance,60,32,28
Zyndril,silvermoon,1828,druid,balance,36,23,13
Moksy,outland,1828,druid,balance,120,69,51
Ахаххаха,howling-fjord,1827,druid,balance,78,52,26
Лёхалепеха,gordunni,1827,druid,balance,84,52,32
Malfurien,magtheridon,1827,druid,balance,65,40,25
Shakso,stormscale,1827,druid,balance,208,111,97
Barneycatz,tarren-mill,1826,druid,balance,93,50,43
Небесныйхант,soulflayer,1826,druid,balance,181,92,89
Aliyxd,aegwynn,1825,druid,balance,42,28,14
Stepgødx,twisting-nether,1825,druid,balance,75,35,40
Güccïmane,twisting-nether,1824,druid,balance,116,80,36
Valgo,twisting-nether,1824,druid,balance,96,56,40
Dizay,xavius,1823,druid,balance,60,40,20
Melyssea,argent-dawn,1823,druid,balance,59,35,24
Pine,aggramar,1822,druid,balance,28,23,5
Faxotium,argent-dawn,1822,druid,balance,30,21,9
Djemdruid,argent-dawn,1822,druid,balance,42,27,15
Kaalil,argent-dawn,1822,druid,balance,72,40,32
Neverpanic,stormscale,1821,druid,balance,78,48,30
Alxzdru,auchindoun,1821,druid,balance,147,89,58
Shìinx,hyjal,1821,druid,balance,60,36,24
Drøøkîé,antonidas,1821,druid,balance,239,139,100
Khiree,archimonde,1820,druid,balance,56,32,24
Hyac,the-maelstrom,1819,druid,balance,42,29,13
Totemdrood,blackmoore,1818,druid,balance,52,30,22
Isuckdruid,aegwynn,1818,druid,balance,163,91,72
Sunshinex,silvermoon,1818,druid,balance,96,47,49
Рейтэн,gordunni,1817,druid,balance,54,37,17
Nerem,blackrock,1817,druid,balance,84,44,40
Bákhar,ravencrest,1817,druid,balance,148,71,77
Htxo,kazzak,1816,druid,balance,42,26,16
Treesus,blackrock,1816,druid,balance,42,25,17
Lunahu,argent-dawn,1816,druid,balance,72,42,30
Bigpûmp,elune,1816,druid,balance,95,53,42
Чупакабра,goldrinn,1816,druid,balance,235,130,105
Айрокси,blackscar,1816,druid,balance,84,45,39
Shiftcaster,ravencrest,1816,druid,balance,72,35,37
Astrobazooka,stormreaver,1815,druid,balance,77,48,29
Neirdá,hyjal,1815,druid,balance,197,107,90
Meowmf,silvermoon,1814,druid,balance,101,62,39
Ånaðeårmas,outland,1813,druid,balance,83,51,32
Мунстрайк,borean-tundra,1813,druid,balance,145,82,63
Aleza,tarren-mill,1813,druid,balance,117,64,53
Pouletqt,archimonde,1813,druid,balance,48,26,22
Bashmac,mugthol,1811,druid,balance,72,49,23
Yarinai,blackmoore,1811,druid,balance,102,59,43
Ghostpaws,ravencrest,1811,druid,balance,153,76,77
Крейзикет,eversong,1810,druid,balance,36,25,11
Madhatterr,kazzak,1810,druid,balance,108,73,35
Owlbum,grim-batol,1810,druid,balance,48,31,17
Solariah,garona,1810,druid,balance,166,96,70
Shiffe,argent-dawn,1810,druid,balance,66,37,29
Scaleo,stormreaver,1810,druid,balance,96,51,45
Frenkoz,outland,1809,druid,balance,120,70,50
Pneuma,xavius,1809,druid,balance,135,78,57
Núri,lordaeron,1809,druid,balance,80,46,34
Imaginarý,ravencrest,1809,druid,balance,47,26,21
Crywingz,antonidas,1809,druid,balance,205,104,101
Lacÿn,twisting-nether,1808,druid,balance,24,19,5
Lodikum,defias-brotherhood,1808,druid,balance,30,23,7
Ashtral,kazzak,1808,druid,balance,33,24,9
Lashketchum,aszune,1808,druid,balance,106,71,35
Ferawri,draenor,1808,druid,balance,42,24,18
Vaacku,stormreaver,1808,druid,balance,190,105,85
Izzual,tarren-mill,1808,druid,balance,54,28,26
Ipsdray,ysondre,1807,druid,balance,151,89,62
Rasgath,kazzak,1807,druid,balance,333,188,145
Cøntrol,argent-dawn,1807,druid,balance,72,40,32
Câtchmê,archimonde,1806,druid,balance,24,19,5
Icek,outland,1806,druid,balance,54,33,21
Xalio,ravencrest,1806,druid,balance,65,39,26
Leletmedie,ravencrest,1806,druid,balance,54,31,23
Dakotaboomer,ravencrest,1806,druid,balance,48,26,22
Otpboomie,dun-modr,1805,druid,balance,37,23,14
Crunchtime,ragnaros,1805,druid,balance,133,72,61
Akiíra,twisting-nether,1804,druid,balance,54,38,16
Loethen,argent-dawn,1804,druid,balance,110,74,36
Belvrin,argent-dawn,1804,druid,balance,100,66,34
Svp,ravencrest,1804,druid,balance,54,33,21
Elunælle,les-sentinelles,1804,druid,balance,168,93,75
Ashidx,ragnaros,1803,druid,balance,48,30,18
Rnkx,sanguino,1803,druid,balance,57,33,24
Delmond,sylvanas,1803,druid,balance,386,208,178
Rozi,draenor,1802,druid,balance,42,25,17
Slaskêt,tarren-mill,1802,druid,balance,99,58,41
Pharaah,stormscale,1801,druid,balance,71,48,23
Geîl,blackrock,1801,druid,balance,42,24,18
Goagain,silvermoon,1801,druid,balance,196,107,89
Batmòn,stormscale,1801,druid,balance,129,69,60
Bignoober,blackrock,1800,druid,balance,35,25,10
Eselhirte,blackhand,1800,druid,balance,45,27,18
Cønvokê,tarren-mill,1800,druid,balance,121,69,52
Zhof,ravencrest,1800,druid,balance,255,135,120
Ruetinjeri,blackmoore,1800,druid,balance,103,53,50
Cuteteengirl,ravencrest,1797,druid,balance,78,44,34
Онличикен,gordunni,1797,druid,balance,150,78,72
Whøðìspélmé,twisting-nether,1796,druid,balance,54,37,17
Qtrly,ravencrest,1796,druid,balance,68,35,33
Vitaex,blackrock,1795,druid,balance,51,35,16
Bastodonte,skullcrusher,1795,druid,balance,310,156,154
Abyssaldepth,ravencrest,1794,druid,balance,126,80,46
Klørfem,draenor,1794,druid,balance,82,47,35
Imperiusx,ravencrest,1794,druid,balance,255,141,114
Legitx,dentarg,1794,druid,balance,97,52,45
Ðevilwhite,nemesis,1794,druid,balance,80,36,44
Takemanstwix,ragnaros,1793,druid,balance,72,46,26
Rngmåchinéx,ravencrest,1793,druid,balance,140,89,51
Deepak,nemesis,1793,druid,balance,78,46,32
Травкер,howling-fjord,1792,druid,balance,455,225,230
Ohpfo,outland,1791,druid,balance,35,24,11
Aionx,ravencrest,1791,druid,balance,70,38,32
Áäáäáäáäáäáä,ravencrest,1791,druid,balance,95,49,46
Snøø,frostwolf,1790,druid,balance,156,82,74
Bearygrylls,sylvanas,1789,druid,balance,50,33,17
Moonhusky,blackrock,1789,druid,balance,60,36,24
Pøpp,archimonde,1789,druid,balance,109,60,49
Yinx,darksorrow,1788,druid,balance,72,42,30
Cryspie,hyjal,1788,druid,balance,48,27,21
Lushe,kazzak,1785,druid,balance,32,21,11
Лсдспайсы,soulflayer,1785,druid,balance,75,47,28
Vainzxdr,ravencrest,1785,druid,balance,61,38,23
Eysnd,blackrock,1785,druid,balance,84,49,35
Ventrìx,alleria,1785,druid,balance,96,49,47
Howgh,destromath,1785,druid,balance,266,135,131
Kivimon,dun-modr,1784,druid,balance,60,37,23
Drooshy,ravencrest,1784,druid,balance,57,35,22
Longhornjohn,ragnaros,1784,druid,balance,58,33,25
Mochiløxz,tarren-mill,1782,druid,balance,232,129,103
Replicusowl,doomhammer,1782,druid,balance,54,28,26
Styggtryne,outland,1781,druid,balance,231,128,103
Аласторвов,deathweaver,1781,druid,balance,206,107,99
Хфикс,gordunni,1779,druid,balance,232,141,91
Gudñ,tarren-mill,1779,druid,balance,83,48,35
Smashella,pozzo-delleternità,1778,druid,balance,115,77,38
Unohanâ,archimonde,1778,druid,balance,70,45,25
Sifferx,stormscale,1778,druid,balance,111,61,50
Jûggerslut,ysondre,1778,druid,balance,93,50,43
Øwlkin,ravencrest,1778,druid,balance,39,20,19
Hunkex,frostmane,1778,druid,balance,129,65,64
Pumpingurass,twisting-nether,1777,druid,balance,42,28,14
Adizero,blackrock,1777,druid,balance,55,35,20
Morlán,blackmoore,1777,druid,balance,30,19,11
Ævus,outland,1777,druid,balance,62,35,27
Яммаккаасии,grom,1777,druid,balance,97,49,48
Подпивасникх,gordunni,1776,druid,balance,54,34,20
Darktigrou,archimonde,1775,druid,balance,30,21,9
Добродейтель,soulflayer,1775,druid,balance,264,152,112
Whisker,outland,1774,druid,balance,36,25,11
Rexadria,blackrock,1774,druid,balance,54,33,21
Grafíx,blackrock,1773,druid,balance,42,26,16
Åkømo,aegwynn,1773,druid,balance,54,31,23
Rivella,blackrock,1773,druid,balance,75,39,36
Иггдрасиль,gordunni,1772,druid,balance,175,103,72
Varokka,aegwynn,1770,druid,balance,48,29,19
Kalthazar,twisting-nether,1769,druid,balance,54,32,22
Lunel,arathor,1769,druid,balance,115,64,51
Starfallkey,dun-modr,1769,druid,balance,165,91,74
Совёнушек,howling-fjord,1769,druid,balance,107,57,50
Moonenjoyer,kazzak,1768,druid,balance,48,31,17
Chøpzjr,blackrock,1768,druid,balance,84,49,35
Skarbowka,burning-legion,1767,druid,balance,42,29,13
Shedzokey,tarren-mill,1767,druid,balance,163,97,66
Shiftowl,tarren-mill,1766,druid,balance,36,25,11
Moonleaf,burning-steppes,1762,druid,balance,42,22,20
Mesmerizing,ravencrest,1762,druid,balance,150,76,74
Teaser,dun-modr,1761,druid,balance,96,55,41
Séxycàt,ravencrest,1761,druid,balance,320,172,148
Èøèøèøèøè,stormscale,1760,druid,balance,24,23,1
Kotaryzi,kazzak,1758,druid,balance,24,19,5
Större,twisting-nether,1758,druid,balance,56,41,15
Mjáy,tarren-mill,1758,druid,balance,84,45,39
Taylorshîft,burning-legion,1757,druid,balance,60,31,29
Bearlylegál,outland,1756,druid,balance,30,19,11
Трэйкотик,blackscar,1756,druid,balance,83,48,35
Tenzuk,archimonde,1754,druid,balance,30,23,7
Cyclonejk,blackrock,1754,druid,balance,42,28,14
Felicìty,draenor,1753,druid,balance,54,34,20
Bobobobobobo,blackrock,1753,druid,balance,245,134,111
Likwidator,stormscale,1752,druid,balance,229,131,98
Tallu,das-konsortium,1752,druid,balance,90,51,39
Кыцко,soulflayer,1751,druid,balance,111,64,47
Durkdriven,kazzak,1750,druid,balance,81,50,31
Narkiza,blackhand,1750,druid,balance,78,43,35
Louisv,kazzak,1750,druid,balance,123,64,59
Hornykarenn,bladefist,1749,druid,balance,36,25,11
Hugeragê,stormreaver,1749,druid,balance,101,49,52
Hilom,grim-batol,1748,druid,balance,47,29,18
Siajin,frostwolf,1748,druid,balance,102,56,46
Balencìága,sanguino,1747,druid,balance,101,61,40
Chimmi,ragnaros,1747,druid,balance,84,44,40
Doublesunday,thrall,1747,druid,balance,63,33,30
Ðréws,ravencrest,1745,druid,balance,42,29,13
Bolaballen,stormscale,1745,druid,balance,57,38,19
Stinkyicky,sylvanas,1745,druid,balance,89,59,30
Malaprljavca,kazzak,1745,druid,balance,120,72,48
Obsessíon,kazzak,1745,druid,balance,95,57,38
Wootbeam,silvermoon,1745,druid,balance,66,39,27
Kylaaz,die-ewige-wacht,1745,druid,balance,183,104,79
Zkrd,kazzak,1745,druid,balance,67,35,32
Babynaty,ravencrest,1745,druid,balance,188,91,97
Ñêkø,ravencrest,1743,druid,balance,72,47,25
Págánxø,kazzak,1743,druid,balance,53,34,19
Senoxia,antonidas,1743,druid,balance,54,34,20
Naraia,aegwynn,1743,druid,balance,46,24,22
Dreathqt,twisting-nether,1742,druid,balance,114,55,59
Azurai,blackmoore,1739,druid,balance,126,71,55
Ashleyx,antonidas,1738,druid,balance,36,30,6
Nuqa,thrall,1738,druid,balance,45,29,16
Tshungubuäch,eredar,1737,druid,balance,54,37,17
Pewpewflap,kazzak,1737,druid,balance,125,73,52
Ахахахахахх,soulflayer,1737,druid,balance,178,99,79
Nevax,blackrock,1736,druid,balance,30,21,9
Hollymedx,blackmoore,1736,druid,balance,110,67,43
Fuzzylol,haomarush,1736,druid,balance,41,24,17
Hotsincee,stormscale,1736,druid,balance,181,100,81
Haanook,ravencrest,1736,druid,balance,219,117,102
Ccoco,aegwynn,1735,druid,balance,108,53,55
Gallokiriko,zuljin,1734,druid,balance,147,72,75
Sakkrethd,hyjal,1733,druid,balance,36,23,13
Alethorn,twisting-nether,1733,druid,balance,106,66,40
Djsnigel,stormscale,1733,druid,balance,83,46,37
Notsikaan,blackhand,1731,druid,balance,49,24,25
Utiniutini,thrall,1730,druid,balance,117,68,49
Symbiosa,silvermoon,1729,druid,balance,111,70,41
Мэдикейт,soulflayer,1727,druid,balance,135,76,59
Cptnclone,blackmoore,1727,druid,balance,96,52,44
Ахисса,gordunni,1727,druid,balance,78,37,41
Drulier,doomhammer,1726,druid,balance,108,67,41
Twerkdabooty,azjolnerub,1725,druid,balance,42,27,15
Catsareevil,silvermoon,1724,druid,balance,56,33,23
Bashfui,draenor,1724,druid,balance,228,126,102
Gorthunx,kazzak,1723,druid,balance,146,88,58
Tâliah,silvermoon,1723,druid,balance,84,50,34
Муниня,gordunni,1723,druid,balance,108,64,44
Nexirøs,hyjal,1722,druid,balance,116,74,42
Píøøx,tarren-mill,1722,druid,balance,84,53,31
Oommis,outland,1722,druid,balance,48,28,20
Cowgurl,stormscale,1722,druid,balance,78,41,37
Pwnylol,teldrassil,1721,druid,balance,70,46,24
Goldencat,blackhand,1721,druid,balance,96,50,46
Blood,frostwolf,1720,druid,balance,90,48,42
Iamobito,blackmoore,1719,druid,balance,42,24,18
Kalgarm,burning-legion,1719,druid,balance,66,29,37
Clonecity,ravencrest,1718,druid,balance,30,24,6
Navex,blackrock,1718,druid,balance,24,18,6
Canezmvp,blackrock,1718,druid,balance,36,21,15
Moonasiahn,hyjal,1718,druid,balance,84,45,39
Nyndrà,archimonde,1717,druid,balance,195,92,103
Kiluavi,argent-dawn,1716,druid,balance,30,19,11
Kartaorange,stormscale,1716,druid,balance,95,54,41
Maelkan,sanguino,1716,druid,balance,215,116,99
Kubzii,archimonde,1716,druid,balance,171,92,79
Blownaway,outland,1715,druid,balance,62,37,25
Khålêd,kazzak,1714,druid,balance,52,38,14
Chäz,sanguino,1714,druid,balance,104,67,37
Opathecool,bladefist,1714,druid,balance,71,44,27
Yapyapyapyap,eredar,1713,druid,balance,42,25,17
Hælìñgtøúçh,ysondre,1713,druid,balance,51,28,23
Ymagyne,frostmane,1713,druid,balance,50,27,23
Wykked,outland,1713,druid,balance,66,33,33
Pradasurge,ravencrest,1712,druid,balance,179,99,80
Jamzydruid,kazzak,1712,druid,balance,108,57,51
Владибой,gordunni,1712,druid,balance,36,18,18
Zeaba,ravencrest,1711,druid,balance,24,18,6
Сансплэш,lich-king,1711,druid,balance,68,45,23
Мурдермашин,deathguard,1711,druid,balance,269,140,129
Scars,outland,1710,druid,balance,30,18,12
Rootalot,blackrock,1710,druid,balance,54,31,23
Rassia,blackrock,1709,druid,balance,84,54,30
Mirâculixx,dethecus,1708,druid,balance,42,25,17
Bloomly,tarren-mill,1708,druid,balance,134,73,61
Kørra,dun-modr,1707,druid,balance,73,42,31
Xyzy,burning-legion,1707,druid,balance,167,83,84
Bákhar,kazzak,1707,druid,balance,54,26,28
Løo,archimonde,1706,druid,balance,44,27,17
Thaeris,outland,1705,druid,balance,58,34,24
Asinistar,ravencrest,1705,druid,balance,86,45,41
Sitruu,zenedar,1704,druid,balance,48,28,20
Leywä,drekthar,1703,druid,balance,47,28,19
Gelubaboom,ravencrest,1703,druid,balance,36,21,15
Leqt,ravencrest,1703,druid,balance,156,84,72
Whêylon,ragnaros,1703,druid,balance,48,24,24
Krustý,malganis,1703,druid,balance,36,18,18
Quoting,ravencrest,1703,druid,balance,53,26,27
Nerfmemaybe,blackmoore,1702,druid,balance,29,20,9
Zì,stormscale,1702,druid,balance,102,58,44
Yuhor,outland,1702,druid,balance,202,107,95
Ròb,magtheridon,1702,druid,balance,78,39,39
Hyunâ,dalaran,1701,druid,balance,60,38,22
Хрофт,blackscar,1701,druid,balance,99,48,51
Neufcinqq,archimonde,1700,druid,balance,39,26,13
Brooklynzoo,ravencrest,1699,druid,balance,24,18,6
Deßradator,stormscale,1699,druid,balance,48,31,17
Колтрэйнх,fordragon,1699,druid,balance,54,29,25
Ноунэймбич,blackscar,1699,druid,balance,44,23,21
Duckiethotx,twisting-nether,1698,druid,balance,42,23,19
Ploho,blackmoore,1698,druid,balance,45,23,22
Zerozerosex,archimonde,1698,druid,balance,72,34,38
Shaakm,nerathor,1697,druid,balance,66,40,26
Lililili,archimonde,1697,druid,balance,133,80,53
Winarchikxxl,tarren-mill,1697,druid,balance,247,133,114
Raykk,culte-de-la-rive-noire,1696,druid,balance,30,18,12
Kolt,rajaxx,1695,druid,balance,139,79,60
Bubadruid,silvermoon,1694,druid,balance,71,50,21
Sinalûlz,outland,1694,druid,balance,30,18,12
Baboss,chogall,1693,druid,balance,122,65,57
Mnt,pozzo-delleternità,1692,druid,balance,36,22,14
Корбэндетка,deepholm,1692,druid,balance,76,42,34
Suprachybre,arathi,1691,druid,balance,54,35,19
Nastyclones,kazzak,1691,druid,balance,36,21,15
Swagattori,sylvanas,1690,druid,balance,38,23,15
Mørshac,blackrock,1690,druid,balance,72,42,30
Mendorin,stormrage,1690,druid,balance,123,66,57
Nzmdruid,burning-legion,1689,druid,balance,36,21,15
Npml,tarren-mill,1689,druid,balance,150,79,71
Jaiyen,ravencrest,1688,druid,balance,88,54,34
Néxct,stormscale,1688,druid,balance,36,22,14
Rapunzel,eredar,1688,druid,balance,36,20,16
Jeaylqt,archimonde,1687,druid,balance,33,21,12
Mîrxy,outland,1687,druid,balance,36,22,14
Gnoobr,ravencrest,1686,druid,balance,24,18,6
Храш,gordunni,1686,druid,balance,35,22,13
Nergi,darksorrow,1686,druid,balance,53,31,22
Cyriaan,eredar,1686,druid,balance,101,55,46
Justtrollîng,twisting-nether,1685,druid,balance,71,42,29
Арадия,gordunni,1685,druid,balance,137,65,72
Featherfeet,kazzak,1684,druid,balance,84,43,41
Бамболони,gordunni,1683,druid,balance,181,105,76
Avimoo,tarren-mill,1683,druid,balance,54,31,23
Saqartvelo,tarren-mill,1682,druid,balance,90,51,39
Philyoo,blackhand,1682,druid,balance,54,25,29
Kajhan,silvermoon,1681,druid,balance,90,54,36
Boompjeh,chamber-of-aspects,1681,druid,balance,30,18,12
Mäismz,hyjal,1680,druid,balance,54,37,17
Svend,kazzak,1680,druid,balance,83,49,34
Porzi,eredar,1679,druid,balance,112,67,45
Fantastix,silvermoon,1679,druid,balance,84,46,38
Nizkul,dun-modr,1678,druid,balance,103,56,47
Moonfirecow,thrall,1678,druid,balance,114,61,53
ßoom,antonidas,1678,druid,balance,232,119,113
Соникдогх,gordunni,1677,druid,balance,54,32,22
Xora,aegwynn,1676,druid,balance,67,38,29
Grisdrood,ragnaros,1676,druid,balance,137,74,63
Masakrelol,sanguino,1676,druid,balance,44,22,22
Óffstér,kazzak,1676,druid,balance,96,35,61
Owenwilson,twisting-nether,1675,druid,balance,60,35,25
Dotclass,outland,1675,druid,balance,44,25,19
Damöb,ravencrest,1675,druid,balance,60,32,28
Diazepam,draenor,1674,druid,balance,54,36,18
Ларунс,blackscar,1674,druid,balance,59,34,25
Wildrice,blackhand,1674,druid,balance,65,37,28
Djbéámgódx,ravencrest,1674,druid,balance,75,36,39
Obrys,tarren-mill,1674,druid,balance,60,28,32
Ryuzu,aegwynn,1673,druid,balance,85,50,35
Мягкийвисп,howling-fjord,1672,druid,balance,108,57,51
Starcrash,amanthul,1672,druid,balance,102,53,49
Amhro,ragnaros,1671,druid,balance,78,50,28
Sodapop,aszune,1671,druid,balance,191,109,82
Bigbaddream,stormscale,1671,druid,balance,77,40,37
Антошкапро,howling-fjord,1671,druid,balance,60,29,31
Legyna,ravencrest,1670,druid,balance,129,69,60
Bigwurst,tarren-mill,1670,druid,balance,41,21,20
Gstahr,taerar,1669,druid,balance,136,75,61
Фигарофигаро,gordunni,1669,druid,balance,136,71,65
Happybear,outland,1668,druid,balance,81,60,21
Gotnaga,silvermoon,1668,druid,balance,54,32,22
Директорх,blackscar,1667,druid,balance,42,25,17
Thundruid,archimonde,1667,druid,balance,53,29,24
Sykzd,hyjal,1666,druid,balance,30,21,9
Worsteux,blackrock,1666,druid,balance,55,35,20
Femboygodx,blackmoore,1665,druid,balance,42,26,16
Мэдикейт,gordunni,1665,druid,balance,90,49,41
Nönö,tarren-mill,1665,druid,balance,48,25,23
Zeptune,tarren-mill,1665,druid,balance,191,91,100
Beefsteaxs,thrall,1664,druid,balance,70,49,21
Кектахан,soulflayer,1664,druid,balance,36,23,13
Fapmasterx,eredar,1664,druid,balance,36,23,13
Dabudi,kazzak,1664,druid,balance,157,90,67
Thardruid,stormscale,1664,druid,balance,77,43,34
Youngdinozzo,dalaran,1663,druid,balance,41,26,15
Abercrombx,thrall,1663,druid,balance,86,52,34
Phatbushy,silvermoon,1663,druid,balance,93,51,42
Gløbal,antonidas,1662,druid,balance,71,42,29
Randyxo,blackhand,1661,druid,balance,30,20,10
Treepoloski,stormscale,1661,druid,balance,69,41,28
Moffwastaken,kazzak,1661,druid,balance,231,118,113
Uptoyou,defias-brotherhood,1660,druid,balance,161,91,70
Shapeshift,sanguino,1659,druid,balance,62,34,28
Suevlaki,ragnaros,1658,druid,balance,108,68,40
Møømøø,tarren-mill,1658,druid,balance,30,18,12
Dikc,twisting-nether,1657,druid,balance,24,21,3
Risuoksa,tarren-mill,1657,druid,balance,33,22,11
Зенза,howling-fjord,1656,druid,balance,72,40,32
Buffmeplz,medivh,1655,druid,balance,36,23,13
Strix,dun-modr,1655,druid,balance,95,45,50
Zwierzyniec,jaedenar,1654,druid,balance,36,26,10
Holziger,azshara,1654,druid,balance,70,41,29
Mahwi,das-konsortium,1653,druid,balance,36,24,12
Sequisha,tarren-mill,1653,druid,balance,40,24,16
Leathy,eredar,1653,druid,balance,115,67,48
Ibuyicecream,outland,1653,druid,balance,184,103,81
Devióus,twilights-hammer,1653,druid,balance,41,18,23
Tôurnesol,khaz-modan,1652,druid,balance,188,108,80
Møønhorn,nemesis,1652,druid,balance,238,126,112
Shreedex,blackmoore,1651,druid,balance,66,41,25
Yabooni,ravencrest,1650,druid,balance,78,47,31
Naicy,khaz-modan,1650,druid,balance,48,27,21
Pewpewdruid,blackmoore,1650,druid,balance,144,79,65
Noballz,blackhand,1650,druid,balance,64,34,30
Trinket,frostmane,1649,druid,balance,48,33,15
Borderliner,blackrock,1649,druid,balance,86,51,35
Anabola,frostwhisper,1649,druid,balance,42,24,18
Troc,karazhan,1648,druid,balance,30,21,9
Highonfire,grim-batol,1648,druid,balance,66,43,23
Macron,terokkar,1648,druid,balance,70,38,32
Louieform,outland,1647,druid,balance,42,27,15
Fatfingerx,blackrock,1647,druid,balance,42,23,19
Frikolina,outland,1647,druid,balance,176,93,83
Eärendir,ravencrest,1647,druid,balance,357,186,171
Sefinana,malganis,1647,druid,balance,207,105,102
Gurudru,tarren-mill,1647,druid,balance,156,76,80
Gibsx,blackmoore,1646,druid,balance,48,33,15
Жизэ,galakrond,1646,druid,balance,86,52,34
Celitharion,tarren-mill,1646,druid,balance,54,32,22
Grisdrood,draenor,1646,druid,balance,388,196,192
Ayamiss,outland,1645,druid,balance,42,25,17
Санлесс,howling-fjord,1645,druid,balance,54,32,22
Cráfty,blackrock,1644,druid,balance,73,50,23
Elfsu,ravencrest,1644,druid,balance,221,124,97
Veyronn,burning-legion,1644,druid,balance,102,54,48
Øffroadz,blackmoore,1643,druid,balance,30,20,10
Kittenmitten,ragnaros,1643,druid,balance,136,79,57
Redlung,outland,1642,druid,balance,36,23,13
Milantu,antonidas,1642,druid,balance,30,18,12
Çhîñêséðrüîð,kazzak,1642,druid,balance,43,22,21
Krathar,kazzak,1642,druid,balance,95,40,55
Frodds,grim-batol,1641,druid,balance,117,75,42
Cyclønegodxd,dentarg,1641,druid,balance,105,65,40
Woodzey,sylvanas,1641,druid,balance,60,35,25
Sanaponic,burning-legion,1641,druid,balance,70,39,31
Ogx,blackmoore,1641,druid,balance,36,19,17
Elatadru,silvermoon,1641,druid,balance,51,25,26
Xoap,kazzak,1640,druid,balance,30,21,9
Topfrag,outland,1640,druid,balance,83,45,38
Хотдиллер,howling-fjord,1639,druid,balance,30,20,10
Drutro,hellfire,1639,druid,balance,54,27,27
Albás,kazzak,1638,druid,balance,48,35,13
Meganfoxdq,sanguino,1638,druid,balance,82,53,29
Kikïnøu,garona,1638,druid,balance,48,27,21
Druidka,grim-batol,1638,druid,balance,99,52,47
Kungbore,draenor,1636,druid,balance,36,25,11
Chelsealeart,frostmane,1636,druid,balance,102,62,40
Druidflight,ravencrest,1636,druid,balance,60,34,26
Ånåphorå,archimonde,1636,druid,balance,45,25,20
Derfaï,kaelthas,1636,druid,balance,41,21,20
Cøw,doomhammer,1635,druid,balance,78,42,36
Däkk,draenor,1635,druid,balance,118,62,56
Сибирячечка,greymane,1635,druid,balance,164,85,79
Liften,blackhand,1635,druid,balance,72,37,35
Deví,twilights-hammer,1634,druid,balance,48,30,18
Gsix,blackrock,1634,druid,balance,42,24,18
Niul,aegwynn,1634,druid,balance,172,98,74
Bobcup,tarren-mill,1634,druid,balance,97,55,42
Naturalbeef,argent-dawn,1634,druid,balance,40,22,18
Beamgødx,thrall,1633,druid,balance,28,19,9
Pëchy,aggra-português,1633,druid,balance,72,43,29
Hottiish,stormscale,1633,druid,balance,98,53,45
Schannine,archimonde,1633,druid,balance,144,76,68
Cowxoxo,twisting-nether,1633,druid,balance,78,37,41
Ittei,korgall,1632,druid,balance,42,27,15
Alessàsavage,nemesis,1632,druid,balance,42,20,22
Cihoyw,ragnaros,1631,druid,balance,29,19,10
Strinx,ragnaros,1631,druid,balance,129,81,48
Felysae,kazzak,1630,druid,balance,24,17,7
Klßa,grim-batol,1630,druid,balance,30,21,9
Dabär,mannoroth,1630,druid,balance,60,36,24
Løgbjørnen,tarren-mill,1630,druid,balance,40,24,16
Feralenjoyer,drakthul,1630,druid,balance,30,17,13
Ykg,twisting-nether,1630,druid,balance,69,39,30
Dharli,stormscale,1628,druid,balance,186,91,95
Сицилиец,galakrond,1627,druid,balance,48,32,16
Angrychicken,ravencrest,1627,druid,balance,62,39,23
Pikamoo,kazzak,1627,druid,balance,35,20,15
Horadruid,silvermoon,1627,druid,balance,343,184,159
Mokujiin,burning-blade,1627,druid,balance,45,24,21
Scamlafsen,ragnaros,1627,druid,balance,48,25,23
Luckerdog,tarren-mill,1627,druid,balance,112,54,58
Fâucon,eitrigg,1626,druid,balance,40,27,13
Deny,stormreaver,1626,druid,balance,71,43,28
Fluffypawz,shattered-hand,1626,druid,balance,42,25,17
Valoruk,ravencrest,1626,druid,balance,57,29,28
Cupoftea,drakthul,1625,druid,balance,144,82,62
Hïrøshïmå,malganis,1625,druid,balance,122,64,58
Amøveo,draenor,1625,druid,balance,48,25,23
Bigbrrd,outland,1625,druid,balance,47,24,23
Disclaimed,twisting-nether,1624,druid,balance,74,44,30
Сложныйдруид,howling-fjord,1624,druid,balance,82,46,36
Бонинайтх,gordunni,1624,druid,balance,36,20,16
Saltymoo,tarren-mill,1624,druid,balance,95,52,43
Pjuske,silvermoon,1624,druid,balance,48,26,22
Kkona,silvermoon,1624,druid,balance,77,41,36
Polymorphler,theradras,1623,druid,balance,72,32,40
Слоич,gordunni,1622,druid,balance,42,25,17
Pukkiakkella,burning-legion,1622,druid,balance,71,40,31
Druidïta,dun-modr,1622,druid,balance,48,24,24
Merfje,karazhan,1622,druid,balance,36,17,19
Kaïnak,dalaran,1621,druid,balance,66,33,33
Слоич,howling-fjord,1621,druid,balance,300,148,152
Kåmen,ravenholdt,1620,druid,balance,91,53,38
Thielyy,blackmoore,1620,druid,balance,90,49,41
Juvencus,twisting-nether,1620,druid,balance,36,19,17
Moonzysunzy,sylvanas,1620,druid,balance,36,17,19
Landesverrat,kazzak,1619,druid,balance,24,21,3
Lílpèëpgødx,archimonde,1619,druid,balance,24,17,7
Rosskemp,tarren-mill,1619,druid,balance,24,17,7
Modruid,eredar,1618,druid,balance,42,25,17
Damigjat,sylvanas,1618,druid,balance,221,126,95
Rain,kazzak,1618,druid,balance,41,23,18
Xenuss,kazzak,1618,druid,balance,48,26,22
Chángé,draenor,1617,druid,balance,91,57,34
Lörex,ravencrest,1617,druid,balance,37,23,14
Nareeik,tarren-mill,1617,druid,balance,30,18,12
Hashishi,grim-batol,1617,druid,balance,128,69,59
Ðelix,ysera,1616,druid,balance,74,45,29
Fabuboomy,blackrock,1616,druid,balance,30,17,13
Боблерсс,gordunni,1616,druid,balance,62,33,29
Куколдос,eversong,1615,druid,balance,30,20,10
Caddan,argent-dawn,1615,druid,balance,30,20,10
Xirbtihs,stormscale,1615,druid,balance,50,32,18
Rhaf,argent-dawn,1615,druid,balance,167,95,72
Мантоя,gordunni,1615,druid,balance,264,144,120
Degnosaur,outland,1615,druid,balance,54,29,25
Suitti,ravencrest,1614,druid,balance,35,23,12
Aliandrel,teldrassil,1614,druid,balance,102,66,36
Nizrã,archimonde,1614,druid,balance,37,22,15
Someóne,stormreaver,1614,druid,balance,66,37,29
Milkywáys,draenor,1614,druid,balance,264,134,130
Rivenx,ravencrest,1613,druid,balance,59,37,22
Gòrgoth,pozzo-delleternità,1613,druid,balance,48,26,22
Jamley,tarren-mill,1612,druid,balance,36,19,17
Бонони,booty-bay,1612,druid,balance,120,60,60
Kuraina,the-maelstrom,1612,druid,balance,42,21,21
Epicplays,sylvanas,1612,druid,balance,52,25,27
Zonsybtw,blackhand,1611,druid,balance,36,28,8
Rá,outland,1611,druid,balance,32,22,10
Newdudu,draenor,1611,druid,balance,93,52,41
Asimal,eredar,1610,druid,balance,24,17,7
Mianmar,silvermoon,1610,druid,balance,149,92,57
Itadorikun,silvermoon,1610,druid,balance,137,82,55
Ultrapoulet,archimonde,1610,druid,balance,30,17,13
Angelinax,silvermoon,1609,druid,balance,41,24,17
Wafflecat,outland,1609,druid,balance,36,21,15
Rode,magtheridon,1609,druid,balance,154,88,66
Ralffoosa,auchindoun,1609,druid,balance,65,36,29
Кашаган,howling-fjord,1609,druid,balance,248,137,111
Boomykush,twisting-nether,1608,druid,balance,86,48,38
Ashkaxx,ragnaros,1608,druid,balance,136,75,61
Ícekiss,hyjal,1607,druid,balance,42,29,13
Hiquien,silvermoon,1607,druid,balance,96,57,39
Huxleyys,draenor,1607,druid,balance,30,17,13
Doncy,ragnaros,1607,druid,balance,54,24,30
Sqoopy,tarren-mill,1606,druid,balance,36,27,9
Ryng,nagrand,1606,druid,balance,60,41,19
Smokahontas,kilrogg,1606,druid,balance,30,17,13
Mayfury,blackmoore,1605,druid,balance,24,17,7
Hillarious,blackmoore,1605,druid,balance,123,71,52
Tokitoc,archimonde,1605,druid,balance,122,66,56
Auches,argent-dawn,1605,druid,balance,42,22,20
Isylia,twisting-nether,1605,druid,balance,72,36,36
Emeraldhaze,sylvanas,1604,druid,balance,97,60,37
Bizle,stormscale,1604,druid,balance,53,28,25
Rachenketzy,stormscale,1604,druid,balance,42,19,23
Threesixnìne,dun-morogh,1604,druid,balance,71,30,41
Drufar,outland,1603,druid,balance,29,18,11
Bearcosby,burning-legion,1603,druid,balance,41,25,16
Maaw,tarren-mill,1603,druid,balance,60,35,25
Muhz,nathrezim,1603,druid,balance,134,73,61
Pansarbamse,outland,1603,druid,balance,98,51,47
Alamâ,madmortem,1603,druid,balance,48,21,27
Irfrayl,antonidas,1602,druid,balance,30,22,8
Sintdru,rexxar,1602,druid,balance,30,21,9
Insanexp,antonidas,1602,druid,balance,37,24,13
Posiqtdruid,nemesis,1602,druid,balance,84,51,33
Dematos,forscherliga,1602,druid,balance,114,68,46
Veijari,deathwing,1602,druid,balance,40,23,17
Myllymatti,frostwhisper,1602,druid,balance,42,23,19
Pento,aggra-português,1602,druid,balance,54,26,28
Nomilkforyou,steamwheedle-cartel,1601,druid,balance,63,39,24
Matpear,ravencrest,1601,druid,balance,42,21,21
Грандал,howling-fjord,1601,druid,balance,96,47,49
Aenrolz,hyjal,1600,druid,balance,30,21,9
Goom,rexxar,1600,druid,balance,214,124,90
Viverion,ravencrest,1600,druid,balance,141,77,64
Gentle,tarren-mill,1599,druid,balance,91,47,44
Wildanomaly,argent-dawn,1598,druid,balance,118,64,54
Anahots,silvermoon,1598,druid,balance,270,142,128
Bears,outland,1598,druid,balance,307,158,149
Bigtouch,draenor,1597,druid,balance,54,31,23
Blackfür,sylvanas,1597,druid,balance,176,91,85
Bøøstèdtréè,ravencrest,1597,druid,balance,144,74,70
Zonsy,twisting-nether,1597,druid,balance,60,28,32
Cieniuu,burning-legion,1595,druid,balance,56,42,14
Lillevän,tarren-mill,1594,druid,balance,48,27,21
Larryburns,nathrezim,1594,druid,balance,90,46,44
Vno,ravencrest,1593,druid,balance,30,22,8
Monkeynight,ambossar,1593,druid,balance,44,24,20
Empi,sanguino,1593,druid,balance,90,47,43
Deetaa,eredar,1591,druid,balance,30,18,12
Lxz,blackhand,1591,druid,balance,82,44,38
Pròtodrù,twisting-nether,1591,druid,balance,220,111,109
Ихет,gordunni,1590,druid,balance,121,75,46
Rwq,outland,1590,druid,balance,57,30,27
Mushröøms,nemesis,1590,druid,balance,59,28,31
Ôp,aegwynn,1589,druid,balance,65,31,34
Drugnag,blackmoore,1588,druid,balance,126,70,56
Silvix,blackrock,1588,druid,balance,125,66,59
Sonjin,burning-legion,1588,druid,balance,54,28,26
Truffleßuttr,kazzak,1587,druid,balance,30,17,13
Xä,bloodscalp,1587,druid,balance,159,86,73
Teddyxbear,nefarian,1587,druid,balance,42,22,20
Døttore,garona,1587,druid,balance,164,83,81
Knuffle,eredar,1586,druid,balance,105,62,43
Magnusson,shadowsong,1585,druid,balance,90,59,31
Notmyfriend,sylvanas,1585,druid,balance,106,62,44
Wísh,stormscale,1584,druid,balance,66,38,28
Izzi,arathor,1584,druid,balance,94,53,41
Lisbethqt,nemesis,1583,druid,balance,30,19,11
Esrín,the-maelstrom,1583,druid,balance,274,138,136
Catten,sylvanas,1582,druid,balance,36,21,15
Lastcroptol,dun-modr,1582,druid,balance,83,42,41
Malvakten,kazzak,1581,druid,balance,212,102,110
Hotdóts,outland,1580,druid,balance,30,20,10
Calambius,blackhand,1580,druid,balance,206,104,102
Гнетея,howling-fjord,1579,druid,balance,95,54,41
Kâllîsto,eredar,1579,druid,balance,74,37,37
Мариантус,greymane,1578,druid,balance,145,72,73
Dámøn,stormscale,1577,druid,balance,42,22,20
Goüsta,archimonde,1576,druid,balance,66,38,28
Ïæzêrçhîçkén,sylvanas,1575,druid,balance,42,20,22
Dëåd,zenedar,1574,druid,balance,24,17,7
Høtbøx,aegwynn,1574,druid,balance,75,41,34
Brainjuice,blackrock,1574,druid,balance,36,19,17
Gretl,blackrock,1574,druid,balance,84,43,41
Andjuga,doomhammer,1574,druid,balance,202,101,101
Shapeshiptur,argent-dawn,1573,druid,balance,83,46,37
Merawr,ravencrest,1573,druid,balance,129,66,63
Kittyexpress,arygos,1572,druid,balance,105,52,53
Ylmh,archimonde,1571,druid,balance,30,19,11
Elrroir,dun-modr,1571,druid,balance,72,41,31
Diggear,doomhammer,1570,druid,balance,36,24,12
Jaycutler,archimonde,1570,druid,balance,78,37,41
Dantet,the-maelstrom,1570,druid,balance,54,24,30
Bôoze,nathrezim,1569,druid,balance,36,19,17
Zlogic,tarren-mill,1568,druid,balance,30,17,13
Bruddanature,blackrock,1568,druid,balance,143,81,62
Chadru,magtheridon,1567,druid,balance,74,40,34
Elodìa,antonidas,1566,druid,balance,36,25,11
Стампид,blackscar,1566,druid,balance,290,157,133
Skadruid,blackmoore,1566,druid,balance,96,50,46
Ðrpressure,blackrock,1565,druid,balance,149,89,60
Зетзул,grom,1565,druid,balance,385,194,191
Lazerbinks,blackmoore,1563,druid,balance,35,22,13
Narkosha,kazzak,1563,druid,balance,92,57,35
Pitbull,archimonde,1562,druid,balance,114,58,56
Martinesämst,outland,1558,druid,balance,46,24,22
Czarnykocur,burning-legion,1556,druid,balance,142,81,61
Corrupthz,outland,1556,druid,balance,88,49,39
Diolives,stormscale,1556,druid,balance,78,40,38
Laødinay,hyjal,1556,druid,balance,78,39,39
Zabraim,blackhand,1555,druid,balance,36,22,14
Турбокалясик,gordunni,1555,druid,balance,73,41,32
Kittyperry,blackmoore,1555,druid,balance,57,30,27
Moonwatcher,blackrock,1555,druid,balance,355,186,169
Migami,nemesis,1555,druid,balance,72,36,36
Zenziidruid,blackhand,1554,druid,balance,39,23,16
Rédbull,outland,1554,druid,balance,148,81,67
Hållkäften,twisting-nether,1554,druid,balance,143,74,69
Àspro,hyjal,1554,druid,balance,96,47,49
Karyaga,tarren-mill,1554,druid,balance,45,20,25
Jungleghost,sylvanas,1553,druid,balance,91,48,43
Hibo,dun-modr,1552,druid,balance,66,35,31
Seysso,silvermoon,1551,druid,balance,248,127,121
Báco,dun-modr,1551,druid,balance,55,28,27
Wildmistake,argent-dawn,1550,druid,balance,35,17,18
Potatodru,ragnaros,1549,druid,balance,30,17,13
Krosanx,outland,1549,druid,balance,48,23,25
Tulleku,azjolnerub,1548,druid,balance,51,29,22
Slycey,eredar,1548,druid,balance,48,27,21
Грибомания,soulflayer,1548,druid,balance,35,18,17
Brujo,azjolnerub,1548,druid,balance,82,41,41
Feign,blackmoore,1548,druid,balance,79,38,41
Morphael,ravencrest,1547,druid,balance,45,27,18
Brokul,kazzak,1547,druid,balance,78,41,37
Duis,twilights-hammer,1547,druid,balance,124,64,60
Tylercatmeow,burning-legion,1546,druid,balance,54,28,26
Wildkin,twisting-nether,1546,druid,balance,134,69,65
Xaeia,aegwynn,1545,druid,balance,84,56,28
Erol,silvermoon,1545,druid,balance,61,39,22
Vodkavodkaa,tarren-mill,1545,druid,balance,82,45,37
Curzex,blackmoore,1545,druid,balance,42,19,23
Эрраптор,borean-tundra,1544,druid,balance,47,26,21
Saabeq,hyjal,1544,druid,balance,116,62,54
Tigerroll,kazzak,1544,druid,balance,66,30,36
Killforpakis,turalyon,1543,druid,balance,48,32,16
Fruntimmern,sylvanas,1543,druid,balance,48,28,20
Hotlife,ravencrest,1543,druid,balance,67,35,32
Nømat,defias-brotherhood,1541,druid,balance,237,133,104
Magiskeforme,draenor,1540,druid,balance,50,34,16
Seudoz,silvermoon,1540,druid,balance,60,37,23
Shaize,dalaran,1539,druid,balance,64,44,20
Болггар,gordunni,1539,druid,balance,65,39,26
Karuck,ravencrest,1539,druid,balance,172,90,82
Jebga,thrall,1539,druid,balance,97,49,48
Feralspîrît,outland,1539,druid,balance,168,84,84
Algír,argent-dawn,1539,druid,balance,107,53,54
Фонш,soulflayer,1538,druid,balance,50,26,24
Pawel,defias-brotherhood,1538,druid,balance,215,109,106
Кётре,ashenvale,1538,druid,balance,114,57,57
Sajah,outland,1538,druid,balance,40,19,21
Экстазиус,borean-tundra,1538,druid,balance,71,29,42
Pórts,kazzak,1537,druid,balance,60,30,30
Gibx,ravencrest,1536,druid,balance,36,20,16
Jazzme,aegwynn,1535,druid,balance,24,16,8
Spaceshift,magtheridon,1534,druid,balance,246,131,115
Miaszha,blackmoore,1534,druid,balance,62,33,29
Arecsne,turalyon,1534,druid,balance,157,79,78
Уэсериктх,blackscar,1534,druid,balance,36,18,18
Noou,aegwynn,1534,druid,balance,52,25,27
Slaughtér,stormscale,1533,druid,balance,72,44,28
Mortagua,kazzak,1533,druid,balance,53,30,23
Buurzalbai,drakthul,1532,druid,balance,155,79,76
Abbc,stormscale,1531,druid,balance,24,16,8
Ahylles,antonidas,1531,druid,balance,45,28,17
Szubotaj,ragnaros,1531,druid,balance,30,18,12
Ciaoxøxø,ragnaros,1531,druid,balance,142,78,64
Socialdistnc,silvermoon,1530,druid,balance,48,26,22
Daìs,dalaran,1530,druid,balance,48,26,22
Анестезий,soulflayer,1529,druid,balance,66,48,18
Bîte,blackmoore,1529,druid,balance,24,16,8
Meretrizx,kazzak,1529,druid,balance,36,19,17
Bopy,ravencrest,1528,druid,balance,30,17,13
Renzay,ysondre,1527,druid,balance,24,16,8
Inkibek,burning-blade,1527,druid,balance,155,90,65
Epidemic,argent-dawn,1526,druid,balance,67,37,30
Cyclonebroo,blackmoore,1525,druid,balance,34,22,12
Hauntie,kazzak,1524,druid,balance,72,43,29
Lasertipu,tarren-mill,1524,druid,balance,113,59,54
Òniz,hyjal,1523,druid,balance,48,33,15
Demonbalance,silvermoon,1523,druid,balance,100,58,42
Amoveo,argent-dawn,1523,druid,balance,74,39,35
Rystafarian,kazzak,1523,druid,balance,74,36,38
Kattepis,argent-dawn,1523,druid,balance,42,17,25
Seboom,outland,1522,druid,balance,123,69,54
Crackfat,stormscale,1521,druid,balance,52,34,18
Chillerin,draenor,1521,druid,balance,108,58,50
Boomzter,frostmane,1521,druid,balance,112,60,52
Kosmegpåøra,ravencrest,1521,druid,balance,54,24,30
Kbdd,outland,1521,druid,balance,54,24,30
Sofiadrood,stormreaver,1520,druid,balance,24,16,8
Massak,aegwynn,1520,druid,balance,37,24,13
Levéltetü,ragnaros,1520,druid,balance,30,18,12
Fluffeh,doomhammer,1519,druid,balance,54,34,20
Asrais,dun-modr,1519,druid,balance,72,38,34
Exca,stormscale,1519,druid,balance,54,28,26
Fransman,sylvanas,1517,druid,balance,68,32,36
Degentiuso,alakir,1516,druid,balance,72,46,26
Underlaay,kazzak,1515,druid,balance,24,16,8
Varunys,blackrock,1515,druid,balance,185,97,88
Wiligun,archimonde,1514,druid,balance,75,48,27
Coogee,malganis,1514,druid,balance,137,77,60
Druidboss,tarren-mill,1514,druid,balance,215,118,97
Ryhen,stormscale,1514,druid,balance,30,16,14
Cantdonothig,ravencrest,1514,druid,balance,327,167,160
Zevis,outland,1514,druid,balance,168,84,84
Syremark,silvermoon,1514,druid,balance,54,25,29
Shapeit,blackrock,1513,druid,balance,36,25,11
Birb,archimonde,1513,druid,balance,77,47,30
Trylune,blackmoore,1513,druid,balance,36,19,17
Delly,neptulon,1513,druid,balance,41,21,20
Jónahfalcon,draenor,1512,druid,balance,24,16,8
Lèafy,silvermoon,1511,druid,balance,43,26,17
Бадика,eversong,1511,druid,balance,110,62,48
Settembre,ragnaros,1511,druid,balance,104,53,51
Bareforms,medivh,1510,druid,balance,81,54,27
Raízun,blackmoore,1510,druid,balance,36,21,15
Rifthy,nemesis,1510,druid,balance,30,16,14
Tonutc,sanguino,1510,druid,balance,87,46,41
Kørn,drakthul,1510,druid,balance,98,49,49
Quellwell,outland,1510,druid,balance,48,22,26
Couleaf,stormscale,1509,druid,balance,66,44,22
Freakyo,blackrock,1509,druid,balance,59,32,27
Pyqmi,stormscale,1508,druid,balance,60,36,24
Stalkdro,elune,1508,druid,balance,33,18,15
Halouest,archimonde,1508,druid,balance,83,43,40
Хастла,galakrond,1508,druid,balance,72,37,35
Ddggss,ragnaros,1507,druid,balance,49,29,20
Killxhard,ravencrest,1507,druid,balance,36,19,17
Themitch,outland,1506,druid,balance,48,27,21
Жибка,howling-fjord,1506,druid,balance,56,31,25
Lyø,draenor,1506,druid,balance,154,85,69
Vongihkuhher,blackmoore,1505,druid,balance,30,16,14
Rowlet,twisting-nether,1505,druid,balance,213,109,104
Bagginston,nazjatar,1505,druid,balance,86,44,42
Bxxmkin,draenor,1504,druid,balance,42,27,15
Salvagã,outland,1503,druid,balance,24,16,8
Neshalry,blackhand,1503,druid,balance,57,32,25
Sløthy,uldum,1503,druid,balance,70,36,34
Оудин,blackscar,1502,druid,balance,79,47,32
Mehgyver,ravencrest,1500,druid,balance,43,23,20
Баттнэйкед,gordunni,1500,druid,balance,89,42,47
Shàarøn,archimonde,1499,druid,balance,52,36,16
Whythis,archimonde,1499,druid,balance,202,102,100
Ðiàblos,nemesis,1498,druid,balance,88,54,34
Insølitø,sanguino,1498,druid,balance,111,61,50
Animalcruelt,silvermoon,1498,druid,balance,74,40,34
Лунныйфилин,deathguard,1498,druid,balance,55,28,27
Ezkatka,ravencrest,1497,druid,balance,24,16,8
Karodoom,twisting-nether,1497,druid,balance,125,68,57
Shuffey,frostmane,1496,druid,balance,67,37,30
Sweetner,outland,1495,druid,balance,64,38,26
Belzara,sanguino,1495,druid,balance,116,64,52
Surps,ravencrest,1494,druid,balance,30,16,14
Cptsponksa,tarren-mill,1494,druid,balance,177,93,84
Carismatic,blackmoore,1494,druid,balance,224,116,108
Heejåe,archimonde,1494,druid,balance,59,29,30
Fabutwo,blackrock,1494,druid,balance,35,16,19
Tuwog,outland,1493,druid,balance,77,38,39
Milknosugar,tarren-mill,1493,druid,balance,53,23,30
Oxe,malganis,1492,druid,balance,24,19,5
Smuttán,frostmane,1492,druid,balance,24,17,7
Salvaga,outland,1492,druid,balance,47,27,20
Convokeboost,archimonde,1492,druid,balance,273,152,121
Tawaraki,outland,1491,druid,balance,245,130,115
Ассайоу,gordunni,1490,druid,balance,102,54,48
Mogi,pozzo-delleternità,1490,druid,balance,111,55,56
Nixhot,blackmoore,1490,druid,balance,70,32,38
Raszcal,blackhand,1489,druid,balance,46,27,19
Deepqt,kargath,1489,druid,balance,75,41,34
Mindruid,kazzak,1489,druid,balance,42,22,20
Ратататата,blackscar,1489,druid,balance,44,23,21
Telbo,ravencrest,1489,druid,balance,113,59,54
Усыильвиры,soulflayer,1489,druid,balance,54,28,26
Aetheris,varimathras,1489,druid,balance,98,48,50
Bogahcan,twisting-nether,1488,druid,balance,32,18,14
Rilak,nordrassil,1487,druid,balance,118,63,55
Brandyballix,twisting-nether,1487,druid,balance,186,92,94
Speegle,kazzak,1486,druid,balance,30,16,14
Rayðii,archimonde,1485,druid,balance,81,48,33
Урркке,soulflayer,1485,druid,balance,102,54,48
Smuktøs,twisting-nether,1484,druid,balance,63,43,20
Penìsdetable,argent-dawn,1484,druid,balance,27,18,9
Arkatt,outland,1482,druid,balance,36,24,12
Boomalot,auchindoun,1481,druid,balance,64,36,28
Wombati,blackrock,1481,druid,balance,80,41,39
Drineh,ravencrest,1480,druid,balance,30,17,13
Rât,blackmoore,1478,druid,balance,54,36,18
Paulskinbak,tarren-mill,1478,druid,balance,54,29,25
Wize,pozzo-delleternità,1478,druid,balance,110,56,54
Bjærky,silvermoon,1477,druid,balance,74,49,25
Aurwen,silvermoon,1477,druid,balance,55,30,25
Nujus,kazzak,1477,druid,balance,36,18,18
Snoxy,wrathbringer,1477,druid,balance,65,32,33
Mercander,draenor,1477,druid,balance,41,18,23
Niggler,magtheridon,1476,druid,balance,160,84,76
Rikiform,ravencrest,1476,druid,balance,59,30,29
Onè,blackhand,1475,druid,balance,36,21,15
Maddixx,outland,1475,druid,balance,104,53,51
Manuka,argent-dawn,1475,druid,balance,90,45,45
Meuhtéki,hyjal,1473,druid,balance,24,16,8
Dingeren,stormscale,1473,druid,balance,30,19,11
Tôrmêñtêd,outland,1473,druid,balance,35,16,19
Mahist,archimonde,1472,druid,balance,66,38,28
Whiskers,emerald-dream,1472,druid,balance,90,45,45
Majokz,ravencrest,1472,druid,balance,110,52,58
Imaduck,silvermoon,1471,druid,balance,97,49,48
Ðämøñæ,drekthar,1470,druid,balance,93,45,48
Джоннчек,gordunni,1469,druid,balance,64,41,23
Prinzfarming,mugthol,1469,druid,balance,57,29,28
Wallaar,ragnaros,1469,druid,balance,102,46,56
Reed,sylvanas,1469,druid,balance,36,16,20
Traplordgen,outland,1468,druid,balance,33,18,15
Healol,sanguino,1468,druid,balance,99,52,47
Lollipopz,ravencrest,1466,druid,balance,36,20,16
Toffyfee,anetheron,1464,druid,balance,68,47,21
Pfandmalle,blackrock,1464,druid,balance,36,24,12
Unknownhero,kazzak,1464,druid,balance,40,19,21
Winnysfanboy,outland,1463,druid,balance,30,16,14
Vaizier,defias-brotherhood,1462,druid,balance,125,63,62
Druidere,outland,1461,druid,balance,106,56,50
Chansnax,thrall,1461,druid,balance,82,42,40
Екфта,gordunni,1461,druid,balance,108,55,53
Meatwallet,defias-brotherhood,1460,druid,balance,47,27,20
Inghlo,blackmoore,1460,druid,balance,64,36,28
Entas,kazzak,1459,druid,balance,36,24,12
Jöggel,perenolde,1459,druid,balance,48,29,19
Vrill,kazzak,1459,druid,balance,203,110,93
Primdâhl,ravencrest,1459,druid,balance,60,31,29
Arrakiz,sanguino,1458,druid,balance,89,58,31
Arrowfáx,kazzak,1458,druid,balance,84,48,36
Asterism,stormscale,1458,druid,balance,147,80,67
Ashirae,drakthul,1458,druid,balance,38,20,18
Fangornn,outland,1458,druid,balance,42,17,25
Yugene,dun-modr,1457,druid,balance,32,16,16
Rocknrollà,doomhammer,1457,druid,balance,42,19,23
Sojiz,outland,1456,druid,balance,33,23,10
Stêvé,silvermoon,1456,druid,balance,121,71,50
Dypas,chogall,1456,druid,balance,42,24,18
Drocos,genjuros,1456,druid,balance,59,33,26
Jmaz,outland,1456,druid,balance,33,17,16
Hulhorn,tarren-mill,1455,druid,balance,29,17,12
Verenai,bloodfeather,1454,druid,balance,36,24,12
Stormspirit,hellscream,1453,druid,balance,36,24,12
Jejoueferal,chogall,1453,druid,balance,186,95,91
Endoplazmik,silvermoon,1453,druid,balance,165,83,82
Кеорл,gordunni,1453,druid,balance,69,32,37
Aègon,ravencrest,1452,druid,balance,137,72,65
Fåtå,archimonde,1452,druid,balance,42,17,25
Wildthirst,darkspear,1451,druid,balance,24,19,5
Kuhgucci,blackmoore,1451,druid,balance,30,16,14
Yiradur,stormscale,1451,druid,balance,96,49,47
Eloomie,rexxar,1451,druid,balance,39,19,20
Malolepszy,burning-legion,1451,druid,balance,58,25,33
Gúccî,blackrock,1450,druid,balance,30,22,8
Ibêx,blackmoore,1450,druid,balance,36,22,14
Giaya,turalyon,1450,druid,balance,55,33,22
Callmev,hyjal,1449,druid,balance,28,24,4
Fûzzybear,ravencrest,1449,druid,balance,66,35,31
Opla,nethersturm,1448,druid,balance,58,34,24
Bigpopp,kazzak,1448,druid,balance,114,59,55
Wxw,stormscale,1448,druid,balance,36,17,19
Darlenee,kazzak,1447,druid,balance,62,33,29
Tongá,draenor,1447,druid,balance,66,34,32
Kénshin,blackhand,1447,druid,balance,90,42,48
Wizår,outland,1446,druid,balance,24,16,8
Käldorei,lightbringer,1446,druid,balance,30,16,14
Psycloniac,ravencrest,1446,druid,balance,36,19,17
Hunterkiller,azjolnerub,1446,druid,balance,42,21,21
Owlcápown,ravencrest,1446,druid,balance,36,18,18
Syurn,sanguino,1445,druid,balance,30,18,12
Bëndover,uldaman,1445,druid,balance,42,25,17
Chúcky,twisting-nether,1445,druid,balance,139,76,63
Fruitdealer,antonidas,1444,druid,balance,78,42,36
Leechers,silvermoon,1444,druid,balance,72,29,43
Madx,dalaran,1443,druid,balance,39,25,14
Овероний,soulflayer,1443,druid,balance,79,45,34
Weregoon,blackmoore,1443,druid,balance,165,83,82
Iskaarjx,archimonde,1442,druid,balance,47,27,20
Buttkin,outland,1442,druid,balance,36,17,19
Buikstuk,kilrogg,1441,druid,balance,42,28,14
Dudana,argent-dawn,1441,druid,balance,48,29,19
Smøuler,sanguino,1441,druid,balance,57,30,27
Téddý,tarren-mill,1440,druid,balance,54,28,26
Everdud,tarren-mill,1439,druid,balance,36,23,13
Guthíx,silvermoon,1439,druid,balance,102,48,54
Sycraim,zirkel-des-cenarius,1438,druid,balance,24,15,9
Jatto,magtheridon,1438,druid,balance,36,20,16
Akifumi,archimonde,1438,druid,balance,50,27,23
Snedden,silvermoon,1438,druid,balance,91,46,45
Requinymph,ravencrest,1438,druid,balance,52,26,26
Mcbobb,ravencrest,1438,druid,balance,59,26,33
Flee,thrall,1437,druid,balance,18,15,3
Elfruidus,chogall,1436,druid,balance,30,22,8
Chrevarraige,saurfang,1436,druid,balance,363,188,175
Shumkott,kazzak,1436,druid,balance,34,16,18
Betobalance,blackmoore,1435,druid,balance,18,15,3
Mmlprox,burning-legion,1435,druid,balance,24,15,9
Néøu,archimonde,1434,druid,balance,24,15,9
Contrnahruk,kazzak,1433,druid,balance,18,15,3
Owolu,kelthuzad,1433,druid,balance,24,15,9
Urilmæ,blackmoore,1433,druid,balance,60,30,30
Bandinator,archimonde,1432,druid,balance,24,15,9
Kamzik,drakthul,1432,druid,balance,42,21,21
Restromide,ravencrest,1432,druid,balance,30,15,15
Tøyz,stormscale,1431,druid,balance,18,15,3
Píps,ravencrest,1431,druid,balance,24,15,9
Løö,archimonde,1431,druid,balance,24,15,9
Chouwa,korgall,1431,druid,balance,65,38,27
Yabbah,blackrock,1431,druid,balance,30,17,13
Dragonforcé,twisting-nether,1431,druid,balance,39,22,17
Xclonedotcom,aegwynn,1430,druid,balance,54,36,18
Кекичшрекич,soulflayer,1430,druid,balance,84,44,40
Ibnform,archimonde,1429,druid,balance,18,15,3
Elilith,auchindoun,1429,druid,balance,18,15,3
Мутаборец,howling-fjord,1429,druid,balance,140,86,54
Astralbody,auchindoun,1429,druid,balance,30,17,13
Kazuid,argent-dawn,1428,druid,balance,38,24,14
Vëgâñgøðx,ragnaros,1428,druid,balance,24,15,9
Fouser,shattered-hand,1428,druid,balance,36,17,19
Carebearlol,frostmane,1428,druid,balance,123,58,65
Murenito,nemesis,1428,druid,balance,118,51,67
Rrayed,kazzak,1427,druid,balance,76,49,27
Exilara,twisting-nether,1427,druid,balance,66,39,27
Cevto,drakthul,1427,druid,balance,60,33,27
Phesxd,sylvanas,1427,druid,balance,30,16,14
Wazam,kazzak,1426,druid,balance,58,38,20
Kriala,kazzak,1426,druid,balance,36,20,16
Saltilac,ragnaros,1426,druid,balance,72,39,33
Iamramen,blackmoore,1426,druid,balance,179,93,86
Yiriy,baelgun,1426,druid,balance,30,15,15
Drutiful,outland,1426,druid,balance,72,31,41
Вестхем,howling-fjord,1425,druid,balance,18,15,3
Littleneo,ambossar,1425,druid,balance,107,53,54
Drudd,hellscream,1425,druid,balance,47,20,27
Onemanzoo,drakthul,1424,druid,balance,96,54,42
Puppen,alakir,1423,druid,balance,66,35,31
Crazzimus,tarren-mill,1423,druid,balance,126,62,64
Garthel,sylvanas,1423,druid,balance,105,51,54
Moonpoxdru,nerathor,1422,druid,balance,24,15,9
Elødyn,nemesis,1422,druid,balance,36,21,15
Nøny,gorgonnash,1422,druid,balance,86,45,41
Megaball,sylvanas,1421,druid,balance,132,76,56
Fluffykin,defias-brotherhood,1421,druid,balance,54,31,23
Còwgummi,blackhand,1421,druid,balance,30,15,15
Petiteorange,archimonde,1420,druid,balance,24,16,8
Stárburst,auchindoun,1420,druid,balance,95,53,42
Малисеннта,gordunni,1420,druid,balance,42,21,21
Karolg,tyrande,1420,druid,balance,75,35,40
Катяблум,gordunni,1419,druid,balance,39,25,14
Xqtdruid,blackhand,1419,druid,balance,30,15,15
Kanataka,stormscale,1418,druid,balance,54,32,22
Harrasmoes,ravencrest,1418,druid,balance,50,27,23
Bøllemís,silvermoon,1418,druid,balance,50,25,25
Fishanchips,archimonde,1417,druid,balance,24,15,9
Kroaxs,draenor,1417,druid,balance,248,131,117
Cráck,nagrand,1417,druid,balance,58,30,28
Лардиан,gordunni,1417,druid,balance,30,15,15
Lyøñ,dun-modr,1417,druid,balance,35,16,19
Storpboom,drakthul,1416,druid,balance,114,65,49
Wasïro,zuljin,1416,druid,balance,66,30,36
Hashtagone,ysondre,1415,druid,balance,28,19,9
Mooyagisan,blackhand,1415,druid,balance,65,35,30
Губкобоб,galakrond,1415,druid,balance,58,31,27
Keynn,kazzak,1415,druid,balance,92,43,49
Шубаиздуба,howling-fjord,1413,druid,balance,78,42,36
Hypam,archimonde,1413,druid,balance,54,25,29
Quorn,pozzo-delleternità,1413,druid,balance,88,40,48
Vasilona,sanguino,1412,druid,balance,39,26,13
Мегасв,gordunni,1411,druid,balance,172,91,81
Artío,the-maelstrom,1411,druid,balance,193,101,92
Dao,aegwynn,1411,druid,balance,38,18,20
Forigiver,draenor,1410,druid,balance,30,19,11
Ххансолл,gordunni,1410,druid,balance,219,118,101
Tepni,ragnaros,1410,druid,balance,30,16,14
Anhoq,silvermoon,1410,druid,balance,198,102,96
Zhyra,arathor,1410,druid,balance,150,77,73
Кортанус,gordunni,1410,druid,balance,58,29,29
Nxee,tarren-mill,1409,druid,balance,48,30,18
Aastal,uldaman,1409,druid,balance,79,37,42
Ахелез,gordunni,1409,druid,balance,42,17,25
Dudmæster,blackmoore,1407,druid,balance,63,31,32
Krtt,tarren-mill,1407,druid,balance,217,105,112
Motry,tarren-mill,1406,druid,balance,37,20,17
Duskdawn,xavius,1406,druid,balance,72,35,37
Youdog,kazzak,1406,druid,balance,108,47,61
Malfurryon,drakthul,1405,druid,balance,42,29,13
Johnnybims,eredar,1405,druid,balance,24,15,9
Ziele,the-maelstrom,1405,druid,balance,70,36,34
Fanboij,kazzak,1405,druid,balance,36,16,20
Hashoar,archimonde,1404,druid,balance,24,15,9
Yaniayip,blackrock,1404,druid,balance,357,190,167
Lørdfæke,kazzak,1404,druid,balance,59,30,29
Коктявзер,deathweaver,1404,druid,balance,42,20,22
Heav,kiljaeden,1403,druid,balance,53,33,20
Ziouk,archimonde,1403,druid,balance,36,21,15
Rbgbear,blackhand,1403,druid,balance,59,32,27
Adelsten,tarren-mill,1403,druid,balance,57,26,31
Животноеыы,howling-fjord,1401,druid,balance,59,27,32
Hëstía,outland,1400,druid,balance,29,19,10
Sephir,shattrath,1400,druid,balance,78,42,36
Sheâ,nemesis,1400,druid,balance,246,129,117
Çãm,magtheridon,1399,druid,balance,24,16,8
Xyiz,ravencrest,1399,druid,balance,80,42,38
Âutumn,antonidas,1399,druid,balance,52,19,33
Qïx,outland,1398,druid,balance,27,16,11
Phanÿ,garona,1397,druid,balance,68,33,35
Ramgis,sanguino,1397,druid,balance,36,17,19
Kimba,onyxia,1395,druid,balance,162,87,75
Кулунхе,soulflayer,1394,druid,balance,96,57,39
Astarhot,cthun,1394,druid,balance,40,22,18
Hardruid,sanguino,1394,druid,balance,35,18,17
Koffee,archimonde,1393,druid,balance,48,27,21
Makoes,tarren-mill,1393,druid,balance,32,18,14
Gullíver,draenor,1393,druid,balance,103,54,49
Growhoof,kazzak,1393,druid,balance,66,34,32
Moler,hyjal,1391,druid,balance,103,56,47
Sháko,dun-modr,1391,druid,balance,62,30,32
Køßÿ,ysondre,1390,druid,balance,54,26,28
Kalàdin,ysondre,1390,druid,balance,50,19,31
Elonax,eredar,1389,druid,balance,67,39,28
Редмун,soulflayer,1389,druid,balance,122,62,60
Pantheraa,twisting-nether,1388,druid,balance,55,35,20
Алендор,deathguard,1388,druid,balance,60,33,27
Cowárd,blackmoore,1388,druid,balance,38,18,20
Ismackü,stormscale,1387,druid,balance,65,43,22
Layle,argent-dawn,1387,druid,balance,128,58,70
Fiomy,blackhand,1386,druid,balance,65,42,23
Stìck,archimonde,1386,druid,balance,89,48,41
Surgeshift,ravencrest,1386,druid,balance,72,28,44
Rayko,nemesis,1385,druid,balance,45,28,17
Hárty,tarren-mill,1384,druid,balance,86,47,39
Dmgtràsh,dun-modr,1383,druid,balance,23,15,8
Freefang,dun-modr,1383,druid,balance,24,15,9
Myex,exodar,1383,druid,balance,61,32,29
Chispiwini,cthun,1383,druid,balance,91,45,46
Stealthslash,the-maelstrom,1383,druid,balance,78,36,42
Zedapalha,aggra-português,1382,druid,balance,69,41,28
Catsgomeow,outland,1382,druid,balance,54,27,27
Proxyy,blackrock,1382,druid,balance,46,22,24
Drazefin,twisting-nether,1382,druid,balance,42,15,27
Bénjî,khazgoroth,1381,druid,balance,125,68,57
Mercmydude,ravencrest,1381,druid,balance,111,54,57
Angharradh,arthas,1380,druid,balance,36,18,18
Wainl,hyjal,1379,druid,balance,54,28,26
Lucidx,blackrock,1379,druid,balance,120,56,64
Nightingalee,stormscale,1379,druid,balance,54,24,30
Laylie,aegwynn,1379,druid,balance,47,20,27
Srkameltouss,sanguino,1378,druid,balance,24,17,7
Древогрут,howling-fjord,1378,druid,balance,25,17,8
Skywíng,stormscale,1378,druid,balance,60,26,34
Salseo,uldum,1377,druid,balance,72,46,26
Pavesino,nemesis,1377,druid,balance,30,18,12
Сейдр,grom,1377,druid,balance,48,16,32
Этъя,borean-tundra,1376,druid,balance,132,63,69
Rexiehunty,aszune,1376,druid,balance,59,28,31
Данилсахарок,soulflayer,1376,druid,balance,47,20,27
Duhdudu,thrall,1375,druid,balance,77,47,30
Ghunm,ragnaros,1375,druid,balance,37,20,17
Heinox,stormscale,1375,druid,balance,114,59,55
Cénârion,les-sentinelles,1375,druid,balance,53,27,26
Сэднхорни,howling-fjord,1375,druid,balance,66,32,34
Schneelol,outland,1374,druid,balance,66,33,33
Neri,shattered-hand,1374,druid,balance,46,23,23
Farmerone,tarren-mill,1373,druid,balance,102,57,45
Idk,blackhand,1373,druid,balance,74,38,36
Тёмныйзверь,borean-tundra,1373,druid,balance,84,43,41
Eziyet,blackrock,1372,druid,balance,84,42,42
Jarko,ysondre,1372,druid,balance,104,46,58
Soofiaa,ravencrest,1371,druid,balance,20,15,5
Neova,dun-modr,1371,druid,balance,57,29,28
Pø,blackrock,1371,druid,balance,59,26,33
Alterejuv,ravencrest,1371,druid,balance,66,29,37
Tugnann,stormscale,1370,druid,balance,31,20,11
Rinjindin,eredar,1370,druid,balance,102,54,48
Pelagius,ravencrest,1369,druid,balance,51,32,19
Mayhh,ragnaros,1369,druid,balance,143,79,64
Ilovedruid,forscherliga,1369,druid,balance,76,38,38
Patchlølx,blackmoore,1368,druid,balance,63,37,26
Fillet,aggra-português,1367,druid,balance,65,45,20
Pôpcorn,ragnaros,1367,druid,balance,76,45,31
Shìrò,kelthuzad,1367,druid,balance,84,42,42
Natoro,outland,1366,druid,balance,66,33,33
Chrîslol,twisting-nether,1366,druid,balance,103,49,54
Arreton,silvermoon,1365,druid,balance,22,15,7
Convoke,burning-legion,1365,druid,balance,76,34,42
Jeesman,sylvanas,1364,druid,balance,128,71,57
Kielorn,stormscale,1364,druid,balance,66,36,30
When,kirin-tor,1364,druid,balance,93,47,46
Матумбо,razuvious,1364,druid,balance,560,278,282
Gajani,stormscale,1364,druid,balance,35,17,18
Mytréx,sylvanas,1364,druid,balance,66,31,35
Jaile,burning-legion,1363,druid,balance,28,18,10
Heanra,frostmane,1363,druid,balance,35,22,13
Donutella,drakthul,1363,druid,balance,28,15,13
Pipima,kazzak,1363,druid,balance,72,37,35
Yungle,stormscale,1363,druid,balance,102,47,55
Moujr,draenor,1362,druid,balance,88,46,42
Druiddamage,the-maelstrom,1362,druid,balance,224,117,107
Toondog,doomhammer,1361,druid,balance,31,17,14
Yomosh,eredar,1361,druid,balance,85,44,41
Irishdemón,ravencrest,1360,druid,balance,90,47,43
Pfíirsich,blackmoore,1359,druid,balance,56,25,31
Oomhammer,darkspear,1358,druid,balance,28,15,13
Vulyr,outland,1358,druid,balance,190,98,92
Baracüda,draenor,1358,druid,balance,60,27,33
Wartôn,blackhand,1357,druid,balance,124,71,53
Cagaboliches,sanguino,1357,druid,balance,48,26,22
Catmøm,blackmoore,1357,druid,balance,94,47,47
Thepiemaker,silvermoon,1356,druid,balance,30,18,12
Амахасла,deathweaver,1356,druid,balance,67,38,29
Nyetoo,dun-modr,1355,druid,balance,85,38,47
Doruido,rashgarroth,1355,druid,balance,90,36,54
Narai,shadowsong,1354,druid,balance,60,33,27
Ennelle,silvermoon,1353,druid,balance,38,23,15
Endoth,blackrock,1352,druid,balance,38,20,18
Dudutrainer,blackmoore,1351,druid,balance,30,22,8
Buhuu,blackmoore,1351,druid,balance,183,92,91
Ketama,sylvanas,1350,druid,balance,67,33,34
Icetep,sargeras,1349,druid,balance,66,32,34
Convulsivez,silvermoon,1349,druid,balance,87,38,49
Doncaino,amanthul,1349,druid,balance,48,19,29
Lothadriel,sylvanas,1347,druid,balance,111,62,49
Feetpícs,ravencrest,1347,druid,balance,83,44,39
Meezy,ragnaros,1345,druid,balance,36,21,15
Uglydruid,drakthul,1345,druid,balance,192,104,88
Ymúmu,sanguino,1345,druid,balance,36,17,19
Bigpoppaz,tarren-mill,1345,druid,balance,54,25,29
Yshára,darkmoon-faire,1343,druid,balance,18,14,4
Rofyx,twisting-nether,1343,druid,balance,24,14,10
Broxisqt,blackrock,1343,druid,balance,24,14,10
Bolskigg,stormreaver,1343,druid,balance,54,26,28
Wenciorek,kazzak,1343,druid,balance,36,17,19
Applestrudle,blackrock,1343,druid,balance,73,32,41
Suppencaster,frostwolf,1342,druid,balance,18,14,4
Амераки,blackscar,1342,druid,balance,24,14,10
Weisslogia,aegwynn,1342,druid,balance,83,37,46
Schneéeule,blackrock,1342,druid,balance,36,15,21
Blackdrd,archimonde,1340,druid,balance,24,14,10
Cîalîs,blackmoore,1340,druid,balance,29,16,13
Darkillaa,anetheron,1340,druid,balance,77,40,37
Speedpoppin,defias-brotherhood,1340,druid,balance,30,14,16
Släshes,stormreaver,1339,druid,balance,30,18,12
Santoniq,dun-morogh,1339,druid,balance,162,79,83
Popadegril,draenor,1339,druid,balance,36,14,22
Nolak,frostwolf,1338,druid,balance,66,34,32
Claynoe,blackmoore,1337,druid,balance,27,15,12
Abadar,tarren-mill,1337,druid,balance,156,80,76
Kheleñ,blackrock,1336,druid,balance,20,14,6
Beefyglutes,moonglade,1336,druid,balance,24,14,10
Sasosins,ravencrest,1336,druid,balance,24,14,10
Illebra,defias-brotherhood,1336,druid,balance,24,14,10
Tonie,stormscale,1336,druid,balance,71,34,37
Reeves,lightbringer,1336,druid,balance,42,19,23
Tarantinonon,kazzak,1334,druid,balance,178,93,85
Zerofrenzy,hyjal,1334,druid,balance,291,138,153
Flukeyz,draenor,1333,druid,balance,24,14,10
Bærbell,blackrock,1332,druid,balance,48,26,22
Drrestospec,tarren-mill,1331,druid,balance,108,64,44
Soward,la-croisade-écarlate,1331,druid,balance,38,17,21
Merî,antonidas,1330,druid,balance,90,56,34
Barbielolz,archimonde,1330,druid,balance,24,14,10
Nëko,chamber-of-aspects,1330,druid,balance,59,23,36
Transformerr,silvermoon,1329,druid,balance,60,29,31
Lindémann,blackhand,1328,druid,balance,63,41,22
Mirikastiko,korgall,1328,druid,balance,24,14,10
Kâo,frostwolf,1328,druid,balance,24,14,10
Aik,gorgonnash,1328,druid,balance,102,46,56
Drmz,dalaran,1327,druid,balance,58,27,31
Bubak,deathwing,1325,druid,balance,24,14,10
Trol,malganis,1325,druid,balance,108,56,52
Альмазар,lich-king,1325,druid,balance,98,50,48
Tankis,dalaran,1324,druid,balance,137,81,56
Kazzeria,stormscale,1324,druid,balance,42,21,21
Ðãddy,ravencrest,1323,druid,balance,71,42,29
Nymå,outland,1322,druid,balance,30,14,16
Zhroomx,blackmoore,1322,druid,balance,56,25,31
Nefariz,dun-modr,1322,druid,balance,66,28,38
Revølter,kazzak,1321,druid,balance,76,35,41
Wherismygold,ravencrest,1320,druid,balance,109,52,57
Fey,stormrage,1320,druid,balance,65,27,38
Hisoca,tarren-mill,1319,druid,balance,120,63,57
Antiseptik,ysondre,1319,druid,balance,53,27,26
Piiti,burning-legion,1319,druid,balance,48,20,28
Keerook,blackmoore,1318,druid,balance,30,15,15
Bigdx,blackrock,1317,druid,balance,102,51,51
Hardí,tarren-mill,1316,druid,balance,102,51,51
Ooxx,rashgarroth,1316,druid,balance,75,32,43
Jokizy,burning-legion,1315,druid,balance,114,63,51
Bløødax,hyjal,1315,druid,balance,136,64,72
Fejgi,stormreaver,1314,druid,balance,48,29,19
Challi,nordrassil,1314,druid,balance,54,31,23
Zindaya,blades-edge,1314,druid,balance,38,20,18
Faqbàdi,twisting-nether,1313,druid,balance,30,14,16
Sethdr,hyjal,1312,druid,balance,29,16,13
Aryitu,blackrock,1312,druid,balance,68,35,33
Bulma,dun-modr,1312,druid,balance,48,23,25
Variolus,dun-modr,1312,druid,balance,54,25,29
Derrill,hellfire,1311,druid,balance,23,16,7
Jdogger,tarren-mill,1311,druid,balance,30,17,13
Астраджет,gordunni,1311,druid,balance,36,18,18
Irøñbârk,ravencrest,1311,druid,balance,30,14,16
Elekträ,ravencrest,1311,druid,balance,63,25,38
Albïnøs,arathi,1310,druid,balance,30,15,15
Hideinbushh,ravencrest,1309,druid,balance,20,15,5
Midnightwisp,blackhand,1309,druid,balance,55,30,25
Iupa,silvermoon,1309,druid,balance,159,85,74
Zzblaah,archimonde,1309,druid,balance,42,15,27
Putzé,blackrock,1308,druid,balance,41,20,21
Postmaclone,thrall,1306,druid,balance,27,15,12
Pánjav,draenor,1306,druid,balance,30,14,16
Suranaelle,argent-dawn,1305,druid,balance,79,43,36
Solarian,ravencrest,1304,druid,balance,42,26,16
Cubir,turalyon,1304,druid,balance,47,25,22
Yööi,nemesis,1304,druid,balance,30,14,16
Farodiin,blackmoore,1304,druid,balance,63,29,34
Bonza,agamaggan,1301,druid,balance,26,15,11
Venh,forscherliga,1301,druid,balance,75,42,33
Baz,nemesis,1301,druid,balance,30,16,14
Шадарлогот,gordunni,1300,druid,balance,90,52,38
Sazo,elune,1300,druid,balance,28,14,14
Swolecat,ravencrest,1300,druid,balance,29,14,15
Wtcseven,eredar,1300,druid,balance,42,20,22
Almrudi,blackrock,1299,druid,balance,72,29,43
Putitimoriri,pozzo-delleternità,1298,druid,balance,74,46,28
Wildthing,blackmoore,1298,druid,balance,86,45,41
Fossilfuel,ragnaros,1298,druid,balance,53,20,33
Zeifana,khaz-modan,1297,druid,balance,30,18,12
Doomkin,tichondrius,1297,druid,balance,52,26,26
Oiseth,tarren-mill,1297,druid,balance,78,36,42
Qoællj,dragonmaw,1297,druid,balance,36,15,21
Yolobolo,ragnaros,1295,druid,balance,23,14,9
Fallingmoon,ravencrest,1294,druid,balance,30,16,14
Voorhess,blackmoore,1294,druid,balance,64,29,35
Ayouftcala,ravencrest,1293,druid,balance,21,14,7
Bleati,silvermoon,1293,druid,balance,81,49,32
Melyo,blackmoore,1293,druid,balance,66,37,29
Tubi,darksorrow,1293,druid,balance,36,19,17
Druice,tyrande,1292,druid,balance,41,25,16
Soneka,ravencrest,1292,druid,balance,42,23,19
Razorleaf,turalyon,1292,druid,balance,42,19,23
Dancingrain,ravencrest,1292,druid,balance,35,15,20
Geizagobble,twisting-nether,1292,druid,balance,78,30,48
Larbre,dalaran,1289,druid,balance,67,45,22
Roroa,ravencrest,1289,druid,balance,27,14,13
Arenshimoon,kazzak,1289,druid,balance,54,27,27
Sokay,doomhammer,1289,druid,balance,114,52,62
Rullader,draenor,1288,druid,balance,66,39,27
Whísperclaw,ravencrest,1288,druid,balance,161,83,78
Совуф,ashenvale,1288,druid,balance,36,17,19
Батлграуннт,soulflayer,1288,druid,balance,60,20,40
Forestrun,sylvanas,1287,druid,balance,48,30,18
Lærken,the-maelstrom,1287,druid,balance,89,50,39
Epidruid,stormrage,1286,druid,balance,31,17,14
Quiksx,blackrock,1286,druid,balance,43,20,23
Ralokian,drakthul,1285,druid,balance,53,34,19
Jpxoxoq,blackhand,1285,druid,balance,39,19,20
Fäcker,blackhand,1283,druid,balance,60,32,28
Scottparker,sylvanas,1282,druid,balance,36,24,12
Fhi,antonidas,1281,druid,balance,48,26,22
Jabah,silvermoon,1280,druid,balance,24,18,6
Tekal,vashj,1280,druid,balance,36,20,16
Kunya,tarren-mill,1279,druid,balance,306,148,158
Medreas,argent-dawn,1278,druid,balance,95,59,36
Óok,outland,1278,druid,balance,33,16,17
Бульбион,gordunni,1277,druid,balance,48,27,21
Laaide,blackmoore,1277,druid,balance,48,20,28
Mascraxx,earthen-ring,1276,druid,balance,97,51,46
Jucie,twisting-nether,1276,druid,balance,59,29,30
Dereas,anetheron,1275,druid,balance,30,19,11
Kirïllx,silvermoon,1275,druid,balance,33,19,14
Droodfarm,hyjal,1275,druid,balance,70,37,33
Видди,soulflayer,1275,druid,balance,54,27,27
Kittyboomy,burning-blade,1275,druid,balance,75,33,42
Youngjin,ravencrest,1274,druid,balance,36,21,15
Leliaen,sylvanas,1274,druid,balance,36,15,21
Æîîs,blackrock,1273,druid,balance,163,82,81
Rektjin,stormscale,1273,druid,balance,42,17,25
Altix,blackmoore,1272,druid,balance,72,40,32
Àsúnâ,eredar,1272,druid,balance,42,15,27
Linsight,sanguino,1271,druid,balance,54,29,25
Crazywild,archimonde,1271,druid,balance,74,29,45
Àlec,silvermoon,1269,druid,balance,166,89,77
Taylorshift,argent-dawn,1268,druid,balance,23,14,9
Balzàc,ravencrest,1268,druid,balance,88,48,40
Vrillox,blackmoore,1268,druid,balance,33,15,18
Orious,dun-modr,1267,druid,balance,28,14,14
Maniek,defias-brotherhood,1267,druid,balance,42,19,23
Succee,stormscale,1266,druid,balance,249,128,121
Kommarübär,tirion,1266,druid,balance,48,20,28
Caltvalai,ravencrest,1265,druid,balance,28,14,14
Fortuma,eredar,1265,druid,balance,48,20,28
Semiflora,silvermoon,1264,druid,balance,70,33,37
Chugs,draenor,1263,druid,balance,52,27,25
Ваандри,gordunni,1262,druid,balance,36,22,14
Raxona,blackmoore,1262,druid,balance,24,14,10
Фераладзе,gordunni,1262,druid,balance,72,36,36
Petju,darksorrow,1262,druid,balance,48,21,27
Atbõs,stormscale,1261,druid,balance,35,18,17
Bambøué,khaz-modan,1260,druid,balance,24,14,10
Jenelin,silvermoon,1260,druid,balance,42,20,22
Freedomm,hyjal,1260,druid,balance,35,16,19
Frenkiej,pozzo-delleternità,1259,druid,balance,62,34,28
Achre,thunderhorn,1259,druid,balance,30,14,16
Hypnosoad,outland,1259,druid,balance,41,17,24
Hushorde,twisting-nether,1259,druid,balance,48,17,31
Croudo,ravencrest,1258,druid,balance,36,17,19
Bolinette,archimonde,1258,druid,balance,48,17,31
Braokhull,stormscale,1256,druid,balance,54,28,26
Raÿz,archimonde,1255,druid,balance,24,15,9
Нэйроуз,howling-fjord,1254,druid,balance,95,49,46
Mäo,sylvanas,1254,druid,balance,54,24,30
Vishin,kazzak,1253,druid,balance,137,77,60
Игрог,soulflayer,1252,druid,balance,71,34,37
Orchard,silvermoon,1251,druid,balance,46,28,18
Опаснокрасив,soulflayer,1250,druid,balance,48,28,20
Abbî,aegwynn,1249,druid,balance,66,44,22
Mööñ,hyjal,1249,druid,balance,37,20,17
Zuldram,uldaman,1249,druid,balance,29,14,15
Tygra,blackrock,1248,druid,balance,18,13,5
Månljuset,outland,1248,druid,balance,27,18,9
Adoodo,argent-dawn,1248,druid,balance,59,38,21
Hadoukan,ravencrest,1248,druid,balance,53,27,26
Tellurr,silvermoon,1247,druid,balance,18,13,5
Renewdex,thrall,1247,druid,balance,18,13,5
Laiquaril,ravencrest,1247,druid,balance,55,26,29
Bingbe,outland,1246,druid,balance,18,13,5
Mariss25076F,chogall,1246,druid,balance,30,18,12
Freedonnad,alleria,1246,druid,balance,29,17,12
Betol,das-konsortium,1246,druid,balance,32,18,14
Mazalot,kazzak,1246,druid,balance,25,14,11
Flippy,blackmoore,1246,druid,balance,217,106,111
Beutow,archimonde,1246,druid,balance,30,13,17
Xkirtach,dun-modr,1245,druid,balance,24,13,11
Djràkèâlòt,ravencrest,1244,druid,balance,18,13,5
Velnens,shattered-halls,1244,druid,balance,89,42,47
Kermit,die-aldor,1244,druid,balance,168,77,91
Eranor,archimonde,1243,druid,balance,18,13,5
Ateli,kazzak,1243,druid,balance,21,14,7
Лякокля,soulflayer,1243,druid,balance,69,38,31
Smittly,bloodhoof,1243,druid,balance,36,17,19
Guccicken,garona,1242,druid,balance,18,13,5
Shùrã,archimonde,1242,druid,balance,78,43,35
Zulrája,outland,1242,druid,balance,24,13,11
Clonorrhea,tarren-mill,1242,druid,balance,24,13,11
Spoco,defias-brotherhood,1242,druid,balance,34,18,16
Qumina,azjolnerub,1242,druid,balance,34,14,20
Rengár,blackrock,1241,druid,balance,18,13,5
Хоточник,gordunni,1241,druid,balance,126,64,62
Mlyzioz,ahnqiraj,1240,druid,balance,66,41,25
Füsselviech,frostwolf,1239,druid,balance,18,13,5
Nyrrh,blackmoore,1239,druid,balance,24,13,11
Dullbear,ravencrest,1239,druid,balance,24,13,11
Smilodon,blackrock,1239,druid,balance,30,13,17
Drujin,hellfire,1238,druid,balance,76,38,38
Xërxës,outland,1237,druid,balance,26,14,12
Prettyfunny,ravencrest,1236,druid,balance,18,13,5
Conn,ravencrest,1236,druid,balance,81,45,36
Zytherqt,thrall,1236,druid,balance,24,13,11
Lunarveil,draenor,1236,druid,balance,24,13,11
Woopi,blackrock,1236,druid,balance,30,13,17
Thyrena,argent-dawn,1236,druid,balance,86,37,49
Moosliman,kazzak,1235,druid,balance,24,13,11
Trollskee,draenor,1235,druid,balance,52,24,28
Мяурицао,howling-fjord,1233,druid,balance,113,62,51
Fakeztwo,eredar,1233,druid,balance,29,14,15
Makelsi,tarren-mill,1233,druid,balance,29,14,15
Thruf,nemesis,1233,druid,balance,54,23,31
Lendron,malygos,1233,druid,balance,35,14,21
Incont,nemesis,1232,druid,balance,147,85,62
Amici,eredar,1232,druid,balance,24,13,11
Tytankon,silvermoon,1232,druid,balance,115,52,63
Herns,kazzak,1232,druid,balance,36,13,23
Veilath,tarren-mill,1230,druid,balance,24,13,11
Kizilbuka,ragnaros,1229,druid,balance,79,49,30
Noctilus,steamwheedle-cartel,1229,druid,balance,24,13,11
Lynysae,blackmoore,1229,druid,balance,24,13,11
Мунмунмун,gordunni,1229,druid,balance,43,19,24
Doggerz,aggra-português,1228,druid,balance,99,50,49
Oxox,defias-brotherhood,1227,druid,balance,25,14,11
Ckdruid,frostmane,1227,druid,balance,36,15,21
Ðoxi,draenor,1226,druid,balance,120,58,62
Polimorphism,tarren-mill,1226,druid,balance,78,32,46
Zaratras,arathor,1225,druid,balance,24,13,11
Maurana,sylvanas,1225,druid,balance,30,13,17
Teldrastion,silvermoon,1225,druid,balance,67,24,43
Idiomatic,stormreaver,1224,druid,balance,18,13,5
Trydru,blackmoore,1223,druid,balance,102,50,52
Zeldaa,antonidas,1223,druid,balance,93,43,50
Demizeub,archimonde,1221,druid,balance,297,142,155
Ritualofmoon,darkmoon-faire,1220,druid,balance,63,31,32
Gluqt,outland,1220,druid,balance,96,45,51
Астралъх,gordunni,1220,druid,balance,152,66,86
Asklepiøs,blackmoore,1218,druid,balance,24,13,11
Buzzlîghtyea,outland,1218,druid,balance,24,13,11
Eýesburn,silvermoon,1217,druid,balance,64,22,42
Søfiaa,argent-dawn,1216,druid,balance,149,84,65
ßalmain,nethersturm,1216,druid,balance,76,41,35
Leyarin,argent-dawn,1215,druid,balance,134,60,74
Holyconvoke,stormscale,1213,druid,balance,22,14,8
Zac,quelthalas,1211,druid,balance,24,13,11
Fantaclause,tarren-mill,1210,druid,balance,246,118,128
Ellordann,ravencrest,1208,druid,balance,32,17,15
Bearhúg,kazzak,1208,druid,balance,47,17,30
Jevcoh,area-52,1207,druid,balance,18,13,5
Пушистаялапа,blackscar,1206,druid,balance,40,23,17
Limmiited,ravencrest,1205,druid,balance,72,36,36
Kejî,blackrock,1203,druid,balance,36,14,22
Tílac,eredar,1202,druid,balance,24,13,11
Hengst,laughing-skull,1202,druid,balance,28,15,13
Zoozian,antonidas,1201,druid,balance,18,16,2
Dobradoonga,exodar,1201,druid,balance,51,28,23
Loum,blackrock,1201,druid,balance,42,18,24
Gardenstate,silvermoon,1200,druid,balance,48,29,19
Croquetoro,sanguino,1200,druid,balance,28,13,15
Terrays,the-maelstrom,1199,druid,balance,48,35,13
Lucianis,drakthul,1197,druid,balance,48,17,31
Herten,tarren-mill,1196,druid,balance,24,15,9
Malammore,burning-legion,1195,druid,balance,77,49,28
Ronî,arthas,1195,druid,balance,54,23,31
Киллиманжаро,howling-fjord,1194,druid,balance,182,87,95
Sarkophag,blackrock,1193,druid,balance,36,13,23
Litany,drakthul,1192,druid,balance,35,16,19
Trollisha,mannoroth,1191,druid,balance,32,17,15
Сейтил,deathguard,1190,druid,balance,91,42,49
Druidrighteu,ravencrest,1189,druid,balance,21,14,7
Naone,silvermoon,1188,druid,balance,102,52,50
Xarxius,sanguino,1188,druid,balance,46,22,24
Dêesse,archimonde,1188,druid,balance,42,20,22
Ковикхс,soulflayer,1188,druid,balance,47,20,27
Talressian,argent-dawn,1188,druid,balance,60,20,40
Дайтеполено,howling-fjord,1186,druid,balance,94,45,49
Dremdra,draenor,1185,druid,balance,54,23,31
Ærîs,garona,1185,druid,balance,58,24,34
Omegah,bladefist,1183,druid,balance,30,13,17
Blesya,ravencrest,1182,druid,balance,39,15,24
Chulainn,sylvanas,1181,druid,balance,24,18,6
Aureliusx,drakthul,1181,druid,balance,42,17,25
Deadmorph,ysondre,1178,druid,balance,27,14,13
Käisur,doomhammer,1178,druid,balance,34,16,18
Split,rexxar,1177,druid,balance,41,22,19
Забурсчу,howling-fjord,1176,druid,balance,32,20,12
Tharae,blackmoore,1176,druid,balance,28,15,13
Budz,bloodfeather,1176,druid,balance,28,14,14
Bazikk,kazzak,1174,druid,balance,76,44,32
Широзоид,howling-fjord,1174,druid,balance,23,13,10
Eliaster,ysondre,1174,druid,balance,36,20,16
Àkøs,ragnaros,1174,druid,balance,87,44,43
Ohndankalan,kazzak,1174,druid,balance,164,75,89
Ashär,kirin-tor,1173,druid,balance,81,37,44
Попестовали,gordunni,1172,druid,balance,33,19,14
Trickpotato,terrordar,1172,druid,balance,42,24,18
Starcat,defias-brotherhood,1172,druid,balance,26,13,13
Serafol,argent-dawn,1172,druid,balance,54,21,33
Spacebéam,ravencrest,1171,druid,balance,36,13,23
Getsomefunny,archimonde,1170,druid,balance,36,17,19
Mûcke,kazzak,1170,druid,balance,29,13,16
Wolfhealer,blackmoore,1168,druid,balance,54,29,25
Maelinou,archimonde,1168,druid,balance,36,19,17
Yunød,silvermoon,1168,druid,balance,136,56,80
Corkiri,tarren-mill,1167,druid,balance,17,13,4
Kotomer,defias-brotherhood,1167,druid,balance,255,121,134
Freshener,antonidas,1166,druid,balance,56,33,23
Исмалат,howling-fjord,1166,druid,balance,75,39,36
Lowcr,ravencrest,1164,druid,balance,43,23,20
Yourßâßygîrl,sylvanas,1164,druid,balance,30,14,16
Corpito,tarren-mill,1164,druid,balance,42,17,25
Radoo,thrall,1164,druid,balance,60,22,38
Dumbadum,blackmoore,1163,druid,balance,42,19,23
Mçgonagall,quelthalas,1159,druid,balance,102,44,58
Trækvinden,ravencrest,1158,druid,balance,54,24,30
Toxida,antonidas,1157,druid,balance,71,35,36
Haginator,twisting-nether,1157,druid,balance,102,48,54
Cobradrood,culte-de-la-rive-noire,1157,druid,balance,48,21,27
Northstar,sylvanas,1156,druid,balance,18,13,5
Gnotten,thunderhorn,1154,druid,balance,23,13,10
Slurmms,sylvanas,1153,druid,balance,174,96,78
Sodniss,aggra-português,1153,druid,balance,40,17,23
Querasidru,ravencrest,1153,druid,balance,40,14,26
Cryspie,garona,1152,druid,balance,18,12,6
Lêviàthäñ,blackhand,1152,druid,balance,24,12,12
Minado,outland,1151,druid,balance,12,12,0
Nätsügødxqt,archimonde,1151,druid,balance,18,12,6
Vârima,ravencrest,1151,druid,balance,18,12,6
Bigfeeder,ravencrest,1151,druid,balance,20,12,8
Friidaf,lightbringer,1151,druid,balance,24,12,12
Whelpss,archimonde,1151,druid,balance,27,13,14
Dropp,colinas-pardas,1150,druid,balance,18,12,6
Nitsou,hyjal,1150,druid,balance,18,12,6
Diosreypollo,cthun,1149,druid,balance,21,13,8
Kyth,forscherliga,1148,druid,balance,42,25,17
Deblin,ragnaros,1148,druid,balance,41,23,18
Veyra,dentarg,1148,druid,balance,24,12,12
Курумелька,gordunni,1148,druid,balance,24,12,12
Leafsandstuf,ragnaros,1147,druid,balance,18,12,6
Clâwdîte,blackrock,1147,druid,balance,24,13,11
Nvy,blackmoore,1147,druid,balance,29,13,16
Rabbalala,twisting-nether,1147,druid,balance,30,12,18
Merq,ravencrest,1146,druid,balance,18,12,6
Mnqn,ravencrest,1146,druid,balance,18,12,6
Фэк,eversong,1146,druid,balance,22,13,9
Zeromario,draenor,1146,druid,balance,30,12,18
Lyorn,stormscale,1145,druid,balance,24,12,12
Тётявискас,howling-fjord,1145,druid,balance,24,12,12
Aestûs,outland,1145,druid,balance,24,12,12
Glumy,silvermoon,1145,druid,balance,54,22,32
Owltoy,frostmane,1144,druid,balance,23,13,10
Флексим,soulflayer,1144,druid,balance,24,12,12
Mythiaran,argent-dawn,1144,druid,balance,30,12,18
Klintxweed,hyjal,1143,druid,balance,18,12,6
Krizkat,blackmoore,1143,druid,balance,24,12,12
Criaø,blackrock,1143,druid,balance,24,12,12
Друная,gordunni,1142,druid,balance,24,12,12
Drdudu,dun-morogh,1142,druid,balance,38,17,21
Huayhey,the-maelstrom,1141,druid,balance,18,12,6
Hefdgaharald,antonidas,1141,druid,balance,24,12,12
Loriann,twisting-nether,1141,druid,balance,75,36,39
Avior,eonar,1141,druid,balance,59,18,41
Two,silvermoon,1140,druid,balance,103,58,45
Vangars,shadowsong,1140,druid,balance,36,15,21
Cotangens,tarren-mill,1140,druid,balance,30,12,18
Naizoll,doomhammer,1139,druid,balance,30,15,15
Ajgreed,grim-batol,1139,druid,balance,24,12,12
Blueedood,twisting-nether,1139,druid,balance,24,12,12
Shiotake,hyjal,1139,druid,balance,24,12,12
Lootmann,die-silberne-hand,1138,druid,balance,62,35,27
Mirelawe,stormscale,1138,druid,balance,35,18,17
Zoxen,nefarian,1138,druid,balance,30,12,18
Джасэл,howling-fjord,1137,druid,balance,18,12,6
Bztémor,archimonde,1137,druid,balance,24,12,12
Pogoth,turalyon,1137,druid,balance,24,12,12
Torlok,anetheron,1137,druid,balance,34,13,21
Papacarlo,ravencrest,1136,druid,balance,18,12,6
Blark,sylvanas,1133,druid,balance,30,12,18
Lunairos,archimonde,1132,druid,balance,105,46,59
Exactt,blackrock,1132,druid,balance,49,18,31
Kizerx,garona,1131,druid,balance,60,33,27
Camika,antonidas,1131,druid,balance,72,31,41
Vandalís,garrosh,1130,druid,balance,18,12,6
Lonedrood,blackrock,1130,druid,balance,24,12,12
Котангис,eversong,1126,druid,balance,29,15,14
Shag,archimonde,1125,druid,balance,125,55,70
Pretender,arathi,1123,druid,balance,40,13,27
Fiagard,antonidas,1121,druid,balance,47,28,19
Tjoepert,azjolnerub,1118,druid,balance,108,46,62
Forthejoe,stormscale,1118,druid,balance,35,12,23
Erbaiolo,pozzo-delleternità,1117,druid,balance,30,18,12
Cirwen,silvermoon,1115,druid,balance,18,12,6
Enolcyc,frostmane,1113,druid,balance,42,12,30
Máilo,aegwynn,1111,druid,balance,143,63,80
Morlas,kazzak,1111,druid,balance,50,22,28
Gallorath,draenor,1110,druid,balance,28,12,16
Sorath,aggramar,1109,druid,balance,60,25,35
Plev,chamber-of-aspects,1108,druid,balance,26,13,13
Lyj,dalaran,1107,druid,balance,24,13,11
Hightotem,hakkar,1104,druid,balance,29,16,13
Taskingoman,twisting-nether,1104,druid,balance,42,17,25
Elrox,dunemaul,1103,druid,balance,61,31,30
Certton,arakarahm,1100,druid,balance,105,47,58
Ðelnôs,destromath,1098,druid,balance,32,12,20
Darisom,alexstrasza,1096,druid,balance,272,144,128
Rèchy,blackrock,1096,druid,balance,27,12,15
Бигтедико,gordunni,1095,druid,balance,149,76,73
Fesenjon,blackhand,1093,druid,balance,32,14,18
Felischaus,twisting-nether,1092,druid,balance,17,12,5
Ruberg,kazzak,1091,druid,balance,21,12,9
Akâmè,blackrock,1091,druid,balance,27,12,15
Ambracer,silvermoon,1090,druid,balance,53,25,28
Nakkikastike,magtheridon,1089,druid,balance,82,35,47
Бруан,gordunni,1088,druid,balance,47,23,24
Mâéviss,ysondre,1088,druid,balance,78,29,49
Yaendra,dun-modr,1086,druid,balance,87,48,39
Bláithín,burning-legion,1086,druid,balance,30,13,17
Krausz,burning-legion,1085,druid,balance,52,30,22
Eliar,burning-legion,1084,druid,balance,41,22,19
Arntooth,burning-legion,1082,druid,balance,51,22,29
Kxk,blackmoore,1080,druid,balance,35,18,17
Monopolying,dentarg,1076,druid,balance,64,36,28
Biggzl,silvermoon,1076,druid,balance,105,54,51
Бсуза,soulflayer,1076,druid,balance,104,41,63
Rungohar,stormscale,1076,druid,balance,52,19,33
Schebäb,blackhand,1076,druid,balance,34,12,22
Покекек,lich-king,1073,druid,balance,57,27,30
Fotmrerollér,darksorrow,1071,druid,balance,26,14,12
Jibirisong,zuljin,1068,druid,balance,44,18,26
Amalou,ravencrest,1067,druid,balance,121,60,61
Athenã,blackmoore,1064,druid,balance,53,22,31
Вилдвестганс,howling-fjord,1063,druid,balance,24,13,11
Captaìncool,auchindoun,1063,druid,balance,89,48,41
Exiztenz,deathwing,1062,druid,balance,36,18,18
Вэдэшечка,howling-fjord,1062,druid,balance,55,25,30
Ellüna,ravencrest,1060,druid,balance,30,14,16
Lazerftw,ravencrest,1056,druid,balance,12,11,1
Dyuuna,hyjal,1056,druid,balance,18,11,7
Coqqbock,blackrock,1056,druid,balance,18,11,7
Формен,howling-fjord,1056,druid,balance,24,11,13
Feyzboom,ysondre,1055,druid,balance,12,11,1
Stkk,sanguino,1055,druid,balance,12,11,1
Drmoe,blackmoore,1055,druid,balance,15,12,3
Lunor,kazzak,1055,druid,balance,18,11,7
Maedic,outland,1055,druid,balance,18,11,7
Positivity,stormscale,1055,druid,balance,18,11,7
Buckmysallz,archimonde,1055,druid,balance,18,11,7
Ccoco,blackrock,1055,druid,balance,18,11,7
Crittler,forscherliga,1055,druid,balance,18,11,7
Zenkay,naxxramas,1055,druid,balance,38,19,19
Réhagen,archimonde,1055,druid,balance,24,11,13
Nâganalf,hyjal,1055,druid,balance,24,11,13
Colibrix,ravencrest,1055,druid,balance,69,26,43
Pleasédaddy,azjolnerub,1054,druid,balance,18,11,7
Jac,blackhand,1054,druid,balance,18,11,7
Ajshadz,ravencrest,1054,druid,balance,18,11,7
Ìluan,ravencrest,1054,druid,balance,24,11,13
Lechaource,silvermoon,1053,druid,balance,18,11,7
Shiftyshaft,tarren-mill,1053,druid,balance,24,11,13
Нортикус,soulflayer,1053,druid,balance,24,11,13
Bignunu,silvermoon,1053,druid,balance,24,11,13
Aolynk,twisting-nether,1052,druid,balance,18,11,7
Bufflock,ravencrest,1052,druid,balance,18,11,7
Nyenna,twilights-hammer,1052,druid,balance,22,12,10
Fofosdru,kazzak,1052,druid,balance,24,11,13
Ephixa,burning-legion,1051,druid,balance,18,11,7
Dèxò,blackmoore,1051,druid,balance,24,11,13
Lifecycle,nemesis,1051,druid,balance,24,11,13
Ciue,tarren-mill,1050,druid,balance,18,11,7
Meliissa,hyjal,1050,druid,balance,18,11,7
Bloomboom,aegwynn,1050,druid,balance,19,11,8
Gøtten,tarren-mill,1050,druid,balance,24,11,13
Hajukin,ravencrest,1050,druid,balance,24,11,13
Aimwaré,ravencrest,1050,druid,balance,24,11,13
Wonderbear,blackrock,1049,druid,balance,18,11,7
Soguu,thrall,1049,druid,balance,18,11,7
Orazien,ravencrest,1049,druid,balance,18,11,7
Sabermoon,argent-dawn,1049,druid,balance,352,164,188
Skyphi,silvermoon,1048,druid,balance,18,11,7
Wrathofstar,azjolnerub,1048,druid,balance,18,11,7
Димитруа,howling-fjord,1048,druid,balance,24,11,13
Ayanakamurà,archimonde,1047,druid,balance,24,11,13
Nopsu,stormreaver,1047,druid,balance,30,11,19
Hecone,los-errantes,1046,druid,balance,24,11,13
Gécko,malfurion,1045,druid,balance,18,11,7
Shifturpants,defias-brotherhood,1045,druid,balance,18,11,7
Feraligator,sanguino,1045,druid,balance,105,45,60
Rorugo,sanguino,1044,druid,balance,18,11,7
Haarbál,tarren-mill,1044,druid,balance,18,11,7
Jirenthegrey,antonidas,1043,druid,balance,18,11,7
Kúpfa,tichondrius,1042,druid,balance,24,11,13
Shenzform,ysondre,1039,druid,balance,25,13,12
Bearhugzz,outland,1039,druid,balance,389,194,195
Werevolf,drakthul,1039,druid,balance,33,12,21
Buckshee,doomhammer,1038,druid,balance,53,27,26
Grinnox,outland,1038,druid,balance,24,11,13
Bluebanana,bronzebeard,1036,druid,balance,94,40,54
Sabresheep,twisting-nether,1034,druid,balance,30,11,19
Chavidruid,twisting-nether,1032,druid,balance,20,13,7
Diepauline,aegwynn,1030,druid,balance,42,22,20
Kakaiy,shadowsong,1030,druid,balance,174,91,83
Elmunia,ravencrest,1030,druid,balance,65,31,34
Squirtt,ravencrest,1028,druid,balance,30,11,19
Vorag,dalaran,1027,druid,balance,101,41,60
Tchoubouléru,throkferoth,1027,druid,balance,66,26,40
Катафей,deathguard,1025,druid,balance,48,29,19
Закарпаття,galakrond,1024,druid,balance,16,12,4
Вёкс,howling-fjord,1023,druid,balance,14,12,2
Herrencreme,eredar,1019,druid,balance,22,12,10
Hiroshimaa,boulderfist,1019,druid,balance,60,23,37
Fx,mazrigos,1018,druid,balance,17,11,6
Потерявшийся,howling-fjord,1016,druid,balance,68,28,40
Медведяра,howling-fjord,1014,druid,balance,132,64,68
Katharo,kult-der-verdammten,1014,druid,balance,60,22,38
Bullmarkets,kazzak,1013,druid,balance,24,12,12
Happysw,thrall,1001,druid,balance,110,43,67
Erasil,exodar,1001,druid,balance,37,12,25
Kucsmagoomba,ragnaros,1000,druid,balance,214,104,110
Sinyi,arathor,1000,druid,balance,23,11,12
Amils,twisting-nether,997,druid,balance,32,12,20
Shainá,dun-modr,992,druid,balance,36,13,23
Eyune,tarren-mill,991,druid,balance,56,23,33
Skvll,silvermoon,987,druid,balance,26,11,15
Drdauwg,nazjatar,985,druid,balance,69,27,42
Vigôuróuz,blackmoore,983,druid,balance,21,12,9
Bulvai,medivh,979,druid,balance,14,11,3
Zendrand,sylvanas,978,druid,balance,73,28,45
Nicolasdacry,das-syndikat,974,druid,balance,18,12,6
Anerol,arthas,973,druid,balance,59,28,31
Mondino,blackrock,972,druid,balance,48,14,34
Théodên,dalaran,969,druid,balance,218,106,112
Ïmåkêïtråïñ,ravencrest,960,druid,balance,12,10,2
Vraelyon,nemesis,960,druid,balance,12,10,2
Xevan,blackrock,960,druid,balance,12,10,2
Vizir,stormscale,960,druid,balance,12,10,2
Friedbrocolí,tarren-mill,960,druid,balance,12,10,2
Druidxburst,malganis,960,druid,balance,12,10,2
Shapees,sylvanas,960,druid,balance,18,10,8
Locite,blackrock,960,druid,balance,18,10,8
Djfukface,ravencrest,960,druid,balance,18,10,8
Applecake,defias-brotherhood,960,druid,balance,18,10,8
Eroxx,blackrock,960,druid,balance,24,10,14
Feralisser,ravencrest,959,druid,balance,12,10,2
Tetdru,blackhand,959,druid,balance,12,10,2
Eftermalm,silvermoon,959,druid,balance,18,10,8
Tiktokstar,blackrock,959,druid,balance,18,10,8
Bálur,thrall,959,druid,balance,18,10,8
Ruhex,silvermoon,959,druid,balance,18,10,8
Häggrä,dalaran,959,druid,balance,18,10,8
Simdruid,stormscale,959,druid,balance,18,10,8
Littlecok,blackmoore,959,druid,balance,18,10,8
Slâkkxz,kazzak,959,druid,balance,18,10,8
Sün,kazzak,959,druid,balance,18,10,8
Tease,blackrock,959,druid,balance,18,10,8
Focusboomy,archimonde,959,druid,balance,18,10,8
Zarune,sanguino,959,druid,balance,18,10,8
Kissaey,emeriss,959,druid,balance,18,10,8
Димадубощит,blackscar,959,druid,balance,24,10,14
Fistíebear,sylvanas,959,druid,balance,24,10,14
Cholic,twisting-nether,959,druid,balance,53,14,39
Thepuma,dun-modr,958,druid,balance,12,10,2
Slyndjur,sylvanas,958,druid,balance,18,10,8
Éatshiftndie,tarren-mill,958,druid,balance,18,10,8
Pèps,dalaran,958,druid,balance,18,10,8
Clone,aegwynn,958,druid,balance,18,10,8
Nelíno,twisting-nether,958,druid,balance,18,10,8
Píssoff,stormscale,958,druid,balance,18,10,8
Élán,sylvanas,958,druid,balance,24,10,14
Ibroninad,ragnaros,958,druid,balance,24,10,14
Ninoboyswag,stormscale,958,druid,balance,24,10,14
Bildukas,ravencrest,958,druid,balance,28,11,17
Coldleans,kazzak,957,druid,balance,12,10,2
Kahar,eredar,957,druid,balance,18,10,8
Gbq,ravencrest,957,druid,balance,18,10,8
Owlaf,magtheridon,957,druid,balance,18,10,8
Amrul,hyjal,957,druid,balance,18,10,8
Тираэлюшка,grom,956,druid,balance,18,10,8
Jokodo,silvermoon,956,druid,balance,18,10,8
Sajlol,doomhammer,955,druid,balance,18,10,8
Prytek,turalyon,955,druid,balance,18,10,8
Billzabub,doomhammer,955,druid,balance,24,10,14
Thornat,chamber-of-aspects,955,druid,balance,24,10,14
Moordock,uldum,955,druid,balance,24,10,14
Мерлинз,lich-king,955,druid,balance,30,10,20
Assterix,sylvanas,954,druid,balance,15,10,5
Lazerkito,aegwynn,953,druid,balance,12,10,2
Эвкалипт,soulflayer,953,druid,balance,18,10,8
Metamorfurio,arthas,952,druid,balance,76,36,40
Justycare,ragnaros,952,druid,balance,24,10,14
Kaspurr,ravencrest,951,druid,balance,12,10,2
Yeahbuddeh,draenor,951,druid,balance,28,11,17
Inspira,teldrassil,949,druid,balance,18,10,8
Kleinii,blackrock,949,druid,balance,24,10,14
Helguard,silvermoon,949,druid,balance,24,10,14
Calistane,silvermoon,949,druid,balance,83,32,51
Tombenuit,tarren-mill,948,druid,balance,24,11,13
Kûmo,blackmoore,946,druid,balance,18,10,8
Yepnesse,khaz-modan,946,druid,balance,18,10,8
Phanos,twisting-nether,945,druid,balance,24,10,14
Astralarius,argent-dawn,945,druid,balance,124,43,81
Cöyote,hyjal,944,druid,balance,90,47,43
Jobbostibi,ragnaros,943,druid,balance,18,10,8
Карантини,howling-fjord,943,druid,balance,27,11,16
Ragingmilker,tarren-mill,941,druid,balance,17,12,5
Chlambak,archimonde,938,druid,balance,24,10,14
Resthunor,draenor,935,druid,balance,18,10,8
Neincat,sylvanas,935,druid,balance,23,10,13
Aloraysoda,doomhammer,930,druid,balance,77,21,56
Rawberto,silvermoon,925,druid,balance,17,10,7
Wîzzp,magtheridon,925,druid,balance,20,11,9
Bidodici,nemesis,920,druid,balance,48,24,24
Saxondale,aszune,918,druid,balance,30,14,16
Fakers,the-maelstrom,917,druid,balance,42,22,20
Tarâkings,outland,911,druid,balance,30,13,17
Суггуторр,howling-fjord,909,druid,balance,87,42,45
Древнина,gordunni,901,druid,balance,21,10,11
Dudukush,eredar,901,druid,balance,83,35,48
Flume,chromaggus,896,druid,balance,24,10,14
Moder,nemesis,895,druid,balance,21,11,10
Durtidikdave,kazzak,895,druid,balance,23,10,13
Rønièl,tarren-mill,892,druid,balance,17,10,7
Mafakaclones,archimonde,890,druid,balance,106,56,50
Negríno,cthun,890,druid,balance,100,52,48
Ribuu,dun-morogh,886,druid,balance,24,11,13
Arms,burning-legion,880,druid,balance,13,10,3
Smexim,dalaran,876,druid,balance,49,26,23
Rockymarci,dalaran,875,druid,balance,18,10,8
Чанголист,howling-fjord,874,druid,balance,25,10,15
Aggibääm,blackhand,868,druid,balance,24,12,12
Momaa,neptulon,867,druid,balance,54,19,35
Mâlcøm,archimonde,864,druid,balance,12,9,3
Vezir,stormscale,864,druid,balance,12,9,3
Marynlord,dalaran,864,druid,balance,12,9,3
Qwopeiqpwoid,kazzak,864,druid,balance,12,9,3
Joqr,tarren-mill,864,druid,balance,12,9,3
Chir,blackrock,864,druid,balance,12,9,3
Shandala,ragnaros,864,druid,balance,12,9,3
Xinthie,antonidas,864,druid,balance,12,9,3
Baerbock,kazzak,864,druid,balance,12,9,3
Nazferal,antonidas,864,druid,balance,12,9,3
Flopparider,ravencrest,864,druid,balance,12,9,3
Éldudu,ragnaros,864,druid,balance,18,9,9
Yseraheal,drakthul,864,druid,balance,18,9,9
Cioban,ravencrest,864,druid,balance,24,9,15
Pezuñera,sanguino,863,druid,balance,12,9,3
Superdupa,burning-blade,863,druid,balance,12,9,3
Form,burning-legion,863,druid,balance,12,9,3
Jengá,nagrand,863,druid,balance,12,9,3
Lakersinfive,argent-dawn,863,druid,balance,12,9,3
Borticow,sanguino,863,druid,balance,12,9,3
Sweedrood,hyjal,863,druid,balance,16,10,6
Jesreyna,silvermoon,863,druid,balance,18,9,9
Adelåide,silvermoon,863,druid,balance,18,9,9
Enzymex,burning-blade,863,druid,balance,18,9,9
Jìkkz,aegwynn,863,druid,balance,18,9,9
Éxy,kazzak,863,druid,balance,18,9,9
Loasamdi,tarren-mill,863,druid,balance,18,9,9
Deeizm,ravencrest,863,druid,balance,18,9,9
Shíróx,aegwynn,863,druid,balance,18,9,9
Buckié,twisting-nether,863,druid,balance,18,9,9
Forthis,frostmane,863,druid,balance,18,9,9
Redyogurt,outland,863,druid,balance,24,9,15
Ábomínatíon,draenor,862,druid,balance,18,9,9
Qocotte,archimonde,862,druid,balance,18,9,9
Jabbah,defias-brotherhood,862,druid,balance,18,9,9
Pewzzd,alexstrasza,862,druid,balance,18,9,9
Zethane,ragnaros,862,druid,balance,18,9,9
Metaboss,ravencrest,862,druid,balance,18,9,9
Kkthanks,twisting-nether,862,druid,balance,18,9,9
Astería,kazzak,862,druid,balance,24,9,15
Quza,lightbringer,861,druid,balance,18,9,9
Azína,kazzak,860,druid,balance,24,9,15
Hotmenow,antonidas,859,druid,balance,18,9,9
Rumjin,burning-blade,859,druid,balance,18,9,9
Kânjin,stormscale,859,druid,balance,24,9,15
Corias,blackmoore,859,druid,balance,36,9,27
Mongwau,blackrock,858,druid,balance,12,9,3
Wildmushroom,drakthul,858,druid,balance,18,9,9
Summertearz,thrall,858,druid,balance,18,9,9
Мяокусь,gordunni,857,druid,balance,12,9,3
Дайдорогу,blackscar,857,druid,balance,18,9,9
Ayven,kazzak,857,druid,balance,18,9,9
Zuldëk,sanguino,856,druid,balance,18,9,9
Ghostfurr,silvermoon,856,druid,balance,30,9,21
Корбан,howling-fjord,856,druid,balance,36,9,27
Lunably,silvermoon,855,druid,balance,18,9,9
Ghoonz,silvermoon,855,druid,balance,24,9,15
Moonkek,hyjal,854,druid,balance,18,9,9
Namelèés,blackhand,854,druid,balance,24,9,15
Dôômkin,stormscale,854,druid,balance,36,9,27
Lodne,defias-brotherhood,849,druid,balance,36,14,22
Hogey,kazzak,845,druid,balance,17,9,8
Spielmann,ravencrest,839,druid,balance,23,9,14
Сомеваск,deathweaver,830,druid,balance,23,9,14
Eikthyrson,alleria,829,druid,balance,16,10,6
Nocataeth,destromath,829,druid,balance,18,11,7
Unbeatâbull,kazzak,828,druid,balance,22,9,13
Outofmyswamp,kazzak,815,druid,balance,14,10,4
Yungtrappy,stormscale,815,druid,balance,15,10,5
Ishaqu,bladefist,815,druid,balance,23,9,14
Donvulcone,stormscale,814,druid,balance,17,9,8
Nuggetspøwa,dalaran,814,druid,balance,17,9,8
Roidcat,twisting-nether,814,druid,balance,23,9,14
Burren,auchindoun,810,druid,balance,25,9,16
Manbearcat,nagrand,808,druid,balance,20,11,9
Chintawaz,archimonde,807,druid,balance,18,10,8
Hilliax,sanguino,807,druid,balance,31,10,21
Nøboorst,ravencrest,805,druid,balance,21,11,10
Solgarna,saurfang,798,druid,balance,22,9,13
Fréki,ravenholdt,791,druid,balance,20,9,11
Súçúkbøømíe,aegwynn,768,druid,balance,12,8,4
Клыкояр,goldrinn,768,druid,balance,12,8,4
Jimkungtwo,hyjal,768,druid,balance,12,8,4
Everdreamx,arathor,768,druid,balance,12,8,4
ßloöd,archimonde,768,druid,balance,12,8,4
Yngboii,twisting-nether,768,druid,balance,12,8,4
Tritit,marécage-de-zangar,768,druid,balance,12,8,4
Калинках,soulflayer,768,druid,balance,12,8,4
Ðíør,ravencrest,768,druid,balance,12,8,4
Луноэльф,gordunni,768,druid,balance,12,8,4
Midnightowl,stormscale,768,druid,balance,12,8,4
Mirlawl,malganis,768,druid,balance,12,8,4
Jometatile,hyjal,768,druid,balance,12,8,4
Hecatos,hyjal,768,druid,balance,12,8,4
Meillaeth,sylvanas,768,druid,balance,12,8,4
Treeswinger,twisting-nether,768,druid,balance,12,8,4
Emochicken,silvermoon,768,druid,balance,15,9,6
Klêe,blackmoore,768,druid,balance,18,8,10
Heldil,chants-éternels,768,druid,balance,18,8,10
Póllen,magtheridon,768,druid,balance,18,8,10
Harrydòtter,eredar,768,druid,balance,18,8,10
Superpoulet,archimonde,768,druid,balance,18,8,10
Crossfaction,blackrock,768,druid,balance,18,8,10
Máximus,blades-edge,768,druid,balance,112,41,71
Timanuel,ysondre,768,druid,balance,24,8,16
Napukka,silvermoon,767,druid,balance,12,8,4
Xtremeterror,blackmoore,767,druid,balance,12,8,4
Ferdiboo,draenor,767,druid,balance,12,8,4
Bighike,drakthul,767,druid,balance,12,8,4
Seasexsune,antonidas,767,druid,balance,12,8,4
Higuys,the-maelstrom,767,druid,balance,12,8,4
Sebikboomie,ravencrest,767,druid,balance,12,8,4
Zydrux,outland,767,druid,balance,12,8,4
Borkusdruid,antonidas,767,druid,balance,16,9,7
Bigsmoké,die-aldor,767,druid,balance,18,8,10
Nyooxix,blackmoore,767,druid,balance,18,8,10
Nefertiti,baelgun,767,druid,balance,18,8,10
Matzz,burning-legion,767,druid,balance,18,8,10
Isotopîa,antonidas,767,druid,balance,18,8,10
Хеельхеем,gordunni,767,druid,balance,18,8,10
Hugepepega,ravencrest,767,druid,balance,18,8,10
Царапкатян,gordunni,767,druid,balance,18,8,10
Arydan,quelthalas,767,druid,balance,18,8,10
Milkmefast,magtheridon,767,druid,balance,18,8,10
Loswochos,blackmoore,767,druid,balance,18,8,10
Ilovehannah,laughing-skull,767,druid,balance,18,8,10
Nervious,la-croisade-écarlate,767,druid,balance,18,8,10
Flxtn,hyjal,767,druid,balance,24,8,16
Suedi,frostmane,766,druid,balance,12,8,4
Benzinoid,silvermoon,766,druid,balance,12,8,4
Âke,stormscale,766,druid,balance,12,8,4
Doctóras,twisting-nether,766,druid,balance,12,8,4
Humanoidpt,aggra-português,766,druid,balance,12,8,4
Irithel,ravencrest,766,druid,balance,12,8,4
Armadroød,hyjal,766,druid,balance,18,8,10
Waymundo,blackhand,766,druid,balance,18,8,10
Kheluna,the-maelstrom,766,druid,balance,18,8,10
Obois,archimonde,766,druid,balance,18,8,10
Fuzzykitten,ravencrest,766,druid,balance,18,8,10
Poonkin,ravencrest,766,druid,balance,24,8,16
Centurios,burning-legion,766,druid,balance,36,8,28
Darthiud,outland,765,druid,balance,12,8,4
Machie,argent-dawn,765,druid,balance,18,8,10
Dxerm,colinas-pardas,765,druid,balance,28,8,20
Droodu,dun-modr,765,druid,balance,30,8,22
Mongobongo,onyxia,764,druid,balance,12,8,4
Zinnform,ragnaros,764,druid,balance,18,8,10
Fiberpäls,magtheridon,764,druid,balance,18,8,10
Dwaokut,ravencrest,763,druid,balance,12,8,4
Silverriver,ragnaros,763,druid,balance,18,8,10
Knindza,tarren-mill,763,druid,balance,18,8,10
Anchoring,argent-dawn,763,druid,balance,22,9,13
Mattdrood,kazzak,763,druid,balance,30,8,22
Tartáros,blackrock,762,druid,balance,12,8,4
Sinmanos,eredar,762,druid,balance,18,8,10
Moonsama,twisting-nether,762,druid,balance,24,8,16
Sároman,ravencrest,761,druid,balance,24,8,16
Mauzicek,drakthul,760,druid,balance,24,8,16
Duveldruid,dragonblight,759,druid,balance,12,8,4
Iproxy,dalaran,759,druid,balance,12,8,4
Celebras,chogall,756,druid,balance,12,8,4
Liegremmah,blackmoore,755,druid,balance,24,8,16
Chúnnk,kilrogg,734,druid,balance,17,8,9
Vaea,hyjal,731,druid,balance,26,9,17
Tjeena,grim-batol,720,druid,balance,15,9,6
Maw,hellfire,717,druid,balance,11,8,3
Tsikarde,ravencrest,717,druid,balance,23,8,15
Chirnaruk,ravencrest,714,druid,balance,14,9,5
Humizon,silvermoon,714,druid,balance,21,9,12
Хуфра,greymane,714,druid,balance,23,8,15
Elpresidénté,blackmoore,713,druid,balance,12,9,3
Lockied,eredar,713,druid,balance,22,9,13
Mynilia,blackhand,704,druid,balance,16,8,8
Fôxy,silvermoon,703,druid,balance,16,8,8
Delfin,aerie-peak,702,druid,balance,27,9,18
Papalegba,kilrogg,700,druid,balance,14,8,6
Bigbadcalf,burning-legion,696,druid,balance,20,8,12
Аррерон,howling-fjord,672,druid,balance,12,7,5
Smølboi,ravencrest,672,druid,balance,12,7,5
Тохи,howling-fjord,672,druid,balance,12,7,5
Epsona,dun-modr,672,druid,balance,12,7,5
Hajlol,sylvanas,672,druid,balance,12,7,5
Xtràza,archimonde,672,druid,balance,12,7,5
Трусырвущая,gordunni,672,druid,balance,12,7,5
Därgon,archimonde,672,druid,balance,12,7,5
Xkora,cthun,672,druid,balance,12,7,5
Noggelicious,ragnaros,672,druid,balance,12,7,5
Тэддибиар,gordunni,672,druid,balance,12,7,5
Emeskay,ravencrest,672,druid,balance,12,7,5
Mommymìlkers,archimonde,672,druid,balance,12,7,5
Rootbeamftw,ravencrest,672,druid,balance,12,7,5
Trønchetto,nemesis,672,druid,balance,12,7,5
Glúingél,tarren-mill,672,druid,balance,12,7,5
Luchano,dun-modr,672,druid,balance,12,7,5
Kosadoodoo,sylvanas,672,druid,balance,12,7,5
Lzo,silvermoon,672,druid,balance,12,7,5
Actron,blackrock,672,druid,balance,12,7,5
Noobr,ravencrest,672,druid,balance,12,7,5
Denleende,ravencrest,672,druid,balance,12,7,5
Grunka,silvermoon,672,druid,balance,12,7,5
Røsétte,archimonde,672,druid,balance,12,7,5
Furiondox,silvermoon,672,druid,balance,12,7,5
Ra,stormscale,672,druid,balance,12,7,5
Qyoon,argent-dawn,672,druid,balance,12,7,5
Elakpou,twisting-nether,672,druid,balance,12,7,5
Spatchy,silvermoon,672,druid,balance,12,7,5
Tapex,ravencrest,672,druid,balance,12,7,5
Delarion,nemesis,672,druid,balance,12,7,5
Ryzën,stormscale,672,druid,balance,12,7,5
Surlax,defias-brotherhood,672,druid,balance,12,7,5
Heartleon,silvermoon,672,druid,balance,12,7,5
Pansaa,stormscale,672,druid,balance,15,8,7
Lilim,culte-de-la-rive-noire,672,druid,balance,18,7,11
Jrir,argent-dawn,672,druid,balance,18,7,11
Væx,rexxar,672,druid,balance,18,7,11
Bóómi,outland,672,druid,balance,18,7,11
Emidrem,ravencrest,672,druid,balance,18,7,11
Lèthal,arakarahm,672,druid,balance,18,7,11
Màlàkaii,hyjal,672,druid,balance,18,7,11
Ravenfang,dun-modr,672,druid,balance,18,7,11
Lifty,dun-modr,672,druid,balance,18,7,11
Miyá,sylvanas,672,druid,balance,24,7,17
Shreddít,tarren-mill,672,druid,balance,24,7,17
Elíonora,grim-batol,671,druid,balance,12,7,5
Tigrius,defias-brotherhood,671,druid,balance,12,7,5
Myxo,aggra-português,671,druid,balance,12,7,5
Alexuwu,draenor,671,druid,balance,12,7,5
Najiq,ravencrest,671,druid,balance,12,7,5
Найадра,gordunni,671,druid,balance,12,7,5
Freve,sylvanas,671,druid,balance,12,7,5
Jobberwock,outland,671,druid,balance,12,7,5
Morrisona,twisting-nether,671,druid,balance,12,7,5
Halfback,blackhand,671,druid,balance,12,7,5
Asura,nozdormu,671,druid,balance,12,7,5
Зонкс,gordunni,671,druid,balance,12,7,5
Maruuk,argent-dawn,671,druid,balance,12,7,5
Greatpotato,blackhand,671,druid,balance,12,7,5
Shehida,silvermoon,671,druid,balance,12,7,5
Rikayn,tarren-mill,671,druid,balance,12,7,5
Essaraah,dalaran,671,druid,balance,18,7,11
Legevakten,grim-batol,671,druid,balance,18,7,11
Zephris,grim-batol,671,druid,balance,18,7,11
Telära,argent-dawn,671,druid,balance,18,7,11
Phala,outland,671,druid,balance,18,7,11
Quin,frostwolf,671,druid,balance,18,7,11
Tidevar,wildhammer,671,druid,balance,18,7,11
Yaaji,archimonde,671,druid,balance,18,7,11
Лидир,blackscar,671,druid,balance,18,7,11
Drudonja,silvermoon,671,druid,balance,18,7,11
Wolflundgren,ravencrest,671,druid,balance,18,7,11
Kivu,blackrock,671,druid,balance,18,7,11
Thunderzeus,mazrigos,671,druid,balance,18,7,11
Pawsitive,sylvanas,671,druid,balance,18,7,11
Catzoro,tarren-mill,671,druid,balance,18,7,11
Sãmba,pozzo-delleternità,671,druid,balance,24,7,17
Psyquallia,hellscream,671,druid,balance,24,7,17
Tschakadudu,kargath,671,druid,balance,24,7,17
Picatso,blackrock,671,druid,balance,24,7,17
Barniine,sylvanas,670,druid,balance,10,8,2
Druidskillz,pozzo-delleternità,670,druid,balance,12,7,5
Bíerling,antonidas,670,druid,balance,18,7,11
Klatu,doomhammer,670,druid,balance,24,7,17
Ednaqt,grim-batol,669,druid,balance,24,7,17
Garudas,eldrethalas,669,druid,balance,24,7,17
Thyanya,blackmoore,668,druid,balance,18,7,11
Çúç,ravencrest,666,druid,balance,18,7,11
Thrynitie,les-sentinelles,663,druid,balance,12,7,5
Bönüs,cthun,661,druid,balance,12,7,5
Nightshape,kragjin,661,druid,balance,18,7,11
Gróòt,kiljaeden,661,druid,balance,18,7,11
Qra,area-52,660,druid,balance,12,7,5
Kawaíï,frostwolf,659,druid,balance,26,10,16
Ketash,ragnaros,657,druid,balance,12,7,5
Ciwone,blackrock,654,druid,balance,23,7,16
Puraza,kazzak,639,druid,balance,17,7,10
Yawawe,blackmoore,638,druid,balance,17,7,10
Asterya,dun-modr,637,druid,balance,14,8,6
Øwlïchæt,archimonde,623,druid,balance,15,7,8
Ipossible,kazzak,623,druid,balance,15,7,8
Maartjé,thunderhorn,623,druid,balance,16,7,9
Boxosjohnny,ragnaros,618,druid,balance,23,8,15
Blazek,sylvanas,617,druid,balance,14,8,6
Nille,tarren-mill,617,druid,balance,14,8,6
Kidawi,frostwolf,617,druid,balance,16,8,8
Kamatea,eredar,607,druid,balance,11,7,4
Ktn,sanguino,607,druid,balance,11,7,4
Druidaldo,blackhand,607,druid,balance,24,7,17
Bubidiblumdr,twisting-nether,605,druid,balance,16,7,9
Músclébéach,silvermoon,605,druid,balance,22,7,15
Собачел,grom,591,druid,balance,13,7,6
Rtfz,ravencrest,591,druid,balance,13,7,6
Kindadumb,stormscale,576,druid,balance,6,6,0
Shmurda,archimonde,576,druid,balance,6,6,0
Náye,kazzak,576,druid,balance,6,6,0
Qpoof,sylvanas,576,druid,balance,6,6,0
Kroghelf,tarren-mill,576,druid,balance,6,6,0
Infêrno,twisting-nether,576,druid,balance,6,6,0
Flækket,tarren-mill,576,druid,balance,6,6,0
Ghøstavdruid,ravencrest,576,druid,balance,6,6,0
Epikmuhh,kazzak,576,druid,balance,6,6,0
Skillfall,ravencrest,576,druid,balance,6,6,0
Ухухуня,gordunni,576,druid,balance,6,6,0
Zamans,silvermoon,576,druid,balance,6,6,0
Xirxy,silvermoon,576,druid,balance,6,6,0
Starsurge,festung-der-stürme,576,druid,balance,6,6,0
Jadraeth,tarren-mill,576,druid,balance,6,6,0
Sopado,draenor,576,druid,balance,6,6,0
Fèéli,twisting-nether,576,druid,balance,12,6,6
Святогор,greymane,576,druid,balance,12,6,6
Bane,dun-modr,576,druid,balance,12,6,6
Yuln,twisting-nether,576,druid,balance,12,6,6
Bleedslolz,colinas-pardas,576,druid,balance,12,6,6
Мунпраид,gordunni,576,druid,balance,12,6,6
Mvpx,outland,576,druid,balance,12,6,6
Ына,gordunni,576,druid,balance,12,6,6
Shamelêss,stormscale,576,druid,balance,12,6,6
Daluria,malganis,576,druid,balance,12,6,6
Shiftmeow,tarren-mill,576,druid,balance,12,6,6
Styxdr,blackhand,576,druid,balance,12,6,6
Polypheme,chogall,576,druid,balance,12,6,6
Seraxi,der-mithrilorden,576,druid,balance,12,6,6
Maníx,tarren-mill,576,druid,balance,12,6,6
Teryx,blackmoore,576,druid,balance,12,6,6
Yenaiz,stormreaver,576,druid,balance,12,6,6
Pælter,draenor,576,druid,balance,12,6,6
Ríviia,drakthul,576,druid,balance,12,6,6
Doonttry,outland,576,druid,balance,12,6,6
Islandbôy,blackrock,576,druid,balance,12,6,6
Wrx,sylvanas,576,druid,balance,12,6,6
Vedee,tarren-mill,576,druid,balance,12,6,6
Nimalâ,antonidas,576,druid,balance,12,6,6
Knozylg,kazzak,576,druid,balance,12,6,6
Kamenká,aegwynn,576,druid,balance,12,6,6
Nancey,auchindoun,576,druid,balance,12,6,6
Evílz,kazzak,576,druid,balance,12,6,6
Thefudge,silvermoon,576,druid,balance,12,6,6
Naturexbot,silvermoon,576,druid,balance,12,6,6
Quinten,ulduar,576,druid,balance,12,6,6
Зулкхаку,soulflayer,576,druid,balance,12,6,6
Shoca,die-ewige-wacht,576,druid,balance,12,6,6
Inbml,silvermoon,576,druid,balance,12,6,6
Weedgras,eredar,576,druid,balance,12,6,6
Ghostdoggie,stormscale,576,druid,balance,12,6,6
Pataleaqtp,sanguino,576,druid,balance,12,6,6
Слайкс,soulflayer,576,druid,balance,12,6,6
Mentaldead,tarren-mill,576,druid,balance,12,6,6
Baldhir,nemesis,576,druid,balance,12,6,6
Murmétoile,chants-éternels,576,druid,balance,18,6,12
Robsondruid,twisting-nether,576,druid,balance,18,6,12
Kotkacy,silvermoon,576,druid,balance,18,6,12
Axrae,ravencrest,576,druid,balance,18,6,12
Smedoge,outland,576,druid,balance,18,6,12
Disney,ragnaros,576,druid,balance,18,6,12
Toritoso,sanguino,576,druid,balance,18,6,12
Sùmmêrz,outland,576,druid,balance,18,6,12
Mugwa,blackmoore,575,druid,balance,6,6,0
Ртз,eversong,575,druid,balance,12,6,6
Лицеторг,howling-fjord,575,druid,balance,12,6,6
Eshlana,twisting-nether,575,druid,balance,12,6,6
Bigmatty,defias-brotherhood,575,druid,balance,12,6,6
Syx,conseil-des-ombres,575,druid,balance,12,6,6
Cylàn,sylvanas,575,druid,balance,12,6,6
Gruvkatt,stormscale,575,druid,balance,12,6,6
Praythysun,khaz-modan,575,druid,balance,12,6,6
Shirokaze,argent-dawn,575,druid,balance,12,6,6
Dinamitko,silvermoon,575,druid,balance,12,6,6
Zàykz,dragonmaw,575,druid,balance,12,6,6
Graffyrre,eonar,575,druid,balance,13,6,7
Flagvan,ravencrest,575,druid,balance,13,6,7
Barkskin,grim-batol,575,druid,balance,15,6,9
Аматэррасу,blackscar,575,druid,balance,18,6,12
Дарзамат,blackscar,575,druid,balance,18,6,12
Robinchwän,archimonde,575,druid,balance,18,6,12
Aimïn,sanguino,575,druid,balance,18,6,12
Bunnyxo,outland,575,druid,balance,18,6,12
Stjärna,kult-der-verdammten,575,druid,balance,18,6,12
Oxxy,arathor,575,druid,balance,18,6,12
Feraflux,dragonblight,575,druid,balance,18,6,12
Cosue,malganis,575,druid,balance,18,6,12
Wardruíd,outland,575,druid,balance,24,6,18
Lúthiëñ,silvermoon,575,druid,balance,24,6,18
Lözbox,kazzak,575,druid,balance,24,6,18
Ancón,silvermoon,575,druid,balance,24,6,18
Apodruid,tarren-mill,574,druid,balance,12,6,6
Raciness,grim-batol,574,druid,balance,12,6,6
Тиликум,goldrinn,574,druid,balance,12,6,6
Derie,nazjatar,574,druid,balance,12,6,6
Tyreek,eredar,574,druid,balance,16,7,9
Satish,blackmoore,574,druid,balance,24,6,18
Жекакотик,eversong,574,druid,balance,24,6,18
Kittasek,drakthul,572,druid,balance,12,6,6
Dagta,aggra-português,572,druid,balance,12,6,6
Starfalls,turalyon,570,druid,balance,12,6,6
Harryharrt,veknilash,570,druid,balance,18,6,12
Xkenz,archimonde,569,druid,balance,30,8,22
Rédbullz,silvermoon,569,druid,balance,24,6,18
Keltaris,dun-modr,565,druid,balance,12,6,6
Duwaz,blackmoore,543,druid,balance,14,7,7
Ancientix,burning-legion,543,druid,balance,17,6,11
Loceeva,kazzak,540,druid,balance,22,6,16
Saílormoon,nazjatar,528,druid,balance,9,6,3
Starhopper,ravencrest,528,druid,balance,11,7,4
Blamer,thrall,527,druid,balance,17,6,11
Felfran,ravencrest,521,druid,balance,18,7,11
Delorithalun,blackhand,519,druid,balance,9,7,2
Kazekengan,draenor,511,druid,balance,11,6,5
Kissa,blackrock,511,druid,balance,17,6,11
Ultimoos,aggra-português,510,druid,balance,14,6,8
Напроломчег,soulflayer,480,druid,balance,6,5,1
Snupyjunior,silvermoon,480,druid,balance,6,5,1
Pinkpanda,arthas,480,druid,balance,6,5,1
Boomytunes,silvermoon,480,druid,balance,6,5,1
Roral,silvermoon,480,druid,balance,6,5,1
Tellurr,draenor,480,druid,balance,6,5,1
Smøkyyd,eredar,480,druid,balance,6,5,1
Likh,das-konsortium,480,druid,balance,6,5,1
Murdok,suramar,480,druid,balance,6,5,1
Cowieowie,draenor,480,druid,balance,6,5,1
Voodoomkinn,frostwhisper,480,druid,balance,6,5,1
Cháep,kargath,480,druid,balance,6,5,1
Staffios,argent-dawn,480,druid,balance,6,5,1
Mutaattori,sylvanas,480,druid,balance,6,5,1
Svartvit,sylvanas,480,druid,balance,6,5,1
Tåylor,laughing-skull,480,druid,balance,6,5,1
Rêidon,antonidas,480,druid,balance,6,5,1
Asoli,aegwynn,480,druid,balance,6,5,1
Kanyevotèrx,ravencrest,480,druid,balance,6,5,1
Snupy,outland,480,druid,balance,6,5,1
Brbrøyk,tarren-mill,480,druid,balance,6,5,1
Yalø,blackrock,480,druid,balance,6,5,1
Corkiy,tarren-mill,480,druid,balance,6,5,1
Bk,chamber-of-aspects,480,druid,balance,6,5,1
Surfingbirdx,ragnaros,480,druid,balance,6,5,1
Lastbest,draenor,480,druid,balance,6,5,1
Deepgreen,malganis,480,druid,balance,6,5,1
Skínchanger,draenor,480,druid,balance,6,5,1
Хлайси,gordunni,480,druid,balance,6,5,1
Xhifty,ravencrest,480,druid,balance,6,5,1
Whaazzform,tarren-mill,480,druid,balance,6,5,1
Nogbraså,frostmane,480,druid,balance,6,5,1
Jincksdru,anachronos,480,druid,balance,6,5,1
Alok,blackmoore,480,druid,balance,6,5,1
Clawlessqtx,outland,480,druid,balance,6,5,1
Азраешль,gordunni,480,druid,balance,6,5,1
Discomånkung,stormscale,480,druid,balance,6,5,1
Daisyx,eredar,480,druid,balance,9,6,3
Ischumekcid,anubarak,480,druid,balance,9,6,3
Уба,gordunni,480,druid,balance,10,6,4
Naturina,shattered-hand,480,druid,balance,12,5,7
Doup,alakir,480,druid,balance,12,5,7
Hairydøtter,aegwynn,480,druid,balance,12,5,7
Alunjá,chamber-of-aspects,480,druid,balance,12,5,7
Rewus,burning-legion,480,druid,balance,12,5,7
Hardbasior,burning-legion,480,druid,balance,12,5,7
Liiandri,khaz-modan,480,druid,balance,12,5,7
Kalypsoo,dun-modr,480,druid,balance,12,5,7
Norwy,kazzak,480,druid,balance,12,5,7
Лолэтохег,soulflayer,480,druid,balance,12,5,7
Meowborghini,draenor,480,druid,balance,12,5,7
Sùmmèrz,ravencrest,480,druid,balance,12,5,7
Hansbørge,outland,480,druid,balance,12,5,7
Nikitos,blackrock,480,druid,balance,12,5,7
Yadon,the-maelstrom,480,druid,balance,12,5,7
Elayria,blackmoore,480,druid,balance,12,5,7
Zombrex,blackrock,480,druid,balance,12,5,7
Goated,stormscale,480,druid,balance,12,5,7
Dramweida,eredar,480,druid,balance,12,5,7
Baccon,ravencrest,480,druid,balance,12,5,7
Tomixdd,stormrage,480,druid,balance,12,5,7
Feraline,stormrage,480,druid,balance,12,5,7
Grîsh,burning-legion,480,druid,balance,12,5,7
Flowpowder,stormscale,480,druid,balance,12,5,7
Shreddies,the-maelstrom,480,druid,balance,12,5,7
Benghie,tarren-mill,480,druid,balance,12,5,7
Quisp,ravencrest,480,druid,balance,12,5,7
Meowu,twisting-nether,480,druid,balance,12,5,7
Samthael,antonidas,480,druid,balance,12,5,7
Zomgcow,twisting-nether,480,druid,balance,12,5,7
Tomäkh,ysondre,480,druid,balance,12,5,7
Jubbs,laughing-skull,480,druid,balance,12,5,7
Notdrood,tarren-mill,480,druid,balance,12,5,7
Acwi,dun-morogh,480,druid,balance,12,5,7
Assowl,dalaran,480,druid,balance,12,5,7
Balls,ravenholdt,480,druid,balance,12,5,7
Hussain,silvermoon,480,druid,balance,12,5,7
Vyzir,stormscale,480,druid,balance,12,5,7
Bafere,twisting-nether,480,druid,balance,12,5,7
Agreus,frostwolf,480,druid,balance,12,5,7
Angrykejton,silvermoon,480,druid,balance,12,5,7
Rayjin,bronzebeard,480,druid,balance,12,5,7
Ragnahr,sanguino,480,druid,balance,12,5,7
Mîraculix,dun-morogh,480,druid,balance,12,5,7
Balanced,blackhand,480,druid,balance,12,5,7
Taeldryn,defias-brotherhood,480,druid,balance,12,5,7
Shawkz,kazzak,480,druid,balance,12,5,7
Lyrvaz,ravencrest,480,druid,balance,12,5,7
Kovalawa,archimonde,480,druid,balance,12,5,7
Nasdruu,twisting-nether,480,druid,balance,12,5,7
Theridrax,twisting-nether,480,druid,balance,12,5,7
Wotahn,antonidas,480,druid,balance,12,5,7
Heffko,thrall,480,druid,balance,12,5,7
Zyune,ravencrest,480,druid,balance,12,5,7
Elrandir,tarren-mill,480,druid,balance,12,5,7
Muhlí,malygos,480,druid,balance,12,5,7
Brunogösta,aerie-peak,480,druid,balance,12,5,7
Evølvë,burning-blade,480,druid,balance,12,5,7
Zebår,runetotem,480,druid,balance,12,5,7
Ysu,silvermoon,480,druid,balance,12,5,7
Dendru,ravencrest,480,druid,balance,12,5,7
Vodibull,aegwynn,480,druid,balance,15,6,9
Lemonjohn,outland,480,druid,balance,14,5,9
Sendorac,die-silberne-hand,480,druid,balance,20,7,13
Nyankash,draenor,480,druid,balance,18,5,13
Galadhor,nemesis,480,druid,balance,18,5,13
Teog,stormreaver,480,druid,balance,18,5,13
Kotakota,twisting-nether,480,druid,balance,18,5,13
Menko,trollbane,479,druid,balance,6,5,1
Larsia,nordrassil,479,druid,balance,12,5,7
Tassutan,stormreaver,479,druid,balance,12,5,7
Leifbloomin,silvermoon,479,druid,balance,12,5,7
Khàoticz,draenor,479,druid,balance,12,5,7
Willferal,ravenholdt,479,druid,balance,12,5,7
Biologie,onyxia,479,druid,balance,12,5,7
Flãre,antonidas,479,druid,balance,12,5,7
Wíllférál,twisting-nether,479,druid,balance,18,5,13
Тахикамару,blackscar,479,druid,balance,18,5,13
Любимоетвое,gordunni,479,druid,balance,24,5,19
Чепенкос,gordunni,478,druid,balance,12,5,7
Druza,draenor,478,druid,balance,12,5,7
Lysende,arathor,478,druid,balance,12,5,7
Барли,grom,478,druid,balance,16,6,10
Druvian,argent-dawn,478,druid,balance,24,5,19
Bøa,twisting-nether,477,druid,balance,12,5,7
Hetalia,culte-de-la-rive-noire,477,druid,balance,12,5,7
Stanjr,archimonde,476,druid,balance,18,5,13
Spellmáster,ravencrest,473,druid,balance,12,5,7
Krakus,twisting-nether,473,druid,balance,12,5,7
Drix,frostwolf,463,druid,balance,17,5,12
Fattsocow,stormscale,461,druid,balance,20,6,14
Chouan,marécage-de-zangar,457,druid,balance,21,7,14
Gurranq,argent-dawn,448,druid,balance,15,7,8
Bloodtank,die-ewige-wacht,443,druid,balance,26,6,20
Snec,draenor,431,druid,balance,11,5,6
Boomlex,defias-brotherhood,426,druid,balance,18,6,12
Hkguy,kazzak,425,druid,balance,18,6,12
Kimiza,hyjal,425,druid,balance,26,6,20
Foxîo,frostmane,415,druid,balance,8,5,3
Thaiboimbyy,veknilash,408,druid,balance,33,11,22
Витясхватки,gordunni,399,druid,balance,11,6,5
Ljóskann,kazzak,384,druid,balance,6,4,2
Fordragos,ravencrest,384,druid,balance,6,4,2
Xvmon,draenor,384,druid,balance,6,4,2
Aelins,twisting-nether,384,druid,balance,6,4,2
Lolaven,turalyon,384,druid,balance,6,4,2
Bølzki,twisting-nether,384,druid,balance,6,4,2
Paatz,aegwynn,384,druid,balance,6,4,2
Fzx,aegwynn,384,druid,balance,6,4,2
Kvalitet,outland,384,druid,balance,6,4,2
Ponardo,outland,384,druid,balance,6,4,2
Rawr,dun-morogh,384,druid,balance,6,4,2
Cpt,xavius,384,druid,balance,6,4,2
Juicý,eredar,384,druid,balance,6,4,2
Stoptheclone,nordrassil,384,druid,balance,6,4,2
Womzas,blackhand,384,druid,balance,6,4,2
Didgeridru,silvermoon,384,druid,balance,6,4,2
Kkriss,stormscale,384,druid,balance,6,4,2
Kasugia,aegwynn,384,druid,balance,6,4,2
Кристтл,howling-fjord,384,druid,balance,6,4,2
Knatch,outland,384,druid,balance,6,4,2
Zootxd,ravencrest,384,druid,balance,6,4,2
Zyzk,outland,384,druid,balance,6,4,2
Oloreformed,ravencrest,384,druid,balance,6,4,2
Lolodaad,tarren-mill,384,druid,balance,6,4,2
Izzyb,draenor,384,druid,balance,6,4,2
Tacodudu,ravencrest,384,druid,balance,6,4,2
Vertabrain,twilights-hammer,384,druid,balance,6,4,2
Ekologiskxx,outland,384,druid,balance,6,4,2
Petypeet,drakthul,384,druid,balance,6,4,2
Hyoyoe,stormreaver,384,druid,balance,6,4,2
Yòò,outland,384,druid,balance,6,4,2
Çÿçløñëz,aegwynn,384,druid,balance,6,4,2
Mirde,ravencrest,384,druid,balance,6,4,2
Badbird,thunderhorn,384,druid,balance,6,4,2
Skavenlol,zuljin,384,druid,balance,6,4,2
Youngdipper,draenor,384,druid,balance,6,4,2
Doggydawg,tarren-mill,384,druid,balance,6,4,2
Jwifgodx,archimonde,384,druid,balance,6,4,2
Arkarya,blackmoore,384,druid,balance,6,4,2
Mylanqx,ragnaros,384,druid,balance,6,4,2
Kupalinka,nemesis,384,druid,balance,6,4,2
Juri,blackrock,384,druid,balance,6,4,2
Sapheà,burning-legion,384,druid,balance,6,4,2
Druikraut,silvermoon,384,druid,balance,6,4,2
Noodledru,tarren-mill,384,druid,balance,6,4,2
Организмхд,soulflayer,384,druid,balance,6,4,2
Kefaheden,kazzak,384,druid,balance,6,4,2
Weremyst,outland,384,druid,balance,6,4,2
Dekuul,stormscale,384,druid,balance,6,4,2
Rupali,darksorrow,384,druid,balance,6,4,2
Dermegon,outland,384,druid,balance,6,4,2
Amellian,silvermoon,384,druid,balance,6,4,2
Cmzdruidxdd,ravencrest,384,druid,balance,6,4,2
Jp,eredar,384,druid,balance,6,4,2
Supremedruid,twisting-nether,384,druid,balance,6,4,2
Rãpidã,hyjal,384,druid,balance,6,4,2
Freshpussyz,ravencrest,384,druid,balance,6,4,2
Bigbitez,kazzak,384,druid,balance,6,4,2
Iløvechîcken,blackrock,384,druid,balance,6,4,2
Kattbjörnen,ragnaros,384,druid,balance,6,4,2
Rugsul,kazzak,384,druid,balance,6,4,2
Cornowlius,defias-brotherhood,384,druid,balance,6,4,2
Sunisan,stormscale,384,druid,balance,6,4,2
Sic,quelthalas,384,druid,balance,6,4,2
Dontlift,stormscale,384,druid,balance,6,4,2
Ieatbooty,blackrock,384,druid,balance,6,4,2
Ejaculinho,malganis,384,druid,balance,6,4,2
Zuckersüß,twisting-nether,384,druid,balance,6,4,2
Cursedmee,blackrock,384,druid,balance,9,5,4
Gonco,blackrock,384,druid,balance,8,4,4
Фамай,howling-fjord,384,druid,balance,8,4,4
Viktornado,sylvanas,384,druid,balance,8,4,4
Yee,twisting-nether,384,druid,balance,12,4,8
Kasiopee,hyjal,384,druid,balance,12,4,8
Pathetik,archimonde,384,druid,balance,12,4,8
Moonkin,sylvanas,384,druid,balance,12,4,8
Феразинария,gordunni,384,druid,balance,12,4,8
Alillaeth,ravencrest,384,druid,balance,12,4,8
Lorucka,die-nachtwache,384,druid,balance,12,4,8
Tønychopper,sanguino,384,druid,balance,12,4,8
Kooglaash,kazzak,384,druid,balance,12,4,8
Astracat,korgall,384,druid,balance,12,4,8
Manimalia,kazzak,384,druid,balance,12,4,8
Supacat,archimonde,384,druid,balance,12,4,8
Cheeselake,blackmoore,384,druid,balance,12,4,8
Bellatrx,darksorrow,384,druid,balance,12,4,8
Rastamona,draenor,384,druid,balance,12,4,8
Ralenia,ravencrest,384,druid,balance,12,4,8
Sixtyinches,burning-blade,384,druid,balance,12,4,8
Drujoty,cthun,384,druid,balance,12,4,8
Zerebrô,mannoroth,384,druid,balance,12,4,8
Allîyâ,archimonde,384,druid,balance,12,4,8
Drodiax,outland,384,druid,balance,12,4,8
Nighttsorrow,drakthul,384,druid,balance,12,4,8
Ppr,stormscale,384,druid,balance,12,4,8
Delaghetto,kilrogg,384,druid,balance,12,4,8
Димитрий,ashenvale,384,druid,balance,12,4,8
Druidytrudy,blackrock,384,druid,balance,12,4,8
Laguna,ravencrest,384,druid,balance,12,4,8
Alanpapi,sanguino,384,druid,balance,12,4,8
Hipnos,sanguino,384,druid,balance,12,4,8
Elainx,thrall,384,druid,balance,12,4,8
Eralon,alleria,384,druid,balance,12,4,8
Athai,conseil-des-ombres,384,druid,balance,12,4,8
Funka,uldum,384,druid,balance,12,4,8
Auden,arathor,384,druid,balance,12,4,8
Sâty,draenor,384,druid,balance,12,4,8
Roxshifter,tarren-mill,384,druid,balance,12,4,8
Tvert,dalaran,384,druid,balance,12,4,8
Zerwurster,kazzak,384,druid,balance,12,4,8
Мукару,howling-fjord,384,druid,balance,12,4,8
Kiggstar,blackmoore,384,druid,balance,12,4,8
Spenkdetank,grim-batol,384,druid,balance,12,4,8
Galadrys,defias-brotherhood,384,druid,balance,12,4,8
Pengington,blackrock,384,druid,balance,12,4,8
Мехнакиске,howling-fjord,384,druid,balance,14,4,10
Gwendalyr,silvermoon,384,druid,balance,18,4,14
Caatty,silvermoon,384,druid,balance,18,4,14
Penywiser,sylvanas,384,druid,balance,18,4,14
Leekroom,forscherliga,384,druid,balance,24,4,20
Elm,trollbane,383,druid,balance,6,4,2
Mássacré,aegwynn,383,druid,balance,6,4,2
Храмульчик,blackscar,383,druid,balance,6,4,2
Sherse,ravencrest,383,druid,balance,6,4,2
Hecaloth,drakthul,383,druid,balance,6,4,2
Fluke,thrall,383,druid,balance,11,4,7
Blablábla,silvermoon,383,druid,balance,12,4,8
Moonpouk,archimonde,383,druid,balance,12,4,8
Ondope,blackmoore,383,druid,balance,12,4,8
Zedmok,archimonde,383,druid,balance,12,4,8
Rústy,baelgun,383,druid,balance,12,4,8
Manglefury,ravencrest,382,druid,balance,12,4,8
Puuhalí,stormreaver,380,druid,balance,12,4,8
Buffalus,draenor,380,druid,balance,12,4,8
Wuki,conseil-des-ombres,379,druid,balance,12,4,8
Kocovali,frostmane,379,druid,balance,12,4,8
Billybobb,dentarg,377,druid,balance,19,8,11
Ráw,dun-modr,367,druid,balance,11,4,7
Gôdzîllâ,silvermoon,352,druid,balance,10,4,6
Blakemonster,khaz-modan,351,druid,balance,8,5,3
Zybri,ragnaros,351,druid,balance,11,4,7
Oaeb,stormscale,351,druid,balance,11,4,7
Nightshaðe,argent-dawn,351,druid,balance,11,4,7
Zertyop,arathi,351,druid,balance,14,5,9
Soný,aegwynn,336,druid,balance,9,5,4
Sketit,grim-batol,335,druid,balance,11,4,7
Dresten,burning-blade,330,druid,balance,13,5,8
Tarîx,aegwynn,330,druid,balance,15,5,10
Drúîid,kazzak,319,druid,balance,5,4,1
Eclipße,silvermoon,319,druid,balance,5,4,1
Shapeshifts,kul-tiras,319,druid,balance,8,4,4
Olula,blackmoore,319,druid,balance,8,4,4
Lazherra,drakthul,319,druid,balance,8,4,4
Alligatordru,kazzak,319,druid,balance,20,4,16
Mogwaî,arygos,288,druid,balance,6,3,3
Pèreco,hyjal,288,druid,balance,6,3,3
Yezzir,defias-brotherhood,288,druid,balance,6,3,3
Skailzdruid,hyjal,288,druid,balance,6,3,3
Tyldormeow,tarren-mill,288,druid,balance,6,3,3
Блиденг,gordunni,288,druid,balance,6,3,3
Прит,gordunni,288,druid,balance,6,3,3
Dízzy,malganis,288,druid,balance,6,3,3
Gnarrdrood,eredar,288,druid,balance,6,3,3
Moonkyye,hyjal,288,druid,balance,6,3,3
Okboomi,hyjal,288,druid,balance,6,3,3
Zfaf,hyjal,288,druid,balance,6,3,3
Leslra,agamaggan,288,druid,balance,6,3,3
Rêdx,archimonde,288,druid,balance,6,3,3
Èspartana,dun-modr,288,druid,balance,6,3,3
Àyóorts,archimonde,288,druid,balance,6,3,3
Filiduttkatt,ravencrest,288,druid,balance,6,3,3
Stiffýz,archimonde,288,druid,balance,6,3,3
Durlehardu,archimonde,288,druid,balance,6,3,3
Rbg,dun-modr,288,druid,balance,6,3,3
Vícvega,ravencrest,288,druid,balance,6,3,3
Panoramiix,throkferoth,288,druid,balance,6,3,3
Shyasiandru,area-52,288,druid,balance,6,3,3
Framoin,archimonde,288,druid,balance,6,3,3
Houwalia,archimonde,288,druid,balance,6,3,3
Rallemaister,tarren-mill,288,druid,balance,6,3,3
Barbulloup,hyjal,288,druid,balance,6,3,3
Дизельпауэр,soulflayer,288,druid,balance,6,3,3
Pandøøræ,archimonde,288,druid,balance,6,3,3
Gourdingodx,archimonde,288,druid,balance,6,3,3
Halown,twisting-nether,288,druid,balance,6,3,3
Uníverse,blackmoore,288,druid,balance,6,3,3
Devilmag,twisting-nether,288,druid,balance,6,3,3
Treksta,draenor,288,druid,balance,6,3,3
Balthazaar,ysera,288,druid,balance,6,3,3
Høtbøt,ysera,288,druid,balance,6,3,3
Graegan,archimonde,288,druid,balance,6,3,3
Вооми,gordunni,288,druid,balance,6,3,3
Duchaliot,nemesis,288,druid,balance,6,3,3
Yogui,zuljin,288,druid,balance,6,3,3
Flaiq,twisting-nether,288,druid,balance,6,3,3
Блинчек,gordunni,288,druid,balance,6,3,3
Kesismahmut,twisting-nether,288,druid,balance,6,3,3
Fishe,twisting-nether,288,druid,balance,6,3,3
Ripmacmiller,grim-batol,288,druid,balance,6,3,3
Ilus,outland,288,druid,balance,6,3,3
Fayn,aggra-português,288,druid,balance,6,3,3
Sparkex,ravencrest,288,druid,balance,6,3,3
Ullainho,stormscale,288,druid,balance,6,3,3
Haffro,twisting-nether,288,druid,balance,6,3,3
Moonskeng,quelthalas,288,druid,balance,6,3,3
Garadon,pozzo-delleternità,288,druid,balance,6,3,3
Blietmachine,ravencrest,288,druid,balance,6,3,3
Porklife,tarren-mill,288,druid,balance,6,3,3
Weestevie,ragnaros,288,druid,balance,6,3,3
Djclonebot,kazzak,288,druid,balance,6,3,3
Trollsona,twisting-nether,288,druid,balance,6,3,3
Bäckey,silvermoon,288,druid,balance,6,3,3
Llcooljay,ravencrest,288,druid,balance,6,3,3
Twandagreat,ravencrest,288,druid,balance,6,3,3
Testopöllö,ravencrest,288,druid,balance,6,3,3
Bloomin,sylvanas,288,druid,balance,6,3,3
Bámbí,sylvanas,288,druid,balance,6,3,3
Svantte,stormreaver,288,druid,balance,6,3,3
Буммбом,soulflayer,288,druid,balance,6,3,3
Kropieto,outland,288,druid,balance,6,3,3
Taraka,blackmoore,288,druid,balance,6,3,3
Easypointsx,tarren-mill,288,druid,balance,6,3,3
Erelieva,silvermoon,288,druid,balance,6,3,3
Telidari,argent-dawn,288,druid,balance,6,3,3
Catgirlx,ravencrest,288,druid,balance,6,3,3
Сэнтэс,soulflayer,288,druid,balance,6,3,3
Xlife,silvermoon,288,druid,balance,6,3,3
Junglelist,antonidas,288,druid,balance,6,3,3
Jazeera,ragnaros,288,druid,balance,6,3,3
Moonrake,antonidas,288,druid,balance,6,3,3
Sucukk,antonidas,288,druid,balance,6,3,3
Zagrem,antonidas,288,druid,balance,6,3,3
Sÿlph,sylvanas,288,druid,balance,6,3,3
Byjiblznuk,kazzak,288,druid,balance,6,3,3
Skiiter,draenor,288,druid,balance,6,3,3
Druidat,kazzak,288,druid,balance,6,3,3
Drester,blackrock,288,druid,balance,6,3,3
Dabulla,kazzak,288,druid,balance,6,3,3
Ninato,blackmoore,288,druid,balance,6,3,3
Måckïngsx,the-maelstrom,288,druid,balance,6,3,3
Hippycraft,the-maelstrom,288,druid,balance,6,3,3
Phike,blackrock,288,druid,balance,6,3,3
Дядявадядру,soulflayer,288,druid,balance,6,3,3
Qflow,kazzak,288,druid,balance,6,3,3
Hordepwnr,sylvanas,288,druid,balance,6,3,3
Mikeisbike,ragnaros,288,druid,balance,6,3,3
Ihatemétoo,stormscale,288,druid,balance,6,3,3
Jaykerlol,kazzak,288,druid,balance,6,3,3
Avalòn,tarren-mill,288,druid,balance,6,3,3
Kvngthegoat,kazzak,288,druid,balance,6,3,3
Lorritha,sylvanas,288,druid,balance,6,3,3
Amakary,blackrock,288,druid,balance,6,3,3
Kusho,draenor,288,druid,balance,6,3,3
Flower,aggramar,288,druid,balance,6,3,3
Tribemeister,twisting-nether,288,druid,balance,6,3,3
Cáptnmorgan,blackmoore,288,druid,balance,6,3,3
Treerion,ravencrest,288,druid,balance,6,3,3
Bígbaddruid,blackrock,288,druid,balance,6,3,3
Yeats,blackmoore,288,druid,balance,6,3,3
Quinteness,silvermoon,288,druid,balance,6,3,3
Yezzízò,ravencrest,288,druid,balance,6,3,3
Maldrýn,stormscale,288,druid,balance,6,3,3
Toy,ragnaros,288,druid,balance,6,3,3
Shermi,eredar,288,druid,balance,6,3,3
Baubles,ghostlands,288,druid,balance,6,3,3
Treebags,ravencrest,288,druid,balance,6,3,3
Atheros,outland,288,druid,balance,6,3,3
Johndru,kazzak,288,druid,balance,6,3,3
Hð,blackmoore,288,druid,balance,6,3,3
Sweqt,argent-dawn,288,druid,balance,6,3,3
Seey,thrall,288,druid,balance,6,3,3
Замакибо,howling-fjord,288,druid,balance,11,5,6
Furíouz,darksorrow,288,druid,balance,9,4,5
Terompotodo,cthun,288,druid,balance,10,4,6
Bootydrooty,thrall,288,druid,balance,9,3,6
Benduu,doomhammer,288,druid,balance,11,3,8
Astralpandas,kazzak,288,druid,balance,15,4,11
Leafceld,aggra-português,288,druid,balance,12,3,9
Redgreenblue,ravencrest,288,druid,balance,12,3,9
Kidow,wrathbringer,288,druid,balance,12,3,9
Viølin,silvermoon,288,druid,balance,12,3,9
Tayswiftmend,defias-brotherhood,288,druid,balance,12,3,9
Kodislem,grim-batol,288,druid,balance,12,3,9
Akkamory,terokkar,288,druid,balance,12,3,9
Thaneo,blackmoore,288,druid,balance,12,3,9
Chickenlegx,blackmoore,288,druid,balance,12,3,9
Tuathdedann,ravencrest,288,druid,balance,12,3,9
Иссарил,gordunni,288,druid,balance,12,3,9
Groncowski,blackmoore,288,druid,balance,12,3,9
Cosmovibe,terokkar,288,druid,balance,12,3,9
Onlycustard,outland,288,druid,balance,12,3,9
Zuwyldxd,blackrock,288,druid,balance,12,3,9
Loverace,dun-modr,288,druid,balance,12,3,9
Kãrá,argent-dawn,288,druid,balance,12,3,9
Nyomnom,ravencrest,288,druid,balance,12,3,9
Astralcaller,kazzak,288,druid,balance,12,3,9
Segundø,archimonde,288,druid,balance,12,3,9
Kärmä,eldrethalas,288,druid,balance,12,3,9
Druidlaba,drakthul,288,druid,balance,12,3,9
Hävefunny,archimonde,288,druid,balance,18,3,15
Bigcappa,ahnqiraj,287,druid,balance,6,3,3
Walkao,tarren-mill,287,druid,balance,6,3,3
Dasgrandeur,kazzak,287,druid,balance,6,3,3
Slachtafval,twisting-nether,287,druid,balance,14,3,11
Millworgen,norgannon,286,druid,balance,12,3,9
Razah,ravencrest,286,druid,balance,12,3,9
Rahkki,malfurion,284,druid,balance,12,3,9
Шев,blackscar,270,druid,balance,7,4,3
Jhiun,ragnaros,256,druid,balance,4,4,0
Calligenia,antonidas,256,druid,balance,16,3,13
Bóssít,doomhammer,255,druid,balance,11,3,8
Drulius,tarren-mill,240,druid,balance,9,4,5
Yinkxzwo,blackmoore,240,druid,balance,9,3,6
Zyell,silvermoon,239,druid,balance,11,3,8
Bookashde,frostmane,234,druid,balance,7,4,3
Treebearded,agamaggan,234,druid,balance,7,4,3
Tmhaikyu,blackhand,234,druid,balance,15,5,10
Tàak,hyjal,223,druid,balance,8,3,5
Tiemyrôpe,outland,223,druid,balance,14,3,11
Qoatazinha,malganis,192,druid,balance,4,3,1
Zeeqi,draenor,192,druid,balance,6,2,4
Chickenrice,blackhand,192,druid,balance,6,2,4
Trueforms,ravencrest,192,druid,balance,6,2,4
Çât,kazzak,192,druid,balance,6,2,4
Foxglove,ravencrest,192,druid,balance,6,2,4
Escares,blackrock,192,druid,balance,6,2,4
Entelol,blackrock,192,druid,balance,6,2,4
Gotika,blackrock,192,druid,balance,6,2,4
Hotributionx,ravencrest,192,druid,balance,6,2,4
Jaffacakeqt,draenor,192,druid,balance,6,2,4
Анкарон,howling-fjord,192,druid,balance,6,2,4
Iqqzazagotme,hyjal,192,druid,balance,6,2,4
Trowbsi,blackmoore,192,druid,balance,6,2,4
Twodaysordie,ravencrest,192,druid,balance,6,2,4
Gladiata,tarren-mill,192,druid,balance,6,2,4
Kwenden,arygos,192,druid,balance,6,2,4
Överskåp,tarren-mill,192,druid,balance,6,2,4
Друнуар,gordunni,192,druid,balance,6,2,4
Tadoson,blackmoore,192,druid,balance,6,2,4
Jimmyxdd,kazzak,192,druid,balance,6,2,4
Susaru,blackrock,192,druid,balance,6,2,4
Старселлер,gordunni,192,druid,balance,6,2,4
Héryse,hyjal,192,druid,balance,6,2,4
Meatus,ragnaros,192,druid,balance,6,2,4
Xenoovia,silvermoon,192,druid,balance,6,2,4
Minaervea,antonidas,192,druid,balance,6,2,4
Имбахилка,lich-king,192,druid,balance,6,2,4
Pawnamera,norgannon,192,druid,balance,6,2,4
Энокей,gordunni,192,druid,balance,6,2,4
Chugs,blackmoore,192,druid,balance,6,2,4
Sychlone,ravencrest,192,druid,balance,6,2,4
Kittyclâw,perenolde,192,druid,balance,6,2,4
Lem,dentarg,192,druid,balance,6,2,4
Ahriany,blackmoore,192,druid,balance,6,2,4
Exist,kul-tiras,192,druid,balance,6,2,4
Jonnaxø,ravencrest,192,druid,balance,6,2,4
Violess,burning-legion,192,druid,balance,6,2,4
Biebear,sylvanas,192,druid,balance,6,2,4
Chzycow,twisting-nether,192,druid,balance,6,2,4
Versality,lightnings-blade,192,druid,balance,6,2,4
Saliencias,kazzak,192,druid,balance,6,2,4
Ðîwø,blackhand,192,druid,balance,6,2,4
Æsc,cthun,192,druid,balance,6,2,4
Healingwool,ravencrest,192,druid,balance,6,2,4
Filderah,doomhammer,192,druid,balance,6,2,4
Faetish,hyjal,192,druid,balance,6,2,4
Natuh,outland,192,druid,balance,6,2,4
Hîlal,blackrock,192,druid,balance,6,2,4
Маалир,gordunni,192,druid,balance,6,2,4
Hotenhope,sylvanas,192,druid,balance,6,2,4
Edal,chogall,192,druid,balance,6,2,4
Wakanishu,tarren-mill,192,druid,balance,6,2,4
Jflow,draenor,192,druid,balance,6,2,4
Mmhcharal,voljin,192,druid,balance,6,2,4
Svanturken,kazzak,192,druid,balance,6,2,4
Wheyproteín,dun-modr,192,druid,balance,6,2,4
Druidbox,ravencrest,192,druid,balance,6,2,4
Lïlara,elune,192,druid,balance,6,2,4
Tamburoo,tarren-mill,192,druid,balance,6,2,4
Kaamirach,blackmoore,192,druid,balance,6,2,4
Бабкавтанке,gordunni,192,druid,balance,6,2,4
Tallbutshort,stormscale,192,druid,balance,6,2,4
Auntypat,defias-brotherhood,192,druid,balance,6,2,4
Eldorädo,ravencrest,192,druid,balance,6,2,4
Fripôuille,ysondre,192,druid,balance,6,2,4
Dinnalia,ravencrest,192,druid,balance,6,2,4
Luveena,kazzak,192,druid,balance,6,2,4
Csmedruid,blackrock,192,druid,balance,6,2,4
Slakkielief,archimonde,192,druid,balance,6,2,4
Hâyâbusa,antonidas,192,druid,balance,6,2,4
Brømberry,blackrock,192,druid,balance,6,2,4
Jordnötssmör,draenor,192,druid,balance,6,2,4
Maxreflect,pozzo-delleternità,192,druid,balance,6,2,4
Nilatsfloda,quelthalas,192,druid,balance,6,2,4
Borne,aggra-português,192,druid,balance,6,2,4
Arzalor,burning-legion,192,druid,balance,6,2,4
Devill,grim-batol,192,druid,balance,6,2,4
Уличныйиисус,azuregos,192,druid,balance,6,2,4
Дробовик,soulflayer,192,druid,balance,6,2,4
Kätsumï,dun-modr,192,druid,balance,6,2,4
Djkoolaid,frostwolf,192,druid,balance,6,2,4
Caskas,nemesis,192,druid,balance,6,2,4
Bamso,daggerspine,192,druid,balance,6,2,4
Eschatos,argent-dawn,192,druid,balance,6,2,4
Daunt,wrathbringer,192,druid,balance,6,2,4
Deadlydudu,magtheridon,192,druid,balance,6,2,4
Tranduiil,drakthul,192,druid,balance,6,2,4
Erkerkerk,twisting-nether,192,druid,balance,6,2,4
Катали,soulflayer,192,druid,balance,6,2,4
Descarn,nazjatar,192,druid,balance,6,2,4
Santaana,silvermoon,192,druid,balance,6,2,4
Снэйк,borean-tundra,192,druid,balance,6,2,4
Halfaway,ravencrest,192,druid,balance,6,2,4
Scopix,aegwynn,192,druid,balance,6,2,4
Nonamà,nemesis,192,druid,balance,6,2,4
Mallahide,silvermoon,192,druid,balance,6,2,4
Fromeden,silvermoon,192,druid,balance,6,2,4
Successhaver,argent-dawn,192,druid,balance,6,2,4
Agrodudu,draenor,192,druid,balance,6,2,4
Chickenboss,sanguino,192,druid,balance,6,2,4
Skrewu,silvermoon,192,druid,balance,6,2,4
Varìx,ysondre,192,druid,balance,6,2,4
Layzz,archimonde,192,druid,balance,6,2,4
Hadespool,sanguino,192,druid,balance,6,2,4
Jéssíé,silvermoon,192,druid,balance,6,2,4
Sorkoxd,silvermoon,192,druid,balance,6,2,4
Chupapoya,pozzo-delleternità,192,druid,balance,6,2,4
Zolduran,archimonde,192,druid,balance,6,2,4
Deezforms,kazzak,192,druid,balance,6,2,4
Hypdsbrazz,aegwynn,192,druid,balance,6,2,4
Roshgar,magtheridon,192,druid,balance,6,2,4
Biggestbirdx,stormscale,192,druid,balance,6,2,4
Kuzka,dun-modr,192,druid,balance,6,2,4
Amberleaf,chamber-of-aspects,192,druid,balance,6,2,4
Fireinmyhole,hyjal,192,druid,balance,6,2,4
Voganz,archimonde,192,druid,balance,6,2,4
Blacksage,dragonmaw,192,druid,balance,6,2,4
Bossdruid,aegwynn,192,druid,balance,6,2,4
Maxiturbogay,stormscale,192,druid,balance,6,2,4
Panørax,archimonde,192,druid,balance,6,2,4
Pepenno,draenor,192,druid,balance,6,2,4
Seøms,aegwynn,192,druid,balance,6,2,4
Natzuri,lothar,192,druid,balance,6,2,4
Galgaan,burning-legion,192,druid,balance,6,2,4
Lillu,aggramar,192,druid,balance,6,2,4
Окимоно,ashenvale,192,druid,balance,6,2,4
Spidete,sanguino,192,druid,balance,6,2,4
Raïby,archimonde,192,druid,balance,6,2,4
Mermelijn,argent-dawn,192,druid,balance,6,2,4
Psychócat,silvermoon,192,druid,balance,6,2,4
Tuuqa,draenor,192,druid,balance,6,2,4
Marryat,argent-dawn,192,druid,balance,6,2,4
Kawaiiswag,kazzak,192,druid,balance,6,2,4
Energäde,twisting-nether,192,druid,balance,7,2,5
Gortarn,defias-brotherhood,192,druid,balance,8,2,6
Aceeu,dalaran,192,druid,balance,9,2,7
Ostrich,arathor,192,druid,balance,11,2,9
Asanaria,ravencrest,192,druid,balance,12,2,10
Kramit,ravencrest,192,druid,balance,12,2,10
Aristrea,dun-morogh,192,druid,balance,12,2,10
Lelyssa,burning-legion,192,druid,balance,12,2,10
Darksthero,draenor,192,druid,balance,12,2,10
Avanishri,defias-brotherhood,192,druid,balance,12,2,10
Wolfverine,dentarg,192,druid,balance,12,2,10
Dørzz,blackmoore,192,druid,balance,12,2,10
Broasted,stormscale,192,druid,balance,12,2,10
Celainiël,argent-dawn,192,druid,balance,12,2,10
Onmyass,dragonblight,192,druid,balance,12,2,10
Druidja,sylvanas,192,druid,balance,12,2,10
Ãnimal,argent-dawn,192,druid,balance,12,2,10
Azdr,ravencrest,192,druid,balance,12,2,10
Barnea,malfurion,192,druid,balance,12,2,10
Sumbahe,blackrock,191,druid,balance,6,2,4
Catbear,kazzak,191,druid,balance,6,2,4
Сугрик,deathweaver,191,druid,balance,9,2,7
Silvacustos,teldrassil,191,druid,balance,12,2,10
Myrddil,kult-der-verdammten,191,druid,balance,12,2,10
Arrock,malfurion,191,druid,balance,12,2,10
Evenstar,cthun,191,druid,balance,18,2,16
Garbagemonky,amanthul,169,druid,balance,12,5,7
Блэкфорест,gordunni,169,druid,balance,10,4,6
Fabsl,archimonde,159,druid,balance,5,2,3
Testoprime,draenor,159,druid,balance,5,2,3
Ацкийдру,gordunni,159,druid,balance,5,2,3
Bellatrx,blackmoore,159,druid,balance,5,2,3
Vendeqt,aegwynn,159,druid,balance,5,2,3
Aerobicgirlx,malganis,159,druid,balance,11,2,9
Aütumn,twisting-nether,144,druid,balance,9,3,6
Иосси,soulflayer,138,druid,balance,9,5,4
Kôrtêx,blackmoore,138,druid,balance,10,3,7
Покусаютебя,gordunni,138,druid,balance,10,3,7
Xaahl,archimonde,128,druid,balance,4,2,2
Tekilaz,sanguino,128,druid,balance,4,2,2
Speedlebee,malganis,128,druid,balance,4,2,2
Ligoz,silvermoon,96,druid,balance,3,2,1
Uwina,silvermoon,96,druid,balance,3,2,1
Shalysae,silvermoon,96,druid,balance,6,1,5
Maaghera,silvermoon,96,druid,balance,6,1,5
Nøwørnever,ulduar,96,druid,balance,6,1,5
Редонт,gordunni,96,druid,balance,6,1,5
Kintàro,nemesis,96,druid,balance,6,1,5
Foqua,twisting-nether,96,druid,balance,6,1,5
Samuelito,ravencrest,96,druid,balance,6,1,5
Fullcyclone,stormscale,96,druid,balance,6,1,5
Хенет,blackscar,96,druid,balance,6,1,5
Lemónde,outland,96,druid,balance,6,1,5
Маминапуська,soulflayer,96,druid,balance,6,1,5
Ewena,ragnaros,96,druid,balance,6,1,5
Apojeanne,hyjal,96,druid,balance,6,1,5
Arún,nazjatar,96,druid,balance,6,1,5
Avis,dethecus,96,druid,balance,6,1,5
Herekitykity,frostmane,96,druid,balance,6,1,5
Reyk,sunstrider,96,druid,balance,6,1,5
Ösdru,tarren-mill,96,druid,balance,6,1,5
Tàazz,sargeras,96,druid,balance,6,1,5
Leafy,sanguino,96,druid,balance,6,1,5
Frequentist,ragnaros,96,druid,balance,6,1,5
Voodeen,burning-legion,96,druid,balance,6,1,5
Skinnyleg,baelgun,96,druid,balance,6,1,5
Basz,outland,96,druid,balance,6,1,5
Ashiothie,argent-dawn,96,druid,balance,6,1,5
Akîra,twisting-nether,96,druid,balance,6,1,5
Gracelock,argent-dawn,96,druid,balance,6,1,5
Dobitok,blackrock,96,druid,balance,6,1,5
Арбузир,howling-fjord,96,druid,balance,6,1,5
Lofastfox,ragnaros,96,druid,balance,6,1,5
Drroger,kazzak,96,druid,balance,6,1,5
Zaerox,ambossar,96,druid,balance,6,1,5
Kaira,kazzak,96,druid,balance,6,1,5
Котябра,gordunni,96,druid,balance,6,1,5
Tigerbalm,ravenholdt,96,druid,balance,6,1,5
Titurel,zuljin,96,druid,balance,6,1,5
Chiendetalus,ysondre,96,druid,balance,6,1,5
Ironveins,ravencrest,96,druid,balance,6,1,5
Blazoor,frostwolf,96,druid,balance,6,1,5
Flauschtatze,wrathbringer,96,druid,balance,6,1,5
Woolee,area-52,96,druid,balance,6,1,5
Leronox,blackmoore,96,druid,balance,6,1,5
Scarykejton,draenor,96,druid,balance,6,1,5
Сверххищникк,soulflayer,96,druid,balance,6,1,5
Druiduis,minahonda,96,druid,balance,6,1,5
Bjaerntass,darksorrow,96,druid,balance,6,1,5
Nubsi,aegwynn,96,druid,balance,6,1,5
Eredhion,stormscale,96,druid,balance,6,1,5
Panigale,dun-modr,96,druid,balance,6,1,5
Telavie,antonidas,96,druid,balance,6,1,5
Lilkâzzam,blackrock,96,druid,balance,6,1,5
Brownny,dun-modr,96,druid,balance,6,1,5
Môõn,tarren-mill,96,druid,balance,6,1,5
Donoz,ravencrest,96,druid,balance,6,1,5
Ferdax,outland,96,druid,balance,6,1,5
Jamaicanherb,bronzebeard,96,druid,balance,6,1,5
Pudseytree,doomhammer,96,druid,balance,6,1,5
Droodzerqt,archimonde,96,druid,balance,6,1,5
Nermax,kazzak,96,druid,balance,6,1,5
Tortugo,dun-modr,96,druid,balance,6,1,5
Maum,outland,96,druid,balance,6,1,5
Calume,dun-modr,96,druid,balance,6,1,5
Пё,howling-fjord,96,druid,balance,6,1,5
Siahra,khaz-modan,96,druid,balance,6,1,5
Blolzz,silvermoon,96,druid,balance,6,1,5
Ripndip,eredar,96,druid,balance,6,1,5
Nelfboyuk,tarren-mill,96,druid,balance,6,1,5
Garudax,blackrock,96,druid,balance,6,1,5
Nstt,dun-modr,96,druid,balance,6,1,5
Dreathie,kazzak,96,druid,balance,6,1,5
Beginníng,outland,96,druid,balance,6,1,5
Enia,azjolnerub,96,druid,balance,6,1,5
Ekxn,archimonde,96,druid,balance,6,1,5
Xwerzz,stormscale,96,druid,balance,6,1,5
Uniquz,sylvanas,96,druid,balance,6,1,5
Druwidess,archimonde,96,druid,balance,6,1,5
Пасторизсша,soulflayer,96,druid,balance,6,1,5
Anahita,emerald-dream,96,druid,balance,6,1,5
Beatball,aegwynn,96,druid,balance,6,1,5
Твойбарсик,gordunni,96,druid,balance,6,1,5
Blùwe,archimonde,96,druid,balance,6,1,5
Stuntgirlcat,pozzo-delleternità,96,druid,balance,6,1,5
Drude,archimonde,96,druid,balance,6,1,5
Nayemi,blackmoore,96,druid,balance,6,1,5
Hotseîdank,blackrock,96,druid,balance,6,1,5
Ghxsty,silvermoon,96,druid,balance,6,1,5
Karbonaten,draenor,96,druid,balance,6,1,5
Cattdamon,outland,96,druid,balance,6,1,5
Periklasus,antonidas,96,druid,balance,6,1,5
Soléda,thrall,96,druid,balance,7,1,6
Búll,aegwynn,96,druid,balance,7,1,6
Bìerchen,antonidas,96,druid,balance,12,1,11
Summër,los-errantes,96,druid,balance,12,1,11
Noiir,malfurion,96,druid,balance,12,1,11
Grynoth,silvermoon,96,druid,balance,12,1,11
Maßka,terokkar,96,druid,balance,12,1,11
Ninmah,quelthalas,96,druid,balance,12,1,11
Lïs,the-maelstrom,96,druid,balance,12,1,11
Nissemand,ravencrest,96,druid,balance,12,1,11
Tarendil,argent-dawn,96,druid,balance,12,1,11
Pegatron,outland,96,druid,balance,14,1,13
Gawsworth,aerie-peak,95,druid,balance,6,1,5
Truebadass,draenor,94,druid,balance,4,3,1
Revoidý,blackmoore,79,druid,balance,5,1,4
Qb,blackrock,79,druid,balance,5,1,4
Bráveukrainé,ravencrest,79,druid,balance,5,1,4
Kodobursto,stormscale,79,druid,balance,6,1,5
Submeplz,archimonde,64,druid,balance,4,1,3
Ушастикэ,gordunni,64,druid,balance,4,1,3
Gatouss,eldrethalas,63,druid,balance,2,2,0
Soofyan,kazzak,48,druid,balance,3,1,2
Rakúsh,thrall,48,druid,balance,3,1,2
Exïlla,archimonde,48,druid,balance,3,1,2
Detlaff,draenor,48,druid,balance,9,1,8
Madschinken,malganis,42,druid,balance,8,2,6
Melonjuicer,argent-dawn,42,druid,balance,9,2,7
Plankface,ravencrest,42,druid,balance,21,3,18
Trànsformer,nemesis,31,druid,balance,2,1,1
Nalreaa,kazzak,31,druid,balance,8,1,7
Gejtu,the-venture-co,16,druid,balance,1,1,0
Morboka,dalaran,16,druid,balance,1,1,0
Báttlx,blackrock,16,druid,balance,7,1,6
Nèthy,argent-dawn,2244,evoker,preservation,77,47,30
Kankethyr,korgall,2241,evoker,preservation,113,67,46
Nesedon,stormscale,2197,evoker,preservation,359,190,169
Néthy,argent-dawn,2191,evoker,preservation,186,105,81
Elcocodrilo,tarren-mill,2180,evoker,preservation,84,44,40
Gardennewt,ravencrest,2158,evoker,preservation,90,49,41
Jacko,nemesis,2158,evoker,preservation,89,48,41
Zimbello,nemesis,2154,evoker,preservation,264,148,116
Gardenewt,ravencrest,2153,evoker,preservation,108,59,49
Бедныйгрузин,howling-fjord,2146,evoker,preservation,72,43,29
Zychodrac,draenor,2145,evoker,preservation,148,74,74
Bodytypezero,terenas,2133,evoker,preservation,140,77,63
Sukkmymadnes,draenor,2120,evoker,preservation,79,39,40
Сансетшторм,gordunni,2119,evoker,preservation,88,47,41
Vokedrak,eredar,2118,evoker,preservation,113,58,55
Drogon,shendralar,2114,evoker,preservation,114,67,47
Kronata,sanguino,2112,evoker,preservation,102,45,57
Dn,shattered-hand,2111,evoker,preservation,89,46,43
Najikí,tarren-mill,2109,evoker,preservation,137,79,58
Dragonsweat,hyjal,2088,evoker,preservation,120,66,54
Bodytypefour,stormscale,2084,evoker,preservation,120,57,63
Ms,ravencrest,2052,evoker,preservation,82,43,39
Haxyia,outland,2052,evoker,preservation,138,71,67
Smellybreath,ravencrest,2048,evoker,preservation,54,32,22
Humòngóus,kazzak,2042,evoker,preservation,60,31,29
Драконсила,gordunni,2039,evoker,preservation,113,62,51
Гачитварь,galakrond,2039,evoker,preservation,317,156,161
Flouzzx,blackmoore,2038,evoker,preservation,90,50,40
Dizablise,burning-legion,2014,evoker,preservation,119,62,57
Nerfevøker,ragnaros,2008,evoker,preservation,124,63,61
Diggidydract,silvermoon,2005,evoker,preservation,68,32,36
Puzikloh,ravencrest,1992,evoker,preservation,48,24,24
Podonok,ravencrest,1989,evoker,preservation,180,93,87
Xays,ravencrest,1987,evoker,preservation,100,50,50
Sinéstrà,antonidas,1982,evoker,preservation,246,125,121
Шафлэнжоер,fordragon,1977,evoker,preservation,36,23,13
Asgá,kazzak,1973,evoker,preservation,50,24,26
Onelastdance,ravencrest,1971,evoker,preservation,77,66,11
Ноубадиаттак,soulflayer,1963,evoker,preservation,102,49,53
Dreamwalk,archimonde,1950,evoker,preservation,66,38,28
Rvrsl,outland,1948,evoker,preservation,435,219,216
Jkdrage,stormscale,1941,evoker,preservation,72,35,37
Nivoker,kazzak,1937,evoker,preservation,90,49,41
Asyncgosa,ravencrest,1935,evoker,preservation,107,51,56
Sindragonk,ravencrest,1931,evoker,preservation,48,33,15
Baddragonn,nemesis,1931,evoker,preservation,41,25,16
Notadvanced,draenor,1931,evoker,preservation,75,34,41
Theories,blackhand,1927,evoker,preservation,128,60,68
Matrixslave,tarren-mill,1922,evoker,preservation,133,74,59
Dragondaddy,eredar,1917,evoker,preservation,114,63,51
Waifuwu,blackhand,1912,evoker,preservation,229,111,118
Mauül,ravencrest,1911,evoker,preservation,156,95,61
Seafolk,stormscale,1909,evoker,preservation,291,157,134
Púñterx,kazzak,1907,evoker,preservation,89,47,42
Jamesdéan,twisting-nether,1905,evoker,preservation,113,70,43
Plogi,twisting-nether,1905,evoker,preservation,78,43,35
Mistrßroducr,stormreaver,1905,evoker,preservation,42,21,21
Dracthal,blackmoore,1903,evoker,preservation,54,29,25
Bluesaphir,ravencrest,1897,evoker,preservation,42,23,19
Mvoker,blackmoore,1892,evoker,preservation,53,32,21
Huxleysroar,draenor,1888,evoker,preservation,54,26,28
Ðåñîq,kazzak,1888,evoker,preservation,89,38,51
Phnx,blackrock,1886,evoker,preservation,246,125,121
Myxiwinxy,archimonde,1885,evoker,preservation,36,23,13
Jakelóng,ravencrest,1883,evoker,preservation,58,29,29
Däkuookami,twisting-nether,1881,evoker,preservation,42,28,14
Amadeusx,ravencrest,1881,evoker,preservation,108,53,55
Theories,aegwynn,1880,evoker,preservation,53,29,24
Baiyuekui,blackmoore,1879,evoker,preservation,410,206,204
Alusiedrake,ravencrest,1878,evoker,preservation,372,204,168
Адоннис,gordunni,1876,evoker,preservation,107,59,48
Woodý,draenor,1867,evoker,preservation,42,25,17
Bümber,stormscale,1867,evoker,preservation,201,102,99
Dragondn,alleria,1865,evoker,preservation,54,37,17
Eccotwogay,frostwhisper,1862,evoker,preservation,112,57,55
Lazey,stormscale,1860,evoker,preservation,177,89,88
Kapevok,sanguino,1858,evoker,preservation,126,77,49
Ipho,twisting-nether,1856,evoker,preservation,100,45,55
Titnoute,archimonde,1856,evoker,preservation,60,25,35
Лабирон,blackscar,1854,evoker,preservation,95,47,48
Nahfr,terenas,1852,evoker,preservation,222,118,104
Ltmdrgn,ravencrest,1851,evoker,preservation,42,26,16
Shroudflight,draenor,1847,evoker,preservation,412,211,201
Myshagini,ravencrest,1846,evoker,preservation,45,27,18
Silverwingg,tarren-mill,1846,evoker,preservation,42,25,17
Æzorahai,area-52,1845,evoker,preservation,72,33,39
Хронолиса,blackscar,1835,evoker,preservation,323,169,154
Голдамбер,gordunni,1834,evoker,preservation,66,30,36
Yulinex,argent-dawn,1833,evoker,preservation,160,92,68
Keñwøød,ysondre,1832,evoker,preservation,66,37,29
Malboroasted,archimonde,1832,evoker,preservation,66,35,31
Cellv,kazzak,1829,evoker,preservation,156,88,68
Runewing,turalyon,1827,evoker,preservation,53,30,23
Talim,terrordar,1827,evoker,preservation,90,44,46
Aeste,dun-modr,1825,evoker,preservation,66,41,25
Froststraza,chamber-of-aspects,1825,evoker,preservation,66,31,35
Bòrís,kazzak,1821,evoker,preservation,30,28,2
Nakavoker,arygos,1821,evoker,preservation,217,105,112
Brynesuge,ragnaros,1813,evoker,preservation,218,117,101
Smâûg,silvermoon,1812,evoker,preservation,48,27,21
Mixn,argent-dawn,1812,evoker,preservation,93,41,52
Gneltharion,draenor,1811,evoker,preservation,68,31,37
Puffthemagic,archimonde,1810,evoker,preservation,60,28,32
Dragonmeta,kazzak,1808,evoker,preservation,36,19,17
Nhoru,stormscale,1807,evoker,preservation,64,32,32
Wakûwakû,kazzak,1805,evoker,preservation,135,72,63
Thèrèse,hyjal,1805,evoker,preservation,84,42,42
Evokis,tarren-mill,1804,evoker,preservation,71,40,31
Трейш,soulflayer,1804,evoker,preservation,90,42,48
Hornyxj,draenor,1804,evoker,preservation,78,33,45
Novvae,hyjal,1802,evoker,preservation,96,55,41
Cptdrakon,twisting-nether,1802,evoker,preservation,77,43,34
Lerrastrasza,zirkel-des-cenarius,1802,evoker,preservation,48,24,24
Sính,ravencrest,1801,evoker,preservation,53,28,25
Ксенондрейк,gordunni,1793,evoker,preservation,102,55,47
Kalevra,eredar,1791,evoker,preservation,187,98,89
Бунтз,howling-fjord,1789,evoker,preservation,53,28,25
Ramfurry,kazzak,1789,evoker,preservation,406,197,209
Løcøtømmy,blackrock,1785,evoker,preservation,42,24,18
Myshavion,hyjal,1783,evoker,preservation,53,27,26
Justyowxs,archimonde,1782,evoker,preservation,139,74,65
Béatér,aegwynn,1780,evoker,preservation,120,64,56
Wernøker,archimonde,1777,evoker,preservation,77,36,41
Notkzii,argent-dawn,1777,evoker,preservation,42,19,23
Swainsupp,archimonde,1776,evoker,preservation,42,19,23
Yayaxoxoxoxo,hyjal,1775,evoker,preservation,54,25,29
Антошадф,gordunni,1760,evoker,preservation,54,29,25
Drakela,frostwhisper,1756,evoker,preservation,60,32,28
Dragonello,stormscale,1755,evoker,preservation,54,27,27
Сайберри,gordunni,1752,evoker,preservation,54,27,27
Drookun,outland,1750,evoker,preservation,123,56,67
Evocy,ravencrest,1748,evoker,preservation,96,51,45
Soyd,dun-morogh,1747,evoker,preservation,57,33,24
Branados,argent-dawn,1747,evoker,preservation,66,38,28
Elleavo,tarren-mill,1743,evoker,preservation,60,28,32
Infidus,ravencrest,1738,evoker,preservation,175,94,81
Nahkiainen,darksorrow,1735,evoker,preservation,84,40,44
Dârys,kazzak,1734,evoker,preservation,58,26,32
Dragarius,tarren-mill,1732,evoker,preservation,102,43,59
Roth,stormreaver,1729,evoker,preservation,461,234,227
Dargenpont,turalyon,1726,evoker,preservation,72,34,38
Trainsaw,kazzak,1724,evoker,preservation,90,48,42
Evodorie,ravencrest,1724,evoker,preservation,56,26,30
Yavak,blackmoore,1720,evoker,preservation,43,23,20
Evoxter,twisting-nether,1719,evoker,preservation,99,57,42
Bugdul,twisting-nether,1713,evoker,preservation,74,46,28
Даэдра,gordunni,1712,evoker,preservation,186,94,92
Ранкондракон,lich-king,1712,evoker,preservation,95,42,53
Maxthecar,draenor,1710,evoker,preservation,136,87,49
Detdragetid,zenedar,1708,evoker,preservation,133,59,74
Häröpallo,stormscale,1703,evoker,preservation,81,48,33
Carrotz,doomhammer,1703,evoker,preservation,60,28,32
Rondog,moonglade,1702,evoker,preservation,54,31,23
Dokkàmxk,archimonde,1702,evoker,preservation,48,21,27
Crocodeal,ysondre,1701,evoker,preservation,72,42,30
Jaje,nerathor,1701,evoker,preservation,46,24,22
Zemar,dalaran,1700,evoker,preservation,36,19,17
Setraxia,argent-dawn,1698,evoker,preservation,160,97,63
Nyghtx,sanguino,1698,evoker,preservation,100,45,55
Alphabét,ravencrest,1697,evoker,preservation,66,29,37
Крашевокер,soulflayer,1695,evoker,preservation,48,26,22
Mìnos,drakthul,1695,evoker,preservation,132,64,68
Kackaloch,tarren-mill,1689,evoker,preservation,81,46,35
Tombeelee,kazzak,1687,evoker,preservation,36,21,15
Camdaddy,magtheridon,1686,evoker,preservation,185,92,93
Valkroth,argent-dawn,1686,evoker,preservation,317,157,160
Odiin,dun-modr,1685,evoker,preservation,33,19,14
Mobidra,twisting-nether,1683,evoker,preservation,58,31,27
Themasktw,kazzak,1682,evoker,preservation,117,53,64
Панераи,gordunni,1678,evoker,preservation,75,36,39
Столаас,gordunni,1677,evoker,preservation,35,19,16
Quoz,ragnaros,1677,evoker,preservation,51,21,30
Healevoker,aegwynn,1676,evoker,preservation,231,108,123
Castytopg,blackrock,1673,evoker,preservation,78,37,41
Reska,archimonde,1672,evoker,preservation,84,40,44
Nekrosdrake,tarren-mill,1669,evoker,preservation,233,125,108
Bònéz,blackmoore,1668,evoker,preservation,256,129,127
Ezinice,hyjal,1666,evoker,preservation,137,67,70
Mixoö,throkferoth,1664,evoker,preservation,78,39,39
Drakeadorie,twisting-nether,1663,evoker,preservation,66,31,35
Visage,kul-tiras,1662,evoker,preservation,169,85,84
Fearawr,malganis,1659,evoker,preservation,126,57,69
Аскми,blackscar,1658,evoker,preservation,130,59,71
Ambuy,kazzak,1656,evoker,preservation,35,21,14
Sebek,archimonde,1653,evoker,preservation,33,19,14
Kuubski,ravencrest,1652,evoker,preservation,116,62,54
Swooshz,ragnaros,1646,evoker,preservation,42,23,19
Drazor,blackhand,1646,evoker,preservation,89,44,45
Lycêrâ,antonidas,1644,evoker,preservation,46,25,21
Schwañ,twisting-nether,1639,evoker,preservation,78,37,41
Mysaldo,sylvanas,1637,evoker,preservation,60,35,25
Lurkî,blackhand,1637,evoker,preservation,307,152,155
Gracyn,ravencrest,1635,evoker,preservation,42,25,17
Luderx,outland,1635,evoker,preservation,142,83,59
Valtion,stormscale,1634,evoker,preservation,42,23,19
Pcerainer,stormscale,1634,evoker,preservation,107,49,58
Динамика,borean-tundra,1633,evoker,preservation,348,186,162
Sanktcs,blackhand,1633,evoker,preservation,48,23,25
Rüllatorsven,stormscale,1631,evoker,preservation,36,21,15
Draskathyr,sylvanas,1630,evoker,preservation,53,32,21
Тирэсплюс,soulflayer,1630,evoker,preservation,30,17,13
Flyhacker,blackrock,1630,evoker,preservation,30,17,13
Ацидракон,blackscar,1627,evoker,preservation,147,72,75
Devidra,defias-brotherhood,1626,evoker,preservation,302,144,158
Nexxà,archimonde,1624,evoker,preservation,141,92,49
Dwagonzuv,the-maelstrom,1624,evoker,preservation,66,39,27
Trixle,thrall,1624,evoker,preservation,66,28,38
Iblvicanfly,stormscale,1623,evoker,preservation,73,41,32
Buqxrawrr,antonidas,1622,evoker,preservation,56,31,25
Snällaldo,bladefist,1621,evoker,preservation,57,39,18
Skypov,sylvanas,1621,evoker,preservation,89,53,36
Drgigapump,blackmoore,1621,evoker,preservation,36,17,19
Sinistrea,conseil-des-ombres,1620,evoker,preservation,147,84,63
Chronowalker,ragnaros,1620,evoker,preservation,41,22,19
Qiasyr,hyjal,1620,evoker,preservation,46,20,26
Methamfetami,kazzak,1619,evoker,preservation,78,43,35
Ashmoo,archimonde,1619,evoker,preservation,48,24,24
Âspên,archimonde,1619,evoker,preservation,308,151,157
Chasxstrasza,ravencrest,1616,evoker,preservation,54,20,34
Omac,sylvanas,1615,evoker,preservation,42,22,20
Kwynus,archimonde,1615,evoker,preservation,36,18,18
Cith,ravencrest,1615,evoker,preservation,66,32,34
Louftarion,ysondre,1614,evoker,preservation,83,38,45
Flipflapflop,twisting-nether,1613,evoker,preservation,36,20,16
Blueaizu,draenor,1612,evoker,preservation,137,78,59
Fartinhaler,ravencrest,1611,evoker,preservation,56,34,22
Rawrus,blackrock,1611,evoker,preservation,101,49,52
Adriia,draenor,1610,evoker,preservation,24,17,7
Parodize,thrall,1610,evoker,preservation,67,37,30
Пидрактир,soulflayer,1608,evoker,preservation,66,32,34
Srache,frostwolf,1606,evoker,preservation,60,29,31
Rgedrake,blackrock,1605,evoker,preservation,114,67,47
Sysstrasza,archimonde,1604,evoker,preservation,95,55,40
Hjucen,twisting-nether,1603,evoker,preservation,90,49,41
Потныйдракон,soulflayer,1603,evoker,preservation,42,20,22
Alamostrasza,doomhammer,1602,evoker,preservation,54,27,27
Berstrasz,frostwolf,1602,evoker,preservation,114,54,60
Kajer,nemesis,1601,evoker,preservation,30,17,13
Akly,nemesis,1600,evoker,preservation,60,37,23
Bråckie,draenor,1600,evoker,preservation,84,49,35
Malowux,outland,1600,evoker,preservation,36,19,17
Rackelhahn,azshara,1599,evoker,preservation,41,22,19
Silversnakex,ravencrest,1598,evoker,preservation,54,30,24
Lytër,sanguino,1596,evoker,preservation,160,86,74
Kaipha,ravencrest,1596,evoker,preservation,89,43,46
Kremost,sylvanas,1593,evoker,preservation,48,19,29
Hîppokrates,dethecus,1585,evoker,preservation,48,35,13
Scarydragôn,draenor,1584,evoker,preservation,152,86,66
Sedricae,twisting-nether,1583,evoker,preservation,149,77,72
Штеци,howling-fjord,1582,evoker,preservation,462,224,238
Madbreath,cthun,1582,evoker,preservation,70,27,43
Medeostrasz,throkferoth,1581,evoker,preservation,36,22,14
Odensbest,silvermoon,1580,evoker,preservation,79,48,31
Ystarblaze,tarren-mill,1580,evoker,preservation,103,49,54
Profdrake,zuluhed,1578,evoker,preservation,84,40,44
Reptak,stormscale,1577,evoker,preservation,36,19,17
Draelaynex,eredar,1577,evoker,preservation,63,32,31
Etier,aegwynn,1570,evoker,preservation,90,51,39
Phyrrax,silvermoon,1569,evoker,preservation,94,50,44
Mithrandir,marécage-de-zangar,1569,evoker,preservation,48,25,23
Flowerscale,tarren-mill,1569,evoker,preservation,117,48,69
Gg,wildhammer,1565,evoker,preservation,77,50,27
Drageye,tarren-mill,1565,evoker,preservation,195,109,86
Ятромантис,gordunni,1563,evoker,preservation,709,359,350
Detixbae,blackrock,1563,evoker,preservation,53,22,31
Îragnîr,sinstralis,1562,evoker,preservation,90,41,49
Akaos,silvermoon,1562,evoker,preservation,91,36,55
Auti,draenor,1561,evoker,preservation,234,120,114
Vyore,silvermoon,1560,evoker,preservation,66,34,32
Kuramir,twisting-nether,1560,evoker,preservation,54,27,27
Féféledragon,archimonde,1560,evoker,preservation,122,58,64
Websensation,twisting-nether,1559,evoker,preservation,102,41,61
Siìre,thrall,1555,evoker,preservation,65,36,29
Blazelt,blackrock,1555,evoker,preservation,37,19,18
Vydrag,der-rat-von-dalaran,1553,evoker,preservation,35,17,18
ßëkûsåùrús,ragnaros,1550,evoker,preservation,49,23,26
Вексалис,gordunni,1549,evoker,preservation,66,31,35
Solutionevok,aegwynn,1547,evoker,preservation,35,19,16
Eagleflow,aszune,1547,evoker,preservation,115,59,56
Oldwhiteman,guldan,1545,evoker,preservation,74,39,35
Didii,frostwhisper,1544,evoker,preservation,231,112,119
Zenvoker,silvermoon,1543,evoker,preservation,119,60,59
Sakade,archimonde,1543,evoker,preservation,64,32,32
Sárkány,ravencrest,1541,evoker,preservation,84,41,43
Эндемический,soulflayer,1538,evoker,preservation,121,55,66
Meteo,the-maelstrom,1537,evoker,preservation,68,40,28
Jpeo,blackhand,1537,evoker,preservation,66,33,33
Antiflexx,ragnaros,1537,evoker,preservation,66,30,36
Нежныйболт,howling-fjord,1536,evoker,preservation,134,68,66
Sissilisko,sylvanas,1534,evoker,preservation,99,63,36
Dracum,kazzak,1534,evoker,preservation,30,16,14
Bountyk,sanguino,1533,evoker,preservation,24,16,8
Wingard,twisting-nether,1531,evoker,preservation,41,25,16
Evizard,nagrand,1529,evoker,preservation,172,94,78
Antouxd,shadowsong,1529,evoker,preservation,67,34,33
Dracronix,the-maelstrom,1527,evoker,preservation,42,19,23
Bubbleblower,stormscale,1524,evoker,preservation,42,27,15
Dragnthsnuts,sylvanas,1523,evoker,preservation,74,35,39
Sürion,grim-batol,1520,evoker,preservation,84,44,40
Драгонпупс,soulflayer,1519,evoker,preservation,201,106,95
Copíl,stormscale,1519,evoker,preservation,70,35,35
Viseriøn,kazzak,1518,evoker,preservation,165,75,90
Pokemongame,draenor,1516,evoker,preservation,40,25,15
Ivokerz,tarren-mill,1516,evoker,preservation,60,28,32
Kirivoker,dun-modr,1515,evoker,preservation,89,44,45
Ностепонснэк,ashenvale,1513,evoker,preservation,42,20,22
Зирухит,soulflayer,1512,evoker,preservation,97,47,50
Nanthira,darksorrow,1508,evoker,preservation,145,73,72
Polzeig,dentarg,1507,evoker,preservation,57,24,33
Droyle,blackrock,1504,evoker,preservation,51,28,23
Xexií,blackmoore,1503,evoker,preservation,42,23,19
Dart,sanguino,1502,evoker,preservation,42,18,24
Eidachsal,antonidas,1502,evoker,preservation,90,34,56
Eryot,aggra-português,1501,evoker,preservation,159,72,87
Дарконикс,gordunni,1499,evoker,preservation,158,73,85
Kharduk,outland,1498,evoker,preservation,58,26,32
Kelzoker,ysondre,1491,evoker,preservation,44,26,18
Krayvoker,tarren-mill,1491,evoker,preservation,53,25,28
Tobbebakar,silvermoon,1490,evoker,preservation,48,22,26
Fiiery,deathwing,1488,evoker,preservation,82,42,40
Lytër,dun-modr,1488,evoker,preservation,63,28,35
Obbwoke,ravencrest,1486,evoker,preservation,120,53,67
Cirøvoke,ravencrest,1485,evoker,preservation,47,16,31
Snow,ysera,1483,evoker,preservation,101,51,50
Síire,ravencrest,1481,evoker,preservation,48,26,22
Baszz,aegwynn,1481,evoker,preservation,81,41,40
Dägon,drakthul,1479,evoker,preservation,250,130,120
Бадикабаер,thermaplugg,1478,evoker,preservation,227,117,110
Драмуся,gordunni,1478,evoker,preservation,90,41,49
Th,stormscale,1477,evoker,preservation,78,50,28
Superflyy,kazzak,1477,evoker,preservation,214,104,110
Ámenó,stormscale,1476,evoker,preservation,48,25,23
Donns,frostmane,1474,evoker,preservation,111,66,45
Flygfjås,stormscale,1474,evoker,preservation,133,74,59
Emeraldino,twisting-nether,1474,evoker,preservation,36,16,20
Coarraze,eldrethalas,1470,evoker,preservation,71,37,34
Cragheart,ravencrest,1469,evoker,preservation,110,57,53
Cokayn,eonar,1468,evoker,preservation,82,41,41
Indragon,blackmoore,1468,evoker,preservation,90,42,48
Mirajhti,blackrock,1467,evoker,preservation,88,43,45
Rngayzus,ysondre,1465,evoker,preservation,35,19,16
Draxaer,outland,1464,evoker,preservation,387,203,184
Liliwood,ravencrest,1464,evoker,preservation,335,168,167
Viodragon,blackrock,1462,evoker,preservation,45,19,26
Korialstraz,aegwynn,1461,evoker,preservation,47,28,19
Judragon,kazzak,1461,evoker,preservation,38,17,21
Adromed,kazzak,1460,evoker,preservation,114,59,55
Samidr,ravencrest,1460,evoker,preservation,41,16,25
Vimoker,trollbane,1459,evoker,preservation,156,74,82
Lazurius,ravencrest,1459,evoker,preservation,107,45,62
Tabalugaqt,eredar,1458,evoker,preservation,75,37,38
Benedict,die-ewige-wacht,1455,evoker,preservation,42,19,23
Beefwing,xavius,1454,evoker,preservation,48,21,27
Blokie,silvermoon,1454,evoker,preservation,56,19,37
Драдексн,gordunni,1453,evoker,preservation,30,17,13
Baskoter,turalyon,1452,evoker,preservation,42,16,26
Madelynxoxo,draenor,1450,evoker,preservation,30,25,5
Nerõ,thrall,1449,evoker,preservation,54,28,26
Орехдракона,gordunni,1448,evoker,preservation,48,26,22
Condrage,grim-batol,1447,evoker,preservation,78,41,37
Bigaluga,blackmoore,1447,evoker,preservation,60,25,35
Dazaar,kazzak,1446,evoker,preservation,84,50,34
Pflanz,nozdormu,1445,evoker,preservation,42,25,17
Ripgódx,bronzebeard,1444,evoker,preservation,372,190,182
Шкуроносец,gordunni,1442,evoker,preservation,36,20,16
Krustyvoker,sargeras,1439,evoker,preservation,18,15,3
Dragoncya,archimonde,1439,evoker,preservation,114,55,59
Nutson,blackrock,1436,evoker,preservation,30,15,15
Conwoker,ravencrest,1435,evoker,preservation,30,15,15
Poporaight,archimonde,1432,evoker,preservation,30,15,15
Tarecgosa,sanguino,1431,evoker,preservation,245,118,127
Dragonbrx,blackrock,1430,evoker,preservation,55,33,22
Dramarx,dun-modr,1428,evoker,preservation,24,15,9
Vafanede,twisting-nether,1427,evoker,preservation,48,18,30
Natashtrasza,tarren-mill,1427,evoker,preservation,72,26,46
Dmnzz,blackrock,1425,evoker,preservation,34,18,16
Scalo,kazzak,1425,evoker,preservation,143,73,70
Kda,die-nachtwache,1425,evoker,preservation,36,15,21
Ëvølûtïøñ,pozzo-delleternità,1424,evoker,preservation,34,16,18
Arniye,ravencrest,1422,evoker,preservation,175,91,84
Полковниксан,soulflayer,1422,evoker,preservation,54,26,28
Ptipangoevok,dalaran,1422,evoker,preservation,70,32,38
Torae,burning-legion,1421,evoker,preservation,168,80,88
Seboker,nemesis,1420,evoker,preservation,55,34,21
Sârmikas,blackhand,1420,evoker,preservation,30,15,15
Cheryl,aggra-português,1420,evoker,preservation,31,15,16
Àtòmìc,malorne,1419,evoker,preservation,30,15,15
Drachenlilie,aegwynn,1419,evoker,preservation,66,31,35
Yeatsa,blackmoore,1417,evoker,preservation,24,15,9
Aêro,malganis,1415,evoker,preservation,62,29,33
Kocaina,ravencrest,1414,evoker,preservation,24,15,9
Djrabtah,sargeras,1414,evoker,preservation,82,43,39
Fubukinoryuu,frostwolf,1413,evoker,preservation,147,77,70
Psheetae,kazzak,1413,evoker,preservation,50,23,27
Lichbõrne,outland,1411,evoker,preservation,42,18,24
Zezus,outland,1409,evoker,preservation,42,24,18
Beec,tarren-mill,1408,evoker,preservation,108,55,53
Spiragon,ysondre,1406,evoker,preservation,154,76,78
Smrdimipytel,drakthul,1406,evoker,preservation,64,29,35
Lizardwizard,darksorrow,1404,evoker,preservation,24,15,9
Xdxd,burning-blade,1404,evoker,preservation,66,32,34
Cryuu,burning-legion,1404,evoker,preservation,36,15,21
Toadyx,eredar,1404,evoker,preservation,48,18,30
Емари,howling-fjord,1401,evoker,preservation,49,33,16
Karristrasza,silvermoon,1401,evoker,preservation,36,18,18
Candicewho,twisting-nether,1400,evoker,preservation,30,15,15
Evoketing,tarren-mill,1396,evoker,preservation,24,15,9
Ragnai,sunstrider,1396,evoker,preservation,38,18,20
Jayrexx,doomhammer,1394,evoker,preservation,112,71,41
Omnipøtens,silvermoon,1394,evoker,preservation,48,28,20
Мефодийевок,howling-fjord,1394,evoker,preservation,60,23,37
Drackarys,tarren-mill,1393,evoker,preservation,60,31,29
Scarlexo,ravencrest,1392,evoker,preservation,77,41,36
Faa,ravencrest,1391,evoker,preservation,60,31,29
Nadoney,hyjal,1389,evoker,preservation,67,42,25
Rayehm,hyjal,1388,evoker,preservation,42,18,24
Dragio,blackrock,1387,evoker,preservation,48,25,23
Ammendorn,blackrock,1384,evoker,preservation,46,27,19
Rustynails,ragnaros,1384,evoker,preservation,48,17,31
Danriedrake,ravencrest,1383,evoker,preservation,41,22,19
Loveheart,die-aldor,1383,evoker,preservation,206,102,104
Azorgaron,outland,1383,evoker,preservation,60,26,34
Asraestrasz,silvermoon,1380,evoker,preservation,38,24,14
Jamiewing,ravencrest,1380,evoker,preservation,42,25,17
Emberturd,blackmoore,1379,evoker,preservation,48,23,25
Matysniak,burning-legion,1376,evoker,preservation,109,55,54
Maudragosa,blackmoore,1374,evoker,preservation,81,46,35
Cinquanteuro,hyjal,1374,evoker,preservation,107,49,58
Ydun,blackrock,1374,evoker,preservation,96,43,53
Awfultrash,archimonde,1372,evoker,preservation,42,16,26
Dothemath,blackmoore,1371,evoker,preservation,48,22,26
Badrig,silvermoon,1369,evoker,preservation,144,70,74
Suhnrysanti,argent-dawn,1369,evoker,preservation,66,28,38
Hakuzah,terokkar,1367,evoker,preservation,36,19,17
Dracanus,bronze-dragonflight,1361,evoker,preservation,69,35,34
Dragonsimp,archimonde,1360,evoker,preservation,34,20,14
Thyrke,aegwynn,1359,evoker,preservation,169,88,81
Blúéráý,ravencrest,1358,evoker,preservation,137,65,72
Anso,sanguino,1353,evoker,preservation,113,65,48
Scalie,ravencrest,1353,evoker,preservation,54,31,23
Rhaenîra,twisting-nether,1352,evoker,preservation,49,27,22
Choubalo,archimonde,1352,evoker,preservation,205,104,101
Drakkujjer,twisting-nether,1348,evoker,preservation,47,25,22
Balgardarth,chamber-of-aspects,1348,evoker,preservation,48,24,24
Erhvoker,veknilash,1348,evoker,preservation,147,71,76
Navilism,kazzak,1344,evoker,preservation,437,231,206
Kitoed,aegwynn,1344,evoker,preservation,78,35,43
Kryselakatos,dun-modr,1343,evoker,preservation,48,25,23
Zanarian,defias-brotherhood,1343,evoker,preservation,113,48,65
Draevil,emerald-dream,1342,evoker,preservation,54,29,25
Soø,kazzak,1341,evoker,preservation,30,14,16
Alldru,outland,1341,evoker,preservation,83,31,52
Drdrag,blackmoore,1340,evoker,preservation,48,31,17
Novadrake,blackrock,1340,evoker,preservation,24,14,10
Маркзук,gordunni,1340,evoker,preservation,116,54,62
Drarent,hyjal,1340,evoker,preservation,54,24,30
Kimwoker,kazzak,1338,evoker,preservation,36,17,19
Xdingo,blackrock,1338,evoker,preservation,36,14,22
Argnir,archimonde,1337,evoker,preservation,30,14,16
Dragondznutz,defias-brotherhood,1337,evoker,preservation,104,47,57
Evoris,frostmane,1337,evoker,preservation,108,47,61
Imperiux,outland,1335,evoker,preservation,66,39,27
Nynnaydoth,drakthul,1334,evoker,preservation,166,86,80
Ривалгодх,blackscar,1332,evoker,preservation,57,36,21
Лесанор,gordunni,1332,evoker,preservation,35,18,17
Pindaar,zenedar,1332,evoker,preservation,90,43,47
Druggz,burning-blade,1331,evoker,preservation,54,35,19
Icemushu,twisting-nether,1331,evoker,preservation,24,14,10
Ludracy,antonidas,1331,evoker,preservation,114,62,52
Wïligun,archimonde,1330,evoker,preservation,24,15,9
Pelington,silvermoon,1329,evoker,preservation,59,27,32
Giü,archimonde,1327,evoker,preservation,177,86,91
Snackyeend,twisting-nether,1327,evoker,preservation,36,14,22
Gissthebuzzy,dun-modr,1326,evoker,preservation,42,24,18
Психея,soulflayer,1326,evoker,preservation,78,43,35
Desnø,frostwolf,1324,evoker,preservation,42,24,18
Fetzi,blackhand,1324,evoker,preservation,126,63,63
Breall,tarren-mill,1324,evoker,preservation,760,371,389
Dragonflye,kazzak,1324,evoker,preservation,202,96,106
Chaks,ravencrest,1323,evoker,preservation,48,23,25
Tenibris,die-nachtwache,1322,evoker,preservation,227,101,126
Парадпланет,howling-fjord,1320,evoker,preservation,66,30,36
Uroegevoker,twisting-nether,1316,evoker,preservation,68,36,32
Aphelïon,dun-modr,1316,evoker,preservation,190,92,98
Dodgens,auchindoun,1315,evoker,preservation,30,14,16
Голденджо,gordunni,1315,evoker,preservation,59,21,38
Ятутглавный,howling-fjord,1314,evoker,preservation,51,25,26
Spánkpróof,kazzak,1313,evoker,preservation,31,15,16
Darigo,ravencrest,1313,evoker,preservation,81,39,42
Eedava,argent-dawn,1312,evoker,preservation,42,25,17
Crunktusk,twisting-nether,1310,evoker,preservation,72,27,45
Thellon,frostwolf,1308,evoker,preservation,97,49,48
Blamdrake,blackhand,1307,evoker,preservation,132,60,72
Xerragon,ravencrest,1306,evoker,preservation,60,20,40
Fredgobrr,tarren-mill,1305,evoker,preservation,102,62,40
Spudvoker,silvermoon,1305,evoker,preservation,30,15,15
Dagruel,exodar,1305,evoker,preservation,30,14,16
Cenca,blackmoore,1304,evoker,preservation,216,104,112
Rhaenaya,tarren-mill,1303,evoker,preservation,179,86,93
Dåseskjuul,kazzak,1302,evoker,preservation,42,19,23
Louiekin,outland,1302,evoker,preservation,36,14,22
Horiz,kazzak,1302,evoker,preservation,36,14,22
Burningflo,naxxramas,1301,evoker,preservation,44,27,17
Therzer,drakthul,1301,evoker,preservation,42,23,19
Miscodevoker,twisting-nether,1300,evoker,preservation,28,15,13
Esalisko,kazzak,1299,evoker,preservation,60,34,26
Nonolildrake,ysondre,1297,evoker,preservation,82,46,36
Vahamut,argent-dawn,1297,evoker,preservation,42,22,20
Saga,aegwynn,1297,evoker,preservation,184,90,94
Rescuegirl,blackrock,1297,evoker,preservation,105,51,54
Chronicryder,draenor,1296,evoker,preservation,57,22,35
Mortlalune,conseil-des-ombres,1295,evoker,preservation,162,82,80
Resectxz,kazzak,1291,evoker,preservation,48,18,30
Varkoth,nemesis,1289,evoker,preservation,100,47,53
Drakatha,kazzak,1288,evoker,preservation,76,41,35
Ксдз,soulflayer,1284,evoker,preservation,44,22,22
Drgnokn,silvermoon,1283,evoker,preservation,106,62,44
Malfø,exodar,1282,evoker,preservation,115,58,57
Cothikos,ysondre,1282,evoker,preservation,34,15,19
Mercoledi,aegwynn,1280,evoker,preservation,42,29,13
Airwaves,hyjal,1280,evoker,preservation,47,24,23
Xiomarita,frostmane,1280,evoker,preservation,60,29,31
Draagon,burning-legion,1280,evoker,preservation,42,18,24
Riihi,twisting-nether,1278,evoker,preservation,66,31,35
Colacorta,zuljin,1277,evoker,preservation,213,111,102
Wrcdragon,drakthul,1277,evoker,preservation,160,75,85
Dragondisnut,sylvanas,1276,evoker,preservation,54,28,26
Драксинед,howling-fjord,1276,evoker,preservation,93,40,53
Lynastrasza,silvermoon,1274,evoker,preservation,147,78,69
Ragnon,blackrock,1274,evoker,preservation,76,40,36
Dedx,sylvanas,1273,evoker,preservation,42,20,22
Kleftra,stormscale,1273,evoker,preservation,50,21,29
Aphi,frostwolf,1272,evoker,preservation,99,52,47
Elenaevoker,stormscale,1272,evoker,preservation,208,107,101
Beharot,silvermoon,1272,evoker,preservation,96,33,63
Dragonerr,kiljaeden,1271,evoker,preservation,74,41,33
Woke,the-venture-co,1271,evoker,preservation,42,17,25
Vaermithor,tarren-mill,1270,evoker,preservation,59,33,26
Sondosa,twisting-nether,1270,evoker,preservation,36,18,18
Vyron,amanthul,1270,evoker,preservation,52,22,30
Discodidling,silvermoon,1269,evoker,preservation,74,37,37
Evokazoran,dentarg,1269,evoker,preservation,90,30,60
Awaboo,draenor,1268,evoker,preservation,30,16,14
Saucy,sanguino,1267,evoker,preservation,67,42,25
Dragawn,grim-batol,1267,evoker,preservation,155,86,69
Dratheon,dun-modr,1267,evoker,preservation,114,55,59
Sitdownnow,blackrock,1267,evoker,preservation,99,44,55
Goalkeeper,ravencrest,1264,evoker,preservation,90,44,46
Mjkevo,tarren-mill,1264,evoker,preservation,60,27,33
Distinkd,draenor,1262,evoker,preservation,54,31,23
Howtodragon,twisting-nether,1262,evoker,preservation,48,26,22
Boonvoker,the-maelstrom,1262,evoker,preservation,114,50,64
Zeigrem,antonidas,1261,evoker,preservation,18,15,3
Aebivoker,dalaran,1261,evoker,preservation,88,48,40
Modini,blackrock,1261,evoker,preservation,78,38,40
Sudrac,antonidas,1259,evoker,preservation,36,18,18
Виндигос,soulflayer,1258,evoker,preservation,30,14,16
Эбиб,gordunni,1257,evoker,preservation,160,90,70
Dragonspaff,argent-dawn,1255,evoker,preservation,41,20,21
Detdragetid,stormscale,1254,evoker,preservation,36,21,15
Dayandnight,quelthalas,1254,evoker,preservation,127,64,63
Ìzànamì,hyjal,1252,evoker,preservation,81,46,35
Thundermifln,nemesis,1252,evoker,preservation,72,38,34
Brxdragon,antonidas,1249,evoker,preservation,53,28,25
Dinotron,uldaman,1249,evoker,preservation,54,27,27
Folevo,stormreaver,1249,evoker,preservation,447,222,225
Ecovoker,outland,1247,evoker,preservation,24,13,11
Drogøn,khaz-modan,1247,evoker,preservation,48,23,25
Smokitor,kazzak,1246,evoker,preservation,54,28,26
Nazalath,eonar,1245,evoker,preservation,42,18,24
Søâ,blackrock,1245,evoker,preservation,41,16,25
Rullatorsvên,sylvanas,1244,evoker,preservation,24,13,11
Nikoo,runetotem,1244,evoker,preservation,84,39,45
Rozugos,blackrock,1243,evoker,preservation,24,13,11
Crottedezen,archimonde,1243,evoker,preservation,30,13,17
Apaçi,ravencrest,1243,evoker,preservation,51,19,32
Dragonsphera,sylvanas,1243,evoker,preservation,36,13,23
Coaxoch,thunderhorn,1242,evoker,preservation,24,14,10
Muccavok,stormrage,1242,evoker,preservation,91,51,40
Holyvoker,aegwynn,1242,evoker,preservation,24,13,11
Gloris,aegwynn,1242,evoker,preservation,63,34,29
Släshés,ravencrest,1241,evoker,preservation,30,14,16
Nagoli,silvermoon,1240,evoker,preservation,67,31,36
Dreamevoker,draenor,1239,evoker,preservation,24,13,11
Ladrieth,hyjal,1239,evoker,preservation,135,62,73
Kymura,archimonde,1239,evoker,preservation,30,13,17
Voraxos,silvermoon,1238,evoker,preservation,18,13,5
Stjáuni,ravencrest,1238,evoker,preservation,64,33,31
Тектрис,howling-fjord,1238,evoker,preservation,126,58,68
Kampe,nemesis,1237,evoker,preservation,36,17,19
Teneja,malganis,1237,evoker,preservation,30,13,17
Yorfyr,ravencrest,1234,evoker,preservation,43,20,23
Kujira,draenor,1232,evoker,preservation,63,34,29
Дрэгтир,lich-king,1229,evoker,preservation,153,84,69
Drackheal,kaelthas,1229,evoker,preservation,65,34,31
Yeetsera,thrall,1229,evoker,preservation,76,35,41
Beenus,doomhammer,1228,evoker,preservation,36,24,12
Nagimurr,kazzak,1228,evoker,preservation,141,71,70
Glouglouti,drekthar,1228,evoker,preservation,90,45,45
Патриотика,howling-fjord,1228,evoker,preservation,143,68,75
Iphonetwo,ravencrest,1227,evoker,preservation,47,27,20
Хвзрываюсьх,howling-fjord,1227,evoker,preservation,54,26,28
Драгоблуд,soulflayer,1227,evoker,preservation,54,25,29
Âbs,archimonde,1227,evoker,preservation,99,41,58
Drachenglas,antonidas,1226,evoker,preservation,72,33,39
Mikevoker,aegwynn,1224,evoker,preservation,30,17,13
Uztfuzt,blackmoore,1221,evoker,preservation,50,33,17
Уконэ,blackscar,1221,evoker,preservation,83,41,42
Drashiku,zuljin,1221,evoker,preservation,132,51,81
Cudius,archimonde,1220,evoker,preservation,128,72,56
Xorago,guldan,1219,evoker,preservation,94,47,47
Kalerinozi,blackhand,1219,evoker,preservation,109,49,60
Мвпгуччи,blackscar,1219,evoker,preservation,36,13,23
Ricidevo,nerathor,1217,evoker,preservation,36,13,23
Drakdilla,tarren-mill,1216,evoker,preservation,24,13,11
Создать,deathguard,1216,evoker,preservation,37,19,18
Sorextrazy,twisting-nether,1216,evoker,preservation,143,69,74
Shnptyr,ragnaros,1215,evoker,preservation,42,22,20
Iscale,twisting-nether,1215,evoker,preservation,126,65,61
Setoc,blackrock,1215,evoker,preservation,31,15,16
Lojinevo,twisting-nether,1215,evoker,preservation,95,43,52
Ruinastrasza,silvermoon,1212,evoker,preservation,24,13,11
Ogzan,stormscale,1212,evoker,preservation,60,32,28
Shosho,uldaman,1212,evoker,preservation,68,28,40
Varaug,veklor,1211,evoker,preservation,40,25,15
Nordbert,draenor,1211,evoker,preservation,95,45,50
Lynt,burning-blade,1210,evoker,preservation,90,44,46
Mesarin,eredar,1210,evoker,preservation,30,13,17
Irvethius,argent-dawn,1209,evoker,preservation,18,13,5
Everdrop,blackmoore,1209,evoker,preservation,24,13,11
Flyingaway,tarren-mill,1209,evoker,preservation,42,19,23
Amaterãsu,kazzak,1208,evoker,preservation,131,66,65
Fusion,dun-modr,1207,evoker,preservation,78,39,39
Kutdraak,laughing-skull,1206,evoker,preservation,36,20,16
Drakutyr,defias-brotherhood,1205,evoker,preservation,49,27,22
Мэриджэин,soulflayer,1205,evoker,preservation,41,18,23
Draghini,silvermoon,1205,evoker,preservation,48,20,28
Geckonen,stormreaver,1204,evoker,preservation,231,115,116
Whitelizzard,tarren-mill,1204,evoker,preservation,80,39,41
Skatt,aegwynn,1203,evoker,preservation,105,50,55
Skrix,khadgar,1202,evoker,preservation,29,14,15
Meyowuo,doomhammer,1201,evoker,preservation,46,18,28
Flawxy,blackmoore,1200,evoker,preservation,30,17,13
Lapaneri,sylvanas,1200,evoker,preservation,36,14,22
Ruszymondias,argent-dawn,1199,evoker,preservation,30,13,17
Tsukiko,archimonde,1197,evoker,preservation,61,28,33
Aayala,dalaran,1196,evoker,preservation,44,24,20
Corneflex,chogall,1196,evoker,preservation,27,13,14
Dorkthyr,sylvanas,1195,evoker,preservation,102,50,52
Sarapakara,burning-blade,1195,evoker,preservation,68,28,40
Azwel,khaz-modan,1194,evoker,preservation,76,41,35
Lagadta,antonidas,1194,evoker,preservation,84,44,40
Kuzzan,blackhand,1193,evoker,preservation,48,23,25
Ryujinx,blackhand,1193,evoker,preservation,29,13,16
Zethreus,silvermoon,1192,evoker,preservation,64,34,30
Tusibi,hyjal,1190,evoker,preservation,83,53,30
Asinitaris,ravencrest,1189,evoker,preservation,116,57,59
Sibvoker,kazzak,1188,evoker,preservation,108,52,56
Dragonban,tarren-mill,1188,evoker,preservation,70,23,47
Salamanderx,stormscale,1186,evoker,preservation,22,14,8
Deflamee,draenor,1186,evoker,preservation,24,14,10
Ithijin,blackmoore,1185,evoker,preservation,77,34,43
Leblon,stormreaver,1182,evoker,preservation,66,33,33
Crazylucifer,kazzak,1181,evoker,preservation,32,15,17
Filtendragon,stormscale,1179,evoker,preservation,90,38,52
Belkavoker,zirkel-des-cenarius,1177,evoker,preservation,42,14,28
Plexd,alleria,1176,evoker,preservation,36,15,21
Tettareddast,kazzak,1173,evoker,preservation,35,15,20
Ohcaralho,outland,1171,evoker,preservation,62,25,37
Dratsch,blackhand,1170,evoker,preservation,24,17,7
Emolion,draenor,1168,evoker,preservation,60,20,40
Dreiwyn,kazzak,1165,evoker,preservation,54,36,18
Dolphdrago,outland,1164,evoker,preservation,34,17,17
Tokidormi,nemesis,1161,evoker,preservation,30,14,16
Orocimaaru,pozzo-delleternità,1161,evoker,preservation,57,24,33
Slimygecko,ravencrest,1158,evoker,preservation,82,40,42
Theocean,turalyon,1158,evoker,preservation,301,138,163
Dracobelli,drakthul,1157,evoker,preservation,30,14,16
Jmy,bloodhoof,1152,evoker,preservation,18,12,6
Nst,zuljin,1151,evoker,preservation,18,12,6
Hehehihihaha,ravencrest,1151,evoker,preservation,24,12,12
Flatterhipy,blackrock,1151,evoker,preservation,24,12,12
Лунарфоллс,howling-fjord,1150,evoker,preservation,18,12,6
Deathwinng,twisting-nether,1150,evoker,preservation,82,37,45
Dragonkim,draenor,1149,evoker,preservation,30,12,18
Favera,taerar,1149,evoker,preservation,36,14,22
Veryspikes,twisting-nether,1148,evoker,preservation,30,12,18
Laurenzos,tarren-mill,1148,evoker,preservation,30,12,18
Groovyy,hyjal,1145,evoker,preservation,114,61,53
Blewjobs,sylvanas,1145,evoker,preservation,115,60,55
Uwudyret,tarren-mill,1145,evoker,preservation,30,12,18
Sinusiitiis,destromath,1142,evoker,preservation,18,12,6
Jupezi,sylvanas,1142,evoker,preservation,35,20,15
Prevolol,outland,1141,evoker,preservation,18,12,6
Khaela,archimonde,1141,evoker,preservation,135,67,68
Drakeish,kazzak,1140,evoker,preservation,35,16,19
Bambusák,draenor,1140,evoker,preservation,224,101,123
Ryujíin,kazzak,1139,evoker,preservation,23,12,11
Jimmytrivet,archimonde,1137,evoker,preservation,142,64,78
Dangai,draenor,1135,evoker,preservation,29,13,16
Flymetothemo,twisting-nether,1134,evoker,preservation,75,41,34
Runs,ravencrest,1134,evoker,preservation,180,89,91
Nisiris,doomhammer,1133,evoker,preservation,88,44,44
Кровит,soulflayer,1133,evoker,preservation,40,14,26
Bestofriendo,eredar,1132,evoker,preservation,112,59,53
Verithian,kazzak,1131,evoker,preservation,84,39,45
Steeken,haomarush,1130,evoker,preservation,66,32,34
Nurilla,twisting-nether,1129,evoker,preservation,12,12,0
Gilgakek,darksorrow,1129,evoker,preservation,110,52,58
Adnoc,tarren-mill,1127,evoker,preservation,37,17,20
Hyggëê,sanguino,1127,evoker,preservation,70,25,45
Draknr,alakir,1125,evoker,preservation,42,16,26
Djolero,silvermoon,1124,evoker,preservation,60,28,32
Raikirix,silvermoon,1123,evoker,preservation,24,12,12
Siderion,drakthul,1122,evoker,preservation,24,14,10
Heilzan,dalaran,1119,evoker,preservation,24,12,12
Raøug,blackmoore,1119,evoker,preservation,126,50,76
Юнигоса,soulflayer,1117,evoker,preservation,28,14,14
Pe,dalaran,1117,evoker,preservation,24,12,12
Draktoros,kazzak,1117,evoker,preservation,50,23,27
Eosin,blackrock,1115,evoker,preservation,35,18,17
Drogoon,ravencrest,1114,evoker,preservation,29,12,17
Scaleyfurry,azshara,1113,evoker,preservation,34,23,11
Chrisussy,argent-dawn,1111,evoker,preservation,35,12,23
Kekvoker,antonidas,1107,evoker,preservation,84,37,47
Пероник,gordunni,1107,evoker,preservation,154,67,87
Huusdrache,outland,1107,evoker,preservation,34,14,20
Renistra,argent-dawn,1105,evoker,preservation,102,49,53
Spïzz,dun-modr,1103,evoker,preservation,72,31,41
Шадофдрагон,deathweaver,1102,evoker,preservation,60,38,22
Bombrush,ragnaros,1102,evoker,preservation,33,20,13
Dracwyn,shattrath,1102,evoker,preservation,43,19,24
Kédragon,archimonde,1102,evoker,preservation,31,13,18
Ärt,argent-dawn,1102,evoker,preservation,54,19,35
Hems,bronzebeard,1101,evoker,preservation,100,51,49
Dragonna,argent-dawn,1100,evoker,preservation,117,56,61
Richterscale,defias-brotherhood,1099,evoker,preservation,84,30,54
Алекстраса,blackscar,1097,evoker,preservation,30,16,14
Dmn,defias-brotherhood,1097,evoker,preservation,54,24,30
Azdajae,gilneas,1096,evoker,preservation,42,25,17
Llwyin,ragnaros,1096,evoker,preservation,38,17,21
Kurger,twisting-nether,1096,evoker,preservation,98,42,56
Tennin,thrall,1095,evoker,preservation,63,33,30
Saphirá,hyjal,1094,evoker,preservation,28,13,15
Frreeyya,silvermoon,1094,evoker,preservation,29,13,16
Xidalulz,sylvanas,1093,evoker,preservation,12,12,0
Mugeki,burning-legion,1089,evoker,preservation,68,31,37
Rafale,the-maelstrom,1084,evoker,preservation,216,108,108
Doriangray,drakthul,1082,evoker,preservation,38,19,19
Targzæ,hyjal,1082,evoker,preservation,36,15,21
Draakoñ,outland,1082,evoker,preservation,29,12,17
Elaijaz,turalyon,1080,evoker,preservation,54,34,20
Lusacan,tarren-mill,1079,evoker,preservation,51,26,25
Kharalambos,stormscale,1077,evoker,preservation,42,16,26
Blackli,kazzak,1074,evoker,preservation,33,14,19
Pikiscalez,bronzebeard,1073,evoker,preservation,30,15,15
Dräcø,dalaran,1072,evoker,preservation,36,23,13
Haawwt,eredar,1071,evoker,preservation,36,16,20
Stormwing,twilights-hammer,1071,evoker,preservation,71,31,40
Killafoolz,kazzak,1067,evoker,preservation,25,12,13
Чвкдрагонит,soulflayer,1066,evoker,preservation,60,23,37
Jurrassic,defias-brotherhood,1065,evoker,preservation,111,56,55
Cazé,archimonde,1062,evoker,preservation,60,29,31
Guntoker,tarren-mill,1062,evoker,preservation,156,73,83
Wingzy,chogall,1059,evoker,preservation,201,93,108
Lazorkröte,blackrock,1058,evoker,preservation,72,26,46
Вискписк,soulflayer,1056,evoker,preservation,12,11,1
Øoøoøoøo,outland,1056,evoker,preservation,12,11,1
Berlyvoke,stormscale,1056,evoker,preservation,18,11,7
Zaffira,kazzak,1056,evoker,preservation,18,11,7
Fûrý,twisting-nether,1056,evoker,preservation,24,11,13
Launisch,amanthul,1056,evoker,preservation,24,11,13
Xiarya,draenor,1055,evoker,preservation,24,11,13
Jessamy,ragnaros,1055,evoker,preservation,24,11,13
Tarystrasza,blackrock,1055,evoker,preservation,42,16,26
Lacer,minahonda,1055,evoker,preservation,30,11,19
Elathru,kazzak,1055,evoker,preservation,48,17,31
Tojodormi,argent-dawn,1054,evoker,preservation,24,11,13
Enzetrius,argent-dawn,1054,evoker,preservation,24,11,13
Adrienne,steamwheedle-cartel,1054,evoker,preservation,30,13,17
Thairesse,archimonde,1054,evoker,preservation,30,11,19
Drâcarys,destromath,1051,evoker,preservation,98,55,43
Drdrayk,balnazzar,1051,evoker,preservation,24,11,13
Momodragon,draenor,1050,evoker,preservation,18,11,7
Beetk,tarren-mill,1049,evoker,preservation,24,11,13
Reolden,stormscale,1048,evoker,preservation,20,11,9
Dreamiee,kazzak,1048,evoker,preservation,96,43,53
Theurdragon,blades-edge,1048,evoker,preservation,79,30,49
Deathwingx,sylvanas,1046,evoker,preservation,24,11,13
Tritiana,blackrock,1046,evoker,preservation,36,11,25
Deathgodsh,draenor,1043,evoker,preservation,38,16,22
Pyrestra,argent-dawn,1042,evoker,preservation,18,11,7
Wambino,ravencrest,1042,evoker,preservation,24,11,13
Zonye,archimonde,1042,evoker,preservation,38,16,22
Blackwing,twilights-hammer,1042,evoker,preservation,40,16,24
Nurant,blackmoore,1040,evoker,preservation,203,96,107
Predatax,drakthul,1039,evoker,preservation,142,71,71
Iceslinger,stormscale,1036,evoker,preservation,143,69,74
Ewings,archimonde,1036,evoker,preservation,48,16,32
Douevnfly,ravencrest,1035,evoker,preservation,75,34,41
Antistrasza,argent-dawn,1033,evoker,preservation,48,22,26
Dioni,sylvanas,1033,evoker,preservation,51,22,29
Pixxell,blackmoore,1031,evoker,preservation,59,32,27
Axuli,blackrock,1030,evoker,preservation,36,14,22
Chrisú,thrall,1029,evoker,preservation,30,12,18
Athyrstria,blackmoore,1028,evoker,preservation,65,18,47
Zaverion,nathrezim,1027,evoker,preservation,73,38,35
Shenronox,ragnaros,1026,evoker,preservation,58,25,33
Zathîel,argent-dawn,1026,evoker,preservation,149,64,85
Lizardofoz,argent-dawn,1023,evoker,preservation,42,23,19
Fernasdrake,aggra-português,1023,evoker,preservation,36,18,18
Koristrasza,ravencrest,1022,evoker,preservation,36,15,21
Ovipare,archimonde,1021,evoker,preservation,45,24,21
Kärlethos,dun-modr,1020,evoker,preservation,24,12,12
Drâker,twisting-nether,1020,evoker,preservation,35,11,24
Gilarys,silvermoon,1019,evoker,preservation,23,11,12
Aarón,der-mithrilorden,1019,evoker,preservation,23,11,12
Aezthaza,outland,1018,evoker,preservation,26,12,14
Markies,chogall,1018,evoker,preservation,51,20,31
Kamings,outland,1016,evoker,preservation,44,28,16
Dractarys,arathi,1016,evoker,preservation,96,47,49
Adula,azjolnerub,1016,evoker,preservation,30,12,18
Драколайт,eversong,1015,evoker,preservation,24,11,13
Offering,ravencrest,1015,evoker,preservation,30,11,19
Klim,temple-noir,1014,evoker,preservation,42,11,31
Chromatus,azjolnerub,1013,evoker,preservation,51,28,23
Гопоп,gordunni,1011,evoker,preservation,31,14,17
Singe,nemesis,1010,evoker,preservation,120,42,78
Retyss,twisting-nether,1008,evoker,preservation,390,193,197
Smoochbumble,argent-dawn,1005,evoker,preservation,21,11,10
Viseron,zuljin,1004,evoker,preservation,149,61,88
Schenlong,kelthuzad,1003,evoker,preservation,102,47,55
Лалиса,soulflayer,1003,evoker,preservation,36,12,24
Xzarak,kazzak,1001,evoker,preservation,30,11,19
Мйлкйвей,deathguard,1000,evoker,preservation,52,32,20
Blazeros,sylvanas,1000,evoker,preservation,60,34,26
Thedrake,aegwynn,1000,evoker,preservation,53,30,23
Kyrathir,hyjal,1000,evoker,preservation,72,31,41
Archont,eredar,999,evoker,preservation,42,12,30
Escamosa,exodar,998,evoker,preservation,66,20,46
Morlie,argent-dawn,996,evoker,preservation,82,37,45
Lemustache,argent-dawn,994,evoker,preservation,36,12,24
Hool,silvermoon,992,evoker,preservation,255,124,131
Liane,drakthul,991,evoker,preservation,30,12,18
Evooke,outland,989,evoker,preservation,34,11,23
Molem,defias-brotherhood,988,evoker,preservation,98,43,55
Deadfyre,dun-modr,986,evoker,preservation,30,15,15
Drogon,nordrassil,985,evoker,preservation,17,11,6
Hios,twisting-nether,984,evoker,preservation,60,33,27
Kraaznus,ravencrest,984,evoker,preservation,20,11,9
Gantsu,blackhand,984,evoker,preservation,102,50,52
Cxsmetic,antonidas,983,evoker,preservation,27,12,15
Taynia,stormscale,978,evoker,preservation,28,12,16
Palindre,argent-dawn,973,evoker,preservation,95,47,48
Vicmilo,sanguino,973,evoker,preservation,30,13,17
Norgam,chogall,967,evoker,preservation,24,15,9
Алифсе,howling-fjord,965,evoker,preservation,84,23,61
Drazikz,archimonde,964,evoker,preservation,112,58,54
Æwárosaurus,ravencrest,963,evoker,preservation,31,15,16
Zaraten,hyjal,962,evoker,preservation,57,31,26
Voltyrh,antonidas,962,evoker,preservation,25,11,14
Drakares,la-croisade-écarlate,962,evoker,preservation,54,19,35
Cinnamoon,defias-brotherhood,960,evoker,preservation,21,12,9
Konzaa,argent-dawn,960,evoker,preservation,18,10,8
Gedzon,silvermoon,959,evoker,preservation,18,10,8
Escaaboy,stormscale,959,evoker,preservation,18,10,8
Snipy,burning-legion,959,evoker,preservation,18,10,8
Shôrty,ravencrest,959,evoker,preservation,18,10,8
Lootharon,blackhand,959,evoker,preservation,24,10,14
Hound,lordaeron,959,evoker,preservation,30,11,19
Азизиус,howling-fjord,958,evoker,preservation,18,10,8
Ashla,nemesis,958,evoker,preservation,58,26,32
Tannløsto,kazzak,958,evoker,preservation,30,10,20
Scottpula,tarren-mill,956,evoker,preservation,24,10,14
Shenronblue,bloodscalp,956,evoker,preservation,30,10,20
Adriia,ravencrest,954,evoker,preservation,18,10,8
Блэкмакарти,soulflayer,954,evoker,preservation,30,10,20
Terrorwings,twisting-nether,952,evoker,preservation,24,10,14
Jhoanna,grim-batol,951,evoker,preservation,66,32,34
Тафл,blackscar,950,evoker,preservation,24,10,14
Bobonakia,sylvanas,950,evoker,preservation,24,10,14
Ninecloud,executus,949,evoker,preservation,24,15,9
Difigiano,blackmoore,948,evoker,preservation,18,10,8
Slashlowe,archimonde,948,evoker,preservation,40,18,22
Burndaddy,dun-modr,947,evoker,preservation,24,10,14
Kirinde,draenor,946,evoker,preservation,212,90,122
Voryax,kirin-tor,943,evoker,preservation,36,12,24
Vores,norgannon,942,evoker,preservation,94,44,50
Lînkôs,aegwynn,938,evoker,preservation,71,35,36
Fumfum,twisting-nether,938,evoker,preservation,30,10,20
Винтер,azuregos,935,evoker,preservation,19,11,8
Vozzat,stormscale,934,evoker,preservation,24,11,13
Draklorn,moonglade,933,evoker,preservation,75,36,39
Zahaak,doomhammer,931,evoker,preservation,72,29,43
Dracnass,silvermoon,930,evoker,preservation,18,10,8
Jamesdouglas,eredar,929,evoker,preservation,54,30,24
Nicholbolas,nordrassil,929,evoker,preservation,29,16,13
Pigioto,silvermoon,929,evoker,preservation,228,110,118
Kalestis,arthas,925,evoker,preservation,38,20,18
Hazizsarkany,ragnaros,919,evoker,preservation,18,12,6
Zymotîx,stormscale,919,evoker,preservation,36,10,26
Schüppchên,antonidas,917,evoker,preservation,34,17,17
Лунет,lich-king,917,evoker,preservation,54,25,29
Turmonk,nordrassil,917,evoker,preservation,24,10,14
Dontiá,draenor,916,evoker,preservation,152,76,76
Inspecto,turalyon,914,evoker,preservation,42,23,19
Spirow,archimonde,912,evoker,preservation,73,31,42
Drakmool,ysondre,911,evoker,preservation,42,20,22
Grizu,die-ewige-wacht,911,evoker,preservation,24,10,14
Skìttlês,antonidas,908,evoker,preservation,226,105,121
Tf,doomhammer,903,evoker,preservation,70,26,44
Krestrazzos,blackmoore,902,evoker,preservation,60,21,39
Cárried,twilights-hammer,902,evoker,preservation,33,11,22
Quetzalcoâtl,burning-blade,901,evoker,preservation,54,27,27
Canitabravar,cthun,898,evoker,preservation,60,30,30
Exxa,tarren-mill,894,evoker,preservation,26,10,16
Minifléx,burning-legion,893,evoker,preservation,22,10,12
Anlong,alakir,893,evoker,preservation,47,20,27
Reddeaddrago,silvermoon,890,evoker,preservation,68,33,35
Morsan,tichondrius,890,evoker,preservation,51,24,27
Балрогхаоса,gordunni,887,evoker,preservation,54,22,32
Drakars,kazzak,886,evoker,preservation,62,27,35
Калесгоз,howling-fjord,883,evoker,preservation,123,49,74
Drachi,ambossar,880,evoker,preservation,78,35,43
Leonarty,nemesis,879,evoker,preservation,36,16,20
Mergwahlbark,hyjal,878,evoker,preservation,29,10,19
Aevon,blackrock,877,evoker,preservation,156,71,85
Domynevoc,hyjal,875,evoker,preservation,114,57,57
Drakthur,terenas,874,evoker,preservation,39,11,28
Верметор,soulflayer,873,evoker,preservation,126,49,77
Antifightx,kazzak,864,evoker,preservation,12,9,3
Flystowardsu,argent-dawn,864,evoker,preservation,12,9,3
Dekaralol,ravencrest,864,evoker,preservation,12,9,3
Kanketo,ravencrest,864,evoker,preservation,18,9,9
Moondraka,outland,864,evoker,preservation,18,9,9
Elpolioloco,culte-de-la-rive-noire,864,evoker,preservation,24,9,15
Skytrace,silvermoon,864,evoker,preservation,52,12,40
Мишанячешуя,gordunni,863,evoker,preservation,12,9,3
Arbîter,eredar,863,evoker,preservation,18,9,9
Wjörm,outland,863,evoker,preservation,18,9,9
Cupcâke,dalaran,863,evoker,preservation,18,9,9
Nassuada,dalaran,863,evoker,preservation,18,9,9
Myntara,tarren-mill,863,evoker,preservation,24,9,15
Dractharion,blackrock,863,evoker,preservation,30,9,21
Zygumy,hyjal,862,evoker,preservation,18,9,9
Навидх,howling-fjord,862,evoker,preservation,24,9,15
Jondal,kazzak,862,evoker,preservation,24,9,15
Mimic,scarshield-legion,861,evoker,preservation,18,9,9
Thymian,ambossar,861,evoker,preservation,195,90,105
Altairion,dalaran,860,evoker,preservation,40,21,19
Mistvoke,kazzak,860,evoker,preservation,18,9,9
Ивдигодх,gordunni,860,evoker,preservation,24,9,15
Campus,blackrock,859,evoker,preservation,18,9,9
Paizz,tarren-mill,859,evoker,preservation,18,9,9
Lithnxv,bladefist,859,evoker,preservation,18,9,9
Damssx,medivh,858,evoker,preservation,45,20,25
Evok,deathwing,858,evoker,preservation,24,10,14
Nedflanderss,silvermoon,856,evoker,preservation,18,9,9
Поплавочек,soulflayer,856,evoker,preservation,60,27,33
Viserione,outland,855,evoker,preservation,18,9,9
Ophois,malygos,854,evoker,preservation,12,9,3
Dudebrö,arathor,854,evoker,preservation,18,9,9
Minikuja,culte-de-la-rive-noire,853,evoker,preservation,68,28,40
Javåscript,outland,849,evoker,preservation,18,9,9
Evÿ,turalyon,846,evoker,preservation,48,19,29
Kaiser,trollbane,845,evoker,preservation,24,9,15
Drâkarys,khaz-modan,845,evoker,preservation,57,21,36
Yadormi,sylvanas,843,evoker,preservation,60,28,32
Sumo,burning-legion,841,evoker,preservation,36,16,20
Eymo,archimonde,836,evoker,preservation,24,9,15
Абьюз,galakrond,835,evoker,preservation,406,204,202
Dazzus,twilights-hammer,833,evoker,preservation,24,9,15
Azurewings,argent-dawn,832,evoker,preservation,77,28,49
Roastedpig,kazzak,831,evoker,preservation,17,9,8
Zerario,blackhand,827,evoker,preservation,23,9,14
Viseriðn,archimonde,827,evoker,preservation,24,9,15
Mendes,kazzak,827,evoker,preservation,84,26,58
Xanthisa,malganis,824,evoker,preservation,57,25,32
Miumyuki,drakthul,815,evoker,preservation,54,21,33
Absoto,dun-morogh,814,evoker,preservation,17,9,8
Kàzuée,outland,812,evoker,preservation,44,14,30
Rosestrasza,drakthul,809,evoker,preservation,17,9,8
Drakelussac,silvermoon,809,evoker,preservation,22,10,12
Uxiono,dun-modr,808,evoker,preservation,38,10,28
Деонтология,blackscar,803,evoker,preservation,36,13,23
Vantu,grim-batol,798,evoker,preservation,20,10,10
Purpledrac,draenor,797,evoker,preservation,18,9,9
Nochance,dentarg,795,evoker,preservation,127,45,82
Cheapdragon,tarren-mill,791,evoker,preservation,45,18,27
Scraier,ravenholdt,789,evoker,preservation,21,11,10
Эфирид,blackscar,779,evoker,preservation,59,22,37
Тирдде,deathweaver,778,evoker,preservation,168,73,95
Høt,nemesis,775,evoker,preservation,19,9,10
Malougos,ragnaros,771,evoker,preservation,42,11,31
Naicover,kazzak,768,evoker,preservation,12,8,4
Kanketopg,kazzak,768,evoker,preservation,12,8,4
Ghettovoke,sylvanas,768,evoker,preservation,12,8,4
Mentallyoff,ravencrest,768,evoker,preservation,12,8,4
Lurkarian,stormscale,768,evoker,preservation,12,8,4
Zendaë,archimonde,768,evoker,preservation,12,8,4
Ringil,tarren-mill,768,evoker,preservation,18,8,10
Nastywing,magtheridon,768,evoker,preservation,18,8,10
Nyxion,shattered-halls,768,evoker,preservation,18,8,10
Waytwohigh,ravencrest,768,evoker,preservation,18,8,10
Tetrís,blackhand,768,evoker,preservation,27,9,18
Jugzie,twisting-nether,768,evoker,preservation,24,8,16
Змеетян,gordunni,768,evoker,preservation,24,8,16
Дрейкорг,howling-fjord,768,evoker,preservation,24,8,16
Krazuntus,argent-dawn,767,evoker,preservation,12,8,4
Mundyr,sylvanas,767,evoker,preservation,18,8,10
Alariath,mannoroth,767,evoker,preservation,18,8,10
Woeisme,blackhand,766,evoker,preservation,18,8,10
Daracthyr,arathor,765,evoker,preservation,18,8,10
Dragonsito,cthun,765,evoker,preservation,18,8,10
Nêóô,blackrock,765,evoker,preservation,18,8,10
Toplevel,eredar,765,evoker,preservation,24,8,16
Mfdragon,grim-batol,765,evoker,preservation,24,8,16
Iswíftz,twisting-nether,765,evoker,preservation,30,8,22
Уполнамоченн,soulflayer,764,evoker,preservation,12,8,4
Mariorel,stormscale,764,evoker,preservation,38,9,29
Urelix,ragnaros,763,evoker,preservation,12,8,4
Drakhtyr,draenor,762,evoker,preservation,12,8,4
Arecibo,tarren-mill,762,evoker,preservation,12,8,4
Turdbreather,kazzak,759,evoker,preservation,24,8,16
Archedify,norgannon,759,evoker,preservation,36,8,28
Sarodari,blackhand,757,evoker,preservation,18,8,10
Dragonrocker,silvermoon,757,evoker,preservation,24,8,16
Sunfyres,frostmane,757,evoker,preservation,37,11,26
Cyclops,zuljin,756,evoker,preservation,24,8,16
Sáróman,ravencrest,755,evoker,preservation,44,16,28
Maverickx,nemesis,753,evoker,preservation,18,8,10
Marasz,silvermoon,753,evoker,preservation,102,44,58
Lunariëlle,les-sentinelles,749,evoker,preservation,12,8,4
Fodom,medivh,744,evoker,preservation,18,8,10
Kathaa,archimonde,740,evoker,preservation,54,16,38
Dracanis,shendralar,739,evoker,preservation,42,17,25
Missnorway,blackmoore,734,evoker,preservation,17,8,9
Johnpowell,defias-brotherhood,734,evoker,preservation,22,8,14
Dragonpd,ysondre,727,evoker,preservation,23,8,15
Touge,varimathras,721,evoker,preservation,24,8,16
Nêrifiel,hyjal,707,evoker,preservation,23,8,15
Baléryon,archimonde,705,evoker,preservation,11,8,3
Avizz,tarren-mill,687,evoker,preservation,26,12,14
Evyzz,blackmoore,672,evoker,preservation,12,7,5
Udewedu,ravencrest,672,evoker,preservation,12,7,5
Zarikus,argent-dawn,672,evoker,preservation,12,7,5
Stormnn,kazzak,672,evoker,preservation,12,7,5
Ðovahkiin,tarren-mill,672,evoker,preservation,18,7,11
Selectaa,grim-batol,672,evoker,preservation,18,7,11
Spacebreath,ravencrest,672,evoker,preservation,18,7,11
Iwaavoker,archimonde,672,evoker,preservation,18,7,11
Soupmah,silvermoon,672,evoker,preservation,18,7,11
Deadwing,eonar,672,evoker,preservation,18,7,11
Óceiros,silvermoon,672,evoker,preservation,18,7,11
Rmplol,twisting-nether,672,evoker,preservation,18,7,11
Sulführer,sanguino,672,evoker,preservation,18,7,11
Tabalugajr,arthas,672,evoker,preservation,23,8,15
Flookx,silvermoon,671,evoker,preservation,12,7,5
Greensmokey,sanguino,671,evoker,preservation,12,7,5
Dárnast,draenor,671,evoker,preservation,12,7,5
Feloñ,blackrock,671,evoker,preservation,12,7,5
Cynicál,blackmoore,671,evoker,preservation,12,7,5
Draaxy,twisting-nether,671,evoker,preservation,15,8,7
Fusanabide,kazzak,671,evoker,preservation,14,7,7
Гневиан,eversong,671,evoker,preservation,18,7,11
Myszostrasza,burning-legion,670,evoker,preservation,12,7,5
Margouillat,ysondre,670,evoker,preservation,12,7,5
Alicendre,hyjal,670,evoker,preservation,12,7,5
Liroo,hyjal,670,evoker,preservation,12,7,5
Daxiniti,ragnaros,670,evoker,preservation,24,7,17
Bobbyheal,blackmoore,670,evoker,preservation,30,7,23
Malfestio,zuljin,669,evoker,preservation,12,7,5
Dragonblade,drakthul,669,evoker,preservation,12,7,5
Avemonetemus,silvermoon,669,evoker,preservation,18,7,11
Morddragonx,draenor,669,evoker,preservation,18,7,11
Vatiras,magtheridon,669,evoker,preservation,24,7,17
Finnh,kazzak,669,evoker,preservation,24,7,17
Tamargon,frostwhisper,669,evoker,preservation,24,7,17
Wywill,eitrigg,668,evoker,preservation,12,7,5
Entombevoker,twisting-nether,668,evoker,preservation,12,7,5
Prikkedøden,grim-batol,668,evoker,preservation,18,7,11
Панкрок,thermaplugg,668,evoker,preservation,21,7,14
Morph,talnivarr,667,evoker,preservation,18,7,11
Wokevon,ravencrest,666,evoker,preservation,15,8,7
Hornbeam,tarren-mill,666,evoker,preservation,18,7,11
Acnologîa,ysondre,665,evoker,preservation,12,7,5
Gihzmo,tarren-mill,664,evoker,preservation,12,7,5
Gimmetheloop,blackrock,655,evoker,preservation,20,7,13
Lunarxina,burning-legion,646,evoker,preservation,25,8,17
Charezard,draenor,638,evoker,preservation,17,7,10
Myndragosa,varimathras,624,evoker,preservation,15,8,7
Blyatcuka,kazzak,617,evoker,preservation,17,8,9
Twocats,twisting-nether,615,evoker,preservation,23,8,15
Quewl,blackmoore,606,evoker,preservation,11,7,4
Shëitan,sinstralis,604,evoker,preservation,29,9,20
Büsselberg,blackmoore,595,evoker,preservation,27,8,19
Turbodragon,archimonde,576,evoker,preservation,6,6,0
Krakadayle,archimonde,576,evoker,preservation,12,6,6
Dréegon,hyjal,576,evoker,preservation,12,6,6
Scrípt,blackmoore,576,evoker,preservation,12,6,6
Arfedar,kazzak,576,evoker,preservation,12,6,6
Cutegirlx,blackrock,576,evoker,preservation,12,6,6
Oceirós,draenor,576,evoker,preservation,12,6,6
Lasissi,dragonblight,576,evoker,preservation,12,6,6
Luu,the-maelstrom,576,evoker,preservation,12,6,6
Dizatwo,silvermoon,576,evoker,preservation,12,6,6
Glefs,stormscale,576,evoker,preservation,12,6,6
Ritoplis,cthun,576,evoker,preservation,12,6,6
Lereena,la-croisade-écarlate,576,evoker,preservation,12,6,6
Talynn,sylvanas,576,evoker,preservation,12,6,6
Drakarroar,ragnaros,576,evoker,preservation,12,6,6
Rømmegrøt,tarren-mill,576,evoker,preservation,12,6,6
Iandret,destromath,576,evoker,preservation,12,6,6
Yesdaddyowo,draenor,576,evoker,preservation,12,6,6
Darkevokoul,conseil-des-ombres,576,evoker,preservation,12,6,6
Clamtucker,twisting-nether,576,evoker,preservation,12,6,6
Djsnake,twisting-nether,576,evoker,preservation,12,6,6
Lorixia,argent-dawn,576,evoker,preservation,18,6,12
Nosnipeofc,blackmoore,576,evoker,preservation,18,6,12
Eliteena,kazzak,576,evoker,preservation,18,6,12
Khaliy,blackrock,576,evoker,preservation,18,6,12
Lolprevoker,outland,576,evoker,preservation,18,6,12
Discodraken,stormscale,576,evoker,preservation,18,6,12
Invinite,blackrock,576,evoker,preservation,24,6,18
Дэзвинк,gordunni,576,evoker,preservation,24,6,18
Lìssàndra,argent-dawn,576,evoker,preservation,24,6,18
Drakuin,ravencrest,576,evoker,preservation,30,6,24
Draccaris,silvermoon,575,evoker,preservation,12,6,6
Drachenbeton,blackhand,575,evoker,preservation,12,6,6
Fivebeers,silvermoon,575,evoker,preservation,12,6,6
Dragonlet,twisting-nether,575,evoker,preservation,12,6,6
Drakeó,kazzak,575,evoker,preservation,12,6,6
Сулистраза,blackscar,575,evoker,preservation,12,6,6
Timyst,outland,575,evoker,preservation,12,6,6
Nevara,ragnaros,575,evoker,preservation,12,6,6
Pasqvoker,ravencrest,575,evoker,preservation,12,6,6
Raegos,ravencrest,575,evoker,preservation,12,6,6
Nexevo,blackmoore,575,evoker,preservation,18,6,12
Lykine,blackrock,575,evoker,preservation,18,6,12
Dreamdoll,tarren-mill,575,evoker,preservation,24,6,18
Dikkedraak,dentarg,574,evoker,preservation,12,6,6
Drakpojke,stormscale,574,evoker,preservation,12,6,6
Dracarysfire,kazzak,573,evoker,preservation,12,6,6
Apolerion,ragnaros,573,evoker,preservation,12,6,6
Etherwood,bronze-dragonflight,573,evoker,preservation,12,6,6
Blainedragon,arathor,573,evoker,preservation,18,6,12
Fandango,silvermoon,572,evoker,preservation,12,6,6
Seldar,steamwheedle-cartel,572,evoker,preservation,12,6,6
Нирт,gordunni,572,evoker,preservation,18,6,12
Jaratitz,dun-modr,572,evoker,preservation,18,6,12
Synpho,ahnqiraj,571,evoker,preservation,12,6,6
Фульфикс,soulflayer,571,evoker,preservation,18,6,12
Evocae,blackmoore,570,evoker,preservation,12,6,6
Aevnon,sylvanas,569,evoker,preservation,12,6,6
Adônis,malorne,569,evoker,preservation,31,6,25
Адалдракулий,howling-fjord,568,evoker,preservation,18,6,12
Младодуб,soulflayer,565,evoker,preservation,36,6,30
Synhtol,ragnaros,564,evoker,preservation,18,6,12
Ahyllesevok,antonidas,527,evoker,preservation,15,7,8
Rasalhague,uldum,522,evoker,preservation,15,6,9
Asharys,argent-dawn,521,evoker,preservation,29,8,21
Dracarysx,grim-batol,520,evoker,preservation,15,7,8
Ddraig,thunderhorn,513,evoker,preservation,28,7,21
Drakinas,outland,511,evoker,preservation,11,6,5
Tyuz,antonidas,509,evoker,preservation,14,6,8
Thenotelmat,twisting-nether,492,evoker,preservation,11,7,4
Hungryhank,ragnaros,480,evoker,preservation,6,5,1
Tsunamì,ysondre,480,evoker,preservation,6,5,1
Stêwpit,blackhand,480,evoker,preservation,6,5,1
Patatrake,sanguino,480,evoker,preservation,6,5,1
Jàcè,antonidas,480,evoker,preservation,6,5,1
Ralfferion,auchindoun,480,evoker,preservation,6,5,1
Jmyzard,tarren-mill,480,evoker,preservation,10,6,4
Soläryx,hyjal,480,evoker,preservation,12,6,6
Necorínexx,silvermoon,480,evoker,preservation,12,5,7
Evokoloko,outland,480,evoker,preservation,12,5,7
Nemrák,blackmoore,480,evoker,preservation,12,5,7
Vizdraken,tarren-mill,480,evoker,preservation,12,5,7
Belzevoker,blackrock,480,evoker,preservation,12,5,7
Dzin,burning-legion,480,evoker,preservation,12,5,7
Morkek,dun-modr,480,evoker,preservation,12,5,7
Alanikus,silvermoon,480,evoker,preservation,12,5,7
Bigreddragon,outland,480,evoker,preservation,12,5,7
Safcøn,eredar,480,evoker,preservation,12,5,7
Катяламизил,howling-fjord,480,evoker,preservation,12,5,7
Tymían,burning-legion,480,evoker,preservation,12,5,7
Rímmer,kazzak,480,evoker,preservation,12,5,7
Драгонкокс,gordunni,480,evoker,preservation,12,5,7
Fnom,hyjal,480,evoker,preservation,12,5,7
Murato,nemesis,480,evoker,preservation,12,5,7
Feddra,twisting-nether,480,evoker,preservation,12,5,7
Emeraldcomun,twisting-nether,480,evoker,preservation,12,5,7
Paarthursnax,tarren-mill,480,evoker,preservation,12,5,7
Mistime,twisting-nether,480,evoker,preservation,12,5,7
Monkeyvoker,archimonde,480,evoker,preservation,12,5,7
Interféctá,aegwynn,480,evoker,preservation,12,5,7
Frozenblast,archimonde,480,evoker,preservation,12,5,7
Twøførms,twisting-nether,480,evoker,preservation,15,6,9
Дракорэй,gordunni,480,evoker,preservation,18,5,13
Miraas,burning-blade,480,evoker,preservation,18,5,13
Dragóndééz,draenor,480,evoker,preservation,18,5,13
Cuckingsock,drakthul,480,evoker,preservation,18,5,13
Xyphoo,kazzak,480,evoker,preservation,18,5,13
Siipiveíkko,stormreaver,480,evoker,preservation,18,5,13
Theflight,ravencrest,480,evoker,preservation,18,5,13
Rise,tarren-mill,480,evoker,preservation,24,5,19
Néphrekh,archimonde,479,evoker,preservation,6,5,1
Naloqa,frostwolf,479,evoker,preservation,12,5,7
Chunlooi,baelgun,479,evoker,preservation,12,5,7
Scaleflux,argent-dawn,479,evoker,preservation,12,5,7
Shosk,chamber-of-aspects,479,evoker,preservation,12,5,7
Puffdaddyxd,twisting-nether,479,evoker,preservation,12,5,7
Darksaider,draenor,479,evoker,preservation,12,5,7
Drunkvoker,stormscale,479,evoker,preservation,12,5,7
Eurydíke,blackhand,479,evoker,preservation,12,5,7
Dractopelle,garona,479,evoker,preservation,12,5,7
Luftwaffel,blackmoore,479,evoker,preservation,12,5,7
Миме,howling-fjord,479,evoker,preservation,18,5,13
Whelp,antonidas,479,evoker,preservation,18,5,13
Chizy,aegwynn,479,evoker,preservation,18,5,13
Капрал,gordunni,479,evoker,preservation,18,5,13
Evobse,silvermoon,479,evoker,preservation,24,5,19
Effrt,ravencrest,479,evoker,preservation,24,5,19
Widow,chromaggus,478,evoker,preservation,12,5,7
Bbuszek,outland,478,evoker,preservation,18,5,13
Psycotrop,illidan,477,evoker,preservation,6,5,1
Vereeza,draenor,477,evoker,preservation,15,6,9
Exelott,ravencrest,477,evoker,preservation,14,5,9
Suicidel,silvermoon,477,evoker,preservation,18,5,13
Dragorasi,frostwolf,476,evoker,preservation,24,5,19
Гарил,grom,475,evoker,preservation,12,5,7
Ensîmîst,twisting-nether,475,evoker,preservation,12,5,7
Gladdrake,doomhammer,474,evoker,preservation,18,5,13
Ngaokoang,khaz-modan,473,evoker,preservation,24,5,19
Traumflügel,teldrassil,472,evoker,preservation,12,5,7
Iashiak,silvermoon,472,evoker,preservation,12,5,7
Fricandela,sanguino,472,evoker,preservation,18,5,13
Valasthor,argent-dawn,469,evoker,preservation,18,5,13
Ormqt,ravencrest,468,evoker,preservation,25,8,17
Incarnevoke,ravencrest,463,evoker,preservation,11,5,6
Thyriån,kazzak,447,evoker,preservation,11,5,6
Яссон,howling-fjord,447,evoker,preservation,14,6,8
Sentos,blackmoore,447,evoker,preservation,16,5,11
Kássadaín,the-maelstrom,447,evoker,preservation,16,5,11
Jcloud,shattered-hand,432,evoker,preservation,15,5,10
Giangiungiua,pozzo-delleternità,431,evoker,preservation,11,5,6
Elrycx,tarren-mill,431,evoker,preservation,21,6,15
Uwulogie,tarren-mill,425,evoker,preservation,26,6,20
Grajade,dun-modr,422,evoker,preservation,15,6,9
Hazes,blackmoore,415,evoker,preservation,10,5,5
Alrakis,kragjin,415,evoker,preservation,16,5,11
Killmeifucan,twisting-nether,384,evoker,preservation,6,4,2
Variandre,ravencrest,384,evoker,preservation,6,4,2
Bindrasz,ahnqiraj,384,evoker,preservation,6,4,2
Wyrovoker,ragnaros,384,evoker,preservation,6,4,2
Zankthorx,stormscale,384,evoker,preservation,6,4,2
Needstherapy,ravencrest,384,evoker,preservation,6,4,2
Snàx,aggra-português,384,evoker,preservation,6,4,2
Bumforce,ravencrest,384,evoker,preservation,6,4,2
Похмуррий,gordunni,384,evoker,preservation,6,4,2
Jormün,dalaran,384,evoker,preservation,6,4,2
Quasarized,ravencrest,384,evoker,preservation,6,4,2
Kyu,die-nachtwache,384,evoker,preservation,6,4,2
Grumes,blackmoore,384,evoker,preservation,6,4,2
Creaxx,kirin-tor,384,evoker,preservation,6,4,2
Clw,blackrock,384,evoker,preservation,6,4,2
Aymoreth,argent-dawn,384,evoker,preservation,6,4,2
Drangonildo,turalyon,384,evoker,preservation,6,4,2
Rbgdragon,silvermoon,384,evoker,preservation,6,4,2
Aoryx,dun-modr,384,evoker,preservation,6,4,2
Evossy,tarren-mill,384,evoker,preservation,6,4,2
Dragneel,ravenholdt,384,evoker,preservation,6,4,2
Ahnë,archimonde,384,evoker,preservation,6,4,2
Rhaeghal,hyjal,384,evoker,preservation,6,4,2
Fomoerectus,eredar,384,evoker,preservation,12,4,8
Yaraxes,outland,384,evoker,preservation,12,4,8
Feyrbrand,ysera,384,evoker,preservation,12,4,8
Tokvoker,tarren-mill,384,evoker,preservation,12,4,8
Микрощука,gordunni,384,evoker,preservation,12,4,8
Галактиг,thermaplugg,384,evoker,preservation,12,4,8
Evokker,antonidas,384,evoker,preservation,12,4,8
Ninhursag,hyjal,384,evoker,preservation,12,4,8
Epicfire,ravencrest,384,evoker,preservation,12,4,8
Gryrdrid,draenor,384,evoker,preservation,12,4,8
Floats,arathor,384,evoker,preservation,12,4,8
Ñancey,draenor,384,evoker,preservation,12,4,8
Toílet,blackmoore,384,evoker,preservation,12,4,8
Feradely,thrall,384,evoker,preservation,12,4,8
Tömmöfwarrs,archimonde,384,evoker,preservation,12,4,8
Whatisthis,archimonde,384,evoker,preservation,12,4,8
Azdaja,blackmoore,384,evoker,preservation,12,4,8
Larmédrio,archimonde,384,evoker,preservation,15,4,11
Gaulavoker,ragnaros,384,evoker,preservation,18,4,14
Aldien,antonidas,384,evoker,preservation,18,4,14
Multytür,antonidas,384,evoker,preservation,18,4,14
Wiskeryon,ravencrest,384,evoker,preservation,18,4,14
Fogwing,ravencrest,384,evoker,preservation,18,4,14
Dragønlord,blackrock,384,evoker,preservation,18,4,14
Belzilian,dalaran,384,evoker,preservation,18,4,14
Lohis,grim-batol,384,evoker,preservation,18,4,14
Firelizardxd,archimonde,384,evoker,preservation,24,4,20
Amarisnex,ragnaros,383,evoker,preservation,6,4,2
Tisik,terokkar,383,evoker,preservation,6,4,2
Кефтыме,soulflayer,383,evoker,preservation,6,4,2
Nicnacx,stormscale,383,evoker,preservation,6,4,2
Timeshifter,stormscale,383,evoker,preservation,6,4,2
Evozilla,blackrock,383,evoker,preservation,12,4,8
Pureshot,archimonde,383,evoker,preservation,12,4,8
Pavel,steamwheedle-cartel,383,evoker,preservation,12,4,8
Dracarÿs,outland,383,evoker,preservation,12,4,8
Сантанико,grom,383,evoker,preservation,12,4,8
Ignisaureus,silvermoon,383,evoker,preservation,12,4,8
Batmanjasii,eredar,383,evoker,preservation,12,4,8
Astridae,kirin-tor,383,evoker,preservation,12,4,8
Yaldthion,dun-modr,383,evoker,preservation,18,4,14
Steadyop,doomhammer,382,evoker,preservation,6,4,2
Dolceprada,stormscale,381,evoker,preservation,12,4,8
Dragonboss,doomhammer,380,evoker,preservation,12,4,8
Мизурион,gordunni,379,evoker,preservation,12,4,8
Ekko,nethersturm,379,evoker,preservation,13,4,9
Rãptør,tarren-mill,367,evoker,preservation,11,4,7
Friggr,defias-brotherhood,367,evoker,preservation,23,4,19
Nevagonafly,archimonde,351,evoker,preservation,10,6,4
Kynirà,magtheridon,351,evoker,preservation,11,4,7
Sinastral,sanguino,350,evoker,preservation,11,4,7
Breathkiller,stormscale,330,evoker,preservation,10,6,4
Caida,stormscale,330,evoker,preservation,12,5,7
Zarog,frostwolf,303,evoker,preservation,7,4,3
Renalia,blackrock,288,evoker,preservation,6,3,3
Speckjarrow,blackrock,288,evoker,preservation,6,3,3
Знамядрак,soulflayer,288,evoker,preservation,6,3,3
Pruttburk,draenor,288,evoker,preservation,6,3,3
Tactician,stormreaver,288,evoker,preservation,6,3,3
Niffdra,twisting-nether,288,evoker,preservation,6,3,3
Räze,twisting-nether,288,evoker,preservation,6,3,3
Flâneur,ysondre,288,evoker,preservation,6,3,3
Pfuffi,steamwheedle-cartel,288,evoker,preservation,6,3,3
Zordrach,quelthalas,288,evoker,preservation,6,3,3
Keizal,twisting-nether,288,evoker,preservation,6,3,3
Jackarlys,outland,288,evoker,preservation,6,3,3
Evokimag,grim-batol,288,evoker,preservation,6,3,3
Mushux,grim-batol,288,evoker,preservation,6,3,3
Gigabreath,ravencrest,288,evoker,preservation,6,3,3
Xorizard,runetotem,288,evoker,preservation,6,3,3
Trixvoke,ragnaros,288,evoker,preservation,6,3,3
Dokkamok,hyjal,288,evoker,preservation,6,3,3
Saphiraa,lightnings-blade,288,evoker,preservation,6,3,3
Iso,ravencrest,288,evoker,preservation,6,3,3
Loveyoudaddy,sylvanas,288,evoker,preservation,6,3,3
Asrwea,draenor,288,evoker,preservation,6,3,3
Alèd,hyjal,288,evoker,preservation,6,3,3
Botomforgold,ravencrest,288,evoker,preservation,6,3,3
Petleg,sanguino,288,evoker,preservation,6,3,3
Espâgnøl,hyjal,288,evoker,preservation,6,3,3
Konstraz,kazzak,288,evoker,preservation,6,3,3
Noogon,outland,288,evoker,preservation,6,3,3
Моралдракон,soulflayer,288,evoker,preservation,6,3,3
Fafnîr,stormrage,288,evoker,preservation,6,3,3
Meezyevo,ragnaros,288,evoker,preservation,6,3,3
Nezruslfarm,cthun,288,evoker,preservation,6,3,3
Cauter,draenor,288,evoker,preservation,6,3,3
Griefgodx,draenor,288,evoker,preservation,6,3,3
Ramilbest,ravencrest,288,evoker,preservation,6,3,3
Snackthyr,silvermoon,288,evoker,preservation,6,3,3
Rippo,tarren-mill,288,evoker,preservation,6,3,3
Drachenbeton,antonidas,288,evoker,preservation,6,3,3
Ceroxs,aegwynn,288,evoker,preservation,6,3,3
Limbimpi,twilights-hammer,288,evoker,preservation,6,3,3
Jmý,tarren-mill,288,evoker,preservation,6,3,3
Yeahhoe,ravencrest,288,evoker,preservation,6,3,3
Suirz,sanguino,288,evoker,preservation,9,4,5
Bullettail,silvermoon,288,evoker,preservation,7,3,4
Кунидракон,gordunni,288,evoker,preservation,10,4,6
Cadwalader,blades-edge,288,evoker,preservation,12,3,9
Edgybeb,archimonde,288,evoker,preservation,12,3,9
Siigge,draenor,288,evoker,preservation,12,3,9
Vaníliasodó,ragnaros,288,evoker,preservation,12,3,9
Bemil,twisting-nether,288,evoker,preservation,12,3,9
Monftroglou,archimonde,288,evoker,preservation,12,3,9
Viscervanthe,tarren-mill,288,evoker,preservation,12,3,9
Dragonboi,archimonde,288,evoker,preservation,12,3,9
Phillip,tarren-mill,288,evoker,preservation,12,3,9
Reelona,silvermoon,288,evoker,preservation,12,3,9
Taktcik,archimonde,288,evoker,preservation,12,3,9
Elderruan,shattered-hand,288,evoker,preservation,12,3,9
Buuf,sanguino,288,evoker,preservation,12,3,9
Zenda,turalyon,288,evoker,preservation,12,3,9
Brevsparven,ravencrest,288,evoker,preservation,12,3,9
Боевойхомякд,howling-fjord,288,evoker,preservation,12,3,9
Moltenazo,dun-modr,288,evoker,preservation,13,3,10
Милеис,soulflayer,287,evoker,preservation,6,3,3
Montralkyr,antonidas,287,evoker,preservation,6,3,3
Delta,blackhand,287,evoker,preservation,6,3,3
Gelu,burning-legion,287,evoker,preservation,6,3,3
Elexatra,hyjal,287,evoker,preservation,12,3,9
Drackial,zuljin,286,evoker,preservation,12,3,9
Òhrabzack,blackmoore,286,evoker,preservation,24,3,21
Valystrá,die-aldor,285,evoker,preservation,24,3,21
Kelisthrasa,antonidas,284,evoker,preservation,12,3,9
Quarsilly,frostwolf,271,evoker,preservation,11,3,8
Эйвия,soulflayer,256,evoker,preservation,4,4,0
Trellie,die-aldor,255,evoker,preservation,11,3,8
Agnî,sanguino,240,evoker,preservation,9,3,6
Zelenobelata,neptulon,234,evoker,preservation,16,4,12
Provôker,tarren-mill,223,evoker,preservation,8,3,5
Baranzion,twisting-nether,207,evoker,preservation,8,3,5
Exitelolx,blackrock,192,evoker,preservation,4,3,1
Protesturken,shadowsong,192,evoker,preservation,4,3,1
Garussy,draenor,192,evoker,preservation,6,2,4
Dno,archimonde,192,evoker,preservation,6,2,4
Змийх,gordunni,192,evoker,preservation,6,2,4
Voldermort,ravencrest,192,evoker,preservation,6,2,4
Glurakk,aegwynn,192,evoker,preservation,6,2,4
Язычник,thermaplugg,192,evoker,preservation,6,2,4
Falkoria,drakthul,192,evoker,preservation,6,2,4
Vermithors,ravencrest,192,evoker,preservation,6,2,4
Глорунг,howling-fjord,192,evoker,preservation,6,2,4
Notdasilva,twisting-nether,192,evoker,preservation,6,2,4
Timotheus,draenor,192,evoker,preservation,6,2,4
Chalgoumax,ysondre,192,evoker,preservation,6,2,4
Лфграб,howling-fjord,192,evoker,preservation,6,2,4
Zendervish,draenor,192,evoker,preservation,6,2,4
Shinad,ravencrest,192,evoker,preservation,6,2,4
Soondeleted,eredar,192,evoker,preservation,6,2,4
Freesckretx,archimonde,192,evoker,preservation,6,2,4
Matyas,tarren-mill,192,evoker,preservation,6,2,4
Chronogosa,argent-dawn,192,evoker,preservation,6,2,4
Rex,stormreaver,192,evoker,preservation,6,2,4
Zelëph,archimonde,192,evoker,preservation,6,2,4
Иванза,howling-fjord,192,evoker,preservation,6,2,4
Ysgrin,argent-dawn,192,evoker,preservation,6,2,4
Darker,garrosh,192,evoker,preservation,6,2,4
Magmarôs,argent-dawn,192,evoker,preservation,6,2,4
Rngmåchinè,ravencrest,192,evoker,preservation,6,2,4
Azurog,blackmoore,192,evoker,preservation,6,2,4
Youzfull,blackrock,192,evoker,preservation,6,2,4
Sheràqt,blackrock,192,evoker,preservation,6,2,4
Sénkú,silvermoon,192,evoker,preservation,6,2,4
Chamustrasza,sanguino,192,evoker,preservation,6,2,4
Asunarion,silvermoon,192,evoker,preservation,6,2,4
Tacthyr,blackrock,192,evoker,preservation,6,2,4
Braitnezdrag,blackrock,192,evoker,preservation,6,2,4
Thunderthorn,blackrock,192,evoker,preservation,6,2,4
Nordomu,silvermoon,192,evoker,preservation,6,2,4
Aegón,uldum,192,evoker,preservation,6,2,4
Dragonlol,stormscale,192,evoker,preservation,6,2,4
Puzzles,ravencrest,192,evoker,preservation,6,2,4
Popelka,shattered-halls,192,evoker,preservation,6,2,4
Vaporesso,dun-modr,192,evoker,preservation,6,2,4
Überflieger,blackmoore,192,evoker,preservation,6,2,4
Dragonzo,arathor,192,evoker,preservation,6,2,4
Oontäälihis,ravencrest,192,evoker,preservation,6,2,4
Ræyna,blackmoore,192,evoker,preservation,6,2,4
Cousinbetty,defias-brotherhood,192,evoker,preservation,6,2,4
Glurak,stormscale,192,evoker,preservation,6,2,4
Sloeez,kazzak,192,evoker,preservation,6,2,4
Maysiesthraz,ravencrest,192,evoker,preservation,6,2,4
Spyróò,ravencrest,192,evoker,preservation,6,2,4
Frogzey,kazzak,192,evoker,preservation,6,2,4
Últimdrac,dun-modr,192,evoker,preservation,6,2,4
Chíliena,ravencrest,192,evoker,preservation,6,2,4
Pico,madmortem,192,evoker,preservation,12,2,10
Atotheerawr,kazzak,192,evoker,preservation,12,2,10
Margouillax,archimonde,192,evoker,preservation,12,2,10
Chocodragon,blackmoore,192,evoker,preservation,12,2,10
Reworkedmage,twisting-nether,192,evoker,preservation,12,2,10
Flametender,silvermoon,192,evoker,preservation,12,2,10
Rhäegal,kaelthas,192,evoker,preservation,12,2,10
Dragaras,twisting-nether,192,evoker,preservation,12,2,10
Wuschwuscha,thrall,192,evoker,preservation,12,2,10
Mylittlepony,conseil-des-ombres,192,evoker,preservation,12,2,10
Teyvoker,blackmoore,192,evoker,preservation,12,2,10
Raeinar,tyrande,192,evoker,preservation,12,2,10
Dráthír,blackrock,192,evoker,preservation,12,2,10
Lììn,hyjal,192,evoker,preservation,12,2,10
Djage,kazzak,192,evoker,preservation,14,2,12
Copíum,silvermoon,192,evoker,preservation,18,2,16
Dracipsouk,drakthul,192,evoker,preservation,18,2,16
Macdrac,area-52,192,evoker,preservation,18,2,16
Mjoke,the-maelstrom,192,evoker,preservation,18,2,16
Yuyux,sanguino,191,evoker,preservation,6,2,4
Ясосалочка,howling-fjord,191,evoker,preservation,6,2,4
Sinnkra,argent-dawn,191,evoker,preservation,6,2,4
Morpheuzx,tarren-mill,191,evoker,preservation,6,2,4
Muraki,ysondre,191,evoker,preservation,6,2,4
Azza,uldum,191,evoker,preservation,12,2,10
Flameclaw,argent-dawn,191,evoker,preservation,12,2,10
Viorias,argent-dawn,191,evoker,preservation,27,2,25
Тримони,soulflayer,175,evoker,preservation,11,4,7
Dandrake,shattered-hand,159,evoker,preservation,5,2,3
Eldrax,emerald-dream,159,evoker,preservation,5,2,3
Outsider,aegwynn,144,evoker,preservation,3,3,0
Stinka,blackmoore,138,evoker,preservation,9,5,4
Primepewpew,ragnaros,138,evoker,preservation,15,3,12
Tizuki,twisting-nether,138,evoker,preservation,16,3,13
Zzaazaa,argent-dawn,137,evoker,preservation,10,3,7
Azzazed,dun-modr,127,evoker,preservation,4,2,2
Marcelproust,burning-legion,127,evoker,preservation,4,2,2
Zuhana,twisting-nether,127,evoker,preservation,4,2,2
Slaskenyah,tarren-mill,96,evoker,preservation,6,1,5
Freyrn,drakthul,96,evoker,preservation,6,1,5
Pavelito,ysondre,96,evoker,preservation,6,1,5
Asdkmelkm,stormscale,96,evoker,preservation,6,1,5
Drakenballen,ragnaros,96,evoker,preservation,6,1,5
Brystrasza,quelthalas,96,evoker,preservation,6,1,5
Varyse,stormscale,96,evoker,preservation,6,1,5
Mazzdrake,sylvanas,96,evoker,preservation,6,1,5
Eurasia,ravenholdt,96,evoker,preservation,6,1,5
Larrykoopa,hyjal,96,evoker,preservation,6,1,5
Tarecgos,sanguino,96,evoker,preservation,6,1,5
Pipe,sanguino,96,evoker,preservation,6,1,5
Mulqahdiiv,archimonde,96,evoker,preservation,6,1,5
Charovoker,blackmoore,96,evoker,preservation,6,1,5
Awienz,kazzak,96,evoker,preservation,6,1,5
Rickastley,ragnaros,96,evoker,preservation,6,1,5
Huangzhang,burning-legion,96,evoker,preservation,6,1,5
Lumberdrake,stormscale,96,evoker,preservation,6,1,5
Woasid,outland,96,evoker,preservation,6,1,5
Bisxcuit,dun-modr,96,evoker,preservation,6,1,5
Xqa,hyjal,96,evoker,preservation,6,1,5
Kedel,tarren-mill,96,evoker,preservation,6,1,5
Kroqmoo,drekthar,96,evoker,preservation,6,1,5
Drachenlord,alakir,96,evoker,preservation,6,1,5
Jouke,dentarg,96,evoker,preservation,6,1,5
Dewi,anachronos,96,evoker,preservation,6,1,5
Yaboismok,burning-legion,96,evoker,preservation,6,1,5
Leandrini,ravencrest,96,evoker,preservation,6,1,5
Nezruslfarm,dun-modr,96,evoker,preservation,6,1,5
Ajjemen,outland,96,evoker,preservation,6,1,5
Dragonpro,kazzak,96,evoker,preservation,6,1,5
Tussyy,exodar,96,evoker,preservation,6,1,5
Foldoudoune,archimonde,96,evoker,preservation,6,1,5
Oogabuga,outland,96,evoker,preservation,6,1,5
Hizzo,burning-legion,96,evoker,preservation,6,1,5
Ch,ghostlands,96,evoker,preservation,6,1,5
Breathpitt,blackrock,96,evoker,preservation,6,1,5
Азивокер,howling-fjord,96,evoker,preservation,6,1,5
Hojoker,twisting-nether,96,evoker,preservation,6,1,5
Gwindora,azjolnerub,96,evoker,preservation,6,1,5
Ibexphénix,conseil-des-ombres,96,evoker,preservation,6,1,5
Kaezmasterx,blackrock,96,evoker,preservation,6,1,5
Drgn,blackhand,96,evoker,preservation,6,1,5
Louzard,draenor,96,evoker,preservation,6,1,5
Смехокрыл,deathguard,96,evoker,preservation,6,1,5
Хафр,deathguard,96,evoker,preservation,6,1,5
Ceerdrogo,twisting-nether,96,evoker,preservation,9,1,8
Sopollina,draenor,96,evoker,preservation,12,1,11
Mefedrone,argent-dawn,96,evoker,preservation,12,1,11
Tatsuki,arthas,96,evoker,preservation,12,1,11
Baddragonxxl,sylvanas,96,evoker,preservation,12,1,11
Vänesiä,sylvanas,96,evoker,preservation,12,1,11
Duveloker,dragonblight,96,evoker,preservation,12,1,11
Vullgred,sylvanas,96,evoker,preservation,12,1,11
Heidrun,ravenholdt,95,evoker,preservation,6,1,5
Wirenth,chogall,95,evoker,preservation,12,1,11
Fluffykoi,silvermoon,95,evoker,preservation,12,1,11
Imend,stormscale,79,evoker,preservation,5,1,4
Hnsons,earthen-ring,64,evoker,preservation,10,1,9
Draginy,blackrock,63,evoker,preservation,2,2,0
Dopëshow,drakthul,48,evoker,preservation,3,1,2
Faijer,blackmoore,42,evoker,preservation,10,3,7
Nickydragonx,stormscale,42,evoker,preservation,10,3,7
Flyvern,kazzak,42,evoker,preservation,8,2,6
Кеннокс,soulflayer,2272,evoker,devastation,126,70,56
Hehehihihaha,ravencrest,2179,evoker,devastation,130,67,63
Rexzstrasza,eredar,2132,evoker,devastation,143,81,62
Animenorgam,alakir,2126,evoker,devastation,254,151,103
Babodrake,blackhand,2122,evoker,devastation,121,61,60
Meust,blackrock,2111,evoker,devastation,66,42,24
Heõ,twisting-nether,2102,evoker,devastation,369,183,186
Пивнаябошка,soulflayer,2099,evoker,devastation,96,49,47
Drakenyasha,tarren-mill,2060,evoker,devastation,261,130,131
Brokz,twisting-nether,2048,evoker,devastation,149,81,68
Sârmikas,blackhand,2032,evoker,devastation,273,141,132
Дракшотик,soulflayer,2031,evoker,devastation,54,30,24
Дракшотик,blackscar,2021,evoker,devastation,60,37,23
Twodeep,blackrock,2016,evoker,devastation,153,80,73
Dracohfeu,archimonde,2014,evoker,devastation,94,54,40
Kamehaméha,outland,1975,evoker,devastation,105,59,46
Judda,stormscale,1971,evoker,devastation,197,98,99
Uglylizard,stormscale,1968,evoker,devastation,66,42,24
Darkssoul,outland,1967,evoker,devastation,144,77,67
Lesgrossman,ravencrest,1965,evoker,devastation,90,47,43
Edvoker,twisting-nether,1960,evoker,devastation,174,92,82
Claxy,ragnaros,1952,evoker,devastation,72,38,34
Balthinar,argent-dawn,1951,evoker,devastation,108,54,54
Dracofeuxd,archimonde,1947,evoker,devastation,75,44,31
Diznutz,kazzak,1941,evoker,devastation,132,66,66
Zmej,twisting-nether,1937,evoker,devastation,113,55,58
Wexvoker,darksorrow,1936,evoker,devastation,109,59,50
Ryujíin,kazzak,1929,evoker,devastation,101,61,40
Myxker,burning-legion,1922,evoker,devastation,77,36,41
Evodraxx,hyjal,1911,evoker,devastation,72,32,40
Sloeez,kazzak,1903,evoker,devastation,60,30,30
Jeannedebruj,ravencrest,1902,evoker,devastation,231,120,111
Нерфсрочно,gordunni,1897,evoker,devastation,240,117,123
Ízma,ravencrest,1894,evoker,devastation,192,99,93
Salk,stormscale,1891,evoker,devastation,36,20,16
Soondeleted,eredar,1887,evoker,devastation,48,27,21
Silvior,outland,1885,evoker,devastation,66,31,35
Драгонтьма,gordunni,1877,evoker,devastation,131,68,63
Ønce,durotan,1877,evoker,devastation,105,54,51
Juhadormu,stormreaver,1875,evoker,devastation,143,74,69
Ipanicsoar,tarren-mill,1869,evoker,devastation,128,64,64
Lidldragon,argent-dawn,1862,evoker,devastation,38,28,10
Nigesaurus,burning-legion,1862,evoker,devastation,39,21,18
Enzetrius,argent-dawn,1861,evoker,devastation,36,22,14
Whaazzdragon,tarren-mill,1858,evoker,devastation,42,24,18
Atoll,scarshield-legion,1858,evoker,devastation,55,29,26
Saintly,kult-der-verdammten,1857,evoker,devastation,116,67,49
Lizardbøi,blackhand,1855,evoker,devastation,72,37,35
Дреадди,soulflayer,1855,evoker,devastation,152,78,74
Hëroinhenry,tarren-mill,1853,evoker,devastation,66,44,22
Ralygos,ravencrest,1849,evoker,devastation,126,75,51
Xzvoker,kazzak,1848,evoker,devastation,134,67,67
Ryuu,mazrigos,1848,evoker,devastation,65,30,35
Jamiewing,ravencrest,1844,evoker,devastation,219,117,102
Calygosa,antonidas,1843,evoker,devastation,36,23,13
Advancedboy,archimonde,1839,evoker,devastation,69,32,37
Nazyr,blackhand,1838,evoker,devastation,72,41,31
Sagrax,silvermoon,1835,evoker,devastation,68,40,28
Nerfmeplze,outland,1834,evoker,devastation,134,65,69
Гиперзверь,gordunni,1831,evoker,devastation,68,35,33
Аксиомх,soulflayer,1831,evoker,devastation,76,39,37
Korvi,ravencrest,1830,evoker,devastation,44,25,19
Keñwøød,ysondre,1829,evoker,devastation,56,27,29
Frozendragon,twisting-nether,1828,evoker,devastation,95,53,42
Viscervanthe,tarren-mill,1826,evoker,devastation,78,38,40
Irvethius,argent-dawn,1822,evoker,devastation,203,103,100
Tremmérz,outland,1821,evoker,devastation,66,34,32
Jamzyevoker,emerald-dream,1819,evoker,devastation,73,38,35
Ларенил,gordunni,1817,evoker,devastation,90,44,46
Krazuntus,argent-dawn,1816,evoker,devastation,93,51,42
Lurkî,blackhand,1815,evoker,devastation,114,57,57
Ryuujin,outland,1815,evoker,devastation,66,30,36
Avë,kazzak,1814,evoker,devastation,89,46,43
Amadeusx,ravencrest,1810,evoker,devastation,55,30,25
Ðø,antonidas,1810,evoker,devastation,59,28,31
Sleyvoker,draenor,1806,evoker,devastation,42,26,16
Дарратель,gordunni,1806,evoker,devastation,195,106,89
Apacstrasza,ragnaros,1806,evoker,devastation,164,82,82
Zephlas,sunstrider,1803,evoker,devastation,49,27,22
Meust,destromath,1803,evoker,devastation,54,28,26
Dracoli,eredar,1800,evoker,devastation,125,71,54
Zendaÿa,silvermoon,1800,evoker,devastation,120,60,60
Jibobo,the-maelstrom,1800,evoker,devastation,47,20,27
Elbozo,kazzak,1799,evoker,devastation,110,59,51
Azorgaron,outland,1796,evoker,devastation,42,24,18
Jaimery,ravencrest,1796,evoker,devastation,54,29,25
Bigmacfrite,ysondre,1792,evoker,devastation,94,47,47
Oontäälihis,ravencrest,1789,evoker,devastation,199,101,98
Shaze,zuljin,1788,evoker,devastation,59,39,20
Rahzk,twisting-nether,1788,evoker,devastation,48,28,20
Obbwoke,ravencrest,1782,evoker,devastation,132,69,63
Infopaki,stormscale,1781,evoker,devastation,94,53,41
Eldunaries,argent-dawn,1779,evoker,devastation,182,92,90
Mizamiza,blackrock,1772,evoker,devastation,154,79,75
Yimvoker,blackrock,1770,evoker,devastation,36,21,15
Kàido,ravencrest,1766,evoker,devastation,688,338,350
Sintharion,ravencrest,1758,evoker,devastation,182,94,88
Evøkergøðx,ravencrest,1753,evoker,devastation,251,128,123
Wuiflyta,dun-modr,1747,evoker,devastation,95,42,53
Верестраз,howling-fjord,1746,evoker,devastation,72,34,38
Draxxys,blackmoore,1737,evoker,devastation,109,58,51
Hollowbreath,sanguino,1737,evoker,devastation,262,130,132
Ceerdrogo,twisting-nether,1736,evoker,devastation,77,41,36
Devictxd,ragnaros,1730,evoker,devastation,59,34,25
Homeoffice,zenedar,1727,evoker,devastation,108,57,51
Фиамниэль,gordunni,1726,evoker,devastation,54,26,28
Merkels,blackmoore,1725,evoker,devastation,697,352,345
Ralfferion,auchindoun,1724,evoker,devastation,60,30,30
Melodio,outland,1722,evoker,devastation,78,46,32
Duvahkahr,ragnaros,1721,evoker,devastation,75,37,38
Tetsú,tarren-mill,1720,evoker,devastation,170,93,77
Tamargon,frostwhisper,1719,evoker,devastation,52,28,24
Carlospapa,lothar,1717,evoker,devastation,59,40,19
Valdrakon,doomhammer,1717,evoker,devastation,109,57,52
Rzektwo,eredar,1717,evoker,devastation,106,53,53
Cinnannoe,tarren-mill,1716,evoker,devastation,185,104,81
Kymaíra,hyjal,1716,evoker,devastation,48,22,26
Kôlaghan,archimonde,1711,evoker,devastation,59,32,27
Famouszorc,sanguino,1704,evoker,devastation,168,96,72
Скорукх,gordunni,1703,evoker,devastation,141,79,62
Rokki,blackrock,1702,evoker,devastation,88,48,40
Shimmerscale,blackhand,1700,evoker,devastation,143,82,61
Инсейнмэн,soulflayer,1697,evoker,devastation,253,134,119
Elitedraach,tarren-mill,1697,evoker,devastation,35,18,17
Гневиан,eversong,1694,evoker,devastation,186,96,90
Cybraxq,kazzak,1692,evoker,devastation,30,18,12
Âspên,archimonde,1690,evoker,devastation,44,26,18
Sawk,archimonde,1690,evoker,devastation,108,63,45
Bubbleblower,stormscale,1688,evoker,devastation,52,33,19
Спайрок,gordunni,1687,evoker,devastation,218,111,107
Углекислот,howling-fjord,1683,evoker,devastation,90,44,46
Woasid,outland,1682,evoker,devastation,123,73,50
Merqury,ravencrest,1677,evoker,devastation,36,23,13
Dispelgodx,eredar,1673,evoker,devastation,60,30,30
Amnevoker,dalaran,1671,evoker,devastation,30,18,12
Mørningstãr,ragnaros,1668,evoker,devastation,78,40,38
Galanix,argent-dawn,1667,evoker,devastation,54,26,28
Хетсв,gordunni,1663,evoker,devastation,102,57,45
Polbiwe,silvermoon,1660,evoker,devastation,74,36,38
Archdragon,argent-dawn,1658,evoker,devastation,169,90,79
Capybaro,blackrock,1656,evoker,devastation,48,31,17
Dragonlia,blackrock,1656,evoker,devastation,36,23,13
Telepathy,ravencrest,1656,evoker,devastation,62,38,24
Voklath,kazzak,1656,evoker,devastation,163,81,82
Emeraldino,twisting-nether,1655,evoker,devastation,48,20,28
Swapxyevo,ravencrest,1650,evoker,devastation,36,22,14
Paarthursnax,tarren-mill,1646,evoker,devastation,59,35,24
Hanoostrasz,tarren-mill,1646,evoker,devastation,129,70,59
Ольменго,fordragon,1646,evoker,devastation,81,41,40
Iíiìl,silvermoon,1643,evoker,devastation,60,40,20
Serulyon,draenor,1643,evoker,devastation,102,53,49
Sürion,grim-batol,1642,evoker,devastation,72,39,33
Zaralek,stormscale,1641,evoker,devastation,54,34,20
Ruinastrasza,silvermoon,1641,evoker,devastation,235,118,117
Ясъелинеры,gordunni,1640,evoker,devastation,54,31,23
Devoxz,tarren-mill,1639,evoker,devastation,126,69,57
Dragonide,draenor,1638,evoker,devastation,53,28,25
Fyndassil,blackrock,1636,evoker,devastation,132,57,75
Hyperan,twisting-nether,1635,evoker,devastation,82,40,42
Lilpooper,bloodhoof,1634,evoker,devastation,103,58,45
Varagon,rexxar,1634,evoker,devastation,95,52,43
Aegón,uldum,1633,evoker,devastation,90,41,49
Niddhøgg,ragnaros,1632,evoker,devastation,36,21,15
Øseria,khaz-modan,1631,evoker,devastation,194,111,83
Papayoyo,draenor,1630,evoker,devastation,156,75,81
Nalî,dethecus,1628,evoker,devastation,30,18,12
Crueh,outland,1628,evoker,devastation,36,17,19
Drôgon,archimonde,1627,evoker,devastation,71,36,35
Deathdream,stormscale,1627,evoker,devastation,36,17,19
Badrig,silvermoon,1626,evoker,devastation,345,183,162
Hömeöffice,sylvanas,1624,evoker,devastation,110,59,51
Eskavoker,kazzak,1623,evoker,devastation,36,22,14
Nagoli,silvermoon,1623,evoker,devastation,162,88,74
Skùzito,ysondre,1622,evoker,devastation,42,20,22
Thorhygos,sinstralis,1620,evoker,devastation,65,35,30
Kiwí,antonidas,1619,evoker,devastation,30,17,13
Грринч,deathweaver,1619,evoker,devastation,94,49,45
Hyperflexx,blackrock,1617,evoker,devastation,36,21,15
Балерия,blackscar,1615,evoker,devastation,36,23,13
Ludwoker,tarren-mill,1615,evoker,devastation,88,55,33
Emmagosa,argent-dawn,1615,evoker,devastation,192,103,89
Charocharo,silvermoon,1613,evoker,devastation,42,26,16
Камиороти,borean-tundra,1613,evoker,devastation,33,19,14
Mazaw,burning-legion,1613,evoker,devastation,72,41,31
Batsquatch,argent-dawn,1612,evoker,devastation,36,23,13
Zapaflap,silvermoon,1612,evoker,devastation,119,65,54
Lagerstrasza,stormreaver,1612,evoker,devastation,54,29,25
Aclysia,outland,1612,evoker,devastation,66,35,31
Màlakir,chogall,1612,evoker,devastation,142,72,70
Tezkaz,blackmoore,1611,evoker,devastation,295,150,145
Bakspek,kilrogg,1610,evoker,devastation,36,24,12
Zkrdrgn,kazzak,1610,evoker,devastation,98,53,45
Mommystrasza,dentarg,1610,evoker,devastation,110,59,51
Pinacóladaqt,stormscale,1609,evoker,devastation,48,20,28
Ysterja,darkspear,1608,evoker,devastation,42,31,11
Denegos,sylvanas,1606,evoker,devastation,66,40,26
Drakshoff,khaz-modan,1606,evoker,devastation,265,142,123
Xendragon,kazzak,1606,evoker,devastation,86,45,41
Kaskala,dun-morogh,1605,evoker,devastation,36,22,14
Lizarduck,tarren-mill,1605,evoker,devastation,52,26,26
Stefanosxios,bloodfeather,1604,evoker,devastation,149,80,69
Abyssfyre,sylvanas,1603,evoker,devastation,75,44,31
Voldermort,ravencrest,1603,evoker,devastation,89,52,37
Hästdrake,the-maelstrom,1603,evoker,devastation,42,20,22
Дракарион,ashenvale,1602,evoker,devastation,60,36,24
Delorraine,burning-legion,1602,evoker,devastation,30,17,13
Мнякуня,howling-fjord,1600,evoker,devastation,46,24,22
Drakeflaps,lightnings-blade,1599,evoker,devastation,30,18,12
Soleric,drakthul,1599,evoker,devastation,127,60,67
Sadlylate,dentarg,1596,evoker,devastation,108,52,56
Flâneur,ysondre,1596,evoker,devastation,77,35,42
Piyuli,silvermoon,1595,evoker,devastation,61,33,28
Släshés,ravencrest,1595,evoker,devastation,119,55,64
Dragonandyy,blackrock,1594,evoker,devastation,177,93,84
Krothus,outland,1590,evoker,devastation,124,67,57
Notadvanced,draenor,1589,evoker,devastation,36,19,17
Саммеракс,gordunni,1589,evoker,devastation,102,45,57
Mekverath,stormscale,1582,evoker,devastation,224,111,113
Bindrasz,ahnqiraj,1579,evoker,devastation,42,19,23
Emayra,argent-dawn,1578,evoker,devastation,41,29,12
Dèéz,ravencrest,1574,evoker,devastation,51,34,17
Shumma,frostmane,1572,evoker,devastation,93,42,51
Mushü,kazzak,1570,evoker,devastation,101,55,46
Ocanada,draenor,1564,evoker,devastation,90,48,42
Enzospatalo,nemesis,1563,evoker,devastation,56,34,22
Touchmywings,ravencrest,1560,evoker,devastation,24,17,7
Yol,bladefist,1554,evoker,devastation,165,83,82
Калесгоз,howling-fjord,1551,evoker,devastation,42,18,24
Yuhabahha,kazzak,1550,evoker,devastation,178,89,89
Cûddles,hyjal,1548,evoker,devastation,171,87,84
Spýröo,kazzak,1546,evoker,devastation,209,118,91
Draguzee,draenor,1546,evoker,devastation,66,37,29
Ch,ghostlands,1546,evoker,devastation,47,22,25
Gämeovêrkïd,archimonde,1544,evoker,devastation,89,50,39
Drazam,blackrock,1543,evoker,devastation,111,61,50
Fogwing,ravencrest,1541,evoker,devastation,89,49,40
Kayly,twisting-nether,1540,evoker,devastation,42,29,13
Glennett,silvermoon,1537,evoker,devastation,73,38,35
Леерустан,howling-fjord,1537,evoker,devastation,50,26,24
Tiganj,silvermoon,1536,evoker,devastation,48,31,17
Zyndigos,ravencrest,1535,evoker,devastation,37,17,20
Øxyom,archimonde,1534,evoker,devastation,57,32,25
Gle,ragnaros,1530,evoker,devastation,90,40,50
Draqthyr,frostmane,1529,evoker,devastation,77,44,33
Lùñe,hyjal,1528,evoker,devastation,18,16,2
Beeragos,deathwing,1528,evoker,devastation,54,28,26
Dractaris,khaz-modan,1528,evoker,devastation,132,63,69
Tõyz,tarren-mill,1527,evoker,devastation,36,22,14
Кунидракон,gordunni,1527,evoker,devastation,151,75,76
Evokimag,grim-batol,1527,evoker,devastation,36,17,19
Филлид,gordunni,1525,evoker,devastation,43,19,24
Pêengei,blackrock,1524,evoker,devastation,84,42,42
Storhorn,silvermoon,1520,evoker,devastation,42,18,24
Solandor,kazzak,1519,evoker,devastation,30,19,11
Arbylegion,outland,1518,evoker,devastation,136,74,62
Fireandash,draenor,1516,evoker,devastation,41,26,15
Фаламэйн,soulflayer,1516,evoker,devastation,48,26,22
Matrixslave,tarren-mill,1516,evoker,devastation,84,42,42
Choubalo,archimonde,1515,evoker,devastation,36,21,15
Draconz,stormrage,1513,evoker,devastation,60,34,26
Temeraire,argent-dawn,1513,evoker,devastation,60,32,28
Savaithnir,draenor,1513,evoker,devastation,30,16,14
Emptynuts,ravencrest,1507,evoker,devastation,36,20,16
Bodytypechad,ravencrest,1507,evoker,devastation,66,36,30
Xtdrakaris,uldum,1507,evoker,devastation,791,398,393
Lazurius,ravencrest,1507,evoker,devastation,54,26,28
Голденджо,gordunni,1506,evoker,devastation,94,51,43
Draghad,blackmoore,1506,evoker,devastation,75,37,38
Aesstrass,hyjal,1503,evoker,devastation,98,48,50
Phanex,bloodhoof,1503,evoker,devastation,108,48,60
Ксдз,soulflayer,1502,evoker,devastation,102,55,47
Gypsydrake,tarren-mill,1496,evoker,devastation,55,31,24
Phyx,talnivarr,1495,evoker,devastation,60,29,31
Drãco,auchindoun,1495,evoker,devastation,78,29,49
Madeinhæven,ravencrest,1494,evoker,devastation,64,31,33
Lumberdrake,stormscale,1490,evoker,devastation,58,29,29
Boostedape,ahnqiraj,1488,evoker,devastation,101,55,46
Kaynyxia,argent-dawn,1487,evoker,devastation,45,25,20
Syraxxes,sanguino,1486,evoker,devastation,57,25,32
Простокоршун,howling-fjord,1484,evoker,devastation,36,24,12
Malfoyer,arathor,1483,evoker,devastation,107,58,49
Йормунгандка,soulflayer,1482,evoker,devastation,55,30,25
Gaargaveko,blackmoore,1482,evoker,devastation,60,29,31
Ghiscar,dentarg,1481,evoker,devastation,134,67,67
Dracyan,taerar,1479,evoker,devastation,42,24,18
Hellvarg,twisting-nether,1478,evoker,devastation,60,34,26
Dreamfyrez,dun-modr,1478,evoker,devastation,69,37,32
Gasparievok,sylvanas,1475,evoker,devastation,200,101,99
Shenlongoat,ravencrest,1473,evoker,devastation,64,38,26
Draakoñ,outland,1473,evoker,devastation,42,18,24
Dragorus,stormscale,1472,evoker,devastation,81,41,40
Kroqmoo,drekthar,1472,evoker,devastation,261,132,129
Burnrate,draenor,1472,evoker,devastation,86,39,47
Magmarôs,argent-dawn,1471,evoker,devastation,152,84,68
Tályn,twisting-nether,1470,evoker,devastation,66,37,29
Kuve,stormscale,1470,evoker,devastation,95,49,46
Kuhi,twisting-nether,1469,evoker,devastation,114,59,55
Dreadnés,runetotem,1468,evoker,devastation,36,18,18
Motloh,ravencrest,1468,evoker,devastation,42,20,22
Schismxx,outland,1466,evoker,devastation,60,32,28
Shenronblue,bloodscalp,1465,evoker,devastation,30,16,14
Tilwahlzok,pozzo-delleternità,1462,evoker,devastation,66,33,33
Dreek,emerald-dream,1460,evoker,devastation,60,37,23
Nuvese,tarren-mill,1459,evoker,devastation,48,19,29
Iscale,twisting-nether,1458,evoker,devastation,46,27,19
Baroqs,antonidas,1456,evoker,devastation,24,18,6
Arbîter,eredar,1456,evoker,devastation,30,16,14
Chck,ragnaros,1456,evoker,devastation,72,35,37
Норимида,soulflayer,1455,evoker,devastation,109,61,48
Mölnlycke,twisting-nether,1455,evoker,devastation,60,32,28
Potéto,rashgarroth,1455,evoker,devastation,129,64,65
Ninhursag,hyjal,1452,evoker,devastation,36,22,14
Abehethan,archimonde,1452,evoker,devastation,58,29,29
Kaìdo,tarren-mill,1451,evoker,devastation,72,36,36
Уфдрактир,howling-fjord,1451,evoker,devastation,66,32,34
Deadlyvok,zenedar,1450,evoker,devastation,30,17,13
Dratheon,dun-modr,1447,evoker,devastation,45,26,19
Shyke,draenor,1444,evoker,devastation,72,44,28
Drákon,dalaran,1444,evoker,devastation,211,103,108
Волккейн,soulflayer,1440,evoker,devastation,54,25,29
Скозложёп,ashenvale,1440,evoker,devastation,43,17,26
Grillkylling,outland,1437,evoker,devastation,75,40,35
Yoshinora,archimonde,1437,evoker,devastation,57,30,27
Drunkino,aegwynn,1436,evoker,devastation,120,62,58
Caliss,archimonde,1435,evoker,devastation,83,44,39
Hornytail,doomhammer,1435,evoker,devastation,76,40,36
Dimethyr,silvermoon,1435,evoker,devastation,118,60,58
Dikkondrus,twisting-nether,1435,evoker,devastation,151,75,76
Паунфаунд,eversong,1435,evoker,devastation,96,45,51
Tayrona,sanguino,1434,evoker,devastation,38,21,17
Drakea,sanguino,1432,evoker,devastation,98,49,49
Wingit,frostmane,1430,evoker,devastation,130,77,53
Дыханиеочка,howling-fjord,1430,evoker,devastation,83,40,43
Shroomzthyr,blackmoore,1430,evoker,devastation,90,43,47
Shenrøn,defias-brotherhood,1430,evoker,devastation,79,31,48
Дракарус,soulflayer,1429,evoker,devastation,30,15,15
Ljudigusteri,kazzak,1428,evoker,devastation,60,35,25
Rowzy,sylvanas,1428,evoker,devastation,185,94,91
Snoby,onyxia,1428,evoker,devastation,212,102,110
Drâker,twisting-nether,1427,evoker,devastation,24,15,9
Firebutt,argent-dawn,1425,evoker,devastation,84,52,32
Flügelnix,blackmoore,1422,evoker,devastation,65,32,33
Skywitch,ragnaros,1422,evoker,devastation,102,47,55
Smegma,norgannon,1421,evoker,devastation,48,25,23
Axro,ravencrest,1419,evoker,devastation,66,41,25
Raagnar,kazzak,1419,evoker,devastation,99,54,45
Алексатэтсуя,ashenvale,1418,evoker,devastation,83,47,36
Tibimbo,blackrock,1418,evoker,devastation,98,51,47
Freaksy,blackmoore,1417,evoker,devastation,27,16,11
Tigurius,onyxia,1417,evoker,devastation,71,39,32
Chuckyy,archimonde,1416,evoker,devastation,66,34,32
Yála,anetheron,1416,evoker,devastation,237,119,118
Eldraegosa,argent-dawn,1415,evoker,devastation,36,16,20
Scalo,kazzak,1412,evoker,devastation,55,33,22
Grougale,archimonde,1412,evoker,devastation,46,20,26
Ssjblack,archimonde,1409,evoker,devastation,47,24,23
Onsirion,argent-dawn,1408,evoker,devastation,54,23,31
Xéíoín,kazzak,1407,evoker,devastation,120,64,56
Pippomale,nemesis,1407,evoker,devastation,54,27,27
Мусье,soulflayer,1407,evoker,devastation,48,19,29
Юнигоса,soulflayer,1406,evoker,devastation,138,71,67
Dramec,dun-morogh,1405,evoker,devastation,58,37,21
Thavion,forscherliga,1402,evoker,devastation,42,20,22
Лабриса,galakrond,1401,evoker,devastation,326,159,167
Ironwing,sanguino,1400,evoker,devastation,605,309,296
Feyrbrand,ysera,1400,evoker,devastation,98,50,48
Billyhassan,stormscale,1399,evoker,devastation,23,15,8
Vagar,garona,1394,evoker,devastation,66,33,33
Yaboismok,burning-legion,1394,evoker,devastation,59,28,31
Haltorr,ravencrest,1394,evoker,devastation,90,37,53
Wjörm,outland,1391,evoker,devastation,48,34,14
Лечулечу,blackscar,1391,evoker,devastation,154,70,84
Lektar,eredar,1390,evoker,devastation,59,27,32
Childofdawn,blackmoore,1389,evoker,devastation,99,57,42
Nydolir,hyjal,1388,evoker,devastation,41,20,21
Bloodspiral,tarren-mill,1387,evoker,devastation,48,24,24
Ouaitamaman,draenor,1386,evoker,devastation,30,15,15
Rufistraz,burning-legion,1384,evoker,devastation,175,90,85
Лимисар,gordunni,1384,evoker,devastation,30,15,15
Darktempest,onyxia,1383,evoker,devastation,102,53,49
Evokíng,argent-dawn,1380,evoker,devastation,300,154,146
Keeqo,silvermoon,1378,evoker,devastation,54,33,21
Dracsona,twisting-nether,1378,evoker,devastation,72,35,37
Razthyr,twisting-nether,1376,evoker,devastation,106,57,49
Nathraakhza,argent-dawn,1376,evoker,devastation,54,29,25
Erenhan,archimonde,1374,evoker,devastation,42,15,27
Nurilla,twisting-nether,1370,evoker,devastation,54,27,27
Steeken,haomarush,1369,evoker,devastation,165,81,84
Avizz,tarren-mill,1365,evoker,devastation,45,23,22
Batmanjasii,eredar,1364,evoker,devastation,47,26,21
Drackial,zuljin,1361,evoker,devastation,78,33,45
Chronoalis,nemesis,1359,evoker,devastation,50,34,16
Wircea,kazzak,1359,evoker,devastation,36,24,12
Sharaxis,blackmoore,1359,evoker,devastation,99,54,45
Sakade,archimonde,1359,evoker,devastation,66,22,44
Dragondeezs,silvermoon,1356,evoker,devastation,61,31,30
Драгтир,blackscar,1355,evoker,devastation,76,45,31
Ken,la-croisade-écarlate,1355,evoker,devastation,334,166,168
Yaldthion,dun-modr,1352,evoker,devastation,84,41,43
Marvok,bloodfeather,1351,evoker,devastation,127,55,72
Эралир,gordunni,1351,evoker,devastation,48,16,32
Димадракон,gordunni,1350,evoker,devastation,94,56,38
Seryphys,blackhand,1350,evoker,devastation,94,48,46
Saragoza,kirin-tor,1350,evoker,devastation,30,15,15
Cuufizix,silvermoon,1349,evoker,devastation,76,40,36
Ferante,ragnaros,1346,evoker,devastation,131,60,71
Йеле,soulflayer,1345,evoker,devastation,48,22,26
Cocardona,zuljin,1344,evoker,devastation,41,21,20
Thyriån,kazzak,1344,evoker,devastation,42,19,23
Ayders,khaz-modan,1343,evoker,devastation,196,98,98
Oudwood,onyxia,1343,evoker,devastation,42,16,26
Zsyntra,blackmoore,1342,evoker,devastation,73,29,44
Juicyjeffe,blackrock,1341,evoker,devastation,18,14,4
Dractyr,korgall,1341,evoker,devastation,30,14,16
Lizzar,ravencrest,1340,evoker,devastation,84,40,44
Agnî,sanguino,1340,evoker,devastation,110,49,61
Schmoker,stormscale,1338,evoker,devastation,30,14,16
Hørnythyria,hyjal,1337,evoker,devastation,22,15,7
Thebigsmoke,lightbringer,1337,evoker,devastation,124,67,57
Cazé,archimonde,1333,evoker,devastation,38,17,21
Dragonaked,silvermoon,1332,evoker,devastation,114,58,56
Magalàs,pozzo-delleternità,1328,evoker,devastation,36,18,18
Zhabrina,silvermoon,1328,evoker,devastation,42,15,27
Karnâks,silvermoon,1326,evoker,devastation,30,16,14
Lecutos,sunstrider,1325,evoker,devastation,24,14,10
Xendrag,silvermoon,1324,evoker,devastation,155,78,77
Drokki,burning-legion,1323,evoker,devastation,24,14,10
Алыйкиви,howling-fjord,1323,evoker,devastation,92,53,39
Conservion,silvermoon,1323,evoker,devastation,69,35,34
Füjür,dun-modr,1323,evoker,devastation,72,35,37
Geckonen,stormreaver,1322,evoker,devastation,91,50,41
Skyfire,stormscale,1320,evoker,devastation,55,25,30
Darthagos,outland,1317,evoker,devastation,24,14,10
Abragan,aegwynn,1317,evoker,devastation,51,28,23
Zenda,turalyon,1316,evoker,devastation,114,57,57
Yantaî,hyjal,1315,evoker,devastation,48,30,18
Saratharion,argent-dawn,1315,evoker,devastation,118,58,60
Tenshà,nemesis,1314,evoker,devastation,71,35,36
Barneyxx,tarren-mill,1314,evoker,devastation,42,14,28
Gendowyn,draenor,1313,evoker,devastation,36,16,20
Dakir,blackmoore,1312,evoker,devastation,38,26,12
Camilis,archimonde,1312,evoker,devastation,109,54,55
Favill,blackhand,1312,evoker,devastation,69,30,39
Dopëshow,drakthul,1311,evoker,devastation,60,37,23
Kárás,silvermoon,1311,evoker,devastation,60,29,31
Akaitzu,blackmoore,1307,evoker,devastation,54,30,24
Kelebron,bloodscalp,1307,evoker,devastation,30,14,16
Nochance,dentarg,1305,evoker,devastation,102,51,51
Parisinka,silvermoon,1304,evoker,devastation,466,234,232
Nazalath,eonar,1304,evoker,devastation,112,53,59
Malithyr,blackmoore,1301,evoker,devastation,24,17,7
Tokzestra,hyjal,1301,evoker,devastation,141,70,71
Tendoker,ragnaros,1300,evoker,devastation,28,18,10
Гекаш,soulflayer,1298,evoker,devastation,71,31,40
Draxone,malfurion,1297,evoker,devastation,109,61,48
Loveheart,die-aldor,1297,evoker,devastation,126,61,65
Alèd,hyjal,1296,evoker,devastation,30,16,14
Iordred,kazzak,1294,evoker,devastation,48,27,21
Ryújín,blackhand,1294,evoker,devastation,35,15,20
Echoker,stormscale,1289,evoker,devastation,43,23,20
Héaven,nemesis,1286,evoker,devastation,77,36,41
Snitties,tarren-mill,1282,evoker,devastation,46,19,27
Airbourne,sanguino,1280,evoker,devastation,38,18,20
Ånde,kazzak,1275,evoker,devastation,45,24,21
Honz,antonidas,1275,evoker,devastation,85,38,47
Shmog,stormscale,1272,evoker,devastation,41,15,26
Leyca,outland,1271,evoker,devastation,116,53,63
Tazouu,marécage-de-zangar,1264,evoker,devastation,48,31,17
Shoggoth,chogall,1264,evoker,devastation,537,264,273
Ppiaxx,dalaran,1263,evoker,devastation,30,15,15
Rytoshi,medivh,1262,evoker,devastation,234,111,123
Llael,blackhand,1259,evoker,devastation,92,39,53
Itisabuse,antonidas,1257,evoker,devastation,72,36,36
Коляомон,gordunni,1256,evoker,devastation,71,38,33
Kirinde,draenor,1256,evoker,devastation,54,27,27
Flaminghot,stormreaver,1254,evoker,devastation,347,184,163
Babbendrakar,grim-batol,1253,evoker,devastation,42,16,26
Drakô,festung-der-stürme,1252,evoker,devastation,101,48,53
Ryuniss,argent-dawn,1249,evoker,devastation,36,18,18
Deskölorio,shendralar,1248,evoker,devastation,72,42,30
Zelëph,archimonde,1248,evoker,devastation,54,24,30
Orazur,hyjal,1247,evoker,devastation,18,13,5
Рептилойдина,howling-fjord,1247,evoker,devastation,136,69,67
Mesmerìze,khaz-modan,1247,evoker,devastation,60,30,30
Zexiø,blackmoore,1247,evoker,devastation,30,13,17
Evojøa,tarren-mill,1246,evoker,devastation,24,13,11
Hodnsak,blackmoore,1244,evoker,devastation,24,13,11
Veo,aggra-português,1244,evoker,devastation,42,20,22
Kássadaín,the-maelstrom,1243,evoker,devastation,90,42,48
Strangedog,ravencrest,1242,evoker,devastation,21,14,7
Натссу,borean-tundra,1241,evoker,devastation,98,50,48
Skabaluga,blackrock,1241,evoker,devastation,84,40,44
Nyedrak,kilrogg,1239,evoker,devastation,18,13,5
Dowaa,tarren-mill,1239,evoker,devastation,57,21,36
Wôpz,archimonde,1238,evoker,devastation,96,49,47
Шотнутый,soulflayer,1233,evoker,devastation,57,30,27
Fullyndra,archimonde,1232,evoker,devastation,84,38,46
Flyingaway,tarren-mill,1231,evoker,devastation,18,13,5
Zalizopuz,tarren-mill,1229,evoker,devastation,36,13,23
Naömi,archimonde,1227,evoker,devastation,24,13,11
Minikuja,culte-de-la-rive-noire,1227,evoker,devastation,568,293,275
Кровит,soulflayer,1225,evoker,devastation,42,17,25
Душнот,fordragon,1224,evoker,devastation,77,39,38
Доракарис,deathweaver,1224,evoker,devastation,82,39,43
Aeryz,burning-legion,1223,evoker,devastation,65,21,44
Rafale,the-maelstrom,1222,evoker,devastation,66,32,34
Gharløk,outland,1219,evoker,devastation,86,44,42
Серцедраконн,gordunni,1219,evoker,devastation,101,45,56
Sleepnot,argent-dawn,1215,evoker,devastation,24,15,9
Hyunastraza,dalaran,1215,evoker,devastation,57,28,29
Dragoncloak,blackrock,1209,evoker,devastation,106,59,47
Spyyrø,sanguino,1204,evoker,devastation,44,16,28
Isizzu,draenor,1203,evoker,devastation,103,52,51
Archidrake,ravencrest,1201,evoker,devastation,39,16,23
Лавеон,gordunni,1199,evoker,devastation,30,13,17
Canitabravar,cthun,1191,evoker,devastation,114,61,53
Dragonppl,kazzak,1190,evoker,devastation,36,18,18
Azzul,teldrassil,1183,evoker,devastation,61,33,28
Xfckd,ragnaros,1180,evoker,devastation,77,36,41
Папиич,soulflayer,1176,evoker,devastation,59,21,38
Murrakhan,ravencrest,1175,evoker,devastation,33,14,19
Эллъис,gordunni,1174,evoker,devastation,52,14,38
Firaxis,kazzak,1173,evoker,devastation,60,32,28
Rhel,the-maelstrom,1170,evoker,devastation,36,18,18
Bæxo,blackrock,1170,evoker,devastation,106,45,61
Nebulai,silvermoon,1167,evoker,devastation,49,23,26
Abcxqt,hyjal,1164,evoker,devastation,46,24,22
Lugarius,gilneas,1162,evoker,devastation,71,38,33
Kmzi,twisting-nether,1151,evoker,devastation,24,12,12
Spicylizard,stormscale,1151,evoker,devastation,24,12,12
Deny,frostmane,1150,evoker,devastation,18,12,6
Paizz,tarren-mill,1149,evoker,devastation,18,12,6
Luu,the-maelstrom,1148,evoker,devastation,24,12,12
Zyevoker,silvermoon,1146,evoker,devastation,25,13,12
Imwhite,doomhammer,1144,evoker,devastation,48,22,26
Psheetae,kazzak,1143,evoker,devastation,24,12,12
Aintnospyro,silvermoon,1143,evoker,devastation,114,49,65
Dragônslayer,amanthul,1142,evoker,devastation,66,38,28
Туймаада,soulflayer,1141,evoker,devastation,18,12,6
Flawxy,blackmoore,1141,evoker,devastation,24,12,12
Rootzdx,ravencrest,1140,evoker,devastation,18,12,6
Crygon,outland,1140,evoker,devastation,57,26,31
Gissthebuzzy,dun-modr,1138,evoker,devastation,24,12,12
Scathethrel,draenor,1135,evoker,devastation,24,12,12
Ignisaureus,silvermoon,1133,evoker,devastation,30,13,17
Antistrasza,argent-dawn,1125,evoker,devastation,33,15,18
Ferdibaba,aegwynn,1125,evoker,devastation,116,52,64
Hijeon,ravencrest,1121,evoker,devastation,30,12,18
Deathdula,draenor,1117,evoker,devastation,30,14,16
Драганайт,gordunni,1116,evoker,devastation,151,81,70
Dranke,silvermoon,1115,evoker,devastation,85,45,40
Lago,gorgonnash,1115,evoker,devastation,95,50,45
Dragomakry,blackmoore,1113,evoker,devastation,84,45,39
Clueless,nemesis,1112,evoker,devastation,29,12,17
Jelboen,draenor,1111,evoker,devastation,34,19,15
Theredpepper,outland,1104,evoker,devastation,30,12,18
Oldlizard,blackrock,1100,evoker,devastation,39,12,27
Flapant,archimonde,1098,evoker,devastation,37,15,22
Krithdow,terokkar,1097,evoker,devastation,29,16,13
Dàenérys,hyjal,1089,evoker,devastation,54,34,20
Morsan,tichondrius,1089,evoker,devastation,31,16,15
Vucashi,blackhand,1089,evoker,devastation,70,33,37
Dragis,die-aldor,1088,evoker,devastation,36,17,19
Dovakin,arathi,1087,evoker,devastation,26,15,11
Ahiresegyfej,ragnaros,1087,evoker,devastation,105,54,51
Kubae,ravencrest,1087,evoker,devastation,39,19,20
Ceenaastra,ragnaros,1086,evoker,devastation,17,12,5
Arella,mannoroth,1086,evoker,devastation,522,268,254
Evosker,zuljin,1083,evoker,devastation,77,27,50
Sethos,dalaran,1082,evoker,devastation,54,21,33
Fruhans,tarren-mill,1080,evoker,devastation,29,15,14
Ekko,nethersturm,1079,evoker,devastation,60,31,29
Padrepì,nemesis,1078,evoker,devastation,18,13,5
Rîncêwind,uldum,1078,evoker,devastation,84,48,36
Kalep,kazzak,1075,evoker,devastation,27,13,14
Syraxis,shadowsong,1074,evoker,devastation,28,12,16
Kirkgon,terokkar,1073,evoker,devastation,60,25,35
Raktoy,frostwolf,1071,evoker,devastation,70,28,42
Zhannezza,kazzak,1070,evoker,devastation,23,12,11
Akúda,blackhand,1069,evoker,devastation,42,20,22
Монархдракон,eversong,1068,evoker,devastation,49,19,30
Jkrowlingxox,ravencrest,1067,evoker,devastation,60,34,26
Mirazare,khadgar,1065,evoker,devastation,110,53,57
Otr,draenor,1061,evoker,devastation,78,33,45
Дархо,goldrinn,1059,evoker,devastation,36,21,15
Iolite,dun-modr,1055,evoker,devastation,140,68,72
Nerõ,thrall,1055,evoker,devastation,24,11,13
Fabrizios,blackrock,1055,evoker,devastation,24,11,13
Pandagos,archimonde,1053,evoker,devastation,18,11,7
Pêrcevâl,archimonde,1053,evoker,devastation,24,11,13
Lonte,hyjal,1052,evoker,devastation,18,11,7
Алрад,gordunni,1051,evoker,devastation,21,12,9
Daboc,tarren-mill,1051,evoker,devastation,74,30,44
Orangechkn,ravencrest,1050,evoker,devastation,24,11,13
Rodolpho,malganis,1049,evoker,devastation,24,11,13
Hodunormu,argent-dawn,1048,evoker,devastation,18,11,7
Bot,arathor,1046,evoker,devastation,24,11,13
Draganeel,frostwolf,1038,evoker,devastation,89,34,55
Starblazed,defias-brotherhood,1033,evoker,devastation,51,31,20
Vagar,dun-modr,1031,evoker,devastation,47,18,29
Büsselberg,blackmoore,1028,evoker,devastation,30,14,16
Craichead,defias-brotherhood,1028,evoker,devastation,24,11,13
Alberdo,outland,1022,evoker,devastation,84,32,52
Pedogos,outland,1016,evoker,devastation,75,31,44
Dragonhero,arygos,1014,evoker,devastation,138,74,64
Rieper,twisting-nether,1009,evoker,devastation,223,106,117
Валказар,gordunni,1004,evoker,devastation,106,48,58
Hazzèr,blackrock,1002,evoker,devastation,307,148,159
Vrèsh,blackrock,1002,evoker,devastation,81,31,50
Kvothe,malygos,1001,evoker,devastation,30,11,19
Drakridarn,kazzak,999,evoker,devastation,29,11,18
Vanima,forscherliga,992,evoker,devastation,54,31,23
Darksmouke,forscherliga,990,evoker,devastation,20,11,9
Julerion,draenor,984,evoker,devastation,42,26,16
Bruhwhat,ravencrest,980,evoker,devastation,29,12,17
Stuffi,frostwolf,970,evoker,devastation,30,11,19
Disizmaju,silvermoon,967,evoker,devastation,122,65,57
Xatures,twisting-nether,963,evoker,devastation,30,19,11
Mallor,kirin-tor,963,evoker,devastation,42,16,26
Bläckrow,tarren-mill,960,evoker,devastation,12,10,2
Dragonsweat,hyjal,960,evoker,devastation,12,10,2
Rhegal,auchindoun,960,evoker,devastation,12,10,2
Azustraza,ysondre,960,evoker,devastation,24,10,14
Jinthyr,anachronos,959,evoker,devastation,12,10,2
Bal,arakarahm,959,evoker,devastation,18,10,8
Terradòr,die-aldor,959,evoker,devastation,18,10,8
Ewoky,ravencrest,959,evoker,devastation,57,25,32
Safcøn,eredar,959,evoker,devastation,24,10,14
Drevo,nemesis,958,evoker,devastation,12,10,2
Капрал,gordunni,958,evoker,devastation,12,10,2
Maladrake,archimonde,958,evoker,devastation,18,10,8
Lknubraosanu,sylvanas,957,evoker,devastation,18,10,8
Maccen,twisting-nether,955,evoker,devastation,18,10,8
Danaval,blackhand,955,evoker,devastation,18,10,8
Grajade,dun-modr,954,evoker,devastation,18,10,8
Cxsmetic,antonidas,954,evoker,devastation,18,10,8
Mijähh,taerar,953,evoker,devastation,24,10,14
Boulior,defias-brotherhood,952,evoker,devastation,24,10,14
Scalash,drakthul,950,evoker,devastation,90,48,42
Lizzardhero,kazzak,948,evoker,devastation,24,10,14
Synhtol,ragnaros,947,evoker,devastation,12,10,2
Azza,uldum,947,evoker,devastation,72,30,42
Klim,temple-noir,945,evoker,devastation,30,10,20
Мизурион,gordunni,942,evoker,devastation,60,33,27
Elorand,ulduar,942,evoker,devastation,90,32,58
Evokraut,silvermoon,938,evoker,devastation,30,15,15
Shenrøn,garona,937,evoker,devastation,41,18,23
Ashlàr,earthen-ring,926,evoker,devastation,127,57,70
Leskano,aegwynn,923,evoker,devastation,30,14,16
Acedragniir,khaz-modan,920,evoker,devastation,56,29,27
Drakkisat,archimonde,918,evoker,devastation,34,17,17
Speedoflight,ragnaros,916,evoker,devastation,51,18,33
Deimong,khaz-modan,913,evoker,devastation,35,16,19
Oeos,dragonblight,908,evoker,devastation,100,39,61
Stormydude,doomhammer,907,evoker,devastation,24,13,11
Аверьятор,fordragon,906,evoker,devastation,24,10,14
Zpartadraga,ragnaros,900,evoker,devastation,32,16,16
Blazinamazin,korgall,884,evoker,devastation,22,10,12
Быковскии,howling-fjord,882,evoker,devastation,96,49,47
Dragotar,malygos,880,evoker,devastation,133,66,67
Дракариса,eversong,879,evoker,devastation,49,21,28
Tenkenfutsu,elune,879,evoker,devastation,100,41,59
Donairian,doomhammer,878,evoker,devastation,134,67,67
Lifestrasza,drakthul,868,evoker,devastation,13,10,3
Thebabayag,kazzak,868,evoker,devastation,30,13,17
Selectaa,grim-batol,864,evoker,devastation,18,9,9
Drataniel,draenor,864,evoker,devastation,18,9,9
Эфирид,blackscar,864,evoker,devastation,73,36,37
Drachenwut,aegwynn,864,evoker,devastation,24,9,15
Пласедусакс,soulflayer,863,evoker,devastation,12,9,3
Kylor,zuljin,863,evoker,devastation,12,9,3
Dratsch,blackhand,863,evoker,devastation,12,9,3
Рогатыйдебик,gordunni,863,evoker,devastation,18,9,9
Féféledragon,archimonde,863,evoker,devastation,18,9,9
Setutekh,argent-dawn,863,evoker,devastation,24,9,15
Tholanía,baelgun,862,evoker,devastation,12,9,3
Akumaryu,blackrock,862,evoker,devastation,12,9,3
Rfid,perenolde,862,evoker,devastation,18,9,9
Runednmf,kazzak,862,evoker,devastation,18,9,9
Ernesti,draenor,862,evoker,devastation,18,9,9
Nanderoza,the-maelstrom,861,evoker,devastation,12,9,3
Rekinn,tarren-mill,861,evoker,devastation,18,9,9
Bronkek,drakthul,860,evoker,devastation,24,9,15
Нирт,gordunni,859,evoker,devastation,18,9,9
Copíum,silvermoon,859,evoker,devastation,30,9,21
Dschíses,malganis,858,evoker,devastation,18,9,9
Заднс,howling-fjord,855,evoker,devastation,24,9,15
Karistrasza,sylvanas,854,evoker,devastation,24,9,15
Azzazed,dun-modr,853,evoker,devastation,20,9,11
Дрэгшторм,gordunni,851,evoker,devastation,12,9,3
Sleipnyr,garrosh,845,evoker,devastation,72,31,41
Умгак,gordunni,845,evoker,devastation,23,9,14
Флардикас,gordunni,842,evoker,devastation,24,9,15
Dyrokan,blackhand,840,evoker,devastation,23,9,14
Crynerf,ravencrest,838,evoker,devastation,156,76,80
Sivaas,arathi,832,evoker,devastation,60,29,31
Calonddraig,turalyon,829,evoker,devastation,38,17,21
Dahwi,blackmoore,804,evoker,devastation,53,20,33
Dragneêl,nozdormu,803,evoker,devastation,27,10,17
Dromar,malganis,768,evoker,devastation,12,8,4
Alusiedrake,ravencrest,768,evoker,devastation,12,8,4
Tsunamì,ysondre,768,evoker,devastation,12,8,4
Moondragoon,ravencrest,768,evoker,devastation,12,8,4
Xnazelou,hyjal,768,evoker,devastation,12,8,4
Gloombloom,emeriss,768,evoker,devastation,13,8,5
Súnny,archimonde,768,evoker,devastation,15,8,7
Zp,kazzak,768,evoker,devastation,18,8,10
Mazakqt,draenor,768,evoker,devastation,18,8,10
Garussy,draenor,768,evoker,devastation,18,8,10
Lulvoker,blackrock,768,evoker,devastation,18,8,10
Nekrosdrake,tarren-mill,768,evoker,devastation,18,8,10
Balerioon,draenor,767,evoker,devastation,12,8,4
Iblvicanfly,stormscale,767,evoker,devastation,12,8,4
Elastrasza,burning-blade,767,evoker,devastation,12,8,4
Fetzi,blackhand,767,evoker,devastation,12,8,4
Fayral,blackmoore,767,evoker,devastation,12,8,4
Shazag,ragnaros,767,evoker,devastation,18,8,10
Deathwingx,sylvanas,767,evoker,devastation,18,8,10
Varenion,sylvanas,767,evoker,devastation,18,8,10
Tooltipshow,ragnaros,767,evoker,devastation,18,8,10
Knööz,antonidas,767,evoker,devastation,18,8,10
Mekez,draenor,767,evoker,devastation,18,8,10
Chatyr,kazzak,766,evoker,devastation,12,8,4
Henvokah,ravencrest,766,evoker,devastation,12,8,4
Aiakès,marécage-de-zangar,766,evoker,devastation,12,8,4
Flypzz,stormscale,766,evoker,devastation,18,8,10
Koris,arakarahm,765,evoker,devastation,12,8,4
Terenus,hellfire,763,evoker,devastation,24,8,16
Ogienoddech,silvermoon,762,evoker,devastation,18,8,10
Cørvus,silvermoon,762,evoker,devastation,25,9,16
Котик,greymane,757,evoker,devastation,24,8,16
Zerotales,turalyon,755,evoker,devastation,12,8,4
Drakenballen,ragnaros,755,evoker,devastation,15,8,7
Viorias,argent-dawn,751,evoker,devastation,24,8,16
Davioncz,thunderhorn,749,evoker,devastation,12,8,4
Reptilebrain,twisting-nether,743,evoker,devastation,25,10,15
Sakrifizér,kazzak,735,evoker,devastation,23,8,15
Dantex,ravencrest,719,evoker,devastation,15,8,7
Драконилья,azuregos,702,evoker,devastation,20,8,12
Ominobari,silvermoon,699,evoker,devastation,31,9,22
Snookicooki,stormscale,692,evoker,devastation,16,8,8
Zezus,outland,672,evoker,devastation,12,7,5
Zettaflare,nazjatar,672,evoker,devastation,12,7,5
Flythe,silvermoon,672,evoker,devastation,12,7,5
Gonzalo,dun-modr,672,evoker,devastation,12,7,5
Эбиб,gordunni,672,evoker,devastation,12,7,5
Arecibo,tarren-mill,672,evoker,devastation,12,7,5
Taoheat,blackrock,672,evoker,devastation,12,7,5
Sebek,archimonde,672,evoker,devastation,12,7,5
Styxev,blackhand,672,evoker,devastation,12,7,5
Cascadia,deathwing,672,evoker,devastation,15,8,7
Zaradreth,grim-batol,672,evoker,devastation,18,7,11
Kda,die-nachtwache,672,evoker,devastation,18,7,11
Ziibah,outland,672,evoker,devastation,18,7,11
Glurakk,aegwynn,672,evoker,devastation,18,7,11
Furah,thrall,672,evoker,devastation,18,7,11
Jrmdragik,kaelthas,672,evoker,devastation,18,7,11
Сойлизард,gordunni,672,evoker,devastation,18,7,11
Drexxe,boulderfist,672,evoker,devastation,24,7,17
Jarhys,draenor,671,evoker,devastation,12,7,5
Ayon,frostwhisper,671,evoker,devastation,12,7,5
Эндемический,soulflayer,671,evoker,devastation,12,7,5
Kábutø,antonidas,671,evoker,devastation,12,7,5
Evoslaps,norgannon,671,evoker,devastation,12,7,5
Dracofion,ravencrest,671,evoker,devastation,12,7,5
Stalkhyr,elune,671,evoker,devastation,18,7,11
Ciranazus,twisting-nether,671,evoker,devastation,18,7,11
Gosuvoker,eredar,671,evoker,devastation,18,7,11
Wurm,shadowsong,670,evoker,devastation,12,7,5
Draclight,nemesis,670,evoker,devastation,12,7,5
Plexd,alleria,670,evoker,devastation,18,7,11
Bullseiye,silvermoon,670,evoker,devastation,18,7,11
Франкич,fordragon,670,evoker,devastation,22,8,14
Enemi,twisting-nether,669,evoker,devastation,14,9,5
Антиброник,gordunni,666,evoker,devastation,12,7,5
Chrysaetor,argent-dawn,657,evoker,devastation,12,7,5
Flameclaw,argent-dawn,657,evoker,devastation,12,7,5
Kayizer,archimonde,657,evoker,devastation,12,7,5
Evokah,der-abyssische-rat,655,evoker,devastation,23,7,16
Draknil,ysondre,640,evoker,devastation,16,7,9
Auchedrax,argent-dawn,639,evoker,devastation,14,8,6
Otøgí,antonidas,638,evoker,devastation,17,7,10
Zharas,nemesis,623,evoker,devastation,11,7,4
Adônis,malorne,617,evoker,devastation,23,8,15
Henmon,defias-brotherhood,576,evoker,devastation,6,6,0
Kallistian,argent-dawn,576,evoker,devastation,6,6,0
Mérkèls,alakir,576,evoker,devastation,6,6,0
Awadrake,ysondre,576,evoker,devastation,12,6,6
Mattyastrasz,hyjal,576,evoker,devastation,12,6,6
Mâhýo,rexxar,576,evoker,devastation,12,6,6
Nørgan,die-aldor,576,evoker,devastation,12,6,6
Charezard,draenor,576,evoker,devastation,12,6,6
Scalewind,twisting-nether,576,evoker,devastation,12,6,6
Gorgonn,cthun,576,evoker,devastation,12,6,6
Gwamalak,archimonde,576,evoker,devastation,12,6,6
Глорунг,howling-fjord,576,evoker,devastation,12,6,6
Khimari,xavius,576,evoker,devastation,12,6,6
Puffdaddyxd,twisting-nether,576,evoker,devastation,12,6,6
Terrorclaw,ragnaros,576,evoker,devastation,12,6,6
Dracalos,silvermoon,576,evoker,devastation,14,6,8
Croker,ravencrest,576,evoker,devastation,18,6,12
Митокада,soulflayer,576,evoker,devastation,18,6,12
Империа,howling-fjord,576,evoker,devastation,24,6,18
Zárelyón,ragnaros,575,evoker,devastation,6,6,0
Chunlooi,baelgun,575,evoker,devastation,12,6,6
Ágarosz,sanguino,575,evoker,devastation,12,6,6
Mefedrone,argent-dawn,575,evoker,devastation,12,6,6
Prismari,burning-legion,575,evoker,devastation,12,6,6
Drdrake,aszune,575,evoker,devastation,12,6,6
Zuhana,twisting-nether,575,evoker,devastation,12,6,6
Meyowuo,doomhammer,575,evoker,devastation,14,6,8
Малесиндра,gordunni,575,evoker,devastation,18,6,12
Feuerspuckii,blackrock,575,evoker,devastation,18,6,12
Uprover,kazzak,575,evoker,devastation,18,6,12
Jetfqds,archimonde,575,evoker,devastation,24,6,18
Mazzg,blackmoore,574,evoker,devastation,21,7,14
Dragonpastor,kazzak,574,evoker,devastation,18,6,12
Morph,talnivarr,574,evoker,devastation,18,6,12
Faijer,blackmoore,572,evoker,devastation,12,6,6
Dragorona,kult-der-verdammten,572,evoker,devastation,12,6,6
Voraxe,draenor,568,evoker,devastation,12,6,6
Sheego,anetheron,565,evoker,devastation,12,6,6
Torrik,drakthul,565,evoker,devastation,12,6,6
Sebiker,ravencrest,543,evoker,devastation,12,8,4
Cenca,blackmoore,543,evoker,devastation,11,6,5
Molem,defias-brotherhood,543,evoker,devastation,11,6,5
Lilvorki,silvermoon,543,evoker,devastation,17,6,11
Hekatonshire,hyjal,539,evoker,devastation,11,6,5
Aéras,blackhand,527,evoker,devastation,11,6,5
Argentrenard,twilights-hammer,526,evoker,devastation,11,6,5
Rise,tarren-mill,522,evoker,devastation,12,7,5
Jaykvoker,kazzak,522,evoker,devastation,14,7,7
Kharon,garrosh,517,evoker,devastation,35,8,27
Somntersu,argent-dawn,511,evoker,devastation,14,7,7
Chronougi,ravencrest,480,evoker,devastation,6,5,1
Pesoo,kazzak,480,evoker,devastation,6,5,1
Côlt,twisting-nether,480,evoker,devastation,6,5,1
Elvarg,ragnaros,480,evoker,devastation,6,5,1
Hösh,elune,480,evoker,devastation,6,5,1
Zendervish,draenor,480,evoker,devastation,6,5,1
Tovaro,xavius,480,evoker,devastation,6,5,1
Streetspyro,ravencrest,480,evoker,devastation,6,5,1
Spýró,tarren-mill,480,evoker,devastation,6,5,1
Ettox,darksorrow,480,evoker,devastation,12,5,7
Wuschwuscha,thrall,480,evoker,devastation,12,5,7
Skulblakas,blackmoore,480,evoker,devastation,12,5,7
Ripgódx,bronzebeard,480,evoker,devastation,12,5,7
Piecemaker,malganis,480,evoker,devastation,12,5,7
Spyro,bloodfeather,480,evoker,devastation,12,5,7
Arqeltzha,ravencrest,480,evoker,devastation,12,5,7
Trocken,blackmoore,480,evoker,devastation,12,5,7
Monstrosity,proudmoore,480,evoker,devastation,12,5,7
Predictrash,archimonde,480,evoker,devastation,12,5,7
Niddhog,antonidas,480,evoker,devastation,12,5,7
Lyssa,stormreaver,480,evoker,devastation,12,5,7
Cooperevoker,blackrock,480,evoker,devastation,12,5,7
Yongmun,hyjal,480,evoker,devastation,12,5,7
Chàrizàd,archimonde,480,evoker,devastation,12,5,7
Kklur,twisting-nether,480,evoker,devastation,12,5,7
Icyevoker,ravencrest,480,evoker,devastation,12,5,7
Pavelito,ysondre,480,evoker,devastation,12,5,7
Dracnass,silvermoon,480,evoker,devastation,12,5,7
Dedwing,silvermoon,480,evoker,devastation,12,5,7
Drgndeznuts,kazzak,480,evoker,devastation,12,5,7
Сансетшторм,gordunni,480,evoker,devastation,12,5,7
Невердракон,howling-fjord,480,evoker,devastation,18,5,13
Rikji,blackmoore,480,evoker,devastation,18,5,13
Haligos,the-maelstrom,480,evoker,devastation,24,5,19
Vermithors,ravencrest,479,evoker,devastation,12,5,7
Кайрэс,gordunni,479,evoker,devastation,12,5,7
Magicae,drakthul,479,evoker,devastation,12,5,7
Драккалис,eversong,479,evoker,devastation,12,5,7
Tremola,twisting-nether,479,evoker,devastation,15,6,9
Bombrush,ragnaros,479,evoker,devastation,15,6,9
Slyrax,nemesis,479,evoker,devastation,18,5,13
Кмандр,gordunni,479,evoker,devastation,18,5,13
Aegonis,archimonde,477,evoker,devastation,18,5,13
Drakeoo,twisting-nether,463,evoker,devastation,11,5,6
Snàx,aggra-português,431,evoker,devastation,11,5,6
Граукасия,soulflayer,415,evoker,devastation,14,5,9
Caomanjin,silvermoon,398,evoker,devastation,7,5,2
Драгур,fordragon,396,evoker,devastation,13,5,8
Elrycx,tarren-mill,384,evoker,devastation,6,4,2
Штеци,howling-fjord,384,evoker,devastation,6,4,2
Skiora,argent-dawn,384,evoker,devastation,6,4,2
Blamdrake,blackhand,384,evoker,devastation,6,4,2
Killrogos,thrall,384,evoker,devastation,6,4,2
Gulimvoker,aegwynn,384,evoker,devastation,6,4,2
Drominus,die-silberne-hand,384,evoker,devastation,6,4,2
Meruzhan,chamber-of-aspects,384,evoker,devastation,6,4,2
Maru,outland,384,evoker,devastation,6,4,2
Hungryhank,ragnaros,384,evoker,devastation,6,4,2
Theralon,tarren-mill,384,evoker,devastation,6,4,2
Nózdormuwu,argent-dawn,384,evoker,devastation,12,4,8
Spyróò,ravencrest,384,evoker,devastation,12,4,8
Veiv,tarren-mill,384,evoker,devastation,12,4,8
Nadrenion,argent-dawn,384,evoker,devastation,12,4,8
Pentraktar,pozzo-delleternità,384,evoker,devastation,12,4,8
Gazunkle,draenor,384,evoker,devastation,12,4,8
Nynnaydoth,drakthul,384,evoker,devastation,12,4,8
Orrub,azshara,384,evoker,devastation,12,4,8
Dragondisnut,sylvanas,384,evoker,devastation,12,4,8
Shirim,tarren-mill,384,evoker,devastation,12,4,8
Ãbl,silvermoon,384,evoker,devastation,12,4,8
Dralija,sylvanas,384,evoker,devastation,12,4,8
Huangzhang,burning-legion,384,evoker,devastation,12,4,8
Ärt,argent-dawn,384,evoker,devastation,12,4,8
Darkshadow,eldrethalas,384,evoker,devastation,12,4,8
Fueu,draenor,384,evoker,devastation,12,4,8
Draceon,argent-dawn,384,evoker,devastation,12,4,8
Jamesdouglas,eredar,383,evoker,devastation,6,4,2
Лериостраз,howling-fjord,383,evoker,devastation,10,5,5
Lafaevo,alakir,383,evoker,devastation,24,4,20
Хурипро,soulflayer,382,evoker,devastation,18,4,14
Quicksmoke,argent-dawn,379,evoker,devastation,21,6,15
Dracsamdi,tarren-mill,367,evoker,devastation,11,4,7
Crispywingz,draenor,366,evoker,devastation,11,4,7
Renalia,blackrock,351,evoker,devastation,14,5,9
Krestrazzos,blackmoore,335,evoker,devastation,11,4,7
Belkavoker,zirkel-des-cenarius,319,evoker,devastation,5,4,1
Spyrothedrag,outland,319,evoker,devastation,8,4,4
Drakodêd,drakthul,304,evoker,devastation,7,4,3
Dracpal,senjin,288,evoker,devastation,6,3,3
Tecalagos,ragnaros,288,evoker,devastation,6,3,3
Valdrakk,argent-dawn,288,evoker,devastation,6,3,3
Hateroll,ravencrest,288,evoker,devastation,6,3,3
Dragonbrx,blackrock,288,evoker,devastation,6,3,3
Azurog,blackmoore,288,evoker,devastation,6,3,3
Clênas,kazzak,288,evoker,devastation,6,3,3
Feinerkerl,blackmoore,288,evoker,devastation,6,3,3
Драмуся,gordunni,288,evoker,devastation,6,3,3
Gelth,zuljin,288,evoker,devastation,6,3,3
Mollÿ,sanguino,288,evoker,devastation,6,3,3
Barney,korgall,288,evoker,devastation,6,3,3
Feldrac,ravencrest,288,evoker,devastation,6,3,3
Рагира,gordunni,288,evoker,devastation,6,3,3
Лордмакс,gordunni,288,evoker,devastation,6,3,3
Nijo,alleria,288,evoker,devastation,6,3,3
Lìshrá,baelgun,288,evoker,devastation,6,3,3
Keltullis,archimonde,288,evoker,devastation,6,3,3
Malowux,outland,288,evoker,devastation,6,3,3
Bestofriendo,eredar,288,evoker,devastation,6,3,3
Brovoker,sylvanas,288,evoker,devastation,6,3,3
Rosiash,auchindoun,288,evoker,devastation,6,3,3
Merrius,der-rat-von-dalaran,288,evoker,devastation,6,3,3
Ðragonite,frostmane,288,evoker,devastation,6,3,3
Shroudflight,draenor,288,evoker,devastation,6,3,3
Dragenlul,tarren-mill,288,evoker,devastation,6,3,3
Polithyr,tarren-mill,288,evoker,devastation,6,3,3
Silverscale,ragnaros,288,evoker,devastation,6,3,3
Purplelizard,twisting-nether,288,evoker,devastation,6,3,3
Drdrayk,balnazzar,288,evoker,devastation,6,3,3
Vyore,silvermoon,288,evoker,devastation,6,3,3
Ughvoker,kazzak,288,evoker,devastation,6,3,3
Ðragøn,argent-dawn,288,evoker,devastation,6,3,3
Kitoed,aegwynn,288,evoker,devastation,6,3,3
Lajra,ragnaros,288,evoker,devastation,6,3,3
Flippmoker,argent-dawn,288,evoker,devastation,6,3,3
Nakavoker,arygos,288,evoker,devastation,6,3,3
Talim,terrordar,288,evoker,devastation,6,3,3
Ursinne,ravencrest,288,evoker,devastation,6,3,3
Griefgodx,draenor,288,evoker,devastation,6,3,3
Evoxir,draenor,288,evoker,devastation,6,3,3
Iëemanjâä,dalaran,288,evoker,devastation,6,3,3
Aviseth,draenor,288,evoker,devastation,6,3,3
Louzard,draenor,288,evoker,devastation,6,3,3
Навидх,howling-fjord,288,evoker,devastation,6,3,3
Xiarya,draenor,288,evoker,devastation,6,3,3
Lyncry,draenor,288,evoker,devastation,6,3,3
Dalsath,silvermoon,288,evoker,devastation,6,3,3
Тектрис,howling-fjord,288,evoker,devastation,6,3,3
Fivebeers,silvermoon,288,evoker,devastation,6,3,3
Rizato,kazzak,288,evoker,devastation,6,3,3
Shåmsse,kazzak,288,evoker,devastation,6,3,3
Норус,howling-fjord,288,evoker,devastation,6,3,3
Dragonfish,grim-batol,288,evoker,devastation,11,3,8
Shindragøsa,ysondre,288,evoker,devastation,12,3,9
Абьюз,galakrond,288,evoker,devastation,12,3,9
Dragondagger,stormreaver,288,evoker,devastation,12,3,9
Dundrion,outland,288,evoker,devastation,12,3,9
Valdrakken,anubarak,288,evoker,devastation,12,3,9
Raøug,blackmoore,288,evoker,devastation,12,3,9
Gailliade,archimonde,288,evoker,devastation,12,3,9
Purge,sporeggar,288,evoker,devastation,12,3,9
Duveloker,dragonblight,288,evoker,devastation,12,3,9
Имбапвп,lich-king,288,evoker,devastation,12,3,9
Twinkillerx,dun-morogh,288,evoker,devastation,12,3,9
Vynestria,argent-dawn,288,evoker,devastation,12,3,9
Sáróman,ravencrest,288,evoker,devastation,13,3,10
Òhrabzack,blackmoore,288,evoker,devastation,18,3,15
Nybxx,frostmane,288,evoker,devastation,18,3,15
Fågelskräma,silvermoon,288,evoker,devastation,18,3,15
Drakonovic,blackrock,287,evoker,devastation,6,3,3
Sliimshady,dalaran,287,evoker,devastation,6,3,3
Belianf,silvermoon,287,evoker,devastation,6,3,3
Drks,draenor,287,evoker,devastation,12,4,8
Wardrache,nerathor,287,evoker,devastation,18,3,15
Unwoker,draenor,256,evoker,devastation,16,3,13
Syccs,blackrock,255,evoker,devastation,8,4,4
Kirien,blackhand,234,evoker,devastation,22,4,18
Färsia,drakthul,223,evoker,devastation,8,3,5
Draaxy,twisting-nether,192,evoker,devastation,6,2,4
Kethrir,blackhand,192,evoker,devastation,6,2,4
Майтимаус,goldrinn,192,evoker,devastation,6,2,4
Iyaiya,draenor,192,evoker,devastation,6,2,4
Frogzey,kazzak,192,evoker,devastation,6,2,4
Ellphi,illidan,192,evoker,devastation,6,2,4
Malydra,blackhand,192,evoker,devastation,6,2,4
Kavreel,draenor,192,evoker,devastation,6,2,4
Gelamk,twisting-nether,192,evoker,devastation,6,2,4
Twokgbananas,blackhand,192,evoker,devastation,6,2,4
Timotheus,draenor,192,evoker,devastation,6,2,4
Airplanepeek,draenor,192,evoker,devastation,6,2,4
Drakary,chogall,192,evoker,devastation,6,2,4
Flookx,silvermoon,192,evoker,devastation,6,2,4
Hahahahalolx,twisting-nether,192,evoker,devastation,6,2,4
Reddeaddrago,silvermoon,192,evoker,devastation,6,2,4
Drevoker,daggerspine,192,evoker,devastation,6,2,4
Azzaanan,kirin-tor,192,evoker,devastation,6,2,4
Evøcado,blackmoore,192,evoker,devastation,6,2,4
Ezinice,hyjal,192,evoker,devastation,6,2,4
Adamâs,archimonde,192,evoker,devastation,6,2,4
Kandragor,antonidas,192,evoker,devastation,6,2,4
Emiltate,ravencrest,192,evoker,devastation,6,2,4
Lifetime,ravencrest,192,evoker,devastation,6,2,4
Chürbis,blackmoore,192,evoker,devastation,6,2,4
Dragthraz,blackhand,192,evoker,devastation,6,2,4
Exitelolx,blackrock,192,evoker,devastation,6,2,4
Niluslangbal,stormscale,192,evoker,devastation,6,2,4
Безлад,gordunni,192,evoker,devastation,6,2,4
Drogoon,ravencrest,192,evoker,devastation,6,2,4
Yohkii,eredar,192,evoker,devastation,6,2,4
Draagon,burning-legion,192,evoker,devastation,6,2,4
Listigrlurch,antonidas,192,evoker,devastation,6,2,4
Bolgrod,dun-modr,192,evoker,devastation,6,2,4
Bossen,magtheridon,192,evoker,devastation,6,2,4
Drazaru,sanguino,192,evoker,devastation,6,2,4
Shenronn,zuljin,192,evoker,devastation,6,2,4
Moodyevo,kazzak,192,evoker,devastation,6,2,4
Draknr,alakir,192,evoker,devastation,6,2,4
Oogabuga,outland,192,evoker,devastation,6,2,4
Liljonson,stormscale,192,evoker,devastation,6,2,4
Drakela,frostwhisper,192,evoker,devastation,6,2,4
Bittewhyally,grim-batol,192,evoker,devastation,6,2,4
Norskairline,kazzak,192,evoker,devastation,6,2,4
Polzeig,dentarg,192,evoker,devastation,6,2,4
Sindras,frostmane,192,evoker,devastation,6,2,4
Deeha,antonidas,192,evoker,devastation,6,2,4
Feloñ,blackrock,192,evoker,devastation,6,2,4
Evokelution,twisting-nether,192,evoker,devastation,6,2,4
Lelemion,arathor,192,evoker,devastation,6,2,4
Natrixx,tarren-mill,192,evoker,devastation,6,2,4
Draconir,stormscale,192,evoker,devastation,6,2,4
Авидогх,gordunni,192,evoker,devastation,6,2,4
Grogar,hellfire,192,evoker,devastation,6,2,4
Lubyan,pozzo-delleternità,192,evoker,devastation,18,3,15
Jpeo,blackhand,192,evoker,devastation,12,2,10
Mireu,twisting-nether,192,evoker,devastation,12,2,10
Jacra,twisting-nether,192,evoker,devastation,12,2,10
Redwing,pozzo-delleternità,192,evoker,devastation,12,2,10
Czerwonooki,turalyon,192,evoker,devastation,12,2,10
Andragosa,confrérie-du-thorium,192,evoker,devastation,12,2,10
Дракомант,eversong,192,evoker,devastation,12,2,10
Shellfire,twisting-nether,192,evoker,devastation,12,2,10
Obsidiana,argent-dawn,192,evoker,devastation,16,2,14
Генне,gordunni,192,evoker,devastation,17,2,15
Réku,ragnaros,192,evoker,devastation,18,2,16
Tatsuki,arthas,192,evoker,devastation,18,2,16
Marconubsii,wrathbringer,191,evoker,devastation,6,2,4
Kraakraa,turalyon,191,evoker,devastation,6,2,4
Fuecunizzu,pozzo-delleternità,191,evoker,devastation,6,2,4
Вжухкия,gordunni,159,evoker,devastation,5,2,3
Icyy,stormrage,144,evoker,devastation,3,3,0
Bàz,thrall,138,evoker,devastation,6,3,3
Acientone,kelthuzad,128,evoker,devastation,4,2,2
Kekeri,blackhand,112,evoker,devastation,7,2,5
Tneen,stormscale,96,evoker,devastation,3,2,1
Белыйдракон,greymane,96,evoker,devastation,6,1,5
Gacky,ysondre,96,evoker,devastation,6,1,5
Erones,burning-blade,96,evoker,devastation,6,1,5
Jkdrage,stormscale,96,evoker,devastation,6,1,5
Психея,soulflayer,96,evoker,devastation,6,1,5
Rhaenyra,twilights-hammer,96,evoker,devastation,6,1,5
Redemp,kazzak,96,evoker,devastation,6,1,5
Vinczeform,silvermoon,96,evoker,devastation,6,1,5
Чобыш,gordunni,96,evoker,devastation,6,1,5
Dreamwing,ravencrest,96,evoker,devastation,6,1,5
Amarzu,tarren-mill,96,evoker,devastation,6,1,5
Silrains,silvermoon,96,evoker,devastation,6,1,5
Kwynus,archimonde,96,evoker,devastation,6,1,5
Shlea,kazzak,96,evoker,devastation,6,1,5
Zerario,blackhand,96,evoker,devastation,6,1,5
Rawrdragon,twisting-nether,96,evoker,devastation,6,1,5
Парадпланет,howling-fjord,96,evoker,devastation,6,1,5
Asharys,argent-dawn,96,evoker,devastation,6,1,5
Devanthar,argent-dawn,96,evoker,devastation,6,1,5
Kerzayn,argent-dawn,96,evoker,devastation,6,1,5
Тренакса,soulflayer,96,evoker,devastation,6,1,5
Vahamut,argent-dawn,96,evoker,devastation,6,1,5
Craycry,argent-dawn,96,evoker,devastation,6,1,5
Galakrond,auchindoun,96,evoker,devastation,6,1,5
Uxiono,dun-modr,96,evoker,devastation,6,1,5
Daragnarag,aegwynn,96,evoker,devastation,6,1,5
Calise,kazzak,96,evoker,devastation,6,1,5
Terrorwings,twisting-nether,96,evoker,devastation,6,1,5
Retyss,twisting-nether,96,evoker,devastation,6,1,5
Stormfury,ragnaros,96,evoker,devastation,6,1,5
Dracarysfire,kazzak,96,evoker,devastation,6,1,5
Sléêpy,blackmoore,96,evoker,devastation,6,1,5
Zirra,ravencrest,96,evoker,devastation,6,1,5
Erazias,draenor,96,evoker,devastation,6,1,5
Xahal,hyjal,96,evoker,devastation,6,1,5
Holdya,archimonde,96,evoker,devastation,6,1,5
Suba,tarren-mill,96,evoker,devastation,6,1,5
Zørix,hyjal,96,evoker,devastation,6,1,5
Gabbabomb,blackrock,96,evoker,devastation,6,1,5
Ronmanarmy,blackrock,96,evoker,devastation,6,1,5
Paintballhd,kazzak,96,evoker,devastation,6,1,5
Gigabreath,ravencrest,96,evoker,devastation,6,1,5
Мельхиор,booty-bay,96,evoker,devastation,6,1,5
Spioche,burning-legion,96,evoker,devastation,12,1,11
Effrt,ravencrest,96,evoker,devastation,12,1,11
Eosin,blackrock,96,evoker,devastation,12,1,11
Setur,outland,96,evoker,devastation,12,1,11
Manadrake,silvermoon,96,evoker,devastation,12,1,11
Provokerx,ravencrest,96,evoker,devastation,14,1,13
Драгоблуд,soulflayer,79,evoker,devastation,5,1,4
Evobse,silvermoon,79,evoker,devastation,5,1,4
Drakoonz,ravencrest,64,evoker,devastation,4,1,3
Xidalulz,sylvanas,63,evoker,devastation,2,2,0
Gortthan,defias-brotherhood,48,evoker,devastation,3,1,2
Bulydracguir,kazzak,42,evoker,devastation,7,2,5
Kàzuée,outland,31,evoker,devastation,8,1,7
Jincksevoker,anachronos,16,evoker,devastation,1,1,0
Thundermifln,nemesis,16,evoker,devastation,7,1,6
Yasuohasagi,archimonde,2211,hunter,marksmanship,90,49,41
Ceitronox,argent-dawn,2201,hunter,marksmanship,119,63,56
Olyleskotch,ravencrest,2171,hunter,marksmanship,96,49,47
Ancalarion,tarren-mill,2151,hunter,marksmanship,84,45,39
Yezzu,sylvanas,2106,hunter,marksmanship,131,71,60
Nidaliyae,archimonde,2074,hunter,marksmanship,119,57,62
Мартидэн,howling-fjord,2035,hunter,marksmanship,349,176,173
Deuterium,stormscale,2031,hunter,marksmanship,104,69,35
Душнила,razuvious,2005,hunter,marksmanship,227,120,107
Ynv,argent-dawn,1998,hunter,marksmanship,78,47,31
Арамор,blackscar,1985,hunter,marksmanship,87,49,38
Stavfel,kazzak,1979,hunter,marksmanship,119,62,57
Dexter,ravencrest,1969,hunter,marksmanship,405,211,194
Chindala,zuljin,1964,hunter,marksmanship,73,34,39
Drxta,blackrock,1944,hunter,marksmanship,102,51,51
Cadvan,nagrand,1942,hunter,marksmanship,75,37,38
Stylez,emeriss,1938,hunter,marksmanship,79,41,38
Wruck,echsenkessel,1929,hunter,marksmanship,126,71,55
Эксп,ashenvale,1922,hunter,marksmanship,91,45,46
Gukéx,stormscale,1921,hunter,marksmanship,60,30,30
Gorethaur,twisting-nether,1916,hunter,marksmanship,63,49,14
Cenaa,ragnaros,1898,hunter,marksmanship,31,23,8
Pjållistani,ravencrest,1889,hunter,marksmanship,224,115,109
Techpoint,silvermoon,1883,hunter,marksmanship,48,31,17
Matasso,burning-legion,1883,hunter,marksmanship,287,141,146
Xoarqt,aegwynn,1878,hunter,marksmanship,114,53,61
Harrianlar,ravenholdt,1877,hunter,marksmanship,272,128,144
Nennimi,ravencrest,1862,hunter,marksmanship,99,46,53
Samuru,auchindoun,1861,hunter,marksmanship,77,37,40
Passalaqua,aegwynn,1849,hunter,marksmanship,106,63,43
Аккулэйд,blackscar,1844,hunter,marksmanship,95,43,52
Klarix,outland,1840,hunter,marksmanship,134,72,62
Aimywinehaus,drakthul,1840,hunter,marksmanship,60,31,29
Spirys,drakthul,1838,hunter,marksmanship,60,28,32
Onlystuns,sylvanas,1831,hunter,marksmanship,89,46,43
Mogwai,stormscale,1831,hunter,marksmanship,116,56,60
Medgical,outland,1830,hunter,marksmanship,48,22,26
Trapsfordays,tarren-mill,1827,hunter,marksmanship,70,41,29
Evacuatur,argent-dawn,1826,hunter,marksmanship,66,33,33
Wildheárt,aegwynn,1824,hunter,marksmanship,72,38,34
Dis,twilights-hammer,1824,hunter,marksmanship,65,32,33
Drakona,outland,1818,hunter,marksmanship,35,23,12
Spoonfingers,ravencrest,1817,hunter,marksmanship,56,30,26
Rashoumon,zuljin,1816,hunter,marksmanship,52,35,17
Hollyz,auchindoun,1816,hunter,marksmanship,36,22,14
Crôwley,twisting-nether,1816,hunter,marksmanship,54,30,24
Huntrag,tarren-mill,1816,hunter,marksmanship,277,141,136
Jodd,ragnaros,1814,hunter,marksmanship,48,23,25
Moonzsu,ravencrest,1813,hunter,marksmanship,46,30,16
Suchskill,stormreaver,1813,hunter,marksmanship,77,37,40
Sindorian,aggra-português,1811,hunter,marksmanship,166,89,77
Xzmiq,outland,1810,hunter,marksmanship,98,55,43
Iceyx,stormscale,1810,hunter,marksmanship,48,21,27
Лесбиянюсь,gordunni,1809,hunter,marksmanship,30,19,11
Warmus,auchindoun,1808,hunter,marksmanship,75,32,43
Zulthos,kazzak,1806,hunter,marksmanship,133,67,66
Noobsnatcher,draenor,1804,hunter,marksmanship,279,149,130
Áñmy,ravencrest,1804,hunter,marksmanship,53,28,25
Khregan,aerie-peak,1802,hunter,marksmanship,66,32,34
Aimshotx,stormscale,1801,hunter,marksmanship,48,28,20
Hï,eitrigg,1801,hunter,marksmanship,189,93,96
Kittykite,thunderhorn,1801,hunter,marksmanship,66,28,38
Xawai,ragnaros,1793,hunter,marksmanship,111,53,58
Alêx,outland,1791,hunter,marksmanship,156,72,84
Играсломана,howling-fjord,1790,hunter,marksmanship,57,33,24
Bøgs,the-maelstrom,1788,hunter,marksmanship,42,21,21
Huprah,ravencrest,1788,hunter,marksmanship,161,77,84
Skilachi,stormscale,1787,hunter,marksmanship,102,46,56
Trashcarlito,eredar,1785,hunter,marksmanship,48,28,20
Ледо,deathguard,1779,hunter,marksmanship,110,58,52
Johnreapèr,sylvanas,1779,hunter,marksmanship,143,70,73
Warbringerx,stormscale,1779,hunter,marksmanship,64,30,34
Åíøñs,kazzak,1778,hunter,marksmanship,35,19,16
Maverz,blackhand,1773,hunter,marksmanship,48,27,21
Самокаратель,gordunni,1772,hunter,marksmanship,78,50,28
Myice,twisting-nether,1771,hunter,marksmanship,66,36,30
Misstrap,drakthul,1769,hunter,marksmanship,59,38,21
Murtagh,khaz-modan,1764,hunter,marksmanship,102,53,49
Mousysnok,ravencrest,1762,hunter,marksmanship,103,49,54
Trapmanager,kazzak,1757,hunter,marksmanship,59,28,31
Triggery,ravencrest,1751,hunter,marksmanship,59,32,27
Strikke,archimonde,1749,hunter,marksmanship,60,27,33
Naid,lordaeron,1739,hunter,marksmanship,58,34,24
Velrox,blackmoore,1736,hunter,marksmanship,120,62,58
Podroto,tyrande,1733,hunter,marksmanship,112,50,62
Imfiné,outland,1729,hunter,marksmanship,72,40,32
Eldrekou,kazzak,1729,hunter,marksmanship,60,26,34
Лотариель,howling-fjord,1728,hunter,marksmanship,66,34,32
Lègolas,sylvanas,1721,hunter,marksmanship,66,28,38
Setyouintrap,ravencrest,1717,hunter,marksmanship,60,34,26
Sizemattersx,kazzak,1717,hunter,marksmanship,178,90,88
Hallé,frostmane,1714,hunter,marksmanship,84,46,38
Filizvogel,aegwynn,1713,hunter,marksmanship,35,19,16
Sipsomewater,ravencrest,1711,hunter,marksmanship,30,18,12
Maticshorter,blackmoore,1711,hunter,marksmanship,70,33,37
Mógwaí,stormscale,1710,hunter,marksmanship,72,36,36
Nirn,ravencrest,1707,hunter,marksmanship,47,25,22
Buffrøgues,ravencrest,1704,hunter,marksmanship,228,114,114
Amistat,kazzak,1704,hunter,marksmanship,193,95,98
Dragnial,kazzak,1703,hunter,marksmanship,53,26,27
Xanter,blackrock,1698,hunter,marksmanship,68,32,36
Адвентурер,howling-fjord,1697,hunter,marksmanship,120,66,54
Kirimbald,blackmoore,1697,hunter,marksmanship,54,28,26
Wêskêr,tarren-mill,1696,hunter,marksmanship,60,28,32
Bestregards,ravencrest,1695,hunter,marksmanship,166,77,89
Kalimdoar,blackhand,1689,hunter,marksmanship,108,53,55
Jêsslíne,ravencrest,1684,hunter,marksmanship,36,20,16
Huntsmart,kazzak,1682,hunter,marksmanship,78,34,44
Lowcaskor,turalyon,1678,hunter,marksmanship,47,26,21
Murkek,drakthul,1676,hunter,marksmanship,66,39,27
Natchell,ysondre,1676,hunter,marksmanship,54,26,28
Snuupz,kazzak,1675,hunter,marksmanship,60,32,28
Килофвратх,gordunni,1674,hunter,marksmanship,248,125,123
Eenel,twisting-nether,1673,hunter,marksmanship,54,28,26
Sandchaton,ragnaros,1671,hunter,marksmanship,42,22,20
Хжв,ashenvale,1670,hunter,marksmanship,190,103,87
Blackbane,ravencrest,1669,hunter,marksmanship,73,39,34
Pewpewstuff,draenor,1669,hunter,marksmanship,42,22,20
Миссклик,soulflayer,1668,hunter,marksmanship,114,67,47
Jabela,eredar,1668,hunter,marksmanship,78,35,43
Сашатетива,gordunni,1665,hunter,marksmanship,66,33,33
Crudeconzept,talnivarr,1663,hunter,marksmanship,36,20,16
Pandanero,ravencrest,1660,hunter,marksmanship,36,20,16
Meetyour,stormscale,1652,hunter,marksmanship,48,23,25
Scheixanter,drakthul,1651,hunter,marksmanship,152,77,75
Outkást,sylvanas,1651,hunter,marksmanship,53,23,30
Speedhack,argent-dawn,1650,hunter,marksmanship,63,35,28
Xqzmytrapz,blackrock,1650,hunter,marksmanship,36,18,18
Lenooby,blades-edge,1649,hunter,marksmanship,144,69,75
Jurá,perenolde,1648,hunter,marksmanship,134,70,64
Jayri,ravencrest,1646,hunter,marksmanship,96,49,47
Mfbloom,blackmoore,1643,hunter,marksmanship,84,42,42
Jamesie,ravencrest,1642,hunter,marksmanship,30,18,12
Elonyr,sanguino,1640,hunter,marksmanship,500,251,249
Rizlay,the-maelstrom,1640,hunter,marksmanship,108,50,58
Шотнес,gordunni,1637,hunter,marksmanship,126,62,64
Triggaz,stormscale,1637,hunter,marksmanship,83,39,44
Nutshotx,stormscale,1637,hunter,marksmanship,132,57,75
Sùnzí,alakir,1633,hunter,marksmanship,30,21,9
Deathshots,ravencrest,1633,hunter,marksmanship,36,20,16
Everya,ravencrest,1632,hunter,marksmanship,69,41,28
Srsbsnshunta,kazzak,1632,hunter,marksmanship,43,24,19
Nyjal,archimonde,1629,hunter,marksmanship,30,20,10
Дарктеххно,howling-fjord,1629,hunter,marksmanship,36,18,18
Амореселф,gordunni,1629,hunter,marksmanship,59,25,34
Куфачка,soulflayer,1627,hunter,marksmanship,36,17,19
Мизэрица,soulflayer,1625,hunter,marksmanship,91,47,44
Nelf,shattered-hand,1625,hunter,marksmanship,42,17,25
Thysalee,hyjal,1624,hunter,marksmanship,61,29,32
Jeeves,outland,1624,hunter,marksmanship,72,34,38
Littlerat,kult-der-verdammten,1623,hunter,marksmanship,42,22,20
Заллара,booty-bay,1622,hunter,marksmanship,36,21,15
Evengance,dragonblight,1620,hunter,marksmanship,96,58,38
Streetxpres,nethersturm,1620,hunter,marksmanship,71,33,38
Nätzz,dun-modr,1618,hunter,marksmanship,67,29,38
Ixxmhunt,blackrock,1616,hunter,marksmanship,54,24,30
Бипбип,galakrond,1615,hunter,marksmanship,35,20,15
Doubletap,ysondre,1613,hunter,marksmanship,36,28,8
Jetay,silvermoon,1613,hunter,marksmanship,60,33,27
Metak,auchindoun,1611,hunter,marksmanship,44,26,18
Loretta,ragnaros,1609,hunter,marksmanship,47,27,20
Hõth,kazzak,1608,hunter,marksmanship,48,23,25
Desudi,tarren-mill,1607,hunter,marksmanship,107,55,52
Sãnsãs,archimonde,1606,hunter,marksmanship,36,21,15
Crétin,archimonde,1605,hunter,marksmanship,38,20,18
Breezhunt,twisting-nether,1604,hunter,marksmanship,53,21,32
Legosoldaten,stormscale,1604,hunter,marksmanship,53,21,32
Çryneth,ravencrest,1602,hunter,marksmanship,92,49,43
Hesuss,kazzak,1600,hunter,marksmanship,39,19,20
Tidèz,aegwynn,1598,hunter,marksmanship,54,22,32
Mycélium,outland,1598,hunter,marksmanship,52,21,31
Xrey,ragnaros,1596,hunter,marksmanship,132,69,63
Slmao,tarren-mill,1594,hunter,marksmanship,100,56,44
Rêmøórsêlês,outland,1594,hunter,marksmanship,39,19,20
Melriya,ravencrest,1593,hunter,marksmanship,58,31,27
Cpflex,arthas,1592,hunter,marksmanship,134,65,69
Манаррия,soulflayer,1589,hunter,marksmanship,96,44,52
Hotshòt,silvermoon,1588,hunter,marksmanship,150,80,70
Крой,howling-fjord,1588,hunter,marksmanship,83,40,43
Räguel,ravencrest,1587,hunter,marksmanship,57,37,20
Bearmane,tarren-mill,1587,hunter,marksmanship,112,54,58
Elywiél,frostwolf,1587,hunter,marksmanship,71,31,40
Bekrepál,outland,1587,hunter,marksmanship,90,37,53
Cryneth,twisting-nether,1583,hunter,marksmanship,63,35,28
Ravator,azshara,1583,hunter,marksmanship,90,39,51
Beletor,medivh,1582,hunter,marksmanship,36,23,13
Sinplify,emeriss,1580,hunter,marksmanship,72,35,37
Arung,ravencrest,1580,hunter,marksmanship,60,27,33
Draktron,blackmoore,1578,hunter,marksmanship,42,20,22
Mönster,ravenholdt,1577,hunter,marksmanship,170,92,78
Ravensoulz,stormscale,1576,hunter,marksmanship,138,75,63
Ремонтлицаа,gordunni,1575,hunter,marksmanship,139,74,65
Ekz,twisting-nether,1575,hunter,marksmanship,63,33,30
Джоуе,ashenvale,1574,hunter,marksmanship,42,18,24
Smekminbåge,tarren-mill,1573,hunter,marksmanship,70,36,34
Андреймвп,galakrond,1573,hunter,marksmanship,60,28,32
Inayah,outland,1571,hunter,marksmanship,137,73,64
Hurion,sanguino,1571,hunter,marksmanship,46,21,25
Hävenofün,archimonde,1565,hunter,marksmanship,64,36,28
Nêzz,tarren-mill,1565,hunter,marksmanship,117,52,65
Cryneth,ravencrest,1564,hunter,marksmanship,110,58,52
Лисатия,gordunni,1562,hunter,marksmanship,48,22,26
Boulaax,ysondre,1561,hunter,marksmanship,60,35,25
Yarnvid,twisting-nether,1559,hunter,marksmanship,165,85,80
Pargz,auchindoun,1558,hunter,marksmanship,60,36,24
Daela,elune,1558,hunter,marksmanship,148,71,77
Gunlaugr,defias-brotherhood,1556,hunter,marksmanship,57,28,29
Rattentäter,alexstrasza,1554,hunter,marksmanship,66,36,30
Mclooving,runetotem,1554,hunter,marksmanship,36,19,17
Vangeroth,kazzak,1552,hunter,marksmanship,371,191,180
Anschy,ambossar,1552,hunter,marksmanship,36,17,19
Рэмпейджшот,soulflayer,1552,hunter,marksmanship,68,31,37
Surtfire,alonsus,1551,hunter,marksmanship,217,113,104
Травок,gordunni,1548,hunter,marksmanship,70,34,36
Dafhel,hyjal,1546,hunter,marksmanship,114,58,56
Recrent,kazzak,1544,hunter,marksmanship,153,80,73
Kanzlerkohl,frostwolf,1542,hunter,marksmanship,46,31,15
Kayvaal,kaelthas,1541,hunter,marksmanship,54,28,26
Miladinorc,azjolnerub,1540,hunter,marksmanship,54,32,22
Zeanoff,ravencrest,1540,hunter,marksmanship,96,53,43
Donfabio,norgannon,1540,hunter,marksmanship,36,18,18
Jup,elune,1536,hunter,marksmanship,67,27,40
Lookmyezzy,ravencrest,1535,hunter,marksmanship,32,17,15
Luzivarus,malganis,1534,hunter,marksmanship,30,16,14
Brk,dun-modr,1534,hunter,marksmanship,30,16,14
Chaussons,kazzak,1532,hunter,marksmanship,174,90,84
Elja,laughing-skull,1531,hunter,marksmanship,73,40,33
Jamzyhunter,emerald-dream,1530,hunter,marksmanship,42,17,25
Draveric,drakthul,1528,hunter,marksmanship,83,43,40
Focushunter,outland,1527,hunter,marksmanship,124,61,63
Bapt,blackrock,1527,hunter,marksmanship,101,49,52
Biggusdickuz,tarren-mill,1526,hunter,marksmanship,157,86,71
Minisay,magtheridon,1523,hunter,marksmanship,328,163,165
Kariss,khaz-modan,1521,hunter,marksmanship,143,71,72
Darts,outland,1521,hunter,marksmanship,150,73,77
Ditbjrapex,chants-éternels,1520,hunter,marksmanship,48,28,20
Länika,ravencrest,1519,hunter,marksmanship,64,34,30
Trytoconnect,ravencrest,1518,hunter,marksmanship,90,47,43
Keskolica,outland,1518,hunter,marksmanship,116,60,56
Длинноемоджо,soulflayer,1518,hunter,marksmanship,675,338,337
Lore,hyjal,1518,hunter,marksmanship,54,27,27
Короткиствол,gordunni,1518,hunter,marksmanship,72,35,37
Gunfroor,the-maelstrom,1513,hunter,marksmanship,36,16,20
Gugenot,tarren-mill,1512,hunter,marksmanship,78,41,37
Setis,uldaman,1512,hunter,marksmanship,54,22,32
Fixel,pozzo-delleternità,1511,hunter,marksmanship,152,81,71
Crowsza,archimonde,1508,hunter,marksmanship,35,19,16
Riflur,stormscale,1508,hunter,marksmanship,30,16,14
Mînérvá,blackhand,1506,hunter,marksmanship,90,52,38
Lebalaffré,arathi,1504,hunter,marksmanship,89,45,44
Смотрюанимэ,gordunni,1504,hunter,marksmanship,60,24,36
Ронингуд,gordunni,1503,hunter,marksmanship,102,54,48
Klinksz,ysondre,1503,hunter,marksmanship,61,26,35
Hunsed,sanguino,1501,hunter,marksmanship,48,31,17
Reyst,moonglade,1499,hunter,marksmanship,42,24,18
Øßlíck,ysondre,1499,hunter,marksmanship,46,23,23
Mantinell,hellfire,1496,hunter,marksmanship,42,21,21
Barnabaz,skullcrusher,1495,hunter,marksmanship,78,40,38
Wowkulaka,kazzak,1493,hunter,marksmanship,138,74,64
Killitoss,blackmoore,1492,hunter,marksmanship,39,18,21
Poatan,outland,1491,hunter,marksmanship,339,183,156
Ozzaty,drekthar,1490,hunter,marksmanship,60,31,29
Executéqt,frostmourne,1490,hunter,marksmanship,41,20,21
Mindgap,pozzo-delleternità,1489,hunter,marksmanship,217,110,107
Coxxie,ragnaros,1489,hunter,marksmanship,48,20,28
Rikishot,ravencrest,1487,hunter,marksmanship,70,37,33
Hardscoped,tarren-mill,1487,hunter,marksmanship,88,40,48
Rzeezznik,burning-legion,1484,hunter,marksmanship,36,17,19
Rex,chamber-of-aspects,1483,hunter,marksmanship,51,30,21
Vruh,antonidas,1483,hunter,marksmanship,66,34,32
Bluelol,ravencrest,1483,hunter,marksmanship,105,48,57
Doomhorg,quelthalas,1482,hunter,marksmanship,204,110,94
Glad,argent-dawn,1480,hunter,marksmanship,207,103,104
Meinkoenig,frostwolf,1479,hunter,marksmanship,54,34,20
Скартэкс,howling-fjord,1477,hunter,marksmanship,50,34,16
Zirilan,nemesis,1477,hunter,marksmanship,225,113,112
Оверман,azuregos,1475,hunter,marksmanship,42,20,22
Nharul,blackmoore,1475,hunter,marksmanship,42,16,26
Шимэйла,gordunni,1474,hunter,marksmanship,97,51,46
Афигеннски,ashenvale,1473,hunter,marksmanship,66,31,35
Emnia,argent-dawn,1470,hunter,marksmanship,78,37,41
Migro,sylvanas,1469,hunter,marksmanship,56,26,30
Marcher,aggra-português,1468,hunter,marksmanship,44,19,25
Vethan,die-aldor,1468,hunter,marksmanship,56,24,32
Mervyl,burning-legion,1467,hunter,marksmanship,42,21,21
Epheso,daggerspine,1467,hunter,marksmanship,36,16,20
Дисконнэктор,soulflayer,1467,hunter,marksmanship,72,27,45
Deatharow,ravencrest,1463,hunter,marksmanship,115,57,58
Jimbow,blackrock,1462,hunter,marksmanship,64,33,31
Jocitwitch,ragnaros,1460,hunter,marksmanship,33,17,16
Hylzen,outland,1458,hunter,marksmanship,59,34,25
Soupsoupsòup,blackmoore,1458,hunter,marksmanship,36,19,17
Вееном,gordunni,1458,hunter,marksmanship,111,51,60
Summa,silvermoon,1456,hunter,marksmanship,81,39,42
Valkhen,boulderfist,1453,hunter,marksmanship,54,31,23
Роктджана,deathguard,1452,hunter,marksmanship,88,45,43
Будкусломаю,grom,1447,hunter,marksmanship,77,35,42
Koratoz,blackmoore,1445,hunter,marksmanship,120,68,52
Thallia,todeswache,1445,hunter,marksmanship,48,23,25
Enfinici,eitrigg,1444,hunter,marksmanship,54,27,27
Swïtchz,hyjal,1443,hunter,marksmanship,141,70,71
Fiveshøt,blackmoore,1440,hunter,marksmanship,42,19,23
Poman,azjolnerub,1440,hunter,marksmanship,47,21,26
Хантвкроксах,gordunni,1438,hunter,marksmanship,52,29,23
Hiðe,archimonde,1438,hunter,marksmanship,92,48,44
Watchouttah,the-maelstrom,1438,hunter,marksmanship,36,15,21
Fitzgerald,ragnaros,1437,hunter,marksmanship,90,43,47
Амобарбиталх,gordunni,1437,hunter,marksmanship,77,34,43
Luuszapfae,aegwynn,1436,hunter,marksmanship,29,16,13
Narziel,die-todeskrallen,1436,hunter,marksmanship,88,48,40
Velites,aggra-português,1436,hunter,marksmanship,54,17,37
Bøøgy,silvermoon,1435,hunter,marksmanship,234,122,112
Nagu,antonidas,1435,hunter,marksmanship,30,15,15
Zushji,ysondre,1433,hunter,marksmanship,345,169,176
Ønske,azjolnerub,1432,hunter,marksmanship,179,91,88
Skillzone,silvermoon,1432,hunter,marksmanship,36,15,21
Ixlxlxlxl,kazzak,1431,hunter,marksmanship,78,48,30
Dezmoinez,twisting-nether,1429,hunter,marksmanship,60,29,31
Swaggercatx,stormscale,1429,hunter,marksmanship,36,15,21
Stingarrow,stormscale,1428,hunter,marksmanship,78,44,34
Babclaar,culte-de-la-rive-noire,1426,hunter,marksmanship,72,40,32
Xalaar,frostwolf,1426,hunter,marksmanship,98,54,44
Jahunter,aggra-português,1424,hunter,marksmanship,30,16,14
Begøne,draenor,1423,hunter,marksmanship,42,28,14
Poppson,magtheridon,1422,hunter,marksmanship,120,65,55
Snipèr,blackmoore,1422,hunter,marksmanship,49,26,23
Tackleberry,ysondre,1422,hunter,marksmanship,48,21,27
Yoúmad,draenor,1421,hunter,marksmanship,34,17,17
Eferos,quelthalas,1421,hunter,marksmanship,90,38,52
Мейрелис,blackscar,1417,hunter,marksmanship,24,15,9
Jàsøn,ravencrest,1417,hunter,marksmanship,33,16,17
Kyudo,ravencrest,1416,hunter,marksmanship,148,74,74
Longblow,outland,1416,hunter,marksmanship,51,21,30
Белыйатомщик,howling-fjord,1416,hunter,marksmanship,54,22,32
Kalima,malfurion,1416,hunter,marksmanship,72,28,44
Owyea,kazzak,1415,hunter,marksmanship,42,18,24
Ashrîel,outland,1413,hunter,marksmanship,88,42,46
Аскентр,gordunni,1411,hunter,marksmanship,67,31,36
Хантнерюга,gordunni,1404,hunter,marksmanship,74,33,41
Eledryn,bronze-dragonflight,1403,hunter,marksmanship,50,27,23
Vyana,sylvanas,1402,hunter,marksmanship,35,16,19
Lennyx,quelthalas,1402,hunter,marksmanship,37,16,21
Нереальнно,blackscar,1401,hunter,marksmanship,48,25,23
Хальвеген,gordunni,1401,hunter,marksmanship,331,166,165
Еввнух,gordunni,1401,hunter,marksmanship,72,31,41
Fränko,ravencrest,1399,hunter,marksmanship,140,63,77
Darm,sunstrider,1398,hunter,marksmanship,36,15,21
Ghostriders,archimonde,1397,hunter,marksmanship,59,27,32
Rèyz,blackhand,1393,hunter,marksmanship,117,58,59
Ashimaru,sylvanas,1393,hunter,marksmanship,69,33,36
Firescorpion,onyxia,1392,hunter,marksmanship,48,27,21
Shootingbob,blackrock,1392,hunter,marksmanship,54,28,26
Muddí,ravencrest,1391,hunter,marksmanship,24,15,9
Ôrïøn,archimonde,1391,hunter,marksmanship,30,16,14
Tavira,zuljin,1391,hunter,marksmanship,157,81,76
Encore,sylvanas,1391,hunter,marksmanship,72,37,35
Ëluna,burning-legion,1389,hunter,marksmanship,148,79,69
Plzdontrun,sylvanas,1389,hunter,marksmanship,47,24,23
Souljâh,ravencrest,1388,hunter,marksmanship,77,36,41
Курунирка,gordunni,1388,hunter,marksmanship,42,18,24
Tiidus,burning-legion,1387,hunter,marksmanship,94,48,46
Bollo,malganis,1387,hunter,marksmanship,102,48,54
Duckling,argent-dawn,1387,hunter,marksmanship,54,25,29
Anjeschka,nemesis,1386,hunter,marksmanship,66,36,30
Gwalëndil,hyjal,1386,hunter,marksmanship,78,39,39
Argahnim,azjolnerub,1385,hunter,marksmanship,310,155,155
Aimnfire,anachronos,1384,hunter,marksmanship,91,47,44
Elyar,eredar,1383,hunter,marksmanship,52,30,22
Tntabsotrap,silvermoon,1383,hunter,marksmanship,88,44,44
Ensomnia,silvermoon,1382,hunter,marksmanship,30,22,8
Nanns,silvermoon,1381,hunter,marksmanship,114,54,60
Treyzzor,blackmoore,1381,hunter,marksmanship,36,15,21
Angelcr,uldum,1381,hunter,marksmanship,36,15,21
Bgxd,tarren-mill,1381,hunter,marksmanship,42,17,25
Amortên,silvermoon,1380,hunter,marksmanship,29,15,14
Sivoh,silvermoon,1379,hunter,marksmanship,193,100,93
Balamut,aegwynn,1379,hunter,marksmanship,104,53,51
Nékfeu,hyjal,1377,hunter,marksmanship,42,23,19
Эвилтар,soulflayer,1377,hunter,marksmanship,32,16,16
Mânhunt,blackhand,1375,hunter,marksmanship,70,36,34
Lincolne,ravencrest,1375,hunter,marksmanship,41,17,24
Имбакласс,howling-fjord,1373,hunter,marksmanship,104,53,51
Shieryu,archimonde,1373,hunter,marksmanship,62,30,32
Kbesagrillo,sanguino,1372,hunter,marksmanship,42,18,24
Bæst,elune,1371,hunter,marksmanship,43,23,20
Scatshot,grim-batol,1370,hunter,marksmanship,60,32,28
Samhunt,blackrock,1370,hunter,marksmanship,35,15,20
Kértor,die-aldor,1370,hunter,marksmanship,52,21,31
Giwtus,blackmoore,1369,hunter,marksmanship,40,15,25
Noxxen,burning-legion,1368,hunter,marksmanship,37,22,15
Enfaktüs,silvermoon,1367,hunter,marksmanship,60,30,30
Doncar,stormscale,1367,hunter,marksmanship,99,44,55
Lobos,ravencrest,1367,hunter,marksmanship,60,25,35
Ofortuna,silvermoon,1364,hunter,marksmanship,78,42,36
Wielok,burning-legion,1364,hunter,marksmanship,62,30,32
Athel,moonglade,1364,hunter,marksmanship,42,16,26
Луврен,deepholm,1363,hunter,marksmanship,52,15,37
Absolutnoob,blackrock,1362,hunter,marksmanship,38,21,17
Crar,frostwolf,1360,hunter,marksmanship,94,50,44
Aguerex,alleria,1358,hunter,marksmanship,30,20,10
Incompetence,argent-dawn,1356,hunter,marksmanship,38,17,21
Llaz,silvermoon,1355,hunter,marksmanship,28,15,13
Pickaboo,defias-brotherhood,1354,hunter,marksmanship,239,115,124
Szybky,defias-brotherhood,1354,hunter,marksmanship,60,25,35
Orcarevolver,tarren-mill,1352,hunter,marksmanship,30,17,13
Phillon,blackrock,1351,hunter,marksmanship,36,28,8
Opî,eldrethalas,1351,hunter,marksmanship,178,90,88
Itenik,frostwolf,1350,hunter,marksmanship,30,16,14
Zajaczek,burning-legion,1350,hunter,marksmanship,48,21,27
Nezekielle,drekthar,1349,hunter,marksmanship,54,21,33
Тантрабой,howling-fjord,1348,hunter,marksmanship,30,18,12
Laskoo,tarren-mill,1348,hunter,marksmanship,160,82,78
Гусецап,gordunni,1348,hunter,marksmanship,144,65,79
Jeston,amanthul,1347,hunter,marksmanship,79,35,44
Pekkoe,khaz-modan,1345,hunter,marksmanship,90,50,40
Vavabxl,ysondre,1345,hunter,marksmanship,114,52,62
Meskette,ravencrest,1344,hunter,marksmanship,36,18,18
Tupalax,outland,1342,hunter,marksmanship,123,57,66
Fugass,ragnaros,1340,hunter,marksmanship,35,19,16
Deadfire,hyjal,1340,hunter,marksmanship,54,27,27
Lofiv,turalyon,1340,hunter,marksmanship,40,17,23
Antiork,doomhammer,1339,hunter,marksmanship,66,31,35
Øtemløol,sanguino,1339,hunter,marksmanship,30,14,16
Muckel,area-52,1339,hunter,marksmanship,42,19,23
Enÿo,ysondre,1339,hunter,marksmanship,48,16,32
Rísu,argent-dawn,1338,hunter,marksmanship,62,34,28
Viséeauto,confrérie-du-thorium,1337,hunter,marksmanship,54,31,23
Легчайшийбот,gordunni,1336,hunter,marksmanship,42,14,28
Headshott,agamaggan,1335,hunter,marksmanship,24,14,10
Barrex,guldan,1335,hunter,marksmanship,64,32,32
Skadè,silvermoon,1335,hunter,marksmanship,30,14,16
Xesih,twisting-nether,1333,hunter,marksmanship,112,56,56
Aerieshan,ravencrest,1333,hunter,marksmanship,78,38,40
Lennylynx,garrosh,1333,hunter,marksmanship,66,29,37
Moschtix,forscherliga,1333,hunter,marksmanship,48,20,28
Огнеборик,howling-fjord,1333,hunter,marksmanship,71,28,43
Selaesa,chamber-of-aspects,1332,hunter,marksmanship,81,41,40
Sanhunter,eredar,1332,hunter,marksmanship,48,21,27
Оути,azuregos,1331,hunter,marksmanship,24,14,10
Travels,tarren-mill,1331,hunter,marksmanship,173,82,91
Chrishyh,blackrock,1330,hunter,marksmanship,60,28,32
Gramyr,ysondre,1329,hunter,marksmanship,24,14,10
Эльк,gordunni,1328,hunter,marksmanship,93,47,46
Carnificis,sanguino,1328,hunter,marksmanship,54,19,35
Skaedi,silvermoon,1327,hunter,marksmanship,25,16,9
Azmena,silvermoon,1327,hunter,marksmanship,29,15,14
Prodanhunts,frostmane,1327,hunter,marksmanship,136,67,69
Carpante,nemesis,1326,hunter,marksmanship,96,42,54
Àfpro,hyjal,1326,hunter,marksmanship,94,40,54
Diapositiv,draenor,1325,hunter,marksmanship,30,14,16
Maroxy,ragnaros,1325,hunter,marksmanship,35,14,21
Adariana,archimonde,1324,hunter,marksmanship,102,47,55
Gilgharsh,rajaxx,1324,hunter,marksmanship,64,29,35
Qapheze,silvermoon,1323,hunter,marksmanship,54,21,33
Bizzrip,kazzak,1320,hunter,marksmanship,48,28,20
Hunterbeck,ravencrest,1320,hunter,marksmanship,72,41,31
Amphi,stormscale,1320,hunter,marksmanship,66,36,30
Saejku,archimonde,1319,hunter,marksmanship,34,21,13
Jalu,die-aldor,1319,hunter,marksmanship,30,18,12
Kokowawaa,kazzak,1317,hunter,marksmanship,84,37,47
Zelira,boulderfist,1316,hunter,marksmanship,142,68,74
Heísenberg,ragnaros,1316,hunter,marksmanship,49,22,27
Snipekill,bronze-dragonflight,1315,hunter,marksmanship,36,20,16
Psychlolzxr,burning-legion,1315,hunter,marksmanship,53,26,27
Avaîo,ysondre,1315,hunter,marksmanship,64,24,40
Abraxan,twisting-nether,1314,hunter,marksmanship,58,34,24
Snípér,blackhand,1314,hunter,marksmanship,53,17,36
Хемари,eversong,1313,hunter,marksmanship,30,14,16
Khajiizu,frostwolf,1310,hunter,marksmanship,24,15,9
Arrowdoxx,silvermoon,1310,hunter,marksmanship,117,51,66
Asthorio,stormscale,1309,hunter,marksmanship,106,44,62
Bazrzokh,elune,1308,hunter,marksmanship,30,17,13
Фузег,deathguard,1308,hunter,marksmanship,36,18,18
Xaotsu,ravencrest,1308,hunter,marksmanship,51,24,27
Insanepvper,argent-dawn,1307,hunter,marksmanship,60,24,36
Lrr,grim-batol,1306,hunter,marksmanship,30,19,11
Thedoors,twisting-nether,1305,hunter,marksmanship,48,19,29
Narawinger,silvermoon,1303,hunter,marksmanship,54,30,24
Silvyina,todeswache,1302,hunter,marksmanship,86,43,43
Coft,sargeras,1301,hunter,marksmanship,42,23,19
Clouder,blackhand,1300,hunter,marksmanship,36,20,16
Sarblade,bronze-dragonflight,1300,hunter,marksmanship,34,16,18
Kolgrim,temple-noir,1299,hunter,marksmanship,52,24,28
Kaktus,shattered-hand,1298,hunter,marksmanship,30,16,14
Elmadre,arthas,1298,hunter,marksmanship,60,29,31
Curtiss,sanguino,1296,hunter,marksmanship,94,49,45
Darilli,wildhammer,1296,hunter,marksmanship,54,23,31
Wmaximoff,tarren-mill,1296,hunter,marksmanship,86,34,52
Тамирка,deathguard,1295,hunter,marksmanship,23,14,9
Bobleearrow,darkspear,1295,hunter,marksmanship,71,34,37
Casey,zuluhed,1295,hunter,marksmanship,42,19,23
Booms,eonar,1290,hunter,marksmanship,99,49,50
Jeddaj,stormscale,1289,hunter,marksmanship,36,14,22
Virdirthera,silvermoon,1286,hunter,marksmanship,54,26,28
Piit,elune,1286,hunter,marksmanship,102,41,61
Sïrrys,nemesis,1285,hunter,marksmanship,64,32,32
Blowplac,moonglade,1285,hunter,marksmanship,100,49,51
Допустимхант,howling-fjord,1284,hunter,marksmanship,29,15,14
Gromaya,elune,1284,hunter,marksmanship,65,30,35
Куников,booty-bay,1284,hunter,marksmanship,36,14,22
Elisande,die-aldor,1284,hunter,marksmanship,60,23,37
Арийская,gordunni,1283,hunter,marksmanship,86,41,45
Smitheye,argent-dawn,1282,hunter,marksmanship,183,89,94
Røxxilia,blackmoore,1280,hunter,marksmanship,72,30,42
Воуб,gordunni,1278,hunter,marksmanship,66,29,37
Götthunter,antonidas,1277,hunter,marksmanship,74,35,39
Silverinn,turalyon,1277,hunter,marksmanship,39,17,22
Kimia,pozzo-delleternità,1276,hunter,marksmanship,30,18,12
Ксидре,eversong,1276,hunter,marksmanship,60,30,30
Waltuhwhite,teldrassil,1275,hunter,marksmanship,20,14,6
Hollybuster,perenolde,1275,hunter,marksmanship,46,25,21
Kyßa,uldum,1275,hunter,marksmanship,81,39,42
Féliché,elune,1275,hunter,marksmanship,84,36,48
Cxc,dun-modr,1274,hunter,marksmanship,42,19,23
Сентуслип,fordragon,1274,hunter,marksmanship,141,62,79
Ihateyoumore,ravencrest,1274,hunter,marksmanship,48,18,30
Vanstro,ragnaros,1274,hunter,marksmanship,38,14,24
Scark,tarren-mill,1273,hunter,marksmanship,43,27,16
Iniduhr,dalaran,1273,hunter,marksmanship,33,15,18
Дайпострелят,gordunni,1273,hunter,marksmanship,36,15,21
Mainblu,nemesis,1272,hunter,marksmanship,46,21,25
Atiyêsh,arthas,1272,hunter,marksmanship,42,17,25
Rupeebtw,stormscale,1271,hunter,marksmanship,168,79,89
Rmnsbm,blackmoore,1271,hunter,marksmanship,30,14,16
Shaib,kazzak,1270,hunter,marksmanship,28,15,13
Deathchoice,azshara,1270,hunter,marksmanship,36,14,22
Rydén,pozzo-delleternità,1270,hunter,marksmanship,42,16,26
Tokkie,burning-blade,1268,hunter,marksmanship,24,14,10
Zajebantip,sylvanas,1268,hunter,marksmanship,111,51,60
Kaminôr,antonidas,1267,hunter,marksmanship,47,23,24
Minerva,malfurion,1266,hunter,marksmanship,44,24,20
Mmaaee,ravencrest,1263,hunter,marksmanship,81,41,40
Andtamed,thunderhorn,1263,hunter,marksmanship,60,29,31
Loca,twilights-hammer,1262,hunter,marksmanship,117,59,58
Hunterdream,aszune,1262,hunter,marksmanship,31,15,16
Skyren,defias-brotherhood,1262,hunter,marksmanship,74,32,42
Nightshäde,aggra-português,1260,hunter,marksmanship,76,33,43
Boarthrills,ravencrest,1260,hunter,marksmanship,41,15,26
Шамагута,gordunni,1258,hunter,marksmanship,30,14,16
Феорика,grom,1257,hunter,marksmanship,66,33,33
Пулемётчик,eversong,1257,hunter,marksmanship,61,29,32
Mizumo,burning-legion,1254,hunter,marksmanship,151,77,74
Sinequanon,mannoroth,1254,hunter,marksmanship,54,21,33
Krypzit,garona,1253,hunter,marksmanship,192,84,108
Zendar,blackmoore,1252,hunter,marksmanship,138,68,70
Sindeerolla,magtheridon,1251,hunter,marksmanship,54,23,31
Bulseye,kilrogg,1250,hunter,marksmanship,30,14,16
Aurah,les-clairvoyants,1250,hunter,marksmanship,30,14,16
Cutehuntér,ragnaros,1250,hunter,marksmanship,125,55,70
Lillynahh,argent-dawn,1249,hunter,marksmanship,211,105,106
Mspt,archimonde,1248,hunter,marksmanship,30,13,17
Sallina,blutkessel,1247,hunter,marksmanship,30,15,15
Magmageul,archimonde,1247,hunter,marksmanship,105,50,55
Ruffixvs,blackrock,1246,hunter,marksmanship,18,13,5
Fetts,silvermoon,1246,hunter,marksmanship,68,37,31
Birdemic,stormscale,1244,hunter,marksmanship,24,13,11
Lísy,hyjal,1244,hunter,marksmanship,24,13,11
Iilac,argent-dawn,1242,hunter,marksmanship,184,104,80
Tinlop,ragnaros,1242,hunter,marksmanship,169,83,86
Huntatard,silvermoon,1241,hunter,marksmanship,28,16,12
Рбг,blackscar,1241,hunter,marksmanship,30,13,17
Jachtorc,kazzak,1241,hunter,marksmanship,36,14,22
Zurzok,blackrock,1239,hunter,marksmanship,60,24,36
Donneraàn,blackrock,1238,hunter,marksmanship,101,51,50
Isohunt,alakir,1238,hunter,marksmanship,43,19,24
Pappous,kul-tiras,1237,hunter,marksmanship,112,53,59
Blazingshot,lightbringer,1236,hunter,marksmanship,30,13,17
Jðsi,dalaran,1235,hunter,marksmanship,83,38,45
Shedzargo,twisting-nether,1234,hunter,marksmanship,24,13,11
Металшот,blackscar,1234,hunter,marksmanship,74,36,38
Beyzworld,antonidas,1233,hunter,marksmanship,24,13,11
Djidawn,ysondre,1233,hunter,marksmanship,24,13,11
Corrupth,outland,1233,hunter,marksmanship,33,14,19
Guevnerm,outland,1233,hunter,marksmanship,50,18,32
Huntaloko,outland,1232,hunter,marksmanship,35,17,18
Honzu,silvermoon,1229,hunter,marksmanship,36,18,18
Lightarròw,nordrassil,1229,hunter,marksmanship,48,19,29
Яриона,galakrond,1226,hunter,marksmanship,123,65,58
Huntazt,draenor,1225,hunter,marksmanship,24,13,11
Høøli,nethersturm,1219,hunter,marksmanship,48,27,21
Oatmeal,dun-morogh,1219,hunter,marksmanship,263,139,124
Serihu,cthun,1219,hunter,marksmanship,134,61,73
Oneeyed,kazzak,1218,hunter,marksmanship,30,14,16
Cooroona,stormrage,1217,hunter,marksmanship,66,32,34
Blutack,stormscale,1217,hunter,marksmanship,36,15,21
Kravên,anubarak,1216,hunter,marksmanship,138,62,76
Yanger,burning-legion,1216,hunter,marksmanship,60,25,35
Breier,argent-dawn,1215,hunter,marksmanship,131,67,64
Хакаар,grom,1214,hunter,marksmanship,134,69,65
Neldrassil,blackmoore,1212,hunter,marksmanship,185,95,90
Faenor,arygos,1212,hunter,marksmanship,102,40,62
Emti,outland,1212,hunter,marksmanship,54,20,34
Autoturret,eredar,1211,hunter,marksmanship,112,47,65
Deneja,kilrogg,1211,hunter,marksmanship,48,20,28
Elyxa,ysondre,1210,hunter,marksmanship,68,37,31
Urith,les-clairvoyants,1209,hunter,marksmanship,26,14,12
Buzzle,sylvanas,1209,hunter,marksmanship,30,16,14
Ashide,dun-modr,1209,hunter,marksmanship,30,13,17
Îratus,blackmoore,1208,hunter,marksmanship,30,16,14
Overhït,hyjal,1208,hunter,marksmanship,191,95,96
Rabiate,blackrock,1208,hunter,marksmanship,68,30,38
Deathshots,aggra-português,1207,hunter,marksmanship,96,38,58
Gintønic,blackmoore,1207,hunter,marksmanship,42,13,29
Ruger,hyjal,1206,hunter,marksmanship,49,22,27
Rosiee,dun-modr,1205,hunter,marksmanship,18,13,5
Omixloua,ragnaros,1205,hunter,marksmanship,123,64,59
Redneckjoe,draenor,1204,hunter,marksmanship,58,26,32
Elektrô,blackmoore,1204,hunter,marksmanship,39,14,25
Lunnaae,stormscale,1203,hunter,marksmanship,53,16,37
Kakadoo,twisting-nether,1202,hunter,marksmanship,78,40,38
Ililivillumi,tarren-mill,1202,hunter,marksmanship,42,18,24
Milandria,antonidas,1200,hunter,marksmanship,92,54,38
Olamay,blackmoore,1200,hunter,marksmanship,30,17,13
Vïcødïnë,sinstralis,1199,hunter,marksmanship,113,52,61
Bousillator,archimonde,1198,hunter,marksmanship,36,19,17
Lonewolfe,ravencrest,1198,hunter,marksmanship,476,237,239
Эннабонни,gordunni,1198,hunter,marksmanship,36,16,20
Fanstwo,tarren-mill,1198,hunter,marksmanship,42,14,28
Silvyn,pozzo-delleternità,1196,hunter,marksmanship,60,27,33
Watty,chogall,1195,hunter,marksmanship,88,45,43
Skohal,draenor,1194,hunter,marksmanship,108,51,57
Glockzs,auchindoun,1194,hunter,marksmanship,42,15,27
Jablaka,blackhand,1193,hunter,marksmanship,107,52,55
Оленнька,howling-fjord,1191,hunter,marksmanship,84,44,40
Aneji,hyjal,1190,hunter,marksmanship,137,67,70
Bigfoot,argent-dawn,1189,hunter,marksmanship,129,56,73
Оркистор,eversong,1186,hunter,marksmanship,84,30,54
Azaella,tarren-mill,1185,hunter,marksmanship,48,23,25
Enerhunt,ysondre,1184,hunter,marksmanship,85,44,41
Sharpeyezz,ravencrest,1182,hunter,marksmanship,91,35,56
Zion,kul-tiras,1182,hunter,marksmanship,34,13,21
Zerkarok,draenor,1179,hunter,marksmanship,42,17,25
Nivada,sylvanas,1178,hunter,marksmanship,29,13,16
Hoody,culte-de-la-rive-noire,1175,hunter,marksmanship,41,24,17
Survivr,frostmane,1173,hunter,marksmanship,36,20,16
Одисенс,eversong,1173,hunter,marksmanship,115,57,58
Каизик,soulflayer,1173,hunter,marksmanship,35,14,21
Soviectk,aggra-português,1171,hunter,marksmanship,30,13,17
Yunalèsca,eredar,1171,hunter,marksmanship,34,13,21
Niwariell,silvermoon,1169,hunter,marksmanship,84,42,42
Madtony,aegwynn,1169,hunter,marksmanship,50,23,27
Chizuna,dun-morogh,1167,hunter,marksmanship,26,13,13
Celtya,archimonde,1166,hunter,marksmanship,135,69,66
Linneâ,blackmoore,1166,hunter,marksmanship,32,15,17
Opsi,area-52,1166,hunter,marksmanship,108,48,60
Swáy,twisting-nether,1165,hunter,marksmanship,292,142,150
Nym,eitrigg,1165,hunter,marksmanship,35,16,19
Skitari,draenor,1165,hunter,marksmanship,48,14,34
Matarmeya,los-errantes,1161,hunter,marksmanship,52,28,24
Tudjuk,arathor,1161,hunter,marksmanship,31,13,18
Ártemide,pozzo-delleternità,1160,hunter,marksmanship,75,41,34
Touscahunter,kazzak,1160,hunter,marksmanship,276,138,138
Akyra,runetotem,1160,hunter,marksmanship,186,88,98
Kliantra,wildhammer,1159,hunter,marksmanship,183,94,89
Krothga,blackrock,1159,hunter,marksmanship,51,25,26
Docchr,doomhammer,1159,hunter,marksmanship,84,39,45
Corrwus,argent-dawn,1159,hunter,marksmanship,102,47,55
Ромажиробас,gordunni,1159,hunter,marksmanship,48,22,26
Qqc,burning-legion,1158,hunter,marksmanship,46,22,24
Sâetha,dun-modr,1158,hunter,marksmanship,51,20,31
Chaydee,stormscale,1157,hunter,marksmanship,73,32,41
Naven,minahonda,1157,hunter,marksmanship,47,20,27
Hanzolo,uldum,1156,hunter,marksmanship,54,26,28
Naizoo,doomhammer,1156,hunter,marksmanship,30,14,16
Tiph,argent-dawn,1155,hunter,marksmanship,30,18,12
Пуллятель,borean-tundra,1155,hunter,marksmanship,47,22,25
Жабра,gordunni,1155,hunter,marksmanship,58,24,34
Jozsiur,ragnaros,1152,hunter,marksmanship,30,18,12
Bøost,stormscale,1151,hunter,marksmanship,18,12,6
Фанатшла,gordunni,1151,hunter,marksmanship,18,12,6
Kendow,blackrock,1150,hunter,marksmanship,78,36,42
Zirgoo,outland,1148,hunter,marksmanship,81,31,50
Hxnk,argent-dawn,1147,hunter,marksmanship,18,12,6
Farmerjoee,alakir,1147,hunter,marksmanship,24,13,11
Bobihunt,argent-dawn,1147,hunter,marksmanship,53,27,26
Bonjwa,aegwynn,1147,hunter,marksmanship,24,12,12
Сынсема,blackscar,1147,hunter,marksmanship,133,62,71
Blackas,dun-modr,1147,hunter,marksmanship,90,41,49
Bluffmakarn,silvermoon,1147,hunter,marksmanship,30,12,18
Taveon,turalyon,1144,hunter,marksmanship,42,15,27
Jiton,grim-batol,1144,hunter,marksmanship,42,15,27
Bgkrasavec,stormscale,1142,hunter,marksmanship,75,36,39
Blacksyo,elune,1142,hunter,marksmanship,85,34,51
Pínnen,draenor,1140,hunter,marksmanship,24,12,12
Milhambré,ysondre,1140,hunter,marksmanship,24,12,12
Artémíss,kazzak,1138,hunter,marksmanship,30,12,18
Alluan,blackrock,1138,hunter,marksmanship,30,12,18
Ruppig,nozdormu,1137,hunter,marksmanship,66,30,36
Stripedcani,kelthuzad,1136,hunter,marksmanship,24,12,12
Sylphie,dalaran,1136,hunter,marksmanship,30,12,18
Partouche,sargeras,1134,hunter,marksmanship,30,12,18
Zrijad,draenor,1133,hunter,marksmanship,24,12,12
Kilölek,ragnaros,1133,hunter,marksmanship,24,12,12
Крипа,gordunni,1133,hunter,marksmanship,34,15,19
Хапмьюзик,howling-fjord,1133,hunter,marksmanship,96,39,57
Capball,kelthuzad,1133,hunter,marksmanship,30,12,18
Elcouche,draenor,1132,hunter,marksmanship,48,16,32
Aratoxx,blackmoore,1131,hunter,marksmanship,89,48,41
Thelasiel,aerie-peak,1130,hunter,marksmanship,79,41,38
Aszasi,azjolnerub,1130,hunter,marksmanship,31,13,18
Vardnev,dun-modr,1128,hunter,marksmanship,23,13,10
Snaped,malganis,1128,hunter,marksmanship,71,29,42
Sàclak,ysondre,1128,hunter,marksmanship,72,29,43
Jägarbröje,kazzak,1126,hunter,marksmanship,30,18,12
Tránsphobic,kilrogg,1125,hunter,marksmanship,78,37,41
Anpaytoo,antonidas,1124,hunter,marksmanship,48,20,28
Laara,khaz-modan,1121,hunter,marksmanship,284,144,140
Rediction,ravencrest,1121,hunter,marksmanship,55,20,35
Травмаопасен,gordunni,1120,hunter,marksmanship,42,13,29
Gorá,dethecus,1118,hunter,marksmanship,18,12,6
Hunntte,ravencrest,1118,hunter,marksmanship,38,15,23
Réja,norgannon,1117,hunter,marksmanship,61,28,33
Meläna,ysondre,1117,hunter,marksmanship,36,14,22
Leílah,kazzak,1117,hunter,marksmanship,84,31,53
Slÿzqx,archimonde,1114,hunter,marksmanship,23,12,11
Iliketraps,blackmoore,1114,hunter,marksmanship,29,12,17
Narøs,blackhand,1114,hunter,marksmanship,94,37,57
Kilshot,burning-legion,1111,hunter,marksmanship,48,28,20
Áragorn,frostmane,1108,hunter,marksmanship,60,30,30
Ðepleter,outland,1108,hunter,marksmanship,30,12,18
Æthelflæd,nathrezim,1108,hunter,marksmanship,48,17,31
Harmonía,outland,1107,hunter,marksmanship,64,26,38
Wlndrunner,ravencrest,1107,hunter,marksmanship,30,12,18
Bélier,hyjal,1105,hunter,marksmanship,56,31,25
Hollabackgrl,outland,1105,hunter,marksmanship,42,18,24
Barbrady,nethersturm,1103,hunter,marksmanship,36,16,20
Lamenob,neptulon,1103,hunter,marksmanship,42,13,29
Hntard,stormscale,1100,hunter,marksmanship,26,13,13
Talcaliste,archimonde,1100,hunter,marksmanship,101,46,55
Salomone,nerathor,1099,hunter,marksmanship,27,13,14
Khâ,garona,1099,hunter,marksmanship,53,25,28
Эолиана,borean-tundra,1098,hunter,marksmanship,75,37,38
Airelina,kazzak,1095,hunter,marksmanship,42,16,26
Yrtja,minahonda,1090,hunter,marksmanship,73,41,32
Iòvól,azuremyst,1090,hunter,marksmanship,87,42,45
Брухлянка,gordunni,1089,hunter,marksmanship,49,27,22
Лорбан,gordunni,1089,hunter,marksmanship,44,20,24
Halvarr,ulduar,1088,hunter,marksmanship,42,20,22
Nezuqo,archimonde,1087,hunter,marksmanship,42,16,26
Йошумитсу,howling-fjord,1084,hunter,marksmanship,56,29,27
Mántîs,argent-dawn,1084,hunter,marksmanship,73,32,41
Dramin,defias-brotherhood,1084,hunter,marksmanship,30,12,18
Voitelka,terokkar,1083,hunter,marksmanship,128,64,64
Robìnhood,nemesis,1080,hunter,marksmanship,42,22,20
Naghtel,die-silberne-hand,1080,hunter,marksmanship,110,57,53
Shubichou,illidan,1080,hunter,marksmanship,36,16,20
Sinsé,conseil-des-ombres,1077,hunter,marksmanship,58,27,31
Bendit,eredar,1075,hunter,marksmanship,67,32,35
Retroxia,stormreaver,1075,hunter,marksmanship,26,12,14
Slicer,arthas,1074,hunter,marksmanship,103,48,55
Flintenwilly,die-aldor,1073,hunter,marksmanship,36,14,22
Leafstorm,vashj,1068,hunter,marksmanship,84,33,51
Showdown,hellscream,1068,hunter,marksmanship,95,37,58
Hkizzler,kazzak,1066,hunter,marksmanship,115,53,62
Nycto,norgannon,1065,hunter,marksmanship,24,14,10
Sekeh,ragnaros,1064,hunter,marksmanship,90,37,53
Moyraina,tarren-mill,1063,hunter,marksmanship,42,15,27
Thauana,los-errantes,1060,hunter,marksmanship,30,14,16
Nutzz,ragnaros,1059,hunter,marksmanship,59,26,33
Гилара,soulflayer,1059,hunter,marksmanship,34,12,22
Noobhuntress,norgannon,1058,hunter,marksmanship,68,22,46
Серргио,soulflayer,1056,hunter,marksmanship,36,17,19
Vèreesa,azjolnerub,1056,hunter,marksmanship,72,29,43
Bicepz,azjolnerub,1055,hunter,marksmanship,23,12,11
Frágile,drakthul,1055,hunter,marksmanship,24,11,13
Axran,ravencrest,1055,hunter,marksmanship,24,11,13
Sazak,draenor,1054,hunter,marksmanship,36,22,14
Енвина,gordunni,1054,hunter,marksmanship,29,13,16
Uncø,kazzak,1053,hunter,marksmanship,18,11,7
Kissmyaxé,draenor,1053,hunter,marksmanship,18,11,7
Dunkenmere,kazzak,1053,hunter,marksmanship,24,11,13
Bladewing,archimonde,1053,hunter,marksmanship,30,11,19
Blàdê,blackrock,1052,hunter,marksmanship,18,11,7
Zøk,stormscale,1051,hunter,marksmanship,18,11,7
Twak,kilrogg,1050,hunter,marksmanship,24,13,11
Мальберна,eversong,1050,hunter,marksmanship,64,33,31
Хихихихх,gordunni,1050,hunter,marksmanship,24,11,13
Nìsalle,argent-dawn,1050,hunter,marksmanship,32,13,19
Слезыотлука,howling-fjord,1048,hunter,marksmanship,18,11,7
Costner,darksorrow,1046,hunter,marksmanship,30,11,19
Pøca,kaelthas,1045,hunter,marksmanship,18,11,7
Ashkabous,kazzak,1044,hunter,marksmanship,57,31,26
Bloodhøund,draenor,1043,hunter,marksmanship,30,12,18
Seariko,draenor,1043,hunter,marksmanship,37,13,24
Ямакасси,thermaplugg,1042,hunter,marksmanship,124,52,72
Винтаж,deepholm,1041,hunter,marksmanship,59,26,33
Cêdric,alleria,1041,hunter,marksmanship,28,12,16
Ричардн,howling-fjord,1040,hunter,marksmanship,24,11,13
Missingno,sporeggar,1039,hunter,marksmanship,42,19,23
Джантига,howling-fjord,1039,hunter,marksmanship,30,11,19
Diosteayuda,dun-modr,1038,hunter,marksmanship,24,14,10
Dentaar,draenor,1038,hunter,marksmanship,195,96,99
Jaggatee,senjin,1038,hunter,marksmanship,53,24,29
Argato,eredar,1038,hunter,marksmanship,93,41,52
Fistiecuff,auchindoun,1038,hunter,marksmanship,36,14,22
Nyri,drakthul,1038,hunter,marksmanship,30,11,19
Hunterixx,outland,1037,hunter,marksmanship,48,18,30
Djzntrap,outland,1035,hunter,marksmanship,30,12,18
Eéilin,the-maelstrom,1033,hunter,marksmanship,18,11,7
Weridia,der-rat-von-dalaran,1033,hunter,marksmanship,22,12,10
Jisila,ravencrest,1030,hunter,marksmanship,147,72,75
Juliã,dalaran,1030,hunter,marksmanship,24,11,13
Artexxia,kazzak,1030,hunter,marksmanship,66,27,39
Gilgalat,drakthul,1029,hunter,marksmanship,47,20,27
Ispo,frostwolf,1028,hunter,marksmanship,100,48,52
Илюшааимшот,gordunni,1028,hunter,marksmanship,30,11,19
Heavenlyx,area-52,1026,hunter,marksmanship,48,16,32
Kerrveros,ravencrest,1025,hunter,marksmanship,42,20,22
Miezuu,ravencrest,1025,hunter,marksmanship,63,27,36
Grinfall,archimonde,1025,hunter,marksmanship,44,15,29
Falenwing,blackmoore,1024,hunter,marksmanship,34,16,18
Quinty,durotan,1024,hunter,marksmanship,32,13,19
Olnàk,ysondre,1023,hunter,marksmanship,60,32,28
Анхантэй,lich-king,1021,hunter,marksmanship,378,187,191
Fèhn,krasus,1019,hunter,marksmanship,24,14,10
Eskubar,burning-legion,1019,hunter,marksmanship,132,58,74
Noobatala,tarren-mill,1018,hunter,marksmanship,42,20,22
Ygrittéé,blackrock,1018,hunter,marksmanship,32,13,19
Zlejkadlec,burning-blade,1018,hunter,marksmanship,28,11,17
Panfilmaaj,burning-legion,1017,hunter,marksmanship,30,12,18
Crní,tarren-mill,1015,hunter,marksmanship,81,37,44
Конар,soulflayer,1012,hunter,marksmanship,24,11,13
Sisilianno,khaz-modan,1012,hunter,marksmanship,182,82,100
Nimrod,norgannon,1009,hunter,marksmanship,45,19,26
Nonamenoskil,sylvanas,1008,hunter,marksmanship,24,13,11
Arrown,outland,1008,hunter,marksmanship,45,20,25
Кикто,gordunni,1007,hunter,marksmanship,18,11,7
Tungusta,defias-brotherhood,1006,hunter,marksmanship,42,19,23
Венгс,howling-fjord,1005,hunter,marksmanship,39,14,25
Irïna,arakarahm,1004,hunter,marksmanship,162,88,74
Gorett,kazzak,1004,hunter,marksmanship,36,12,24
Whitehor,ragnaros,1001,hunter,marksmanship,54,23,31
Basìcs,nemesis,998,hunter,marksmanship,24,12,12
Boomkillshot,zuljin,996,hunter,marksmanship,259,126,133
Euphellius,darkmoon-faire,995,hunter,marksmanship,48,24,24
Jaýlah,draenor,991,hunter,marksmanship,54,24,30
Bonquiesha,tarren-mill,991,hunter,marksmanship,25,11,14
Mendinar,sylvanas,990,hunter,marksmanship,71,19,52
Azsräel,dalaran,989,hunter,marksmanship,214,103,111
Tomtus,aggramar,988,hunter,marksmanship,88,44,44
Ашмадей,eversong,988,hunter,marksmanship,30,13,17
Анреал,gordunni,988,hunter,marksmanship,38,16,22
Aidsmacka,shattered-hand,982,hunter,marksmanship,20,11,9
Ядрис,gordunni,980,hunter,marksmanship,54,23,31
Myplague,darkmoon-faire,979,hunter,marksmanship,42,24,18
Koørai,outland,978,hunter,marksmanship,43,19,24
Madida,ravencrest,977,hunter,marksmanship,70,38,32
Wìndrunner,malfurion,977,hunter,marksmanship,107,54,53
Faelhorn,archimonde,976,hunter,marksmanship,42,22,20
Фломидзе,gordunni,975,hunter,marksmanship,19,11,8
Tingly,grim-batol,975,hunter,marksmanship,26,11,15
Olendor,blackmoore,974,hunter,marksmanship,24,14,10
Krøsh,blackmoore,967,hunter,marksmanship,130,65,65
Hnut,kazzak,965,hunter,marksmanship,53,22,31
Chassfurax,hyjal,965,hunter,marksmanship,96,39,57
Speedofpain,kazzak,963,hunter,marksmanship,102,45,57
Väärä,stormscale,963,hunter,marksmanship,33,14,19
Коватори,borean-tundra,963,hunter,marksmanship,42,12,30
Сандабар,borean-tundra,962,hunter,marksmanship,65,29,36
Robros,dentarg,961,hunter,marksmanship,28,14,14
Nyxìa,shattered-halls,960,hunter,marksmanship,18,10,8
Imonér,frostmane,960,hunter,marksmanship,18,10,8
Кукито,goldrinn,960,hunter,marksmanship,24,10,14
Квит,blackscar,960,hunter,marksmanship,24,10,14
Cill,ravencrest,959,hunter,marksmanship,18,10,8
Barrybigtoe,tarren-mill,959,hunter,marksmanship,18,10,8
Dregor,nemesis,959,hunter,marksmanship,18,10,8
Sazox,blackrock,959,hunter,marksmanship,24,10,14
Bãbas,sargeras,959,hunter,marksmanship,24,10,14
Ahrtemís,destromath,959,hunter,marksmanship,24,10,14
Metalbaci,sylvanas,958,hunter,marksmanship,18,10,8
Therakal,culte-de-la-rive-noire,958,hunter,marksmanship,18,10,8
Jibolad,stormreaver,958,hunter,marksmanship,72,37,35
Agarez,blackrock,958,hunter,marksmanship,72,35,37
Birgitta,jaedenar,958,hunter,marksmanship,24,10,14
Tyrone,saurfang,958,hunter,marksmanship,33,11,22
Yelanna,argent-dawn,957,hunter,marksmanship,18,10,8
Dasimir,blackrock,957,hunter,marksmanship,24,10,14
Brake,kelthuzad,957,hunter,marksmanship,34,10,24
Thrund,burning-legion,956,hunter,marksmanship,25,14,11
Qiruun,draenor,956,hunter,marksmanship,18,10,8
Shïndh,archimonde,956,hunter,marksmanship,18,10,8
Zulthat,thrall,956,hunter,marksmanship,18,10,8
Multigodx,draenor,956,hunter,marksmanship,24,10,14
Maríschká,amanthul,955,hunter,marksmanship,69,33,36
Johnydep,silvermoon,955,hunter,marksmanship,30,10,20
Rickgrimés,silvermoon,954,hunter,marksmanship,24,10,14
Dúnknóé,nordrassil,953,hunter,marksmanship,18,10,8
Мокку,howling-fjord,953,hunter,marksmanship,33,16,17
Isarnexx,dun-modr,953,hunter,marksmanship,47,22,25
Napa,kazzak,953,hunter,marksmanship,24,10,14
Ahpwall,archimonde,953,hunter,marksmanship,24,10,14
Makaxx,stormscale,952,hunter,marksmanship,30,10,20
Абунай,soulflayer,952,hunter,marksmanship,30,10,20
Deathtrapper,bronzebeard,949,hunter,marksmanship,18,10,8
Lani,talnivarr,949,hunter,marksmanship,19,10,9
Aaryel,outland,948,hunter,marksmanship,18,10,8
Foxhunt,turalyon,947,hunter,marksmanship,32,11,21
Neosmoke,shadowsong,946,hunter,marksmanship,160,69,91
Neuwi,stormreaver,946,hunter,marksmanship,24,10,14
Aureboby,hyjal,946,hunter,marksmanship,36,10,26
Freezyshinkn,blackrock,945,hunter,marksmanship,18,11,7
Bloodfallen,onyxia,943,hunter,marksmanship,38,10,28
Saccä,ysondre,941,hunter,marksmanship,60,26,34
Zicko,argent-dawn,939,hunter,marksmanship,65,29,36
Aspéct,ravencrest,939,hunter,marksmanship,24,10,14
Ayshæ,tarren-mill,937,hunter,marksmanship,41,21,20
Waresfido,nordrassil,935,hunter,marksmanship,44,16,28
Mhood,dun-morogh,931,hunter,marksmanship,56,27,29
Sogoru,dun-modr,927,hunter,marksmanship,69,37,32
Luckyshooter,nethersturm,925,hunter,marksmanship,83,40,43
Гекагека,gordunni,925,hunter,marksmanship,24,10,14
Arkell,los-errantes,924,hunter,marksmanship,30,12,18
Кривоватый,galakrond,923,hunter,marksmanship,19,12,7
Джимуха,soulflayer,922,hunter,marksmanship,48,26,22
Quasar,arakarahm,920,hunter,marksmanship,101,40,61
Thebalrog,korgall,919,hunter,marksmanship,24,10,14
Ratwithgat,argent-dawn,913,hunter,marksmanship,28,10,18
Multishot,dalaran,909,hunter,marksmanship,66,12,54
Honilsom,thunderhorn,907,hunter,marksmanship,61,16,45
Selini,bloodfeather,906,hunter,marksmanship,48,22,26
Zaragattas,aggra-português,905,hunter,marksmanship,29,12,17
Honrø,hyjal,905,hunter,marksmanship,54,21,33
Шумогон,gordunni,903,hunter,marksmanship,66,18,48
Agnõr,chants-éternels,897,hunter,marksmanship,35,18,17
Storphunt,drakthul,897,hunter,marksmanship,23,10,13
Thieuu,twisting-nether,894,hunter,marksmanship,17,10,7
Umani,lightnings-blade,894,hunter,marksmanship,23,10,13
Ранбоу,howling-fjord,893,hunter,marksmanship,121,57,64
Kælan,grim-batol,893,hunter,marksmanship,35,10,25
Rivery,azjolnerub,892,hunter,marksmanship,48,24,24
Vérfarkas,arathor,892,hunter,marksmanship,22,11,11
Deadyeyez,doomhammer,892,hunter,marksmanship,27,12,15
Pulica,the-maelstrom,891,hunter,marksmanship,30,14,16
Gyldain,argent-dawn,890,hunter,marksmanship,119,45,74
Burondeya,twisting-nether,888,hunter,marksmanship,36,16,20
Cilia,suramar,885,hunter,marksmanship,42,13,29
Adventures,darkmoon-faire,881,hunter,marksmanship,18,10,8
Kenshinhu,turalyon,879,hunter,marksmanship,59,27,32
Erdna,khaz-modan,877,hunter,marksmanship,66,33,33
Шикаа,gordunni,876,hunter,marksmanship,23,11,12
Aous,burning-legion,873,hunter,marksmanship,30,11,19
Armoredtiger,grim-batol,870,hunter,marksmanship,110,52,58
Aliyah,blackmoore,867,hunter,marksmanship,66,33,33
Robinho,cthun,867,hunter,marksmanship,24,12,12
Slo,sylvanas,864,hunter,marksmanship,12,9,3
Feelmyfurý,tarren-mill,864,hunter,marksmanship,12,9,3
Mòzetonq,ravencrest,864,hunter,marksmanship,18,9,9
Liquidhunter,quelthalas,864,hunter,marksmanship,18,9,9
Ðõt,ravencrest,864,hunter,marksmanship,18,9,9
Weilerz,drakthul,864,hunter,marksmanship,18,9,9
Denkstah,tarren-mill,864,hunter,marksmanship,18,9,9
Auxsan,outland,864,hunter,marksmanship,21,10,11
Fìnwë,varimathras,863,hunter,marksmanship,12,9,3
Dariusmm,silvermoon,863,hunter,marksmanship,12,9,3
Thugzilla,auchindoun,863,hunter,marksmanship,18,9,9
Gaudio,outland,863,hunter,marksmanship,18,9,9
Какжеплевать,gordunni,862,hunter,marksmanship,12,9,3
Retropunk,ravencrest,862,hunter,marksmanship,18,9,9
Obii,stormscale,862,hunter,marksmanship,18,9,9
Thazur,blackmoore,862,hunter,marksmanship,18,9,9
Chloros,ysondre,862,hunter,marksmanship,18,9,9
Fantus,sylvanas,862,hunter,marksmanship,18,9,9
Grolmgar,malganis,862,hunter,marksmanship,18,9,9
Serpos,cthun,862,hunter,marksmanship,24,9,15
Eilyn,quelthalas,862,hunter,marksmanship,24,9,15
Eppinefrin,silvermoon,861,hunter,marksmanship,46,23,23
Lancer,aggra-português,861,hunter,marksmanship,18,9,9
Bosseleon,blackrock,861,hunter,marksmanship,18,9,9
Qpse,silvermoon,861,hunter,marksmanship,24,9,15
Djbombastic,archimonde,861,hunter,marksmanship,24,9,15
Vandathien,stormrage,861,hunter,marksmanship,24,9,15
Theuzikat,ragnaros,861,hunter,marksmanship,24,9,15
Screewu,twisting-nether,861,hunter,marksmanship,27,9,18
Girithsirion,stormscale,860,hunter,marksmanship,18,9,9
Ggproiettili,pozzo-delleternità,860,hunter,marksmanship,24,9,15
Gødzftw,kazzak,860,hunter,marksmanship,28,9,19
Jalcer,draenor,860,hunter,marksmanship,30,9,21
Warkum,zuljin,859,hunter,marksmanship,18,9,9
Enistee,silvermoon,859,hunter,marksmanship,19,9,10
Ätea,hyjal,858,hunter,marksmanship,30,9,21
Nastytraps,blackrock,857,hunter,marksmanship,18,9,9
Krippie,dun-modr,857,hunter,marksmanship,42,19,23
Prougefate,darksorrow,855,hunter,marksmanship,18,9,9
Qmbonboni,ravencrest,855,hunter,marksmanship,24,9,15
Helioshin,pozzo-delleternità,855,hunter,marksmanship,30,9,21
Odyzeus,drakthul,854,hunter,marksmanship,24,9,15
Aliriana,doomhammer,853,hunter,marksmanship,18,9,9
Baldazr,shadowsong,853,hunter,marksmanship,24,9,15
Targetor,the-maelstrom,852,hunter,marksmanship,19,9,10
Sasi,burning-legion,851,hunter,marksmanship,36,18,18
Petardas,outland,851,hunter,marksmanship,50,23,27
Talanar,tarren-mill,850,hunter,marksmanship,18,9,9
Dreemshoot,stormscale,850,hunter,marksmanship,18,9,9
Лордввт,howling-fjord,850,hunter,marksmanship,48,23,25
Фридор,deathguard,850,hunter,marksmanship,24,10,14
Hunterhouse,draenor,847,hunter,marksmanship,29,9,20
Èrá,blackmoore,844,hunter,marksmanship,23,9,14
Belkane,elune,841,hunter,marksmanship,18,9,9
Nogneteen,chamber-of-aspects,840,hunter,marksmanship,29,11,18
Penelopé,darkmoon-faire,836,hunter,marksmanship,30,9,21
Calea,zirkel-des-cenarius,835,hunter,marksmanship,30,13,17
Куфа,blackscar,831,hunter,marksmanship,20,10,10
Digsholes,ravencrest,828,hunter,marksmanship,17,9,8
Annihllation,twilights-hammer,826,hunter,marksmanship,18,9,9
Eldrilaon,arthas,823,hunter,marksmanship,45,20,25
Grafhunter,antonidas,821,hunter,marksmanship,147,72,75
Rollei,uldum,816,hunter,marksmanship,18,9,9
Pibealistrea,argent-dawn,815,hunter,marksmanship,15,9,6
Lilsnipè,outland,815,hunter,marksmanship,17,9,8
Banshees,sylvanas,815,hunter,marksmanship,18,9,9
Badytriel,wildhammer,815,hunter,marksmanship,68,31,37
Banàna,draenor,815,hunter,marksmanship,23,9,14
Mackiemax,defias-brotherhood,813,hunter,marksmanship,23,9,14
Rockymarciaa,dalaran,808,hunter,marksmanship,27,9,18
Фаффурион,gordunni,807,hunter,marksmanship,25,11,14
Dropthunthun,argent-dawn,805,hunter,marksmanship,33,9,24
Ímpulsion,stormscale,799,hunter,marksmanship,20,9,11
Dontspeakeng,ravencrest,799,hunter,marksmanship,42,12,30
Greel,saurfang,787,hunter,marksmanship,98,42,56
Neiloh,defias-brotherhood,782,hunter,marksmanship,13,9,4
Lumidii,burning-legion,774,hunter,marksmanship,30,11,19
Aadarshh,turalyon,771,hunter,marksmanship,60,26,34
Rockét,malorne,770,hunter,marksmanship,30,9,21
Tenkai,cthun,769,hunter,marksmanship,71,31,40
Küredent,archimonde,768,hunter,marksmanship,12,8,4
Îløvémêld,kazzak,768,hunter,marksmanship,12,8,4
Ormsliskaren,shattered-hand,768,hunter,marksmanship,12,8,4
Luzivar,malganis,768,hunter,marksmanship,12,8,4
Srédder,defias-brotherhood,768,hunter,marksmanship,12,8,4
Carre,twilights-hammer,768,hunter,marksmanship,18,8,10
Celesticx,chamber-of-aspects,768,hunter,marksmanship,18,8,10
Wolfud,pozzo-delleternità,768,hunter,marksmanship,18,8,10
Palav,outland,768,hunter,marksmanship,18,8,10
Deviaz,blackrock,768,hunter,marksmanship,24,8,16
Nétharian,tarren-mill,767,hunter,marksmanship,12,8,4
Mareyn,argent-dawn,767,hunter,marksmanship,12,8,4
Prokh,twisting-nether,767,hunter,marksmanship,12,8,4
Sylverain,silvermoon,767,hunter,marksmanship,12,8,4
Ðarrk,tarren-mill,767,hunter,marksmanship,12,8,4
Ntw,aggra-português,767,hunter,marksmanship,15,8,7
Bicepflex,ragnaros,767,hunter,marksmanship,18,8,10
Bomshot,frostmane,767,hunter,marksmanship,18,8,10
Зуллден,soulflayer,767,hunter,marksmanship,18,8,10
Progh,ragnaros,767,hunter,marksmanship,18,8,10
Starborne,draenor,767,hunter,marksmanship,18,8,10
Halfogre,draenor,767,hunter,marksmanship,18,8,10
Jettraichu,aggra-português,767,hunter,marksmanship,18,8,10
Иттириса,gordunni,767,hunter,marksmanship,18,8,10
Lathisa,zenedar,767,hunter,marksmanship,18,8,10
Galeán,kazzak,767,hunter,marksmanship,18,8,10
Raegal,sanguino,767,hunter,marksmanship,18,8,10
Гефесте,gordunni,767,hunter,marksmanship,18,8,10
Рэкрэйван,gordunni,767,hunter,marksmanship,18,8,10
Krooghan,outland,767,hunter,marksmanship,18,8,10
Lourse,ysondre,767,hunter,marksmanship,18,8,10
Обнимуха,soulflayer,767,hunter,marksmanship,24,8,16
Иоссифсталин,soulflayer,767,hunter,marksmanship,24,8,16
Nelftard,agamaggan,766,hunter,marksmanship,12,8,4
Nyxor,kazzak,766,hunter,marksmanship,18,8,10
Aenina,kazzak,766,hunter,marksmanship,18,8,10
Shoót,blackmoore,766,hunter,marksmanship,18,8,10
Sohunter,twisting-nether,766,hunter,marksmanship,22,8,14
Мафчик,razuvious,766,hunter,marksmanship,24,8,16
Warpo,ysondre,766,hunter,marksmanship,24,8,16
Galadris,kirin-tor,765,hunter,marksmanship,18,8,10
Guerrilla,stormscale,765,hunter,marksmanship,24,8,16
Ixôn,tarren-mill,765,hunter,marksmanship,24,8,16
Slayné,silvermoon,764,hunter,marksmanship,18,8,10
Aourön,archimonde,764,hunter,marksmanship,18,8,10
Oneeyedjoe,the-maelstrom,764,hunter,marksmanship,18,8,10
Jonsy,blackrock,764,hunter,marksmanship,18,8,10
Tock,terenas,763,hunter,marksmanship,12,8,4
Тайэре,blackscar,763,hunter,marksmanship,12,8,4
Shibai,outland,762,hunter,marksmanship,18,8,10
Лордорион,gordunni,762,hunter,marksmanship,59,25,34
Cøbrâ,hyjal,761,hunter,marksmanship,16,8,8
Galintzor,area-52,761,hunter,marksmanship,18,8,10
Nawwaf,tarren-mill,761,hunter,marksmanship,29,8,21
Wetto,ravencrest,759,hunter,marksmanship,18,8,10
Lynx,chogall,759,hunter,marksmanship,18,8,10
Biggie,azshara,759,hunter,marksmanship,24,8,16
Turkos,krasus,756,hunter,marksmanship,12,8,4
Skynner,blackrock,755,hunter,marksmanship,18,8,10
Mimiop,hyjal,751,hunter,marksmanship,108,49,59
Banninymph,culte-de-la-rive-noire,751,hunter,marksmanship,80,31,49
Kichassequi,khaz-modan,750,hunter,marksmanship,29,10,19
Kratozs,outland,750,hunter,marksmanship,25,8,17
Bloodshot,nethersturm,749,hunter,marksmanship,24,8,16
Kartouche,culte-de-la-rive-noire,748,hunter,marksmanship,79,34,45
Hellriderr,silvermoon,748,hunter,marksmanship,81,33,48
Спелла,goldrinn,748,hunter,marksmanship,29,8,21
Erestor,hellfire,747,hunter,marksmanship,12,8,4
Ønur,twisting-nether,747,hunter,marksmanship,18,8,10
Leonhart,sanguino,735,hunter,marksmanship,22,8,14
Mirselle,drakthul,733,hunter,marksmanship,26,10,16
Leontus,stormscale,731,hunter,marksmanship,16,8,8
Prodoomer,twisting-nether,725,hunter,marksmanship,24,8,16
Deathøfrats,ravencrest,719,hunter,marksmanship,11,8,3
Gen,twisting-nether,719,hunter,marksmanship,17,8,9
Hantdown,defias-brotherhood,715,hunter,marksmanship,17,8,9
Ryhope,silvermoon,714,hunter,marksmanship,11,8,3
Чизано,deathguard,710,hunter,marksmanship,18,9,9
Загзигзаг,soulflayer,710,hunter,marksmanship,21,9,12
Jägarenen,kazzak,707,hunter,marksmanship,22,11,11
Ролингуд,galakrond,705,hunter,marksmanship,18,9,9
Sauer,stormreaver,704,hunter,marksmanship,24,8,16
Supertdk,quelthalas,703,hunter,marksmanship,20,8,12
Huntseeker,draenor,702,hunter,marksmanship,20,8,12
Grantafla,silvermoon,692,hunter,marksmanship,44,8,36
Tuskah,stormreaver,687,hunter,marksmanship,19,8,11
Bawzé,archimonde,672,hunter,marksmanship,12,7,5
Killershadow,twisting-nether,672,hunter,marksmanship,12,7,5
Аабстрактная,gordunni,672,hunter,marksmanship,12,7,5
Avaren,archimonde,672,hunter,marksmanship,12,7,5
Meeturmakerr,ravencrest,672,hunter,marksmanship,12,7,5
Zynga,sylvanas,672,hunter,marksmanship,12,7,5
Muxilina,ravencrest,672,hunter,marksmanship,12,7,5
Yoey,tarren-mill,672,hunter,marksmanship,12,7,5
Huntingash,twisting-nether,672,hunter,marksmanship,12,7,5
Kygoshi,argent-dawn,672,hunter,marksmanship,12,7,5
Bigbowyahurd,draenor,672,hunter,marksmanship,12,7,5
Агелетка,gordunni,672,hunter,marksmanship,12,7,5
Lilsnuss,outland,672,hunter,marksmanship,12,7,5
Brubeck,terokkar,672,hunter,marksmanship,12,7,5
Хвоостт,gordunni,672,hunter,marksmanship,12,7,5
Eliune,silvermoon,672,hunter,marksmanship,12,7,5
Fluttershy,terokkar,672,hunter,marksmanship,12,7,5
Veñom,stormscale,672,hunter,marksmanship,12,7,5
Dtq,silvermoon,672,hunter,marksmanship,12,7,5
Vrikenh,tarren-mill,672,hunter,marksmanship,12,7,5
Vracarx,silvermoon,672,hunter,marksmanship,12,7,5
Джэймсхант,gordunni,672,hunter,marksmanship,12,7,5
Píkant,silvermoon,672,hunter,marksmanship,12,7,5
Alfacera,steamwheedle-cartel,672,hunter,marksmanship,12,7,5
Elonmask,argent-dawn,672,hunter,marksmanship,12,7,5
Monnee,outland,672,hunter,marksmanship,12,7,5
Merquryh,ravencrest,672,hunter,marksmanship,12,7,5
Найтхантишка,gordunni,672,hunter,marksmanship,12,7,5
Trapeure,archimonde,672,hunter,marksmanship,13,7,6
Scartet,blackmoore,672,hunter,marksmanship,18,7,11
Bnji,hyjal,672,hunter,marksmanship,18,7,11
Shockzzyyh,ravencrest,672,hunter,marksmanship,18,7,11
Джарвиз,soulflayer,672,hunter,marksmanship,18,7,11
Doghxnter,ravencrest,672,hunter,marksmanship,18,7,11
Трольболь,eversong,672,hunter,marksmanship,18,7,11
Påtrîckbátém,ravencrest,672,hunter,marksmanship,18,7,11
Землепух,howling-fjord,672,hunter,marksmanship,18,7,11
Онкьяр,gordunni,672,hunter,marksmanship,24,7,17
Piksî,kazzak,672,hunter,marksmanship,24,7,17
Moroezxoxo,ravencrest,672,hunter,marksmanship,24,7,17
Darksmoky,forscherliga,672,hunter,marksmanship,24,7,17
Hugø,twisting-nether,672,hunter,marksmanship,24,7,17
Griffithstew,blackmoore,672,hunter,marksmanship,24,7,17
Недоношенная,howling-fjord,671,hunter,marksmanship,12,7,5
Хантероо,gordunni,671,hunter,marksmanship,12,7,5
Jonayhunter,dun-modr,671,hunter,marksmanship,12,7,5
Maknamara,tarren-mill,671,hunter,marksmanship,12,7,5
Халикер,soulflayer,671,hunter,marksmanship,12,7,5
Полития,azuregos,671,hunter,marksmanship,15,8,7
Jomerin,thrall,671,hunter,marksmanship,18,7,11
Ashrak,frostmourne,671,hunter,marksmanship,18,7,11
Hashaya,hyjal,671,hunter,marksmanship,18,7,11
Lorthymar,ravenholdt,671,hunter,marksmanship,18,7,11
Snaptrap,eredar,671,hunter,marksmanship,18,7,11
Svèntratore,nemesis,671,hunter,marksmanship,18,7,11
Majuli,stormrage,671,hunter,marksmanship,18,7,11
Hawkeyé,forscherliga,671,hunter,marksmanship,18,7,11
Bobshmurda,defias-brotherhood,671,hunter,marksmanship,18,7,11
Thengill,draenor,671,hunter,marksmanship,18,7,11
Exthaza,drakthul,671,hunter,marksmanship,18,7,11
Famex,blackmoore,671,hunter,marksmanship,18,7,11
Smiren,ragnaros,671,hunter,marksmanship,18,7,11
Ooneshott,outland,671,hunter,marksmanship,24,7,17
Pôts,blackrock,671,hunter,marksmanship,24,7,17
Opamortis,karazhan,671,hunter,marksmanship,24,7,17
Sjufemman,ravencrest,671,hunter,marksmanship,24,7,17
Fenomhunt,silvermoon,671,hunter,marksmanship,24,7,17
Blueredfox,ravencrest,671,hunter,marksmanship,24,7,17
Ceres,kaelthas,671,hunter,marksmanship,24,7,17
Pewpewshotz,stormscale,670,hunter,marksmanship,12,7,5
Cheesychees,sylvanas,670,hunter,marksmanship,12,7,5
Yip,twisting-nether,670,hunter,marksmanship,18,7,11
Anthélià,antonidas,670,hunter,marksmanship,18,7,11
Suburra,stormscale,670,hunter,marksmanship,18,7,11
Okumo,the-maelstrom,670,hunter,marksmanship,18,7,11
Spêctrâ,sylvanas,670,hunter,marksmanship,18,7,11
Querro,azshara,670,hunter,marksmanship,24,7,17
Rubbler,ravencrest,670,hunter,marksmanship,24,7,17
Dahunter,blackmoore,669,hunter,marksmanship,12,7,5
Huntbegin,burning-legion,669,hunter,marksmanship,12,7,5
Kaudza,archimonde,669,hunter,marksmanship,18,7,11
Aggyaceshot,silvermoon,669,hunter,marksmanship,18,7,11
Arkhantos,anetheron,669,hunter,marksmanship,21,8,13
Marudô,aegwynn,669,hunter,marksmanship,24,7,17
Naregar,draenor,669,hunter,marksmanship,24,7,17
Berk,kragjin,669,hunter,marksmanship,24,7,17
Rayzør,eitrigg,668,hunter,marksmanship,18,7,11
Wishmeweed,kazzak,668,hunter,marksmanship,18,7,11
Lunalai,antonidas,668,hunter,marksmanship,18,7,11
Jondone,silvermoon,668,hunter,marksmanship,36,7,29
Nevarline,twisting-nether,665,hunter,marksmanship,12,7,5
Aleshanee,anetheron,664,hunter,marksmanship,18,7,11
Towknee,tarren-mill,663,hunter,marksmanship,12,7,5
Vjell,blackhand,663,hunter,marksmanship,18,7,11
Halfstone,frostmane,663,hunter,marksmanship,30,7,23
Eilaa,ravencrest,662,hunter,marksmanship,18,7,11
Schaaxx,archimonde,662,hunter,marksmanship,18,7,11
Fernetcola,los-errantes,661,hunter,marksmanship,12,7,5
Крошкамэг,eversong,661,hunter,marksmanship,19,8,11
Arkman,malganis,660,hunter,marksmanship,30,7,23
Blattfeder,blackmoore,658,hunter,marksmanship,18,7,11
Shokre,silvermoon,657,hunter,marksmanship,12,7,5
Bulhumt,draenor,657,hunter,marksmanship,16,8,8
Borac,magtheridon,657,hunter,marksmanship,30,7,23
Miisakaa,antonidas,656,hunter,marksmanship,18,7,11
Amogustroll,burning-blade,652,hunter,marksmanship,24,10,14
Есселин,thermaplugg,650,hunter,marksmanship,18,7,11
Fylealaes,ravencrest,639,hunter,marksmanship,17,7,10
Пушкабомби,soulflayer,636,hunter,marksmanship,27,9,18
Механямка,gordunni,624,hunter,marksmanship,21,7,14
Sloe,sylvanas,623,hunter,marksmanship,17,7,10
Элфй,gordunni,623,hunter,marksmanship,21,7,14
Kyliun,frostmane,620,hunter,marksmanship,17,7,10
Legöläs,tarren-mill,617,hunter,marksmanship,17,7,10
Selvele,hyjal,617,hunter,marksmanship,21,8,13
Trachunt,twisting-nether,607,hunter,marksmanship,11,7,4
Мюльфинштейн,howling-fjord,607,hunter,marksmanship,23,7,16
Wîldhunt,burning-legion,607,hunter,marksmanship,25,7,18
Саэсантессис,howling-fjord,601,hunter,marksmanship,16,7,9
Connyrövöga,draenor,576,hunter,marksmanship,6,6,0
Dugini,ravencrest,576,hunter,marksmanship,12,6,6
Самоанец,gordunni,576,hunter,marksmanship,12,6,6
Sketana,silvermoon,576,hunter,marksmanship,12,6,6
Greg,defias-brotherhood,576,hunter,marksmanship,12,6,6
Destynarîa,illidan,576,hunter,marksmanship,12,6,6
Madjia,ravencrest,576,hunter,marksmanship,12,6,6
Myriadx,sylvanas,576,hunter,marksmanship,12,6,6
Shína,argent-dawn,576,hunter,marksmanship,12,6,6
Инкризшот,gordunni,576,hunter,marksmanship,12,6,6
Zhao,zenedar,576,hunter,marksmanship,12,6,6
Dolwen,argent-dawn,576,hunter,marksmanship,12,6,6
Sqedihunter,silvermoon,576,hunter,marksmanship,12,6,6
Grandiosity,tarren-mill,576,hunter,marksmanship,12,6,6
Джинксан,blackscar,576,hunter,marksmanship,12,6,6
Vorsia,tarren-mill,576,hunter,marksmanship,12,6,6
Kasperhawser,silvermoon,576,hunter,marksmanship,12,6,6
Артуша,booty-bay,576,hunter,marksmanship,12,6,6
Pantero,kazzak,576,hunter,marksmanship,12,6,6
Adefthunt,kazzak,576,hunter,marksmanship,12,6,6
Rakeesh,hyjal,576,hunter,marksmanship,12,6,6
Юките,soulflayer,576,hunter,marksmanship,12,6,6
Hunlin,kazzak,576,hunter,marksmanship,12,6,6
Колякилшот,gordunni,576,hunter,marksmanship,12,6,6
Stamzer,drakthul,576,hunter,marksmanship,12,6,6
Кимчик,borean-tundra,576,hunter,marksmanship,12,6,6
Abaforth,bronze-dragonflight,576,hunter,marksmanship,12,6,6
Borbotir,silvermoon,576,hunter,marksmanship,12,6,6
Scrubbi,destromath,576,hunter,marksmanship,12,6,6
Гунныч,grom,576,hunter,marksmanship,12,6,6
Freexkite,aegwynn,576,hunter,marksmanship,14,6,8
Antisniper,kazzak,576,hunter,marksmanship,17,6,11
Ðayla,nethersturm,576,hunter,marksmanship,18,6,12
Instinctx,agamaggan,576,hunter,marksmanship,18,6,12
Tomli,nemesis,576,hunter,marksmanship,18,6,12
Ластшотик,gordunni,576,hunter,marksmanship,18,6,12
Такувами,gordunni,576,hunter,marksmanship,18,6,12
Jinxpeasant,twisting-nether,576,hunter,marksmanship,18,6,12
Bloodymarìe,kelthuzad,576,hunter,marksmanship,18,6,12
Funkemarie,blackmoore,576,hunter,marksmanship,18,6,12
Oobe,hyjal,576,hunter,marksmanship,18,6,12
Somethíngmad,stormscale,576,hunter,marksmanship,24,6,18
Spacenøub,archimonde,576,hunter,marksmanship,24,6,18
Кэрнел,gordunni,576,hunter,marksmanship,24,6,18
Тохадиско,gordunni,575,hunter,marksmanship,6,6,0
Memehunter,aegwynn,575,hunter,marksmanship,6,6,0
Earlyspring,ragnaros,575,hunter,marksmanship,12,6,6
Elladiel,blackmoore,575,hunter,marksmanship,12,6,6
Tolkienn,archimonde,575,hunter,marksmanship,12,6,6
Xeragon,frostwolf,575,hunter,marksmanship,12,6,6
Stralthir,argent-dawn,575,hunter,marksmanship,12,6,6
Domsín,ravencrest,575,hunter,marksmanship,12,6,6
Squidy,archimonde,575,hunter,marksmanship,12,6,6
Maeba,shendralar,575,hunter,marksmanship,12,6,6
Manatodamoon,aerie-peak,575,hunter,marksmanship,12,6,6
Пирс,eversong,575,hunter,marksmanship,12,6,6
Dirtydolores,thrall,575,hunter,marksmanship,12,6,6
Twinkhunter,pozzo-delleternità,575,hunter,marksmanship,12,6,6
Ina,tarren-mill,575,hunter,marksmanship,12,6,6
Evelhunter,kargath,575,hunter,marksmanship,12,6,6
Donpromìlló,blackhand,575,hunter,marksmanship,15,7,8
Gxx,burning-blade,575,hunter,marksmanship,18,6,12
Bourrinax,kazzak,575,hunter,marksmanship,18,6,12
Deahtviper,blackmoore,575,hunter,marksmanship,18,6,12
Frilance,dun-modr,575,hunter,marksmanship,18,6,12
Bawwykwipkee,ragnaros,575,hunter,marksmanship,18,6,12
Переферия,galakrond,575,hunter,marksmanship,18,6,12
Dritzdòurden,dun-modr,575,hunter,marksmanship,18,6,12
Elvenian,twisting-nether,575,hunter,marksmanship,18,6,12
Ozaï,eredar,575,hunter,marksmanship,18,6,12
Spineshot,thrall,575,hunter,marksmanship,24,6,18
Løløsifredo,ysondre,574,hunter,marksmanship,12,6,6
Longshot,burning-legion,574,hunter,marksmanship,12,6,6
Aimeddead,doomhammer,574,hunter,marksmanship,12,6,6
Egy,the-maelstrom,574,hunter,marksmanship,12,6,6
Gaili,ravenholdt,574,hunter,marksmanship,18,6,12
Djurslavaren,draenor,574,hunter,marksmanship,18,6,12
Apolix,ragnaros,573,hunter,marksmanship,24,6,18
Dannydynx,burning-legion,573,hunter,marksmanship,24,6,18
Hitscan,ravencrest,572,hunter,marksmanship,12,6,6
Анариэлль,gordunni,572,hunter,marksmanship,12,6,6
Kveyther,silvermoon,572,hunter,marksmanship,12,6,6
Orcgun,mugthol,572,hunter,marksmanship,18,6,12
Koreic,silvermoon,572,hunter,marksmanship,24,6,18
Cronox,sporeggar,571,hunter,marksmanship,12,6,6
Ginterjudo,burning-legion,571,hunter,marksmanship,12,6,6
Algar,tarren-mill,570,hunter,marksmanship,12,6,6
Dødshøt,twisting-nether,569,hunter,marksmanship,18,6,12
Deadlymayhem,dragonblight,568,hunter,marksmanship,18,6,12
Denixxia,bronzebeard,567,hunter,marksmanship,15,7,8
Jilkhar,twisting-nether,565,hunter,marksmanship,12,6,6
Mooj,malganis,559,hunter,marksmanship,11,6,5
Антисерт,ashenvale,553,hunter,marksmanship,30,9,21
Hokro,thrall,542,hunter,marksmanship,14,6,8
Gigashot,nemesis,528,hunter,marksmanship,9,7,2
Senelor,dalaran,514,hunter,marksmanship,27,7,20
Novifløw,archimonde,512,hunter,marksmanship,10,6,4
Keritos,outland,512,hunter,marksmanship,16,6,10
Emriye,antonidas,510,hunter,marksmanship,14,6,8
Фэйсконтроль,azuregos,506,hunter,marksmanship,20,6,14
Hvaskøduenme,stormscale,480,hunter,marksmanship,6,5,1
Cernunnos,auchindoun,480,hunter,marksmanship,6,5,1
Trapzila,aggra-português,480,hunter,marksmanship,6,5,1
Bredpew,kazzak,480,hunter,marksmanship,6,5,1
Хорпяр,soulflayer,480,hunter,marksmanship,6,5,1
Deepcleaning,kazzak,480,hunter,marksmanship,6,5,1
Soloist,sylvanas,480,hunter,marksmanship,6,5,1
Toptìérgoðx,drakthul,480,hunter,marksmanship,6,5,1
Avyo,tichondrius,480,hunter,marksmanship,6,5,1
Sulom,tarren-mill,480,hunter,marksmanship,6,5,1
Graniz,archimonde,480,hunter,marksmanship,6,5,1
Lîs,kargath,480,hunter,marksmanship,6,5,1
Арктиум,gordunni,480,hunter,marksmanship,6,5,1
Mckie,chromaggus,480,hunter,marksmanship,6,5,1
Torgnolgamin,archimonde,480,hunter,marksmanship,6,5,1
Wolder,burning-legion,480,hunter,marksmanship,6,5,1
Eveo,antonidas,480,hunter,marksmanship,6,5,1
Athará,aegwynn,480,hunter,marksmanship,6,5,1
Mecamoot,drekthar,480,hunter,marksmanship,6,5,1
Akkixz,antonidas,480,hunter,marksmanship,6,5,1
Hawkinstinct,tarren-mill,480,hunter,marksmanship,6,5,1
Сальверди,gordunni,480,hunter,marksmanship,6,5,1
Carkaroth,uldum,480,hunter,marksmanship,12,5,7
Medûse,stormscale,480,hunter,marksmanship,12,5,7
Denaik,ravencrest,480,hunter,marksmanship,12,5,7
Уайлен,gordunni,480,hunter,marksmanship,12,5,7
Lambtron,tarren-mill,480,hunter,marksmanship,12,5,7
Присуньмне,galakrond,480,hunter,marksmanship,12,5,7
Яроняютрапу,gordunni,480,hunter,marksmanship,12,5,7
Adhdbad,tarren-mill,480,hunter,marksmanship,12,5,7
Ghøst,madmortem,480,hunter,marksmanship,12,5,7
Yerî,die-aldor,480,hunter,marksmanship,12,5,7
Peremptør,alleria,480,hunter,marksmanship,12,5,7
Deathmarks,blackrock,480,hunter,marksmanship,12,5,7
Yoggys,outland,480,hunter,marksmanship,12,5,7
Kundra,ravencrest,480,hunter,marksmanship,12,5,7
Givz,outland,480,hunter,marksmanship,12,5,7
Huntardös,outland,480,hunter,marksmanship,12,5,7
Mazhug,stormreaver,480,hunter,marksmanship,12,5,7
Carrilynn,blackrock,480,hunter,marksmanship,12,5,7
Sloee,sylvanas,480,hunter,marksmanship,12,5,7
Mercoman,bronze-dragonflight,480,hunter,marksmanship,12,5,7
Kikilirilivi,ysondre,480,hunter,marksmanship,12,5,7
Spitchy,kazzak,480,hunter,marksmanship,12,5,7
Níghtshot,twisting-nether,480,hunter,marksmanship,12,5,7
Agbaba,twisting-nether,480,hunter,marksmanship,12,5,7
Sissnik,thrall,480,hunter,marksmanship,12,5,7
Thúnar,aegwynn,480,hunter,marksmanship,12,5,7
Chrysantes,forscherliga,480,hunter,marksmanship,12,5,7
Geete,kazzak,480,hunter,marksmanship,12,5,7
Кайсго,gordunni,480,hunter,marksmanship,12,5,7
Хипдо,soulflayer,480,hunter,marksmanship,12,5,7
Msir,kazzak,480,hunter,marksmanship,12,5,7
Masthuhn,blackmoore,480,hunter,marksmanship,12,5,7
Mahuntah,drakthul,480,hunter,marksmanship,12,5,7
Nothrokh,auchindoun,480,hunter,marksmanship,12,5,7
Sashobg,aerie-peak,480,hunter,marksmanship,12,5,7
Bigramy,sanguino,480,hunter,marksmanship,12,5,7
Gakco,twisting-nether,480,hunter,marksmanship,12,5,7
Ðæom,outland,480,hunter,marksmanship,12,5,7
Sodavand,silvermoon,480,hunter,marksmanship,12,5,7
Olsenas,silvermoon,480,hunter,marksmanship,12,5,7
Хароко,gordunni,480,hunter,marksmanship,12,5,7
Djøgi,archimonde,480,hunter,marksmanship,12,5,7
Semda,blackmoore,480,hunter,marksmanship,12,5,7
Galou,ghostlands,480,hunter,marksmanship,12,5,7
Meghanmarkle,tarren-mill,480,hunter,marksmanship,13,5,8
Draknik,nemesis,480,hunter,marksmanship,16,6,10
Booskihunter,burning-legion,480,hunter,marksmanship,18,5,13
Hÿyrøk,ysondre,480,hunter,marksmanship,18,5,13
Jakis,silvermoon,480,hunter,marksmanship,18,5,13
Rêxxer,blackmoore,480,hunter,marksmanship,18,5,13
Deathwallker,silvermoon,480,hunter,marksmanship,18,5,13
Тэуреэль,gordunni,480,hunter,marksmanship,18,5,13
Tetiscaza,sanguino,480,hunter,marksmanship,24,5,19
Nathah,burning-legion,479,hunter,marksmanship,6,5,1
Золларис,deathguard,479,hunter,marksmanship,6,5,1
Asâya,blackmoore,479,hunter,marksmanship,6,5,1
Arawnork,stormreaver,479,hunter,marksmanship,6,5,1
Marleyson,uldum,479,hunter,marksmanship,7,5,2
Typex,defias-brotherhood,479,hunter,marksmanship,12,5,7
Shogos,aggra-português,479,hunter,marksmanship,12,5,7
Xeqter,ravencrest,479,hunter,marksmanship,12,5,7
Razzét,stormscale,479,hunter,marksmanship,12,5,7
Живадер,ashenvale,479,hunter,marksmanship,12,5,7
Ninjaskillss,ravencrest,479,hunter,marksmanship,12,5,7
Hapocalypt,pozzo-delleternità,479,hunter,marksmanship,12,5,7
Turtíe,argent-dawn,479,hunter,marksmanship,12,5,7
Grimazg,chogall,479,hunter,marksmanship,12,5,7
Zäyk,zuljin,479,hunter,marksmanship,12,5,7
Whereismypet,azjolnerub,479,hunter,marksmanship,12,5,7
Rasttrim,dun-modr,479,hunter,marksmanship,13,5,8
Attileus,ragnaros,479,hunter,marksmanship,15,5,10
Secrety,doomhammer,479,hunter,marksmanship,17,5,12
Камсшотт,gordunni,479,hunter,marksmanship,18,5,13
Cazaó,sanguino,479,hunter,marksmanship,18,5,13
Зиргус,gordunni,479,hunter,marksmanship,18,5,13
Smígol,stormreaver,479,hunter,marksmanship,18,5,13
Gêorge,teldrassil,479,hunter,marksmanship,18,5,13
Hentt,burning-legion,479,hunter,marksmanship,18,5,13
Гангстита,gordunni,479,hunter,marksmanship,18,5,13
Nígruløl,arthas,479,hunter,marksmanship,18,5,13
Fugerlynipps,stormrage,479,hunter,marksmanship,24,5,19
Bæbåk,frostmane,478,hunter,marksmanship,6,5,1
Nightarrows,ravencrest,478,hunter,marksmanship,6,5,1
Kalzifahr,ysera,478,hunter,marksmanship,12,5,7
Cybertruck,cthun,478,hunter,marksmanship,12,5,7
Лукорды,gordunni,478,hunter,marksmanship,12,5,7
Sodomaizer,turalyon,478,hunter,marksmanship,18,5,13
Legath,emerald-dream,477,hunter,marksmanship,12,5,7
Pylos,azshara,477,hunter,marksmanship,12,5,7
Titanx,sylvanas,477,hunter,marksmanship,12,5,7
Bijuelfe,draenor,477,hunter,marksmanship,12,5,7
Zanrawo,blutkessel,476,hunter,marksmanship,12,5,7
Klittcrit,bloodhoof,475,hunter,marksmanship,12,5,7
Sixty,rajaxx,474,hunter,marksmanship,18,5,13
Skapig,frostwolf,473,hunter,marksmanship,18,5,13
Karmios,drakthul,473,hunter,marksmanship,18,5,13
Thebaddy,auchindoun,473,hunter,marksmanship,18,5,13
Juki,pozzo-delleternità,472,hunter,marksmanship,12,5,7
Sylasteria,twisting-nether,467,hunter,marksmanship,27,8,19
Brønkø,azshara,463,hunter,marksmanship,17,5,12
Rdevill,outland,448,hunter,marksmanship,16,5,11
Kaldine,argent-dawn,448,hunter,marksmanship,22,5,17
Шэнчи,greymane,447,hunter,marksmanship,11,6,5
Littlenugget,ravencrest,447,hunter,marksmanship,11,5,6
Haleth,uldum,447,hunter,marksmanship,17,5,12
Zwerglogan,amanthul,443,hunter,marksmanship,23,5,18
Rea,archimonde,442,hunter,marksmanship,22,5,17
Thedanchodak,stormrage,440,hunter,marksmanship,11,5,6
Grokis,blackhand,437,hunter,marksmanship,17,5,12
Cais,drakthul,426,hunter,marksmanship,18,6,12
Neremyn,sylvanas,426,hunter,marksmanship,21,6,15
Bâng,zuljin,424,hunter,marksmanship,19,6,13
Koltyn,culte-de-la-rive-noire,424,hunter,marksmanship,24,6,18
Obata,arathor,423,hunter,marksmanship,15,6,9
Sleepyarrow,chogall,420,hunter,marksmanship,12,6,6
Artaeos,lordaeron,416,hunter,marksmanship,16,5,11
Geruga,thrall,415,hunter,marksmanship,8,5,3
Kowaki,blackmoore,415,hunter,marksmanship,10,5,5
Thðr,elune,415,hunter,marksmanship,11,5,6
Gotha,festung-der-stürme,414,hunter,marksmanship,14,5,9
Skytraped,hyjal,384,hunter,marksmanship,6,4,2
Дарцетос,greymane,384,hunter,marksmanship,6,4,2
Snipinx,draenor,384,hunter,marksmanship,6,4,2
Ðøper,hyjal,384,hunter,marksmanship,6,4,2
Kelnax,draenor,384,hunter,marksmanship,6,4,2
Zoêva,blackhand,384,hunter,marksmanship,6,4,2
Shîaa,draenor,384,hunter,marksmanship,6,4,2
Штейн,greymane,384,hunter,marksmanship,6,4,2
Beeper,twisting-nether,384,hunter,marksmanship,6,4,2
Nßatrapper,outland,384,hunter,marksmanship,6,4,2
Fiercemoon,outland,384,hunter,marksmanship,6,4,2
Gernoqz,frostwolf,384,hunter,marksmanship,6,4,2
Thain,stormscale,384,hunter,marksmanship,6,4,2
Bärlibupi,tarren-mill,384,hunter,marksmanship,6,4,2
Roke,malganis,384,hunter,marksmanship,6,4,2
Томбомбадил,howling-fjord,384,hunter,marksmanship,6,4,2
Kiritõ,frostwolf,384,hunter,marksmanship,6,4,2
Flowless,sunstrider,384,hunter,marksmanship,6,4,2
Переснежник,howling-fjord,384,hunter,marksmanship,6,4,2
Стёпкахант,gordunni,384,hunter,marksmanship,6,4,2
Sovanz,aggra-português,384,hunter,marksmanship,6,4,2
Doloresman,tarren-mill,384,hunter,marksmanship,6,4,2
Darllene,kazzak,384,hunter,marksmanship,6,4,2
Zøzø,stormscale,384,hunter,marksmanship,6,4,2
Deadhot,dun-morogh,384,hunter,marksmanship,6,4,2
Сацыви,gordunni,384,hunter,marksmanship,6,4,2
Hntudwn,azshara,384,hunter,marksmanship,6,4,2
Niffe,stormscale,384,hunter,marksmanship,6,4,2
Mcloppe,ravencrest,384,hunter,marksmanship,6,4,2
Burninghunt,ravencrest,384,hunter,marksmanship,6,4,2
Junqué,sanguino,384,hunter,marksmanship,6,4,2
Spyte,twisting-nether,384,hunter,marksmanship,6,4,2
Vantagepoint,arathor,384,hunter,marksmanship,6,4,2
Леегголасс,fordragon,384,hunter,marksmanship,6,4,2
Haranti,dun-modr,384,hunter,marksmanship,6,4,2
Kovx,turalyon,384,hunter,marksmanship,6,4,2
Comegetme,auchindoun,384,hunter,marksmanship,6,4,2
Rymous,nemesis,384,hunter,marksmanship,6,4,2
Idtrapthat,nagrand,384,hunter,marksmanship,6,4,2
Benbutton,antonidas,384,hunter,marksmanship,6,4,2
Síden,sylvanas,384,hunter,marksmanship,6,4,2
Yuptae,alonsus,384,hunter,marksmanship,6,4,2
Unßørn,archimonde,384,hunter,marksmanship,6,4,2
Джеймсфранко,blackscar,384,hunter,marksmanship,6,4,2
Likandria,blackmoore,384,hunter,marksmanship,6,4,2
Änglatrumpet,stormreaver,384,hunter,marksmanship,6,4,2
Velen,pozzo-delleternità,384,hunter,marksmanship,6,4,2
Тумбаюмб,howling-fjord,384,hunter,marksmanship,6,4,2
Чэрпак,gordunni,384,hunter,marksmanship,6,4,2
Kragán,silvermoon,384,hunter,marksmanship,6,4,2
Nöbody,khaz-modan,384,hunter,marksmanship,6,4,2
Yuichiro,senjin,384,hunter,marksmanship,6,4,2
Myoui,silvermoon,384,hunter,marksmanship,6,4,2
Éclipze,outland,384,hunter,marksmanship,6,4,2
Natheldir,silvermoon,384,hunter,marksmanship,6,4,2
Rèxxar,arygos,384,hunter,marksmanship,6,4,2
Pergola,spinebreaker,384,hunter,marksmanship,6,4,2
Grøøhx,rashgarroth,384,hunter,marksmanship,6,4,2
Intoxd,sylvanas,384,hunter,marksmanship,6,4,2
Goreac,cthun,384,hunter,marksmanship,9,5,4
Áv,outland,384,hunter,marksmanship,14,5,9
Hakamael,kirin-tor,384,hunter,marksmanship,12,4,8
Cowmelk,stormscale,384,hunter,marksmanship,12,4,8
Linguinhas,aggra-português,384,hunter,marksmanship,12,4,8
Melvinn,shattered-hand,384,hunter,marksmanship,12,4,8
Skyttelaj,stormscale,384,hunter,marksmanship,12,4,8
Scárzz,silvermoon,384,hunter,marksmanship,12,4,8
Diqtore,aszune,384,hunter,marksmanship,12,4,8
Mexine,dun-morogh,384,hunter,marksmanship,12,4,8
Oròg,hyjal,384,hunter,marksmanship,12,4,8
Sharún,sylvanas,384,hunter,marksmanship,12,4,8
Aimedbot,azjolnerub,384,hunter,marksmanship,12,4,8
Rapid,sylvanas,384,hunter,marksmanship,12,4,8
Hreo,twisting-nether,384,hunter,marksmanship,12,4,8
Bugspitz,outland,384,hunter,marksmanship,12,4,8
Shadowxx,silvermoon,384,hunter,marksmanship,12,4,8
Drágø,blackmoore,384,hunter,marksmanship,12,4,8
Farkrin,silvermoon,384,hunter,marksmanship,12,4,8
Birdbow,sylvanas,384,hunter,marksmanship,12,4,8
Zeyron,ravencrest,384,hunter,marksmanship,12,4,8
Vallêria,malganis,384,hunter,marksmanship,12,4,8
Deeparrow,stormscale,384,hunter,marksmanship,12,4,8
Верат,howling-fjord,384,hunter,marksmanship,12,4,8
Dorkos,sanguino,384,hunter,marksmanship,12,4,8
Wildslip,archimonde,384,hunter,marksmanship,12,4,8
Becoming,burning-legion,384,hunter,marksmanship,12,4,8
Araemveus,moonglade,384,hunter,marksmanship,12,4,8
Vohnívak,turalyon,384,hunter,marksmanship,12,4,8
Powerofanime,drakthul,384,hunter,marksmanship,12,4,8
Tartaupommes,hyjal,384,hunter,marksmanship,12,4,8
Rndhunt,shattrath,384,hunter,marksmanship,12,4,8
Calyssae,shattered-halls,384,hunter,marksmanship,12,4,8
Raínbow,aegwynn,384,hunter,marksmanship,12,4,8
Hallem,karazhan,384,hunter,marksmanship,12,4,8
Tonttulul,draenor,384,hunter,marksmanship,12,4,8
Double,sylvanas,384,hunter,marksmanship,12,4,8
Loydzz,hyjal,384,hunter,marksmanship,12,4,8
Fennecshand,colinas-pardas,384,hunter,marksmanship,12,4,8
Косаяя,gordunni,384,hunter,marksmanship,12,4,8
Tytoyz,khaz-modan,384,hunter,marksmanship,12,4,8
Chaoticshot,ravencrest,384,hunter,marksmanship,12,4,8
Slinkywinky,eonar,384,hunter,marksmanship,12,4,8
Jskey,aggramar,384,hunter,marksmanship,12,4,8
Eykons,ragnaros,384,hunter,marksmanship,12,4,8
Графруру,soulflayer,384,hunter,marksmanship,12,4,8
Døømslayer,nemesis,384,hunter,marksmanship,12,4,8
Свадебная,gordunni,384,hunter,marksmanship,12,4,8
Aamön,tarren-mill,384,hunter,marksmanship,12,4,8
Лерочкалиса,gordunni,384,hunter,marksmanship,12,4,8
Peonfarmer,argent-dawn,384,hunter,marksmanship,12,4,8
Sjins,draenor,384,hunter,marksmanship,12,4,8
Dangerousfoe,argent-dawn,384,hunter,marksmanship,12,4,8
Egodennis,frostwolf,384,hunter,marksmanship,12,4,8
Jannolafrite,ysondre,384,hunter,marksmanship,12,4,8
Hiddenstalk,outland,384,hunter,marksmanship,12,4,8
Draoclick,hyjal,384,hunter,marksmanship,12,4,8
Marodan,ambossar,384,hunter,marksmanship,12,4,8
Taurd,dragonmaw,384,hunter,marksmanship,12,4,8
Макнерис,gordunni,384,hunter,marksmanship,12,4,8
Darkshe,dun-modr,384,hunter,marksmanship,12,4,8
Йинги,gordunni,384,hunter,marksmanship,12,4,8
Kanlina,ravencrest,384,hunter,marksmanship,12,4,8
Naestra,tarren-mill,384,hunter,marksmanship,12,4,8
Бладшоот,gordunni,384,hunter,marksmanship,12,4,8
Powerslade,sanguino,384,hunter,marksmanship,12,4,8
Зангейра,blackscar,384,hunter,marksmanship,12,4,8
Rhyle,hyjal,384,hunter,marksmanship,12,4,8
Hardshots,tarren-mill,384,hunter,marksmanship,12,4,8
Stefraton,tarren-mill,384,hunter,marksmanship,12,4,8
Forthehordee,chamber-of-aspects,384,hunter,marksmanship,14,4,10
Banemonkey,kazzak,384,hunter,marksmanship,14,4,10
Slimeshít,blackrock,384,hunter,marksmanship,17,4,13
Kêêpsmile,blackmoore,384,hunter,marksmanship,18,4,14
Jamais,stormscale,384,hunter,marksmanship,18,4,14
Cachapas,ravencrest,384,hunter,marksmanship,18,4,14
Ruhen,aegwynn,384,hunter,marksmanship,18,4,14
Haraigoshí,grim-batol,384,hunter,marksmanship,18,4,14
Маори,deepholm,384,hunter,marksmanship,18,4,14
Sylverein,silvermoon,384,hunter,marksmanship,18,4,14
Soppatorsk,shadowsong,384,hunter,marksmanship,18,4,14
Mewithoutyou,ragnaros,384,hunter,marksmanship,18,4,14
Enablee,lightbringer,384,hunter,marksmanship,24,4,20
Chase,wildhammer,384,hunter,marksmanship,30,4,26
Snajper,kragjin,383,hunter,marksmanship,6,4,2
Вевери,blackscar,383,hunter,marksmanship,6,4,2
Køûrø,hyjal,383,hunter,marksmanship,6,4,2
Amiosi,sanguino,383,hunter,marksmanship,10,5,5
Somixx,ragnaros,383,hunter,marksmanship,12,4,8
Zirriath,mazrigos,383,hunter,marksmanship,12,4,8
Amsterdamer,sylvanas,383,hunter,marksmanship,12,4,8
Meletis,stormreaver,383,hunter,marksmanship,12,4,8
Kyéra,kirin-tor,383,hunter,marksmanship,12,4,8
Kyliân,stormscale,383,hunter,marksmanship,12,4,8
Slicerfoot,ghostlands,383,hunter,marksmanship,12,4,8
Jinzala,argent-dawn,383,hunter,marksmanship,12,4,8
Grognyre,silvermoon,383,hunter,marksmanship,12,4,8
Anguerande,khaz-modan,383,hunter,marksmanship,12,4,8
Ushiuno,defias-brotherhood,383,hunter,marksmanship,12,4,8
Tervel,dun-morogh,383,hunter,marksmanship,12,4,8
Lacertia,kazzak,383,hunter,marksmanship,12,4,8
Beaupapa,archimonde,383,hunter,marksmanship,14,4,10
Youardead,arthas,383,hunter,marksmanship,18,4,14
Trillu,madmortem,383,hunter,marksmanship,18,4,14
Dartas,outland,383,hunter,marksmanship,18,4,14
Musux,uldum,383,hunter,marksmanship,18,4,14
Deadshout,kazzak,382,hunter,marksmanship,6,4,2
Boogaloo,hellscream,382,hunter,marksmanship,6,4,2
Costae,aerie-peak,382,hunter,marksmanship,12,4,8
Metapouk,archimonde,382,hunter,marksmanship,12,4,8
Бурбоньчик,soulflayer,382,hunter,marksmanship,12,4,8
Lardobrave,blackhand,381,hunter,marksmanship,18,4,14
Enérgize,argent-dawn,380,hunter,marksmanship,18,4,14
Pâthfînder,destromath,379,hunter,marksmanship,12,4,8
Кисяныч,gordunni,372,hunter,marksmanship,18,7,11
Éddiémórphín,kazzak,367,hunter,marksmanship,11,4,7
Dhmuntar,ravencrest,367,hunter,marksmanship,11,4,7
Ketsh,antonidas,367,hunter,marksmanship,17,4,13
Boehelientje,defias-brotherhood,351,hunter,marksmanship,11,4,7
Doojas,archimonde,351,hunter,marksmanship,11,4,7
Naepy,thrall,351,hunter,marksmanship,16,4,12
Lujägy,antonidas,344,hunter,marksmanship,14,5,9
Shadoox,argent-dawn,335,hunter,marksmanship,11,4,7
Waizen,archimonde,330,hunter,marksmanship,16,6,10
Nimri,kazzak,329,hunter,marksmanship,15,5,10
Arwenna,argent-dawn,328,hunter,marksmanship,11,6,5
Bloópy,silvermoon,320,hunter,marksmanship,10,4,6
Rakmo,blackmoore,320,hunter,marksmanship,10,4,6
Rixxâr,blackrock,320,hunter,marksmanship,10,4,6
Выпейдождь,gordunni,319,hunter,marksmanship,8,4,4
Гринмех,gordunni,288,hunter,marksmanship,6,3,3
Ðøpèz,frostwolf,288,hunter,marksmanship,6,3,3
Andrøk,archimonde,288,hunter,marksmanship,6,3,3
Zugzlug,tarren-mill,288,hunter,marksmanship,6,3,3
Naramir,ysondre,288,hunter,marksmanship,6,3,3
Ayiu,argent-dawn,288,hunter,marksmanship,6,3,3
Qaedri,kazzak,288,hunter,marksmanship,6,3,3
Люблюлюбовь,gordunni,288,hunter,marksmanship,6,3,3
Valarixx,twisting-nether,288,hunter,marksmanship,6,3,3
Padancete,sanguino,288,hunter,marksmanship,6,3,3
Dethroner,dun-modr,288,hunter,marksmanship,6,3,3
Экономист,fordragon,288,hunter,marksmanship,6,3,3
Elnino,eonar,288,hunter,marksmanship,6,3,3
Aimywinehaus,burning-blade,288,hunter,marksmanship,6,3,3
Rohald,silvermoon,288,hunter,marksmanship,6,3,3
Cabuløsø,aggra-português,288,hunter,marksmanship,6,3,3
Lithell,kazzak,288,hunter,marksmanship,6,3,3
Mijnoke,antonidas,288,hunter,marksmanship,6,3,3
Djfury,archimonde,288,hunter,marksmanship,6,3,3
Jungletime,outland,288,hunter,marksmanship,6,3,3
Каэсс,gordunni,288,hunter,marksmanship,6,3,3
Kandrena,argent-dawn,288,hunter,marksmanship,6,3,3
Techpøint,silvermoon,288,hunter,marksmanship,6,3,3
Rakshor,thrall,288,hunter,marksmanship,6,3,3
Thebigboom,outland,288,hunter,marksmanship,6,3,3
Soulflyer,draenor,288,hunter,marksmanship,6,3,3
Deadluck,kazzak,288,hunter,marksmanship,6,3,3
Velne,ravencrest,288,hunter,marksmanship,6,3,3
Osie,kazzak,288,hunter,marksmanship,6,3,3
Kahbe,ravencrest,288,hunter,marksmanship,6,3,3
Санясурв,gordunni,288,hunter,marksmanship,6,3,3
Xborn,draenor,288,hunter,marksmanship,6,3,3
Løssen,outland,288,hunter,marksmanship,6,3,3
Kaznek,hyjal,288,hunter,marksmanship,6,3,3
Westcøãst,archimonde,288,hunter,marksmanship,6,3,3
Colm,kirin-tor,288,hunter,marksmanship,6,3,3
Aimshot,ravencrest,288,hunter,marksmanship,6,3,3
Fizè,blackmoore,288,hunter,marksmanship,6,3,3
Celebor,sanguino,288,hunter,marksmanship,6,3,3
Tardoboy,blackrock,288,hunter,marksmanship,6,3,3
Rindarshot,dun-modr,288,hunter,marksmanship,6,3,3
Atranex,ravencrest,288,hunter,marksmanship,6,3,3
Ев,lich-king,288,hunter,marksmanship,6,3,3
Kayflock,kazzak,288,hunter,marksmanship,6,3,3
Søp,marécage-de-zangar,288,hunter,marksmanship,6,3,3
Mariabanks,aegwynn,288,hunter,marksmanship,6,3,3
Shall,outland,288,hunter,marksmanship,6,3,3
Комомура,soulflayer,288,hunter,marksmanship,6,3,3
Rockshredder,ravencrest,288,hunter,marksmanship,6,3,3
Nerdhark,hyjal,288,hunter,marksmanship,6,3,3
Pommespinnes,outland,288,hunter,marksmanship,6,3,3
Dedral,aegwynn,288,hunter,marksmanship,6,3,3
Aamøn,nemesis,288,hunter,marksmanship,6,3,3
Focüs,les-sentinelles,288,hunter,marksmanship,6,3,3
Babûsch,blackmoore,288,hunter,marksmanship,6,3,3
Misstrap,nemesis,288,hunter,marksmanship,6,3,3
Feyoonxx,blackrock,288,hunter,marksmanship,6,3,3
Labestiia,sanguino,288,hunter,marksmanship,6,3,3
Deta,blackmoore,288,hunter,marksmanship,6,3,3
Burbutsuluki,silvermoon,288,hunter,marksmanship,6,3,3
Ägris,die-todeskrallen,288,hunter,marksmanship,6,3,3
Hordasso,burning-legion,288,hunter,marksmanship,6,3,3
Zwockeline,blutkessel,288,hunter,marksmanship,6,3,3
Zyhraa,ravencrest,288,hunter,marksmanship,6,3,3
ßæro,hyjal,288,hunter,marksmanship,6,3,3
Brûmovitch,archimonde,288,hunter,marksmanship,6,3,3
Graavi,silvermoon,288,hunter,marksmanship,6,3,3
Kfcmanagerx,silvermoon,288,hunter,marksmanship,6,3,3
Samasukë,grim-batol,288,hunter,marksmanship,6,3,3
Neescafe,sylvanas,288,hunter,marksmanship,6,3,3
Aliltoxic,silvermoon,288,hunter,marksmanship,6,3,3
Rykini,twisting-nether,288,hunter,marksmanship,6,3,3
Mhb,quelthalas,288,hunter,marksmanship,6,3,3
Vystrelil,drakthul,288,hunter,marksmanship,6,3,3
Fize,blackmoore,288,hunter,marksmanship,6,3,3
Meridià,malorne,288,hunter,marksmanship,6,3,3
Maô,archimonde,288,hunter,marksmanship,6,3,3
Jetleesnipez,blackmoore,288,hunter,marksmanship,6,3,3
Oogie,laughing-skull,288,hunter,marksmanship,6,3,3
Ruxu,drakthul,288,hunter,marksmanship,6,3,3
Gamosh,anetheron,288,hunter,marksmanship,6,3,3
Surgethyme,ravencrest,288,hunter,marksmanship,6,3,3
Stimpak,nordrassil,288,hunter,marksmanship,6,3,3
Patuk,exodar,288,hunter,marksmanship,6,3,3
Zerrash,ravencrest,288,hunter,marksmanship,6,3,3
Трапавграунд,howling-fjord,288,hunter,marksmanship,6,3,3
Osron,blackmoore,288,hunter,marksmanship,6,3,3
Homoride,alleria,288,hunter,marksmanship,6,3,3
Lowboblarry,ravencrest,288,hunter,marksmanship,6,3,3
Threeguns,blackrock,288,hunter,marksmanship,6,3,3
Bocek,silvermoon,288,hunter,marksmanship,6,3,3
Phinecone,stormscale,288,hunter,marksmanship,6,3,3
Lopsa,terokkar,288,hunter,marksmanship,6,3,3
Ökisek,drakthul,288,hunter,marksmanship,6,3,3
Jarhead,arthas,288,hunter,marksmanship,6,3,3
Taenic,azshara,288,hunter,marksmanship,6,3,3
Pläpp,stormscale,288,hunter,marksmanship,6,3,3
Välk,sylvanas,288,hunter,marksmanship,6,3,3
Sheilare,doomhammer,288,hunter,marksmanship,6,3,3
Topgrill,stormscale,288,hunter,marksmanship,6,3,3
Spunkybum,nagrand,288,hunter,marksmanship,6,3,3
Kofie,steamwheedle-cartel,288,hunter,marksmanship,6,3,3
Nightarrowq,tarren-mill,288,hunter,marksmanship,9,4,5
Amdéa,boulderfist,288,hunter,marksmanship,10,4,6
Boen,nordrassil,288,hunter,marksmanship,8,3,5
Hidalgô,kult-der-verdammten,288,hunter,marksmanship,9,3,6
Нойран,eversong,288,hunter,marksmanship,9,3,6
Лонтерикс,gordunni,288,hunter,marksmanship,11,3,8
Akù,magtheridon,288,hunter,marksmanship,12,3,9
Naaztko,stormscale,288,hunter,marksmanship,12,3,9
Бубунн,howling-fjord,288,hunter,marksmanship,12,3,9
Flucxx,stormscale,288,hunter,marksmanship,12,3,9
Астериел,blackscar,288,hunter,marksmanship,12,3,9
Хедшоттер,blackscar,288,hunter,marksmanship,12,3,9
Oduross,minahonda,288,hunter,marksmanship,12,3,9
Fatfrumos,twisting-nether,288,hunter,marksmanship,12,3,9
Aîmshot,ravencrest,288,hunter,marksmanship,12,3,9
Sokrám,sanguino,288,hunter,marksmanship,12,3,9
Demoira,genjuros,288,hunter,marksmanship,12,3,9
Missdarkness,shattered-hand,288,hunter,marksmanship,12,3,9
Горгудц,gordunni,288,hunter,marksmanship,12,3,9
Ghenter,sargeras,288,hunter,marksmanship,12,3,9
Кактусджекк,gordunni,288,hunter,marksmanship,12,3,9
Unclehowdy,sanguino,288,hunter,marksmanship,12,3,9
Snipar,chogall,288,hunter,marksmanship,12,3,9
Saîtek,chogall,288,hunter,marksmanship,12,3,9
Скадхи,blackscar,288,hunter,marksmanship,12,3,9
Chassuu,khaz-modan,288,hunter,marksmanship,12,3,9
Нэвлоск,gordunni,288,hunter,marksmanship,12,3,9
Sphinx,neptulon,288,hunter,marksmanship,12,3,9
Zammies,aggramar,288,hunter,marksmanship,12,3,9
Bowgamerx,ravencrest,288,hunter,marksmanship,12,3,9
Bengeh,tarren-mill,288,hunter,marksmanship,12,3,9
Dãhrn,sanguino,288,hunter,marksmanship,12,3,9
Avp,sylvanas,288,hunter,marksmanship,12,3,9
Jensa,darksorrow,288,hunter,marksmanship,12,3,9
Lioness,ahnqiraj,288,hunter,marksmanship,12,3,9
Clickpao,outland,288,hunter,marksmanship,12,3,9
Dafragger,blackmoore,288,hunter,marksmanship,12,3,9
Dajägaa,blackmoore,288,hunter,marksmanship,12,3,9
Rløad,hyjal,288,hunter,marksmanship,12,3,9
Spítz,outland,288,hunter,marksmanship,12,3,9
Flyingnipp,arthas,288,hunter,marksmanship,12,3,9
Spakster,blackrock,288,hunter,marksmanship,12,3,9
Thalanel,arthas,288,hunter,marksmanship,12,3,9
Foxmis,kazzak,288,hunter,marksmanship,12,3,9
Deify,grim-batol,288,hunter,marksmanship,12,3,9
Zubro,kazzak,288,hunter,marksmanship,12,3,9
Lùchiean,kazzak,288,hunter,marksmanship,12,3,9
Augie,kazzak,288,hunter,marksmanship,12,3,9
Tharzo,thrall,288,hunter,marksmanship,12,3,9
Nímren,ambossar,288,hunter,marksmanship,12,3,9
Arslan,archimonde,288,hunter,marksmanship,16,3,13
Tsía,ysondre,288,hunter,marksmanship,17,3,14
Sidera,der-rat-von-dalaran,288,hunter,marksmanship,18,3,15
Shademd,ahnqiraj,288,hunter,marksmanship,18,3,15
Castbuny,drakthul,288,hunter,marksmanship,18,3,15
Gabbriel,ravencrest,288,hunter,marksmanship,18,3,15
Richidex,zuljin,288,hunter,marksmanship,18,3,15
Showdope,drakthul,288,hunter,marksmanship,18,3,15
Pulsaðenura,dun-modr,288,hunter,marksmanship,18,3,15
Оркос,deathweaver,287,hunter,marksmanship,6,3,3
Kolskoot,kilrogg,287,hunter,marksmanship,6,3,3
Btk,sanguino,287,hunter,marksmanship,6,3,3
Dwoas,darkspear,287,hunter,marksmanship,12,3,9
Onexshot,draenor,287,hunter,marksmanship,12,3,9
Constantín,aegwynn,287,hunter,marksmanship,12,3,9
Worus,argent-dawn,287,hunter,marksmanship,12,3,9
Guf,eredar,287,hunter,marksmanship,13,3,10
Сяову,gordunni,287,hunter,marksmanship,18,3,15
Jomoguin,stormscale,286,hunter,marksmanship,6,3,3
Dambrä,eredar,286,hunter,marksmanship,6,3,3
Millhunter,norgannon,284,hunter,marksmanship,12,3,9
Darkstripe,turalyon,281,hunter,marksmanship,13,5,8
Najetazruda,drakthul,255,hunter,marksmanship,10,3,7
Бещеный,ashenvale,255,hunter,marksmanship,11,3,8
Redstormfx,blades-edge,239,hunter,marksmanship,5,3,2
Eazzyy,auchindoun,239,hunter,marksmanship,5,3,2
Dracy,baelgun,239,hunter,marksmanship,5,3,2
Jaguarundy,dun-modr,239,hunter,marksmanship,5,3,2
Олдорк,howling-fjord,239,hunter,marksmanship,12,3,9
Incrediown,tarren-mill,234,hunter,marksmanship,7,4,3
Everz,silvermoon,234,hunter,marksmanship,13,4,9
Falakras,ragnaros,223,hunter,marksmanship,8,3,5
Dampfwâlzê,nozdormu,223,hunter,marksmanship,14,3,11
Dann,uldum,208,hunter,marksmanship,7,3,4
Skarra,zuljin,208,hunter,marksmanship,7,3,4
Taurïel,stormscale,208,hunter,marksmanship,7,3,4
Виндрунир,gordunni,192,hunter,marksmanship,6,2,4
Nnoyk,defias-brotherhood,192,hunter,marksmanship,6,2,4
Dola,archimonde,192,hunter,marksmanship,6,2,4
Røgrøck,archimonde,192,hunter,marksmanship,6,2,4
Шейхант,gordunni,192,hunter,marksmanship,6,2,4
Adkins,elune,192,hunter,marksmanship,6,2,4
Mcperra,zuljin,192,hunter,marksmanship,6,2,4
Upresa,sanguino,192,hunter,marksmanship,6,2,4
Arunaky,uldum,192,hunter,marksmanship,6,2,4
Darkshàdow,archimonde,192,hunter,marksmanship,6,2,4
Craisax,nemesis,192,hunter,marksmanship,6,2,4
Lamîndra,blackmoore,192,hunter,marksmanship,6,2,4
Гернриета,gordunni,192,hunter,marksmanship,6,2,4
Zulldek,sanguino,192,hunter,marksmanship,6,2,4
Arrowlight,archimonde,192,hunter,marksmanship,6,2,4
Notikâ,aegwynn,192,hunter,marksmanship,6,2,4
Eule,dun-modr,192,hunter,marksmanship,6,2,4
Sebrienne,defias-brotherhood,192,hunter,marksmanship,6,2,4
Thunderstarr,blackmoore,192,hunter,marksmanship,6,2,4
Bréanni,auchindoun,192,hunter,marksmanship,6,2,4
Фираналь,blackscar,192,hunter,marksmanship,6,2,4
Hunteraction,lightbringer,192,hunter,marksmanship,6,2,4
Настякобра,blackscar,192,hunter,marksmanship,6,2,4
Lagich,sylvanas,192,hunter,marksmanship,6,2,4
Plilolz,archimonde,192,hunter,marksmanship,6,2,4
Flick,auchindoun,192,hunter,marksmanship,6,2,4
Cryka,blackmoore,192,hunter,marksmanship,6,2,4
Eilet,pozzo-delleternità,192,hunter,marksmanship,6,2,4
Joshalama,quelthalas,192,hunter,marksmanship,6,2,4
Seifér,auchindoun,192,hunter,marksmanship,6,2,4
Traplørdx,sylvanas,192,hunter,marksmanship,6,2,4
Mìrilass,nemesis,192,hunter,marksmanship,6,2,4
Sankari,blackmoore,192,hunter,marksmanship,6,2,4
Bowner,frostmane,192,hunter,marksmanship,6,2,4
Kagan,nemesis,192,hunter,marksmanship,6,2,4
Ecthelione,the-venture-co,192,hunter,marksmanship,6,2,4
Amaziing,sanguino,192,hunter,marksmanship,6,2,4
Entaiy,blackmoore,192,hunter,marksmanship,6,2,4
Miracleh,tarren-mill,192,hunter,marksmanship,6,2,4
Brizza,talnivarr,192,hunter,marksmanship,6,2,4
Denixilith,eredar,192,hunter,marksmanship,6,2,4
Emiliabr,stormscale,192,hunter,marksmanship,6,2,4
Фетсол,soulflayer,192,hunter,marksmanship,6,2,4
Ðkð,archimonde,192,hunter,marksmanship,6,2,4
Machini,terokkar,192,hunter,marksmanship,6,2,4
Ptx,stormscale,192,hunter,marksmanship,6,2,4
Elvyns,silvermoon,192,hunter,marksmanship,6,2,4
Сактарион,soulflayer,192,hunter,marksmanship,6,2,4
Зихантер,soulflayer,192,hunter,marksmanship,6,2,4
Velvett,blackmoore,192,hunter,marksmanship,6,2,4
Sayn,la-croisade-écarlate,192,hunter,marksmanship,6,2,4
Kodakcrack,draenor,192,hunter,marksmanship,6,2,4
Эвелан,soulflayer,192,hunter,marksmanship,6,2,4
Traenuss,azuremyst,192,hunter,marksmanship,6,2,4
Gedept,blackrock,192,hunter,marksmanship,6,2,4
Daweí,draenor,192,hunter,marksmanship,6,2,4
Viktorijå,draenor,192,hunter,marksmanship,6,2,4
Шергала,soulflayer,192,hunter,marksmanship,6,2,4
Rafaela,genjuros,192,hunter,marksmanship,6,2,4
Шалларис,soulflayer,192,hunter,marksmanship,6,2,4
Охотуначал,soulflayer,192,hunter,marksmanship,6,2,4
Phanos,draenor,192,hunter,marksmanship,6,2,4
Sylvanaskwt,silvermoon,192,hunter,marksmanship,6,2,4
Illicit,silvermoon,192,hunter,marksmanship,6,2,4
Slickbackdan,the-maelstrom,192,hunter,marksmanship,6,2,4
Bignug,conseil-des-ombres,192,hunter,marksmanship,6,2,4
Sugmèg,dragonblight,192,hunter,marksmanship,6,2,4
Fullxtrap,hyjal,192,hunter,marksmanship,6,2,4
Keinzira,hyjal,192,hunter,marksmanship,6,2,4
Bellecoq,arathi,192,hunter,marksmanship,6,2,4
Bärberøusse,illidan,192,hunter,marksmanship,6,2,4
Goldnug,karazhan,192,hunter,marksmanship,6,2,4
Zinà,naxxramas,192,hunter,marksmanship,6,2,4
Madeyhunt,burning-legion,192,hunter,marksmanship,6,2,4
Кейтпрнстар,howling-fjord,192,hunter,marksmanship,6,2,4
Bláckheart,doomhammer,192,hunter,marksmanship,6,2,4
Bóssit,skullcrusher,192,hunter,marksmanship,6,2,4
Хисдед,howling-fjord,192,hunter,marksmanship,6,2,4
Kírathril,blackhand,192,hunter,marksmanship,6,2,4
Runescapes,ravencrest,192,hunter,marksmanship,6,2,4
Дианнесса,howling-fjord,192,hunter,marksmanship,6,2,4
Rimmig,malganis,192,hunter,marksmanship,6,2,4
Nitroni,rexxar,192,hunter,marksmanship,6,2,4
Marrow,alleria,192,hunter,marksmanship,6,2,4
Anoroxx,arthas,192,hunter,marksmanship,6,2,4
Carioca,blackhand,192,hunter,marksmanship,6,2,4
Ävírøñskÿ,ravencrest,192,hunter,marksmanship,6,2,4
Themehdi,silvermoon,192,hunter,marksmanship,6,2,4
Corrector,outland,192,hunter,marksmanship,6,2,4
Hvnn,stormscale,192,hunter,marksmanship,6,2,4
Велайна,galakrond,192,hunter,marksmanship,6,2,4
Larrylegend,der-rat-von-dalaran,192,hunter,marksmanship,6,2,4
Silenta,outland,192,hunter,marksmanship,6,2,4
Трисциллочка,howling-fjord,192,hunter,marksmanship,6,2,4
Походупопал,howling-fjord,192,hunter,marksmanship,6,2,4
Eilosh,outland,192,hunter,marksmanship,6,2,4
Linkinranger,tarren-mill,192,hunter,marksmanship,6,2,4
Womper,silvermoon,192,hunter,marksmanship,6,2,4
Anklar,blackrock,192,hunter,marksmanship,6,2,4
Meztarinnan,twisting-nether,192,hunter,marksmanship,6,2,4
Elfyhunter,outland,192,hunter,marksmanship,6,2,4
Hadto,der-rat-von-dalaran,192,hunter,marksmanship,6,2,4
Realme,blackrock,192,hunter,marksmanship,6,2,4
Aspergun,ragnaros,192,hunter,marksmanship,6,2,4
Greenstar,twisting-nether,192,hunter,marksmanship,6,2,4
Tòràk,twisting-nether,192,hunter,marksmanship,6,2,4
Isokrates,das-syndikat,192,hunter,marksmanship,6,2,4
Mobshot,twisting-nether,192,hunter,marksmanship,6,2,4
Garrash,teldrassil,192,hunter,marksmanship,6,2,4
Batalul,twisting-nether,192,hunter,marksmanship,6,2,4
Doknak,gilneas,192,hunter,marksmanship,6,2,4
Jamesyy,ravencrest,192,hunter,marksmanship,6,2,4
Tÿro,ravencrest,192,hunter,marksmanship,6,2,4
Grytax,outland,192,hunter,marksmanship,6,2,4
Melloy,drakthul,192,hunter,marksmanship,6,2,4
Slayman,kazzak,192,hunter,marksmanship,6,2,4
Sinadoreck,sargeras,192,hunter,marksmanship,6,2,4
Gladodjurig,tarren-mill,192,hunter,marksmanship,6,2,4
Reeceyree,outland,192,hunter,marksmanship,6,2,4
Tórbjorn,argent-dawn,192,hunter,marksmanship,6,2,4
Vasco,chogall,192,hunter,marksmanship,6,2,4
Najli,kazzak,192,hunter,marksmanship,6,2,4
Köblow,khaz-modan,192,hunter,marksmanship,6,2,4
Hexorn,ysondre,192,hunter,marksmanship,6,2,4
Trollì,stormreaver,192,hunter,marksmanship,6,2,4
Nigina,ravencrest,192,hunter,marksmanship,6,2,4
Nînux,frostwolf,192,hunter,marksmanship,6,2,4
Chenony,ravencrest,192,hunter,marksmanship,6,2,4
Toxical,ragnaros,192,hunter,marksmanship,6,2,4
Huntbeard,ragnaros,192,hunter,marksmanship,6,2,4
Skjutkänslan,outland,192,hunter,marksmanship,6,2,4
Olrik,dentarg,192,hunter,marksmanship,6,2,4
Arnakua,outland,192,hunter,marksmanship,6,2,4
Nashanael,argent-dawn,192,hunter,marksmanship,6,2,4
Othellö,kazzak,192,hunter,marksmanship,6,2,4
Vâleriaa,blackrock,192,hunter,marksmanship,6,2,4
Gwaewel,argent-dawn,192,hunter,marksmanship,6,2,4
Nyght,ravencrest,192,hunter,marksmanship,6,2,4
Drigs,blackrock,192,hunter,marksmanship,6,2,4
Ricoshet,silvermoon,192,hunter,marksmanship,6,2,4
Sizzlepop,argent-dawn,192,hunter,marksmanship,6,2,4
Lethalshotz,tarren-mill,192,hunter,marksmanship,7,2,5
Resputimothy,emeriss,192,hunter,marksmanship,9,2,7
Headshota,stormscale,192,hunter,marksmanship,12,2,10
Elitepeon,blackmoore,192,hunter,marksmanship,12,2,10
Weedonyhunt,hyjal,192,hunter,marksmanship,12,2,10
Gingiismydad,outland,192,hunter,marksmanship,12,2,10
Zefirr,sanguino,192,hunter,marksmanship,12,2,10
Застрельщикц,soulflayer,192,hunter,marksmanship,12,2,10
Pennymarks,blackhand,192,hunter,marksmanship,12,2,10
Chassour,archimonde,192,hunter,marksmanship,12,2,10
Explicits,stormscale,192,hunter,marksmanship,12,2,10
Banglor,shattered-hand,192,hunter,marksmanship,12,2,10
Waalth,ragnaros,192,hunter,marksmanship,12,2,10
Kenpach,frostmane,192,hunter,marksmanship,12,2,10
Кетроуз,howling-fjord,192,hunter,marksmanship,12,2,10
Dmanite,ravencrest,192,hunter,marksmanship,12,2,10
Suchykeb,silvermoon,192,hunter,marksmanship,12,2,10
Fedya,kazzak,192,hunter,marksmanship,12,2,10
Trøllmagedøn,ysondre,192,hunter,marksmanship,12,2,10
Hyod,khaz-modan,192,hunter,marksmanship,12,2,10
Лиасон,howling-fjord,192,hunter,marksmanship,12,2,10
Katharyne,argent-dawn,192,hunter,marksmanship,12,2,10
Almêryck,ysondre,192,hunter,marksmanship,12,2,10
Negz,eredar,192,hunter,marksmanship,12,2,10
Poszipabre,magtheridon,192,hunter,marksmanship,12,2,10
Friskì,draenor,192,hunter,marksmanship,12,2,10
Vèla,ysondre,192,hunter,marksmanship,12,2,10
Jaysonmore,argent-dawn,192,hunter,marksmanship,12,2,10
Oktoc,dalaran,192,hunter,marksmanship,13,2,11
Haïry,kazzak,192,hunter,marksmanship,18,2,16
Kronzucker,eredar,192,hunter,marksmanship,18,2,16
Downpipe,shattered-hand,191,hunter,marksmanship,6,2,4
Fakepvper,darksorrow,191,hunter,marksmanship,6,2,4
Traveler,earthen-ring,191,hunter,marksmanship,6,2,4
Sushimän,kaelthas,191,hunter,marksmanship,6,2,4
Enanorabioso,minahonda,191,hunter,marksmanship,6,2,4
Stormhoofd,bloodhoof,191,hunter,marksmanship,6,2,4
Kure,blackrock,191,hunter,marksmanship,12,2,10
Fingon,alleria,191,hunter,marksmanship,12,2,10
Chalyto,dun-morogh,191,hunter,marksmanship,12,2,10
Inzyplatv,blackmoore,160,hunter,marksmanship,10,2,8
Jaguàr,kazzak,159,hunter,marksmanship,5,2,3
Aqpa,twisting-nether,159,hunter,marksmanship,5,2,3
Bigbababotan,blackrock,159,hunter,marksmanship,5,2,3
Buttsnipe,sylvanas,159,hunter,marksmanship,5,2,3
Tràpz,archimonde,144,hunter,marksmanship,9,2,7
Sylariel,die-aldor,138,hunter,marksmanship,10,4,6
Spagooters,argent-dawn,138,hunter,marksmanship,11,3,8
Robingood,alexstrasza,138,hunter,marksmanship,22,5,17
Primator,argent-dawn,128,hunter,marksmanship,4,2,2
Louce,argent-dawn,128,hunter,marksmanship,7,2,5
Delanoche,exodar,112,hunter,marksmanship,7,2,5
Ríffraff,silvermoon,96,hunter,marksmanship,3,2,1
Akahr,thrall,96,hunter,marksmanship,3,2,1
Janoh,dalaran,96,hunter,marksmanship,3,2,1
Tryx,darksorrow,96,hunter,marksmanship,3,2,1
Åbomìnatïon,ravencrest,96,hunter,marksmanship,18,3,15
Tillhunt,kargath,96,hunter,marksmanship,6,1,5
Nethria,antonidas,96,hunter,marksmanship,6,1,5
Câlimerô,blackrock,96,hunter,marksmanship,6,1,5
Avâlos,dentarg,96,hunter,marksmanship,6,1,5
Surprises,ysondre,96,hunter,marksmanship,6,1,5
Hanzú,argent-dawn,96,hunter,marksmanship,6,1,5
Iddqd,outland,96,hunter,marksmanship,6,1,5
Левери,gordunni,96,hunter,marksmanship,6,1,5
Камшотовна,blackscar,96,hunter,marksmanship,6,1,5
Darthbow,outland,96,hunter,marksmanship,6,1,5
Drolarin,zuljin,96,hunter,marksmanship,6,1,5
Обспн,borean-tundra,96,hunter,marksmanship,6,1,5
Salie,argent-dawn,96,hunter,marksmanship,6,1,5
Sentriks,tarren-mill,96,hunter,marksmanship,6,1,5
Desow,blackrock,96,hunter,marksmanship,6,1,5
Púrefect,ragnaros,96,hunter,marksmanship,6,1,5
Горгонт,blackscar,96,hunter,marksmanship,6,1,5
Roupinol,aggra-português,96,hunter,marksmanship,6,1,5
Applix,tarren-mill,96,hunter,marksmanship,6,1,5
Mackpass,ysondre,96,hunter,marksmanship,6,1,5
Reakanz,tarren-mill,96,hunter,marksmanship,6,1,5
Teedfredd,tarren-mill,96,hunter,marksmanship,6,1,5
Pagman,thrall,96,hunter,marksmanship,6,1,5
Eowale,outland,96,hunter,marksmanship,6,1,5
Crowcifer,argent-dawn,96,hunter,marksmanship,6,1,5
Дэнвин,deathweaver,96,hunter,marksmanship,6,1,5
Cléò,kazzak,96,hunter,marksmanship,6,1,5
Xaraimz,ravencrest,96,hunter,marksmanship,6,1,5
Syx,amanthul,96,hunter,marksmanship,6,1,5
Beryllium,pozzo-delleternità,96,hunter,marksmanship,6,1,5
Akaname,ravencrest,96,hunter,marksmanship,6,1,5
Bmo,zuljin,96,hunter,marksmanship,6,1,5
Syldroxia,antonidas,96,hunter,marksmanship,6,1,5
Mästerkill,dun-modr,96,hunter,marksmanship,6,1,5
Avizi,anachronos,96,hunter,marksmanship,6,1,5
Arkancia,throkferoth,96,hunter,marksmanship,6,1,5
Bìglenny,shattered-hand,96,hunter,marksmanship,6,1,5
Wàterloo,marécage-de-zangar,96,hunter,marksmanship,6,1,5
Randire,guldan,96,hunter,marksmanship,6,1,5
Guttz,chants-éternels,96,hunter,marksmanship,6,1,5
Leaxs,onyxia,96,hunter,marksmanship,6,1,5
Xurrl,kazzak,96,hunter,marksmanship,6,1,5
Frapt,dalaran,96,hunter,marksmanship,6,1,5
Elaresas,argent-dawn,96,hunter,marksmanship,6,1,5
Cítyzens,drakthul,96,hunter,marksmanship,6,1,5
Jagarbladet,ravencrest,96,hunter,marksmanship,6,1,5
Johnnygnus,drakthul,96,hunter,marksmanship,6,1,5
Ninjakimi,ravencrest,96,hunter,marksmanship,6,1,5
Gbpusd,outland,96,hunter,marksmanship,6,1,5
Cllaaw,kazzak,96,hunter,marksmanship,6,1,5
Tuljan,ravencrest,96,hunter,marksmanship,6,1,5
Udolff,twisting-nether,96,hunter,marksmanship,6,1,5
Maity,die-ewige-wacht,96,hunter,marksmanship,6,1,5
Навальница,gordunni,96,hunter,marksmanship,6,1,5
Pestilencio,shendralar,96,hunter,marksmanship,6,1,5
Toulouki,silvermoon,96,hunter,marksmanship,6,1,5
Faccacamoale,twisting-nether,96,hunter,marksmanship,6,1,5
Nalys,argent-dawn,96,hunter,marksmanship,6,1,5
Asery,blackmoore,96,hunter,marksmanship,6,1,5
Sângha,frostwolf,96,hunter,marksmanship,6,1,5
Chapovito,twisting-nether,96,hunter,marksmanship,6,1,5
Superfacial,twisting-nether,96,hunter,marksmanship,6,1,5
Jtechasse,outland,96,hunter,marksmanship,6,1,5
Velcy,ravencrest,96,hunter,marksmanship,6,1,5
Kongweaver,ragnaros,96,hunter,marksmanship,6,1,5
Wantsumsnipe,twisting-nether,96,hunter,marksmanship,6,1,5
Valora,zuluhed,96,hunter,marksmanship,6,1,5
Pinocion,drakthul,96,hunter,marksmanship,6,1,5
Ashjen,aszune,96,hunter,marksmanship,6,1,5
Merci,nazjatar,96,hunter,marksmanship,6,1,5
Chantalia,ravencrest,96,hunter,marksmanship,6,1,5
Flechaoscurä,exodar,96,hunter,marksmanship,6,1,5
Cendrac,ravencrest,96,hunter,marksmanship,6,1,5
Sylvina,todeswache,96,hunter,marksmanship,6,1,5
Badkirves,kazzak,96,hunter,marksmanship,6,1,5
Xarhunt,azjolnerub,96,hunter,marksmanship,6,1,5
Барев,howling-fjord,96,hunter,marksmanship,6,1,5
Wonderbrax,nemesis,96,hunter,marksmanship,6,1,5
Гижуна,howling-fjord,96,hunter,marksmanship,6,1,5
Fayenia,ravencrest,96,hunter,marksmanship,6,1,5
Baramia,theradras,96,hunter,marksmanship,6,1,5
Lyute,draenor,96,hunter,marksmanship,6,1,5
Feedbackloop,silvermoon,96,hunter,marksmanship,6,1,5
Oneofus,malygos,96,hunter,marksmanship,6,1,5
Лсныйпамп,howling-fjord,96,hunter,marksmanship,6,1,5
Tesourinho,aggra-português,96,hunter,marksmanship,6,1,5
Chillø,elune,96,hunter,marksmanship,6,1,5
Ferdinandl,draenor,96,hunter,marksmanship,6,1,5
Наладдчик,howling-fjord,96,hunter,marksmanship,6,1,5
Орталиус,deathguard,96,hunter,marksmanship,6,1,5
Killzo,sylvanas,96,hunter,marksmanship,6,1,5
Mehtäsika,xavius,96,hunter,marksmanship,6,1,5
Санзи,howling-fjord,96,hunter,marksmanship,6,1,5
Wolfmcquade,draenor,96,hunter,marksmanship,6,1,5
Raverave,burning-legion,96,hunter,marksmanship,6,1,5
Ренектон,soulflayer,96,hunter,marksmanship,6,1,5
Statik,deathwing,96,hunter,marksmanship,6,1,5
Thefoxsay,draenor,96,hunter,marksmanship,6,1,5
Høøl,hyjal,96,hunter,marksmanship,6,1,5
Lòò,aegwynn,96,hunter,marksmanship,6,1,5
Nortroll,draenor,96,hunter,marksmanship,6,1,5
Wèdra,hyjal,96,hunter,marksmanship,6,1,5
Баянист,soulflayer,96,hunter,marksmanship,6,1,5
Pampers,silvermoon,96,hunter,marksmanship,6,1,5
Manofacadas,draenor,96,hunter,marksmanship,6,1,5
Варсор,soulflayer,96,hunter,marksmanship,6,1,5
Galedjïn,conseil-des-ombres,96,hunter,marksmanship,6,1,5
Longbeardkh,silvermoon,96,hunter,marksmanship,6,1,5
Хантунец,soulflayer,96,hunter,marksmanship,6,1,5
Sagytaryus,nemesis,96,hunter,marksmanship,11,1,10
Moskalhunter,terokkar,96,hunter,marksmanship,12,1,11
Donáldtrúmp,tarren-mill,96,hunter,marksmanship,12,1,11
Riplëy,dun-modr,96,hunter,marksmanship,12,1,11
Kayoo,stormscale,96,hunter,marksmanship,12,1,11
Gorgorotha,ragnaros,96,hunter,marksmanship,12,1,11
Yumyúm,antonidas,96,hunter,marksmanship,12,1,11
Râpton,blackmoore,96,hunter,marksmanship,12,1,11
Acuatropatas,sanguino,96,hunter,marksmanship,12,1,11
Noskillbot,twisting-nether,96,hunter,marksmanship,12,1,11
Dewshot,silvermoon,96,hunter,marksmanship,12,1,11
Tiguy,archimonde,96,hunter,marksmanship,12,1,11
Cauron,blackrock,96,hunter,marksmanship,12,1,11
Mavis,bloodfeather,96,hunter,marksmanship,12,1,11
Volupting,confrérie-du-thorium,96,hunter,marksmanship,17,1,16
Magahra,thrall,95,hunter,marksmanship,6,1,5
Gohsthunter,dun-morogh,95,hunter,marksmanship,6,1,5
Wrymn,sanguino,79,hunter,marksmanship,5,1,4
Gettóbuxa,arathor,79,hunter,marksmanship,5,1,4
Aesrh,drakthul,79,hunter,marksmanship,5,1,4
Carnivorius,silvermoon,64,hunter,marksmanship,4,1,3
Dréws,kazzak,64,hunter,marksmanship,4,1,3
Draugrinnh,tarren-mill,48,hunter,marksmanship,3,1,2
Howlinjoe,darkspear,48,hunter,marksmanship,9,1,8
Merveilleux,hyjal,42,hunter,marksmanship,11,3,8
Lyiene,silvermoon,42,hunter,marksmanship,10,2,8
Aethelred,azjolnerub,41,hunter,marksmanship,9,2,7
Svinrbglol,arygos,31,hunter,marksmanship,2,1,1
Ileira,blackmoore,31,hunter,marksmanship,2,1,1
Lootgobbo,antonidas,16,hunter,marksmanship,1,1,0
Elgango,blackrock,16,hunter,marksmanship,1,1,0
Дунморг,grom,16,hunter,marksmanship,1,1,0
Imortaltroll,kazzak,16,hunter,marksmanship,1,1,0
Bicmex,ravencrest,2426,hunter,survival,164,97,67
Musen,draenor,2231,hunter,survival,90,50,40
Belaux,archimonde,2220,hunter,survival,364,187,177
Brkh,ravencrest,2214,hunter,survival,84,49,35
Куфа,blackscar,2193,hunter,survival,84,46,38
Bonquiesha,tarren-mill,2163,hunter,survival,120,69,51
Corossity,blackmoore,2155,hunter,survival,107,71,36
Gíggí,malganis,2155,hunter,survival,72,40,32
Harrianlar,ravenholdt,2143,hunter,survival,196,100,96
Rynex,festung-der-stürme,2134,hunter,survival,78,45,33
Pridz,archimonde,2121,hunter,survival,186,94,92
Goosebite,ravencrest,2117,hunter,survival,192,100,92
Zpf,silvermoon,2116,hunter,survival,283,148,135
Nikzeubii,archimonde,2113,hunter,survival,66,39,27
Krakenaspect,kazzak,2112,hunter,survival,68,44,24
Gukexa,outland,2106,hunter,survival,84,51,33
Rayadz,nethersturm,2104,hunter,survival,240,124,116
Svinrbglol,arygos,2103,hunter,survival,107,59,48
Razoorine,blackrock,2102,hunter,survival,162,90,72
Josethepimpo,stormscale,2102,hunter,survival,263,135,128
Djheartstrng,argent-dawn,2100,hunter,survival,138,82,56
Earfalass,twisting-nether,2082,hunter,survival,256,143,113
Fíng,tarren-mill,2079,hunter,survival,216,109,107
Momohenní,archimonde,2076,hunter,survival,222,126,96
Stormblãze,ravencrest,2076,hunter,survival,187,92,95
Uglybaboon,draenor,2064,hunter,survival,305,150,155
Kfcmanagerx,silvermoon,2057,hunter,survival,238,129,109
Urrane,archimonde,2052,hunter,survival,78,48,30
Skewdar,hyjal,2045,hunter,survival,150,81,69
Macrolaim,outland,2044,hunter,survival,323,159,164
Ilovejwrld,dun-modr,2041,hunter,survival,94,50,44
Mestar,outland,2041,hunter,survival,282,143,139
Zhulk,los-errantes,2036,hunter,survival,214,110,104
Yeezu,sylvanas,2032,hunter,survival,126,66,60
Sneakyshot,nemesis,2030,hunter,survival,156,78,78
Götdelen,kult-der-verdammten,2026,hunter,survival,317,163,154
Scypher,ragnaros,2020,hunter,survival,74,43,31
Wickked,ravencrest,2018,hunter,survival,102,60,42
Pokefangirlx,grim-batol,2014,hunter,survival,319,172,147
Gukéx,stormscale,2012,hunter,survival,246,128,118
Akronis,outland,2006,hunter,survival,157,79,78
Crucfixion,kazzak,2005,hunter,survival,66,38,28
Marvelmary,ravencrest,2004,hunter,survival,83,38,45
Huntity,kazzak,2003,hunter,survival,119,63,56
Djfortnite,ravencrest,1988,hunter,survival,53,33,20
Лесбиянюсь,gordunni,1983,hunter,survival,137,77,60
Booxun,sylvanas,1982,hunter,survival,133,68,65
Epicsurvive,ravencrest,1982,hunter,survival,114,57,57
Rubydacherrý,argent-dawn,1980,hunter,survival,84,51,33
Imtpain,kazzak,1978,hunter,survival,66,38,28
Mmkekw,guldan,1976,hunter,survival,66,42,24
Dyndns,blackmoore,1975,hunter,survival,150,77,73
Dackeldustin,norgannon,1970,hunter,survival,59,50,9
Hyparion,kazzak,1968,hunter,survival,71,40,31
Feignfisto,draenor,1966,hunter,survival,75,41,34
Hyderr,aegwynn,1964,hunter,survival,54,34,20
Kurdo,outland,1963,hunter,survival,70,41,29
Svetlanatrap,stormscale,1963,hunter,survival,89,49,40
Yake,kazzak,1960,hunter,survival,88,40,48
Marchik,outland,1956,hunter,survival,76,50,26
Mspt,archimonde,1956,hunter,survival,165,81,84
Jànet,ravencrest,1952,hunter,survival,114,52,62
Djshibalxd,argent-dawn,1950,hunter,survival,192,99,93
Yemistar,archimonde,1949,hunter,survival,90,48,42
Aboleon,ragnaros,1949,hunter,survival,110,55,55
Jamboss,twisting-nether,1945,hunter,survival,60,29,31
Lágåta,outland,1940,hunter,survival,59,32,27
Lutza,sanguino,1940,hunter,survival,126,63,63
Nwnw,tarren-mill,1932,hunter,survival,48,27,21
Raelaf,zuljin,1927,hunter,survival,79,39,40
Jackjager,ravencrest,1925,hunter,survival,99,57,42
Løvebombing,ravencrest,1914,hunter,survival,48,32,16
Mógwaí,stormscale,1911,hunter,survival,72,50,22
Дарктеххно,howling-fjord,1911,hunter,survival,72,40,32
Bubby,burning-legion,1905,hunter,survival,58,36,22
Mogumogu,blackhand,1903,hunter,survival,146,77,69
Saliressa,ravencrest,1890,hunter,survival,120,63,57
Rewgodxq,ravencrest,1889,hunter,survival,340,170,170
Killerkatze,outland,1884,hunter,survival,48,25,23
Vènuhá,ravencrest,1883,hunter,survival,293,156,137
Alwaysthug,ravencrest,1875,hunter,survival,72,37,35
Kyosoku,silvermoon,1875,hunter,survival,63,30,33
Ехесу,soulflayer,1874,hunter,survival,71,39,32
Астериел,blackscar,1873,hunter,survival,58,30,28
Майен,thermaplugg,1872,hunter,survival,114,54,60
Katzila,outland,1871,hunter,survival,65,39,26
Horku,kazzak,1871,hunter,survival,72,35,37
Dabeszt,draenor,1869,hunter,survival,144,82,62
Lugnåls,hyjal,1865,hunter,survival,141,73,68
Garxzhunter,tarren-mill,1864,hunter,survival,69,36,33
Bláckthorn,ravencrest,1863,hunter,survival,78,48,30
Øvade,argent-dawn,1861,hunter,survival,67,41,26
Микихаса,galakrond,1858,hunter,survival,190,104,86
Clydefrog,outland,1854,hunter,survival,70,35,35
Летмимейт,howling-fjord,1851,hunter,survival,154,85,69
Síraw,tarren-mill,1848,hunter,survival,84,39,45
Fatbushpig,stormscale,1846,hunter,survival,36,23,13
Бубунн,howling-fjord,1840,hunter,survival,129,78,51
Горгонт,blackscar,1840,hunter,survival,162,85,77
Bnak,thrall,1838,hunter,survival,53,32,21
Hûntyhunt,silvermoon,1838,hunter,survival,83,48,35
Bnak,die-ewige-wacht,1837,hunter,survival,36,28,8
Maiver,ravencrest,1837,hunter,survival,42,26,16
Moustø,archimonde,1836,hunter,survival,47,29,18
Razôr,blackhand,1836,hunter,survival,48,27,21
Zerberas,blackrock,1835,hunter,survival,60,32,28
Åíøñs,kazzak,1834,hunter,survival,42,26,16
Квит,blackscar,1832,hunter,survival,30,20,10
Боцекабузер,galakrond,1830,hunter,survival,48,22,26
Fwaffidack,tarren-mill,1829,hunter,survival,63,36,27
Dedral,aegwynn,1829,hunter,survival,90,51,39
Vunter,malganis,1828,hunter,survival,48,26,22
Kukenisluken,stormscale,1827,hunter,survival,41,26,15
Xexhel,twisting-nether,1824,hunter,survival,92,53,39
Zanpa,archimonde,1823,hunter,survival,141,78,63
Sarrow,ravencrest,1822,hunter,survival,115,64,51
Qwèrts,stormscale,1822,hunter,survival,60,33,27
Xamisch,eredar,1820,hunter,survival,131,77,54
Kalthrog,ragnaros,1820,hunter,survival,102,58,44
Sipsomewater,ravencrest,1820,hunter,survival,66,30,36
Doghxnter,ravencrest,1819,hunter,survival,53,31,22
Skârlock,blackmoore,1819,hunter,survival,89,50,39
Cadier,argent-dawn,1818,hunter,survival,60,34,26
Зеленыйиисус,gordunni,1818,hunter,survival,153,84,69
Cjezka,blackmoore,1818,hunter,survival,147,72,75
Stuckstepbro,silvermoon,1818,hunter,survival,47,22,25
Аркеро,soulflayer,1816,hunter,survival,103,57,46
Ksreport,stormscale,1816,hunter,survival,129,61,68
Nttcoopzz,silvermoon,1815,hunter,survival,36,23,13
Киссмайпет,howling-fjord,1815,hunter,survival,78,47,31
Amyst,senjin,1814,hunter,survival,71,33,38
Ðévi,ravencrest,1813,hunter,survival,36,26,10
Polaqu,burning-legion,1809,hunter,survival,60,37,23
Frog,crushridge,1809,hunter,survival,108,61,47
Exquisitor,draenor,1809,hunter,survival,502,252,250
Yosia,draenor,1808,hunter,survival,156,82,74
Daweí,draenor,1808,hunter,survival,90,46,44
Errowini,blackmoore,1807,hunter,survival,66,38,28
Irefutabilâ,outland,1806,hunter,survival,35,20,15
Jabela,eredar,1806,hunter,survival,95,54,41
Hühneknubbel,blackmoore,1806,hunter,survival,54,29,25
Кисяныч,gordunni,1805,hunter,survival,78,48,30
Mewithoutyou,ragnaros,1805,hunter,survival,292,144,148
Соняпиво,gordunni,1804,hunter,survival,72,41,31
Waza,grim-batol,1802,hunter,survival,131,74,57
Хансбург,howling-fjord,1802,hunter,survival,122,63,59
Nintara,outland,1801,hunter,survival,85,49,36
Inter,hellscream,1801,hunter,survival,56,28,28
Lagich,stormscale,1799,hunter,survival,34,24,10
Burbutsuluki,silvermoon,1798,hunter,survival,66,33,33
Calesthas,tarren-mill,1797,hunter,survival,102,52,50
Hunjo,quelthalas,1797,hunter,survival,155,74,81
Fotmspec,tarren-mill,1794,hunter,survival,36,24,12
Avaren,archimonde,1794,hunter,survival,124,63,61
Alexdi,kazzak,1792,hunter,survival,66,30,36
Jske,silvermoon,1790,hunter,survival,86,49,37
Búddhìst,ravencrest,1787,hunter,survival,66,29,37
Thugzilla,auchindoun,1784,hunter,survival,77,42,35
Kq,argent-dawn,1776,hunter,survival,63,34,29
Merryhuntin,ravencrest,1775,hunter,survival,36,19,17
Grulog,kazzak,1774,hunter,survival,84,41,43
Merquryh,ravencrest,1773,hunter,survival,30,23,7
Marryme,blackhand,1772,hunter,survival,116,70,46
Onlylfg,drakthul,1772,hunter,survival,68,35,33
Dreämhäck,ravencrest,1768,hunter,survival,78,47,31
Sneakyshoot,nemesis,1767,hunter,survival,59,31,28
Satantrapbot,outland,1760,hunter,survival,84,42,42
Chrønôs,archimonde,1758,hunter,survival,47,27,20
Lìmpy,stormreaver,1757,hunter,survival,48,29,19
Субоота,gordunni,1757,hunter,survival,203,106,97
Pwon,ravencrest,1757,hunter,survival,248,129,119
Easyclass,hyjal,1756,hunter,survival,78,40,38
Sunyjuyono,ravencrest,1756,hunter,survival,84,42,42
Minibicmex,aegwynn,1753,hunter,survival,106,53,53
Dheredre,silvermoon,1749,hunter,survival,53,28,25
Laayopeh,argent-dawn,1749,hunter,survival,228,118,110
Obbnfriends,ravencrest,1749,hunter,survival,66,30,36
Clifton,archimonde,1748,hunter,survival,42,27,15
Betarayjinx,kazzak,1746,hunter,survival,81,44,37
Nienel,archimonde,1746,hunter,survival,173,85,88
Глефард,fordragon,1744,hunter,survival,125,70,55
Chopitoo,blackmoore,1744,hunter,survival,138,73,65
Erethrus,ravencrest,1744,hunter,survival,56,27,29
Knokkelmann,outland,1743,hunter,survival,48,29,19
Fablet,draenor,1740,hunter,survival,60,34,26
Варкраб,blackscar,1740,hunter,survival,87,49,38
Agnêas,silvermoon,1740,hunter,survival,78,38,40
Kagrot,silvermoon,1739,hunter,survival,150,69,81
Shøt,stormreaver,1738,hunter,survival,88,51,37
Calyssae,shattered-halls,1737,hunter,survival,141,82,59
Døvah,argent-dawn,1737,hunter,survival,60,33,27
Boops,ragnaros,1737,hunter,survival,145,69,76
Âmalphy,ravencrest,1737,hunter,survival,60,27,33
Kayhh,stormscale,1736,hunter,survival,24,19,5
Ashimaru,sylvanas,1734,hunter,survival,48,31,17
Gedept,blackrock,1734,hunter,survival,104,57,47
Monkeytrapz,norgannon,1733,hunter,survival,54,29,25
Леоа,howling-fjord,1733,hunter,survival,60,28,32
Eunte,archimonde,1732,hunter,survival,122,62,60
Iòvól,azuremyst,1730,hunter,survival,150,85,65
Блатнайт,blackscar,1730,hunter,survival,124,58,66
Næmes,hyjal,1725,hunter,survival,70,40,30
Оскорбление,howling-fjord,1725,hunter,survival,126,65,61
Смертонносна,lich-king,1724,hunter,survival,44,26,18
Buoma,kazzak,1723,hunter,survival,42,21,21
Shotazz,frostmane,1722,hunter,survival,60,36,24
Pecorinö,archimonde,1722,hunter,survival,48,24,24
Ekexy,aegwynn,1722,hunter,survival,71,35,36
Åzey,hyjal,1721,hunter,survival,81,47,34
Твояпомощь,gordunni,1720,hunter,survival,54,35,19
Gurrmex,stormscale,1718,hunter,survival,44,24,20
Karuso,ravencrest,1715,hunter,survival,56,20,36
Тэмплест,howling-fjord,1714,hunter,survival,48,32,16
Wicmex,les-sentinelles,1713,hunter,survival,33,21,12
Eilosh,outland,1713,hunter,survival,66,34,32
Критпояйцам,howling-fjord,1712,hunter,survival,41,24,17
Zapzy,ravencrest,1709,hunter,survival,237,125,112
Draxil,archimonde,1709,hunter,survival,118,62,56
Xiumiune,antonidas,1708,hunter,survival,131,74,57
Фираналь,blackscar,1707,hunter,survival,108,56,52
Motri,tarren-mill,1706,hunter,survival,97,52,45
Скадхи,blackscar,1706,hunter,survival,168,83,85
Natchell,ysondre,1704,hunter,survival,66,34,32
Jögga,draenor,1703,hunter,survival,42,26,16
Ntwoõ,ravencrest,1701,hunter,survival,113,63,50
Zoo,archimonde,1700,hunter,survival,63,32,31
Veðir,argent-dawn,1700,hunter,survival,110,53,57
Ufecläimbe,eredar,1699,hunter,survival,40,25,15
Sorozo,aegwynn,1699,hunter,survival,120,62,58
Focüs,les-sentinelles,1699,hunter,survival,38,19,19
Yazqua,deathwing,1696,hunter,survival,70,42,28
Ластшот,blackscar,1696,hunter,survival,44,24,20
Разплюханка,howling-fjord,1696,hunter,survival,132,68,64
Ravebae,silvermoon,1696,hunter,survival,317,154,163
Lottemor,tarren-mill,1692,hunter,survival,89,60,29
Cira,archimonde,1691,hunter,survival,66,36,30
Skydraz,ysondre,1689,hunter,survival,84,48,36
Ódelagga,sylvanas,1689,hunter,survival,183,100,83
Paxiwtf,eredar,1686,hunter,survival,34,22,12
Unsáinted,ravencrest,1686,hunter,survival,341,179,162
Nixerious,alakir,1684,hunter,survival,42,27,15
Frapt,dalaran,1684,hunter,survival,34,20,14
Véncsótány,ragnaros,1684,hunter,survival,93,49,44
Детмазай,soulflayer,1684,hunter,survival,36,18,18
Skytraped,hyjal,1683,hunter,survival,47,30,17
Kurkelx,ravencrest,1683,hunter,survival,84,49,35
Regale,archimonde,1683,hunter,survival,186,89,97
ßlackjack,thrall,1682,hunter,survival,42,31,11
Skyh,outland,1682,hunter,survival,127,63,64
Wonkeedx,ravencrest,1681,hunter,survival,48,23,25
Nurki,the-maelstrom,1680,hunter,survival,53,26,27
Trapbot,drakthul,1680,hunter,survival,48,23,25
Janoh,dalaran,1679,hunter,survival,264,135,129
Doraxa,sanguino,1678,hunter,survival,116,54,62
Копия,azuregos,1676,hunter,survival,78,35,43
Slizzle,sporeggar,1675,hunter,survival,78,42,36
Brattamer,twisting-nether,1671,hunter,survival,34,23,11
Xallis,outland,1671,hunter,survival,77,43,34
Arrcher,thrall,1670,hunter,survival,36,26,10
Xlít,outland,1669,hunter,survival,36,20,16
Reelgigachad,archimonde,1668,hunter,survival,42,19,23
Surgethyme,ravencrest,1666,hunter,survival,39,23,16
Sphexya,ravencrest,1665,hunter,survival,48,23,25
Liikes,arygos,1664,hunter,survival,48,25,23
Pechvogel,blackmoore,1663,hunter,survival,78,45,33
Shiceloch,blackmoore,1662,hunter,survival,48,23,25
Waziralwazar,auchindoun,1661,hunter,survival,100,52,48
Иснсейшн,soulflayer,1660,hunter,survival,59,32,27
Subha,quelthalas,1660,hunter,survival,122,66,56
Glosendra,ravencrest,1660,hunter,survival,120,62,58
Axehead,outland,1660,hunter,survival,66,31,35
Wuad,silvermoon,1659,hunter,survival,66,37,29
Robzyhunter,kazzak,1659,hunter,survival,118,65,53
Стингергодх,gordunni,1659,hunter,survival,115,59,56
Horxxa,kul-tiras,1658,hunter,survival,120,74,46
Виралатта,gordunni,1658,hunter,survival,54,33,21
Lukez,ravencrest,1656,hunter,survival,48,28,20
Fusko,ysondre,1655,hunter,survival,122,61,61
Tiffanydoll,hyjal,1654,hunter,survival,96,53,43
Плутяра,blackscar,1654,hunter,survival,126,60,66
Meghanmarkle,tarren-mill,1653,hunter,survival,33,19,14
Rizlay,the-maelstrom,1653,hunter,survival,180,92,88
Zäroury,ravencrest,1653,hunter,survival,64,32,32
Dribla,blackhand,1652,hunter,survival,57,30,27
Xelsera,antonidas,1651,hunter,survival,48,27,21
Жуткойкрот,lich-king,1650,hunter,survival,84,36,48
Gradevine,twisting-nether,1646,hunter,survival,134,78,56
Amilienne,nozdormu,1646,hunter,survival,45,22,23
Hiddenstalke,argent-dawn,1645,hunter,survival,29,18,11
Бомбетта,grom,1645,hunter,survival,150,73,77
Zeanoff,ravencrest,1644,hunter,survival,42,23,19
Ryomen,garona,1644,hunter,survival,200,102,98
Нью,soulflayer,1644,hunter,survival,48,20,28
Kértor,die-aldor,1642,hunter,survival,45,26,19
Blvckjvckz,ravencrest,1642,hunter,survival,107,55,52
Vruh,antonidas,1638,hunter,survival,48,33,15
Zulldek,sanguino,1638,hunter,survival,78,42,36
Astair,hyjal,1637,hunter,survival,60,34,26
Avizi,anachronos,1637,hunter,survival,90,44,46
Geevhunt,hyjal,1637,hunter,survival,48,22,26
Morkahs,dalaran,1636,hunter,survival,42,23,19
Bren,shattrath,1636,hunter,survival,145,75,70
Fyxo,talnivarr,1634,hunter,survival,32,19,13
Defix,argent-dawn,1634,hunter,survival,157,80,77
Closeenought,ravencrest,1633,hunter,survival,102,51,51
Geralt,argent-dawn,1632,hunter,survival,54,26,28
Maiverx,ravencrest,1631,hunter,survival,24,17,7
Madzynette,archimonde,1631,hunter,survival,83,45,38
Подлыйстарик,gordunni,1629,hunter,survival,127,83,44
Olk,stormscale,1629,hunter,survival,30,17,13
Ashjen,aszune,1628,hunter,survival,55,29,26
Xhn,stormscale,1628,hunter,survival,78,38,40
Xxø,ravencrest,1627,hunter,survival,36,20,16
Sàvannah,ravencrest,1627,hunter,survival,177,92,85
Zacxx,ravencrest,1626,hunter,survival,89,58,31
Petshøp,outland,1624,hunter,survival,24,17,7
Iceyx,stormscale,1624,hunter,survival,49,22,27
Zøk,stormscale,1623,hunter,survival,208,110,98
Kajtarn,outland,1621,hunter,survival,66,30,36
Taurïel,stormscale,1620,hunter,survival,199,111,88
Raínbow,aegwynn,1620,hunter,survival,42,22,20
Urtanis,stormscale,1619,hunter,survival,113,60,53
Snarer,argent-dawn,1619,hunter,survival,114,59,55
Миаур,gordunni,1619,hunter,survival,100,49,51
Алекскиллшот,blackscar,1618,hunter,survival,42,23,19
Capullospawn,dun-morogh,1617,hunter,survival,60,36,24
Lowfet,neptulon,1617,hunter,survival,102,53,49
Leviáckerman,ravencrest,1617,hunter,survival,36,17,19
Bigbababotan,blackrock,1615,hunter,survival,117,71,46
Fyrya,ravencrest,1615,hunter,survival,36,21,15
Pizzafanatic,blackrock,1614,hunter,survival,49,25,24
Bittercoast,stormscale,1613,hunter,survival,53,24,29
Zérpent,kazzak,1612,hunter,survival,90,47,43
Серебрин,howling-fjord,1611,hunter,survival,40,26,14
Neyv,blackmoore,1611,hunter,survival,45,23,22
Sharún,sylvanas,1610,hunter,survival,67,41,26
Cenesthesia,draenor,1609,hunter,survival,118,65,53
Галятрицепс,eversong,1608,hunter,survival,79,43,36
Swïtchz,hyjal,1607,hunter,survival,42,27,15
Westcøãst,archimonde,1607,hunter,survival,60,37,23
Ruxhunter,sanguino,1607,hunter,survival,90,50,40
Gorgorm,ravencrest,1606,hunter,survival,30,17,13
Kydérr,aegwynn,1606,hunter,survival,48,23,25
Mclooving,runetotem,1604,hunter,survival,49,29,20
Jexxa,draenor,1603,hunter,survival,54,34,20
Turdy,executus,1603,hunter,survival,82,45,37
Florya,blackhand,1602,hunter,survival,63,32,31
Сабакаа,borean-tundra,1600,hunter,survival,90,50,40
Pluttbug,xavius,1599,hunter,survival,24,20,4
Albumx,hyjal,1599,hunter,survival,277,141,136
Losiané,thrall,1599,hunter,survival,98,49,49
Darllene,kazzak,1599,hunter,survival,101,46,55
Dariusmm,silvermoon,1598,hunter,survival,58,32,26
Løngßeâm,ysondre,1598,hunter,survival,72,36,36
Curbý,blackhand,1596,hunter,survival,66,30,36
Snippy,sanguino,1595,hunter,survival,252,119,133
Жэш,howling-fjord,1594,hunter,survival,60,29,31
Huntaro,blackmoore,1593,hunter,survival,128,65,63
Jakis,silvermoon,1591,hunter,survival,55,27,28
Løwg,drekthar,1590,hunter,survival,54,28,26
Yemmeth,argent-dawn,1589,hunter,survival,264,132,132
Zeer,sylvanas,1589,hunter,survival,207,98,109
Оути,azuregos,1588,hunter,survival,138,76,62
Свадебная,gordunni,1588,hunter,survival,196,103,93
Nazona,blackmoore,1587,hunter,survival,24,17,7
Lxoh,turalyon,1587,hunter,survival,419,208,211
Christophèr,grim-batol,1586,hunter,survival,42,19,23
Jinxpeasant,twisting-nether,1585,hunter,survival,48,29,19
Sznxøxo,ravencrest,1585,hunter,survival,42,24,18
Savageone,frostwhisper,1584,hunter,survival,60,28,32
Huntdekalité,khaz-modan,1582,hunter,survival,36,19,17
Фломидзе,gordunni,1581,hunter,survival,176,96,80
Rasmi,kazzak,1581,hunter,survival,111,53,58
Zion,kul-tiras,1580,hunter,survival,53,27,26
Renathir,argent-dawn,1579,hunter,survival,103,53,50
Oczkuhne,burning-legion,1577,hunter,survival,60,29,31
Danissia,argent-dawn,1576,hunter,survival,116,58,58
Tillhunt,kargath,1573,hunter,survival,87,50,37
Kuzes,ravencrest,1573,hunter,survival,49,21,28
Jäegr,hyjal,1572,hunter,survival,72,40,32
Гудхантер,blackscar,1571,hunter,survival,120,64,56
Смолильщик,gordunni,1570,hunter,survival,102,52,50
Sparcùs,stormreaver,1569,hunter,survival,54,37,17
Juniorm,kazzak,1568,hunter,survival,42,22,20
Хальвеген,gordunni,1566,hunter,survival,48,25,23
Jeanpisse,hyjal,1566,hunter,survival,89,46,43
Æblesaft,stormscale,1565,hunter,survival,36,19,17
Orcflayer,outland,1565,hunter,survival,60,31,29
Aspergun,ragnaros,1562,hunter,survival,64,30,34
Глаззалмаз,howling-fjord,1561,hunter,survival,40,25,15
Skzu,archimonde,1560,hunter,survival,53,32,21
Coopatron,silvermoon,1560,hunter,survival,36,21,15
Notikâ,aegwynn,1558,hunter,survival,257,134,123
Clicktrap,runetotem,1558,hunter,survival,44,21,23
Twitche,ravencrest,1557,hunter,survival,87,44,43
Турбоквардо,howling-fjord,1557,hunter,survival,47,22,25
Khodii,aegwynn,1556,hunter,survival,30,18,12
Coromant,blackrock,1556,hunter,survival,72,34,38
Хитвейн,gordunni,1553,hunter,survival,96,48,48
Hekyna,ravencrest,1551,hunter,survival,30,17,13
Synthyxqt,silvermoon,1551,hunter,survival,182,92,90
Чууч,blackscar,1549,hunter,survival,219,102,117
Babûsch,blackmoore,1545,hunter,survival,90,41,49
Пистоглазка,howling-fjord,1544,hunter,survival,29,18,11
Noop,sylvanas,1542,hunter,survival,153,75,78
Santaana,twisting-nether,1542,hunter,survival,45,22,23
Bågeniburen,draenor,1541,hunter,survival,36,21,15
Nillaxy,blackmoore,1541,hunter,survival,30,17,13
Flappypig,stormscale,1541,hunter,survival,44,21,23
Nemámponetí,drakthul,1540,hunter,survival,84,44,40
Halfogre,draenor,1540,hunter,survival,42,22,20
Wikariusz,kazzak,1540,hunter,survival,72,30,42
Jackdaniéls,twisting-nether,1539,hunter,survival,46,21,25
Capd,kazzak,1538,hunter,survival,71,39,32
Ищименявтени,gordunni,1538,hunter,survival,84,43,41
Ledrox,ravencrest,1538,hunter,survival,78,39,39
Riema,ragnaros,1536,hunter,survival,100,48,52
Vâzâyô,ravencrest,1534,hunter,survival,36,18,18
Knoxblå,stormscale,1533,hunter,survival,24,16,8
Éddiémórphín,kazzak,1532,hunter,survival,36,18,18
Repap,defias-brotherhood,1531,hunter,survival,42,19,23
Piercing,stormrage,1531,hunter,survival,42,17,25
Куджикс,gordunni,1531,hunter,survival,44,17,27
Psychotik,stormreaver,1530,hunter,survival,254,131,123
Badäpple,ravencrest,1530,hunter,survival,56,28,28
Saejku,archimonde,1528,hunter,survival,119,59,60
Vâleriaa,blackrock,1527,hunter,survival,106,53,53
Warroan,kilrogg,1525,hunter,survival,24,16,8
Raztreadör,dun-modr,1525,hunter,survival,342,175,167
Jøki,blackmoore,1524,hunter,survival,36,16,20
Axered,outland,1523,hunter,survival,30,17,13
Akasa,twilights-hammer,1523,hunter,survival,53,27,26
Neddly,draenor,1523,hunter,survival,36,16,20
Saedelaerex,twisting-nether,1521,hunter,survival,35,21,14
Гаррельд,blackscar,1521,hunter,survival,78,42,36
Jailevaccin,khaz-modan,1521,hunter,survival,163,80,83
Vexxed,thrall,1518,hunter,survival,36,21,15
Lilsnuss,outland,1517,hunter,survival,42,25,17
Badboyxoxo,stormscale,1517,hunter,survival,139,81,58
Headshotxd,ragnaros,1517,hunter,survival,36,16,20
Outofcontrol,karazhan,1515,hunter,survival,30,17,13
Mahmoudá,archimonde,1514,hunter,survival,24,16,8
Kaynor,dalaran,1513,hunter,survival,30,18,12
Zisqa,alleria,1508,hunter,survival,48,22,26
Ozga,magtheridon,1508,hunter,survival,48,21,27
Næ,kazzak,1504,hunter,survival,103,55,48
Молеандрис,gordunni,1503,hunter,survival,81,41,40
Melissax,silvermoon,1498,hunter,survival,69,30,39
Fmatzen,the-maelstrom,1498,hunter,survival,60,26,34
Mahikosan,outland,1497,hunter,survival,36,16,20
Headhunterrz,burning-legion,1496,hunter,survival,66,36,30
Andjelaa,kazzak,1496,hunter,survival,60,30,30
Abeba,grim-batol,1496,hunter,survival,59,29,30
Atalnta,ravencrest,1495,hunter,survival,87,39,48
Solotrap,kazzak,1495,hunter,survival,39,17,22
Clicker,runetotem,1494,hunter,survival,84,40,44
Bøøya,aegwynn,1492,hunter,survival,34,24,10
Illnysa,silvermoon,1492,hunter,survival,47,24,23
Ðarrk,tarren-mill,1492,hunter,survival,72,36,36
Unferth,the-venture-co,1492,hunter,survival,72,35,37
Анариэльсин,soulflayer,1491,hunter,survival,213,109,104
Ázurâ,blackhand,1490,hunter,survival,187,89,98
Chiwa,cthun,1490,hunter,survival,54,22,32
Mcgloebels,archimonde,1489,hunter,survival,39,23,16
Kabedon,drakthul,1489,hunter,survival,98,50,48
Toesniper,argent-dawn,1488,hunter,survival,57,37,20
Карвинн,soulflayer,1487,hunter,survival,36,18,18
Hakkoti,argent-dawn,1486,hunter,survival,72,36,36
Skumrask,outland,1486,hunter,survival,42,19,23
Афганыч,soulflayer,1485,hunter,survival,48,23,25
Rolky,silvermoon,1483,hunter,survival,76,43,33
Шадак,soulflayer,1483,hunter,survival,119,63,56
Jónes,dunemaul,1482,hunter,survival,62,32,30
Jamesyy,ravencrest,1480,hunter,survival,23,16,7
Bowmasterjay,kazzak,1480,hunter,survival,42,27,15
Otekkâ,hyjal,1479,hunter,survival,70,32,38
Suzumebachi,twisting-nether,1478,hunter,survival,91,49,42
Rettoo,aszune,1478,hunter,survival,54,28,26
Чужойй,howling-fjord,1478,hunter,survival,54,28,26
Каморан,grom,1476,hunter,survival,42,21,21
Akibane,blackmoore,1475,hunter,survival,38,21,17
Zaphody,doomhammer,1475,hunter,survival,96,53,43
Яшатаю,soulflayer,1474,hunter,survival,57,35,22
Petman,area-52,1474,hunter,survival,30,17,13
Robinbuds,stormscale,1469,hunter,survival,52,27,25
Комомура,soulflayer,1469,hunter,survival,119,61,58
Jeddaj,stormscale,1469,hunter,survival,102,50,52
Hreo,twisting-nether,1467,hunter,survival,90,45,45
Killitoss,blackmoore,1466,hunter,survival,54,26,28
Deathwallker,silvermoon,1465,hunter,survival,81,51,30
Танчибосс,soulflayer,1464,hunter,survival,139,67,72
Blackwarz,la-croisade-écarlate,1462,hunter,survival,44,29,15
Zuggander,ravencrest,1462,hunter,survival,42,21,21
Плутис,howling-fjord,1462,hunter,survival,42,16,26
Slickbackdan,the-maelstrom,1460,hunter,survival,48,27,21
Oggi,draenor,1460,hunter,survival,102,52,50
Китас,soulflayer,1459,hunter,survival,201,112,89
Shootingu,aegwynn,1459,hunter,survival,150,80,70
Graavi,silvermoon,1459,hunter,survival,62,32,30
Ðrãke,blackmoore,1458,hunter,survival,84,42,42
Русланяшный,soulflayer,1458,hunter,survival,102,50,52
Sívér,antonidas,1458,hunter,survival,77,36,41
Óneshóter,madmortem,1457,hunter,survival,80,43,37
Hoffen,dentarg,1456,hunter,survival,48,31,17
Feignindeath,twisting-nether,1455,hunter,survival,62,36,26
Sayn,la-croisade-écarlate,1453,hunter,survival,68,35,33
Звериныйпапа,gordunni,1451,hunter,survival,36,17,19
Ballistix,elune,1448,hunter,survival,52,26,26
Nalys,argent-dawn,1447,hunter,survival,70,39,31
Makeawish,antonidas,1444,hunter,survival,64,37,27
Dhadhar,kazzak,1444,hunter,survival,59,28,31
Survsen,kazzak,1442,hunter,survival,96,48,48
Kazzaak,kazzak,1440,hunter,survival,126,63,63
Kasperle,frostwolf,1439,hunter,survival,30,20,10
Куджикс,soulflayer,1439,hunter,survival,24,15,9
Zinà,naxxramas,1439,hunter,survival,58,31,27
Zrijad,draenor,1438,hunter,survival,44,29,15
Sandina,sylvanas,1438,hunter,survival,30,15,15
Islide,ravencrest,1438,hunter,survival,36,15,21
Lultrap,nemesis,1436,hunter,survival,24,15,9
Cásper,tarren-mill,1436,hunter,survival,84,48,36
Farell,laughing-skull,1435,hunter,survival,18,15,3
Jäinenool,outland,1435,hunter,survival,30,15,15
Plebtor,drakthul,1434,hunter,survival,44,19,25
Huntsmart,kazzak,1432,hunter,survival,30,15,15
Nozugzug,blackmoore,1431,hunter,survival,116,62,54
Boggy,outland,1431,hunter,survival,81,42,39
Eufumo,sanguino,1431,hunter,survival,53,26,27
Tyrone,saurfang,1431,hunter,survival,48,19,29
Pyrep,draenor,1430,hunter,survival,42,23,19
Крэин,howling-fjord,1430,hunter,survival,66,34,32
Dashaft,kazzak,1429,hunter,survival,93,52,41
Mahikotwo,arathor,1428,hunter,survival,24,15,9
Вилдфлекс,gordunni,1426,hunter,survival,36,25,11
Poggersdaddy,kazzak,1426,hunter,survival,24,15,9
Sarttrap,aerie-peak,1426,hunter,survival,48,27,21
Dorota,auchindoun,1426,hunter,survival,54,28,26
Рэдхаант,soulflayer,1426,hunter,survival,83,38,45
Тэуреэль,gordunni,1426,hunter,survival,66,26,40
Ambermyst,outland,1425,hunter,survival,30,16,14
Rheyl,dun-morogh,1423,hunter,survival,18,15,3
Aspects,blackrock,1423,hunter,survival,30,15,15
Malgorn,burning-legion,1422,hunter,survival,69,44,25
Хипдо,soulflayer,1422,hunter,survival,30,15,15
Crème,blackrock,1422,hunter,survival,231,111,120
Kalani,la-croisade-écarlate,1422,hunter,survival,155,74,81
Pentaboule,archimonde,1421,hunter,survival,150,78,72
Enistee,silvermoon,1421,hunter,survival,62,30,32
Shibai,outland,1420,hunter,survival,71,34,37
Ashendan,silvermoon,1420,hunter,survival,48,17,31
Мандалорецц,soulflayer,1418,hunter,survival,148,74,74
Bigter,arathor,1417,hunter,survival,50,27,23
Перидот,howling-fjord,1417,hunter,survival,30,15,15
Ðoñko,hyjal,1416,hunter,survival,204,100,104
Torelk,dalaran,1416,hunter,survival,36,17,19
Hännibal,nazjatar,1413,hunter,survival,65,30,35
Макфлайь,howling-fjord,1413,hunter,survival,36,16,20
Борькабритва,soulflayer,1412,hunter,survival,48,20,28
Bicepspump,dun-morogh,1412,hunter,survival,36,15,21
Сильвиина,eversong,1411,hunter,survival,48,24,24
Suxino,doomhammer,1410,hunter,survival,118,57,61
Arykes,drakthul,1410,hunter,survival,65,30,35
Kürze,silvermoon,1409,hunter,survival,58,27,31
Artemisïa,archimonde,1409,hunter,survival,60,25,35
Zárnah,defias-brotherhood,1408,hunter,survival,42,15,27
Sarbacanes,hyjal,1405,hunter,survival,60,30,30
Кфоззи,soulflayer,1403,hunter,survival,48,23,25
Äzul,ysondre,1402,hunter,survival,91,44,47
Mert,ravencrest,1401,hunter,survival,132,68,64
Heliandra,dun-modr,1400,hunter,survival,42,23,19
Ниалла,thermaplugg,1399,hunter,survival,60,28,32
Bôbby,kelthuzad,1395,hunter,survival,36,17,19
Живучийорех,gordunni,1394,hunter,survival,24,15,9
Floris,outland,1394,hunter,survival,66,36,30
Кулерквест,soulflayer,1393,hunter,survival,139,65,74
Вандамос,soulflayer,1392,hunter,survival,133,69,64
Кир,blackscar,1389,hunter,survival,76,43,33
Littlhuntard,tarren-mill,1388,hunter,survival,30,17,13
Twérk,blackmoore,1387,hunter,survival,71,36,35
Moralisa,eredar,1387,hunter,survival,60,28,32
Tortoise,blackrock,1386,hunter,survival,21,15,6
Spiffs,twisting-nether,1386,hunter,survival,54,21,33
Bigmøist,ravencrest,1385,hunter,survival,141,72,69
Schwabbels,silvermoon,1384,hunter,survival,30,15,15
Röwene,argent-dawn,1383,hunter,survival,50,28,22
Wastage,draenor,1383,hunter,survival,54,26,28
Trapfish,dalaran,1382,hunter,survival,216,112,104
Santiägø,archimonde,1380,hunter,survival,66,37,29
Ajko,blackmoore,1378,hunter,survival,60,33,27
Regele,silvermoon,1378,hunter,survival,95,48,47
Lrr,grim-batol,1375,hunter,survival,53,28,25
Chupsor,ravencrest,1375,hunter,survival,74,34,40
Йинги,gordunni,1371,hunter,survival,83,43,40
Штынь,gordunni,1370,hunter,survival,60,24,36
Hotgrillexde,sylvanas,1369,hunter,survival,29,15,14
Dzago,burning-legion,1368,hunter,survival,38,15,23
Crapulegangz,archimonde,1367,hunter,survival,38,15,23
Harrak,ysondre,1365,hunter,survival,72,47,25
Hunttes,nagrand,1365,hunter,survival,29,15,14
Хантзер,howling-fjord,1362,hunter,survival,146,70,76
Huntiika,silvermoon,1359,hunter,survival,101,49,52
Pls,blackmoore,1359,hunter,survival,35,16,19
Dîdierraoult,archimonde,1358,hunter,survival,29,15,14
Vengefull,draenor,1357,hunter,survival,174,88,86
Myoui,silvermoon,1354,hunter,survival,30,15,15
Mizumo,burning-legion,1352,hunter,survival,42,16,26
Westend,draenor,1351,hunter,survival,30,15,15
Wolder,burning-legion,1350,hunter,survival,29,15,14
Abovival,ragnaros,1349,hunter,survival,30,20,10
Ashablack,argent-dawn,1348,hunter,survival,241,125,116
Ilørell,archimonde,1348,hunter,survival,77,35,42
Yszï,dalaran,1346,hunter,survival,60,32,28
Sasquaczek,burning-legion,1343,hunter,survival,55,31,24
Shoty,zuluhed,1343,hunter,survival,118,54,64
Согекхей,gordunni,1343,hunter,survival,120,51,69
Alibigjungle,ravencrest,1342,hunter,survival,30,14,16
Ketaminösa,zuljin,1341,hunter,survival,24,14,10
Stellhammer,kazzak,1341,hunter,survival,29,15,14
Ägris,die-todeskrallen,1341,hunter,survival,296,153,143
Icetrapped,eredar,1341,hunter,survival,30,14,16
Xaone,blackrock,1340,hunter,survival,18,14,4
Fiskerr,darksorrow,1339,hunter,survival,30,14,16
Айхана,gordunni,1337,hunter,survival,53,30,23
Skyyw,tarren-mill,1337,hunter,survival,85,45,40
Snôptas,blackmoore,1337,hunter,survival,32,15,17
Purée,ragnaros,1337,hunter,survival,30,14,16
Kishunt,ravencrest,1336,hunter,survival,27,15,12
Kleiar,dun-modr,1335,hunter,survival,27,15,12
Kobayashi,arathor,1335,hunter,survival,167,79,88
Getsniffarn,sylvanas,1334,hunter,survival,90,47,43
Jalcer,draenor,1334,hunter,survival,62,28,34
Забзаб,soulflayer,1333,hunter,survival,24,14,10
Spitchy,kazzak,1333,hunter,survival,62,33,29
Grimazg,chogall,1332,hunter,survival,42,25,17
Burninghunt,ravencrest,1332,hunter,survival,24,14,10
Trappewpew,blackmoore,1331,hunter,survival,24,14,10
Oneshootqt,aegwynn,1331,hunter,survival,91,48,43
Misscreggor,ravencrest,1328,hunter,survival,66,28,38
Скримзх,gordunni,1326,hunter,survival,65,41,24
Пятницкий,soulflayer,1326,hunter,survival,41,22,19
Тике,soulflayer,1325,hunter,survival,98,52,46
Svinaset,shattered-hand,1325,hunter,survival,54,27,27
Стивстифлер,razuvious,1323,hunter,survival,84,44,40
Jamalinho,silvermoon,1322,hunter,survival,60,38,22
Бандерака,goldrinn,1321,hunter,survival,42,24,18
Huntanova,antonidas,1321,hunter,survival,54,21,33
Junglez,nagrand,1320,hunter,survival,64,36,28
Vorsord,zuljin,1320,hunter,survival,72,34,38
Воррен,howling-fjord,1319,hunter,survival,47,25,22
Speartusk,blackhand,1319,hunter,survival,42,22,20
Itchy,das-syndikat,1319,hunter,survival,116,54,62
Danaetia,aerie-peak,1317,hunter,survival,30,14,16
Алестея,gordunni,1316,hunter,survival,30,14,16
Zehned,ysondre,1315,hunter,survival,86,39,47
Slagatronic,ragnaros,1314,hunter,survival,114,60,54
Kamayail,skullcrusher,1312,hunter,survival,80,40,40
Дэнитрехо,soulflayer,1311,hunter,survival,36,14,22
Buszos,burning-legion,1310,hunter,survival,36,20,16
Gakco,twisting-nether,1310,hunter,survival,60,32,28
Pãstèque,ravencrest,1309,hunter,survival,28,15,13
Занзуолли,howling-fjord,1309,hunter,survival,66,32,34
Karabeg,twisting-nether,1301,hunter,survival,53,22,31
Thëoden,cthun,1298,hunter,survival,30,16,14
Steezowl,kazzak,1297,hunter,survival,47,20,27
Prodanhunts,frostmane,1296,hunter,survival,30,14,16
Torrë,sanguino,1294,hunter,survival,103,48,55
Millebobert,kazzak,1293,hunter,survival,36,15,21
Cliff,kiljaeden,1292,hunter,survival,49,25,24
Reðrighthånð,throkferoth,1286,hunter,survival,37,18,19
Iyelee,malfurion,1286,hunter,survival,31,15,16
Zwerghauer,arthas,1286,hunter,survival,42,20,22
Tôm,ravencrest,1282,hunter,survival,42,25,17
Wôôdsy,blackrock,1280,hunter,survival,48,22,26
Барабаша,deathguard,1278,hunter,survival,40,15,25
Onefatalshot,the-maelstrom,1277,hunter,survival,37,16,21
Фурболгов,gordunni,1274,hunter,survival,83,38,45
Herubin,doomhammer,1268,hunter,survival,98,48,50
Sainttcc,thrall,1267,hunter,survival,66,34,32
Dhmain,frostmane,1267,hunter,survival,93,40,53
Wessin,ysondre,1266,hunter,survival,60,31,29
Мауровани,eversong,1265,hunter,survival,30,16,14
Foxyfoxo,guldan,1263,hunter,survival,54,26,28
Doojas,archimonde,1263,hunter,survival,30,14,16
Hopefol,ravencrest,1261,hunter,survival,48,17,31
Yakx,dun-modr,1260,hunter,survival,36,18,18
Jomoguin,stormscale,1255,hunter,survival,54,27,27
Haku,burning-legion,1254,hunter,survival,57,27,30
Whyareurunin,silvermoon,1251,hunter,survival,70,28,42
Didzon,ravencrest,1249,hunter,survival,24,14,10
Kaboumba,archimonde,1248,hunter,survival,30,19,11
Tortillia,madmortem,1248,hunter,survival,99,44,55
Rollin,khaz-modan,1247,hunter,survival,24,15,9
Oey,ravencrest,1247,hunter,survival,30,13,17
Wræqraxx,ravencrest,1246,hunter,survival,76,45,31
Jumong,ragnaros,1246,hunter,survival,24,13,11
Spliinter,twisting-nether,1245,hunter,survival,58,37,21
Caelas,outland,1245,hunter,survival,36,17,19
Vargar,arygos,1245,hunter,survival,30,13,17
Guanchin,silvermoon,1245,hunter,survival,42,16,26
Thalanos,antonidas,1243,hunter,survival,30,13,17
Tomasínos,drakthul,1241,hunter,survival,30,13,17
Querro,azshara,1241,hunter,survival,54,17,37
Hasselunden,ravencrest,1237,hunter,survival,24,13,11
Míoo,antonidas,1235,hunter,survival,28,15,13
Sláyer,the-shatar,1233,hunter,survival,82,45,37
Мертвыйпсарь,soulflayer,1228,hunter,survival,52,25,27
Kapitannapas,deathwing,1225,hunter,survival,30,13,17
Girlfwiend,argent-dawn,1225,hunter,survival,36,14,22
Bairex,magtheridon,1222,hunter,survival,120,66,54
Sekkeh,ragnaros,1221,hunter,survival,36,14,22
Bloodxx,ragnaros,1218,hunter,survival,104,49,55
Doru,silvermoon,1215,hunter,survival,166,84,82
Konghans,ravencrest,1214,hunter,survival,42,19,23
Kaletorw,ragnaros,1209,hunter,survival,36,17,19
Abeji,malygos,1208,hunter,survival,29,13,16
Тельдритис,gordunni,1207,hunter,survival,35,14,21
Aequitaz,blackhand,1207,hunter,survival,44,16,28
Cosmokid,shadowsong,1206,hunter,survival,67,41,26
Nvukaze,argent-dawn,1205,hunter,survival,39,23,16
Caedus,argent-dawn,1205,hunter,survival,48,18,30
Bâng,zuljin,1204,hunter,survival,30,15,15
Eledanu,blackmoore,1200,hunter,survival,24,16,8
Jimpage,eredar,1195,hunter,survival,29,13,16
Jarekk,auchindoun,1192,hunter,survival,23,14,9
Trackmedown,kazzak,1180,hunter,survival,22,13,9
Dragonflayer,sylvanas,1180,hunter,survival,66,37,29
Binhoker,argent-dawn,1173,hunter,survival,18,13,5
Murotar,dalaran,1173,hunter,survival,24,13,11
Pàtküt,blackmoore,1173,hunter,survival,34,15,19
Raley,archimonde,1165,hunter,survival,29,13,16
Platza,ragnaros,1162,hunter,survival,36,17,19
Chalid,aegwynn,1161,hunter,survival,48,25,23
Voltár,antonidas,1161,hunter,survival,42,17,25
Grufflin,bronzebeard,1160,hunter,survival,38,16,22
Iloveluna,silvermoon,1152,hunter,survival,18,12,6
Vilopez,arthas,1151,hunter,survival,18,12,6
Sniperqueenx,bloodscalp,1151,hunter,survival,18,12,6
Larrylegend,der-rat-von-dalaran,1151,hunter,survival,18,12,6
Alpharaven,ravencrest,1151,hunter,survival,18,12,6
Ähäkutti,kazzak,1151,hunter,survival,30,12,18
Hexojs,outland,1150,hunter,survival,18,12,6
Erhu,drakthul,1150,hunter,survival,18,12,6
Nkl,archimonde,1150,hunter,survival,24,12,12
Niro,argent-dawn,1150,hunter,survival,24,12,12
Sadmasl,blackmoore,1149,hunter,survival,18,12,6
Еваджонсон,gordunni,1149,hunter,survival,24,12,12
Nevêrse,archimonde,1147,hunter,survival,24,12,12
Nunziatellà,nemesis,1147,hunter,survival,24,12,12
Kirax,ravencrest,1147,hunter,survival,27,13,14
Terrorduni,tarren-mill,1147,hunter,survival,30,12,18
Jäegarn,ravencrest,1146,hunter,survival,18,12,6
Eyvin,defias-brotherhood,1144,hunter,survival,24,12,12
Zerøskilgodx,antonidas,1143,hunter,survival,18,12,6
Orcpie,defias-brotherhood,1143,hunter,survival,36,16,20
Såvëâmäzøñíà,stormscale,1142,hunter,survival,30,12,18
Pôîson,kazzak,1139,hunter,survival,149,69,80
Gilzog,exodar,1138,hunter,survival,30,12,18
Cabaim,eredar,1137,hunter,survival,18,12,6
Хантероо,gordunni,1137,hunter,survival,30,17,13
Absolutnoob,blackrock,1136,hunter,survival,98,50,48
Autoturret,eredar,1130,hunter,survival,30,12,18
Henario,ravencrest,1125,hunter,survival,25,12,13
Cämper,aegwynn,1124,hunter,survival,24,12,12
Leemool,ysondre,1123,hunter,survival,30,18,12
Azuren,twisting-nether,1122,hunter,survival,29,13,16
Nith,ungoro,1119,hunter,survival,114,53,61
Ayshæ,tarren-mill,1119,hunter,survival,114,48,66
Fãdê,ravencrest,1118,hunter,survival,20,13,7
Marvii,drakthul,1117,hunter,survival,66,26,40
Шеддикс,gordunni,1107,hunter,survival,26,13,13
Riscante,dun-morogh,1106,hunter,survival,46,21,25
Зомбим,soulflayer,1103,hunter,survival,53,20,33
Apachy,amanthul,1100,hunter,survival,29,12,17
Aszasi,azjolnerub,1096,hunter,survival,23,12,11
Eromoar,outland,1091,hunter,survival,45,20,25
Himba,dentarg,1088,hunter,survival,36,18,18
Mefhunter,tarren-mill,1081,hunter,survival,17,12,5
Dørrak,hyjal,1075,hunter,survival,100,40,60
Therön,silvermoon,1074,hunter,survival,71,23,48
Chamillon,archimonde,1068,hunter,survival,42,14,28
Milandra,the-maelstrom,1064,hunter,survival,88,43,45
Daiking,pozzo-delleternità,1064,hunter,survival,160,68,92
Guccyfied,blackrock,1056,hunter,survival,18,11,7
Speedymarieh,argent-dawn,1056,hunter,survival,18,11,7
Djsecousse,hyjal,1056,hunter,survival,18,11,7
Supcuz,stormscale,1056,hunter,survival,24,11,13
Djurmästaren,ravencrest,1055,hunter,survival,18,11,7
Djtrápálót,dragonmaw,1055,hunter,survival,18,11,7
Syniix,ravencrest,1055,hunter,survival,18,11,7
Ремонтлицаа,gordunni,1055,hunter,survival,24,11,13
Ранкон,lich-king,1055,hunter,survival,24,11,13
Morgard,uldum,1055,hunter,survival,24,11,13
Tràpz,archimonde,1053,hunter,survival,18,11,7
Cataleýà,outland,1052,hunter,survival,18,11,7
Ravendy,stormscale,1049,hunter,survival,30,11,19
Assaultrifle,frostmane,1048,hunter,survival,24,11,13
Dauria,blackhand,1048,hunter,survival,30,11,19
Isøbu,hyjal,1047,hunter,survival,30,11,19
Haileyjones,darkmoon-faire,1046,hunter,survival,18,11,7
Klittcrit,bloodhoof,1046,hunter,survival,24,11,13
Shergeon,sanguino,1043,hunter,survival,18,11,7
Haranti,dun-modr,1042,hunter,survival,18,11,7
Cazados,shendralar,1038,hunter,survival,28,12,16
Zaboozá,ragnaros,1038,hunter,survival,33,12,21
Питбуль,deepholm,1034,hunter,survival,18,11,7
Volotyr,ravencrest,1033,hunter,survival,24,11,13
Yinn,kilrogg,1028,hunter,survival,101,43,58
Bawzé,archimonde,1022,hunter,survival,22,11,11
Tessuti,doomhammer,1022,hunter,survival,30,11,19
Оверман,azuregos,1021,hunter,survival,32,12,20
Shanè,blackrock,1021,hunter,survival,36,13,23
Szybky,defias-brotherhood,1017,hunter,survival,18,11,7
Фетсол,soulflayer,1017,hunter,survival,23,11,12
Utt,argent-dawn,1016,hunter,survival,47,16,31
Giobi,draenor,1013,hunter,survival,36,20,16
Roacher,hyjal,1011,hunter,survival,29,11,18
Magicnanø,nemesis,1008,hunter,survival,27,11,16
Zudith,sanguino,1007,hunter,survival,41,18,23
Kubelwagen,dun-modr,1004,hunter,survival,23,11,12
Kinaou,sargeras,1003,hunter,survival,54,25,29
Sliki,auchindoun,989,hunter,survival,37,13,24
Animàl,argent-dawn,988,hunter,survival,22,11,11
Keinzira,hyjal,988,hunter,survival,32,12,20
Huntoruu,outland,983,hunter,survival,113,48,65
Naramir,ysondre,981,hunter,survival,38,11,27
Agarez,blackrock,978,hunter,survival,48,20,28
Джулибуба,howling-fjord,974,hunter,survival,25,11,14
Änubïs,culte-de-la-rive-noire,973,hunter,survival,28,12,16
Крысюкпифпаф,blackscar,971,hunter,survival,19,11,8
Tayu,throkferoth,960,hunter,survival,12,10,2
Reviam,ravencrest,960,hunter,survival,12,10,2
Аминотоксид,blackscar,960,hunter,survival,12,10,2
Мигнитюша,blackscar,960,hunter,survival,18,10,8
Vincex,ravencrest,960,hunter,survival,18,10,8
Neilime,marécage-de-zangar,960,hunter,survival,80,37,43
Cyhi,ravencrest,960,hunter,survival,24,10,14
Louce,argent-dawn,960,hunter,survival,24,10,14
Nayeem,silvermoon,959,hunter,survival,12,10,2
Патчхороший,howling-fjord,959,hunter,survival,18,10,8
Painaldeepz,stormscale,959,hunter,survival,18,10,8
Caìuz,pozzo-delleternità,959,hunter,survival,18,10,8
Cryts,dun-modr,959,hunter,survival,24,10,14
Ревирин,gordunni,958,hunter,survival,12,10,2
Nondinhos,burning-legion,958,hunter,survival,16,11,5
Уроборос,gordunni,958,hunter,survival,18,10,8
Менстряк,deathguard,958,hunter,survival,18,10,8
Grusijohn,executus,958,hunter,survival,18,10,8
Anklar,blackrock,958,hunter,survival,24,10,14
Silverlaine,quelthalas,957,hunter,survival,12,10,2
Elyar,eredar,957,hunter,survival,18,10,8
Элфй,gordunni,956,hunter,survival,18,10,8
Badhunt,stormscale,956,hunter,survival,24,10,14
Starkt,ragnaros,956,hunter,survival,24,10,14
Раелиин,gordunni,955,hunter,survival,24,10,14
Цезарьрома,soulflayer,955,hunter,survival,33,10,23
Shenra,argent-dawn,954,hunter,survival,18,10,8
Hevl,silvermoon,954,hunter,survival,18,10,8
Memli,uldaman,950,hunter,survival,18,10,8
Marluxiâ,archimonde,947,hunter,survival,30,11,19
Zipzâp,blackrock,936,hunter,survival,18,10,8
Shannaë,sanguino,924,hunter,survival,12,10,2
Killdembro,sunstrider,913,hunter,survival,174,63,111
Maikbb,stormreaver,910,hunter,survival,23,10,13
Chillibetv,blackrock,906,hunter,survival,27,11,16
Jezter,darksorrow,905,hunter,survival,27,10,17
Санясурв,gordunni,903,hunter,survival,30,15,15
Cinnè,frostwolf,895,hunter,survival,22,10,12
Bláckheart,doomhammer,888,hunter,survival,22,10,12
Ирртой,grom,885,hunter,survival,24,10,14
Louårn,hyjal,872,hunter,survival,51,11,40
Bowkeeper,kazzak,870,hunter,survival,103,50,53
Crøxx,archimonde,864,hunter,survival,12,9,3
Antisober,ravencrest,864,hunter,survival,12,9,3
Veganmuscles,madmortem,864,hunter,survival,15,10,5
Rynextwo,khaz-modan,864,hunter,survival,18,9,9
Feyoonxx,blackrock,864,hunter,survival,18,9,9
Vukal,kazzak,864,hunter,survival,18,9,9
Bùddhíst,ravencrest,864,hunter,survival,18,9,9
Nooksem,blackrock,864,hunter,survival,18,9,9
Mortybeans,ravencrest,864,hunter,survival,18,9,9
Theeonetime,ravencrest,864,hunter,survival,24,9,15
Spidak,stormscale,863,hunter,survival,12,9,3
Mileysaures,stormscale,863,hunter,survival,12,9,3
Tomli,nemesis,863,hunter,survival,12,9,3
Murkek,drakthul,863,hunter,survival,12,9,3
Dekax,blackhand,863,hunter,survival,14,9,5
Shubou,silvermoon,863,hunter,survival,18,9,9
Nirn,ravencrest,863,hunter,survival,18,9,9
Тиометра,gordunni,862,hunter,survival,12,9,3
Kailley,conseil-des-ombres,862,hunter,survival,12,9,3
Sjufemman,ravencrest,862,hunter,survival,18,9,9
Kayvaal,kaelthas,862,hunter,survival,18,9,9
Fluffiis,twisting-nether,861,hunter,survival,12,9,3
Kissnodig,outland,861,hunter,survival,18,9,9
Secrety,doomhammer,860,hunter,survival,18,9,9
Välk,sylvanas,860,hunter,survival,18,9,9
Пивпавнах,gordunni,859,hunter,survival,12,9,3
Raenard,ragnaros,858,hunter,survival,21,10,11
Madtony,aegwynn,858,hunter,survival,24,9,15
Thalanos,blackmoore,856,hunter,survival,24,12,12
Karasana,earthen-ring,855,hunter,survival,30,9,21
Blackox,zirkel-des-cenarius,853,hunter,survival,18,9,9
Mufassa,sinstralis,849,hunter,survival,18,9,9
Beaupapa,archimonde,846,hunter,survival,18,9,9
Powerhord,burning-legion,839,hunter,survival,41,16,25
Trabucones,sanguino,830,hunter,survival,24,9,15
Adram,burning-legion,828,hunter,survival,22,9,13
Reenacer,dun-modr,822,hunter,survival,42,16,26
Blhunt,magtheridon,800,hunter,survival,16,9,7
Lofiv,turalyon,799,hunter,survival,16,9,7
Techpoint,silvermoon,768,hunter,survival,12,8,4
Adefthunt,kazzak,768,hunter,survival,12,8,4
Jayquillen,sylvanas,768,hunter,survival,12,8,4
Slighth,ragnaros,768,hunter,survival,12,8,4
Jaggy,hyjal,768,hunter,survival,12,8,4
Evengance,dragonblight,768,hunter,survival,12,8,4
Deuteríum,outland,768,hunter,survival,12,8,4
Dumbfoundead,argent-dawn,768,hunter,survival,12,8,4
Velen,pozzo-delleternità,768,hunter,survival,12,8,4
Трапавграунд,howling-fjord,768,hunter,survival,18,8,10
Bø,burning-blade,768,hunter,survival,18,8,10
Пьёт,gordunni,768,hunter,survival,18,8,10
Notrexx,kazzak,768,hunter,survival,18,8,10
Equiph,silvermoon,768,hunter,survival,18,8,10
Chaxxqt,aegwynn,768,hunter,survival,21,9,12
Бамбра,thermaplugg,768,hunter,survival,24,8,16
Epicsurvive,kazzak,768,hunter,survival,24,8,16
Янемилашка,howling-fjord,768,hunter,survival,24,8,16
Viperr,nemesis,768,hunter,survival,30,8,22
Alissón,aegwynn,767,hunter,survival,12,8,4
Lockshot,ragnaros,767,hunter,survival,12,8,4
Тиандриса,soulflayer,767,hunter,survival,12,8,4
Øpedro,kirin-tor,767,hunter,survival,12,8,4
Nokti,die-ewige-wacht,767,hunter,survival,12,8,4
Luftikuss,arthas,767,hunter,survival,12,8,4
Вкинулматрас,gordunni,767,hunter,survival,18,8,10
Arnakua,outland,767,hunter,survival,18,8,10
Double,sylvanas,767,hunter,survival,18,8,10
Lunikehunt,eldrethalas,767,hunter,survival,24,8,16
Outofarrows,earthen-ring,766,hunter,survival,18,8,10
Noréaga,suramar,766,hunter,survival,18,8,10
Kaj,kelthuzad,766,hunter,survival,18,8,10
Вуйчеч,howling-fjord,766,hunter,survival,24,8,16
Pispirelul,ravencrest,765,hunter,survival,21,9,12
Harmonía,outland,764,hunter,survival,24,8,16
Haskeer,shattrath,763,hunter,survival,24,8,16
Ubietza,aegwynn,763,hunter,survival,24,8,16
Døømslayer,nemesis,762,hunter,survival,12,8,4
Риппер,gordunni,762,hunter,survival,24,8,16
Thëhunter,tyrande,749,hunter,survival,17,8,9
Hanibale,burning-blade,740,hunter,survival,31,8,23
Pjållistani,ravencrest,735,hunter,survival,11,8,3
Katwizrø,hyjal,734,hunter,survival,17,8,9
Greel,saurfang,719,hunter,survival,60,19,41
Ватмано,gordunni,718,hunter,survival,11,8,3
Ilòóll,veknilash,703,hunter,survival,17,8,9
Reefa,the-maelstrom,702,hunter,survival,11,8,3
Archfiend,stormscale,702,hunter,survival,21,8,13
Dexx,kazzak,698,hunter,survival,17,9,8
Трапгодикс,eversong,672,hunter,survival,12,7,5
Nulles,ravencrest,672,hunter,survival,12,7,5
Davidghettô,dalaran,672,hunter,survival,12,7,5
Muxilina,ravencrest,672,hunter,survival,12,7,5
Tomorrow,ravencrest,672,hunter,survival,12,7,5
Fóx,sunstrider,672,hunter,survival,12,7,5
Laptopplayër,ravencrest,672,hunter,survival,12,7,5
Гринмех,gordunni,672,hunter,survival,12,7,5
Weedonyhunt,hyjal,672,hunter,survival,12,7,5
Yonsa,blackmoore,672,hunter,survival,12,7,5
Волкорн,gordunni,672,hunter,survival,12,7,5
Amadia,defias-brotherhood,672,hunter,survival,12,7,5
Waizen,archimonde,672,hunter,survival,12,7,5
Masthuhn,blackmoore,672,hunter,survival,12,7,5
Trapsgaye,blackmoore,672,hunter,survival,12,7,5
Ilovemax,archimonde,672,hunter,survival,12,7,5
Норапина,eversong,672,hunter,survival,33,15,18
Avashah,ravencrest,672,hunter,survival,16,7,9
Frozenpies,stormscale,672,hunter,survival,18,7,11
Moscowmule,tarren-mill,672,hunter,survival,18,7,11
Хикази,soulflayer,672,hunter,survival,18,7,11
Kapowz,kazzak,672,hunter,survival,18,7,11
Creedncali,outland,672,hunter,survival,18,7,11
Crostaws,terokkar,672,hunter,survival,18,7,11
Wórldz,dun-modr,672,hunter,survival,18,7,11
Flamehand,kazzak,671,hunter,survival,12,7,5
Fyoni,silvermoon,671,hunter,survival,12,7,5
Theme,aegwynn,671,hunter,survival,12,7,5
Survivalhunt,draenor,671,hunter,survival,12,7,5
Oldlynx,ravencrest,671,hunter,survival,12,7,5
Koblajan,draenor,671,hunter,survival,12,7,5
Mechakænytwo,antonidas,671,hunter,survival,13,7,6
Shanndu,ravencrest,671,hunter,survival,18,7,11
Neepal,archimonde,671,hunter,survival,18,7,11
Karruck,tarren-mill,671,hunter,survival,18,7,11
Teztded,ravencrest,671,hunter,survival,18,7,11
Koblih,draenor,671,hunter,survival,30,7,23
Renegansnipe,silvermoon,670,hunter,survival,18,7,11
Panfilmaaj,burning-legion,670,hunter,survival,19,7,12
Tyràél,mugthol,669,hunter,survival,12,7,5
Sylverein,silvermoon,669,hunter,survival,24,7,17
Jsâ,blackmoore,667,hunter,survival,18,7,11
Mahemi,mazrigos,664,hunter,survival,30,7,23
Skyythe,dun-morogh,649,hunter,survival,18,7,11
Drolig,blackmoore,643,hunter,survival,21,11,10
Denzal,archimonde,640,hunter,survival,16,7,9
Beersalma,arathor,623,hunter,survival,11,7,4
Iendx,silvermoon,623,hunter,survival,11,7,4
Axiøs,thrall,623,hunter,survival,17,7,10
Bugspitz,outland,622,hunter,survival,11,7,4
Хищник,gordunni,622,hunter,survival,14,8,6
Gharzok,blackrock,618,hunter,survival,14,8,6
Gitanìlla,dun-modr,576,hunter,survival,6,6,0
Charterjk,eredar,576,hunter,survival,6,6,0
Ernorx,stormscale,576,hunter,survival,6,6,0
Ävírøñskÿ,ravencrest,576,hunter,survival,6,6,0
Kustjägaren,twisting-nether,576,hunter,survival,6,6,0
Vinniehunter,archimonde,576,hunter,survival,6,6,0
Zøøkëëper,silvermoon,576,hunter,survival,12,6,6
Bkrbot,dun-modr,576,hunter,survival,12,6,6
Yezzu,sylvanas,576,hunter,survival,12,6,6
Slougshot,archimonde,576,hunter,survival,12,6,6
Psghunt,argent-dawn,576,hunter,survival,12,6,6
Коблазнх,howling-fjord,576,hunter,survival,12,6,6
Bicmeks,ravencrest,576,hunter,survival,12,6,6
Common,drakthul,576,hunter,survival,12,6,6
Nobuno,dun-modr,576,hunter,survival,12,6,6
Uranîa,blackmoore,576,hunter,survival,12,6,6
Anupephu,stormscale,576,hunter,survival,12,6,6
Lightxyz,ravencrest,576,hunter,survival,12,6,6
Maddoqx,frostwolf,576,hunter,survival,12,6,6
Weraxo,ravencrest,576,hunter,survival,12,6,6
Mouganstine,archimonde,576,hunter,survival,12,6,6
Milkyway,jaedenar,576,hunter,survival,12,6,6
Jamoneame,sanguino,576,hunter,survival,12,6,6
Ямилигодц,soulflayer,576,hunter,survival,12,6,6
Lizch,argent-dawn,576,hunter,survival,12,6,6
Scarletgirl,draenor,576,hunter,survival,12,6,6
Snoude,silvermoon,576,hunter,survival,12,6,6
Gormlokar,kazzak,576,hunter,survival,12,6,6
Тофуитер,howling-fjord,576,hunter,survival,12,6,6
Bobshmurda,defias-brotherhood,576,hunter,survival,18,6,12
Borbotir,silvermoon,576,hunter,survival,18,6,12
Seandeluxe,defias-brotherhood,576,hunter,survival,18,6,12
Cough,earthen-ring,576,hunter,survival,18,6,12
Faccacamoale,twisting-nether,576,hunter,survival,18,6,12
Эвилтар,soulflayer,576,hunter,survival,18,6,12
Broomyuk,kilrogg,575,hunter,survival,12,6,6
Knösler,anetheron,575,hunter,survival,12,6,6
Lòò,aegwynn,575,hunter,survival,12,6,6
Lucrecius,magtheridon,575,hunter,survival,12,6,6
Pewpewronin,the-maelstrom,575,hunter,survival,12,6,6
Huntoon,doomhammer,575,hunter,survival,12,6,6
Desertgipsy,ragnaros,575,hunter,survival,12,6,6
Йеттеринг,deathweaver,575,hunter,survival,15,7,8
Травмаопасен,gordunni,575,hunter,survival,16,7,9
Sàclak,ysondre,575,hunter,survival,18,6,12
Дондонандон,gordunni,575,hunter,survival,18,6,12
Amjamh,hyjal,575,hunter,survival,18,6,12
Ohnostepbro,blackmoore,575,hunter,survival,18,6,12
Jwishrankone,outland,574,hunter,survival,12,6,6
Васябицепс,howling-fjord,574,hunter,survival,18,6,12
Vuloshi,twisting-nether,573,hunter,survival,18,6,12
Блоуйоэсс,howling-fjord,573,hunter,survival,24,6,18
Wolfína,drakthul,572,hunter,survival,24,6,18
Mâjôô,blackhand,544,hunter,survival,10,6,4
Sumecxh,aegwynn,543,hunter,survival,11,6,5
Natheldir,silvermoon,527,hunter,survival,11,6,5
Yvenne,uldaman,525,hunter,survival,11,6,5
Mustyflor,ravencrest,511,hunter,survival,14,6,8
Хантвкроксах,gordunni,496,hunter,survival,13,6,7
Lilpancake,kazzak,480,hunter,survival,6,5,1
Spirys,drakthul,480,hunter,survival,6,5,1
Unscripted,kazzak,480,hunter,survival,6,5,1
Максиммужик,soulflayer,480,hunter,survival,6,5,1
Lísy,hyjal,480,hunter,survival,6,5,1
Zybxd,drakthul,480,hunter,survival,6,5,1
Deek,ysera,480,hunter,survival,6,5,1
Nastynutshot,stormscale,480,hunter,survival,6,5,1
Intensivigel,blackmoore,480,hunter,survival,6,5,1
Techpøint,silvermoon,480,hunter,survival,6,5,1
Jelibon,ragnaros,480,hunter,survival,6,5,1
Glama,archimonde,480,hunter,survival,6,5,1
Lansha,hyjal,480,hunter,survival,6,5,1
Zisga,blackrock,480,hunter,survival,6,5,1
Alohunt,archimonde,480,hunter,survival,6,5,1
Mòzetónq,ravencrest,480,hunter,survival,6,5,1
Smellygroin,darksorrow,480,hunter,survival,6,5,1
Osskkar,uldum,480,hunter,survival,6,5,1
Sebikh,ravencrest,480,hunter,survival,6,5,1
Noneedtotrap,darksorrow,480,hunter,survival,12,5,7
Vypaz,twisting-nether,480,hunter,survival,12,5,7
Hunterado,burning-legion,480,hunter,survival,12,5,7
Akyra,runetotem,480,hunter,survival,12,5,7
Kàisèr,shendralar,480,hunter,survival,12,5,7
Discoråttan,stormscale,480,hunter,survival,12,5,7
Djzntrap,outland,480,hunter,survival,12,5,7
Gerzyy,drakthul,480,hunter,survival,12,5,7
Oof,lightnings-blade,480,hunter,survival,12,5,7
Baconflips,ravencrest,480,hunter,survival,12,5,7
Аскентр,gordunni,480,hunter,survival,12,5,7
Mercpet,tarren-mill,480,hunter,survival,12,5,7
Мэйвиан,gordunni,480,hunter,survival,12,5,7
Acefyre,sylvanas,480,hunter,survival,12,5,7
Doloresman,tarren-mill,480,hunter,survival,12,5,7
Yakayoshi,kazzak,480,hunter,survival,12,5,7
Ðîe,ysondre,480,hunter,survival,12,5,7
Asery,blackmoore,480,hunter,survival,12,5,7
Olamay,blackmoore,480,hunter,survival,12,5,7
Gogolehunt,archimonde,480,hunter,survival,12,5,7
Lostinmist,kazzak,480,hunter,survival,12,5,7
Neyli,aegwynn,480,hunter,survival,12,5,7
Ormassey,drakthul,480,hunter,survival,12,5,7
Bubboo,dun-modr,480,hunter,survival,12,5,7
Beaststeaks,thrall,480,hunter,survival,18,5,13
Sharpeyezz,ravencrest,480,hunter,survival,18,5,13
Ector,silvermoon,480,hunter,survival,18,5,13
Огнеборик,howling-fjord,480,hunter,survival,18,5,13
Beletor,medivh,480,hunter,survival,18,5,13
Aleenya,dalaran,480,hunter,survival,18,5,13
Zireal,pozzo-delleternità,479,hunter,survival,6,5,1
Wållåce,rexxar,479,hunter,survival,12,5,7
Loading,garrosh,479,hunter,survival,12,5,7
Daltyr,ravencrest,479,hunter,survival,12,5,7
Фемтто,greymane,479,hunter,survival,12,5,7
Сногивкабину,soulflayer,479,hunter,survival,18,5,13
Absolutenon,alakir,478,hunter,survival,18,5,13
Sharrowkyn,twisting-nether,448,hunter,survival,10,6,4
Nazumåks,stormscale,448,hunter,survival,16,5,11
Blackbane,ravencrest,447,hunter,survival,11,5,6
Nektard,ravencrest,425,hunter,survival,14,6,8
Bubonciêl,archimonde,425,hunter,survival,22,7,15
Minisay,magtheridon,424,hunter,survival,18,6,12
Shall,outland,415,hunter,survival,12,6,6
Луврен,deepholm,415,hunter,survival,14,5,9
Суперструнка,gordunni,384,hunter,survival,6,4,2
Giggiwho,malganis,384,hunter,survival,6,4,2
Krohant,auchindoun,384,hunter,survival,6,4,2
Vádîazmeý,twisting-nether,384,hunter,survival,6,4,2
Oída,blackmoore,384,hunter,survival,6,4,2
Националь,gordunni,384,hunter,survival,6,4,2
Donneraàn,blackrock,384,hunter,survival,6,4,2
Cranekickzhu,blackmoore,384,hunter,survival,6,4,2
Mooj,malganis,384,hunter,survival,6,4,2
Ледо,deathguard,384,hunter,survival,6,4,2
Muttsnuts,argent-dawn,384,hunter,survival,6,4,2
Яналице,gordunni,384,hunter,survival,6,4,2
Akahr,thrall,384,hunter,survival,6,4,2
Salvo,silvermoon,384,hunter,survival,6,4,2
Kayflock,kazzak,384,hunter,survival,6,4,2
Thresha,ravenholdt,384,hunter,survival,6,4,2
Virzion,silvermoon,384,hunter,survival,6,4,2
Hvaskøduenme,stormscale,384,hunter,survival,6,4,2
Dorkos,sanguino,384,hunter,survival,6,4,2
Scopieturner,burning-blade,384,hunter,survival,6,4,2
Youngbepse,blackrock,384,hunter,survival,6,4,2
Deyanirah,sanguino,384,hunter,survival,6,4,2
Tibaq,burning-legion,384,hunter,survival,6,4,2
Rokmahr,stormscale,384,hunter,survival,6,4,2
Nyxìa,shattered-halls,384,hunter,survival,6,4,2
Nomorex,frostwhisper,384,hunter,survival,6,4,2
Jeppe,sylvanas,384,hunter,survival,6,4,2
Ujikãy,archimonde,384,hunter,survival,6,4,2
Granteqar,ysondre,384,hunter,survival,6,4,2
Twinkies,ysondre,384,hunter,survival,6,4,2
Zhannezza,sylvanas,384,hunter,survival,6,4,2
Djøgi,archimonde,384,hunter,survival,6,4,2
Trapandstun,aszune,384,hunter,survival,6,4,2
Bièretrand,les-clairvoyants,384,hunter,survival,6,4,2
Jêsslíne,ravencrest,384,hunter,survival,11,5,6
Castbuny,drakthul,384,hunter,survival,15,5,10
Эдерим,gordunni,384,hunter,survival,12,4,8
Hulnhigh,grim-batol,384,hunter,survival,12,4,8
Simppeli,sylvanas,384,hunter,survival,12,4,8
Abgeherjoe,antonidas,384,hunter,survival,12,4,8
Rákthar,blackmoore,384,hunter,survival,12,4,8
Voldagor,hyjal,384,hunter,survival,12,4,8
Eâgleêyê,frostwolf,384,hunter,survival,12,4,8
Dettas,silvermoon,384,hunter,survival,12,4,8
Esperion,ragnaros,384,hunter,survival,12,4,8
Helvetiya,sylvanas,384,hunter,survival,12,4,8
Jorhan,ravencrest,384,hunter,survival,12,4,8
Wärft,arathi,384,hunter,survival,12,4,8
Illuminate,laughing-skull,384,hunter,survival,12,4,8
Terraxx,die-ewige-wacht,384,hunter,survival,12,4,8
Vvax,stormscale,384,hunter,survival,12,4,8
Callmepapi,kazzak,384,hunter,survival,12,4,8
Salie,argent-dawn,384,hunter,survival,12,4,8
Rudimentary,ravencrest,384,hunter,survival,12,4,8
Fíwhale,tarren-mill,384,hunter,survival,12,4,8
Nimoria,zuluhed,384,hunter,survival,12,4,8
Nece,argent-dawn,384,hunter,survival,12,4,8
Friendlyone,quelthalas,384,hunter,survival,12,4,8
Claimi,silvermoon,384,hunter,survival,18,4,14
Arshino,argent-dawn,383,hunter,survival,12,4,8
Orzâ,blackrock,383,hunter,survival,12,4,8
Vhaagarr,blackmoore,351,hunter,survival,11,4,7
Ghob,kazzak,330,hunter,survival,8,5,3
Мюнхаусен,gordunni,330,hunter,survival,11,6,5
Эквинтия,soulflayer,319,hunter,survival,5,4,1
Ptx,stormscale,319,hunter,survival,5,4,1
Sùnzí,alakir,319,hunter,survival,6,4,2
Velrhegal,tarren-mill,304,hunter,survival,13,4,9
Nashanael,argent-dawn,288,hunter,survival,6,3,3
Нойран,eversong,288,hunter,survival,6,3,3
Zwergjäger,aegwynn,288,hunter,survival,6,3,3
Ефимушка,howling-fjord,288,hunter,survival,6,3,3
Никизаняты,ashenvale,288,hunter,survival,6,3,3
Crispystix,draenor,288,hunter,survival,6,3,3
Металшот,blackscar,288,hunter,survival,6,3,3
Марчик,blackscar,288,hunter,survival,6,3,3
Паркх,soulflayer,288,hunter,survival,6,3,3
Чобушек,eversong,288,hunter,survival,6,3,3
Рэкрэйван,gordunni,288,hunter,survival,6,3,3
Monnezzus,nemesis,288,hunter,survival,6,3,3
Røgrøck,archimonde,288,hunter,survival,6,3,3
Drandra,tarren-mill,288,hunter,survival,6,3,3
Rayburst,sylvanas,288,hunter,survival,6,3,3
Aamøn,nemesis,288,hunter,survival,6,3,3
Kovokmah,lordaeron,288,hunter,survival,6,3,3
Whis,blackrock,288,hunter,survival,6,3,3
Suetøløgx,shadowsong,288,hunter,survival,6,3,3
Bacongodx,archimonde,288,hunter,survival,6,3,3
Psychadelic,chamber-of-aspects,288,hunter,survival,6,3,3
Narziel,die-todeskrallen,288,hunter,survival,6,3,3
Unöhänä,archimonde,288,hunter,survival,6,3,3
Daddytrap,burning-legion,288,hunter,survival,6,3,3
Hræsvëlg,archimonde,288,hunter,survival,6,3,3
Oneeyedjoe,the-maelstrom,288,hunter,survival,6,3,3
Peppiz,ragnaros,288,hunter,survival,6,3,3
Grippage,draenor,288,hunter,survival,6,3,3
Himatoumi,elune,288,hunter,survival,6,3,3
Swaffield,stormscale,288,hunter,survival,6,3,3
Thekev,ravencrest,288,hunter,survival,6,3,3
Badboybørge,draenor,288,hunter,survival,6,3,3
Likandria,blackmoore,288,hunter,survival,6,3,3
Sluhser,eredar,288,hunter,survival,6,3,3
Lajnus,frostmane,288,hunter,survival,6,3,3
Hépheistos,kelthuzad,288,hunter,survival,6,3,3
Hawambae,draenor,288,hunter,survival,6,3,3
Badwar,twisting-nether,288,hunter,survival,6,3,3
Hiðe,archimonde,288,hunter,survival,6,3,3
Beksha,blackrock,288,hunter,survival,6,3,3
Mayhemshotz,silvermoon,288,hunter,survival,6,3,3
Benbutton,antonidas,288,hunter,survival,6,3,3
Dîzzy,malganis,288,hunter,survival,6,3,3
Aidsmacka,shattered-hand,288,hunter,survival,6,3,3
Ryubeast,hyjal,288,hunter,survival,6,3,3
Eazzyy,auchindoun,288,hunter,survival,6,3,3
Igyunk,ragnaros,288,hunter,survival,6,3,3
Spakster,blackrock,288,hunter,survival,6,3,3
Sworra,silvermoon,288,hunter,survival,6,3,3
Engetsu,drakthul,288,hunter,survival,6,3,3
Fjarla,aegwynn,288,hunter,survival,6,3,3
Nightvarn,burning-blade,288,hunter,survival,6,3,3
Goblinstyle,kazzak,288,hunter,survival,6,3,3
Remiss,sanguino,288,hunter,survival,6,3,3
Raylauch,nethersturm,288,hunter,survival,6,3,3
Lootgobbo,antonidas,288,hunter,survival,6,3,3
Majhin,ravencrest,288,hunter,survival,6,3,3
Azeky,uldum,288,hunter,survival,6,3,3
Iamedward,silvermoon,288,hunter,survival,6,3,3
Prinzz,blackmoore,288,hunter,survival,6,3,3
Kayflock,blackmoore,288,hunter,survival,6,3,3
Nyyrikkí,ravencrest,288,hunter,survival,6,3,3
Buekåre,outland,288,hunter,survival,6,3,3
Deskö,shendralar,288,hunter,survival,6,3,3
Bearimcat,ravencrest,288,hunter,survival,6,3,3
Arrowknee,outland,288,hunter,survival,6,3,3
Properchub,ravencrest,288,hunter,survival,6,3,3
Xý,hyjal,288,hunter,survival,6,3,3
Alvúk,kazzak,288,hunter,survival,9,4,5
Telluric,silvermoon,288,hunter,survival,8,3,5
Voldtzeig,dentarg,288,hunter,survival,9,3,6
Àfpro,hyjal,288,hunter,survival,12,3,9
Aella,thrall,288,hunter,survival,12,3,9
Nestór,todeswache,288,hunter,survival,12,3,9
Shrapnela,ravencrest,288,hunter,survival,12,3,9
Bigfoot,argent-dawn,288,hunter,survival,12,3,9
Diabloiv,doomhammer,288,hunter,survival,12,3,9
Dezmoinez,twisting-nether,288,hunter,survival,12,3,9
Petcan,twisting-nether,288,hunter,survival,12,3,9
Шмалетар,gordunni,288,hunter,survival,12,3,9
Ansâvage,ravencrest,288,hunter,survival,12,3,9
Ullburn,tyrande,288,hunter,survival,12,3,9
Homesz,blackmoore,288,hunter,survival,12,3,9
Zäphiiro,archimonde,288,hunter,survival,12,3,9
Sláynôs,blackrock,288,hunter,survival,12,3,9
Zlotar,doomhammer,288,hunter,survival,18,3,15
Charlet,archimonde,287,hunter,survival,6,3,3
Lezigoulleur,marécage-de-zangar,287,hunter,survival,6,3,3
Weedstin,ravencrest,287,hunter,survival,12,3,9
Jarhead,arthas,287,hunter,survival,12,3,9
Bosnimph,bloodfeather,285,hunter,survival,18,3,15
Arkeye,draenor,271,hunter,survival,11,3,8
Twinkhunter,pozzo-delleternità,256,hunter,survival,10,3,7
Jacobszy,outland,255,hunter,survival,8,4,4
Fakepvper,darksorrow,239,hunter,survival,5,3,2
Arrowboss,kazzak,239,hunter,survival,5,3,2
Bowtreat,aggramar,239,hunter,survival,5,3,2
Дочьпескова,gordunni,239,hunter,survival,5,3,2
Sizemattersx,kazzak,239,hunter,survival,11,3,8
Quilent,anachronos,239,hunter,survival,11,3,8
Himpy,twisting-nether,234,hunter,survival,14,4,10
Одисенс,eversong,233,hunter,survival,13,4,9
Rosiee,dun-modr,208,hunter,survival,7,3,4
Nígruløl,arthas,192,hunter,survival,6,2,4
Draugrinnh,tarren-mill,192,hunter,survival,6,2,4
Toxical,ragnaros,192,hunter,survival,6,2,4
Badenhunt,ravencrest,192,hunter,survival,6,2,4
Drvix,outland,192,hunter,survival,6,2,4
Gulkhar,ysondre,192,hunter,survival,6,2,4
Gynax,hyjal,192,hunter,survival,6,2,4
Flexifys,tarren-mill,192,hunter,survival,6,2,4
Grundibg,chamber-of-aspects,192,hunter,survival,6,2,4
Bloodyshot,dun-modr,192,hunter,survival,6,2,4
Twobuttngodx,blackrock,192,hunter,survival,6,2,4
Geppet,pozzo-delleternità,192,hunter,survival,6,2,4
Skä,archimonde,192,hunter,survival,6,2,4
Nýka,sanguino,192,hunter,survival,6,2,4
Tdapills,sanguino,192,hunter,survival,6,2,4
Орталиус,deathguard,192,hunter,survival,6,2,4
Brindefolìe,archimonde,192,hunter,survival,6,2,4
Неужто,deathguard,192,hunter,survival,6,2,4
Fajitax,lightbringer,192,hunter,survival,6,2,4
Survivartji,burning-legion,192,hunter,survival,6,2,4
Дунморг,grom,192,hunter,survival,6,2,4
Abomìnatìon,blackhand,192,hunter,survival,6,2,4
Ратататат,eversong,192,hunter,survival,6,2,4
Valtondre,argent-dawn,192,hunter,survival,6,2,4
Aevlerz,draenor,192,hunter,survival,6,2,4
Lithell,kazzak,192,hunter,survival,6,2,4
Мусафа,eversong,192,hunter,survival,6,2,4
Nøøtx,ravencrest,192,hunter,survival,6,2,4
Rusticroll,stormscale,192,hunter,survival,6,2,4
Ammò,kazzak,192,hunter,survival,6,2,4
Vasco,chogall,192,hunter,survival,6,2,4
Robosexual,ravencrest,192,hunter,survival,6,2,4
Gransu,argent-dawn,192,hunter,survival,6,2,4
Blàdê,blackrock,192,hunter,survival,6,2,4
Xaotsu,ravencrest,192,hunter,survival,6,2,4
Akhtabot,twisting-nether,192,hunter,survival,6,2,4
Aléx,ravencrest,192,hunter,survival,6,2,4
Пиворк,soulflayer,192,hunter,survival,6,2,4
Roscke,drakthul,192,hunter,survival,6,2,4
Alithanar,drekthar,192,hunter,survival,6,2,4
Monsterbácke,nathrezim,192,hunter,survival,6,2,4
Rølyn,hyjal,192,hunter,survival,6,2,4
Bèâr,stormscale,192,hunter,survival,6,2,4
Тандеркейдж,gordunni,192,hunter,survival,6,2,4
Steffxd,twisting-nether,192,hunter,survival,6,2,4
Púrefect,ragnaros,192,hunter,survival,6,2,4
Daarkkhunter,twisting-nether,192,hunter,survival,6,2,4
Pantherovich,ravencrest,192,hunter,survival,6,2,4
Honeytrap,blackmoore,192,hunter,survival,6,2,4
Helloman,darksorrow,192,hunter,survival,6,2,4
Juícecannon,twisting-nether,192,hunter,survival,6,2,4
Hänta,hyjal,192,hunter,survival,6,2,4
Howlinjoe,darkspear,192,hunter,survival,6,2,4
Reijuan,doomhammer,192,hunter,survival,6,2,4
Hunterkolben,blackmoore,192,hunter,survival,6,2,4
Prettyy,ravencrest,192,hunter,survival,6,2,4
Talnaru,ravencrest,192,hunter,survival,6,2,4
Bloópy,silvermoon,192,hunter,survival,6,2,4
Наладдчик,howling-fjord,192,hunter,survival,6,2,4
Yopps,draenor,192,hunter,survival,6,2,4
Fullxtrap,hyjal,192,hunter,survival,6,2,4
Lardobrave,blackhand,192,hunter,survival,6,2,4
Evazeonhunt,antonidas,192,hunter,survival,6,2,4
Jablaka,blackhand,192,hunter,survival,6,2,4
Sakaryali,silvermoon,192,hunter,survival,6,2,4
Senedeck,silvermoon,192,hunter,survival,6,2,4
Aggrobatics,blackmoore,192,hunter,survival,6,2,4
Malover,ravencrest,192,hunter,survival,6,2,4
Alenda,auchindoun,192,hunter,survival,7,2,5
Layro,burning-legion,192,hunter,survival,9,2,7
Nolsey,outland,192,hunter,survival,12,2,10
Sicktrigger,aegwynn,192,hunter,survival,12,2,10
Hallem,karazhan,192,hunter,survival,12,2,10
Thorkai,runetotem,192,hunter,survival,12,2,10
Réja,norgannon,192,hunter,survival,12,2,10
Zéros,argent-dawn,192,hunter,survival,12,2,10
Ecthelione,the-venture-co,192,hunter,survival,12,2,10
Ryztik,garona,192,hunter,survival,12,2,10
Sixty,rajaxx,192,hunter,survival,18,2,16
Bélier,hyjal,191,hunter,survival,6,2,4
Eonait,ravencrest,159,hunter,survival,5,2,3
Klarix,outland,159,hunter,survival,5,2,3
Wódén,draenor,159,hunter,survival,5,2,3
Naokyy,sanguino,159,hunter,survival,5,2,3
Nèxz,blackrock,159,hunter,survival,11,2,9
Bnji,hyjal,159,hunter,survival,11,2,9
Trapyourheal,archimonde,138,hunter,survival,16,6,10
Rdwlf,draenor,138,hunter,survival,8,3,5
Alary,burning-legion,128,hunter,survival,4,2,2
Donaldtrap,archimonde,128,hunter,survival,4,2,2
Zethik,argent-dawn,128,hunter,survival,4,2,2
Fígo,burning-blade,96,hunter,survival,3,2,1
Sisilianno,khaz-modan,96,hunter,survival,10,2,8
Rambow,ravenholdt,96,hunter,survival,6,1,5
Zuggi,defias-brotherhood,96,hunter,survival,6,1,5
Bôwdan,magtheridon,96,hunter,survival,6,1,5
Durion,tichondrius,96,hunter,survival,6,1,5
Ditbjrapex,chants-éternels,96,hunter,survival,6,1,5
Panzershot,hyjal,96,hunter,survival,6,1,5
Oobe,hyjal,96,hunter,survival,6,1,5
Gyurkicz,hyjal,96,hunter,survival,6,1,5
Aneji,hyjal,96,hunter,survival,6,1,5
Softishot,archimonde,96,hunter,survival,6,1,5
Freezyshinkn,blackrock,96,hunter,survival,6,1,5
Stirea,alakir,96,hunter,survival,6,1,5
Katzchen,burning-legion,96,hunter,survival,6,1,5
Skidzo,alakir,96,hunter,survival,6,1,5
Hentt,burning-legion,96,hunter,survival,6,1,5
Fôx,frostmane,96,hunter,survival,6,1,5
Fantus,sylvanas,96,hunter,survival,6,1,5
Aimywinehaus,drakthul,96,hunter,survival,6,1,5
Escaflôwn,aegwynn,96,hunter,survival,6,1,5
Liljan,kult-der-verdammten,96,hunter,survival,6,1,5
Algar,tarren-mill,96,hunter,survival,6,1,5
Артуша,booty-bay,96,hunter,survival,6,1,5
Куоль,gordunni,96,hunter,survival,6,1,5
Neremyn,sylvanas,96,hunter,survival,6,1,5
Hntrleka,argent-dawn,96,hunter,survival,6,1,5
Kideyosi,silvermoon,96,hunter,survival,6,1,5
Blackszpak,jaedenar,96,hunter,survival,6,1,5
Лукасика,ashenvale,96,hunter,survival,6,1,5
Серомиг,eversong,96,hunter,survival,6,1,5
Saksa,blackrock,96,hunter,survival,6,1,5
Khalimèro,kaelthas,96,hunter,survival,6,1,5
Leaxs,onyxia,96,hunter,survival,6,1,5
Axran,ravencrest,96,hunter,survival,6,1,5
Noobhuntress,norgannon,96,hunter,survival,6,1,5
Хипстеркотик,gordunni,96,hunter,survival,6,1,5
Yezzízo,ravencrest,96,hunter,survival,6,1,5
Multigodx,draenor,96,hunter,survival,6,1,5
Дакоока,deepholm,96,hunter,survival,6,1,5
Varkiza,sylvanas,96,hunter,survival,6,1,5
Оркистор,eversong,96,hunter,survival,6,1,5
Zynga,sylvanas,96,hunter,survival,6,1,5
Убершванц,soulflayer,96,hunter,survival,6,1,5
Lebalaffré,arathi,96,hunter,survival,6,1,5
Grollar,ragnaros,96,hunter,survival,6,1,5
Барановируса,soulflayer,96,hunter,survival,6,1,5
Síevis,stormreaver,95,hunter,survival,6,1,5
Рангмар,howling-fjord,79,hunter,survival,5,1,4
Skrag,outland,79,hunter,survival,5,1,4
Эннабонни,gordunni,79,hunter,survival,5,1,4
Pilogbueferd,silvermoon,64,hunter,survival,4,1,3
Zuxz,blackmoore,64,hunter,survival,4,1,3
Silßow,dun-modr,63,hunter,survival,2,2,0
Eretreyya,draenor,42,hunter,survival,10,4,6
Хароко,gordunni,42,hunter,survival,9,3,6
Фдшер,soulflayer,42,hunter,survival,10,2,8
Brajanush,silvermoon,31,hunter,survival,2,1,1
Hypse,kazzak,2328,hunter,beastmastery,528,270,258
Mariabanks,aegwynn,2304,hunter,beastmastery,258,137,121
Cbã,ravencrest,2257,hunter,beastmastery,78,43,35
Куфа,blackscar,2222,hunter,beastmastery,78,43,35
Brokeasalwys,ravencrest,2216,hunter,beastmastery,96,51,45
Куфачка,soulflayer,2181,hunter,beastmastery,77,41,36
Kásúxôxô,ravencrest,2157,hunter,beastmastery,60,34,26
Ataxyz,draenor,2142,hunter,beastmastery,108,55,53
Марчик,blackscar,2136,hunter,beastmastery,69,38,31
Zxll,silvermoon,2136,hunter,beastmastery,86,44,42
Watchouttah,the-maelstrom,2128,hunter,beastmastery,72,42,30
Màdnéss,blackmoore,2126,hunter,beastmastery,78,46,32
Voldtzeig,dentarg,2125,hunter,beastmastery,150,76,74
Pryse,hyjal,2124,hunter,beastmastery,78,46,32
Zyrøra,ravencrest,2124,hunter,beastmastery,126,68,58
Tøkyô,ravencrest,2121,hunter,beastmastery,95,62,33
Kachaxa,kazzak,2119,hunter,beastmastery,129,65,64
Jägarntwo,stormscale,2114,hunter,beastmastery,87,44,43
Moscowmule,tarren-mill,2109,hunter,beastmastery,89,44,45
Nelida,ragnaros,2105,hunter,beastmastery,60,32,28
Bøgs,the-maelstrom,2096,hunter,beastmastery,90,44,46
Noorky,kazzak,2093,hunter,beastmastery,78,43,35
Krakenaspect,kazzak,2093,hunter,beastmastery,60,31,29
Seviante,outland,2081,hunter,beastmastery,102,54,48
Roarmantic,blackrock,2072,hunter,beastmastery,84,41,43
Eldrekou,kazzak,2068,hunter,beastmastery,192,102,90
Fãdê,ravencrest,2053,hunter,beastmastery,114,72,42
Kachaxaa,ravencrest,2042,hunter,beastmastery,106,51,55
Jägarn,stormscale,2042,hunter,beastmastery,96,46,50
Plugonbaby,hyjal,2035,hunter,beastmastery,77,37,40
Hypsenn,kazzak,2032,hunter,beastmastery,72,37,35
Тружка,soulflayer,2027,hunter,beastmastery,102,48,54
Nivshot,kazzak,2024,hunter,beastmastery,60,37,23
Каосси,gordunni,2024,hunter,beastmastery,84,43,41
Kfcmanagerx,silvermoon,2024,hunter,beastmastery,90,42,48
Беби,gordunni,2023,hunter,beastmastery,78,39,39
Baltímore,stormscale,2023,hunter,beastmastery,83,39,44
Poggelicious,terenas,2015,hunter,beastmastery,66,34,32
Doghxnter,ravencrest,2009,hunter,beastmastery,78,37,41
Jambomambo,twisting-nether,2008,hunter,beastmastery,90,46,44
Esperion,ragnaros,2005,hunter,beastmastery,156,75,81
Truejkee,silvermoon,2002,hunter,beastmastery,148,77,71
Jàsøn,ravencrest,2002,hunter,beastmastery,102,49,53
Xoarqt,aegwynn,2001,hunter,beastmastery,268,134,134
Дашатрирубля,soulflayer,1999,hunter,beastmastery,96,47,49
Pëâcêßß,outland,1998,hunter,beastmastery,90,57,33
Deadshøt,outland,1993,hunter,beastmastery,59,42,17
Luzivarus,malganis,1993,hunter,beastmastery,83,40,43
Zyphx,der-rat-von-dalaran,1989,hunter,beastmastery,162,78,84
Luzivar,malganis,1985,hunter,beastmastery,103,50,53
Priceqtxd,ravencrest,1983,hunter,beastmastery,175,107,68
Nennimi,ravencrest,1977,hunter,beastmastery,78,40,38
Gernoqz,frostwolf,1973,hunter,beastmastery,107,51,56
Winiswin,stormscale,1966,hunter,beastmastery,201,100,101
Trend,silvermoon,1962,hunter,beastmastery,497,248,249
Gaeln,outland,1956,hunter,beastmastery,327,165,162
Kabaro,rajaxx,1956,hunter,beastmastery,90,41,49
Vectør,anachronos,1955,hunter,beastmastery,114,58,56
Expiraa,twisting-nether,1954,hunter,beastmastery,72,35,37
Teals,blackrock,1953,hunter,beastmastery,273,139,134
Гринмех,gordunni,1951,hunter,beastmastery,72,39,33
Mekerosh,burning-legion,1951,hunter,beastmastery,130,60,70
Raawy,blackmoore,1948,hunter,beastmastery,42,31,11
Miraculous,dalaran,1948,hunter,beastmastery,87,46,41
Sipsomewater,ravencrest,1943,hunter,beastmastery,69,36,33
Enîgmatîke,archimonde,1935,hunter,beastmastery,69,32,37
Krampack,dun-modr,1933,hunter,beastmastery,61,37,24
Snarthelg,tarren-mill,1932,hunter,beastmastery,78,43,35
Scrubbi,destromath,1932,hunter,beastmastery,77,39,38
Ynv,argent-dawn,1929,hunter,beastmastery,230,117,113
Thogel,hyjal,1928,hunter,beastmastery,108,53,55
Экономист,fordragon,1927,hunter,beastmastery,72,41,31
Биско,gordunni,1924,hunter,beastmastery,234,118,116
Babýrage,twisting-nether,1923,hunter,beastmastery,96,49,47
Odeôn,twisting-nether,1921,hunter,beastmastery,65,27,38
Irefutabil,stormscale,1920,hunter,beastmastery,102,46,56
Мираклдримз,gordunni,1919,hunter,beastmastery,72,38,34
Masthuhn,blackmoore,1916,hunter,beastmastery,72,44,28
Wiffed,tarren-mill,1916,hunter,beastmastery,60,36,24
Raggeh,frostwhisper,1916,hunter,beastmastery,108,55,53
Dtq,silvermoon,1914,hunter,beastmastery,104,54,50
Поппишот,blackscar,1914,hunter,beastmastery,59,28,31
Tyranski,ravencrest,1913,hunter,beastmastery,177,97,80
Samanou,kazzak,1912,hunter,beastmastery,118,59,59
Найстити,deathguard,1909,hunter,beastmastery,120,60,60
Aimshots,twisting-nether,1908,hunter,beastmastery,130,67,63
Рагнарианх,gordunni,1903,hunter,beastmastery,129,63,66
Brokenpetman,defias-brotherhood,1902,hunter,beastmastery,48,26,22
Akrokillshot,outland,1901,hunter,beastmastery,57,39,18
Онкьяр,gordunni,1901,hunter,beastmastery,98,53,45
Thing,kazzak,1900,hunter,beastmastery,42,24,18
Hacx,ravencrest,1899,hunter,beastmastery,104,53,51
Jawox,antonidas,1898,hunter,beastmastery,78,35,43
Каоссхант,howling-fjord,1896,hunter,beastmastery,71,45,26
Колякилшот,gordunni,1895,hunter,beastmastery,66,33,33
Trapgoddxx,archimonde,1894,hunter,beastmastery,65,44,21
Pfizershotx,khaz-modan,1894,hunter,beastmastery,120,59,61
Hacz,bronzebeard,1892,hunter,beastmastery,231,120,111
Баянист,soulflayer,1890,hunter,beastmastery,153,74,79
Bobmàrley,frostwolf,1888,hunter,beastmastery,252,142,110
Tagz,ravencrest,1887,hunter,beastmastery,60,29,31
Feevah,frostmane,1885,hunter,beastmastery,283,140,143
Дэнвин,deathweaver,1884,hunter,beastmastery,281,147,134
Fullxtrap,hyjal,1884,hunter,beastmastery,53,25,28
Mestar,outland,1879,hunter,beastmastery,84,36,48
Dohter,kazzak,1877,hunter,beastmastery,61,34,27
Крайдершот,howling-fjord,1876,hunter,beastmastery,65,33,32
Huntchonk,kazzak,1874,hunter,beastmastery,71,32,39
Кертион,howling-fjord,1873,hunter,beastmastery,36,23,13
Twineyes,ravencrest,1870,hunter,beastmastery,166,83,83
Pussirotta,stormreaver,1869,hunter,beastmastery,60,30,30
Avyo,tichondrius,1869,hunter,beastmastery,66,31,35
Ashily,blackhand,1866,hunter,beastmastery,128,63,65
Phesx,sylvanas,1865,hunter,beastmastery,54,27,27
Âmalphy,ravencrest,1865,hunter,beastmastery,53,24,29
Ígrågøßñø,silvermoon,1864,hunter,beastmastery,44,30,14
Filaliel,outland,1863,hunter,beastmastery,59,34,25
Hanuong,ragnaros,1862,hunter,beastmastery,36,20,16
Infléx,silvermoon,1862,hunter,beastmastery,161,89,72
Chillbroo,twisting-nether,1862,hunter,beastmastery,113,54,59
Syveera,twisting-nether,1862,hunter,beastmastery,60,28,32
Safnirx,tarren-mill,1860,hunter,beastmastery,78,33,45
Lufreak,ravencrest,1855,hunter,beastmastery,78,56,22
Draxil,archimonde,1855,hunter,beastmastery,60,27,33
Freakyhoe,twisting-nether,1854,hunter,beastmastery,54,27,27
Alpharaven,ravencrest,1853,hunter,beastmastery,102,51,51
Ridbàck,archimonde,1853,hunter,beastmastery,89,35,54
Lysanhunt,zuljin,1852,hunter,beastmastery,72,36,36
Trapgodxx,archimonde,1852,hunter,beastmastery,54,22,32
Wêskêr,tarren-mill,1848,hunter,beastmastery,72,35,37
Piky,nemesis,1847,hunter,beastmastery,72,35,37
Djfury,archimonde,1847,hunter,beastmastery,64,31,33
Кронн,howling-fjord,1846,hunter,beastmastery,71,34,37
Kondy,twisting-nether,1843,hunter,beastmastery,43,29,14
Izmad,archimonde,1843,hunter,beastmastery,335,185,150
Burninghunt,ravencrest,1843,hunter,beastmastery,78,42,36
Дианнесса,howling-fjord,1843,hunter,beastmastery,101,49,52
Nyzuri,die-aldor,1843,hunter,beastmastery,54,26,28
Мерзкийбот,gordunni,1843,hunter,beastmastery,74,33,41
Sekzpitch,blackmoore,1842,hunter,beastmastery,78,40,38
Берх,gordunni,1842,hunter,beastmastery,274,130,144
Nexztwo,blackrock,1840,hunter,beastmastery,93,44,49
Евилик,gordunni,1839,hunter,beastmastery,228,109,119
Лесбиянюсь,gordunni,1838,hunter,beastmastery,60,43,17
Dheredre,silvermoon,1835,hunter,beastmastery,48,27,21
Miløø,silvermoon,1835,hunter,beastmastery,48,26,22
Manj,blackhand,1835,hunter,beastmastery,65,32,33
Ætå,blackmoore,1834,hunter,beastmastery,71,34,37
Hlogic,tarren-mill,1834,hunter,beastmastery,108,51,57
Breezme,twisting-nether,1834,hunter,beastmastery,143,66,77
Ilovedf,dun-modr,1830,hunter,beastmastery,36,23,13
Pawzz,kazzak,1830,hunter,beastmastery,84,41,43
Næmes,hyjal,1830,hunter,beastmastery,66,32,34
Piranhaa,archimonde,1829,hunter,beastmastery,51,24,27
Кразайс,ashenvale,1829,hunter,beastmastery,91,39,52
Fotmrerollér,aegwynn,1828,hunter,beastmastery,96,51,45
Diktatos,kazzak,1828,hunter,beastmastery,64,31,33
Jêsslíne,ravencrest,1827,hunter,beastmastery,66,31,35
Bilbohunter,draenor,1825,hunter,beastmastery,48,27,21
Горгонт,blackscar,1825,hunter,beastmastery,47,25,22
Elfyhunter,outland,1825,hunter,beastmastery,59,25,34
Mottorhead,kazzak,1823,hunter,beastmastery,45,30,15
Hawkeyé,forscherliga,1823,hunter,beastmastery,169,80,89
Libanais,archimonde,1823,hunter,beastmastery,269,125,144
Nystaleoss,grim-batol,1821,hunter,beastmastery,302,151,151
Kásúxøxø,ravencrest,1820,hunter,beastmastery,28,20,8
Solò,eredar,1820,hunter,beastmastery,48,27,21
Куроните,howling-fjord,1820,hunter,beastmastery,48,27,21
Rakeesh,hyjal,1820,hunter,beastmastery,54,27,27
Кукито,goldrinn,1820,hunter,beastmastery,54,24,30
Bynen,tarren-mill,1819,hunter,beastmastery,77,33,44
Ветрослав,thermaplugg,1817,hunter,beastmastery,48,32,16
Omegakek,madmortem,1817,hunter,beastmastery,85,45,40
Rïm,haomarush,1817,hunter,beastmastery,72,33,39
Haltrâdar,archimonde,1816,hunter,beastmastery,69,35,34
Blackszpak,jaedenar,1816,hunter,beastmastery,48,24,24
Играсломана,howling-fjord,1815,hunter,beastmastery,60,39,21
Antisniper,kazzak,1815,hunter,beastmastery,99,55,44
Bíllybobbs,argent-dawn,1815,hunter,beastmastery,36,19,17
Пожилойпупь,soulflayer,1815,hunter,beastmastery,66,32,34
Ooh,doomhammer,1815,hunter,beastmastery,120,56,64
Jabela,eredar,1814,hunter,beastmastery,59,42,17
Ashjen,aszune,1814,hunter,beastmastery,65,37,28
Dangen,stormreaver,1814,hunter,beastmastery,36,19,17
Cor,ravencrest,1814,hunter,beastmastery,113,54,59
Лордсахарок,gordunni,1814,hunter,beastmastery,90,40,50
Vrikenh,tarren-mill,1813,hunter,beastmastery,133,80,53
Jackjager,ravencrest,1813,hunter,beastmastery,57,27,30
Txa,hyjal,1811,hunter,beastmastery,47,22,25
Dréws,kazzak,1811,hunter,beastmastery,58,26,32
Bøøya,aegwynn,1810,hunter,beastmastery,163,86,77
Jamesyy,ravencrest,1810,hunter,beastmastery,66,30,36
Антошадпс,gordunni,1809,hunter,beastmastery,126,70,56
Jungletime,outland,1809,hunter,beastmastery,48,26,22
Mòzetonq,ravencrest,1809,hunter,beastmastery,42,22,20
Corossity,blackmoore,1808,hunter,beastmastery,30,19,11
Negz,eredar,1808,hunter,beastmastery,54,33,21
Yarrgi,kazzak,1808,hunter,beastmastery,108,63,45
Galileo,sanguino,1808,hunter,beastmastery,109,57,52
Hiddenx,blackmoore,1808,hunter,beastmastery,42,21,21
Хантунец,soulflayer,1807,hunter,beastmastery,101,59,42
Father,auchindoun,1807,hunter,beastmastery,119,65,54
Цитрукс,gordunni,1806,hunter,beastmastery,90,47,43
Imcuteandfun,ravencrest,1806,hunter,beastmastery,153,77,76
Spirys,drakthul,1806,hunter,beastmastery,47,20,27
Круперок,howling-fjord,1805,hunter,beastmastery,90,46,44
Astari,outland,1804,hunter,beastmastery,60,29,31
Denkstah,tarren-mill,1804,hunter,beastmastery,75,32,43
Jägarnmt,twisting-nether,1804,hunter,beastmastery,95,40,55
Narolaf,doomhammer,1803,hunter,beastmastery,63,36,27
Irükandji,chants-éternels,1803,hunter,beastmastery,42,23,19
Johnblønn,stormscale,1803,hunter,beastmastery,86,46,40
Crippa,tarren-mill,1803,hunter,beastmastery,54,28,26
Dogetrainer,silvermoon,1803,hunter,beastmastery,295,149,146
Tillhunt,kargath,1803,hunter,beastmastery,54,26,28
Drakona,outland,1803,hunter,beastmastery,65,31,34
Orcji,blackhand,1802,hunter,beastmastery,149,74,75
Ayiu,argent-dawn,1802,hunter,beastmastery,53,24,29
Gigamesh,sporeggar,1800,hunter,beastmastery,234,131,103
Трапгодикс,eversong,1800,hunter,beastmastery,176,95,81
Ryxzn,eredar,1800,hunter,beastmastery,107,49,58
Bluefluclue,draenor,1795,hunter,beastmastery,211,103,108
Dìgítal,twisting-nether,1792,hunter,beastmastery,101,51,50
Dafhel,hyjal,1791,hunter,beastmastery,107,51,56
Пивопьюня,ashenvale,1790,hunter,beastmastery,71,34,37
Pkz,dun-modr,1790,hunter,beastmastery,125,59,66
Rndhunt,shattrath,1790,hunter,beastmastery,120,55,65
Reptile,outland,1789,hunter,beastmastery,112,69,43
Smhx,stormscale,1788,hunter,beastmastery,30,21,9
Wodhunterxdd,outland,1788,hunter,beastmastery,53,25,28
Nèxz,blackrock,1788,hunter,beastmastery,95,44,51
Hugø,twisting-nether,1788,hunter,beastmastery,179,79,100
Giwtus,blackmoore,1788,hunter,beastmastery,48,19,29
Appirc,tarren-mill,1785,hunter,beastmastery,48,24,24
Baïonnettex,archimonde,1785,hunter,beastmastery,54,22,32
Deathcode,stormscale,1784,hunter,beastmastery,66,27,39
Оуаоа,blackscar,1783,hunter,beastmastery,85,47,38
Shroomynuts,kazzak,1782,hunter,beastmastery,120,70,50
Lambo,laughing-skull,1782,hunter,beastmastery,54,25,29
Thinkerer,silvermoon,1780,hunter,beastmastery,127,68,59
Хаурос,soulflayer,1780,hunter,beastmastery,66,32,34
Lolez,dun-modr,1780,hunter,beastmastery,60,28,32
Ruffixvs,blackrock,1779,hunter,beastmastery,47,23,24
Nevier,tarren-mill,1779,hunter,beastmastery,48,21,27
Sparcùs,stormreaver,1777,hunter,beastmastery,146,81,65
Tháyn,tarren-mill,1777,hunter,beastmastery,162,89,73
Nøne,sylvanas,1774,hunter,beastmastery,30,22,8
Coltan,nemesis,1774,hunter,beastmastery,108,51,57
Gucçi,kazzak,1773,hunter,beastmastery,73,42,31
Silverwolfa,dun-modr,1770,hunter,beastmastery,81,43,38
Treaz,sanguino,1770,hunter,beastmastery,78,40,38
Келен,blackscar,1769,hunter,beastmastery,66,40,26
Ambarcrojas,kazzak,1767,hunter,beastmastery,122,69,53
Wîldhunt,burning-legion,1767,hunter,beastmastery,250,120,130
Altimor,blackmoore,1765,hunter,beastmastery,35,19,16
Donixx,blackrock,1765,hunter,beastmastery,60,29,31
Kestlér,twisting-nether,1763,hunter,beastmastery,186,89,97
Dogwatcher,outland,1762,hunter,beastmastery,60,29,31
Скадхи,blackscar,1762,hunter,beastmastery,88,42,46
Vènuhá,ravencrest,1761,hunter,beastmastery,54,29,25
Ansâvage,ravencrest,1761,hunter,beastmastery,120,57,63
Grynu,kazzak,1761,hunter,beastmastery,72,31,41
Guccihuntlol,ravencrest,1760,hunter,beastmastery,74,35,39
Наспидахх,blackscar,1759,hunter,beastmastery,90,50,40
Jamzyhunter,emerald-dream,1759,hunter,beastmastery,120,60,60
Rákthar,blackmoore,1759,hunter,beastmastery,167,79,88
Порошокк,gordunni,1756,hunter,beastmastery,69,29,40
Nollieflip,stormscale,1754,hunter,beastmastery,114,67,47
Мэлвиса,borean-tundra,1754,hunter,beastmastery,90,50,40
Sukzess,antonidas,1753,hunter,beastmastery,173,80,93
Xxiioo,ravencrest,1752,hunter,beastmastery,151,88,63
Spider,zuljin,1752,hunter,beastmastery,158,83,75
Erethrus,ravencrest,1752,hunter,beastmastery,54,20,34
Fatmum,magtheridon,1751,hunter,beastmastery,170,88,82
Dwgkia,ravencrest,1751,hunter,beastmastery,60,26,34
Pewpewshotz,stormscale,1750,hunter,beastmastery,229,117,112
Ilovemax,archimonde,1750,hunter,beastmastery,46,20,26
Такувами,gordunni,1750,hunter,beastmastery,126,53,73
Порошокк,howling-fjord,1748,hunter,beastmastery,48,23,25
Мориартис,ashenvale,1744,hunter,beastmastery,83,43,40
Джарвиз,soulflayer,1743,hunter,beastmastery,54,31,23
Janko,ravencrest,1742,hunter,beastmastery,464,238,226
Petshopgirl,ravencrest,1742,hunter,beastmastery,84,40,44
Åsynåmvp,twisting-nether,1742,hunter,beastmastery,65,29,36
Fôx,frostmane,1741,hunter,beastmastery,36,27,9
Pewpewcus,ravencrest,1741,hunter,beastmastery,225,135,90
Киборка,howling-fjord,1739,hunter,beastmastery,94,59,35
Boomgorush,kazzak,1739,hunter,beastmastery,60,36,24
Nimhunt,dentarg,1739,hunter,beastmastery,125,58,67
Amyndôr,ravencrest,1738,hunter,beastmastery,72,38,34
Dregor,nemesis,1737,hunter,beastmastery,48,28,20
Híldir,draenor,1737,hunter,beastmastery,36,19,17
Hunterla,tarren-mill,1735,hunter,beastmastery,81,42,39
Альриен,gordunni,1734,hunter,beastmastery,266,139,127
Недостижений,soulflayer,1734,hunter,beastmastery,60,24,36
Badboybørge,draenor,1733,hunter,beastmastery,60,28,32
Freemàén,drakthul,1733,hunter,beastmastery,95,42,53
Stingsz,chogall,1733,hunter,beastmastery,64,25,39
Lofiel,blackrock,1732,hunter,beastmastery,92,50,42
Arcø,dun-modr,1732,hunter,beastmastery,50,26,24
Land,darkspear,1731,hunter,beastmastery,77,42,35
Sankari,blackmoore,1731,hunter,beastmastery,156,80,76
Mentalasylum,blackmoore,1731,hunter,beastmastery,51,24,27
Ðéadsøulz,stormscale,1729,hunter,beastmastery,159,86,73
Ingvi,antonidas,1729,hunter,beastmastery,181,89,92
Misstrap,nemesis,1728,hunter,beastmastery,90,42,48
Clockwerk,durotan,1728,hunter,beastmastery,82,38,44
Bearday,silvermoon,1727,hunter,beastmastery,84,37,47
Valkrys,die-aldor,1726,hunter,beastmastery,70,35,35
Riflur,stormscale,1726,hunter,beastmastery,90,44,46
Duppdupp,eredar,1726,hunter,beastmastery,84,38,46
Oldbear,frostmane,1725,hunter,beastmastery,70,38,32
Qtìp,aegwynn,1725,hunter,beastmastery,107,48,59
Hizzenstein,blackhand,1724,hunter,beastmastery,54,27,27
Spergmeister,argent-dawn,1722,hunter,beastmastery,36,21,15
Hasáblover,ragnaros,1721,hunter,beastmastery,36,21,15
Mânhunt,blackhand,1721,hunter,beastmastery,541,270,271
Mtrider,twisting-nether,1721,hunter,beastmastery,105,50,55
Morìtz,ravencrest,1720,hunter,beastmastery,60,35,25
Sagethunt,blackrock,1720,hunter,beastmastery,107,47,60
Bêastî,blackrock,1718,hunter,beastmastery,54,29,25
Вождь,howling-fjord,1718,hunter,beastmastery,83,39,44
Ericspet,stormscale,1717,hunter,beastmastery,48,32,16
Laserkamel,aegwynn,1716,hunter,beastmastery,24,18,6
Venomtrap,sanguino,1716,hunter,beastmastery,59,24,35
Космодиск,gordunni,1714,hunter,beastmastery,36,21,15
Koffh,argent-dawn,1714,hunter,beastmastery,84,39,45
Zendra,sylvanas,1713,hunter,beastmastery,146,85,61
Palav,outland,1713,hunter,beastmastery,60,34,26
Futureman,blackrock,1713,hunter,beastmastery,61,32,29
Pagman,thrall,1713,hunter,beastmastery,53,23,30
Фираналь,blackscar,1712,hunter,beastmastery,165,82,83
Noversia,aegwynn,1711,hunter,beastmastery,135,65,70
Xenvantos,stormscale,1711,hunter,beastmastery,54,26,28
Douglas,die-silberne-hand,1710,hunter,beastmastery,70,33,37
Gostry,archimonde,1709,hunter,beastmastery,54,26,28
Mogwai,stormscale,1709,hunter,beastmastery,42,18,24
Cnby,stormscale,1708,hunter,beastmastery,67,40,27
Wilfyre,twisting-nether,1707,hunter,beastmastery,317,152,165
Лвндскейп,gordunni,1707,hunter,beastmastery,65,29,36
Erilis,twisting-nether,1706,hunter,beastmastery,43,24,19
Nondinhos,burning-legion,1706,hunter,beastmastery,59,23,36
Trendsetterx,pozzo-delleternità,1705,hunter,beastmastery,42,19,23
Bicmax,archimonde,1705,hunter,beastmastery,45,20,25
Letsrock,outland,1704,hunter,beastmastery,98,52,46
Impxgodx,outland,1704,hunter,beastmastery,51,24,27
Saggymilkies,outland,1704,hunter,beastmastery,126,56,70
Lobo,kazzak,1704,hunter,beastmastery,66,28,38
Sayn,la-croisade-écarlate,1703,hunter,beastmastery,125,60,65
Ysina,arathi,1703,hunter,beastmastery,108,50,58
Saiko,kazzak,1703,hunter,beastmastery,42,18,24
Unßørn,archimonde,1702,hunter,beastmastery,96,38,58
Vilopez,arthas,1701,hunter,beastmastery,24,20,4
Parhainkoira,argent-dawn,1701,hunter,beastmastery,102,56,46
Murtagh,khaz-modan,1701,hunter,beastmastery,66,36,30
Krix,ragnaros,1700,hunter,beastmastery,114,64,50
Legosoldaten,stormscale,1700,hunter,beastmastery,40,22,18
Agrmash,drakthul,1699,hunter,beastmastery,42,26,16
Shinkichi,archimonde,1699,hunter,beastmastery,30,18,12
Elamondria,outland,1699,hunter,beastmastery,72,42,30
Sznxøxo,ravencrest,1699,hunter,beastmastery,54,29,25
Idtrapthat,nagrand,1698,hunter,beastmastery,108,52,56
Simpyani,silvermoon,1697,hunter,beastmastery,44,26,18
Traplørdx,sylvanas,1697,hunter,beastmastery,54,24,30
Liquidhunter,quelthalas,1696,hunter,beastmastery,48,26,22
Lothram,les-sentinelles,1695,hunter,beastmastery,48,26,22
Адыгах,blackscar,1694,hunter,beastmastery,72,41,31
Merquryh,ravencrest,1693,hunter,beastmastery,48,27,21
Vinsanity,dunemaul,1693,hunter,beastmastery,54,21,33
Kamar,archimonde,1692,hunter,beastmastery,66,43,23
Timec,outland,1692,hunter,beastmastery,42,18,24
Naraxis,blackrock,1691,hunter,beastmastery,102,51,51
Madeyhunt,burning-legion,1691,hunter,beastmastery,48,23,25
Chrysantes,forscherliga,1691,hunter,beastmastery,44,21,23
Fluphy,thrall,1690,hunter,beastmastery,106,55,51
Tauriêl,blutkessel,1690,hunter,beastmastery,48,24,24
Wlâd,archimonde,1689,hunter,beastmastery,41,25,16
Fize,blackmoore,1689,hunter,beastmastery,101,48,53
Painaldeepz,stormscale,1688,hunter,beastmastery,90,46,44
Дуссита,gordunni,1688,hunter,beastmastery,149,70,79
Chasxc,kazzak,1687,hunter,beastmastery,94,51,43
Utoast,ravencrest,1687,hunter,beastmastery,60,30,30
Easyclass,hyjal,1686,hunter,beastmastery,178,99,79
Blmlooter,stormreaver,1686,hunter,beastmastery,43,23,20
Balthazzarxx,ravencrest,1686,hunter,beastmastery,68,36,32
Kalá,defias-brotherhood,1684,hunter,beastmastery,51,23,28
Carioca,blackhand,1684,hunter,beastmastery,72,31,41
Earlygrey,ravencrest,1683,hunter,beastmastery,201,101,100
Ðxlz,archimonde,1683,hunter,beastmastery,71,35,36
Hunterlolz,tarren-mill,1682,hunter,beastmastery,138,74,64
Jeskö,tarren-mill,1681,hunter,beastmastery,36,20,16
Забзаб,soulflayer,1680,hunter,beastmastery,63,31,32
Ðrtrapx,blackmoore,1679,hunter,beastmastery,68,38,30
Vajraw,blackrock,1679,hunter,beastmastery,243,120,123
Kissnodig,outland,1678,hunter,beastmastery,116,73,43
Nestór,todeswache,1678,hunter,beastmastery,47,28,19
Hitandtrap,stormscale,1678,hunter,beastmastery,54,26,28
Séyena,outland,1678,hunter,beastmastery,78,34,44
Yoey,tarren-mill,1676,hunter,beastmastery,50,28,22
Шергала,soulflayer,1675,hunter,beastmastery,370,178,192
Downey,azshara,1675,hunter,beastmastery,90,37,53
Миилленниум,howling-fjord,1675,hunter,beastmastery,66,27,39
Mirmona,stormscale,1674,hunter,beastmastery,108,55,53
Fåded,ravencrest,1674,hunter,beastmastery,83,42,41
Sentriks,tarren-mill,1674,hunter,beastmastery,42,20,22
Bigdog,eredar,1674,hunter,beastmastery,83,39,44
Hultasy,outland,1673,hunter,beastmastery,197,100,97
Ремонтлицаа,gordunni,1672,hunter,beastmastery,68,31,37
Knocked,quelthalas,1672,hunter,beastmastery,90,39,51
Xenvantoss,silvermoon,1671,hunter,beastmastery,36,19,17
Feijfeij,stormreaver,1670,hunter,beastmastery,84,43,41
Axran,ravencrest,1670,hunter,beastmastery,65,31,34
Irefutabilâ,outland,1670,hunter,beastmastery,144,66,78
Dragonbomb,tarren-mill,1670,hunter,beastmastery,54,24,30
Hiddenxsabo,blackmoore,1669,hunter,beastmastery,47,26,21
Techpøint,silvermoon,1669,hunter,beastmastery,35,18,17
Инкризшот,gordunni,1668,hunter,beastmastery,83,43,40
Raindra,twisting-nether,1667,hunter,beastmastery,78,37,41
Pekaxôxô,sanguino,1665,hunter,beastmastery,54,39,15
Berenger,twisting-nether,1665,hunter,beastmastery,36,21,15
Triggaz,stormscale,1665,hunter,beastmastery,216,109,107
Exlune,sylvanas,1665,hunter,beastmastery,60,27,33
Заксель,soulflayer,1663,hunter,beastmastery,54,26,28
Zanpa,archimonde,1663,hunter,beastmastery,122,56,66
Atrisi,tarren-mill,1662,hunter,beastmastery,41,25,16
Bebiyo,sanguino,1662,hunter,beastmastery,124,61,63
Hõth,kazzak,1662,hunter,beastmastery,42,18,24
Notx,ravencrest,1660,hunter,beastmastery,42,24,18
Trenesta,tarren-mill,1659,hunter,beastmastery,34,18,16
Zubro,kazzak,1659,hunter,beastmastery,231,116,115
Psymòn,ravencrest,1659,hunter,beastmastery,48,24,24
Омежка,deepholm,1659,hunter,beastmastery,41,18,23
Pérnix,tarren-mill,1657,hunter,beastmastery,30,18,12
Azzazeal,drakthul,1657,hunter,beastmastery,48,22,26
Gondoo,tarren-mill,1656,hunter,beastmastery,42,20,22
Wolfster,kazzak,1655,hunter,beastmastery,96,50,46
Meghanmarkle,tarren-mill,1655,hunter,beastmastery,111,56,55
Chúx,twisting-nether,1655,hunter,beastmastery,233,117,116
Lëgølåslõrdx,blackrock,1653,hunter,beastmastery,86,44,42
Grabbin,silvermoon,1652,hunter,beastmastery,64,32,32
Танчибосс,soulflayer,1651,hunter,beastmastery,42,25,17
Гигапупсх,howling-fjord,1651,hunter,beastmastery,183,100,83
Digital,twisting-nether,1650,hunter,beastmastery,45,24,21
Nottberozz,silvermoon,1650,hunter,beastmastery,237,119,118
Taoshii,die-aldor,1649,hunter,beastmastery,100,55,45
Bebar,kazzak,1648,hunter,beastmastery,156,81,75
Røzy,twisting-nether,1647,hunter,beastmastery,48,35,13
Zisqa,alleria,1647,hunter,beastmastery,46,25,21
Oldcocknbals,silvermoon,1645,hunter,beastmastery,100,54,46
Djøgi,archimonde,1645,hunter,beastmastery,48,24,24
Darksmoke,forscherliga,1643,hunter,beastmastery,77,38,39
Ефрейя,gordunni,1643,hunter,beastmastery,56,25,31
Nkdchef,outland,1642,hunter,beastmastery,54,29,25
Dhadhar,kazzak,1642,hunter,beastmastery,287,139,148
Kethos,draenor,1641,hunter,beastmastery,87,52,35
Luckyxcharm,blackrock,1641,hunter,beastmastery,78,41,37
Peazý,ravencrest,1641,hunter,beastmastery,114,57,57
Sazox,blackrock,1641,hunter,beastmastery,36,18,18
Иоссифсталин,soulflayer,1641,hunter,beastmastery,92,44,48
Смертонносна,lich-king,1641,hunter,beastmastery,71,30,41
Rynx,hellfire,1640,hunter,beastmastery,120,58,62
Askaway,sylvanas,1639,hunter,beastmastery,42,31,11
Paraskámu,twisting-nether,1639,hunter,beastmastery,41,23,18
Povish,twisting-nether,1639,hunter,beastmastery,49,25,24
Ariabeast,archimonde,1639,hunter,beastmastery,60,30,30
Shoranon,stormscale,1639,hunter,beastmastery,48,23,25
Kerólus,blackhand,1639,hunter,beastmastery,48,18,30
Teestylee,stormscale,1638,hunter,beastmastery,42,21,21
Cubro,sanguino,1637,hunter,beastmastery,83,46,37
Drøøðqt,blackrock,1637,hunter,beastmastery,60,31,29
Jinxpeasant,twisting-nether,1636,hunter,beastmastery,42,27,15
Klausmanne,blackrock,1636,hunter,beastmastery,335,160,175
Леао,howling-fjord,1635,hunter,beastmastery,51,35,16
Akaris,archimonde,1635,hunter,beastmastery,78,35,43
Daxhunter,twisting-nether,1635,hunter,beastmastery,54,23,31
Yolofant,blackhand,1634,hunter,beastmastery,36,22,14
Imdepressed,sylvanas,1634,hunter,beastmastery,57,31,26
Куоль,gordunni,1634,hunter,beastmastery,53,23,30
Tobbè,silvermoon,1634,hunter,beastmastery,42,18,24
Fizè,blackmoore,1633,hunter,beastmastery,53,32,21
Snipertjuh,silvermoon,1633,hunter,beastmastery,145,75,70
Dealtqt,ysondre,1633,hunter,beastmastery,54,23,31
Sïmc,archimonde,1632,hunter,beastmastery,136,70,66
Cicatrice,kazzak,1631,hunter,beastmastery,40,19,21
Horhyndan,ragnaros,1631,hunter,beastmastery,51,24,27
Calutis,blackmoore,1630,hunter,beastmastery,60,37,23
Eggcowmeow,azjolnerub,1630,hunter,beastmastery,66,33,33
Smecher,ravencrest,1630,hunter,beastmastery,72,34,38
Pareia,blackrock,1629,hunter,beastmastery,30,20,10
Pareîa,alexstrasza,1629,hunter,beastmastery,33,18,15
Йокуя,blackscar,1628,hunter,beastmastery,72,44,28
Ðesøtø,frostwolf,1628,hunter,beastmastery,66,33,33
Drewsx,ravencrest,1627,hunter,beastmastery,36,22,14
Nîøssx,blackrock,1627,hunter,beastmastery,71,36,35
Twirlylock,emerald-dream,1627,hunter,beastmastery,54,24,30
Smegmagol,baelgun,1626,hunter,beastmastery,47,24,23
Wolder,burning-legion,1625,hunter,beastmastery,30,20,10
Gibiswag,outland,1625,hunter,beastmastery,36,17,19
Uglybaboon,draenor,1625,hunter,beastmastery,42,17,25
Noxin,blackrock,1624,hunter,beastmastery,48,24,24
Dispairge,antonidas,1624,hunter,beastmastery,48,21,27
Sicktrapbtw,hyjal,1624,hunter,beastmastery,42,17,25
Illaice,antonidas,1623,hunter,beastmastery,42,23,19
Fiftyóne,festung-der-stürme,1623,hunter,beastmastery,120,65,55
Пихпахах,gordunni,1623,hunter,beastmastery,148,74,74
Brawnshunt,stormscale,1623,hunter,beastmastery,84,36,48
Trapzila,aggra-português,1622,hunter,beastmastery,126,68,58
Акройя,gordunni,1622,hunter,beastmastery,132,70,62
Pluttbug,xavius,1622,hunter,beastmastery,38,20,18
Podroto,tyrande,1622,hunter,beastmastery,47,22,25
Santiino,silvermoon,1621,hunter,beastmastery,66,33,33
Yeign,eredar,1620,hunter,beastmastery,84,47,37
Índigo,kazzak,1620,hunter,beastmastery,56,30,26
Ausgefuchst,forscherliga,1620,hunter,beastmastery,54,24,30
Flappypig,stormscale,1620,hunter,beastmastery,50,22,28
Jomerin,thrall,1620,hunter,beastmastery,53,23,30
Ilovekatsu,archimonde,1619,hunter,beastmastery,30,17,13
Ðoxz,blackrock,1619,hunter,beastmastery,30,17,13
Jèrsèy,draenor,1619,hunter,beastmastery,42,22,20
Onof,archimonde,1619,hunter,beastmastery,36,17,19
Vezeka,ravencrest,1618,hunter,beastmastery,42,26,16
Вееном,gordunni,1618,hunter,beastmastery,78,37,41
Bobon,stormscale,1617,hunter,beastmastery,54,26,28
Poupoune,uldum,1617,hunter,beastmastery,84,40,44
Elmez,outland,1617,hunter,beastmastery,42,20,22
Deathvain,tarren-mill,1617,hunter,beastmastery,91,38,53
Notdilly,varimathras,1617,hunter,beastmastery,48,20,28
Criticalbomb,kazzak,1616,hunter,beastmastery,54,28,26
Zuxz,blackmoore,1616,hunter,beastmastery,97,47,50
Neïç,antonidas,1616,hunter,beastmastery,113,49,64
Quasar,ravencrest,1616,hunter,beastmastery,42,17,25
Thatsaturtle,arathor,1615,hunter,beastmastery,30,17,13
Eltrapo,ravencrest,1613,hunter,beastmastery,24,17,7
Asâya,blackmoore,1613,hunter,beastmastery,184,104,80
Missmytraps,ravencrest,1613,hunter,beastmastery,39,20,19
Kawal,hyjal,1613,hunter,beastmastery,42,21,21
Zusale,azshara,1612,hunter,beastmastery,66,35,31
Hîldegard,todeswache,1612,hunter,beastmastery,64,30,34
Shenely,kazzak,1611,hunter,beastmastery,30,17,13
Tëmeh,ysondre,1611,hunter,beastmastery,30,17,13
Aroeris,ravencrest,1611,hunter,beastmastery,57,32,25
Slmao,tarren-mill,1611,hunter,beastmastery,239,119,120
Xraay,stormscale,1610,hunter,beastmastery,54,31,23
Lowfet,neptulon,1610,hunter,beastmastery,251,132,119
Noór,silvermoon,1609,hunter,beastmastery,48,31,17
Мальберна,eversong,1609,hunter,beastmastery,48,30,18
Ксила,blackscar,1609,hunter,beastmastery,71,37,34
Lyllidrop,varimathras,1609,hunter,beastmastery,50,22,28
Nordafrøst,antonidas,1609,hunter,beastmastery,66,27,39
Beeasty,aegwynn,1608,hunter,beastmastery,36,21,15
Zugmypole,stormscale,1608,hunter,beastmastery,78,43,35
Блэкстейдж,howling-fjord,1608,hunter,beastmastery,183,92,91
Eaglexx,twisting-nether,1608,hunter,beastmastery,78,39,39
Fanjah,sylvanas,1608,hunter,beastmastery,81,39,42
Zoo,archimonde,1608,hunter,beastmastery,51,24,27
Símpíng,tarren-mill,1607,hunter,beastmastery,24,17,7
Nukenfoobs,draenor,1607,hunter,beastmastery,36,23,13
Ixix,blackhand,1607,hunter,beastmastery,66,32,34
Daveq,drakthul,1607,hunter,beastmastery,54,24,30
Áñmy,ravencrest,1606,hunter,beastmastery,54,36,18
Paimen,darksorrow,1606,hunter,beastmastery,108,57,51
Сенджогахара,greymane,1606,hunter,beastmastery,91,45,46
Gramzy,blackmoore,1605,hunter,beastmastery,161,84,77
Æblesaft,stormscale,1605,hunter,beastmastery,94,45,49
Céah,blackrock,1604,hunter,beastmastery,54,28,26
Swallowbaby,lothar,1604,hunter,beastmastery,90,41,49
Chasseurcool,argent-dawn,1603,hunter,beastmastery,50,28,22
Bànsundara,hyjal,1603,hunter,beastmastery,97,53,44
Pumbuboo,deathwing,1603,hunter,beastmastery,133,72,61
Каэлланис,soulflayer,1603,hunter,beastmastery,59,25,34
Xplosiveshot,tarren-mill,1602,hunter,beastmastery,35,22,13
Atlanta,arygos,1602,hunter,beastmastery,42,22,20
Sjins,draenor,1601,hunter,beastmastery,35,20,15
Huntma,kazzak,1601,hunter,beastmastery,121,65,56
Ivanthebeast,twisting-nether,1600,hunter,beastmastery,111,65,46
Stickey,antonidas,1600,hunter,beastmastery,66,34,32
Dragosvis,arathor,1599,hunter,beastmastery,66,36,30
Wayland,dalaran,1597,hunter,beastmastery,102,40,62
Оути,azuregos,1595,hunter,beastmastery,69,37,32
Wraithlit,bronzebeard,1595,hunter,beastmastery,78,41,37
Nashanael,argent-dawn,1595,hunter,beastmastery,42,20,22
Gukexa,outland,1594,hunter,beastmastery,37,19,18
Akhtabot,twisting-nether,1592,hunter,beastmastery,42,19,23
Memehunter,aegwynn,1591,hunter,beastmastery,78,47,31
Зоотян,gordunni,1589,hunter,beastmastery,111,55,56
Hecken,nemesis,1588,hunter,beastmastery,30,20,10
Brisbya,khaz-modan,1588,hunter,beastmastery,59,35,24
Arcaniz,ravencrest,1588,hunter,beastmastery,72,38,34
Digimørtal,kazzak,1588,hunter,beastmastery,48,23,25
Porch,dragonmaw,1587,hunter,beastmastery,43,23,20
Saymqt,blackrock,1584,hunter,beastmastery,81,39,42
Sallya,kazzak,1583,hunter,beastmastery,53,28,25
Солевойй,gordunni,1583,hunter,beastmastery,75,38,37
Survabuse,silvermoon,1581,hunter,beastmastery,33,20,13
Latschodives,malorne,1581,hunter,beastmastery,127,64,63
Búddhá,stormscale,1581,hunter,beastmastery,192,91,101
Feralhound,exodar,1580,hunter,beastmastery,389,197,192
Wrongtarget,auchindoun,1580,hunter,beastmastery,65,28,37
Jaxxoo,outland,1579,hunter,beastmastery,30,19,11
Тиблэк,soulflayer,1579,hunter,beastmastery,101,51,50
Eazzyy,auchindoun,1578,hunter,beastmastery,138,65,73
Гульнарамвд,gordunni,1578,hunter,beastmastery,48,20,28
Kafkules,outland,1577,hunter,beastmastery,155,83,72
Cyclontrapgg,antonidas,1576,hunter,beastmastery,41,21,20
Wèndy,blackrock,1576,hunter,beastmastery,94,46,48
Miladinorc,azjolnerub,1574,hunter,beastmastery,42,25,17
Bówyóurfácé,outland,1573,hunter,beastmastery,42,21,21
Akïratqz,sanguino,1572,hunter,beastmastery,30,18,12
Drivenscope,twisting-nether,1572,hunter,beastmastery,52,29,23
Nickyhunt,stormscale,1572,hunter,beastmastery,77,38,39
Thogelle,hyjal,1572,hunter,beastmastery,208,100,108
Жэш,howling-fjord,1571,hunter,beastmastery,93,61,32
Пулявзубах,gordunni,1571,hunter,beastmastery,138,73,65
Grapemint,blackrock,1570,hunter,beastmastery,30,18,12
Strélka,blackrock,1570,hunter,beastmastery,72,36,36
Snaipergirl,twisting-nether,1570,hunter,beastmastery,132,62,70
Ileira,blackmoore,1569,hunter,beastmastery,55,26,29
Мунлэс,lich-king,1569,hunter,beastmastery,69,30,39
Pandanero,ravencrest,1568,hunter,beastmastery,36,18,18
Zinco,ravencrest,1568,hunter,beastmastery,123,59,64
Комомура,soulflayer,1568,hunter,beastmastery,53,24,29
Trapyx,malganis,1566,hunter,beastmastery,417,210,207
Øô,dun-morogh,1564,hunter,beastmastery,95,50,45
Dragomirka,kazzak,1563,hunter,beastmastery,117,58,59
Fritzi,outland,1563,hunter,beastmastery,41,18,23
Tràxes,quelthalas,1558,hunter,beastmastery,282,141,141
Charleramsey,outland,1558,hunter,beastmastery,60,30,30
Nolove,burning-legion,1557,hunter,beastmastery,137,67,70
Coôkie,ysondre,1557,hunter,beastmastery,48,19,29
Expoh,blackmoore,1556,hunter,beastmastery,49,25,24
Tigerups,burning-legion,1556,hunter,beastmastery,60,29,31
Shkorvi,drakthul,1555,hunter,beastmastery,36,17,19
Søuïlløn,archimonde,1553,hunter,beastmastery,48,30,18
Честнный,howling-fjord,1553,hunter,beastmastery,222,111,111
Жмыххунтер,howling-fjord,1553,hunter,beastmastery,78,38,40
Ravis,aegwynn,1553,hunter,beastmastery,40,18,22
Lsa,kazzak,1553,hunter,beastmastery,95,40,55
Жокра,greymane,1553,hunter,beastmastery,61,25,36
Githo,argent-dawn,1552,hunter,beastmastery,75,45,30
Proccter,silvermoon,1552,hunter,beastmastery,144,79,65
Domnite,ravencrest,1552,hunter,beastmastery,211,112,99
Asery,blackmoore,1552,hunter,beastmastery,60,25,35
Gunde,kazzak,1551,hunter,beastmastery,102,52,50
Толяарканшот,razuvious,1550,hunter,beastmastery,60,36,24
Diapositiv,draenor,1550,hunter,beastmastery,66,35,31
Камшотовна,blackscar,1549,hunter,beastmastery,205,114,91
Solot,silvermoon,1549,hunter,beastmastery,96,47,49
Sharún,sylvanas,1548,hunter,beastmastery,56,27,29
Xiioo,ravencrest,1548,hunter,beastmastery,95,41,54
Hyunkies,ysondre,1548,hunter,beastmastery,71,30,41
Homesz,blackmoore,1547,hunter,beastmastery,46,25,21
Spinella,antonidas,1547,hunter,beastmastery,161,78,83
Сотк,howling-fjord,1547,hunter,beastmastery,53,24,29
Heoden,nemesis,1546,hunter,beastmastery,54,28,26
Grusijohn,executus,1543,hunter,beastmastery,72,35,37
Эвилтар,soulflayer,1542,hunter,beastmastery,108,53,55
Dmanite,ravencrest,1541,hunter,beastmastery,180,90,90
Ганидони,soulflayer,1541,hunter,beastmastery,91,37,54
Tuskah,stormreaver,1540,hunter,beastmastery,60,34,26
Ziathiel,draenor,1539,hunter,beastmastery,45,27,18
Crâsh,ysondre,1538,hunter,beastmastery,80,40,40
Антисерт,ashenvale,1538,hunter,beastmastery,70,33,37
Bortian,argent-dawn,1536,hunter,beastmastery,73,41,32
Straybullet,kazzak,1536,hunter,beastmastery,236,123,113
Corrupth,outland,1535,hunter,beastmastery,43,22,21
Orcoro,ysondre,1535,hunter,beastmastery,311,153,158
Avatarofwoe,blackmoore,1535,hunter,beastmastery,54,24,30
Gerentral,burning-legion,1534,hunter,beastmastery,100,56,44
Rachelzane,blackrock,1534,hunter,beastmastery,30,16,14
Yoorizz,outland,1534,hunter,beastmastery,48,18,30
Lòò,aegwynn,1533,hunter,beastmastery,113,55,58
Gedzer,silvermoon,1533,hunter,beastmastery,72,34,38
Kravchenko,draenor,1532,hunter,beastmastery,53,30,23
Sonìc,kazzak,1531,hunter,beastmastery,44,25,19
Wondersnipes,stormrage,1531,hunter,beastmastery,51,23,28
Druckwelle,frostwolf,1530,hunter,beastmastery,68,29,39
Massimox,draenor,1529,hunter,beastmastery,30,22,8
Crippler,arthas,1528,hunter,beastmastery,46,29,17
Отерон,gordunni,1528,hunter,beastmastery,182,96,86
Tayaa,draenor,1528,hunter,beastmastery,91,47,44
Jagarbladet,ravencrest,1528,hunter,beastmastery,52,26,26
Córelly,outland,1527,hunter,beastmastery,119,57,62
Синглшот,blackscar,1525,hunter,beastmastery,43,24,19
Anklar,blackrock,1525,hunter,beastmastery,65,25,40
Nycrom,ravencrest,1524,hunter,beastmastery,62,29,33
Blakkablakka,eredar,1523,hunter,beastmastery,59,33,26
Sarrow,ravencrest,1523,hunter,beastmastery,77,41,36
Engetsu,drakthul,1523,hunter,beastmastery,116,58,58
Pennymarks,blackhand,1523,hunter,beastmastery,62,31,31
Crowsza,archimonde,1522,hunter,beastmastery,91,50,41
Tiendat,kazzak,1522,hunter,beastmastery,48,24,24
Gnouminøu,archimonde,1521,hunter,beastmastery,206,107,99
Renamexyz,blackmoore,1520,hunter,beastmastery,36,20,16
Nallepuuoh,outland,1520,hunter,beastmastery,135,67,68
Ханзолес,gordunni,1519,hunter,beastmastery,89,49,40
Metalmaison,archimonde,1519,hunter,beastmastery,148,73,75
Yryyh,silvermoon,1519,hunter,beastmastery,78,35,43
Greavius,kazzak,1519,hunter,beastmastery,36,16,20
Blupo,stormscale,1518,hunter,beastmastery,287,142,145
Lightcheese,twisting-nether,1518,hunter,beastmastery,48,23,25
Gorebatschov,aegwynn,1518,hunter,beastmastery,48,16,32
Cajakekw,madmortem,1517,hunter,beastmastery,24,16,8
Маунтдроп,gordunni,1517,hunter,beastmastery,183,97,86
Reijuan,doomhammer,1516,hunter,beastmastery,30,16,14
Pjållistani,ravencrest,1516,hunter,beastmastery,42,16,26
Siegbald,ragnaros,1515,hunter,beastmastery,64,30,34
Субоота,gordunni,1515,hunter,beastmastery,58,21,37
Recrent,kazzak,1513,hunter,beastmastery,48,33,15
Vimd,archimonde,1513,hunter,beastmastery,71,37,34
Spidak,stormscale,1513,hunter,beastmastery,60,29,31
Xarhunt,azjolnerub,1512,hunter,beastmastery,24,16,8
Туруханец,gordunni,1512,hunter,beastmastery,182,102,80
Жажждущий,gordunni,1511,hunter,beastmastery,190,95,95
Lis,gorgonnash,1511,hunter,beastmastery,78,35,43
Draugrinnh,tarren-mill,1511,hunter,beastmastery,66,29,37
Лёт,azuregos,1510,hunter,beastmastery,74,43,31
Анастазис,soulflayer,1509,hunter,beastmastery,36,17,19
Кежма,howling-fjord,1507,hunter,beastmastery,42,26,16
Стэпси,gordunni,1506,hunter,beastmastery,56,23,33
Encore,sylvanas,1504,hunter,beastmastery,158,83,75
Spizglub,defias-brotherhood,1504,hunter,beastmastery,83,43,40
Icetrapped,eredar,1502,hunter,beastmastery,41,25,16
Oife,auchindoun,1502,hunter,beastmastery,65,39,26
Bujie,ragnaros,1502,hunter,beastmastery,42,16,26
Soulthirsty,ravencrest,1501,hunter,beastmastery,132,62,70
Яроняютрапу,gordunni,1500,hunter,beastmastery,52,33,19
Eagletalon,twisting-nether,1500,hunter,beastmastery,75,33,42
Ryuwen,dun-modr,1499,hunter,beastmastery,142,68,74
Kalt,twisting-nether,1498,hunter,beastmastery,70,41,29
Flytomars,ravencrest,1498,hunter,beastmastery,41,18,23
Leáa,eredar,1496,hunter,beastmastery,48,26,22
Palaur,kazzak,1496,hunter,beastmastery,184,94,90
Funkalation,ravencrest,1495,hunter,beastmastery,36,20,16
Ledrox,ravencrest,1494,hunter,beastmastery,90,42,48
Kibola,antonidas,1493,hunter,beastmastery,66,27,39
Raxedo,blackrock,1492,hunter,beastmastery,50,25,25
Idetylem,burning-legion,1490,hunter,beastmastery,84,44,40
Almogrote,sanguino,1490,hunter,beastmastery,90,43,47
Laoriane,hyjal,1489,hunter,beastmastery,51,28,23
Chenony,ravencrest,1489,hunter,beastmastery,84,38,46
Рэттс,soulflayer,1488,hunter,beastmastery,122,63,59
Jannolafrite,ysondre,1488,hunter,beastmastery,51,24,27
Assbúrgers,silvermoon,1487,hunter,beastmastery,88,44,44
Трэйсх,howling-fjord,1487,hunter,beastmastery,36,17,19
Vescar,argent-dawn,1487,hunter,beastmastery,54,17,37
Stòkke,stormscale,1486,hunter,beastmastery,60,25,35
Wøden,ysondre,1485,hunter,beastmastery,90,39,51
Ahlgood,stormscale,1484,hunter,beastmastery,30,16,14
Sylvænæs,stormscale,1483,hunter,beastmastery,87,42,45
Делар,howling-fjord,1483,hunter,beastmastery,68,29,39
Jeeso,baelgun,1482,hunter,beastmastery,160,73,87
Amigosaa,draenor,1481,hunter,beastmastery,36,18,18
Tukene,kazzak,1481,hunter,beastmastery,51,19,32
Budhunter,alakir,1480,hunter,beastmastery,163,85,78
Váal,dun-modr,1479,hunter,beastmastery,85,49,36
Кривоватый,galakrond,1479,hunter,beastmastery,30,16,14
Dirtydolores,thrall,1478,hunter,beastmastery,41,24,17
Moistmán,kazzak,1478,hunter,beastmastery,242,116,126
Бедствиие,galakrond,1478,hunter,beastmastery,83,39,44
Valldes,argent-dawn,1478,hunter,beastmastery,75,33,42
Amigoss,argent-dawn,1476,hunter,beastmastery,102,52,50
Pego,grim-batol,1476,hunter,beastmastery,61,29,32
Djbombastic,archimonde,1475,hunter,beastmastery,72,42,30
Снюсинка,gordunni,1475,hunter,beastmastery,88,44,44
Sbegodx,hyjal,1473,hunter,beastmastery,137,69,68
Аллони,booty-bay,1473,hunter,beastmastery,183,87,96
Wingclip,ravencrest,1472,hunter,beastmastery,40,17,23
Bastianapa,twisting-nether,1471,hunter,beastmastery,66,31,35
Cosmol,kazzak,1470,hunter,beastmastery,93,49,44
Bogüen,sanguino,1470,hunter,beastmastery,66,33,33
Ñápøléóñ,draenor,1469,hunter,beastmastery,30,18,12
Sylariel,die-aldor,1469,hunter,beastmastery,46,23,23
Lascazador,dun-modr,1469,hunter,beastmastery,80,33,47
Dzikabestia,burning-legion,1467,hunter,beastmastery,36,21,15
Coldmonster,tarren-mill,1466,hunter,beastmastery,163,88,75
Hruon,sporeggar,1466,hunter,beastmastery,54,27,27
Råhl,zuljin,1466,hunter,beastmastery,41,17,24
Кейдлер,gordunni,1465,hunter,beastmastery,35,17,18
Pewmasters,stormscale,1465,hunter,beastmastery,73,33,40
Viktorijå,draenor,1464,hunter,beastmastery,59,35,24
Halfogre,draenor,1464,hunter,beastmastery,36,18,18
Pancakesgo,twilights-hammer,1464,hunter,beastmastery,137,67,70
Trapwann,argent-dawn,1464,hunter,beastmastery,78,37,41
Зимняясказка,soulflayer,1461,hunter,beastmastery,48,19,29
Rhee,the-maelstrom,1460,hunter,beastmastery,139,65,74
Dzikapumpa,burning-legion,1458,hunter,beastmastery,57,26,31
Zäroury,ravencrest,1458,hunter,beastmastery,88,39,49
Johnwick,aerie-peak,1457,hunter,beastmastery,42,24,18
Mufdii,sylvanas,1457,hunter,beastmastery,34,16,18
Toosmall,stormscale,1455,hunter,beastmastery,52,31,21
Рэмпейджшот,soulflayer,1455,hunter,beastmastery,42,24,18
Mêshuggah,ravencrest,1455,hunter,beastmastery,36,20,16
Dramin,defias-brotherhood,1455,hunter,beastmastery,233,125,108
Anca,aegwynn,1454,hunter,beastmastery,207,102,105
Crispystix,draenor,1454,hunter,beastmastery,35,16,19
Naramir,ysondre,1453,hunter,beastmastery,33,18,15
Rdom,stormreaver,1453,hunter,beastmastery,180,89,91
Freebïrd,shattered-hand,1453,hunter,beastmastery,54,25,29
Anjeschka,nemesis,1451,hunter,beastmastery,64,37,27
Lokiis,hyjal,1451,hunter,beastmastery,132,71,61
Гернриета,gordunni,1451,hunter,beastmastery,78,37,41
Acmé,kazzak,1451,hunter,beastmastery,54,22,32
Ynfik,sinstralis,1450,hunter,beastmastery,130,70,60
Aenina,kazzak,1449,hunter,beastmastery,60,33,27
Shawnrai,drakthul,1449,hunter,beastmastery,44,24,20
Bambamgalke,antonidas,1449,hunter,beastmastery,131,66,65
Vaelyste,doomhammer,1449,hunter,beastmastery,127,63,64
Thyala,twisting-nether,1449,hunter,beastmastery,57,25,32
Wolfyx,cthun,1449,hunter,beastmastery,60,25,35
Jarekk,auchindoun,1446,hunter,beastmastery,91,48,43
Vypaz,twisting-nether,1446,hunter,beastmastery,60,30,30
Metrolog,twisting-nether,1446,hunter,beastmastery,99,48,51
Lustor,ravencrest,1446,hunter,beastmastery,113,53,60
Drigs,blackrock,1445,hunter,beastmastery,117,59,58
Whazupdude,drakthul,1444,hunter,beastmastery,53,34,19
Эмомото,howling-fjord,1444,hunter,beastmastery,54,22,32
Makaxx,stormscale,1441,hunter,beastmastery,49,31,18
Xüscha,ysera,1441,hunter,beastmastery,138,64,74
Rifle,dun-morogh,1440,hunter,beastmastery,52,26,26
Ghost,tarren-mill,1439,hunter,beastmastery,30,15,15
Syniix,ravencrest,1439,hunter,beastmastery,30,15,15
Tràpz,archimonde,1439,hunter,beastmastery,57,22,35
Luluxfire,burning-legion,1438,hunter,beastmastery,64,30,34
Earnzie,outland,1438,hunter,beastmastery,72,31,41
Tokyodripztv,drakthul,1437,hunter,beastmastery,48,27,21
Khatia,blackrock,1437,hunter,beastmastery,42,21,21
Juha,the-maelstrom,1437,hunter,beastmastery,57,28,29
Secretagent,zenedar,1436,hunter,beastmastery,30,16,14
Kayoo,stormscale,1436,hunter,beastmastery,54,20,34
Mágaz,draenor,1435,hunter,beastmastery,48,26,22
Wüst,tarren-mill,1435,hunter,beastmastery,30,16,14
Bigfoot,argent-dawn,1435,hunter,beastmastery,222,113,109
Lännennopein,outland,1435,hunter,beastmastery,53,22,31
Pufyrella,kilrogg,1434,hunter,beastmastery,72,38,34
Rachelicious,ravencrest,1434,hunter,beastmastery,30,15,15
Zeniar,pozzo-delleternità,1434,hunter,beastmastery,65,29,36
Galduhr,silvermoon,1433,hunter,beastmastery,36,16,20
Pixxeel,khaz-modan,1432,hunter,beastmastery,36,18,18
Джаствэл,howling-fjord,1432,hunter,beastmastery,30,15,15
Gbureczka,burning-legion,1432,hunter,beastmastery,62,26,36
Duïvell,grim-batol,1432,hunter,beastmastery,36,15,21
Бей,gordunni,1432,hunter,beastmastery,61,25,36
Noréaga,suramar,1431,hunter,beastmastery,36,20,16
Zäyk,zuljin,1431,hunter,beastmastery,79,42,37
Jaxteller,archimonde,1431,hunter,beastmastery,30,15,15
Yoggys,outland,1429,hunter,beastmastery,95,47,48
Glizzygobblr,kazzak,1429,hunter,beastmastery,52,25,27
Unrealy,grim-batol,1428,hunter,beastmastery,205,108,97
Ayyubi,blackrock,1428,hunter,beastmastery,89,44,45
Eufumo,sanguino,1427,hunter,beastmastery,88,48,40
Yayoo,cthun,1427,hunter,beastmastery,59,24,35
Gabbriel,ravencrest,1426,hunter,beastmastery,36,25,11
Necromercy,burning-legion,1426,hunter,beastmastery,76,41,35
Gnubbzn,aegwynn,1426,hunter,beastmastery,42,15,27
Хипдо,soulflayer,1426,hunter,beastmastery,48,15,33
Bibsy,tarren-mill,1425,hunter,beastmastery,35,19,16
Loyuf,burning-blade,1423,hunter,beastmastery,28,16,12
Tasdiingo,tarren-mill,1423,hunter,beastmastery,48,20,28
Торая,gordunni,1421,hunter,beastmastery,30,15,15
Трапча,soulflayer,1420,hunter,beastmastery,24,15,9
Medûse,stormscale,1420,hunter,beastmastery,79,40,39
Mariehunt,blackmoore,1420,hunter,beastmastery,108,52,56
Graavi,silvermoon,1420,hunter,beastmastery,45,18,27
Crynomore,tarren-mill,1418,hunter,beastmastery,68,41,27
Lobos,ravencrest,1418,hunter,beastmastery,110,54,56
Crossjob,kazzak,1417,hunter,beastmastery,48,25,23
Andjelaa,kazzak,1417,hunter,beastmastery,38,19,19
Thieuu,twisting-nether,1417,hunter,beastmastery,30,15,15
Badkirves,kazzak,1416,hunter,beastmastery,109,50,59
Lunaunii,argent-dawn,1414,hunter,beastmastery,24,16,8
Toxical,ragnaros,1414,hunter,beastmastery,36,22,14
Dogthebounty,tarren-mill,1414,hunter,beastmastery,37,22,15
Miracleh,tarren-mill,1414,hunter,beastmastery,42,22,20
Xeld,outland,1414,hunter,beastmastery,30,15,15
Tonk,garrosh,1414,hunter,beastmastery,48,23,25
Weiaw,blackmoore,1414,hunter,beastmastery,57,26,31
Shieryu,archimonde,1414,hunter,beastmastery,72,30,42
Metsänmies,defias-brotherhood,1413,hunter,beastmastery,52,31,21
Leriath,shadowsong,1412,hunter,beastmastery,113,61,52
Dêstiny,dun-modr,1411,hunter,beastmastery,54,31,23
Velocity,nagrand,1411,hunter,beastmastery,41,19,22
Focuslhunt,archimonde,1409,hunter,beastmastery,76,40,36
Flanägan,hyjal,1407,hunter,beastmastery,29,17,12
Стреладемона,gordunni,1407,hunter,beastmastery,75,43,32
Jas,kargath,1406,hunter,beastmastery,184,94,90
Фдкд,howling-fjord,1406,hunter,beastmastery,116,52,64
Arrowman,burning-legion,1405,hunter,beastmastery,36,18,18
Tizzlbang,ragnaros,1404,hunter,beastmastery,30,17,13
Mytown,hyjal,1404,hunter,beastmastery,197,97,100
Loógosh,blackmoore,1404,hunter,beastmastery,120,59,61
Neíth,the-maelstrom,1404,hunter,beastmastery,129,60,69
Àrsaidh,draenor,1403,hunter,beastmastery,59,33,26
Xiaoly,kaelthas,1403,hunter,beastmastery,36,15,21
Elsasehunter,zuljin,1402,hunter,beastmastery,132,60,72
Geete,kazzak,1400,hunter,beastmastery,30,17,13
Drestan,drakthul,1400,hunter,beastmastery,96,47,49
Phinecone,stormscale,1399,hunter,beastmastery,42,18,24
Джантига,howling-fjord,1398,hunter,beastmastery,36,21,15
Flunkytim,blackmoore,1398,hunter,beastmastery,108,58,50
Raymear,kazzak,1398,hunter,beastmastery,80,41,39
Gumm,gorgonnash,1397,hunter,beastmastery,53,24,29
Sindørei,lightbringer,1396,hunter,beastmastery,33,17,16
Зуланария,howling-fjord,1396,hunter,beastmastery,88,42,46
Artemisas,draenor,1396,hunter,beastmastery,54,20,34
Belorgrim,kirin-tor,1395,hunter,beastmastery,90,49,41
Беспокойный,soulflayer,1395,hunter,beastmastery,71,31,40
Slojork,thrall,1394,hunter,beastmastery,253,127,126
Xystîco,thrall,1394,hunter,beastmastery,66,32,34
Mââl,archimonde,1394,hunter,beastmastery,36,16,20
Бубунн,howling-fjord,1394,hunter,beastmastery,96,42,54
Гиладар,borean-tundra,1393,hunter,beastmastery,69,33,36
Hiðe,archimonde,1393,hunter,beastmastery,61,25,36
Câonimâ,twisting-nether,1392,hunter,beastmastery,90,46,44
Soen,zuljin,1392,hunter,beastmastery,58,29,29
Sníper,aggra-português,1392,hunter,beastmastery,125,58,67
Шионо,howling-fjord,1391,hunter,beastmastery,56,29,27
Traktorr,stormscale,1391,hunter,beastmastery,102,50,52
Ázurâ,blackhand,1390,hunter,beastmastery,86,42,44
Bigbababotan,blackrock,1390,hunter,beastmastery,45,20,25
Kareltje,stormscale,1388,hunter,beastmastery,37,21,16
Афигеннски,ashenvale,1387,hunter,beastmastery,54,25,29
Adram,burning-legion,1386,hunter,beastmastery,29,16,13
Hammertime,sanguino,1385,hunter,beastmastery,114,58,56
Reiign,burning-legion,1385,hunter,beastmastery,59,24,35
Erenjaeger,onyxia,1383,hunter,beastmastery,66,41,25
Бвонсамдик,howling-fjord,1383,hunter,beastmastery,54,27,27
Shantala,frostwolf,1382,hunter,beastmastery,54,27,27
Chagaure,hyjal,1382,hunter,beastmastery,36,17,19
Rachelgg,ravencrest,1382,hunter,beastmastery,34,15,19
Shädoh,outland,1380,hunter,beastmastery,30,17,13
Beardmastery,auchindoun,1380,hunter,beastmastery,36,16,20
Andraz,burning-legion,1379,hunter,beastmastery,54,21,33
Dybhalsma,outland,1377,hunter,beastmastery,29,15,14
Vachekiki,archimonde,1376,hunter,beastmastery,71,49,22
Афонадзе,gordunni,1376,hunter,beastmastery,140,67,73
Хлопс,howling-fjord,1376,hunter,beastmastery,36,16,20
Velites,aggra-português,1376,hunter,beastmastery,51,22,29
Фетсол,soulflayer,1375,hunter,beastmastery,54,28,26
Маянашашлыки,galakrond,1374,hunter,beastmastery,90,50,40
Кулинарк,howling-fjord,1374,hunter,beastmastery,88,46,42
Vruh,antonidas,1374,hunter,beastmastery,43,22,21
Esgar,blackrock,1374,hunter,beastmastery,74,34,40
Texaco,dun-modr,1374,hunter,beastmastery,55,25,30
Bøwjøb,arthas,1373,hunter,beastmastery,74,42,32
Waalth,ragnaros,1373,hunter,beastmastery,148,71,77
Фузег,deathguard,1370,hunter,beastmastery,239,122,117
Glorfindhel,archimonde,1370,hunter,beastmastery,36,18,18
Jaky,illidan,1368,hunter,beastmastery,179,104,75
Vivako,silvermoon,1368,hunter,beastmastery,66,35,31
Анариэльсин,soulflayer,1368,hunter,beastmastery,36,15,21
Ubietza,aegwynn,1367,hunter,beastmastery,260,125,135
Beletor,medivh,1365,hunter,beastmastery,30,15,15
Пиворк,soulflayer,1365,hunter,beastmastery,47,16,31
Zantorious,ravencrest,1363,hunter,beastmastery,63,37,26
Saromán,ravencrest,1362,hunter,beastmastery,42,23,19
Tåxi,silvermoon,1362,hunter,beastmastery,207,102,105
Blastarrow,the-maelstrom,1360,hunter,beastmastery,96,44,52
Diablohuntt,burning-legion,1359,hunter,beastmastery,51,16,35
Zúzú,hyjal,1358,hunter,beastmastery,54,32,22
Xndr,sanguino,1354,hunter,beastmastery,24,15,9
Гримкааг,eversong,1353,hunter,beastmastery,97,54,43
Bufosh,twisting-nether,1352,hunter,beastmastery,139,74,65
Сатарр,gordunni,1351,hunter,beastmastery,208,101,107
Cfueb,doomhammer,1351,hunter,beastmastery,42,15,27
Tsivoula,twisting-nether,1349,hunter,beastmastery,29,19,10
Boulaax,ysondre,1349,hunter,beastmastery,136,73,63
Neescafe,sylvanas,1349,hunter,beastmastery,83,42,41
Кэрнел,gordunni,1349,hunter,beastmastery,71,34,37
Lootgobbo,antonidas,1349,hunter,beastmastery,63,30,33
Joshalama,quelthalas,1348,hunter,beastmastery,64,34,30
Amitar,tarren-mill,1347,hunter,beastmastery,60,33,27
Skribez,blackmoore,1347,hunter,beastmastery,53,28,25
Sebastien,frostmane,1347,hunter,beastmastery,33,17,16
Grrizzly,kazzak,1347,hunter,beastmastery,61,31,30
Hogar,frostwolf,1347,hunter,beastmastery,38,17,21
Halessia,ravencrest,1346,hunter,beastmastery,184,92,92
Zelarun,ragnaros,1345,hunter,beastmastery,42,24,18
Felorya,kazzak,1345,hunter,beastmastery,46,25,21
Malover,ravencrest,1343,hunter,beastmastery,30,14,16
Yezzu,sylvanas,1343,hunter,beastmastery,30,14,16
Инойхохо,gordunni,1342,hunter,beastmastery,18,14,4
Grandiosity,tarren-mill,1342,hunter,beastmastery,47,29,18
Чизано,deathguard,1342,hunter,beastmastery,53,25,28
Keoph,tarren-mill,1342,hunter,beastmastery,36,14,22
Retroxia,stormreaver,1341,hunter,beastmastery,36,20,16
Swâân,sanguino,1341,hunter,beastmastery,39,20,19
Missmytrap,archimonde,1340,hunter,beastmastery,18,14,4
Karuso,ravencrest,1340,hunter,beastmastery,30,14,16
Meskette,ravencrest,1340,hunter,beastmastery,70,30,40
Reyko,stormscale,1340,hunter,beastmastery,36,14,22
Ххун,gordunni,1339,hunter,beastmastery,76,35,41
Swargano,archimonde,1339,hunter,beastmastery,48,16,32
Clickbile,twisting-nether,1338,hunter,beastmastery,24,14,10
Kmps,ravencrest,1338,hunter,beastmastery,24,14,10
Võnbødefeld,frostmourne,1338,hunter,beastmastery,46,24,22
Дафирия,deathguard,1338,hunter,beastmastery,70,35,35
Стрелывалеры,gordunni,1338,hunter,beastmastery,36,14,22
Demónhunter,frostmane,1337,hunter,beastmastery,32,15,17
Bláckheart,doomhammer,1336,hunter,beastmastery,38,16,22
Notikâ,aegwynn,1336,hunter,beastmastery,48,20,28
Jegeralv,argent-dawn,1336,hunter,beastmastery,60,24,36
Bågeniburen,draenor,1335,hunter,beastmastery,44,23,21
Marleyson,uldum,1335,hunter,beastmastery,54,27,27
Pammycakes,bronze-dragonflight,1335,hunter,beastmastery,194,96,98
Raythe,argent-dawn,1335,hunter,beastmastery,30,14,16
Huntercheese,ravencrest,1334,hunter,beastmastery,41,23,18
Kaaj,nemesis,1334,hunter,beastmastery,30,16,14
Дэментед,soulflayer,1333,hunter,beastmastery,30,14,16
Mckanê,ysondre,1333,hunter,beastmastery,30,14,16
Шурикцаревич,galakrond,1333,hunter,beastmastery,66,23,43
Ловихимеру,soulflayer,1332,hunter,beastmastery,66,30,36
Чапуршилов,lich-king,1330,hunter,beastmastery,237,120,117
Дэскрайт,soulflayer,1329,hunter,beastmastery,24,14,10
Desow,blackrock,1329,hunter,beastmastery,66,35,31
Feignindeath,twisting-nether,1328,hunter,beastmastery,60,35,25
Luckissues,argent-dawn,1328,hunter,beastmastery,24,14,10
Taveon,turalyon,1328,hunter,beastmastery,30,15,15
Hantro,argent-dawn,1327,hunter,beastmastery,60,33,27
Magrha,khaz-modan,1327,hunter,beastmastery,63,34,29
Ахотакрепкая,gordunni,1326,hunter,beastmastery,24,14,10
Dotkor,laughing-skull,1325,hunter,beastmastery,168,86,82
Holdmypurse,kazzak,1325,hunter,beastmastery,30,14,16
Rabyan,zuljin,1325,hunter,beastmastery,81,32,49
Holdmabeerx,silvermoon,1324,hunter,beastmastery,45,20,25
Sélenaé,hyjal,1324,hunter,beastmastery,58,24,34
Settisetä,defias-brotherhood,1323,hunter,beastmastery,24,14,10
Kiingsane,archimonde,1323,hunter,beastmastery,43,17,26
Лиор,howling-fjord,1323,hunter,beastmastery,84,32,52
Luniel,gilneas,1321,hunter,beastmastery,24,14,10
Waidø,blackhand,1321,hunter,beastmastery,48,25,23
Dzördzo,kazzak,1321,hunter,beastmastery,30,14,16
Napa,kazzak,1320,hunter,beastmastery,24,14,10
Travels,tarren-mill,1320,hunter,beastmastery,165,82,83
Nätzz,dun-modr,1320,hunter,beastmastery,30,14,16
Цумочка,blackscar,1319,hunter,beastmastery,30,16,14
Ríckybobby,kazzak,1319,hunter,beastmastery,43,22,21
Nårgai,kargath,1317,hunter,beastmastery,90,49,41
Хантвкроксах,gordunni,1317,hunter,beastmastery,38,18,20
Rushgarroth,ravencrest,1315,hunter,beastmastery,138,67,71
Имбакласс,howling-fjord,1314,hunter,beastmastery,24,15,9
Britannia,frostmane,1314,hunter,beastmastery,24,14,10
Fahin,draenor,1314,hunter,beastmastery,80,39,41
Øßlíck,ysondre,1314,hunter,beastmastery,30,14,16
Nomadest,silvermoon,1313,hunter,beastmastery,24,14,10
Meredo,burning-legion,1313,hunter,beastmastery,64,33,31
Dùmbo,khaz-modan,1313,hunter,beastmastery,96,46,50
Konghans,ravencrest,1313,hunter,beastmastery,83,38,45
Ridlas,silvermoon,1312,hunter,beastmastery,129,66,63
Baileé,onyxia,1312,hunter,beastmastery,80,40,40
Halgen,medivh,1312,hunter,beastmastery,128,60,68
Люблюлюбовь,gordunni,1310,hunter,beastmastery,42,27,15
Талигар,razuvious,1310,hunter,beastmastery,135,59,76
Aneji,hyjal,1308,hunter,beastmastery,86,45,41
Xéraphine,mannoroth,1306,hunter,beastmastery,109,46,63
Môrkh,sanguino,1306,hunter,beastmastery,36,14,22
Expulse,eredar,1305,hunter,beastmastery,18,14,4
Showerhead,silvermoon,1305,hunter,beastmastery,32,14,18
Эннабонни,gordunni,1304,hunter,beastmastery,60,29,31
Ziday,sargeras,1304,hunter,beastmastery,42,16,26
Румлис,gordunni,1303,hunter,beastmastery,87,50,37
Karên,blackmoore,1303,hunter,beastmastery,41,19,22
Zerisi,silvermoon,1302,hunter,beastmastery,41,25,16
Devøurer,blackmoore,1301,hunter,beastmastery,24,14,10
Ivvy,defias-brotherhood,1301,hunter,beastmastery,48,23,25
Vasu,azjolnerub,1299,hunter,beastmastery,49,25,24
Бирмингем,ashenvale,1299,hunter,beastmastery,60,30,30
Magarosh,eredar,1298,hunter,beastmastery,30,14,16
Buc,burning-legion,1298,hunter,beastmastery,64,22,42
Mînérvá,blackhand,1296,hunter,beastmastery,42,22,20
Asousa,stormscale,1296,hunter,beastmastery,78,39,39
Paînfull,kazzak,1296,hunter,beastmastery,35,14,21
Tbeck,ragnaros,1295,hunter,beastmastery,30,15,15
Nyght,ravencrest,1294,hunter,beastmastery,134,63,71
Барбарисовна,ashenvale,1294,hunter,beastmastery,41,15,26
Deunan,shattered-hand,1292,hunter,beastmastery,66,36,30
Tidydarts,balnazzar,1291,hunter,beastmastery,43,22,21
Shaznak,argent-dawn,1290,hunter,beastmastery,48,25,23
Cêleste,kaelthas,1290,hunter,beastmastery,109,54,55
Kideyosi,silvermoon,1290,hunter,beastmastery,85,38,47
Фитьфитий,howling-fjord,1289,hunter,beastmastery,65,35,30
Poatan,outland,1289,hunter,beastmastery,114,61,53
Verathelon,drakthul,1288,hunter,beastmastery,69,35,34
Keinzira,hyjal,1288,hunter,beastmastery,53,24,29
Yoüllsuffer,twisting-nether,1285,hunter,beastmastery,36,15,21
Дзэнмашина,booty-bay,1284,hunter,beastmastery,110,55,55
Lioness,ahnqiraj,1282,hunter,beastmastery,39,18,21
Nymmbtw,tarren-mill,1281,hunter,beastmastery,41,22,19
Nelthara,burning-blade,1281,hunter,beastmastery,36,15,21
Twinshot,anetheron,1280,hunter,beastmastery,61,35,26
Балласкиндер,gordunni,1279,hunter,beastmastery,82,46,36
Fenstad,dalaran,1279,hunter,beastmastery,52,25,27
Zamale,arakarahm,1277,hunter,beastmastery,42,17,25
Nerdhark,hyjal,1276,hunter,beastmastery,105,50,55
Axams,archimonde,1276,hunter,beastmastery,87,37,50
Birdseye,thrall,1273,hunter,beastmastery,48,22,26
Безос,soulflayer,1270,hunter,beastmastery,44,23,21
Shadowmiz,shattered-hand,1270,hunter,beastmastery,50,23,27
Footsy,twisting-nether,1270,hunter,beastmastery,54,24,30
Watntietjes,burning-blade,1270,hunter,beastmastery,66,29,37
Øï,outland,1269,hunter,beastmastery,56,24,32
Whatifany,tarren-mill,1268,hunter,beastmastery,102,41,61
Тысячиимен,gordunni,1267,hunter,beastmastery,30,16,14
Дипшот,deathguard,1267,hunter,beastmastery,79,36,43
Sixty,rajaxx,1266,hunter,beastmastery,63,31,32
Curtiss,sanguino,1265,hunter,beastmastery,29,14,15
Krasavcik,shattrath,1264,hunter,beastmastery,24,14,10
Blêst,tarren-mill,1264,hunter,beastmastery,63,25,38
Rxr,kazzak,1264,hunter,beastmastery,54,17,37
Vådesskudd,outland,1262,hunter,beastmastery,54,32,22
Pêvépê,silvermoon,1261,hunter,beastmastery,48,29,19
Ikschietjou,frostmane,1261,hunter,beastmastery,47,23,24
Râxxis,alleria,1260,hunter,beastmastery,71,31,40
Gheezana,blackhand,1260,hunter,beastmastery,36,14,22
Аквилеон,gordunni,1260,hunter,beastmastery,40,15,25
Cdorak,zuljin,1259,hunter,beastmastery,53,25,28
Hoffarex,grim-batol,1259,hunter,beastmastery,30,14,16
Diac,dalaran,1258,hunter,beastmastery,30,19,11
Zalacko,ragnaros,1258,hunter,beastmastery,30,15,15
Hílfíger,kazzak,1258,hunter,beastmastery,54,17,37
Lusifa,antonidas,1256,hunter,beastmastery,117,62,55
Kürze,silvermoon,1255,hunter,beastmastery,88,43,45
Edùens,ysondre,1255,hunter,beastmastery,181,87,94
Linchpin,dentarg,1255,hunter,beastmastery,62,28,34
Hardo,guldan,1255,hunter,beastmastery,42,18,24
Míoo,antonidas,1254,hunter,beastmastery,36,14,22
Platzpatron,eredar,1252,hunter,beastmastery,75,31,44
Snípér,blackhand,1251,hunter,beastmastery,60,26,34
Michaelvm,ravencrest,1250,hunter,beastmastery,47,24,23
Nesthor,sinstralis,1250,hunter,beastmastery,58,26,32
Salvia,chromaggus,1249,hunter,beastmastery,213,108,105
Measpy,blackrock,1249,hunter,beastmastery,30,14,16
Застрельщикц,soulflayer,1249,hunter,beastmastery,48,22,26
Deblaze,aegwynn,1248,hunter,beastmastery,24,13,11
Oliene,twisting-nether,1248,hunter,beastmastery,58,27,31
Ðowz,ysondre,1248,hunter,beastmastery,30,13,17
Lagich,sylvanas,1247,hunter,beastmastery,30,13,17
Omarah,sanguino,1247,hunter,beastmastery,53,21,32
Dravara,blackmoore,1246,hunter,beastmastery,118,63,55
Eluun,saurfang,1246,hunter,beastmastery,47,23,24
Sâtaria,blackhand,1246,hunter,beastmastery,31,15,16
Ivanoé,archimonde,1246,hunter,beastmastery,30,13,17
Tracrium,hyjal,1246,hunter,beastmastery,53,21,32
Jablaka,blackhand,1245,hunter,beastmastery,197,95,102
Ommadawn,dun-modr,1244,hunter,beastmastery,72,33,39
Arkelion,argent-dawn,1242,hunter,beastmastery,24,13,11
Flugsmälla,kazzak,1242,hunter,beastmastery,24,13,11
Skytraped,hyjal,1242,hunter,beastmastery,24,13,11
Papramorgóó,ragnaros,1241,hunter,beastmastery,34,14,20
Mævis,ravencrest,1241,hunter,beastmastery,36,13,23
Barrybigtoe,tarren-mill,1240,hunter,beastmastery,24,13,11
Jollis,argent-dawn,1240,hunter,beastmastery,149,72,77
Хастла,greymane,1240,hunter,beastmastery,30,13,17
Blazeityolo,outland,1240,hunter,beastmastery,36,13,23
Kasperhawser,silvermoon,1239,hunter,beastmastery,24,13,11
Bmazor,silvermoon,1238,hunter,beastmastery,18,13,5
Arslan,archimonde,1238,hunter,beastmastery,24,13,11
Lurigalinda,twisting-nether,1237,hunter,beastmastery,30,13,17
Oneshotkill,laughing-skull,1236,hunter,beastmastery,42,21,21
Skyren,defias-brotherhood,1236,hunter,beastmastery,56,25,31
Шмыгахант,gordunni,1235,hunter,beastmastery,30,13,17
Jyenety,stormscale,1234,hunter,beastmastery,54,27,27
Benbutton,antonidas,1234,hunter,beastmastery,58,27,31
Sehkmet,silvermoon,1233,hunter,beastmastery,62,33,29
Bisschen,azshara,1232,hunter,beastmastery,106,51,55
Bourrinax,kazzak,1232,hunter,beastmastery,127,61,66
Aguerex,alleria,1232,hunter,beastmastery,42,14,28
Skidzo,alakir,1231,hunter,beastmastery,32,15,17
Angrypickle,defias-brotherhood,1230,hunter,beastmastery,81,37,44
Оксанчек,howling-fjord,1229,hunter,beastmastery,35,13,22
Bouboule,elune,1228,hunter,beastmastery,98,63,35
Zercore,echsenkessel,1227,hunter,beastmastery,53,26,27
Penthesîlea,aegwynn,1227,hunter,beastmastery,133,63,70
Arseniic,dalaran,1227,hunter,beastmastery,34,14,20
Qmbonboni,ravencrest,1226,hunter,beastmastery,55,32,23
Spíke,tarren-mill,1225,hunter,beastmastery,18,13,5
Kaletorw,ragnaros,1225,hunter,beastmastery,54,30,24
Toralfmoralf,aegwynn,1225,hunter,beastmastery,24,13,11
Mehtäsika,xavius,1225,hunter,beastmastery,51,23,28
Davíncí,tarren-mill,1224,hunter,beastmastery,77,41,36
Neeske,sylvanas,1224,hunter,beastmastery,30,13,17
Bravestarr,blades-edge,1223,hunter,beastmastery,90,42,48
Noaim,blackrock,1222,hunter,beastmastery,26,14,12
Annisaqt,kazzak,1222,hunter,beastmastery,59,31,28
Vexhh,outland,1221,hunter,beastmastery,24,13,11
Lore,hyjal,1221,hunter,beastmastery,29,14,15
Biggbazzaa,aggramar,1221,hunter,beastmastery,71,32,39
Ililivillumi,tarren-mill,1220,hunter,beastmastery,49,27,22
Woriodhuntz,twisting-nether,1220,hunter,beastmastery,67,32,35
Ecalter,dun-modr,1219,hunter,beastmastery,72,35,37
Robal,burning-legion,1219,hunter,beastmastery,42,19,23
Logales,dragonblight,1219,hunter,beastmastery,50,20,30
Badhunt,stormscale,1218,hunter,beastmastery,36,13,23
Stogie,auchindoun,1217,hunter,beastmastery,24,13,11
Arnatti,tyrande,1217,hunter,beastmastery,34,18,16
Mikhäilxdløl,tarren-mill,1217,hunter,beastmastery,75,36,39
Darkhunt,ysondre,1217,hunter,beastmastery,50,24,26
Glückskiller,nozdormu,1215,hunter,beastmastery,48,15,33
Тофуитер,howling-fjord,1214,hunter,beastmastery,57,25,32
Oròme,pozzo-delleternità,1213,hunter,beastmastery,131,69,62
Maglór,senjin,1213,hunter,beastmastery,92,43,49
Гримнар,borean-tundra,1213,hunter,beastmastery,29,13,16
Berkobaggins,twisting-nether,1213,hunter,beastmastery,74,32,42
Basìcs,nemesis,1212,hunter,beastmastery,119,58,61
Squidy,archimonde,1212,hunter,beastmastery,30,13,17
Heita,sylvanas,1212,hunter,beastmastery,30,13,17
Eddy,the-maelstrom,1210,hunter,beastmastery,65,35,30
Blutack,stormscale,1210,hunter,beastmastery,112,44,68
Enty,blackrock,1209,hunter,beastmastery,20,14,6
Snipingdog,stormscale,1209,hunter,beastmastery,36,18,18
Hunteriye,twisting-nether,1209,hunter,beastmastery,30,14,16
Heylie,senjin,1206,hunter,beastmastery,47,16,31
Bråndy,draenor,1204,hunter,beastmastery,28,14,14
Loridana,tichondrius,1204,hunter,beastmastery,113,47,66
Грознострел,gordunni,1203,hunter,beastmastery,88,49,39
Papithagore,hyjal,1203,hunter,beastmastery,29,13,16
Ниамх,blackscar,1203,hunter,beastmastery,47,21,26
Зихантер,soulflayer,1202,hunter,beastmastery,30,13,17
Puska,gilneas,1201,hunter,beastmastery,62,31,31
Sithrom,blackmoore,1201,hunter,beastmastery,28,13,15
Noskillclasz,sylvanas,1201,hunter,beastmastery,42,17,25
Sillychilly,frostwolf,1201,hunter,beastmastery,36,13,23
Heedbónger,tarren-mill,1200,hunter,beastmastery,53,22,31
Анютикус,gordunni,1199,hunter,beastmastery,60,34,26
Spineshot,thrall,1199,hunter,beastmastery,87,37,50
Труласек,blackscar,1198,hunter,beastmastery,24,13,11
Demolaiser,dun-modr,1198,hunter,beastmastery,96,48,48
Koopo,stormreaver,1197,hunter,beastmastery,105,52,53
Kyliun,frostmane,1197,hunter,beastmastery,83,38,45
Panbuczek,defias-brotherhood,1197,hunter,beastmastery,54,21,33
Angeedau,kazzak,1196,hunter,beastmastery,35,13,22
Tempestes,tarren-mill,1193,hunter,beastmastery,101,53,48
Marsian,lordaeron,1193,hunter,beastmastery,55,24,31
Cobra,magtheridon,1193,hunter,beastmastery,131,57,74
Spycke,dalaran,1192,hunter,beastmastery,45,29,16
Faramír,azjolnerub,1192,hunter,beastmastery,54,21,33
Graniz,archimonde,1191,hunter,beastmastery,24,14,10
Sisilianno,khaz-modan,1191,hunter,beastmastery,42,22,20
Nieki,eitrigg,1191,hunter,beastmastery,134,61,73
Taemper,azshara,1190,hunter,beastmastery,42,18,24
Johntoffee,eredar,1190,hunter,beastmastery,35,14,21
Mazekhin,khaz-modan,1188,hunter,beastmastery,48,18,30
Graltar,tarren-mill,1187,hunter,beastmastery,86,44,42
Быщь,gordunni,1186,hunter,beastmastery,29,14,15
Pitton,tarren-mill,1185,hunter,beastmastery,18,13,5
Straikkeri,draenor,1184,hunter,beastmastery,111,54,57
Remiss,sanguino,1182,hunter,beastmastery,28,15,13
Harpin,azuremyst,1181,hunter,beastmastery,95,47,48
Loyalman,blackmoore,1180,hunter,beastmastery,24,15,9
Винченцо,blackscar,1180,hunter,beastmastery,27,13,14
Gorett,kazzak,1179,hunter,beastmastery,125,62,63
Biscuitt,kazzak,1178,hunter,beastmastery,41,14,27
Haleth,uldum,1177,hunter,beastmastery,29,13,16
Tedohunter,ragnaros,1176,hunter,beastmastery,102,51,51
Dariatate,eredar,1172,hunter,beastmastery,58,29,29
Shnidelwoods,blackrock,1171,hunter,beastmastery,56,29,27
Bakatumbah,draenor,1168,hunter,beastmastery,52,26,26
Мэдраэль,deathguard,1165,hunter,beastmastery,63,31,32
Lakys,cthun,1165,hunter,beastmastery,82,33,49
Kure,blackrock,1164,hunter,beastmastery,185,96,89
Jimmý,sylvanas,1164,hunter,beastmastery,56,27,29
Kiwala,burning-legion,1164,hunter,beastmastery,77,35,42
Cabuløsø,aggra-português,1162,hunter,beastmastery,24,13,11
Latira,eonar,1162,hunter,beastmastery,72,35,37
Mizumi,frostmane,1159,hunter,beastmastery,41,17,24
Bessa,skullcrusher,1158,hunter,beastmastery,36,15,21
Ägris,die-todeskrallen,1155,hunter,beastmastery,192,90,102
Phalakorn,blackhand,1155,hunter,beastmastery,30,13,17
Äyumi,chogall,1155,hunter,beastmastery,79,30,49
Rafizox,kazzak,1152,hunter,beastmastery,18,12,6
Lajnus,frostmane,1152,hunter,beastmastery,24,12,12
Zeanort,nordrassil,1152,hunter,beastmastery,30,12,18
Jachu,blackhand,1151,hunter,beastmastery,24,12,12
Zæuz,outland,1151,hunter,beastmastery,24,12,12
Mercoßenz,kazzak,1151,hunter,beastmastery,24,12,12
Beeng,ravencrest,1151,hunter,beastmastery,30,14,16
Lilpancake,kazzak,1150,hunter,beastmastery,18,12,6
Wicmex,les-sentinelles,1150,hunter,beastmastery,18,12,6
Fendros,kazzak,1150,hunter,beastmastery,18,12,6
Blazinghunt,kazzak,1150,hunter,beastmastery,18,12,6
Kayluh,sylvanas,1150,hunter,beastmastery,18,12,6
Leza,kult-der-verdammten,1150,hunter,beastmastery,24,12,12
Shïndh,archimonde,1150,hunter,beastmastery,24,12,12
Natchell,ysondre,1150,hunter,beastmastery,24,12,12
Outkást,sylvanas,1150,hunter,beastmastery,30,12,18
Næ,kazzak,1150,hunter,beastmastery,30,12,18
Амореселф,gordunni,1150,hunter,beastmastery,30,12,18
Mâjôô,blackhand,1149,hunter,beastmastery,22,13,9
Opalus,ravenholdt,1149,hunter,beastmastery,24,12,12
Fivebabe,tarren-mill,1149,hunter,beastmastery,42,20,22
Forthehordee,chamber-of-aspects,1148,hunter,beastmastery,24,12,12
Petitsui,zuljin,1148,hunter,beastmastery,30,12,18
Garfie,tarren-mill,1147,hunter,beastmastery,22,13,9
Megagloc,shadowsong,1147,hunter,beastmastery,24,12,12
Envam,outland,1147,hunter,beastmastery,36,12,24
Подлыйстарик,gordunni,1146,hunter,beastmastery,24,12,12
Brmwall,twisting-nether,1146,hunter,beastmastery,30,12,18
Gorgorm,ravencrest,1146,hunter,beastmastery,36,12,24
Eöe,ragnaros,1145,hunter,beastmastery,24,12,12
Лсныйпамп,howling-fjord,1145,hunter,beastmastery,24,12,12
Bulletride,stormscale,1145,hunter,beastmastery,24,12,12
Брзенк,gordunni,1145,hunter,beastmastery,90,33,57
Hunterbeck,ravencrest,1144,hunter,beastmastery,78,32,46
Isaîas,uldum,1144,hunter,beastmastery,77,25,52
Yoimdjsebo,twisting-nether,1142,hunter,beastmastery,18,12,6
Nissa,blackrock,1142,hunter,beastmastery,24,12,12
Haraigoshí,grim-batol,1142,hunter,beastmastery,24,12,12
Heiltfürzwei,ungoro,1141,hunter,beastmastery,115,51,64
Armanny,sylvanas,1141,hunter,beastmastery,103,38,65
Hlynsson,tarren-mill,1140,hunter,beastmastery,18,12,6
Dunkelmut,arthas,1139,hunter,beastmastery,30,12,18
Pilogbueferd,silvermoon,1138,hunter,beastmastery,24,12,12
Mordhunterx,draenor,1138,hunter,beastmastery,24,12,12
Tsoutsoukoss,silvermoon,1138,hunter,beastmastery,217,108,109
Герциг,gordunni,1138,hunter,beastmastery,28,13,15
Zpy,blackmoore,1137,hunter,beastmastery,18,12,6
Vavabxl,ysondre,1137,hunter,beastmastery,24,12,12
Kekkistä,ravencrest,1136,hunter,beastmastery,43,15,28
Abovival,ragnaros,1134,hunter,beastmastery,24,12,12
Tomli,nemesis,1133,hunter,beastmastery,27,13,14
Crmov,silvermoon,1131,hunter,beastmastery,18,12,6
Élenas,confrérie-du-thorium,1131,hunter,beastmastery,24,12,12
Coxxie,ragnaros,1131,hunter,beastmastery,27,13,14
Ázèrøñå,ravencrest,1129,hunter,beastmastery,27,16,11
Bozidarka,kazzak,1129,hunter,beastmastery,24,12,12
Скелус,soulflayer,1129,hunter,beastmastery,24,12,12
Maknamara,tarren-mill,1127,hunter,beastmastery,63,32,31
Drothani,argent-dawn,1127,hunter,beastmastery,36,12,24
Tremby,kazzak,1124,hunter,beastmastery,27,13,14
Ønur,twisting-nether,1122,hunter,beastmastery,78,39,39
Quasar,arakarahm,1122,hunter,beastmastery,59,22,37
Plong,argent-dawn,1121,hunter,beastmastery,24,14,10
Cinan,twisting-nether,1121,hunter,beastmastery,295,147,148
Sokyokuh,burning-legion,1119,hunter,beastmastery,24,12,12
Kirky,terokkar,1118,hunter,beastmastery,45,20,25
Бэрими,gordunni,1118,hunter,beastmastery,29,12,17
Marudô,aegwynn,1118,hunter,beastmastery,35,12,23
Топотелло,ashenvale,1117,hunter,beastmastery,24,13,11
Ezelina,lightnings-blade,1117,hunter,beastmastery,82,42,40
Karstarkk,sanguino,1116,hunter,beastmastery,71,32,39
Jooetheman,stormscale,1114,hunter,beastmastery,29,12,17
Soulshoot,khaz-modan,1113,hunter,beastmastery,94,48,46
Huntiio,khaz-modan,1113,hunter,beastmastery,60,25,35
Айлиси,soulflayer,1111,hunter,beastmastery,67,20,47
Cäri,colinas-pardas,1109,hunter,beastmastery,36,16,20
Шейхант,gordunni,1106,hunter,beastmastery,48,26,22
Øutkast,silvermoon,1105,hunter,beastmastery,29,18,11
Ertestuing,tarren-mill,1105,hunter,beastmastery,33,16,17
Papiou,les-sentinelles,1105,hunter,beastmastery,42,20,22
Epheso,daggerspine,1105,hunter,beastmastery,33,15,18
Guanchin,silvermoon,1104,hunter,beastmastery,76,32,44
Savori,kazzak,1100,hunter,beastmastery,37,21,16
Somixx,ragnaros,1098,hunter,beastmastery,82,44,38
Jaguarundy,dun-modr,1098,hunter,beastmastery,38,16,22
Zorana,twisting-nether,1097,hunter,beastmastery,34,12,22
Atraxi,aegwynn,1096,hunter,beastmastery,64,28,36
Zhazha,chamber-of-aspects,1094,hunter,beastmastery,37,19,18
Goonii,bronzebeard,1094,hunter,beastmastery,24,12,12
Janjal,silvermoon,1094,hunter,beastmastery,129,57,72
Aamøn,nemesis,1091,hunter,beastmastery,30,16,14
Самомаза,soulflayer,1089,hunter,beastmastery,83,38,45
Bâng,zuljin,1088,hunter,beastmastery,34,16,18
Crittix,kiljaeden,1088,hunter,beastmastery,30,12,18
Salemenos,silvermoon,1085,hunter,beastmastery,22,12,10
Brometheus,sylvanas,1083,hunter,beastmastery,41,15,26
Nerfjuice,silvermoon,1081,hunter,beastmastery,81,41,40
Bigbadhunter,twilights-hammer,1080,hunter,beastmastery,24,12,12
Авроратян,blackscar,1079,hunter,beastmastery,23,15,8
Seviaz,draenor,1077,hunter,beastmastery,29,12,17
Skullstah,ravencrest,1077,hunter,beastmastery,44,18,26
Pawder,silvermoon,1077,hunter,beastmastery,42,15,27
Musraah,zuljin,1076,hunter,beastmastery,21,13,8
Амобарбиталх,gordunni,1075,hunter,beastmastery,44,23,21
Bladius,ragnaros,1075,hunter,beastmastery,60,23,37
Hugechode,kazzak,1074,hunter,beastmastery,24,12,12
Eéilin,the-maelstrom,1074,hunter,beastmastery,32,13,19
Nidromel,stormscale,1072,hunter,beastmastery,149,71,78
Vör,drakthul,1071,hunter,beastmastery,26,12,14
Tunhaa,arthas,1070,hunter,beastmastery,42,18,24
Ветиринарша,gordunni,1069,hunter,beastmastery,48,18,30
Yasopp,draenor,1066,hunter,beastmastery,24,13,11
Spiritshot,baelgun,1066,hunter,beastmastery,34,14,20
Sørha,chogall,1065,hunter,beastmastery,20,12,8
Hentt,burning-legion,1064,hunter,beastmastery,28,13,15
Ceres,kaelthas,1063,hunter,beastmastery,30,12,18
Venkox,archimonde,1062,hunter,beastmastery,79,42,37
Sàclak,ysondre,1062,hunter,beastmastery,43,19,24
Cruelsummer,kul-tiras,1061,hunter,beastmastery,60,22,38
Arrowin,ravencrest,1060,hunter,beastmastery,24,12,12
Onlyforfun,ravencrest,1056,hunter,beastmastery,18,11,7
Bonobo,dentarg,1056,hunter,beastmastery,24,11,13
Dorkos,sanguino,1056,hunter,beastmastery,24,11,13
Ayaz,ravencrest,1056,hunter,beastmastery,30,11,19
Nihau,ravencrest,1055,hunter,beastmastery,18,11,7
Deadshøt,thrall,1055,hunter,beastmastery,24,11,13
Gitanìlla,dun-modr,1055,hunter,beastmastery,36,11,25
Bazouf,outland,1054,hunter,beastmastery,18,11,7
Zyhraa,ravencrest,1054,hunter,beastmastery,18,11,7
Mettämies,twisting-nether,1054,hunter,beastmastery,18,11,7
Hask,pozzo-delleternità,1054,hunter,beastmastery,21,11,10
Рафлекс,eversong,1054,hunter,beastmastery,26,11,15
Dawil,ragnaros,1054,hunter,beastmastery,30,11,19
Раелиин,gordunni,1053,hunter,beastmastery,18,11,7
Bempl,onyxia,1053,hunter,beastmastery,30,11,19
Уроборос,gordunni,1052,hunter,beastmastery,18,11,7
Jakis,silvermoon,1052,hunter,beastmastery,18,11,7
Olamay,blackmoore,1052,hunter,beastmastery,84,39,45
Dyve,antonidas,1052,hunter,beastmastery,24,11,13
Pigoen,sporeggar,1052,hunter,beastmastery,135,61,74
Gobliniehoóo,azuremyst,1051,hunter,beastmastery,16,12,4
Unreachable,dethecus,1051,hunter,beastmastery,24,11,13
Greg,defias-brotherhood,1051,hunter,beastmastery,24,11,13
Darllene,kazzak,1051,hunter,beastmastery,30,11,19
Feigur,sanguino,1050,hunter,beastmastery,59,32,27
Blàdê,blackrock,1049,hunter,beastmastery,24,11,13
Bladestalker,trollbane,1049,hunter,beastmastery,24,11,13
Коблазнх,howling-fjord,1048,hunter,beastmastery,24,11,13
Sourxete,silvermoon,1048,hunter,beastmastery,24,11,13
Sheilare,doomhammer,1047,hunter,beastmastery,18,11,7
Doômzi,ysondre,1047,hunter,beastmastery,24,13,11
Noobatala,tarren-mill,1046,hunter,beastmastery,42,14,28
Bezi,tarren-mill,1045,hunter,beastmastery,47,21,26
Drakar,eredar,1045,hunter,beastmastery,48,19,29
Strade,argent-dawn,1044,hunter,beastmastery,24,11,13
Tusibi,dalaran,1044,hunter,beastmastery,30,11,19
Shinibon,blackmoore,1044,hunter,beastmastery,36,11,25
Dreemshoot,stormscale,1043,hunter,beastmastery,26,12,14
Ayaille,marécage-de-zangar,1043,hunter,beastmastery,40,14,26
Yukina,frostmourne,1038,hunter,beastmastery,28,13,15
Rivery,azjolnerub,1038,hunter,beastmastery,43,17,26
Sika,nozdormu,1031,hunter,beastmastery,30,11,19
Lovecjelenu,drakthul,1030,hunter,beastmastery,25,12,13
Chillarn,tarren-mill,1030,hunter,beastmastery,70,29,41
Laerya,les-clairvoyants,1029,hunter,beastmastery,24,11,13
Auau,the-maelstrom,1027,hunter,beastmastery,67,30,37
Attiladagun,hellfire,1027,hunter,beastmastery,67,19,48
Ládysháyà,blackrock,1024,hunter,beastmastery,126,60,66
Китас,soulflayer,1021,hunter,beastmastery,28,11,17
Eilnu,zuljin,1021,hunter,beastmastery,78,24,54
Bellecoq,arathi,1019,hunter,beastmastery,23,11,12
Cityhunter,archimonde,1018,hunter,beastmastery,114,50,64
Leemool,ysondre,1017,hunter,beastmastery,24,12,12
Хедшоттер,blackscar,1017,hunter,beastmastery,32,12,20
Atnan,vashj,1016,hunter,beastmastery,42,18,24
Grollar,ragnaros,1014,hunter,beastmastery,80,42,38
Faze,hellfire,1013,hunter,beastmastery,60,30,30
Luckyhunty,dalaran,1012,hunter,beastmastery,95,41,54
Arakton,drakthul,1008,hunter,beastmastery,46,23,23
Sâranjágo,argent-dawn,1008,hunter,beastmastery,90,40,50
Orgasmatronn,stormscale,1008,hunter,beastmastery,30,11,19
Wolfmarko,ragnaros,1007,hunter,beastmastery,49,19,30
Weisswinter,drakthul,1004,hunter,beastmastery,24,12,12
Jamaro,dun-modr,1004,hunter,beastmastery,99,45,54
Ohwagga,pozzo-delleternità,1003,hunter,beastmastery,30,15,15
Клак,howling-fjord,1003,hunter,beastmastery,74,24,50
Фэннон,gordunni,1002,hunter,beastmastery,27,13,14
Schnezzler,nerathor,1002,hunter,beastmastery,206,99,107
Talija,nathrezim,1001,hunter,beastmastery,30,15,15
Knokkelmann,outland,1001,hunter,beastmastery,28,13,15
Teacee,twisting-nether,999,hunter,beastmastery,35,17,18
Kagan,nemesis,998,hunter,beastmastery,29,17,12
Slide,dalaran,998,hunter,beastmastery,29,12,17
Шуггарэй,soulflayer,997,hunter,beastmastery,29,12,17
Sinux,lordaeron,995,hunter,beastmastery,17,11,6
Ulyash,ysondre,993,hunter,beastmastery,66,26,40
Хантнерюга,gordunni,991,hunter,beastmastery,20,11,9
Brotaniku,tarren-mill,991,hunter,beastmastery,114,49,65
Enanorabioso,minahonda,991,hunter,beastmastery,30,12,18
Frencharena,the-venture-co,990,hunter,beastmastery,29,11,18
Neuromancien,archimonde,990,hunter,beastmastery,35,11,24
Oramar,archimonde,989,hunter,beastmastery,30,13,17
Pumukle,madmortem,987,hunter,beastmastery,45,18,27
Qled,sylvanas,986,hunter,beastmastery,37,15,22
Nixxay,antonidas,984,hunter,beastmastery,54,30,24
Rubyblack,archimonde,984,hunter,beastmastery,48,24,24
Floppybobby,burning-blade,980,hunter,beastmastery,29,12,17
Frittman,silvermoon,978,hunter,beastmastery,42,18,24
Bloodxx,ragnaros,976,hunter,beastmastery,48,22,26
Melèxè,ysondre,975,hunter,beastmastery,35,11,24
Kikijojo,ravencrest,971,hunter,beastmastery,30,16,14
Jaydogg,lightbringer,970,hunter,beastmastery,19,11,8
Vystrelil,drakthul,970,hunter,beastmastery,202,104,98
Kruk,blackhand,968,hunter,beastmastery,22,11,11
Traenuss,azuremyst,968,hunter,beastmastery,48,19,29
Olddèath,archimonde,966,hunter,beastmastery,30,12,18
Amdonesia,ravencrest,966,hunter,beastmastery,70,24,46
Llamp,draenor,964,hunter,beastmastery,60,29,31
Woöky,dalaran,963,hunter,beastmastery,68,36,32
Zanéy,ravencrest,960,hunter,beastmastery,12,10,2
Dathrixjr,ravencrest,960,hunter,beastmastery,12,10,2
Bullterrier,ragnaros,960,hunter,beastmastery,18,10,8
Fatihvahset,stormscale,960,hunter,beastmastery,18,10,8
Tiffanydoll,hyjal,960,hunter,beastmastery,18,10,8
Hahahxd,ragnaros,960,hunter,beastmastery,18,10,8
Vhalín,magtheridon,960,hunter,beastmastery,24,10,14
Hollyz,auchindoun,960,hunter,beastmastery,24,10,14
Dashiro,drakthul,960,hunter,beastmastery,24,10,14
Jwah,tarren-mill,960,hunter,beastmastery,24,10,14
Silencxz,aegwynn,960,hunter,beastmastery,30,10,20
Bubby,burning-legion,960,hunter,beastmastery,34,11,23
Zsara,ravencrest,959,hunter,beastmastery,18,10,8
Rashoumon,zuljin,959,hunter,beastmastery,18,10,8
Dragh,blackrock,959,hunter,beastmastery,18,10,8
Appollo,magtheridon,959,hunter,beastmastery,24,10,14
Mdmalol,malganis,959,hunter,beastmastery,24,10,14
Artze,outland,959,hunter,beastmastery,24,10,14
Kdjschgzdsv,archimonde,959,hunter,beastmastery,30,10,20
Svolatch,blackrock,959,hunter,beastmastery,30,10,20
Alée,twisting-nether,959,hunter,beastmastery,30,10,20
Rikitikii,burning-legion,958,hunter,beastmastery,15,11,4
Beorind,frostwolf,958,hunter,beastmastery,18,10,8
Ritmkesh,draenor,958,hunter,beastmastery,18,10,8
Komesz,ragnaros,958,hunter,beastmastery,18,10,8
Soblazed,twisting-nether,958,hunter,beastmastery,18,10,8
Shikar,sanguino,958,hunter,beastmastery,18,10,8
Mahuntah,drakthul,958,hunter,beastmastery,24,10,14
Zithis,argent-dawn,958,hunter,beastmastery,24,10,14
Haihappen,das-konsortium,958,hunter,beastmastery,30,10,20
Blainehunts,arathor,958,hunter,beastmastery,36,11,25
Choukzt,archimonde,957,hunter,beastmastery,18,10,8
Therasin,ravenholdt,957,hunter,beastmastery,18,10,8
Nandrohunt,dalaran,957,hunter,beastmastery,24,10,14
Khaos,zuluhed,957,hunter,beastmastery,30,10,20
Skipee,ravencrest,956,hunter,beastmastery,18,10,8
Блудитролль,soulflayer,956,hunter,beastmastery,24,10,14
Feerea,burning-legion,956,hunter,beastmastery,24,10,14
Vassiliadis,bronze-dragonflight,956,hunter,beastmastery,30,10,20
Ahsóka,frostwhisper,955,hunter,beastmastery,18,10,8
Cirenivel,draenor,955,hunter,beastmastery,22,11,11
Flecheoeil,hyjal,955,hunter,beastmastery,30,10,20
Beaststeaks,thrall,954,hunter,beastmastery,18,10,8
Herpray,blackmoore,953,hunter,beastmastery,18,10,8
Ragingdragon,turalyon,953,hunter,beastmastery,18,10,8
Kaktus,shattered-hand,952,hunter,beastmastery,18,10,8
Phillon,blackrock,952,hunter,beastmastery,24,10,14
Radley,conseil-des-ombres,952,hunter,beastmastery,24,10,14
Beefchops,draenor,951,hunter,beastmastery,18,10,8
Darkdexou,defias-brotherhood,951,hunter,beastmastery,18,10,8
Misscreggor,ravencrest,951,hunter,beastmastery,24,10,14
Misfîre,tarren-mill,950,hunter,beastmastery,18,10,8
Zappikhunter,silvermoon,950,hunter,beastmastery,24,10,14
Zarlena,tarren-mill,947,hunter,beastmastery,43,19,24
Jorch,ahnqiraj,946,hunter,beastmastery,18,10,8
Iamedward,silvermoon,945,hunter,beastmastery,19,12,7
Cernunnos,auchindoun,944,hunter,beastmastery,19,10,9
Lemeric,blackmoore,942,hunter,beastmastery,19,10,9
Deadlysnîpe,antonidas,941,hunter,beastmastery,16,11,5
Biorson,silvermoon,941,hunter,beastmastery,30,10,20
Вагар,blackscar,935,hunter,beastmastery,45,23,22
Xyrone,bladefist,935,hunter,beastmastery,86,42,44
Happyrme,thrall,933,hunter,beastmastery,36,18,18
Dioxis,silvermoon,932,hunter,beastmastery,118,57,61
Utopia,korgall,928,hunter,beastmastery,116,53,63
Heegal,stormscale,920,hunter,beastmastery,30,14,16
Зоопсихолог,gordunni,919,hunter,beastmastery,132,66,66
Towu,archimonde,918,hunter,beastmastery,30,11,19
Stjordal,chamber-of-aspects,917,hunter,beastmastery,63,30,33
Axg,burning-legion,916,hunter,beastmastery,53,21,32
Elfanka,sanguino,914,hunter,beastmastery,24,12,12
Kronzucker,eredar,914,hunter,beastmastery,36,16,20
Hellhawk,twisting-nether,911,hunter,beastmastery,17,10,7
Lissudarlin,stormreaver,911,hunter,beastmastery,454,227,227
Dis,twilights-hammer,911,hunter,beastmastery,23,10,13
Allcollapse,outland,910,hunter,beastmastery,21,11,10
Нью,soulflayer,910,hunter,beastmastery,23,10,13
Talentlos,guldan,910,hunter,beastmastery,41,11,30
Bitig,argent-dawn,909,hunter,beastmastery,28,10,18
Mankkis,stormscale,909,hunter,beastmastery,48,14,34
Bjarnhild,die-aldor,906,hunter,beastmastery,24,11,13
Vargar,arygos,906,hunter,beastmastery,26,11,15
Dafragger,blackmoore,905,hunter,beastmastery,25,12,13
Delazi,proudmoore,905,hunter,beastmastery,30,11,19
Ñava,dalaran,898,hunter,beastmastery,24,11,13
Zoomiesuwu,antonidas,895,hunter,beastmastery,17,10,7
Zimmoo,tarren-mill,895,hunter,beastmastery,48,21,27
Draknik,nemesis,895,hunter,beastmastery,39,10,29
Igotwatuneed,kazzak,894,hunter,beastmastery,24,11,13
Kënshiro,kazzak,893,hunter,beastmastery,20,10,10
Slaghunter,argent-dawn,893,hunter,beastmastery,23,10,13
Bornum,khaz-modan,892,hunter,beastmastery,31,10,21
Ranrôk,rexxar,890,hunter,beastmastery,50,18,32
Catmother,grim-batol,886,hunter,beastmastery,20,12,8
Sylverein,silvermoon,886,hunter,beastmastery,109,38,71
Ôrly,outland,885,hunter,beastmastery,38,19,19
Penelopé,darkmoon-faire,883,hunter,beastmastery,97,42,55
Shpider,burning-blade,883,hunter,beastmastery,82,33,49
Colth,hyjal,882,hunter,beastmastery,47,16,31
Wodlenprince,draenor,881,hunter,beastmastery,82,22,60
Араэль,galakrond,877,hunter,beastmastery,66,33,33
Kurtanâ,blackmoore,877,hunter,beastmastery,27,10,17
Aelridel,kirin-tor,877,hunter,beastmastery,90,32,58
Tetrapet,pozzo-delleternità,875,hunter,beastmastery,30,15,15
Баззи,grom,866,hunter,beastmastery,121,61,60
Hispanøxd,sanguino,864,hunter,beastmastery,12,9,3
Ледо,deathguard,864,hunter,beastmastery,12,9,3
Eenel,twisting-nether,864,hunter,beastmastery,12,9,3
Kapowz,kazzak,864,hunter,beastmastery,12,9,3
Тирин,ashenvale,864,hunter,beastmastery,12,9,3
Weoneshot,ravencrest,864,hunter,beastmastery,18,9,9
Orosko,archimonde,864,hunter,beastmastery,18,9,9
Dåo,doomhammer,864,hunter,beastmastery,18,9,9
Lísy,hyjal,864,hunter,beastmastery,18,9,9
Cryptomars,twisting-nether,864,hunter,beastmastery,18,9,9
Réâlñúððà,kazzak,864,hunter,beastmastery,18,9,9
Flouky,blackmoore,864,hunter,beastmastery,18,9,9
Охотницагодх,borean-tundra,864,hunter,beastmastery,18,9,9
Autopilot,aegwynn,864,hunter,beastmastery,18,9,9
Chipok,outland,864,hunter,beastmastery,29,11,18
Akkixz,antonidas,864,hunter,beastmastery,24,9,15
Valhnir,sanguino,864,hunter,beastmastery,24,9,15
Elionora,kazzak,864,hunter,beastmastery,24,9,15
Леоа,howling-fjord,864,hunter,beastmastery,27,10,17
Hunterstein,archimonde,864,hunter,beastmastery,30,9,21
Duviidb,drakthul,863,hunter,beastmastery,12,9,3
Srvol,dun-modr,863,hunter,beastmastery,12,9,3
Skeng,xavius,863,hunter,beastmastery,12,9,3
Reshka,dunemaul,863,hunter,beastmastery,18,9,9
Fléxyz,sylvanas,863,hunter,beastmastery,18,9,9
Ванхогер,gordunni,863,hunter,beastmastery,18,9,9
Iliíilíiílíl,outland,863,hunter,beastmastery,18,9,9
Кишмякхант,howling-fjord,863,hunter,beastmastery,18,9,9
Midist,stormscale,863,hunter,beastmastery,18,9,9
Scräppÿ,kazzak,863,hunter,beastmastery,18,9,9
Aliltoxic,silvermoon,863,hunter,beastmastery,18,9,9
Jahunter,aggra-português,863,hunter,beastmastery,18,9,9
Markev,norgannon,863,hunter,beastmastery,18,9,9
Nillaxy,blackmoore,863,hunter,beastmastery,18,9,9
Aryelis,draenor,863,hunter,beastmastery,18,9,9
Sarganno,archimonde,863,hunter,beastmastery,18,9,9
Jordlol,hellscream,863,hunter,beastmastery,18,9,9
Сальверди,gordunni,863,hunter,beastmastery,18,9,9
Sgmarine,khaz-modan,863,hunter,beastmastery,18,9,9
Генрах,soulflayer,863,hunter,beastmastery,18,9,9
Tjodalf,zuluhed,863,hunter,beastmastery,24,9,15
Nettie,arathor,863,hunter,beastmastery,24,9,15
Krâven,ysondre,863,hunter,beastmastery,36,9,27
Vyrê,ghostlands,862,hunter,beastmastery,18,9,9
Mecamoot,drekthar,862,hunter,beastmastery,18,9,9
Vu,shattered-hand,862,hunter,beastmastery,18,9,9
Bluffmakarn,silvermoon,862,hunter,beastmastery,18,9,9
Ecthelione,the-venture-co,862,hunter,beastmastery,24,9,15
Aamön,tarren-mill,862,hunter,beastmastery,24,9,15
Максиммужик,soulflayer,862,hunter,beastmastery,24,9,15
Hävenofün,archimonde,862,hunter,beastmastery,30,9,21
Xalh,hyjal,861,hunter,beastmastery,18,9,9
Nîco,nathrezim,861,hunter,beastmastery,24,9,15
Gamosh,anetheron,861,hunter,beastmastery,24,9,15
Petfeelya,antonidas,860,hunter,beastmastery,18,9,9
Steìn,ysondre,860,hunter,beastmastery,24,9,15
Vïcødïnë,sinstralis,859,hunter,beastmastery,18,9,9
Focùs,eredar,859,hunter,beastmastery,24,9,15
Rudeness,frostmane,859,hunter,beastmastery,30,9,21
Darilli,wildhammer,858,hunter,beastmastery,19,9,10
Hjørnz,stormscale,858,hunter,beastmastery,24,9,15
Rem,zuljin,858,hunter,beastmastery,24,9,15
Mindgap,pozzo-delleternità,858,hunter,beastmastery,24,9,15
Bolgroth,balnazzar,857,hunter,beastmastery,18,9,9
Бруксиан,fordragon,857,hunter,beastmastery,19,9,10
Deathcrôwler,shattrath,857,hunter,beastmastery,24,9,15
Täpy,arathor,857,hunter,beastmastery,24,9,15
Maxtozer,silvermoon,857,hunter,beastmastery,24,9,15
Abendstern,silvermoon,855,hunter,beastmastery,36,9,27
Фаталлити,grom,853,hunter,beastmastery,18,9,9
Arrechus,khaz-modan,852,hunter,beastmastery,174,81,93
Scatterinc,antonidas,851,hunter,beastmastery,24,9,15
Zinnady,outland,846,hunter,beastmastery,12,9,3
Greenstar,twisting-nether,846,hunter,beastmastery,27,10,17
Ârhya,ysondre,845,hunter,beastmastery,36,15,21
Гоу,fordragon,843,hunter,beastmastery,30,9,21
Barzti,thrall,842,hunter,beastmastery,24,11,13
Glarco,eldrethalas,838,hunter,beastmastery,18,9,9
Venõm,pozzo-delleternità,832,hunter,beastmastery,21,11,10
Deathmarks,blackrock,830,hunter,beastmastery,35,9,26
Lembó,zuljin,827,hunter,beastmastery,18,9,9
Marlaska,exodar,816,hunter,beastmastery,210,102,108
Anoroxx,arthas,815,hunter,beastmastery,17,9,8
Шаурмэ,gordunni,815,hunter,beastmastery,21,9,12
Хихихихх,gordunni,814,hunter,beastmastery,21,9,12
Akrepkral,kargath,813,hunter,beastmastery,100,47,53
Speartusk,blackhand,813,hunter,beastmastery,23,9,14
Insanepvper,argent-dawn,812,hunter,beastmastery,21,9,12
Кустурица,azuregos,811,hunter,beastmastery,34,9,25
Gzà,kazzak,810,hunter,beastmastery,29,11,18
Kreiden,twisting-nether,810,hunter,beastmastery,34,11,23
Thebigboom,outland,809,hunter,beastmastery,21,10,11
Drogostorm,steamwheedle-cartel,808,hunter,beastmastery,59,24,35
Belgorin,alexstrasza,806,hunter,beastmastery,159,76,83
Abgeherjoe,antonidas,799,hunter,beastmastery,16,9,7
Arkell,los-errantes,797,hunter,beastmastery,18,9,9
Bnji,hyjal,797,hunter,beastmastery,22,9,13
Goliathoz,blackmoore,796,hunter,beastmastery,94,44,50
Dorollo,khaz-modan,791,hunter,beastmastery,56,25,31
Rozgnyy,silvermoon,783,hunter,beastmastery,11,9,2
Soulflyer,draenor,782,hunter,beastmastery,25,9,16
Khyleanxøxø,dun-modr,768,hunter,beastmastery,12,8,4
Тоффи,blackscar,768,hunter,beastmastery,12,8,4
Focüs,les-sentinelles,768,hunter,beastmastery,12,8,4
Sejkxi,malganis,768,hunter,beastmastery,12,8,4
Ebobuss,tarren-mill,768,hunter,beastmastery,12,8,4
Styxht,blackhand,768,hunter,beastmastery,12,8,4
Papisbae,stormscale,768,hunter,beastmastery,12,8,4
Suffrebobbs,ravencrest,768,hunter,beastmastery,12,8,4
Strazza,ragnaros,768,hunter,beastmastery,12,8,4
Tøkÿöghøül,ravencrest,768,hunter,beastmastery,13,8,5
Deenkz,ravencrest,768,hunter,beastmastery,15,9,6
Lambikas,argent-dawn,768,hunter,beastmastery,18,8,10
Spazi,kazzak,768,hunter,beastmastery,18,8,10
Páiz,tarren-mill,768,hunter,beastmastery,18,8,10
Myriadx,sylvanas,768,hunter,beastmastery,18,8,10
Матопопа,gordunni,768,hunter,beastmastery,18,8,10
Winniepuuh,outland,768,hunter,beastmastery,18,8,10
Vasco,chogall,768,hunter,beastmastery,18,8,10
Synaticx,thrall,768,hunter,beastmastery,18,8,10
Leonidazar,draenor,768,hunter,beastmastery,18,8,10
Double,sylvanas,768,hunter,beastmastery,18,8,10
Xn,cthun,768,hunter,beastmastery,18,8,10
Pewpewstuff,draenor,768,hunter,beastmastery,18,8,10
Ishotharambe,doomhammer,768,hunter,beastmastery,18,8,10
Zy,silvermoon,768,hunter,beastmastery,18,8,10
Xalihuntio,ravencrest,768,hunter,beastmastery,18,8,10
Krâýnn,aegwynn,768,hunter,beastmastery,18,8,10
Белатраиса,gordunni,768,hunter,beastmastery,18,8,10
Mobshot,twisting-nether,768,hunter,beastmastery,24,8,16
Zárnah,defias-brotherhood,768,hunter,beastmastery,24,8,16
Джулибуба,howling-fjord,768,hunter,beastmastery,24,8,16
Ráptør,silvermoon,768,hunter,beastmastery,24,8,16
Fridion,argent-dawn,768,hunter,beastmastery,24,8,16
Mogumogu,blackhand,768,hunter,beastmastery,24,8,16
Stuckstepbro,silvermoon,768,hunter,beastmastery,24,8,16
Deepcleaning,kazzak,768,hunter,beastmastery,30,8,22
Nocturr,ragnaros,767,hunter,beastmastery,12,8,4
Huntyadaun,blackrock,767,hunter,beastmastery,12,8,4
Nulldmgmaker,malganis,767,hunter,beastmastery,12,8,4
Macabremoon,silvermoon,767,hunter,beastmastery,12,8,4
Нариса,soulflayer,767,hunter,beastmastery,12,8,4
Síthrom,blackmoore,767,hunter,beastmastery,12,8,4
Gordo,burning-legion,767,hunter,beastmastery,12,8,4
Elanimal,blackmoore,767,hunter,beastmastery,12,8,4
Loydzz,hyjal,767,hunter,beastmastery,12,8,4
Awoe,blackrock,767,hunter,beastmastery,12,8,4
Kuljaa,ravencrest,767,hunter,beastmastery,12,8,4
Callmepapi,kazzak,767,hunter,beastmastery,12,8,4
Aldra,kelthuzad,767,hunter,beastmastery,12,8,4
Арнесс,deepholm,767,hunter,beastmastery,15,9,6
Huntzki,tarren-mill,767,hunter,beastmastery,18,8,10
Венкара,gordunni,767,hunter,beastmastery,18,8,10
Рофшор,gordunni,767,hunter,beastmastery,18,8,10
Deathwallker,silvermoon,767,hunter,beastmastery,18,8,10
Kurobi,kazzak,767,hunter,beastmastery,18,8,10
Zajebantip,sylvanas,767,hunter,beastmastery,18,8,10
Jónes,dunemaul,767,hunter,beastmastery,18,8,10
Варсор,soulflayer,767,hunter,beastmastery,24,8,16
Prodanhunts,frostmane,767,hunter,beastmastery,24,8,16
Ângell,kirin-tor,767,hunter,beastmastery,24,8,16
Гунныч,grom,767,hunter,beastmastery,30,8,22
Апельсинчес,howling-fjord,766,hunter,beastmastery,12,8,4
Funkysht,outland,766,hunter,beastmastery,16,9,7
Rdwlf,draenor,766,hunter,beastmastery,18,8,10
Druvnik,zenedar,766,hunter,beastmastery,18,8,10
Airtz,ysondre,766,hunter,beastmastery,24,8,16
Ratul,pozzo-delleternità,766,hunter,beastmastery,24,8,16
Msâka,blackrock,766,hunter,beastmastery,24,8,16
Древнинко,greymane,766,hunter,beastmastery,24,8,16
Aluara,burning-legion,766,hunter,beastmastery,24,8,16
Korneatza,twisting-nether,766,hunter,beastmastery,30,8,22
Rickh,ravencrest,765,hunter,beastmastery,12,8,4
Isøbu,hyjal,765,hunter,beastmastery,15,9,6
Cxc,dun-modr,765,hunter,beastmastery,18,8,10
Лузановка,gordunni,765,hunter,beastmastery,18,8,10
Mykris,aegwynn,765,hunter,beastmastery,86,34,52
Poine,sylvanas,765,hunter,beastmastery,36,14,22
Castbuny,drakthul,765,hunter,beastmastery,24,8,16
Джэромо,gordunni,765,hunter,beastmastery,24,8,16
Abraxan,twisting-nether,764,hunter,beastmastery,18,8,10
Goethe,ravencrest,764,hunter,beastmastery,21,9,12
Chalid,aegwynn,764,hunter,beastmastery,24,8,16
Maríschká,amanthul,763,hunter,beastmastery,18,8,10
Killzo,sylvanas,763,hunter,beastmastery,18,8,10
Ferdinandl,draenor,763,hunter,beastmastery,18,8,10
Heallena,magtheridon,763,hunter,beastmastery,30,8,22
Фаусти,gordunni,762,hunter,beastmastery,12,8,4
Furian,der-rat-von-dalaran,762,hunter,beastmastery,18,8,10
Djzntrap,outland,761,hunter,beastmastery,18,8,10
Boompuf,draenor,761,hunter,beastmastery,24,8,16
Lynx,garona,761,hunter,beastmastery,56,15,41
Пушкабомби,soulflayer,760,hunter,beastmastery,106,44,62
Trollhunt,bloodscalp,759,hunter,beastmastery,21,9,12
Ludo,chogall,757,hunter,beastmastery,58,24,34
Bliss,senjin,756,hunter,beastmastery,12,8,4
Арогорд,gordunni,756,hunter,beastmastery,24,8,16
Oldrocker,sylvanas,756,hunter,beastmastery,24,8,16
Sushimän,kaelthas,751,hunter,beastmastery,12,8,4
Franzfuchs,blackmoore,751,hunter,beastmastery,17,8,9
Pîpî,blackrock,750,hunter,beastmastery,17,10,7
Begehunter,sylvanas,740,hunter,beastmastery,18,8,10
Huntarbeît,eredar,735,hunter,beastmastery,23,8,15
Wödën,argent-dawn,735,hunter,beastmastery,26,9,17
Kakopaikths,sylvanas,733,hunter,beastmastery,23,8,15
Anesa,lightbringer,728,hunter,beastmastery,21,9,12
Guna,aggra-português,727,hunter,beastmastery,23,8,15
Сяову,gordunni,724,hunter,beastmastery,142,54,88
Stayswag,nemesis,718,hunter,beastmastery,21,8,13
Oogyboogy,draenor,718,hunter,beastmastery,23,8,15
Адула,eversong,714,hunter,beastmastery,59,22,37
Grufflin,bronzebeard,713,hunter,beastmastery,23,8,15
Дикийджош,soulflayer,707,hunter,beastmastery,17,9,8
Zevlove,kazzak,703,hunter,beastmastery,20,8,12
Feyoonx,blackrock,703,hunter,beastmastery,23,9,14
Wakar,alakir,701,hunter,beastmastery,16,8,8
Хантетский,howling-fjord,696,hunter,beastmastery,20,8,12
Huntbeard,aegwynn,695,hunter,beastmastery,22,8,14
Attileus,ragnaros,687,hunter,beastmastery,17,8,9
Jexxa,draenor,681,hunter,beastmastery,33,9,24
Elledrin,argent-dawn,680,hunter,beastmastery,21,11,10
Whiskeylover,outland,672,hunter,beastmastery,12,7,5
Stillflowi,draenor,672,hunter,beastmastery,12,7,5
Ahotnik,aegwynn,672,hunter,beastmastery,12,7,5
Lultrap,nemesis,672,hunter,beastmastery,12,7,5
Зорэллка,soulflayer,672,hunter,beastmastery,12,7,5
Ufecläimbe,eredar,672,hunter,beastmastery,12,7,5
Waza,grim-batol,672,hunter,beastmastery,12,7,5
Belaux,archimonde,672,hunter,beastmastery,12,7,5
Merakai,aegwynn,672,hunter,beastmastery,12,7,5
Exzö,outland,672,hunter,beastmastery,12,7,5
Stamzer,drakthul,672,hunter,beastmastery,12,7,5
Clayh,silvermoon,672,hunter,beastmastery,12,7,5
Wodhunterjr,ravencrest,672,hunter,beastmastery,12,7,5
Mspt,archimonde,672,hunter,beastmastery,12,7,5
Potatobeast,twisting-nether,672,hunter,beastmastery,12,7,5
Eisenhørn,archimonde,672,hunter,beastmastery,12,7,5
Alexdi,kazzak,672,hunter,beastmastery,12,7,5
Rânchiêk,ravencrest,672,hunter,beastmastery,12,7,5
Marcsman,blackrock,672,hunter,beastmastery,12,7,5
Gødcømplêx,ravencrest,672,hunter,beastmastery,12,7,5
Xenvantos,silvermoon,672,hunter,beastmastery,12,7,5
Adenøsin,blackmoore,672,hunter,beastmastery,12,7,5
Connyrøvøga,stormscale,672,hunter,beastmastery,12,7,5
Hunttes,nagrand,672,hunter,beastmastery,12,7,5
Varkiza,sylvanas,672,hunter,beastmastery,12,7,5
Haxaids,sylvanas,672,hunter,beastmastery,12,7,5
Mewithoutyou,ragnaros,672,hunter,beastmastery,12,7,5
Zamx,outland,672,hunter,beastmastery,12,7,5
Razuye,nerathor,672,hunter,beastmastery,12,7,5
Найтсол,greymane,672,hunter,beastmastery,12,7,5
Hølinkasbabe,blackmoore,672,hunter,beastmastery,12,7,5
Slejpy,drakthul,672,hunter,beastmastery,12,7,5
Wülfhart,argent-dawn,672,hunter,beastmastery,12,7,5
Nightvarn,burning-blade,672,hunter,beastmastery,12,7,5
Hiddenstalke,argent-dawn,672,hunter,beastmastery,12,7,5
Загзигзаг,soulflayer,672,hunter,beastmastery,12,7,5
Ulfrîc,exodar,672,hunter,beastmastery,12,7,5
Bowere,kazzak,672,hunter,beastmastery,12,7,5
Виралатта,gordunni,672,hunter,beastmastery,12,7,5
Eretrya,blackmoore,672,hunter,beastmastery,12,7,5
Сашказнаток,azuregos,672,hunter,beastmastery,12,7,5
Multigodx,draenor,672,hunter,beastmastery,12,7,5
Kioception,blackrock,672,hunter,beastmastery,12,7,5
Lïîlÿ,ysondre,672,hunter,beastmastery,12,7,5
Frods,dun-modr,672,hunter,beastmastery,16,8,8
Fyô,outland,672,hunter,beastmastery,15,7,8
Grokis,blackhand,672,hunter,beastmastery,137,55,82
Тандеркейдж,gordunni,672,hunter,beastmastery,18,7,11
Düivell,grim-batol,672,hunter,beastmastery,18,7,11
Nôldagôn,aegwynn,672,hunter,beastmastery,18,7,11
Slougshot,archimonde,672,hunter,beastmastery,18,7,11
Zublime,dragonblight,672,hunter,beastmastery,18,7,11
Ромкола,gordunni,672,hunter,beastmastery,18,7,11
Bosessz,ragnaros,672,hunter,beastmastery,18,7,11
Boybiron,silvermoon,672,hunter,beastmastery,18,7,11
Pilpetra,tarren-mill,672,hunter,beastmastery,18,7,11
Géeked,ravencrest,672,hunter,beastmastery,18,7,11
Chïefhunt,twisting-nether,672,hunter,beastmastery,18,7,11
Бранцо,howling-fjord,672,hunter,beastmastery,18,7,11
Melilissya,dalaran,672,hunter,beastmastery,18,7,11
Goosebite,ravencrest,672,hunter,beastmastery,18,7,11
Svinrbglol,arygos,672,hunter,beastmastery,18,7,11
Дьярэ,gordunni,672,hunter,beastmastery,18,7,11
Sauce,alonsus,672,hunter,beastmastery,18,7,11
Mårcxb,antonidas,672,hunter,beastmastery,18,7,11
Hêndricks,eredar,672,hunter,beastmastery,24,7,17
Uselessx,kazzak,672,hunter,beastmastery,24,7,17
Setyouintrap,ravencrest,672,hunter,beastmastery,24,7,17
Летмимейт,howling-fjord,672,hunter,beastmastery,26,7,19
Nakepw,stormscale,671,hunter,beastmastery,12,7,5
Aýsun,kazzak,671,hunter,beastmastery,12,7,5
Cycada,antonidas,671,hunter,beastmastery,12,7,5
Ashryqt,ravencrest,671,hunter,beastmastery,12,7,5
Nothrokh,auchindoun,671,hunter,beastmastery,12,7,5
Szrek,frostmane,671,hunter,beastmastery,12,7,5
Weedonyhunt,hyjal,671,hunter,beastmastery,12,7,5
Junqué,sanguino,671,hunter,beastmastery,12,7,5
Karabos,nemesis,671,hunter,beastmastery,12,7,5
Бэталол,gordunni,671,hunter,beastmastery,12,7,5
Euhh,stormscale,671,hunter,beastmastery,12,7,5
Nith,ungoro,671,hunter,beastmastery,12,7,5
Doubleoseven,frostmane,671,hunter,beastmastery,12,7,5
Døømslayer,nemesis,671,hunter,beastmastery,12,7,5
Вижусвет,howling-fjord,671,hunter,beastmastery,12,7,5
Orian,argent-dawn,671,hunter,beastmastery,18,7,11
Dràcula,tarren-mill,671,hunter,beastmastery,18,7,11
Lebalaffré,arathi,671,hunter,beastmastery,18,7,11
Stónéyyx,azjolnerub,671,hunter,beastmastery,18,7,11
Mehtämìes,kazzak,671,hunter,beastmastery,18,7,11
Álfié,ravencrest,671,hunter,beastmastery,18,7,11
Kaisêl,silvermoon,671,hunter,beastmastery,18,7,11
Jezaja,draenor,671,hunter,beastmastery,18,7,11
Vorthrax,drakthul,671,hunter,beastmastery,18,7,11
Huntness,kazzak,671,hunter,beastmastery,21,7,14
Løløsifredo,ysondre,671,hunter,beastmastery,24,7,17
Tstigaard,argent-dawn,671,hunter,beastmastery,24,7,17
Shakoor,argent-dawn,671,hunter,beastmastery,24,7,17
Huntarent,argent-dawn,671,hunter,beastmastery,30,7,23
Èlo,dun-morogh,670,hunter,beastmastery,12,7,5
Хантмантхант,howling-fjord,670,hunter,beastmastery,12,7,5
Wolfyh,terokkar,670,hunter,beastmastery,12,7,5
Hugart,sylvanas,670,hunter,beastmastery,12,7,5
Hoppelchen,blackmoore,670,hunter,beastmastery,12,7,5
Swaffel,draenor,670,hunter,beastmastery,15,8,7
Nocalories,grim-batol,670,hunter,beastmastery,18,7,11
Sxmphxny,argent-dawn,670,hunter,beastmastery,18,7,11
Hpyhun,draenor,670,hunter,beastmastery,18,7,11
Paradisiaco,sanguino,670,hunter,beastmastery,24,7,17
Gladiátor,kult-der-verdammten,669,hunter,beastmastery,12,7,5
Хантероо,gordunni,669,hunter,beastmastery,14,7,7
Sackboy,thrall,669,hunter,beastmastery,18,7,11
Rhiko,argent-dawn,669,hunter,beastmastery,18,7,11
Casey,zuluhed,669,hunter,beastmastery,18,7,11
Nelerias,defias-brotherhood,669,hunter,beastmastery,24,7,17
Asharial,twisting-nether,668,hunter,beastmastery,21,8,13
Arhyah,medivh,668,hunter,beastmastery,24,7,17
Okumo,the-maelstrom,667,hunter,beastmastery,18,7,11
Örrn,ragnaros,667,hunter,beastmastery,24,7,17
Rollei,uldum,666,hunter,beastmastery,12,7,5
Аеессо,gordunni,666,hunter,beastmastery,24,7,17
Aroldo,kazzak,665,hunter,beastmastery,12,7,5
Саэсантессис,howling-fjord,665,hunter,beastmastery,18,7,11
Electrastar,illidan,664,hunter,beastmastery,12,7,5
Beerox,ysondre,664,hunter,beastmastery,18,7,11
Winfar,draenor,664,hunter,beastmastery,24,7,17
Бодрыйсэм,soulflayer,660,hunter,beastmastery,18,7,11
Petoveri,stormreaver,653,hunter,beastmastery,18,7,11
Akù,magtheridon,653,hunter,beastmastery,23,7,16
Bmilfhunter,blackhand,640,hunter,beastmastery,16,7,9
Pennyflame,blackmoore,623,hunter,beastmastery,17,7,10
Shòurén,blackmoore,620,hunter,beastmastery,11,7,4
Craná,blackrock,618,hunter,beastmastery,27,8,19
Stukrotka,hellfire,617,hunter,beastmastery,15,7,8
Bigramy,sanguino,617,hunter,beastmastery,28,9,19
Zwergnàse,thrall,616,hunter,beastmastery,23,7,16
Tiratats,sylvanas,615,hunter,beastmastery,14,8,6
Пулемётчег,razuvious,615,hunter,beastmastery,22,8,14
Truxp,tarren-mill,608,hunter,beastmastery,16,7,9
Rezgor,stormscale,606,hunter,beastmastery,11,7,4
Sferâ,burning-legion,606,hunter,beastmastery,16,7,9
Yümekø,khaz-modan,592,hunter,beastmastery,13,7,6
Luke,chromaggus,576,hunter,beastmastery,6,6,0
Testotorben,malfurion,576,hunter,beastmastery,12,6,6
Showdope,drakthul,576,hunter,beastmastery,12,6,6
Trapiswinyes,aegwynn,576,hunter,beastmastery,12,6,6
Niedzwiedzor,silvermoon,576,hunter,beastmastery,12,6,6
Nagu,antonidas,576,hunter,beastmastery,12,6,6
Xiviora,archimonde,576,hunter,beastmastery,12,6,6
Gîsh,burning-legion,576,hunter,beastmastery,12,6,6
Skarra,zuljin,576,hunter,beastmastery,12,6,6
Batony,ravencrest,576,hunter,beastmastery,12,6,6
Hï,eitrigg,576,hunter,beastmastery,12,6,6
Sniffprince,ragnaros,576,hunter,beastmastery,12,6,6
Gréènthumbs,ragnaros,576,hunter,beastmastery,12,6,6
Nómarak,drakthul,576,hunter,beastmastery,12,6,6
Fraps,garona,576,hunter,beastmastery,12,6,6
Дэльфис,howling-fjord,576,hunter,beastmastery,12,6,6
Guidomista,drakthul,576,hunter,beastmastery,12,6,6
Fléqs,antonidas,576,hunter,beastmastery,12,6,6
Boen,nordrassil,576,hunter,beastmastery,12,6,6
Hattoro,drakthul,576,hunter,beastmastery,12,6,6
Iuyiuy,dalaran,576,hunter,beastmastery,12,6,6
Razoorine,blackrock,576,hunter,beastmastery,12,6,6
Ówl,silvermoon,576,hunter,beastmastery,12,6,6
Burbutsuluki,silvermoon,576,hunter,beastmastery,12,6,6
Toptìérgoðx,drakthul,576,hunter,beastmastery,12,6,6
Fogknows,ravencrest,576,hunter,beastmastery,12,6,6
Bubboo,dun-modr,576,hunter,beastmastery,12,6,6
Cítyzens,drakthul,576,hunter,beastmastery,12,6,6
Maverz,blackhand,576,hunter,beastmastery,12,6,6
Zêrøtwø,draenor,576,hunter,beastmastery,12,6,6
Cronoz,stormscale,576,hunter,beastmastery,12,6,6
Darkstripe,turalyon,576,hunter,beastmastery,12,6,6
Lökout,twilights-hammer,576,hunter,beastmastery,12,6,6
Imonér,frostmane,576,hunter,beastmastery,12,6,6
Batcool,tarren-mill,576,hunter,beastmastery,12,6,6
Bodytypedog,ragnaros,576,hunter,beastmastery,12,6,6
Raegal,sanguino,576,hunter,beastmastery,12,6,6
Дайсё,soulflayer,576,hunter,beastmastery,12,6,6
Hidethegun,draenor,576,hunter,beastmastery,12,6,6
Chileys,blackrock,576,hunter,beastmastery,12,6,6
Malmet,shattered-hand,576,hunter,beastmastery,12,6,6
Kartantrax,culte-de-la-rive-noire,576,hunter,beastmastery,12,6,6
Bablor,kul-tiras,576,hunter,beastmastery,12,6,6
Therakal,culte-de-la-rive-noire,576,hunter,beastmastery,12,6,6
Bierbjörn,eredar,576,hunter,beastmastery,12,6,6
Poke,aggra-português,576,hunter,beastmastery,12,6,6
Efficíent,auchindoun,576,hunter,beastmastery,12,6,6
Мишечкатоп,gordunni,576,hunter,beastmastery,12,6,6
Kaballa,ahnqiraj,576,hunter,beastmastery,12,6,6
Массовик,blackscar,576,hunter,beastmastery,12,6,6
Magicnanø,nemesis,576,hunter,beastmastery,12,6,6
Astair,hyjal,576,hunter,beastmastery,12,6,6
Mclooving,runetotem,576,hunter,beastmastery,12,6,6
Xðxðxðxðxðxð,sylvanas,576,hunter,beastmastery,12,6,6
Стёпкахант,gordunni,576,hunter,beastmastery,12,6,6
Lowpital,hyjal,576,hunter,beastmastery,12,6,6
Зеленыйиисус,gordunni,576,hunter,beastmastery,12,6,6
Ptithoms,hyjal,576,hunter,beastmastery,12,6,6
Metalbaci,sylvanas,576,hunter,beastmastery,12,6,6
Келентори,gordunni,576,hunter,beastmastery,12,6,6
Healscare,dalaran,576,hunter,beastmastery,16,7,9
Ñibiru,archimonde,576,hunter,beastmastery,21,7,14
Wetto,ravencrest,576,hunter,beastmastery,18,6,12
Vepzen,haomarush,576,hunter,beastmastery,18,6,12
Azrhu,ravencrest,576,hunter,beastmastery,18,6,12
Pergola,spinebreaker,576,hunter,beastmastery,18,6,12
Klèo,frostwhisper,576,hunter,beastmastery,18,6,12
Disyö,kazzak,576,hunter,beastmastery,18,6,12
Exwifey,ravencrest,576,hunter,beastmastery,18,6,12
Ramboblast,ravencrest,576,hunter,beastmastery,18,6,12
Realme,blackrock,576,hunter,beastmastery,18,6,12
Qsun,auchindoun,576,hunter,beastmastery,18,6,12
Suisiide,antonidas,576,hunter,beastmastery,18,6,12
Nerøz,ravencrest,576,hunter,beastmastery,18,6,12
Safnirxx,tarren-mill,576,hunter,beastmastery,18,6,12
Headhunterzz,dun-modr,576,hunter,beastmastery,18,6,12
Матанал,gordunni,576,hunter,beastmastery,18,6,12
Zelghor,frostwolf,576,hunter,beastmastery,18,6,12
Свадебная,gordunni,576,hunter,beastmastery,18,6,12
Raztreadör,dun-modr,576,hunter,beastmastery,18,6,12
Fotmspec,tarren-mill,576,hunter,beastmastery,18,6,12
Bloodpanter,ragnaros,576,hunter,beastmastery,18,6,12
Katsa,ragnaros,576,hunter,beastmastery,18,6,12
Седактив,grom,576,hunter,beastmastery,27,7,20
Joffey,stormscale,576,hunter,beastmastery,24,6,18
Сексишмекс,soulflayer,576,hunter,beastmastery,24,6,18
Rheyl,dun-morogh,576,hunter,beastmastery,30,6,24
Nosfuratu,stormscale,575,hunter,beastmastery,12,6,6
Slaÿers,archimonde,575,hunter,beastmastery,12,6,6
Tukezz,outland,575,hunter,beastmastery,12,6,6
Jimpage,eredar,575,hunter,beastmastery,12,6,6
Deôrro,twisting-nether,575,hunter,beastmastery,12,6,6
Ghanik,draenor,575,hunter,beastmastery,12,6,6
Iddqd,outland,575,hunter,beastmastery,12,6,6
Mentera,doomhammer,575,hunter,beastmastery,12,6,6
Hunterizi,silvermoon,575,hunter,beastmastery,12,6,6
Haggy,die-nachtwache,575,hunter,beastmastery,12,6,6
Нагито,galakrond,575,hunter,beastmastery,12,6,6
Splodge,kazzak,575,hunter,beastmastery,12,6,6
Kairrux,twisting-nether,575,hunter,beastmastery,12,6,6
Blacksyo,elune,575,hunter,beastmastery,12,6,6
Абунай,soulflayer,575,hunter,beastmastery,12,6,6
Batalul,twisting-nether,575,hunter,beastmastery,12,6,6
Truedetectiv,aggramar,575,hunter,beastmastery,12,6,6
Ipad,cthun,575,hunter,beastmastery,12,6,6
Gløbi,malfurion,575,hunter,beastmastery,12,6,6
Eyetto,dun-modr,575,hunter,beastmastery,12,6,6
Ápêx,ravencrest,575,hunter,beastmastery,18,6,12
Ølympx,blackhand,575,hunter,beastmastery,18,6,12
Szafri,draenor,575,hunter,beastmastery,18,6,12
Hitray,stormscale,575,hunter,beastmastery,18,6,12
Sylphie,dalaran,575,hunter,beastmastery,18,6,12
Piit,elune,575,hunter,beastmastery,18,6,12
Çraze,silvermoon,575,hunter,beastmastery,18,6,12
Losc,blackrock,574,hunter,beastmastery,12,6,6
Ketator,archimonde,574,hunter,beastmastery,12,6,6
Anthorio,cthun,574,hunter,beastmastery,12,6,6
Musjägaretvå,silvermoon,574,hunter,beastmastery,15,7,8
Вентрана,gordunni,574,hunter,beastmastery,18,6,12
Kannon,twisting-nether,574,hunter,beastmastery,18,6,12
Talmïr,archimonde,574,hunter,beastmastery,24,6,18
Syldroxia,antonidas,574,hunter,beastmastery,24,6,18
Cliff,kiljaeden,572,hunter,beastmastery,30,6,24
Jsâ,blackmoore,571,hunter,beastmastery,12,6,6
Úlfynja,sylvanas,570,hunter,beastmastery,12,6,6
Corrwus,argent-dawn,570,hunter,beastmastery,18,6,12
Кеоки,soulflayer,569,hunter,beastmastery,18,6,12
Merodin,nerathor,569,hunter,beastmastery,18,6,12
Олькахант,galakrond,568,hunter,beastmastery,12,6,6
Zahgrug,aerie-peak,568,hunter,beastmastery,12,6,6
Hixia,archimonde,559,hunter,beastmastery,11,6,5
Notrapnaga,stormscale,559,hunter,beastmastery,11,6,5
Crasharrow,stormscale,544,hunter,beastmastery,22,6,16
Jeyl,aegwynn,543,hunter,beastmastery,11,6,5
Béarrockx,alleria,543,hunter,beastmastery,11,6,5
Egoshôoter,eredar,543,hunter,beastmastery,14,7,7
Hamina,tarren-mill,543,hunter,beastmastery,17,6,11
Åånei,twisting-nether,528,hunter,beastmastery,15,6,9
Kukenisluken,stormscale,527,hunter,beastmastery,11,6,5
Archfiend,stormscale,527,hunter,beastmastery,11,6,5
Braatski,stormscale,526,hunter,beastmastery,18,7,11
Kissay,blackmoore,522,hunter,beastmastery,12,7,5
Devilmilo,khaz-modan,520,hunter,beastmastery,15,6,9
Raxxic,eredar,512,hunter,beastmastery,10,6,4
Buzzle,sylvanas,512,hunter,beastmastery,22,6,16
Níne,sylvanas,511,hunter,beastmastery,11,6,5
Powerfist,blackhand,511,hunter,beastmastery,16,6,10
Sacroz,frostwhisper,510,hunter,beastmastery,20,6,14
Gnomslakter,ragnaros,509,hunter,beastmastery,16,6,10
Nefroo,defias-brotherhood,505,hunter,beastmastery,11,6,5
Sheeya,argent-dawn,480,hunter,beastmastery,6,5,1
Techpoint,silvermoon,480,hunter,beastmastery,6,5,1
Jorhan,ravencrest,480,hunter,beastmastery,6,5,1
Куников,booty-bay,480,hunter,beastmastery,6,5,1
Connyrövöga,draenor,480,hunter,beastmastery,6,5,1
Rapidfirez,twisting-nether,480,hunter,beastmastery,6,5,1
Smokerofweed,kazzak,480,hunter,beastmastery,6,5,1
Pantherovich,ravencrest,480,hunter,beastmastery,6,5,1
Badboyxoxo,stormscale,480,hunter,beastmastery,6,5,1
Dogliz,stormscale,480,hunter,beastmastery,6,5,1
Мунмейстер,blackscar,480,hunter,beastmastery,6,5,1
Huntourd,eredar,480,hunter,beastmastery,6,5,1
Jinxbomber,draenor,480,hunter,beastmastery,6,5,1
Samuru,auchindoun,480,hunter,beastmastery,6,5,1
Sunyjuyono,ravencrest,480,hunter,beastmastery,6,5,1
Qaedri,kazzak,480,hunter,beastmastery,6,5,1
Wellocérapt,confrérie-du-thorium,480,hunter,beastmastery,6,5,1
Bashrah,blackrock,480,hunter,beastmastery,9,6,3
Lersey,blackmoore,480,hunter,beastmastery,12,5,7
Wildwingsebb,nazjatar,480,hunter,beastmastery,12,5,7
Sharkeater,outland,480,hunter,beastmastery,12,5,7
Mjkhunt,tarren-mill,480,hunter,beastmastery,12,5,7
Drandra,tarren-mill,480,hunter,beastmastery,12,5,7
Kongharald,ravencrest,480,hunter,beastmastery,12,5,7
Minisniper,aegwynn,480,hunter,beastmastery,12,5,7
Maruxs,dun-modr,480,hunter,beastmastery,12,5,7
Lowboblarry,ravencrest,480,hunter,beastmastery,12,5,7
Peppiz,ragnaros,480,hunter,beastmastery,12,5,7
Aleina,dentarg,480,hunter,beastmastery,12,5,7
Eferos,quelthalas,480,hunter,beastmastery,12,5,7
Bloodymarìe,kelthuzad,480,hunter,beastmastery,12,5,7
Arsola,sylvanas,480,hunter,beastmastery,12,5,7
Dordok,ysondre,480,hunter,beastmastery,12,5,7
Eredark,zuljin,480,hunter,beastmastery,12,5,7
Waneìs,stormscale,480,hunter,beastmastery,12,5,7
Hiff,burning-legion,480,hunter,beastmastery,12,5,7
Sarhina,draenor,480,hunter,beastmastery,12,5,7
Jimbowjones,antonidas,480,hunter,beastmastery,12,5,7
Copenhyggen,silvermoon,480,hunter,beastmastery,12,5,7
Benjtrapgodx,antonidas,480,hunter,beastmastery,12,5,7
Notley,thrall,480,hunter,beastmastery,12,5,7
Khort,twisting-nether,480,hunter,beastmastery,12,5,7
Chase,wildhammer,480,hunter,beastmastery,12,5,7
Ðìløx,ysondre,480,hunter,beastmastery,12,5,7
Noraka,blackrock,480,hunter,beastmastery,12,5,7
Kanzlerkohl,frostwolf,480,hunter,beastmastery,12,5,7
Trapyoubro,blackrock,480,hunter,beastmastery,12,5,7
Сашатетива,gordunni,480,hunter,beastmastery,12,5,7
Zrijad,draenor,480,hunter,beastmastery,12,5,7
Jins,illidan,480,hunter,beastmastery,12,5,7
Elionora,grim-batol,480,hunter,beastmastery,12,5,7
Вуйчеч,howling-fjord,480,hunter,beastmastery,12,5,7
Søtyz,dalaran,480,hunter,beastmastery,12,5,7
Darkdrais,archimonde,480,hunter,beastmastery,12,5,7
Нитидон,howling-fjord,480,hunter,beastmastery,12,5,7
Фожа,howling-fjord,480,hunter,beastmastery,12,5,7
Джеймсфранко,blackscar,480,hunter,beastmastery,12,5,7
Yésdave,stormscale,480,hunter,beastmastery,12,5,7
Juniorm,kazzak,480,hunter,beastmastery,12,5,7
Келкузд,howling-fjord,480,hunter,beastmastery,12,5,7
Elvenian,twisting-nether,480,hunter,beastmastery,12,5,7
Квит,blackscar,480,hunter,beastmastery,12,5,7
Ôrïøn,archimonde,480,hunter,beastmastery,12,5,7
Yamadorî,blackrock,480,hunter,beastmastery,12,5,7
Naposin,ragnaros,480,hunter,beastmastery,12,5,7
Quoicoubèh,hyjal,480,hunter,beastmastery,12,5,7
Shimzz,twisting-nether,480,hunter,beastmastery,12,5,7
Темпеест,gordunni,480,hunter,beastmastery,12,5,7
Zirheael,argent-dawn,480,hunter,beastmastery,12,5,7
Feelmyfurý,tarren-mill,480,hunter,beastmastery,12,5,7
Palomo,argent-dawn,480,hunter,beastmastery,12,5,7
Bojestemrudy,outland,480,hunter,beastmastery,12,5,7
Bubbahubba,ragnaros,480,hunter,beastmastery,12,5,7
Elðer,dentarg,480,hunter,beastmastery,16,6,10
Lepap,arygos,480,hunter,beastmastery,17,5,12
Tylahnem,hyjal,480,hunter,beastmastery,18,5,13
Schwen,grim-batol,480,hunter,beastmastery,18,5,13
Begøne,draenor,480,hunter,beastmastery,18,5,13
Chrishyh,blackrock,480,hunter,beastmastery,18,5,13
Uqash,outland,480,hunter,beastmastery,18,5,13
Killstreak,magtheridon,480,hunter,beastmastery,18,5,13
Stomugromova,ragnaros,480,hunter,beastmastery,18,5,13
Duaij,outland,480,hunter,beastmastery,18,5,13
Скримзх,gordunni,479,hunter,beastmastery,6,5,1
Möttii,blackrock,479,hunter,beastmastery,6,5,1
Artexxia,kazzak,479,hunter,beastmastery,6,5,1
Jana,ragnaros,479,hunter,beastmastery,12,5,7
Ninjaskillss,ravencrest,479,hunter,beastmastery,12,5,7
Ivanrockstar,draenor,479,hunter,beastmastery,12,5,7
Slett,twisting-nether,479,hunter,beastmastery,12,5,7
Droubidi,garona,479,hunter,beastmastery,12,5,7
Roclen,uldum,479,hunter,beastmastery,12,5,7
Hallem,karazhan,479,hunter,beastmastery,12,5,7
Baldazr,shadowsong,479,hunter,beastmastery,12,5,7
Енвина,gordunni,479,hunter,beastmastery,12,5,7
Swïtchz,hyjal,479,hunter,beastmastery,12,5,7
Живучийорех,gordunni,479,hunter,beastmastery,12,5,7
Arielowy,doomhammer,479,hunter,beastmastery,18,5,13
Ceedlulz,antonidas,479,hunter,beastmastery,18,5,13
Snots,stormscale,479,hunter,beastmastery,18,5,13
Itssharpwall,stormscale,479,hunter,beastmastery,24,5,19
Agarez,blackrock,478,hunter,beastmastery,6,5,1
Kepâssa,ysondre,478,hunter,beastmastery,12,5,7
Добрыйклыкач,gordunni,478,hunter,beastmastery,12,5,7
Usop,medivh,477,hunter,beastmastery,6,5,1
Спиночух,lich-king,477,hunter,beastmastery,12,5,7
Bammbammx,twisting-nether,476,hunter,beastmastery,12,5,7
Ghostaim,kazzak,475,hunter,beastmastery,10,6,4
Alunite,sporeggar,475,hunter,beastmastery,12,5,7
Asca,eldrethalas,475,hunter,beastmastery,18,5,13
Опаснаяя,borean-tundra,473,hunter,beastmastery,12,5,7
Ahilleaa,aegwynn,472,hunter,beastmastery,12,5,7
Ferax,alleria,472,hunter,beastmastery,12,5,7
Aryaae,les-clairvoyants,472,hunter,beastmastery,13,5,8
Dorkis,sanguino,463,hunter,beastmastery,11,5,6
Ruhen,aegwynn,463,hunter,beastmastery,11,5,6
Tiguy,archimonde,462,hunter,beastmastery,23,5,18
Momohenní,archimonde,448,hunter,beastmastery,10,5,5
Kabedon,drakthul,448,hunter,beastmastery,16,5,11
Artemmis,tarren-mill,447,hunter,beastmastery,11,5,6
Xsniper,sylvanas,446,hunter,beastmastery,17,5,12
Prebranatz,the-shatar,432,hunter,beastmastery,15,5,10
Såvëâmäzøñíà,stormscale,431,hunter,beastmastery,11,5,6
Braînbúg,blackmoore,426,hunter,beastmastery,12,6,6
Robingood,alexstrasza,425,hunter,beastmastery,17,7,10
Sarnak,thrall,416,hunter,beastmastery,10,5,5
Valamié,stormscale,415,hunter,beastmastery,8,5,3
Роктавия,howling-fjord,415,hunter,beastmastery,10,5,5
Topbow,talnivarr,415,hunter,beastmastery,10,5,5
Darkshe,dun-modr,415,hunter,beastmastery,14,5,9
Elíonora,kazzak,400,hunter,beastmastery,13,5,8
Celebor,sanguino,384,hunter,beastmastery,6,4,2
Bãldur,ravencrest,384,hunter,beastmastery,6,4,2
Riema,ragnaros,384,hunter,beastmastery,6,4,2
Psychotik,dalaran,384,hunter,beastmastery,6,4,2
Evílíckxøxø,ravencrest,384,hunter,beastmastery,6,4,2
Поторопись,gordunni,384,hunter,beastmastery,6,4,2
Missmytraps,stormscale,384,hunter,beastmastery,6,4,2
Zyprix,blackrock,384,hunter,beastmastery,6,4,2
Khregan,aerie-peak,384,hunter,beastmastery,6,4,2
Fajitax,lightbringer,384,hunter,beastmastery,6,4,2
Патапум,deathguard,384,hunter,beastmastery,6,4,2
Nomorepain,outland,384,hunter,beastmastery,6,4,2
Няшуличка,gordunni,384,hunter,beastmastery,6,4,2
Mórz,magtheridon,384,hunter,beastmastery,6,4,2
Machinedream,sylvanas,384,hunter,beastmastery,6,4,2
Djurmästaren,ravencrest,384,hunter,beastmastery,6,4,2
Барногор,gordunni,384,hunter,beastmastery,6,4,2
Саняприцел,howling-fjord,384,hunter,beastmastery,6,4,2
Mothmanx,kazzak,384,hunter,beastmastery,6,4,2
Wristflex,kazzak,384,hunter,beastmastery,6,4,2
Sylda,blutkessel,384,hunter,beastmastery,6,4,2
Шадоуселект,howling-fjord,384,hunter,beastmastery,6,4,2
Разплюханка,howling-fjord,384,hunter,beastmastery,6,4,2
Ginirosh,blackmoore,384,hunter,beastmastery,6,4,2
Thursty,twisting-nether,384,hunter,beastmastery,6,4,2
Ihsie,eredar,384,hunter,beastmastery,6,4,2
Ghõst,frostmane,384,hunter,beastmastery,6,4,2
Dràka,twisting-nether,384,hunter,beastmastery,6,4,2
Noux,stormscale,384,hunter,beastmastery,6,4,2
Ventrillo,draenor,384,hunter,beastmastery,6,4,2
Thromkhar,sanguino,384,hunter,beastmastery,6,4,2
Lávender,magtheridon,384,hunter,beastmastery,6,4,2
Elonyr,sanguino,384,hunter,beastmastery,6,4,2
Kàisèr,shendralar,384,hunter,beastmastery,6,4,2
Ðøpèz,frostwolf,384,hunter,beastmastery,6,4,2
Sambucamasta,draenor,384,hunter,beastmastery,6,4,2
Evengance,dragonblight,384,hunter,beastmastery,6,4,2
Arellia,blackmoore,384,hunter,beastmastery,6,4,2
Stingarrow,stormscale,384,hunter,beastmastery,6,4,2
Moelester,eredar,384,hunter,beastmastery,6,4,2
Кайсго,gordunni,384,hunter,beastmastery,6,4,2
Ahrtemís,destromath,384,hunter,beastmastery,6,4,2
Chindaliña,zuljin,384,hunter,beastmastery,6,4,2
Kyarin,draenor,384,hunter,beastmastery,6,4,2
Zbyrkana,neptulon,384,hunter,beastmastery,6,4,2
Вихтриэль,gordunni,384,hunter,beastmastery,6,4,2
Rollingpork,silvermoon,384,hunter,beastmastery,6,4,2
Hakamael,kirin-tor,384,hunter,beastmastery,6,4,2
Трисциллочка,howling-fjord,384,hunter,beastmastery,6,4,2
Sín,kirin-tor,384,hunter,beastmastery,6,4,2
Crooklyn,ravencrest,384,hunter,beastmastery,6,4,2
Marksmaniak,ysondre,384,hunter,beastmastery,6,4,2
Blackbane,ravencrest,384,hunter,beastmastery,6,4,2
Balamut,aegwynn,384,hunter,beastmastery,6,4,2
Вандамос,soulflayer,384,hunter,beastmastery,6,4,2
Oobe,hyjal,384,hunter,beastmastery,6,4,2
Szybky,defias-brotherhood,384,hunter,beastmastery,6,4,2
Sindaro,kazzak,384,hunter,beastmastery,6,4,2
Ещёвмете,blackscar,384,hunter,beastmastery,6,4,2
Puopoufu,drakthul,384,hunter,beastmastery,6,4,2
Robbingyou,tarren-mill,384,hunter,beastmastery,6,4,2
Cynosa,tarren-mill,384,hunter,beastmastery,6,4,2
Ntguilty,blackrock,384,hunter,beastmastery,6,4,2
Murkek,drakthul,384,hunter,beastmastery,6,4,2
Garratha,burning-legion,384,hunter,beastmastery,6,4,2
Hetzenauer,nathrezim,384,hunter,beastmastery,6,4,2
Dzesija,aszune,384,hunter,beastmastery,6,4,2
Bohemond,stormrage,384,hunter,beastmastery,6,4,2
Dasimir,blackrock,384,hunter,beastmastery,6,4,2
Tholano,rexxar,384,hunter,beastmastery,6,4,2
Schwabbels,silvermoon,384,hunter,beastmastery,6,4,2
Nihae,drakthul,384,hunter,beastmastery,6,4,2
Quasarx,draenor,384,hunter,beastmastery,9,5,4
Зонксс,gordunni,384,hunter,beastmastery,9,5,4
Lancer,aggra-português,384,hunter,beastmastery,12,6,6
Pson,draenor,384,hunter,beastmastery,10,5,5
Lexayah,twisting-nether,384,hunter,beastmastery,12,4,8
Biciclentiu,twisting-nether,384,hunter,beastmastery,12,4,8
Donbonz,blackmoore,384,hunter,beastmastery,12,4,8
Dissectiøn,hyjal,384,hunter,beastmastery,12,4,8
Bobtroll,twisting-nether,384,hunter,beastmastery,12,4,8
Chui,twisting-nether,384,hunter,beastmastery,12,4,8
Sharpeneye,ragnaros,384,hunter,beastmastery,12,4,8
Grigur,dalaran,384,hunter,beastmastery,12,4,8
Greim,blackmoore,384,hunter,beastmastery,12,4,8
Reakanz,tarren-mill,384,hunter,beastmastery,12,4,8
Skydraz,ysondre,384,hunter,beastmastery,12,4,8
Trollohunt,twisting-nether,384,hunter,beastmastery,12,4,8
Marzenielas,silvermoon,384,hunter,beastmastery,12,4,8
Catman,stormreaver,384,hunter,beastmastery,12,4,8
Penehuntos,eredar,384,hunter,beastmastery,12,4,8
Katana,stormreaver,384,hunter,beastmastery,12,4,8
Zakert,zuljin,384,hunter,beastmastery,12,4,8
Khanö,twisting-nether,384,hunter,beastmastery,12,4,8
Cabal,alleria,384,hunter,beastmastery,12,4,8
Thérón,ravencrest,384,hunter,beastmastery,12,4,8
Neocb,ravencrest,384,hunter,beastmastery,12,4,8
Zippyzen,twisting-nether,384,hunter,beastmastery,12,4,8
Aléxy,sanguino,384,hunter,beastmastery,12,4,8
Valomeere,tarren-mill,384,hunter,beastmastery,12,4,8
Zynga,sylvanas,384,hunter,beastmastery,12,4,8
Khyleanqt,dun-modr,384,hunter,beastmastery,12,4,8
Toonzbro,blackmoore,384,hunter,beastmastery,12,4,8
Brønkø,azshara,384,hunter,beastmastery,12,4,8
Malromero,outland,384,hunter,beastmastery,12,4,8
Korkyra,outland,384,hunter,beastmastery,12,4,8
Амадаре,howling-fjord,384,hunter,beastmastery,12,4,8
Nastynutshot,stormscale,384,hunter,beastmastery,12,4,8
Nizzoz,blackmoore,384,hunter,beastmastery,12,4,8
Mógwaí,stormscale,384,hunter,beastmastery,12,4,8
Somethíngmad,stormscale,384,hunter,beastmastery,12,4,8
Monnee,outland,384,hunter,beastmastery,12,4,8
Tøixøna,tyrande,384,hunter,beastmastery,12,4,8
Navarro,nemesis,384,hunter,beastmastery,12,4,8
Teddybeardo,stormscale,384,hunter,beastmastery,12,4,8
Sjufemman,ravencrest,384,hunter,beastmastery,12,4,8
Zähmbar,malganis,384,hunter,beastmastery,12,4,8
Örjans,tarren-mill,384,hunter,beastmastery,12,4,8
Вейзу,ashenvale,384,hunter,beastmastery,12,4,8
Бочонок,goldrinn,384,hunter,beastmastery,12,4,8
Дэлмор,greymane,384,hunter,beastmastery,12,4,8
Hattorisama,ghostlands,384,hunter,beastmastery,12,4,8
Rabiate,blackrock,384,hunter,beastmastery,12,4,8
Sîriell,arthas,384,hunter,beastmastery,12,4,8
Horxxa,kul-tiras,384,hunter,beastmastery,12,4,8
Nßatrapper,outland,384,hunter,beastmastery,12,4,8
Серцебиение,soulflayer,384,hunter,beastmastery,12,4,8
Xavers,outland,384,hunter,beastmastery,12,4,8
Staynador,turalyon,384,hunter,beastmastery,12,4,8
Rockshredder,ravencrest,384,hunter,beastmastery,12,4,8
Thekev,ravencrest,384,hunter,beastmastery,12,4,8
Samasukë,grim-batol,384,hunter,beastmastery,12,4,8
Bæbækk,frostmane,384,hunter,beastmastery,12,4,8
Petshopbøy,veklor,384,hunter,beastmastery,13,4,9
Дланьгоспода,soulflayer,384,hunter,beastmastery,13,4,9
Tervueren,burning-blade,384,hunter,beastmastery,18,4,14
Bemtistaru,draenor,384,hunter,beastmastery,18,4,14
Døgtamer,twisting-nether,384,hunter,beastmastery,18,4,14
Mélovéa,sinstralis,384,hunter,beastmastery,18,4,14
Kayvaal,kaelthas,384,hunter,beastmastery,18,4,14
Darts,outland,384,hunter,beastmastery,18,4,14
Gps,twilights-hammer,384,hunter,beastmastery,18,4,14
Whyareurunin,silvermoon,383,hunter,beastmastery,6,4,2
Lyute,draenor,383,hunter,beastmastery,6,4,2
Resonate,stormreaver,383,hunter,beastmastery,6,4,2
Xscaper,twilights-hammer,383,hunter,beastmastery,6,4,2
Zrip,kazzak,383,hunter,beastmastery,6,4,2
Jelezenchuk,outland,383,hunter,beastmastery,6,4,2
Steez,hyjal,383,hunter,beastmastery,12,4,8
Greenhorned,antonidas,383,hunter,beastmastery,12,4,8
Enerhunt,ysondre,383,hunter,beastmastery,12,4,8
Luvnoc,hyjal,383,hunter,beastmastery,12,4,8
Irduzir,silvermoon,383,hunter,beastmastery,12,4,8
Lalluna,malganis,383,hunter,beastmastery,12,4,8
Зукипер,borean-tundra,383,hunter,beastmastery,12,4,8
Beastmaster,ragnaros,383,hunter,beastmastery,12,4,8
Doguago,draenor,383,hunter,beastmastery,12,4,8
Huntseeker,draenor,383,hunter,beastmastery,12,4,8
Aaxecute,silvermoon,383,hunter,beastmastery,12,4,8
Machini,terokkar,383,hunter,beastmastery,17,4,13
Mugiwaras,eldrethalas,383,hunter,beastmastery,18,4,14
Naarâ,blackhand,383,hunter,beastmastery,18,4,14
Neuwi,stormreaver,382,hunter,beastmastery,12,4,8
Яугеныч,blackscar,381,hunter,beastmastery,12,4,8
Sanite,dun-morogh,381,hunter,beastmastery,12,4,8
Jolox,blackrock,379,hunter,beastmastery,12,4,8
Thelasiel,aerie-peak,379,hunter,beastmastery,14,4,10
Uab,dun-morogh,371,hunter,beastmastery,30,4,26
Стрижкакаре,soulflayer,367,hunter,beastmastery,11,4,7
Crostaws,terokkar,351,hunter,beastmastery,11,4,7
Zakos,kirin-tor,351,hunter,beastmastery,17,4,13
Jaszczomp,magtheridon,350,hunter,beastmastery,16,4,12
Meridià,malorne,336,hunter,beastmastery,9,4,5
Harpers,kazzak,336,hunter,beastmastery,15,4,11
Itzcritch,tarren-mill,330,hunter,beastmastery,14,5,9
Skyh,outland,330,hunter,beastmastery,16,5,11
Foxielove,ghostlands,330,hunter,beastmastery,18,5,13
Random,sylvanas,320,hunter,beastmastery,14,5,9
Greinktar,archimonde,317,hunter,beastmastery,10,4,6
Mooj,malganis,288,hunter,beastmastery,6,3,3
Fangzahn,aegwynn,288,hunter,beastmastery,6,3,3
Kanwfulldmg,stormscale,288,hunter,beastmastery,6,3,3
Frendo,stormscale,288,hunter,beastmastery,6,3,3
Qwèrts,stormscale,288,hunter,beastmastery,6,3,3
Taurïel,stormscale,288,hunter,beastmastery,6,3,3
Lofiel,aegwynn,288,hunter,beastmastery,6,3,3
Ostia,stormscale,288,hunter,beastmastery,6,3,3
Andraethanal,ravencrest,288,hunter,beastmastery,6,3,3
Dáky,ravencrest,288,hunter,beastmastery,6,3,3
Anayhh,dun-modr,288,hunter,beastmastery,6,3,3
Ilovejwrld,dun-modr,288,hunter,beastmastery,6,3,3
Sebikh,ravencrest,288,hunter,beastmastery,6,3,3
Killkekmand,ravencrest,288,hunter,beastmastery,6,3,3
Arcô,dun-modr,288,hunter,beastmastery,6,3,3
Káfros,ravencrest,288,hunter,beastmastery,6,3,3
Боураш,gordunni,288,hunter,beastmastery,6,3,3
Pispirelul,ravencrest,288,hunter,beastmastery,6,3,3
Trapbing,ravencrest,288,hunter,beastmastery,6,3,3
Nervetøxin,ravencrest,288,hunter,beastmastery,6,3,3
Hinorist,ravencrest,288,hunter,beastmastery,6,3,3
Aimshot,ravencrest,288,hunter,beastmastery,6,3,3
Goldenböw,ravencrest,288,hunter,beastmastery,6,3,3
Ðøømsðay,sanguino,288,hunter,beastmastery,6,3,3
Lookmyezzy,ravencrest,288,hunter,beastmastery,6,3,3
Козладой,gordunni,288,hunter,beastmastery,6,3,3
Pîngkongx,antonidas,288,hunter,beastmastery,6,3,3
Eatmenow,antonidas,288,hunter,beastmastery,6,3,3
Anhur,blackmoore,288,hunter,beastmastery,6,3,3
Kronkh,nemesis,288,hunter,beastmastery,6,3,3
Люциферо,goldrinn,288,hunter,beastmastery,6,3,3
Lunastrike,frostwolf,288,hunter,beastmastery,6,3,3
Hunterbestie,eredar,288,hunter,beastmastery,6,3,3
Стингергодх,gordunni,288,hunter,beastmastery,6,3,3
Enthur,sylvanas,288,hunter,beastmastery,6,3,3
Hexorn,ysondre,288,hunter,beastmastery,6,3,3
Müvészúr,ragnaros,288,hunter,beastmastery,6,3,3
Кромен,eversong,288,hunter,beastmastery,6,3,3
Humanoidorc,the-maelstrom,288,hunter,beastmastery,6,3,3
Whitehor,ragnaros,288,hunter,beastmastery,6,3,3
Abonah,khaz-modan,288,hunter,beastmastery,6,3,3
Gaiä,sanguino,288,hunter,beastmastery,6,3,3
Saîtek,chogall,288,hunter,beastmastery,6,3,3
Unferth,the-venture-co,288,hunter,beastmastery,6,3,3
Janoh,dalaran,288,hunter,beastmastery,6,3,3
Schwaiger,blackhand,288,hunter,beastmastery,6,3,3
Микихаса,galakrond,288,hunter,beastmastery,6,3,3
Кискавтесте,gordunni,288,hunter,beastmastery,6,3,3
Prurt,pozzo-delleternità,288,hunter,beastmastery,6,3,3
Shedzargo,twisting-nether,288,hunter,beastmastery,6,3,3
Svinaset,shattered-hand,288,hunter,beastmastery,6,3,3
Артекриогг,soulflayer,288,hunter,beastmastery,6,3,3
Cartuzinho,twisting-nether,288,hunter,beastmastery,6,3,3
Будкусломаю,grom,288,hunter,beastmastery,6,3,3
Kondirox,twisting-nether,288,hunter,beastmastery,6,3,3
Yssup,frostmane,288,hunter,beastmastery,6,3,3
Nelf,shattered-hand,288,hunter,beastmastery,6,3,3
Steenzor,twisting-nether,288,hunter,beastmastery,6,3,3
Ekz,twisting-nether,288,hunter,beastmastery,6,3,3
Доррети,howling-fjord,288,hunter,beastmastery,6,3,3
Katzchen,burning-legion,288,hunter,beastmastery,6,3,3
Наладдчик,howling-fjord,288,hunter,beastmastery,6,3,3
Шеннокс,howling-fjord,288,hunter,beastmastery,6,3,3
Трапавграунд,howling-fjord,288,hunter,beastmastery,6,3,3
Keyshu,die-aldor,288,hunter,beastmastery,6,3,3
Nathah,burning-legion,288,hunter,beastmastery,6,3,3
Djtrapyasis,blackmoore,288,hunter,beastmastery,6,3,3
Элаган,soulflayer,288,hunter,beastmastery,6,3,3
Скукота,grom,288,hunter,beastmastery,6,3,3
Exquisitor,draenor,288,hunter,beastmastery,6,3,3
Tonttulul,draenor,288,hunter,beastmastery,6,3,3
Ártemide,pozzo-delleternità,288,hunter,beastmastery,6,3,3
Calyssae,shattered-halls,288,hunter,beastmastery,6,3,3
Shtooko,conseil-des-ombres,288,hunter,beastmastery,6,3,3
Tuturz,la-croisade-écarlate,288,hunter,beastmastery,6,3,3
Delaghettoo,kilrogg,288,hunter,beastmastery,6,3,3
Elbatale,sylvanas,288,hunter,beastmastery,6,3,3
Nestereo,zirkel-des-cenarius,288,hunter,beastmastery,6,3,3
Visas,burning-legion,288,hunter,beastmastery,6,3,3
Scartet,blackmoore,288,hunter,beastmastery,6,3,3
Mikâil,blackmoore,288,hunter,beastmastery,6,3,3
Foxyyo,emerald-dream,288,hunter,beastmastery,6,3,3
Natashä,area-52,288,hunter,beastmastery,6,3,3
Демела,gordunni,288,hunter,beastmastery,6,3,3
Teasyh,sylvanas,288,hunter,beastmastery,6,3,3
Lioneli,sylvanas,288,hunter,beastmastery,6,3,3
Moccapudding,stormreaver,288,hunter,beastmastery,6,3,3
Innaria,argent-dawn,288,hunter,beastmastery,6,3,3
Daela,elune,288,hunter,beastmastery,6,3,3
Atromist,argent-dawn,288,hunter,beastmastery,6,3,3
Râkim,blackmoore,288,hunter,beastmastery,6,3,3
Lûnelle,argent-dawn,288,hunter,beastmastery,6,3,3
Valtondre,argent-dawn,288,hunter,beastmastery,6,3,3
Bawzé,archimonde,288,hunter,beastmastery,6,3,3
Djihadi,ysondre,288,hunter,beastmastery,6,3,3
Kyudoka,sylvanas,288,hunter,beastmastery,6,3,3
Onacid,tarren-mill,288,hunter,beastmastery,6,3,3
Sugutor,malfurion,288,hunter,beastmastery,6,3,3
Оркос,deathweaver,288,hunter,beastmastery,6,3,3
Geeked,tarren-mill,288,hunter,beastmastery,6,3,3
Tokkie,burning-blade,288,hunter,beastmastery,6,3,3
Ruttless,tarren-mill,288,hunter,beastmastery,6,3,3
Chassgirlz,archimonde,288,hunter,beastmastery,6,3,3
Колтрэйнборз,blackscar,288,hunter,beastmastery,6,3,3
Eveo,antonidas,288,hunter,beastmastery,6,3,3
Bòw,antonidas,288,hunter,beastmastery,6,3,3
Topgrill,stormscale,288,hunter,beastmastery,6,3,3
Køhr,archimonde,288,hunter,beastmastery,6,3,3
Jennïfer,archimonde,288,hunter,beastmastery,6,3,3
Haeero,archimonde,288,hunter,beastmastery,6,3,3
Rhyle,hyjal,288,hunter,beastmastery,6,3,3
Sakaryali,silvermoon,288,hunter,beastmastery,6,3,3
Chrønôs,archimonde,288,hunter,beastmastery,6,3,3
Blazeblue,hyjal,288,hunter,beastmastery,6,3,3
Verøx,kazzak,288,hunter,beastmastery,6,3,3
Akahr,thrall,288,hunter,beastmastery,6,3,3
Popofles,outland,288,hunter,beastmastery,6,3,3
Dragnial,kazzak,288,hunter,beastmastery,6,3,3
Bugspitz,outland,288,hunter,beastmastery,6,3,3
Varøsch,thrall,288,hunter,beastmastery,6,3,3
Dashaft,kazzak,288,hunter,beastmastery,6,3,3
Hùntård,hyjal,288,hunter,beastmastery,6,3,3
Japuog,kazzak,288,hunter,beastmastery,6,3,3
Gehrketrap,silvermoon,288,hunter,beastmastery,6,3,3
Kelp,silvermoon,288,hunter,beastmastery,6,3,3
Zoophobiaqt,silvermoon,288,hunter,beastmastery,6,3,3
Huntaloko,outland,288,hunter,beastmastery,6,3,3
Kxx,kazzak,288,hunter,beastmastery,6,3,3
Fedya,kazzak,288,hunter,beastmastery,6,3,3
Bârli,amanthul,288,hunter,beastmastery,6,3,3
Kobrán,gilneas,288,hunter,beastmastery,6,3,3
Kragán,silvermoon,288,hunter,beastmastery,6,3,3
Chasseeur,archimonde,288,hunter,beastmastery,6,3,3
Zdravkomamic,kazzak,288,hunter,beastmastery,6,3,3
Adewale,archimonde,288,hunter,beastmastery,6,3,3
Kíllshot,blades-edge,288,hunter,beastmastery,6,3,3
Skrag,outland,288,hunter,beastmastery,6,3,3
Darthbow,outland,288,hunter,beastmastery,6,3,3
Birdwatcher,kazzak,288,hunter,beastmastery,6,3,3
Heavenknøws,dun-modr,288,hunter,beastmastery,9,4,5
Prossh,ravencrest,288,hunter,beastmastery,9,4,5
Irri,drakthul,288,hunter,beastmastery,10,4,6
Onlyarenaz,kazzak,288,hunter,beastmastery,10,4,6
Sìnøn,alleria,288,hunter,beastmastery,8,3,5
Tackleberry,ysondre,288,hunter,beastmastery,8,3,5
Chêckpvp,outland,288,hunter,beastmastery,9,3,6
Drherbs,bloodhoof,288,hunter,beastmastery,12,3,9
Штейн,greymane,288,hunter,beastmastery,12,3,9
Jellyfat,silvermoon,288,hunter,beastmastery,12,3,9
Wildbeek,sanguino,288,hunter,beastmastery,12,3,9
Bilbogodx,outland,288,hunter,beastmastery,12,3,9
Дарцетос,greymane,288,hunter,beastmastery,12,3,9
Deathshots,ravencrest,288,hunter,beastmastery,12,3,9
Huntardxx,outland,288,hunter,beastmastery,12,3,9
Liikes,arygos,288,hunter,beastmastery,12,3,9
Rrushi,argent-dawn,288,hunter,beastmastery,12,3,9
Cotxqt,outland,288,hunter,beastmastery,12,3,9
Kitrinos,silvermoon,288,hunter,beastmastery,12,3,9
Zeanoff,ravencrest,288,hunter,beastmastery,12,3,9
Fmatzen,the-maelstrom,288,hunter,beastmastery,12,3,9
Mârked,argent-dawn,288,hunter,beastmastery,12,3,9
Smitheye,argent-dawn,288,hunter,beastmastery,12,3,9
Fiveguys,ravencrest,288,hunter,beastmastery,12,3,9
Shalinda,azshara,288,hunter,beastmastery,12,3,9
Ohboy,dun-morogh,288,hunter,beastmastery,12,3,9
Ímpulsion,stormscale,288,hunter,beastmastery,12,3,9
Krëmpai,frostmane,288,hunter,beastmastery,12,3,9
Hante,ravencrest,288,hunter,beastmastery,12,3,9
Ядрис,gordunni,288,hunter,beastmastery,12,3,9
Chambiann,tarren-mill,288,hunter,beastmastery,12,3,9
Хансбург,howling-fjord,288,hunter,beastmastery,12,3,9
Panlong,tarren-mill,288,hunter,beastmastery,12,3,9
Primeq,blackhand,288,hunter,beastmastery,12,3,9
Sabnak,burning-blade,288,hunter,beastmastery,12,3,9
Lethalhands,neptulon,288,hunter,beastmastery,12,3,9
Faelendal,darksorrow,288,hunter,beastmastery,12,3,9
Венгс,howling-fjord,288,hunter,beastmastery,12,3,9
Perkxd,stormscale,288,hunter,beastmastery,12,3,9
Teddy,perenolde,288,hunter,beastmastery,12,3,9
Frikandelli,outland,288,hunter,beastmastery,12,3,9
Jamesbownd,ravencrest,288,hunter,beastmastery,12,3,9
Götthunter,antonidas,288,hunter,beastmastery,12,3,9
Drakess,daggerspine,288,hunter,beastmastery,12,3,9
Dexiji,ragnaros,288,hunter,beastmastery,12,3,9
Mark,runetotem,288,hunter,beastmastery,12,3,9
Marusmaskin,kazzak,288,hunter,beastmastery,12,3,9
Narziel,die-todeskrallen,288,hunter,beastmastery,12,3,9
Vèreesa,azjolnerub,288,hunter,beastmastery,12,3,9
Spakster,blackrock,288,hunter,beastmastery,12,3,9
Elgreedo,sylvanas,288,hunter,beastmastery,12,3,9
Drennak,kult-der-verdammten,288,hunter,beastmastery,12,3,9
Sokrám,sanguino,288,hunter,beastmastery,12,3,9
Riik,ragnaros,288,hunter,beastmastery,12,3,9
Undefine,outland,288,hunter,beastmastery,12,3,9
Дварфмэн,gordunni,288,hunter,beastmastery,13,3,10
Drakono,draenor,288,hunter,beastmastery,18,3,15
Гррешница,galakrond,287,hunter,beastmastery,6,3,3
Oneeyedjoe,the-maelstrom,287,hunter,beastmastery,6,3,3
Annixa,ravencrest,287,hunter,beastmastery,6,3,3
Bloodkillzz,ragnaros,287,hunter,beastmastery,6,3,3
Arrowlight,archimonde,287,hunter,beastmastery,6,3,3
Dnuma,tarren-mill,287,hunter,beastmastery,14,4,10
Jazminluv,blackrock,287,hunter,beastmastery,12,3,9
Oatmeal,dun-morogh,287,hunter,beastmastery,12,3,9
Voraxh,draenor,287,hunter,beastmastery,12,3,9
Промахнулся,gordunni,287,hunter,beastmastery,12,3,9
Anghron,minahonda,287,hunter,beastmastery,12,3,9
Brynwolf,argent-dawn,286,hunter,beastmastery,6,3,3
Snehvit,bloodhoof,285,hunter,beastmastery,18,3,15
Trapgodz,ragnaros,271,hunter,beastmastery,11,3,8
Lightrandom,kazzak,269,hunter,beastmastery,11,3,8
Skaði,bloodfeather,256,hunter,beastmastery,4,4,0
Suetøløgx,emeriss,256,hunter,beastmastery,10,3,7
Psailaa,azjolnerub,256,hunter,beastmastery,16,3,13
Ватмано,gordunni,255,hunter,beastmastery,8,4,4
Sarblade,bronze-dragonflight,255,hunter,beastmastery,11,3,8
Shoothim,destromath,254,hunter,beastmastery,8,4,4
Кулерквест,soulflayer,240,hunter,beastmastery,9,3,6
Waresfido,nordrassil,239,hunter,beastmastery,5,3,2
Kasyuo,outland,239,hunter,beastmastery,5,3,2
Zion,kul-tiras,239,hunter,beastmastery,5,3,2
Eilosh,outland,239,hunter,beastmastery,15,3,12
Huntinger,twisting-nether,234,hunter,beastmastery,10,5,5
Silenthunter,blackrock,234,hunter,beastmastery,11,5,6
Sloter,stormscale,234,hunter,beastmastery,16,6,10
Слышумертвых,gordunni,234,hunter,beastmastery,15,5,10
Snakepit,archimonde,234,hunter,beastmastery,17,4,13
Shagora,dalaran,223,hunter,beastmastery,8,3,5
Fineas,theradras,192,hunter,beastmastery,4,3,1
Dola,archimonde,192,hunter,beastmastery,6,2,4
Raysist,arathor,192,hunter,beastmastery,6,2,4
Солевойбалон,gordunni,192,hunter,beastmastery,6,2,4
Shademd,ahnqiraj,192,hunter,beastmastery,6,2,4
Droz,blackmoore,192,hunter,beastmastery,6,2,4
Фанатшла,gordunni,192,hunter,beastmastery,6,2,4
Cheesychees,sylvanas,192,hunter,beastmastery,6,2,4
Гусецап,gordunni,192,hunter,beastmastery,6,2,4
Naid,lordaeron,192,hunter,beastmastery,6,2,4
Sarbacanes,hyjal,192,hunter,beastmastery,6,2,4
Риперквин,gordunni,192,hunter,beastmastery,6,2,4
Шимэйла,gordunni,192,hunter,beastmastery,6,2,4
Ототрал,gordunni,192,hunter,beastmastery,6,2,4
Ренектон,soulflayer,192,hunter,beastmastery,6,2,4
Lágåta,outland,192,hunter,beastmastery,6,2,4
Marionhood,sylvanas,192,hunter,beastmastery,6,2,4
Какулимёт,gordunni,192,hunter,beastmastery,6,2,4
Dahunter,blackmoore,192,hunter,beastmastery,6,2,4
Longblow,outland,192,hunter,beastmastery,6,2,4
Manatodamoon,aerie-peak,192,hunter,beastmastery,6,2,4
Gandro,blackmoore,192,hunter,beastmastery,6,2,4
Snôptas,blackmoore,192,hunter,beastmastery,6,2,4
Dragoki,blackmoore,192,hunter,beastmastery,6,2,4
Pzz,archimonde,192,hunter,beastmastery,6,2,4
Cataleja,pozzo-delleternità,192,hunter,beastmastery,6,2,4
Спелла,goldrinn,192,hunter,beastmastery,6,2,4
Elastaplast,thunderhorn,192,hunter,beastmastery,6,2,4
Lørenzø,archimonde,192,hunter,beastmastery,6,2,4
Åhman,defias-brotherhood,192,hunter,beastmastery,6,2,4
Wolfariana,chamber-of-aspects,192,hunter,beastmastery,6,2,4
Khaleezi,blackmoore,192,hunter,beastmastery,6,2,4
Realbigwilly,outland,192,hunter,beastmastery,6,2,4
Травок,gordunni,192,hunter,beastmastery,6,2,4
Одисенс,eversong,192,hunter,beastmastery,6,2,4
Сайнтификх,eversong,192,hunter,beastmastery,6,2,4
Luuszapfae,aegwynn,192,hunter,beastmastery,6,2,4
Pets,aegwynn,192,hunter,beastmastery,6,2,4
Фэйсконтроль,azuregos,192,hunter,beastmastery,6,2,4
Nythilia,blackrock,192,hunter,beastmastery,6,2,4
Díkembe,aegwynn,192,hunter,beastmastery,6,2,4
Трольпифпаф,deathguard,192,hunter,beastmastery,6,2,4
Gunmeister,bronzebeard,192,hunter,beastmastery,6,2,4
Foleck,aegwynn,192,hunter,beastmastery,6,2,4
Holytrapqt,aegwynn,192,hunter,beastmastery,6,2,4
Avp,sylvanas,192,hunter,beastmastery,6,2,4
Bæbåk,frostmane,192,hunter,beastmastery,6,2,4
Phyllobates,blackrock,192,hunter,beastmastery,6,2,4
Mâgnesium,blackmoore,192,hunter,beastmastery,6,2,4
Bernhardoder,blackhand,192,hunter,beastmastery,6,2,4
Jayyke,frostmane,192,hunter,beastmastery,6,2,4
Iliketraps,blackmoore,192,hunter,beastmastery,6,2,4
Marryme,blackhand,192,hunter,beastmastery,6,2,4
Comegetme,auchindoun,192,hunter,beastmastery,6,2,4
Teyo,blackhand,192,hunter,beastmastery,6,2,4
Clawy,auchindoun,192,hunter,beastmastery,6,2,4
Brindefolìe,archimonde,192,hunter,beastmastery,6,2,4
Meltox,blackhand,192,hunter,beastmastery,6,2,4
Vôrtax,blackmoore,192,hunter,beastmastery,6,2,4
Bradunov,sylvanas,192,hunter,beastmastery,6,2,4
Waveshoot,hyjal,192,hunter,beastmastery,6,2,4
Nikzeubii,archimonde,192,hunter,beastmastery,6,2,4
Фломидзе,gordunni,192,hunter,beastmastery,6,2,4
Gukéx,stormscale,192,hunter,beastmastery,6,2,4
Хароко,gordunni,192,hunter,beastmastery,6,2,4
Exæquo,archimonde,192,hunter,beastmastery,6,2,4
Jarran,karazhan,192,hunter,beastmastery,6,2,4
Chamillon,archimonde,192,hunter,beastmastery,6,2,4
Atylla,ravencrest,192,hunter,beastmastery,6,2,4
Trapzy,stormscale,192,hunter,beastmastery,6,2,4
Deathhowl,stormscale,192,hunter,beastmastery,6,2,4
Zetaph,argent-dawn,192,hunter,beastmastery,6,2,4
Legolex,burning-blade,192,hunter,beastmastery,6,2,4
Chabbs,stormscale,192,hunter,beastmastery,6,2,4
Satúhati,stormscale,192,hunter,beastmastery,6,2,4
Zaakolack,burning-legion,192,hunter,beastmastery,6,2,4
Snakepit,stormscale,192,hunter,beastmastery,6,2,4
Lifeiscool,drakthul,192,hunter,beastmastery,6,2,4
Dogstrust,stormscale,192,hunter,beastmastery,6,2,4
Bloópy,silvermoon,192,hunter,beastmastery,6,2,4
Huntzie,argent-dawn,192,hunter,beastmastery,6,2,4
Sotu,stormscale,192,hunter,beastmastery,6,2,4
Hvaskøduenme,stormscale,192,hunter,beastmastery,6,2,4
Phantoprowl,stormscale,192,hunter,beastmastery,6,2,4
Annababygirl,silvermoon,192,hunter,beastmastery,6,2,4
Korrekt,stormscale,192,hunter,beastmastery,6,2,4
Znu,argent-dawn,192,hunter,beastmastery,6,2,4
Miesmuschel,guldan,192,hunter,beastmastery,6,2,4
Fofoulinaki,silvermoon,192,hunter,beastmastery,6,2,4
Arykes,drakthul,192,hunter,beastmastery,6,2,4
Klittcrit,bloodhoof,192,hunter,beastmastery,6,2,4
Sizemattersx,kazzak,192,hunter,beastmastery,6,2,4
Thecorruptor,skullcrusher,192,hunter,beastmastery,6,2,4
Nektard,ravencrest,192,hunter,beastmastery,6,2,4
Ønlýfans,ravencrest,192,hunter,beastmastery,6,2,4
Danstonpif,kaelthas,192,hunter,beastmastery,6,2,4
Não,onyxia,192,hunter,beastmastery,6,2,4
Stokesly,terenas,192,hunter,beastmastery,6,2,4
Nerfit,argent-dawn,192,hunter,beastmastery,6,2,4
Poccâ,die-nachtwache,192,hunter,beastmastery,6,2,4
Nigina,ravencrest,192,hunter,beastmastery,6,2,4
Zarrøn,thrall,192,hunter,beastmastery,6,2,4
Cørvino,der-rat-von-dalaran,192,hunter,beastmastery,6,2,4
Atticüs,burning-blade,192,hunter,beastmastery,6,2,4
Privelle,argent-dawn,192,hunter,beastmastery,6,2,4
Azahunt,kazzak,192,hunter,beastmastery,6,2,4
Willzz,ravencrest,192,hunter,beastmastery,6,2,4
Skalgor,thrall,192,hunter,beastmastery,6,2,4
Diabloiv,doomhammer,192,hunter,beastmastery,6,2,4
Feedbackloop,silvermoon,192,hunter,beastmastery,6,2,4
Gunforhire,ravencrest,192,hunter,beastmastery,6,2,4
Myoui,silvermoon,192,hunter,beastmastery,6,2,4
Retropunk,ravencrest,192,hunter,beastmastery,6,2,4
Scycs,nazjatar,192,hunter,beastmastery,6,2,4
Phutkapre,doomhammer,192,hunter,beastmastery,6,2,4
Kuzes,ravencrest,192,hunter,beastmastery,6,2,4
Aughtism,turalyon,192,hunter,beastmastery,6,2,4
Allessía,argent-dawn,192,hunter,beastmastery,6,2,4
Cøkø,sanguino,192,hunter,beastmastery,6,2,4
Triopas,silvermoon,192,hunter,beastmastery,6,2,4
Doraxa,sanguino,192,hunter,beastmastery,6,2,4
Ataxyjr,ravencrest,192,hunter,beastmastery,6,2,4
Bethenny,draenor,192,hunter,beastmastery,6,2,4
Dentaar,draenor,192,hunter,beastmastery,6,2,4
Arozar,ragnaros,192,hunter,beastmastery,6,2,4
Trickspar,bloodscalp,192,hunter,beastmastery,6,2,4
Véncsótány,ragnaros,192,hunter,beastmastery,6,2,4
Talanar,tarren-mill,192,hunter,beastmastery,6,2,4
Kënpachi,silvermoon,192,hunter,beastmastery,6,2,4
Superachmed,kazzak,192,hunter,beastmastery,6,2,4
Zulldek,sanguino,192,hunter,beastmastery,6,2,4
Absolutenon,alakir,192,hunter,beastmastery,6,2,4
Kirinó,ragnaros,192,hunter,beastmastery,6,2,4
Dödskatten,kazzak,192,hunter,beastmastery,6,2,4
Aillin,antonidas,192,hunter,beastmastery,6,2,4
Yolo,drakthul,192,hunter,beastmastery,6,2,4
Shinsey,antonidas,192,hunter,beastmastery,6,2,4
Falconrok,antonidas,192,hunter,beastmastery,6,2,4
Maeba,shendralar,192,hunter,beastmastery,6,2,4
Deskö,shendralar,192,hunter,beastmastery,6,2,4
Yakayoshi,kazzak,192,hunter,beastmastery,6,2,4
Starkt,ragnaros,192,hunter,beastmastery,6,2,4
Tyrone,saurfang,192,hunter,beastmastery,6,2,4
Mkaymkay,drakthul,192,hunter,beastmastery,6,2,4
Kahoonas,silvermoon,192,hunter,beastmastery,6,2,4
Progh,ragnaros,192,hunter,beastmastery,6,2,4
Avâlos,dentarg,192,hunter,beastmastery,6,2,4
Brummel,frostwolf,192,hunter,beastmastery,6,2,4
Sinsirellam,twisting-nether,192,hunter,beastmastery,6,2,4
Korlog,kragjin,192,hunter,beastmastery,6,2,4
Sharshoor,twisting-nether,192,hunter,beastmastery,6,2,4
Xeragon,frostwolf,192,hunter,beastmastery,6,2,4
Bmo,zuljin,192,hunter,beastmastery,6,2,4
Sylasteria,twisting-nether,192,hunter,beastmastery,6,2,4
Aliyaan,twisting-nether,192,hunter,beastmastery,6,2,4
As,kazzak,192,hunter,beastmastery,6,2,4
Kabá,eredar,192,hunter,beastmastery,6,2,4
Stronkbeast,kazzak,192,hunter,beastmastery,6,2,4
Earfalass,twisting-nether,192,hunter,beastmastery,6,2,4
Ancalarion,tarren-mill,192,hunter,beastmastery,6,2,4
Mufassa,sinstralis,192,hunter,beastmastery,6,2,4
Thárkay,malygos,192,hunter,beastmastery,6,2,4
Patrouifort,ysondre,192,hunter,beastmastery,6,2,4
Жабра,gordunni,192,hunter,beastmastery,11,3,8
Киллкук,howling-fjord,192,hunter,beastmastery,9,2,7
Shockzzyyh,ravencrest,192,hunter,beastmastery,9,2,7
Куджикс,soulflayer,192,hunter,beastmastery,19,4,15
Elja,laughing-skull,192,hunter,beastmastery,12,2,10
Tyronjr,tarren-mill,192,hunter,beastmastery,12,2,10
Willýs,ysondre,192,hunter,beastmastery,12,2,10
Schräubchen,antonidas,192,hunter,beastmastery,12,2,10
Jeddaj,stormscale,192,hunter,beastmastery,12,2,10
Dorakor,ysondre,192,hunter,beastmastery,12,2,10
Bloodking,madmortem,192,hunter,beastmastery,12,2,10
Waraëlle,dalaran,192,hunter,beastmastery,12,2,10
Donneraàn,blackrock,192,hunter,beastmastery,12,2,10
Vadász,chamber-of-aspects,192,hunter,beastmastery,12,2,10
Hiphophunter,thunderhorn,192,hunter,beastmastery,12,2,10
Zulkhan,nemesis,192,hunter,beastmastery,12,2,10
Anhyzer,nemesis,192,hunter,beastmastery,12,2,10
Pôîson,kazzak,192,hunter,beastmastery,12,2,10
Bleidarabm,silvermoon,192,hunter,beastmastery,12,2,10
Фомкалол,howling-fjord,192,hunter,beastmastery,12,2,10
Samodiva,twisting-nether,192,hunter,beastmastery,12,2,10
Calesthas,tarren-mill,192,hunter,beastmastery,12,2,10
Slayman,kazzak,192,hunter,beastmastery,18,2,16
Сыньйорита,howling-fjord,192,hunter,beastmastery,18,2,16
Sërennà,chogall,192,hunter,beastmastery,18,2,16
Ayda,zuljin,192,hunter,beastmastery,18,2,16
Traknard,confrérie-du-thorium,191,hunter,beastmastery,6,2,4
Charlet,archimonde,191,hunter,beastmastery,6,2,4
Сливочкии,goldrinn,191,hunter,beastmastery,6,2,4
Kizscamander,magtheridon,191,hunter,beastmastery,12,2,10
Aewena,hyjal,190,hunter,beastmastery,12,2,10
Masarusan,eredar,175,hunter,beastmastery,11,2,9
Ozunâ,blackmoore,168,hunter,beastmastery,25,8,17
Ripulianneli,stormscale,159,hunter,beastmastery,6,3,3
Carru,blackrock,159,hunter,beastmastery,5,2,3
Rakmo,blackmoore,159,hunter,beastmastery,5,2,3
Dolwen,argent-dawn,159,hunter,beastmastery,5,2,3
Phinox,sanguino,159,hunter,beastmastery,11,2,9
Cadier,argent-dawn,144,hunter,beastmastery,3,3,0
Gilgämesh,hyjal,138,hunter,beastmastery,9,4,5
Hakaîí,aegwynn,138,hunter,beastmastery,10,4,6
Tanteaab,blackmoore,138,hunter,beastmastery,11,4,7
Kauli,turalyon,138,hunter,beastmastery,15,3,12
Elnazar,archimonde,128,hunter,beastmastery,4,2,2
Deathøfrats,ravencrest,128,hunter,beastmastery,4,2,2
Bobihunt,argent-dawn,128,hunter,beastmastery,4,2,2
Иттириса,gordunni,128,hunter,beastmastery,4,2,2
Liscie,silvermoon,105,hunter,beastmastery,16,4,12
Syjinny,kazzak,96,hunter,beastmastery,6,1,5
Bowlox,kazzak,96,hunter,beastmastery,6,1,5
Buoma,kazzak,96,hunter,beastmastery,6,1,5
Grutoss,eredar,96,hunter,beastmastery,6,1,5
Oldgrandpa,stormscale,96,hunter,beastmastery,6,1,5
Jackdaniéls,twisting-nether,96,hunter,beastmastery,6,1,5
Hairyplottér,kazzak,96,hunter,beastmastery,6,1,5
Vérfarkas,arathor,96,hunter,beastmastery,6,1,5
Furiouslao,eredar,96,hunter,beastmastery,6,1,5
Xilo,eredar,96,hunter,beastmastery,6,1,5
Hashaya,hyjal,96,hunter,beastmastery,6,1,5
Vàlery,sanguino,96,hunter,beastmastery,6,1,5
Fakepvper,darksorrow,96,hunter,beastmastery,6,1,5
Târâx,blackmoore,96,hunter,beastmastery,6,1,5
Runescimmy,twisting-nether,96,hunter,beastmastery,6,1,5
Nomorex,frostwhisper,96,hunter,beastmastery,6,1,5
Noxll,gorgonnash,96,hunter,beastmastery,6,1,5
Вкинулматрас,gordunni,96,hunter,beastmastery,6,1,5
Xåndra,sylvanas,96,hunter,beastmastery,6,1,5
Фекаладочка,howling-fjord,96,hunter,beastmastery,6,1,5
Drowranger,frostwolf,96,hunter,beastmastery,6,1,5
Женистайл,howling-fjord,96,hunter,beastmastery,6,1,5
Левери,gordunni,96,hunter,beastmastery,6,1,5
Оскорбление,howling-fjord,96,hunter,beastmastery,6,1,5
Dasmusdrückn,antonidas,96,hunter,beastmastery,6,1,5
Jägerjokke,blackrock,96,hunter,beastmastery,6,1,5
Hechozar,kazzak,96,hunter,beastmastery,6,1,5
Луврен,deepholm,96,hunter,beastmastery,6,1,5
Oou,auchindoun,96,hunter,beastmastery,6,1,5
Травмаопасен,gordunni,96,hunter,beastmastery,6,1,5
Rîsas,draenor,96,hunter,beastmastery,6,1,5
Speedofpain,kazzak,96,hunter,beastmastery,6,1,5
Gurkans,aggramar,96,hunter,beastmastery,6,1,5
Exorbitant,blackrock,96,hunter,beastmastery,6,1,5
Пиппиракон,soulflayer,96,hunter,beastmastery,6,1,5
Перидот,howling-fjord,96,hunter,beastmastery,6,1,5
Механямка,gordunni,96,hunter,beastmastery,6,1,5
Drolarin,zuljin,96,hunter,beastmastery,6,1,5
Zogzøg,draenor,96,hunter,beastmastery,6,1,5
Дочьпескова,gordunni,96,hunter,beastmastery,6,1,5
Hafarian,the-maelstrom,96,hunter,beastmastery,6,1,5
Valiriz,blackmoore,96,hunter,beastmastery,6,1,5
Shaib,kazzak,96,hunter,beastmastery,6,1,5
Zurzok,blackrock,96,hunter,beastmastery,6,1,5
Justchill,ravencrest,96,hunter,beastmastery,6,1,5
Hÿyrøk,ysondre,96,hunter,beastmastery,6,1,5
Achiles,die-todeskrallen,96,hunter,beastmastery,6,1,5
Darkray,dalaran,96,hunter,beastmastery,6,1,5
Буреклык,gordunni,96,hunter,beastmastery,6,1,5
Deathtime,sanguino,96,hunter,beastmastery,6,1,5
Koraag,culte-de-la-rive-noire,96,hunter,beastmastery,6,1,5
Foxhunt,turalyon,96,hunter,beastmastery,6,1,5
Оркистор,eversong,96,hunter,beastmastery,6,1,5
Anun,magtheridon,96,hunter,beastmastery,6,1,5
Jozsiur,ragnaros,96,hunter,beastmastery,6,1,5
Breidy,dun-modr,96,hunter,beastmastery,6,1,5
Золларис,deathguard,96,hunter,beastmastery,6,1,5
Deneja,kilrogg,96,hunter,beastmastery,6,1,5
Gabrriel,ravencrest,96,hunter,beastmastery,6,1,5
Chillyourbon,ravencrest,96,hunter,beastmastery,6,1,5
Ichbringbier,blackrock,96,hunter,beastmastery,6,1,5
Weafster,outland,96,hunter,beastmastery,6,1,5
Platano,hyjal,96,hunter,beastmastery,6,1,5
Настякобра,blackscar,96,hunter,beastmastery,6,1,5
Rayana,garrosh,96,hunter,beastmastery,6,1,5
Babyfart,terenas,96,hunter,beastmastery,6,1,5
Masimo,emerald-dream,96,hunter,beastmastery,6,1,5
Jakuken,dun-modr,96,hunter,beastmastery,6,1,5
Dugini,ravencrest,96,hunter,beastmastery,6,1,5
Betarayjinx,kazzak,96,hunter,beastmastery,6,1,5
Bloodfallen,onyxia,96,hunter,beastmastery,6,1,5
Ríse,blackhand,96,hunter,beastmastery,6,1,5
Traptard,blackrock,96,hunter,beastmastery,6,1,5
Wræqraxx,ravencrest,96,hunter,beastmastery,6,1,5
Warthugg,khaz-modan,96,hunter,beastmastery,6,1,5
Ventaric,pozzo-delleternità,96,hunter,beastmastery,6,1,5
Zikkem,burning-legion,96,hunter,beastmastery,6,1,5
Clownchef,blackhand,96,hunter,beastmastery,6,1,5
Fizí,stormscale,96,hunter,beastmastery,6,1,5
Derhùnethàl,hyjal,96,hunter,beastmastery,6,1,5
Turtíe,argent-dawn,96,hunter,beastmastery,6,1,5
Oneshotbaby,archimonde,96,hunter,beastmastery,6,1,5
Wórldz,dun-modr,96,hunter,beastmastery,6,1,5
Börjeson,ragnaros,96,hunter,beastmastery,6,1,5
Rezà,thrall,96,hunter,beastmastery,6,1,5
Nicoh,elune,96,hunter,beastmastery,6,1,5
Airelina,kazzak,96,hunter,beastmastery,6,1,5
Opasan,nordrassil,96,hunter,beastmastery,6,1,5
Sláynôs,blackrock,96,hunter,beastmastery,6,1,5
Сочнаятурель,howling-fjord,96,hunter,beastmastery,6,1,5
Leviaa,argent-dawn,96,hunter,beastmastery,6,1,5
Táráh,proudmoore,96,hunter,beastmastery,6,1,5
Ройзх,gordunni,96,hunter,beastmastery,6,1,5
Zelesrian,twisting-nether,96,hunter,beastmastery,6,1,5
Oneclickaway,tarren-mill,96,hunter,beastmastery,6,1,5
Nmrd,archimonde,96,hunter,beastmastery,6,1,5
Odenssbest,silvermoon,96,hunter,beastmastery,6,1,5
Imthatbtch,argent-dawn,96,hunter,beastmastery,6,1,5
Billythree,argent-dawn,96,hunter,beastmastery,6,1,5
Bensoussan,archimonde,96,hunter,beastmastery,6,1,5
Furheious,archimonde,96,hunter,beastmastery,6,1,5
Boudicok,archimonde,96,hunter,beastmastery,6,1,5
Hntudwn,azshara,96,hunter,beastmastery,6,1,5
Zugzlug,tarren-mill,96,hunter,beastmastery,6,1,5
Zergst,nathrezim,96,hunter,beastmastery,6,1,5
Koróth,tarren-mill,96,hunter,beastmastery,6,1,5
Øô,blackrock,96,hunter,beastmastery,6,1,5
Loquenahak,grim-batol,96,hunter,beastmastery,6,1,5
Imahuntard,frostmane,96,hunter,beastmastery,6,1,5
Bobletty,tarren-mill,96,hunter,beastmastery,6,1,5
Teedfredd,tarren-mill,96,hunter,beastmastery,6,1,5
Doojas,archimonde,96,hunter,beastmastery,6,1,5
Barneyarrow,tarren-mill,96,hunter,beastmastery,6,1,5
Schmaikell,blackmoore,96,hunter,beastmastery,12,1,11
Tsyapka,tarren-mill,96,hunter,beastmastery,12,1,11
Patjuh,silvermoon,96,hunter,beastmastery,12,1,11
Arthass,die-aldor,96,hunter,beastmastery,12,1,11
Plagktos,conseil-des-ombres,96,hunter,beastmastery,12,1,11
Лиасон,howling-fjord,96,hunter,beastmastery,12,1,11
Críted,blackmoore,96,hunter,beastmastery,12,1,11
Детмазай,soulflayer,96,hunter,beastmastery,12,1,11
Vandathien,stormrage,96,hunter,beastmastery,12,1,11
Thóorin,ravencrest,96,hunter,beastmastery,12,1,11
Enfaktüs,silvermoon,96,hunter,beastmastery,12,1,11
Lardobrave,blackhand,96,hunter,beastmastery,12,1,11
Mistledove,lightbringer,96,hunter,beastmastery,12,1,11
Johnnygnus,drakthul,96,hunter,beastmastery,12,1,11
Chuntardi,stormscale,96,hunter,beastmastery,12,1,11
Pasiõra,archimonde,96,hunter,beastmastery,12,1,11
Milandria,antonidas,96,hunter,beastmastery,18,1,17
Бусюлька,gordunni,95,hunter,beastmastery,18,1,17
Халфен,eversong,79,hunter,beastmastery,5,1,4
Yahamenistos,ysondre,64,hunter,beastmastery,4,1,3
Quiarà,elune,64,hunter,beastmastery,4,1,3
Youngjinh,ravencrest,64,hunter,beastmastery,4,1,3
Currahee,kirin-tor,64,hunter,beastmastery,4,1,3
Acuatropatas,sanguino,64,hunter,beastmastery,4,1,3
Huggiwuggi,tarren-mill,48,hunter,beastmastery,3,1,2
Графруру,soulflayer,48,hunter,beastmastery,3,1,2
Illnysa,silvermoon,48,hunter,beastmastery,3,1,2
Trayomrusnik,stormscale,42,hunter,beastmastery,7,3,4
Ржавченко,soulflayer,42,hunter,beastmastery,9,2,7
Jamestráp,dun-morogh,42,hunter,beastmastery,9,2,7
Martuk,aegwynn,31,hunter,beastmastery,2,1,1
Котюнечка,gordunni,31,hunter,beastmastery,2,1,1
Rockymarciaa,dalaran,31,hunter,beastmastery,2,1,1
Melloy,drakthul,31,hunter,beastmastery,2,1,1
Gwaan,outland,9,hunter,beastmastery,6,2,4
Макотшельник,gordunni,2163,mage,arcane,72,47,25
Cubis,archimonde,2135,mage,arcane,120,63,57
Млдбоярин,gordunni,2115,mage,arcane,66,37,29
Boogeymanx,ravencrest,2052,mage,arcane,168,94,74
Проблембойх,gordunni,2024,mage,arcane,134,63,71
Aleç,ravencrest,1971,mage,arcane,66,33,33
Magegôd,outland,1969,mage,arcane,81,44,37
Aleteia,stormscale,1953,mage,arcane,204,100,104
Бигдикмаг,soulflayer,1911,mage,arcane,89,45,44
Tiqma,sylvanas,1896,mage,arcane,125,64,61
Bebenm,archimonde,1884,mage,arcane,164,81,83
Choll,stormscale,1866,mage,arcane,30,20,10
Фоулли,howling-fjord,1864,mage,arcane,82,40,42
Waterhagx,tarren-mill,1861,mage,arcane,59,39,20
Ånei,ravencrest,1848,mage,arcane,72,39,33
Wàneís,ravencrest,1843,mage,arcane,78,38,40
Castorcato,kazzak,1823,mage,arcane,102,53,49
Obbcontrol,ravencrest,1820,mage,arcane,84,45,39
Belthesad,twisting-nether,1806,mage,arcane,62,42,20
Lemaroxd,draenor,1801,mage,arcane,59,33,26
Tokerlol,stormscale,1780,mage,arcane,227,124,103
Папущенный,soulflayer,1769,mage,arcane,108,58,50
Nvpk,blackrock,1767,mage,arcane,60,34,26
Jînexo,shattrath,1766,mage,arcane,54,28,26
Magijoana,silvermoon,1745,mage,arcane,50,26,24
Frostseeker,tarren-mill,1731,mage,arcane,54,30,24
Нефростмаг,gordunni,1726,mage,arcane,252,126,126
Derett,stormscale,1725,mage,arcane,48,22,26
Raíku,ravencrest,1723,mage,arcane,30,18,12
Непутевыймаг,gordunni,1715,mage,arcane,24,23,1
Mercem,stormscale,1711,mage,arcane,30,21,9
Wracrz,argent-dawn,1696,mage,arcane,114,61,53
Sallesauruus,outland,1694,mage,arcane,158,79,79
Alustrasz,skullcrusher,1693,mage,arcane,155,85,70
Ziao,outland,1689,mage,arcane,192,97,95
Shirrunn,the-maelstrom,1687,mage,arcane,38,19,19
Uskomaaginen,ravencrest,1686,mage,arcane,66,29,37
Ecovation,tarren-mill,1685,mage,arcane,133,72,61
Dardíe,ravencrest,1681,mage,arcane,54,31,23
Fearbeäch,ravencrest,1666,mage,arcane,52,25,27
Dárdie,ravencrest,1662,mage,arcane,40,21,19
Bullegong,archimonde,1652,mage,arcane,54,29,25
Astrryy,burning-legion,1650,mage,arcane,41,19,22
Uknowhowwedu,blackrock,1649,mage,arcane,36,22,14
Ephreaym,stormscale,1648,mage,arcane,160,73,87
Сизаам,howling-fjord,1644,mage,arcane,134,69,65
Nelg,silvermoon,1635,mage,arcane,72,46,26
Sÿmera,dun-modr,1634,mage,arcane,85,39,46
Sérc,ravencrest,1626,mage,arcane,30,17,13
Burstology,kazzak,1625,mage,arcane,209,106,103
Димаскунфу,howling-fjord,1625,mage,arcane,130,63,67
Медивера,gordunni,1622,mage,arcane,24,17,7
Orkamor,sylvanas,1622,mage,arcane,42,17,25
Barbeuqx,garona,1600,mage,arcane,344,176,168
Absie,tarren-mill,1592,mage,arcane,119,70,49
Covran,stormscale,1592,mage,arcane,71,30,41
Фемна,soulflayer,1589,mage,arcane,103,51,52
Шттрвблнкт,soulflayer,1586,mage,arcane,121,58,63
Persi,dentarg,1582,mage,arcane,311,152,159
Frostandrew,twisting-nether,1563,mage,arcane,36,24,12
Shiranize,aegwynn,1555,mage,arcane,132,62,70
Barspin,lightnings-blade,1543,mage,arcane,153,86,67
Barbeuqxo,garona,1537,mage,arcane,54,26,28
Radiantfury,outland,1533,mage,arcane,30,17,13
Blinked,eredar,1527,mage,arcane,36,25,11
Vxvfrowstxvx,jaedenar,1517,mage,arcane,72,38,34
Portal,scarshield-legion,1515,mage,arcane,73,42,31
Angryalways,stormscale,1500,mage,arcane,30,16,14
Ímnotback,outland,1499,mage,arcane,273,137,136
Vaerén,malganis,1495,mage,arcane,49,29,20
Inaruy,hyjal,1494,mage,arcane,35,18,17
Манкай,fordragon,1491,mage,arcane,393,203,190
Råståfåri,uldum,1490,mage,arcane,107,60,47
Helloimgone,blackmoore,1490,mage,arcane,30,16,14
Poochmage,archimonde,1488,mage,arcane,90,42,48
Samirra,stormscale,1487,mage,arcane,72,38,34
Nakamura,outland,1486,mage,arcane,344,171,173
Xÿv,azshara,1467,mage,arcane,33,17,16
Даанрен,galakrond,1456,mage,arcane,54,23,31
Akâri,silvermoon,1451,mage,arcane,113,65,48
Ahstin,teldrassil,1444,mage,arcane,24,18,6
Kudakto,ravencrest,1437,mage,arcane,42,15,27
Ðøæø,twisting-nether,1433,mage,arcane,111,54,57
Tokyodes,twisting-nether,1431,mage,arcane,242,126,116
Ekron,sanguino,1431,mage,arcane,648,324,324
Ogarcanefist,outland,1424,mage,arcane,69,35,34
Arkeus,turalyon,1415,mage,arcane,71,45,26
Jayhó,outland,1411,mage,arcane,54,28,26
Раканчик,gordunni,1406,mage,arcane,86,42,44
Sukalamink,alonsus,1405,mage,arcane,48,22,26
Aloxigozal,shendralar,1400,mage,arcane,24,17,7
Techies,archimonde,1397,mage,arcane,24,15,9
Aristarco,outland,1397,mage,arcane,41,18,23
Lusionator,defias-brotherhood,1394,mage,arcane,54,31,23
Манаманна,gordunni,1389,mage,arcane,866,439,427
Magikere,tarren-mill,1384,mage,arcane,131,76,55
Gravehagx,ravencrest,1381,mage,arcane,21,15,6
Diper,burning-legion,1379,mage,arcane,41,18,23
Hâplo,burning-legion,1376,mage,arcane,92,52,40
Sapien,sanguino,1373,mage,arcane,64,27,37
Rayniß,blackmoore,1370,mage,arcane,30,17,13
Jhawkwizard,draenor,1367,mage,arcane,298,152,146
Calientay,ragnaros,1366,mage,arcane,47,21,26
Azuredragon,tarren-mill,1361,mage,arcane,61,30,31
Elor,eredar,1360,mage,arcane,51,26,25
Antaos,drakthul,1359,mage,arcane,191,96,95
Másterdukè,silvermoon,1357,mage,arcane,185,86,99
Leanboy,dun-modr,1353,mage,arcane,55,24,31
Rmnzr,blackrock,1353,mage,arcane,36,15,21
Nelluc,turalyon,1345,mage,arcane,68,34,34
Tnhigh,blackrock,1343,mage,arcane,57,31,26
Xiaomofashi,quelthalas,1340,mage,arcane,194,101,93
Рбгпотаскуха,gordunni,1337,mage,arcane,18,14,4
Sszz,ravencrest,1335,mage,arcane,257,139,118
Gypsymagic,doomhammer,1332,mage,arcane,80,35,45
Nefrendel,kazzak,1327,mage,arcane,133,67,66
Fadi,anachronos,1325,mage,arcane,30,14,16
Krykz,sanguino,1321,mage,arcane,60,26,34
Jukedstreet,outland,1319,mage,arcane,36,14,22
Faxchungus,argent-dawn,1317,mage,arcane,30,19,11
Mannenye,stormscale,1306,mage,arcane,47,17,30
Paradigma,sylvanas,1305,mage,arcane,30,14,16
Scaleeth,kazzak,1300,mage,arcane,36,14,22
Kazeen,silvermoon,1292,mage,arcane,106,60,46
Moxine,la-croisade-écarlate,1291,mage,arcane,83,40,43
Mäalaka,archimonde,1289,mage,arcane,42,16,26
Pradapimp,ravencrest,1286,mage,arcane,32,15,17
Nimdáá,stormscale,1286,mage,arcane,54,24,30
Venchimage,silvermoon,1284,mage,arcane,62,26,36
Trucy,eredar,1275,mage,arcane,180,83,97
Estelliên,burning-legion,1273,mage,arcane,27,14,13
Hardways,archimonde,1272,mage,arcane,341,167,174
Bananflickan,kazzak,1264,mage,arcane,168,92,76
Весиал,deathguard,1262,mage,arcane,189,96,93
Валбериса,deepholm,1259,mage,arcane,83,49,34
Десскельтер,deathguard,1256,mage,arcane,78,36,42
Säga,the-venture-co,1254,mage,arcane,177,86,91
Tiamorg,drakthul,1248,mage,arcane,23,14,9
Sadrã,kazzak,1247,mage,arcane,69,30,39
Яшабурстх,blackscar,1246,mage,arcane,30,13,17
Nécrømage,confrérie-du-thorium,1235,mage,arcane,18,13,5
Gnarrly,tarren-mill,1235,mage,arcane,27,13,14
Æones,kult-der-verdammten,1233,mage,arcane,36,13,23
Beardmorph,auchindoun,1232,mage,arcane,47,19,28
Nïo,ravencrest,1227,mage,arcane,110,45,65
Kaelasha,magtheridon,1224,mage,arcane,36,14,22
Канеллис,howling-fjord,1219,mage,arcane,49,20,29
Нормалмап,soulflayer,1216,mage,arcane,60,23,37
Айсъмэджик,azuregos,1214,mage,arcane,107,52,55
Noarcane,twisting-nether,1209,mage,arcane,159,87,72
Hruon,ravenholdt,1195,mage,arcane,30,14,16
Romethito,dun-modr,1186,mage,arcane,62,29,33
Ozdewish,hyjal,1182,mage,arcane,130,61,69
Meolchum,outland,1180,mage,arcane,51,23,28
Léa,rashgarroth,1175,mage,arcane,72,31,41
Iwannakissu,gorgonnash,1173,mage,arcane,143,77,66
Clappycheeks,antonidas,1162,mage,arcane,66,25,41
Динэй,blackscar,1161,mage,arcane,30,16,14
Nelfchewer,ravencrest,1160,mage,arcane,29,13,16
Scaless,stormscale,1157,mage,arcane,52,19,33
Sulteaxion,garrosh,1154,mage,arcane,36,19,17
Demizboub,archimonde,1154,mage,arcane,168,85,83
Wanrltw,ragnaros,1151,mage,arcane,24,12,12
Knúbbz,ravencrest,1147,mage,arcane,36,12,24
Minglul,archimonde,1142,mage,arcane,24,12,12
Burnqq,twisting-nether,1142,mage,arcane,131,62,69
Angélique,ragnaros,1142,mage,arcane,54,21,33
Khadgia,argent-dawn,1126,mage,arcane,24,12,12
Oao,chamber-of-aspects,1122,mage,arcane,37,14,23
Icx,tarren-mill,1107,mage,arcane,61,34,27
Rezre,stormscale,1107,mage,arcane,125,60,65
Kobrass,spinebreaker,1101,mage,arcane,76,28,48
Malshash,outland,1100,mage,arcane,42,21,21
Vaelwin,argent-dawn,1074,mage,arcane,65,31,34
Gorn,ravencrest,1064,mage,arcane,66,34,32
Shedooxwrtx,antonidas,1063,mage,arcane,36,12,24
Fôôxy,aegwynn,1059,mage,arcane,36,16,20
Kilstine,outland,1056,mage,arcane,30,12,18
Вадимодесса,soulflayer,1055,mage,arcane,107,57,50
Mëgu,silvermoon,1050,mage,arcane,68,33,35
Soulraider,tarren-mill,1050,mage,arcane,24,11,13
Sosîbîos,blackmoore,1044,mage,arcane,60,34,26
Roulettefar,kazzak,1038,mage,arcane,24,11,13
Netomb,kazzak,1029,mage,arcane,24,14,10
Plor,exodar,1019,mage,arcane,26,13,13
Дантрий,gordunni,1012,mage,arcane,36,20,16
Sarjeta,grim-batol,997,mage,arcane,36,13,23
Magitis,blackhand,995,mage,arcane,54,14,40
Ihatemages,stormreaver,993,mage,arcane,90,36,54
Mylord,bronze-dragonflight,993,mage,arcane,53,21,32
Кронни,razuvious,979,mage,arcane,23,11,12
Roughfked,silvermoon,974,mage,arcane,98,54,44
Сморгонец,gordunni,962,mage,arcane,32,14,18
Banjó,twilights-hammer,959,mage,arcane,12,10,2
Arcticfury,ravencrest,959,mage,arcane,18,10,8
Magiwan,silvermoon,959,mage,arcane,30,10,20
Jamzymage,emerald-dream,958,mage,arcane,15,11,4
Remantin,blackrock,956,mage,arcane,24,10,14
Иссэя,borean-tundra,954,mage,arcane,37,21,16
Чобон,soulflayer,952,mage,arcane,30,10,20
Elvesnomage,sylvanas,951,mage,arcane,83,35,48
Дырявка,galakrond,949,mage,arcane,30,10,20
Antïsocïal,hyjal,947,mage,arcane,42,16,26
Zezt,tarren-mill,939,mage,arcane,30,10,20
Corlys,defias-brotherhood,918,mage,arcane,18,10,8
Frostdeath,medivh,906,mage,arcane,24,10,14
Brugg,antonidas,900,mage,arcane,24,12,12
Исусина,borean-tundra,884,mage,arcane,26,13,13
Fuhry,tarren-mill,864,mage,arcane,12,9,3
Liga,outland,864,mage,arcane,12,9,3
Puni,emerald-dream,864,mage,arcane,12,9,3
Uknowhowwedu,aegwynn,864,mage,arcane,12,9,3
Thegoodoctor,kazzak,864,mage,arcane,18,9,9
Scoopssama,ravencrest,864,mage,arcane,18,9,9
Neséri,blackmoore,864,mage,arcane,28,11,17
Letsa,stormscale,863,mage,arcane,12,9,3
Arcann,ravencrest,863,mage,arcane,18,9,9
Superduck,ragnaros,863,mage,arcane,24,9,15
Médivh,archimonde,862,mage,arcane,18,9,9
Mðj,kazzak,862,mage,arcane,24,9,15
Zorqi,argent-dawn,860,mage,arcane,12,9,3
Kaevelin,argent-dawn,852,mage,arcane,24,9,15
Odor,haomarush,846,mage,arcane,48,22,26
Merlïne,les-clairvoyants,838,mage,arcane,72,31,41
Syltris,drakthul,831,mage,arcane,99,40,59
Modjahead,tarren-mill,822,mage,arcane,29,9,20
Mageé,argent-dawn,807,mage,arcane,23,9,14
Diaflash,silvermoon,779,mage,arcane,76,31,45
Zimbabweborc,burning-legion,768,mage,arcane,12,8,4
Zehnvonzehn,antonidas,767,mage,arcane,18,8,10
Аненази,goldrinn,767,mage,arcane,18,8,10
Isralysa,ravencrest,767,mage,arcane,24,8,16
Dudè,azshara,766,mage,arcane,18,8,10
Sydrel,ragnaros,765,mage,arcane,12,8,4
Aeghis,darkspear,765,mage,arcane,18,8,10
Jambonpistol,archimonde,764,mage,arcane,24,8,16
Alaryeth,chamber-of-aspects,754,mage,arcane,18,8,10
Phyzed,archimonde,735,mage,arcane,17,8,9
Bogher,pozzo-delleternità,731,mage,arcane,18,8,10
Sticlachivas,stormscale,730,mage,arcane,23,8,15
Dcolon,tarren-mill,719,mage,arcane,17,8,9
Зухвала,howling-fjord,708,mage,arcane,41,12,29
Pyroden,stormscale,700,mage,arcane,20,8,12
Seraf,argent-dawn,688,mage,arcane,19,8,11
Schiattacap,doomhammer,688,mage,arcane,54,8,46
Aletheía,stormscale,672,mage,arcane,12,7,5
Doryy,silvermoon,672,mage,arcane,12,7,5
Jengele,argent-dawn,672,mage,arcane,12,7,5
Manafuzz,outland,672,mage,arcane,12,7,5
Pizwiz,kazzak,672,mage,arcane,16,8,8
Ignyx,ragnaros,672,mage,arcane,24,7,17
Adetin,tarren-mill,671,mage,arcane,12,7,5
Nötmârtònxø,ragnaros,671,mage,arcane,12,7,5
Shockólot,outland,671,mage,arcane,24,7,17
Thorstäin,ragnaros,670,mage,arcane,18,7,11
Itzlucky,twisting-nether,670,mage,arcane,18,7,11
Mortlol,chamber-of-aspects,667,mage,arcane,18,7,11
Milton,dunemaul,666,mage,arcane,30,7,23
Morphous,eonar,648,mage,arcane,18,7,11
Roslinda,outland,641,mage,arcane,18,7,11
Nàtcho,tichondrius,623,mage,arcane,11,7,4
Nergl,darksorrow,623,mage,arcane,27,7,20
Sheepthroat,forscherliga,576,mage,arcane,6,6,0
Chrome,ysondre,576,mage,arcane,12,6,6
Pyllymake,kazzak,576,mage,arcane,12,6,6
Ãshs,archimonde,576,mage,arcane,12,6,6
Kold,stormscale,576,mage,arcane,12,6,6
Soulkinq,blackmoore,576,mage,arcane,18,6,12
Яайку,gordunni,576,mage,arcane,18,6,12
Meisterg,frostwolf,575,mage,arcane,9,7,2
Spicymash,chogall,575,mage,arcane,12,6,6
Shõrty,thrall,575,mage,arcane,12,6,6
Purrpl,twisting-nether,575,mage,arcane,12,6,6
Aod,chogall,575,mage,arcane,12,6,6
Mysticbeard,argent-dawn,575,mage,arcane,12,6,6
Карраско,soulflayer,575,mage,arcane,12,6,6
Apc,sylvanas,575,mage,arcane,12,6,6
Tarovan,defias-brotherhood,575,mage,arcane,12,6,6
Dareah,blackmoore,575,mage,arcane,18,6,12
ßjwercke,stormscale,575,mage,arcane,18,6,12
Окости,howling-fjord,574,mage,arcane,12,6,6
Egirllover,hyjal,570,mage,arcane,21,6,15
Leil,die-todeskrallen,569,mage,arcane,24,6,18
Freshforces,ragnaros,553,mage,arcane,26,8,18
Héstia,sylvanas,544,mage,arcane,10,6,4
Sparrowixx,turalyon,537,mage,arcane,14,7,7
Meløs,blackmoore,528,mage,arcane,15,6,9
Мистркорбэн,soulflayer,480,mage,arcane,6,5,1
Línus,twisting-nether,480,mage,arcane,6,5,1
Tamtheone,frostwhisper,480,mage,arcane,6,5,1
Abóve,outland,480,mage,arcane,6,5,1
Auchenax,argent-dawn,480,mage,arcane,12,5,7
Pwntt,terenas,480,mage,arcane,12,5,7
Thamagus,burning-legion,480,mage,arcane,12,5,7
Barryscótt,stormscale,480,mage,arcane,12,5,7
Magevnr,hyjal,480,mage,arcane,12,5,7
Focusmage,outland,480,mage,arcane,12,5,7
Alarak,drakthul,480,mage,arcane,12,5,7
Serctheone,ravencrest,480,mage,arcane,15,6,9
Ледянойкекс,gordunni,480,mage,arcane,18,5,13
Mupana,nagrand,480,mage,arcane,18,5,13
Skankengine,twisting-nether,479,mage,arcane,6,5,1
Ewina,twisting-nether,479,mage,arcane,6,5,1
Insømnium,stormscale,479,mage,arcane,12,5,7
Winterblues,frostmourne,479,mage,arcane,12,5,7
Caesarclown,silvermoon,479,mage,arcane,18,5,13
Dualin,sanguino,479,mage,arcane,18,5,13
Gripe,defias-brotherhood,478,mage,arcane,6,5,1
Reiggo,silvermoon,478,mage,arcane,9,6,3
Wizkhafury,ravencrest,384,mage,arcane,6,4,2
Эллестра,howling-fjord,384,mage,arcane,6,4,2
Мглавечная,azuregos,384,mage,arcane,6,4,2
Apollohouse,ravencrest,384,mage,arcane,6,4,2
Niulita,outland,384,mage,arcane,6,4,2
Spellfolk,burning-legion,384,mage,arcane,6,4,2
Yunox,stormscale,384,mage,arcane,6,4,2
Hexmath,tarren-mill,384,mage,arcane,6,4,2
Trúkez,ragnaros,384,mage,arcane,6,4,2
Rizzlybear,outland,384,mage,arcane,6,4,2
Harpelmage,auchindoun,384,mage,arcane,6,4,2
Ccxz,draenor,384,mage,arcane,6,4,2
Zoot,ravencrest,384,mage,arcane,12,4,8
Cysbb,arathi,384,mage,arcane,12,4,8
Oreog,ravencrest,384,mage,arcane,12,4,8
Boogeyone,drakthul,384,mage,arcane,12,4,8
Arimila,sylvanas,384,mage,arcane,12,4,8
Dambii,ravencrest,384,mage,arcane,12,4,8
Jatha,turalyon,384,mage,arcane,12,4,8
Uní,emerald-dream,384,mage,arcane,12,4,8
Zgnilakus,burning-legion,384,mage,arcane,12,4,8
Mikaelà,blackmoore,383,mage,arcane,6,4,2
Khebu,anubarak,380,mage,arcane,12,4,8
Némmesis,zuljin,378,mage,arcane,12,4,8
Bigshape,frostwolf,351,mage,arcane,11,4,7
Ryalanna,silvermoon,313,mage,arcane,14,4,10
Roxolani,defias-brotherhood,303,mage,arcane,14,4,10
Núk,blackrock,288,mage,arcane,6,3,3
Bmbiscuit,ravencrest,288,mage,arcane,6,3,3
Euphorie,twisting-nether,288,mage,arcane,6,3,3
Suidas,auchindoun,288,mage,arcane,6,3,3
Rvca,shadowsong,288,mage,arcane,6,3,3
Szlay,blackmoore,288,mage,arcane,6,3,3
Choise,stormscale,288,mage,arcane,6,3,3
Kyrn,zuljin,288,mage,arcane,6,3,3
Альтанис,howling-fjord,288,mage,arcane,6,3,3
Havokh,blackmoore,288,mage,arcane,6,3,3
Tìktokthot,outland,288,mage,arcane,6,3,3
Mylanq,ragnaros,288,mage,arcane,6,3,3
Hógwarts,aegwynn,288,mage,arcane,6,3,3
Brokenlegman,defias-brotherhood,288,mage,arcane,6,3,3
Ovrpwrdxd,kazzak,288,mage,arcane,6,3,3
Khoshgele,draenor,288,mage,arcane,6,3,3
Seyece,silvermoon,288,mage,arcane,6,3,3
Gagaj,ravencrest,288,mage,arcane,6,3,3
Колдрагос,gordunni,288,mage,arcane,6,3,3
Hachiro,onyxia,288,mage,arcane,6,3,3
Euklid,ravencrest,288,mage,arcane,6,3,3
Astroknight,silvermoon,288,mage,arcane,6,3,3
Æskalatîøn,blackmoore,288,mage,arcane,6,3,3
Мактай,gordunni,288,mage,arcane,6,3,3
Onlymage,outland,288,mage,arcane,6,3,3
Datpyrotho,stormscale,288,mage,arcane,6,3,3
Хблэйз,howling-fjord,288,mage,arcane,12,3,9
Ionofrost,stormscale,288,mage,arcane,12,3,9
Sippebób,laughing-skull,288,mage,arcane,12,3,9
Lesoleil,archimonde,288,mage,arcane,12,3,9
Schøkø,eredar,288,mage,arcane,12,3,9
Noblockgødx,dun-modr,288,mage,arcane,12,3,9
Chimará,eredar,288,mage,arcane,18,3,15
Эпсиха,lich-king,288,mage,arcane,18,3,15
Магборода,soulflayer,287,mage,arcane,6,3,3
Frökenfrost,stormscale,287,mage,arcane,6,3,3
Burnem,kult-der-verdammten,287,mage,arcane,6,3,3
Arcadua,sanguino,287,mage,arcane,6,3,3
Buttet,blackmoore,287,mage,arcane,18,3,15
Kasus,sporeggar,286,mage,arcane,6,3,3
Ivoc,drakthul,254,mage,arcane,11,3,8
Naween,hyjal,239,mage,arcane,5,3,2
Kairøs,dragonblight,223,mage,arcane,16,3,13
Noviina,argent-dawn,192,mage,arcane,6,2,4
Dramajohns,silvermoon,192,mage,arcane,6,2,4
Imbatto,quelthalas,192,mage,arcane,6,2,4
Oorly,aegwynn,192,mage,arcane,6,2,4
Gôodgame,frostmane,192,mage,arcane,6,2,4
Magepress,silvermoon,192,mage,arcane,6,2,4
Йяу,howling-fjord,192,mage,arcane,6,2,4
Azoru,twisting-nether,192,mage,arcane,6,2,4
Kuhwar,echsenkessel,192,mage,arcane,6,2,4
Галадриелька,gordunni,192,mage,arcane,6,2,4
Mejtschazor,twisting-nether,192,mage,arcane,6,2,4
Versachi,neptulon,192,mage,arcane,6,2,4
Леракобольд,gordunni,192,mage,arcane,6,2,4
Bloodycast,archimonde,192,mage,arcane,6,2,4
Миднаит,gordunni,192,mage,arcane,6,2,4
Génociidz,archimonde,192,mage,arcane,6,2,4
Kjh,twisting-nether,192,mage,arcane,6,2,4
Naomypayton,tarren-mill,192,mage,arcane,6,2,4
Widepekka,ragnaros,192,mage,arcane,6,2,4
Nerzzhul,burning-legion,192,mage,arcane,6,2,4
Ryûblast,archimonde,192,mage,arcane,6,2,4
Crinkles,laughing-skull,192,mage,arcane,6,2,4
Quaile,malygos,192,mage,arcane,6,2,4
Линклер,fordragon,192,mage,arcane,6,2,4
Spellonfire,ravencrest,192,mage,arcane,6,2,4
Зерагуд,eversong,192,mage,arcane,6,2,4
Baravar,blackrock,192,mage,arcane,6,2,4
Hechicero,ravencrest,192,mage,arcane,6,2,4
Rommelo,ravencrest,192,mage,arcane,6,2,4
Kuhbi,blackrock,192,mage,arcane,6,2,4
Fàbious,ysondre,192,mage,arcane,6,2,4
Lìx,ravencrest,192,mage,arcane,6,2,4
Drencast,hyjal,192,mage,arcane,6,2,4
Ashioth,argent-dawn,192,mage,arcane,6,2,4
Drinte,blackmoore,192,mage,arcane,6,2,4
Capubell,nethersturm,192,mage,arcane,6,2,4
Noxkin,stormscale,192,mage,arcane,6,2,4
Teeclis,twisting-nether,192,mage,arcane,6,2,4
Kbd,outland,192,mage,arcane,6,2,4
Äßäm,outland,192,mage,arcane,6,2,4
Sheeptowin,thrall,192,mage,arcane,6,2,4
Аделфорн,eversong,192,mage,arcane,12,2,10
Farciminis,outland,192,mage,arcane,12,2,10
Rusto,hellscream,192,mage,arcane,12,2,10
Smlx,outland,192,mage,arcane,12,2,10
Veveroiu,defias-brotherhood,191,mage,arcane,6,2,4
Magse,kirin-tor,191,mage,arcane,6,2,4
Anderl,kirin-tor,191,mage,arcane,12,2,10
Frendor,turalyon,191,mage,arcane,12,2,10
Deadtedd,twisting-nether,138,mage,arcane,9,3,6
Døomey,ravencrest,138,mage,arcane,15,3,12
Carufera,defias-brotherhood,110,mage,arcane,7,2,5
Kaiyn,argent-dawn,96,mage,arcane,6,1,5
Grönmonster,shattered-hand,96,mage,arcane,6,1,5
Sorrow,outland,96,mage,arcane,6,1,5
Autramage,emerald-dream,96,mage,arcane,6,1,5
Animaze,argent-dawn,96,mage,arcane,6,1,5
Sidildur,ravencrest,96,mage,arcane,6,1,5
Facerollyo,tarren-mill,96,mage,arcane,6,1,5
Kalokoh,tarren-mill,96,mage,arcane,6,1,5
Glacius,stormscale,96,mage,arcane,6,1,5
Zerøsílgødx,antonidas,96,mage,arcane,6,1,5
Nohbrain,blackmoore,96,mage,arcane,6,1,5
Bigkent,stormscale,96,mage,arcane,6,1,5
Mfnz,stormreaver,96,mage,arcane,6,1,5
Azakadabra,ysondre,96,mage,arcane,6,1,5
Moosemæn,stormscale,96,mage,arcane,6,1,5
Karysta,blackhand,96,mage,arcane,6,1,5
Akharthion,defias-brotherhood,96,mage,arcane,6,1,5
Старкскрим,gordunni,96,mage,arcane,6,1,5
Криаркана,howling-fjord,96,mage,arcane,6,1,5
Firehasse,draenor,96,mage,arcane,6,1,5
Souldemon,burning-legion,96,mage,arcane,6,1,5
Yungbambix,twisting-nether,96,mage,arcane,6,1,5
Мерац,howling-fjord,96,mage,arcane,6,1,5
Dobbite,archimonde,96,mage,arcane,6,1,5
Рэймонд,howling-fjord,96,mage,arcane,6,1,5
Lumberth,sanguino,96,mage,arcane,6,1,5
Zeklo,frostmane,96,mage,arcane,6,1,5
Bakeren,frostmane,96,mage,arcane,6,1,5
Wushii,aggra-português,96,mage,arcane,6,1,5
Адренохромх,gordunni,96,mage,arcane,6,1,5
Калихор,gordunni,96,mage,arcane,6,1,5
Hólmess,silvermoon,96,mage,arcane,6,1,5
Саназэр,howling-fjord,96,mage,arcane,6,1,5
Thelastmage,outland,96,mage,arcane,6,1,5
Hotafazz,ravencrest,96,mage,arcane,6,1,5
Шпексх,soulflayer,96,mage,arcane,6,1,5
Spellwind,silvermoon,96,mage,arcane,6,1,5
Varini,twisting-nether,96,mage,arcane,12,1,11
Magicpowers,silvermoon,96,mage,arcane,12,1,11
Patricstewrd,draenor,96,mage,arcane,12,1,11
Damnlate,blackmoore,96,mage,arcane,12,1,11
Манднесс,azuregos,79,mage,arcane,11,1,10
Vinlimar,drakthul,64,mage,arcane,4,1,3
Stümpy,ravencrest,64,mage,arcane,5,1,4
Partypower,twisting-nether,2404,mage,fire,66,48,18
Laynerz,kazzak,2388,mage,fire,105,68,37
Raíku,ravencrest,2360,mage,fire,84,50,34
Барсуктри,deathguard,2322,mage,fire,154,95,59
Tommy,laughing-skull,2309,mage,fire,142,81,61
Jíncks,draenor,2245,mage,fire,172,95,77
Gelußaßa,ravencrest,2244,mage,fire,101,57,44
Hatsu,kazzak,2237,mage,fire,165,87,78
Milkenjoyer,ravencrest,2205,mage,fire,82,53,29
Oseri,defias-brotherhood,2189,mage,fire,220,115,105
Arnoldkelly,tarren-mill,2180,mage,fire,72,45,27
Slôw,kazzak,2178,mage,fire,71,47,24
Watchmeclic,archimonde,2170,mage,fire,84,44,40
Røysi,ravencrest,2168,mage,fire,117,70,47
Håtsu,ravencrest,2160,mage,fire,209,107,102
Róseonly,ravencrest,2158,mage,fire,154,82,72
Nilitar,kazzak,2157,mage,fire,138,72,66
Frozentwink,kul-tiras,2150,mage,fire,196,109,87
Файрус,soulflayer,2132,mage,fire,176,94,82
Plexyoo,thrall,2123,mage,fire,74,40,34
Slashspít,ravencrest,2119,mage,fire,69,40,29
Рофкастер,gordunni,2116,mage,fire,222,115,107
Fairus,ravencrest,2107,mage,fire,83,56,27
Lemaroxd,draenor,2102,mage,fire,116,66,50
Яшабурстх,blackscar,2101,mage,fire,213,114,99
Serctheone,ravencrest,2100,mage,fire,76,46,30
Шипми,gordunni,2100,mage,fire,180,98,82
Файрусх,deathguard,2097,mage,fire,69,40,29
Cörnflekz,stormscale,2091,mage,fire,110,70,40
Диссоциация,greymane,2079,mage,fire,160,87,73
Evovar,silvermoon,2076,mage,fire,153,84,69
Síckmode,khadgar,2075,mage,fire,144,87,57
Dazz,ravencrest,2067,mage,fire,326,168,158
Thegoodoctor,kazzak,2063,mage,fire,394,202,192
Uknowhowwedu,aegwynn,2043,mage,fire,54,33,21
Wheí,ravencrest,2038,mage,fire,96,60,36
Lisanalgaib,kilrogg,2037,mage,fire,105,59,46
Espressno,ravencrest,2030,mage,fire,42,35,7
Nuj,blackrock,2028,mage,fire,42,27,15
Xinda,hellfire,2022,mage,fire,47,30,17
Фоулли,howling-fjord,2022,mage,fire,112,64,48
Ráìkù,ravencrest,2021,mage,fire,60,32,28
Ðevlqt,blackmoore,2018,mage,fire,257,142,115
Sóz,ravencrest,2017,mage,fire,53,35,18
Setyouoncs,ravencrest,2010,mage,fire,160,89,71
Twizzkek,silvermoon,2009,mage,fire,207,102,105
Прауз,soulflayer,2006,mage,fire,169,91,78
Søz,agamaggan,1993,mage,fire,24,21,3
Octtmiss,twisting-nether,1989,mage,fire,110,64,46
Tiáno,drakthul,1989,mage,fire,168,89,79
Lilbolts,outland,1981,mage,fire,54,34,20
Spicyboi,archimonde,1978,mage,fire,53,37,16
Nilitarrgh,outland,1976,mage,fire,47,27,20
Реордиан,gordunni,1975,mage,fire,86,38,48
Dxdxdxdxdx,drakthul,1970,mage,fire,125,74,51
Bigkent,stormscale,1964,mage,fire,86,44,42
Håtemebaby,kazzak,1962,mage,fire,90,39,51
Magijoana,silvermoon,1958,mage,fire,132,70,62
Choll,stormscale,1949,mage,fire,226,122,104
Зефенжо,howling-fjord,1944,mage,fire,83,46,37
Ввнд,galakrond,1941,mage,fire,66,33,33
Smlx,outland,1940,mage,fire,90,51,39
Aleç,ravencrest,1938,mage,fire,45,29,16
Ygø,hyjal,1935,mage,fire,288,146,142
Evohz,stormscale,1932,mage,fire,91,49,42
Ãshs,archimonde,1927,mage,fire,36,24,12
Mssilvy,sylvanas,1927,mage,fire,258,140,118
Urkela,sylvanas,1923,mage,fire,162,89,73
Czd,outland,1922,mage,fire,255,129,126
Rizzlybear,outland,1918,mage,fire,75,35,40
Sleepingfate,stormscale,1913,mage,fire,56,32,24
Grumpié,ravencrest,1912,mage,fire,42,31,11
Symera,dun-modr,1910,mage,fire,89,58,31
Mßs,outland,1909,mage,fire,83,43,40
Brokenlegman,defias-brotherhood,1903,mage,fire,42,26,16
Reyown,archimonde,1901,mage,fire,82,58,24
Калихор,gordunni,1899,mage,fire,144,87,57
Gossipgirlz,outland,1894,mage,fire,112,65,47
Obbcontrol,ravencrest,1894,mage,fire,240,130,110
Mejtschazor,silvermoon,1893,mage,fire,89,56,33
Cornfloax,ravencrest,1893,mage,fire,66,40,26
Dizzy,ahnqiraj,1891,mage,fire,263,132,131
Ticklefinger,agamaggan,1886,mage,fire,30,21,9
Wwjd,darksorrow,1885,mage,fire,55,31,24
Tìktokthot,outland,1882,mage,fire,36,23,13
Magiwan,silvermoon,1874,mage,fire,93,49,44
Altraftw,archimonde,1871,mage,fire,77,52,25
Uní,emerald-dream,1869,mage,fire,42,29,13
Tacomagex,kazzak,1869,mage,fire,100,66,34
Avizura,kazzak,1865,mage,fire,30,24,6
Ilovedana,dun-modr,1865,mage,fire,60,42,18
Илайза,fordragon,1862,mage,fire,39,29,10
Medivqt,ragnaros,1858,mage,fire,60,44,16
Uniquenoodle,alakir,1857,mage,fire,72,34,38
Dardie,ravencrest,1856,mage,fire,54,33,21
Hólmess,silvermoon,1856,mage,fire,127,65,62
Maguscarlsen,ravencrest,1853,mage,fire,186,111,75
Нереварин,soulflayer,1852,mage,fire,126,68,58
Excuséme,ravencrest,1851,mage,fire,51,27,24
Frøstqt,ravencrest,1851,mage,fire,65,30,35
Вовзон,howling-fjord,1848,mage,fire,149,84,65
Hazewrld,ravencrest,1848,mage,fire,132,62,70
Lotharie,aegwynn,1847,mage,fire,36,23,13
Sérum,drakthul,1847,mage,fire,54,33,21
Spelltastíc,blackmoore,1844,mage,fire,54,34,20
Kindled,argent-dawn,1843,mage,fire,116,70,46
Underscore,outland,1841,mage,fire,91,51,40
Camefromzoo,outland,1839,mage,fire,40,26,14
Zoot,ravencrest,1839,mage,fire,96,46,50
Timzør,outland,1837,mage,fire,60,37,23
Belled,silvermoon,1836,mage,fire,95,64,31
Колтрэйн,blackscar,1836,mage,fire,45,30,15
Shíróyama,ravencrest,1835,mage,fire,92,58,34
Nøw,ravencrest,1835,mage,fire,75,40,35
Sanjoop,tarren-mill,1834,mage,fire,72,37,35
Wenant,ravencrest,1834,mage,fire,285,144,141
Watchmeclick,archimonde,1833,mage,fire,29,20,9
Skylezy,blackrock,1833,mage,fire,71,37,34
Shavay,blackmoore,1832,mage,fire,62,31,31
Archíques,kazzak,1831,mage,fire,46,24,22
Dubbleblast,draenor,1830,mage,fire,54,34,20
Shîmmer,ravencrest,1830,mage,fire,48,23,25
Sticki,malganis,1828,mage,fire,42,30,12
Spelltastìc,blackmoore,1828,mage,fire,78,43,35
Wàneís,ravencrest,1827,mage,fire,116,58,58
Excuses,chamber-of-aspects,1825,mage,fire,139,81,58
Anisovsky,archimonde,1825,mage,fire,70,34,36
Aryasa,silvermoon,1824,mage,fire,42,28,14
Quentin,grim-batol,1824,mage,fire,320,169,151
Твейзи,blackscar,1823,mage,fire,40,24,16
Goomba,tarren-mill,1823,mage,fire,109,49,60
Auchenax,argent-dawn,1821,mage,fire,91,54,37
Хехгодх,gordunni,1818,mage,fire,33,20,13
Stümpy,ravencrest,1818,mage,fire,126,75,51
Fireblood,runetotem,1818,mage,fire,102,53,49
Djflashz,archimonde,1817,mage,fire,100,51,49
Nøw,kazzak,1816,mage,fire,48,29,19
Hiryú,kazzak,1815,mage,fire,30,20,10
Cleophe,burning-legion,1815,mage,fire,122,78,44
Elmaestró,aegwynn,1815,mage,fire,48,30,18
Âcryz,blackrock,1815,mage,fire,91,50,41
Noxkin,stormscale,1814,mage,fire,65,36,29
Smittywerbn,stormscale,1814,mage,fire,141,78,63
Magnopvp,sanguino,1813,mage,fire,47,31,16
Шуткам,gordunni,1811,mage,fire,42,26,16
Рамблз,gordunni,1811,mage,fire,66,39,27
Jirt,stormscale,1809,mage,fire,59,35,24
Ókamí,ravencrest,1809,mage,fire,139,72,67
Cienaños,outland,1807,mage,fire,102,59,43
Миллерфест,howling-fjord,1807,mage,fire,88,47,41
Divey,draenor,1805,mage,fire,304,166,138
Фюртэ,howling-fjord,1803,mage,fire,42,26,16
Nihiliz,twisting-nether,1803,mage,fire,47,27,20
Prácticemàge,archimonde,1802,mage,fire,48,31,17
Stoychav,outland,1796,mage,fire,211,114,97
Yh,ragnaros,1795,mage,fire,36,27,9
Stepdaddyy,kazzak,1795,mage,fire,48,25,23
Takayaki,terokkar,1794,mage,fire,130,72,58
Cheerió,aggramar,1794,mage,fire,341,185,156
Isenhour,frostmane,1794,mage,fire,294,148,146
Asiman,eredar,1794,mage,fire,78,38,40
Einsmagus,blackrock,1793,mage,fire,153,89,64
Sâkuya,blackrock,1790,mage,fire,100,57,43
Fuego,sylvanas,1788,mage,fire,256,135,121
Uknowhowwedu,blackrock,1784,mage,fire,48,28,20
Büyübaba,twisting-nether,1784,mage,fire,135,73,62
Larmp,outland,1783,mage,fire,60,32,28
Dantiqa,ravencrest,1782,mage,fire,661,340,321
Hooksclay,archimonde,1781,mage,fire,72,40,32
Yungbambix,twisting-nether,1779,mage,fire,56,32,24
Lyssæ,khaz-modan,1778,mage,fire,173,87,86
Shahnoza,thrall,1775,mage,fire,51,31,20
Ширм,blackscar,1774,mage,fire,42,22,20
Insaneex,aegwynn,1769,mage,fire,54,32,22
Rizzycakes,silvermoon,1769,mage,fire,90,48,42
Consquens,aszune,1767,mage,fire,54,34,20
Nihilvm,dalaran,1767,mage,fire,88,43,45
Hey,khazgoroth,1763,mage,fire,152,81,71
Arcticfury,ravencrest,1753,mage,fire,36,22,14
Nocturnes,sylvanas,1753,mage,fire,73,31,42
Roxxis,kazzak,1748,mage,fire,48,23,25
Relik,sylvanas,1745,mage,fire,54,31,23
Titarie,ravencrest,1742,mage,fire,42,22,20
Harrisøn,dun-modr,1741,mage,fire,66,39,27
Гекомория,fordragon,1736,mage,fire,65,26,39
Akâri,silvermoon,1734,mage,fire,110,65,45
Andors,conseil-des-ombres,1733,mage,fire,48,28,20
Khorosho,draenor,1732,mage,fire,42,20,22
Zzpf,silvermoon,1732,mage,fire,108,51,57
Cesi,silvermoon,1732,mage,fire,101,47,54
Haxyo,twisting-nether,1731,mage,fire,126,69,57
Mohammedjiba,ragnaros,1728,mage,fire,104,56,48
Brainsick,kazzak,1727,mage,fire,48,26,22
Келлазар,gordunni,1727,mage,fire,168,90,78
Asterixus,sylvanas,1726,mage,fire,84,50,34
Djfrosty,kazzak,1726,mage,fire,107,63,44
Funkyfriday,twisting-nether,1725,mage,fire,30,18,12
Abruaa,tarren-mill,1724,mage,fire,53,26,27
Lìx,ravencrest,1722,mage,fire,36,24,12
Isildurone,ragnaros,1721,mage,fire,62,35,27
Проблембойх,gordunni,1719,mage,fire,60,25,35
Climatrix,twisting-nether,1718,mage,fire,47,35,12
Акиххабара,gordunni,1717,mage,fire,87,51,36
Cardioexpert,ravencrest,1711,mage,fire,36,29,7
Laciee,silvermoon,1711,mage,fire,80,44,36
Siérra,outland,1708,mage,fire,119,70,49
Авгурей,howling-fjord,1708,mage,fire,142,70,72
Equálity,blackrock,1707,mage,fire,90,53,37
Skrex,blackrock,1707,mage,fire,446,233,213
Kilstine,outland,1706,mage,fire,30,21,9
Пыроженное,deathguard,1706,mage,fire,114,58,56
Crooja,antonidas,1701,mage,fire,60,39,21
Rekzaop,ravencrest,1700,mage,fire,28,19,9
Hil,blackrock,1700,mage,fire,83,52,31
Magethings,kazzak,1700,mage,fire,192,102,90
Saiyangodx,twisting-nether,1698,mage,fire,108,53,55
Sendro,twisting-nether,1697,mage,fire,69,40,29
Triplesevenx,silvermoon,1696,mage,fire,313,166,147
Rewq,twisting-nether,1695,mage,fire,68,41,27
Мактай,gordunni,1695,mage,fire,65,39,26
Миднаит,gordunni,1694,mage,fire,160,90,70
Достижений,soulflayer,1694,mage,fire,125,58,67
Арара,gordunni,1693,mage,fire,42,20,22
Magnobi,sanguino,1692,mage,fire,42,24,18
Abêj,malygos,1691,mage,fire,44,23,21
Enandia,darksorrow,1690,mage,fire,130,70,60
Únna,sanguino,1690,mage,fire,54,29,25
Мосгормаг,gordunni,1688,mage,fire,59,35,24
Agáné,ravencrest,1686,mage,fire,34,25,9
Nùts,archimonde,1686,mage,fire,84,39,45
Ahstin,teldrassil,1685,mage,fire,48,37,11
Jumpfanqt,stormscale,1685,mage,fire,30,23,7
Nàtcho,tichondrius,1685,mage,fire,71,35,36
Pumped,haomarush,1683,mage,fire,93,48,45
Rayniß,blackmoore,1682,mage,fire,159,87,72
Onkela,arygos,1681,mage,fire,36,34,2
Castorcato,kazzak,1681,mage,fire,48,21,27
Elldiamage,draenor,1680,mage,fire,57,31,26
Macheat,kazzak,1680,mage,fire,120,63,57
Koltom,ravencrest,1676,mage,fire,36,26,10
Nelfchewer,ravencrest,1676,mage,fire,46,26,20
Kurtcobain,draenor,1676,mage,fire,85,48,37
Silmara,shadowsong,1675,mage,fire,66,39,27
Деозар,eversong,1675,mage,fire,397,207,190
Icoz,nemesis,1673,mage,fire,100,55,45
Twoeightybpm,draenor,1664,mage,fire,58,33,25
Xîzy,outland,1663,mage,fire,48,24,24
Алаурс,howling-fjord,1662,mage,fire,120,66,54
Magegødx,eredar,1661,mage,fire,108,63,45
Doonii,ragnaros,1661,mage,fire,71,34,37
Avæ,stormscale,1659,mage,fire,88,52,36
Аквамэрис,gordunni,1658,mage,fire,36,21,15
Vulcanô,sanguino,1657,mage,fire,178,89,89
Pisini,tarren-mill,1656,mage,fire,48,22,26
Firecold,silvermoon,1655,mage,fire,185,103,82
Defrozen,twisting-nether,1655,mage,fire,112,60,52
Møøk,magtheridon,1654,mage,fire,30,19,11
Cenzored,chamber-of-aspects,1654,mage,fire,35,22,13
Dcolon,tarren-mill,1650,mage,fire,54,28,26
Magegodx,rexxar,1649,mage,fire,141,83,58
Denaleidi,stormscale,1645,mage,fire,45,24,21
Htwhy,kazzak,1645,mage,fire,306,158,148
Knoxvit,tarren-mill,1644,mage,fire,36,24,12
Rusdorcito,frostwhisper,1644,mage,fire,41,23,18
Kickyaa,twisting-nether,1643,mage,fire,126,71,55
Turbomedusa,draenor,1642,mage,fire,34,22,12
Нефростмаг,gordunni,1642,mage,fire,124,66,58
Sheepmeepbip,ravencrest,1642,mage,fire,172,81,91
Chrismage,argent-dawn,1641,mage,fire,109,60,49
Tomia,burning-legion,1641,mage,fire,129,70,59
Fessadimamt,draenor,1640,mage,fire,36,21,15
Elynaé,draenor,1639,mage,fire,48,26,22
Dyen,hyjal,1638,mage,fire,36,21,15
Pluggis,the-maelstrom,1638,mage,fire,72,40,32
Wenndrid,draenor,1638,mage,fire,365,197,168
Aronnax,ravencrest,1637,mage,fire,76,41,35
Magenerfed,archimonde,1637,mage,fire,42,21,21
Двинск,soulflayer,1637,mage,fire,93,44,49
Reqwyz,ragnaros,1634,mage,fire,86,51,35
Cameljoe,blackhand,1631,mage,fire,44,25,19
Fuhrem,blackrock,1630,mage,fire,36,23,13
Neuralnetwrk,sylvanas,1630,mage,fire,54,30,24
Zíru,outland,1629,mage,fire,69,37,32
Snowbob,drakthul,1629,mage,fire,66,35,31
Benjibop,ravencrest,1628,mage,fire,29,21,8
Ayken,burning-legion,1628,mage,fire,42,26,16
Сплитсистема,galakrond,1628,mage,fire,42,24,18
Råståfåri,uldum,1627,mage,fire,87,47,40
Baldazzor,ravencrest,1627,mage,fire,77,41,36
Intz,twisting-nether,1627,mage,fire,105,55,50
Ipen,bloodfeather,1626,mage,fire,24,17,7
Resheep,kazzak,1626,mage,fire,30,19,11
Ênizt,archimonde,1626,mage,fire,58,34,24
Yésdávé,stormscale,1624,mage,fire,24,17,7
Sany,anubarak,1624,mage,fire,30,20,10
Aestus,outland,1624,mage,fire,54,25,29
Radiantfury,outland,1623,mage,fire,88,41,47
Blix,sanguino,1622,mage,fire,36,20,16
Смилер,gordunni,1622,mage,fire,138,76,62
Игрдлпдров,gordunni,1621,mage,fire,163,91,72
Satyrnaar,tarren-mill,1621,mage,fire,60,30,30
Qqcult,ravencrest,1620,mage,fire,51,31,20
Gnomag,argent-dawn,1620,mage,fire,250,132,118
Alystan,burning-blade,1620,mage,fire,54,28,26
Mariiejanee,nozdormu,1620,mage,fire,54,25,29
Naps,argent-dawn,1619,mage,fire,158,86,72
Neird,sinstralis,1618,mage,fire,108,63,45
Combusturmum,outland,1617,mage,fire,36,19,17
Arcann,ravencrest,1616,mage,fire,72,43,29
Camelshaver,tarren-mill,1616,mage,fire,60,35,25
Tdv,draenor,1616,mage,fire,42,24,18
Lilblinks,silvermoon,1616,mage,fire,126,67,59
Hambones,outland,1616,mage,fire,68,30,38
Speedshatter,aegwynn,1615,mage,fire,30,17,13
Moojob,kazzak,1614,mage,fire,30,17,13
Xyfys,azshara,1613,mage,fire,36,22,14
Hernêise,silvermoon,1612,mage,fire,74,40,34
Flocca,argent-dawn,1612,mage,fire,50,26,24
Itsøkay,archimonde,1611,mage,fire,36,21,15
Kbd,outland,1611,mage,fire,90,49,41
Ethiqq,gorgonnash,1611,mage,fire,54,26,28
Meign,eredar,1610,mage,fire,42,25,17
Витуз,gordunni,1610,mage,fire,66,35,31
Texmexguden,tarren-mill,1610,mage,fire,66,35,31
Badguy,arathor,1610,mage,fire,42,21,21
Línus,twisting-nether,1609,mage,fire,24,21,3
Хблэйз,howling-fjord,1609,mage,fire,61,35,26
Felìá,kazzak,1608,mage,fire,48,27,21
Аластормаг,deathweaver,1608,mage,fire,147,81,66
Firedeáth,kazzak,1608,mage,fire,100,55,45
Cooy,stormscale,1607,mage,fire,48,29,19
Borp,defias-brotherhood,1606,mage,fire,30,19,11
Aimaniac,stormscale,1606,mage,fire,211,118,93
Jessaniel,chogall,1605,mage,fire,52,29,23
Sondremage,outland,1605,mage,fire,54,26,28
Bumboozling,kazzak,1604,mage,fire,60,37,23
Тачитачи,gordunni,1604,mage,fire,125,71,54
Máximus,ravencrest,1604,mage,fire,42,22,20
Незерёб,soulflayer,1603,mage,fire,42,22,20
Whats,korgall,1602,mage,fire,112,61,51
Колдрагос,gordunni,1602,mage,fire,94,50,44
Айслэнц,howling-fjord,1602,mage,fire,42,21,21
Zimbabweborc,burning-legion,1600,mage,fire,36,25,11
Glacialspike,eredar,1600,mage,fire,48,25,23
Libre,stormscale,1599,mage,fire,500,254,246
Emoden,silvermoon,1599,mage,fire,48,24,24
Raikuswife,twisting-nether,1598,mage,fire,30,17,13
Магмагистр,blackscar,1598,mage,fire,118,61,57
Magão,frostmane,1597,mage,fire,112,56,56
Bezelgeuse,nemesis,1592,mage,fire,47,27,20
Gaárá,stormscale,1591,mage,fire,582,292,290
Greaterkick,blackrock,1588,mage,fire,46,27,19
Stickiburn,malganis,1586,mage,fire,30,19,11
Дрраго,greymane,1586,mage,fire,196,105,91
Säroumäne,archimonde,1584,mage,fire,55,28,27
Nurfdm,ravencrest,1581,mage,fire,29,20,9
Blinkinpark,pozzo-delleternità,1581,mage,fire,45,24,21
Frígíd,outland,1581,mage,fire,84,41,43
Hardelf,kazzak,1580,mage,fire,25,20,5
Akrapovic,drakthul,1579,mage,fire,54,27,27
Sedmaka,neptulon,1577,mage,fire,94,53,41
Экзорсус,goldrinn,1577,mage,fire,191,99,92
Caesarclown,silvermoon,1576,mage,fire,449,242,207
Realone,ragnaros,1576,mage,fire,42,21,21
Lïppoutou,archimonde,1575,mage,fire,30,17,13
Mëgu,silvermoon,1573,mage,fire,454,240,214
Né,dalaran,1569,mage,fire,123,66,57
Дэлос,gordunni,1568,mage,fire,35,19,16
Alni,thrall,1567,mage,fire,59,32,27
Kyrn,zuljin,1566,mage,fire,152,82,70
Witak,ysondre,1565,mage,fire,180,89,91
Mëismz,hyjal,1563,mage,fire,34,18,16
Uskomaaginen,ravencrest,1558,mage,fire,54,29,25
Carinuz,blackmoore,1558,mage,fire,144,72,72
Blackpowerrx,ravencrest,1557,mage,fire,42,24,18
Azakadabra,ysondre,1557,mage,fire,54,30,24
Carufera,defias-brotherhood,1556,mage,fire,96,53,43
Hardtimes,blackhand,1556,mage,fire,74,38,36
Êigul,blackrock,1556,mage,fire,65,28,37
Sekulicgoga,draenor,1555,mage,fire,132,82,50
Lilkiki,archimonde,1551,mage,fire,30,19,11
Fenrirson,drakthul,1550,mage,fire,288,156,132
Mons,the-venture-co,1549,mage,fire,270,139,131
Gagaj,ravencrest,1549,mage,fire,66,32,34
Liendri,aegwynn,1548,mage,fire,120,64,56
Dauwen,silvermoon,1548,mage,fire,78,40,38
Whócárés,dragonmaw,1546,mage,fire,30,17,13
Apócalyptic,tarren-mill,1546,mage,fire,249,130,119
Natchèl,ysondre,1544,mage,fire,42,25,17
Invinsible,xavius,1544,mage,fire,54,30,24
Terlon,ragnaros,1543,mage,fire,186,99,87
Poporciné,archimonde,1542,mage,fire,30,20,10
Гнилоглазка,howling-fjord,1542,mage,fire,136,73,63
Banausisch,blackmoore,1541,mage,fire,64,34,30
Kjh,twisting-nether,1540,mage,fire,26,17,9
Spellfaker,drakthul,1540,mage,fire,78,44,34
Shortchange,stormscale,1539,mage,fire,54,26,28
Эарвенн,galakrond,1537,mage,fire,48,29,19
Нетлель,soulflayer,1536,mage,fire,107,60,47
Noblockgødx,dun-modr,1536,mage,fire,82,39,43
Avb,twisting-nether,1535,mage,fire,24,16,8
Djdankzter,outland,1534,mage,fire,30,16,14
Thughunterqt,silvermoon,1534,mage,fire,314,159,155
Consulalgeri,archimonde,1534,mage,fire,54,26,28
Твейдей,blackscar,1533,mage,fire,30,16,14
Бингчилинг,howling-fjord,1533,mage,fire,48,24,24
Séptímus,kazzak,1532,mage,fire,127,72,55
Steveishigh,tarren-mill,1531,mage,fire,68,35,33
Mante,antonidas,1530,mage,fire,192,95,97
Hbarftw,ravencrest,1528,mage,fire,30,20,10
Fakeklepter,sylvanas,1528,mage,fire,24,16,8
Stîckî,malganis,1528,mage,fire,29,19,10
Midooa,nerathor,1528,mage,fire,87,46,41
Dázz,twisting-nether,1527,mage,fire,24,16,8
Azety,archimonde,1527,mage,fire,24,16,8
Jonku,tarren-mill,1525,mage,fire,48,33,15
Цепнойпёс,goldrinn,1525,mage,fire,30,17,13
Petar,tarren-mill,1523,mage,fire,145,72,73
Фроз,soulflayer,1522,mage,fire,66,35,31
Аквамелис,gordunni,1522,mage,fire,84,36,48
Razrkh,ragnaros,1521,mage,fire,111,61,50
Hexmath,tarren-mill,1518,mage,fire,53,30,23
Imtrynasheep,kazzak,1517,mage,fire,72,41,31
Flypz,stormscale,1516,mage,fire,54,35,19
Baxeraa,draenor,1512,mage,fire,97,56,41
Wambamm,ravencrest,1512,mage,fire,69,31,38
Tromie,archimonde,1511,mage,fire,156,84,72
Pradapimp,ravencrest,1511,mage,fire,92,48,44
Bloodycast,archimonde,1511,mage,fire,135,69,66
Pyrobomb,sylvanas,1509,mage,fire,96,45,51
Buzzcraft,draenor,1508,mage,fire,86,53,33
Bclaudiu,terokkar,1507,mage,fire,110,60,50
Volksmagier,ravencrest,1505,mage,fire,31,17,14
Insanewizard,kazzak,1505,mage,fire,74,38,36
Mieria,argent-dawn,1504,mage,fire,54,30,24
Ahkkar,ravencrest,1504,mage,fire,30,16,14
Sakuranosuke,twisting-nether,1503,mage,fire,48,23,25
Спэйсбарелла,soulflayer,1502,mage,fire,72,35,37
Magikere,tarren-mill,1502,mage,fire,54,26,28
Yshax,malganis,1500,mage,fire,102,46,56
Shinegami,hyjal,1497,mage,fire,42,21,21
Utarii,deathwing,1496,mage,fire,118,59,59
Æones,kult-der-verdammten,1496,mage,fire,95,47,48
Watchmepanda,ravencrest,1496,mage,fire,45,20,25
Cryptik,blackmoore,1495,mage,fire,121,66,55
Neférú,thrall,1494,mage,fire,52,27,25
Blinked,eredar,1493,mage,fire,66,40,26
Morphis,talnivarr,1493,mage,fire,50,27,23
Zensheep,silvermoon,1491,mage,fire,42,22,20
Räikü,ravencrest,1490,mage,fire,66,42,24
Coqo,silvermoon,1490,mage,fire,78,35,43
Diper,burning-legion,1488,mage,fire,101,53,48
Tokerlol,stormscale,1487,mage,fire,39,20,19
Revanov,outland,1486,mage,fire,48,29,19
Aisha,neptulon,1486,mage,fire,30,16,14
Manvo,bloodscalp,1484,mage,fire,270,143,127
Mensonger,archimonde,1483,mage,fire,72,34,38
Qulinx,kazzak,1480,mage,fire,34,18,16
Calientay,ragnaros,1479,mage,fire,72,34,38
Интровертка,blackscar,1477,mage,fire,52,27,25
Ghalanz,ravencrest,1474,mage,fire,141,70,71
Мозифорест,gordunni,1474,mage,fire,78,37,41
Skaleech,draenor,1474,mage,fire,42,18,24
Mikefires,blackrock,1473,mage,fire,34,21,13
Pandathis,frostwolf,1472,mage,fire,30,20,10
Ustafrr,argent-dawn,1472,mage,fire,103,62,41
Ðamage,sanguino,1472,mage,fire,27,16,11
Malshash,outland,1470,mage,fire,30,19,11
Camiina,shattered-hand,1468,mage,fire,167,86,81
Moleester,twisting-nether,1467,mage,fire,54,24,30
Creak,blackhand,1465,mage,fire,35,21,14
Karima,drekthar,1465,mage,fire,40,22,18
Robowhoore,silvermoon,1465,mage,fire,92,49,43
Darkfiré,blackmoore,1465,mage,fire,32,16,16
Soxlol,sylvanas,1463,mage,fire,29,16,13
Frøzzen,blackrock,1463,mage,fire,41,22,19
Волшпробуда,gordunni,1462,mage,fire,88,52,36
Netrinkuet,outland,1460,mage,fire,29,16,13
Goodopeners,outland,1460,mage,fire,71,37,34
Scoopssama,ravencrest,1460,mage,fire,102,52,50
Alorin,dun-modr,1460,mage,fire,86,40,46
Weedup,zuljin,1459,mage,fire,72,36,36
Kalokoh,tarren-mill,1458,mage,fire,42,23,19
Alèxjones,stormscale,1458,mage,fire,42,18,24
Critr,sylvanas,1457,mage,fire,247,135,112
Shockólot,outland,1457,mage,fire,41,21,20
Anthrex,drakthul,1456,mage,fire,66,27,39
Hansdrol,outland,1455,mage,fire,60,33,27
Fortian,boulderfist,1455,mage,fire,36,19,17
Plætinum,ravencrest,1455,mage,fire,134,68,66
Antaos,drakthul,1453,mage,fire,43,20,23
Ízumi,stormscale,1452,mage,fire,48,24,24
Sadrã,kazzak,1452,mage,fire,123,61,62
Røvso,ragnaros,1452,mage,fire,60,27,33
Elesios,blackmoore,1451,mage,fire,102,49,53
Musfis,burning-legion,1449,mage,fire,89,43,46
Рифтиг,howling-fjord,1448,mage,fire,130,66,64
Aulny,kaelthas,1448,mage,fire,141,70,71
Estelliên,burning-legion,1448,mage,fire,54,25,29
Glïder,archimonde,1446,mage,fire,53,24,29
Wizandor,tarren-mill,1445,mage,fire,59,34,25
Bobbasor,defias-brotherhood,1445,mage,fire,121,63,58
ßerkoßaggins,ravencrest,1445,mage,fire,128,64,64
Roohna,blackmoore,1444,mage,fire,133,74,59
Lokilus,dalaran,1443,mage,fire,93,51,42
Magicdingo,lightnings-blade,1442,mage,fire,59,33,26
Tûttifrutti,ravencrest,1442,mage,fire,84,41,43
Bònk,sylvanas,1441,mage,fire,66,33,33
Backped,kazzak,1440,mage,fire,46,18,28
Marøjuniõr,draenor,1439,mage,fire,24,15,9
Secretagent,aegwynn,1439,mage,fire,66,37,29
Akhali,chamber-of-aspects,1438,mage,fire,140,77,63
Bceps,stormscale,1438,mage,fire,128,63,65
Doparismenos,twisting-nether,1437,mage,fire,44,25,19
Чобон,soulflayer,1437,mage,fire,48,23,25
Worstdenmark,stormscale,1436,mage,fire,30,15,15
Missl,draenor,1434,mage,fire,24,15,9
Marybaguette,archimonde,1434,mage,fire,24,15,9
Barbeuqx,garona,1432,mage,fire,47,24,23
Kappotjeplif,ravencrest,1431,mage,fire,120,64,56
Covran,stormscale,1431,mage,fire,30,15,15
Ziao,outland,1431,mage,fire,35,17,18
Itrius,tarren-mill,1431,mage,fire,87,40,47
Nøstradanus,archimonde,1428,mage,fire,126,77,49
Cinoox,blackrock,1427,mage,fire,243,130,113
Альвиам,borean-tundra,1426,mage,fire,39,23,16
Otpmage,tarren-mill,1425,mage,fire,24,15,9
Bebenm,archimonde,1425,mage,fire,30,15,15
Mikaelà,blackmoore,1423,mage,fire,66,40,26
Shizzy,onyxia,1423,mage,fire,63,33,30
Chucknoir,draenor,1420,mage,fire,30,16,14
Sylvîe,tarren-mill,1419,mage,fire,101,52,49
Darríck,argent-dawn,1419,mage,fire,65,31,34
Lo,kilrogg,1418,mage,fire,31,17,14
Töframaður,draenor,1417,mage,fire,114,63,51
Pepsimaxlord,silvermoon,1417,mage,fire,30,15,15
Zazatorica,tarren-mill,1416,mage,fire,204,106,98
Semiron,twisting-nether,1416,mage,fire,43,20,23
Swizzy,arathor,1415,mage,fire,24,15,9
Rockyballboa,silvermoon,1415,mage,fire,62,34,28
Исендэя,gordunni,1415,mage,fire,63,27,36
Mostevildude,blackhand,1414,mage,fire,24,15,9
Elcølgaø,sanguino,1414,mage,fire,54,23,31
Charizard,emerald-dream,1413,mage,fire,21,16,5
Wizkidcutt,tarren-mill,1413,mage,fire,43,24,19
Michellee,ravencrest,1413,mage,fire,30,16,14
Shínsou,burning-blade,1411,mage,fire,128,65,63
Xÿv,azshara,1409,mage,fire,24,15,9
Gødstopmeplz,aegwynn,1409,mage,fire,35,17,18
Szlay,blackmoore,1409,mage,fire,54,24,30
Versachi,neptulon,1407,mage,fire,42,22,20
Yenkonidas,blackmoore,1405,mage,fire,48,26,22
Xaynny,alakir,1405,mage,fire,53,22,31
Óoj,outland,1402,mage,fire,51,30,21
Exitelol,blackrock,1401,mage,fire,34,22,12
Atixx,aegwynn,1401,mage,fire,66,30,36
Mejtschazor,twisting-nether,1400,mage,fire,29,16,13
Mäalaka,archimonde,1400,mage,fire,60,31,29
Zéngã,kazzak,1399,mage,fire,61,31,30
Meskay,ravencrest,1398,mage,fire,58,28,30
Ryzea,ravencrest,1395,mage,fire,113,60,53
Krykz,sanguino,1393,mage,fire,57,27,30
Sukalamink,alonsus,1391,mage,fire,90,48,42
Mínêrvâ,blackrock,1391,mage,fire,35,18,17
Rictue,silvermoon,1390,mage,fire,67,38,29
Ледянойкекс,gordunni,1390,mage,fire,52,26,26
Drwrey,tarren-mill,1389,mage,fire,47,27,20
Yatsune,defias-brotherhood,1388,mage,fire,54,35,19
Mythiox,antonidas,1387,mage,fire,53,31,22
Gêrky,drakthul,1387,mage,fire,30,15,15
Нерария,howling-fjord,1386,mage,fire,28,17,11
Hængovêr,antonidas,1386,mage,fire,54,28,26
Babidi,nemesis,1386,mage,fire,140,66,74
Martiqabelle,dun-morogh,1383,mage,fire,33,21,12
Tragíc,blackmoore,1383,mage,fire,29,15,14
Nohbrain,blackmoore,1383,mage,fire,100,51,49
Slimugur,sylvanas,1380,mage,fire,50,31,19
Pawah,exodar,1380,mage,fire,48,28,20
Animaze,argent-dawn,1380,mage,fire,144,79,65
Aikamie,draenor,1380,mage,fire,212,106,106
Icepiece,tarren-mill,1380,mage,fire,39,17,22
Arckaen,elune,1378,mage,fire,54,32,22
Calegos,twisting-nether,1378,mage,fire,48,25,23
Xdu,silvermoon,1378,mage,fire,68,23,45
Kinetiq,kazzak,1377,mage,fire,36,17,19
Fullpolly,twisting-nether,1376,mage,fire,36,17,19
Rèsí,dun-morogh,1375,mage,fire,97,58,39
Ratedr,silvermoon,1373,mage,fire,47,26,21
Pyrobro,the-venture-co,1373,mage,fire,83,44,39
Freeyourmind,kazzak,1371,mage,fire,74,35,39
Frostytutes,ragnaros,1369,mage,fire,132,69,63
Luxxurious,xavius,1368,mage,fire,57,32,25
Shreedmage,blackmoore,1367,mage,fire,129,62,67
Spellsteal,antonidas,1366,mage,fire,126,54,72
Stylaaz,twisting-nether,1365,mage,fire,83,44,39
Rilac,nordrassil,1365,mage,fire,63,29,34
Wëylin,chogall,1364,mage,fire,51,28,23
Necro,zuljin,1364,mage,fire,40,20,20
Kundry,tarren-mill,1363,mage,fire,42,19,23
Zigøuillette,hyjal,1363,mage,fire,48,20,28
Rapidfrost,drakthul,1362,mage,fire,72,49,23
Jorik,burning-legion,1361,mage,fire,33,19,14
Firever,sanguino,1361,mage,fire,42,18,24
Lompenlouder,ragnaros,1360,mage,fire,29,15,14
Justjunzy,archimonde,1360,mage,fire,40,20,20
Immortanjoe,thrall,1359,mage,fire,105,55,50
Spispi,burning-legion,1359,mage,fire,44,19,25
Pewwpewwpeww,doomhammer,1354,mage,fire,161,81,80
Ønlyfünds,archimonde,1354,mage,fire,81,37,44
Tiltedpapi,ravencrest,1353,mage,fire,59,26,33
Drcs,kazzak,1351,mage,fire,36,23,13
Fingolfin,amanthul,1351,mage,fire,437,216,221
Magmarro,burning-legion,1350,mage,fire,155,78,77
Usèless,blackmoore,1350,mage,fire,48,20,28
Loøgaã,ysondre,1347,mage,fire,66,33,33
Capz,outland,1346,mage,fire,48,22,26
Sèrum,drakthul,1344,mage,fire,41,16,25
Quiwi,dun-modr,1341,mage,fire,51,34,17
Росвенд,gordunni,1341,mage,fire,24,14,10
Magegôd,outland,1340,mage,fire,24,14,10
Aeghis,darkspear,1340,mage,fire,30,16,14
Hérä,archimonde,1337,mage,fire,24,14,10
Jennao,stormscale,1336,mage,fire,24,14,10
Pyro,eldrethalas,1336,mage,fire,63,28,35
Gandelfmaly,burning-legion,1335,mage,fire,24,14,10
Spacehoe,stormscale,1335,mage,fire,36,14,22
Yoken,tarren-mill,1334,mage,fire,24,14,10
Lepeps,silvermoon,1334,mage,fire,48,22,26
Djpørtnite,blackrock,1334,mage,fire,48,19,29
Olzaa,outland,1333,mage,fire,24,14,10
Zumbacafew,twisting-nether,1333,mage,fire,24,14,10
Vyuca,argent-dawn,1332,mage,fire,32,16,16
Illius,kelthuzad,1331,mage,fire,36,19,17
Extracting,stormscale,1330,mage,fire,216,109,107
Jaídy,aegwynn,1330,mage,fire,114,56,58
Wumz,blackrock,1330,mage,fire,63,29,34
Koreanbbq,outland,1328,mage,fire,24,14,10
Zjap,argent-dawn,1327,mage,fire,48,25,23
Plessx,sylvanas,1326,mage,fire,51,35,16
Seeva,kazzak,1326,mage,fire,30,14,16
Heimer,ravencrest,1325,mage,fire,60,31,29
Pwntt,terenas,1325,mage,fire,54,26,28
Kold,stormscale,1325,mage,fire,36,14,22
Magicalmig,draenor,1323,mage,fire,126,75,51
Criticaldmg,malganis,1322,mage,fire,60,30,30
Feuererdnuss,blackhand,1321,mage,fire,86,46,40
Chïll,ragnaros,1320,mage,fire,33,16,17
Mirobol,hyjal,1318,mage,fire,60,29,31
Faunas,kazzak,1316,mage,fire,64,39,25
Мерджреквест,howling-fjord,1315,mage,fire,78,40,38
Primodious,kazzak,1314,mage,fire,18,14,4
Sonofdragon,frostwolf,1314,mage,fire,36,19,17
Drëâms,archimonde,1310,mage,fire,30,15,15
Xkod,draenor,1309,mage,fire,54,27,27
Eddiee,outland,1306,mage,fire,132,63,69
Айсфурия,gordunni,1305,mage,fire,40,18,22
Wormhole,kazzak,1305,mage,fire,40,15,25
Gregoss,elune,1304,mage,fire,36,19,17
Durdi,silvermoon,1303,mage,fire,97,53,44
Pyroden,stormscale,1301,mage,fire,54,32,22
Muzbi,turalyon,1301,mage,fire,79,38,41
Быкуня,gordunni,1299,mage,fire,102,54,48
Cutiepanda,defias-brotherhood,1298,mage,fire,72,28,44
Nuvx,ravencrest,1296,mage,fire,90,51,39
Ice,sargeras,1294,mage,fire,33,15,18
Dobbite,archimonde,1292,mage,fire,72,46,26
Milgha,nemesis,1292,mage,fire,48,24,24
Bakeren,frostmane,1290,mage,fire,30,14,16
Аваон,deathguard,1289,mage,fire,136,67,69
Momomagic,silvermoon,1289,mage,fire,70,33,37
Hahahehe,aegwynn,1288,mage,fire,45,24,21
Шеллестун,soulflayer,1287,mage,fire,30,20,10
Clappycheeks,antonidas,1287,mage,fire,48,22,26
Unresplandor,sanguino,1287,mage,fire,58,25,33
Gerdâ,chants-éternels,1285,mage,fire,113,59,54
Cruscru,stormscale,1284,mage,fire,129,59,70
Tombkiller,kult-der-verdammten,1283,mage,fire,144,70,74
Skarxaa,sanguino,1280,mage,fire,108,49,59
Megancox,blackmoore,1278,mage,fire,56,33,23
Blackpantha,blackmoore,1278,mage,fire,56,31,25
Vali,drakthul,1278,mage,fire,36,14,22
Dubstep,blackrock,1274,mage,fire,60,32,28
Фирдаркнесс,howling-fjord,1274,mage,fire,35,14,21
Ziscine,tarren-mill,1270,mage,fire,63,28,35
Ihatemages,stormreaver,1270,mage,fire,66,27,39
Mauvé,blades-edge,1266,mage,fire,65,33,32
Zionara,stormscale,1265,mage,fire,187,95,92
Shinzel,hyjal,1265,mage,fire,71,36,35
Greey,blackhand,1265,mage,fire,44,22,22
Noviina,argent-dawn,1264,mage,fire,67,37,30
Cyrîll,malygos,1263,mage,fire,133,75,58
Kuríbo,gorgonnash,1262,mage,fire,33,19,14
Maggresive,sylvanas,1262,mage,fire,96,45,51
Isiah,kaelthas,1261,mage,fire,148,75,73
Searchy,blackhand,1259,mage,fire,314,162,152
Darkice,sanguino,1259,mage,fire,123,58,65
Rhodghar,ravencrest,1259,mage,fire,60,24,36
Mohovik,wildhammer,1258,mage,fire,24,14,10
Varenca,blackrock,1256,mage,fire,75,35,40
Fleqs,antonidas,1256,mage,fire,36,14,22
Ethélinda,kirin-tor,1256,mage,fire,54,19,35
Nïo,ravencrest,1251,mage,fire,113,49,64
Фрозитв,blackscar,1247,mage,fire,18,13,5
Usererror,ravencrest,1247,mage,fire,18,13,5
Lyrath,tarren-mill,1247,mage,fire,18,13,5
Бабайбайкала,gordunni,1247,mage,fire,179,86,93
Wizmec,silvermoon,1247,mage,fire,207,98,109
Knulljonný,kazzak,1247,mage,fire,30,13,17
Jörs,stormreaver,1246,mage,fire,18,13,5
Shirrunn,the-maelstrom,1246,mage,fire,24,13,11
Ioriyagami,dragonmaw,1245,mage,fire,23,14,9
Yanir,die-arguswacht,1245,mage,fire,24,13,11
Èverix,ravencrest,1245,mage,fire,24,13,11
Johnnydeepp,archimonde,1244,mage,fire,18,13,5
Letstryfrost,ragnaros,1243,mage,fire,54,29,25
Jezí,ghostlands,1241,mage,fire,19,15,4
Flødeost,outland,1241,mage,fire,24,13,11
Romethito,dun-modr,1240,mage,fire,42,27,15
Самза,howling-fjord,1240,mage,fire,90,51,39
Diffa,tarren-mill,1240,mage,fire,24,13,11
Zivac,kazzak,1240,mage,fire,24,13,11
Astaden,die-aldor,1239,mage,fire,30,13,17
Zestrax,kazzak,1238,mage,fire,60,34,26
Dwang,nemesis,1236,mage,fire,24,13,11
Grandbasile,hyjal,1235,mage,fire,42,13,29
Асидочка,soulflayer,1234,mage,fire,117,60,57
Занерзулаа,soulflayer,1234,mage,fire,35,14,21
Teaeeth,silvermoon,1232,mage,fire,24,14,10
Вселениум,razuvious,1232,mage,fire,63,32,31
Themagîcian,silvermoon,1232,mage,fire,33,14,19
Вельдрик,soulflayer,1231,mage,fire,70,33,37
Tehotyttö,dragonblight,1231,mage,fire,69,27,42
Susantek,antonidas,1228,mage,fire,30,13,17
Warwizz,sanguino,1226,mage,fire,24,13,11
Rutemarlene,draenor,1225,mage,fire,46,21,25
Zuckerzimt,ravencrest,1224,mage,fire,30,13,17
Silatara,twisting-nether,1223,mage,fire,24,13,11
Fiveboyjr,tarren-mill,1222,mage,fire,84,41,43
Insømnium,stormscale,1221,mage,fire,26,14,12
Ràyden,khaz-modan,1219,mage,fire,36,18,18
Magicuze,argent-dawn,1217,mage,fire,90,37,53
Roey,defias-brotherhood,1214,mage,fire,60,30,30
Айсбоунт,eversong,1214,mage,fire,72,30,42
Ecovation,tarren-mill,1213,mage,fire,26,14,12
Linyah,arathor,1211,mage,fire,30,15,15
Slashkiiss,archimonde,1205,mage,fire,131,68,63
Джеззабэль,ashenvale,1204,mage,fire,24,15,9
Shadowmag,burning-legion,1201,mage,fire,202,101,101
Мизерун,deathguard,1201,mage,fire,190,94,96
Zaci,argent-dawn,1201,mage,fire,30,14,16
Estwald,arathor,1201,mage,fire,41,18,23
Wankel,blackmoore,1201,mage,fire,89,38,51
Эстерленс,gordunni,1199,mage,fire,199,108,91
Prskalica,kazzak,1199,mage,fire,38,16,22
Neoreactor,ravencrest,1198,mage,fire,24,13,11
Wîtchcurse,dentarg,1197,mage,fire,36,15,21
Валбериса,deepholm,1193,mage,fire,22,15,7
Anshara,stormscale,1193,mage,fire,66,39,27
Shainax,dun-modr,1192,mage,fire,25,13,12
Cexxar,kazzak,1192,mage,fire,48,21,27
Sephron,malganis,1192,mage,fire,47,16,31
Азгас,soulflayer,1191,mage,fire,42,24,18
Фрайзо,gordunni,1188,mage,fire,85,38,47
Haelia,ysondre,1186,mage,fire,44,28,16
Zhazam,blades-edge,1185,mage,fire,42,19,23
Hargun,the-maelstrom,1184,mage,fire,48,17,31
Init,argent-dawn,1183,mage,fire,76,29,47
Bonto,tarren-mill,1182,mage,fire,52,23,29
Blasic,stormscale,1182,mage,fire,41,18,23
Mayoeba,twisting-nether,1181,mage,fire,39,22,17
Wapity,archimonde,1178,mage,fire,40,14,26
Athenå,dalaran,1176,mage,fire,48,21,27
Линклер,fordragon,1175,mage,fire,54,23,31
Blitzo,madmortem,1174,mage,fire,53,29,24
Севериан,gordunni,1172,mage,fire,48,23,25
Sam,outland,1170,mage,fire,23,13,10
Drunkpunk,kazzak,1169,mage,fire,85,49,36
Darkoftw,ysondre,1166,mage,fire,25,13,12
Dóncójones,blackrock,1166,mage,fire,113,51,62
Xânârchy,minahonda,1164,mage,fire,42,17,25
Nezousta,sinstralis,1159,mage,fire,36,17,19
Critzeklein,antonidas,1158,mage,fire,66,25,41
Soz,agamaggan,1151,mage,fire,18,12,6
Larah,les-clairvoyants,1151,mage,fire,30,13,17
Bzzr,tarren-mill,1150,mage,fire,18,12,6
Zøe,aggra-português,1150,mage,fire,18,12,6
Sheepthrillz,blackmoore,1150,mage,fire,18,12,6
Majinbo,doomhammer,1150,mage,fire,30,16,14
Kaki,stormscale,1150,mage,fire,36,19,17
Palpfiction,silvermoon,1150,mage,fire,24,12,12
Azulêera,archimonde,1149,mage,fire,24,12,12
Córgi,ravencrest,1149,mage,fire,24,12,12
Wizarð,archimonde,1147,mage,fire,35,14,21
Demensida,ravencrest,1145,mage,fire,28,13,15
Bamz,malganis,1144,mage,fire,24,12,12
Auzt,kazzak,1144,mage,fire,24,12,12
Taylorswîft,ragnaros,1143,mage,fire,18,12,6
Avakadaver,draenor,1143,mage,fire,24,12,12
Crackheads,hyjal,1141,mage,fire,24,12,12
Themagicguy,silvermoon,1140,mage,fire,24,12,12
Blinklolz,ysondre,1140,mage,fire,24,12,12
Skitsó,shadowsong,1139,mage,fire,48,29,19
Castaneda,hellfire,1138,mage,fire,121,69,52
Tessai,sargeras,1138,mage,fire,24,12,12
Мегумин,galakrond,1138,mage,fire,102,50,52
Camaeel,aegwynn,1138,mage,fire,29,14,15
Fäust,drakthul,1136,mage,fire,52,16,36
Gàtsby,outland,1132,mage,fire,36,12,24
Vurtnez,kazzak,1129,mage,fire,42,19,23
Babymagici,kazzak,1128,mage,fire,18,12,6
Leontus,outland,1128,mage,fire,24,14,10
Lanadorei,stormscale,1126,mage,fire,53,26,27
Warpx,aegwynn,1125,mage,fire,325,166,159
Rasputina,blackrock,1121,mage,fire,89,45,44
Ðjwåtermeløn,ravencrest,1119,mage,fire,23,12,11
Magicarno,kazzak,1118,mage,fire,54,22,32
Incenia,ravencrest,1117,mage,fire,35,14,21
Lybazinga,frostmane,1116,mage,fire,49,22,27
Дмблдр,soulflayer,1116,mage,fire,33,14,19
Frøze,twisting-nether,1113,mage,fire,111,53,58
Sippebób,laughing-skull,1112,mage,fire,28,13,15
Buuszek,outland,1109,mage,fire,53,28,25
Скиллао,gordunni,1109,mage,fire,59,28,31
Illiaria,antonidas,1108,mage,fire,66,30,36
Grep,stormscale,1102,mage,fire,60,19,41
Worstlove,blackrock,1099,mage,fire,44,23,21
Rmforever,archimonde,1096,mage,fire,88,46,42
Zedsdeadbaby,argent-dawn,1096,mage,fire,42,21,21
Focusnik,silvermoon,1095,mage,fire,23,12,11
Kalyipso,blackrock,1095,mage,fire,48,19,29
Xue,azshara,1093,mage,fire,17,12,5
Oiklo,eitrigg,1087,mage,fire,30,17,13
Fritmckhaine,archimonde,1084,mage,fire,66,35,31
Джелиона,gordunni,1083,mage,fire,22,12,10
Roberx,sanguino,1079,mage,fire,28,12,16
Gorleg,draenor,1072,mage,fire,47,17,30
Newtwo,ravencrest,1070,mage,fire,25,12,13
Магниффика,blackscar,1070,mage,fire,42,20,22
Blazenaa,drakthul,1069,mage,fire,43,23,20
Xenodike,blackrock,1067,mage,fire,24,15,9
Piscialetto,nemesis,1065,mage,fire,76,32,44
Wushii,aggra-português,1060,mage,fire,25,12,13
Mirajânê,blackmoore,1059,mage,fire,28,12,16
Devilpain,zuluhed,1058,mage,fire,48,21,27
Monkeydmafia,blackrock,1056,mage,fire,12,11,1
Ilikesheep,blackmoore,1056,mage,fire,18,11,7
Mowns,ravencrest,1056,mage,fire,24,11,13
Kaeser,ravencrest,1055,mage,fire,18,11,7
Pævl,drakthul,1055,mage,fire,18,11,7
Джинетикс,deathguard,1054,mage,fire,18,11,7
Draquengar,tyrande,1054,mage,fire,18,11,7
Ference,tichondrius,1054,mage,fire,31,12,19
Zeddic,burning-legion,1053,mage,fire,154,73,81
Xianji,ragnaros,1053,mage,fire,24,11,13
Döom,chamber-of-aspects,1053,mage,fire,30,11,19
Мьёрэ,soulflayer,1052,mage,fire,30,15,15
Coken,trollbane,1052,mage,fire,24,11,13
Zerøsílgødx,antonidas,1051,mage,fire,21,12,9
Zisseron,frostmane,1051,mage,fire,66,20,46
Dibzz,sanguino,1048,mage,fire,18,11,7
Barspin,lightnings-blade,1047,mage,fire,18,11,7
Pablø,blackrock,1043,mage,fire,58,29,29
Laetitiah,archimonde,1042,mage,fire,26,11,15
Spader,argent-dawn,1040,mage,fire,30,12,18
Rõdokunohi,darksorrow,1039,mage,fire,46,18,28
Dyx,nemesis,1036,mage,fire,89,42,47
Dualin,sanguino,1034,mage,fire,57,24,33
Mohrgan,malorne,1031,mage,fire,32,11,21
Zymage,silvermoon,1030,mage,fire,33,12,21
Tóadette,die-aldor,1025,mage,fire,64,27,37
Iceorb,azshara,1024,mage,fire,36,11,25
Freezeballs,blackmoore,1017,mage,fire,37,12,25
Kilféfroid,ysondre,1005,mage,fire,25,12,13
Хээйлии,goldrinn,1001,mage,fire,30,15,15
Комонщик,howling-fjord,993,mage,fire,30,11,19
Icx,tarren-mill,989,mage,fire,120,61,59
Ayoubz,outland,988,mage,fire,22,11,11
Зубарол,gordunni,984,mage,fire,49,24,25
Máurus,antonidas,979,mage,fire,34,11,23
Lovesosa,malorne,977,mage,fire,45,21,24
Zyreanx,blackrock,976,mage,fire,19,11,8
Halbattar,garona,973,mage,fire,52,26,26
Aurelius,kargath,971,mage,fire,19,11,8
Plazem,argent-dawn,971,mage,fire,54,20,34
Vêganêr,blackmoore,965,mage,fire,65,37,28
Freezandrun,tarren-mill,962,mage,fire,71,35,36
Reeceburton,stormscale,960,mage,fire,12,10,2
Aletheía,stormscale,960,mage,fire,12,10,2
Sukmikok,twisting-nether,960,mage,fire,12,10,2
Benzol,eredar,960,mage,fire,18,10,8
Meisterg,frostwolf,960,mage,fire,18,10,8
Questgrills,kazzak,959,mage,fire,18,10,8
Ncs,hellfire,959,mage,fire,18,10,8
Drè,daggerspine,959,mage,fire,18,10,8
Tfmchamp,ravencrest,959,mage,fire,18,10,8
Chareyla,argent-dawn,959,mage,fire,18,10,8
Cilaa,silvermoon,959,mage,fire,18,10,8
Lazuly,blackhand,959,mage,fire,99,42,57
Choccookies,lordaeron,959,mage,fire,27,11,16
Ахиригиз,gordunni,958,mage,fire,18,10,8
Rambau,archimonde,958,mage,fire,18,10,8
Слизерин,gordunni,958,mage,fire,24,10,14
Yåsmine,outland,958,mage,fire,24,10,14
Нехай,ashenvale,957,mage,fire,24,10,14
Hotafazz,ravencrest,956,mage,fire,18,10,8
Ãzi,ravencrest,956,mage,fire,18,10,8
Slite,nazjatar,955,mage,fire,12,10,2
Ямм,blackscar,955,mage,fire,18,10,8
Troldejan,stormscale,955,mage,fire,18,10,8
Anagramix,silvermoon,955,mage,fire,21,10,11
Mìsaki,hellscream,955,mage,fire,24,10,14
Shìnra,ravencrest,955,mage,fire,24,10,14
Internals,tarren-mill,955,mage,fire,24,10,14
Trenpapi,twisting-nether,955,mage,fire,24,10,14
Jambonpistol,archimonde,954,mage,fire,18,10,8
Arandartis,kazzak,954,mage,fire,18,10,8
Дырявка,galakrond,953,mage,fire,34,12,22
Firen,thrall,952,mage,fire,24,13,11
Benihimé,doomhammer,952,mage,fire,24,10,14
Çana,thrall,952,mage,fire,30,10,20
Shealá,blackhand,951,mage,fire,24,10,14
Firewitch,blackhand,950,mage,fire,24,10,14
Boumayé,archimonde,949,mage,fire,24,10,14
Cräzÿfrøst,archimonde,949,mage,fire,24,10,14
Hopewell,aszune,949,mage,fire,30,10,20
Dmme,dun-morogh,944,mage,fire,30,10,20
Khalkazzar,darkspear,943,mage,fire,30,10,20
Hiimlynx,sylvanas,942,mage,fire,17,10,7
Mässîvècøx,ragnaros,940,mage,fire,23,10,13
Iwannakissu,gorgonnash,938,mage,fire,23,12,11
Кельтаз,soulflayer,932,mage,fire,30,15,15
Nécrømage,confrérie-du-thorium,926,mage,fire,17,10,7
Häddës,archimonde,925,mage,fire,24,14,10
Pyro,daggerspine,924,mage,fire,60,32,28
Непоняли,gordunni,920,mage,fire,56,18,38
Netherstorm,chogall,917,mage,fire,102,49,53
Gûl,kazzak,908,mage,fire,52,11,41
Texhex,ahnqiraj,905,mage,fire,42,11,31
Nakamura,outland,901,mage,fire,26,11,15
Laviathan,die-aldor,896,mage,fire,24,13,11
Slíps,silvermoon,896,mage,fire,33,11,22
Nåzmyz,outland,891,mage,fire,23,10,13
Malicä,ravencrest,887,mage,fire,84,37,47
Vantimere,twisting-nether,886,mage,fire,31,11,20
Jæel,archimonde,881,mage,fire,102,36,66
Smî,aegwynn,875,mage,fire,48,24,24
Gavno,ravencrest,864,mage,fire,12,9,3
Magebraín,ravencrest,864,mage,fire,12,9,3
Twizzax,silvermoon,864,mage,fire,12,9,3
Kiey,silvermoon,864,mage,fire,12,9,3
Dastion,sylvanas,864,mage,fire,12,9,3
Mmrlancer,blackmoore,864,mage,fire,12,9,3
Elysiar,kazzak,864,mage,fire,12,9,3
Magerocks,ragnaros,864,mage,fire,12,9,3
Gadeplan,sylvanas,864,mage,fire,18,9,9
Träshxd,sanguino,864,mage,fire,18,9,9
Símple,sylvanas,864,mage,fire,18,9,9
Drfeeldgoodd,mazrigos,864,mage,fire,18,9,9
Tills,kargath,864,mage,fire,18,9,9
Sidek,sylvanas,864,mage,fire,18,9,9
Razx,stormscale,864,mage,fire,24,9,15
Nihilum,dalaran,864,mage,fire,24,9,15
Smíte,kazzak,863,mage,fire,12,9,3
Tagrine,kaelthas,863,mage,fire,12,9,3
Katzron,twisting-nether,863,mage,fire,18,9,9
Pelsky,zenedar,863,mage,fire,18,9,9
Feath,ravencrest,863,mage,fire,18,9,9
Frostyflakés,stormscale,863,mage,fire,18,9,9
Vixis,dalaran,863,mage,fire,18,9,9
Инкрионити,gordunni,863,mage,fire,18,9,9
Idron,dunemaul,863,mage,fire,24,9,15
Spellhaze,outland,863,mage,fire,24,9,15
Cesirys,silvermoon,862,mage,fire,12,9,3
Ronnyraggare,silvermoon,862,mage,fire,18,9,9
Ardu,burning-legion,862,mage,fire,18,9,9
Magechonk,kazzak,862,mage,fire,24,9,15
Феновар,goldrinn,862,mage,fire,24,9,15
Hokuspokicus,ravencrest,862,mage,fire,24,9,15
Bloodymage,zenedar,861,mage,fire,18,9,9
Abocajarro,dun-modr,861,mage,fire,18,9,9
Sszz,ravencrest,861,mage,fire,24,9,15
Reeroll,arthas,860,mage,fire,30,9,21
Чоуза,gordunni,858,mage,fire,24,9,15
Неуклюжый,soulflayer,858,mage,fire,24,9,15
Magyxk,blackmoore,857,mage,fire,12,9,3
Drewna,silvermoon,856,mage,fire,16,10,6
Santoz,blackrock,850,mage,fire,208,102,106
Bigbazzabean,silvermoon,849,mage,fire,42,17,25
Sagregas,silvermoon,848,mage,fire,123,56,67
Ofeu,archimonde,845,mage,fire,29,9,20
Nagano,deathwing,827,mage,fire,23,9,14
Veveroiu,defias-brotherhood,822,mage,fire,51,22,29
Løxyy,ysondre,793,mage,fire,36,12,24
Kyani,mannoroth,787,mage,fire,28,9,19
Baconlife,tarren-mill,775,mage,fire,11,9,2
Haileigh,tarren-mill,774,mage,fire,58,15,43
Lestrangé,azjolnerub,768,mage,fire,12,8,4
Wilhélm,twisting-nether,768,mage,fire,12,8,4
Stockfísh,ravencrest,768,mage,fire,12,8,4
Sölø,stormscale,768,mage,fire,12,8,4
Spellonfire,ravencrest,768,mage,fire,12,8,4
Apollohouse,ravencrest,768,mage,fire,12,8,4
Xläderz,ravencrest,768,mage,fire,12,8,4
Dardíe,ravencrest,768,mage,fire,12,8,4
Soulraider,tarren-mill,768,mage,fire,12,8,4
Matsuratkø,nemesis,768,mage,fire,12,8,4
Panikdoktor,silvermoon,768,mage,fire,12,8,4
Mlodysimba,burning-legion,768,mage,fire,12,8,4
Seshlad,stormscale,768,mage,fire,12,8,4
Misay,outland,768,mage,fire,18,8,10
Dalaras,archimonde,768,mage,fire,18,8,10
Zelimeth,outland,768,mage,fire,18,8,10
Airo,drakthul,768,mage,fire,24,8,16
Mðj,kazzak,768,mage,fire,24,8,16
Чиллмен,ashenvale,767,mage,fire,12,8,4
Génociidz,archimonde,767,mage,fire,12,8,4
Sinanspappa,argent-dawn,767,mage,fire,12,8,4
Coldwanderer,kazzak,767,mage,fire,18,8,10
Codeincassie,blackhand,767,mage,fire,18,8,10
Sapien,sanguino,767,mage,fire,18,8,10
Alyraza,chamber-of-aspects,767,mage,fire,18,8,10
Suma,archimonde,767,mage,fire,18,8,10
Frostfettlol,onyxia,767,mage,fire,18,8,10
Dynamica,ravencrest,767,mage,fire,18,8,10
Люртакз,gordunni,767,mage,fire,18,8,10
Testzerodeux,archimonde,767,mage,fire,18,8,10
Inaruy,hyjal,767,mage,fire,18,8,10
Elreas,blackmoore,767,mage,fire,18,8,10
Эммилиарда,gordunni,767,mage,fire,18,8,10
Grailandia,uldum,767,mage,fire,18,8,10
Вендайса,soulflayer,767,mage,fire,18,8,10
Ephai,tarren-mill,767,mage,fire,18,8,10
Takiix,antonidas,766,mage,fire,12,8,4
Пирабластер,gordunni,766,mage,fire,18,8,10
Schøkø,eredar,766,mage,fire,24,8,16
Copiüm,kazzak,765,mage,fire,18,8,10
Illurya,aegwynn,765,mage,fire,18,8,10
Ølórin,silvermoon,765,mage,fire,60,16,44
Metaboi,ragnaros,764,mage,fire,18,8,10
Solarian,nemesis,764,mage,fire,18,8,10
Exxylia,aegwynn,763,mage,fire,18,8,10
Xèrec,ysondre,763,mage,fire,18,8,10
Anghim,tarren-mill,762,mage,fire,12,8,4
Iamslow,sylvanas,762,mage,fire,12,8,4
Kebkhadar,ravencrest,761,mage,fire,24,8,16
Elterion,sylvanas,760,mage,fire,24,8,16
Mogettemagic,ysondre,760,mage,fire,33,9,24
Arcadua,sanguino,758,mage,fire,12,8,4
Фиеран,grom,747,mage,fire,26,10,16
Kalyypso,arygos,735,mage,fire,16,9,7
Mitchmage,ravencrest,732,mage,fire,17,8,9
Hidrax,outland,732,mage,fire,22,8,14
Mercem,stormscale,719,mage,fire,11,8,3
Bjay,hyjal,719,mage,fire,17,8,9
Monfisback,archimonde,703,mage,fire,11,8,3
Genviedgiclé,arathi,703,mage,fire,17,8,9
Сенсемилия,soulflayer,702,mage,fire,20,8,12
Vallas,drakthul,688,mage,fire,13,8,5
Lerdasza,exodar,686,mage,fire,27,8,19
Тудысюдым,eversong,684,mage,fire,19,8,11
Pàntera,blackmoore,683,mage,fire,31,8,23
Magicspark,madmortem,674,mage,fire,87,39,48
Pyllymake,kazzak,672,mage,fire,12,7,5
Euklid,ravencrest,672,mage,fire,12,7,5
Tirenia,bloodfeather,672,mage,fire,12,7,5
Fckkicks,thrall,672,mage,fire,12,7,5
Sainth,sanguino,672,mage,fire,12,7,5
Учительйода,ashenvale,672,mage,fire,12,7,5
Sykz,hyjal,672,mage,fire,12,7,5
Gnðmeonfire,sylvanas,672,mage,fire,12,7,5
Randommagexd,ravencrest,672,mage,fire,12,7,5
Кодимагх,gordunni,672,mage,fire,12,7,5
Mfnz,stormreaver,672,mage,fire,12,7,5
Coombuster,kazzak,672,mage,fire,12,7,5
Rotøk,burning-legion,672,mage,fire,12,7,5
Melíssa,silvermoon,672,mage,fire,12,7,5
Wizkhafury,ravencrest,672,mage,fire,12,7,5
Vizarden,stormscale,672,mage,fire,12,7,5
Pïeck,archimonde,672,mage,fire,12,7,5
Iconic,eredar,672,mage,fire,12,7,5
Mýthos,sanguino,672,mage,fire,12,7,5
Pyromaníac,blackrock,672,mage,fire,16,8,8
Wmp,ravencrest,672,mage,fire,18,7,11
Анзот,howling-fjord,672,mage,fire,18,7,11
Mangiafuoco,nemesis,672,mage,fire,18,7,11
Waan,sylvanas,672,mage,fire,18,7,11
Anaxtra,guldan,672,mage,fire,18,7,11
Uwutehe,ravencrest,671,mage,fire,12,7,5
Stønéy,outland,671,mage,fire,12,7,5
Azîlko,frostwolf,671,mage,fire,12,7,5
Sokardes,the-maelstrom,671,mage,fire,16,8,8
Hasslad,tarren-mill,671,mage,fire,18,7,11
Julieliphie,silvermoon,671,mage,fire,18,7,11
Kanjani,antonidas,671,mage,fire,22,8,14
Ceinxjk,ravencrest,670,mage,fire,12,7,5
Arhan,argent-dawn,670,mage,fire,12,7,5
Crackcocainx,blackrock,670,mage,fire,18,7,11
Sunlolly,terokkar,670,mage,fire,18,7,11
Awart,burning-legion,670,mage,fire,24,7,17
Жгумпель,howling-fjord,670,mage,fire,24,7,17
Vanah,the-maelstrom,669,mage,fire,12,7,5
Dzomage,kazzak,669,mage,fire,18,7,11
Damnlate,blackmoore,669,mage,fire,24,7,17
Tratuf,hyjal,668,mage,fire,18,7,11
Эпсиха,lich-king,668,mage,fire,18,7,11
Kaktuzze,antonidas,664,mage,fire,24,7,17
Houdiní,stormscale,658,mage,fire,18,7,11
Elypøde,ysondre,657,mage,fire,12,7,5
Ларавэл,blackscar,657,mage,fire,21,10,11
Vulcanx,stormscale,638,mage,fire,17,7,10
Eatmybarrage,ragnaros,638,mage,fire,17,7,10
ßåsåñ,archimonde,623,mage,fire,11,7,4
Goukakyu,ravencrest,618,mage,fire,11,7,4
Tigerblod,tarren-mill,618,mage,fire,16,8,8
Blueoid,ravencrest,617,mage,fire,19,8,11
Elcritadoré,ragnaros,617,mage,fire,20,8,12
Qusx,malganis,607,mage,fire,11,7,4
Mansnotbløck,ravencrest,607,mage,fire,11,7,4
Apcg,sylvanas,576,mage,fire,6,6,0
Medium,der-rat-von-dalaran,576,mage,fire,6,6,0
Kippercarry,outland,576,mage,fire,6,6,0
Paiz,tarren-mill,576,mage,fire,6,6,0
Linkxd,stormscale,576,mage,fire,6,6,0
Lmåo,ravencrest,576,mage,fire,6,6,0
Ózí,ravencrest,576,mage,fire,6,6,0
Frôstît,aegwynn,576,mage,fire,12,6,6
Tragìc,blackmoore,576,mage,fire,12,6,6
Qtpoof,sylvanas,576,mage,fire,12,6,6
Needforsheep,archimonde,576,mage,fire,12,6,6
Jengele,argent-dawn,576,mage,fire,12,6,6
Derchong,kazzak,576,mage,fire,12,6,6
Skylez,blackrock,576,mage,fire,12,6,6
Aelín,argent-dawn,576,mage,fire,12,6,6
Aarsengel,ravencrest,576,mage,fire,12,6,6
Blästz,hyjal,576,mage,fire,12,6,6
Мэджу,gordunni,576,mage,fire,12,6,6
Frostwaffles,draenor,576,mage,fire,12,6,6
Alterwhite,archimonde,576,mage,fire,12,6,6
Macey,ravencrest,576,mage,fire,12,6,6
Naween,hyjal,576,mage,fire,12,6,6
Aurorax,ravencrest,576,mage,fire,12,6,6
Frostvirgin,twisting-nether,576,mage,fire,12,6,6
Johannlafer,ravencrest,576,mage,fire,12,6,6
Santriss,defias-brotherhood,576,mage,fire,12,6,6
Facerollyo,tarren-mill,576,mage,fire,12,6,6
Tainted,eredar,576,mage,fire,12,6,6
Zaralarssòn,ravencrest,576,mage,fire,12,6,6
Canceled,kazzak,576,mage,fire,12,6,6
Azraiël,burning-legion,576,mage,fire,12,6,6
Lovësosa,hyjal,576,mage,fire,16,7,9
Ohateyz,burning-legion,576,mage,fire,18,6,12
Qwibbly,kazzak,576,mage,fire,18,6,12
Gunglefutz,the-maelstrom,576,mage,fire,18,6,12
Ënjaz,sylvanas,576,mage,fire,18,6,12
Nötmârtònxø,ragnaros,576,mage,fire,18,6,12
Svalbard,ragnaros,576,mage,fire,18,6,12
Levora,ragnaros,575,mage,fire,12,6,6
Gavra,ravencrest,575,mage,fire,12,6,6
Onlymage,ravencrest,575,mage,fire,12,6,6
Kitchimage,ravencrest,575,mage,fire,12,6,6
Sickles,thrall,575,mage,fire,12,6,6
Umaguma,elune,575,mage,fire,18,6,12
Choons,twisting-nether,575,mage,fire,18,6,12
Arhi,silvermoon,575,mage,fire,18,6,12
Cuishle,kaelthas,575,mage,fire,18,6,12
Lifymage,sylvanas,575,mage,fire,18,6,12
Saturator,burning-legion,575,mage,fire,18,6,12
Flammiwa,confrérie-du-thorium,575,mage,fire,18,6,12
Lupuus,anubarak,575,mage,fire,24,6,18
Explosìve,arthas,574,mage,fire,12,6,6
Йяу,howling-fjord,574,mage,fire,18,6,12
Shâykó,sylvanas,573,mage,fire,12,6,6
Поймайбелку,booty-bay,572,mage,fire,12,6,6
Melimar,khaz-modan,572,mage,fire,12,6,6
Труупоед,borean-tundra,571,mage,fire,12,6,6
Evrem,karazhan,566,mage,fire,12,6,6
Mirlan,malganis,543,mage,fire,8,7,1
Гунмаказ,gordunni,543,mage,fire,10,7,3
Ярелия,soulflayer,542,mage,fire,16,6,10
Nâmiz,blackrock,528,mage,fire,9,6,3
Мэдраша,gordunni,527,mage,fire,23,6,17
Zeklo,frostmane,521,mage,fire,20,7,13
Dárdie,ravencrest,512,mage,fire,10,6,4
Магуччи,gordunni,480,mage,fire,6,5,1
Ицка,fordragon,480,mage,fire,6,5,1
Omegadrill,frostmane,480,mage,fire,6,5,1
Helloimgone,blackmoore,480,mage,fire,6,5,1
Полеморв,soulflayer,480,mage,fire,6,5,1
Acidboltz,kazzak,480,mage,fire,6,5,1
Coldikay,archimonde,480,mage,fire,6,5,1
Xigore,blackrock,480,mage,fire,6,5,1
Jél,stormscale,480,mage,fire,6,5,1
Tenetic,thrall,480,mage,fire,6,5,1
Oriliana,azjolnerub,480,mage,fire,6,5,1
Arýà,blackmoore,480,mage,fire,6,5,1
Dastion,ravencrest,480,mage,fire,6,5,1
Yoku,nethersturm,480,mage,fire,6,5,1
Jarim,alleria,480,mage,fire,9,6,3
Jääpuikko,grim-batol,480,mage,fire,12,5,7
Runbabyrun,hyjal,480,mage,fire,12,5,7
Хаскивсказке,gordunni,480,mage,fire,12,5,7
Cerewyn,ravencrest,480,mage,fire,12,5,7
Artikotchoin,archimonde,480,mage,fire,12,5,7
Mansnotblock,antonidas,480,mage,fire,12,5,7
Teeclis,twisting-nether,480,mage,fire,12,5,7
Onemanrave,ravencrest,480,mage,fire,12,5,7
Cammly,drakthul,480,mage,fire,12,5,7
Пиньон,borean-tundra,480,mage,fire,12,5,7
Ovrhà,kazzak,480,mage,fire,12,5,7
Ascik,dalaran,480,mage,fire,12,5,7
ßigzok,kazzak,480,mage,fire,12,5,7
Zorw,aggra-português,480,mage,fire,12,5,7
Sused,outland,480,mage,fire,12,5,7
Shifteurprõ,hyjal,480,mage,fire,12,5,7
Sheepwithmeh,blackrock,480,mage,fire,12,5,7
Gpye,archimonde,480,mage,fire,12,5,7
Lenzalol,nemesis,480,mage,fire,12,5,7
Palyd,the-maelstrom,480,mage,fire,12,5,7
Iceterror,ravencrest,480,mage,fire,12,5,7
Arcandor,tarren-mill,480,mage,fire,12,5,7
Banjó,twilights-hammer,480,mage,fire,12,5,7
Mobjar,twisting-nether,480,mage,fire,12,5,7
Cheeku,outland,480,mage,fire,12,5,7
Srema,thrall,480,mage,fire,12,5,7
Flamya,stormscale,480,mage,fire,12,5,7
Шарансул,soulflayer,480,mage,fire,12,5,7
Cleancc,blackhand,480,mage,fire,12,5,7
Quincy,frostwolf,480,mage,fire,12,5,7
Kúmblåstgødx,archimonde,480,mage,fire,12,5,7
Namemage,stormscale,480,mage,fire,12,5,7
Dampgame,twisting-nether,480,mage,fire,12,5,7
Petepan,argent-dawn,480,mage,fire,12,5,7
Polÿmorph,stormscale,480,mage,fire,12,5,7
Kaevelin,argent-dawn,480,mage,fire,12,5,7
Ccoco,anetheron,480,mage,fire,18,6,12
Infamage,draenor,480,mage,fire,18,5,13
Исполлин,howling-fjord,480,mage,fire,18,5,13
Halfanapple,the-maelstrom,480,mage,fire,18,5,13
Jimcarey,sylvanas,479,mage,fire,12,5,7
Roythelan,steamwheedle-cartel,479,mage,fire,12,5,7
Incendi,ravencrest,479,mage,fire,18,5,13
Heleng,draenor,479,mage,fire,18,5,13
Beardmorph,auchindoun,479,mage,fire,18,5,13
Bhalïn,dun-modr,479,mage,fire,36,5,31
Oneal,the-maelstrom,478,mage,fire,12,5,7
Tarryxa,kazzak,478,mage,fire,24,5,19
Exorifrigo,dun-modr,477,mage,fire,22,5,17
Arcáge,azjolnerub,476,mage,fire,12,5,7
Eldiablo,dun-modr,476,mage,fire,12,5,7
Нубарь,thermaplugg,473,mage,fire,12,5,7
Draenaya,forscherliga,473,mage,fire,21,6,15
Begra,silvermoon,472,mage,fire,12,5,7
Nabucor,culte-de-la-rive-noire,468,mage,fire,31,6,25
Rosady,ragnaros,457,mage,fire,13,7,6
Mimicassa,defias-brotherhood,451,mage,fire,34,17,17
Ассих,soulflayer,431,mage,fire,18,5,13
Jondahr,emerald-dream,416,mage,fire,16,5,11
Сморгонец,gordunni,412,mage,fire,14,5,9
Botbotamba,hyjal,384,mage,fire,6,4,2
Stabmagey,twisting-nether,384,mage,fire,6,4,2
Naote,blackhand,384,mage,fire,6,4,2
Nellý,stormreaver,384,mage,fire,6,4,2
Dsmoke,ravencrest,384,mage,fire,6,4,2
Aylamo,outland,384,mage,fire,6,4,2
Pstkstpst,ravencrest,384,mage,fire,6,4,2
Shiftea,argent-dawn,384,mage,fire,6,4,2
Necizbored,tarren-mill,384,mage,fire,6,4,2
Machydapha,outland,384,mage,fire,6,4,2
Yenneferr,magtheridon,384,mage,fire,6,4,2
Szusigombóc,ragnaros,384,mage,fire,6,4,2
Highrollerqt,tarren-mill,384,mage,fire,6,4,2
Litshatter,ravencrest,384,mage,fire,6,4,2
Aern,sinstralis,384,mage,fire,6,4,2
Farmassist,stormscale,384,mage,fire,6,4,2
Bazemage,twisting-nether,384,mage,fire,6,4,2
Praison,defias-brotherhood,384,mage,fire,6,4,2
Khronic,darksorrow,384,mage,fire,6,4,2
Fkndog,ravencrest,384,mage,fire,6,4,2
Stíckí,malganis,384,mage,fire,6,4,2
Bergillos,sanguino,384,mage,fire,6,4,2
Brãein,uldaman,384,mage,fire,6,4,2
Waterhagx,tarren-mill,384,mage,fire,6,4,2
Curran,ravencrest,384,mage,fire,6,4,2
Shyasianmage,area-52,384,mage,fire,6,4,2
Proffset,ravencrest,384,mage,fire,6,4,2
Vorst,shattered-hand,384,mage,fire,6,4,2
Nelway,hyjal,384,mage,fire,6,4,2
Esculapìo,nemesis,384,mage,fire,6,4,2
Kkohp,ravencrest,384,mage,fire,6,4,2
Barzle,blackmoore,384,mage,fire,6,4,2
Xsro,blackrock,384,mage,fire,6,4,2
Whìtewalker,pozzo-delleternità,384,mage,fire,6,4,2
Pavlé,draenor,384,mage,fire,6,4,2
Pogböss,malorne,384,mage,fire,6,4,2
Tarporion,culte-de-la-rive-noire,384,mage,fire,6,4,2
Tadaa,blackmoore,384,mage,fire,6,4,2
Blinker,frostwhisper,384,mage,fire,6,4,2
Âres,kargath,384,mage,fire,6,4,2
Njl,blackmoore,384,mage,fire,6,4,2
Gennésïs,darksorrow,384,mage,fire,6,4,2
Jínró,draenor,384,mage,fire,6,4,2
Mnday,ravencrest,384,mage,fire,6,4,2
Гандолъер,soulflayer,384,mage,fire,6,4,2
Wopi,sylvanas,384,mage,fire,6,4,2
Doryy,silvermoon,384,mage,fire,6,4,2
Ovrpwrdxd,kazzak,384,mage,fire,6,4,2
Eìnì,kazzak,384,mage,fire,6,4,2
Chièlui,silvermoon,384,mage,fire,6,4,2
Saryotheone,silvermoon,384,mage,fire,6,4,2
Смоукиайс,blackscar,384,mage,fire,6,4,2
Garbedge,silvermoon,384,mage,fire,6,4,2
Kenjablejz,the-maelstrom,384,mage,fire,6,4,2
Cyser,kazzak,384,mage,fire,6,4,2
Интродюс,soulflayer,384,mage,fire,6,4,2
Henqo,burning-legion,384,mage,fire,15,5,10
Викликс,borean-tundra,384,mage,fire,12,4,8
Pølåris,outland,384,mage,fire,12,4,8
Флоррет,gordunni,384,mage,fire,12,4,8
Аркагос,gordunni,384,mage,fire,12,4,8
Kisik,die-ewige-wacht,384,mage,fire,12,4,8
Раканчик,gordunni,384,mage,fire,12,4,8
Øtemplmag,dun-modr,384,mage,fire,12,4,8
Aarcheon,kazzak,384,mage,fire,12,4,8
Popbg,outland,384,mage,fire,12,4,8
Деорро,gordunni,384,mage,fire,12,4,8
Yennéfér,outland,384,mage,fire,12,4,8
Дантрий,gordunni,384,mage,fire,12,4,8
Мелми,howling-fjord,384,mage,fire,12,4,8
Гелиадо,soulflayer,384,mage,fire,12,4,8
Néiloth,frostmane,384,mage,fire,12,4,8
Muchmage,silvermoon,384,mage,fire,12,4,8
Bananabread,the-maelstrom,384,mage,fire,12,4,8
Glacìal,ravencrest,384,mage,fire,12,4,8
Khadgia,argent-dawn,384,mage,fire,12,4,8
Redsparrow,frostwolf,384,mage,fire,12,4,8
Nelfpanda,ravencrest,384,mage,fire,12,4,8
Magicshow,arathor,384,mage,fire,12,4,8
Exael,ravencrest,384,mage,fire,12,4,8
Warfio,garona,384,mage,fire,12,4,8
Procahontas,ravencrest,384,mage,fire,12,4,8
Kazeen,silvermoon,384,mage,fire,12,4,8
Bænoß,ravencrest,384,mage,fire,12,4,8
Rooven,aegwynn,384,mage,fire,12,4,8
Feuern,antonidas,384,mage,fire,12,4,8
Diji,the-maelstrom,384,mage,fire,12,4,8
Pipihu,silvermoon,384,mage,fire,12,4,8
Арканмета,howling-fjord,384,mage,fire,18,4,14
Drgyo,blackrock,384,mage,fire,18,4,14
Djblink,twisting-nether,384,mage,fire,18,4,14
Reapor,draenor,384,mage,fire,18,4,14
Lusionator,defias-brotherhood,384,mage,fire,18,4,14
Swansea,emeriss,384,mage,fire,20,4,16
Timbaa,veklor,383,mage,fire,6,4,2
Birdlort,draenor,383,mage,fire,6,4,2
Unhedged,eredar,383,mage,fire,12,4,8
Ildrøv,stormscale,383,mage,fire,12,4,8
Мэджиксул,grom,383,mage,fire,12,4,8
Bambaga,kazzak,382,mage,fire,6,4,2
Chroniikk,hyjal,381,mage,fire,12,4,8
Chimará,eredar,367,mage,fire,17,4,13
Stillfrostin,blackrock,352,mage,fire,10,4,6
Lusifera,outland,336,mage,fire,9,4,5
Niivel,ysondre,336,mage,fire,15,4,11
Fkeverybody,ravencrest,330,mage,fire,8,5,3
Nebbur,dun-modr,330,mage,fire,9,5,4
Anev,sylvanas,330,mage,fire,11,5,6
Frostspree,wildhammer,319,mage,fire,5,4,1
Doidadetanga,aggra-português,319,mage,fire,9,4,5
Hasbe,kazzak,288,mage,fire,6,3,3
Sylênna,kazzak,288,mage,fire,6,3,3
Gôodgame,frostmane,288,mage,fire,6,3,3
Zheakz,kazzak,288,mage,fire,6,3,3
Sonybonanza,kazzak,288,mage,fire,6,3,3
Malanti,grim-batol,288,mage,fire,6,3,3
Xlarb,kazzak,288,mage,fire,6,3,3
Mága,grim-batol,288,mage,fire,6,3,3
Ghylias,kazzak,288,mage,fire,6,3,3
Onlymage,outland,288,mage,fire,6,3,3
Kryptass,aegwynn,288,mage,fire,6,3,3
Rmage,kazzak,288,mage,fire,6,3,3
Îcecube,blackhand,288,mage,fire,6,3,3
Kèj,kazzak,288,mage,fire,6,3,3
Snexo,kazzak,288,mage,fire,6,3,3
Ozdewish,hyjal,288,mage,fire,6,3,3
Inyøurassx,hyjal,288,mage,fire,6,3,3
Manafuzz,outland,288,mage,fire,6,3,3
Abovè,outland,288,mage,fire,6,3,3
Saucise,hyjal,288,mage,fire,6,3,3
Сизаам,howling-fjord,288,mage,fire,6,3,3
Êgôn,perenolde,288,mage,fire,6,3,3
Lëyra,ysondre,288,mage,fire,6,3,3
Merlindo,outland,288,mage,fire,6,3,3
Fuchso,area-52,288,mage,fire,6,3,3
Frozonë,draenor,288,mage,fire,6,3,3
Discast,anetheron,288,mage,fire,6,3,3
Driana,dragonmaw,288,mage,fire,6,3,3
Zaruna,arathor,288,mage,fire,6,3,3
Даатхедра,booty-bay,288,mage,fire,6,3,3
Ccxz,draenor,288,mage,fire,6,3,3
Wracrz,argent-dawn,288,mage,fire,6,3,3
Avizura,argent-dawn,288,mage,fire,6,3,3
Kaizeri,draenor,288,mage,fire,6,3,3
Makez,draenor,288,mage,fire,6,3,3
Aûrûm,silvermoon,288,mage,fire,6,3,3
Ørka,stormscale,288,mage,fire,6,3,3
Alearis,die-aldor,288,mage,fire,6,3,3
Guilty,naxxramas,288,mage,fire,6,3,3
Kebabenjoyer,ravencrest,288,mage,fire,6,3,3
Clitch,blutkessel,288,mage,fire,6,3,3
Serclulz,ravencrest,288,mage,fire,6,3,3
Fötmslävé,tarren-mill,288,mage,fire,6,3,3
Freelegend,ravencrest,288,mage,fire,6,3,3
Calyppo,sanguino,288,mage,fire,6,3,3
Adetin,tarren-mill,288,mage,fire,6,3,3
Shermî,blackrock,288,mage,fire,6,3,3
Shinigamí,blackrock,288,mage,fire,6,3,3
Kàtsu,tarren-mill,288,mage,fire,6,3,3
Darkseidez,alonsus,288,mage,fire,6,3,3
Narexa,silvermoon,288,mage,fire,6,3,3
Bràndy,twisting-nether,288,mage,fire,6,3,3
Matroze,sylvanas,288,mage,fire,6,3,3
Fleurdelacur,ravencrest,288,mage,fire,6,3,3
Texita,sylvanas,288,mage,fire,6,3,3
Feuertonne,blackmoore,288,mage,fire,6,3,3
Dollzer,khaz-modan,288,mage,fire,6,3,3
Zenó,blackrock,288,mage,fire,6,3,3
Valimage,twisting-nether,288,mage,fire,6,3,3
Trowbe,blackmoore,288,mage,fire,6,3,3
Burnchildren,burning-steppes,288,mage,fire,6,3,3
Coachrmp,ravencrest,288,mage,fire,6,3,3
Sleîhg,sanguino,288,mage,fire,6,3,3
Botstyle,ravencrest,288,mage,fire,6,3,3
Glindalefay,silvermoon,288,mage,fire,6,3,3
Balderk,sanguino,288,mage,fire,6,3,3
Макотшельник,gordunni,288,mage,fire,6,3,3
Zehnvonzehn,antonidas,288,mage,fire,6,3,3
Salvadordalí,ravencrest,288,mage,fire,6,3,3
Maveya,blackmoore,288,mage,fire,6,3,3
Jamesbang,blackmoore,288,mage,fire,6,3,3
Modrone,ragnaros,288,mage,fire,6,3,3
Elor,eredar,288,mage,fire,6,3,3
Frøstdream,dun-modr,288,mage,fire,6,3,3
Hansknechtt,frostwolf,288,mage,fire,6,3,3
Хаппер,deathguard,288,mage,fire,6,3,3
Kokirii,doomhammer,288,mage,fire,6,3,3
Deadmagix,ravencrest,288,mage,fire,6,3,3
Anthyria,blackmoore,288,mage,fire,6,3,3
Capphaow,ravencrest,288,mage,fire,6,3,3
Couñterspell,eredar,288,mage,fire,6,3,3
Ignyx,ragnaros,288,mage,fire,6,3,3
Tildetbfa,antonidas,288,mage,fire,6,3,3
Trxkxx,ragnaros,288,mage,fire,6,3,3
Mylanq,ragnaros,288,mage,fire,6,3,3
Sqwiz,outland,288,mage,fire,10,3,7
Saivedija,blackmoore,288,mage,fire,12,3,9
Frökenfrost,stormscale,288,mage,fire,12,3,9
Magibeck,ravencrest,288,mage,fire,12,3,9
Kamatschu,blackrock,288,mage,fire,12,3,9
Timeforplanb,frostwolf,288,mage,fire,12,3,9
Juicedup,blackrock,288,mage,fire,12,3,9
Lenka,ravencrest,288,mage,fire,12,3,9
Dbshèépgôdx,silvermoon,288,mage,fire,12,3,9
Shiiron,blackrock,288,mage,fire,12,3,9
Tsubas,blackmoore,288,mage,fire,12,3,9
Oblív,ravencrest,288,mage,fire,12,3,9
Иньфанта,deathguard,288,mage,fire,12,3,9
Milton,dunemaul,288,mage,fire,12,3,9
Megart,stormscale,288,mage,fire,12,3,9
Овеча,gordunni,288,mage,fire,12,3,9
Шишиня,gordunni,288,mage,fire,12,3,9
Pixlld,aegwynn,288,mage,fire,12,3,9
Кешунчик,soulflayer,288,mage,fire,12,3,9
Lëfay,argent-dawn,288,mage,fire,12,3,9
Rasaku,argent-dawn,288,mage,fire,12,3,9
Aylan,kazzak,288,mage,fire,12,3,9
Poochmage,archimonde,288,mage,fire,12,3,9
Suidas,auchindoun,288,mage,fire,12,3,9
Хадя,blackscar,287,mage,fire,6,3,3
Maaleki,dalaran,287,mage,fire,6,3,3
Magimikey,tarren-mill,287,mage,fire,6,3,3
Rosenkrauz,kul-tiras,287,mage,fire,6,3,3
Kyrox,ysondre,287,mage,fire,12,3,9
Ceanna,argent-dawn,287,mage,fire,12,3,9
Bulma,khaz-modan,286,mage,fire,6,3,3
Regenn,kazzak,286,mage,fire,6,3,3
Ionofrost,stormscale,272,mage,fire,7,5,2
Венлич,gordunni,271,mage,fire,9,4,5
Zadnik,tarren-mill,266,mage,fire,14,5,9
Mostevilgirl,blackhand,265,mage,fire,13,5,8
Alarak,drakthul,256,mage,fire,10,3,7
Oreog,ravencrest,240,mage,fire,15,3,12
Novalia,wrathbringer,239,mage,fire,5,3,2
Khalix,blackmoore,239,mage,fire,5,3,2
Søphiâ,thrall,234,mage,fire,10,4,6
Jobarttrach,les-clairvoyants,233,mage,fire,24,5,19
Worstwòrld,draenor,208,mage,fire,7,3,4
Quínt,blackhand,192,mage,fire,6,2,4
Purrpl,twisting-nether,192,mage,fire,6,2,4
Festers,kazzak,192,mage,fire,6,2,4
Summermàge,ravencrest,192,mage,fire,6,2,4
ßalca,twisting-nether,192,mage,fire,6,2,4
Candyløve,ravencrest,192,mage,fire,6,2,4
Milminmage,ravencrest,192,mage,fire,6,2,4
Belthesad,twisting-nether,192,mage,fire,6,2,4
Blinkblank,ravencrest,192,mage,fire,6,2,4
Димаскунфу,howling-fjord,192,mage,fire,6,2,4
Faitha,ravencrest,192,mage,fire,6,2,4
Zerobelow,silvermoon,192,mage,fire,6,2,4
Zeusmon,ragnaros,192,mage,fire,6,2,4
Szarbán,ragnaros,192,mage,fire,6,2,4
Skyliné,ravencrest,192,mage,fire,6,2,4
Leafløver,ravencrest,192,mage,fire,6,2,4
Deadsmells,ragnaros,192,mage,fire,6,2,4
Kairøs,dragonblight,192,mage,fire,6,2,4
Компромис,howling-fjord,192,mage,fire,6,2,4
Lonero,antonidas,192,mage,fire,6,2,4
Колинас,soulflayer,192,mage,fire,6,2,4
Shédudé,silvermoon,192,mage,fire,6,2,4
Skankengine,twisting-nether,192,mage,fire,6,2,4
Halcyón,ravencrest,192,mage,fire,6,2,4
Dríme,ravencrest,192,mage,fire,6,2,4
Krëkk,ragnaros,192,mage,fire,6,2,4
Transformo,draenor,192,mage,fire,6,2,4
Mahote,draenor,192,mage,fire,6,2,4
Nøxas,archimonde,192,mage,fire,6,2,4
Eksl,draenor,192,mage,fire,6,2,4
Yushinó,antonidas,192,mage,fire,6,2,4
Lindsaylohan,silvermoon,192,mage,fire,6,2,4
Khoshgele,draenor,192,mage,fire,6,2,4
Ezìl,nemesis,192,mage,fire,6,2,4
Jokiss,draenor,192,mage,fire,6,2,4
Hêra,archimonde,192,mage,fire,6,2,4
Letitsnow,ravencrest,192,mage,fire,6,2,4
Magewarr,stormscale,192,mage,fire,6,2,4
Nyíks,blackhand,192,mage,fire,6,2,4
Kenjos,silvermoon,192,mage,fire,6,2,4
Бигдикмаг,soulflayer,192,mage,fire,6,2,4
Femboywaifu,stormscale,192,mage,fire,6,2,4
Xùrg,stormscale,192,mage,fire,6,2,4
Ikefire,draenor,192,mage,fire,6,2,4
Majnoun,archimonde,192,mage,fire,6,2,4
Minae,stormscale,192,mage,fire,6,2,4
Audraptor,medivh,192,mage,fire,6,2,4
Ruhea,silvermoon,192,mage,fire,6,2,4
Deathzzaky,ravencrest,192,mage,fire,6,2,4
Gacosane,chamber-of-aspects,192,mage,fire,6,2,4
Decemba,kirin-tor,192,mage,fire,6,2,4
Ysari,ravencrest,192,mage,fire,6,2,4
Cytotoxic,emerald-dream,192,mage,fire,6,2,4
Vxvfrowstxvx,jaedenar,192,mage,fire,6,2,4
Magenox,blackrock,192,mage,fire,6,2,4
Lêgólás,blackmoore,192,mage,fire,6,2,4
Alberdoor,blackmoore,192,mage,fire,6,2,4
Wetx,kilrogg,192,mage,fire,6,2,4
Mupana,nagrand,192,mage,fire,6,2,4
Charwizard,outland,192,mage,fire,6,2,4
Puracz,defias-brotherhood,192,mage,fire,6,2,4
Ôbsury,hyjal,192,mage,fire,6,2,4
Maxik,outland,192,mage,fire,6,2,4
Интенса,gordunni,192,mage,fire,6,2,4
Кеото,gordunni,192,mage,fire,6,2,4
Nyskal,tarren-mill,192,mage,fire,6,2,4
Ghosty,festung-der-stürme,192,mage,fire,6,2,4
Thylren,argent-dawn,192,mage,fire,6,2,4
Robsn,blackrock,192,mage,fire,6,2,4
Izhi,arathor,192,mage,fire,6,2,4
Hurtinlo,dun-modr,192,mage,fire,6,2,4
Mathematik,outland,192,mage,fire,6,2,4
Decedé,dun-modr,192,mage,fire,6,2,4
Дарнивил,gordunni,192,mage,fire,6,2,4
Bannana,dun-modr,192,mage,fire,6,2,4
Akyrâz,blackrock,192,mage,fire,6,2,4
Dnt,twilights-hammer,192,mage,fire,6,2,4
Nolifér,magtheridon,192,mage,fire,6,2,4
Atzin,sanguino,192,mage,fire,6,2,4
Apc,sylvanas,192,mage,fire,6,2,4
Grìmmjow,tarren-mill,192,mage,fire,6,2,4
Cortis,outland,192,mage,fire,6,2,4
Fadbunny,outland,192,mage,fire,6,2,4
Дэката,grom,192,mage,fire,6,2,4
Blasty,guldan,192,mage,fire,6,2,4
Jjustice,outland,192,mage,fire,6,2,4
Solitaria,tarren-mill,192,mage,fire,6,2,4
Tudorthemage,xavius,192,mage,fire,6,2,4
Wortyvery,outland,192,mage,fire,6,2,4
Oizar,hyjal,192,mage,fire,6,2,4
Sickßlink,outland,192,mage,fire,6,2,4
Shyoxmage,rexxar,192,mage,fire,6,2,4
Magekaoz,sylvanas,192,mage,fire,6,2,4
Гнег,gordunni,192,mage,fire,6,2,4
Harpelmage,auchindoun,192,mage,fire,7,2,5
Firelight,argent-dawn,192,mage,fire,12,2,10
Xatures,tarren-mill,192,mage,fire,12,2,10
Лордбелиал,soulflayer,192,mage,fire,12,2,10
Хопкиллер,ashenvale,192,mage,fire,12,2,10
Çatàclysmík,kazzak,192,mage,fire,12,2,10
Bekkmzi,drakthul,192,mage,fire,12,2,10
Mesvef,archimonde,192,mage,fire,12,2,10
Buzzgnom,malfurion,192,mage,fire,12,2,10
Symbiano,twisting-nether,192,mage,fire,12,2,10
Stepsiss,magtheridon,192,mage,fire,12,2,10
Явернулси,soulflayer,192,mage,fire,12,2,10
Toxttr,drakthul,192,mage,fire,13,2,11
Kenny,nerzhul,192,mage,fire,18,2,16
Kirripirri,doomhammer,191,mage,fire,12,2,10
Mamacitá,ravencrest,175,mage,fire,11,2,9
Azegodxlul,kazzak,159,mage,fire,5,2,3
Magusbabus,ravencrest,159,mage,fire,5,2,3
Tahiti,twisting-nether,159,mage,fire,5,2,3
Gotone,tarren-mill,159,mage,fire,8,3,5
Doglordx,lightbringer,144,mage,fire,3,3,0
Xhal,hyjal,138,mage,fire,9,3,6
Bratnasty,neptulon,138,mage,fire,11,3,8
Xxi,gorgonnash,128,mage,fire,4,2,2
Burstology,kazzak,128,mage,fire,4,2,2
Rukiax,blackrock,128,mage,fire,4,2,2
Imnis,outland,112,mage,fire,7,2,5
Zagori,sylvanas,96,mage,fire,6,1,5
Фантомланс,howling-fjord,96,mage,fire,6,1,5
Варриморыч,soulflayer,96,mage,fire,6,1,5
Thoria,sylvanas,96,mage,fire,6,1,5
Boredpeon,burning-legion,96,mage,fire,6,1,5
Kaì,twisting-nether,96,mage,fire,6,1,5
Камаёри,howling-fjord,96,mage,fire,6,1,5
Caststuffatu,sylvanas,96,mage,fire,6,1,5
Nerzzhul,burning-legion,96,mage,fire,6,1,5
Procrank,forscherliga,96,mage,fire,6,1,5
Sunburstz,sylvanas,96,mage,fire,6,1,5
Kushuka,burning-legion,96,mage,fire,6,1,5
Anzzmage,kazzak,96,mage,fire,6,1,5
Laenadria,argent-dawn,96,mage,fire,6,1,5
Alexandra,turalyon,96,mage,fire,6,1,5
Arempy,tarren-mill,96,mage,fire,6,1,5
Masseman,sylvanas,96,mage,fire,6,1,5
Jeiqfogjioqs,archimonde,96,mage,fire,6,1,5
Hotpockets,die-aldor,96,mage,fire,6,1,5
Crankjuice,argent-dawn,96,mage,fire,6,1,5
Phenoxi,sylvanas,96,mage,fire,6,1,5
Kleisli,draenor,96,mage,fire,6,1,5
Пламяорды,soulflayer,96,mage,fire,6,1,5
Polilla,jaedenar,96,mage,fire,6,1,5
Zakardo,kazzak,96,mage,fire,6,1,5
Rbý,outland,96,mage,fire,6,1,5
Tsungy,twisting-nether,96,mage,fire,6,1,5
Prinskoekie,twisting-nether,96,mage,fire,6,1,5
Satheril,argent-dawn,96,mage,fire,6,1,5
Johnnyblazin,outland,96,mage,fire,6,1,5
Zïa,kazzak,96,mage,fire,6,1,5
Dingin,bronze-dragonflight,96,mage,fire,6,1,5
Zoba,sylvanas,96,mage,fire,6,1,5
Меззамоор,soulflayer,96,mage,fire,6,1,5
Mageé,argent-dawn,96,mage,fire,6,1,5
Zalfax,sinstralis,96,mage,fire,6,1,5
Cavadrex,arathor,96,mage,fire,6,1,5
Jipa,tarren-mill,96,mage,fire,6,1,5
Sheepurcheap,draenor,96,mage,fire,6,1,5
Дизордерх,gordunni,96,mage,fire,6,1,5
Alaster,culte-de-la-rive-noire,96,mage,fire,6,1,5
Farciminis,outland,96,mage,fire,6,1,5
Nodnarb,dragonblight,96,mage,fire,6,1,5
Gehrkeblock,silvermoon,96,mage,fire,6,1,5
Ckrax,sanguino,96,mage,fire,6,1,5
Arcanik,archimonde,96,mage,fire,6,1,5
Scitzy,ragnaros,96,mage,fire,6,1,5
Maybeblood,kazzak,96,mage,fire,6,1,5
Akadran,blackmoore,96,mage,fire,6,1,5
Gabbaq,blackrock,96,mage,fire,6,1,5
Martixx,stormscale,96,mage,fire,6,1,5
Westx,blackmoore,96,mage,fire,6,1,5
Georgé,stormscale,96,mage,fire,6,1,5
Quente,aegwynn,96,mage,fire,6,1,5
Одз,grom,96,mage,fire,6,1,5
Slashlife,wrathbringer,96,mage,fire,6,1,5
Каппашилка,gordunni,96,mage,fire,6,1,5
Satoryu,silvermoon,96,mage,fire,6,1,5
Leonora,blackhand,96,mage,fire,6,1,5
Fumachustas,kazzak,96,mage,fire,6,1,5
Hellburn,stormrage,96,mage,fire,6,1,5
Stromz,silvermoon,96,mage,fire,6,1,5
Grimrreaper,stormscale,96,mage,fire,6,1,5
Fearbeäch,ravencrest,96,mage,fire,6,1,5
Mexxî,thrall,96,mage,fire,6,1,5
Alteretime,ravencrest,96,mage,fire,6,1,5
Amalou,stormscale,96,mage,fire,6,1,5
Joulz,ravencrest,96,mage,fire,6,1,5
Kaevos,ravencrest,96,mage,fire,6,1,5
Slïnks,stormscale,96,mage,fire,6,1,5
Iulie,kazzak,96,mage,fire,6,1,5
Optimelk,bronzebeard,96,mage,fire,6,1,5
Дивеансерт,blackscar,96,mage,fire,6,1,5
Lowdam,dun-modr,96,mage,fire,7,1,6
Serlath,defias-brotherhood,96,mage,fire,12,1,11
Latiny,blackrock,96,mage,fire,12,1,11
Tachipiirina,nemesis,96,mage,fire,12,1,11
Ilikepoly,blackmoore,96,mage,fire,12,1,11
Maregom,dun-modr,96,mage,fire,12,1,11
Lebron,blackrock,96,mage,fire,12,1,11
Mallph90A0B8,archimonde,96,mage,fire,12,1,11
Ærrøx,hyjal,96,mage,fire,12,1,11
Syltris,drakthul,96,mage,fire,18,1,17
Pyrias,sylvanas,95,mage,fire,6,1,5
Shâdozy,blackmoore,89,mage,fire,6,3,3
Thatblink,twisting-nether,64,mage,fire,4,1,3
Alkhazzar,defias-brotherhood,64,mage,fire,4,1,3
Hecht,burning-legion,64,mage,fire,4,1,3
Унитазныймаг,howling-fjord,63,mage,fire,2,2,0
Preí,archimonde,42,mage,fire,12,3,9
Drakura,burning-legion,31,mage,fire,2,1,1
Озобочений,greymane,31,mage,fire,2,1,1
Ðøæø,twisting-nether,16,mage,fire,1,1,0
Petronillo,dun-modr,16,mage,fire,1,1,0
Hakapelto,lightbringer,16,mage,fire,1,1,0
Гамаюнх,deathguard,16,mage,fire,1,1,0
Fayja,draenor,16,mage,fire,7,1,6
Mercem,stormscale,2339,mage,frost,74,46,28
Aleç,ravencrest,2330,mage,frost,128,70,58
Partypower,twisting-nether,2277,mage,frost,261,134,127
Ðeejkñ,archimonde,2248,mage,frost,84,52,32
Laynerz,kazzak,2248,mage,frost,79,46,33
Chikounet,archimonde,2188,mage,frost,150,78,72
Ràiku,ravencrest,2184,mage,frost,78,43,35
Sìckofme,aegwynn,2154,mage,frost,66,44,22
Dastion,ravencrest,2138,mage,frost,103,52,51
Avizura,kazzak,2134,mage,frost,60,35,25
Fakér,ravencrest,2130,mage,frost,190,94,96
Watchmeclic,archimonde,2126,mage,frost,108,54,54
Kilstine,outland,2126,mage,frost,78,39,39
Tommy,laughing-skull,2113,mage,frost,100,48,52
Akyrâz,blackrock,2108,mage,frost,277,138,139
Яшабурстх,blackscar,2101,mage,frost,101,59,42
Медивера,gordunni,2092,mage,frost,131,68,63
Philoû,archimonde,2089,mage,frost,133,66,67
Ðazzftw,archimonde,2065,mage,frost,69,51,18
Ãshs,archimonde,2065,mage,frost,140,68,72
Søz,agamaggan,2059,mage,frost,161,79,82
Naynn,archimonde,2057,mage,frost,241,125,116
Crylz,kazzak,2044,mage,frost,83,42,41
Serctheone,ravencrest,2038,mage,frost,244,121,123
Oscarwizyo,ravencrest,2036,mage,frost,95,44,51
Макотшельник,gordunni,2033,mage,frost,91,55,36
Sóz,ravencrest,2033,mage,frost,109,51,58
Neverblockx,blackrock,2028,mage,frost,64,44,20
Efes,dun-modr,2021,mage,frost,218,106,112
Gelußaßa,ravencrest,2020,mage,frost,71,34,37
Ticklefinger,agamaggan,2004,mage,frost,59,40,19
Arnoldkelly,tarren-mill,1998,mage,frost,55,32,23
Kurtkiels,draenor,1995,mage,frost,78,36,42
Dodgezdream,kazzak,1992,mage,frost,129,82,47
Барсуктри,deathguard,1984,mage,frost,60,30,30
Mizt,ragnaros,1975,mage,frost,96,43,53
Ëloenn,dalaran,1966,mage,frost,77,37,40
Gavno,ravencrest,1955,mage,frost,54,26,28
Ввнд,galakrond,1953,mage,frost,108,50,58
Øscarwizyo,ravencrest,1942,mage,frost,194,95,99
Usererror,ravencrest,1938,mage,frost,83,38,45
Фоулли,howling-fjord,1934,mage,frost,75,39,36
Setyouoncs,ravencrest,1927,mage,frost,84,42,42
Rosady,ragnaros,1920,mage,frost,146,77,69
Abovè,outland,1918,mage,frost,54,23,31
Wmp,ravencrest,1917,mage,frost,66,31,35
Missl,draenor,1916,mage,frost,92,47,45
Oseri,defias-brotherhood,1915,mage,frost,161,77,84
Gossipgirlz,outland,1913,mage,frost,292,151,141
Kalamaras,quelthalas,1912,mage,frost,207,99,108
Sukmikok,twisting-nether,1911,mage,frost,190,94,96
Evovar,silvermoon,1911,mage,frost,254,124,130
Nilitar,kazzak,1910,mage,frost,60,24,36
Watchmeclick,archimonde,1909,mage,frost,36,20,16
Незерёб,soulflayer,1904,mage,frost,138,70,68
Môv,tarren-mill,1902,mage,frost,63,31,32
Aìnz,hyjal,1893,mage,frost,120,58,62
Аресуперпрес,gordunni,1893,mage,frost,85,40,45
Калихор,gordunni,1891,mage,frost,89,55,34
Slôw,kazzak,1891,mage,frost,54,26,28
Thegoodoctor,kazzak,1884,mage,frost,50,33,17
Santriss,defias-brotherhood,1883,mage,frost,84,42,42
Arkhaen,archimonde,1880,mage,frost,100,52,48
Shîmmer,ravencrest,1877,mage,frost,48,28,20
Zimbabweborc,burning-legion,1875,mage,frost,100,62,38
Нереварин,soulflayer,1873,mage,frost,90,38,52
Babyboyj,blackmoore,1871,mage,frost,42,20,22
Bigkent,stormscale,1870,mage,frost,78,38,40
Zhodusqt,ragnaros,1859,mage,frost,54,27,27
Néiloth,frostmane,1858,mage,frost,71,34,37
Rufatopapari,ravencrest,1856,mage,frost,112,54,58
Henqo,burning-legion,1856,mage,frost,64,30,34
Jocelynn,aggramar,1854,mage,frost,125,59,66
Praison,defias-brotherhood,1853,mage,frost,75,41,34
Cleophe,burning-legion,1853,mage,frost,81,44,37
Shakeándbake,ravencrest,1850,mage,frost,70,33,37
Мэдвэйз,gordunni,1849,mage,frost,54,35,19
Reðemption,dun-modr,1848,mage,frost,53,35,18
Мэтаскрим,soulflayer,1845,mage,frost,182,90,92
Elgriefo,sylvanas,1845,mage,frost,54,24,30
Sunehx,blackrock,1842,mage,frost,84,46,38
Ironhood,nemesis,1841,mage,frost,66,42,24
Voerk,twisting-nether,1840,mage,frost,118,57,61
Лакифриз,gordunni,1839,mage,frost,284,157,127
Chazs,kazzak,1836,mage,frost,78,41,37
Datpolytho,twisting-nether,1834,mage,frost,205,121,84
Ephixis,ravencrest,1833,mage,frost,96,45,51
Unsaîntly,kult-der-verdammten,1833,mage,frost,46,20,26
Sìsia,ragnaros,1832,mage,frost,42,24,18
Lìx,ravencrest,1832,mage,frost,47,25,22
Exone,sylvanas,1828,mage,frost,66,32,34
Lyndsey,dalaran,1826,mage,frost,65,31,34
Laurents,silvermoon,1825,mage,frost,128,86,42
Soz,agamaggan,1823,mage,frost,42,23,19
Goneforever,draenor,1820,mage,frost,42,27,15
Heathrow,ravencrest,1820,mage,frost,278,158,120
Nightnovae,ravencrest,1817,mage,frost,157,76,81
Shunii,ravencrest,1817,mage,frost,55,24,31
Novaco,ravencrest,1816,mage,frost,65,30,35
Унитазныймаг,howling-fjord,1815,mage,frost,36,19,17
Tagrine,kaelthas,1814,mage,frost,176,92,84
Rambau,archimonde,1814,mage,frost,335,169,166
Stîckî,malganis,1814,mage,frost,69,31,38
Pryt,ragnaros,1813,mage,frost,137,78,59
Djdankzter,outland,1812,mage,frost,42,19,23
Máximus,ravencrest,1809,mage,frost,53,27,26
Maege,ragnaros,1808,mage,frost,68,45,23
Reflexz,thrall,1805,mage,frost,42,25,17
Xmoo,blackrock,1805,mage,frost,48,24,24
Mßs,outland,1804,mage,frost,48,24,24
Baconlance,stormscale,1803,mage,frost,42,23,19
Shíróyama,ravencrest,1803,mage,frost,223,121,102
Blasty,guldan,1803,mage,frost,124,65,59
Tellysia,blackmoore,1802,mage,frost,47,26,21
Ghettomagé,aegwynn,1802,mage,frost,42,22,20
Lzd,ravencrest,1802,mage,frost,54,28,26
Símple,sylvanas,1802,mage,frost,60,27,33
Nickg,ravencrest,1801,mage,frost,60,30,30
Lidely,kazzak,1800,mage,frost,30,19,11
Wickedblink,ravencrest,1800,mage,frost,36,19,17
Emoden,silvermoon,1800,mage,frost,331,171,160
Ånei,ravencrest,1798,mage,frost,36,26,10
Whócárés,dragonmaw,1798,mage,frost,45,32,13
Knometsj,ravencrest,1796,mage,frost,48,26,22
Løwskìll,outland,1795,mage,frost,95,53,42
Einsmagus,blackrock,1793,mage,frost,60,31,29
Søbert,hyjal,1791,mage,frost,42,24,18
Layzzy,kazzak,1785,mage,frost,220,110,110
Zoot,ravencrest,1785,mage,frost,119,55,64
Rekzaop,ravencrest,1785,mage,frost,144,66,78
Gegovski,ravencrest,1784,mage,frost,36,22,14
Kahyo,argent-dawn,1784,mage,frost,65,34,31
Auchenax,argent-dawn,1783,mage,frost,173,85,88
Onnÿy,dun-modr,1781,mage,frost,80,37,43
Mlodysimba,burning-legion,1776,mage,frost,76,36,40
Bombswag,bloodhoof,1775,mage,frost,227,115,112
Polÿmorph,stormscale,1774,mage,frost,65,33,32
Medara,darkspear,1769,mage,frost,78,41,37
Rere,zenedar,1766,mage,frost,38,21,17
Stickiburn,malganis,1766,mage,frost,99,47,52
Drfeeldgoodd,mazrigos,1766,mage,frost,273,129,144
Ovrpwrdxd,kazzak,1763,mage,frost,30,23,7
Quadekun,tarren-mill,1762,mage,frost,42,23,19
Sorrow,outland,1762,mage,frost,84,39,45
Lorothar,blackhand,1762,mage,frost,72,30,42
Crzyubrdrver,blackrock,1761,mage,frost,36,21,15
Shakéx,outland,1758,mage,frost,51,26,25
Sâkuya,blackrock,1756,mage,frost,122,60,62
Леракобольд,gordunni,1755,mage,frost,56,30,26
Mlogic,tarren-mill,1751,mage,frost,71,35,36
Èverix,ravencrest,1750,mage,frost,136,59,77
Kõl,ravencrest,1749,mage,frost,66,36,30
Mystikj,arathor,1749,mage,frost,60,31,29
Колинас,soulflayer,1749,mage,frost,107,53,54
Mexxî,thrall,1747,mage,frost,78,41,37
Bebenm,archimonde,1745,mage,frost,60,33,27
Деорро,gordunni,1745,mage,frost,72,37,35
Nightfee,eredar,1745,mage,frost,42,21,21
Ôbsury,hyjal,1739,mage,frost,142,79,63
Helloimgone,blackmoore,1737,mage,frost,59,27,32
Whïm,ysondre,1737,mage,frost,107,45,62
Mumage,blackrock,1735,mage,frost,60,32,28
Jirø,cthun,1735,mage,frost,202,101,101
Jezí,ghostlands,1735,mage,frost,66,31,35
Senedai,stormscale,1734,mage,frost,133,71,62
Zøe,aggra-português,1732,mage,frost,84,47,37
Emerlyn,ragnaros,1732,mage,frost,42,23,19
Fireblood,runetotem,1730,mage,frost,96,45,51
Darkoftw,ysondre,1729,mage,frost,125,58,67
Jamzymage,emerald-dream,1728,mage,frost,56,29,27
Kyomachix,ahnqiraj,1727,mage,frost,60,31,29
Silverlining,ravencrest,1726,mage,frost,204,102,102
Sylbris,outland,1726,mage,frost,171,83,88
Neymar,aszune,1725,mage,frost,35,24,11
Blackfirez,ravencrest,1725,mage,frost,30,18,12
Xall,silvermoon,1725,mage,frost,193,105,88
Гелиадо,soulflayer,1724,mage,frost,42,19,23
Naylz,archimonde,1723,mage,frost,62,34,28
Wýr,archimonde,1719,mage,frost,151,79,72
Dastion,sylvanas,1718,mage,frost,36,18,18
Azrx,blackmoore,1717,mage,frost,42,22,20
Swizzy,arathor,1716,mage,frost,76,42,34
Озобочений,greymane,1716,mage,frost,157,82,75
Sweetcandy,outland,1715,mage,frost,107,62,45
Synblink,eredar,1715,mage,frost,52,26,26
Esscheppert,blackrock,1713,mage,frost,299,145,154
Риктусемпра,ashenvale,1711,mage,frost,87,57,30
Lilblinks,silvermoon,1711,mage,frost,147,81,66
Snowsánji,blackmoore,1710,mage,frost,47,24,23
Klueless,ravencrest,1708,mage,frost,30,19,11
Covran,stormscale,1706,mage,frost,149,75,74
Bestial,alexstrasza,1706,mage,frost,182,91,91
Donishakur,ragnaros,1704,mage,frost,73,35,38
Marybaguette,archimonde,1702,mage,frost,54,25,29
Lolmageop,aegwynn,1701,mage,frost,66,30,36
Ishimura,eredar,1700,mage,frost,84,46,38
Axhole,darksorrow,1700,mage,frost,54,26,28
Tfmchamp,ravencrest,1698,mage,frost,33,22,11
Wracrz,argent-dawn,1696,mage,frost,102,51,51
Barryscótt,stormscale,1695,mage,frost,30,21,9
Ioriyagami,dragonmaw,1695,mage,frost,64,29,35
Bigacombusta,tarren-mill,1693,mage,frost,134,65,69
Melíssa,silvermoon,1692,mage,frost,36,25,11
Vilain,tarren-mill,1692,mage,frost,88,44,44
Alearis,die-aldor,1690,mage,frost,72,38,34
Frostgodxqt,ravencrest,1689,mage,frost,105,58,47
Аквамелис,gordunni,1689,mage,frost,102,47,55
Grandbasile,hyjal,1688,mage,frost,36,18,18
Jennao,stormscale,1686,mage,frost,47,26,21
Raíner,eredar,1683,mage,frost,137,73,64
Xep,ragnaros,1682,mage,frost,54,27,27
Kiirin,drakthul,1682,mage,frost,140,69,71
Kaeser,ravencrest,1681,mage,frost,151,79,72
Jenggot,ravencrest,1681,mage,frost,35,18,17
Mgtowforlife,ravencrest,1679,mage,frost,260,126,134
Khimeron,twisting-nether,1679,mage,frost,72,30,42
Cavadrex,arathor,1677,mage,frost,102,54,48
Xirrasho,argent-dawn,1677,mage,frost,42,22,20
Fîsheye,blackrock,1676,mage,frost,30,18,12
Slobbery,aggramar,1676,mage,frost,89,46,43
Алаурс,howling-fjord,1676,mage,frost,194,94,100
Soloqtarget,archimonde,1674,mage,frost,205,100,105
Манахк,gordunni,1674,mage,frost,48,22,26
Tiqma,sylvanas,1673,mage,frost,42,23,19
Rodeyy,nathrezim,1672,mage,frost,69,40,29
Sheepmaster,aegwynn,1669,mage,frost,48,26,22
Icydeadsheep,draenor,1666,mage,frost,95,44,51
Саваннхмаег,blackscar,1665,mage,frost,57,34,23
Espressno,ravencrest,1664,mage,frost,35,22,13
Arimila,sylvanas,1664,mage,frost,288,146,142
Lïppoutou,archimonde,1663,mage,frost,35,18,17
Quinella,ravencrest,1660,mage,frost,137,73,64
Róseonly,ravencrest,1660,mage,frost,39,20,19
Highrollerqt,tarren-mill,1657,mage,frost,84,47,37
Ahdetärjag,silvermoon,1655,mage,frost,59,32,27
Gensorèd,darksorrow,1655,mage,frost,74,36,38
Trowbe,blackmoore,1654,mage,frost,48,26,22
Гекомория,fordragon,1654,mage,frost,74,39,35
Манакса,gordunni,1654,mage,frost,54,24,30
Afterimage,zuljin,1653,mage,frost,181,89,92
Hambones,outland,1653,mage,frost,80,34,46
Smashdown,blackrock,1651,mage,frost,66,36,30
Chíefsheep,thrall,1651,mage,frost,71,33,38
Firzen,defias-brotherhood,1650,mage,frost,38,20,18
Nebbur,dun-modr,1650,mage,frost,54,25,29
Lo,kilrogg,1649,mage,frost,120,57,63
Shattermaybe,blackrock,1646,mage,frost,36,21,15
Johnnydeepp,archimonde,1646,mage,frost,36,18,18
Schmutzki,eredar,1645,mage,frost,83,48,35
Rukiax,blackrock,1645,mage,frost,54,18,36
Djflashz,archimonde,1644,mage,frost,42,18,24
Firebaw,tarren-mill,1643,mage,frost,36,25,11
Sykz,hyjal,1642,mage,frost,89,48,41
Helminsterr,archimonde,1642,mage,frost,90,47,43
Dostoïevskix,hyjal,1640,mage,frost,30,19,11
Akâri,silvermoon,1639,mage,frost,73,33,40
Astaden,die-aldor,1637,mage,frost,105,61,44
Icekíss,hyjal,1637,mage,frost,103,55,48
Emesarry,scarshield-legion,1636,mage,frost,29,18,11
Babidi,nemesis,1636,mage,frost,42,24,18
Magerocks,ragnaros,1635,mage,frost,36,20,16
Sondremage,outland,1635,mage,frost,134,60,74
Jonku,tarren-mill,1634,mage,frost,59,31,28
Obbcontrol,ravencrest,1633,mage,frost,48,21,27
Vilenciaga,kazzak,1632,mage,frost,72,37,35
Mecharience,rexxar,1632,mage,frost,62,31,31
Jaimey,blackhand,1632,mage,frost,167,76,91
Scorchira,outland,1631,mage,frost,30,18,12
Farciminis,outland,1631,mage,frost,163,85,78
Asiman,eredar,1631,mage,frost,51,22,29
Knúbbz,ravencrest,1630,mage,frost,42,21,21
Frígíd,outland,1630,mage,frost,54,25,29
Naween,hyjal,1629,mage,frost,42,24,18
Frostique,kazzak,1629,mage,frost,175,99,76
Thesiôu,ravencrest,1629,mage,frost,36,20,16
Buddi,burning-blade,1629,mage,frost,287,148,139
Ønlyfünds,archimonde,1628,mage,frost,48,32,16
Bzzr,tarren-mill,1627,mage,frost,66,42,24
Sinanspappa,argent-dawn,1627,mage,frost,30,18,12
Проблембойх,gordunni,1627,mage,frost,36,20,16
Llura,ragnaros,1627,mage,frost,42,23,19
Valyndra,twisting-nether,1627,mage,frost,73,36,37
Rihnou,blackmoore,1627,mage,frost,143,70,73
Seikatsu,sylvanas,1627,mage,frost,36,17,19
Dsmoke,ravencrest,1627,mage,frost,75,35,40
Nightseven,emeriss,1626,mage,frost,30,21,9
Thinamerican,defias-brotherhood,1626,mage,frost,60,34,26
Løxyy,ysondre,1625,mage,frost,140,77,63
Unsaìntly,kult-der-verdammten,1625,mage,frost,37,17,20
Glowie,stormreaver,1623,mage,frost,36,20,16
Lyramage,draenor,1623,mage,frost,66,32,34
Xenant,ravencrest,1623,mage,frost,42,18,24
Nozarashí,hyjal,1622,mage,frost,198,100,98
Tánu,quelthalas,1622,mage,frost,209,100,109
Kaì,twisting-nether,1621,mage,frost,160,91,69
Ogfreshlance,stormscale,1621,mage,frost,95,46,49
Tabueno,kazzak,1621,mage,frost,108,46,62
Tjq,ravencrest,1617,mage,frost,481,245,236
Digi,ravencrest,1617,mage,frost,57,22,35
Anaxtra,guldan,1616,mage,frost,147,70,77
Venque,blackrock,1616,mage,frost,60,26,34
Pezi,outland,1613,mage,frost,67,39,28
Shøcked,blackrock,1612,mage,frost,114,56,58
Манаксаа,gordunni,1612,mage,frost,45,21,24
Джейнанис,gordunni,1611,mage,frost,88,50,38
Xæll,silvermoon,1611,mage,frost,120,64,56
Labyssra,argent-dawn,1611,mage,frost,68,33,35
Qtpoof,sylvanas,1610,mage,frost,42,22,20
Фирдаркнесс,howling-fjord,1610,mage,frost,78,40,38
Amyseven,kazzak,1610,mage,frost,54,26,28
Únna,sanguino,1609,mage,frost,99,58,41
Sheepthrillz,blackmoore,1609,mage,frost,41,24,17
Shainax,dun-modr,1609,mage,frost,271,143,128
Isralysa,ravencrest,1609,mage,frost,344,181,163
Nelfchewer,ravencrest,1609,mage,frost,56,25,31
Mollymorph,ragnaros,1609,mage,frost,54,21,33
Frostandrew,twisting-nether,1608,mage,frost,41,23,18
Мэдраша,gordunni,1608,mage,frost,36,17,19
Mupana,nagrand,1607,mage,frost,150,76,74
Shalien,tarren-mill,1607,mage,frost,83,41,42
Fboltprocd,ragnaros,1606,mage,frost,30,17,13
Tills,kargath,1606,mage,frost,42,20,22
Tdv,draenor,1605,mage,frost,105,51,54
Zauberdose,blackhand,1605,mage,frost,42,20,22
Келлазар,gordunni,1605,mage,frost,83,38,45
Манахк,blackscar,1605,mage,frost,53,21,32
Hardtimes,blackhand,1604,mage,frost,35,27,8
Copyright,deathwing,1604,mage,frost,36,17,19
Rusdor,frostwhisper,1604,mage,frost,78,33,45
Sandalf,lightnings-blade,1603,mage,frost,73,42,31
Noxkin,stormscale,1603,mage,frost,36,17,19
Magethings,kazzak,1603,mage,frost,54,25,29
Phélenia,sargeras,1602,mage,frost,168,87,81
Réd,earthen-ring,1601,mage,frost,77,36,41
Snaapz,kazzak,1600,mage,frost,48,22,26
Doidadetanga,aggra-português,1599,mage,frost,63,34,29
Absoluteswag,tarren-mill,1598,mage,frost,39,22,17
Takayaki,terokkar,1598,mage,frost,80,42,38
Rinuria,blackrock,1596,mage,frost,30,19,11
Tromie,archimonde,1594,mage,frost,209,109,100
Sersei,garona,1590,mage,frost,36,17,19
Hógwarts,aegwynn,1588,mage,frost,90,46,44
Samath,conseil-des-ombres,1588,mage,frost,54,23,31
Walian,burning-blade,1587,mage,frost,54,32,22
Rankonedeep,kazzak,1587,mage,frost,63,34,29
Akúmã,stormscale,1587,mage,frost,386,203,183
Råståfåri,uldum,1586,mage,frost,191,95,96
Joulz,ravencrest,1583,mage,frost,200,94,106
Tableau,blackrock,1579,mage,frost,50,24,26
Skretx,archimonde,1576,mage,frost,42,29,13
Óuíja,outland,1576,mage,frost,51,31,20
Nimdáá,stormscale,1575,mage,frost,204,113,91
Мибринк,soulflayer,1575,mage,frost,72,32,40
Kraliz,ysondre,1574,mage,frost,41,19,22
Bumbumdead,sylvanas,1573,mage,frost,66,33,33
Hazzá,ravencrest,1571,mage,frost,36,17,19
Pharohe,stormscale,1571,mage,frost,80,35,45
Opíum,tarren-mill,1570,mage,frost,48,27,21
Dubbleblast,draenor,1570,mage,frost,48,25,23
Ингилейф,howling-fjord,1570,mage,frost,46,18,28
Realone,ragnaros,1569,mage,frost,81,39,42
Manafuzz,outland,1569,mage,frost,48,22,26
Sam,outland,1567,mage,frost,30,19,11
Girldalf,silvermoon,1567,mage,frost,225,111,114
Microsmag,thrall,1566,mage,frost,24,17,7
Bodyrocker,sylvanas,1564,mage,frost,35,17,18
Fïttan,stormscale,1562,mage,frost,137,70,67
Itzlucky,twisting-nether,1561,mage,frost,166,82,84
Dubstep,blackrock,1561,mage,frost,60,27,33
Nilys,chogall,1559,mage,frost,78,50,28
Boomboomciao,nemesis,1559,mage,frost,168,81,87
Вендайса,soulflayer,1558,mage,frost,274,156,118
Chareyla,argent-dawn,1558,mage,frost,83,42,41
Xawokem,outland,1558,mage,frost,42,18,24
Aceripper,ragnaros,1557,mage,frost,170,93,77
Sakuranosuke,twisting-nether,1557,mage,frost,72,39,33
Левелнес,howling-fjord,1557,mage,frost,80,34,46
Gaduz,kazzak,1556,mage,frost,72,31,41
Сизаам,howling-fjord,1555,mage,frost,36,20,16
Okayhehexd,dun-morogh,1555,mage,frost,96,53,43
Elcritadoré,ragnaros,1550,mage,frost,52,26,26
Гамаюнх,deathguard,1550,mage,frost,60,28,32
Ёкай,soulflayer,1548,mage,frost,313,167,146
Scaleeth,kazzak,1548,mage,frost,76,38,38
Xyfys,azshara,1547,mage,frost,41,23,18
Mxrrz,kazzak,1547,mage,frost,211,111,100
Chicke,outland,1546,mage,frost,52,29,23
Icefix,dun-modr,1546,mage,frost,147,79,68
Demensida,ravencrest,1546,mage,frost,256,130,126
Delvir,stormreaver,1546,mage,frost,96,46,50
Ghalanz,ravencrest,1545,mage,frost,60,29,31
Bananabread,the-maelstrom,1545,mage,frost,52,24,28
Ozon,sylvanas,1544,mage,frost,36,18,18
Корадо,gordunni,1544,mage,frost,192,93,99
Petepan,argent-dawn,1543,mage,frost,115,55,60
Бингчилинг,howling-fjord,1543,mage,frost,64,30,34
Muchmage,silvermoon,1542,mage,frost,78,32,46
Vareesy,drakthul,1541,mage,frost,29,19,10
Koreanbbq,outland,1541,mage,frost,42,18,24
Fullpolly,twisting-nether,1538,mage,frost,47,29,18
Næj,hyjal,1538,mage,frost,42,18,24
Velâska,malganis,1537,mage,frost,130,78,52
Track,blackhand,1537,mage,frost,47,20,27
Borko,rashgarroth,1536,mage,frost,42,23,19
Jedite,die-todeskrallen,1536,mage,frost,349,184,165
Nàtcho,tichondrius,1535,mage,frost,60,35,25
Sickofme,aegwynn,1535,mage,frost,30,16,14
Alicánte,silvermoon,1535,mage,frost,126,65,61
Alluryeine,draenor,1531,mage,frost,59,34,25
Aurelius,kargath,1531,mage,frost,42,24,18
Elldiamage,draenor,1531,mage,frost,30,16,14
Borêta,blackrock,1531,mage,frost,174,86,88
Миднаит,gordunni,1531,mage,frost,111,50,61
Karstnstenzl,blackrock,1530,mage,frost,66,33,33
Dumblemore,ragnaros,1529,mage,frost,66,38,28
Hbarftw,ravencrest,1528,mage,frost,71,35,36
Roberx,sanguino,1528,mage,frost,101,48,53
Мосгормаг,gordunni,1525,mage,frost,55,28,27
Leafløver,ravencrest,1525,mage,frost,95,46,49
Ковенн,howling-fjord,1525,mage,frost,54,26,28
Evilmagíc,tarren-mill,1523,mage,frost,30,16,14
ßalca,twisting-nether,1522,mage,frost,50,27,23
Homper,argent-dawn,1521,mage,frost,36,19,17
Katarapower,silvermoon,1521,mage,frost,458,232,226
Qùb,eldrethalas,1519,mage,frost,42,23,19
Райоми,fordragon,1519,mage,frost,313,155,158
Excuses,chamber-of-aspects,1519,mage,frost,314,155,159
Äntigood,outland,1519,mage,frost,240,116,124
Homellander,silvermoon,1518,mage,frost,425,218,207
Larmp,outland,1517,mage,frost,42,16,26
Ney,drakthul,1516,mage,frost,24,16,8
Exelo,rashgarroth,1516,mage,frost,61,34,27
Sekulicgoga,draenor,1515,mage,frost,309,168,141
Xoouuboo,eredar,1513,mage,frost,30,16,14
Brolyzerr,archimonde,1513,mage,frost,31,16,15
Elcølgaø,sanguino,1512,mage,frost,156,76,80
Vyuca,argent-dawn,1511,mage,frost,58,29,29
Apeex,chamber-of-aspects,1511,mage,frost,154,73,81
Mohovik,wildhammer,1510,mage,frost,42,23,19
Find,archimonde,1509,mage,frost,202,99,103
Вольняша,azuregos,1509,mage,frost,184,83,101
Nutsa,silvermoon,1507,mage,frost,35,18,17
Maxik,outland,1507,mage,frost,45,23,22
Thamagus,burning-legion,1507,mage,frost,52,26,26
Tôke,kaelthas,1506,mage,frost,102,57,45
Rexør,frostwolf,1505,mage,frost,54,31,23
Denaleidi,stormscale,1505,mage,frost,54,30,24
Ckrax,sanguino,1504,mage,frost,48,24,24
Ceillech,blackrock,1504,mage,frost,94,45,49
Метох,soulflayer,1504,mage,frost,186,89,97
Оай,gordunni,1504,mage,frost,72,32,40
Maquiwizz,aggra-português,1503,mage,frost,61,33,28
Newintown,blackmoore,1503,mage,frost,62,32,30
Gêrky,drakthul,1502,mage,frost,128,66,62
Airo,drakthul,1501,mage,frost,60,36,24
Arridon,echsenkessel,1500,mage,frost,122,68,54
Addew,the-maelstrom,1500,mage,frost,101,55,46
Iverson,kazzak,1497,mage,frost,104,44,60
Spellcast,ravencrest,1496,mage,frost,33,18,15
Нонекс,soulflayer,1496,mage,frost,112,56,56
Xue,azshara,1495,mage,frost,54,25,29
Митгори,gordunni,1493,mage,frost,74,39,35
Trais,blackrock,1492,mage,frost,57,35,22
Aeternitaz,outland,1492,mage,frost,53,28,25
Averus,outland,1490,mage,frost,36,21,15
Pronyma,outland,1490,mage,frost,60,27,33
Мозифрост,gordunni,1490,mage,frost,62,23,39
Iroya,festung-der-stürme,1489,mage,frost,417,206,211
Сосулькина,gordunni,1488,mage,frost,95,50,45
Qqpwn,ragnaros,1488,mage,frost,76,38,38
Saucise,hyjal,1487,mage,frost,96,49,47
Kokenn,hyjal,1485,mage,frost,114,61,53
Файрусх,blackscar,1484,mage,frost,72,41,31
Datakrigern,tarren-mill,1484,mage,frost,65,34,31
Confine,twisting-nether,1483,mage,frost,174,91,83
Ímnotback,outland,1483,mage,frost,366,187,179
Гатмир,gordunni,1482,mage,frost,315,159,156
Lesoleil,archimonde,1479,mage,frost,48,28,20
Caststuffatu,sylvanas,1479,mage,frost,119,60,59
Wukidiwn,draenor,1478,mage,frost,107,49,58
Drandis,blackmoore,1478,mage,frost,36,16,20
Kelthuzed,twisting-nether,1477,mage,frost,54,28,26
Slithìce,kazzak,1477,mage,frost,48,16,32
Frostspree,wildhammer,1476,mage,frost,55,30,25
Octtmiss,twisting-nether,1476,mage,frost,33,17,16
Spamblink,archimonde,1474,mage,frost,63,18,45
Lyès,uldaman,1473,mage,frost,42,21,21
Vannq,silvermoon,1473,mage,frost,124,55,69
Zaruna,arathor,1472,mage,frost,87,45,42
Sippebób,laughing-skull,1471,mage,frost,76,44,32
Sciren,nagrand,1471,mage,frost,31,16,15
Лрее,gordunni,1470,mage,frost,47,25,22
Psika,kazzak,1470,mage,frost,162,78,84
Manôu,kirin-tor,1470,mage,frost,36,16,20
Widmage,silvermoon,1469,mage,frost,140,63,77
Destrech,aggra-português,1467,mage,frost,36,21,15
Ðíø,twisting-nether,1466,mage,frost,82,41,41
Phenoxi,sylvanas,1466,mage,frost,72,36,36
Фемна,soulflayer,1464,mage,frost,166,87,79
Stace,area-52,1463,mage,frost,54,19,35
Lusionator,defias-brotherhood,1461,mage,frost,60,36,24
Warwizz,sanguino,1461,mage,frost,57,30,27
Рэймонд,howling-fjord,1461,mage,frost,47,19,28
Rodatudo,ravencrest,1460,mage,frost,184,87,97
Snakebit,kazzak,1459,mage,frost,168,84,84
Wslyx,dun-morogh,1458,mage,frost,78,30,48
Аваон,deathguard,1457,mage,frost,153,76,77
Surlancealot,outland,1457,mage,frost,71,31,40
Zoba,sylvanas,1457,mage,frost,42,18,24
Beaun,tarren-mill,1456,mage,frost,177,89,88
Свдпро,deathguard,1456,mage,frost,64,30,34
Derbomber,guldan,1456,mage,frost,53,22,31
Pølåris,outland,1455,mage,frost,96,48,48
Diji,the-maelstrom,1455,mage,frost,36,17,19
Spellfaker,drakthul,1454,mage,frost,27,18,9
Анзот,howling-fjord,1453,mage,frost,82,47,35
Knoxvit,tarren-mill,1453,mage,frost,63,35,28
Ia,kirin-tor,1452,mage,frost,46,25,21
Luxxurious,xavius,1451,mage,frost,58,27,31
Sangumage,silvermoon,1451,mage,frost,54,25,29
Azkarr,stormscale,1450,mage,frost,59,33,26
Stillfrostin,blackrock,1449,mage,frost,99,59,40
Necizbored,tarren-mill,1449,mage,frost,61,33,28
Plætinum,ravencrest,1449,mage,frost,216,108,108
Däpper,ragnaros,1449,mage,frost,66,31,35
Bebarz,darksorrow,1448,mage,frost,166,87,79
Dllarky,drakthul,1448,mage,frost,48,24,24
Widurr,burning-legion,1448,mage,frost,54,25,29
Badcouz,dalaran,1447,mage,frost,41,21,20
Woorm,sylvanas,1446,mage,frost,76,44,32
Цепнойпёс,goldrinn,1446,mage,frost,46,24,22
Azadan,pozzo-delleternità,1446,mage,frost,47,23,24
Старкскрим,gordunni,1445,mage,frost,118,54,64
Summermàge,ravencrest,1444,mage,frost,60,29,31
Енотмаг,gordunni,1443,mage,frost,100,52,48
Hoodmago,blackrock,1442,mage,frost,42,26,16
Afklow,pozzo-delleternità,1442,mage,frost,39,21,18
Darkseidez,alonsus,1442,mage,frost,78,38,40
Eldariel,ravencrest,1442,mage,frost,83,39,44
Rusdorcito,frostwhisper,1442,mage,frost,51,18,33
Mogettemagic,ysondre,1440,mage,frost,89,48,41
Лемозяра,gordunni,1439,mage,frost,24,15,9
Frostvirgin,twisting-nether,1438,mage,frost,54,24,30
Sukky,todeswache,1438,mage,frost,82,36,46
Kèj,kazzak,1438,mage,frost,69,30,39
Tìktokthot,outland,1437,mage,frost,24,15,9
Прауз,soulflayer,1437,mage,frost,27,16,11
Shnitz,stormscale,1436,mage,frost,24,15,9
Pipihu,silvermoon,1435,mage,frost,72,37,35
Charliezard,argent-dawn,1435,mage,frost,36,15,21
Инкрионити,gordunni,1433,mage,frost,29,16,13
Пиньон,borean-tundra,1425,mage,frost,36,21,15
Azakadabra,ysondre,1425,mage,frost,55,31,24
Дарнивил,gordunni,1425,mage,frost,218,110,108
Lepeps,silvermoon,1424,mage,frost,41,16,25
Pixlet,kazzak,1423,mage,frost,48,17,31
Aileean,burning-legion,1422,mage,frost,125,71,54
Gûl,kazzak,1422,mage,frost,30,15,15
Fontaíne,doomhammer,1422,mage,frost,30,15,15
Tainted,eredar,1422,mage,frost,89,43,46
Koreanbbq,kazzak,1422,mage,frost,65,31,34
Comodus,ragnaros,1422,mage,frost,130,61,69
Eclyftw,blackmoore,1421,mage,frost,48,23,25
Snîrs,thrall,1420,mage,frost,36,17,19
Tærrëñshíll,tarren-mill,1420,mage,frost,36,15,21
Nightplays,sylvanas,1419,mage,frost,42,26,16
Iceiceice,stormscale,1418,mage,frost,54,30,24
Spellsteal,antonidas,1418,mage,frost,135,65,70
Filoux,frostwolf,1418,mage,frost,44,18,26
Veemi,blackmoore,1416,mage,frost,78,43,35
Hellionblast,ragnaros,1416,mage,frost,30,15,15
Frèézê,frostwolf,1416,mage,frost,54,26,28
Сэрруденкент,soulflayer,1414,mage,frost,42,23,19
Ilovedana,dun-modr,1414,mage,frost,56,16,40
Jakuub,outland,1413,mage,frost,24,15,9
Hexmath,tarren-mill,1413,mage,frost,30,15,15
Rektd,blackhand,1411,mage,frost,204,104,100
Messatsux,tarren-mill,1411,mage,frost,30,15,15
Zionw,frostwolf,1410,mage,frost,121,60,61
Seyece,silvermoon,1408,mage,frost,53,31,22
Ãzi,ravencrest,1406,mage,frost,40,25,15
ßooh,kazzak,1406,mage,frost,61,34,27
Lukewizard,twisting-nether,1405,mage,frost,92,51,41
Aern,sinstralis,1405,mage,frost,53,25,28
Викликс,borean-tundra,1404,mage,frost,94,53,41
Zice,antonidas,1403,mage,frost,37,21,16
Fistersfrizz,aegwynn,1403,mage,frost,64,36,28
Ayoubz,outland,1403,mage,frost,35,16,19
Shagee,stormscale,1399,mage,frost,30,16,14
Crackheads,hyjal,1398,mage,frost,96,48,48
Kippercarry,outland,1398,mage,frost,30,15,15
Pluribusunum,outland,1398,mage,frost,38,17,21
Adagar,chamber-of-aspects,1397,mage,frost,77,39,38
Flavie,hellfire,1395,mage,frost,35,24,11
Novalia,wrathbringer,1395,mage,frost,119,62,57
Hernêise,silvermoon,1395,mage,frost,185,94,91
Sixx,aegwynn,1395,mage,frost,149,74,75
Umaguma,elune,1395,mage,frost,83,41,42
Elynaé,draenor,1395,mage,frost,70,33,37
Tìnder,tarren-mill,1394,mage,frost,161,84,77
Raikøn,blackmoore,1394,mage,frost,56,29,27
Mdog,stormreaver,1393,mage,frost,102,55,47
Archyl,kazzak,1393,mage,frost,30,15,15
Alkhazzar,defias-brotherhood,1393,mage,frost,438,213,225
Grismage,twisting-nether,1393,mage,frost,48,16,32
Apócalyptic,tarren-mill,1392,mage,frost,76,44,32
Immobilizer,eredar,1392,mage,frost,126,65,61
Faunas,kazzak,1390,mage,frost,115,58,57
Khivax,twisting-nether,1390,mage,frost,120,52,68
Nevaehine,ravencrest,1389,mage,frost,263,136,127
Wormhole,kazzak,1389,mage,frost,42,17,25
Dïabolike,archimonde,1384,mage,frost,78,45,33
Dzikk,silvermoon,1383,mage,frost,91,42,49
Vignoni,the-maelstrom,1382,mage,frost,80,43,37
Pyro,eldrethalas,1382,mage,frost,99,48,51
Icé,auchindoun,1382,mage,frost,80,33,47
Leonora,blackhand,1380,mage,frost,60,22,38
Nøw,kazzak,1378,mage,frost,39,16,23
Sleîhg,sanguino,1376,mage,frost,82,40,42
Tvångstralla,tarren-mill,1376,mage,frost,38,17,21
Тачмахал,soulflayer,1375,mage,frost,82,38,44
Vioulette,elune,1375,mage,frost,60,26,34
Spiridrell,silvermoon,1375,mage,frost,51,17,34
Illius,kelthuzad,1374,mage,frost,158,80,78
Remantin,blackrock,1374,mage,frost,104,50,54
Justleblanc,dalaran,1372,mage,frost,94,46,48
Lsdt,stormscale,1372,mage,frost,42,16,26
Oizar,hyjal,1371,mage,frost,48,25,23
Iulie,kazzak,1371,mage,frost,214,107,107
Shüri,kazzak,1370,mage,frost,84,46,38
Xîzy,outland,1370,mage,frost,28,15,13
Моритакаа,gordunni,1370,mage,frost,142,72,70
Medium,der-rat-von-dalaran,1369,mage,frost,66,38,28
Nodmg,nefarian,1368,mage,frost,45,29,16
Nellý,stormreaver,1368,mage,frost,30,18,12
Thry,bronzebeard,1368,mage,frost,116,56,60
Hayaka,sanguino,1367,mage,frost,125,61,64
Орижн,howling-fjord,1366,mage,frost,53,29,24
Calina,azshara,1364,mage,frost,23,15,8
Iceorb,azshara,1364,mage,frost,114,52,62
Arlunea,blackmoore,1364,mage,frost,50,20,30
Laenadria,argent-dawn,1363,mage,frost,121,55,66
Фрайбл,gordunni,1361,mage,frost,31,16,15
Жемчужина,eversong,1361,mage,frost,36,18,18
Cheerió,aggramar,1360,mage,frost,254,118,136
Feuererdnuss,blackhand,1359,mage,frost,41,18,23
Sqwiz,outland,1359,mage,frost,90,39,51
Ibexia,blackrock,1358,mage,frost,53,19,34
Destruct,doomhammer,1357,mage,frost,225,119,106
Ymirë,khaz-modan,1357,mage,frost,51,22,29
Cardioexpert,ravencrest,1356,mage,frost,25,15,10
Учительйода,ashenvale,1356,mage,frost,72,39,33
Abolf,twisting-nether,1354,mage,frost,58,31,27
Гунмаказ,soulflayer,1353,mage,frost,58,34,24
Grumpyorc,ravencrest,1352,mage,frost,195,92,103
Nyskal,tarren-mill,1352,mage,frost,41,19,22
Tarkún,dun-modr,1350,mage,frost,98,56,42
Inaruy,hyjal,1347,mage,frost,26,15,11
Sylênna,kazzak,1347,mage,frost,60,30,30
Corpusqq,eredar,1347,mage,frost,54,26,28
Shroomie,eredar,1346,mage,frost,214,107,107
Morphees,twisting-nether,1345,mage,frost,42,25,17
Zwölfte,outland,1345,mage,frost,148,84,64
Bolesnimage,draenor,1345,mage,frost,59,33,26
Manvo,bloodscalp,1345,mage,frost,60,23,37
Jíncks,anachronos,1344,mage,frost,24,14,10
Nilitarrgh,outland,1344,mage,frost,24,14,10
Dabina,sanguino,1344,mage,frost,105,54,51
Preí,archimonde,1344,mage,frost,37,15,22
Shédudé,silvermoon,1343,mage,frost,36,19,17
Transformo,draenor,1342,mage,frost,24,14,10
Dabka,argent-dawn,1341,mage,frost,378,188,190
Daneliam,outland,1341,mage,frost,61,30,31
Dmmeforcam,archimonde,1340,mage,frost,26,15,11
Jokiss,draenor,1339,mage,frost,114,57,57
Лемозюка,gordunni,1338,mage,frost,24,14,10
Iggilaus,blackhand,1338,mage,frost,487,245,242
Quail,anubarak,1338,mage,frost,208,101,107
Tàylerdarden,nemesis,1338,mage,frost,113,51,62
Фростидзе,gordunni,1338,mage,frost,72,30,42
Cinoox,blackrock,1337,mage,frost,34,15,19
Crooja,antonidas,1337,mage,frost,45,15,30
Glöden,ravencrest,1336,mage,frost,44,20,24
Хоф,deathguard,1336,mage,frost,53,24,29
Kaaguraa,ravencrest,1335,mage,frost,329,170,159
Frostytutes,ragnaros,1335,mage,frost,59,28,31
Mclancealot,tarren-mill,1335,mage,frost,30,14,16
Mfnz,stormreaver,1335,mage,frost,41,18,23
Tirenia,bloodfeather,1335,mage,frost,41,15,26
Marikisanx,blackmoore,1333,mage,frost,24,14,10
Spelltastíc,blackmoore,1333,mage,frost,24,14,10
Imbatto,quelthalas,1332,mage,frost,42,20,22
Badphaz,frostmane,1331,mage,frost,30,16,14
Маушко,soulflayer,1331,mage,frost,170,87,83
Lovma,doomhammer,1331,mage,frost,54,27,27
Shinzel,hyjal,1331,mage,frost,64,26,38
Suidas,auchindoun,1329,mage,frost,118,58,60
Atixx,aegwynn,1329,mage,frost,54,18,36
Кройзис,howling-fjord,1328,mage,frost,80,46,34
Xânârchy,minahonda,1327,mage,frost,84,42,42
Игрдлпдров,gordunni,1327,mage,frost,72,34,38
Naissa,arathor,1326,mage,frost,42,14,28
Magegodx,rexxar,1325,mage,frost,81,39,42
Nuvx,ravencrest,1325,mage,frost,44,19,25
Braxxorz,chamber-of-aspects,1324,mage,frost,59,38,21
Caesarclown,silvermoon,1324,mage,frost,165,81,84
Bumboozling,kazzak,1324,mage,frost,30,14,16
Westellion,stormreaver,1323,mage,frost,41,20,21
Badguy,arathor,1323,mage,frost,30,14,16
Iìíìíìíìíl,ravencrest,1323,mage,frost,47,19,28
Discomorph,the-maelstrom,1322,mage,frost,24,14,10
Quilava,ghostlands,1322,mage,frost,49,26,23
Sused,outland,1321,mage,frost,30,16,14
Morozuvko,tarren-mill,1321,mage,frost,30,15,15
Texita,sylvanas,1319,mage,frost,83,42,41
Icexx,outland,1319,mage,frost,30,15,15
Tjayy,kazzak,1319,mage,frost,99,46,53
Nïo,ravencrest,1318,mage,frost,36,19,17
Bengé,ragnaros,1316,mage,frost,34,20,14
Meydoum,archimonde,1316,mage,frost,30,17,13
Кварийм,howling-fjord,1316,mage,frost,80,36,44
Лутиум,howling-fjord,1315,mage,frost,223,121,102
Javelintouch,eldrethalas,1314,mage,frost,39,17,22
Hetaxata,kazzak,1313,mage,frost,32,16,16
Iceym,ravencrest,1313,mage,frost,41,17,24
Bænoß,ravencrest,1312,mage,frost,30,16,14
Фиджарь,soulflayer,1312,mage,frost,165,83,82
Синийлед,galakrond,1310,mage,frost,156,72,84
Левченкопро,soulflayer,1308,mage,frost,261,132,129
Ромзесх,howling-fjord,1307,mage,frost,18,14,4
Ilikepoly,blackmoore,1307,mage,frost,73,40,33
Zanazanelor,twisting-nether,1307,mage,frost,36,18,18
Aûrûm,silvermoon,1306,mage,frost,90,44,46
Vrajitöru,doomhammer,1304,mage,frost,26,16,10
Animaze,argent-dawn,1302,mage,frost,185,102,83
Keathlin,hyjal,1302,mage,frost,55,26,29
Alktraz,outland,1302,mage,frost,90,40,50
Zevúlòs,ravencrest,1301,mage,frost,66,44,22
Magitron,wildhammer,1301,mage,frost,35,18,17
Cuishle,kaelthas,1299,mage,frost,36,14,22
Psychosiss,kazzak,1298,mage,frost,49,27,22
Iceterror,ravencrest,1298,mage,frost,52,27,25
Skarxaa,sanguino,1295,mage,frost,71,38,33
Иньфанта,deathguard,1295,mage,frost,43,21,22
Momolamoto,hyjal,1294,mage,frost,108,57,51
Xaerow,archimonde,1294,mage,frost,42,22,20
Jackin,burning-legion,1293,mage,frost,89,43,46
Zisseron,frostmane,1293,mage,frost,36,17,19
Магсимум,ashenvale,1292,mage,frost,35,18,17
Kleini,die-aldor,1291,mage,frost,37,22,15
Winterblues,frostmourne,1291,mage,frost,36,20,16
Fractox,ysondre,1290,mage,frost,166,84,82
Tradez,norgannon,1290,mage,frost,60,26,34
Kundry,tarren-mill,1289,mage,frost,42,16,26
Frostjävel,grim-batol,1288,mage,frost,46,24,22
Pruneau,hyjal,1288,mage,frost,95,48,47
Voldemort,bronzebeard,1284,mage,frost,51,24,27
Tacto,ravencrest,1283,mage,frost,310,160,150
Blinkfloyd,blackmoore,1283,mage,frost,35,14,21
Kyraja,arthas,1282,mage,frost,60,22,38
Zoubaz,archimonde,1281,mage,frost,43,21,22
Lupuus,anubarak,1278,mage,frost,44,21,23
Гаразлик,howling-fjord,1278,mage,frost,198,92,106
Xhal,hyjal,1277,mage,frost,36,18,18
Хадъюич,grom,1277,mage,frost,36,18,18
Nups,ravencrest,1277,mage,frost,135,61,74
Orelox,kazzak,1277,mage,frost,35,14,21
Deepfeed,ravencrest,1275,mage,frost,20,14,6
Lovësosa,hyjal,1275,mage,frost,59,28,31
Vathalis,zuluhed,1274,mage,frost,119,53,66
Aeternà,elune,1273,mage,frost,48,24,24
Шанлис,gordunni,1272,mage,frost,30,16,14
Silvariy,stormscale,1272,mage,frost,142,71,71
Funakin,blackrock,1272,mage,frost,88,38,50
Осмотрфанеры,howling-fjord,1272,mage,frost,84,36,48
Teuboku,ysondre,1271,mage,frost,43,27,16
Frozenwisp,stormrage,1271,mage,frost,83,49,34
Asteria,twisting-nether,1268,mage,frost,190,91,99
Lemonshelo,archimonde,1267,mage,frost,74,37,37
Вельдрик,soulflayer,1264,mage,frost,232,118,114
Vaessi,doomhammer,1263,mage,frost,29,14,15
Estupen,sanguino,1261,mage,frost,55,26,29
Gàtsby,outland,1261,mage,frost,68,32,36
Zagori,sylvanas,1260,mage,frost,97,46,51
Kukerr,burning-legion,1259,mage,frost,28,14,14
Darríck,argent-dawn,1258,mage,frost,42,14,28
Nuryielle,blackmoore,1256,mage,frost,30,15,15
Irreversal,ravencrest,1255,mage,frost,113,61,52
Narzoul,ysondre,1254,mage,frost,58,34,24
Heavyfire,kazzak,1254,mage,frost,41,22,19
Suikune,twisting-nether,1253,mage,frost,30,20,10
Firehasse,draenor,1250,mage,frost,120,64,56
Sikaia,twisting-nether,1250,mage,frost,99,47,52
Dríme,ravencrest,1248,mage,frost,30,14,16
Bambaga,kazzak,1248,mage,frost,66,27,39
Abruaa,tarren-mill,1246,mage,frost,18,13,5
Scoxywoxy,ragnaros,1246,mage,frost,44,22,22
Schaap,tarren-mill,1245,mage,frost,18,13,5
Apic,blackrock,1245,mage,frost,29,19,10
Bceps,stormscale,1245,mage,frost,66,35,31
Pwntt,terenas,1245,mage,frost,183,87,96
Wàneís,ravencrest,1245,mage,frost,36,13,23
Ryydee,silvermoon,1243,mage,frost,607,304,303
Drmng,stormscale,1242,mage,frost,24,13,11
Bokvar,twisting-nether,1242,mage,frost,54,29,25
Esculapìo,nemesis,1242,mage,frost,277,141,136
Faycia,blackhand,1242,mage,frost,107,49,58
Oiklo,eitrigg,1242,mage,frost,61,25,36
Njl,blackmoore,1241,mage,frost,24,13,11
Máurus,antonidas,1241,mage,frost,66,25,41
Titanshao,silvermoon,1237,mage,frost,24,16,8
Bossgb,twisting-nether,1237,mage,frost,75,40,35
Криолетта,gordunni,1237,mage,frost,78,35,43
Дырявка,galakrond,1237,mage,frost,84,37,47
Вайконд,howling-fjord,1236,mage,frost,50,23,27
Wumz,blackrock,1233,mage,frost,24,13,11
Gameboycolor,ravencrest,1233,mage,frost,36,13,23
Jokèr,silvermoon,1232,mage,frost,31,17,14
Isolia,silvermoon,1232,mage,frost,47,21,26
Rafaeala,argent-dawn,1229,mage,frost,208,111,97
Gliffy,terokkar,1227,mage,frost,107,58,49
Zenó,blackrock,1227,mage,frost,36,13,23
Juicedup,blackrock,1226,mage,frost,30,13,17
Pinkis,darkmoon-faire,1225,mage,frost,217,113,104
Stryee,ragnaros,1225,mage,frost,30,14,16
Seelengott,onyxia,1224,mage,frost,322,158,164
Zeusmon,ragnaros,1224,mage,frost,113,52,61
Pyroden,stormscale,1224,mage,frost,42,18,24
Aelire,die-aldor,1224,mage,frost,51,20,31
Dyx,nemesis,1222,mage,frost,78,33,45
Хблэйз,howling-fjord,1222,mage,frost,36,14,22
Smöked,tarren-mill,1221,mage,frost,330,163,167
Nazø,archimonde,1221,mage,frost,138,67,71
Eléaena,argent-dawn,1221,mage,frost,30,13,17
Edelvise,azjolnerub,1219,mage,frost,102,39,63
Wartheur,sanguino,1218,mage,frost,68,29,39
Fleurdelacur,ravencrest,1216,mage,frost,69,36,33
Salvijä,dun-modr,1216,mage,frost,41,20,21
Deano,outland,1214,mage,frost,24,14,10
Popixx,magtheridon,1214,mage,frost,90,39,51
Beardyman,haomarush,1214,mage,frost,30,13,17
Klésh,nemesis,1210,mage,frost,24,13,11
Dollzer,khaz-modan,1209,mage,frost,24,13,11
Jaghahah,tarren-mill,1206,mage,frost,114,62,52
Nandie,stormreaver,1206,mage,frost,38,19,19
Olivaresa,ravencrest,1205,mage,frost,50,17,33
Quincy,frostwolf,1204,mage,frost,84,40,44
Momotemp,emerald-dream,1203,mage,frost,120,61,59
Metaboi,ragnaros,1203,mage,frost,82,36,46
Qwixxis,sylvanas,1201,mage,frost,125,64,61
Baravar,blackrock,1199,mage,frost,53,23,30
Gacosane,chamber-of-aspects,1198,mage,frost,115,52,63
Noviina,argent-dawn,1198,mage,frost,100,45,55
Sheeppuncher,drakthul,1198,mage,frost,42,13,29
Zvuta,sanguino,1197,mage,frost,45,29,16
Ananaskana,ragnaros,1196,mage,frost,36,23,13
Séptímus,kazzak,1195,mage,frost,64,28,36
Kapueca,jaedenar,1194,mage,frost,51,34,17
Блья,howling-fjord,1192,mage,frost,85,49,36
Шеллестун,soulflayer,1192,mage,frost,55,28,27
Phaege,defias-brotherhood,1192,mage,frost,32,15,17
Søphiâ,thrall,1191,mage,frost,72,38,34
Flamya,stormscale,1190,mage,frost,59,27,32
Mínêrvâ,blackrock,1189,mage,frost,28,15,13
Вескнам,lich-king,1188,mage,frost,84,36,48
Сибиди,gordunni,1185,mage,frost,24,13,11
Айсвеном,gordunni,1185,mage,frost,84,41,43
Vermilia,darksorrow,1185,mage,frost,114,49,65
Magicdingo,lightnings-blade,1183,mage,frost,36,13,23
Брюнхильда,deepholm,1182,mage,frost,35,14,21
Хируэль,gordunni,1180,mage,frost,98,47,51
Lenycz,burning-blade,1179,mage,frost,60,28,32
Turandot,ravencrest,1178,mage,frost,36,25,11
Elrorfiniel,draenor,1177,mage,frost,32,13,19
Scaless,stormscale,1176,mage,frost,77,37,40
Yenkonidas,blackmoore,1175,mage,frost,54,23,31
Thoria,sylvanas,1174,mage,frost,32,14,18
Niivel,ysondre,1172,mage,frost,178,100,78
Hagiko,archimonde,1171,mage,frost,57,31,26
Rutemarlene,draenor,1171,mage,frost,88,45,43
Zyxiie,sylvanas,1168,mage,frost,100,39,61
Zzombi,sylvanas,1166,mage,frost,81,39,42
Eìnì,kazzak,1164,mage,frost,25,14,11
Морозящий,howling-fjord,1162,mage,frost,165,84,81
Mutly,kazzak,1161,mage,frost,38,23,15
Latiny,blackrock,1159,mage,frost,153,75,78
Broduy,draenor,1159,mage,frost,156,76,80
Icyshot,blackhand,1159,mage,frost,33,16,17
Fôôxy,aegwynn,1157,mage,frost,88,40,48
Tylic,doomhammer,1157,mage,frost,54,20,34
Cns,tarren-mill,1155,mage,frost,29,15,14
Айсбоунт,eversong,1151,mage,frost,49,27,22
Sainth,sanguino,1151,mage,frost,24,12,12
Andors,conseil-des-ombres,1151,mage,frost,24,12,12
Amicuta,ravencrest,1150,mage,frost,60,30,30
Arcticfury,ravencrest,1149,mage,frost,24,12,12
Rillia,argent-dawn,1149,mage,frost,24,12,12
Panlong,twisting-nether,1149,mage,frost,43,21,22
Aterso,azshara,1149,mage,frost,27,13,14
Reblink,draenor,1149,mage,frost,30,12,18
Kleisli,draenor,1148,mage,frost,24,12,12
Hectiickz,bloodhoof,1148,mage,frost,24,12,12
Gedzi,silvermoon,1147,mage,frost,36,24,12
Shivah,onyxia,1146,mage,frost,130,55,75
Чистокрут,gordunni,1146,mage,frost,36,12,24
Jodíefroster,doomhammer,1145,mage,frost,24,12,12
Scoodles,kazzak,1145,mage,frost,30,12,18
Goukí,drakthul,1144,mage,frost,18,12,6
Frostmyst,outland,1143,mage,frost,30,12,18
Tiltedpapi,ravencrest,1142,mage,frost,46,24,22
Tygaone,tirion,1142,mage,frost,100,50,50
Qulinx,kazzak,1142,mage,frost,29,13,16
Hotafazz,ravencrest,1141,mage,frost,57,21,36
Maggresive,sylvanas,1140,mage,frost,30,15,15
Valkruz,nemesis,1140,mage,frost,30,12,18
Iceicebáby,draenor,1139,mage,frost,36,17,19
Flakeh,outland,1138,mage,frost,122,55,67
Illastrov,silvermoon,1138,mage,frost,30,12,18
Sásen,blackrock,1137,mage,frost,93,41,52
Frostyfart,tarren-mill,1136,mage,frost,24,12,12
Boredpeon,burning-legion,1136,mage,frost,84,40,44
Serclulz,ravencrest,1135,mage,frost,23,12,11
Oathkeepper,silvermoon,1135,mage,frost,124,60,64
Marcotekk,dun-modr,1135,mage,frost,30,12,18
Sântillius,twisting-nether,1134,mage,frost,42,25,17
Манднесс,azuregos,1133,mage,frost,24,12,12
Souleh,ravencrest,1133,mage,frost,24,12,12
Коласольдом,gordunni,1133,mage,frost,36,16,20
Kanjani,antonidas,1132,mage,frost,36,12,24
Dobbite,archimonde,1131,mage,frost,30,13,17
Iamslow,sylvanas,1130,mage,frost,18,12,6
Adunaphel,blackmoore,1129,mage,frost,56,31,25
Unpleasant,hyjal,1129,mage,frost,36,15,21
Ewina,twisting-nether,1128,mage,frost,24,12,12
Driana,dragonmaw,1127,mage,frost,18,12,6
Tomuru,draenor,1127,mage,frost,74,44,30
Çxçx,dun-modr,1125,mage,frost,36,14,22
Machydapha,outland,1123,mage,frost,30,13,17
Naote,blackhand,1122,mage,frost,24,12,12
Brandonjames,ragnaros,1122,mage,frost,32,14,18
Arogance,archimonde,1121,mage,frost,66,37,29
Thorstäin,ragnaros,1121,mage,frost,24,12,12
Lêgólás,blackmoore,1119,mage,frost,24,12,12
Rusto,hellscream,1116,mage,frost,30,12,18
Djblink,twisting-nether,1113,mage,frost,43,22,21
Qtiepatootie,silvermoon,1113,mage,frost,202,103,99
Килавый,eversong,1112,mage,frost,74,42,32
Lenali,burning-legion,1111,mage,frost,42,18,24
Magjaw,twisting-nether,1110,mage,frost,36,20,16
Roey,defias-brotherhood,1110,mage,frost,30,14,16
Mordy,stormreaver,1109,mage,frost,23,12,11
Faithseed,dun-modr,1108,mage,frost,60,34,26
Kótaranka,kazzak,1108,mage,frost,71,31,40
Lylla,cthun,1107,mage,frost,48,14,34
Roxarch,nordrassil,1105,mage,frost,60,21,39
Сайджена,howling-fjord,1105,mage,frost,66,22,44
Vexperious,tarren-mill,1102,mage,frost,18,12,6
Arcáge,azjolnerub,1101,mage,frost,61,26,35
Treyz,tichondrius,1098,mage,frost,30,12,18
Aoes,twisting-nether,1097,mage,frost,29,12,17
Kalyipso,blackrock,1097,mage,frost,48,14,34
Дивеансерт,blackscar,1096,mage,frost,72,30,42
Саназэр,howling-fjord,1095,mage,frost,72,33,39
Мрперут,eversong,1091,mage,frost,200,109,91
Kyrox,ysondre,1090,mage,frost,78,34,44
Prinskoekie,twisting-nether,1090,mage,frost,191,79,112
Этридемус,howling-fjord,1090,mage,frost,59,19,40
Tiefkühler,norgannon,1088,mage,frost,51,29,22
Melkyore,archimonde,1088,mage,frost,57,24,33
Нефростмаг,gordunni,1087,mage,frost,33,14,19
Bengtzzon,aszune,1085,mage,frost,36,12,24
Euklid,ravencrest,1083,mage,frost,22,12,10
Goeb,kazzak,1083,mage,frost,35,14,21
Saphiregos,dalaran,1082,mage,frost,165,80,85
Devon,haomarush,1080,mage,frost,53,16,37
Kadsy,tarren-mill,1079,mage,frost,53,24,29
Юлианх,gordunni,1077,mage,frost,407,201,206
Иксайс,soulflayer,1073,mage,frost,51,21,30
Iceinmyveinz,silvermoon,1072,mage,frost,42,14,28
Galdrari,sylvanas,1071,mage,frost,30,13,17
Yojimbot,archimonde,1065,mage,frost,48,15,33
Arcanik,archimonde,1065,mage,frost,49,14,35
Miidi,doomhammer,1064,mage,frost,42,23,19
Дедамаг,eversong,1064,mage,frost,36,18,18
Jodiefroster,bronzebeard,1063,mage,frost,50,29,21
Ryzea,ravencrest,1060,mage,frost,35,21,14
Misscandy,doomhammer,1058,mage,frost,111,53,58
Xèrec,ysondre,1058,mage,frost,36,12,24
Funkyfriday,twisting-nether,1056,mage,frost,24,11,13
Decedé,dun-modr,1055,mage,frost,18,11,7
Xläderz,ravencrest,1055,mage,frost,18,11,7
Tenetic,thrall,1055,mage,frost,20,11,9
Ramcoz,twisting-nether,1055,mage,frost,48,25,23
Stümpy,ravencrest,1055,mage,frost,24,11,13
Watchmylance,blackrock,1055,mage,frost,30,11,19
Síckmode,khadgar,1055,mage,frost,36,11,25
Yshax,malganis,1055,mage,frost,36,11,25
Iceteen,aegwynn,1054,mage,frost,18,11,7
Smõóve,hyjal,1054,mage,frost,139,61,78
Grömit,drakthul,1053,mage,frost,18,11,7
Viro,defias-brotherhood,1053,mage,frost,27,12,15
Xzp,der-rat-von-dalaran,1052,mage,frost,24,11,13
Roughfked,silvermoon,1051,mage,frost,106,55,51
Drencast,hyjal,1051,mage,frost,24,11,13
Bamz,malganis,1051,mage,frost,24,11,13
Винилочка,deathguard,1051,mage,frost,24,11,13
Рамблз,gordunni,1051,mage,frost,24,11,13
Khanno,twisting-nether,1051,mage,frost,30,11,19
Ízumi,stormscale,1051,mage,frost,30,11,19
Autramage,emerald-dream,1050,mage,frost,24,11,13
Primodious,kazzak,1050,mage,frost,30,11,19
Полеморв,soulflayer,1049,mage,frost,33,14,19
Xenedra,twisting-nether,1048,mage,frost,24,11,13
Chililol,dun-modr,1048,mage,frost,24,11,13
Chread,bronze-dragonflight,1048,mage,frost,30,11,19
Obsidion,sporeggar,1047,mage,frost,42,13,29
Férécide,ysondre,1045,mage,frost,30,11,19
Flocca,argent-dawn,1044,mage,frost,21,12,9
Умелецмаг,gordunni,1044,mage,frost,54,27,27
Dominos,medivh,1044,mage,frost,64,26,38
Bobbasor,defias-brotherhood,1044,mage,frost,37,14,23
Ellyson,silvermoon,1043,mage,frost,24,11,13
Arcaneiun,nagrand,1043,mage,frost,30,11,19
Ørcan,azshara,1042,mage,frost,78,29,49
Razzìatore,pozzo-delleternità,1041,mage,frost,25,11,14
Blinklet,twisting-nether,1040,mage,frost,26,17,9
Луциаз,gordunni,1040,mage,frost,72,37,35
Fashes,sunstrider,1039,mage,frost,105,53,52
Khoshgele,draenor,1039,mage,frost,24,11,13
Sheepster,sylvanas,1037,mage,frost,37,18,19
Arkanieer,blackrock,1036,mage,frost,72,37,35
Gnoumen,shadowsong,1033,mage,frost,50,25,25
Ангилема,gordunni,1033,mage,frost,24,11,13
Ergonz,tarren-mill,1033,mage,frost,57,25,32
Clonefcf,sylvanas,1032,mage,frost,55,31,24
Aloona,malganis,1032,mage,frost,52,26,26
Mystto,silvermoon,1030,mage,frost,48,29,19
Snowrain,chogall,1030,mage,frost,53,26,27
Pinguíni,aegwynn,1030,mage,frost,66,32,34
Elesand,kazzak,1029,mage,frost,75,34,41
Cexxar,kazzak,1028,mage,frost,24,11,13
Æyhvr,hyjal,1027,mage,frost,34,18,16
Aériza,silvermoon,1026,mage,frost,29,14,15
Shallari,argent-dawn,1026,mage,frost,30,11,19
Skyra,les-sentinelles,1024,mage,frost,42,24,18
Yasheaa,ysondre,1020,mage,frost,23,11,12
Dumbledores,aegwynn,1018,mage,frost,65,28,37
Erzà,todeswache,1017,mage,frost,53,28,25
Furoranight,malfurion,1016,mage,frost,78,39,39
Edwiin,dun-morogh,1013,mage,frost,87,30,57
Shíntaro,stormscale,1013,mage,frost,41,12,29
Shakamage,grim-batol,1012,mage,frost,69,32,37
Líquiçìty,ragnaros,1011,mage,frost,66,21,45
Didub,outland,1010,mage,frost,60,26,34
Vurtnez,kazzak,1009,mage,frost,21,11,10
Илайла,booty-bay,1007,mage,frost,15,12,3
Zedsdeadbaby,argent-dawn,1005,mage,frost,115,56,59
Thalaja,kazzak,1005,mage,frost,29,11,18
Длинныеухи,blackscar,1003,mage,frost,30,11,19
Экструдия,gordunni,1002,mage,frost,19,12,7
Бальзамон,eversong,1002,mage,frost,73,32,41
Соорка,gordunni,1001,mage,frost,27,11,16
Nåzmyz,outland,999,mage,frost,72,30,42
Forestie,silvermoon,992,mage,frost,80,37,43
Xakiha,kazzak,989,mage,frost,23,11,12
Darrnor,hyjal,986,mage,frost,17,11,6
Fairysoul,ravencrest,986,mage,frost,24,11,13
Éasy,blackmoore,985,mage,frost,20,11,9
Maximilian,pozzo-delleternità,983,mage,frost,32,11,21
Nytram,terokkar,982,mage,frost,36,16,20
Kumakara,archimonde,981,mage,frost,24,12,12
Дроййд,gordunni,981,mage,frost,52,14,38
Ón,burning-steppes,978,mage,frost,27,14,13
Lunnysvet,blackrock,977,mage,frost,64,31,33
Chogger,blackmoore,974,mage,frost,42,24,18
Dnt,twilights-hammer,974,mage,frost,24,11,13
Klita,blackmoore,974,mage,frost,83,36,47
Gravetaxi,twisting-nether,966,mage,frost,84,29,55
Schtenen,silvermoon,963,mage,frost,347,164,183
Ezzekkiel,elune,962,mage,frost,36,18,18
Fujitoras,khaz-modan,961,mage,frost,71,34,37
Cosmostms,ravencrest,960,mage,frost,18,10,8
Botanicula,the-maelstrom,960,mage,frost,18,10,8
Acx,drakthul,960,mage,frost,18,10,8
Oblív,ravencrest,960,mage,frost,24,10,14
Chucknoir,draenor,959,mage,frost,12,10,2
Reákan,ragnaros,959,mage,frost,18,10,8
Утрус,soulflayer,959,mage,frost,18,10,8
Тортикток,soulflayer,959,mage,frost,24,10,14
Spacehoe,stormscale,959,mage,frost,24,10,14
Gønzô,blackmoore,959,mage,frost,55,22,33
Джинетикс,deathguard,958,mage,frost,18,10,8
Onemanrave,ravencrest,957,mage,frost,24,10,14
Lÿra,chants-éternels,956,mage,frost,24,10,14
Gyanni,blackmoore,955,mage,frost,18,10,8
Cunnus,stormreaver,955,mage,frost,18,10,8
Vamelia,blackmoore,955,mage,frost,94,42,52
Anthrex,drakthul,955,mage,frost,24,10,14
Atreu,mazrigos,954,mage,frost,50,24,26
Poter,silvermoon,953,mage,frost,18,10,8
Hotpockets,die-aldor,953,mage,frost,18,10,8
Йяу,howling-fjord,953,mage,frost,54,19,35
Ramires,xavius,952,mage,frost,18,10,8
Чобон,soulflayer,952,mage,frost,24,10,14
Райдзен,greymane,952,mage,frost,80,31,49
Бабайбайкала,gordunni,951,mage,frost,36,10,26
Bakeren,frostmane,950,mage,frost,18,10,8
Haljina,kazzak,949,mage,frost,255,117,138
Celdra,blackrock,949,mage,frost,24,10,14
Tyronesbone,stormscale,949,mage,frost,24,10,14
Shanny,argent-dawn,948,mage,frost,18,10,8
Maybeblood,kazzak,946,mage,frost,28,11,17
Frisstana,outland,946,mage,frost,30,10,20
Evuryl,nemesis,944,mage,frost,24,10,14
Лордбелиал,soulflayer,943,mage,frost,42,17,25
Lifemagic,chamber-of-aspects,942,mage,frost,139,70,69
Hakunaplz,twisting-nether,940,mage,frost,33,11,22
Тестостеронс,gordunni,939,mage,frost,18,10,8
Флоррет,gordunni,939,mage,frost,24,10,14
Héidi,area-52,938,mage,frost,18,10,8
Endymîøn,aegwynn,936,mage,frost,27,11,16
Qwibbly,kazzak,935,mage,frost,18,11,7
Nintho,ysondre,932,mage,frost,18,10,8
Speedshatter,aegwynn,928,mage,frost,22,10,12
Escobar,frostmane,928,mage,frost,36,12,24
Ghostgivree,archimonde,927,mage,frost,69,35,34
Sesseel,veklor,926,mage,frost,25,10,15
Terlon,ragnaros,925,mage,frost,23,10,13
Teals,turalyon,915,mage,frost,48,16,32
Døliprane,garona,911,mage,frost,54,28,26
Jobarttrach,les-clairvoyants,911,mage,frost,270,135,135
Madbad,auchindoun,911,mage,frost,24,10,14
Toxttr,drakthul,908,mage,frost,18,11,7
Флоой,gordunni,906,mage,frost,28,11,17
Сенсемилия,soulflayer,902,mage,frost,24,11,13
Coldnight,uldum,901,mage,frost,61,31,30
Fadead,stormreaver,896,mage,frost,28,10,18
Tyrannith,argent-dawn,896,mage,frost,48,14,34
Funnyzowie,minahonda,895,mage,frost,20,10,10
Sinanogan,draenor,895,mage,frost,36,12,24
Няо,howling-fjord,894,mage,frost,20,10,10
Familyfrost,thunderhorn,894,mage,frost,24,10,14
Мистркорбэн,soulflayer,893,mage,frost,20,10,10
Çana,thrall,893,mage,frost,22,10,12
Insanewizard,kazzak,890,mage,frost,16,10,6
Wopi,sylvanas,890,mage,frost,36,13,23
Camaeel,aegwynn,887,mage,frost,26,10,16
Magicoliwia,ysera,886,mage,frost,57,29,28
Êmmá,blackmoore,885,mage,frost,54,22,32
Setyon,burning-legion,885,mage,frost,26,10,16
Frigus,khaz-modan,884,mage,frost,33,10,23
Juntara,stormscale,880,mage,frost,24,11,13
Thairlas,ragnaros,865,mage,frost,104,34,70
Ráìkù,ravencrest,864,mage,frost,12,9,3
Fakeklepter,sylvanas,864,mage,frost,12,9,3
Procahontas,ravencrest,864,mage,frost,18,9,9
Justvik,eredar,864,mage,frost,18,9,9
Blockumad,ragnaros,864,mage,frost,18,9,9
Мирикон,gordunni,863,mage,frost,18,9,9
Casteerr,kazzak,863,mage,frost,18,9,9
Qqcult,ravencrest,863,mage,frost,18,9,9
Авгурей,howling-fjord,863,mage,frost,18,9,9
Musé,kazzak,863,mage,frost,18,9,9
Ascik,dalaran,863,mage,frost,18,9,9
Hasbe,kazzak,863,mage,frost,18,9,9
Nergl,darksorrow,863,mage,frost,22,10,12
Bloodycast,archimonde,863,mage,frost,24,9,15
Løgi,drakthul,863,mage,frost,24,9,15
Hendersson,blackrock,863,mage,frost,24,9,15
Слизерин,gordunni,863,mage,frost,30,9,21
Izotza,ravencrest,863,mage,frost,36,9,27
Gotone,tarren-mill,862,mage,frost,18,9,9
Piego,turalyon,862,mage,frost,153,75,78
Meroo,hyjal,862,mage,frost,24,9,15
Lumberth,sanguino,861,mage,frost,18,9,9
Shifteurprõ,hyjal,861,mage,frost,18,9,9
Strychne,ragnaros,860,mage,frost,12,9,3
Amazona,veklor,859,mage,frost,38,18,20
Querasimar,blackrock,859,mage,frost,24,9,15
Laggynoob,ravencrest,858,mage,frost,18,9,9
Elitriz,grim-batol,857,mage,frost,12,9,3
Spankpróóf,kazzak,856,mage,frost,24,9,15
Markasaura,kazzak,856,mage,frost,38,11,27
Voralastor,doomhammer,855,mage,frost,12,9,3
Nargaroc,blackhand,855,mage,frost,24,9,15
Dzomage,kazzak,855,mage,frost,30,9,21
Farrä,dun-modr,854,mage,frost,53,26,27
Laureen,outland,851,mage,frost,18,9,9
Neboonu,sylvanas,848,mage,frost,90,40,50
Банана,lich-king,847,mage,frost,18,9,9
Hérésïa,kirin-tor,846,mage,frost,24,9,15
Zaubererblod,silvermoon,845,mage,frost,72,25,47
Alefraide,la-croisade-écarlate,843,mage,frost,18,9,9
Sargelius,grim-batol,841,mage,frost,24,9,15
Ákyraz,blackrock,831,mage,frost,20,10,10
Rintoh,pozzo-delleternità,828,mage,frost,30,9,21
Фростмага,gordunni,825,mage,frost,24,10,14
Arinel,stormreaver,825,mage,frost,65,15,50
Lexalia,blackmoore,823,mage,frost,68,31,37
Aerius,lightnings-blade,813,mage,frost,21,9,12
Marokanez,eredar,812,mage,frost,59,27,32
Elmaestró,aegwynn,810,mage,frost,33,11,22
Ттэль,gordunni,808,mage,frost,117,52,65
Cybercommand,blackmoore,805,mage,frost,85,38,47
Pelsky,zenedar,799,mage,frost,22,9,13
Xyhno,eredar,798,mage,frost,19,10,9
Hooffer,stormscale,797,mage,frost,28,9,19
Vraesh,blackrock,796,mage,frost,17,9,8
Oryom,blackhand,795,mage,frost,35,14,21
Ploufatak,hyjal,794,mage,frost,72,22,50
Lothymond,runetotem,793,mage,frost,26,9,17
Xæl,ravencrest,791,mage,frost,159,76,83
Sammelbot,kargath,780,mage,frost,72,33,39
Arunx,magtheridon,768,mage,frost,12,8,4
Sàltym,ravencrest,768,mage,frost,12,8,4
Txsty,dalaran,768,mage,frost,12,8,4
Ambulancex,kazzak,768,mage,frost,12,8,4
Subzeraxo,archimonde,768,mage,frost,12,8,4
Slôwz,kazzak,768,mage,frost,12,8,4
Trashmage,blackrock,768,mage,frost,12,8,4
Séxmachiné,draenor,768,mage,frost,12,8,4
Misslance,kazzak,768,mage,frost,12,8,4
Urkela,sylvanas,768,mage,frost,15,9,6
Jarim,alleria,768,mage,frost,18,8,10
Fearbeäch,ravencrest,768,mage,frost,18,8,10
Саккер,gordunni,768,mage,frost,18,8,10
Väänik,draenor,768,mage,frost,18,8,10
Terash,ravencrest,768,mage,frost,18,8,10
Mðj,kazzak,768,mage,frost,18,8,10
Wortyvery,outland,768,mage,frost,18,8,10
Gladxp,outland,768,mage,frost,18,8,10
Arempy,tarren-mill,768,mage,frost,18,8,10
Гдедипфриз,soulflayer,768,mage,frost,18,8,10
Styxmg,blackhand,768,mage,frost,18,8,10
Wambamm,ravencrest,768,mage,frost,24,8,16
Zelimeth,outland,768,mage,frost,24,8,16
Verygoodgame,blackrock,767,mage,frost,12,8,4
Tajos,drakthul,767,mage,frost,12,8,4
Gagaj,ravencrest,767,mage,frost,12,8,4
Zili,draenor,767,mage,frost,12,8,4
Karliah,azshara,767,mage,frost,12,8,4
Next,ysondre,767,mage,frost,12,8,4
Нуклер,howling-fjord,767,mage,frost,12,8,4
Goodheadcake,ragnaros,767,mage,frost,18,8,10
Alirya,stormscale,767,mage,frost,18,8,10
Alytà,ravencrest,767,mage,frost,18,8,10
Insømnium,stormscale,767,mage,frost,18,8,10
Okey,frostwhisper,767,mage,frost,18,8,10
Vallas,drakthul,767,mage,frost,18,8,10
Razx,stormscale,767,mage,frost,24,9,15
Vinlimar,drakthul,767,mage,frost,24,8,16
Khorosho,draenor,767,mage,frost,24,8,16
Anoez,kargath,766,mage,frost,18,8,10
Spell,blackmoore,766,mage,frost,18,8,10
Antaos,drakthul,766,mage,frost,24,8,16
Kyrn,zuljin,766,mage,frost,24,8,16
Illiaria,antonidas,765,mage,frost,12,8,4
Fatcasts,silvermoon,765,mage,frost,12,8,4
Ærrflôw,frostwolf,765,mage,frost,18,8,10
Partagedeco,dalaran,765,mage,frost,18,8,10
Skinirp,dun-modr,764,mage,frost,24,8,16
Ezìl,nemesis,763,mage,frost,27,9,18
Нитро,soulflayer,763,mage,frost,24,8,16
Кельтузат,azuregos,762,mage,frost,12,8,4
Lakénz,archimonde,762,mage,frost,18,8,10
Archilól,drakthul,762,mage,frost,18,8,10
Fumandalonso,sanguino,762,mage,frost,24,8,16
Tomjedusor,hyjal,757,mage,frost,12,8,4
Zenoss,khaz-modan,752,mage,frost,91,41,50
Мерджреквест,howling-fjord,745,mage,frost,17,8,9
Pickaachu,doomhammer,739,mage,frost,46,22,24
Qqlool,draenor,735,mage,frost,23,8,15
Amalou,stormscale,729,mage,frost,32,9,23
Morrigane,shattered-hand,721,mage,frost,18,8,10
Magipus,anetheron,721,mage,frost,37,12,25
Mumpii,blackrock,719,mage,frost,23,8,15
Clitch,blutkessel,715,mage,frost,20,9,11
Bibidibabidi,nefarian,711,mage,frost,23,9,14
Rayniß,blackmoore,702,mage,frost,26,8,18
Sephis,anubarak,700,mage,frost,32,8,24
Щавзорву,gordunni,686,mage,frost,16,8,8
Lanere,argent-dawn,684,mage,frost,19,8,11
Venu,dun-modr,677,mage,frost,77,40,37
Skyblink,hyjal,672,mage,frost,12,7,5
Gøsu,rexxar,672,mage,frost,12,7,5
Sölø,stormscale,672,mage,frost,12,7,5
Icéy,kazzak,672,mage,frost,12,7,5
Birckin,sanguino,672,mage,frost,12,7,5
Альмодера,gordunni,672,mage,frost,12,7,5
Cumburlok,silvermoon,672,mage,frost,12,7,5
Monkeydmafia,blackrock,672,mage,frost,12,7,5
Yobys,burning-legion,672,mage,frost,12,7,5
Kold,stormscale,672,mage,frost,12,7,5
Hérä,archimonde,672,mage,frost,12,7,5
Glindalefay,silvermoon,672,mage,frost,12,7,5
Blinked,eredar,672,mage,frost,12,7,5
Gizzoo,draenor,672,mage,frost,12,7,5
Ðevlqt,blackmoore,672,mage,frost,12,7,5
Agus,ravencrest,672,mage,frost,12,7,5
Mezaiyh,blackmoore,672,mage,frost,18,7,11
Magekaoz,sylvanas,672,mage,frost,18,7,11
Chrome,ysondre,672,mage,frost,18,7,11
Candydead,alakir,672,mage,frost,18,7,11
Drwrey,tarren-mill,672,mage,frost,18,7,11
Фристейт,soulflayer,672,mage,frost,18,7,11
Frostboltop,ravencrest,672,mage,frost,18,7,11
Lillelord,defias-brotherhood,672,mage,frost,18,7,11
Mageyreid,quelthalas,672,mage,frost,18,7,11
Azegodxlul,kazzak,672,mage,frost,18,7,11
Jakora,bronze-dragonflight,672,mage,frost,18,7,11
Dalaras,archimonde,672,mage,frost,18,7,11
Ehren,ravencrest,672,mage,frost,26,10,16
Optimelk,bronzebeard,672,mage,frost,24,7,17
Krookéd,tarren-mill,672,mage,frost,24,7,17
Wenndrid,draenor,672,mage,frost,30,7,23
Поэтик,soulflayer,671,mage,frost,12,7,5
Droll,kazzak,671,mage,frost,12,7,5
Blitzo,madmortem,671,mage,frost,12,7,5
Vel,grim-batol,671,mage,frost,12,7,5
Àrtix,silvermoon,671,mage,frost,12,7,5
Trøll,nemesis,671,mage,frost,12,7,5
Geepie,twisting-nether,671,mage,frost,12,7,5
Nynduriella,teldrassil,671,mage,frost,12,7,5
Møstwãntêd,aegwynn,671,mage,frost,12,7,5
Bigraphael,ravencrest,671,mage,frost,18,7,11
Ice,sargeras,671,mage,frost,18,7,11
Broccosoup,kazzak,671,mage,frost,18,7,11
Мэлфариус,soulflayer,671,mage,frost,18,7,11
Crayz,magtheridon,671,mage,frost,18,7,11
Alcatrax,bronze-dragonflight,671,mage,frost,18,7,11
Hardways,archimonde,671,mage,frost,18,7,11
Fyriel,burning-legion,671,mage,frost,18,7,11
Finkle,spinebreaker,671,mage,frost,18,7,11
Iceelance,tarren-mill,671,mage,frost,24,7,17
Suitx,draenor,670,mage,frost,12,7,5
Hotpotatox,ravencrest,670,mage,frost,13,7,6
Madzía,ravencrest,670,mage,frost,37,17,20
Placidius,twisting-nether,670,mage,frost,18,7,11
Unreadyx,archimonde,670,mage,frost,18,7,11
Комонщик,howling-fjord,670,mage,frost,18,7,11
Nery,ravencrest,670,mage,frost,18,7,11
Ronnyraggare,silvermoon,670,mage,frost,18,7,11
Misskity,blackrock,670,mage,frost,18,7,11
Luckymango,alakir,670,mage,frost,18,7,11
Quaile,malygos,670,mage,frost,24,7,17
Schiniie,argent-dawn,669,mage,frost,16,7,9
Luckydo,turalyon,669,mage,frost,18,7,11
Crematorium,argent-dawn,669,mage,frost,19,7,12
Zionara,stormscale,668,mage,frost,18,7,11
Diomaniaco,shattered-hand,668,mage,frost,18,7,11
Allotropia,ravencrest,668,mage,frost,18,7,11
Bolthen,uldum,667,mage,frost,24,7,17
Depai,blackrock,666,mage,frost,21,8,13
Crashleaf,argent-dawn,666,mage,frost,42,7,35
Carcan,aggramar,665,mage,frost,18,7,11
Шиллаа,blackscar,665,mage,frost,18,7,11
Listro,argent-dawn,664,mage,frost,12,7,5
Xblaze,balnazzar,664,mage,frost,12,7,5
Donfalken,anachronos,664,mage,frost,18,7,11
Hurlscream,marécage-de-zangar,663,mage,frost,24,7,17
Xatures,tarren-mill,653,mage,frost,23,7,16
Dumbledoré,frostwolf,648,mage,frost,18,7,11
Чогоце,eversong,643,mage,frost,108,29,79
Expulse,blackmoore,639,mage,frost,11,7,4
Anniemykween,ravencrest,639,mage,frost,20,8,12
Shínsou,burning-blade,637,mage,frost,17,7,10
Neps,chamber-of-aspects,635,mage,frost,30,8,22
Margistikus,die-aldor,626,mage,frost,112,57,55
Lepronsito,kazzak,623,mage,frost,15,7,8
Skæde,ravencrest,618,mage,frost,17,11,6
Svanteg,kazzak,618,mage,frost,14,8,6
Hidrax,outland,617,mage,frost,21,9,12
Tsubas,blackmoore,617,mage,frost,21,8,13
Jockin,stormrage,616,mage,frost,19,8,11
Диссоциация,greymane,608,mage,frost,16,7,9
Tharillion,drakthul,606,mage,frost,14,7,7
Förstörarn,stormscale,606,mage,frost,20,7,13
Substitutes,draenor,606,mage,frost,26,7,19
Eliosia,drakthul,605,mage,frost,11,7,4
Escapematrix,ravencrest,576,mage,frost,6,6,0
Mohammedjiba,ragnaros,576,mage,frost,6,6,0
Estonka,ravencrest,576,mage,frost,6,6,0
Creden,frostmane,576,mage,frost,12,6,6
Søo,kazzak,576,mage,frost,12,6,6
Thughunterqt,silvermoon,576,mage,frost,12,6,6
Perfection,cthun,576,mage,frost,12,6,6
Ecnaclappy,blackrock,576,mage,frost,12,6,6
Titarie,ravencrest,576,mage,frost,12,6,6
Froststarr,burning-legion,576,mage,frost,12,6,6
Адренохромх,gordunni,576,mage,frost,12,6,6
Magicsheep,nemesis,576,mage,frost,12,6,6
Ouija,kazzak,576,mage,frost,12,6,6
Invinsible,xavius,576,mage,frost,12,6,6
Мбапи,soulflayer,576,mage,frost,12,6,6
Dragotus,dragonblight,576,mage,frost,12,6,6
Wheí,ravencrest,576,mage,frost,12,6,6
Forgotenn,draenor,576,mage,frost,12,6,6
Миллерфест,howling-fjord,576,mage,frost,12,6,6
Ixbllyix,alonsus,576,mage,frost,12,6,6
Kurtcobain,draenor,576,mage,frost,12,6,6
Skdroople,ravencrest,576,mage,frost,12,6,6
Sekaia,hyjal,576,mage,frost,12,6,6
Zírí,malygos,576,mage,frost,12,6,6
Nøw,ravencrest,576,mage,frost,12,6,6
Olzaa,outland,576,mage,frost,12,6,6
Halfanapple,the-maelstrom,576,mage,frost,12,6,6
Nécrømage,confrérie-du-thorium,576,mage,frost,12,6,6
Yexo,draenor,576,mage,frost,12,6,6
Necro,zuljin,576,mage,frost,12,6,6
Sickofme,blackmoore,576,mage,frost,12,6,6
Ury,hyjal,576,mage,frost,18,6,12
Зефенжо,howling-fjord,576,mage,frost,18,6,12
Articunoh,ravencrest,576,mage,frost,18,6,12
Reeroll,arthas,576,mage,frost,18,6,12
Деметрадон,gordunni,576,mage,frost,18,6,12
Zikyo,silvermoon,576,mage,frost,18,6,12
Huylusha,kazzak,576,mage,frost,18,6,12
Kbd,outland,576,mage,frost,18,6,12
Диппро,soulflayer,576,mage,frost,24,6,18
Ælirion,antonidas,575,mage,frost,12,6,6
Zulko,krasus,575,mage,frost,12,6,6
Yvonnita,chamber-of-aspects,575,mage,frost,12,6,6
Cafcaf,archimonde,575,mage,frost,12,6,6
Pitbones,archimonde,575,mage,frost,12,6,6
Nanosh,kazzak,575,mage,frost,12,6,6
Kídnappér,twisting-nether,575,mage,frost,12,6,6
Milminmage,ravencrest,575,mage,frost,12,6,6
Kairøs,dragonblight,575,mage,frost,21,7,14
Saturator,burning-legion,575,mage,frost,18,6,12
Cantbelieve,sylvanas,575,mage,frost,18,6,12
Сорримама,soulflayer,575,mage,frost,18,6,12
Kobana,ravencrest,575,mage,frost,18,6,12
Tricolos,sanguino,575,mage,frost,18,6,12
Bloodymage,zenedar,575,mage,frost,18,6,12
Pickindim,terokkar,575,mage,frost,19,6,13
Kaptenski,stormscale,575,mage,frost,24,6,18
Bhaâl,hyjal,574,mage,frost,12,6,6
Zérodose,dalaran,574,mage,frost,12,6,6
Larsimore,drakthul,574,mage,frost,12,6,6
Вхламинка,howling-fjord,574,mage,frost,12,6,6
Stilnox,nemesis,574,mage,frost,18,6,12
Pumpzy,tarren-mill,574,mage,frost,18,6,12
Frostytipz,tarren-mill,574,mage,frost,18,6,12
Lalaura,sanguino,573,mage,frost,12,6,6
Blark,malygos,573,mage,frost,18,6,12
Coldstormz,terenas,573,mage,frost,24,6,18
Yennéfér,outland,573,mage,frost,30,6,24
Piscialetto,nemesis,572,mage,frost,18,6,12
Støneð,blackhand,571,mage,frost,12,6,6
Soulspell,vashj,569,mage,frost,15,7,8
Игаша,gordunni,568,mage,frost,12,6,6
Serlath,defias-brotherhood,565,mage,frost,12,6,6
Hadziaj,doomhammer,565,mage,frost,30,6,24
Soulcatcheus,archimonde,560,mage,frost,24,6,18
Milhoux,ysondre,559,mage,frost,17,6,11
Kaeki,khaz-modan,558,mage,frost,22,10,12
Maran,outland,555,mage,frost,24,6,18
Meign,eredar,537,mage,frost,22,8,14
Bessiie,ragnaros,536,mage,frost,16,6,10
Lidin,draenor,527,mage,frost,11,6,5
Pyllymake,kazzak,527,mage,frost,11,6,5
Nøxas,archimonde,527,mage,frost,17,6,11
Avb,twisting-nether,527,mage,frost,17,6,11
Королеваланс,deathguard,522,mage,frost,16,9,7
Modjahead,tarren-mill,521,mage,frost,27,8,19
Tschelo,eredar,512,mage,frost,16,6,10
Quente,aegwynn,511,mage,frost,10,6,4
Stylaaz,twisting-nether,511,mage,frost,14,6,8
Miihawkk,khaz-modan,510,mage,frost,20,6,14
Yoxt,blackhand,507,mage,frost,14,6,8
Regenn,kazzak,506,mage,frost,11,6,5
Magicstorm,anubarak,504,mage,frost,16,6,10
Осуждаюпве,gordunni,496,mage,frost,19,6,13
Fatefully,ravencrest,494,mage,frost,25,6,19
Khronic,darksorrow,480,mage,frost,6,5,1
Crystalice,zuljin,480,mage,frost,6,5,1
Balthezaj,defias-brotherhood,480,mage,frost,6,5,1
Vorst,shattered-hand,480,mage,frost,6,5,1
Ghosty,festung-der-stürme,480,mage,frost,6,5,1
Jasmira,kazzak,480,mage,frost,6,5,1
Línus,twisting-nether,480,mage,frost,6,5,1
Zehnvonzehn,antonidas,480,mage,frost,6,5,1
Iceage,nemesis,480,mage,frost,6,5,1
Magnopvp,sanguino,480,mage,frost,10,6,4
Milkenjoyer,ravencrest,480,mage,frost,12,5,7
Betomage,blackmoore,480,mage,frost,12,5,7
Dueudafrøven,stormscale,480,mage,frost,12,5,7
Lijla,blackrock,480,mage,frost,12,5,7
Iceyvein,antonidas,480,mage,frost,12,5,7
Reznøør,confrérie-du-thorium,480,mage,frost,12,5,7
Zaurok,sanguino,480,mage,frost,12,5,7
Jesjess,ravencrest,480,mage,frost,12,5,7
Snowberry,blackrock,480,mage,frost,12,5,7
Barzle,blackmoore,480,mage,frost,12,5,7
Dudè,azshara,480,mage,frost,12,5,7
Pixlld,aegwynn,480,mage,frost,12,5,7
Переливпро,blackscar,480,mage,frost,12,5,7
Chrømy,twisting-nether,480,mage,frost,12,5,7
Burnit,dalaran,480,mage,frost,12,5,7
Thelastmage,outland,480,mage,frost,12,5,7
Médivh,archimonde,480,mage,frost,12,5,7
Ikefire,draenor,480,mage,frost,12,5,7
Deathcast,ravencrest,480,mage,frost,12,5,7
Javellja,ravencrest,480,mage,frost,12,5,7
Ганссмаг,soulflayer,480,mage,frost,12,5,7
Kleptomania,archimonde,480,mage,frost,12,5,7
Shatterdude,kazzak,480,mage,frost,12,5,7
Nyoto,silvermoon,480,mage,frost,12,5,7
Maestrá,outland,480,mage,frost,12,5,7
Витуз,gordunni,480,mage,frost,12,5,7
Magenox,blackrock,480,mage,frost,12,5,7
Vapurx,blackmoore,480,mage,frost,12,5,7
Moleester,twisting-nether,480,mage,frost,12,5,7
Moffmage,sylvanas,480,mage,frost,12,5,7
Slite,nazjatar,480,mage,frost,12,5,7
Fîrestorm,doomhammer,480,mage,frost,12,5,7
Shirrunn,the-maelstrom,480,mage,frost,12,5,7
Jînexo,shattrath,480,mage,frost,15,5,10
Арара,gordunni,480,mage,frost,18,5,13
Malygassa,ragnaros,480,mage,frost,18,5,13
Facerollyo,tarren-mill,480,mage,frost,18,5,13
Trevise,ravencrest,480,mage,frost,18,5,13
Шипкастермвп,howling-fjord,480,mage,frost,18,5,13
Intêrnet,archimonde,480,mage,frost,26,5,21
Restinnpiss,twisting-nether,479,mage,frost,6,5,1
Loøgaã,ysondre,479,mage,frost,12,5,7
Olinourss,archimonde,479,mage,frost,12,5,7
Xýton,azjolnerub,479,mage,frost,12,5,7
Промагер,gordunni,479,mage,frost,12,5,7
Zyllu,argent-dawn,479,mage,frost,12,5,7
Wizart,moonglade,479,mage,frost,12,5,7
Whitestiev,antonidas,479,mage,frost,12,5,7
Brutal,thrall,479,mage,frost,12,5,7
Kalterfurz,thrall,479,mage,frost,12,5,7
Deletron,ragnaros,479,mage,frost,18,5,13
Elreas,blackmoore,479,mage,frost,18,5,13
Tripel,blackmoore,479,mage,frost,18,5,13
Claramvi,lightnings-blade,479,mage,frost,18,5,13
Faitha,ravencrest,479,mage,frost,18,5,13
Quickbolt,ravencrest,479,mage,frost,18,5,13
Мэджиксул,grom,478,mage,frost,12,5,7
Feuerflamme,theradras,478,mage,frost,12,5,7
Потныйдпс,eversong,478,mage,frost,16,6,10
Crypticc,dentarg,477,mage,frost,12,5,7
Valtarisoo,amanthul,477,mage,frost,12,5,7
Nthya,kazzak,477,mage,frost,18,5,13
Rifinouu,archimonde,476,mage,frost,12,5,7
Polflop,sylvanas,476,mage,frost,12,5,7
Phibonaci,sylvanas,475,mage,frost,12,5,7
Kaptanati,silvermoon,473,mage,frost,12,5,7
Blinkinggoat,ragnaros,448,mage,frost,18,5,13
Shâykó,sylvanas,447,mage,frost,8,6,2
Aerathâ,blackrock,447,mage,frost,11,5,6
Dcolon,tarren-mill,447,mage,frost,11,5,6
Blacksheep,ravencrest,447,mage,frost,14,6,8
Saytmage,ragnaros,447,mage,frost,17,5,12
Nebby,argent-dawn,447,mage,frost,17,5,12
Swemagus,outland,432,mage,frost,9,5,4
Bíscuít,ragnaros,431,mage,frost,11,5,6
Dozono,silvermoon,428,mage,frost,15,5,10
Торар,deathguard,415,mage,frost,16,5,11
Xerathon,ravencrest,414,mage,frost,16,5,11
Merdon,ravencrest,413,mage,frost,10,5,5
Redsparrow,frostwolf,400,mage,frost,13,5,8
Leylus,blackmoore,399,mage,frost,5,5,0
Anev,sylvanas,384,mage,frost,6,4,2
Saiyangodx,twisting-nether,384,mage,frost,6,4,2
Тризельда,soulflayer,384,mage,frost,6,4,2
Elmînster,aerie-peak,384,mage,frost,6,4,2
Sneakii,the-maelstrom,384,mage,frost,6,4,2
Syráx,blackmoore,384,mage,frost,6,4,2
Belgravia,silvermoon,384,mage,frost,6,4,2
Willmajacki,blackmoore,384,mage,frost,6,4,2
Ahøllic,frostwolf,384,mage,frost,6,4,2
Phaynz,cthun,384,mage,frost,6,4,2
Icescreamer,auchindoun,384,mage,frost,6,4,2
Proudmøøre,argent-dawn,384,mage,frost,6,4,2
Pinkusbruh,aggra-português,384,mage,frost,6,4,2
Zerobelow,silvermoon,384,mage,frost,6,4,2
Gravelegacy,quelthalas,384,mage,frost,6,4,2
Âres,kargath,384,mage,frost,6,4,2
Xaryi,blackhand,384,mage,frost,6,4,2
Gødstopmeplz,aegwynn,384,mage,frost,6,4,2
Kleptocracy,stormscale,384,mage,frost,6,4,2
Bublesk,outland,384,mage,frost,6,4,2
Maegisniec,ragnaros,384,mage,frost,6,4,2
Deathzzaky,ravencrest,384,mage,frost,6,4,2
Nötmârtònxø,ragnaros,384,mage,frost,6,4,2
Màgí,stormscale,384,mage,frost,6,4,2
Skyla,tarren-mill,384,mage,frost,6,4,2
Sylvîe,tarren-mill,384,mage,frost,6,4,2
Spellhaze,outland,384,mage,frost,6,4,2
Génociidz,archimonde,384,mage,frost,6,4,2
Hasslad,tarren-mill,384,mage,frost,6,4,2
Doryy,silvermoon,384,mage,frost,6,4,2
Fuhry,tarren-mill,384,mage,frost,6,4,2
Zetstez,tarren-mill,384,mage,frost,6,4,2
Dwang,nemesis,384,mage,frost,6,4,2
Rubzim,draenor,384,mage,frost,6,4,2
Minglul,archimonde,384,mage,frost,6,4,2
Friedkek,ravencrest,384,mage,frost,6,4,2
Cesi,silvermoon,384,mage,frost,6,4,2
Arcitech,tarren-mill,384,mage,frost,6,4,2
Lusifera,outland,384,mage,frost,6,4,2
Жестьх,blackscar,384,mage,frost,6,4,2
Dauwen,silvermoon,384,mage,frost,6,4,2
Nightcàller,pozzo-delleternità,384,mage,frost,6,4,2
Kirbi,blackmoore,384,mage,frost,10,5,5
Arýà,blackmoore,384,mage,frost,8,4,4
Sweekz,eredar,384,mage,frost,8,4,4
Shuty,hyjal,384,mage,frost,14,5,9
Equálity,blackrock,384,mage,frost,12,4,8
Kuhwar,echsenkessel,384,mage,frost,12,4,8
Kebkhadar,ravencrest,384,mage,frost,12,4,8
Odall,sylvanas,384,mage,frost,12,4,8
Arszéllius,dalaran,384,mage,frost,12,4,8
Ëgï,azshara,384,mage,frost,12,4,8
Пламяорды,soulflayer,384,mage,frost,12,4,8
Flywoman,ravencrest,384,mage,frost,12,4,8
Elor,eredar,384,mage,frost,12,4,8
Proffset,outland,384,mage,frost,12,4,8
Stærq,blackrock,384,mage,frost,12,4,8
Wwjd,darksorrow,384,mage,frost,12,4,8
Stellarie,sylvanas,384,mage,frost,12,4,8
Acclay,malganis,384,mage,frost,12,4,8
Newtwo,ravencrest,384,mage,frost,12,4,8
Jazzi,blackrock,384,mage,frost,12,4,8
Johnnyblazin,outland,384,mage,frost,12,4,8
Alithekuru,silvermoon,384,mage,frost,12,4,8
Flejb,kazzak,384,mage,frost,12,4,8
Ðarkreaver,kaelthas,384,mage,frost,12,4,8
Mopus,ravencrest,384,mage,frost,12,4,8
Muntiks,ravencrest,384,mage,frost,12,4,8
Lambaa,thrall,384,mage,frost,12,4,8
Managurke,blackrock,384,mage,frost,12,4,8
Гунмаказ,gordunni,384,mage,frost,12,4,8
Tarovan,defias-brotherhood,384,mage,frost,12,4,8
Liinki,draenor,384,mage,frost,12,4,8
Kaschnatze,blackmoore,384,mage,frost,12,4,8
Magicrex,alleria,384,mage,frost,12,4,8
Вулльф,gordunni,384,mage,frost,12,4,8
Gnðmeonfire,sylvanas,384,mage,frost,12,4,8
Юджегс,soulflayer,384,mage,frost,12,4,8
Халадель,howling-fjord,384,mage,frost,12,4,8
Fikkamika,ragnaros,384,mage,frost,12,4,8
ßaßastarz,archimonde,384,mage,frost,12,4,8
Alterwhite,archimonde,384,mage,frost,12,4,8
Yajimage,archimonde,384,mage,frost,12,4,8
Индаррил,howling-fjord,384,mage,frost,12,4,8
Consulalgeri,archimonde,384,mage,frost,12,4,8
Blinkmehome,silvermoon,384,mage,frost,18,4,14
Gylith,kirin-tor,384,mage,frost,18,4,14
Krykz,sanguino,384,mage,frost,18,4,14
Watchmepanda,ravencrest,384,mage,frost,18,4,14
Ratamiel,tarren-mill,384,mage,frost,18,4,14
Mobjar,twisting-nether,384,mage,frost,18,4,14
Hargun,the-maelstrom,384,mage,frost,18,4,14
Ruténa,aegwynn,384,mage,frost,18,4,14
Бигдикмаг,soulflayer,384,mage,frost,18,4,14
Ripdeepfreez,culte-de-la-rive-noire,384,mage,frost,18,4,14
Waîdø,blackhand,383,mage,frost,6,4,2
Nortohg,ragnaros,383,mage,frost,6,4,2
Wuffwuffspik,grim-batol,383,mage,frost,6,4,2
Capyla,blackmoore,383,mage,frost,6,4,2
Xenodike,blackrock,383,mage,frost,12,4,8
Труупоед,borean-tundra,383,mage,frost,12,4,8
Magiocre,silvermoon,383,mage,frost,12,4,8
Скватро,gordunni,383,mage,frost,12,4,8
Khad,nemesis,383,mage,frost,12,4,8
Ashkalor,frostwolf,383,mage,frost,17,4,13
Kaiyn,argent-dawn,383,mage,frost,18,4,14
Asnesh,silvermoon,383,mage,frost,18,4,14
Malicä,ravencrest,383,mage,frost,30,4,26
Perhorus,hyjal,382,mage,frost,6,4,2
Skankengine,twisting-nether,382,mage,frost,12,4,8
Mëtåøra,khaz-modan,379,mage,frost,12,4,8
Bina,drakthul,379,mage,frost,12,4,8
Aurayaa,teldrassil,377,mage,frost,23,4,19
Bisuke,stormscale,367,mage,frost,11,4,7
Whosthemage,kazzak,351,mage,frost,8,5,3
Møøk,magtheridon,336,mage,frost,15,4,11
Frostitutíon,kazzak,336,mage,frost,15,4,11
Pringlesrör,ragnaros,332,mage,frost,15,4,11
Grönmonster,shattered-hand,330,mage,frost,13,5,8
Pascalmabite,outland,330,mage,frost,14,5,9
Leontus,outland,330,mage,frost,16,5,11
Consquens,aszune,330,mage,frost,18,5,13
Distrophy,vashj,330,mage,frost,18,5,13
Scras,ragnaros,320,mage,frost,10,4,6
Tiduhasi,antonidas,319,mage,frost,11,4,7
Jambonpistol,archimonde,319,mage,frost,20,4,16
Flizwiz,ragnaros,303,mage,frost,13,4,9
Баблби,greymane,288,mage,frost,6,3,3
Bóósh,alakir,288,mage,frost,6,3,3
Fäust,drakthul,288,mage,frost,6,3,3
Tommyboy,dragonblight,288,mage,frost,6,3,3
Haginatorr,twisting-nether,288,mage,frost,6,3,3
Amaterâsu,antonidas,288,mage,frost,6,3,3
Айсъмэджик,azuregos,288,mage,frost,6,3,3
Askannor,norgannon,288,mage,frost,6,3,3
Psicotropico,shendralar,288,mage,frost,6,3,3
Овеча,gordunni,288,mage,frost,6,3,3
Каперниан,fordragon,288,mage,frost,6,3,3
Ørixx,blackhand,288,mage,frost,6,3,3
Xerv,thrall,288,mage,frost,6,3,3
Halø,bloodhoof,288,mage,frost,6,3,3
Blåskjell,kazzak,288,mage,frost,6,3,3
Zlacked,tarren-mill,288,mage,frost,6,3,3
Bantos,khadgar,288,mage,frost,6,3,3
Hànsól,antonidas,288,mage,frost,6,3,3
Yésdávé,stormscale,288,mage,frost,6,3,3
Lepapes,doomhammer,288,mage,frost,6,3,3
Дмблдр,soulflayer,288,mage,frost,6,3,3
Gehrkeblock,silvermoon,288,mage,frost,6,3,3
ßjwercke,stormscale,288,mage,frost,6,3,3
Diper,burning-legion,288,mage,frost,6,3,3
Arcon,garrosh,288,mage,frost,6,3,3
Тейемор,gordunni,288,mage,frost,6,3,3
Rüja,aegwynn,288,mage,frost,6,3,3
Muuckie,blackrock,288,mage,frost,6,3,3
Tudorthemage,xavius,288,mage,frost,6,3,3
Skrba,kazzak,288,mage,frost,6,3,3
Cyser,kazzak,288,mage,frost,6,3,3
Frökenfrost,stormscale,288,mage,frost,6,3,3
Kao,ravencrest,288,mage,frost,6,3,3
ßerkoßaggins,ravencrest,288,mage,frost,6,3,3
Волшебну,soulflayer,288,mage,frost,6,3,3
Illîllîllî,blackrock,288,mage,frost,6,3,3
Swayyx,sylvanas,288,mage,frost,6,3,3
Пвнзглад,gordunni,288,mage,frost,6,3,3
Trúkez,ragnaros,288,mage,frost,6,3,3
Lilekx,archimonde,288,mage,frost,6,3,3
Nevertøxic,ravencrest,288,mage,frost,6,3,3
Strawßerry,sanguino,288,mage,frost,6,3,3
Onegaisenpai,ragnaros,288,mage,frost,6,3,3
Fkeverybody,ravencrest,288,mage,frost,6,3,3
Kimfjongmajs,silvermoon,288,mage,frost,6,3,3
Mégaera,archimonde,288,mage,frost,6,3,3
Rohthalas,frostwolf,288,mage,frost,6,3,3
Periphery,zenedar,288,mage,frost,6,3,3
Soulraider,tarren-mill,288,mage,frost,6,3,3
Sozie,tarren-mill,288,mage,frost,6,3,3
Jingom,ravencrest,288,mage,frost,6,3,3
Hachiro,onyxia,288,mage,frost,6,3,3
Zsage,ragnaros,288,mage,frost,6,3,3
Cubis,archimonde,288,mage,frost,6,3,3
Боожженька,howling-fjord,288,mage,frost,6,3,3
Zørïna,ysondre,288,mage,frost,6,3,3
Chubbyjoe,blackmoore,288,mage,frost,6,3,3
Hutylo,ysondre,288,mage,frost,6,3,3
Brunettdelux,archimonde,288,mage,frost,6,3,3
Vodjka,nemesis,288,mage,frost,6,3,3
Merlín,malganis,288,mage,frost,6,3,3
Frìsko,sylvanas,288,mage,frost,6,3,3
Meras,die-ewige-wacht,288,mage,frost,6,3,3
Feuerquampfa,blackmoore,288,mage,frost,6,3,3
Xlarb,kazzak,288,mage,frost,6,3,3
Drfröst,kazzak,288,mage,frost,6,3,3
Håtemebaby,kazzak,288,mage,frost,6,3,3
Ghayaa,defias-brotherhood,288,mage,frost,6,3,3
Radiantfury,outland,288,mage,frost,6,3,3
Aestus,outland,288,mage,frost,6,3,3
Siérra,outland,288,mage,frost,6,3,3
Rèkt,lightbringer,288,mage,frost,6,3,3
Timzør,outland,288,mage,frost,6,3,3
Ballesteinen,outland,288,mage,frost,6,3,3
Narcîsa,sanguino,288,mage,frost,6,3,3
Maagni,outland,288,mage,frost,6,3,3
Arandartis,kazzak,288,mage,frost,6,3,3
Myuou,hyjal,288,mage,frost,6,3,3
Bigburns,draenor,288,mage,frost,6,3,3
Waysha,dun-modr,288,mage,frost,6,3,3
Makez,draenor,288,mage,frost,6,3,3
Selith,magtheridon,288,mage,frost,6,3,3
Triuno,sylvanas,288,mage,frost,10,4,6
Janovawitnes,azuremyst,288,mage,frost,10,3,7
Rachouu,archimonde,288,mage,frost,12,3,9
Nùts,archimonde,288,mage,frost,12,3,9
Kryptass,aegwynn,288,mage,frost,12,3,9
Тудысюдым,eversong,288,mage,frost,12,3,9
Vanser,kazzak,288,mage,frost,12,3,9
Tadaa,blackmoore,288,mage,frost,12,3,9
Blastus,ragnaros,288,mage,frost,12,3,9
Хадя,blackscar,288,mage,frost,12,3,9
Waterhagx,tarren-mill,288,mage,frost,12,3,9
Ypy,dragonmaw,288,mage,frost,12,3,9
Subtempo,silvermoon,288,mage,frost,12,3,9
Xeldary,blackmoore,288,mage,frost,12,3,9
Lycfatum,twisting-nether,288,mage,frost,12,3,9
Schøkø,eredar,288,mage,frost,12,3,9
Catafract,kazzak,288,mage,frost,12,3,9
Сэбат,soulflayer,288,mage,frost,12,3,9
Imasheeper,silvermoon,288,mage,frost,12,3,9
Voraxma,draenor,288,mage,frost,12,3,9
Чоуза,gordunni,288,mage,frost,12,3,9
Fernandéz,ravencrest,288,mage,frost,12,3,9
Onlymage,outland,288,mage,frost,12,3,9
Котофайв,howling-fjord,288,mage,frost,12,3,9
Эммилиарда,gordunni,288,mage,frost,12,3,9
Barspin,lightnings-blade,288,mage,frost,12,3,9
Heatwavesa,ravencrest,288,mage,frost,12,3,9
Micklolz,blackmoore,288,mage,frost,12,3,9
Ахиригиз,gordunni,288,mage,frost,12,3,9
Jóhnnybravó,draenor,288,mage,frost,12,3,9
Sérc,ravencrest,288,mage,frost,12,3,9
Curran,ravencrest,288,mage,frost,12,3,9
Paradigma,sylvanas,288,mage,frost,12,3,9
Äßäm,outland,288,mage,frost,12,3,9
Gogara,kazzak,288,mage,frost,12,3,9
Hacimari,hyjal,288,mage,frost,12,3,9
Phonkim,stormscale,288,mage,frost,12,3,9
Sérum,drakthul,288,mage,frost,12,3,9
Bumps,bronze-dragonflight,288,mage,frost,12,3,9
Nerobus,malorne,288,mage,frost,12,3,9
Скайлуйт,gordunni,288,mage,frost,12,3,9
Flarriux,twisting-nether,288,mage,frost,12,3,9
Avæ,stormscale,288,mage,frost,12,3,9
Harpelmage,auchindoun,288,mage,frost,12,3,9
Rizzlybear,outland,288,mage,frost,12,3,9
Kilféfroid,ysondre,288,mage,frost,13,3,10
Icystar,antonidas,288,mage,frost,18,3,15
Cortis,outland,288,mage,frost,18,3,15
Zuza,magtheridon,287,mage,frost,6,3,3
Zhazam,blades-edge,287,mage,frost,6,3,3
Reeyymmoo,draenor,287,mage,frost,6,3,3
Fumachustas,kazzak,287,mage,frost,6,3,3
Tsr,burning-legion,287,mage,frost,6,3,3
Magó,eredar,287,mage,frost,6,3,3
Эпсиха,lich-king,287,mage,frost,6,3,3
Напряжеметр,soulflayer,287,mage,frost,6,3,3
Kasus,sporeggar,287,mage,frost,12,3,9
Arttu,defias-brotherhood,287,mage,frost,12,3,9
Lightbínder,antonidas,287,mage,frost,12,3,9
Mexxlaz,eredar,287,mage,frost,12,3,9
Nekroulis,agamaggan,287,mage,frost,17,3,14
Брэгг,gordunni,287,mage,frost,18,3,15
Freeto,blackmoore,286,mage,frost,6,3,3
Maélïne,hyjal,286,mage,frost,6,3,3
Rosenkrauz,kul-tiras,280,mage,frost,26,3,23
Torryel,silvermoon,256,mage,frost,10,3,7
Кагумми,gordunni,256,mage,frost,16,3,13
Колдунская,gordunni,255,mage,frost,11,3,8
Trîîck,nethersturm,239,mage,frost,5,3,2
Iif,zirkel-des-cenarius,239,mage,frost,5,3,2
Alèxjones,stormscale,239,mage,frost,5,3,2
Auzt,kazzak,192,mage,frost,6,2,4
Nanet,cthun,192,mage,frost,6,2,4
Ehbehad,doomhammer,192,mage,frost,6,2,4
Kriokola,steamwheedle-cartel,192,mage,frost,6,2,4
Labius,dun-modr,192,mage,frost,6,2,4
Usidore,sylvanas,192,mage,frost,6,2,4
Tesho,sylvanas,192,mage,frost,6,2,4
Qalisp,twisting-nether,192,mage,frost,6,2,4
Hacksopa,twisting-nether,192,mage,frost,6,2,4
Balmak,doomhammer,192,mage,frost,6,2,4
Dabzm,twisting-nether,192,mage,frost,6,2,4
Вовзон,howling-fjord,192,mage,frost,6,2,4
Gandulf,malorne,192,mage,frost,6,2,4
Youded,arthas,192,mage,frost,6,2,4
Ellianor,drakthul,192,mage,frost,6,2,4
Cyreniax,the-maelstrom,192,mage,frost,6,2,4
Bugica,drakthul,192,mage,frost,6,2,4
Celestis,sylvanas,192,mage,frost,6,2,4
Merwido,the-maelstrom,192,mage,frost,6,2,4
Meteofrost,draenor,192,mage,frost,6,2,4
Maveya,blackmoore,192,mage,frost,6,2,4
Dxdxdxdxdx,drakthul,192,mage,frost,6,2,4
Etherìon,los-errantes,192,mage,frost,6,2,4
Barka,colinas-pardas,192,mage,frost,6,2,4
Welt,drakthul,192,mage,frost,6,2,4
Ðøæø,twisting-nether,192,mage,frost,6,2,4
Liloz,aegwynn,192,mage,frost,6,2,4
Maeflix,aegwynn,192,mage,frost,6,2,4
Vaerén,malganis,192,mage,frost,6,2,4
Creak,blackhand,192,mage,frost,6,2,4
Héstia,sylvanas,192,mage,frost,6,2,4
Haxyo,twisting-nether,192,mage,frost,6,2,4
Uwutehe,ravencrest,192,mage,frost,6,2,4
Burnem,kult-der-verdammten,192,mage,frost,6,2,4
Ingibjorg,auchindoun,192,mage,frost,6,2,4
Shealá,blackhand,192,mage,frost,6,2,4
Firecold,silvermoon,192,mage,frost,6,2,4
Ratedr,silvermoon,192,mage,frost,6,2,4
Ceinxjk,ravencrest,192,mage,frost,6,2,4
Эникор,gordunni,192,mage,frost,6,2,4
Tomia,burning-legion,192,mage,frost,6,2,4
Ahuenchik,stormscale,192,mage,frost,6,2,4
Alleii,kazzak,192,mage,frost,6,2,4
Kàtsu,tarren-mill,192,mage,frost,6,2,4
Ohateyz,burning-legion,192,mage,frost,6,2,4
Levioosah,draenor,192,mage,frost,6,2,4
Budgetziqo,ravencrest,192,mage,frost,6,2,4
Ipen,bloodfeather,192,mage,frost,6,2,4
Yunion,burning-legion,192,mage,frost,6,2,4
Benthortm,tarren-mill,192,mage,frost,6,2,4
Smokedaddy,stormscale,192,mage,frost,6,2,4
Crite,blackmoore,192,mage,frost,6,2,4
Naldora,turalyon,192,mage,frost,6,2,4
Swørd,aggra-português,192,mage,frost,6,2,4
Êgôn,perenolde,192,mage,frost,6,2,4
Frazztato,tarren-mill,192,mage,frost,6,2,4
Zilus,gilneas,192,mage,frost,6,2,4
Imnis,outland,192,mage,frost,6,2,4
Yinula,stormscale,192,mage,frost,6,2,4
Галадриелька,gordunni,192,mage,frost,6,2,4
Laciee,silvermoon,192,mage,frost,6,2,4
Wizoz,blackrock,192,mage,frost,6,2,4
Brísingamen,outland,192,mage,frost,6,2,4
Колдрагос,gordunni,192,mage,frost,6,2,4
Adetin,tarren-mill,192,mage,frost,6,2,4
Animositymg,draenor,192,mage,frost,6,2,4
Sany,anubarak,192,mage,frost,6,2,4
Feath,ravencrest,192,mage,frost,6,2,4
Flanor,pozzo-delleternità,192,mage,frost,6,2,4
Wroneq,burning-legion,192,mage,frost,6,2,4
Goodopeners,outland,192,mage,frost,6,2,4
Berylton,argent-dawn,192,mage,frost,6,2,4
Skylezy,blackrock,192,mage,frost,6,2,4
Whìtewalker,pozzo-delleternità,192,mage,frost,6,2,4
Sebers,kazzak,192,mage,frost,6,2,4
Sperow,marécage-de-zangar,192,mage,frost,6,2,4
Robsn,blackrock,192,mage,frost,6,2,4
Proxanlulz,ravencrest,192,mage,frost,6,2,4
Colder,hyjal,192,mage,frost,6,2,4
Xblaz,draenor,192,mage,frost,6,2,4
Harzallane,kirin-tor,192,mage,frost,6,2,4
Jeâns,alexstrasza,192,mage,frost,6,2,4
Bræckdønæs,sanguino,192,mage,frost,6,2,4
Missáh,archimonde,192,mage,frost,6,2,4
Tobie,bladefist,192,mage,frost,6,2,4
Kasidead,archimonde,192,mage,frost,6,2,4
Mässîvècøx,ragnaros,192,mage,frost,6,2,4
Kobrass,spinebreaker,192,mage,frost,6,2,4
Banausisch,blackmoore,192,mage,frost,6,2,4
Frostbringer,archimonde,192,mage,frost,6,2,4
Exael,ravencrest,192,mage,frost,6,2,4
Alieni,stormreaver,192,mage,frost,6,2,4
Ekron,sanguino,192,mage,frost,6,2,4
Zheakz,kazzak,192,mage,frost,6,2,4
Zerøsílgødx,antonidas,192,mage,frost,6,2,4
Zulkas,stormreaver,192,mage,frost,6,2,4
Jengele,argent-dawn,192,mage,frost,6,2,4
Mooryel,burning-legion,192,mage,frost,6,2,4
Pariseta,ragnaros,192,mage,frost,6,2,4
Magovix,archimonde,192,mage,frost,6,2,4
Queuefiend,eredar,192,mage,frost,6,2,4
Infamage,draenor,192,mage,frost,6,2,4
Gameart,alexstrasza,192,mage,frost,6,2,4
Димаскунфу,howling-fjord,192,mage,frost,6,2,4
Фрайзо,gordunni,192,mage,frost,6,2,4
Бд,blackscar,192,mage,frost,6,2,4
Zeramage,eredar,192,mage,frost,6,2,4
Джинжилах,gordunni,192,mage,frost,6,2,4
Driäm,ragnaros,192,mage,frost,6,2,4
Betoxin,dunemaul,192,mage,frost,7,2,5
Pogmage,blackrock,192,mage,frost,12,2,10
Rapidfrost,drakthul,192,mage,frost,12,2,10
Kosso,twisting-nether,192,mage,frost,12,2,10
Kaevelin,argent-dawn,192,mage,frost,12,2,10
Nifer,tarren-mill,192,mage,frost,12,2,10
Qirko,drakthul,192,mage,frost,12,2,10
Shadyexd,ravencrest,192,mage,frost,12,2,10
Braínfreeze,kazzak,192,mage,frost,12,2,10
Shiftea,argent-dawn,192,mage,frost,12,2,10
Bêta,dun-modr,192,mage,frost,12,2,10
Buzzcraft,draenor,192,mage,frost,12,2,10
Portnography,draenor,192,mage,frost,12,2,10
Магниффика,blackscar,192,mage,frost,12,2,10
Illiot,twisting-nether,192,mage,frost,12,2,10
Flamê,ragnaros,192,mage,frost,12,2,10
Toyash,ragnaros,192,mage,frost,12,2,10
Qtoli,tarren-mill,192,mage,frost,12,2,10
Myriel,thrall,192,mage,frost,12,2,10
Atírpá,doomhammer,192,mage,frost,12,2,10
Freezeballs,blackmoore,192,mage,frost,12,2,10
Shizzy,onyxia,192,mage,frost,12,2,10
Mariujana,ravencrest,192,mage,frost,12,2,10
Blinkyrascal,silvermoon,192,mage,frost,12,2,10
Hruon,ravenholdt,192,mage,frost,15,2,13
Blainemagus,arathor,192,mage,frost,17,2,15
Duncanidaho,throkferoth,191,mage,frost,6,2,4
Aaropalli,kazzak,191,mage,frost,6,2,4
Mallisto,magtheridon,191,mage,frost,6,2,4
Makkertje,silvermoon,191,mage,frost,6,2,4
Illusionx,grim-batol,191,mage,frost,6,2,4
Mátraxx,silvermoon,191,mage,frost,12,2,10
Proxj,stormscale,175,mage,frost,11,2,9
Cerewyn,ravencrest,175,mage,frost,11,2,9
Ivailo,ravencrest,159,mage,frost,5,2,3
Kyan,burning-legion,159,mage,frost,5,2,3
Hord,zuljin,159,mage,frost,5,2,3
Dødo,archimonde,159,mage,frost,5,2,3
Codeincassie,blackhand,138,mage,frost,10,4,6
Zôot,ravencrest,138,mage,frost,11,4,7
Drinte,blackmoore,138,mage,frost,10,3,7
Winswin,stormscale,138,mage,frost,11,3,8
Lovesosa,malorne,138,mage,frost,13,3,10
Klivapå,aggramar,128,mage,frost,4,2,2
Frostlocked,silvermoon,128,mage,frost,4,2,2
Швайго,gordunni,128,mage,frost,4,2,2
Skitsó,shadowsong,127,mage,frost,4,2,2
Felmington,silvermoon,127,mage,frost,4,2,2
Arghen,nemesis,105,mage,frost,13,3,10
Firestárter,ravencrest,96,mage,frost,3,2,1
Akharthion,defias-brotherhood,96,mage,frost,3,2,1
Ntintsec,tarren-mill,96,mage,frost,3,2,1
Holginho,twilights-hammer,96,mage,frost,37,12,25
Pungvre,kazzak,96,mage,frost,6,1,5
Генстащитка,gordunni,96,mage,frost,6,1,5
Холдми,gordunni,96,mage,frost,6,1,5
Ледянойкекс,gordunni,96,mage,frost,6,1,5
Dwarfyy,frostmane,96,mage,frost,6,1,5
Одз,grom,96,mage,frost,6,1,5
Сморгонец,gordunni,96,mage,frost,6,1,5
Magemeni,sylvanas,96,mage,frost,6,1,5
Rouxbignol,archimonde,96,mage,frost,6,1,5
Coombuster,kazzak,96,mage,frost,6,1,5
Víóla,nagrand,96,mage,frost,6,1,5
Feudobois,archimonde,96,mage,frost,6,1,5
Froostii,aegwynn,96,mage,frost,6,1,5
Колтрэйн,blackscar,96,mage,frost,6,1,5
Poochmage,archimonde,96,mage,frost,6,1,5
Чаклунхитрун,gordunni,96,mage,frost,6,1,5
Mayalac,archimonde,96,mage,frost,6,1,5
Béboutosaure,varimathras,96,mage,frost,6,1,5
Serbzor,stormscale,96,mage,frost,6,1,5
Shawarm,stormscale,96,mage,frost,6,1,5
Eryssz,archimonde,96,mage,frost,6,1,5
Graell,archimonde,96,mage,frost,6,1,5
Rezre,stormscale,96,mage,frost,6,1,5
Rmforever,archimonde,96,mage,frost,6,1,5
Arcann,ravencrest,96,mage,frost,6,1,5
Volksmagier,ravencrest,96,mage,frost,6,1,5
Velkyn,ravencrest,96,mage,frost,6,1,5
Niladyel,hyjal,96,mage,frost,6,1,5
Dyen,hyjal,96,mage,frost,6,1,5
Gorrou,hyjal,96,mage,frost,6,1,5
Capz,outland,96,mage,frost,6,1,5
Imshilling,ravencrest,96,mage,frost,6,1,5
Shêepwithme,ravencrest,96,mage,frost,6,1,5
Petri,laughing-skull,96,mage,frost,6,1,5
Ноусес,soulflayer,96,mage,frost,6,1,5
Sheeptonreup,archimonde,96,mage,frost,6,1,5
Babynilli,ravencrest,96,mage,frost,6,1,5
Cheeku,outland,96,mage,frost,6,1,5
Aarcheon,kazzak,96,mage,frost,6,1,5
Magîny,antonidas,96,mage,frost,6,1,5
Knulljonný,kazzak,96,mage,frost,6,1,5
Sendera,taerar,96,mage,frost,6,1,5
Meisterg,frostwolf,96,mage,frost,6,1,5
Chimará,eredar,96,mage,frost,6,1,5
Xcender,sylvanas,96,mage,frost,6,1,5
Cleanaf,hellfire,96,mage,frost,6,1,5
Dphalos,ravencrest,96,mage,frost,6,1,5
Devòna,silvermoon,96,mage,frost,6,1,5
Alphaburstqx,ragnaros,96,mage,frost,6,1,5
Keïji,khaz-modan,96,mage,frost,6,1,5
Wilhélm,twisting-nether,96,mage,frost,6,1,5
Testoletku,twisting-nether,96,mage,frost,6,1,5
Ekyoo,blackrock,96,mage,frost,6,1,5
Ibfear,twisting-nether,96,mage,frost,6,1,5
Mëgu,silvermoon,96,mage,frost,6,1,5
Teeclis,twisting-nether,96,mage,frost,6,1,5
Trenpapi,twisting-nether,96,mage,frost,6,1,5
Kpacey,guldan,96,mage,frost,6,1,5
Vali,drakthul,96,mage,frost,6,1,5
Hurtinlo,dun-modr,96,mage,frost,6,1,5
Mésai,silvermoon,96,mage,frost,6,1,5
Sílvér,draenor,96,mage,frost,6,1,5
Pflanzenn,nozdormu,96,mage,frost,6,1,5
Squìshy,magtheridon,96,mage,frost,6,1,5
Rilac,nordrassil,96,mage,frost,6,1,5
Homeessa,stormreaver,96,mage,frost,6,1,5
Loskapaska,stormreaver,96,mage,frost,6,1,5
Dóncójones,blackrock,96,mage,frost,6,1,5
Internals,tarren-mill,96,mage,frost,6,1,5
Vildfogel,tarren-mill,96,mage,frost,6,1,5
Rushhdj,exodar,96,mage,frost,6,1,5
Dphz,tarren-mill,96,mage,frost,6,1,5
Wingman,tarren-mill,96,mage,frost,6,1,5
Nullso,zuljin,96,mage,frost,6,1,5
Silmara,shadowsong,96,mage,frost,6,1,5
Romaga,quelthalas,96,mage,frost,6,1,5
Ghelder,drakthul,96,mage,frost,6,1,5
Squirtee,drakthul,96,mage,frost,6,1,5
Rayiah,blackmoore,96,mage,frost,6,1,5
Deathbrínger,alakir,96,mage,frost,6,1,5
Snowy,sargeras,96,mage,frost,12,1,11
Pihkanaaras,stormscale,96,mage,frost,12,1,11
Gamah,exodar,96,mage,frost,12,1,11
Wàrpten,draenor,96,mage,frost,12,1,11
Fintexmex,ravencrest,96,mage,frost,12,1,11
Vïto,zuljin,96,mage,frost,12,1,11
Floé,twisting-nether,95,mage,frost,6,1,5
Зухвала,howling-fjord,95,mage,frost,6,1,5
Elkayizer,archimonde,95,mage,frost,12,1,11
Bagss,ysondre,95,mage,frost,12,1,11
Nalord,saurfang,95,mage,frost,12,1,11
Levora,ragnaros,79,mage,frost,5,1,4
Хаскивсказке,gordunni,64,mage,frost,4,1,3
Каппашилка,gordunni,64,mage,frost,4,1,3
Gocu,tarren-mill,63,mage,frost,2,2,0
Деозар,eversong,63,mage,frost,2,2,0
Magebraín,ravencrest,63,mage,frost,2,2,0
Тачитачи,gordunni,48,mage,frost,3,1,2
Натсумен,soulflayer,48,mage,frost,3,1,2
Ямурайхо,howling-fjord,48,mage,frost,3,1,2
Aeghis,darkspear,42,mage,frost,10,3,7
Avizura,argent-dawn,42,mage,frost,10,3,7
Mayreel,antonidas,42,mage,frost,11,3,8
Boned,ravencrest,42,mage,frost,17,3,14
Интровертка,blackscar,31,mage,frost,2,1,1
Xaramael,colinas-pardas,8,mage,frost,9,3,6
Commadore,draenor,2339,monk,mistweaver,173,102,71
Cømmadore,sylvanas,2315,monk,mistweaver,115,70,45
Fister,zuljin,2305,monk,mistweaver,83,58,25
Fisterino,zuljin,2304,monk,mistweaver,54,42,12
Botweaver,tarren-mill,2297,monk,mistweaver,140,88,52
Nnsstt,zuljin,2290,monk,mistweaver,110,69,41
Brickeduptwo,twisting-nether,2268,monk,mistweaver,180,132,48
Cocojones,tarren-mill,2267,monk,mistweaver,174,120,54
Brickedup,twisting-nether,2267,monk,mistweaver,157,92,65
Фуфинус,gordunni,2254,monk,mistweaver,89,53,36
Sâu,twisting-nether,2249,monk,mistweaver,128,81,47
Donitrivegas,blackrock,2249,monk,mistweaver,291,184,107
Керизз,gordunni,2245,monk,mistweaver,94,60,34
Bankmw,tarren-mill,2242,monk,mistweaver,107,70,37
Пиписечка,gordunni,2237,monk,mistweaver,109,67,42
Umadbrohuh,outland,2237,monk,mistweaver,99,60,39
Ínsanez,dun-modr,2232,monk,mistweaver,138,82,56
Lp,mugthol,2231,monk,mistweaver,90,59,31
Kêkburagol,kazzak,2231,monk,mistweaver,240,146,94
Chichigneux,hyjal,2218,monk,mistweaver,134,87,47
Montex,stormscale,2210,monk,mistweaver,96,53,43
Kanketoe,korgall,2210,monk,mistweaver,107,58,49
Sqxgodx,ragnaros,2209,monk,mistweaver,83,50,33
Problematic,blackmoore,2207,monk,mistweaver,124,77,47
Kurbanov,stormscale,2205,monk,mistweaver,237,129,108
Loiythree,dun-modr,2199,monk,mistweaver,120,65,55
Loiyh,dun-modr,2199,monk,mistweaver,138,73,65
Kåtsumi,sanguino,2198,monk,mistweaver,199,127,72
Chsx,ravencrest,2196,monk,mistweaver,162,110,52
Loiyah,dun-modr,2196,monk,mistweaver,126,68,58
Djsqx,outland,2195,monk,mistweaver,70,41,29
Shonbadatret,argent-dawn,2192,monk,mistweaver,126,77,49
Quendiz,frostwolf,2190,monk,mistweaver,96,52,44
Zabjudah,stormscale,2186,monk,mistweaver,110,72,38
Pivø,ravencrest,2176,monk,mistweaver,100,65,35
Gloon,ravencrest,2176,monk,mistweaver,81,50,31
Swoshz,ragnaros,2175,monk,mistweaver,72,39,33
Monkdrak,eredar,2170,monk,mistweaver,75,48,27
Онимэшнеца,gordunni,2170,monk,mistweaver,77,48,29
Ballademager,magtheridon,2167,monk,mistweaver,154,88,66
Ashm,shattered-halls,2164,monk,mistweaver,152,87,65
Trashcarlita,eredar,2159,monk,mistweaver,114,64,50
Sofunny,blackrock,2157,monk,mistweaver,141,86,55
Srdarr,kazzak,2156,monk,mistweaver,144,86,58
Zaerin,eredar,2155,monk,mistweaver,67,39,28
Cítysushi,draenor,2155,monk,mistweaver,292,161,131
Myeers,dun-modr,2149,monk,mistweaver,264,154,110
Nesedondondn,stormscale,2147,monk,mistweaver,101,64,37
Lyashi,dalaran,2147,monk,mistweaver,107,56,51
Bigbøøty,silvermoon,2145,monk,mistweaver,96,50,46
Nawak,archimonde,2144,monk,mistweaver,201,108,93
Ltmdwarf,ravencrest,2142,monk,mistweaver,108,59,49
Monkeymain,tarren-mill,2142,monk,mistweaver,113,58,55
Lxstcxntury,stormscale,2141,monk,mistweaver,65,44,21
Meliowo,ravencrest,2141,monk,mistweaver,102,58,44
Loofey,ragnaros,2140,monk,mistweaver,242,140,102
Akanetsu,kazzak,2139,monk,mistweaver,138,80,58
Ðurîmar,ravencrest,2137,monk,mistweaver,93,54,39
Xámell,ravencrest,2133,monk,mistweaver,96,49,47
Lízãriñ,ravencrest,2132,monk,mistweaver,265,174,91
Lifelessons,blackrock,2131,monk,mistweaver,69,40,29
Mønkeÿ,ravencrest,2130,monk,mistweaver,70,42,28
Ltmxy,ravencrest,2127,monk,mistweaver,66,40,26
Mibe,alonsus,2127,monk,mistweaver,222,113,109
Vivie,destromath,2126,monk,mistweaver,78,48,30
Willxmonk,silvermoon,2126,monk,mistweaver,101,56,45
Shorus,blackmoore,2125,monk,mistweaver,132,84,48
Фунтос,soulflayer,2124,monk,mistweaver,66,41,25
Rocknreroll,executus,2124,monk,mistweaver,300,171,129
Nsnz,stormscale,2123,monk,mistweaver,149,85,64
Гроксси,howling-fjord,2122,monk,mistweaver,206,127,79
Veganweaver,ravencrest,2121,monk,mistweaver,72,48,24
Sinted,blackmoore,2120,monk,mistweaver,107,65,42
Flowy,uldum,2120,monk,mistweaver,66,34,32
Beetlejuicé,stormscale,2118,monk,mistweaver,42,28,14
Mharlie,stormscale,2117,monk,mistweaver,291,158,133
Дамбмонк,blackscar,2116,monk,mistweaver,76,46,30
Sookrates,ragnaros,2116,monk,mistweaver,164,96,68
Monkrah,blackmoore,2116,monk,mistweaver,138,75,63
Ûwù,ravencrest,2115,monk,mistweaver,72,55,17
Лабирончик,blackscar,2115,monk,mistweaver,122,83,39
Bmane,archimonde,2114,monk,mistweaver,71,40,31
Bjj,blackrock,2113,monk,mistweaver,83,48,35
Bighealz,aggra-português,2113,monk,mistweaver,77,43,34
Dekaramw,ravencrest,2112,monk,mistweaver,42,33,9
Jimpaa,outland,2111,monk,mistweaver,149,95,54
Tigermw,twisting-nether,2111,monk,mistweaver,166,97,69
Brxndimonk,antonidas,2111,monk,mistweaver,117,68,49
Selendis,terrordar,2111,monk,mistweaver,245,131,114
Seeyoulater,nemesis,2110,monk,mistweaver,354,184,170
Cranex,terenas,2109,monk,mistweaver,118,72,46
Blacktee,eredar,2109,monk,mistweaver,78,44,34
Кулакх,blackscar,2109,monk,mistweaver,208,113,95
Egg,frostmane,2108,monk,mistweaver,90,59,31
Кулачонка,blackscar,2108,monk,mistweaver,83,51,32
Neszesmonk,ragnaros,2108,monk,mistweaver,391,210,181
Нимбмонк,soulflayer,2108,monk,mistweaver,89,45,44
Йорита,soulflayer,2107,monk,mistweaver,102,59,43
Mememaster,blackhand,2106,monk,mistweaver,172,105,67
Lmnsx,ravencrest,2106,monk,mistweaver,96,56,40
Bigbummer,blackmoore,2106,monk,mistweaver,270,144,126
Turricane,blackmoore,2106,monk,mistweaver,180,91,89
Elmezz,burning-legion,2106,monk,mistweaver,99,50,49
Deepl,dun-modr,2105,monk,mistweaver,78,45,33
Vienuole,silvermoon,2105,monk,mistweaver,83,46,37
Meldi,ravencrest,2104,monk,mistweaver,78,46,32
Syy,medivh,2104,monk,mistweaver,66,35,31
Bobthewild,draenor,2104,monk,mistweaver,449,233,216
Fisterbean,outland,2103,monk,mistweaver,72,40,32
Joke,ragnaros,2103,monk,mistweaver,126,66,60
Ruurruuru,archimonde,2102,monk,mistweaver,245,140,105
Blubberwurst,gorgonnash,2102,monk,mistweaver,130,74,56
Webhottie,twisting-nether,2102,monk,mistweaver,155,88,67
Karsat,hyjal,2102,monk,mistweaver,639,339,300
Wajoba,blackhand,2102,monk,mistweaver,114,58,56
Глитч,deepholm,2100,monk,mistweaver,66,43,23
Adgoh,tarren-mill,2100,monk,mistweaver,94,61,33
Hiryu,argent-dawn,2100,monk,mistweaver,125,75,50
Yellowtape,kiljaeden,2100,monk,mistweaver,215,127,88
Ðalvan,blackrock,2100,monk,mistweaver,102,55,47
Dollyqt,ravencrest,2100,monk,mistweaver,90,46,44
Skïrmíshgødx,ravencrest,2100,monk,mistweaver,108,55,53
Buddiline,baelgun,2099,monk,mistweaver,108,55,53
Vanost,kazzak,2093,monk,mistweaver,102,51,51
Pennøe,ravencrest,2092,monk,mistweaver,116,65,51
Lylleri,darksorrow,2089,monk,mistweaver,68,40,28
Tryhârdx,stormscale,2087,monk,mistweaver,138,71,67
Кербю,gordunni,2083,monk,mistweaver,137,74,63
Iminar,blackrock,2082,monk,mistweaver,150,83,67
Quendi,frostwolf,2080,monk,mistweaver,310,153,157
Speedahx,dun-modr,2079,monk,mistweaver,196,115,81
Jmw,silvermoon,2074,monk,mistweaver,95,62,33
Tierrax,cthun,2074,monk,mistweaver,117,62,55
Timmzý,blackmoore,2073,monk,mistweaver,155,94,61
Monkeyi,silvermoon,2071,monk,mistweaver,155,79,76
Fortnitekid,outland,2068,monk,mistweaver,106,72,34
Lîlilîlîlîlí,stormscale,2066,monk,mistweaver,66,37,29
Боецкфц,soulflayer,2065,monk,mistweaver,76,43,33
Кодизи,gordunni,2063,monk,mistweaver,83,53,30
Haìryplotter,kazzak,2063,monk,mistweaver,342,190,152
Wrynja,blackmoore,2061,monk,mistweaver,121,73,48
Førzãlêvskî,ravencrest,2059,monk,mistweaver,105,70,35
Roadrunnér,ravencrest,2058,monk,mistweaver,138,74,64
Tímmz,blackrock,2057,monk,mistweaver,120,67,53
Monkeystar,archimonde,2056,monk,mistweaver,137,75,62
Gronkr,draenor,2053,monk,mistweaver,184,102,82
Wajøba,blackhand,2051,monk,mistweaver,60,34,26
Леолайт,borean-tundra,2048,monk,mistweaver,124,70,54
Vienuolè,silvermoon,2045,monk,mistweaver,60,35,25
Melysà,antonidas,2044,monk,mistweaver,63,38,25
Zonsym,twisting-nether,2043,monk,mistweaver,210,112,98
Qwertyxo,draenor,2042,monk,mistweaver,334,194,140
Texiq,drakthul,2037,monk,mistweaver,506,283,223
Zevenblad,stormscale,2037,monk,mistweaver,105,55,50
Pizzabud,ravencrest,2031,monk,mistweaver,70,45,25
Djreckx,kazzak,2029,monk,mistweaver,66,44,22
Loobee,ravencrest,2027,monk,mistweaver,66,37,29
Кимлейн,blackscar,2026,monk,mistweaver,54,33,21
Mistkueefer,tarren-mill,2026,monk,mistweaver,54,31,23
Mergina,silvermoon,2026,monk,mistweaver,66,37,29
Shanlle,dun-modr,2025,monk,mistweaver,149,74,75
Monkield,kazzak,2023,monk,mistweaver,355,202,153
Mugenzen,sanguino,2022,monk,mistweaver,60,30,30
Jackål,silvermoon,2021,monk,mistweaver,97,56,41
Féfè,archimonde,2020,monk,mistweaver,96,51,45
Youkâi,blackrock,2020,monk,mistweaver,89,46,43
Frkn,blackrock,2019,monk,mistweaver,126,74,52
Marqinio,archimonde,2019,monk,mistweaver,102,57,45
Chitea,argent-dawn,2019,monk,mistweaver,88,47,41
Snówtea,silvermoon,2018,monk,mistweaver,74,40,34
Diorc,outland,2016,monk,mistweaver,164,87,77
Kêza,culte-de-la-rive-noire,2015,monk,mistweaver,42,26,16
Ганссмонк,blackscar,2015,monk,mistweaver,239,125,114
Stringg,zuljin,2012,monk,mistweaver,360,196,164
Pwner,daggerspine,2012,monk,mistweaver,328,175,153
Fåtjøë,ravencrest,2010,monk,mistweaver,48,31,17
Thiiogg,archimonde,2010,monk,mistweaver,104,54,50
Flandersmonk,ravencrest,2008,monk,mistweaver,96,60,36
Howtoown,burning-legion,2008,monk,mistweaver,72,42,30
Шортмневноги,howling-fjord,2008,monk,mistweaver,137,74,63
Maybeexm,ravencrest,2007,monk,mistweaver,96,56,40
Pennyflame,stormscale,2007,monk,mistweaver,143,76,67
Øméga,ravencrest,2006,monk,mistweaver,212,137,75
Chichi,ravencrest,2005,monk,mistweaver,364,200,164
Угвей,deepholm,2003,monk,mistweaver,52,38,14
Суммрачная,gordunni,2002,monk,mistweaver,144,89,55
Zeoverx,ragnaros,2000,monk,mistweaver,84,39,45
Mickeyworms,archimonde,1997,monk,mistweaver,70,34,36
Môûsè,ravencrest,1996,monk,mistweaver,150,86,64
Skailzkrtwo,hyjal,1996,monk,mistweaver,120,64,56
Xàmell,kazzak,1995,monk,mistweaver,50,33,17
Ouhmaikgød,dun-modr,1994,monk,mistweaver,290,146,144
Another,frostmourne,1993,monk,mistweaver,173,104,69
Digzzy,draenor,1992,monk,mistweaver,128,71,57
Mösêê,eredar,1992,monk,mistweaver,88,39,49
Bigmilkies,ysondre,1991,monk,mistweaver,200,108,92
Toram,burning-legion,1990,monk,mistweaver,114,61,53
Çoomðragon,stormscale,1989,monk,mistweaver,48,33,15
Couchfrmikea,twisting-nether,1988,monk,mistweaver,102,52,50
Shadezz,blackmoore,1987,monk,mistweaver,105,67,38
Perceptîon,thrall,1985,monk,mistweaver,150,83,67
Holyrop,aegwynn,1982,monk,mistweaver,36,25,11
Abdulhealer,stormscale,1982,monk,mistweaver,96,46,50
Trifogeorge,archimonde,1981,monk,mistweaver,60,38,22
Zöumi,ravencrest,1981,monk,mistweaver,287,155,132
Manjini,blackhand,1980,monk,mistweaver,141,74,67
Groyaboy,twisting-nether,1979,monk,mistweaver,72,51,21
Фунтос,gordunni,1975,monk,mistweaver,96,60,36
Demmonkz,stormreaver,1975,monk,mistweaver,90,53,37
Fullzi,dalaran,1973,monk,mistweaver,66,36,30
Brofistmw,outland,1972,monk,mistweaver,165,92,73
Xadez,ravencrest,1971,monk,mistweaver,128,74,54
Halùnkè,eredar,1971,monk,mistweaver,231,129,102
Uao,tarren-mill,1971,monk,mistweaver,66,31,35
Wèéman,grim-batol,1970,monk,mistweaver,66,44,22
Kaguræ,hyjal,1969,monk,mistweaver,59,33,26
Marvboy,aegwynn,1968,monk,mistweaver,66,40,26
Pafia,sargeras,1968,monk,mistweaver,124,65,59
Вульфхильда,soulflayer,1967,monk,mistweaver,288,159,129
Musclemage,turalyon,1965,monk,mistweaver,78,46,32
Nsq,ravencrest,1965,monk,mistweaver,90,48,42
Darkllinè,twisting-nether,1963,monk,mistweaver,60,32,28
Jinxini,twisting-nether,1962,monk,mistweaver,42,31,11
Wrathx,draenor,1962,monk,mistweaver,132,85,47
Kêkbûrâgól,kazzak,1962,monk,mistweaver,175,93,82
Killibrew,ravencrest,1961,monk,mistweaver,138,84,54
Yexìu,kult-der-verdammten,1961,monk,mistweaver,72,41,31
Анимешнеца,gordunni,1960,monk,mistweaver,66,33,33
Homes,blackmoore,1959,monk,mistweaver,176,96,80
Chailatte,kazzak,1958,monk,mistweaver,54,36,18
Neyoklol,blackrock,1958,monk,mistweaver,162,95,67
Kapud,twisting-nether,1958,monk,mistweaver,84,47,37
Lanory,blackmoore,1957,monk,mistweaver,66,41,25
Pizelx,ravencrest,1956,monk,mistweaver,72,35,37
Pabloboy,kazzak,1955,monk,mistweaver,112,49,63
Pizelx,alakir,1953,monk,mistweaver,94,51,43
Wh,terenas,1952,monk,mistweaver,48,27,21
Erannas,turalyon,1952,monk,mistweaver,71,38,33
Limbaskalol,dun-modr,1951,monk,mistweaver,414,216,198
Анстапоблх,grom,1951,monk,mistweaver,114,52,62
Jam,aerie-peak,1949,monk,mistweaver,54,35,19
Yoghurtz,frostmourne,1948,monk,mistweaver,258,141,117
Magixc,drakthul,1947,monk,mistweaver,158,90,68
Exbuddhist,outland,1947,monk,mistweaver,78,41,37
Lanvia,argent-dawn,1946,monk,mistweaver,228,129,99
Srav,archimonde,1946,monk,mistweaver,152,85,67
Beili,ravencrest,1946,monk,mistweaver,79,42,37
Wwvwwvwwvwwv,ragnaros,1946,monk,mistweaver,102,49,53
Chanzey,silvermoon,1945,monk,mistweaver,330,183,147
Hélpx,stormscale,1945,monk,mistweaver,60,31,29
Mistyhoe,twisting-nether,1944,monk,mistweaver,312,160,152
Ajay,outland,1942,monk,mistweaver,66,36,30
Aromipesäx,outland,1941,monk,mistweaver,107,57,50
Nuke,steamwheedle-cartel,1940,monk,mistweaver,75,40,35
Basilbrushxd,stormscale,1936,monk,mistweaver,60,35,25
Fashion,outland,1934,monk,mistweaver,60,38,22
Insanepace,blackmoore,1933,monk,mistweaver,205,105,100
Chisurgeon,outland,1931,monk,mistweaver,36,22,14
Incmines,ravencrest,1931,monk,mistweaver,92,50,42
Lildaddymunk,ravencrest,1928,monk,mistweaver,54,31,23
Babbub,tarren-mill,1927,monk,mistweaver,150,90,60
Residùe,kazzak,1927,monk,mistweaver,124,69,55
Vingurd,terokkar,1927,monk,mistweaver,63,35,28
Sushiroller,blackrock,1927,monk,mistweaver,96,51,45
Fistus,dentarg,1927,monk,mistweaver,74,38,36
Arenatwo,outland,1925,monk,mistweaver,93,56,37
Fistpunk,kazzak,1925,monk,mistweaver,75,40,35
Pudgefeed,silvermoon,1924,monk,mistweaver,108,65,43
Prototyp,burning-legion,1924,monk,mistweaver,166,86,80
Hajlong,outland,1922,monk,mistweaver,83,43,40
Machó,kazzak,1922,monk,mistweaver,71,36,35
Саас,gordunni,1921,monk,mistweaver,83,48,35
Voltzeig,dentarg,1921,monk,mistweaver,396,205,191
Çheeks,kazzak,1920,monk,mistweaver,60,31,29
Déffly,ravencrest,1920,monk,mistweaver,66,34,32
Mafiazøo,hyjal,1919,monk,mistweaver,148,92,56
Cåpybårå,outland,1919,monk,mistweaver,422,222,200
Rolxx,twisting-nether,1919,monk,mistweaver,181,93,88
Gaalon,ravencrest,1916,monk,mistweaver,24,20,4
Øllen,stormscale,1916,monk,mistweaver,157,79,78
Døk,twisting-nether,1915,monk,mistweaver,54,35,19
Æøwyn,ragnaros,1915,monk,mistweaver,178,106,72
Tinydolls,archimonde,1915,monk,mistweaver,42,24,18
Panson,twisting-nether,1915,monk,mistweaver,90,45,45
Wrox,sylvanas,1914,monk,mistweaver,107,71,36
Sleepleaf,silvermoon,1914,monk,mistweaver,64,36,28
Kóan,stormscale,1914,monk,mistweaver,483,255,228
Porcman,archimonde,1912,monk,mistweaver,207,108,99
Ûnknöw,archimonde,1910,monk,mistweaver,66,39,27
Dmonk,aegwynn,1910,monk,mistweaver,179,84,95
Fansolini,burning-legion,1908,monk,mistweaver,75,40,35
Jamiedhism,ravencrest,1908,monk,mistweaver,66,33,33
Кувырбек,howling-fjord,1906,monk,mistweaver,48,32,16
Yuukiiqt,kult-der-verdammten,1906,monk,mistweaver,137,73,64
Notzaele,zuljin,1906,monk,mistweaver,144,73,71
Bads,sanguino,1905,monk,mistweaver,78,47,31
Meemyo,blackmoore,1904,monk,mistweaver,83,34,49
Péppy,aegwynn,1903,monk,mistweaver,58,34,24
Muchobijca,defias-brotherhood,1903,monk,mistweaver,84,47,37
Notachi,doomhammer,1903,monk,mistweaver,285,159,126
Strillen,twisting-nether,1903,monk,mistweaver,270,139,131
Koguosa,outland,1902,monk,mistweaver,54,37,17
Sikaan,blackhand,1902,monk,mistweaver,54,32,22
Ipmanlol,archimonde,1902,monk,mistweaver,244,139,105
Brxmonki,antonidas,1902,monk,mistweaver,95,53,42
Yadokaí,darkmoon-faire,1901,monk,mistweaver,84,47,37
Ilovesanrio,kazzak,1900,monk,mistweaver,110,69,41
ßockwurst,tarren-mill,1899,monk,mistweaver,53,29,24
Subàru,draenor,1898,monk,mistweaver,93,60,33
Yamqt,thrall,1898,monk,mistweaver,51,32,19
Siignmonk,ravencrest,1898,monk,mistweaver,266,139,127
Butterbean,conseil-des-ombres,1897,monk,mistweaver,93,55,38
Fistíe,sylvanas,1896,monk,mistweaver,45,32,13
Munktjejen,argent-dawn,1896,monk,mistweaver,36,20,16
Seventhirty,ravencrest,1896,monk,mistweaver,36,20,16
Crñ,blackmoore,1894,monk,mistweaver,56,32,24
Bossmanfred,outland,1893,monk,mistweaver,96,66,30
Wernos,archimonde,1893,monk,mistweaver,66,38,28
Shirkán,ragnaros,1893,monk,mistweaver,168,92,76
Cptschneider,blackmoore,1892,monk,mistweaver,60,40,20
Véxyra,draenor,1892,monk,mistweaver,60,36,24
Traickomonk,eredar,1891,monk,mistweaver,48,29,19
Phyxone,twisting-nether,1891,monk,mistweaver,66,35,31
Swagmonk,silvermoon,1891,monk,mistweaver,158,79,79
Uwû,ravencrest,1890,monk,mistweaver,107,73,34
Carlteaz,drakthul,1890,monk,mistweaver,192,112,80
Zanzetsu,twisting-nether,1890,monk,mistweaver,199,107,92
Yum,anetheron,1889,monk,mistweaver,126,67,59
Astromune,draenor,1888,monk,mistweaver,77,41,36
Rokux,kazzak,1887,monk,mistweaver,49,28,21
Teampro,ragnaros,1887,monk,mistweaver,347,179,168
Tjann,stormscale,1886,monk,mistweaver,102,69,33
Doffm,auchindoun,1885,monk,mistweaver,108,67,41
Holymonkx,nagrand,1883,monk,mistweaver,111,70,41
Tedelbrew,kazzak,1883,monk,mistweaver,36,20,16
Schøcker,blackmoore,1881,monk,mistweaver,77,42,35
Репабликус,gordunni,1880,monk,mistweaver,48,27,21
Manatoiled,draenor,1879,monk,mistweaver,72,39,33
Эифорйя,howling-fjord,1879,monk,mistweaver,306,156,150
Vizfist,tarren-mill,1879,monk,mistweaver,60,29,31
Людзяо,galakrond,1878,monk,mistweaver,170,92,78
Iliketofist,ravencrest,1877,monk,mistweaver,88,50,38
Yungsooth,stormscale,1876,monk,mistweaver,107,68,39
Monkwithlove,blackhand,1876,monk,mistweaver,258,141,117
Zoida,azuremyst,1876,monk,mistweaver,394,199,195
Nåwãk,archimonde,1875,monk,mistweaver,145,71,74
Monkeycoke,ragnaros,1870,monk,mistweaver,35,21,14
Taeyhung,thrall,1870,monk,mistweaver,165,94,71
Pamtu,dun-modr,1869,monk,mistweaver,114,74,40
Минимонахх,blackscar,1869,monk,mistweaver,90,58,32
Shâng,blackhand,1869,monk,mistweaver,84,48,36
Onlyfunds,blackrock,1868,monk,mistweaver,36,27,9
Fisterinos,blackrock,1868,monk,mistweaver,192,123,69
Kratzl,blackrock,1867,monk,mistweaver,60,37,23
Lanuia,aegwynn,1867,monk,mistweaver,51,30,21
Luru,outland,1867,monk,mistweaver,83,47,36
Oikodomos,twisting-nether,1867,monk,mistweaver,142,79,63
Séi,kazzak,1867,monk,mistweaver,48,25,23
Madraven,ravencrest,1866,monk,mistweaver,60,27,33
Kungfublyat,twisting-nether,1865,monk,mistweaver,83,57,26
Ræïzò,dun-morogh,1865,monk,mistweaver,58,34,24
Факингдог,blackscar,1864,monk,mistweaver,45,26,19
Millhouse,die-aldor,1864,monk,mistweaver,116,65,51
Crymonkya,aegwynn,1863,monk,mistweaver,226,135,91
Neyoklan,blackrock,1863,monk,mistweaver,126,70,56
Ryx,twisting-nether,1863,monk,mistweaver,97,51,46
Jiafei,tarren-mill,1862,monk,mistweaver,42,25,17
Cptsensey,draenor,1861,monk,mistweaver,42,29,13
Räpeltäjä,stormreaver,1861,monk,mistweaver,108,68,40
Ранки,lich-king,1860,monk,mistweaver,66,31,35
Wåñmëíßãøx,sylvanas,1859,monk,mistweaver,58,34,24
Nule,outland,1859,monk,mistweaver,59,31,28
Лемонк,gordunni,1859,monk,mistweaver,58,28,30
Джулибубба,borean-tundra,1858,monk,mistweaver,105,67,38
Rullsimpa,ravencrest,1858,monk,mistweaver,77,34,43
Deeyna,defias-brotherhood,1857,monk,mistweaver,137,74,63
Mêshuggâh,malganis,1857,monk,mistweaver,78,41,37
Фунтих,soulflayer,1857,monk,mistweaver,52,27,25
Jokkemonk,silvermoon,1856,monk,mistweaver,71,42,29
Stemanit,draenor,1856,monk,mistweaver,89,50,39
Dragzol,tarren-mill,1856,monk,mistweaver,162,81,81
Waramow,eredar,1855,monk,mistweaver,36,25,11
Jabington,aegwynn,1855,monk,mistweaver,127,77,50
Capkum,dun-modr,1855,monk,mistweaver,218,113,105
Crôcøpx,blackhand,1855,monk,mistweaver,78,39,39
Løta,blackmoore,1854,monk,mistweaver,101,64,37
Амаранточка,howling-fjord,1854,monk,mistweaver,78,48,30
Рендикаое,soulflayer,1854,monk,mistweaver,211,117,94
Фейкнаут,soulflayer,1854,monk,mistweaver,132,69,63
Коконгкд,blackscar,1854,monk,mistweaver,496,258,238
Atralês,azshara,1853,monk,mistweaver,75,44,31
Táy,ravencrest,1852,monk,mistweaver,114,68,46
Mistyfox,aszune,1852,monk,mistweaver,107,52,55
Bicmex,archimonde,1852,monk,mistweaver,96,46,50
Jemp,ravencrest,1851,monk,mistweaver,598,329,269
Playbîrd,archimonde,1851,monk,mistweaver,106,58,48
Мичан,howling-fjord,1849,monk,mistweaver,146,88,58
Shortinlegs,silvermoon,1849,monk,mistweaver,78,44,34
Tidemist,argent-dawn,1847,monk,mistweaver,65,41,24
Mistreeker,tarren-mill,1845,monk,mistweaver,42,34,8
Zxcursèd,tarren-mill,1844,monk,mistweaver,60,36,24
Neisha,drakthul,1843,monk,mistweaver,108,66,42
Enveløp,stormscale,1842,monk,mistweaver,42,29,13
Chazu,outland,1842,monk,mistweaver,78,41,37
Poohya,silvermoon,1842,monk,mistweaver,48,24,24
Onaiâ,ravencrest,1841,monk,mistweaver,79,50,29
Stdzym,tarren-mill,1840,monk,mistweaver,134,65,69
Trnd,draenor,1840,monk,mistweaver,53,23,30
Panicfist,stormscale,1839,monk,mistweaver,141,88,53
Legsweep,blackhand,1839,monk,mistweaver,187,115,72
Cdriscas,aggra-português,1839,monk,mistweaver,172,94,78
Monkler,blackhand,1839,monk,mistweaver,114,57,57
Pøhx,ragnaros,1838,monk,mistweaver,132,74,58
Djsnake,blackrock,1837,monk,mistweaver,54,33,21
Motang,blackmoore,1837,monk,mistweaver,68,38,30
Remyhadley,dun-modr,1837,monk,mistweaver,77,42,35
Mwmonk,blackrock,1836,monk,mistweaver,65,42,23
Jiest,outland,1836,monk,mistweaver,36,23,13
Флориус,soulflayer,1836,monk,mistweaver,53,31,22
Fùckaround,emeriss,1836,monk,mistweaver,125,70,55
Hurri,krasus,1835,monk,mistweaver,48,32,16
Sonydl,archimonde,1835,monk,mistweaver,106,51,55
Bonnybravo,wildhammer,1834,monk,mistweaver,54,36,18
Wrv,kazzak,1834,monk,mistweaver,373,194,179
Muerb,die-arguswacht,1833,monk,mistweaver,51,30,21
Wiwâ,outland,1832,monk,mistweaver,133,71,62
Monkbtw,kazzak,1831,monk,mistweaver,36,27,9
Ønlyfäns,kazzak,1831,monk,mistweaver,112,67,45
Belärus,outland,1831,monk,mistweaver,66,39,27
Tmnmnk,alakir,1830,monk,mistweaver,29,20,9
Annoyingtwo,archimonde,1830,monk,mistweaver,90,56,34
Exru,draenor,1830,monk,mistweaver,45,26,19
Otemøøn,sanguino,1830,monk,mistweaver,87,48,39
Brewstea,kazzak,1829,monk,mistweaver,96,50,46
Santoron,baelgun,1829,monk,mistweaver,75,36,39
Callysra,archimonde,1828,monk,mistweaver,58,40,18
Xameht,the-maelstrom,1828,monk,mistweaver,301,163,138
Нубстриимс,gordunni,1828,monk,mistweaver,62,33,29
Kuug,ravencrest,1827,monk,mistweaver,107,65,42
Siphem,ravencrest,1827,monk,mistweaver,351,183,168
Mezchi,blackhand,1826,monk,mistweaver,54,37,17
Tøwtc,outland,1826,monk,mistweaver,90,58,32
Ultdave,eredar,1826,monk,mistweaver,245,139,106
Soothz,uldaman,1824,monk,mistweaver,60,42,18
Scribzw,twisting-nether,1824,monk,mistweaver,77,43,34
Calmed,tarren-mill,1824,monk,mistweaver,295,163,132
Элонхаск,gordunni,1824,monk,mistweaver,54,29,25
Srchi,aggra-português,1824,monk,mistweaver,91,48,43
Maesha,ahnqiraj,1823,monk,mistweaver,90,57,33
Campix,blackmoore,1823,monk,mistweaver,153,92,61
Fulgrem,stormscale,1823,monk,mistweaver,135,81,54
Dokternelg,silvermoon,1823,monk,mistweaver,54,32,22
Sugra,frostwolf,1823,monk,mistweaver,87,50,37
Actionsusi,area-52,1823,monk,mistweaver,54,31,23
Dmonkz,magtheridon,1823,monk,mistweaver,60,33,27
Perelman,burning-legion,1823,monk,mistweaver,138,75,63
Plânche,outland,1822,monk,mistweaver,54,35,19
Grauwe,stormscale,1822,monk,mistweaver,57,35,22
Patiencebro,archimonde,1822,monk,mistweaver,78,43,35
Sadmw,archimonde,1822,monk,mistweaver,54,28,26
Jongxina,ravencrest,1822,monk,mistweaver,73,34,39
Lildaddymonk,ravencrest,1822,monk,mistweaver,54,24,30
Aessella,antonidas,1821,monk,mistweaver,48,29,19
Çhên,draenor,1821,monk,mistweaver,173,104,69
Лиянь,soulflayer,1821,monk,mistweaver,114,65,49
Batmanwife,stormscale,1821,monk,mistweaver,53,30,23
Karmasnitch,antonidas,1821,monk,mistweaver,78,44,34
Шенген,soulflayer,1821,monk,mistweaver,198,108,90
Shehulkk,ravencrest,1821,monk,mistweaver,90,48,42
Jiuhjitsu,blackmoore,1820,monk,mistweaver,60,34,26
Zlodey,laughing-skull,1820,monk,mistweaver,127,70,57
Polch,archimonde,1820,monk,mistweaver,84,41,43
Harislkwamk,aegwynn,1819,monk,mistweaver,243,140,103
Almonkdiga,sanguino,1819,monk,mistweaver,108,58,50
Sushirøll,draenor,1818,monk,mistweaver,73,47,26
Шэганэ,deathguard,1818,monk,mistweaver,74,45,29
Birgitbuddha,gorgonnash,1818,monk,mistweaver,90,53,37
Типмах,howling-fjord,1818,monk,mistweaver,92,54,38
Shushux,ysondre,1818,monk,mistweaver,36,21,15
Natsuø,nemesis,1817,monk,mistweaver,78,46,32
Claudiå,kazzak,1817,monk,mistweaver,111,56,55
Аци,blackscar,1816,monk,mistweaver,88,57,31
Endir,mazrigos,1816,monk,mistweaver,161,101,60
Menecares,blackhand,1816,monk,mistweaver,41,24,17
Precocconx,stormreaver,1816,monk,mistweaver,36,19,17
Твикса,soulflayer,1816,monk,mistweaver,114,54,60
Àjay,outland,1815,monk,mistweaver,48,32,16
Papimonkx,garona,1815,monk,mistweaver,54,25,29
Mwaneu,archimonde,1814,monk,mistweaver,66,40,26
Zulein,defias-brotherhood,1814,monk,mistweaver,36,21,15
Alessîca,aegwynn,1814,monk,mistweaver,54,30,24
Jolude,nemesis,1814,monk,mistweaver,212,115,97
Тамаз,gordunni,1814,monk,mistweaver,59,24,35
Zælyqt,archimonde,1813,monk,mistweaver,30,20,10
Oukaläv,archimonde,1813,monk,mistweaver,113,59,54
Колтиняшка,blackscar,1812,monk,mistweaver,77,59,18
Seandyche,ravencrest,1812,monk,mistweaver,40,26,14
Кекичан,gordunni,1812,monk,mistweaver,71,45,26
Mëñghûøx,sylvanas,1812,monk,mistweaver,31,19,12
Päws,kazzak,1812,monk,mistweaver,48,29,19
Inear,chogall,1812,monk,mistweaver,397,211,186
Moariann,drakthul,1812,monk,mistweaver,150,75,75
Vxs,blackhand,1811,monk,mistweaver,72,45,27
Mônkykong,ravencrest,1811,monk,mistweaver,42,26,16
Sugermum,outland,1811,monk,mistweaver,60,34,26
Baatu,frostmane,1811,monk,mistweaver,263,133,130
Errowin,blackmoore,1810,monk,mistweaver,153,93,60
Leiwill,stormreaver,1810,monk,mistweaver,100,59,41
Xoconut,kazzak,1810,monk,mistweaver,292,160,132
Shyheimyo,outland,1810,monk,mistweaver,54,27,27
Оргриммен,soulflayer,1810,monk,mistweaver,173,85,88
Blantai,tarren-mill,1810,monk,mistweaver,108,51,57
Evad,kazzak,1809,monk,mistweaver,113,69,44
Schizacademy,draenor,1809,monk,mistweaver,44,26,18
Dewamønk,blackmoore,1809,monk,mistweaver,91,53,38
Fìstpwnjk,forscherliga,1808,monk,mistweaver,145,93,52
Tanata,blackmoore,1807,monk,mistweaver,105,67,38
Darlaa,ravencrest,1807,monk,mistweaver,71,42,29
Brysiqtx,aegwynn,1807,monk,mistweaver,87,45,42
Kyukoku,blackmoore,1806,monk,mistweaver,46,30,16
Дольчих,soulflayer,1806,monk,mistweaver,243,148,95
Kîrânâ,eredar,1806,monk,mistweaver,54,29,25
Xarêlla,aegwynn,1806,monk,mistweaver,120,62,58
Axelight,chants-éternels,1805,monk,mistweaver,54,31,23
Мефодийкун,howling-fjord,1805,monk,mistweaver,159,88,71
Monkiszonz,burning-legion,1804,monk,mistweaver,48,30,18
Ninetz,tarren-mill,1804,monk,mistweaver,51,31,20
Фешнмонк,soulflayer,1804,monk,mistweaver,125,75,50
Adis,nerathor,1804,monk,mistweaver,89,53,36
Amzu,kazzak,1804,monk,mistweaver,66,36,30
Yto,gorgonnash,1804,monk,mistweaver,54,26,28
Uckkm,ragnaros,1803,monk,mistweaver,65,39,26
Yulonian,argent-dawn,1803,monk,mistweaver,206,123,83
Handarbetare,ravencrest,1803,monk,mistweaver,147,78,69
Vanicweaver,aegwynn,1802,monk,mistweaver,36,26,10
Yoogychi,ravencrest,1802,monk,mistweaver,30,19,11
Кроанла,howling-fjord,1802,monk,mistweaver,54,34,20
Cæsifer,ungoro,1802,monk,mistweaver,53,28,25
Dog,garona,1802,monk,mistweaver,90,42,48
Djpunchable,blackrock,1801,monk,mistweaver,50,38,12
Nêøø,blackrock,1801,monk,mistweaver,304,182,122
Heramonk,dun-modr,1801,monk,mistweaver,58,30,28
Гачитварина,galakrond,1800,monk,mistweaver,114,72,42
Trollroll,defias-brotherhood,1800,monk,mistweaver,138,76,62
Pogimonkey,ragnaros,1800,monk,mistweaver,90,49,41
Репаблликуес,gordunni,1800,monk,mistweaver,52,28,24
Rogvi,argent-dawn,1800,monk,mistweaver,269,136,133
Hurricaine,hyjal,1799,monk,mistweaver,30,19,11
Nqar,ravencrest,1798,monk,mistweaver,72,41,31
Brewnox,ragnaros,1797,monk,mistweaver,59,30,29
Mobrac,twisting-nether,1797,monk,mistweaver,74,36,38
Jingfeng,arthas,1795,monk,mistweaver,203,102,101
Bammemw,archimonde,1791,monk,mistweaver,60,27,33
Heartless,sporeggar,1790,monk,mistweaver,258,155,103
Extrimist,sylvanas,1790,monk,mistweaver,239,129,110
Bearmw,draenor,1789,monk,mistweaver,71,44,27
Xurf,draenor,1788,monk,mistweaver,94,63,31
Shishasho,stormreaver,1788,monk,mistweaver,101,54,47
Hidekami,archimonde,1788,monk,mistweaver,108,52,56
Sosyc,malganis,1787,monk,mistweaver,71,36,35
Jorahmarmond,tarren-mill,1786,monk,mistweaver,48,35,13
Kéza,culte-de-la-rive-noire,1786,monk,mistweaver,34,20,14
Pyrìt,blackhand,1785,monk,mistweaver,94,58,36
Kaezm,blackrock,1785,monk,mistweaver,48,28,20
Yäffa,archimonde,1785,monk,mistweaver,150,82,68
Judochops,sylvanas,1785,monk,mistweaver,42,22,20
Тащунаскилле,thermaplugg,1784,monk,mistweaver,80,45,35
Savagex,sanguino,1784,monk,mistweaver,100,51,49
Destom,archimonde,1782,monk,mistweaver,194,101,93
Maikez,stormreaver,1782,monk,mistweaver,94,45,49
Greentape,kiljaeden,1781,monk,mistweaver,48,31,17
Infamøus,uldum,1781,monk,mistweaver,56,33,23
Goamix,ravencrest,1781,monk,mistweaver,40,21,19
Nabsi,aegwynn,1780,monk,mistweaver,84,47,37
Jades,emeriss,1780,monk,mistweaver,246,120,126
Bekachu,ragnaros,1779,monk,mistweaver,36,26,10
Kwondo,archimonde,1779,monk,mistweaver,48,28,20
Kæmará,blackrock,1779,monk,mistweaver,92,47,45
Monknice,sylvanas,1776,monk,mistweaver,83,42,41
Kickin,burning-legion,1775,monk,mistweaver,76,45,31
Kungfupanda,stormscale,1775,monk,mistweaver,122,68,54
Тсайм,howling-fjord,1774,monk,mistweaver,100,52,48
Callmeks,stormscale,1773,monk,mistweaver,222,118,104
Inuria,ravencrest,1772,monk,mistweaver,153,89,64
Òó,vashj,1772,monk,mistweaver,182,103,79
Bmwmthree,draenor,1772,monk,mistweaver,159,78,81
Babysaurus,ravencrest,1771,monk,mistweaver,66,45,21
Бадика,howling-fjord,1771,monk,mistweaver,319,169,150
Fckisrael,archimonde,1770,monk,mistweaver,48,23,25
Monkgolitaxd,dun-modr,1769,monk,mistweaver,783,403,380
Mmrkick,kazzak,1768,monk,mistweaver,96,54,42
Mommymonk,outland,1767,monk,mistweaver,97,51,46
Soulring,kazzak,1767,monk,mistweaver,63,31,32
Sîono,antonidas,1766,monk,mistweaver,69,44,25
Mwrbg,shadowsong,1766,monk,mistweaver,125,71,54
Shurdax,silvermoon,1766,monk,mistweaver,102,54,48
Dojoman,draenor,1765,monk,mistweaver,36,26,10
Cøcøøn,blackrock,1765,monk,mistweaver,146,79,67
Healinspam,twilights-hammer,1765,monk,mistweaver,78,42,36
Qwértsy,stormscale,1764,monk,mistweaver,90,55,35
Threesíxníne,dun-morogh,1763,monk,mistweaver,156,80,76
Кикподхвост,blackscar,1763,monk,mistweaver,96,46,50
Varea,blackrock,1762,monk,mistweaver,131,70,61
Saibell,scarshield-legion,1761,monk,mistweaver,132,80,52
Dodomino,archimonde,1761,monk,mistweaver,41,24,17
Izuwumi,ragnaros,1761,monk,mistweaver,48,27,21
Notfist,kazzak,1760,monk,mistweaver,90,64,26
Papours,ysondre,1760,monk,mistweaver,42,29,13
Nillebpgodx,kazzak,1760,monk,mistweaver,47,23,24
Ahyllesmonk,azjolnerub,1759,monk,mistweaver,41,32,9
Kackwalker,blackmoore,1759,monk,mistweaver,40,29,11
Sícknéss,aegwynn,1759,monk,mistweaver,42,26,16
Rashakura,blackrock,1759,monk,mistweaver,83,50,33
Dearmw,silvermoon,1759,monk,mistweaver,126,73,53
Nèver,dalaran,1759,monk,mistweaver,42,24,18
Riendy,silvermoon,1759,monk,mistweaver,302,167,135
Tavqtwo,tarren-mill,1759,monk,mistweaver,48,20,28
Pikemi,dun-modr,1758,monk,mistweaver,120,72,48
Soundzw,antonidas,1758,monk,mistweaver,90,48,42
Bigmckoy,kazzak,1757,monk,mistweaver,39,27,12
Inlakech,auchindoun,1757,monk,mistweaver,225,110,115
Gréèñðrägôñ,stormscale,1756,monk,mistweaver,36,26,10
Yukimøn,hyjal,1755,monk,mistweaver,115,79,36
Key,stormreaver,1755,monk,mistweaver,82,50,32
Holyropx,aegwynn,1755,monk,mistweaver,42,25,17
Aseidith,tarren-mill,1755,monk,mistweaver,54,32,22
Sniffn,ravencrest,1754,monk,mistweaver,54,35,19
Hokespokus,silvermoon,1754,monk,mistweaver,89,57,32
Фучой,howling-fjord,1754,monk,mistweaver,87,51,36
Bluran,dalaran,1754,monk,mistweaver,99,53,46
Blamethegame,hyjal,1753,monk,mistweaver,35,24,11
Эрмонд,soulflayer,1753,monk,mistweaver,68,37,31
Eedaza,blackrock,1752,monk,mistweaver,147,92,55
Esriin,shattered-hand,1752,monk,mistweaver,48,28,20
Januslapuce,culte-de-la-rive-noire,1752,monk,mistweaver,35,19,16
Йуппи,galakrond,1752,monk,mistweaver,48,26,22
Stifmeister,tarren-mill,1750,monk,mistweaver,94,50,44
Jayber,laughing-skull,1749,monk,mistweaver,72,46,26
Callim,blackrock,1748,monk,mistweaver,30,19,11
Hôn,sanguino,1746,monk,mistweaver,53,36,17
Crazyninja,arathor,1745,monk,mistweaver,60,35,25
Imeon,dun-modr,1744,monk,mistweaver,54,31,23
Neash,silvermoon,1744,monk,mistweaver,90,51,39
Effeots,blackrock,1744,monk,mistweaver,302,151,151
Craneovic,kult-der-verdammten,1744,monk,mistweaver,60,26,34
Elhäbedehä,eredar,1743,monk,mistweaver,342,175,167
Сазуко,gordunni,1743,monk,mistweaver,198,98,100
Teahihi,ravencrest,1742,monk,mistweaver,36,27,9
Xadoqt,aegwynn,1742,monk,mistweaver,35,24,11
Mcscrub,ragnaros,1742,monk,mistweaver,35,24,11
Xado,aegwynn,1742,monk,mistweaver,48,32,16
Tallein,drakthul,1742,monk,mistweaver,204,116,88
Spicyrice,twisting-nether,1741,monk,mistweaver,190,100,90
Steveé,kazzak,1740,monk,mistweaver,47,33,14
Monkatapiti,malganis,1740,monk,mistweaver,66,41,25
Powerloom,aegwynn,1739,monk,mistweaver,36,28,8
Lukeybabyy,defias-brotherhood,1739,monk,mistweaver,221,125,96
Hamsster,ravencrest,1739,monk,mistweaver,224,117,107
Lurklee,blackhand,1738,monk,mistweaver,70,38,32
Swaghäuser,blackmoore,1738,monk,mistweaver,240,127,113
Konnîchîwa,kazzak,1737,monk,mistweaver,173,94,79
Fisterin,eredar,1737,monk,mistweaver,90,44,46
Mikalou,sylvanas,1736,monk,mistweaver,28,19,9
Mistïnguette,dalaran,1736,monk,mistweaver,382,212,170
Donkeymønk,hyjal,1736,monk,mistweaver,367,195,172
Zýru,ragnaros,1734,monk,mistweaver,124,75,49
Táuriéll,eredar,1734,monk,mistweaver,42,21,21
Binkote,zuljin,1733,monk,mistweaver,231,128,103
Барлиос,soulflayer,1733,monk,mistweaver,511,264,247
Nognegodx,ravencrest,1731,monk,mistweaver,174,78,96
Tráïner,madmortem,1730,monk,mistweaver,281,141,140
Монккд,soulflayer,1729,monk,mistweaver,138,82,56
Milkhy,minahonda,1729,monk,mistweaver,203,102,101
Wørsthealxd,alakir,1728,monk,mistweaver,88,59,29
Chünlii,dun-modr,1728,monk,mistweaver,138,69,69
Súzy,stormscale,1727,monk,mistweaver,124,67,57
Bankdream,bronze-dragonflight,1726,monk,mistweaver,40,24,16
Ziibaa,outland,1726,monk,mistweaver,81,48,33
Tû,nerathor,1726,monk,mistweaver,133,78,55
Frónzy,kazzak,1726,monk,mistweaver,235,134,101
Teamviewer,blackmoore,1726,monk,mistweaver,77,43,34
Taekwonroll,stormscale,1726,monk,mistweaver,48,25,23
Apolskis,ravencrest,1725,monk,mistweaver,66,46,20
Fatdad,magtheridon,1725,monk,mistweaver,95,46,49
Skailzkrt,hyjal,1725,monk,mistweaver,89,43,46
Таеуеоп,soulflayer,1724,monk,mistweaver,18,18,0
Фдма,soulflayer,1724,monk,mistweaver,41,26,15
Théverre,uldaman,1724,monk,mistweaver,195,121,74
Alprox,moonglade,1724,monk,mistweaver,182,90,92
Notadrâgon,sylvanas,1723,monk,mistweaver,34,20,14
Shiftkin,stormscale,1723,monk,mistweaver,84,37,47
Nrafflig,draenor,1722,monk,mistweaver,48,32,16
Aironqqt,blackhand,1722,monk,mistweaver,197,120,77
Coularx,stormscale,1722,monk,mistweaver,78,42,36
Raveleth,silvermoon,1721,monk,mistweaver,66,37,29
Clemoine,archimonde,1719,monk,mistweaver,42,27,15
Simpavev,ravencrest,1719,monk,mistweaver,52,27,25
Risesx,blackmoore,1719,monk,mistweaver,103,53,50
Demakis,stormscale,1718,monk,mistweaver,149,93,56
Chimara,kazzak,1718,monk,mistweaver,79,45,34
Nirexi,blackrock,1718,monk,mistweaver,99,55,44
Encanthar,blackhand,1718,monk,mistweaver,309,161,148
Wisear,silvermoon,1718,monk,mistweaver,53,25,28
Sinnermonkk,outland,1717,monk,mistweaver,36,24,12
Даопецдын,howling-fjord,1717,monk,mistweaver,44,29,15
Conguitø,colinas-pardas,1717,monk,mistweaver,108,68,40
Boomxd,twisting-nether,1717,monk,mistweaver,67,41,26
Radamonk,drakthul,1717,monk,mistweaver,83,48,35
Jpstwo,gorgonnash,1717,monk,mistweaver,84,48,36
Nouraxo,kazzak,1717,monk,mistweaver,154,81,73
Místborn,ravencrest,1716,monk,mistweaver,30,18,12
Devivify,twilights-hammer,1716,monk,mistweaver,150,87,63
Kilograme,tarren-mill,1715,monk,mistweaver,95,47,48
Mugn,sanguino,1714,monk,mistweaver,38,23,15
Youssee,silvermoon,1714,monk,mistweaver,321,173,148
ßojo,kazzak,1713,monk,mistweaver,113,70,43
Arcøtea,frostwolf,1713,monk,mistweaver,166,96,70
Olympiiee,archimonde,1713,monk,mistweaver,293,157,136
Galã,elune,1712,monk,mistweaver,198,109,89
Atoóthéé,the-maelstrom,1711,monk,mistweaver,31,19,12
Jacksa,bronze-dragonflight,1711,monk,mistweaver,284,143,141
Caipha,ravencrest,1710,monk,mistweaver,60,38,22
Ashjaxa,silvermoon,1710,monk,mistweaver,42,18,24
Ultrasense,outland,1709,monk,mistweaver,30,18,12
Aklimist,stormscale,1709,monk,mistweaver,90,51,39
Frednmonk,twisting-nether,1708,monk,mistweaver,54,32,22
Behrens,defias-brotherhood,1708,monk,mistweaver,39,23,16
Lyfah,archimonde,1708,monk,mistweaver,108,63,45
Pikachi,ysondre,1707,monk,mistweaver,36,22,14
Bigdaddypump,blackmoore,1707,monk,mistweaver,42,25,17
Zorkev,dun-modr,1707,monk,mistweaver,125,71,54
Ellimak,archimonde,1707,monk,mistweaver,52,29,23
Rhatid,twisting-nether,1707,monk,mistweaver,343,182,161
Bonk,defias-brotherhood,1707,monk,mistweaver,53,26,27
Ofwgkta,moonglade,1706,monk,mistweaver,48,26,22
Cubw,archimonde,1706,monk,mistweaver,54,29,25
Mugotea,twisting-nether,1706,monk,mistweaver,220,112,108
Shyheim,outland,1705,monk,mistweaver,48,36,12
Saneshayne,ravencrest,1705,monk,mistweaver,35,21,14
Bruceliam,emerald-dream,1705,monk,mistweaver,102,60,42
Jainagodxd,dun-modr,1705,monk,mistweaver,72,39,33
Simonex,ravencrest,1705,monk,mistweaver,72,39,33
ßsøßxx,hyjal,1704,monk,mistweaver,24,18,6
Öhlinmonk,outland,1704,monk,mistweaver,42,24,18
Kebabrolle,blackrock,1704,monk,mistweaver,42,21,21
Loddarita,ravencrest,1703,monk,mistweaver,84,60,24
Moontríx,kazzak,1703,monk,mistweaver,114,53,61
Nerdmonkx,tarren-mill,1702,monk,mistweaver,88,53,35
Idrdob,kazzak,1702,monk,mistweaver,346,189,157
Dicedkiwi,quelthalas,1702,monk,mistweaver,628,334,294
Дилейнх,gordunni,1701,monk,mistweaver,42,27,15
Hollymêdx,blackmoore,1701,monk,mistweaver,109,66,43
Mîstxd,kazzak,1701,monk,mistweaver,65,37,28
Samaja,aegwynn,1701,monk,mistweaver,36,19,17
Scribz,twisting-nether,1701,monk,mistweaver,36,18,18
Yörg,eredar,1700,monk,mistweaver,87,53,34
Proxxyqt,blackrock,1700,monk,mistweaver,120,73,47
Onlyfunn,sanguino,1700,monk,mistweaver,101,56,45
Shigong,hellscream,1700,monk,mistweaver,66,36,30
Ультрадевка,blackscar,1700,monk,mistweaver,52,27,25
Diffenbachia,outland,1699,monk,mistweaver,104,68,36
Палерм,gordunni,1699,monk,mistweaver,57,37,20
Shyrea,nazjatar,1699,monk,mistweaver,30,18,12
Rsk,antonidas,1699,monk,mistweaver,76,43,33
Orcimon,draenor,1699,monk,mistweaver,36,20,16
Mankee,kazzak,1699,monk,mistweaver,151,80,71
Orfantal,ravencrest,1698,monk,mistweaver,120,71,49
Финуправ,soulflayer,1697,monk,mistweaver,42,28,14
Rullefald,stormscale,1697,monk,mistweaver,102,57,45
Zenmaster,grim-batol,1697,monk,mistweaver,91,42,49
Justacomma,outland,1696,monk,mistweaver,48,21,27
Dihsa,ragnaros,1695,monk,mistweaver,24,18,6
Meoox,outland,1695,monk,mistweaver,75,44,31
Ellevance,draenor,1694,monk,mistweaver,36,22,14
Deusfist,ravencrest,1694,monk,mistweaver,66,33,33
Luvmollý,silvermoon,1694,monk,mistweaver,150,71,79
Piedliés,ravencrest,1693,monk,mistweaver,130,61,69
Enoffovicz,archimonde,1692,monk,mistweaver,84,52,32
Pitrols,twisting-nether,1692,monk,mistweaver,237,134,103
Smoothia,outland,1691,monk,mistweaver,187,108,79
Watchôut,blackmoore,1691,monk,mistweaver,240,133,107
Trónìq,outland,1690,monk,mistweaver,42,28,14
Teacup,aegwynn,1690,monk,mistweaver,416,230,186
Lünara,ambossar,1690,monk,mistweaver,108,57,51
Viggex,outland,1690,monk,mistweaver,42,18,24
Doll,stormscale,1689,monk,mistweaver,36,18,18
Irêfutabil,sylvanas,1688,monk,mistweaver,63,34,29
Caniluvz,eredar,1687,monk,mistweaver,60,39,21
Jûzô,illidan,1687,monk,mistweaver,42,23,19
Ness,hyjal,1686,monk,mistweaver,42,24,18
Kukn,twisting-nether,1686,monk,mistweaver,87,44,43
Olgachocolat,blackmoore,1685,monk,mistweaver,126,90,36
Эрумонк,gordunni,1685,monk,mistweaver,36,18,18
Freyas,outland,1683,monk,mistweaver,113,65,48
Sindresa,outland,1683,monk,mistweaver,269,141,128
Esooz,defias-brotherhood,1682,monk,mistweaver,36,29,7
Bullergøjen,ravencrest,1682,monk,mistweaver,90,59,31
Blackphil,terenas,1682,monk,mistweaver,78,47,31
Gôky,stormscale,1682,monk,mistweaver,65,39,26
Egï,azshara,1682,monk,mistweaver,53,31,22
Пивкотянка,gordunni,1681,monk,mistweaver,89,59,30
Papermakerx,blackrock,1681,monk,mistweaver,102,58,44
Varyat,uldum,1679,monk,mistweaver,59,34,25
Kñútølåfx,sylvanas,1679,monk,mistweaver,37,20,17
Milksbtw,kazzak,1676,monk,mistweaver,113,79,34
Вакидзави,gordunni,1676,monk,mistweaver,60,36,24
Glaphan,the-maelstrom,1676,monk,mistweaver,40,24,16
Shixen,ragnaros,1676,monk,mistweaver,54,22,32
Quickmist,draenor,1675,monk,mistweaver,107,65,42
Монккд,gordunni,1675,monk,mistweaver,183,105,78
Æbscourgê,azjolnerub,1675,monk,mistweaver,90,50,40
Modequillo,blackmoore,1674,monk,mistweaver,109,54,55
Stonkss,ragnaros,1674,monk,mistweaver,112,50,62
Cochonhalall,archimonde,1674,monk,mistweaver,54,23,31
Lonechi,sylvanas,1673,monk,mistweaver,60,24,36
Zahj,ysondre,1672,monk,mistweaver,141,86,55
Jerymonk,tarren-mill,1672,monk,mistweaver,231,123,108
Mistchorus,argent-dawn,1671,monk,mistweaver,30,21,9
Asho,outland,1671,monk,mistweaver,62,37,25
Zarona,outland,1671,monk,mistweaver,60,34,26
Cîanurø,zuljin,1671,monk,mistweaver,81,43,38
Deadlywuu,antonidas,1670,monk,mistweaver,89,56,33
Neehl,aegwynn,1670,monk,mistweaver,35,22,13
Børis,draenor,1670,monk,mistweaver,171,100,71
Артэкрио,soulflayer,1669,monk,mistweaver,54,37,17
Macpunchy,defias-brotherhood,1667,monk,mistweaver,48,28,20
Notdearmw,shattered-hand,1666,monk,mistweaver,36,24,12
Snookzlol,aegwynn,1666,monk,mistweaver,71,44,27
Guthäxlul,khazgoroth,1666,monk,mistweaver,503,271,232
Suliya,zuluhed,1666,monk,mistweaver,96,51,45
Xanderpowa,sanguino,1665,monk,mistweaver,36,21,15
Dharmå,norgannon,1665,monk,mistweaver,62,32,30
Saduh,thrall,1664,monk,mistweaver,54,30,24
Tîptap,blackrock,1663,monk,mistweaver,42,20,22
Tokz,ravencrest,1662,monk,mistweaver,60,42,18
Sprutleif,auchindoun,1662,monk,mistweaver,82,54,28
Tîptâp,blackrock,1661,monk,mistweaver,27,19,8
Sanktxy,blackhand,1661,monk,mistweaver,111,53,58
Mistwave,eredar,1660,monk,mistweaver,40,28,12
Insømnia,ragnaros,1660,monk,mistweaver,34,21,13
Фистингкоуч,gordunni,1660,monk,mistweaver,75,44,31
Wwception,blackrock,1659,monk,mistweaver,44,25,19
Taylorghost,ravencrest,1659,monk,mistweaver,161,85,76
Needthát,twisting-nether,1658,monk,mistweaver,60,38,22
Twerki,grim-batol,1658,monk,mistweaver,82,45,37
Sploof,ravencrest,1657,monk,mistweaver,36,24,12
Búns,draenor,1657,monk,mistweaver,95,55,40
Аскмилол,deathweaver,1657,monk,mistweaver,136,71,65
Myfresh,ysondre,1657,monk,mistweaver,80,41,39
Knucklejuice,kazzak,1656,monk,mistweaver,54,28,26
Trollandroll,stormscale,1655,monk,mistweaver,131,71,60
Эддрос,gordunni,1655,monk,mistweaver,66,35,31
Mangi,rexxar,1655,monk,mistweaver,72,37,35
Kareek,sylvanas,1655,monk,mistweaver,48,24,24
Lazyslooth,ravencrest,1655,monk,mistweaver,47,21,26
Benenutz,archimonde,1654,monk,mistweaver,77,54,23
Kaàli,pozzo-delleternità,1654,monk,mistweaver,36,21,15
Päjcsi,ragnaros,1654,monk,mistweaver,42,21,21
Akkadianx,ravencrest,1653,monk,mistweaver,65,38,27
Brewsli,ragnaros,1653,monk,mistweaver,86,50,36
Swollboom,outland,1653,monk,mistweaver,45,24,21
Sigvald,kaelthas,1652,monk,mistweaver,36,21,15
Lacasyto,sanguino,1651,monk,mistweaver,60,43,17
Erapanzon,nemesis,1650,monk,mistweaver,84,45,39
Garcon,tarren-mill,1649,monk,mistweaver,120,67,53
Tríxìe,stormscale,1649,monk,mistweaver,128,69,59
Sart,aerie-peak,1649,monk,mistweaver,72,38,34
Pundok,blackrock,1648,monk,mistweaver,170,101,69
Hotmiist,kazzak,1648,monk,mistweaver,65,38,27
Milkabtw,kazzak,1648,monk,mistweaver,94,52,42
Mistbringer,kazzak,1648,monk,mistweaver,518,272,246
Stanimirov,outland,1648,monk,mistweaver,89,43,46
Supaverli,archimonde,1647,monk,mistweaver,30,21,9
Ana,eredar,1647,monk,mistweaver,36,19,17
Etzu,shattrath,1646,monk,mistweaver,72,43,29
Бладмонки,soulflayer,1645,monk,mistweaver,102,56,46
Rascah,archimonde,1645,monk,mistweaver,83,41,42
Drugashe,archimonde,1645,monk,mistweaver,360,177,183
Эрмилинда,gordunni,1645,monk,mistweaver,120,55,65
Gingerbrew,hyjal,1644,monk,mistweaver,27,19,8
Linshai,eredar,1644,monk,mistweaver,42,25,17
Yumhai,dun-modr,1644,monk,mistweaver,101,59,42
Chiuna,sylvanas,1644,monk,mistweaver,66,37,29
Unsanegodx,ravencrest,1643,monk,mistweaver,54,38,16
Psychoo,ragnaros,1643,monk,mistweaver,66,41,25
Zintsu,khaz-modan,1643,monk,mistweaver,46,26,20
Eugenn,alonsus,1643,monk,mistweaver,52,29,23
Invadem,shattered-hand,1642,monk,mistweaver,33,22,11
Blondefurry,twisting-nether,1642,monk,mistweaver,92,56,36
Nepho,twisting-nether,1642,monk,mistweaver,38,23,15
Merína,ragnaros,1642,monk,mistweaver,254,130,124
Ilovesnoopy,blackmoore,1641,monk,mistweaver,42,25,17
Mimimatrick,hyjal,1641,monk,mistweaver,108,59,49
Leôlulu,blackmoore,1640,monk,mistweaver,86,59,27
Mòñkêÿgøðx,outland,1640,monk,mistweaver,47,32,15
Monkadorie,twisting-nether,1640,monk,mistweaver,97,65,32
Kaizetsu,drakthul,1640,monk,mistweaver,84,52,32
Aritisi,tarren-mill,1640,monk,mistweaver,36,20,16
Fistify,destromath,1639,monk,mistweaver,24,20,4
Brewteaful,outland,1639,monk,mistweaver,58,31,27
Mulfmonk,darksorrow,1638,monk,mistweaver,96,65,31
Timboqt,blackmoore,1638,monk,mistweaver,70,43,27
Zikzer,darksorrow,1638,monk,mistweaver,87,52,35
Wushin,antonidas,1638,monk,mistweaver,55,30,25
Gernokz,antonidas,1638,monk,mistweaver,383,205,178
Ulns,blackrock,1637,monk,mistweaver,102,49,53
Meltfistqt,ravencrest,1636,monk,mistweaver,208,101,107
Syyn,twisting-nether,1635,monk,mistweaver,351,192,159
Karoou,kelthuzad,1635,monk,mistweaver,89,48,41
Cykatea,dun-modr,1635,monk,mistweaver,1138,582,556
Leblatt,blackhand,1634,monk,mistweaver,130,77,53
Vregorx,twisting-nether,1634,monk,mistweaver,67,36,31
Mistur,blackrock,1634,monk,mistweaver,42,22,20
Якунка,soulflayer,1634,monk,mistweaver,54,25,29
Zúlay,aegwynn,1633,monk,mistweaver,42,26,16
Pe,blackhand,1633,monk,mistweaver,106,58,48
Sensorium,ravencrest,1633,monk,mistweaver,140,76,64
Gøøgodx,tarren-mill,1632,monk,mistweaver,41,23,18
Elamø,sanguino,1632,monk,mistweaver,65,34,31
Melamonk,ravencrest,1632,monk,mistweaver,347,180,167
Plancton,kazzak,1631,monk,mistweaver,24,17,7
Teninchwilly,outland,1631,monk,mistweaver,74,47,27
Energyqt,twisting-nether,1631,monk,mistweaver,42,22,20
Airgirl,terrordar,1630,monk,mistweaver,64,38,26
Shailene,kazzak,1630,monk,mistweaver,284,167,117
Sinthorasas,blackrock,1630,monk,mistweaver,144,81,63
Shyreen,zirkel-des-cenarius,1630,monk,mistweaver,47,25,22
Hulkules,blackhand,1629,monk,mistweaver,94,63,31
Quotes,darksorrow,1629,monk,mistweaver,78,38,40
Brüderlichke,elune,1629,monk,mistweaver,48,21,27
Ohmegah,frostmane,1628,monk,mistweaver,61,42,19
Kapitan,sanguino,1628,monk,mistweaver,123,72,51
Dachilla,gilneas,1628,monk,mistweaver,61,35,26
Alë,argent-dawn,1628,monk,mistweaver,139,79,60
Shokko,uldaman,1628,monk,mistweaver,89,47,42
Эйдриса,howling-fjord,1628,monk,mistweaver,36,19,17
Angeryw,kazzak,1627,monk,mistweaver,30,20,10
Vooxis,drakthul,1627,monk,mistweaver,84,48,36
Найтчерри,deathguard,1627,monk,mistweaver,227,125,102
Malfius,shadowsong,1626,monk,mistweaver,48,31,17
Xineeaa,outland,1626,monk,mistweaver,124,66,58
Ðéliora,la-croisade-écarlate,1626,monk,mistweaver,60,30,30
Zaiyox,thrall,1626,monk,mistweaver,42,20,22
Twistie,aegwynn,1626,monk,mistweaver,36,17,19
Xeratino,ragnaros,1625,monk,mistweaver,41,24,17
Фапдао,howling-fjord,1625,monk,mistweaver,236,126,110
Knotseboenk,outland,1625,monk,mistweaver,125,64,61
Старыйхиро,gordunni,1624,monk,mistweaver,24,17,7
Yotke,ravencrest,1624,monk,mistweaver,48,30,18
Sooths,uldaman,1624,monk,mistweaver,43,25,18
Elskling,earthen-ring,1624,monk,mistweaver,473,239,234
Marcjess,kazzak,1624,monk,mistweaver,42,21,21
Флориусс,soulflayer,1622,monk,mistweaver,29,19,10
Akwaman,stormscale,1622,monk,mistweaver,54,23,31
Oneshotmacro,spinebreaker,1621,monk,mistweaver,36,23,13
Luciellie,archimonde,1621,monk,mistweaver,30,19,11
Pandare,bronze-dragonflight,1621,monk,mistweaver,86,51,35
Córporation,outland,1621,monk,mistweaver,48,25,23
Spinonyou,silvermoon,1620,monk,mistweaver,30,20,10
Zenmastêr,twisting-nether,1620,monk,mistweaver,249,140,109
Rheinair,antonidas,1620,monk,mistweaver,126,69,57
Issho,der-rat-von-dalaran,1620,monk,mistweaver,36,19,17
Biftas,nagrand,1619,monk,mistweaver,75,42,33
Hanhunden,grim-batol,1619,monk,mistweaver,239,133,106
Ashenore,outland,1619,monk,mistweaver,48,22,26
Aryaz,ravencrest,1618,monk,mistweaver,93,49,44
Thorasobär,aegwynn,1618,monk,mistweaver,57,30,27
Chanjike,anetheron,1618,monk,mistweaver,78,39,39
Nylzz,archimonde,1618,monk,mistweaver,44,22,22
Xoleck,aegwynn,1618,monk,mistweaver,48,21,27
Хилюзаоргазм,howling-fjord,1617,monk,mistweaver,86,50,36
Emblax,blackhand,1616,monk,mistweaver,48,29,19
Monkéy,blackhand,1616,monk,mistweaver,54,30,24
Slugerpigen,stormscale,1616,monk,mistweaver,375,206,169
Kwa,grim-batol,1616,monk,mistweaver,69,37,32
Salsina,nemesis,1615,monk,mistweaver,271,150,121
Shkorwi,drakthul,1615,monk,mistweaver,78,40,38
Simòna,dun-modr,1615,monk,mistweaver,706,353,353
Hymonk,draenor,1614,monk,mistweaver,103,62,41
Ussak,stormreaver,1613,monk,mistweaver,102,67,35
Junâ,les-sentinelles,1613,monk,mistweaver,37,19,18
Namelessmist,drakthul,1612,monk,mistweaver,66,40,26
Telder,sylvanas,1612,monk,mistweaver,44,25,19
Dr,sylvanas,1612,monk,mistweaver,36,20,16
Fabulistic,outland,1612,monk,mistweaver,48,25,23
Calli,auchindoun,1612,monk,mistweaver,118,58,60
Mkeev,blackrock,1611,monk,mistweaver,18,17,1
Zodyiac,blackrock,1611,monk,mistweaver,41,29,12
Uftis,thrall,1611,monk,mistweaver,83,58,25
Garuda,darkspear,1611,monk,mistweaver,34,23,11
Simbabsu,thrall,1611,monk,mistweaver,69,46,23
Andoran,hyjal,1611,monk,mistweaver,36,22,14
Makïi,archimonde,1611,monk,mistweaver,253,146,107
Hydrôlîcz,blackrock,1611,monk,mistweaver,48,26,22
Koraxx,blackmoore,1611,monk,mistweaver,90,46,44
Zorxen,argent-dawn,1611,monk,mistweaver,42,20,22
Сэм,gordunni,1610,monk,mistweaver,30,21,9
Crazydingo,lightnings-blade,1610,monk,mistweaver,115,73,42
Аникибой,gordunni,1610,monk,mistweaver,109,69,40
Botspec,twisting-nether,1610,monk,mistweaver,75,47,28
Cbmonk,sylvanas,1609,monk,mistweaver,74,50,24
Биак,howling-fjord,1609,monk,mistweaver,38,23,15
Windwalkergy,chamber-of-aspects,1609,monk,mistweaver,72,40,32
Kitingbuddha,aegwynn,1609,monk,mistweaver,114,62,52
Plebmonkx,frostmane,1609,monk,mistweaver,185,98,87
Saadlol,sanguino,1609,monk,mistweaver,36,19,17
Amatör,frostwolf,1609,monk,mistweaver,132,67,65
Лолидевочка,soulflayer,1609,monk,mistweaver,61,24,37
Mikeson,sylvanas,1608,monk,mistweaver,56,35,21
Ignygodx,ragnaros,1608,monk,mistweaver,35,19,16
Cerrya,silvermoon,1608,monk,mistweaver,48,21,27
Кирэнви,soulflayer,1607,monk,mistweaver,54,34,20
Benzzy,ragnaros,1607,monk,mistweaver,110,68,42
Pleasure,laughing-skull,1607,monk,mistweaver,54,30,24
Нопеурорсогп,soulflayer,1607,monk,mistweaver,36,20,16
Авентусс,howling-fjord,1607,monk,mistweaver,168,93,75
Fbmonk,kazzak,1607,monk,mistweaver,207,114,93
Larå,ravencrest,1607,monk,mistweaver,346,188,158
Mannmann,thrall,1607,monk,mistweaver,54,29,25
Pembi,blades-edge,1607,monk,mistweaver,98,51,47
Xdhehehexd,twisting-nether,1607,monk,mistweaver,70,34,36
Lkä,hyjal,1606,monk,mistweaver,24,17,7
Áyell,archimonde,1606,monk,mistweaver,171,95,76
Refi,blackrock,1606,monk,mistweaver,127,69,58
Klotsobunidi,kazzak,1606,monk,mistweaver,191,100,91
Pìmpìnelle,garona,1606,monk,mistweaver,47,23,24
Kernbohrung,ravencrest,1605,monk,mistweaver,30,20,10
Sweatymonkey,ravencrest,1605,monk,mistweaver,36,20,16
Igozoom,draenor,1604,monk,mistweaver,36,29,7
Pøwcow,blackrock,1604,monk,mistweaver,203,114,89
Ceeja,blackmoore,1604,monk,mistweaver,167,91,76
Rulletunna,grim-batol,1604,monk,mistweaver,78,42,36
Rngmåchínè,ravencrest,1604,monk,mistweaver,98,50,48
Lillklappz,outland,1603,monk,mistweaver,36,27,9
Uwugodx,archimonde,1603,monk,mistweaver,69,41,28
Selici,defias-brotherhood,1603,monk,mistweaver,92,54,38
Waitaminute,outland,1603,monk,mistweaver,166,97,69
Aldèbarån,nemesis,1603,monk,mistweaver,132,75,57
Bamiegoreng,aegwynn,1603,monk,mistweaver,30,17,13
Leesun,burning-legion,1603,monk,mistweaver,53,28,25
Амаззонния,soulflayer,1603,monk,mistweaver,168,86,82
Saitamä,archimonde,1603,monk,mistweaver,110,54,56
Chundan,twisting-nether,1602,monk,mistweaver,93,62,31
Lizardspock,hyjal,1602,monk,mistweaver,30,17,13
Stealthsøul,outland,1602,monk,mistweaver,30,17,13
Räyh,outland,1602,monk,mistweaver,57,31,26
Brummbierle,blackrock,1602,monk,mistweaver,46,24,22
Loma,drakthul,1601,monk,mistweaver,148,94,54
Kajï,frostmane,1601,monk,mistweaver,78,48,30
Jimbearend,argent-dawn,1601,monk,mistweaver,120,73,47
Aebì,dalaran,1600,monk,mistweaver,87,55,32
Setup,thrall,1600,monk,mistweaver,197,111,86
Onlyvegan,ravencrest,1600,monk,mistweaver,40,21,19
Gronoz,drakthul,1599,monk,mistweaver,120,71,49
Jum,blackhand,1599,monk,mistweaver,142,79,63
Индоран,howling-fjord,1598,monk,mistweaver,78,55,23
Oregan,conseil-des-ombres,1598,monk,mistweaver,72,42,30
Rokobasilisk,outland,1598,monk,mistweaver,42,19,23
Arimira,outland,1597,monk,mistweaver,116,63,53
Widsilson,hyjal,1596,monk,mistweaver,24,17,7
Xadu,frostwolf,1595,monk,mistweaver,77,46,31
Brêwjob,archimonde,1595,monk,mistweaver,100,57,43
Ivanzamonka,stormscale,1595,monk,mistweaver,113,64,49
Darkkmonk,dun-modr,1595,monk,mistweaver,167,87,80
Desmî,ravencrest,1594,monk,mistweaver,32,24,8
Monkiful,haomarush,1594,monk,mistweaver,42,17,25
Zenfir,sylvanas,1593,monk,mistweaver,74,46,28
Venemy,sanguino,1593,monk,mistweaver,96,55,41
Zødiac,quelthalas,1593,monk,mistweaver,51,28,23
Monarko,twisting-nether,1593,monk,mistweaver,115,63,52
Jetleê,eredar,1593,monk,mistweaver,150,76,74
Punkfukanda,drakthul,1592,monk,mistweaver,69,41,28
Whoszeus,archimonde,1592,monk,mistweaver,350,184,166
Watchmedamp,draenor,1591,monk,mistweaver,218,124,94
Schane,zuluhed,1591,monk,mistweaver,94,50,44
Rebekko,pozzo-delleternità,1591,monk,mistweaver,299,155,144
Elmonkodonko,draenor,1590,monk,mistweaver,30,17,13
Chexmonk,silvermoon,1590,monk,mistweaver,172,87,85
Saeedki,wildhammer,1589,monk,mistweaver,55,30,25
Boomboôom,outland,1589,monk,mistweaver,63,32,31
Monkymonka,antonidas,1589,monk,mistweaver,204,103,101
Headakzar,kazzak,1588,monk,mistweaver,102,50,52
Farmander,silvermoon,1587,monk,mistweaver,215,126,89
Неэверида,deepholm,1586,monk,mistweaver,260,141,119
Windspiritt,ragnaros,1586,monk,mistweaver,78,42,36
Kammia,drekthar,1585,monk,mistweaver,30,17,13
Monkim,chogall,1585,monk,mistweaver,48,27,21
Quezatrix,ravencrest,1585,monk,mistweaver,292,153,139
Phyro,uldum,1585,monk,mistweaver,98,47,51
Pitit,outland,1584,monk,mistweaver,78,31,47
Warsox,aegwynn,1583,monk,mistweaver,102,53,49
Bonbón,scarshield-legion,1583,monk,mistweaver,42,21,21
Toadmuncher,eredar,1583,monk,mistweaver,52,21,31
Smitheal,outland,1582,monk,mistweaver,78,54,24
Katmunk,kazzak,1582,monk,mistweaver,30,18,12
Кулаквнос,gordunni,1582,monk,mistweaver,198,102,96
Факенщет,soulflayer,1581,monk,mistweaver,97,56,41
Mÿsphere,archimonde,1581,monk,mistweaver,67,37,30
Saáru,argent-dawn,1581,monk,mistweaver,90,49,41
Слишкомхорош,thermaplugg,1580,monk,mistweaver,23,17,6
Gømbøz,tarren-mill,1580,monk,mistweaver,28,18,10
Крибл,howling-fjord,1580,monk,mistweaver,36,20,16
Chinmachine,kazzak,1580,monk,mistweaver,120,66,54
Kamene,kazzak,1579,monk,mistweaver,77,58,19
Rogeri,kazzak,1579,monk,mistweaver,48,26,22
Нунтяк,gordunni,1579,monk,mistweaver,280,138,142
Dosakua,silvermoon,1578,monk,mistweaver,114,63,51
Hardi,chamber-of-aspects,1578,monk,mistweaver,151,74,77
Chípmonk,earthen-ring,1577,monk,mistweaver,207,117,90
Zuvzuv,the-maelstrom,1577,monk,mistweaver,119,59,60
Bitbird,zirkel-des-cenarius,1573,monk,mistweaver,48,29,19
Otuschxin,blackmoore,1573,monk,mistweaver,120,63,57
Chikokon,silvermoon,1572,monk,mistweaver,99,62,37
Mythrixie,draenor,1572,monk,mistweaver,41,25,16
Mentonk,frostwolf,1572,monk,mistweaver,36,20,16
Statícx,twisting-nether,1572,monk,mistweaver,105,56,49
Çz,tarren-mill,1572,monk,mistweaver,66,32,34
Vanoarabidze,ravencrest,1572,monk,mistweaver,78,36,42
Vasknem,hyjal,1571,monk,mistweaver,72,46,26
Medinâ,kult-der-verdammten,1571,monk,mistweaver,66,35,31
Zanizu,blackhand,1571,monk,mistweaver,96,50,46
Psychocop,drakthul,1570,monk,mistweaver,457,233,224
Calmpalms,tarren-mill,1569,monk,mistweaver,111,60,51
Orgasmix,tarren-mill,1569,monk,mistweaver,42,21,21
Масакрейн,howling-fjord,1569,monk,mistweaver,543,271,272
Lenor,blackmoore,1569,monk,mistweaver,36,17,19
Spîndêmôrt,stormscale,1568,monk,mistweaver,161,96,65
Brewsky,tarren-mill,1568,monk,mistweaver,60,29,31
Mâxs,archimonde,1567,monk,mistweaver,24,17,7
Plaguer,nordrassil,1566,monk,mistweaver,66,38,28
Meuhporgg,hyjal,1564,monk,mistweaver,60,42,18
Progresse,tarren-mill,1564,monk,mistweaver,60,32,28
Brapbrap,stormscale,1564,monk,mistweaver,63,32,31
Mwmkgodxz,archimonde,1563,monk,mistweaver,27,18,9
Nihao,tarren-mill,1563,monk,mistweaver,115,62,53
Hokke,tarren-mill,1563,monk,mistweaver,66,34,32
Noni,gorgonnash,1563,monk,mistweaver,101,52,49
Jinhee,nemesis,1562,monk,mistweaver,68,45,23
Qlmo,ravencrest,1561,monk,mistweaver,134,77,57
Dmonk,alakir,1561,monk,mistweaver,107,53,54
Madafis,twisting-nether,1560,monk,mistweaver,42,28,14
Xiâomèi,dun-modr,1560,monk,mistweaver,65,37,28
Shreckmonk,burning-blade,1560,monk,mistweaver,92,50,42
Нийтринно,howling-fjord,1558,monk,mistweaver,174,86,88
Slizzlie,outland,1557,monk,mistweaver,51,26,25
Endif,stormscale,1557,monk,mistweaver,70,35,35
Musslee,elune,1556,monk,mistweaver,105,54,51
Kbwser,silvermoon,1555,monk,mistweaver,54,32,22
Isadri,madmortem,1555,monk,mistweaver,36,21,15
Gravityfist,aegwynn,1555,monk,mistweaver,90,44,46
Mushush,draenor,1554,monk,mistweaver,62,34,28
Basthek,blackhand,1554,monk,mistweaver,77,37,40
Hullumunkki,blackmoore,1553,monk,mistweaver,28,18,10
Ouaipäül,archimonde,1552,monk,mistweaver,36,19,17
Buffmw,burning-steppes,1551,monk,mistweaver,35,24,11
Scpdevil,outland,1550,monk,mistweaver,117,67,50
Happymonktwo,ravencrest,1549,monk,mistweaver,166,83,83
Kattlåda,darkspear,1548,monk,mistweaver,36,21,15
Rzi,amanthul,1548,monk,mistweaver,155,86,69
Ðisbalance,ravencrest,1548,monk,mistweaver,35,17,18
Lumpiiná,antonidas,1547,monk,mistweaver,102,62,40
Bluebery,burning-legion,1547,monk,mistweaver,30,17,13
Trulor,draenor,1546,monk,mistweaver,24,18,6
Taìka,archimonde,1546,monk,mistweaver,27,17,10
Prettysus,silvermoon,1546,monk,mistweaver,66,41,25
Deniise,kult-der-verdammten,1546,monk,mistweaver,54,32,22
Wannabejoker,stormscale,1546,monk,mistweaver,72,38,34
Vivir,stormreaver,1545,monk,mistweaver,210,118,92
Ønøf,rashgarroth,1545,monk,mistweaver,77,38,39
Painswîft,blackhand,1544,monk,mistweaver,54,34,20
Kirkeý,ravencrest,1544,monk,mistweaver,55,31,24
Barracüs,dun-modr,1544,monk,mistweaver,78,43,35
Lysanmonk,zuljin,1544,monk,mistweaver,123,67,56
Aeolôs,hyjal,1543,monk,mistweaver,84,47,37
Inthepoopa,outland,1543,monk,mistweaver,102,56,46
Njursten,twilights-hammer,1543,monk,mistweaver,296,150,146
Toshi,argent-dawn,1542,monk,mistweaver,118,75,43
Eckø,rashgarroth,1542,monk,mistweaver,88,52,36
Kiziibrla,archimonde,1541,monk,mistweaver,48,24,24
Bîgmø,blades-edge,1540,monk,mistweaver,30,20,10
Kåýðø,archimonde,1540,monk,mistweaver,90,48,42
Slayâtwo,blackrock,1539,monk,mistweaver,33,23,10
Bambøuéqtz,khaz-modan,1539,monk,mistweaver,60,40,20
Dumplings,earthen-ring,1538,monk,mistweaver,66,43,23
Ричфлекс,howling-fjord,1538,monk,mistweaver,284,160,124
Lefferubie,hyjal,1538,monk,mistweaver,72,40,32
Onepunchmon,ragnaros,1538,monk,mistweaver,46,24,22
Khaven,hyjal,1537,monk,mistweaver,23,18,5
Drylezm,twisting-nether,1537,monk,mistweaver,28,20,8
Molgar,tarren-mill,1537,monk,mistweaver,86,48,38
Kushvendorx,silvermoon,1537,monk,mistweaver,72,38,34
Zaheer,xavius,1537,monk,mistweaver,59,17,42
Castrø,argent-dawn,1536,monk,mistweaver,84,47,37
Диванн,howling-fjord,1535,monk,mistweaver,50,29,21
Absolutezen,tarren-mill,1535,monk,mistweaver,66,34,32
Akatzu,silvermoon,1534,monk,mistweaver,23,17,6
Tetetete,silvermoon,1534,monk,mistweaver,169,90,79
Тоталиспайс,lich-king,1533,monk,mistweaver,72,40,32
Jeanmartin,hyjal,1531,monk,mistweaver,84,46,38
Xloxloxloxy,outland,1530,monk,mistweaver,24,16,8
Лалафест,soulflayer,1530,monk,mistweaver,52,29,23
Ninjasven,bladefist,1530,monk,mistweaver,42,19,23
Soulxq,blackrock,1529,monk,mistweaver,219,112,107
Blaeys,blackmoore,1528,monk,mistweaver,72,45,27
Karatekickyo,ravencrest,1528,monk,mistweaver,40,22,18
Brucechi,kargath,1527,monk,mistweaver,93,67,26
Timboxd,blackmoore,1527,monk,mistweaver,85,49,36
Urbàs,blackmoore,1526,monk,mistweaver,42,29,13
Applestrûdel,blackrock,1526,monk,mistweaver,93,55,38
Visk,blackmoore,1526,monk,mistweaver,197,106,91
Pikajeww,kazzak,1525,monk,mistweaver,74,54,20
Yuyuni,laughing-skull,1525,monk,mistweaver,60,29,31
Жариха,soulflayer,1523,monk,mistweaver,63,40,23
Tyzin,blackrock,1523,monk,mistweaver,136,78,58
Shiesel,draenor,1523,monk,mistweaver,98,53,45
Phébz,archimonde,1523,monk,mistweaver,68,36,32
Fithz,kaelthas,1522,monk,mistweaver,42,32,10
Uncleheal,tarren-mill,1521,monk,mistweaver,37,21,16
Fungku,azjolnerub,1521,monk,mistweaver,345,175,170
Ароба,blackscar,1521,monk,mistweaver,47,23,24
Børshka,nemesis,1520,monk,mistweaver,77,50,27
Màru,blackrock,1520,monk,mistweaver,48,27,21
Vanessaflexz,aegwynn,1520,monk,mistweaver,48,26,22
Musashiden,twisting-nether,1520,monk,mistweaver,75,40,35
Zerym,silvermoon,1520,monk,mistweaver,78,38,40
Ilikeducks,ravencrest,1519,monk,mistweaver,90,57,33
Correforrest,dun-modr,1519,monk,mistweaver,132,81,51
Rizzwalker,ravencrest,1519,monk,mistweaver,89,52,37
Bóber,kazzak,1519,monk,mistweaver,54,30,24
Sînê,archimonde,1518,monk,mistweaver,174,98,76
Atommyran,frostmane,1517,monk,mistweaver,102,57,45
Mightnorn,tarren-mill,1517,monk,mistweaver,36,20,16
Тевикс,gordunni,1517,monk,mistweaver,114,58,56
Miînd,tarren-mill,1516,monk,mistweaver,72,43,29
Eynodiggity,blackmoore,1516,monk,mistweaver,72,38,34
Chàrràth,blackmoore,1516,monk,mistweaver,249,125,124
Ticktak,archimonde,1515,monk,mistweaver,92,55,37
Sobadzlolz,alexstrasza,1515,monk,mistweaver,60,28,32
Joshimitsu,sylvanas,1515,monk,mistweaver,98,45,53
Shàká,stormscale,1514,monk,mistweaver,42,28,14
Drúdkh,tarren-mill,1514,monk,mistweaver,72,41,31
Уиннии,soulflayer,1513,monk,mistweaver,30,17,13
Dromarch,dun-modr,1513,monk,mistweaver,81,39,42
Jcchi,xavius,1513,monk,mistweaver,126,60,66
Jyll,malganis,1513,monk,mistweaver,179,79,100
Ronkingkong,ravencrest,1512,monk,mistweaver,42,16,26
Aryphus,blackmoore,1511,monk,mistweaver,36,18,18
Elity,archimonde,1510,monk,mistweaver,82,54,28
Ragenn,zuljin,1510,monk,mistweaver,49,32,17
Oogwai,twisting-nether,1510,monk,mistweaver,108,64,44
Shoryugrops,chants-éternels,1509,monk,mistweaver,26,18,8
Orkiya,archimonde,1509,monk,mistweaver,348,182,166
Krysira,blackrock,1508,monk,mistweaver,30,19,11
Reivil,kazzak,1508,monk,mistweaver,30,16,14
Fungxi,archimonde,1508,monk,mistweaver,78,33,45
Torqualis,kazzak,1507,monk,mistweaver,310,163,147
Elvand,twisting-nether,1507,monk,mistweaver,119,58,61
Romk,darkspear,1506,monk,mistweaver,60,43,17
Backseatgmr,ravencrest,1506,monk,mistweaver,106,54,52
Smâsh,blackhand,1505,monk,mistweaver,88,51,37
Sneezao,ravencrest,1505,monk,mistweaver,162,89,73
Jacm,blackhand,1505,monk,mistweaver,47,25,22
Spoompls,argent-dawn,1505,monk,mistweaver,54,24,30
Вондерофъю,gordunni,1505,monk,mistweaver,54,24,30
Chiroan,twisting-nether,1504,monk,mistweaver,112,64,48
Shiguru,dun-morogh,1504,monk,mistweaver,197,108,89
Møjíto,stormscale,1504,monk,mistweaver,83,43,40
Kungfuppl,kazzak,1504,monk,mistweaver,103,46,57
Инженерия,howling-fjord,1503,monk,mistweaver,60,36,24
Bullbøx,chamber-of-aspects,1503,monk,mistweaver,117,52,65
Sitekm,burning-legion,1502,monk,mistweaver,29,20,9
Самадайка,howling-fjord,1501,monk,mistweaver,166,86,80
Nexìan,kazzak,1499,monk,mistweaver,36,27,9
Skusle,defias-brotherhood,1499,monk,mistweaver,36,22,14
Civix,sanguino,1499,monk,mistweaver,140,82,58
Timmyßênz,kaelthas,1499,monk,mistweaver,107,60,47
Quendi,arthas,1499,monk,mistweaver,299,161,138
Stramonk,nemesis,1499,monk,mistweaver,234,114,120
Doingmaster,blackrock,1498,monk,mistweaver,54,27,27
Endorrphine,ravencrest,1498,monk,mistweaver,146,65,81
Monkzdino,destromath,1497,monk,mistweaver,71,36,35
Zeldrís,ragnaros,1497,monk,mistweaver,102,51,51
Тучковский,lich-king,1496,monk,mistweaver,161,86,75
Jihaaz,nemesis,1496,monk,mistweaver,187,97,90
Bigballs,ysera,1496,monk,mistweaver,66,30,36
Fistyboyuk,tarren-mill,1494,monk,mistweaver,29,17,12
Evilrui,ravencrest,1493,monk,mistweaver,93,49,44
Турениш,soulflayer,1492,monk,mistweaver,29,17,12
Pandimaci,ragnaros,1492,monk,mistweaver,152,87,65
Каземат,booty-bay,1492,monk,mistweaver,90,51,39
Fistarfrans,sylvanas,1491,monk,mistweaver,32,24,8
Píkachuu,ragnaros,1491,monk,mistweaver,65,41,24
Mer,outland,1490,monk,mistweaver,47,26,21
Thuz,kazzak,1489,monk,mistweaver,69,37,32
Chakuro,ravencrest,1488,monk,mistweaver,30,20,10
Venac,burning-legion,1488,monk,mistweaver,256,146,110
Incapme,outland,1488,monk,mistweaver,145,81,64
Quicc,ravencrest,1488,monk,mistweaver,72,36,36
Edll,silvermoon,1486,monk,mistweaver,42,24,18
Kegrøll,doomhammer,1486,monk,mistweaver,54,29,25
Uglyfister,kazzak,1486,monk,mistweaver,36,19,17
Moveietss,stormscale,1485,monk,mistweaver,18,16,2
Føxy,sunstrider,1485,monk,mistweaver,42,26,16
Spiritualia,kazzak,1484,monk,mistweaver,217,118,99
Zands,ysondre,1483,monk,mistweaver,54,38,16
Fluki,twisting-nether,1483,monk,mistweaver,60,30,30
Cmk,outland,1483,monk,mistweaver,90,36,54
Thralg,neptulon,1482,monk,mistweaver,66,40,26
Maiver,stormscale,1482,monk,mistweaver,139,78,61
Mekki,outland,1481,monk,mistweaver,21,17,4
Ajita,blackmoore,1481,monk,mistweaver,66,35,31
Mordmonkx,draenor,1481,monk,mistweaver,291,153,138
Misthera,burning-legion,1481,monk,mistweaver,132,60,72
Degentz,alakir,1480,monk,mistweaver,68,34,34
Kano,burning-legion,1479,monk,mistweaver,38,23,15
Åshêrs,stormscale,1479,monk,mistweaver,30,18,12
Mistyice,kazzak,1479,monk,mistweaver,30,17,13
Aguerxf,alleria,1479,monk,mistweaver,59,27,32
Юансноу,blackscar,1478,monk,mistweaver,108,64,44
Scare,stormreaver,1478,monk,mistweaver,105,59,46
Ytonie,gorgonnash,1477,monk,mistweaver,36,28,8
Kreynich,blackhand,1477,monk,mistweaver,36,25,11
Sanhollo,stormscale,1477,monk,mistweaver,29,17,12
Dìó,tarren-mill,1477,monk,mistweaver,210,117,93
Coopers,hyjal,1477,monk,mistweaver,108,60,48
Huricän,drakthul,1477,monk,mistweaver,57,27,30
Bendís,twisting-nether,1476,monk,mistweaver,108,57,51
Shiveri,outland,1476,monk,mistweaver,89,42,47
Влажныйтач,soulflayer,1475,monk,mistweaver,30,19,11
Shouling,outland,1475,monk,mistweaver,97,55,42
Nimander,burning-legion,1475,monk,mistweaver,39,19,20
Gucciweaver,tarren-mill,1474,monk,mistweaver,35,22,13
Мирюзаки,gordunni,1474,monk,mistweaver,72,45,27
Mareki,nethersturm,1473,monk,mistweaver,107,62,45
Skâte,dun-modr,1473,monk,mistweaver,77,42,35
Dembe,darksorrow,1472,monk,mistweaver,120,65,55
Xiaokingqvq,silvermoon,1472,monk,mistweaver,108,54,54
Affrro,drakthul,1471,monk,mistweaver,89,51,38
Монкиннияя,gordunni,1471,monk,mistweaver,45,21,24
Discoelysia,outland,1470,monk,mistweaver,132,71,61
Анамо,blackscar,1469,monk,mistweaver,78,45,33
Bleja,blackhand,1469,monk,mistweaver,226,120,106
Rebeka,dun-modr,1469,monk,mistweaver,36,17,19
Зелёныймонк,soulflayer,1468,monk,mistweaver,114,63,51
Moistweaver,hellfire,1468,monk,mistweaver,84,44,40
Zenified,ragnaros,1468,monk,mistweaver,82,40,42
Capwouk,tarren-mill,1468,monk,mistweaver,36,16,20
Zekunpow,zenedar,1467,monk,mistweaver,63,43,20
Mystd,hyjal,1466,monk,mistweaver,41,24,17
Kungfupandy,blackmoore,1466,monk,mistweaver,262,145,117
Glorytw,outland,1465,monk,mistweaver,42,24,18
Hærleyquin,ravencrest,1465,monk,mistweaver,48,23,25
Rymz,sanguino,1463,monk,mistweaver,109,65,44
Assaalaria,argent-dawn,1463,monk,mistweaver,304,165,139
Rìnox,blackmoore,1463,monk,mistweaver,132,71,61
Gatubarnet,stormscale,1463,monk,mistweaver,77,41,36
Varanthyra,argent-dawn,1463,monk,mistweaver,66,34,32
Mønía,ysondre,1463,monk,mistweaver,54,22,32
Vajawalker,twisting-nether,1462,monk,mistweaver,114,65,49
Dudulinda,silvermoon,1461,monk,mistweaver,120,64,56
Jusn,tarren-mill,1461,monk,mistweaver,167,88,79
Zavarius,silvermoon,1461,monk,mistweaver,42,20,22
Moohamood,argent-dawn,1460,monk,mistweaver,150,72,78
Laggedfist,kazzak,1459,monk,mistweaver,42,26,16
Onÿz,hyjal,1459,monk,mistweaver,54,30,24
Okdontnerf,kazzak,1459,monk,mistweaver,118,57,61
Muix,draenor,1457,monk,mistweaver,48,23,25
Amnis,pozzo-delleternità,1456,monk,mistweaver,29,19,10
Malkaviano,kazzak,1456,monk,mistweaver,95,55,40
Dupengchi,blackrock,1456,monk,mistweaver,48,22,26
Zenzu,blackmoore,1455,monk,mistweaver,54,34,20
Diabolùs,blackmoore,1454,monk,mistweaver,48,20,28
Тефтелъка,soulflayer,1453,monk,mistweaver,44,27,17
Tsifsakari,silvermoon,1453,monk,mistweaver,255,125,130
Вдыхайтуман,gordunni,1452,monk,mistweaver,117,65,52
Latsu,silvermoon,1451,monk,mistweaver,42,21,21
Gruslinovica,archimonde,1451,monk,mistweaver,67,31,36
Fisticuffs,tarren-mill,1450,monk,mistweaver,46,24,22
Wryktas,aegwynn,1449,monk,mistweaver,24,20,4
Cocoonkappa,dun-modr,1447,monk,mistweaver,45,27,18
Cmgxbrew,blackrock,1447,monk,mistweaver,41,16,25
Lökmedsmör,draenor,1446,monk,mistweaver,30,23,7
Изимонк,gordunni,1446,monk,mistweaver,41,25,16
Zenfoxy,blackrock,1446,monk,mistweaver,36,16,20
Chirukka,dun-modr,1445,monk,mistweaver,50,30,20
Chìless,shadowsong,1443,monk,mistweaver,30,21,9
Ônlýféédx,burning-blade,1443,monk,mistweaver,36,16,20
Guanglee,silvermoon,1441,monk,mistweaver,56,37,19
Acidflexx,kazzak,1441,monk,mistweaver,69,39,30
Xplosiv,twisting-nether,1441,monk,mistweaver,256,135,121
Bigbuddha,outland,1441,monk,mistweaver,41,21,20
Sadfacetiki,kazzak,1441,monk,mistweaver,45,20,25
Caskgut,ravencrest,1440,monk,mistweaver,155,88,67
Furrychan,blackmoore,1440,monk,mistweaver,42,23,19
Nexyyfist,kazzak,1440,monk,mistweaver,93,46,47
Kz,culte-de-la-rive-noire,1439,monk,mistweaver,24,15,9
Mugenzenx,sanguino,1439,monk,mistweaver,24,15,9
Daitaro,ravencrest,1439,monk,mistweaver,92,49,43
Chijis,blackmoore,1439,monk,mistweaver,30,15,15
Draxed,kazzak,1438,monk,mistweaver,30,20,10
Bláckøutx,quelthalas,1438,monk,mistweaver,97,50,47
Moorf,ravencrest,1438,monk,mistweaver,30,15,15
Quikes,blackrock,1437,monk,mistweaver,84,47,37
Futtzi,thrall,1436,monk,mistweaver,59,34,25
Hugemuffin,the-maelstrom,1436,monk,mistweaver,218,114,104
Jøjo,argent-dawn,1436,monk,mistweaver,35,17,18
Kungfox,frostwolf,1436,monk,mistweaver,72,34,38
Nezuko,kazzak,1435,monk,mistweaver,61,37,24
Icantstopme,argent-dawn,1435,monk,mistweaver,48,29,19
Habmit,ravencrest,1434,monk,mistweaver,18,15,3
Poyi,ravencrest,1434,monk,mistweaver,24,15,9
Ähronius,stormscale,1434,monk,mistweaver,24,15,9
Musaya,chamber-of-aspects,1434,monk,mistweaver,48,21,27
Santanax,ravencrest,1432,monk,mistweaver,30,17,13
Potkuri,stormreaver,1432,monk,mistweaver,30,15,15
Freebírd,shattered-hand,1431,monk,mistweaver,45,31,14
Eniyl,hyjal,1431,monk,mistweaver,72,36,36
Akùmawíns,archimonde,1431,monk,mistweaver,60,30,30
Nievah,argent-dawn,1430,monk,mistweaver,39,24,15
Monkgd,sylvanas,1428,monk,mistweaver,152,85,67
Nela,sanguino,1428,monk,mistweaver,72,39,33
Boomshaq,defias-brotherhood,1428,monk,mistweaver,307,159,148
Saliya,draenor,1428,monk,mistweaver,34,16,18
Djalexmw,kazzak,1427,monk,mistweaver,24,15,9
Pati,blackrock,1427,monk,mistweaver,76,40,36
Angelofchaos,outland,1426,monk,mistweaver,30,23,7
Скорпин,ashenvale,1426,monk,mistweaver,68,35,33
Monkasape,nemesis,1426,monk,mistweaver,30,15,15
Løsang,blackrock,1425,monk,mistweaver,214,124,90
Тадоичи,soulflayer,1425,monk,mistweaver,90,52,38
Achtal,blackmoore,1425,monk,mistweaver,71,38,33
Nrkbob,ysondre,1425,monk,mistweaver,101,54,47
Brewzleè,ravencrest,1425,monk,mistweaver,58,30,28
Atenazadonte,sanguino,1424,monk,mistweaver,39,23,16
Jasonbbmist,stormscale,1424,monk,mistweaver,95,52,43
Yarie,blackmoore,1423,monk,mistweaver,78,39,39
Bigchaz,outland,1421,monk,mistweaver,24,15,9
Ikuyaa,ravencrest,1421,monk,mistweaver,29,15,14
Meeralya,ravencrest,1421,monk,mistweaver,42,18,24
Vørdèthxd,outland,1420,monk,mistweaver,78,53,25
Beerbringer,kazzak,1419,monk,mistweaver,30,20,10
Azouko,onyxia,1419,monk,mistweaver,37,20,17
Vitnam,auchindoun,1419,monk,mistweaver,124,67,57
Imamonk,tarren-mill,1419,monk,mistweaver,30,15,15
Kégman,silvermoon,1418,monk,mistweaver,51,30,21
Woushou,outland,1418,monk,mistweaver,178,98,80
Sneptichitz,draenor,1418,monk,mistweaver,322,163,159
Bukkits,argent-dawn,1418,monk,mistweaver,72,35,37
Bulletproof,bloodscalp,1417,monk,mistweaver,103,60,43
Xianxiaa,ravencrest,1417,monk,mistweaver,100,57,43
ßountÿ,kazzak,1416,monk,mistweaver,66,46,20
Izen,eredar,1416,monk,mistweaver,24,15,9
Lobnx,kazzak,1415,monk,mistweaver,30,17,13
Luffix,outland,1415,monk,mistweaver,54,29,25
Moonachi,tarren-mill,1414,monk,mistweaver,72,42,30
Zenvex,tarren-mill,1414,monk,mistweaver,50,27,23
Konïï,dalaran,1414,monk,mistweaver,30,15,15
Fleecymonk,blackmoore,1414,monk,mistweaver,54,23,31
Tacktix,defias-brotherhood,1413,monk,mistweaver,35,22,13
Tílidin,malganis,1412,monk,mistweaver,30,21,9
Siamesedream,outland,1412,monk,mistweaver,188,108,80
Lazuros,auchindoun,1412,monk,mistweaver,30,16,14
Германика,soulflayer,1412,monk,mistweaver,291,143,148
Boozmoo,stormscale,1411,monk,mistweaver,70,49,21
Tily,stormreaver,1411,monk,mistweaver,84,45,39
Suggy,kilrogg,1411,monk,mistweaver,46,24,22
Камикадзэн,gordunni,1410,monk,mistweaver,42,27,15
Snack,mannoroth,1410,monk,mistweaver,44,26,18
Drâcømørt,dalaran,1410,monk,mistweaver,57,31,26
Vicmønk,kazzak,1410,monk,mistweaver,39,20,19
Eclipsè,dragonmaw,1409,monk,mistweaver,59,34,25
Банзашарик,gordunni,1409,monk,mistweaver,96,54,42
Khakk,elune,1408,monk,mistweaver,36,21,15
Gråce,nemesis,1408,monk,mistweaver,272,145,127
Nivi,aegwynn,1408,monk,mistweaver,30,15,15
Piednuques,archimonde,1408,monk,mistweaver,54,22,32
Fistingfury,burning-blade,1407,monk,mistweaver,150,75,75
Shàllýn,antonidas,1407,monk,mistweaver,36,17,19
Asmiu,die-aldor,1406,monk,mistweaver,36,23,13
Ninpou,blackrock,1406,monk,mistweaver,50,31,19
Khapta,ysondre,1406,monk,mistweaver,78,40,38
Kandislee,ravencrest,1406,monk,mistweaver,42,19,23
Toaborsten,tarren-mill,1405,monk,mistweaver,58,49,9
Papasan,aggramar,1405,monk,mistweaver,42,27,15
Kazume,pozzo-delleternità,1404,monk,mistweaver,57,35,22
Kroyus,antonidas,1404,monk,mistweaver,164,84,80
Xfu,auchindoun,1403,monk,mistweaver,142,64,78
Kify,dun-modr,1402,monk,mistweaver,33,19,14
Lunì,nathrezim,1402,monk,mistweaver,42,24,18
Amélith,kirin-tor,1402,monk,mistweaver,48,27,21
Gilario,silvermoon,1402,monk,mistweaver,114,59,55
Dipdop,blackhand,1401,monk,mistweaver,229,129,100
Hewlz,blackmoore,1401,monk,mistweaver,42,21,21
Néovo,blackmoore,1400,monk,mistweaver,96,52,44
Astolfochan,silvermoon,1400,monk,mistweaver,36,18,18
Kanajambe,twisting-nether,1399,monk,mistweaver,24,18,6
Facetimee,ahnqiraj,1399,monk,mistweaver,74,42,32
Mischenka,thrall,1399,monk,mistweaver,90,50,40
Fizted,tarren-mill,1399,monk,mistweaver,42,22,20
Staane,hyjal,1399,monk,mistweaver,48,23,25
Nahir,ragnaros,1398,monk,mistweaver,88,44,44
Yepp,blackmoore,1398,monk,mistweaver,32,16,16
Shakal,outland,1397,monk,mistweaver,72,46,26
Perseverance,illidan,1397,monk,mistweaver,42,26,16
Sydras,silvermoon,1396,monk,mistweaver,663,342,321
Coliusz,bloodhoof,1396,monk,mistweaver,47,19,28
Flaton,draenor,1394,monk,mistweaver,33,19,14
Popcornn,archimonde,1394,monk,mistweaver,66,35,31
Schaulong,blackmoore,1394,monk,mistweaver,108,57,51
Pantyypolice,blackrock,1393,monk,mistweaver,22,16,6
Anadia,blackrock,1393,monk,mistweaver,24,15,9
Folfimo,silvermoon,1393,monk,mistweaver,29,17,12
Wontdie,dalaran,1393,monk,mistweaver,90,25,65
Valdaras,runetotem,1392,monk,mistweaver,36,15,21
Bibidøng,drakthul,1391,monk,mistweaver,36,21,15
Mistsen,kazzak,1391,monk,mistweaver,87,49,38
Baddany,sanguino,1390,monk,mistweaver,102,57,45
Zukatan,tarren-mill,1389,monk,mistweaver,136,77,59
Kungfubatti,stormscale,1389,monk,mistweaver,219,116,103
Puddinpop,auchindoun,1389,monk,mistweaver,91,42,49
Cypriot,mazrigos,1387,monk,mistweaver,89,57,32
Charlett,the-venture-co,1387,monk,mistweaver,46,26,20
Zinnout,twisting-nether,1387,monk,mistweaver,125,67,58
Vuzashiji,argent-dawn,1387,monk,mistweaver,133,66,67
Mistfistmw,outland,1387,monk,mistweaver,66,29,37
Monkhônk,blackmoore,1386,monk,mistweaver,59,28,31
Cybert,blackmoore,1386,monk,mistweaver,70,28,42
Ätishâ,archimonde,1385,monk,mistweaver,133,65,68
Keksmash,ravencrest,1385,monk,mistweaver,80,38,42
Mythadeya,stormscale,1385,monk,mistweaver,90,39,51
Mará,burning-legion,1384,monk,mistweaver,30,17,13
Россиянин,thermaplugg,1384,monk,mistweaver,30,16,14
Саинтифик,gordunni,1384,monk,mistweaver,42,19,23
Matteliito,silvermoon,1383,monk,mistweaver,51,31,20
Smmithyy,draenor,1383,monk,mistweaver,40,22,18
Roidcarry,blackrock,1383,monk,mistweaver,41,16,25
Striptina,blackmoore,1382,monk,mistweaver,90,49,41
Pandacus,silvermoon,1381,monk,mistweaver,90,40,50
Haxxo,die-nachtwache,1380,monk,mistweaver,68,40,28
Sandbox,aszune,1380,monk,mistweaver,29,15,14
Saolin,emeriss,1379,monk,mistweaver,84,44,40
Mvpßæ,stormscale,1378,monk,mistweaver,66,39,27
Kruemelkeks,frostwolf,1378,monk,mistweaver,57,33,24
Kobudo,burning-legion,1378,monk,mistweaver,203,93,110
Fatskeleton,stormreaver,1378,monk,mistweaver,457,209,248
Awesomebrah,the-maelstrom,1377,monk,mistweaver,24,15,9
Gigilonis,korgall,1377,monk,mistweaver,257,138,119
Rakowo,arthas,1377,monk,mistweaver,30,16,14
Gobssi,archimonde,1376,monk,mistweaver,54,34,20
Сильфиета,gordunni,1375,monk,mistweaver,75,43,32
Xladerzz,kazzak,1374,monk,mistweaver,23,15,8
Jarô,silvermoon,1374,monk,mistweaver,130,58,72
Bananatux,tarren-mill,1373,monk,mistweaver,26,16,10
Newlol,outland,1373,monk,mistweaver,48,23,25
Portugas,aegwynn,1373,monk,mistweaver,54,22,32
Barks,archimonde,1372,monk,mistweaver,110,59,51
Ðoom,sylvanas,1372,monk,mistweaver,69,35,34
Sshbrew,kazzak,1372,monk,mistweaver,60,28,32
Swiftmonky,azuremyst,1371,monk,mistweaver,35,15,20
Rollsamdi,tarren-mill,1370,monk,mistweaver,63,37,26
Greenshortea,aegwynn,1370,monk,mistweaver,58,31,27
Neylin,stormscale,1369,monk,mistweaver,125,64,61
Pandalezanda,silvermoon,1368,monk,mistweaver,63,40,23
Jeydi,ravencrest,1368,monk,mistweaver,97,52,45
Trancendent,silvermoon,1368,monk,mistweaver,34,15,19
Faa,archimonde,1367,monk,mistweaver,23,17,6
Fistmeg,grim-batol,1367,monk,mistweaver,47,16,31
Fuzzypunch,draenor,1366,monk,mistweaver,106,58,48
Krylin,antonidas,1366,monk,mistweaver,165,83,82
Beaglemo,blackrock,1366,monk,mistweaver,35,15,20
Konexzx,blackmoore,1364,monk,mistweaver,36,22,14
Coollann,drakthul,1364,monk,mistweaver,64,29,35
Carloz,drakthul,1363,monk,mistweaver,110,63,47
Shmanatik,nemesis,1363,monk,mistweaver,95,52,43
Vetocorleone,kazzak,1362,monk,mistweaver,190,99,91
Сунджи,eversong,1362,monk,mistweaver,36,17,19
Anzii,silvermoon,1360,monk,mistweaver,27,17,10
Monkehst,dun-modr,1359,monk,mistweaver,120,61,59
Aznreznzfdqs,grim-batol,1356,monk,mistweaver,42,27,15
Nevelbeast,rexxar,1356,monk,mistweaver,69,38,31
Ðømínus,blackmoore,1356,monk,mistweaver,136,70,66
Bigdickmonk,blackmoore,1356,monk,mistweaver,81,41,40
Allosthenos,ravencrest,1355,monk,mistweaver,88,47,41
Medovic,blackmoore,1354,monk,mistweaver,262,137,125
Thayne,blades-edge,1354,monk,mistweaver,30,15,15
Æctò,blackmoore,1354,monk,mistweaver,151,74,77
Melikicks,silvermoon,1354,monk,mistweaver,42,19,23
Nìkâ,blackmoore,1353,monk,mistweaver,87,48,39
Missmstweavr,blackrock,1353,monk,mistweaver,42,21,21
Pusityv,silvermoon,1352,monk,mistweaver,60,32,28
Rasputín,draenor,1352,monk,mistweaver,94,50,44
Патаомальчик,blackscar,1352,monk,mistweaver,35,15,20
Monkinamight,turalyon,1349,monk,mistweaver,48,29,19
Ronocs,turalyon,1349,monk,mistweaver,32,17,15
Touchofmonk,draenor,1348,monk,mistweaver,48,26,22
Loreo,burning-legion,1348,monk,mistweaver,213,115,98
Звиздаатый,blackscar,1347,monk,mistweaver,36,24,12
Garfeels,sylvanas,1347,monk,mistweaver,24,16,8
Nîcko,ravencrest,1347,monk,mistweaver,30,17,13
Danîi,dun-morogh,1347,monk,mistweaver,42,23,19
Kwacisawhe,die-aldor,1347,monk,mistweaver,56,25,31
Lìtenstrumpa,sylvanas,1346,monk,mistweaver,66,34,32
Jollaz,twisting-nether,1345,monk,mistweaver,29,15,14
Монкпех,gordunni,1344,monk,mistweaver,102,51,51
Meo,emeriss,1344,monk,mistweaver,42,17,25
Podekouil,ysondre,1343,monk,mistweaver,18,14,4
Gemil,argent-dawn,1343,monk,mistweaver,24,14,10
Слишкомхорош,howling-fjord,1343,monk,mistweaver,24,14,10
Irønmaxx,die-aldor,1342,monk,mistweaver,24,14,10
Zagar,emeriss,1342,monk,mistweaver,24,14,10
Akuuji,silvermoon,1342,monk,mistweaver,24,14,10
Kryopumper,blackmoore,1342,monk,mistweaver,120,63,57
Umagon,chogall,1342,monk,mistweaver,77,36,41
Mâki,ravencrest,1342,monk,mistweaver,30,14,16
Vibemonk,outland,1341,monk,mistweaver,18,14,4
Mönchalot,der-abyssische-rat,1341,monk,mistweaver,24,14,10
Tinkerholic,frostmane,1341,monk,mistweaver,72,35,37
Panzergonk,ravencrest,1340,monk,mistweaver,18,14,4
Marielo,blackmoore,1340,monk,mistweaver,104,58,46
Weavi,kazzak,1340,monk,mistweaver,53,28,25
Herdom,blackmoore,1339,monk,mistweaver,59,39,20
Tobiboby,burning-legion,1339,monk,mistweaver,82,43,39
Ewynamonk,silvermoon,1338,monk,mistweaver,24,14,10
Tokkz,eredar,1337,monk,mistweaver,20,17,3
Jeññie,stormscale,1337,monk,mistweaver,18,14,4
Yàfa,archimonde,1337,monk,mistweaver,24,14,10
Qtonboard,garrosh,1337,monk,mistweaver,101,42,59
Pämella,alleria,1336,monk,mistweaver,24,20,4
Picayune,mazrigos,1336,monk,mistweaver,101,54,47
Sigourney,ravencrest,1335,monk,mistweaver,24,14,10
Onlyfísts,stormscale,1334,monk,mistweaver,54,20,34
Blackthorens,sylvanas,1333,monk,mistweaver,55,40,15
Tastyfists,blackmoore,1333,monk,mistweaver,36,19,17
Fredder,blackrock,1332,monk,mistweaver,239,129,110
Rbgmachine,burning-legion,1332,monk,mistweaver,36,18,18
Maqs,argent-dawn,1331,monk,mistweaver,42,27,15
Zøubida,draenor,1330,monk,mistweaver,36,21,15
Dunderfix,tarren-mill,1330,monk,mistweaver,66,38,28
Riip,ysondre,1330,monk,mistweaver,30,17,13
Виноипиво,soulflayer,1330,monk,mistweaver,64,25,39
Jian,tarren-mill,1329,monk,mistweaver,27,15,12
Nasaislying,grim-batol,1329,monk,mistweaver,96,53,43
Anqan,outland,1329,monk,mistweaver,30,14,16
Sajin,la-croisade-écarlate,1329,monk,mistweaver,36,15,21
Sÿldae,dun-modr,1328,monk,mistweaver,30,21,9
Sororicide,stormscale,1328,monk,mistweaver,24,14,10
Zondanmw,aegwynn,1327,monk,mistweaver,24,14,10
Hyggefingerm,ravencrest,1326,monk,mistweaver,24,16,8
Ariluna,tarren-mill,1326,monk,mistweaver,24,14,10
Atómic,eredar,1326,monk,mistweaver,30,14,16
Salix,quelthalas,1325,monk,mistweaver,38,23,15
Samxin,archimonde,1324,monk,mistweaver,18,14,4
Meehx,ravencrest,1324,monk,mistweaver,18,14,4
Kapauww,twisting-nether,1324,monk,mistweaver,48,26,22
Lcflay,archimonde,1323,monk,mistweaver,117,64,53
Akalaja,alakir,1323,monk,mistweaver,52,28,24
Saimheal,blackrock,1322,monk,mistweaver,23,15,8
Fraideberoa,ravencrest,1321,monk,mistweaver,42,30,12
Moonica,zenedar,1320,monk,mistweaver,38,23,15
Lovange,silvermoon,1320,monk,mistweaver,24,14,10
Миамита,eversong,1320,monk,mistweaver,113,58,55
Renegatt,twisting-nether,1320,monk,mistweaver,30,14,16
Rhynne,ysondre,1319,monk,mistweaver,42,25,17
Badcøwboy,archimonde,1319,monk,mistweaver,131,56,75
Theichi,draenor,1318,monk,mistweaver,87,46,41
Mécagnóme,dalaran,1318,monk,mistweaver,113,58,55
Mîla,sylvanas,1317,monk,mistweaver,36,23,13
Katse,eredar,1317,monk,mistweaver,86,50,36
Адскиймех,deathweaver,1317,monk,mistweaver,69,36,33
Хромдар,gordunni,1316,monk,mistweaver,38,21,17
Tisculaccio,pozzo-delleternità,1316,monk,mistweaver,309,156,153
Eonyzi,kazzak,1315,monk,mistweaver,60,36,24
Erenaar,nemesis,1315,monk,mistweaver,48,27,21
Genjosanso,kazzak,1315,monk,mistweaver,177,97,80
Йомо,borean-tundra,1315,monk,mistweaver,60,23,37
Thegrudge,dragonblight,1315,monk,mistweaver,42,16,26
Kîârâ,frostwolf,1314,monk,mistweaver,52,30,22
Stolas,spinebreaker,1313,monk,mistweaver,68,41,27
Brewswíllis,tarren-mill,1312,monk,mistweaver,18,14,4
Lfmasctop,ravencrest,1312,monk,mistweaver,22,16,6
Pinkstar,kazzak,1312,monk,mistweaver,24,15,9
Tuppence,defias-brotherhood,1312,monk,mistweaver,24,14,10
Bruceflea,blackrock,1312,monk,mistweaver,210,111,99
Szilvia,sylvanas,1312,monk,mistweaver,96,50,46
Ùrìel,dalaran,1311,monk,mistweaver,18,14,4
Blinkër,sanguino,1311,monk,mistweaver,36,19,17
Рекилоллз,gordunni,1311,monk,mistweaver,59,31,28
Leefang,neptulon,1311,monk,mistweaver,49,24,25
Kassducu,archimonde,1310,monk,mistweaver,45,31,14
Masumi,sanguino,1310,monk,mistweaver,24,14,10
Shaosshoshin,exodar,1310,monk,mistweaver,54,31,23
Rèddit,kazzak,1310,monk,mistweaver,78,37,41
Ragnametal,tarren-mill,1309,monk,mistweaver,34,19,15
Rhuru,argent-dawn,1309,monk,mistweaver,61,32,29
Idkfa,sylvanas,1308,monk,mistweaver,55,27,28
Spittq,ysondre,1307,monk,mistweaver,63,36,27
Garmuth,tarren-mill,1307,monk,mistweaver,52,28,24
Zaïn,hyjal,1306,monk,mistweaver,49,27,22
Drboombay,kazzak,1305,monk,mistweaver,50,28,22
Moreløs,stormscale,1305,monk,mistweaver,54,30,24
Revii,anubarak,1305,monk,mistweaver,30,14,16
Lésley,ravencrest,1302,monk,mistweaver,66,35,31
Monkyou,hyjal,1301,monk,mistweaver,155,89,66
Murdalum,ravencrest,1301,monk,mistweaver,30,17,13
Pvppenergy,silvermoon,1301,monk,mistweaver,48,24,24
Snitzla,drakthul,1300,monk,mistweaver,45,35,10
Eltonj,sylvanas,1300,monk,mistweaver,94,56,38
Lïtäø,archimonde,1300,monk,mistweaver,54,26,28
Moinalisaa,outland,1299,monk,mistweaver,30,18,12
Sideswipes,the-maelstrom,1299,monk,mistweaver,36,16,20
Légit,argent-dawn,1298,monk,mistweaver,72,45,27
Galaxyfist,ragnaros,1298,monk,mistweaver,212,110,102
Monkypunch,tarren-mill,1298,monk,mistweaver,58,28,30
Rhemm,the-maelstrom,1298,monk,mistweaver,53,24,29
Bråin,ravenholdt,1297,monk,mistweaver,42,19,23
Menazera,antonidas,1297,monk,mistweaver,81,35,46
Erzull,doomhammer,1295,monk,mistweaver,92,52,40
Stegtflæsk,ravencrest,1295,monk,mistweaver,74,39,35
Kayen,frostwhisper,1295,monk,mistweaver,162,84,78
Zenmist,kazzak,1294,monk,mistweaver,23,14,9
Draxaxa,hyjal,1294,monk,mistweaver,30,17,13
Moistyheals,kazzak,1293,monk,mistweaver,62,29,33
Durand,blackhand,1290,monk,mistweaver,36,18,18
Shenson,mazrigos,1288,monk,mistweaver,73,35,38
Keímohansio,twisting-nether,1288,monk,mistweaver,30,14,16
Daltailr,silvermoon,1287,monk,mistweaver,60,26,34
Draenan,blackrock,1286,monk,mistweaver,24,15,9
Freemann,archimonde,1286,monk,mistweaver,381,194,187
Kesuke,stormreaver,1286,monk,mistweaver,191,96,95
Tekwandn,shattrath,1285,monk,mistweaver,62,35,27
Trivi,blackrock,1284,monk,mistweaver,45,24,21
Ðëvx,argent-dawn,1284,monk,mistweaver,102,54,48
Mondrim,burning-legion,1283,monk,mistweaver,265,130,135
Ukrytywaz,burning-legion,1283,monk,mistweaver,292,139,153
Wrathing,tarren-mill,1282,monk,mistweaver,24,18,6
Хэйхати,gordunni,1282,monk,mistweaver,164,82,82
Гиббискус,gordunni,1282,monk,mistweaver,66,28,38
Фериго,gordunni,1281,monk,mistweaver,70,35,35
Saintmoon,drakthul,1279,monk,mistweaver,111,60,51
Heyami,ravencrest,1279,monk,mistweaver,76,26,50
Masimonk,blackrock,1278,monk,mistweaver,35,22,13
Ashulera,archimonde,1278,monk,mistweaver,55,23,32
Numpys,sanguino,1277,monk,mistweaver,29,14,15
Gottegrisen,sylvanas,1277,monk,mistweaver,51,21,30
Slâpzz,ravencrest,1276,monk,mistweaver,18,15,3
Safíx,hyjal,1276,monk,mistweaver,47,26,21
Декстрометор,greymane,1275,monk,mistweaver,24,14,10
Dánný,antonidas,1275,monk,mistweaver,92,48,44
Brofist,emeriss,1274,monk,mistweaver,103,42,61
Brizs,outland,1273,monk,mistweaver,167,98,69
Nathaanel,argent-dawn,1273,monk,mistweaver,131,75,56
Ksll,silvermoon,1273,monk,mistweaver,72,35,37
Cranecannon,aegwynn,1272,monk,mistweaver,24,14,10
Carnat,blackrock,1272,monk,mistweaver,47,25,22
Adzk,tarren-mill,1272,monk,mistweaver,30,15,15
Rôckcat,blackrock,1271,monk,mistweaver,48,30,18
Drpajhiwo,burning-legion,1271,monk,mistweaver,58,34,24
Profylaxist,arathor,1271,monk,mistweaver,149,73,76
Bloodpanci,ragnaros,1270,monk,mistweaver,57,32,25
Letmerollplz,ravencrest,1269,monk,mistweaver,28,16,12
Lûxz,ragnaros,1269,monk,mistweaver,54,24,30
Sukisukí,ragnaros,1268,monk,mistweaver,88,49,39
Chainster,defias-brotherhood,1268,monk,mistweaver,94,49,45
Mishax,draenor,1268,monk,mistweaver,78,38,40
Трикленд,azuregos,1268,monk,mistweaver,60,29,31
Pawnzqt,stormscale,1267,monk,mistweaver,36,19,17
Джоский,borean-tundra,1267,monk,mistweaver,136,60,76
Juicyloux,aegwynn,1266,monk,mistweaver,51,35,16
Bensó,stormscale,1266,monk,mistweaver,69,46,23
Bizzet,jaedenar,1266,monk,mistweaver,57,30,27
Томтью,gordunni,1265,monk,mistweaver,309,155,154
Sandrafarm,ragnaros,1264,monk,mistweaver,126,78,48
Mickjabber,aegwynn,1263,monk,mistweaver,66,35,31
Bluum,ravencrest,1263,monk,mistweaver,54,23,31
Worf,haomarush,1262,monk,mistweaver,60,34,26
Monkeytoast,ahnqiraj,1261,monk,mistweaver,45,29,16
Karatemonk,stormscale,1261,monk,mistweaver,54,23,31
Rorkito,sanguino,1260,monk,mistweaver,41,20,21
Алли,lich-king,1260,monk,mistweaver,72,31,41
Cudworth,silvermoon,1259,monk,mistweaver,66,44,22
Добраядушка,gordunni,1259,monk,mistweaver,45,22,23
Bbigttgothgf,doomhammer,1258,monk,mistweaver,24,14,10
Macgyverr,outland,1258,monk,mistweaver,24,14,10
Rotkäppchen,blackmoore,1258,monk,mistweaver,65,33,32
Shyasianmonk,eitrigg,1257,monk,mistweaver,24,14,10
Zyneswalker,blackhand,1257,monk,mistweaver,59,27,32
Chígoku,grim-batol,1257,monk,mistweaver,52,23,29
Marrave,chogall,1256,monk,mistweaver,102,42,60
Mestro,argent-dawn,1255,monk,mistweaver,172,94,78
Stâhlfaust,antonidas,1253,monk,mistweaver,32,15,17
Applemonk,tarren-mill,1253,monk,mistweaver,64,29,35
Jumper,xavius,1252,monk,mistweaver,30,16,14
Jabarwackie,kiljaeden,1251,monk,mistweaver,24,19,5
Yokuboo,ysondre,1251,monk,mistweaver,78,41,37
Bigfister,frostwhisper,1251,monk,mistweaver,36,14,22
Gozen,blackmoore,1250,monk,mistweaver,48,29,19
Sheishot,kazzak,1249,monk,mistweaver,31,15,16
Speedwalker,defias-brotherhood,1248,monk,mistweaver,18,13,5
Hialdó,sylvanas,1248,monk,mistweaver,24,14,10
Szerzetesý,ravencrest,1248,monk,mistweaver,24,13,11
Mélêxe,ysondre,1247,monk,mistweaver,18,13,5
Catmønk,drakthul,1247,monk,mistweaver,24,13,11
Flãô,draenor,1247,monk,mistweaver,24,13,11
Midgetyoda,outland,1247,monk,mistweaver,40,16,24
Badwithnames,stormscale,1246,monk,mistweaver,18,13,5
Naskon,nemesis,1246,monk,mistweaver,24,14,10
Deliveroo,twisting-nether,1246,monk,mistweaver,24,13,11
Nesthorian,draenor,1246,monk,mistweaver,123,61,62
Fredmonk,stormscale,1246,monk,mistweaver,30,13,17
Elusen,kazzak,1245,monk,mistweaver,18,13,5
Peace,aerie-peak,1245,monk,mistweaver,18,13,5
Kakos,eldrethalas,1245,monk,mistweaver,39,27,12
Níki,earthen-ring,1245,monk,mistweaver,30,20,10
Psyhooz,burning-legion,1245,monk,mistweaver,56,35,21
Deore,kazzak,1245,monk,mistweaver,24,13,11
Gedzio,silvermoon,1245,monk,mistweaver,40,15,25
Momomonku,hyjal,1244,monk,mistweaver,18,13,5
Iixil,sylvanas,1244,monk,mistweaver,18,13,5
Kunolis,kazzak,1244,monk,mistweaver,42,22,20
Karatelady,twisting-nether,1244,monk,mistweaver,27,14,13
Кубермонкер,gordunni,1243,monk,mistweaver,24,13,11
Monkiz,veknilash,1243,monk,mistweaver,24,13,11
Sukmadika,twisting-nether,1243,monk,mistweaver,28,14,14
Shêd,sargeras,1243,monk,mistweaver,60,29,31
Yeetkunmeep,outland,1243,monk,mistweaver,54,25,29
Skaadoosh,aggra-português,1243,monk,mistweaver,74,34,40
Amemiya,sanguino,1243,monk,mistweaver,44,20,24
Glivilalis,drekthar,1241,monk,mistweaver,58,30,28
Windspirit,darksorrow,1241,monk,mistweaver,60,25,35
Chibuku,burning-legion,1240,monk,mistweaver,24,13,11
Hazeroamer,tarren-mill,1239,monk,mistweaver,30,16,14
Bréwmáster,silvermoon,1238,monk,mistweaver,18,13,5
Fiddle,archimonde,1238,monk,mistweaver,24,13,11
Виброолег,gordunni,1238,monk,mistweaver,24,13,11
Stinkerella,blackhand,1238,monk,mistweaver,42,22,20
Такиера,gordunni,1237,monk,mistweaver,24,13,11
Jbzzu,outland,1237,monk,mistweaver,24,13,11
Dargaron,tarren-mill,1237,monk,mistweaver,48,19,29
Ugras,auchindoun,1237,monk,mistweaver,54,17,37
Spinalot,eredar,1236,monk,mistweaver,18,13,5
Norualy,tichondrius,1236,monk,mistweaver,65,35,30
Badonna,burning-legion,1236,monk,mistweaver,36,17,19
Mcloving,turalyon,1236,monk,mistweaver,41,18,23
Poklicka,deathwing,1235,monk,mistweaver,24,18,6
Sêssai,outland,1235,monk,mistweaver,32,21,11
Lucebree,nozdormu,1233,monk,mistweaver,156,81,75
Mofisto,bladefist,1233,monk,mistweaver,65,33,32
Monkjakt,draenor,1232,monk,mistweaver,24,13,11
Monksim,outland,1232,monk,mistweaver,66,30,36
Houzagackel,blackrock,1232,monk,mistweaver,60,25,35
Jozo,hyjal,1231,monk,mistweaver,36,18,18
Stenhård,azjolnerub,1231,monk,mistweaver,60,27,33
Pepesmacks,kazzak,1230,monk,mistweaver,24,13,11
Abrra,burning-legion,1230,monk,mistweaver,30,13,17
Chingbag,dalaran,1229,monk,mistweaver,18,13,5
Mcronald,blackhand,1229,monk,mistweaver,90,50,40
Meihuaquan,ravencrest,1228,monk,mistweaver,24,13,11
Togahoshy,antonidas,1228,monk,mistweaver,49,24,25
Toon,eredar,1228,monk,mistweaver,142,69,73
Vladikus,tarren-mill,1228,monk,mistweaver,203,95,108
Мистерхюй,gordunni,1228,monk,mistweaver,141,65,76
Vatsmijter,silvermoon,1224,monk,mistweaver,27,14,13
Suigintirno,twisting-nether,1223,monk,mistweaver,24,13,11
Jetchi,twisting-nether,1222,monk,mistweaver,125,68,57
Rgkekw,dun-modr,1220,monk,mistweaver,81,46,35
Ivi,neptulon,1220,monk,mistweaver,76,40,36
Tripitakâ,dun-modr,1220,monk,mistweaver,65,30,35
Onlybench,ysondre,1219,monk,mistweaver,54,26,28
Radrielinda,veknilash,1218,monk,mistweaver,23,14,9
Creatinin,ragnaros,1217,monk,mistweaver,54,28,26
Evelios,blackmoore,1217,monk,mistweaver,65,33,32
Perraviciosa,sanguino,1217,monk,mistweaver,36,17,19
Wûcm,silvermoon,1216,monk,mistweaver,29,13,16
Yorlena,malganis,1215,monk,mistweaver,23,16,7
Kswis,outland,1214,monk,mistweaver,74,32,42
Valky,bloodfeather,1213,monk,mistweaver,95,56,39
Boredom,wildhammer,1213,monk,mistweaver,115,61,54
Trymax,blackmoore,1213,monk,mistweaver,57,23,34
Токасзавода,soulflayer,1212,monk,mistweaver,24,15,9
Bhasundara,turalyon,1212,monk,mistweaver,88,51,37
Lilniccí,blackrock,1210,monk,mistweaver,62,34,28
Gozgajr,twisting-nether,1210,monk,mistweaver,54,22,32
Brünó,kazzak,1209,monk,mistweaver,110,69,41
Badonkamonk,twilights-hammer,1209,monk,mistweaver,42,26,16
Nezukoko,archimonde,1209,monk,mistweaver,22,13,9
Xwtdreamz,hyjal,1209,monk,mistweaver,42,18,24
Farrken,drakthul,1208,monk,mistweaver,24,13,11
Nainketx,ravencrest,1208,monk,mistweaver,29,13,16
Tnt,antonidas,1207,monk,mistweaver,55,23,32
Yahní,eredar,1206,monk,mistweaver,134,66,68
Orenjis,kazzak,1206,monk,mistweaver,65,29,36
Helixsfist,outland,1204,monk,mistweaver,23,13,10
Oddessa,ravenholdt,1204,monk,mistweaver,217,108,109
Alurymnk,blackrock,1204,monk,mistweaver,43,20,23
Køudbeap,archimonde,1202,monk,mistweaver,42,22,20
Lunarès,antonidas,1201,monk,mistweaver,26,14,12
Wtfmonk,twisting-nether,1200,monk,mistweaver,47,28,19
Blackmonk,chromaggus,1199,monk,mistweaver,27,16,11
Brewsmaster,archimonde,1199,monk,mistweaver,53,24,29
Wôôp,blackrock,1198,monk,mistweaver,48,26,22
Нимоник,soulflayer,1198,monk,mistweaver,96,44,52
Tintatama,aszune,1197,monk,mistweaver,148,69,79
Tolk,ravencrest,1196,monk,mistweaver,48,26,22
Ricksancez,nemesis,1194,monk,mistweaver,30,20,10
Октай,gordunni,1193,monk,mistweaver,46,31,15
Stow,kazzak,1193,monk,mistweaver,21,13,8
Lubeï,kirin-tor,1191,monk,mistweaver,94,52,42
Wteg,emerald-dream,1190,monk,mistweaver,93,41,52
Heretogo,draenor,1189,monk,mistweaver,78,42,36
Shiftchenko,stormscale,1188,monk,mistweaver,62,35,27
Riotplz,draenor,1188,monk,mistweaver,27,14,13
Faares,tarren-mill,1188,monk,mistweaver,30,15,15
Зрти,gordunni,1188,monk,mistweaver,30,15,15
Mitsukiseven,ravencrest,1188,monk,mistweaver,48,21,27
Liveitup,kazzak,1187,monk,mistweaver,18,14,4
Putrezitu,ragnaros,1186,monk,mistweaver,51,26,25
Янезнаюкенни,soulflayer,1186,monk,mistweaver,110,51,59
Subsul,sylvanas,1185,monk,mistweaver,88,43,45
Schlaganfall,outland,1184,monk,mistweaver,49,25,24
Nyrkkiseski,outland,1183,monk,mistweaver,17,13,4
Shiyonô,aegwynn,1183,monk,mistweaver,29,15,14
Yunziwo,nemesis,1183,monk,mistweaver,30,15,15
Phrynè,silvermoon,1182,monk,mistweaver,31,16,15
Betelgeuse,jaedenar,1181,monk,mistweaver,88,33,55
Highmonktain,alakir,1177,monk,mistweaver,41,25,16
Gârdt,blackmoore,1176,monk,mistweaver,108,63,45
Elainmonk,thrall,1175,monk,mistweaver,17,13,4
Mahhist,archimonde,1174,monk,mistweaver,22,13,9
Wotaner,eredar,1174,monk,mistweaver,30,14,16
Rag,burning-legion,1172,monk,mistweaver,126,55,71
Kelechi,stormreaver,1172,monk,mistweaver,32,13,19
Fistweavr,antonidas,1171,monk,mistweaver,36,14,22
Rolegsweep,arathor,1171,monk,mistweaver,46,14,32
Lugoxi,the-maelstrom,1170,monk,mistweaver,48,25,23
Hvnm,ravencrest,1169,monk,mistweaver,248,126,122
Vattghern,blackhand,1169,monk,mistweaver,123,57,66
Pussochkram,ravencrest,1167,monk,mistweaver,30,18,12
Eshli,ahnqiraj,1167,monk,mistweaver,25,13,12
Carcasce,la-croisade-écarlate,1166,monk,mistweaver,86,47,39
Ndj,hyjal,1165,monk,mistweaver,35,21,14
Журлина,eversong,1164,monk,mistweaver,54,31,23
Akiiro,aegwynn,1164,monk,mistweaver,60,30,30
Andrah,blackmoore,1162,monk,mistweaver,46,16,30
Несочетаемая,soulflayer,1161,monk,mistweaver,19,13,6
Assfist,drakthul,1161,monk,mistweaver,134,71,63
Sensëi,bronze-dragonflight,1161,monk,mistweaver,61,25,36
Болетка,blackscar,1160,monk,mistweaver,146,70,76
Charminbeard,antonidas,1157,monk,mistweaver,71,29,42
Jinora,theradras,1156,monk,mistweaver,36,14,22
Ogpandapo,stormscale,1154,monk,mistweaver,138,56,82
Geckazz,kazzak,1153,monk,mistweaver,27,18,9
Yayaxoxoxo,archimonde,1152,monk,mistweaver,18,12,6
Yuuhai,ravencrest,1152,monk,mistweaver,18,12,6
Suhnukka,stormscale,1152,monk,mistweaver,24,12,12
Maedicweaver,aegwynn,1151,monk,mistweaver,18,12,6
Kôtsvlêkjê,outland,1151,monk,mistweaver,24,12,12
Zesha,zuljin,1151,monk,mistweaver,30,12,18
Дилдобойс,gordunni,1150,monk,mistweaver,18,12,6
Gôeller,stormscale,1150,monk,mistweaver,18,12,6
Gnasseschef,outland,1150,monk,mistweaver,18,12,6
Sosschi,silvermoon,1150,monk,mistweaver,18,12,6
Loorda,neptulon,1150,monk,mistweaver,24,13,11
Verlan,quelthalas,1150,monk,mistweaver,49,25,24
Starside,tarren-mill,1150,monk,mistweaver,24,12,12
Yshaolin,tarren-mill,1150,monk,mistweaver,24,12,12
Hittokick,draenor,1150,monk,mistweaver,37,13,24
Ciridely,thrall,1149,monk,mistweaver,18,12,6
Chiá,tarren-mill,1149,monk,mistweaver,47,26,21
Varolul,aegwynn,1149,monk,mistweaver,51,27,24
Angerymonk,kazzak,1149,monk,mistweaver,30,12,18
Кукунколдыч,gordunni,1149,monk,mistweaver,36,13,23
Truelo,eredar,1147,monk,mistweaver,18,12,6
Бэккс,howling-fjord,1147,monk,mistweaver,18,12,6
Egwane,argent-dawn,1147,monk,mistweaver,95,41,54
Souhei,drakthul,1145,monk,mistweaver,18,12,6
Антошамв,gordunni,1145,monk,mistweaver,36,12,24
Pô,sanguino,1143,monk,mistweaver,18,12,6
Тильтоний,gordunni,1142,monk,mistweaver,24,12,12
Celestine,mugthol,1141,monk,mistweaver,201,104,97
Bigkim,khadgar,1141,monk,mistweaver,30,12,18
Elanahi,antonidas,1141,monk,mistweaver,30,12,18
Asterii,archimonde,1141,monk,mistweaver,30,12,18
Hitsumia,archimonde,1141,monk,mistweaver,36,12,24
Lamne,quelthalas,1139,monk,mistweaver,36,16,20
Irìss,nerzhul,1138,monk,mistweaver,86,47,39
Jagermonk,doomhammer,1138,monk,mistweaver,24,12,12
Cicera,kazzak,1138,monk,mistweaver,30,12,18
Алунам,soulflayer,1137,monk,mistweaver,30,12,18
Lithenyx,bladefist,1137,monk,mistweaver,30,12,18
Syyrø,silvermoon,1137,monk,mistweaver,36,12,24
Sinzy,dentarg,1135,monk,mistweaver,18,12,6
Валялекарь,gordunni,1135,monk,mistweaver,24,12,12
Fellatia,garrosh,1134,monk,mistweaver,36,24,12
Gantz,blackhand,1134,monk,mistweaver,72,28,44
Pandasia,kargath,1133,monk,mistweaver,76,34,42
Verdi,tarren-mill,1132,monk,mistweaver,18,12,6
Bohjera,kazzak,1132,monk,mistweaver,30,16,14
Kyuumaa,ravencrest,1132,monk,mistweaver,26,13,13
Gammelbruno,azshara,1128,monk,mistweaver,34,15,19
Arathos,tichondrius,1127,monk,mistweaver,151,78,73
Claudet,das-konsortium,1127,monk,mistweaver,70,32,38
Bîmbâmboom,blackmoore,1127,monk,mistweaver,31,13,18
Tality,outland,1127,monk,mistweaver,30,12,18
Slý,archimonde,1126,monk,mistweaver,32,21,11
Vvårdenfell,hyjal,1126,monk,mistweaver,33,13,20
Tipsycookie,nozdormu,1125,monk,mistweaver,24,12,12
Skharrbrew,norgannon,1124,monk,mistweaver,66,30,36
Stoutz,kazzak,1122,monk,mistweaver,30,13,17
Mislaw,silvermoon,1121,monk,mistweaver,27,16,11
Vzan,kazzak,1120,monk,mistweaver,57,29,28
Nabenja,madmortem,1120,monk,mistweaver,68,31,37
Zuzuljin,chogall,1120,monk,mistweaver,48,16,32
Siouxxsie,thunderhorn,1119,monk,mistweaver,210,92,118
Friartucker,bloodhoof,1118,monk,mistweaver,68,40,28
Dræk,twisting-nether,1118,monk,mistweaver,34,15,19
Brewm,silvermoon,1117,monk,mistweaver,24,12,12
Mooji,malganis,1117,monk,mistweaver,34,12,22
Tsouli,twilights-hammer,1116,monk,mistweaver,24,12,12
Flawpa,blackmoore,1115,monk,mistweaver,18,12,6
Snakeéyés,kazzak,1115,monk,mistweaver,20,13,7
Alphafist,argent-dawn,1115,monk,mistweaver,36,16,20
Limpópó,bloodfeather,1114,monk,mistweaver,24,15,9
Dankiron,darksorrow,1114,monk,mistweaver,42,13,29
Hornissy,antonidas,1113,monk,mistweaver,88,48,40
Twinny,drakthul,1113,monk,mistweaver,26,13,13
Liwong,antonidas,1112,monk,mistweaver,53,31,22
Shenlong,burning-blade,1112,monk,mistweaver,33,14,19
Sigvar,frostmane,1111,monk,mistweaver,45,17,28
Namitsa,trollbane,1109,monk,mistweaver,132,63,69
Fastblood,kazzak,1107,monk,mistweaver,30,19,11
Jolbucheron,hyjal,1104,monk,mistweaver,24,14,10
Cheriedevile,drakthul,1104,monk,mistweaver,30,12,18
Serilyah,aegwynn,1102,monk,mistweaver,25,14,11
Ляосинь,deepholm,1099,monk,mistweaver,24,12,12
Ricegodx,kazzak,1099,monk,mistweaver,114,54,60
Nurthi,argent-dawn,1099,monk,mistweaver,30,13,17
Qungphu,silvermoon,1098,monk,mistweaver,47,13,34
Ryanshazier,eredar,1097,monk,mistweaver,30,18,12
Sqedi,draenor,1096,monk,mistweaver,40,15,25
Tanyà,hyjal,1094,monk,mistweaver,18,13,5
Vanquishlølz,archimonde,1094,monk,mistweaver,60,25,35
Thrallergik,ysondre,1093,monk,mistweaver,24,15,9
Kalet,ragnaros,1092,monk,mistweaver,77,36,41
Pawfong,draenor,1089,monk,mistweaver,54,29,25
Tèam,defias-brotherhood,1089,monk,mistweaver,26,13,13
Yesman,quelthalas,1087,monk,mistweaver,73,29,44
Chun,arathor,1086,monk,mistweaver,108,54,54
Ayelas,silvermoon,1085,monk,mistweaver,26,12,14
Loctak,nathrezim,1082,monk,mistweaver,90,57,33
Baoton,blackmoore,1075,monk,mistweaver,36,12,24
Enceladion,burning-legion,1074,monk,mistweaver,84,40,44
ßam,ravencrest,1074,monk,mistweaver,47,21,26
Tondi,malygos,1073,monk,mistweaver,22,12,10
Puñetaso,los-errantes,1073,monk,mistweaver,72,32,40
Psychö,zuljin,1072,monk,mistweaver,35,17,18
Dèathpunch,doomhammer,1069,monk,mistweaver,385,191,194
Kungfusler,twisting-nether,1067,monk,mistweaver,30,13,17
Imvengeance,stormscale,1064,monk,mistweaver,81,32,49
Bobbyknuckls,ravencrest,1064,monk,mistweaver,54,17,37
Äcé,sylvanas,1063,monk,mistweaver,31,12,19
Fardareismai,kazzak,1062,monk,mistweaver,75,34,41
Birdymonk,boulderfist,1061,monk,mistweaver,91,53,38
Vöyage,kazzak,1056,monk,mistweaver,18,11,7
Павнмонкх,gordunni,1056,monk,mistweaver,18,11,7
Reidzqt,kazzak,1056,monk,mistweaver,18,11,7
Totemlygodx,alakir,1056,monk,mistweaver,18,11,7
Savonnettejr,culte-de-la-rive-noire,1056,monk,mistweaver,18,11,7
Coalsack,outland,1056,monk,mistweaver,22,12,10
Ffxivrefugee,argent-dawn,1056,monk,mistweaver,24,11,13
Darkmonkky,tarren-mill,1056,monk,mistweaver,24,11,13
Samh,twisting-nether,1055,monk,mistweaver,53,33,20
Wheeslz,aegwynn,1055,monk,mistweaver,18,11,7
Kakor,gorgonnash,1055,monk,mistweaver,18,11,7
Brutamonk,blackmoore,1055,monk,mistweaver,18,11,7
Busfâhrer,antonidas,1055,monk,mistweaver,18,11,7
Vtx,blackrock,1055,monk,mistweaver,18,11,7
Flãay,ravencrest,1055,monk,mistweaver,18,11,7
Sandshark,argent-dawn,1055,monk,mistweaver,247,122,125
Gecli,stormscale,1055,monk,mistweaver,24,11,13
Hoibglotzn,antonidas,1055,monk,mistweaver,24,11,13
Mistmist,sylvanas,1055,monk,mistweaver,24,11,13
Jakethestake,twilights-hammer,1054,monk,mistweaver,12,11,1
Unjie,outland,1054,monk,mistweaver,12,11,1
Savvuzzino,nemesis,1054,monk,mistweaver,18,11,7
Kispiszock,bloodscalp,1054,monk,mistweaver,18,11,7
Kragor,eredar,1054,monk,mistweaver,18,11,7
Barbielølz,archimonde,1053,monk,mistweaver,18,11,7
Psychømonk,antonidas,1053,monk,mistweaver,18,11,7
Wangho,magtheridon,1052,monk,mistweaver,126,58,68
Lambofmonkz,stormscale,1052,monk,mistweaver,36,11,25
Spinniboi,blackhand,1051,monk,mistweaver,24,11,13
Anoukxbabe,blackmoore,1051,monk,mistweaver,24,11,13
Hoshisora,ravencrest,1051,monk,mistweaver,24,11,13
Jâdhe,zuljin,1050,monk,mistweaver,24,11,13
Brewmâster,kazzak,1050,monk,mistweaver,24,11,13
Runakar,draenor,1049,monk,mistweaver,30,11,19
Shmidi,antonidas,1048,monk,mistweaver,117,61,56
Missfist,stormscale,1047,monk,mistweaver,18,11,7
Orcput,minahonda,1044,monk,mistweaver,18,11,7
Punto,onyxia,1044,monk,mistweaver,164,82,82
Hithxbye,stormscale,1044,monk,mistweaver,66,24,42
Joübar,archimonde,1043,monk,mistweaver,18,11,7
Irphan,ravencrest,1042,monk,mistweaver,18,11,7
Graffy,eonar,1040,monk,mistweaver,60,32,28
Stayinlosplz,ysondre,1039,monk,mistweaver,17,11,6
Toweliè,thrall,1039,monk,mistweaver,24,11,13
Ívó,ragnaros,1039,monk,mistweaver,24,11,13
Tolomèo,nemesis,1037,monk,mistweaver,24,11,13
Leikô,grim-batol,1033,monk,mistweaver,24,11,13
Rumiñawi,ravencrest,1033,monk,mistweaver,30,11,19
Брэйки,lich-king,1032,monk,mistweaver,30,12,18
Chimonk,ravencrest,1030,monk,mistweaver,18,11,7
Kätelyys,dun-modr,1027,monk,mistweaver,24,11,13
Mjaweaver,stormscale,1027,monk,mistweaver,125,56,69
Karmasfist,ravencrest,1024,monk,mistweaver,77,36,41
Eldunári,sanguino,1024,monk,mistweaver,60,22,38
Яутжа,soulflayer,1022,monk,mistweaver,24,11,13
Hireo,blades-edge,1020,monk,mistweaver,36,17,19
Апесиинка,gordunni,1019,monk,mistweaver,68,31,37
Deii,frostwolf,1019,monk,mistweaver,90,37,53
Ugotcraned,tarren-mill,1019,monk,mistweaver,72,27,45
Zedruu,tarren-mill,1015,monk,mistweaver,24,12,12
Plasticbag,ravencrest,1012,monk,mistweaver,18,11,7
Lascala,eredar,1011,monk,mistweaver,48,18,30
Tarzaki,hyjal,1010,monk,mistweaver,25,12,13
Shontal,ravencrest,1010,monk,mistweaver,24,11,13
Munqqi,stormscale,1009,monk,mistweaver,22,14,8
Tootenchamun,veklor,1007,monk,mistweaver,114,49,65
Ivnatorx,outland,1006,monk,mistweaver,17,11,6
Nephi,kirin-tor,1006,monk,mistweaver,54,22,32
Gaf,tarren-mill,1004,monk,mistweaver,19,12,7
Candypoppe,argent-dawn,1004,monk,mistweaver,58,30,28
Kameltreiba,antonidas,1004,monk,mistweaver,23,11,12
Andim,frostwolf,1002,monk,mistweaver,86,45,41
Zenchî,ysondre,1001,monk,mistweaver,22,13,9
Ronanze,silvermoon,1000,monk,mistweaver,99,52,47
Leïsha,ysondre,1000,monk,mistweaver,24,12,12
Iamnudel,blackmoore,995,monk,mistweaver,24,11,13
Matrim,arathor,994,monk,mistweaver,38,12,26
Холанн,greymane,991,monk,mistweaver,132,59,73
Xuaolang,sanguino,986,monk,mistweaver,30,12,18
Bèfmoka,sargeras,984,monk,mistweaver,227,110,117
Yøøps,dalaran,982,monk,mistweaver,45,22,23
Woguo,drakthul,981,monk,mistweaver,36,15,21
Heäléna,ragnaros,979,monk,mistweaver,21,15,6
Brewtalize,defias-brotherhood,977,monk,mistweaver,30,16,14
Goya,sargeras,976,monk,mistweaver,36,21,15
Jayline,kazzak,973,monk,mistweaver,53,19,34
Suchergebnis,tarren-mill,964,monk,mistweaver,66,23,43
Catwiø,hyjal,963,monk,mistweaver,32,12,20
Horfus,stormscale,963,monk,mistweaver,36,12,24
Vadrigar,drakthul,960,monk,mistweaver,12,10,2
Foaqer,aegwynn,960,monk,mistweaver,12,10,2
Watschensepp,arthas,960,monk,mistweaver,12,10,2
Cannonk,blackhand,960,monk,mistweaver,18,10,8
Bidzi,kazzak,960,monk,mistweaver,18,10,8
Klappzz,outland,960,monk,mistweaver,18,10,8
Hurjat,stormreaver,960,monk,mistweaver,18,10,8
Loganess,sunstrider,960,monk,mistweaver,24,10,14
Cocacolazeró,draenor,960,monk,mistweaver,24,10,14
Kazutora,archimonde,959,monk,mistweaver,12,10,2
Citamonk,blackmoore,959,monk,mistweaver,12,10,2
Sioumoo,malganis,959,monk,mistweaver,16,11,5
Monkfriend,quelthalas,959,monk,mistweaver,18,10,8
Såvonnette,ysondre,959,monk,mistweaver,18,10,8
Dexcore,draenor,959,monk,mistweaver,18,10,8
Mahøni,malganis,959,monk,mistweaver,18,10,8
Parlez,argent-dawn,959,monk,mistweaver,18,10,8
Mâjô,blackhand,959,monk,mistweaver,18,10,8
Itwillbenice,archimonde,959,monk,mistweaver,18,10,8
Ricidora,nerathor,959,monk,mistweaver,18,10,8
Zekethegreat,tarren-mill,959,monk,mistweaver,18,10,8
Synkek,tarren-mill,959,monk,mistweaver,18,10,8
Grenreaper,twisting-nether,959,monk,mistweaver,18,10,8
Pikkupotkuri,stormreaver,959,monk,mistweaver,24,10,14
Хэймичх,gordunni,959,monk,mistweaver,24,10,14
Zappikmonk,silvermoon,958,monk,mistweaver,12,10,2
Mynokxu,blackmoore,958,monk,mistweaver,12,10,2
Sèrafin,burning-legion,958,monk,mistweaver,18,10,8
Fettakules,eredar,958,monk,mistweaver,18,10,8
Âechlz,malfurion,958,monk,mistweaver,18,10,8
Паклюха,howling-fjord,958,monk,mistweaver,18,10,8
Shainingzer,ysondre,958,monk,mistweaver,18,10,8
Wkiller,outland,958,monk,mistweaver,24,10,14
Horriblemonk,archimonde,957,monk,mistweaver,12,10,2
Teoroll,stormscale,956,monk,mistweaver,18,10,8
Mgp,the-maelstrom,956,monk,mistweaver,18,10,8
Gumar,antonidas,956,monk,mistweaver,18,10,8
Lilfist,thrall,956,monk,mistweaver,18,10,8
Spánkproóf,kazzak,956,monk,mistweaver,18,10,8
Bbok,silvermoon,956,monk,mistweaver,36,10,26
Agodx,sanguino,955,monk,mistweaver,18,10,8
Dath,outland,955,monk,mistweaver,18,10,8
Ossifist,blackhand,955,monk,mistweaver,24,10,14
Nartaran,archimonde,955,monk,mistweaver,30,10,20
Winwalker,archimonde,954,monk,mistweaver,18,10,8
Azkaal,marécage-de-zangar,953,monk,mistweaver,18,10,8
Tøngpø,argent-dawn,953,monk,mistweaver,18,10,8
Mitchell,sylvanas,953,monk,mistweaver,18,10,8
Kurzgesagt,destromath,953,monk,mistweaver,30,10,20
Chigee,kazzak,952,monk,mistweaver,18,10,8
Sylicia,alleria,952,monk,mistweaver,18,10,8
Tojokirumi,dalaran,951,monk,mistweaver,12,10,2
Boloboc,auchindoun,951,monk,mistweaver,12,10,2
Dennó,mannoroth,951,monk,mistweaver,18,10,8
Garff,aggra-português,951,monk,mistweaver,26,10,16
Monkyd,stormscale,950,monk,mistweaver,18,10,8
Derok,twisting-nether,949,monk,mistweaver,24,10,14
Choochoo,archimonde,949,monk,mistweaver,30,10,20
Quaksalber,amanthul,946,monk,mistweaver,84,39,45
Pandathiss,argent-dawn,945,monk,mistweaver,18,10,8
Griffens,argent-dawn,943,monk,mistweaver,17,10,7
Serylliah,aegwynn,942,monk,mistweaver,24,10,14
Røär,khaz-modan,934,monk,mistweaver,12,10,2
Ariä,marécage-de-zangar,930,monk,mistweaver,24,13,11
Liathina,sylvanas,928,monk,mistweaver,25,10,15
Jusex,stormreaver,927,monk,mistweaver,22,11,11
Marceliná,blackmoore,927,monk,mistweaver,22,10,12
Nikiz,festung-der-stürme,927,monk,mistweaver,42,11,31
Fréýáá,blackrock,925,monk,mistweaver,60,31,29
Shoshin,stormscale,925,monk,mistweaver,81,41,40
Madmonki,ragnaros,924,monk,mistweaver,130,72,58
Шадялинь,howling-fjord,920,monk,mistweaver,23,10,13
Фистермонк,gordunni,916,monk,mistweaver,36,13,23
Blackeyé,malganis,914,monk,mistweaver,47,25,22
Dinxfar,draenor,913,monk,mistweaver,21,11,10
Yèna,pozzo-delleternità,911,monk,mistweaver,251,111,140
Jaggsi,hellfire,911,monk,mistweaver,90,27,63
Dícxi,ravencrest,910,monk,mistweaver,17,10,7
Esco,genjuros,910,monk,mistweaver,17,10,7
Чвка,booty-bay,907,monk,mistweaver,30,14,16
Xialongbao,khaz-modan,907,monk,mistweaver,45,11,34
Äeøwyn,ragnaros,905,monk,mistweaver,22,11,11
Bottomoré,silvermoon,901,monk,mistweaver,95,34,61
Indris,dun-modr,895,monk,mistweaver,17,10,7
Мишапяточка,howling-fjord,890,monk,mistweaver,12,11,1
Keeba,kirin-tor,887,monk,mistweaver,236,110,126
Leafsoup,argent-dawn,882,monk,mistweaver,191,91,100
Katx,marécage-de-zangar,878,monk,mistweaver,56,18,38
Тиктокмонк,gordunni,877,monk,mistweaver,26,11,15
Schellentano,defias-brotherhood,876,monk,mistweaver,48,22,26
Olivegreen,emerald-dream,870,monk,mistweaver,36,18,18
Greez,tarren-mill,869,monk,mistweaver,22,10,12
Киото,ashenvale,866,monk,mistweaver,113,46,67
Lennifer,ragnaros,864,monk,mistweaver,12,9,3
Jokkopapoo,archimonde,864,monk,mistweaver,12,9,3
Turbobär,blackrock,864,monk,mistweaver,12,9,3
Kookmin,doomhammer,864,monk,mistweaver,12,9,3
Sanchios,twisting-nether,864,monk,mistweaver,12,9,3
Pashtrak,argent-dawn,864,monk,mistweaver,12,9,3
Kyramea,aegwynn,864,monk,mistweaver,12,9,3
Miists,kazzak,864,monk,mistweaver,18,9,9
Swoshz,sylvanas,864,monk,mistweaver,18,9,9
Dunkfjås,stormscale,864,monk,mistweaver,18,9,9
Mzdm,dalaran,864,monk,mistweaver,18,9,9
Balia,blackrock,864,monk,mistweaver,24,9,15
Flowey,uldum,864,monk,mistweaver,24,9,15
Shabaz,draenor,863,monk,mistweaver,12,9,3
Arlot,blackmoore,863,monk,mistweaver,12,9,3
Муррчалкин,howling-fjord,863,monk,mistweaver,12,9,3
Kemari,argent-dawn,863,monk,mistweaver,12,9,3
Fènja,kult-der-verdammten,863,monk,mistweaver,18,9,9
Torinia,madmortem,863,monk,mistweaver,18,9,9
Зарычал,soulflayer,863,monk,mistweaver,18,9,9
Vejbz,blackmoore,863,monk,mistweaver,18,9,9
Nowhaazzer,dun-modr,863,monk,mistweaver,18,9,9
Shéesh,tarren-mill,863,monk,mistweaver,18,9,9
Kyleestrutt,stormscale,863,monk,mistweaver,18,9,9
Rminto,twisting-nether,863,monk,mistweaver,24,9,15
Rhodin,krasus,863,monk,mistweaver,30,9,21
Missislee,aegwynn,862,monk,mistweaver,12,9,3
Ribbeh,draenor,862,monk,mistweaver,12,9,3
Niborc,doomhammer,862,monk,mistweaver,12,9,3
Колбасина,gordunni,862,monk,mistweaver,12,9,3
Deepfistehr,outland,862,monk,mistweaver,12,9,3
Neverendxx,draenor,862,monk,mistweaver,18,9,9
Mozzi,frostmane,862,monk,mistweaver,24,9,15
Mwsama,stormscale,861,monk,mistweaver,12,9,3
Puñolou,sanguino,861,monk,mistweaver,12,9,3
Koldar,grim-batol,861,monk,mistweaver,17,12,5
Rustó,ravencrest,861,monk,mistweaver,18,9,9
Tossen,ragnaros,861,monk,mistweaver,18,9,9
Nosugars,tarren-mill,859,monk,mistweaver,12,9,3
Samie,ravencrest,859,monk,mistweaver,18,9,9
Mistya,ragnaros,859,monk,mistweaver,18,9,9
Mistréss,silvermoon,858,monk,mistweaver,18,9,9
Monkani,ravencrest,858,monk,mistweaver,18,9,9
Galaxumi,ragnaros,858,monk,mistweaver,24,9,15
Karmaclit,malganis,857,monk,mistweaver,18,9,9
Fhengwei,outland,857,monk,mistweaver,18,9,9
Bingching,silvermoon,857,monk,mistweaver,113,44,69
Bréwsléé,ragnaros,856,monk,mistweaver,18,9,9
Thymesurge,ravencrest,856,monk,mistweaver,18,9,9
Healmeup,anetheron,854,monk,mistweaver,18,9,9
Pepefocho,sanguino,848,monk,mistweaver,24,10,14
Jugogodx,blackrock,845,monk,mistweaver,17,9,8
Changzu,sanguino,841,monk,mistweaver,78,36,42
Geeberz,twisting-nether,838,monk,mistweaver,18,9,9
ßæutiful,silvermoon,835,monk,mistweaver,36,13,23
Zuntze,guldan,834,monk,mistweaver,18,9,9
Drakzyr,argent-dawn,831,monk,mistweaver,16,9,7
Cmonbruh,ravencrest,831,monk,mistweaver,17,9,8
Ràsetsu,nagrand,828,monk,mistweaver,23,10,13
Pikafume,hellfire,827,monk,mistweaver,14,10,4
Thiccbaby,kazzak,816,monk,mistweaver,15,9,6
Мирксимонк,soulflayer,816,monk,mistweaver,21,10,11
Chukwandi,ravencrest,811,monk,mistweaver,108,54,54
Mynaira,tarren-mill,811,monk,mistweaver,50,11,39
Zóma,ragnaros,810,monk,mistweaver,28,10,18
Saïtama,krasus,809,monk,mistweaver,22,10,12
Lpm,draenor,805,monk,mistweaver,20,11,9
Alfiemonk,ravencrest,804,monk,mistweaver,48,13,35
Xalyà,archimonde,803,monk,mistweaver,18,12,6
Extaszeh,turalyon,802,monk,mistweaver,17,11,6
Тайви,deepholm,799,monk,mistweaver,17,9,8
Mellu,kazzak,798,monk,mistweaver,14,9,5
Zerochi,kazzak,796,monk,mistweaver,19,10,9
Mistyheals,nagrand,796,monk,mistweaver,24,10,14
Neifaust,silvermoon,794,monk,mistweaver,66,19,47
Jînex,shattrath,784,monk,mistweaver,13,9,4
Jlo,stormscale,768,monk,mistweaver,12,8,4
Eradasmw,kazzak,768,monk,mistweaver,12,8,4
Cattleyah,ysondre,768,monk,mistweaver,12,8,4
Kradder,nordrassil,768,monk,mistweaver,12,8,4
Mialena,eredar,768,monk,mistweaver,12,8,4
Guarnounet,hyjal,768,monk,mistweaver,12,8,4
Mvm,outland,768,monk,mistweaver,12,8,4
Adrianchase,ravencrest,768,monk,mistweaver,12,8,4
Олежатоксик,gordunni,768,monk,mistweaver,12,8,4
Xoonaki,turalyon,768,monk,mistweaver,12,8,4
Wisebeb,les-clairvoyants,768,monk,mistweaver,12,8,4
Miamalkøva,nemesis,768,monk,mistweaver,12,8,4
Mástermônkèy,tarren-mill,768,monk,mistweaver,12,8,4
Kashino,frostwhisper,768,monk,mistweaver,12,8,4
Stvilde,tarren-mill,768,monk,mistweaver,12,8,4
Starboyy,twisting-nether,768,monk,mistweaver,12,8,4
Colin,aegwynn,768,monk,mistweaver,12,8,4
Ånåsenpåi,archimonde,768,monk,mistweaver,12,8,4
Monfmonk,archimonde,768,monk,mistweaver,12,8,4
Daisymerolli,nemesis,768,monk,mistweaver,12,8,4
Гуппер,howling-fjord,768,monk,mistweaver,12,8,4
Tøxicweaver,kazzak,768,monk,mistweaver,18,8,10
Adamlól,tarren-mill,768,monk,mistweaver,18,8,10
Träskolasse,tarren-mill,768,monk,mistweaver,18,8,10
Kûngfu,tarren-mill,768,monk,mistweaver,18,8,10
Tino,sylvanas,768,monk,mistweaver,18,8,10
Orowh,archimonde,768,monk,mistweaver,18,8,10
Dêsmî,ravencrest,768,monk,mistweaver,18,8,10
Orki,ragnaros,768,monk,mistweaver,18,8,10
Twåålf,kazzak,768,monk,mistweaver,18,8,10
Eldaras,tarren-mill,768,monk,mistweaver,18,8,10
Fistgodx,blackrock,768,monk,mistweaver,18,8,10
Reyaiba,dalaran,767,monk,mistweaver,12,8,4
Sozzemonk,kazzak,767,monk,mistweaver,12,8,4
Hvdo,silvermoon,767,monk,mistweaver,12,8,4
Lin,nathrezim,767,monk,mistweaver,12,8,4
Maigraith,malganis,767,monk,mistweaver,12,8,4
Xerzulo,silvermoon,767,monk,mistweaver,12,8,4
Ракенрол,deathguard,767,monk,mistweaver,12,8,4
Nêrfmeta,kazzak,767,monk,mistweaver,12,8,4
Мистхоррор,gordunni,767,monk,mistweaver,12,8,4
Loth,archimonde,767,monk,mistweaver,12,8,4
Alexiarofl,silvermoon,767,monk,mistweaver,12,8,4
Nxyytko,aegwynn,767,monk,mistweaver,16,9,7
Lerouxx,archimonde,767,monk,mistweaver,18,8,10
Skelmir,dragonblight,767,monk,mistweaver,18,8,10
Shishalord,blackhand,767,monk,mistweaver,18,8,10
Smehonk,outland,767,monk,mistweaver,18,8,10
Gízmö,tarren-mill,767,monk,mistweaver,18,8,10
Aliyo,aegwynn,767,monk,mistweaver,18,8,10
Qúázu,silvermoon,767,monk,mistweaver,24,8,16
Монкмяу,howling-fjord,767,monk,mistweaver,27,8,19
Qî,ravencrest,767,monk,mistweaver,30,8,22
Votix,tarren-mill,766,monk,mistweaver,13,10,3
Lilithrevan,frostmourne,766,monk,mistweaver,12,8,4
Khaldin,hyjal,766,monk,mistweaver,12,8,4
Monkgart,sylvanas,766,monk,mistweaver,12,8,4
Nulojeu,archimonde,766,monk,mistweaver,12,8,4
Grintilif,malygos,766,monk,mistweaver,12,8,4
Xevol,burning-legion,766,monk,mistweaver,12,8,4
Sámal,draenor,766,monk,mistweaver,12,8,4
Хере,soulflayer,766,monk,mistweaver,18,8,10
Kaizenthor,runetotem,766,monk,mistweaver,18,8,10
Gakunie,blackhand,766,monk,mistweaver,18,8,10
Kegbrew,kazzak,765,monk,mistweaver,12,8,4
Lorkas,darkmoon-faire,765,monk,mistweaver,12,8,4
Hersmonk,drakthul,765,monk,mistweaver,12,8,4
Dukhi,kazzak,765,monk,mistweaver,12,8,4
Ebonymilfy,archimonde,765,monk,mistweaver,12,8,4
Pô,nemesis,765,monk,mistweaver,18,8,10
Trxy,argent-dawn,765,monk,mistweaver,36,8,28
Kravmaghar,arthas,764,monk,mistweaver,18,8,10
Dazll,twisting-nether,764,monk,mistweaver,24,8,16
Aíkô,dun-morogh,763,monk,mistweaver,12,8,4
Tamriel,korgall,763,monk,mistweaver,18,8,10
Breykhar,aegwynn,762,monk,mistweaver,18,8,10
Pekinn,sanguino,761,monk,mistweaver,18,8,10
Nemevas,dun-modr,761,monk,mistweaver,30,8,22
Kieteltje,sylvanas,760,monk,mistweaver,12,8,4
Skrøn,kult-der-verdammten,760,monk,mistweaver,12,8,4
Сукавкимоно,soulflayer,758,monk,mistweaver,18,8,10
Jsuispasheal,dalaran,738,monk,mistweaver,113,45,68
Gokentu,silvermoon,738,monk,mistweaver,43,15,28
Issan,archimonde,736,monk,mistweaver,23,9,14
Fetchd,blackmoore,733,monk,mistweaver,16,8,8
Ndaula,drakthul,733,monk,mistweaver,25,9,16
Spëarôu,hyjal,732,monk,mistweaver,18,10,8
Muggen,minahonda,727,monk,mistweaver,23,8,15
Дядямаготика,deathguard,719,monk,mistweaver,27,9,18
Zhanshì,blackmoore,714,monk,mistweaver,21,9,12
Leyira,blackmoore,705,monk,mistweaver,15,10,5
Elasha,archimonde,703,monk,mistweaver,11,8,3
Порвуседло,soulflayer,703,monk,mistweaver,28,10,18
Tingly,kazzak,687,monk,mistweaver,15,8,7
Шаолий,gordunni,683,monk,mistweaver,30,8,22
Biggesttaf,stormscale,672,monk,mistweaver,10,8,2
Osírìs,ravencrest,672,monk,mistweaver,12,7,5
Vazpy,sylvanas,672,monk,mistweaver,12,7,5
Lamasauce,ravencrest,672,monk,mistweaver,12,7,5
Fugmonk,ravencrest,672,monk,mistweaver,12,7,5
Vitessewagon,ysondre,672,monk,mistweaver,12,7,5
Yulon,blackrock,672,monk,mistweaver,12,7,5
Flexify,outland,672,monk,mistweaver,12,7,5
Sadcuzbad,thrall,672,monk,mistweaver,12,7,5
Longpeng,ysera,672,monk,mistweaver,12,7,5
Haruuka,thrall,672,monk,mistweaver,12,7,5
Boytoyfist,ravencrest,672,monk,mistweaver,12,7,5
Whatthemonk,arathor,672,monk,mistweaver,12,7,5
Franziskanus,das-syndikat,672,monk,mistweaver,12,7,5
Prismaticx,ravencrest,672,monk,mistweaver,12,7,5
Sindfist,ysondre,672,monk,mistweaver,12,7,5
Risingsunkek,ravencrest,672,monk,mistweaver,12,7,5
Tonyjohns,draenor,672,monk,mistweaver,12,7,5
Monkamonk,blutkessel,672,monk,mistweaver,12,7,5
Mw,magtheridon,672,monk,mistweaver,12,7,5
Kyliansètuit,ysondre,672,monk,mistweaver,12,7,5
Podrugabomja,outland,672,monk,mistweaver,12,7,5
Ravity,blackmoore,672,monk,mistweaver,12,7,5
Monkel,frostwolf,672,monk,mistweaver,12,7,5
Neptulion,ravencrest,672,monk,mistweaver,12,7,5
Astarrserran,drakthul,672,monk,mistweaver,12,7,5
Ryutoo,silvermoon,672,monk,mistweaver,12,7,5
Soulcháos,ravencrest,672,monk,mistweaver,12,7,5
Павнмонк,gordunni,672,monk,mistweaver,12,7,5
Эмфул,soulflayer,672,monk,mistweaver,12,7,5
Frajer,auchindoun,672,monk,mistweaver,12,7,5
Mjoo,blackrock,672,monk,mistweaver,12,7,5
Nastyføxÿ,ysondre,672,monk,mistweaver,12,7,5
Merçury,dun-morogh,672,monk,mistweaver,12,7,5
Hessuzen,stormreaver,672,monk,mistweaver,12,7,5
ßreacher,argent-dawn,672,monk,mistweaver,12,7,5
Alwaysme,grim-batol,672,monk,mistweaver,12,7,5
Alutzharn,argent-dawn,672,monk,mistweaver,12,7,5
Kadoran,argent-dawn,672,monk,mistweaver,12,7,5
Вхукьютиикс,howling-fjord,672,monk,mistweaver,13,7,6
Leykom,ravencrest,672,monk,mistweaver,15,8,7
Scz,draenor,672,monk,mistweaver,18,7,11
Fistweavingg,tarren-mill,672,monk,mistweaver,18,7,11
Boîndíl,malfurion,672,monk,mistweaver,18,7,11
Päätöksiä,defias-brotherhood,672,monk,mistweaver,18,7,11
Bâsarä,archimonde,672,monk,mistweaver,18,7,11
Fántâ,outland,672,monk,mistweaver,18,7,11
Кулаквтебе,borean-tundra,672,monk,mistweaver,18,7,11
Æternia,stormscale,671,monk,mistweaver,12,7,5
Yumrukatam,twisting-nether,671,monk,mistweaver,12,7,5
Shenexo,kazzak,671,monk,mistweaver,12,7,5
Pandereta,aggra-português,671,monk,mistweaver,12,7,5
Fonk,blades-edge,671,monk,mistweaver,12,7,5
Hitmon,kazzak,671,monk,mistweaver,12,7,5
Кисеч,soulflayer,671,monk,mistweaver,12,7,5
Xanadoll,outland,671,monk,mistweaver,12,7,5
Wudao,anubarak,671,monk,mistweaver,12,7,5
Afkmonk,archimonde,671,monk,mistweaver,12,7,5
Lenalé,sanguino,671,monk,mistweaver,12,7,5
Funkystach,archimonde,671,monk,mistweaver,12,7,5
Katharína,azuremyst,671,monk,mistweaver,18,7,11
Muaba,outland,671,monk,mistweaver,18,7,11
Whinestein,the-venture-co,671,monk,mistweaver,18,7,11
Моийам,howling-fjord,671,monk,mistweaver,18,7,11
Tiddor,burning-legion,671,monk,mistweaver,18,7,11
Zendyy,argent-dawn,670,monk,mistweaver,12,7,5
Аверлорд,fordragon,670,monk,mistweaver,17,7,10
Furynextdoor,hyjal,669,monk,mistweaver,12,7,5
Bakersdozen,tarren-mill,669,monk,mistweaver,18,7,11
Zywoo,emerald-dream,668,monk,mistweaver,18,7,11
Chenpô,gorgonnash,667,monk,mistweaver,12,7,5
Buddhamilch,nathrezim,667,monk,mistweaver,18,7,11
Dotheas,argent-dawn,667,monk,mistweaver,18,7,11
Senseithai,trollbane,665,monk,mistweaver,18,7,11
Wuchanglan,blackmoore,665,monk,mistweaver,30,7,23
Zoolloonn,norgannon,664,monk,mistweaver,18,7,11
Arukoru,kazzak,664,monk,mistweaver,24,7,17
Pandadoum,ysondre,663,monk,mistweaver,12,7,5
Kapona,kazzak,661,monk,mistweaver,30,7,23
Xarii,aegwynn,640,monk,mistweaver,10,8,2
Qdwdwqerdads,ravencrest,640,monk,mistweaver,16,8,8
Klischi,taerar,639,monk,mistweaver,17,7,10
Lylaei,argent-dawn,639,monk,mistweaver,17,7,10
Shapumvilla,alonsus,637,monk,mistweaver,8,8,0
Randomxbrew,draenor,624,monk,mistweaver,9,8,1
Yøda,malganis,621,monk,mistweaver,15,7,8
Phyromonky,uldum,618,monk,mistweaver,12,8,4
Nxmonk,sylvanas,618,monk,mistweaver,16,8,8
Malroj,aggramar,617,monk,mistweaver,15,8,7
Cringefemboy,moonglade,607,monk,mistweaver,11,7,4
Drunkenmønk,mannoroth,592,monk,mistweaver,7,7,0
Redundänt,kazzak,576,monk,mistweaver,6,6,0
Althéia,dalaran,576,monk,mistweaver,6,6,0
Zyphix,twisting-nether,576,monk,mistweaver,6,6,0
Ðêzø,stormscale,576,monk,mistweaver,6,6,0
Daddynasty,blackhand,576,monk,mistweaver,6,6,0
Mowì,stormscale,576,monk,mistweaver,6,6,0
Batschmaia,shattrath,576,monk,mistweaver,6,6,0
Makíima,blackrock,576,monk,mistweaver,6,6,0
Nerfmonk,archimonde,576,monk,mistweaver,6,6,0
Dundermonken,silvermoon,576,monk,mistweaver,6,6,0
Culédegallah,archimonde,576,monk,mistweaver,6,6,0
Ýüñgßèëf,dun-modr,576,monk,mistweaver,6,6,0
Nigirisake,blackrock,576,monk,mistweaver,6,6,0
Åmba,blackrock,576,monk,mistweaver,12,6,6
Vedak,stormreaver,576,monk,mistweaver,12,6,6
Freemmrx,kazzak,576,monk,mistweaver,12,6,6
Rudiculous,malganis,576,monk,mistweaver,12,6,6
Vàlky,outland,576,monk,mistweaver,12,6,6
Sinensi,conseil-des-ombres,576,monk,mistweaver,12,6,6
Garfunkel,emeriss,576,monk,mistweaver,12,6,6
Kâî,outland,576,monk,mistweaver,12,6,6
Миражмонк,howling-fjord,576,monk,mistweaver,12,6,6
Xaw,sanguino,576,monk,mistweaver,12,6,6
Pivomamrad,drakthul,576,monk,mistweaver,12,6,6
Èlesd,ravencrest,576,monk,mistweaver,12,6,6
Parkroy,ravencrest,576,monk,mistweaver,12,6,6
Leashed,blackmoore,576,monk,mistweaver,12,6,6
Mørbradgryde,silvermoon,576,monk,mistweaver,12,6,6
Кончеглаз,soulflayer,576,monk,mistweaver,12,6,6
Icecoldbrew,outland,576,monk,mistweaver,12,6,6
Oiorie,twisting-nether,576,monk,mistweaver,12,6,6
Testicolino,nemesis,576,monk,mistweaver,12,6,6
Ankelstrumpa,tarren-mill,576,monk,mistweaver,12,6,6
Eggroll,archimonde,576,monk,mistweaver,12,6,6
Tygertyger,silvermoon,576,monk,mistweaver,12,6,6
Дезмимонк,ashenvale,576,monk,mistweaver,12,6,6
Rashtamonk,blackmoore,576,monk,mistweaver,12,6,6
Garweaver,frostwolf,576,monk,mistweaver,12,6,6
Fersokä,dun-modr,576,monk,mistweaver,12,6,6
Monjonagger,tyrande,576,monk,mistweaver,12,6,6
Fistandfury,outland,576,monk,mistweaver,12,6,6
Deepênd,antonidas,576,monk,mistweaver,12,6,6
Мегаалюль,gordunni,576,monk,mistweaver,12,6,6
Mamysuze,elune,576,monk,mistweaver,12,6,6
Faki,eredar,576,monk,mistweaver,12,6,6
Ryac,defias-brotherhood,576,monk,mistweaver,12,6,6
Gosphhell,archimonde,576,monk,mistweaver,12,6,6
Req,darksorrow,576,monk,mistweaver,12,6,6
Yez,azjolnerub,576,monk,mistweaver,12,6,6
Коумана,gordunni,576,monk,mistweaver,15,7,8
Торен,soulflayer,576,monk,mistweaver,18,6,12
Vrexza,kazzak,576,monk,mistweaver,18,6,12
Ayanaami,pozzo-delleternità,576,monk,mistweaver,18,6,12
Ronnchi,twisting-nether,576,monk,mistweaver,18,6,12
Mongretod,ravencrest,576,monk,mistweaver,18,6,12
Siiderivalas,kazzak,576,monk,mistweaver,18,6,12
Justbalem,outland,576,monk,mistweaver,24,6,18
Itsthemonkky,tarren-mill,576,monk,mistweaver,24,6,18
Drír,archimonde,575,monk,mistweaver,12,6,6
Loutremoine,archimonde,575,monk,mistweaver,12,6,6
Janpu,outland,575,monk,mistweaver,12,6,6
Drlyn,blackmoore,575,monk,mistweaver,12,6,6
Shenyen,silvermoon,575,monk,mistweaver,12,6,6
Skonk,frostmane,575,monk,mistweaver,12,6,6
Yogi,defias-brotherhood,575,monk,mistweaver,12,6,6
Incapp,ysondre,575,monk,mistweaver,12,6,6
Vexzen,tarren-mill,575,monk,mistweaver,12,6,6
Revna,auchindoun,575,monk,mistweaver,12,6,6
Pôo,medivh,575,monk,mistweaver,12,6,6
Kushinaa,teldrassil,575,monk,mistweaver,12,6,6
Crommul,burning-legion,575,monk,mistweaver,12,6,6
Biogasanlage,tarren-mill,575,monk,mistweaver,12,6,6
Тэсси,blackscar,575,monk,mistweaver,12,6,6
Askmeout,ravencrest,575,monk,mistweaver,13,6,7
Azoka,cthun,575,monk,mistweaver,16,7,9
Snooponk,kazzak,575,monk,mistweaver,18,6,12
Latify,todeswache,575,monk,mistweaver,18,6,12
Mockmé,defias-brotherhood,575,monk,mistweaver,18,6,12
Mulana,sanguino,575,monk,mistweaver,18,6,12
Jamesxdeen,stormreaver,575,monk,mistweaver,18,6,12
Othalain,silvermoon,574,monk,mistweaver,12,6,6
Granniz,archimonde,574,monk,mistweaver,12,6,6
Chozen,blackmoore,574,monk,mistweaver,12,6,6
Irishdëmon,ravencrest,574,monk,mistweaver,16,6,10
Jackamonk,kazzak,574,monk,mistweaver,18,6,12
Mascrax,earthen-ring,573,monk,mistweaver,18,6,12
Xentimus,kazzak,573,monk,mistweaver,18,6,12
Cheechong,grim-batol,573,monk,mistweaver,28,8,20
Bearknuckles,darkmoon-faire,572,monk,mistweaver,12,6,6
Shuzao,steamwheedle-cartel,569,monk,mistweaver,24,6,18
Kurasaki,blackmoore,560,monk,mistweaver,13,8,5
Christien,ungoro,558,monk,mistweaver,23,6,17
Japumonk,kazzak,540,monk,mistweaver,11,6,5
Yesaya,sylvanas,528,monk,mistweaver,9,6,3
Mku,kazzak,528,monk,mistweaver,15,7,8
Lidalol,silvermoon,527,monk,mistweaver,9,7,2
Cråzymonk,ravencrest,527,monk,mistweaver,9,6,3
Insomniyah,tarren-mill,527,monk,mistweaver,17,6,11
Jackwondo,blackmoore,522,monk,mistweaver,16,8,8
Fshn,sylvanas,522,monk,mistweaver,14,7,7
Dråf,ysondre,522,monk,mistweaver,18,7,11
Bêlebend,frostwolf,512,monk,mistweaver,10,6,4
Годъяр,gordunni,510,monk,mistweaver,14,6,8
Fardulka,stormscale,508,monk,mistweaver,22,6,16
Samuelka,burning-blade,493,monk,mistweaver,11,6,5
Khabibs,hyjal,480,monk,mistweaver,6,5,1
Supersane,antonidas,480,monk,mistweaver,6,5,1
Укусдракона,soulflayer,480,monk,mistweaver,6,5,1
Fiststowin,blackrock,480,monk,mistweaver,6,5,1
Chiibah,malygos,480,monk,mistweaver,6,5,1
Notoriousx,thrall,480,monk,mistweaver,6,5,1
Veladana,chamber-of-aspects,480,monk,mistweaver,6,5,1
Saikwondo,silvermoon,480,monk,mistweaver,6,5,1
Requizen,ravencrest,480,monk,mistweaver,6,5,1
Stromon,silvermoon,480,monk,mistweaver,6,5,1
Ilovesrya,archimonde,480,monk,mistweaver,6,5,1
Seava,kazzak,480,monk,mistweaver,6,5,1
Wannabeloa,silvermoon,480,monk,mistweaver,6,5,1
Peao,blackmoore,480,monk,mistweaver,6,5,1
Подорожнник,gordunni,480,monk,mistweaver,6,5,1
Sloopkogel,tarren-mill,480,monk,mistweaver,6,5,1
Nobrainfist,stormscale,480,monk,mistweaver,6,5,1
Xkäz,archimonde,480,monk,mistweaver,6,5,1
Saenxz,blackrock,480,monk,mistweaver,6,5,1
Hyhu,burning-legion,480,monk,mistweaver,6,5,1
Notgherit,nemesis,480,monk,mistweaver,6,5,1
Ørcqt,tarren-mill,480,monk,mistweaver,6,5,1
Lyganos,dalaran,480,monk,mistweaver,6,5,1
Khazanthir,terenas,480,monk,mistweaver,6,5,1
Kirtachi,dun-modr,480,monk,mistweaver,6,5,1
Anthufufu,ysondre,480,monk,mistweaver,6,5,1
Kaowar,nerzhul,480,monk,mistweaver,6,5,1
Zoruun,quelthalas,480,monk,mistweaver,6,5,1
Sio,dentarg,480,monk,mistweaver,6,5,1
Clydemonk,outland,480,monk,mistweaver,6,5,1
Rivasstv,grim-batol,480,monk,mistweaver,7,5,2
Lycerá,antonidas,480,monk,mistweaver,9,5,4
Siezlebabo,blackrock,480,monk,mistweaver,12,5,7
Andelicek,burning-blade,480,monk,mistweaver,12,5,7
Smahammonk,sylvanas,480,monk,mistweaver,12,5,7
Doyoubleed,twisting-nether,480,monk,mistweaver,12,5,7
Selambebis,twisting-nether,480,monk,mistweaver,12,5,7
Чебурекстень,blackscar,480,monk,mistweaver,12,5,7
Gaspacio,silvermoon,480,monk,mistweaver,12,5,7
Clenda,hyjal,480,monk,mistweaver,12,5,7
Rollarøund,outland,480,monk,mistweaver,12,5,7
Похмелись,blackscar,480,monk,mistweaver,12,5,7
Kmorhin,antonidas,480,monk,mistweaver,12,5,7
Tchitã,hyjal,480,monk,mistweaver,12,5,7
Sonixx,anubarak,480,monk,mistweaver,12,5,7
Potato,aggramar,480,monk,mistweaver,12,5,7
Mikefist,blackrock,480,monk,mistweaver,12,5,7
Yinsho,stormscale,480,monk,mistweaver,12,5,7
Erandja,silvermoon,480,monk,mistweaver,12,5,7
Sashun,blackmoore,480,monk,mistweaver,12,5,7
Kâfkas,twisting-nether,480,monk,mistweaver,12,5,7
Tolachi,blackhand,480,monk,mistweaver,12,5,7
Minervaez,grim-batol,480,monk,mistweaver,12,5,7
Ðrçleañ,stormreaver,480,monk,mistweaver,12,5,7
Аэрди,howling-fjord,480,monk,mistweaver,12,5,7
Cøntfarmer,ravencrest,480,monk,mistweaver,12,5,7
Девачки,soulflayer,480,monk,mistweaver,12,5,7
Генжуро,blackscar,480,monk,mistweaver,12,5,7
Kärmma,sanguino,480,monk,mistweaver,12,5,7
Jodeen,shadowsong,480,monk,mistweaver,12,5,7
Rockié,blackmoore,480,monk,mistweaver,12,5,7
Karmonk,outland,480,monk,mistweaver,12,5,7
Grïmgødx,ravencrest,480,monk,mistweaver,12,5,7
Iwtkms,magtheridon,480,monk,mistweaver,12,5,7
Loveít,blackrock,480,monk,mistweaver,12,5,7
Hon,sanguino,480,monk,mistweaver,12,5,7
Aurelìá,aegwynn,480,monk,mistweaver,12,5,7
Miquella,scarshield-legion,480,monk,mistweaver,12,5,7
Дэдлитрюк,soulflayer,480,monk,mistweaver,12,5,7
Mailyne,blackmoore,480,monk,mistweaver,12,5,7
Domedagsdamp,draenor,480,monk,mistweaver,12,5,7
Bountyño,dun-modr,480,monk,mistweaver,12,5,7
Bistweaver,kazzak,480,monk,mistweaver,12,5,7
Kaichi,defias-brotherhood,480,monk,mistweaver,12,5,7
Skiqzy,ravencrest,480,monk,mistweaver,12,5,7
Silentpedo,stormscale,480,monk,mistweaver,13,5,8
Moistweaver,drakthul,480,monk,mistweaver,18,5,13
Kaztruman,draenor,480,monk,mistweaver,18,5,13
Drumonk,kelthuzad,480,monk,mistweaver,18,5,13
Копытька,gordunni,480,monk,mistweaver,18,5,13
Whytoosxy,silvermoon,480,monk,mistweaver,18,5,13
Risomonk,blackrock,480,monk,mistweaver,24,5,19
Proxxona,eredar,479,monk,mistweaver,6,5,1
Mirøc,blackmoore,479,monk,mistweaver,6,5,1
Nortý,drakthul,479,monk,mistweaver,6,5,1
Hadesboss,ravencrest,479,monk,mistweaver,14,6,8
Luigimonk,dun-modr,479,monk,mistweaver,12,5,7
Yûkang,eldrethalas,479,monk,mistweaver,12,5,7
Mîsts,aszune,479,monk,mistweaver,12,5,7
Дарума,grom,479,monk,mistweaver,12,5,7
Dopenudel,antonidas,479,monk,mistweaver,12,5,7
Bigbrutus,draenor,479,monk,mistweaver,12,5,7
Pepegaswipe,ravencrest,479,monk,mistweaver,12,5,7
Âsmoran,blackmoore,479,monk,mistweaver,12,5,7
Sotqyy,stormscale,479,monk,mistweaver,12,5,7
Bovinebuddha,stormscale,479,monk,mistweaver,12,5,7
Antinun,kazzak,479,monk,mistweaver,12,5,7
Yoruby,kazzak,479,monk,mistweaver,12,5,7
Plsdontdie,sylvanas,479,monk,mistweaver,12,5,7
Bajabanger,stormscale,479,monk,mistweaver,18,5,13
Knotze,eredar,479,monk,mistweaver,18,5,13
Shîïna,ysondre,479,monk,mistweaver,18,5,13
Løkî,culte-de-la-rive-noire,479,monk,mistweaver,24,5,19
Xèrá,antonidas,479,monk,mistweaver,24,5,19
Wînk,amanthul,478,monk,mistweaver,12,5,7
Backbone,auchindoun,478,monk,mistweaver,12,5,7
Leffe,thunderhorn,476,monk,mistweaver,12,5,7
Nosrewolwer,burning-legion,476,monk,mistweaver,12,5,7
Drugarix,uldaman,475,monk,mistweaver,12,5,7
Chucknorrís,kilrogg,474,monk,mistweaver,18,7,11
Honîgbär,blackhand,470,monk,mistweaver,18,5,13
Filomenata,rexxar,469,monk,mistweaver,19,5,14
Frodrin,kazzak,467,monk,mistweaver,21,6,15
Ñø,twisting-nether,447,monk,mistweaver,11,5,6
Zinzyo,aegwynn,447,monk,mistweaver,11,5,6
Doctòrmónk,tarren-mill,447,monk,mistweaver,14,6,8
Kawaì,frostwolf,431,monk,mistweaver,17,5,12
Velicko,ravencrest,430,monk,mistweaver,15,5,10
Ygêrne,archimonde,426,monk,mistweaver,15,6,9
Chakarma,twisting-nether,416,monk,mistweaver,28,5,23
Lévanà,antonidas,415,monk,mistweaver,8,5,3
Dibbz,bladefist,415,monk,mistweaver,10,5,5
Sudoku,thrall,415,monk,mistweaver,14,5,9
Tasteh,cthun,400,monk,mistweaver,7,5,2
Berlym,tarren-mill,384,monk,mistweaver,6,4,2
Lilædi,draenor,384,monk,mistweaver,6,4,2
Monkersquad,doomhammer,384,monk,mistweaver,6,4,2
Kazéshini,doomhammer,384,monk,mistweaver,6,4,2
Mistydex,eredar,384,monk,mistweaver,6,4,2
Alomonk,archimonde,384,monk,mistweaver,6,4,2
Tedicated,tarren-mill,384,monk,mistweaver,6,4,2
Fakestrxx,aegwynn,384,monk,mistweaver,6,4,2
Bratana,dun-morogh,384,monk,mistweaver,6,4,2
Chochinbi,garrosh,384,monk,mistweaver,6,4,2
Chunkymonkee,magtheridon,384,monk,mistweaver,6,4,2
Slokwerk,dentarg,384,monk,mistweaver,6,4,2
Trâffix,kazzak,384,monk,mistweaver,6,4,2
Bigflex,conseil-des-ombres,384,monk,mistweaver,6,4,2
Camlen,draenor,384,monk,mistweaver,6,4,2
Гарримонк,deathguard,384,monk,mistweaver,6,4,2
Bhrag,die-aldor,384,monk,mistweaver,6,4,2
Kappakick,tarren-mill,384,monk,mistweaver,6,4,2
Immadbrew,blackmoore,384,monk,mistweaver,6,4,2
Roudious,arathi,384,monk,mistweaver,6,4,2
Ennamoly,blackmoore,384,monk,mistweaver,6,4,2
Zontovolo,draenor,384,monk,mistweaver,6,4,2
Plånck,archimonde,384,monk,mistweaver,6,4,2
Highline,draenor,384,monk,mistweaver,6,4,2
Zenvurv,kazzak,384,monk,mistweaver,6,4,2
Peaceweaver,ravencrest,384,monk,mistweaver,6,4,2
Харуказэ,howling-fjord,384,monk,mistweaver,6,4,2
Pikahelp,ravencrest,384,monk,mistweaver,6,4,2
Tüüdüülüü,blackrock,384,monk,mistweaver,6,4,2
Gyógyítóütés,ragnaros,384,monk,mistweaver,6,4,2
Vîsdom,kazzak,384,monk,mistweaver,6,4,2
Naìsh,arygos,384,monk,mistweaver,6,4,2
Shanzein,dragonmaw,384,monk,mistweaver,6,4,2
Kbsanityproc,kul-tiras,384,monk,mistweaver,6,4,2
Oxway,silvermoon,384,monk,mistweaver,6,4,2
Zugzuwg,ahnqiraj,384,monk,mistweaver,6,4,2
Claww,blackrock,384,monk,mistweaver,6,4,2
Леобтв,soulflayer,384,monk,mistweaver,6,4,2
Themistius,kazzak,384,monk,mistweaver,6,4,2
Jemijedno,drakthul,384,monk,mistweaver,6,4,2
Meineaugen,blackhand,384,monk,mistweaver,6,4,2
Profesàur,pozzo-delleternità,384,monk,mistweaver,6,4,2
Rëliq,wildhammer,384,monk,mistweaver,6,4,2
Tuulijäbä,stormreaver,384,monk,mistweaver,6,4,2
Zbamonk,burning-legion,384,monk,mistweaver,6,4,2
Mistfeeder,burning-blade,384,monk,mistweaver,6,4,2
Klischi,blackhand,384,monk,mistweaver,6,4,2
Jifun,kazzak,384,monk,mistweaver,6,4,2
Trácybéákérx,kazzak,384,monk,mistweaver,6,4,2
Thérin,silvermoon,384,monk,mistweaver,6,4,2
Unagui,bronzebeard,384,monk,mistweaver,6,4,2
Sendayam,blackhand,384,monk,mistweaver,6,4,2
Gangichi,blackhand,384,monk,mistweaver,9,5,4
Dúlgor,blackmoore,384,monk,mistweaver,11,6,5
Häppÿ,kazzak,384,monk,mistweaver,8,4,4
Mediumzin,twisting-nether,384,monk,mistweaver,12,4,8
Тониромано,thermaplugg,384,monk,mistweaver,12,4,8
Subzxftw,archimonde,384,monk,mistweaver,12,4,8
Invsionrush,crushridge,384,monk,mistweaver,12,4,8
Monkmonkesen,stormscale,384,monk,mistweaver,12,4,8
Chimail,blackrock,384,monk,mistweaver,12,4,8
Bûl,blackmoore,384,monk,mistweaver,12,4,8
Pepperboer,magtheridon,384,monk,mistweaver,12,4,8
Woofi,tarren-mill,384,monk,mistweaver,12,4,8
Verd,cthun,384,monk,mistweaver,12,4,8
Карманедаун,howling-fjord,384,monk,mistweaver,12,4,8
Suií,blackmoore,384,monk,mistweaver,12,4,8
Audaz,dun-modr,384,monk,mistweaver,12,4,8
Bruceli,darkmoon-faire,384,monk,mistweaver,12,4,8
Divljivepar,stormscale,384,monk,mistweaver,12,4,8
Escopetin,los-errantes,384,monk,mistweaver,12,4,8
Obeliskbrew,kazzak,384,monk,mistweaver,12,4,8
Nebelwandler,blackhand,384,monk,mistweaver,12,4,8
Jchi,ravencrest,384,monk,mistweaver,12,4,8
Pompeflûte,archimonde,384,monk,mistweaver,12,4,8
Pandamums,frostwhisper,384,monk,mistweaver,12,4,8
Eth,nagrand,384,monk,mistweaver,12,4,8
Eurocod,draenor,384,monk,mistweaver,12,4,8
Smøkÿý,eredar,384,monk,mistweaver,12,4,8
Mîyüki,dalaran,384,monk,mistweaver,18,4,14
Havery,sanguino,383,monk,mistweaver,6,4,2
Goldenquinn,sylvanas,383,monk,mistweaver,6,4,2
Supwithat,kazzak,383,monk,mistweaver,6,4,2
Tenaris,nefarian,383,monk,mistweaver,6,4,2
Aêsir,thrall,383,monk,mistweaver,12,4,8
Korrok,sanguino,383,monk,mistweaver,12,4,8
Ornithorynke,hyjal,383,monk,mistweaver,12,4,8
Eucalyptuz,draenor,383,monk,mistweaver,12,4,8
Doneithné,stormscale,383,monk,mistweaver,12,4,8
Gnomebrew,ravencrest,383,monk,mistweaver,12,4,8
Tarly,archimonde,383,monk,mistweaver,12,4,8
Zaalleh,draenor,382,monk,mistweaver,7,6,1
Jackiechann,kazzak,382,monk,mistweaver,6,4,2
Buggaa,dalaran,382,monk,mistweaver,7,4,3
Fkflying,defias-brotherhood,381,monk,mistweaver,12,4,8
Fairhand,emerald-dream,367,monk,mistweaver,11,4,7
Plií,frostwolf,362,monk,mistweaver,19,6,13
Qizz,antonidas,352,monk,mistweaver,10,5,5
Автотюн,gordunni,352,monk,mistweaver,16,4,12
Muuck,blackrock,351,monk,mistweaver,8,5,3
Iluvfistinjk,sylvanas,351,monk,mistweaver,9,5,4
Buckersxo,kazzak,330,monk,mistweaver,11,6,5
Chimý,tarren-mill,330,monk,mistweaver,15,5,10
Màlydôr,outland,288,monk,mistweaver,6,3,3
Kylâas,die-ewige-wacht,288,monk,mistweaver,6,3,3
Hilton,thrall,288,monk,mistweaver,6,3,3
Relentlessly,blackrock,288,monk,mistweaver,6,3,3
Píco,gorgonnash,288,monk,mistweaver,6,3,3
Louiemon,outland,288,monk,mistweaver,6,3,3
Tayruni,nazjatar,288,monk,mistweaver,6,3,3
Loempia,outland,288,monk,mistweaver,6,3,3
Шадофрейз,gordunni,288,monk,mistweaver,6,3,3
Shiìnx,hyjal,288,monk,mistweaver,6,3,3
Chaisun,blackrock,288,monk,mistweaver,6,3,3
Enfargo,ravencrest,288,monk,mistweaver,6,3,3
Culiacàn,blackmoore,288,monk,mistweaver,6,3,3
Shnohh,blackmoore,288,monk,mistweaver,6,3,3
Zyrosmonk,blackmoore,288,monk,mistweaver,6,3,3
Napari,tichondrius,288,monk,mistweaver,6,3,3
Uggs,hyjal,288,monk,mistweaver,6,3,3
Kaskinhas,archimonde,288,monk,mistweaver,6,3,3
Kjeyro,ravencrest,288,monk,mistweaver,6,3,3
Litenværen,tarren-mill,288,monk,mistweaver,6,3,3
Ipès,archimonde,288,monk,mistweaver,6,3,3
Kenaïï,archimonde,288,monk,mistweaver,6,3,3
Baisi,blackhand,288,monk,mistweaver,6,3,3
Wando,defias-brotherhood,288,monk,mistweaver,6,3,3
Fistwave,malganis,288,monk,mistweaver,6,3,3
Helacoon,archimonde,288,monk,mistweaver,6,3,3
Mecin,ragnaros,288,monk,mistweaver,6,3,3
Friidam,lightbringer,288,monk,mistweaver,6,3,3
Xarain,tyrande,288,monk,mistweaver,6,3,3
Jadeterror,argent-dawn,288,monk,mistweaver,6,3,3
Píxels,ravencrest,288,monk,mistweaver,6,3,3
Bútkus,argent-dawn,288,monk,mistweaver,6,3,3
Perikencito,dun-modr,288,monk,mistweaver,6,3,3
Linçhi,dun-modr,288,monk,mistweaver,6,3,3
Såsha,sanguino,288,monk,mistweaver,6,3,3
Shoskio,chamber-of-aspects,288,monk,mistweaver,6,3,3
Místerfister,ravencrest,288,monk,mistweaver,6,3,3
Yutahon,azjolnerub,288,monk,mistweaver,6,3,3
Ilsalumiere,nemesis,288,monk,mistweaver,6,3,3
Лютыйкулак,borean-tundra,288,monk,mistweaver,6,3,3
Муртузикх,blackscar,288,monk,mistweaver,6,3,3
Rípple,alakir,288,monk,mistweaver,6,3,3
Родо,blackscar,288,monk,mistweaver,6,3,3
Lassador,onyxia,288,monk,mistweaver,6,3,3
Рнбклаб,gordunni,288,monk,mistweaver,6,3,3
Leifjuster,stormscale,288,monk,mistweaver,6,3,3
Shouldbeokai,ravencrest,288,monk,mistweaver,6,3,3
Erì,malfurion,288,monk,mistweaver,6,3,3
Koba,frostwolf,288,monk,mistweaver,6,3,3
Napqi,malganis,288,monk,mistweaver,6,3,3
Metaphysic,tarren-mill,288,monk,mistweaver,6,3,3
Mistless,ragnaros,288,monk,mistweaver,6,3,3
Киликххл,deathguard,288,monk,mistweaver,6,3,3
Kakukkosora,ragnaros,288,monk,mistweaver,6,3,3
Elmun,draenor,288,monk,mistweaver,6,3,3
Brewsclues,twisting-nether,288,monk,mistweaver,6,3,3
Norbii,twisting-nether,288,monk,mistweaver,6,3,3
Trubushatal,ravencrest,288,monk,mistweaver,6,3,3
Shàolïn,dalaran,288,monk,mistweaver,6,3,3
Monkigobrr,draenor,288,monk,mistweaver,6,3,3
Lilmanfist,stormscale,288,monk,mistweaver,6,3,3
Лён,ashenvale,288,monk,mistweaver,6,3,3
Fluxqt,ravencrest,288,monk,mistweaver,6,3,3
Kocyme,die-aldor,288,monk,mistweaver,6,3,3
Коррелир,howling-fjord,288,monk,mistweaver,6,3,3
Mønkek,kazzak,288,monk,mistweaver,6,3,3
Akinhd,twisting-nether,288,monk,mistweaver,6,3,3
Irorii,silvermoon,288,monk,mistweaver,12,3,9
Xvll,kaelthas,288,monk,mistweaver,12,3,9
Deezspin,twisting-nether,288,monk,mistweaver,12,3,9
Älys,outland,288,monk,mistweaver,12,3,9
Farkasmw,arathor,288,monk,mistweaver,12,3,9
Albertã,doomhammer,288,monk,mistweaver,12,3,9
Sedk,kazzak,288,monk,mistweaver,12,3,9
Drunklee,aegwynn,288,monk,mistweaver,12,3,9
Justfistyoux,archimonde,288,monk,mistweaver,12,3,9
Monkiky,hyjal,288,monk,mistweaver,12,3,9
Leøni,malfurion,288,monk,mistweaver,12,3,9
Brewdooms,laughing-skull,288,monk,mistweaver,12,3,9
Danèè,defias-brotherhood,288,monk,mistweaver,12,3,9
Koreanbullet,archimonde,288,monk,mistweaver,12,3,9
Zalupina,silvermoon,288,monk,mistweaver,12,3,9
Incapfull,archimonde,288,monk,mistweaver,12,3,9
Lottelita,tarren-mill,288,monk,mistweaver,12,3,9
Nikosonkush,archimonde,288,monk,mistweaver,12,3,9
Mädravën,ragnaros,288,monk,mistweaver,12,3,9
Alilith,drakthul,288,monk,mistweaver,12,3,9
Koalazero,kazzak,288,monk,mistweaver,12,3,9
Olîvê,ravencrest,288,monk,mistweaver,12,3,9
Monkenya,kazzak,288,monk,mistweaver,12,3,9
Gaehitmonlee,ravencrest,288,monk,mistweaver,12,3,9
Upbringer,ragnaros,288,monk,mistweaver,18,3,15
Xilasa,blackrock,288,monk,mistweaver,18,3,15
Phínez,thunderhorn,288,monk,mistweaver,18,3,15
Velita,dun-modr,288,monk,mistweaver,18,3,15
Munkeguden,ravencrest,288,monk,mistweaver,22,3,19
Bo,malorne,287,monk,mistweaver,6,3,3
Torpedoorc,blackrock,287,monk,mistweaver,6,3,3
Playboicarti,frostwolf,287,monk,mistweaver,6,3,3
Мастерхилфу,ashenvale,287,monk,mistweaver,16,7,9
Hanumahn,kilrogg,287,monk,mistweaver,12,3,9
Edenbllow,twisting-nether,287,monk,mistweaver,12,3,9
Daybaobao,the-maelstrom,287,monk,mistweaver,18,3,15
Weedtastic,ravencrest,287,monk,mistweaver,24,3,21
Shorebreak,argent-dawn,286,monk,mistweaver,6,3,3
Spinosa,zirkel-des-cenarius,271,monk,mistweaver,12,3,9
Maharaj,terenas,255,monk,mistweaver,11,3,8
Lupîn,veklor,253,monk,mistweaver,10,3,7
Gujja,doomhammer,239,monk,mistweaver,5,3,2
Mð,blackmoore,239,monk,mistweaver,5,3,2
Tidox,burning-legion,239,monk,mistweaver,5,3,2
Moonloxe,silvermoon,239,monk,mistweaver,5,3,2
Monkelise,stormscale,234,monk,mistweaver,8,5,3
Nypö,hyjal,234,monk,mistweaver,10,4,6
Trueks,uldum,234,monk,mistweaver,10,4,6
Mouhous,hellscream,234,monk,mistweaver,13,4,9
Арнольдовна,blackscar,234,monk,mistweaver,17,4,13
Cerativ,kult-der-verdammten,234,monk,mistweaver,17,4,13
Colita,kazzak,233,monk,mistweaver,16,5,11
Злюкшо,howling-fjord,192,monk,mistweaver,10,4,6
Kamîî,sanguino,192,monk,mistweaver,10,4,6
Trippyv,ragnaros,192,monk,mistweaver,6,2,4
Moshka,blackhand,192,monk,mistweaver,6,2,4
Fullcocoon,stormscale,192,monk,mistweaver,6,2,4
Chegweaver,ravencrest,192,monk,mistweaver,6,2,4
Nashli,kazzak,192,monk,mistweaver,6,2,4
Denfeiteqken,ragnaros,192,monk,mistweaver,6,2,4
Spághettôni,eredar,192,monk,mistweaver,6,2,4
Altairan,ragnaros,192,monk,mistweaver,6,2,4
Mäismz,stormscale,192,monk,mistweaver,6,2,4
Auaaua,ravencrest,192,monk,mistweaver,6,2,4
Kujanpei,rajaxx,192,monk,mistweaver,6,2,4
Jtepm,ravencrest,192,monk,mistweaver,6,2,4
Fettucini,anubarak,192,monk,mistweaver,6,2,4
Dennismansix,sylvanas,192,monk,mistweaver,6,2,4
Халиосфа,gordunni,192,monk,mistweaver,6,2,4
Karatemooves,kazzak,192,monk,mistweaver,6,2,4
Liluzi,aszune,192,monk,mistweaver,6,2,4
Wilymonka,dalaran,192,monk,mistweaver,6,2,4
Torpedopetra,baelgun,192,monk,mistweaver,6,2,4
Ïnaho,hyjal,192,monk,mistweaver,6,2,4
Overcute,twisting-nether,192,monk,mistweaver,6,2,4
Shanokee,blackrock,192,monk,mistweaver,6,2,4
Jetsweep,kazzak,192,monk,mistweaver,6,2,4
Gabbah,blackrock,192,monk,mistweaver,6,2,4
Toxicvxpe,archimonde,192,monk,mistweaver,6,2,4
Faustíne,blackmoore,192,monk,mistweaver,6,2,4
Fistii,burning-legion,192,monk,mistweaver,6,2,4
Брусуко,howling-fjord,192,monk,mistweaver,6,2,4
Люсилью,howling-fjord,192,monk,mistweaver,6,2,4
Wizzad,blackmoore,192,monk,mistweaver,6,2,4
Brewzin,frostwhisper,192,monk,mistweaver,6,2,4
Rokou,blackmoore,192,monk,mistweaver,6,2,4
Votegus,outland,192,monk,mistweaver,6,2,4
Bartûs,blackmoore,192,monk,mistweaver,6,2,4
Mystize,shattered-hand,192,monk,mistweaver,6,2,4
Монахий,gordunni,192,monk,mistweaver,6,2,4
Laagun,blackmoore,192,monk,mistweaver,6,2,4
Acbcz,draenor,192,monk,mistweaver,6,2,4
Khrajsyy,kazzak,192,monk,mistweaver,6,2,4
Kolsyran,draenor,192,monk,mistweaver,6,2,4
Merlyñ,blackmoore,192,monk,mistweaver,6,2,4
Jolifine,alleria,192,monk,mistweaver,6,2,4
Morty,balnazzar,192,monk,mistweaver,6,2,4
Dalaipyjama,quelthalas,192,monk,mistweaver,6,2,4
Watermelon,laughing-skull,192,monk,mistweaver,6,2,4
Wallmonker,blackrock,192,monk,mistweaver,6,2,4
Wifeeagro,doomhammer,192,monk,mistweaver,6,2,4
Ahaa,kazzak,192,monk,mistweaver,6,2,4
Shaokz,sylvanas,192,monk,mistweaver,6,2,4
Laesh,archimonde,192,monk,mistweaver,6,2,4
Aliozman,azshara,192,monk,mistweaver,6,2,4
Fistyxoxo,blackrock,192,monk,mistweaver,6,2,4
Axan,drekthar,192,monk,mistweaver,6,2,4
Armanimads,kazzak,192,monk,mistweaver,6,2,4
Brüshïë,kazzak,192,monk,mistweaver,6,2,4
Izzana,onyxia,192,monk,mistweaver,6,2,4
Shinyin,outland,192,monk,mistweaver,6,2,4
Shynlee,frostwhisper,192,monk,mistweaver,6,2,4
Scorpìon,blackrock,192,monk,mistweaver,6,2,4
Baiyana,hyjal,192,monk,mistweaver,6,2,4
Bankmw,nordrassil,192,monk,mistweaver,6,2,4
Sînge,archimonde,192,monk,mistweaver,6,2,4
Flyingraven,magtheridon,192,monk,mistweaver,6,2,4
Mutai,tarren-mill,192,monk,mistweaver,6,2,4
Jadefain,argent-dawn,192,monk,mistweaver,6,2,4
Brogenhagen,silvermoon,192,monk,mistweaver,6,2,4
Fisterxd,blackrock,192,monk,mistweaver,6,2,4
Denau,aegwynn,192,monk,mistweaver,6,2,4
Domingovivas,dun-modr,192,monk,mistweaver,6,2,4
Леронтас,gordunni,192,monk,mistweaver,6,2,4
Starwalkin,silvermoon,192,monk,mistweaver,6,2,4
Nezrusltwo,dun-modr,192,monk,mistweaver,6,2,4
Espectrå,dun-modr,192,monk,mistweaver,6,2,4
Зараз,gordunni,192,monk,mistweaver,6,2,4
Шиншири,gordunni,192,monk,mistweaver,6,2,4
Xùen,blackrock,192,monk,mistweaver,6,2,4
Karun,ravencrest,192,monk,mistweaver,7,2,5
Thomasruin,the-venture-co,192,monk,mistweaver,7,2,5
Beriberi,tichondrius,192,monk,mistweaver,7,2,5
Ascrem,ragnaros,192,monk,mistweaver,12,2,10
Anifurry,tarren-mill,192,monk,mistweaver,12,2,10
Bierdame,blackhand,192,monk,mistweaver,12,2,10
Chîca,ysondre,192,monk,mistweaver,12,2,10
Brixelol,kazzak,192,monk,mistweaver,12,2,10
Johnsôn,blackmoore,192,monk,mistweaver,12,2,10
Jacksbäro,zirkel-des-cenarius,192,monk,mistweaver,12,2,10
Dòrâ,archimonde,192,monk,mistweaver,12,2,10
Sillbis,bronzebeard,192,monk,mistweaver,12,2,10
Clonaz,silvermoon,192,monk,mistweaver,12,2,10
Doabarrelrol,blackmoore,192,monk,mistweaver,12,2,10
Alexandrovic,hyjal,192,monk,mistweaver,12,2,10
Kinoshíta,draenor,192,monk,mistweaver,12,2,10
Monkolben,blackmoore,192,monk,mistweaver,12,2,10
Djkaratemunk,tarren-mill,192,monk,mistweaver,18,2,16
Hisagi,khaz-modan,191,monk,mistweaver,6,2,4
Sargnorak,dalaran,191,monk,mistweaver,6,2,4
Uluwatu,sanguino,160,monk,mistweaver,10,2,8
Øsys,dun-modr,159,monk,mistweaver,5,2,3
Fisttweaver,twisting-nether,159,monk,mistweaver,8,3,5
Chinochuke,dun-modr,144,monk,mistweaver,3,3,0
Mankzie,argent-dawn,138,monk,mistweaver,9,3,6
Ostarikyttä,stormscale,138,monk,mistweaver,10,3,7
Kunleu,draenor,137,monk,mistweaver,10,4,6
Спартаннка,gordunni,137,monk,mistweaver,8,3,5
Athëlyn,hyjal,137,monk,mistweaver,11,3,8
Wraq,tarren-mill,128,monk,mistweaver,4,2,2
Mossadjr,blackmoore,106,monk,mistweaver,9,4,5
Ushuriel,ragnaros,96,monk,mistweaver,3,2,1
Rullandezutt,kazzak,96,monk,mistweaver,6,1,5
Rostick,drakthul,96,monk,mistweaver,6,1,5
Fantazero,ravencrest,96,monk,mistweaver,6,1,5
Brandy,kazzak,96,monk,mistweaver,6,1,5
Missblack,zuljin,96,monk,mistweaver,6,1,5
Monkgoatx,aegwynn,96,monk,mistweaver,6,1,5
Itxelita,zuljin,96,monk,mistweaver,6,1,5
Ceffoine,chogall,96,monk,mistweaver,6,1,5
Cbamonk,tarren-mill,96,monk,mistweaver,6,1,5
Aequïtas,nemesis,96,monk,mistweaver,6,1,5
Starplatinüm,dun-modr,96,monk,mistweaver,6,1,5
Bruslie,cthun,96,monk,mistweaver,6,1,5
Fapmaster,aegwynn,96,monk,mistweaver,6,1,5
Monkinator,stormreaver,96,monk,mistweaver,6,1,5
Katmunk,silvermoon,96,monk,mistweaver,6,1,5
Yonahä,kazzak,96,monk,mistweaver,6,1,5
Butrinto,hellfire,96,monk,mistweaver,6,1,5
Jessiemonk,blackhand,96,monk,mistweaver,6,1,5
Lìlíy,taerar,96,monk,mistweaver,6,1,5
Mezz,ahnqiraj,96,monk,mistweaver,6,1,5
Skadchi,blackhand,96,monk,mistweaver,6,1,5
Yeanwoo,burning-legion,96,monk,mistweaver,6,1,5
Кукуныч,deathguard,96,monk,mistweaver,6,1,5
Рискасм,soulflayer,96,monk,mistweaver,6,1,5
Worldfamous,stormscale,96,monk,mistweaver,6,1,5
Crymôreplz,blackmoore,96,monk,mistweaver,6,1,5
Ytjin,draenor,96,monk,mistweaver,6,1,5
Toté,kazzak,96,monk,mistweaver,6,1,5
Sooyung,kazzak,96,monk,mistweaver,6,1,5
Kamui,naxxramas,96,monk,mistweaver,6,1,5
Эйнея,soulflayer,96,monk,mistweaver,6,1,5
Havefunguys,alakir,96,monk,mistweaver,6,1,5
Bumbiere,outland,96,monk,mistweaver,6,1,5
Fisten,xavius,96,monk,mistweaver,6,1,5
Smlpp,kazzak,96,monk,mistweaver,6,1,5
Gargalondeze,twisting-nether,96,monk,mistweaver,6,1,5
Àómìñêdâìkí,lightnings-blade,96,monk,mistweaver,6,1,5
Botsmw,kazzak,96,monk,mistweaver,6,1,5
Legpunch,the-maelstrom,96,monk,mistweaver,6,1,5
Cai,blackrock,96,monk,mistweaver,6,1,5
Jvousnike,chants-éternels,96,monk,mistweaver,6,1,5
Duvelmonk,dragonblight,96,monk,mistweaver,6,1,5
Flekweaver,tarren-mill,96,monk,mistweaver,6,1,5
Claptone,blackrock,96,monk,mistweaver,6,1,5
Aang,blackrock,96,monk,mistweaver,6,1,5
Pream,blackrock,96,monk,mistweaver,6,1,5
Prezze,outland,96,monk,mistweaver,6,1,5
Brewbunnyqt,thrall,96,monk,mistweaver,6,1,5
Capos,wrathbringer,96,monk,mistweaver,11,1,10
Hotfist,outland,96,monk,mistweaver,12,1,11
Alexì,taerar,96,monk,mistweaver,12,1,11
Tmhamm,ravencrest,96,monk,mistweaver,12,1,11
Dmndog,antonidas,96,monk,mistweaver,12,1,11
Sigournémist,silvermoon,96,monk,mistweaver,12,1,11
Marrów,chamber-of-aspects,96,monk,mistweaver,14,1,13
Eijin,arathor,95,monk,mistweaver,12,1,11
Trlmøna,gorgonnash,90,monk,mistweaver,11,4,7
Barendhoff,sylvanas,64,monk,mistweaver,4,1,3
Бязь,gordunni,63,monk,mistweaver,2,2,0
Fae,kirin-tor,63,monk,mistweaver,14,2,12
Johnnybgood,tarren-mill,42,monk,mistweaver,10,3,7
Drosky,archimonde,42,monk,mistweaver,7,2,5
Axilane,outland,42,monk,mistweaver,7,2,5
Teemouz,hyjal,42,monk,mistweaver,9,2,7
Флокэ,soulflayer,42,monk,mistweaver,9,2,7
Permagone,argent-dawn,42,monk,mistweaver,10,2,8
Tonh,stormscale,42,monk,mistweaver,11,2,9
Monkeykung,defias-brotherhood,40,monk,mistweaver,16,3,13
Nrb,outland,31,monk,mistweaver,2,1,1
Nïkaa,dun-modr,18,monk,mistweaver,21,10,11
Jademyst,outland,1263,monk,brewmaster,40,14,26
Sinpho,ahnqiraj,1192,monk,brewmaster,48,19,29
Winchun,ravencrest,820,monk,brewmaster,32,14,18
Padawang,twisting-nether,767,monk,brewmaster,24,8,16
Комбатпро,borean-tundra,707,monk,brewmaster,132,59,73
Shirôhige,zirkel-des-cenarius,480,monk,brewmaster,12,5,7
Johnnykegs,draenor,288,monk,brewmaster,6,3,3
Tauroné,draenor,288,monk,brewmaster,12,3,9
Zerendir,magtheridon,192,monk,brewmaster,6,2,4
Fullzi,dalaran,192,monk,brewmaster,6,2,4
Shurak,uldaman,192,monk,brewmaster,6,2,4
Tayoo,aegwynn,192,monk,brewmaster,6,2,4
Youkaii,alexstrasza,192,monk,brewmaster,12,2,10
Lubeï,kirin-tor,96,monk,brewmaster,6,1,5
Simbabsu,thrall,96,monk,brewmaster,6,1,5
Winarchek,tarren-mill,96,monk,brewmaster,6,1,5
Badcøwboy,archimonde,96,monk,brewmaster,6,1,5
Tylee,tarren-mill,96,monk,brewmaster,6,1,5
Mezz,ahnqiraj,96,monk,brewmaster,6,1,5
Yeanwoo,burning-legion,96,monk,brewmaster,6,1,5
Lòthbar,confrérie-du-thorium,63,monk,brewmaster,2,2,0
Rmtexter,ravencrest,2404,monk,windwalker,167,94,73
Lîlilîlîlîlí,stormscale,2388,monk,windwalker,84,53,31
Sîxmonths,stormscale,2347,monk,windwalker,90,60,30
Queteapie,stormscale,2337,monk,windwalker,106,63,43
Fistyw,stormscale,2313,monk,windwalker,104,60,44
Ewynamonk,silvermoon,2310,monk,windwalker,150,81,69
Edenmonk,dun-morogh,2273,monk,windwalker,90,50,40
Faxax,draenor,2265,monk,windwalker,162,85,77
Ilovehim,antonidas,2237,monk,windwalker,102,58,44
Tianzu,twisting-nether,2230,monk,windwalker,234,127,107
Locotommy,blackrock,2223,monk,windwalker,89,49,40
Balia,blackrock,2196,monk,windwalker,181,97,84
Щищ,gordunni,2188,monk,windwalker,216,123,93
Keeferslover,dun-morogh,2187,monk,windwalker,66,39,27
Brñ,twisting-nether,2186,monk,windwalker,84,44,40
Hitsuwalker,archimonde,2180,monk,windwalker,252,138,114
Monkmeta,frostwolf,2171,monk,windwalker,114,70,44
Teressah,argent-dawn,2169,monk,windwalker,84,48,36
Senretsu,shattered-halls,2165,monk,windwalker,120,62,58
Fistenjoyer,outland,2159,monk,windwalker,155,84,71
Stÿvww,archimonde,2152,monk,windwalker,85,48,37
Lilcatlife,tyrande,2152,monk,windwalker,72,38,34
Daosh,nemesis,2151,monk,windwalker,103,53,50
Plaww,dalaran,2148,monk,windwalker,138,83,55
Snusochnocco,the-maelstrom,2136,monk,windwalker,126,64,62
Edenwalker,dun-morogh,2129,monk,windwalker,108,52,56
Tabetai,tarren-mill,2125,monk,windwalker,90,46,44
Redundänt,kazzak,2122,monk,windwalker,84,46,38
Unpruneable,stormscale,2105,monk,windwalker,249,124,125
Shrimpcawk,alonsus,2100,monk,windwalker,271,152,119
Dêsmî,ravencrest,2098,monk,windwalker,58,36,22
Deretrox,twisting-nether,2097,monk,windwalker,101,54,47
Muix,draenor,2091,monk,windwalker,60,34,26
Leppix,outland,2090,monk,windwalker,137,66,71
Váinz,ravencrest,2084,monk,windwalker,102,50,52
Elinalia,burning-legion,2067,monk,windwalker,150,75,75
Rivaz,archimonde,2061,monk,windwalker,108,55,53
Niamix,archimonde,2061,monk,windwalker,419,211,208
Theoww,dragonblight,2047,monk,windwalker,155,76,79
Аррани,thermaplugg,2045,monk,windwalker,82,46,36
Минимонахх,blackscar,2040,monk,windwalker,123,60,63
Цеска,howling-fjord,2032,monk,windwalker,113,59,54
Hefners,grim-batol,2028,monk,windwalker,71,36,35
Dänÿww,elune,2020,monk,windwalker,92,50,42
Дезмимонк,ashenvale,2020,monk,windwalker,61,33,28
Мистмастер,soulflayer,2014,monk,windwalker,54,32,22
Имортарион,howling-fjord,2009,monk,windwalker,193,98,95
Nicesky,ravencrest,2008,monk,windwalker,156,81,75
Spectré,outland,2007,monk,windwalker,101,46,55
Juujika,ravencrest,2006,monk,windwalker,65,35,30
Venuki,blackrock,2005,monk,windwalker,108,65,43
Ilovealicia,ragnaros,2005,monk,windwalker,89,47,42
Däemon,twisting-nether,2003,monk,windwalker,108,57,51
Нелегитимный,howling-fjord,2001,monk,windwalker,444,225,219
Stepsyzz,stormscale,2001,monk,windwalker,166,79,87
Melyda,ravencrest,2000,monk,windwalker,317,167,150
Rivazsunkick,archimonde,2000,monk,windwalker,280,135,145
Gyto,archimonde,1998,monk,windwalker,71,39,32
Rismonk,twisting-nether,1995,monk,windwalker,155,80,75
Vyneth,draenor,1995,monk,windwalker,83,42,41
Hôllowx,archimonde,1981,monk,windwalker,63,38,25
Erazhen,blackrock,1977,monk,windwalker,60,31,29
Eth,nagrand,1975,monk,windwalker,84,42,42
Санварион,eversong,1971,monk,windwalker,126,66,60
Ninadobrév,stormscale,1970,monk,windwalker,198,113,85
Bulluh,blackmoore,1964,monk,windwalker,59,31,28
Troopmonk,ravencrest,1960,monk,windwalker,235,118,117
Pichouhuahua,elune,1959,monk,windwalker,216,105,111
Pandamoniun,aggra-português,1957,monk,windwalker,236,119,117
Vixia,outland,1956,monk,windwalker,35,21,14
Wonkeed,hyjal,1956,monk,windwalker,185,97,88
Onlypressw,tarren-mill,1950,monk,windwalker,48,22,26
Fabrina,blackrock,1949,monk,windwalker,114,58,56
Ревенджж,howling-fjord,1946,monk,windwalker,226,115,111
Bwayn,blackhand,1944,monk,windwalker,314,157,157
Ladderfiend,stormscale,1936,monk,windwalker,197,91,106
Милыйколян,soulflayer,1935,monk,windwalker,72,35,37
Wolmachégodx,archimonde,1933,monk,windwalker,54,30,24
Gorèdusthoof,blackhand,1928,monk,windwalker,132,66,66
Enerchi,ravencrest,1926,monk,windwalker,96,51,45
Diagmonk,arathi,1923,monk,windwalker,125,65,60
Jájsemshadow,drakthul,1922,monk,windwalker,72,37,35
Orkamonka,burning-legion,1921,monk,windwalker,66,35,31
Gararasu,eredar,1921,monk,windwalker,53,28,25
Mikedcrybaby,tarren-mill,1916,monk,windwalker,183,99,84
Arlohan,argent-dawn,1911,monk,windwalker,36,24,12
Sobadzlolz,alexstrasza,1911,monk,windwalker,184,104,80
Ellipirelli,doomhammer,1910,monk,windwalker,150,71,79
Jonnyboxer,ravencrest,1907,monk,windwalker,90,45,45
Kåýðø,archimonde,1906,monk,windwalker,74,42,32
Riskcapcap,dentarg,1905,monk,windwalker,72,37,35
Hôllowx,throkferoth,1905,monk,windwalker,60,29,31
Devilmønk,thrall,1903,monk,windwalker,156,81,75
Fln,blackrock,1902,monk,windwalker,82,45,37
Shpunk,ravencrest,1900,monk,windwalker,214,106,108
Wheelchairqt,stormscale,1899,monk,windwalker,36,24,12
Pitball,ravencrest,1898,monk,windwalker,72,36,36
Bogey,ragnaros,1898,monk,windwalker,44,21,23
Ванфист,gordunni,1897,monk,windwalker,202,113,89
Ksâin,ravencrest,1896,monk,windwalker,66,34,32
Oberháupt,blackrock,1893,monk,windwalker,84,46,38
Сугробикк,soulflayer,1893,monk,windwalker,172,79,93
Ratslayerz,dun-modr,1892,monk,windwalker,102,56,46
Xinxanxonxin,zuljin,1891,monk,windwalker,101,49,52
Deuxmonk,outland,1890,monk,windwalker,78,33,45
Копытька,gordunni,1889,monk,windwalker,63,35,28
Fistinguhuhu,outland,1888,monk,windwalker,218,101,117
Mosch,blackrock,1884,monk,windwalker,82,44,38
Zukatan,tarren-mill,1884,monk,windwalker,169,84,85
Sørann,drekthar,1883,monk,windwalker,106,56,50
Rorkito,sanguino,1881,monk,windwalker,98,52,46
Муррчалкин,howling-fjord,1880,monk,windwalker,48,28,20
Saltotriks,tarren-mill,1880,monk,windwalker,68,34,34
Dévíllíá,ragnaros,1878,monk,windwalker,66,30,36
Fapmaster,aegwynn,1877,monk,windwalker,60,31,29
Джэкичача,soulflayer,1877,monk,windwalker,98,48,50
Hàtéppl,ravencrest,1877,monk,windwalker,54,26,28
Vexíllum,sylvanas,1876,monk,windwalker,96,51,45
Dianly,ravencrest,1875,monk,windwalker,134,62,72
Инрэйджинкап,soulflayer,1874,monk,windwalker,246,121,125
Pelou,culte-de-la-rive-noire,1873,monk,windwalker,133,77,56
Omnibar,kazzak,1872,monk,windwalker,48,28,20
Ztl,twisting-nether,1871,monk,windwalker,191,104,87
Mäismz,stormscale,1869,monk,windwalker,30,20,10
Тихийпук,deathguard,1869,monk,windwalker,176,99,77
Beernie,tarren-mill,1867,monk,windwalker,72,44,28
Ellevance,draenor,1865,monk,windwalker,77,43,34
Эльморо,goldrinn,1865,monk,windwalker,54,30,24
Krothus,tarren-mill,1864,monk,windwalker,151,87,64
Vandamme,archimonde,1864,monk,windwalker,68,36,32
Ãmaterasû,kazzak,1864,monk,windwalker,61,30,31
Peaceweaver,ravencrest,1863,monk,windwalker,124,69,55
Doktormonk,blackrock,1863,monk,windwalker,232,128,104
Brüshïë,kazzak,1863,monk,windwalker,65,33,32
Форгетх,soulflayer,1862,monk,windwalker,60,31,29
Soulja,bloodfeather,1862,monk,windwalker,529,267,262
Häshbulla,ragnaros,1860,monk,windwalker,57,31,26
Helloimfrank,tarren-mill,1857,monk,windwalker,54,28,26
Shaolinthug,stormscale,1857,monk,windwalker,83,36,47
Yipmaan,kazzak,1856,monk,windwalker,85,52,33
Диванн,howling-fjord,1855,monk,windwalker,59,30,29
Adrianchase,ravencrest,1854,monk,windwalker,60,35,25
Coollann,drakthul,1852,monk,windwalker,66,34,32
Owalker,ravencrest,1851,monk,windwalker,54,34,20
Kitcheneer,twisting-nether,1851,monk,windwalker,69,40,29
Bobblasfists,tarren-mill,1851,monk,windwalker,61,30,31
Kokushibo,cthun,1850,monk,windwalker,54,28,26
Яагрессивный,howling-fjord,1850,monk,windwalker,74,36,38
Lullerull,silvermoon,1849,monk,windwalker,69,39,30
Ackken,twisting-nether,1849,monk,windwalker,99,52,47
Fotmwalker,ragnaros,1849,monk,windwalker,459,231,228
Gresmar,defias-brotherhood,1848,monk,windwalker,254,132,122
Rayneo,argent-dawn,1848,monk,windwalker,66,34,32
Hurricrane,kazzak,1846,monk,windwalker,250,123,127
Trendyroxy,blackrock,1846,monk,windwalker,133,64,69
Bossdog,mugthol,1844,monk,windwalker,57,33,24
Carbozø,archimonde,1844,monk,windwalker,143,82,61
Boostarevine,stormscale,1842,monk,windwalker,59,38,21
Gorguts,stormscale,1842,monk,windwalker,72,39,33
Sororicide,stormscale,1841,monk,windwalker,257,130,127
Mónkâs,tarren-mill,1840,monk,windwalker,78,36,42
Hitsuww,archimonde,1839,monk,windwalker,42,27,15
Uwuhehe,ravencrest,1839,monk,windwalker,76,43,33
Шейдла,soulflayer,1836,monk,windwalker,142,79,63
Santanax,ravencrest,1834,monk,windwalker,42,27,15
Zéroneufsix,silvermoon,1834,monk,windwalker,68,31,37
Kungfuhkyou,tarren-mill,1833,monk,windwalker,36,23,13
Linuxx,ravencrest,1832,monk,windwalker,90,45,45
Chucknorrîs,doomhammer,1831,monk,windwalker,79,47,32
Këftêmé,kazzak,1831,monk,windwalker,66,39,27
Toyless,ravencrest,1831,monk,windwalker,54,27,27
Freehelper,stormscale,1831,monk,windwalker,66,28,38
Iløvealicia,ravencrest,1830,monk,windwalker,58,28,30
Маруты,soulflayer,1829,monk,windwalker,94,37,57
Sàitama,hyjal,1827,monk,windwalker,58,29,29
Iceym,stormscale,1825,monk,windwalker,81,41,40
Monkini,kazzak,1823,monk,windwalker,54,27,27
Seyley,tarren-mill,1822,monk,windwalker,90,55,35
Tinjihn,magtheridon,1822,monk,windwalker,204,100,104
Чеченборцуха,howling-fjord,1821,monk,windwalker,48,30,18
Blïss,kazzak,1820,monk,windwalker,84,47,37
Domiqx,blackhand,1820,monk,windwalker,66,33,33
Idiot,outland,1819,monk,windwalker,112,62,50
Domww,outland,1819,monk,windwalker,174,90,84
Вагонюлеера,howling-fjord,1819,monk,windwalker,46,22,24
Denjasftw,culte-de-la-rive-noire,1818,monk,windwalker,42,27,15
Megatazz,hyjal,1818,monk,windwalker,105,60,45
Bläckijackï,hyjal,1818,monk,windwalker,50,28,22
Sayozz,hyjal,1818,monk,windwalker,532,267,265
Атммо,soulflayer,1817,monk,windwalker,60,32,28
Jinpachi,ravencrest,1817,monk,windwalker,60,28,32
Saadx,ravencrest,1816,monk,windwalker,205,111,94
Sultanofrizz,draenor,1815,monk,windwalker,48,26,22
Monkees,twisting-nether,1815,monk,windwalker,65,33,32
Fistu,silvermoon,1814,monk,windwalker,61,38,23
Sinted,blackmoore,1813,monk,windwalker,61,30,31
Rêshi,draenor,1812,monk,windwalker,282,154,128
Rerowine,magtheridon,1811,monk,windwalker,162,80,82
Mollytov,tarren-mill,1810,monk,windwalker,77,33,44
Dwdw,aerie-peak,1809,monk,windwalker,71,36,35
Moistpocket,stormscale,1809,monk,windwalker,66,29,37
Рэйвх,howling-fjord,1808,monk,windwalker,36,19,17
Sushiroll,stormrage,1808,monk,windwalker,111,55,56
Arachmk,drakthul,1808,monk,windwalker,102,48,54
Arsonists,argent-dawn,1807,monk,windwalker,52,28,24
Venrea,archimonde,1807,monk,windwalker,81,41,40
Baltimore,stormscale,1806,monk,windwalker,36,25,11
Mebrin,ragnaros,1805,monk,windwalker,71,37,34
Åbyssgòd,kazzak,1805,monk,windwalker,60,24,36
Salvaje,stormscale,1804,monk,windwalker,259,141,118
Möîne,arathi,1804,monk,windwalker,90,47,43
Unangebracht,silvermoon,1803,monk,windwalker,227,121,106
Pandafuki,ravencrest,1803,monk,windwalker,62,33,29
Драконзмей,soulflayer,1802,monk,windwalker,142,72,70
Notmelo,dun-modr,1801,monk,windwalker,48,25,23
Windwanker,eredar,1800,monk,windwalker,36,22,14
Flunkefar,defias-brotherhood,1800,monk,windwalker,120,55,65
Калестонз,howling-fjord,1797,monk,windwalker,60,33,27
Yacum,blackrock,1795,monk,windwalker,77,35,42
Akuuji,silvermoon,1793,monk,windwalker,60,32,28
Karmaisabich,ragnaros,1792,monk,windwalker,30,19,11
Mystx,stormrage,1792,monk,windwalker,112,62,50
Жъёь,howling-fjord,1792,monk,windwalker,77,39,38
Yukfou,tarren-mill,1792,monk,windwalker,59,28,31
Korié,ravencrest,1790,monk,windwalker,91,50,41
Stealthsøul,outland,1789,monk,windwalker,30,21,9
Pàrádìsé,ravencrest,1787,monk,windwalker,119,60,59
Skailzkrt,hyjal,1786,monk,windwalker,51,23,28
Projectasura,draenor,1785,monk,windwalker,257,130,127
Pêterpump,blackrock,1784,monk,windwalker,192,100,92
Madelnheaven,burning-legion,1784,monk,windwalker,97,50,47
Shînøbi,dalaran,1784,monk,windwalker,205,98,107
Mcflaïe,ysondre,1783,monk,windwalker,54,29,25
Ravelbaby,blackrock,1783,monk,windwalker,61,31,30
Циорех,gordunni,1781,monk,windwalker,99,59,40
Heran,ravencrest,1781,monk,windwalker,205,98,107
Эвэйжион,gordunni,1780,monk,windwalker,102,62,40
Тэсти,blackscar,1779,monk,windwalker,75,38,37
Ampm,ravencrest,1779,monk,windwalker,56,27,29
Heyami,ravencrest,1777,monk,windwalker,66,31,35
Mynokxu,blackmoore,1775,monk,windwalker,98,56,42
Anteric,sylvanas,1773,monk,windwalker,42,27,15
Niyka,silvermoon,1772,monk,windwalker,114,60,54
Тхэгык,soulflayer,1770,monk,windwalker,54,22,32
Sponkas,tarren-mill,1768,monk,windwalker,42,20,22
Lørðbrøñkø,blackrock,1766,monk,windwalker,112,64,48
Klumpenx,draenor,1766,monk,windwalker,86,44,42
Ароба,blackscar,1766,monk,windwalker,90,42,48
Twinny,drakthul,1765,monk,windwalker,96,54,42
Broner,dunemaul,1764,monk,windwalker,64,30,34
Kaijam,argent-dawn,1764,monk,windwalker,96,41,55
Kjeyro,ravencrest,1762,monk,windwalker,35,20,15
Donvishas,aegwynn,1761,monk,windwalker,131,69,62
Iminzww,ravencrest,1759,monk,windwalker,96,46,50
Moultsou,hyjal,1758,monk,windwalker,66,33,33
Zandoy,draenor,1756,monk,windwalker,82,46,36
Yassøux,archimonde,1756,monk,windwalker,329,162,167
Senguro,frostwolf,1755,monk,windwalker,48,29,19
Дуэльныйчел,howling-fjord,1755,monk,windwalker,193,97,96
Rismonk,frostmane,1754,monk,windwalker,108,48,60
Ugabugash,silvermoon,1751,monk,windwalker,66,37,29
Lonechi,sylvanas,1743,monk,windwalker,65,34,31
Фодз,soulflayer,1743,monk,windwalker,81,33,48
Desmî,ravencrest,1741,monk,windwalker,42,19,23
Aslêyia,antonidas,1739,monk,windwalker,55,28,27
Мандаирины,gordunni,1737,monk,windwalker,83,46,37
Yungdrippy,eredar,1736,monk,windwalker,82,42,40
Healbotzweik,frostwolf,1735,monk,windwalker,90,39,51
Shoenk,blackhand,1732,monk,windwalker,48,26,22
Saodiseng,outland,1730,monk,windwalker,125,68,57
Shagzy,ravencrest,1727,monk,windwalker,41,25,16
Stillwater,thrall,1726,monk,windwalker,289,146,143
Такиера,gordunni,1726,monk,windwalker,66,31,35
Виндволкерша,gordunni,1725,monk,windwalker,54,31,23
Agren,argent-dawn,1725,monk,windwalker,41,19,22
Pawsgodx,ragnaros,1724,monk,windwalker,66,36,30
Monkenio,stormscale,1723,monk,windwalker,54,28,26
Shaokïng,exodar,1721,monk,windwalker,150,79,71
Waaks,archimonde,1720,monk,windwalker,114,63,51
Roidcarry,blackrock,1720,monk,windwalker,83,45,38
Fistyfast,hyjal,1719,monk,windwalker,30,18,12
Reõ,argent-dawn,1719,monk,windwalker,135,74,61
Varis,stormreaver,1718,monk,windwalker,39,19,20
Трэйци,blackscar,1716,monk,windwalker,39,23,16
Nightingalê,silvermoon,1715,monk,windwalker,78,40,38
Narstie,kazzak,1714,monk,windwalker,71,36,35
Deathmøøn,tyrande,1714,monk,windwalker,54,24,30
Виноипиво,soulflayer,1713,monk,windwalker,60,30,30
Ютуми,soulflayer,1712,monk,windwalker,48,24,24
Jjslag,stormscale,1712,monk,windwalker,102,48,54
Димакарма,howling-fjord,1712,monk,windwalker,101,45,56
Béarly,outland,1710,monk,windwalker,36,18,18
Gonkun,outland,1709,monk,windwalker,145,75,70
Мионелолл,goldrinn,1708,monk,windwalker,106,60,46
Akhlÿs,ysondre,1707,monk,windwalker,36,21,15
Dansaam,tarren-mill,1706,monk,windwalker,24,18,6
Лагвай,gordunni,1705,monk,windwalker,42,21,21
Лазанья,grom,1705,monk,windwalker,128,60,68
Wørldwâlker,kazzak,1704,monk,windwalker,36,25,11
Рокебайбейби,howling-fjord,1704,monk,windwalker,270,140,130
Wwisalright,burning-legion,1703,monk,windwalker,68,40,28
Reelaxyyz,outland,1703,monk,windwalker,84,42,42
Pili,aegwynn,1702,monk,windwalker,42,25,17
Ñø,twisting-nether,1702,monk,windwalker,42,18,24
Bugrika,tarren-mill,1700,monk,windwalker,48,24,24
Chiscake,blackrock,1699,monk,windwalker,40,22,18
Sugura,dethecus,1699,monk,windwalker,108,59,49
Tommypistol,runetotem,1698,monk,windwalker,226,109,117
Bunnyfighter,nemesis,1698,monk,windwalker,94,42,52
Zéroneufsizz,silvermoon,1697,monk,windwalker,42,21,21
Sesi,drakthul,1697,monk,windwalker,82,36,46
Shoura,blackmoore,1696,monk,windwalker,84,38,46
Capedbaldy,blackhand,1694,monk,windwalker,35,21,14
Fistingbull,grim-batol,1694,monk,windwalker,126,67,59
Testmonial,hyjal,1694,monk,windwalker,54,21,33
Catchmee,agamaggan,1693,monk,windwalker,36,21,15
Меняубило,howling-fjord,1693,monk,windwalker,142,70,72
Potsymist,twisting-nether,1692,monk,windwalker,49,26,23
Chigre,hyjal,1691,monk,windwalker,88,47,41
Cander,stormscale,1691,monk,windwalker,36,18,18
Ashânti,eredar,1691,monk,windwalker,62,30,32
Хекмуги,borean-tundra,1689,monk,windwalker,174,91,83
Cranekickbot,ravencrest,1689,monk,windwalker,83,36,47
Gujja,doomhammer,1689,monk,windwalker,68,28,40
Шотгар,howling-fjord,1688,monk,windwalker,54,25,29
Ijji,argent-dawn,1687,monk,windwalker,72,31,41
Fistofrage,ravencrest,1686,monk,windwalker,63,36,27
Lesauceboss,kazzak,1685,monk,windwalker,48,25,23
Osalot,ravencrest,1685,monk,windwalker,92,46,46
Whoszeus,archimonde,1684,monk,windwalker,57,32,25
Greenshortea,aegwynn,1684,monk,windwalker,36,18,18
Jafandmeja,tarren-mill,1683,monk,windwalker,106,65,41
Khrylx,twisting-nether,1681,monk,windwalker,40,25,15
Mezz,ahnqiraj,1681,monk,windwalker,48,24,24
Tisaki,blackhand,1680,monk,windwalker,41,25,16
Denji,kargath,1680,monk,windwalker,42,22,20
Гладастар,soulflayer,1680,monk,windwalker,180,91,89
Hilzaxsub,archimonde,1679,monk,windwalker,47,29,18
Yobo,archimonde,1679,monk,windwalker,89,44,45
Pazü,ysondre,1679,monk,windwalker,119,57,62
Xiâomèi,dun-modr,1679,monk,windwalker,168,79,89
Inkegomonk,draenor,1678,monk,windwalker,108,50,58
Xullon,dragonblight,1677,monk,windwalker,160,82,78
Cheethfu,ragnaros,1676,monk,windwalker,76,44,32
Wwfastsoloq,zenedar,1675,monk,windwalker,42,22,20
Tea,arathor,1673,monk,windwalker,144,77,67
Mädic,outland,1673,monk,windwalker,42,22,20
Zenothar,ravencrest,1672,monk,windwalker,42,28,14
Kebabvevaren,twisting-nether,1672,monk,windwalker,33,21,12
Leadgen,tarren-mill,1670,monk,windwalker,122,63,59
Tubørg,ravencrest,1669,monk,windwalker,48,23,25
Wuux,tarren-mill,1668,monk,windwalker,125,67,58
Antomamonk,ravencrest,1666,monk,windwalker,87,43,44
Mîsts,aszune,1664,monk,windwalker,50,26,24
Bigfistah,tarren-mill,1663,monk,windwalker,52,25,27
Blwh,stormscale,1663,monk,windwalker,54,25,29
Vtx,blackrock,1662,monk,windwalker,30,18,12
Karateboy,dun-modr,1662,monk,windwalker,60,32,28
Ilovefreddy,stormscale,1660,monk,windwalker,54,23,31
Hazzat,nordrassil,1659,monk,windwalker,60,35,25
Geeér,outland,1658,monk,windwalker,42,24,18
Drýton,blackrock,1658,monk,windwalker,36,19,17
Chaospilot,sylvanas,1658,monk,windwalker,194,92,102
Zledriasa,ravencrest,1658,monk,windwalker,50,21,29
Базилмнк,howling-fjord,1655,monk,windwalker,35,22,13
Shardonay,ravencrest,1655,monk,windwalker,42,26,16
Barbalekos,ragnaros,1654,monk,windwalker,122,63,59
Трайтубайтми,gordunni,1654,monk,windwalker,93,47,46
Saduh,thrall,1653,monk,windwalker,44,20,24
Минагороси,galakrond,1652,monk,windwalker,54,31,23
Tenshinhann,outland,1652,monk,windwalker,84,39,45
Jiya,blackmoore,1650,monk,windwalker,178,83,95
Divinechi,kazzak,1649,monk,windwalker,30,19,11
Shirkán,ragnaros,1649,monk,windwalker,36,21,15
Hunkfur,ravencrest,1649,monk,windwalker,68,36,32
Bloodfist,zuljin,1649,monk,windwalker,106,55,51
Эльторо,goldrinn,1649,monk,windwalker,144,64,80
Междунамиад,gordunni,1648,monk,windwalker,30,18,12
Thérez,les-sentinelles,1648,monk,windwalker,42,22,20
Бадхидхаарма,booty-bay,1647,monk,windwalker,138,62,76
Bonepalm,kazzak,1646,monk,windwalker,23,18,5
Кишмякмонк,howling-fjord,1646,monk,windwalker,60,31,29
Гуппер,howling-fjord,1646,monk,windwalker,54,23,31
Атакцуки,gordunni,1645,monk,windwalker,75,42,33
Meineaugen,blackhand,1644,monk,windwalker,29,19,10
Fantazero,burning-legion,1644,monk,windwalker,41,20,21
Faustux,blackmoore,1644,monk,windwalker,60,28,32
Permagone,argent-dawn,1642,monk,windwalker,84,48,36
Bubjuu,ravencrest,1642,monk,windwalker,54,22,32
Alkanphel,kazzak,1641,monk,windwalker,30,20,10
Selfmademan,drakthul,1638,monk,windwalker,30,22,8
Breezzmonka,twisting-nether,1638,monk,windwalker,48,24,24
Kármo,thrall,1638,monk,windwalker,41,20,21
Yeratel,argent-dawn,1637,monk,windwalker,171,80,91
Shanokee,blackrock,1635,monk,windwalker,36,21,15
Futtefut,ravencrest,1635,monk,windwalker,60,25,35
Mefîsto,blackrock,1634,monk,windwalker,69,38,31
Ybnobama,outland,1634,monk,windwalker,54,24,30
Bnî,blackmoore,1632,monk,windwalker,81,48,33
Акумах,blackscar,1632,monk,windwalker,111,55,56
Pwaff,kazzak,1632,monk,windwalker,108,51,57
Anhox,ragnaros,1629,monk,windwalker,54,27,27
Homelanderxx,tarren-mill,1627,monk,windwalker,42,22,20
Yiannischan,draenor,1627,monk,windwalker,121,61,60
Samantonah,nemesis,1626,monk,windwalker,57,37,20
Doobly,kazzak,1626,monk,windwalker,272,144,128
Пекинес,gordunni,1626,monk,windwalker,42,22,20
Løllapalooza,ragnaros,1626,monk,windwalker,57,29,28
Charlett,the-venture-co,1625,monk,windwalker,102,56,46
Diefist,ravencrest,1625,monk,windwalker,46,21,25
Vark,bloodscalp,1623,monk,windwalker,42,22,20
Básíl,frostwolf,1622,monk,windwalker,83,40,43
Дыня,gordunni,1621,monk,windwalker,24,18,6
Монкигодхх,howling-fjord,1621,monk,windwalker,31,21,10
Lycké,silvermoon,1621,monk,windwalker,108,62,46
Sylicia,alleria,1621,monk,windwalker,110,52,58
Hybridtheory,doomhammer,1620,monk,windwalker,159,81,78
Iastyn,kazzak,1620,monk,windwalker,99,50,49
Goldenww,sanguino,1618,monk,windwalker,123,72,51
Sérrè,tarren-mill,1618,monk,windwalker,48,25,23
Qwizqwak,twisting-nether,1618,monk,windwalker,48,22,26
Holmwalker,twisting-nether,1618,monk,windwalker,88,38,50
Mikz,ravencrest,1617,monk,windwalker,98,55,43
Shalysa,ravencrest,1616,monk,windwalker,47,27,20
Tuulijäbä,stormreaver,1616,monk,windwalker,30,17,13
Gaehitmonlee,ravencrest,1616,monk,windwalker,265,141,124
Gdkz,tarren-mill,1616,monk,windwalker,113,53,60
Erenaar,nemesis,1614,monk,windwalker,60,43,17
Karpanderi,stormreaver,1614,monk,windwalker,29,17,12
Fijiwater,draenor,1613,monk,windwalker,24,17,7
Тринх,ashenvale,1613,monk,windwalker,54,31,23
Nhola,sanguino,1613,monk,windwalker,136,76,60
Saisha,defias-brotherhood,1613,monk,windwalker,36,20,16
Notsmol,quelthalas,1613,monk,windwalker,60,29,31
Gozslzly,drakthul,1612,monk,windwalker,60,30,30
Tauti,dun-morogh,1610,monk,windwalker,36,21,15
Джобишоп,howling-fjord,1610,monk,windwalker,33,18,15
Dankiron,darksorrow,1610,monk,windwalker,56,24,32
Humpenpower,blackhand,1609,monk,windwalker,53,32,21
Soxx,arthas,1609,monk,windwalker,159,86,73
Miløøx,silvermoon,1609,monk,windwalker,82,42,40
Гкдшка,blackscar,1609,monk,windwalker,45,20,25
Fokdem,tarren-mill,1608,monk,windwalker,72,41,31
Белено,deathguard,1608,monk,windwalker,36,20,16
Ocëane,sanguino,1608,monk,windwalker,228,114,114
Steros,die-aldor,1608,monk,windwalker,42,21,21
Quoc,blackmoore,1608,monk,windwalker,47,20,27
Mionoor,aegwynn,1607,monk,windwalker,322,156,166
Walie,twisting-nether,1607,monk,windwalker,66,21,45
Тайммуайтай,howling-fjord,1606,monk,windwalker,90,50,40
Xanlee,twisting-nether,1605,monk,windwalker,30,18,12
Vayarah,antonidas,1605,monk,windwalker,54,28,26
Karmachi,ravencrest,1605,monk,windwalker,95,42,53
Thungara,emerald-dream,1604,monk,windwalker,42,22,20
Valduri,stormscale,1604,monk,windwalker,60,27,33
Фортрен,deepholm,1603,monk,windwalker,105,49,56
Faustix,blackmoore,1602,monk,windwalker,78,42,36
Thyf,drakthul,1602,monk,windwalker,72,30,42
Nigu,dun-modr,1601,monk,windwalker,79,44,35
Blizò,tarren-mill,1601,monk,windwalker,36,19,17
Lemmeportbk,ravencrest,1599,monk,windwalker,56,24,32
Stormymonk,blackrock,1599,monk,windwalker,53,21,32
Lurklee,blackhand,1598,monk,windwalker,35,19,16
Turßo,ravencrest,1596,monk,windwalker,48,35,13
Jeppehmonk,stormscale,1596,monk,windwalker,36,19,17
Djbuttholex,tarren-mill,1595,monk,windwalker,47,25,22
Fablemayfly,tarren-mill,1595,monk,windwalker,148,76,72
Naschitüte,blackrock,1594,monk,windwalker,387,195,192
Vuzashiji,argent-dawn,1591,monk,windwalker,96,51,45
Ròux,blackmoore,1589,monk,windwalker,53,27,26
Mabkww,ravencrest,1587,monk,windwalker,30,17,13
Deme,sylvanas,1586,monk,windwalker,119,66,53
Ñinjakick,outland,1585,monk,windwalker,72,32,40
Apprentice,ravencrest,1582,monk,windwalker,29,17,12
Schøcker,blackmoore,1581,monk,windwalker,90,40,50
Bluumorc,ravencrest,1580,monk,windwalker,30,20,10
Skiplegsweeb,stormscale,1579,monk,windwalker,30,21,9
Fistedx,twisting-nether,1578,monk,windwalker,136,62,74
Belobe,stormscale,1577,monk,windwalker,42,22,20
Hosh,ysondre,1577,monk,windwalker,91,44,47
Сандерстрайк,howling-fjord,1576,monk,windwalker,103,54,49
Нэдэлин,greymane,1575,monk,windwalker,42,25,17
Zenified,ragnaros,1574,monk,windwalker,72,33,39
Miamausebär,blackmoore,1573,monk,windwalker,59,24,35
Янакаблуках,howling-fjord,1572,monk,windwalker,384,203,181
Fullzi,dalaran,1572,monk,windwalker,42,20,22
Хзт,howling-fjord,1571,monk,windwalker,135,63,72
Enju,tarren-mill,1570,monk,windwalker,31,17,14
Чифую,lich-king,1570,monk,windwalker,53,23,30
Hampocket,ravencrest,1569,monk,windwalker,50,23,27
Rayokhen,kazzak,1568,monk,windwalker,42,21,21
Монашкасюэ,howling-fjord,1564,monk,windwalker,36,24,12
Ryle,forscherliga,1564,monk,windwalker,48,25,23
Crewladal,arakarahm,1562,monk,windwalker,80,33,47
Schmidti,kazzak,1553,monk,windwalker,48,17,31
Nexyyfist,kazzak,1552,monk,windwalker,39,24,15
Djinÿ,ysondre,1550,monk,windwalker,92,51,41
Sòftx,stormscale,1549,monk,windwalker,34,22,12
Morslee,burning-legion,1549,monk,windwalker,151,69,82
Fungamelol,blackhand,1546,monk,windwalker,54,34,20
Kirkeý,ravencrest,1546,monk,windwalker,85,42,43
Chulli,stormscale,1546,monk,windwalker,61,30,31
Goldengem,silvermoon,1546,monk,windwalker,42,18,24
Cleør,blackmoore,1545,monk,windwalker,42,23,19
Djshady,sylvanas,1544,monk,windwalker,72,36,36
Blickx,draenor,1542,monk,windwalker,40,21,19
Heffertonne,eredar,1541,monk,windwalker,42,24,18
Монголгодх,howling-fjord,1540,monk,windwalker,216,119,97
Street,nethersturm,1539,monk,windwalker,77,47,30
Psyhooz,burning-legion,1539,monk,windwalker,68,36,32
Plsnerfmemor,hyjal,1537,monk,windwalker,70,37,33
Sori,mazrigos,1536,monk,windwalker,37,17,20
Анпапаяя,galakrond,1535,monk,windwalker,53,30,23
Qdwdwqerdads,ravencrest,1533,monk,windwalker,42,21,21
Wajoba,blackhand,1533,monk,windwalker,36,16,20
Zahj,ysondre,1532,monk,windwalker,31,19,12
Chireapz,blackrock,1532,monk,windwalker,48,25,23
Rationis,blackmoore,1531,monk,windwalker,42,22,20
Embodimonk,twisting-nether,1531,monk,windwalker,344,175,169
Зестус,galakrond,1531,monk,windwalker,36,16,20
Mink,uldum,1530,monk,windwalker,48,24,24
Kalsdee,argent-dawn,1529,monk,windwalker,79,43,36
Defrinol,grim-batol,1529,monk,windwalker,42,21,21
Кианасоломид,gordunni,1528,monk,windwalker,284,137,147
Тшейши,howling-fjord,1526,monk,windwalker,54,28,26
Scribzw,twisting-nether,1524,monk,windwalker,24,16,8
Луэнн,gordunni,1524,monk,windwalker,159,82,77
Волкейн,soulflayer,1522,monk,windwalker,36,16,20
Eonyzi,kazzak,1521,monk,windwalker,54,27,27
Немонахх,howling-fjord,1521,monk,windwalker,66,28,38
Jogiemonk,ravencrest,1520,monk,windwalker,24,16,8
Ívó,ragnaros,1520,monk,windwalker,90,45,45
Elpuncho,dentarg,1517,monk,windwalker,78,42,36
Ktrina,ravencrest,1517,monk,windwalker,160,79,81
Andyww,doomhammer,1517,monk,windwalker,60,20,40
Litenværen,tarren-mill,1515,monk,windwalker,24,16,8
Ànklar,blackrock,1514,monk,windwalker,63,30,33
Feyzmonk,ysondre,1513,monk,windwalker,30,16,14
Ноупэйн,soulflayer,1513,monk,windwalker,48,21,27
Nèlvár,blackhand,1511,monk,windwalker,52,30,22
Fattony,bronzebeard,1510,monk,windwalker,46,30,16
Астрал,soulflayer,1508,monk,windwalker,30,16,14
Траблы,howling-fjord,1507,monk,windwalker,30,16,14
Roptoglad,hyjal,1506,monk,windwalker,53,25,28
Дивипи,blackscar,1506,monk,windwalker,54,24,30
Nggz,archimonde,1505,monk,windwalker,145,86,59
Kaztruman,draenor,1505,monk,windwalker,74,36,38
Bastos,blackrock,1504,monk,windwalker,363,183,180
Artharox,anachronos,1501,monk,windwalker,36,22,14
Qtk,arthas,1501,monk,windwalker,42,16,26
Merilwyn,argent-dawn,1500,monk,windwalker,46,27,19
Niyatî,draenor,1499,monk,windwalker,46,21,25
Lassith,ravencrest,1497,monk,windwalker,30,16,14
Ролитта,gordunni,1496,monk,windwalker,66,38,28
Okilexsan,sanguino,1495,monk,windwalker,41,30,11
Kukazamura,silvermoon,1495,monk,windwalker,83,41,42
Такюн,howling-fjord,1494,monk,windwalker,563,275,288
Shypanda,blackhand,1492,monk,windwalker,119,66,53
Sweeneyboo,outland,1489,monk,windwalker,144,69,75
Annamonk,tarren-mill,1489,monk,windwalker,48,16,32
Дайкиаомине,gordunni,1487,monk,windwalker,100,50,50
Kneecapper,ravencrest,1486,monk,windwalker,213,108,105
Gorskie,silvermoon,1485,monk,windwalker,87,44,43
Jolbucheron,hyjal,1481,monk,windwalker,114,58,56
Awesomebrah,the-maelstrom,1478,monk,windwalker,36,19,17
Miyagisensei,ravencrest,1478,monk,windwalker,88,43,45
Toúch,blackmoore,1478,monk,windwalker,94,40,54
Mönkgodx,outland,1476,monk,windwalker,42,19,23
Mynaira,tarren-mill,1476,monk,windwalker,57,25,32
ßibip,hyjal,1475,monk,windwalker,38,25,13
Bèrïth,kazzak,1475,monk,windwalker,102,48,54
Пампич,borean-tundra,1471,monk,windwalker,108,53,55
Kunjo,earthen-ring,1470,monk,windwalker,78,38,40
Cowboy,veknilash,1470,monk,windwalker,42,20,22
Senshí,stormscale,1468,monk,windwalker,42,20,22
Galaxyfists,blackhand,1467,monk,windwalker,132,68,64
Ìnconnu,dalaran,1466,monk,windwalker,124,63,61
Gotmonkon,tarren-mill,1466,monk,windwalker,42,19,23
Shapzxd,archimonde,1465,monk,windwalker,47,19,28
Yinsho,stormscale,1464,monk,windwalker,42,23,19
Pepperboer,magtheridon,1464,monk,windwalker,54,27,27
Реброперо,gordunni,1463,monk,windwalker,69,29,40
Bîmbâmboom,blackmoore,1462,monk,windwalker,66,27,39
Yìng,tarren-mill,1461,monk,windwalker,54,26,28
Cac,argent-dawn,1461,monk,windwalker,205,98,107
Rãkan,kazzak,1460,monk,windwalker,78,44,34
Styxmk,blackhand,1458,monk,windwalker,29,16,13
Sagewhisper,ravencrest,1458,monk,windwalker,57,27,30
Dòrâ,archimonde,1458,monk,windwalker,93,43,50
Smørc,the-maelstrom,1458,monk,windwalker,38,17,21
Yanmonk,silvermoon,1455,monk,windwalker,32,18,14
Qtv,arthas,1455,monk,windwalker,33,16,17
Vibé,blackmoore,1454,monk,windwalker,47,27,20
Boxpunchkick,kazzak,1452,monk,windwalker,62,30,32
Gatyz,archimonde,1450,monk,windwalker,69,31,38
Lellaccio,pozzo-delleternità,1450,monk,windwalker,48,20,28
Йетисан,gordunni,1449,monk,windwalker,246,120,126
Kamui,naxxramas,1446,monk,windwalker,57,32,25
Mcsmack,argent-dawn,1444,monk,windwalker,54,33,21
Icecoldish,tarren-mill,1444,monk,windwalker,113,62,51
Thekaj,kazzak,1441,monk,windwalker,72,43,29
Hazmad,archimonde,1440,monk,windwalker,106,58,48
Артемиоксх,blackscar,1437,monk,windwalker,37,15,22
Kàrmà,aegwynn,1437,monk,windwalker,48,19,29
Ðâvàizskÿ,ysondre,1436,monk,windwalker,30,15,15
Wakmo,bladefist,1435,monk,windwalker,97,51,46
Såliten,tarren-mill,1435,monk,windwalker,30,15,15
Флурсон,gordunni,1434,monk,windwalker,24,15,9
Hymek,defias-brotherhood,1433,monk,windwalker,25,16,9
Agitoyamissj,burning-legion,1433,monk,windwalker,148,69,79
Flowér,auchindoun,1433,monk,windwalker,36,15,21
Простогаля,howling-fjord,1432,monk,windwalker,142,76,66
Домудароги,gordunni,1431,monk,windwalker,60,29,31
Boutarzi,hyjal,1430,monk,windwalker,84,43,41
Jackywayne,blackmoore,1429,monk,windwalker,71,35,36
Nodzomi,shadowsong,1425,monk,windwalker,83,45,38
Jukei,blackmoore,1425,monk,windwalker,30,15,15
Pandarok,argent-dawn,1425,monk,windwalker,55,25,30
Melaz,ravencrest,1423,monk,windwalker,24,15,9
Earendil,culte-de-la-rive-noire,1423,monk,windwalker,89,45,44
Räudiger,nazjatar,1423,monk,windwalker,356,178,178
Sanshiro,defias-brotherhood,1423,monk,windwalker,46,23,23
Twinkletoe,twisting-nether,1423,monk,windwalker,30,15,15
Monzziess,draenor,1422,monk,windwalker,78,36,42
Greytail,argent-dawn,1422,monk,windwalker,48,22,26
Jeydi,ravencrest,1421,monk,windwalker,111,65,46
Fratznkicker,blackhand,1421,monk,windwalker,119,63,56
Kanõ,outland,1421,monk,windwalker,130,68,62
Løwping,blackmoore,1421,monk,windwalker,95,41,54
Des,bronzebeard,1420,monk,windwalker,26,17,9
Wazari,nemesis,1420,monk,windwalker,115,58,57
Orkuuddiu,pozzo-delleternità,1419,monk,windwalker,167,81,86
Exikûsh,frostwolf,1418,monk,windwalker,69,37,32
Байтли,gordunni,1418,monk,windwalker,102,48,54
Hævihænning,argent-dawn,1416,monk,windwalker,24,15,9
Thighdiver,emeriss,1416,monk,windwalker,108,60,48
Darré,sylvanas,1416,monk,windwalker,285,138,147
Nikchi,destromath,1416,monk,windwalker,79,35,44
Лаодзы,deathguard,1415,monk,windwalker,53,23,30
Undefinedid,ravencrest,1414,monk,windwalker,146,78,68
Klapptoast,blackmoore,1413,monk,windwalker,82,45,37
Matlahon,kazzak,1413,monk,windwalker,143,71,72
Mirôku,onyxia,1412,monk,windwalker,48,27,21
Votbo,kazzak,1412,monk,windwalker,60,25,35
Dræk,twisting-nether,1410,monk,windwalker,116,60,56
Odanobunaga,ravencrest,1408,monk,windwalker,77,39,38
Гномкия,gordunni,1408,monk,windwalker,30,15,15
Cptfist,argent-dawn,1408,monk,windwalker,41,20,21
Бичмэн,deathguard,1403,monk,windwalker,54,23,31
Добраядушка,gordunni,1400,monk,windwalker,36,19,17
Fymvy,ravencrest,1400,monk,windwalker,30,15,15
Томтью,gordunni,1400,monk,windwalker,137,68,69
Брэгандерт,gordunni,1400,monk,windwalker,60,26,34
Akÿo,archimonde,1399,monk,windwalker,35,15,20
Pipatvs,drakthul,1398,monk,windwalker,31,21,10
Chígoku,grim-batol,1398,monk,windwalker,188,92,96
Хосэ,gordunni,1397,monk,windwalker,29,15,14
Azato,hyjal,1394,monk,windwalker,60,29,31
Bakash,ysondre,1393,monk,windwalker,352,171,181
Kyraxs,silvermoon,1392,monk,windwalker,53,26,27
Vivvy,argent-dawn,1389,monk,windwalker,47,23,24
Laggedfist,kazzak,1388,monk,windwalker,33,15,18
Behemothm,kazzak,1387,monk,windwalker,55,28,27
Soleriasbrew,blackhand,1387,monk,windwalker,180,88,92
Spinntowin,blackmoore,1386,monk,windwalker,161,79,82
Risomonk,blackrock,1386,monk,windwalker,73,34,39
Купейчик,gordunni,1386,monk,windwalker,78,31,47
Kîngjungeîle,dalaran,1384,monk,windwalker,30,17,13
Fisty,lightbringer,1384,monk,windwalker,36,15,21
Кюзичка,gordunni,1379,monk,windwalker,83,38,45
Монахнехилит,howling-fjord,1379,monk,windwalker,102,45,57
Nolo,outland,1379,monk,windwalker,99,43,56
Муайтайец,howling-fjord,1379,monk,windwalker,119,51,68
Yesman,quelthalas,1378,monk,windwalker,205,106,99
Крутотимс,howling-fjord,1378,monk,windwalker,59,21,38
Bigdickmonk,blackmoore,1377,monk,windwalker,54,23,31
Swiftmonky,azuremyst,1376,monk,windwalker,48,27,21
Blutáar,khazgoroth,1376,monk,windwalker,132,61,71
Meltfistqt,ravencrest,1376,monk,windwalker,36,15,21
Kyujushigu,silvermoon,1375,monk,windwalker,120,63,57
Recklusa,stormscale,1374,monk,windwalker,69,39,30
Misutò,tarren-mill,1372,monk,windwalker,54,30,24
Odelagga,draenor,1371,monk,windwalker,36,19,17
Euronymesis,silvermoon,1371,monk,windwalker,63,31,32
Lucaspires,sylvanas,1370,monk,windwalker,72,25,47
Îrønfist,blackmoore,1368,monk,windwalker,41,23,18
Yuffîe,sanguino,1367,monk,windwalker,43,18,25
Fífrelin,archimonde,1365,monk,windwalker,60,29,31
Анике,howling-fjord,1365,monk,windwalker,57,24,33
Lòthbar,confrérie-du-thorium,1364,monk,windwalker,132,73,59
Turbofinger,doomhammer,1361,monk,windwalker,54,22,32
Ketrie,argent-dawn,1360,monk,windwalker,116,57,59
Fistberul,ravencrest,1359,monk,windwalker,54,27,27
Ketakarlsson,tarren-mill,1358,monk,windwalker,407,213,194
Xuuan,argent-dawn,1358,monk,windwalker,125,65,60
Tempestu,twisting-nether,1358,monk,windwalker,108,50,58
Shushux,ysondre,1358,monk,windwalker,36,15,21
Nerd,argent-dawn,1350,monk,windwalker,41,20,21
Брысьли,howling-fjord,1349,monk,windwalker,68,34,34
Вамптолкер,howling-fjord,1348,monk,windwalker,42,21,21
Bandiya,archimonde,1348,monk,windwalker,127,61,66
Intensivee,silvermoon,1345,monk,windwalker,77,36,41
Fantasiløs,twisting-nether,1344,monk,windwalker,77,38,39
Astriz,outland,1343,monk,windwalker,24,14,10
Thänkky,kazzak,1340,monk,windwalker,24,14,10
Urgoll,silvermoon,1339,monk,windwalker,59,28,31
Tecisharmony,ravencrest,1338,monk,windwalker,24,14,10
Vulvie,ysondre,1337,monk,windwalker,120,63,57
Manlyfistx,stormscale,1337,monk,windwalker,31,14,17
Piedliés,ravencrest,1336,monk,windwalker,30,14,16
Бладмонки,soulflayer,1336,monk,windwalker,54,22,32
Kyz,darkspear,1336,monk,windwalker,53,21,32
Djînns,blackmoore,1333,monk,windwalker,60,30,30
Weetaxx,tarren-mill,1333,monk,windwalker,30,14,16
Bobbyknuckls,ravencrest,1332,monk,windwalker,293,142,151
Вэилэй,gordunni,1331,monk,windwalker,30,14,16
Melikicks,silvermoon,1331,monk,windwalker,54,25,29
Migg,burning-legion,1330,monk,windwalker,46,18,28
Prototypx,blackmoore,1325,monk,windwalker,84,42,42
Elizry,alakir,1324,monk,windwalker,24,14,10
Âdonis,twisting-nether,1323,monk,windwalker,24,14,10
Øbamakush,archimonde,1323,monk,windwalker,36,17,19
Коркирас,howling-fjord,1322,monk,windwalker,90,50,40
Емопацан,gordunni,1321,monk,windwalker,42,27,15
Bcaa,outland,1317,monk,windwalker,30,16,14
Traxxus,sanguino,1316,monk,windwalker,60,28,32
Mycki,dalaran,1311,monk,windwalker,125,60,65
Драгслер,howling-fjord,1311,monk,windwalker,42,18,24
Digô,malganis,1310,monk,windwalker,36,23,13
Ekincheng,twisting-nether,1309,monk,windwalker,114,69,45
Czvibuh,drakthul,1309,monk,windwalker,66,32,34
Kungfumite,twisting-nether,1307,monk,windwalker,161,83,78
Fatlazypanda,argent-dawn,1306,monk,windwalker,62,37,25
Loocoos,ragnaros,1305,monk,windwalker,58,35,23
Sarmal,nemesis,1305,monk,windwalker,62,29,33
Tetetete,silvermoon,1304,monk,windwalker,42,23,19
Fûràxx,hyjal,1300,monk,windwalker,120,61,59
Monwig,tarren-mill,1297,monk,windwalker,49,24,25
Тейваан,soulflayer,1295,monk,windwalker,54,30,24
Rhift,draenor,1291,monk,windwalker,36,20,16
Xialongbao,khaz-modan,1291,monk,windwalker,47,19,28
Монкфейс,howling-fjord,1291,monk,windwalker,54,21,33
Phyllochinon,blackrock,1288,monk,windwalker,52,32,20
Óó,los-errantes,1287,monk,windwalker,57,28,29
Grìzzly,stormreaver,1284,monk,windwalker,74,33,41
Malutkie,defias-brotherhood,1281,monk,windwalker,150,72,78
Tharaën,archimonde,1280,monk,windwalker,42,14,28
Døwe,archimonde,1279,monk,windwalker,29,14,15
Sajin,la-croisade-écarlate,1279,monk,windwalker,29,14,15
Scedadle,outland,1277,monk,windwalker,27,14,13
Gokuson,azjolnerub,1276,monk,windwalker,48,21,27
Pingxiaopo,khaz-modan,1275,monk,windwalker,40,17,23
Iluvatareru,twisting-nether,1273,monk,windwalker,30,15,15
Пивондэполо,gordunni,1271,monk,windwalker,46,22,24
Keberathom,stormscale,1270,monk,windwalker,155,69,86
Kaipo,ragnaros,1270,monk,windwalker,58,24,34
Maino,dalaran,1269,monk,windwalker,43,25,18
Mønkeydluffy,blackmoore,1269,monk,windwalker,66,33,33
Shurak,uldaman,1268,monk,windwalker,30,14,16
Xamaan,sanguino,1267,monk,windwalker,48,23,25
Blumonk,argent-dawn,1263,monk,windwalker,436,217,219
Arshy,silvermoon,1263,monk,windwalker,29,14,15
Ahlu,argent-dawn,1261,monk,windwalker,45,17,28
Ayyee,blackmoore,1257,monk,windwalker,96,40,56
Gorfax,sanguino,1254,monk,windwalker,58,31,27
Vajawalkerx,twisting-nether,1247,monk,windwalker,18,13,5
Djpunchable,blackrock,1247,monk,windwalker,24,13,11
Askarg,hyjal,1247,monk,windwalker,42,20,22
Monk,shattered-hand,1247,monk,windwalker,36,13,23
Rainymonday,ravencrest,1246,monk,windwalker,24,13,11
Fiddyy,outland,1246,monk,windwalker,24,13,11
Moonkeeye,stormscale,1246,monk,windwalker,114,59,55
Melombus,dun-modr,1246,monk,windwalker,30,13,17
Blyatfist,draenor,1243,monk,windwalker,24,13,11
Miyaghï,dun-modr,1242,monk,windwalker,127,62,65
Pacimaru,silvermoon,1242,monk,windwalker,30,13,17
Brandy,kazzak,1242,monk,windwalker,30,13,17
Calyonn,archimonde,1242,monk,windwalker,101,43,58
Monkeystar,archimonde,1240,monk,windwalker,18,13,5
Badcøwboy,archimonde,1238,monk,windwalker,24,13,11
Rhâzalgûl,khaz-modan,1238,monk,windwalker,24,13,11
Pandermann,antonidas,1238,monk,windwalker,30,16,14
Zymonks,silvermoon,1236,monk,windwalker,30,13,17
Кирокко,gordunni,1235,monk,windwalker,30,20,10
Emå,nemesis,1235,monk,windwalker,30,13,17
Kouradoskylo,twisting-nether,1234,monk,windwalker,29,16,13
Blyatfast,draenor,1233,monk,windwalker,24,13,11
Чвка,booty-bay,1233,monk,windwalker,204,102,102
Monktoon,doomhammer,1233,monk,windwalker,40,20,20
Кунгфурер,lich-king,1233,monk,windwalker,30,13,17
Lumpero,stormreaver,1232,monk,windwalker,24,16,8
Bal,tyrande,1232,monk,windwalker,39,23,16
Macgregorc,tarren-mill,1232,monk,windwalker,27,14,13
Янасру,gordunni,1232,monk,windwalker,273,136,137
Kylerøne,hyjal,1232,monk,windwalker,118,57,61
Огненныйкит,blackscar,1232,monk,windwalker,72,34,38
Kegrøll,doomhammer,1231,monk,windwalker,42,21,21
Phesxm,sylvanas,1229,monk,windwalker,23,13,10
Яшкациган,howling-fjord,1229,monk,windwalker,112,50,62
Samh,twisting-nether,1227,monk,windwalker,52,28,24
Ricksancez,nemesis,1224,monk,windwalker,42,24,18
Jesmander,kazzak,1224,monk,windwalker,30,16,14
Кримсон,blackscar,1221,monk,windwalker,88,45,43
Клепер,soulflayer,1219,monk,windwalker,37,20,17
Sinziana,silvermoon,1217,monk,windwalker,20,14,6
Халиосфа,gordunni,1217,monk,windwalker,36,14,22
Bruzuh,outland,1215,monk,windwalker,31,15,16
Vushao,blackmoore,1215,monk,windwalker,174,81,93
Xem,azjolnerub,1215,monk,windwalker,30,13,17
Krâr,onyxia,1213,monk,windwalker,60,28,32
Joshxao,blackmoore,1211,monk,windwalker,36,13,23
Keskonriz,ysondre,1209,monk,windwalker,108,46,62
Frictional,ravencrest,1209,monk,windwalker,86,32,54
Likethat,hyjal,1208,monk,windwalker,113,52,61
Gúerrilla,tarren-mill,1206,monk,windwalker,111,60,51
Imvengeance,stormscale,1205,monk,windwalker,58,28,30
Joaquuin,sylvanas,1204,monk,windwalker,54,27,27
Билльбо,fordragon,1203,monk,windwalker,132,65,67
Secretmonk,ravencrest,1198,monk,windwalker,29,13,16
Senkaihero,nemesis,1197,monk,windwalker,36,19,17
Trunks,turalyon,1194,monk,windwalker,54,27,27
Yøøps,dalaran,1191,monk,windwalker,71,33,38
Umagon,chogall,1190,monk,windwalker,48,18,30
Bâmbêlvî,tyrande,1186,monk,windwalker,27,15,12
Jerrykhãn,archimonde,1183,monk,windwalker,30,13,17
Stronkman,frostwhisper,1180,monk,windwalker,36,24,12
Malarie,magtheridon,1178,monk,windwalker,158,85,73
Panzeerotto,nemesis,1178,monk,windwalker,100,44,56
Gozgoya,doomhammer,1176,monk,windwalker,112,54,58
Wodniuch,defias-brotherhood,1173,monk,windwalker,27,13,14
Néroburnsred,eredar,1170,monk,windwalker,68,28,40
Sillbis,bronzebeard,1162,monk,windwalker,231,103,128
Monkgol,stormscale,1159,monk,windwalker,40,19,21
Pyto,sanguino,1156,monk,windwalker,61,33,28
Bellarika,nemesis,1152,monk,windwalker,12,12,0
Djstepmom,ravencrest,1152,monk,windwalker,12,12,0
Babyfax,draenor,1152,monk,windwalker,24,12,12
Buffwwx,silvermoon,1152,monk,windwalker,24,12,12
Gøøgodx,tarren-mill,1151,monk,windwalker,18,12,6
Tðptier,drakthul,1151,monk,windwalker,18,12,6
Çhina,twisting-nether,1151,monk,windwalker,24,12,12
Swas,outland,1151,monk,windwalker,30,12,18
Elfisto,eredar,1150,monk,windwalker,18,12,6
Daybaobao,the-maelstrom,1150,monk,windwalker,28,14,14
Muaba,outland,1150,monk,windwalker,30,12,18
Fiststowin,blackrock,1150,monk,windwalker,30,12,18
Stormsong,arthas,1149,monk,windwalker,18,12,6
Zerødamage,malorne,1149,monk,windwalker,18,12,6
Hypern,twisting-nether,1149,monk,windwalker,22,13,9
Elfisto,baelgun,1149,monk,windwalker,26,13,13
Azorantay,dentarg,1149,monk,windwalker,24,12,12
Monk,dun-modr,1148,monk,windwalker,24,12,12
Brorsantuck,frostmane,1147,monk,windwalker,18,12,6
Одиниз,gordunni,1146,monk,windwalker,72,46,26
Faìthlessqt,azshara,1146,monk,windwalker,24,12,12
Silvrt,tarren-mill,1145,monk,windwalker,24,12,12
Kagëra,ysondre,1145,monk,windwalker,24,12,12
Ameri,burning-steppes,1145,monk,windwalker,24,12,12
Fedrra,twisting-nether,1144,monk,windwalker,24,12,12
Lottelita,tarren-mill,1143,monk,windwalker,26,12,14
Crockzy,twisting-nether,1140,monk,windwalker,24,12,12
Mistbeever,ragnaros,1136,monk,windwalker,24,12,12
Thichquang,sylvanas,1134,monk,windwalker,18,12,6
Ехерех,blackscar,1133,monk,windwalker,50,29,21
Gramary,silvermoon,1132,monk,windwalker,30,17,13
Sixqtn,blackrock,1131,monk,windwalker,30,12,18
Somonks,twisting-nether,1124,monk,windwalker,42,19,23
Kirara,talnivarr,1121,monk,windwalker,18,12,6
Critique,stormscale,1119,monk,windwalker,30,12,18
Azangar,kazzak,1114,monk,windwalker,22,12,10
Mongole,hellscream,1112,monk,windwalker,30,12,18
Bayak,antonidas,1111,monk,windwalker,82,40,42
Moreløs,stormscale,1109,monk,windwalker,71,29,42
Martial,arthas,1108,monk,windwalker,71,33,38
Noodlesauce,silvermoon,1100,monk,windwalker,15,12,3
Omoi,twisting-nether,1099,monk,windwalker,107,41,66
Yamo,blackrock,1096,monk,windwalker,23,12,11
Непорядочная,gordunni,1094,monk,windwalker,42,17,25
Iamzra,kazzak,1078,monk,windwalker,35,12,23
Grandoreille,archimonde,1072,monk,windwalker,29,12,17
Monkiki,hyjal,1070,monk,windwalker,31,12,19
Jayline,kazzak,1069,monk,windwalker,54,21,33
Nades,the-maelstrom,1067,monk,windwalker,17,12,5
Kusid,ragnaros,1066,monk,windwalker,21,12,9
Концептуалик,gordunni,1060,monk,windwalker,27,16,11
Wrizz,area-52,1056,monk,windwalker,18,11,7
Padawang,twisting-nether,1056,monk,windwalker,24,11,13
Diagmonk,kazzak,1056,monk,windwalker,24,11,13
Monksea,ravencrest,1056,monk,windwalker,24,11,13
Koreangirlx,archimonde,1055,monk,windwalker,12,11,1
Cirixx,outland,1055,monk,windwalker,18,11,7
Гидрах,soulflayer,1055,monk,windwalker,18,11,7
Weezé,outland,1055,monk,windwalker,18,11,7
Runefists,twisting-nether,1055,monk,windwalker,18,11,7
Ogelele,twisting-nether,1055,monk,windwalker,24,11,13
Rollah,ravencrest,1055,monk,windwalker,28,12,16
Garlä,archimonde,1054,monk,windwalker,18,11,7
Leolilu,ravencrest,1054,monk,windwalker,18,11,7
Turbofistsqt,kazzak,1054,monk,windwalker,18,11,7
Jam,aerie-peak,1054,monk,windwalker,24,11,13
Daltailr,silvermoon,1054,monk,windwalker,27,11,16
Tiaqa,aegwynn,1053,monk,windwalker,12,11,1
Silcet,stormscale,1052,monk,windwalker,18,11,7
Degentz,alakir,1051,monk,windwalker,21,12,9
Kryzu,ragnaros,1051,monk,windwalker,24,11,13
Laewyn,burning-blade,1051,monk,windwalker,24,11,13
Realiaze,tichondrius,1051,monk,windwalker,30,11,19
Psychovirgîn,archimonde,1050,monk,windwalker,18,11,7
Sêssai,outland,1049,monk,windwalker,18,11,7
Ørlandéa,archimonde,1047,monk,windwalker,65,35,30
Monkyou,hyjal,1046,monk,windwalker,18,11,7
Dokuziq,twisting-nether,1046,monk,windwalker,28,12,16
Yeddek,archimonde,1045,monk,windwalker,24,15,9
Sholean,die-aldor,1045,monk,windwalker,18,11,7
Нежненький,gordunni,1045,monk,windwalker,24,11,13
Changsun,confrérie-du-thorium,1044,monk,windwalker,24,11,13
Dummars,ragnaros,1040,monk,windwalker,24,11,13
Dofunk,eonar,1030,monk,windwalker,23,13,10
Tysonwonka,thrall,1030,monk,windwalker,44,20,24
Xen,uldum,1027,monk,windwalker,18,11,7
Brevduwan,ragnaros,1024,monk,windwalker,24,11,13
Napqi,malganis,1023,monk,windwalker,17,11,6
Monkiatsu,turalyon,1021,monk,windwalker,50,25,25
Шмальзахар,howling-fjord,1021,monk,windwalker,23,11,12
Шоты,soulflayer,1019,monk,windwalker,18,11,7
Spiritclaw,kul-tiras,1004,monk,windwalker,48,24,24
Brucilli,dalaran,1002,monk,windwalker,30,14,16
Buggaa,dalaran,996,monk,windwalker,23,11,12
Undgrund,burning-legion,992,monk,windwalker,36,16,20
Marcianorock,archimonde,987,monk,windwalker,30,13,17
Myiio,khaz-modan,987,monk,windwalker,42,12,30
Agress,sanguino,984,monk,windwalker,72,33,39
Yuchiiro,hyjal,973,monk,windwalker,30,13,17
Pïpöu,archimonde,960,monk,windwalker,12,10,2
Votix,tarren-mill,960,monk,windwalker,12,10,2
Senniñ,ravencrest,960,monk,windwalker,18,10,8
Rìnox,blackmoore,960,monk,windwalker,18,10,8
Wreckpuss,tarren-mill,960,monk,windwalker,18,10,8
Mcscrub,ragnaros,960,monk,windwalker,18,10,8
Ðävàizskó,ysondre,960,monk,windwalker,18,10,8
Sqoobie,tarren-mill,960,monk,windwalker,18,10,8
Pabu,emeriss,960,monk,windwalker,18,10,8
Plånck,archimonde,960,monk,windwalker,18,10,8
Martur,bronzebeard,960,monk,windwalker,24,10,14
Kåtsumi,sanguino,960,monk,windwalker,24,10,14
Galexuz,blackrock,960,monk,windwalker,24,10,14
Balance,laughing-skull,960,monk,windwalker,24,10,14
Таайлиньх,gordunni,960,monk,windwalker,29,10,19
Sebikm,ravencrest,959,monk,windwalker,12,10,2
Saikø,silvermoon,959,monk,windwalker,18,10,8
Nycea,blackrock,959,monk,windwalker,18,10,8
Karatemonk,stormscale,959,monk,windwalker,18,10,8
Eggroll,archimonde,959,monk,windwalker,18,10,8
Investing,silvermoon,959,monk,windwalker,18,10,8
Uglyfister,kazzak,959,monk,windwalker,18,10,8
Winifspin,twisting-nether,959,monk,windwalker,24,10,14
Såsha,sanguino,959,monk,windwalker,24,10,14
Rulliya,kazzak,959,monk,windwalker,24,10,14
Miridius,silvermoon,959,monk,windwalker,24,10,14
Symaro,aegwynn,958,monk,windwalker,24,10,14
Sigath,emeriss,958,monk,windwalker,36,10,26
Shialemonk,twisting-nether,957,monk,windwalker,18,10,8
Михот,eversong,957,monk,windwalker,30,15,15
Pimahz,aggra-português,956,monk,windwalker,18,10,8
Tayoo,aegwynn,955,monk,windwalker,18,10,8
Doreese,moonglade,955,monk,windwalker,18,10,8
Duches,tarren-mill,955,monk,windwalker,24,10,14
Màrlux,kazzak,954,monk,windwalker,24,10,14
Räws,kirin-tor,954,monk,windwalker,24,10,14
Orcword,ragnaros,953,monk,windwalker,18,10,8
Lokregar,blackmoore,950,monk,windwalker,24,10,14
Chæli,tarren-mill,944,monk,windwalker,29,12,17
Zonavya,stormreaver,941,monk,windwalker,27,11,16
Jawofiron,quelthalas,941,monk,windwalker,29,10,19
Dionee,twisting-nether,939,monk,windwalker,69,30,39
Trolleurz,archimonde,932,monk,windwalker,32,12,20
Runny,sanguino,930,monk,windwalker,36,10,26
Sebbii,twisting-nether,927,monk,windwalker,23,10,13
Touchgodx,blackrock,927,monk,windwalker,26,11,15
Goltigald,archimonde,923,monk,windwalker,29,10,19
Jgma,auchindoun,922,monk,windwalker,158,65,93
Jlamonja,dun-modr,921,monk,windwalker,19,10,9
Sîstâhfîstâh,kazzak,912,monk,windwalker,15,10,5
Astmönk,archimonde,910,monk,windwalker,24,11,13
Vercya,dun-morogh,910,monk,windwalker,76,29,47
Chilleê,blackmoore,909,monk,windwalker,17,10,7
Gidmonk,darkspear,904,monk,windwalker,42,22,20
Nilssön,silvermoon,894,monk,windwalker,14,10,4
Threevthree,kazzak,886,monk,windwalker,21,10,11
Linocence,draenor,879,monk,windwalker,113,57,56
Апесиинка,gordunni,874,monk,windwalker,23,11,12
Broussly,voljin,871,monk,windwalker,36,15,21
Pattafixcrin,blackrock,864,monk,windwalker,12,9,3
Eternalmoose,grim-batol,864,monk,windwalker,12,9,3
Freemmrx,kazzak,864,monk,windwalker,12,9,3
Loordcraft,silvermoon,864,monk,windwalker,12,9,3
Larsowns,ragnaros,864,monk,windwalker,12,9,3
Gankplank,nemesis,864,monk,windwalker,18,9,9
Lrizz,argent-dawn,864,monk,windwalker,18,9,9
Chryan,marécage-de-zangar,864,monk,windwalker,18,9,9
Hästgodx,the-maelstrom,864,monk,windwalker,18,9,9
Snookzlol,aegwynn,864,monk,windwalker,18,9,9
Weaverman,ragnaros,864,monk,windwalker,18,9,9
Brols,dalaran,864,monk,windwalker,18,9,9
Øåæøæøåæ,ravencrest,864,monk,windwalker,18,9,9
Hilfe,stormscale,864,monk,windwalker,18,9,9
Varea,blackrock,864,monk,windwalker,18,9,9
Skriptzy,blackmoore,864,monk,windwalker,18,9,9
Zmile,ragnaros,864,monk,windwalker,18,9,9
Jessie,bloodscalp,864,monk,windwalker,18,9,9
Notadrâgon,sylvanas,864,monk,windwalker,18,9,9
Gîø,blackmoore,864,monk,windwalker,18,9,9
Dorks,sanguino,864,monk,windwalker,24,9,15
Alandriai,blackmoore,863,monk,windwalker,12,9,3
Shaokz,sylvanas,863,monk,windwalker,12,9,3
Wâgwân,hyjal,863,monk,windwalker,18,9,9
Otp,hyjal,863,monk,windwalker,18,9,9
Barneyzan,tarren-mill,863,monk,windwalker,18,9,9
Fistingfury,burning-blade,863,monk,windwalker,18,9,9
Yeol,ravencrest,863,monk,windwalker,18,9,9
Alphalus,khaz-modan,863,monk,windwalker,18,9,9
Jakkeez,twisting-nether,863,monk,windwalker,18,9,9
Gálaxyfist,blackhand,863,monk,windwalker,24,9,15
Thawy,sargeras,863,monk,windwalker,24,9,15
Nouraxo,kazzak,862,monk,windwalker,18,9,9
Sûûn,hyjal,862,monk,windwalker,18,9,9
Krtinse,ravencrest,862,monk,windwalker,18,9,9
Serizawã,hyjal,862,monk,windwalker,18,9,9
Dumbbell,magtheridon,862,monk,windwalker,18,9,9
Пропесочило,gordunni,862,monk,windwalker,28,10,18
Lin,nathrezim,861,monk,windwalker,18,9,9
Teztouza,kazzak,861,monk,windwalker,18,9,9
Tylavie,silvermoon,861,monk,windwalker,18,9,9
Sooyung,kazzak,861,monk,windwalker,18,9,9
Авентусс,howling-fjord,861,monk,windwalker,24,9,15
Franziskanus,das-syndikat,860,monk,windwalker,24,9,15
Gødxq,hyjal,860,monk,windwalker,24,9,15
Дасний,gordunni,859,monk,windwalker,12,9,3
Monkariuz,antonidas,859,monk,windwalker,26,9,17
Velita,dun-modr,858,monk,windwalker,27,9,18
Zoyrac,malygos,856,monk,windwalker,18,9,9
Meff,hyjal,855,monk,windwalker,16,10,6
Patadademijo,tarren-mill,855,monk,windwalker,24,9,15
Mozzaks,doomhammer,852,monk,windwalker,12,9,3
Grîmjaw,nordrassil,846,monk,windwalker,24,9,15
Югэн,azuregos,843,monk,windwalker,24,9,15
Jujujitsu,archimonde,833,monk,windwalker,41,18,23
Zanizu,blackhand,831,monk,windwalker,14,10,4
Snakozer,elune,815,monk,windwalker,17,9,8
Të,ysondre,814,monk,windwalker,21,9,12
Монкуем,gordunni,802,monk,windwalker,18,9,9
Dushimonk,runetotem,797,monk,windwalker,22,9,13
Karatiy,doomhammer,795,monk,windwalker,99,33,66
Mórrid,draenor,791,monk,windwalker,27,9,18
Chlamydious,silvermoon,783,monk,windwalker,129,55,74
Slayh,archimonde,768,monk,windwalker,12,8,4
Socialxty,dun-modr,768,monk,windwalker,12,8,4
Rezuz,draenor,768,monk,windwalker,12,8,4
Wladqz,stormscale,768,monk,windwalker,12,8,4
Gojò,outland,768,monk,windwalker,12,8,4
Carmismonk,tarren-mill,768,monk,windwalker,12,8,4
Denwont,twisting-nether,768,monk,windwalker,12,8,4
Arisua,blackhand,768,monk,windwalker,12,8,4
Karels,archimonde,768,monk,windwalker,12,8,4
Ðìør,kazzak,768,monk,windwalker,12,8,4
Rma,twisting-nether,768,monk,windwalker,12,8,4
Skymonkey,kul-tiras,768,monk,windwalker,18,8,10
Cptschneider,blackmoore,768,monk,windwalker,18,8,10
Luckyjones,tarren-mill,768,monk,windwalker,18,8,10
Cuteshygirl,shattrath,768,monk,windwalker,18,8,10
Jamiedhism,ravencrest,768,monk,windwalker,18,8,10
Sungødx,blackrock,768,monk,windwalker,24,8,16
Glorïagaynor,archimonde,768,monk,windwalker,24,8,16
Nízra,archimonde,767,monk,windwalker,12,8,4
Yungbaren,frostwolf,767,monk,windwalker,12,8,4
Denau,aegwynn,767,monk,windwalker,12,8,4
Daizz,magtheridon,767,monk,windwalker,12,8,4
Пашаскороход,gordunni,767,monk,windwalker,12,8,4
Marksanuwu,kilrogg,767,monk,windwalker,12,8,4
Wutan,burning-legion,767,monk,windwalker,18,8,10
Pinkcell,sanguino,767,monk,windwalker,18,8,10
Nandromonk,dalaran,767,monk,windwalker,18,8,10
Nokitz,kazzak,767,monk,windwalker,18,8,10
Lolipokicake,ravencrest,767,monk,windwalker,18,8,10
Maifu,thrall,767,monk,windwalker,18,8,10
Johnsôn,blackmoore,767,monk,windwalker,18,8,10
Bansheerrz,hyjal,767,monk,windwalker,18,8,10
Olgachocolat,blackmoore,767,monk,windwalker,18,8,10
Alurymnk,blackrock,767,monk,windwalker,18,8,10
Válkyrìe,ravencrest,767,monk,windwalker,24,8,16
Plsnerfrogue,tarren-mill,766,monk,windwalker,12,8,4
Wilywolxx,silvermoon,766,monk,windwalker,12,8,4
Pocaa,arakarahm,766,monk,windwalker,18,8,10
Norualy,tichondrius,765,monk,windwalker,18,8,10
Verfa,twisting-nether,765,monk,windwalker,18,8,10
Милиса,grom,764,monk,windwalker,15,9,6
Chiroidz,kazzak,764,monk,windwalker,18,8,10
Nirvanabange,sylvanas,764,monk,windwalker,24,8,16
Flyingraven,magtheridon,763,monk,windwalker,24,8,16
Forpandariaa,kazzak,763,monk,windwalker,24,8,16
Ørgasm,magtheridon,763,monk,windwalker,24,8,16
Rangomind,silvermoon,761,monk,windwalker,12,8,4
Sayonarami,frostmane,753,monk,windwalker,18,8,10
Wallky,burning-blade,743,monk,windwalker,30,8,22
Kûma,echsenkessel,735,monk,windwalker,16,8,8
Merjis,stormscale,719,monk,windwalker,17,8,9
Elayja,twisting-nether,717,monk,windwalker,17,8,9
Portugas,aegwynn,711,monk,windwalker,28,9,19
Takapotku,silvermoon,703,monk,windwalker,16,8,8
Fredder,blackrock,701,monk,windwalker,23,8,15
Shoelaren,ragnaros,672,monk,windwalker,12,7,5
Dmeenmonk,kazzak,672,monk,windwalker,12,7,5
Sizok,blackmoore,672,monk,windwalker,12,7,5
Thailun,kazzak,672,monk,windwalker,12,7,5
Chanzey,silvermoon,672,monk,windwalker,12,7,5
Tortasauro,sanguino,672,monk,windwalker,12,7,5
Vixiatwo,outland,672,monk,windwalker,12,7,5
Jekkar,uldum,672,monk,windwalker,12,7,5
Sàlêxz,ysondre,672,monk,windwalker,12,7,5
Gargalondeze,twisting-nether,672,monk,windwalker,12,7,5
Dennismansix,sylvanas,672,monk,windwalker,12,7,5
Dopi,frostmane,672,monk,windwalker,12,7,5
Мягкийпо,howling-fjord,672,monk,windwalker,12,7,5
Vetocorleone,kazzak,672,monk,windwalker,12,7,5
Månkey,ahnqiraj,672,monk,windwalker,12,7,5
Despéradø,archimonde,672,monk,windwalker,12,7,5
Lilßaby,archimonde,672,monk,windwalker,12,7,5
Balanceqt,ravencrest,672,monk,windwalker,12,7,5
Arthanaar,drakthul,672,monk,windwalker,12,7,5
Saburo,archimonde,672,monk,windwalker,12,7,5
Wowweaver,outland,672,monk,windwalker,12,7,5
Njursten,twilights-hammer,672,monk,windwalker,12,7,5
Bryggarn,draenor,672,monk,windwalker,12,7,5
Pawsy,twisting-nether,672,monk,windwalker,12,7,5
Atrikaww,kazzak,672,monk,windwalker,12,7,5
Мишадуротар,borean-tundra,672,monk,windwalker,19,9,10
Márliene,twisting-nether,672,monk,windwalker,18,7,11
Meduseqt,ravencrest,672,monk,windwalker,18,7,11
Джийви,goldrinn,672,monk,windwalker,18,7,11
Bonkboi,tarren-mill,672,monk,windwalker,18,7,11
Çùçé,dalaran,672,monk,windwalker,18,7,11
Quï,hyjal,672,monk,windwalker,18,7,11
Wonkà,archimonde,672,monk,windwalker,18,7,11
Bloodsports,anubarak,672,monk,windwalker,18,7,11
Risingspud,frostmane,672,monk,windwalker,18,7,11
Jkmonkyo,blackrock,672,monk,windwalker,18,7,11
Mayliene,stormscale,672,monk,windwalker,18,7,11
Elababe,ravencrest,672,monk,windwalker,18,7,11
Kajï,frostmane,672,monk,windwalker,24,7,17
Quendiz,frostwolf,672,monk,windwalker,24,7,17
Sonofelrond,twisting-nether,671,monk,windwalker,12,7,5
Mystikmonk,blackrock,671,monk,windwalker,12,7,5
Azouko,onyxia,671,monk,windwalker,12,7,5
Maelea,ysondre,671,monk,windwalker,12,7,5
Dubhira,blackmoore,671,monk,windwalker,12,7,5
Эзархадон,lich-king,671,monk,windwalker,12,7,5
Bierdame,blackhand,671,monk,windwalker,12,7,5
Monkacek,drakthul,671,monk,windwalker,12,7,5
Boxarnsgrabb,shattered-hand,671,monk,windwalker,12,7,5
Iluvfistinjk,sylvanas,671,monk,windwalker,12,7,5
Discosean,frostmane,671,monk,windwalker,18,7,11
Yunà,twisting-nether,671,monk,windwalker,21,8,13
Chonkard,drakthul,671,monk,windwalker,24,7,17
Galadriel,kazzak,671,monk,windwalker,24,7,17
Zhiothe,argent-dawn,670,monk,windwalker,12,7,5
Kharnael,hyjal,670,monk,windwalker,12,7,5
Mwoinesamdi,hyjal,670,monk,windwalker,18,7,11
Shaol,stormreaver,669,monk,windwalker,12,7,5
Мистерхюй,gordunni,669,monk,windwalker,30,7,23
Рочч,gordunni,668,monk,windwalker,12,7,5
Nichonne,khaz-modan,664,monk,windwalker,18,7,11
Khazàd,archimonde,639,monk,windwalker,11,7,4
Fusetonww,tarren-mill,623,monk,windwalker,11,7,4
Armutschkerl,blackhand,618,monk,windwalker,29,9,20
Mistysausage,silvermoon,616,monk,windwalker,33,8,25
Pïpöu,kirin-tor,607,monk,windwalker,11,7,4
Mùtsúræv,ravencrest,576,monk,windwalker,6,6,0
Котэлатэ,gordunni,576,monk,windwalker,6,6,0
Fistlimc,eredar,576,monk,windwalker,6,6,0
Bannedww,ravencrest,576,monk,windwalker,6,6,0
Xàrslòulolz,kazzak,576,monk,windwalker,12,6,6
Nyrkkikylpy,ravencrest,576,monk,windwalker,12,6,6
Pâtâpouf,hyjal,576,monk,windwalker,12,6,6
Муаннуар,soulflayer,576,monk,windwalker,12,6,6
Worasemonk,hyjal,576,monk,windwalker,12,6,6
Mcgregors,aszune,576,monk,windwalker,12,6,6
Gramkin,ravencrest,576,monk,windwalker,12,6,6
Rigbone,kazzak,576,monk,windwalker,12,6,6
Geezer,the-maelstrom,576,monk,windwalker,12,6,6
Ilcooljay,ravencrest,576,monk,windwalker,12,6,6
Gléipnir,ravencrest,576,monk,windwalker,12,6,6
Мэрджик,soulflayer,576,monk,windwalker,12,6,6
Jollyzug,blackrock,576,monk,windwalker,12,6,6
Ferree,tarren-mill,576,monk,windwalker,12,6,6
Vjelan,forscherliga,576,monk,windwalker,12,6,6
Fistweavs,ravencrest,576,monk,windwalker,12,6,6
Doyoubleed,twisting-nether,576,monk,windwalker,12,6,6
Kiial,blackmoore,576,monk,windwalker,12,6,6
Кунфуцый,gordunni,576,monk,windwalker,12,6,6
Tenszangetsu,ragnaros,576,monk,windwalker,12,6,6
Спортикус,galakrond,576,monk,windwalker,12,6,6
Naynayrb,draenor,576,monk,windwalker,12,6,6
Plani,ragnaros,576,monk,windwalker,12,6,6
Ilovecravmag,draenor,576,monk,windwalker,12,6,6
Qoopu,frostwhisper,576,monk,windwalker,12,6,6
Gamerboydude,silvermoon,576,monk,windwalker,12,6,6
Tossen,ragnaros,576,monk,windwalker,12,6,6
Níko,korgall,576,monk,windwalker,12,6,6
Bbcmonkinc,aegwynn,576,monk,windwalker,16,7,9
Norgamx,alakir,576,monk,windwalker,18,6,12
Moai,nemesis,576,monk,windwalker,18,6,12
Keisy,kazzak,576,monk,windwalker,18,6,12
Xoconut,ravencrest,576,monk,windwalker,18,6,12
Fimis,alonsus,576,monk,windwalker,18,6,12
Karradine,khaz-modan,576,monk,windwalker,18,6,12
Кунфумастер,gordunni,576,monk,windwalker,24,6,18
Trizeth,grim-batol,575,monk,windwalker,12,6,6
Raychi,draenor,575,monk,windwalker,12,6,6
Tofast,darksorrow,575,monk,windwalker,12,6,6
Magharald,das-syndikat,575,monk,windwalker,12,6,6
Teetoor,argent-dawn,575,monk,windwalker,12,6,6
Kykymbappe,archimonde,575,monk,windwalker,12,6,6
Hôók,blackhand,575,monk,windwalker,12,6,6
Okpm,marécage-de-zangar,575,monk,windwalker,12,6,6
Woalter,silvermoon,575,monk,windwalker,12,6,6
Woknroll,draenor,575,monk,windwalker,12,6,6
Boojj,kazzak,575,monk,windwalker,12,6,6
Klotsobunidi,kazzak,575,monk,windwalker,15,7,8
Убивашечка,blackscar,575,monk,windwalker,18,6,12
Крэйзимедвед,howling-fjord,575,monk,windwalker,18,6,12
Jaylée,thrall,574,monk,windwalker,12,6,6
Mönchdog,blackmoore,573,monk,windwalker,12,6,6
Scorpìon,blackrock,573,monk,windwalker,12,6,6
Veila,the-maelstrom,573,monk,windwalker,12,6,6
Izabell,bronzebeard,573,monk,windwalker,18,6,12
Mullan,eonar,573,monk,windwalker,24,6,18
What,marécage-de-zangar,572,monk,windwalker,12,6,6
Vandersnátch,garrosh,571,monk,windwalker,10,7,3
Энвишь,soulflayer,559,monk,windwalker,11,6,5
Жарптыца,gordunni,559,monk,windwalker,17,6,11
Draina,archimonde,543,monk,windwalker,17,6,11
Yamqt,thrall,528,monk,windwalker,15,6,9
Kungfupandy,blackmoore,512,monk,windwalker,22,6,16
Dasjinso,blackhand,511,monk,windwalker,14,6,8
Everydayrain,ravencrest,511,monk,windwalker,14,6,8
Kassducu,archimonde,511,monk,windwalker,20,6,14
Eaghor,draenor,510,monk,windwalker,10,6,4
Жекадобряк,howling-fjord,503,monk,windwalker,15,7,8
Kapud,twisting-nether,480,monk,windwalker,6,5,1
Päjcsi,ragnaros,480,monk,windwalker,6,5,1
Quasarmonk,ravencrest,480,monk,windwalker,6,5,1
Nastyvibes,dun-modr,480,monk,windwalker,6,5,1
Emptyeyés,kazzak,480,monk,windwalker,6,5,1
Монкигодх,howling-fjord,480,monk,windwalker,6,5,1
Killabees,stormscale,480,monk,windwalker,6,5,1
Kretoz,stormreaver,480,monk,windwalker,6,5,1
Nekov,frostmane,480,monk,windwalker,6,5,1
Amislish,draenor,480,monk,windwalker,12,5,7
Emejzy,draenor,480,monk,windwalker,12,5,7
Fistus,dentarg,480,monk,windwalker,12,5,7
Øåæøæøåæ,kazzak,480,monk,windwalker,12,5,7
Mickjabber,aegwynn,480,monk,windwalker,12,5,7
Renegatt,twisting-nether,480,monk,windwalker,12,5,7
Kaelwind,burning-legion,480,monk,windwalker,12,5,7
Enrookiejr,aegwynn,480,monk,windwalker,12,5,7
Salesforce,cthun,480,monk,windwalker,12,5,7
Betelgeuse,jaedenar,480,monk,windwalker,12,5,7
Aljabbar,ravencrest,480,monk,windwalker,12,5,7
Áutumnfalls,stormscale,480,monk,windwalker,12,5,7
Kenjibsen,blackhand,480,monk,windwalker,12,5,7
Npkwalker,outland,480,monk,windwalker,12,5,7
Drfistalot,blackrock,480,monk,windwalker,12,5,7
Pandaria,bronze-dragonflight,480,monk,windwalker,12,5,7
Sneptichitz,draenor,480,monk,windwalker,12,5,7
Sermuonelis,kazzak,480,monk,windwalker,12,5,7
Pîna,onyxia,480,monk,windwalker,12,5,7
Vipergaming,aggra-português,480,monk,windwalker,12,5,7
Беглыйлаваш,gordunni,480,monk,windwalker,12,5,7
Tonikor,kazzak,480,monk,windwalker,12,5,7
Расселкроу,galakrond,480,monk,windwalker,12,5,7
Plingpong,sylvanas,480,monk,windwalker,12,5,7
Dertekk,archimonde,480,monk,windwalker,12,5,7
Udon,argent-dawn,480,monk,windwalker,12,5,7
Картезо,gordunni,480,monk,windwalker,12,5,7
Killthemonk,rajaxx,480,monk,windwalker,12,5,7
Bimberta,argent-dawn,480,monk,windwalker,12,5,7
Käsefäuste,azshara,480,monk,windwalker,12,5,7
Grintilif,malygos,480,monk,windwalker,12,5,7
Нагиботар,thermaplugg,480,monk,windwalker,12,5,7
Celimbrimbor,eredar,480,monk,windwalker,12,5,7
Szoney,blackhand,480,monk,windwalker,12,5,7
Ввмонкпбогх,gordunni,480,monk,windwalker,12,5,7
Buddhaissara,ravencrest,480,monk,windwalker,12,5,7
Nevertouch,blackrock,480,monk,windwalker,12,5,7
Thiccboi,dragonblight,480,monk,windwalker,12,5,7
Krazylegs,sanguino,480,monk,windwalker,12,5,7
Miýági,blackmoore,480,monk,windwalker,12,5,7
Popox,stormreaver,480,monk,windwalker,12,5,7
Archnun,stormscale,480,monk,windwalker,12,5,7
Мяуки,soulflayer,480,monk,windwalker,12,5,7
Medovic,blackmoore,480,monk,windwalker,18,5,13
Nicetrybuddy,draenor,480,monk,windwalker,18,5,13
Deathwishes,zenedar,480,monk,windwalker,18,5,13
Ðøgai,frostwolf,480,monk,windwalker,18,5,13
Elmonkx,onyxia,480,monk,windwalker,18,5,13
Salderlol,stormscale,480,monk,windwalker,18,5,13
Draxaxa,hyjal,480,monk,windwalker,18,5,13
Mikelangelo,frostmane,480,monk,windwalker,23,6,17
Wartexsenior,khaz-modan,479,monk,windwalker,6,5,1
Zaalleh,draenor,479,monk,windwalker,6,5,1
Latify,todeswache,479,monk,windwalker,12,5,7
Sdk,silvermoon,479,monk,windwalker,12,5,7
Диксэш,ashenvale,479,monk,windwalker,12,5,7
Alopécida,voljin,479,monk,windwalker,15,6,9
Øñ,cthun,479,monk,windwalker,18,5,13
Холанн,greymane,479,monk,windwalker,18,5,13
Mïsted,sylvanas,479,monk,windwalker,18,5,13
Effeots,blackrock,479,monk,windwalker,18,5,13
Tjukkas,bloodhoof,479,monk,windwalker,24,5,19
Fastblood,kazzak,478,monk,windwalker,18,5,13
Blackdu,drakthul,477,monk,windwalker,16,6,10
Sadwhi,turalyon,472,monk,windwalker,12,5,7
Манамба,blackscar,463,monk,windwalker,17,5,12
Lqp,outland,447,monk,windwalker,11,5,6
Chifù,silvermoon,432,monk,windwalker,19,6,13
Crokmoche,archimonde,428,monk,windwalker,12,7,5
Dokodesuka,ysondre,428,monk,windwalker,11,5,6
Marqinio,archimonde,426,monk,windwalker,15,7,8
Twdabuser,tarren-mill,415,monk,windwalker,8,5,3
Камагами,howling-fjord,400,monk,windwalker,7,5,2
Theoalt,dragonblight,399,monk,windwalker,5,5,0
Rhèa,todeswache,384,monk,windwalker,6,4,2
Kurtfu,ravencrest,384,monk,windwalker,6,4,2
Nicomonk,ravencrest,384,monk,windwalker,6,4,2
Кокпанчер,soulflayer,384,monk,windwalker,6,4,2
Asceticism,twisting-nether,384,monk,windwalker,6,4,2
Larrý,sylvanas,384,monk,windwalker,6,4,2
Ровк,howling-fjord,384,monk,windwalker,6,4,2
Милосердие,eversong,384,monk,windwalker,6,4,2
Willempie,stormreaver,384,monk,windwalker,6,4,2
Saysin,blackrock,384,monk,windwalker,6,4,2
Sesh,runetotem,384,monk,windwalker,6,4,2
Justwannaówn,blackrock,384,monk,windwalker,6,4,2
Baisi,blackhand,384,monk,windwalker,6,4,2
Wushin,antonidas,384,monk,windwalker,6,4,2
Shadezz,blackmoore,384,monk,windwalker,6,4,2
Jériícho,khaz-modan,384,monk,windwalker,6,4,2
Alâkhai,nerzhul,384,monk,windwalker,6,4,2
Windstormcro,ragnaros,384,monk,windwalker,6,4,2
Orenichi,antonidas,384,monk,windwalker,6,4,2
Ubap,emeriss,384,monk,windwalker,6,4,2
Sprizzfuaz,blackmoore,384,monk,windwalker,6,4,2
Disciprín,tarren-mill,384,monk,windwalker,6,4,2
Tacktix,defias-brotherhood,384,monk,windwalker,6,4,2
Rugys,ravenholdt,384,monk,windwalker,6,4,2
Karya,chogall,384,monk,windwalker,6,4,2
Hertel,boulderfist,384,monk,windwalker,6,4,2
Ciuco,stormscale,384,monk,windwalker,6,4,2
Rektless,nordrassil,384,monk,windwalker,6,4,2
Trample,stormscale,384,monk,windwalker,6,4,2
Soulspar,ragnaros,384,monk,windwalker,6,4,2
Karrin,ghostlands,384,monk,windwalker,6,4,2
Palarîns,dalaran,384,monk,windwalker,6,4,2
Monkflexi,draenor,384,monk,windwalker,6,4,2
Wingwalker,twisting-nether,384,monk,windwalker,6,4,2
Dadrael,argent-dawn,384,monk,windwalker,6,4,2
Sepi,hellfire,384,monk,windwalker,6,4,2
Venersere,eitrigg,384,monk,windwalker,6,4,2
Yeanwoo,burning-legion,384,monk,windwalker,6,4,2
Blazeuu,drakthul,384,monk,windwalker,6,4,2
Tàlo,anachronos,384,monk,windwalker,6,4,2
Windvibes,antonidas,384,monk,windwalker,6,4,2
Mystd,hyjal,384,monk,windwalker,6,4,2
Piednuques,archimonde,384,monk,windwalker,6,4,2
Møønkëy,archimonde,384,monk,windwalker,6,4,2
Hotfist,outland,384,monk,windwalker,6,4,2
Sæ,kazzak,384,monk,windwalker,6,4,2
Onn,outland,384,monk,windwalker,6,4,2
Orênda,silvermoon,384,monk,windwalker,6,4,2
Rayids,kazzak,384,monk,windwalker,6,4,2
Tottle,archimonde,384,monk,windwalker,6,4,2
Shailene,kazzak,384,monk,windwalker,6,4,2
Jetcee,kazzak,384,monk,windwalker,6,4,2
Clìtfister,silvermoon,384,monk,windwalker,6,4,2
Àyoörts,archimonde,384,monk,windwalker,6,4,2
Màlydôr,outland,384,monk,windwalker,6,4,2
Elahn,outland,384,monk,windwalker,6,4,2
Garmore,blackmoore,384,monk,windwalker,9,5,4
Räyh,outland,384,monk,windwalker,12,4,8
Monkkr,argent-dawn,384,monk,windwalker,12,4,8
Scribzz,twisting-nether,384,monk,windwalker,12,4,8
Knupi,dalaran,384,monk,windwalker,12,4,8
Joachi,outland,384,monk,windwalker,12,4,8
Ragobd,argent-dawn,384,monk,windwalker,12,4,8
Azia,bronzebeard,384,monk,windwalker,12,4,8
Dëvilliä,ragnaros,384,monk,windwalker,12,4,8
Bluum,ravencrest,384,monk,windwalker,12,4,8
Axan,drekthar,384,monk,windwalker,12,4,8
Bigkim,khadgar,384,monk,windwalker,12,4,8
Hitmônchan,ravencrest,384,monk,windwalker,12,4,8
Вамдампощам,blackscar,384,monk,windwalker,12,4,8
Blackdwarf,tarren-mill,384,monk,windwalker,12,4,8
Bytheway,kazzak,384,monk,windwalker,12,4,8
Dunkfjås,stormscale,384,monk,windwalker,12,4,8
Loorda,neptulon,384,monk,windwalker,12,4,8
Fishweaver,ravencrest,384,monk,windwalker,12,4,8
Løkî,culte-de-la-rive-noire,384,monk,windwalker,12,4,8
Showmeskillz,blackmoore,384,monk,windwalker,12,4,8
Кириешек,deathguard,384,monk,windwalker,12,4,8
Гарчи,azuregos,384,monk,windwalker,12,4,8
Kushvendorx,silvermoon,384,monk,windwalker,12,4,8
Fueradeserie,dun-modr,384,monk,windwalker,12,4,8
Аоепуп,soulflayer,384,monk,windwalker,12,4,8
Goremancey,draenor,384,monk,windwalker,12,4,8
Hoøo,hyjal,384,monk,windwalker,12,4,8
Ledoz,ravencrest,384,monk,windwalker,12,4,8
Ожиганов,soulflayer,384,monk,windwalker,12,4,8
Чистыйбаер,soulflayer,384,monk,windwalker,12,4,8
Panda,das-syndikat,384,monk,windwalker,18,4,14
Aesthetìc,draenor,384,monk,windwalker,18,4,14
Softjab,twisting-nether,384,monk,windwalker,18,4,14
Bbinzu,lothar,383,monk,windwalker,6,4,2
Erzull,doomhammer,383,monk,windwalker,11,4,7
Slight,ragnaros,352,monk,windwalker,10,4,6
Youngmonk,tarren-mill,351,monk,windwalker,23,4,19
Benkkei,ysondre,336,monk,windwalker,15,4,11
Shamarinator,kazzak,330,monk,windwalker,15,5,10
Shyriu,kazzak,320,monk,windwalker,10,4,6
Choje,blackmoore,319,monk,windwalker,5,4,1
Alë,argent-dawn,319,monk,windwalker,8,4,4
Shàllýn,antonidas,304,monk,windwalker,13,4,9
Veline,dun-modr,288,monk,windwalker,6,3,3
Банхелоу,ashenvale,288,monk,windwalker,6,3,3
Realfighter,arathor,288,monk,windwalker,6,3,3
Rpzlefisc,archimonde,288,monk,windwalker,6,3,3
Velduin,dun-modr,288,monk,windwalker,6,3,3
Шаоснов,eversong,288,monk,windwalker,6,3,3
Pandathiss,argent-dawn,288,monk,windwalker,6,3,3
Zelraqt,burning-steppes,288,monk,windwalker,6,3,3
Zéná,gilneas,288,monk,windwalker,6,3,3
Twoßastard,kazzak,288,monk,windwalker,6,3,3
Nüffelbüffel,blackrock,288,monk,windwalker,6,3,3
Bg,blackhand,288,monk,windwalker,6,3,3
Ariesani,blackmoore,288,monk,windwalker,6,3,3
Droozy,silvermoon,288,monk,windwalker,6,3,3
Ctrlqx,garona,288,monk,windwalker,6,3,3
Ðoom,sylvanas,288,monk,windwalker,6,3,3
Testibuul,archimonde,288,monk,windwalker,6,3,3
Deadlytouch,pozzo-delleternità,288,monk,windwalker,6,3,3
Woushou,outland,288,monk,windwalker,6,3,3
Cribling,stormscale,288,monk,windwalker,6,3,3
Vultzm,draenor,288,monk,windwalker,6,3,3
Бреэйн,howling-fjord,288,monk,windwalker,6,3,3
Дзинкс,howling-fjord,288,monk,windwalker,6,3,3
Billyebbasta,nemesis,288,monk,windwalker,6,3,3
Chakkal,twisting-nether,288,monk,windwalker,6,3,3
Grippen,ragnaros,288,monk,windwalker,6,3,3
Doash,nemesis,288,monk,windwalker,6,3,3
Patîence,silvermoon,288,monk,windwalker,6,3,3
Пингкин,deathweaver,288,monk,windwalker,6,3,3
Soraora,twisting-nether,288,monk,windwalker,6,3,3
Aaronm,tarren-mill,288,monk,windwalker,6,3,3
Jâycrane,ravencrest,288,monk,windwalker,6,3,3
Kungf,twisting-nether,288,monk,windwalker,6,3,3
Stonkss,ragnaros,288,monk,windwalker,6,3,3
Adewelee,dalaran,288,monk,windwalker,6,3,3
Tjmnk,ravencrest,288,monk,windwalker,6,3,3
Xpobak,ravencrest,288,monk,windwalker,6,3,3
Blyadislav,ravencrest,288,monk,windwalker,6,3,3
Señorzayo,ravencrest,288,monk,windwalker,6,3,3
Рендикаое,soulflayer,288,monk,windwalker,6,3,3
Exòar,ravencrest,288,monk,windwalker,6,3,3
Monkelibonk,ravencrest,288,monk,windwalker,6,3,3
Heijus,tarren-mill,288,monk,windwalker,6,3,3
Leasyww,antonidas,288,monk,windwalker,6,3,3
Jakfuki,ragnaros,288,monk,windwalker,6,3,3
Mushush,draenor,288,monk,windwalker,6,3,3
Koot,ragnaros,288,monk,windwalker,6,3,3
Zunixxww,terrordar,288,monk,windwalker,6,3,3
Ratfacè,outland,288,monk,windwalker,6,3,3
Tshajek,hyjal,288,monk,windwalker,6,3,3
Møngøwéávé,argent-dawn,288,monk,windwalker,6,3,3
Zenfoxy,blackrock,288,monk,windwalker,6,3,3
Gangzone,eredar,288,monk,windwalker,6,3,3
Marcjess,kazzak,288,monk,windwalker,6,3,3
Nibbly,argent-dawn,288,monk,windwalker,6,3,3
Zìnko,eredar,288,monk,windwalker,6,3,3
Heavensåway,ysondre,288,monk,windwalker,6,3,3
Balkanbeastt,draenor,288,monk,windwalker,10,4,6
Hellanmonk,stormscale,288,monk,windwalker,8,3,5
Chówmin,silvermoon,288,monk,windwalker,11,4,7
Koreanswap,nordrassil,288,monk,windwalker,9,3,6
Bambøuéqtz,khaz-modan,288,monk,windwalker,9,3,6
Rag,burning-legion,288,monk,windwalker,12,3,9
Yvètte,ravencrest,288,monk,windwalker,12,3,9
Xiæo,moonglade,288,monk,windwalker,12,3,9
Cøbrakaï,archimonde,288,monk,windwalker,12,3,9
Roxmonk,ravencrest,288,monk,windwalker,12,3,9
Mönchfatih,blackhand,288,monk,windwalker,12,3,9
Telarîa,blackhand,288,monk,windwalker,12,3,9
Nerrwhind,sylvanas,288,monk,windwalker,12,3,9
Clamps,darkspear,288,monk,windwalker,12,3,9
Orenjis,kazzak,288,monk,windwalker,12,3,9
Xingji,antonidas,288,monk,windwalker,12,3,9
Mobbært,antonidas,288,monk,windwalker,12,3,9
Sustanoon,draenor,288,monk,windwalker,12,3,9
Adis,nerathor,288,monk,windwalker,12,3,9
Ikasama,culte-de-la-rive-noire,288,monk,windwalker,12,3,9
Howkong,archimonde,288,monk,windwalker,12,3,9
Geliôs,kazzak,288,monk,windwalker,12,3,9
Yunxi,stormreaver,288,monk,windwalker,12,3,9
Barylen,outland,288,monk,windwalker,12,3,9
Jihaaz,nemesis,288,monk,windwalker,13,3,10
Amatara,blackrock,288,monk,windwalker,18,3,15
Baazoka,blackmoore,287,monk,windwalker,6,3,3
Monkwins,turalyon,287,monk,windwalker,6,3,3
Lewimoäne,khaz-modan,287,monk,windwalker,6,3,3
Syaóran,exodar,286,monk,windwalker,12,3,9
Соловьюх,gordunni,286,monk,windwalker,12,3,9
Madagazsgar,kazzak,256,monk,windwalker,10,3,7
Ходячиймонк,gordunni,256,monk,windwalker,10,3,7
Пкмлкм,gordunni,255,monk,windwalker,11,3,8
Dolkenm,tarren-mill,240,monk,windwalker,9,4,5
Fancyfists,ravencrest,239,monk,windwalker,5,3,2
Hochiminh,eldrethalas,239,monk,windwalker,5,3,2
Zerno,archimonde,239,monk,windwalker,5,3,2
Tbagman,argent-dawn,234,monk,windwalker,9,4,5
Andrah,blackmoore,234,monk,windwalker,14,4,10
Idointcare,ravencrest,192,monk,windwalker,4,3,1
Bignessb,draenor,192,monk,windwalker,4,3,1
Wickly,stormscale,192,monk,windwalker,10,4,6
Kano,burning-legion,192,monk,windwalker,9,3,6
Бесчувствие,blackscar,192,monk,windwalker,6,2,4
Nebelpanda,ravencrest,192,monk,windwalker,6,2,4
Jintae,deathwing,192,monk,windwalker,6,2,4
Lxq,blackhand,192,monk,windwalker,6,2,4
Монквв,eversong,192,monk,windwalker,6,2,4
Zýru,ragnaros,192,monk,windwalker,6,2,4
Priosia,ragnaros,192,monk,windwalker,6,2,4
Канибальный,gordunni,192,monk,windwalker,6,2,4
Jackonk,eredar,192,monk,windwalker,6,2,4
Wahrye,hyjal,192,monk,windwalker,6,2,4
Charlês,outland,192,monk,windwalker,6,2,4
Akazuki,frostwolf,192,monk,windwalker,6,2,4
Panzerfall,hyjal,192,monk,windwalker,6,2,4
Brewroll,ravencrest,192,monk,windwalker,6,2,4
Landiiguru,ragnaros,192,monk,windwalker,6,2,4
Слабодян,gordunni,192,monk,windwalker,6,2,4
Khirazim,ysondre,192,monk,windwalker,6,2,4
Псилоцибин,gordunni,192,monk,windwalker,6,2,4
ßájkà,ravencrest,192,monk,windwalker,6,2,4
Bludclart,outland,192,monk,windwalker,6,2,4
Prycch,twisting-nether,192,monk,windwalker,6,2,4
Fístfillet,twisting-nether,192,monk,windwalker,6,2,4
Dodoglad,hyjal,192,monk,windwalker,6,2,4
Laxnacke,the-maelstrom,192,monk,windwalker,6,2,4
Deathpùlse,ravencrest,192,monk,windwalker,6,2,4
Грагдораш,soulflayer,192,monk,windwalker,6,2,4
Bensil,ravencrest,192,monk,windwalker,6,2,4
Icaena,ravencrest,192,monk,windwalker,6,2,4
Jakamstar,ravencrest,192,monk,windwalker,6,2,4
Kukulelee,ragnaros,192,monk,windwalker,6,2,4
Bensó,stormscale,192,monk,windwalker,6,2,4
Майамибитч,howling-fjord,192,monk,windwalker,6,2,4
Panicfist,stormscale,192,monk,windwalker,6,2,4
Musclorww,ysondre,192,monk,windwalker,6,2,4
Akkadianx,ravencrest,192,monk,windwalker,6,2,4
Mychigun,ravencrest,192,monk,windwalker,6,2,4
Пекник,gordunni,192,monk,windwalker,6,2,4
Frajer,auchindoun,192,monk,windwalker,6,2,4
Subsul,sylvanas,192,monk,windwalker,6,2,4
Jojitsu,ravencrest,192,monk,windwalker,6,2,4
Sqedi,draenor,192,monk,windwalker,6,2,4
Дедизшишки,soulflayer,192,monk,windwalker,6,2,4
Mezeko,stormscale,192,monk,windwalker,6,2,4
Paykø,antonidas,192,monk,windwalker,6,2,4
Lildaddymonk,ravencrest,192,monk,windwalker,6,2,4
Амекиса,deathguard,192,monk,windwalker,6,2,4
Stillflow,draenor,192,monk,windwalker,6,2,4
Bobthewild,draenor,192,monk,windwalker,6,2,4
Bloodychi,ravencrest,192,monk,windwalker,6,2,4
Tyrastel,dalaran,192,monk,windwalker,6,2,4
Halat,kazzak,192,monk,windwalker,6,2,4
Påiñ,silvermoon,192,monk,windwalker,6,2,4
Noctaeth,destromath,192,monk,windwalker,6,2,4
Baoton,blackmoore,192,monk,windwalker,6,2,4
Savecdfornxt,blackmoore,192,monk,windwalker,6,2,4
Brùcelee,blackmoore,192,monk,windwalker,6,2,4
Friidam,lightbringer,192,monk,windwalker,6,2,4
Bamboosnack,kazzak,192,monk,windwalker,6,2,4
Manniche,kazzak,192,monk,windwalker,6,2,4
Niborc,doomhammer,192,monk,windwalker,6,2,4
Îreful,tarren-mill,192,monk,windwalker,6,2,4
Youruba,dun-modr,192,monk,windwalker,6,2,4
Lílliv,wrathbringer,192,monk,windwalker,6,2,4
Eynodiggity,blackmoore,192,monk,windwalker,6,2,4
Wteg,emerald-dream,192,monk,windwalker,6,2,4
Shïma,sargeras,192,monk,windwalker,6,2,4
Mtmonk,tarren-mill,192,monk,windwalker,6,2,4
Madinsane,thrall,192,monk,windwalker,6,2,4
Monktadito,sanguino,192,monk,windwalker,6,2,4
Shadopam,zuljin,192,monk,windwalker,6,2,4
Loriodas,tarren-mill,192,monk,windwalker,6,2,4
Gabbah,blackrock,192,monk,windwalker,6,2,4
Walterwayne,blackrock,192,monk,windwalker,6,2,4
Popurita,sanguino,192,monk,windwalker,6,2,4
Minfilla,argent-dawn,192,monk,windwalker,6,2,4
Nql,kazzak,192,monk,windwalker,6,2,4
Lollonko,kazzak,192,monk,windwalker,6,2,4
Stenhård,azjolnerub,192,monk,windwalker,6,2,4
Freebîrd,shattered-hand,192,monk,windwalker,6,2,4
Montybrew,tarren-mill,192,monk,windwalker,6,2,4
Entropî,tarren-mill,192,monk,windwalker,6,2,4
Spoiry,tarren-mill,192,monk,windwalker,6,2,4
Yaevinn,burning-legion,192,monk,windwalker,6,2,4
Geochi,tarren-mill,192,monk,windwalker,6,2,4
Píkachuu,ragnaros,192,monk,windwalker,9,2,7
Mysticpaws,kazzak,192,monk,windwalker,16,3,13
Orkuru,kazzak,192,monk,windwalker,11,2,9
Lilotus,ragnaros,192,monk,windwalker,12,2,10
Ninjagaiden,archimonde,192,monk,windwalker,12,2,10
Tongat,ravencrest,192,monk,windwalker,12,2,10
Schneewase,blackrock,192,monk,windwalker,12,2,10
Rolegsweep,arathor,192,monk,windwalker,12,2,10
Jolsey,sunstrider,192,monk,windwalker,12,2,10
Гнидожор,booty-bay,192,monk,windwalker,12,2,10
Pawpipe,ravencrest,192,monk,windwalker,12,2,10
Shaow,hyjal,192,monk,windwalker,12,2,10
Yianjih,blackmoore,191,monk,windwalker,6,2,4
Mashalar,ravencrest,191,monk,windwalker,6,2,4
Brêwjob,archimonde,180,monk,windwalker,14,6,8
Bruhgdar,silvermoon,175,monk,windwalker,11,2,9
Resinn,ravencrest,169,monk,windwalker,10,4,6
Лордволкер,gordunni,159,monk,windwalker,5,2,3
Hackerman,archimonde,159,monk,windwalker,5,2,3
Nefy,antonidas,159,monk,windwalker,5,2,3
Idkfa,sylvanas,159,monk,windwalker,11,2,9
Jweise,tarren-mill,138,monk,windwalker,7,3,4
Atrøciøus,ravencrest,138,monk,windwalker,7,3,4
Räpeltäjä,stormreaver,138,monk,windwalker,11,4,7
Лайтсих,soulflayer,128,monk,windwalker,4,2,2
Makïi,archimonde,127,monk,windwalker,8,2,6
Uftis,thrall,127,monk,windwalker,8,2,6
Фистингкоуч,gordunni,96,monk,windwalker,3,2,1
Rileyweed,hellscream,96,monk,windwalker,6,1,5
Lazyfellôw,drakthul,96,monk,windwalker,6,1,5
Ronkingkong,ravencrest,96,monk,windwalker,6,1,5
Nsq,ravencrest,96,monk,windwalker,6,1,5
Konnîchîwa,kazzak,96,monk,windwalker,6,1,5
Ônlýféédx,burning-blade,96,monk,windwalker,6,1,5
Lgndkw,kazzak,96,monk,windwalker,6,1,5
Monkenya,kazzak,96,monk,windwalker,6,1,5
Dìó,tarren-mill,96,monk,windwalker,6,1,5
Drlightorc,tarren-mill,96,monk,windwalker,6,1,5
Masbrew,ravencrest,96,monk,windwalker,6,1,5
Umbrâsyl,ravencrest,96,monk,windwalker,6,1,5
Cumspiller,ravencrest,96,monk,windwalker,6,1,5
Kickboxer,burning-legion,96,monk,windwalker,6,1,5
Kinføu,hyjal,96,monk,windwalker,6,1,5
Kaengy,hyjal,96,monk,windwalker,6,1,5
Gøsù,antonidas,96,monk,windwalker,6,1,5
Radashin,burning-legion,96,monk,windwalker,6,1,5
Mjaweaver,stormscale,96,monk,windwalker,6,1,5
Smâsh,blackhand,96,monk,windwalker,6,1,5
Jakaron,kazzak,96,monk,windwalker,6,1,5
Dudulinda,silvermoon,96,monk,windwalker,6,1,5
Varanthyra,argent-dawn,96,monk,windwalker,6,1,5
Chucknørris,blackhand,96,monk,windwalker,6,1,5
Sînge,archimonde,96,monk,windwalker,6,1,5
Lîlpumpx,outland,96,monk,windwalker,6,1,5
Nightninja,drakthul,96,monk,windwalker,6,1,5
Castrø,argent-dawn,96,monk,windwalker,6,1,5
Tooweezé,outland,96,monk,windwalker,6,1,5
Мэдсол,soulflayer,96,monk,windwalker,6,1,5
Jongoatjones,outland,96,monk,windwalker,6,1,5
Absølutvødka,outland,96,monk,windwalker,6,1,5
Greytalla,silvermoon,96,monk,windwalker,6,1,5
Olympeá,silvermoon,96,monk,windwalker,6,1,5
Тиронфлакс,soulflayer,96,monk,windwalker,6,1,5
Faulpelz,onyxia,96,monk,windwalker,6,1,5
Warkyra,sanguino,96,monk,windwalker,6,1,5
Harislkwamk,aegwynn,96,monk,windwalker,6,1,5
Синнэрли,soulflayer,96,monk,windwalker,6,1,5
Cabbagés,outland,96,monk,windwalker,6,1,5
Zugzuwg,ahnqiraj,96,monk,windwalker,6,1,5
Kazéshini,doomhammer,96,monk,windwalker,6,1,5
Нэкстимонк,howling-fjord,96,monk,windwalker,6,1,5
Zarkan,draenor,96,monk,windwalker,6,1,5
Kaizenthor,runetotem,96,monk,windwalker,6,1,5
Sheikheric,draenor,96,monk,windwalker,6,1,5
Rhaekhan,kirin-tor,96,monk,windwalker,6,1,5
Butrinto,hellfire,96,monk,windwalker,6,1,5
Shreedmonk,blackmoore,96,monk,windwalker,6,1,5
Gáchisláyer,kazzak,96,monk,windwalker,6,1,5
Chucknøørys,archimonde,96,monk,windwalker,6,1,5
Fistyouslow,kazzak,96,monk,windwalker,6,1,5
Mìcrøb,blackmoore,96,monk,windwalker,6,1,5
Doneithné,stormscale,96,monk,windwalker,6,1,5
Móz,sylvanas,96,monk,windwalker,6,1,5
Bottomoré,silvermoon,96,monk,windwalker,6,1,5
Musaya,chamber-of-aspects,96,monk,windwalker,6,1,5
Bâsarä,archimonde,96,monk,windwalker,6,1,5
Випик,gordunni,96,monk,windwalker,6,1,5
Gilario,silvermoon,96,monk,windwalker,6,1,5
Родиер,gordunni,96,monk,windwalker,6,1,5
Мяяумяу,gordunni,96,monk,windwalker,6,1,5
Chimail,blackrock,96,monk,windwalker,6,1,5
Бумчака,blackscar,96,monk,windwalker,6,1,5
Elerith,grim-batol,96,monk,windwalker,6,1,5
Onisakebi,nemesis,96,monk,windwalker,10,1,9
Monkacphp,drakthul,96,monk,windwalker,12,1,11
Tmhamm,ravencrest,96,monk,windwalker,12,1,11
Mindfreaks,stormscale,96,monk,windwalker,12,1,11
Dadeldo,blackrock,96,monk,windwalker,12,1,11
Araey,argent-dawn,89,monk,windwalker,9,3,6
Aennie,zuljin,84,monk,windwalker,13,4,9
Desertctype,burning-legion,79,monk,windwalker,5,1,4
Xtcc,kazzak,79,monk,windwalker,5,1,4
Tenzen,dun-modr,79,monk,windwalker,11,1,10
Skailzkrtwo,hyjal,48,monk,windwalker,3,1,2
Xámell,ravencrest,48,monk,windwalker,3,1,2
Monkinko,tarren-mill,42,monk,windwalker,10,2,8
Kata,saurfang,31,monk,windwalker,2,1,1
Pjetro,draenor,31,monk,windwalker,2,1,1
Pointguard,blackrock,2180,paladin,holy,84,48,36
Åbx,argent-dawn,2147,paladin,holy,131,66,65
Crewxdlolz,frostmane,2123,paladin,holy,211,118,93
Likkik,ravencrest,2121,paladin,holy,86,42,44
Wiriday,draenor,2117,paladin,holy,627,321,306
Royki,the-maelstrom,2111,paladin,holy,70,38,32
Алексендлер,howling-fjord,2061,paladin,holy,356,194,162
Jìmjim,ysondre,2027,paladin,holy,209,105,104
Ranchiek,ravencrest,2019,paladin,holy,60,31,29
Lickssi,outland,2001,paladin,holy,94,56,38
Pátish,terenas,1978,paladin,holy,97,45,52
Trusttp,ravencrest,1969,paladin,holy,71,46,25
Gloonî,blackmoore,1964,paladin,holy,77,37,40
Goyimslayer,ravencrest,1960,paladin,holy,294,150,144
Galaxys,blackhand,1953,paladin,holy,163,86,77
Måvé,tarren-mill,1948,paladin,holy,147,84,63
Áftershøck,ravencrest,1947,paladin,holy,85,45,40
Vaîjin,aegwynn,1946,paladin,holy,379,196,183
Nemebotddos,dun-modr,1940,paladin,holy,101,51,50
Ránchìek,ravencrest,1940,paladin,holy,66,33,33
Wokyo,tarren-mill,1934,paladin,holy,303,175,128
Seabrook,stormscale,1933,paladin,holy,123,56,67
Reckx,argent-dawn,1927,paladin,holy,113,50,63
Wheelybin,argent-dawn,1924,paladin,holy,105,46,59
Nemesisbot,dun-modr,1923,paladin,holy,120,66,54
Strûgglebûs,outland,1920,paladin,holy,89,49,40
Wontbubblejk,tarren-mill,1918,paladin,holy,72,33,39
Richiks,outland,1916,paladin,holy,96,50,46
Peacerainer,stormscale,1915,paladin,holy,72,32,40
Zabrok,outland,1914,paladin,holy,82,46,36
Rïzé,ravencrest,1911,paladin,holy,54,26,28
Odrareg,kazzak,1886,paladin,holy,430,215,215
Welivewewin,defias-brotherhood,1884,paladin,holy,187,99,88
Dbblou,draenor,1879,paladin,holy,90,44,46
Aww,anachronos,1869,paladin,holy,180,91,89
Rickstone,kazzak,1866,paladin,holy,72,35,37
Tipmax,ravencrest,1856,paladin,holy,61,37,24
Dyslexineef,defias-brotherhood,1856,paladin,holy,106,53,53
Goodpeace,kazzak,1855,paladin,holy,73,35,38
Jeø,stormscale,1854,paladin,holy,60,30,30
Niwariel,silvermoon,1852,paladin,holy,60,37,23
Типмакс,howling-fjord,1851,paladin,holy,42,25,17
Dompèrignon,stormscale,1845,paladin,holy,42,22,20
Shufflenjoyr,argent-dawn,1837,paladin,holy,131,67,64
Optîmuslîme,veklor,1835,paladin,holy,42,27,15
Ajani,la-croisade-écarlate,1828,paladin,holy,60,27,33
Eldorín,blackmoore,1823,paladin,holy,54,20,34
Kyoma,burning-legion,1820,paladin,holy,167,76,91
Andûrîl,tarren-mill,1819,paladin,holy,197,106,91
Kianpal,silvermoon,1818,paladin,holy,158,89,69
Danipaladin,tarren-mill,1817,paladin,holy,88,51,37
Neverlostx,ravencrest,1816,paladin,holy,48,31,17
Popecrusade,archimonde,1813,paladin,holy,107,66,41
Макстипчик,howling-fjord,1813,paladin,holy,69,33,36
Callístó,amanthul,1811,paladin,holy,408,209,199
Isøri,antonidas,1807,paladin,holy,168,92,76
Insonia,frostwolf,1804,paladin,holy,177,101,76
Powertilt,ravencrest,1801,paladin,holy,207,98,109
Pigpiss,ravencrest,1800,paladin,holy,58,25,33
Wollymolly,ravencrest,1799,paladin,holy,102,53,49
Phalphlingo,stormscale,1787,paladin,holy,114,52,62
Majör,ysondre,1786,paladin,holy,78,39,39
Runtheshôw,tarren-mill,1774,paladin,holy,196,94,102
Гола,gordunni,1771,paladin,holy,97,44,53
Lexó,ravencrest,1768,paladin,holy,66,30,36
Tyrsa,defias-brotherhood,1767,paladin,holy,71,31,40
Verlinya,archimonde,1765,paladin,holy,54,29,25
Holylightxz,runetotem,1765,paladin,holy,93,46,47
Valia,argent-dawn,1761,paladin,holy,105,57,48
Everflame,blackmoore,1758,paladin,holy,102,60,42
Lrnz,tarren-mill,1758,paladin,holy,102,45,57
Whothisguy,ravencrest,1757,paladin,holy,72,35,37
Tibælius,ravencrest,1753,paladin,holy,131,67,64
Flouzz,blackmoore,1750,paladin,holy,120,57,63
Wernøw,archimonde,1746,paladin,holy,39,20,19
Holysacx,aegwynn,1744,paladin,holy,60,34,26
Rettyfield,blackrock,1744,paladin,holy,42,23,19
Edelarøs,ysondre,1744,paladin,holy,183,91,92
Heilbuch,durotan,1738,paladin,holy,249,134,115
Jüther,pozzo-delleternità,1736,paladin,holy,35,19,16
Svyata,twisting-nether,1730,paladin,holy,143,66,77
Thaderÿl,auchindoun,1718,paladin,holy,167,88,79
Narkal,archimonde,1716,paladin,holy,123,65,58
Dewastor,veklor,1715,paladin,holy,64,37,27
Insanez,stormscale,1715,paladin,holy,56,27,29
Хегия,gordunni,1713,paladin,holy,168,92,76
Kwinn,aggra-português,1713,paladin,holy,36,18,18
Hearten,outland,1712,paladin,holy,28,19,9
Tibelious,ravencrest,1710,paladin,holy,179,85,94
Monkeyclass,blackmoore,1709,paladin,holy,60,30,30
Акунделар,gordunni,1706,paladin,holy,125,63,62
Аришалисичка,blackscar,1704,paladin,holy,82,41,41
Voklane,tarren-mill,1704,paladin,holy,56,27,29
Beefcrusher,outland,1704,paladin,holy,42,18,24
Rezvaya,tarren-mill,1700,paladin,holy,54,22,32
Ðelusion,sanguino,1697,paladin,holy,35,19,16
Гигашмяк,howling-fjord,1694,paladin,holy,304,155,149
Vindîcator,defias-brotherhood,1694,paladin,holy,227,107,120
Padisonmeth,blackmoore,1694,paladin,holy,53,19,34
Фьюжндрайв,gordunni,1693,paladin,holy,36,18,18
Chowo,argent-dawn,1693,paladin,holy,113,54,59
Faíren,mugthol,1692,paladin,holy,96,51,45
Gexx,draenor,1692,paladin,holy,113,54,59
Мускатер,gordunni,1689,paladin,holy,88,44,44
Diffay,tarren-mill,1686,paladin,holy,60,32,28
Jûliâ,archimonde,1686,paladin,holy,112,57,55
Moeixu,kazzak,1686,paladin,holy,99,41,58
Rejst,drakthul,1686,paladin,holy,71,29,42
Dömötörp,ragnaros,1685,paladin,holy,189,100,89
Pêacerainer,stormscale,1685,paladin,holy,240,100,140
Haylø,archimonde,1684,paladin,holy,75,35,40
Drohim,aegwynn,1680,paladin,holy,58,28,30
Lycerax,antonidas,1677,paladin,holy,42,24,18
Holysac,aegwynn,1669,paladin,holy,48,26,22
Thaderyl,auchindoun,1666,paladin,holy,266,131,135
Holylightxz,archimonde,1666,paladin,holy,48,23,25
Shamoo,archimonde,1664,paladin,holy,36,21,15
Лайтпалочка,soulflayer,1663,paladin,holy,370,185,185
Holysac,kazzak,1662,paladin,holy,42,22,20
Бирко,blackscar,1661,paladin,holy,99,51,48
Дарксайгн,gordunni,1659,paladin,holy,72,28,44
Mðnsterz,archimonde,1653,paladin,holy,78,37,41
Swâpxy,proudmoore,1649,paladin,holy,42,28,14
Powarpufgirl,blackrock,1646,paladin,holy,59,30,29
Kakii,gorgonnash,1645,paladin,holy,59,24,35
Spinne,tarren-mill,1642,paladin,holy,142,71,71
Alphaøne,stormscale,1642,paladin,holy,42,20,22
Profundus,zuluhed,1640,paladin,holy,102,46,56
Jinyssa,silvermoon,1639,paladin,holy,53,32,21
Celébriel,twisting-nether,1638,paladin,holy,131,74,57
Crucifiction,balnazzar,1637,paladin,holy,78,38,40
Emloses,outland,1632,paladin,holy,354,179,175
Алукартик,deathguard,1631,paladin,holy,101,54,47
Stratarxis,kazzak,1631,paladin,holy,106,52,54
Святстраж,gordunni,1631,paladin,holy,50,23,27
Baazil,ragnaros,1631,paladin,holy,84,38,46
Shabbyy,bronzebeard,1630,paladin,holy,114,63,51
Fjorhvor,draenor,1629,paladin,holy,524,276,248
Рустиктоп,gordunni,1629,paladin,holy,48,21,27
Derpe,hellscream,1628,paladin,holy,30,17,13
Insanevegan,ravencrest,1628,paladin,holy,66,33,33
Pignonn,dalaran,1628,paladin,holy,255,126,129
Marcope,kazzak,1628,paladin,holy,36,17,19
Smightypal,silvermoon,1626,paladin,holy,147,75,72
Arysur,defias-brotherhood,1626,paladin,holy,506,251,255
Skyf,outland,1626,paladin,holy,293,139,154
Máttés,antonidas,1626,paladin,holy,59,21,38
Jeromesavile,tarren-mill,1625,paladin,holy,143,68,75
Banglakesh,draenor,1624,paladin,holy,36,20,16
Lofé,drakthul,1623,paladin,holy,44,22,22
Jambbo,twisting-nether,1622,paladin,holy,148,81,67
Foxywild,aszune,1622,paladin,holy,117,60,57
Флэшкапро,soulflayer,1621,paladin,holy,244,126,118
Necrocursed,blackrock,1621,paladin,holy,42,19,23
Nezâ,blackhand,1619,paladin,holy,58,26,32
Athenewins,tarren-mill,1616,paladin,holy,400,210,190
Crankaess,tarren-mill,1616,paladin,holy,73,37,36
Lexolex,ravencrest,1616,paladin,holy,36,17,19
Misarosh,drakthul,1616,paladin,holy,60,28,32
Mchustler,outland,1616,paladin,holy,60,27,33
Papasito,tarren-mill,1616,paladin,holy,48,17,31
Percocetx,tarren-mill,1613,paladin,holy,54,24,30
Faíren,blackrock,1613,paladin,holy,54,24,30
Astarox,kazzak,1610,paladin,holy,283,133,150
ßestsacjk,kazzak,1610,paladin,holy,54,22,32
Kristelle,argent-dawn,1609,paladin,holy,199,105,94
Zondãn,blackrock,1608,paladin,holy,101,54,47
Kaputs,twisting-nether,1606,paladin,holy,31,18,13
Дэнриэль,howling-fjord,1606,paladin,holy,54,25,29
Umirinbruv,zenedar,1606,paladin,holy,80,33,47
Острит,gordunni,1605,paladin,holy,78,45,33
Expander,draenor,1605,paladin,holy,48,20,28
Holeck,aegwynn,1605,paladin,holy,72,28,44
Buntqt,kazzak,1604,paladin,holy,112,59,53
Джонниджага,blackscar,1604,paladin,holy,58,28,30
Kfcmanager,archimonde,1603,paladin,holy,60,30,30
Stepsislana,tarren-mill,1601,paladin,holy,30,17,13
Xelqt,draenor,1601,paladin,holy,134,67,67
Emlight,kazzak,1600,paladin,holy,95,49,46
Judgejuryexe,kazzak,1600,paladin,holy,92,44,48
Vxqt,blackrock,1599,paladin,holy,59,27,32
Tyralia,archimonde,1598,paladin,holy,60,35,25
Мылонеуроних,deathguard,1598,paladin,holy,66,29,37
Wíw,kazzak,1596,paladin,holy,178,89,89
Elsewhere,archimonde,1595,paladin,holy,95,45,50
Bossedin,aszune,1593,paladin,holy,30,17,13
Thaliasword,sylvanas,1593,paladin,holy,72,34,38
Аронасхе,blackscar,1593,paladin,holy,131,60,71
Enemylosers,stormscale,1592,paladin,holy,234,127,107
Ìschtarsdad,blackrock,1591,paladin,holy,192,96,96
Xaérulus,draenor,1590,paladin,holy,95,46,49
Erathoor,grim-batol,1589,paladin,holy,72,35,37
Astollfo,hyjal,1588,paladin,holy,42,26,16
Сэлфхил,gordunni,1587,paladin,holy,119,53,66
Delicztwo,der-rat-von-dalaran,1586,paladin,holy,54,28,26
Stidi,frostmane,1586,paladin,holy,178,87,91
Holychît,sanguino,1586,paladin,holy,117,54,63
Zendæ,archimonde,1585,paladin,holy,39,21,18
Øøbîatch,archimonde,1584,paladin,holy,48,25,23
Yzzy,ravencrest,1583,paladin,holy,204,100,104
Xsÿde,archimonde,1583,paladin,holy,128,61,67
Xenyaa,arygos,1581,paladin,holy,103,53,50
Fannypoo,sylvanas,1581,paladin,holy,251,122,129
Пчелодин,howling-fjord,1581,paladin,holy,36,17,19
Rookbeef,eredar,1580,paladin,holy,72,41,31
Blazerlolz,kazzak,1578,paladin,holy,107,56,51
Myssa,uldum,1577,paladin,holy,42,21,21
Holydeals,silvermoon,1577,paladin,holy,84,40,44
Pooncy,ragnaros,1574,paladin,holy,84,41,43
Xray,ahnqiraj,1573,paladin,holy,65,32,33
Chosenlight,darkspear,1571,paladin,holy,304,145,159
Sorfalik,silvermoon,1570,paladin,holy,75,43,32
Zaphiri,pozzo-delleternità,1567,paladin,holy,61,28,33
Askmy,stormscale,1566,paladin,holy,57,32,25
Defnotsikaan,blackhand,1565,paladin,holy,84,40,44
Louiepal,outland,1564,paladin,holy,47,27,20
Ulumoo,tarren-mill,1564,paladin,holy,36,18,18
Gigaheals,ravencrest,1562,paladin,holy,60,39,21
Waynex,twisting-nether,1562,paladin,holy,53,29,24
Nîkå,ravencrest,1561,paladin,holy,109,62,47
Dàrckness,ravencrest,1561,paladin,holy,455,242,213
Femaleelf,eredar,1561,paladin,holy,48,20,28
Brutalmate,burning-blade,1560,paladin,holy,93,41,52
Cptlighter,draenor,1559,paladin,holy,53,19,34
Artherius,silvermoon,1558,paladin,holy,103,64,39
Pullheavy,silvermoon,1557,paladin,holy,346,176,170
Bhlessings,ravencrest,1556,paladin,holy,56,24,32
Arenalena,sylvanas,1555,paladin,holy,217,111,106
Erao,the-maelstrom,1554,paladin,holy,48,24,24
Padrak,eredar,1554,paladin,holy,39,17,22
Sncx,ravencrest,1553,paladin,holy,54,29,25
Skurly,ragnaros,1551,paladin,holy,42,19,23
Dathróhán,silvermoon,1550,paladin,holy,422,215,207
Факофф,gordunni,1549,paladin,holy,114,62,52
Obviously,echsenkessel,1549,paladin,holy,75,35,40
Ddomi,dun-modr,1548,paladin,holy,48,20,28
Pablok,minahonda,1548,paladin,holy,48,17,31
Sorfalinka,silvermoon,1547,paladin,holy,63,38,25
Рэймондх,gordunni,1547,paladin,holy,78,35,43
Mistsx,kazzak,1546,paladin,holy,60,27,33
Andronar,blackmoore,1545,paladin,holy,114,54,60
Tuoppi,steamwheedle-cartel,1544,paladin,holy,132,66,66
Срувтапкизз,blackscar,1543,paladin,holy,89,32,57
Rëtnuhka,drakthul,1542,paladin,holy,99,49,50
Chryme,thrall,1541,paladin,holy,96,48,48
Зинарэмпейдж,gordunni,1539,paladin,holy,102,51,51
Тошанич,soulflayer,1539,paladin,holy,54,24,30
Drident,die-nachtwache,1537,paladin,holy,36,18,18
Nimeron,ravencrest,1536,paladin,holy,120,60,60
Nstea,zuljin,1534,paladin,holy,30,16,14
Böllerbarbie,silvermoon,1532,paladin,holy,83,51,32
Chocòbon,archimonde,1531,paladin,holy,182,101,81
Lóde,silvermoon,1530,paladin,holy,148,77,71
Wizqy,ravencrest,1530,paladin,holy,66,32,34
Jcbubs,xavius,1528,paladin,holy,234,114,120
Леонящер,gordunni,1527,paladin,holy,323,177,146
Injection,khaz-modan,1527,paladin,holy,181,89,92
Irefutabila,stormscale,1527,paladin,holy,112,51,61
Бадбх,howling-fjord,1527,paladin,holy,90,39,51
Холиэвил,gordunni,1526,paladin,holy,90,49,41
Fløcki,blackhand,1525,paladin,holy,232,119,113
Skailzpal,hyjal,1524,paladin,holy,160,94,66
Búbblicioús,ravencrest,1524,paladin,holy,84,49,35
Rekieuna,archimonde,1524,paladin,holy,727,364,363
Itsjulie,sylvanas,1523,paladin,holy,130,59,71
Всехилящий,gordunni,1520,paladin,holy,78,36,42
Fúrion,burning-blade,1520,paladin,holy,60,26,34
Crystal,thrall,1517,paladin,holy,54,33,21
Luxxorr,outland,1516,paladin,holy,98,57,41
Скайлайтх,soulflayer,1515,paladin,holy,42,22,20
Cerinae,tarren-mill,1515,paladin,holy,168,87,81
Plaeschrmaex,aegwynn,1515,paladin,holy,42,16,26
Sweetjane,deathwing,1513,paladin,holy,53,28,25
Gasilol,frostwolf,1512,paladin,holy,93,46,47
Nefarius,malganis,1512,paladin,holy,71,34,37
Wingcomandêr,aegwynn,1510,paladin,holy,60,27,33
Stinkepieet,blackmoore,1509,paladin,holy,197,100,97
Hairybabe,outland,1507,paladin,holy,102,58,44
Holycoomer,silvermoon,1507,paladin,holy,44,22,22
Вивай,howling-fjord,1507,paladin,holy,36,17,19
Ironmikë,outland,1505,paladin,holy,42,24,18
Fatmidget,kazzak,1503,paladin,holy,66,43,23
Spårvagn,draenor,1502,paladin,holy,84,41,43
Polixeni,draenor,1502,paladin,holy,54,16,38
Catpoopnacho,blackmoore,1500,paladin,holy,90,52,38
Hawki,blackmoore,1500,paladin,holy,42,23,19
Aese,dun-modr,1499,paladin,holy,102,51,51
Superalt,archimonde,1498,paladin,holy,30,18,12
Rùfus,tarren-mill,1497,paladin,holy,162,84,78
Sübôvîñ,ravencrest,1497,paladin,holy,135,69,66
Pamee,blackrock,1497,paladin,holy,42,20,22
Джонигодх,gordunni,1497,paladin,holy,44,19,25
Delmothounet,ysondre,1496,paladin,holy,46,28,18
Konane,drekthar,1495,paladin,holy,49,24,25
Sonil,les-sentinelles,1495,paladin,holy,108,51,57
Curtfizzle,kazzak,1493,paladin,holy,155,74,81
Ирестли,azuregos,1489,paladin,holy,108,54,54
Marygueguete,archimonde,1489,paladin,holy,120,58,62
Vadomar,emerald-dream,1488,paladin,holy,136,67,69
Hirolde,zenedar,1487,paladin,holy,128,61,67
Shaevira,ravencrest,1487,paladin,holy,66,30,36
Cahirs,ravencrest,1487,paladin,holy,60,20,40
Stepsisbro,twisting-nether,1486,paladin,holy,36,20,16
Pisr,draenor,1486,paladin,holy,90,37,53
Asenae,draenor,1485,paladin,holy,84,33,51
Divinetollen,ravencrest,1482,paladin,holy,74,32,42
Drzärc,sanguino,1481,paladin,holy,66,31,35
Easypala,blackrock,1481,paladin,holy,162,69,93
Эндемичный,soulflayer,1480,paladin,holy,72,40,32
Holydawnx,kazzak,1480,paladin,holy,110,57,53
Aachenbrand,blackhand,1480,paladin,holy,221,105,116
Думгохан,howling-fjord,1480,paladin,holy,147,61,86
Preyy,eredar,1479,paladin,holy,104,58,46
Линвэль,gordunni,1479,paladin,holy,51,26,25
Снупарь,blackscar,1479,paladin,holy,198,100,98
Nemesi,archimonde,1476,paladin,holy,81,40,41
Nåmï,culte-de-la-rive-noire,1475,paladin,holy,48,26,22
Мифариан,blackscar,1475,paladin,holy,237,119,118
Ауди,howling-fjord,1475,paladin,holy,66,24,42
Эллиарэй,gordunni,1474,paladin,holy,146,71,75
Кизарыч,galakrond,1474,paladin,holy,81,32,49
Дифицит,blackscar,1473,paladin,holy,171,94,77
Screws,dun-modr,1473,paladin,holy,50,18,32
Hýpærpøp,ravencrest,1471,paladin,holy,60,25,35
Анофарин,gordunni,1470,paladin,holy,90,53,37
Imapala,tarren-mill,1470,paladin,holy,36,19,17
Сашафистинг,gordunni,1470,paladin,holy,297,152,145
Alphä,auchindoun,1468,paladin,holy,36,19,17
Selphii,twisting-nether,1467,paladin,holy,46,23,23
Витёнокь,howling-fjord,1466,paladin,holy,157,90,67
Sofishoida,blackmoore,1466,paladin,holy,120,66,54
Penth,doomhammer,1466,paladin,holy,42,17,25
Thraìn,ravencrest,1465,paladin,holy,90,40,50
Séphiran,hyjal,1464,paladin,holy,65,35,30
Veléxis,outland,1464,paladin,holy,87,45,42
Iwillbeing,ragnaros,1464,paladin,holy,84,40,44
Hpal,aegwynn,1464,paladin,holy,135,62,73
Alessaqas,ravencrest,1462,paladin,holy,83,39,44
Devinèqt,tarren-mill,1459,paladin,holy,121,63,58
Jajmentx,kazzak,1459,paladin,holy,78,40,38
Skinstructor,silvermoon,1453,paladin,holy,108,55,53
Realpalla,ravenholdt,1452,paladin,holy,126,62,64
Archaegis,silvermoon,1452,paladin,holy,48,19,29
Pureballer,twisting-nether,1451,paladin,holy,41,21,20
Norandel,turalyon,1450,paladin,holy,94,38,56
Холлихэйт,howling-fjord,1449,paladin,holy,87,38,49
Scrimple,stormscale,1447,paladin,holy,73,35,38
Волнысвета,howling-fjord,1446,paladin,holy,110,59,51
Djspresty,ravencrest,1445,paladin,holy,40,21,19
Jaesa,lordaeron,1445,paladin,holy,97,43,54
Trez,blackmoore,1442,paladin,holy,31,18,13
Ðenlox,destromath,1442,paladin,holy,157,81,76
Présidential,grim-batol,1441,paladin,holy,59,28,31
Aebî,dalaran,1440,paladin,holy,78,45,33
Коварное,borean-tundra,1440,paladin,holy,52,25,27
Паладинас,lich-king,1440,paladin,holy,64,21,43
Thaifo,silvermoon,1439,paladin,holy,33,20,13
Pênnywisee,blackhand,1439,paladin,holy,53,28,25
Heilgaharald,blackrock,1439,paladin,holy,152,78,74
Maitrelampe,argent-dawn,1439,paladin,holy,96,49,47
Крусейдор,soulflayer,1438,paladin,holy,127,58,69
Móeixü,silvermoon,1438,paladin,holy,36,16,20
Koksinatorx,stormscale,1437,paladin,holy,48,22,26
Sweestance,minahonda,1436,paladin,holy,308,155,153
Уретроград,soulflayer,1436,paladin,holy,72,36,36
Lucá,silvermoon,1435,paladin,holy,59,31,28
Lastaid,azshara,1435,paladin,holy,313,157,156
Эвердрим,soulflayer,1435,paladin,holy,70,29,41
Этосальвабро,lich-king,1435,paladin,holy,98,38,60
Jerryhârvey,kazzak,1434,paladin,holy,30,15,15
Neverbuble,archimonde,1434,paladin,holy,133,60,73
Cameron,taerar,1433,paladin,holy,36,17,19
Louiepalmoo,outland,1433,paladin,holy,52,23,29
Mercedes,arthas,1431,paladin,holy,82,43,39
Elvandara,blackmoore,1431,paladin,holy,149,68,81
Zerafic,sylvanas,1431,paladin,holy,92,31,61
Locofatguy,drakthul,1429,paladin,holy,184,89,95
Tiffanyqt,frostwolf,1428,paladin,holy,24,16,8
Ilj,archimonde,1428,paladin,holy,71,44,27
Toohotty,archimonde,1428,paladin,holy,53,22,31
Небулариум,howling-fjord,1428,paladin,holy,48,15,33
Sacbøt,stormscale,1427,paladin,holy,259,132,127
Mefistôfeles,dun-modr,1427,paladin,holy,45,16,29
Sheroo,rexxar,1423,paladin,holy,24,15,9
Ванябублгам,soulflayer,1423,paladin,holy,62,30,32
Goodbit,dentarg,1422,paladin,holy,92,55,37
Taiso,alonsus,1422,paladin,holy,132,64,68
Lofotof,silvermoon,1419,paladin,holy,30,17,13
Брилз,soulflayer,1419,paladin,holy,196,97,99
Rullstolen,the-maelstrom,1418,paladin,holy,72,42,30
Shaleq,cthun,1418,paladin,holy,36,17,19
Aiyäna,argent-dawn,1418,paladin,holy,119,53,66
Cykond,eredar,1417,paladin,holy,34,24,10
Mamporro,dun-modr,1417,paladin,holy,54,28,26
Phalex,outland,1416,paladin,holy,36,23,13
Глиндес,gordunni,1416,paladin,holy,186,88,98
Surian,kazzak,1416,paladin,holy,78,31,47
Îiî,archimonde,1415,paladin,holy,54,27,27
Cykadin,dun-modr,1415,paladin,holy,96,43,53
Zilu,kazzak,1413,paladin,holy,47,24,23
Wepalapvpbop,ravencrest,1413,paladin,holy,30,15,15
Wellmet,stormreaver,1412,paladin,holy,48,25,23
Uzuriel,chogall,1412,paladin,holy,590,285,305
Blazeberg,tirion,1411,paladin,holy,36,20,16
Kwenu,tarren-mill,1411,paladin,holy,180,92,88
Juicycheeks,frostwolf,1411,paladin,holy,98,40,58
Kapigodx,suramar,1410,paladin,holy,235,127,108
Bécasszelium,varimathras,1410,paladin,holy,195,97,98
Coopz,defias-brotherhood,1409,paladin,holy,60,32,28
Curufin,grim-batol,1407,paladin,holy,193,100,93
Gzerloth,ragnaros,1407,paladin,holy,36,15,21
Powerpufgirl,blackrock,1406,paladin,holy,67,30,37
Blessedpapi,draenor,1406,paladin,holy,72,32,40
Diamir,rajaxx,1404,paladin,holy,75,55,20
Dlfî,hyjal,1404,paladin,holy,114,64,50
Lightbrîng,hyjal,1403,paladin,holy,71,38,33
Alciera,silvermoon,1402,paladin,holy,54,24,30
Омнилайт,soulflayer,1402,paladin,holy,61,25,36
Ayuwings,ravencrest,1400,paladin,holy,36,16,20
Honeygodx,antonidas,1399,paladin,holy,57,31,26
Scholzpala,twisting-nether,1398,paladin,holy,72,42,30
Nerdpallyx,tarren-mill,1398,paladin,holy,157,75,82
Aíe,draenor,1397,paladin,holy,157,79,78
Deathsfate,defias-brotherhood,1397,paladin,holy,39,18,21
Lapew,eredar,1395,paladin,holy,39,22,17
Gimch,magtheridon,1395,paladin,holy,72,40,32
Fourshaw,ravencrest,1395,paladin,holy,216,109,107
Грор,galakrond,1395,paladin,holy,79,35,44
Zycqo,silvermoon,1394,paladin,holy,203,100,103
Alard,sanguino,1394,paladin,holy,144,70,74
Eline,zenedar,1393,paladin,holy,90,42,48
Antivírus,eredar,1391,paladin,holy,42,26,16
Pegason,twisting-nether,1391,paladin,holy,89,52,37
Raeven,arygos,1389,paladin,holy,354,170,184
Asfhjagwa,stormscale,1388,paladin,holy,23,15,8
Expot,blackmoore,1387,paladin,holy,60,34,26
Fenye,twisting-nether,1386,paladin,holy,68,32,36
Эскейпми,howling-fjord,1385,paladin,holy,35,18,17
Цитология,borean-tundra,1385,paladin,holy,146,74,72
Enyol,stormscale,1384,paladin,holy,98,53,45
Beecq,tarren-mill,1384,paladin,holy,65,35,30
Noliferx,ravencrest,1383,paladin,holy,82,49,33
Даниэль,howling-fjord,1381,paladin,holy,192,104,88
Plasmádieter,blackrock,1381,paladin,holy,50,24,26
Ekzykes,ravencrest,1379,paladin,holy,85,42,43
Danepala,defias-brotherhood,1378,paladin,holy,59,29,30
Ретриксвета,eversong,1377,paladin,holy,64,37,27
Gabriev,twisting-nether,1376,paladin,holy,49,25,24
Салфеточник,thermaplugg,1375,paladin,holy,96,41,55
Mønargøras,blackrock,1375,paladin,holy,96,40,56
Nusbie,argent-dawn,1375,paladin,holy,41,16,25
Потокденег,howling-fjord,1374,paladin,holy,325,150,175
Mestgone,dalaran,1373,paladin,holy,99,47,52
Badckes,sylvanas,1373,paladin,holy,140,66,74
Paakz,stormscale,1372,paladin,holy,126,69,57
Lithera,outland,1372,paladin,holy,48,22,26
Kantfyrste,ravencrest,1372,paladin,holy,145,61,84
Сатангодх,gordunni,1372,paladin,holy,144,58,86
Døgstømper,outland,1370,paladin,holy,29,15,14
Mikemyers,blackhand,1370,paladin,holy,48,24,24
Eoox,outland,1370,paladin,holy,48,23,25
Лимфома,goldrinn,1370,paladin,holy,91,39,52
Vivalabeef,stormscale,1367,paladin,holy,60,26,34
Dimetrix,stormscale,1367,paladin,holy,65,26,39
Jackieb,dun-modr,1367,paladin,holy,63,24,39
Wyllian,grim-batol,1366,paladin,holy,113,62,51
Abroxis,alleria,1366,paladin,holy,57,31,26
Listina,twisting-nether,1366,paladin,holy,42,21,21
Claudîax,kazzak,1366,paladin,holy,117,51,66
Mecah,hyjal,1365,paladin,holy,42,21,21
Kîsyhrâ,aegwynn,1365,paladin,holy,42,16,26
Demytxx,silvermoon,1365,paladin,holy,43,16,27
Deodas,kazzak,1364,paladin,holy,631,311,320
Vuup,silvermoon,1362,paladin,holy,151,81,70
Slezz,tarren-mill,1362,paladin,holy,425,216,209
Ztiina,tarren-mill,1361,paladin,holy,114,54,60
Xenaké,kazzak,1360,paladin,holy,311,143,168
Эверейс,howling-fjord,1360,paladin,holy,53,24,29
Ramos,aggra-português,1360,paladin,holy,60,22,38
Реколори,gordunni,1359,paladin,holy,197,105,92
Palablaze,sylvanas,1359,paladin,holy,112,56,56
Ассантийка,deathguard,1358,paladin,holy,45,21,24
Steggeh,argent-dawn,1358,paladin,holy,150,64,86
Thoarin,blackmoore,1358,paladin,holy,47,19,28
Ostardo,blackhand,1357,paladin,holy,24,15,9
Wàtchmedánce,blackhand,1356,paladin,holy,42,28,14
Hÿrrøkk,ysondre,1356,paladin,holy,96,62,34
Рэймета,soulflayer,1356,paladin,holy,48,21,27
Starfula,archimonde,1355,paladin,holy,102,59,43
Shakalol,dun-modr,1355,paladin,holy,60,23,37
Keltinne,ysondre,1354,paladin,holy,87,51,36
Demecir,twisting-nether,1354,paladin,holy,263,133,130
Cozm,silvermoon,1353,paladin,holy,138,62,76
Bubblig,silvermoon,1352,paladin,holy,54,24,30
Lazyknight,silvermoon,1351,paladin,holy,72,32,40
Rookzter,sylvanas,1348,paladin,holy,132,69,63
Эсерпи,gordunni,1348,paladin,holy,347,172,175
Hellphrodite,aegwynn,1347,paladin,holy,66,37,29
Pennyxx,outland,1346,paladin,holy,23,15,8
Holiguy,twisting-nether,1346,paladin,holy,138,80,58
Demonskiller,alakir,1346,paladin,holy,89,47,42
Dogmatic,blackmoore,1346,paladin,holy,36,18,18
Pussdocta,ravencrest,1345,paladin,holy,89,48,41
Naylaeh,draenor,1345,paladin,holy,30,15,15
Nudzolini,tarren-mill,1344,paladin,holy,36,22,14
Grimbold,hellfire,1343,paladin,holy,66,37,29
Ugolf,kazzak,1343,paladin,holy,138,73,65
Yonì,thrall,1341,paladin,holy,30,21,9
Бэнкли,soulflayer,1341,paladin,holy,90,49,41
Truko,frostwolf,1341,paladin,holy,30,15,15
Keele,stormscale,1341,paladin,holy,69,32,37
Arlette,moonglade,1341,paladin,holy,90,41,49
Kherathan,argent-dawn,1339,paladin,holy,184,98,86
Rivanii,kazzak,1338,paladin,holy,165,86,79
Itsgossiplol,twisting-nether,1338,paladin,holy,205,104,101
Freaak,dethecus,1337,paladin,holy,60,24,36
Pokébowl,outland,1336,paladin,holy,78,43,35
Pârabellum,the-maelstrom,1336,paladin,holy,54,27,27
Hezerothys,draenor,1334,paladin,holy,138,67,71
Kocovic,tarren-mill,1333,paladin,holy,54,29,25
Anythíng,kazzak,1333,paladin,holy,121,61,60
Fleshgraft,silvermoon,1332,paladin,holy,85,40,45
Reakan,tarren-mill,1331,paladin,holy,24,14,10
Mitsaklas,grim-batol,1331,paladin,holy,227,104,123
Pappipala,tarren-mill,1330,paladin,holy,60,28,32
Snigglz,blackhand,1329,paladin,holy,24,14,10
Bezvakost,thunderhorn,1328,paladin,holy,48,21,27
Skolisse,kazzak,1327,paladin,holy,200,108,92
Maxôr,norgannon,1327,paladin,holy,96,51,45
Hamish,boulderfist,1327,paladin,holy,36,19,17
Бэдмэн,deathguard,1327,paladin,holy,53,16,37
Sixtynien,outland,1326,paladin,holy,88,45,43
Polydeukis,stormscale,1326,paladin,holy,109,47,62
Shiøn,zuljin,1325,paladin,holy,64,27,37
Solazola,blackmoore,1324,paladin,holy,24,14,10
Paiadinho,malganis,1324,paladin,holy,131,57,74
Watras,drakthul,1324,paladin,holy,72,26,46
Mefistofe,sanguino,1323,paladin,holy,48,23,25
Satipal,sargeras,1323,paladin,holy,153,67,86
Инблумхх,blackscar,1322,paladin,holy,30,15,15
Aytu,blackmoore,1321,paladin,holy,39,19,20
Holypapa,argent-dawn,1321,paladin,holy,96,46,50
Talimañ,kazzak,1320,paladin,holy,54,28,26
Nde,silvermoon,1320,paladin,holy,47,20,27
Holynstuff,auchindoun,1319,paladin,holy,37,26,11
Arand,blackrock,1319,paladin,holy,110,63,47
Gucix,sylvanas,1319,paladin,holy,95,42,53
Minouminou,archimonde,1318,paladin,holy,42,26,16
Hîfi,blackmoore,1318,paladin,holy,243,131,112
Дезоиль,gordunni,1317,paladin,holy,36,14,22
Öbedö,malganis,1316,paladin,holy,69,34,35
Zodshock,stormscale,1316,paladin,holy,90,43,47
Crusherpala,laughing-skull,1316,paladin,holy,83,33,50
Mvppaladin,thrall,1315,paladin,holy,24,16,8
Holyfrick,kazzak,1315,paladin,holy,60,28,32
Sangriul,outland,1315,paladin,holy,135,57,78
Ðeswynd,hyjal,1315,paladin,holy,101,42,59
Neyd,hyjal,1314,paladin,holy,60,21,39
Toxicmo,kazzak,1313,paladin,holy,31,21,10
Xila,blackrock,1312,paladin,holy,44,22,22
Hëüss,suramar,1312,paladin,holy,41,19,22
Necrozi,stormscale,1311,paladin,holy,60,35,25
Кардеро,gordunni,1311,paladin,holy,153,81,72
Lugnals,hyjal,1311,paladin,holy,367,179,188
Borndark,stormscale,1311,paladin,holy,144,63,81
Agadin,ysondre,1310,paladin,holy,35,19,16
Elians,outland,1310,paladin,holy,60,24,36
Европпа,soulflayer,1310,paladin,holy,155,61,94
Noskillze,ravencrest,1309,paladin,holy,48,25,23
Bagull,zuljin,1308,paladin,holy,94,45,49
Rookx,stormscale,1308,paladin,holy,66,23,43
Mythsion,blackmoore,1307,paladin,holy,36,16,20
Daizen,blackrock,1306,paladin,holy,67,45,22
Malodos,archimonde,1306,paladin,holy,86,44,42
Skengdaddy,ragnaros,1306,paladin,holy,84,39,45
Tyktyk,draenor,1304,paladin,holy,60,33,27
Ginbeam,aegwynn,1304,paladin,holy,190,93,97
Raleknrnr,hyjal,1304,paladin,holy,30,14,16
Подлыйдим,fordragon,1303,paladin,holy,84,34,50
Croaton,burning-legion,1301,paladin,holy,24,14,10
Drdeus,kazzak,1301,paladin,holy,189,93,96
Evo,drakthul,1301,paladin,holy,55,25,30
Shaggybeard,frostmane,1301,paladin,holy,36,15,21
Adnachiel,blackhand,1299,paladin,holy,56,30,26
Bladê,kazzak,1299,paladin,holy,66,26,40
Bovinequeef,twisting-nether,1298,paladin,holy,42,21,21
Æmiø,blackmoore,1298,paladin,holy,59,27,32
Savalibarx,outland,1297,paladin,holy,32,18,14
Rotana,eredar,1297,paladin,holy,45,25,20
Soreser,skullcrusher,1297,paladin,holy,42,22,20
Heimdalen,moonglade,1297,paladin,holy,48,22,26
Vonat,outland,1297,paladin,holy,54,20,34
Ecormcpx,eredar,1297,paladin,holy,44,16,28
Judgealdo,sylvanas,1296,paladin,holy,38,19,19
Snajajin,dethecus,1295,paladin,holy,53,20,33
Rekolon,antonidas,1294,paladin,holy,400,205,195
Matagladis,dun-modr,1294,paladin,holy,84,42,42
Åsaruki,emerald-dream,1294,paladin,holy,78,35,43
Dovadin,sylvanas,1291,paladin,holy,67,31,36
Paladins,archimonde,1290,paladin,holy,63,35,28
Bloodsoldier,twisting-nether,1290,paladin,holy,135,70,65
Opopoï,dalaran,1289,paladin,holy,42,24,18
Valkhana,draenor,1289,paladin,holy,70,37,33
Slâyerous,draenor,1289,paladin,holy,77,32,45
Зондарк,booty-bay,1289,paladin,holy,77,31,46
Tíep,blackmoore,1288,paladin,holy,103,53,50
Seinz,talnivarr,1287,paladin,holy,102,53,49
Dedy,frostwhisper,1286,paladin,holy,59,30,29
Herzel,argent-dawn,1285,paladin,holy,54,22,32
Gegge,kazzak,1285,paladin,holy,50,19,31
Equablex,argent-dawn,1284,paladin,holy,66,37,29
Cowvid,grim-batol,1284,paladin,holy,60,24,36
Алекхей,gordunni,1282,paladin,holy,66,28,38
Ballantine,thunderhorn,1280,paladin,holy,90,45,45
Paellysuir,blackmoore,1280,paladin,holy,38,19,19
Alldo,drakthul,1280,paladin,holy,130,59,71
Ксайлэти,gordunni,1279,paladin,holy,35,15,20
Майдмен,gordunni,1278,paladin,holy,102,59,43
Fearleß,malganis,1278,paladin,holy,30,16,14
Ggiwastheret,kazzak,1277,paladin,holy,23,14,9
Manole,ravencrest,1277,paladin,holy,59,34,25
Bigfailure,blackmoore,1277,paladin,holy,71,23,48
Talies,ravencrest,1276,paladin,holy,66,37,29
Swungling,outland,1275,paladin,holy,90,45,45
Holyppower,frostmane,1275,paladin,holy,35,14,21
Kapigentil,suramar,1274,paladin,holy,83,42,41
Neithi,twisting-nether,1272,paladin,holy,72,36,36
Taligon,arathor,1272,paladin,holy,42,21,21
Albertina,silvermoon,1271,paladin,holy,38,19,19
Кузнейц,borean-tundra,1271,paladin,holy,118,52,66
Mifuttoasort,draenor,1270,paladin,holy,104,51,53
Omegajin,tarren-mill,1269,paladin,holy,45,29,16
Toradin,thunderhorn,1268,paladin,holy,49,22,27
Veo,sylvanas,1267,paladin,holy,33,19,14
Делатор,gordunni,1267,paladin,holy,48,22,26
Tepowze,twisting-nether,1262,paladin,holy,47,27,20
Marik,argent-dawn,1262,paladin,holy,53,24,29
Pajtash,doomhammer,1261,paladin,holy,59,29,30
Arkkipiispa,outland,1260,paladin,holy,78,40,38
Böbble,twisting-nether,1260,paladin,holy,30,15,15
Bimylover,archimonde,1260,paladin,holy,36,16,20
Ragequitter,frostmane,1259,paladin,holy,44,26,18
Perfero,kazzak,1258,paladin,holy,48,18,30
Keladen,burning-legion,1257,paladin,holy,95,50,45
Bulten,twilights-hammer,1257,paladin,holy,58,18,40
Paliat,silvermoon,1255,paladin,holy,49,25,24
Нуш,greymane,1254,paladin,holy,30,17,13
Longa,kazzak,1254,paladin,holy,50,26,24
Kaitlyne,tarren-mill,1254,paladin,holy,97,49,48
Regis,dragonblight,1253,paladin,holy,80,44,36
Wrathlol,ravencrest,1253,paladin,holy,248,121,127
Анбели,gordunni,1252,paladin,holy,60,24,36
Держинский,gordunni,1252,paladin,holy,66,22,44
Tyrallan,ragnaros,1251,paladin,holy,36,14,22
Moobykin,stormscale,1250,paladin,holy,68,33,35
Нинтендо,grom,1250,paladin,holy,403,191,212
Hogma,hyjal,1250,paladin,holy,36,14,22
Luraa,drakthul,1249,paladin,holy,42,21,21
Hotub,twisting-nether,1248,paladin,holy,153,73,80
Mercuria,dun-modr,1247,paladin,holy,48,25,23
Shenzoo,rajaxx,1246,paladin,holy,36,16,20
Batallarbb,exodar,1245,paladin,holy,54,26,28
Leon,veknilash,1245,paladin,holy,248,114,134
Ramels,hyjal,1245,paladin,holy,60,26,34
Pupsihasi,kelthuzad,1244,paladin,holy,35,19,16
Свээги,gordunni,1243,paladin,holy,27,14,13
Cmelacek,wildhammer,1241,paladin,holy,42,25,17
Кельдерик,howling-fjord,1241,paladin,holy,133,66,67
Tommoffwarrs,archimonde,1241,paladin,holy,73,35,38
Thranduïl,tarren-mill,1240,paladin,holy,107,58,49
Фэрплэйн,gordunni,1240,paladin,holy,80,43,37
Trisunonvaki,khazgoroth,1240,paladin,holy,150,80,70
Baixinho,aggra-português,1238,paladin,holy,99,55,44
Aelly,hyjal,1237,paladin,holy,112,56,56
Runtheshow,deathwing,1237,paladin,holy,28,14,14
Ondx,silvermoon,1236,paladin,holy,24,13,11
Alesiah,blackhand,1235,paladin,holy,61,26,35
Babybeater,outland,1234,paladin,holy,101,49,52
Kerven,doomhammer,1234,paladin,holy,107,47,60
Sepha,eonar,1233,paladin,holy,76,45,31
Cumprovider,sylvanas,1233,paladin,holy,48,25,23
Holyini,twisting-nether,1233,paladin,holy,139,69,70
Wize,mazrigos,1233,paladin,holy,87,39,48
Jaezlin,tarren-mill,1232,paladin,holy,130,70,60
Faildin,arathor,1231,paladin,holy,131,64,67
Reudi,argent-dawn,1230,paladin,holy,54,28,26
Farata,ravencrest,1230,paladin,holy,160,78,82
Ivailo,outland,1229,paladin,holy,24,13,11
Weserwehr,laughing-skull,1228,paladin,holy,90,46,44
Nano,veknilash,1228,paladin,holy,82,33,49
Madlightsxd,dun-modr,1228,paladin,holy,36,13,23
Ashbrìnger,aegwynn,1227,paladin,holy,24,13,11
Padraic,scarshield-legion,1227,paladin,holy,24,13,11
Josefu,blackmoore,1227,paladin,holy,42,21,21
Aéther,quelthalas,1225,paladin,holy,45,25,20
Naenel,dun-modr,1225,paladin,holy,37,16,21
Bobilous,twisting-nether,1225,paladin,holy,36,14,22
Emilíá,kazzak,1223,paladin,holy,24,13,11
Nobodycanxit,twisting-nether,1223,paladin,holy,72,35,37
Leedspala,tarren-mill,1221,paladin,holy,24,14,10
Schrikii,archimonde,1221,paladin,holy,66,27,39
Reeley,drakthul,1220,paladin,holy,225,112,113
Slistrash,outland,1219,paladin,holy,145,74,71
Lightmachine,kirin-tor,1218,paladin,holy,54,36,18
Lianndrin,blackhand,1218,paladin,holy,58,25,33
Focùsheal,archimonde,1217,paladin,holy,42,20,22
Kraajp,stormscale,1217,paladin,holy,45,20,25
Freý,ravencrest,1217,paladin,holy,36,13,23
Beavatott,ragnaros,1216,paladin,holy,24,13,11
Калекомобиль,gordunni,1216,paladin,holy,25,13,12
Haros,xavius,1216,paladin,holy,61,30,31
Axpala,ragnaros,1216,paladin,holy,34,16,18
Minui,onyxia,1216,paladin,holy,50,20,30
Aahabse,tarren-mill,1216,paladin,holy,89,33,56
Alastrr,hyjal,1215,paladin,holy,93,52,41
Fleny,thrall,1215,paladin,holy,24,13,11
Dawnforged,stormscale,1215,paladin,holy,118,56,62
Mccrit,ravencrest,1213,paladin,holy,55,33,22
Verianer,shadowsong,1213,paladin,holy,112,65,47
Ауё,blackscar,1213,paladin,holy,96,47,49
Môdhân,archimonde,1213,paladin,holy,66,31,35
Ромерл,gordunni,1213,paladin,holy,241,112,129
Hùrikan,hyjal,1213,paladin,holy,42,17,25
Kilogosa,frostmane,1211,paladin,holy,24,13,11
Ithealy,twisting-nether,1211,paladin,holy,122,64,58
Angioh,twisting-nether,1211,paladin,holy,42,20,22
Новирка,deathguard,1210,paladin,holy,108,56,52
Crispydixx,draenor,1210,paladin,holy,102,52,50
Paidi,die-todeskrallen,1210,paladin,holy,121,60,61
Sagaruki,emerald-dream,1210,paladin,holy,77,32,45
Nikcsy,ragnaros,1210,paladin,holy,78,29,49
Johnnydeeps,blackrock,1210,paladin,holy,35,13,22
Johnnÿsins,hyjal,1209,paladin,holy,63,28,35
Baubble,silvermoon,1207,paladin,holy,85,45,40
Xe,kaelthas,1207,paladin,holy,100,48,52
Zeratris,defias-brotherhood,1207,paladin,holy,97,42,55
Holysznajt,burning-legion,1207,paladin,holy,72,30,42
Omhz,ravencrest,1206,paladin,holy,30,14,16
Rébél,argent-dawn,1206,paladin,holy,42,17,25
Skarn,pozzo-delleternità,1205,paladin,holy,37,15,22
Yoshreddi,malganis,1203,paladin,holy,40,20,20
Kambood,twisting-nether,1203,paladin,holy,219,103,116
Бронеаптечка,soulflayer,1203,paladin,holy,54,24,30
Battosaix,aegwynn,1203,paladin,holy,35,15,20
Holymax,gorgonnash,1201,paladin,holy,51,29,22
Кольт,borean-tundra,1201,paladin,holy,139,72,67
Xastur,rexxar,1201,paladin,holy,33,17,16
Kirilux,dun-modr,1198,paladin,holy,66,37,29
Trastos,wildhammer,1197,paladin,holy,78,40,38
Tucibi,hyjal,1196,paladin,holy,42,24,18
Ubiquitous,kazzak,1196,paladin,holy,47,18,29
Edgï,confrérie-du-thorium,1195,paladin,holy,24,14,10
Cowlories,outland,1195,paladin,holy,48,27,21
Warkyria,sanguino,1193,paladin,holy,37,15,22
Shoby,silvermoon,1192,paladin,holy,36,17,19
Кукусяшка,gordunni,1191,paladin,holy,71,29,42
Ikbenmani,tarren-mill,1190,paladin,holy,72,38,34
Hazø,silvermoon,1190,paladin,holy,69,34,35
Luminix,ragnaros,1189,paladin,holy,36,17,19
Lightaldo,bladefist,1188,paladin,holy,24,14,10
Holdmybible,the-maelstrom,1188,paladin,holy,66,26,40
Eastranspal,ravencrest,1188,paladin,holy,42,14,28
Вертуосгодх,soulflayer,1187,paladin,holy,104,51,53
Ninko,sylvanas,1185,paladin,holy,60,31,29
Rhulana,blackrock,1184,paladin,holy,97,57,40
Boric,bloodhoof,1184,paladin,holy,29,16,13
Keryann,argent-dawn,1183,paladin,holy,108,53,55
Golldy,burning-legion,1182,paladin,holy,43,22,21
Thickets,argent-dawn,1181,paladin,holy,56,30,26
Dreamwatcher,outland,1181,paladin,holy,42,20,22
Громобоика,gordunni,1180,paladin,holy,19,13,6
Taraniah,argent-dawn,1179,paladin,holy,81,42,39
Unpal,ravencrest,1179,paladin,holy,50,20,30
Skwáru,burning-legion,1179,paladin,holy,77,30,47
Kayndornek,ravencrest,1178,paladin,holy,78,35,43
Кейлол,soulflayer,1176,paladin,holy,95,43,52
Shiidori,aegwynn,1175,paladin,holy,57,23,34
Kiyam,kelthuzad,1174,paladin,holy,18,13,5
Ланиакеа,deathguard,1174,paladin,holy,63,36,27
Неиспоримый,soulflayer,1172,paladin,holy,30,13,17
Johnaggro,outland,1171,paladin,holy,58,27,31
Strudell,terrordar,1169,paladin,holy,90,42,48
Degods,ravencrest,1169,paladin,holy,54,24,30
Masuroc,antonidas,1168,paladin,holy,50,22,28
Ritiv,stormreaver,1168,paladin,holy,135,58,77
Pisdez,malganis,1167,paladin,holy,78,35,43
Lightmamba,draenor,1167,paladin,holy,54,17,37
Beatríx,minahonda,1166,paladin,holy,68,37,31
Alextrazite,kazzak,1166,paladin,holy,30,13,17
Guidone,sylvanas,1164,paladin,holy,54,24,30
Puiçanpal,archimonde,1163,paladin,holy,30,15,15
Elohim,echsenkessel,1163,paladin,holy,154,71,83
Stuzzyy,ravencrest,1162,paladin,holy,48,20,28
Nitrous,zuljin,1161,paladin,holy,72,37,35
Ýâðæßêæßðæðð,ragnaros,1159,paladin,holy,34,15,19
Ырбис,soulflayer,1159,paladin,holy,34,13,21
Ärinváyá,defias-brotherhood,1157,paladin,holy,121,61,60
Aranael,nemesis,1157,paladin,holy,90,38,52
Ugurpala,sylvanas,1155,paladin,holy,42,21,21
Ðãwën,uldaman,1154,paladin,holy,27,14,13
Nezrus,dun-modr,1154,paladin,holy,48,19,29
Mjabubble,stormscale,1153,paladin,holy,102,55,47
Arcanïk,archimonde,1153,paladin,holy,43,16,27
Hetsuki,tarren-mill,1152,paladin,holy,18,12,6
Likkik,tarren-mill,1152,paladin,holy,18,12,6
Kaki,gorgonnash,1151,paladin,holy,18,12,6
Alphárius,argent-dawn,1151,paladin,holy,24,14,10
Лавъю,gordunni,1151,paladin,holy,26,15,11
Wedervärdig,twilights-hammer,1151,paladin,holy,54,23,31
Nurleen,twisting-nether,1151,paladin,holy,117,46,71
Flowerbud,tarren-mill,1151,paladin,holy,74,27,47
Алексендлерх,soulflayer,1149,paladin,holy,18,12,6
Lovemomx,argent-dawn,1148,paladin,holy,24,12,12
Galaxxumi,ragnaros,1148,paladin,holy,86,37,49
Palaadschin,festung-der-stürme,1147,paladin,holy,167,84,83
Strykar,aggra-português,1147,paladin,holy,60,30,30
Аяпал,blackscar,1147,paladin,holy,105,50,55
Certiorari,draenor,1147,paladin,holy,46,18,28
Meldi,dalaran,1146,paladin,holy,24,12,12
Flanderspal,ravencrest,1146,paladin,holy,24,12,12
Tukang,kazzak,1146,paladin,holy,73,31,42
Ymô,archimonde,1145,paladin,holy,34,14,20
Daneyholy,ravencrest,1145,paladin,holy,57,18,39
Rorschy,twisting-nether,1144,paladin,holy,18,12,6
Braînbug,blackmoore,1144,paladin,holy,30,12,18
Herrius,ravencrest,1144,paladin,holy,30,12,18
Archîmondê,marécage-de-zangar,1144,paladin,holy,36,12,24
Eskorbuto,dun-modr,1143,paladin,holy,57,27,30
Ventrue,hyjal,1143,paladin,holy,36,17,19
Med,malganis,1143,paladin,holy,60,25,35
Testrone,twisting-nether,1141,paladin,holy,93,49,44
Gromezrael,elune,1141,paladin,holy,42,19,23
Demytx,burning-legion,1141,paladin,holy,34,13,21
Trolladincho,twisting-nether,1137,paladin,holy,102,50,52
Мэйр,howling-fjord,1137,paladin,holy,42,17,25
Encod,magtheridon,1137,paladin,holy,48,15,33
Lezoom,draenor,1136,paladin,holy,79,40,39
Даняхгод,gordunni,1136,paladin,holy,30,13,17
Runeington,silvermoon,1135,paladin,holy,30,14,16
Reven,aszune,1135,paladin,holy,29,13,16
Dopadown,blackrock,1135,paladin,holy,30,13,17
Mozzie,archimonde,1134,paladin,holy,321,149,172
Cadila,silvermoon,1134,paladin,holy,54,25,29
Jasiv,draenor,1132,paladin,holy,36,14,22
Palix,dalaran,1132,paladin,holy,36,12,24
Ниссида,blackscar,1131,paladin,holy,65,32,33
Trudi,arthas,1130,paladin,holy,81,37,44
Hellwave,stormscale,1129,paladin,holy,24,13,11
Paliester,stormscale,1128,paladin,holy,42,26,16
Spankmeproof,kazzak,1128,paladin,holy,30,12,18
Paxiffs,eredar,1128,paladin,holy,36,12,24
Psycholas,ysondre,1127,paladin,holy,35,18,17
Karnwield,kirin-tor,1125,paladin,holy,134,71,63
Valzyffs,twisting-nether,1123,paladin,holy,71,37,34
Affiicous,silvermoon,1123,paladin,holy,66,20,46
Barundarr,arthas,1122,paladin,holy,39,18,21
Yaj,magtheridon,1122,paladin,holy,59,27,32
Zebramann,silvermoon,1121,paladin,holy,48,20,28
Санэрдин,soulflayer,1120,paladin,holy,28,13,15
Holybom,silvermoon,1119,paladin,holy,38,21,17
Echooes,ravencrest,1119,paladin,holy,273,120,153
Debts,aggramar,1119,paladin,holy,64,22,42
Zerfleddern,aegwynn,1118,paladin,holy,149,73,76
Альфапушка,soulflayer,1117,paladin,holy,24,12,12
Trístesse,tarren-mill,1117,paladin,holy,231,115,116
Striike,drakthul,1117,paladin,holy,29,12,17
Milesteris,medivh,1116,paladin,holy,72,38,34
Gaskohle,blackmoore,1115,paladin,holy,23,12,11
Himmelsfuror,proudmoore,1115,paladin,holy,47,21,26
Truthbearer,darksorrow,1114,paladin,holy,170,80,90
Tärkan,chogall,1114,paladin,holy,42,18,24
Rôlfzukowzky,guldan,1114,paladin,holy,48,20,28
Kanina,outland,1114,paladin,holy,58,23,35
Browario,burning-legion,1113,paladin,holy,23,12,11
Luzcian,zuljin,1113,paladin,holy,103,44,59
Bàldur,dalaran,1111,paladin,holy,48,27,21
Mjølnîr,eredar,1111,paladin,holy,72,31,41
Syfaria,eldrethalas,1109,paladin,holy,59,26,33
Пауэрлайт,blackscar,1109,paladin,holy,64,27,37
Unithral,durotan,1107,paladin,holy,24,12,12
Míxu,stormreaver,1106,paladin,holy,104,44,60
Kaktuszfüge,ragnaros,1105,paladin,holy,64,40,24
Collinnawin,aegwynn,1104,paladin,holy,36,12,24
Smirk,aggra-português,1101,paladin,holy,18,12,6
Swormp,aggra-português,1100,paladin,holy,30,12,18
Atkm,aggramar,1100,paladin,holy,42,14,28
Meive,sanguino,1099,paladin,holy,41,14,27
Dryntee,blackmoore,1095,paladin,holy,21,13,8
Darkironpala,argent-dawn,1095,paladin,holy,65,31,34
Darvius,auchindoun,1093,paladin,holy,153,75,78
Галлионн,gordunni,1092,paladin,holy,29,19,10
Luckies,drakthul,1090,paladin,holy,36,16,20
Stonebeard,ahnqiraj,1088,paladin,holy,81,48,33
Ampoula,ravencrest,1088,paladin,holy,28,12,16
Healslol,aegwynn,1088,paladin,holy,55,20,35
Nosn,ravencrest,1087,paladin,holy,66,34,32
Tentacruel,dalaran,1087,paladin,holy,24,12,12
Bígpumprz,archimonde,1085,paladin,holy,35,17,18
Serim,dun-modr,1084,paladin,holy,159,74,85
Superpopa,twisting-nether,1083,paladin,holy,62,23,39
Ragua,tarren-mill,1082,paladin,holy,66,23,43
Paladzor,twisting-nether,1082,paladin,holy,38,13,25
Uzrael,hyjal,1080,paladin,holy,53,21,32
Poundcake,stormscale,1079,paladin,holy,120,61,59
Joakìim,stormscale,1079,paladin,holy,39,12,27
Присвет,blackscar,1078,paladin,holy,44,13,31
Ashmaden,tarren-mill,1077,paladin,holy,87,49,38
Mscrabtree,aggramar,1076,paladin,holy,30,13,17
Ðuïvel,grim-batol,1076,paladin,holy,28,12,16
Edomedo,blackrock,1074,paladin,holy,120,42,78
Cmen,silvermoon,1073,paladin,holy,166,84,82
Фломастер,gordunni,1073,paladin,holy,72,33,39
Høpé,malganis,1072,paladin,holy,98,49,49
Skydor,silvermoon,1072,paladin,holy,169,81,88
Herrmannelig,arthas,1072,paladin,holy,36,15,21
Naliax,ravencrest,1072,paladin,holy,29,12,17
Æe,blackmoore,1071,paladin,holy,42,19,23
Jessìca,ravenholdt,1070,paladin,holy,60,31,29
Elisiell,turalyon,1070,paladin,holy,36,15,21
Doomheart,drakthul,1067,paladin,holy,106,50,56
Kuhs,eredar,1067,paladin,holy,77,33,44
Yokurolel,sanguino,1066,paladin,holy,54,31,23
Palidi,tarren-mill,1064,paladin,holy,42,16,26
Galadørn,elune,1064,paladin,holy,36,12,24
Молотуля,howling-fjord,1063,paladin,holy,29,12,17
Feldrøider,nemesis,1062,paladin,holy,94,49,45
Псимедик,gordunni,1062,paladin,holy,68,34,34
Elp,ysondre,1061,paladin,holy,38,14,24
Rondra,gorgonnash,1059,paladin,holy,36,19,17
Aldas,los-errantes,1059,paladin,holy,30,13,17
Tscheba,kazzak,1058,paladin,holy,112,55,57
Holyfriend,kazzak,1058,paladin,holy,30,14,16
Mowik,archimonde,1056,paladin,holy,78,36,42
Gayestpala,ravencrest,1056,paladin,holy,30,11,19
Djaléxx,kazzak,1056,paladin,holy,36,11,25
Flashyplays,silvermoon,1055,paladin,holy,36,26,10
Yimnotprot,ravencrest,1055,paladin,holy,18,11,7
Casmira,blackrock,1055,paladin,holy,18,11,7
Palanolmal,dun-modr,1055,paladin,holy,45,22,23
Kanketo,korgall,1055,paladin,holy,24,11,13
Безбабла,soulflayer,1055,paladin,holy,36,15,21
Phiana,blackmoore,1054,paladin,holy,24,15,9
Palasaadka,dun-modr,1054,paladin,holy,18,11,7
Vintar,quelthalas,1054,paladin,holy,84,45,39
Dabstar,antonidas,1054,paladin,holy,100,45,55
Tiltslayer,archimonde,1053,paladin,holy,18,11,7
Ozzuum,twisting-nether,1053,paladin,holy,21,12,9
Dylodin,silvermoon,1053,paladin,holy,24,11,13
Ларенси,gordunni,1053,paladin,holy,47,20,27
Nicewar,silvermoon,1052,paladin,holy,58,29,29
Burkaal,antonidas,1052,paladin,holy,89,40,49
Billkop,silvermoon,1051,paladin,holy,49,24,25
Whatisapalla,ragnaros,1051,paladin,holy,30,11,19
Impro,archimonde,1051,paladin,holy,30,11,19
Pâmê,kazzak,1049,paladin,holy,30,12,18
Missfez,the-maelstrom,1049,paladin,holy,30,11,19
Holyazzwhup,aegwynn,1048,paladin,holy,18,11,7
Bloednicht,dentarg,1048,paladin,holy,18,11,7
Pinx,kazzak,1047,paladin,holy,24,15,9
Rdypaladin,ravencrest,1047,paladin,holy,24,11,13
Inuyashiki,blackmoore,1047,paladin,holy,30,11,19
Thorhum,moonglade,1046,paladin,holy,42,18,24
Rákea,blackrock,1046,paladin,holy,42,14,28
Wârlørd,sylvanas,1046,paladin,holy,39,12,27
Dimeric,outland,1044,paladin,holy,24,11,13
Nyryon,ysondre,1044,paladin,holy,44,13,31
Riziel,sanguino,1043,paladin,holy,24,11,13
Паландис,howling-fjord,1042,paladin,holy,54,23,31
Niechepala,grim-batol,1042,paladin,holy,30,11,19
Minalinsky,colinas-pardas,1042,paladin,holy,30,11,19
Fract,aggramar,1041,paladin,holy,63,32,31
Lènnja,baelgun,1041,paladin,holy,24,11,13
Churrucuca,minahonda,1040,paladin,holy,57,28,29
Dunka,twisting-nether,1040,paladin,holy,160,78,82
Ellisdee,kazzak,1039,paladin,holy,18,11,7
Fifisztos,burning-legion,1036,paladin,holy,45,27,18
Holÿbeard,ravencrest,1036,paladin,holy,31,12,19
Grimsz,ysondre,1036,paladin,holy,36,11,25
Гуэргос,gordunni,1034,paladin,holy,24,11,13
Sheldon,sylvanas,1034,paladin,holy,35,14,21
Edwín,tichondrius,1033,paladin,holy,36,13,23
Mbp,blackmoore,1031,paladin,holy,24,13,11
Загадзуга,howling-fjord,1030,paladin,holy,36,22,14
Satip,archimonde,1030,paladin,holy,72,42,30
Лебоввски,blackscar,1028,paladin,holy,37,14,23
Saró,ravencrest,1028,paladin,holy,72,17,55
Dragonwingz,kazzak,1027,paladin,holy,24,11,13
Crusadelight,alakir,1026,paladin,holy,134,65,69
Dubstép,blackrock,1026,paladin,holy,30,11,19
Purificatoru,draenor,1024,paladin,holy,54,26,28
Synoh,silvermoon,1024,paladin,holy,36,12,24
Даурия,soulflayer,1023,paladin,holy,34,13,21
Ударник,soulflayer,1021,paladin,holy,102,56,46
Antisin,kazzak,1019,paladin,holy,154,64,90
Çrúsader,frostmane,1016,paladin,holy,48,23,25
Hörse,outland,1014,paladin,holy,18,11,7
Øsirix,archimonde,1012,paladin,holy,113,52,61
Darhuun,antonidas,1012,paladin,holy,60,23,37
Kvea,blackmoore,1011,paladin,holy,90,49,41
Rombi,draenor,1011,paladin,holy,94,38,56
Droseros,sylvanas,1011,paladin,holy,47,17,30
Palir,ysondre,1010,paladin,holy,24,11,13
Santtox,dun-modr,1010,paladin,holy,40,13,27
Ринэи,howling-fjord,1008,paladin,holy,21,12,9
Stelara,ravencrest,1007,paladin,holy,54,23,31
Mirabol,hyjal,1007,paladin,holy,77,29,48
Сашокс,gordunni,1006,paladin,holy,123,51,72
Necropolis,twisting-nether,1001,paladin,holy,48,29,19
Флаила,ashenvale,999,paladin,holy,36,18,18
Battalgazi,azjolnerub,997,paladin,holy,35,14,21
Holydano,stormscale,995,paladin,holy,24,13,11
Пегая,soulflayer,994,paladin,holy,24,13,11
Kpunkpam,dun-modr,993,paladin,holy,74,41,33
Avengilo,silvermoon,989,paladin,holy,36,17,19
Iovä,twisting-nether,989,paladin,holy,296,129,167
Buddy,conseil-des-ombres,988,paladin,holy,50,24,26
Gigantiq,draenor,988,paladin,holy,36,11,25
Peacekeep,stormscale,987,paladin,holy,102,43,59
Mêyra,blackhand,986,paladin,holy,22,11,11
Ryuzu,khazgoroth,985,paladin,holy,41,20,21
Áfx,blackmoore,985,paladin,holy,44,17,27
Syrenia,die-silberne-hand,985,paladin,holy,70,21,49
Yasmira,frostmourne,983,paladin,holy,66,36,30
Первыйпал,blackscar,982,paladin,holy,91,48,43
Паблойд,deathguard,981,paladin,holy,63,25,38
Cerseï,frostmane,979,paladin,holy,41,13,28
Ralo,shattrath,978,paladin,holy,54,18,36
Tömmÿ,draenor,976,paladin,holy,80,41,39
Koreanpistol,aegwynn,976,paladin,holy,91,37,54
Zetla,khaz-modan,975,paladin,holy,312,152,160
Ирэуль,gordunni,972,paladin,holy,36,13,23
Fleshoflight,arathor,972,paladin,holy,74,26,48
Shakziva,draenor,968,paladin,holy,78,40,38
Mýv,archimonde,967,paladin,holy,197,93,104
Odensson,sylvanas,967,paladin,holy,42,15,27
Selenaluna,turalyon,967,paladin,holy,48,17,31
Rapidforce,kazzak,965,paladin,holy,102,51,51
Májór,area-52,965,paladin,holy,72,15,57
Rafox,malygos,964,paladin,holy,42,17,25
Severok,darkspear,962,paladin,holy,29,16,13
Byoß,ravencrest,960,paladin,holy,18,10,8
Ayepal,grim-batol,960,paladin,holy,18,10,8
Юмэйнару,deepholm,959,paladin,holy,18,10,8
Rawshatter,kiljaeden,959,paladin,holy,18,10,8
Albakauz,stormscale,959,paladin,holy,24,10,14
Elracktwo,blackhand,958,paladin,holy,18,10,8
Herayo,aegwynn,958,paladin,holy,24,10,14
Kapsloch,twisting-nether,958,paladin,holy,36,10,26
Whórainzóne,eredar,958,paladin,holy,36,10,26
Unhittable,draenor,957,paladin,holy,18,10,8
Kcore,blackrock,957,paladin,holy,36,13,23
Ingenuous,draenor,957,paladin,holy,30,10,20
Smeh,outland,957,paladin,holy,36,10,26
Crashband,bronzebeard,956,paladin,holy,18,10,8
Бадъб,howling-fjord,956,paladin,holy,27,10,17
Shockhoe,tarren-mill,955,paladin,holy,24,10,14
Holyless,draenor,955,paladin,holy,24,10,14
Paluladin,turalyon,954,paladin,holy,18,10,8
Zymotíx,stormscale,954,paladin,holy,30,10,20
Alithanari,twisting-nether,953,paladin,holy,18,10,8
Pb,twilights-hammer,953,paladin,holy,18,10,8
Brøadway,eredar,953,paladin,holy,19,10,9
Roshï,tarren-mill,953,paladin,holy,30,10,20
Kaleto,ragnaros,952,paladin,holy,139,67,72
Cenox,antonidas,952,paladin,holy,30,14,16
Iauna,tarren-mill,952,paladin,holy,30,10,20
Алекссис,blackscar,951,paladin,holy,108,44,64
Dánn,outland,950,paladin,holy,18,10,8
Leekai,stormscale,950,paladin,holy,18,10,8
Legenda,grim-batol,950,paladin,holy,54,23,31
Dunutunicorn,argent-dawn,950,paladin,holy,24,10,14
Schaaboowyy,burning-legion,950,paladin,holy,106,38,68
Bcrp,ragnaros,950,paladin,holy,30,10,20
Оберинмартел,blackscar,949,paladin,holy,48,25,23
Випанк,howling-fjord,949,paladin,holy,155,60,95
Savitri,drakthul,948,paladin,holy,24,10,14
Enslar,sanguino,947,paladin,holy,12,10,2
Макспал,lich-king,947,paladin,holy,65,29,36
Tmàc,twisting-nether,946,paladin,holy,36,10,26
Xonika,outland,945,paladin,holy,31,13,18
Datz,nerathor,943,paladin,holy,24,10,14
Groove,colinas-pardas,941,paladin,holy,40,11,29
Messîah,outland,939,paladin,holy,43,19,24
Colpadeltank,kazzak,939,paladin,holy,54,15,39
Wisplol,kazzak,937,paladin,holy,84,45,39
Holyhooves,thrall,936,paladin,holy,18,10,8
Clerik,eredar,936,paladin,holy,88,42,46
Синрайчик,gordunni,934,paladin,holy,36,16,20
Paladons,darksorrow,933,paladin,holy,41,22,19
Catali,sanguino,931,paladin,holy,115,54,61
Elsirosel,dun-modr,930,paladin,holy,24,10,14
Khaerhadur,argent-dawn,930,paladin,holy,89,28,61
Ázot,burning-legion,929,paladin,holy,48,19,29
Omnimus,draenor,928,paladin,holy,19,11,8
Eledhwen,mannoroth,928,paladin,holy,60,28,32
Djalexx,kazzak,927,paladin,holy,23,10,13
Autyzmterror,silvermoon,927,paladin,holy,86,33,53
Swordlupn,argent-dawn,927,paladin,holy,55,14,41
Perpon,exodar,926,paladin,holy,50,21,29
Pepegasensei,ravencrest,924,paladin,holy,57,22,35
Ridethelight,nemesis,922,paladin,holy,30,15,15
Flòope,destromath,922,paladin,holy,45,19,26
Silvers,steamwheedle-cartel,922,paladin,holy,190,80,110
Zeret,twisting-nether,918,paladin,holy,40,16,24
Menagron,tarren-mill,917,paladin,holy,43,19,24
Imaturtle,darksorrow,915,paladin,holy,41,10,31
Revrenaud,magtheridon,913,paladin,holy,42,11,31
Scumbakitty,ysondre,911,paladin,holy,29,10,19
Crsader,antonidas,908,paladin,holy,84,40,44
Reeceboss,ravencrest,906,paladin,holy,29,12,17
Cøllinz,ragnaros,904,paladin,holy,21,10,11
Heyley,twisting-nether,903,paladin,holy,21,11,10
Ðavai,kazzak,903,paladin,holy,29,10,19
Yeetadin,silvermoon,903,paladin,holy,32,11,21
Davykuro,medivh,898,paladin,holy,44,14,30
Ашкаил,fordragon,895,paladin,holy,34,10,24
Chantal,gilneas,890,paladin,holy,53,26,27
Amolan,drakthul,888,paladin,holy,115,63,52
Яполковник,gordunni,887,paladin,holy,53,30,23
Theisixtus,drakthul,883,paladin,holy,23,12,11
Bjammin,burning-legion,883,paladin,holy,60,25,35
Àkí,blackmoore,883,paladin,holy,35,14,21
Nykothpn,ghostlands,881,paladin,holy,59,19,40
Pallyypower,draenor,873,paladin,holy,78,39,39
Palolog,burning-legion,868,paladin,holy,61,13,48
Æffy,nemesis,864,paladin,holy,12,9,3
Sorfalix,silvermoon,864,paladin,holy,12,9,3
Криптонитх,blackscar,864,paladin,holy,18,9,9
Лайхтни,gordunni,864,paladin,holy,18,9,9
Cunix,draenor,863,paladin,holy,12,9,3
Döug,archimonde,863,paladin,holy,18,9,9
Évo,drakthul,863,paladin,holy,24,9,15
Язвавгорле,soulflayer,863,paladin,holy,24,9,15
Istani,twisting-nether,863,paladin,holy,30,9,21
Heldarim,ysondre,863,paladin,holy,42,9,33
Висперок,soulflayer,862,paladin,holy,12,9,3
Yoanie,draenor,862,paladin,holy,12,9,3
Feîxo,ravencrest,862,paladin,holy,18,9,9
Óverdóse,nagrand,862,paladin,holy,115,57,58
Pölark,archimonde,862,paladin,holy,77,30,47
Fahqmeh,thrall,861,paladin,holy,24,9,15
Mohamedx,tarren-mill,861,paladin,holy,24,9,15
Superpiniouf,archimonde,861,paladin,holy,25,9,16
Firetorch,twisting-nether,861,paladin,holy,30,9,21
Calipse,outland,860,paladin,holy,24,9,15
Elfaza,uldum,860,paladin,holy,36,9,27
Fotmfactory,burning-blade,859,paladin,holy,24,9,15
Zallehh,draenor,858,paladin,holy,30,9,21
Averagepala,stormscale,858,paladin,holy,30,9,21
Dalfor,aggramar,856,paladin,holy,12,9,3
Elganor,hyjal,856,paladin,holy,18,9,9
Lurdz,sylvanas,855,paladin,holy,20,11,9
Holyherb,the-maelstrom,852,paladin,holy,18,9,9
Rubadubskrub,silvermoon,852,paladin,holy,72,21,51
Iñgkara,tarren-mill,849,paladin,holy,70,19,51
Avengers,sylvanas,848,paladin,holy,18,9,9
Clegâne,antonidas,847,paladin,holy,12,9,3
Qyrija,malganis,845,paladin,holy,18,9,9
Vanghelie,doomhammer,843,paladin,holy,24,11,13
Tarhal,guldan,841,paladin,holy,18,9,9
Salubrifie,archimonde,841,paladin,holy,24,10,14
Jorian,burning-legion,832,paladin,holy,48,15,33
Rezilience,archimonde,829,paladin,holy,16,9,7
Langibo,malfurion,829,paladin,holy,24,11,13
Veelris,kazzak,825,paladin,holy,72,33,39
Mustangs,archimonde,821,paladin,holy,45,15,30
Arabicbomb,archimonde,819,paladin,holy,23,9,14
Klappzi,outland,814,paladin,holy,23,9,14
Furywithin,veknilash,811,paladin,holy,17,9,8
Manetheren,grim-batol,810,paladin,holy,58,24,34
Jargot,antonidas,802,paladin,holy,48,20,28
Marcosaurio,stormscale,800,paladin,holy,28,9,19
Bbcanalyzed,blackmoore,798,paladin,holy,32,10,22
Lèonarth,pozzo-delleternità,794,paladin,holy,22,10,12
Миллагрессия,soulflayer,793,paladin,holy,155,62,93
Palafrugell,sanguino,789,paladin,holy,32,13,19
Oscardrei,norgannon,786,paladin,holy,30,10,20
Azzael,thrall,786,paladin,holy,54,14,40
Халлейя,gordunni,768,paladin,holy,12,8,4
Ринрэи,howling-fjord,768,paladin,holy,12,8,4
Morthiel,burning-blade,768,paladin,holy,18,8,10
Fashiôn,sylvanas,768,paladin,holy,18,8,10
Otush,blackmoore,767,paladin,holy,12,8,4
Darkoulipal,ravencrest,767,paladin,holy,12,8,4
Ethurospal,tarren-mill,767,paladin,holy,18,8,10
Micrøsi,thrall,767,paladin,holy,18,8,10
Tyraïa,archimonde,767,paladin,holy,18,8,10
Qpax,twisting-nether,767,paladin,holy,18,8,10
Eky,stormreaver,767,paladin,holy,36,8,28
Bjôrnstad,ravencrest,766,paladin,holy,12,8,4
Tytharion,silvermoon,766,paladin,holy,18,8,10
Бебралом,howling-fjord,766,paladin,holy,18,8,10
Thudor,ravencrest,766,paladin,holy,27,9,18
Crüedriver,nefarian,766,paladin,holy,30,8,22
Edyk,silvermoon,765,paladin,holy,18,8,10
Bighammerx,ravencrest,765,paladin,holy,18,8,10
Chewwaka,bloodhoof,765,paladin,holy,23,8,15
Спэнсэр,gordunni,764,paladin,holy,12,8,4
Vøøtt,ravencrest,764,paladin,holy,24,8,16
Mcscrigs,stormrage,763,paladin,holy,18,8,10
Brolyadin,dun-modr,761,paladin,holy,30,8,22
Wrede,the-maelstrom,760,paladin,holy,24,8,16
Kubrat,eredar,757,paladin,holy,279,109,170
Radhya,sargeras,757,paladin,holy,24,8,16
Mortalitis,tarren-mill,753,paladin,holy,42,8,34
Palabel,blackrock,740,paladin,holy,78,20,58
Ioras,sunstrider,734,paladin,holy,29,8,21
Amnésía,twisting-nether,728,paladin,holy,23,8,15
Khalicies,archimonde,727,paladin,holy,40,9,31
Vindorus,archimonde,723,paladin,holy,40,11,29
Anemonaa,argent-dawn,722,paladin,holy,18,8,10
Sanguiniûs,kirin-tor,720,paladin,holy,20,8,12
Thiccmixy,stormscale,719,paladin,holy,17,8,9
Niou,alleria,711,paladin,holy,28,10,18
Jâybee,ravencrest,707,paladin,holy,20,9,11
Palagrom,kazzak,704,paladin,holy,28,8,20
Lacertosus,nemesis,687,paladin,holy,17,8,9
Аидахо,gordunni,679,paladin,holy,31,12,19
Sínístèr,kazzak,672,paladin,holy,12,7,5
Электрокинг,lich-king,672,paladin,holy,12,7,5
Richik,outland,672,paladin,holy,12,7,5
Mearsheimer,ysondre,672,paladin,holy,12,7,5
Flavourful,cthun,672,paladin,holy,12,7,5
Gtgpiscine,kirin-tor,672,paladin,holy,12,7,5
Babaluga,blackrock,672,paladin,holy,12,7,5
Gigajudge,blackrock,672,paladin,holy,12,7,5
Minpaladin,aegwynn,672,paladin,holy,16,8,8
Нетораре,howling-fjord,672,paladin,holy,18,7,11
Dopeé,stormscale,672,paladin,holy,18,7,11
Achtfufzig,eredar,672,paladin,holy,18,7,11
Djalex,kazzak,672,paladin,holy,18,7,11
Tacodin,blackrock,672,paladin,holy,18,7,11
Léinãd,kazzak,672,paladin,holy,18,7,11
Katsümï,archimonde,672,paladin,holy,30,7,23
Rápunzél,blackmoore,671,paladin,holy,12,7,5
Tejbzx,blackmoore,671,paladin,holy,12,7,5
Цианат,eversong,671,paladin,holy,18,7,11
Хоулик,howling-fjord,671,paladin,holy,18,7,11
Hampoof,blackrock,671,paladin,holy,18,7,11
Yrony,gorgonnash,671,paladin,holy,18,7,11
Ämkaz,archimonde,671,paladin,holy,18,7,11
Íva,twisting-nether,671,paladin,holy,18,7,11
Skatiaringos,silvermoon,671,paladin,holy,18,7,11
Shredyopala,tarren-mill,671,paladin,holy,22,8,14
Linnea,kazzak,671,paladin,holy,24,7,17
Thorosus,nathrezim,670,paladin,holy,12,7,5
Ownkas,kazzak,670,paladin,holy,12,7,5
Hølymaid,blackmoore,670,paladin,holy,12,7,5
Ardentlight,quelthalas,670,paladin,holy,12,7,5
Gilgares,twisting-nether,670,paladin,holy,17,7,10
Lele,kazzak,670,paladin,holy,18,7,11
Telarii,die-nachtwache,670,paladin,holy,18,7,11
Videogame,twilights-hammer,669,paladin,holy,12,7,5
Bloodbrook,burning-legion,669,paladin,holy,18,7,11
Pristín,blackhand,669,paladin,holy,18,7,11
Waldpaladin,malganis,669,paladin,holy,18,7,11
Бладиполи,soulflayer,669,paladin,holy,24,7,17
Wäsabi,khaz-modan,668,paladin,holy,18,7,11
Митреса,howling-fjord,667,paladin,holy,12,7,5
Unkillablee,stormscale,667,paladin,holy,24,7,17
Zypala,silvermoon,667,paladin,holy,24,7,17
Рамго,grom,665,paladin,holy,12,7,5
Leadfoot,argent-dawn,665,paladin,holy,24,7,17
Juicemachine,silvermoon,663,paladin,holy,12,7,5
Schukka,azshara,662,paladin,holy,18,7,11
Düster,frostwolf,662,paladin,holy,18,7,11
Oswoldio,ravencrest,659,paladin,holy,24,7,17
Slayah,blackmoore,657,paladin,holy,18,7,11
Finpála,kul-tiras,648,paladin,holy,13,9,4
Selì,die-aldor,639,paladin,holy,22,7,15
Kansenbass,outland,637,paladin,holy,23,7,16
Soulskin,sylvanas,634,paladin,holy,17,7,10
Торсгард,howling-fjord,622,paladin,holy,15,8,7
Yezel,dalaran,621,paladin,holy,17,7,10
Bonsamedi,garona,620,paladin,holy,27,8,19
Djozeeph,burning-legion,618,paladin,holy,11,7,4
Fluentx,ravencrest,618,paladin,holy,22,8,14
Divinelightz,kazzak,614,paladin,holy,29,14,15
Catsnek,darksorrow,590,paladin,holy,19,7,12
Дантепаладос,soulflayer,583,paladin,holy,49,7,42
Sebrillant,nemesis,576,paladin,holy,12,6,6
Rane,arthas,576,paladin,holy,12,6,6
Vôltuxx,outland,576,paladin,holy,12,6,6
Ajany,blackmoore,576,paladin,holy,12,6,6
Idontknow,nemesis,576,paladin,holy,12,6,6
Nádrüstál,kazzak,576,paladin,holy,12,6,6
Kiingen,ragnaros,576,paladin,holy,12,6,6
Жухолова,howling-fjord,576,paladin,holy,12,6,6
Roqu,nathrezim,576,paladin,holy,12,6,6
Bapêe,thrall,576,paladin,holy,12,6,6
Ben,ghostlands,576,paladin,holy,12,6,6
Téssá,sylvanas,576,paladin,holy,12,6,6
Хохахо,howling-fjord,576,paladin,holy,12,6,6
Engerau,drakthul,576,paladin,holy,12,6,6
Holyfuchsia,ravencrest,576,paladin,holy,12,6,6
Tereyan,draenor,576,paladin,holy,12,6,6
Iîvîl,ravencrest,576,paladin,holy,12,6,6
Êzekiel,draenor,576,paladin,holy,18,6,12
Westranspal,ravencrest,576,paladin,holy,18,6,12
Youngkiwi,blackrock,576,paladin,holy,18,6,12
Демига,ashenvale,576,paladin,holy,18,6,12
Wladimir,stormreaver,576,paladin,holy,18,6,12
Mingleejr,stormscale,576,paladin,holy,25,7,18
Semtexx,antonidas,576,paladin,holy,24,6,18
Amôn,outland,576,paladin,holy,28,6,22
Joypal,tarren-mill,575,paladin,holy,12,6,6
Omgsoholy,stormscale,575,paladin,holy,12,6,6
Cóól,cthun,575,paladin,holy,12,6,6
Hèmera,archimonde,575,paladin,holy,12,6,6
Gulyas,tarren-mill,575,paladin,holy,12,6,6
Rektalinfekt,malganis,575,paladin,holy,12,6,6
Rohanan,blackrock,575,paladin,holy,12,6,6
Juliebee,blackmoore,575,paladin,holy,12,6,6
Taengoo,frostwhisper,575,paladin,holy,12,6,6
Zarispal,tarren-mill,575,paladin,holy,12,6,6
Friendadin,chamber-of-aspects,575,paladin,holy,12,6,6
Pussas,burning-legion,575,paladin,holy,18,6,12
Lezin,thrall,575,paladin,holy,18,6,12
Tohki,darkmoon-faire,575,paladin,holy,18,6,12
Lichbörnè,outland,575,paladin,holy,18,6,12
Ejoz,suramar,575,paladin,holy,18,6,12
Gardaken,draenor,575,paladin,holy,24,6,18
Gefix,archimonde,575,paladin,holy,30,6,24
Jeyløl,antonidas,574,paladin,holy,12,6,6
Lgz,outland,574,paladin,holy,18,6,12
Béniima,archimonde,574,paladin,holy,23,6,17
Vulgati,kazzak,574,paladin,holy,24,6,18
Tôra,hyjal,573,paladin,holy,12,6,6
Palateh,ysondre,573,paladin,holy,36,6,30
Darthdin,stormscale,572,paladin,holy,12,6,6
Tnkfrank,ravencrest,572,paladin,holy,18,6,12
Grafes,sanguino,572,paladin,holy,18,6,12
Tsomoo,antonidas,571,paladin,holy,18,6,12
Rosemary,mugthol,570,paladin,holy,12,6,6
Averyholycow,the-maelstrom,570,paladin,holy,12,6,6
Kytmna,drakthul,568,paladin,holy,12,6,6
Pallnatoke,silvermoon,561,paladin,holy,33,9,24
Giggs,turalyon,539,paladin,holy,14,7,7
Kárlsberg,aegwynn,533,paladin,holy,35,13,22
Alearai,ravenholdt,533,paladin,holy,22,8,14
Kone,drakthul,528,paladin,holy,9,7,2
Nam,culte-de-la-rive-noire,527,paladin,holy,11,6,5
Heavel,thrall,527,paladin,holy,17,6,11
Böömie,blackmoore,523,paladin,holy,21,6,15
Dragg,kirin-tor,522,paladin,holy,17,8,9
Sinofpride,wrathbringer,520,paladin,holy,17,7,10
Noonebetter,ravencrest,519,paladin,holy,23,7,16
Superp,sanguino,514,paladin,holy,14,7,7
Teksor,frostmourne,480,paladin,holy,6,5,1
Athàs,ysondre,480,paladin,holy,6,5,1
Leonlasvegas,blackrock,480,paladin,holy,6,5,1
Deliveröö,silvermoon,480,paladin,holy,6,5,1
Vänëssä,sylvanas,480,paladin,holy,6,5,1
Glymlól,drakthul,480,paladin,holy,6,5,1
Jínnx,outland,480,paladin,holy,12,5,7
Alennya,dalaran,480,paladin,holy,12,5,7
Aldran,les-clairvoyants,480,paladin,holy,12,5,7
Аффикстинка,soulflayer,480,paladin,holy,12,5,7
Chodegobbler,draenor,480,paladin,holy,12,5,7
Haterandoms,turalyon,480,paladin,holy,12,5,7
Fluv,ravencrest,480,paladin,holy,12,5,7
Astridx,kazzak,480,paladin,holy,12,5,7
Glassbaren,draenor,480,paladin,holy,12,5,7
Холишоок,gordunni,480,paladin,holy,12,5,7
Ornosh,draenor,480,paladin,holy,12,5,7
Docoùla,twisting-nether,480,paladin,holy,12,5,7
Delilahftw,burning-legion,480,paladin,holy,12,5,7
Brindefolie,ravencrest,480,paladin,holy,12,5,7
Dohmie,twisting-nether,480,paladin,holy,12,5,7
Ÿani,argent-dawn,480,paladin,holy,12,5,7
Shinesalot,kazzak,480,paladin,holy,12,5,7
Stierchen,aegwynn,480,paladin,holy,12,5,7
Înphy,cthun,480,paladin,holy,12,5,7
Jinchúriki,aegwynn,480,paladin,holy,12,5,7
Drdeus,silvermoon,480,paladin,holy,12,5,7
Kinesen,defias-brotherhood,480,paladin,holy,12,5,7
Kroghct,tarren-mill,480,paladin,holy,12,5,7
Justix,arathor,480,paladin,holy,12,5,7
Dimdon,silvermoon,480,paladin,holy,12,5,7
Papichuló,aegwynn,480,paladin,holy,12,5,7
Gijar,ravencrest,480,paladin,holy,12,5,7
Antragon,nathrezim,480,paladin,holy,12,5,7
Snoogléface,grim-batol,480,paladin,holy,14,5,9
Jogging,thrall,480,paladin,holy,16,5,11
Flamabella,argent-dawn,480,paladin,holy,18,5,13
Ãgra,hyjal,480,paladin,holy,18,5,13
Дюве,blackscar,480,paladin,holy,18,5,13
Conker,malganis,480,paladin,holy,18,5,13
Холидугги,howling-fjord,480,paladin,holy,18,5,13
Zunis,jaedenar,480,paladin,holy,18,5,13
Déstructor,mannoroth,480,paladin,holy,18,5,13
Holydhanas,outland,480,paladin,holy,18,5,13
Omgimapala,kazzak,480,paladin,holy,20,5,15
Elfaza,dun-modr,480,paladin,holy,24,5,19
Ilikejudge,blackmoore,480,paladin,holy,30,5,25
Vilcochon,kaelthas,479,paladin,holy,6,5,1
Руслаанеш,soulflayer,479,paladin,holy,12,5,7
Kejnen,eredar,479,paladin,holy,12,5,7
Лазуриса,deathguard,479,paladin,holy,12,5,7
Gavril,bloodfeather,479,paladin,holy,12,5,7
Spacepal,archimonde,479,paladin,holy,12,5,7
Stinkytoes,draenor,479,paladin,holy,12,5,7
Cabritâ,antonidas,479,paladin,holy,12,5,7
Kiwia,burning-legion,479,paladin,holy,12,5,7
Малимон,soulflayer,479,paladin,holy,12,5,7
Laniñaa,temple-noir,479,paladin,holy,12,5,7
Erthelios,silvermoon,479,paladin,holy,17,5,12
Bellamy,vashj,479,paladin,holy,18,5,13
Sultaani,ravencrest,479,paladin,holy,18,5,13
Flavitwink,hyjal,479,paladin,holy,18,5,13
Brölin,sanguino,479,paladin,holy,18,5,13
Noukia,ysondre,478,paladin,holy,12,5,7
Bubblegum,dentarg,478,paladin,holy,18,5,13
Lianowar,nemesis,478,paladin,holy,24,5,19
Axone,ravencrest,477,paladin,holy,12,5,7
Lionpic,nemesis,477,paladin,holy,18,5,13
Котейкинус,blackscar,477,paladin,holy,18,5,13
Kaedena,kaelthas,476,paladin,holy,12,5,7
Grayscale,dun-morogh,476,paladin,holy,18,5,13
Styflor,dalaran,476,paladin,holy,18,5,13
Flameshield,turalyon,476,paladin,holy,24,5,19
Alone,sporeggar,473,paladin,holy,12,5,7
Gunshøtx,archimonde,466,paladin,holy,28,10,18
Лералучшая,gordunni,464,paladin,holy,19,7,12
Preamx,blackrock,463,paladin,holy,17,5,12
Tadjmahal,ravencrest,447,paladin,holy,11,5,6
Árcangel,minahonda,447,paladin,holy,17,5,12
Arshlicht,frostwolf,446,paladin,holy,17,5,12
Jeunepadawan,dalaran,442,paladin,holy,17,5,12
Émilia,frostwolf,432,paladin,holy,15,5,10
Unstobubblex,burning-blade,431,paladin,holy,11,5,6
Bämbunga,madmortem,426,paladin,holy,16,6,10
Memewings,tarren-mill,426,paladin,holy,23,7,16
Тейдехан,gordunni,426,paladin,holy,21,6,15
Солфф,gordunni,426,paladin,holy,22,6,16
Tressðr,dun-modr,426,paladin,holy,27,6,21
Exødus,defias-brotherhood,414,paladin,holy,14,5,9
Mcßluz,les-clairvoyants,399,paladin,holy,5,5,0
Eïnï,kazzak,384,paladin,holy,6,4,2
Healìna,hyjal,384,paladin,holy,6,4,2
Insomnias,silvermoon,384,paladin,holy,6,4,2
Kesq,ravencrest,384,paladin,holy,6,4,2
Jeyyl,aegwynn,384,paladin,holy,6,4,2
Pastabianco,ravencrest,384,paladin,holy,6,4,2
Wiffy,ravencrest,384,paladin,holy,6,4,2
Touchpally,ravencrest,384,paladin,holy,6,4,2
Rikiji,ravencrest,384,paladin,holy,6,4,2
Ñnñnñnñnñnñn,stormscale,384,paladin,holy,6,4,2
Calimmacil,amanthul,384,paladin,holy,11,5,6
Superkudden,kazzak,384,paladin,holy,12,4,8
Victwo,burning-legion,384,paladin,holy,12,4,8
Tyrø,ravencrest,384,paladin,holy,12,4,8
Pjmoncrack,outland,384,paladin,holy,12,4,8
Fedaikin,stormscale,384,paladin,holy,12,4,8
Divinemove,stormscale,384,paladin,holy,12,4,8
Hutson,drakthul,384,paladin,holy,12,4,8
Sacredx,tarren-mill,384,paladin,holy,12,4,8
Sebatrøz,ravencrest,384,paladin,holy,12,4,8
Chopocrisp,dun-modr,384,paladin,holy,12,4,8
Reinhàrdt,ravencrest,384,paladin,holy,12,4,8
Mooderna,ravencrest,384,paladin,holy,12,4,8
Ugimuji,magtheridon,384,paladin,holy,12,4,8
Brüllt,dun-modr,384,paladin,holy,12,4,8
Asmaril,rexxar,384,paladin,holy,12,4,8
Jokkepaappa,darksorrow,384,paladin,holy,12,4,8
Csalóka,bloodscalp,384,paladin,holy,12,4,8
Êggsy,grim-batol,384,paladin,holy,12,4,8
Lancelotx,darksorrow,384,paladin,holy,12,4,8
Rankonebabe,stormscale,384,paladin,holy,12,4,8
Góò,frostmane,384,paladin,holy,12,4,8
Akako,outland,384,paladin,holy,12,4,8
Imitrex,hyjal,384,paladin,holy,12,4,8
Psikatchuu,hyjal,384,paladin,holy,12,4,8
Hammarfall,ravencrest,384,paladin,holy,12,4,8
Geesus,eredar,384,paladin,holy,12,4,8
Kairo,dethecus,384,paladin,holy,12,4,8
Sterklight,draenor,384,paladin,holy,12,4,8
Bwser,silvermoon,384,paladin,holy,12,4,8
Экстазируй,howling-fjord,384,paladin,holy,12,4,8
Vânwêêd,thrall,384,paladin,holy,12,4,8
Akazâ,ysondre,384,paladin,holy,12,4,8
Visersion,tarren-mill,384,paladin,holy,12,4,8
Shockadin,khazgoroth,384,paladin,holy,12,4,8
Shívah,auchindoun,384,paladin,holy,12,4,8
Yunax,silvermoon,384,paladin,holy,12,4,8
Хикз,gordunni,384,paladin,holy,12,4,8
Gummypala,kazzak,384,paladin,holy,12,4,8
Tharelion,twisting-nether,384,paladin,holy,12,4,8
Клэйсонгодхх,gordunni,384,paladin,holy,12,4,8
Crazyclass,outland,384,paladin,holy,14,4,10
Лортремар,howling-fjord,384,paladin,holy,18,4,14
Breez,die-aldor,384,paladin,holy,18,4,14
Сакон,borean-tundra,384,paladin,holy,18,4,14
Bjaï,hyjal,384,paladin,holy,18,4,14
Талрэн,howling-fjord,384,paladin,holy,18,4,14
Babyboink,kazzak,384,paladin,holy,18,4,14
Cykond,aegwynn,384,paladin,holy,18,4,14
Przemedron,burning-legion,384,paladin,holy,18,4,14
Кирюшафридом,gordunni,384,paladin,holy,19,4,15
Taxpayer,aegwynn,384,paladin,holy,24,4,20
Гниленький,razuvious,384,paladin,holy,24,4,20
Steeger,blackhand,383,paladin,holy,6,4,2
Caumon,los-errantes,383,paladin,holy,12,4,8
Кэлви,blackscar,383,paladin,holy,12,4,8
Allesandra,antonidas,383,paladin,holy,12,4,8
Angellinä,ragnaros,383,paladin,holy,12,4,8
Duine,the-venture-co,383,paladin,holy,12,4,8
Ênmâ,archimonde,383,paladin,holy,12,4,8
Nostromus,antonidas,383,paladin,holy,12,4,8
Aggressìon,twisting-nether,383,paladin,holy,12,4,8
Anfe,silvermoon,383,paladin,holy,12,4,8
Uoloop,kazzak,383,paladin,holy,12,4,8
Abdullach,silvermoon,383,paladin,holy,12,4,8
Superpaladin,draenor,383,paladin,holy,18,4,14
Scissors,dun-morogh,383,paladin,holy,18,4,14
Овахус,soulflayer,382,paladin,holy,12,4,8
Nêkro,dun-modr,382,paladin,holy,18,4,14
Ardyl,drakthul,379,paladin,holy,12,4,8
Pyhälehmä,alakir,377,paladin,holy,18,4,14
Konpala,blackmoore,367,paladin,holy,11,4,7
Nolylight,tarren-mill,365,paladin,holy,11,4,7
Justyowx,archimonde,352,paladin,holy,16,5,11
Vergogne,ysondre,351,paladin,holy,20,5,15
Acongojante,zuljin,330,paladin,holy,27,5,22
Onys,onyxia,329,paladin,holy,16,5,11
Liadry,sylvanas,329,paladin,holy,16,5,11
Ysnee,sanguino,320,paladin,holy,16,4,12
Holydin,argent-dawn,319,paladin,holy,5,4,1
Arikan,destromath,288,paladin,holy,6,3,3
Solumon,gorgonnash,288,paladin,holy,6,3,3
Dacilez,ravencrest,288,paladin,holy,6,3,3
Pilinhás,aggra-português,288,paladin,holy,6,3,3
Redjager,silvermoon,288,paladin,holy,6,3,3
Killiria,kazzak,288,paladin,holy,6,3,3
Zunis,ravencrest,288,paladin,holy,6,3,3
Holynoby,kazzak,288,paladin,holy,6,3,3
Rasmu,kazzak,288,paladin,holy,6,3,3
Rudirumms,die-aldor,288,paladin,holy,6,3,3
Vashavi,tarren-mill,288,paladin,holy,6,3,3
Lalli,korgall,288,paladin,holy,6,3,3
Neoz,ravencrest,288,paladin,holy,6,3,3
Yungboii,kazzak,288,paladin,holy,6,3,3
Naiconpala,kazzak,288,paladin,holy,6,3,3
Ballefrikase,tarren-mill,288,paladin,holy,6,3,3
Gahar,grim-batol,288,paladin,holy,6,3,3
Zimxao,ravencrest,288,paladin,holy,6,3,3
Lunalovesyou,blackmoore,288,paladin,holy,6,3,3
Thingus,argent-dawn,288,paladin,holy,6,3,3
Belzepal,blackrock,288,paladin,holy,6,3,3
Kompa,sanguino,288,paladin,holy,6,3,3
Penthxoxo,outland,288,paladin,holy,6,3,3
Fenrixlol,shendralar,288,paladin,holy,6,3,3
Bandrogina,shattered-hand,288,paladin,holy,6,3,3
Хилвиновен,gordunni,288,paladin,holy,6,3,3
Tyn,dragonmaw,288,paladin,holy,6,3,3
Amazja,eredar,288,paladin,holy,6,3,3
Nidaime,zuljin,288,paladin,holy,6,3,3
Гиркин,ashenvale,288,paladin,holy,6,3,3
Ljusmys,stormscale,288,paladin,holy,6,3,3
Âmba,blackrock,288,paladin,holy,6,3,3
Verivertikal,blackmoore,288,paladin,holy,9,4,5
Faëndel,hyjal,288,paladin,holy,9,4,5
Zephale,sunstrider,288,paladin,holy,7,3,4
Høbz,outland,288,paladin,holy,8,3,5
Awdly,draenor,288,paladin,holy,8,3,5
Lògàn,pozzo-delleternità,288,paladin,holy,9,3,6
Zerohour,kilrogg,288,paladin,holy,12,3,9
Влажныйбоб,soulflayer,288,paladin,holy,12,3,9
Sâfcon,eredar,288,paladin,holy,12,3,9
Jctp,ravencrest,288,paladin,holy,12,3,9
Bigdamjudge,argent-dawn,288,paladin,holy,12,3,9
Arbuzno,draenor,288,paladin,holy,12,3,9
Chusterb,draenor,288,paladin,holy,12,3,9
Noanoshy,eredar,288,paladin,holy,12,3,9
Linxo,argent-dawn,288,paladin,holy,12,3,9
Krayzier,nordrassil,288,paladin,holy,12,3,9
Гигаиисус,gordunni,288,paladin,holy,12,3,9
Klumie,silvermoon,288,paladin,holy,12,3,9
Nÿwa,temple-noir,288,paladin,holy,12,3,9
Azthin,outland,288,paladin,holy,12,3,9
Winjina,twisting-nether,288,paladin,holy,12,3,9
Баблейми,gordunni,288,paladin,holy,12,3,9
Redeem,nemesis,288,paladin,holy,12,3,9
Kelmarr,blackmoore,288,paladin,holy,12,3,9
Rouge,eredar,288,paladin,holy,12,3,9
Nhum,destromath,288,paladin,holy,12,3,9
Komen,dalaran,288,paladin,holy,12,3,9
Lifthorn,twisting-nether,288,paladin,holy,12,3,9
Vissticks,nagrand,288,paladin,holy,12,3,9
Monaatamis,kazzak,288,paladin,holy,12,3,9
Handsomeguyx,outland,288,paladin,holy,12,3,9
Màti,burning-legion,288,paladin,holy,18,3,15
Glooni,blackmoore,288,paladin,holy,18,3,15
Kaelorian,silvermoon,288,paladin,holy,18,3,15
Pallileuka,ravencrest,288,paladin,holy,18,3,15
Kastiël,hyjal,288,paladin,holy,18,3,15
Kickvandoo,blackmoore,287,paladin,holy,6,3,3
Скрепыш,soulflayer,287,paladin,holy,6,3,3
Визавад,goldrinn,287,paladin,holy,6,3,3
Divinehàmer,hyjal,287,paladin,holy,6,3,3
Livspartner,twisting-nether,287,paladin,holy,6,3,3
Theodun,xavius,287,paladin,holy,15,4,11
Jellish,argent-dawn,287,paladin,holy,12,3,9
Toxií,argent-dawn,287,paladin,holy,12,3,9
Faustan,rexxar,287,paladin,holy,12,3,9
Järnkroken,tarren-mill,287,paladin,holy,13,3,10
Auliæ,chogall,287,paladin,holy,18,3,15
Мерасфард,howling-fjord,287,paladin,holy,18,3,15
Biót,tarren-mill,287,paladin,holy,18,3,15
Zàrílâ,dun-morogh,286,paladin,holy,6,3,3
Belgblue,ravenholdt,286,paladin,holy,6,3,3
Bkbstormcrow,thrall,286,paladin,holy,12,3,9
Lorithias,sargeras,286,paladin,holy,12,3,9
Hitaki,tarren-mill,256,paladin,holy,10,3,7
Keyla,los-errantes,256,paladin,holy,10,3,7
Ланиева,gordunni,240,paladin,holy,15,4,11
Fiuk,frostwhisper,239,paladin,holy,11,3,8
Holyblast,archimonde,234,paladin,holy,6,4,2
Flamxd,blackmoore,234,paladin,holy,10,5,5
Тамерланх,gordunni,234,paladin,holy,9,4,5
Shivèns,archimonde,234,paladin,holy,17,5,12
Mustardio,tarren-mill,234,paladin,holy,14,4,10
Dewastør,blackmoore,234,paladin,holy,15,4,11
Fearclass,hyjal,234,paladin,holy,16,4,12
Хепипал,soulflayer,234,paladin,holy,16,4,12
Zeiserig,antonidas,234,paladin,holy,17,4,13
Sanctifiedz,silvermoon,233,paladin,holy,9,5,4
Faranume,sylvanas,233,paladin,holy,16,4,12
Waltgyubeef,argent-dawn,222,paladin,holy,28,8,20
Boldi,stormscale,192,paladin,holy,6,2,4
Ришардебюр,soulflayer,192,paladin,holy,6,2,4
Bàrlo,kazzak,192,paladin,holy,6,2,4
Benedikt,stormscale,192,paladin,holy,6,2,4
Twoßiased,kazzak,192,paladin,holy,6,2,4
Alisonquínn,argent-dawn,192,paladin,holy,6,2,4
Palabron,dun-modr,192,paladin,holy,6,2,4
Rulîx,blackmoore,192,paladin,holy,6,2,4
Envli,ragnaros,192,paladin,holy,6,2,4
Vorsip,tarren-mill,192,paladin,holy,6,2,4
Lafrogge,culte-de-la-rive-noire,192,paladin,holy,6,2,4
Zulpharik,ragnaros,192,paladin,holy,6,2,4
Dafukx,ragnaros,192,paladin,holy,6,2,4
Атомщица,deathguard,192,paladin,holy,6,2,4
Kimmpala,tarren-mill,192,paladin,holy,6,2,4
Xirôs,zirkel-des-cenarius,192,paladin,holy,6,2,4
Miastenia,tarren-mill,192,paladin,holy,6,2,4
Lompe,karazhan,192,paladin,holy,6,2,4
Tîk,stormscale,192,paladin,holy,6,2,4
Botaref,kazzak,192,paladin,holy,6,2,4
Fruitschaal,moonglade,192,paladin,holy,6,2,4
Овоссч,soulflayer,192,paladin,holy,6,2,4
Realdeal,argent-dawn,192,paladin,holy,6,2,4
Exploenjoyer,ragnaros,192,paladin,holy,6,2,4
Bopbacca,stormscale,192,paladin,holy,6,2,4
Galad,exodar,192,paladin,holy,6,2,4
Galadrion,dun-modr,192,paladin,holy,6,2,4
Анягэмбл,soulflayer,192,paladin,holy,6,2,4
Whiskeyx,lightbringer,192,paladin,holy,6,2,4
Bigholy,tarren-mill,192,paladin,holy,6,2,4
Freijam,ravencrest,192,paladin,holy,6,2,4
Pagadi,blackhand,192,paladin,holy,6,2,4
Nirvanä,drakthul,192,paladin,holy,6,2,4
Defianze,tarren-mill,192,paladin,holy,6,2,4
Andokaî,blackrock,192,paladin,holy,6,2,4
Poonky,dun-modr,192,paladin,holy,6,2,4
Teflonmagìc,ravencrest,192,paladin,holy,6,2,4
Pizigoi,ravencrest,192,paladin,holy,6,2,4
Hezekielh,hyjal,192,paladin,holy,6,2,4
Eim,moonglade,192,paladin,holy,6,2,4
Panomecon,magtheridon,192,paladin,holy,6,2,4
Palaneuía,antonidas,192,paladin,holy,6,2,4
Lxvideoscom,blackrock,192,paladin,holy,6,2,4
Ladika,turalyon,192,paladin,holy,6,2,4
Neilimeh,marécage-de-zangar,192,paladin,holy,6,2,4
Wvwwvwvwvwwv,ravencrest,192,paladin,holy,6,2,4
Bígmachine,draenor,192,paladin,holy,6,2,4
Yuz,archimonde,192,paladin,holy,6,2,4
Tamarian,frostwhisper,192,paladin,holy,6,2,4
Holylight,arathi,192,paladin,holy,6,2,4
Прожектор,gordunni,192,paladin,holy,6,2,4
Skølir,rashgarroth,192,paladin,holy,6,2,4
Elrack,blackhand,192,paladin,holy,6,2,4
Rävnev,twisting-nether,192,paladin,holy,6,2,4
Durnell,sylvanas,192,paladin,holy,6,2,4
Honey,quelthalas,192,paladin,holy,16,3,13
Faenril,hyjal,192,paladin,holy,11,2,9
Keft,twisting-nether,192,paladin,holy,12,2,10
Kÿsse,hyjal,192,paladin,holy,12,2,10
Pichuflor,sanguino,192,paladin,holy,12,2,10
Týr,forscherliga,192,paladin,holy,12,2,10
Iamheal,blackhand,192,paladin,holy,12,2,10
Bala,ravenholdt,192,paladin,holy,12,2,10
Krièr,aggra-português,192,paladin,holy,12,2,10
Ascendeadqt,kazzak,192,paladin,holy,12,2,10
Croptol,dun-modr,192,paladin,holy,12,2,10
Zeleron,darksorrow,192,paladin,holy,12,2,10
Awer,magtheridon,192,paladin,holy,12,2,10
Вишенций,howling-fjord,192,paladin,holy,12,2,10
Ucu,terokkar,192,paladin,holy,12,2,10
Tsukaima,uldaman,192,paladin,holy,12,2,10
Essina,argent-dawn,192,paladin,holy,12,2,10
Eyesore,malganis,192,paladin,holy,12,2,10
Aienest,ragnaros,192,paladin,holy,12,2,10
Uldurin,ravencrest,192,paladin,holy,12,2,10
Bjutiful,silvermoon,192,paladin,holy,15,2,13
Blancucky,kazzak,192,paladin,holy,18,2,16
Telninio,ravencrest,192,paladin,holy,18,2,16
Paintdafence,kazzak,192,paladin,holy,18,2,16
Mistoflight,sylvanas,192,paladin,holy,18,2,16
Getblessed,rexxar,192,paladin,holy,18,2,16
Harycon,thrall,192,paladin,holy,24,2,22
Akilës,dun-modr,191,paladin,holy,6,2,4
Tiboeufpéi,archimonde,191,paladin,holy,6,2,4
Zuplex,deathwing,191,paladin,holy,6,2,4
Aodren,varimathras,191,paladin,holy,6,2,4
Bulinazor,stormscale,191,paladin,holy,12,2,10
Chasie,antonidas,191,paladin,holy,12,2,10
Showjustice,blackmoore,191,paladin,holy,12,2,10
Sharn,ravencrest,159,paladin,holy,5,2,3
Orogerrabbit,archimonde,144,paladin,holy,3,3,0
Freyjä,turalyon,138,paladin,holy,9,4,5
Spizz,dun-modr,138,paladin,holy,8,3,5
Drylink,kazzak,138,paladin,holy,11,3,8
Pïñkñætðøðÿ,tarren-mill,138,paladin,holy,14,3,11
Hotchíck,outland,138,paladin,holy,15,3,12
Rethus,burning-legion,96,paladin,holy,6,1,5
Mínara,drakthul,96,paladin,holy,6,1,5
Sèrgàs,blackhand,96,paladin,holy,6,1,5
Agorasieya,frostwolf,96,paladin,holy,6,1,5
Водомафия,greymane,96,paladin,holy,6,1,5
Хочусметанки,howling-fjord,96,paladin,holy,6,1,5
Andrøiz,dun-modr,96,paladin,holy,6,1,5
Goatti,lightnings-blade,96,paladin,holy,6,1,5
Thelvadam,blackhand,96,paladin,holy,6,1,5
Qpala,quelthalas,96,paladin,holy,6,1,5
Dayr,sylvanas,96,paladin,holy,6,1,5
Пепсекольный,soulflayer,96,paladin,holy,6,1,5
Tacita,nazjatar,96,paladin,holy,6,1,5
Holyfalls,blackmoore,96,paladin,holy,6,1,5
Whatapity,silvermoon,96,paladin,holy,6,1,5
Lommeuld,auchindoun,96,paladin,holy,6,1,5
Mybadvibes,tarren-mill,96,paladin,holy,6,1,5
Bittersweex,stormscale,96,paladin,holy,6,1,5
Orphëus,blackhand,96,paladin,holy,6,1,5
Playprist,aegwynn,96,paladin,holy,6,1,5
Reøl,blackmoore,96,paladin,holy,6,1,5
Kirane,hyjal,96,paladin,holy,6,1,5
Selaphíel,kazzak,96,paladin,holy,6,1,5
Mg,kul-tiras,96,paladin,holy,6,1,5
Sozzerienpal,kazzak,96,paladin,holy,6,1,5
Minirempart,khaz-modan,96,paladin,holy,6,1,5
Kimozabie,ravencrest,96,paladin,holy,6,1,5
Enriel,temple-noir,96,paladin,holy,6,1,5
Bubbleheart,ahnqiraj,96,paladin,holy,6,1,5
Iamyellow,silvermoon,96,paladin,holy,6,1,5
Nôxi,garona,96,paladin,holy,6,1,5
Надеко,howling-fjord,96,paladin,holy,6,1,5
Regista,ravencrest,96,paladin,holy,6,1,5
Fugll,ravencrest,96,paladin,holy,6,1,5
Hasart,tarren-mill,96,paladin,holy,6,1,5
Xaldrèk,silvermoon,96,paladin,holy,6,1,5
Fükdîscláss,ravencrest,96,paladin,holy,6,1,5
Lyciha,blackrock,96,paladin,holy,6,1,5
Dilly,uldaman,96,paladin,holy,6,1,5
Bubblebun,kazzak,96,paladin,holy,6,1,5
Razztafari,tarren-mill,96,paladin,holy,6,1,5
Buladin,darkspear,96,paladin,holy,6,1,5
Xephiroxus,the-venture-co,96,paladin,holy,6,1,5
Wingcomander,aegwynn,96,paladin,holy,6,1,5
Zeyz,defias-brotherhood,96,paladin,holy,6,1,5
Therador,dun-morogh,96,paladin,holy,6,1,5
Xzarat,kazzak,96,paladin,holy,6,1,5
Nyryaa,archimonde,96,paladin,holy,6,1,5
Holysheto,sanguino,96,paladin,holy,6,1,5
Dobbygotsock,kazzak,96,paladin,holy,6,1,5
Switchflip,frostmane,96,paladin,holy,6,1,5
Palariaan,defias-brotherhood,96,paladin,holy,6,1,5
Shandju,norgannon,96,paladin,holy,6,1,5
Crunchybeef,tarren-mill,96,paladin,holy,6,1,5
Druidinoob,uldaman,96,paladin,holy,6,1,5
Vadheterjag,ravencrest,96,paladin,holy,6,1,5
Visaria,twisting-nether,96,paladin,holy,6,1,5
Belgradee,silvermoon,96,paladin,holy,6,1,5
Холидугги,blackscar,96,paladin,holy,6,1,5
Dedicatèd,draenor,96,paladin,holy,6,1,5
Fatalism,draenor,96,paladin,holy,6,1,5
Tønyx,les-clairvoyants,96,paladin,holy,6,1,5
Kyarï,culte-de-la-rive-noire,96,paladin,holy,6,1,5
Eàrànël,les-clairvoyants,96,paladin,holy,6,1,5
Vindex,die-nachtwache,96,paladin,holy,6,1,5
Синерина,blackscar,96,paladin,holy,6,1,5
Flashhèart,draenor,96,paladin,holy,6,1,5
Whiskeypal,draenor,96,paladin,holy,6,1,5
Shanik,zuljin,96,paladin,holy,8,1,7
Daminika,das-syndikat,96,paladin,holy,9,1,8
Ксаиотх,blackscar,96,paladin,holy,12,1,11
Goldenstern,blackhand,96,paladin,holy,12,1,11
Hasler,drakthul,96,paladin,holy,12,1,11
Mathelac,argent-dawn,96,paladin,holy,12,1,11
Pigma,outland,96,paladin,holy,12,1,11
Ganadorie,twisting-nether,96,paladin,holy,12,1,11
Светиздырки,howling-fjord,96,paladin,holy,12,1,11
Fonz,ysondre,96,paladin,holy,12,1,11
Ahronius,stormscale,96,paladin,holy,12,1,11
Лейфи,howling-fjord,96,paladin,holy,12,1,11
Lunaary,antonidas,96,paladin,holy,12,1,11
Veest,doomhammer,96,paladin,holy,12,1,11
Byakkospal,tarren-mill,96,paladin,holy,12,1,11
Catali,dalaran,96,paladin,holy,12,1,11
Trennbolone,outland,96,paladin,holy,12,1,11
Tpaxocvetka,ravencrest,96,paladin,holy,18,1,17
Hancipapa,ragnaros,95,paladin,holy,6,1,5
Callon,das-syndikat,95,paladin,holy,6,1,5
Lumïnescïa,archimonde,95,paladin,holy,6,1,5
Laidevon,twisting-nether,84,paladin,holy,21,6,15
Shaxxzii,kazzak,79,paladin,holy,5,1,4
Защешот,gordunni,79,paladin,holy,5,1,4
Firfiris,twisting-nether,64,paladin,holy,4,1,3
Ashbtw,outland,48,paladin,holy,3,1,2
Champal,hyjal,48,paladin,holy,3,1,2
Sixqti,blackrock,42,paladin,holy,6,2,4
Holymerda,grim-batol,42,paladin,holy,8,2,6
Spryxx,draenor,42,paladin,holy,8,2,6
Xpurcica,twisting-nether,42,paladin,holy,10,2,8
Kjn,tarren-mill,2329,paladin,retribution,182,100,82
Harridin,ravencrest,2229,paladin,retribution,374,193,181
Drkp,blackrock,2228,paladin,retribution,73,51,22
Stracciatell,archimonde,2227,paladin,retribution,115,85,30
Exolix,archimonde,2221,paladin,retribution,96,52,44
Pïkachû,ravencrest,2213,paladin,retribution,84,45,39
Bakawolf,burning-legion,2213,paladin,retribution,101,54,47
Ranitwo,tarren-mill,2193,paladin,retribution,84,48,36
Suprisexd,ravencrest,2193,paladin,retribution,96,51,45
Синодх,eversong,2189,paladin,retribution,166,86,80
Elypsia,tarren-mill,2177,paladin,retribution,151,78,73
Syruplol,blackrock,2166,paladin,retribution,195,103,92
Ctierpala,ravencrest,2161,paladin,retribution,90,47,43
Синодушка,blackscar,2152,paladin,retribution,100,53,47
Daybreak,kazzak,2146,paladin,retribution,170,85,85
Kriszi,burning-legion,2141,paladin,retribution,206,104,102
Mýstíc,ravencrest,2139,paladin,retribution,226,113,113
Radeto,outland,2134,paladin,retribution,96,51,45
Opettaja,ravencrest,2132,paladin,retribution,102,55,47
Ðâny,elune,2130,paladin,retribution,141,71,70
Galadrion,dun-modr,2129,paladin,retribution,87,47,40
Royki,the-maelstrom,2127,paladin,retribution,186,95,91
Freshreroll,tarren-mill,2125,paladin,retribution,72,43,29
Milipal,hyjal,2123,paladin,retribution,90,48,42
Отловщик,gordunni,2123,paladin,retribution,82,43,39
Loratheon,stormscale,2120,paladin,retribution,84,43,41
Mcret,ravencrest,2120,paladin,retribution,130,65,65
Nedith,pozzo-delleternità,2119,paladin,retribution,240,128,112
Âlßêdø,ravencrest,2118,paladin,retribution,201,102,99
Ultrabenzo,ravencrest,2117,paladin,retribution,139,68,71
Herrius,ravencrest,2116,paladin,retribution,90,45,45
Insanepvplol,archimonde,2115,paladin,retribution,81,45,36
Exolis,archimonde,2113,paladin,retribution,84,43,41
Pallyprinces,dentarg,2113,paladin,retribution,102,50,52
Vatix,trollbane,2112,paladin,retribution,90,45,45
Lättäkamerus,ravencrest,2111,paladin,retribution,151,76,75
Wickedwings,silvermoon,2111,paladin,retribution,118,59,59
Sacredwrath,burning-legion,2109,paladin,retribution,93,47,46
Renaseh,twisting-nether,2108,paladin,retribution,112,57,55
Mcweedy,aegwynn,2108,paladin,retribution,84,42,42
Аеррис,gordunni,2106,paladin,retribution,113,57,56
Matinacc,tarren-mill,2105,paladin,retribution,126,73,53
Fkadin,kazzak,2102,paladin,retribution,236,129,107
Eysn,blackrock,2102,paladin,retribution,87,46,41
Pog,azshara,2102,paladin,retribution,87,46,41
Pancakee,the-maelstrom,2101,paladin,retribution,95,52,43
Mainôs,ravencrest,2101,paladin,retribution,112,57,55
Steelsuit,argent-dawn,2100,paladin,retribution,290,154,136
Peiker,blackrock,2100,paladin,retribution,244,121,123
Miilicium,archimonde,2091,paladin,retribution,83,41,42
Shinøaa,wrathbringer,2085,paladin,retribution,263,140,123
Swahadon,stormscale,2082,paladin,retribution,126,63,63
Ёйхйё,blackscar,2068,paladin,retribution,347,196,151
Skyrose,ravencrest,2068,paladin,retribution,241,136,105
Альмор,blackscar,2064,paladin,retribution,60,31,29
Sonne,tarren-mill,2055,paladin,retribution,132,67,65
Хохахо,howling-fjord,2053,paladin,retribution,120,69,51
Drdo,blackrock,2048,paladin,retribution,53,40,13
Pestomp,tarren-mill,2042,paladin,retribution,89,43,46
Vabz,blackrock,2041,paladin,retribution,89,44,45
Perxx,stormscale,2036,paladin,retribution,66,33,33
Tadashì,aegwynn,2035,paladin,retribution,90,44,46
Davewins,dragonblight,2033,paladin,retribution,42,34,8
Legodudex,ravencrest,2033,paladin,retribution,174,85,89
Rankoneretri,arathor,2032,paladin,retribution,78,42,36
Cosmicstâr,kazzak,2024,paladin,retribution,192,97,95
Bigspin,ravencrest,2021,paladin,retribution,309,156,153
Мевар,gordunni,2018,paladin,retribution,154,74,80
Ðaegos,blackmoore,2015,paladin,retribution,165,85,80
Holyhäätz,aegwynn,2014,paladin,retribution,123,67,56
Ðeathron,blackmoore,2012,paladin,retribution,182,93,89
Crysania,twisting-nether,2012,paladin,retribution,78,36,42
Модрит,soulflayer,2011,paladin,retribution,133,83,50
Gluttön,tarren-mill,2011,paladin,retribution,89,47,42
Tròth,twisting-nether,2004,paladin,retribution,66,33,33
Daveboss,dragonblight,2003,paladin,retribution,60,32,28
Ricexoxo,blackhand,2003,paladin,retribution,110,52,58
Хадакур,howling-fjord,1997,paladin,retribution,120,59,61
Jualom,colinas-pardas,1995,paladin,retribution,134,70,64
Стимулин,howling-fjord,1995,paladin,retribution,199,102,97
Избиватель,soulflayer,1995,paladin,retribution,222,108,114
Møøgødx,bronzebeard,1993,paladin,retribution,228,110,118
Мрч,howling-fjord,1992,paladin,retribution,66,34,32
Franclovis,hyjal,1991,paladin,retribution,69,30,39
Sitekx,burning-legion,1988,paladin,retribution,150,71,79
Ниашес,howling-fjord,1988,paladin,retribution,129,59,70
Zarrex,blackrock,1987,paladin,retribution,72,37,35
Retwar,ravencrest,1986,paladin,retribution,77,49,28
Vadya,ravencrest,1986,paladin,retribution,510,262,248
Maxes,twisting-nether,1984,paladin,retribution,258,134,124
Purgebop,ravencrest,1983,paladin,retribution,105,62,43
Sofhiya,silvermoon,1982,paladin,retribution,72,41,31
Соулерт,ashenvale,1982,paladin,retribution,108,57,51
Tsunà,antonidas,1982,paladin,retribution,102,51,51
Qshadow,frostwhisper,1982,paladin,retribution,196,94,102
Galaadh,archimonde,1981,paladin,retribution,96,44,52
Nîhil,silvermoon,1977,paladin,retribution,94,45,49
Littlelíght,silvermoon,1976,paladin,retribution,172,89,83
Beautýbeast,ravencrest,1975,paladin,retribution,209,108,101
Xourens,twisting-nether,1975,paladin,retribution,139,65,74
Clessington,die-aldor,1972,paladin,retribution,75,40,35
Flaapz,hyjal,1969,paladin,retribution,290,163,127
Васапрагиб,howling-fjord,1966,paladin,retribution,156,88,68
Kazuroo,blackmoore,1966,paladin,retribution,132,70,62
Hornyret,kazzak,1966,paladin,retribution,152,78,74
Ufø,magtheridon,1966,paladin,retribution,215,105,110
Bernhoftxd,ravencrest,1966,paladin,retribution,283,136,147
Palior,sylvanas,1964,paladin,retribution,78,40,38
Elisight,ravencrest,1963,paladin,retribution,102,58,44
Tpainjr,kazzak,1963,paladin,retribution,72,36,36
Mezor,dun-modr,1962,paladin,retribution,262,132,130
Gìne,archimonde,1962,paladin,retribution,195,98,97
Babyboo,aggra-português,1961,paladin,retribution,108,53,55
Fullsendbro,ravencrest,1959,paladin,retribution,149,83,66
Нейтхигерс,howling-fjord,1959,paladin,retribution,92,47,45
Xillindion,blackhand,1955,paladin,retribution,314,158,156
Retbùll,stormscale,1954,paladin,retribution,43,31,12
Milkyavenger,sylvanas,1954,paladin,retribution,119,78,41
Argentø,ravencrest,1954,paladin,retribution,299,167,132
Unholybeefs,draenor,1952,paladin,retribution,66,40,26
Greywords,silvermoon,1952,paladin,retribution,53,30,23
Wingsteak,draenor,1952,paladin,retribution,81,44,37
Exolie,archimonde,1950,paladin,retribution,60,32,28
Ollebala,ravencrest,1948,paladin,retribution,172,102,70
Prex,dun-modr,1948,paladin,retribution,72,39,33
Марчи,howling-fjord,1948,paladin,retribution,229,112,117
Deriøt,dun-modr,1944,paladin,retribution,120,70,50
Pâsla,hyjal,1944,paladin,retribution,294,151,143
Jowanno,stormscale,1944,paladin,retribution,165,84,81
Sorannian,hyjal,1938,paladin,retribution,191,89,102
Тардариус,gordunni,1937,paladin,retribution,90,42,48
Zscrew,nemesis,1935,paladin,retribution,48,27,21
Bigdblaster,twisting-nether,1935,paladin,retribution,102,49,53
Запалтосик,blackscar,1934,paladin,retribution,36,23,13
Kírin,drakthul,1933,paladin,retribution,78,38,40
Rqd,blackrock,1932,paladin,retribution,60,34,26
Lübu,archimonde,1932,paladin,retribution,78,36,42
Spacknas,blackmoore,1931,paladin,retribution,110,62,48
Granfort,argent-dawn,1930,paladin,retribution,131,67,64
Rùfus,tarren-mill,1930,paladin,retribution,114,58,56
Morri,ravencrest,1930,paladin,retribution,225,114,111
Denastys,nemesis,1930,paladin,retribution,120,59,61
Esito,draenor,1929,paladin,retribution,58,32,26
Timmes,blackhand,1927,paladin,retribution,84,39,45
Ноулайфир,eversong,1925,paladin,retribution,72,43,29
Îiî,archimonde,1923,paladin,retribution,104,53,51
Alloüt,outland,1921,paladin,retribution,49,27,22
Brassaren,stormscale,1918,paladin,retribution,73,38,35
Xeaa,tarren-mill,1918,paladin,retribution,54,28,26
Carlá,silvermoon,1917,paladin,retribution,96,48,48
Rmpzeroskill,argent-dawn,1916,paladin,retribution,42,29,13
Tavil,sylvanas,1916,paladin,retribution,83,51,32
Inkzen,silvermoon,1916,paladin,retribution,114,57,57
Babaluga,blackrock,1913,paladin,retribution,60,32,28
Мегопалл,blackscar,1913,paladin,retribution,224,111,113
Алепос,soulflayer,1913,paladin,retribution,72,30,42
Elganor,hyjal,1911,paladin,retribution,139,87,52
Exolia,archimonde,1909,paladin,retribution,60,33,27
Obackbarama,outland,1909,paladin,retribution,72,37,35
Msharix,kazzak,1909,paladin,retribution,280,140,140
Tazken,tarren-mill,1909,paladin,retribution,142,71,71
Tj,sanguino,1908,paladin,retribution,84,40,44
Mélli,eredar,1907,paladin,retribution,105,58,47
Dibzi,argent-dawn,1905,paladin,retribution,60,30,30
Byths,blackmoore,1905,paladin,retribution,150,68,82
Døgpaladin,outland,1903,paladin,retribution,77,39,38
Lorex,grim-batol,1903,paladin,retribution,66,33,33
Mouku,stormreaver,1902,paladin,retribution,156,81,75
Kasualwrath,stormscale,1901,paladin,retribution,60,33,27
Yungboihoj,twisting-nether,1900,paladin,retribution,293,147,146
Tj,dun-modr,1900,paladin,retribution,146,66,80
Hotchíck,outland,1899,paladin,retribution,108,51,57
Меварх,howling-fjord,1898,paladin,retribution,48,23,25
Ослепителен,eversong,1897,paladin,retribution,96,47,49
Aresdin,blackmoore,1896,paladin,retribution,77,44,33
Zerørespect,ravencrest,1896,paladin,retribution,137,64,73
Nastalia,elune,1895,paladin,retribution,167,87,80
Bulkpwders,burning-legion,1895,paladin,retribution,54,28,26
Melantus,eredar,1895,paladin,retribution,111,56,55
Холиврас,gordunni,1895,paladin,retribution,96,47,49
Knøp,outland,1895,paladin,retribution,116,56,60
Gimly,anachronos,1895,paladin,retribution,224,107,117
Холирайз,gordunni,1894,paladin,retribution,42,21,21
Азерит,galakrond,1892,paladin,retribution,54,33,21
Jedzy,ragnaros,1892,paladin,retribution,48,26,22
Ças,quelthalas,1892,paladin,retribution,84,39,45
Декионзхц,howling-fjord,1892,paladin,retribution,138,61,77
Angryturk,ravencrest,1891,paladin,retribution,54,23,31
Courage,stormscale,1890,paladin,retribution,107,54,53
ßancu,ragnaros,1889,paladin,retribution,78,34,44
Xòtrios,argent-dawn,1888,paladin,retribution,72,38,34
Doomsoom,kazzak,1885,paladin,retribution,58,37,21
Dacilez,ravencrest,1885,paladin,retribution,230,118,112
Smirky,silvermoon,1885,paladin,retribution,60,29,31
Smirk,aggra-português,1884,paladin,retribution,161,76,85
Hojinson,blackrock,1883,paladin,retribution,60,39,21
Holzer,azshara,1883,paladin,retribution,71,40,31
Анофарин,gordunni,1883,paladin,retribution,249,126,123
Biggerspin,ravencrest,1882,paladin,retribution,24,20,4
Rettalius,ravencrest,1882,paladin,retribution,178,90,88
Ilealstras,twisting-nether,1882,paladin,retribution,56,23,33
Толвард,gordunni,1881,paladin,retribution,25,21,4
Hammerzemall,tarren-mill,1881,paladin,retribution,71,36,35
Chyve,tarren-mill,1880,paladin,retribution,168,80,88
Denounce,defias-brotherhood,1880,paladin,retribution,105,49,56
Мэднессх,howling-fjord,1880,paladin,retribution,61,28,33
Kriszaa,burning-legion,1880,paladin,retribution,96,42,54
Hýpærpøp,ravencrest,1879,paladin,retribution,47,25,22
Сотранокинг,soulflayer,1878,paladin,retribution,48,23,25
Sigmud,turalyon,1877,paladin,retribution,72,42,30
Jinchúriki,aegwynn,1877,paladin,retribution,96,47,49
Rikimâro,kazzak,1876,paladin,retribution,30,20,10
Saygexx,draenor,1875,paladin,retribution,57,34,23
Antimov,twisting-nether,1875,paladin,retribution,162,81,81
Apolloos,grim-batol,1873,paladin,retribution,89,40,49
Pætter,aggra-português,1872,paladin,retribution,72,40,32
Saiyaan,silvermoon,1872,paladin,retribution,96,48,48
Yungboii,kazzak,1871,paladin,retribution,179,101,78
Winkz,rajaxx,1871,paladin,retribution,54,29,25
Elbígotes,dun-modr,1870,paladin,retribution,90,51,39
Батллграунд,soulflayer,1870,paladin,retribution,108,61,47
Nam,culte-de-la-rive-noire,1869,paladin,retribution,84,41,43
Thmas,tarren-mill,1868,paladin,retribution,186,105,81
Дэнискарз,gordunni,1866,paladin,retribution,48,26,22
Thyrec,blackmoore,1865,paladin,retribution,54,32,22
Инфернох,howling-fjord,1865,paladin,retribution,230,122,108
Kêkbûrâgol,kazzak,1865,paladin,retribution,76,39,37
Mögräine,grim-batol,1865,paladin,retribution,84,42,42
Gùtz,xavius,1864,paladin,retribution,86,47,39
Мува,soulflayer,1864,paladin,retribution,98,50,48
Ibnkrook,archimonde,1864,paladin,retribution,66,31,35
Foreskinx,draenor,1863,paladin,retribution,48,28,20
Hammarfall,ravencrest,1863,paladin,retribution,156,88,68
Малиновыйбох,gordunni,1863,paladin,retribution,183,102,81
Tìberias,blackmoore,1863,paladin,retribution,54,25,29
Lazaraat,antonidas,1863,paladin,retribution,107,48,59
Nellyrld,stormscale,1863,paladin,retribution,77,32,45
Kaileena,archimonde,1862,paladin,retribution,65,39,26
Davoss,outland,1862,paladin,retribution,63,29,34
Киото,gordunni,1861,paladin,retribution,54,24,30
Terrozina,stormscale,1860,paladin,retribution,53,28,25
Thedarksteel,ravencrest,1860,paladin,retribution,76,37,39
Umîrînbrah,twisting-nether,1859,paladin,retribution,129,73,56
Baxuz,draenor,1859,paladin,retribution,70,35,35
Monaatamis,kazzak,1859,paladin,retribution,60,30,30
Nizzlee,eredar,1859,paladin,retribution,114,56,58
Günykoloke,blackrock,1859,paladin,retribution,108,52,56
Phix,outland,1858,paladin,retribution,213,105,108
Darkkissret,lightbringer,1858,paladin,retribution,102,50,52
Ðeusvult,draenor,1857,paladin,retribution,96,50,46
Réfractio,die-aldor,1857,paladin,retribution,162,80,82
Icekissz,hyjal,1856,paladin,retribution,30,23,7
Kinvqt,tarren-mill,1856,paladin,retribution,130,68,62
Делимнаноль,blackscar,1856,paladin,retribution,331,168,163
Hódle,silvermoon,1855,paladin,retribution,145,79,66
Phalex,outland,1855,paladin,retribution,102,53,49
Мэибибэиби,howling-fjord,1855,paladin,retribution,174,90,84
Smilé,sylvanas,1855,paladin,retribution,132,66,66
Askenor,blackrock,1855,paladin,retribution,71,34,37
Kaleyra,argent-dawn,1855,paladin,retribution,89,38,51
Валендил,gordunni,1854,paladin,retribution,72,39,33
Эвангер,gordunni,1854,paladin,retribution,72,35,37
Vanthael,chamber-of-aspects,1853,paladin,retribution,201,115,86
Mbappê,kazzak,1853,paladin,retribution,60,28,32
Кхабелех,howling-fjord,1853,paladin,retribution,108,46,62
Хемминг,gordunni,1852,paladin,retribution,95,60,35
Zóran,kazzak,1852,paladin,retribution,93,46,47
Calaestra,twisting-nether,1852,paladin,retribution,108,53,55
Jicob,ravencrest,1851,paladin,retribution,48,30,18
Zion,runetotem,1851,paladin,retribution,42,25,17
Elisabeth,kazzak,1851,paladin,retribution,118,61,57
Dasar,twisting-nether,1851,paladin,retribution,72,31,41
Súnshìne,blackhand,1850,paladin,retribution,42,29,13
Zubxp,ravencrest,1850,paladin,retribution,165,85,80
Enîgmä,ravencrest,1850,paladin,retribution,82,33,49
Dragonwingz,kazzak,1849,paladin,retribution,58,34,24
Агинон,howling-fjord,1849,paladin,retribution,60,34,26
Rùuru,archimonde,1849,paladin,retribution,330,157,173
Блэкхарм,gordunni,1849,paladin,retribution,72,30,42
Джедай,blackscar,1849,paladin,retribution,84,34,50
Yana,blackrock,1848,paladin,retribution,55,32,23
Malapal,hyjal,1848,paladin,retribution,64,37,27
Caladys,silvermoon,1848,paladin,retribution,135,76,59
Nlyrld,magtheridon,1848,paladin,retribution,60,33,27
Muhnnin,archimonde,1848,paladin,retribution,78,41,37
Jessrabit,tarren-mill,1848,paladin,retribution,66,31,35
Ксандэр,soulflayer,1846,paladin,retribution,47,27,20
Valkûn,rexxar,1846,paladin,retribution,66,32,34
Kreozz,destromath,1846,paladin,retribution,73,32,41
Jacadin,sunstrider,1845,paladin,retribution,80,47,33
Gladiator,die-aldor,1845,paladin,retribution,66,33,33
Беспощадие,gordunni,1844,paladin,retribution,111,64,47
Kayback,archimonde,1844,paladin,retribution,130,73,57
Nutqtgodx,archimonde,1844,paladin,retribution,54,29,25
Chuy,burning-legion,1844,paladin,retribution,72,32,40
Ykzy,hyjal,1843,paladin,retribution,42,28,14
Valnyr,the-maelstrom,1843,paladin,retribution,84,47,37
Rígel,silvermoon,1843,paladin,retribution,70,39,31
Ethurospal,tarren-mill,1843,paladin,retribution,51,21,30
Pappnas,aegwynn,1842,paladin,retribution,54,33,21
Иев,howling-fjord,1842,paladin,retribution,103,55,48
Drhammerdin,antonidas,1842,paladin,retribution,54,25,29
Стьюпидбой,howling-fjord,1841,paladin,retribution,234,119,115
Lïnea,aegwynn,1840,paladin,retribution,48,25,23
Eimaqt,stormscale,1840,paladin,retribution,76,35,41
Retforlife,sylvanas,1839,paladin,retribution,42,26,16
Ijudgeppl,stormscale,1839,paladin,retribution,60,33,27
Lbj,eredar,1839,paladin,retribution,48,26,22
Lecutus,sunstrider,1839,paladin,retribution,149,72,77
Агинон,gordunni,1839,paladin,retribution,150,70,80
Oliverrar,blackrock,1838,paladin,retribution,72,35,37
Гуэргос,gordunni,1837,paladin,retribution,72,38,34
Ghosti,festung-der-stürme,1837,paladin,retribution,60,29,31
Ilòvekris,draenor,1836,paladin,retribution,249,126,123
Nabbi,ravencrest,1836,paladin,retribution,140,60,80
Surian,kazzak,1835,paladin,retribution,72,45,27
Stepakonch,ravencrest,1835,paladin,retribution,60,35,25
Ophillan,draenor,1835,paladin,retribution,72,34,38
Murkyxd,sanguino,1835,paladin,retribution,66,30,36
Miru,defias-brotherhood,1835,paladin,retribution,102,46,56
Stjeans,kazzak,1834,paladin,retribution,78,55,23
Vankwok,stormscale,1834,paladin,retribution,53,30,23
Bajheeroth,kazzak,1833,paladin,retribution,117,72,45
Netharia,antonidas,1833,paladin,retribution,126,63,63
Miriokekw,archimonde,1833,paladin,retribution,180,80,100
Riyo,twisting-nether,1832,paladin,retribution,48,21,27
Skyf,outland,1832,paladin,retribution,80,33,47
Miju,blackmoore,1831,paladin,retribution,51,28,23
Aranael,nemesis,1831,paladin,retribution,66,32,34
Sloug,archimonde,1831,paladin,retribution,108,48,60
Lightlogic,ravencrest,1830,paladin,retribution,104,52,52
Лиспорий,gordunni,1829,paladin,retribution,84,39,45
Youmistpew,antonidas,1829,paladin,retribution,72,28,44
Zïlda,archimonde,1828,paladin,retribution,289,153,136
Аполодориан,gordunni,1828,paladin,retribution,138,68,70
Monkeytm,archimonde,1828,paladin,retribution,98,42,56
Dréamypie,silvermoon,1827,paladin,retribution,65,26,39
Analnydarek,silvermoon,1826,paladin,retribution,198,108,90
Tremelay,silvermoon,1825,paladin,retribution,240,122,118
Zazalamel,hyjal,1824,paladin,retribution,102,58,44
Zagwan,ravencrest,1824,paladin,retribution,90,51,39
Alatie,dentarg,1824,paladin,retribution,156,85,71
Wellmetqt,aegwynn,1824,paladin,retribution,146,73,73
Whitebronco,tarren-mill,1824,paladin,retribution,54,26,28
Торсгард,howling-fjord,1824,paladin,retribution,195,90,105
Ajani,la-croisade-écarlate,1823,paladin,retribution,45,25,20
Игры,gordunni,1823,paladin,retribution,76,39,37
Cqt,ravencrest,1823,paladin,retribution,66,30,36
Keinah,silvermoon,1822,paladin,retribution,54,36,18
Auriuss,defias-brotherhood,1822,paladin,retribution,237,131,106
Ríppex,kazzak,1822,paladin,retribution,66,33,33
Iagö,argent-dawn,1822,paladin,retribution,71,32,39
Xairo,twisting-nether,1821,paladin,retribution,60,29,31
Posttal,aggra-português,1821,paladin,retribution,48,23,25
Ërzã,outland,1821,paladin,retribution,72,31,41
Номос,soulflayer,1819,paladin,retribution,72,41,31
Arígato,argent-dawn,1819,paladin,retribution,173,95,78
Дюрьвючыф,razuvious,1819,paladin,retribution,143,74,69
Zondãn,blackrock,1819,paladin,retribution,54,27,27
Âtlas,ragnaros,1819,paladin,retribution,48,24,24
Mhehø,hyjal,1819,paladin,retribution,337,168,169
Wingsgodx,archimonde,1818,paladin,retribution,60,28,32
Xsÿde,archimonde,1818,paladin,retribution,116,54,62
Кошкотяночка,ashenvale,1818,paladin,retribution,54,23,31
Nikkibenzqt,blackmoore,1818,paladin,retribution,84,35,49
Quelän,draenor,1817,paladin,retribution,47,29,18
Odin,silvermoon,1817,paladin,retribution,104,58,46
Hirako,nemesis,1817,paladin,retribution,72,39,33
Фэйсрол,gordunni,1817,paladin,retribution,93,37,56
Shaniquua,dun-modr,1816,paladin,retribution,84,41,43
Draìgo,nemesis,1816,paladin,retribution,76,35,41
Алекхей,gordunni,1816,paladin,retribution,92,38,54
Madmartigane,ysondre,1815,paladin,retribution,114,48,66
Ганка,blackscar,1815,paladin,retribution,125,52,73
Фемдом,blackscar,1814,paladin,retribution,48,27,21
Tepowze,twisting-nether,1814,paladin,retribution,54,30,24
Yuber,ravencrest,1814,paladin,retribution,116,52,64
Déna,draenor,1813,paladin,retribution,52,29,23
Ktk,ravencrest,1813,paladin,retribution,121,67,54
Пинкпуссибой,howling-fjord,1813,paladin,retribution,142,77,65
Ritoru,drekthar,1813,paladin,retribution,41,21,20
Bancu,outland,1813,paladin,retribution,59,30,29
Mayhemx,ravencrest,1813,paladin,retribution,347,169,178
Pepehands,nazjatar,1813,paladin,retribution,60,29,31
ßßæßßæßß,stormscale,1813,paladin,retribution,90,41,49
Honorkill,silvermoon,1812,paladin,retribution,256,144,112
Bangßros,archimonde,1812,paladin,retribution,54,30,24
Quasimod,ravencrest,1812,paladin,retribution,138,75,63
Losër,ravencrest,1812,paladin,retribution,66,27,39
Якунии,blackscar,1810,paladin,retribution,48,28,20
Коварное,borean-tundra,1810,paladin,retribution,66,36,30
Reth,tarren-mill,1810,paladin,retribution,60,32,28
Mythsion,blackmoore,1810,paladin,retribution,96,49,47
Baelwynn,defias-brotherhood,1810,paladin,retribution,59,30,29
Panicmaker,ravencrest,1809,paladin,retribution,84,55,29
Ironquist,doomhammer,1809,paladin,retribution,42,22,20
Thun,azjolnerub,1809,paladin,retribution,72,37,35
Nordiusek,drakthul,1809,paladin,retribution,64,31,33
Amburet,kazzak,1809,paladin,retribution,42,19,23
Zayaka,ragnaros,1809,paladin,retribution,120,51,69
Ðivine,stormscale,1808,paladin,retribution,257,144,113
Saintseiya,pozzo-delleternità,1808,paladin,retribution,60,33,27
Mâttyy,stormscale,1808,paladin,retribution,66,29,37
Ertheus,argent-dawn,1807,paladin,retribution,72,34,38
Джамбит,howling-fjord,1806,paladin,retribution,72,45,27
Archibäld,silvermoon,1806,paladin,retribution,43,25,18
Bregowine,doomhammer,1806,paladin,retribution,243,137,106
Weekly,outland,1806,paladin,retribution,36,19,17
Kiriel,dun-modr,1806,paladin,retribution,144,65,79
Réaxon,archimonde,1806,paladin,retribution,69,30,39
Matriarchxd,kazzak,1805,paladin,retribution,48,24,24
Vhardan,archimonde,1805,paladin,retribution,197,98,99
Geneundreitt,dethecus,1805,paladin,retribution,54,26,28
Магрейм,gordunni,1805,paladin,retribution,77,35,42
Krîstal,aegwynn,1805,paladin,retribution,77,33,44
Taneren,argent-dawn,1804,paladin,retribution,48,29,19
Heiimdal,dun-morogh,1804,paladin,retribution,46,26,20
Tsorig,tarren-mill,1804,paladin,retribution,177,98,79
Тутн,gordunni,1804,paladin,retribution,42,23,19
Dízeltekurva,ragnaros,1804,paladin,retribution,60,30,30
Блэканус,blackscar,1804,paladin,retribution,60,28,32
Aqualisse,hyjal,1804,paladin,retribution,66,30,36
Qpala,quelthalas,1803,paladin,retribution,36,19,17
Crîîngêr,blackhand,1803,paladin,retribution,86,42,44
Breakdøwñ,blackrock,1803,paladin,retribution,196,93,103
Ogpullava,sylvanas,1802,paladin,retribution,60,34,26
Boëndil,ravencrest,1802,paladin,retribution,189,106,83
Атмх,soulflayer,1802,paladin,retribution,54,28,26
Antou,twisting-nether,1802,paladin,retribution,211,108,103
Meruem,blackrock,1802,paladin,retribution,53,26,27
Irondawg,rajaxx,1802,paladin,retribution,91,41,50
Elesmerias,dalaran,1801,paladin,retribution,107,65,42
Shanice,twilights-hammer,1801,paladin,retribution,83,47,36
Всеволорд,howling-fjord,1801,paladin,retribution,72,36,36
Brõw,hyjal,1801,paladin,retribution,42,21,21
Martoretard,archimonde,1801,paladin,retribution,430,212,218
Bluehustler,tarren-mill,1801,paladin,retribution,189,90,99
Lesterqt,thrall,1801,paladin,retribution,120,57,63
Misú,ravencrest,1800,paladin,retribution,48,26,22
Retdead,nordrassil,1800,paladin,retribution,60,32,28
Delgato,kazzak,1800,paladin,retribution,152,80,72
Alphaladin,stormscale,1800,paladin,retribution,72,37,35
Thoriz,elune,1800,paladin,retribution,78,40,38
Zachäus,kirin-tor,1800,paladin,retribution,114,57,57
Råckamoo,emerald-dream,1800,paladin,retribution,100,45,55
Tauskiz,sylvanas,1800,paladin,retribution,48,19,29
Мидэас,gordunni,1798,paladin,retribution,96,44,52
Aylion,blackrock,1797,paladin,retribution,66,45,21
Brianxd,tarren-mill,1797,paladin,retribution,127,70,57
Goofymits,twisting-nether,1797,paladin,retribution,66,36,30
Maybach,onyxia,1797,paladin,retribution,186,100,86
Телканапалке,blackscar,1795,paladin,retribution,48,35,13
Papichuló,aegwynn,1794,paladin,retribution,96,45,51
Cappy,twisting-nether,1793,paladin,retribution,85,49,36
Fwb,xavius,1792,paladin,retribution,84,51,33
Zialo,ravencrest,1792,paladin,retribution,99,44,55
Kamata,kazzak,1791,paladin,retribution,87,40,47
Тельбрук,gordunni,1790,paladin,retribution,67,35,32
Cheradin,ragnaros,1790,paladin,retribution,67,30,37
Sunhalo,twisting-nether,1789,paladin,retribution,101,51,50
Charcoalman,argent-dawn,1788,paladin,retribution,24,19,5
Pridehammer,stormscale,1788,paladin,retribution,48,31,17
Kayllan,ravencrest,1788,paladin,retribution,182,100,82
Risingfi,kult-der-verdammten,1787,paladin,retribution,84,48,36
Nein,blackhand,1787,paladin,retribution,186,87,99
Elitest,hyjal,1787,paladin,retribution,73,34,39
Stavrosy,outland,1786,paladin,retribution,89,42,47
Claymore,ravenholdt,1786,paladin,retribution,65,27,38
Alatàríèl,dalaran,1785,paladin,retribution,66,34,32
Menephannt,outland,1785,paladin,retribution,57,28,29
Durenai,aegwynn,1784,paladin,retribution,224,105,119
Hargreeve,ravencrest,1783,paladin,retribution,96,53,43
Molgran,defias-brotherhood,1783,paladin,retribution,172,81,91
Nukkss,silvermoon,1783,paladin,retribution,90,41,49
Holymerda,grim-batol,1781,paladin,retribution,59,30,29
Halevia,kazzak,1781,paladin,retribution,95,46,49
Wellick,ravencrest,1779,paladin,retribution,41,20,21
Наспидах,grom,1779,paladin,retribution,114,53,61
Альфазеро,howling-fjord,1778,paladin,retribution,244,129,115
Stazo,drakthul,1778,paladin,retribution,62,31,31
Djstompyamom,stormscale,1778,paladin,retribution,152,71,81
Merkury,sanguino,1778,paladin,retribution,66,30,36
Tolgerias,twisting-nether,1776,paladin,retribution,60,29,31
Апония,gordunni,1776,paladin,retribution,75,29,46
Вайлдбебриз,eversong,1775,paladin,retribution,94,58,36
Seraphyonhd,blackmoore,1775,paladin,retribution,121,71,50
Bigolcritty,silvermoon,1773,paladin,retribution,64,34,30
Tcret,sanguino,1773,paladin,retribution,53,26,27
Justyowx,archimonde,1772,paladin,retribution,108,50,58
Bigducc,draenor,1772,paladin,retribution,59,27,32
Kipperb,kazzak,1771,paladin,retribution,51,29,22
Typhadin,sylvanas,1771,paladin,retribution,60,28,32
Scillá,aegwynn,1771,paladin,retribution,85,37,48
Bersercute,sylvanas,1770,paladin,retribution,178,83,95
Aetecii,archimonde,1769,paladin,retribution,39,29,10
Shârâs,kazzak,1769,paladin,retribution,78,34,44
Mcrunt,ravencrest,1768,paladin,retribution,29,21,8
Ablaa,blackhand,1766,paladin,retribution,54,27,27
Утипутя,goldrinn,1764,paladin,retribution,90,44,46
Nìcky,stormscale,1764,paladin,retribution,101,44,57
Kanyewesh,dalaran,1763,paladin,retribution,72,37,35
Testør,ragnaros,1763,paladin,retribution,256,123,133
Extremnäsa,outland,1762,paladin,retribution,222,103,119
Holysiah,kazzak,1762,paladin,retribution,114,51,63
Dominikcro,sylvanas,1761,paladin,retribution,36,22,14
Larnbert,argent-dawn,1761,paladin,retribution,60,30,30
Verbrännter,grim-batol,1760,paladin,retribution,70,35,35
Feelmylight,tarren-mill,1760,paladin,retribution,47,22,25
Astragore,archimonde,1760,paladin,retribution,77,31,46
Ruath,xavius,1759,paladin,retribution,178,92,86
Дезоиль,gordunni,1759,paladin,retribution,72,36,36
Naneno,silvermoon,1759,paladin,retribution,140,65,75
Lostfire,sinstralis,1758,paladin,retribution,36,20,16
Runhexi,silvermoon,1758,paladin,retribution,181,98,83
Опгоп,gordunni,1758,paladin,retribution,89,45,44
Tanny,kazzak,1758,paladin,retribution,66,29,37
Riares,darkspear,1757,paladin,retribution,169,86,83
Wingzy,hyjal,1757,paladin,retribution,98,46,52
ßlacklight,archimonde,1757,paladin,retribution,72,28,44
Holyinvictus,twisting-nether,1755,paladin,retribution,270,140,130
Lyliananl,outland,1754,paladin,retribution,156,77,79
Venepal,eredar,1753,paladin,retribution,42,26,16
Galenhad,kazzak,1751,paladin,retribution,132,61,71
Asærý,blackmoore,1750,paladin,retribution,105,58,47
Serjudge,kazzak,1750,paladin,retribution,82,44,38
Русэльф,howling-fjord,1750,paladin,retribution,141,75,66
Деленка,gordunni,1749,paladin,retribution,280,148,132
Аниф,ashenvale,1749,paladin,retribution,222,114,108
Nukss,silvermoon,1749,paladin,retribution,90,45,45
Братстепина,gordunni,1748,paladin,retribution,106,55,51
Реальныйпал,gordunni,1748,paladin,retribution,156,73,83
Релаин,gordunni,1748,paladin,retribution,112,52,60
Roostersucka,stormreaver,1747,paladin,retribution,66,29,37
Wannabis,twisting-nether,1746,paladin,retribution,173,94,79
Azûl,archimonde,1746,paladin,retribution,210,111,99
Bigbuffdaddy,draenor,1746,paladin,retribution,446,225,221
Spiritbreak,archimonde,1745,paladin,retribution,42,20,22
Рикшак,howling-fjord,1745,paladin,retribution,57,26,31
Karadøc,archimonde,1745,paladin,retribution,96,42,54
Enlightendz,ravencrest,1744,paladin,retribution,120,58,62
Сводимиаое,soulflayer,1744,paladin,retribution,58,27,31
Cursedd,sanguino,1742,paladin,retribution,36,23,13
Staticdeath,ravencrest,1741,paladin,retribution,276,142,134
Кухонныйвор,howling-fjord,1741,paladin,retribution,102,51,51
Actionjack,area-52,1741,paladin,retribution,54,22,32
Razrpal,tarren-mill,1740,paladin,retribution,56,29,27
Flamabella,argent-dawn,1740,paladin,retribution,42,21,21
Фэрплэйн,gordunni,1739,paladin,retribution,66,39,27
Fullflavor,bladefist,1739,paladin,retribution,138,64,74
Ojn,tarren-mill,1738,paladin,retribution,78,56,22
Бэйгреон,gordunni,1738,paladin,retribution,202,114,88
Арагонис,howling-fjord,1738,paladin,retribution,72,39,33
Vivike,silvermoon,1738,paladin,retribution,124,66,58
Нижмубабл,soulflayer,1738,paladin,retribution,63,30,33
Taurski,sylvanas,1737,paladin,retribution,83,49,34
Jíyü,blackmoore,1737,paladin,retribution,42,23,19
Торсгад,gordunni,1737,paladin,retribution,66,36,30
Plarbo,blackmoore,1737,paladin,retribution,66,32,34
Cloudlight,argent-dawn,1735,paladin,retribution,50,31,19
Zarispal,tarren-mill,1735,paladin,retribution,69,39,30
Liendry,antonidas,1735,paladin,retribution,53,28,25
Niou,alleria,1735,paladin,retribution,116,61,55
Солошафл,howling-fjord,1735,paladin,retribution,48,24,24
Dainan,blackmoore,1735,paladin,retribution,163,80,83
Reito,eredar,1734,paladin,retribution,96,49,47
Ezetrol,xavius,1734,paladin,retribution,48,22,26
Лайтфури,gordunni,1734,paladin,retribution,54,23,31
Lightbrîng,hyjal,1733,paladin,retribution,223,116,107
Pârabellum,the-maelstrom,1733,paladin,retribution,159,74,85
Lûvmølly,silvermoon,1733,paladin,retribution,54,24,30
Selina,burning-legion,1732,paladin,retribution,154,78,76
Heavensfang,outland,1732,paladin,retribution,83,42,41
Johannx,tarren-mill,1732,paladin,retribution,240,118,122
Gwynel,argent-dawn,1732,paladin,retribution,96,47,49
Jaegeer,draenor,1732,paladin,retribution,82,38,44
Korendil,frostmane,1732,paladin,retribution,72,32,40
Bubbleteâ,blackhand,1731,paladin,retribution,119,57,62
Laaserjörö,outland,1731,paladin,retribution,42,20,22
Allenn,tarren-mill,1731,paladin,retribution,53,23,30
Ÿani,argent-dawn,1730,paladin,retribution,42,25,17
Vanques,burning-legion,1730,paladin,retribution,59,28,31
Kalanthor,outland,1730,paladin,retribution,60,26,34
Memororo,stormscale,1729,paladin,retribution,56,25,31
Arayël,archimonde,1728,paladin,retribution,114,61,53
Чупаа,howling-fjord,1728,paladin,retribution,88,47,41
Krivonis,tarren-mill,1728,paladin,retribution,111,58,53
Imaturtle,darksorrow,1728,paladin,retribution,127,57,70
Refuse,blackrock,1726,paladin,retribution,142,68,74
Bätïk,blackmoore,1726,paladin,retribution,108,51,57
Xciepo,rexxar,1726,paladin,retribution,72,33,39
Ilililì,silvermoon,1725,paladin,retribution,46,27,19
Saedrick,nemesis,1725,paladin,retribution,93,41,52
Кэйно,soulflayer,1724,paladin,retribution,57,23,34
Mimð,kazzak,1723,paladin,retribution,42,24,18
Pingla,argent-dawn,1723,paladin,retribution,103,58,45
Sübôvîñ,ravencrest,1721,paladin,retribution,71,40,31
Djrayk,archimonde,1721,paladin,retribution,36,18,18
Охоху,gordunni,1720,paladin,retribution,155,82,73
Harlequina,argent-dawn,1720,paladin,retribution,87,45,42
Mekluba,twisting-nether,1720,paladin,retribution,36,18,18
Skoopey,twisting-nether,1720,paladin,retribution,104,51,53
Neiiz,ragnaros,1720,paladin,retribution,150,67,83
Arear,kazzak,1719,paladin,retribution,180,93,87
Johnnÿsins,hyjal,1719,paladin,retribution,78,38,40
Факофф,gordunni,1718,paladin,retribution,72,46,26
Drownlord,eredar,1718,paladin,retribution,34,19,15
Highfivè,ravencrest,1718,paladin,retribution,90,49,41
Вэндрик,azuregos,1718,paladin,retribution,76,34,42
Батллграунт,soulflayer,1717,paladin,retribution,181,107,74
Cerfica,drakthul,1717,paladin,retribution,138,74,64
Varioon,antonidas,1717,paladin,retribution,131,63,68
Estellar,bronze-dragonflight,1716,paladin,retribution,54,33,21
Bobjohnny,bloodfeather,1716,paladin,retribution,36,18,18
Reivah,silvermoon,1716,paladin,retribution,59,26,33
Beigerbala,blackrock,1715,paladin,retribution,42,18,24
Xyzl,argent-dawn,1714,paladin,retribution,186,105,81
Витурус,howling-fjord,1714,paladin,retribution,114,48,66
Trølled,aegwynn,1713,paladin,retribution,239,116,123
Darkkissx,lightbringer,1712,paladin,retribution,36,18,18
Répo,twisting-nether,1712,paladin,retribution,48,23,25
Bjornulfr,ravencrest,1712,paladin,retribution,124,56,68
Мизуриэль,howling-fjord,1711,paladin,retribution,78,48,30
Nurti,kazzak,1711,paladin,retribution,58,32,26
Xinze,ravencrest,1711,paladin,retribution,75,38,37
Wingsuit,eredar,1711,paladin,retribution,80,34,46
Хашон,gordunni,1710,paladin,retribution,49,27,22
Йёкипавер,gordunni,1709,paladin,retribution,40,23,17
Onevr,tarren-mill,1709,paladin,retribution,166,93,73
Thesavage,magtheridon,1709,paladin,retribution,77,42,35
Ayylmeow,tarren-mill,1709,paladin,retribution,56,28,28
Менетиил,galakrond,1709,paladin,retribution,136,65,71
Deidâra,blackhand,1709,paladin,retribution,42,18,24
Gangb,ravencrest,1708,paladin,retribution,54,29,25
Ryxxii,ravencrest,1708,paladin,retribution,138,64,74
Wickedret,kazzak,1707,paladin,retribution,30,18,12
Поласс,gordunni,1707,paladin,retribution,53,29,24
Шакиори,gordunni,1707,paladin,retribution,82,40,42
Eiennoai,argent-dawn,1706,paladin,retribution,62,39,23
Lifepower,nemesis,1706,paladin,retribution,45,27,18
Palwig,tarren-mill,1706,paladin,retribution,178,95,83
Anesthesiax,ravencrest,1706,paladin,retribution,77,36,41
Guilt,aegwynn,1705,paladin,retribution,111,47,64
Zeackzs,rajaxx,1704,paladin,retribution,42,26,16
Crascch,blackmoore,1704,paladin,retribution,48,25,23
Ngel,marécage-de-zangar,1704,paladin,retribution,42,21,21
Phaewingsftw,kazzak,1704,paladin,retribution,42,18,24
Joekickass,madmortem,1703,paladin,retribution,52,27,25
Яидваклоуна,soulflayer,1703,paladin,retribution,36,18,18
Unschúld,blackrock,1702,paladin,retribution,193,107,86
Valterus,burning-legion,1702,paladin,retribution,192,92,100
Limitles,nemesis,1702,paladin,retribution,87,37,50
Baraya,archimonde,1701,paladin,retribution,41,19,22
Mistérion,archimonde,1701,paladin,retribution,80,35,45
Scarabeus,ravencrest,1700,paladin,retribution,137,81,56
Thórvaldr,argent-dawn,1700,paladin,retribution,54,30,24
Starworkal,ragnaros,1699,paladin,retribution,117,60,57
Holyhannes,blackmoore,1699,paladin,retribution,77,39,38
Mirøku,silvermoon,1699,paladin,retribution,103,49,54
Wingsmode,kazzak,1699,paladin,retribution,106,44,62
Ðenlox,destromath,1699,paladin,retribution,72,29,43
Laptop,aegwynn,1698,paladin,retribution,48,27,21
Bubbls,laughing-skull,1698,paladin,retribution,36,20,16
Рапсодихх,gordunni,1697,paladin,retribution,122,68,54
Simjon,defias-brotherhood,1697,paladin,retribution,199,108,91
Hojacat,ravencrest,1697,paladin,retribution,42,22,20
Io,frostwolf,1697,paladin,retribution,209,105,104
Зондарк,booty-bay,1697,paladin,retribution,106,49,57
Rullatôrsven,stormscale,1697,paladin,retribution,48,18,30
Mefrandie,frostwolf,1696,paladin,retribution,42,24,18
Qarak,argent-dawn,1695,paladin,retribution,71,32,39
Dalemiar,ravencrest,1695,paladin,retribution,123,55,68
Pawelinus,blackrock,1694,paladin,retribution,42,25,17
Salti,magtheridon,1693,paladin,retribution,142,77,65
Yséria,kirin-tor,1693,paladin,retribution,192,96,96
Асканиэль,howling-fjord,1693,paladin,retribution,309,153,156
Mordar,ravencrest,1693,paladin,retribution,97,48,49
Dudjaw,stormscale,1693,paladin,retribution,126,54,72
Sharn,ravencrest,1692,paladin,retribution,112,56,56
Xinxin,azshara,1692,paladin,retribution,66,30,36
Jannene,draenor,1692,paladin,retribution,54,24,30
Geilershrimp,blackrock,1691,paladin,retribution,155,75,80
Летвамар,gordunni,1691,paladin,retribution,96,45,51
Biqmac,mugthol,1690,paladin,retribution,45,25,20
Retaxx,outland,1690,paladin,retribution,42,23,19
Azrpal,ravencrest,1690,paladin,retribution,44,19,25
Koly,dun-modr,1689,paladin,retribution,128,67,61
Ingenuous,draenor,1689,paladin,retribution,81,42,39
Waneis,ravencrest,1689,paladin,retribution,60,31,29
Lorthaél,karazhan,1689,paladin,retribution,111,57,54
Zey,auchindoun,1689,paladin,retribution,48,23,25
Ookleb,tarren-mill,1689,paladin,retribution,84,38,46
Lisma,bloodfeather,1688,paladin,retribution,71,40,31
Mommyret,draenor,1688,paladin,retribution,107,59,48
Биоразлагаем,gordunni,1688,paladin,retribution,138,76,62
Данхайк,gordunni,1688,paladin,retribution,180,99,81
Akoumb,twisting-nether,1688,paladin,retribution,180,93,87
Адвакаад,soulflayer,1688,paladin,retribution,66,33,33
Shorykezu,kazzak,1688,paladin,retribution,46,21,25
Lightsaint,kazzak,1687,paladin,retribution,66,37,29
Rekktadin,grim-batol,1687,paladin,retribution,191,93,98
Байстр,soulflayer,1687,paladin,retribution,59,24,35
Holyshet,blackrock,1686,paladin,retribution,79,44,35
Петуретрик,gordunni,1686,paladin,retribution,226,122,104
Лакостик,howling-fjord,1686,paladin,retribution,108,50,58
Drakingsang,blackhand,1686,paladin,retribution,96,42,54
Seductîve,kazzak,1685,paladin,retribution,156,91,65
Хилерскийхил,soulflayer,1685,paladin,retribution,140,71,69
Zeroeffect,blackhand,1684,paladin,retribution,54,28,26
Yo,azshara,1684,paladin,retribution,66,34,32
Ттиаматт,howling-fjord,1684,paladin,retribution,52,22,30
Llya,blackrock,1683,paladin,retribution,72,47,25
Tapsgg,silvermoon,1683,paladin,retribution,87,43,44
Hito,sylvanas,1683,paladin,retribution,87,40,47
Blademasteer,jaedenar,1683,paladin,retribution,60,27,33
Refléx,zirkel-des-cenarius,1683,paladin,retribution,48,20,28
Curt,sanguino,1683,paladin,retribution,72,29,43
Xëlâ,archimonde,1682,paladin,retribution,99,55,44
Budgetcara,stormscale,1682,paladin,retribution,41,22,19
Thàø,chants-éternels,1682,paladin,retribution,58,30,28
Guskey,draenor,1682,paladin,retribution,138,71,67
Tyrael,darksorrow,1682,paladin,retribution,251,127,124
Libertum,silvermoon,1681,paladin,retribution,54,28,26
Vpl,ravencrest,1681,paladin,retribution,38,19,19
Valeantz,draenor,1680,paladin,retribution,47,23,24
Tekåpal,tarren-mill,1680,paladin,retribution,90,41,49
Slapmedaddy,die-ewige-wacht,1679,paladin,retribution,60,31,29
Varunyyo,blackrock,1679,paladin,retribution,82,40,42
Elendor,shadowsong,1678,paladin,retribution,60,34,26
Кхарнх,soulflayer,1678,paladin,retribution,48,22,26
Атикинс,gordunni,1677,paladin,retribution,245,123,122
Yourredead,shadowsong,1677,paladin,retribution,72,34,38
Pesso,blackrock,1676,paladin,retribution,62,32,30
Blakethorn,silvermoon,1676,paladin,retribution,36,18,18
Neijih,blackrock,1676,paladin,retribution,56,24,32
Shrôômîê,silvermoon,1675,paladin,retribution,69,40,29
Bsepal,silvermoon,1675,paladin,retribution,206,112,94
Joniopala,stormreaver,1675,paladin,retribution,65,28,37
Arkk,blackrock,1675,paladin,retribution,60,25,35
Ïdø,hyjal,1674,paladin,retribution,174,82,92
Kayøz,aegwynn,1673,paladin,retribution,108,56,52
Vonadams,ysondre,1673,paladin,retribution,48,23,25
Threathor,outland,1672,paladin,retribution,177,95,82
Строу,blackscar,1672,paladin,retribution,51,27,24
Саймум,blackscar,1672,paladin,retribution,143,73,70
Wootschi,arthas,1672,paladin,retribution,59,30,29
Eldrial,argent-dawn,1672,paladin,retribution,65,32,33
Daddypal,ravencrest,1671,paladin,retribution,36,20,16
Дракула,howling-fjord,1671,paladin,retribution,102,53,49
Tyri,silvermoon,1671,paladin,retribution,114,59,55
Sántouryu,ravencrest,1671,paladin,retribution,394,198,196
Грайндсет,galakrond,1671,paladin,retribution,41,18,23
Ришардебюр,soulflayer,1670,paladin,retribution,133,70,63
Pallygân,thrall,1670,paladin,retribution,42,21,21
Темплеар,gordunni,1670,paladin,retribution,190,89,101
Bubblebuttx,ghostlands,1669,paladin,retribution,101,59,42
Letharen,argent-dawn,1669,paladin,retribution,74,36,38
Vylnoa,twisting-nether,1669,paladin,retribution,163,76,87
Astilia,sylvanas,1669,paladin,retribution,132,61,71
Korneta,sanguino,1669,paladin,retribution,42,18,24
Testament,antonidas,1668,paladin,retribution,128,65,63
Salladín,stormscale,1667,paladin,retribution,51,30,21
Hýox,malganis,1667,paladin,retribution,121,57,64
Scralet,tarren-mill,1667,paladin,retribution,41,19,22
Almighty,ravencrest,1667,paladin,retribution,90,39,51
Nyxbane,kazzak,1667,paladin,retribution,48,19,29
Uliko,twisting-nether,1666,paladin,retribution,90,50,40
Холихит,gordunni,1666,paladin,retribution,118,58,60
Hèllkeepêr,archimonde,1666,paladin,retribution,41,20,21
Ashbi,dun-modr,1666,paladin,retribution,60,25,35
Rli,twisting-nether,1664,paladin,retribution,90,45,45
Zeggayodax,nemesis,1663,paladin,retribution,42,22,20
Яправ,borean-tundra,1663,paladin,retribution,146,76,70
Ромерл,gordunni,1663,paladin,retribution,388,194,194
Ivarladin,draenor,1663,paladin,retribution,66,30,36
Deadholland,ravencrest,1662,paladin,retribution,140,73,67
Jout,tarren-mill,1662,paladin,retribution,150,75,75
Toxií,argent-dawn,1662,paladin,retribution,76,30,46
Meìster,blackmoore,1661,paladin,retribution,93,45,48
Vanithar,thrall,1661,paladin,retribution,98,46,52
Pruntadin,silvermoon,1661,paladin,retribution,78,36,42
Holybubble,stormscale,1661,paladin,retribution,55,25,30
Qpalax,outland,1661,paladin,retribution,74,33,41
Аргонис,gordunni,1661,paladin,retribution,54,24,30
Justivo,tarren-mill,1660,paladin,retribution,91,47,44
Facerøll,silvermoon,1659,paladin,retribution,61,39,22
Earendìl,blackmoore,1659,paladin,retribution,60,35,25
Bumaye,tarren-mill,1659,paladin,retribution,42,24,18
Thaldrael,colinas-pardas,1659,paladin,retribution,53,30,23
Âyasê,blackhand,1659,paladin,retribution,100,49,51
Wakke,outland,1658,paladin,retribution,38,26,12
Zuveron,the-maelstrom,1657,paladin,retribution,78,35,43
Fordragon,twisting-nether,1657,paladin,retribution,60,24,36
Skippadin,ravencrest,1656,paladin,retribution,101,53,48
Eniste,silvermoon,1656,paladin,retribution,134,66,68
Armas,stormscale,1656,paladin,retribution,64,27,37
Elastuc,silvermoon,1655,paladin,retribution,71,40,31
Litaren,ragnaros,1655,paladin,retribution,54,30,24
Telionrootan,die-aldor,1655,paladin,retribution,58,29,29
Namapala,silvermoon,1655,paladin,retribution,125,61,64
Sünlight,nemesis,1655,paladin,retribution,186,89,97
Novania,perenolde,1655,paladin,retribution,69,32,37
Harbiter,ravencrest,1655,paladin,retribution,78,31,47
Willmot,stormscale,1654,paladin,retribution,64,33,31
Shockashy,stormscale,1654,paladin,retribution,72,37,35
Malthred,ravenholdt,1654,paladin,retribution,267,134,133
Сёмаигрок,soulflayer,1654,paladin,retribution,54,26,28
Fløcki,blackhand,1654,paladin,retribution,54,26,28
Rulîx,blackmoore,1654,paladin,retribution,120,57,63
Akaasix,stormscale,1653,paladin,retribution,97,52,45
Zynuwu,blackmoore,1653,paladin,retribution,42,22,20
Ruotollo,ravencrest,1653,paladin,retribution,51,23,28
Кинбул,ashenvale,1653,paladin,retribution,54,24,30
Wohx,archimonde,1652,paladin,retribution,54,30,24
Райтивуд,howling-fjord,1652,paladin,retribution,110,58,52
Данбро,borean-tundra,1652,paladin,retribution,102,49,53
Rafflesia,sanguino,1652,paladin,retribution,53,19,34
Karyouka,archimonde,1651,paladin,retribution,66,40,26
Milkadìn,twisting-nether,1651,paladin,retribution,114,59,55
Ratklng,ravencrest,1650,paladin,retribution,102,61,41
Kraakz,sanguino,1650,paladin,retribution,71,34,37
Ilikejudge,blackmoore,1650,paladin,retribution,192,89,103
Screws,dun-modr,1650,paladin,retribution,54,22,32
Aederec,argent-dawn,1649,paladin,retribution,78,42,36
Хаспадин,gordunni,1649,paladin,retribution,42,21,21
Modeladin,ragnaros,1649,paladin,retribution,118,56,62
Andrejz,sylvanas,1648,paladin,retribution,42,21,21
Fisslol,kazzak,1648,paladin,retribution,93,46,47
Холивеник,gordunni,1648,paladin,retribution,48,22,26
Jst,twisting-nether,1647,paladin,retribution,36,24,12
Коссандра,greymane,1647,paladin,retribution,59,22,37
Athená,baelgun,1646,paladin,retribution,29,22,7
Boomboomciao,draenor,1646,paladin,retribution,90,58,32
Exoblade,twisting-nether,1646,paladin,retribution,72,40,32
Kedaris,antonidas,1646,paladin,retribution,108,59,49
Trenvendor,ravencrest,1646,paladin,retribution,43,23,20
Júdger,twisting-nether,1646,paladin,retribution,173,90,83
Shenwarr,twisting-nether,1646,paladin,retribution,52,26,26
Lightwitcher,silvermoon,1646,paladin,retribution,203,99,104
Eazybubble,blackhand,1645,paladin,retribution,42,22,20
Gilet,argent-dawn,1645,paladin,retribution,60,31,29
Mcfëë,ysondre,1645,paladin,retribution,150,77,73
Xila,blackrock,1645,paladin,retribution,90,39,51
Blademàster,twisting-nether,1645,paladin,retribution,90,36,54
Keladen,burning-legion,1644,paladin,retribution,84,51,33
Cîzzar,burning-legion,1644,paladin,retribution,153,85,68
Lílou,blackmoore,1644,paladin,retribution,75,38,37
Bubbledøtcøm,blackmoore,1644,paladin,retribution,66,32,34
Spegepølse,silvermoon,1643,paladin,retribution,86,48,38
Emíly,dun-morogh,1643,paladin,retribution,42,23,19
Swânn,sanguino,1643,paladin,retribution,115,60,55
Muuclear,twisting-nether,1643,paladin,retribution,87,42,45
Guidone,sylvanas,1642,paladin,retribution,30,20,10
Ysell,sargeras,1642,paladin,retribution,68,34,34
Misako,sanguino,1642,paladin,retribution,172,85,87
Justyferr,nemesis,1642,paladin,retribution,152,66,86
Grìmmjøw,silvermoon,1642,paladin,retribution,51,22,29
Bikkuz,kazzak,1641,paladin,retribution,42,28,14
Gigasack,ravencrest,1641,paladin,retribution,36,23,13
Goüstà,ysondre,1641,paladin,retribution,54,23,31
Justrhino,kazzak,1641,paladin,retribution,47,18,29
Powerpuffret,antonidas,1640,paladin,retribution,72,40,32
Йосяфлексер,howling-fjord,1640,paladin,retribution,200,108,92
Retlikeme,ravencrest,1640,paladin,retribution,42,19,23
Diccari,stormreaver,1640,paladin,retribution,84,37,47
Neithi,twisting-nether,1639,paladin,retribution,42,19,23
Sinclo,hyjal,1639,paladin,retribution,82,36,46
Димасгачи,gordunni,1638,paladin,retribution,42,32,10
Medieh,ravencrest,1638,paladin,retribution,74,40,34
Xtekz,tarren-mill,1638,paladin,retribution,74,38,36
Ajkulaa,kazzak,1638,paladin,retribution,92,45,47
Dreamwatcher,outland,1638,paladin,retribution,51,23,28
Møg,blackrock,1638,paladin,retribution,65,24,41
Splendida,festung-der-stürme,1637,paladin,retribution,35,23,12
Donwone,aegwynn,1637,paladin,retribution,33,21,12
Brabop,zirkel-des-cenarius,1637,paladin,retribution,42,22,20
Shakkur,varimathras,1637,paladin,retribution,82,42,40
Дохлаяженах,gordunni,1637,paladin,retribution,54,27,27
Nanisunda,thrall,1637,paladin,retribution,154,75,79
Астта,fordragon,1637,paladin,retribution,84,38,46
Tîrana,ysondre,1637,paladin,retribution,69,31,38
Таптыгин,gordunni,1637,paladin,retribution,72,31,41
Neverdeath,stormscale,1637,paladin,retribution,66,28,38
Instaquez,stormscale,1636,paladin,retribution,163,81,82
Shuukz,blackmoore,1636,paladin,retribution,96,44,52
Cardedeu,zuljin,1636,paladin,retribution,48,22,26
Badbuññy,sylvanas,1636,paladin,retribution,54,24,30
Ассайоу,soulflayer,1636,paladin,retribution,108,44,64
Mácá,outland,1635,paladin,retribution,30,20,10
Graeme,ysondre,1635,paladin,retribution,114,58,56
Swàyz,archimonde,1635,paladin,retribution,186,89,97
Naexea,archimonde,1635,paladin,retribution,60,28,32
Бладиполи,soulflayer,1634,paladin,retribution,78,46,32
Addwyr,blackrock,1634,paladin,retribution,78,42,36
Arturius,ravencrest,1634,paladin,retribution,60,30,30
Racduck,dunemaul,1634,paladin,retribution,124,61,63
Ragen,kazzak,1634,paladin,retribution,66,30,36
Zneeks,shattered-hand,1633,paladin,retribution,83,48,35
Palagray,blackmoore,1633,paladin,retribution,173,100,73
Мяумяухх,soulflayer,1633,paladin,retribution,220,117,103
Прожектор,gordunni,1633,paladin,retribution,48,25,23
Leoxander,outland,1633,paladin,retribution,114,58,56
Socx,outland,1633,paladin,retribution,89,32,57
Coldcuts,sylvanas,1633,paladin,retribution,72,25,47
Bagok,drakthul,1632,paladin,retribution,54,34,20
Галиор,soulflayer,1632,paladin,retribution,52,31,21
Tawaraa,archimonde,1632,paladin,retribution,36,21,15
Цитология,borean-tundra,1632,paladin,retribution,186,108,78
Pinx,kazzak,1632,paladin,retribution,78,39,39
Theladrie,blackhand,1632,paladin,retribution,48,24,24
Mavesauce,blackrock,1631,paladin,retribution,26,18,8
Копаю,gordunni,1631,paladin,retribution,150,88,62
Wlåð,archimonde,1631,paladin,retribution,45,25,20
Needel,argent-dawn,1631,paladin,retribution,59,32,27
Кавайнекс,azuregos,1631,paladin,retribution,134,67,67
Нормвал,gordunni,1631,paladin,retribution,61,29,32
Draizor,twisting-nether,1631,paladin,retribution,89,42,47
Ibuc,blackrock,1630,paladin,retribution,36,21,15
Djcurry,archimonde,1630,paladin,retribution,30,17,13
Кельритос,soulflayer,1630,paladin,retribution,64,28,36
Antsh,nemesis,1629,paladin,retribution,36,22,14
Holyhi,silvermoon,1629,paladin,retribution,90,54,36
Bobiwan,ravencrest,1629,paladin,retribution,30,17,13
Моррзито,soulflayer,1629,paladin,retribution,66,31,35
Фатумм,howling-fjord,1629,paladin,retribution,42,19,23
Ønlyfâns,dragonblight,1629,paladin,retribution,78,34,44
Mudos,burning-legion,1628,paladin,retribution,24,18,6
Azryn,kazzak,1628,paladin,retribution,104,55,49
Wyllian,grim-batol,1628,paladin,retribution,48,23,25
Pikoman,hellfire,1628,paladin,retribution,89,42,47
Gulinborsti,aegwynn,1627,paladin,retribution,78,50,28
Silverglaze,defias-brotherhood,1627,paladin,retribution,48,25,23
Tabriz,rexxar,1627,paladin,retribution,70,32,38
Evelisyze,twisting-nether,1627,paladin,retribution,102,45,57
Ласковыйкуфа,howling-fjord,1626,paladin,retribution,27,18,9
Yæø,archimonde,1626,paladin,retribution,84,49,35
Serim,dun-modr,1626,paladin,retribution,60,32,28
Оззмо,howling-fjord,1626,paladin,retribution,195,99,96
Zeusp,archimonde,1626,paladin,retribution,42,21,21
Zarron,blackrock,1626,paladin,retribution,42,20,22
Serratus,thunderhorn,1626,paladin,retribution,50,22,28
Maloumnik,stormscale,1625,paladin,retribution,24,17,7
Redex,tarren-mill,1625,paladin,retribution,120,64,56
Splasher,grim-batol,1625,paladin,retribution,156,83,73
Crusshqt,silvermoon,1625,paladin,retribution,162,81,81
Strykar,aggra-português,1625,paladin,retribution,48,22,26
Konardos,burning-legion,1625,paladin,retribution,48,21,27
Jay,arathor,1624,paladin,retribution,54,29,25
Сандалар,gordunni,1624,paladin,retribution,84,37,47
Tastán,aegwynn,1623,paladin,retribution,27,17,10
Рипкарт,gordunni,1623,paladin,retribution,67,42,25
Valarians,nemesis,1623,paladin,retribution,48,28,20
Blazeer,pozzo-delleternità,1623,paladin,retribution,42,23,19
Notpitball,kazzak,1623,paladin,retribution,48,23,25
Käyle,alakir,1623,paladin,retribution,48,22,26
Brecs,frostmourne,1623,paladin,retribution,84,36,48
Реализатор,howling-fjord,1623,paladin,retribution,67,27,40
Неиспоримый,soulflayer,1622,paladin,retribution,30,20,10
Hetrox,silvermoon,1622,paladin,retribution,42,23,19
Ливх,blackscar,1622,paladin,retribution,79,42,37
Starcker,sanguino,1622,paladin,retribution,90,30,60
Gøretterøg,archimonde,1621,paladin,retribution,30,18,12
Blader,darksorrow,1621,paladin,retribution,128,65,63
Disadin,sylvanas,1620,paladin,retribution,42,25,17
Ultret,silvermoon,1620,paladin,retribution,79,44,35
Trisunonvaki,khazgoroth,1620,paladin,retribution,205,112,93
Zuldekk,sanguino,1620,paladin,retribution,60,29,31
Валькирия,grom,1620,paladin,retribution,36,17,19
Zzloud,darksorrow,1619,paladin,retribution,42,23,19
Jaro,alleria,1619,paladin,retribution,75,40,35
Combinecka,chamber-of-aspects,1619,paladin,retribution,118,60,58
Azlaya,sargeras,1619,paladin,retribution,255,127,128
Rullatorsvèn,stormscale,1619,paladin,retribution,42,17,25
Charmxx,stormscale,1618,paladin,retribution,30,18,12
Kobleda,ravencrest,1618,paladin,retribution,41,23,18
Lonesolo,sylvanas,1618,paladin,retribution,36,20,16
Crohnox,nemesis,1618,paladin,retribution,76,38,38
Nataii,argent-dawn,1618,paladin,retribution,66,32,34
Djuwuu,twisting-nether,1618,paladin,retribution,48,20,28
Novania,teldrassil,1617,paladin,retribution,60,39,21
Bloodsworn,stormrage,1617,paladin,retribution,90,58,32
Rimva,alleria,1617,paladin,retribution,60,38,22
Воркаллес,gordunni,1617,paladin,retribution,154,90,64
Девствениица,gordunni,1617,paladin,retribution,89,50,39
Gucix,sylvanas,1617,paladin,retribution,75,42,33
Fîzè,blackmoore,1617,paladin,retribution,40,20,20
Relius,outland,1617,paladin,retribution,97,40,57
Okcså,ragnaros,1617,paladin,retribution,64,25,39
Lerîan,dun-modr,1616,paladin,retribution,157,88,69
Sytharel,sylvanas,1616,paladin,retribution,84,46,38
Superhick,veknilash,1616,paladin,retribution,42,22,20
Dornu,tarren-mill,1616,paladin,retribution,36,17,19
Sharkayne,anubarak,1616,paladin,retribution,130,59,71
Shufflee,drakthul,1615,paladin,retribution,84,44,40
Holyblast,archimonde,1615,paladin,retribution,42,22,20
Katanaclówn,eredar,1615,paladin,retribution,347,175,172
Tyristrum,kilrogg,1615,paladin,retribution,54,24,30
Batteldin,blackmoore,1614,paladin,retribution,158,91,67
Хексали,soulflayer,1614,paladin,retribution,51,25,26
Proximo,burning-legion,1614,paladin,retribution,48,23,25
Scorebit,draenor,1614,paladin,retribution,71,30,41
Blâzer,hyjal,1614,paladin,retribution,54,22,32
Dragon,zenedar,1613,paladin,retribution,48,27,21
Aflogistina,sylvanas,1613,paladin,retribution,36,20,16
Bloodyret,outland,1613,paladin,retribution,89,45,44
Bullsy,kazzak,1613,paladin,retribution,123,61,62
Nøvå,ravencrest,1613,paladin,retribution,108,50,58
Isora,twisting-nether,1613,paladin,retribution,150,65,85
Holyzero,ravencrest,1612,paladin,retribution,24,17,7
Ðox,frostmane,1612,paladin,retribution,24,17,7
Mangz,ysondre,1612,paladin,retribution,36,25,11
Briman,neptulon,1612,paladin,retribution,60,37,23
Topzin,argent-dawn,1612,paladin,retribution,49,30,19
Astolfia,silvermoon,1612,paladin,retribution,73,44,29
Puers,burning-blade,1612,paladin,retribution,41,21,20
Blickyman,arathor,1612,paladin,retribution,96,49,47
Килмонгир,gordunni,1612,paladin,retribution,36,18,18
Nergigante,drekthar,1612,paladin,retribution,48,23,25
Paradoxiâ,thrall,1612,paladin,retribution,60,28,32
Кизарыч,galakrond,1612,paladin,retribution,48,17,31
Ceccil,dun-modr,1611,paladin,retribution,132,75,57
Hempodius,silvermoon,1611,paladin,retribution,57,31,26
Focuspally,outland,1611,paladin,retribution,113,57,56
Vakaza,cthun,1611,paladin,retribution,66,33,33
Zala,culte-de-la-rive-noire,1611,paladin,retribution,48,23,25
Cilise,bronzebeard,1611,paladin,retribution,66,31,35
Bidulemachin,chogall,1610,paladin,retribution,30,19,11
Сынбогов,gordunni,1610,paladin,retribution,30,17,13
Discølove,blackmoore,1610,paladin,retribution,43,21,22
Madman,drakthul,1610,paladin,retribution,60,27,33
Deltapower,archimonde,1610,paladin,retribution,49,22,27
Vorber,darksorrow,1610,paladin,retribution,53,23,30
Biggboii,twisting-nether,1610,paladin,retribution,54,21,33
Zebramann,silvermoon,1609,paladin,retribution,117,69,48
Promise,dun-modr,1609,paladin,retribution,60,32,28
Bíceron,sanguino,1609,paladin,retribution,76,38,38
Loani,dalaran,1609,paladin,retribution,42,21,21
Lazone,ysondre,1609,paladin,retribution,46,22,24
Mystixd,talnivarr,1608,paladin,retribution,42,31,11
Hølypowah,tarren-mill,1608,paladin,retribution,24,17,7
Glückskreuza,die-aldor,1608,paladin,retribution,54,33,21
Alammar,burning-legion,1608,paladin,retribution,30,18,12
Leköngen,ravencrest,1608,paladin,retribution,50,29,21
Lawtõn,argent-dawn,1608,paladin,retribution,173,92,81
Колсет,soulflayer,1608,paladin,retribution,91,48,43
Elohim,echsenkessel,1608,paladin,retribution,75,36,39
Тьёрн,gordunni,1607,paladin,retribution,90,52,38
Ревирант,gordunni,1607,paladin,retribution,39,21,18
Legitpower,silvermoon,1607,paladin,retribution,82,41,41
Kreselia,ravencrest,1607,paladin,retribution,121,59,62
Эллесар,blackscar,1607,paladin,retribution,132,62,70
Sletlana,burning-blade,1607,paladin,retribution,86,38,48
Meliödas,sylvanas,1607,paladin,retribution,46,20,26
Hippiehuman,darkspear,1606,paladin,retribution,36,23,13
Милликсайс,howling-fjord,1606,paladin,retribution,51,29,22
Ямыч,ashenvale,1606,paladin,retribution,97,55,42
Melior,skullcrusher,1606,paladin,retribution,284,151,133
Râkim,malganis,1606,paladin,retribution,36,18,18
Bigdamjudgee,outland,1606,paladin,retribution,35,17,18
Juicycheeks,frostwolf,1606,paladin,retribution,48,20,28
ßean,dun-modr,1605,paladin,retribution,46,23,23
Akrobatka,sanguino,1605,paladin,retribution,114,52,62
Bázer,antonidas,1605,paladin,retribution,46,18,28
Blaîzer,archimonde,1605,paladin,retribution,88,34,54
Riskha,archimonde,1604,paladin,retribution,82,52,30
Taiiki,archimonde,1604,paladin,retribution,156,92,64
Poohsie,ravencrest,1604,paladin,retribution,102,59,43
Stfortt,ragnaros,1604,paladin,retribution,178,102,76
Taytay,dentarg,1604,paladin,retribution,66,37,29
Tìtan,ravencrest,1604,paladin,retribution,48,25,23
Toxxor,die-arguswacht,1604,paladin,retribution,54,28,26
Кронкс,howling-fjord,1604,paladin,retribution,141,73,68
Keft,twisting-nether,1604,paladin,retribution,53,26,27
Tinyandy,blackrock,1604,paladin,retribution,48,21,27
Valiscar,antonidas,1604,paladin,retribution,42,17,25
Tavyy,sylvanas,1603,paladin,retribution,107,81,26
Santaclaus,zuljin,1603,paladin,retribution,120,69,51
Ague,spinebreaker,1603,paladin,retribution,78,32,46
Mistyweavey,grim-batol,1602,paladin,retribution,66,43,23
Adiútrix,silvermoon,1602,paladin,retribution,90,55,35
Ferlen,nagrand,1602,paladin,retribution,72,39,33
Crimq,twisting-nether,1602,paladin,retribution,102,50,52
Dankin,pozzo-delleternità,1602,paladin,retribution,94,45,49
Neverdiex,blackrock,1602,paladin,retribution,54,20,34
Nfxx,argent-dawn,1601,paladin,retribution,81,49,32
Quééfwemust,outland,1601,paladin,retribution,59,33,26
Gymly,kazzak,1601,paladin,retribution,244,136,108
Flashyo,archimonde,1601,paladin,retribution,36,20,16
Fítzgerald,antonidas,1601,paladin,retribution,101,56,45
Timal,eitrigg,1601,paladin,retribution,157,82,75
Zwergicus,alexstrasza,1601,paladin,retribution,71,33,38
Xealyy,ravencrest,1600,paladin,retribution,36,22,14
Guccishock,twisting-nether,1600,paladin,retribution,85,48,37
Elyox,ravencrest,1600,paladin,retribution,42,21,21
Zader,ravencrest,1600,paladin,retribution,48,23,25
Кузькинамать,greymane,1600,paladin,retribution,161,74,87
Glàdiator,outland,1600,paladin,retribution,146,67,79
Ваэлин,deathweaver,1600,paladin,retribution,52,23,29
Carlash,draenor,1599,paladin,retribution,96,53,43
Kouyhalaide,hyjal,1599,paladin,retribution,80,38,42
Рамзеса,soulflayer,1599,paladin,retribution,48,22,26
Djcrusade,twisting-nether,1598,paladin,retribution,183,98,85
Jorhall,antonidas,1598,paladin,retribution,127,68,59
Spéos,archimonde,1598,paladin,retribution,76,38,38
Schôck,eredar,1598,paladin,retribution,57,26,31
Wuzzle,azshara,1597,paladin,retribution,36,22,14
Somixd,ragnaros,1597,paladin,retribution,320,164,156
Valin,frostmane,1597,paladin,retribution,150,69,81
Varathraz,ravencrest,1597,paladin,retribution,150,66,84
Kptayn,archimonde,1596,paladin,retribution,79,44,35
Анастэриан,thermaplugg,1596,paladin,retribution,120,59,61
Yaldly,dun-modr,1595,paladin,retribution,42,21,21
Måxrajoy,dun-modr,1595,paladin,retribution,36,17,19
Serenityxo,twisting-nether,1594,paladin,retribution,29,22,7
Íbossít,doomhammer,1594,paladin,retribution,84,43,41
Asfen,archimonde,1593,paladin,retribution,42,24,18
Paakz,stormscale,1593,paladin,retribution,196,98,98
Лакоста,ashenvale,1593,paladin,retribution,90,44,46
Runhil,nemesis,1593,paladin,retribution,42,20,22
Siorraidh,archimonde,1592,paladin,retribution,42,23,19
Opsyoudie,kazzak,1592,paladin,retribution,173,83,90
Хилоретка,blackscar,1591,paladin,retribution,24,17,7
Маркант,gordunni,1591,paladin,retribution,192,105,87
Holmat,twisting-nether,1591,paladin,retribution,66,32,34
Baxxster,blackhand,1591,paladin,retribution,82,36,46
Dabeefchief,outland,1590,paladin,retribution,28,21,7
Pallidino,antonidas,1590,paladin,retribution,47,20,27
Mearsheimer,ysondre,1590,paladin,retribution,48,19,29
Bloodaxjr,archimonde,1589,paladin,retribution,190,100,90
Sstalowy,silvermoon,1589,paladin,retribution,151,74,77
Ahpoual,archimonde,1588,paladin,retribution,64,39,25
Майлайт,gordunni,1588,paladin,retribution,129,73,56
Dd,blackmoore,1588,paladin,retribution,169,89,80
Supergallows,shattered-hand,1588,paladin,retribution,129,62,67
Raoun,archimonde,1588,paladin,retribution,48,23,25
Erasdin,silvermoon,1587,paladin,retribution,30,17,13
Shaylaru,tarren-mill,1587,paladin,retribution,41,22,19
Násty,twisting-nether,1587,paladin,retribution,185,95,90
Forja,silvermoon,1587,paladin,retribution,92,47,45
Jimrogier,argent-dawn,1587,paladin,retribution,210,106,104
Eruth,ravencrest,1586,paladin,retribution,66,35,31
Overgeared,twisting-nether,1585,paladin,retribution,279,155,124
Хентайбогиня,ashenvale,1585,paladin,retribution,74,38,36
Trixbunny,arathor,1585,paladin,retribution,35,17,18
Painshield,outland,1585,paladin,retribution,53,19,34
Frutte,malganis,1584,paladin,retribution,78,47,31
Decain,twisting-nether,1583,paladin,retribution,36,20,16
Komen,dalaran,1583,paladin,retribution,36,19,17
Horran,archimonde,1583,paladin,retribution,35,18,17
Altundrdel,ravencrest,1583,paladin,retribution,78,40,38
Fufth,pozzo-delleternità,1583,paladin,retribution,42,20,22
Whiskeyx,lightbringer,1582,paladin,retribution,36,26,10
Ramro,magtheridon,1582,paladin,retribution,70,45,25
Slump,ravencrest,1582,paladin,retribution,79,41,38
Aerieon,draenor,1582,paladin,retribution,42,21,21
Талрэн,howling-fjord,1582,paladin,retribution,66,32,34
Retenki,silvermoon,1582,paladin,retribution,48,22,26
Irenita,kazzak,1582,paladin,retribution,54,23,31
Аностазия,ashenvale,1581,paladin,retribution,90,35,55
Zaaen,burning-legion,1580,paladin,retribution,96,49,47
Retstarr,draenor,1580,paladin,retribution,114,57,57
Palarïns,dalaran,1580,paladin,retribution,36,18,18
Аскеттх,gordunni,1580,paladin,retribution,90,43,47
Диманватикан,howling-fjord,1580,paladin,retribution,72,30,42
Brinkz,argent-dawn,1580,paladin,retribution,48,20,28
Eosan,argent-dawn,1579,paladin,retribution,39,27,12
Эйзенхорн,grom,1579,paladin,retribution,126,60,66
Grimstark,argent-dawn,1578,paladin,retribution,42,25,17
Beefdaddyy,kazzak,1578,paladin,retribution,82,44,38
Paellysuir,blackmoore,1578,paladin,retribution,258,130,128
Emostylex,draenor,1578,paladin,retribution,143,61,82
Lyraestra,hyjal,1578,paladin,retribution,78,33,45
Пурджпал,soulflayer,1577,paladin,retribution,101,58,43
Apokalipsnik,drakthul,1577,paladin,retribution,54,27,27
Aguerx,alleria,1577,paladin,retribution,72,34,38
Далходж,soulflayer,1577,paladin,retribution,89,38,51
Elektek,archimonde,1576,paladin,retribution,30,18,12
Athain,sanguino,1576,paladin,retribution,48,26,22
Búbbles,nerathor,1576,paladin,retribution,72,38,34
Yngild,antonidas,1576,paladin,retribution,48,23,25
Obsidyen,outland,1576,paladin,retribution,44,21,23
Maltazar,arygos,1575,paladin,retribution,36,24,12
Rimlod,saurfang,1575,paladin,retribution,218,114,104
Nollieflip,tarren-mill,1575,paladin,retribution,42,21,21
Codindio,silvermoon,1574,paladin,retribution,106,56,50
Emìnem,kazzak,1574,paladin,retribution,152,77,75
Darkdeal,tarren-mill,1574,paladin,retribution,56,25,31
Angelisho,zuljin,1574,paladin,retribution,145,64,81
Flaweldin,ravencrest,1573,paladin,retribution,49,32,17
Vodax,argent-dawn,1573,paladin,retribution,86,43,43
Nashret,kazzak,1573,paladin,retribution,60,30,30
Ретриксвета,eversong,1573,paladin,retribution,42,19,23
Heallgodxx,ragnaros,1572,paladin,retribution,30,17,13
Медверус,gordunni,1572,paladin,retribution,83,45,38
Daoht,ysondre,1571,paladin,retribution,60,30,30
Гневнебес,howling-fjord,1571,paladin,retribution,96,44,52
Bullstorm,burning-legion,1570,paladin,retribution,54,29,25
Wyzpal,archimonde,1570,paladin,retribution,59,31,28
Tirral,ravencrest,1570,paladin,retribution,168,82,86
Vuup,silvermoon,1570,paladin,retribution,90,41,49
Hammerofmilk,drakthul,1569,paladin,retribution,66,32,34
Clamjam,sylvanas,1569,paladin,retribution,114,51,63
Irhoy,dalaran,1568,paladin,retribution,34,23,11
Luhae,archimonde,1568,paladin,retribution,72,44,28
Vâlkyrîe,outland,1568,paladin,retribution,39,22,17
Аилерия,howling-fjord,1568,paladin,retribution,406,211,195
Раффаэло,borean-tundra,1568,paladin,retribution,148,73,75
Mïnnîe,ysondre,1567,paladin,retribution,78,42,36
Kýríl,antonidas,1567,paladin,retribution,128,54,74
Gîn,aszune,1566,paladin,retribution,54,23,31
Zayonix,amanthul,1565,paladin,retribution,49,32,17
Эледвен,howling-fjord,1565,paladin,retribution,90,40,50
Aethelwold,ragnaros,1565,paladin,retribution,132,56,76
Okroschka,blackrock,1564,paladin,retribution,30,18,12
Vickdicator,stormscale,1564,paladin,retribution,105,45,60
Kathí,kazzak,1563,paladin,retribution,24,18,6
Warmâchiine,burning-legion,1563,paladin,retribution,155,78,77
Trixzie,blackhand,1563,paladin,retribution,36,18,18
Сэдвиг,gordunni,1563,paladin,retribution,35,17,18
Истенен,blackscar,1563,paladin,retribution,96,44,52
Ralphias,tarren-mill,1562,paladin,retribution,127,62,65
Qïkarï,antonidas,1561,paladin,retribution,61,35,26
Романтик,deathweaver,1561,paladin,retribution,114,57,57
Duno,archimonde,1560,paladin,retribution,28,17,11
Farata,ravencrest,1560,paladin,retribution,148,79,69
Johnßlake,dun-modr,1560,paladin,retribution,107,55,52
Lysander,antonidas,1560,paladin,retribution,36,17,19
Apolytos,laughing-skull,1559,paladin,retribution,183,87,96
Cowwithspell,stormscale,1559,paladin,retribution,164,76,88
Kaliano,twisting-nether,1558,paladin,retribution,48,25,23
Blooregard,nathrezim,1558,paladin,retribution,48,23,25
Faxi,outland,1558,paladin,retribution,59,27,32
Kaitlyne,tarren-mill,1557,paladin,retribution,495,247,248
Mufuqa,ragnaros,1557,paladin,retribution,45,22,23
Ranish,aegwynn,1557,paladin,retribution,51,18,33
Teahero,doomhammer,1556,paladin,retribution,36,21,15
Níthag,ragnaros,1556,paladin,retribution,48,25,23
Akâshi,dalaran,1555,paladin,retribution,60,36,24
Kawabanga,the-maelstrom,1555,paladin,retribution,70,38,32
Davidas,drakthul,1555,paladin,retribution,84,44,40
Giroud,dalaran,1555,paladin,retribution,36,17,19
Destroyer,archimonde,1555,paladin,retribution,40,17,23
Гоудин,razuvious,1555,paladin,retribution,54,22,32
Спидфрик,blackscar,1554,paladin,retribution,62,35,27
Veckra,kazzak,1554,paladin,retribution,159,85,74
Ùthér,sylvanas,1554,paladin,retribution,79,40,39
Trendragon,argent-dawn,1554,paladin,retribution,77,33,44
Shatar,culte-de-la-rive-noire,1554,paladin,retribution,61,25,36
Deadlydawn,kazzak,1554,paladin,retribution,72,23,49
Kuhfleisch,eredar,1553,paladin,retribution,132,75,57
Cauze,ravencrest,1553,paladin,retribution,180,93,87
Tuppo,argent-dawn,1553,paladin,retribution,368,185,183
Alë,sanguino,1553,paladin,retribution,47,23,24
Каштоуны,soulflayer,1553,paladin,retribution,62,28,34
Дорогаснега,gordunni,1552,paladin,retribution,54,29,25
Taiso,alonsus,1552,paladin,retribution,59,30,29
Torvik,eredar,1552,paladin,retribution,107,50,57
Шэйкер,blackscar,1552,paladin,retribution,109,49,60
Frankostyle,sanguino,1552,paladin,retribution,65,29,36
Cianna,shattered-hand,1552,paladin,retribution,52,19,33
Drylands,ravencrest,1551,paladin,retribution,54,28,26
Rhyvar,outland,1551,paladin,retribution,42,19,23
Dantrag,eredar,1551,paladin,retribution,72,31,41
Belnadris,eredar,1550,paladin,retribution,100,53,47
Àræs,archimonde,1550,paladin,retribution,113,54,59
Хельдотер,howling-fjord,1549,paladin,retribution,55,27,28
Hülä,antonidas,1549,paladin,retribution,72,30,42
Arosyr,alleria,1548,paladin,retribution,66,37,29
Exirtius,haomarush,1548,paladin,retribution,116,65,51
Ämÿcüs,zuljin,1548,paladin,retribution,96,51,45
Moodý,ragnaros,1548,paladin,retribution,126,65,61
Piti,burning-legion,1547,paladin,retribution,72,29,43
Саламанлдрыч,soulflayer,1547,paladin,retribution,78,28,50
Цитрон,blackscar,1546,paladin,retribution,24,17,7
Nexzz,outland,1546,paladin,retribution,41,28,13
Лаитнем,gordunni,1546,paladin,retribution,66,40,26
Jonquiillee,dalaran,1546,paladin,retribution,83,43,40
Robdob,kazzak,1546,paladin,retribution,108,53,55
Wingcomandêr,aegwynn,1546,paladin,retribution,36,17,19
Osïrïs,kazzak,1545,paladin,retribution,180,86,94
Shénggi,kazzak,1545,paladin,retribution,42,20,22
Alextrazite,kazzak,1545,paladin,retribution,54,22,32
Afhvahj,tichondrius,1544,paladin,retribution,218,108,110
Dalbo,aegwynn,1543,paladin,retribution,34,24,10
Wadey,tarren-mill,1543,paladin,retribution,96,49,47
Válé,silvermoon,1543,paladin,retribution,188,92,96
Pav,eredar,1542,paladin,retribution,77,38,39
Nórman,blackhand,1542,paladin,retribution,48,23,25
Kènpachî,blackrock,1542,paladin,retribution,48,22,26
Itsgossiplol,twisting-nether,1542,paladin,retribution,98,39,59
Interop,tarren-mill,1541,paladin,retribution,54,30,24
Avalindro,wrathbringer,1541,paladin,retribution,96,46,50
Nîcolascage,stormscale,1541,paladin,retribution,42,19,23
Zeldalòl,outland,1541,paladin,retribution,59,25,34
Arrious,frostmane,1540,paladin,retribution,53,28,25
Ficsuur,ragnaros,1540,paladin,retribution,403,207,196
Hugins,chamber-of-aspects,1539,paladin,retribution,69,35,34
Gaalarr,burning-legion,1539,paladin,retribution,130,63,67
Neicha,trollbane,1538,paladin,retribution,78,42,36
Pný,silvermoon,1537,paladin,retribution,66,32,34
Lycasia,hyjal,1537,paladin,retribution,84,36,48
Vvsdiamonds,archimonde,1537,paladin,retribution,47,19,28
Nocleanse,argent-dawn,1536,paladin,retribution,42,31,11
Demsi,ravencrest,1536,paladin,retribution,32,19,13
Pliscken,kazzak,1536,paladin,retribution,83,42,41
Lavawraith,argent-dawn,1536,paladin,retribution,34,17,17
Eleuterus,bloodfeather,1536,paladin,retribution,84,38,46
Phorios,agamaggan,1536,paladin,retribution,72,27,45
Blagori,blackhand,1535,paladin,retribution,30,20,10
Catar,arathor,1535,paladin,retribution,169,95,74
Denlow,silvermoon,1535,paladin,retribution,132,71,61
Byakkospal,tarren-mill,1534,paladin,retribution,114,58,56
Крутикрит,goldrinn,1534,paladin,retribution,78,28,50
Howard,dalaran,1533,paladin,retribution,42,19,23
Benzimus,ragnaros,1533,paladin,retribution,54,18,36
Хоулик,howling-fjord,1532,paladin,retribution,87,50,37
Saabnaab,outland,1532,paladin,retribution,227,130,97
Sikthorlan,ravencrest,1532,paladin,retribution,42,22,20
Mommy,darksorrow,1532,paladin,retribution,84,38,46
Theodór,antonidas,1532,paladin,retribution,107,48,59
Retrehsacul,blackrock,1532,paladin,retribution,36,16,20
Mofawilli,blackrock,1531,paladin,retribution,60,35,25
Ryuzu,khazgoroth,1531,paladin,retribution,42,23,19
Gigajudge,ravencrest,1531,paladin,retribution,60,29,31
Gaveren,ravencrest,1531,paladin,retribution,48,23,25
Падаетслезаа,howling-fjord,1531,paladin,retribution,42,19,23
Proletardk,draenor,1530,paladin,retribution,138,76,62
Sralana,malfurion,1530,paladin,retribution,42,23,19
Peachead,archimonde,1530,paladin,retribution,48,17,31
Orti,sanguino,1529,paladin,retribution,89,48,41
Râoh,arathi,1529,paladin,retribution,90,46,44
Snowife,drakthul,1528,paladin,retribution,54,22,32
Hipo,zuljin,1527,paladin,retribution,30,16,14
Синерина,blackscar,1527,paladin,retribution,107,57,50
Ксамо,howling-fjord,1526,paladin,retribution,29,19,10
Андерлайт,azuregos,1526,paladin,retribution,53,28,25
Мётод,howling-fjord,1526,paladin,retribution,42,22,20
Artal,tarren-mill,1526,paladin,retribution,36,18,18
Юкамилайт,howling-fjord,1526,paladin,retribution,60,28,32
Mimsy,dalaran,1525,paladin,retribution,177,89,88
Борссалино,gordunni,1525,paladin,retribution,121,59,62
Bailleya,drakthul,1525,paladin,retribution,120,53,67
Gashqx,hyjal,1524,paladin,retribution,69,44,25
Lightstrike,stormrage,1524,paladin,retribution,42,26,16
Limitlez,blackhand,1524,paladin,retribution,30,16,14
Олегсудья,howling-fjord,1524,paladin,retribution,47,25,22
Тэлматос,soulflayer,1524,paladin,retribution,126,63,63
Blakkjack,xavius,1524,paladin,retribution,101,50,51
Gllorya,ragnaros,1524,paladin,retribution,70,31,39
Cenie,dunemaul,1524,paladin,retribution,78,27,51
Kurøneko,hyjal,1523,paladin,retribution,58,29,29
Valkyrjai,silvermoon,1523,paladin,retribution,71,32,39
Krakr,ravencrest,1522,paladin,retribution,84,41,43
Llaynn,argent-dawn,1522,paladin,retribution,78,32,46
Deathlyblaze,draenor,1521,paladin,retribution,60,33,27
Кливерти,gordunni,1521,paladin,retribution,96,43,53
Rudî,sanguino,1520,paladin,retribution,64,45,19
Imreallybadx,blackrock,1520,paladin,retribution,55,31,24
Hanksolos,drakthul,1520,paladin,retribution,70,37,33
Brorgustav,doomhammer,1520,paladin,retribution,36,16,20
Keógh,kazzak,1519,paladin,retribution,36,26,10
Sulfuroloyd,hyjal,1519,paladin,retribution,120,67,53
Diviney,twisting-nether,1519,paladin,retribution,47,23,24
Buyamazon,kazzak,1519,paladin,retribution,36,17,19
Nikibrahboi,outland,1519,paladin,retribution,47,16,31
Джагадаптер,gordunni,1518,paladin,retribution,200,108,92
Холишокович,deathweaver,1518,paladin,retribution,120,58,62
Vitacé,burning-legion,1518,paladin,retribution,126,60,66
Acepally,antonidas,1518,paladin,retribution,90,35,55
Cos,stormscale,1517,paladin,retribution,52,28,24
Shroomez,frostmane,1517,paladin,retribution,51,25,26
Greko,ysera,1517,paladin,retribution,35,16,19
Jcpd,drakthul,1517,paladin,retribution,58,23,35
Stinkytoes,draenor,1516,paladin,retribution,36,20,16
Celerius,trollbane,1516,paladin,retribution,60,24,36
Omaw,ragnaros,1515,paladin,retribution,30,16,14
Mytet,burning-legion,1515,paladin,retribution,30,16,14
Rapwnzel,sylvanas,1515,paladin,retribution,60,30,30
Waks,dalaran,1515,paladin,retribution,48,21,27
Síndorí,frostwolf,1515,paladin,retribution,84,36,48
Jøøs,sargeras,1514,paladin,retribution,123,68,55
Hys,stormscale,1514,paladin,retribution,42,23,19
Владыкасвета,borean-tundra,1514,paladin,retribution,129,67,62
Deloréane,archimonde,1514,paladin,retribution,74,35,39
Chelan,thrall,1514,paladin,retribution,66,28,38
Эеомли,blackscar,1513,paladin,retribution,131,64,67
Ярослэйв,howling-fjord,1513,paladin,retribution,134,61,73
Росиель,soulflayer,1512,paladin,retribution,148,74,74
Dopämine,tarren-mill,1512,paladin,retribution,42,19,23
Evililz,kazzak,1511,paladin,retribution,157,82,75
Сангвиний,howling-fjord,1511,paladin,retribution,280,133,147
Gunpowderx,silvermoon,1511,paladin,retribution,36,16,20
Blegret,antonidas,1511,paladin,retribution,60,26,34
Вэис,borean-tundra,1510,paladin,retribution,59,32,27
Сиаобэла,gordunni,1510,paladin,retribution,30,16,14
Стальгор,ashenvale,1510,paladin,retribution,30,16,14
Rugila,ragnaros,1510,paladin,retribution,290,151,139
Balderstomp,jaedenar,1510,paladin,retribution,63,32,31
Slipmax,eredar,1510,paladin,retribution,54,26,28
Kjobergen,tarren-mill,1510,paladin,retribution,36,16,20
Dodgerwilly,outland,1510,paladin,retribution,36,16,20
Swäagg,hyjal,1509,paladin,retribution,29,18,11
Impaross,shattrath,1509,paladin,retribution,159,87,72
Jugga,durotan,1509,paladin,retribution,34,18,16
Lestaf,the-maelstrom,1509,paladin,retribution,80,40,40
Myridan,bloodhoof,1509,paladin,retribution,72,35,37
Aroyul,silvermoon,1509,paladin,retribution,36,17,19
Snødunkern,outland,1509,paladin,retribution,108,44,64
Vedaar,dun-modr,1508,paladin,retribution,30,24,6
Lawlight,frostmane,1508,paladin,retribution,105,54,51
Blekadin,ragnaros,1508,paladin,retribution,134,68,66
Ксенджин,gordunni,1507,paladin,retribution,64,32,32
Igrael,argent-dawn,1507,paladin,retribution,72,35,37
Thazyru,frostmane,1506,paladin,retribution,74,44,30
Tharizod,nagrand,1506,paladin,retribution,87,43,44
Blazehammer,drakthul,1506,paladin,retribution,69,31,38
Ulrhik,nemesis,1506,paladin,retribution,81,33,48
Jiniboy,garrosh,1505,paladin,retribution,53,36,17
Paradoax,quelthalas,1505,paladin,retribution,30,16,14
Kytonic,silvermoon,1505,paladin,retribution,76,37,39
Tazkaz,archimonde,1505,paladin,retribution,68,33,35
Kaarakartall,silvermoon,1504,paladin,retribution,36,24,12
Lovetospoonn,ravencrest,1504,paladin,retribution,72,44,28
Quaterbâck,antonidas,1504,paladin,retribution,74,38,36
Rînedaman,ysondre,1504,paladin,retribution,42,21,21
Ретридор,soulflayer,1504,paladin,retribution,36,17,19
Bobilous,twisting-nether,1504,paladin,retribution,48,18,30
Arethos,twisting-nether,1503,paladin,retribution,42,16,26
Séanors,archimonde,1502,paladin,retribution,22,17,5
Irini,sylvanas,1502,paladin,retribution,43,26,17
Daerthe,twisting-nether,1502,paladin,retribution,42,16,26
Elrandil,kazzak,1501,paladin,retribution,78,35,43
Enveador,garrosh,1500,paladin,retribution,78,44,34
Sâfcon,eredar,1500,paladin,retribution,37,20,17
Svetijuju,kazzak,1500,paladin,retribution,113,61,52
Blówout,tarren-mill,1500,paladin,retribution,54,27,27
Dìe,silvermoon,1500,paladin,retribution,47,19,28
Salelol,ravencrest,1500,paladin,retribution,90,34,56
Móóñý,silvermoon,1499,paladin,retribution,82,45,37
Divinenoob,ravencrest,1498,paladin,retribution,60,32,28
Dragonlancer,silvermoon,1498,paladin,retribution,240,115,125
Flawx,blackmoore,1497,paladin,retribution,65,37,28
Mattiesko,kazzak,1497,paladin,retribution,151,78,73
Малоко,thermaplugg,1497,paladin,retribution,66,32,34
Celiath,draenor,1497,paladin,retribution,42,20,22
Vereth,tarren-mill,1497,paladin,retribution,104,47,57
Хеллкик,howling-fjord,1497,paladin,retribution,91,40,51
Shmndr,kazzak,1496,paladin,retribution,46,25,21
Galevar,argent-dawn,1496,paladin,retribution,174,88,86
Eärendil,drakthul,1496,paladin,retribution,72,32,40
Dananas,draenor,1496,paladin,retribution,72,27,45
Kyrokonserve,blackmoore,1495,paladin,retribution,127,68,59
Варблэйз,gordunni,1495,paladin,retribution,30,16,14
Azhrei,archimonde,1495,paladin,retribution,36,16,20
Lamohru,argent-dawn,1495,paladin,retribution,72,31,41
Пивняк,eversong,1494,paladin,retribution,129,73,56
Saintys,sylvanas,1494,paladin,retribution,116,55,61
Hornybìlly,stormscale,1494,paladin,retribution,42,16,26
Skittlespala,twisting-nether,1493,paladin,retribution,47,33,14
Notdeadfred,silvermoon,1493,paladin,retribution,66,36,30
Xawier,ghostlands,1493,paladin,retribution,72,36,36
Ampxd,ravencrest,1493,paladin,retribution,60,29,31
Arfeniel,stormscale,1493,paladin,retribution,150,70,80
Hângôrlo,blackrock,1491,paladin,retribution,30,16,14
Riukÿ,nemesis,1491,paladin,retribution,71,37,34
Unohana,shattered-halls,1491,paladin,retribution,124,58,66
Majk,hellscream,1491,paladin,retribution,91,40,51
Sieghard,aegwynn,1490,paladin,retribution,229,115,114
Valhella,stormscale,1490,paladin,retribution,269,133,136
Антитеррор,greymane,1490,paladin,retribution,36,17,19
Holyshied,silvermoon,1490,paladin,retribution,48,22,26
Ketherian,blutkessel,1490,paladin,retribution,64,23,41
Cassandrina,kazzak,1489,paladin,retribution,59,32,27
Wolluna,frostwolf,1489,paladin,retribution,94,44,50
Traýan,blackmoore,1488,paladin,retribution,30,18,12
Мизиола,galakrond,1488,paladin,retribution,138,76,62
Sonarix,blackrock,1488,paladin,retribution,51,26,25
Camembert,sanguino,1488,paladin,retribution,42,20,22
Naree,stormreaver,1488,paladin,retribution,90,42,48
Doomgape,alakir,1488,paladin,retribution,116,52,64
Emprò,kazzak,1487,paladin,retribution,30,18,12
Rèmi,pozzo-delleternità,1487,paladin,retribution,57,32,25
Windsor,argent-dawn,1487,paladin,retribution,141,74,67
Zaatar,stormscale,1487,paladin,retribution,89,45,44
Paulìe,draenor,1487,paladin,retribution,48,24,24
Doxynator,silvermoon,1487,paladin,retribution,83,40,43
Bartelemeus,draenor,1487,paladin,retribution,36,17,19
Aurasis,archimonde,1487,paladin,retribution,48,19,29
Хочучерешни,lich-king,1486,paladin,retribution,69,41,28
Morniarn,argent-dawn,1486,paladin,retribution,96,54,42
Draeymora,thrall,1486,paladin,retribution,145,72,73
Nînaninja,silvermoon,1486,paladin,retribution,121,60,61
Valunajhnwar,azuremyst,1486,paladin,retribution,128,61,67
Luzmortal,zuljin,1485,paladin,retribution,90,49,41
Eldrielle,culte-de-la-rive-noire,1485,paladin,retribution,48,21,27
Indye,hyjal,1484,paladin,retribution,30,19,11
Sheleftyou,stormreaver,1484,paladin,retribution,58,33,25
Rent,sylvanas,1484,paladin,retribution,46,22,24
Мистеравадон,gordunni,1484,paladin,retribution,158,71,87
Némesis,frostmane,1483,paladin,retribution,36,17,19
Sacredlol,blackmoore,1483,paladin,retribution,57,21,36
Æthëlflæd,ravencrest,1482,paladin,retribution,135,80,55
Savitri,drakthul,1482,paladin,retribution,72,39,33
Drivenlight,twisting-nether,1482,paladin,retribution,42,22,20
Esdras,sanguino,1482,paladin,retribution,306,157,149
Koami,blackmoore,1481,paladin,retribution,98,51,47
Holymunt,sylvanas,1480,paladin,retribution,24,16,8
Runcarsnwpen,kazzak,1480,paladin,retribution,53,31,22
Tscheba,kazzak,1480,paladin,retribution,57,31,26
Llighthand,ravencrest,1480,paladin,retribution,38,16,22
Uxxer,sanguino,1479,paladin,retribution,41,23,18
Wrathlight,nemesis,1479,paladin,retribution,48,26,22
Valerionn,blackmoore,1479,paladin,retribution,94,50,44
Portgas,hyjal,1479,paladin,retribution,48,24,24
Vleisboom,ravencrest,1478,paladin,retribution,48,24,24
Havefunzqt,archimonde,1478,paladin,retribution,191,93,98
Blokeedaro,sanguino,1478,paladin,retribution,101,44,57
Лусейд,howling-fjord,1477,paladin,retribution,65,40,25
Салутан,thermaplugg,1477,paladin,retribution,323,155,168
Barakisback,silvermoon,1476,paladin,retribution,80,48,32
Волатбай,gordunni,1476,paladin,retribution,78,43,35
Эсканор,galakrond,1476,paladin,retribution,61,31,30
Zoltes,twisting-nether,1476,paladin,retribution,184,91,93
Bloodpaly,silvermoon,1476,paladin,retribution,64,27,37
Névér,steamwheedle-cartel,1475,paladin,retribution,69,38,31
Ínvi,aegwynn,1475,paladin,retribution,75,37,38
Pak,amanthul,1475,paladin,retribution,57,24,33
Tobzin,argent-dawn,1474,paladin,retribution,72,37,35
Mograine,die-aldor,1474,paladin,retribution,192,97,95
Yumhi,dun-modr,1474,paladin,retribution,72,36,36
Prelates,argent-dawn,1474,paladin,retribution,34,16,18
Тромбб,soulflayer,1474,paladin,retribution,59,27,32
Eldrack,defias-brotherhood,1474,paladin,retribution,35,16,19
Melverti,kazzak,1473,paladin,retribution,30,17,13
Selaphíel,kazzak,1473,paladin,retribution,203,104,99
Шоринг,gordunni,1473,paladin,retribution,66,33,33
Snibsxpala,silvermoon,1473,paladin,retribution,41,20,21
Кадаврициан,howling-fjord,1473,paladin,retribution,48,22,26
Синдикатх,soulflayer,1472,paladin,retribution,155,85,70
Roxter,burning-legion,1472,paladin,retribution,60,30,30
Morninnstaar,kazzak,1472,paladin,retribution,48,22,26
Dvouklik,burning-blade,1471,paladin,retribution,77,44,33
Aisolôn,thrall,1471,paladin,retribution,80,45,35
Грузор,gordunni,1471,paladin,retribution,124,66,58
Grobididi,malygos,1471,paladin,retribution,263,135,128
Emet,twisting-nether,1471,paladin,retribution,49,24,25
Romfis,arathor,1470,paladin,retribution,90,51,39
Sebatrøz,ravencrest,1470,paladin,retribution,48,26,22
Brightgrove,silvermoon,1470,paladin,retribution,41,16,25
Myrieni,silvermoon,1469,paladin,retribution,48,22,26
Remthas,argent-dawn,1468,paladin,retribution,269,142,127
Kreyvin,argent-dawn,1468,paladin,retribution,118,60,58
Enolaer,ragnaros,1468,paladin,retribution,51,24,27
Ippî,blackmoore,1467,paladin,retribution,37,23,14
Aumium,sunstrider,1467,paladin,retribution,130,61,69
Báldür,silvermoon,1467,paladin,retribution,102,47,55
Syracx,blackhand,1466,paladin,retribution,120,61,59
Essenz,eredar,1466,paladin,retribution,80,32,48
Йзериль,howling-fjord,1465,paladin,retribution,46,27,19
Aisnil,twilights-hammer,1465,paladin,retribution,143,74,69
Neêsoldr,blackmoore,1465,paladin,retribution,140,70,70
Palstarr,malorne,1465,paladin,retribution,64,32,32
Mazekiel,archimonde,1465,paladin,retribution,60,30,30
Bubblefett,ysera,1465,paladin,retribution,36,18,18
Хитвэйв,soulflayer,1465,paladin,retribution,35,16,19
Tracsiee,twisting-nether,1465,paladin,retribution,38,17,21
Leeroyjinks,twisting-nether,1464,paladin,retribution,36,21,15
Rethardz,grim-batol,1464,paladin,retribution,40,21,19
Eken,hyjal,1464,paladin,retribution,42,22,20
Olivaresx,ravencrest,1464,paladin,retribution,72,30,42
Neltix,blackrock,1463,paladin,retribution,88,42,46
Tarenath,aegwynn,1463,paladin,retribution,35,16,19
Nowitzki,sanguino,1462,paladin,retribution,42,23,19
Vaako,blackrock,1462,paladin,retribution,86,46,40
Uøx,blackrock,1462,paladin,retribution,30,16,14
Andocay,das-syndikat,1462,paladin,retribution,143,75,68
Loscar,silvermoon,1462,paladin,retribution,36,17,19
Baé,drakthul,1462,paladin,retribution,67,29,38
Жанож,gordunni,1461,paladin,retribution,80,42,38
Albz,laughing-skull,1461,paladin,retribution,36,17,19
Wälläce,sanguino,1461,paladin,retribution,41,16,25
Stellartois,thunderhorn,1461,paladin,retribution,49,17,32
Khouvec,tarren-mill,1460,paladin,retribution,30,19,11
Günselsen,antonidas,1460,paladin,retribution,367,189,178
Malemanlad,silvermoon,1460,paladin,retribution,132,67,65
Жёстиксхилер,howling-fjord,1460,paladin,retribution,94,44,50
Teryanna,ragnaros,1460,paladin,retribution,74,29,45
Karthvitall,kaelthas,1459,paladin,retribution,36,20,16
Stelanâal,archimonde,1459,paladin,retribution,140,69,71
Djandja,blackrock,1459,paladin,retribution,101,48,53
Хамили,gordunni,1459,paladin,retribution,84,38,46
Slayfer,dun-modr,1459,paladin,retribution,96,42,54
Molenko,rexxar,1459,paladin,retribution,84,36,48
Créo,draenor,1459,paladin,retribution,66,28,38
Humphry,vashj,1458,paladin,retribution,72,35,37
Deathlaf,argent-dawn,1458,paladin,retribution,42,19,23
Baldivar,silvermoon,1457,paladin,retribution,107,58,49
Zanreti,outland,1457,paladin,retribution,128,66,62
Leroya,blackrock,1457,paladin,retribution,35,18,17
Jeriiret,khaz-modan,1457,paladin,retribution,92,46,46
Тюрр,lich-king,1457,paladin,retribution,79,38,41
Кветирон,soulflayer,1457,paladin,retribution,120,57,63
Frequencer,ragnaros,1457,paladin,retribution,66,28,38
Toompaa,ravencrest,1456,paladin,retribution,51,32,19
Ветрум,gordunni,1456,paladin,retribution,36,18,18
Tóxicpaladín,kazzak,1456,paladin,retribution,139,66,73
Paladiaz,blackhand,1456,paladin,retribution,36,17,19
Mooses,stormscale,1455,paladin,retribution,134,66,68
Elinmogz,kazzak,1454,paladin,retribution,26,16,10
Серёжблондин,gordunni,1454,paladin,retribution,72,38,34
Sixqti,blackrock,1454,paladin,retribution,169,86,83
Скадих,soulflayer,1454,paladin,retribution,40,18,22
Atemes,malorne,1453,paladin,retribution,27,17,10
Vangottwald,drakthul,1453,paladin,retribution,84,43,41
Doubtfire,tarren-mill,1453,paladin,retribution,70,35,35
Lycíus,outland,1453,paladin,retribution,36,16,20
Annyaiva,outland,1453,paladin,retribution,96,42,54
Крода,deepholm,1452,paladin,retribution,72,37,35
Obé,argent-dawn,1451,paladin,retribution,329,180,149
Милостьрока,gordunni,1451,paladin,retribution,86,44,42
Сенлеида,gordunni,1451,paladin,retribution,103,52,51
Ðøñe,draenor,1451,paladin,retribution,64,32,32
Akelad,arathor,1451,paladin,retribution,63,22,41
Квемсис,ashenvale,1450,paladin,retribution,188,108,80
Malagat,die-todeskrallen,1450,paladin,retribution,90,45,45
Айэмбомб,howling-fjord,1450,paladin,retribution,40,20,20
Holÿbeard,ravencrest,1449,paladin,retribution,72,42,30
Xalthan,defias-brotherhood,1449,paladin,retribution,48,25,23
Ashernos,tarren-mill,1449,paladin,retribution,65,33,32
Неффко,howling-fjord,1449,paladin,retribution,106,52,54
Yaoiri,argent-dawn,1448,paladin,retribution,71,39,32
Samueel,blackmoore,1448,paladin,retribution,114,61,53
Aurroraa,doomhammer,1448,paladin,retribution,87,42,45
Mâterîa,antonidas,1448,paladin,retribution,154,74,80
Hanknpank,quelthalas,1447,paladin,retribution,40,24,16
Logikoma,tarren-mill,1447,paladin,retribution,54,30,24
Fatâl,antonidas,1447,paladin,retribution,63,28,35
Aaes,argent-dawn,1446,paladin,retribution,25,18,7
Dimes,argent-dawn,1446,paladin,retribution,25,18,7
Boabux,draenor,1446,paladin,retribution,104,55,49
Хиккудоджер,eversong,1446,paladin,retribution,232,122,110
Finñ,sylvanas,1446,paladin,retribution,89,44,45
Teìltaus,eredar,1446,paladin,retribution,60,28,32
Сакермвп,howling-fjord,1445,paladin,retribution,36,23,13
Mustach,aggra-português,1445,paladin,retribution,83,45,38
Блатш,greymane,1445,paladin,retribution,91,32,59
Parlma,naxxramas,1444,paladin,retribution,61,32,29
Buddabob,antonidas,1444,paladin,retribution,139,56,83
Shrøømz,antonidas,1443,paladin,retribution,60,33,27
Støøk,shendralar,1443,paladin,retribution,124,67,57
Zélix,bronzebeard,1443,paladin,retribution,113,58,55
Neverknõw,draenor,1442,paladin,retribution,38,21,17
Кариил,blackscar,1442,paladin,retribution,29,16,13
Бинур,eversong,1442,paladin,retribution,42,23,19
Thormentâ,sanguino,1442,paladin,retribution,36,19,17
Nothonnest,archimonde,1440,paladin,retribution,34,23,11
Overheals,blackmoore,1440,paladin,retribution,24,16,8
Serethor,blackrock,1440,paladin,retribution,30,17,13
Palyx,cthun,1440,paladin,retribution,36,20,16
Slipoj,blackhand,1440,paladin,retribution,54,29,25
Lééroÿ,sylvanas,1440,paladin,retribution,126,64,62
Alithyra,earthen-ring,1440,paladin,retribution,97,49,48
Mííss,silvermoon,1440,paladin,retribution,84,42,42
Kerstyxd,blackrock,1440,paladin,retribution,114,55,59
Soossi,silvermoon,1439,paladin,retribution,24,15,9
Teho,dragonblight,1439,paladin,retribution,263,137,126
Naethan,malganis,1439,paladin,retribution,48,24,24
Hydrath,ysondre,1439,paladin,retribution,102,48,54
Hogan,blackmoore,1438,paladin,retribution,42,23,19
Unogym,dragonblight,1438,paladin,retribution,60,31,29
Inkuboss,nemesis,1438,paladin,retribution,90,46,44
Dinønuggets,ravencrest,1438,paladin,retribution,30,15,15
Dijkie,boulderfist,1438,paladin,retribution,36,16,20
Jojomann,stormscale,1437,paladin,retribution,66,35,31
Zenfret,kazzak,1437,paladin,retribution,40,21,19
Ben,ghostlands,1437,paladin,retribution,42,22,20
Snackzy,twisting-nether,1437,paladin,retribution,168,79,89
Mezzí,aegwynn,1436,paladin,retribution,48,27,21
Exceed,blackmoore,1436,paladin,retribution,30,15,15
Cùpìdstunt,draenor,1436,paladin,retribution,30,15,15
Джибути,soulflayer,1436,paladin,retribution,105,51,54
Chíllpills,silvermoon,1436,paladin,retribution,72,31,41
Cornfalke,silvermoon,1435,paladin,retribution,30,19,11
Ëlësilf,sanguino,1435,paladin,retribution,60,34,26
Storpixpala,drakthul,1435,paladin,retribution,108,60,48
Диваин,gordunni,1435,paladin,retribution,252,131,121
Pratt,deathwing,1434,paladin,retribution,93,45,48
Lìadrin,nemesis,1434,paladin,retribution,36,16,20
Fluppy,the-maelstrom,1434,paladin,retribution,48,20,28
Ymersa,stormscale,1433,paladin,retribution,76,43,33
Røck,aggra-português,1433,paladin,retribution,189,97,92
Lipsvirgin,kazzak,1433,paladin,retribution,30,15,15
Xavios,eredar,1433,paladin,retribution,48,23,25
Izolated,aegwynn,1433,paladin,retribution,96,44,52
Paterymon,ravencrest,1433,paladin,retribution,36,15,21
Lezira,ravencrest,1433,paladin,retribution,36,15,21
Unleashed,antonidas,1433,paladin,retribution,37,15,22
Wordup,senjin,1433,paladin,retribution,42,15,27
Jathx,silvermoon,1431,paladin,retribution,121,64,57
Dehanath,draenor,1431,paladin,retribution,144,75,69
Keele,stormscale,1431,paladin,retribution,36,18,18
Fauel,burning-legion,1431,paladin,retribution,116,57,59
Quordthor,sanguino,1431,paladin,retribution,66,32,34
Aston,sylvanas,1431,paladin,retribution,66,28,38
Dannyvye,outland,1431,paladin,retribution,163,69,94
Khoping,silvermoon,1430,paladin,retribution,24,15,9
Stratarxis,kazzak,1430,paladin,retribution,24,15,9
Жэж,howling-fjord,1430,paladin,retribution,83,47,36
Devilsangel,antonidas,1430,paladin,retribution,88,37,51
Гигаиисус,gordunni,1429,paladin,retribution,39,21,18
Brigholm,argent-dawn,1429,paladin,retribution,80,36,44
Mataleo,archimonde,1428,paladin,retribution,111,68,43
Stocks,burning-blade,1428,paladin,retribution,36,18,18
Jiraaqi,silvermoon,1428,paladin,retribution,131,63,68
Kelore,hyjal,1428,paladin,retribution,48,17,31
Valerner,argent-dawn,1427,paladin,retribution,54,29,25
Badpal,blackhand,1427,paladin,retribution,37,17,20
Garthoronir,antonidas,1427,paladin,retribution,51,20,31
Velikor,dun-modr,1426,paladin,retribution,36,19,17
Сазар,gordunni,1426,paladin,retribution,51,21,30
Ashleigh,stormscale,1426,paladin,retribution,42,15,27
Лантана,howling-fjord,1425,paladin,retribution,24,15,9
Palladain,draenor,1425,paladin,retribution,76,45,31
Turskah,shattered-hand,1425,paladin,retribution,30,15,15
Unzufrieden,silvermoon,1425,paladin,retribution,84,36,48
Retenki,draenor,1425,paladin,retribution,42,17,25
Кериас,gordunni,1424,paladin,retribution,24,15,9
Onyr,hyjal,1424,paladin,retribution,48,25,23
Malianterø,ravencrest,1424,paladin,retribution,149,65,84
Ruehlsbestes,silvermoon,1423,paladin,retribution,24,17,7
Рэгнволд,deathguard,1423,paladin,retribution,70,37,33
Hammertom,stormscale,1423,paladin,retribution,34,16,18
Ruftadin,ragnaros,1423,paladin,retribution,72,32,40
Sorkohoho,silvermoon,1422,paladin,retribution,30,16,14
Hehtmonghour,sanguino,1422,paladin,retribution,65,34,31
Jâybee,ravencrest,1422,paladin,retribution,66,34,32
Cracish,ragnaros,1422,paladin,retribution,30,15,15
Knigh,draenor,1422,paladin,retribution,126,60,66
Hssn,stormscale,1422,paladin,retribution,37,16,21
Iljanaqt,blackrock,1422,paladin,retribution,82,34,48
Антрасс,soulflayer,1421,paladin,retribution,24,15,9
Nillenkäse,antonidas,1421,paladin,retribution,24,15,9
Feelinara,blackmoore,1421,paladin,retribution,66,36,30
Truebeliever,ravencrest,1421,paladin,retribution,30,16,14
Bormann,burning-legion,1421,paladin,retribution,30,15,15
Rodakinos,outland,1420,paladin,retribution,76,44,32
Софилион,gordunni,1420,paladin,retribution,93,49,44
Юлец,galakrond,1420,paladin,retribution,42,20,22
Legendaryxw,drakthul,1419,paladin,retribution,91,45,46
Sîlversun,grim-batol,1419,paladin,retribution,54,20,34
Raerion,ragnaros,1418,paladin,retribution,70,47,23
Vanyon,malganis,1418,paladin,retribution,38,21,17
Лотранир,gordunni,1418,paladin,retribution,30,16,14
Тарйья,gordunni,1418,paladin,retribution,31,16,15
Diamir,rajaxx,1417,paladin,retribution,51,20,31
Uraraka,burning-blade,1416,paladin,retribution,54,33,21
Raerk,dalaran,1416,paladin,retribution,208,112,96
Holydhanas,outland,1416,paladin,retribution,30,15,15
Otsutsuki,darkspear,1416,paladin,retribution,30,15,15
Offa,draenor,1416,paladin,retribution,48,23,25
Ljumá,kazzak,1416,paladin,retribution,114,54,60
Unkillablee,stormscale,1415,paladin,retribution,70,38,32
Найдэкер,gordunni,1415,paladin,retribution,42,15,27
Erthelios,silvermoon,1414,paladin,retribution,24,15,9
Хоулишит,blackscar,1414,paladin,retribution,78,48,30
Notsomuch,alakir,1414,paladin,retribution,69,39,30
Exiztant,ravencrest,1413,paladin,retribution,117,69,48
Primle,thrall,1413,paladin,retribution,82,46,36
Sangiorgio,nemesis,1413,paladin,retribution,100,48,52
Notingvar,doomhammer,1413,paladin,retribution,66,29,37
Kæycc,blackmoore,1413,paladin,retribution,45,16,29
Hàsbulla,khaz-modan,1412,paladin,retribution,172,87,85
Maegli,thrall,1412,paladin,retribution,30,15,15
Juliea,aegwynn,1412,paladin,retribution,114,56,58
Синфуледи,gordunni,1412,paladin,retribution,66,23,43
Wigsnatcher,argent-dawn,1411,paladin,retribution,36,19,17
Whatapity,silvermoon,1411,paladin,retribution,60,24,36
Pállis,ravencrest,1410,paladin,retribution,24,16,8
Iklohz,sanguino,1410,paladin,retribution,76,43,33
Azovstal,terokkar,1410,paladin,retribution,72,39,33
Tehacê,blackrock,1410,paladin,retribution,38,17,21
Demecir,twisting-nether,1409,paladin,retribution,24,16,8
Kaelthir,bladefist,1409,paladin,retribution,47,30,17
Jobsu,defias-brotherhood,1409,paladin,retribution,32,17,15
Slageth,argent-dawn,1409,paladin,retribution,68,34,34
Илонка,gordunni,1409,paladin,retribution,42,20,22
Freedomwinds,kazzak,1409,paladin,retribution,36,15,21
Atanasum,dun-modr,1408,paladin,retribution,60,32,28
Arien,zuljin,1408,paladin,retribution,90,47,43
Gazïel,kaelthas,1408,paladin,retribution,93,47,46
Puré,festung-der-stürme,1408,paladin,retribution,119,55,64
Ilovemylay,area-52,1408,paladin,retribution,45,19,26
Vlodthar,uldum,1407,paladin,retribution,42,25,17
Вандиир,soulflayer,1407,paladin,retribution,64,34,30
Твойвайб,gordunni,1407,paladin,retribution,129,67,62
Wingdude,ysera,1407,paladin,retribution,30,15,15
Grapaladin,sanguino,1406,paladin,retribution,44,23,21
Hammertime,guldan,1406,paladin,retribution,72,33,39
Oldsqlmofu,blackrock,1406,paladin,retribution,42,17,25
Синодушка,howling-fjord,1406,paladin,retribution,48,17,31
Амнон,goldrinn,1405,paladin,retribution,45,22,23
Veliios,silvermoon,1405,paladin,retribution,68,33,35
Torpala,burning-legion,1405,paladin,retribution,58,27,31
Ryaz,blackrock,1404,paladin,retribution,24,15,9
Fleshoflight,arathor,1404,paladin,retribution,45,27,18
Ashent,stormscale,1404,paladin,retribution,76,38,38
Noxxiê,blackmoore,1404,paladin,retribution,42,21,21
Lìmier,ysondre,1404,paladin,retribution,36,17,19
Hurmôk,tarren-mill,1403,paladin,retribution,115,58,57
Наолина,gordunni,1403,paladin,retribution,94,45,49
Блуудс,howling-fjord,1403,paladin,retribution,55,25,30
Craaw,archimonde,1403,paladin,retribution,106,44,62
Oûtplâyêd,blackmoore,1402,paladin,retribution,30,19,11
Вессори,blackscar,1402,paladin,retribution,32,17,15
Holycowe,kazzak,1402,paladin,retribution,30,15,15
Swan,chogall,1402,paladin,retribution,48,23,25
Aleixodolphi,argent-dawn,1402,paladin,retribution,203,90,113
Lukeus,the-maelstrom,1401,paladin,retribution,108,57,51
Argonak,sanguino,1401,paladin,retribution,96,49,47
Hordiienko,silvermoon,1401,paladin,retribution,76,37,39
Pyronort,eredar,1400,paladin,retribution,42,24,18
Fizzyy,ragnaros,1400,paladin,retribution,38,20,18
Nessùm,hyjal,1400,paladin,retribution,108,52,56
Rîex,alleria,1399,paladin,retribution,77,36,41
Duckiboy,ragnaros,1398,paladin,retribution,144,78,66
Crazzylight,kazzak,1398,paladin,retribution,86,41,45
Nomercyl,suramar,1397,paladin,retribution,28,18,10
Ekzykes,ravencrest,1397,paladin,retribution,24,15,9
Aderos,sylvanas,1397,paladin,retribution,24,15,9
Nyren,guldan,1397,paladin,retribution,31,18,13
Serawyn,twisting-nether,1397,paladin,retribution,37,21,16
Rosallyn,argent-dawn,1397,paladin,retribution,89,35,54
Dufftroll,kazzak,1396,paladin,retribution,30,15,15
Vendikor,nemesis,1396,paladin,retribution,156,69,87
Duron,dragonblight,1396,paladin,retribution,45,19,26
Jackub,draenor,1395,paladin,retribution,50,27,23
Harycon,thrall,1395,paladin,retribution,42,20,22
Баблспула,soulflayer,1395,paladin,retribution,133,63,70
Eulion,burning-legion,1394,paladin,retribution,18,15,3
Endar,drakthul,1394,paladin,retribution,90,46,44
Холигор,deathguard,1394,paladin,retribution,84,40,44
Hydarr,twisting-nether,1393,paladin,retribution,86,48,38
Whitebreeze,sanguino,1392,paladin,retribution,88,44,44
Lowsonzretri,doomhammer,1392,paladin,retribution,90,41,49
Джекадамс,gordunni,1392,paladin,retribution,237,101,136
Dragonous,darkmoon-faire,1391,paladin,retribution,181,89,92
Palaradis,doomhammer,1391,paladin,retribution,35,17,18
Humangüy,kazzak,1391,paladin,retribution,47,15,32
Trefino,blackrock,1390,paladin,retribution,24,15,9
Sunrazor,kazzak,1390,paladin,retribution,102,49,53
Leoniidas,cthun,1390,paladin,retribution,59,27,32
Lerie,ravencrest,1389,paladin,retribution,102,49,53
Асшура,howling-fjord,1389,paladin,retribution,46,21,25
Dramaking,the-maelstrom,1388,paladin,retribution,46,22,24
Адирон,booty-bay,1387,paladin,retribution,24,19,5
Wisupl,silvermoon,1387,paladin,retribution,42,29,13
Йенфира,gordunni,1387,paladin,retribution,30,18,12
Booyaahh,ravencrest,1387,paladin,retribution,48,26,22
Holaa,blackrock,1387,paladin,retribution,63,26,37
Fumaça,dun-modr,1386,paladin,retribution,119,66,53
Zandorath,argent-dawn,1386,paladin,retribution,54,24,30
Áramor,blackmoore,1385,paladin,retribution,41,23,18
Malbi,kazzak,1385,paladin,retribution,36,17,19
Protos,ambossar,1385,paladin,retribution,60,28,32
Spartain,draenor,1385,paladin,retribution,60,27,33
Kaelron,sanguino,1384,paladin,retribution,33,21,12
Fryl,quelthalas,1384,paladin,retribution,90,48,42
Holydeath,aegwynn,1384,paladin,retribution,30,16,14
Thrinea,blackrock,1384,paladin,retribution,65,32,33
Asteriia,frostwolf,1384,paladin,retribution,102,50,52
Mareshki,outland,1384,paladin,retribution,72,32,40
Tivv,blackhand,1384,paladin,retribution,35,15,20
Zethadin,kazzak,1383,paladin,retribution,45,23,22
Держимордва,razuvious,1383,paladin,retribution,36,16,20
Animouse,drakthul,1382,paladin,retribution,46,29,17
Lynndora,outland,1381,paladin,retribution,66,38,28
Vörtëx,tarren-mill,1381,paladin,retribution,77,43,34
Yull,twisting-nether,1381,paladin,retribution,71,37,34
Auryel,nemesis,1381,paladin,retribution,90,40,50
Кольт,borean-tundra,1381,paladin,retribution,40,17,23
Манддалорец,howling-fjord,1380,paladin,retribution,229,113,116
Yømø,antonidas,1380,paladin,retribution,113,54,59
Таурусс,booty-bay,1380,paladin,retribution,84,40,44
Тирлас,gordunni,1380,paladin,retribution,90,41,49
Teenage,colinas-pardas,1379,paladin,retribution,29,15,14
Holycowqt,eredar,1379,paladin,retribution,45,18,27
Вартэгпал,blackscar,1379,paladin,retribution,54,21,33
Sanduciorba,chamber-of-aspects,1377,paladin,retribution,65,35,30
Cherenpetur,neptulon,1377,paladin,retribution,56,30,26
Penknife,ravencrest,1377,paladin,retribution,74,35,39
Blodin,silvermoon,1377,paladin,retribution,42,16,26
Retgaffeooku,conseil-des-ombres,1376,paladin,retribution,66,35,31
Bezúziusz,ragnaros,1376,paladin,retribution,86,45,41
Moraru,neptulon,1376,paladin,retribution,133,62,71
Juozas,argent-dawn,1376,paladin,retribution,36,16,20
Нэксти,howling-fjord,1376,paladin,retribution,77,34,43
Straxotia,twisting-nether,1375,paladin,retribution,48,26,22
Walladin,stormscale,1375,paladin,retribution,93,45,48
Гримгалл,soulflayer,1375,paladin,retribution,54,25,29
Darnero,blackrock,1374,paladin,retribution,42,25,17
Angelcore,tarren-mill,1374,paladin,retribution,193,95,98
Pwnyú,aegwynn,1373,paladin,retribution,90,42,48
Блейзерфайт,eversong,1373,paladin,retribution,58,26,32
Dmytropal,draenor,1372,paladin,retribution,57,24,33
Telredor,rexxar,1372,paladin,retribution,42,15,27
Burstyléz,silvermoon,1371,paladin,retribution,47,27,20
Hella,dunemaul,1371,paladin,retribution,73,39,34
Gélan,stormscale,1371,paladin,retribution,107,52,55
Goodfail,sanguino,1371,paladin,retribution,55,26,29
Hazorarh,argent-dawn,1370,paladin,retribution,31,17,14
Mexou,la-croisade-écarlate,1370,paladin,retribution,42,20,22
Badtrip,bloodscalp,1370,paladin,retribution,48,15,33
Dodu,vashj,1369,paladin,retribution,35,20,15
Mashijudge,blackhand,1369,paladin,retribution,72,38,34
Ylzik,archimonde,1369,paladin,retribution,63,31,32
Bovinepope,tarren-mill,1368,paladin,retribution,23,15,8
Beyma,twisting-nether,1368,paladin,retribution,29,15,14
Radamanthes,ysondre,1368,paladin,retribution,120,60,60
Monkeylight,ambossar,1368,paladin,retribution,70,35,35
Goldhand,vashj,1368,paladin,retribution,90,43,47
Uwelist,arathor,1368,paladin,retribution,85,40,45
Nomurabeta,naxxramas,1368,paladin,retribution,62,29,33
Judgement,the-maelstrom,1367,paladin,retribution,48,25,23
Zehnya,grim-batol,1367,paladin,retribution,351,178,173
Архэла,gordunni,1367,paladin,retribution,65,29,36
Nozgot,chromaggus,1367,paladin,retribution,42,18,24
Bladê,kazzak,1365,paladin,retribution,33,19,14
Tuplavv,dunemaul,1365,paladin,retribution,48,20,28
Gxdéon,hyjal,1364,paladin,retribution,117,67,50
Артреал,blackscar,1364,paladin,retribution,132,72,60
Curtwizz,silvermoon,1364,paladin,retribution,45,22,23
Dhb,darksorrow,1364,paladin,retribution,37,16,21
Äthénâ,archimonde,1364,paladin,retribution,47,18,29
Crêuyf,elune,1363,paladin,retribution,39,18,21
Террорх,blackscar,1363,paladin,retribution,60,23,37
Reiwyn,archimonde,1363,paladin,retribution,45,17,28
Лефша,soulflayer,1362,paladin,retribution,47,32,15
Hutimeni,turalyon,1362,paladin,retribution,24,15,9
Sagittaxx,kazzak,1362,paladin,retribution,134,69,65
Singedth,defias-brotherhood,1361,paladin,retribution,85,46,39
Asunea,silvermoon,1361,paladin,retribution,114,60,54
Panthalassá,argent-dawn,1361,paladin,retribution,70,36,34
Викиллер,grom,1361,paladin,retribution,72,37,35
Pascual,magtheridon,1360,paladin,retribution,56,27,29
Paajaxd,drakthul,1360,paladin,retribution,48,22,26
Vorsip,tarren-mill,1360,paladin,retribution,42,19,23
Orzix,sylvanas,1359,paladin,retribution,53,30,23
Эзарх,gordunni,1359,paladin,retribution,58,29,29
Goosybumpy,draenor,1359,paladin,retribution,48,19,29
Кенториус,soulflayer,1358,paladin,retribution,78,48,30
Ayàhuazka,ysondre,1358,paladin,retribution,156,72,84
Revinox,silvermoon,1356,paladin,retribution,59,35,24
Дджаб,booty-bay,1355,paladin,retribution,109,51,58
Holyblast,shattered-hand,1354,paladin,retribution,45,29,16
Гучив,howling-fjord,1354,paladin,retribution,48,27,21
Apolomaeuz,blackhand,1354,paladin,retribution,36,20,16
Âlßêdø,silvermoon,1354,paladin,retribution,84,43,41
Bloodlord,twisting-nether,1354,paladin,retribution,67,30,37
Càrláßrùní,hyjal,1353,paladin,retribution,42,25,17
Ludø,ysondre,1353,paladin,retribution,68,36,32
Aasimar,twilights-hammer,1353,paladin,retribution,254,129,125
Mughena,kazzak,1353,paladin,retribution,54,27,27
Brightening,kazzak,1353,paladin,retribution,96,46,50
Lukinio,silvermoon,1353,paladin,retribution,139,65,74
Tríbunus,blackmoore,1352,paladin,retribution,37,19,18
Ahnaa,argent-dawn,1352,paladin,retribution,160,81,79
Gõm,aegwynn,1352,paladin,retribution,33,15,18
Илюшагодх,gordunni,1351,paladin,retribution,60,32,28
Lilles,argent-dawn,1351,paladin,retribution,42,21,21
Pastaflwras,twisting-nether,1351,paladin,retribution,32,16,16
Tomkü,burning-legion,1351,paladin,retribution,57,25,32
Perrinaybull,magtheridon,1351,paladin,retribution,56,23,33
Iamnami,earthen-ring,1351,paladin,retribution,58,23,35
Horgar,nagrand,1350,paladin,retribution,124,61,63
Светонносец,gordunni,1350,paladin,retribution,191,89,102
Troublebuble,silvermoon,1350,paladin,retribution,68,30,38
Elaidja,illidan,1350,paladin,retribution,48,20,28
Sukinsin,aegwynn,1350,paladin,retribution,37,15,22
Æïs,blackrock,1349,paladin,retribution,31,19,12
Thyalon,ragnaros,1349,paladin,retribution,96,52,44
Muradun,aegwynn,1349,paladin,retribution,48,24,24
Icearth,pozzo-delleternità,1349,paladin,retribution,269,134,135
Chimurei,silvermoon,1349,paladin,retribution,83,40,43
Enanon,zuljin,1347,paladin,retribution,32,15,17
Uragan,blackmoore,1346,paladin,retribution,110,57,53
Benno,dun-modr,1346,paladin,retribution,139,62,77
Tønyx,les-clairvoyants,1346,paladin,retribution,38,16,22
Sheaps,les-sentinelles,1346,paladin,retribution,36,15,21
Zeyz,defias-brotherhood,1345,paladin,retribution,78,39,39
Gojesi,silvermoon,1345,paladin,retribution,117,54,63
Ljusbågen,silvermoon,1344,paladin,retribution,34,18,16
Suge,azjolnerub,1344,paladin,retribution,58,29,29
Hèmera,archimonde,1344,paladin,retribution,30,15,15
Budweison,silvermoon,1344,paladin,retribution,54,22,32
Anatollia,silvermoon,1343,paladin,retribution,24,14,10
Бэдбой,howling-fjord,1343,paladin,retribution,102,49,53
Ixøne,kazzak,1343,paladin,retribution,30,14,16
Prosteprazak,ragnaros,1343,paladin,retribution,45,20,25
Djmontana,archimonde,1343,paladin,retribution,36,14,22
Защешот,gordunni,1343,paladin,retribution,36,14,22
Artplex,ravencrest,1342,paladin,retribution,93,55,38
Хен,blackscar,1342,paladin,retribution,92,49,43
Evölution,frostmane,1342,paladin,retribution,36,14,22
Hislifelmao,kazzak,1342,paladin,retribution,36,14,22
Израф,borean-tundra,1342,paladin,retribution,36,14,22
Yuopps,draenor,1341,paladin,retribution,36,19,17
Нажим,howling-fjord,1341,paladin,retribution,126,65,61
Белкоксю,booty-bay,1341,paladin,retribution,120,57,63
Chocbear,tarren-mill,1341,paladin,retribution,30,14,16
Тайронх,soulflayer,1341,paladin,retribution,30,14,16
Alus,blackmoore,1341,paladin,retribution,42,16,26
Brölin,sanguino,1340,paladin,retribution,48,22,26
Беймикс,gordunni,1339,paladin,retribution,102,52,50
Dwangl,silvermoon,1339,paladin,retribution,36,18,18
Adnachiel,blackhand,1339,paladin,retribution,61,30,31
Balthassar,kirin-tor,1339,paladin,retribution,149,72,77
Destya,eredar,1339,paladin,retribution,36,14,22
Платинум,blackscar,1339,paladin,retribution,36,14,22
Aryza,hellfire,1338,paladin,retribution,57,29,28
Kaní,eredar,1338,paladin,retribution,36,14,22
Screâm,eredar,1338,paladin,retribution,42,14,28
Mendril,malorne,1337,paladin,retribution,42,27,15
Vâskt,dun-modr,1337,paladin,retribution,255,129,126
Ahzut,rashgarroth,1337,paladin,retribution,30,15,15
Mezø,silvermoon,1337,paladin,retribution,36,14,22
Lightmyst,outland,1336,paladin,retribution,24,14,10
Toschapala,blackmoore,1336,paladin,retribution,24,14,10
Töphuria,silvermoon,1336,paladin,retribution,89,44,45
Aury,mannoroth,1335,paladin,retribution,48,27,21
Sickbolt,eredar,1335,paladin,retribution,119,60,59
Azaël,illidan,1335,paladin,retribution,46,22,24
Arkura,nozdormu,1334,paladin,retribution,30,18,12
Zipoohun,arathor,1334,paladin,retribution,97,52,45
Serkunkoira,emeriss,1334,paladin,retribution,36,19,17
Кранштейн,gordunni,1334,paladin,retribution,36,17,19
Легейнда,soulflayer,1334,paladin,retribution,30,14,16
Vaníos,nazjatar,1333,paladin,retribution,34,19,15
Tomiris,twisting-nether,1333,paladin,retribution,59,29,30
Víii,outland,1332,paladin,retribution,73,33,40
Lightsguard,outland,1331,paladin,retribution,24,14,10
Judgemented,turalyon,1331,paladin,retribution,146,75,71
Deresos,anetheron,1331,paladin,retribution,36,14,22
Негропаладин,soulflayer,1330,paladin,retribution,26,15,11
Amnell,marécage-de-zangar,1330,paladin,retribution,77,37,40
Wøømy,hyjal,1330,paladin,retribution,82,37,45
Lightheartx,argent-dawn,1330,paladin,retribution,67,28,39
Santafuu,blackhand,1330,paladin,retribution,53,22,31
Imoss,hyjal,1329,paladin,retribution,36,22,14
Hisblade,emerald-dream,1329,paladin,retribution,57,30,27
Blubbajoe,blackmoore,1329,paladin,retribution,36,15,21
Ædrenn,archimonde,1329,paladin,retribution,42,14,28
Egx,draenor,1328,paladin,retribution,36,15,21
Эррор,azuregos,1327,paladin,retribution,30,17,13
Ханпаладин,howling-fjord,1327,paladin,retribution,66,37,29
Jagen,tyrande,1327,paladin,retribution,81,41,40
Paliax,outland,1327,paladin,retribution,30,14,16
Shtaladin,sylvanas,1327,paladin,retribution,158,72,86
Vhredny,burning-legion,1326,paladin,retribution,42,22,20
Uweósas,aegwynn,1326,paladin,retribution,66,28,38
Milojcica,kazzak,1325,paladin,retribution,22,15,7
Jebenatreba,sporeggar,1325,paladin,retribution,41,21,20
Jac,nemesis,1325,paladin,retribution,235,112,123
Greyeyed,kazzak,1325,paladin,retribution,56,25,31
Arthuriân,outland,1325,paladin,retribution,48,21,27
Бигшор,soulflayer,1325,paladin,retribution,36,14,22
Hegazy,darkmoon-faire,1325,paladin,retribution,66,23,43
Funchö,grim-batol,1325,paladin,retribution,44,14,30
Xinti,silvermoon,1324,paladin,retribution,23,14,9
Enriel,temple-noir,1324,paladin,retribution,30,16,14
Érléuchtas,kazzak,1324,paladin,retribution,58,30,28
Эйтэр,howling-fjord,1324,paladin,retribution,48,14,34
Ùthër,silvermoon,1323,paladin,retribution,81,41,40
Starr,confrérie-du-thorium,1323,paladin,retribution,44,20,24
Valaeryanae,nemesis,1323,paladin,retribution,62,28,34
Этокомедия,howling-fjord,1323,paladin,retribution,36,14,22
Thëone,exodar,1322,paladin,retribution,58,33,25
Lumosboy,archimonde,1322,paladin,retribution,27,15,12
Sienna,kazzak,1322,paladin,retribution,36,15,21
Mantinel,hellfire,1321,paladin,retribution,38,24,14
Shröömïë,silvermoon,1321,paladin,retribution,152,72,80
Nicolae,colinas-pardas,1321,paladin,retribution,71,31,40
Hagën,minahonda,1320,paladin,retribution,71,35,36
Sweetkick,archimonde,1320,paladin,retribution,30,14,16
Ironstealman,shattered-hand,1320,paladin,retribution,90,37,53
Lìdspridaren,xavius,1319,paladin,retribution,30,14,16
Kirlight,blackrock,1318,paladin,retribution,24,14,10
Авараан,galakrond,1318,paladin,retribution,36,14,22
Wankerjim,ghostlands,1318,paladin,retribution,42,14,28
Hemdâl,kirin-tor,1317,paladin,retribution,78,42,36
Gigap,ragnaros,1317,paladin,retribution,52,21,31
Эезекииль,howling-fjord,1316,paladin,retribution,106,57,49
Tidus,conseil-des-ombres,1316,paladin,retribution,72,35,37
Edwards,sanguino,1315,paladin,retribution,36,18,18
Tibiscovus,silvermoon,1315,paladin,retribution,53,24,29
Zerad,quelthalas,1315,paladin,retribution,104,36,68
Gaizilla,burning-blade,1314,paladin,retribution,57,33,24
Krullfar,ravencrest,1314,paladin,retribution,62,26,36
Irinor,rashgarroth,1313,paladin,retribution,54,29,25
Fishnchips,twisting-nether,1313,paladin,retribution,30,14,16
Дэвсон,greymane,1313,paladin,retribution,36,14,22
Mosih,bloodfeather,1312,paladin,retribution,97,59,38
Faventu,ragnaros,1312,paladin,retribution,36,21,15
Foxare,burning-legion,1312,paladin,retribution,53,29,24
Пепсекольный,soulflayer,1312,paladin,retribution,48,25,23
Мильфорд,eversong,1312,paladin,retribution,156,78,78
Demool,the-maelstrom,1312,paladin,retribution,59,26,33
Petitê,blackmoore,1310,paladin,retribution,119,65,54
Dàrkùsh,archimonde,1310,paladin,retribution,83,44,39
Fëanôr,tarren-mill,1310,paladin,retribution,368,194,174
Sparrda,dun-modr,1310,paladin,retribution,72,36,36
Арморих,gordunni,1310,paladin,retribution,28,14,14
Hogsy,malfurion,1310,paladin,retribution,90,42,48
Thebestpala,tarren-mill,1310,paladin,retribution,44,19,25
Нероблр,gordunni,1310,paladin,retribution,37,15,22
Doomsaw,alexstrasza,1309,paladin,retribution,20,15,5
Amberkå,burning-legion,1309,paladin,retribution,30,16,14
Nardindindou,ysondre,1309,paladin,retribution,170,86,84
Варасса,grom,1309,paladin,retribution,48,22,26
Øsgar,dun-modr,1309,paladin,retribution,37,14,23
Myralions,burning-legion,1307,paladin,retribution,47,32,15
Saró,ravencrest,1307,paladin,retribution,41,22,19
Цвандр,gordunni,1307,paladin,retribution,146,74,72
Erin,wildhammer,1307,paladin,retribution,56,28,28
Jelcz,burning-legion,1307,paladin,retribution,48,23,25
Ryozupala,frostwolf,1306,paladin,retribution,24,15,9
Молотоборец,gordunni,1306,paladin,retribution,110,60,50
Hypothalamus,silvermoon,1306,paladin,retribution,66,36,30
Kaizêr,silvermoon,1306,paladin,retribution,97,46,51
Miqee,burning-legion,1306,paladin,retribution,75,35,40
Palangel,eldrethalas,1306,paladin,retribution,132,61,71
Nëphilim,arakarahm,1306,paladin,retribution,42,18,24
Émilia,frostwolf,1306,paladin,retribution,58,23,35
Боевикс,ashenvale,1305,paladin,retribution,54,28,26
Celsia,blackrock,1304,paladin,retribution,30,16,14
Forneus,nemesis,1304,paladin,retribution,138,73,65
Købìtø,archimonde,1304,paladin,retribution,88,41,47
Klittsurf,bloodhoof,1303,paladin,retribution,78,45,33
Skrýmir,marécage-de-zangar,1303,paladin,retribution,30,16,14
Ôrus,minahonda,1303,paladin,retribution,63,27,36
Nazdarvole,drakthul,1302,paladin,retribution,110,58,52
Лейфи,howling-fjord,1300,paladin,retribution,54,27,27
Prínce,blackmoore,1300,paladin,retribution,56,26,30
Nelasson,eredar,1299,paladin,retribution,32,18,14
Darhuun,antonidas,1299,paladin,retribution,99,47,52
Shiëld,khaz-modan,1299,paladin,retribution,42,15,27
Gustavus,emeriss,1299,paladin,retribution,46,16,30
Jackypala,ravencrest,1298,paladin,retribution,48,25,23
Эльбабло,lich-king,1298,paladin,retribution,51,25,26
Timôro,archimonde,1298,paladin,retribution,78,36,42
Маразоточка,howling-fjord,1298,paladin,retribution,59,26,33
Daminika,das-syndikat,1298,paladin,retribution,54,22,32
Truezero,draenor,1297,paladin,retribution,42,23,19
Artorya,outland,1297,paladin,retribution,36,17,19
Rothmans,aggra-português,1296,paladin,retribution,65,34,31
Sylazz,blackrock,1296,paladin,retribution,253,127,126
Ретриванлав,gordunni,1296,paladin,retribution,72,24,48
Тэмплари,galakrond,1295,paladin,retribution,111,56,55
Zoomzoom,sylvanas,1295,paladin,retribution,69,33,36
Raweo,kilrogg,1294,paladin,retribution,78,47,31
Iqso,argent-dawn,1294,paladin,retribution,30,16,14
Olaghkan,dun-modr,1294,paladin,retribution,56,27,29
Teliriyon,blackrock,1294,paladin,retribution,44,19,25
Plésmo,blackmoore,1293,paladin,retribution,53,27,26
Bettemý,tarren-mill,1292,paladin,retribution,24,15,9
Bonzai,blackrock,1292,paladin,retribution,201,99,102
Тайела,gordunni,1292,paladin,retribution,52,21,31
Tembe,draenor,1292,paladin,retribution,35,14,21
Baxteria,dun-modr,1291,paladin,retribution,84,36,48
Масачусетсс,gordunni,1290,paladin,retribution,84,44,40
Goatti,lightnings-blade,1290,paladin,retribution,53,26,27
Nobo,hellfire,1290,paladin,retribution,35,14,21
Ahramanyu,blackrock,1289,paladin,retribution,48,23,25
Owiganowi,ulduar,1288,paladin,retribution,54,32,22
Fredas,hyjal,1288,paladin,retribution,103,50,53
Парсефон,soulflayer,1287,paladin,retribution,30,17,13
Чотут,howling-fjord,1287,paladin,retribution,54,22,32
Reticles,ravencrest,1286,paladin,retribution,47,21,26
Святорусс,gordunni,1286,paladin,retribution,142,61,81
Proteiin,drakthul,1285,paladin,retribution,30,17,13
Wtfudo,sylvanas,1285,paladin,retribution,35,18,17
Valoren,todeswache,1285,paladin,retribution,35,17,18
Blessmedaddy,tarren-mill,1285,paladin,retribution,70,33,37
Assyr,blackmoore,1284,paladin,retribution,71,36,35
Dayr,sylvanas,1284,paladin,retribution,63,30,33
Anndersen,aszune,1284,paladin,retribution,36,17,19
Armani,ysera,1283,paladin,retribution,36,19,17
Yrgin,ravencrest,1283,paladin,retribution,251,126,125
Holylimx,draenor,1283,paladin,retribution,114,56,58
Derian,antonidas,1283,paladin,retribution,60,25,35
Eagleone,shattrath,1282,paladin,retribution,80,40,40
Palantex,drakthul,1282,paladin,retribution,132,59,73
Aipal,silvermoon,1282,paladin,retribution,36,14,22
Bärghest,sanguino,1281,paladin,retribution,60,36,24
Línke,sanguino,1281,paladin,retribution,102,58,44
Азов,thermaplugg,1281,paladin,retribution,29,14,15
Ковбаскаа,gordunni,1281,paladin,retribution,32,15,17
Vvaarok,blackmoore,1281,paladin,retribution,83,35,48
Mootaindew,tarren-mill,1280,paladin,retribution,54,34,20
Logossh,dun-modr,1280,paladin,retribution,26,16,10
Patriok,moonglade,1280,paladin,retribution,30,18,12
Snobypala,onyxia,1280,paladin,retribution,73,36,37
Bjoorrn,hyjal,1280,paladin,retribution,31,15,16
Enary,zuljin,1280,paladin,retribution,44,20,24
Dieversity,stormscale,1280,paladin,retribution,41,16,25
Mindoxlawlz,sanguino,1279,paladin,retribution,60,25,35
Shädyss,hyjal,1278,paladin,retribution,129,67,62
Khrotos,draenor,1278,paladin,retribution,126,64,62
Takaret,hyjal,1278,paladin,retribution,201,96,105
Furmund,stormscale,1277,paladin,retribution,44,25,19
Algoric,suramar,1277,paladin,retribution,78,29,49
Karnage,zenedar,1276,paladin,retribution,121,61,60
Zulem,grim-batol,1276,paladin,retribution,36,17,19
Ïnata,khaz-modan,1276,paladin,retribution,50,22,28
Snowydin,tarren-mill,1275,paladin,retribution,36,22,14
Palabido,nemesis,1275,paladin,retribution,457,224,233
Aegend,antonidas,1275,paladin,retribution,169,79,90
Paladiodinos,hyjal,1275,paladin,retribution,48,20,28
Gavril,bloodfeather,1274,paladin,retribution,132,63,69
Kaljir,archimonde,1272,paladin,retribution,27,15,12
Ocgynle,alonsus,1272,paladin,retribution,280,147,133
Миссйеллоу,gordunni,1272,paladin,retribution,29,14,15
Palladia,rexxar,1272,paladin,retribution,42,16,26
Lightmonger,drakthul,1271,paladin,retribution,30,17,13
Angarx,draenor,1271,paladin,retribution,145,72,73
Hammexõr,sylvanas,1271,paladin,retribution,87,39,48
Hellschwert,hyjal,1270,paladin,retribution,36,15,21
Zâre,sanguino,1269,paladin,retribution,151,75,76
Gotra,stormscale,1268,paladin,retribution,57,25,32
Айронс,ashenvale,1267,paladin,retribution,42,27,15
Перизкопец,gordunni,1267,paladin,retribution,32,17,15
Auditõr,argent-dawn,1267,paladin,retribution,85,32,53
Флаила,ashenvale,1266,paladin,retribution,101,53,48
Cästiël,arathor,1266,paladin,retribution,131,66,65
Antón,dun-modr,1266,paladin,retribution,36,16,20
Servius,ragnaros,1266,paladin,retribution,65,28,37
Syng,garona,1265,paladin,retribution,42,18,24
Spizz,dun-modr,1265,paladin,retribution,36,14,22
Nykothpn,ghostlands,1264,paladin,retribution,29,24,5
Exley,blackmoore,1263,paladin,retribution,22,14,8
Sufrion,outland,1263,paladin,retribution,81,42,39
Кс,greymane,1263,paladin,retribution,54,27,27
Holycow,temple-noir,1263,paladin,retribution,66,22,44
Kanot,outland,1262,paladin,retribution,72,43,29
Valpen,veknilash,1262,paladin,retribution,48,25,23
Belight,burning-legion,1262,paladin,retribution,93,36,57
Stepamusicz,stormreaver,1261,paladin,retribution,72,39,33
Shuler,silvermoon,1260,paladin,retribution,106,58,48
Questos,burning-legion,1259,paladin,retribution,81,48,33
Gaab,aggra-português,1259,paladin,retribution,148,74,74
Soulglo,ragnaros,1259,paladin,retribution,72,29,43
Émøùki,dalaran,1258,paladin,retribution,41,19,22
Ventsi,kazzak,1257,paladin,retribution,290,147,143
Alexii,azjolnerub,1257,paladin,retribution,42,18,24
Viiri,burning-legion,1256,paladin,retribution,113,59,54
Palaur,silvermoon,1256,paladin,retribution,42,15,27
Хэппипала,soulflayer,1255,paladin,retribution,25,14,11
Seigi,tarren-mill,1255,paladin,retribution,68,35,33
Carpetcummer,ravencrest,1255,paladin,retribution,36,15,21
Руказакона,deathguard,1255,paladin,retribution,121,50,71
Bitether,burning-legion,1254,paladin,retribution,36,17,19
Миоцуки,gordunni,1254,paladin,retribution,82,37,45
Faithsmemory,silvermoon,1254,paladin,retribution,74,31,43
Matuth,arthas,1254,paladin,retribution,45,17,28
Asorte,chants-éternels,1253,paladin,retribution,126,55,71
Sherulz,sylvanas,1252,paladin,retribution,42,25,17
Hekta,wildhammer,1252,paladin,retribution,54,26,28
Hollylady,outland,1251,paladin,retribution,42,25,17
Shorella,malganis,1251,paladin,retribution,59,33,26
Troj,ahnqiraj,1251,paladin,retribution,95,51,44
Pytha,nozdormu,1251,paladin,retribution,136,73,63
Edyk,silvermoon,1250,paladin,retribution,125,68,57
Holyreckonin,silvermoon,1250,paladin,retribution,125,65,60
Trollarage,confrérie-du-thorium,1250,paladin,retribution,78,39,39
Kyríé,tarren-mill,1250,paladin,retribution,30,14,16
Snottybrat,draenor,1249,paladin,retribution,86,45,41
Barqin,ragnaros,1249,paladin,retribution,55,27,28
Galodina,blackmoore,1248,paladin,retribution,29,16,13
Swagged,kazzak,1248,paladin,retribution,58,28,30
Elení,thrall,1248,paladin,retribution,43,16,27
Retdream,nemesis,1247,paladin,retribution,18,13,5
Kaedena,kaelthas,1247,paladin,retribution,48,27,21
Nissesolsken,outland,1247,paladin,retribution,24,13,11
Xanrian,kazzak,1247,paladin,retribution,24,13,11
Liadrineá,burning-blade,1247,paladin,retribution,24,13,11
Gonhilda,kazzak,1247,paladin,retribution,54,27,27
Leyawin,sanguino,1247,paladin,retribution,48,24,24
Lagaminë,dalaran,1247,paladin,retribution,117,57,60
Leelemon,frostmane,1247,paladin,retribution,38,17,21
Umirinbruv,zenedar,1247,paladin,retribution,36,13,23
Нурти,gordunni,1246,paladin,retribution,18,13,5
Taeran,dun-modr,1246,paladin,retribution,24,13,11
Luckyman,aszune,1246,paladin,retribution,24,13,11
Mooriel,burning-legion,1246,paladin,retribution,27,14,13
Murodin,twisting-nether,1246,paladin,retribution,30,13,17
Danrock,ravencrest,1246,paladin,retribution,30,13,17
Belldog,tarren-mill,1246,paladin,retribution,66,28,38
Lightstorm,voljin,1246,paladin,retribution,36,13,23
Daddyret,ravencrest,1245,paladin,retribution,18,13,5
Noxaer,archimonde,1245,paladin,retribution,18,13,5
Cinderlight,aszune,1245,paladin,retribution,42,25,17
Заххо,howling-fjord,1245,paladin,retribution,24,13,11
Kerchal,dalaran,1245,paladin,retribution,30,14,16
Gromzed,ravencrest,1245,paladin,retribution,30,13,17
Crawladin,eonar,1245,paladin,retribution,100,42,58
Néméssisx,ravencrest,1245,paladin,retribution,36,13,23
Anamary,ravencrest,1244,paladin,retribution,87,46,41
Deathzinger,aszune,1244,paladin,retribution,84,40,44
Gulyas,tarren-mill,1244,paladin,retribution,30,13,17
Marthawise,eredar,1244,paladin,retribution,30,13,17
Proxidus,blackmoore,1244,paladin,retribution,41,16,25
Mattüsälëmm,sanguino,1242,paladin,retribution,33,22,11
Lonesoul,tarren-mill,1242,paladin,retribution,24,13,11
Juicyhammers,ragnaros,1242,paladin,retribution,24,13,11
Sileria,kazzak,1242,paladin,retribution,30,13,17
Círuq,eredar,1242,paladin,retribution,30,13,17
Helmed,tarren-mill,1241,paladin,retribution,63,35,28
Blessedpapi,draenor,1241,paladin,retribution,24,13,11
Naenel,dun-modr,1241,paladin,retribution,30,13,17
Rangorian,defias-brotherhood,1241,paladin,retribution,36,15,21
Lightsbreath,ragnaros,1240,paladin,retribution,24,13,11
Депреседмодх,soulflayer,1240,paladin,retribution,66,34,32
Рашенс,gordunni,1240,paladin,retribution,96,42,54
Hydrolic,blackrock,1240,paladin,retribution,30,13,17
Marnaø,ysondre,1240,paladin,retribution,38,16,22
Jdizzy,tarren-mill,1239,paladin,retribution,24,13,11
Carï,ravencrest,1239,paladin,retribution,48,13,35
Yunax,silvermoon,1238,paladin,retribution,70,36,34
Methires,burning-legion,1238,paladin,retribution,89,45,44
Crooswijk,doomhammer,1238,paladin,retribution,34,14,20
Purjolöken,tarren-mill,1238,paladin,retribution,44,18,26
Nála,boulderfist,1237,paladin,retribution,147,84,63
Файнпал,howling-fjord,1237,paladin,retribution,24,13,11
Talyâh,dalaran,1237,paladin,retribution,24,13,11
Кэшбэкер,fordragon,1237,paladin,retribution,42,21,21
Powericius,drakthul,1237,paladin,retribution,30,13,17
Sházen,silvermoon,1237,paladin,retribution,30,13,17
Ulderoth,dun-modr,1237,paladin,retribution,74,32,42
Æe,blackmoore,1236,paladin,retribution,37,22,15
Zhroomxx,blackmoore,1236,paladin,retribution,24,13,11
Thyrna,alleria,1236,paladin,retribution,26,14,12
Olwie,argent-dawn,1235,paladin,retribution,29,16,13
Sorciex,blackmoore,1235,paladin,retribution,24,13,11
Khaelor,frostwolf,1235,paladin,retribution,24,13,11
Ландри,greymane,1235,paladin,retribution,24,13,11
Nevermoore,doomhammer,1235,paladin,retribution,69,30,39
Lewp,tarren-mill,1234,paladin,retribution,18,13,5
Delishious,twisting-nether,1234,paladin,retribution,18,13,5
Bashanger,boulderfist,1234,paladin,retribution,24,13,11
Anatorka,drakthul,1234,paladin,retribution,78,39,39
Bulle,the-venture-co,1234,paladin,retribution,30,15,15
Angrykorean,blackmoore,1234,paladin,retribution,82,38,44
Gerin,ulduar,1234,paladin,retribution,48,21,27
Bullight,archimonde,1234,paladin,retribution,30,13,17
Skénder,kazzak,1234,paladin,retribution,78,29,49
Bubbloseven,archimonde,1233,paladin,retribution,24,13,11
Liardin,draenor,1233,paladin,retribution,30,14,16
Jerremia,silvermoon,1233,paladin,retribution,30,13,17
Mathrixo,silvermoon,1233,paladin,retribution,36,13,23
Lightppl,outland,1232,paladin,retribution,119,60,59
Zhaz,blackmoore,1232,paladin,retribution,84,38,46
Sødaz,hyjal,1231,paladin,retribution,114,52,62
Ruben,kirin-tor,1231,paladin,retribution,30,13,17
Reinas,sanguino,1231,paladin,retribution,30,13,17
Liana,alexstrasza,1231,paladin,retribution,42,16,26
Мистерху,gordunni,1230,paladin,retribution,172,88,84
Thoorval,silvermoon,1229,paladin,retribution,64,30,34
Palafurax,hyjal,1229,paladin,retribution,36,16,20
Methiv,magtheridon,1229,paladin,retribution,30,13,17
Wtyou,blackhand,1228,paladin,retribution,18,13,5
Наваляка,deathguard,1228,paladin,retribution,24,13,11
Uthelf,ragnaros,1228,paladin,retribution,36,16,20
Walorez,ragnaros,1227,paladin,retribution,23,13,10
Tillak,draenor,1227,paladin,retribution,24,13,11
Nishe,earthen-ring,1226,paladin,retribution,24,13,11
Tripani,twisting-nether,1226,paladin,retribution,54,29,25
Paraðox,ysondre,1226,paladin,retribution,30,13,17
Wumbo,sinstralis,1225,paladin,retribution,54,28,26
Atomicbubble,balnazzar,1225,paladin,retribution,54,26,28
Рионор,soulflayer,1225,paladin,retribution,42,20,22
Ðarkjøjø,hyjal,1224,paladin,retribution,36,17,19
Greald,argent-dawn,1224,paladin,retribution,98,46,52
Крусейд,deathguard,1224,paladin,retribution,101,47,54
Toruk,burning-legion,1224,paladin,retribution,33,15,18
Bootybanger,thrall,1223,paladin,retribution,24,13,11
Cyclope,frostmane,1223,paladin,retribution,100,45,55
Patsani,twilights-hammer,1222,paladin,retribution,56,32,24
Lóyal,kazzak,1222,paladin,retribution,24,13,11
Watie,thunderhorn,1222,paladin,retribution,58,31,27
Ратомир,howling-fjord,1222,paladin,retribution,65,32,33
Aikm,tarren-mill,1222,paladin,retribution,80,37,43
Mirauda,nemesis,1222,paladin,retribution,112,48,64
Åriel,uldum,1222,paladin,retribution,32,13,19
Schaaboowyy,burning-legion,1221,paladin,retribution,25,13,12
Velkar,frostmane,1221,paladin,retribution,56,29,27
Steakenstein,nathrezim,1221,paladin,retribution,137,68,69
Keith,dragonmaw,1221,paladin,retribution,54,24,30
Stahlmann,argent-dawn,1221,paladin,retribution,48,21,27
Trefata,kazzak,1221,paladin,retribution,35,13,22
Larialaya,thrall,1221,paladin,retribution,42,15,27
Энилейт,lich-king,1220,paladin,retribution,70,44,26
Öwai,dun-modr,1220,paladin,retribution,53,31,22
Keol,sanguino,1220,paladin,retribution,37,19,18
Hornox,ragnaros,1220,paladin,retribution,71,34,37
Акерсарин,gordunni,1219,paladin,retribution,43,24,19
Yanisx,burning-legion,1219,paladin,retribution,58,28,30
Dinøx,archimonde,1218,paladin,retribution,152,73,79
Tpaktopuct,kazzak,1218,paladin,retribution,38,17,21
Ziggyz,kul-tiras,1217,paladin,retribution,37,19,18
Alvagur,zirkel-des-cenarius,1217,paladin,retribution,55,28,27
Gatsßy,archimonde,1217,paladin,retribution,36,16,20
Boaz,norgannon,1217,paladin,retribution,36,14,22
Гацкан,gordunni,1216,paladin,retribution,40,21,19
Авроравайт,gordunni,1215,paladin,retribution,88,51,37
Clementine,spinebreaker,1215,paladin,retribution,35,14,21
Гарраж,howling-fjord,1215,paladin,retribution,36,14,22
Бьюттасттл,howling-fjord,1215,paladin,retribution,35,13,22
Rilledread,stormscale,1214,paladin,retribution,114,57,57
Myradur,burning-legion,1214,paladin,retribution,30,15,15
Джагашарага,soulflayer,1214,paladin,retribution,29,13,16
Doban,shattered-hand,1213,paladin,retribution,51,31,20
Ghallandre,khaz-modan,1213,paladin,retribution,48,25,23
Platanid,doomhammer,1210,paladin,retribution,62,35,27
Ayoitsme,twisting-nether,1210,paladin,retribution,30,15,15
Princépretty,frostwolf,1210,paladin,retribution,121,52,69
Лурири,gordunni,1209,paladin,retribution,18,13,5
Sunsaiy,doomhammer,1209,paladin,retribution,140,77,63
Retribuser,tarren-mill,1208,paladin,retribution,24,14,10
Lynaé,blackhand,1208,paladin,retribution,25,13,12
Yasfy,stormscale,1208,paladin,retribution,36,13,23
Didtaras,terokkar,1208,paladin,retribution,42,13,29
Mystíque,die-todeskrallen,1207,paladin,retribution,89,49,40
Kýrp,stormreaver,1207,paladin,retribution,43,16,27
Diøstemplar,dun-modr,1206,paladin,retribution,70,36,34
Joelosteen,neptulon,1206,paladin,retribution,99,50,49
Mírato,blackhand,1205,paladin,retribution,69,37,32
Aleksandor,kazzak,1203,paladin,retribution,42,23,19
Taylerr,drakthul,1203,paladin,retribution,24,13,11
Jamdog,sylvanas,1203,paladin,retribution,30,13,17
Ликанн,soulflayer,1203,paladin,retribution,104,44,60
Thorold,earthen-ring,1202,paladin,retribution,63,36,27
Lightstormi,norgannon,1202,paladin,retribution,101,54,47
Ramsay,arthas,1201,paladin,retribution,61,31,30
Deyvan,dalaran,1201,paladin,retribution,36,17,19
Sinnerknight,silvermoon,1201,paladin,retribution,38,17,21
Allucere,blackmoore,1201,paladin,retribution,70,30,40
Кетран,howling-fjord,1201,paladin,retribution,67,27,40
Rayshield,tarren-mill,1200,paladin,retribution,53,28,25
Windîr,draenor,1200,paladin,retribution,41,21,20
Saraanneline,tarren-mill,1200,paladin,retribution,29,13,16
Pitusá,dun-modr,1200,paladin,retribution,90,38,52
Kóternoga,burning-legion,1200,paladin,retribution,54,19,35
Unboostable,archimonde,1199,paladin,retribution,66,33,33
Qzoveca,steamwheedle-cartel,1199,paladin,retribution,78,28,50
Flashyplays,silvermoon,1197,paladin,retribution,24,16,8
Rokaur,ragnaros,1197,paladin,retribution,36,13,23
Freyjä,turalyon,1195,paladin,retribution,180,86,94
Davairabotai,kazzak,1195,paladin,retribution,32,14,18
Ustex,argent-dawn,1195,paladin,retribution,35,13,22
Siuras,blackmoore,1194,paladin,retribution,23,13,10
Leith,neptulon,1194,paladin,retribution,82,40,42
Fintros,silvermoon,1193,paladin,retribution,42,17,25
Bucaxin,cthun,1192,paladin,retribution,24,14,10
Vhalkur,dun-modr,1192,paladin,retribution,25,14,11
Ènyalius,silvermoon,1190,paladin,retribution,36,14,22
Hïto,dun-modr,1189,paladin,retribution,24,14,10
Siphi,frostwolf,1189,paladin,retribution,52,20,32
Morrpheus,darkspear,1188,paladin,retribution,24,14,10
Ararion,tarren-mill,1188,paladin,retribution,30,14,16
Блэквилл,howling-fjord,1188,paladin,retribution,155,71,84
Fatique,twisting-nether,1187,paladin,retribution,90,49,41
Merkurial,sylvanas,1187,paladin,retribution,24,13,11
Spánkit,stormscale,1187,paladin,retribution,44,20,24
Baddibubble,argent-dawn,1186,paladin,retribution,34,19,15
Зольвинталь,deathguard,1186,paladin,retribution,27,13,14
Malodos,archimonde,1184,paladin,retribution,23,13,10
Mma,sylvanas,1184,paladin,retribution,97,47,50
Pianiste,sinstralis,1184,paladin,retribution,30,13,17
Palantyna,kazzak,1183,paladin,retribution,41,16,25
Nözderg,archimonde,1183,paladin,retribution,36,14,22
Groelin,frostmane,1182,paladin,retribution,122,59,63
Perfectum,burning-legion,1182,paladin,retribution,28,13,15
Moløk,ysondre,1181,paladin,retribution,113,54,59
Hàppy,malfurion,1180,paladin,retribution,35,14,21
Bierkapítän,blackrock,1179,paladin,retribution,24,17,7
Trainingdumy,aszune,1179,paladin,retribution,30,16,14
Deldrina,nozdormu,1178,paladin,retribution,54,21,33
Ylvannka,blackmoore,1177,paladin,retribution,48,23,25
Nauriell,blackmoore,1176,paladin,retribution,24,16,8
Calìa,hyjal,1176,paladin,retribution,59,25,34
Сапфирия,galakrond,1176,paladin,retribution,60,24,36
Teogrim,blackmoore,1175,paladin,retribution,84,44,40
Zvirblis,chamber-of-aspects,1173,paladin,retribution,57,28,29
Cigyal,hyjal,1172,paladin,retribution,66,35,31
Ночнаябуря,gordunni,1172,paladin,retribution,54,26,28
Herrod,hyjal,1172,paladin,retribution,32,13,19
Каридин,galakrond,1172,paladin,retribution,42,13,29
Beefix,blackmoore,1171,paladin,retribution,36,21,15
Ilanyll,silvermoon,1171,paladin,retribution,30,16,14
Æternäl,arathor,1170,paladin,retribution,90,42,48
Servillo,outland,1170,paladin,retribution,60,23,37
Powerphally,outland,1170,paladin,retribution,37,14,23
Valaudu,stormscale,1169,paladin,retribution,23,13,10
Epoke,archimonde,1169,paladin,retribution,96,46,50
Kurtjosef,draenor,1169,paladin,retribution,54,21,33
Janky,draenor,1169,paladin,retribution,54,20,34
Vell,bronze-dragonflight,1168,paladin,retribution,23,13,10
Paillasson,nerzhul,1167,paladin,retribution,52,31,21
Duris,drakthul,1167,paladin,retribution,30,15,15
Lumino,twilights-hammer,1167,paladin,retribution,59,26,33
Luridity,argent-dawn,1166,paladin,retribution,60,22,38
Palitard,turalyon,1165,paladin,retribution,101,53,48
Øybiornz,stormscale,1164,paladin,retribution,42,23,19
Knoppix,antonidas,1164,paladin,retribution,48,19,29
Ønyxqt,archimonde,1163,paladin,retribution,23,14,9
Cpsuper,azuremyst,1163,paladin,retribution,36,20,16
Sertoli,frostwhisper,1163,paladin,retribution,54,26,28
Orseis,anubarak,1163,paladin,retribution,100,43,57
Janie,dalaran,1162,paladin,retribution,39,22,17
Baldarlyset,tarren-mill,1162,paladin,retribution,51,17,34
Таурмакус,howling-fjord,1161,paladin,retribution,54,25,29
Holybubo,tarren-mill,1160,paladin,retribution,72,37,35
Zelphyr,pozzo-delleternità,1159,paladin,retribution,68,40,28
Ragnarük,khaz-modan,1159,paladin,retribution,78,35,43
Judgement,quelthalas,1158,paladin,retribution,30,20,10
Ункаль,ashenvale,1158,paladin,retribution,229,110,119
Altrazel,archimonde,1158,paladin,retribution,32,15,17
Pery,malganis,1157,paladin,retribution,48,28,20
Gryan,stormscale,1157,paladin,retribution,35,16,19
Ahreesh,blackrock,1157,paladin,retribution,30,13,17
Messîah,outland,1156,paladin,retribution,218,112,106
Tressah,silvermoon,1154,paladin,retribution,120,60,60
Адептустер,gordunni,1154,paladin,retribution,44,21,23
Neytana,blackmoore,1154,paladin,retribution,74,34,40
Conserva,jaedenar,1153,paladin,retribution,70,37,33
Светлыйкит,blackscar,1153,paladin,retribution,84,41,43
Necorínex,silvermoon,1152,paladin,retribution,18,12,6
Noreturn,kazzak,1152,paladin,retribution,24,12,12
Kilô,sylvanas,1152,paladin,retribution,24,12,12
Rubína,aegwynn,1152,paladin,retribution,26,12,14
Bighugg,draenor,1152,paladin,retribution,30,12,18
Vorthir,khaz-modan,1151,paladin,retribution,32,16,16
Tdchopa,ravencrest,1151,paladin,retribution,24,12,12
Валандор,gordunni,1151,paladin,retribution,24,12,12
Fabsy,frostwolf,1151,paladin,retribution,24,12,12
Jaing,magtheridon,1151,paladin,retribution,24,12,12
Memeadinxx,ravencrest,1151,paladin,retribution,30,12,18
Rizzdaddy,outland,1151,paladin,retribution,30,12,18
Бэкворд,soulflayer,1151,paladin,retribution,30,12,18
Лаунесса,gordunni,1150,paladin,retribution,24,12,12
Navayo,frostmourne,1150,paladin,retribution,24,12,12
Kelaiah,argent-dawn,1150,paladin,retribution,24,12,12
Holzkern,blackmoore,1150,paladin,retribution,24,12,12
Herô,drakthul,1150,paladin,retribution,30,12,18
Sulask,argent-dawn,1150,paladin,retribution,30,12,18
Knusern,dunemaul,1150,paladin,retribution,30,12,18
Missoii,khaz-modan,1149,paladin,retribution,18,12,6
Eskanor,kilrogg,1149,paladin,retribution,18,12,6
Лайсен,gordunni,1149,paladin,retribution,42,22,20
Jkøø,sanguino,1149,paladin,retribution,24,12,12
Фантаззер,soulflayer,1149,paladin,retribution,24,12,12
Alersia,twisting-nether,1149,paladin,retribution,30,12,18
Lagrops,chants-éternels,1149,paladin,retribution,36,12,24
Redmoo,tarren-mill,1149,paladin,retribution,36,12,24
Mìssaahh,archimonde,1148,paladin,retribution,19,13,6
Badjake,stormscale,1148,paladin,retribution,18,12,6
Даракар,deathguard,1148,paladin,retribution,18,12,6
Spooder,xavius,1148,paladin,retribution,29,12,17
Annurra,quelthalas,1148,paladin,retribution,36,12,24
Themlstake,kazzak,1147,paladin,retribution,30,18,12
Paidien,twisting-nether,1147,paladin,retribution,23,12,11
Durnell,sylvanas,1147,paladin,retribution,24,12,12
Mythorpala,dun-modr,1147,paladin,retribution,36,12,24
Думклиф,gordunni,1147,paladin,retribution,36,12,24
Nebrii,doomhammer,1146,paladin,retribution,36,19,17
Judgedude,stormscale,1146,paladin,retribution,24,12,12
Иродиада,gordunni,1146,paladin,retribution,30,12,18
Teefex,stormscale,1145,paladin,retribution,21,13,8
Jeyløl,antonidas,1144,paladin,retribution,24,12,12
Retrystyle,ragnaros,1144,paladin,retribution,71,35,36
Westplays,turalyon,1144,paladin,retribution,55,27,28
Melnes,draenor,1144,paladin,retribution,35,17,18
Nwnwnwnwnwnw,blackrock,1144,paladin,retribution,48,19,29
Vetron,drakthul,1143,paladin,retribution,24,12,12
Eleiktra,suramar,1143,paladin,retribution,36,15,21
Aeyalana,ragnaros,1143,paladin,retribution,42,17,25
Xersys,draenor,1143,paladin,retribution,30,12,18
Sfantull,spinebreaker,1143,paladin,retribution,30,12,18
Bigdamjudge,argent-dawn,1142,paladin,retribution,18,12,6
Bjaï,hyjal,1142,paladin,retribution,30,12,18
Pelaghia,tarren-mill,1141,paladin,retribution,44,28,16
Eywinn,silvermoon,1141,paladin,retribution,30,12,18
Rinocerb,ravencrest,1141,paladin,retribution,36,12,24
Arkiol,marécage-de-zangar,1139,paladin,retribution,24,12,12
Snowlyi,stormscale,1139,paladin,retribution,30,12,18
Yúlía,ravencrest,1138,paladin,retribution,30,15,15
Diaéna,kirin-tor,1138,paladin,retribution,36,12,24
Summachos,kul-tiras,1137,paladin,retribution,39,20,19
Coralinê,sanguino,1137,paladin,retribution,24,12,12
Whiffy,silvermoon,1137,paladin,retribution,66,26,40
Lothacia,blackmoore,1136,paladin,retribution,24,12,12
Évert,twisting-nether,1135,paladin,retribution,18,12,6
Maýlin,das-konsortium,1134,paladin,retribution,24,12,12
Хампал,howling-fjord,1134,paladin,retribution,29,12,17
Pzdr,tarren-mill,1133,paladin,retribution,60,30,30
Veest,doomhammer,1133,paladin,retribution,24,12,12
Корсаро,deepholm,1133,paladin,retribution,113,54,59
Raptasenda,archimonde,1133,paladin,retribution,156,74,82
Iñgkara,tarren-mill,1133,paladin,retribution,35,13,22
Vrgingamer,kazzak,1133,paladin,retribution,60,21,39
Krïstâlùlz,archimonde,1132,paladin,retribution,64,33,31
Holycide,twisting-nether,1132,paladin,retribution,24,12,12
Agelmar,zuluhed,1132,paladin,retribution,27,13,14
Asshhbringer,burning-legion,1131,paladin,retribution,18,12,6
Tecknó,ragnaros,1131,paladin,retribution,24,12,12
Mimkoo,wildhammer,1130,paladin,retribution,27,16,11
Goldmamax,stormscale,1130,paladin,retribution,24,13,11
Flòope,destromath,1130,paladin,retribution,72,37,35
Jezrien,khazgoroth,1130,paladin,retribution,24,12,12
Пропала,greymane,1130,paladin,retribution,90,42,48
Asthellis,kazzak,1130,paladin,retribution,90,41,49
Rady,neptulon,1130,paladin,retribution,38,17,21
Kompot,dun-morogh,1128,paladin,retribution,24,12,12
Гервалт,blackscar,1128,paladin,retribution,30,12,18
Palahôlika,antonidas,1127,paladin,retribution,24,12,12
Bornir,khaz-modan,1125,paladin,retribution,83,35,48
Djpalacinka,drakthul,1125,paladin,retribution,42,17,25
Liléa,hyjal,1125,paladin,retribution,34,13,21
Цитри,borean-tundra,1123,paladin,retribution,36,22,14
Duralyon,marécage-de-zangar,1123,paladin,retribution,48,23,25
Dorian,durotan,1123,paladin,retribution,36,13,23
Aistor,burning-legion,1122,paladin,retribution,78,32,46
Сенторин,borean-tundra,1122,paladin,retribution,39,14,25
Buckfizz,ysondre,1121,paladin,retribution,36,22,14
Kirkmeister,terokkar,1120,paladin,retribution,55,24,31
Antidrasi,turalyon,1120,paladin,retribution,61,25,36
Âchîle,garona,1119,paladin,retribution,110,61,49
Joti,proudmoore,1119,paladin,retribution,30,12,18
Arhu,stormscale,1118,paladin,retribution,55,32,23
Notorious,antonidas,1118,paladin,retribution,24,12,12
Nollieflipx,tarren-mill,1118,paladin,retribution,29,12,17
Vallorum,ravencrest,1118,paladin,retribution,47,14,33
Glarcouf,eldrethalas,1116,paladin,retribution,47,24,23
Spóntaneous,ravencrest,1116,paladin,retribution,26,13,13
Хепипал,soulflayer,1116,paladin,retribution,27,12,15
Judgearnold,kul-tiras,1116,paladin,retribution,30,12,18
Fremuduin,argent-dawn,1114,paladin,retribution,24,12,12
Dafe,zuluhed,1113,paladin,retribution,50,21,29
Goungokuhrbo,doomhammer,1112,paladin,retribution,52,31,21
Gnarlds,doomhammer,1112,paladin,retribution,48,28,20
Аркрум,gordunni,1112,paladin,retribution,45,18,27
Babarush,nozdormu,1111,paladin,retribution,30,13,17
Hylion,kirin-tor,1111,paladin,retribution,30,13,17
Paladson,burning-blade,1111,paladin,retribution,52,17,35
Immortalkrux,archimonde,1110,paladin,retribution,157,74,83
Bubblemama,aegwynn,1108,paladin,retribution,24,13,11
Dewios,silvermoon,1106,paladin,retribution,60,28,32
Сверхпаладин,howling-fjord,1104,paladin,retribution,24,15,9
Helloim,tarren-mill,1104,paladin,retribution,21,13,8
Järnkroken,tarren-mill,1103,paladin,retribution,25,15,10
Ayba,defias-brotherhood,1103,paladin,retribution,95,47,48
Фокспро,lich-king,1103,paladin,retribution,29,13,16
Raê,hyjal,1103,paladin,retribution,139,60,79
Palädörette,dalaran,1100,paladin,retribution,60,36,24
Leilak,draenor,1099,paladin,retribution,89,51,38
Javalie,sanguino,1099,paladin,retribution,21,12,9
Akeemys,ragnaros,1099,paladin,retribution,23,12,11
Paxillustral,twisting-nether,1098,paladin,retribution,36,20,16
Quoque,turalyon,1098,paladin,retribution,69,37,32
Azlan,nagrand,1098,paladin,retribution,34,16,18
Beastyblodne,sylvanas,1098,paladin,retribution,54,25,29
Mozg,silvermoon,1098,paladin,retribution,29,12,17
Amoxapine,hyjal,1098,paladin,retribution,96,39,57
Xflye,khaz-modan,1096,paladin,retribution,41,22,19
Runkpaladin,kazzak,1096,paladin,retribution,60,32,28
Toshvarak,turalyon,1096,paladin,retribution,94,43,51
Dronora,silvermoon,1096,paladin,retribution,60,22,38
Rêmo,blackrock,1094,paladin,retribution,76,43,33
Thardran,ravencrest,1094,paladin,retribution,60,30,30
Durwin,mazrigos,1094,paladin,retribution,98,41,57
Donttaskwhy,sylvanas,1094,paladin,retribution,42,13,29
Tharis,burning-legion,1093,paladin,retribution,23,13,10
Neftys,aegwynn,1093,paladin,retribution,36,17,19
Palladinz,ravencrest,1092,paladin,retribution,30,15,15
Paladie,dalaran,1091,paladin,retribution,328,168,160
Lliissaa,kazzak,1087,paladin,retribution,72,41,31
Emlo,thrall,1085,paladin,retribution,20,12,8
Atírpákja,doomhammer,1085,paladin,retribution,66,32,34
Makiwara,emeriss,1085,paladin,retribution,190,92,98
Azzael,thrall,1085,paladin,retribution,95,35,60
Caps,the-venture-co,1085,paladin,retribution,34,12,22
Kaezerg,khaz-modan,1084,paladin,retribution,32,18,14
Apoffis,burning-legion,1084,paladin,retribution,53,28,25
Fexulï,outland,1083,paladin,retribution,16,12,4
Rivela,bloodhoof,1083,paladin,retribution,37,17,20
Valgar,ragnaros,1081,paladin,retribution,17,12,5
Donfilippo,burning-legion,1081,paladin,retribution,36,16,20
Veshnu,blackrock,1081,paladin,retribution,97,42,55
Thehuish,blades-edge,1080,paladin,retribution,27,14,13
Гермесиус,deepholm,1080,paladin,retribution,84,37,47
Sandorr,area-52,1079,paladin,retribution,30,17,13
Aerathil,nethersturm,1079,paladin,retribution,41,22,19
Nisepise,argent-dawn,1078,paladin,retribution,68,31,37
Böb,garona,1078,paladin,retribution,42,17,25
Crazypits,silvermoon,1077,paladin,retribution,54,26,28
Gropleindsup,ysondre,1076,paladin,retribution,48,19,29
Zemoss,kazzak,1075,paladin,retribution,40,22,18
Самерваль,borean-tundra,1075,paladin,retribution,109,52,57
Neuverse,tarren-mill,1075,paladin,retribution,53,25,28
Ghostfacê,khaz-modan,1074,paladin,retribution,48,22,26
Matharr,kazzak,1074,paladin,retribution,103,44,59
Coelslaw,azjolnerub,1074,paladin,retribution,35,12,23
Келлен,gordunni,1073,paladin,retribution,41,23,18
Хеллпанч,howling-fjord,1073,paladin,retribution,77,41,36
Starstríder,aszune,1073,paladin,retribution,24,12,12
Модрес,soulflayer,1071,paladin,retribution,19,12,7
Pepsimaxpvp,blackmoore,1071,paladin,retribution,31,12,19
Êxood,archimonde,1071,paladin,retribution,47,18,29
Danneris,sanguino,1070,paladin,retribution,67,35,32
Evilerpaly,stormscale,1069,paladin,retribution,75,43,32
Morhgain,kazzak,1069,paladin,retribution,60,32,28
Dabstar,antonidas,1066,paladin,retribution,30,14,16
Crynó,blackmoore,1065,paladin,retribution,42,20,22
Ashreaver,burning-legion,1065,paladin,retribution,30,13,17
Nenenita,cthun,1064,paladin,retribution,231,116,115
Bryllks,die-todeskrallen,1063,paladin,retribution,208,110,98
Atreyu,stormscale,1063,paladin,retribution,24,12,12
Ukey,sanguino,1062,paladin,retribution,73,43,30
Bàroo,twisting-nether,1061,paladin,retribution,118,46,72
Fortplus,pozzo-delleternità,1060,paladin,retribution,46,23,23
Lytza,frostwolf,1059,paladin,retribution,30,15,15
Бунча,gordunni,1057,paladin,retribution,138,63,75
Akakaboto,draenor,1057,paladin,retribution,36,13,23
Camusax,kazzak,1056,paladin,retribution,18,11,7
Sølitude,kazzak,1056,paladin,retribution,18,11,7
Pia,twisting-nether,1056,paladin,retribution,24,11,13
Schukow,blackhand,1056,paladin,retribution,24,11,13
Сакон,borean-tundra,1056,paladin,retribution,24,11,13
Lightham,nemesis,1056,paladin,retribution,24,11,13
Franzîskûs,blackmoore,1056,paladin,retribution,24,11,13
Lindrone,aggra-português,1056,paladin,retribution,30,11,19
Nurix,dun-modr,1056,paladin,retribution,36,11,25
Eléndrên,blackrock,1055,paladin,retribution,18,11,7
Blindhoj,ravencrest,1055,paladin,retribution,18,11,7
Testør,outland,1055,paladin,retribution,18,11,7
Blacked,baelgun,1055,paladin,retribution,22,12,10
Meliodas,alleria,1055,paladin,retribution,51,27,24
Takezop,dun-modr,1055,paladin,retribution,24,11,13
Kalimgor,theradras,1055,paladin,retribution,24,11,13
Mîakhalîfa,tarren-mill,1055,paladin,retribution,24,11,13
Stukker,silvermoon,1055,paladin,retribution,24,11,13
Зена,gordunni,1055,paladin,retribution,24,11,13
Palandiade,draenor,1055,paladin,retribution,24,11,13
Шульц,borean-tundra,1055,paladin,retribution,24,11,13
Vazayo,ravencrest,1055,paladin,retribution,30,11,19
Ranelly,blackmoore,1055,paladin,retribution,30,11,19
Tylaerion,magtheridon,1054,paladin,retribution,18,11,7
Mansoureagle,kazzak,1054,paladin,retribution,18,11,7
Imtheßoss,pozzo-delleternità,1054,paladin,retribution,18,11,7
Lightpal,dentarg,1054,paladin,retribution,24,13,11
Palidos,blackrock,1054,paladin,retribution,24,11,13
Tsopunisherr,ravencrest,1054,paladin,retribution,24,11,13
Lancelotas,defias-brotherhood,1054,paladin,retribution,30,11,19
Ксаиотх,blackscar,1054,paladin,retribution,30,11,19
Iiwar,silvermoon,1054,paladin,retribution,30,11,19
Hazura,blackmoore,1054,paladin,retribution,30,11,19
Redeem,nemesis,1054,paladin,retribution,30,11,19
Fleckige,nethersturm,1054,paladin,retribution,30,11,19
Cheesus,argent-dawn,1054,paladin,retribution,33,12,21
Хэймердингер,howling-fjord,1054,paladin,retribution,39,12,27
Vendil,tarren-mill,1053,paladin,retribution,18,11,7
Ridethelight,nemesis,1053,paladin,retribution,21,12,9
Moarcry,outland,1053,paladin,retribution,24,11,13
Deceneü,kazzak,1053,paladin,retribution,24,11,13
Trollilolz,eredar,1053,paladin,retribution,24,11,13
Óldgreg,magtheridon,1053,paladin,retribution,30,12,18
Giggs,turalyon,1052,paladin,retribution,16,12,4
Mcnnuggets,ravencrest,1052,paladin,retribution,18,11,7
Fumatelo,tyrande,1052,paladin,retribution,73,42,31
Duragon,khaz-modan,1052,paladin,retribution,49,24,25
Nalaea,arathor,1052,paladin,retribution,24,11,13
Hideinlight,hellscream,1052,paladin,retribution,24,11,13
Kÿsse,hyjal,1052,paladin,retribution,24,11,13
Souzzi,kazzak,1052,paladin,retribution,24,11,13
Alard,sanguino,1052,paladin,retribution,30,11,19
Watermans,azjolnerub,1051,paladin,retribution,18,11,7
Liliane,eitrigg,1051,paladin,retribution,18,11,7
Widj,silvermoon,1051,paladin,retribution,24,11,13
Омникнайтх,howling-fjord,1051,paladin,retribution,36,11,25
Voyén,tarren-mill,1050,paladin,retribution,18,11,7
Ratedge,hyjal,1050,paladin,retribution,18,11,7
Люфтер,gordunni,1050,paladin,retribution,35,18,17
Palamanyaka,kazzak,1050,paladin,retribution,24,11,13
Angelynor,ysondre,1050,paladin,retribution,24,11,13
Mickeyvorace,archimonde,1050,paladin,retribution,48,21,27
Biermaxx,blackmoore,1050,paladin,retribution,30,11,19
Oldsurehand,blackmoore,1050,paladin,retribution,30,11,19
Plato,arthas,1049,paladin,retribution,30,16,14
Holytrol,kazzak,1049,paladin,retribution,90,41,49
Freetimer,norgannon,1049,paladin,retribution,30,11,19
Justïce,twisting-nether,1049,paladin,retribution,30,11,19
Malleius,ravencrest,1049,paladin,retribution,30,11,19
Trondalohr,ambossar,1048,paladin,retribution,24,14,10
Huhuu,outland,1048,paladin,retribution,24,11,13
Torhamiir,outland,1048,paladin,retribution,24,11,13
Dmascus,blackrock,1048,paladin,retribution,24,11,13
Yournoboddy,turalyon,1048,paladin,retribution,30,11,19
Panzerberg,blackrock,1046,paladin,retribution,24,11,13
Timesover,doomhammer,1046,paladin,retribution,42,19,23
Calluk,turalyon,1046,paladin,retribution,47,18,29
Бомберович,howling-fjord,1046,paladin,retribution,36,11,25
Krustenkaese,kelthuzad,1045,paladin,retribution,18,11,7
Valentianus,ravencrest,1045,paladin,retribution,18,11,7
Daicic,kazzak,1045,paladin,retribution,19,11,8
Bellùm,archimonde,1045,paladin,retribution,39,19,20
Jpally,ravencrest,1045,paladin,retribution,24,11,13
Fannii,ravencrest,1045,paladin,retribution,33,15,18
Grundgron,burning-legion,1045,paladin,retribution,45,19,26
Kishijoten,archimonde,1044,paladin,retribution,18,11,7
Jooki,drakthul,1044,paladin,retribution,18,11,7
Traqnbilkarq,stormscale,1044,paladin,retribution,24,12,12
Atrexie,lightbringer,1043,paladin,retribution,18,11,7
Eldelapala,zuljin,1043,paladin,retribution,48,19,29
Rocaviva,sanguino,1042,paladin,retribution,24,12,12
Shadderkpal,draenor,1042,paladin,retribution,30,11,19
Даркхолмь,howling-fjord,1040,paladin,retribution,22,12,10
Palazs,ravencrest,1039,paladin,retribution,24,15,9
Dildotbagins,argent-dawn,1039,paladin,retribution,58,34,24
Sinalia,shattrath,1039,paladin,retribution,24,11,13
Kaatha,archimonde,1039,paladin,retribution,77,27,50
Killa,stormrage,1038,paladin,retribution,24,11,13
Kollak,dun-modr,1038,paladin,retribution,63,25,38
Labier,tarren-mill,1038,paladin,retribution,36,11,25
Savaara,argent-dawn,1037,paladin,retribution,24,11,13
Ralfx,ragnaros,1037,paladin,retribution,24,11,13
Lowen,deathwing,1037,paladin,retribution,41,11,30
Tydrix,magtheridon,1036,paladin,retribution,18,11,7
Эллессар,howling-fjord,1036,paladin,retribution,30,12,18
Celdrin,silvermoon,1035,paladin,retribution,23,12,11
Nasdaq,la-croisade-écarlate,1034,paladin,retribution,18,11,7
Taomeba,runetotem,1033,paladin,retribution,27,14,13
Daríon,silvermoon,1033,paladin,retribution,36,11,25
Bandaga,sanguino,1032,paladin,retribution,18,11,7
Purpleháze,drekthar,1031,paladin,retribution,78,40,38
Gôdfâthér,kazzak,1031,paladin,retribution,23,11,12
Glotzkowski,kelthuzad,1031,paladin,retribution,48,21,27
Шелволк,eversong,1030,paladin,retribution,27,14,13
Spanzer,dun-modr,1030,paladin,retribution,103,48,55
Thærõck,thrall,1030,paladin,retribution,30,11,19
Rileys,turalyon,1029,paladin,retribution,174,80,94
Gerannan,kirin-tor,1028,paladin,retribution,84,42,42
Zanathos,onyxia,1027,paladin,retribution,66,38,28
Vardin,sanguino,1027,paladin,retribution,24,11,13
Hazeman,colinas-pardas,1026,paladin,retribution,12,11,1
Chidorengan,burning-legion,1026,paladin,retribution,36,17,19
Khveasir,argent-dawn,1026,paladin,retribution,36,11,25
Лютыйчпок,fordragon,1025,paladin,retribution,148,64,84
Gredain,argent-dawn,1024,paladin,retribution,18,11,7
Hateless,tarren-mill,1024,paladin,retribution,28,11,17
Góò,frostmane,1021,paladin,retribution,20,12,8
Notholy,defias-brotherhood,1021,paladin,retribution,24,11,13
Mhorcain,silvermoon,1020,paladin,retribution,36,17,19
Aelthir,kazzak,1019,paladin,retribution,25,13,12
Антисеептик,gordunni,1019,paladin,retribution,92,41,51
Aludra,twisting-nether,1018,paladin,retribution,131,68,63
Matikosik,steamwheedle-cartel,1018,paladin,retribution,42,16,26
Jesophar,archimonde,1017,paladin,retribution,36,15,21
Mikipaki,tarren-mill,1016,paladin,retribution,29,11,18
Rdmhrvojehr,tarren-mill,1014,paladin,retribution,37,18,19
Quasimotto,turalyon,1014,paladin,retribution,36,13,23
Mechoka,auchindoun,1013,paladin,retribution,25,14,11
Käylä,silvermoon,1013,paladin,retribution,24,11,13
Aégon,archimonde,1012,paladin,retribution,91,41,50
Vibeer,ravencrest,1011,paladin,retribution,146,75,71
Summuno,eredar,1010,paladin,retribution,197,83,114
Derbrècher,azshara,1009,paladin,retribution,40,20,20
Ruggero,stormscale,1007,paladin,retribution,21,12,9
ßrav,hyjal,1007,paladin,retribution,27,12,15
Bomsamdi,draenor,1007,paladin,retribution,85,37,48
Harnêlia,marécage-de-zangar,1007,paladin,retribution,86,31,55
Moodypala,doomhammer,1003,paladin,retribution,24,15,9
Flyingsnow,dunemaul,1003,paladin,retribution,36,12,24
Phaenre,pozzo-delleternità,1002,paladin,retribution,70,32,38
Харт,fordragon,1001,paladin,retribution,21,15,6
Монбиин,soulflayer,1001,paladin,retribution,24,12,12
Sheïkka,hyjal,1001,paladin,retribution,68,30,38
Samail,malganis,1001,paladin,retribution,94,40,54
Loire,blackmoore,1000,paladin,retribution,17,11,6
Nizo,uldum,1000,paladin,retribution,30,15,15
Uoloop,kazzak,1000,paladin,retribution,23,11,12
Asclepïos,sanguino,998,paladin,retribution,18,12,6
Killtauren,kazzak,998,paladin,retribution,132,63,69
Crazybones,marécage-de-zangar,998,paladin,retribution,53,22,31
Briggybomb,outland,998,paladin,retribution,37,15,22
Legiønr,ravencrest,997,paladin,retribution,18,11,7
Эксвайп,howling-fjord,997,paladin,retribution,23,11,12
Dathea,aegwynn,997,paladin,retribution,97,38,59
Dadpally,shattered-hand,995,paladin,retribution,108,51,57
Rustig,talnivarr,994,paladin,retribution,20,12,8
Актевс,grom,993,paladin,retribution,48,27,21
Meneth,elune,993,paladin,retribution,166,73,93
Lgbtqlover,kazzak,991,paladin,retribution,17,11,6
Eltruite,archimonde,991,paladin,retribution,66,29,37
Virusee,doomhammer,990,paladin,retribution,23,12,11
Opgezwolle,draenor,989,paladin,retribution,73,40,33
Sinthoràs,shattered-hand,988,paladin,retribution,60,30,30
Avgudaren,draenor,988,paladin,retribution,26,11,15
Destrutkorka,burning-legion,987,paladin,retribution,20,11,9
Solarouz,draenor,987,paladin,retribution,23,11,12
Zerohour,kilrogg,987,paladin,retribution,34,11,23
Legâin,twisting-nether,987,paladin,retribution,48,11,37
Mckellen,antonidas,986,paladin,retribution,21,12,9
Almohalhil,tarren-mill,986,paladin,retribution,48,26,22
Jenyu,sanguino,986,paladin,retribution,29,13,16
Palladxx,twilights-hammer,985,paladin,retribution,34,19,15
Thuurs,nerathor,985,paladin,retribution,24,11,13
Milisha,the-maelstrom,985,paladin,retribution,38,12,26
Arathorin,ravencrest,983,paladin,retribution,36,17,19
Kealen,nemesis,982,paladin,retribution,91,36,55
Palakag,blackhand,982,paladin,retribution,77,25,52
Titoturixd,dun-modr,981,paladin,retribution,17,11,6
Klikas,twisting-nether,981,paladin,retribution,60,32,28
Milkâ,burning-legion,981,paladin,retribution,22,11,11
Схемас,gordunni,981,paladin,retribution,48,22,26
Vonryan,defias-brotherhood,980,paladin,retribution,57,22,35
Haquiles,shendralar,978,paladin,retribution,57,28,29
Injustice,chamber-of-aspects,974,paladin,retribution,43,18,25
Nazaninez,tarren-mill,973,paladin,retribution,72,35,37
Танси,fordragon,972,paladin,retribution,38,22,16
Dêadgame,aegwynn,972,paladin,retribution,25,11,14
Имраил,gordunni,972,paladin,retribution,48,17,31
Supou,twisting-nether,970,paladin,retribution,33,18,15
Сильвернайт,soulflayer,964,paladin,retribution,35,12,23
Snaty,khaz-modan,963,paladin,retribution,157,78,79
Leifleur,silvermoon,963,paladin,retribution,40,15,25
Zatoxi,frostmane,960,paladin,retribution,12,10,2
Roklim,blackhand,960,paladin,retribution,18,10,8
Heldarim,ysondre,960,paladin,retribution,18,10,8
Blazerlolz,kazzak,960,paladin,retribution,18,10,8
Abukasol,kazzak,960,paladin,retribution,18,10,8
Nzmamba,burning-legion,960,paladin,retribution,18,10,8
Artaxiad,sylvanas,960,paladin,retribution,24,10,14
Sucsii,outland,960,paladin,retribution,24,10,14
Smithx,kazzak,960,paladin,retribution,24,10,14
Dioxius,stormscale,960,paladin,retribution,24,10,14
Садистка,soulflayer,960,paladin,retribution,30,10,20
Styxpl,blackhand,960,paladin,retribution,30,10,20
Атласс,gordunni,960,paladin,retribution,30,10,20
Saulencio,zuljin,960,paladin,retribution,36,10,26
Zaelija,antonidas,959,paladin,retribution,12,10,2
Tràktor,antonidas,959,paladin,retribution,18,10,8
Bunurata,silvermoon,959,paladin,retribution,18,10,8
Zacharis,drakthul,959,paladin,retribution,18,10,8
Daizen,blackrock,959,paladin,retribution,18,10,8
Davè,blackmoore,959,paladin,retribution,18,10,8
Vindicatê,stormscale,959,paladin,retribution,18,10,8
Sweyz,archimonde,959,paladin,retribution,18,10,8
Makakí,twisting-nether,959,paladin,retribution,18,10,8
Peterholy,hyjal,959,paladin,retribution,18,10,8
Sashä,tarren-mill,959,paladin,retribution,18,10,8
Kilogosa,frostmane,959,paladin,retribution,18,10,8
Hesitated,kazzak,959,paladin,retribution,18,10,8
Базапал,fordragon,959,paladin,retribution,18,10,8
Lamperos,eonar,959,paladin,retribution,19,10,9
Ragnàr,aggra-português,959,paladin,retribution,120,60,60
Pappnas,blackmoore,959,paladin,retribution,24,10,14
Nazjra,twisting-nether,959,paladin,retribution,24,10,14
Morsadin,burning-legion,959,paladin,retribution,24,10,14
Thaddios,burning-blade,959,paladin,retribution,24,10,14
Mullinsilmä,stormreaver,959,paladin,retribution,24,10,14
Milkzaddy,kazzak,959,paladin,retribution,24,10,14
Rushtank,dragonmaw,959,paladin,retribution,24,10,14
Dàk,grim-batol,959,paladin,retribution,24,10,14
Croptol,dun-modr,959,paladin,retribution,24,10,14
Shabbyy,bronzebeard,959,paladin,retribution,30,10,20
Dollicia,outland,959,paladin,retribution,30,10,20
Valarïs,outland,959,paladin,retribution,30,10,20
Razzim,eredar,959,paladin,retribution,30,10,20
Teshkipowa,kazzak,959,paladin,retribution,30,10,20
Violetex,blackmoore,958,paladin,retribution,12,10,2
Arcardi,dun-morogh,958,paladin,retribution,18,10,8
Funshinè,thrall,958,paladin,retribution,18,10,8
Valanysa,blackmoore,958,paladin,retribution,18,10,8
Shailwo,ysondre,958,paladin,retribution,18,10,8
Bobshock,twisting-nether,958,paladin,retribution,18,10,8
Myû,die-aldor,958,paladin,retribution,18,10,8
Béhèlit,sargeras,958,paladin,retribution,18,10,8
Sheldon,sylvanas,958,paladin,retribution,18,10,8
Søal,blackrock,958,paladin,retribution,18,10,8
Líghtmare,sylvanas,958,paladin,retribution,18,10,8
Леаркус,blackscar,958,paladin,retribution,24,10,14
Skinriper,stormscale,958,paladin,retribution,24,10,14
Mudan,stormscale,958,paladin,retribution,24,10,14
Axone,ravencrest,958,paladin,retribution,30,10,20
Ligthe,archimonde,957,paladin,retribution,24,10,14
Dimdon,silvermoon,957,paladin,retribution,24,10,14
Winterwall,sylvanas,957,paladin,retribution,24,10,14
Добегуубью,thermaplugg,957,paladin,retribution,27,11,16
Feenux,drakthul,956,paladin,retribution,16,11,5
Mílkme,antonidas,956,paladin,retribution,18,10,8
Nydilol,sylvanas,956,paladin,retribution,18,10,8
Ayoub,argent-dawn,956,paladin,retribution,18,10,8
Ëhra,hyjal,956,paladin,retribution,18,10,8
Wingz,trollbane,956,paladin,retribution,18,10,8
Lakster,blackmoore,956,paladin,retribution,24,10,14
Gindolon,blackhand,956,paladin,retribution,24,10,14
Альбусор,galakrond,956,paladin,retribution,24,10,14
Szaporító,ragnaros,956,paladin,retribution,24,10,14
Mugraine,ravencrest,956,paladin,retribution,24,10,14
Unrealight,blackrock,956,paladin,retribution,36,10,26
Shemoistdoe,tarren-mill,955,paladin,retribution,16,11,5
Løøktår,ysondre,955,paladin,retribution,18,10,8
Enkir,sanguino,955,paladin,retribution,18,10,8
Sneptica,draenor,955,paladin,retribution,19,10,9
Ббормотуха,thermaplugg,955,paladin,retribution,24,10,14
Pappipala,tarren-mill,955,paladin,retribution,24,10,14
Holypurger,shattered-hand,955,paladin,retribution,25,10,15
Dasvidania,uldum,955,paladin,retribution,30,11,19
Himmelsfuror,proudmoore,955,paladin,retribution,30,10,20
Ustnivkusni,kazzak,954,paladin,retribution,18,10,8
Schoolbus,blackrock,954,paladin,retribution,24,10,14
Paladikt,teldrassil,954,paladin,retribution,24,10,14
Xrules,blackhand,954,paladin,retribution,60,23,37
Yoggbaton,tarren-mill,954,paladin,retribution,36,10,26
Zalandy,aggra-português,953,paladin,retribution,18,10,8
Roostei,shattered-hand,953,paladin,retribution,18,10,8
Nicopala,khaz-modan,952,paladin,retribution,30,14,16
Immortality,outland,952,paladin,retribution,27,11,16
Kreathor,eredar,951,paladin,retribution,54,23,31
Alcadeias,nefarian,951,paladin,retribution,30,10,20
Grynd,blackmoore,949,paladin,retribution,12,10,2
Cáli,forscherliga,949,paladin,retribution,18,10,8
Gottfrid,sunstrider,949,paladin,retribution,18,10,8
Ressurection,outland,948,paladin,retribution,107,50,57
Lighttitan,ravencrest,948,paladin,retribution,24,10,14
Xemoth,kazzak,947,paladin,retribution,18,10,8
Rondel,dalaran,947,paladin,retribution,18,10,8
Milicos,sylvanas,946,paladin,retribution,96,50,46
Cliffordd,doomhammer,946,paladin,retribution,33,11,22
Drizuc,bloodhoof,945,paladin,retribution,48,13,35
Sessian,bronze-dragonflight,942,paladin,retribution,82,42,40
Nitay,blades-edge,942,paladin,retribution,34,10,24
Tomales,aggramar,941,paladin,retribution,42,19,23
Thòòr,blackmoore,940,paladin,retribution,18,10,8
Vuuduux,twisting-nether,940,paladin,retribution,18,10,8
Kawakii,outland,940,paladin,retribution,18,10,8
Stêx,anubarak,936,paladin,retribution,18,10,8
Cydor,khaz-modan,934,paladin,retribution,54,20,34
Tirifal,voljin,933,paladin,retribution,18,10,8
Bugo,drakthul,933,paladin,retribution,23,10,13
Benø,malganis,933,paladin,retribution,30,10,20
Ruffus,magtheridon,931,paladin,retribution,18,11,7
Choppychop,defias-brotherhood,930,paladin,retribution,42,15,27
Itiswhatitis,blackmoore,927,paladin,retribution,14,11,3
Wolya,blackrock,927,paladin,retribution,21,11,10
Ghéttørèt,das-konsortium,927,paladin,retribution,26,11,15
Josuaa,ragnaros,924,paladin,retribution,110,51,59
Lightblaze,doomhammer,924,paladin,retribution,60,21,39
Eatfasteatas,doomhammer,923,paladin,retribution,12,10,2
Моррдочка,soulflayer,921,paladin,retribution,72,31,41
Zingler,norgannon,920,paladin,retribution,30,16,14
Ordain,senjin,920,paladin,retribution,80,42,38
Atacan,twisting-nether,920,paladin,retribution,48,23,25
Ressler,tichondrius,919,paladin,retribution,27,12,15
Mettã,hyjal,917,paladin,retribution,92,32,60
Methynox,khaz-modan,915,paladin,retribution,30,12,18
Azherok,archimonde,912,paladin,retribution,24,13,11
Caleel,nemesis,910,paladin,retribution,21,11,10
Snakedubaby,blackrock,910,paladin,retribution,41,10,31
Vexxus,blackrock,909,paladin,retribution,60,29,31
Шестьводных,galakrond,909,paladin,retribution,50,15,35
Gljeto,tarren-mill,906,paladin,retribution,16,11,5
Luciiano,malygos,903,paladin,retribution,48,20,28
Conviction,silvermoon,897,paladin,retribution,18,10,8
Patzi,die-todeskrallen,897,paladin,retribution,109,52,57
Benkenoah,ragnaros,897,paladin,retribution,78,34,44
Refjâsk,drekthar,897,paladin,retribution,42,10,32
Gurutze,ragnaros,896,paladin,retribution,16,10,6
Ârthâstrâs,terrordar,896,paladin,retribution,36,17,19
Psykoosi,defias-brotherhood,895,paladin,retribution,40,20,20
Krisbull,kazzak,895,paladin,retribution,22,10,12
Tigerherz,antonidas,895,paladin,retribution,28,10,18
Dunarella,chogall,894,paladin,retribution,24,12,12
Hajzlbaba,outland,894,paladin,retribution,20,10,10
Lògàn,pozzo-delleternità,894,paladin,retribution,20,10,10
Lolladin,blackmoore,894,paladin,retribution,26,10,16
Myxas,tarren-mill,891,paladin,retribution,20,10,10
Scrambler,grim-batol,890,paladin,retribution,26,10,16
Luxor,sporeggar,888,paladin,retribution,39,20,19
Tánk,twilights-hammer,888,paladin,retribution,48,22,26
Bagolt,quelthalas,888,paladin,retribution,38,11,27
Nomeel,twisting-nether,887,paladin,retribution,289,143,146
Thiccfreak,tarren-mill,885,paladin,retribution,38,17,21
Romkaq,silvermoon,884,paladin,retribution,18,11,7
Gundahar,das-syndikat,883,paladin,retribution,58,28,30
Рэдиенс,howling-fjord,878,paladin,retribution,13,10,3
Vuzetevacabo,doomhammer,878,paladin,retribution,160,76,84
Celébriel,twisting-nether,877,paladin,retribution,19,10,9
Fardahr,ravencrest,877,paladin,retribution,24,10,14
Choyoki,blackmoore,873,paladin,retribution,32,12,20
Camusa,kazzak,864,paladin,retribution,12,9,3
Holysnickers,tarren-mill,864,paladin,retribution,12,9,3
Neqt,ravencrest,864,paladin,retribution,12,9,3
Greymagic,argent-dawn,864,paladin,retribution,12,9,3
Îs,draenor,864,paladin,retribution,12,9,3
Kìngeh,tarren-mill,864,paladin,retribution,12,9,3
Subzie,archimonde,864,paladin,retribution,12,9,3
Preamx,blackrock,864,paladin,retribution,12,9,3
Starkgaryen,dun-modr,864,paladin,retribution,12,9,3
Фэнон,gordunni,864,paladin,retribution,12,9,3
Noxy,thrall,864,paladin,retribution,18,9,9
Divinemove,stormscale,864,paladin,retribution,18,9,9
Ilpreside,nemesis,864,paladin,retribution,18,9,9
Extasey,ravencrest,864,paladin,retribution,18,9,9
Hølypwnjk,forscherliga,864,paladin,retribution,18,9,9
Püshup,archimonde,864,paladin,retribution,18,9,9
Andriâ,blackhand,864,paladin,retribution,18,9,9
Retgodx,eredar,864,paladin,retribution,18,9,9
Reckonin,nagrand,864,paladin,retribution,18,9,9
Ollepala,draenor,864,paladin,retribution,18,9,9
Mohamedx,tarren-mill,864,paladin,retribution,18,9,9
Kaarsius,defias-brotherhood,864,paladin,retribution,18,9,9
Askmy,stormscale,864,paladin,retribution,18,9,9
Pesterci,draenor,864,paladin,retribution,18,9,9
Punlac,draenor,864,paladin,retribution,18,9,9
Jicekaa,archimonde,864,paladin,retribution,24,9,15
Veldora,zuljin,864,paladin,retribution,24,9,15
Mitsoû,archimonde,864,paladin,retribution,24,9,15
Сэйберх,gordunni,864,paladin,retribution,24,9,15
Святстраж,gordunni,864,paladin,retribution,27,10,17
Tosá,antonidas,864,paladin,retribution,30,9,21
Âtom,outland,864,paladin,retribution,30,9,21
Ezbonk,kazzak,864,paladin,retribution,30,9,21
Krýptø,ravencrest,864,paladin,retribution,30,9,21
Bìzzan,ravencrest,864,paladin,retribution,30,9,21
Nakedholy,draenor,863,paladin,retribution,12,9,3
Aksios,kazzak,863,paladin,retribution,12,9,3
Váliant,tarren-mill,863,paladin,retribution,12,9,3
Fenrixlol,shendralar,863,paladin,retribution,12,9,3
Vootele,draenor,863,paladin,retribution,12,9,3
Azanah,turalyon,863,paladin,retribution,12,9,3
Ohmega,defias-brotherhood,863,paladin,retribution,12,9,3
Koltop,ravencrest,863,paladin,retribution,12,9,3
Shebapaladin,silvermoon,863,paladin,retribution,18,9,9
Veejxo,silvermoon,863,paladin,retribution,18,9,9
Розовыйужас,howling-fjord,863,paladin,retribution,18,9,9
Ashmight,outland,863,paladin,retribution,18,9,9
Slyper,dun-modr,863,paladin,retribution,18,9,9
Rinjepeyet,rexxar,863,paladin,retribution,18,9,9
Badckes,sylvanas,863,paladin,retribution,18,9,9
Windwings,drakthul,863,paladin,retribution,18,9,9
Quennten,grim-batol,863,paladin,retribution,18,9,9
Bramonier,blackmoore,863,paladin,retribution,18,9,9
Sildrit,draenor,863,paladin,retribution,18,9,9
Parléxd,auchindoun,863,paladin,retribution,18,9,9
Bonkkar,antonidas,863,paladin,retribution,18,9,9
Fujszi,arathor,863,paladin,retribution,18,9,9
Nordkreuz,aegwynn,863,paladin,retribution,18,9,9
Dälaghetto,kilrogg,863,paladin,retribution,18,9,9
Steínsgate,ravencrest,863,paladin,retribution,18,9,9
Oepabakkez,burning-legion,863,paladin,retribution,18,9,9
Galerian,twilights-hammer,863,paladin,retribution,24,9,15
Румоур,gordunni,863,paladin,retribution,24,9,15
Kirikoro,blackmoore,863,paladin,retribution,24,9,15
Getpawned,rexxar,863,paladin,retribution,24,9,15
Khantaro,twisting-nether,863,paladin,retribution,24,9,15
Asgardietis,kazzak,863,paladin,retribution,27,10,17
Атмта,razuvious,863,paladin,retribution,30,9,21
Myrmidan,magtheridon,863,paladin,retribution,30,9,21
Atkm,aggramar,862,paladin,retribution,12,9,3
Kabusmassey,outland,862,paladin,retribution,12,9,3
Paduj,kazzak,862,paladin,retribution,12,9,3
Blatrix,kazzak,862,paladin,retribution,12,9,3
Kabóm,kazzak,862,paladin,retribution,12,9,3
Ephialtis,hyjal,862,paladin,retribution,12,9,3
Wrappers,archimonde,862,paladin,retribution,18,9,9
Dáimion,defias-brotherhood,862,paladin,retribution,18,9,9
Sunwalker,bronzebeard,862,paladin,retribution,18,9,9
Редрот,gordunni,862,paladin,retribution,18,9,9
Masgan,eredar,862,paladin,retribution,18,9,9
Londonn,silvermoon,862,paladin,retribution,18,9,9
Elendíl,azjolnerub,862,paladin,retribution,18,9,9
Darkenorr,silvermoon,862,paladin,retribution,18,9,9
Alâkir,kazzak,862,paladin,retribution,18,9,9
Arthane,frostmane,862,paladin,retribution,22,10,12
Elyrax,nemesis,862,paladin,retribution,24,9,15
Quarrel,kul-tiras,862,paladin,retribution,24,9,15
Limbik,silvermoon,862,paladin,retribution,24,9,15
Роллита,gordunni,862,paladin,retribution,24,9,15
Fízzybubble,blackmoore,862,paladin,retribution,24,9,15
Boyard,silvermoon,862,paladin,retribution,30,9,21
Scoundrell,the-maelstrom,862,paladin,retribution,36,9,27
Ллосла,howling-fjord,862,paladin,retribution,36,9,27
Viffi,darkspear,861,paladin,retribution,12,9,3
Karnator,eldrethalas,861,paladin,retribution,18,9,9
Saviourself,silvermoon,861,paladin,retribution,18,9,9
Retributon,madmortem,861,paladin,retribution,18,9,9
Pörriäinen,ragnaros,861,paladin,retribution,18,9,9
Strongman,twilights-hammer,861,paladin,retribution,18,9,9
Paladinguy,argent-dawn,861,paladin,retribution,30,9,21
Ráikou,sylvanas,860,paladin,retribution,18,9,9
Ysunna,magtheridon,860,paladin,retribution,18,9,9
Humungus,sylvanas,860,paladin,retribution,18,9,9
Sölaria,silvermoon,860,paladin,retribution,18,9,9
Skieras,draenor,860,paladin,retribution,18,9,9
Catsnek,darksorrow,860,paladin,retribution,18,9,9
Dragg,kirin-tor,860,paladin,retribution,22,9,13
Destroyér,blackmoore,860,paladin,retribution,24,9,15
Heinzdwise,ravencrest,860,paladin,retribution,24,9,15
Banister,eredar,860,paladin,retribution,24,9,15
Tnkfrank,ravencrest,859,paladin,retribution,18,9,9
Jêzus,blackrock,858,paladin,retribution,12,9,3
Алланор,fordragon,858,paladin,retribution,19,11,8
Rètbull,blackhand,858,paladin,retribution,18,9,9
Arndt,lightbringer,858,paladin,retribution,34,10,24
Kathly,madmortem,857,paladin,retribution,24,9,15
Sunfather,twilights-hammer,855,paladin,retribution,221,109,112
Sorâ,archimonde,855,paladin,retribution,24,9,15
Denathar,draenor,855,paladin,retribution,30,9,21
Chúm,the-maelstrom,854,paladin,retribution,24,9,15
Askimo,twisting-nether,853,paladin,retribution,18,9,9
Fortination,dalaran,853,paladin,retribution,18,9,9
Uriziel,the-shatar,853,paladin,retribution,42,19,23
Fløki,blackrock,848,paladin,retribution,20,10,10
Сашок,gordunni,846,paladin,retribution,18,10,8
Драгун,gordunni,846,paladin,retribution,79,36,43
Ericafontës,kazzak,846,paladin,retribution,23,9,14
Лонса,soulflayer,846,paladin,retribution,23,9,14
Draarks,archimonde,845,paladin,retribution,18,9,9
Bariel,lordaeron,845,paladin,retribution,18,9,9
Dreadadin,silvermoon,845,paladin,retribution,22,10,12
Knygnesys,silvermoon,844,paladin,retribution,21,11,10
Missybugla,turalyon,844,paladin,retribution,29,9,20
Whoopzie,stormscale,842,paladin,retribution,30,9,21
Othersideof,twisting-nether,841,paladin,retribution,24,10,14
Куоширо,goldrinn,839,paladin,retribution,48,19,29
Bebcho,turalyon,833,paladin,retribution,38,15,23
Msammus,kazzak,831,paladin,retribution,23,9,14
Влажныйбоб,soulflayer,830,paladin,retribution,22,9,13
Dôrä,ysondre,830,paladin,retribution,23,9,14
Nakkii,outland,829,paladin,retribution,17,9,8
Баблыч,borean-tundra,829,paladin,retribution,54,25,29
Pàlàthor,khaz-modan,826,paladin,retribution,18,9,9
Guckzu,malganis,823,paladin,retribution,49,22,27
Умберто,howling-fjord,820,paladin,retribution,24,10,14
Bonvivant,ragnaros,815,paladin,retribution,15,10,5
Sàbèr,blackmoore,815,paladin,retribution,23,9,14
Bôomayé,archimonde,815,paladin,retribution,23,9,14
Frankdux,archimonde,814,paladin,retribution,17,10,7
Naru,ravenholdt,814,paladin,retribution,17,9,8
Sunsera,blackrock,809,paladin,retribution,20,10,10
Khadet,draenor,809,paladin,retribution,22,10,12
Fufenzee,stormscale,807,paladin,retribution,258,111,147
Авереон,gordunni,806,paladin,retribution,35,10,25
Сакирий,gordunni,805,paladin,retribution,17,9,8
Orelius,guldan,803,paladin,retribution,80,33,47
Boaka,outland,803,paladin,retribution,30,9,21
Eufenia,tarren-mill,800,paladin,retribution,18,9,9
Ultravíolett,kargath,799,paladin,retribution,23,9,14
Alroxya,blackrock,799,paladin,retribution,23,9,14
Юримия,blackscar,798,paladin,retribution,17,9,8
Âgreë,frostwhisper,798,paladin,retribution,26,9,17
Whuarro,cthun,797,paladin,retribution,26,9,17
Maffko,kazzak,796,paladin,retribution,14,9,5
Farriborz,silvermoon,794,paladin,retribution,20,9,11
Helvirya,defias-brotherhood,790,paladin,retribution,294,124,170
Tosuro,sunstrider,780,paladin,retribution,25,9,16
Khyleancbum,sanguino,768,paladin,retribution,12,8,4
Touch,vashj,768,paladin,retribution,12,8,4
Xoriun,norgannon,768,paladin,retribution,12,8,4
Øttøø,outland,768,paladin,retribution,12,8,4
Римидал,howling-fjord,768,paladin,retribution,12,8,4
Balvir,kazzak,768,paladin,retribution,12,8,4
Sariäza,argent-dawn,768,paladin,retribution,12,8,4
Kazui,lordaeron,768,paladin,retribution,12,8,4
Jïncks,anachronos,768,paladin,retribution,12,8,4
Odisea,burning-blade,768,paladin,retribution,12,8,4
Небестворлд,gordunni,768,paladin,retribution,12,8,4
Shuraé,blackmoore,768,paladin,retribution,12,8,4
Pakór,blackrock,768,paladin,retribution,12,8,4
Vérdugo,quelthalas,768,paladin,retribution,12,8,4
Classicheroo,stormscale,768,paladin,retribution,12,8,4
Solntsepek,ravencrest,768,paladin,retribution,12,8,4
Minpala,kazzak,768,paladin,retribution,12,8,4
Ðiëu,culte-de-la-rive-noire,768,paladin,retribution,12,8,4
Piratalpha,thrall,768,paladin,retribution,18,8,10
Enmà,archimonde,768,paladin,retribution,18,8,10
Vikingensven,silvermoon,768,paladin,retribution,18,8,10
Endavour,ravencrest,768,paladin,retribution,18,8,10
Témpézt,ravencrest,768,paladin,retribution,18,8,10
Postî,eredar,768,paladin,retribution,18,8,10
Hijh,tarren-mill,768,paladin,retribution,18,8,10
Amycus,zuljin,768,paladin,retribution,18,8,10
Пчелодин,howling-fjord,768,paladin,retribution,18,8,10
Rétalin,blackhand,768,paladin,retribution,18,8,10
Pxæn,archimonde,768,paladin,retribution,18,8,10
Lechita,darksorrow,768,paladin,retribution,18,8,10
Palamag,grim-batol,768,paladin,retribution,18,8,10
Karnabahar,twisting-nether,768,paladin,retribution,18,8,10
Tyranius,bronzebeard,768,paladin,retribution,18,8,10
Bloodbeard,twisting-nether,768,paladin,retribution,18,8,10
Ббпп,howling-fjord,768,paladin,retribution,18,8,10
Камверин,soulflayer,768,paladin,retribution,18,8,10
Madeofsteel,silvermoon,768,paladin,retribution,18,8,10
Phazio,twisting-nether,768,paladin,retribution,18,8,10
Jÿnxx,hyjal,768,paladin,retribution,18,8,10
Søulréaper,stormscale,768,paladin,retribution,18,8,10
Чемеряк,gordunni,768,paladin,retribution,18,8,10
Bâbass,sargeras,768,paladin,retribution,18,8,10
Neldöwn,dalaran,768,paladin,retribution,18,8,10
Cheerrios,arathor,768,paladin,retribution,18,8,10
Holyinstinct,bronze-dragonflight,768,paladin,retribution,18,8,10
Bigdaddypump,ravencrest,768,paladin,retribution,18,8,10
Retrigodx,ragnaros,768,paladin,retribution,18,8,10
Кисаммэ,howling-fjord,768,paladin,retribution,18,8,10
Stîp,sanguino,768,paladin,retribution,18,8,10
Bubblor,ravencrest,768,paladin,retribution,18,8,10
Эйнис,goldrinn,768,paladin,retribution,18,8,10
Sekztokio,blackmoore,768,paladin,retribution,18,8,10
Matchstick,defias-brotherhood,768,paladin,retribution,23,9,14
Caithlyne,ravencrest,768,paladin,retribution,23,8,15
Vilayesyo,ravencrest,768,paladin,retribution,24,8,16
Abbendis,twisting-nether,768,paladin,retribution,24,8,16
Retisfine,silvermoon,768,paladin,retribution,24,8,16
Рудиар,lich-king,768,paladin,retribution,24,8,16
Retpala,eitrigg,768,paladin,retribution,24,8,16
Frazyl,kilrogg,768,paladin,retribution,24,8,16
Tjabo,burning-blade,768,paladin,retribution,24,8,16
Ashmaker,khaz-modan,768,paladin,retribution,24,8,16
Bóokah,blackhand,768,paladin,retribution,24,8,16
Shownómercy,stormscale,768,paladin,retribution,24,8,16
Dadyolimp,kazzak,768,paladin,retribution,24,8,16
Dàrì,archimonde,768,paladin,retribution,24,8,16
Nexo,bloodscalp,768,paladin,retribution,24,8,16
Obahtwerk,nemesis,768,paladin,retribution,24,8,16
Zhidria,twisting-nether,768,paladin,retribution,24,8,16
Mâgnùs,ravencrest,768,paladin,retribution,24,8,16
Aliceredlips,dun-modr,768,paladin,retribution,30,8,22
Mêyra,blackhand,768,paladin,retribution,32,8,24
Zycqo,silvermoon,768,paladin,retribution,37,8,29
Justicebuktu,thrall,767,paladin,retribution,12,8,4
Angeal,ysondre,767,paladin,retribution,12,8,4
Spinzr,draenor,767,paladin,retribution,12,8,4
Quuri,frostwolf,767,paladin,retribution,12,8,4
Lightblaster,argent-dawn,767,paladin,retribution,12,8,4
Unforsakenx,silvermoon,767,paladin,retribution,12,8,4
Buldras,zuljin,767,paladin,retribution,12,8,4
Lieris,twisting-nether,767,paladin,retribution,12,8,4
Szelena,outland,767,paladin,retribution,12,8,4
Crossfaded,azjolnerub,767,paladin,retribution,12,8,4
Acp,twisting-nether,767,paladin,retribution,12,8,4
Dawnnslayer,kazzak,767,paladin,retribution,12,8,4
Pitux,dun-modr,767,paladin,retribution,16,9,7
Feliora,magtheridon,767,paladin,retribution,18,8,10
Sämaelia,ysondre,767,paladin,retribution,18,8,10
Néero,defias-brotherhood,767,paladin,retribution,18,8,10
Яшкино,soulflayer,767,paladin,retribution,18,8,10
Ironhide,echsenkessel,767,paladin,retribution,18,8,10
Dideta,colinas-pardas,767,paladin,retribution,18,8,10
Selvich,darksorrow,767,paladin,retribution,18,8,10
Spikiz,kazzak,767,paladin,retribution,18,8,10
Noåh,kazzak,767,paladin,retribution,18,8,10
Фуллбастэр,gordunni,767,paladin,retribution,18,8,10
Retgrets,kazzak,767,paladin,retribution,18,8,10
Assÿria,ravencrest,767,paladin,retribution,18,8,10
Halldvan,silvermoon,767,paladin,retribution,18,8,10
Hôrrible,ravencrest,767,paladin,retribution,18,8,10
Atabaí,antonidas,767,paladin,retribution,18,8,10
Samuel,ahnqiraj,767,paladin,retribution,18,8,10
Бальтазёрыч,soulflayer,767,paladin,retribution,18,8,10
Phlakorn,blackhand,767,paladin,retribution,18,8,10
One,grim-batol,767,paladin,retribution,18,8,10
Baldrheim,culte-de-la-rive-noire,767,paladin,retribution,18,8,10
Плётка,howling-fjord,767,paladin,retribution,18,8,10
Шалайка,soulflayer,767,paladin,retribution,18,8,10
Banderovez,silvermoon,767,paladin,retribution,18,8,10
Kuhreligion,blackmoore,767,paladin,retribution,18,8,10
Yuri,voljin,767,paladin,retribution,22,9,13
Artonus,sylvanas,767,paladin,retribution,20,8,12
Froxies,drakthul,767,paladin,retribution,24,8,16
Гераций,howling-fjord,767,paladin,retribution,24,8,16
Lusugo,alakir,767,paladin,retribution,24,8,16
Saath,malfurion,767,paladin,retribution,24,8,16
Freeloliipop,darksorrow,767,paladin,retribution,24,8,16
Hermmes,alakir,767,paladin,retribution,24,8,16
Киръпич,grom,767,paladin,retribution,24,8,16
Thoreas,perenolde,767,paladin,retribution,24,8,16
Тевтонец,goldrinn,767,paladin,retribution,24,8,16
Elovie,dun-modr,767,paladin,retribution,34,8,26
Laugan,ysondre,766,paladin,retribution,12,8,4
Konithis,doomhammer,766,paladin,retribution,12,8,4
Kalkandelen,silvermoon,766,paladin,retribution,12,8,4
Shandju,norgannon,766,paladin,retribution,46,23,23
Sheynä,hyjal,766,paladin,retribution,18,8,10
Beefbombs,blackmoore,766,paladin,retribution,18,8,10
Røse,argent-dawn,766,paladin,retribution,18,8,10
Méény,archimonde,766,paladin,retribution,18,8,10
Bpontes,aggra-português,766,paladin,retribution,18,8,10
Kuelzar,kazzak,765,paladin,retribution,12,8,4
Ôpheliâ,blackmoore,765,paladin,retribution,12,8,4
Äalith,arathor,765,paladin,retribution,12,8,4
Hatrius,ravencrest,765,paladin,retribution,12,8,4
Mbp,blackmoore,765,paladin,retribution,18,8,10
Disconnector,aegwynn,765,paladin,retribution,24,8,16
Trøllørd,shattrath,764,paladin,retribution,18,8,10
Retroon,doomhammer,764,paladin,retribution,18,8,10
Werepala,drakthul,764,paladin,retribution,18,8,10
Leam,bronze-dragonflight,764,paladin,retribution,24,8,16
Lewanor,tarren-mill,763,paladin,retribution,12,8,4
Wingedguard,ragnaros,763,paladin,retribution,12,8,4
Ahritea,blackrock,763,paladin,retribution,12,8,4
Skimer,outland,763,paladin,retribution,13,8,5
Ньюзеропал,howling-fjord,763,paladin,retribution,18,8,10
Michele,skullcrusher,763,paladin,retribution,21,9,12
Стекловатный,gordunni,762,paladin,retribution,12,8,4
Syldor,eredar,762,paladin,retribution,12,8,4
Tank,uldum,762,paladin,retribution,12,8,4
Царьзверей,fordragon,762,paladin,retribution,18,8,10
Mjukadin,ravencrest,762,paladin,retribution,18,8,10
Цабля,gordunni,762,paladin,retribution,18,8,10
Aue,blackmoore,761,paladin,retribution,12,8,4
Vondarkmoor,magtheridon,761,paladin,retribution,18,8,10
Mámmon,arthas,761,paladin,retribution,24,8,16
Maxelx,doomhammer,760,paladin,retribution,12,8,4
Torczy,frostwhisper,760,paladin,retribution,12,8,4
Curélien,argent-dawn,758,paladin,retribution,30,8,22
Jily,suramar,755,paladin,retribution,18,8,10
Oheiligster,kult-der-verdammten,755,paladin,retribution,18,8,10
Pyrogon,malorne,750,paladin,retribution,213,96,117
Ryüü,uldaman,748,paladin,retribution,48,16,32
Lawrence,deathwing,748,paladin,retribution,24,8,16
Grayparser,silvermoon,735,paladin,retribution,14,9,5
Noforgivenes,kazzak,735,paladin,retribution,17,8,9
Mercuria,dun-modr,735,paladin,retribution,23,8,15
Вэйзмон,gordunni,733,paladin,retribution,17,8,9
Vymer,ravencrest,730,paladin,retribution,17,8,9
Ragnarauc,elune,720,paladin,retribution,15,8,7
Kelianna,drakthul,719,paladin,retribution,18,9,9
Cøygonne,archimonde,719,paladin,retribution,27,8,19
Torím,draenor,718,paladin,retribution,17,8,9
Platronix,aegwynn,717,paladin,retribution,15,9,6
Unbreakable,eredar,717,paladin,retribution,15,8,7
Darkironpala,argent-dawn,717,paladin,retribution,21,8,13
Ukbling,steamwheedle-cartel,717,paladin,retribution,44,9,35
Lydriana,die-aldor,714,paladin,retribution,28,9,19
Esköll,hyjal,713,paladin,retribution,15,9,6
Palarezz,ysondre,713,paladin,retribution,28,10,18
Óoc,outland,703,paladin,retribution,11,8,3
Retriot,silvermoon,703,paladin,retribution,20,8,12
Ericpala,turalyon,702,paladin,retribution,17,8,9
Bafbaf,arathi,702,paladin,retribution,42,9,33
Angelepetit,hyjal,701,paladin,retribution,16,8,8
Kubrat,eredar,700,paladin,retribution,54,18,36
Bubbelish,doomhammer,697,paladin,retribution,27,9,18
Kolam,khaz-modan,696,paladin,retribution,138,55,83
Rafistor,khaz-modan,696,paladin,retribution,35,11,24
Hanterus,antonidas,691,paladin,retribution,20,8,12
Sawier,ragnaros,688,paladin,retribution,19,8,11
Luveria,der-rat-von-dalaran,687,paladin,retribution,13,8,5
Gradepal,drakthul,687,paladin,retribution,19,8,11
Barbarul,draenor,685,paladin,retribution,19,8,11
Блудиз,howling-fjord,672,paladin,retribution,12,7,5
Ceca,lightnings-blade,672,paladin,retribution,12,7,5
Шефлион,soulflayer,672,paladin,retribution,12,7,5
Noiwings,sanguino,672,paladin,retribution,12,7,5
Nøradin,argent-dawn,672,paladin,retribution,12,7,5
Ufø,thrall,672,paladin,retribution,12,7,5
Decive,outland,672,paladin,retribution,12,7,5
Percocetx,tarren-mill,672,paladin,retribution,12,7,5
Uriens,zuljin,672,paladin,retribution,12,7,5
Naylaeh,draenor,672,paladin,retribution,12,7,5
Veganbeefman,draenor,672,paladin,retribution,12,7,5
Fluffyowo,argent-dawn,672,paladin,retribution,12,7,5
Проверялка,thermaplugg,672,paladin,retribution,12,7,5
Vircy,outland,672,paladin,retribution,12,7,5
Вэйсспал,howling-fjord,672,paladin,retribution,12,7,5
Megadef,twisting-nether,672,paladin,retribution,12,7,5
Röcc,draenor,672,paladin,retribution,12,7,5
Arkhàn,ravencrest,672,paladin,retribution,12,7,5
Skycraft,kazzak,672,paladin,retribution,12,7,5
Yasuomid,sanguino,672,paladin,retribution,12,7,5
Corrâ,blackmoore,672,paladin,retribution,12,7,5
Xsali,kazzak,672,paladin,retribution,12,7,5
Bämschi,blackrock,672,paladin,retribution,12,7,5
Pressthere,tarren-mill,672,paladin,retribution,12,7,5
Troposin,thrall,672,paladin,retribution,12,7,5
Pratiarch,kazzak,672,paladin,retribution,12,7,5
Catfordinner,silvermoon,672,paladin,retribution,12,7,5
Leónardo,kazzak,672,paladin,retribution,12,7,5
Matsuna,blackrock,672,paladin,retribution,12,7,5
Petsadin,ravencrest,672,paladin,retribution,12,7,5
Deckardpain,shattered-hand,672,paladin,retribution,12,7,5
Ginka,blackrock,672,paladin,retribution,12,7,5
Kamas,antonidas,672,paladin,retribution,12,7,5
Negash,archimonde,672,paladin,retribution,12,7,5
Fatherabdul,ravencrest,672,paladin,retribution,12,7,5
Lighteousnes,blackmoore,672,paladin,retribution,12,7,5
Shjami,rexxar,672,paladin,retribution,12,7,5
Дикийчёрт,gordunni,672,paladin,retribution,12,7,5
Sismast,argent-dawn,672,paladin,retribution,12,7,5
Sunblazer,draenor,672,paladin,retribution,12,7,5
Нефростинг,gordunni,672,paladin,retribution,12,7,5
Miriem,twisting-nether,672,paladin,retribution,12,7,5
Kralenko,archimonde,672,paladin,retribution,12,7,5
Noskillxd,kragjin,672,paladin,retribution,12,7,5
Xônia,sylvanas,672,paladin,retribution,12,7,5
Миллиционер,razuvious,672,paladin,retribution,12,7,5
Megashafted,ravencrest,672,paladin,retribution,12,7,5
Pâlâpâm,blackmoore,672,paladin,retribution,12,7,5
Solanarion,burning-legion,672,paladin,retribution,12,7,5
Mâlâk,dun-modr,672,paladin,retribution,12,7,5
Kikipoti,ravenholdt,672,paladin,retribution,12,7,5
Лиривель,howling-fjord,672,paladin,retribution,12,7,5
Henklord,jaedenar,672,paladin,retribution,12,7,5
Ellünca,ravencrest,672,paladin,retribution,12,7,5
Тазикчая,soulflayer,672,paladin,retribution,16,8,8
Holymolee,blackmoore,672,paladin,retribution,15,7,8
Arbuzno,draenor,672,paladin,retribution,18,7,11
Pìnkyy,draenor,672,paladin,retribution,18,7,11
Seekêr,tarren-mill,672,paladin,retribution,18,7,11
Yakuron,blackhand,672,paladin,retribution,18,7,11
Destaen,kazzak,672,paladin,retribution,18,7,11
Мериатас,soulflayer,672,paladin,retribution,18,7,11
Palamauka,kazzak,672,paladin,retribution,18,7,11
Divineovic,ravencrest,672,paladin,retribution,18,7,11
Sunforged,bloodhoof,672,paladin,retribution,18,7,11
Nicklovsofia,silvermoon,672,paladin,retribution,18,7,11
Vaalé,aegwynn,672,paladin,retribution,18,7,11
Smackhammer,tarren-mill,672,paladin,retribution,18,7,11
Алепос,gordunni,672,paladin,retribution,18,7,11
Lommeuld,auchindoun,672,paladin,retribution,18,7,11
Hännó,malganis,672,paladin,retribution,18,7,11
Melyntholdra,argent-dawn,672,paladin,retribution,18,7,11
Norganpala,die-aldor,672,paladin,retribution,18,7,11
Tezmodian,antonidas,672,paladin,retribution,18,7,11
Calliopes,tarren-mill,672,paladin,retribution,18,7,11
Littlenight,emerald-dream,672,paladin,retribution,18,7,11
Scairtin,ravencrest,672,paladin,retribution,18,7,11
Evilhoof,thrall,672,paladin,retribution,18,7,11
Ritaora,aggramar,672,paladin,retribution,18,7,11
Jiricech,tarren-mill,672,paladin,retribution,18,7,11
Trýhærd,ragnaros,672,paladin,retribution,18,7,11
Fróstíp,blackrock,672,paladin,retribution,18,7,11
Azapala,kazzak,672,paladin,retribution,18,7,11
Jinxdadmilk,twisting-nether,672,paladin,retribution,18,7,11
Prâtox,blackmoore,672,paladin,retribution,18,7,11
Himboqueenxo,argent-dawn,672,paladin,retribution,18,7,11
Apocalypsé,twisting-nether,672,paladin,retribution,18,7,11
Mawrâ,twisting-nether,672,paladin,retribution,18,7,11
Drident,die-nachtwache,672,paladin,retribution,18,7,11
Smutty,frostmane,672,paladin,retribution,18,7,11
Títanîa,blackmoore,672,paladin,retribution,18,7,11
Arshiaa,ravencrest,672,paladin,retribution,21,8,13
Глаймис,gordunni,672,paladin,retribution,22,8,14
Chiriner,drakthul,672,paladin,retribution,21,7,14
Npkk,outland,672,paladin,retribution,22,7,15
Nôva,stormscale,672,paladin,retribution,23,7,16
Zerlat,twisting-nether,672,paladin,retribution,24,7,17
ßlitzkrieg,blackmoore,672,paladin,retribution,24,7,17
Астарин,gordunni,672,paladin,retribution,24,7,17
Ашилолпро,soulflayer,672,paladin,retribution,24,7,17
Boscho,argent-dawn,672,paladin,retribution,24,7,17
Adalric,silvermoon,672,paladin,retribution,24,7,17
Kareliaxd,tarren-mill,672,paladin,retribution,24,7,17
Yaloh,sylvanas,672,paladin,retribution,24,7,17
Iquny,frostwolf,672,paladin,retribution,24,7,17
Ящеры,gordunni,672,paladin,retribution,24,7,17
Ramhal,stormscale,672,paladin,retribution,24,7,17
Manole,ravencrest,672,paladin,retribution,24,7,17
Cáranthír,draenor,672,paladin,retribution,24,7,17
Lanny,blackhand,671,paladin,retribution,12,7,5
Liliána,ragnaros,671,paladin,retribution,12,7,5
Roskof,archimonde,671,paladin,retribution,12,7,5
Kardinalos,drakthul,671,paladin,retribution,12,7,5
Раикерс,gordunni,671,paladin,retribution,12,7,5
Isotun,kazzak,671,paladin,retribution,12,7,5
Retzzo,ravencrest,671,paladin,retribution,12,7,5
Gavain,blackhand,671,paladin,retribution,12,7,5
Amatar,ravencrest,671,paladin,retribution,12,7,5
Liamisi,blackhand,671,paladin,retribution,12,7,5
Gbejr,xavius,671,paladin,retribution,12,7,5
Selerin,draenor,671,paladin,retribution,12,7,5
Vultrix,tarren-mill,671,paladin,retribution,12,7,5
Odregon,draenor,671,paladin,retribution,12,7,5
Granadir,doomhammer,671,paladin,retribution,12,7,5
Bronan,draenor,671,paladin,retribution,12,7,5
Sakred,hellscream,671,paladin,retribution,12,7,5
Lightbinders,ragnaros,671,paladin,retribution,12,7,5
Wolfpala,drakthul,671,paladin,retribution,12,7,5
Каншеом,gordunni,671,paladin,retribution,12,7,5
Киэрсис,howling-fjord,671,paladin,retribution,12,7,5
Архемор,ashenvale,671,paladin,retribution,12,7,5
Mýv,archimonde,671,paladin,retribution,12,7,5
Kolts,ragnaros,671,paladin,retribution,12,7,5
Bahamamama,ambossar,671,paladin,retribution,12,7,5
Zpock,archimonde,671,paladin,retribution,12,7,5
Baltyros,thrall,671,paladin,retribution,12,7,5
Bryelle,dalaran,671,paladin,retribution,12,7,5
Timoxas,kazzak,671,paladin,retribution,12,7,5
Arator,terenas,671,paladin,retribution,16,8,8
Тешеус,gordunni,671,paladin,retribution,17,7,10
Кесару,goldrinn,671,paladin,retribution,18,7,11
Äggmackor,ravencrest,671,paladin,retribution,18,7,11
Kalaraja,dunemaul,671,paladin,retribution,18,7,11
Ardalìon,archimonde,671,paladin,retribution,18,7,11
Cameron,taerar,671,paladin,retribution,18,7,11
Qtek,draenor,671,paladin,retribution,18,7,11
Nézuko,frostwhisper,671,paladin,retribution,18,7,11
Slaaneesh,zuljin,671,paladin,retribution,18,7,11
Рогафайти,goldrinn,671,paladin,retribution,18,7,11
Necadin,ravencrest,671,paladin,retribution,18,7,11
Uhtrèd,turalyon,671,paladin,retribution,18,7,11
Alvíss,sanguino,671,paladin,retribution,18,7,11
Laenira,nemesis,671,paladin,retribution,18,7,11
Giglix,twisting-nether,671,paladin,retribution,18,7,11
Testovasara,ravencrest,671,paladin,retribution,18,7,11
Sytrexxer,frostwolf,671,paladin,retribution,18,7,11
Konori,mannoroth,671,paladin,retribution,18,7,11
Patrice,blutkessel,671,paladin,retribution,18,7,11
Grzegzolnik,twisting-nether,671,paladin,retribution,18,7,11
Tunaonion,draenor,671,paladin,retribution,18,7,11
Erethes,magtheridon,671,paladin,retribution,18,7,11
Gabe,aggra-português,671,paladin,retribution,21,8,13
Öbedö,malganis,671,paladin,retribution,24,7,17
Galath,drakthul,671,paladin,retribution,24,7,17
Onestone,wrathbringer,671,paladin,retribution,30,7,23
Zyklôn,antonidas,671,paladin,retribution,30,7,23
Kriteus,pozzo-delleternità,670,paladin,retribution,12,7,5
Retxmode,ravencrest,670,paladin,retribution,12,7,5
Edb,silvermoon,670,paladin,retribution,12,7,5
Låncelot,sylvanas,670,paladin,retribution,12,7,5
Saszca,burning-legion,670,paladin,retribution,15,8,7
Buddy,conseil-des-ombres,670,paladin,retribution,15,8,7
Greifenstein,rexxar,670,paladin,retribution,18,7,11
Dalaly,kazzak,670,paladin,retribution,18,7,11
Thandoro,amanthul,670,paladin,retribution,18,7,11
Perícles,the-maelstrom,670,paladin,retribution,18,7,11
Mjoky,the-maelstrom,670,paladin,retribution,18,7,11
Halldòr,ravencrest,670,paladin,retribution,24,7,17
Babajõ,twisting-nether,669,paladin,retribution,12,7,5
Baymanda,tarren-mill,669,paladin,retribution,18,7,11
Гёрди,fordragon,668,paladin,retribution,13,7,6
Konst,argent-dawn,667,paladin,retribution,12,7,5
Megara,bronze-dragonflight,667,paladin,retribution,12,7,5
Tobebryant,eonar,667,paladin,retribution,12,7,5
Shennzo,wildhammer,667,paladin,retribution,12,7,5
Святойбас,gordunni,667,paladin,retribution,12,7,5
Woezel,draenor,667,paladin,retribution,18,7,11
Willmasmashn,blackmoore,667,paladin,retribution,18,7,11
Явства,grom,667,paladin,retribution,24,7,17
Cúraga,ravencrest,667,paladin,retribution,24,7,17
Bedrock,kirin-tor,666,paladin,retribution,12,7,5
Ксинем,howling-fjord,666,paladin,retribution,16,8,8
Paladinslaye,dun-modr,666,paladin,retribution,30,7,23
Kentarø,eldrethalas,665,paladin,retribution,12,7,5
Täntra,cthun,665,paladin,retribution,18,7,11
Pallido,exodar,664,paladin,retribution,12,7,5
Zealotic,doomhammer,664,paladin,retribution,12,7,5
Malzj,garrosh,664,paladin,retribution,12,7,5
Chikaz,archimonde,664,paladin,retribution,20,10,10
Halimox,terokkar,664,paladin,retribution,18,7,11
Blinklys,ragnaros,664,paladin,retribution,18,7,11
Purpledurple,twisting-nether,663,paladin,retribution,18,7,11
Nhum,destromath,663,paladin,retribution,18,7,11
Роклэс,gordunni,662,paladin,retribution,12,7,5
Sarinise,draenor,662,paladin,retribution,12,7,5
Thebøss,blackmoore,662,paladin,retribution,18,7,11
Belzed,draenor,660,paladin,retribution,15,8,7
Bizin,drakthul,658,paladin,retribution,12,7,5
Izri,hellscream,655,paladin,retribution,18,7,11
Ядб,gordunni,655,paladin,retribution,18,7,11
Bogrács,silvermoon,655,paladin,retribution,23,7,16
Sindur,perenolde,651,paladin,retribution,18,7,11
Gfugh,shadowsong,639,paladin,retribution,11,7,4
Саймэл,soulflayer,639,paladin,retribution,16,7,9
Breezpal,twisting-nether,639,paladin,retribution,17,7,10
Trístesse,tarren-mill,639,paladin,retribution,23,7,16
Stefàn,sylvanas,638,paladin,retribution,20,8,12
Séntúrús,kazzak,636,paladin,retribution,23,7,16
Samànta,nemesis,623,paladin,retribution,11,7,4
Нимбоо,soulflayer,623,paladin,retribution,17,7,10
Gwynbleyd,twisting-nether,622,paladin,retribution,11,7,4
Belapala,tarren-mill,622,paladin,retribution,17,7,10
Маефис,gordunni,622,paladin,retribution,24,8,16
Nybrash,sanguino,620,paladin,retribution,15,7,8
Séphiran,hyjal,618,paladin,retribution,15,9,6
Goofyaf,ravencrest,618,paladin,retribution,16,9,7
Alïstia,archimonde,618,paladin,retribution,31,9,22
Pelbo,ravencrest,617,paladin,retribution,21,8,13
Hurrier,outland,617,paladin,retribution,21,8,13
Mariaremarc,silvermoon,617,paladin,retribution,25,8,17
Ренегадер,thermaplugg,615,paladin,retribution,12,8,4
Shrelia,eredar,615,paladin,retribution,21,9,12
Geak,tarren-mill,607,paladin,retribution,20,7,13
Leouric,argent-dawn,607,paladin,retribution,20,7,13
Lightswrath,thunderhorn,606,paladin,retribution,12,7,5
Jockker,sinstralis,606,paladin,retribution,19,8,11
Jaq,karazhan,592,paladin,retribution,7,7,0
Teksor,frostmourne,592,paladin,retribution,19,7,12
Enoh,the-maelstrom,590,paladin,retribution,16,7,9
Meltrox,runetotem,576,paladin,retribution,6,6,0
Кенриэль,howling-fjord,576,paladin,retribution,6,6,0
Sureklunker,silvermoon,576,paladin,retribution,6,6,0
Twomog,ravencrest,576,paladin,retribution,6,6,0
Éllé,der-rat-von-dalaran,576,paladin,retribution,12,6,6
Raleknrnr,hyjal,576,paladin,retribution,12,6,6
Holyjugs,outland,576,paladin,retribution,12,6,6
Plainrage,blackrock,576,paladin,retribution,12,6,6
Milner,stormreaver,576,paladin,retribution,12,6,6
Локопоезд,greymane,576,paladin,retribution,12,6,6
Rømpelukt,auchindoun,576,paladin,retribution,12,6,6
Seothor,argent-dawn,576,paladin,retribution,12,6,6
Téralus,ravencrest,576,paladin,retribution,12,6,6
Texxi,blackrock,576,paladin,retribution,12,6,6
Eletha,senjin,576,paladin,retribution,12,6,6
Drekio,blackrock,576,paladin,retribution,12,6,6
Palahuakbar,sylvanas,576,paladin,retribution,12,6,6
Notnerb,outland,576,paladin,retribution,12,6,6
Бордюрчег,howling-fjord,576,paladin,retribution,12,6,6
Cildan,talnivarr,576,paladin,retribution,12,6,6
Nouhada,archimonde,576,paladin,retribution,12,6,6
Lôrdjp,blackmoore,576,paladin,retribution,12,6,6
Tereth,kazzak,576,paladin,retribution,12,6,6
Таймкил,gordunni,576,paladin,retribution,12,6,6
Jâuche,blackhand,576,paladin,retribution,12,6,6
Kamaska,antonidas,576,paladin,retribution,12,6,6
Ultimatix,stormscale,576,paladin,retribution,12,6,6
Escanør,anetheron,576,paladin,retribution,12,6,6
Иомос,soulflayer,576,paladin,retribution,12,6,6
Moossolin,tarren-mill,576,paladin,retribution,12,6,6
Ðos,ravencrest,576,paladin,retribution,12,6,6
Vuutnëx,twisting-nether,576,paladin,retribution,12,6,6
Ramese,outland,576,paladin,retribution,12,6,6
Luciter,silvermoon,576,paladin,retribution,12,6,6
Anmila,anetheron,576,paladin,retribution,12,6,6
Aalbringer,blackmoore,576,paladin,retribution,12,6,6
Stève,ravencrest,576,paladin,retribution,12,6,6
Lightfôrce,blackmoore,576,paladin,retribution,12,6,6
Hollypala,stormscale,576,paladin,retribution,12,6,6
Fâlli,hyjal,576,paladin,retribution,12,6,6
Pallachyrk,kazzak,576,paladin,retribution,12,6,6
Lévrone,alexstrasza,576,paladin,retribution,12,6,6
Nesquikudder,kazzak,576,paladin,retribution,12,6,6
Zeturius,draenor,576,paladin,retribution,12,6,6
Quasarxx,ravencrest,576,paladin,retribution,12,6,6
Miscodepala,twisting-nether,576,paladin,retribution,12,6,6
Vnti,outland,576,paladin,retribution,12,6,6
Tharduk,outland,576,paladin,retribution,12,6,6
Retqt,eredar,576,paladin,retribution,12,6,6
Упругийтуз,gordunni,576,paladin,retribution,12,6,6
Ауди,howling-fjord,576,paladin,retribution,12,6,6
Stankow,kazzak,576,paladin,retribution,12,6,6
Crusxder,kazzak,576,paladin,retribution,12,6,6
Arsinel,blackhand,576,paladin,retribution,12,6,6
Rothus,bronze-dragonflight,576,paladin,retribution,12,6,6
Waaynejudgeu,blackhand,576,paladin,retribution,12,6,6
Layonpants,twisting-nether,576,paladin,retribution,12,6,6
Athoman,nagrand,576,paladin,retribution,12,6,6
Superieur,kazzak,576,paladin,retribution,12,6,6
Xanesha,archimonde,576,paladin,retribution,12,6,6
Kjellus,tarren-mill,576,paladin,retribution,12,6,6
Скварлетх,howling-fjord,576,paladin,retribution,12,6,6
Rokarón,blackhand,576,paladin,retribution,12,6,6
Argeltal,auchindoun,576,paladin,retribution,12,6,6
Ibanez,lightnings-blade,576,paladin,retribution,12,6,6
Стифаний,booty-bay,576,paladin,retribution,12,6,6
Raceper,the-maelstrom,576,paladin,retribution,12,6,6
Reyhann,ravencrest,576,paladin,retribution,12,6,6
Båbyløn,outland,576,paladin,retribution,12,6,6
Nanduil,stormscale,576,paladin,retribution,12,6,6
Pabló,azshara,576,paladin,retribution,12,6,6
Kårnaj,archimonde,576,paladin,retribution,12,6,6
Mingyao,sanguino,576,paladin,retribution,12,6,6
Calibretto,khaz-modan,576,paladin,retribution,12,6,6
Arilend,grim-batol,576,paladin,retribution,12,6,6
Drdax,wildhammer,576,paladin,retribution,12,6,6
Eleånor,archimonde,576,paladin,retribution,12,6,6
Shockadiin,grim-batol,576,paladin,retribution,12,6,6
Керантий,gordunni,576,paladin,retribution,12,6,6
Yurinovsky,aggra-português,576,paladin,retribution,12,6,6
Woodygamer,chamber-of-aspects,576,paladin,retribution,12,6,6
Mouncake,archimonde,576,paladin,retribution,12,6,6
Госпелька,blackscar,576,paladin,retribution,12,6,6
Ashery,elune,576,paladin,retribution,12,6,6
Зебхан,thermaplugg,576,paladin,retribution,12,6,6
Vysavo,draenor,576,paladin,retribution,12,6,6
Ærîo,dalaran,576,paladin,retribution,12,6,6
Käiser,shendralar,576,paladin,retribution,12,6,6
Âkäshi,khaz-modan,576,paladin,retribution,12,6,6
Pöm,khaz-modan,576,paladin,retribution,12,6,6
Alekks,silvermoon,576,paladin,retribution,12,6,6
Ineffable,dun-modr,576,paladin,retribution,12,6,6
Holyshêêt,draenor,576,paladin,retribution,12,6,6
Диджейнобабл,howling-fjord,576,paladin,retribution,12,6,6
Vandergrift,archimonde,576,paladin,retribution,12,6,6
Akcope,thunderhorn,576,paladin,retribution,12,6,6
Gabrîel,sanguino,576,paladin,retribution,12,6,6
Skengdaddy,ragnaros,576,paladin,retribution,12,6,6
Elrondyl,magtheridon,576,paladin,retribution,12,6,6
Aldio,pozzo-delleternità,576,paladin,retribution,12,6,6
Бляля,gordunni,576,paladin,retribution,12,6,6
Darnito,blackmoore,576,paladin,retribution,15,7,8
Qotro,ravencrest,576,paladin,retribution,13,6,7
Aimee,draenor,576,paladin,retribution,16,7,9
Stooti,ragnaros,576,paladin,retribution,14,6,8
Thickets,argent-dawn,576,paladin,retribution,18,6,12
Esebenjamin,dun-modr,576,paladin,retribution,18,6,12
Bigfatpig,ravencrest,576,paladin,retribution,18,6,12
Topoholy,tarren-mill,576,paladin,retribution,18,6,12
Tödelbröt,eredar,576,paladin,retribution,18,6,12
Bopstar,tarren-mill,576,paladin,retribution,18,6,12
Анфлераж,gordunni,576,paladin,retribution,18,6,12
Retríciusz,ragnaros,576,paladin,retribution,18,6,12
Byczorek,turalyon,576,paladin,retribution,18,6,12
Mooderna,ravencrest,576,paladin,retribution,18,6,12
Îshybî,archimonde,576,paladin,retribution,18,6,12
Armion,stormscale,576,paladin,retribution,18,6,12
Czachadymii,defias-brotherhood,576,paladin,retribution,18,6,12
Kelduril,draenor,576,paladin,retribution,18,6,12
Glorfindel,tarren-mill,576,paladin,retribution,18,6,12
Dobbygotsock,kazzak,576,paladin,retribution,18,6,12
Bothways,stormscale,576,paladin,retribution,18,6,12
Генатрамбон,howling-fjord,576,paladin,retribution,18,6,12
Valzyffs,twisting-nether,576,paladin,retribution,18,6,12
Blauerwürger,blackmoore,576,paladin,retribution,18,6,12
Exfire,daggerspine,576,paladin,retribution,18,6,12
Zefirin,ragnaros,576,paladin,retribution,18,6,12
Goatmode,echsenkessel,576,paladin,retribution,18,6,12
Phannelle,ysondre,576,paladin,retribution,18,6,12
Illythia,anachronos,576,paladin,retribution,18,6,12
Ironkra,stormscale,576,paladin,retribution,18,6,12
Dyna,outland,576,paladin,retribution,18,6,12
Sonil,les-sentinelles,576,paladin,retribution,18,6,12
Dunklerzwerg,the-maelstrom,576,paladin,retribution,18,6,12
Saht,silvermoon,576,paladin,retribution,18,6,12
Fortasec,aggra-português,576,paladin,retribution,18,6,12
Teebxu,outland,576,paladin,retribution,18,6,12
Mâêdhrøsx,ravencrest,576,paladin,retribution,18,6,12
Keineshoe,argent-dawn,576,paladin,retribution,18,6,12
Meldø,drakthul,576,paladin,retribution,18,6,12
Cycodin,garrosh,576,paladin,retribution,18,6,12
Bierstierr,blackrock,576,paladin,retribution,18,6,12
Lôrelei,blackrock,576,paladin,retribution,24,6,18
Vokesh,silvermoon,576,paladin,retribution,24,6,18
Huevo,frostmane,576,paladin,retribution,24,6,18
Mylilholy,twisting-nether,576,paladin,retribution,24,6,18
Berethas,darksorrow,575,paladin,retribution,6,6,0
Luxeliel,zuljin,575,paladin,retribution,12,6,6
Eyebluee,tarren-mill,575,paladin,retribution,12,6,6
Tehdark,outland,575,paladin,retribution,12,6,6
Phillipe,illidan,575,paladin,retribution,12,6,6
Mustaach,grim-batol,575,paladin,retribution,12,6,6
Runeington,silvermoon,575,paladin,retribution,12,6,6
Vandorin,dun-morogh,575,paladin,retribution,12,6,6
Hardliquor,blades-edge,575,paladin,retribution,12,6,6
Blazix,kazzak,575,paladin,retribution,12,6,6
Justsush,hyjal,575,paladin,retribution,12,6,6
Pewpews,twisting-nether,575,paladin,retribution,12,6,6
Illusio,defias-brotherhood,575,paladin,retribution,12,6,6
Kendomendo,ravencrest,575,paladin,retribution,12,6,6
Greatme,frostmane,575,paladin,retribution,12,6,6
Kimberveils,blackrock,575,paladin,retribution,12,6,6
Protson,burning-legion,575,paladin,retribution,12,6,6
Eldivin,hyjal,575,paladin,retribution,12,6,6
Вэлвэлвэл,soulflayer,575,paladin,retribution,12,6,6
Poutoux,archimonde,575,paladin,retribution,12,6,6
Naxvrim,antonidas,575,paladin,retribution,12,6,6
Bcrp,ragnaros,575,paladin,retribution,12,6,6
Labadin,darkspear,575,paladin,retribution,12,6,6
Dildodin,ravencrest,575,paladin,retribution,12,6,6
Sæsh,die-aldor,575,paladin,retribution,12,6,6
Rohb,blackmoore,575,paladin,retribution,12,6,6
Helson,draenor,575,paladin,retribution,12,6,6
Retornot,silvermoon,575,paladin,retribution,12,6,6
Yourholyness,darksorrow,575,paladin,retribution,12,6,6
Monchéri,stormscale,575,paladin,retribution,12,6,6
Phystos,culte-de-la-rive-noire,575,paladin,retribution,12,6,6
Тамплиир,gordunni,575,paladin,retribution,12,6,6
Andrõs,argent-dawn,575,paladin,retribution,15,7,8
Solcustos,tarren-mill,575,paladin,retribution,18,6,12
Palaska,hyjal,575,paladin,retribution,18,6,12
Ragonas,mannoroth,575,paladin,retribution,18,6,12
Vhestas,dun-modr,575,paladin,retribution,18,6,12
Inquîsîtor,bronze-dragonflight,575,paladin,retribution,18,6,12
Pålegg,emerald-dream,575,paladin,retribution,18,6,12
Câlon,twisting-nether,575,paladin,retribution,18,6,12
Sudija,ravencrest,575,paladin,retribution,18,6,12
Szuberto,silvermoon,575,paladin,retribution,18,6,12
Ippex,silvermoon,575,paladin,retribution,18,6,12
Edathar,argent-dawn,575,paladin,retribution,24,6,18
Goouse,marécage-de-zangar,574,paladin,retribution,12,6,6
Mormazor,outland,574,paladin,retribution,12,6,6
Roxian,burning-blade,574,paladin,retribution,12,6,6
Dönki,hyjal,574,paladin,retribution,12,6,6
Легионор,galakrond,574,paladin,retribution,12,6,6
Humaladi,draenor,574,paladin,retribution,18,6,12
Palatak,outland,574,paladin,retribution,24,6,18
Areiia,antonidas,574,paladin,retribution,24,6,18
Moriex,drakthul,573,paladin,retribution,24,6,18
Sèrgàs,blackhand,573,paladin,retribution,30,6,24
Renalex,ravencrest,572,paladin,retribution,12,6,6
Munuin,silvermoon,572,paladin,retribution,18,6,12
Aggipala,blackhand,572,paladin,retribution,18,6,12
Lunarrider,ravencrest,572,paladin,retribution,24,6,18
Hrubo,drakthul,570,paladin,retribution,12,6,6
Modf,draenor,569,paladin,retribution,12,6,6
Elannor,sylvanas,569,paladin,retribution,12,6,6
Marcelinin,khaz-modan,569,paladin,retribution,33,7,26
Nicgr,nemesis,566,paladin,retribution,12,6,6
Vengryn,turalyon,566,paladin,retribution,37,8,29
Årés,sanguino,565,paladin,retribution,12,6,6
Shendis,uldaman,565,paladin,retribution,12,6,6
Севенола,galakrond,565,paladin,retribution,18,6,12
Иусто,howling-fjord,559,paladin,retribution,17,6,11
Tofrus,kazzak,559,paladin,retribution,23,6,17
Ràwx,twisting-nether,559,paladin,retribution,23,6,17
Hegolas,terrordar,557,paladin,retribution,23,6,17
Ретроградий,howling-fjord,543,paladin,retribution,16,6,10
Meljipson,kazzak,543,paladin,retribution,23,6,17
Darkliight,kazzak,542,paladin,retribution,14,7,7
Yornoc,argent-dawn,528,paladin,retribution,15,6,9
Ragunav,draenor,527,paladin,retribution,11,6,5
Kurasame,eredar,527,paladin,retribution,11,6,5
Ichimaru,burning-legion,527,paladin,retribution,11,6,5
Optì,eredar,527,paladin,retribution,11,6,5
Cattelsaan,hyjal,527,paladin,retribution,15,6,9
Abellá,silvermoon,527,paladin,retribution,23,6,17
Brunhildd,blackrock,526,paladin,retribution,15,6,9
Plsdøntusemd,ravencrest,522,paladin,retribution,17,8,9
Purrifire,sylvanas,522,paladin,retribution,16,7,9
Grafleopold,lothar,522,paladin,retribution,23,8,15
Marikido,archimonde,522,paladin,retribution,21,7,14
Окилан,gordunni,522,paladin,retribution,21,7,14
Митахо,gordunni,522,paladin,retribution,21,7,14
Тошши,soulflayer,522,paladin,retribution,28,8,20
Uriel,scarshield-legion,520,paladin,retribution,16,8,8
Bulladin,silvermoon,512,paladin,retribution,10,6,4
Faldrinx,hyjal,511,paladin,retribution,14,6,8
Meýra,aegwynn,511,paladin,retribution,14,6,8
Babypic,ambossar,511,paladin,retribution,14,6,8
Selfix,silvermoon,509,paladin,retribution,28,6,22
Shinka,blutkessel,507,paladin,retribution,23,6,17
Rockymarcian,hyjal,506,paladin,retribution,16,6,10
Prínce,earthen-ring,495,paladin,retribution,13,6,7
Markomir,frostmourne,495,paladin,retribution,13,6,7
Vickolaïvïs,dun-modr,480,paladin,retribution,6,5,1
Espada,anachronos,480,paladin,retribution,6,5,1
Retstaar,draenor,480,paladin,retribution,6,5,1
Luzdosol,blackrock,480,paladin,retribution,6,5,1
Zygerpal,outland,480,paladin,retribution,6,5,1
Feaná,silvermoon,480,paladin,retribution,6,5,1
Taurantes,garona,480,paladin,retribution,6,5,1
Soupra,silvermoon,480,paladin,retribution,6,5,1
Zûrry,arthas,480,paladin,retribution,6,5,1
Paradok,thrall,480,paladin,retribution,6,5,1
Zïons,hyjal,480,paladin,retribution,6,5,1
Rallerexi,silvermoon,480,paladin,retribution,6,5,1
Joeybananaa,blackhand,480,paladin,retribution,6,5,1
Antajesús,thrall,480,paladin,retribution,6,5,1
Ранрика,blackscar,480,paladin,retribution,6,5,1
Sabríel,ragnaros,480,paladin,retribution,6,5,1
Bountyrider,kazzak,480,paladin,retribution,6,5,1
Holypowerr,ragnaros,480,paladin,retribution,6,5,1
Mclovinn,hyjal,480,paladin,retribution,6,5,1
Тенькопыт,howling-fjord,480,paladin,retribution,6,5,1
Voycetwo,frostwolf,480,paladin,retribution,6,5,1
Budás,sanguino,480,paladin,retribution,6,5,1
Tryggt,the-shatar,480,paladin,retribution,6,5,1
Baddaddy,stormscale,480,paladin,retribution,6,5,1
Holyfatherr,draenor,480,paladin,retribution,6,5,1
Palapix,tarren-mill,480,paladin,retribution,6,5,1
Yezitzme,blackrock,480,paladin,retribution,6,5,1
Mörkepisod,tarren-mill,480,paladin,retribution,6,5,1
Ravnz,ragnaros,480,paladin,retribution,6,5,1
Мультас,gordunni,480,paladin,retribution,6,5,1
Ryven,stormscale,480,paladin,retribution,6,5,1
Chocodin,drakthul,480,paladin,retribution,6,5,1
Röland,sanguino,480,paladin,retribution,6,5,1
Daj,draenor,480,paladin,retribution,6,5,1
Анстапблх,gordunni,480,paladin,retribution,6,5,1
Licht,sanguino,480,paladin,retribution,6,5,1
Melvòó,blackrock,480,paladin,retribution,9,6,3
Ralphwiggum,stormrage,480,paladin,retribution,9,6,3
Финэдин,gordunni,480,paladin,retribution,9,6,3
Ryanretnolds,stormscale,480,paladin,retribution,10,6,4
Pigma,outland,480,paladin,retribution,13,7,6
Deathseekerv,saurfang,480,paladin,retribution,12,5,7
Пашштет,gordunni,480,paladin,retribution,12,5,7
Danierrs,burning-legion,480,paladin,retribution,12,5,7
Danaklies,dragonblight,480,paladin,retribution,12,5,7
Arrakkis,ravencrest,480,paladin,retribution,12,5,7
Enviniv,tarren-mill,480,paladin,retribution,12,5,7
Роллерблэйд,gordunni,480,paladin,retribution,12,5,7
Célésté,ravencrest,480,paladin,retribution,12,5,7
Леруся,eversong,480,paladin,retribution,12,5,7
Gambá,stormscale,480,paladin,retribution,12,5,7
Fannypoo,sylvanas,480,paladin,retribution,12,5,7
Zaopink,blackhand,480,paladin,retribution,12,5,7
Сладупся,gordunni,480,paladin,retribution,12,5,7
Mozaiczny,burning-legion,480,paladin,retribution,12,5,7
Miøura,medivh,480,paladin,retribution,12,5,7
Ашурыч,gordunni,480,paladin,retribution,12,5,7
Хикано,gordunni,480,paladin,retribution,12,5,7
Retdemption,ravencrest,480,paladin,retribution,12,5,7
Бортовский,ashenvale,480,paladin,retribution,12,5,7
Onishu,blackhand,480,paladin,retribution,12,5,7
Скидульф,blackscar,480,paladin,retribution,12,5,7
Tiduqt,antonidas,480,paladin,retribution,12,5,7
Greckoe,blackhand,480,paladin,retribution,12,5,7
Боремир,borean-tundra,480,paladin,retribution,12,5,7
Equityy,burning-legion,480,paladin,retribution,12,5,7
Danielbróck,argent-dawn,480,paladin,retribution,12,5,7
Shirts,ravencrest,480,paladin,retribution,12,5,7
Roflemente,bladefist,480,paladin,retribution,12,5,7
Syjinora,teldrassil,480,paladin,retribution,12,5,7
Рукибудды,soulflayer,480,paladin,retribution,12,5,7
Oldo,eredar,480,paladin,retribution,12,5,7
Chillmachine,stormscale,480,paladin,retribution,12,5,7
Эрогот,gordunni,480,paladin,retribution,12,5,7
Heihåå,ravencrest,480,paladin,retribution,12,5,7
Ньюфи,deathguard,480,paladin,retribution,12,5,7
Morggann,drakthul,480,paladin,retribution,12,5,7
Ksama,ysondre,480,paladin,retribution,12,5,7
Pallajalla,the-maelstrom,480,paladin,retribution,12,5,7
Holysznajt,burning-legion,480,paladin,retribution,12,5,7
Fotmfactory,stormscale,480,paladin,retribution,12,5,7
Ракнапали,gordunni,480,paladin,retribution,12,5,7
Нойззмс,gordunni,480,paladin,retribution,12,5,7
Karatus,ravencrest,480,paladin,retribution,12,5,7
Тевеон,gordunni,480,paladin,retribution,12,5,7
Skølir,rashgarroth,480,paladin,retribution,12,5,7
Свётаякорова,thermaplugg,480,paladin,retribution,12,5,7
Vladium,argent-dawn,480,paladin,retribution,12,5,7
Palafrugell,sanguino,480,paladin,retribution,12,5,7
Биллирэй,gordunni,480,paladin,retribution,12,5,7
Takálus,eredar,480,paladin,retribution,12,5,7
Zeffêx,stormscale,480,paladin,retribution,12,5,7
Valintor,burning-legion,480,paladin,retribution,12,5,7
Scoobywooby,sanguino,480,paladin,retribution,12,5,7
Hifyve,kazzak,480,paladin,retribution,12,5,7
Cêa,blackrock,480,paladin,retribution,12,5,7
Bassutei,outland,480,paladin,retribution,12,5,7
Evohammer,silvermoon,480,paladin,retribution,12,5,7
Palatarlouze,khaz-modan,480,paladin,retribution,12,5,7
Héphäistos,silvermoon,480,paladin,retribution,12,5,7
Palá,dun-modr,480,paladin,retribution,12,5,7
Bootysmasher,silvermoon,480,paladin,retribution,12,5,7
Хам,razuvious,480,paladin,retribution,12,5,7
Alvinzinho,aggra-português,480,paladin,retribution,12,5,7
Èternus,blackmoore,480,paladin,retribution,12,5,7
Quelly,das-syndikat,480,paladin,retribution,12,5,7
Kylaz,die-ewige-wacht,480,paladin,retribution,12,5,7
Mikalia,aegwynn,480,paladin,retribution,12,5,7
Petrzajonc,outland,480,paladin,retribution,12,5,7
Timias,silvermoon,480,paladin,retribution,12,5,7
Milenia,nemesis,480,paladin,retribution,12,5,7
Malakbel,ragnaros,480,paladin,retribution,12,5,7
Обиронн,howling-fjord,480,paladin,retribution,12,5,7
Yuvile,destromath,480,paladin,retribution,12,5,7
Valonforth,magtheridon,480,paladin,retribution,12,5,7
Palacetámol,gorgonnash,480,paladin,retribution,12,5,7
Xestie,twisting-nether,480,paladin,retribution,12,5,7
Eldhana,archimonde,480,paladin,retribution,12,5,7
Eazyé,twisting-nether,480,paladin,retribution,12,5,7
Csvepanszul,ragnaros,480,paladin,retribution,12,5,7
Pawlouf,hyjal,480,paladin,retribution,12,5,7
Lyan,archimonde,480,paladin,retribution,12,5,7
Гниленький,razuvious,480,paladin,retribution,12,5,7
Swapxyr,aegwynn,480,paladin,retribution,12,5,7
Blazkowicz,twisting-nether,480,paladin,retribution,12,5,7
Mecah,hyjal,480,paladin,retribution,12,5,7
Dêstî,silvermoon,480,paladin,retribution,12,5,7
Sephirøth,thrall,480,paladin,retribution,12,5,7
Crupth,outland,480,paladin,retribution,12,5,7
Arakir,ragnaros,480,paladin,retribution,12,5,7
Hiloqtpala,blackmoore,480,paladin,retribution,12,5,7
Kewell,dun-modr,480,paladin,retribution,12,5,7
Harakiri,kargath,480,paladin,retribution,12,5,7
Kamî,sanguino,480,paladin,retribution,12,5,7
Prd,grim-batol,480,paladin,retribution,12,5,7
Clubpaladin,kazzak,480,paladin,retribution,12,5,7
Hatoms,hyjal,480,paladin,retribution,12,5,7
Emloses,outland,480,paladin,retribution,12,5,7
Eisenbiaga,blackmoore,480,paladin,retribution,12,5,7
Kaähz,archimonde,480,paladin,retribution,12,5,7
Ascendeadqt,kazzak,480,paladin,retribution,12,5,7
Bascelik,outland,480,paladin,retribution,12,5,7
Truman,draenor,480,paladin,retribution,12,5,7
Ênma,archimonde,480,paladin,retribution,12,5,7
Fotoniy,kazzak,480,paladin,retribution,12,5,7
Cølalight,aegwynn,480,paladin,retribution,12,5,7
Docoùla,twisting-nether,480,paladin,retribution,12,5,7
Gallifreya,archimonde,480,paladin,retribution,12,5,7
Poporfour,archimonde,480,paladin,retribution,12,5,7
Retzrik,kazzak,480,paladin,retribution,12,5,7
Mauly,kazzak,480,paladin,retribution,12,5,7
Høj,archimonde,480,paladin,retribution,12,5,7
Zetnic,kazzak,480,paladin,retribution,12,5,7
Sìlver,conseil-des-ombres,480,paladin,retribution,12,5,7
Pompée,dalaran,480,paladin,retribution,12,5,7
Instaraid,blackmoore,480,paladin,retribution,12,5,7
Himèji,pozzo-delleternità,480,paladin,retribution,12,5,7
Bacilla,archimonde,480,paladin,retribution,12,5,7
Trixiee,twisting-nether,480,paladin,retribution,12,5,7
Ðesolace,twisting-nether,480,paladin,retribution,12,5,7
Shanderhilo,pozzo-delleternità,480,paladin,retribution,12,5,7
Ichessepopel,blackrock,480,paladin,retribution,12,5,7
Zynk,magtheridon,480,paladin,retribution,12,5,7
Aresian,burning-legion,480,paladin,retribution,13,5,8
Coome,argent-dawn,480,paladin,retribution,17,5,12
Xiuya,dun-modr,480,paladin,retribution,18,5,13
Зеппели,gordunni,480,paladin,retribution,18,5,13
Светочпок,howling-fjord,480,paladin,retribution,18,5,13
Wrathènal,darksorrow,480,paladin,retribution,18,5,13
Ijego,silvermoon,480,paladin,retribution,18,5,13
Onlyfanuser,stormscale,480,paladin,retribution,18,5,13
Roshtrade,stormscale,480,paladin,retribution,18,5,13
Ерфати,gordunni,480,paladin,retribution,18,5,13
Eîon,argent-dawn,480,paladin,retribution,18,5,13
Zethhx,stormscale,480,paladin,retribution,18,5,13
Touchpally,ravencrest,480,paladin,retribution,18,5,13
Adevald,silvermoon,480,paladin,retribution,18,5,13
Meriween,ravencrest,480,paladin,retribution,18,5,13
Shassera,ravencrest,480,paladin,retribution,18,5,13
Trainors,chamber-of-aspects,480,paladin,retribution,18,5,13
Мэркес,fordragon,480,paladin,retribution,18,5,13
Fatalism,draenor,480,paladin,retribution,18,5,13
Cøctab,kirin-tor,480,paladin,retribution,18,5,13
Turbopal,burning-blade,480,paladin,retribution,18,5,13
Strätholme,drakthul,480,paladin,retribution,18,5,13
Jameshowlett,archimonde,480,paladin,retribution,18,5,13
Копранесса,soulflayer,480,paladin,retribution,18,5,13
Ywrow,burning-blade,480,paladin,retribution,18,5,13
Anaùtra,twisting-nether,480,paladin,retribution,24,5,19
Skemfar,sanguino,480,paladin,retribution,24,5,19
Cadearas,antonidas,480,paladin,retribution,24,5,19
Shuiwang,outland,480,paladin,retribution,24,5,19
Évo,drakthul,480,paladin,retribution,24,5,19
Exobyte,stormscale,480,paladin,retribution,24,5,19
Korgant,burning-legion,480,paladin,retribution,30,5,25
Phlek,drakthul,479,paladin,retribution,6,5,1
Nosliw,frostwolf,479,paladin,retribution,6,5,1
Solyra,blackhand,479,paladin,retribution,12,5,7
Pallyman,arthas,479,paladin,retribution,12,5,7
Pyhälehmä,alakir,479,paladin,retribution,12,5,7
Missti,azjolnerub,479,paladin,retribution,12,5,7
Taffz,burning-legion,479,paladin,retribution,12,5,7
Zelenskiy,ravencrest,479,paladin,retribution,12,5,7
Angelwings,nefarian,479,paladin,retribution,12,5,7
Dykopala,doomhammer,479,paladin,retribution,12,5,7
Ibus,silvermoon,479,paladin,retribution,12,5,7
Сасмен,blackscar,479,paladin,retribution,12,5,7
Rettarded,draenor,479,paladin,retribution,12,5,7
Brammers,doomhammer,479,paladin,retribution,12,5,7
Lightsblood,outland,479,paladin,retribution,12,5,7
Nasgar,nemesis,479,paladin,retribution,12,5,7
Майнстер,gordunni,479,paladin,retribution,12,5,7
Bakasnoop,hyjal,479,paladin,retribution,12,5,7
Tomforøl,aggramar,479,paladin,retribution,12,5,7
Bullser,anubarak,479,paladin,retribution,12,5,7
Subzerox,ravenholdt,479,paladin,retribution,12,5,7
Grannybash,silvermoon,479,paladin,retribution,12,5,7
Nasrudan,ravenholdt,479,paladin,retribution,18,5,13
Drestaen,drakthul,479,paladin,retribution,18,5,13
Eriesh,cthun,479,paladin,retribution,18,5,13
Aelaris,dunemaul,479,paladin,retribution,18,5,13
Petitonnerre,khaz-modan,479,paladin,retribution,18,5,13
Aion,chamber-of-aspects,479,paladin,retribution,18,5,13
Pipiczek,outland,479,paladin,retribution,23,5,18
Azhodiir,the-maelstrom,479,paladin,retribution,24,5,19
Klumie,silvermoon,479,paladin,retribution,24,5,19
Mysticlight,sylvanas,478,paladin,retribution,18,8,10
Nerdcore,blackrock,478,paladin,retribution,12,5,7
Holydaybro,doomhammer,478,paladin,retribution,12,5,7
Mirelaw,drakthul,478,paladin,retribution,12,5,7
Shrékhead,hellfire,478,paladin,retribution,12,5,7
Aluken,nemesis,478,paladin,retribution,12,5,7
Holyfriend,kazzak,478,paladin,retribution,18,5,13
Четкийчервь,soulflayer,478,paladin,retribution,18,5,13
Antrapo,khaz-modan,478,paladin,retribution,18,5,13
Русскийяя,gordunni,477,paladin,retribution,6,5,1
Chofre,thunderhorn,477,paladin,retribution,18,5,13
Zantria,alleria,476,paladin,retribution,12,5,7
Magott,doomhammer,475,paladin,retribution,12,5,7
Lysân,eredar,475,paladin,retribution,12,5,7
ßell,antonidas,475,paladin,retribution,12,5,7
Palabrïsa,sanguino,474,paladin,retribution,15,6,9
Parkla,twisting-nether,473,paladin,retribution,12,5,7
Yeohinyiu,khaz-modan,472,paladin,retribution,12,5,7
Hateze,kazzak,472,paladin,retribution,12,5,7
Yeretria,krasus,472,paladin,retribution,12,5,7
Aïzo,archimonde,468,paladin,retribution,24,8,16
Stunheallol,blackrock,448,paladin,retribution,10,5,5
Seirén,grim-batol,447,paladin,retribution,11,5,6
Гкм,howling-fjord,447,paladin,retribution,11,5,6
Slayton,twisting-nether,447,paladin,retribution,11,5,6
Sacro,quelthalas,447,paladin,retribution,11,5,6
Kevlar,frostmane,446,paladin,retribution,12,6,6
Åvra,ysondre,432,paladin,retribution,15,5,10
Sunnyboy,tarren-mill,431,paladin,retribution,11,5,6
Saltletts,thrall,431,paladin,retribution,15,5,10
Theodun,xavius,430,paladin,retribution,11,5,6
Siirrinna,tarren-mill,426,paladin,retribution,12,6,6
Бэнсон,ashenvale,426,paladin,retribution,15,6,9
Mipendz,draenor,426,paladin,retribution,22,6,16
Zell,silvermoon,414,paladin,retribution,16,5,11
Zouppis,ravencrest,400,paladin,retribution,7,5,2
Паланр,fordragon,400,paladin,retribution,7,5,2
Dunksunk,draenor,399,paladin,retribution,13,5,8
Pilowpallo,kazzak,398,paladin,retribution,13,5,8
Rektardin,quelthalas,384,paladin,retribution,6,4,2
Mariahuana,sanguino,384,paladin,retribution,6,4,2
Позабытый,deathweaver,384,paladin,retribution,6,4,2
Baradus,ragnaros,384,paladin,retribution,6,4,2
Jaime,magtheridon,384,paladin,retribution,6,4,2
Wertre,sanguino,384,paladin,retribution,6,4,2
Джиблэйд,gordunni,384,paladin,retribution,6,4,2
Jungergot,aegwynn,384,paladin,retribution,6,4,2
Mikank,dun-modr,384,paladin,retribution,6,4,2
Idin,nemesis,384,paladin,retribution,6,4,2
Tigurius,zuljin,384,paladin,retribution,6,4,2
Volkai,zuljin,384,paladin,retribution,6,4,2
Sunstrider,quelthalas,384,paladin,retribution,6,4,2
Gotrehk,nemesis,384,paladin,retribution,6,4,2
Фоггихохо,gordunni,384,paladin,retribution,6,4,2
Paladoom,magtheridon,384,paladin,retribution,6,4,2
Élion,les-clairvoyants,384,paladin,retribution,6,4,2
Chobb,thunderhorn,384,paladin,retribution,6,4,2
Унаги,borean-tundra,384,paladin,retribution,6,4,2
Tyarel,aegwynn,384,paladin,retribution,6,4,2
Zeggayoda,nemesis,384,paladin,retribution,6,4,2
Pssddgg,ragnaros,384,paladin,retribution,6,4,2
Lightbreak,quelthalas,384,paladin,retribution,6,4,2
Miskok,twisting-nether,384,paladin,retribution,6,4,2
Драгмитухел,gordunni,384,paladin,retribution,6,4,2
Firfiris,twisting-nether,384,paladin,retribution,6,4,2
Òlymp,blackhand,384,paladin,retribution,6,4,2
Saucisse,archimonde,384,paladin,retribution,6,4,2
Whiteflash,archimonde,384,paladin,retribution,6,4,2
Daddyolimpp,kazzak,384,paladin,retribution,6,4,2
Heatace,blackrock,384,paladin,retribution,6,4,2
Jamzypaladin,kazzak,384,paladin,retribution,6,4,2
Deworld,tarren-mill,384,paladin,retribution,6,4,2
Tritôn,draenor,384,paladin,retribution,6,4,2
Kraco,tarren-mill,384,paladin,retribution,6,4,2
Zùlka,krasus,384,paladin,retribution,6,4,2
Naizem,dun-modr,384,paladin,retribution,6,4,2
Yerosoc,burning-legion,384,paladin,retribution,6,4,2
Foxcroft,argent-dawn,384,paladin,retribution,6,4,2
Любитель,azuregos,384,paladin,retribution,6,4,2
Zeportpala,archimonde,384,paladin,retribution,6,4,2
Unhittable,draenor,384,paladin,retribution,6,4,2
Âmroth,blackrock,384,paladin,retribution,6,4,2
Babycoomer,draenor,384,paladin,retribution,6,4,2
Sukársugár,silvermoon,384,paladin,retribution,6,4,2
Referee,blackrock,384,paladin,retribution,6,4,2
Raluz,kazzak,384,paladin,retribution,6,4,2
Arcillus,stormscale,384,paladin,retribution,6,4,2
Malaquè,blackrock,384,paladin,retribution,6,4,2
Syrkxion,silvermoon,384,paladin,retribution,6,4,2
Naaruda,kazzak,384,paladin,retribution,6,4,2
Судья,greymane,384,paladin,retribution,6,4,2
Лиадринель,howling-fjord,384,paladin,retribution,6,4,2
Elwenepal,archimonde,384,paladin,retribution,6,4,2
Шандарм,howling-fjord,384,paladin,retribution,6,4,2
Spartacøn,kazzak,384,paladin,retribution,6,4,2
Colpadeltank,kazzak,384,paladin,retribution,6,4,2
Udrik,proudmoore,384,paladin,retribution,6,4,2
Gunnhilde,stormscale,384,paladin,retribution,6,4,2
Gigaqueenie,karazhan,384,paladin,retribution,6,4,2
Haudrupp,blackmoore,384,paladin,retribution,6,4,2
Judercy,kaelthas,384,paladin,retribution,6,4,2
Marmotaxx,dun-modr,384,paladin,retribution,6,4,2
Кукусяшка,gordunni,384,paladin,retribution,6,4,2
Akamis,drakthul,384,paladin,retribution,6,4,2
Alciera,silvermoon,384,paladin,retribution,6,4,2
Veléxis,outland,384,paladin,retribution,6,4,2
Oriath,draenor,384,paladin,retribution,6,4,2
Хегр,soulflayer,384,paladin,retribution,6,4,2
Cake,alakir,384,paladin,retribution,6,4,2
Keem,aszune,384,paladin,retribution,6,4,2
Synnas,hyjal,384,paladin,retribution,6,4,2
Raratina,draenor,384,paladin,retribution,6,4,2
Melastra,thrall,384,paladin,retribution,6,4,2
Бабичпал,soulflayer,384,paladin,retribution,6,4,2
Dagren,arathor,384,paladin,retribution,6,4,2
Peacekeep,stormscale,384,paladin,retribution,6,4,2
Missmyhoj,archimonde,384,paladin,retribution,6,4,2
Соргосош,gordunni,384,paladin,retribution,6,4,2
Æmiø,blackmoore,384,paladin,retribution,6,4,2
Eorzea,auchindoun,384,paladin,retribution,6,4,2
Baldcvnt,ravencrest,384,paladin,retribution,6,4,2
Tigér,ravencrest,384,paladin,retribution,6,4,2
Sabriaña,silvermoon,384,paladin,retribution,6,4,2
Raek,stormscale,384,paladin,retribution,6,4,2
Wiither,argent-dawn,384,paladin,retribution,6,4,2
Dragongîrl,lothar,384,paladin,retribution,6,4,2
Zhàø,ysondre,384,paladin,retribution,6,4,2
Léona,hyjal,384,paladin,retribution,6,4,2
Morgoth,daggerspine,384,paladin,retribution,6,4,2
Phiana,blackmoore,384,paladin,retribution,6,4,2
Gökbörû,blackmoore,384,paladin,retribution,6,4,2
Rölfchen,frostwolf,384,paladin,retribution,6,4,2
Elenia,baelgun,384,paladin,retribution,6,4,2
Aprânax,twisting-nether,384,paladin,retribution,6,4,2
Shevøçk,ravencrest,384,paladin,retribution,6,4,2
Vulence,the-shatar,384,paladin,retribution,6,4,2
Madarä,arathi,384,paladin,retribution,6,4,2
Ajany,blackmoore,384,paladin,retribution,6,4,2
Nezgrôs,hyjal,384,paladin,retribution,6,4,2
Crussaden,stormscale,384,paladin,retribution,7,4,3
Lotarios,tarren-mill,384,paladin,retribution,9,5,4
Zenfuki,draenor,384,paladin,retribution,9,5,4
Ashengelm,silvermoon,384,paladin,retribution,9,5,4
Shoogle,alonsus,384,paladin,retribution,9,4,5
Хилвкд,blackscar,384,paladin,retribution,11,4,7
Erebir,burning-blade,384,paladin,retribution,11,4,7
Alliencookie,elune,384,paladin,retribution,15,5,10
Athênâ,azjolnerub,384,paladin,retribution,15,5,10
Mîskine,archimonde,384,paladin,retribution,12,4,8
Highcrown,argent-dawn,384,paladin,retribution,12,4,8
Somaxpala,burning-legion,384,paladin,retribution,12,4,8
Alawdi,ysondre,384,paladin,retribution,12,4,8
Бладриус,howling-fjord,384,paladin,retribution,12,4,8
Gahar,grim-batol,384,paladin,retribution,12,4,8
Бритыйносок,grom,384,paladin,retribution,12,4,8
Mystràs,khaz-modan,384,paladin,retribution,12,4,8
Lopal,silvermoon,384,paladin,retribution,12,4,8
Зираэлис,gordunni,384,paladin,retribution,12,4,8
Розовыйбабл,gordunni,384,paladin,retribution,12,4,8
Astamye,ysondre,384,paladin,retribution,12,4,8
Cyborg,ysondre,384,paladin,retribution,12,4,8
Турбобит,gordunni,384,paladin,retribution,12,4,8
Beefcake,bladefist,384,paladin,retribution,12,4,8
Isyllë,dalaran,384,paladin,retribution,12,4,8
Kimozabie,ravencrest,384,paladin,retribution,12,4,8
Jericcho,dun-modr,384,paladin,retribution,12,4,8
Øazimutø,archimonde,384,paladin,retribution,12,4,8
Ревирант,howling-fjord,384,paladin,retribution,12,4,8
Celilinda,kiljaeden,384,paladin,retribution,12,4,8
Bundagains,silvermoon,384,paladin,retribution,12,4,8
Æternal,arathor,384,paladin,retribution,12,4,8
Ambîorix,dun-modr,384,paladin,retribution,12,4,8
Sgiach,draenor,384,paladin,retribution,12,4,8
Lucretius,kilrogg,384,paladin,retribution,12,4,8
Prómetheus,malygos,384,paladin,retribution,12,4,8
Artoriaz,ravencrest,384,paladin,retribution,12,4,8
Yeetholy,ragnaros,384,paladin,retribution,12,4,8
Gilgadlor,stormscale,384,paladin,retribution,12,4,8
Дрейв,soulflayer,384,paladin,retribution,12,4,8
Arkkipiispa,outland,384,paladin,retribution,12,4,8
Anathena,twisting-nether,384,paladin,retribution,12,4,8
Etzann,draenor,384,paladin,retribution,12,4,8
Stoneð,antonidas,384,paladin,retribution,12,4,8
Светиздырки,howling-fjord,384,paladin,retribution,12,4,8
Kielonpala,kazzak,384,paladin,retribution,12,4,8
Grymbol,boulderfist,384,paladin,retribution,12,4,8
Brolaf,drakthul,384,paladin,retribution,12,4,8
Lazorx,eredar,384,paladin,retribution,12,4,8
Suavé,ravencrest,384,paladin,retribution,12,4,8
Crowdev,zuljin,384,paladin,retribution,12,4,8
Скруддж,howling-fjord,384,paladin,retribution,12,4,8
Поддыхдам,gordunni,384,paladin,retribution,12,4,8
Thaemónd,draenor,384,paladin,retribution,12,4,8
Dennyboy,sylvanas,384,paladin,retribution,12,4,8
Elyeasia,silvermoon,384,paladin,retribution,12,4,8
Takopa,twisting-nether,384,paladin,retribution,12,4,8
Халва,deathguard,384,paladin,retribution,12,4,8
Meatslice,boulderfist,384,paladin,retribution,12,4,8
Nerrona,silvermoon,384,paladin,retribution,12,4,8
Louxoxo,ravencrest,384,paladin,retribution,12,4,8
Hasart,tarren-mill,384,paladin,retribution,12,4,8
Nicolae,saurfang,384,paladin,retribution,12,4,8
Flashycactús,azjolnerub,384,paladin,retribution,12,4,8
Câillou,hyjal,384,paladin,retribution,12,4,8
Encoreret,kilrogg,384,paladin,retribution,12,4,8
Ivarlordbroc,hyjal,384,paladin,retribution,12,4,8
Cartell,dun-morogh,384,paladin,retribution,12,4,8
Jøløz,hyjal,384,paladin,retribution,12,4,8
Pecar,stormscale,384,paladin,retribution,12,4,8
Mehighlaw,chamber-of-aspects,384,paladin,retribution,12,4,8
Beefdaddykuu,ravencrest,384,paladin,retribution,12,4,8
Shealby,thrall,384,paladin,retribution,12,4,8
Spouny,archimonde,384,paladin,retribution,12,4,8
Киилаа,gordunni,384,paladin,retribution,12,4,8
Failhammer,tarren-mill,384,paladin,retribution,12,4,8
Karsini,arathor,384,paladin,retribution,12,4,8
Heidfield,draenor,384,paladin,retribution,12,4,8
Aleya,arathor,384,paladin,retribution,12,4,8
Kyrín,onyxia,384,paladin,retribution,12,4,8
Lullabye,runetotem,384,paladin,retribution,12,4,8
Ðrisk,defias-brotherhood,384,paladin,retribution,12,4,8
Xerya,dun-modr,384,paladin,retribution,12,4,8
Aal,eredar,384,paladin,retribution,12,4,8
Рокстум,gordunni,384,paladin,retribution,12,4,8
Defeero,das-syndikat,384,paladin,retribution,12,4,8
Ekber,ravencrest,384,paladin,retribution,12,4,8
Stjusmussel,ragnaros,384,paladin,retribution,12,4,8
Cørleena,eredar,384,paladin,retribution,12,4,8
Emîly,blackrock,384,paladin,retribution,12,4,8
Blockitp,stormscale,384,paladin,retribution,12,4,8
Lightbreaker,alleria,384,paladin,retribution,12,4,8
Rèdjàck,nemesis,384,paladin,retribution,12,4,8
Sorkara,argent-dawn,384,paladin,retribution,12,4,8
Chïefen,twisting-nether,384,paladin,retribution,12,4,8
Maycel,hyjal,384,paladin,retribution,12,4,8
Decroma,dalaran,384,paladin,retribution,12,4,8
Avengence,dragonblight,384,paladin,retribution,12,4,8
Cafa,turalyon,384,paladin,retribution,12,4,8
Эсмория,gordunni,384,paladin,retribution,12,4,8
Popelarr,burning-blade,384,paladin,retribution,12,4,8
Ríék,lightbringer,384,paladin,retribution,12,4,8
Raudo,stormscale,384,paladin,retribution,12,4,8
Бойкийкот,eversong,384,paladin,retribution,12,4,8
Sixtêên,silvermoon,384,paladin,retribution,12,4,8
Lástchaos,madmortem,384,paladin,retribution,12,4,8
Lionknight,sylvanas,384,paladin,retribution,12,4,8
Катсес,eversong,384,paladin,retribution,12,4,8
Reedaa,shattered-hand,384,paladin,retribution,12,4,8
Zlatniq,kazzak,384,paladin,retribution,12,4,8
Gellmar,the-maelstrom,384,paladin,retribution,12,4,8
Thiccdeeps,aegwynn,384,paladin,retribution,12,4,8
Hyduriak,lightnings-blade,384,paladin,retribution,12,4,8
Zarifence,ragnaros,384,paladin,retribution,12,4,8
Æfhm,blackrock,384,paladin,retribution,12,4,8
Granberg,twisting-nether,384,paladin,retribution,12,4,8
Rahhem,burning-legion,384,paladin,retribution,12,4,8
Ildarian,kazzak,384,paladin,retribution,12,4,8
Palapaye,archimonde,384,paladin,retribution,12,4,8
Cyban,twisting-nether,384,paladin,retribution,12,4,8
Tjú,mannoroth,384,paladin,retribution,12,4,8
Bugohoss,nathrezim,384,paladin,retribution,12,4,8
Douglazz,tarren-mill,384,paladin,retribution,13,4,9
Caedîs,antonidas,384,paladin,retribution,13,4,9
Synáx,blackhand,384,paladin,retribution,18,4,14
Vacalistarr,los-errantes,384,paladin,retribution,18,4,14
Pepegasensei,ravencrest,384,paladin,retribution,18,4,14
Sánexe,blackrock,384,paladin,retribution,18,4,14
Franciscø,conseil-des-ombres,384,paladin,retribution,18,4,14
Garzad,ravencrest,384,paladin,retribution,18,4,14
Erïn,rexxar,384,paladin,retribution,18,4,14
Masuroc,antonidas,384,paladin,retribution,18,4,14
Ruttodidio,outland,384,paladin,retribution,18,4,14
Trismegistos,bloodhoof,384,paladin,retribution,18,4,14
Загошслакер,howling-fjord,384,paladin,retribution,18,4,14
Neyd,hyjal,384,paladin,retribution,18,4,14
Jámesy,ravencrest,384,paladin,retribution,18,4,14
Galaerøn,elune,384,paladin,retribution,18,4,14
Tressðr,dun-modr,384,paladin,retribution,18,4,14
Caribbean,outland,384,paladin,retribution,18,4,14
Quelthemar,stormscale,384,paladin,retribution,18,4,14
Kretheus,argent-dawn,384,paladin,retribution,18,4,14
Minfa,argent-dawn,384,paladin,retribution,18,4,14
Notnding,draenor,384,paladin,retribution,18,4,14
Retfull,sylvanas,384,paladin,retribution,18,4,14
Mirihi,ungoro,384,paladin,retribution,18,4,14
Orbia,draenor,384,paladin,retribution,18,4,14
Wftw,draenor,384,paladin,retribution,18,4,14
Forthy,drakthul,384,paladin,retribution,18,4,14
Veriø,dun-modr,384,paladin,retribution,23,4,19
Zerosixsix,silvermoon,384,paladin,retribution,24,4,20
Микацури,howling-fjord,383,paladin,retribution,6,4,2
Lancelhot,archimonde,383,paladin,retribution,6,4,2
Toküt,elune,383,paladin,retribution,6,4,2
Purometa,silvermoon,383,paladin,retribution,6,4,2
Одиннадцатый,ashenvale,383,paladin,retribution,6,4,2
Рукаф,soulflayer,383,paladin,retribution,6,4,2
Krögerelf,garrosh,383,paladin,retribution,6,4,2
Supersnubben,grim-batol,383,paladin,retribution,6,4,2
Haseldin,dun-modr,383,paladin,retribution,15,5,10
Haggís,blackrock,383,paladin,retribution,12,4,8
Paladoon,ravencrest,383,paladin,retribution,12,4,8
Omixlis,ragnaros,383,paladin,retribution,12,4,8
Hilkisen,ragnaros,383,paladin,retribution,12,4,8
Faragevult,defias-brotherhood,383,paladin,retribution,12,4,8
Giuliagirod,kazzak,383,paladin,retribution,12,4,8
Syrenia,die-silberne-hand,383,paladin,retribution,12,4,8
Elvyri,silvermoon,383,paladin,retribution,12,4,8
Chunpala,silvermoon,383,paladin,retribution,12,4,8
Hélls,sargeras,383,paladin,retribution,12,4,8
Ságé,thrall,383,paladin,retribution,16,4,12
Lavacalistar,turalyon,383,paladin,retribution,21,5,16
Helm,emerald-dream,383,paladin,retribution,18,4,14
Shurikèn,khaz-modan,382,paladin,retribution,6,4,2
Larth,the-maelstrom,382,paladin,retribution,6,4,2
Izrak,stormscale,382,paladin,retribution,6,4,2
Kauto,aggra-português,382,paladin,retribution,18,4,14
Kulgan,aerie-peak,380,paladin,retribution,12,4,8
Anyhra,forscherliga,380,paladin,retribution,12,4,8
Palastratos,turalyon,379,paladin,retribution,12,4,8
Quantox,frostwolf,379,paladin,retribution,12,4,8
Bellight,sinstralis,376,paladin,retribution,19,4,15
Бомбящая,howling-fjord,367,paladin,retribution,11,4,7
Errn,ragnaros,367,paladin,retribution,11,4,7
Shawn,archimonde,352,paladin,retribution,10,4,6
Quietus,archimonde,352,paladin,retribution,10,4,6
Emakk,darksorrow,351,paladin,retribution,8,5,3
Taigetos,draenor,351,paladin,retribution,11,4,7
Kantfyrste,ravencrest,351,paladin,retribution,11,4,7
Holyfristy,ragnaros,351,paladin,retribution,11,4,7
Joeintkaa,ragnaros,351,paladin,retribution,11,4,7
Lorellion,burning-legion,351,paladin,retribution,11,4,7
Madzy,archimonde,351,paladin,retribution,11,4,7
Alerorn,kazzak,351,paladin,retribution,11,4,7
Strcker,sylvanas,336,paladin,retribution,9,4,5
Freemain,doomhammer,336,paladin,retribution,9,4,5
Methoss,ravencrest,336,paladin,retribution,19,5,14
Aufstapelnx,hyjal,335,paladin,retribution,11,4,7
Alanore,tarren-mill,330,paladin,retribution,13,6,7
Aldèbaràn,pozzo-delleternità,330,paladin,retribution,18,6,12
Каплясвета,gordunni,330,paladin,retribution,15,5,10
Vcd,kazzak,329,paladin,retribution,15,6,9
Stonebeard,ahnqiraj,329,paladin,retribution,25,5,20
Glâdiatør,blackrock,320,paladin,retribution,10,4,6
Tharión,thrall,320,paladin,retribution,10,4,6
Pétaìn,archimonde,320,paladin,retribution,16,4,12
Donkahonk,argent-dawn,319,paladin,retribution,5,4,1
Bossit,skullcrusher,319,paladin,retribution,5,4,1
Kyazar,sylvanas,319,paladin,retribution,5,4,1
Strìke,ragnaros,319,paladin,retribution,8,4,4
Vermilia,blackmoore,319,paladin,retribution,8,4,4
Артуроэльф,eversong,318,paladin,retribution,11,4,7
Макракура,gordunni,288,paladin,retribution,6,3,3
Veo,sylvanas,288,paladin,retribution,6,3,3
Guko,frostwolf,288,paladin,retribution,6,3,3
Saintjustice,hyjal,288,paladin,retribution,6,3,3
Septèmber,draenor,288,paladin,retribution,6,3,3
Рамстафарай,gordunni,288,paladin,retribution,6,3,3
Skullangel,illidan,288,paladin,retribution,6,3,3
Køllegah,ragnaros,288,paladin,retribution,6,3,3
Hyroshima,archimonde,288,paladin,retribution,6,3,3
Tikkiraj,guldan,288,paladin,retribution,6,3,3
Tonynox,hyjal,288,paladin,retribution,6,3,3
Rômtone,dalaran,288,paladin,retribution,6,3,3
Ñusret,aegwynn,288,paladin,retribution,6,3,3
Maravena,nazjatar,288,paladin,retribution,6,3,3
Holyshot,sylvanas,288,paladin,retribution,6,3,3
Sakulchan,antonidas,288,paladin,retribution,6,3,3
Trovlie,aegwynn,288,paladin,retribution,6,3,3
Minirempart,khaz-modan,288,paladin,retribution,6,3,3
Grievous,sporeggar,288,paladin,retribution,6,3,3
Vîdelle,eldrethalas,288,paladin,retribution,6,3,3
Dominoeffect,sylvanas,288,paladin,retribution,6,3,3
Баблодинх,gordunni,288,paladin,retribution,6,3,3
Hampilights,blackmoore,288,paladin,retribution,6,3,3
Rhadamentes,ysondre,288,paladin,retribution,6,3,3
Dyonisøs,archimonde,288,paladin,retribution,6,3,3
Tinia,azjolnerub,288,paladin,retribution,6,3,3
Myrtîllê,archimonde,288,paladin,retribution,6,3,3
Shaká,ravencrest,288,paladin,retribution,6,3,3
Yalen,ragnaros,288,paladin,retribution,6,3,3
Брюхатая,howling-fjord,288,paladin,retribution,6,3,3
Sakùrâ,eredar,288,paladin,retribution,6,3,3
Fahrèl,hyjal,288,paladin,retribution,6,3,3
Èrebos,lothar,288,paladin,retribution,6,3,3
Partysyster,defias-brotherhood,288,paladin,retribution,6,3,3
Valiena,sylvanas,288,paladin,retribution,6,3,3
Ashbringher,turalyon,288,paladin,retribution,6,3,3
Animegifx,ragnaros,288,paladin,retribution,6,3,3
Lixîa,hyjal,288,paladin,retribution,6,3,3
Divinetoll,argent-dawn,288,paladin,retribution,6,3,3
Xirôs,zirkel-des-cenarius,288,paladin,retribution,6,3,3
Reinvigorate,alleria,288,paladin,retribution,6,3,3
Astralenigma,hyjal,288,paladin,retribution,6,3,3
Blookedaro,sanguino,288,paladin,retribution,6,3,3
Henrolos,sanguino,288,paladin,retribution,6,3,3
Dathrohan,sanguino,288,paladin,retribution,6,3,3
Хилвиновен,gordunni,288,paladin,retribution,6,3,3
Milesteris,medivh,288,paladin,retribution,6,3,3
Ashe,burning-legion,288,paladin,retribution,6,3,3
Nubalas,kazzak,288,paladin,retribution,6,3,3
Senteha,stormscale,288,paladin,retribution,6,3,3
Sarunan,ravencrest,288,paladin,retribution,6,3,3
Fumbz,alakir,288,paladin,retribution,6,3,3
Sparckqt,nemesis,288,paladin,retribution,6,3,3
Volsen,blackmoore,288,paladin,retribution,6,3,3
Lóde,silvermoon,288,paladin,retribution,6,3,3
Hebegebe,runetotem,288,paladin,retribution,6,3,3
Baconhammer,ravencrest,288,paladin,retribution,6,3,3
Лидрезера,gordunni,288,paladin,retribution,6,3,3
Myfacehurtz,blackmoore,288,paladin,retribution,6,3,3
Skìðåððlè,antonidas,288,paladin,retribution,6,3,3
Grial,eredar,288,paladin,retribution,6,3,3
Grozdanus,ravencrest,288,paladin,retribution,6,3,3
Nympa,sylvanas,288,paladin,retribution,6,3,3
Dominiq,argent-dawn,288,paladin,retribution,6,3,3
Thomususholy,silvermoon,288,paladin,retribution,6,3,3
Ênmâ,archimonde,288,paladin,retribution,6,3,3
Hadthur,ragnaros,288,paladin,retribution,6,3,3
Tyn,dragonmaw,288,paladin,retribution,6,3,3
Rockyll,bloodfeather,288,paladin,retribution,6,3,3
Khredo,eredar,288,paladin,retribution,6,3,3
Paidi,die-todeskrallen,288,paladin,retribution,6,3,3
Наладчикк,howling-fjord,288,paladin,retribution,6,3,3
Бигтедо,gordunni,288,paladin,retribution,6,3,3
Белоус,howling-fjord,288,paladin,retribution,6,3,3
Bloodpala,malganis,288,paladin,retribution,6,3,3
Kristalos,aegwynn,288,paladin,retribution,6,3,3
Sekoran,sunstrider,288,paladin,retribution,6,3,3
Holythore,shadowsong,288,paladin,retribution,6,3,3
Novà,ravencrest,288,paladin,retribution,6,3,3
Tørque,archimonde,288,paladin,retribution,6,3,3
Vendrick,silvermoon,288,paladin,retribution,6,3,3
Dömö,burning-blade,288,paladin,retribution,6,3,3
Fourside,ragnaros,288,paladin,retribution,6,3,3
Laycie,kazzak,288,paladin,retribution,6,3,3
Ïrönhämmër,argent-dawn,288,paladin,retribution,6,3,3
Belåkor,silvermoon,288,paladin,retribution,6,3,3
Кокрыж,fordragon,288,paladin,retribution,6,3,3
Teronk,terokkar,288,paladin,retribution,6,3,3
Hojacat,tarren-mill,288,paladin,retribution,6,3,3
Kräms,cthun,288,paladin,retribution,6,3,3
Nakariâ,antonidas,288,paladin,retribution,6,3,3
Paladus,laughing-skull,288,paladin,retribution,6,3,3
Epipheny,frostmane,288,paladin,retribution,6,3,3
Perseusz,trollbane,288,paladin,retribution,6,3,3
Кузнейц,borean-tundra,288,paladin,retribution,6,3,3
Yoggsaron,dun-modr,288,paladin,retribution,6,3,3
Lyrïcs,ysondre,288,paladin,retribution,6,3,3
Røllßàck,archimonde,288,paladin,retribution,6,3,3
Hione,burning-legion,288,paladin,retribution,6,3,3
Batteque,silvermoon,288,paladin,retribution,6,3,3
Autrup,defias-brotherhood,288,paladin,retribution,6,3,3
Bashx,outland,288,paladin,retribution,6,3,3
Dédoniste,archimonde,288,paladin,retribution,6,3,3
Illmindofyou,twisting-nether,288,paladin,retribution,6,3,3
Karabas,thrall,288,paladin,retribution,6,3,3
Riziel,sanguino,288,paladin,retribution,6,3,3
Sangriul,outland,288,paladin,retribution,6,3,3
Баблвгкд,soulflayer,288,paladin,retribution,6,3,3
Neîlyô,dalaran,288,paladin,retribution,6,3,3
Goldarthas,silvermoon,288,paladin,retribution,6,3,3
Hidån,archimonde,288,paladin,retribution,6,3,3
Evenja,ambossar,288,paladin,retribution,6,3,3
Hium,zuljin,288,paladin,retribution,6,3,3
Noanoshy,eredar,288,paladin,retribution,6,3,3
Kuski,stormreaver,288,paladin,retribution,6,3,3
Fogell,ravencrest,288,paladin,retribution,6,3,3
Aoldur,ragnaros,288,paladin,retribution,6,3,3
Partur,stormreaver,288,paladin,retribution,6,3,3
Retroxy,stormreaver,288,paladin,retribution,6,3,3
Мортлайт,soulflayer,288,paladin,retribution,6,3,3
Reptoglad,archimonde,288,paladin,retribution,6,3,3
Sheytanâ,archimonde,288,paladin,retribution,6,3,3
Muieiulica,twisting-nether,288,paladin,retribution,6,3,3
Drstomp,ravencrest,288,paladin,retribution,6,3,3
Lobofka,spinebreaker,288,paladin,retribution,6,3,3
Golgel,turalyon,288,paladin,retribution,6,3,3
Astralz,aegwynn,288,paladin,retribution,6,3,3
Goofyret,ravencrest,288,paladin,retribution,6,3,3
Frostygar,draenor,288,paladin,retribution,6,3,3
Blackevill,outland,288,paladin,retribution,6,3,3
Lotheirid,antonidas,288,paladin,retribution,6,3,3
Sobolanu,ravencrest,288,paladin,retribution,6,3,3
Nosn,ravencrest,288,paladin,retribution,6,3,3
Watchmestomp,draenor,288,paladin,retribution,6,3,3
Ráydrax,dun-modr,288,paladin,retribution,6,3,3
Strangerx,blackrock,288,paladin,retribution,6,3,3
Édéssá,turalyon,288,paladin,retribution,6,3,3
Teuterix,drakthul,288,paladin,retribution,6,3,3
Quiçkér,kazzak,288,paladin,retribution,6,3,3
Karligolas,arygos,288,paladin,retribution,6,3,3
Isgarot,pozzo-delleternità,288,paladin,retribution,6,3,3
Thalyia,neptulon,288,paladin,retribution,6,3,3
Healmacan,thrall,288,paladin,retribution,6,3,3
Thunderwoman,ragnaros,288,paladin,retribution,6,3,3
Taukkï,kazzak,288,paladin,retribution,6,3,3
Ozen,blackrock,288,paladin,retribution,6,3,3
Joakìim,stormscale,288,paladin,retribution,6,3,3
Synexy,kazzak,288,paladin,retribution,6,3,3
Khrogan,bronzebeard,288,paladin,retribution,6,3,3
Cilodin,blackrock,288,paladin,retribution,6,3,3
Raketenreiko,blackrock,288,paladin,retribution,6,3,3
Zeltose,uldaman,288,paladin,retribution,6,3,3
Drwings,drakthul,288,paladin,retribution,6,3,3
Crazydiamond,garona,288,paladin,retribution,6,3,3
Daemøs,antonidas,288,paladin,retribution,6,3,3
Greebless,draenor,288,paladin,retribution,6,3,3
Trokas,theradras,288,paladin,retribution,6,3,3
Legenda,grim-batol,288,paladin,retribution,6,3,3
Môôses,kazzak,288,paladin,retribution,6,3,3
Juicydips,blackrock,288,paladin,retribution,6,3,3
Anniangel,sanguino,288,paladin,retribution,6,3,3
Xirac,antonidas,288,paladin,retribution,6,3,3
Sérath,twisting-nether,288,paladin,retribution,6,3,3
Hondur,blackmoore,288,paladin,retribution,6,3,3
Akarui,dun-modr,288,paladin,retribution,6,3,3
Exero,frostmane,288,paladin,retribution,6,3,3
Krístjan,silvermoon,288,paladin,retribution,6,3,3
Amq,blackhand,288,paladin,retribution,6,3,3
Kapsloch,twisting-nether,288,paladin,retribution,6,3,3
Vaciusta,silvermoon,288,paladin,retribution,6,3,3
Sixtynien,outland,288,paladin,retribution,6,3,3
Crashband,bronzebeard,288,paladin,retribution,6,3,3
Gipas,quelthalas,288,paladin,retribution,6,3,3
Dezaster,dentarg,288,paladin,retribution,6,3,3
Svipdag,quelthalas,288,paladin,retribution,6,3,3
Синтел,eversong,288,paladin,retribution,6,3,3
Aklime,blackmoore,288,paladin,retribution,6,3,3
Razztafari,tarren-mill,288,paladin,retribution,6,3,3
Dadsa,antonidas,288,paladin,retribution,6,3,3
Freakks,twisting-nether,288,paladin,retribution,6,3,3
Mayhem,area-52,288,paladin,retribution,6,3,3
Seráphím,ravencrest,288,paladin,retribution,6,3,3
Blessbabe,tarren-mill,288,paladin,retribution,6,3,3
Niyahnie,kazzak,288,paladin,retribution,6,3,3
Azzaelea,tarren-mill,288,paladin,retribution,6,3,3
Kicksnare,drakthul,288,paladin,retribution,6,3,3
Neoz,ravencrest,288,paladin,retribution,6,3,3
Lyann,bronzebeard,288,paladin,retribution,6,3,3
Reøl,blackmoore,288,paladin,retribution,6,3,3
Kelsumi,draenor,288,paladin,retribution,6,3,3
Xaldrèk,silvermoon,288,paladin,retribution,6,3,3
Ashalanor,kazzak,288,paladin,retribution,6,3,3
Mjjolnir,doomhammer,288,paladin,retribution,6,3,3
Artasia,kul-tiras,288,paladin,retribution,6,3,3
Heyley,twisting-nether,288,paladin,retribution,6,3,3
Паверармор,howling-fjord,288,paladin,retribution,6,3,3
Împala,twisting-nether,288,paladin,retribution,6,3,3
Dolleboy,twisting-nether,288,paladin,retribution,6,3,3
Grinchman,outland,288,paladin,retribution,6,3,3
Moolurk,stormscale,288,paladin,retribution,6,3,3
Deadpally,twisting-nether,288,paladin,retribution,6,3,3
Sírväs,stormscale,288,paladin,retribution,6,3,3
Londrette,kazzak,288,paladin,retribution,6,3,3
Palapouffe,khaz-modan,288,paladin,retribution,6,3,3
Véngeance,twilights-hammer,288,paladin,retribution,6,3,3
Stárchy,terenas,288,paladin,retribution,6,3,3
Vaillants,throkferoth,288,paladin,retribution,6,3,3
Meezu,ravencrest,288,paladin,retribution,6,3,3
Synthesis,uldum,288,paladin,retribution,6,3,3
Blechdøse,onyxia,288,paladin,retribution,6,3,3
Faté,madmortem,288,paladin,retribution,6,3,3
Vicirius,doomhammer,288,paladin,retribution,6,3,3
Léks,arathi,288,paladin,retribution,9,4,5
Kiingslayeer,kilrogg,288,paladin,retribution,9,4,5
Reven,aszune,288,paladin,retribution,7,3,4
Weyline,naxxramas,288,paladin,retribution,7,3,4
Dorlen,argent-dawn,288,paladin,retribution,10,4,6
Кельдерик,howling-fjord,288,paladin,retribution,8,3,5
Songg,zuljin,288,paladin,retribution,8,3,5
Aenhel,zuljin,288,paladin,retribution,11,4,7
Flegma,argent-dawn,288,paladin,retribution,10,3,7
Izelv,dalaran,288,paladin,retribution,12,3,9
Deholyloa,frostwhisper,288,paladin,retribution,12,3,9
Ilaris,amanthul,288,paladin,retribution,12,3,9
Táurax,frostwolf,288,paladin,retribution,12,3,9
Artemes,malorne,288,paladin,retribution,12,3,9
Çolette,silvermoon,288,paladin,retribution,12,3,9
Ардел,grom,288,paladin,retribution,12,3,9
Trollpaladin,blackmoore,288,paladin,retribution,12,3,9
Jámíe,kul-tiras,288,paladin,retribution,12,3,9
Cigoveth,sylvanas,288,paladin,retribution,12,3,9
Melitta,stormscale,288,paladin,retribution,12,3,9
Rocheford,silvermoon,288,paladin,retribution,12,3,9
Lucyd,stormscale,288,paladin,retribution,12,3,9
Sangaro,ragnaros,288,paladin,retribution,12,3,9
Иретис,gordunni,288,paladin,retribution,12,3,9
Sacrémounf,archimonde,288,paladin,retribution,12,3,9
Kiytrew,ravencrest,288,paladin,retribution,12,3,9
Iradiues,defias-brotherhood,288,paladin,retribution,12,3,9
Amadeo,genjuros,288,paladin,retribution,12,3,9
Zodshock,stormscale,288,paladin,retribution,12,3,9
Darkham,nemesis,288,paladin,retribution,12,3,9
Svåger,stormscale,288,paladin,retribution,12,3,9
Blecheîmer,aegwynn,288,paladin,retribution,12,3,9
Trwwsano,stormscale,288,paladin,retribution,12,3,9
Каадзуто,eversong,288,paladin,retribution,12,3,9
Proskillver,twisting-nether,288,paladin,retribution,12,3,9
Samewórld,hyjal,288,paladin,retribution,12,3,9
Lightpath,stormrage,288,paladin,retribution,12,3,9
Аладушок,gordunni,288,paladin,retribution,12,3,9
Xzpal,silvermoon,288,paladin,retribution,12,3,9
Kypamop,argent-dawn,288,paladin,retribution,12,3,9
Gigaheals,ravencrest,288,paladin,retribution,12,3,9
Japsee,runetotem,288,paladin,retribution,12,3,9
Flogiston,burning-legion,288,paladin,retribution,12,3,9
Светлолик,eversong,288,paladin,retribution,12,3,9
Ультравишня,howling-fjord,288,paladin,retribution,12,3,9
Lylennâ,argent-dawn,288,paladin,retribution,12,3,9
Healsgoodman,twisting-nether,288,paladin,retribution,12,3,9
Souror,blackmoore,288,paladin,retribution,12,3,9
Steelrose,auchindoun,288,paladin,retribution,12,3,9
Leseume,archimonde,288,paladin,retribution,12,3,9
Harvel,outland,288,paladin,retribution,12,3,9
Бетте,gordunni,288,paladin,retribution,12,3,9
Liquêdor,blackrock,288,paladin,retribution,12,3,9
Shinonorba,draenor,288,paladin,retribution,12,3,9
Strikè,stormscale,288,paladin,retribution,12,3,9
Slainer,zuljin,288,paladin,retribution,12,3,9
Галлионн,gordunni,288,paladin,retribution,12,3,9
Kerplonk,burning-legion,288,paladin,retribution,12,3,9
Môdhân,archimonde,288,paladin,retribution,12,3,9
Daveskylark,ravencrest,288,paladin,retribution,12,3,9
Kíamhalifa,twisting-nether,288,paladin,retribution,12,3,9
Ахелеззик,gordunni,288,paladin,retribution,12,3,9
Bjorg,exodar,288,paladin,retribution,12,3,9
Socalija,stormscale,288,paladin,retribution,12,3,9
Pokexx,ragnaros,288,paladin,retribution,12,3,9
Palaxus,archimonde,288,paladin,retribution,12,3,9
Arthàs,blackmoore,288,paladin,retribution,12,3,9
Агранна,soulflayer,288,paladin,retribution,12,3,9
Whórainzóne,eredar,288,paladin,retribution,12,3,9
Cilla,kult-der-verdammten,288,paladin,retribution,12,3,9
Gala,archimonde,288,paladin,retribution,12,3,9
Mandingbull,stormscale,288,paladin,retribution,12,3,9
Hyggë,sanguino,288,paladin,retribution,12,3,9
Simsaii,stormscale,288,paladin,retribution,12,3,9
Taptreus,antonidas,288,paladin,retribution,12,3,9
Inmortality,sanguino,288,paladin,retribution,12,3,9
Staturos,burning-legion,288,paladin,retribution,12,3,9
Xrilled,stormreaver,288,paladin,retribution,12,3,9
Liquesco,draenor,288,paladin,retribution,12,3,9
Тайронх,gordunni,288,paladin,retribution,12,3,9
Ауё,blackscar,288,paladin,retribution,12,3,9
Datrohan,burning-legion,288,paladin,retribution,12,3,9
Shneéz,blackmoore,288,paladin,retribution,12,3,9
Acction,outland,288,paladin,retribution,12,3,9
Fuyúrí,burning-legion,288,paladin,retribution,12,3,9
Puffington,tarren-mill,288,paladin,retribution,12,3,9
Skuzee,archimonde,288,paladin,retribution,12,3,9
Stonetide,argent-dawn,288,paladin,retribution,12,3,9
Forder,drakthul,288,paladin,retribution,12,3,9
Holyispro,kazzak,288,paladin,retribution,12,3,9
Azmocore,blackhand,288,paladin,retribution,12,3,9
Karljohan,grim-batol,288,paladin,retribution,12,3,9
Popolelo,dun-modr,288,paladin,retribution,12,3,9
Damelu,frostwhisper,288,paladin,retribution,14,3,11
Althalanor,drekthar,288,paladin,retribution,15,3,12
Xvoodoo,antonidas,288,paladin,retribution,17,3,14
Agrkan,defias-brotherhood,288,paladin,retribution,17,3,14
Fenik,dun-modr,288,paladin,retribution,18,3,15
Paintdafence,kazzak,288,paladin,retribution,18,3,15
Sztat,burning-legion,288,paladin,retribution,18,3,15
Herdekbaba,draenor,288,paladin,retribution,18,3,15
Lacrossé,kazzak,288,paladin,retribution,18,3,15
Símp,grim-batol,288,paladin,retribution,18,3,15
Ïwâ,hyjal,287,paladin,retribution,6,3,3
Sìegfrìed,sargeras,287,paladin,retribution,6,3,3
Psihar,kazzak,287,paladin,retribution,6,3,3
Crazyjackary,anachronos,287,paladin,retribution,6,3,3
Zakzak,anachronos,287,paladin,retribution,6,3,3
Althas,kirin-tor,287,paladin,retribution,6,3,3
Shiheki,anetheron,287,paladin,retribution,6,3,3
Lichtbrecher,khazgoroth,287,paladin,retribution,6,3,3
Драйнур,howling-fjord,287,paladin,retribution,12,3,9
Trevorion,argent-dawn,287,paladin,retribution,12,3,9
Cajikpal,drakthul,287,paladin,retribution,12,3,9
Bore,culte-de-la-rive-noire,287,paladin,retribution,12,3,9
Voraxpa,draenor,287,paladin,retribution,12,3,9
Brranko,aegwynn,287,paladin,retribution,12,3,9
Purgator,sanguino,287,paladin,retribution,18,3,15
Kwinn,aggra-português,286,paladin,retribution,10,5,5
Kûlu,alakir,286,paladin,retribution,6,3,3
Rsanchez,frostwolf,286,paladin,retribution,6,3,3
Jónus,azuremyst,285,paladin,retribution,12,3,9
Корвинхорн,soulflayer,281,paladin,retribution,18,6,12
Brictom,tarren-mill,271,paladin,retribution,11,3,8
Рбгхил,howling-fjord,271,paladin,retribution,11,3,8
Стилбич,gordunni,256,paladin,retribution,10,3,7
Догерон,deathguard,255,paladin,retribution,11,3,8
Lardoron,malygos,255,paladin,retribution,11,3,8
Bloodl,hakkar,255,paladin,retribution,11,3,8
Aleinedia,argent-dawn,240,paladin,retribution,9,3,6
Dodgemyhoj,kazzak,240,paladin,retribution,21,3,18
Alohaloa,blackrock,239,paladin,retribution,5,3,2
Pooncy,ragnaros,239,paladin,retribution,5,3,2
Påladinmamma,sunstrider,239,paladin,retribution,5,3,2
Cheriedamour,ysondre,239,paladin,retribution,5,3,2
Papel,kul-tiras,239,paladin,retribution,5,3,2
Droidlle,kult-der-verdammten,239,paladin,retribution,5,3,2
Pùrpléduh,tarren-mill,239,paladin,retribution,5,3,2
Erannor,kirin-tor,239,paladin,retribution,5,3,2
Manyouk,kazzak,239,paladin,retribution,5,3,2
Tuxa,blackrock,234,paladin,retribution,8,4,4
Tÿy,sylvanas,234,paladin,retribution,8,4,4
Jeeq,ravencrest,234,paladin,retribution,9,4,5
Dørvâp,culte-de-la-rive-noire,234,paladin,retribution,11,4,7
Pastabianco,ravencrest,234,paladin,retribution,12,4,8
Paladore,chogall,234,paladin,retribution,17,5,12
Bálerion,bronze-dragonflight,234,paladin,retribution,17,5,12
Millianoxys,norgannon,234,paladin,retribution,14,4,10
Andrøiz,dun-modr,234,paladin,retribution,15,4,11
Varreran,argent-dawn,234,paladin,retribution,16,4,12
Плат,gordunni,234,paladin,retribution,18,4,14
Abroxis,alleria,224,paladin,retribution,10,3,7
Suri,shattrath,223,paladin,retribution,8,3,5
Atomicbeard,turalyon,223,paladin,retribution,8,3,5
Beiluoshimen,archimonde,223,paladin,retribution,14,3,11
Bigwings,stormscale,208,paladin,retribution,13,3,10
Sharth,dalaran,192,paladin,retribution,4,3,1
Denko,ravencrest,192,paladin,retribution,4,3,1
Casiimuero,los-errantes,192,paladin,retribution,4,3,1
Valteryl,argent-dawn,192,paladin,retribution,4,3,1
Knugadin,stormscale,192,paladin,retribution,6,3,3
Certho,amanthul,192,paladin,retribution,9,3,6
Jizzlejammer,blackrock,192,paladin,retribution,6,2,4
Valanyr,kazzak,192,paladin,retribution,6,2,4
Heilgaharald,blackrock,192,paladin,retribution,6,2,4
Ainnamash,twisting-nether,192,paladin,retribution,6,2,4
Blazeê,blackrock,192,paladin,retribution,6,2,4
Baskoot,tarren-mill,192,paladin,retribution,6,2,4
Gottesbann,blackrock,192,paladin,retribution,6,2,4
Korupal,draenor,192,paladin,retribution,6,2,4
Almiraj,conseil-des-ombres,192,paladin,retribution,6,2,4
Obelliskapd,doomhammer,192,paladin,retribution,6,2,4
Eneomaos,blackrock,192,paladin,retribution,6,2,4
Doridin,tarren-mill,192,paladin,retribution,6,2,4
Haarmilch,blackhand,192,paladin,retribution,6,2,4
Yami,blackrock,192,paladin,retribution,6,2,4
Месатил,deathguard,192,paladin,retribution,6,2,4
Xoconuttv,ravencrest,192,paladin,retribution,6,2,4
Dekabik,tarren-mill,192,paladin,retribution,6,2,4
Lightshedder,twisting-nether,192,paladin,retribution,6,2,4
Galica,kazzak,192,paladin,retribution,6,2,4
Tybrain,blackhand,192,paladin,retribution,6,2,4
Paladéán,malganis,192,paladin,retribution,6,2,4
Soralî,dethecus,192,paladin,retribution,6,2,4
Lemarobebsi,draenor,192,paladin,retribution,6,2,4
Ksiladin,emeriss,192,paladin,retribution,6,2,4
Dntnerfmepls,blackrock,192,paladin,retribution,6,2,4
Trainwréck,ravencrest,192,paladin,retribution,6,2,4
Infería,blackhand,192,paladin,retribution,6,2,4
Onys,onyxia,192,paladin,retribution,6,2,4
Maxximuss,drekthar,192,paladin,retribution,6,2,4
Стасятко,grom,192,paladin,retribution,6,2,4
Hollyshiit,tarren-mill,192,paladin,retribution,6,2,4
Shakati,twisting-nether,192,paladin,retribution,6,2,4
Blurengo,blackrock,192,paladin,retribution,6,2,4
Blindevotion,the-maelstrom,192,paladin,retribution,6,2,4
Skankié,draenor,192,paladin,retribution,6,2,4
Aranel,kaelthas,192,paladin,retribution,6,2,4
Drjudge,draenor,192,paladin,retribution,6,2,4
Buddala,aerie-peak,192,paladin,retribution,6,2,4
Jelicy,antonidas,192,paladin,retribution,6,2,4
Rhonda,tarren-mill,192,paladin,retribution,6,2,4
Sprited,twisting-nether,192,paladin,retribution,6,2,4
Justaman,kazzak,192,paladin,retribution,6,2,4
Álita,tarren-mill,192,paladin,retribution,6,2,4
Akako,outland,192,paladin,retribution,6,2,4
Doomhornqt,outland,192,paladin,retribution,6,2,4
Iamdurumrush,outland,192,paladin,retribution,6,2,4
Wingsftw,blackhand,192,paladin,retribution,6,2,4
Altoangelo,outland,192,paladin,retribution,6,2,4
Thurnberg,blackhand,192,paladin,retribution,6,2,4
Logmár,sanguino,192,paladin,retribution,6,2,4
Xesta,tarren-mill,192,paladin,retribution,6,2,4
Shirohige,pozzo-delleternità,192,paladin,retribution,6,2,4
Кизайрус,soulflayer,192,paladin,retribution,6,2,4
Athomos,pozzo-delleternità,192,paladin,retribution,6,2,4
Vrotkarpala,azjolnerub,192,paladin,retribution,6,2,4
Cripxoo,sanguino,192,paladin,retribution,6,2,4
Grømit,drakthul,192,paladin,retribution,6,2,4
Radiantblood,ravencrest,192,paladin,retribution,6,2,4
Вольфрамтанк,soulflayer,192,paladin,retribution,6,2,4
Colloss,blackmoore,192,paladin,retribution,6,2,4
Soxsnort,twisting-nether,192,paladin,retribution,6,2,4
Retrikuc,stormscale,192,paladin,retribution,6,2,4
Drasir,nemesis,192,paladin,retribution,6,2,4
Alberix,tarren-mill,192,paladin,retribution,6,2,4
Xîndra,blackmoore,192,paladin,retribution,6,2,4
Thelinara,antonidas,192,paladin,retribution,6,2,4
Boturak,blackrock,192,paladin,retribution,6,2,4
Crispydixx,draenor,192,paladin,retribution,6,2,4
Roktok,nozdormu,192,paladin,retribution,6,2,4
Strøb,antonidas,192,paladin,retribution,6,2,4
Bookmarkz,stormscale,192,paladin,retribution,6,2,4
Halori,ragnaros,192,paladin,retribution,6,2,4
Pava,blackmoore,192,paladin,retribution,6,2,4
Marihuána,ragnaros,192,paladin,retribution,6,2,4
Zixxo,outland,192,paladin,retribution,6,2,4
Gnomestomper,blackmoore,192,paladin,retribution,6,2,4
Stupidgame,outland,192,paladin,retribution,6,2,4
Лебоввски,blackscar,192,paladin,retribution,6,2,4
Cjis,kazzak,192,paladin,retribution,6,2,4
Malvax,ragnaros,192,paladin,retribution,6,2,4
Митзефиста,soulflayer,192,paladin,retribution,6,2,4
Загадзуга,howling-fjord,192,paladin,retribution,6,2,4
Афликтшаман,howling-fjord,192,paladin,retribution,6,2,4
Crownroyal,twisting-nether,192,paladin,retribution,6,2,4
Panomecon,magtheridon,192,paladin,retribution,6,2,4
Tusti,tarren-mill,192,paladin,retribution,6,2,4
Сотраногод,soulflayer,192,paladin,retribution,6,2,4
Стэнтон,soulflayer,192,paladin,retribution,6,2,4
Elfiama,draenor,192,paladin,retribution,6,2,4
Raigun,sylvanas,192,paladin,retribution,6,2,4
Témplár,ragnaros,192,paladin,retribution,6,2,4
Drëa,chogall,192,paladin,retribution,6,2,4
Ráyøn,antonidas,192,paladin,retribution,6,2,4
Hompra,outland,192,paladin,retribution,6,2,4
Debzpala,twisting-nether,192,paladin,retribution,6,2,4
Bozznamaan,thrall,192,paladin,retribution,6,2,4
Эйлара,howling-fjord,192,paladin,retribution,6,2,4
Maxunius,antonidas,192,paladin,retribution,6,2,4
Paradice,ragnaros,192,paladin,retribution,6,2,4
Liféféar,tarren-mill,192,paladin,retribution,6,2,4
Marshmallów,silvermoon,192,paladin,retribution,6,2,4
Yaxz,ravencrest,192,paladin,retribution,6,2,4
Luthorhuss,vashj,192,paladin,retribution,6,2,4
Sangrèin,nerathor,192,paladin,retribution,6,2,4
Knex,laughing-skull,192,paladin,retribution,6,2,4
Zephale,sunstrider,192,paladin,retribution,6,2,4
Tâmâki,thrall,192,paladin,retribution,6,2,4
Azraise,stormscale,192,paladin,retribution,6,2,4
Daviaa,silvermoon,192,paladin,retribution,6,2,4
Augin,blackmoore,192,paladin,retribution,6,2,4
Kyngqp,aegwynn,192,paladin,retribution,6,2,4
Tamarian,frostwhisper,192,paladin,retribution,6,2,4
Agomhar,sanguino,192,paladin,retribution,6,2,4
Onedayplay,blackmoore,192,paladin,retribution,6,2,4
Элестаге,gordunni,192,paladin,retribution,6,2,4
Mainex,anetheron,192,paladin,retribution,6,2,4
Aragonm,outland,192,paladin,retribution,6,2,4
Ashariah,die-aldor,192,paladin,retribution,6,2,4
Elites,arathor,192,paladin,retribution,6,2,4
Apokalypson,draenor,192,paladin,retribution,6,2,4
Necrozi,stormscale,192,paladin,retribution,6,2,4
Palacheatlol,ysondre,192,paladin,retribution,6,2,4
Потрепал,blackscar,192,paladin,retribution,6,2,4
Håmmer,hellfire,192,paladin,retribution,6,2,4
Ðeswynd,hyjal,192,paladin,retribution,6,2,4
Froning,khaz-modan,192,paladin,retribution,6,2,4
Escanoir,azshara,192,paladin,retribution,6,2,4
Boblightyear,stormscale,192,paladin,retribution,6,2,4
Tsomoo,antonidas,192,paladin,retribution,6,2,4
Tindal,stormscale,192,paladin,retribution,6,2,4
Menikeas,quelthalas,192,paladin,retribution,6,2,4
Bierknecht,azshara,192,paladin,retribution,6,2,4
Legrandnain,archimonde,192,paladin,retribution,6,2,4
Djstompyasis,blackmoore,192,paladin,retribution,6,2,4
Holyape,argent-dawn,192,paladin,retribution,6,2,4
Сильверный,gordunni,192,paladin,retribution,6,2,4
Shápzx,draenor,192,paladin,retribution,6,2,4
Gornim,die-nachtwache,192,paladin,retribution,6,2,4
Palador,thrall,192,paladin,retribution,6,2,4
Адари,howling-fjord,192,paladin,retribution,6,2,4
Allihans,antonidas,192,paladin,retribution,6,2,4
Lùthér,argent-dawn,192,paladin,retribution,6,2,4
Theorien,silvermoon,192,paladin,retribution,6,2,4
Slymm,archimonde,192,paladin,retribution,6,2,4
Aksoû,hyjal,192,paladin,retribution,6,2,4
Kralimarko,stormscale,192,paladin,retribution,6,2,4
Saliver,frostwolf,192,paladin,retribution,6,2,4
Unluckycrit,ravencrest,192,paladin,retribution,6,2,4
Akahira,amanthul,192,paladin,retribution,6,2,4
Ntï,hyjal,192,paladin,retribution,6,2,4
Wingedtruck,draenor,192,paladin,retribution,6,2,4
Туларион,grom,192,paladin,retribution,6,2,4
Smygelicous,ragnaros,192,paladin,retribution,6,2,4
Neopleyadess,dun-modr,192,paladin,retribution,6,2,4
Zanzito,hyjal,192,paladin,retribution,6,2,4
Arthacalan,silvermoon,192,paladin,retribution,6,2,4
Finnstrong,aegwynn,192,paladin,retribution,6,2,4
Heligtanus,shattered-hand,192,paladin,retribution,6,2,4
Armenethos,ravencrest,192,paladin,retribution,6,2,4
Aemind,dun-modr,192,paladin,retribution,6,2,4
Razarus,sylvanas,192,paladin,retribution,6,2,4
Kova,sylvanas,192,paladin,retribution,6,2,4
Artanys,argent-dawn,192,paladin,retribution,6,2,4
Leidykiler,minahonda,192,paladin,retribution,6,2,4
Evelelor,ravencrest,192,paladin,retribution,6,2,4
Samypalouf,naxxramas,192,paladin,retribution,6,2,4
Canihavesome,sylvanas,192,paladin,retribution,6,2,4
Lightsimper,silvermoon,192,paladin,retribution,6,2,4
Питохин,gordunni,192,paladin,retribution,6,2,4
Xephiroxus,the-venture-co,192,paladin,retribution,6,2,4
Elyssi,ravencrest,192,paladin,retribution,6,2,4
Everessa,sylvanas,192,paladin,retribution,6,2,4
Jackinh,silvermoon,192,paladin,retribution,6,2,4
Zion,minahonda,192,paladin,retribution,6,2,4
Nemestörp,silvermoon,192,paladin,retribution,6,2,4
Димаходж,blackscar,192,paladin,retribution,6,2,4
Waramo,eredar,192,paladin,retribution,6,2,4
Rözum,burning-legion,192,paladin,retribution,6,2,4
Kariarasu,eredar,192,paladin,retribution,6,2,4
Vans,nazjatar,192,paladin,retribution,6,2,4
Breakafly,doomhammer,192,paladin,retribution,6,2,4
Ironhïde,defias-brotherhood,192,paladin,retribution,6,2,4
Никитаберс,gordunni,192,paladin,retribution,6,2,4
Antitodas,argent-dawn,192,paladin,retribution,6,2,4
Pryzmath,burning-legion,192,paladin,retribution,6,2,4
Nickko,ysondre,192,paladin,retribution,6,2,4
Azaleane,ravencrest,192,paladin,retribution,6,2,4
Halløwed,draenor,192,paladin,retribution,6,2,4
Skolux,silvermoon,192,paladin,retribution,6,2,4
Донхеген,galakrond,192,paladin,retribution,6,2,4
Вишенций,howling-fjord,192,paladin,retribution,6,2,4
Гачипаладинн,galakrond,192,paladin,retribution,6,2,4
Flashhèart,draenor,192,paladin,retribution,6,2,4
Loseyourmind,burning-legion,192,paladin,retribution,6,2,4
Salthar,dun-modr,192,paladin,retribution,6,2,4
Krhamos,archimonde,192,paladin,retribution,6,2,4
Palalightdfq,dalaran,192,paladin,retribution,6,2,4
Thaldriel,la-croisade-écarlate,192,paladin,retribution,6,2,4
Blinkdrink,ragnaros,192,paladin,retribution,6,2,4
Scörpia,sanguino,192,paladin,retribution,6,2,4
Tézzé,khaz-modan,192,paladin,retribution,6,2,4
Дэвайнэвил,gordunni,192,paladin,retribution,6,2,4
Kael,darkspear,192,paladin,retribution,6,2,4
Présidential,grim-batol,192,paladin,retribution,6,2,4
Komamrod,archimonde,192,paladin,retribution,6,2,4
Ejoz,suramar,192,paladin,retribution,6,2,4
Белонка,gordunni,192,paladin,retribution,6,2,4
Palargus,ravencrest,192,paladin,retribution,6,2,4
Kapaeus,aggramar,192,paladin,retribution,6,2,4
Tópgee,ravencrest,192,paladin,retribution,6,2,4
Hottie,eldrethalas,192,paladin,retribution,6,2,4
Chizpal,silvermoon,192,paladin,retribution,6,2,4
Palek,burning-legion,192,paladin,retribution,6,2,4
Tykki,stormreaver,192,paladin,retribution,6,2,4
Pipifeng,silvermoon,192,paladin,retribution,6,2,4
Seradawn,ravencrest,192,paladin,retribution,6,2,4
Spellcrow,argent-dawn,192,paladin,retribution,6,2,4
Doormat,stormreaver,192,paladin,retribution,6,2,4
Ярлд,gordunni,192,paladin,retribution,6,2,4
Héraclèss,marécage-de-zangar,192,paladin,retribution,6,2,4
Rdypaladin,ravencrest,192,paladin,retribution,6,2,4
Пепескарлет,howling-fjord,192,paladin,retribution,6,2,4
Tríckfoot,argent-dawn,192,paladin,retribution,6,2,4
Arthemos,archimonde,192,paladin,retribution,6,2,4
Palabrux,colinas-pardas,192,paladin,retribution,6,2,4
Wzzy,ravencrest,192,paladin,retribution,6,2,4
Brihgiul,archimonde,192,paladin,retribution,6,2,4
Boonner,burning-legion,192,paladin,retribution,6,2,4
Clerik,eredar,192,paladin,retribution,6,2,4
Bokuto,cthun,192,paladin,retribution,6,2,4
Zbykmasta,burning-legion,192,paladin,retribution,6,2,4
Alto,nordrassil,192,paladin,retribution,6,2,4
Faithsealer,nordrassil,192,paladin,retribution,6,2,4
Senjug,doomhammer,192,paladin,retribution,6,2,4
Parathíen,aegwynn,192,paladin,retribution,7,2,5
Votiones,tarren-mill,192,paladin,retribution,7,2,5
Lâlexâ,blackrock,192,paladin,retribution,12,2,10
Mariuhûna,blackmoore,192,paladin,retribution,12,2,10
Holythings,kazzak,192,paladin,retribution,12,2,10
Tyrallan,ragnaros,192,paladin,retribution,12,2,10
Lihli,wildhammer,192,paladin,retribution,12,2,10
Leriell,ravencrest,192,paladin,retribution,12,2,10
Frías,zuljin,192,paladin,retribution,12,2,10
Kesra,die-todeskrallen,192,paladin,retribution,12,2,10
Docdoolittle,magtheridon,192,paladin,retribution,12,2,10
Crawini,ragnaros,192,paladin,retribution,12,2,10
Reinwaltz,the-maelstrom,192,paladin,retribution,12,2,10
Svddendeäthx,ragnaros,192,paladin,retribution,12,2,10
Ragneal,hyjal,192,paladin,retribution,12,2,10
Chitanta,sylvanas,192,paladin,retribution,12,2,10
Jacare,ravencrest,192,paladin,retribution,12,2,10
Tamilekimono,archimonde,192,paladin,retribution,12,2,10
Heavenfist,stormscale,192,paladin,retribution,12,2,10
Remedios,archimonde,192,paladin,retribution,12,2,10
Poloqq,burning-legion,192,paladin,retribution,12,2,10
Hupson,dun-modr,192,paladin,retribution,12,2,10
Palatouche,sargeras,192,paladin,retribution,12,2,10
Berenguer,outland,192,paladin,retribution,12,2,10
Raýz,elune,192,paladin,retribution,12,2,10
Hølly,twisting-nether,192,paladin,retribution,12,2,10
Kyrion,gilneas,192,paladin,retribution,12,2,10
Sanriel,silvermoon,192,paladin,retribution,12,2,10
Samious,draenor,192,paladin,retribution,12,2,10
Emax,ravencrest,192,paladin,retribution,12,2,10
Angeliqué,alakir,192,paladin,retribution,12,2,10
Мунрейм,gordunni,192,paladin,retribution,12,2,10
Djasuo,burning-blade,192,paladin,retribution,12,2,10
Imperiius,stormscale,192,paladin,retribution,12,2,10
Hordium,doomhammer,192,paladin,retribution,12,2,10
Blutpaladin,antonidas,192,paladin,retribution,12,2,10
Лимфома,goldrinn,192,paladin,retribution,12,2,10
Eri,aegwynn,192,paladin,retribution,12,2,10
Lowfi,argent-dawn,192,paladin,retribution,12,2,10
Rhyua,eredar,192,paladin,retribution,12,2,10
Cunix,draenor,192,paladin,retribution,12,2,10
Aluzza,sylvanas,192,paladin,retribution,12,2,10
Палагэнг,howling-fjord,192,paladin,retribution,12,2,10
Pârâsite,hyjal,192,paladin,retribution,12,2,10
Khalyon,hyjal,192,paladin,retribution,12,2,10
Ciscó,ragnaros,192,paladin,retribution,12,2,10
Zimmt,blackmoore,192,paladin,retribution,12,2,10
Bkbstormcrow,thrall,192,paladin,retribution,12,2,10
Bubblekanta,antonidas,192,paladin,retribution,12,2,10
Ashenbeast,tarren-mill,192,paladin,retribution,12,2,10
Verix,thrall,192,paladin,retribution,12,2,10
Fufuw,ysondre,192,paladin,retribution,12,2,10
Wigbilly,tarren-mill,192,paladin,retribution,12,2,10
Lightian,twisting-nether,192,paladin,retribution,12,2,10
Akagami,ysondre,192,paladin,retribution,12,2,10
Slayerq,outland,192,paladin,retribution,12,2,10
Stormtrooper,azuremyst,192,paladin,retribution,12,2,10
Asilas,ravencrest,192,paladin,retribution,12,2,10
Häßlerwarr,aegwynn,192,paladin,retribution,12,2,10
Erathör,sanguino,192,paladin,retribution,12,2,10
Galaxxumi,ragnaros,192,paladin,retribution,12,2,10
Marex,antonidas,192,paladin,retribution,12,2,10
Bergalerga,frostmane,192,paladin,retribution,12,2,10
Posidin,nemesis,192,paladin,retribution,12,2,10
Catali,sanguino,192,paladin,retribution,13,2,11
Snorrï,ravencrest,192,paladin,retribution,13,2,11
Kökslaktarn,sylvanas,192,paladin,retribution,21,3,18
Stillgard,ghostlands,192,paladin,retribution,15,2,13
Bwser,silvermoon,192,paladin,retribution,18,2,16
Dëadlywish,zenedar,192,paladin,retribution,18,2,16
Ccquent,varimathras,192,paladin,retribution,18,2,16
Dawner,defias-brotherhood,192,paladin,retribution,18,2,16
Ibubbleqt,outland,192,paladin,retribution,18,2,16
Cyxanacma,silvermoon,192,paladin,retribution,18,2,16
Arbuzno,draenor,1971,paladin,protection,102,80,22
Maximumtaste,ravencrest,1874,paladin,protection,42,33,9
Hoodnachoz,outland,1842,paladin,protection,36,30,6
Sterben,aegwynn,1805,paladin,protection,101,57,44
Sonnywalkman,twisting-nether,1799,paladin,protection,42,32,10
Sartshield,aerie-peak,1772,paladin,protection,102,57,45
Âmba,blackrock,1757,paladin,protection,123,83,40
Vivalabeef,stormscale,1723,paladin,protection,53,34,19
Гниленький,razuvious,1712,paladin,protection,29,20,9
Justífiéd,kazzak,1683,paladin,protection,42,20,22
Statscowski,thrall,1659,paladin,protection,52,28,24
Collinnawin,aegwynn,1656,paladin,protection,298,142,156
Mørfi,antonidas,1654,paladin,protection,64,34,30
Arkhàn,ravencrest,1634,paladin,protection,202,116,86
Leotheron,boulderfist,1627,paladin,protection,823,553,270
Фабийвальдор,soulflayer,1621,paladin,protection,72,48,24
Timbadin,frostwolf,1608,paladin,protection,47,32,15
Eåsy,argent-dawn,1603,paladin,protection,175,96,79
Tippressure,ravencrest,1593,paladin,protection,64,41,23
Bariy,auchindoun,1579,paladin,protection,124,68,56
Elitest,hyjal,1550,paladin,protection,219,84,135
Craft,frostwolf,1548,paladin,protection,70,32,38
Phlakorn,blackhand,1542,paladin,protection,90,50,40
Schrikii,archimonde,1538,paladin,protection,84,49,35
Savión,silvermoon,1528,paladin,protection,53,32,21
Sutbeyaz,twisting-nether,1524,paladin,protection,31,21,10
Zireth,silvermoon,1523,paladin,protection,24,16,8
Uswieconyra,silvermoon,1523,paladin,protection,83,42,41
Маиэр,gordunni,1494,paladin,protection,65,31,34
Supremerage,silvermoon,1474,paladin,protection,80,42,38
Силугор,soulflayer,1470,paladin,protection,107,53,54
Neopronouns,minahonda,1465,paladin,protection,30,20,10
Galevar,argent-dawn,1464,paladin,protection,140,69,71
Sìlver,conseil-des-ombres,1461,paladin,protection,42,21,21
Haringoth,argent-dawn,1453,paladin,protection,78,42,36
Mocnyreka,silvermoon,1450,paladin,protection,89,48,41
Ðizzmo,bloodfeather,1444,paladin,protection,232,118,114
Oldsqlmofu,blackrock,1437,paladin,protection,40,24,16
Gabubex,tarren-mill,1435,paladin,protection,176,101,75
Leadfoot,argent-dawn,1430,paladin,protection,98,66,32
Ponce,los-errantes,1400,paladin,protection,42,19,23
Whiteraven,rexxar,1391,paladin,protection,60,26,34
Шмыгапал,eversong,1389,paladin,protection,38,20,18
Dolff,argent-dawn,1379,paladin,protection,59,30,29
Баибар,soulflayer,1378,paladin,protection,162,89,73
Jûstice,kirin-tor,1378,paladin,protection,175,86,89
Broolaf,antonidas,1374,paladin,protection,131,67,64
Бранв,gordunni,1369,paladin,protection,78,49,29
Swiatlomiecz,silvermoon,1366,paladin,protection,60,23,37
Medium,frostwolf,1362,paladin,protection,29,15,14
Krispce,bloodhoof,1360,paladin,protection,66,40,26
Ðivine,stormscale,1359,paladin,protection,130,60,70
Casstiel,anetheron,1356,paladin,protection,48,22,26
Youness,ysondre,1355,paladin,protection,255,131,124
Helladin,haomarush,1346,paladin,protection,134,48,86
Lóu,hyjal,1340,paladin,protection,92,45,47
Unbesiegbar,malfurion,1340,paladin,protection,48,15,33
Vangorn,burning-legion,1334,paladin,protection,58,29,29
Shybia,kirin-tor,1327,paladin,protection,35,19,16
Thrinea,blackrock,1324,paladin,protection,48,22,26
Galadrion,dun-modr,1321,paladin,protection,23,14,9
Ichbin,sanguino,1318,paladin,protection,308,123,185
Bobilous,twisting-nether,1310,paladin,protection,23,14,9
Velkar,frostmane,1310,paladin,protection,124,63,61
Zerhakz,ysondre,1302,paladin,protection,102,49,53
Eriellè,kazzak,1297,paladin,protection,65,32,33
Rudra,kiljaeden,1290,paladin,protection,59,22,37
Trufetteuh,hyjal,1283,paladin,protection,178,90,88
Yunalêsca,mugthol,1283,paladin,protection,131,59,72
Ragonas,mannoroth,1276,paladin,protection,48,20,28
Gaffel,dethecus,1271,paladin,protection,58,25,33
Valeriu,stormreaver,1271,paladin,protection,42,17,25
Manupierre,ysondre,1270,paladin,protection,48,22,26
Flakkson,stormscale,1269,paladin,protection,292,119,173
Sikaniska,stormscale,1269,paladin,protection,102,41,61
Celyne,kirin-tor,1265,paladin,protection,54,21,33
Milliemaître,elune,1253,paladin,protection,90,41,49
Хэбит,soulflayer,1244,paladin,protection,120,51,69
Augroni,antonidas,1227,paladin,protection,117,50,67
Elkka,azjolnerub,1225,paladin,protection,92,31,61
Проц,soulflayer,1218,paladin,protection,66,24,42
Xrules,blackhand,1201,paladin,protection,47,21,26
Butchertom,ravencrest,1184,paladin,protection,23,14,9
Kawakai,blackrock,1175,paladin,protection,34,15,19
Vader,arygos,1175,paladin,protection,39,15,24
Babaluga,blackrock,1151,paladin,protection,18,12,6
Антоним,gordunni,1143,paladin,protection,18,12,6
Arkera,blackrock,1134,paladin,protection,61,22,39
Tíríón,nethersturm,1124,paladin,protection,24,12,12
Furiosio,ysondre,1115,paladin,protection,27,13,14
Aarrb,sylvanas,1065,paladin,protection,51,15,36
Yruqrem,ravencrest,1055,paladin,protection,18,11,7
Vladium,argent-dawn,1046,paladin,protection,24,11,13
Такуан,fordragon,1035,paladin,protection,24,11,13
Faranume,sylvanas,1028,paladin,protection,35,18,17
Hermodir,kargath,1015,paladin,protection,17,11,6
Strahladin,blackhand,1013,paladin,protection,53,12,41
Lotheriem,argent-dawn,992,paladin,protection,42,11,31
Толинель,soulflayer,990,paladin,protection,17,11,6
Maeltesar,kult-der-verdammten,955,paladin,protection,13,10,3
Divinebeans,kazzak,863,paladin,protection,12,9,3
Rushtank,dragonmaw,861,paladin,protection,36,9,27
Kîpôune,dalaran,860,paladin,protection,24,9,15
Fumbz,alakir,767,paladin,protection,12,8,4
Thraliss,hyjal,767,paladin,protection,12,8,4
Dkfdevil,ravencrest,767,paladin,protection,18,8,10
Garjzla,chamber-of-aspects,727,paladin,protection,22,8,14
Lägolas,thrall,701,paladin,protection,17,8,9
Kraljevic,silvermoon,672,paladin,protection,12,7,5
Comic,frostwolf,672,paladin,protection,12,7,5
Ванябублгам,soulflayer,672,paladin,protection,18,7,11
Romfis,arathor,671,paladin,protection,18,7,11
Figustyle,archimonde,605,paladin,protection,16,7,9
Quantox,frostwolf,603,paladin,protection,28,7,21
Marihuána,ragnaros,576,paladin,protection,18,6,12
Дадух,gordunni,575,paladin,protection,12,6,6
Ekenpala,kazzak,575,paladin,protection,12,6,6
Книгс,gordunni,575,paladin,protection,18,6,12
Exion,ravenholdt,543,paladin,protection,11,6,5
Кельдерик,howling-fjord,480,paladin,protection,6,5,1
Palmeretes,zuljin,480,paladin,protection,6,5,1
Lightian,twisting-nether,480,paladin,protection,12,5,7
Emakk,darksorrow,480,paladin,protection,12,5,7
Кооениксз,blackscar,480,paladin,protection,18,5,13
Lithera,outland,480,paladin,protection,24,5,19
Xairios,blackhand,479,paladin,protection,12,5,7
Onefrostyboi,defias-brotherhood,479,paladin,protection,12,5,7
Duxbellorum,the-maelstrom,479,paladin,protection,18,5,13
Biffle,korgall,479,paladin,protection,24,5,19
Ilseparatzio,turalyon,477,paladin,protection,18,5,13
Testos,ulduar,384,paladin,protection,6,4,2
Fleshoflight,arathor,384,paladin,protection,6,4,2
Escort,frostwolf,384,paladin,protection,6,4,2
Akelad,arathor,384,paladin,protection,6,4,2
Røse,argent-dawn,384,paladin,protection,12,4,8
Снайпик,azuregos,384,paladin,protection,12,4,8
Æåæxâëæ,dun-modr,384,paladin,protection,12,4,8
Palan,cthun,384,paladin,protection,12,4,8
Inqontrol,burning-legion,384,paladin,protection,12,4,8
Astragore,archimonde,384,paladin,protection,18,4,14
Дюве,blackscar,351,paladin,protection,11,4,7
Valädar,sanguino,351,paladin,protection,16,4,12
Swäagg,hyjal,288,paladin,protection,6,3,3
Æero,blackhand,288,paladin,protection,6,3,3
Рустиктоп,gordunni,288,paladin,protection,6,3,3
Bloodynox,dentarg,288,paladin,protection,6,3,3
Thrormund,defias-brotherhood,288,paladin,protection,6,3,3
Aümagad,confrérie-du-thorium,288,paladin,protection,6,3,3
Kurøneko,hyjal,288,paladin,protection,6,3,3
Palaplaya,zuljin,288,paladin,protection,6,3,3
Davykuro,medivh,288,paladin,protection,6,3,3
Zuplex,deathwing,288,paladin,protection,6,3,3
Crimsons,draenor,288,paladin,protection,12,3,9
Slainer,zuljin,288,paladin,protection,12,3,9
Ламберинн,goldrinn,288,paladin,protection,12,3,9
Meneth,elune,240,paladin,protection,9,3,6
Yourmomz,kazzak,239,paladin,protection,5,3,2
Deathicâ,outland,239,paladin,protection,5,3,2
Gornim,die-nachtwache,192,paladin,protection,6,2,4
Saró,ravencrest,192,paladin,protection,6,2,4
Kryvex,nemesis,192,paladin,protection,6,2,4
Синерина,blackscar,192,paladin,protection,6,2,4
Zinetp,tarren-mill,192,paladin,protection,6,2,4
Derina,silvermoon,192,paladin,protection,6,2,4
Khrak,conseil-des-ombres,192,paladin,protection,12,2,10
Palacaplaca,cthun,175,paladin,protection,11,2,9
Angeal,ysondre,175,paladin,protection,11,2,9
Soxsnort,twisting-nether,159,paladin,protection,5,2,3
Taptreus,antonidas,96,paladin,protection,6,1,5
Чиксапомойка,gordunni,96,paladin,protection,6,1,5
Olydig,argent-dawn,96,paladin,protection,6,1,5
Bugo,drakthul,96,paladin,protection,6,1,5
Barbarul,draenor,96,paladin,protection,6,1,5
Kathly,madmortem,96,paladin,protection,6,1,5
Monkeyhoffi,blackrock,96,paladin,protection,6,1,5
Лебоввски,blackscar,96,paladin,protection,6,1,5
Thôrwald,les-sentinelles,96,paladin,protection,12,1,11
Lokinder,pozzo-delleternità,96,paladin,protection,12,1,11
Солошафл,howling-fjord,42,paladin,protection,12,4,8
Candrä,archimonde,2213,priest,holy,96,52,44
Itsmeminglee,ravencrest,2213,priest,holy,216,116,100
Leadeur,kazzak,2174,priest,holy,453,229,224
Tenpointone,kazzak,2169,priest,holy,78,43,35
Køzukï,ravencrest,2167,priest,holy,281,147,134
Peisetti,stormscale,2139,priest,holy,102,54,48
Lmnsqzy,ravencrest,2107,priest,holy,148,79,69
Tangent,ravencrest,2101,priest,holy,317,178,139
Jtî,ravencrest,2096,priest,holy,54,36,18
Yötönyö,ravencrest,2072,priest,holy,66,34,32
Feararenaone,outland,2055,priest,holy,122,67,55
Weezing,ysondre,2050,priest,holy,318,167,151
Yhoundey,blackrock,2046,priest,holy,135,67,68
Lylska,stormreaver,2041,priest,holy,66,31,35
Grafius,stormscale,2038,priest,holy,72,36,36
Ltmp,ravencrest,2027,priest,holy,96,59,37
Кальвейт,deathweaver,2024,priest,holy,227,118,109
Jiffie,twisting-nether,2022,priest,holy,120,67,53
Rébörn,tarren-mill,2016,priest,holy,204,119,85
Carlitastock,eredar,2003,priest,holy,101,53,48
Dotzey,outland,1996,priest,holy,60,32,28
Boonlai,ravencrest,1992,priest,holy,95,49,46
Найтингеилл,gordunni,1990,priest,holy,174,96,78
Bigwik,tarren-mill,1985,priest,holy,206,111,95
Rippertmepls,ravencrest,1975,priest,holy,160,96,64
Лоаресс,gordunni,1967,priest,holy,238,124,114
Jaisuu,ravencrest,1967,priest,holy,60,31,29
Testdeath,ravencrest,1963,priest,holy,90,52,38
Cosines,ravencrest,1959,priest,holy,306,158,148
Tmnstrtw,alakir,1958,priest,holy,138,72,66
Pandakhlys,ysondre,1950,priest,holy,100,54,46
Гопикзашквар,blackscar,1946,priest,holy,143,73,70
Tmnstr,alakir,1946,priest,holy,66,33,33
Holyholy,stormscale,1944,priest,holy,192,95,97
Fleischesser,ravencrest,1941,priest,holy,110,59,51
Siign,ravencrest,1934,priest,holy,218,113,105
Basilette,hyjal,1930,priest,holy,72,38,34
Zuniya,tarren-mill,1930,priest,holy,90,47,43
Wåtrux,alakir,1922,priest,holy,602,327,275
Шотыказау,blackscar,1921,priest,holy,317,162,155
Výra,der-rat-von-dalaran,1916,priest,holy,107,63,44
Лайхтни,howling-fjord,1913,priest,holy,149,83,66
Разрухаз,gordunni,1899,priest,holy,66,40,26
Infamoussftw,drakthul,1894,priest,holy,84,37,47
Myste,nemesis,1875,priest,holy,238,129,109
Dmnz,blackrock,1874,priest,holy,111,53,58
Dmnz,antonidas,1870,priest,holy,58,33,25
Nakkenils,tarren-mill,1867,priest,holy,52,26,26
Катккат,soulflayer,1864,priest,holy,53,30,23
Lîrana,ravencrest,1857,priest,holy,154,94,60
Beatrixz,twisting-nether,1852,priest,holy,384,199,185
Muchos,blackrock,1852,priest,holy,415,205,210
Lenyp,sanguino,1850,priest,holy,300,151,149
Qzrx,draenor,1847,priest,holy,72,38,34
Dranbor,argent-dawn,1845,priest,holy,260,144,116
Servêy,twisting-nether,1845,priest,holy,42,22,20
Servey,twisting-nether,1845,priest,holy,54,24,30
Ladderpolice,blackmoore,1844,priest,holy,36,21,15
Nxbo,kazzak,1841,priest,holy,154,80,74
Kaiikoo,ravencrest,1840,priest,holy,60,32,28
Finizkram,sylvanas,1840,priest,holy,48,25,23
Ryna,the-maelstrom,1838,priest,holy,58,37,21
Brigittë,ravencrest,1838,priest,holy,78,46,32
Thelunara,sanguino,1838,priest,holy,98,53,45
Jim,saurfang,1838,priest,holy,292,150,142
Charlotten,shattered-hand,1836,priest,holy,179,94,85
Гоплзнекст,gordunni,1835,priest,holy,502,254,248
Pharli,stormscale,1833,priest,holy,66,40,26
Shmoly,stormscale,1833,priest,holy,83,47,36
Gøkumodex,tarren-mill,1833,priest,holy,140,77,63
Stanyú,tarren-mill,1833,priest,holy,54,25,29
Gigamind,blackrock,1832,priest,holy,126,71,55
Ysun,tarren-mill,1825,priest,holy,96,49,47
Wextroth,arathor,1824,priest,holy,42,28,14
Yateh,blackmoore,1824,priest,holy,62,32,30
Yugata,archimonde,1824,priest,holy,53,26,27
Pradrak,eredar,1823,priest,holy,40,23,17
Ladá,stormscale,1820,priest,holy,255,133,122
Tëst,ravencrest,1820,priest,holy,62,32,30
Limeslayerx,veklor,1818,priest,holy,135,83,52
Psi,hakkar,1817,priest,holy,502,264,238
Ancientalien,khadgar,1817,priest,holy,66,29,37
Dogshtpriest,ravencrest,1815,priest,holy,126,74,52
Sayne,arathor,1815,priest,holy,168,91,77
Reflector,sunstrider,1813,priest,holy,42,23,19
Maruh,malganis,1812,priest,holy,113,60,53
Gokumødex,outland,1811,priest,holy,112,60,52
Eriónd,ravencrest,1811,priest,holy,66,34,32
Kaalu,frostmane,1809,priest,holy,254,131,123
Deneris,ravencrest,1807,priest,holy,51,29,22
Sod,dun-morogh,1806,priest,holy,54,34,20
Vaerath,argent-dawn,1803,priest,holy,90,49,41
Lupinx,terokkar,1802,priest,holy,177,105,72
Soulwordpain,ragnaros,1802,priest,holy,60,29,31
Verycute,argent-dawn,1801,priest,holy,36,24,12
Sausageboy,tarren-mill,1801,priest,holy,246,122,124
Teatime,aegwynn,1800,priest,holy,84,42,42
Celliapriest,antonidas,1794,priest,holy,68,36,32
Ssjx,ravencrest,1791,priest,holy,96,58,38
Ivÿx,ravencrest,1791,priest,holy,89,52,37
Kunen,sanguino,1789,priest,holy,138,77,61
Fotmrerollrz,draenor,1787,priest,holy,48,34,14
Sisko,stormscale,1787,priest,holy,162,87,75
Друмги,gordunni,1787,priest,holy,173,80,93
Depridolens,argent-dawn,1783,priest,holy,66,39,27
Shizzlol,silvermoon,1780,priest,holy,602,300,302
Seanoob,turalyon,1779,priest,holy,72,38,34
Zêlestia,antonidas,1774,priest,holy,58,34,24
Møhammed,wrathbringer,1772,priest,holy,773,384,389
Jaytî,ravencrest,1767,priest,holy,30,21,9
Weezïng,ysondre,1765,priest,holy,114,64,50
Hélp,stormscale,1761,priest,holy,48,29,19
Разрухаовнз,gordunni,1760,priest,holy,107,55,52
Lolylights,tarren-mill,1737,priest,holy,107,56,51
Ðês,ravencrest,1735,priest,holy,76,37,39
Pigdestroyin,frostmane,1730,priest,holy,77,45,32
Сказочки,gordunni,1730,priest,holy,90,42,48
Wèèzing,ysondre,1728,priest,holy,113,65,48
Applepiez,ravencrest,1726,priest,holy,58,30,28
Zeflol,malganis,1724,priest,holy,113,66,47
Кодис,gordunni,1724,priest,holy,135,78,57
Sàweetie,archimonde,1721,priest,holy,54,27,27
Makkesfil,stormscale,1717,priest,holy,46,31,15
Gnomemonk,stormscale,1716,priest,holy,217,113,104
Marcopp,kazzak,1713,priest,holy,66,28,38
Alpháømegá,outland,1712,priest,holy,224,118,106
Gigotdagneau,dalaran,1712,priest,holy,65,32,33
Sehlia,kazzak,1711,priest,holy,319,170,149
Troedelsuppe,destromath,1711,priest,holy,192,102,90
Tabaç,stormscale,1711,priest,holy,42,22,20
Stinkydog,kazzak,1711,priest,holy,406,205,201
Fízwow,stormscale,1711,priest,holy,94,43,51
Ksn,argent-dawn,1710,priest,holy,66,37,29
Tazn,thrall,1708,priest,holy,36,21,15
Anníng,tarren-mill,1708,priest,holy,186,108,78
Rehnstek,wildhammer,1705,priest,holy,71,33,38
Xzklolz,twisting-nether,1704,priest,holy,119,66,53
Кэрия,blackscar,1703,priest,holy,149,78,71
Duqes,stormreaver,1702,priest,holy,18,18,0
Xianxia,twisting-nether,1702,priest,holy,184,95,89
Rafaled,ravencrest,1701,priest,holy,53,33,20
Malaki,ysondre,1700,priest,holy,209,110,99
Ålúñãh,azjolnerub,1699,priest,holy,42,27,15
Dolens,argent-dawn,1699,priest,holy,112,55,57
Инзора,gordunni,1692,priest,holy,242,130,112
Kæzm,blackrock,1691,priest,holy,36,18,18
Jâde,bloodhoof,1690,priest,holy,138,78,60
Discomelk,stormscale,1690,priest,holy,48,23,25
Vui,kelthuzad,1689,priest,holy,72,46,26
Piwi,blackrock,1689,priest,holy,34,19,15
Kÿokó,ravencrest,1687,priest,holy,78,44,34
Calithria,kazzak,1687,priest,holy,238,127,111
Bzzdontplay,ravencrest,1687,priest,holy,225,116,109
Affro,drakthul,1687,priest,holy,149,76,73
Преттисмайл,gordunni,1685,priest,holy,265,128,137
Jinxa,draenor,1684,priest,holy,72,28,44
Meanbabe,argent-dawn,1683,priest,holy,48,22,26
Enoriya,blackrock,1682,priest,holy,252,141,111
Ilenna,dun-morogh,1680,priest,holy,129,71,58
Çhéåtçødé,ravencrest,1679,priest,holy,131,69,62
Chechenkata,ravencrest,1678,priest,holy,54,29,25
Adare,sanguino,1678,priest,holy,84,42,42
Ghettothug,darksorrow,1677,priest,holy,120,58,62
Kahir,ravencrest,1676,priest,holy,54,28,26
Notdan,stormscale,1675,priest,holy,239,128,111
Каткааткат,soulflayer,1674,priest,holy,48,23,25
Alizeé,nazjatar,1672,priest,holy,239,132,107
Skyggedyret,tarren-mill,1671,priest,holy,47,24,23
Просодик,blackscar,1667,priest,holy,48,26,22
Drillin,ravencrest,1666,priest,holy,98,56,42
Shanya,thrall,1666,priest,holy,273,137,136
Djmeld,ravencrest,1664,priest,holy,107,56,51
Eleutheria,grim-batol,1664,priest,holy,198,100,98
Womanwonderf,ravencrest,1663,priest,holy,125,67,58
Xïâ,hyjal,1662,priest,holy,128,60,68
Flyffi,tarren-mill,1661,priest,holy,28,19,9
Chrysos,argent-dawn,1661,priest,holy,96,46,50
Stickpas,ysondre,1661,priest,holy,41,18,23
Æäõ,turalyon,1657,priest,holy,64,28,36
Kolto,ravencrest,1655,priest,holy,64,36,28
Gladíator,blackhand,1655,priest,holy,108,60,48
Oide,area-52,1654,priest,holy,120,62,58
Мамкалол,soulflayer,1653,priest,holy,564,281,283
Нубстрим,gordunni,1652,priest,holy,202,99,103
Swd,burning-blade,1650,priest,holy,40,18,22
Sehrhübsch,malygos,1647,priest,holy,60,31,29
Câlyr,ragnaros,1647,priest,holy,48,21,27
Iiamx,antonidas,1645,priest,holy,41,24,17
Rankonejames,silvermoon,1645,priest,holy,77,36,41
Eox,kazzak,1644,priest,holy,54,31,23
Vregoa,twisting-nether,1644,priest,holy,78,37,41
Ангеланика,gordunni,1640,priest,holy,113,75,38
Caihla,silvermoon,1639,priest,holy,42,22,20
Løøney,kazzak,1638,priest,holy,48,30,18
Penvon,ravencrest,1638,priest,holy,207,101,106
Seeyae,archimonde,1636,priest,holy,54,27,27
Wernou,archimonde,1635,priest,holy,44,25,19
Bilbobanging,aggramar,1635,priest,holy,108,53,55
Massbimba,tarren-mill,1633,priest,holy,66,32,34
Jukester,stormscale,1632,priest,holy,80,44,36
Vitae,gorgonnash,1632,priest,holy,44,24,20
Flongoletta,xavius,1632,priest,holy,95,44,51
Phobò,blackrock,1632,priest,holy,113,52,61
Zoophobîa,stormscale,1631,priest,holy,55,29,26
Кввазаар,gordunni,1630,priest,holy,48,21,27
Eliíah,outland,1629,priest,holy,54,31,23
Camina,shattered-hand,1629,priest,holy,279,146,133
Scartay,outland,1629,priest,holy,41,19,22
Эльдиремонт,gordunni,1628,priest,holy,154,71,83
Simpadisco,ravencrest,1627,priest,holy,72,35,37
Kyokaze,silvermoon,1626,priest,holy,118,64,54
Штанга,blackscar,1624,priest,holy,59,26,33
Vídel,cthun,1621,priest,holy,48,30,18
Jedimind,kazzak,1621,priest,holy,66,33,33
Elmaestrø,aegwynn,1620,priest,holy,96,52,44
Cølï,ravencrest,1620,priest,holy,96,48,48
Sïxsïxsïx,ravencrest,1620,priest,holy,49,24,25
Rankoneprazt,stormscale,1620,priest,holy,131,63,68
Melzas,the-shatar,1619,priest,holy,60,31,29
Xxmybaxxo,archimonde,1617,priest,holy,30,21,9
Alchemïst,ravencrest,1617,priest,holy,46,21,25
Smïlë,ravencrest,1616,priest,holy,210,105,105
Èlysium,grim-batol,1615,priest,holy,117,67,50
Grindgames,pozzo-delleternità,1615,priest,holy,44,22,22
Coolwnbnamex,ravencrest,1614,priest,holy,36,19,17
Eddíémorphin,kazzak,1614,priest,holy,48,24,24
Hwren,auchindoun,1612,priest,holy,430,229,201
Dazé,ravencrest,1611,priest,holy,135,74,61
Isadriel,madmortem,1610,priest,holy,64,40,24
Xzklol,twisting-nether,1610,priest,holy,92,48,44
Fjonnski,blackmoore,1608,priest,holy,85,49,36
Ysalute,sylvanas,1608,priest,holy,33,18,15
Gratcrug,stormrage,1607,priest,holy,66,36,30
Alphacub,ragnaros,1607,priest,holy,149,76,73
Goytka,tarren-mill,1607,priest,holy,90,44,46
Salvatíon,sanguino,1607,priest,holy,106,46,60
Gonker,malganis,1605,priest,holy,41,21,20
Slakkieslak,archimonde,1604,priest,holy,126,77,49
Anabananaa,ravencrest,1604,priest,holy,88,50,38
Theythem,stormscale,1602,priest,holy,30,17,13
Pøsæ,uldaman,1602,priest,holy,66,37,29
Joeasaurs,ragnaros,1602,priest,holy,106,51,55
Zxø,ravencrest,1601,priest,holy,160,88,72
Sak,uldaman,1601,priest,holy,315,161,154
Imaut,emerald-dream,1601,priest,holy,84,42,42
Budgetdp,archimonde,1601,priest,holy,153,69,84
Imbitterx,stormscale,1600,priest,holy,41,26,15
Dogfacex,ravencrest,1599,priest,holy,125,63,62
Harmónia,outland,1597,priest,holy,223,110,113
Ünique,alakir,1595,priest,holy,36,19,17
Неймхичгодх,gordunni,1589,priest,holy,82,45,37
Dìsclol,draenor,1586,priest,holy,247,125,122
Lanmarie,sylvanas,1585,priest,holy,84,46,38
Dairox,blackrock,1584,priest,holy,143,77,66
Zelzeari,sylvanas,1583,priest,holy,36,22,14
Altarboy,dun-modr,1583,priest,holy,36,18,18
Xnda,ravencrest,1583,priest,holy,114,55,59
Mewdi,outland,1579,priest,holy,146,78,68
Flensu,stormscale,1575,priest,holy,30,19,11
Aykò,blackmoore,1574,priest,holy,114,54,60
Icybae,archimonde,1572,priest,holy,48,34,14
Ksn,silvermoon,1572,priest,holy,200,102,98
Ankî,aegwynn,1572,priest,holy,56,28,28
Велост,gordunni,1570,priest,holy,149,86,63
Highn,anetheron,1570,priest,holy,60,33,27
Catstretch,ravencrest,1570,priest,holy,227,121,106
Jawjie,tarren-mill,1570,priest,holy,75,29,46
Prëdz,stormscale,1569,priest,holy,280,149,131
Drunkshufler,stormscale,1566,priest,holy,122,65,57
Solacé,frostmourne,1566,priest,holy,182,95,87
Soyloverjuan,auchindoun,1565,priest,holy,30,18,12
Goofdookie,outland,1563,priest,holy,42,23,19
Overdosedtw,die-aldor,1561,priest,holy,36,24,12
Kathja,outland,1561,priest,holy,46,26,20
Rozå,argent-dawn,1560,priest,holy,84,48,36
Hotforus,silvermoon,1560,priest,holy,51,26,25
Nastylex,magtheridon,1559,priest,holy,36,21,15
Aethanira,ravencrest,1558,priest,holy,92,44,48
Scrxppe,twisting-nether,1556,priest,holy,199,111,88
Døtgdx,archimonde,1555,priest,holy,88,51,37
Touddixz,blackrock,1555,priest,holy,44,18,26
Dokkaebì,kazzak,1552,priest,holy,153,78,75
Fomstable,outland,1550,priest,holy,164,94,70
Poulet,sylvanas,1549,priest,holy,30,21,9
Росвэнд,gordunni,1548,priest,holy,83,46,37
Capslk,ravencrest,1547,priest,holy,78,43,35
Phobò,antonidas,1545,priest,holy,170,79,91
Pínacoladáqt,stormscale,1543,priest,holy,82,42,40
Cartøøns,ravencrest,1542,priest,holy,72,43,29
Priewyn,ragnaros,1540,priest,holy,34,18,16
Dény,ravencrest,1539,priest,holy,156,83,73
Koíré,defias-brotherhood,1539,priest,holy,458,236,222
Darkyos,azshara,1538,priest,holy,36,18,18
Смайткен,gordunni,1538,priest,holy,117,52,65
Evabae,the-maelstrom,1537,priest,holy,54,29,25
Cleoana,blackhand,1537,priest,holy,66,31,35
Hyonra,kazzak,1536,priest,holy,66,34,32
Avelynn,ravencrest,1536,priest,holy,195,99,96
Usw,outland,1536,priest,holy,116,47,69
Shanny,kazzak,1535,priest,holy,66,32,34
Holzí,frostmourne,1528,priest,holy,50,24,26
Fléxed,burning-legion,1526,priest,holy,30,17,13
Mayalolz,chogall,1525,priest,holy,80,43,37
Justheal,stormscale,1522,priest,holy,102,49,53
Exoduz,stormscale,1521,priest,holy,90,45,45
Swdommeil,aegwynn,1521,priest,holy,42,18,24
Karpiest,stormscale,1520,priest,holy,154,85,69
Malkàv,hyjal,1519,priest,holy,90,47,43
Jellypie,blackrock,1519,priest,holy,36,17,19
Квваззар,gordunni,1519,priest,holy,42,16,26
Juco,draenor,1518,priest,holy,229,121,108
Fatherliam,emerald-dream,1514,priest,holy,66,32,34
Angrk,kazzak,1510,priest,holy,108,66,42
Snåttabaias,stormscale,1510,priest,holy,74,41,33
Boomixed,twisting-nether,1509,priest,holy,30,16,14
Badguymike,ragnaros,1509,priest,holy,52,27,25
Msmsmsm,frostwhisper,1508,priest,holy,95,51,44
Ptiteminette,archimonde,1504,priest,holy,68,38,30
Bougetonboul,archimonde,1504,priest,holy,123,65,58
Cyabish,twisting-nether,1503,priest,holy,203,108,95
Géèk,alakir,1503,priest,holy,62,32,30
Wilby,archimonde,1503,priest,holy,48,21,27
Kotipope,silvermoon,1502,priest,holy,74,38,36
Маквиэлла,howling-fjord,1500,priest,holy,66,37,29
Makkalisser,kazzak,1497,priest,holy,36,20,16
Hiimgreen,blackhand,1497,priest,holy,194,93,101
Dzoo,kazzak,1496,priest,holy,42,21,21
Hoeneygodx,antonidas,1495,priest,holy,42,21,21
Tyrhaa,blackmoore,1494,priest,holy,366,192,174
Заволончик,blackscar,1494,priest,holy,102,48,54
Эилинг,gordunni,1492,priest,holy,234,127,107
Kubbarn,stormscale,1492,priest,holy,319,171,148
Draster,blackrock,1490,priest,holy,53,28,25
Boostpriest,archimonde,1490,priest,holy,42,19,23
Sonyl,les-sentinelles,1489,priest,holy,42,22,20
Phénylanine,khaz-modan,1489,priest,holy,446,232,214
Meshia,antonidas,1488,priest,holy,42,19,23
Øtîs,aegwynn,1487,priest,holy,78,39,39
Tavra,stormscale,1485,priest,holy,145,70,75
Superdude,stormscale,1484,priest,holy,36,16,20
Acronix,the-maelstrom,1482,priest,holy,30,16,14
Vickepriest,stormreaver,1480,priest,holy,72,44,28
Алеброн,gordunni,1480,priest,holy,117,63,54
Senkín,aegwynn,1479,priest,holy,221,107,114
Tripjob,hyjal,1478,priest,holy,53,27,26
Rines,thrall,1478,priest,holy,200,100,100
Weedony,hyjal,1477,priest,holy,100,53,47
Sebekklawl,wrathbringer,1477,priest,holy,84,42,42
Mêduse,ravencrest,1476,priest,holy,81,39,42
Grandpatea,silvermoon,1472,priest,holy,23,16,7
Sïlvëräzz,drekthar,1472,priest,holy,53,25,28
Pprxd,ysondre,1472,priest,holy,54,25,29
Maah,defias-brotherhood,1471,priest,holy,80,46,34
Alaelis,burning-legion,1471,priest,holy,91,42,49
Divinetouch,ravencrest,1471,priest,holy,96,42,54
Yuhé,elune,1469,priest,holy,38,23,15
Fabs,laughing-skull,1468,priest,holy,119,72,47
Daftî,twisting-nether,1466,priest,holy,193,101,92
Иннерон,soulflayer,1464,priest,holy,428,226,202
Symbolofhope,ravencrest,1464,priest,holy,231,121,110
Anaqt,silvermoon,1464,priest,holy,584,298,286
Sixtyseven,blackhand,1464,priest,holy,78,39,39
Mylini,silvermoon,1463,priest,holy,336,181,155
Painlêss,eredar,1461,priest,holy,41,22,19
Isilros,dalaran,1460,priest,holy,52,28,24
Liquoriced,tarren-mill,1460,priest,holy,43,23,20
Mctastý,outland,1459,priest,holy,36,25,11
Delphina,archimonde,1459,priest,holy,311,166,145
Пингзеро,soulflayer,1459,priest,holy,232,116,116
Voodoo,the-maelstrom,1459,priest,holy,120,51,69
Balin,veklor,1458,priest,holy,71,33,38
Judâspriest,twisting-nether,1457,priest,holy,102,52,50
Cøvu,draenor,1457,priest,holy,165,82,83
Immortalled,twisting-nether,1457,priest,holy,36,16,20
Jappsolut,outland,1456,priest,holy,101,56,45
Suxino,stormscale,1455,priest,holy,185,94,91
Рилия,howling-fjord,1455,priest,holy,58,28,30
Mcdeady,tarren-mill,1454,priest,holy,42,19,23
Dùsty,archimonde,1453,priest,holy,74,41,33
Ceraghk,tichondrius,1453,priest,holy,52,23,29
Góldfinger,norgannon,1452,priest,holy,390,193,197
Køzøxîä,dalaran,1452,priest,holy,60,20,40
Xytael,burning-legion,1450,priest,holy,256,135,121
Momopriesto,draenor,1450,priest,holy,89,41,48
Taksus,alexstrasza,1450,priest,holy,42,19,23
Mezegis,draenor,1449,priest,holy,48,26,22
Stigmátá,ravencrest,1449,priest,holy,54,26,28
Djdesha,tarren-mill,1447,priest,holy,41,19,22
Нейроблум,soulflayer,1446,priest,holy,42,24,18
Иссатея,galakrond,1443,priest,holy,66,33,33
Nýkah,antonidas,1441,priest,holy,42,20,22
Discxqt,ysondre,1438,priest,holy,26,18,8
Saceerdot,sanguino,1438,priest,holy,102,59,43
Sqwabblepee,stormscale,1438,priest,holy,53,27,26
Ròka,ysondre,1438,priest,holy,72,34,38
Insaner,ahnqiraj,1438,priest,holy,71,33,38
Katleiya,ysondre,1437,priest,holy,23,16,7
Краббожий,greymane,1437,priest,holy,123,55,68
Thalane,das-konsortium,1437,priest,holy,66,29,37
Arianell,stormscale,1436,priest,holy,45,28,17
Sadgepriest,draenor,1435,priest,holy,132,68,64
Pierrebourne,blackmoore,1434,priest,holy,24,15,9
Eurydike,blackrock,1433,priest,holy,105,64,41
Maerlene,nemesis,1433,priest,holy,54,31,23
Heilop,kazzak,1433,priest,holy,35,15,20
Iwl,sanguino,1432,priest,holy,129,67,62
Åluneth,kazzak,1432,priest,holy,336,172,164
Bobitä,ravencrest,1430,priest,holy,54,32,22
Cellia,antonidas,1430,priest,holy,42,15,27
Lasuora,nemesis,1429,priest,holy,84,42,42
Battleground,defias-brotherhood,1427,priest,holy,36,17,19
Adallon,blackmoore,1426,priest,holy,53,29,24
Dathanosx,outland,1426,priest,holy,34,17,17
Åzjol,magtheridon,1426,priest,holy,79,35,44
Fizzlesp,tarren-mill,1425,priest,holy,30,15,15
Целитель,gordunni,1424,priest,holy,121,61,60
Seladine,ravencrest,1423,priest,holy,212,109,103
Vespîrâ,onyxia,1423,priest,holy,447,228,219
Rezzurrectum,doomhammer,1421,priest,holy,81,47,34
Бустержиесть,soulflayer,1421,priest,holy,54,25,29
Ittei,stormscale,1420,priest,holy,34,16,18
Kbakå,kazzak,1419,priest,holy,78,37,41
Elëkträ,dalaran,1418,priest,holy,61,34,27
Ikaa,wrathbringer,1418,priest,holy,47,24,23
Hara,elune,1417,priest,holy,94,44,50
Geilerheiler,dalvengyr,1416,priest,holy,24,15,9
Lómesilme,dun-modr,1416,priest,holy,235,122,113
Davìna,sunstrider,1416,priest,holy,127,65,62
Penitence,drekthar,1416,priest,holy,56,24,32
Virginmaris,sanguino,1415,priest,holy,113,64,49
Filthyzx,argent-dawn,1415,priest,holy,30,15,15
Lirych,the-maelstrom,1414,priest,holy,42,25,17
Midycine,ysondre,1414,priest,holy,281,146,135
Willxzz,silvermoon,1414,priest,holy,88,36,52
Eazzyy,kazzak,1413,priest,holy,116,60,56
Markianos,silvermoon,1412,priest,holy,114,58,56
Dãrkmedic,silvermoon,1411,priest,holy,72,35,37
Выдокбля,soulflayer,1410,priest,holy,108,59,49
Zufâllig,blackhand,1409,priest,holy,36,17,19
Мектран,gordunni,1408,priest,holy,54,27,27
Bifs,blackmoore,1405,priest,holy,50,32,18
Bierbändiger,blackhand,1405,priest,holy,294,145,149
Gertie,blackhand,1404,priest,holy,94,49,45
Prinki,tarren-mill,1404,priest,holy,42,19,23
Kusé,anubarak,1404,priest,holy,36,15,21
Blacklemons,thrall,1403,priest,holy,48,26,22
Letmehêal,archimonde,1402,priest,holy,84,42,42
Dødy,hyjal,1400,priest,holy,24,15,9
Demonhunt,stormscale,1399,priest,holy,64,38,26
Pasqualz,ravencrest,1397,priest,holy,139,70,69
Cånniekekw,tarren-mill,1396,priest,holy,39,18,21
Rägà,archimonde,1393,priest,holy,103,55,48
Pakmopriest,ragnaros,1391,priest,holy,36,19,17
Spikoui,uldaman,1391,priest,holy,72,31,41
Byzzi,draenor,1390,priest,holy,293,149,144
Chaerii,blackmoore,1390,priest,holy,54,26,28
Lenara,kult-der-verdammten,1389,priest,holy,42,24,18
Bigpinkballs,tarren-mill,1388,priest,holy,36,22,14
Lädi,ravencrest,1388,priest,holy,108,58,50
Noxxill,eredar,1388,priest,holy,30,16,14
Nou,aegwynn,1388,priest,holy,69,34,35
Exaneo,ragnaros,1387,priest,holy,33,18,15
Casconero,nemesis,1384,priest,holy,74,34,40
Nbeewwannabe,silvermoon,1382,priest,holy,179,99,80
Qzrx,outland,1382,priest,holy,30,15,15
Холихэйт,howling-fjord,1381,priest,holy,29,15,14
Jannolapin,ysondre,1379,priest,holy,36,17,19
Neoark,archimonde,1376,priest,holy,176,88,88
Hydraximus,garrosh,1376,priest,holy,774,383,391
Veurjin,uldaman,1376,priest,holy,83,40,43
Zellita,ravencrest,1376,priest,holy,102,41,61
Mindconrol,twisting-nether,1374,priest,holy,52,26,26
Annise,kazzak,1373,priest,holy,47,25,22
Bubbleup,defias-brotherhood,1373,priest,holy,162,85,77
Åshlol,ravencrest,1373,priest,holy,33,17,16
Маракеда,soulflayer,1371,priest,holy,53,27,26
Madcole,blackhand,1371,priest,holy,85,43,42
Emipriest,tarren-mill,1371,priest,holy,257,128,129
Ebolaidman,ravencrest,1369,priest,holy,30,16,14
Konstigadan,twisting-nether,1369,priest,holy,56,26,30
Cagedforlife,draenor,1368,priest,holy,52,21,31
Vibby,moonglade,1364,priest,holy,41,20,21
Elessee,the-maelstrom,1364,priest,holy,172,82,90
Nomakprst,sanguino,1362,priest,holy,60,31,29
Jaz,ysondre,1362,priest,holy,102,50,52
Draconux,terenas,1361,priest,holy,90,43,47
Возхд,soulflayer,1360,priest,holy,52,29,23
Elunos,blackrock,1358,priest,holy,130,65,65
Pleistex,sylvanas,1358,priest,holy,93,43,50
Бредяка,gordunni,1357,priest,holy,60,35,25
Sopsy,stormscale,1356,priest,holy,42,27,15
Tëmärï,ravencrest,1356,priest,holy,72,46,26
Zorea,twisting-nether,1356,priest,holy,153,76,77
Zyrusen,sanguino,1354,priest,holy,42,18,24
Hyonzy,silvermoon,1353,priest,holy,339,170,169
Pleadz,tarren-mill,1350,priest,holy,36,16,20
Pridepriest,twisting-nether,1346,priest,holy,84,42,42
Chibrausorus,archimonde,1345,priest,holy,158,81,77
Prencø,sanguino,1345,priest,holy,34,16,18
Certe,twisting-nether,1344,priest,holy,139,67,72
Surge,drakthul,1343,priest,holy,39,22,17
Papadrak,kazzak,1343,priest,holy,101,55,46
Còsmo,ravencrest,1342,priest,holy,24,14,10
Zlejkadlec,drakthul,1342,priest,holy,103,52,51
Aleanna,dalaran,1341,priest,holy,37,16,21
Feelmypainn,kazzak,1340,priest,holy,101,55,46
Haineko,burning-legion,1339,priest,holy,135,65,70
Nykah,antonidas,1339,priest,holy,109,51,58
Hmanco,burning-legion,1338,priest,holy,460,235,225
Calïxløve,der-rat-von-dalaran,1337,priest,holy,31,20,11
Xzarion,nozdormu,1336,priest,holy,41,19,22
Nálá,nethersturm,1335,priest,holy,115,59,56
Kolsäck,twilights-hammer,1334,priest,holy,30,14,16
Húlda,auchindoun,1331,priest,holy,140,67,73
Ayess,aegwynn,1330,priest,holy,65,37,28
Fedorah,ragnaros,1330,priest,holy,114,63,51
Stàrlîght,chants-éternels,1329,priest,holy,48,27,21
Avp,the-maelstrom,1329,priest,holy,66,36,30
Dwoa,silvermoon,1329,priest,holy,118,64,54
Wedoburgers,ravencrest,1329,priest,holy,30,14,16
Orcid,chogall,1327,priest,holy,146,75,71
Alú,draenor,1327,priest,holy,153,73,80
Tyene,voljin,1326,priest,holy,134,73,61
Ageo,sanguino,1326,priest,holy,71,36,35
Luxtrii,blackrock,1326,priest,holy,48,20,28
Excó,burning-legion,1324,priest,holy,73,40,33
Kiralinia,eredar,1324,priest,holy,132,67,65
Isalvation,stormscale,1321,priest,holy,30,14,16
Elynä,silvermoon,1318,priest,holy,78,50,28
Alros,elune,1318,priest,holy,84,40,44
Runbaberun,hyjal,1317,priest,holy,52,30,22
Tolteck,ravencrest,1317,priest,holy,144,77,67
Migam,kazzak,1317,priest,holy,183,91,92
Atiyesh,arthas,1315,priest,holy,285,149,136
Zrada,dalaran,1315,priest,holy,30,15,15
Meatyshaft,doomhammer,1315,priest,holy,63,29,34
Aïmée,ravencrest,1313,priest,holy,55,26,29
Devot,outland,1311,priest,holy,30,14,16
Hereticroka,ysondre,1309,priest,holy,110,50,60
Ezechiel,twisting-nether,1308,priest,holy,59,33,26
Velenthan,ragnaros,1308,priest,holy,36,18,18
Szelén,ragnaros,1307,priest,holy,24,14,10
Чёбушек,gordunni,1306,priest,holy,53,27,26
Owait,tarren-mill,1306,priest,holy,54,24,30
Cherron,argent-dawn,1305,priest,holy,61,27,34
Tomassur,drakthul,1304,priest,holy,132,67,65
Larisä,uldum,1303,priest,holy,179,89,90
Асггард,borean-tundra,1299,priest,holy,91,57,34
Idisck,kazzak,1299,priest,holy,62,30,32
Brodoswaginz,the-maelstrom,1297,priest,holy,59,26,33
Mianxpriest,tarren-mill,1296,priest,holy,78,36,42
Ørdø,antonidas,1296,priest,holy,51,22,29
Spamplague,stormscale,1292,priest,holy,92,42,50
Vrêth,blackmoore,1289,priest,holy,35,21,14
Sohryø,drekthar,1283,priest,holy,97,52,45
Josephr,blackmoore,1282,priest,holy,64,31,33
Nino,gorgonnash,1282,priest,holy,78,34,44
Vocolieth,argent-dawn,1281,priest,holy,214,103,111
Dètox,twisting-nether,1280,priest,holy,92,44,48
Evílz,tarren-mill,1280,priest,holy,39,14,25
Вакидзачи,gordunni,1278,priest,holy,269,130,139
Síuu,kazzak,1277,priest,holy,72,35,37
Iljas,kelthuzad,1276,priest,holy,110,65,45
Alloktonos,ravencrest,1276,priest,holy,122,60,62
Nemista,hyjal,1276,priest,holy,124,58,66
Speltmor,stormscale,1276,priest,holy,73,33,40
Nerfnerf,kazzak,1275,priest,holy,93,51,42
Lavidu,antonidas,1274,priest,holy,42,15,27
Fuloo,stormscale,1272,priest,holy,179,88,91
Skryllette,archimonde,1272,priest,holy,54,25,29
Wintercurse,twisting-nether,1272,priest,holy,52,24,28
Zakhun,stormrage,1271,priest,holy,82,42,40
Neeyø,blackhand,1271,priest,holy,42,16,26
Misscure,draenor,1270,priest,holy,136,63,73
Êfnân,twisting-nether,1269,priest,holy,30,18,12
Umayyaa,sylvanas,1268,priest,holy,86,35,51
Sücre,dalaran,1267,priest,holy,136,75,61
Хасгерион,gordunni,1267,priest,holy,100,42,58
Ethery,argent-dawn,1266,priest,holy,65,33,32
Selfcontrol,blackhand,1266,priest,holy,38,16,22
Yinyangyø,eredar,1266,priest,holy,42,16,26
Tépinette,chogall,1262,priest,holy,36,19,17
Libetha,ysondre,1262,priest,holy,71,36,35
Tudiiheals,frostwolf,1261,priest,holy,91,48,43
Elf,tarren-mill,1259,priest,holy,54,21,33
Piizzdiica,twisting-nether,1258,priest,holy,30,16,14
Blazekk,sylvanas,1258,priest,holy,62,25,37
Lazheal,khaz-modan,1257,priest,holy,165,92,73
Disturbdtwo,archimonde,1257,priest,holy,35,16,19
Dôppler,archimonde,1256,priest,holy,23,14,9
Ranevskiy,kazzak,1256,priest,holy,25,14,11
Ludriel,turalyon,1254,priest,holy,78,40,38
Soapie,defias-brotherhood,1253,priest,holy,48,25,23
Mandzukic,stormscale,1253,priest,holy,53,24,29
Lhyria,baelgun,1251,priest,holy,67,33,34
Gloxina,argent-dawn,1250,priest,holy,114,56,58
Zên,argent-dawn,1248,priest,holy,21,14,7
Prästera,draenor,1247,priest,holy,36,18,18
Like,frostwolf,1247,priest,holy,30,15,15
Dathlight,argent-dawn,1246,priest,holy,125,65,60
Emilysister,kazzak,1246,priest,holy,111,53,58
Maybelline,ravencrest,1245,priest,holy,48,23,25
Suili,twisting-nether,1243,priest,holy,24,13,11
Sodatsu,cthun,1242,priest,holy,60,26,34
Wraithtrippz,stormscale,1241,priest,holy,24,13,11
Nakali,the-maelstrom,1241,priest,holy,66,30,36
Kasualoix,stormscale,1241,priest,holy,36,14,22
Ashrod,stormscale,1240,priest,holy,67,34,33
Бенигана,soulflayer,1239,priest,holy,48,25,23
Zerotalent,stormscale,1238,priest,holy,18,13,5
Skíps,sylvanas,1237,priest,holy,97,45,52
Moirgana,minahonda,1235,priest,holy,87,39,48
Elián,silvermoon,1234,priest,holy,75,39,36
Morrydin,stormreaver,1233,priest,holy,108,48,60
Mashimaro,blackhand,1232,priest,holy,159,79,80
Enaches,twisting-nether,1231,priest,holy,92,53,39
Еврейк,soulflayer,1231,priest,holy,30,13,17
Brigied,turalyon,1230,priest,holy,326,158,168
Gummi,blackhand,1230,priest,holy,72,31,41
Mabz,defias-brotherhood,1229,priest,holy,36,13,23
Ihavewings,kazzak,1228,priest,holy,30,13,17
Holydolly,doomhammer,1226,priest,holy,96,51,45
Swdjack,blackrock,1225,priest,holy,36,13,23
Nicksiz,silvermoon,1224,priest,holy,46,19,27
Ичисанчик,howling-fjord,1222,priest,holy,26,13,13
Lykarion,argent-dawn,1221,priest,holy,78,38,40
Madnasty,azshara,1220,priest,holy,36,20,16
Ábomínatíøn,ravencrest,1219,priest,holy,24,13,11
Sapphos,ravencrest,1216,priest,holy,47,23,24
Hølýðéåthjçç,tarren-mill,1215,priest,holy,94,44,50
Neenä,ravencrest,1214,priest,holy,50,25,25
Dúréx,sanguino,1212,priest,holy,42,28,14
Daubulaieipl,hellfire,1212,priest,holy,36,20,16
Morîana,les-sentinelles,1212,priest,holy,41,19,22
Pryna,dunemaul,1210,priest,holy,78,38,40
Ozmik,twisting-nether,1210,priest,holy,32,14,18
Anateoris,turalyon,1208,priest,holy,269,121,148
Asare,outland,1207,priest,holy,383,192,191
Shannywen,nemesis,1207,priest,holy,60,18,42
Rhäenÿra,hyjal,1204,priest,holy,82,46,36
Proteco,antonidas,1204,priest,holy,42,22,20
Crimatoriá,rajaxx,1203,priest,holy,114,64,50
Omnissiiah,silvermoon,1203,priest,holy,30,13,17
Navi,emerald-dream,1202,priest,holy,33,16,17
Скартэикс,howling-fjord,1202,priest,holy,72,33,39
Хилтихон,howling-fjord,1200,priest,holy,42,26,16
Góli,argent-dawn,1200,priest,holy,30,13,17
Testdeex,ravencrest,1197,priest,holy,23,13,10
Голнар,deathguard,1196,priest,holy,52,24,28
Unchainedz,twisting-nether,1196,priest,holy,88,39,49
Penitent,anachronos,1194,priest,holy,24,13,11
Keskiyö,ravencrest,1193,priest,holy,27,14,13
Benificent,argent-dawn,1192,priest,holy,76,38,38
Angelsdust,ravencrest,1190,priest,holy,34,14,20
Sokolado,silvermoon,1187,priest,holy,54,28,26
Avtarra,ravencrest,1187,priest,holy,162,79,83
Ripjuice,sylvanas,1186,priest,holy,84,44,40
Bowie,frostwhisper,1183,priest,holy,96,41,55
Холимыша,blackscar,1182,priest,holy,63,32,31
Карнотит,howling-fjord,1182,priest,holy,48,16,32
Dotterin,draenor,1181,priest,holy,29,17,12
Slimemarther,nordrassil,1181,priest,holy,124,53,71
Аринэко,howling-fjord,1181,priest,holy,33,14,19
Cóòkie,silvermoon,1180,priest,holy,30,14,16
Åme,kirin-tor,1178,priest,holy,42,17,25
Berrylee,twisting-nether,1177,priest,holy,28,14,14
Zloop,tarren-mill,1175,priest,holy,36,17,19
Ниеса,lich-king,1174,priest,holy,110,52,58
Lobogaust,kargath,1171,priest,holy,266,147,119
Jarnary,blackmoore,1171,priest,holy,75,33,42
Fareeya,thrall,1171,priest,holy,48,20,28
Kímbérléy,argent-dawn,1170,priest,holy,157,80,77
Nosgot,earthen-ring,1169,priest,holy,78,34,44
Torcena,garrosh,1166,priest,holy,141,70,71
Killtrew,ravencrest,1165,priest,holy,39,13,26
Kbakå,stormscale,1162,priest,holy,71,29,42
Voreno,alonsus,1160,priest,holy,65,24,41
Drypri,twisting-nether,1158,priest,holy,26,13,13
Sickheals,doomhammer,1156,priest,holy,104,62,42
Xxanthos,ysondre,1155,priest,holy,334,179,155
Matdd,arthas,1154,priest,holy,31,15,16
Kiånå,teldrassil,1152,priest,holy,257,119,138
Nenku,minahonda,1151,priest,holy,18,12,6
Lúthien,outland,1150,priest,holy,18,12,6
Satins,silvermoon,1150,priest,holy,21,13,8
Swdömmel,aegwynn,1150,priest,holy,24,12,12
Melodyn,silvermoon,1149,priest,holy,44,16,28
Tansk,stormscale,1147,priest,holy,24,12,12
Ertruski,exodar,1146,priest,holy,54,28,26
Ilerya,hyjal,1145,priest,holy,70,35,35
Vaenor,durotan,1145,priest,holy,30,12,18
Hepakko,stormscale,1143,priest,holy,24,12,12
Libido,outland,1142,priest,holy,36,17,19
Ðoxy,frostmane,1141,priest,holy,24,12,12
Астит,soulflayer,1141,priest,holy,36,14,22
Ахмох,gordunni,1139,priest,holy,30,13,17
Lyla,frostwolf,1137,priest,holy,76,41,35
Angelsdust,stormscale,1137,priest,holy,31,16,15
Domerick,outland,1136,priest,holy,30,12,18
Rastafaja,doomhammer,1133,priest,holy,83,34,49
Athissa,draenor,1133,priest,holy,36,14,22
Andreel,ravencrest,1131,priest,holy,24,12,12
Morphuz,tarren-mill,1130,priest,holy,186,86,100
Cazzîe,eredar,1129,priest,holy,18,12,6
Meowcakes,stormscale,1127,priest,holy,54,30,24
Discobrill,silvermoon,1127,priest,holy,24,12,12
Quatorze,voljin,1124,priest,holy,34,19,15
Hadis,tarren-mill,1123,priest,holy,24,12,12
Asraje,eredar,1120,priest,holy,62,36,26
Hampådenbååd,kazzak,1119,priest,holy,22,13,9
Vouhza,turalyon,1119,priest,holy,72,38,34
Copperplume,ravenholdt,1116,priest,holy,264,124,140
Voelvah,ragnaros,1108,priest,holy,48,18,30
Mundwerk,malganis,1107,priest,holy,60,22,38
Каятль,gordunni,1105,priest,holy,47,18,29
Beatla,khaz-modan,1104,priest,holy,75,40,35
Elîsyø,blackmoore,1103,priest,holy,30,12,18
Mugyu,antonidas,1102,priest,holy,35,12,23
Anàriel,elune,1100,priest,holy,48,19,29
Thingsy,draenor,1099,priest,holy,104,54,50
Shaniqua,saurfang,1093,priest,holy,104,53,51
Holypowér,twisting-nether,1088,priest,holy,30,17,13
Sáro,ravencrest,1086,priest,holy,32,14,18
Drràcø,hyjal,1084,priest,holy,33,15,18
Nightwemet,kirin-tor,1080,priest,holy,42,21,21
Eile,doomhammer,1079,priest,holy,30,16,14
Киторик,blackscar,1078,priest,holy,59,27,32
Eîslotus,blackrock,1077,priest,holy,77,31,46
Ломаюключики,gordunni,1073,priest,holy,90,44,46
Deeforce,argent-dawn,1072,priest,holy,97,53,44
Miniluk,zuljin,1067,priest,holy,104,54,50
Kæos,blackrock,1065,priest,holy,129,58,71
Türapea,draenor,1063,priest,holy,60,32,28
Vampiro,blackhand,1062,priest,holy,20,12,8
Naieli,antonidas,1061,priest,holy,80,42,38
Neems,twisting-nether,1056,priest,holy,24,11,13
Zen,talnivarr,1056,priest,holy,24,11,13
Çhåstîsëfèár,dun-modr,1055,priest,holy,12,11,1
Tazlii,dalaran,1055,priest,holy,18,11,7
Миррен,gordunni,1055,priest,holy,18,11,7
Луилэнс,howling-fjord,1055,priest,holy,18,11,7
Cãlyr,ragnaros,1055,priest,holy,30,11,19
Dreê,hyjal,1054,priest,holy,18,11,7
Тевтонка,goldrinn,1054,priest,holy,80,38,42
Рейеан,soulflayer,1054,priest,holy,24,11,13
Duskojar,kazzak,1054,priest,holy,24,11,13
Uro,tirion,1053,priest,holy,30,11,19
Wurstpriest,silvermoon,1052,priest,holy,30,11,19
Крайл,blackscar,1051,priest,holy,111,37,74
Leyea,kazzak,1050,priest,holy,55,28,27
Elinaa,die-aldor,1050,priest,holy,24,11,13
Syhndel,draenor,1049,priest,holy,24,11,13
Murmaiderrx,draenor,1048,priest,holy,24,11,13
Aureï,khaz-modan,1047,priest,holy,30,12,18
Bamboleon,blackrock,1046,priest,holy,24,11,13
Sâtânica,kelthuzad,1046,priest,holy,140,64,76
Tákú,blackmoore,1045,priest,holy,116,55,61
Lindp,stormreaver,1045,priest,holy,24,11,13
Velence,ravencrest,1043,priest,holy,24,11,13
Harlemsfnest,blackrock,1042,priest,holy,24,13,11
Pretzioso,nemesis,1039,priest,holy,63,27,36
Leyrie,draenor,1037,priest,holy,27,12,15
Qazar,draenor,1036,priest,holy,18,11,7
Drdiscospec,tarren-mill,1034,priest,holy,18,11,7
Laewen,die-aldor,1032,priest,holy,82,39,43
Orcü,tarren-mill,1032,priest,holy,72,33,39
Nathamo,archimonde,1028,priest,holy,24,11,13
Juicedmaboi,tarren-mill,1028,priest,holy,24,11,13
Dwano,balnazzar,1027,priest,holy,18,11,7
Valdos,hyjal,1026,priest,holy,48,16,32
Onnovq,ravencrest,1017,priest,holy,23,11,12
Haregnor,gorgonnash,1016,priest,holy,54,22,32
Baabaak,frostmane,1014,priest,holy,87,49,38
Edvardy,stormreaver,1014,priest,holy,23,11,12
Ankhepope,outland,1013,priest,holy,56,33,23
Narwarion,die-aldor,1006,priest,holy,90,42,48
Tezzi,azjolnerub,1006,priest,holy,47,19,28
Malphesto,sunstrider,1005,priest,holy,17,11,6
Docmercy,dun-morogh,1004,priest,holy,78,32,46
Valtessian,medivh,1000,priest,holy,75,37,38
Gød,magtheridon,999,priest,holy,40,12,28
Båbak,frostmane,994,priest,holy,51,24,27
Areonas,alleria,994,priest,holy,93,37,56
Zerula,outland,990,priest,holy,42,21,21
Covidios,twisting-nether,990,priest,holy,93,43,50
Hipnotika,nemesis,988,priest,holy,53,18,35
Applecrumßle,ragnaros,983,priest,holy,65,32,33
Рикимарочка,gordunni,977,priest,holy,54,20,34
Smoree,malganis,964,priest,holy,27,12,15
Sloee,kazzak,960,priest,holy,12,10,2
Azoran,dentarg,960,priest,holy,18,10,8
Artístx,twisting-nether,960,priest,holy,24,10,14
Yamai,thrall,960,priest,holy,24,10,14
Десемин,deathguard,960,priest,holy,47,18,29
Mcmuffin,runetotem,959,priest,holy,21,13,8
Dqt,ragnaros,959,priest,holy,18,10,8
Padisonpain,blackmoore,959,priest,holy,18,10,8
Nancey,draenor,959,priest,holy,18,10,8
Рагзел,howling-fjord,959,priest,holy,18,10,8
Eilene,pozzo-delleternità,959,priest,holy,24,10,14
Карпинчо,soulflayer,958,priest,holy,18,10,8
Nûtqt,archimonde,958,priest,holy,18,10,8
Bebwaz,kazzak,958,priest,holy,24,10,14
Lâughing,ravencrest,958,priest,holy,24,10,14
Vänskap,kazzak,958,priest,holy,24,10,14
Lenneyqt,blackmoore,958,priest,holy,24,10,14
Mesticore,nethersturm,958,priest,holy,24,10,14
Azrella,ravencrest,957,priest,holy,18,10,8
Byebee,stormscale,956,priest,holy,12,10,2
Nøfear,tarren-mill,956,priest,holy,35,10,25
Rennic,stormscale,955,priest,holy,18,10,8
Нёрфмили,soulflayer,955,priest,holy,24,10,14
Gintøníc,blackmoore,954,priest,holy,18,10,8
Dbp,tarren-mill,954,priest,holy,30,10,20
Асах,gordunni,953,priest,holy,18,10,8
Wildjaevel,grim-batol,953,priest,holy,24,10,14
Vengigodxx,ravencrest,952,priest,holy,18,10,8
Melancholly,thunderhorn,951,priest,holy,41,19,22
Avïlia,dalaran,950,priest,holy,30,10,20
Smø,kazzak,949,priest,holy,30,10,20
Hegêan,argent-dawn,945,priest,holy,83,40,43
Cemiing,drakthul,944,priest,holy,24,10,14
Lilianboss,stormscale,940,priest,holy,23,10,13
Addison,die-aldor,933,priest,holy,24,10,14
Siarai,pozzo-delleternità,929,priest,holy,61,27,34
Majdas,ravencrest,927,priest,holy,14,11,3
Noukeé,blackrock,927,priest,holy,29,10,19
Moriou,dun-morogh,925,priest,holy,18,10,8
Maxý,ravencrest,924,priest,holy,60,25,35
Monetaria,das-syndikat,922,priest,holy,79,30,49
Brightharp,argent-dawn,919,priest,holy,28,10,18
Archangel,terokkar,916,priest,holy,60,30,30
Hodza,frostmane,911,priest,holy,108,58,50
Chaendral,darkmoon-faire,911,priest,holy,32,11,21
Kanki,haomarush,908,priest,holy,96,48,48
Nyygalease,burning-legion,905,priest,holy,23,12,11
Lockmold,tarren-mill,905,priest,holy,26,11,15
Unborkenn,ragnaros,905,priest,holy,30,12,18
Ламедрис,gordunni,904,priest,holy,41,10,31
Xal,drekthar,901,priest,holy,294,129,165
Priincess,ragnaros,901,priest,holy,38,10,28
Infinitiy,sylvanas,900,priest,holy,53,25,28
Rahela,sanguino,897,priest,holy,23,11,12
Xlhealscptn,arathor,889,priest,holy,66,19,47
Sîanah,archimonde,886,priest,holy,28,11,17
Fivequeens,tarren-mill,883,priest,holy,48,18,30
Protegee,draenor,879,priest,holy,87,30,57
Phelesto,ysera,870,priest,holy,53,24,29
Авэнсис,howling-fjord,869,priest,holy,54,21,33
Jmp,tarren-mill,864,priest,holy,12,9,3
Aeqüitas,tarren-mill,864,priest,holy,15,10,5
Kirobreika,twisting-nether,864,priest,holy,18,9,9
Zeraphïn,eredar,864,priest,holy,18,9,9
Диматеу,galakrond,864,priest,holy,18,9,9
Rhæveth,ravencrest,864,priest,holy,18,9,9
Jagardoden,stormscale,864,priest,holy,24,9,15
Ømegagødx,outland,864,priest,holy,30,9,21
Døgfîsh,stormscale,863,priest,holy,12,9,3
Azeeza,stormscale,863,priest,holy,12,9,3
Tyog,khazgoroth,863,priest,holy,12,9,3
Âlolexx,archimonde,863,priest,holy,12,9,3
Lisk,argent-dawn,863,priest,holy,18,9,9
Ashp,shattered-halls,863,priest,holy,24,9,15
Другподруг,soulflayer,862,priest,holy,18,9,9
Kalkudis,blackmoore,862,priest,holy,18,9,9
Oxiièmort,khaz-modan,862,priest,holy,24,9,15
Exola,outland,862,priest,holy,30,9,21
Chrishyp,blackrock,861,priest,holy,19,11,8
Faelvirin,aegwynn,861,priest,holy,18,9,9
Didntlos,aegwynn,861,priest,holy,24,9,15
Hónòr,sylvanas,861,priest,holy,30,9,21
Kaleycuoco,blackhand,860,priest,holy,18,9,9
Marey,blackmoore,860,priest,holy,24,9,15
Azaza,burning-legion,851,priest,holy,55,25,30
Centauria,burning-legion,851,priest,holy,60,17,43
Widok,kazzak,848,priest,holy,113,58,55
Ayahuascarli,ravencrest,847,priest,holy,17,9,8
Valves,saurfang,830,priest,holy,156,70,86
Cherrih,argent-dawn,829,priest,holy,23,9,14
Dampfwalze,nozdormu,821,priest,holy,61,29,32
Priestyo,blackrock,815,priest,holy,33,12,21
Eglantinna,ravencrest,809,priest,holy,14,10,4
Vyràn,onyxia,809,priest,holy,23,10,13
Пейлон,howling-fjord,807,priest,holy,43,14,29
Safiira,argent-dawn,798,priest,holy,132,64,68
Nokizzle,antonidas,795,priest,holy,14,9,5
Zongiz,azjolnerub,786,priest,holy,22,9,13
Methmakka,kazzak,778,priest,holy,19,10,9
Dès,ravencrest,768,priest,holy,12,8,4
Vyrá,der-rat-von-dalaran,768,priest,holy,12,8,4
Whitemask,kazzak,768,priest,holy,12,8,4
Cheeséd,ravencrest,768,priest,holy,12,8,4
Gimeurgold,destromath,768,priest,holy,18,8,10
Legitha,blackmoore,768,priest,holy,18,8,10
Джулибуба,borean-tundra,768,priest,holy,18,8,10
Ÿolo,nemesis,768,priest,holy,24,8,16
Randomxdisc,draenor,767,priest,holy,12,8,4
Experimentix,silvermoon,767,priest,holy,12,8,4
Omnimento,blackrock,767,priest,holy,12,8,4
Artés,suramar,767,priest,holy,18,8,10
Arits,tarren-mill,767,priest,holy,18,8,10
Hannïri,archimonde,767,priest,holy,18,8,10
Malizia,ragnaros,766,priest,holy,18,8,10
Priesless,sylvanas,766,priest,holy,18,8,10
Helerys,archimonde,766,priest,holy,18,8,10
Knóld,draenor,766,priest,holy,24,8,16
Drêäms,archimonde,766,priest,holy,24,8,16
Krilight,sargeras,765,priest,holy,24,8,16
Forsetî,archimonde,764,priest,holy,12,8,4
Nargøff,tarren-mill,764,priest,holy,18,8,10
Anyea,dalaran,764,priest,holy,24,8,16
Novella,kult-der-verdammten,763,priest,holy,18,8,10
Hellhámmer,azshara,763,priest,holy,18,8,10
Jbte,silvermoon,762,priest,holy,30,8,22
Lasanka,sylvanas,761,priest,holy,24,8,16
Melissasky,ragnaros,760,priest,holy,60,22,38
Chyen,kult-der-verdammten,758,priest,holy,18,8,10
Fratio,krasus,758,priest,holy,18,8,10
Avinci,blackrock,757,priest,holy,18,8,10
Itstooney,doomhammer,755,priest,holy,18,8,10
Amemiya,ragnaros,753,priest,holy,22,9,13
Spàgno,nemesis,750,priest,holy,24,8,16
Besmrtna,saurfang,749,priest,holy,23,8,15
Waycrest,ravencrest,746,priest,holy,23,11,12
Eternitiy,auchindoun,744,priest,holy,18,8,10
Blaulienchen,proudmoore,736,priest,holy,36,11,25
Salzholy,malygos,735,priest,holy,17,8,9
Englishheart,auchindoun,734,priest,holy,17,8,9
Adenisia,hyjal,733,priest,holy,19,9,10
Kirvane,outland,724,priest,holy,20,10,10
Fatherted,nagrand,722,priest,holy,64,17,47
Aspertina,outland,714,priest,holy,27,9,18
Valentinus,dragonmaw,702,priest,holy,26,8,18
Mélínâ,blackmoore,691,priest,holy,28,9,19
Iliridan,pozzo-delleternità,674,priest,holy,151,47,104
Гшд,gordunni,672,priest,holy,12,7,5
Ainadaxz,ravencrest,672,priest,holy,12,7,5
Sepa,stormreaver,672,priest,holy,12,7,5
Artìst,ravencrest,672,priest,holy,12,7,5
Jaytï,ravencrest,672,priest,holy,12,7,5
Ibunnyqt,aegwynn,672,priest,holy,12,7,5
Môrtïciâ,tarren-mill,672,priest,holy,12,7,5
Макстин,howling-fjord,672,priest,holy,12,7,5
Darkoul,conseil-des-ombres,672,priest,holy,12,7,5
Arabpriest,draenor,672,priest,holy,12,7,5
Nelakya,blackmoore,672,priest,holy,12,7,5
Verti,outland,672,priest,holy,12,7,5
Ботхесатва,deepholm,672,priest,holy,12,7,5
Willzah,outland,672,priest,holy,12,7,5
Mythasz,archimonde,672,priest,holy,16,8,8
Valinoru,silvermoon,672,priest,holy,18,7,11
Westfalen,tichondrius,672,priest,holy,18,7,11
Missbarbados,blackmoore,672,priest,holy,18,7,11
Yzïam,ravencrest,672,priest,holy,18,7,11
Naïcos,dun-modr,672,priest,holy,18,7,11
Ticklypriest,outland,672,priest,holy,18,7,11
Russianpvp,outland,672,priest,holy,18,7,11
Onixa,tarren-mill,672,priest,holy,18,7,11
Seeyae,ravencrest,672,priest,holy,18,7,11
Gujjax,doomhammer,671,priest,holy,12,7,5
Synexia,sylvanas,671,priest,holy,12,7,5
Danglar,defias-brotherhood,671,priest,holy,12,7,5
Jajada,kazzak,671,priest,holy,18,7,11
Systerstål,twisting-nether,671,priest,holy,18,7,11
Egozyp,kazzak,671,priest,holy,20,7,13
Mgx,defias-brotherhood,671,priest,holy,24,7,17
Kineila,dun-morogh,671,priest,holy,24,7,17
Smolbøi,tarren-mill,670,priest,holy,24,7,17
Luffly,draenor,669,priest,holy,12,7,5
Datek,silvermoon,667,priest,holy,18,7,11
Zinary,silvermoon,667,priest,holy,18,7,11
Hegg,ghostlands,667,priest,holy,30,7,23
Isiriah,archimonde,666,priest,holy,12,7,5
Ларуса,gordunni,662,priest,holy,15,8,7
Popå,aerie-peak,662,priest,holy,24,7,17
Yayaxoxo,archimonde,660,priest,holy,26,10,16
Ledarz,dun-morogh,658,priest,holy,18,7,11
Sarafîsthole,ysondre,655,priest,holy,18,7,11
Kaliboom,archimonde,654,priest,holy,23,7,16
Naid,exodar,654,priest,holy,24,7,17
Killtrewerty,stormscale,638,priest,holy,17,7,10
Grausami,zuluhed,637,priest,holy,23,7,16
Branmer,silvermoon,627,priest,holy,29,7,22
Winilo,ravencrest,622,priest,holy,17,7,10
Amanthus,draenor,608,priest,holy,29,10,19
Tiphereth,blackmoore,607,priest,holy,14,8,6
Blâdes,gorgonnash,589,priest,holy,17,7,10
Babá,argent-dawn,576,priest,holy,6,6,0
Tribz,kargath,576,priest,holy,12,6,6
Múixi,dun-modr,576,priest,holy,12,6,6
Schattenface,blackmoore,576,priest,holy,12,6,6
Shadowkym,blackrock,576,priest,holy,12,6,6
Aevery,onyxia,576,priest,holy,12,6,6
Danina,outland,576,priest,holy,12,6,6
Drée,hyjal,576,priest,holy,12,6,6
Ixxmp,blackrock,576,priest,holy,12,6,6
Redy,drakthul,576,priest,holy,12,6,6
Brûshie,kazzak,576,priest,holy,12,6,6
Azymi,ravencrest,576,priest,holy,12,6,6
Darkoul,ravencrest,576,priest,holy,12,6,6
Eoraoierai,ragnaros,576,priest,holy,12,6,6
Tsuser,blackrock,576,priest,holy,12,6,6
Crinji,blackmoore,576,priest,holy,12,6,6
Ahilarry,tarren-mill,576,priest,holy,12,6,6
Bij,outland,576,priest,holy,12,6,6
Resuscitator,spinebreaker,576,priest,holy,12,6,6
Priestok,archimonde,576,priest,holy,12,6,6
Pwsx,draenor,576,priest,holy,12,6,6
Jhaazx,nemesis,576,priest,holy,14,6,8
Baldracca,shendralar,576,priest,holy,18,6,12
Patatå,sanguino,576,priest,holy,18,6,12
Sinf,sanguino,576,priest,holy,18,6,12
Stinkynoob,kazzak,576,priest,holy,18,6,12
Мотд,gordunni,576,priest,holy,18,6,12
Батлджес,gordunni,576,priest,holy,18,6,12
Джагонх,soulflayer,576,priest,holy,24,6,18
Lifeisgg,draenor,576,priest,holy,24,6,18
Waters,lightbringer,575,priest,holy,12,6,6
Wasfürsaft,tarren-mill,575,priest,holy,12,6,6
Níbbz,twisting-nether,575,priest,holy,12,6,6
Sannti,twisting-nether,575,priest,holy,12,6,6
Tikama,aegwynn,575,priest,holy,18,6,12
Healiea,outland,575,priest,holy,18,6,12
Dokurochan,tarren-mill,575,priest,holy,24,6,18
Кинвартиль,gordunni,574,priest,holy,18,6,12
Saara,daggerspine,574,priest,holy,18,6,12
Skatman,aggramar,574,priest,holy,27,6,21
Cayden,bloodfeather,573,priest,holy,12,6,6
Xver,dun-morogh,573,priest,holy,18,6,12
Dinma,argent-dawn,573,priest,holy,18,6,12
Meenaye,hyjal,572,priest,holy,12,6,6
Satyâ,kult-der-verdammten,571,priest,holy,12,6,6
Люцифиэль,ashenvale,571,priest,holy,12,6,6
Proxypriest,the-maelstrom,571,priest,holy,20,6,14
Drop,los-errantes,569,priest,holy,12,6,6
Carbonic,khaz-modan,568,priest,holy,20,10,10
Aliyaah,conseil-des-ombres,568,priest,holy,12,6,6
Lunne,les-clairvoyants,567,priest,holy,12,6,6
Bloodelfoula,draenor,563,priest,holy,18,6,12
Jitters,lightnings-blade,543,priest,holy,12,7,5
Priestxx,twilights-hammer,543,priest,holy,11,6,5
Kyderr,blackrock,543,priest,holy,17,6,11
Mønsterx,kazzak,542,priest,holy,10,7,3
Fuzzymerge,ravencrest,528,priest,holy,21,7,14
Ulrach,hyjal,526,priest,holy,15,7,8
Psychoboris,outland,521,priest,holy,19,7,12
Dotreveal,ravencrest,521,priest,holy,20,7,13
Madvortexe,kazzak,496,priest,holy,19,6,13
Ralek,hyjal,495,priest,holy,17,6,11
Gloomkesh,draenor,480,priest,holy,6,5,1
Эйттёрналинь,fordragon,480,priest,holy,6,5,1
Toasttrii,outland,480,priest,holy,6,5,1
Labuchette,archimonde,480,priest,holy,6,5,1
Shinesomnya,aegwynn,480,priest,holy,6,5,1
Felaenna,argent-dawn,480,priest,holy,6,5,1
Holdmyfear,proudmoore,480,priest,holy,6,5,1
Priestazie,madmortem,480,priest,holy,7,5,2
Glyss,draenor,480,priest,holy,12,5,7
Teengirl,ravencrest,480,priest,holy,12,5,7
Enèr,hyjal,480,priest,holy,12,5,7
Krematorio,twisting-nether,480,priest,holy,12,5,7
Wíft,argent-dawn,480,priest,holy,12,5,7
Striderz,outland,480,priest,holy,12,5,7
Sayala,dalaran,480,priest,holy,12,5,7
Shaquíloheal,blackrock,480,priest,holy,12,5,7
Selëne,blackrock,480,priest,holy,12,5,7
Hodnkobold,kazzak,480,priest,holy,12,5,7
Insânity,kazzak,480,priest,holy,12,5,7
Caz,cthun,480,priest,holy,12,5,7
Arezou,ravencrest,480,priest,holy,12,5,7
Tygstycke,tarren-mill,480,priest,holy,12,5,7
Релакз,soulflayer,480,priest,holy,12,5,7
Darkoulito,dalaran,480,priest,holy,12,5,7
Quiwzx,blackrock,480,priest,holy,12,5,7
Velfchurch,draenor,480,priest,holy,12,5,7
Shâru,frostmourne,480,priest,holy,12,5,7
Ogiez,sylvanas,480,priest,holy,12,5,7
Razamdi,drakthul,480,priest,holy,12,5,7
Mazeari,sylvanas,480,priest,holy,12,5,7
Mneme,aggramar,480,priest,holy,12,5,7
Nicolovato,draenor,480,priest,holy,12,5,7
Holymamba,silvermoon,480,priest,holy,12,5,7
Purist,arthas,480,priest,holy,12,5,7
Königlich,kiljaeden,480,priest,holy,12,5,7
Mönster,cthun,480,priest,holy,13,5,8
Minimalist,ravencrest,480,priest,holy,18,5,13
Narinelepen,culte-de-la-rive-noire,480,priest,holy,18,5,13
Drmacmoo,kazzak,480,priest,holy,18,5,13
Noroelle,drakthul,479,priest,holy,6,5,1
Vannax,arygos,479,priest,holy,6,5,1
Двакамня,soulflayer,479,priest,holy,12,5,7
Árcadoom,quelthalas,479,priest,holy,12,5,7
Inzané,doomhammer,479,priest,holy,12,5,7
Cocolasticot,garona,479,priest,holy,12,5,7
Grøums,blackmoore,479,priest,holy,12,5,7
Chabbe,ragnaros,479,priest,holy,12,5,7
Ten,haomarush,479,priest,holy,12,5,7
Гидранист,soulflayer,479,priest,holy,18,5,13
Blaumeaux,eredar,479,priest,holy,18,5,13
Alaeddin,kazzak,479,priest,holy,24,5,19
Ларуся,soulflayer,478,priest,holy,12,5,7
Laxara,arthas,478,priest,holy,12,5,7
Priestdahl,ravencrest,478,priest,holy,18,5,13
Xaeo,burning-legion,477,priest,holy,26,5,21
Mazeari,tarren-mill,448,priest,holy,10,6,4
Felvytwo,stormscale,426,priest,holy,18,6,12
Secundis,silvermoon,425,priest,holy,14,6,8
Кариелла,fordragon,425,priest,holy,17,7,10
Nannymcfee,stormscale,414,priest,holy,11,5,6
Tavaera,antonidas,400,priest,holy,13,5,8
Shnookfour,agamaggan,392,priest,holy,26,7,19
Abomïnàtîon,ysondre,384,priest,holy,6,4,2
Nevx,blackmoore,384,priest,holy,6,4,2
Trowe,tarren-mill,384,priest,holy,6,4,2
Mvce,outland,384,priest,holy,6,4,2
Indrades,blackmoore,384,priest,holy,6,4,2
Arithon,blackrock,384,priest,holy,6,4,2
Gepeitschter,frostwolf,384,priest,holy,6,4,2
Egi,lothar,384,priest,holy,6,4,2
Æsthëtìçgødx,exodar,384,priest,holy,6,4,2
Jingling,kazzak,384,priest,holy,6,4,2
Shadowlander,dun-modr,384,priest,holy,6,4,2
Êliten,tarren-mill,384,priest,holy,6,4,2
Burnesenbois,chogall,384,priest,holy,6,4,2
Holypoppa,ravencrest,384,priest,holy,6,4,2
Mainhunter,aegwynn,384,priest,holy,6,4,2
Trankilisimo,sanguino,384,priest,holy,6,4,2
Lostmybibles,twisting-nether,384,priest,holy,6,4,2
Beyal,tarren-mill,384,priest,holy,6,4,2
Yredias,dalaran,384,priest,holy,6,4,2
Yanclown,tarren-mill,384,priest,holy,6,4,2
Ltrxo,twisting-nether,384,priest,holy,6,4,2
Maryjanè,twisting-nether,384,priest,holy,6,4,2
Zymai,ravencrest,384,priest,holy,6,4,2
Wixzyx,ravencrest,384,priest,holy,6,4,2
Даймэн,gordunni,384,priest,holy,6,4,2
Deltapriest,shadowsong,384,priest,holy,6,4,2
Пристотян,gordunni,384,priest,holy,6,4,2
Velluspriest,burning-legion,384,priest,holy,6,4,2
Peg,talnivarr,384,priest,holy,12,4,8
Бэнэльф,soulflayer,384,priest,holy,12,4,8
Clergy,hellfire,384,priest,holy,12,4,8
Ashuramaru,drakthul,384,priest,holy,12,4,8
Øbz,sylvanas,384,priest,holy,12,4,8
Bloodie,drakthul,384,priest,holy,12,4,8
Salzgehalt,antonidas,384,priest,holy,12,4,8
Flurri,tarren-mill,384,priest,holy,12,4,8
Príêstjklól,stormscale,384,priest,holy,12,4,8
Åçrû,dun-modr,384,priest,holy,12,4,8
Massasax,kazzak,384,priest,holy,12,4,8
Ivysaurus,ravencrest,384,priest,holy,12,4,8
Ripperdepip,magtheridon,384,priest,holy,12,4,8
Alterlight,twisting-nether,384,priest,holy,12,4,8
Chrisdorner,archimonde,384,priest,holy,12,4,8
Sayash,chamber-of-aspects,384,priest,holy,12,4,8
Alshah,emerald-dream,384,priest,holy,12,4,8
Disillusíon,tarren-mill,384,priest,holy,12,4,8
Wavelength,stormscale,384,priest,holy,12,4,8
Zarez,stormscale,384,priest,holy,12,4,8
Gehrke,silvermoon,384,priest,holy,12,4,8
Adäm,grim-batol,384,priest,holy,12,4,8
Aladriela,exodar,384,priest,holy,12,4,8
Menda,eredar,384,priest,holy,12,4,8
Fabuliciøus,blackrock,384,priest,holy,12,4,8
Mydicine,ysondre,384,priest,holy,12,4,8
Skytheory,eredar,384,priest,holy,13,4,9
Elenie,frostwolf,384,priest,holy,18,4,14
Virgosenpai,silvermoon,384,priest,holy,18,4,14
Кэндимен,gordunni,384,priest,holy,18,4,14
Missdemerè,nemesis,384,priest,holy,18,4,14
Rustyroll,stormscale,384,priest,holy,18,4,14
Eihran,stormscale,384,priest,holy,18,4,14
Ðlcz,blackrock,384,priest,holy,18,4,14
Kheenah,argent-dawn,383,priest,holy,6,4,2
Taint,khadgar,383,priest,holy,6,4,2
Allwhitte,confrérie-du-thorium,383,priest,holy,6,4,2
Hemmiz,archimonde,383,priest,holy,6,4,2
Kasimette,garona,383,priest,holy,6,4,2
Barbiemeth,silvermoon,383,priest,holy,17,6,11
Ruebi,blackmoore,383,priest,holy,12,4,8
Danklindots,silvermoon,383,priest,holy,12,4,8
Blackwidow,chromaggus,383,priest,holy,12,4,8
Harukaa,aggra-português,383,priest,holy,12,4,8
Ynnaria,blackmoore,383,priest,holy,12,4,8
Dîakon,antonidas,383,priest,holy,12,4,8
Zakkonnik,burning-legion,382,priest,holy,6,4,2
Nevermd,blackrock,372,priest,holy,31,7,24
Silverfate,outland,367,priest,holy,11,4,7
Эгнерия,eversong,367,priest,holy,17,4,13
Nxtlvl,stormscale,352,priest,holy,10,5,5
Apuessii,dun-modr,351,priest,holy,11,4,7
Bochonok,stormrage,336,priest,holy,9,5,4
Lyndorien,argent-dawn,336,priest,holy,9,4,5
Sinetrax,tarren-mill,320,priest,holy,10,4,6
Shyvi,ravencrest,319,priest,holy,5,4,1
Shadowdae,outland,319,priest,holy,8,4,4
Ostrogami,silvermoon,319,priest,holy,8,4,4
Zahadoom,stormscale,319,priest,holy,12,5,7
Подчинись,ashenvale,288,priest,holy,6,3,3
Sneboldìs,sylvanas,288,priest,holy,6,3,3
Asolan,drakthul,288,priest,holy,6,3,3
Suzziee,silvermoon,288,priest,holy,6,3,3
Erzis,silvermoon,288,priest,holy,6,3,3
Voidflash,blackmoore,288,priest,holy,6,3,3
Fsnx,sylvanas,288,priest,holy,6,3,3
Inà,thrall,288,priest,holy,6,3,3
Shdetrzyx,outland,288,priest,holy,6,3,3
Aruna,ravencrest,288,priest,holy,6,3,3
Madsmadkas,kazzak,288,priest,holy,6,3,3
Runay,draenor,288,priest,holy,6,3,3
Хексорик,howling-fjord,288,priest,holy,6,3,3
Rewinqt,blackmoore,288,priest,holy,6,3,3
Ariyia,argent-dawn,288,priest,holy,6,3,3
Smiteweaver,drakthul,288,priest,holy,6,3,3
Ainsely,alakir,288,priest,holy,6,3,3
Verweven,twisting-nether,288,priest,holy,6,3,3
Фионыч,blackscar,288,priest,holy,6,3,3
Hilerki,draenor,288,priest,holy,6,3,3
Atenuviel,norgannon,288,priest,holy,6,3,3
Tebzy,ravencrest,288,priest,holy,6,3,3
Menecare,blackhand,288,priest,holy,6,3,3
Йефа,gordunni,288,priest,holy,6,3,3
Шанэкс,howling-fjord,288,priest,holy,6,3,3
Talie,frostmourne,288,priest,holy,6,3,3
Psylurker,die-nachtwache,288,priest,holy,6,3,3
Аржан,soulflayer,288,priest,holy,6,3,3
Xblanque,kazzak,288,priest,holy,6,3,3
Lynéssa,silvermoon,288,priest,holy,6,3,3
Pyropenance,twisting-nether,288,priest,holy,6,3,3
Jeboc,ravencrest,288,priest,holy,6,3,3
Thundertwo,ravencrest,288,priest,holy,6,3,3
Mcx,stormscale,288,priest,holy,6,3,3
Burningheatx,kazzak,288,priest,holy,6,3,3
Ejoz,khaz-modan,288,priest,holy,6,3,3
Scaryolol,blackmoore,288,priest,holy,6,3,3
Discmachinex,stormscale,288,priest,holy,6,3,3
Carnacia,tarren-mill,288,priest,holy,6,3,3
Namsolo,kazzak,288,priest,holy,6,3,3
Äliénør,khaz-modan,288,priest,holy,6,3,3
Ðøntßetøxic,kazzak,288,priest,holy,6,3,3
Aiewn,elune,288,priest,holy,6,3,3
Abusalt,stormscale,288,priest,holy,6,3,3
Egî,azshara,288,priest,holy,6,3,3
Nimsi,ravencrest,288,priest,holy,6,3,3
ßestworld,draenor,288,priest,holy,6,3,3
Kimlie,baelgun,288,priest,holy,6,3,3
Seum,ravencrest,288,priest,holy,6,3,3
Mikò,blackmoore,288,priest,holy,6,3,3
Kekkonh,sylvanas,288,priest,holy,6,3,3
Jp,gorgonnash,288,priest,holy,6,3,3
Prisht,ravencrest,288,priest,holy,6,3,3
Heyská,eredar,288,priest,holy,6,3,3
Bambus,shattered-hand,288,priest,holy,6,3,3
Catrex,draenor,288,priest,holy,6,3,3
Nyxtovia,ravencrest,288,priest,holy,6,3,3
Badhêalz,aegwynn,288,priest,holy,6,3,3
Xelivia,draenor,288,priest,holy,6,3,3
Liviúss,draenor,288,priest,holy,6,3,3
Cilletbang,blackmoore,288,priest,holy,6,3,3
Dathanosp,outland,288,priest,holy,6,3,3
Holyheartx,argent-dawn,288,priest,holy,6,3,3
Аполонио,soulflayer,288,priest,holy,6,3,3
Adssdfhjgh,outland,288,priest,holy,6,3,3
Vanadii,blackhand,288,priest,holy,6,3,3
Monataamis,kazzak,288,priest,holy,6,3,3
Atremius,dragonmaw,288,priest,holy,6,3,3
Viroxian,outland,288,priest,holy,6,3,3
Perrý,archimonde,288,priest,holy,6,3,3
Skiplegday,blackrock,288,priest,holy,8,3,5
Sebbepriest,twisting-nether,288,priest,holy,10,3,7
Snooglefacé,grim-batol,288,priest,holy,12,3,9
Nswqt,kazzak,288,priest,holy,12,3,9
Javvi,sylvanas,288,priest,holy,12,3,9
Alentissar,nemesis,288,priest,holy,12,3,9
Daenaerys,dun-morogh,288,priest,holy,12,3,9
Lurri,tarren-mill,288,priest,holy,12,3,9
Trashpriest,blackrock,288,priest,holy,12,3,9
Bzets,jaedenar,288,priest,holy,12,3,9
Singularity,ravencrest,288,priest,holy,12,3,9
Parzivál,argent-dawn,288,priest,holy,12,3,9
Quami,dun-modr,288,priest,holy,12,3,9
Drminduskâ,ysondre,288,priest,holy,12,3,9
Spoc,blackrock,288,priest,holy,12,3,9
Vaporfly,deathwing,288,priest,holy,12,3,9
Faol,the-venture-co,288,priest,holy,12,3,9
Shutyi,arathor,288,priest,holy,12,3,9
Люблюкофе,deathguard,288,priest,holy,12,3,9
Míscode,twisting-nether,288,priest,holy,12,3,9
Madpad,tarren-mill,288,priest,holy,18,3,15
Farae,arathor,288,priest,holy,24,3,21
Ralaya,ravencrest,287,priest,holy,6,3,3
Ansaniâ,antonidas,287,priest,holy,12,3,9
Spoggle,kazzak,256,priest,holy,4,4,0
Clerìc,argent-dawn,255,priest,holy,11,3,8
Elthrone,kazzak,240,priest,holy,9,4,5
Lr,aszune,240,priest,holy,9,3,6
Azrpr,ravencrest,239,priest,holy,5,3,2
ßest,archimonde,234,priest,holy,15,5,10
Azsem,arathor,234,priest,holy,18,4,14
Outcast,korgall,224,priest,holy,16,3,13
Rexxár,aszune,223,priest,holy,14,3,11
Dami,defias-brotherhood,192,priest,holy,6,2,4
Korzec,dun-modr,192,priest,holy,6,2,4
Effot,twisting-nether,192,priest,holy,6,2,4
Lutzki,the-maelstrom,192,priest,holy,6,2,4
Yukirito,drakthul,192,priest,holy,6,2,4
Priestmond,magtheridon,192,priest,holy,6,2,4
Nathyxqt,archimonde,192,priest,holy,6,2,4
Jinxies,twisting-nether,192,priest,holy,6,2,4
Neverswap,blackmoore,192,priest,holy,6,2,4
Gullys,drakthul,192,priest,holy,6,2,4
Dertar,archimonde,192,priest,holy,6,2,4
Dimentions,sylvanas,192,priest,holy,6,2,4
Semagdnim,aggra-português,192,priest,holy,6,2,4
Runkkar,defias-brotherhood,192,priest,holy,6,2,4
Pristerline,antonidas,192,priest,holy,6,2,4
Lovly,antonidas,192,priest,holy,6,2,4
Корбюратор,blackscar,192,priest,holy,6,2,4
Zèl,blackmoore,192,priest,holy,6,2,4
Breana,arathor,192,priest,holy,6,2,4
Merkabah,azjolnerub,192,priest,holy,6,2,4
Djingischan,twisting-nether,192,priest,holy,6,2,4
Юлечка,blackscar,192,priest,holy,6,2,4
Fùkøff,stormscale,192,priest,holy,6,2,4
Cidrea,saurfang,192,priest,holy,6,2,4
Schnullehupê,blackmoore,192,priest,holy,6,2,4
Таяш,soulflayer,192,priest,holy,6,2,4
Kanketopries,korgall,192,priest,holy,6,2,4
Sînálà,antonidas,192,priest,holy,6,2,4
Secrethealer,frostmane,192,priest,holy,6,2,4
Arianaglandé,hyjal,192,priest,holy,6,2,4
Absórb,quelthalas,192,priest,holy,6,2,4
Prästpojken,frostwhisper,192,priest,holy,6,2,4
Курчатовский,gordunni,192,priest,holy,6,2,4
Shidolah,antonidas,192,priest,holy,6,2,4
Piddá,twisting-nether,192,priest,holy,6,2,4
Луножрец,gordunni,192,priest,holy,6,2,4
Plåtpriest,twisting-nether,192,priest,holy,6,2,4
Buzzy,twisting-nether,192,priest,holy,6,2,4
Soül,sylvanas,192,priest,holy,6,2,4
Ihefyehvjrm,ravencrest,192,priest,holy,6,2,4
Олегстразза,howling-fjord,192,priest,holy,6,2,4
Shkzz,hyjal,192,priest,holy,6,2,4
Асуартхас,gordunni,192,priest,holy,6,2,4
Frvrfridayy,stormscale,192,priest,holy,6,2,4
Flào,draenor,192,priest,holy,6,2,4
Marrisa,khaz-modan,192,priest,holy,6,2,4
Pollution,ragnaros,192,priest,holy,6,2,4
Dotsin,kazzak,192,priest,holy,6,2,4
Dangerfred,stormscale,192,priest,holy,6,2,4
Hunfall,stormscale,192,priest,holy,6,2,4
Micix,tarren-mill,192,priest,holy,6,2,4
Apes,frostmourne,192,priest,holy,6,2,4
Tinypump,silvermoon,192,priest,holy,6,2,4
Niightstorm,silvermoon,192,priest,holy,6,2,4
Burnex,thrall,192,priest,holy,6,2,4
Solaclypsa,destromath,192,priest,holy,6,2,4
Gendzsó,ragnaros,192,priest,holy,6,2,4
Cheefto,blackmoore,192,priest,holy,6,2,4
Lusîa,echsenkessel,192,priest,holy,6,2,4
Wyez,blackmoore,192,priest,holy,6,2,4
Eyllise,ragnaros,192,priest,holy,6,2,4
Moonmaster,tarren-mill,192,priest,holy,6,2,4
Akhz,silvermoon,192,priest,holy,6,2,4
Келебриана,deepholm,192,priest,holy,6,2,4
Buskisis,tarren-mill,192,priest,holy,6,2,4
Bríta,veknilash,192,priest,holy,6,2,4
Utsuro,stormscale,192,priest,holy,6,2,4
Notatrap,outland,192,priest,holy,6,2,4
Llounal,silvermoon,192,priest,holy,6,2,4
Lahammy,kazzak,192,priest,holy,6,2,4
Karoopi,ysondre,192,priest,holy,6,2,4
Maxyox,ragnaros,192,priest,holy,6,2,4
Zenholy,kazzak,192,priest,holy,6,2,4
Daria,teldrassil,192,priest,holy,6,2,4
Dehydratia,silvermoon,192,priest,holy,6,2,4
Johen,terenas,192,priest,holy,6,2,4
Crackbär,blackmoore,192,priest,holy,6,2,4
Ðøìßåx,silvermoon,192,priest,holy,6,2,4
Sigor,hellfire,192,priest,holy,6,2,4
Haxxøn,die-nachtwache,192,priest,holy,6,2,4
Yunico,kazzak,192,priest,holy,6,2,4
Vandansk,kazzak,192,priest,holy,6,2,4
Meliodasa,outland,192,priest,holy,6,2,4
Blazingad,kazzak,192,priest,holy,6,2,4
Scooterkid,tarren-mill,192,priest,holy,6,2,4
Egxo,blackrock,192,priest,holy,6,2,4
Dameyo,argent-dawn,192,priest,holy,6,2,4
Бранлор,howling-fjord,192,priest,holy,8,2,6
Yxazil,silvermoon,192,priest,holy,12,2,10
Prigart,sylvanas,192,priest,holy,12,2,10
Злыденькая,gordunni,192,priest,holy,12,2,10
Mindgame,anachronos,192,priest,holy,12,2,10
Brøs,blackmoore,192,priest,holy,12,2,10
Authentic,dalaran,192,priest,holy,12,2,10
Twh,outland,192,priest,holy,12,2,10
Daedarkis,twisting-nether,192,priest,holy,12,2,10
Yacrablo,medivh,191,priest,holy,6,2,4
Caojialedebi,zuljin,191,priest,holy,6,2,4
Meynola,ysondre,191,priest,holy,6,2,4
Bianchi,los-errantes,191,priest,holy,6,2,4
Riogas,khaz-modan,191,priest,holy,12,2,10
Shadowzrip,twilights-hammer,159,priest,holy,5,2,3
Chrì,argent-dawn,159,priest,holy,5,2,3
Sumiyaki,ravencrest,159,priest,holy,5,2,3
Broksigar,the-maelstrom,159,priest,holy,5,2,3
Batschmoar,shattrath,144,priest,holy,3,3,0
Consümed,draenor,144,priest,holy,9,2,7
Pinkfloydx,lightbringer,138,priest,holy,9,4,5
Pristern,tarren-mill,138,priest,holy,9,4,5
Spae,twisting-nether,138,priest,holy,11,4,7
Alicewhydel,blackhand,138,priest,holy,9,3,6
Paterlurki,blackhand,138,priest,holy,10,3,7
Dayno,draenor,128,priest,holy,4,2,2
Mîssandé,blackhand,127,priest,holy,14,2,12
Ûñrêpørtablë,outland,96,priest,holy,3,2,1
Anòther,the-maelstrom,96,priest,holy,3,2,1
Cptmoigx,antonidas,96,priest,holy,3,2,1
Zeythz,ravencrest,96,priest,holy,10,2,8
Simbaone,scarshield-legion,96,priest,holy,6,1,5
Healoisious,alonsus,96,priest,holy,6,1,5
Psychout,ravencrest,96,priest,holy,6,1,5
Wrongwrong,draenor,96,priest,holy,6,1,5
Daskemaskinx,the-maelstrom,96,priest,holy,6,1,5
Ylenae,twisting-nether,96,priest,holy,6,1,5
Drë,daggerspine,96,priest,holy,6,1,5
Яестькенни,soulflayer,96,priest,holy,6,1,5
Yaoshih,draenor,96,priest,holy,6,1,5
Draobwýn,blackrock,96,priest,holy,6,1,5
Healêl,sanguino,96,priest,holy,6,1,5
Isendriel,outland,96,priest,holy,6,1,5
Helpmeheal,sylvanas,96,priest,holy,6,1,5
Чтоподелать,soulflayer,96,priest,holy,6,1,5
Laadyybirkee,blackhand,96,priest,holy,6,1,5
Valyreon,outland,96,priest,holy,6,1,5
Iirina,draenor,96,priest,holy,6,1,5
Decimerad,kazzak,96,priest,holy,6,1,5
Ovrpwr,stormscale,96,priest,holy,6,1,5
Ximenia,eredar,96,priest,holy,6,1,5
Ramy,sporeggar,96,priest,holy,6,1,5
Angusbeêf,blackrock,96,priest,holy,6,1,5
Buan,outland,96,priest,holy,6,1,5
Saheila,defias-brotherhood,96,priest,holy,6,1,5
Remkoja,blackrock,96,priest,holy,6,1,5
Vierfingerjo,eredar,96,priest,holy,6,1,5
Myrrha,les-sentinelles,96,priest,holy,6,1,5
Disz,zuljin,96,priest,holy,6,1,5
Blastor,ravencrest,96,priest,holy,6,1,5
Jaesabøyx,twisting-nether,96,priest,holy,6,1,5
Syalis,kazzak,96,priest,holy,6,1,5
Shicu,blackmoore,96,priest,holy,6,1,5
Jaatjak,ravencrest,96,priest,holy,6,1,5
Hanniel,kazzak,96,priest,holy,6,1,5
Slêq,antonidas,96,priest,holy,6,1,5
Goodsonja,sanguino,96,priest,holy,6,1,5
Goupillou,hyjal,96,priest,holy,6,1,5
Morîdîn,kazzak,96,priest,holy,6,1,5
Kakuzuke,nemesis,96,priest,holy,6,1,5
Elya,hyjal,96,priest,holy,6,1,5
Lãnat,ravencrest,96,priest,holy,6,1,5
Chê,sanguino,96,priest,holy,6,1,5
Fadchod,outland,96,priest,holy,6,1,5
Eloundir,dalaran,96,priest,holy,6,1,5
Venomrush,ravencrest,96,priest,holy,6,1,5
Wísp,die-aldor,96,priest,holy,6,1,5
Elvedâ,blackhand,96,priest,holy,6,1,5
Miralou,ravencrest,96,priest,holy,6,1,5
Mingyue,thrall,96,priest,holy,6,1,5
Galpriest,tarren-mill,96,priest,holy,6,1,5
Тёмафиргвард,blackscar,96,priest,holy,6,1,5
Robiee,twisting-nether,96,priest,holy,6,1,5
Herwin,twisting-nether,96,priest,holy,6,1,5
Aviz,tarren-mill,96,priest,holy,6,1,5
Borá,twisting-nether,96,priest,holy,6,1,5
Tÿona,hyjal,96,priest,holy,6,1,5
Malzzara,outland,96,priest,holy,6,1,5
Elfhelp,ravencrest,96,priest,holy,6,1,5
Xodze,outland,96,priest,holy,6,1,5
Lujka,outland,96,priest,holy,6,1,5
Zthul,draenor,96,priest,holy,6,1,5
Johnblack,dun-morogh,96,priest,holy,6,1,5
Lyssa,saurfang,96,priest,holy,6,1,5
Kipnuggetz,burning-legion,96,priest,holy,6,1,5
Тоориал,howling-fjord,96,priest,holy,6,1,5
Мишатемный,gordunni,96,priest,holy,6,1,5
Tigrok,burning-legion,96,priest,holy,6,1,5
Нуннчи,howling-fjord,96,priest,holy,6,1,5
Нитровина,howling-fjord,96,priest,holy,6,1,5
Сакредлайв,gordunni,96,priest,holy,6,1,5
Kijul,ragnaros,96,priest,holy,6,1,5
Snotknuckle,gorgonnash,96,priest,holy,6,1,5
Trickyteè,tarren-mill,96,priest,holy,6,1,5
Mauralin,zirkel-des-cenarius,96,priest,holy,6,1,5
Blúefox,malfurion,96,priest,holy,6,1,5
Эллвинг,howling-fjord,96,priest,holy,6,1,5
Pattie,ragnaros,96,priest,holy,6,1,5
Nuph,ravencrest,96,priest,holy,6,1,5
Rcxd,silvermoon,96,priest,holy,6,1,5
Kasáya,thrall,96,priest,holy,14,2,12
Quackies,ravencrest,96,priest,holy,7,1,6
Gisborn,laughing-skull,96,priest,holy,8,1,7
Quinlanx,quelthalas,96,priest,holy,12,1,11
Takros,blackrock,96,priest,holy,12,1,11
Demora,ysondre,96,priest,holy,12,1,11
Plaguestrike,darkspear,96,priest,holy,12,1,11
Onlyfans,burning-steppes,96,priest,holy,12,1,11
Lunabärchi,ravencrest,96,priest,holy,12,1,11
Doublehealix,argent-dawn,96,priest,holy,12,1,11
Frékiatya,ravenholdt,95,priest,holy,6,1,5
Mswagner,outland,79,priest,holy,5,1,4
Looó,los-errantes,79,priest,holy,5,1,4
Freshpope,ravencrest,48,priest,holy,3,1,2
Xaey,ravencrest,48,priest,holy,3,1,2
Sos,nethersturm,42,priest,holy,9,3,6
Баптисто,gordunni,42,priest,holy,7,2,5
Tabítha,blackrock,42,priest,holy,9,2,7
Bøij,pozzo-delleternità,42,priest,holy,10,2,8
Hemmis,ravencrest,2279,priest,discipline,131,78,53
Keijuñâ,tarren-mill,2261,priest,discipline,102,59,43
Prêtresacré,archimonde,2244,priest,discipline,89,52,37
Gaalonikus,blackmoore,2235,priest,discipline,92,54,38
Vanostsp,kazzak,2231,priest,discipline,104,57,47
Holypoppa,ravencrest,2223,priest,discipline,445,231,214
Moonriver,archimonde,2210,priest,discipline,90,54,36
Jidammy,ravencrest,2207,priest,discipline,128,68,60
Jayti,ravencrest,2205,priest,discipline,115,65,50
Jid,ravencrest,2202,priest,discipline,107,64,43
Jaywie,twisting-nether,2186,priest,discipline,208,107,101
Primayodbain,archimonde,2184,priest,discipline,112,60,52
Rlyeh,argent-dawn,2181,priest,discipline,89,49,40
Jackiqt,nemesis,2180,priest,discipline,125,81,44
Flao,ravencrest,2180,priest,discipline,88,47,41
Secø,sylvanas,2177,priest,discipline,78,43,35
Èfflux,ravencrest,2172,priest,discipline,86,54,32
Hukkuvahirvi,ravencrest,2168,priest,discipline,111,58,53
Kêkwshádêzz,blackmoore,2165,priest,discipline,84,44,40
Saentainen,kazzak,2164,priest,discipline,113,78,35
Bedfirez,ravencrest,2161,priest,discipline,211,122,89
Døppëlápfèl,tarren-mill,2161,priest,discipline,84,46,38
Jtî,ravencrest,2149,priest,discipline,120,74,46
Gudóngmae,ravencrest,2144,priest,discipline,60,36,24
Fsnx,sylvanas,2135,priest,discipline,176,103,73
Mentalboom,emerald-dream,2135,priest,discipline,209,110,99
Rébörn,tarren-mill,2134,priest,discipline,77,47,30
Cylizx,stormscale,2133,priest,discipline,114,62,52
Ltr,tarren-mill,2132,priest,discipline,61,39,22
Pheen,kazzak,2132,priest,discipline,488,258,230
Thelïght,ravencrest,2132,priest,discipline,189,96,93
Aist,ragnaros,2132,priest,discipline,132,67,65
Artle,sanguino,2131,priest,discipline,83,44,39
Izzý,antonidas,2129,priest,discipline,90,57,33
Prådâshådëzz,blackmoore,2129,priest,discipline,95,51,44
Efflúx,ravencrest,2128,priest,discipline,124,71,53
Azrpr,ravencrest,2128,priest,discipline,82,45,37
Антошашвп,gordunni,2128,priest,discipline,98,51,47
Cringê,ravencrest,2124,priest,discipline,89,46,43
Vengefulmaze,ravencrest,2123,priest,discipline,132,70,62
Asanti,die-aldor,2122,priest,discipline,252,145,107
Unréål,ravencrest,2122,priest,discipline,198,102,96
Kangaroogodx,ravencrest,2122,priest,discipline,149,75,74
Duckiethot,twisting-nether,2121,priest,discipline,226,115,111
Ilumiinatrix,dun-modr,2121,priest,discipline,797,400,397
Nasdaq,ravencrest,2120,priest,discipline,120,63,57
Hampådenbååd,kazzak,2119,priest,discipline,147,81,66
Mond,eredar,2118,priest,discipline,171,84,87
Rñd,ravencrest,2117,priest,discipline,78,40,38
Jawake,twisting-nether,2116,priest,discipline,66,36,30
Ananous,hyjal,2114,priest,discipline,350,191,159
Sologrifer,sylvanas,2114,priest,discipline,87,47,40
Деадхостх,soulflayer,2110,priest,discipline,90,53,37
Summerfinn,ravencrest,2110,priest,discipline,235,120,115
Råcòøñ,ravencrest,2110,priest,discipline,109,55,54
Dermaul,kazzak,2109,priest,discipline,144,76,68
Superbianka,stormscale,2109,priest,discipline,252,129,123
Blessedmix,korgall,2109,priest,discipline,249,126,123
Nevercared,aegwynn,2106,priest,discipline,63,48,15
Swdswdswdswd,blackmoore,2105,priest,discipline,100,55,45
Мамкалол,soulflayer,2105,priest,discipline,306,159,147
Spìrít,ghostlands,2105,priest,discipline,192,93,99
Neverdome,ravencrest,2100,priest,discipline,405,218,187
Øbserverx,stormscale,2100,priest,discipline,114,61,53
Mshieldo,blackmoore,2100,priest,discipline,118,59,59
Гопикзашквар,blackscar,2100,priest,discipline,182,88,94
Dripcheck,draenor,2096,priest,discipline,397,204,193
Voxtwo,blackrock,2083,priest,discipline,72,42,30
Klonyaryk,ravencrest,2082,priest,discipline,230,118,112
Prästpåven,stormscale,2078,priest,discipline,72,43,29
Luxurygirl,nemesis,2076,priest,discipline,54,35,19
Deadsloth,hyjal,2075,priest,discipline,197,104,93
Shmoly,stormscale,2073,priest,discipline,157,81,76
Còsmo,ravencrest,2073,priest,discipline,113,52,61
Duckiethotx,ragnaros,2072,priest,discipline,160,81,79
Chasx,ravencrest,2071,priest,discipline,177,85,92
Fearxyz,aegwynn,2070,priest,discipline,90,47,43
Tremrfinger,dun-modr,2069,priest,discipline,291,171,120
Ñya,sylvanas,2069,priest,discipline,270,148,122
Sèco,sylvanas,2068,priest,discipline,156,77,79
Ðontargueok,blackmoore,2066,priest,discipline,138,76,62
Flào,draenor,2064,priest,discipline,113,56,57
Blâdéira,ravencrest,2062,priest,discipline,378,201,177
Twinkboyx,ragnaros,2060,priest,discipline,165,85,80
Фастэксп,razuvious,2059,priest,discipline,355,183,172
Clapped,ravencrest,2058,priest,discipline,84,44,40
Buan,outland,2058,priest,discipline,78,39,39
Coldyxz,blackrock,2051,priest,discipline,108,61,47
Светжрец,blackscar,2047,priest,discipline,84,52,32
Artístx,twisting-nether,2047,priest,discipline,98,52,46
Faithz,ragnaros,2047,priest,discipline,90,42,48
Kâiøxx,outland,2046,priest,discipline,336,175,161
Notnøw,silvermoon,2040,priest,discipline,346,181,165
Plsdontnerf,onyxia,2039,priest,discipline,95,55,40
Imprøved,outland,2036,priest,discipline,102,70,32
Lloreen,ravencrest,2034,priest,discipline,197,107,90
Rhâpsødy,ravencrest,2032,priest,discipline,129,75,54
Reflector,sunstrider,2025,priest,discipline,99,47,52
Arthezz,ravencrest,2023,priest,discipline,282,148,134
Swd,dun-morogh,2019,priest,discipline,60,35,25
Dakystepmom,stormreaver,2017,priest,discipline,119,57,62
Jagardoden,stormscale,2016,priest,discipline,141,80,61
Priestqtx,kelthuzad,2016,priest,discipline,60,34,26
Gerryqt,draenor,2016,priest,discipline,78,41,37
Sacerdotini,outland,2016,priest,discipline,49,23,26
Morphics,silvermoon,2013,priest,discipline,83,41,42
Loaffeh,ragnaros,2012,priest,discipline,88,47,41
Villagebike,shadowsong,2012,priest,discipline,42,22,20
Sfÿ,ysondre,2012,priest,discipline,102,48,54
Megxnx,ravencrest,2011,priest,discipline,125,74,51
Soloshuffle,draenor,2011,priest,discipline,184,99,85
Разрухаз,gordunni,2011,priest,discipline,95,48,47
Synxii,ravencrest,2010,priest,discipline,100,50,50
Trialight,ravencrest,2009,priest,discipline,89,57,32
Abdcefgihljk,tarren-mill,2008,priest,discipline,66,41,25
Shinjicum,kazzak,2008,priest,discipline,386,214,172
Pb,stormscale,2007,priest,discipline,105,65,40
Timbsheal,tarren-mill,2007,priest,discipline,150,77,73
Фанпау,soulflayer,2005,priest,discipline,84,39,45
Stavfel,stormscale,2004,priest,discipline,201,107,94
Lunatique,shadowsong,2003,priest,discipline,80,39,41
Underdogx,eredar,2002,priest,discipline,551,282,269
Sathie,ravencrest,2000,priest,discipline,126,66,60
Vajadisc,twisting-nether,2000,priest,discipline,136,59,77
Tjackpanda,kazzak,1999,priest,discipline,66,38,28
Nothappy,ragnaros,1996,priest,discipline,66,32,34
Snuskong,kazzak,1995,priest,discipline,111,52,59
Wetnpuffy,ravencrest,1993,priest,discipline,292,149,143
Kleot,ragnaros,1992,priest,discipline,773,393,380
Porkhunt,stormscale,1989,priest,discipline,96,57,39
Limerençe,ravencrest,1989,priest,discipline,98,50,48
Hamsicam,frostwolf,1989,priest,discipline,254,129,125
Билетлолпро,borean-tundra,1988,priest,discipline,341,166,175
Lyrvanax,ravencrest,1987,priest,discipline,294,147,147
Shøy,nemesis,1986,priest,discipline,246,122,124
Ävbmârsík,kazzak,1985,priest,discipline,149,82,67
Dabalthazar,ravencrest,1985,priest,discipline,163,83,80
Tanlytwo,ravencrest,1982,priest,discipline,106,52,54
Kenzah,ysondre,1981,priest,discipline,60,34,26
Kekkons,sylvanas,1981,priest,discipline,131,69,62
Azoran,dentarg,1981,priest,discipline,96,47,49
Nolnilian,archimonde,1980,priest,discipline,84,46,38
Dpriesta,aegwynn,1979,priest,discipline,88,52,36
Gerrylol,draenor,1979,priest,discipline,84,44,40
Asyncx,ravencrest,1979,priest,discipline,116,60,56
Арейша,gordunni,1979,priest,discipline,77,39,38
Pricemg,thrall,1978,priest,discipline,78,43,35
Potatojuicer,argent-dawn,1976,priest,discipline,468,237,231
Mysterymucus,draenor,1974,priest,discipline,152,87,65
Dayno,draenor,1974,priest,discipline,127,67,60
ßlinkytwinky,outland,1974,priest,discipline,78,38,40
Sinetrax,tarren-mill,1973,priest,discipline,96,57,39
Artist,outland,1973,priest,discipline,84,42,42
Oioiio,kazzak,1973,priest,discipline,174,84,90
Boltygnome,blades-edge,1972,priest,discipline,123,66,57
Filthyzx,argent-dawn,1972,priest,discipline,108,57,51
Бенджаминлол,deathguard,1972,priest,discipline,102,52,50
Убикрофт,soulflayer,1971,priest,discipline,85,52,33
Mercilégion,sargeras,1971,priest,discipline,66,34,32
Релакз,soulflayer,1971,priest,discipline,150,75,75
Tazn,thrall,1971,priest,discipline,66,33,33
Sleepypriest,frostmane,1970,priest,discipline,60,34,26
Хомячпочка,gordunni,1970,priest,discipline,82,42,40
Trashedd,outland,1970,priest,discipline,206,105,101
Саммерфинн,gordunni,1968,priest,discipline,94,48,46
Infamoussftw,drakthul,1968,priest,discipline,450,221,229
Ziknait,sargeras,1967,priest,discipline,54,34,20
Acondisc,ravencrest,1967,priest,discipline,197,103,94
Maybeexp,ravencrest,1967,priest,discipline,108,56,52
Yânux,aegwynn,1966,priest,discipline,258,133,125
Crinji,blackmoore,1966,priest,discipline,217,105,112
Comedii,blackmoore,1965,priest,discipline,477,247,230
Eukmassus,archimonde,1964,priest,discipline,82,43,39
Stormmyy,kazzak,1964,priest,discipline,88,42,46
Wernou,archimonde,1963,priest,discipline,60,36,24
Kripteksx,ravencrest,1963,priest,discipline,107,57,50
Psychout,ravencrest,1963,priest,discipline,141,71,70
Ayoutbt,ravencrest,1961,priest,discipline,114,63,51
Eestpr,tarren-mill,1961,priest,discipline,81,43,38
Líluqt,sanguino,1961,priest,discipline,102,50,52
Jâde,bloodhoof,1960,priest,discipline,468,241,227
Flongoletta,xavius,1960,priest,discipline,306,156,150
Uncreative,ravencrest,1958,priest,discipline,48,34,14
Alexsmite,twisting-nether,1957,priest,discipline,59,29,30
Nêxt,ravencrest,1956,priest,discipline,114,71,43
Flugame,ravencrest,1956,priest,discipline,111,58,53
Asdfgfhtjy,stormscale,1956,priest,discipline,132,64,68
Painchampion,draenor,1956,priest,discipline,94,45,49
Mazikeen,stormscale,1954,priest,discipline,54,32,22
Cener,ravencrest,1953,priest,discipline,146,90,56
Klered,ragnaros,1953,priest,discipline,94,57,37
Krawnz,dun-modr,1953,priest,discipline,54,29,25
Georgesheenx,ravencrest,1953,priest,discipline,232,117,115
Gerher,howling-fjord,1951,priest,discipline,39,22,17
Mainputa,pozzo-delleternità,1951,priest,discipline,119,57,62
Shadothat,turalyon,1950,priest,discipline,203,106,97
Depridolens,argent-dawn,1949,priest,discipline,94,56,38
Teengirl,ravencrest,1949,priest,discipline,444,247,197
Arendt,blackhand,1949,priest,discipline,114,60,54
Fabzen,grim-batol,1949,priest,discipline,117,60,57
Bindw,tarren-mill,1949,priest,discipline,65,29,36
Factorywrkr,silvermoon,1946,priest,discipline,30,25,5
Stazqt,conseil-des-ombres,1946,priest,discipline,497,256,241
Çiione,archimonde,1946,priest,discipline,107,55,52
Artle,dun-modr,1945,priest,discipline,88,61,27
Хомяктьмы,gordunni,1945,priest,discipline,114,58,56
Karmev,twisting-nether,1944,priest,discipline,71,36,35
Elsuzette,hyjal,1943,priest,discipline,64,35,29
Lidlpriest,frostwolf,1942,priest,discipline,42,25,17
Loví,twisting-nether,1942,priest,discipline,155,71,84
Donipriest,ravencrest,1941,priest,discipline,264,151,113
Soziy,silvermoon,1941,priest,discipline,51,28,23
Галюхах,soulflayer,1941,priest,discipline,72,38,34
Mentalist,dun-modr,1940,priest,discipline,273,130,143
Concetto,nazjatar,1939,priest,discipline,48,27,21
Puckhorde,outland,1938,priest,discipline,96,59,37
Lyrvatwo,ravencrest,1938,priest,discipline,55,33,22
Scortie,blackrock,1938,priest,discipline,78,41,37
Senga,kazzak,1937,priest,discipline,78,38,40
Ekman,twisting-nether,1934,priest,discipline,140,71,69
Soyloverjuan,auchindoun,1933,priest,discipline,64,33,31
Seankingkong,ravencrest,1932,priest,discipline,55,33,22
Zularia,rexxar,1932,priest,discipline,132,70,62
Чилюотферала,eversong,1932,priest,discipline,96,44,52
Kàrèm,blutkessel,1931,priest,discipline,66,34,32
Невертрикахд,gordunni,1931,priest,discipline,113,52,61
Spodermen,ravencrest,1930,priest,discipline,103,59,44
Virulence,twisting-nether,1929,priest,discipline,359,193,166
Justyø,archimonde,1927,priest,discipline,345,196,149
Indulgence,eredar,1927,priest,discipline,427,215,212
Místerbiceps,outland,1927,priest,discipline,152,75,77
Mswagner,outland,1926,priest,discipline,65,36,29
Джагонх,soulflayer,1926,priest,discipline,99,52,47
Salvinia,kelthuzad,1926,priest,discipline,144,71,73
Лёнятреппер,blackscar,1925,priest,discipline,183,102,81
Spinebuster,frostwolf,1925,priest,discipline,114,55,59
Traicklebron,antonidas,1924,priest,discipline,57,35,22
Xutira,silvermoon,1924,priest,discipline,222,128,94
Kekkonh,sylvanas,1923,priest,discipline,142,74,68
Grouptherpst,draenor,1922,priest,discipline,552,279,273
Ebuglatatrov,ravencrest,1922,priest,discipline,174,83,91
Akaria,kelthuzad,1922,priest,discipline,66,30,36
Sharkouly,blackmoore,1920,priest,discipline,54,27,27
Petitogré,silvermoon,1919,priest,discipline,141,74,67
Aêalama,argent-dawn,1919,priest,discipline,90,45,45
Батлджес,gordunni,1918,priest,discipline,140,76,64
Алинкалол,howling-fjord,1916,priest,discipline,192,110,82
Xraid,blackmoore,1916,priest,discipline,146,78,68
Zychopriest,antonidas,1915,priest,discipline,99,52,47
Делреона,blackscar,1914,priest,discipline,102,58,44
Nirvz,silvermoon,1913,priest,discipline,78,56,22
Yzïam,ravencrest,1913,priest,discipline,154,83,71
Deneris,ravencrest,1912,priest,discipline,59,27,32
Rxquiem,archimonde,1912,priest,discipline,100,44,56
Looney,shadowsong,1911,priest,discipline,54,36,18
Lánî,blackmoore,1911,priest,discipline,56,30,26
Xghj,sylvanas,1910,priest,discipline,96,52,44
Listrix,frostmane,1910,priest,discipline,382,193,189
Ifeared,stormscale,1909,priest,discipline,51,26,25
Lovdisc,ysondre,1908,priest,discipline,148,84,64
Кв,blackscar,1908,priest,discipline,114,48,66
Priestdos,sanguino,1907,priest,discipline,61,39,22
Ssjfoxyo,sylvanas,1907,priest,discipline,377,194,183
Malfredx,stormscale,1905,priest,discipline,39,25,14
Tweely,drakthul,1904,priest,discipline,141,73,68
Výra,der-rat-von-dalaran,1904,priest,discipline,80,41,39
Wangewover,ravencrest,1903,priest,discipline,177,98,79
Ingelosi,eredar,1903,priest,discipline,256,139,117
Noserenity,outland,1902,priest,discipline,77,48,29
Jeanprêtre,ysondre,1902,priest,discipline,156,75,81
Youngfade,twisting-nether,1902,priest,discipline,88,38,50
Savta,ravencrest,1901,priest,discipline,102,55,47
Sovereignp,aegwynn,1900,priest,discipline,66,33,33
Поднялбабки,deathguard,1900,priest,discipline,89,37,52
Kavrack,sargeras,1899,priest,discipline,71,38,33
Kevinsorbo,destromath,1899,priest,discipline,66,35,31
Bigextendo,blackmoore,1899,priest,discipline,144,76,68
Donvyto,blackmoore,1899,priest,discipline,48,24,24
Alsalty,stormscale,1899,priest,discipline,113,52,61
Faderfarbror,tarren-mill,1898,priest,discipline,133,81,52
Djsüssi,frostwolf,1898,priest,discipline,192,88,104
Rîeka,antonidas,1897,priest,discipline,83,40,43
Tobadforglad,khaz-modan,1894,priest,discipline,30,20,10
Мефодийприст,howling-fjord,1894,priest,discipline,120,72,48
Citadelle,blackmoore,1894,priest,discipline,83,48,35
Wyroofear,ragnaros,1894,priest,discipline,77,37,40
Ashenflexj,draenor,1893,priest,discipline,262,137,125
Discishârd,ravencrest,1893,priest,discipline,117,60,57
Rngånxiety,ravencrest,1893,priest,discipline,154,77,77
Hélp,stormscale,1892,priest,discipline,114,75,39
Dendegodx,kazzak,1891,priest,discipline,150,82,68
Schattenface,blackmoore,1891,priest,discipline,326,171,155
Incaflamesex,sanguino,1891,priest,discipline,143,72,71
Semagdnim,aggra-português,1891,priest,discipline,170,85,85
Разорлайтх,gordunni,1890,priest,discipline,29,21,8
Poulet,sylvanas,1889,priest,discipline,244,127,117
Önnÿ,dun-modr,1889,priest,discipline,161,79,82
Unfaithful,twisting-nether,1888,priest,discipline,76,48,28
Таравера,soulflayer,1888,priest,discipline,196,101,95
Uwuslayerx,stormscale,1887,priest,discipline,149,74,75
Dieterdose,tarren-mill,1886,priest,discipline,62,39,23
Wet,twisting-nether,1886,priest,discipline,194,85,109
Sûzy,ravencrest,1885,priest,discipline,42,24,18
Лайбаси,howling-fjord,1885,priest,discipline,272,136,136
Бенджаминлол,blackscar,1885,priest,discipline,108,46,62
Duelistfied,blackrock,1882,priest,discipline,110,53,57
Abomïnàtîon,ysondre,1881,priest,discipline,73,56,17
Discisiipeli,sylvanas,1881,priest,discipline,90,55,35
Voideffsucks,stormscale,1881,priest,discipline,60,32,28
Betatasty,dalaran,1881,priest,discipline,78,41,37
Niniell,blackmoore,1880,priest,discipline,120,68,52
Merylle,ragnaros,1880,priest,discipline,60,29,31
Sheelah,ravencrest,1880,priest,discipline,130,60,70
Eavy,argent-dawn,1879,priest,discipline,54,28,26
Кирюшасэмпай,gordunni,1878,priest,discipline,201,111,90
Пэрдёж,howling-fjord,1878,priest,discipline,41,21,20
Luvdisc,ysondre,1878,priest,discipline,74,37,37
Nedex,thrall,1877,priest,discipline,61,32,29
Mindblown,arthas,1877,priest,discipline,97,46,51
Finiskram,sylvanas,1875,priest,discipline,60,33,27
Cluelesstwo,ravencrest,1875,priest,discipline,252,135,117
Смотривнебоь,soulflayer,1875,priest,discipline,224,119,105
Свэпи,blackscar,1875,priest,discipline,77,38,39
Xians,alakir,1874,priest,discipline,42,25,17
Alèxy,tarren-mill,1874,priest,discipline,66,33,33
Mobcal,twisting-nether,1874,priest,discipline,102,47,55
Yeetedmycat,stormscale,1873,priest,discipline,72,37,35
Падлез,howling-fjord,1873,priest,discipline,72,32,40
Wóllo,stormscale,1872,priest,discipline,72,42,30
Elethia,blackmoore,1872,priest,discipline,38,21,17
Луилэнс,howling-fjord,1872,priest,discipline,148,80,68
Menecare,blackhand,1871,priest,discipline,42,24,18
Поршкаенн,gordunni,1871,priest,discipline,66,37,29
Cdïs,tyrande,1870,priest,discipline,54,36,18
Rpriest,outland,1870,priest,discipline,60,34,26
Egî,azshara,1870,priest,discipline,42,20,22
Bindww,tarren-mill,1869,priest,discipline,42,23,19
Immortalled,twisting-nether,1869,priest,discipline,156,85,71
Alpháømegá,outland,1869,priest,discipline,160,81,79
Интеллиджент,gordunni,1868,priest,discipline,42,24,18
Zhadow,outland,1868,priest,discipline,150,78,72
Wyrofear,ragnaros,1867,priest,discipline,75,34,41
Nalakis,archimonde,1866,priest,discipline,115,67,48
Williamz,ravencrest,1866,priest,discipline,79,44,35
Nyàh,stormscale,1866,priest,discipline,65,35,30
Saniqt,kazzak,1865,priest,discipline,57,35,22
Aprilfalls,blackmoore,1865,priest,discipline,60,29,31
Phosdia,festung-der-stürme,1864,priest,discipline,36,24,12
Ilovecala,ravencrest,1864,priest,discipline,54,31,23
Negativeapm,archimonde,1863,priest,discipline,41,24,17
Moyoo,kazzak,1863,priest,discipline,135,63,72
Заак,howling-fjord,1863,priest,discipline,48,22,26
Kaori,zenedar,1861,priest,discipline,71,38,33
Tacochrist,kazzak,1861,priest,discipline,346,182,164
Menarille,kazzak,1860,priest,discipline,42,33,9
Artìst,ravencrest,1860,priest,discipline,36,23,13
Phyxiusx,stormscale,1860,priest,discipline,102,59,43
Кошечка,deathguard,1860,priest,discipline,41,21,20
Sebbi,ragnaros,1860,priest,discipline,78,39,39
Hexybtw,stormscale,1860,priest,discipline,48,23,25
Sakulus,malganis,1860,priest,discipline,72,34,38
Thalanas,ravencrest,1859,priest,discipline,158,90,68
Sublab,kazzak,1859,priest,discipline,60,33,27
Lasêr,kazzak,1859,priest,discipline,159,87,72
Imahipstaqt,eredar,1859,priest,discipline,129,69,60
Нтти,soulflayer,1859,priest,discipline,120,62,58
Djswdgodx,twisting-nether,1858,priest,discipline,96,49,47
Cdplz,archimonde,1858,priest,discipline,119,59,60
Monopolygoat,arathor,1858,priest,discipline,181,84,97
Chochoo,argent-dawn,1858,priest,discipline,78,35,43
Фрайонель,gordunni,1857,priest,discipline,42,32,10
Cedifanboyx,archimonde,1857,priest,discipline,102,57,45
Frida,blackrock,1857,priest,discipline,119,57,62
Ssjx,ravencrest,1856,priest,discipline,102,55,47
Гоплзнекст,gordunni,1855,priest,discipline,119,63,56
Donpedrila,kazzak,1855,priest,discipline,42,21,21
Zyzx,blackrock,1854,priest,discipline,114,53,61
Bloodhealer,draenor,1853,priest,discipline,34,22,12
Vardogz,tirion,1853,priest,discipline,305,160,145
Healseri,defias-brotherhood,1853,priest,discipline,252,126,126
Crushmyballs,ravencrest,1852,priest,discipline,60,36,24
Chéry,archimonde,1852,priest,discipline,84,46,38
Hellhammer,stormreaver,1852,priest,discipline,280,148,132
Bonzu,ravencrest,1852,priest,discipline,72,34,38
Øxxgodx,blackrock,1851,priest,discipline,141,78,63
Вакариия,soulflayer,1851,priest,discipline,61,28,33
Rihx,ysondre,1850,priest,discipline,109,77,32
Ranchikswp,ravencrest,1850,priest,discipline,42,24,18
Trevorlahey,draenor,1850,priest,discipline,309,166,143
ßrb,sylvanas,1850,priest,discipline,252,134,118
Anabølix,ravencrest,1850,priest,discipline,65,33,32
Enilion,draenor,1850,priest,discipline,71,34,37
Bockx,ragnaros,1849,priest,discipline,134,65,69
Rynnegan,zuljin,1849,priest,discipline,72,31,41
Padisonfire,blackmoore,1849,priest,discipline,78,33,45
Çhåosgòddess,kazzak,1848,priest,discipline,42,25,17
Asdfghqwezxc,twisting-nether,1848,priest,discipline,77,40,37
Cnqz,archimonde,1848,priest,discipline,90,44,46
Shonsized,argent-dawn,1847,priest,discipline,154,88,66
Remkoja,blackrock,1847,priest,discipline,108,57,51
Goky,kazzak,1847,priest,discipline,66,33,33
Chekkó,blackrock,1847,priest,discipline,86,41,45
Aédeira,blackhand,1847,priest,discipline,83,34,49
Assiduous,stormreaver,1846,priest,discipline,46,27,19
Andaar,ravencrest,1846,priest,discipline,66,35,31
Andrë,ragnaros,1845,priest,discipline,46,29,17
Chabi,stormscale,1845,priest,discipline,45,25,20
Waafa,kazzak,1845,priest,discipline,93,50,43
Pradrak,eredar,1845,priest,discipline,60,32,28
Exola,outland,1845,priest,discipline,60,31,29
Тёмныйвид,soulflayer,1845,priest,discipline,301,149,152
Frenchpriest,archimonde,1845,priest,discipline,65,30,35
Sadsadsad,ravencrest,1845,priest,discipline,102,41,61
Павук,gordunni,1844,priest,discipline,60,38,22
Gothicpriest,blackrock,1844,priest,discipline,65,41,24
Lanata,blackrock,1844,priest,discipline,114,60,54
Rezzdar,lightnings-blade,1844,priest,discipline,199,100,99
Aiwass,twisting-nether,1844,priest,discipline,66,32,34
Jimpah,outland,1844,priest,discipline,189,89,100
Doublefreak,draenor,1843,priest,discipline,96,59,37
Flokè,stormscale,1843,priest,discipline,66,38,28
Аэтпио,soulflayer,1843,priest,discipline,126,64,62
Лэсивэснэс,soulflayer,1843,priest,discipline,227,107,120
Bæsts,ravencrest,1842,priest,discipline,47,35,12
Jellypie,blackrock,1842,priest,discipline,60,36,24
Vyrá,der-rat-von-dalaran,1842,priest,discipline,51,30,21
Maulerion,tarren-mill,1842,priest,discipline,92,53,39
Verti,outland,1842,priest,discipline,214,103,111
Kianprie,silvermoon,1842,priest,discipline,101,46,55
Smallsmilesx,blackrock,1842,priest,discipline,78,33,45
Trolldý,outland,1841,priest,discipline,54,33,21
Twinkerz,ravencrest,1841,priest,discipline,120,73,47
Шэлиэл,soulflayer,1841,priest,discipline,89,51,38
Awön,stormscale,1841,priest,discipline,64,33,31
Mend,tarren-mill,1841,priest,discipline,77,34,43
Дезминд,howling-fjord,1840,priest,discipline,41,23,18
Rngamer,silvermoon,1839,priest,discipline,42,33,9
Evpisces,archimonde,1839,priest,discipline,543,268,275
Shîn,zirkel-des-cenarius,1839,priest,discipline,72,32,40
Brigittë,ravencrest,1839,priest,discipline,78,31,47
Paterfisl,ragnaros,1838,priest,discipline,108,64,44
Втильте,blackscar,1838,priest,discipline,138,77,61
Eau,quelthalas,1838,priest,discipline,275,131,144
Kolerps,ravencrest,1838,priest,discipline,54,25,29
Tia,mannoroth,1838,priest,discipline,70,31,39
Kappa,darksorrow,1837,priest,discipline,132,86,46
Xíøn,draenor,1837,priest,discipline,48,28,20
Src,ravencrest,1837,priest,discipline,155,84,71
Jp,gorgonnash,1837,priest,discipline,69,36,33
Fitu,drakthul,1837,priest,discipline,167,86,81
Mcpriestgodx,blackrock,1837,priest,discipline,108,48,60
Duqes,stormreaver,1836,priest,discipline,57,44,13
Кисашвд,gordunni,1836,priest,discipline,54,33,21
Enteja,outland,1836,priest,discipline,1117,565,552
Свдпро,soulflayer,1836,priest,discipline,168,78,90
Rhauru,tyrande,1836,priest,discipline,289,134,155
Aspertina,outland,1836,priest,discipline,48,22,26
Aeogon,kazzak,1836,priest,discipline,179,79,100
Некронево,howling-fjord,1835,priest,discipline,51,30,21
Indrades,blackmoore,1835,priest,discipline,54,31,23
Kathigitis,stormscale,1835,priest,discipline,89,48,41
Прощайдуде,gordunni,1835,priest,discipline,71,36,35
Yourholynes,nemesis,1835,priest,discipline,72,35,37
Видзар,blackscar,1834,priest,discipline,42,27,15
Анстахоуп,grom,1834,priest,discipline,210,131,79
Nakenhäst,stormscale,1834,priest,discipline,78,37,41
Ксенонх,gordunni,1834,priest,discipline,66,30,36
Scarylol,blackmoore,1833,priest,discipline,60,33,27
Minipõppy,ravencrest,1833,priest,discipline,256,135,121
Tanly,outland,1833,priest,discipline,168,81,87
Vemix,ravencrest,1832,priest,discipline,126,85,41
Anabananaa,ravencrest,1832,priest,discipline,106,65,41
Azaciúx,sylvanas,1832,priest,discipline,48,29,19
Flensu,stormscale,1832,priest,discipline,112,63,49
Feeqamikka,ragnaros,1832,priest,discipline,61,32,29
Gajos,frostwolf,1831,priest,discipline,150,87,63
Jøjmenejøj,ravencrest,1831,priest,discipline,197,101,96
Ðènnis,argent-dawn,1831,priest,discipline,145,73,72
Ilovelily,antonidas,1831,priest,discipline,72,34,38
Notnowelf,silvermoon,1831,priest,discipline,108,49,59
Sazuki,sylvanas,1830,priest,discipline,119,71,48
Discberg,kazzak,1830,priest,discipline,54,29,25
Лизагодх,howling-fjord,1830,priest,discipline,306,161,145
Monsterzx,outland,1830,priest,discipline,203,102,101
Psyheea,stormscale,1830,priest,discipline,165,77,88
Женяшилд,howling-fjord,1829,priest,discipline,402,210,192
Aliciaiscute,ravencrest,1829,priest,discipline,52,27,25
Maxfly,archimonde,1829,priest,discipline,92,46,46
Bijaqt,blackmoore,1829,priest,discipline,54,27,27
Akeno,sylvanas,1829,priest,discipline,70,31,39
Noukeé,blackrock,1829,priest,discipline,107,42,65
Discipleotl,stormscale,1828,priest,discipline,143,96,47
Парадайси,gordunni,1828,priest,discipline,53,35,18
Йуп,ashenvale,1828,priest,discipline,70,40,30
Illuminarexo,sylvanas,1828,priest,discipline,145,82,63
Idisck,kazzak,1828,priest,discipline,235,127,108
Chivalryy,argent-dawn,1828,priest,discipline,119,64,55
Jconnelly,antonidas,1828,priest,discipline,62,32,30
Itayyxd,doomhammer,1828,priest,discipline,66,34,32
Feardotexe,frostwolf,1827,priest,discipline,275,146,129
Noelretsof,jaedenar,1827,priest,discipline,68,34,34
Ltmp,ravencrest,1827,priest,discipline,48,24,24
Karmasmom,kazzak,1827,priest,discipline,120,55,65
Nakenhäst,ravencrest,1827,priest,discipline,72,33,39
Oesterput,stormscale,1827,priest,discipline,48,21,27
Talbyslegacý,blackmoore,1826,priest,discipline,126,70,56
Райлоу,azuregos,1826,priest,discipline,96,50,46
Lobbygriefer,ravencrest,1826,priest,discipline,920,474,446
Nadøney,hyjal,1826,priest,discipline,172,87,85
Snutz,draenor,1826,priest,discipline,94,46,48
Двачх,soulflayer,1826,priest,discipline,66,32,34
Nissha,stormscale,1826,priest,discipline,66,32,34
Fønss,sanguino,1826,priest,discipline,89,41,48
Krematorio,twisting-nether,1826,priest,discipline,65,28,37
Sinetrax,draenor,1825,priest,discipline,48,30,18
Асверай,howling-fjord,1825,priest,discipline,90,55,35
Theythem,stormscale,1825,priest,discipline,42,25,17
Luphriest,ravencrest,1825,priest,discipline,42,25,17
Hyw,hyjal,1825,priest,discipline,45,26,19
Bebydaniwey,eredar,1825,priest,discipline,48,27,21
Moglimeister,blackrock,1825,priest,discipline,72,40,32
Nothic,blackmoore,1825,priest,discipline,196,105,91
Cpzach,tarren-mill,1825,priest,discipline,279,148,131
Optiprime,ravencrest,1825,priest,discipline,60,30,30
Gimeurgold,destromath,1825,priest,discipline,66,32,34
Reign,ragnaros,1825,priest,discipline,64,31,33
Chechenkata,ravencrest,1825,priest,discipline,57,27,30
Milderyp,kazzak,1824,priest,discipline,126,80,46
Йефа,gordunni,1824,priest,discipline,124,71,53
Xoxogg,burning-blade,1823,priest,discipline,156,102,54
Фейнриприст,soulflayer,1823,priest,discipline,78,51,27
Дефаенс,soulflayer,1823,priest,discipline,58,34,24
Tjackmackann,kazzak,1823,priest,discipline,54,29,25
Ðiiez,ysondre,1823,priest,discipline,129,69,60
Øpra,nemesis,1823,priest,discipline,105,55,50
Мухаглот,soulflayer,1823,priest,discipline,71,37,34
Krautfunding,blackrock,1823,priest,discipline,66,33,33
Bonzuu,ravencrest,1822,priest,discipline,47,28,19
Mamaa,stormscale,1822,priest,discipline,78,43,35
Élsias,blackmoore,1822,priest,discipline,69,35,34
Tecc,draenor,1822,priest,discipline,136,68,68
Xandrial,blackmoore,1822,priest,discipline,66,30,36
Mèlindra,draenor,1821,priest,discipline,35,28,7
Estelle,silvermoon,1821,priest,discipline,151,95,56
Билет,borean-tundra,1821,priest,discipline,42,26,16
Aâraks,khaz-modan,1821,priest,discipline,134,82,52
Tribz,kargath,1821,priest,discipline,36,22,14
Mautiya,blackrock,1821,priest,discipline,120,65,55
Cyabish,twisting-nether,1821,priest,discipline,263,142,121
Felaenna,argent-dawn,1821,priest,discipline,145,78,67
Miklós,die-aldor,1821,priest,discipline,54,28,26
Neurozx,ravencrest,1821,priest,discipline,66,32,34
Yamai,thrall,1820,priest,discipline,42,24,18
Skyland,emeriss,1820,priest,discipline,36,20,16
Tingoess,silvermoon,1820,priest,discipline,150,75,75
Dotzey,outland,1820,priest,discipline,101,43,58
Yunusgødx,kazzak,1819,priest,discipline,102,65,37
Силесттиль,gordunni,1819,priest,discipline,77,49,28
Legitha,blackmoore,1819,priest,discipline,51,31,20
Dribbler,ragnaros,1819,priest,discipline,70,42,28
Striderz,outland,1819,priest,discipline,126,72,54
Омилая,gordunni,1819,priest,discipline,42,24,18
Изишвд,gordunni,1819,priest,discipline,59,33,26
Ayõu,ravencrest,1819,priest,discipline,108,60,48
Дорогасмеха,howling-fjord,1819,priest,discipline,72,39,33
Kristianburn,arathi,1819,priest,discipline,60,31,29
Neffty,aegwynn,1819,priest,discipline,266,137,129
Vibéz,outland,1819,priest,discipline,54,27,27
Lucyx,antonidas,1818,priest,discipline,36,25,11
Tylér,stormscale,1818,priest,discipline,144,88,56
Jaesabøyx,twisting-nether,1818,priest,discipline,168,100,68
Smitemachine,ysondre,1818,priest,discipline,60,35,25
Kimspriest,ragnaros,1818,priest,discipline,42,24,18
Fems,tarren-mill,1818,priest,discipline,90,49,41
Egi,lothar,1818,priest,discipline,51,27,24
Cæsífer,senjin,1818,priest,discipline,78,41,37
Blerd,eredar,1818,priest,discipline,267,139,128
Lîke,shattrath,1818,priest,discipline,54,27,27
Reckxp,twisting-nether,1818,priest,discipline,138,65,73
Spiritina,darkmoon-faire,1817,priest,discipline,76,52,24
Tattum,ragnaros,1817,priest,discipline,96,64,32
Dâhyun,ravencrest,1817,priest,discipline,195,118,77
Holycuddles,ysondre,1817,priest,discipline,78,47,31
Hanniri,archimonde,1817,priest,discipline,54,31,23
Helalolsun,archimonde,1817,priest,discipline,192,108,84
Debeo,ragnaros,1817,priest,discipline,151,81,70
Cellia,antonidas,1817,priest,discipline,60,32,28
Отклонен,soulflayer,1817,priest,discipline,84,43,41
Georgeshxx,ravencrest,1817,priest,discipline,349,175,174
Rexzuwe,eredar,1817,priest,discipline,60,30,30
Deadandugly,eredar,1817,priest,discipline,84,36,48
Pâww,kazzak,1816,priest,discipline,66,35,31
Saygg,ysondre,1816,priest,discipline,120,63,57
Leahuwu,ravencrest,1816,priest,discipline,78,40,38
Приствалера,howling-fjord,1816,priest,discipline,488,249,239
Flowstate,sylvanas,1816,priest,discipline,52,26,26
Thaeres,stormscale,1816,priest,discipline,65,31,34
Ferpy,ragnaros,1816,priest,discipline,84,40,44
Оченьнеочень,howling-fjord,1816,priest,discipline,72,33,39
Hængøver,blackmoore,1816,priest,discipline,78,33,45
Fandac,sylvanas,1815,priest,discipline,60,39,21
Jowaba,ravencrest,1815,priest,discipline,60,38,22
Tricavla,frostmane,1815,priest,discipline,132,74,58
Milamati,kazzak,1815,priest,discipline,90,50,40
Виллавелл,blackscar,1815,priest,discipline,48,24,24
Løs,argent-dawn,1815,priest,discipline,108,53,55
Skitspill,ravencrest,1815,priest,discipline,216,104,112
Mgx,defias-brotherhood,1815,priest,discipline,105,49,56
Melphixia,stormscale,1815,priest,discipline,82,36,46
Flax,the-maelstrom,1814,priest,discipline,53,37,16
Jannejanne,ravencrest,1814,priest,discipline,30,19,11
Casic,blackhand,1814,priest,discipline,65,41,24
Alexpriest,twisting-nether,1814,priest,discipline,539,283,256
Spaanseslof,silvermoon,1814,priest,discipline,240,117,123
Шкурюклады,gordunni,1814,priest,discipline,146,71,75
Уэйнестелл,booty-bay,1814,priest,discipline,72,35,37
Charlotten,shattered-hand,1814,priest,discipline,268,123,145
Daniweyy,eredar,1813,priest,discipline,30,19,11
Nazzghul,silvermoon,1813,priest,discipline,170,96,74
Dzyxx,ravencrest,1813,priest,discipline,66,37,29
Brownhammer,ravencrest,1813,priest,discipline,100,56,44
Efeslol,dun-modr,1813,priest,discipline,255,133,122
Jesster,sylvanas,1813,priest,discipline,81,41,40
Architectx,ravencrest,1813,priest,discipline,131,66,65
Veethene,kazzak,1813,priest,discipline,164,82,82
Cæsifer,area-52,1813,priest,discipline,54,27,27
Dhassy,sanguino,1812,priest,discipline,71,44,27
Viiu,eredar,1812,priest,discipline,45,25,20
Eedazap,argent-dawn,1812,priest,discipline,58,32,26
Leahx,dalvengyr,1812,priest,discipline,76,40,36
Discoqt,aegwynn,1812,priest,discipline,60,30,30
Isalvation,stormscale,1812,priest,discipline,78,38,40
Faenei,draenor,1812,priest,discipline,66,32,34
Mïserygødx,nemesis,1811,priest,discipline,84,57,27
Maxmoto,blackrock,1811,priest,discipline,92,56,36
Антошашвп,azuregos,1811,priest,discipline,42,25,17
Cæsifer,blackrock,1811,priest,discipline,100,55,45
Holysjodin,tarren-mill,1811,priest,discipline,42,23,19
Deluxgodx,kazzak,1811,priest,discipline,81,43,38
Vallstwo,zuljin,1811,priest,discipline,60,30,30
Tmnetwo,ravencrest,1811,priest,discipline,70,34,36
Aridarpriest,silvermoon,1811,priest,discipline,116,55,61
Miraña,kazzak,1810,priest,discipline,24,19,5
Alwaysøøm,kazzak,1810,priest,discipline,144,88,56
Wodpriest,ravencrest,1810,priest,discipline,71,43,28
Muncett,dun-modr,1810,priest,discipline,113,67,46
Türsteherxxl,mannoroth,1810,priest,discipline,126,74,52
Vinopure,turalyon,1810,priest,discipline,72,39,33
Уровеньб,soulflayer,1810,priest,discipline,144,75,69
Gaussqt,ravencrest,1810,priest,discipline,120,62,58
Mythasz,archimonde,1810,priest,discipline,76,35,41
Undeathy,ravencrest,1810,priest,discipline,90,39,51
Delftware,tarren-mill,1809,priest,discipline,36,27,9
Xrq,stormscale,1809,priest,discipline,36,27,9
Thedisco,kazzak,1809,priest,discipline,84,56,28
Danglar,defias-brotherhood,1809,priest,discipline,126,67,59
Qzrx,draenor,1809,priest,discipline,90,47,43
Røylian,ravencrest,1809,priest,discipline,54,28,26
Соникида,gordunni,1809,priest,discipline,106,53,53
Kuxk,stormscale,1809,priest,discipline,48,24,24
Svakkanxd,kazzak,1809,priest,discipline,141,66,75
Needskîll,drakthul,1809,priest,discipline,78,36,42
Fearsleba,stormreaver,1809,priest,discipline,66,30,36
Ðøñtårmørýmë,der-abyssische-rat,1809,priest,discipline,56,23,33
Sikaanyo,blackhand,1808,priest,discipline,119,68,51
Niagarafalls,ragnaros,1808,priest,discipline,231,128,103
Ohlinsqt,outland,1808,priest,discipline,66,36,30
Фалд,gordunni,1808,priest,discipline,78,42,36
Prips,bladefist,1808,priest,discipline,223,117,106
Lethalhealz,outland,1808,priest,discipline,458,240,218
Blackbertha,ravencrest,1808,priest,discipline,162,81,81
Jamienism,ravencrest,1808,priest,discipline,88,36,52
Ðézø,twisting-nether,1807,priest,discipline,108,71,37
Ÿolo,nemesis,1807,priest,discipline,80,47,33
Tyreha,ravencrest,1807,priest,discipline,105,61,44
Cucurulla,sanguino,1807,priest,discipline,92,48,44
Emryth,blackhand,1807,priest,discipline,300,156,144
Lexìì,archimonde,1807,priest,discipline,60,31,29
Mirupriest,sanguino,1807,priest,discipline,66,34,32
Akzar,blackrock,1807,priest,discipline,711,362,349
Raw,dragonblight,1807,priest,discipline,72,36,36
Seasonf,tarren-mill,1807,priest,discipline,60,28,32
Zarahard,draenor,1806,priest,discipline,120,65,55
Zeruhphin,eredar,1806,priest,discipline,54,28,26
Spatzdom,malygos,1806,priest,discipline,215,110,105
Vigoria,stormreaver,1806,priest,discipline,294,150,144
Mïxa,eitrigg,1805,priest,discipline,42,28,14
Urizal,defias-brotherhood,1805,priest,discipline,54,31,23
Артфуул,howling-fjord,1805,priest,discipline,78,43,35
Ipâ,hyjal,1805,priest,discipline,417,207,210
Neems,twisting-nether,1805,priest,discipline,42,19,23
Ïcön,ravencrest,1804,priest,discipline,60,43,17
Iloveilka,madmortem,1804,priest,discipline,35,22,13
Ljusmor,silvermoon,1804,priest,discipline,99,62,37
Bennyjamin,kazzak,1804,priest,discipline,74,45,29
Floyyd,kazzak,1804,priest,discipline,42,24,18
Tynsxd,silvermoon,1804,priest,discipline,481,267,214
Needsboorst,ravencrest,1804,priest,discipline,66,36,30
Nooxid,eredar,1804,priest,discipline,159,86,73
Imsaltyxd,tarren-mill,1804,priest,discipline,90,48,42
Sdn,twisting-nether,1804,priest,discipline,256,128,128
Fogel,turalyon,1803,priest,discipline,96,82,14
Laonar,silvermoon,1803,priest,discipline,181,115,66
Gehrke,silvermoon,1803,priest,discipline,117,59,58
Uivi,azjolnerub,1803,priest,discipline,80,40,40
Ebiso,ravencrest,1803,priest,discipline,90,41,49
Rainbowroll,kazzak,1803,priest,discipline,82,37,45
Zsg,draenor,1802,priest,discipline,150,88,62
Ледикрис,blackscar,1802,priest,discipline,125,73,52
Zoophobîa,stormscale,1802,priest,discipline,96,54,42
Bassepriest,tarren-mill,1802,priest,discipline,101,53,48
Squishylol,tarren-mill,1802,priest,discipline,66,34,32
Jpucciù,ysondre,1802,priest,discipline,66,31,35
Brainbadly,aegwynn,1802,priest,discipline,48,22,26
Mythaaz,archimonde,1802,priest,discipline,57,23,34
Кошкаенот,blackscar,1802,priest,discipline,83,33,50
Cx,mazrigos,1801,priest,discipline,65,42,23
Mopriest,eredar,1801,priest,discipline,110,68,42
Kèvin,das-syndikat,1801,priest,discipline,125,75,50
Shínx,illidan,1801,priest,discipline,90,52,38
Aelisendi,draenor,1801,priest,discipline,89,51,38
Nintendó,sylvanas,1801,priest,discipline,120,68,52
Taslight,stormscale,1801,priest,discipline,281,159,122
Reclue,silvermoon,1801,priest,discipline,48,27,21
Rabbai,twisting-nether,1801,priest,discipline,66,37,29
Refrenn,kazzak,1801,priest,discipline,120,67,53
Holyshiiet,stormscale,1801,priest,discipline,275,151,124
Cestrial,sylvanas,1801,priest,discipline,203,110,93
Naivah,dun-modr,1801,priest,discipline,229,122,107
Mafakor,ravencrest,1801,priest,discipline,517,257,260
Bekznfiend,ragnaros,1801,priest,discipline,71,33,38
Yameru,stormreaver,1801,priest,discipline,78,34,44
Зулфар,razuvious,1800,priest,discipline,48,36,12
Wardshield,ravencrest,1800,priest,discipline,29,20,9
Felwy,stormscale,1800,priest,discipline,48,31,17
Hasnoaim,dun-morogh,1800,priest,discipline,66,41,25
Twizl,hyjal,1800,priest,discipline,227,118,109
Mantra,blackmoore,1800,priest,discipline,351,179,172
Zuniqa,die-aldor,1800,priest,discipline,221,112,109
Smiteweaver,drakthul,1800,priest,discipline,60,30,30
Некрогуро,gordunni,1800,priest,discipline,54,27,27
Lazyx,tarren-mill,1800,priest,discipline,59,29,30
Ilovebenji,antonidas,1800,priest,discipline,54,25,29
Dimsim,kazzak,1799,priest,discipline,60,34,26
Фенджидисплх,blackscar,1798,priest,discipline,114,54,60
Kirtarah,aegwynn,1797,priest,discipline,244,126,118
Dokwhite,blackrock,1797,priest,discipline,41,20,21
Sùzy,ravencrest,1797,priest,discipline,72,30,42
Reticlel,kazzak,1796,priest,discipline,206,118,88
Collinna,aegwynn,1796,priest,discipline,153,81,72
Hodscha,aegwynn,1796,priest,discipline,171,81,90
Lakeworth,argent-dawn,1796,priest,discipline,164,76,88
Siezlababo,blackrock,1795,priest,discipline,35,21,14
Seherbazqt,twisting-nether,1795,priest,discipline,226,119,107
Bigballer,stormscale,1795,priest,discipline,51,26,25
Пристижнаяя,gordunni,1794,priest,discipline,116,65,51
Shuya,archimonde,1794,priest,discipline,64,34,30
Níghty,ravencrest,1794,priest,discipline,138,72,66
Йеэгер,soulflayer,1794,priest,discipline,171,74,97
Entenpanda,kazzak,1793,priest,discipline,138,72,66
Eliriya,thrall,1793,priest,discipline,308,156,152
Lolylights,tarren-mill,1793,priest,discipline,270,131,139
Inhibitor,tarren-mill,1792,priest,discipline,125,65,60
Сайдвиндер,blackscar,1792,priest,discipline,115,59,56
Racecar,executus,1792,priest,discipline,144,71,73
Eliana,blackrock,1791,priest,discipline,163,84,79
Krolox,blackhand,1791,priest,discipline,228,115,113
Bølzer,blackrock,1791,priest,discipline,420,207,213
Padregianni,nemesis,1791,priest,discipline,102,46,56
Discusting,anachronos,1790,priest,discipline,84,42,42
Fainttnt,stormscale,1790,priest,discipline,96,46,50
Прристуха,gordunni,1789,priest,discipline,113,52,61
Dîàna,archimonde,1787,priest,discipline,59,35,24
Chnechnechne,outland,1787,priest,discipline,82,44,38
Ýbëzz,ravencrest,1786,priest,discipline,30,19,11
Elataqt,silvermoon,1786,priest,discipline,97,53,44
Altruistx,ravencrest,1786,priest,discipline,84,41,43
Stargal,blackmoore,1785,priest,discipline,48,31,17
Iwariel,blackmoore,1785,priest,discipline,138,72,66
Dès,ravencrest,1785,priest,discipline,182,90,92
Drillin,ravencrest,1785,priest,discipline,135,59,76
Holyholy,stormscale,1784,priest,discipline,60,40,20
Skjelett,stormscale,1784,priest,discipline,56,30,26
Øk,draenor,1783,priest,discipline,143,81,62
Pny,outland,1783,priest,discipline,81,45,36
Scaryblapel,ravencrest,1783,priest,discipline,386,202,184
Trixtrex,aegwynn,1782,priest,discipline,66,32,34
Slovak,stormscale,1782,priest,discipline,54,26,28
Шэвэпэ,deathguard,1782,priest,discipline,66,29,37
Maikzky,stormreaver,1780,priest,discipline,36,19,17
Dogfx,blackhand,1780,priest,discipline,66,28,38
Arythc,ahnqiraj,1779,priest,discipline,66,33,33
Drillinx,tarren-mill,1779,priest,discipline,113,54,59
Keypo,khaz-modan,1779,priest,discipline,125,58,67
Bubblebuddy,draenor,1779,priest,discipline,84,30,54
Ihefyehvjrm,ravencrest,1778,priest,discipline,137,66,71
Whýççpèrx,ravencrest,1778,priest,discipline,88,42,46
Deoxx,kazzak,1778,priest,discipline,144,66,78
Djplay,aegwynn,1777,priest,discipline,48,23,25
Ilovepmr,outland,1777,priest,discipline,44,21,23
Zêxy,stormscale,1776,priest,discipline,155,77,78
Iòól,veknilash,1776,priest,discipline,72,32,40
Gødsfåvørite,blackrock,1775,priest,discipline,327,168,159
Mndvx,sylvanas,1775,priest,discipline,140,70,70
Prsx,ravencrest,1775,priest,discipline,132,65,67
Migaz,runetotem,1774,priest,discipline,239,139,100
Возрождающее,soulflayer,1774,priest,discipline,419,222,197
Størmblaze,stormreaver,1774,priest,discipline,120,59,61
Vespbruv,kazzak,1773,priest,discipline,36,25,11
Lyllirock,varimathras,1773,priest,discipline,54,27,27
Wiguwigu,blackrock,1773,priest,discipline,102,46,56
Obito,outland,1770,priest,discipline,53,26,27
Mcdodgens,auchindoun,1770,priest,discipline,257,123,134
Holyblóod,kazzak,1769,priest,discipline,110,62,48
Леддигага,gordunni,1769,priest,discipline,48,27,21
Qhub,sylvanas,1769,priest,discipline,249,132,117
Indîcâ,outland,1769,priest,discipline,102,41,61
Hopesallgone,stormscale,1768,priest,discipline,140,80,60
Шэдоура,gordunni,1768,priest,discipline,243,129,114
Yugemilkers,kazzak,1767,priest,discipline,215,113,102
Jaytï,ravencrest,1766,priest,discipline,42,26,16
Ecrisis,twisting-nether,1766,priest,discipline,237,122,115
Darktemplarx,magtheridon,1766,priest,discipline,223,112,111
Xianstwo,alakir,1766,priest,discipline,78,36,42
Trickyteè,tarren-mill,1766,priest,discipline,60,25,35
Magetrainer,tarren-mill,1765,priest,discipline,60,42,18
Sosûke,archimonde,1765,priest,discipline,66,38,28
Kuusistöö,kazzak,1765,priest,discipline,182,92,90
Onyoureyebal,vashj,1765,priest,discipline,198,89,109
Ohiofromntty,ravencrest,1764,priest,discipline,24,20,4
Sokratina,ragnaros,1764,priest,discipline,106,69,37
Kàalyx,archimonde,1764,priest,discipline,119,59,60
Shdwxy,blackrock,1763,priest,discipline,120,69,51
Aruna,ravencrest,1763,priest,discipline,104,53,51
Justdänce,hyjal,1763,priest,discipline,79,38,41
Nameit,eredar,1763,priest,discipline,194,91,103
Miyà,sylvanas,1762,priest,discipline,60,35,25
Cätälin,twisting-nether,1762,priest,discipline,452,226,226
Touchmypink,ragnaros,1762,priest,discipline,483,234,249
Trashpriest,blackrock,1762,priest,discipline,53,23,30
Namîxoxo,ysondre,1761,priest,discipline,84,43,41
Ladderpolice,blackmoore,1761,priest,discipline,54,26,28
Gailiugà,kazzak,1760,priest,discipline,52,33,19
Alicanx,silvermoon,1760,priest,discipline,135,80,55
Manäka,hyjal,1760,priest,discipline,42,22,20
Utrd,kazzak,1760,priest,discipline,388,189,199
Loarderonx,stormscale,1760,priest,discipline,59,28,31
Imnoukee,blackrock,1760,priest,discipline,42,19,23
Susaj,tarren-mill,1759,priest,discipline,41,23,18
Sekker,silvermoon,1758,priest,discipline,309,165,144
Furtnajebany,tarren-mill,1758,priest,discipline,75,34,41
Legiondisc,blackmoore,1758,priest,discipline,157,71,86
Rogeron,blackrock,1758,priest,discipline,100,45,55
Gladiav,hyjal,1756,priest,discipline,60,35,25
Swdommeil,blackrock,1756,priest,discipline,48,27,21
Декорий,soulflayer,1756,priest,discipline,78,36,42
Holó,stormscale,1756,priest,discipline,120,52,68
Abusalt,stormscale,1756,priest,discipline,78,33,45
Halysis,chamber-of-aspects,1755,priest,discipline,46,25,21
Destinychild,norgannon,1755,priest,discipline,88,45,43
Roshmanoff,stormscale,1755,priest,discipline,54,27,27
Ytsal,stormscale,1754,priest,discipline,90,40,50
Syntaria,pozzo-delleternità,1753,priest,discipline,60,33,27
Judine,kazzak,1753,priest,discipline,52,27,25
Yroe,gorgonnash,1753,priest,discipline,54,26,28
Khristo,illidan,1753,priest,discipline,84,36,48
Flaynbones,tarren-mill,1752,priest,discipline,41,25,16
Skyfish,archimonde,1752,priest,discipline,56,30,26
Neska,antonidas,1752,priest,discipline,47,20,27
Luxør,blackrock,1752,priest,discipline,54,22,32
ßçøûzýìñ,ravencrest,1751,priest,discipline,28,21,7
Merylle,outland,1751,priest,discipline,41,27,14
Nätrix,tarren-mill,1751,priest,discipline,42,26,16
Devotedape,draenor,1751,priest,discipline,101,57,44
Brutapriestx,stormscale,1751,priest,discipline,53,23,30
Raesd,argent-dawn,1750,priest,discipline,124,67,57
Ödriaell,the-venture-co,1750,priest,discipline,228,117,111
Kîlo,sylvanas,1750,priest,discipline,42,19,23
Isuckmattsd,aggramar,1749,priest,discipline,30,21,9
Фотосз,soulflayer,1749,priest,discipline,47,28,19
Naphell,outland,1749,priest,discipline,188,98,90
Milchzáhn,frostwolf,1749,priest,discipline,236,118,118
Enzineum,twisting-nether,1749,priest,discipline,84,39,45
Ranocchio,the-maelstrom,1748,priest,discipline,43,24,19
Amtoxic,stormscale,1748,priest,discipline,503,256,247
Аскеронх,howling-fjord,1748,priest,discipline,99,48,51
Stola,archimonde,1748,priest,discipline,113,44,69
Pikaboom,the-maelstrom,1747,priest,discipline,48,27,21
Hoses,twisting-nether,1747,priest,discipline,248,124,124
Elvibeast,twisting-nether,1747,priest,discipline,54,27,27
Дъикиймвп,deepholm,1747,priest,discipline,48,24,24
Heavensfire,twisting-nether,1747,priest,discipline,53,25,28
Lunærÿ,hyjal,1747,priest,discipline,54,23,31
Dorkama,silvermoon,1746,priest,discipline,53,28,25
Lucksy,antonidas,1746,priest,discipline,72,34,38
Шатолюгран,soulflayer,1745,priest,discipline,154,96,58
Eyesønyou,nemesis,1745,priest,discipline,45,28,17
Nooway,kazzak,1745,priest,discipline,157,85,72
Rippertmepls,ravencrest,1744,priest,discipline,101,52,49
Lorimac,dun-modr,1744,priest,discipline,231,118,113
Preme,blackhand,1744,priest,discipline,84,41,43
Ampara,thrall,1743,priest,discipline,102,52,50
Zéntius,twisting-nether,1743,priest,discipline,53,25,28
Tabaç,stormscale,1742,priest,discipline,56,33,23
Kaizza,burning-legion,1742,priest,discipline,83,43,40
Ðårkìnlol,ravencrest,1741,priest,discipline,23,19,4
Sloee,kazzak,1741,priest,discipline,48,28,20
Øxx,blackrock,1741,priest,discipline,54,31,23
Sheeash,kazzak,1741,priest,discipline,120,61,59
Cctw,archimonde,1741,priest,discipline,187,95,92
Holytop,aegwynn,1740,priest,discipline,48,25,23
Xeldrania,azshara,1739,priest,discipline,41,22,19
Nancey,draenor,1739,priest,discipline,60,29,31
Frëija,ravencrest,1738,priest,discipline,71,40,31
Lyrina,twisting-nether,1738,priest,discipline,364,199,165
Mythrixia,draenor,1738,priest,discipline,175,94,81
Waffur,twisting-nether,1738,priest,discipline,119,63,56
Mindx,sylvanas,1738,priest,discipline,203,102,101
Kuraimb,the-maelstrom,1738,priest,discipline,117,58,59
Goldeagle,archimonde,1738,priest,discipline,72,34,38
Verweven,twisting-nether,1737,priest,discipline,101,56,45
Psjk,blackrock,1737,priest,discipline,130,69,61
Вашачесть,gordunni,1737,priest,discipline,231,118,113
Нз,soulflayer,1737,priest,discipline,59,30,29
Scaryolol,blackmoore,1737,priest,discipline,185,92,93
Waaqa,outland,1737,priest,discipline,170,83,87
Rqx,stormscale,1736,priest,discipline,35,23,12
Manuelakanji,outland,1736,priest,discipline,72,40,32
Traxtoor,tarren-mill,1736,priest,discipline,389,206,183
Lauriinda,culte-de-la-rive-noire,1736,priest,discipline,365,191,174
Андерприст,soulflayer,1736,priest,discipline,198,100,98
Goldensp,sanguino,1736,priest,discipline,111,56,55
Judgementdaý,kazzak,1735,priest,discipline,47,27,20
Sydnex,blackmoore,1734,priest,discipline,77,45,32
Тоориал,howling-fjord,1734,priest,discipline,350,180,170
Smilézz,eredar,1734,priest,discipline,248,124,124
Leffie,outland,1734,priest,discipline,90,43,47
Mqsx,stormscale,1734,priest,discipline,42,20,22
Drlovke,stormscale,1734,priest,discipline,183,84,99
Lasyran,outland,1734,priest,discipline,59,25,34
Goodra,sylvanas,1733,priest,discipline,42,28,14
Shkzz,hyjal,1733,priest,discipline,122,79,43
Mentaldeadp,draenor,1733,priest,discipline,171,100,71
Yö,stormscale,1733,priest,discipline,36,21,15
Måzikeen,stormscale,1732,priest,discipline,30,22,8
Aetas,hyjal,1732,priest,discipline,72,41,31
Angemir,nemesis,1732,priest,discipline,79,44,35
Rêstlêss,blackrock,1732,priest,discipline,119,63,56
Lavendertown,tarren-mill,1731,priest,discipline,192,101,91
Brilho,frostmane,1731,priest,discipline,489,247,242
Ballepresten,outland,1731,priest,discipline,48,24,24
Teradros,blackhand,1731,priest,discipline,71,33,38
Свдпрох,soulflayer,1731,priest,discipline,60,26,34
Rivíía,drakthul,1730,priest,discipline,100,58,42
Tÿona,hyjal,1730,priest,discipline,182,104,78
Tallyby,blackmoore,1730,priest,discipline,58,33,25
Pflanzenmann,nozdormu,1730,priest,discipline,137,73,64
Wasnezov,blackhand,1730,priest,discipline,108,55,53
Lexojam,ravencrest,1729,priest,discipline,41,21,20
Stahpit,twisting-nether,1729,priest,discipline,83,37,46
Dimsan,aegwynn,1729,priest,discipline,64,26,38
Obnoxious,sunstrider,1728,priest,discipline,202,101,101
Mamabeer,draenor,1727,priest,discipline,150,91,59
Skynoxx,ragnaros,1727,priest,discipline,197,105,92
Sausageboy,tarren-mill,1727,priest,discipline,90,47,43
Bunnydisc,outland,1727,priest,discipline,116,55,61
Kaldhor,ysondre,1726,priest,discipline,119,54,65
Kirobreika,twisting-nether,1725,priest,discipline,36,25,11
Oldnbad,archimonde,1725,priest,discipline,30,18,12
Savagex,dun-modr,1725,priest,discipline,256,136,120
Aenon,argent-dawn,1725,priest,discipline,141,74,67
Roylian,ravencrest,1725,priest,discipline,45,23,22
Felvytwo,stormscale,1725,priest,discipline,48,24,24
Bandulskii,twisting-nether,1725,priest,discipline,487,240,247
Eladri,silvermoon,1724,priest,discipline,30,19,11
Areyqt,ravencrest,1724,priest,discipline,48,27,21
Qpapi,quelthalas,1724,priest,discipline,48,24,24
Ellinha,tarren-mill,1724,priest,discipline,124,59,65
Nazhara,hyjal,1724,priest,discipline,78,37,41
Lucìanà,blackmoore,1723,priest,discipline,30,18,12
Sdlman,nemesis,1723,priest,discipline,317,157,160
Anabølixx,ravencrest,1722,priest,discipline,60,37,23
Abømination,hyjal,1722,priest,discipline,129,71,58
Plsdontcry,blackrock,1722,priest,discipline,54,27,27
Galpriest,tarren-mill,1722,priest,discipline,68,32,36
Irefutåbil,stormscale,1721,priest,discipline,162,91,71
Skevitche,hyjal,1721,priest,discipline,208,108,100
Chaxxpriest,blackrock,1721,priest,discipline,155,70,85
Tori,marécage-de-zangar,1720,priest,discipline,56,35,21
Gwinzy,blackmoore,1720,priest,discipline,36,22,14
Ruckusxz,ravencrest,1720,priest,discipline,47,26,21
Aestina,silvermoon,1720,priest,discipline,281,147,134
Folelli,ysondre,1720,priest,discipline,113,58,55
Cáss,archimonde,1720,priest,discipline,36,18,18
Bengtas,ravencrest,1720,priest,discipline,304,150,154
Жентельмен,deathguard,1720,priest,discipline,135,62,73
Bursthilda,blackmoore,1719,priest,discipline,161,91,70
Sickboy,nordrassil,1719,priest,discipline,105,59,46
Lesse,ravencrest,1719,priest,discipline,72,38,34
Scurrp,aegwynn,1719,priest,discipline,96,50,46
Haveboorst,twisting-nether,1719,priest,discipline,42,21,21
Tsipaz,outland,1719,priest,discipline,59,24,35
Unstopp,blackhand,1718,priest,discipline,41,25,16
Jämar,archimonde,1718,priest,discipline,89,44,45
Yungblessing,stormscale,1718,priest,discipline,77,38,39
Ostrogami,silvermoon,1718,priest,discipline,699,339,360
Déàthtuna,kazzak,1718,priest,discipline,96,46,50
Baptized,baelgun,1718,priest,discipline,150,71,79
Zurlyne,ravencrest,1717,priest,discipline,75,44,31
Разрухаовнз,gordunni,1717,priest,discipline,42,24,18
Сандейрейн,gordunni,1717,priest,discipline,41,23,18
Plåtpriest,twisting-nether,1717,priest,discipline,336,180,156
Найтингеилл,gordunni,1717,priest,discipline,48,24,24
Brutalmaze,archimonde,1717,priest,discipline,42,21,21
Devoura,sylvanas,1717,priest,discipline,66,30,36
Tsumu,archimonde,1716,priest,discipline,69,40,29
Windywendy,blackrock,1716,priest,discipline,147,79,68
Smiteyoudown,blackrock,1716,priest,discipline,42,21,21
Tridus,eitrigg,1715,priest,discipline,30,19,11
Laurens,tarren-mill,1715,priest,discipline,48,22,26
Verjin,kazzak,1715,priest,discipline,138,61,77
Flipflops,kirin-tor,1714,priest,discipline,42,25,17
Ronnyvandamm,destromath,1714,priest,discipline,259,139,120
Fåye,ravencrest,1714,priest,discipline,82,43,39
Myggsparv,stormscale,1714,priest,discipline,113,55,58
Карпинчо,soulflayer,1714,priest,discipline,390,187,203
Неприст,ashenvale,1714,priest,discipline,48,22,26
Ascendedpwnz,silvermoon,1713,priest,discipline,167,86,81
Watchmedark,ravencrest,1713,priest,discipline,48,24,24
Mpßx,tarren-mill,1713,priest,discipline,93,45,48
Lótus,outland,1713,priest,discipline,122,57,65
Jempi,argent-dawn,1712,priest,discipline,165,94,71
Céira,malganis,1712,priest,discipline,102,54,48
Sinnestrike,tarren-mill,1712,priest,discipline,64,33,31
Gòldfinger,norgannon,1712,priest,discipline,210,101,109
Samaya,blackrock,1712,priest,discipline,183,87,96
Premierex,stormscale,1711,priest,discipline,66,38,28
Aphroditê,blackrock,1711,priest,discipline,64,36,28
Decimerad,kazzak,1711,priest,discipline,42,22,20
Mtbalt,tarren-mill,1710,priest,discipline,168,101,67
Yro,gorgonnash,1710,priest,discipline,119,57,62
Cosmicfaith,kazzak,1709,priest,discipline,40,28,12
Ðæððysgïrl,ravencrest,1709,priest,discipline,60,40,20
Lowhealing,kazzak,1709,priest,discipline,78,45,33
Seemedotin,aegwynn,1708,priest,discipline,53,30,23
Assacine,aegwynn,1708,priest,discipline,146,77,69
Kovexpulthul,sunstrider,1707,priest,discipline,41,30,11
Splintplays,zuljin,1707,priest,discipline,198,96,102
Obie,exodar,1707,priest,discipline,46,19,27
Pinipom,kazzak,1706,priest,discipline,44,28,16
Nyxoqtxd,ravencrest,1706,priest,discipline,100,57,43
Parzivál,argent-dawn,1706,priest,discipline,241,122,119
Deliriumxd,ravencrest,1706,priest,discipline,56,28,28
Ninxy,sylvanas,1706,priest,discipline,90,42,48
Painxd,stormscale,1705,priest,discipline,81,49,32
Leåh,ravencrest,1705,priest,discipline,108,58,50
Kæzm,blackrock,1705,priest,discipline,131,70,61
Wraithtrippz,stormscale,1705,priest,discipline,320,164,156
Dqt,ragnaros,1705,priest,discipline,83,37,46
Yukasa,silvermoon,1705,priest,discipline,78,34,44
Ruñaa,argent-dawn,1705,priest,discipline,144,62,82
Smitelay,alleria,1704,priest,discipline,42,27,15
Splf,blackrock,1704,priest,discipline,90,56,34
Drée,hyjal,1704,priest,discipline,54,28,26
Blazingad,kazzak,1704,priest,discipline,247,125,122
Файкахохо,soulflayer,1703,priest,discipline,109,49,60
Kaksel,blackrock,1702,priest,discipline,132,69,63
Pshan,blackmoore,1702,priest,discipline,340,177,163
Virdeo,aegwynn,1702,priest,discipline,66,34,32
Бонзайка,blackscar,1702,priest,discipline,59,28,31
Healêl,sanguino,1702,priest,discipline,87,41,46
Lmnsqzy,ravencrest,1701,priest,discipline,36,24,12
Xulgarath,silvermoon,1701,priest,discipline,95,58,37
Darkshdwbrst,malorne,1701,priest,discipline,295,159,136
Denunciation,argent-dawn,1701,priest,discipline,233,121,112
Aelíth,archimonde,1701,priest,discipline,108,51,57
Noxr,ravencrest,1701,priest,discipline,68,28,40
Kapts,twisting-nether,1700,priest,discipline,30,18,12
Дардж,blackscar,1700,priest,discipline,48,28,20
Healbotmvp,ravencrest,1700,priest,discipline,42,24,18
Chîllipriest,draenor,1700,priest,discipline,109,59,50
Saniss,tarren-mill,1700,priest,discipline,90,48,42
Hadis,tarren-mill,1700,priest,discipline,156,75,81
Ðeep,archimonde,1700,priest,discipline,48,23,25
Kolinamenus,dun-morogh,1699,priest,discipline,201,105,96
Shadowzrip,twilights-hammer,1699,priest,discipline,72,36,36
Presspainsup,tarren-mill,1699,priest,discipline,66,26,40
Sîena,ravencrest,1698,priest,discipline,36,27,9
Limeslayerx,veklor,1698,priest,discipline,72,45,27
Ðarkan,kaelthas,1698,priest,discipline,156,88,68
Holycrapx,chromaggus,1698,priest,discipline,237,127,110
Shieldyman,silvermoon,1698,priest,discipline,48,25,23
Закс,blackscar,1698,priest,discipline,48,22,26
Aviex,twisting-nether,1698,priest,discipline,60,27,33
Kevokko,silvermoon,1698,priest,discipline,60,25,35
Fkitweball,argent-dawn,1697,priest,discipline,36,20,16
Jumby,outland,1697,priest,discipline,46,24,22
Deathblind,blackmoore,1697,priest,discipline,42,21,21
Neverlandx,bladefist,1696,priest,discipline,100,57,43
Jallahrud,stormscale,1696,priest,discipline,81,45,36
Kahir,ravencrest,1696,priest,discipline,98,52,46
Mitas,ravencrest,1696,priest,discipline,59,29,30
Kolinamenuss,dun-morogh,1696,priest,discipline,60,27,33
Cptisus,draenor,1696,priest,discipline,72,31,41
Mixoo,throkferoth,1696,priest,discipline,95,40,55
Emopunkgodx,draenor,1695,priest,discipline,154,92,62
Fizzy,arthas,1695,priest,discipline,82,42,40
Swdommeil,aegwynn,1695,priest,discipline,48,24,24
Nitroze,stormscale,1695,priest,discipline,82,39,43
Mcdeady,tarren-mill,1695,priest,discipline,72,34,38
Kenobai,kazzak,1695,priest,discipline,89,41,48
Эвэргарден,eversong,1695,priest,discipline,108,45,63
Пеппаслав,soulflayer,1694,priest,discipline,204,116,88
Tassivemits,sylvanas,1694,priest,discipline,60,28,32
Angrypiex,stormscale,1694,priest,discipline,83,38,45
Arlekin,ravencrest,1693,priest,discipline,114,70,44
Deki,outland,1693,priest,discipline,120,66,54
Shaneya,silvermoon,1693,priest,discipline,54,27,27
Rixfoulah,ysondre,1693,priest,discipline,36,18,18
Mautijr,blackrock,1692,priest,discipline,337,182,155
Kavrack,dalaran,1692,priest,discipline,41,22,19
Kaltasar,guldan,1692,priest,discipline,93,46,47
Pierrebourne,blackmoore,1692,priest,discipline,48,23,25
Flygar,outland,1691,priest,discipline,96,50,46
Coqa,blackrock,1691,priest,discipline,72,37,35
Owrly,bladefist,1691,priest,discipline,196,94,102
Nidetha,draenor,1691,priest,discipline,42,18,24
Hannirï,archimonde,1690,priest,discipline,112,72,40
Dealtime,ysondre,1690,priest,discipline,49,27,22
Zërøx,ysondre,1690,priest,discipline,173,76,97
Klugzy,silvermoon,1690,priest,discipline,167,72,95
Priestqt,kelthuzad,1689,priest,discipline,81,48,33
Шестьнадцать,gordunni,1689,priest,discipline,107,60,47
Sonics,antonidas,1689,priest,discipline,180,97,83
Аая,blackscar,1689,priest,discipline,144,76,68
Bizqit,tarren-mill,1689,priest,discipline,498,256,242
Pixe,argent-dawn,1689,priest,discipline,66,27,39
Wérrýxs,kazzak,1688,priest,discipline,148,83,65
Abudhabi,blackhand,1688,priest,discipline,460,232,228
Rytmusqt,outland,1688,priest,discipline,120,57,63
Дцевгений,gordunni,1688,priest,discipline,54,25,29
Tryhàrdx,stormscale,1688,priest,discipline,66,30,36
Wonderdispel,ragnaros,1688,priest,discipline,95,41,54
Voidbone,stormscale,1687,priest,discipline,42,22,20
Rickerstrike,stormscale,1687,priest,discipline,161,79,82
Berseenreikä,the-venture-co,1687,priest,discipline,60,29,31
Шаастраха,gordunni,1687,priest,discipline,121,56,65
Tygstycke,tarren-mill,1686,priest,discipline,42,26,16
Suxino,stormscale,1686,priest,discipline,316,178,138
Dispelgodxx,eredar,1686,priest,discipline,60,27,33
Fractu,tarren-mill,1686,priest,discipline,94,42,52
Pstech,ravencrest,1685,priest,discipline,69,38,31
Dállas,ravencrest,1685,priest,discipline,92,50,42
Ew,shattered-halls,1685,priest,discipline,70,33,37
Sikola,ragnaros,1685,priest,discipline,48,19,29
Neliica,silvermoon,1684,priest,discipline,138,59,79
Zzbleh,stormscale,1683,priest,discipline,96,53,43
Pieceoftrash,stormscale,1683,priest,discipline,191,97,94
Barackomana,blackrock,1683,priest,discipline,120,56,64
Ârth,kirin-tor,1683,priest,discipline,48,22,26
Yassjr,archimonde,1682,priest,discipline,62,35,27
Krokkete,hyjal,1682,priest,discipline,42,23,19
Eitukaeitai,outland,1682,priest,discipline,48,22,26
Midzoado,ragnaros,1682,priest,discipline,101,45,56
Prc,stormscale,1681,priest,discipline,60,41,19
Iyannà,blackrock,1681,priest,discipline,83,49,34
Sosabgd,azjolnerub,1681,priest,discipline,175,93,82
Kaleycuoco,blackrock,1681,priest,discipline,114,55,59
Chizu,alakir,1681,priest,discipline,60,28,32
Рнкх,lich-king,1681,priest,discipline,58,27,31
Dumbasf,sporeggar,1680,priest,discipline,36,20,16
Deathgodx,archimonde,1680,priest,discipline,154,85,69
Артжрец,soulflayer,1680,priest,discipline,82,45,37
Nexìan,ravencrest,1680,priest,discipline,60,32,28
Zingeling,ravencrest,1680,priest,discipline,60,31,29
Niíall,skullcrusher,1679,priest,discipline,30,20,10
Eliverax,outland,1679,priest,discipline,134,66,68
Fancytrash,ravencrest,1679,priest,discipline,169,83,86
ßrûm,archimonde,1679,priest,discipline,48,23,25
Awcute,kazzak,1678,priest,discipline,391,191,200
Eolîn,draenor,1678,priest,discipline,96,46,50
Capslk,ravencrest,1678,priest,discipline,42,18,24
Anotu,tarren-mill,1677,priest,discipline,54,30,24
Randmbare,nemesis,1677,priest,discipline,42,23,19
Rmt,darksorrow,1677,priest,discipline,72,38,34
Amysantiàgo,sylvanas,1677,priest,discipline,403,212,191
Unbangable,draenor,1677,priest,discipline,231,113,118
Iløvelena,ravencrest,1676,priest,discipline,98,55,43
Ecg,silvermoon,1676,priest,discipline,84,41,43
Clownspec,twisting-nether,1676,priest,discipline,54,26,28
Holymoly,talnivarr,1676,priest,discipline,198,94,104
Jezaja,sylvanas,1676,priest,discipline,66,29,37
Holytopp,aegwynn,1675,priest,discipline,42,25,17
Flurri,tarren-mill,1675,priest,discipline,195,111,84
Iirina,draenor,1675,priest,discipline,42,22,20
Pentøs,archimonde,1675,priest,discipline,42,21,21
Apuessii,dun-modr,1675,priest,discipline,83,36,47
Aureliones,drakthul,1674,priest,discipline,78,51,27
Drë,daggerspine,1674,priest,discipline,106,54,52
Meltmvp,thrall,1674,priest,discipline,66,33,33
Zýgzäg,hyjal,1674,priest,discipline,226,111,115
Geforcès,archimonde,1674,priest,discipline,113,45,68
Forcedtoheal,sylvanas,1673,priest,discipline,85,51,34
Insânity,kazzak,1673,priest,discipline,36,20,16
Dreythan,alakir,1673,priest,discipline,54,26,28
Saturno,chogall,1673,priest,discipline,84,40,44
Splís,ravencrest,1673,priest,discipline,75,30,45
Baksa,das-konsortium,1672,priest,discipline,72,44,28
Ynys,dentarg,1672,priest,discipline,42,24,18
Xaeroow,archimonde,1672,priest,discipline,73,41,32
Ggbenis,ragnaros,1672,priest,discipline,42,23,19
Babywayn,onyxia,1672,priest,discipline,230,125,105
Onaltnoqs,silvermoon,1672,priest,discipline,70,36,34
Tiphereth,blackmoore,1672,priest,discipline,90,39,51
Jasty,nemesis,1672,priest,discipline,59,23,36
Ticklypriest,outland,1671,priest,discipline,48,30,18
Bawsy,blackrock,1671,priest,discipline,226,134,92
Byef,kazzak,1671,priest,discipline,56,31,25
Purplex,aggra-português,1671,priest,discipline,54,29,25
Zeröone,silvermoon,1671,priest,discipline,160,73,87
Swiftdemise,sylvanas,1671,priest,discipline,238,108,130
Monataamis,kazzak,1671,priest,discipline,53,24,29
Owpex,outland,1670,priest,discipline,36,22,14
Zthul,draenor,1670,priest,discipline,74,42,32
Dêrbómbêr,guldan,1670,priest,discipline,96,54,42
Swoptoplong,blackhand,1670,priest,discipline,503,263,240
Såra,ravencrest,1670,priest,discipline,194,97,97
Xzep,archimonde,1670,priest,discipline,482,239,243
Сосиска,deathguard,1670,priest,discipline,41,20,21
Wikpriest,ravencrest,1670,priest,discipline,88,41,47
Apeminister,nemesis,1670,priest,discipline,42,19,23
Euthenia,twilights-hammer,1669,priest,discipline,48,27,21
Littlehelper,shendralar,1669,priest,discipline,81,41,40
Corrâ,aegwynn,1668,priest,discipline,42,24,18
Шмэтар,gordunni,1668,priest,discipline,96,53,43
Wencis,kazzak,1668,priest,discipline,114,61,53
Títarie,aegwynn,1668,priest,discipline,42,22,20
Bilbobanging,aggramar,1668,priest,discipline,60,30,30
Машура,grom,1668,priest,discipline,48,22,26
Devastris,ravencrest,1668,priest,discipline,102,43,59
Kâîri,ragnaros,1667,priest,discipline,33,24,9
Qtdorr,ravencrest,1667,priest,discipline,118,72,46
Jesslol,archimonde,1667,priest,discipline,40,23,17
Pandalulz,turalyon,1667,priest,discipline,238,133,105
Calling,nozdormu,1667,priest,discipline,125,66,59
Целитель,gordunni,1667,priest,discipline,212,109,103
Skycity,silvermoon,1667,priest,discipline,63,32,31
Ronlimonkek,dun-modr,1667,priest,discipline,246,123,123
Aòo,twisting-nether,1667,priest,discipline,103,49,54
Romei,tarren-mill,1667,priest,discipline,42,18,24
Vregoa,twisting-nether,1666,priest,discipline,113,63,50
Solaçe,antonidas,1666,priest,discipline,120,64,56
Cylantharia,eredar,1666,priest,discipline,159,84,75
Mysticmäc,aegwynn,1666,priest,discipline,78,39,39
Doorix,nethersturm,1666,priest,discipline,80,36,44
Matmonp,hyjal,1666,priest,discipline,59,25,34
Trntypr,senjin,1665,priest,discipline,84,48,36
Зетш,soulflayer,1665,priest,discipline,41,22,19
Isuckpriest,aegwynn,1665,priest,discipline,162,83,79
Obbdasknob,ravencrest,1665,priest,discipline,100,51,49
Pehmoinen,korgall,1665,priest,discipline,201,99,102
Mojoo,aggramar,1665,priest,discipline,42,18,24
Frígídhealz,outland,1665,priest,discipline,48,20,28
Kintsugí,ragnaros,1664,priest,discipline,60,39,21
Deadthicc,hyjal,1664,priest,discipline,104,67,37
Gehrketwo,silvermoon,1664,priest,discipline,42,24,18
Nandezpriest,blackrock,1664,priest,discipline,204,107,97
Awien,kazzak,1664,priest,discipline,105,43,62
Alessana,antonidas,1663,priest,discipline,53,31,22
Fricia,zuljin,1663,priest,discipline,100,57,43
Luckystar,grim-batol,1663,priest,discipline,153,78,75
Ptrspriest,twisting-nether,1663,priest,discipline,292,147,145
Афганский,gordunni,1663,priest,discipline,88,44,44
Nimb,blackrock,1663,priest,discipline,78,37,41
Elsieexø,ravencrest,1663,priest,discipline,102,47,55
Alahkazam,alakir,1663,priest,discipline,56,24,32
Quïzzler,ragnaros,1662,priest,discipline,77,40,37
Enzysama,sanguino,1662,priest,discipline,91,45,46
Ислейн,howling-fjord,1662,priest,discipline,59,24,35
Twirlylocks,emerald-dream,1662,priest,discipline,47,18,29
Kijhun,uldaman,1661,priest,discipline,90,47,43
Thiela,ravencrest,1661,priest,discipline,94,48,46
Tinypump,silvermoon,1661,priest,discipline,47,24,23
Krystynal,archimonde,1661,priest,discipline,101,50,51
Numa,stormscale,1661,priest,discipline,40,19,21
Сонясоукьют,gordunni,1661,priest,discipline,60,28,32
Dnsxx,thrall,1660,priest,discipline,1087,555,532
Фокусшвд,soulflayer,1660,priest,discipline,180,90,90
Gød,magtheridon,1660,priest,discipline,257,126,131
Alicewhydel,blackhand,1660,priest,discipline,52,25,27
Ahun,taerar,1660,priest,discipline,54,25,29
Ishkà,stormscale,1660,priest,discipline,45,20,25
Stórmén,kazzak,1660,priest,discipline,52,19,33
Nihpolz,ragnaros,1659,priest,discipline,122,67,55
Ripperdepip,magtheridon,1659,priest,discipline,510,272,238
Gobblestick,draenor,1659,priest,discipline,175,86,89
Aloegarten,ravencrest,1659,priest,discipline,101,48,53
Lilypalmer,stormscale,1659,priest,discipline,102,48,54
Sills,twisting-nether,1659,priest,discipline,82,38,44
Touddixz,blackrock,1658,priest,discipline,59,35,24
Finalprayer,silvermoon,1658,priest,discipline,149,87,62
Athelsta,alleria,1658,priest,discipline,93,51,42
Mald,ravencrest,1658,priest,discipline,126,66,60
Veryfine,draenor,1658,priest,discipline,154,77,77
Ømñyx,outland,1658,priest,discipline,48,24,24
Hinorist,kazzak,1658,priest,discipline,208,99,109
Fatalx,grim-batol,1658,priest,discipline,136,63,73
Ðàx,stormscale,1658,priest,discipline,46,20,26
Undeadpriest,aegwynn,1658,priest,discipline,54,21,33
Floorpovx,blackmoore,1657,priest,discipline,42,25,17
Myrmz,archimonde,1657,priest,discipline,123,71,52
Krottus,antonidas,1657,priest,discipline,53,28,25
Twosugars,sylvanas,1657,priest,discipline,180,95,85
Krokkete,archimonde,1657,priest,discipline,36,19,17
Mystz,dun-modr,1657,priest,discipline,81,39,42
Djokui,uldum,1657,priest,discipline,54,22,32
Nyrziâ,archimonde,1656,priest,discipline,36,23,13
Богколтрэйн,fordragon,1656,priest,discipline,74,40,34
Atothéèx,outland,1656,priest,discipline,95,51,44
Feniyxa,die-aldor,1656,priest,discipline,42,22,20
Шайтсунг,soulflayer,1656,priest,discipline,68,35,33
Violentha,kazzak,1656,priest,discipline,232,118,114
Dreê,hyjal,1656,priest,discipline,114,53,61
Strawhât,eredar,1655,priest,discipline,65,38,27
Gurgaue,argent-dawn,1655,priest,discipline,94,42,52
Marôs,antonidas,1655,priest,discipline,90,38,52
Gumer,antonidas,1654,priest,discipline,36,21,15
Uo,kilrogg,1654,priest,discipline,171,92,79
Beabanane,aegwynn,1654,priest,discipline,203,104,99
Syreet,silvermoon,1654,priest,discipline,484,244,240
Кхарли,howling-fjord,1654,priest,discipline,83,40,43
Prästmåns,tarren-mill,1654,priest,discipline,102,48,54
Bammerr,stormscale,1653,priest,discipline,28,19,9
Zyrean,bronzebeard,1653,priest,discipline,64,31,33
Lowery,argent-dawn,1653,priest,discipline,48,22,26
Sutenör,kazzak,1653,priest,discipline,162,69,93
Vexadow,kazzak,1652,priest,discipline,66,41,25
Nwo,twisting-nether,1652,priest,discipline,42,26,16
Alusiepriest,ravencrest,1652,priest,discipline,175,106,69
Азмоддан,azuregos,1652,priest,discipline,215,103,112
Fästrak,dalaran,1652,priest,discipline,54,24,30
Pouffi,garona,1651,priest,discipline,30,18,12
Rylpriest,blackmoore,1651,priest,discipline,61,36,25
Danina,outland,1651,priest,discipline,76,44,32
Kyderr,blackrock,1651,priest,discipline,120,63,57
Senpumara,malganis,1651,priest,discipline,384,201,183
Оналкин,gordunni,1651,priest,discipline,48,25,23
Keryin,draenor,1651,priest,discipline,255,117,138
Yeahr,kazzak,1651,priest,discipline,214,97,117
Chabih,ravencrest,1651,priest,discipline,114,51,63
Covidisc,outland,1651,priest,discipline,78,33,45
Danucd,ragnaros,1650,priest,discipline,206,124,82
Melord,thunderhorn,1650,priest,discipline,102,57,45
Oxiièmort,khaz-modan,1650,priest,discipline,42,23,19
Неох,gordunni,1650,priest,discipline,54,29,25
Giggí,malganis,1650,priest,discipline,153,78,75
Notpoulet,sylvanas,1650,priest,discipline,89,45,44
Voleck,aegwynn,1650,priest,discipline,54,25,29
Анклфрост,gordunni,1650,priest,discipline,66,30,36
Bochonok,stormrage,1650,priest,discipline,54,23,31
Dathanosp,outland,1649,priest,discipline,48,25,23
Rhæveth,ravencrest,1648,priest,discipline,48,31,17
Reäzx,archimonde,1648,priest,discipline,126,78,48
Chèéks,kazzak,1648,priest,discipline,72,43,29
Drlight,stormscale,1648,priest,discipline,170,91,79
Jumpàxx,archimonde,1648,priest,discipline,60,26,34
Ayije,ravencrest,1648,priest,discipline,75,31,44
Joeelz,blackmoore,1647,priest,discipline,36,25,11
Ðæððÿsgïrl,ravencrest,1647,priest,discipline,171,89,82
Healdeal,stormscale,1647,priest,discipline,518,259,259
Алеброн,gordunni,1647,priest,discipline,66,32,34
Anvena,elune,1647,priest,discipline,60,26,34
Выдокбля,soulflayer,1646,priest,discipline,58,41,17
Tøxicboy,ravencrest,1646,priest,discipline,89,48,41
Erfofthesop,chants-éternels,1646,priest,discipline,40,21,19
Discxqt,ysondre,1645,priest,discipline,92,56,36
Neverswap,blackmoore,1645,priest,discipline,91,49,42
Eluveitieq,kazzak,1645,priest,discipline,214,112,102
Мастди,ashenvale,1645,priest,discipline,47,23,24
Shdetrzyx,outland,1645,priest,discipline,56,21,35
Gødisc,blackrock,1644,priest,discipline,36,23,13
Malapriest,dalaran,1644,priest,discipline,102,56,46
Feedergodx,dun-modr,1644,priest,discipline,42,21,21
Patriamore,jaedenar,1644,priest,discipline,106,46,60
Alyzzé,aegwynn,1643,priest,discipline,36,22,14
Doyun,kazzak,1643,priest,discipline,78,40,38
Эридия,soulflayer,1643,priest,discipline,84,43,41
Echonic,aegwynn,1643,priest,discipline,749,371,378
Muradawg,nemesis,1643,priest,discipline,53,23,30
Discmoo,kazzak,1642,priest,discipline,32,22,10
Japral,blackhand,1642,priest,discipline,48,31,17
Нед,greymane,1642,priest,discipline,297,160,137
Wawreks,drakthul,1642,priest,discipline,47,25,22
Тыкофка,gordunni,1642,priest,discipline,346,168,178
Cinnamoroll,ravencrest,1642,priest,discipline,54,26,28
Märlborö,aggra-português,1642,priest,discipline,173,81,92
Kuqezi,archimonde,1641,priest,discipline,96,53,43
Интенси,gordunni,1641,priest,discipline,278,141,137
Репабликуес,gordunni,1641,priest,discipline,36,18,18
Carë,anubarak,1641,priest,discipline,101,44,57
Xtracheesy,ragnaros,1640,priest,discipline,72,45,27
Fluvnidi,ravencrest,1640,priest,discipline,66,38,28
Priéstitude,kazzak,1640,priest,discipline,42,24,18
Prästbaazil,ragnaros,1640,priest,discipline,72,40,32
Ridskeyx,archimonde,1640,priest,discipline,54,27,27
Toxp,kazzak,1640,priest,discipline,196,92,104
Cvp,twisting-nether,1640,priest,discipline,54,22,32
Лилтёрти,soulflayer,1639,priest,discipline,46,27,19
Nyù,kazzak,1639,priest,discipline,191,105,86
Shadowburst,archimonde,1639,priest,discipline,60,31,29
Sicknp,sylvanas,1639,priest,discipline,90,46,44
Xaerroow,archimonde,1638,priest,discipline,70,42,28
Hrtbrxkn,ravencrest,1638,priest,discipline,82,47,35
Vigodis,alleria,1638,priest,discipline,150,83,67
Slimcharles,ravencrest,1638,priest,discipline,219,116,103
Dîablø,eredar,1638,priest,discipline,141,72,69
Sláin,outland,1638,priest,discipline,281,135,146
Hialdo,bladefist,1638,priest,discipline,84,36,48
Ltrxo,twisting-nether,1637,priest,discipline,59,40,19
Биркох,blackscar,1637,priest,discipline,119,77,42
Zanshin,ravencrest,1637,priest,discipline,29,18,11
Санггвиний,soulflayer,1637,priest,discipline,252,134,118
Ðês,ravencrest,1637,priest,discipline,196,93,103
Schlämpie,blackmoore,1637,priest,discipline,73,32,41
Pipperxp,ravencrest,1636,priest,discipline,74,47,27
Pewpewpew,krasus,1636,priest,discipline,127,73,54
Aerael,auchindoun,1636,priest,discipline,42,23,19
Voidtouched,drakthul,1636,priest,discipline,41,21,20
Hodgins,bloodscalp,1636,priest,discipline,88,45,43
Ванальная,soulflayer,1636,priest,discipline,42,21,21
Milania,ravencrest,1636,priest,discipline,118,57,61
Légít,argent-dawn,1636,priest,discipline,132,60,72
Saturnqt,archimonde,1635,priest,discipline,30,18,12
Сашадвасм,gordunni,1635,priest,discipline,165,95,70
Systerstål,twisting-nether,1635,priest,discipline,148,84,64
Garbins,stormscale,1635,priest,discipline,53,30,23
Izanamì,ragnaros,1635,priest,discipline,47,23,24
Balboa,archimonde,1634,priest,discipline,30,18,12
Freddyprinze,ravencrest,1634,priest,discipline,99,54,45
Noodlesoup,daggerspine,1634,priest,discipline,343,187,156
Babybelle,arakarahm,1634,priest,discipline,79,43,36
Xxoo,antonidas,1634,priest,discipline,41,22,19
Hamati,blackhand,1634,priest,discipline,246,131,115
Jhaazx,nemesis,1633,priest,discipline,272,144,128
Eyecry,sylvanas,1633,priest,discipline,93,49,44
Anzee,tarren-mill,1633,priest,discipline,72,35,37
Yzina,archimonde,1633,priest,discipline,114,51,63
Misántropo,dun-modr,1632,priest,discipline,59,38,21
Sebikpri,ravencrest,1632,priest,discipline,90,51,39
Eagrh,ravencrest,1632,priest,discipline,450,244,206
Lilyrosemary,arathor,1632,priest,discipline,55,29,26
Jezuz,blackhand,1632,priest,discipline,66,28,38
Yungmazikeen,archimonde,1631,priest,discipline,24,17,7
Layster,chants-éternels,1631,priest,discipline,36,20,16
Hydroxizine,ragnaros,1631,priest,discipline,60,31,29
Supfamskrrt,stormscale,1631,priest,discipline,84,43,41
Freezeage,stormscale,1630,priest,discipline,48,29,19
Апититька,soulflayer,1630,priest,discipline,171,93,78
Liviúss,draenor,1630,priest,discipline,391,203,188
Anaqt,silvermoon,1630,priest,discipline,417,215,202
Gepeitschter,frostwolf,1630,priest,discipline,367,189,178
Kaelena,steamwheedle-cartel,1630,priest,discipline,42,21,21
Tudp,tarren-mill,1630,priest,discipline,61,30,31
Ijzerehenk,outland,1630,priest,discipline,311,150,161
Swkunz,dun-modr,1630,priest,discipline,388,185,203
Zèl,blackmoore,1630,priest,discipline,55,26,29
Choron,kult-der-verdammten,1630,priest,discipline,113,53,60
Oscoolytb,archimonde,1630,priest,discipline,154,69,85
Burnesenbois,chogall,1630,priest,discipline,47,18,29
Babydark,ravencrest,1629,priest,discipline,24,17,7
Лютаяшиза,gordunni,1629,priest,discipline,83,51,32
Bride,burning-legion,1629,priest,discipline,48,25,23
Pestmorran,sylvanas,1629,priest,discipline,491,237,254
Симпоз,howling-fjord,1629,priest,discipline,110,53,57
Frojka,outland,1629,priest,discipline,42,19,23
Salvatíon,sanguino,1629,priest,discipline,272,122,150
Olurin,rajaxx,1629,priest,discipline,102,45,57
Superdude,stormscale,1629,priest,discipline,59,26,33
Shadowkym,blackrock,1628,priest,discipline,84,53,31
Satzuki,sylvanas,1628,priest,discipline,39,24,15
Schwypsvnr,garona,1628,priest,discipline,30,17,13
Dreifearfünf,arygos,1628,priest,discipline,108,59,49
Tifa,ravencrest,1628,priest,discipline,163,88,75
Remlos,der-rat-von-dalaran,1628,priest,discipline,154,81,73
Sadoxy,kult-der-verdammten,1628,priest,discipline,48,22,26
Donvasco,kazzak,1628,priest,discipline,41,18,23
Leviakerman,blackrock,1628,priest,discipline,42,18,24
Seeyae,ravencrest,1627,priest,discipline,24,17,7
Galadríel,malganis,1627,priest,discipline,65,39,26
Otuschpriest,blackmoore,1627,priest,discipline,164,91,73
Nilera,frostwolf,1627,priest,discipline,116,61,55
Pokahonta,silvermoon,1627,priest,discipline,279,144,135
Krazuk,theradras,1627,priest,discipline,54,27,27
Próxs,ravencrest,1627,priest,discipline,36,17,19
Kaiikoo,ravencrest,1627,priest,discipline,36,17,19
Ankus,tarren-mill,1627,priest,discipline,72,33,39
Misspingle,sunstrider,1626,priest,discipline,42,28,14
Epa,zuljin,1626,priest,discipline,54,32,22
Lïnkz,kazzak,1626,priest,discipline,150,83,67
Fendoly,thrall,1626,priest,discipline,71,39,32
Inoru,stormreaver,1626,priest,discipline,198,104,94
Pristern,tarren-mill,1626,priest,discipline,138,72,66
Jarvinia,blackmoore,1626,priest,discipline,133,62,71
Asherá,kazzak,1626,priest,discipline,118,54,64
Pyion,antonidas,1626,priest,discipline,54,24,30
Seanoob,turalyon,1626,priest,discipline,43,18,25
Chrïskz,archimonde,1626,priest,discipline,66,23,43
Asgà,stormscale,1625,priest,discipline,30,17,13
Ñíò,archimonde,1625,priest,discipline,72,39,33
Roxeal,archimonde,1625,priest,discipline,228,121,107
Valadaris,outland,1625,priest,discipline,140,73,67
Voided,nemesis,1625,priest,discipline,84,43,41
Morgíon,azshara,1624,priest,discipline,36,27,9
Fearadelia,thrall,1624,priest,discipline,48,31,17
Labadudala,aegwynn,1624,priest,discipline,84,54,30
Imdeadxd,twisting-nether,1624,priest,discipline,39,25,14
Skylar,xavius,1624,priest,discipline,72,45,27
Артекриожрец,gordunni,1624,priest,discipline,36,21,15
Garsdal,tarren-mill,1624,priest,discipline,78,43,35
Zeiphe,kargath,1624,priest,discipline,63,34,29
Syntara,twisting-nether,1624,priest,discipline,466,242,224
Darktheu,sanguino,1624,priest,discipline,39,20,19
Remkojatwo,blackrock,1624,priest,discipline,42,21,21
Lindvorm,tarren-mill,1624,priest,discipline,180,89,91
Farae,arathor,1624,priest,discipline,44,19,25
Sneboldìs,sylvanas,1623,priest,discipline,36,24,12
Elfarity,tarren-mill,1623,priest,discipline,69,44,25
Seeyae,archimonde,1623,priest,discipline,30,17,13
Winnever,dun-modr,1623,priest,discipline,420,227,193
Kedrack,draenor,1623,priest,discipline,78,41,37
Meganx,ravencrest,1623,priest,discipline,48,25,23
Atax,kazzak,1623,priest,discipline,336,174,162
Péntagón,festung-der-stürme,1623,priest,discipline,78,40,38
Yîrâ,antonidas,1623,priest,discipline,227,114,113
Riptile,outland,1623,priest,discipline,100,50,50
Demora,ysondre,1623,priest,discipline,356,172,184
Dreythan,stormrage,1623,priest,discipline,91,43,48
Cnqx,archimonde,1623,priest,discipline,48,21,27
Louiepr,outland,1623,priest,discipline,66,27,39
Nelielto,stormscale,1622,priest,discipline,28,21,7
Djleffe,stormscale,1622,priest,discipline,39,23,16
Mnu,blackrock,1622,priest,discipline,52,30,22
Lerión,ravencrest,1622,priest,discipline,108,62,46
Feed,burning-legion,1622,priest,discipline,84,45,39
Aéríthx,ravencrest,1622,priest,discipline,255,134,121
Кролс,gordunni,1622,priest,discipline,42,22,20
Vhim,hyjal,1622,priest,discipline,64,31,33
Naomirussell,sylvanas,1622,priest,discipline,54,25,29
Fiskpung,draenor,1621,priest,discipline,66,43,23
Pmake,ravencrest,1621,priest,discipline,42,24,18
Árî,dun-modr,1621,priest,discipline,168,95,73
Фыбра,soulflayer,1621,priest,discipline,36,20,16
Sicarium,aegwynn,1621,priest,discipline,102,56,46
Wiwzi,outland,1621,priest,discipline,136,68,68
Mainhunter,aegwynn,1621,priest,discipline,36,17,19
Sotriggered,sylvanas,1621,priest,discipline,36,17,19
Nàlak,archimonde,1621,priest,discipline,76,35,41
Mindfiend,stormscale,1621,priest,discipline,81,37,44
Dêmôn,stormscale,1620,priest,discipline,24,17,7
Iiamx,antonidas,1620,priest,discipline,90,55,35
Mønsterx,kazzak,1620,priest,discipline,70,40,30
Fatyoyo,frostwolf,1620,priest,discipline,30,17,13
Zlejkadlec,drakthul,1620,priest,discipline,214,118,96
Bercxu,ragnaros,1620,priest,discipline,126,66,60
Nadoreille,hyjal,1620,priest,discipline,468,240,228
Dìsclol,draenor,1620,priest,discipline,61,29,32
Jeanshield,varimathras,1620,priest,discipline,167,79,88
Soloqbob,kazzak,1620,priest,discipline,48,22,26
Jesuispasbon,hyjal,1620,priest,discipline,48,22,26
Denarne,blackrock,1620,priest,discipline,48,21,27
Wifta,ravencrest,1619,priest,discipline,54,30,24
Roxxes,kazzak,1619,priest,discipline,42,23,19
Chimara,eredar,1619,priest,discipline,254,139,115
Glyss,draenor,1619,priest,discipline,85,46,39
Szelén,ragnaros,1619,priest,discipline,54,29,25
Naripriest,eredar,1619,priest,discipline,48,22,26
Yoii,nemesis,1618,priest,discipline,64,38,26
Olio,outland,1618,priest,discipline,106,56,50
Soraal,argent-dawn,1618,priest,discipline,109,57,52
Melisoula,stormscale,1618,priest,discipline,48,25,23
Hâlez,antonidas,1618,priest,discipline,457,236,221
Shalvy,aegwynn,1618,priest,discipline,236,120,116
Фриерли,howling-fjord,1617,priest,discipline,54,38,16
Prost,aerie-peak,1617,priest,discipline,71,47,24
Fartsponge,ragnaros,1617,priest,discipline,67,38,29
Purip,stormscale,1617,priest,discipline,45,24,21
Sjhzzkl,blackrock,1617,priest,discipline,295,157,138
Пустотность,gordunni,1617,priest,discipline,489,239,250
Phorno,ragnaros,1617,priest,discipline,60,27,33
Mikeypi,laughing-skull,1616,priest,discipline,36,25,11
Følísh,hyjal,1616,priest,discipline,66,43,23
Szentpap,ravencrest,1616,priest,discipline,34,19,15
Holydreed,ragnaros,1616,priest,discipline,148,82,66
Chimpanzoo,kazzak,1616,priest,discipline,42,23,19
Holyasprin,sylvanas,1616,priest,discipline,102,54,48
Lymhk,blackrock,1616,priest,discipline,60,28,32
Binder,tarren-mill,1616,priest,discipline,60,26,34
Bromine,twisting-nether,1615,priest,discipline,63,45,18
Massasax,kazzak,1615,priest,discipline,126,74,52
Èightsix,draenor,1615,priest,discipline,161,88,73
Piperxp,ravencrest,1615,priest,discipline,84,44,40
Cizer,kazzak,1615,priest,discipline,176,87,89
Daskemaskinx,the-maelstrom,1614,priest,discipline,30,17,13
Вилайф,galakrond,1614,priest,discipline,94,51,43
Jmp,tarren-mill,1614,priest,discipline,40,21,19
Shyria,argent-dawn,1614,priest,discipline,97,50,47
Mitha,tarren-mill,1614,priest,discipline,110,55,55
Sebiarchie,lightnings-blade,1614,priest,discipline,74,36,38
Cøvu,draenor,1613,priest,discipline,39,25,14
Appuesi,dun-modr,1613,priest,discipline,30,17,13
Микаса,howling-fjord,1613,priest,discipline,30,17,13
Jeez,twilights-hammer,1613,priest,discipline,277,147,130
Giesix,frostwolf,1613,priest,discipline,42,21,21
Remøørsêlês,outland,1612,priest,discipline,102,67,35
Tifrahat,the-maelstrom,1612,priest,discipline,64,39,25
Nêlumar,aegwynn,1612,priest,discipline,93,50,43
Ryuuzaki,stormscale,1612,priest,discipline,101,53,48
Achardia,argent-dawn,1612,priest,discipline,35,18,17
Seranà,hyjal,1612,priest,discipline,108,55,53
Znàdix,silvermoon,1612,priest,discipline,276,140,136
Anheduanna,outland,1612,priest,discipline,1856,928,928
Raawri,blackmoore,1612,priest,discipline,101,50,51
Deazypriest,blackrock,1612,priest,discipline,66,28,38
Carolyna,ravencrest,1612,priest,discipline,42,17,25
Byebee,stormscale,1611,priest,discipline,78,50,28
Matwucss,outland,1611,priest,discipline,48,28,20
Yadif,tarren-mill,1611,priest,discipline,30,17,13
Shadowboness,twisting-nether,1611,priest,discipline,58,31,27
Aurosa,argent-dawn,1611,priest,discipline,135,70,65
Dayisha,argent-dawn,1611,priest,discipline,106,54,52
Диспайзх,gordunni,1611,priest,discipline,204,97,107
Acidrops,hyjal,1611,priest,discipline,66,30,36
Pøcketsåge,blackrock,1610,priest,discipline,24,17,7
Anarame,silvermoon,1610,priest,discipline,75,42,33
Менестрели,gordunni,1610,priest,discipline,321,179,142
Steelbird,ravencrest,1610,priest,discipline,36,20,16
Máia,twisting-nether,1610,priest,discipline,65,32,33
Jibrael,draenor,1610,priest,discipline,84,40,44
Ivÿx,ravencrest,1610,priest,discipline,113,52,61
Zaak,kazzak,1610,priest,discipline,117,52,65
Viu,eredar,1610,priest,discipline,51,22,29
Zarez,stormscale,1610,priest,discipline,65,26,39
Ptipotam,archimonde,1610,priest,discipline,84,31,53
Holyshiz,stormrage,1609,priest,discipline,42,24,18
Kdot,drakthul,1609,priest,discipline,86,48,38
Fazzy,nagrand,1609,priest,discipline,76,41,35
Alinone,uldum,1609,priest,discipline,141,76,65
Майти,gordunni,1609,priest,discipline,321,168,153
Gulch,blackmoore,1609,priest,discipline,114,59,55
Egî,lothar,1609,priest,discipline,42,21,21
Fishler,tarren-mill,1609,priest,discipline,58,28,30
Sørcedote,dun-modr,1609,priest,discipline,48,20,28
Patoon,ravencrest,1608,priest,discipline,24,18,6
Велост,gordunni,1608,priest,discipline,123,69,54
Dotreveal,ravencrest,1608,priest,discipline,113,58,55
Shadowlander,dun-modr,1608,priest,discipline,135,67,68
Avenara,blackrock,1608,priest,discipline,123,60,63
Botstyleswdx,ravencrest,1608,priest,discipline,282,136,146
Redempt,nemesis,1608,priest,discipline,41,18,23
Fakecats,sargeras,1608,priest,discipline,51,22,29
Rmp,stormscale,1608,priest,discipline,75,30,45
Shockpriest,grim-batol,1608,priest,discipline,48,19,29
Biscuits,ravencrest,1608,priest,discipline,114,44,70
Pohja,veknilash,1607,priest,discipline,30,20,10
Mightnáre,tarren-mill,1607,priest,discipline,36,21,15
Zehakky,tarren-mill,1607,priest,discipline,151,85,66
Absôlutvôdka,twisting-nether,1607,priest,discipline,96,53,43
Phøènix,twisting-nether,1607,priest,discipline,46,24,22
Evõmax,sylvanas,1607,priest,discipline,533,276,257
Licktheheal,outland,1607,priest,discipline,410,208,202
Zloyvrach,ravencrest,1607,priest,discipline,126,60,66
Киллус,ashenvale,1607,priest,discipline,155,70,85
Psíquica,sanguino,1606,priest,discipline,131,66,65
Towelie,stormscale,1606,priest,discipline,96,48,48
Laceylol,anubarak,1606,priest,discipline,36,17,19
Aleluia,alonsus,1606,priest,discipline,135,60,75
Babibayle,arakarahm,1606,priest,discipline,123,51,72
Dtpe,kazzak,1605,priest,discipline,93,59,34
Thejambura,ragnaros,1605,priest,discipline,140,83,57
Westfalen,tichondrius,1605,priest,discipline,30,17,13
Jupiter,silvermoon,1605,priest,discipline,340,179,161
Mèix,ysondre,1605,priest,discipline,114,60,54
Valnor,pozzo-delleternità,1605,priest,discipline,63,33,30
Mjamc,stormscale,1605,priest,discipline,157,78,79
Nidrana,drakthul,1605,priest,discipline,84,41,43
Drwlad,archimonde,1605,priest,discipline,126,61,65
Tárget,frostwolf,1605,priest,discipline,48,22,26
Polymonkey,stormscale,1605,priest,discipline,47,18,29
Troedel,destromath,1604,priest,discipline,103,62,41
Tritíana,blackrock,1604,priest,discipline,192,110,82
Eördög,ragnaros,1604,priest,discipline,174,95,79
Horrðr,kazzak,1604,priest,discipline,114,61,53
Loldisc,arthas,1604,priest,discipline,120,63,57
Leictreach,draenor,1604,priest,discipline,42,22,20
Saénna,burning-legion,1604,priest,discipline,44,22,22
Azrella,ravencrest,1604,priest,discipline,84,40,44
Lizka,kazzak,1604,priest,discipline,96,43,53
Ostberger,twisting-nether,1603,priest,discipline,227,130,97
Mazzekeen,burning-legion,1603,priest,discipline,106,59,47
Acidpills,hyjal,1603,priest,discipline,124,67,57
Незерхэвэн,soulflayer,1603,priest,discipline,36,19,17
Амберис,gordunni,1603,priest,discipline,72,37,35
Lendoril,blackhand,1603,priest,discipline,118,59,59
Няжик,azuregos,1603,priest,discipline,78,39,39
Sacerdosan,quelthalas,1603,priest,discipline,66,32,34
Lerdameur,arakarahm,1603,priest,discipline,296,142,154
Troedelsuppe,destromath,1603,priest,discipline,282,130,152
Хилботгодикс,borean-tundra,1602,priest,discipline,42,32,10
Syniixp,aegwynn,1602,priest,discipline,30,20,10
Göblinpriest,the-maelstrom,1602,priest,discipline,57,33,24
Хеликси,gordunni,1602,priest,discipline,235,127,108
Farnese,archimonde,1602,priest,discipline,460,246,214
Tansk,stormscale,1602,priest,discipline,270,144,126
Cultaken,kazzak,1602,priest,discipline,94,48,46
Blindmymind,malganis,1602,priest,discipline,141,71,70
Rankoneprazt,stormscale,1602,priest,discipline,191,94,97
Maryjanè,twisting-nether,1602,priest,discipline,53,26,27
Pepeflex,draenor,1602,priest,discipline,239,116,123
Kathja,outland,1602,priest,discipline,48,22,26
Nyxém,blackmoore,1602,priest,discipline,54,24,30
Aldebrand,dun-modr,1602,priest,discipline,72,29,43
Mástermínd,kazzak,1601,priest,discipline,81,52,29
Hannïri,archimonde,1601,priest,discipline,78,48,30
Jpjp,gorgonnash,1601,priest,discipline,108,66,42
Pumpinghard,twisting-nether,1601,priest,discipline,68,39,29
Sanuki,stormscale,1601,priest,discipline,41,23,18
Wynda,outland,1601,priest,discipline,52,26,26
Tepevelf,dun-modr,1601,priest,discipline,522,253,269
Makkesfil,stormscale,1601,priest,discipline,60,29,31
Smitebone,tarren-mill,1601,priest,discipline,90,40,50
Ironqt,malfurion,1601,priest,discipline,139,61,78
Lgbtgodx,archimonde,1600,priest,discipline,61,45,16
Kitågåwå,ravencrest,1600,priest,discipline,24,17,7
Romero,sylvanas,1600,priest,discipline,30,19,11
Trì,thrall,1600,priest,discipline,35,20,15
Blaelel,dun-modr,1600,priest,discipline,90,49,41
Praywingsebb,nazjatar,1600,priest,discipline,54,29,25
Sinîra,frostwolf,1600,priest,discipline,110,59,51
Старлайтх,gordunni,1600,priest,discipline,35,18,17
Xangha,burning-legion,1600,priest,discipline,264,133,131
Мэдмод,gordunni,1600,priest,discipline,283,141,142
Foh,antonidas,1600,priest,discipline,36,17,19
Stvilde,ragnaros,1600,priest,discipline,42,19,23
Stepsisstuck,ragnaros,1600,priest,discipline,80,36,44
Brainerror,outland,1600,priest,discipline,45,20,25
Shento,blackhand,1600,priest,discipline,48,21,27
Marícanqt,tarren-mill,1599,priest,discipline,30,23,7
Shallteár,doomhammer,1599,priest,discipline,274,136,138
Ahpøual,archimonde,1599,priest,discipline,186,90,96
Stampo,draenor,1599,priest,discipline,77,35,42
Holyarnold,silvermoon,1599,priest,discipline,206,92,114
Animalrescue,draenor,1598,priest,discipline,36,21,15
Maquivel,aggra-português,1598,priest,discipline,84,44,40
Norganp,die-aldor,1598,priest,discipline,124,64,60
Bebwaz,kazzak,1598,priest,discipline,183,94,89
Carnegi,burning-legion,1598,priest,discipline,308,154,154
Zwu,antonidas,1598,priest,discipline,106,51,55
Rher,blackmoore,1597,priest,discipline,103,63,40
Massbimba,tarren-mill,1597,priest,discipline,427,224,203
Blackbox,burning-legion,1597,priest,discipline,268,134,134
Fatherlou,outland,1597,priest,discipline,48,24,24
Cinri,argent-dawn,1597,priest,discipline,316,156,160
Llamamepadre,dun-modr,1597,priest,discipline,90,44,46
Mohammedx,tarren-mill,1597,priest,discipline,131,59,72
Phucme,deathwing,1597,priest,discipline,60,24,36
Holineß,burning-blade,1596,priest,discipline,114,66,48
Heilerharry,blackmoore,1596,priest,discipline,75,42,33
Äliénør,khaz-modan,1596,priest,discipline,114,62,52
Shadowmend,aegwynn,1596,priest,discipline,59,32,27
Баблби,soulflayer,1596,priest,discipline,169,73,96
Yaoz,sanguino,1595,priest,discipline,30,17,13
Dush,draenor,1595,priest,discipline,56,31,25
Radiancekey,sanguino,1595,priest,discipline,48,24,24
Lqd,blackrock,1595,priest,discipline,42,21,21
Faintly,emeriss,1595,priest,discipline,48,23,25
Шимату,howling-fjord,1595,priest,discipline,101,44,57
Эскирия,gordunni,1595,priest,discipline,48,17,31
Spbosse,aszune,1594,priest,discipline,60,35,25
Impecabllo,outland,1594,priest,discipline,36,20,16
Alesthion,silvermoon,1594,priest,discipline,182,96,86
Dankopriest,drakthul,1593,priest,discipline,131,76,55
Haakon,tarren-mill,1593,priest,discipline,30,17,13
Meanazer,antonidas,1593,priest,discipline,116,62,54
Exoduz,stormscale,1593,priest,discipline,419,211,208
Swdjack,blackrock,1593,priest,discipline,232,110,122
Øbz,sylvanas,1593,priest,discipline,78,34,44
Серью,booty-bay,1592,priest,discipline,47,28,19
Whopzi,blackmoore,1592,priest,discipline,48,28,20
Waina,defias-brotherhood,1592,priest,discipline,429,224,205
Badorange,kazzak,1592,priest,discipline,59,29,30
Zhenni,ravencrest,1592,priest,discipline,69,32,37
Illiest,ravencrest,1591,priest,discipline,42,30,12
Réquell,twisting-nether,1591,priest,discipline,48,26,22
Verminous,ravencrest,1591,priest,discipline,87,47,40
Fatishcribe,twisting-nether,1591,priest,discipline,339,180,159
Hexonite,burning-legion,1591,priest,discipline,48,25,23
Xaey,ravencrest,1591,priest,discipline,251,126,125
Tmnewho,outland,1591,priest,discipline,76,38,38
Träskfarfar,tarren-mill,1591,priest,discipline,60,30,30
Arkkupiispa,stormreaver,1590,priest,discipline,657,334,323
Itsdiscobaby,auchindoun,1590,priest,discipline,112,51,61
Cadierna,argent-dawn,1590,priest,discipline,75,34,41
Chîlliz,draenor,1589,priest,discipline,58,39,19
Burningheatx,kazzak,1589,priest,discipline,89,56,33
Waramoly,eredar,1589,priest,discipline,96,58,38
Nomorelight,stormscale,1589,priest,discipline,205,116,89
Vulreth,culte-de-la-rive-noire,1589,priest,discipline,36,20,16
Gnzysan,blackrock,1589,priest,discipline,96,53,43
Oecgreg,ysondre,1589,priest,discipline,82,44,38
Shadowbread,tarren-mill,1589,priest,discipline,192,96,96
Biggestpass,kazzak,1588,priest,discipline,24,19,5
Luvdeluxe,kazzak,1588,priest,discipline,90,52,38
Enimao,tarren-mill,1588,priest,discipline,111,59,52
Discgodx,ravencrest,1588,priest,discipline,168,88,80
Hélgå,kazzak,1588,priest,discipline,66,33,33
Yacine,blackrock,1588,priest,discipline,138,67,71
Vänskap,kazzak,1587,priest,discipline,132,65,67
Ledania,aegwynn,1586,priest,discipline,67,43,24
Papkalácss,hellfire,1586,priest,discipline,62,35,27
Orophar,antonidas,1586,priest,discipline,451,232,219
Maâti,kazzak,1586,priest,discipline,211,107,104
Хербоб,howling-fjord,1586,priest,discipline,268,134,134
Toba,hellscream,1585,priest,discipline,113,65,48
Sølvfox,stormscale,1585,priest,discipline,66,35,31
Gojó,outland,1585,priest,discipline,111,55,56
Champp,drakthul,1584,priest,discipline,163,91,72
Copperpriest,draenor,1584,priest,discipline,80,41,39
Necronidas,burning-legion,1584,priest,discipline,171,86,85
Sadkitten,sylvanas,1583,priest,discipline,355,197,158
Daddydisc,tarren-mill,1583,priest,discipline,46,25,21
Ilostmybible,runetotem,1583,priest,discipline,192,102,90
Gravebrain,draenor,1583,priest,discipline,441,220,221
Ashuramaru,drakthul,1583,priest,discipline,65,32,33
Scarletstory,ravencrest,1583,priest,discipline,187,86,101
Соулвардинг,soulflayer,1583,priest,discipline,60,26,34
Мэдсанван,howling-fjord,1582,priest,discipline,362,194,168
Lekken,kazzak,1582,priest,discipline,69,36,33
Ojh,defias-brotherhood,1582,priest,discipline,76,38,38
Alterlight,twisting-nether,1581,priest,discipline,869,431,438
Amun,blackmoore,1581,priest,discipline,61,28,33
Чилюнахиле,gordunni,1581,priest,discipline,71,23,48
Mindfreakxx,twisting-nether,1580,priest,discipline,66,41,25
Данягантеля,gordunni,1580,priest,discipline,84,45,39
Foobi,the-maelstrom,1580,priest,discipline,561,292,269
Dunderprälle,outland,1580,priest,discipline,91,47,44
Tashziehn,blackrock,1580,priest,discipline,229,117,112
Géèk,alakir,1580,priest,discipline,262,133,129
Estrecho,sanguino,1580,priest,discipline,53,26,27
Slikjar,stormscale,1580,priest,discipline,58,24,34
Paìnz,blackhand,1579,priest,discipline,134,77,57
Colèy,blackhand,1579,priest,discipline,204,111,93
Uppiediscyo,ravencrest,1579,priest,discipline,664,337,327
Missandeí,frostmane,1579,priest,discipline,42,21,21
Vate,aszune,1579,priest,discipline,66,29,37
Ínsäníty,outland,1578,priest,discipline,36,27,9
Bambus,shattered-hand,1578,priest,discipline,54,29,25
Grautesk,chogall,1578,priest,discipline,66,33,33
Флафика,deathguard,1577,priest,discipline,84,48,36
Pøsæ,uldaman,1577,priest,discipline,71,38,33
Jóhnnybravó,kazzak,1577,priest,discipline,102,54,48
Bloodanglee,outland,1577,priest,discipline,66,33,33
Tâmshi,dun-modr,1577,priest,discipline,54,26,28
Pollution,ragnaros,1577,priest,discipline,48,23,25
Maccz,hyjal,1577,priest,discipline,68,32,36
Labopriest,blackmoore,1577,priest,discipline,42,19,23
Jackboss,draenor,1577,priest,discipline,140,63,77
Shacoat,draenor,1577,priest,discipline,66,24,42
Zône,hyjal,1576,priest,discipline,57,32,25
Anetalol,zuluhed,1576,priest,discipline,54,30,24
Discomacka,twisting-nether,1576,priest,discipline,83,46,37
Deadwen,stormscale,1576,priest,discipline,282,154,128
Макимасама,gordunni,1576,priest,discipline,49,26,23
Dameyo,argent-dawn,1576,priest,discipline,65,34,31
Luziaa,outland,1576,priest,discipline,101,48,53
Maise,stormreaver,1575,priest,discipline,46,29,17
Toiga,lightnings-blade,1575,priest,discipline,72,41,31
Шарадин,gordunni,1575,priest,discipline,169,95,74
Сенсис,gordunni,1575,priest,discipline,108,60,48
Skyløl,dun-modr,1575,priest,discipline,36,19,17
Шруня,howling-fjord,1575,priest,discipline,273,138,135
Nocdsusage,draenor,1575,priest,discipline,250,122,128
Bænzoni,pozzo-delleternità,1575,priest,discipline,92,41,51
Eustâche,suramar,1574,priest,discipline,24,17,7
Интердиктх,gordunni,1574,priest,discipline,30,20,10
Angelofdeàth,kazzak,1574,priest,discipline,132,76,56
Tarellia,argent-dawn,1574,priest,discipline,305,173,132
Babloche,archimonde,1574,priest,discipline,125,68,57
Jagersmite,twisting-nether,1574,priest,discipline,383,206,177
Softie,zuljin,1574,priest,discipline,240,125,115
Floodey,defias-brotherhood,1574,priest,discipline,84,42,42
Grzmocillaa,burning-legion,1573,priest,discipline,108,55,53
Aia,tyrande,1573,priest,discipline,88,41,47
Эззи,soulflayer,1573,priest,discipline,66,29,37
Biophyzix,aegwynn,1573,priest,discipline,41,18,23
Ellfle,kazzak,1572,priest,discipline,48,28,20
Grishnat,ragnaros,1572,priest,discipline,36,21,15
Эски,howling-fjord,1572,priest,discipline,251,133,118
Nyarlatothep,boulderfist,1572,priest,discipline,148,77,71
Мплехибои,gordunni,1572,priest,discipline,66,34,32
Phamy,antonidas,1572,priest,discipline,70,35,35
Loreleì,sylvanas,1571,priest,discipline,60,36,24
Axla,stormscale,1571,priest,discipline,83,43,40
Фастдед,howling-fjord,1570,priest,discipline,119,64,55
Miikkap,blackhand,1570,priest,discipline,60,29,31
Mysticforces,silvermoon,1570,priest,discipline,114,54,60
Bubbelchên,blackhand,1570,priest,discipline,72,32,40
Zackshock,sanguino,1570,priest,discipline,96,38,58
Pxescalol,aegwynn,1569,priest,discipline,52,26,26
Nercøtic,antonidas,1569,priest,discipline,94,44,50
Хэвидрим,soulflayer,1569,priest,discipline,66,28,38
Hèmera,tichondrius,1568,priest,discipline,55,41,14
Nightreaver,argent-dawn,1568,priest,discipline,105,57,48
Ledxpri,twisting-nether,1568,priest,discipline,114,61,53
Senkín,aegwynn,1568,priest,discipline,131,68,63
Holynelph,kazzak,1568,priest,discipline,56,28,28
Csúforck,ragnaros,1567,priest,discipline,110,56,54
Lipoatrofia,sanguino,1567,priest,discipline,202,101,101
Loliheal,blackmoore,1566,priest,discipline,93,47,46
Bornxgood,kazzak,1566,priest,discipline,72,35,37
Snusprällen,sylvanas,1566,priest,discipline,65,31,34
Kineo,frostwolf,1566,priest,discipline,42,20,22
Discih,ragnaros,1566,priest,discipline,87,40,47
Disconight,kazzak,1566,priest,discipline,54,22,32
Этотьмадетка,howling-fjord,1565,priest,discipline,42,26,16
Aternia,draenor,1565,priest,discipline,89,48,41
Soupriest,ysondre,1565,priest,discipline,217,115,102
Holygustavo,blackmoore,1565,priest,discipline,48,25,23
Cajolîne,archimonde,1565,priest,discipline,222,109,113
Mommymilkrx,argent-dawn,1565,priest,discipline,610,296,314
Franciscus,bladefist,1565,priest,discipline,91,44,47
Рувид,gordunni,1565,priest,discipline,76,36,40
Ftiersp,ravencrest,1565,priest,discipline,60,27,33
Крэкслингер,howling-fjord,1564,priest,discipline,142,71,71
Простосори,gordunni,1564,priest,discipline,616,302,314
Whattson,colinas-pardas,1564,priest,discipline,35,17,18
Nooblygaming,nemesis,1564,priest,discipline,142,67,75
Cringelørd,alakir,1564,priest,discipline,42,17,25
Yënâs,hyjal,1563,priest,discipline,114,65,49
Arvonpenaali,defias-brotherhood,1563,priest,discipline,83,44,39
Darkprofit,aegwynn,1563,priest,discipline,197,101,96
Alicanx,twisting-nether,1563,priest,discipline,84,37,47
Craquylx,hyjal,1563,priest,discipline,47,17,30
Unfaker,drakthul,1562,priest,discipline,36,23,13
Talbädar,draenor,1562,priest,discipline,54,32,22
Ypsi,defias-brotherhood,1562,priest,discipline,48,27,21
Надийя,gordunni,1562,priest,discipline,150,84,66
Valfore,eldrethalas,1562,priest,discipline,105,57,48
Nastynina,frostwhisper,1562,priest,discipline,98,51,47
Geesuz,outland,1562,priest,discipline,121,61,60
Raeratwo,archimonde,1562,priest,discipline,36,18,18
Хомие,soulflayer,1562,priest,discipline,103,50,53
Okeymokey,malganis,1561,priest,discipline,267,140,127
Dangerfred,stormscale,1561,priest,discipline,36,18,18
Walkmydome,twisting-nether,1561,priest,discipline,309,152,157
Макстин,howling-fjord,1561,priest,discipline,201,96,105
Zastyx,drakthul,1561,priest,discipline,53,25,28
Veltrag,sanguino,1560,priest,discipline,66,37,29
Saintpri,twisting-nether,1560,priest,discipline,123,67,56
Raezi,defias-brotherhood,1560,priest,discipline,196,105,91
Lyim,stormscale,1560,priest,discipline,47,25,22
Fulgus,sanguino,1560,priest,discipline,342,164,178
Vicønia,tarren-mill,1560,priest,discipline,41,17,24
Maerlene,nemesis,1560,priest,discipline,122,50,72
Soloqhero,chamber-of-aspects,1560,priest,discipline,54,22,32
Shafela,sanguino,1559,priest,discipline,36,21,15
Amnesztia,ragnaros,1559,priest,discipline,129,73,56
Beatzeps,tarren-mill,1559,priest,discipline,50,28,22
Ðæthshaðow,dalaran,1559,priest,discipline,59,32,27
Leyasu,eredar,1559,priest,discipline,69,37,32
Zinzor,archimonde,1559,priest,discipline,112,59,53
Føxy,emerald-dream,1559,priest,discipline,53,27,26
Ичисанчик,howling-fjord,1559,priest,discipline,91,45,46
Cptatonement,draenor,1559,priest,discipline,130,63,67
Worldgamer,blackrock,1559,priest,discipline,268,129,139
Pilgram,twilights-hammer,1559,priest,discipline,113,54,59
Toxicx,aegwynn,1559,priest,discipline,48,19,29
Khomic,archimonde,1558,priest,discipline,59,35,24
Derylium,kazzak,1558,priest,discipline,129,76,53
Aêbi,dalaran,1558,priest,discipline,48,28,20
Fuzzybae,ravencrest,1558,priest,discipline,120,59,61
Ectria,ravencrest,1558,priest,discipline,149,71,78
Лин,howling-fjord,1557,priest,discipline,34,21,13
Nielar,onyxia,1557,priest,discipline,54,30,24
Wâneis,stormscale,1557,priest,discipline,155,82,73
Lishado,twisting-nether,1557,priest,discipline,102,52,50
Олдмэнсэйд,soulflayer,1557,priest,discipline,134,68,66
Shielddanke,blackmoore,1557,priest,discipline,84,40,44
Babybeyle,arakarahm,1557,priest,discipline,275,129,146
Пальтишко,howling-fjord,1557,priest,discipline,96,45,51
Аркприст,gordunni,1556,priest,discipline,42,29,13
Валифа,gordunni,1556,priest,discipline,98,56,42
Giggidee,tarren-mill,1556,priest,discipline,220,115,105
Тлэц,gordunni,1556,priest,discipline,83,43,40
Darkprist,sanguino,1556,priest,discipline,124,64,60
Jesuita,dun-modr,1556,priest,discipline,95,49,46
Noviriel,argent-dawn,1556,priest,discipline,188,87,101
Heílsuse,antonidas,1556,priest,discipline,48,18,30
Woid,aegwynn,1555,priest,discipline,48,28,20
Rizzlerx,blackmoore,1555,priest,discipline,108,61,47
Treen,silvermoon,1555,priest,discipline,177,94,83
Skallya,ysondre,1555,priest,discipline,36,17,19
Рейсина,gordunni,1555,priest,discipline,60,26,34
Mvce,outland,1554,priest,discipline,54,37,17
Cathocrasty,draenor,1554,priest,discipline,123,69,54
Pubis,silvermoon,1554,priest,discipline,66,35,31
Madkes,ravencrest,1554,priest,discipline,245,127,118
Incorporeal,eredar,1554,priest,discipline,41,21,20
Dyliz,stormscale,1554,priest,discipline,477,243,234
Eßola,silvermoon,1554,priest,discipline,88,44,44
Cresellia,twisting-nether,1554,priest,discipline,182,87,95
Zzoska,burning-legion,1554,priest,discipline,112,50,62
Mustatomi,stormreaver,1554,priest,discipline,39,17,22
Алуан,blackscar,1554,priest,discipline,90,36,54
Poxqt,thrall,1553,priest,discipline,190,111,79
Psnextxp,eredar,1553,priest,discipline,135,76,59
Хахеха,gordunni,1553,priest,discipline,66,37,29
Sháady,ravencrest,1553,priest,discipline,78,41,37
Рэйкар,razuvious,1553,priest,discipline,65,33,32
Могулас,soulflayer,1553,priest,discipline,756,383,373
Zíria,outland,1553,priest,discipline,314,156,158
Cleancf,blackhand,1553,priest,discipline,409,203,206
Mêmphìs,twisting-nether,1553,priest,discipline,149,72,77
Khâléd,kazzak,1553,priest,discipline,36,17,19
Armward,twisting-nether,1552,priest,discipline,58,35,23
Laceylee,anubarak,1552,priest,discipline,36,18,18
Húlda,auchindoun,1552,priest,discipline,202,100,102
Yøløswagg,silvermoon,1552,priest,discipline,157,75,82
Deathspren,stormscale,1552,priest,discipline,42,19,23
Wedoburgers,ravencrest,1551,priest,discipline,24,17,7
Блексебет,soulflayer,1551,priest,discipline,166,89,77
Outtloor,twisting-nether,1551,priest,discipline,86,46,40
Srakabot,burning-legion,1551,priest,discipline,275,137,138
Расспутана,howling-fjord,1551,priest,discipline,326,161,165
Blutleid,malfurion,1551,priest,discipline,42,20,22
Furosam,eredar,1550,priest,discipline,66,37,29
Zìzz,hyjal,1550,priest,discipline,42,23,19
Makesnosense,kilrogg,1550,priest,discipline,72,39,33
Nerul,twisting-nether,1550,priest,discipline,257,139,118
Boostpriest,archimonde,1550,priest,discipline,267,141,126
Jandice,blackrock,1550,priest,discipline,36,18,18
Selfcontrol,blackhand,1550,priest,discipline,66,25,41
Dùsty,archimonde,1549,priest,discipline,135,79,56
Xaerah,blackmoore,1549,priest,discipline,78,41,37
Jcnun,xavius,1549,priest,discipline,180,94,86
Tgz,ravencrest,1549,priest,discipline,217,111,106
Alz,rashgarroth,1549,priest,discipline,195,99,96
Prayforme,lightbringer,1549,priest,discipline,71,36,35
Mojmir,drakthul,1549,priest,discipline,108,53,55
Alysial,silvermoon,1549,priest,discipline,42,20,22
Arkkinunna,outland,1549,priest,discipline,124,59,65
Faouzia,argent-dawn,1549,priest,discipline,59,27,32
Колдрексх,deathguard,1549,priest,discipline,72,31,41
Denyz,blackrock,1549,priest,discipline,66,26,40
Cainactor,drakthul,1548,priest,discipline,113,61,52
Марабудх,soulflayer,1548,priest,discipline,123,66,57
Sctheal,outland,1548,priest,discipline,75,37,38
Runekpriest,tarren-mill,1548,priest,discipline,51,25,26
Сатанчикгод,howling-fjord,1548,priest,discipline,77,35,42
Usee,kazzak,1547,priest,discipline,72,45,27
Holysheett,magtheridon,1547,priest,discipline,150,81,69
Avaichquirit,tarren-mill,1547,priest,discipline,142,75,67
Levimm,turalyon,1547,priest,discipline,540,285,255
Grêy,dun-modr,1547,priest,discipline,116,60,56
Kyseki,ravencrest,1547,priest,discipline,508,260,248
Sundæ,antonidas,1547,priest,discipline,95,46,49
Raffá,blackhand,1547,priest,discipline,104,44,60
Mêduse,ravencrest,1547,priest,discipline,123,52,71
Svistis,ravencrest,1546,priest,discipline,40,29,11
Èzì,burning-legion,1546,priest,discipline,173,89,84
Poonies,silvermoon,1546,priest,discipline,124,61,63
Artì,kazzak,1546,priest,discipline,291,139,152
Wìklüñd,ravencrest,1546,priest,discipline,170,72,98
Zymai,ravencrest,1546,priest,discipline,48,17,31
Nightsøul,ragnaros,1545,priest,discipline,256,134,122
Themistia,kazzak,1545,priest,discipline,253,126,127
Trénboloné,tarren-mill,1545,priest,discipline,90,44,46
Heindl,ravencrest,1545,priest,discipline,72,34,38
Fxd,talnivarr,1544,priest,discipline,66,36,30
Aasgard,frostwolf,1544,priest,discipline,90,46,44
Acik,bladefist,1544,priest,discipline,83,42,41
Caramello,stormscale,1544,priest,discipline,186,93,93
Prencø,sanguino,1543,priest,discipline,36,23,13
Sahorie,archimonde,1543,priest,discipline,159,89,70
Spiochpr,burning-legion,1543,priest,discipline,224,123,101
Mapples,antonidas,1543,priest,discipline,320,172,148
Tjat,silvermoon,1543,priest,discipline,114,58,56
Arjak,stormscale,1543,priest,discipline,63,30,33
Cursedme,blackrock,1542,priest,discipline,55,32,23
Spirítbox,argent-dawn,1542,priest,discipline,315,164,151
Mandarinee,blackmoore,1542,priest,discipline,408,210,198
Terno,sylvanas,1542,priest,discipline,954,476,478
Nerfpriest,tarren-mill,1542,priest,discipline,369,184,185
Nithraw,kazzak,1542,priest,discipline,291,143,148
Admiration,eredar,1542,priest,discipline,47,23,24
Hopepriest,magtheridon,1542,priest,discipline,96,46,50
Tarîs,archimonde,1542,priest,discipline,108,51,57
Intentoso,nemesis,1542,priest,discipline,60,28,32
Khrtp,silvermoon,1542,priest,discipline,66,30,36
Батямелднул,blackscar,1541,priest,discipline,60,36,24
Buan,blackmoore,1541,priest,discipline,104,59,45
Bublelicious,silvermoon,1541,priest,discipline,90,48,42
Snoopqt,dalaran,1541,priest,discipline,230,121,109
Twisty,malganis,1541,priest,discipline,121,61,60
Yonkerz,frostmane,1541,priest,discipline,269,128,141
Elyra,the-shatar,1540,priest,discipline,72,48,24
Thylstra,ravencrest,1540,priest,discipline,33,21,12
Tazting,stormscale,1540,priest,discipline,109,59,50
Kiropap,silvermoon,1540,priest,discipline,327,174,153
Fäke,dunemaul,1540,priest,discipline,412,219,193
Loverxz,dun-modr,1540,priest,discipline,90,46,44
Vicwix,draenor,1540,priest,discipline,65,33,32
Whiskie,twisting-nether,1540,priest,discipline,60,30,30
Psi,hakkar,1540,priest,discipline,36,18,18
Sochnaochen,outland,1539,priest,discipline,115,67,48
Prezica,stormscale,1539,priest,discipline,209,111,98
Lahammy,kazzak,1539,priest,discipline,68,36,32
Ranevskiy,kazzak,1539,priest,discipline,305,153,152
Джулибуба,borean-tundra,1539,priest,discipline,93,46,47
Влажныйшп,soulflayer,1538,priest,discipline,66,37,29
Kanî,eredar,1538,priest,discipline,96,47,49
Mòly,archimonde,1537,priest,discipline,33,20,13
Toratorap,burning-legion,1537,priest,discipline,120,60,60
Ptsd,argent-dawn,1537,priest,discipline,96,46,50
Dench,azjolnerub,1537,priest,discipline,72,33,39
Lyndorien,argent-dawn,1536,priest,discipline,108,64,44
Redpriestess,kazzak,1536,priest,discipline,77,43,34
Natapriest,antonidas,1536,priest,discipline,266,145,121
Celiara,argent-dawn,1536,priest,discipline,171,92,79
Styilepriest,twisting-nether,1536,priest,discipline,36,18,18
Interrupted,kazzak,1536,priest,discipline,132,61,71
Lucîd,ravencrest,1535,priest,discipline,126,72,54
Åzjol,magtheridon,1535,priest,discipline,36,19,17
Yûnalescá,blackmoore,1535,priest,discipline,147,74,73
Sonyl,les-sentinelles,1535,priest,discipline,54,27,27
Yuukii,kult-der-verdammten,1535,priest,discipline,36,17,19
Berstkraft,blackmoore,1535,priest,discipline,155,73,82
Goblex,hyjal,1535,priest,discipline,63,28,35
Cydira,eredar,1534,priest,discipline,78,46,32
Shæzè,antonidas,1534,priest,discipline,126,73,53
Caboon,silvermoon,1534,priest,discipline,78,44,34
Tyrial,outland,1534,priest,discipline,72,40,32
Juco,draenor,1534,priest,discipline,72,40,32
Obeng,tarren-mill,1534,priest,discipline,30,16,14
Logath,archimonde,1534,priest,discipline,79,41,38
Partyanimal,blackrock,1534,priest,discipline,95,49,46
Аидкабтв,gordunni,1534,priest,discipline,79,40,39
Pmh,kazzak,1534,priest,discipline,120,60,60
Eîkro,blackmoore,1534,priest,discipline,72,36,36
Nøitra,blackrock,1534,priest,discipline,47,23,24
Pakmopriest,ragnaros,1534,priest,discipline,84,39,45
Fuzzymerge,ravencrest,1534,priest,discipline,100,46,54
Isendth,archimonde,1534,priest,discipline,66,19,47
Walúpe,draenor,1533,priest,discipline,52,35,17
Grimdream,ragnaros,1533,priest,discipline,503,251,252
Deadlyhealer,draenor,1533,priest,discipline,48,22,26
Skaliq,tarren-mill,1532,priest,discipline,316,162,154
Mahraxyr,hyjal,1532,priest,discipline,43,22,21
Sxl,ysondre,1532,priest,discipline,54,27,27
Voidsnitch,antonidas,1532,priest,discipline,108,50,58
Mvuu,kazzak,1531,priest,discipline,71,45,26
Sebbepriest,twisting-nether,1531,priest,discipline,72,45,27
Володябигуди,howling-fjord,1531,priest,discipline,64,36,28
Effectx,ravencrest,1531,priest,discipline,120,57,63
Diszi,norgannon,1531,priest,discipline,66,31,35
Wiildsy,tarren-mill,1531,priest,discipline,53,24,29
Glaedahr,blackmoore,1531,priest,discipline,66,26,40
Asmodeux,alakir,1530,priest,discipline,24,19,5
Ønliie,ravencrest,1530,priest,discipline,48,29,19
Xvpr,trollbane,1530,priest,discipline,71,40,31
Zordochpräst,ravencrest,1530,priest,discipline,72,39,33
Kaliboom,archimonde,1530,priest,discipline,226,122,104
Swdömmel,aegwynn,1530,priest,discipline,30,16,14
Neagica,kazzak,1530,priest,discipline,340,173,167
Gûardianwisp,ravencrest,1530,priest,discipline,271,137,134
Holyblóod,ravencrest,1530,priest,discipline,117,55,62
Swallowship,twisting-nether,1530,priest,discipline,36,16,20
Cbsad,madmortem,1529,priest,discipline,123,67,56
Wortmonster,malganis,1529,priest,discipline,54,28,26
Onelovexx,thrall,1529,priest,discipline,60,28,32
Mírá,burning-blade,1528,priest,discipline,108,66,42
Ylivoima,stormscale,1528,priest,discipline,156,88,68
Undeabniss,nathrezim,1528,priest,discipline,54,29,25
Mortarz,ragnaros,1528,priest,discipline,89,41,48
Nevor,nemesis,1528,priest,discipline,124,57,67
Infamous,stormscale,1527,priest,discipline,18,16,2
Delarus,perenolde,1527,priest,discipline,96,58,38
Papynou,garona,1526,priest,discipline,37,23,14
Dairox,blackrock,1526,priest,discipline,169,92,77
Хилкорлеоне,soulflayer,1526,priest,discipline,102,51,51
Eleatros,blackrock,1526,priest,discipline,106,52,54
Acrio,die-ewige-wacht,1526,priest,discipline,90,43,47
Budwéisér,ravencrest,1526,priest,discipline,122,58,64
Beocca,sanguino,1526,priest,discipline,42,17,25
Sethp,hyjal,1525,priest,discipline,30,21,9
Ivysaurus,ravencrest,1525,priest,discipline,168,94,74
Лилатэль,blackscar,1525,priest,discipline,197,91,106
Zxèlá,tarren-mill,1524,priest,discipline,143,80,63
Экспл,lich-king,1524,priest,discipline,82,41,41
Léandrä,magtheridon,1523,priest,discipline,30,17,13
Nelakya,blackmoore,1523,priest,discipline,30,16,14
Zoe,aegwynn,1523,priest,discipline,213,112,101
Utsuro,stormscale,1523,priest,discipline,72,37,35
Phobica,frostmane,1523,priest,discipline,52,26,26
Pvpalt,argent-dawn,1523,priest,discipline,110,52,58
Виспх,eversong,1523,priest,discipline,269,120,149
Nnaoy,ysondre,1522,priest,discipline,38,22,16
Бархомелфой,gordunni,1522,priest,discipline,113,61,52
Карбираторх,gordunni,1522,priest,discipline,54,23,31
Kaazaam,eredar,1522,priest,discipline,66,21,45
Diva,malfurion,1521,priest,discipline,82,44,38
Prioheal,hyjal,1521,priest,discipline,120,64,56
Bleedingeyes,tarren-mill,1521,priest,discipline,92,49,43
Frednshield,tarren-mill,1521,priest,discipline,75,36,39
Zofiiee,tarren-mill,1521,priest,discipline,146,68,78
Mezan,tarren-mill,1521,priest,discipline,113,50,63
Бэнжэминг,gordunni,1521,priest,discipline,179,79,100
Localmadlad,draenor,1520,priest,discipline,91,57,34
Yesdaddypls,draenor,1520,priest,discipline,54,33,21
Eshania,frostwolf,1520,priest,discipline,78,46,32
Ysharrj,hyjal,1520,priest,discipline,93,52,41
Chuckline,eredar,1520,priest,discipline,120,61,59
Benau,aegwynn,1519,priest,discipline,60,38,22
Sponpriest,ravencrest,1519,priest,discipline,127,75,52
Calyah,kazzak,1519,priest,discipline,35,20,15
Soraløl,stormscale,1519,priest,discipline,124,62,62
Sorrybowtdat,tarren-mill,1519,priest,discipline,144,70,74
Castpenance,blackrock,1519,priest,discipline,330,159,171
Sixeus,outland,1519,priest,discipline,45,19,26
Ralph,kazzak,1519,priest,discipline,72,29,43
Xaizn,arthas,1518,priest,discipline,67,38,29
Viì,ravencrest,1518,priest,discipline,63,33,30
Senosaurus,tarren-mill,1518,priest,discipline,101,50,51
Døgfîsh,stormscale,1518,priest,discipline,112,54,58
Pøwêr,hyjal,1518,priest,discipline,78,37,41
Jamii,kazzak,1517,priest,discipline,119,75,44
Miileys,arthas,1517,priest,discipline,91,53,38
Lemontea,frostwolf,1517,priest,discipline,48,27,21
Jumperlawl,khaz-modan,1517,priest,discipline,264,136,128
Tanjaspano,twisting-nether,1517,priest,discipline,48,23,25
Andhoras,dalaran,1517,priest,discipline,47,17,30
Synnestra,antonidas,1516,priest,discipline,59,34,25
Twh,outland,1515,priest,discipline,35,22,13
Expert,blackrock,1515,priest,discipline,33,18,15
Makrophage,mannoroth,1515,priest,discipline,34,18,16
Openyoureyes,blackrock,1515,priest,discipline,48,25,23
Hötchick,outland,1515,priest,discipline,216,107,109
Hateyeleison,burning-legion,1515,priest,discipline,108,52,56
Элишана,deathguard,1515,priest,discipline,230,108,122
Kryzenn,hyjal,1515,priest,discipline,129,55,74
Lukéy,silvermoon,1514,priest,discipline,66,33,33
Zealtron,darksorrow,1514,priest,discipline,68,30,38
Hiddenhealz,blackrock,1514,priest,discipline,60,25,35
Ciqua,frostmane,1513,priest,discipline,66,40,26
Ayumcd,ravencrest,1513,priest,discipline,109,63,46
Ssol,tarren-mill,1513,priest,discipline,126,68,58
Rennic,stormscale,1513,priest,discipline,72,38,34
Ggsus,outland,1513,priest,discipline,148,77,71
Mâdowk,los-errantes,1513,priest,discipline,570,293,277
Олегстразза,howling-fjord,1513,priest,discipline,420,214,206
Lurri,tarren-mill,1513,priest,discipline,228,116,112
Hellsaya,ysondre,1512,priest,discipline,120,68,52
Ðøìßåx,silvermoon,1512,priest,discipline,96,53,43
Nightfearqt,outland,1512,priest,discipline,116,64,52
Leckpriest,sanguino,1512,priest,discipline,223,119,104
Pumpmenow,drakthul,1512,priest,discipline,66,33,33
Chenandler,aggra-português,1512,priest,discipline,47,22,25
Вутитути,howling-fjord,1512,priest,discipline,114,53,61
Omgitshuux,blackmoore,1512,priest,discipline,114,52,62
Büssi,blackrock,1511,priest,discipline,30,19,11
Ciri,die-aldor,1511,priest,discipline,31,18,13
Astralscare,outland,1511,priest,discipline,163,90,73
Lirou,archimonde,1511,priest,discipline,53,29,24
Baybe,ravencrest,1511,priest,discipline,207,113,94
Kuivatmaat,ravencrest,1511,priest,discipline,30,16,14
Nzothapostle,baelgun,1511,priest,discipline,420,199,221
Blazekk,sylvanas,1511,priest,discipline,127,56,71
Mactub,frostwolf,1511,priest,discipline,76,31,45
Woukitos,drekthar,1511,priest,discipline,60,24,36
Kirchhoffina,die-nachtwache,1510,priest,discipline,49,26,23
Priestlol,outland,1510,priest,discipline,211,104,107
Voidwalkz,kazzak,1510,priest,discipline,41,20,21
Alliora,dalaran,1510,priest,discipline,236,115,121
Исусиприст,deepholm,1510,priest,discipline,54,26,28
Aurorä,burning-legion,1510,priest,discipline,69,33,36
Alros,elune,1510,priest,discipline,42,18,24
Pumpkin,aggramar,1509,priest,discipline,30,19,11
Discomarcel,burning-legion,1509,priest,discipline,48,27,21
Zïn,silvermoon,1509,priest,discipline,103,55,48
Ghoul,destromath,1509,priest,discipline,30,16,14
Lilpi,rexxar,1509,priest,discipline,129,67,62
Zooster,pozzo-delleternità,1508,priest,discipline,72,45,27
Nimbtwink,silvermoon,1508,priest,discipline,83,50,33
Двелегитоп,howling-fjord,1508,priest,discipline,50,28,22
Healinrbglol,blackmoore,1508,priest,discipline,77,43,34
Knazh,twisting-nether,1508,priest,discipline,38,21,17
Arkatina,outland,1508,priest,discipline,70,38,32
Ethaz,twisting-nether,1508,priest,discipline,30,16,14
Xaeron,eredar,1508,priest,discipline,84,44,40
Isweariheal,twisting-nether,1508,priest,discipline,154,80,74
Watchmedeath,sargeras,1508,priest,discipline,67,33,34
Mcdced,archimonde,1508,priest,discipline,141,67,74
Yhraeliaegh,defias-brotherhood,1508,priest,discipline,218,102,116
Лоео,ashenvale,1508,priest,discipline,60,26,34
Rîhanna,sanguino,1507,priest,discipline,33,22,11
Healicious,teldrassil,1507,priest,discipline,30,16,14
Goldgot,tarren-mill,1507,priest,discipline,54,28,26
Shînnøk,silvermoon,1507,priest,discipline,289,148,141
Scade,kazzak,1507,priest,discipline,104,52,52
Kurt,blackrock,1507,priest,discipline,136,66,70
Hwren,auchindoun,1507,priest,discipline,242,108,134
Lokíe,ragnaros,1507,priest,discipline,42,17,25
Mindhøven,veklor,1507,priest,discipline,42,16,26
Pöppers,ysondre,1507,priest,discipline,114,39,75
Cyliaa,aegwynn,1506,priest,discipline,36,20,16
Enoriya,blackrock,1506,priest,discipline,268,143,125
Остроухх,howling-fjord,1506,priest,discipline,150,79,71
Lianny,sylvanas,1506,priest,discipline,117,61,56
Edoran,ragnaros,1506,priest,discipline,115,59,56
Шпангл,gordunni,1506,priest,discipline,280,143,137
Rtfmx,outland,1506,priest,discipline,46,23,23
Lasebeak,ravencrest,1505,priest,discipline,115,66,49
Imoz,antonidas,1505,priest,discipline,30,17,13
Tutoress,stormscale,1505,priest,discipline,54,25,29
Xîz,silvermoon,1505,priest,discipline,96,43,53
Ixdeadxl,stormscale,1504,priest,discipline,99,58,41
Nûttz,stormscale,1504,priest,discipline,96,54,42
Ghostroller,pozzo-delleternità,1504,priest,discipline,120,65,55
Squidlicker,twisting-nether,1504,priest,discipline,76,40,36
Elämäntypy,stormscale,1504,priest,discipline,144,70,74
Supernal,twisting-nether,1504,priest,discipline,72,34,38
Вайфими,gordunni,1504,priest,discipline,130,61,69
Banshzz,ragnaros,1504,priest,discipline,143,67,76
Ykiotonegawa,twisting-nether,1504,priest,discipline,129,53,76
Holywann,argent-dawn,1503,priest,discipline,65,38,27
Рвотка,gordunni,1503,priest,discipline,184,96,88
Телоури,galakrond,1503,priest,discipline,263,131,132
Jacksonz,blackmoore,1503,priest,discipline,42,17,25
Deicidex,blackrock,1503,priest,discipline,78,28,50
Icutebiker,nagrand,1502,priest,discipline,101,61,40
Appraiser,draenor,1502,priest,discipline,30,16,14
Sebekklawl,wrathbringer,1502,priest,discipline,103,54,49
Spoggle,kazzak,1502,priest,discipline,131,67,64
Tiragosaure,arakarahm,1502,priest,discipline,105,51,54
Люблюкофе,deathguard,1502,priest,discipline,106,50,56
Chamelthoe,the-maelstrom,1502,priest,discipline,126,59,67
Maskinjundre,bronzebeard,1502,priest,discipline,51,21,30
Alphabreyf,tarren-mill,1501,priest,discipline,161,82,79
Priestin,dun-modr,1501,priest,discipline,101,50,51
Nometalol,drakthul,1501,priest,discipline,36,16,20
Дюшапинанс,soulflayer,1500,priest,discipline,92,54,38
Sickwill,blackrock,1500,priest,discipline,52,29,23
Мьюсх,deathguard,1500,priest,discipline,77,42,35
Priesticchi,stormscale,1500,priest,discipline,222,119,103
Sinnzz,ysondre,1500,priest,discipline,114,60,54
Kamiyasa,blackmoore,1500,priest,discipline,191,96,95
Gbpjr,xavius,1500,priest,discipline,260,130,130
Aguerran,spinebreaker,1500,priest,discipline,90,41,49
Dreamhatcher,deathwing,1500,priest,discipline,42,18,24
Josva,sanguino,1500,priest,discipline,42,18,24
Arya,dunemaul,1500,priest,discipline,48,20,28
Dapope,drakthul,1500,priest,discipline,107,43,64
Elwing,darkmoon-faire,1500,priest,discipline,48,18,30
Selëne,blackrock,1499,priest,discipline,51,29,22
Ishande,los-errantes,1499,priest,discipline,328,180,148
Mzpriest,dalaran,1499,priest,discipline,106,57,49
Tintapri,aszune,1499,priest,discipline,152,81,71
Anotherdisc,aegwynn,1499,priest,discipline,443,217,226
Docpower,twisting-nether,1499,priest,discipline,54,26,28
Disillusíon,tarren-mill,1499,priest,discipline,156,74,82
Bloodie,drakthul,1498,priest,discipline,30,18,12
Holyxqt,blackrock,1498,priest,discipline,114,68,46
Crims,twisting-nether,1498,priest,discipline,150,83,67
Shagan,archimonde,1498,priest,discipline,72,39,33
Jakeow,auchindoun,1498,priest,discipline,117,61,56
Mindrouf,burning-legion,1498,priest,discipline,109,56,53
Chocoly,tarren-mill,1498,priest,discipline,119,61,58
Noobpriest,blackrock,1498,priest,discipline,178,88,90
Tuitio,blackmoore,1498,priest,discipline,132,65,67
Darknun,aggra-português,1498,priest,discipline,195,90,105
Vanillahaze,sylvanas,1497,priest,discipline,81,53,28
Diarolz,sanguino,1497,priest,discipline,81,46,35
Чтоподелать,soulflayer,1497,priest,discipline,89,49,40
Prästpojken,frostwhisper,1497,priest,discipline,222,107,115
Êvîlêvê,blackmoore,1496,priest,discipline,82,49,33
Carzn,blackmoore,1496,priest,discipline,78,43,35
Sheshan,destromath,1496,priest,discipline,99,53,46
Huffinctus,tarren-mill,1496,priest,discipline,118,61,57
Hérune,outland,1496,priest,discipline,116,58,58
Saitani,stormscale,1496,priest,discipline,59,28,31
Chokmâh,sanguino,1495,priest,discipline,24,16,8
Badhêalz,aegwynn,1495,priest,discipline,181,92,89
Greyanna,twisting-nether,1495,priest,discipline,107,51,56
Rezzurrectum,doomhammer,1495,priest,discipline,111,52,59
Nubso,aegwynn,1495,priest,discipline,54,25,29
Aïezn,culte-de-la-rive-noire,1495,priest,discipline,206,93,113
Sentryward,silvermoon,1495,priest,discipline,42,16,26
Onetwo,silvermoon,1494,priest,discipline,30,18,12
Drawun,burning-legion,1494,priest,discipline,116,67,49
Ballsbrawlz,sylvanas,1494,priest,discipline,48,27,21
Lolipopheal,blackmoore,1494,priest,discipline,60,32,28
Juggster,bloodhoof,1494,priest,discipline,186,95,91
Атэистотбога,gordunni,1494,priest,discipline,124,63,61
Johen,terenas,1494,priest,discipline,206,103,103
Hïstërïä,silvermoon,1494,priest,discipline,57,28,29
Ragelogoouut,draenor,1494,priest,discipline,60,27,33
Hexenmeister,laughing-skull,1493,priest,discipline,69,36,33
Goosebot,stormscale,1493,priest,discipline,72,36,36
Makemyday,dun-modr,1493,priest,discipline,101,50,51
Vorynax,silvermoon,1493,priest,discipline,86,40,46
Chrispriest,argent-dawn,1493,priest,discipline,62,28,34
Verzeichnis,thrall,1492,priest,discipline,166,92,74
Kobri,gilneas,1492,priest,discipline,224,118,106
Shadowsig,silvermoon,1492,priest,discipline,311,163,148
Tinpr,sanguino,1492,priest,discipline,111,50,61
Dezó,stormscale,1491,priest,discipline,23,16,7
Fifiabdou,tarren-mill,1491,priest,discipline,66,41,25
Merkabrah,sylvanas,1491,priest,discipline,92,43,49
Quintanaro,thrall,1491,priest,discipline,51,19,32
Omahelga,blackrock,1490,priest,discipline,130,71,59
Hunfall,stormscale,1490,priest,discipline,148,73,75
Keyfear,kazzak,1490,priest,discipline,99,48,51
Dadheal,dalaran,1490,priest,discipline,54,24,30
Skinandbones,sylvanas,1490,priest,discipline,143,58,85
Holydisease,tarren-mill,1489,priest,discipline,36,21,15
Jaatjak,ravencrest,1489,priest,discipline,114,61,53
Майндоф,howling-fjord,1489,priest,discipline,72,38,34
Meiyah,draenor,1489,priest,discipline,95,49,46
Djchinoix,archimonde,1488,priest,discipline,77,43,34
Buerak,tarren-mill,1488,priest,discipline,40,22,18
Ceraghk,tichondrius,1488,priest,discipline,144,76,68
Kinkykaren,kazzak,1488,priest,discipline,139,72,67
Auntbessy,outland,1488,priest,discipline,91,47,44
Targolina,argent-dawn,1488,priest,discipline,796,399,397
Cav,archimonde,1488,priest,discipline,194,94,100
Khazidhea,frostwolf,1488,priest,discipline,87,41,46
Архиэрей,soulflayer,1488,priest,discipline,68,32,36
Babyx,stormscale,1488,priest,discipline,92,41,51
Shadowfishey,grim-batol,1488,priest,discipline,136,58,78
Jodge,ravencrest,1487,priest,discipline,102,59,43
Vilanae,hyjal,1487,priest,discipline,223,118,105
Bøts,ravencrest,1487,priest,discipline,841,424,417
Céph,sylvanas,1487,priest,discipline,42,21,21
Marryisme,twisting-nether,1487,priest,discipline,271,135,136
Chigreru,uldum,1487,priest,discipline,35,17,18
Mamis,anetheron,1487,priest,discipline,72,33,39
Dazzlee,rajaxx,1487,priest,discipline,146,65,81
Spánkproof,kazzak,1486,priest,discipline,42,22,20
Гизамуррис,howling-fjord,1486,priest,discipline,48,24,24
Triuna,sylvanas,1486,priest,discipline,41,20,21
Nomakprst,sanguino,1486,priest,discipline,130,63,67
Пнух,soulflayer,1486,priest,discipline,144,68,76
Yugata,archimonde,1486,priest,discipline,121,53,68
Lythi,eredar,1486,priest,discipline,126,55,71
Mewpew,azjolnerub,1486,priest,discipline,54,23,31
Merrysmiting,ravencrest,1486,priest,discipline,42,16,26
Eagleess,silvermoon,1485,priest,discipline,60,37,23
Eotlin,shattered-hand,1485,priest,discipline,60,34,26
Morerespect,lothar,1485,priest,discipline,38,21,17
Saintsense,outland,1485,priest,discipline,120,64,56
Elegosht,sanguino,1485,priest,discipline,143,75,68
Äkvä,ragnaros,1485,priest,discipline,78,32,46
Erikssan,stormscale,1485,priest,discipline,55,22,33
Sàvia,pozzo-delleternità,1485,priest,discipline,54,18,36
Dotingshadow,tarren-mill,1484,priest,discipline,47,34,13
Rustyroll,stormscale,1484,priest,discipline,102,57,45
Yvaini,xavius,1484,priest,discipline,114,62,52
Greedyaf,stormscale,1484,priest,discipline,221,113,108
ßabylexa,ravencrest,1484,priest,discipline,146,69,77
Friskï,silvermoon,1483,priest,discipline,36,21,15
Leerzeichen,aegwynn,1483,priest,discipline,72,37,35
Coldsigil,argent-dawn,1483,priest,discipline,63,32,31
Viroz,blackmoore,1483,priest,discipline,70,34,36
Giily,archimonde,1483,priest,discipline,72,33,39
Enzyme,drakthul,1482,priest,discipline,36,24,12
Valmar,twisting-nether,1482,priest,discipline,72,43,29
Cäandy,dalaran,1482,priest,discipline,70,39,31
Yuuvi,ravencrest,1482,priest,discipline,305,159,146
Nuraschka,antonidas,1482,priest,discipline,36,18,18
Рокрон,galakrond,1482,priest,discipline,84,39,45
Jetlìfe,ysondre,1482,priest,discipline,42,18,24
Vaßpera,tarren-mill,1481,priest,discipline,39,19,20
Preachyjeg,ravencrest,1481,priest,discipline,215,103,112
Unheal,thrall,1481,priest,discipline,69,33,36
Laxímink,sylvanas,1481,priest,discipline,119,51,68
Холишитс,gordunni,1480,priest,discipline,190,107,83
Southyz,stormscale,1480,priest,discipline,129,67,62
Eyllise,ragnaros,1480,priest,discipline,595,306,289
Angelic,ragnaros,1480,priest,discipline,213,105,108
Wurstpriest,silvermoon,1480,priest,discipline,60,26,34
Subha,drakthul,1479,priest,discipline,34,25,9
Mylox,blackrock,1479,priest,discipline,93,48,45
Blackheall,nemesis,1479,priest,discipline,46,23,23
Ihaveibs,doomhammer,1479,priest,discipline,119,57,62
Phipham,frostwolf,1479,priest,discipline,36,17,19
Bejud,tarren-mill,1479,priest,discipline,36,17,19
Джелесана,gordunni,1479,priest,discipline,99,45,54
Tech,shattered-hand,1479,priest,discipline,59,24,35
Snylia,blackrock,1479,priest,discipline,66,25,41
Cidrea,saurfang,1478,priest,discipline,30,17,13
Hardcode,twisting-nether,1478,priest,discipline,132,67,65
Нэстикус,gordunni,1478,priest,discipline,42,21,21
Kollis,twilights-hammer,1477,priest,discipline,251,125,126
Pretee,nemesis,1477,priest,discipline,54,25,29
Scréam,eredar,1477,priest,discipline,72,33,39
Klemi,dun-modr,1476,priest,discipline,48,29,19
Voidwaffel,blackmoore,1476,priest,discipline,102,56,46
Rikipope,ravencrest,1476,priest,discipline,89,48,41
Lhh,blackmoore,1476,priest,discipline,127,64,63
Мдзшка,gordunni,1476,priest,discipline,1377,689,688
Xytael,burning-legion,1476,priest,discipline,66,31,35
Фруктовыйса,gordunni,1476,priest,discipline,128,60,68
Gorti,ravencrest,1475,priest,discipline,30,16,14
Крутосанка,blackscar,1475,priest,discipline,72,38,34
Happyprocs,dun-modr,1475,priest,discipline,77,40,37
Kirchnsteuer,ravencrest,1475,priest,discipline,128,66,62
Kaémon,twisting-nether,1475,priest,discipline,264,131,133
Keewix,ysondre,1475,priest,discipline,95,46,49
Lydîâ,blackhand,1475,priest,discipline,35,16,19
Ninetzz,tarren-mill,1474,priest,discipline,48,34,14
Hailor,blackmoore,1474,priest,discipline,54,32,22
Sîarra,eredar,1474,priest,discipline,132,76,56
Priesturz,aggramar,1474,priest,discipline,54,31,23
Kratzîgel,blackmoore,1474,priest,discipline,137,76,61
Battra,argent-dawn,1474,priest,discipline,84,45,39
Buzzy,twisting-nether,1474,priest,discipline,144,75,69
Cryksî,blackhand,1474,priest,discipline,114,59,55
Trasslarn,tarren-mill,1474,priest,discipline,60,30,30
Zoose,silvermoon,1474,priest,discipline,78,36,42
Bynd,blackrock,1473,priest,discipline,36,25,11
Jána,argent-dawn,1473,priest,discipline,96,57,39
Adonallsium,sylvanas,1473,priest,discipline,75,44,31
Luuña,ravencrest,1473,priest,discipline,214,112,102
Трэй,deathguard,1473,priest,discipline,193,101,92
Rightx,outland,1473,priest,discipline,359,187,172
Anniegelic,ravencrest,1473,priest,discipline,118,59,59
Baloopriest,grim-batol,1473,priest,discipline,48,21,27
Гшд,gordunni,1472,priest,discipline,128,71,57
Mercies,kazzak,1472,priest,discipline,63,34,29
Soulreapper,blackhand,1472,priest,discipline,255,135,120
Safemode,ravencrest,1472,priest,discipline,65,33,32
Burnex,thrall,1472,priest,discipline,138,67,71
Rasha,kazzak,1471,priest,discipline,111,60,51
Спсчтоживой,blackscar,1471,priest,discipline,189,93,96
Gødsmack,blackhand,1471,priest,discipline,69,31,38
Purebollox,twisting-nether,1471,priest,discipline,78,35,43
Волия,gordunni,1471,priest,discipline,41,16,25
Вичкрафт,howling-fjord,1471,priest,discipline,60,23,37
Porklifer,tarren-mill,1470,priest,discipline,54,32,22
Maneipriest,drakthul,1470,priest,discipline,65,35,30
Akemmì,sylvanas,1470,priest,discipline,174,87,87
Dêxter,hyjal,1470,priest,discipline,144,72,72
Ruly,ragnaros,1470,priest,discipline,69,33,36
Virulent,nemesis,1470,priest,discipline,60,27,33
Luuniisboost,blackmoore,1470,priest,discipline,36,16,20
Warm,auchindoun,1469,priest,discipline,45,32,13
Hypernym,eredar,1469,priest,discipline,38,25,13
Seinaruki,emerald-dream,1469,priest,discipline,82,49,33
Xeay,blackrock,1469,priest,discipline,36,21,15
Joojee,tarren-mill,1469,priest,discipline,138,77,61
Huzlin,kazzak,1469,priest,discipline,233,119,114
Agatioxd,dun-modr,1468,priest,discipline,48,31,17
Атинка,gordunni,1468,priest,discipline,60,35,25
Unpsofablé,outland,1468,priest,discipline,52,27,25
Pewkz,draenor,1468,priest,discipline,164,83,81
Marllen,twisting-nether,1468,priest,discipline,443,220,223
Nàvy,archimonde,1468,priest,discipline,39,19,20
Lucidluke,blackmoore,1468,priest,discipline,103,49,54
Evilmagic,illidan,1468,priest,discipline,36,17,19
Scarified,aggramar,1468,priest,discipline,89,40,49
Niholie,sinstralis,1468,priest,discipline,78,32,46
Cptmoigx,antonidas,1468,priest,discipline,69,27,42
Фикспрайз,gordunni,1467,priest,discipline,30,16,14
Healiröva,stormscale,1467,priest,discipline,38,19,19
Sadgepriest,draenor,1467,priest,discipline,36,18,18
Ёджих,blackscar,1467,priest,discipline,133,65,68
Jimmymcgill,ravencrest,1467,priest,discipline,34,16,18
Clæude,tarren-mill,1467,priest,discipline,60,25,35
Decísíon,aegwynn,1466,priest,discipline,120,70,50
Aurunea,blackrock,1466,priest,discipline,69,40,29
Fluba,thrall,1466,priest,discipline,89,50,39
Cárith,nemesis,1466,priest,discipline,74,40,34
Syro,defias-brotherhood,1466,priest,discipline,120,64,56
Sameec,drakthul,1466,priest,discipline,147,72,75
Gingerflexay,archimonde,1466,priest,discipline,66,32,34
Isadian,kazzak,1466,priest,discipline,45,20,25
Yákizå,darksorrow,1466,priest,discipline,72,30,42
Бленди,howling-fjord,1466,priest,discipline,65,27,38
Massdispell,silvermoon,1465,priest,discipline,70,40,30
Montarone,archimonde,1465,priest,discipline,28,16,12
Myxeh,ravencrest,1465,priest,discipline,73,39,34
Morenetä,dun-modr,1465,priest,discipline,72,38,34
Тэтэшник,ashenvale,1465,priest,discipline,230,117,113
Khaag,korgall,1465,priest,discipline,78,39,39
Pjuww,outland,1465,priest,discipline,35,17,18
Willenskraft,outland,1465,priest,discipline,54,26,28
Averagenoob,ragnaros,1465,priest,discipline,111,49,62
Fakebob,draenor,1464,priest,discipline,60,37,23
Reeta,stormscale,1464,priest,discipline,55,31,24
Wish,blackmoore,1464,priest,discipline,176,90,86
Shymouni,norgannon,1464,priest,discipline,53,27,26
Syrell,sanguino,1464,priest,discipline,35,16,19
Viagrà,outland,1464,priest,discipline,138,63,75
Ziemkentiss,kazzak,1464,priest,discipline,51,23,28
Geierlol,blackrock,1464,priest,discipline,42,17,25
Getötet,blackrock,1463,priest,discipline,138,76,62
Diskogoblin,drakthul,1463,priest,discipline,36,19,17
Creigmorg,sanguino,1463,priest,discipline,57,28,29
Arrlina,magtheridon,1463,priest,discipline,131,64,67
Dalylla,aggra-português,1462,priest,discipline,111,58,53
Woodywoodpkr,senjin,1462,priest,discipline,118,60,58
Boysa,earthen-ring,1462,priest,discipline,126,58,68
Ботхесатва,deepholm,1462,priest,discipline,77,35,42
Amoxkys,nemesis,1462,priest,discipline,86,39,47
Eompriest,magtheridon,1462,priest,discipline,48,21,27
Dubai,silvermoon,1462,priest,discipline,52,17,35
Krayziest,tarren-mill,1461,priest,discipline,42,26,16
Yomominmedm,draenor,1461,priest,discipline,72,41,31
Zoose,defias-brotherhood,1461,priest,discipline,44,25,19
Suaakypriest,tyrande,1461,priest,discipline,48,24,24
Tamy,draenor,1461,priest,discipline,104,51,53
Shellpop,stormscale,1461,priest,discipline,41,19,22
Лэрикус,howling-fjord,1461,priest,discipline,36,16,20
Goodgirl,frostmane,1460,priest,discipline,40,27,13
Elizabéth,blackrock,1460,priest,discipline,43,26,17
Nurbanu,ravencrest,1460,priest,discipline,83,50,33
Вайтбласт,howling-fjord,1460,priest,discipline,36,21,15
Letmehêal,archimonde,1460,priest,discipline,78,44,34
Noany,ravencrest,1460,priest,discipline,122,64,58
Черныйсписок,gordunni,1460,priest,discipline,362,184,178
Урголиафа,howling-fjord,1460,priest,discipline,111,54,57
Дармирэль,gordunni,1460,priest,discipline,87,42,45
Трихоманиаз,ashenvale,1460,priest,discipline,96,45,51
Cúrt,sanguino,1460,priest,discipline,78,36,42
Kijul,ragnaros,1459,priest,discipline,154,85,69
Ðiscobiscuit,argent-dawn,1459,priest,discipline,104,55,49
Crowdd,turalyon,1459,priest,discipline,306,159,147
Yukíø,antonidas,1459,priest,discipline,305,158,147
Gotikaa,blackrock,1459,priest,discipline,162,82,80
Nÿpô,hyjal,1459,priest,discipline,89,40,49
Pleadz,tarren-mill,1459,priest,discipline,101,37,64
Stàrlîght,chants-éternels,1458,priest,discipline,30,19,11
Dømini,tarren-mill,1458,priest,discipline,88,52,36
Девственен,soulflayer,1458,priest,discipline,86,47,39
Moarein,twisting-nether,1458,priest,discipline,72,32,40
Doktoritca,kazzak,1458,priest,discipline,90,38,52
Veilon,defias-brotherhood,1458,priest,discipline,78,32,46
Sytrix,frostwolf,1457,priest,discipline,110,67,43
Chujzvychodu,drakthul,1457,priest,discipline,30,17,13
Schmatzy,blackmoore,1457,priest,discipline,60,32,28
Inzàné,kazzak,1457,priest,discipline,90,41,49
Holymöly,archimonde,1457,priest,discipline,61,25,36
Cherrih,argent-dawn,1457,priest,discipline,66,25,41
Dwel,bloodfeather,1457,priest,discipline,59,22,37
Amanojakü,ravencrest,1456,priest,discipline,78,50,28
Deadpxlz,ravencrest,1456,priest,discipline,42,25,17
Selenee,scarshield-legion,1456,priest,discipline,180,89,91
Healurnanny,aegwynn,1456,priest,discipline,86,42,44
Sedu,draenor,1456,priest,discipline,66,32,34
Лизота,gordunni,1456,priest,discipline,93,42,51
Nyxalia,silvermoon,1455,priest,discipline,30,18,12
Sémi,twisting-nether,1455,priest,discipline,60,34,26
Kåstå,archimonde,1455,priest,discipline,92,51,41
Nestiah,hyjal,1455,priest,discipline,42,22,20
Taiyöshin,silvermoon,1455,priest,discipline,112,58,54
Boarheals,blackmoore,1455,priest,discipline,89,43,46
Phasmöphobia,zuljin,1455,priest,discipline,207,98,109
Teladorne,ravencrest,1455,priest,discipline,36,17,19
Clapclap,frostmourne,1455,priest,discipline,99,46,53
Dènna,eldrethalas,1455,priest,discipline,66,30,36
Баптисто,gordunni,1455,priest,discipline,41,18,23
Helikipope,kazzak,1454,priest,discipline,48,25,23
Фейкай,blackscar,1454,priest,discipline,54,28,26
Íhðly,silvermoon,1454,priest,discipline,222,111,111
Aevery,onyxia,1454,priest,discipline,99,49,50
Moustafaz,archimonde,1454,priest,discipline,45,22,23
Holyshart,magtheridon,1454,priest,discipline,119,58,61
Disturbdtwo,archimonde,1454,priest,discipline,66,31,35
Yusepmikel,cthun,1453,priest,discipline,62,40,22
Anyndra,twisting-nether,1453,priest,discipline,107,55,52
Джахия,soulflayer,1453,priest,discipline,331,169,162
Pedopräst,stormscale,1453,priest,discipline,83,42,41
Sînálà,antonidas,1453,priest,discipline,86,43,43
Алуриэлия,gordunni,1453,priest,discipline,89,43,46
Xerxsiss,frostwolf,1453,priest,discipline,96,45,51
Doomey,ravencrest,1452,priest,discipline,59,33,26
Ræpriestx,ragnaros,1452,priest,discipline,167,90,77
Marymisery,blackhand,1452,priest,discipline,60,31,29
Avgenjoyer,kazzak,1452,priest,discipline,216,100,116
Fearmongerer,tarren-mill,1451,priest,discipline,29,19,10
Ehther,dun-modr,1451,priest,discipline,46,27,19
Kätsulol,ysondre,1451,priest,discipline,48,24,24
Insekta,ragnaros,1451,priest,discipline,373,184,189
Dotdotggwp,stormscale,1451,priest,discipline,120,56,64
Netherp,twisting-nether,1450,priest,discipline,42,26,16
Halastrâ,tarren-mill,1450,priest,discipline,86,53,33
Alianza,hellfire,1450,priest,discipline,84,50,34
Thorhammer,turalyon,1450,priest,discipline,66,39,27
Maidie,stormscale,1450,priest,discipline,107,62,45
Antainis,silvermoon,1450,priest,discipline,215,113,102
Skuhlx,blackrock,1450,priest,discipline,175,89,86
Vogelfrau,ravencrest,1450,priest,discipline,128,65,63
Relaxmom,bloodhoof,1450,priest,discipline,60,30,30
Холиблэк,blackscar,1450,priest,discipline,96,40,56
Mackópriest,ragnaros,1449,priest,discipline,175,79,96
Verxalas,stormscale,1448,priest,discipline,34,23,11
Морикаа,lich-king,1448,priest,discipline,36,21,15
Vanillå,silvermoon,1448,priest,discipline,84,41,43
Deepsea,kazzak,1448,priest,discipline,583,284,299
ßøjèñkâ,ravencrest,1447,priest,discipline,32,21,11
Cring,kirin-tor,1447,priest,discipline,150,85,65
Palaniax,outland,1447,priest,discipline,48,26,22
Minsie,silvermoon,1447,priest,discipline,104,52,52
Cartøøns,ravencrest,1447,priest,discipline,69,33,36
Laërhia,archimonde,1447,priest,discipline,266,126,140
Mindgamez,tarren-mill,1447,priest,discipline,36,16,20
Raphyx,blackhand,1447,priest,discipline,54,16,38
Ingvár,blackrock,1446,priest,discipline,24,16,8
Aesyla,drakthul,1446,priest,discipline,69,37,32
Юлечка,blackscar,1446,priest,discipline,102,53,49
Têhïcâ,dun-modr,1446,priest,discipline,140,72,68
Stahj,sanguino,1446,priest,discipline,88,45,43
Ilovedisc,kazzak,1446,priest,discipline,62,31,31
Vdwayne,argent-dawn,1446,priest,discipline,125,62,63
Líín,hyjal,1446,priest,discipline,97,46,51
Zarozina,pozzo-delleternità,1446,priest,discipline,60,28,32
Flaskandeux,tarren-mill,1446,priest,discipline,248,104,144
Badballs,doomhammer,1446,priest,discipline,47,17,30
Aeritha,blackmoore,1445,priest,discipline,42,25,17
Ryverox,dun-modr,1445,priest,discipline,59,35,24
Klosso,anachronos,1445,priest,discipline,78,42,36
Chrì,argent-dawn,1445,priest,discipline,84,43,41
Reivno,ravencrest,1444,priest,discipline,54,33,21
Radulfus,stormrage,1444,priest,discipline,42,25,17
Deluuxelawl,ysondre,1444,priest,discipline,64,38,26
Rwaphouu,ysondre,1444,priest,discipline,90,53,37
Серыйлог,galakrond,1444,priest,discipline,90,49,41
Jazzmind,stormscale,1444,priest,discipline,150,77,73
Toorree,stormscale,1444,priest,discipline,161,82,79
Comple,kazzak,1444,priest,discipline,54,27,27
Пэйтен,deathguard,1444,priest,discipline,36,18,18
Zuigen,lightbringer,1444,priest,discipline,83,37,46
Trekztwo,archimonde,1443,priest,discipline,66,32,34
Chôrdi,aegwynn,1443,priest,discipline,214,103,111
Bottemg,defias-brotherhood,1443,priest,discipline,60,27,33
Arctoczax,ravencrest,1443,priest,discipline,66,27,39
Cinjá,thrall,1443,priest,discipline,67,26,41
Sombralúz,sanguino,1442,priest,discipline,36,20,16
Daddyfinger,argent-dawn,1442,priest,discipline,133,73,60
Xayrin,thrall,1442,priest,discipline,90,49,41
Vanadii,blackhand,1442,priest,discipline,84,45,39
Aizakku,frostmane,1442,priest,discipline,36,19,17
Fericul,argent-dawn,1442,priest,discipline,280,147,133
Xet,outland,1442,priest,discipline,165,81,84
Shanny,kazzak,1442,priest,discipline,89,43,46
Krasawìtch,onyxia,1442,priest,discipline,117,54,63
Chibrausorus,archimonde,1442,priest,discipline,66,30,36
Samerika,tarren-mill,1442,priest,discipline,42,19,23
Randomm,shadowsong,1442,priest,discipline,78,33,45
Oneheal,rexxar,1442,priest,discipline,55,23,32
Endlin,silvermoon,1441,priest,discipline,78,46,32
Hyggêê,sanguino,1441,priest,discipline,53,31,22
Troublemaker,durotan,1441,priest,discipline,120,65,55
Priewyn,ragnaros,1441,priest,discipline,345,175,170
Arize,dun-modr,1441,priest,discipline,440,221,219
Arima,kargath,1441,priest,discipline,186,91,95
Käji,silvermoon,1441,priest,discipline,93,44,49
Laurent,sanguino,1441,priest,discipline,36,16,20
Manethø,twisting-nether,1441,priest,discipline,36,16,20
Pinkyladdy,argent-dawn,1441,priest,discipline,53,23,30
Søkariss,elune,1440,priest,discipline,48,28,20
Garfriest,aggra-português,1440,priest,discipline,117,67,50
Mylini,silvermoon,1440,priest,discipline,201,104,97
Смегмачет,soulflayer,1440,priest,discipline,122,63,59
Zenholy,kazzak,1440,priest,discipline,109,56,53
Invexx,tarren-mill,1440,priest,discipline,433,209,224
Sordag,lordaeron,1440,priest,discipline,108,48,60
Baldracca,shendralar,1440,priest,discipline,48,18,30
Lyés,uldaman,1439,priest,discipline,247,141,106
Txz,kazzak,1439,priest,discipline,72,39,33
Bedkara,ravencrest,1439,priest,discipline,30,15,15
Voxqt,blackrock,1439,priest,discipline,30,15,15
Zeraphïn,eredar,1439,priest,discipline,30,15,15
Sinfulmaze,outland,1439,priest,discipline,30,15,15
Мненосина,goldrinn,1439,priest,discipline,186,88,98
Unerfedsp,archimonde,1439,priest,discipline,47,21,26
Baristolth,archimonde,1439,priest,discipline,102,45,57
Jackyz,tarren-mill,1439,priest,discipline,96,35,61
Argaar,burning-legion,1438,priest,discipline,158,87,71
Bandgap,antonidas,1438,priest,discipline,235,118,117
Аркада,blackscar,1438,priest,discipline,30,15,15
Kalestharia,blackmoore,1438,priest,discipline,299,145,154
Jerzay,hyjal,1438,priest,discipline,124,59,65
Ascendare,tarren-mill,1438,priest,discipline,149,69,80
Gobie,sunstrider,1438,priest,discipline,56,25,31
Åshbé,archimonde,1437,priest,discipline,18,15,3
Hopeso,silvermoon,1437,priest,discipline,18,15,3
Evilangèl,ravenholdt,1437,priest,discipline,115,62,53
Zulcas,outland,1437,priest,discipline,48,25,23
Властьтени,gordunni,1437,priest,discipline,274,136,138
Sannti,twisting-nether,1437,priest,discipline,60,29,31
Yaaoz,dun-modr,1437,priest,discipline,36,15,21
Fotmape,stormscale,1437,priest,discipline,36,15,21
Ремкомплект,soulflayer,1436,priest,discipline,78,49,29
Supervillain,draenor,1436,priest,discipline,42,26,16
Elosen,darkspear,1436,priest,discipline,108,60,48
Anbish,burning-legion,1436,priest,discipline,371,189,182
Rmpriest,blackhand,1436,priest,discipline,30,15,15
Oxborn,thrall,1436,priest,discipline,167,83,84
Dotdeath,ravencrest,1436,priest,discipline,189,92,97
Kbakå,stormscale,1436,priest,discipline,84,37,47
Fraydo,argent-dawn,1436,priest,discipline,48,21,27
Schockerjr,blackmoore,1436,priest,discipline,80,34,46
Jàckîe,aegwynn,1436,priest,discipline,40,17,23
Voldream,ravencrest,1436,priest,discipline,73,29,44
Okfartpå,ravencrest,1435,priest,discipline,24,18,6
Divinekat,tarren-mill,1435,priest,discipline,76,48,28
Lushipri,blackhand,1435,priest,discipline,113,63,50
Nahni,teldrassil,1435,priest,discipline,307,142,165
Tinre,ravenholdt,1435,priest,discipline,96,43,53
Orkanwal,ravencrest,1434,priest,discipline,24,15,9
Dímension,ragnaros,1434,priest,discipline,128,71,57
Нэилшери,gordunni,1434,priest,discipline,84,44,40
Kæyc,blackmoore,1434,priest,discipline,71,35,36
Spiriman,zuljin,1434,priest,discipline,90,44,46
Эсминза,gordunni,1434,priest,discipline,36,15,21
Rhäenÿra,hyjal,1433,priest,discipline,30,18,12
Galadrielkä,drakthul,1433,priest,discipline,166,89,77
Simplesam,ravencrest,1433,priest,discipline,94,49,45
Жариха,gordunni,1433,priest,discipline,96,50,46
Sweetxq,tarren-mill,1433,priest,discipline,290,150,140
Onicolla,terokkar,1433,priest,discipline,192,99,93
Prayxlol,outland,1433,priest,discipline,30,15,15
Berrylee,twisting-nether,1433,priest,discipline,95,46,49
Naberus,ragnaros,1433,priest,discipline,151,69,82
Bigwik,tarren-mill,1433,priest,discipline,42,15,27
Jimski,stormscale,1433,priest,discipline,45,16,29
Junglepls,burning-blade,1432,priest,discipline,24,15,9
Brênos,blackmoore,1432,priest,discipline,47,29,18
Ashérs,ravencrest,1432,priest,discipline,201,110,91
Diddlefiddle,stormscale,1432,priest,discipline,88,48,40
Radegast,jaedenar,1432,priest,discipline,276,133,143
Dragthal,malganis,1432,priest,discipline,74,32,42
Healysith,archimonde,1432,priest,discipline,36,15,21
Theblank,pozzo-delleternità,1432,priest,discipline,36,15,21
Altargirl,defias-brotherhood,1432,priest,discipline,78,32,46
Swera,twisting-nether,1431,priest,discipline,24,15,9
Lothyf,archimonde,1431,priest,discipline,69,41,28
Mcgodx,argent-dawn,1431,priest,discipline,48,28,20
Ilovechildrn,silvermoon,1431,priest,discipline,36,21,15
Phreyst,draenor,1431,priest,discipline,189,97,92
Shttygame,nazjatar,1431,priest,discipline,30,15,15
Scràppy,malganis,1431,priest,discipline,30,15,15
Sáshagrey,arathor,1431,priest,discipline,79,38,41
Unckus,defias-brotherhood,1430,priest,discipline,54,30,24
Mediumheals,tarren-mill,1430,priest,discipline,214,113,101
Golletz,twisting-nether,1430,priest,discipline,120,63,57
Karoopi,ysondre,1430,priest,discipline,239,121,118
Zeslash,suramar,1430,priest,discipline,87,39,48
Coldxzera,tarren-mill,1430,priest,discipline,36,16,20
Mandipriest,aggra-português,1430,priest,discipline,71,28,43
Lanaineuwu,archimonde,1429,priest,discipline,32,22,10
Эмжи,howling-fjord,1429,priest,discipline,24,15,9
Hlyhoe,silvermoon,1429,priest,discipline,78,45,33
Трезида,gordunni,1429,priest,discipline,84,43,41
ßrain,garona,1429,priest,discipline,30,15,15
Yurrij,thrall,1428,priest,discipline,39,23,16
Whiskeyhaze,burning-legion,1428,priest,discipline,90,48,42
Æsia,archimonde,1428,priest,discipline,69,36,33
Priestadorie,ravencrest,1428,priest,discipline,31,16,15
Dreadx,antonidas,1428,priest,discipline,117,60,57
Xypri,nordrassil,1428,priest,discipline,173,87,86
Proteinsnack,auchindoun,1428,priest,discipline,30,15,15
Kuki,tarren-mill,1428,priest,discipline,161,75,86
Alshah,emerald-dream,1428,priest,discipline,108,48,60
Artymox,sylvanas,1428,priest,discipline,72,30,42
Gæxelademad,draenor,1427,priest,discipline,36,22,14
Nèvertrust,ragnaros,1427,priest,discipline,77,43,34
Amelìa,doomhammer,1427,priest,discipline,112,61,51
Bløøððåñçé,ragnaros,1427,priest,discipline,30,16,14
Энвиньяттар,howling-fjord,1427,priest,discipline,132,66,66
Azarseth,exodar,1427,priest,discipline,48,24,24
Klituriis,twisting-nether,1427,priest,discipline,89,44,45
Ylenae,twisting-nether,1427,priest,discipline,42,15,27
Popekruger,the-maelstrom,1426,priest,discipline,221,119,102
Neddeadlius,outland,1426,priest,discipline,72,37,35
Joeasaurs,ragnaros,1426,priest,discipline,33,16,17
Косн,razuvious,1426,priest,discipline,40,19,21
Emala,hyjal,1426,priest,discipline,35,15,20
Tntbigheal,silvermoon,1425,priest,discipline,91,51,40
Jael,frostmane,1425,priest,discipline,62,30,32
Miris,ysondre,1425,priest,discipline,48,21,27
Slowinmotion,twisting-nether,1424,priest,discipline,24,15,9
Elternya,hyjal,1424,priest,discipline,117,65,52
Дыффян,gordunni,1424,priest,discipline,54,30,24
Ebashuvkashu,stormscale,1424,priest,discipline,88,46,42
Kayeen,tarren-mill,1424,priest,discipline,249,129,120
Кэндимен,gordunni,1424,priest,discipline,351,180,171
Chénony,ravencrest,1424,priest,discipline,238,119,119
Kimozabi,ravencrest,1424,priest,discipline,56,27,29
Хальтэнис,gordunni,1424,priest,discipline,48,23,25
Grabenkrieg,blackrock,1424,priest,discipline,54,25,29
Calonex,kazzak,1424,priest,discipline,55,25,30
Anadyia,aegwynn,1424,priest,discipline,36,16,20
Марина,howling-fjord,1424,priest,discipline,132,58,74
Hónòr,sylvanas,1424,priest,discipline,59,20,39
Sphero,kazzak,1423,priest,discipline,100,57,43
Extralite,stormscale,1423,priest,discipline,281,148,133
Выхилютебя,galakrond,1423,priest,discipline,141,73,68
Dizpel,stormscale,1423,priest,discipline,59,24,35
Cezzar,kazzak,1422,priest,discipline,41,26,15
Nswqt,kazzak,1422,priest,discipline,110,68,42
Noreal,twisting-nether,1422,priest,discipline,72,41,31
Chilie,ravencrest,1422,priest,discipline,50,27,23
Yörüichi,kazzak,1422,priest,discipline,30,15,15
Spèrman,frostwolf,1422,priest,discipline,117,58,59
Adolin,onyxia,1422,priest,discipline,59,29,30
Stevep,tarren-mill,1422,priest,discipline,84,40,44
Dreamscapez,tarren-mill,1422,priest,discipline,115,54,61
Pìkachù,stormscale,1422,priest,discipline,60,28,32
Slight,aggra-português,1421,priest,discipline,36,24,12
Ximenia,eredar,1421,priest,discipline,55,35,20
Xubeqi,kazzak,1421,priest,discipline,258,135,123
Морисгринх,gordunni,1421,priest,discipline,75,39,36
Snuffanious,ragnaros,1421,priest,discipline,131,63,68
Rtang,outland,1421,priest,discipline,76,35,41
Discobrill,silvermoon,1421,priest,discipline,96,43,53
Simza,azuremyst,1420,priest,discipline,30,18,12
Гачибунта,blackscar,1420,priest,discipline,201,110,91
Тенсаи,howling-fjord,1420,priest,discipline,76,40,36
Rafikii,eredar,1420,priest,discipline,36,17,19
Elnîa,conseil-des-ombres,1420,priest,discipline,104,48,56
Borrex,sanguino,1419,priest,discipline,37,27,10
Kyri,stormscale,1419,priest,discipline,110,67,43
Aiewn,elune,1419,priest,discipline,170,92,78
Enigam,alakir,1419,priest,discipline,89,47,42
Crimsõn,kazzak,1419,priest,discipline,54,28,26
Сафири,blackscar,1419,priest,discipline,30,15,15
Joex,arathor,1419,priest,discipline,54,24,30
Panoio,aggra-português,1419,priest,discipline,117,50,67
Avázàr,stormscale,1419,priest,discipline,48,20,28
Holybeef,kirin-tor,1419,priest,discipline,66,24,42
Cooriolis,sylvanas,1418,priest,discipline,41,27,14
Ezcobar,twilights-hammer,1418,priest,discipline,24,15,9
Joyfu,archimonde,1418,priest,discipline,102,54,48
Youkounkoun,garona,1418,priest,discipline,188,97,91
Apostas,ragnaros,1418,priest,discipline,30,15,15
Strikérlayá,aegwynn,1418,priest,discipline,59,27,32
Justys,twisting-nether,1418,priest,discipline,36,15,21
Vendormeq,darkspear,1417,priest,discipline,85,44,41
Prellish,draenor,1417,priest,discipline,113,56,57
Тучанх,greymane,1417,priest,discipline,49,24,25
Arashana,hyjal,1416,priest,discipline,30,21,9
Варинган,howling-fjord,1416,priest,discipline,64,37,27
Bubidiblumpr,twisting-nether,1416,priest,discipline,96,55,41
Starnote,auchindoun,1416,priest,discipline,130,68,62
Shilôz,hyjal,1416,priest,discipline,225,117,108
Mysticks,kirin-tor,1416,priest,discipline,119,57,62
Fetmeister,drakthul,1416,priest,discipline,42,20,22
Ryazz,blackrock,1416,priest,discipline,72,32,40
Disconsick,vashj,1416,priest,discipline,154,66,88
Touchmé,blackmoore,1416,priest,discipline,41,15,26
Zivy,silvermoon,1415,priest,discipline,122,67,55
Mertérésa,hyjal,1415,priest,discipline,67,36,31
Сайларс,howling-fjord,1415,priest,discipline,84,42,42
Xdthe,tarren-mill,1415,priest,discipline,234,115,119
Bakony,ravencrest,1414,priest,discipline,60,41,19
Praybro,blackmoore,1414,priest,discipline,41,24,17
Cottyx,outland,1414,priest,discipline,196,109,87
Kiieevv,blackrock,1414,priest,discipline,427,219,208
Rachelsz,ravencrest,1414,priest,discipline,72,33,39
Vynivan,korgall,1414,priest,discipline,54,24,30
Lucéa,antonidas,1413,priest,discipline,38,26,12
Îlkari,hyjal,1413,priest,discipline,35,22,13
Kaeldara,ysondre,1413,priest,discipline,24,15,9
Kotipope,silvermoon,1413,priest,discipline,123,72,51
Cöpahue,sanguino,1413,priest,discipline,60,35,25
Thrakoun,twilights-hammer,1413,priest,discipline,314,157,157
Apøcalypso,antonidas,1413,priest,discipline,210,105,105
Neoni,blackmoore,1413,priest,discipline,346,172,174
Indicta,darksorrow,1413,priest,discipline,33,16,17
Vqny,archimonde,1412,priest,discipline,153,85,68
Myrmeen,silvermoon,1412,priest,discipline,217,116,101
Sarkamer,auchindoun,1412,priest,discipline,69,33,36
Castalia,ravencrest,1412,priest,discipline,101,48,53
Hashoko,draenor,1411,priest,discipline,42,29,13
Slitenprest,kazzak,1411,priest,discipline,89,54,35
Micobra,dalaran,1411,priest,discipline,70,38,32
Мерседулька,howling-fjord,1411,priest,discipline,76,40,36
Keimohansío,draenor,1411,priest,discipline,75,36,39
Sebatröz,ravencrest,1410,priest,discipline,54,30,24
Villagegirlx,stormscale,1410,priest,discipline,42,23,19
Bomzhik,silvermoon,1410,priest,discipline,301,164,137
Ецци,howling-fjord,1410,priest,discipline,44,23,21
Faelvirin,aegwynn,1410,priest,discipline,41,21,20
Shanya,thrall,1410,priest,discipline,42,20,22
Miliane,twisting-nether,1410,priest,discipline,37,16,21
Èlysium,grim-batol,1410,priest,discipline,60,24,36
Gothandor,der-rat-von-dalaran,1409,priest,discipline,60,34,26
Бомжскадилом,gordunni,1409,priest,discipline,237,125,112
Vynie,antonidas,1409,priest,discipline,60,31,29
Vadhänder,the-maelstrom,1409,priest,discipline,66,32,34
Пакетикдот,gordunni,1408,priest,discipline,297,163,134
Freaki,blackrock,1408,priest,discipline,72,36,36
Ashbee,drakthul,1408,priest,discipline,30,15,15
Knøw,ravencrest,1408,priest,discipline,135,66,69
Давалкасвета,gordunni,1408,priest,discipline,92,44,48
Nextvbestapp,ravencrest,1408,priest,discipline,142,62,80
Doctep,sargeras,1407,priest,discipline,88,48,40
Korzec,dun-modr,1407,priest,discipline,114,60,54
Deshaz,tarren-mill,1407,priest,discipline,147,77,70
Sensor,kazzak,1407,priest,discipline,105,52,53
Solaqt,tarren-mill,1407,priest,discipline,60,23,37
Diszis,antonidas,1406,priest,discipline,42,23,19
Medipack,khaz-modan,1406,priest,discipline,112,57,55
Шэпахан,soulflayer,1406,priest,discipline,36,18,18
Imda,ravencrest,1406,priest,discipline,188,93,95
Miraev,argent-dawn,1406,priest,discipline,42,19,23
Axxul,blackrock,1406,priest,discipline,84,37,47
Medivs,blackmoore,1405,priest,discipline,30,17,13
Henaë,archimonde,1405,priest,discipline,48,27,21
Holysquirt,twisting-nether,1405,priest,discipline,42,18,24
Stepsisterr,ravencrest,1404,priest,discipline,132,70,62
Putinkuilo,outland,1404,priest,discipline,54,27,27
Sapholie,kirin-tor,1404,priest,discipline,30,15,15
Holymøly,earthen-ring,1404,priest,discipline,93,46,47
Тодохил,gordunni,1404,priest,discipline,203,98,105
Prisell,die-aldor,1404,priest,discipline,85,41,44
Faíht,blackrock,1404,priest,discipline,66,28,38
Óói,outland,1404,priest,discipline,37,15,22
Yuki,trollbane,1403,priest,discipline,49,28,21
Zickzak,destromath,1403,priest,discipline,58,33,25
Злюкыч,gordunni,1403,priest,discipline,147,82,65
Аришвд,gordunni,1403,priest,discipline,80,44,36
Kenzaiq,aegwynn,1403,priest,discipline,94,50,44
Tony,agamaggan,1403,priest,discipline,83,43,40
Nikotyna,doomhammer,1403,priest,discipline,191,97,94
Mæzen,sylvanas,1403,priest,discipline,30,15,15
Nemrtvaa,draenor,1403,priest,discipline,30,15,15
Eileengu,silvermoon,1402,priest,discipline,70,42,28
Vaetrilla,doomhammer,1402,priest,discipline,79,40,39
Laadyybirkee,blackhand,1402,priest,discipline,182,91,91
Kbakå,kazzak,1402,priest,discipline,32,15,17
Dejica,kult-der-verdammten,1402,priest,discipline,102,46,56
Chuckbarry,kazzak,1401,priest,discipline,42,24,18
Ciordel,draenor,1401,priest,discipline,89,47,42
Æisa,blackmoore,1401,priest,discipline,289,149,140
Wakeybakey,tarren-mill,1401,priest,discipline,189,97,92
Redøm,stormreaver,1401,priest,discipline,45,23,22
Lunegrise,archimonde,1401,priest,discipline,88,44,44
Dysko,alakir,1401,priest,discipline,30,15,15
Synoé,la-croisade-écarlate,1401,priest,discipline,101,49,52
Idontknow,sanguino,1401,priest,discipline,61,28,33
Durinko,thunderhorn,1401,priest,discipline,78,34,44
Karanas,archimonde,1401,priest,discipline,112,44,68
Jumpaxx,archimonde,1401,priest,discipline,41,15,26
Feriant,argent-dawn,1400,priest,discipline,65,42,23
Glärë,burning-legion,1400,priest,discipline,123,76,47
Táliss,arthas,1400,priest,discipline,30,17,13
Deathchicka,draenor,1400,priest,discipline,70,39,31
Ichpvpeuch,eredar,1400,priest,discipline,79,42,37
Veecna,the-maelstrom,1400,priest,discipline,192,102,90
Lalgorithme,hyjal,1400,priest,discipline,54,28,26
Lapinvicieux,archimonde,1400,priest,discipline,66,34,32
Flyingdutch,tarren-mill,1400,priest,discipline,302,152,150
Aeternethy,ravencrest,1400,priest,discipline,119,59,60
Luziz,blackmoore,1400,priest,discipline,63,29,34
Healvendor,darkmoon-faire,1400,priest,discipline,46,21,25
Darkest,ysondre,1400,priest,discipline,95,43,52
Вурти,howling-fjord,1400,priest,discipline,65,28,37
Evølét,kazzak,1399,priest,discipline,33,21,12
Broer,twisting-nether,1399,priest,discipline,30,18,12
Paine,pozzo-delleternità,1399,priest,discipline,98,55,43
Mindcrackr,stormscale,1399,priest,discipline,54,30,24
Pestaso,shendralar,1399,priest,discipline,102,56,46
Barracuda,burning-legion,1399,priest,discipline,197,103,94
Vocolieth,argent-dawn,1399,priest,discipline,105,53,52
Забейка,howling-fjord,1399,priest,discipline,60,30,30
Bialun,argent-dawn,1399,priest,discipline,157,76,81
Ohnedich,zuljin,1399,priest,discipline,53,23,30
Hellmione,blackmoore,1399,priest,discipline,106,39,67
Labella,tarren-mill,1398,priest,discipline,28,16,12
Gothixs,draenor,1398,priest,discipline,100,55,45
Ahree,sargeras,1398,priest,discipline,363,183,180
Медиив,deepholm,1398,priest,discipline,174,86,88
Hiereia,khadgar,1398,priest,discipline,211,99,112
Fåtkidx,ravencrest,1398,priest,discipline,85,39,46
Carnacia,tarren-mill,1397,priest,discipline,96,55,41
Vrynna,kazzak,1397,priest,discipline,138,74,64
Jeuhy,talnivarr,1397,priest,discipline,181,96,85
Ðotgød,nemesis,1397,priest,discipline,36,19,17
Tyrhaa,blackmoore,1397,priest,discipline,42,22,20
Adev,drakthul,1397,priest,discipline,77,40,37
Ventorina,die-aldor,1397,priest,discipline,68,35,33
Хидека,howling-fjord,1397,priest,discipline,95,48,47
Yunggoth,eredar,1397,priest,discipline,50,24,26
Vexxdd,outland,1397,priest,discipline,48,22,26
Janclod,pozzo-delleternità,1396,priest,discipline,60,38,22
Symeria,sylvanas,1396,priest,discipline,96,53,43
Hellscon,kazzak,1396,priest,discipline,48,24,24
Benificent,argent-dawn,1396,priest,discipline,255,126,129
Rixis,la-croisade-écarlate,1396,priest,discipline,72,32,40
Dionegativ,draenor,1396,priest,discipline,66,24,42
Calisé,argent-dawn,1395,priest,discipline,24,15,9
Sâmba,pozzo-delleternità,1395,priest,discipline,24,15,9
Германий,deathguard,1395,priest,discipline,59,36,23
Iluras,thunderhorn,1395,priest,discipline,55,29,26
Carlye,stormreaver,1395,priest,discipline,114,58,56
Ohbenji,ravencrest,1395,priest,discipline,182,82,100
Tirendor,burning-legion,1395,priest,discipline,48,21,27
Celestias,sanguino,1395,priest,discipline,39,16,23
Holybunny,blackrock,1394,priest,discipline,116,65,51
Ximya,kazzak,1394,priest,discipline,82,41,41
Pixr,defias-brotherhood,1394,priest,discipline,30,15,15
Alakkiria,ravencrest,1394,priest,discipline,77,38,39
Kroa,ragnaros,1393,priest,discipline,24,15,9
Drxz,twilights-hammer,1393,priest,discipline,58,30,28
Littleheal,ghostlands,1393,priest,discipline,49,24,25
Chankilolx,dun-modr,1393,priest,discipline,205,94,111
Joseantuan,sanguino,1392,priest,discipline,42,23,19
Bolflo,khaz-modan,1392,priest,discipline,147,79,68
Codeincindy,blackhand,1392,priest,discipline,206,102,104
Меесть,soulflayer,1392,priest,discipline,65,26,39
Aliciakeys,twilights-hammer,1392,priest,discipline,46,18,28
Skarnir,uldaman,1392,priest,discipline,105,40,65
Salyisra,draenor,1391,priest,discipline,137,71,66
Exila,rashgarroth,1391,priest,discipline,37,18,19
Evolís,blackmoore,1391,priest,discipline,102,49,53
Animepfp,stormreaver,1391,priest,discipline,140,67,73
Vierforvier,aegwynn,1391,priest,discipline,132,61,71
Смайтвайфу,howling-fjord,1391,priest,discipline,90,41,49
Иннрей,soulflayer,1391,priest,discipline,42,19,23
Synteria,gilneas,1391,priest,discipline,145,65,80
Voltáren,blackmoore,1390,priest,discipline,56,35,21
Killerkende,ragnaros,1390,priest,discipline,110,59,51
Yukîna,eredar,1390,priest,discipline,84,44,40
Aisha,rajaxx,1390,priest,discipline,123,60,63
Unholyfield,draenor,1390,priest,discipline,180,86,94
Kojee,blackrock,1390,priest,discipline,96,44,52
Zombîe,draenor,1390,priest,discipline,42,16,26
Captnawesome,blackrock,1389,priest,discipline,42,25,17
Salzgehalt,antonidas,1389,priest,discipline,176,98,78
Dreampriest,frostmane,1389,priest,discipline,31,17,14
Healmebaby,kiljaeden,1389,priest,discipline,30,16,14
Pàndoràh,nemesis,1389,priest,discipline,78,38,40
Tarana,mannoroth,1389,priest,discipline,38,18,20
Меинбиг,gordunni,1389,priest,discipline,52,21,31
Fapfapjohn,sylvanas,1389,priest,discipline,41,15,26
Aaron,aegwynn,1388,priest,discipline,31,20,11
Kâmy,archimonde,1388,priest,discipline,120,65,55
Rosalina,ravencrest,1388,priest,discipline,365,190,175
Cheja,ravencrest,1387,priest,discipline,162,85,77
Pètunia,ravencrest,1387,priest,discipline,397,206,191
Scodây,blackmoore,1387,priest,discipline,331,171,160
Mukake,burning-legion,1387,priest,discipline,389,200,189
Emon,nemesis,1387,priest,discipline,84,43,41
Rahan,stormscale,1387,priest,discipline,149,73,76
Anzil,dun-modr,1387,priest,discipline,176,82,94
Sbeecha,argent-dawn,1387,priest,discipline,156,70,86
Grravehheart,kazzak,1386,priest,discipline,85,45,40
Blackchrist,uldum,1386,priest,discipline,137,72,65
Альфреска,gordunni,1386,priest,discipline,94,48,46
Созвонимся,gordunni,1386,priest,discipline,121,61,60
Ahmnesia,archimonde,1386,priest,discipline,342,172,170
Pristess,thrall,1386,priest,discipline,48,22,26
Ovrpwr,stormscale,1386,priest,discipline,41,18,23
Pyropenance,twisting-nether,1386,priest,discipline,83,35,48
Matsipri,sylvanas,1385,priest,discipline,155,82,73
Dooga,draenor,1385,priest,discipline,48,25,23
Munchies,scarshield-legion,1385,priest,discipline,54,28,26
Stambuff,ragnaros,1385,priest,discipline,36,18,18
Tosspot,ragnaros,1385,priest,discipline,37,17,20
Sehek,sanguino,1385,priest,discipline,96,39,57
Sunfire,twisting-nether,1384,priest,discipline,29,16,13
Barcodes,kazzak,1384,priest,discipline,169,88,81
Ruderali,blackmoore,1384,priest,discipline,428,218,210
Dragovic,chogall,1384,priest,discipline,86,40,46
Вегельдэрс,gordunni,1384,priest,discipline,48,22,26
Hauntzer,veknilash,1384,priest,discipline,78,34,44
Pristerline,antonidas,1383,priest,discipline,67,35,32
Cutename,burning-blade,1383,priest,discipline,54,28,26
Rodshun,dun-modr,1383,priest,discipline,164,81,83
Predpriest,twisting-nether,1383,priest,discipline,43,16,27
Juuco,draenor,1382,priest,discipline,31,18,13
Várósh,blackmoore,1382,priest,discipline,87,48,39
Froboz,the-venture-co,1382,priest,discipline,31,17,14
Grausami,zuluhed,1382,priest,discipline,90,46,44
Manuba,antonidas,1382,priest,discipline,63,32,31
Nerfy,tarren-mill,1382,priest,discipline,210,104,106
Ufos,stormscale,1382,priest,discipline,104,51,53
Radizzel,tichondrius,1382,priest,discipline,46,20,26
Tinteolo,blackrock,1382,priest,discipline,81,35,46
Oikus,minahonda,1381,priest,discipline,54,30,24
Мидэрка,howling-fjord,1381,priest,discipline,244,130,114
Батлграунтт,soulflayer,1381,priest,discipline,228,121,107
Lekadolplusc,doomhammer,1381,priest,discipline,420,222,198
Некроликон,grom,1381,priest,discipline,145,75,70
Ahbe,stormscale,1381,priest,discipline,47,24,23
Дядяврач,howling-fjord,1381,priest,discipline,218,108,110
Dibelo,eredar,1381,priest,discipline,47,20,27
Peersh,ahnqiraj,1380,priest,discipline,24,15,9
Keppas,doomhammer,1380,priest,discipline,103,57,46
Bekareth,archimonde,1380,priest,discipline,139,74,65
Cé,magtheridon,1380,priest,discipline,110,58,52
Psyfir,outland,1380,priest,discipline,260,135,125
Quetraxz,chogall,1380,priest,discipline,48,24,24
Priesterious,blackrock,1380,priest,discipline,36,16,20
Щещенская,gordunni,1380,priest,discipline,48,21,27
Illüminaty,sylvanas,1379,priest,discipline,123,61,62
Sneed,moonglade,1379,priest,discipline,96,44,52
Paulinka,auchindoun,1379,priest,discipline,114,51,63
Птист,azuregos,1379,priest,discipline,54,20,34
Tripsdrill,blackmoore,1378,priest,discipline,57,40,17
Nudavbrne,drakthul,1378,priest,discipline,41,25,16
Phèbz,archimonde,1378,priest,discipline,48,29,19
Vaewyn,ravencrest,1378,priest,discipline,79,42,37
Sílvana,nordrassil,1378,priest,discipline,238,126,112
Apeist,outland,1378,priest,discipline,146,77,69
Лимоняшечка,soulflayer,1378,priest,discipline,110,58,52
Амбракадабра,blackscar,1378,priest,discipline,102,53,49
Keltalador,zuljin,1378,priest,discipline,53,26,27
Slasherh,ravencrest,1378,priest,discipline,237,116,121
Xarxis,twisting-nether,1378,priest,discipline,66,25,41
Гандболист,soulflayer,1377,priest,discipline,66,33,33
Vædan,drakthul,1376,priest,discipline,36,20,16
Pocketsimp,stormscale,1376,priest,discipline,182,92,90
Летиин,gordunni,1376,priest,discipline,105,50,55
Durmadanbas,ravencrest,1376,priest,discipline,128,60,68
Chaerii,blackmoore,1376,priest,discipline,88,40,48
Höfi,ragnaros,1376,priest,discipline,146,66,80
Эстрогенс,gordunni,1376,priest,discipline,60,22,38
Jerichó,blackmoore,1375,priest,discipline,76,48,28
Dolifrius,dalaran,1375,priest,discipline,50,30,20
Zzero,kazzak,1375,priest,discipline,73,40,33
Ompala,shattered-hand,1375,priest,discipline,43,23,20
Maistuu,tarren-mill,1375,priest,discipline,37,19,18
Marylin,senjin,1375,priest,discipline,562,288,274
Devot,outland,1375,priest,discipline,156,79,77
Skardumi,blackmoore,1375,priest,discipline,52,26,26
Ùçù,dalaran,1374,priest,discipline,94,51,43
Qïx,ravencrest,1374,priest,discipline,45,24,21
Challengepro,burning-legion,1374,priest,discipline,30,16,14
Imhotép,anubarak,1374,priest,discipline,71,34,37
Absórb,quelthalas,1374,priest,discipline,66,31,35
Otheym,the-maelstrom,1374,priest,discipline,39,18,21
Санёквиртуоз,soulflayer,1374,priest,discipline,42,16,26
Rhin,zuljin,1374,priest,discipline,42,16,26
Shdwmeld,ravencrest,1373,priest,discipline,24,17,7
Pocketissue,ravencrest,1373,priest,discipline,32,21,11
Wortgottes,blackrock,1373,priest,discipline,70,41,29
Lâughing,ravencrest,1373,priest,discipline,66,36,30
Eros,illidan,1373,priest,discipline,90,46,44
Calani,zirkel-des-cenarius,1373,priest,discipline,36,17,19
Hidary,ysondre,1373,priest,discipline,78,36,42
Iqr,blackmoore,1373,priest,discipline,72,30,42
Knikkerbaas,outland,1372,priest,discipline,30,26,4
Majinme,kazzak,1372,priest,discipline,60,31,29
Rabbît,stormscale,1372,priest,discipline,82,42,40
Brickles,thrall,1372,priest,discipline,98,50,48
Alexnator,malganis,1372,priest,discipline,96,48,48
Svevo,ravencrest,1372,priest,discipline,147,71,76
Híppokrates,dethecus,1372,priest,discipline,119,55,64
Bilgecan,silvermoon,1371,priest,discipline,61,39,22
Outcast,korgall,1371,priest,discipline,89,49,40
Jenelle,thrall,1371,priest,discipline,42,18,24
Bacberon,skullcrusher,1370,priest,discipline,90,51,39
Cronershadow,stormscale,1370,priest,discipline,63,31,32
Fireflowers,silvermoon,1370,priest,discipline,132,64,68
Glimpseofus,ragnaros,1370,priest,discipline,84,35,49
Весёлыйкоил,gordunni,1369,priest,discipline,21,15,6
Nûwa,draenor,1369,priest,discipline,83,48,35
Svartylol,outland,1369,priest,discipline,112,64,48
Азотод,gordunni,1369,priest,discipline,133,73,60
Eowins,blackmoore,1369,priest,discipline,154,83,71
Gøðlìke,aegwynn,1369,priest,discipline,227,115,112
Zedrus,azshara,1369,priest,discipline,117,53,64
Asprine,kazzak,1368,priest,discipline,182,99,83
Tigrok,burning-legion,1368,priest,discipline,166,88,78
Hugerage,stormreaver,1368,priest,discipline,166,76,90
Priszt,arathor,1368,priest,discipline,55,24,31
Nabira,pozzo-delleternità,1367,priest,discipline,61,38,23
Elyradp,dun-modr,1367,priest,discipline,132,75,57
Saiki,sanguino,1367,priest,discipline,52,28,24
Spoc,blackrock,1367,priest,discipline,149,80,69
Annisa,kazzak,1367,priest,discipline,161,86,75
Murmaiderrx,draenor,1367,priest,discipline,45,24,21
Джороко,howling-fjord,1367,priest,discipline,102,54,48
Nirvs,kazzak,1367,priest,discipline,42,21,21
Tylorswift,ravencrest,1367,priest,discipline,36,18,18
Орбит,blackscar,1367,priest,discipline,209,98,111
Aethana,ravencrest,1367,priest,discipline,40,18,22
Speltmor,stormscale,1367,priest,discipline,42,18,24
Høiy,antonidas,1366,priest,discipline,26,16,10
Burtarul,argent-dawn,1366,priest,discipline,27,16,11
Taanu,quelthalas,1366,priest,discipline,30,17,13
Mamaoh,ravencrest,1366,priest,discipline,69,34,35
Valtalor,ragnaros,1366,priest,discipline,41,18,23
Saikoo,stormscale,1365,priest,discipline,48,27,21
Aroghul,eredar,1365,priest,discipline,162,79,83
ßlowska,hyjal,1365,priest,discipline,54,26,28
Ministry,tirion,1365,priest,discipline,123,59,64
Siliçia,aegwynn,1365,priest,discipline,54,25,29
Щявыхилим,howling-fjord,1364,priest,discipline,103,59,44
Pl,sunstrider,1364,priest,discipline,84,46,38
Elûnä,ysondre,1364,priest,discipline,340,179,161
Carcaz,blackmoore,1364,priest,discipline,59,27,32
Vatizinium,veklor,1364,priest,discipline,34,15,19
Lysium,sylvanas,1364,priest,discipline,48,20,28
Genthus,kazzak,1363,priest,discipline,190,96,94
Durness,argent-dawn,1363,priest,discipline,84,42,42
Raî,durotan,1363,priest,discipline,62,31,31
Maeline,archimonde,1363,priest,discipline,132,65,67
Lezz,ragnaros,1363,priest,discipline,54,24,30
Øtîs,aegwynn,1363,priest,discipline,38,16,22
Drêäms,archimonde,1362,priest,discipline,46,27,19
Lehava,archimonde,1362,priest,discipline,44,23,21
ßowforme,aegwynn,1362,priest,discipline,96,50,46
Hekro,thrall,1362,priest,discipline,118,61,57
Elreâ,blackrock,1362,priest,discipline,36,18,18
Jordí,darkspear,1362,priest,discipline,245,120,125
Sppid,sanguino,1362,priest,discipline,356,171,185
Xyfas,azshara,1362,priest,discipline,60,28,32
Joniop,stormreaver,1362,priest,discipline,72,33,39
Litera,silvermoon,1362,priest,discipline,86,39,47
Johnblack,dun-morogh,1362,priest,discipline,36,16,20
Dzoo,kazzak,1362,priest,discipline,70,30,40
Bjornqt,ragnaros,1362,priest,discipline,86,35,51
Сендрагон,blackscar,1361,priest,discipline,66,39,27
Лифик,blackscar,1361,priest,discipline,53,30,23
Valythria,blackhand,1361,priest,discipline,129,65,64
Luznywiesiek,burning-legion,1361,priest,discipline,116,57,59
Уноханагодх,howling-fjord,1361,priest,discipline,98,48,50
Menjo,silvermoon,1361,priest,discipline,60,29,31
Dstars,archimonde,1361,priest,discipline,88,40,48
Krìnzy,illidan,1361,priest,discipline,108,49,59
Подорваный,gordunni,1361,priest,discipline,60,26,34
Psychîc,twisting-nether,1360,priest,discipline,40,27,13
Imbadancer,turalyon,1360,priest,discipline,137,78,59
Empí,sanguino,1360,priest,discipline,105,57,48
Smilyface,sylvanas,1360,priest,discipline,86,41,45
Аферона,soulflayer,1360,priest,discipline,72,29,43
Naïlu,hyjal,1359,priest,discipline,72,40,32
Hidr,nemesis,1359,priest,discipline,102,54,48
Paars,outland,1359,priest,discipline,36,16,20
Ÿë,stormreaver,1359,priest,discipline,37,15,22
Aykò,blackmoore,1359,priest,discipline,56,20,36
Valeriana,stormreaver,1358,priest,discipline,239,123,116
Shidori,dalaran,1358,priest,discipline,96,49,47
Yorap,blackrock,1358,priest,discipline,54,24,30
Priesless,sylvanas,1357,priest,discipline,34,20,14
Sciophobia,defias-brotherhood,1357,priest,discipline,65,37,28
Sasabsi,malorne,1357,priest,discipline,60,33,27
Juîcycheeks,frostwolf,1357,priest,discipline,167,82,85
Joxdox,archimonde,1357,priest,discipline,90,43,47
Kangkong,ravencrest,1357,priest,discipline,45,21,24
Esüna,ysondre,1356,priest,discipline,48,26,22
Assyrïa,ravencrest,1356,priest,discipline,48,25,23
Byxoph,sanguino,1356,priest,discipline,113,56,57
Весенняя,gordunni,1356,priest,discipline,117,57,60
Скумизарг,gordunni,1356,priest,discipline,36,17,19
Luxumbra,quelthalas,1356,priest,discipline,45,18,27
Deadonmyscrn,ravencrest,1355,priest,discipline,36,29,7
Dànè,defias-brotherhood,1355,priest,discipline,30,21,9
Cntrl,frostmane,1355,priest,discipline,179,95,84
Sprutch,kazzak,1355,priest,discipline,76,37,39
Sâtânica,kelthuzad,1355,priest,discipline,224,108,116
Dìsc,ravencrest,1355,priest,discipline,101,48,53
Tryingtomc,archimonde,1355,priest,discipline,46,21,25
Goodwin,draenor,1355,priest,discipline,125,57,68
Juliane,trollbane,1355,priest,discipline,147,63,84
Paterpaisios,kazzak,1355,priest,discipline,54,20,34
Barnicha,grim-batol,1354,priest,discipline,24,15,9
Depleeky,blackmoore,1354,priest,discipline,62,33,29
Perdítá,thrall,1354,priest,discipline,404,209,195
Ivabenzo,stormscale,1354,priest,discipline,141,69,72
Miabelle,argent-dawn,1354,priest,discipline,58,27,31
Hydrôlic,blackrock,1353,priest,discipline,48,31,17
Shãdowlãght,antonidas,1353,priest,discipline,38,22,16
Therezzer,burning-legion,1353,priest,discipline,66,36,30
Bublies,silvermoon,1353,priest,discipline,61,32,29
Bakër,dalaran,1353,priest,discipline,57,27,30
Сегуната,howling-fjord,1353,priest,discipline,42,16,26
Solarïah,garona,1352,priest,discipline,32,19,13
Priestige,spinebreaker,1352,priest,discipline,36,21,15
Noibe,chogall,1352,priest,discipline,30,16,14
Chocopríest,blackmoore,1352,priest,discipline,117,60,57
Sulla,draenor,1352,priest,discipline,54,27,27
Летириен,gordunni,1352,priest,discipline,48,24,24
Рискаль,borean-tundra,1352,priest,discipline,182,90,92
Теньраа,soulflayer,1352,priest,discipline,66,24,42
Мариона,gordunni,1351,priest,discipline,48,26,22
Widöw,cthun,1351,priest,discipline,126,62,64
Shîn,aegwynn,1351,priest,discipline,90,44,46
Cyberlunatic,antonidas,1351,priest,discipline,256,115,141
Brelett,the-maelstrom,1351,priest,discipline,36,16,20
Guerilagusto,draenor,1351,priest,discipline,66,28,38
Marilya,dalvengyr,1351,priest,discipline,42,15,27
Маимморта,howling-fjord,1350,priest,discipline,72,39,33
Таяш,soulflayer,1350,priest,discipline,207,112,95
Spankulere,stormscale,1350,priest,discipline,30,16,14
Frekio,eitrigg,1350,priest,discipline,248,123,125
Holyfussell,antonidas,1350,priest,discipline,92,44,48
Domspitz,malygos,1349,priest,discipline,41,26,15
Dtqs,grim-batol,1349,priest,discipline,36,22,14
Amambo,chamber-of-aspects,1349,priest,discipline,84,48,36
Sytawa,blackmoore,1349,priest,discipline,104,55,49
Anubisones,uldum,1349,priest,discipline,89,43,46
Amanojaku,archimonde,1348,priest,discipline,59,31,28
Obeliskprist,kazzak,1348,priest,discipline,212,111,101
Ассарх,lich-king,1348,priest,discipline,114,59,55
Akril,silvermoon,1348,priest,discipline,198,101,97
Крашдайс,soulflayer,1348,priest,discipline,115,53,62
Jazty,sanguino,1348,priest,discipline,42,19,23
Anotherlife,stormscale,1347,priest,discipline,24,15,9
Floory,twisting-nether,1347,priest,discipline,301,154,147
Dirtydoc,area-52,1347,priest,discipline,138,70,68
Adrodda,kazzak,1347,priest,discipline,89,42,47
Vividots,draenor,1347,priest,discipline,53,23,30
Yazh,argent-dawn,1347,priest,discipline,77,32,45
Boulotpas,hyjal,1346,priest,discipline,268,149,119
Хаварь,gordunni,1346,priest,discipline,134,71,63
Fiilaaja,stormreaver,1346,priest,discipline,90,47,43
Säeneris,hyjal,1346,priest,discipline,41,18,23
Söultaker,ravencrest,1345,priest,discipline,75,41,34
Pwjetlifelol,grim-batol,1345,priest,discipline,97,52,45
Артэта,blackscar,1345,priest,discipline,42,21,21
Kâltak,aegwynn,1345,priest,discipline,108,51,57
Ratapain,argent-dawn,1344,priest,discipline,18,14,4
Hugeaf,antonidas,1344,priest,discipline,43,27,16
Holydörte,aegwynn,1344,priest,discipline,389,199,190
Rzpa,blackhand,1344,priest,discipline,142,72,70
Удзумукец,howling-fjord,1344,priest,discipline,124,57,67
Batsu,hyjal,1344,priest,discipline,94,43,51
Monstretpr,dragonblight,1344,priest,discipline,104,43,61
Alexsmite,tarren-mill,1343,priest,discipline,24,14,10
Asýnc,ravencrest,1343,priest,discipline,24,14,10
Nëw,los-errantes,1343,priest,discipline,24,14,10
Nattramnone,blackmoore,1343,priest,discipline,114,57,57
Sabaxdxd,dun-modr,1343,priest,discipline,248,122,126
Rptr,ravencrest,1342,priest,discipline,18,14,4
Swpain,argent-dawn,1342,priest,discipline,18,14,4
Лайхтни,howling-fjord,1342,priest,discipline,24,14,10
Adeeva,ravencrest,1342,priest,discipline,105,60,45
Amädeuss,tarren-mill,1342,priest,discipline,84,42,42
Иварэкзарх,gordunni,1342,priest,discipline,76,38,38
Holypepper,outland,1342,priest,discipline,173,85,88
Hans,thrall,1342,priest,discipline,66,30,36
Aeternuz,tarren-mill,1342,priest,discipline,91,39,52
Svetozarov,wildhammer,1341,priest,discipline,24,14,10
Rukiä,chogall,1341,priest,discipline,24,14,10
Fùkøff,stormscale,1341,priest,discipline,62,36,26
Earnzy,outland,1341,priest,discipline,77,41,36
Manî,quelthalas,1341,priest,discipline,54,28,26
Faol,the-venture-co,1341,priest,discipline,54,27,27
Maiel,die-aldor,1341,priest,discipline,50,24,26
Satins,silvermoon,1341,priest,discipline,30,14,16
Soreboners,stormscale,1341,priest,discipline,30,14,16
Nietzsche,area-52,1341,priest,discipline,128,59,69
Холигард,grom,1340,priest,discipline,66,32,34
Solerona,blackmoore,1340,priest,discipline,30,14,16
Далайна,galakrond,1340,priest,discipline,36,14,22
Moisboi,blackrock,1339,priest,discipline,24,14,10
Nuloa,ravencrest,1339,priest,discipline,78,45,33
Darkoze,kazzak,1339,priest,discipline,84,41,43
Reynze,silvermoon,1338,priest,discipline,48,25,23
Zellia,frostmane,1338,priest,discipline,155,74,81
Саня,razuvious,1338,priest,discipline,48,21,27
Torî,blackrock,1338,priest,discipline,102,43,59
Аматури,soulflayer,1338,priest,discipline,36,15,21
Slemso,stormscale,1337,priest,discipline,18,14,4
Skelica,ragnaros,1337,priest,discipline,24,14,10
Flickos,twisting-nether,1337,priest,discipline,24,14,10
Tumlaa,ravencrest,1337,priest,discipline,56,31,25
Mércíless,ravencrest,1337,priest,discipline,112,58,54
Chuntriest,shadowsong,1337,priest,discipline,42,21,21
Dartheon,twisting-nether,1337,priest,discipline,242,117,125
Kitanai,silvermoon,1337,priest,discipline,73,35,38
Monin,kazzak,1337,priest,discipline,30,14,16
Îwi,archimonde,1337,priest,discipline,30,14,16
Varrês,kazzak,1337,priest,discipline,160,72,88
Dfourc,blackhand,1337,priest,discipline,42,18,24
Sariss,ravencrest,1336,priest,discipline,24,14,10
Tezqt,ravencrest,1336,priest,discipline,24,14,10
Alfaböna,outland,1336,priest,discipline,158,85,73
Lovely,silvermoon,1336,priest,discipline,48,23,25
Mewdi,outland,1336,priest,discipline,30,14,16
Jokaël,ysondre,1336,priest,discipline,150,69,81
Rokocrazy,aggra-português,1336,priest,discipline,36,15,21
Boogereater,kazzak,1335,priest,discipline,24,14,10
Mininrv,dun-modr,1335,priest,discipline,85,45,40
Héinékén,ravencrest,1335,priest,discipline,216,96,120
Derathon,eredar,1334,priest,discipline,36,22,14
Viroxian,outland,1334,priest,discipline,113,63,50
Convulsiveq,silvermoon,1334,priest,discipline,317,156,161
Streety,nethersturm,1334,priest,discipline,173,84,89
Prev,twisting-nether,1334,priest,discipline,48,23,25
Exorcitador,shendralar,1334,priest,discipline,88,37,51
Felanris,blackmoore,1333,priest,discipline,60,40,20
Курумничек,gordunni,1333,priest,discipline,65,40,25
Noneedpriest,stormscale,1333,priest,discipline,24,14,10
Memoniia,ravencrest,1333,priest,discipline,48,27,21
Råin,draenor,1333,priest,discipline,33,18,15
Psychoboris,outland,1333,priest,discipline,169,91,78
Makimaqt,ravencrest,1333,priest,discipline,108,52,56
Atremius,dragonmaw,1333,priest,discipline,84,37,47
Radiance,emeriss,1333,priest,discipline,40,15,25
Teedye,ravencrest,1332,priest,discipline,18,14,4
Fabs,laughing-skull,1332,priest,discipline,28,17,11
Buszeekk,outland,1332,priest,discipline,52,28,24
Орклекарь,soulflayer,1332,priest,discipline,96,49,47
Bigbootyheal,silvermoon,1331,priest,discipline,84,54,30
Siphall,kirin-tor,1331,priest,discipline,29,16,13
Velles,nazjatar,1331,priest,discipline,839,424,415
Ezechiel,twisting-nether,1331,priest,discipline,111,54,57
Holycrit,aszune,1331,priest,discipline,95,40,55
Лакукарача,howling-fjord,1331,priest,discipline,82,34,48
Clergy,hellfire,1330,priest,discipline,108,71,37
Dshara,the-maelstrom,1330,priest,discipline,24,14,10
Пристяо,howling-fjord,1330,priest,discipline,180,99,81
Valaç,turalyon,1330,priest,discipline,149,76,73
Menda,eredar,1330,priest,discipline,154,77,77
Hòllymèdx,blackmoore,1330,priest,discipline,30,14,16
Herapeutic,argent-dawn,1329,priest,discipline,102,57,45
Nioubèy,archimonde,1329,priest,discipline,77,43,34
Altar,grim-batol,1329,priest,discipline,167,89,78
Thaiboimby,veknilash,1329,priest,discipline,411,215,196
Tyog,khazgoroth,1329,priest,discipline,31,16,15
Marypops,outland,1329,priest,discipline,30,14,16
Svartochelak,stormscale,1329,priest,discipline,54,24,30
Trolar,zuljin,1329,priest,discipline,54,23,31
Freyalas,dun-morogh,1328,priest,discipline,18,14,4
Скизма,gordunni,1328,priest,discipline,92,50,42
Tîwele,dalvengyr,1328,priest,discipline,52,22,30
Chealsey,thrall,1327,priest,discipline,63,38,25
Роа,soulflayer,1327,priest,discipline,35,20,15
Hakima,thrall,1327,priest,discipline,78,44,34
Tiktokdancér,kazzak,1327,priest,discipline,150,79,71
Libido,outland,1327,priest,discipline,257,134,123
Jimmbosmite,stormscale,1327,priest,discipline,54,26,28
Arthyria,archimonde,1327,priest,discipline,84,40,44
Prinyatel,tarren-mill,1327,priest,discipline,30,14,16
Jävlarottá,ravencrest,1327,priest,discipline,30,14,16
Lanthypriest,hyjal,1327,priest,discipline,30,14,16
Nou,aegwynn,1327,priest,discipline,36,14,22
Fathermaxii,stormrage,1326,priest,discipline,53,31,22
Ørrak,hyjal,1326,priest,discipline,54,30,24
Асади,gordunni,1326,priest,discipline,130,69,61
Taksí,tarren-mill,1326,priest,discipline,91,46,45
Марджелла,howling-fjord,1326,priest,discipline,52,25,27
Littleflash,lightbringer,1326,priest,discipline,188,88,100
Abdibio,twisting-nether,1326,priest,discipline,36,15,21
Скорлупкина,gordunni,1325,priest,discipline,59,34,25
Seum,ravencrest,1325,priest,discipline,134,74,60
Fimor,die-nachtwache,1325,priest,discipline,185,101,84
Eksel,silvermoon,1325,priest,discipline,96,48,48
Clapa,ravencrest,1325,priest,discipline,51,25,26
Baddly,silvermoon,1325,priest,discipline,304,147,157
Jediminds,tarren-mill,1325,priest,discipline,46,22,24
Freepriest,darksorrow,1325,priest,discipline,66,30,36
Toljénpr,twisting-nether,1325,priest,discipline,42,19,23
Skrnz,turalyon,1325,priest,discipline,59,26,33
Chodia,silvermoon,1324,priest,discipline,89,48,41
Kalisy,ravencrest,1324,priest,discipline,52,27,25
Nésha,dun-modr,1324,priest,discipline,77,39,38
Nirvánabang,sylvanas,1324,priest,discipline,54,27,27
Benedicktus,hyjal,1324,priest,discipline,30,15,15
Overhealzz,blackmoore,1324,priest,discipline,153,75,78
Calsote,sanguino,1324,priest,discipline,60,25,35
Qoryn,ravencrest,1324,priest,discipline,36,14,22
Góli,argent-dawn,1324,priest,discipline,36,14,22
Vandansk,kazzak,1323,priest,discipline,18,14,4
Washinomiya,ravencrest,1323,priest,discipline,30,20,10
Vírtue,draenor,1323,priest,discipline,36,21,15
Discoprillan,twisting-nether,1323,priest,discipline,73,42,31
Reìdood,stormscale,1323,priest,discipline,110,59,51
Salves,blackmoore,1323,priest,discipline,117,61,56
Elderiel,turalyon,1323,priest,discipline,419,212,207
Вальдемарс,howling-fjord,1323,priest,discipline,65,30,35
Avengëd,nagrand,1323,priest,discipline,54,24,30
Chilltcaster,blackrock,1323,priest,discipline,38,15,23
Eclaír,blackhand,1323,priest,discipline,48,18,30
Deadmous,sanguino,1322,priest,discipline,30,21,9
Buttafly,archimonde,1322,priest,discipline,42,23,19
Aíushtha,frostmane,1322,priest,discipline,136,72,64
Haligato,archimonde,1322,priest,discipline,142,71,71
Lenanitro,blackrock,1322,priest,discipline,101,49,52
Sqizz,antonidas,1322,priest,discipline,54,24,30
Mercîlezz,eredar,1321,priest,discipline,18,14,4
Idora,aegwynn,1321,priest,discipline,24,14,10
Mädmän,draenor,1321,priest,discipline,171,95,76
Malyzion,draenor,1321,priest,discipline,231,127,104
Flayin,kazzak,1321,priest,discipline,80,42,38
Fantästic,kazzak,1321,priest,discipline,272,139,133
Carrhyks,archimonde,1321,priest,discipline,168,83,85
Crazyname,outland,1321,priest,discipline,241,119,122
Дэкспрут,soulflayer,1321,priest,discipline,60,29,31
Kreador,twisting-nether,1321,priest,discipline,90,39,51
Étesech,zuljin,1321,priest,discipline,84,34,50
Uanna,ravencrest,1321,priest,discipline,36,14,22
Velenthan,stormrage,1320,priest,discipline,99,54,45
Voidvania,drakthul,1320,priest,discipline,59,31,28
Дюрэкс,soulflayer,1320,priest,discipline,84,42,42
Carlolol,blackmoore,1320,priest,discipline,88,43,45
Докторпэйн,howling-fjord,1320,priest,discipline,128,60,68
Punkrockgirl,destromath,1320,priest,discipline,84,39,45
Whicked,outland,1320,priest,discipline,53,24,29
Labbépîerre,hyjal,1320,priest,discipline,90,38,52
Nygel,kazzak,1319,priest,discipline,75,43,32
Zathada,twisting-nether,1319,priest,discipline,99,56,43
Шкуропльот,gordunni,1319,priest,discipline,106,56,50
Mukkin,tarren-mill,1319,priest,discipline,44,23,21
Nakrga,twisting-nether,1319,priest,discipline,29,15,14
Элизабетшорт,soulflayer,1319,priest,discipline,183,87,96
Enduring,darksorrow,1319,priest,discipline,126,58,68
Damnatíon,ravencrest,1318,priest,discipline,18,14,4
Whîs,stormscale,1318,priest,discipline,48,28,20
Texstil,blackmoore,1318,priest,discipline,78,41,37
Heandil,doomhammer,1318,priest,discipline,30,15,15
Шадоухоррор,gordunni,1318,priest,discipline,123,59,64
Babbúb,tarren-mill,1318,priest,discipline,35,14,21
Lynû,frostwolf,1318,priest,discipline,60,23,37
Ødelia,anubarak,1317,priest,discipline,24,15,9
Neremin,argent-dawn,1317,priest,discipline,124,72,52
Зиибак,soulflayer,1317,priest,discipline,44,24,20
Paulina,auchindoun,1317,priest,discipline,89,37,52
Adallon,blackmoore,1317,priest,discipline,42,14,28
Agorasii,frostwolf,1316,priest,discipline,48,26,22
Aeo,twisting-nether,1316,priest,discipline,156,80,76
Vzã,krasus,1316,priest,discipline,434,218,216
Yinyangyø,eredar,1316,priest,discipline,42,20,22
Mungam,draenor,1316,priest,discipline,116,50,66
Lizium,kazzak,1316,priest,discipline,42,16,26
Ìstarï,sylvanas,1316,priest,discipline,66,24,42
Akadras,blackmoore,1315,priest,discipline,45,26,19
Freshpope,ravencrest,1315,priest,discipline,95,54,41
Microwaave,kazzak,1315,priest,discipline,72,38,34
Gromalia,hyjal,1315,priest,discipline,54,27,27
Ziaz,the-maelstrom,1315,priest,discipline,58,28,30
Flokz,archimonde,1314,priest,discipline,30,18,12
Brunestùd,pozzo-delleternità,1314,priest,discipline,107,60,47
Hewwo,sylvanas,1314,priest,discipline,162,83,79
Soupana,darksorrow,1314,priest,discipline,133,68,65
Aboû,archimonde,1314,priest,discipline,51,26,25
Vipimp,blackrock,1314,priest,discipline,188,94,94
Дэтметал,grom,1314,priest,discipline,346,171,175
Sickz,blackrock,1314,priest,discipline,84,41,43
Døline,hyjal,1314,priest,discipline,44,21,23
Tristessê,tarren-mill,1314,priest,discipline,373,176,197
Yugo,outland,1314,priest,discipline,41,15,26
Funkátiko,cthun,1313,priest,discipline,30,18,12
Drioz,ysondre,1313,priest,discipline,177,98,79
Shomäre,ysondre,1313,priest,discipline,156,82,74
Ensamstående,twisting-nether,1313,priest,discipline,422,211,211
Thanil,bloodfeather,1313,priest,discipline,83,40,43
Izêr,draenor,1312,priest,discipline,84,36,48
Momomomomomo,blackrock,1312,priest,discipline,54,20,34
Ðøð,dalaran,1311,priest,discipline,93,57,36
Киборн,deathweaver,1311,priest,discipline,72,42,30
Kelsy,zuljin,1311,priest,discipline,24,14,10
Lovly,antonidas,1311,priest,discipline,24,14,10
Gimcho,magtheridon,1311,priest,discipline,60,31,29
Alaeddin,kazzak,1311,priest,discipline,592,288,304
Ульзана,soulflayer,1311,priest,discipline,60,29,31
Landø,ravencrest,1311,priest,discipline,291,139,152
Violentha,silvermoon,1310,priest,discipline,30,15,15
Gïanna,archimonde,1310,priest,discipline,205,99,106
Tech,draenor,1309,priest,discipline,48,24,24
Rotzpippn,blackhand,1309,priest,discipline,69,26,43
Æç,malganis,1308,priest,discipline,53,37,16
Wundervoid,silvermoon,1308,priest,discipline,60,34,26
Votiqt,tarren-mill,1308,priest,discipline,30,17,13
Olereo,blackhand,1308,priest,discipline,150,74,76
Nylee,stormscale,1308,priest,discipline,53,26,27
Curanders,sanguino,1308,priest,discipline,54,26,28
Overshadowed,kazzak,1308,priest,discipline,211,99,112
Лимью,soulflayer,1308,priest,discipline,73,30,43
Mirelaw,stormscale,1307,priest,discipline,125,65,60
Smålbenör,stormreaver,1307,priest,discipline,66,32,34
Sephìrøth,malganis,1307,priest,discipline,108,52,56
Filit,hyjal,1307,priest,discipline,48,22,26
Garevar,antonidas,1307,priest,discipline,88,39,49
Arasos,drakthul,1306,priest,discipline,77,52,25
Elfdarkholme,stormscale,1306,priest,discipline,74,43,31
Chukapi,stormscale,1306,priest,discipline,54,31,23
Zerula,outland,1306,priest,discipline,394,203,191
Stígmata,sanguino,1306,priest,discipline,114,57,57
Gîpsyjoe,ragnaros,1306,priest,discipline,42,21,21
Эннхэтэуэй,soulflayer,1306,priest,discipline,97,45,52
Juiccyluccy,ravencrest,1306,priest,discipline,35,14,21
Linara,frostmane,1305,priest,discipline,48,28,20
Pindakong,dragonblight,1305,priest,discipline,130,68,62
Styrbjörn,shattered-hand,1305,priest,discipline,115,58,57
Xieen,outland,1305,priest,discipline,210,105,105
Jeryss,tarren-mill,1305,priest,discipline,202,98,104
Zelensky,stormscale,1305,priest,discipline,30,14,16
Zakuula,burning-legion,1305,priest,discipline,52,24,28
Подчинись,ashenvale,1304,priest,discipline,172,93,79
Eremit,silvermoon,1304,priest,discipline,157,83,74
Ангеланика,gordunni,1304,priest,discipline,42,22,20
Оуаы,soulflayer,1304,priest,discipline,278,143,135
Kutjeskopper,silvermoon,1304,priest,discipline,96,46,50
Мегакастиэль,gordunni,1304,priest,discipline,66,31,35
Wizmek,silvermoon,1304,priest,discipline,30,14,16
Eldrathir,burning-legion,1304,priest,discipline,132,60,72
Evangíline,stormreaver,1303,priest,discipline,41,23,18
Selenar,neptulon,1303,priest,discipline,105,56,49
Tephutes,ravencrest,1303,priest,discipline,39,20,19
Zászàsmaster,kazzak,1303,priest,discipline,42,21,21
Yojoyo,draenor,1303,priest,discipline,195,97,98
Zârvâjh,aszune,1303,priest,discipline,48,20,28
Floofz,auchindoun,1302,priest,discipline,57,33,24
Fkup,twisting-nether,1302,priest,discipline,36,20,16
Babambaba,sylvanas,1302,priest,discipline,28,15,13
Smitey,terenas,1302,priest,discipline,203,106,97
Silvdarr,hyjal,1302,priest,discipline,186,97,89
Shalnorei,drakthul,1302,priest,discipline,54,28,26
Nuvie,ravencrest,1302,priest,discipline,84,43,41
Тварьгосподя,gordunni,1302,priest,discipline,410,204,206
Wärtheur,sanguino,1302,priest,discipline,388,191,197
Albibak,hyjal,1302,priest,discipline,64,31,33
Holykaka,tarren-mill,1302,priest,discipline,78,37,41
Appox,amanthul,1302,priest,discipline,36,16,20
Thehealer,twisting-nether,1302,priest,discipline,37,16,21
Ylvanna,arthas,1302,priest,discipline,154,66,88
Feelmypainn,kazzak,1301,priest,discipline,102,51,51
Ryanis,nemesis,1301,priest,discipline,37,17,20
Vysajapolkni,burning-blade,1301,priest,discipline,37,14,23
Gaisa,die-todeskrallen,1301,priest,discipline,51,17,34
Puddypri,eredar,1300,priest,discipline,30,17,13
Quisira,aegwynn,1300,priest,discipline,48,27,21
Missdreavus,draenor,1300,priest,discipline,108,58,50
Curlo,ravencrest,1300,priest,discipline,42,20,22
Shieldyblaze,frostwolf,1299,priest,discipline,131,69,62
Sophoula,silvermoon,1299,priest,discipline,64,32,32
Zofa,sunstrider,1299,priest,discipline,211,105,106
Тесира,blackscar,1299,priest,discipline,108,52,56
Holyrage,frostwhisper,1299,priest,discipline,72,33,39
Fatherliam,emerald-dream,1299,priest,discipline,54,24,30
Dannebrog,eonar,1299,priest,discipline,57,25,32
Jerolol,sanguino,1299,priest,discipline,92,40,52
Causa,blackhand,1298,priest,discipline,40,23,17
Kidri,kilrogg,1298,priest,discipline,36,20,16
Katrynax,ravencrest,1298,priest,discipline,201,100,101
Whitepitch,doomhammer,1298,priest,discipline,148,73,75
Имудонка,gordunni,1298,priest,discipline,133,65,68
Nimuëh,ragnaros,1298,priest,discipline,52,24,28
Olqp,tarren-mill,1298,priest,discipline,33,15,18
Azazzel,nathrezim,1298,priest,discipline,66,28,38
Lalock,grim-batol,1298,priest,discipline,36,14,22
Veýýon,blackmoore,1297,priest,discipline,84,45,39
Healyourmum,stormscale,1297,priest,discipline,191,98,93
Holyguys,twisting-nether,1297,priest,discipline,95,47,48
Suchetto,kazzak,1297,priest,discipline,112,55,57
Tackerjoè,eredar,1297,priest,discipline,54,25,29
Quecum,draenor,1297,priest,discipline,42,19,23
Nøheall,ysondre,1297,priest,discipline,162,71,91
Matiagmenh,stormscale,1297,priest,discipline,42,18,24
Трахмэйстер,gordunni,1296,priest,discipline,119,77,42
Xanthe,ravencrest,1296,priest,discipline,29,14,15
Nuph,ravencrest,1296,priest,discipline,71,33,38
Ulfsarkaom,turalyon,1296,priest,discipline,108,49,59
Eloapriest,blackhand,1295,priest,discipline,24,14,10
Nâmîz,blackrock,1295,priest,discipline,27,14,13
Vannax,arygos,1295,priest,discipline,78,35,43
Uzü,ysondre,1294,priest,discipline,24,16,8
Никорете,soulflayer,1294,priest,discipline,62,34,28
Shzuna,archimonde,1294,priest,discipline,141,67,74
Асуартхас,gordunni,1294,priest,discipline,259,118,141
Nhajÿ,hyjal,1294,priest,discipline,42,17,25
Powerless,blackmoore,1293,priest,discipline,33,22,11
Ðæßi,hyjal,1293,priest,discipline,103,57,46
Oohopeoo,blackmoore,1293,priest,discipline,42,23,19
Tritonis,draenor,1293,priest,discipline,41,21,20
Æternadead,nemesis,1293,priest,discipline,233,119,114
Robiee,twisting-nether,1293,priest,discipline,75,37,38
Credor,blackrock,1293,priest,discipline,42,19,23
Goofdookie,outland,1293,priest,discipline,36,14,22
Faderken,tarren-mill,1292,priest,discipline,78,48,30
Maetena,archimonde,1292,priest,discipline,60,36,24
Chrissirr,culte-de-la-rive-noire,1292,priest,discipline,30,17,13
Sietrum,draenor,1292,priest,discipline,47,24,23
Khoria,drakthul,1292,priest,discipline,30,14,16
Иванпугачев,soulflayer,1292,priest,discipline,60,26,34
Lighter,dragonblight,1291,priest,discipline,88,55,33
Holyswift,dun-morogh,1291,priest,discipline,212,113,99
Darkweed,twilights-hammer,1291,priest,discipline,162,85,77
Фурлена,blackscar,1291,priest,discipline,109,56,53
Clescy,ravencrest,1291,priest,discipline,71,36,35
Priestpvp,dun-modr,1291,priest,discipline,119,59,60
Praizejeebus,auchindoun,1291,priest,discipline,54,26,28
Dotterin,draenor,1291,priest,discipline,180,83,97
Purityn,blackhand,1291,priest,discipline,54,20,34
Xyliqa,aegwynn,1291,priest,discipline,59,21,38
Bösenboris,aegwynn,1290,priest,discipline,95,48,47
Aká,kazzak,1290,priest,discipline,54,25,29
Iamfrosty,draenor,1290,priest,discipline,72,32,40
Grimor,talnivarr,1290,priest,discipline,36,16,20
Disz,zuljin,1290,priest,discipline,41,17,24
Navid,ravencrest,1289,priest,discipline,45,24,21
Kyrédan,dalaran,1289,priest,discipline,295,157,138
Ginebra,archimonde,1289,priest,discipline,132,70,62
Dpxd,tarren-mill,1289,priest,discipline,58,29,29
Nirvänah,ysondre,1289,priest,discipline,53,22,31
Brainwash,darksorrow,1289,priest,discipline,53,18,35
Devîlcry,nordrassil,1288,priest,discipline,146,85,61
Düina,tyrande,1288,priest,discipline,83,47,36
Nerfnerf,kazzak,1288,priest,discipline,696,353,343
Ebolaidman,ravencrest,1288,priest,discipline,48,24,24
Averye,kazzak,1287,priest,discipline,48,27,21
Ghøstyx,blackrock,1287,priest,discipline,123,62,61
Gangreana,kazzak,1287,priest,discipline,155,76,79
Voidlekir,sanguino,1287,priest,discipline,50,24,26
Oversole,kazzak,1287,priest,discipline,54,23,31
Reizer,argent-dawn,1286,priest,discipline,27,15,12
Duaijhutari,outland,1286,priest,discipline,60,33,27
Ysharg,sinstralis,1286,priest,discipline,53,29,24
Biblebabe,tarren-mill,1286,priest,discipline,54,28,26
Lydrian,argent-dawn,1286,priest,discipline,44,21,23
Рейаста,howling-fjord,1285,priest,discipline,56,31,25
Sissi,blackmoore,1285,priest,discipline,171,85,86
Aszneê,proudmoore,1285,priest,discipline,84,41,43
Битуну,fordragon,1285,priest,discipline,84,40,44
Blasfemo,nemesis,1285,priest,discipline,76,35,41
Numatrash,stormscale,1285,priest,discipline,44,19,25
Токсичка,howling-fjord,1284,priest,discipline,42,22,20
Доминантрикс,soulflayer,1284,priest,discipline,73,37,36
Nestélle,drakthul,1284,priest,discipline,299,149,150
Pregrip,twisting-nether,1284,priest,discipline,236,116,120
Аполонио,soulflayer,1284,priest,discipline,90,39,51
Ilvia,antonidas,1283,priest,discipline,40,25,15
Sykra,magtheridon,1283,priest,discipline,190,99,91
Поглощу,gordunni,1282,priest,discipline,119,61,58
Gacoo,silvermoon,1282,priest,discipline,234,115,119
Форсибучи,soulflayer,1282,priest,discipline,193,93,100
Centaurio,nemesis,1282,priest,discipline,231,111,120
Claudefrollo,the-maelstrom,1282,priest,discipline,133,59,74
Mynameisebe,twisting-nether,1282,priest,discipline,42,18,24
Gilfir,stormscale,1282,priest,discipline,71,29,42
Jimmyhoffa,stormscale,1281,priest,discipline,54,32,22
Shadowgov,ravencrest,1281,priest,discipline,29,17,12
Венжифул,soulflayer,1281,priest,discipline,24,14,10
Mcnuuggets,ravencrest,1281,priest,discipline,28,16,12
Skyggepraest,stormscale,1281,priest,discipline,44,24,20
Stargóddess,kazzak,1281,priest,discipline,248,128,120
Déspaír,silvermoon,1281,priest,discipline,197,100,97
Chryses,teldrassil,1281,priest,discipline,111,52,59
Elderath,eredar,1281,priest,discipline,180,82,98
Инстенли,howling-fjord,1281,priest,discipline,60,25,35
Pure,kazzak,1280,priest,discipline,36,22,14
Nynren,doomhammer,1280,priest,discipline,294,157,137
Superfelyn,ragnaros,1280,priest,discipline,51,27,24
Xelivia,draenor,1280,priest,discipline,197,94,103
Nérôck,frostwolf,1280,priest,discipline,51,24,27
Skiplegday,blackrock,1280,priest,discipline,38,17,21
Delinsx,outland,1280,priest,discipline,39,15,24
Leja,darkspear,1279,priest,discipline,24,14,10
Buckless,kazzak,1279,priest,discipline,42,24,18
Liliashet,sanguino,1279,priest,discipline,105,57,48
Keimohansio,twisting-nether,1279,priest,discipline,138,74,64
Ûbér,darksorrow,1279,priest,discipline,28,15,13
Nicku,nerathor,1279,priest,discipline,79,42,37
Elasund,silvermoon,1279,priest,discipline,30,15,15
Norlyset,silvermoon,1279,priest,discipline,144,71,73
Levy,azuremyst,1279,priest,discipline,53,25,28
Tôto,stormreaver,1279,priest,discipline,48,19,29
Authorized,azshara,1279,priest,discipline,54,21,33
Gagai,ravencrest,1279,priest,discipline,36,14,22
Хенели,blackscar,1279,priest,discipline,49,19,30
Dinma,argent-dawn,1278,priest,discipline,225,120,105
Spaghettoni,tarren-mill,1278,priest,discipline,35,14,21
Плут,blackscar,1277,priest,discipline,48,28,20
Kikoke,sanguino,1277,priest,discipline,57,33,24
Manita,archimonde,1277,priest,discipline,38,21,17
Anaalipeura,stormreaver,1277,priest,discipline,135,58,77
Pändöræ,archimonde,1277,priest,discipline,54,18,36
Darkpræcher,hyjal,1276,priest,discipline,117,68,49
Chuwbakka,kazzak,1276,priest,discipline,142,77,65
Fullymetalz,defias-brotherhood,1276,priest,discipline,64,34,30
Brainðead,aegwynn,1276,priest,discipline,64,33,31
Îndura,drakthul,1276,priest,discipline,123,62,61
Squirpox,outland,1276,priest,discipline,48,24,24
Smooky,arakarahm,1276,priest,discipline,89,41,48
Verrottênd,frostwolf,1276,priest,discipline,106,48,58
Zenoo,argent-dawn,1275,priest,discipline,36,22,14
Zerotorone,stormscale,1275,priest,discipline,110,55,55
Healy,blackrock,1275,priest,discipline,199,97,102
Capriestun,hellfire,1274,priest,discipline,34,20,14
Mallkie,ysondre,1274,priest,discipline,42,24,18
Jezlung,frostmane,1274,priest,discipline,105,59,46
Xyal,outland,1274,priest,discipline,27,15,12
Топчикс,gordunni,1274,priest,discipline,100,51,49
Suzziee,silvermoon,1274,priest,discipline,100,50,50
Dhed,turalyon,1274,priest,discipline,49,22,27
Møldark,silvermoon,1274,priest,discipline,164,73,91
Harume,argent-dawn,1273,priest,discipline,24,14,10
Clua,draenor,1273,priest,discipline,90,46,44
Voidjutsu,draenor,1273,priest,discipline,182,92,90
Ragwitch,draenor,1273,priest,discipline,60,30,30
Vedina,bronze-dragonflight,1273,priest,discipline,96,46,50
Koskice,moonglade,1272,priest,discipline,18,15,3
Мазка,galakrond,1272,priest,discipline,90,43,47
Chowhone,archimonde,1271,priest,discipline,198,99,99
Кравос,soulflayer,1271,priest,discipline,36,18,18
Obscurus,kaelthas,1271,priest,discipline,107,50,57
Liaru,aegwynn,1271,priest,discipline,114,43,71
Skarn,blackmoore,1270,priest,discipline,48,31,17
Resheff,thrall,1270,priest,discipline,43,27,16
Шпалкоклоб,soulflayer,1270,priest,discipline,30,18,12
Mishas,draenor,1270,priest,discipline,42,24,18
Lilycat,silvermoon,1270,priest,discipline,71,37,34
Стромъяр,gordunni,1270,priest,discipline,29,14,15
Samtig,malganis,1270,priest,discipline,102,47,55
Siemenspvp,drakthul,1270,priest,discipline,33,15,18
Theunknown,stormscale,1270,priest,discipline,35,15,20
Miriàl,outland,1269,priest,discipline,48,28,20
Briareax,auchindoun,1269,priest,discipline,118,66,52
Shedzinty,tarren-mill,1269,priest,discipline,94,50,44
Mitø,ravencrest,1269,priest,discipline,39,17,22
Sçumbåg,sylvanas,1269,priest,discipline,72,30,42
Battleprey,the-maelstrom,1268,priest,discipline,36,23,13
Ksiadzrydzyk,draenor,1268,priest,discipline,66,38,28
Judâspriest,twisting-nether,1268,priest,discipline,48,27,21
Vokuheala,tarren-mill,1268,priest,discipline,47,26,21
Bigfnatlund,silvermoon,1268,priest,discipline,53,26,27
Senorvåc,ravencrest,1268,priest,discipline,325,159,166
Whysomady,stormscale,1268,priest,discipline,54,20,34
Letsrock,aggra-português,1268,priest,discipline,42,15,27
Howaya,la-croisade-écarlate,1267,priest,discipline,78,42,36
Fixyou,aggra-português,1267,priest,discipline,161,79,82
Upo,kazzak,1267,priest,discipline,36,15,21
Blaçkout,ravencrest,1267,priest,discipline,130,54,76
Мерго,grom,1267,priest,discipline,74,26,48
Сорвиголов,howling-fjord,1266,priest,discipline,46,31,15
Маскона,howling-fjord,1266,priest,discipline,46,30,16
Vainry,argent-dawn,1266,priest,discipline,66,34,32
Chaosxo,draenor,1266,priest,discipline,222,104,118
Танасир,eversong,1266,priest,discipline,45,18,27
Свапмиплиз,gordunni,1265,priest,discipline,250,121,129
Shadowpeste,aggra-português,1264,priest,discipline,156,86,70
Allotment,silvermoon,1264,priest,discipline,72,38,34
Дэйвора,ashenvale,1264,priest,discipline,42,21,21
Mental,stormscale,1264,priest,discipline,42,18,24
Maylà,aegwynn,1264,priest,discipline,106,43,63
Jeanpipe,khaz-modan,1263,priest,discipline,47,29,18
Techipriest,ravencrest,1263,priest,discipline,30,18,12
Palitox,kazzak,1263,priest,discipline,54,30,24
Downtrone,blackrock,1263,priest,discipline,198,100,98
Ruîzz,sanguino,1263,priest,discipline,212,102,110
Kertith,argent-dawn,1263,priest,discipline,91,43,48
Seneth,twisting-nether,1263,priest,discipline,41,16,25
Deneye,thunderhorn,1262,priest,discipline,102,58,44
Khato,rexxar,1262,priest,discipline,75,39,36
Вестайс,gordunni,1262,priest,discipline,154,74,80
Дайбчик,gordunni,1261,priest,discipline,80,45,35
Nimako,silvermoon,1261,priest,discipline,135,68,67
Rhåenyra,ravencrest,1260,priest,discipline,36,23,13
Maxhima,defias-brotherhood,1260,priest,discipline,168,90,78
Virgosenpai,silvermoon,1260,priest,discipline,57,28,29
Darknëss,malganis,1260,priest,discipline,45,22,23
Euphorius,blackmoore,1260,priest,discipline,66,32,34
Doncamïllo,blackrock,1260,priest,discipline,101,48,53
Jazzek,burning-legion,1260,priest,discipline,86,40,46
Ментэс,gordunni,1259,priest,discipline,24,15,9
Liasanya,kelthuzad,1259,priest,discipline,30,18,12
Healeurway,dalaran,1259,priest,discipline,235,123,112
Miralou,ravencrest,1259,priest,discipline,618,315,303
Юлих,booty-bay,1259,priest,discipline,296,139,157
Coolestguy,ravencrest,1259,priest,discipline,83,38,45
Popelings,twisting-nether,1259,priest,discipline,54,20,34
Qyi,the-maelstrom,1258,priest,discipline,54,31,23
Сюрпрайзик,gordunni,1258,priest,discipline,36,20,16
Ernyos,anubarak,1258,priest,discipline,54,24,30
Jaheim,tarren-mill,1258,priest,discipline,92,40,52
Утяути,ashenvale,1258,priest,discipline,34,14,20
Болътвоя,gordunni,1257,priest,discipline,36,21,15
Акктуальная,deepholm,1257,priest,discipline,90,47,43
Añgêl,ravencrest,1257,priest,discipline,195,99,96
Zranda,magtheridon,1257,priest,discipline,180,90,90
Gudrinieks,shattered-halls,1257,priest,discipline,93,41,52
Kïmbo,kazzak,1257,priest,discipline,71,28,43
Numi,blackmoore,1256,priest,discipline,185,104,81
Øwlsoo,confrérie-du-thorium,1256,priest,discipline,136,70,66
Nashára,defias-brotherhood,1256,priest,discipline,186,90,96
Schlúckunweg,antonidas,1256,priest,discipline,102,46,56
Preoteasa,kazzak,1256,priest,discipline,108,47,61
Mwxz,ravencrest,1255,priest,discipline,36,17,19
Míllerzz,ragnaros,1255,priest,discipline,54,22,32
Headieone,kazzak,1254,priest,discipline,24,15,9
Praystatîon,dragonblight,1254,priest,discipline,132,80,52
Хъи,gordunni,1254,priest,discipline,42,23,19
Mortex,nemesis,1254,priest,discipline,74,39,35
Деривация,grom,1254,priest,discipline,79,39,40
Вартэг,blackscar,1254,priest,discipline,60,28,32
Nirsis,dun-modr,1254,priest,discipline,225,103,122
Lothbruke,twisting-nether,1254,priest,discipline,164,74,90
Filtro,eredar,1253,priest,discipline,364,178,186
Alisíria,sylvanas,1252,priest,discipline,89,50,39
Angusbeêf,blackrock,1252,priest,discipline,314,159,155
Discokuken,outland,1252,priest,discipline,77,35,42
Blackheal,sanguino,1252,priest,discipline,179,79,100
Torcena,garrosh,1252,priest,discipline,48,16,32
Shaydi,todeswache,1251,priest,discipline,24,18,6
Zolfiqar,tarren-mill,1251,priest,discipline,60,37,23
Juhduss,tarren-mill,1251,priest,discipline,41,22,19
Даркфолс,soulflayer,1251,priest,discipline,59,30,29
Leprie,draenor,1251,priest,discipline,63,29,34
Джаджафирз,howling-fjord,1251,priest,discipline,50,22,28
Shadowhawke,argent-dawn,1251,priest,discipline,46,20,26
Creepa,area-52,1250,priest,discipline,24,14,10
Dotctor,ysondre,1250,priest,discipline,113,61,52
Estarôn,antonidas,1250,priest,discipline,54,23,31
Szeky,ragnaros,1250,priest,discipline,54,21,33
Isoris,hyjal,1249,priest,discipline,58,29,29
Arklim,burning-blade,1249,priest,discipline,119,51,68
Iskáral,frostmourne,1249,priest,discipline,78,26,52
Cbbigbape,thrall,1248,priest,discipline,18,13,5
Pixelpriest,argent-dawn,1248,priest,discipline,186,109,77
Suprenext,draenor,1248,priest,discipline,24,13,11
Одинокаягора,gordunni,1248,priest,discipline,93,46,47
Desmile,eredar,1248,priest,discipline,60,28,32
Stmichael,silvermoon,1248,priest,discipline,38,15,23
Skillir,der-abyssische-rat,1247,priest,discipline,18,13,5
Litenbitbifx,twisting-nether,1247,priest,discipline,18,13,5
Møelester,antonidas,1247,priest,discipline,18,13,5
Nogz,rashgarroth,1247,priest,discipline,62,38,24
Finizkram,sylvanas,1247,priest,discipline,24,13,11
Malíficent,draenor,1247,priest,discipline,36,15,21
Xourin,blackrock,1247,priest,discipline,34,14,20
Карбонит,fordragon,1247,priest,discipline,36,13,23
Icepoint,aggra-português,1247,priest,discipline,36,13,23
Niwothethird,ravencrest,1246,priest,discipline,16,14,2
Bottom,blackmoore,1246,priest,discipline,24,13,11
Джастха,soulflayer,1246,priest,discipline,24,13,11
Bowellpriest,magtheridon,1246,priest,discipline,33,17,16
Oncooldown,thrall,1246,priest,discipline,138,66,72
Quepimquepam,tarren-mill,1246,priest,discipline,41,18,23
Boniesmack,stormscale,1246,priest,discipline,48,21,27
Muant,twisting-nether,1246,priest,discipline,30,13,17
Luilos,twisting-nether,1246,priest,discipline,120,50,70
Dade,nemesis,1245,priest,discipline,24,13,11
Yllaenia,twisting-nether,1245,priest,discipline,24,13,11
Søînx,archimonde,1245,priest,discipline,61,32,29
Smellypecker,argent-dawn,1245,priest,discipline,78,40,38
Умом,gordunni,1245,priest,discipline,30,13,17
Prestigé,vashj,1245,priest,discipline,30,13,17
Divaz,eredar,1245,priest,discipline,78,33,45
Drïxit,illidan,1245,priest,discipline,36,13,23
Theycmedotin,blackhand,1245,priest,discipline,42,13,29
Moonacky,bronze-dragonflight,1244,priest,discipline,18,13,5
Byzzi,draenor,1244,priest,discipline,18,13,5
Hotdog,kult-der-verdammten,1244,priest,discipline,30,17,13
Kovács,tarren-mill,1244,priest,discipline,105,59,46
Lykster,blackrock,1244,priest,discipline,50,27,23
Nomps,stormscale,1244,priest,discipline,52,27,25
Asuriyan,ravenholdt,1244,priest,discipline,112,55,57
Doombrew,blackmoore,1244,priest,discipline,30,13,17
Wynkx,zuljin,1244,priest,discipline,84,35,49
Kaleshiry,kazzak,1244,priest,discipline,36,14,22
Takeoff,dun-morogh,1243,priest,discipline,36,23,13
Chalecø,dun-modr,1243,priest,discipline,24,13,11
Tjackballé,tarren-mill,1243,priest,discipline,24,13,11
Новокшан,soulflayer,1243,priest,discipline,45,23,22
Priestagon,azjolnerub,1243,priest,discipline,30,15,15
Kafrine,kaelthas,1243,priest,discipline,54,25,29
Luxor,outland,1243,priest,discipline,30,13,17
Hurtless,ravencrest,1243,priest,discipline,33,13,20
Zìrkâ,drekthar,1243,priest,discipline,57,21,36
Xälis,ysondre,1243,priest,discipline,66,23,43
Haileybailey,stormreaver,1242,priest,discipline,46,33,13
Ulalume,ravencrest,1242,priest,discipline,47,32,15
Negcntsm,aegwynn,1242,priest,discipline,47,27,20
Ultraviojung,kazzak,1242,priest,discipline,72,39,33
Diszis,blackhand,1242,priest,discipline,24,13,11
Jessijones,gorgonnash,1242,priest,discipline,24,13,11
Мсикатана,gordunni,1242,priest,discipline,24,13,11
Lévention,stormscale,1242,priest,discipline,40,21,19
Ästûr,sanguino,1242,priest,discipline,90,47,43
Джиннекс,gordunni,1242,priest,discipline,173,88,85
Pulttipiispa,ravencrest,1242,priest,discipline,59,28,31
Facemelterx,azjolnerub,1242,priest,discipline,42,19,23
Zelyxoxo,blackrock,1242,priest,discipline,30,13,17
Grandpatea,silvermoon,1241,priest,discipline,18,13,5
Toasttwo,kazzak,1241,priest,discipline,18,13,5
Pownme,blackmoore,1241,priest,discipline,60,36,24
Deyxq,lothar,1241,priest,discipline,24,13,11
Akeejprix,ravencrest,1241,priest,discipline,24,13,11
Rog,norgannon,1241,priest,discipline,36,19,17
Piitixd,burning-legion,1241,priest,discipline,82,38,44
Santinix,drakthul,1241,priest,discipline,66,28,38
Valyreon,outland,1241,priest,discipline,42,13,29
Yves,malygos,1240,priest,discipline,24,14,10
Pristel,twisting-nether,1240,priest,discipline,24,13,11
Trimégiste,hyjal,1240,priest,discipline,196,103,93
Kellen,burning-blade,1240,priest,discipline,162,82,80
Zamurak,outland,1240,priest,discipline,119,59,60
Æzy,burning-blade,1240,priest,discipline,54,26,28
Petshopboi,sylvanas,1240,priest,discipline,33,15,18
Aptz,twisting-nether,1240,priest,discipline,36,13,23
Druzhok,sylvanas,1239,priest,discipline,24,13,11
Стиллх,blackscar,1239,priest,discipline,97,49,48
Áphrodite,outland,1239,priest,discipline,47,23,24
Noyxz,frostmourne,1239,priest,discipline,44,20,24
Izaa,silvermoon,1239,priest,discipline,48,21,27
Madreöscura,cthun,1239,priest,discipline,75,32,43
Скорояпомощь,gordunni,1238,priest,discipline,131,73,58
Lanfear,shadowsong,1238,priest,discipline,24,13,11
Ezrox,neptulon,1238,priest,discipline,87,45,42
Apèx,blackrock,1238,priest,discipline,78,40,38
Asnur,argent-dawn,1238,priest,discipline,84,43,41
Türapea,draenor,1238,priest,discipline,122,61,61
Moonsalt,doomhammer,1238,priest,discipline,36,17,19
Гальционна,gordunni,1238,priest,discipline,43,20,23
Crop,nemesis,1238,priest,discipline,54,21,33
Бичиотаке,azuregos,1238,priest,discipline,36,13,23
Mandible,aggramar,1237,priest,discipline,42,26,16
Fingerblast,sanguino,1237,priest,discipline,60,36,24
Javvi,sylvanas,1237,priest,discipline,100,59,41
Rollingpork,burning-legion,1237,priest,discipline,30,16,14
Prooph,tarren-mill,1237,priest,discipline,30,16,14
Serach,ravencrest,1237,priest,discipline,36,19,17
Csiillux,ragnaros,1237,priest,discipline,72,37,35
Renesmè,archimonde,1237,priest,discipline,36,17,19
Sazo,drakthul,1237,priest,discipline,38,16,22
Mcbooee,outland,1236,priest,discipline,115,61,54
Piotrek,hyjal,1236,priest,discipline,40,20,20
Sahu,kult-der-verdammten,1236,priest,discipline,44,21,23
Blúefox,malfurion,1236,priest,discipline,32,14,18
Crazypablito,burning-legion,1236,priest,discipline,59,25,34
Velix,outland,1235,priest,discipline,18,13,5
Tiïnstrument,khaz-modan,1235,priest,discipline,70,40,30
Odysseuz,nazjatar,1235,priest,discipline,51,28,23
Holycowheals,the-maelstrom,1235,priest,discipline,149,80,69
Tallzoné,ravencrest,1235,priest,discipline,195,103,92
Щакактрахнем,gordunni,1235,priest,discipline,132,63,69
Nemista,hyjal,1235,priest,discipline,78,37,41
Bärgarn,tarren-mill,1235,priest,discipline,30,13,17
Fiftyfives,hyjal,1235,priest,discipline,30,13,17
Plzhealme,stormscale,1234,priest,discipline,18,15,3
Mivale,aszune,1234,priest,discipline,26,15,11
Arondir,defias-brotherhood,1234,priest,discipline,100,55,45
Housty,chamber-of-aspects,1234,priest,discipline,24,13,11
Glaces,archimonde,1234,priest,discipline,95,49,46
Neytirinqt,doomhammer,1234,priest,discipline,218,110,108
Зашохэйт,soulflayer,1234,priest,discipline,59,29,30
Tlc,dragonmaw,1234,priest,discipline,163,77,86
Zubrowkâ,kazzak,1234,priest,discipline,104,48,56
Mournus,defias-brotherhood,1233,priest,discipline,143,81,62
Séfaron,blackmoore,1233,priest,discipline,93,51,42
Somai,aegwynn,1233,priest,discipline,24,13,11
Brach,nazjatar,1233,priest,discipline,138,70,68
Badgirlterri,hyjal,1233,priest,discipline,71,36,35
Soehzz,khaz-modan,1233,priest,discipline,90,45,45
Kangkong,burning-legion,1233,priest,discipline,45,22,23
Hêsêkiêl,eredar,1233,priest,discipline,96,46,50
Xkv,blackmoore,1232,priest,discipline,60,35,25
Addickted,defias-brotherhood,1232,priest,discipline,36,20,16
Janinw,sylvanas,1232,priest,discipline,30,13,17
Relöaded,kazzak,1232,priest,discipline,144,60,84
Romelu,archimonde,1231,priest,discipline,88,48,40
Akingodxz,twisting-nether,1231,priest,discipline,24,13,11
Justkorèan,stormscale,1231,priest,discipline,24,13,11
Galilea,sanguino,1231,priest,discipline,24,13,11
Ticklebell,ravencrest,1231,priest,discipline,279,147,132
Whitehusky,antonidas,1231,priest,discipline,72,37,35
Залупский,gordunni,1231,priest,discipline,60,29,31
Blondi,darksorrow,1231,priest,discipline,118,55,63
Sastry,drakthul,1231,priest,discipline,42,19,23
Whiteshadöw,archimonde,1231,priest,discipline,66,25,41
Compact,blackrock,1231,priest,discipline,54,18,36
Япараноик,howling-fjord,1230,priest,discipline,29,22,7
Sluttyfåk,aszune,1230,priest,discipline,23,17,6
Tokushiro,sylvanas,1230,priest,discipline,48,25,23
Bòóni,ravencrest,1230,priest,discipline,47,21,26
Gibbons,chogall,1230,priest,discipline,30,13,17
Omnissiiah,silvermoon,1230,priest,discipline,42,14,28
Джейнкелли,borean-tundra,1229,priest,discipline,325,177,148
Iømÿnudir,archimonde,1229,priest,discipline,121,60,61
Ellianore,les-sentinelles,1229,priest,discipline,112,54,58
Holydoughnut,stormscale,1229,priest,discipline,66,31,35
Grimveil,sylvanas,1229,priest,discipline,107,50,57
Пенансиня,gordunni,1229,priest,discipline,36,13,23
Alreadylost,ragnaros,1228,priest,discipline,24,13,11
Stilnðx,nemesis,1228,priest,discipline,35,16,19
Deathstrike,blackrock,1228,priest,discipline,36,15,21
Felerman,kazzak,1228,priest,discipline,36,13,23
Critikal,dun-modr,1228,priest,discipline,54,19,35
Гролгул,eversong,1227,priest,discipline,30,16,14
Dafúq,draenor,1227,priest,discipline,40,20,20
Sinatra,sylvanas,1227,priest,discipline,163,80,83
Héntai,argent-dawn,1227,priest,discipline,42,19,23
Wilem,sanguino,1227,priest,discipline,42,18,24
Xidrin,antonidas,1226,priest,discipline,28,16,12
Волкерия,howling-fjord,1226,priest,discipline,124,70,54
Pvpriestess,silvermoon,1226,priest,discipline,208,102,106
Jetlw,ravencrest,1226,priest,discipline,30,13,17
Vishnia,defias-brotherhood,1226,priest,discipline,52,22,30
Aquillon,outland,1225,priest,discipline,24,13,11
Dopemine,ragnaros,1225,priest,discipline,61,32,29
Índica,stormreaver,1225,priest,discipline,113,59,54
Netomv,kazzak,1225,priest,discipline,53,27,26
Aléhyl,la-croisade-écarlate,1225,priest,discipline,358,179,179
Tüddelmôrs,eredar,1225,priest,discipline,58,29,29
Discovery,aggra-português,1225,priest,discipline,91,45,46
Жрицазла,soulflayer,1225,priest,discipline,84,41,43
Nukksch,antonidas,1225,priest,discipline,289,136,153
Undertaken,arathi,1225,priest,discipline,30,13,17
Saat,dalaran,1224,priest,discipline,32,21,11
Baglet,ravencrest,1224,priest,discipline,24,13,11
Bananensuppe,kult-der-verdammten,1224,priest,discipline,120,56,64
Garie,thrall,1224,priest,discipline,122,55,67
Elfhelp,ravencrest,1224,priest,discipline,140,62,78
Рукатёмная,soulflayer,1224,priest,discipline,90,39,51
Pharli,stormscale,1224,priest,discipline,30,13,17
Nøwénna,ravencrest,1224,priest,discipline,48,13,35
Illcomback,archimonde,1223,priest,discipline,35,23,12
Brronxx,frostwolf,1223,priest,discipline,24,13,11
Feoss,kaelthas,1223,priest,discipline,74,38,36
Huhu,defias-brotherhood,1223,priest,discipline,41,21,20
Elenyel,thunderhorn,1222,priest,discipline,18,13,5
Dosentti,ragnaros,1222,priest,discipline,24,14,10
Magnificito,silvermoon,1222,priest,discipline,54,28,26
Jessrabbit,drakthul,1222,priest,discipline,87,45,42
Holykebab,defias-brotherhood,1222,priest,discipline,36,13,23
Nondi,frostmane,1221,priest,discipline,54,28,26
Henreita,darksorrow,1221,priest,discipline,65,33,32
Taiz,los-errantes,1221,priest,discipline,71,27,44
Stigy,auchindoun,1220,priest,discipline,120,62,58
Aetherah,outland,1220,priest,discipline,150,75,75
Aerosoll,drakthul,1220,priest,discipline,42,21,21
Héternel,ysondre,1220,priest,discipline,108,52,56
Самурайко,booty-bay,1220,priest,discipline,97,45,52
Myskou,ragnaros,1219,priest,discipline,24,19,5
Hopsalopsa,argent-dawn,1219,priest,discipline,18,13,5
Rúbý,tarren-mill,1219,priest,discipline,171,90,81
Фрит,lich-king,1219,priest,discipline,147,77,70
Madilim,kazzak,1219,priest,discipline,41,20,21
Карнотит,howling-fjord,1219,priest,discipline,180,82,98
Elusivv,blackhand,1219,priest,discipline,30,13,17
Tiefergelegt,arthas,1219,priest,discipline,60,25,35
Talonjean,conseil-des-ombres,1218,priest,discipline,24,13,11
Catvrix,ravencrest,1218,priest,discipline,60,31,29
Монесса,howling-fjord,1218,priest,discipline,68,32,36
Rickermortis,defias-brotherhood,1218,priest,discipline,47,19,28
Thakjing,bladefist,1218,priest,discipline,52,20,32
Attenna,ravencrest,1217,priest,discipline,81,34,47
Nìak,ysondre,1217,priest,discipline,100,39,61
Svetidjordje,tarren-mill,1216,priest,discipline,27,16,11
Søs,eldrethalas,1216,priest,discipline,96,55,41
Pleistras,magtheridon,1216,priest,discipline,240,130,110
Healsquad,draenor,1216,priest,discipline,128,64,64
Osyrîss,garona,1216,priest,discipline,30,13,17
Shadoomed,kazzak,1216,priest,discipline,78,32,46
Frauheilung,blackmoore,1216,priest,discipline,71,27,44
Rngq,burning-blade,1215,priest,discipline,23,13,10
Gooldan,draenor,1215,priest,discipline,198,108,90
Patoroch,terokkar,1215,priest,discipline,54,29,25
Лолиэль,soulflayer,1215,priest,discipline,93,49,44
Ihealzem,tarren-mill,1215,priest,discipline,30,14,16
Orbea,sinstralis,1214,priest,discipline,28,23,5
Eoghann,frostmane,1214,priest,discipline,24,15,9
Popegoat,ragnaros,1214,priest,discipline,144,87,57
Feydottir,draenor,1214,priest,discipline,36,19,17
Valnaya,draenor,1214,priest,discipline,146,77,69
Arenarooky,eredar,1214,priest,discipline,66,32,34
Аквариусс,gordunni,1214,priest,discipline,94,45,49
Флэнсер,soulflayer,1214,priest,discipline,276,131,145
Roosy,malganis,1214,priest,discipline,41,16,25
Nymrasus,ravencrest,1213,priest,discipline,24,13,11
Littleabs,the-maelstrom,1213,priest,discipline,77,38,39
Antiexhile,kazzak,1213,priest,discipline,41,20,21
Gutfroy,conseil-des-ombres,1212,priest,discipline,28,17,11
Koíré,defias-brotherhood,1212,priest,discipline,42,21,21
Ziraclès,archimonde,1212,priest,discipline,54,25,29
Kiesp,tarren-mill,1212,priest,discipline,72,31,41
Nolosme,blackrock,1212,priest,discipline,96,39,57
Demorog,stormscale,1211,priest,discipline,24,15,9
Kínson,the-maelstrom,1211,priest,discipline,91,52,39
Neosix,sanguino,1211,priest,discipline,66,36,30
Gsync,drakthul,1211,priest,discipline,24,13,11
Haregnor,gorgonnash,1211,priest,discipline,90,48,42
Potatø,antonidas,1211,priest,discipline,54,27,27
Allisandre,hellscream,1211,priest,discipline,36,18,18
Nixxaa,drakthul,1210,priest,discipline,36,16,20
Brøwney,blackmoore,1210,priest,discipline,71,29,42
Swaggerboy,alakir,1210,priest,discipline,41,13,28
Фрустрациия,soulflayer,1209,priest,discipline,69,37,32
Jeuwls,argent-dawn,1209,priest,discipline,121,64,57
Thimble,blackhand,1209,priest,discipline,37,17,20
Krakjak,twisting-nether,1209,priest,discipline,45,20,25
Lithiux,kazzak,1209,priest,discipline,33,13,20
Гуляль,howling-fjord,1208,priest,discipline,124,70,54
Byshadow,silvermoon,1208,priest,discipline,36,18,18
Lalola,tarren-mill,1208,priest,discipline,153,76,77
Enerpriest,ysondre,1208,priest,discipline,90,43,47
Voodoo,the-maelstrom,1207,priest,discipline,24,13,11
Могвайи,soulflayer,1207,priest,discipline,72,38,34
Duem,kazzak,1207,priest,discipline,62,31,31
Nëophytë,zuljin,1207,priest,discipline,78,38,40
Dúréx,sanguino,1207,priest,discipline,39,19,20
Drennaria,draenor,1207,priest,discipline,71,33,38
Petitcaca,outland,1207,priest,discipline,99,45,54
Vilda,argent-dawn,1207,priest,discipline,60,27,33
Detlaff,kazzak,1207,priest,discipline,48,19,29
Абсорберша,gordunni,1206,priest,discipline,24,14,10
Holymoni,ragnaros,1206,priest,discipline,60,30,30
Hombre,anetheron,1206,priest,discipline,28,14,14
Опрометчивый,soulflayer,1206,priest,discipline,56,24,32
Thyrandis,dragonblight,1206,priest,discipline,34,14,20
Nostramo,kirin-tor,1206,priest,discipline,54,19,35
Гантелявухо,eversong,1205,priest,discipline,24,14,10
Crazyhemsire,twisting-nether,1205,priest,discipline,54,31,23
Nethenielle,malganis,1205,priest,discipline,42,20,22
Kenderke,ragnaros,1205,priest,discipline,53,24,29
Julianpriest,nethersturm,1205,priest,discipline,58,17,41
Siionova,antonidas,1204,priest,discipline,57,31,26
Jyncs,auchindoun,1204,priest,discipline,132,69,63
Тосибоська,gordunni,1204,priest,discipline,29,15,14
Asolan,drakthul,1204,priest,discipline,192,98,94
Zergo,karazhan,1204,priest,discipline,202,91,111
Natsukie,gorgonnash,1204,priest,discipline,60,27,33
Æøí,blackmoore,1204,priest,discipline,37,16,21
Deppara,twisting-nether,1203,priest,discipline,69,40,29
Nazo,sylvanas,1203,priest,discipline,95,52,43
Styleexdd,ragnaros,1203,priest,discipline,86,43,43
Novilas,thrall,1203,priest,discipline,42,21,21
Забвениеждёт,gordunni,1203,priest,discipline,89,41,48
Pôl,tarren-mill,1203,priest,discipline,45,20,25
Aragona,tarren-mill,1203,priest,discipline,56,23,33
Мерсициглер,gordunni,1203,priest,discipline,36,14,22
Umbraya,blackhand,1203,priest,discipline,78,26,52
Beaglep,blackrock,1203,priest,discipline,53,13,40
Wozix,blackhand,1202,priest,discipline,24,14,10
Педаньтяйка,gordunni,1202,priest,discipline,288,158,130
Lzmad,archimonde,1202,priest,discipline,72,38,34
Diçkhëad,ravencrest,1202,priest,discipline,115,57,58
Calah,frostwhisper,1202,priest,discipline,36,13,23
Pbwser,silvermoon,1202,priest,discipline,42,13,29
Adssdfhjgh,outland,1201,priest,discipline,30,15,15
Shelyndra,doomhammer,1201,priest,discipline,149,66,83
Hardloker,ravencrest,1201,priest,discipline,96,41,55
Mjölkpelle,twisting-nether,1200,priest,discipline,30,23,7
Xyrël,blackrock,1200,priest,discipline,24,13,11
Tutenhamonek,outland,1200,priest,discipline,108,55,53
Pasalacabra,zuljin,1200,priest,discipline,30,15,15
Shadowzen,darkspear,1200,priest,discipline,54,26,28
Chooser,stormscale,1200,priest,discipline,32,14,18
Balhlin,argent-dawn,1200,priest,discipline,88,38,50
Cøøbrà,hyjal,1199,priest,discipline,106,58,48
Réborn,tarren-mill,1199,priest,discipline,111,59,52
Kaktosz,ragnaros,1199,priest,discipline,84,32,52
Khai,tarren-mill,1198,priest,discipline,145,77,68
Nelvor,silvermoon,1198,priest,discipline,48,25,23
Pebbles,antonidas,1198,priest,discipline,42,21,21
Hensynsløs,draenor,1198,priest,discipline,97,47,50
Alptoxlôl,blackhand,1198,priest,discipline,66,31,35
Deliâz,aegwynn,1197,priest,discipline,84,33,51
Celina,quelthalas,1197,priest,discipline,42,13,29
Slyntan,ragnaros,1196,priest,discipline,30,16,14
Freeve,outland,1196,priest,discipline,30,15,15
Unleet,sylvanas,1195,priest,discipline,124,61,63
Äncient,ragnaros,1195,priest,discipline,60,28,32
Elclasico,blackrock,1195,priest,discipline,86,39,47
Rrdisc,kazzak,1195,priest,discipline,90,39,51
Raptichou,hyjal,1194,priest,discipline,24,14,10
Swdscript,drakthul,1194,priest,discipline,29,14,15
Lãwh,hyjal,1194,priest,discipline,95,45,50
Bicepvein,sylvanas,1193,priest,discipline,21,13,8
Лилсейнтс,gordunni,1193,priest,discipline,48,14,34
Ünholy,burning-legion,1192,priest,discipline,57,33,24
Шуали,grom,1192,priest,discipline,106,54,52
Vès,stormscale,1192,priest,discipline,114,56,58
Drsmort,blackrock,1192,priest,discipline,153,75,78
Якакиисус,gordunni,1192,priest,discipline,136,65,71
Zentro,turalyon,1192,priest,discipline,133,62,71
Achillesheal,alakir,1192,priest,discipline,30,13,17
Príester,rexxar,1191,priest,discipline,70,38,32
Pugnatorius,archimonde,1191,priest,discipline,87,41,46
Huljin,stormscale,1191,priest,discipline,68,32,36
Тэвиель,gordunni,1191,priest,discipline,102,38,64
Sandaal,drakthul,1190,priest,discipline,107,52,55
Пофанчику,gordunni,1190,priest,discipline,107,49,58
Eludiya,silvermoon,1190,priest,discipline,116,53,63
Uro,tirion,1190,priest,discipline,41,14,27
Staatsfeind,blackmoore,1189,priest,discipline,81,44,37
Kochepri,archimonde,1189,priest,discipline,42,22,20
Arwen,azjolnerub,1189,priest,discipline,120,61,59
Zabajona,burning-legion,1189,priest,discipline,48,22,26
Ewolet,silvermoon,1189,priest,discipline,36,14,22
Drtickomaru,drakthul,1188,priest,discipline,44,20,24
Lauvcraft,outland,1188,priest,discipline,42,19,23
Chaosweavèr,outland,1188,priest,discipline,36,13,23
Nicnacz,stormscale,1187,priest,discipline,71,30,41
Megalodön,draenor,1187,priest,discipline,45,17,28
Lillthya,kazzak,1186,priest,discipline,58,24,34
Zhyn,turalyon,1185,priest,discipline,30,18,12
Дракулесса,gordunni,1185,priest,discipline,69,33,36
Юкич,soulflayer,1185,priest,discipline,40,14,26
Lucianßk,sanguino,1184,priest,discipline,54,28,26
Joebando,ravencrest,1184,priest,discipline,290,144,146
Tristar,nethersturm,1184,priest,discipline,47,21,26
Freezydot,silvermoon,1183,priest,discipline,87,49,38
Aprima,culte-de-la-rive-noire,1183,priest,discipline,84,44,40
Merkabah,azjolnerub,1183,priest,discipline,223,104,119
Ghorfindel,kaelthas,1183,priest,discipline,107,49,58
Erupyks,archimonde,1183,priest,discipline,97,39,58
Adizeww,kazzak,1183,priest,discipline,96,35,61
Rizeup,darksorrow,1182,priest,discipline,50,31,19
Shadiè,sylvanas,1182,priest,discipline,26,13,13
Vèrcs,silvermoon,1182,priest,discipline,65,31,34
Sacerfull,sanguino,1182,priest,discipline,151,72,79
Isore,culte-de-la-rive-noire,1182,priest,discipline,221,105,116
Nekros,agamaggan,1182,priest,discipline,32,15,17
Taili,ysondre,1182,priest,discipline,38,14,24
Biierlip,twisting-nether,1182,priest,discipline,83,28,55
Hasnaa,silvermoon,1181,priest,discipline,27,17,10
Itchzi,alonsus,1181,priest,discipline,79,40,39
Leonard,nemesis,1181,priest,discipline,34,17,17
Эйвиг,blackscar,1181,priest,discipline,92,38,54
Gesucristò,pozzo-delleternità,1180,priest,discipline,48,25,23
Confess,archimonde,1180,priest,discipline,48,25,23
Swtt,sanguino,1180,priest,discipline,84,41,43
Dayu,blackrock,1180,priest,discipline,36,13,23
Sisdenna,doomhammer,1179,priest,discipline,290,150,140
Шадия,ashenvale,1178,priest,discipline,37,18,19
Xail,blackrock,1178,priest,discipline,96,43,53
Wandéline,arathi,1178,priest,discipline,71,30,41
Riseandshine,draenor,1178,priest,discipline,36,15,21
Vésph,draenor,1178,priest,discipline,111,42,69
Jaimeê,der-rat-von-dalaran,1177,priest,discipline,31,16,15
Анааким,soulflayer,1177,priest,discipline,135,67,68
Lightz,veklor,1177,priest,discipline,68,33,35
Amaloo,ravencrest,1177,priest,discipline,120,53,67
Thesunbeam,silvermoon,1177,priest,discipline,44,16,28
Kinn,kaelthas,1176,priest,discipline,84,44,40
Karellian,silvermoon,1176,priest,discipline,83,42,41
Vrêth,blackmoore,1176,priest,discipline,39,15,24
Malîken,silvermoon,1174,priest,discipline,48,29,19
Аэрэта,deathguard,1174,priest,discipline,129,68,61
Zaradana,tarren-mill,1174,priest,discipline,99,51,48
Loetharion,archimonde,1174,priest,discipline,71,36,35
Phórkys,kazzak,1174,priest,discipline,904,444,460
Iloa,dun-morogh,1173,priest,discipline,95,54,41
Levinson,zuljin,1173,priest,discipline,221,120,101
Свежага,howling-fjord,1173,priest,discipline,111,51,60
Aladorius,la-croisade-écarlate,1172,priest,discipline,108,53,55
Ancium,silvermoon,1172,priest,discipline,30,13,17
Парикнахер,soulflayer,1171,priest,discipline,36,23,13
Captn,draenor,1171,priest,discipline,54,22,32
Гомотряс,howling-fjord,1170,priest,discipline,131,73,58
Pohyoloo,turalyon,1170,priest,discipline,51,28,23
Pontifex,baelgun,1170,priest,discipline,276,147,129
Vempress,neptulon,1170,priest,discipline,200,97,103
Мегаствол,howling-fjord,1170,priest,discipline,78,33,45
Àri,magtheridon,1170,priest,discipline,41,15,26
Diff,thrall,1169,priest,discipline,237,115,122
Seras,bloodfeather,1169,priest,discipline,203,98,105
Сайннз,howling-fjord,1169,priest,discipline,180,86,94
Ноубадди,howling-fjord,1169,priest,discipline,67,32,35
Bimbax,dun-modr,1169,priest,discipline,47,16,31
Gertie,blackhand,1168,priest,discipline,100,52,48
Cherrycat,doomhammer,1168,priest,discipline,250,124,126
Hugokatt,silvermoon,1167,priest,discipline,25,13,12
Яестькенни,soulflayer,1167,priest,discipline,102,51,51
Liaril,sanguino,1166,priest,discipline,24,13,11
Nupzie,stormscale,1166,priest,discipline,81,42,39
Айболитова,grom,1166,priest,discipline,33,15,18
Cupcakes,ahnqiraj,1166,priest,discipline,60,26,34
Sòsò,archimonde,1165,priest,discipline,113,56,57
Dementzia,argent-dawn,1165,priest,discipline,143,68,75
Fordead,krasus,1165,priest,discipline,84,30,54
Xodze,outland,1164,priest,discipline,24,14,10
Zugly,antonidas,1164,priest,discipline,36,19,17
Fragilex,uldaman,1164,priest,discipline,96,50,46
Blååb,draenor,1164,priest,discipline,25,13,12
Saru,uldaman,1164,priest,discipline,105,54,51
Undeadv,twisting-nether,1164,priest,discipline,64,25,39
Redblue,onyxia,1163,priest,discipline,42,26,16
Bojestvena,neptulon,1163,priest,discipline,107,59,48
Xghazo,sylvanas,1163,priest,discipline,88,42,46
Olîra,hyjal,1163,priest,discipline,30,14,16
Biigy,hyjal,1163,priest,discipline,30,14,16
Firstkiss,rexxar,1162,priest,discipline,66,35,31
Lísan,ravencrest,1162,priest,discipline,117,60,57
Zùt,ysondre,1162,priest,discipline,90,44,46
Побьюкадилом,gordunni,1162,priest,discipline,37,15,22
Klaura,blackmoore,1161,priest,discipline,30,15,15
Desperion,ragnaros,1161,priest,discipline,195,93,102
Латрам,greymane,1161,priest,discipline,130,58,72
Bangrinu,chamber-of-aspects,1161,priest,discipline,66,29,37
Werita,frostmane,1161,priest,discipline,146,64,82
Jeus,malganis,1160,priest,discipline,77,36,41
Shaov,archimonde,1160,priest,discipline,48,22,26
Milessa,steamwheedle-cartel,1160,priest,discipline,66,29,37
Templanzaa,cthun,1159,priest,discipline,54,27,27
Таймыр,gordunni,1159,priest,discipline,179,83,96
Акимбопушка,howling-fjord,1159,priest,discipline,74,27,47
Korvmoj,ravencrest,1158,priest,discipline,97,54,43
Vebbysor,sylvanas,1158,priest,discipline,30,15,15
Holybestie,eredar,1158,priest,discipline,47,23,24
Bepbepp,archimonde,1158,priest,discipline,38,18,20
Chega,malganis,1158,priest,discipline,126,56,70
Leønix,malfurion,1157,priest,discipline,33,18,15
Johnnypleb,blackrock,1157,priest,discipline,126,65,61
Dâhliá,blackmoore,1156,priest,discipline,43,20,23
Eník,blackrock,1156,priest,discipline,127,59,68
Lílíana,thrall,1156,priest,discipline,138,62,76
Nuklash,burning-legion,1156,priest,discipline,64,28,36
Arttos,antonidas,1156,priest,discipline,42,16,26
Fîoras,blackrock,1155,priest,discipline,60,36,24
Vecaya,blackrock,1155,priest,discipline,42,22,20
Silë,auchindoun,1155,priest,discipline,38,14,24
Astraniaa,blackmoore,1154,priest,discipline,82,37,45
Frittê,anetheron,1153,priest,discipline,99,51,48
Sildane,kirin-tor,1153,priest,discipline,84,42,42
Prstenskråka,ragnaros,1153,priest,discipline,48,22,26
Nstp,zuljin,1152,priest,discipline,24,12,12
Djros,magtheridon,1152,priest,discipline,24,12,12
Proxsjr,ravencrest,1152,priest,discipline,24,12,12
Feyerz,tarren-mill,1152,priest,discipline,24,12,12
Heab,aegwynn,1152,priest,discipline,24,12,12
Lightbulp,draenor,1152,priest,discipline,42,20,22
Lastchance,ravencrest,1152,priest,discipline,30,12,18
Djrussia,tarren-mill,1152,priest,discipline,30,12,18
Shakalol,kazzak,1152,priest,discipline,33,13,20
Bellrøck,nemesis,1151,priest,discipline,18,12,6
Flanderspri,ravencrest,1151,priest,discipline,18,12,6
Yarok,anubarak,1151,priest,discipline,18,12,6
Starzzovic,eredar,1151,priest,discipline,24,12,12
Пусясвета,gordunni,1151,priest,discipline,24,12,12
Bigbishop,kazzak,1151,priest,discipline,24,12,12
Shadeblaze,draenor,1151,priest,discipline,38,16,22
Rafaled,ravencrest,1151,priest,discipline,30,12,18
Ykwah,kazzak,1151,priest,discipline,30,12,18
Narisia,alakir,1151,priest,discipline,30,12,18
Shììnx,hyjal,1151,priest,discipline,30,12,18
Бычацентнер,soulflayer,1150,priest,discipline,18,12,6
Хильдинда,soulflayer,1150,priest,discipline,54,27,27
Acarru,stormscale,1150,priest,discipline,24,12,12
Davóss,outland,1150,priest,discipline,24,12,12
Fléxéd,burning-legion,1150,priest,discipline,24,12,12
Makrit,outland,1150,priest,discipline,93,44,49
Zinzo,frostwolf,1150,priest,discipline,30,12,18
Celliapriest,antonidas,1150,priest,discipline,30,12,18
Nuriva,frostmane,1150,priest,discipline,42,12,30
Noxoth,amanthul,1149,priest,discipline,18,12,6
Roskva,archimonde,1149,priest,discipline,21,13,8
Чупатаявошь,soulflayer,1149,priest,discipline,84,43,41
Zubbi,stormreaver,1149,priest,discipline,107,52,55
Ailishaa,blackmoore,1148,priest,discipline,24,19,5
Pripri,bloodfeather,1148,priest,discipline,21,15,6
Dhalsim,the-shatar,1148,priest,discipline,18,12,6
Dabzp,twisting-nether,1148,priest,discipline,18,12,6
Дисайплес,gordunni,1148,priest,discipline,148,75,73
Rokil,ravencrest,1148,priest,discipline,24,12,12
Temril,aegwynn,1148,priest,discipline,190,94,96
Zørina,thrall,1148,priest,discipline,122,56,66
Sanetsuna,archimonde,1148,priest,discipline,66,28,38
Papoopepoo,sanguino,1148,priest,discipline,30,12,18
Grimezot,ragnaros,1148,priest,discipline,30,12,18
Satisfied,blackmoore,1148,priest,discipline,30,12,18
Grêndine,blackmoore,1148,priest,discipline,36,13,23
Surpsgodx,ravencrest,1148,priest,discipline,36,12,24
Prodan,frostmane,1147,priest,discipline,102,53,49
Blàckângel,blackrock,1147,priest,discipline,378,189,189
Loonytoo,ravencrest,1147,priest,discipline,24,12,12
Fabuliciøus,blackrock,1147,priest,discipline,24,12,12
Ribberull,burning-blade,1147,priest,discipline,24,12,12
Уртримас,gordunni,1147,priest,discipline,128,59,69
Fleamana,stormscale,1147,priest,discipline,155,71,84
Баязет,gordunni,1147,priest,discipline,30,13,17
Zêlða,ravencrest,1147,priest,discipline,30,12,18
Nack,marécage-de-zangar,1147,priest,discipline,30,12,18
Priestjey,magtheridon,1147,priest,discipline,30,12,18
Vakïta,cthun,1147,priest,discipline,30,12,18
Myrann,ravencrest,1146,priest,discipline,18,12,6
Badguymike,ragnaros,1146,priest,discipline,18,12,6
Adrigodx,malganis,1146,priest,discipline,24,12,12
Mahakali,kirin-tor,1146,priest,discipline,24,12,12
Healywealy,stormrage,1146,priest,discipline,24,12,12
Пофанчику,soulflayer,1146,priest,discipline,59,29,30
Perimortal,norgannon,1146,priest,discipline,117,55,62
Aggresivdisc,hyjal,1146,priest,discipline,30,13,17
Moneypp,stormscale,1146,priest,discipline,30,12,18
Джоега,grom,1146,priest,discipline,41,12,29
Grainbames,sylvanas,1145,priest,discipline,18,12,6
Resgan,archimonde,1145,priest,discipline,22,13,9
Medycus,blackrock,1145,priest,discipline,98,43,55
Freazi,burning-blade,1144,priest,discipline,24,14,10
Blacklemons,thrall,1144,priest,discipline,24,12,12
Ache,defias-brotherhood,1144,priest,discipline,24,12,12
Dêrp,frostwolf,1144,priest,discipline,24,12,12
Акриас,gordunni,1144,priest,discipline,161,79,82
Karzin,aggra-português,1144,priest,discipline,78,38,40
Yoojo,draenor,1144,priest,discipline,26,12,14
Штецель,howling-fjord,1144,priest,discipline,30,12,18
Avp,the-maelstrom,1144,priest,discipline,42,12,30
Bährnchen,blackrock,1143,priest,discipline,19,13,6
Lusîa,echsenkessel,1143,priest,discipline,48,26,22
Giygas,malganis,1143,priest,discipline,24,12,12
Athelstann,aegwynn,1143,priest,discipline,30,14,16
Elronmcbông,ravencrest,1143,priest,discipline,102,45,57
Рыск,grom,1142,priest,discipline,33,24,9
Morava,tarren-mill,1142,priest,discipline,36,20,16
Ràthaløs,sanguino,1142,priest,discipline,79,43,36
Гундяй,soulflayer,1142,priest,discipline,75,39,36
Kizzorde,ragnaros,1142,priest,discipline,156,79,77
Peign,eredar,1142,priest,discipline,24,12,12
Iqy,kazzak,1142,priest,discipline,27,13,14
Slazar,twisting-nether,1142,priest,discipline,126,58,68
Hambol,tarren-mill,1142,priest,discipline,54,23,31
Manau,culte-de-la-rive-noire,1142,priest,discipline,30,12,18
Talyie,argent-dawn,1141,priest,discipline,18,12,6
Noskan,silvermoon,1141,priest,discipline,21,13,8
Ordination,ragnaros,1141,priest,discipline,22,13,9
Aviz,tarren-mill,1141,priest,discipline,24,12,12
Vethra,blackhand,1141,priest,discipline,24,12,12
Zaluri,blackrock,1141,priest,discipline,24,12,12
Méla,pozzo-delleternità,1141,priest,discipline,42,20,22
Хавейл,gordunni,1141,priest,discipline,65,29,36
Zemo,argent-dawn,1141,priest,discipline,34,13,21
Burka,aegwynn,1140,priest,discipline,18,12,6
Chayz,thrall,1140,priest,discipline,18,12,6
Daesa,defias-brotherhood,1140,priest,discipline,24,14,10
Малмортис,soulflayer,1140,priest,discipline,66,33,33
Энлинна,soulflayer,1140,priest,discipline,24,12,12
Убивал,soulflayer,1140,priest,discipline,24,12,12
Dunkelseele,ahnqiraj,1140,priest,discipline,24,12,12
Эрьеро,gordunni,1140,priest,discipline,84,37,47
Madnasty,azshara,1140,priest,discipline,30,13,17
Canthms,twisting-nether,1139,priest,discipline,42,25,17
Vieupiniouf,archimonde,1139,priest,discipline,24,12,12
Lapeür,archimonde,1139,priest,discipline,35,17,18
Wanah,ravencrest,1139,priest,discipline,143,67,76
Bonzux,dethecus,1139,priest,discipline,30,12,18
Kaydenkross,eredar,1139,priest,discipline,42,12,30
Вреднючая,gordunni,1138,priest,discipline,30,20,10
Anethron,ragnaros,1138,priest,discipline,212,109,103
Quinax,shattered-hand,1138,priest,discipline,24,12,12
Bauscia,nemesis,1138,priest,discipline,24,12,12
Clastro,outland,1138,priest,discipline,30,12,18
Triksas,sylvanas,1137,priest,discipline,93,56,37
Chankro,sanguino,1137,priest,discipline,24,12,12
Soed,defias-brotherhood,1137,priest,discipline,24,12,12
Árnyékfing,ragnaros,1137,priest,discipline,53,26,27
Osteograhm,eldrethalas,1137,priest,discipline,30,12,18
Drüdkh,tarren-mill,1137,priest,discipline,36,12,24
Krimsy,hyjal,1136,priest,discipline,18,12,6
Pilip,dragonmaw,1136,priest,discipline,29,16,13
Fillî,antonidas,1136,priest,discipline,32,15,17
Zenitsu,khadgar,1136,priest,discipline,76,35,41
Chapriest,alleria,1136,priest,discipline,42,14,28
Tomke,kargath,1135,priest,discipline,59,32,27
Thörbjorn,confrérie-du-thorium,1135,priest,discipline,36,19,17
Capriéstsun,ravencrest,1135,priest,discipline,28,14,14
Drissz,archimonde,1135,priest,discipline,24,12,12
Dafemboi,ravencrest,1134,priest,discipline,18,12,6
Lunatrix,sanguino,1134,priest,discipline,24,12,12
Antibiotic,auchindoun,1134,priest,discipline,130,62,68
Crizto,argent-dawn,1134,priest,discipline,85,39,46
Szakalor,burning-legion,1134,priest,discipline,74,31,43
Холисайра,gordunni,1134,priest,discipline,42,14,28
Joncartagena,sanguino,1133,priest,discipline,24,12,12
Ribbins,outland,1133,priest,discipline,72,30,42
Velosp,defias-brotherhood,1133,priest,discipline,30,12,18
Tryqi,drakthul,1133,priest,discipline,30,12,18
Deliverme,frostmane,1132,priest,discipline,18,12,6
Aiushtha,bloodfeather,1132,priest,discipline,147,82,65
Prognosis,frostwhisper,1132,priest,discipline,60,32,28
Dontouch,nemesis,1132,priest,discipline,30,16,14
Ожившийприст,soulflayer,1132,priest,discipline,123,64,59
Luedieniel,draenor,1132,priest,discipline,53,24,29
Dyrios,drakthul,1132,priest,discipline,30,13,17
Пёгодх,howling-fjord,1132,priest,discipline,37,13,24
Vrenel,burning-legion,1131,priest,discipline,29,15,14
Zák,sylvanas,1131,priest,discipline,24,12,12
Хельмут,soulflayer,1130,priest,discipline,24,12,12
Worldjudge,kazzak,1130,priest,discipline,146,72,74
Шелоу,deathguard,1130,priest,discipline,33,13,20
Ãbømînåtîøn,blackrock,1129,priest,discipline,52,37,15
Teirok,ambossar,1129,priest,discipline,162,80,82
Uncleben,grim-batol,1129,priest,discipline,31,14,17
Lightmyshimy,silvermoon,1129,priest,discipline,36,12,24
Darkdevice,magtheridon,1128,priest,discipline,30,17,13
Kirãye,hyjal,1128,priest,discipline,24,12,12
Bandäid,ravencrest,1128,priest,discipline,24,12,12
Кармелитас,gordunni,1127,priest,discipline,24,12,12
Xanei,ravencrest,1127,priest,discipline,24,12,12
Domínika,ravencrest,1127,priest,discipline,29,14,15
Santocerdote,sanguino,1127,priest,discipline,36,12,24
Эллвинг,howling-fjord,1126,priest,discipline,41,23,18
Celero,silvermoon,1126,priest,discipline,78,38,40
Хилогайка,howling-fjord,1126,priest,discipline,45,20,25
Lucina,zuljin,1125,priest,discipline,72,44,28
Nykothp,ghostlands,1125,priest,discipline,42,17,25
Noroelle,drakthul,1124,priest,discipline,60,32,28
Schrêiwa,aegwynn,1124,priest,discipline,24,12,12
Kreem,frostmane,1123,priest,discipline,30,18,12
Sorrop,sanguino,1123,priest,discipline,24,12,12
Confusedleaf,ragnaros,1123,priest,discipline,24,12,12
Enaches,twisting-nether,1123,priest,discipline,61,30,31
Holyschidt,amanthul,1123,priest,discipline,541,262,279
Fetuz,ravenholdt,1123,priest,discipline,112,52,60
Déxguard,silvermoon,1122,priest,discipline,103,46,57
Whysomadx,stormscale,1122,priest,discipline,145,63,82
Jbte,silvermoon,1121,priest,discipline,174,89,85
Brillich,tarren-mill,1121,priest,discipline,36,18,18
Veilofmaya,blackmoore,1121,priest,discipline,36,18,18
Kurtse,archimonde,1121,priest,discipline,28,14,14
Inoy,dun-modr,1121,priest,discipline,24,12,12
Простойа,deathguard,1121,priest,discipline,181,90,91
Teleriah,blackmoore,1121,priest,discipline,71,28,43
Undercöverbr,ravencrest,1121,priest,discipline,60,17,43
Schustraja,blackrock,1120,priest,discipline,24,12,12
Necromania,cthun,1120,priest,discipline,243,119,124
Xmassdispel,tarren-mill,1120,priest,discipline,42,18,24
Dezriah,tarren-mill,1119,priest,discipline,196,99,97
Urticaire,arathi,1119,priest,discipline,36,17,19
Ponpon,onyxia,1118,priest,discipline,24,12,12
Spooka,ravencrest,1117,priest,discipline,23,12,11
Ccatchme,sylvanas,1117,priest,discipline,141,71,70
Vdel,draenor,1116,priest,discipline,18,12,6
Dinamix,tarren-mill,1116,priest,discipline,87,46,41
Zbll,ragnaros,1116,priest,discipline,81,39,42
Imnotep,dun-modr,1116,priest,discipline,36,15,21
Yoloh,sanguino,1116,priest,discipline,63,26,37
Blagovesta,ravencrest,1116,priest,discipline,43,14,29
Nyell,silvermoon,1115,priest,discipline,22,12,10
Bishope,dalaran,1115,priest,discipline,136,65,71
Carlotta,dalaran,1115,priest,discipline,87,41,46
Andariell,burning-legion,1115,priest,discipline,35,13,22
Bigwoopsie,stormscale,1114,priest,discipline,24,14,10
Mewdewrewrx,arathor,1114,priest,discipline,84,46,38
Påske,hellfire,1113,priest,discipline,42,26,16
Ehrmantràut,draenor,1113,priest,discipline,31,17,14
Bluxon,kazzak,1113,priest,discipline,22,12,10
Nyuu,aggra-português,1113,priest,discipline,24,13,11
Draenera,silvermoon,1113,priest,discipline,93,46,47
Darkheall,sanguino,1113,priest,discipline,101,45,56
Scalir,blackmoore,1112,priest,discipline,30,12,18
Maskia,sanguino,1112,priest,discipline,30,12,18
Plaguetale,archimonde,1111,priest,discipline,71,37,34
Yourmann,quelthalas,1111,priest,discipline,94,45,49
Dalyn,zuljin,1110,priest,discipline,24,12,12
Voidtrix,blackrock,1110,priest,discipline,143,69,74
Makariotatos,xavius,1110,priest,discipline,46,22,24
Aethiel,drakthul,1110,priest,discipline,52,24,28
Walotar,chamber-of-aspects,1110,priest,discipline,60,23,37
Attiny,draenor,1110,priest,discipline,48,14,34
Eveangel,dun-modr,1109,priest,discipline,14,13,1
Rhanira,aegwynn,1109,priest,discipline,41,22,19
Камшотхил,gordunni,1109,priest,discipline,102,52,50
Dotsin,kazzak,1109,priest,discipline,299,152,147
Клизманиус,soulflayer,1109,priest,discipline,36,14,22
Zeuws,kazzak,1109,priest,discipline,36,13,23
Стаминабаф,gordunni,1108,priest,discipline,21,13,8
Заплетальщик,howling-fjord,1108,priest,discipline,72,42,30
Nigellä,azjolnerub,1107,priest,discipline,36,12,24
Traitor,alakir,1106,priest,discipline,18,12,6
Avor,hellfire,1105,priest,discipline,36,24,12
Deckardkain,pozzo-delleternità,1105,priest,discipline,60,33,27
Razonuke,ravencrest,1105,priest,discipline,30,13,17
Valente,twisting-nether,1105,priest,discipline,60,22,38
Lãnat,ravencrest,1104,priest,discipline,27,12,15
Elyssez,thrall,1104,priest,discipline,61,22,39
Morcana,gorgonnash,1103,priest,discipline,130,65,65
Elakith,bronze-dragonflight,1103,priest,discipline,33,15,18
Bestamín,sylvanas,1103,priest,discipline,29,12,17
Aliasus,archimonde,1102,priest,discipline,23,12,11
Крайне,soulflayer,1102,priest,discipline,84,41,43
Shadowpope,frostmane,1102,priest,discipline,29,13,16
Rhésùs,archimonde,1101,priest,discipline,82,46,36
Scotpriest,draenor,1101,priest,discipline,24,12,12
Gummitröte,anetheron,1100,priest,discipline,66,37,29
Plagegeist,blutkessel,1100,priest,discipline,24,12,12
Velenthøs,argent-dawn,1100,priest,discipline,24,12,12
Kårejonny,tarren-mill,1100,priest,discipline,78,35,43
Möd,ragnaros,1100,priest,discipline,30,13,17
Chane,blackmoore,1099,priest,discipline,32,13,19
Yateh,blackmoore,1098,priest,discipline,20,14,6
Enlîl,zuljin,1098,priest,discipline,65,33,32
Lapaitehui,tarren-mill,1098,priest,discipline,30,14,16
Bolíngbroke,argent-dawn,1098,priest,discipline,83,36,47
Lightwøød,khaz-modan,1098,priest,discipline,91,39,52
Imsöbäd,archimonde,1098,priest,discipline,30,12,18
Susee,nozdormu,1097,priest,discipline,88,39,49
Dirim,silvermoon,1097,priest,discipline,144,63,81
Runay,draenor,1097,priest,discipline,31,13,18
Vaurork,stormscale,1096,priest,discipline,23,12,11
Chaendral,darkmoon-faire,1096,priest,discipline,30,14,16
Marces,blutkessel,1095,priest,discipline,17,12,5
Moritura,nefarian,1095,priest,discipline,72,36,36
Gaopet,hyjal,1095,priest,discipline,28,14,14
Yante,ragnaros,1095,priest,discipline,78,38,40
Selryna,silvermoon,1095,priest,discipline,43,16,27
Kelras,grim-batol,1094,priest,discipline,107,64,43
Sméctà,marécage-de-zangar,1094,priest,discipline,22,13,9
Zembowae,drakthul,1094,priest,discipline,24,12,12
Antikrisztus,burning-legion,1094,priest,discipline,52,23,29
Eslo,outland,1094,priest,discipline,30,13,17
Prigart,sylvanas,1094,priest,discipline,30,13,17
Kilrog,blackrock,1093,priest,discipline,39,17,22
Klaniara,silvermoon,1092,priest,discipline,166,83,83
Мояродная,howling-fjord,1091,priest,discipline,43,13,30
Këller,hyjal,1090,priest,discipline,24,13,11
Hâmmel,blackrock,1090,priest,discipline,23,12,11
Ahgnus,silvermoon,1090,priest,discipline,395,182,213
Bakris,twisting-nether,1090,priest,discipline,30,13,17
Командировка,gordunni,1089,priest,discipline,36,21,15
Dilbert,twilights-hammer,1089,priest,discipline,94,40,54
Fusiroxx,thrall,1089,priest,discipline,46,19,27
Æxø,draenor,1089,priest,discipline,35,12,23
Lerissea,argent-dawn,1088,priest,discipline,22,12,10
Szalsza,arathor,1088,priest,discipline,84,39,45
Nakali,the-maelstrom,1086,priest,discipline,38,20,18
Simbaba,archimonde,1086,priest,discipline,157,73,84
Devilscousin,aggra-português,1085,priest,discipline,31,18,13
Qsandria,ravencrest,1085,priest,discipline,74,35,39
Святаядухота,soulflayer,1085,priest,discipline,36,15,21
Miholna,khaz-modan,1085,priest,discipline,60,24,36
Priestmrt,doomhammer,1085,priest,discipline,90,35,55
Clutchp,blackmoore,1084,priest,discipline,21,13,8
Priestyo,blackrock,1084,priest,discipline,42,12,30
Mäésia,hyjal,1084,priest,discipline,48,12,36
Holyiday,kazzak,1083,priest,discipline,16,12,4
Mishra,garrosh,1083,priest,discipline,24,12,12
Дигмана,soulflayer,1083,priest,discipline,59,26,33
Gâmeøvr,sanguino,1082,priest,discipline,21,13,8
Piizzdiica,twisting-nether,1082,priest,discipline,36,15,21
Joblob,guldan,1082,priest,discipline,32,13,19
Absinthamos,eredar,1082,priest,discipline,34,12,22
Reagy,kazzak,1081,priest,discipline,24,16,8
Mundwerk,malganis,1081,priest,discipline,57,21,36
Nellytaa,dalaran,1080,priest,discipline,33,17,16
Norah,kirin-tor,1080,priest,discipline,41,19,22
Altarise,silvermoon,1080,priest,discipline,54,23,31
Waxosc,silvermoon,1080,priest,discipline,68,28,40
Salskagripme,ragnaros,1079,priest,discipline,18,12,6
Dumstrut,twisting-nether,1079,priest,discipline,63,41,22
Kershak,archimonde,1079,priest,discipline,36,21,15
Sanbucone,pozzo-delleternità,1079,priest,discipline,60,29,31
Zerøhæl,antonidas,1079,priest,discipline,30,12,18
Bálíé,blackmoore,1078,priest,discipline,72,35,37
Пристохилю,gordunni,1077,priest,discipline,78,41,37
Nienni,mannoroth,1077,priest,discipline,48,24,24
Satyrax,draenor,1076,priest,discipline,54,28,26
Pénancé,defias-brotherhood,1075,priest,discipline,36,13,23
Whitemané,argent-dawn,1074,priest,discipline,85,46,39
Amphôra,archimonde,1074,priest,discipline,50,22,28
Anaja,nathrezim,1074,priest,discipline,28,12,16
Alesdia,eredar,1074,priest,discipline,34,12,22
Hèlp,sanguino,1073,priest,discipline,48,23,25
Bldnl,ragnaros,1073,priest,discipline,91,37,54
Dazé,ravencrest,1072,priest,discipline,62,43,19
Kenton,ysondre,1072,priest,discipline,71,29,42
Hðly,doomhammer,1071,priest,discipline,41,25,16
Атоска,fordragon,1071,priest,discipline,36,19,17
Varadin,turalyon,1071,priest,discipline,30,12,18
Rashyd,sylvanas,1070,priest,discipline,101,51,50
Tavóx,blackmoore,1070,priest,discipline,84,40,44
Sygarius,silvermoon,1070,priest,discipline,48,13,35
Lunairess,silvermoon,1069,priest,discipline,84,28,56
Preterovka,nemesis,1069,priest,discipline,42,14,28
Schnüschnü,blackmoore,1069,priest,discipline,37,12,25
Ameezy,bloodfeather,1069,priest,discipline,38,12,26
Anariell,ravencrest,1068,priest,discipline,31,14,17
Sphard,ysondre,1067,priest,discipline,182,78,104
Deeforce,argent-dawn,1067,priest,discipline,74,29,45
Эйнрив,howling-fjord,1066,priest,discipline,113,53,60
Kekwlel,sanguino,1065,priest,discipline,36,12,24
Дефракторы,gordunni,1064,priest,discipline,56,33,23
Kalì,thrall,1064,priest,discipline,77,41,36
Bellanote,dalaran,1064,priest,discipline,284,134,150
Wagz,burning-legion,1063,priest,discipline,38,21,17
Griniel,marécage-de-zangar,1063,priest,discipline,28,12,16
Burreb,shadowsong,1063,priest,discipline,30,12,18
Mamasmilk,draenor,1061,priest,discipline,54,30,24
Shyer,argent-dawn,1061,priest,discipline,39,14,25
Prazefin,twisting-nether,1060,priest,discipline,22,13,9
Ammp,outland,1060,priest,discipline,66,25,41
Spookyfive,blackhand,1060,priest,discipline,89,31,58
Lazzariah,ravencrest,1059,priest,discipline,65,37,28
Seuchenhirte,die-aldor,1059,priest,discipline,59,28,31
Lamovtabrood,kazzak,1059,priest,discipline,77,28,49
Tïniebla,dun-modr,1058,priest,discipline,30,17,13
Тэславик,soulflayer,1058,priest,discipline,30,13,17
Itokkzhul,draenor,1058,priest,discipline,30,12,18
Shalacho,blackrock,1057,priest,discipline,75,38,37
Yânùx,aegwynn,1056,priest,discipline,12,11,1
Jaytî,ravencrest,1056,priest,discipline,18,11,7
Meganxx,ravencrest,1056,priest,discipline,18,11,7
Hrygtqertih,ravencrest,1056,priest,discipline,18,11,7
Surfingbird,ragnaros,1056,priest,discipline,18,11,7
Wasserbache,antonidas,1056,priest,discipline,18,11,7
Abcdefghijk,sanguino,1056,priest,discipline,18,11,7
Ewamlf,drakthul,1056,priest,discipline,18,11,7
Cazã,archimonde,1056,priest,discipline,18,11,7
Drnoob,tarren-mill,1056,priest,discipline,50,25,25
Dexlolo,stormscale,1056,priest,discipline,24,11,13
Onceup,thrall,1056,priest,discipline,24,11,13
Ðanilosp,dun-modr,1056,priest,discipline,24,11,13
Discmachinex,stormscale,1056,priest,discipline,24,11,13
Mýz,kazzak,1056,priest,discipline,30,11,19
Visàge,silvermoon,1056,priest,discipline,30,11,19
Carpathîan,blackhand,1056,priest,discipline,72,25,47
Nelyø,destromath,1055,priest,discipline,18,11,7
Zælÿ,archimonde,1055,priest,discipline,18,11,7
Enozu,ravencrest,1055,priest,discipline,18,11,7
Балантайсх,soulflayer,1055,priest,discipline,18,11,7
Nimzès,pozzo-delleternità,1055,priest,discipline,18,11,7
Johnrainbow,blackmoore,1055,priest,discipline,22,12,10
Scaday,sanguino,1055,priest,discipline,24,11,13
Haffination,frostmane,1055,priest,discipline,24,11,13
Narinelepen,culte-de-la-rive-noire,1055,priest,discipline,24,11,13
Têmplârx,stormscale,1055,priest,discipline,24,11,13
Løokbeheind,kazzak,1055,priest,discipline,24,11,13
Pureàngel,ravencrest,1055,priest,discipline,24,11,13
Diminishing,ragnaros,1055,priest,discipline,24,11,13
Mortecouillê,archimonde,1055,priest,discipline,24,11,13
Russianpvp,outland,1055,priest,discipline,24,11,13
Fellheart,kazzak,1055,priest,discipline,24,11,13
Zielonymisiu,burning-legion,1055,priest,discipline,77,33,44
Deshka,tarren-mill,1055,priest,discipline,30,11,19
Ræwïllûñgøðx,ravencrest,1054,priest,discipline,18,11,7
Sherbanger,argent-dawn,1054,priest,discipline,18,11,7
Leleg,blackhand,1054,priest,discipline,18,11,7
Myshawtyqt,aegwynn,1054,priest,discipline,21,11,10
Marryjade,ragnaros,1054,priest,discipline,50,25,25
Tobijara,proudmoore,1054,priest,discipline,24,11,13
Bäckay,silvermoon,1054,priest,discipline,24,11,13
Shadowful,drakthul,1054,priest,discipline,24,11,13
Kalisya,ravencrest,1054,priest,discipline,30,11,19
Auroree,stormscale,1054,priest,discipline,30,11,19
Peg,talnivarr,1054,priest,discipline,30,11,19
Szycho,burning-legion,1054,priest,discipline,36,11,25
Лилинтель,gordunni,1054,priest,discipline,96,28,68
Hölykiwi,silvermoon,1053,priest,discipline,18,11,7
ßeau,outland,1053,priest,discipline,18,11,7
Zeatt,ysera,1053,priest,discipline,18,11,7
Tsunadesaama,silvermoon,1053,priest,discipline,24,11,13
Залик,soulflayer,1053,priest,discipline,29,12,17
Danri,ravencrest,1053,priest,discipline,30,11,19
Drwho,zuljin,1053,priest,discipline,33,12,21
Bulgy,archimonde,1053,priest,discipline,36,11,25
Raintime,shattrath,1052,priest,discipline,18,11,7
Docter,talnivarr,1052,priest,discipline,24,11,13
Elinaa,die-aldor,1052,priest,discipline,24,11,13
Købzar,tarren-mill,1052,priest,discipline,30,11,19
Szerelmi,ragnaros,1051,priest,discipline,18,11,7
Ungeheuer,taerar,1051,priest,discipline,154,75,79
Bunetu,blackmoore,1051,priest,discipline,36,17,19
Hustlazia,medivh,1051,priest,discipline,28,13,15
Sensimiya,dalaran,1051,priest,discipline,24,11,13
Misa,ravencrest,1051,priest,discipline,24,11,13
Nevermyndz,blackmoore,1051,priest,discipline,24,11,13
Vo,dentarg,1051,priest,discipline,24,11,13
Pandariel,argent-dawn,1051,priest,discipline,30,11,19
Ритуалист,deepholm,1051,priest,discipline,42,11,31
Fakéy,draenor,1050,priest,discipline,12,11,1
Kaos,anetheron,1050,priest,discipline,42,25,17
Cahuña,thrall,1050,priest,discipline,33,19,14
Mambanero,nemesis,1050,priest,discipline,323,149,174
Scaared,malganis,1050,priest,discipline,24,11,13
Smokäy,blackhand,1050,priest,discipline,24,11,13
Данке,soulflayer,1050,priest,discipline,24,11,13
Ardist,burning-legion,1050,priest,discipline,24,11,13
Beliar,azshara,1050,priest,discipline,24,11,13
Junglepriest,ravencrest,1050,priest,discipline,24,11,13
Lighttorch,burning-legion,1050,priest,discipline,28,12,16
Zatón,dun-modr,1050,priest,discipline,30,11,19
Celadriel,ravencrest,1050,priest,discipline,30,11,19
Healenax,ravencrest,1050,priest,discipline,36,11,25
Mers,eredar,1049,priest,discipline,18,11,7
Holyshifts,silvermoon,1049,priest,discipline,24,11,13
Immutable,twisting-nether,1049,priest,discipline,24,11,13
Nimiqt,tarren-mill,1049,priest,discipline,24,11,13
Icyc,outland,1049,priest,discipline,42,11,31
Merendir,scarshield-legion,1049,priest,discipline,42,11,31
Aurea,deathwing,1048,priest,discipline,26,12,14
Sanril,ragnaros,1048,priest,discipline,24,11,13
Bløøððañçé,ragnaros,1048,priest,discipline,24,11,13
Axewound,neptulon,1048,priest,discipline,25,11,14
Tothegrave,draenor,1048,priest,discipline,28,12,16
Vonneumann,draenor,1048,priest,discipline,104,43,61
Redlight,ysondre,1048,priest,discipline,30,11,19
Rredss,ravencrest,1047,priest,discipline,22,14,8
Neseig,blutkessel,1047,priest,discipline,18,11,7
Sýmo,kazzak,1047,priest,discipline,18,11,7
Duwendu,drakthul,1047,priest,discipline,23,12,11
Drumont,kelthuzad,1047,priest,discipline,24,11,13
Sumarath,die-aldor,1046,priest,discipline,18,11,7
Lightless,baelgun,1046,priest,discipline,84,38,46
Helenor,dalvengyr,1046,priest,discipline,36,15,21
Aemi,draenor,1045,priest,discipline,18,11,7
Killermoon,rexxar,1045,priest,discipline,34,18,16
Холисшит,gordunni,1045,priest,discipline,50,26,24
Azraelz,blackhand,1045,priest,discipline,31,13,18
Dunbaltaris,blackrock,1045,priest,discipline,36,11,25
Нимеос,soulflayer,1045,priest,discipline,48,11,37
Billypriest,argent-dawn,1044,priest,discipline,18,11,7
Mufza,draenor,1044,priest,discipline,18,11,7
Pescá,cthun,1044,priest,discipline,25,13,12
Needmana,hyjal,1044,priest,discipline,36,15,21
Xharyo,ravencrest,1044,priest,discipline,28,11,17
Iheal,dunemaul,1044,priest,discipline,30,11,19
Hanic,kazzak,2389,priest,shadow,127,79,48
Permafeetup,aegwynn,2386,priest,shadow,108,64,44
Даняпампгодх,soulflayer,2355,priest,shadow,295,153,142
Tentoumushi,ravencrest,2327,priest,shadow,96,57,39
Raikup,ravencrest,2281,priest,shadow,125,67,58
Vilayetko,ravencrest,2262,priest,shadow,90,51,39
Yuzuflex,hyjal,2255,priest,shadow,111,60,51
Медовыедотки,soulflayer,2252,priest,shadow,167,88,79
Ekkfwiedrice,ragnaros,2247,priest,shadow,126,73,53
Хедмэнмвп,gordunni,2245,priest,shadow,336,171,165
Froffzy,tarren-mill,2239,priest,shadow,96,53,43
Swdjkbad,kazzak,2233,priest,shadow,90,54,36
Yggdra,ragnaros,2229,priest,shadow,66,44,22
Dbeezy,tarren-mill,2217,priest,shadow,128,68,60
Польскийбуль,gordunni,2215,priest,shadow,96,53,43
Ilovemycat,silvermoon,2214,priest,shadow,102,61,41
Èxtêrmìnätör,kazzak,2209,priest,shadow,114,65,49
Syedi,drakthul,2208,priest,shadow,443,226,217
Даняпимпгадх,soulflayer,2207,priest,shadow,227,126,101
Notsoholy,blackmoore,2207,priest,shadow,186,101,85
Dianaxd,dun-modr,2199,priest,shadow,124,69,55
Standtall,blackrock,2188,priest,shadow,144,78,66
Rrj,ravencrest,2187,priest,shadow,124,73,51
Mérce,kazzak,2187,priest,shadow,96,53,43
Walterwhite,stormscale,2185,priest,shadow,114,61,53
Deathlý,blackrock,2183,priest,shadow,138,74,64
Shåmssv,kazzak,2181,priest,shadow,108,57,51
Bensherman,dalaran,2172,priest,shadow,84,49,35
Bidraget,ravencrest,2169,priest,shadow,166,96,70
Хьёх,blackscar,2166,priest,shadow,107,65,42
Randyrhoads,kazzak,2166,priest,shadow,95,53,42
Nabøøbies,blackmoore,2165,priest,shadow,91,54,37
Xsß,dun-modr,2164,priest,shadow,113,63,50
Devoura,sylvanas,2156,priest,shadow,99,57,42
Dollyboo,tarren-mill,2152,priest,shadow,125,77,48
Cheesecake,defias-brotherhood,2152,priest,shadow,138,74,64
Lâughing,ravencrest,2149,priest,shadow,218,120,98
Ondskabsfuld,kazzak,2148,priest,shadow,102,52,50
Prøphetx,thrall,2145,priest,shadow,296,158,138
Liptonolda,blackhand,2143,priest,shadow,487,252,235
Genjutzux,kazzak,2138,priest,shadow,84,48,36
Slimcharles,ravencrest,2137,priest,shadow,185,107,78
Crainoo,ravencrest,2137,priest,shadow,158,80,78
Sphero,earthen-ring,2131,priest,shadow,142,80,62
Cornflays,outland,2130,priest,shadow,102,54,48
Тоних,deathguard,2129,priest,shadow,84,44,40
Синфал,blackscar,2128,priest,shadow,340,173,167
Milania,ravencrest,2124,priest,shadow,89,59,30
Безрассудица,howling-fjord,2123,priest,shadow,96,50,46
Cutepangolin,khaz-modan,2120,priest,shadow,78,48,30
Tankeløs,kazzak,2120,priest,shadow,72,42,30
Djalex,ravencrest,2119,priest,shadow,185,103,82
Bréézee,ravencrest,2116,priest,shadow,119,64,55
Nousey,twisting-nether,2114,priest,shadow,226,121,105
Depridolens,argent-dawn,2113,priest,shadow,171,99,72
Infernión,tarren-mill,2111,priest,shadow,101,53,48
Tekdogx,blackmoore,2111,priest,shadow,184,92,92
Clori,argent-dawn,2110,priest,shadow,66,50,16
Rzkp,eredar,2110,priest,shadow,93,50,43
Bluxon,kazzak,2109,priest,shadow,374,203,171
Evazhang,outland,2108,priest,shadow,72,42,30
Melábufeis,dun-modr,2108,priest,shadow,144,81,63
Purpl,tarren-mill,2108,priest,shadow,156,85,71
Akibom,drakthul,2107,priest,shadow,137,81,56
Thanatae,kazzak,2105,priest,shadow,85,50,35
Knútx,stormscale,2103,priest,shadow,114,63,51
Cizer,kazzak,2103,priest,shadow,233,125,108
Pepeshadow,twisting-nether,2102,priest,shadow,194,101,93
Луисвиттон,gordunni,2100,priest,shadow,125,69,56
Amtoxic,stormscale,2100,priest,shadow,89,48,41
Uselessxasel,sanguino,2098,priest,shadow,90,51,39
Infuséd,aegwynn,2095,priest,shadow,84,45,39
Voidfi,kult-der-verdammten,2085,priest,shadow,120,66,54
Blacktrain,burning-blade,2084,priest,shadow,134,66,68
Drarianna,nemesis,2081,priest,shadow,57,36,21
Waltergoblin,sylvanas,2079,priest,shadow,66,45,21
Voideffsucks,stormscale,2075,priest,shadow,54,32,22
Manofonéway,outland,2074,priest,shadow,184,99,85
Сделайсам,gordunni,2074,priest,shadow,219,115,104
Stopcatabuse,silvermoon,2074,priest,shadow,513,259,254
Heffer,outland,2069,priest,shadow,224,131,93
Shadowvoice,outland,2066,priest,shadow,90,50,40
Stjärtsten,tarren-mill,2066,priest,shadow,267,148,119
Felaenna,argent-dawn,2064,priest,shadow,138,72,66
Pu,outland,2064,priest,shadow,173,86,87
Talbatex,blackmoore,2064,priest,shadow,144,70,74
Ðanilox,dun-modr,2060,priest,shadow,77,42,35
Demølishes,ravencrest,2057,priest,shadow,108,64,44
Миладиель,gordunni,2041,priest,shadow,220,112,108
Dippy,blackrock,2037,priest,shadow,106,54,52
Ninjajane,sylvanas,2031,priest,shadow,131,81,50
Rzktwo,eredar,2027,priest,shadow,125,68,57
Sakuyasp,blackrock,2027,priest,shadow,324,175,149
Lostcause,alakir,2025,priest,shadow,138,85,53
Zodzín,ragnaros,2023,priest,shadow,60,30,30
Voldemort,blackrock,2021,priest,shadow,48,30,18
Asträlaws,archimonde,2016,priest,shadow,161,97,64
Rýzera,aegwynn,2015,priest,shadow,42,28,14
Newkidx,draenor,2014,priest,shadow,102,53,49
Массаракъш,razuvious,2013,priest,shadow,63,41,22
Covidisc,outland,2010,priest,shadow,120,68,52
Destinyhero,aegwynn,2007,priest,shadow,93,47,46
Некрозмх,soulflayer,2006,priest,shadow,57,33,24
Бвонсаамди,soulflayer,2006,priest,shadow,200,107,93
Moonword,archimonde,2003,priest,shadow,48,28,20
Jynii,eredar,2001,priest,shadow,84,46,38
Facemeltina,kiljaeden,2000,priest,shadow,66,38,28
Zhadum,stormscale,2000,priest,shadow,136,72,64
Sethÿr,sanguino,2000,priest,shadow,204,106,98
Huffle,argent-dawn,1998,priest,shadow,45,30,15
Гоплзнекст,gordunni,1998,priest,shadow,192,106,86
Darthlie,draenor,1998,priest,shadow,394,194,200
Genjutzu,kazzak,1997,priest,shadow,54,29,25
Айсиоу,howling-fjord,1996,priest,shadow,60,33,27
Mímou,kazzak,1994,priest,shadow,168,94,74
Sonah,der-abyssische-rat,1987,priest,shadow,68,39,29
Hansmaul,thrall,1987,priest,shadow,48,26,22
Erenndriel,twisting-nether,1984,priest,shadow,217,122,95
Maedhrós,ravencrest,1981,priest,shadow,48,36,12
Invoid,stormreaver,1980,priest,shadow,126,68,58
Zoodiacp,blackrock,1979,priest,shadow,185,90,95
Kujiua,ravencrest,1976,priest,shadow,167,97,70
Шадоупуз,soulflayer,1976,priest,shadow,197,96,101
Velence,ravencrest,1974,priest,shadow,149,86,63
Léandrä,magtheridon,1973,priest,shadow,153,79,74
Енотхд,soulflayer,1972,priest,shadow,126,67,59
Shåmssp,kazzak,1971,priest,shadow,42,34,8
Donenigma,stormscale,1970,priest,shadow,246,137,109
Rýzera,tarren-mill,1970,priest,shadow,47,26,21
Dhurza,shendralar,1968,priest,shadow,126,70,56
Carmechanic,defias-brotherhood,1967,priest,shadow,160,90,70
Vaccineboost,silvermoon,1966,priest,shadow,142,70,72
Duzurîx,burning-blade,1965,priest,shadow,60,33,27
Önnÿ,dun-modr,1965,priest,shadow,96,48,48
Dingopriest,blackrock,1962,priest,shadow,108,65,43
Pizzagigante,kazzak,1960,priest,shadow,66,40,26
Zahadoom,stormscale,1958,priest,shadow,154,93,61
Satin,twilights-hammer,1956,priest,shadow,105,63,42
Ðrßøtÿcûs,la-croisade-écarlate,1956,priest,shadow,63,33,30
Yaboyboompie,blackrock,1956,priest,shadow,99,47,52
Animesenpai,kazzak,1955,priest,shadow,132,71,61
Moretti,ravencrest,1953,priest,shadow,54,32,22
Perché,silvermoon,1945,priest,shadow,66,48,18
Холихэйт,howling-fjord,1943,priest,shadow,69,43,26
Rnkz,sanguino,1943,priest,shadow,102,57,45
Smxkÿÿ,eredar,1939,priest,shadow,53,36,17
Physxd,blackrock,1939,priest,shadow,66,44,22
Jaimë,ravencrest,1938,priest,shadow,54,31,23
Quezaris,kazzak,1937,priest,shadow,44,37,7
Ptxd,alakir,1936,priest,shadow,120,68,52
Томрэдл,blackscar,1933,priest,shadow,176,98,78
Rãpidi,hyjal,1932,priest,shadow,89,56,33
Tbs,sylvanas,1932,priest,shadow,189,109,80
Heal,hyjal,1931,priest,shadow,284,156,128
Vitapriest,silvermoon,1931,priest,shadow,86,46,40
Buøbuarns,sanguino,1930,priest,shadow,63,31,32
Vülemuv,silvermoon,1929,priest,shadow,48,35,13
Cathrix,kazzak,1929,priest,shadow,78,49,29
Tacøgxd,ravencrest,1929,priest,shadow,120,72,48
Zerovision,nemesis,1929,priest,shadow,161,92,69
Бхонсамди,blackscar,1926,priest,shadow,101,60,41
Криптика,soulflayer,1925,priest,shadow,66,41,25
Эсдаль,howling-fjord,1920,priest,shadow,150,88,62
Justtpro,twisting-nether,1919,priest,shadow,211,119,92
Птумерианец,gordunni,1917,priest,shadow,169,90,79
Dogstav,kazzak,1915,priest,shadow,54,31,23
Voidlink,kazzak,1915,priest,shadow,59,33,26
Пристатеист,howling-fjord,1914,priest,shadow,84,44,40
Elnyashka,ravencrest,1911,priest,shadow,162,92,70
Sÿrax,ysondre,1911,priest,shadow,97,55,42
Yoe,twisting-nether,1909,priest,shadow,72,36,36
Weekfortyone,blackhand,1909,priest,shadow,152,74,78
Vajainap,outland,1906,priest,shadow,42,25,17
Akolyte,blackmoore,1906,priest,shadow,48,28,20
Ezlife,blackrock,1906,priest,shadow,84,48,36
Billybay,argent-dawn,1905,priest,shadow,104,65,39
Shiannâ,malganis,1905,priest,shadow,55,33,22
Sadgepriest,draenor,1905,priest,shadow,42,23,19
Pandacore,frostmane,1904,priest,shadow,60,30,30
Ottii,thrall,1902,priest,shadow,167,87,80
Milkysmite,twisting-nether,1901,priest,shadow,82,48,34
Rrobaqepesi,twisting-nether,1899,priest,shadow,67,43,24
Darthmantle,silvermoon,1898,priest,shadow,77,43,34
Петушшара,gordunni,1897,priest,shadow,81,43,38
Sonâkî,archimonde,1896,priest,shadow,51,31,20
Physx,blackrock,1894,priest,shadow,42,23,19
Keypo,khaz-modan,1894,priest,shadow,181,96,85
Qoryn,ravencrest,1893,priest,shadow,114,60,54
Alexwinkwink,kazzak,1892,priest,shadow,78,40,38
Rakamain,ravencrest,1890,priest,shadow,72,45,27
Døubtful,kazzak,1890,priest,shadow,36,20,16
Estragon,quelthalas,1890,priest,shadow,117,60,57
Maryhugette,archimonde,1890,priest,shadow,302,152,150
Левелнесс,howling-fjord,1889,priest,shadow,127,78,49
Shádówý,kazzak,1889,priest,shadow,36,20,16
Nanna,agamaggan,1889,priest,shadow,298,152,146
Xayona,argent-dawn,1888,priest,shadow,60,28,32
ßrb,sylvanas,1887,priest,shadow,82,42,40
Умора,razuvious,1885,priest,shadow,77,46,31
Manyus,archimonde,1885,priest,shadow,36,20,16
Ká,outland,1882,priest,shadow,60,42,18
Seijobaesuzy,archimonde,1882,priest,shadow,48,31,17
Salkerer,stormscale,1882,priest,shadow,36,23,13
Deternity,stormscale,1881,priest,shadow,59,26,33
Dreamhatcher,deathwing,1878,priest,shadow,173,94,79
Lløthx,ravencrest,1878,priest,shadow,131,70,61
Steckî,blackmoore,1877,priest,shadow,42,27,15
Angsty,blackrock,1877,priest,shadow,195,97,98
Crowny,ysondre,1873,priest,shadow,36,20,16
Räke,blackrock,1873,priest,shadow,114,55,59
Мистериум,howling-fjord,1872,priest,shadow,194,106,88
Magicalme,kult-der-verdammten,1871,priest,shadow,48,30,18
Kwolinger,norgannon,1871,priest,shadow,128,74,54
Stümpý,ravencrest,1870,priest,shadow,79,44,35
Ølle,ravencrest,1869,priest,shadow,90,54,36
Morseeii,baelgun,1869,priest,shadow,66,37,29
Gymbró,kazzak,1869,priest,shadow,66,35,31
Shuturmouth,ravencrest,1868,priest,shadow,144,81,63
Actionjezuz,shattered-hand,1868,priest,shadow,102,56,46
Dakotapriest,ravencrest,1868,priest,shadow,78,41,37
Holyshadów,azjolnerub,1867,priest,shadow,256,142,114
Râvyn,silvermoon,1866,priest,shadow,44,35,9
Alfredosauce,ravencrest,1866,priest,shadow,94,51,43
Minblock,sanguino,1866,priest,shadow,245,120,125
Ымц,gordunni,1865,priest,shadow,126,64,62
Shadowmate,silvermoon,1864,priest,shadow,62,33,29
Sepharis,runetotem,1863,priest,shadow,209,124,85
Dümbledore,aggra-português,1863,priest,shadow,106,59,47
Lësstat,hyjal,1862,priest,shadow,60,37,23
Ктулсотум,soulflayer,1861,priest,shadow,75,44,31
Gumayusi,ravencrest,1860,priest,shadow,39,25,14
Talbatexx,blackmoore,1858,priest,shadow,60,28,32
Бомжскадилом,gordunni,1857,priest,shadow,262,145,117
Iodjsaiojoij,kazzak,1856,priest,shadow,54,30,24
Rockness,blackmoore,1854,priest,shadow,137,91,46
Sinthaa,mannoroth,1854,priest,shadow,108,47,61
Fläschheal,aegwynn,1853,priest,shadow,48,33,15
Framesxøxø,ravencrest,1853,priest,shadow,124,73,51
Тарренмилл,gordunni,1853,priest,shadow,98,57,41
Sudeki,blackmoore,1853,priest,shadow,66,35,31
Zeawee,frostmane,1852,priest,shadow,66,44,22
Liloz,eredar,1852,priest,shadow,59,34,25
Zabpriest,blackhand,1850,priest,shadow,66,39,27
Theunknown,thrall,1849,priest,shadow,60,39,21
Ageyr,ragnaros,1848,priest,shadow,95,60,35
Onlycans,tarren-mill,1848,priest,shadow,48,30,18
Tradeforheal,hyjal,1848,priest,shadow,164,94,70
Either,kazzak,1848,priest,shadow,65,36,29
Mafiasnipers,ravencrest,1847,priest,shadow,36,21,15
Blindöts,tarren-mill,1847,priest,shadow,47,27,20
Unicycle,emerald-dream,1847,priest,shadow,60,32,28
Versio,dalvengyr,1847,priest,shadow,54,28,26
Skillmåsterx,ravencrest,1847,priest,shadow,60,31,29
Djzerøgodx,frostwolf,1847,priest,shadow,103,53,50
Garycash,outland,1847,priest,shadow,288,148,140
Klosso,anachronos,1847,priest,shadow,399,199,200
Hiddenhealz,blackrock,1846,priest,shadow,158,89,69
Gana,twisting-nether,1846,priest,shadow,77,39,38
Qwertyuioasd,ravencrest,1845,priest,shadow,48,27,21
Mojoo,aggramar,1845,priest,shadow,56,31,25
Ансор,lich-king,1845,priest,shadow,118,64,54
Ecquidozx,ravencrest,1845,priest,shadow,53,27,26
Pipf,blackmoore,1844,priest,shadow,65,41,24
Miraçlê,kazzak,1843,priest,shadow,72,48,24
Trisks,ravencrest,1843,priest,shadow,34,20,14
Backpedaling,kazzak,1843,priest,shadow,90,46,44
Voidgodx,blackrock,1842,priest,shadow,41,24,17
Lebronjay,ravencrest,1842,priest,shadow,94,53,41
Iessei,outland,1842,priest,shadow,151,81,70
Absolution,stormscale,1841,priest,shadow,281,156,125
Cyrená,ravencrest,1840,priest,shadow,66,34,32
Vibéz,outland,1839,priest,shadow,54,28,26
Arendt,blackhand,1837,priest,shadow,48,29,19
Jeppehpräst,stormscale,1837,priest,shadow,84,50,34
Insanious,skullcrusher,1837,priest,shadow,155,81,74
Amazingame,tarren-mill,1837,priest,shadow,59,27,32
Cruncher,ravencrest,1836,priest,shadow,60,31,29
Simôc,eredar,1836,priest,shadow,96,48,48
Johnnybanana,argent-dawn,1835,priest,shadow,36,26,10
Sadix,ravencrest,1835,priest,shadow,66,38,28
Mentax,kazzak,1835,priest,shadow,113,65,48
Mýxir,burning-legion,1834,priest,shadow,89,45,44
Hoesfavorite,onyxia,1833,priest,shadow,163,94,69
Najany,archimonde,1833,priest,shadow,54,31,23
Shucks,stormscale,1830,priest,shadow,44,22,22
Bownsamdi,tarren-mill,1829,priest,shadow,79,44,35
Tupal,ysondre,1829,priest,shadow,78,43,35
Schmetter,tarren-mill,1829,priest,shadow,65,29,36
Wérrýxs,kazzak,1828,priest,shadow,160,96,64
Nøwmäck,archimonde,1828,priest,shadow,66,33,33
Fionsacré,archimonde,1827,priest,shadow,58,39,19
Æßsåløønå,la-croisade-écarlate,1827,priest,shadow,36,24,12
Buan,blackmoore,1827,priest,shadow,95,60,35
Mørphics,ravencrest,1827,priest,shadow,42,26,16
Kagarr,kazzak,1827,priest,shadow,155,94,61
Selëne,blackrock,1827,priest,shadow,72,43,29
Megamann,dun-morogh,1827,priest,shadow,54,32,22
Термидор,booty-bay,1827,priest,shadow,131,75,56
Шадоуприст,blackscar,1826,priest,shadow,42,31,11
Slimshadey,malganis,1826,priest,shadow,42,25,17
Сариандра,gordunni,1826,priest,shadow,345,195,150
Anateoris,turalyon,1825,priest,shadow,76,43,33
Mirill,tarren-mill,1825,priest,shadow,211,116,95
Quezaris,stormscale,1825,priest,shadow,48,23,25
Shøana,archimonde,1825,priest,shadow,104,48,56
Nyotux,blackrock,1824,priest,shadow,110,67,43
Babarøga,blackrock,1824,priest,shadow,124,67,57
Cantsqell,silvermoon,1823,priest,shadow,48,34,14
Cnsnn,ysondre,1823,priest,shadow,114,76,38
Христианин,gordunni,1823,priest,shadow,156,91,65
Трейдарк,blackscar,1823,priest,shadow,60,31,29
Whynolove,ragnaros,1822,priest,shadow,101,69,32
Waina,defias-brotherhood,1822,priest,shadow,207,105,102
Диспайзи,gordunni,1821,priest,shadow,30,22,8
Sandcastles,ravencrest,1821,priest,shadow,140,88,52
Yirico,argent-dawn,1820,priest,shadow,47,31,16
Virtualworld,ragnaros,1820,priest,shadow,30,19,11
Edoran,ragnaros,1820,priest,shadow,59,31,28
Nukyo,blackmoore,1820,priest,shadow,50,26,24
Rexonaqq,kazzak,1819,priest,shadow,66,33,33
Blóódfart,kazzak,1819,priest,shadow,89,43,46
Xangha,burning-legion,1818,priest,shadow,168,99,69
Энмунд,borean-tundra,1818,priest,shadow,243,141,102
Voidshuffle,laughing-skull,1818,priest,shadow,42,24,18
Sqwabblepee,stormscale,1817,priest,shadow,161,94,67
Диспайзх,gordunni,1817,priest,shadow,66,38,28
Divinetouch,ravencrest,1817,priest,shadow,77,42,35
Violatio,aegwynn,1817,priest,shadow,318,171,147
Adub,tarren-mill,1817,priest,shadow,66,35,31
Ahle,darkspear,1816,priest,shadow,47,26,21
Дикаях,gordunni,1816,priest,shadow,159,84,75
Omedo,stormscale,1816,priest,shadow,36,19,17
Akroama,archimonde,1816,priest,shadow,158,80,78
Miruh,malganis,1815,priest,shadow,185,116,69
Chokipoki,twisting-nether,1815,priest,shadow,194,113,81
Huï,kazzak,1814,priest,shadow,24,19,5
Øctawtöuch,kazzak,1814,priest,shadow,88,53,35
Barthólomew,doomhammer,1814,priest,shadow,158,86,72
Stèálth,sylvanas,1812,priest,shadow,24,19,5
Kobiden,stormreaver,1812,priest,shadow,89,50,39
Heilsarmee,blackhand,1811,priest,shadow,129,68,61
Agotax,outland,1810,priest,shadow,60,40,20
Kozou,tarren-mill,1810,priest,shadow,54,33,21
Víppe,stormreaver,1810,priest,shadow,101,60,41
Ikaytsym,ravencrest,1810,priest,shadow,155,87,68
Hellscon,kazzak,1810,priest,shadow,197,103,94
Шпх,howling-fjord,1810,priest,shadow,60,31,29
Drvoidit,blackrock,1809,priest,shadow,48,28,20
Becknarbritt,stormscale,1809,priest,shadow,352,193,159
Magicstarss,the-maelstrom,1809,priest,shadow,78,42,36
Scade,kazzak,1809,priest,shadow,130,66,64
Фростингшп,goldrinn,1808,priest,shadow,42,31,11
Luvlyrah,draenor,1808,priest,shadow,105,64,41
Staljon,burning-legion,1808,priest,shadow,131,73,58
Spklooril,hyjal,1808,priest,shadow,372,195,177
Yoii,nemesis,1808,priest,shadow,66,34,32
Meatyshaft,doomhammer,1807,priest,shadow,99,64,35
Spinggwin,burning-legion,1807,priest,shadow,245,153,92
Driptoohard,archimonde,1807,priest,shadow,52,29,23
Theoniss,draenor,1807,priest,shadow,215,115,100
Реврос,gordunni,1807,priest,shadow,60,32,28
Príêstjklòl,stormscale,1807,priest,shadow,65,31,34
Lr,aszune,1806,priest,shadow,36,25,11
Синатро,deathguard,1806,priest,shadow,190,119,71
Debbski,tarren-mill,1806,priest,shadow,48,30,18
Snarks,sylvanas,1806,priest,shadow,36,20,16
Kiesp,tarren-mill,1806,priest,shadow,210,115,95
Claritycraft,twisting-nether,1805,priest,shadow,36,22,14
Drynte,blackmoore,1804,priest,shadow,54,32,22
Azæriø,rashgarroth,1804,priest,shadow,118,68,50
Лайфстилх,blackscar,1804,priest,shadow,107,52,55
Solaclypsa,destromath,1803,priest,shadow,36,26,10
Mataî,kazzak,1803,priest,shadow,84,49,35
Jpd,outland,1803,priest,shadow,48,25,23
Stazia,ravencrest,1802,priest,shadow,36,22,14
Нед,greymane,1802,priest,shadow,82,49,33
Margots,kazzak,1802,priest,shadow,42,22,20
Клаима,soulflayer,1801,priest,shadow,124,72,52
Всезнайка,soulflayer,1801,priest,shadow,150,82,68
Sleypriest,draenor,1800,priest,shadow,48,32,16
Knoffp,blackhand,1800,priest,shadow,126,75,51
Erdine,ravencrest,1800,priest,shadow,96,53,43
Cometopastor,skullcrusher,1797,priest,shadow,49,27,22
Lindp,stormreaver,1795,priest,shadow,78,50,28
Zindrix,silvermoon,1794,priest,shadow,90,52,38
Homxcxde,ravencrest,1793,priest,shadow,48,26,22
Raisedbyrap,blackrock,1791,priest,shadow,60,33,27
Strvnge,stormreaver,1791,priest,shadow,47,23,24
Statìk,outland,1790,priest,shadow,380,201,179
Офелла,howling-fjord,1790,priest,shadow,545,287,258
Helín,hellfire,1786,priest,shadow,126,72,54
Tosem,antonidas,1784,priest,shadow,48,31,17
Makethemstop,bronzebeard,1783,priest,shadow,154,97,57
Mizulol,ravencrest,1783,priest,shadow,161,82,79
Свдпрох,soulflayer,1781,priest,shadow,57,29,28
Староезло,gordunni,1780,priest,shadow,138,65,73
Yêl,thrall,1779,priest,shadow,283,153,130
Прыст,howling-fjord,1778,priest,shadow,69,40,29
Snoopý,dun-modr,1778,priest,shadow,162,88,74
Megajuicy,blackmoore,1777,priest,shadow,264,145,119
Galatea,les-sentinelles,1777,priest,shadow,90,49,41
Spamplague,stormscale,1776,priest,shadow,90,49,41
Shroomza,blackmoore,1776,priest,shadow,60,27,33
Luphriest,ravencrest,1774,priest,shadow,54,25,29
Найтингеилл,gordunni,1772,priest,shadow,71,37,34
Tremrfinger,dun-modr,1769,priest,shadow,98,53,45
Ftiersp,ravencrest,1768,priest,shadow,77,42,35
Llothx,ravencrest,1767,priest,shadow,92,55,37
Schizophrens,outland,1766,priest,shadow,48,28,20
Necrofeel,silvermoon,1764,priest,shadow,41,24,17
Flexzpriest,destromath,1764,priest,shadow,132,71,61
Ktulsotum,twisting-nether,1763,priest,shadow,54,29,25
Mcdced,archimonde,1762,priest,shadow,121,72,49
Wortmonster,malganis,1762,priest,shadow,47,27,20
Zultor,ragnaros,1762,priest,shadow,49,28,21
Dreadest,blackhand,1762,priest,shadow,72,41,31
Шандресса,deepholm,1761,priest,shadow,48,31,17
Jonig,blackmoore,1761,priest,shadow,124,68,56
Ревентонх,howling-fjord,1758,priest,shadow,248,136,112
Anabølix,ravencrest,1758,priest,shadow,54,28,26
Qzrx,outland,1757,priest,shadow,57,34,23
Фримекс,soulflayer,1756,priest,shadow,42,28,14
Awatør,ysondre,1756,priest,shadow,35,19,16
Mehtz,ravencrest,1755,priest,shadow,392,197,195
Mèöw,argent-dawn,1753,priest,shadow,149,84,65
Ounxx,blackrock,1753,priest,shadow,119,67,52
Biøhazard,tarren-mill,1752,priest,shadow,64,32,32
Иннрей,soulflayer,1752,priest,shadow,87,38,49
Sevtwo,tarren-mill,1751,priest,shadow,72,49,23
Namsolo,kazzak,1751,priest,shadow,84,43,41
Drë,daggerspine,1751,priest,shadow,86,43,43
Shadowyx,dun-modr,1747,priest,shadow,94,54,40
Voodkaa,drakthul,1746,priest,shadow,105,60,45
Йоййо,gordunni,1746,priest,shadow,258,140,118
Kylähullu,ravencrest,1746,priest,shadow,134,71,63
Andreel,ravencrest,1746,priest,shadow,118,62,56
Mindtyson,dun-morogh,1745,priest,shadow,108,61,47
Скайвэйуокер,howling-fjord,1743,priest,shadow,101,58,43
Spherics,ravencrest,1743,priest,shadow,54,27,27
Morgá,draenor,1740,priest,shadow,54,32,22
Нинаврач,howling-fjord,1740,priest,shadow,42,22,20
Gyom,sargeras,1739,priest,shadow,32,21,11
Ðòóm,archimonde,1738,priest,shadow,133,77,56
Geløpr,eredar,1738,priest,shadow,132,73,59
Fakecastguru,ravencrest,1735,priest,shadow,78,42,36
Øxytøcin,ravencrest,1735,priest,shadow,192,102,90
Elishîa,ragnaros,1735,priest,shadow,100,48,52
Zuhä,twisting-nether,1734,priest,shadow,78,38,40
Чикхоп,blackscar,1733,priest,shadow,144,91,53
Wixzyx,ravencrest,1732,priest,shadow,48,26,22
Atahalni,argent-dawn,1732,priest,shadow,202,98,104
Соргоху,gordunni,1731,priest,shadow,68,40,28
Wtrix,stormscale,1730,priest,shadow,36,22,14
Dezerta,nozdormu,1730,priest,shadow,100,55,45
Hasa,stormreaver,1730,priest,shadow,66,36,30
Файерин,soulflayer,1728,priest,shadow,96,47,49
Shdwfizk,ravencrest,1727,priest,shadow,48,30,18
Ризорпанда,soulflayer,1727,priest,shadow,59,33,26
Казуямисима,gordunni,1727,priest,shadow,194,105,89
Tarantos,uldum,1727,priest,shadow,204,109,95
Бархомелфой,gordunni,1723,priest,shadow,48,28,20
Juxtapose,argent-dawn,1722,priest,shadow,66,50,16
Ankî,aegwynn,1722,priest,shadow,109,57,52
Keijuna,kazzak,1721,priest,shadow,30,18,12
Xiä,archimonde,1721,priest,shadow,144,72,72
Been,ravencrest,1720,priest,shadow,48,26,22
Kharòn,grim-batol,1719,priest,shadow,89,55,34
Кломми,gordunni,1718,priest,shadow,84,45,39
Cielavinja,aszune,1718,priest,shadow,62,33,29
Hòllymèdx,blackmoore,1717,priest,shadow,51,28,23
Anabølixx,ravencrest,1716,priest,shadow,24,18,6
Lzopyec,outland,1715,priest,shadow,30,21,9
Флэшх,soulflayer,1715,priest,shadow,172,94,78
Settemsen,tarren-mill,1714,priest,shadow,42,29,13
Sweetepi,blackmoore,1714,priest,shadow,54,32,22
Skypez,blackhand,1714,priest,shadow,247,135,112
Филяфан,gordunni,1714,priest,shadow,135,73,62
Báh,tarren-mill,1714,priest,shadow,66,32,34
Phucu,the-maelstrom,1712,priest,shadow,66,39,27
Zhyn,turalyon,1712,priest,shadow,127,73,54
Seneth,twisting-nether,1712,priest,shadow,208,111,97
Iløvescärlet,khaz-modan,1708,priest,shadow,121,72,49
Алурелис,blackscar,1704,priest,shadow,36,22,14
Spriestisbad,hyjal,1704,priest,shadow,30,18,12
Дэспира,howling-fjord,1703,priest,shadow,46,28,18
Skeida,bloodhoof,1702,priest,shadow,89,43,46
Oddarne,twisting-nether,1701,priest,shadow,45,25,20
Ittei,stormscale,1700,priest,shadow,123,77,46
Djops,outland,1700,priest,shadow,150,74,76
Syntara,twisting-nether,1699,priest,shadow,62,37,25
Ансарм,gordunni,1699,priest,shadow,258,136,122
Onlyfansp,ravencrest,1699,priest,shadow,48,22,26
Фиброз,blackscar,1697,priest,shadow,120,68,52
Daspyen,silvermoon,1697,priest,shadow,85,46,39
Craquylx,hyjal,1696,priest,shadow,36,27,9
Undefined,chamber-of-aspects,1694,priest,shadow,52,36,16
Malaíka,silvermoon,1693,priest,shadow,93,53,40
Peaksp,stormscale,1692,priest,shadow,66,40,26
Celdoria,eredar,1691,priest,shadow,42,23,19
Rekson,alleria,1690,priest,shadow,60,33,27
Drakzx,kazzak,1687,priest,shadow,36,24,12
Kamish,twisting-nether,1687,priest,shadow,186,98,88
Emala,hyjal,1686,priest,shadow,42,20,22
Verbs,kazzak,1686,priest,shadow,51,24,27
Tùcøcø,archimonde,1684,priest,shadow,54,26,28
Rubín,sylvanas,1683,priest,shadow,44,28,16
Rasha,kazzak,1683,priest,shadow,74,42,32
Déép,nazjatar,1682,priest,shadow,32,18,14
Nadoreille,hyjal,1681,priest,shadow,115,63,52
Sleeg,tarren-mill,1681,priest,shadow,35,19,16
Cooldgreyjoy,archimonde,1681,priest,shadow,76,39,37
Anexxia,outland,1681,priest,shadow,48,23,25
Kuddles,hyjal,1680,priest,shadow,200,117,83
Imaut,emerald-dream,1680,priest,shadow,74,40,34
Aereza,darkspear,1679,priest,shadow,149,83,66
Jacep,kazzak,1679,priest,shadow,54,30,24
Reapzbolt,blackrock,1676,priest,shadow,114,55,59
Pennywïse,kargath,1676,priest,shadow,150,72,78
Priesless,sylvanas,1675,priest,shadow,73,39,34
Cthultist,dun-modr,1675,priest,shadow,108,52,56
Because,nemesis,1674,priest,shadow,48,28,20
Пампнавечерх,blackscar,1674,priest,shadow,65,35,30
Zeythz,ravencrest,1674,priest,shadow,281,149,132
Galadrielkä,drakthul,1673,priest,shadow,60,33,27
Yngp,blackmoore,1673,priest,shadow,66,36,30
Рэнфан,fordragon,1672,priest,shadow,76,51,25
Raspberrypíe,silvermoon,1672,priest,shadow,84,49,35
Ayhuasca,blackmoore,1672,priest,shadow,226,117,109
Shadowsig,silvermoon,1671,priest,shadow,157,84,73
Papie,kazzak,1670,priest,shadow,42,23,19
Fueguchi,anubarak,1670,priest,shadow,113,59,54
Joeqt,stormscale,1670,priest,shadow,173,80,93
Mojibien,burning-legion,1669,priest,shadow,161,88,73
Marbellexd,pozzo-delleternità,1669,priest,shadow,247,133,114
Meshen,ysondre,1669,priest,shadow,492,262,230
Hypnocat,blackrock,1669,priest,shadow,82,42,40
ßelfy,twisting-nether,1668,priest,shadow,85,50,35
Tsunadesaama,silvermoon,1668,priest,shadow,63,32,31
Niketn,aegwynn,1667,priest,shadow,60,32,28
Strunkiin,defias-brotherhood,1667,priest,shadow,280,147,133
Mackings,the-maelstrom,1667,priest,shadow,166,87,79
Пурпле,soulflayer,1667,priest,shadow,142,67,75
Levitation,alakir,1665,priest,shadow,78,45,33
Raitwo,kazzak,1664,priest,shadow,113,61,52
Dazé,ravencrest,1664,priest,shadow,65,35,30
Ûñrêpørtablë,outland,1663,priest,shadow,29,21,8
Høly,chogall,1662,priest,shadow,72,43,29
Aleetheia,silvermoon,1662,priest,shadow,225,124,101
Waycrest,ravencrest,1661,priest,shadow,77,50,27
Daisyduke,veknilash,1661,priest,shadow,81,41,40
Rházael,blackrock,1661,priest,shadow,65,31,34
Ларчшп,gordunni,1661,priest,shadow,54,25,29
Vaßpera,tarren-mill,1659,priest,shadow,153,82,71
Eupz,argent-dawn,1659,priest,shadow,79,42,37
Киндзер,blackscar,1658,priest,shadow,54,29,25
Equalìzer,ravencrest,1657,priest,shadow,25,22,3
Häst,the-maelstrom,1656,priest,shadow,37,25,12
Moodzlol,eredar,1656,priest,shadow,48,28,20
Dotreveal,ravencrest,1656,priest,shadow,48,26,22
Shreedx,stormscale,1655,priest,shadow,66,39,27
Ankus,tarren-mill,1654,priest,shadow,167,93,74
Chas,argent-dawn,1654,priest,shadow,93,45,48
Виталябард,gordunni,1654,priest,shadow,66,30,36
Амбрелка,fordragon,1653,priest,shadow,494,249,245
Ihu,nazjatar,1653,priest,shadow,161,79,82
Essumies,stormreaver,1651,priest,shadow,44,30,14
Jim,saurfang,1651,priest,shadow,48,27,21
Дзинкз,howling-fjord,1650,priest,shadow,40,24,16
Финдовский,gordunni,1649,priest,shadow,102,54,48
Ruhe,silvermoon,1648,priest,shadow,48,27,21
Jóhnnybravó,kazzak,1648,priest,shadow,117,64,53
Brøwnyez,zuljin,1648,priest,shadow,84,41,43
Cdplz,archimonde,1647,priest,shadow,30,20,10
Sypnos,zuljin,1647,priest,shadow,78,47,31
Zârvâjh,aszune,1647,priest,shadow,60,33,27
Elreâ,blackrock,1647,priest,shadow,53,28,25
Rubzler,ravencrest,1647,priest,shadow,42,20,22
Akris,ragnaros,1645,priest,shadow,154,85,69
Хелектро,deathweaver,1645,priest,shadow,48,25,23
Трубишоп,howling-fjord,1645,priest,shadow,152,77,75
Адскийприст,gordunni,1645,priest,shadow,42,19,23
Discknight,kazzak,1645,priest,shadow,60,24,36
Jegred,draenor,1644,priest,shadow,54,36,18
Bigblackdot,grim-batol,1644,priest,shadow,36,19,17
Djariisimp,tarren-mill,1643,priest,shadow,36,21,15
Kêrrýgold,blackrock,1643,priest,shadow,157,85,72
Sheto,burning-legion,1641,priest,shadow,398,198,200
Foxiekitten,tarren-mill,1640,priest,shadow,34,23,11
Chinko,blackmoore,1640,priest,shadow,92,58,34
Milo,argent-dawn,1640,priest,shadow,102,61,41
Äiri,blackmoore,1639,priest,shadow,70,42,28
Asterixsu,sylvanas,1638,priest,shadow,48,31,17
Priestfive,stormscale,1638,priest,shadow,48,28,20
Aaj,twisting-nether,1638,priest,shadow,57,29,28
Mikizu,die-aldor,1638,priest,shadow,42,21,21
Ксерф,soulflayer,1638,priest,shadow,138,67,71
Momomomomomo,blackrock,1637,priest,shadow,118,61,57
Minaegi,aegwynn,1636,priest,shadow,42,26,16
Belialzs,blackrock,1636,priest,shadow,45,24,21
Turah,the-maelstrom,1635,priest,shadow,36,22,14
Syreet,silvermoon,1635,priest,shadow,35,20,15
Toesxcker,stormscale,1635,priest,shadow,59,32,27
Díspelbot,ravencrest,1634,priest,shadow,33,21,12
Peprama,stormscale,1634,priest,shadow,120,65,55
Goodsuck,tarren-mill,1634,priest,shadow,66,34,32
Kättare,stormscale,1633,priest,shadow,96,53,43
Bigdogone,arathor,1632,priest,shadow,52,29,23
Milamati,kazzak,1632,priest,shadow,78,39,39
Rynsym,ravencrest,1632,priest,shadow,72,36,36
Sosûke,archimonde,1631,priest,shadow,36,22,14
Мишатемный,gordunni,1631,priest,shadow,84,50,34
Muyhuman,eredar,1630,priest,shadow,24,17,7
Smiles,burning-steppes,1630,priest,shadow,83,50,33
Gladinbedirl,ravencrest,1629,priest,shadow,30,21,9
Sadskîx,dun-modr,1629,priest,shadow,68,41,27
Baldracca,shendralar,1628,priest,shadow,108,58,50
Ахаххааха,gordunni,1628,priest,shadow,60,32,28
Skypray,burning-legion,1628,priest,shadow,167,89,78
Cederpriest,tarren-mill,1628,priest,shadow,145,69,76
Rippeep,emerald-dream,1627,priest,shadow,30,17,13
Билетлолпро,borean-tundra,1627,priest,shadow,30,17,13
Waruum,outland,1627,priest,shadow,82,44,38
Shadowirl,ravencrest,1626,priest,shadow,24,17,7
Påsøk,stormscale,1626,priest,shadow,48,25,23
Педрец,howling-fjord,1626,priest,shadow,120,62,58
Thawx,stormscale,1625,priest,shadow,48,28,20
Xuzilul,antonidas,1624,priest,shadow,72,40,32
Apèx,blackrock,1624,priest,shadow,99,50,49
Jønnybanana,blackrock,1623,priest,shadow,39,20,19
Affex,tarren-mill,1622,priest,shadow,30,18,12
Noremorze,ravencrest,1622,priest,shadow,148,85,63
Игорянатакуе,eversong,1622,priest,shadow,192,98,94
Aliocha,dalaran,1622,priest,shadow,58,27,31
Deriont,argent-dawn,1621,priest,shadow,48,30,18
Axelbre,blackrock,1621,priest,shadow,42,21,21
Fabulicious,blackrock,1620,priest,shadow,30,20,10
Lightform,twisting-nether,1620,priest,shadow,81,52,29
Shyasianpr,area-52,1620,priest,shadow,48,26,22
Selaria,magtheridon,1620,priest,shadow,60,28,32
Марриаза,blackscar,1620,priest,shadow,60,28,32
Zetapp,argent-dawn,1619,priest,shadow,42,22,20
Afrophobia,archimonde,1617,priest,shadow,214,116,98
Thrakoun,twilights-hammer,1617,priest,shadow,84,44,40
Nûtqt,archimonde,1617,priest,shadow,112,58,54
Svettvrede,sylvanas,1617,priest,shadow,83,40,43
Priestazie,madmortem,1616,priest,shadow,96,57,39
Shyvi,ravencrest,1616,priest,shadow,36,21,15
Valadaris,outland,1616,priest,shadow,70,40,30
Weebi,silvermoon,1616,priest,shadow,95,53,42
Mórok,silvermoon,1615,priest,shadow,60,34,26
Otecduchovny,burning-blade,1615,priest,shadow,30,17,13
Yoggies,tarren-mill,1615,priest,shadow,62,33,29
Mukkin,tarren-mill,1614,priest,shadow,60,35,25
Astolfo,blackrock,1614,priest,shadow,90,52,38
Mindseven,emeriss,1614,priest,shadow,30,17,13
Neitter,zuljin,1613,priest,shadow,78,43,35
Yrr,draenor,1613,priest,shadow,42,21,21
Widdlprest,sylvanas,1613,priest,shadow,36,17,19
Voidjeanzqt,blackmoore,1612,priest,shadow,202,113,89
Отчепадре,gordunni,1611,priest,shadow,48,27,21
Dingqt,chogall,1611,priest,shadow,42,21,21
Bubidiblumpr,twisting-nether,1610,priest,shadow,90,59,31
Basxcbxtchx,ravencrest,1610,priest,shadow,36,21,15
Fearocity,outland,1609,priest,shadow,42,23,19
Lenneyqt,blackmoore,1609,priest,shadow,48,26,22
Joniop,stormreaver,1607,priest,shadow,41,26,15
Xbeau,bronze-dragonflight,1607,priest,shadow,96,55,41
Vavulya,blackhand,1607,priest,shadow,359,189,170
Tweediertie,argent-dawn,1607,priest,shadow,59,25,34
Quen,baelgun,1606,priest,shadow,66,39,27
Lowisa,sylvanas,1606,priest,shadow,106,61,45
Iamfrosty,draenor,1606,priest,shadow,204,111,93
Kervalainen,outland,1605,priest,shadow,49,34,15
Вайзмейстер,blackscar,1605,priest,shadow,48,27,21
Lynseanna,ravencrest,1605,priest,shadow,99,55,44
Nairima,argent-dawn,1605,priest,shadow,152,81,71
Zayden,ragnaros,1605,priest,shadow,145,74,71
Æäõ,turalyon,1604,priest,shadow,36,19,17
Bubbleup,defias-brotherhood,1603,priest,shadow,61,40,21
Putríd,sylvanas,1603,priest,shadow,77,45,32
Brìtneyfears,ravencrest,1602,priest,shadow,30,20,10
Миссклик,goldrinn,1602,priest,shadow,130,78,52
Trancemaster,dun-modr,1602,priest,shadow,30,18,12
Jonesy,blackmoore,1602,priest,shadow,82,46,36
Rakkha,ravencrest,1602,priest,shadow,111,55,56
Adaseth,tarren-mill,1601,priest,shadow,178,106,72
Niecheqt,tarren-mill,1601,priest,shadow,125,71,54
Appraiser,draenor,1601,priest,shadow,30,17,13
Hîlaryduff,dun-modr,1600,priest,shadow,36,21,15
Caera,blackrock,1600,priest,shadow,36,21,15
Toba,hellscream,1600,priest,shadow,42,23,19
Cifhilis,ravencrest,1600,priest,shadow,66,32,34
Syam,dun-morogh,1600,priest,shadow,42,17,25
Terrored,ravencrest,1599,priest,shadow,54,23,31
Fandac,sylvanas,1598,priest,shadow,36,20,16
Willzah,outland,1598,priest,shadow,44,22,22
Энвиньяттар,howling-fjord,1597,priest,shadow,47,32,15
Valirda,twisting-nether,1597,priest,shadow,205,106,99
Àæn,blackrock,1596,priest,shadow,48,29,19
Zapreyy,kazzak,1596,priest,shadow,30,17,13
Babarøqa,blackmoore,1596,priest,shadow,310,165,145
Youguessedit,twisting-nether,1596,priest,shadow,100,50,50
Horrðr,kazzak,1595,priest,shadow,73,40,33
Мизостигма,gordunni,1594,priest,shadow,47,23,24
Sopsy,stormscale,1593,priest,shadow,60,32,28
Перекованный,soulflayer,1592,priest,shadow,189,94,95
Саксесфул,howling-fjord,1591,priest,shadow,121,67,54
Ðrwiz,ravencrest,1591,priest,shadow,36,19,17
Buffholy,dun-modr,1589,priest,shadow,78,43,35
Inferius,shadowsong,1589,priest,shadow,76,31,45
Даркфолс,soulflayer,1588,priest,shadow,48,29,19
Aenon,argent-dawn,1588,priest,shadow,53,30,23
Morsy,alleria,1588,priest,shadow,80,44,36
Genthus,kazzak,1588,priest,shadow,90,47,43
Kimosabee,kazzak,1588,priest,shadow,48,25,23
Pombär,ragnaros,1587,priest,shadow,54,36,18
Malip,ragnaros,1586,priest,shadow,75,36,39
Wrathful,terokkar,1585,priest,shadow,30,20,10
Pedopräst,stormscale,1585,priest,shadow,104,58,46
Discmaskinen,aggramar,1585,priest,shadow,36,17,19
Xelathor,twisting-nether,1584,priest,shadow,132,70,62
Faminé,outland,1584,priest,shadow,65,29,36
Dïesel,blackhand,1583,priest,shadow,36,19,17
Рейвор,gordunni,1582,priest,shadow,107,57,50
Charmebolzen,blackrock,1582,priest,shadow,132,67,65
Babydark,ravencrest,1582,priest,shadow,36,18,18
Darkangél,forscherliga,1582,priest,shadow,72,34,38
Galilea,sanguino,1581,priest,shadow,60,34,26
Zyzzforever,ragnaros,1580,priest,shadow,30,17,13
Lothlórien,dun-modr,1579,priest,shadow,48,35,13
Imøteph,ragnaros,1579,priest,shadow,83,47,36
Cryptoflame,silvermoon,1579,priest,shadow,45,25,20
Pewkz,draenor,1578,priest,shadow,84,50,34
Shadowplay,theradras,1578,priest,shadow,142,72,70
Supahot,sylvanas,1577,priest,shadow,149,82,67
Sakanade,twisting-nether,1576,priest,shadow,42,34,8
Vatikanet,ravencrest,1576,priest,shadow,129,73,56
Toxxjq,sylvanas,1576,priest,shadow,99,55,44
Vøidtheorem,ragnaros,1576,priest,shadow,66,29,37
Nálá,nethersturm,1575,priest,shadow,121,68,53
Iamthebarbie,sanguino,1575,priest,shadow,36,20,16
Nahyra,dalaran,1575,priest,shadow,260,134,126
Fumiiko,stormscale,1574,priest,shadow,84,38,46
Khäñ,ravencrest,1573,priest,shadow,135,67,68
Kightz,twisting-nether,1572,priest,shadow,128,66,62
Castêr,silvermoon,1571,priest,shadow,132,71,61
Brighty,sylvanas,1571,priest,shadow,149,79,70
Corruptx,ysondre,1571,priest,shadow,68,35,33
Callmegød,archimonde,1570,priest,shadow,78,42,36
Lênax,arthas,1570,priest,shadow,69,34,35
Vo,dentarg,1568,priest,shadow,108,54,54
Kantar,ragnaros,1567,priest,shadow,112,61,51
Diapösitiv,draenor,1566,priest,shadow,108,61,47
Beonin,tarren-mill,1565,priest,shadow,67,40,27
Brobox,blackmoore,1565,priest,shadow,36,18,18
Øhlø,ysondre,1563,priest,shadow,70,39,31
Hinorist,kazzak,1563,priest,shadow,41,22,19
Azsaryn,magtheridon,1562,priest,shadow,42,22,20
Insaniro,argent-dawn,1562,priest,shadow,66,34,32
Arima,kargath,1560,priest,shadow,30,23,7
Ankhh,bloodscalp,1560,priest,shadow,142,69,73
Shadowsister,burning-blade,1559,priest,shadow,112,63,49
Shendilka,drakthul,1558,priest,shadow,33,21,12
Rumbo,lightnings-blade,1557,priest,shadow,89,44,45
Lethaa,twisting-nether,1556,priest,shadow,30,19,11
Marsheil,blackhand,1556,priest,shadow,60,32,28
Пристаболик,gordunni,1555,priest,shadow,30,19,11
Shivaja,aegwynn,1555,priest,shadow,30,17,13
Exörcíst,outland,1554,priest,shadow,63,44,19
Мисатэ,gordunni,1554,priest,shadow,82,51,31
Poposy,hyjal,1554,priest,shadow,54,30,24
Эззи,soulflayer,1552,priest,shadow,120,65,55
Bigdogs,archimonde,1552,priest,shadow,42,21,21
Hemaplex,dun-modr,1550,priest,shadow,95,52,43
Сёдзира,gordunni,1549,priest,shadow,84,43,41
Gooflord,ravencrest,1548,priest,shadow,30,17,13
Priestgrade,darkspear,1548,priest,shadow,52,28,24
Cannapriest,frostwolf,1546,priest,shadow,60,34,26
Говорун,grom,1546,priest,shadow,36,20,16
Everdark,twisting-nether,1546,priest,shadow,181,96,85
Jerolol,sanguino,1546,priest,shadow,54,28,26
Astangia,nemesis,1544,priest,shadow,323,174,149
Malisna,argent-dawn,1543,priest,shadow,47,25,22
Токиото,gordunni,1543,priest,shadow,66,33,33
Coupdekaraté,sylvanas,1543,priest,shadow,36,18,18
Aiewn,elune,1542,priest,shadow,40,24,16
Xooxl,ragnaros,1542,priest,shadow,102,60,42
Skerduddle,stormscale,1542,priest,shadow,90,49,41
Lavidu,antonidas,1542,priest,shadow,72,36,36
Lathas,bloodfeather,1540,priest,shadow,88,57,31
Îndura,drakthul,1540,priest,shadow,98,56,42
Амгар,galakrond,1540,priest,shadow,125,69,56
Lolapalula,tarren-mill,1540,priest,shadow,53,27,26
Sateruxs,burning-legion,1538,priest,shadow,93,51,42
Yixi,blackmoore,1537,priest,shadow,48,29,19
Zászàsmaster,kazzak,1537,priest,shadow,114,65,49
Ormarn,twisting-nether,1536,priest,shadow,92,51,41
Moontear,ravencrest,1536,priest,shadow,51,26,25
Лостспейс,gordunni,1535,priest,shadow,34,25,9
Frv,tarren-mill,1535,priest,shadow,39,23,16
Kìckurâss,aegwynn,1535,priest,shadow,59,34,25
Danri,ravencrest,1535,priest,shadow,42,24,18
Solaní,antonidas,1534,priest,shadow,190,101,89
Smålbenör,stormreaver,1532,priest,shadow,53,29,24
Zekonja,doomhammer,1532,priest,shadow,82,42,40
Cringelørd,alakir,1531,priest,shadow,91,55,36
Baihoi,twilights-hammer,1531,priest,shadow,156,88,68
Massbimba,tarren-mill,1531,priest,shadow,71,36,35
Heavyhalo,ragnaros,1530,priest,shadow,36,22,14
Basicpr,ravencrest,1530,priest,shadow,87,48,39
Varjomies,ragnaros,1530,priest,shadow,132,69,63
Extralite,stormscale,1530,priest,shadow,58,28,30
Zinxe,ravencrest,1529,priest,shadow,85,51,34
Ephara,outland,1527,priest,shadow,77,39,38
Draryanna,nemesis,1526,priest,shadow,30,16,14
Dionegativ,draenor,1525,priest,shadow,42,18,24
Littlefräu,ravencrest,1524,priest,shadow,28,17,11
Anathemas,draenor,1524,priest,shadow,88,52,36
Loaofanal,stormscale,1524,priest,shadow,48,26,22
Baptizer,nemesis,1523,priest,shadow,185,110,75
Psycos,kazzak,1523,priest,shadow,66,33,33
Kisala,kazzak,1522,priest,shadow,76,48,28
Boniesmack,stormscale,1521,priest,shadow,78,44,34
Ryik,ravencrest,1521,priest,shadow,119,64,55
Gerase,blackrock,1517,priest,shadow,54,34,20
Kourroucé,archimonde,1517,priest,shadow,160,87,73
Leckpriest,sanguino,1517,priest,shadow,100,49,51
Abjure,silvermoon,1516,priest,shadow,48,25,23
Êttân,ravencrest,1516,priest,shadow,148,77,71
Whocare,tarren-mill,1516,priest,shadow,82,41,41
ßest,archimonde,1515,priest,shadow,78,40,38
Stölpen,ravencrest,1515,priest,shadow,60,28,32
Flyp,stormscale,1514,priest,shadow,75,37,38
Brainwash,darksorrow,1514,priest,shadow,40,18,22
Umbralx,ragnaros,1513,priest,shadow,77,45,32
Ladouce,archimonde,1512,priest,shadow,64,35,29
Enprästjävel,tarren-mill,1511,priest,shadow,36,20,16
Shinígamí,frostmane,1511,priest,shadow,104,57,47
Deadspace,hyjal,1510,priest,shadow,92,54,38
Experimentix,silvermoon,1510,priest,shadow,36,21,15
Skûggpräst,silvermoon,1510,priest,shadow,118,61,57
Cykdwojeczka,burning-legion,1510,priest,shadow,133,65,68
Jingling,kazzak,1509,priest,shadow,24,16,8
Абсорб,gordunni,1508,priest,shadow,66,41,25
Hecaté,blackhand,1506,priest,shadow,109,64,45
Деплитфофан,gordunni,1506,priest,shadow,125,71,54
Cylantharia,eredar,1506,priest,shadow,30,16,14
Namire,thrall,1505,priest,shadow,54,24,30
Адария,booty-bay,1504,priest,shadow,35,22,13
Ðotgød,nemesis,1504,priest,shadow,74,46,28
Naronas,drakthul,1504,priest,shadow,42,23,19
Sebbepriest,twisting-nether,1504,priest,shadow,238,124,114
Dyshexia,bronze-dragonflight,1503,priest,shadow,78,39,39
Anastasiä,archimonde,1502,priest,shadow,51,27,24
Xîneâ,outland,1502,priest,shadow,36,18,18
Valdiona,tarren-mill,1501,priest,shadow,47,30,17
Pressplz,archimonde,1500,priest,shadow,42,21,21
Puresaint,the-maelstrom,1499,priest,shadow,42,19,23
Stepmama,kazzak,1498,priest,shadow,30,16,14
Chrønös,hyjal,1498,priest,shadow,216,110,106
Thmas,outland,1498,priest,shadow,83,37,46
Кхэрри,goldrinn,1496,priest,shadow,47,26,21
Scynthia,ravencrest,1496,priest,shadow,44,20,24
Greyford,blackhand,1495,priest,shadow,24,16,8
Nicorøbin,uldum,1495,priest,shadow,145,82,63
Элдерле,gordunni,1494,priest,shadow,48,27,21
Mozahn,ragnaros,1494,priest,shadow,69,36,33
Lainie,burning-legion,1493,priest,shadow,40,25,15
Hiyahen,silvermoon,1493,priest,shadow,90,50,40
Dardinio,ravencrest,1493,priest,shadow,56,26,30
Beasteaksx,thrall,1492,priest,shadow,105,53,52
Blasphemiia,outland,1491,priest,shadow,72,44,28
Ciqua,frostmane,1491,priest,shadow,40,23,17
Ialoricha,dun-modr,1491,priest,shadow,158,76,82
Healiea,outland,1491,priest,shadow,119,51,68
Kajifoxi,frostmane,1490,priest,shadow,60,38,22
Ðizzi,dun-modr,1490,priest,shadow,42,23,19
Stiankrokås,silvermoon,1490,priest,shadow,60,30,30
Miruvai,tarren-mill,1490,priest,shadow,54,27,27
Ragwitch,draenor,1489,priest,shadow,70,42,28
Hâicu,antonidas,1489,priest,shadow,66,39,27
Даняпампх,soulflayer,1489,priest,shadow,212,112,100
Kertith,argent-dawn,1489,priest,shadow,231,120,111
Khalix,frostwolf,1489,priest,shadow,36,18,18
Crâzycatlady,blackmoore,1488,priest,shadow,30,17,13
Fosil,xavius,1488,priest,shadow,72,39,33
Nygel,kazzak,1488,priest,shadow,141,75,66
Bercxu,ragnaros,1487,priest,shadow,60,34,26
Bierbändiger,blackhand,1487,priest,shadow,30,17,13
Vittelk,stormscale,1487,priest,shadow,84,44,40
Fiftyfives,hyjal,1487,priest,shadow,60,30,30
Shaaq,stormscale,1486,priest,shadow,24,19,5
Nomorelight,stormscale,1486,priest,shadow,54,27,27
Pãst,pozzo-delleternità,1485,priest,shadow,48,27,21
Virdeo,aegwynn,1485,priest,shadow,61,30,31
Voidkäfer,ravencrest,1484,priest,shadow,36,18,18
Xyo,alleria,1483,priest,shadow,158,76,82
Broncos,twisting-nether,1482,priest,shadow,112,65,47
Slepa,silvermoon,1482,priest,shadow,48,26,22
Зонкк,thermaplugg,1481,priest,shadow,174,92,82
Unreal,nagrand,1480,priest,shadow,42,19,23
Veryssra,archimonde,1479,priest,shadow,114,72,42
Zeto,blackmoore,1479,priest,shadow,51,31,20
Iamreaper,outland,1479,priest,shadow,60,32,28
Shinesomnya,aegwynn,1478,priest,shadow,40,23,17
Tschacoo,malganis,1478,priest,shadow,58,32,26
Mightyfool,aegwynn,1478,priest,shadow,106,51,55
Apfelrisotta,outland,1478,priest,shadow,69,33,36
Bøts,ravencrest,1478,priest,shadow,73,34,39
Belìal,thrall,1477,priest,shadow,35,16,19
Pregrip,twisting-nether,1475,priest,shadow,67,34,33
ßumbleßeeqt,frostmane,1475,priest,shadow,55,25,30
Celz,kazzak,1474,priest,shadow,60,35,25
Nbayoungboy,the-maelstrom,1473,priest,shadow,32,18,14
Джианитто,borean-tundra,1473,priest,shadow,52,28,24
Hælmenøw,archimonde,1472,priest,shadow,54,28,26
Søcrax,blackrock,1471,priest,shadow,72,42,30
Warplague,argent-dawn,1471,priest,shadow,103,48,55
Psycoscream,blackmoore,1469,priest,shadow,88,44,44
Haregnor,gorgonnash,1468,priest,shadow,37,21,16
Lëgolux,chogall,1468,priest,shadow,90,49,41
Юбизумо,gordunni,1468,priest,shadow,110,55,55
Wingufreebrø,sanguino,1468,priest,shadow,76,36,40
Волкановская,eversong,1467,priest,shadow,54,26,28
Superdude,stormscale,1467,priest,shadow,49,23,26
Dotterin,draenor,1466,priest,shadow,95,62,33
Nemw,chamber-of-aspects,1466,priest,shadow,103,58,45
Абервуд,soulflayer,1466,priest,shadow,50,27,23
Sháady,ravencrest,1466,priest,shadow,60,29,31
Umayyaa,sylvanas,1466,priest,shadow,42,18,24
Fnúggí,kazzak,1465,priest,shadow,66,35,31
Sunehxp,blackrock,1465,priest,shadow,83,32,51
Spideypap,ragnaros,1464,priest,shadow,58,33,25
Nekemtenee,magtheridon,1463,priest,shadow,47,30,17
Tamy,draenor,1462,priest,shadow,135,80,55
Старкстрим,gordunni,1461,priest,shadow,78,41,37
Targolina,argent-dawn,1461,priest,shadow,56,28,28
Mellandoh,tarren-mill,1459,priest,shadow,107,64,43
Shdwmeld,ravencrest,1459,priest,shadow,65,29,36
Divledann,lightnings-blade,1458,priest,shadow,66,38,28
Zildjiana,archimonde,1457,priest,shadow,138,73,65
Vilhiil,darksorrow,1457,priest,shadow,89,45,44
Дикрия,eversong,1456,priest,shadow,114,59,55
Venomspawn,ragnaros,1456,priest,shadow,36,18,18
Hemovoid,nagrand,1454,priest,shadow,24,17,7
Slagatron,ragnaros,1454,priest,shadow,79,41,38
Squîzz,archimonde,1454,priest,shadow,121,62,59
Vedina,bronze-dragonflight,1453,priest,shadow,105,49,56
Хоозяин,blackscar,1452,priest,shadow,60,38,22
Damyo,eredar,1451,priest,shadow,102,55,47
Stevenfly,outland,1451,priest,shadow,30,16,14
Voidpbody,nerathor,1451,priest,shadow,47,24,23
Ammp,outland,1448,priest,shadow,243,128,115
Самаэльз,blackscar,1448,priest,shadow,62,31,31
Шанэкс,howling-fjord,1447,priest,shadow,24,17,7
Kurzik,zuljin,1447,priest,shadow,46,30,16
Dípp,ravencrest,1447,priest,shadow,36,18,18
Симпоз,howling-fjord,1446,priest,shadow,36,22,14
Galle,frostmane,1445,priest,shadow,38,23,15
Meloo,dalaran,1444,priest,shadow,139,77,62
Cinaedus,stormreaver,1444,priest,shadow,63,33,30
Азотод,gordunni,1443,priest,shadow,109,62,47
Fuggordel,argent-dawn,1441,priest,shadow,75,36,39
Odium,alakir,1440,priest,shadow,128,70,58
Kendea,silvermoon,1440,priest,shadow,211,111,100
Rätzah,silvermoon,1440,priest,shadow,90,45,45
Gambetto,sanguino,1439,priest,shadow,24,15,9
Peep,emerald-dream,1439,priest,shadow,24,15,9
Palitox,kazzak,1439,priest,shadow,70,38,32
Evna,chogall,1439,priest,shadow,48,24,24
Velenthan,stormrage,1438,priest,shadow,60,38,22
Jarz,kazzak,1438,priest,shadow,24,15,9
Singularity,ravencrest,1437,priest,shadow,120,65,55
Ariyáh,antonidas,1437,priest,shadow,162,83,79
Taeraz,archimonde,1435,priest,shadow,24,15,9
Gesees,ravencrest,1433,priest,shadow,55,29,26
Jlox,stormscale,1433,priest,shadow,39,16,23
Narshina,onyxia,1432,priest,shadow,48,20,28
Lagbugdcx,ravencrest,1430,priest,shadow,36,21,15
Lëshder,sanguino,1429,priest,shadow,119,59,60
Kumpi,azjolnerub,1428,priest,shadow,30,19,11
Tigrok,burning-legion,1428,priest,shadow,68,35,33
Seras,bloodfeather,1427,priest,shadow,180,99,81
Wundervoid,silvermoon,1426,priest,shadow,83,48,35
Lilakaii,chamber-of-aspects,1426,priest,shadow,146,72,74
Карбираторх,gordunni,1426,priest,shadow,65,32,33
Johnnysp,eredar,1425,priest,shadow,48,31,17
Jaimee,zirkel-des-cenarius,1425,priest,shadow,24,15,9
Daltheria,daggerspine,1425,priest,shadow,101,59,42
Psystorm,frostmane,1425,priest,shadow,69,40,29
Oniakusa,outland,1425,priest,shadow,30,15,15
Forhandleren,draenor,1425,priest,shadow,157,75,82
Lamess,drakthul,1424,priest,shadow,55,34,21
Tyene,voljin,1424,priest,shadow,88,48,40
Unpretetroll,nemesis,1423,priest,shadow,150,81,69
Aliasus,archimonde,1423,priest,shadow,40,20,20
Липоскай,howling-fjord,1422,priest,shadow,48,23,25
Темняк,gordunni,1422,priest,shadow,60,27,33
Henaheals,ragnaros,1419,priest,shadow,24,15,9
Evypriest,draenor,1419,priest,shadow,36,20,16
Sharmidix,kazzak,1419,priest,shadow,30,15,15
Dopey,kazzak,1418,priest,shadow,67,38,29
Claudefrollo,the-maelstrom,1418,priest,shadow,49,26,23
Isusgaspodi,argent-dawn,1417,priest,shadow,121,67,54
Mylini,silvermoon,1416,priest,shadow,101,54,47
Hasnaa,silvermoon,1415,priest,shadow,52,29,23
Oikus,minahonda,1414,priest,shadow,102,54,48
Gorali,the-venture-co,1413,priest,shadow,61,31,30
Voidis,hyjal,1413,priest,shadow,66,25,41
Prøfesor,nemesis,1412,priest,shadow,53,27,26
Shopify,nagrand,1412,priest,shadow,30,15,15
Simplesam,ravencrest,1412,priest,shadow,76,35,41
Phplaravel,tarren-mill,1412,priest,shadow,81,35,46
Chaddius,stormscale,1411,priest,shadow,175,88,87
Drakharys,dun-modr,1411,priest,shadow,34,17,17
Smâshëd,stormscale,1411,priest,shadow,108,53,55
Diha,argent-dawn,1411,priest,shadow,36,17,19
Corpsemaw,silvermoon,1411,priest,shadow,41,19,22
Saintethérez,archimonde,1410,priest,shadow,45,30,15
Erkay,kazzak,1410,priest,shadow,95,49,46
Thoryän,ragnaros,1409,priest,shadow,102,50,52
Kirrako,tarren-mill,1409,priest,shadow,42,17,25
Люблюкофе,deathguard,1408,priest,shadow,110,58,52
Olïfä,aggra-português,1407,priest,shadow,30,19,11
Xceliann,stormscale,1406,priest,shadow,42,21,21
Cynthi,arthas,1406,priest,shadow,30,15,15
Dotsin,kazzak,1406,priest,shadow,166,82,84
Kayeen,tarren-mill,1406,priest,shadow,142,68,74
Simularcum,tarren-mill,1405,priest,shadow,78,34,44
Hörror,twisting-nether,1404,priest,shadow,96,47,49
Preodek,kazzak,1403,priest,shadow,30,15,15
Thudre,ravencrest,1402,priest,shadow,97,48,49
Бравер,soulflayer,1401,priest,shadow,47,25,22
Voidbro,grim-batol,1401,priest,shadow,29,15,14
Eriezel,shattered-halls,1401,priest,shadow,30,15,15
Wewo,drakthul,1401,priest,shadow,57,28,29
Нефрида,gordunni,1400,priest,shadow,50,27,23
Îzî,sanguino,1400,priest,shadow,102,53,49
Nagatary,blackmoore,1397,priest,shadow,104,58,46
Xíøn,draenor,1397,priest,shadow,35,16,19
Radenox,stormscale,1397,priest,shadow,42,16,26
Gauge,frostmane,1396,priest,shadow,198,104,94
Kasyrra,sylvanas,1395,priest,shadow,115,63,52
Lousp,tarren-mill,1395,priest,shadow,48,18,30
Sakyra,blackmoore,1394,priest,shadow,62,41,21
Tazera,boulderfist,1394,priest,shadow,128,63,65
Даркхон,howling-fjord,1393,priest,shadow,88,45,43
Mjamc,stormscale,1392,priest,shadow,91,52,39
Chibz,twisting-nether,1392,priest,shadow,48,21,27
Ансин,azuregos,1391,priest,shadow,48,33,15
Voidlord,hyjal,1391,priest,shadow,114,62,52
Zlejkadlec,drakthul,1390,priest,shadow,24,16,8
Giruga,eredar,1390,priest,shadow,30,15,15
Fish,arathor,1390,priest,shadow,88,38,50
Terenal,ysondre,1389,priest,shadow,70,44,26
Vhayna,kazzak,1389,priest,shadow,95,52,43
Lamaovic,archimonde,1388,priest,shadow,73,37,36
Lashana,die-aldor,1388,priest,shadow,83,40,43
Hoon,destromath,1387,priest,shadow,105,56,49
Oblivita,twisting-nether,1386,priest,shadow,83,39,44
Pehmoinen,korgall,1386,priest,shadow,43,19,24
Hek,sylvanas,1384,priest,shadow,72,36,36
Deadlymoda,zenedar,1384,priest,shadow,32,16,16
Piixld,aegwynn,1383,priest,shadow,95,52,43
Morgoh,die-arguswacht,1383,priest,shadow,169,89,80
Daenie,elune,1383,priest,shadow,54,27,27
Lapinvicieux,archimonde,1383,priest,shadow,82,39,43
Ohboy,eredar,1383,priest,shadow,64,30,34
Lichtl,ysera,1382,priest,shadow,96,47,49
Hans,thrall,1380,priest,shadow,30,18,12
Rajip,azjolnerub,1379,priest,shadow,42,27,15
Bonifacio,la-croisade-écarlate,1377,priest,shadow,42,20,22
Õðæßìùa,kazzak,1375,priest,shadow,23,15,8
Shizo,blutkessel,1370,priest,shadow,53,32,21
Fleshcraft,ravencrest,1370,priest,shadow,26,15,11
Holypowér,twisting-nether,1369,priest,shadow,30,16,14
Низара,deathguard,1367,priest,shadow,60,24,36
Saviour,spinebreaker,1366,priest,shadow,60,34,26
Ðivinà,archimonde,1366,priest,shadow,80,39,41
Весенняя,gordunni,1365,priest,shadow,50,29,21
Вэйворс,blackscar,1365,priest,shadow,120,59,61
Syntára,blackhand,1365,priest,shadow,42,20,22
Eryxial,antonidas,1365,priest,shadow,47,22,25
Держимоепиво,blackscar,1364,priest,shadow,42,19,23
Synexia,sylvanas,1363,priest,shadow,111,62,49
Sucukpriest,blackrock,1363,priest,shadow,42,23,19
Xanelor,tarren-mill,1362,priest,shadow,76,46,30
Brunestùd,pozzo-delleternità,1361,priest,shadow,30,20,10
Zevulós,ravencrest,1360,priest,shadow,95,37,58
Bonbonici,sylvanas,1359,priest,shadow,66,43,23
Shadowpræst,argent-dawn,1359,priest,shadow,69,31,38
Pæìn,malganis,1359,priest,shadow,42,17,25
Averagenoob,ragnaros,1357,priest,shadow,65,39,26
Brycen,silvermoon,1357,priest,shadow,34,15,19
Hexmon,tarren-mill,1356,priest,shadow,86,53,33
Изэрвил,howling-fjord,1356,priest,shadow,36,16,20
Blàze,tarren-mill,1355,priest,shadow,42,22,20
Fordöbroo,ragnaros,1355,priest,shadow,284,146,138
Seehz,ysondre,1355,priest,shadow,83,33,50
Имморталрё,galakrond,1354,priest,shadow,42,29,13
Thebesp,ravencrest,1354,priest,shadow,54,21,33
Офинсия,deathguard,1354,priest,shadow,47,18,29
Вексион,goldrinn,1353,priest,shadow,36,19,17
Priztar,nazjatar,1353,priest,shadow,43,22,21
Силесттиль,gordunni,1353,priest,shadow,58,29,29
Gódmic,tarren-mill,1353,priest,shadow,37,15,22
Голдратт,soulflayer,1352,priest,shadow,60,37,23
Шаасит,soulflayer,1351,priest,shadow,36,20,16
Сашашвд,howling-fjord,1350,priest,shadow,48,23,25
Seenoend,neptulon,1349,priest,shadow,36,17,19
Zappinellaa,tarren-mill,1348,priest,shadow,22,15,7
Кибержрица,soulflayer,1347,priest,shadow,30,15,15
Atheniss,drakthul,1346,priest,shadow,114,60,54
Fåith,twilights-hammer,1346,priest,shadow,155,81,74
Kellen,burning-blade,1346,priest,shadow,396,202,194
Slenderdoom,stormscale,1346,priest,shadow,36,18,18
Nyróx,malganis,1345,priest,shadow,122,59,63
Meshield,draenor,1345,priest,shadow,48,19,29
Prìestìalìty,draenor,1344,priest,shadow,29,17,12
Flayin,kazzak,1344,priest,shadow,114,60,54
Voidgasm,kazzak,1344,priest,shadow,29,15,14
Zërøx,ysondre,1343,priest,shadow,24,14,10
Boluclac,archimonde,1343,priest,shadow,24,14,10
Achára,ravencrest,1343,priest,shadow,24,14,10
Sanebassoff,kazzak,1343,priest,shadow,226,117,109
Возрождающее,soulflayer,1342,priest,shadow,30,14,16
Maysiex,twisting-nether,1341,priest,shadow,24,14,10
Vtspam,stormscale,1341,priest,shadow,24,14,10
Зайчатинка,soulflayer,1341,priest,shadow,92,42,50
Príêstjklól,stormscale,1340,priest,shadow,24,14,10
Apuessii,dun-modr,1340,priest,shadow,59,31,28
Dpyo,ravencrest,1340,priest,shadow,30,14,16
Elysium,darkspear,1339,priest,shadow,131,66,65
Velenthøs,argent-dawn,1338,priest,shadow,41,23,18
Øxyzën,marécage-de-zangar,1338,priest,shadow,49,26,23
Sodomix,tarren-mill,1337,priest,shadow,271,142,129
Emilyvvillis,outland,1337,priest,shadow,36,14,22
Gød,magtheridon,1335,priest,shadow,30,14,16
Triuna,sylvanas,1333,priest,shadow,41,22,19
Hëllokitty,sanguino,1333,priest,shadow,104,54,50
Goodison,outland,1333,priest,shadow,30,14,16
Bromiaris,dun-morogh,1333,priest,shadow,72,33,39
Deethraa,argent-dawn,1332,priest,shadow,24,14,10
Sleepyshadow,drakthul,1332,priest,shadow,74,36,38
Brûshie,kazzak,1331,priest,shadow,24,14,10
Inei,doomhammer,1331,priest,shadow,48,25,23
Donkyrobert,tarren-mill,1331,priest,shadow,30,14,16
Maxhima,defias-brotherhood,1330,priest,shadow,125,61,64
Абракабра,howling-fjord,1330,priest,shadow,48,23,25
Eslo,outland,1329,priest,shadow,55,27,28
Söörpriest,the-maelstrom,1328,priest,shadow,84,50,34
Sai,draenor,1327,priest,shadow,97,42,55
Dumámày,silvermoon,1326,priest,shadow,24,17,7
Oöm,hyjal,1326,priest,shadow,60,37,23
Dysko,alakir,1326,priest,shadow,30,17,13
Stinkycreep,executus,1326,priest,shadow,48,26,22
Kilmmiis,defias-brotherhood,1324,priest,shadow,30,16,14
Grouptherpst,draenor,1323,priest,shadow,24,14,10
Bimboxo,argent-dawn,1323,priest,shadow,143,80,63
Míjagí,blackhand,1323,priest,shadow,70,36,34
Marerittet,draenor,1323,priest,shadow,30,14,16
Simisimi,twisting-nether,1322,priest,shadow,24,14,10
Ulquiørra,blackmoore,1322,priest,shadow,84,42,42
Powna,blackrock,1321,priest,shadow,60,34,26
Сэлунна,goldrinn,1321,priest,shadow,36,14,22
Дроус,borean-tundra,1318,priest,shadow,59,30,29
Seni,gilneas,1318,priest,shadow,67,32,35
Kdot,drakthul,1317,priest,shadow,24,16,8
Clergy,hellfire,1317,priest,shadow,55,33,22
Littlebugger,argent-dawn,1317,priest,shadow,63,28,35
Haxxøn,die-nachtwache,1315,priest,shadow,62,34,28
Gaidemar,blackmoore,1312,priest,shadow,76,42,34
Prästpojken,frostwhisper,1311,priest,shadow,36,19,17
Keystoned,blackmoore,1310,priest,shadow,46,29,17
Battlefog,turalyon,1309,priest,shadow,66,35,31
Kíssme,archimonde,1307,priest,shadow,42,28,14
Xxede,dun-modr,1307,priest,shadow,111,52,59
Secundis,silvermoon,1305,priest,shadow,30,16,14
Missadventur,skullcrusher,1304,priest,shadow,30,18,12
Shaydi,todeswache,1304,priest,shadow,24,14,10
Kåstå,archimonde,1304,priest,shadow,35,17,18
Kristiflicka,kazzak,1303,priest,shadow,96,54,42
Alaeddin,kazzak,1303,priest,shadow,308,156,152
Medovina,silvermoon,1302,priest,shadow,66,34,32
Phycobabe,sylvanas,1301,priest,shadow,66,29,37
Yaoshih,draenor,1299,priest,shadow,107,50,57
Shadowchunks,argent-dawn,1299,priest,shadow,48,21,27
Lunatica,stormscale,1298,priest,shadow,24,14,10
Qsandria,ravencrest,1296,priest,shadow,36,15,21
Kåz,argent-dawn,1295,priest,shadow,71,39,32
Lurmus,outland,1295,priest,shadow,59,29,30
Aíushtha,frostmane,1295,priest,shadow,36,14,22
Røst,ravencrest,1294,priest,shadow,23,14,9
Shifune,blackhand,1293,priest,shadow,54,25,29
Zolfiqar,tarren-mill,1292,priest,shadow,27,14,13
Boomboxk,darksorrow,1290,priest,shadow,24,15,9
Darkconx,silvermoon,1290,priest,shadow,36,17,19
Абасали,howling-fjord,1290,priest,shadow,54,22,32
Eytrhfb,stormscale,1288,priest,shadow,24,14,10
Ехереу,blackscar,1286,priest,shadow,24,15,9
Jhaazx,nemesis,1286,priest,shadow,48,28,20
Varta,arthas,1286,priest,shadow,35,16,19
Aeo,twisting-nether,1285,priest,shadow,41,22,19
Бранлор,howling-fjord,1285,priest,shadow,40,16,24
Otheym,the-maelstrom,1283,priest,shadow,42,20,22
Arwen,azjolnerub,1282,priest,shadow,24,14,10
Controlled,tarren-mill,1282,priest,shadow,140,70,70
Jawoflash,antonidas,1281,priest,shadow,33,15,18
Ggdoll,twisting-nether,1280,priest,shadow,199,100,99
Tyhjäsuoja,hyjal,1280,priest,shadow,36,17,19
Несущийсерп,soulflayer,1280,priest,shadow,57,23,34
Bigorna,frostmane,1279,priest,shadow,60,31,29
Sxynix,thrall,1279,priest,shadow,59,29,30
Неймхичгодх,gordunni,1277,priest,shadow,28,15,13
Faroz,shadowsong,1277,priest,shadow,30,16,14
Nerfnerf,kazzak,1277,priest,shadow,58,27,31
Chowhone,archimonde,1277,priest,shadow,42,14,28
Chillx,blackmoore,1274,priest,shadow,197,108,89
Osvoid,draenor,1272,priest,shadow,38,19,19
Лапушок,borean-tundra,1271,priest,shadow,96,59,37
Zathada,twisting-nether,1271,priest,shadow,30,16,14
Majestíc,blackmoore,1271,priest,shadow,36,17,19
Vietzan,zuljin,1269,priest,shadow,23,14,9
Inzàné,kazzak,1269,priest,shadow,106,57,49
Kuusistöö,kazzak,1268,priest,shadow,25,15,10
Daretox,turalyon,1268,priest,shadow,34,15,19
Нудная,galakrond,1268,priest,shadow,58,25,33
Harukaa,aggra-português,1267,priest,shadow,60,41,19
Tøucher,silvermoon,1267,priest,shadow,42,22,20
Nûwa,draenor,1265,priest,shadow,24,18,6
Rétestészta,arathor,1265,priest,shadow,30,16,14
Слышуфонк,howling-fjord,1265,priest,shadow,30,16,14
Adssdfhjgh,outland,1264,priest,shadow,44,25,19
Adägïo,dun-modr,1263,priest,shadow,144,63,81
Icyîce,kazzak,1261,priest,shadow,25,15,10
Evilspel,ravencrest,1261,priest,shadow,33,18,15
Mundwerk,malganis,1260,priest,shadow,153,70,83
Акциуми,howling-fjord,1257,priest,shadow,181,101,80
Rogmisa,cthun,1257,priest,shadow,84,41,43
Зукеро,thermaplugg,1256,priest,shadow,24,14,10
Sangububblu,silvermoon,1253,priest,shadow,17,14,3
Delaiya,antonidas,1253,priest,shadow,120,58,62
Ewolet,silvermoon,1251,priest,shadow,30,16,14
Nostramu,argent-dawn,1251,priest,shadow,102,44,58
Тэтсу,greymane,1249,priest,shadow,60,39,21
Mariosee,wrathbringer,1249,priest,shadow,72,37,35
Balthe,defias-brotherhood,1248,priest,shadow,18,13,5
Gbc,emerald-dream,1248,priest,shadow,24,13,11
Umbrazoid,sanguino,1248,priest,shadow,66,27,39
Xktr,aggra-português,1247,priest,shadow,18,13,5
Bizzlebabe,lightbringer,1247,priest,shadow,18,13,5
Elfriede,twisting-nether,1247,priest,shadow,24,17,7
Sacreth,ragnaros,1247,priest,shadow,68,35,33
Døtgdx,archimonde,1246,priest,shadow,18,13,5
Testorwp,ragnaros,1245,priest,shadow,48,30,18
Dellarien,stormscale,1245,priest,shadow,24,13,11
Majinmadara,ravencrest,1245,priest,shadow,28,14,14
Багбери,eversong,1244,priest,shadow,498,251,247
Скизма,gordunni,1243,priest,shadow,18,13,5
Nannostar,draenor,1243,priest,shadow,36,15,21
Shîn,aegwynn,1242,priest,shadow,139,68,71
Цитамин,deathguard,1242,priest,shadow,90,39,51
Ruojatar,stormreaver,1241,priest,shadow,18,13,5
Looó,los-errantes,1241,priest,shadow,48,27,21
Wàks,dalaran,1240,priest,shadow,34,19,15
Peikkousva,twisting-nether,1240,priest,shadow,24,13,11
Nahtod,blackmoore,1239,priest,shadow,18,13,5
Lilyrosemary,arathor,1239,priest,shadow,24,13,11
Sayash,chamber-of-aspects,1239,priest,shadow,32,14,18
Karnatia,burning-legion,1238,priest,shadow,60,27,33
Ravenbell,chamber-of-aspects,1237,priest,shadow,24,13,11
ßeastx,nethersturm,1237,priest,shadow,75,36,39
Alanar,ragnaros,1237,priest,shadow,30,13,17
Каспера,galakrond,1236,priest,shadow,24,13,11
Simorflay,kazzak,1235,priest,shadow,30,13,17
Xxon,blackrock,1233,priest,shadow,42,21,21
Rehpotsirhc,blackrock,1232,priest,shadow,30,18,12
Omnissiiah,silvermoon,1232,priest,shadow,54,24,30
Alterspflege,eredar,1232,priest,shadow,36,13,23
Prodan,frostmane,1231,priest,shadow,18,13,5
Spwin,silvermoon,1230,priest,shadow,48,26,22
Didinini,outland,1229,priest,shadow,24,13,11
Инсэшбл,blackscar,1228,priest,shadow,36,15,21
Pharli,stormscale,1227,priest,shadow,30,13,17
Лайкшеди,soulflayer,1226,priest,shadow,78,44,34
Morteous,twisting-nether,1225,priest,shadow,303,151,152
Nightchime,silvermoon,1224,priest,shadow,81,43,38
Angleka,argent-dawn,1223,priest,shadow,137,67,70
Enemypriest,argent-dawn,1222,priest,shadow,61,30,31
Blååb,draenor,1220,priest,shadow,30,13,17
Thergozar,stormscale,1218,priest,shadow,79,49,30
Seum,ravencrest,1218,priest,shadow,30,13,17
Tesz,perenolde,1217,priest,shadow,36,16,20
Bozia,chamber-of-aspects,1216,priest,shadow,48,22,26
Yonaka,amanthul,1216,priest,shadow,102,44,58
Skuggzter,outland,1215,priest,shadow,42,26,16
Soulsuckerr,silvermoon,1215,priest,shadow,53,25,28
Montane,wrathbringer,1213,priest,shadow,60,30,30
Khalphus,argent-dawn,1213,priest,shadow,51,23,28
Zák,sylvanas,1212,priest,shadow,66,40,26
Damnedangel,drakthul,1212,priest,shadow,30,13,17
Mirelaw,stormscale,1210,priest,shadow,84,53,31
Reptika,tichondrius,1210,priest,shadow,28,17,11
Ваккарий,gordunni,1210,priest,shadow,154,77,77
Caballococo,dun-modr,1210,priest,shadow,222,107,115
Neychen,blackrock,1209,priest,shadow,30,13,17
Antigospa,kazzak,1208,priest,shadow,48,20,28
Ziglinde,shattrath,1207,priest,shadow,52,30,22
Szalsza,arathor,1207,priest,shadow,53,23,30
Giblets,aszune,1206,priest,shadow,24,15,9
Zedrus,azshara,1206,priest,shadow,29,13,16
Ylaya,garrosh,1205,priest,shadow,46,20,26
Sigor,hellfire,1204,priest,shadow,58,29,29
Lasdrael,dun-modr,1203,priest,shadow,87,47,40
Ayuntamiento,proudmoore,1202,priest,shadow,36,23,13
Ocastia,antonidas,1202,priest,shadow,36,20,16
Tiinia,hyjal,1202,priest,shadow,46,17,29
Mylox,blackrock,1200,priest,shadow,22,14,8
Smõke,tarren-mill,1196,priest,shadow,74,34,40
Veshania,blackhand,1194,priest,shadow,56,25,31
Ruad,blackrock,1193,priest,shadow,30,17,13
Zanjiya,kazzak,1193,priest,shadow,35,13,22
Ënmâ,archimonde,1191,priest,shadow,67,41,26
Cptnahab,blackmoore,1190,priest,shadow,85,52,33
Powergodz,exodar,1190,priest,shadow,36,16,20
Onskansmoder,shattered-hand,1189,priest,shadow,87,39,48
Nolsrcp,outland,1189,priest,shadow,30,13,17
Mydianá,aegwynn,1187,priest,shadow,29,16,13
Ælîta,blackhand,1186,priest,shadow,42,26,16
Рикимарочка,gordunni,1185,priest,shadow,70,30,40
Supermacy,eredar,1184,priest,shadow,30,14,16
Phue,ragnaros,1183,priest,shadow,44,25,19
Classy,drakthul,1182,priest,shadow,45,15,30
Madizuluka,aggra-português,1181,priest,shadow,39,18,21
Praizejeebus,auchindoun,1180,priest,shadow,29,13,16
Дитеприста,greymane,1176,priest,shadow,42,25,17
Cottyx,outland,1176,priest,shadow,22,13,9
Cronershadow,stormscale,1176,priest,shadow,32,15,17
Булькозавр,razuvious,1172,priest,shadow,60,32,28
Grimgodx,ravencrest,1172,priest,shadow,28,14,14
Вегельдэрс,gordunni,1171,priest,shadow,36,16,20
Azade,silvermoon,1168,priest,shadow,18,13,5
Divinefilth,kazzak,1168,priest,shadow,34,14,20
Bhutyolo,azjolnerub,1167,priest,shadow,39,20,19
Liliashet,sanguino,1166,priest,shadow,36,18,18
Løxi,blackmoore,1165,priest,shadow,25,14,11
Velanrous,kazzak,1164,priest,shadow,54,32,22
Mynithir,chants-éternels,1163,priest,shadow,36,18,18
Амфетаминная,howling-fjord,1160,priest,shadow,117,64,53
Garock,archimonde,1159,priest,shadow,59,25,34
Scaryman,ravencrest,1157,priest,shadow,23,14,9
Уртримас,gordunni,1154,priest,shadow,80,39,41
Æxey,antonidas,1153,priest,shadow,64,30,34
Szpinx,stormscale,1153,priest,shadow,38,15,23
Sebrøk,nemesis,1152,priest,shadow,18,12,6
Portvin,terenas,1152,priest,shadow,111,56,55
Hampådenbååd,kazzak,1152,priest,shadow,24,12,12
Aritrosp,kargath,1152,priest,shadow,24,12,12
Hotdog,kult-der-verdammten,1152,priest,shadow,42,20,22
Redoubtablee,kazzak,1152,priest,shadow,72,25,47
Extazia,ravencrest,1151,priest,shadow,18,12,6
Мсикатана,gordunni,1151,priest,shadow,18,12,6
Julîane,aegwynn,1151,priest,shadow,18,12,6
Grayraven,azjolnerub,1151,priest,shadow,36,12,24
Tailjob,silvermoon,1150,priest,shadow,18,12,6
Sinsofmany,ragnaros,1150,priest,shadow,18,12,6
Милотанин,gordunni,1150,priest,shadow,78,39,39
Pretòn,nemesis,1150,priest,shadow,30,12,18
Psychø,kazzak,1149,priest,shadow,24,12,12
Pórt,kazzak,1148,priest,shadow,21,13,8
Zakkonnik,burning-legion,1148,priest,shadow,30,14,16
Boefjé,outland,1147,priest,shadow,90,46,44
Наярда,howling-fjord,1147,priest,shadow,24,12,12
Xuhu,azshara,1147,priest,shadow,24,12,12
Unerfedsp,archimonde,1147,priest,shadow,142,66,76
Tweenitopg,les-clairvoyants,1146,priest,shadow,18,12,6
Izêr,draenor,1146,priest,shadow,20,12,8
Hellena,neptulon,1146,priest,shadow,66,35,31
Tartaroula,twisting-nether,1146,priest,shadow,24,12,12
Turbosucc,burning-blade,1146,priest,shadow,30,12,18
Cabalist,silvermoon,1145,priest,shadow,150,77,73
Vogthon,aggra-português,1145,priest,shadow,24,12,12
Семмэр,gordunni,1145,priest,shadow,103,47,56
Роуп,gordunni,1144,priest,shadow,41,18,23
Smilyface,sylvanas,1144,priest,shadow,30,12,18
Cahira,argent-dawn,1144,priest,shadow,36,12,24
Shädøwn,chogall,1142,priest,shadow,12,12,0
Ràthaløs,sanguino,1141,priest,shadow,24,12,12
Васпохилить,howling-fjord,1141,priest,shadow,156,67,89
Томба,ashenvale,1139,priest,shadow,18,12,6
Каратэк,howling-fjord,1139,priest,shadow,42,22,20
Pangoffy,burning-legion,1138,priest,shadow,18,12,6
Crishroc,stormreaver,1138,priest,shadow,99,51,48
Eliana,blackrock,1136,priest,shadow,18,12,6
Санятруу,blackscar,1136,priest,shadow,96,54,42
Suurona,die-aldor,1136,priest,shadow,60,29,31
Fuzzydude,ravencrest,1135,priest,shadow,36,12,24
Mistaké,the-maelstrom,1133,priest,shadow,179,95,84
Maximandreic,kazzak,1133,priest,shadow,48,14,34
Sacher,shendralar,1132,priest,shadow,86,43,43
Некросиний,eversong,1130,priest,shadow,31,18,13
Holymonstah,sanguino,1130,priest,shadow,58,29,29
Дикосвет,howling-fjord,1129,priest,shadow,102,41,61
Cerbero,doomhammer,1128,priest,shadow,18,12,6
Byzzi,draenor,1128,priest,shadow,18,12,6
Kizzorde,ragnaros,1127,priest,shadow,32,12,20
Moogie,archimonde,1126,priest,shadow,36,12,24
Farseerx,ravencrest,1125,priest,shadow,150,84,66
Ænchantress,sylvanas,1124,priest,shadow,24,12,12
Tacko,tarren-mill,1123,priest,shadow,30,12,18
Ðarcø,archimonde,1120,priest,shadow,89,37,52
Xerxsiss,frostwolf,1118,priest,shadow,42,25,17
Valdemar,alakir,1115,priest,shadow,39,21,18
Shidoya,tarren-mill,1114,priest,shadow,23,12,11
Phïljr,ravencrest,1112,priest,shadow,24,14,10
Notcute,the-maelstrom,1111,priest,shadow,29,12,17
Darkprïest,kazzak,1109,priest,shadow,50,28,22
Shikamarudmx,burning-legion,1105,priest,shadow,27,13,14
Nasurans,ravencrest,1105,priest,shadow,44,15,29
Druska,ragnaros,1103,priest,shadow,47,25,22
Nellytaa,dalaran,1103,priest,shadow,35,18,17
Zennen,ragnaros,1101,priest,shadow,25,13,12
Denzory,ysondre,1101,priest,shadow,24,12,12
Sáro,ravencrest,1099,priest,shadow,24,13,11
Avatars,kirin-tor,1099,priest,shadow,82,39,43
Mattá,stormscale,1097,priest,shadow,27,15,12
Смотривнебоь,soulflayer,1094,priest,shadow,23,14,9
Bonka,sanguino,1093,priest,shadow,24,13,11
Ixdeadxl,stormscale,1093,priest,shadow,30,13,17
Fathedead,stormreaver,1089,priest,shadow,36,14,22
Harkøn,draenor,1087,priest,shadow,28,14,14
Árìáne,khaz-modan,1086,priest,shadow,106,49,57
Kraanocska,outland,1085,priest,shadow,21,13,8
Desperion,ragnaros,1074,priest,shadow,28,14,14
Seâky,blackmoore,1073,priest,shadow,98,49,49
Yuhé,elune,1072,priest,shadow,54,30,24
Vanzl,ravencrest,1070,priest,shadow,36,16,20
Собакедруг,borean-tundra,1069,priest,shadow,59,23,36
Ниомана,gordunni,1067,priest,shadow,34,19,15
Beellzo,sylvanas,1065,priest,shadow,129,59,70
Atelstan,drakthul,1062,priest,shadow,138,63,75
Rèd,antonidas,1062,priest,shadow,42,12,30
Syfl,defias-brotherhood,1060,priest,shadow,30,13,17
Alsyidan,khaz-modan,1059,priest,shadow,25,19,6
Brainmuscle,ravencrest,1057,priest,shadow,24,14,10
Tarissa,ravenholdt,1057,priest,shadow,36,18,18
Kishoengi,ravencrest,1056,priest,shadow,12,11,1
Noskillzz,nemesis,1056,priest,shadow,18,11,7
Cskgbénébéné,garona,1056,priest,shadow,18,11,7
Wizsp,tarren-mill,1055,priest,shadow,18,11,7
Noyam,dun-morogh,1055,priest,shadow,24,11,13
Laradiel,dun-modr,1054,priest,shadow,18,11,7
Elyziz,tarren-mill,1054,priest,shadow,24,11,13
Uzü,ysondre,1054,priest,shadow,28,12,16
Khålyst,archimonde,1054,priest,shadow,30,11,19
Umyqt,ragnaros,1053,priest,shadow,18,11,7
Dexploit,frostwolf,1053,priest,shadow,18,11,7
Fluffedup,twisting-nether,1053,priest,shadow,24,11,13
Блэксикер,greymane,1053,priest,shadow,118,49,69
Jadæ,ragnaros,1052,priest,shadow,24,11,13
Grapemachine,dentarg,1052,priest,shadow,24,11,13
Sadsongs,twisting-nether,1051,priest,shadow,18,11,7
Holineß,burning-blade,1051,priest,shadow,18,11,7
Hârlequin,draenor,1051,priest,shadow,441,218,223
Phobò,blackrock,1050,priest,shadow,24,11,13
Vardrium,antonidas,1050,priest,shadow,24,11,13
Дюрэкс,soulflayer,1049,priest,shadow,24,11,13
Gstah,taerar,1049,priest,shadow,24,11,13
Deshaz,tarren-mill,1049,priest,shadow,30,11,19
Sundae,nemesis,1048,priest,shadow,30,11,19
Darettii,blackrock,1047,priest,shadow,27,14,13
Xatori,arthas,1047,priest,shadow,24,11,13
Scorbute,conseil-des-ombres,1046,priest,shadow,18,11,7
Lexivenera,silvermoon,1044,priest,shadow,18,11,7
Boomhilde,aegwynn,1044,priest,shadow,35,15,20
Zubrowkâ,kazzak,1043,priest,shadow,24,11,13
Irrtum,nozdormu,1041,priest,shadow,30,20,10
Nextdawn,kazzak,1032,priest,shadow,24,12,12
Trencharse,draenor,1030,priest,shadow,29,11,18
Phasmofobia,ragnaros,1028,priest,shadow,86,43,43
Блюмсик,blackscar,1025,priest,shadow,36,20,16
Festiz,tichondrius,1024,priest,shadow,30,14,16
Chïefpapi,twisting-nether,1022,priest,shadow,23,11,12
Xaeroow,archimonde,1017,priest,shadow,20,12,8
Mimox,kaelthas,1017,priest,shadow,24,14,10
Намдандар,howling-fjord,1015,priest,shadow,42,21,21
Bodeeney,hellfire,1015,priest,shadow,68,28,40
Shíàpríést,kazzak,1015,priest,shadow,35,11,24
Iceys,stormscale,1005,priest,shadow,17,11,6
Leishmania,darkspear,1005,priest,shadow,24,13,11
Chevappi,turalyon,1004,priest,shadow,32,14,18
Fanberra,the-venture-co,1001,priest,shadow,24,11,13
Raiponceanus,ysondre,998,priest,shadow,15,11,4
Pneumay,tarren-mill,996,priest,shadow,26,15,11
Arbata,doomhammer,996,priest,shadow,30,16,14
Серебрия,gordunni,991,priest,shadow,99,53,46
Jinkuzo,outland,991,priest,shadow,22,11,11
Zypriest,silvermoon,990,priest,shadow,14,11,3
Coffíndodger,magtheridon,990,priest,shadow,20,12,8
Pipen,stormscale,990,priest,shadow,29,11,18
Minabonxx,silvermoon,984,priest,shadow,93,34,59
Asdaprice,hellfire,976,priest,shadow,23,13,10
Zargoss,sylvanas,974,priest,shadow,19,11,8
Мргорсан,eversong,974,priest,shadow,30,16,14
Gwyneth,archimonde,971,priest,shadow,54,29,25
Reimagined,sylvanas,960,priest,shadow,12,10,2
Theythem,stormscale,960,priest,shadow,12,10,2
Flüttër,ravencrest,960,priest,shadow,18,10,8
Secretagentx,kazzak,960,priest,shadow,18,10,8
Fishler,tarren-mill,960,priest,shadow,18,10,8
Кинраналь,eversong,960,priest,shadow,48,24,24
Swl,blackrock,960,priest,shadow,22,11,11
Tribz,kargath,959,priest,shadow,12,10,2
Seankingkong,ravencrest,959,priest,shadow,18,10,8
Merlinis,ravencrest,959,priest,shadow,18,10,8
Hilerki,draenor,959,priest,shadow,24,10,14
Dëpt,nemesis,959,priest,shadow,24,10,14
Munisgagis,twisting-nether,959,priest,shadow,30,10,20
Shadowleech,ragnaros,958,priest,shadow,18,10,8
Qiandra,argent-dawn,958,priest,shadow,24,10,14
Hoca,ravencrest,957,priest,shadow,18,10,8
Rngånxiety,ravencrest,957,priest,shadow,18,10,8
Dunkelseele,ahnqiraj,957,priest,shadow,18,10,8
Deekon,argent-dawn,957,priest,shadow,18,10,8
Genjorss,pozzo-delleternità,956,priest,shadow,12,10,2
Диградейшен,gordunni,956,priest,shadow,30,10,20
Taxthepoor,blackhand,955,priest,shadow,24,10,14
Эсттелла,gordunni,954,priest,shadow,120,57,63
Above,hyjal,954,priest,shadow,27,12,15
Twisty,malganis,953,priest,shadow,26,15,11
Exstinctio,nemesis,950,priest,shadow,24,10,14
Voina,ravencrest,949,priest,shadow,18,10,8
Priëstitute,stormscale,949,priest,shadow,18,10,8
Lisua,blackmoore,949,priest,shadow,82,30,52
Ixxl,der-rat-von-dalaran,949,priest,shadow,50,16,34
Иннй,howling-fjord,947,priest,shadow,24,11,13
Breathing,ragnaros,943,priest,shadow,74,32,42
Andorelya,blackhand,942,priest,shadow,36,21,15
Sulgyto,kazzak,941,priest,shadow,32,11,21
Papadiax,twilights-hammer,938,priest,shadow,18,10,8
Ruhoniy,ysondre,934,priest,shadow,30,17,13
Youkounkoun,garona,934,priest,shadow,18,10,8
Даркпул,gordunni,933,priest,shadow,36,10,26
Abrakahudder,tarren-mill,927,priest,shadow,17,10,7
Умом,gordunni,927,priest,shadow,26,11,15
Xartasfen,archimonde,926,priest,shadow,20,11,9
Aezef,ysondre,926,priest,shadow,26,11,15
Vregoa,twisting-nether,926,priest,shadow,29,10,19
Karabin,culte-de-la-rive-noire,923,priest,shadow,54,28,26
Dayowe,antonidas,921,priest,shadow,267,132,135
Satànâs,twisting-nether,919,priest,shadow,17,10,7
Nuger,tarren-mill,916,priest,shadow,48,26,22
Csksablanca,sargeras,911,priest,shadow,17,10,7
Fârge,elune,911,priest,shadow,17,10,7
Priestoll,draenor,911,priest,shadow,21,10,11
Valaç,turalyon,910,priest,shadow,21,10,11
Stoffig,aggramar,909,priest,shadow,59,29,30
Treasons,tarren-mill,908,priest,shadow,54,16,38
Cthulou,tarren-mill,903,priest,shadow,250,123,127
Lildiggy,outland,894,priest,shadow,20,10,10
Anshes,draenor,893,priest,shadow,28,14,14
Kasimobbel,alexstrasza,892,priest,shadow,132,53,79
Reckpump,twisting-nether,891,priest,shadow,23,10,13
Maayhem,blackrock,888,priest,shadow,30,12,18
Kloown,conseil-des-ombres,884,priest,shadow,71,36,35
Triinkett,doomhammer,881,priest,shadow,75,31,44
Endchor,eredar,879,priest,shadow,126,59,67
Силабездны,deathguard,875,priest,shadow,120,59,61
Honeydots,ravencrest,864,priest,shadow,12,9,3
Alinfinito,ravencrest,864,priest,shadow,12,9,3
Potatomoto,kazzak,864,priest,shadow,12,9,3
Tylb,tarren-mill,864,priest,shadow,12,9,3
Raffá,blackhand,864,priest,shadow,12,9,3
Maxonos,blackmoore,864,priest,shadow,12,9,3
Hanyk,kazzak,864,priest,shadow,12,9,3
Iamsadstory,sylvanas,864,priest,shadow,12,9,3
Niogtreds,kazzak,864,priest,shadow,12,9,3
Romero,sylvanas,864,priest,shadow,12,9,3
Nätrix,tarren-mill,864,priest,shadow,18,9,9
Inavea,hyjal,864,priest,shadow,18,9,9
Svagis,draenor,864,priest,shadow,18,9,9
Spyrono,kazzak,864,priest,shadow,18,9,9
Fjonnski,blackmoore,864,priest,shadow,21,10,11
Schmatzy,blackmoore,864,priest,shadow,24,9,15
Æåeåeåé,twisting-nether,864,priest,shadow,24,9,15
Sheerzo,twisting-nether,864,priest,shadow,24,9,15
Ok,blackrock,864,priest,shadow,24,9,15
Acosp,sylvanas,864,priest,shadow,24,9,15
Starzzovic,eredar,864,priest,shadow,24,9,15
Hoomanpri,ravencrest,863,priest,shadow,12,9,3
Hollywoôd,draenor,863,priest,shadow,12,9,3
Lailá,blackmoore,863,priest,shadow,12,9,3
Klayjamin,draenor,863,priest,shadow,12,9,3
Quintanaro,thrall,863,priest,shadow,12,9,3
Späxxi,amanthul,863,priest,shadow,12,9,3
Potati,defias-brotherhood,863,priest,shadow,12,9,3
Viánná,sylvanas,863,priest,shadow,16,10,6
Talandra,drakthul,863,priest,shadow,18,9,9
Thami,aegwynn,863,priest,shadow,18,9,9
Bragokexx,tarren-mill,863,priest,shadow,18,9,9
Maiiko,dun-modr,863,priest,shadow,18,9,9
Cloudfactory,ravencrest,863,priest,shadow,18,9,9
Tygstycke,tarren-mill,863,priest,shadow,18,9,9
Darkyy,alleria,863,priest,shadow,18,9,9
Sàlexz,ysondre,863,priest,shadow,18,9,9
Txypii,dun-modr,863,priest,shadow,18,9,9
Truereligion,tarren-mill,863,priest,shadow,24,9,15
Konklebär,twisting-nether,863,priest,shadow,24,9,15
Cythie,antonidas,863,priest,shadow,24,9,15
Clubhavana,blackrock,863,priest,shadow,65,21,44
Skaliq,tarren-mill,862,priest,shadow,12,9,3
Kaleycuoco,blackrock,862,priest,shadow,12,9,3
Shacoat,draenor,862,priest,shadow,12,9,3
Ximenia,eredar,862,priest,shadow,18,9,9
Ronlimonkek,dun-modr,862,priest,shadow,18,9,9
Ilostmybible,runetotem,862,priest,shadow,24,9,15
Dívíne,ravenholdt,861,priest,shadow,12,9,3
Aelwïn,ysondre,861,priest,shadow,12,9,3
Qiguai,outland,861,priest,shadow,18,9,9
Kavie,ravencrest,861,priest,shadow,18,9,9
Qalis,twisting-nether,861,priest,shadow,18,9,9
Dutchstuff,karazhan,861,priest,shadow,18,9,9
Ztrolol,archimonde,861,priest,shadow,24,9,15
Pristara,bloodhoof,860,priest,shadow,12,9,3
Plimpi,blackmoore,860,priest,shadow,18,9,9
Etherialis,kazzak,860,priest,shadow,24,9,15
Лиройгеморой,gordunni,857,priest,shadow,18,9,9
Grimer,talnivarr,856,priest,shadow,18,9,9
Orcpriest,hellfire,856,priest,shadow,24,9,15
Holybestie,eredar,852,priest,shadow,18,9,9
Farilight,draenor,850,priest,shadow,12,9,3
Ethalia,kirin-tor,849,priest,shadow,18,9,9
Alesdia,eredar,843,priest,shadow,23,9,14
Daria,teldrassil,833,priest,shadow,24,9,15
Shaddyr,thrall,828,priest,shadow,17,9,8
Happychap,stormreaver,815,priest,shadow,21,9,12
Vøîdgødx,antonidas,810,priest,shadow,21,11,10
Imdeadxd,twisting-nether,809,priest,shadow,18,10,8
Sliey,blackrock,809,priest,shadow,17,9,8
Supriest,alakir,809,priest,shadow,27,10,17
Avowed,stormscale,803,priest,shadow,31,10,21
Raylinae,die-aldor,799,priest,shadow,16,9,7
Bäckay,silvermoon,799,priest,shadow,16,9,7
Jaanny,defias-brotherhood,799,priest,shadow,20,9,11
Arunp,magtheridon,799,priest,shadow,26,9,17
Alicanx,silvermoon,798,priest,shadow,17,9,8
Jeannedârk,archimonde,797,priest,shadow,17,9,8
Grootts,burning-blade,797,priest,shadow,20,9,11
Pycasso,tarren-mill,795,priest,shadow,42,17,25
Жруля,ashenvale,793,priest,shadow,42,11,31
Calor,nemesis,792,priest,shadow,16,9,7
Elderath,eredar,792,priest,shadow,29,10,19
Êfx,ravencrest,768,priest,shadow,12,8,4
Хастла,goldrinn,768,priest,shadow,12,8,4
Notthatbad,draenor,768,priest,shadow,12,8,4
Happyfeis,sanguino,768,priest,shadow,12,8,4
Evílshadows,tarren-mill,768,priest,shadow,12,8,4
Teradros,blackhand,768,priest,shadow,12,8,4
Djstache,tarren-mill,768,priest,shadow,12,8,4
Alavéa,frostmourne,768,priest,shadow,12,8,4
Raëkon,nemesis,768,priest,shadow,12,8,4
Drákxo,kazzak,768,priest,shadow,12,8,4
Westminster,tarren-mill,768,priest,shadow,12,8,4
Grainbames,sylvanas,768,priest,shadow,12,8,4
Aliy,aegwynn,768,priest,shadow,12,8,4
Lílgoblin,draenor,768,priest,shadow,12,8,4
Gomor,mannoroth,768,priest,shadow,18,8,10
Svenskabarn,twisting-nether,768,priest,shadow,18,8,10
Slack,azjolnerub,768,priest,shadow,18,8,10
Pbwser,silvermoon,768,priest,shadow,18,8,10
Jellypie,blackrock,768,priest,shadow,18,8,10
Khâlÿst,archimonde,768,priest,shadow,18,8,10
Helheïm,chants-éternels,768,priest,shadow,18,8,10
Carlogambino,dethecus,768,priest,shadow,24,8,16
Bâllí,blackmoore,767,priest,shadow,12,8,4
Superböck,aggra-português,767,priest,shadow,12,8,4
Septembér,draenor,767,priest,shadow,12,8,4
Zappikpriest,silvermoon,767,priest,shadow,12,8,4
Atsio,dun-modr,767,priest,shadow,12,8,4
Холиспирт,deathguard,767,priest,shadow,12,8,4
Leleg,blackhand,767,priest,shadow,15,9,6
Luminex,marécage-de-zangar,767,priest,shadow,18,8,10
Dimorinny,silvermoon,767,priest,shadow,18,8,10
Strapo,archimonde,767,priest,shadow,18,8,10
Bigdumber,kazzak,767,priest,shadow,18,8,10
Urfkncringe,sylvanas,767,priest,shadow,18,8,10
Nagashizzar,arathor,767,priest,shadow,18,8,10
Marcellina,argent-dawn,767,priest,shadow,18,8,10
Maela,uldum,767,priest,shadow,18,8,10
Созвонимся,gordunni,767,priest,shadow,18,8,10
Priestlolx,aegwynn,767,priest,shadow,24,8,16
Maskinjundre,bronzebeard,767,priest,shadow,24,8,16
Zaqsn,blackrock,767,priest,shadow,30,8,22
Berrylee,twisting-nether,766,priest,shadow,12,8,4
Aducanpea,blackmoore,766,priest,shadow,12,8,4
Csúforck,ragnaros,766,priest,shadow,12,8,4
Mavaai,burning-legion,766,priest,shadow,12,8,4
Greatest,defias-brotherhood,766,priest,shadow,12,8,4
Sheshan,destromath,766,priest,shadow,12,8,4
Valkyråe,ravencrest,766,priest,shadow,15,9,6
Ihaveibs,doomhammer,766,priest,shadow,19,9,10
Kwhy,twisting-nether,766,priest,shadow,18,8,10
Jyncs,auchindoun,766,priest,shadow,18,8,10
Comptonzity,outland,766,priest,shadow,18,8,10
Darkmayham,silvermoon,766,priest,shadow,18,8,10
Dvärg,ravencrest,766,priest,shadow,18,8,10
Ичисанчик,howling-fjord,766,priest,shadow,24,8,16
Frèreroger,hyjal,766,priest,shadow,24,8,16
Enduring,darksorrow,766,priest,shadow,30,8,22
Derl,pozzo-delleternità,765,priest,shadow,12,8,4
Shokkapriest,draenor,765,priest,shadow,18,8,10
Géèk,alakir,765,priest,shadow,19,8,11
Shalnorei,drakthul,764,priest,shadow,12,8,4
Holyface,twisting-nether,764,priest,shadow,12,8,4
Silverfate,outland,764,priest,shadow,18,8,10
Gimcho,magtheridon,764,priest,shadow,18,8,10
Sammel,moonglade,763,priest,shadow,18,8,10
Orochimaruh,pozzo-delleternità,762,priest,shadow,12,8,4
Laná,twisting-nether,759,priest,shadow,12,8,4
Никорете,soulflayer,759,priest,shadow,18,8,10
Narafalia,malygos,758,priest,shadow,27,9,18
Святаятряпка,fordragon,754,priest,shadow,18,8,10
Vídel,cthun,751,priest,shadow,17,9,8
Barcodes,kazzak,749,priest,shadow,20,9,11
Волотт,borean-tundra,749,priest,shadow,18,8,10
Teleriah,blackmoore,735,priest,shadow,17,8,9
Toljénpr,twisting-nether,735,priest,shadow,22,8,14
Xavyos,eredar,734,priest,shadow,22,8,14
Herro,thrall,719,priest,shadow,11,8,3
Ilunfabilffa,argent-dawn,714,priest,shadow,13,9,4
Raetwo,stormscale,703,priest,shadow,14,8,6
Hanfur,twisting-nether,703,priest,shadow,16,8,8
Манддалорец,gordunni,702,priest,shadow,22,8,14
Мараес,howling-fjord,686,priest,shadow,14,8,6
Shendiva,nathrezim,681,priest,shadow,13,8,5
Deform,argent-dawn,672,priest,shadow,12,7,5
Sikola,ragnaros,672,priest,shadow,12,7,5
Dolens,argent-dawn,672,priest,shadow,12,7,5
Teríyaki,blackrock,672,priest,shadow,12,7,5
Arondir,defias-brotherhood,672,priest,shadow,12,7,5
Viperbites,tarren-mill,672,priest,shadow,12,7,5
Awator,ysondre,672,priest,shadow,12,7,5
Миррен,gordunni,672,priest,shadow,12,7,5
Mindboorst,kazzak,672,priest,shadow,12,7,5
Stac,hyjal,672,priest,shadow,12,7,5
Desti,darkmoon-faire,672,priest,shadow,12,7,5
Sîçkzømßiê,kazzak,672,priest,shadow,12,7,5
Зоргдаркнесс,howling-fjord,672,priest,shadow,12,7,5
Lerissea,argent-dawn,672,priest,shadow,12,7,5
Vladï,conseil-des-ombres,672,priest,shadow,12,7,5
Аркприст,gordunni,672,priest,shadow,12,7,5
Nordrenalin,tarren-mill,672,priest,shadow,12,7,5
Systerstål,twisting-nether,672,priest,shadow,12,7,5
Fairylite,outland,672,priest,shadow,12,7,5
Xùÿø,culte-de-la-rive-noire,672,priest,shadow,12,7,5
Viroz,blackmoore,672,priest,shadow,12,7,5
Mørøk,dun-modr,672,priest,shadow,12,7,5
Medtner,stormscale,672,priest,shadow,12,7,5
Linara,frostmane,672,priest,shadow,12,7,5
Laxanes,ravencrest,672,priest,shadow,12,7,5
Aesyla,drakthul,672,priest,shadow,12,7,5
Jinxk,anachronos,672,priest,shadow,12,7,5
Roastie,frostmane,672,priest,shadow,12,7,5
Snoopydawgs,blackmoore,672,priest,shadow,12,7,5
Uria,moonglade,672,priest,shadow,12,7,5
Azazoth,sylvanas,672,priest,shadow,12,7,5
Mcdutchy,arygos,672,priest,shadow,12,7,5
Teengirl,ravencrest,672,priest,shadow,12,7,5
Kíguwu,draenor,672,priest,shadow,12,7,5
Libstik,hyjal,672,priest,shadow,12,7,5
Leggat,draenor,672,priest,shadow,15,8,7
Korzec,dun-modr,672,priest,shadow,18,7,11
Клаенз,fordragon,672,priest,shadow,18,7,11
Majinbuù,sargeras,672,priest,shadow,18,7,11
Madrobert,outland,672,priest,shadow,18,7,11
Heygoogle,ravencrest,672,priest,shadow,18,7,11
Crazyname,outland,672,priest,shadow,18,7,11
Arratør,ysondre,672,priest,shadow,18,7,11
Despéri,ysondre,672,priest,shadow,18,7,11
Memelordqt,silvermoon,672,priest,shadow,18,7,11
Рэйам,fordragon,672,priest,shadow,18,7,11
Irlfatguy,ravencrest,672,priest,shadow,20,7,13
Iamshadow,blackrock,672,priest,shadow,23,7,16
Serayhx,blackrock,672,priest,shadow,24,7,17
Allanna,talnivarr,671,priest,shadow,12,7,5
Elarya,zenedar,671,priest,shadow,12,7,5
Xæe,blackrock,671,priest,shadow,12,7,5
Cryptoniite,kazzak,671,priest,shadow,12,7,5
Kogarrashi,aegwynn,671,priest,shadow,12,7,5
Мариаглорум,gordunni,671,priest,shadow,12,7,5
Shiekma,norgannon,671,priest,shadow,12,7,5
Badomens,draenor,671,priest,shadow,12,7,5
Elivn,kazzak,671,priest,shadow,12,7,5
Hölyfans,ravencrest,671,priest,shadow,12,7,5
Neeyø,blackhand,671,priest,shadow,12,7,5
Bazazath,thrall,671,priest,shadow,15,8,7
Freshpope,ravencrest,671,priest,shadow,16,8,8
Elfer,dalaran,671,priest,shadow,18,7,11
Lêavis,kazzak,671,priest,shadow,18,7,11
Neggan,chamber-of-aspects,671,priest,shadow,18,7,11
Gagai,ravencrest,671,priest,shadow,18,7,11
Idontmind,eredar,671,priest,shadow,18,7,11
Fùkøff,stormscale,671,priest,shadow,18,7,11
Mahist,ravencrest,671,priest,shadow,18,7,11
Leyra,burning-blade,671,priest,shadow,18,7,11
Ascendedpwnz,silvermoon,671,priest,shadow,18,7,11
Chaarronn,drakthul,671,priest,shadow,18,7,11
Трихоманиаз,ashenvale,671,priest,shadow,18,7,11
Wivienne,defias-brotherhood,671,priest,shadow,26,8,18
Zileena,argent-dawn,671,priest,shadow,24,7,17
Mortyfer,kazzak,671,priest,shadow,24,7,17
Alexpriest,twisting-nether,671,priest,shadow,24,7,17
Barbiemeth,silvermoon,671,priest,shadow,24,7,17
Solanaelle,archimonde,671,priest,shadow,24,7,17
Kitasia,tarren-mill,670,priest,shadow,12,7,5
Copperplume,ravenholdt,670,priest,shadow,12,7,5
Hiela,outland,670,priest,shadow,12,7,5
Nesar,stormscale,670,priest,shadow,18,7,11
Kavius,kazzak,670,priest,shadow,23,8,15
Infliction,auchindoun,670,priest,shadow,24,7,17
Husqvarnasåg,tarren-mill,669,priest,shadow,27,8,19
Hotsanddots,auchindoun,668,priest,shadow,12,7,5
Newik,burning-legion,667,priest,shadow,12,7,5
Alreadylost,ragnaros,666,priest,shadow,12,7,5
Hulluh,tarren-mill,665,priest,shadow,12,7,5
Redfield,frostmane,663,priest,shadow,24,7,17
Spaghettoni,tarren-mill,662,priest,shadow,12,7,5
Swarzie,outland,653,priest,shadow,17,7,10
Llounal,silvermoon,637,priest,shadow,17,7,10
Seniya,argent-dawn,623,priest,shadow,11,7,4
Eliyssa,ragnaros,623,priest,shadow,17,7,10
Фьюриреидж,soulflayer,617,priest,shadow,14,8,6
Darkerx,silvermoon,617,priest,shadow,17,8,9
Jyugins,alonsus,617,priest,shadow,18,8,10
Reeflix,blackmoore,607,priest,shadow,17,8,9
Shankszz,argent-dawn,601,priest,shadow,10,7,3
Mysticks,kirin-tor,592,priest,shadow,13,7,6
Ilovesumecx,aegwynn,591,priest,shadow,11,7,4
Lipzip,twisting-nether,591,priest,shadow,19,7,12
Deadandugly,eredar,576,priest,shadow,6,6,0
Pljoe,ravencrest,576,priest,shadow,9,7,2
Noggorran,teldrassil,576,priest,shadow,10,7,3
Prillen,kazzak,576,priest,shadow,11,7,4
Dùsty,archimonde,576,priest,shadow,11,7,4
Шучунекошмар,soulflayer,576,priest,shadow,12,6,6
Landliebe,outland,576,priest,shadow,12,6,6
Truckysp,sanguino,576,priest,shadow,12,6,6
Cultist,defias-brotherhood,576,priest,shadow,12,6,6
Skyfour,blackmoore,576,priest,shadow,12,6,6
Shadoxx,malganis,576,priest,shadow,12,6,6
Ellfle,kazzak,576,priest,shadow,12,6,6
Сакта,howling-fjord,576,priest,shadow,12,6,6
Noreal,twisting-nether,576,priest,shadow,12,6,6
Karyx,blackmoore,576,priest,shadow,12,6,6
Свдпро,soulflayer,576,priest,shadow,12,6,6
Madpandax,blackmoore,576,priest,shadow,12,6,6
Lilsayx,blackrock,576,priest,shadow,12,6,6
Saliâ,blackmoore,576,priest,shadow,12,6,6
Lysium,sylvanas,576,priest,shadow,12,6,6
Loldawg,stormscale,576,priest,shadow,12,6,6
Prästjäväln,stormscale,576,priest,shadow,12,6,6
Pepitzaftw,sylvanas,576,priest,shadow,12,6,6
Balan,argent-dawn,576,priest,shadow,12,6,6
Skillmåster,ravencrest,576,priest,shadow,12,6,6
Yazh,argent-dawn,576,priest,shadow,12,6,6
Tonyxfor,nemesis,576,priest,shadow,12,6,6
Buttbob,ravencrest,576,priest,shadow,12,6,6
Sselycrem,dun-morogh,576,priest,shadow,12,6,6
Lovelessp,stormscale,576,priest,shadow,12,6,6
Ralaya,ravencrest,576,priest,shadow,12,6,6
Безмездная,gordunni,576,priest,shadow,12,6,6
Tøm,silvermoon,576,priest,shadow,12,6,6
Herlloomprie,stormscale,576,priest,shadow,12,6,6
Ilostmybibíe,silvermoon,576,priest,shadow,12,6,6
Farotep,tarren-mill,576,priest,shadow,12,6,6
Vizzek,eredar,576,priest,shadow,12,6,6
Vyø,tarren-mill,576,priest,shadow,12,6,6
Cluelêss,blackrock,576,priest,shadow,12,6,6
Mephiras,kult-der-verdammten,576,priest,shadow,12,6,6
Nometalol,drakthul,576,priest,shadow,12,6,6
Englestøv,stormreaver,576,priest,shadow,12,6,6
Shacka,tarren-mill,576,priest,shadow,12,6,6
Cocolasticot,garona,576,priest,shadow,12,6,6
Dakystepmom,stormreaver,576,priest,shadow,12,6,6
Fluffieh,ravencrest,576,priest,shadow,12,6,6
Submeplz,stormscale,576,priest,shadow,12,6,6
Darkfreak,malygos,576,priest,shadow,12,6,6
Aladra,archimonde,576,priest,shadow,12,6,6
Kunayu,ravencrest,576,priest,shadow,12,6,6
Enimao,tarren-mill,576,priest,shadow,12,6,6
Dboi,tarren-mill,576,priest,shadow,12,6,6
Iqr,blackmoore,576,priest,shadow,12,6,6
Старлайтх,gordunni,576,priest,shadow,12,6,6
Elenie,frostwolf,576,priest,shadow,12,6,6
Poonies,silvermoon,576,priest,shadow,12,6,6
Wakizashi,ravencrest,576,priest,shadow,12,6,6
Shadowpdots,sargeras,576,priest,shadow,12,6,6
Lilannah,archimonde,576,priest,shadow,12,6,6
Halysion,ravencrest,576,priest,shadow,18,6,12
Ràvèn,dun-modr,576,priest,shadow,18,6,12
Ezea,blackmoore,576,priest,shadow,18,6,12
Purplex,aggra-português,576,priest,shadow,18,6,12
Styxpr,blackhand,576,priest,shadow,18,6,12
Erfofthesop,chants-éternels,576,priest,shadow,18,6,12
Averye,kazzak,576,priest,shadow,18,6,12
Øro,ysondre,576,priest,shadow,24,6,18
Extrasa,daggerspine,576,priest,shadow,24,6,18
Jcewrld,blackhand,576,priest,shadow,30,6,24
Princéssà,aegwynn,575,priest,shadow,12,6,6
Netsojsp,blackmoore,575,priest,shadow,12,6,6
Torquemad,sunstrider,575,priest,shadow,12,6,6
Нитровина,howling-fjord,575,priest,shadow,12,6,6
Attaxx,dragonmaw,575,priest,shadow,12,6,6
Арабески,galakrond,575,priest,shadow,12,6,6
Drmwow,kazzak,575,priest,shadow,12,6,6
Prepodobna,ravencrest,575,priest,shadow,18,6,12
Cåtie,sylvanas,575,priest,shadow,18,6,12
Siemenspvp,drakthul,575,priest,shadow,18,6,12
Akroz,sanguino,575,priest,shadow,18,6,12
Wintercurse,twisting-nether,575,priest,shadow,18,6,12
Azshanna,argent-dawn,574,priest,shadow,12,6,6
Sanctimo,stormscale,574,priest,shadow,12,6,6
Luxumbra,pozzo-delleternità,574,priest,shadow,12,6,6
Tronixcs,boulderfist,574,priest,shadow,18,6,12
Zerim,blackmoore,574,priest,shadow,30,6,24
Zagazag,ragnaros,573,priest,shadow,18,6,12
Словаболь,gordunni,572,priest,shadow,12,6,6
Сендрагон,blackscar,572,priest,shadow,18,6,12
Dayu,blackrock,572,priest,shadow,24,6,18
Karmapollys,silvermoon,570,priest,shadow,12,6,6
Raeratwo,archimonde,569,priest,shadow,17,8,9
Ulalume,ravencrest,543,priest,shadow,11,6,5
Yvaru,der-mithrilorden,543,priest,shadow,11,6,5
Oggiz,archimonde,542,priest,shadow,17,6,11
Føxy,emerald-dream,522,priest,shadow,13,7,6
Reallittle,kazzak,522,priest,shadow,16,7,9
Pollution,ragnaros,512,priest,shadow,10,6,4
Aratorass,malganis,510,priest,shadow,11,6,5
Azrpr,ravencrest,480,priest,shadow,6,5,1
Winnable,blackmoore,480,priest,shadow,6,5,1
Bombastoz,kazzak,480,priest,shadow,6,5,1
Solaqt,tarren-mill,480,priest,shadow,6,5,1
Disillusíon,tarren-mill,480,priest,shadow,6,5,1
Darkqt,ravencrest,480,priest,shadow,6,5,1
Shadowkenia,ysondre,480,priest,shadow,6,5,1
Attilerg,stormscale,480,priest,shadow,6,5,1
Nøskillzz,nemesis,480,priest,shadow,6,5,1
Sântamuerte,blackrock,480,priest,shadow,6,5,1
Алуриэлия,gordunni,480,priest,shadow,6,5,1
Dyliz,stormscale,480,priest,shadow,6,5,1
Boostedandy,darksorrow,480,priest,shadow,6,5,1
Absôû,khaz-modan,480,priest,shadow,6,5,1
Easyc,gorgonnash,480,priest,shadow,6,5,1
Dìscìplìned,ravencrest,480,priest,shadow,6,5,1
Pâww,kazzak,480,priest,shadow,6,5,1
Graveyards,tarren-mill,480,priest,shadow,6,5,1
Gíìh,ravencrest,480,priest,shadow,6,5,1
Rinkahands,silvermoon,480,priest,shadow,6,5,1
Gladíator,blackhand,480,priest,shadow,6,5,1
Рукатёмная,soulflayer,480,priest,shadow,6,5,1
Discórdian,twisting-nether,480,priest,shadow,6,5,1
Gpêchépaire,archimonde,480,priest,shadow,8,5,3
Qúetee,silvermoon,480,priest,shadow,10,6,4
Slitenprest,kazzak,480,priest,shadow,12,6,6
Shadowful,drakthul,480,priest,shadow,12,5,7
Mondiie,drakthul,480,priest,shadow,12,5,7
Xotz,thrall,480,priest,shadow,12,5,7
Darrianna,outland,480,priest,shadow,12,5,7
Bîgmac,ravencrest,480,priest,shadow,12,5,7
Nyathen,baelgun,480,priest,shadow,12,5,7
Tokz,eredar,480,priest,shadow,12,5,7
Bonsoin,kirin-tor,480,priest,shadow,12,5,7
Pleshiv,sanguino,480,priest,shadow,12,5,7
Yaloxyz,blackmoore,480,priest,shadow,12,5,7
Megadima,norgannon,480,priest,shadow,12,5,7
Darkmus,quelthalas,480,priest,shadow,12,5,7
Cmonbro,hyjal,480,priest,shadow,12,5,7
Löspajen,stormscale,480,priest,shadow,12,5,7
Kidkuddo,blackmoore,480,priest,shadow,12,5,7
Dirtydoc,area-52,480,priest,shadow,12,5,7
Lèviåthån,stormscale,480,priest,shadow,12,5,7
Jarkk,ysondre,480,priest,shadow,12,5,7
Lillclubbina,stormscale,480,priest,shadow,12,5,7
Lubudu,burning-legion,480,priest,shadow,12,5,7
Haiduka,burning-legion,480,priest,shadow,12,5,7
Holyshart,magtheridon,480,priest,shadow,12,5,7
Ompala,shattered-hand,480,priest,shadow,12,5,7
Prayypray,eredar,480,priest,shadow,12,5,7
Hellzie,darkspear,480,priest,shadow,12,5,7
Salzgehalt,antonidas,480,priest,shadow,12,5,7
Lerión,ravencrest,480,priest,shadow,12,5,7
Wizarxmentar,stormscale,480,priest,shadow,12,5,7
Дакимакурах,gordunni,480,priest,shadow,12,5,7
Lyssandre,stormreaver,480,priest,shadow,12,5,7
Chaerii,blackmoore,480,priest,shadow,12,5,7
Blackout,nemesis,480,priest,shadow,12,5,7
Môrtïciâ,tarren-mill,480,priest,shadow,12,5,7
Нимрана,deathguard,480,priest,shadow,12,5,7
Taikki,stormreaver,480,priest,shadow,12,5,7
Saintless,azuremyst,480,priest,shadow,12,5,7
Zolupno,kazzak,480,priest,shadow,12,5,7
Dejica,kult-der-verdammten,480,priest,shadow,12,5,7
Шуддзуми,gordunni,480,priest,shadow,12,5,7
Rovensin,ravencrest,480,priest,shadow,12,5,7
Neverfade,dun-modr,480,priest,shadow,12,5,7
Хенели,blackscar,480,priest,shadow,12,5,7
Stickyjamxx,frostmane,480,priest,shadow,12,5,7
Elixier,frostmane,480,priest,shadow,12,5,7
Speedfraek,kazzak,480,priest,shadow,12,5,7
Yukasa,silvermoon,480,priest,shadow,12,5,7
Xpy,kazzak,480,priest,shadow,12,5,7
Rokil,ravencrest,480,priest,shadow,12,5,7
Амбракадабра,blackscar,480,priest,shadow,12,5,7
Крэкслингер,howling-fjord,480,priest,shadow,13,5,8
Dementois,magtheridon,480,priest,shadow,18,5,13
Fögel,twisting-nether,480,priest,shadow,18,5,13
Nôtt,tarren-mill,479,priest,shadow,6,5,1
Biierlip,twisting-nether,479,priest,shadow,12,5,7
Балзик,blackscar,479,priest,shadow,12,5,7
Howlscastie,stormscale,479,priest,shadow,12,5,7
Xieraxe,ravencrest,479,priest,shadow,12,5,7
Olivaress,ravencrest,479,priest,shadow,12,5,7
Chandria,veknilash,479,priest,shadow,12,5,7
Eosar,blackhand,479,priest,shadow,12,5,7
Fráncess,twisting-nether,479,priest,shadow,12,5,7
Heinricht,ragnaros,479,priest,shadow,12,5,7
Лейля,goldrinn,479,priest,shadow,18,5,13
Xrystal,wrathbringer,479,priest,shadow,24,5,19
Yhullgord,nazjatar,478,priest,shadow,18,5,13
Kunc,drakthul,476,priest,shadow,12,5,7
Falbäla,suramar,473,priest,shadow,12,5,7
Luthsha,sylvanas,448,priest,shadow,10,5,5
Immurrtal,arathor,447,priest,shadow,8,6,2
Sàd,thrall,447,priest,shadow,11,5,6
Celina,quelthalas,432,priest,shadow,21,6,15
Oltranza,sylvanas,426,priest,shadow,14,6,8
Bloodimand,terenas,422,priest,shadow,12,6,6
Chaddý,blackrock,416,priest,shadow,10,5,5
Zepesch,dalvengyr,409,priest,shadow,21,6,15
Alucardiiog,shattered-hand,399,priest,shadow,5,5,0
Kazorn,argent-dawn,384,priest,shadow,6,4,2
Lxz,twisting-nether,384,priest,shadow,6,4,2
Ozmandius,ravencrest,384,priest,shadow,6,4,2
Инфесия,deathweaver,384,priest,shadow,6,4,2
Shadowboness,twisting-nether,384,priest,shadow,6,4,2
Alicanx,twisting-nether,384,priest,shadow,6,4,2
Ýbëzz,ravencrest,384,priest,shadow,6,4,2
Alusiepriest,ravencrest,384,priest,shadow,6,4,2
Дюшапинанс,soulflayer,384,priest,shadow,6,4,2
Suqmyx,ragnaros,384,priest,shadow,6,4,2
Kenzah,ysondre,384,priest,shadow,6,4,2
Jpxoxo,blackhand,384,priest,shadow,6,4,2
Chamelthoe,the-maelstrom,384,priest,shadow,6,4,2
Текл,blackscar,384,priest,shadow,6,4,2
Nebunia,twisting-nether,384,priest,shadow,6,4,2
Trac,twisting-nether,384,priest,shadow,6,4,2
Daftî,twisting-nether,384,priest,shadow,6,4,2
Jdotp,silvermoon,384,priest,shadow,6,4,2
Найтлолла,blackscar,384,priest,shadow,6,4,2
Danekshadow,turalyon,384,priest,shadow,6,4,2
Вэстервилли,howling-fjord,384,priest,shadow,6,4,2
Олдмэнсэйд,soulflayer,384,priest,shadow,6,4,2
Elunnes,the-maelstrom,384,priest,shadow,6,4,2
Luuña,ravencrest,384,priest,shadow,6,4,2
Spum,ravencrest,384,priest,shadow,6,4,2
Tekrs,tarren-mill,384,priest,shadow,6,4,2
Mønzie,stormscale,384,priest,shadow,6,4,2
Rutah,the-maelstrom,384,priest,shadow,6,4,2
Sîarra,eredar,384,priest,shadow,6,4,2
Korvmoj,ravencrest,384,priest,shadow,6,4,2
Êlectron,ravencrest,384,priest,shadow,6,4,2
Djsnook,ravencrest,384,priest,shadow,6,4,2
Ylenae,twisting-nether,384,priest,shadow,6,4,2
Мамкалол,soulflayer,384,priest,shadow,6,4,2
Spae,twisting-nether,384,priest,shadow,6,4,2
Shavog,stormscale,384,priest,shadow,6,4,2
Goldenapples,ravencrest,384,priest,shadow,6,4,2
Zul,nemesis,384,priest,shadow,6,4,2
Kapaloinsut,draenor,384,priest,shadow,6,4,2
Mamaa,stormscale,384,priest,shadow,6,4,2
Вартэг,blackscar,384,priest,shadow,6,4,2
Rankoneprazt,stormscale,384,priest,shadow,6,4,2
Vantek,antonidas,384,priest,shadow,6,4,2
Stonymontana,ravencrest,384,priest,shadow,6,4,2
Clungeslag,argent-dawn,384,priest,shadow,6,4,2
Ifearnoone,outland,384,priest,shadow,6,4,2
Napriest,kazzak,384,priest,shadow,6,4,2
Shóxi,blackmoore,384,priest,shadow,6,4,2
Torpedobæver,silvermoon,384,priest,shadow,6,4,2
Syrïal,hyjal,384,priest,shadow,6,4,2
Keylythia,blackmoore,384,priest,shadow,6,4,2
Cheryli,alleria,384,priest,shadow,6,4,2
Surx,silvermoon,384,priest,shadow,6,4,2
Kyokaze,silvermoon,384,priest,shadow,6,4,2
Scastro,silvermoon,384,priest,shadow,6,4,2
Prådâshådëzz,blackmoore,384,priest,shadow,6,4,2
Fetaagneta,grim-batol,384,priest,shadow,6,4,2
Hotdoge,zenedar,384,priest,shadow,6,4,2
Massivbeton,blackmoore,384,priest,shadow,6,4,2
Lorthonor,silvermoon,384,priest,shadow,6,4,2
Memphistô,thrall,384,priest,shadow,6,4,2
Beástyqt,thrall,384,priest,shadow,6,4,2
Mysticforces,silvermoon,384,priest,shadow,6,4,2
Buomap,kazzak,384,priest,shadow,6,4,2
Torino,kazzak,384,priest,shadow,6,4,2
Idisck,kazzak,384,priest,shadow,6,4,2
Jesuispasbon,hyjal,384,priest,shadow,6,4,2
Metabeta,shattered-hand,384,priest,shadow,6,4,2
Thogrey,archimonde,384,priest,shadow,6,4,2
Syniixp,aegwynn,384,priest,shadow,6,4,2
Dokurochan,tarren-mill,384,priest,shadow,6,4,2
Darqmatter,drakthul,384,priest,shadow,6,4,2
Floodey,defias-brotherhood,384,priest,shadow,6,4,2
Edgybro,kazzak,384,priest,shadow,6,4,2
Calsote,sanguino,384,priest,shadow,6,4,2
Mshieldo,blackmoore,384,priest,shadow,6,4,2
Lumex,aegwynn,384,priest,shadow,6,4,2
Víxie,frostmane,384,priest,shadow,6,4,2
Éllipses,kazzak,384,priest,shadow,6,4,2
Dairox,blackrock,384,priest,shadow,6,4,2
Pinkfloydx,lightbringer,384,priest,shadow,6,4,2
Tuitio,blackmoore,384,priest,shadow,6,4,2
Sheid,zuljin,384,priest,shadow,6,4,2
Coqa,blackrock,384,priest,shadow,6,4,2
Ranzael,blackrock,384,priest,shadow,6,4,2
Shaquíloheal,blackrock,384,priest,shadow,6,4,2
Usw,outland,384,priest,shadow,6,4,2
Sekeios,sanguino,384,priest,shadow,6,4,2
Aureï,khaz-modan,384,priest,shadow,9,5,4
Necronidas,burning-legion,384,priest,shadow,10,5,5
Temtem,ravencrest,384,priest,shadow,9,4,5
Nìak,ysondre,384,priest,shadow,15,5,10
Miradil,argent-dawn,384,priest,shadow,12,4,8
Skilled,stormscale,384,priest,shadow,12,4,8
Ниикола,booty-bay,384,priest,shadow,12,4,8
Lfgarcatraz,aegwynn,384,priest,shadow,12,4,8
Soupriest,ysondre,384,priest,shadow,12,4,8
Amonrah,blutkessel,384,priest,shadow,12,4,8
Bacovia,tarren-mill,384,priest,shadow,12,4,8
Grompriest,echsenkessel,384,priest,shadow,12,4,8
Gonorreolga,tarren-mill,384,priest,shadow,12,4,8
Dpriesta,aegwynn,384,priest,shadow,12,4,8
Dælirium,antonidas,384,priest,shadow,12,4,8
Æro,malganis,384,priest,shadow,12,4,8
Niikki,blackrock,384,priest,shadow,12,4,8
Арлектакль,blackscar,384,priest,shadow,12,4,8
Crimatoriá,rajaxx,384,priest,shadow,12,4,8
Halysis,chamber-of-aspects,384,priest,shadow,12,4,8
Darkoze,kazzak,384,priest,shadow,12,4,8
Datscrazi,ravencrest,384,priest,shadow,12,4,8
Shadøwz,grim-batol,384,priest,shadow,12,4,8
Elpsycongoro,aegwynn,384,priest,shadow,12,4,8
Zaoza,dentarg,384,priest,shadow,12,4,8
Râây,blackrock,384,priest,shadow,12,4,8
Swoptoplong,blackhand,384,priest,shadow,12,4,8
Othu,quelthalas,384,priest,shadow,12,4,8
Célaz,blackmoore,384,priest,shadow,12,4,8
Nonka,azjolnerub,384,priest,shadow,12,4,8
Zzoska,burning-legion,384,priest,shadow,12,4,8
Nynaehve,archimonde,384,priest,shadow,12,4,8
Dotmaster,darkspear,384,priest,shadow,12,4,8
Gendzsó,ragnaros,384,priest,shadow,12,4,8
Obscurity,burning-steppes,384,priest,shadow,12,4,8
Ferhur,defias-brotherhood,384,priest,shadow,12,4,8
Voidknight,darkspear,384,priest,shadow,12,4,8
Самоэль,gordunni,384,priest,shadow,12,4,8
Залакджин,howling-fjord,384,priest,shadow,12,4,8
Thyrena,twisting-nether,384,priest,shadow,12,4,8
Morzâr,outland,384,priest,shadow,12,4,8
Sethp,hyjal,384,priest,shadow,12,4,8
Adamàntium,sanguino,384,priest,shadow,12,4,8
Xaphen,kirin-tor,384,priest,shadow,12,4,8
Kirtách,dun-modr,384,priest,shadow,12,4,8
Xalgâzor,zuljin,384,priest,shadow,12,4,8
Bilalhassâni,archimonde,384,priest,shadow,12,4,8
Baubsy,ghostlands,384,priest,shadow,12,4,8
Getitoffme,auchindoun,384,priest,shadow,13,4,9
Chlorohhkine,chogall,384,priest,shadow,13,4,9
Tobirama,stormscale,384,priest,shadow,17,4,13
Nukksch,antonidas,384,priest,shadow,18,4,14
Шкуропльот,gordunni,384,priest,shadow,18,4,14
Абрасд,gordunni,384,priest,shadow,18,4,14
Muromachi,kirin-tor,383,priest,shadow,6,4,2
Хароки,howling-fjord,383,priest,shadow,6,4,2
Abnórmus,tarren-mill,383,priest,shadow,6,4,2
Sphard,ysondre,383,priest,shadow,12,4,8
Ðex,chromaggus,383,priest,shadow,12,4,8
Sýmo,kazzak,383,priest,shadow,12,4,8
Нечавкай,deathweaver,383,priest,shadow,18,4,14
Anglaran,hellscream,383,priest,shadow,24,4,20
Blyatman,tarren-mill,382,priest,shadow,6,4,2
Quinlanx,quelthalas,381,priest,shadow,18,4,14
Perchédue,silvermoon,367,priest,shadow,11,4,7
Împðøg,stormscale,352,priest,shadow,10,4,6
Asob,tarren-mill,351,priest,shadow,11,4,7
Phaedisc,defias-brotherhood,351,priest,shadow,11,4,7
Topshop,vashj,351,priest,shadow,11,4,7
Shilôz,hyjal,351,priest,shadow,11,4,7
Levitating,argent-dawn,336,priest,shadow,9,5,4
Zetara,archimonde,320,priest,shadow,10,4,6
Mindgames,the-maelstrom,319,priest,shadow,5,4,1
Shagoku,blackmoore,319,priest,shadow,8,4,4
Voilencia,kazzak,304,priest,shadow,7,4,3
Whýççpèrx,ravencrest,304,priest,shadow,7,4,3
Пристотян,gordunni,288,priest,shadow,6,3,3
Дисайплес,gordunni,288,priest,shadow,6,3,3
Skymning,tarren-mill,288,priest,shadow,6,3,3
Søînx,archimonde,288,priest,shadow,6,3,3
Wonkä,archimonde,288,priest,shadow,6,3,3
Забвениеждёт,gordunni,288,priest,shadow,6,3,3
Злыденькая,gordunni,288,priest,shadow,6,3,3
Aéltess,kirin-tor,288,priest,shadow,6,3,3
Smerenia,tarren-mill,288,priest,shadow,6,3,3
Prastas,archimonde,288,priest,shadow,6,3,3
Caluna,aegwynn,288,priest,shadow,6,3,3
Notra,shattrath,288,priest,shadow,6,3,3
Worwp,burning-blade,288,priest,shadow,6,3,3
Швдяра,gordunni,288,priest,shadow,6,3,3
Papynou,garona,288,priest,shadow,6,3,3
Деняприст,gordunni,288,priest,shadow,6,3,3
Freezydot,silvermoon,288,priest,shadow,6,3,3
Sàyaa,draenor,288,priest,shadow,6,3,3
Ksiadzrydzyk,draenor,288,priest,shadow,6,3,3
Resgan,archimonde,288,priest,shadow,6,3,3
Cheryl,alleria,288,priest,shadow,6,3,3
Tåbðøtgøðx,archimonde,288,priest,shadow,6,3,3
Joë,tarren-mill,288,priest,shadow,6,3,3
Морпехжнец,gordunni,288,priest,shadow,6,3,3
Zdpsexde,draenor,288,priest,shadow,6,3,3
Jusmitework,silvermoon,288,priest,shadow,6,3,3
Zooling,aegwynn,288,priest,shadow,6,3,3
Wkid,draenor,288,priest,shadow,6,3,3
Trinnity,drakthul,288,priest,shadow,6,3,3
Runristad,ravencrest,288,priest,shadow,6,3,3
Shomäre,ysondre,288,priest,shadow,6,3,3
Lirrydoz,ravencrest,288,priest,shadow,6,3,3
Plagegeist,blutkessel,288,priest,shadow,6,3,3
Bhlad,silvermoon,288,priest,shadow,6,3,3
Wollebimsen,arthas,288,priest,shadow,6,3,3
Matrus,arthas,288,priest,shadow,6,3,3
Truta,ravencrest,288,priest,shadow,6,3,3
Kaius,mannoroth,288,priest,shadow,6,3,3
Abyssonmind,dun-modr,288,priest,shadow,6,3,3
Ternary,draenor,288,priest,shadow,6,3,3
Roxfer,ysondre,288,priest,shadow,6,3,3
Kallsen,ravencrest,288,priest,shadow,6,3,3
Nàstyx,ravencrest,288,priest,shadow,6,3,3
Taklamakan,alakir,288,priest,shadow,6,3,3
Whitfield,cthun,288,priest,shadow,6,3,3
Veie,ravencrest,288,priest,shadow,6,3,3
Blynde,draenor,288,priest,shadow,6,3,3
Copperpriest,draenor,288,priest,shadow,6,3,3
Croose,ravencrest,288,priest,shadow,6,3,3
Ondaman,ravencrest,288,priest,shadow,6,3,3
Nitza,silvermoon,288,priest,shadow,6,3,3
Eldrathir,burning-legion,288,priest,shadow,6,3,3
Nìrtus,thrall,288,priest,shadow,6,3,3
Vampiro,blackhand,288,priest,shadow,6,3,3
Tobijara,proudmoore,288,priest,shadow,6,3,3
Nødhjelp,kazzak,288,priest,shadow,6,3,3
Proteco,antonidas,288,priest,shadow,6,3,3
Sofuny,neptulon,288,priest,shadow,6,3,3
Leythan,hyjal,288,priest,shadow,6,3,3
Blonded,antonidas,288,priest,shadow,6,3,3
Alaarys,hyjal,288,priest,shadow,6,3,3
Vividots,draenor,288,priest,shadow,6,3,3
Susaj,tarren-mill,288,priest,shadow,6,3,3
Shannannanna,darkspear,288,priest,shadow,6,3,3
Xaviá,blackrock,288,priest,shadow,6,3,3
Chuckbarry,kazzak,288,priest,shadow,6,3,3
Narwarion,die-aldor,288,priest,shadow,6,3,3
Смегмачет,soulflayer,288,priest,shadow,6,3,3
Hélp,stormscale,288,priest,shadow,6,3,3
Spankulere,stormscale,288,priest,shadow,6,3,3
Stepsisstuck,ragnaros,288,priest,shadow,6,3,3
Флэнсер,soulflayer,288,priest,shadow,6,3,3
Eiqu,eredar,288,priest,shadow,6,3,3
Haàdes,blackrock,288,priest,shadow,6,3,3
Shasdöw,hyjal,288,priest,shadow,6,3,3
Fryp,blackrock,288,priest,shadow,6,3,3
Remkojatwo,blackrock,288,priest,shadow,6,3,3
Neopriest,stormscale,288,priest,shadow,6,3,3
Zøid,ysondre,288,priest,shadow,6,3,3
Canthms,twisting-nether,288,priest,shadow,6,3,3
Synaxia,blackrock,288,priest,shadow,6,3,3
Cé,magtheridon,288,priest,shadow,6,3,3
Presbyter,mazrigos,288,priest,shadow,6,3,3
Lutzki,the-maelstrom,288,priest,shadow,6,3,3
Флпрст,soulflayer,288,priest,shadow,6,3,3
Eyvvah,twisting-nether,288,priest,shadow,6,3,3
Nhajÿ,hyjal,288,priest,shadow,6,3,3
Sweedensp,hyjal,288,priest,shadow,6,3,3
Buszeekk,outland,288,priest,shadow,6,3,3
Némonix,outland,288,priest,shadow,6,3,3
Grocx,kazzak,288,priest,shadow,6,3,3
Nirsis,dun-modr,288,priest,shadow,6,3,3
Mgx,defias-brotherhood,288,priest,shadow,6,3,3
Kbdp,outland,288,priest,shadow,6,3,3
Momet,defias-brotherhood,288,priest,shadow,6,3,3
Cðsima,blackmoore,288,priest,shadow,6,3,3
Miikkap,blackhand,288,priest,shadow,6,3,3
Nadora,sanguino,288,priest,shadow,6,3,3
Thimble,blackhand,288,priest,shadow,6,3,3
Imadîa,dalaran,288,priest,shadow,6,3,3
Ggsus,outland,288,priest,shadow,6,3,3
Goldensp,sanguino,288,priest,shadow,6,3,3
Slerpdaddy,ragnaros,288,priest,shadow,6,3,3
Jilizjiliz,blackmoore,288,priest,shadow,6,3,3
Игшайл,eversong,288,priest,shadow,6,3,3
Selfcontrol,blackhand,288,priest,shadow,6,3,3
Неприст,ashenvale,288,priest,shadow,6,3,3
Chocopríest,blackmoore,288,priest,shadow,6,3,3
Jarnary,blackmoore,288,priest,shadow,9,4,5
Kopfsache,blackmoore,288,priest,shadow,7,3,4
Tronixxcs,argent-dawn,288,priest,shadow,9,3,6
Goldische,dun-morogh,288,priest,shadow,12,3,9
Iordjahmilli,blackmoore,288,priest,shadow,12,3,9
Kaleshiry,kazzak,288,priest,shadow,12,3,9
Vès,stormscale,288,priest,shadow,12,3,9
Elumi,the-maelstrom,288,priest,shadow,12,3,9
Purpleshadow,twisting-nether,288,priest,shadow,12,3,9
Aaluvor,blackmoore,288,priest,shadow,12,3,9
Adizeww,kazzak,288,priest,shadow,12,3,9
Gammelkörper,perenolde,288,priest,shadow,12,3,9
Shreedz,blackmoore,288,priest,shadow,12,3,9
Anariell,ravencrest,288,priest,shadow,12,3,9
Beckett,outland,288,priest,shadow,12,3,9
Hâstur,ravencrest,288,priest,shadow,12,3,9
Binar,baelgun,288,priest,shadow,12,3,9
Stolenlight,dun-morogh,288,priest,shadow,12,3,9
Winar,tarren-mill,288,priest,shadow,12,3,9
Øzya,kirin-tor,288,priest,shadow,12,3,9
Hmp,thrall,288,priest,shadow,12,3,9
Декомпиляция,blackscar,288,priest,shadow,12,3,9
Nathalio,twisting-nether,288,priest,shadow,12,3,9
Preast,aegwynn,288,priest,shadow,12,3,9
Марвелс,soulflayer,288,priest,shadow,12,3,9
Kaenlin,the-maelstrom,288,priest,shadow,18,3,15
Jês,thrall,287,priest,shadow,6,3,3
Rulna,die-aldor,287,priest,shadow,12,3,9
Nikomus,argent-dawn,286,priest,shadow,6,3,3
Alligatores,kazzak,270,priest,shadow,17,3,14
Czikibriki,ravenholdt,256,priest,shadow,4,4,0
Szelén,ragnaros,256,priest,shadow,10,3,7
Shadepencoin,silvermoon,256,priest,shadow,10,3,7
Smoothiejoe,stormscale,255,priest,shadow,4,4,0
Бледноват,ashenvale,255,priest,shadow,8,4,4
Ксержик,gordunni,255,priest,shadow,11,3,8
Slasherh,ravencrest,239,priest,shadow,5,3,2
Guccimaane,twisting-nether,239,priest,shadow,5,3,2
Caski,stormreaver,239,priest,shadow,5,3,2
Thargunitøth,antonidas,239,priest,shadow,5,3,2
Deeforce,argent-dawn,234,priest,shadow,6,4,2
Paìn,sanguino,234,priest,shadow,10,5,5
Ainoa,grim-batol,234,priest,shadow,9,4,5
Cöpahue,sanguino,208,priest,shadow,7,3,4
Shadowflamè,outland,192,priest,shadow,4,3,1
Szycho,burning-legion,192,priest,shadow,9,3,6
Calïxløve,der-rat-von-dalaran,192,priest,shadow,6,2,4
Bòóny,ravencrest,192,priest,shadow,6,2,4
Andérsón,magtheridon,192,priest,shadow,6,2,4
Makemyday,dun-modr,192,priest,shadow,6,2,4
Âlígés,outland,192,priest,shadow,6,2,4
Аполонио,soulflayer,192,priest,shadow,6,2,4
Встанислав,gordunni,192,priest,shadow,6,2,4
Zootx,magtheridon,192,priest,shadow,6,2,4
Шиписс,soulflayer,192,priest,shadow,6,2,4
Priath,magtheridon,192,priest,shadow,6,2,4
Misántropo,dun-modr,192,priest,shadow,6,2,4
Beatrixz,twisting-nether,192,priest,shadow,6,2,4
Piizzdiica,twisting-nether,192,priest,shadow,6,2,4
Tuljan,twisting-nether,192,priest,shadow,6,2,4
Crzzy,dun-modr,192,priest,shadow,6,2,4
Velansera,argent-dawn,192,priest,shadow,6,2,4
Lollithu,argent-dawn,192,priest,shadow,6,2,4
Badboypanna,twisting-nether,192,priest,shadow,6,2,4
Spookyi,blackrock,192,priest,shadow,6,2,4
Fqú,wrathbringer,192,priest,shadow,6,2,4
Harleyquiñ,burning-legion,192,priest,shadow,6,2,4
Evillshadow,archimonde,192,priest,shadow,6,2,4
Discbabe,outland,192,priest,shadow,6,2,4
Joezero,the-maelstrom,192,priest,shadow,6,2,4
Sotriggered,sylvanas,192,priest,shadow,6,2,4
Våfflán,silvermoon,192,priest,shadow,6,2,4
Artist,outland,192,priest,shadow,6,2,4
Mugenshotto,outland,192,priest,shadow,6,2,4
Bedevil,twisting-nether,192,priest,shadow,6,2,4
Lythra,burning-legion,192,priest,shadow,6,2,4
Repples,draenor,192,priest,shadow,6,2,4
Акктуальная,deepholm,192,priest,shadow,6,2,4
Cto,gorgonnash,192,priest,shadow,6,2,4
Периссвет,thermaplugg,192,priest,shadow,6,2,4
Illordz,nemesis,192,priest,shadow,6,2,4
Debiloid,ravencrest,192,priest,shadow,6,2,4
Livster,chamber-of-aspects,192,priest,shadow,6,2,4
Dombili,frostmane,192,priest,shadow,6,2,4
Сайннз,howling-fjord,192,priest,shadow,6,2,4
Funstopshere,ravencrest,192,priest,shadow,6,2,4
Жрецдуши,gordunni,192,priest,shadow,6,2,4
Holycrapx,chromaggus,192,priest,shadow,6,2,4
Шестьнадцать,gordunni,192,priest,shadow,6,2,4
Ejoz,khaz-modan,192,priest,shadow,6,2,4
Wsp,tarren-mill,192,priest,shadow,6,2,4
Aruna,ravencrest,192,priest,shadow,6,2,4
Zaylem,ravencrest,192,priest,shadow,6,2,4
Nyxoqtxd,ravencrest,192,priest,shadow,6,2,4
Prigart,sylvanas,192,priest,shadow,6,2,4
Goblingøs,ravencrest,192,priest,shadow,6,2,4
Ørbänvîktôrx,ragnaros,192,priest,shadow,6,2,4
Reïny,tarren-mill,192,priest,shadow,6,2,4
Blesschrist,tarren-mill,192,priest,shadow,6,2,4
Sïfën,tarren-mill,192,priest,shadow,6,2,4
Putoeinstein,sylvanas,192,priest,shadow,6,2,4
Tosspot,ragnaros,192,priest,shadow,6,2,4
Azèm,archimonde,192,priest,shadow,6,2,4
Voluptass,ragnaros,192,priest,shadow,6,2,4
Badgirxl,kargath,192,priest,shadow,6,2,4
Ostrogami,silvermoon,192,priest,shadow,6,2,4
Jeanshield,varimathras,192,priest,shadow,6,2,4
Stàrlîght,chants-éternels,192,priest,shadow,6,2,4
Nomarak,drakthul,192,priest,shadow,6,2,4
Yugata,archimonde,192,priest,shadow,6,2,4
Холисайра,gordunni,192,priest,shadow,6,2,4
Brin,archimonde,192,priest,shadow,6,2,4
Maxý,ravencrest,192,priest,shadow,6,2,4
Elëctra,vashj,192,priest,shadow,6,2,4
Grimor,talnivarr,192,priest,shadow,6,2,4
Rallzken,stormscale,192,priest,shadow,6,2,4
Unhealing,tarren-mill,192,priest,shadow,6,2,4
Noobpriest,blackrock,192,priest,shadow,6,2,4
Yunamd,blackhand,192,priest,shadow,6,2,4
Hadsup,stormscale,192,priest,shadow,6,2,4
Chabbe,ragnaros,192,priest,shadow,6,2,4
Ilvia,antonidas,192,priest,shadow,6,2,4
Sadira,malganis,192,priest,shadow,6,2,4
Pliagonosic,drakthul,192,priest,shadow,6,2,4
Zaop,blackhand,192,priest,shadow,6,2,4
Dreadx,antonidas,192,priest,shadow,6,2,4
Painxsup,kazzak,192,priest,shadow,6,2,4
Shmoly,stormscale,192,priest,shadow,6,2,4
Mømmymilkers,archimonde,192,priest,shadow,6,2,4
Esthea,malganis,192,priest,shadow,6,2,4
Lúthien,outland,192,priest,shadow,6,2,4
Voidreaver,stormscale,192,priest,shadow,6,2,4
Smø,kazzak,192,priest,shadow,6,2,4
Ehresha,kazzak,192,priest,shadow,6,2,4
Magnusson,the-shatar,192,priest,shadow,6,2,4
Goky,kazzak,192,priest,shadow,6,2,4
Dispelbotx,sylvanas,192,priest,shadow,6,2,4
Éclípsé,stormscale,192,priest,shadow,6,2,4
Rxwkii,hellscream,192,priest,shadow,6,2,4
Мемфисминни,blackscar,192,priest,shadow,6,2,4
Elthrone,kazzak,192,priest,shadow,6,2,4
Omejan,frostmane,192,priest,shadow,6,2,4
Аликслинкс,howling-fjord,192,priest,shadow,6,2,4
Alpharîus,argent-dawn,192,priest,shadow,6,2,4
Clemexyo,stormscale,192,priest,shadow,6,2,4
Wiglere,argent-dawn,192,priest,shadow,6,2,4
Sephìrøth,malganis,192,priest,shadow,6,2,4
Chekkó,blackrock,192,priest,shadow,6,2,4
Шарадин,gordunni,192,priest,shadow,6,2,4
Oknelim,blackmoore,192,priest,shadow,6,2,4
Imahipstaqt,eredar,192,priest,shadow,6,2,4
Hoouro,ysondre,192,priest,shadow,6,2,4
Siezlababo,blackrock,192,priest,shadow,6,2,4
Lugburzz,draenor,192,priest,shadow,6,2,4
Huyasy,argent-dawn,192,priest,shadow,6,2,4
Shalacho,blackrock,192,priest,shadow,6,2,4
Gidy,blackmoore,192,priest,shadow,6,2,4
Purplereign,stormscale,192,priest,shadow,6,2,4
Vengigodxx,ravencrest,192,priest,shadow,6,2,4
Rustyroll,stormscale,192,priest,shadow,6,2,4
Nõlîfer,archimonde,192,priest,shadow,6,2,4
Eavy,argent-dawn,192,priest,shadow,6,2,4
Jamii,kazzak,192,priest,shadow,6,2,4
Fèä,argent-dawn,192,priest,shadow,6,2,4
Storemanager,tarren-mill,192,priest,shadow,6,2,4
Bandgap,antonidas,192,priest,shadow,6,2,4
Abî,frostwolf,192,priest,shadow,6,2,4
Сеферота,howling-fjord,192,priest,shadow,6,2,4
Phobò,antonidas,192,priest,shadow,6,2,4
Daven,ysondre,192,priest,shadow,6,2,4
Дашажмитучу,howling-fjord,192,priest,shadow,6,2,4
Wasgehtjungs,blackrock,192,priest,shadow,6,2,4
Notdespo,kazzak,192,priest,shadow,6,2,4
Сорвиголов,howling-fjord,192,priest,shadow,6,2,4
Madclownz,blackrock,192,priest,shadow,6,2,4
Kiralinia,eredar,192,priest,shadow,6,2,4
Badhêalz,aegwynn,192,priest,shadow,6,2,4
Sadkitten,sylvanas,192,priest,shadow,7,2,5
Гундяй,soulflayer,192,priest,shadow,7,2,5
Indrades,blackmoore,192,priest,shadow,9,2,7
Бихар,gordunni,192,priest,shadow,10,2,8
Simpsmasher,kazzak,192,priest,shadow,11,2,9
Helerys,archimonde,192,priest,shadow,12,2,10
Nelpriest,hyjal,192,priest,shadow,12,2,10
Эйттёрналинь,fordragon,192,priest,shadow,12,2,10
Chibrausorus,archimonde,192,priest,shadow,12,2,10
Awcute,kazzak,192,priest,shadow,12,2,10
Harmónia,outland,192,priest,shadow,12,2,10
Господствуй,gordunni,192,priest,shadow,12,2,10
Marcianoroc,dalaran,192,priest,shadow,12,2,10
Painlêss,eredar,192,priest,shadow,12,2,10
Nefertum,alakir,192,priest,shadow,12,2,10
Tryagain,ravencrest,192,priest,shadow,12,2,10
Miniøndëëps,hyjal,192,priest,shadow,12,2,10
Lemalötz,silvermoon,192,priest,shadow,12,2,10
Hûndling,blackrock,192,priest,shadow,12,2,10
Noir,nemesis,192,priest,shadow,12,2,10
Poc,burning-legion,192,priest,shadow,12,2,10
Cypherz,kazzak,191,priest,shadow,12,2,10
Mephîsto,anubarak,159,priest,shadow,5,2,3
Girlidlion,twisting-nether,159,priest,shadow,5,2,3
Tabítha,blackrock,159,priest,shadow,5,2,3
Luziz,blackmoore,159,priest,shadow,5,2,3
Randdy,silvermoon,159,priest,shadow,11,2,9
Qku,ravencrest,144,priest,shadow,9,3,6
Slight,aggra-português,138,priest,shadow,10,3,7
Yukíø,antonidas,138,priest,shadow,10,3,7
Alswynn,draenor,138,priest,shadow,13,3,10
Onixa,tarren-mill,128,priest,shadow,4,2,2
Heeyø,drakthul,128,priest,shadow,4,2,2
Yologrumples,tarren-mill,128,priest,shadow,4,2,2
Tremblè,outland,121,priest,shadow,20,3,17
Shalvy,aegwynn,96,priest,shadow,3,2,1
Vampirski,kazzak,96,priest,shadow,3,2,1
Endlin,silvermoon,96,priest,shadow,6,1,5
Corefusion,blackrock,96,priest,shadow,6,1,5
Абсорбиболь,howling-fjord,96,priest,shadow,6,1,5
Nestélle,drakthul,96,priest,shadow,6,1,5
Мегаствол,howling-fjord,96,priest,shadow,6,1,5
Deicidex,blackrock,96,priest,shadow,6,1,5
Harrydøtter,ysondre,96,priest,shadow,6,1,5
Moondúst,blackmoore,96,priest,shadow,6,1,5
Râdouan,archimonde,96,priest,shadow,6,1,5
Soulmedic,draenor,96,priest,shadow,6,1,5
Kales,grim-batol,96,priest,shadow,6,1,5
Prostamolle,conseil-des-ombres,96,priest,shadow,6,1,5
Jakepriest,twisting-nether,96,priest,shadow,6,1,5
Ölümsüz,blackmoore,96,priest,shadow,6,1,5
Gisborn,laughing-skull,96,priest,shadow,6,1,5
Bij,outland,96,priest,shadow,6,1,5
Aerîs,veknilash,96,priest,shadow,6,1,5
Piarir,azjolnerub,96,priest,shadow,6,1,5
Nothanksman,haomarush,96,priest,shadow,6,1,5
Stola,archimonde,96,priest,shadow,6,1,5
Virulence,twisting-nether,96,priest,shadow,6,1,5
Lurxya,ysondre,96,priest,shadow,6,1,5
Gromalia,hyjal,96,priest,shadow,6,1,5
Whitezetsu,outland,96,priest,shadow,6,1,5
Drioz,ysondre,96,priest,shadow,6,1,5
Löô,archimonde,96,priest,shadow,6,1,5
Abudhabi,blackhand,96,priest,shadow,6,1,5
Disturbd,archimonde,96,priest,shadow,6,1,5
Uwucatgir,silvermoon,96,priest,shadow,6,1,5
Gobie,sunstrider,96,priest,shadow,6,1,5
Shonsized,argent-dawn,96,priest,shadow,6,1,5
Adlareg,silvermoon,96,priest,shadow,6,1,5
Zilania,ragnaros,96,priest,shadow,6,1,5
Elfouf,rashgarroth,96,priest,shadow,6,1,5
Kasáya,thrall,96,priest,shadow,6,1,5
Míllerzz,ragnaros,96,priest,shadow,6,1,5
Exila,rashgarroth,96,priest,shadow,6,1,5
Caliadan,kazzak,96,priest,shadow,6,1,5
Higgle,argent-dawn,96,priest,shadow,6,1,5
Sbubbi,ravencrest,96,priest,shadow,6,1,5
Spárrowhawk,silvermoon,96,priest,shadow,6,1,5
Cthuulu,tarren-mill,96,priest,shadow,6,1,5
Splís,ravencrest,96,priest,shadow,6,1,5
Чупатаявошь,soulflayer,96,priest,shadow,6,1,5
Rines,thrall,96,priest,shadow,6,1,5
Adev,drakthul,96,priest,shadow,6,1,5
Barbïelolz,sargeras,96,priest,shadow,6,1,5
Holytoad,ravencrest,96,priest,shadow,6,1,5
Асуартхас,gordunni,96,priest,shadow,6,1,5
Попячебрило,gordunni,96,priest,shadow,6,1,5
Jamioz,draenor,96,priest,shadow,6,1,5
Milfelina,ravencrest,96,priest,shadow,6,1,5
Ноубадди,howling-fjord,96,priest,shadow,6,1,5
Nérôck,frostwolf,96,priest,shadow,6,1,5
Serach,ravencrest,96,priest,shadow,6,1,5
Zodos,ravencrest,96,priest,shadow,6,1,5
Maddøc,die-aldor,96,priest,shadow,6,1,5
Катранасс,eversong,96,priest,shadow,6,1,5
Vtqt,outland,96,priest,shadow,6,1,5
Gríffin,anachronos,96,priest,shadow,6,1,5
Chimara,eredar,96,priest,shadow,6,1,5
Gæxelademad,draenor,96,priest,shadow,6,1,5
Learntohealz,outland,96,priest,shadow,6,1,5
Valfore,eldrethalas,96,priest,shadow,6,1,5
Izarath,outland,96,priest,shadow,6,1,5
Infâme,culte-de-la-rive-noire,96,priest,shadow,6,1,5
Scrotoepalle,nemesis,96,priest,shadow,6,1,5
Tinypump,silvermoon,96,priest,shadow,6,1,5
Aretiel,the-maelstrom,96,priest,shadow,6,1,5
Vexxdd,outland,96,priest,shadow,6,1,5
Daphne,thunderhorn,96,priest,shadow,6,1,5
Faol,the-venture-co,96,priest,shadow,6,1,5
Skitcy,ghostlands,96,priest,shadow,6,1,5
Rastuvius,twisting-nether,96,priest,shadow,6,1,5
Ghostroller,pozzo-delleternità,96,priest,shadow,6,1,5
Macroman,stormscale,96,priest,shadow,6,1,5
Oktavian,ysera,96,priest,shadow,6,1,5
Arliston,draenor,96,priest,shadow,6,1,5
Zukatana,tarren-mill,96,priest,shadow,6,1,5
Kianprie,silvermoon,96,priest,shadow,6,1,5
Koíré,defias-brotherhood,96,priest,shadow,6,1,5
Arvia,outland,96,priest,shadow,6,1,5
Winstõn,sanguino,96,priest,shadow,6,1,5
Gòldfinger,norgannon,96,priest,shadow,6,1,5
Baltrom,ravencrest,96,priest,shadow,6,1,5
Nitalima,outland,96,priest,shadow,6,1,5
Fictus,tarren-mill,96,priest,shadow,6,1,5
Rdot,dun-modr,96,priest,shadow,6,1,5
Fillî,antonidas,96,priest,shadow,6,1,5
Dörti,rajaxx,96,priest,shadow,6,1,5
Evilspook,silvermoon,96,priest,shadow,6,1,5
Bädx,silvermoon,96,priest,shadow,6,1,5
Jannire,dun-modr,96,priest,shadow,12,1,11
Kde,burning-legion,96,priest,shadow,12,1,11
Healshurts,kazzak,96,priest,shadow,12,1,11
Câtryona,sylvanas,96,priest,shadow,12,1,11
Tiras,argent-dawn,96,priest,shadow,12,1,11
Darknun,aggra-português,96,priest,shadow,12,1,11
Darkspeech,arygos,96,priest,shadow,12,1,11
Råin,draenor,96,priest,shadow,12,1,11
Néfarius,forscherliga,95,priest,shadow,3,2,1
Peesussy,kazzak,79,priest,shadow,5,1,4
Malorbian,blackhand,79,priest,shadow,5,1,4
Gandals,shadowsong,64,priest,shadow,4,1,3
Xharyo,ravencrest,64,priest,shadow,4,1,3
Bellumsana,frostmane,64,priest,shadow,10,1,9
Oscoolytb,archimonde,63,priest,shadow,2,2,0
Achesita,sylvanas,48,priest,shadow,3,1,2
Møldark,silvermoon,48,priest,shadow,3,1,2
Amáni,die-aldor,42,priest,shadow,6,2,4
Zikár,kazzak,42,priest,shadow,10,3,7
Psyp,kazzak,42,priest,shadow,8,2,6
Yshaarjy,silvermoon,42,priest,shadow,8,2,6
Dvy,azjolnerub,42,priest,shadow,9,2,7
Hayvo,blackmoore,42,priest,shadow,11,2,9
Holyhigh,baelgun,31,priest,shadow,2,1,1
Bloodanglee,outland,16,priest,shadow,1,1,0
Mjuk,tarren-mill,16,priest,shadow,1,1,0
Rãz,stormscale,2231,rogue,outlaw,120,62,58
Kreayx,ysondre,1929,rogue,outlaw,108,51,57
Kreay,ysondre,1921,rogue,outlaw,66,35,31
Zbojník,ravencrest,1837,rogue,outlaw,72,32,40
Rivso,auchindoun,1821,rogue,outlaw,64,26,38
Dêlaral,der-rat-von-dalaran,1814,rogue,outlaw,52,31,21
Drdaggerstwo,outland,1802,rogue,outlaw,44,26,18
Krixor,ravencrest,1801,rogue,outlaw,211,102,109
Макевин,gordunni,1786,rogue,outlaw,138,66,72
Kreay,tarren-mill,1745,rogue,outlaw,71,51,20
Kekuriix,vashj,1744,rogue,outlaw,154,77,77
Déjávu,ravencrest,1732,rogue,outlaw,60,32,28
Radiogodx,stormscale,1728,rogue,outlaw,181,91,90
Yessa,argent-dawn,1721,rogue,outlaw,36,18,18
Banaulikode,twisting-nether,1715,rogue,outlaw,66,34,32
Дизелюжн,howling-fjord,1708,rogue,outlaw,506,250,256
Фораст,gordunni,1668,rogue,outlaw,36,21,15
Koopa,argent-dawn,1668,rogue,outlaw,128,63,65
Феинт,galakrond,1654,rogue,outlaw,70,26,44
Ранконх,lich-king,1622,rogue,outlaw,83,36,47
Lidiaubaro,ravencrest,1614,rogue,outlaw,404,202,202
Jalsket,tarren-mill,1606,rogue,outlaw,54,27,27
Ålûñàhlulz,kilrogg,1604,rogue,outlaw,48,30,18
Izzmonab,blackmoore,1604,rogue,outlaw,36,21,15
Estriil,dalaran,1603,rogue,outlaw,42,24,18
Alizwood,aegwynn,1597,rogue,outlaw,60,34,26
Gerzy,drakthul,1596,rogue,outlaw,35,18,17
Bonelesschic,silvermoon,1582,rogue,outlaw,251,136,115
Syrn,ravencrest,1579,rogue,outlaw,78,38,40
Terya,ragnaros,1575,rogue,outlaw,122,59,63
Scotlander,argent-dawn,1569,rogue,outlaw,72,38,34
Delrøq,draenor,1545,rogue,outlaw,136,74,62
Bannedfrigid,outland,1528,rogue,outlaw,141,64,77
Зувер,blackscar,1523,rogue,outlaw,160,85,75
Flogue,area-52,1512,rogue,outlaw,36,19,17
Nèwt,aggramar,1489,rogue,outlaw,160,81,79
Åråmsëß,grim-batol,1487,rogue,outlaw,87,51,36
Deevoll,tarren-mill,1481,rogue,outlaw,102,45,57
Shinõbikék,outland,1478,rogue,outlaw,51,24,27
Sigleif,argent-dawn,1471,rogue,outlaw,111,57,54
Джулт,soulflayer,1448,rogue,outlaw,120,56,64
Loubina,silvermoon,1446,rogue,outlaw,36,16,20
Cipusan,kazzak,1443,rogue,outlaw,36,22,14
Veil,ravencrest,1433,rogue,outlaw,109,58,51
Xsanji,kazzak,1433,rogue,outlaw,48,22,26
Röguetönerö,dun-modr,1429,rogue,outlaw,77,28,49
Arathir,ravencrest,1422,rogue,outlaw,62,29,33
Johnnyblazex,azjolnerub,1413,rogue,outlaw,36,16,20
Chillo,ravencrest,1396,rogue,outlaw,101,45,56
Carvyn,defias-brotherhood,1380,rogue,outlaw,141,72,69
Akirã,blackmoore,1379,rogue,outlaw,76,33,43
Aurellix,argent-dawn,1371,rogue,outlaw,30,16,14
Kirby,kaelthas,1360,rogue,outlaw,66,30,36
Zerocell,kazzak,1354,rogue,outlaw,33,16,17
Ðaegr,ravencrest,1348,rogue,outlaw,104,55,49
Pistolpete,grim-batol,1343,rogue,outlaw,30,14,16
Callmerose,ravencrest,1334,rogue,outlaw,24,14,10
Dritzdourden,dun-modr,1333,rogue,outlaw,30,15,15
Zep,auchindoun,1332,rogue,outlaw,24,14,10
Murkyy,gilneas,1329,rogue,outlaw,32,16,16
Shredfngrz,garona,1326,rogue,outlaw,97,44,53
Djeud,archimonde,1325,rogue,outlaw,64,34,30
Tidløs,dun-morogh,1325,rogue,outlaw,77,33,44
Faoil,defias-brotherhood,1316,rogue,outlaw,52,25,27
Villainx,blackrock,1313,rogue,outlaw,30,14,16
Omgjkgtfo,ravencrest,1313,rogue,outlaw,48,22,26
Mol,defias-brotherhood,1311,rogue,outlaw,24,15,9
Pasarelo,dun-modr,1291,rogue,outlaw,83,39,44
Örog,hyjal,1288,rogue,outlaw,47,26,21
Rasponi,ragnaros,1279,rogue,outlaw,100,53,47
Jasolo,silvermoon,1269,rogue,outlaw,408,212,196
Маллестар,ashenvale,1261,rogue,outlaw,85,43,42
Mawrat,mazrigos,1248,rogue,outlaw,30,13,17
Dimmu,haomarush,1239,rogue,outlaw,141,67,74
Alena,arathi,1226,rogue,outlaw,54,32,22
Metabender,blackmoore,1225,rogue,outlaw,24,13,11
Sqz,archimonde,1222,rogue,outlaw,30,18,12
Zapunk,argent-dawn,1221,rogue,outlaw,59,22,37
Шторкаа,gordunni,1216,rogue,outlaw,45,25,20
Jinzou,blackmoore,1214,rogue,outlaw,75,39,36
Tîru,ravencrest,1209,rogue,outlaw,42,25,17
Weworog,drakthul,1198,rogue,outlaw,89,49,40
Vinziboo,hyjal,1191,rogue,outlaw,38,17,21
Velvíe,turalyon,1175,rogue,outlaw,36,19,17
Kussiee,chromaggus,1165,rogue,outlaw,59,26,33
Sneakysteve,bloodfeather,1152,rogue,outlaw,24,12,12
Miiløx,silvermoon,1146,rogue,outlaw,24,12,12
Drunks,aegwynn,1145,rogue,outlaw,50,20,30
Louisv,ravencrest,1137,rogue,outlaw,66,35,31
Thyrosi,shattered-halls,1133,rogue,outlaw,24,12,12
Pidroseus,argent-dawn,1133,rogue,outlaw,30,13,17
Badabôôm,wrathbringer,1130,rogue,outlaw,92,40,52
Mycki,voljin,1125,rogue,outlaw,36,16,20
Mirajen,archimonde,1080,rogue,outlaw,35,13,22
Lättja,hyjal,1060,rogue,outlaw,41,19,22
Alatheril,argent-dawn,1060,rogue,outlaw,89,40,49
Génn,silvermoon,1058,rogue,outlaw,62,30,32
Тимареканец,eversong,1048,rogue,outlaw,84,38,46
Bxtchslayer,blackmoore,1045,rogue,outlaw,71,39,32
Rã,archimonde,1039,rogue,outlaw,30,13,17
Svddendeath,ragnaros,1034,rogue,outlaw,24,11,13
Neolamer,pozzo-delleternità,1023,rogue,outlaw,136,66,70
Spiochrr,burning-legion,1020,rogue,outlaw,84,35,49
Haewhi,kazzak,1007,rogue,outlaw,54,20,34
Melahl,kazzak,967,rogue,outlaw,89,47,42
Soothinqq,emerald-dream,963,rogue,outlaw,23,15,8
Lïke,frostwolf,960,rogue,outlaw,18,10,8
Spiike,culte-de-la-rive-noire,959,rogue,outlaw,16,11,5
Foulsteel,stormscale,951,rogue,outlaw,18,10,8
Cigarette,emeriss,950,rogue,outlaw,18,10,8
Riviele,argent-dawn,913,rogue,outlaw,20,11,9
Masteez,ahnqiraj,897,rogue,outlaw,129,65,64
Omuspan,magtheridon,881,rogue,outlaw,66,28,38
Cornvus,burning-legion,867,rogue,outlaw,42,20,22
Rogiko,twisting-nether,864,rogue,outlaw,24,9,15
Yoghurtx,ravencrest,863,rogue,outlaw,12,9,3
Practicex,blackhand,863,rogue,outlaw,18,9,9
Backstabjr,blackmoore,863,rogue,outlaw,18,9,9
Knifeyknifey,ravencrest,862,rogue,outlaw,18,9,9
Жижель,howling-fjord,859,rogue,outlaw,18,9,9
Yoruichì,kazzak,853,rogue,outlaw,18,9,9
Tipok,tarren-mill,833,rogue,outlaw,39,13,26
Mcgora,doomhammer,822,rogue,outlaw,36,15,21
Kedrus,turalyon,812,rogue,outlaw,24,10,14
Фофламидзе,gordunni,802,rogue,outlaw,21,10,11
Blàckbèàrd,silvermoon,788,rogue,outlaw,42,17,25
Bikrut,hyjal,768,rogue,outlaw,12,8,4
Vokhun,outland,768,rogue,outlaw,18,8,10
Swaeard,ravencrest,767,rogue,outlaw,18,8,10
Gotfrey,darkspear,762,rogue,outlaw,18,8,10
Okani,hyjal,761,rogue,outlaw,18,8,10
Dredge,kaelthas,761,rogue,outlaw,24,8,16
Oriaxx,ragnaros,756,rogue,outlaw,15,9,6
Hânnäh,hyjal,756,rogue,outlaw,48,20,28
Shichi,archimonde,751,rogue,outlaw,23,8,15
Viligar,kazzak,687,rogue,outlaw,21,8,13
Shåggy,vashj,672,rogue,outlaw,12,7,5
Dían,ravencrest,672,rogue,outlaw,12,7,5
Kidneyou,ragnaros,672,rogue,outlaw,18,7,11
Afareo,ragnaros,671,rogue,outlaw,18,7,11
Trixnaz,silvermoon,671,rogue,outlaw,18,7,11
Skygann,burning-legion,670,rogue,outlaw,12,7,5
Redfinshadow,stormrage,661,rogue,outlaw,17,8,9
Shåð,zuljin,576,rogue,outlaw,12,6,6
Оа,soulflayer,576,rogue,outlaw,18,6,12
Noodlegoose,tarren-mill,575,rogue,outlaw,12,6,6
Anom,kargath,575,rogue,outlaw,12,6,6
Ружнуар,gordunni,575,rogue,outlaw,18,6,12
Кингксу,gordunni,575,rogue,outlaw,24,6,18
Слишкомданя,galakrond,574,rogue,outlaw,18,6,12
Odingg,dun-modr,573,rogue,outlaw,18,6,12
Helax,turalyon,569,rogue,outlaw,24,6,18
Aaronblade,aggra-português,557,rogue,outlaw,18,6,12
Biefstuk,burning-blade,556,rogue,outlaw,30,6,24
Gloomykenny,tarren-mill,543,rogue,outlaw,17,6,11
Геопанк,howling-fjord,528,rogue,outlaw,15,7,8
Barisso,burning-legion,511,rogue,outlaw,14,6,8
Zômbiê,blackrock,491,rogue,outlaw,13,6,7
Акаарикс,gordunni,480,rogue,outlaw,6,5,1
Tåxic,sylvanas,480,rogue,outlaw,6,5,1
Evit,frostwolf,480,rogue,outlaw,12,5,7
Fivepoint,blackmoore,480,rogue,outlaw,12,5,7
Featfawkes,ragnaros,480,rogue,outlaw,12,5,7
Cox,nagrand,480,rogue,outlaw,12,5,7
Coolbassoff,kazzak,480,rogue,outlaw,18,5,13
Vyze,blackmoore,480,rogue,outlaw,18,5,13
Ладжо,gordunni,480,rogue,outlaw,18,5,13
Nocrath,blades-edge,479,rogue,outlaw,12,5,7
Toxîne,archimonde,479,rogue,outlaw,12,5,7
Rujo,magtheridon,479,rogue,outlaw,12,5,7
Djsapblindx,archimonde,479,rogue,outlaw,18,5,13
Hosenpinkler,lordaeron,478,rogue,outlaw,12,5,7
Feucht,argent-dawn,472,rogue,outlaw,36,5,31
Razaah,ravencrest,431,rogue,outlaw,11,5,6
Аквик,howling-fjord,384,rogue,outlaw,6,4,2
Darkchomeur,archimonde,384,rogue,outlaw,6,4,2
Yoyoei,blackmoore,384,rogue,outlaw,6,4,2
Machmacan,thrall,384,rogue,outlaw,12,4,8
Synexo,sylvanas,384,rogue,outlaw,12,4,8
Кортикос,gordunni,384,rogue,outlaw,12,4,8
Nhea,twisting-nether,384,rogue,outlaw,12,4,8
Anokir,sylvanas,384,rogue,outlaw,18,4,14
Minimælk,saurfang,383,rogue,outlaw,6,4,2
Mïta,blackmoore,383,rogue,outlaw,6,4,2
Groendienst,quelthalas,381,rogue,outlaw,12,4,8
Matheeus,hyjal,379,rogue,outlaw,12,4,8
Trímønâ,gorgonnash,351,rogue,outlaw,11,4,7
Zyreanxy,blackrock,330,rogue,outlaw,16,5,11
Kodlak,silvermoon,288,rogue,outlaw,6,3,3
Kuribo,gorgonnash,288,rogue,outlaw,6,3,3
Rouge,der-rat-von-dalaran,288,rogue,outlaw,6,3,3
Shadxwstep,ravencrest,288,rogue,outlaw,6,3,3
Coldsummer,drakthul,288,rogue,outlaw,6,3,3
Играючестно,howling-fjord,288,rogue,outlaw,6,3,3
Onlyluvhurt,dun-modr,288,rogue,outlaw,6,3,3
Daraco,hyjal,288,rogue,outlaw,12,3,9
Xaen,hellscream,288,rogue,outlaw,12,3,9
Finisher,sanguino,288,rogue,outlaw,12,3,9
Cobaka,blackrock,288,rogue,outlaw,12,3,9
Szpachela,burning-legion,288,rogue,outlaw,12,3,9
Marrit,die-aldor,288,rogue,outlaw,12,3,9
Heulleise,die-ewige-wacht,288,rogue,outlaw,12,3,9
Ванэйти,gordunni,287,rogue,outlaw,6,3,3
Blackmetall,aegwynn,286,rogue,outlaw,12,3,9
Ceule,sanguino,255,rogue,outlaw,11,3,8
Сереф,gordunni,239,rogue,outlaw,11,3,8
Cardsharkjoe,argent-dawn,223,rogue,outlaw,14,3,11
Zind,dalaran,192,rogue,outlaw,6,2,4
Lefthook,argent-dawn,192,rogue,outlaw,6,2,4
Invisage,grim-batol,192,rogue,outlaw,6,2,4
Оргельна,gordunni,192,rogue,outlaw,6,2,4
Stunlock,silvermoon,192,rogue,outlaw,6,2,4
Paralisis,zuljin,192,rogue,outlaw,6,2,4
Salakelmi,sylvanas,192,rogue,outlaw,6,2,4
Rotbite,defias-brotherhood,192,rogue,outlaw,6,2,4
Dawnsaber,argent-dawn,192,rogue,outlaw,6,2,4
Nomota,sanguino,192,rogue,outlaw,6,2,4
Nyxal,argent-dawn,192,rogue,outlaw,6,2,4
Cheapshotwin,nethersturm,192,rogue,outlaw,6,2,4
Израф,lich-king,192,rogue,outlaw,6,2,4
Therazer,burning-legion,192,rogue,outlaw,6,2,4
Zyhmø,archimonde,192,rogue,outlaw,6,2,4
Rashaz,blackhand,192,rogue,outlaw,6,2,4
Angelbeats,outland,192,rogue,outlaw,6,2,4
Berneo,burning-legion,192,rogue,outlaw,6,2,4
Snøv,outland,192,rogue,outlaw,6,2,4
Zlash,doomhammer,192,rogue,outlaw,6,2,4
Daelilthron,blackmoore,192,rogue,outlaw,12,2,10
Alvoriace,hyjal,192,rogue,outlaw,12,2,10
Stabkanta,antonidas,192,rogue,outlaw,12,2,10
Nasíapamatar,colinas-pardas,192,rogue,outlaw,13,2,11
Kausa,dun-modr,191,rogue,outlaw,6,2,4
Valtesse,medivh,159,rogue,outlaw,5,2,3
Piperx,ravencrest,159,rogue,outlaw,11,2,9
Ñøway,archimonde,96,rogue,outlaw,3,2,1
Sneekster,ravencrest,96,rogue,outlaw,6,1,5
Ninjaops,ravencrest,96,rogue,outlaw,6,1,5
Аутянин,soulflayer,96,rogue,outlaw,6,1,5
Akira,outland,96,rogue,outlaw,6,1,5
Yüm,burning-blade,96,rogue,outlaw,6,1,5
Ciaordel,sylvanas,96,rogue,outlaw,6,1,5
Хайденстрайк,gordunni,96,rogue,outlaw,6,1,5
Mallaurya,dalaran,96,rogue,outlaw,6,1,5
Natillaa,dun-modr,96,rogue,outlaw,6,1,5
Леронда,deepholm,96,rogue,outlaw,6,1,5
Sty,aerie-peak,96,rogue,outlaw,6,1,5
Øníxßtw,eitrigg,96,rogue,outlaw,6,1,5
Ótsutsukí,kazzak,96,rogue,outlaw,6,1,5
Stepx,uldaman,96,rogue,outlaw,6,1,5
Vaze,ravencrest,96,rogue,outlaw,6,1,5
Goodwin,sanguino,96,rogue,outlaw,7,1,6
Jester,bladefist,96,rogue,outlaw,12,1,11
Tiltman,dun-morogh,79,rogue,outlaw,5,1,4
Maieva,frostmane,64,rogue,outlaw,4,1,3
Skeevy,stormscale,63,rogue,outlaw,2,2,0
Nabatean,magtheridon,48,rogue,outlaw,3,1,2
Getbleeded,stormscale,31,rogue,outlaw,2,1,1
Хасби,grom,16,rogue,outlaw,1,1,0
Rãz,stormscale,2428,rogue,subtlety,135,84,51
Howton,archimonde,2424,rogue,subtlety,86,57,29
Ncroxd,ravencrest,2410,rogue,subtlety,120,84,36
Pridå,thrall,2380,rogue,subtlety,126,73,53
Shoxy,ravencrest,2361,rogue,subtlety,106,63,43
Lollelt,ravencrest,2335,rogue,subtlety,122,85,37
Nàsklolz,hyjal,2325,rogue,subtlety,236,128,108
Ncrø,aszune,2313,rogue,subtlety,181,104,77
Whaazlysnipz,tarren-mill,2261,rogue,subtlety,60,40,20
Naláa,ravencrest,2232,rogue,subtlety,230,123,107
Sunø,archimonde,2221,rogue,subtlety,270,139,131
Pridå,ravencrest,2219,rogue,subtlety,136,71,65
Sapécomejaja,archimonde,2218,rogue,subtlety,62,41,21
Loznah,outland,2209,rogue,subtlety,96,52,44
Cazzette,ravencrest,2204,rogue,subtlety,81,48,33
Smøkyyx,eredar,2196,rogue,subtlety,153,82,71
Vulkos,lightbringer,2195,rogue,subtlety,153,82,71
Asumah,ravencrest,2174,rogue,subtlety,138,79,59
Pulvèr,dalaran,2173,rogue,subtlety,102,58,44
Aythusha,twisting-nether,2172,rogue,subtlety,210,111,99
Troxerboxer,tarren-mill,2165,rogue,subtlety,78,43,35
Ewynarog,silvermoon,2162,rogue,subtlety,71,39,32
Brensø,nemesis,2152,rogue,subtlety,201,122,79
Nothingleft,draenor,2137,rogue,subtlety,197,111,86
Critmakër,outland,2135,rogue,subtlety,160,93,67
Zuqzwang,outland,2132,rogue,subtlety,84,51,33
Лолелт,borean-tundra,2131,rogue,subtlety,104,53,51
Çvß,kazzak,2130,rogue,subtlety,107,57,50
Elnyasha,ravencrest,2129,rogue,subtlety,87,46,41
Wítchblades,ravencrest,2127,rogue,subtlety,48,41,7
Пожилойпупь,gordunni,2122,rogue,subtlety,65,42,23
Máül,ravencrest,2122,rogue,subtlety,85,47,38
Lkzx,archimonde,2121,rogue,subtlety,323,163,160
Magepèt,tarren-mill,2118,rogue,subtlety,184,106,78
Lfgenjoyer,tarren-mill,2114,rogue,subtlety,126,77,49
Социалистсс,gordunni,2114,rogue,subtlety,145,84,61
Denjinx,culte-de-la-rive-noire,2107,rogue,subtlety,78,43,35
Løre,blackrock,2105,rogue,subtlety,138,72,66
Iqws,ravencrest,2104,rogue,subtlety,108,61,47
Nasklagattv,hyjal,2102,rogue,subtlety,84,42,42
Rímen,archimonde,2101,rogue,subtlety,95,48,47
Эмилилавс,galakrond,2100,rogue,subtlety,224,131,93
Babøønx,burning-legion,2100,rogue,subtlety,96,54,42
Stealthi,stormscale,2093,rogue,subtlety,107,53,54
Лолелт,howling-fjord,2074,rogue,subtlety,89,51,38
Makethemrog,archimonde,2066,rogue,subtlety,238,120,118
Chatdisabled,drakthul,2056,rogue,subtlety,321,166,155
Xìaó,kazzak,2053,rogue,subtlety,90,57,33
Plebxar,arathor,2052,rogue,subtlety,83,46,37
Làekz,archimonde,2043,rogue,subtlety,87,42,45
Xiro,dalaran,2041,rogue,subtlety,172,91,81
Baboonx,burning-legion,2035,rogue,subtlety,174,97,77
Badmy,stormscale,2030,rogue,subtlety,66,34,32
Lilbubblegum,emerald-dream,2029,rogue,subtlety,167,88,79
Tracersxrude,ravencrest,2029,rogue,subtlety,317,158,159
Physic,silvermoon,2027,rogue,subtlety,122,69,53
Asm,the-maelstrom,2025,rogue,subtlety,142,70,72
Xyúmopjoßblú,ravencrest,2021,rogue,subtlety,78,40,38
Nahj,ravencrest,2012,rogue,subtlety,60,38,22
Anr,burning-legion,2012,rogue,subtlety,166,98,68
Naiikaii,antonidas,1993,rogue,subtlety,77,41,36
Terrorman,ravencrest,1988,rogue,subtlety,72,42,30
Brunhityx,ravencrest,1973,rogue,subtlety,44,29,15
Rinj,antonidas,1969,rogue,subtlety,184,100,84
Флексити,soulflayer,1968,rogue,subtlety,144,75,69
Lówskill,outland,1967,rogue,subtlety,259,137,122
Престиж,greymane,1966,rogue,subtlety,54,29,25
Ålleyézonme,ravencrest,1963,rogue,subtlety,487,245,242
Guççí,blackrock,1960,rogue,subtlety,161,87,74
Änanké,outland,1960,rogue,subtlety,125,64,61
Máuul,ravencrest,1956,rogue,subtlety,78,36,42
Clawdíte,blackrock,1951,rogue,subtlety,72,35,37
Chatbann,blackrock,1950,rogue,subtlety,345,185,160
Calestrian,tarren-mill,1950,rogue,subtlety,198,106,92
Vensq,drakthul,1950,rogue,subtlety,137,71,66
Phøñkðånçér,ravencrest,1948,rogue,subtlety,76,37,39
Rmp,khaz-modan,1947,rogue,subtlety,96,48,48
Såj,tarren-mill,1946,rogue,subtlety,54,29,25
Subzerõ,archimonde,1936,rogue,subtlety,452,222,230
Rnghero,blackmoore,1935,rogue,subtlety,60,25,35
Çhimaev,ravencrest,1934,rogue,subtlety,46,29,17
Kallelelel,tarren-mill,1933,rogue,subtlety,42,26,16
Смертьвсмоке,gordunni,1923,rogue,subtlety,296,145,151
Kénzos,silvermoon,1921,rogue,subtlety,69,35,34
Drydamage,kazzak,1920,rogue,subtlety,167,86,81
Shadezlöl,ravencrest,1920,rogue,subtlety,298,152,146
Nøctürnë,archimonde,1919,rogue,subtlety,48,32,16
Unìque,sylvanas,1918,rogue,subtlety,96,51,45
Dfagódx,outland,1917,rogue,subtlety,165,95,70
Radiogodx,stormscale,1909,rogue,subtlety,118,63,55
Çåñçér,sylvanas,1907,rogue,subtlety,114,56,58
Meowkek,kazzak,1903,rogue,subtlety,411,210,201
Waluuz,silvermoon,1903,rogue,subtlety,91,46,45
Тохуо,lich-king,1894,rogue,subtlety,60,32,28
Illmatíc,ravencrest,1892,rogue,subtlety,62,32,30
Xzr,stormscale,1891,rogue,subtlety,82,57,25
Иждолк,gordunni,1887,rogue,subtlety,270,143,127
Røper,blackmoore,1882,rogue,subtlety,60,28,32
Keeke,outland,1881,rogue,subtlety,46,35,11
Knoffchad,blackhand,1881,rogue,subtlety,265,143,122
Лайнэл,deathweaver,1878,rogue,subtlety,127,73,54
Amén,sanguino,1876,rogue,subtlety,102,49,53
Sâybyëbæ,dun-modr,1875,rogue,subtlety,143,82,61
Dópamine,hyjal,1870,rogue,subtlety,184,102,82
Plsðõntcry,ravencrest,1869,rogue,subtlety,241,133,108
Sunøbrain,archimonde,1861,rogue,subtlety,58,31,27
Denjastwo,archimonde,1860,rogue,subtlety,42,29,13
Liquidité,azuremyst,1860,rogue,subtlety,236,128,108
Gløøm,ravencrest,1857,rogue,subtlety,80,40,40
Abej,malygos,1856,rogue,subtlety,66,33,33
Denjas,archimonde,1855,rogue,subtlety,67,34,33
Âkame,argent-dawn,1853,rogue,subtlety,59,32,27
Мейсадисс,gordunni,1853,rogue,subtlety,72,33,39
Buffassa,ravencrest,1852,rogue,subtlety,108,61,47
Cortzy,stormscale,1852,rogue,subtlety,114,58,56
Teskes,tyrande,1851,rogue,subtlety,132,73,59
Нойсеен,gordunni,1849,rogue,subtlety,54,32,22
Rindar,dun-modr,1849,rogue,subtlety,465,245,220
Leanadle,hyjal,1848,rogue,subtlety,70,44,26
Sodarogue,blackrock,1847,rogue,subtlety,68,38,30
Zerotyluv,silvermoon,1846,rogue,subtlety,48,34,14
Kickcake,ravencrest,1846,rogue,subtlety,156,88,68
Slapshot,das-konsortium,1845,rogue,subtlety,54,28,26
Smílèy,ravencrest,1844,rogue,subtlety,66,32,34
Xdd,frostmane,1842,rogue,subtlety,103,55,48
Deevoll,tarren-mill,1841,rogue,subtlety,199,111,88
Krida,archimonde,1841,rogue,subtlety,102,54,48
Lilaven,turalyon,1841,rogue,subtlety,156,80,76
Deadraw,aegwynn,1840,rogue,subtlety,84,45,39
Moroz,ravencrest,1840,rogue,subtlety,170,89,81
Susquehanna,ragnaros,1838,rogue,subtlety,198,107,91
Avidance,wrathbringer,1837,rogue,subtlety,42,23,19
Whøråcle,tarren-mill,1837,rogue,subtlety,201,104,97
Ладжо,gordunni,1837,rogue,subtlety,216,109,107
Párbajkároj,ragnaros,1837,rogue,subtlety,65,31,34
Fîññ,ravencrest,1835,rogue,subtlety,132,64,68
Cheapshotwin,nethersturm,1831,rogue,subtlety,88,50,38
Bleakhøuse,ravencrest,1829,rogue,subtlety,58,29,29
Izzyb,auchindoun,1828,rogue,subtlety,76,44,32
Dêlaral,der-mithrilorden,1828,rogue,subtlety,72,36,36
Lízåriñ,ravencrest,1827,rogue,subtlety,48,38,10
Slimshadyqt,terokkar,1825,rogue,subtlety,95,55,40
Chizué,sylvanas,1824,rogue,subtlety,54,34,20
Fatnutsac,eredar,1823,rogue,subtlety,48,29,19
Asterisyup,silvermoon,1823,rogue,subtlety,119,67,52
Noraex,silvermoon,1822,rogue,subtlety,81,47,34
Погибайдуде,gordunni,1821,rogue,subtlety,41,34,7
Nippzy,twisting-nether,1821,rogue,subtlety,239,140,99
Sbx,alakir,1820,rogue,subtlety,188,102,86
Râpidø,elune,1819,rogue,subtlety,185,93,92
Rmp,outland,1818,rogue,subtlety,30,19,11
Ålùnæh,azjolnerub,1816,rogue,subtlety,66,41,25
Holaszemed,ragnaros,1816,rogue,subtlety,183,96,87
Mâêl,blackmoore,1815,rogue,subtlety,245,130,115
Fibpatrool,ravencrest,1814,rogue,subtlety,119,68,51
Kekful,defias-brotherhood,1811,rogue,subtlety,36,26,10
Keophz,tarren-mill,1811,rogue,subtlety,152,96,56
Ipøuli,quelthalas,1811,rogue,subtlety,54,29,25
Salakelmi,sylvanas,1810,rogue,subtlety,96,56,40
Venom,stormscale,1809,rogue,subtlety,90,48,42
Randomidiot,ravencrest,1809,rogue,subtlety,126,66,60
Azziinoth,ragnaros,1809,rogue,subtlety,80,39,41
Keeganx,tarren-mill,1808,rogue,subtlety,71,39,32
Mortecieca,ravencrest,1807,rogue,subtlety,54,26,28
Ënd,ravencrest,1806,rogue,subtlety,42,21,21
Sfyr,ysondre,1805,rogue,subtlety,190,102,88
Azirios,kazzak,1805,rogue,subtlety,233,124,109
Ooqu,silvermoon,1804,rogue,subtlety,30,23,7
Læffgøðx,stormscale,1804,rogue,subtlety,63,38,25
Морхалл,gordunni,1804,rogue,subtlety,114,63,51
Rhayesh,silvermoon,1804,rogue,subtlety,136,70,66
Noxxy,archimonde,1803,rogue,subtlety,121,66,55
Monero,thrall,1802,rogue,subtlety,121,75,46
Knutten,wildhammer,1802,rogue,subtlety,123,72,51
Slonerbrah,ravencrest,1802,rogue,subtlety,54,31,23
Killvision,kul-tiras,1801,rogue,subtlety,90,53,37
Bruckmann,ragnaros,1801,rogue,subtlety,118,60,58
Releaserage,draenor,1800,rogue,subtlety,49,26,23
Insomnla,silvermoon,1796,rogue,subtlety,126,67,59
Namelless,twisting-nether,1796,rogue,subtlety,213,111,102
Crøweta,argent-dawn,1796,rogue,subtlety,84,42,42
Åluñahtøpg,azjolnerub,1794,rogue,subtlety,150,78,72
Lânnïster,kazzak,1792,rogue,subtlety,156,82,74
Nyzx,blackhand,1789,rogue,subtlety,57,37,20
Dødgez,cthun,1786,rogue,subtlety,58,34,24
Stonyhavana,ravencrest,1785,rogue,subtlety,84,49,35
Nevolav,turalyon,1783,rogue,subtlety,54,35,19
Màrto,archimonde,1783,rogue,subtlety,113,69,44
Márto,archimonde,1782,rogue,subtlety,232,124,108
Läêkz,archimonde,1779,rogue,subtlety,48,21,27
Deadlybrew,twisting-nether,1775,rogue,subtlety,64,36,28
Dancex,kazzak,1774,rogue,subtlety,120,72,48
Sábros,ravencrest,1774,rogue,subtlety,180,89,91
Bursthilde,blackmoore,1772,rogue,subtlety,117,68,49
Ratirl,kult-der-verdammten,1771,rogue,subtlety,93,57,36
Critys,drakthul,1770,rogue,subtlety,36,21,15
Wrathlolz,terokkar,1770,rogue,subtlety,93,53,40
Nightnelly,archimonde,1764,rogue,subtlety,45,30,15
Бладстейн,blackscar,1762,rogue,subtlety,238,127,111
Saanka,eredar,1759,rogue,subtlety,56,28,28
Akwaaba,ravencrest,1757,rogue,subtlety,177,95,82
Jljr,twisting-nether,1757,rogue,subtlety,66,33,33
Sapco,ravencrest,1754,rogue,subtlety,54,29,25
Dàgé,twisting-nether,1752,rogue,subtlety,156,92,64
Sÿkz,hyjal,1751,rogue,subtlety,89,47,42
Memphismp,drakthul,1750,rogue,subtlety,41,23,18
Scørp,ravencrest,1750,rogue,subtlety,40,21,19
Dìsørderx,ravencrest,1748,rogue,subtlety,124,70,54
Trîçk,aegwynn,1747,rogue,subtlety,78,43,35
Naïmitsu,hyjal,1747,rogue,subtlety,132,69,63
Kenjí,silvermoon,1747,rogue,subtlety,273,137,136
Bahi,ysondre,1746,rogue,subtlety,211,112,99
Byebyé,ravencrest,1744,rogue,subtlety,133,69,64
Кишмякх,howling-fjord,1743,rogue,subtlety,162,74,88
Xoxoxoxoxoxö,archimonde,1741,rogue,subtlety,79,41,38
Инфера,lich-king,1741,rogue,subtlety,72,33,39
Сильфитт,gordunni,1739,rogue,subtlety,110,55,55
Путьказаха,gordunni,1737,rogue,subtlety,60,34,26
Dancebar,silvermoon,1737,rogue,subtlety,207,103,104
Zzemzza,kazzak,1736,rogue,subtlety,95,53,42
Tïnderhoe,dalaran,1735,rogue,subtlety,35,27,8
Cheapshôt,archimonde,1735,rogue,subtlety,184,100,84
Jáckz,twisting-nether,1734,rogue,subtlety,74,41,33
Sly,emerald-dream,1732,rogue,subtlety,84,43,41
Getschwîfty,ravencrest,1731,rogue,subtlety,57,34,23
Rlwlwlwrogue,twisting-nether,1731,rogue,subtlety,85,50,35
Skimpy,stormscale,1731,rogue,subtlety,65,38,27
Sêrgi,minahonda,1731,rogue,subtlety,48,28,20
Hidéfromnooß,twisting-nether,1730,rogue,subtlety,96,50,46
Ccedox,stormscale,1729,rogue,subtlety,30,20,10
Starfighter,pozzo-delleternità,1728,rogue,subtlety,192,102,90
Featfawkes,ragnaros,1728,rogue,subtlety,110,55,55
Johnnyprep,ravencrest,1726,rogue,subtlety,95,59,36
Pavlo,nathrezim,1726,rogue,subtlety,73,32,41
Malasap,archimonde,1724,rogue,subtlety,542,275,267
Snøv,outland,1723,rogue,subtlety,130,72,58
Киу,howling-fjord,1723,rogue,subtlety,90,46,44
Tanssy,ragnaros,1722,rogue,subtlety,74,44,30
Yumiee,arygos,1722,rogue,subtlety,278,144,134
Stråwberrý,archimonde,1722,rogue,subtlety,63,30,33
Хавиа,gordunni,1721,rogue,subtlety,71,44,27
Locgog,argent-dawn,1720,rogue,subtlety,102,56,46
Sombredagues,ysondre,1716,rogue,subtlety,233,125,108
Dáydreamín,draenor,1715,rogue,subtlety,36,18,18
Эдкенуэй,gordunni,1714,rogue,subtlety,168,98,70
Asukabed,ravencrest,1713,rogue,subtlety,30,18,12
Quq,kazzak,1712,rogue,subtlety,232,128,104
Nephology,ravencrest,1712,rogue,subtlety,48,23,25
Nerfalliance,ravencrest,1709,rogue,subtlety,48,27,21
Exiv,ragnaros,1709,rogue,subtlety,110,54,56
Ziqqi,thrall,1708,rogue,subtlety,120,64,56
Saptrinket,stormscale,1707,rogue,subtlety,445,222,223
Rîzer,ravencrest,1707,rogue,subtlety,60,29,31
Axroa,blackmoore,1707,rogue,subtlety,54,22,32
Kleptomancy,sylvanas,1702,rogue,subtlety,42,26,16
Botsrogue,kazzak,1702,rogue,subtlety,30,18,12
Элисандресса,gordunni,1702,rogue,subtlety,60,32,28
Eltitoedu,dun-modr,1700,rogue,subtlety,54,26,28
Architeggt,eredar,1700,rogue,subtlety,102,47,55
Whoton,archimonde,1699,rogue,subtlety,40,24,16
Bizzarerogue,tarren-mill,1698,rogue,subtlety,54,32,22
Dagyhy,the-maelstrom,1697,rogue,subtlety,48,21,27
Nitelite,outland,1696,rogue,subtlety,60,30,30
Notôríous,ravencrest,1695,rogue,subtlety,60,33,27
Machmacan,thrall,1693,rogue,subtlety,125,67,58
Øptì,ravencrest,1693,rogue,subtlety,47,22,25
Кишмякх,gordunni,1691,rogue,subtlety,75,42,33
Rantie,eredar,1690,rogue,subtlety,42,23,19
Whîspyr,blackmoore,1689,rogue,subtlety,54,28,26
Ámbush,sylvanas,1689,rogue,subtlety,147,74,73
Meccura,silvermoon,1687,rogue,subtlety,153,86,67
Nihilix,dalaran,1687,rogue,subtlety,197,101,96
Fawkkes,la-croisade-écarlate,1686,rogue,subtlety,65,39,26
Bumaqt,silvermoon,1686,rogue,subtlety,48,28,20
Insidióus,sylvanas,1686,rogue,subtlety,120,63,57
Strangeboy,ravencrest,1685,rogue,subtlety,30,19,11
Роземсти,gordunni,1685,rogue,subtlety,210,105,105
Xyzonk,kazzak,1684,rogue,subtlety,36,18,18
Mfx,arathi,1681,rogue,subtlety,49,33,16
Рели,blackscar,1681,rogue,subtlety,78,39,39
Simsub,tarren-mill,1681,rogue,subtlety,42,19,23
Zayøn,outland,1680,rogue,subtlety,60,33,27
Røgger,ragnaros,1677,rogue,subtlety,190,94,96
Sariena,sylvanas,1676,rogue,subtlety,280,140,140
Shivx,tarren-mill,1675,rogue,subtlety,192,98,94
Inyria,outland,1674,rogue,subtlety,265,143,122
Søllek,culte-de-la-rive-noire,1674,rogue,subtlety,74,36,38
Whiteløtûs,dun-modr,1671,rogue,subtlety,42,19,23
Ropedrink,stormscale,1670,rogue,subtlety,39,26,13
Exi,elune,1670,rogue,subtlety,62,26,36
Kasualasf,stormscale,1668,rogue,subtlety,37,22,15
Misttrogue,hyjal,1668,rogue,subtlety,48,26,22
Воронкхал,ashenvale,1668,rogue,subtlety,60,29,31
Oczku,burning-legion,1666,rogue,subtlety,36,20,16
Ccedolol,stormscale,1666,rogue,subtlety,71,38,33
Thirdrogue,blackhand,1663,rogue,subtlety,36,25,11
Grifika,outland,1663,rogue,subtlety,111,66,45
Sinterklaas,earthen-ring,1661,rogue,subtlety,54,33,21
Lotorr,burning-legion,1657,rogue,subtlety,144,75,69
Jussylol,stormscale,1656,rogue,subtlety,45,27,18
Rakzena,ravencrest,1655,rogue,subtlety,60,33,27
Rylie,garona,1655,rogue,subtlety,134,64,70
Хасилей,booty-bay,1652,rogue,subtlety,134,70,64
Subsònik,tarren-mill,1650,rogue,subtlety,76,43,33
Gøldzahn,antonidas,1650,rogue,subtlety,88,46,42
Bloodsmell,outland,1648,rogue,subtlety,195,109,86
Served,twisting-nether,1647,rogue,subtlety,34,20,14
Handuil,blackmoore,1647,rogue,subtlety,205,108,97
Ryvz,ravencrest,1646,rogue,subtlety,83,41,42
Hoodrogue,blackrock,1645,rogue,subtlety,98,56,42
Villain,aegwynn,1645,rogue,subtlety,41,21,20
Omeger,thrall,1645,rogue,subtlety,47,21,26
Miiløx,silvermoon,1644,rogue,subtlety,125,65,60
Clickbaitx,blackmoore,1644,rogue,subtlety,186,87,99
Imaginesub,blackmoore,1643,rogue,subtlety,38,27,11
Txm,argent-dawn,1643,rogue,subtlety,42,22,20
Cucumber,laughing-skull,1642,rogue,subtlety,36,20,16
Pheq,ravencrest,1642,rogue,subtlety,162,82,80
Alexandra,kazzak,1642,rogue,subtlety,171,86,85
Ripuli,alakir,1640,rogue,subtlety,36,21,15
Ванэйти,gordunni,1640,rogue,subtlety,429,225,204
Vennomous,darkspear,1639,rogue,subtlety,58,38,20
Augustina,draenor,1639,rogue,subtlety,96,51,45
Форсгодх,gordunni,1639,rogue,subtlety,83,37,46
Xzo,stormscale,1637,rogue,subtlety,25,21,4
Vâleera,kazzak,1637,rogue,subtlety,36,18,18
Gamezcorex,aegwynn,1636,rogue,subtlety,144,78,66
Dawnsaber,argent-dawn,1635,rogue,subtlety,54,31,23
Zourkan,archimonde,1635,rogue,subtlety,551,296,255
Momíne,stormscale,1635,rogue,subtlety,41,18,23
Lhitriân,saurfang,1633,rogue,subtlety,115,55,60
Grzech,burning-legion,1630,rogue,subtlety,193,102,91
Doritomix,dun-modr,1628,rogue,subtlety,50,29,21
Mns,drakthul,1627,rogue,subtlety,68,38,30
Ömme,archimonde,1627,rogue,subtlety,148,82,66
Jeruna,veklor,1626,rogue,subtlety,38,21,17
Ennvi,defias-brotherhood,1626,rogue,subtlety,114,56,58
Fivepoint,blackmoore,1625,rogue,subtlety,42,25,17
Shoamunj,archimonde,1625,rogue,subtlety,36,21,15
Pcessleia,twisting-nether,1622,rogue,subtlety,30,17,13
Tazzae,draenor,1621,rogue,subtlety,87,46,41
Ramses,onyxia,1619,rogue,subtlety,120,60,60
Ibizå,ravencrest,1618,rogue,subtlety,112,61,51
Kãlí,blackmoore,1618,rogue,subtlety,330,172,158
Filiduttpvp,ravencrest,1617,rogue,subtlety,60,39,21
Энтерсэндман,blackscar,1617,rogue,subtlety,35,20,15
Shadowprank,ravencrest,1617,rogue,subtlety,87,45,42
Stormhardt,stormscale,1616,rogue,subtlety,51,21,30
Сармонн,howling-fjord,1615,rogue,subtlety,66,46,20
Kerim,antonidas,1614,rogue,subtlety,36,22,14
Shôka,dalaran,1614,rogue,subtlety,40,21,19
Ambuh,ragnaros,1613,rogue,subtlety,47,27,20
Calpic,sanguino,1613,rogue,subtlety,211,117,94
Trapstar,stormscale,1613,rogue,subtlety,191,99,92
Ðelvin,dalaran,1612,rogue,subtlety,48,21,27
Huprâ,ravencrest,1611,rogue,subtlety,30,17,13
Солевыегубки,gordunni,1610,rogue,subtlety,58,35,23
Renhri,burning-legion,1610,rogue,subtlety,361,180,181
Krsty,antonidas,1609,rogue,subtlety,36,20,16
Rexore,ravencrest,1609,rogue,subtlety,87,47,40
Ilrunne,silvermoon,1609,rogue,subtlety,184,97,87
Roguestuff,silvermoon,1608,rogue,subtlety,24,17,7
Fivepointx,blackmoore,1608,rogue,subtlety,98,52,46
Ouvrebwate,archimonde,1608,rogue,subtlety,83,41,42
Billgatez,blackrock,1607,rogue,subtlety,45,23,22
Râáy,blackrock,1607,rogue,subtlety,187,95,92
Freemode,outland,1606,rogue,subtlety,30,23,7
Meldee,burning-legion,1606,rogue,subtlety,60,32,28
Злойкиллер,howling-fjord,1606,rogue,subtlety,188,97,91
Стеллакокс,howling-fjord,1605,rogue,subtlety,46,27,19
Ddhelpra,blackrock,1605,rogue,subtlety,88,44,44
Vizifyx,ravencrest,1604,rogue,subtlety,24,17,7
Panigalex,veknilash,1604,rogue,subtlety,93,55,38
Mecu,ravencrest,1604,rogue,subtlety,126,64,62
Buú,kazzak,1604,rogue,subtlety,42,20,22
Зорго,deathguard,1603,rogue,subtlety,89,50,39
Shreddera,ravencrest,1602,rogue,subtlety,90,51,39
Абисиан,soulflayer,1602,rogue,subtlety,126,70,56
Ач,gordunni,1602,rogue,subtlety,84,42,42
Monstermads,kazzak,1602,rogue,subtlety,48,24,24
Haikyu,blackhand,1602,rogue,subtlety,54,25,29
Ibizà,ravencrest,1601,rogue,subtlety,225,119,106
Madisonivyqt,blackmoore,1601,rogue,subtlety,106,56,50
Redcutter,silvermoon,1601,rogue,subtlety,78,41,37
Альназир,howling-fjord,1601,rogue,subtlety,149,78,71
Weird,blackmoore,1600,rogue,subtlety,46,29,17
Sunå,archimonde,1600,rogue,subtlety,36,19,17
Luciferx,stormscale,1599,rogue,subtlety,36,27,9
Брайнз,gordunni,1598,rogue,subtlety,191,106,85
Cander,kazzak,1597,rogue,subtlety,79,44,35
Beefboss,neptulon,1596,rogue,subtlety,29,17,12
Carvyn,defias-brotherhood,1594,rogue,subtlety,48,27,21
Бэрнии,howling-fjord,1594,rogue,subtlety,210,109,101
Onlyluvhurt,dun-modr,1592,rogue,subtlety,130,73,57
Adskydroch,ravencrest,1592,rogue,subtlety,54,29,25
Энбонни,gordunni,1591,rogue,subtlety,60,34,26
Ishízu,exodar,1591,rogue,subtlety,162,76,86
Súpremé,ravencrest,1590,rogue,subtlety,163,93,70
Kohakugawa,kazzak,1590,rogue,subtlety,36,19,17
Onlyrogue,ragnaros,1589,rogue,subtlety,36,19,17
Zilemjr,stormscale,1587,rogue,subtlety,152,84,68
Xlums,archimonde,1586,rogue,subtlety,50,29,21
Baldoh,kazzak,1584,rogue,subtlety,36,24,12
Морзо,howling-fjord,1584,rogue,subtlety,95,53,42
Jëllyxøxø,twisting-nether,1584,rogue,subtlety,176,94,82
Doomdagger,chamber-of-aspects,1583,rogue,subtlety,41,22,19
Вр,blackscar,1582,rogue,subtlety,30,18,12
Aläen,ravencrest,1582,rogue,subtlety,96,54,42
Oxyrog,ravencrest,1580,rogue,subtlety,42,22,20
Yörgs,eredar,1579,rogue,subtlety,42,24,18
Tinylol,dun-morogh,1579,rogue,subtlety,103,55,48
Roguanal,hyjal,1579,rogue,subtlety,36,18,18
Ÿøßø,archimonde,1578,rogue,subtlety,120,62,58
Режупополам,howling-fjord,1577,rogue,subtlety,36,24,12
Amazindante,burning-legion,1576,rogue,subtlety,66,31,35
Jèlly,outland,1575,rogue,subtlety,93,60,33
Háttori,twisting-nether,1575,rogue,subtlety,48,26,22
Дэмайо,gordunni,1575,rogue,subtlety,48,26,22
Гэнт,soulflayer,1575,rogue,subtlety,78,41,37
Chimmee,draenor,1575,rogue,subtlety,96,42,54
Leepz,outland,1574,rogue,subtlety,102,62,40
Shyy,dun-modr,1572,rogue,subtlety,54,26,28
Synergize,stormreaver,1570,rogue,subtlety,36,21,15
Ninjaassasin,aegwynn,1568,rogue,subtlety,231,120,111
Chipicaua,silvermoon,1568,rogue,subtlety,72,31,41
Ðjczx,twisting-nether,1567,rogue,subtlety,63,32,31
Subzy,burning-legion,1566,rogue,subtlety,202,115,87
Эйфуча,gordunni,1566,rogue,subtlety,187,103,84
Droomprins,stormscale,1566,rogue,subtlety,136,71,65
Djswaghetti,stormscale,1566,rogue,subtlety,36,18,18
Zënø,ragnaros,1565,rogue,subtlety,182,104,78
Danori,grim-batol,1565,rogue,subtlety,30,17,13
Säxnthecrity,blackmoore,1565,rogue,subtlety,360,183,177
Кумоо,gordunni,1565,rogue,subtlety,48,23,25
Kasualaf,stormscale,1564,rogue,subtlety,36,18,18
Exanimu,ravencrest,1564,rogue,subtlety,321,154,167
Xtoyo,zuljin,1564,rogue,subtlety,129,58,71
Sapperinö,sylvanas,1563,rogue,subtlety,423,219,204
Хайдвей,ashenvale,1560,rogue,subtlety,42,18,24
Reezr,stormscale,1559,rogue,subtlety,78,33,45
Liarø,archimonde,1555,rogue,subtlety,151,76,75
Pottomzola,ragnaros,1553,rogue,subtlety,60,26,34
Zélla,twisting-nether,1552,rogue,subtlety,101,56,45
Ripcurll,grim-batol,1549,rogue,subtlety,109,57,52
Старллесс,gordunni,1549,rogue,subtlety,476,247,229
Frequenzalfa,silvermoon,1549,rogue,subtlety,52,26,26
Ayatsuji,nemesis,1549,rogue,subtlety,42,18,24
Зеротулав,gordunni,1549,rogue,subtlety,42,17,25
Sniiky,kazzak,1548,rogue,subtlety,269,140,129
Vögue,burning-legion,1548,rogue,subtlety,109,53,56
Shadystabby,stormscale,1547,rogue,subtlety,125,68,57
Pfourtwenty,eredar,1547,rogue,subtlety,36,18,18
Lechatbotté,tarren-mill,1545,rogue,subtlety,83,52,31
Триплсап,howling-fjord,1544,rogue,subtlety,48,20,28
Helloimjohn,darksorrow,1543,rogue,subtlety,77,43,34
Mortnoïre,naxxramas,1543,rogue,subtlety,118,62,56
Roanz,stormreaver,1543,rogue,subtlety,67,35,32
Röguelol,outland,1543,rogue,subtlety,132,68,64
Bamsejuicee,kazzak,1542,rogue,subtlety,30,20,10
Xkebyzlobg,outland,1540,rogue,subtlety,41,23,18
Silesi,kazzak,1538,rogue,subtlety,24,17,7
Spky,ravencrest,1538,rogue,subtlety,41,26,15
Ayami,blackhand,1537,rogue,subtlety,42,18,24
Jaydeeñ,ravencrest,1536,rogue,subtlety,48,23,25
Veronkierto,stormreaver,1534,rogue,subtlety,89,49,40
Cøntrøl,stormreaver,1534,rogue,subtlety,138,74,64
Reyzumi,antonidas,1533,rogue,subtlety,36,21,15
Johnyqt,hyjal,1532,rogue,subtlety,48,30,18
Unsullièd,kazzak,1532,rogue,subtlety,60,31,29
Tonaxstab,ragnaros,1531,rogue,subtlety,78,42,36
Shaeni,silvermoon,1531,rogue,subtlety,264,139,125
Jeanklanche,archimonde,1531,rogue,subtlety,72,35,37
Sinist,twisting-nether,1531,rogue,subtlety,50,23,27
Deok,tarren-mill,1530,rogue,subtlety,42,24,18
Aszaryn,magtheridon,1530,rogue,subtlety,60,32,28
Îüçkÿmêñ,outland,1530,rogue,subtlety,136,72,64
Südh,sanguino,1530,rogue,subtlety,90,43,47
Yourexwifey,ravencrest,1528,rogue,subtlety,121,68,53
Nitroxygen,outland,1528,rogue,subtlety,193,98,95
Нэйлио,deepholm,1527,rogue,subtlety,24,16,8
Kidneyou,ragnaros,1527,rogue,subtlety,82,43,39
Isseen,burning-legion,1527,rogue,subtlety,41,19,22
Venøøm,eredar,1526,rogue,subtlety,158,85,73
Kiwiganker,argent-dawn,1526,rogue,subtlety,58,27,31
Zep,auchindoun,1525,rogue,subtlety,60,34,26
Sénsorium,draenor,1525,rogue,subtlety,183,99,84
Fragmint,aggra-português,1525,rogue,subtlety,36,18,18
Zodracir,scarshield-legion,1525,rogue,subtlety,54,25,29
Lemaroxd,tarren-mill,1524,rogue,subtlety,24,16,8
Ipresskidney,tarren-mill,1523,rogue,subtlety,158,84,74
Royalflüx,grim-batol,1522,rogue,subtlety,81,41,40
Kidknee,outland,1522,rogue,subtlety,36,18,18
Rogueas,stormscale,1521,rogue,subtlety,41,25,16
Isucu,burning-legion,1521,rogue,subtlety,202,112,90
Kyssme,archimonde,1520,rogue,subtlety,48,21,27
Sumiftw,drakthul,1519,rogue,subtlety,30,16,14
Skýfire,ravencrest,1519,rogue,subtlety,60,28,32
Chratoo,blackmoore,1518,rogue,subtlety,97,48,49
Gvcci,aegwynn,1517,rogue,subtlety,24,16,8
Геопанк,howling-fjord,1517,rogue,subtlety,48,30,18
Шадовкилер,blackscar,1517,rogue,subtlety,90,48,42
Críppléz,ravencrest,1517,rogue,subtlety,120,63,57
Zømbië,kazzak,1517,rogue,subtlety,260,125,135
Shuo,blackrock,1516,rogue,subtlety,48,27,21
Nìghtwalker,ravencrest,1516,rogue,subtlety,213,112,101
Sshaka,tarren-mill,1515,rogue,subtlety,131,65,66
Roguecow,tarren-mill,1514,rogue,subtlety,206,109,97
Intrix,draenor,1513,rogue,subtlety,48,25,23
Пусякиллерх,gordunni,1512,rogue,subtlety,69,39,30
Jugalos,ravencrest,1512,rogue,subtlety,41,16,25
Morgan,argent-dawn,1511,rogue,subtlety,138,77,61
Dedka,hyjal,1511,rogue,subtlety,101,48,53
Ziqqiqt,thrall,1510,rogue,subtlety,84,42,42
Xãwé,kazzak,1509,rogue,subtlety,45,26,19
Shinzaoh,khaz-modan,1509,rogue,subtlety,64,33,31
Кверест,howling-fjord,1506,rogue,subtlety,36,20,16
Psychørogue,antonidas,1506,rogue,subtlety,42,22,20
Arathir,ravencrest,1505,rogue,subtlety,86,47,39
Rukiia,blackrock,1505,rogue,subtlety,30,16,14
Gane,sanguino,1504,rogue,subtlety,54,34,20
Сабик,howling-fjord,1504,rogue,subtlety,77,47,30
Falewyn,ragnaros,1503,rogue,subtlety,24,16,8
Smo,kargath,1502,rogue,subtlety,44,23,21
Shnuppah,sylvanas,1501,rogue,subtlety,66,37,29
Sumsarx,ravencrest,1501,rogue,subtlety,137,72,65
Orestes,pozzo-delleternità,1500,rogue,subtlety,51,29,22
Dåjjal,ravencrest,1498,rogue,subtlety,83,45,38
Neirdà,hyjal,1498,rogue,subtlety,49,23,26
Дракакула,blackscar,1497,rogue,subtlety,27,18,9
Spr,malfurion,1496,rogue,subtlety,118,65,53
Ândrey,ravencrest,1496,rogue,subtlety,68,35,33
Murkyy,gilneas,1496,rogue,subtlety,58,29,29
Mishøna,kazzak,1495,rogue,subtlety,167,96,71
Azovrouge,terokkar,1495,rogue,subtlety,267,144,123
Кеонетво,howling-fjord,1494,rogue,subtlety,46,27,19
Msweasel,sylvanas,1494,rogue,subtlety,48,28,20
Arkblenderx,silvermoon,1494,rogue,subtlety,169,83,86
Fakekick,blackrock,1493,rogue,subtlety,42,25,17
Kidneyqt,thrall,1493,rogue,subtlety,73,41,32
Эвисирейт,gordunni,1493,rogue,subtlety,77,42,35
Diazz,aegwynn,1493,rogue,subtlety,97,52,45
Opaska,ravencrest,1493,rogue,subtlety,160,80,80
Buffdh,eredar,1493,rogue,subtlety,48,23,25
Зенофар,soulflayer,1492,rogue,subtlety,250,122,128
Faytun,kult-der-verdammten,1491,rogue,subtlety,48,30,18
Nâzaar,antonidas,1490,rogue,subtlety,118,67,51
Doperog,antonidas,1488,rogue,subtlety,208,113,95
Spyzie,hyjal,1488,rogue,subtlety,36,18,18
Dölf,archimonde,1487,rogue,subtlety,170,92,78
Jaqenhghar,pozzo-delleternità,1487,rogue,subtlety,139,74,65
Xok,draenor,1487,rogue,subtlety,52,26,26
Шпилля,gordunni,1487,rogue,subtlety,77,38,39
Kneiv,frostwhisper,1487,rogue,subtlety,36,16,20
Lilrookie,argent-dawn,1486,rogue,subtlety,158,90,68
Mînz,twisting-nether,1486,rogue,subtlety,59,26,33
Zujàz,frostwhisper,1485,rogue,subtlety,78,41,37
Maláika,silvermoon,1485,rogue,subtlety,116,60,56
Dôlf,hyjal,1484,rogue,subtlety,96,55,41
Txf,aegwynn,1484,rogue,subtlety,90,46,44
Ruck,madmortem,1483,rogue,subtlety,114,61,53
Местьбучи,howling-fjord,1482,rogue,subtlety,96,52,44
Winwin,silvermoon,1481,rogue,subtlety,202,118,84
Akira,outland,1481,rogue,subtlety,212,119,93
Jøwy,archimonde,1481,rogue,subtlety,94,51,43
Ghøstkid,blackrock,1481,rogue,subtlety,194,98,96
Текин,howling-fjord,1480,rogue,subtlety,162,85,77
Grindz,ravencrest,1480,rogue,subtlety,626,322,304
Stoff,archimonde,1479,rogue,subtlety,153,76,77
Kire,daggerspine,1478,rogue,subtlety,65,30,35
Loopermann,silvermoon,1477,rogue,subtlety,164,82,82
Zappsarap,onyxia,1477,rogue,subtlety,42,18,24
Zôuloulou,archimonde,1476,rogue,subtlety,86,45,41
Shabu,nemesis,1475,rogue,subtlety,42,16,26
Zobrak,twisting-nether,1474,rogue,subtlety,60,36,24
Прошмандэ,gordunni,1474,rogue,subtlety,64,38,26
Doxxei,draenor,1474,rogue,subtlety,225,119,106
Вагнеса,howling-fjord,1474,rogue,subtlety,95,48,47
Letmeplay,ravencrest,1472,rogue,subtlety,42,21,21
Jenz,blackmoore,1472,rogue,subtlety,48,22,26
Счастливое,howling-fjord,1471,rogue,subtlety,116,58,58
ßênz,archimonde,1470,rogue,subtlety,30,17,13
Jqmie,ravencrest,1470,rogue,subtlety,50,28,22
Shâdowfreeze,onyxia,1469,rogue,subtlety,114,59,55
Thelones,antonidas,1469,rogue,subtlety,76,39,37
Мипракн,fordragon,1468,rogue,subtlety,66,47,19
Tason,argent-dawn,1468,rogue,subtlety,42,25,17
Givilwtf,eredar,1468,rogue,subtlety,126,66,60
Jahseh,blackmoore,1465,rogue,subtlety,30,17,13
Veryscaryguý,twisting-nether,1464,rogue,subtlety,54,33,21
Stayhumble,turalyon,1464,rogue,subtlety,40,22,18
Sicariø,argent-dawn,1463,rogue,subtlety,176,92,84
Chipson,kazzak,1462,rogue,subtlety,96,50,46
Decoyed,sylvanas,1462,rogue,subtlety,53,27,26
Rêve,the-maelstrom,1461,rogue,subtlety,46,27,19
Funhinten,blackmoore,1461,rogue,subtlety,54,30,24
Rekki,terokkar,1461,rogue,subtlety,42,21,21
Tripleníne,silvermoon,1460,rogue,subtlety,132,75,57
Bízkit,stormscale,1459,rogue,subtlety,42,27,15
Джокэссиди,blackscar,1458,rogue,subtlety,43,24,19
Ænutz,ysondre,1458,rogue,subtlety,33,18,15
Trulor,wildhammer,1458,rogue,subtlety,88,45,43
Belwarx,darksorrow,1458,rogue,subtlety,136,55,81
Sashikorosu,archimonde,1457,rogue,subtlety,116,65,51
Ryxanâ,blackrock,1457,rogue,subtlety,96,48,48
Sheldowws,tarren-mill,1455,rogue,subtlety,63,34,29
Вейлинс,gordunni,1455,rogue,subtlety,36,17,19
Norlix,ravencrest,1455,rogue,subtlety,66,30,36
Ganker,antonidas,1455,rogue,subtlety,54,24,30
Voki,dalaran,1454,rogue,subtlety,123,64,59
Jaikka,archimonde,1452,rogue,subtlety,56,31,25
Lastkiss,aggramar,1452,rogue,subtlety,59,32,27
Kryptonite,nemesis,1451,rogue,subtlety,88,48,40
Amuini,magtheridon,1451,rogue,subtlety,38,17,21
Sacrehptit,naxxramas,1450,rogue,subtlety,42,26,16
Critmaker,outland,1448,rogue,subtlety,24,16,8
Nightq,tarren-mill,1448,rogue,subtlety,63,36,27
Peechiyy,blackmoore,1447,rogue,subtlety,69,39,30
Pidroseus,argent-dawn,1445,rogue,subtlety,99,53,46
Drpiper,twisting-nether,1445,rogue,subtlety,37,19,18
Oboejoe,burning-legion,1444,rogue,subtlety,207,111,96
Pérplèxîty,thrall,1443,rogue,subtlety,73,39,34
Yasu,outland,1443,rogue,subtlety,215,111,104
Mont,nemesis,1443,rogue,subtlety,72,36,36
Deathcvlt,hyjal,1441,rogue,subtlety,256,128,128
Rat,mazrigos,1440,rogue,subtlety,24,15,9
Caská,blackhand,1440,rogue,subtlety,42,21,21
Xalupa,dun-modr,1440,rogue,subtlety,66,30,36
Xulem,silvermoon,1439,rogue,subtlety,64,38,26
Takenòtes,nemesis,1438,rogue,subtlety,24,15,9
Распяздяй,gordunni,1437,rogue,subtlety,108,59,49
Dêlaral,blackhand,1437,rogue,subtlety,30,15,15
Coolbassoff,kazzak,1437,rogue,subtlety,104,49,55
Zeiden,sanguino,1436,rogue,subtlety,78,40,38
Тира,grom,1436,rogue,subtlety,30,15,15
Ogc,draenor,1435,rogue,subtlety,30,19,11
Lïke,frostwolf,1435,rogue,subtlety,24,15,9
Nécrømåncy,ravencrest,1433,rogue,subtlety,24,15,9
Trashbàg,alakir,1432,rogue,subtlety,30,15,15
Achterom,tarren-mill,1432,rogue,subtlety,128,59,69
Eáz,ravencrest,1429,rogue,subtlety,30,22,8
Выебузадницу,soulflayer,1429,rogue,subtlety,54,28,26
Röguetönerö,dun-modr,1428,rogue,subtlety,24,15,9
Mâtâtâ,die-ewige-wacht,1428,rogue,subtlety,77,42,35
Sùbzerø,archimonde,1428,rogue,subtlety,48,24,24
Aschoni,dethecus,1428,rogue,subtlety,41,20,21
Grris,stormscale,1428,rogue,subtlety,78,28,50
Shipshot,blackrock,1426,rogue,subtlety,24,15,9
Aahz,tarren-mill,1425,rogue,subtlety,54,27,27
Jimaal,stormscale,1424,rogue,subtlety,67,38,29
Mercyã,outland,1424,rogue,subtlety,101,57,44
Bizcochondo,sanguino,1424,rogue,subtlety,66,36,30
Evivalarte,burning-legion,1423,rogue,subtlety,113,54,59
Jkrx,draenor,1421,rogue,subtlety,36,18,18
Артимидушка,gordunni,1420,rogue,subtlety,24,15,9
Бейнс,howling-fjord,1420,rogue,subtlety,36,20,16
Ритор,deathguard,1420,rogue,subtlety,57,29,28
Raewyn,teldrassil,1419,rogue,subtlety,38,21,17
Actualcarry,dentarg,1419,rogue,subtlety,100,54,46
Daggerdashx,ravencrest,1419,rogue,subtlety,651,342,309
Vanquishz,arathor,1419,rogue,subtlety,60,25,35
Hollowized,silvermoon,1418,rogue,subtlety,24,15,9
Grimdoll,tarren-mill,1418,rogue,subtlety,193,108,85
Nairobii,tarren-mill,1417,rogue,subtlety,54,30,24
Jechijr,silvermoon,1417,rogue,subtlety,48,24,24
Tinyshank,drakthul,1416,rogue,subtlety,122,63,59
Морнер,howling-fjord,1416,rogue,subtlety,65,33,32
Дэ,blackscar,1416,rogue,subtlety,30,15,15
Midoa,nerathor,1415,rogue,subtlety,98,56,42
Unreallx,silvermoon,1415,rogue,subtlety,413,216,197
Nopzs,outland,1413,rogue,subtlety,147,73,74
Asdfqwerty,ravencrest,1413,rogue,subtlety,42,17,25
Shízzel,blackhand,1412,rogue,subtlety,95,47,48
Самерон,howling-fjord,1411,rogue,subtlety,36,24,12
Янигугулак,soulflayer,1411,rogue,subtlety,24,15,9
Nínjutsu,ravencrest,1410,rogue,subtlety,56,25,31
Yamajinzu,blackmoore,1409,rogue,subtlety,305,156,149
Nojdobra,tarren-mill,1409,rogue,subtlety,81,40,41
Paxmortem,silvermoon,1409,rogue,subtlety,78,38,40
Decrios,outland,1409,rogue,subtlety,50,20,30
Bountyhunter,malygos,1408,rogue,subtlety,30,15,15
Mulu,defias-brotherhood,1407,rogue,subtlety,42,21,21
Royalflux,grim-batol,1405,rogue,subtlety,30,17,13
Ассаин,gordunni,1405,rogue,subtlety,55,31,24
Erenyeagerx,kazzak,1405,rogue,subtlety,119,63,56
Jamzyrogue,emerald-dream,1405,rogue,subtlety,36,19,17
Fullblind,tarren-mill,1405,rogue,subtlety,191,97,94
Свёклапро,gordunni,1404,rogue,subtlety,84,51,33
Teba,cthun,1404,rogue,subtlety,40,19,21
Dägorath,dun-modr,1403,rogue,subtlety,34,21,13
Ææçæçæçæ,twisting-nether,1403,rogue,subtlety,54,27,27
Сенямбус,gordunni,1403,rogue,subtlety,48,23,25
Бэтх,soulflayer,1402,rogue,subtlety,60,36,24
Смекрус,soulflayer,1401,rogue,subtlety,150,76,74
Exine,sanguino,1400,rogue,subtlety,30,17,13
Альназир,gordunni,1400,rogue,subtlety,36,19,17
Killthatmage,shattered-hand,1400,rogue,subtlety,42,21,21
Maitrefurtif,argent-dawn,1398,rogue,subtlety,29,19,10
Darkxenojiva,blackmoore,1398,rogue,subtlety,75,32,43
Zx,frostmane,1397,rogue,subtlety,48,22,26
Sajina,kazzak,1396,rogue,subtlety,48,23,25
Freemmr,draenor,1395,rogue,subtlety,160,82,78
Evi,korgall,1394,rogue,subtlety,60,27,33
Vorsix,tarren-mill,1393,rogue,subtlety,127,70,57
Nomota,sanguino,1392,rogue,subtlety,42,25,17
Dàwn,boulderfist,1391,rogue,subtlety,88,48,40
Mxx,stormscale,1391,rogue,subtlety,307,162,145
Лютьер,soulflayer,1391,rogue,subtlety,203,102,101
Jaffar,mannoroth,1391,rogue,subtlety,88,38,50
Cýphia,amanthul,1390,rogue,subtlety,42,20,22
Эбиб,soulflayer,1390,rogue,subtlety,52,24,28
Guiseppe,grim-batol,1389,rogue,subtlety,105,57,48
Hidinginash,twisting-nether,1388,rogue,subtlety,50,25,25
Æsthaetic,silvermoon,1388,rogue,subtlety,451,224,227
Xblackhole,tarren-mill,1387,rogue,subtlety,170,86,84
Ултра,gordunni,1386,rogue,subtlety,225,115,110
Фалвир,howling-fjord,1385,rogue,subtlety,41,26,15
Althieves,ravencrest,1382,rogue,subtlety,126,69,57
Roguebot,draenor,1381,rogue,subtlety,136,71,65
Shadowgraph,eredar,1381,rogue,subtlety,60,31,29
Feinted,kazzak,1381,rogue,subtlety,98,50,48
Stabbingpunk,ravencrest,1381,rogue,subtlety,72,33,39
Dredge,kaelthas,1379,rogue,subtlety,44,22,22
Дакоока,soulflayer,1378,rogue,subtlety,24,16,8
Zanaken,stormscale,1378,rogue,subtlety,296,153,143
Käz,argent-dawn,1376,rogue,subtlety,42,16,26
Ambushgirl,ravencrest,1375,rogue,subtlety,65,30,35
Taniwa,archimonde,1374,rogue,subtlety,112,60,52
Ванябигпуш,blackscar,1374,rogue,subtlety,126,63,63
Vanisha,outland,1374,rogue,subtlety,90,41,49
Trímønâ,gorgonnash,1374,rogue,subtlety,36,16,20
Wraithh,minahonda,1373,rogue,subtlety,108,57,51
Óoo,outland,1373,rogue,subtlety,54,27,27
Rúgur,twisting-nether,1372,rogue,subtlety,78,48,30
Binbág,draenor,1372,rogue,subtlety,108,62,46
Lookbehîndu,aegwynn,1372,rogue,subtlety,67,33,34
Juuzou,outland,1372,rogue,subtlety,35,15,20
Анивиана,howling-fjord,1371,rogue,subtlety,134,64,70
Lêmon,argent-dawn,1370,rogue,subtlety,52,31,21
Appatras,tarren-mill,1369,rogue,subtlety,23,15,8
Elfreyja,archimonde,1369,rogue,subtlety,111,53,58
Daterx,ravencrest,1369,rogue,subtlety,36,15,21
Maløcøxysse,dalaran,1368,rogue,subtlety,114,63,51
Жабоклик,gordunni,1368,rogue,subtlety,116,57,59
Boornys,burning-legion,1367,rogue,subtlety,94,50,44
Zavebe,nathrezim,1367,rogue,subtlety,47,23,24
Hashlund,stormscale,1366,rogue,subtlety,86,46,40
Ворейн,howling-fjord,1366,rogue,subtlety,240,119,121
Daggerz,outland,1366,rogue,subtlety,48,23,25
Subhub,ragnaros,1366,rogue,subtlety,48,21,27
Jáyjay,antonidas,1365,rogue,subtlety,90,39,51
Exbandit,sanguino,1364,rogue,subtlety,72,44,28
Behiq,aggramar,1363,rogue,subtlety,48,31,17
Vexior,argent-dawn,1363,rogue,subtlety,93,44,49
Gankbang,frostmane,1363,rogue,subtlety,78,35,43
Эремми,gordunni,1362,rogue,subtlety,32,18,14
Hasansabbah,twisting-nether,1362,rogue,subtlety,42,15,27
Evasión,aegwynn,1361,rogue,subtlety,71,37,34
Rngkillaz,archimonde,1360,rogue,subtlety,37,20,17
Reprouvette,dalaran,1360,rogue,subtlety,39,21,18
Кэйтлис,howling-fjord,1360,rogue,subtlety,48,20,28
Cataleýa,outland,1359,rogue,subtlety,80,45,35
Sedái,twisting-nether,1359,rogue,subtlety,38,16,22
Qiiss,stormscale,1357,rogue,subtlety,78,43,35
Артимидушка,soulflayer,1356,rogue,subtlety,22,15,7
Akazuki,alleria,1355,rogue,subtlety,54,22,32
Helcof,emerald-dream,1353,rogue,subtlety,30,15,15
Mmrmmxmm,turalyon,1353,rogue,subtlety,47,18,29
Zerozsub,tarren-mill,1352,rogue,subtlety,184,102,82
Galathea,turalyon,1352,rogue,subtlety,167,83,84
Trimøná,gorgonnash,1351,rogue,subtlety,24,15,9
Øníxßtw,eitrigg,1350,rogue,subtlety,30,15,15
Дернирог,howling-fjord,1350,rogue,subtlety,115,56,59
Behindü,frostmane,1349,rogue,subtlety,138,68,70
Zappdead,frostwolf,1347,rogue,subtlety,52,22,30
Эквалири,gordunni,1345,rogue,subtlety,71,33,38
Cerrian,argent-dawn,1344,rogue,subtlety,47,26,21
Crimatoria,rajaxx,1344,rogue,subtlety,57,25,32
Akroshalolz,outland,1343,rogue,subtlety,24,14,10
Urthël,culte-de-la-rive-noire,1343,rogue,subtlety,24,14,10
Yokze,ravencrest,1343,rogue,subtlety,130,64,66
Bloodwraith,stormscale,1343,rogue,subtlety,61,24,37
Rúckus,ravencrest,1342,rogue,subtlety,24,14,10
Djeud,archimonde,1342,rogue,subtlety,136,79,57
Svartesven,auchindoun,1342,rogue,subtlety,78,35,43
Deathwalkxr,silvermoon,1341,rogue,subtlety,94,49,45
Akyô,archimonde,1340,rogue,subtlety,24,14,10
Gingahboy,doomhammer,1340,rogue,subtlety,215,118,97
Tripx,ravencrest,1340,rogue,subtlety,121,64,57
Neymar,ysondre,1339,rogue,subtlety,90,48,42
Voldaxd,blackhand,1338,rogue,subtlety,21,15,6
Andayn,shattered-hand,1338,rogue,subtlety,41,26,15
Aati,the-maelstrom,1338,rogue,subtlety,84,43,41
Hahårry,ravencrest,1338,rogue,subtlety,42,21,21
Zordochrog,kazzak,1338,rogue,subtlety,32,16,16
Lilsalad,ravencrest,1336,rogue,subtlety,65,29,36
Кайсити,gordunni,1334,rogue,subtlety,36,14,22
Duzhel,kazzak,1333,rogue,subtlety,41,21,20
Ruckusxx,ravencrest,1332,rogue,subtlety,21,15,6
Løuvees,archimonde,1332,rogue,subtlety,24,16,8
Tootskie,outland,1332,rogue,subtlety,163,91,72
Эренх,gordunni,1332,rogue,subtlety,198,101,97
Daekrun,argent-dawn,1332,rogue,subtlety,98,49,49
Káríc,draenor,1332,rogue,subtlety,40,20,20
Ñavy,archimonde,1332,rogue,subtlety,86,37,49
Yakio,silvermoon,1332,rogue,subtlety,60,25,35
Maam,ravencrest,1331,rogue,subtlety,48,26,22
Svddendeath,ragnaros,1331,rogue,subtlety,78,36,42
Stabmaster,outland,1330,rogue,subtlety,24,14,10
Jdç,tarren-mill,1327,rogue,subtlety,24,14,10
Sapstunlol,tarren-mill,1327,rogue,subtlety,24,14,10
Meshay,kazzak,1327,rogue,subtlety,43,24,19
Cørek,blackhand,1327,rogue,subtlety,30,14,16
Азунайт,ashenvale,1325,rogue,subtlety,29,15,14
Andrizle,blackmoore,1325,rogue,subtlety,30,14,16
Bleeds,thrall,1324,rogue,subtlety,47,24,23
Lesyria,blackrock,1323,rogue,subtlety,46,25,21
Cowmbat,tarren-mill,1322,rogue,subtlety,62,30,32
Lenani,blackrock,1321,rogue,subtlety,30,14,16
Tripoid,draenor,1319,rogue,subtlety,78,35,43
Suikastman,silvermoon,1318,rogue,subtlety,94,48,46
Bartolomew,hellscream,1317,rogue,subtlety,93,46,47
Catthief,ravencrest,1317,rogue,subtlety,75,36,39
Ðàrx,archimonde,1317,rogue,subtlety,77,35,42
Billybang,outland,1316,rogue,subtlety,112,58,54
Ultraviølett,gorgonnash,1316,rogue,subtlety,73,34,39
Alltaïr,ravencrest,1315,rogue,subtlety,177,96,81
Рестинписер,soulflayer,1315,rogue,subtlety,407,206,201
Poughkeepsie,outland,1315,rogue,subtlety,36,17,19
Furky,blackmoore,1312,rogue,subtlety,36,22,14
Strangeboyxx,ravencrest,1312,rogue,subtlety,36,14,22
Disturbdx,archimonde,1311,rogue,subtlety,30,14,16
Aznare,silvermoon,1310,rogue,subtlety,48,22,26
Ultriz,twisting-nether,1310,rogue,subtlety,35,15,20
Boorza,silvermoon,1309,rogue,subtlety,30,16,14
Дамаскус,booty-bay,1308,rogue,subtlety,24,14,10
Йаяга,soulflayer,1308,rogue,subtlety,30,16,14
Absol,hellscream,1308,rogue,subtlety,118,59,59
Edaniel,draenor,1307,rogue,subtlety,89,45,44
Senzus,twisting-nether,1307,rogue,subtlety,30,14,16
Darkral,nemesis,1307,rogue,subtlety,48,19,29
Ракфорн,howling-fjord,1306,rogue,subtlety,179,87,92
Levíeus,blackrock,1305,rogue,subtlety,132,73,59
Knifeparty,silvermoon,1305,rogue,subtlety,56,28,28
Eriksonn,drakthul,1304,rogue,subtlety,79,40,39
Rhûlf,ravencrest,1304,rogue,subtlety,115,53,62
Lyroth,silvermoon,1304,rogue,subtlety,77,34,43
Niapro,dun-morogh,1303,rogue,subtlety,54,28,26
Scrumptious,darksorrow,1303,rogue,subtlety,30,14,16
Horvathzu,ravencrest,1303,rogue,subtlety,57,26,31
Cenvadois,blackmoore,1303,rogue,subtlety,36,16,20
Káji,frostmane,1302,rogue,subtlety,18,14,4
Пузэн,howling-fjord,1301,rogue,subtlety,143,85,58
Hajdit,frostmourne,1301,rogue,subtlety,39,23,16
Bodhibombx,arthas,1300,rogue,subtlety,34,18,16
Luckeri,antonidas,1300,rogue,subtlety,68,33,35
Envenoman,ravencrest,1299,rogue,subtlety,48,19,29
Tsvetomir,doomhammer,1298,rogue,subtlety,32,16,16
Johncéná,stormscale,1297,rogue,subtlety,42,22,20
Лофиан,gordunni,1296,rogue,subtlety,120,59,61
Grimv,frostmane,1293,rogue,subtlety,30,15,15
Expositiv,blackmoore,1292,rogue,subtlety,24,14,10
Swiftshank,grim-batol,1290,rogue,subtlety,72,29,43
Шмарамышь,soulflayer,1289,rogue,subtlety,115,60,55
Kouru,outland,1287,rogue,subtlety,42,20,22
Garriw,nemesis,1287,rogue,subtlety,42,17,25
Rhytmic,drakthul,1286,rogue,subtlety,30,14,16
Cnac,stormscale,1286,rogue,subtlety,52,21,31
Joyfulundead,frostwolf,1285,rogue,subtlety,72,41,31
Kïdney,stormscale,1285,rogue,subtlety,78,43,35
Ambushmike,gorgonnash,1285,rogue,subtlety,154,80,74
Chïnaski,sargeras,1285,rogue,subtlety,37,19,18
Buttonsfly,silvermoon,1284,rogue,subtlety,132,81,51
Йзвинись,howling-fjord,1284,rogue,subtlety,42,21,21
Adwl,archimonde,1284,rogue,subtlety,201,98,103
Aikaza,blackmoore,1284,rogue,subtlety,30,14,16
Asine,boulderfist,1284,rogue,subtlety,90,41,49
Snack,burning-legion,1284,rogue,subtlety,39,17,22
Guzirogue,azshara,1284,rogue,subtlety,58,22,36
Chïefkeef,twisting-nether,1283,rogue,subtlety,28,15,13
Тучёна,soulflayer,1282,rogue,subtlety,66,38,28
Лиргенвард,deathguard,1282,rogue,subtlety,131,61,70
Fugly,ragnaros,1281,rogue,subtlety,37,14,23
Swâggerino,kazzak,1280,rogue,subtlety,62,32,30
Misantropia,nemesis,1278,rogue,subtlety,132,61,71
Zhadowên,outland,1276,rogue,subtlety,72,34,38
Ykw,tarren-mill,1275,rogue,subtlety,54,31,23
Дангерр,gordunni,1275,rogue,subtlety,108,51,57
Songoro,tirion,1275,rogue,subtlety,33,15,18
Backcracker,thunderhorn,1274,rogue,subtlety,30,15,15
Mizoy,blackmoore,1274,rogue,subtlety,52,19,33
Zelìx,frostmane,1272,rogue,subtlety,78,46,32
Vanéry,ravencrest,1272,rogue,subtlety,30,15,15
Guiltythief,stormscale,1272,rogue,subtlety,37,18,19
Petsakos,ravencrest,1272,rogue,subtlety,33,15,18
Янимагу,soulflayer,1271,rogue,subtlety,55,24,31
Audiotronic,blackmoore,1268,rogue,subtlety,161,81,80
Сайгакк,galakrond,1267,rogue,subtlety,45,24,21
Erx,ragnaros,1267,rogue,subtlety,30,15,15
Шикорро,soulflayer,1266,rogue,subtlety,36,18,18
Pixelrogue,argent-dawn,1265,rogue,subtlety,76,40,36
Radgaa,draenor,1265,rogue,subtlety,36,16,20
Ханджии,soulflayer,1264,rogue,subtlety,24,16,8
Sykin,eredar,1264,rogue,subtlety,42,19,23
Smeyra,magtheridon,1262,rogue,subtlety,114,63,51
Jinxy,outland,1261,rogue,subtlety,22,15,7
Муфдшы,gordunni,1260,rogue,subtlety,48,29,19
Thehand,eonar,1260,rogue,subtlety,90,51,39
Monoxid,eredar,1260,rogue,subtlety,125,61,64
Интерфи,blackscar,1260,rogue,subtlety,134,63,71
Qylu,argent-dawn,1259,rogue,subtlety,30,15,15
Pøpsmoke,outland,1259,rogue,subtlety,90,42,48
Usainßreak,chogall,1258,rogue,subtlety,24,14,10
Huffim,tarren-mill,1258,rogue,subtlety,140,70,70
Bizkitz,argent-dawn,1258,rogue,subtlety,78,33,45
Sozokujin,ysondre,1257,rogue,subtlety,30,16,14
Floorjansen,sylvanas,1256,rogue,subtlety,24,14,10
Coaraze,eldrethalas,1256,rogue,subtlety,119,58,61
Sánkà,ysondre,1255,rogue,subtlety,66,33,33
Stin,blackrock,1255,rogue,subtlety,137,62,75
Viltraxus,twisting-nether,1255,rogue,subtlety,58,21,37
Stâr,archimonde,1254,rogue,subtlety,40,24,16
Vrederun,blackrock,1254,rogue,subtlety,30,15,15
Rogioz,outland,1254,rogue,subtlety,54,19,35
Xaiko,baelgun,1253,rogue,subtlety,44,28,16
Фирмиана,howling-fjord,1253,rogue,subtlety,66,35,31
Chãøs,silvermoon,1253,rogue,subtlety,72,37,35
Souldreader,draenor,1247,rogue,subtlety,36,22,14
Axelaz,ravencrest,1247,rogue,subtlety,24,13,11
Freý,twisting-nether,1247,rogue,subtlety,65,30,35
Missesinvis,blackmoore,1246,rogue,subtlety,18,13,5
Xeggy,turalyon,1246,rogue,subtlety,202,109,93
Optoo,ragnaros,1246,rogue,subtlety,41,21,20
Sneakysáp,ravencrest,1245,rogue,subtlety,18,13,5
Neoly,outland,1245,rogue,subtlety,48,31,17
Narar,stormscale,1245,rogue,subtlety,66,42,24
Иннхотеп,howling-fjord,1245,rogue,subtlety,30,18,12
Heskmad,kazzak,1245,rogue,subtlety,62,31,31
Later,saurfang,1245,rogue,subtlety,28,14,14
Zvarka,drakthul,1244,rogue,subtlety,30,21,9
Behêmoth,hyjal,1243,rogue,subtlety,18,13,5
Зити,blackscar,1243,rogue,subtlety,24,13,11
Masanari,die-nachtwache,1243,rogue,subtlety,38,15,23
Трикстэд,soulflayer,1240,rogue,subtlety,78,43,35
Лэйкиро,gordunni,1239,rogue,subtlety,24,13,11
Takeitèásy,blackrock,1238,rogue,subtlety,50,20,30
Lånaya,sylvanas,1236,rogue,subtlety,89,44,45
Mokey,boulderfist,1234,rogue,subtlety,27,18,9
Vexia,twisting-nether,1233,rogue,subtlety,24,13,11
Dreamt,twisting-nether,1233,rogue,subtlety,30,15,15
Nexieane,ravencrest,1231,rogue,subtlety,160,79,81
Alekkush,silvermoon,1231,rogue,subtlety,30,13,17
Faptastíc,blackmoore,1230,rogue,subtlety,24,13,11
Соважь,soulflayer,1229,rogue,subtlety,60,24,36
Obsçuritý,ragnaros,1228,rogue,subtlety,83,49,34
Sambä,sanguino,1228,rogue,subtlety,66,32,34
Silnce,outland,1227,rogue,subtlety,78,36,42
Тирниса,gordunni,1225,rogue,subtlety,39,23,16
Mckk,tarren-mill,1225,rogue,subtlety,77,41,36
Dígga,nemesis,1223,rogue,subtlety,168,74,94
Cesar,blackhand,1222,rogue,subtlety,204,112,92
Wøølfgang,archimonde,1222,rogue,subtlety,83,39,44
Gpóínt,blackmoore,1221,rogue,subtlety,46,24,22
Jimzopf,eredar,1220,rogue,subtlety,53,26,27
Cantseeme,anachronos,1220,rogue,subtlety,54,22,32
Heulleise,die-ewige-wacht,1218,rogue,subtlety,45,23,22
Siktiritos,malganis,1218,rogue,subtlety,84,38,46
Skillissuex,tarren-mill,1216,rogue,subtlety,521,266,255
Gansull,nemesis,1216,rogue,subtlety,83,37,46
Smoothiè,twisting-nether,1215,rogue,subtlety,117,56,61
Ézzah,blackhand,1215,rogue,subtlety,140,60,80
Arrzhan,silvermoon,1214,rogue,subtlety,98,56,42
Bzuco,tarren-mill,1213,rogue,subtlety,42,24,18
Stabymoose,draenor,1213,rogue,subtlety,79,36,43
Jäshin,hyjal,1213,rogue,subtlety,42,13,29
Ксионас,gordunni,1212,rogue,subtlety,82,36,46
Dræmz,twisting-nether,1211,rogue,subtlety,24,14,10
Zakarïa,draenor,1209,rogue,subtlety,48,26,22
Sneakypuss,sylvanas,1209,rogue,subtlety,52,21,31
Валанбалас,soulflayer,1208,rogue,subtlety,54,29,25
Zergroidz,kazzak,1208,rogue,subtlety,169,82,87
Evadeez,tarren-mill,1208,rogue,subtlety,42,15,27
Ryzem,archimonde,1206,rogue,subtlety,642,325,317
Shiréz,blackmoore,1206,rogue,subtlety,119,58,61
Теньглуши,gordunni,1206,rogue,subtlety,65,29,36
Revelith,nemesis,1205,rogue,subtlety,24,13,11
Коффемолка,ashenvale,1205,rogue,subtlety,96,43,53
Knivparty,draenor,1204,rogue,subtlety,28,14,14
Rámiel,ragnaros,1204,rogue,subtlety,35,15,20
Mealy,auchindoun,1203,rogue,subtlety,108,52,56
Jomoama,norgannon,1203,rogue,subtlety,48,21,27
Фордрэн,deathguard,1202,rogue,subtlety,28,15,13
Paveli,ravencrest,1202,rogue,subtlety,120,58,62
Тарний,gordunni,1202,rogue,subtlety,36,17,19
Shrèéd,blackmoore,1202,rogue,subtlety,71,32,39
Лаленвин,gordunni,1202,rogue,subtlety,60,27,33
Сладкийперец,borean-tundra,1200,rogue,subtlety,64,31,33
Sokillu,silvermoon,1199,rogue,subtlety,66,28,38
Mozzart,ragnaros,1198,rogue,subtlety,48,23,25
Elizaya,eredar,1198,rogue,subtlety,54,24,30
Mojojina,theradras,1196,rogue,subtlety,58,32,26
Скримшейд,gordunni,1196,rogue,subtlety,48,21,27
Бигсмурф,gordunni,1195,rogue,subtlety,50,19,31
Omêrta,blackmoore,1193,rogue,subtlety,36,14,22
Lêgòlàs,blackmoore,1192,rogue,subtlety,119,66,53
Nineball,frostmane,1192,rogue,subtlety,29,13,16
Lupos,anubarak,1192,rogue,subtlety,48,17,31
Callboy,turalyon,1191,rogue,subtlety,96,45,51
Эрихард,howling-fjord,1191,rogue,subtlety,41,18,23
Mysies,ysondre,1190,rogue,subtlety,35,16,19
Чайрлайн,blackscar,1190,rogue,subtlety,40,17,23
Dmfd,darksorrow,1189,rogue,subtlety,112,64,48
Inextricabil,stormscale,1189,rogue,subtlety,48,21,27
Darkan,kaelthas,1186,rogue,subtlety,102,57,45
Fopi,sanguino,1186,rogue,subtlety,78,34,44
Celadríe,argent-dawn,1184,rogue,subtlety,36,24,12
Soulpanic,draenor,1184,rogue,subtlety,76,46,30
Tidløs,dun-morogh,1184,rogue,subtlety,46,18,28
Djinnx,malganis,1181,rogue,subtlety,54,22,32
Попочке,soulflayer,1175,rogue,subtlety,36,23,13
Syneth,drakthul,1174,rogue,subtlety,25,16,9
Тайнушка,soulflayer,1173,rogue,subtlety,96,49,47
Rogueseanne,blackrock,1171,rogue,subtlety,72,32,40
Ôzzi,draenor,1170,rogue,subtlety,42,22,20
Jisz,doomhammer,1170,rogue,subtlety,90,45,45
Gìngèr,kazzak,1168,rogue,subtlety,24,13,11
Grope,alonsus,1168,rogue,subtlety,79,36,43
Varne,les-sentinelles,1168,rogue,subtlety,42,16,26
Моямайя,eversong,1166,rogue,subtlety,101,46,55
Blades,blackmoore,1164,rogue,subtlety,36,21,15
Киржик,soulflayer,1163,rogue,subtlety,48,23,25
Злайа,blackscar,1163,rogue,subtlety,70,28,42
Turrok,ravencrest,1161,rogue,subtlety,42,21,21
Ðarëk,dun-modr,1159,rogue,subtlety,70,31,39
Kurichu,archimonde,1159,rogue,subtlety,30,13,17
Instealth,draenor,1158,rogue,subtlety,120,51,69
Silence,burning-blade,1158,rogue,subtlety,60,24,36
Пораменяться,gordunni,1156,rogue,subtlety,186,84,102
Shuffeyrt,frostmane,1154,rogue,subtlety,51,26,25
Flambî,dalaran,1153,rogue,subtlety,82,41,41
Ilovefanny,archimonde,1152,rogue,subtlety,12,12,0
Скорпеон,deathguard,1152,rogue,subtlety,48,32,16
Dexaqt,ravencrest,1152,rogue,subtlety,18,12,6
Skitzo,ravencrest,1152,rogue,subtlety,24,12,12
Melfîce,blackhand,1152,rogue,subtlety,48,20,28
Cntrlld,ravencrest,1151,rogue,subtlety,18,12,6
Озхоггер,gordunni,1151,rogue,subtlety,18,12,6
Чипшотина,azuregos,1151,rogue,subtlety,18,12,6
Jayjayklobsn,antonidas,1151,rogue,subtlety,24,12,12
Stepdancer,blackmoore,1150,rogue,subtlety,24,12,12
Avøry,antonidas,1150,rogue,subtlety,101,42,59
Hængøvèr,antonidas,1150,rogue,subtlety,30,12,18
Daichi,onyxia,1149,rogue,subtlety,32,13,19
Mega,nordrassil,1148,rogue,subtlety,18,12,6
Mercìles,kazzak,1148,rogue,subtlety,85,51,34
Menajerie,outland,1147,rogue,subtlety,24,12,12
Shiverbane,sargeras,1146,rogue,subtlety,28,14,14
Teralala,kazzak,1146,rogue,subtlety,24,12,12
Bonelesschic,silvermoon,1146,rogue,subtlety,24,12,12
Wraiith,chogall,1146,rogue,subtlety,24,12,12
Theriaeu,ravencrest,1146,rogue,subtlety,63,30,33
Nínjantiz,antonidas,1145,rogue,subtlety,24,12,12
Niinim,draenor,1144,rogue,subtlety,359,194,165
Knivestikker,twisting-nether,1144,rogue,subtlety,42,17,25
Huro,aggramar,1143,rogue,subtlety,18,12,6
Pikanother,dalaran,1143,rogue,subtlety,155,78,77
Bandèra,ragnaros,1143,rogue,subtlety,53,20,33
Subzhero,draenor,1142,rogue,subtlety,30,12,18
Mitaktika,silvermoon,1140,rogue,subtlety,18,12,6
Crípplé,ravencrest,1140,rogue,subtlety,18,12,6
Xdxdxdxdxdxd,drakthul,1140,rogue,subtlety,22,13,9
Lovetospoon,ravencrest,1140,rogue,subtlety,43,22,21
Roguegutten,quelthalas,1140,rogue,subtlety,35,15,20
Читэри,soulflayer,1139,rogue,subtlety,26,13,13
Slashendash,outland,1139,rogue,subtlety,24,12,12
Tíxoz,archimonde,1139,rogue,subtlety,24,12,12
Unbanmepls,ravencrest,1139,rogue,subtlety,30,12,18
Rálvius,blackrock,1138,rogue,subtlety,24,15,9
Факюселф,gordunni,1138,rogue,subtlety,24,13,11
Hazero,frostmane,1138,rogue,subtlety,30,12,18
Gihan,the-shatar,1135,rogue,subtlety,18,12,6
Prøven,archimonde,1135,rogue,subtlety,81,37,44
Zhopsy,nemesis,1135,rogue,subtlety,48,18,30
Schärrehänd,blackrock,1135,rogue,subtlety,42,15,27
Ланароудсс,gordunni,1134,rogue,subtlety,24,12,12
Xyfer,azshara,1134,rogue,subtlety,30,13,17
Thenotorious,shadowsong,1134,rogue,subtlety,122,52,70
Ithilyien,blackmoore,1134,rogue,subtlety,62,21,41
Shdlens,argent-dawn,1133,rogue,subtlety,65,24,41
Maxtnulaujeu,archimonde,1132,rogue,subtlety,71,33,38
Eightball,frostmane,1128,rogue,subtlety,24,12,12
Anala,stormreaver,1123,rogue,subtlety,24,14,10
Ithru,twisting-nether,1123,rogue,subtlety,313,159,154
Badsap,ravencrest,1123,rogue,subtlety,186,90,96
Gsi,hyjal,1123,rogue,subtlety,41,15,26
Faelylanea,argent-dawn,1122,rogue,subtlety,36,16,20
Berneo,burning-legion,1121,rogue,subtlety,42,13,29
Mïta,blackmoore,1119,rogue,subtlety,48,20,28
Sebik,ravencrest,1118,rogue,subtlety,23,12,11
Zyklvn,zuljin,1118,rogue,subtlety,30,12,18
Вайлиция,ashenvale,1115,rogue,subtlety,57,34,23
Сабанутый,howling-fjord,1112,rogue,subtlety,122,67,55
Coronababy,argent-dawn,1111,rogue,subtlety,24,13,11
Fodepalmas,sanguino,1110,rogue,subtlety,83,40,43
Вишнуизм,gordunni,1110,rogue,subtlety,36,12,24
Deprress,silvermoon,1109,rogue,subtlety,18,12,6
Spinetapper,ravencrest,1108,rogue,subtlety,24,12,12
Kodlak,silvermoon,1108,rogue,subtlety,30,13,17
Niceplan,frostmane,1106,rogue,subtlety,31,16,15
Latscholol,malorne,1106,rogue,subtlety,229,118,111
Pummra,kul-tiras,1105,rogue,subtlety,78,40,38
Jiraishin,blackmoore,1105,rogue,subtlety,42,18,24
Graymyst,outland,1103,rogue,subtlety,30,14,16
Banginghard,dunemaul,1103,rogue,subtlety,28,13,15
Cesârion,antonidas,1102,rogue,subtlety,335,163,172
Sênsus,antonidas,1102,rogue,subtlety,144,63,81
Понниваиз,gordunni,1100,rogue,subtlety,56,28,28
Hyrule,onyxia,1096,rogue,subtlety,99,46,53
Nirvána,outland,1095,rogue,subtlety,94,48,46
Knifeex,ravencrest,1094,rogue,subtlety,32,13,19
Jailkaz,thrall,1093,rogue,subtlety,29,13,16
Lizwi,ragnaros,1093,rogue,subtlety,36,14,22
Traickorogue,antonidas,1087,rogue,subtlety,17,12,5
Беточка,gordunni,1087,rogue,subtlety,54,31,23
Yüm,burning-blade,1087,rogue,subtlety,59,25,34
Yamoshí,sanguino,1086,rogue,subtlety,40,20,20
Tøxykø,archimonde,1086,rogue,subtlety,46,21,25
Чернабаев,soulflayer,1084,rogue,subtlety,22,12,10
Blantek,defias-brotherhood,1084,rogue,subtlety,46,24,22
Fumai,blackmoore,1082,rogue,subtlety,30,13,17
Dallrend,stormscale,1081,rogue,subtlety,42,19,23
Roóty,ravencrest,1080,rogue,subtlety,36,17,19
ßøß,ysondre,1077,rogue,subtlety,80,37,43
Fastspectre,ravencrest,1076,rogue,subtlety,103,54,49
Pepperbox,twisting-nether,1074,rogue,subtlety,30,15,15
Underarmor,kul-tiras,1074,rogue,subtlety,113,48,65
Зацеп,gordunni,1073,rogue,subtlety,36,22,14
Allurinea,silvermoon,1073,rogue,subtlety,105,59,46
Zenajlz,outland,1073,rogue,subtlety,22,12,10
Löka,amanthul,1071,rogue,subtlety,117,59,58
Псиихооз,eversong,1070,rogue,subtlety,25,13,12
Benvagin,hyjal,1067,rogue,subtlety,32,12,20
Stuxothug,silvermoon,1066,rogue,subtlety,91,47,44
Nerfexpected,silvermoon,1066,rogue,subtlety,29,12,17
Grinfester,stormscale,1066,rogue,subtlety,55,19,36
Kucheenstab,blackrock,1065,rogue,subtlety,30,13,17
Mídnight,khaz-modan,1065,rogue,subtlety,45,16,29
Copoka,dun-morogh,1063,rogue,subtlety,30,16,14
Розбэйник,gordunni,1061,rogue,subtlety,90,47,43
Mantîs,tarren-mill,1061,rogue,subtlety,77,38,39
Bultars,argent-dawn,1058,rogue,subtlety,78,29,49
Zkittlez,blackhand,1056,rogue,subtlety,18,11,7
Whaiipy,ravencrest,1056,rogue,subtlety,161,87,74
Sátyrícon,ravencrest,1056,rogue,subtlety,24,11,13
Roundrobin,ravencrest,1056,rogue,subtlety,30,11,19
Mollyperph,ravencrest,1055,rogue,subtlety,18,11,7
Kopka,draenor,1055,rogue,subtlety,18,11,7
Like,aegwynn,1055,rogue,subtlety,21,12,9
Twinkyzzö,archimonde,1055,rogue,subtlety,51,27,24
Aouron,archimonde,1055,rogue,subtlety,25,13,12
Zygzäg,hyjal,1055,rogue,subtlety,24,11,13
ßrklynprnc,blackrock,1055,rogue,subtlety,24,11,13
Флеймсфорт,gordunni,1055,rogue,subtlety,35,16,19
Oshä,dalaran,1054,rogue,subtlety,30,18,12
Nîllá,blackmoore,1054,rogue,subtlety,30,11,19
Sparrowxd,aegwynn,1053,rogue,subtlety,21,12,9
Hookäh,chants-éternels,1052,rogue,subtlety,24,11,13
Dubfey,silvermoon,1052,rogue,subtlety,24,11,13
Awaaylol,stormscale,1052,rogue,subtlety,24,11,13
Azg,chogall,1052,rogue,subtlety,31,14,17
Аутянин,soulflayer,1052,rogue,subtlety,72,22,50
Pinipiniizz,archimonde,1050,rogue,subtlety,12,11,1
Jorppe,kazzak,1050,rogue,subtlety,80,45,35
Shinõbikék,outland,1050,rogue,subtlety,30,11,19
Shirá,hyjal,1049,rogue,subtlety,18,11,7
Tripletwenty,ravencrest,1049,rogue,subtlety,18,11,7
Missàh,archimonde,1049,rogue,subtlety,18,11,7
Йованов,gordunni,1048,rogue,subtlety,18,11,7
Darkveil,xavius,1048,rogue,subtlety,24,11,13
Thedarkness,sylvanas,1047,rogue,subtlety,27,15,12
Shëîk,hyjal,1047,rogue,subtlety,49,24,25
Celendyl,ravencrest,1045,rogue,subtlety,24,13,11
Rearmer,burning-legion,1043,rogue,subtlety,30,11,19
Sicario,aegwynn,1041,rogue,subtlety,24,11,13
Koteczka,burning-legion,1040,rogue,subtlety,18,11,7
Goldenblitz,blackmoore,1040,rogue,subtlety,42,13,29
Rudyghb,doomhammer,1038,rogue,subtlety,59,31,28
Nanary,blackrock,1037,rogue,subtlety,38,14,24
Ccrogue,nemesis,1034,rogue,subtlety,66,34,32
Sassasine,amanthul,1033,rogue,subtlety,95,46,49
Drakaess,archimonde,1032,rogue,subtlety,24,11,13
Горланг,ashenvale,1031,rogue,subtlety,29,15,14
Sutisong,dun-modr,1031,rogue,subtlety,24,11,13
Greshnak,blackhand,1029,rogue,subtlety,37,14,23
Geroge,sylvanas,1028,rogue,subtlety,27,19,8
Freddybst,twisting-nether,1028,rogue,subtlety,38,20,18
Lylestra,neptulon,1028,rogue,subtlety,30,11,19
Finkle,blackmoore,1027,rogue,subtlety,30,11,19
Calyon,hyjal,1027,rogue,subtlety,63,18,45
Leylaris,argent-dawn,1026,rogue,subtlety,36,16,20
Byonics,durotan,1024,rogue,subtlety,18,11,7
Рэйбэк,howling-fjord,1024,rogue,subtlety,30,11,19
Surinamort,voljin,1022,rogue,subtlety,96,36,60
Vampor,sylvanas,1020,rogue,subtlety,115,47,68
Malfeasance,argent-dawn,1019,rogue,subtlety,24,11,13
Sît,twisting-nether,1018,rogue,subtlety,30,11,19
Умбрен,lich-king,1016,rogue,subtlety,42,24,18
Mordis,outland,1007,rogue,subtlety,23,11,12
Gobygoby,naxxramas,1007,rogue,subtlety,30,14,16
Снарки,booty-bay,1006,rogue,subtlety,118,61,57
Koutzai,stormscale,1006,rogue,subtlety,88,35,53
Райан,fordragon,1006,rogue,subtlety,29,11,18
Ratolí,dun-modr,1005,rogue,subtlety,24,16,8
Âtrâlês,azshara,1005,rogue,subtlety,21,11,10
Idrîl,rashgarroth,1002,rogue,subtlety,113,55,58
Valiéna,dun-morogh,1002,rogue,subtlety,76,27,49
Skankky,ragnaros,1000,rogue,subtlety,18,12,6
Katarïnä,khaz-modan,1000,rogue,subtlety,58,31,27
Axeldarq,draenor,998,rogue,subtlety,39,11,28
Cuckboy,chogall,997,rogue,subtlety,55,31,24
Pitmaster,burning-legion,997,rogue,subtlety,83,41,42
Sæqq,blackmoore,997,rogue,subtlety,60,24,36
Lenwe,blackmoore,996,rogue,subtlety,29,14,15
Drakhez,sanguino,995,rogue,subtlety,18,12,6
Энвитио,gordunni,993,rogue,subtlety,18,11,7
Garretygdar,nazjatar,992,rogue,subtlety,66,32,34
Зебол,howling-fjord,992,rogue,subtlety,66,31,35
Clinz,ravencrest,992,rogue,subtlety,32,12,20
Zygzåg,hyjal,990,rogue,subtlety,17,11,6
Outofnowhere,ravencrest,990,rogue,subtlety,23,11,12
Streîk,hyjal,987,rogue,subtlety,108,47,61
Charbiya,silvermoon,986,rogue,subtlety,24,12,12
Sheyrrà,aegwynn,980,rogue,subtlety,54,18,36
Thicck,twisting-nether,980,rogue,subtlety,48,13,35
Onemine,sanguino,978,rogue,subtlety,29,18,11
Houston,aegwynn,978,rogue,subtlety,40,17,23
Raglaron,draenor,977,rogue,subtlety,33,13,20
Sycko,alakir,976,rogue,subtlety,48,28,20
Laxer,burning-legion,976,rogue,subtlety,34,13,21
Dudemar,ravencrest,975,rogue,subtlety,24,11,13
Reginlief,argent-dawn,972,rogue,subtlety,47,21,26
Mallaurya,dalaran,971,rogue,subtlety,24,14,10
Shababe,tirion,971,rogue,subtlety,54,28,26
Hemorhoid,outland,970,rogue,subtlety,152,80,72
Liquidgaba,ravencrest,969,rogue,subtlety,114,58,56
Protolink,zuljin,969,rogue,subtlety,82,32,50
Mannheim,kazzak,968,rogue,subtlety,42,23,19
Roguevatar,quelthalas,968,rogue,subtlety,60,29,31
Mishana,thrall,966,rogue,subtlety,24,11,13
Jacktripper,blackrock,966,rogue,subtlety,72,26,46
Sentaria,argent-dawn,963,rogue,subtlety,66,35,31
Shíey,antonidas,963,rogue,subtlety,59,21,38
Madnessbg,tarren-mill,961,rogue,subtlety,33,18,15
Звиздаттый,blackscar,960,rogue,subtlety,18,10,8
Proilas,draenor,960,rogue,subtlety,24,10,14
Naazki,stormscale,960,rogue,subtlety,24,10,14
Duo,karazhan,960,rogue,subtlety,144,56,88
Mestarikélmi,ravencrest,960,rogue,subtlety,27,10,17
Slayered,burning-legion,960,rogue,subtlety,30,10,20
Spykee,culte-de-la-rive-noire,959,rogue,subtlety,12,10,2
Noboorstsub,ravencrest,959,rogue,subtlety,12,10,2
Chliapacka,burning-blade,959,rogue,subtlety,18,10,8
Pierrè,draenor,959,rogue,subtlety,18,10,8
Reichy,ravencrest,959,rogue,subtlety,30,10,20
Søsaboy,nemesis,958,rogue,subtlety,12,10,2
Mamutyo,kazzak,958,rogue,subtlety,12,10,2
Theshining,stormscale,958,rogue,subtlety,42,24,18
Kilabre,twisting-nether,958,rogue,subtlety,18,10,8
Djdillá,kazzak,958,rogue,subtlety,18,10,8
Icekisstv,hyjal,958,rogue,subtlety,18,10,8
Dimidimi,wildhammer,958,rogue,subtlety,18,10,8
Lalice,argent-dawn,957,rogue,subtlety,12,10,2
Shythairogue,area-52,957,rogue,subtlety,18,10,8
Галиновна,soulflayer,957,rogue,subtlety,202,91,111
Kolto,argent-dawn,957,rogue,subtlety,24,10,14
Kiiby,ravencrest,957,rogue,subtlety,36,10,26
Ilyrya,azuremyst,955,rogue,subtlety,18,10,8
Øê,ravencrest,955,rogue,subtlety,21,10,11
Psg,argent-dawn,955,rogue,subtlety,25,10,15
Zëkke,sanguino,954,rogue,subtlety,16,11,5
Neyokqt,blackrock,954,rogue,subtlety,18,10,8
Shaadowz,ragnaros,954,rogue,subtlety,68,36,32
Kuttunga,ravencrest,953,rogue,subtlety,21,10,11
Nacknschelle,thrall,953,rogue,subtlety,30,10,20
Baldim,silvermoon,949,rogue,subtlety,19,10,9
Zervi,silvermoon,949,rogue,subtlety,53,24,29
Lolblizard,gorgonnash,946,rogue,subtlety,27,15,12
Синграйм,soulflayer,942,rogue,subtlety,48,26,22
Zoodiac,khazgoroth,941,rogue,subtlety,29,10,19
Thiranor,cthun,940,rogue,subtlety,18,12,6
Bückdichdoch,blackhand,940,rogue,subtlety,30,10,20
Valdemort,uldum,939,rogue,subtlety,24,10,14
Скрытнаярога,ashenvale,939,rogue,subtlety,47,11,36
Ramone,ravencrest,935,rogue,subtlety,19,11,8
Oazo,ysondre,931,rogue,subtlety,101,45,56
Fizgaroth,argent-dawn,929,rogue,subtlety,97,50,47
Mestepping,draenor,928,rogue,subtlety,32,11,21
Owoaho,eonar,926,rogue,subtlety,24,14,10
Ридлли,soulflayer,926,rogue,subtlety,22,11,11
Rookierook,draenor,925,rogue,subtlety,36,14,22
Drakusus,azshara,924,rogue,subtlety,37,16,21
Strikes,eredar,923,rogue,subtlety,42,22,20
Kalstab,silvermoon,922,rogue,subtlety,20,11,9
Gegitka,burning-blade,914,rogue,subtlety,18,10,8
Alvoriace,hyjal,911,rogue,subtlety,33,17,16
Rifinou,archimonde,910,rogue,subtlety,18,11,7
Myønlyfans,hyjal,910,rogue,subtlety,17,10,7
Envyss,stormscale,910,rogue,subtlety,17,10,7
Sensule,darkspear,908,rogue,subtlety,23,10,13
Dainhek,gilneas,903,rogue,subtlety,61,31,30
Shurkan,antonidas,902,rogue,subtlety,48,22,26
Rêdbello,dun-morogh,901,rogue,subtlety,81,41,40
Sødø,silvermoon,900,rogue,subtlety,48,24,24
Vanquish,laughing-skull,898,rogue,subtlety,16,11,5
Haregan,gorgonnash,891,rogue,subtlety,18,10,8
Saroumani,eitrigg,891,rogue,subtlety,30,16,14
Gimliwitdega,doomhammer,889,rogue,subtlety,314,157,157
Trinchö,sanguino,888,rogue,subtlety,96,45,51
Shibaii,archimonde,887,rogue,subtlety,198,85,113
Davshadows,magtheridon,876,rogue,subtlety,48,22,26
Ракельяр,blackscar,875,rogue,subtlety,15,11,4
Rizzardx,ravencrest,875,rogue,subtlety,18,10,8
Grikra,argent-dawn,874,rogue,subtlety,44,22,22
Kikkshifter,zuluhed,874,rogue,subtlety,36,17,19
Sephika,chants-éternels,871,rogue,subtlety,55,13,42
Zarlen,argent-dawn,870,rogue,subtlety,108,41,67
Hersuub,blackmoore,868,rogue,subtlety,70,31,39
Mortdorei,argent-dawn,866,rogue,subtlety,97,47,50
Фейкрогуех,soulflayer,864,rogue,subtlety,12,9,3
Гаротка,razuvious,864,rogue,subtlety,12,9,3
Фрозенденс,gordunni,864,rogue,subtlety,12,9,3
Kostik,ravencrest,864,rogue,subtlety,12,9,3
Hængøver,antonidas,864,rogue,subtlety,12,9,3
Анми,gordunni,864,rogue,subtlety,12,9,3
Irugä,dun-modr,864,rogue,subtlety,18,9,9
Geá,ravencrest,864,rogue,subtlety,18,9,9
Draytonlove,nemesis,864,rogue,subtlety,18,9,9
Ðéstr,ravencrest,864,rogue,subtlety,18,9,9
Cortyup,ravencrest,864,rogue,subtlety,18,9,9
Хищницагодх,gordunni,864,rogue,subtlety,18,9,9
Nasklagatv,rashgarroth,864,rogue,subtlety,18,9,9
Astereex,sylvanas,863,rogue,subtlety,12,9,3
Jrexx,silvermoon,863,rogue,subtlety,12,9,3
Ambulances,kazzak,863,rogue,subtlety,12,9,3
Gserog,chamber-of-aspects,863,rogue,subtlety,12,9,3
Visegrád,aggra-português,863,rogue,subtlety,12,9,3
Рэкрейвон,gordunni,863,rogue,subtlety,18,9,9
Сэвенлайф,soulflayer,863,rogue,subtlety,18,9,9
Oguru,eredar,863,rogue,subtlety,18,9,9
Skullboy,blackmoore,863,rogue,subtlety,18,9,9
Taistelu,outland,863,rogue,subtlety,18,9,9
Mutoeksi,twisting-nether,863,rogue,subtlety,18,9,9
Tonu,sanguino,863,rogue,subtlety,18,9,9
Syniel,conseil-des-ombres,863,rogue,subtlety,18,9,9
Alleyezonme,stormscale,863,rogue,subtlety,18,9,9
Sølølvlîng,dun-modr,863,rogue,subtlety,30,9,21
Nícks,tarren-mill,862,rogue,subtlety,18,9,9
Leanderrisin,ragnaros,862,rogue,subtlety,18,9,9
Imrat,stormscale,862,rogue,subtlety,18,9,9
Oldschool,sanguino,862,rogue,subtlety,18,9,9
Hérat,silvermoon,862,rogue,subtlety,24,9,15
Nîmaj,hyjal,862,rogue,subtlety,30,11,19
Neverdyingx,ragnaros,862,rogue,subtlety,30,9,21
Crixor,blackrock,861,rogue,subtlety,12,9,3
Fwizk,twisting-nether,861,rogue,subtlety,18,9,9
Lêvi,outland,861,rogue,subtlety,18,9,9
Isodad,kazzak,861,rogue,subtlety,18,9,9
Duffbeer,silvermoon,861,rogue,subtlety,18,9,9
Хоткиннс,soulflayer,861,rogue,subtlety,24,9,15
Stepbrogue,tarren-mill,860,rogue,subtlety,18,9,9
Shinkillua,archimonde,860,rogue,subtlety,18,9,9
Getbleeded,stormscale,859,rogue,subtlety,18,9,9
Bagirä,sylvanas,859,rogue,subtlety,21,9,12
Invisage,grim-batol,859,rogue,subtlety,24,9,15
Emìlia,tarren-mill,858,rogue,subtlety,18,9,9
Куцитар,gordunni,858,rogue,subtlety,18,9,9
Hade,azjolnerub,858,rogue,subtlety,18,9,9
Sequoja,blackrock,858,rogue,subtlety,24,9,15
Cozu,stormrage,857,rogue,subtlety,122,60,62
Aluneran,silvermoon,857,rogue,subtlety,24,9,15
Kylìemirogue,blackrock,857,rogue,subtlety,30,9,21
Эльфайнити,gordunni,856,rogue,subtlety,24,9,15
Антиппод,razuvious,854,rogue,subtlety,15,10,5
Cramzes,defias-brotherhood,854,rogue,subtlety,24,9,15
Hellboo,uldaman,853,rogue,subtlety,18,9,9
Тучс,gordunni,853,rogue,subtlety,19,9,10
Wìzléy,ravencrest,852,rogue,subtlety,81,39,42
Rouge,der-rat-von-dalaran,849,rogue,subtlety,18,9,9
Nighteshift,silvermoon,847,rogue,subtlety,30,9,21
Jabbo,silvermoon,845,rogue,subtlety,36,11,25
Lqueespack,kazzak,845,rogue,subtlety,39,10,29
Badfjodr,argent-dawn,844,rogue,subtlety,23,9,14
Anklash,blackrock,839,rogue,subtlety,43,12,31
Фогус,greymane,834,rogue,subtlety,32,15,17
Gizr,haomarush,832,rogue,subtlety,80,35,45
Пандафей,deathweaver,831,rogue,subtlety,24,9,15
Puge,norgannon,829,rogue,subtlety,35,9,26
Aeønaxx,hyjal,827,rogue,subtlety,76,32,44
Snake,nethersturm,827,rogue,subtlety,89,30,59
Dezirae,silvermoon,826,rogue,subtlety,22,9,13
Haelkil,kazzak,824,rogue,subtlety,16,9,7
Пупичудо,howling-fjord,823,rogue,subtlety,41,9,32
Ecray,burning-legion,821,rogue,subtlety,104,50,54
Tnk,twisting-nether,817,rogue,subtlety,18,10,8
Евриклол,soulflayer,815,rogue,subtlety,23,9,14
Rafax,cthun,814,rogue,subtlety,48,18,30
Prda,aegwynn,810,rogue,subtlety,78,31,47
Wurzelzepp,blackrock,810,rogue,subtlety,23,9,14
Dellya,twisting-nether,806,rogue,subtlety,24,9,15
Snogri,burning-legion,805,rogue,subtlety,48,16,32
Cabalion,draenor,800,rogue,subtlety,54,24,30
Теньвора,howling-fjord,800,rogue,subtlety,41,17,24
Тираэлюшка,thermaplugg,799,rogue,subtlety,16,9,7
Ashâa,hyjal,799,rogue,subtlety,18,9,9
Ergaviota,colinas-pardas,790,rogue,subtlety,54,12,42
Singularität,silvermoon,774,rogue,subtlety,163,80,83
Фрозенблейдс,gordunni,768,rogue,subtlety,12,8,4
Джеанит,gordunni,768,rogue,subtlety,12,8,4
Dêlaral,zirkel-des-cenarius,768,rogue,subtlety,12,8,4
Rogxy,blackrock,768,rogue,subtlety,12,8,4
Rannec,der-rat-von-dalaran,768,rogue,subtlety,12,8,4
Tilikum,pozzo-delleternità,768,rogue,subtlety,12,8,4
Devourswine,argent-dawn,768,rogue,subtlety,12,8,4
Digmore,drakthul,768,rogue,subtlety,12,8,4
Robtherobber,kazzak,768,rogue,subtlety,12,8,4
Jénny,sylvanas,768,rogue,subtlety,144,66,78
Lesbinan,kazzak,768,rogue,subtlety,18,8,10
Ohdaesu,aegwynn,768,rogue,subtlety,18,8,10
Chavidancerr,twisting-nether,767,rogue,subtlety,12,8,4
Ferrãof,aggra-português,767,rogue,subtlety,12,8,4
Yunalescax,outland,767,rogue,subtlety,18,8,10
Maxrizzx,ravencrest,767,rogue,subtlety,18,8,10
Bakalan,dun-modr,767,rogue,subtlety,18,8,10
Bekkz,todeswache,767,rogue,subtlety,18,8,10
Swiftyfan,silvermoon,767,rogue,subtlety,18,8,10
Sanzoo,blackmoore,767,rogue,subtlety,18,8,10
Darkenough,outland,767,rogue,subtlety,18,8,10
Cirell,tarren-mill,767,rogue,subtlety,18,8,10
Mdadx,stormreaver,767,rogue,subtlety,18,8,10
Ðrxy,outland,767,rogue,subtlety,18,8,10
Технорэйв,gordunni,767,rogue,subtlety,24,8,16
Whîspêr,ravencrest,767,rogue,subtlety,24,8,16
Kleptomaniac,aggra-português,767,rogue,subtlety,24,8,16
Хаймох,gordunni,767,rogue,subtlety,30,8,22
Batskcab,blackmoore,767,rogue,subtlety,30,8,22
Backstabjr,blackmoore,767,rogue,subtlety,30,8,22
Rushhd,exodar,767,rogue,subtlety,50,9,41
Chazsakaï,chogall,766,rogue,subtlety,12,8,4
Baradiir,defias-brotherhood,766,rogue,subtlety,12,8,4
Ytaku,stormscale,766,rogue,subtlety,13,8,5
Красаа,soulflayer,766,rogue,subtlety,18,8,10
Nekhâ,hyjal,766,rogue,subtlety,18,8,10
Tyzla,blackrock,766,rogue,subtlety,18,8,10
Лоулайф,soulflayer,765,rogue,subtlety,18,8,10
Люняшка,booty-bay,765,rogue,subtlety,18,8,10
Pirry,sanguino,764,rogue,subtlety,12,8,4
Wingobear,ysondre,764,rogue,subtlety,18,8,10
Клоуняша,gordunni,764,rogue,subtlety,18,8,10
Kruuv,dun-morogh,764,rogue,subtlety,18,8,10
Purexrogue,dragonblight,764,rogue,subtlety,18,8,10
Deceitfull,stormscale,764,rogue,subtlety,18,8,10
Chuckloriss,garona,764,rogue,subtlety,18,8,10
Ojisanx,outland,764,rogue,subtlety,24,8,16
Zaliria,sanguino,763,rogue,subtlety,24,8,16
Akcell,silvermoon,762,rogue,subtlety,12,8,4
Stabwøund,the-maelstrom,761,rogue,subtlety,12,8,4
Tjockolocø,tarren-mill,760,rogue,subtlety,12,8,4
Greendager,cthun,760,rogue,subtlety,30,8,22
Sayy,nemesis,759,rogue,subtlety,24,8,16
Бекро,gordunni,756,rogue,subtlety,12,8,4
Roxley,der-mithrilorden,754,rogue,subtlety,40,14,26
Cusmos,twisting-nether,753,rogue,subtlety,18,8,10
Batsu,alleria,753,rogue,subtlety,18,8,10
Всечтобыло,howling-fjord,748,rogue,subtlety,12,8,4
Yenzie,dragonblight,745,rogue,subtlety,18,8,10
Faded,terokkar,744,rogue,subtlety,30,8,22
Nuttcracker,ragnaros,737,rogue,subtlety,36,9,27
Nyreslag,stormreaver,734,rogue,subtlety,14,9,5
Briggo,silvermoon,714,rogue,subtlety,23,9,14
Natekoti,kazzak,714,rogue,subtlety,42,10,32
Nakli,antonidas,713,rogue,subtlety,21,9,12
Faable,silvermoon,709,rogue,subtlety,59,19,40
Abomïñatïøñ,ravencrest,704,rogue,subtlety,108,39,69
Allchatoff,drakthul,703,rogue,subtlety,11,8,3
Loax,archimonde,703,rogue,subtlety,17,8,9
Войенх,gordunni,703,rogue,subtlety,22,8,14
Khorvus,ragnaros,702,rogue,subtlety,20,8,12
Deave,kazzak,702,rogue,subtlety,22,8,14
Naiikaii,aegwynn,688,rogue,subtlety,14,8,6
Olivares,ravencrest,686,rogue,subtlety,19,8,11
Erepthor,the-maelstrom,686,rogue,subtlety,25,8,17
Owlcat,argent-dawn,681,rogue,subtlety,24,8,16
Gigasoyboy,auchindoun,672,rogue,subtlety,12,7,5
Menos,draenor,672,rogue,subtlety,12,7,5
Corpsbeau,ysondre,672,rogue,subtlety,12,7,5
Jincksrogue,argent-dawn,672,rogue,subtlety,12,7,5
Троджегард,gordunni,672,rogue,subtlety,12,7,5
Lovethighs,argent-dawn,672,rogue,subtlety,12,7,5
Bladeage,nazjatar,672,rogue,subtlety,12,7,5
Groobii,area-52,672,rogue,subtlety,12,7,5
Steal,nemesis,672,rogue,subtlety,12,7,5
Zygzaag,hyjal,672,rogue,subtlety,12,7,5
Natillaa,dun-modr,672,rogue,subtlety,12,7,5
Qira,burning-blade,672,rogue,subtlety,12,7,5
Rmprockstar,blackrock,672,rogue,subtlety,12,7,5
Shreya,blackrock,672,rogue,subtlety,12,7,5
Redork,twisting-nether,672,rogue,subtlety,12,7,5
Tagaichi,silvermoon,672,rogue,subtlety,12,7,5
Snýz,darksorrow,672,rogue,subtlety,12,7,5
Лэйап,soulflayer,672,rogue,subtlety,12,7,5
Gavranovski,ravencrest,672,rogue,subtlety,12,7,5
Darkesthonor,silvermoon,672,rogue,subtlety,18,7,11
Rantie,onyxia,672,rogue,subtlety,18,7,11
Famous,blackhand,672,rogue,subtlety,18,7,11
Zappdaddy,frostwolf,672,rogue,subtlety,18,7,11
Inviseriu,nordrassil,672,rogue,subtlety,18,7,11
Donchichi,archimonde,672,rogue,subtlety,18,7,11
Lôre,blackrock,672,rogue,subtlety,18,7,11
Caípi,frostwolf,672,rogue,subtlety,18,7,11
Nirùút,blackrock,672,rogue,subtlety,21,8,13
Odrey,aegwynn,671,rogue,subtlety,12,7,5
Epi,stormrage,671,rogue,subtlety,12,7,5
Hyake,zuljin,671,rogue,subtlety,12,7,5
Soulshank,ragnaros,671,rogue,subtlety,12,7,5
Nopz,outland,671,rogue,subtlety,12,7,5
Zyhmø,archimonde,671,rogue,subtlety,12,7,5
Cøntfarmer,stormscale,671,rogue,subtlety,12,7,5
Mocarta,draenor,671,rogue,subtlety,12,7,5
Казутора,lich-king,671,rogue,subtlety,12,7,5
Heartripper,ravencrest,671,rogue,subtlety,12,7,5
Vathié,twisting-nether,671,rogue,subtlety,12,7,5
Kppz,burning-legion,671,rogue,subtlety,12,7,5
Codens,kazzak,671,rogue,subtlety,12,7,5
Wtbmeld,tarren-mill,671,rogue,subtlety,15,8,7
Asmodal,die-nachtwache,671,rogue,subtlety,18,7,11
Backstabbín,kazzak,671,rogue,subtlety,18,7,11
Smörkniven,argent-dawn,671,rogue,subtlety,18,7,11
Késs,aegwynn,671,rogue,subtlety,18,7,11
Tybiereus,argent-dawn,671,rogue,subtlety,18,7,11
Karomox,blackmoore,671,rogue,subtlety,18,7,11
Сбертяночка,gordunni,671,rogue,subtlety,18,7,11
Lanewuquvi,alonsus,671,rogue,subtlety,18,7,11
Katara,antonidas,671,rogue,subtlety,18,7,11
Totentánz,silvermoon,671,rogue,subtlety,18,7,11
Ellira,stormscale,671,rogue,subtlety,18,7,11
Roronao,sanguino,671,rogue,subtlety,18,7,11
Сабстил,soulflayer,671,rogue,subtlety,18,7,11
Rogftw,blackmoore,671,rogue,subtlety,24,7,17
Nøtiçe,kazzak,671,rogue,subtlety,24,7,17
Sneakypeakii,ravencrest,671,rogue,subtlety,24,7,17
Daggoth,kiljaeden,671,rogue,subtlety,24,7,17
Princip,drakthul,671,rogue,subtlety,24,7,17
Xenakeuh,kazzak,670,rogue,subtlety,12,7,5
Nemesiis,blackmoore,670,rogue,subtlety,23,9,14
Iwashíding,draenor,670,rogue,subtlety,18,7,11
Rekaens,sylvanas,670,rogue,subtlety,18,7,11
Shâdow,ravenholdt,670,rogue,subtlety,24,7,17
Sharlay,drakthul,670,rogue,subtlety,30,7,23
Vexsis,kazzak,669,rogue,subtlety,12,7,5
Lepreuchan,archimonde,669,rogue,subtlety,12,7,5
Пникекс,soulflayer,669,rogue,subtlety,12,7,5
Unkempt,argent-dawn,669,rogue,subtlety,12,7,5
Снэйк,blackscar,669,rogue,subtlety,18,7,11
Drbackstab,hellfire,669,rogue,subtlety,18,7,11
Doga,ravencrest,669,rogue,subtlety,18,7,11
Nullname,ragnaros,669,rogue,subtlety,24,7,17
Elnos,conseil-des-ombres,668,rogue,subtlety,12,7,5
Kaynasi,hyjal,668,rogue,subtlety,83,20,63
Путаюсь,gordunni,667,rogue,subtlety,12,7,5
Shanos,ravencrest,667,rogue,subtlety,12,7,5
Kunigunde,shattered-hand,667,rogue,subtlety,18,7,11
Cacucoxpahu,kazzak,666,rogue,subtlety,12,7,5
Skene,sanguino,665,rogue,subtlety,58,18,40
Posaydon,malorne,664,rogue,subtlety,18,7,11
Bset,zuljin,664,rogue,subtlety,18,7,11
Azkiel,archimonde,663,rogue,subtlety,18,7,11
Eagleyetr,karazhan,662,rogue,subtlety,12,7,5
Misscash,ragnaros,661,rogue,subtlety,12,7,5
Iceyspicey,outland,658,rogue,subtlety,30,7,23
Brancovich,magtheridon,638,rogue,subtlety,17,7,10
Drspectres,tarren-mill,626,rogue,subtlety,78,20,58
Diagnoze,twisting-nether,623,rogue,subtlety,11,7,4
Найсгодх,gordunni,618,rogue,subtlety,17,7,10
Ripye,shattered-hand,617,rogue,subtlety,11,7,4
Biianca,sylvanas,608,rogue,subtlety,16,7,9
Kosmonaut,pozzo-delleternità,607,rogue,subtlety,11,7,4
Alyannå,culte-de-la-rive-noire,607,rogue,subtlety,11,7,4
Stekfläsk,argent-dawn,607,rogue,subtlety,14,7,7
Øks,culte-de-la-rive-noire,607,rogue,subtlety,16,7,9
Psajcho,ragnaros,607,rogue,subtlety,17,7,10
Aprroo,ragnaros,607,rogue,subtlety,20,7,13
Кийян,howling-fjord,606,rogue,subtlety,11,7,4
Szmergla,burning-legion,606,rogue,subtlety,20,7,13
Dixylebanit,outland,576,rogue,subtlety,6,6,0
Logicalxy,ravencrest,576,rogue,subtlety,6,6,0
Ichiegoichie,draenor,576,rogue,subtlety,6,6,0
Sýn,eredar,576,rogue,subtlety,6,6,0
Richardjerry,stormscale,576,rogue,subtlety,6,6,0
Feradelia,thrall,576,rogue,subtlety,12,6,6
Zenone,marécage-de-zangar,576,rogue,subtlety,12,6,6
Prky,doomhammer,576,rogue,subtlety,12,6,6
Ypoxthonius,silvermoon,576,rogue,subtlety,12,6,6
Элайджигроу,howling-fjord,576,rogue,subtlety,12,6,6
Àlleyezonme,ravencrest,576,rogue,subtlety,12,6,6
Morphicsxd,silvermoon,576,rogue,subtlety,12,6,6
Xhtzn,ysondre,576,rogue,subtlety,12,6,6
Ciosy,blackrock,576,rogue,subtlety,12,6,6
Unluckythen,ravencrest,576,rogue,subtlety,12,6,6
Nightboyz,kazzak,576,rogue,subtlety,12,6,6
Grousie,ravencrest,576,rogue,subtlety,12,6,6
Hàze,sargeras,576,rogue,subtlety,12,6,6
Marcel,blackrock,576,rogue,subtlety,12,6,6
Уммиикк,goldrinn,576,rogue,subtlety,12,6,6
Killmani,ravencrest,576,rogue,subtlety,12,6,6
Deceptionz,ravencrest,576,rogue,subtlety,12,6,6
Мипанка,gordunni,576,rogue,subtlety,12,6,6
Woishi,hyjal,576,rogue,subtlety,12,6,6
Truesilver,deathwing,576,rogue,subtlety,12,6,6
Harinef,silvermoon,576,rogue,subtlety,12,6,6
Ghøßt,outland,576,rogue,subtlety,12,6,6
Elyndri,archimonde,576,rogue,subtlety,12,6,6
Røguøross,archimonde,576,rogue,subtlety,12,6,6
Shinti,eredar,576,rogue,subtlety,12,6,6
Ewlynaisbad,ragnaros,576,rogue,subtlety,12,6,6
Jabbz,blackhand,576,rogue,subtlety,12,6,6
Soulriver,kelthuzad,576,rogue,subtlety,15,7,8
Kerìon,nemesis,576,rogue,subtlety,18,6,12
Грустныйрог,gordunni,576,rogue,subtlety,18,6,12
Haigø,archimonde,576,rogue,subtlety,18,6,12
Celadrie,kazzak,576,rogue,subtlety,18,6,12
Cobrâk,archimonde,576,rogue,subtlety,18,6,12
Dîspatchx,defias-brotherhood,576,rogue,subtlety,18,6,12
Isteria,sylvanas,576,rogue,subtlety,18,6,12
Tashunkosapa,xavius,576,rogue,subtlety,18,6,12
Blihhubba,silvermoon,576,rogue,subtlety,24,6,18
Åvírøñgðd,ravencrest,576,rogue,subtlety,24,6,18
Øzs,argent-dawn,576,rogue,subtlety,24,6,18
Cêline,silvermoon,576,rogue,subtlety,30,6,24
Candyshot,thrall,575,rogue,subtlety,12,6,6
Botnet,blackmoore,575,rogue,subtlety,12,6,6
Kalix,agamaggan,575,rogue,subtlety,12,6,6
Kaleigh,grim-batol,575,rogue,subtlety,12,6,6
Snustjuven,stormscale,575,rogue,subtlety,12,6,6
Eup,outland,575,rogue,subtlety,12,6,6
Igel,antonidas,575,rogue,subtlety,12,6,6
Breuss,elune,575,rogue,subtlety,12,6,6
Bananashow,aegwynn,575,rogue,subtlety,12,6,6
Crispflake,frostwolf,575,rogue,subtlety,12,6,6
Nóre,kazzak,575,rogue,subtlety,12,6,6
Thatsdmg,blackmoore,575,rogue,subtlety,12,6,6
Girlname,the-maelstrom,575,rogue,subtlety,18,6,12
Hertyso,outland,575,rogue,subtlety,18,6,12
Coolspot,archimonde,575,rogue,subtlety,18,6,12
Шторкаа,gordunni,575,rogue,subtlety,18,6,12
Zëd,draenor,574,rogue,subtlety,12,6,6
Soshady,spinebreaker,574,rogue,subtlety,12,6,6
Trenbeast,tarren-mill,574,rogue,subtlety,15,7,8
Raiyqyu,archimonde,574,rogue,subtlety,16,7,9
Kamagrajelly,blackrock,574,rogue,subtlety,18,6,12
Rojiel,die-todeskrallen,574,rogue,subtlety,24,6,18
Sylvielle,azshara,573,rogue,subtlety,12,6,6
Eviroz,culte-de-la-rive-noire,573,rogue,subtlety,12,6,6
Røxxilly,blackmoore,573,rogue,subtlety,13,6,7
Wolffgang,dalaran,571,rogue,subtlety,12,6,6
Kalona,ravencrest,571,rogue,subtlety,18,6,12
Xargonis,blackrock,571,rogue,subtlety,18,6,12
Sanykrugo,ragnaros,571,rogue,subtlety,18,6,12
Darkolive,defias-brotherhood,571,rogue,subtlety,19,6,13
Leukhra,dun-modr,570,rogue,subtlety,12,6,6
Demonrok,stormscale,569,rogue,subtlety,12,6,6
Lêvî,sanguino,569,rogue,subtlety,12,6,6
Rhaacvar,magtheridon,566,rogue,subtlety,12,6,6
Frézzer,tirion,566,rogue,subtlety,12,6,6
Auarg,argent-dawn,565,rogue,subtlety,12,6,6
Cinimimi,magtheridon,560,rogue,subtlety,18,6,12
Grekén,bronze-dragonflight,558,rogue,subtlety,17,6,11
Sizzurp,kargath,555,rogue,subtlety,36,6,30
Raneya,antonidas,551,rogue,subtlety,30,6,24
Lolstarrogue,ambossar,544,rogue,subtlety,10,6,4
Ежикх,soulflayer,543,rogue,subtlety,17,6,11
Marryhim,blackhand,543,rogue,subtlety,17,6,11
Roguy,wildhammer,543,rogue,subtlety,17,6,11
Килларан,howling-fjord,539,rogue,subtlety,8,7,1
Notwhaazz,ravencrest,528,rogue,subtlety,9,7,2
Mpß,tarren-mill,527,rogue,subtlety,11,6,5
Leÿji,archimonde,522,rogue,subtlety,17,7,10
Akamee,temple-noir,522,rogue,subtlety,21,8,13
Jaramshaela,cthun,521,rogue,subtlety,28,7,21
Malignance,drakthul,511,rogue,subtlety,14,7,7
Marcnk,stormscale,511,rogue,subtlety,16,6,10
Viiltäjäjack,stormscale,510,rogue,subtlety,14,6,8
Vanthir,drakthul,510,rogue,subtlety,31,7,24
Stealthr,silvermoon,495,rogue,subtlety,11,6,5
Ripinpiece,outland,494,rogue,subtlety,19,6,13
Deadrâw,aegwynn,480,rogue,subtlety,6,5,1
Lastsight,burning-legion,480,rogue,subtlety,6,5,1
Rnkx,dun-modr,480,rogue,subtlety,6,5,1
Zrka,hyjal,480,rogue,subtlety,6,5,1
Makerrx,tarren-mill,480,rogue,subtlety,6,5,1
Фэйкуои,gordunni,480,rogue,subtlety,6,5,1
Mastrmind,twisting-nether,480,rogue,subtlety,6,5,1
Storsnasen,frostmane,480,rogue,subtlety,6,5,1
Zkyy,ravencrest,480,rogue,subtlety,6,5,1
Araniana,kazzak,480,rogue,subtlety,6,5,1
Deinorsin,outland,480,rogue,subtlety,6,5,1
Penetrantos,eredar,480,rogue,subtlety,6,5,1
Rightplay,outland,480,rogue,subtlety,6,5,1
Ðoppex,blackmoore,480,rogue,subtlety,6,5,1
Tinwee,ravencrest,480,rogue,subtlety,6,5,1
Бонястелс,gordunni,480,rogue,subtlety,6,5,1
Soufraki,tarren-mill,480,rogue,subtlety,12,5,7
Madboo,kazzak,480,rogue,subtlety,12,5,7
Thriva,blackmoore,480,rogue,subtlety,12,5,7
Xatra,hyjal,480,rogue,subtlety,12,5,7
Альтушкаа,gordunni,480,rogue,subtlety,12,5,7
Okiboo,silvermoon,480,rogue,subtlety,12,5,7
Рюджик,soulflayer,480,rogue,subtlety,12,5,7
Janx,aegwynn,480,rogue,subtlety,12,5,7
Muzkek,argent-dawn,480,rogue,subtlety,12,5,7
Beyzqt,antonidas,480,rogue,subtlety,12,5,7
Травметх,deathguard,480,rogue,subtlety,12,5,7
Protpaladin,sylvanas,480,rogue,subtlety,12,5,7
Roguefarm,hyjal,480,rogue,subtlety,12,5,7
Ghrøm,hyjal,480,rogue,subtlety,12,5,7
Rbgdowngrade,ravencrest,480,rogue,subtlety,12,5,7
Nhonhonho,silvermoon,480,rogue,subtlety,12,5,7
Somaliapirat,eredar,480,rogue,subtlety,12,5,7
Waakø,todeswache,480,rogue,subtlety,12,5,7
Srtumor,zuljin,480,rogue,subtlety,12,5,7
Slicéndicé,wildhammer,480,rogue,subtlety,12,5,7
Pyridoxin,blackmoore,480,rogue,subtlety,12,5,7
Khepaso,sanguino,480,rogue,subtlety,12,5,7
Mzaa,ravencrest,480,rogue,subtlety,12,5,7
Фрозеншедов,gordunni,480,rogue,subtlety,12,5,7
Кашеварить,gordunni,480,rogue,subtlety,12,5,7
Blazestórm,stormscale,480,rogue,subtlety,12,5,7
Lurk,saurfang,480,rogue,subtlety,12,5,7
Кмска,soulflayer,480,rogue,subtlety,12,5,7
Ра,gordunni,480,rogue,subtlety,12,5,7
Xahl,ysondre,480,rogue,subtlety,12,5,7
Notsuitable,blackhand,480,rogue,subtlety,12,5,7
Khazren,ravencrest,480,rogue,subtlety,12,5,7
Mâriejânee,nozdormu,480,rogue,subtlety,12,5,7
ßuha,stormscale,480,rogue,subtlety,12,5,7
Poizen,steamwheedle-cartel,480,rogue,subtlety,12,5,7
Shènz,ysondre,480,rogue,subtlety,12,5,7
Киднитучер,fordragon,480,rogue,subtlety,12,5,7
Mesyo,blackhand,480,rogue,subtlety,12,5,7
Prseven,blackmoore,480,rogue,subtlety,12,5,7
Kafross,silvermoon,480,rogue,subtlety,12,5,7
Rsksrb,tarren-mill,480,rogue,subtlety,12,5,7
Loydleretour,hyjal,480,rogue,subtlety,15,5,10
Knifez,ravencrest,480,rogue,subtlety,18,5,13
Ajwenx,ravencrest,480,rogue,subtlety,18,5,13
Ðefsmøkêz,tyrande,480,rogue,subtlety,18,5,13
Alyana,eldrethalas,480,rogue,subtlety,18,5,13
Новиччокк,gordunni,480,rogue,subtlety,24,5,19
Skaúr,malganis,480,rogue,subtlety,24,5,19
Typhoo,ravencrest,480,rogue,subtlety,30,5,25
Ruthraz,outland,479,rogue,subtlety,6,5,1
Инвесторша,gordunni,479,rogue,subtlety,6,5,1
Nøxia,hyjal,479,rogue,subtlety,12,5,7
Grocco,doomhammer,479,rogue,subtlety,12,5,7
Ryxon,arathor,479,rogue,subtlety,12,5,7
Rydéordie,blackrock,479,rogue,subtlety,12,5,7
Abrhykoo,hyjal,479,rogue,subtlety,12,5,7
Raizø,argent-dawn,479,rogue,subtlety,12,5,7
Tsakaloss,doomhammer,479,rogue,subtlety,12,5,7
Smorcoolio,stormscale,479,rogue,subtlety,12,5,7
Giftdolken,outland,479,rogue,subtlety,12,5,7
Deadchivalry,argent-dawn,479,rogue,subtlety,12,5,7
Smøth,ysondre,479,rogue,subtlety,15,6,9
Eléya,blackhand,479,rogue,subtlety,13,5,8
Angelbeats,outland,479,rogue,subtlety,18,5,13
Misamia,nemesis,479,rogue,subtlety,18,5,13
Zeroshadow,burning-legion,479,rogue,subtlety,18,5,13
Пусирога,soulflayer,479,rogue,subtlety,18,5,13
Скэлд,ashenvale,479,rogue,subtlety,18,5,13
Spnzr,draenor,478,rogue,subtlety,6,5,1
Gartham,tarren-mill,478,rogue,subtlety,6,5,1
Shadowstern,daggerspine,478,rogue,subtlety,12,5,7
Yuunr,kazzak,478,rogue,subtlety,12,5,7
Чекдесаута,gordunni,478,rogue,subtlety,12,5,7
Soulreapeer,twisting-nether,478,rogue,subtlety,21,6,15
Mozenn,draenor,478,rogue,subtlety,19,5,14
Liirja,twisting-nether,478,rogue,subtlety,30,5,25
Эльтаэрон,gordunni,477,rogue,subtlety,12,5,7
Приколдэсса,gordunni,477,rogue,subtlety,18,5,13
Injux,blackmoore,476,rogue,subtlety,12,5,7
Batonrouge,kazzak,476,rogue,subtlety,12,5,7
Skeeto,blackmoore,476,rogue,subtlety,18,5,13
Drpsykose,tarren-mill,472,rogue,subtlety,12,5,7
Иордани,gordunni,467,rogue,subtlety,30,8,22
Scratcheye,twisting-nether,465,rogue,subtlety,24,5,19
Seltharion,outland,463,rogue,subtlety,11,5,6
Whitestabber,thunderhorn,461,rogue,subtlety,23,5,18
Кумаме,howling-fjord,447,rogue,subtlety,11,5,6
Syrio,nemesis,432,rogue,subtlety,15,6,9
Leselenrmax,archimonde,432,rogue,subtlety,15,5,10
Сексикаесу,soulflayer,431,rogue,subtlety,11,5,6
Iwillberone,ravencrest,431,rogue,subtlety,17,5,12
Asäp,archimonde,426,rogue,subtlety,15,7,8
Gødmõdë,outland,426,rogue,subtlety,13,6,7
Phaîne,outland,424,rogue,subtlety,16,7,9
Itsforme,kazzak,415,rogue,subtlety,14,5,9
Yakku,drakthul,415,rogue,subtlety,20,5,15
Bystroscy,silvermoon,398,rogue,subtlety,10,5,5
Algopyrin,ragnaros,396,rogue,subtlety,13,5,8
Ронаис,soulflayer,384,rogue,subtlety,6,4,2
Freijasap,ravencrest,384,rogue,subtlety,6,4,2
Mol,defias-brotherhood,384,rogue,subtlety,6,4,2
Stabbs,balnazzar,384,rogue,subtlety,6,4,2
Rakuwata,the-maelstrom,384,rogue,subtlety,6,4,2
Zyx,ravencrest,384,rogue,subtlety,6,4,2
Wrestlér,sylvanas,384,rogue,subtlety,6,4,2
Darx,sunstrider,384,rogue,subtlety,6,4,2
Supremacy,sylvanas,384,rogue,subtlety,6,4,2
Тенероби,soulflayer,384,rogue,subtlety,6,4,2
Мейнкеректер,gordunni,384,rogue,subtlety,6,4,2
Talayr,argent-dawn,384,rogue,subtlety,6,4,2
Vganzyborg,ravencrest,384,rogue,subtlety,6,4,2
Мум,blackscar,384,rogue,subtlety,6,4,2
Rubberducky,argent-dawn,384,rogue,subtlety,6,4,2
Thefiller,ravencrest,384,rogue,subtlety,6,4,2
Hook,malganis,384,rogue,subtlety,6,4,2
Ilikesap,blackmoore,384,rogue,subtlety,6,4,2
Aneza,sylvanas,384,rogue,subtlety,6,4,2
Takiya,ysondre,384,rogue,subtlety,6,4,2
Лолнайт,blackscar,384,rogue,subtlety,6,4,2
Mentthe,hyjal,384,rogue,subtlety,6,4,2
Tênsion,silvermoon,384,rogue,subtlety,6,4,2
Pirateboi,blades-edge,384,rogue,subtlety,6,4,2
Siele,twisting-nether,384,rogue,subtlety,6,4,2
Grens,kazzak,384,rogue,subtlety,6,4,2
Крредоубийца,howling-fjord,384,rogue,subtlety,6,4,2
Rîze,blackrock,384,rogue,subtlety,6,4,2
Redewolf,argent-dawn,384,rogue,subtlety,6,4,2
Ocklol,archimonde,384,rogue,subtlety,6,4,2
Cawzi,silvermoon,384,rogue,subtlety,6,4,2
Ipshero,ragnaros,384,rogue,subtlety,6,4,2
Краулен,blackscar,384,rogue,subtlety,6,4,2
Flygspark,tarren-mill,384,rogue,subtlety,6,4,2
Lulune,frostmane,384,rogue,subtlety,6,4,2
Çløåk,outland,384,rogue,subtlety,6,4,2
Tsuyoi,silvermoon,384,rogue,subtlety,6,4,2
Nxnja,silvermoon,384,rogue,subtlety,6,4,2
Echilly,tarren-mill,384,rogue,subtlety,6,4,2
Møgzu,blackmoore,384,rogue,subtlety,6,4,2
Djnelly,stormreaver,384,rogue,subtlety,6,4,2
Sheepmycheap,draenor,384,rogue,subtlety,6,4,2
Izisra,draenor,384,rogue,subtlety,6,4,2
Körtel,tarren-mill,384,rogue,subtlety,6,4,2
Ðazzrog,archimonde,384,rogue,subtlety,6,4,2
Shadowstrìke,silvermoon,384,rogue,subtlety,6,4,2
Kushino,pozzo-delleternità,384,rogue,subtlety,6,4,2
Blckrogue,bloodfeather,384,rogue,subtlety,6,4,2
Jutsu,argent-dawn,384,rogue,subtlety,6,4,2
Xayý,der-rat-von-dalaran,384,rogue,subtlety,6,4,2
Schering,frostwolf,384,rogue,subtlety,6,4,2
Crystallake,dun-morogh,384,rogue,subtlety,6,4,2
Seeralex,anetheron,384,rogue,subtlety,6,4,2
Choclatéosol,archimonde,384,rogue,subtlety,6,4,2
Yellowbanana,argent-dawn,384,rogue,subtlety,9,5,4
Havitýx,ravencrest,384,rogue,subtlety,9,5,4
Aronie,stormreaver,384,rogue,subtlety,9,5,4
Firekry,stormscale,384,rogue,subtlety,12,4,8
Жорий,borean-tundra,384,rogue,subtlety,12,4,8
Skaterboy,stormscale,384,rogue,subtlety,12,4,8
Катягоудж,gordunni,384,rogue,subtlety,12,4,8
Аязлаая,blackscar,384,rogue,subtlety,12,4,8
Dévi,twisting-nether,384,rogue,subtlety,12,4,8
Møve,blackhand,384,rogue,subtlety,12,4,8
Saryotv,silvermoon,384,rogue,subtlety,12,4,8
Battousai,burning-legion,384,rogue,subtlety,12,4,8
Fálke,dun-modr,384,rogue,subtlety,12,4,8
Selecta,bloodhoof,384,rogue,subtlety,12,4,8
Senorino,tarren-mill,384,rogue,subtlety,12,4,8
Pomstaa,tarren-mill,384,rogue,subtlety,12,4,8
Goblindrill,blackmoore,384,rogue,subtlety,12,4,8
Нунас,soulflayer,384,rogue,subtlety,12,4,8
Cringefemboy,blackrock,384,rogue,subtlety,12,4,8
Szabina,outland,384,rogue,subtlety,12,4,8
Le,stormreaver,384,rogue,subtlety,12,4,8
Taishani,thrall,384,rogue,subtlety,12,4,8
Ibz,kazzak,384,rogue,subtlety,12,4,8
Siegderliebe,nemesis,384,rogue,subtlety,12,4,8
Вуцз,gordunni,384,rogue,subtlety,12,4,8
Jsprxo,stormscale,384,rogue,subtlety,12,4,8
Shadowspike,sanguino,384,rogue,subtlety,12,4,8
Fatedancer,outland,384,rogue,subtlety,12,4,8
Hiddenbovine,twisting-nether,384,rogue,subtlety,12,4,8
Nexzr,outland,384,rogue,subtlety,12,4,8
Aviarumata,draenor,384,rogue,subtlety,12,4,8
Abéj,malygos,384,rogue,subtlety,12,4,8
Макимак,howling-fjord,384,rogue,subtlety,12,4,8
Noshivz,ragnaros,384,rogue,subtlety,12,4,8
Xanders,draenor,384,rogue,subtlety,12,4,8
Retardèad,darksorrow,384,rogue,subtlety,12,4,8
Zèph,outland,384,rogue,subtlety,12,4,8
Qwqrxyz,ravencrest,384,rogue,subtlety,12,4,8
Даняпрекринж,azuregos,384,rogue,subtlety,12,4,8
Nïhal,suramar,384,rogue,subtlety,12,4,8
Ýýçyka,kazzak,384,rogue,subtlety,12,4,8
Mndx,sylvanas,384,rogue,subtlety,12,4,8
Soukalamink,tarren-mill,384,rogue,subtlety,18,4,14
Бллейз,gordunni,384,rogue,subtlety,18,4,14
Vaelaestra,argent-dawn,384,rogue,subtlety,18,4,14
Galore,azjolnerub,384,rogue,subtlety,18,4,14
Plot,zenedar,384,rogue,subtlety,18,4,14
Damiian,colinas-pardas,384,rogue,subtlety,18,4,14
Disagre,kazzak,384,rogue,subtlety,18,4,14
Johnnyblazex,azjolnerub,384,rogue,subtlety,18,4,14
Очч,blackscar,384,rogue,subtlety,18,4,14
Vanishdotcom,blackrock,383,rogue,subtlety,6,4,2
Alovina,stormscale,383,rogue,subtlety,6,4,2
Саулите,deathguard,383,rogue,subtlety,10,4,6
Грема,howling-fjord,383,rogue,subtlety,15,5,10
Clownshow,eredar,383,rogue,subtlety,12,4,8
Cangrë,dun-modr,383,rogue,subtlety,12,4,8
Helsperd,draenor,383,rogue,subtlety,12,4,8
Alyzon,ravencrest,383,rogue,subtlety,18,4,14
Закраска,gordunni,383,rogue,subtlety,18,4,14
Grenouillard,chogall,383,rogue,subtlety,18,4,14
Delenor,stormscale,383,rogue,subtlety,18,4,14
Sødï,khaz-modan,382,rogue,subtlety,6,4,2
Stabither,twisting-nether,382,rogue,subtlety,6,4,2
Belina,draenor,382,rogue,subtlety,6,4,2
Zambiealex,doomhammer,382,rogue,subtlety,12,4,8
Adelr,onyxia,382,rogue,subtlety,12,4,8
Stepbaack,silvermoon,382,rogue,subtlety,14,4,10
Nekros,chromaggus,379,rogue,subtlety,12,4,8
Mamus,tarren-mill,379,rogue,subtlety,18,4,14
Acronia,ragnaros,367,rogue,subtlety,11,4,7
Jinêxo,shattrath,351,rogue,subtlety,11,4,7
Малиноф,borean-tundra,336,rogue,subtlety,21,4,17
Korppari,draenor,335,rogue,subtlety,11,4,7
Xeløe,hyjal,330,rogue,subtlety,14,5,9
Lëmönhäzë,dun-modr,330,rogue,subtlety,17,5,12
Shalorai,ravencrest,320,rogue,subtlety,10,4,6
Venomate,draenor,320,rogue,subtlety,16,4,12
Forgettme,kazzak,319,rogue,subtlety,5,4,1
Kanilol,eredar,319,rogue,subtlety,8,4,4
Стэйм,gordunni,303,rogue,subtlety,7,4,3
Opiïum,ysondre,303,rogue,subtlety,7,4,3
Sweetcc,amanthul,288,rogue,subtlety,6,3,3
Загляденье,gordunni,288,rogue,subtlety,6,3,3
Rikdy,kazzak,288,rogue,subtlety,6,3,3
Háhàháhàháhà,kazzak,288,rogue,subtlety,6,3,3
Sadgexd,draenor,288,rogue,subtlety,6,3,3
Triggersap,blackmoore,288,rogue,subtlety,6,3,3
Кейнилин,gordunni,288,rogue,subtlety,6,3,3
Hallogenic,silvermoon,288,rogue,subtlety,6,3,3
Seregolas,argent-dawn,288,rogue,subtlety,6,3,3
Garou,blackhand,288,rogue,subtlety,6,3,3
Pocketpaw,stormreaver,288,rogue,subtlety,6,3,3
Nìghtstørm,ravencrest,288,rogue,subtlety,6,3,3
Kaizero,tarren-mill,288,rogue,subtlety,6,3,3
Synthaetic,draenor,288,rogue,subtlety,6,3,3
Томасмразь,blackscar,288,rogue,subtlety,6,3,3
Киришима,blackscar,288,rogue,subtlety,6,3,3
Vultzy,draenor,288,rogue,subtlety,6,3,3
Macmurloc,hyjal,288,rogue,subtlety,6,3,3
Checkormate,aegwynn,288,rogue,subtlety,6,3,3
Babyrogy,aggra-português,288,rogue,subtlety,6,3,3
Checkormate,ravencrest,288,rogue,subtlety,6,3,3
Fredge,stormscale,288,rogue,subtlety,6,3,3
Vxgas,ragnaros,288,rogue,subtlety,6,3,3
Nerica,kazzak,288,rogue,subtlety,6,3,3
Falciparum,bladefist,288,rogue,subtlety,6,3,3
Dumámày,kazzak,288,rogue,subtlety,6,3,3
Corleoonee,archimonde,288,rogue,subtlety,6,3,3
Mekóz,draenor,288,rogue,subtlety,6,3,3
Disembowel,ravencrest,288,rogue,subtlety,6,3,3
Vexxey,magtheridon,288,rogue,subtlety,6,3,3
Flogue,area-52,288,rogue,subtlety,6,3,3
Skitstöveln,stormscale,288,rogue,subtlety,6,3,3
Tiredpurple,dalaran,288,rogue,subtlety,6,3,3
Rhotmir,silvermoon,288,rogue,subtlety,6,3,3
Pretylo,marécage-de-zangar,288,rogue,subtlety,6,3,3
Erised,ravencrest,288,rogue,subtlety,6,3,3
Sâitama,zuljin,288,rogue,subtlety,6,3,3
Nezukóchan,ravencrest,288,rogue,subtlety,6,3,3
Brzlik,stormscale,288,rogue,subtlety,6,3,3
Klexor,sylvanas,288,rogue,subtlety,6,3,3
Vanisshh,hyjal,288,rogue,subtlety,6,3,3
Flêxô,antonidas,288,rogue,subtlety,6,3,3
Shadxwstep,ravencrest,288,rogue,subtlety,6,3,3
Vïn,anachronos,288,rogue,subtlety,6,3,3
Waakie,frostmane,288,rogue,subtlety,6,3,3
Lycosidae,doomhammer,288,rogue,subtlety,6,3,3
Фуфломет,gordunni,288,rogue,subtlety,6,3,3
Sáp,blackmoore,288,rogue,subtlety,6,3,3
Darkchomeur,archimonde,288,rogue,subtlety,6,3,3
Хвангер,gordunni,288,rogue,subtlety,6,3,3
Notlikethis,twisting-nether,288,rogue,subtlety,6,3,3
Marwyn,laughing-skull,288,rogue,subtlety,6,3,3
Vxb,hyjal,288,rogue,subtlety,6,3,3
Natsukage,blackmoore,288,rogue,subtlety,6,3,3
Crû,silvermoon,288,rogue,subtlety,6,3,3
Finanzamtlg,blackrock,288,rogue,subtlety,6,3,3
Sethr,blackmoore,288,rogue,subtlety,6,3,3
Altaux,nordrassil,288,rogue,subtlety,6,3,3
Stælf,argent-dawn,288,rogue,subtlety,6,3,3
Zasty,drakthul,288,rogue,subtlety,6,3,3
Cigarette,emeriss,288,rogue,subtlety,6,3,3
Ezk,eredar,288,rogue,subtlety,6,3,3
Cylizr,stormscale,288,rogue,subtlety,6,3,3
Noxxra,blackhand,288,rogue,subtlety,6,3,3
Raveshaw,argent-dawn,288,rogue,subtlety,6,3,3
Arydir,quelthalas,288,rogue,subtlety,6,3,3
Аникет,howling-fjord,288,rogue,subtlety,6,3,3
Berreboy,tarren-mill,288,rogue,subtlety,6,3,3
Kheledon,frostwolf,288,rogue,subtlety,6,3,3
Shazam,zenedar,288,rogue,subtlety,6,3,3
Iöny,silvermoon,288,rogue,subtlety,6,3,3
Modzsz,zenedar,288,rogue,subtlety,6,3,3
Jawen,silvermoon,288,rogue,subtlety,6,3,3
Skrbke,tarren-mill,288,rogue,subtlety,6,3,3
Runár,proudmoore,288,rogue,subtlety,6,3,3
Síns,runetotem,288,rogue,subtlety,6,3,3
Ãkz,hyjal,288,rogue,subtlety,6,3,3
Kejú,alleria,288,rogue,subtlety,6,3,3
Кеспул,soulflayer,288,rogue,subtlety,6,3,3
Plshalpme,dun-modr,288,rogue,subtlety,6,3,3
Lorinthel,argent-dawn,288,rogue,subtlety,6,3,3
Koopa,argent-dawn,288,rogue,subtlety,6,3,3
Scotlander,argent-dawn,288,rogue,subtlety,6,3,3
Rubjerg,blackrock,288,rogue,subtlety,6,3,3
Xhemil,tarren-mill,288,rogue,subtlety,6,3,3
Smäshiboy,blackrock,288,rogue,subtlety,6,3,3
Nhèl,stormscale,288,rogue,subtlety,6,3,3
Cotta,silvermoon,288,rogue,subtlety,6,3,3
Djpiglet,outland,288,rogue,subtlety,6,3,3
Peeon,drakthul,288,rogue,subtlety,6,3,3
Jrj,hyjal,288,rogue,subtlety,6,3,3
Ssjblacklolz,kaelthas,288,rogue,subtlety,9,4,5
Renyth,argent-dawn,288,rogue,subtlety,9,4,5
Únk,dalaran,288,rogue,subtlety,8,3,5
Kaizaro,hyjal,288,rogue,subtlety,17,6,11
Uareincombat,drakthul,288,rogue,subtlety,11,3,8
Nohks,blackmoore,288,rogue,subtlety,12,3,9
Nÿst,khaz-modan,288,rogue,subtlety,12,3,9
Воробнальщик,soulflayer,288,rogue,subtlety,12,3,9
Kïbs,dalaran,288,rogue,subtlety,12,3,9
Hikorust,drakthul,288,rogue,subtlety,12,3,9
Cabbagerolls,argent-dawn,288,rogue,subtlety,12,3,9
Ðarkbleeds,ravencrest,288,rogue,subtlety,12,3,9
Highestapm,archimonde,288,rogue,subtlety,12,3,9
Zoldyck,bloodhoof,288,rogue,subtlety,12,3,9
Rufinol,twisting-nether,288,rogue,subtlety,12,3,9
Bennyweth,argent-dawn,288,rogue,subtlety,12,3,9
Chililôl,dun-modr,288,rogue,subtlety,12,3,9
Rallzkens,stormscale,288,rogue,subtlety,12,3,9
Ристоврация,gordunni,288,rogue,subtlety,12,3,9
Byaow,ravencrest,288,rogue,subtlety,12,3,9
Ragroh,burning-legion,288,rogue,subtlety,12,3,9
Shadowcraft,the-maelstrom,288,rogue,subtlety,12,3,9
Kongnognog,ragnaros,288,rogue,subtlety,12,3,9
Kiksi,ravencrest,288,rogue,subtlety,12,3,9
Cbrook,sylvanas,288,rogue,subtlety,12,3,9
Xéshon,tarren-mill,288,rogue,subtlety,12,3,9
Izame,archimonde,288,rogue,subtlety,12,3,9
Skíll,sanguino,288,rogue,subtlety,12,3,9
Durret,aggra-português,288,rogue,subtlety,12,3,9
Burdel,nemesis,288,rogue,subtlety,12,3,9
Pestctrl,argent-dawn,288,rogue,subtlety,12,3,9
Luigitama,dun-modr,288,rogue,subtlety,12,3,9
Thebestrogue,tarren-mill,288,rogue,subtlety,12,3,9
Daunt,antonidas,288,rogue,subtlety,12,3,9
Razcallz,arthas,288,rogue,subtlety,12,3,9
Róquet,eredar,288,rogue,subtlety,12,3,9
Liix,ravencrest,288,rogue,subtlety,12,3,9
Ñú,ravencrest,288,rogue,subtlety,12,3,9
Hellhydra,draenor,288,rogue,subtlety,12,3,9
Volyavolume,ravencrest,288,rogue,subtlety,12,3,9
Vancleéf,sylvanas,288,rogue,subtlety,12,3,9
Изифаза,deathguard,288,rogue,subtlety,12,3,9
Undy,chromaggus,288,rogue,subtlety,12,3,9
Kenchio,elune,288,rogue,subtlety,12,3,9
Carnagè,dentarg,288,rogue,subtlety,12,3,9
Trytocapnoob,stormscale,288,rogue,subtlety,12,3,9
Alexius,kazzak,288,rogue,subtlety,13,3,10
Мутина,galakrond,288,rogue,subtlety,18,3,15
Bîgbîzeps,thrall,288,rogue,subtlety,18,3,15
Sinxgødx,outland,288,rogue,subtlety,18,3,15
Silvano,zuljin,288,rogue,subtlety,18,3,15
Etro,argent-dawn,288,rogue,subtlety,18,3,15
Bú,nemesis,288,rogue,subtlety,24,3,21
Hëather,confrérie-du-thorium,287,rogue,subtlety,6,3,3
Téhashcéé,archimonde,287,rogue,subtlety,6,3,3
Shåkø,tarren-mill,287,rogue,subtlety,6,3,3
Icècôld,blackmoore,287,rogue,subtlety,6,3,3
Styggvanas,tarren-mill,287,rogue,subtlety,15,4,11
Boxxo,dun-modr,287,rogue,subtlety,15,4,11
Боузи,howling-fjord,287,rogue,subtlety,12,3,9
Котуй,borean-tundra,287,rogue,subtlety,12,3,9
Furrooscuro,sanguino,287,rogue,subtlety,18,3,15
Djsapblindx,archimonde,287,rogue,subtlety,18,3,15
Celenium,chogall,287,rogue,subtlety,24,3,21
Kausa,dun-modr,286,rogue,subtlety,6,3,3
Jontor,deathwing,286,rogue,subtlety,12,3,9
Scorpina,tarren-mill,286,rogue,subtlety,12,3,9
Killboom,rexxar,286,rogue,subtlety,18,3,15
Vound,tarren-mill,286,rogue,subtlety,20,3,17
Fatzaky,turalyon,274,rogue,subtlety,31,7,24
Madlain,jaedenar,255,rogue,subtlety,8,4,4
Pis,nagrand,255,rogue,subtlety,8,4,4
Nesä,hyjal,240,rogue,subtlety,9,3,6
Hellborne,alakir,240,rogue,subtlety,9,3,6
Jimlostson,dun-modr,239,rogue,subtlety,5,3,2
Trinketeflag,archimonde,239,rogue,subtlety,5,3,2
Shadôwcraft,outland,234,rogue,subtlety,8,4,4
Pinnar,blackmoore,234,rogue,subtlety,8,4,4
Köna,archimonde,234,rogue,subtlety,15,6,9
Vii,defias-brotherhood,234,rogue,subtlety,13,5,8
Persës,outland,223,rogue,subtlety,8,3,5
Piperx,ravencrest,223,rogue,subtlety,8,3,5
Ggyoulowbro,blackmoore,208,rogue,subtlety,7,3,4
Imnotnice,terenas,208,rogue,subtlety,10,4,6
Tukie,blackhand,208,rogue,subtlety,25,3,22
Rhaiku,tarren-mill,192,rogue,subtlety,9,4,5
Совечица,gordunni,192,rogue,subtlety,9,3,6
Loom,sylvanas,192,rogue,subtlety,9,3,6
Kyupi,hyjal,192,rogue,subtlety,6,2,4
Rhaaxx,hyjal,192,rogue,subtlety,6,2,4
Stigh,twisting-nether,192,rogue,subtlety,6,2,4
Venomblood,sanguino,192,rogue,subtlety,6,2,4
Ksunq,hyjal,192,rogue,subtlety,6,2,4
Rilöded,ravencrest,192,rogue,subtlety,6,2,4
Chokee,blackrock,192,rogue,subtlety,6,2,4
Luccea,silvermoon,192,rogue,subtlety,6,2,4
Xwb,sanguino,192,rogue,subtlety,6,2,4
Harmawz,archimonde,192,rogue,subtlety,6,2,4
Eiscreme,blackmoore,192,rogue,subtlety,6,2,4
Yämura,sanguino,192,rogue,subtlety,6,2,4
Медиивэл,deepholm,192,rogue,subtlety,6,2,4
Azzalyth,hyjal,192,rogue,subtlety,6,2,4
Sigleif,argent-dawn,192,rogue,subtlety,6,2,4
Vyllaftw,hyjal,192,rogue,subtlety,6,2,4
Lillajc,tarren-mill,192,rogue,subtlety,6,2,4
Flexberg,the-maelstrom,192,rogue,subtlety,6,2,4
Blóodless,stormscale,192,rogue,subtlety,6,2,4
Nefqq,stormscale,192,rogue,subtlety,6,2,4
Navysëäls,dun-modr,192,rogue,subtlety,6,2,4
Nichrome,silvermoon,192,rogue,subtlety,6,2,4
Knezr,silvermoon,192,rogue,subtlety,6,2,4
Pøggerhontas,antonidas,192,rogue,subtlety,6,2,4
Kìnsley,archimonde,192,rogue,subtlety,6,2,4
Heraa,kaelthas,192,rogue,subtlety,6,2,4
Bendegúzz,ravencrest,192,rogue,subtlety,6,2,4
Bleix,sanguino,192,rogue,subtlety,6,2,4
Giftknirps,silvermoon,192,rogue,subtlety,6,2,4
Jæto,ravencrest,192,rogue,subtlety,6,2,4
Feylia,terenas,192,rogue,subtlety,6,2,4
Рогаупорога,howling-fjord,192,rogue,subtlety,6,2,4
Revisiôn,tarren-mill,192,rogue,subtlety,6,2,4
Вэндиго,deathweaver,192,rogue,subtlety,6,2,4
Mdvmachines,nemesis,192,rogue,subtlety,6,2,4
Asasina,los-errantes,192,rogue,subtlety,6,2,4
Voices,dentarg,192,rogue,subtlety,6,2,4
Latravia,blackhand,192,rogue,subtlety,6,2,4
Mokmok,frostwolf,192,rogue,subtlety,6,2,4
Колстар,howling-fjord,192,rogue,subtlety,6,2,4
Lucifas,antonidas,192,rogue,subtlety,6,2,4
Inviscuz,draenor,192,rogue,subtlety,6,2,4
Epidemic,stormscale,192,rogue,subtlety,6,2,4
Ноумингод,gordunni,192,rogue,subtlety,6,2,4
Lenây,blackmoore,192,rogue,subtlety,6,2,4
Apuñalá,cthun,192,rogue,subtlety,6,2,4
Steálth,silvermoon,192,rogue,subtlety,6,2,4
Cowwithknife,silvermoon,192,rogue,subtlety,6,2,4
Creepydude,burning-legion,192,rogue,subtlety,6,2,4
Redwinter,sylvanas,192,rogue,subtlety,6,2,4
Fonss,sanguino,192,rogue,subtlety,6,2,4
Namw,draenor,192,rogue,subtlety,6,2,4
Navaton,sanguino,192,rogue,subtlety,6,2,4
Sizzla,die-nachtwache,192,rogue,subtlety,6,2,4
Dhayna,shendralar,192,rogue,subtlety,6,2,4
Louier,outland,192,rogue,subtlety,6,2,4
Misimisi,sanguino,192,rogue,subtlety,6,2,4
Medievh,sanguino,192,rogue,subtlety,6,2,4
Canelitae,minahonda,192,rogue,subtlety,6,2,4
Recondite,doomhammer,192,rogue,subtlety,6,2,4
Malvaxxs,tarren-mill,192,rogue,subtlety,6,2,4
Leviathann,doomhammer,192,rogue,subtlety,6,2,4
Trixster,aggramar,192,rogue,subtlety,6,2,4
Enoìla,blackmoore,192,rogue,subtlety,6,2,4
Рикимартини,gordunni,192,rogue,subtlety,6,2,4
Дзендэр,soulflayer,192,rogue,subtlety,6,2,4
Zte,frostmane,192,rogue,subtlety,6,2,4
Miisterkaka,stormscale,192,rogue,subtlety,6,2,4
Striçken,silvermoon,192,rogue,subtlety,6,2,4
Ingesa,blackhand,192,rogue,subtlety,6,2,4
Subaslaw,ravencrest,192,rogue,subtlety,6,2,4
Gameøvr,sanguino,192,rogue,subtlety,6,2,4
Achterom,outland,192,rogue,subtlety,6,2,4
Censørd,steamwheedle-cartel,192,rogue,subtlety,6,2,4
Schadostep,archimonde,192,rogue,subtlety,6,2,4
Wrathed,stormreaver,192,rogue,subtlety,6,2,4
Каверзати,howling-fjord,192,rogue,subtlety,6,2,4
Ît,stormscale,192,rogue,subtlety,6,2,4
Gosleep,stormscale,192,rogue,subtlety,6,2,4
Ssoeyjrjr,kazzak,192,rogue,subtlety,6,2,4
Голадриель,gordunni,192,rogue,subtlety,6,2,4
Mècr,outland,192,rogue,subtlety,6,2,4
Dròól,kazzak,192,rogue,subtlety,6,2,4
Msrogue,eredar,192,rogue,subtlety,6,2,4
Rasponi,ragnaros,192,rogue,subtlety,6,2,4
Elthalulz,illidan,192,rogue,subtlety,6,2,4
Hade,stormscale,192,rogue,subtlety,6,2,4
Monster,kazzak,192,rogue,subtlety,6,2,4
Qoxinyohas,stormscale,192,rogue,subtlety,6,2,4
Sethrevenn,ragnaros,192,rogue,subtlety,6,2,4
Azulérà,elune,192,rogue,subtlety,6,2,4
Скиррона,gordunni,192,rogue,subtlety,6,2,4
Yugi,zuljin,192,rogue,subtlety,6,2,4
Stealthyist,darkmoon-faire,192,rogue,subtlety,6,2,4
Poerta,burning-blade,192,rogue,subtlety,6,2,4
Унижака,deathguard,192,rogue,subtlety,6,2,4
Yulitz,dun-modr,192,rogue,subtlety,6,2,4
Sohnisch,azshara,192,rogue,subtlety,6,2,4
Sqc,ravencrest,192,rogue,subtlety,6,2,4
Aëlynn,la-croisade-écarlate,192,rogue,subtlety,6,2,4
Fakeroguex,outland,192,rogue,subtlety,6,2,4
Enthuque,draenor,192,rogue,subtlety,6,2,4
Benh,ysondre,192,rogue,subtlety,6,2,4
Снэбак,soulflayer,192,rogue,subtlety,6,2,4
Фораст,gordunni,192,rogue,subtlety,6,2,4
Ackyrogue,ysondre,192,rogue,subtlety,6,2,4
Brinvilliers,aegwynn,192,rogue,subtlety,6,2,4
Гамбиит,gordunni,192,rogue,subtlety,6,2,4
Rehab,draenor,192,rogue,subtlety,6,2,4
Juutalainen,tarren-mill,192,rogue,subtlety,6,2,4
Snurry,tarren-mill,192,rogue,subtlety,6,2,4
Яматсуми,gordunni,192,rogue,subtlety,6,2,4
Kusgag,ragnaros,192,rogue,subtlety,6,2,4
Evilbiscuit,quelthalas,192,rogue,subtlety,6,2,4
Greiskull,cthun,192,rogue,subtlety,15,3,12
Bauwten,ravencrest,192,rogue,subtlety,12,2,10
Shacopaco,zuljin,192,rogue,subtlety,12,2,10
Refundlands,kazzak,192,rogue,subtlety,12,2,10
Tàazz,archimonde,192,rogue,subtlety,12,2,10
Erèlenn,draenor,192,rogue,subtlety,12,2,10
Кингксу,gordunni,192,rogue,subtlety,12,2,10
Wxlf,ravencrest,192,rogue,subtlety,12,2,10
Destrektor,kazzak,192,rogue,subtlety,12,2,10
Nomad,sylvanas,192,rogue,subtlety,12,2,10
Падинайди,howling-fjord,192,rogue,subtlety,12,2,10
Мадарец,howling-fjord,192,rogue,subtlety,12,2,10
Zongshroud,archimonde,192,rogue,subtlety,12,2,10
Líl,outland,192,rogue,subtlety,12,2,10
Waistêd,ravencrest,192,rogue,subtlety,12,2,10
Könän,dalaran,192,rogue,subtlety,12,2,10
Cøsmøz,dalaran,192,rogue,subtlety,12,2,10
Килрилон,lich-king,192,rogue,subtlety,12,2,10
Verstopt,azjolnerub,192,rogue,subtlety,12,2,10
Shènzo,tarren-mill,192,rogue,subtlety,12,2,10
Shaklyn,antonidas,192,rogue,subtlety,12,2,10
Acheravar,antonidas,192,rogue,subtlety,12,2,10
Weworog,drakthul,192,rogue,subtlety,12,2,10
Jackpot,sargeras,192,rogue,subtlety,12,2,10
Кизо,blackscar,192,rogue,subtlety,12,2,10
Deróthus,arathor,192,rogue,subtlety,12,2,10
Gorkamorki,stormscale,192,rogue,subtlety,12,2,10
Mirekk,silvermoon,192,rogue,subtlety,12,2,10
Câptcâp,twisting-nether,192,rogue,subtlety,12,2,10
Kateria,sanguino,192,rogue,subtlety,12,2,10
Verk,twilights-hammer,192,rogue,subtlety,12,2,10
Pandagonstab,shadowsong,192,rogue,subtlety,12,2,10
Thurgodd,silvermoon,192,rogue,subtlety,12,2,10
Grogun,tyrande,192,rogue,subtlety,14,2,12
Afrodittan,dun-modr,192,rogue,subtlety,16,2,14
Antomen,sylvanas,192,rogue,subtlety,18,2,16
Ladona,kazzak,192,rogue,subtlety,18,2,16
Moustache,outland,191,rogue,subtlety,6,2,4
Røsenstërn,ravencrest,191,rogue,subtlety,12,2,10
Тоб,soulflayer,159,rogue,subtlety,5,2,3
Cutscene,argent-dawn,159,rogue,subtlety,5,2,3
Гароона,blackscar,159,rogue,subtlety,5,2,3
Julekos,ravenholdt,159,rogue,subtlety,5,2,3
Biggut,khadgar,144,rogue,subtlety,9,3,6
Shlaifa,ragnaros,144,rogue,subtlety,9,2,7
Paranoiaqt,outland,144,rogue,subtlety,9,2,7
Projectindex,malganis,138,rogue,subtlety,10,4,6
Dawz,malganis,138,rogue,subtlety,10,4,6
Bacheline,antonidas,138,rogue,subtlety,9,3,6
Omegacry,dun-modr,138,rogue,subtlety,10,3,7
Macon,arthas,138,rogue,subtlety,18,4,14
Núb,burning-blade,138,rogue,subtlety,15,3,12
Quînox,archimonde,128,rogue,subtlety,4,2,2
Earnedblood,kazzak,128,rogue,subtlety,4,2,2
Эвенгорн,gordunni,128,rogue,subtlety,10,2,8
Cälisto,drakthul,121,rogue,subtlety,13,5,8
Cornvus,burning-legion,112,rogue,subtlety,7,2,5
Pzylol,anetheron,96,rogue,subtlety,3,2,1
Krippie,thunderhorn,96,rogue,subtlety,3,2,1
Ótsutsukí,kazzak,96,rogue,subtlety,6,1,5
Kødäy,hyjal,96,rogue,subtlety,6,1,5
Teldruil,illidan,96,rogue,subtlety,6,1,5
Sneakachu,thunderhorn,96,rogue,subtlety,6,1,5
Sunyshahko,doomhammer,96,rogue,subtlety,6,1,5
Outride,outland,96,rogue,subtlety,6,1,5
Nyhana,blackmoore,96,rogue,subtlety,6,1,5
Coldbloodxx,twisting-nether,96,rogue,subtlety,6,1,5
Настябэкстаб,gordunni,96,rogue,subtlety,6,1,5
Øpti,ravencrest,96,rogue,subtlety,6,1,5
Chuppay,kazzak,96,rogue,subtlety,6,1,5
Faso,thunderhorn,96,rogue,subtlety,6,1,5
Sumcrit,ravencrest,96,rogue,subtlety,6,1,5
Gassenjunge,blackhand,96,rogue,subtlety,6,1,5
Depleter,outland,96,rogue,subtlety,6,1,5
Kolbass,ragnaros,96,rogue,subtlety,6,1,5
Klingo,defias-brotherhood,96,rogue,subtlety,6,1,5
Ålûñàhlulz,kilrogg,96,rogue,subtlety,6,1,5
Jokis,uldum,96,rogue,subtlety,6,1,5
Tebzr,ravencrest,96,rogue,subtlety,6,1,5
Føxyy,blackrock,96,rogue,subtlety,6,1,5
Элонли,gordunni,96,rogue,subtlety,6,1,5
Skruffles,grim-batol,96,rogue,subtlety,6,1,5
Tzsub,blackhand,96,rogue,subtlety,6,1,5
Тварьебаная,howling-fjord,96,rogue,subtlety,6,1,5
Nerkmind,ragnaros,96,rogue,subtlety,6,1,5
Letheus,stormscale,96,rogue,subtlety,6,1,5
Lefugitif,archimonde,96,rogue,subtlety,6,1,5
Sussulto,nemesis,96,rogue,subtlety,6,1,5
Førtñîtégøðx,eredar,96,rogue,subtlety,6,1,5
Clownsap,blackhand,96,rogue,subtlety,6,1,5
Ôeuf,ravencrest,96,rogue,subtlety,6,1,5
Рэйзакх,howling-fjord,96,rogue,subtlety,6,1,5
Targram,hyjal,96,rogue,subtlety,6,1,5
Gögel,draenor,96,rogue,subtlety,6,1,5
Stealthb,ravencrest,96,rogue,subtlety,6,1,5
Щасбудетвайп,howling-fjord,96,rogue,subtlety,6,1,5
Knockyz,khaz-modan,96,rogue,subtlety,6,1,5
Amý,grim-batol,96,rogue,subtlety,6,1,5
Une,quelthalas,96,rogue,subtlety,6,1,5
Кикбезкд,gordunni,96,rogue,subtlety,6,1,5
Selfcut,blackmoore,96,rogue,subtlety,6,1,5
Аквик,howling-fjord,96,rogue,subtlety,6,1,5
Sørä,ragnaros,96,rogue,subtlety,6,1,5
Niceflmqt,thrall,96,rogue,subtlety,6,1,5
Sephirøthh,hyjal,96,rogue,subtlety,6,1,5
Nixze,tarren-mill,96,rogue,subtlety,6,1,5
Vellira,khaz-modan,96,rogue,subtlety,6,1,5
Loulina,outland,96,rogue,subtlety,6,1,5
Maybejaydeen,ravencrest,96,rogue,subtlety,6,1,5
Cutegirlxx,outland,96,rogue,subtlety,6,1,5
Kâyato,ysondre,96,rogue,subtlety,6,1,5
Genesiz,sylvanas,96,rogue,subtlety,6,1,5
Maedyv,magtheridon,96,rogue,subtlety,6,1,5
Retaya,draenor,96,rogue,subtlety,6,1,5
Кишкумэн,ashenvale,96,rogue,subtlety,6,1,5
Grinchfurtif,hyjal,96,rogue,subtlety,6,1,5
Тимкок,soulflayer,96,rogue,subtlety,6,1,5
Стронг,soulflayer,96,rogue,subtlety,6,1,5
Neskagrall,aegwynn,96,rogue,subtlety,6,1,5
Unshaken,dun-modr,96,rogue,subtlety,6,1,5
Sundae,arthas,96,rogue,subtlety,6,1,5
Trxë,twisting-nether,96,rogue,subtlety,6,1,5
Murzel,antonidas,96,rogue,subtlety,6,1,5
Proesis,ravencrest,96,rogue,subtlety,6,1,5
Dancewithme,arthas,96,rogue,subtlety,6,1,5
Korteina,darkmoon-faire,96,rogue,subtlety,6,1,5
Lookbehindu,stormscale,96,rogue,subtlety,6,1,5
Chøsen,stormscale,96,rogue,subtlety,6,1,5
Théyzha,kazzak,96,rogue,subtlety,6,1,5
Аренамастерх,blackscar,96,rogue,subtlety,6,1,5
Бамболейлоо,grom,96,rogue,subtlety,6,1,5
Fintex,ravencrest,96,rogue,subtlety,6,1,5
Гламурятина,gordunni,96,rogue,subtlety,6,1,5
Kkraken,dalaran,96,rogue,subtlety,6,1,5
Aasy,silvermoon,96,rogue,subtlety,6,1,5
Malborko,ravencrest,96,rogue,subtlety,6,1,5
Grimson,kazzak,96,rogue,subtlety,6,1,5
Schleichor,aegwynn,96,rogue,subtlety,6,1,5
Vganzgptx,ravencrest,96,rogue,subtlety,6,1,5
Theone,sanguino,96,rogue,subtlety,6,1,5
Lixht,the-maelstrom,96,rogue,subtlety,6,1,5
Yaelynn,argent-dawn,96,rogue,subtlety,6,1,5
Zerøskil,antonidas,96,rogue,subtlety,6,1,5
Szybkora,silvermoon,96,rogue,subtlety,6,1,5
Àrléngødx,kazzak,96,rogue,subtlety,6,1,5
Qikerip,drekthar,96,rogue,subtlety,6,1,5
Deccosneak,defias-brotherhood,96,rogue,subtlety,6,1,5
Llamiryl,ravencrest,96,rogue,subtlety,6,1,5
Toskle,drakthul,96,rogue,subtlety,6,1,5
Abovz,ragnaros,96,rogue,subtlety,6,1,5
Menzo,ravencrest,96,rogue,subtlety,6,1,5
Flares,ravencrest,96,rogue,subtlety,6,1,5
Iznögød,uldaman,96,rogue,subtlety,6,1,5
Synsinte,silvermoon,96,rogue,subtlety,6,1,5
Tyranoxoth,stormscale,96,rogue,subtlety,6,1,5
Bloogue,silvermoon,96,rogue,subtlety,6,1,5
Gífti,norgannon,96,rogue,subtlety,12,1,11
Bhabì,uldaman,96,rogue,subtlety,12,1,11
Azzineth,silvermoon,96,rogue,subtlety,12,1,11
Sprayze,doomhammer,96,rogue,subtlety,12,1,11
Darkkstep,blackmoore,96,rogue,subtlety,12,1,11
Critneyspear,runetotem,96,rogue,subtlety,12,1,11
Nønchalan,twisting-nether,96,rogue,subtlety,12,1,11
Lotthbrok,uldum,96,rogue,subtlety,12,1,11
Дивеас,blackscar,96,rogue,subtlety,12,1,11
Calmrusgirl,ravenholdt,96,rogue,subtlety,12,1,11
Velouría,silvermoon,96,rogue,subtlety,12,1,11
Alefon,sanguino,96,rogue,subtlety,12,1,11
Azn,anubarak,96,rogue,subtlety,12,1,11
Stabie,twisting-nether,96,rogue,subtlety,12,1,11
Imbazed,azshara,96,rogue,subtlety,12,1,11
Альдинг,howling-fjord,96,rogue,subtlety,12,1,11
Xý,ysondre,96,rogue,subtlety,18,1,17
Swexlairone,outland,95,rogue,subtlety,12,1,11
Deadpull,shadowsong,95,rogue,subtlety,24,1,23
Howhigh,stormscale,89,rogue,subtlety,7,3,4
Swifty,frostmourne,84,rogue,subtlety,24,6,18
Digmorre,drakthul,79,rogue,subtlety,5,1,4
Coopér,argent-dawn,79,rogue,subtlety,5,1,4
Chabelita,ravencrest,79,rogue,subtlety,5,1,4
Nesth,silvermoon,79,rogue,subtlety,5,1,4
Iuun,hyjal,79,rogue,subtlety,11,1,10
Wenok,kazzak,64,rogue,subtlety,4,1,3
Kneebiter,darkmoon-faire,64,rogue,subtlety,10,1,9
Shurký,blackmoore,63,rogue,subtlety,2,2,0
Neero,outland,63,rogue,subtlety,2,2,0
Failtastic,defias-brotherhood,63,rogue,subtlety,2,2,0
Domiqs,blackhand,63,rogue,subtlety,2,2,0
Albumx,archimonde,58,rogue,subtlety,8,3,5
Ddlcmg,drakthul,48,rogue,subtlety,3,1,2
Kaylonetc,kazzak,42,rogue,subtlety,10,2,8
Shadowhelm,silvermoon,31,rogue,subtlety,8,1,7
Vlkyria,silvermoon,16,rogue,subtlety,13,1,12
Mortecieca,ravencrest,2281,rogue,assassination,203,107,96
Ewyna,silvermoon,2280,rogue,assassination,147,81,66
Mentol,stormscale,2229,rogue,assassination,113,78,35
Aæ,stormscale,2196,rogue,assassination,143,77,66
Sub,kazzak,2192,rogue,assassination,236,119,117
Fánsly,silvermoon,2180,rogue,assassination,96,52,44
Bestjkbetter,ravencrest,2155,rogue,assassination,111,57,54
Shadenax,ravencrest,2149,rogue,assassination,78,42,36
Rightplay,outland,2143,rogue,assassination,96,49,47
Shadeniz,ravencrest,2137,rogue,assassination,113,57,56
Shadenox,ravencrest,2113,rogue,assassination,592,294,298
Naláa,ravencrest,2107,rogue,assassination,88,45,43
Heavý,argent-dawn,2105,rogue,assassination,145,76,69
Chínerox,thunderhorn,2073,rogue,assassination,466,239,227
Tyreall,drakthul,1991,rogue,assassination,190,96,94
Shadekin,ravencrest,1969,rogue,assassination,105,56,49
Visuáls,antonidas,1950,rogue,assassination,81,38,43
Pyridoxin,blackmoore,1948,rogue,assassination,210,103,107
Shadeco,ravencrest,1938,rogue,assassination,108,49,59
Watchmeyoe,ravencrest,1918,rogue,assassination,83,47,36
Venomblood,sanguino,1907,rogue,assassination,119,57,62
Vulrin,argent-dawn,1899,rogue,assassination,77,44,33
Blindlol,emerald-dream,1899,rogue,assassination,247,131,116
Asàd,draenor,1888,rogue,assassination,75,40,35
Buffassa,ravencrest,1887,rogue,assassination,143,81,62
Myk,xavius,1883,rogue,assassination,34,21,13
Stråt,ysondre,1880,rogue,assassination,84,39,45
Bytoku,chants-éternels,1875,rogue,assassination,68,35,33
Botsrogue,kazzak,1868,rogue,assassination,42,24,18
Rãz,stormscale,1854,rogue,assassination,54,27,27
Rivia,stormscale,1850,rogue,assassination,102,51,51
Civarea,blackrock,1849,rogue,assassination,63,29,34
Babøønx,burning-legion,1848,rogue,assassination,89,41,48
Vayyel,silvermoon,1846,rogue,assassination,379,187,192
Prei,hyjal,1839,rogue,assassination,96,49,47
Baboonx,burning-legion,1839,rogue,assassination,72,31,41
Grøax,ragnaros,1837,rogue,assassination,89,42,47
Ohdaesu,aegwynn,1837,rogue,assassination,156,71,85
Oggish,tarren-mill,1832,rogue,assassination,90,35,55
Томасмразь,blackscar,1831,rogue,assassination,60,27,33
Cntrlld,ravencrest,1829,rogue,assassination,66,30,36
Aknana,vashj,1828,rogue,assassination,60,28,32
Yepuwuyepowo,defias-brotherhood,1827,rogue,assassination,90,47,43
Snøv,outland,1826,rogue,assassination,151,65,86
Tsoupoma,tarren-mill,1819,rogue,assassination,78,43,35
Stepchildx,uldum,1818,rogue,assassination,194,121,73
Скварлет,howling-fjord,1818,rogue,assassination,66,30,36
Sadgexd,draenor,1814,rogue,assassination,52,26,26
Rubberducky,argent-dawn,1811,rogue,assassination,36,25,11
Изифаза,deathguard,1811,rogue,assassination,97,47,50
Пожилойпуп,gordunni,1811,rogue,assassination,54,26,28
Shipshot,blackrock,1809,rogue,assassination,62,37,25
Çhïñêsémøñkè,argent-dawn,1808,rogue,assassination,244,131,113
Getownédyo,aggramar,1803,rogue,assassination,139,63,76
Deadlybrew,twisting-nether,1803,rogue,assassination,90,39,51
Afto,argent-dawn,1803,rogue,assassination,78,33,45
Eiscreme,blackmoore,1802,rogue,assassination,95,50,45
Kidneyou,ragnaros,1801,rogue,assassination,54,33,21
Inly,ysondre,1800,rogue,assassination,140,72,68
Ålùnæh,azjolnerub,1797,rogue,assassination,126,61,65
Trashcarlitâ,eredar,1783,rogue,assassination,41,19,22
Lookåtme,ravencrest,1776,rogue,assassination,127,58,69
Dáydreamín,draenor,1772,rogue,assassination,60,27,33
Иллвилл,soulflayer,1769,rogue,assassination,42,23,19
Семёнтус,gordunni,1767,rogue,assassination,54,30,24
Dnee,ravencrest,1766,rogue,assassination,29,24,5
Pheq,ravencrest,1765,rogue,assassination,83,33,50
Ру,galakrond,1754,rogue,assassination,60,33,27
Ридлли,soulflayer,1751,rogue,assassination,71,34,37
Naiikaii,antonidas,1751,rogue,assassination,54,23,31
Jeruna,veklor,1738,rogue,assassination,84,34,50
Sussulto,nemesis,1732,rogue,assassination,65,37,28
Пашавернись,gordunni,1730,rogue,assassination,109,40,69
Twitchful,kazzak,1728,rogue,assassination,72,36,36
Sadgebanned,draenor,1727,rogue,assassination,49,19,30
Sumiftw,drakthul,1723,rogue,assassination,96,44,52
Rajigagi,silvermoon,1717,rogue,assassination,61,33,28
Gorgeousred,aegwynn,1717,rogue,assassination,42,18,24
Goshîmoshî,stormscale,1713,rogue,assassination,126,56,70
Слаадкий,gordunni,1709,rogue,assassination,135,63,72
Redcutter,silvermoon,1703,rogue,assassination,42,18,24
Limítless,tarren-mill,1702,rogue,assassination,66,39,27
Røler,ravencrest,1702,rogue,assassination,84,37,47
Lôre,blackrock,1700,rogue,assassination,59,23,36
Kreamy,tarren-mill,1694,rogue,assassination,95,42,53
Moneylake,stormscale,1693,rogue,assassination,48,28,20
Rinj,antonidas,1693,rogue,assassination,89,37,52
Акиоми,gordunni,1691,rogue,assassination,102,57,45
Мирайх,howling-fjord,1690,rogue,assassination,51,24,27
Кайсити,gordunni,1689,rogue,assassination,84,46,38
Lastsight,burning-legion,1688,rogue,assassination,149,74,75
Fìíp,drakthul,1688,rogue,assassination,104,45,59
Mazeken,kazzak,1688,rogue,assassination,53,21,32
Играючестно,howling-fjord,1686,rogue,assassination,30,19,11
Роземсти,gordunni,1686,rogue,assassination,266,150,116
Youcrymydear,outland,1683,rogue,assassination,72,33,39
Killnoobs,kazzak,1675,rogue,assassination,48,24,24
Ноумингод,gordunni,1673,rogue,assassination,78,36,42
Gøldzahn,antonidas,1672,rogue,assassination,184,85,99
Fíìp,drakthul,1663,rogue,assassination,305,145,160
Ripgore,sylvanas,1663,rogue,assassination,76,33,43
Trollmeat,twisting-nether,1663,rogue,assassination,66,25,41
Brunhityx,ravencrest,1661,rogue,assassination,29,18,11
Monski,ravencrest,1661,rogue,assassination,66,28,38
Dådyr,silvermoon,1660,rogue,assassination,36,23,13
Незблах,gordunni,1659,rogue,assassination,96,54,42
Peeon,drakthul,1659,rogue,assassination,73,26,47
Lacusdark,draenor,1658,rogue,assassination,125,60,65
Ândrey,ravencrest,1657,rogue,assassination,54,31,23
Awakeaf,outland,1648,rogue,assassination,90,38,52
Wâter,silvermoon,1645,rogue,assassination,60,23,37
Винестрий,soulflayer,1643,rogue,assassination,60,29,31
Капитанпитон,howling-fjord,1643,rogue,assassination,54,24,30
Warbell,ravencrest,1643,rogue,assassination,150,64,86
Painkeeper,stormscale,1641,rogue,assassination,54,32,22
Justkiddning,blackmoore,1641,rogue,assassination,102,60,42
Awaaylol,stormscale,1641,rogue,assassination,226,107,119
Форсгодх,gordunni,1640,rogue,assassination,95,38,57
Ockzy,archimonde,1639,rogue,assassination,105,56,49
Skali,tarren-mill,1639,rogue,assassination,92,45,47
Ocktwo,archimonde,1639,rogue,assassination,116,49,67
Netreck,dun-modr,1638,rogue,assassination,53,23,30
Ocklol,archimonde,1637,rogue,assassination,99,55,44
Quoicoubeh,drekthar,1635,rogue,assassination,47,26,21
Совечица,gordunni,1633,rogue,assassination,54,29,25
Ghðst,stormscale,1633,rogue,assassination,41,20,21
Fatnutsac,eredar,1633,rogue,assassination,60,23,37
Загляденье,gordunni,1632,rogue,assassination,78,34,44
Асиксх,blackscar,1630,rogue,assassination,185,101,84
Yanlu,ysondre,1630,rogue,assassination,60,23,37
Kannibalex,blackrock,1627,rogue,assassination,75,35,40
Juxtapose,ravencrest,1627,rogue,assassination,66,28,38
Кэпс,blackscar,1625,rogue,assassination,66,39,27
Blawann,argent-dawn,1625,rogue,assassination,48,23,25
Ladixy,archimonde,1625,rogue,assassination,56,20,36
Zerocell,kazzak,1624,rogue,assassination,218,121,97
Howfastiam,ravencrest,1624,rogue,assassination,108,55,53
Precious,sylvanas,1624,rogue,assassination,356,173,183
Icdeadpixelz,ysondre,1624,rogue,assassination,42,17,25
Мистеркрэпс,howling-fjord,1624,rogue,assassination,47,19,28
Костялом,howling-fjord,1623,rogue,assassination,36,17,19
Uzrigu,tarren-mill,1621,rogue,assassination,54,29,25
Ваася,gordunni,1620,rogue,assassination,177,83,94
Drenched,turalyon,1616,rogue,assassination,306,149,157
Keeke,outland,1615,rogue,assassination,90,46,44
Shookyz,zuljin,1615,rogue,assassination,54,27,27
Liøø,antonidas,1614,rogue,assassination,119,62,57
Iwillcapyou,twisting-nether,1614,rogue,assassination,54,25,29
Войенх,gordunni,1612,rogue,assassination,319,155,164
Vâleera,kazzak,1612,rogue,assassination,78,36,42
Únk,dalaran,1611,rogue,assassination,63,32,31
Amý,grim-batol,1610,rogue,assassination,75,36,39
Гесху,eversong,1608,rogue,assassination,41,23,18
Meldbroken,tarren-mill,1608,rogue,assassination,42,18,24
Ooqu,silvermoon,1607,rogue,assassination,54,30,24
Hanzo,vashj,1607,rogue,assassination,178,82,96
Cander,kazzak,1607,rogue,assassination,107,49,58
Saboteur,antonidas,1603,rogue,assassination,64,26,38
Lelíth,ravencrest,1602,rogue,assassination,107,61,46
Ач,gordunni,1602,rogue,assassination,78,37,41
Sadìra,echsenkessel,1602,rogue,assassination,75,35,40
Tiazx,outland,1600,rogue,assassination,36,19,17
Nîllá,blackmoore,1600,rogue,assassination,42,18,24
Wayñe,ravencrest,1600,rogue,assassination,48,19,29
Synergize,stormreaver,1599,rogue,assassination,269,134,135
Мастдаггер,goldrinn,1598,rogue,assassination,232,119,113
Shøz,kazzak,1598,rogue,assassination,212,100,112
Artésia,archimonde,1596,rogue,assassination,99,56,43
Yopti,tarren-mill,1591,rogue,assassination,161,66,95
Shikamouflé,archimonde,1589,rogue,assassination,154,76,78
Ândrey,stormscale,1584,rogue,assassination,64,34,30
Hoodrogue,blackrock,1580,rogue,assassination,59,32,27
Фуллблайнд,gordunni,1578,rogue,assassination,56,22,34
Misttrogue,hyjal,1576,rogue,assassination,72,33,39
Altaár,dun-modr,1575,rogue,assassination,59,17,42
Emergence,ravencrest,1574,rogue,assassination,36,18,18
Stepbrogue,tarren-mill,1573,rogue,assassination,108,54,54
ßênz,archimonde,1572,rogue,assassination,126,65,61
Kãlí,blackmoore,1570,rogue,assassination,271,135,136
Zlah,ravencrest,1570,rogue,assassination,58,22,36
Axlrows,doomhammer,1566,rogue,assassination,83,44,39
Варэль,borean-tundra,1565,rogue,assassination,370,183,187
Стеллакокс,howling-fjord,1564,rogue,assassination,92,44,48
Мелеша,blackscar,1561,rogue,assassination,53,19,34
Ридх,soulflayer,1556,rogue,assassination,48,18,30
Dé,ragnaros,1552,rogue,assassination,89,44,45
Sotro,dun-modr,1549,rogue,assassination,114,46,68
Åd,stormreaver,1543,rogue,assassination,60,24,36
Редфилд,blackscar,1542,rogue,assassination,89,49,40
Richï,outland,1542,rogue,assassination,215,95,120
Köna,archimonde,1539,rogue,assassination,42,17,25
Silesi,kazzak,1538,rogue,assassination,154,81,73
Obstechhawi,argent-dawn,1538,rogue,assassination,60,23,37
Ритор,deathguard,1536,rogue,assassination,72,36,36
Stunco,ravencrest,1529,rogue,assassination,30,16,14
Schníttchen,antonidas,1527,rogue,assassination,47,21,26
Зоти,lich-king,1525,rogue,assassination,56,27,29
Shaokiz,sylvanas,1523,rogue,assassination,54,29,25
Knutten,wildhammer,1523,rogue,assassination,120,56,64
Lannon,sylvanas,1522,rogue,assassination,129,58,71
Reáper,frostwolf,1521,rogue,assassination,100,53,47
Somaliapirat,eredar,1520,rogue,assassination,36,17,19
Lildretch,dun-morogh,1517,rogue,assassination,33,17,16
Hopejé,ravencrest,1515,rogue,assassination,206,106,100
Ilrunne,silvermoon,1515,rogue,assassination,132,62,70
Flogue,area-52,1514,rogue,assassination,79,30,49
Саэрас,howling-fjord,1511,rogue,assassination,42,17,25
Heartripper,ravencrest,1510,rogue,assassination,87,41,46
Weakrat,kult-der-verdammten,1508,rogue,assassination,36,22,14
Ñerøblacks,dun-modr,1507,rogue,assassination,30,16,14
Unshaken,dun-modr,1507,rogue,assassination,48,20,28
Йа,gordunni,1506,rogue,assassination,80,41,39
Piperx,ravencrest,1505,rogue,assassination,54,16,38
Belsazar,azshara,1501,rogue,assassination,180,91,89
Cloak,blackrock,1501,rogue,assassination,36,17,19
Nùgz,area-52,1498,rogue,assassination,119,65,54
Пусякиллерх,gordunni,1497,rogue,assassination,127,54,73
Deathlix,haomarush,1494,rogue,assassination,72,30,42
Minjeaca,silvermoon,1490,rogue,assassination,108,49,59
Argapu,stormscale,1486,rogue,assassination,138,61,77
Трисися,gordunni,1483,rogue,assassination,48,23,25
Zence,blackrock,1478,rogue,assassination,113,59,54
Sid,dentarg,1476,rogue,assassination,155,78,77
Lipschitz,outland,1476,rogue,assassination,72,26,46
Путьказаха,gordunni,1473,rogue,assassination,36,21,15
Lefthook,argent-dawn,1473,rogue,assassination,52,19,33
Alnaddafrog,outland,1470,rogue,assassination,64,40,24
Mâriejânee,nozdormu,1469,rogue,assassination,90,52,38
Intecto,twisting-nether,1469,rogue,assassination,142,77,65
Zaintsas,tarren-mill,1468,rogue,assassination,98,48,50
Erion,silvermoon,1467,rogue,assassination,180,87,93
Лестреа,goldrinn,1466,rogue,assassination,36,18,18
Npkx,outland,1460,rogue,assassination,72,30,42
Soxo,dun-modr,1457,rogue,assassination,116,51,65
Czêro,grim-batol,1456,rogue,assassination,47,22,25
Yvÿ,archimonde,1455,rogue,assassination,154,85,69
Волнорес,eversong,1451,rogue,assassination,118,59,59
Xeeana,ravencrest,1447,rogue,assassination,192,98,94
Nitröx,tarren-mill,1446,rogue,assassination,83,31,52
Miiløx,silvermoon,1445,rogue,assassination,78,38,40
Negrim,dun-modr,1444,rogue,assassination,167,81,86
Diazz,aegwynn,1444,rogue,assassination,131,61,70
Sneakypeeki,sylvanas,1444,rogue,assassination,41,18,23
Grzech,burning-legion,1443,rogue,assassination,82,44,38
Luftpumpe,blackrock,1438,rogue,assassination,69,39,30
Arkblenderx,silvermoon,1438,rogue,assassination,123,63,60
Intrix,draenor,1438,rogue,assassination,48,16,32
Axoic,ravencrest,1433,rogue,assassination,48,23,25
Tmpkboo,stormscale,1433,rogue,assassination,36,15,21
Ppollito,hyjal,1430,rogue,assassination,126,64,62
Reyzumi,antonidas,1430,rogue,assassination,66,31,35
Hidinginash,twisting-nether,1428,rogue,assassination,68,35,33
Nìghtwalker,ravencrest,1426,rogue,assassination,70,34,36
Azzmodia,aegwynn,1426,rogue,assassination,36,15,21
Rnghero,blackmoore,1426,rogue,assassination,54,15,39
Sneakysloth,ravencrest,1424,rogue,assassination,87,40,47
Poerta,burning-blade,1421,rogue,assassination,96,37,59
Mascarpone,sanguino,1419,rogue,assassination,76,34,42
Ephalia,draenor,1417,rogue,assassination,177,86,91
Defiasrogue,blackmoore,1417,rogue,assassination,38,18,20
Лёнтролль,blackscar,1415,rogue,assassination,129,62,67
Vennomous,darkspear,1414,rogue,assassination,231,115,116
Recondite,doomhammer,1412,rogue,assassination,71,40,31
Pieksig,blackmoore,1411,rogue,assassination,101,46,55
Ethèrnal,twisting-nether,1411,rogue,assassination,118,53,65
Ropedrink,stormscale,1409,rogue,assassination,36,22,14
Ynohtna,blackhand,1409,rogue,assassination,104,51,53
Fálke,dun-modr,1408,rogue,assassination,66,23,43
Koreanrogue,archimonde,1406,rogue,assassination,24,15,9
Effectz,ravencrest,1405,rogue,assassination,149,79,70
Caská,blackhand,1405,rogue,assassination,89,39,50
Finanzamtlg,blackrock,1404,rogue,assassination,78,40,38
Piñotxo,sanguino,1404,rogue,assassination,47,21,26
Аренамастерх,blackscar,1402,rogue,assassination,24,15,9
Synthaetic,draenor,1401,rogue,assassination,130,69,61
Винерджи,gordunni,1396,rogue,assassination,85,43,42
Ванэйти,gordunni,1396,rogue,assassination,108,54,54
Protpaladin,sylvanas,1395,rogue,assassination,117,58,59
Кайдарра,eversong,1394,rogue,assassination,126,65,61
Breuss,elune,1393,rogue,assassination,36,16,20
Freemmr,draenor,1391,rogue,assassination,118,61,57
Элирэй,fordragon,1391,rogue,assassination,123,57,66
Stellaä,ragnaros,1390,rogue,assassination,54,18,36
Бонасера,blackscar,1389,rogue,assassination,81,38,43
Lírìa,argent-dawn,1387,rogue,assassination,53,25,28
Givewallet,ravencrest,1385,rogue,assassination,48,25,23
Yassu,archimonde,1385,rogue,assassination,36,18,18
Candycc,burning-legion,1382,rogue,assassination,135,68,67
Vanisha,outland,1381,rogue,assassination,153,76,77
Umciz,archimonde,1381,rogue,assassination,42,15,27
Roguening,tarren-mill,1381,rogue,assassination,65,23,42
Ciaordel,sylvanas,1372,rogue,assassination,75,36,39
Bambush,bronze-dragonflight,1371,rogue,assassination,136,70,66
Nællya,archimonde,1370,rogue,assassination,84,47,37
Pizzayamyam,aegwynn,1370,rogue,assassination,72,33,39
Crípplé,ravencrest,1369,rogue,assassination,30,15,15
Yokze,ravencrest,1369,rogue,assassination,164,80,84
Rahes,stormscale,1368,rogue,assassination,205,99,106
Шмарамышь,soulflayer,1366,rogue,assassination,125,57,68
Trollohlol,malganis,1365,rogue,assassination,96,51,45
Zobrak,twisting-nether,1362,rogue,assassination,128,64,64
Síns,runetotem,1359,rogue,assassination,49,27,22
Nuguri,blackrock,1359,rogue,assassination,45,23,22
Tarox,eredar,1359,rogue,assassination,125,63,62
Orcrogue,khadgar,1356,rogue,assassination,29,15,14
Haikyu,blackhand,1354,rogue,assassination,72,31,41
Dreathefox,drakthul,1352,rogue,assassination,48,20,28
Dirtyz,dun-modr,1351,rogue,assassination,67,35,32
Cýphia,amanthul,1351,rogue,assassination,69,32,37
Education,aegwynn,1350,rogue,assassination,48,18,30
Гарднэр,soulflayer,1349,rogue,assassination,107,57,50
Эксплис,ashenvale,1347,rogue,assassination,67,31,36
Djnelly,stormreaver,1345,rogue,assassination,81,48,33
Axelaz,ravencrest,1344,rogue,assassination,18,14,4
Jsprxo,stormscale,1342,rogue,assassination,36,19,17
Dîspatchx,defias-brotherhood,1339,rogue,assassination,157,75,82
Kynra,culte-de-la-rive-noire,1338,rogue,assassination,24,14,10
Yoruichì,kazzak,1337,rogue,assassination,42,23,19
Pitøu,outland,1336,rogue,assassination,114,61,53
Skrbke,tarren-mill,1335,rogue,assassination,210,110,100
Pathicus,stormreaver,1335,rogue,assassination,154,79,75
Soukalamink,tarren-mill,1334,rogue,assassination,64,21,43
Ambushgirl,ravencrest,1333,rogue,assassination,153,68,85
Zèph,outland,1332,rogue,assassination,54,28,26
Stabbinu,burning-legion,1332,rogue,assassination,30,14,16
Ракфорн,howling-fjord,1331,rogue,assassination,76,42,34
Nightnelly,archimonde,1331,rogue,assassination,30,14,16
Rindar,dun-modr,1330,rogue,assassination,24,14,10
Bensollo,tarren-mill,1330,rogue,assassination,35,16,19
Koopa,argent-dawn,1330,rogue,assassination,54,14,40
Lùxtrà,antonidas,1328,rogue,assassination,28,15,13
Watodoo,kazzak,1327,rogue,assassination,92,44,48
Xãwé,kazzak,1324,rogue,assassination,35,16,19
Замлур,booty-bay,1320,rogue,assassination,30,18,12
Nevagonagiv,archimonde,1320,rogue,assassination,30,14,16
Gutter,sylvanas,1320,rogue,assassination,36,14,22
Crroustibat,dalaran,1319,rogue,assassination,42,18,24
Эстанга,grom,1318,rogue,assassination,42,16,26
Markø,twisting-nether,1316,rogue,assassination,104,47,57
Jaxck,sylvanas,1314,rogue,assassination,24,14,10
Хулиганнчег,galakrond,1314,rogue,assassination,33,15,18
Stin,blackrock,1314,rogue,assassination,71,32,39
Lamøerte,hyjal,1311,rogue,assassination,48,18,30
Icedoutoak,antonidas,1310,rogue,assassination,36,18,18
Zizmo,deathwing,1310,rogue,assassination,90,37,53
Stonecold,twilights-hammer,1310,rogue,assassination,52,20,32
Madiv,kazzak,1309,rogue,assassination,30,14,16
Sigleif,argent-dawn,1309,rogue,assassination,61,28,33
Траста,fordragon,1307,rogue,assassination,96,34,62
Jumbovanish,tarren-mill,1306,rogue,assassination,63,29,34
Dalailamer,gorgonnash,1306,rogue,assassination,80,35,45
Teseiga,aegwynn,1305,rogue,assassination,176,75,101
Dæadly,archimonde,1303,rogue,assassination,53,24,29
Цилана,gordunni,1302,rogue,assassination,140,76,64
Shadôwcraft,outland,1301,rogue,assassination,75,38,37
Narzaván,ravencrest,1301,rogue,assassination,139,65,74
Søsaboy,nemesis,1301,rogue,assassination,64,29,35
Gadûz,kazzak,1295,rogue,assassination,44,17,27
Flawlesser,kazzak,1294,rogue,assassination,39,19,20
Патайчик,soulflayer,1294,rogue,assassination,91,44,47
Stôrpîx,drakthul,1289,rogue,assassination,66,30,36
Davotroz,dun-modr,1288,rogue,assassination,32,18,14
Zeuzo,xavius,1288,rogue,assassination,125,61,64
Rhak,malganis,1288,rogue,assassination,136,65,71
Donjules,silvermoon,1288,rogue,assassination,79,37,42
Анми,gordunni,1288,rogue,assassination,35,14,21
Éllen,outland,1287,rogue,assassination,78,30,48
Petsakos,ravencrest,1287,rogue,assassination,65,25,40
Sáinz,malganis,1286,rogue,assassination,41,17,24
Röllz,ysondre,1286,rogue,assassination,54,22,32
Batsu,alleria,1276,rogue,assassination,72,30,42
Satiiva,terokkar,1274,rogue,assassination,78,36,42
Lixht,the-maelstrom,1273,rogue,assassination,66,34,32
Сасасин,soulflayer,1273,rogue,assassination,140,71,69
Mahistt,archimonde,1270,rogue,assassination,59,32,27
Фикция,greymane,1270,rogue,assassination,37,15,22
Eizan,outland,1268,rogue,assassination,111,51,60
Менрэйз,gordunni,1267,rogue,assassination,36,15,21
Poughkeepsie,outland,1265,rogue,assassination,65,32,33
Izze,thrall,1265,rogue,assassination,48,17,31
Akira,outland,1262,rogue,assassination,69,34,35
Tez,malganis,1262,rogue,assassination,149,66,83
Raetoc,turalyon,1261,rogue,assassination,48,24,24
Veronkierto,stormreaver,1259,rogue,assassination,78,42,36
Bauwten,ravencrest,1258,rogue,assassination,36,20,16
Griveous,kazzak,1252,rogue,assassination,32,18,14
Brñ,ravencrest,1248,rogue,assassination,18,13,5
Snulle,ravencrest,1248,rogue,assassination,24,13,11
Whaazz,ravencrest,1248,rogue,assassination,24,13,11
Тимкок,soulflayer,1248,rogue,assassination,114,52,62
Евгенийильич,gordunni,1247,rogue,assassination,24,13,11
Mtb,ravencrest,1245,rogue,assassination,30,13,17
Stabdbyvegan,ragnaros,1245,rogue,assassination,79,31,48
Мипанка,gordunni,1245,rogue,assassination,42,13,29
Nojdobra,tarren-mill,1244,rogue,assassination,67,28,39
Dropdeath,dun-modr,1243,rogue,assassination,24,13,11
Freijasap,ravencrest,1243,rogue,assassination,30,13,17
Имилиона,blackscar,1242,rogue,assassination,55,28,27
Келгар,soulflayer,1242,rogue,assassination,63,27,36
Droomprins,stormscale,1242,rogue,assassination,36,13,23
Maedyv,magtheridon,1241,rogue,assassination,36,17,19
Narsoule,ysondre,1240,rogue,assassination,47,26,21
Synsinte,silvermoon,1240,rogue,assassination,30,16,14
Mexxn,antonidas,1240,rogue,assassination,43,20,23
Dime,silvermoon,1239,rogue,assassination,90,47,43
Нарежудольки,howling-fjord,1237,rogue,assassination,36,13,23
Mewen,sanguino,1233,rogue,assassination,30,13,17
Horvathzu,ravencrest,1231,rogue,assassination,62,28,34
Biianca,sylvanas,1230,rogue,assassination,30,13,17
Streetx,nethersturm,1226,rogue,assassination,48,25,23
Gankbang,frostmane,1225,rogue,assassination,54,21,33
Maløcøxysse,dalaran,1224,rogue,assassination,158,69,89
Nukubu,draenor,1224,rogue,assassination,88,35,53
Lycosidae,doomhammer,1222,rogue,assassination,30,13,17
Nopz,outland,1221,rogue,assassination,59,33,26
Noxxra,blackhand,1221,rogue,assassination,67,27,40
Mystykal,twisting-nether,1221,rogue,assassination,48,19,29
Сайгакк,galakrond,1217,rogue,assassination,64,32,32
Kronin,arakarahm,1213,rogue,assassination,42,15,27
Babysteps,the-maelstrom,1212,rogue,assassination,28,15,13
Szabina,outland,1210,rogue,assassination,24,13,11
Свёклапро,gordunni,1210,rogue,assassination,118,60,58
Revelith,nemesis,1209,rogue,assassination,41,19,22
Drillss,ravencrest,1209,rogue,assassination,46,14,32
Sisoi,kazzak,1207,rogue,assassination,125,57,68
Ordwin,silvermoon,1205,rogue,assassination,68,29,39
Bennyweth,argent-dawn,1205,rogue,assassination,42,16,26
Nargun,archimonde,1204,rogue,assassination,30,18,12
Gðrdø,blackrock,1204,rogue,assassination,38,16,22
Jamesdarmody,twisting-nether,1202,rogue,assassination,46,20,26
Phaîne,outland,1201,rogue,assassination,36,16,20
Nàrutò,thrall,1200,rogue,assassination,82,31,51
Abush,ravencrest,1199,rogue,assassination,48,20,28
Maelithas,archimonde,1197,rogue,assassination,83,38,45
Lovetospoon,ravencrest,1196,rogue,assassination,90,51,39
Элиссенда,deathguard,1196,rogue,assassination,28,14,14
Davosslol,outland,1196,rogue,assassination,36,13,23
Jupitor,argent-dawn,1195,rogue,assassination,126,67,59
Næylá,kult-der-verdammten,1195,rogue,assassination,168,81,87
Ноубрэйкс,blackscar,1192,rogue,assassination,102,49,53
Jazhz,archimonde,1188,rogue,assassination,36,19,17
Sùbzerø,archimonde,1186,rogue,assassination,23,13,10
Swarge,silvermoon,1185,rogue,assassination,395,194,201
Kariinthuul,aegwynn,1178,rogue,assassination,84,37,47
Darkkstep,blackmoore,1178,rogue,assassination,42,15,27
Экичу,howling-fjord,1177,rogue,assassination,54,31,23
Azovrouge,terokkar,1172,rogue,assassination,30,18,12
Sladen,ghostlands,1172,rogue,assassination,30,14,16
Мечтавелена,howling-fjord,1163,rogue,assassination,108,44,64
Zeduxino,outland,1156,rogue,assassination,28,17,11
Tommywright,stormscale,1151,rogue,assassination,18,12,6
Sâtýr,ravencrest,1150,rogue,assassination,18,12,6
Djpiglet,outland,1149,rogue,assassination,18,12,6
Soulshank,ragnaros,1148,rogue,assassination,18,12,6
Рэкрейвон,gordunni,1148,rogue,assassination,24,12,12
Mewen,dun-modr,1147,rogue,assassination,30,12,18
Chalkbag,blackrock,1146,rogue,assassination,59,23,36
Unterweger,die-aldor,1145,rogue,assassination,23,13,10
Behörnchen,eredar,1145,rogue,assassination,59,23,36
Engetiran,defias-brotherhood,1145,rogue,assassination,48,14,34
Nightyx,blackmoore,1144,rogue,assassination,24,12,12
Bläde,outland,1141,rogue,assassination,18,12,6
Rîg,draenor,1139,rogue,assassination,30,12,18
Скулипёс,howling-fjord,1137,rogue,assassination,52,28,24
Bonejaw,tarren-mill,1137,rogue,assassination,30,14,16
Keltaru,ravencrest,1137,rogue,assassination,30,12,18
Banaulikode,twisting-nether,1136,rogue,assassination,30,12,18
Madlain,jaedenar,1135,rogue,assassination,79,33,46
Kuttunga,ravencrest,1134,rogue,assassination,85,39,46
Zokush,archimonde,1134,rogue,assassination,39,15,24
Dredge,kaelthas,1132,rogue,assassination,72,31,41
Ganzord,dun-modr,1129,rogue,assassination,24,12,12
Gigarogue,defias-brotherhood,1129,rogue,assassination,53,24,29
Daggerz,outland,1128,rogue,assassination,24,12,12
Tootskie,outland,1128,rogue,assassination,126,59,67
Dykumah,sanguino,1124,rogue,assassination,36,17,19
Imdma,defias-brotherhood,1121,rogue,assassination,96,52,44
Missesinvis,blackmoore,1118,rogue,assassination,25,14,11
Krimos,archimonde,1118,rogue,assassination,84,45,39
Белунчус,howling-fjord,1116,rogue,assassination,48,26,22
Vathié,twisting-nether,1112,rogue,assassination,30,12,18
Jæto,ravencrest,1110,rogue,assassination,33,17,16
Sênsus,antonidas,1110,rogue,assassination,54,21,33
Edaniel,draenor,1109,rogue,assassination,24,12,12
Whiss,blackmoore,1108,rogue,assassination,30,15,15
Носопыра,blackscar,1108,rogue,assassination,107,53,54
Практикиней,grom,1108,rogue,assassination,66,29,37
Rundarz,tyrande,1108,rogue,assassination,29,12,17
Finisher,sanguino,1107,rogue,assassination,30,14,16
Дисхар,soulflayer,1103,rogue,assassination,28,15,13
Oshä,dalaran,1102,rogue,assassination,30,13,17
Crenx,draenor,1101,rogue,assassination,41,12,29
Elûnè,silvermoon,1097,rogue,assassination,30,14,16
Поздоровайся,howling-fjord,1096,rogue,assassination,85,40,45
Azonaticus,hyjal,1096,rogue,assassination,34,16,18
Vengígodx,outland,1094,rogue,assassination,42,19,23
Ámbush,sylvanas,1092,rogue,assassination,44,13,31
Lesale,turalyon,1088,rogue,assassination,66,34,32
Gravestam,sunstrider,1085,rogue,assassination,36,17,19
Ingesa,blackhand,1085,rogue,assassination,86,40,46
Shoshomoo,lightnings-blade,1085,rogue,assassination,27,12,15
Elysm,stormscale,1084,rogue,assassination,62,31,31
Horrogue,aggramar,1081,rogue,assassination,41,21,20
Kampon,sanguino,1081,rogue,assassination,40,16,24
Undîsputed,blackmoore,1074,rogue,assassination,45,15,30
Лунари,blackscar,1071,rogue,assassination,54,22,32
Mol,defias-brotherhood,1070,rogue,assassination,38,12,26
Epidemic,stormscale,1069,rogue,assassination,181,80,101
Tubes,dun-morogh,1068,rogue,assassination,32,22,10
Чернаясоска,eversong,1064,rogue,assassination,125,67,58
Nighteshift,silvermoon,1064,rogue,assassination,36,14,22
Boskönigt,ragnaros,1062,rogue,assassination,70,36,34
Фанкироуг,soulflayer,1058,rogue,assassination,42,20,22
Utis,kazzak,1058,rogue,assassination,42,18,24
Firekry,stormscale,1057,rogue,assassination,30,12,18
Myk,frostmane,1056,rogue,assassination,24,11,13
Qwneêr,tarren-mill,1056,rogue,assassination,24,11,13
Gorgeousréd,aegwynn,1056,rogue,assassination,30,11,19
Undxrwrld,sylvanas,1055,rogue,assassination,18,11,7
Аязлаая,blackscar,1054,rogue,assassination,36,11,25
Jimaal,stormscale,1051,rogue,assassination,30,11,19
Æsthaetic,silvermoon,1050,rogue,assassination,24,11,13
Zyrogue,silvermoon,1047,rogue,assassination,18,11,7
Йоио,howling-fjord,1047,rogue,assassination,24,11,13
Bigpeanuts,ragnaros,1046,rogue,assassination,18,11,7
Фиксдпс,lich-king,1046,rogue,assassination,24,11,13
Hasansabbah,twisting-nether,1045,rogue,assassination,30,11,19
Zélla,twisting-nether,1044,rogue,assassination,24,11,13
Opiïum,ysondre,1042,rogue,assassination,24,13,11
Pasarelo,dun-modr,1041,rogue,assassination,95,45,50
Балуса,thermaplugg,1041,rogue,assassination,72,28,44
Ashami,genjuros,1040,rogue,assassination,33,15,18
Refundlands,kazzak,1040,rogue,assassination,37,14,23
Колдрейдж,soulflayer,1039,rogue,assassination,18,11,7
Gamôra,arygos,1039,rogue,assassination,230,111,119
Sæqq,blackmoore,1038,rogue,assassination,54,22,32
Subyo,eredar,1038,rogue,assassination,30,11,19
Leÿji,archimonde,1038,rogue,assassination,42,15,27
Chiàntì,blackrock,1037,rogue,assassination,185,88,97
Alpinestars,dun-modr,1037,rogue,assassination,29,12,17
Gloomykenny,tarren-mill,1036,rogue,assassination,24,11,13
Xlongman,blackhand,1035,rogue,assassination,57,23,34
Nevelon,chogall,1033,rogue,assassination,164,80,84
Orochi,ravencrest,1032,rogue,assassination,18,11,7
Tre,eredar,1030,rogue,assassination,47,22,25
Оскархартман,gordunni,1027,rogue,assassination,24,12,12
Seleyese,draenor,1027,rogue,assassination,36,15,21
Imissmop,darkspear,1026,rogue,assassination,30,11,19
Мяуровани,eversong,1025,rogue,assassination,30,16,14
Raîzen,sargeras,1025,rogue,assassination,24,11,13
Rogunelf,stormreaver,1021,rogue,assassination,62,31,31
Килларан,howling-fjord,1017,rogue,assassination,65,27,38
Helax,turalyon,1017,rogue,assassination,60,24,36
Dmfd,darksorrow,1016,rogue,assassination,343,168,175
Айвонарак,howling-fjord,1014,rogue,assassination,36,13,23
Alltaïr,ravencrest,1007,rogue,assassination,151,76,75
Кэйлфрут,gordunni,1005,rogue,assassination,222,103,119
Suley,blackrock,1004,rogue,assassination,35,16,19
Beistrichbob,terrordar,1003,rogue,assassination,24,13,11
Havox,darksorrow,1003,rogue,assassination,24,11,13
Клозо,galakrond,1000,rogue,assassination,29,11,18
Джоннималыш,eversong,999,rogue,assassination,66,30,36
Raikyo,argent-dawn,995,rogue,assassination,81,44,37
Rwaphou,ysondre,992,rogue,assassination,36,18,18
Haregan,gorgonnash,991,rogue,assassination,24,14,10
Grris,stormscale,991,rogue,assassination,22,11,11
Майндтрикс,blackscar,991,rogue,assassination,26,11,15
Réäpèr,sylvanas,989,rogue,assassination,33,11,22
Sorea,twisting-nether,987,rogue,assassination,75,32,43
Zzippi,blackmoore,987,rogue,assassination,49,20,29
Dezxxyox,dun-modr,984,rogue,assassination,167,87,80
Gimzir,archimonde,982,rogue,assassination,25,11,14
Deceptio,gilneas,979,rogue,assassination,127,62,65
Julyshadows,kazzak,974,rogue,assassination,84,38,46
Tirgo,aegwynn,970,rogue,assassination,198,98,100
Tranxéne,hyjal,967,rogue,assassination,78,41,37
Astefion,dalaran,966,rogue,assassination,54,13,41
Veliza,twisting-nether,962,rogue,assassination,91,37,54
Shadowprank,ravencrest,960,rogue,assassination,21,10,11
Ежикх,soulflayer,960,rogue,assassination,30,10,20
Madisonivyqt,blackmoore,960,rogue,assassination,30,10,20
Gamer,aggramar,959,rogue,assassination,18,10,8
Ладжо,gordunni,959,rogue,assassination,30,10,20
Miistermaen,outland,959,rogue,assassination,30,10,20
Løuvees,archimonde,958,rogue,assassination,88,45,43
Tallac,drekthar,958,rogue,assassination,24,10,14
Chatbann,blackrock,958,rogue,assassination,24,10,14
Dilemma,zuljin,958,rogue,assassination,24,10,14
Xalupa,dun-modr,957,rogue,assassination,24,10,14
Geludor,alonsus,956,rogue,assassination,24,10,14
Psychoxygen,nemesis,956,rogue,assassination,24,10,14
Brazi,dalaran,955,rogue,assassination,24,10,14
Grimv,frostmane,955,rogue,assassination,24,10,14
Eightball,frostmane,954,rogue,assassination,18,10,8
Gârrík,blackhand,954,rogue,assassination,18,10,8
Solocarnage,hyjal,954,rogue,assassination,24,10,14
Skids,ravencrest,952,rogue,assassination,18,10,8
Runár,proudmoore,952,rogue,assassination,22,11,11
Loubina,silvermoon,952,rogue,assassination,24,10,14
Taatzz,stormscale,951,rogue,assassination,18,10,8
Кремдлявек,gordunni,950,rogue,assassination,47,14,33
Wedgyrog,stormscale,944,rogue,assassination,125,51,74
Madita,frostmourne,942,rogue,assassination,42,11,31
Kyropth,eredar,939,rogue,assassination,24,10,14
Modulok,ulduar,936,rogue,assassination,48,22,26
Artyzoo,tarren-mill,930,rogue,assassination,24,10,14
Eniyah,tarren-mill,927,rogue,assassination,17,10,7
Паштетмашин,booty-bay,924,rogue,assassination,41,20,21
Coastguard,twisting-nether,923,rogue,assassination,90,40,50
Yasmineskye,silvermoon,920,rogue,assassination,24,10,14
Cbrook,sylvanas,920,rogue,assassination,29,10,19
Snakeshiv,ravenholdt,919,rogue,assassination,30,15,15
Наджийа,lich-king,913,rogue,assassination,56,29,27
Nhox,garona,913,rogue,assassination,30,11,19
Энвитио,gordunni,910,rogue,assassination,29,16,13
Knockyz,khaz-modan,910,rogue,assassination,163,79,84
Вотымразь,howling-fjord,910,rogue,assassination,125,59,66
Jústina,die-aldor,908,rogue,assassination,96,43,53
Kaigodd,twisting-nether,907,rogue,assassination,63,34,29
Pinchoto,sanguino,907,rogue,assassination,66,31,35
Макггара,soulflayer,907,rogue,assassination,170,78,92
Scorpionkk,blackrock,902,rogue,assassination,360,166,194
Rohalds,silvermoon,901,rogue,assassination,32,11,21
Куррвабобер,borean-tundra,900,rogue,assassination,24,10,14
Gaius,zuljin,900,rogue,assassination,27,10,17
Rascall,anetheron,898,rogue,assassination,20,11,9
Márto,archimonde,896,rogue,assassination,22,10,12
Mythicog,twisting-nether,895,rogue,assassination,60,24,36
Sabrera,ravencrest,894,rogue,assassination,30,11,19
Ороти,greymane,891,rogue,assassination,20,12,8
Onetwo,aggra-português,889,rogue,assassination,42,19,23
Gereon,drakthul,887,rogue,assassination,22,10,12
Sïdr,marécage-de-zangar,883,rogue,assassination,85,39,46
Blackone,nemesis,883,rogue,assassination,24,10,14
Вальпургина,borean-tundra,879,rogue,assassination,100,50,50
Dallrend,stormscale,875,rogue,assassination,60,22,38
Rossaporcona,nemesis,874,rogue,assassination,66,24,42
Elfikill,elune,871,rogue,assassination,78,41,37
Прнхабочка,gordunni,865,rogue,assassination,72,35,37
Skýhigh,ravencrest,864,rogue,assassination,12,9,3
Watergirlx,ravencrest,864,rogue,assassination,18,9,9
Angeldarky,silvermoon,864,rogue,assassination,24,9,15
Jáckz,twisting-nether,864,rogue,assassination,24,9,15
Sotri,dun-modr,864,rogue,assassination,24,9,15
Moratz,blackmoore,864,rogue,assassination,36,9,27
Nekhâ,hyjal,863,rogue,assassination,18,9,9
Zsofia,ravencrest,863,rogue,assassination,18,9,9
Леронда,deepholm,863,rogue,assassination,36,17,19
Fawkkes,la-croisade-écarlate,863,rogue,assassination,24,9,15
Juelz,ravencrest,863,rogue,assassination,24,9,15
Фанфистинга,gordunni,863,rogue,assassination,36,9,27
Жесть,howling-fjord,862,rogue,assassination,18,9,9
Satlol,outland,861,rogue,assassination,21,10,11
Красаа,soulflayer,861,rogue,assassination,24,9,15
Doxxei,draenor,860,rogue,assassination,18,9,9
Purplereign,frostmane,860,rogue,assassination,84,40,44
Бимбабеггинз,howling-fjord,860,rogue,assassination,24,9,15
Norlix,ravencrest,856,rogue,assassination,18,9,9
Silksneak,kazzak,856,rogue,assassination,18,9,9
Malvaxxs,tarren-mill,856,rogue,assassination,26,9,17
Shadowspike,sanguino,855,rogue,assassination,24,9,15
Felvengeance,stormscale,855,rogue,assassination,30,9,21
Reginlief,argent-dawn,852,rogue,assassination,56,28,28
Valdengard,antonidas,852,rogue,assassination,18,9,9
Цефира,gordunni,849,rogue,assassination,18,9,9
Kuxion,zuljin,847,rogue,assassination,24,10,14
Dayrogue,doomhammer,845,rogue,assassination,36,9,27
Blades,blackmoore,843,rogue,assassination,24,9,15
Ressputini,emeriss,841,rogue,assassination,17,9,8
Angelbeats,outland,841,rogue,assassination,22,10,12
Krymziàâ,hyjal,832,rogue,assassination,123,53,70
Yeehaaman,stormreaver,828,rogue,assassination,24,9,15
Mackíe,antonidas,828,rogue,assassination,27,10,17
Lorena,ravencrest,826,rogue,assassination,17,9,8
Tc,doomhammer,824,rogue,assassination,18,9,9
Jacktripper,blackrock,824,rogue,assassination,51,14,37
Îlihad,zuljin,822,rogue,assassination,72,29,43
Sessanali,silvermoon,816,rogue,assassination,36,10,26
Yuffi,ysondre,803,rogue,assassination,29,11,18
Hadúr,stormscale,802,rogue,assassination,28,11,17
Areldis,drakthul,800,rogue,assassination,20,10,10
Folzen,archimonde,799,rogue,assassination,22,9,13
Mores,anetheron,781,rogue,assassination,30,9,21
Sospiro,nemesis,779,rogue,assassination,22,9,13
Кейтллинн,galakrond,777,rogue,assassination,66,29,37
Zajiielf,eredar,768,rogue,assassination,12,8,4
Пробующий,soulflayer,768,rogue,assassination,12,8,4
Кьюксе,gordunni,768,rogue,assassination,12,8,4
Speedhackarn,jaedenar,768,rogue,assassination,18,8,10
Silass,marécage-de-zangar,768,rogue,assassination,18,8,10
Attylaria,rexxar,768,rogue,assassination,18,8,10
Фешнподпивом,gordunni,768,rogue,assassination,21,8,13
Meimei,sanguino,768,rogue,assassination,24,8,16
Onlyluvhurt,dun-modr,768,rogue,assassination,24,8,16
Spky,ravencrest,768,rogue,assassination,30,8,22
Babouill,ysondre,767,rogue,assassination,12,8,4
Cørek,blackhand,767,rogue,assassination,12,8,4
Imsweet,burning-legion,767,rogue,assassination,18,8,10
Meldee,burning-legion,767,rogue,assassination,18,8,10
Milenia,thrall,767,rogue,assassination,18,8,10
Skiff,argent-dawn,767,rogue,assassination,18,8,10
Shadowcralls,blackmoore,767,rogue,assassination,18,8,10
Röguelol,outland,767,rogue,assassination,18,8,10
Serpez,anachronos,766,rogue,assassination,12,8,4
Flaskan,tarren-mill,766,rogue,assassination,18,8,10
Nhonhonho,silvermoon,766,rogue,assassination,18,8,10
Bronxbomber,tarren-mill,766,rogue,assassination,18,8,10
Obsçuritý,ragnaros,765,rogue,assassination,16,9,7
Kuzmin,die-aldor,765,rogue,assassination,24,8,16
Satmera,silvermoon,765,rogue,assassination,24,8,16
Gpóínt,blackmoore,765,rogue,assassination,36,11,25
Jimzopf,eredar,762,rogue,assassination,18,8,10
Giftknirps,silvermoon,758,rogue,assassination,18,8,10
Parker,frostmane,758,rogue,assassination,24,8,16
Thedarkness,sylvanas,755,rogue,assassination,18,8,10
ßè,frostmane,754,rogue,assassination,18,8,10
Gillette,guldan,752,rogue,assassination,120,45,75
Matarocho,ravencrest,751,rogue,assassination,24,8,16
Delaster,blackmoore,749,rogue,assassination,12,8,4
Raiyqyu,archimonde,748,rogue,assassination,154,72,82
Рогнарек,blackscar,745,rogue,assassination,44,17,27
Lilze,ravencrest,735,rogue,assassination,120,51,69
Deragur,antonidas,733,rogue,assassination,18,8,10
Бларефул,eversong,730,rogue,assassination,24,8,16
Stælf,argent-dawn,730,rogue,assassination,28,8,20
Якунька,soulflayer,729,rogue,assassination,23,8,15
Bondina,nemesis,727,rogue,assassination,18,8,10
Azotix,archimonde,722,rogue,assassination,38,14,24
Juweetwelwie,twisting-nether,718,rogue,assassination,18,8,10
Ghøßt,outland,714,rogue,assassination,23,10,13
Fumai,blackmoore,701,rogue,assassination,54,19,35
Breattick,blackmoore,699,rogue,assassination,60,17,43
Blueberry,sargeras,693,rogue,assassination,31,10,21
Ninieu,kirin-tor,686,rogue,assassination,13,8,5
Ghøstkid,blackrock,686,rogue,assassination,22,8,14
Kahsorog,draenor,683,rogue,assassination,20,8,12
Лиринэлла,soulflayer,672,rogue,assassination,12,7,5
Bluntyblades,silvermoon,672,rogue,assassination,12,7,5
Биокарлик,soulflayer,672,rogue,assassination,12,7,5
Houfyy,blackhand,672,rogue,assassination,12,7,5
Pekszcze,ravencrest,672,rogue,assassination,12,7,5
Zilemjr,stormscale,672,rogue,assassination,18,7,11
Zwarciowa,burning-legion,672,rogue,assassination,18,7,11
Nitroxygen,outland,672,rogue,assassination,18,7,11
Scørp,ravencrest,672,rogue,assassination,18,7,11
Styxro,blackhand,672,rogue,assassination,18,7,11
Like,aegwynn,672,rogue,assassination,18,7,11
Ogc,draenor,672,rogue,assassination,18,7,11
Eeros,kazzak,672,rogue,assassination,18,7,11
Soulriver,kelthuzad,672,rogue,assassination,18,7,11
Patryk,silvermoon,672,rogue,assassination,21,8,13
Featfawkes,ragnaros,672,rogue,assassination,24,7,17
Luketherogue,twisting-nether,672,rogue,assassination,24,7,17
Jaqenhghar,pozzo-delleternità,672,rogue,assassination,24,7,17
Chokee,blackrock,672,rogue,assassination,24,7,17
Rikdy,kazzak,672,rogue,assassination,30,7,23
Pookzy,blackhand,671,rogue,assassination,12,7,5
Verresa,sylvanas,671,rogue,assassination,12,7,5
Роггбог,howling-fjord,671,rogue,assassination,12,7,5
Jupezii,stormreaver,671,rogue,assassination,12,7,5
Ticklzepickl,silvermoon,671,rogue,assassination,18,7,11
Friter,stormscale,671,rogue,assassination,18,7,11
Nïhal,suramar,671,rogue,assassination,18,7,11
Renaai,defias-brotherhood,671,rogue,assassination,18,7,11
Oboraddon,blackrock,671,rogue,assassination,18,7,11
Stealthaldo,sylvanas,671,rogue,assassination,18,7,11
Althieves,ravencrest,671,rogue,assassination,18,7,11
Вудстер,blackscar,671,rogue,assassination,18,7,11
Медиивэл,deepholm,671,rogue,assassination,35,9,26
Bødýchëck,blackmoore,670,rogue,assassination,12,7,5
Penita,aegwynn,670,rogue,assassination,12,7,5
Barkai,kazzak,670,rogue,assassination,18,7,11
Zhadowên,outland,669,rogue,assassination,12,7,5
Feucht,argent-dawn,669,rogue,assassination,18,7,11
Waltër,tyrande,669,rogue,assassination,30,7,23
Shinigamî,nemesis,668,rogue,assassination,12,7,5
Inentellian,frostwolf,668,rogue,assassination,24,7,17
Fizzkhalifa,zuljin,667,rogue,assassination,25,9,16
Vuuduu,frostmane,667,rogue,assassination,30,7,23
Jiraishin,blackmoore,666,rogue,assassination,30,7,23
Háshírama,ravencrest,665,rogue,assassination,22,8,14
Azkiel,archimonde,660,rogue,assassination,12,7,5
Némésiss,archimonde,660,rogue,assassination,18,7,11
Зайт,howling-fjord,660,rogue,assassination,27,9,18
Twotimess,stormscale,658,rogue,assassination,12,7,5
Shaklyn,antonidas,655,rogue,assassination,17,7,10
Sanzoo,blackmoore,655,rogue,assassination,17,7,10
Niapro,dun-morogh,653,rogue,assassination,17,7,10
Rêdbello,dun-morogh,651,rogue,assassination,18,7,11
Джэкман,soulflayer,650,rogue,assassination,14,10,4
Rezzi,ravencrest,647,rogue,assassination,19,8,11
Деравар,deathguard,639,rogue,assassination,22,7,15
Windhawkz,silvermoon,623,rogue,assassination,17,7,10
Chcksothrsty,ragnaros,622,rogue,assassination,11,7,4
Mozenn,draenor,622,rogue,assassination,15,7,8
Милеса,soulflayer,620,rogue,assassination,17,7,10
Darkerzx,silvermoon,617,rogue,assassination,28,9,19
Флокуся,howling-fjord,599,rogue,assassination,28,10,18
Rîplëy,ravencrest,591,rogue,assassination,13,7,6
Behind,agamaggan,582,rogue,assassination,22,8,14
Voetdown,blackmoore,576,rogue,assassination,12,6,6
Rilodedcoach,kazzak,576,rogue,assassination,12,6,6
Rágge,tarren-mill,576,rogue,assassination,12,6,6
Myk,ravencrest,576,rogue,assassination,12,6,6
Tyranoxoth,stormscale,576,rogue,assassination,12,6,6
Secaboo,eredar,576,rogue,assassination,12,6,6
Mollyperph,ravencrest,576,rogue,assassination,12,6,6
Parawietje,twilights-hammer,576,rogue,assassination,12,6,6
Ximenidriel,ravencrest,576,rogue,assassination,12,6,6
Ralffy,auchindoun,576,rogue,assassination,12,6,6
Pøóçhgøðx,archimonde,576,rogue,assassination,12,6,6
Stâr,archimonde,576,rogue,assassination,12,6,6
Wrestlér,sylvanas,576,rogue,assassination,12,6,6
Sîccarîus,ravencrest,576,rogue,assassination,12,6,6
Necroli,kazzak,576,rogue,assassination,12,6,6
Remindful,ravencrest,576,rogue,assassination,12,6,6
Myxx,ravencrest,576,rogue,assassination,12,6,6
Diagnoze,silvermoon,576,rogue,assassination,12,6,6
Бейнс,howling-fjord,576,rogue,assassination,12,6,6
Flopsy,archimonde,576,rogue,assassination,12,6,6
Blade,stormscale,576,rogue,assassination,12,6,6
Лиргенвард,deathguard,576,rogue,assassination,12,6,6
Sachsun,outland,576,rogue,assassination,12,6,6
Dnw,ravencrest,576,rogue,assassination,18,6,12
Liraia,eredar,576,rogue,assassination,18,6,12
Zte,frostmane,576,rogue,assassination,18,6,12
Shredbull,ravencrest,576,rogue,assassination,18,6,12
Watzoqt,archimonde,576,rogue,assassination,18,6,12
Сильфитт,gordunni,576,rogue,assassination,18,6,12
Blooddance,ragnaros,576,rogue,assassination,18,6,12
Edia,burning-legion,576,rogue,assassination,24,6,18
Ядорадура,eversong,575,rogue,assassination,12,6,6
Nevazutu,twisting-nether,575,rogue,assassination,12,6,6
Blackmøré,argent-dawn,575,rogue,assassination,12,6,6
Peqpen,ravencrest,575,rogue,assassination,12,6,6
Rbgdowngrade,ravencrest,575,rogue,assassination,12,6,6
Wééselby,blackrock,575,rogue,assassination,18,6,12
Таландриель,eversong,575,rogue,assassination,18,6,12
Shènz,ysondre,575,rogue,assassination,18,6,12
Invisage,grim-batol,575,rogue,assassination,18,6,12
Керилера,eversong,575,rogue,assassination,18,6,12
Fkuwu,dalaran,575,rogue,assassination,24,6,18
Outofstuns,earthen-ring,574,rogue,assassination,18,7,11
Dahlinska,ravencrest,574,rogue,assassination,18,6,12
Жинпес,gordunni,574,rogue,assassination,18,6,12
Letheus,stormscale,573,rogue,assassination,18,6,12
Bleubleute,hyjal,573,rogue,assassination,18,6,12
Daddschâl,blackmoore,572,rogue,assassination,15,6,9
Whiz,alexstrasza,572,rogue,assassination,21,7,14
Berruskaa,drakthul,571,rogue,assassination,12,6,6
Ranjual,blackhand,571,rogue,assassination,12,6,6
Kissmebaby,hyjal,571,rogue,assassination,12,6,6
Lovesosa,turalyon,571,rogue,assassination,12,6,6
Ninjaops,ravencrest,571,rogue,assassination,12,6,6
Jibril,anubarak,570,rogue,assassination,18,6,12
Симус,lich-king,568,rogue,assassination,12,6,6
Clapslap,blackmoore,565,rogue,assassination,12,6,6
Dimah,blackmoore,563,rogue,assassination,18,6,12
Phøñkðånçér,ravencrest,559,rogue,assassination,17,6,11
Lapeur,conseil-des-ombres,559,rogue,assassination,18,6,12
Givilwtf,eredar,543,rogue,assassination,17,6,11
Nÿst,khaz-modan,543,rogue,assassination,17,6,11
Ûltraaxx,ysondre,528,rogue,assassination,15,6,9
Snigmorder,silvermoon,528,rogue,assassination,16,6,10
Stonyhavana,ravencrest,527,rogue,assassination,11,6,5
Vaeira,ravencrest,527,rogue,assassination,17,6,11
Sjûkdøm,silvermoon,527,rogue,assassination,18,6,12
Bamboozledx,draenor,511,rogue,assassination,11,6,5
Стронг,soulflayer,511,rogue,assassination,15,6,9
Зорго,deathguard,496,rogue,assassination,11,7,4
Pwoned,frostmourne,480,rogue,assassination,6,5,1
Ðescartes,antonidas,480,rogue,assassination,6,5,1
Gögel,draenor,480,rogue,assassination,12,5,7
Sholace,blackrock,480,rogue,assassination,12,5,7
Exiv,ragnaros,480,rogue,assassination,12,5,7
Злобность,gordunni,480,rogue,assassination,12,5,7
Aikaza,blackmoore,480,rogue,assassination,12,5,7
Hì,bronzebeard,480,rogue,assassination,12,5,7
Malatang,thrall,480,rogue,assassination,12,5,7
Cali,shendralar,480,rogue,assassination,12,5,7
Zajii,eredar,480,rogue,assassination,12,5,7
Anhduy,blackrock,480,rogue,assassination,12,5,7
Erdin,ravencrest,480,rogue,assassination,12,5,7
Kidalica,auchindoun,480,rogue,assassination,12,5,7
Эрихард,howling-fjord,480,rogue,assassination,12,5,7
Fixsap,aegwynn,480,rogue,assassination,12,5,7
Darkknïght,silvermoon,480,rogue,assassination,12,5,7
Shabakftw,twisting-nether,480,rogue,assassination,12,5,7
Hopbóp,magtheridon,480,rogue,assassination,12,5,7
Calve,tarren-mill,480,rogue,assassination,12,5,7
Letmeplay,ravencrest,480,rogue,assassination,12,5,7
Snurry,tarren-mill,480,rogue,assassination,12,5,7
Rylie,garona,480,rogue,assassination,12,5,7
Psg,argent-dawn,480,rogue,assassination,12,5,7
Dìkcite,archimonde,480,rogue,assassination,12,5,7
Trickfulz,stormscale,480,rogue,assassination,12,5,7
Kendyx,kirin-tor,480,rogue,assassination,12,5,7
Heftychonk,doomhammer,480,rogue,assassination,12,5,7
Morgan,argent-dawn,480,rogue,assassination,12,5,7
Septicshiv,argent-dawn,480,rogue,assassination,12,5,7
Lämä,stormreaver,480,rogue,assassination,12,5,7
Leiemorder,twisting-nether,480,rogue,assassination,12,5,7
Nippzy,twisting-nether,480,rogue,assassination,12,5,7
Кишмякх,howling-fjord,480,rogue,assassination,12,5,7
Backstabjr,blackmoore,480,rogue,assassination,12,5,7
Exanimu,ravencrest,480,rogue,assassination,18,5,13
Kinntama,twisting-nether,480,rogue,assassination,18,5,13
Stealthi,stormscale,480,rogue,assassination,18,5,13
Søtez,ravencrest,480,rogue,assassination,18,5,13
Ра,gordunni,480,rogue,assassination,18,5,13
Republicano,cthun,480,rogue,assassination,18,5,13
Kenjí,silvermoon,480,rogue,assassination,18,5,13
Wrathed,stormreaver,480,rogue,assassination,18,5,13
Ykw,tarren-mill,480,rogue,assassination,18,5,13
Wardrin,twisting-nether,480,rogue,assassination,27,6,21
Vizifyx,ravencrest,480,rogue,assassination,24,5,19
Noxxy,archimonde,480,rogue,assassination,24,5,19
Saptember,blackhand,479,rogue,assassination,6,5,1
Хэресс,soulflayer,479,rogue,assassination,6,5,1
Дамид,gordunni,479,rogue,assassination,12,5,7
Jaymo,saurfang,479,rogue,assassination,12,5,7
Dahlin,stormscale,479,rogue,assassination,12,5,7
Darák,thrall,479,rogue,assassination,12,5,7
Smokie,frostmourne,479,rogue,assassination,12,5,7
Tossmysaladx,silvermoon,479,rogue,assassination,12,5,7
Lescud,illidan,479,rogue,assassination,12,5,7
Shadowfangs,ravencrest,479,rogue,assassination,12,5,7
Mðnki,outland,479,rogue,assassination,12,5,7
Некролз,gordunni,479,rogue,assassination,13,5,8
Гранетанцор,blackscar,479,rogue,assassination,18,5,13
Howhigh,stormscale,479,rogue,assassination,18,5,13
Hallogenic,silvermoon,479,rogue,assassination,18,5,13
Darkesthonor,silvermoon,479,rogue,assassination,18,5,13
Sît,twisting-nether,479,rogue,assassination,24,5,19
Yüm,burning-blade,478,rogue,assassination,18,5,13
Dravenfoot,defias-brotherhood,477,rogue,assassination,12,5,7
Jacksoon,dun-morogh,477,rogue,assassination,18,5,13
Magok,ysondre,476,rogue,assassination,12,5,7
Lubor,thrall,476,rogue,assassination,12,5,7
Owlcat,argent-dawn,475,rogue,assassination,12,5,7
Razboy,dun-morogh,475,rogue,assassination,12,5,7
Lukkz,laughing-skull,474,rogue,assassination,12,5,7
Легион,razuvious,474,rogue,assassination,12,5,7
Deevoll,tarren-mill,447,rogue,assassination,20,6,14
Sørä,ragnaros,444,rogue,assassination,10,5,5
Jimmybrä,draenor,431,rogue,assassination,11,5,6
Bhabì,uldaman,431,rogue,assassination,11,5,6
Rhâpsødýx,twisting-nether,426,rogue,assassination,14,6,8
Mâêl,blackmoore,426,rogue,assassination,16,6,10
Baldoh,kazzak,426,rogue,assassination,23,6,17
Hmwow,kazzak,425,rogue,assassination,23,6,17
Bluehell,sanguino,415,rogue,assassination,10,5,5
Kodlak,silvermoon,413,rogue,assassination,10,5,5
Horóz,antonidas,400,rogue,assassination,7,5,2
Døpegame,ravencrest,400,rogue,assassination,13,5,8
Áq,ravencrest,384,rogue,assassination,6,4,2
Mïkasa,ysondre,384,rogue,assassination,6,4,2
Drâûgr,blackhand,384,rogue,assassination,6,4,2
Tebzr,ravencrest,384,rogue,assassination,6,4,2
Meccura,silvermoon,384,rogue,assassination,6,4,2
Mouchess,hyjal,384,rogue,assassination,6,4,2
Rosk,los-errantes,384,rogue,assassination,6,4,2
Vögue,burning-legion,384,rogue,assassination,6,4,2
Melfîce,blackhand,384,rogue,assassination,6,4,2
Neyloa,kazzak,384,rogue,assassination,6,4,2
Devine,khaz-modan,384,rogue,assassination,6,4,2
Sparv,jaedenar,384,rogue,assassination,6,4,2
Deadhawk,ravencrest,384,rogue,assassination,6,4,2
Дикийминус,howling-fjord,384,rogue,assassination,6,4,2
Sayianwho,ravencrest,384,rogue,assassination,6,4,2
Eltitoedu,dun-modr,384,rogue,assassination,6,4,2
Gâla,elune,384,rogue,assassination,6,4,2
Rottemannen,stormscale,384,rogue,assassination,6,4,2
Jinxy,outland,384,rogue,assassination,6,4,2
Spolly,frostwolf,384,rogue,assassination,6,4,2
Ðoppex,blackmoore,384,rogue,assassination,6,4,2
Fûckínggød,outland,384,rogue,assassination,6,4,2
Мёртвыйанарх,soulflayer,384,rogue,assassination,6,4,2
Nineball,frostmane,384,rogue,assassination,6,4,2
Mituxararr,blackrock,384,rogue,assassination,6,4,2
Imatrickster,draenor,384,rogue,assassination,6,4,2
Ebayscammer,ravencrest,384,rogue,assassination,6,4,2
Yuunr,kazzak,384,rogue,assassination,6,4,2
Obscuritys,nemesis,384,rogue,assassination,6,4,2
Leviathann,doomhammer,384,rogue,assassination,6,4,2
Чернабаев,soulflayer,384,rogue,assassination,6,4,2
Voltarine,ysondre,384,rogue,assassination,6,4,2
Whosmanz,ragnaros,384,rogue,assassination,6,4,2
Bwònsàmdì,twisting-nether,384,rogue,assassination,6,4,2
Xanyy,bloodfeather,384,rogue,assassination,12,4,8
Doktorrog,blackrock,384,rogue,assassination,12,4,8
Mysmullig,ragnaros,384,rogue,assassination,12,4,8
Rodjin,hyjal,384,rogue,assassination,12,4,8
Ddhelpra,blackrock,384,rogue,assassination,12,4,8
Ксяосупдупао,howling-fjord,384,rogue,assassination,12,4,8
Obernik,draenor,384,rogue,assassination,12,4,8
Ùmbræ,hyjal,384,rogue,assassination,12,4,8
Sinterklaas,earthen-ring,384,rogue,assassination,12,4,8
Darkchomeur,archimonde,384,rogue,assassination,12,4,8
Crimatoria,rajaxx,384,rogue,assassination,12,4,8
Toskle,drakthul,384,rogue,assassination,12,4,8
Níterush,eredar,384,rogue,assassination,12,4,8
Röguetönerö,dun-modr,384,rogue,assassination,12,4,8
Wundgîft,blackrock,384,rogue,assassination,12,4,8
Honeycakes,ravencrest,384,rogue,assassination,12,4,8
Norpz,aggra-português,384,rogue,assassination,12,4,8
Mesyo,blackhand,384,rogue,assassination,12,4,8
Ланароудсс,gordunni,384,rogue,assassination,12,4,8
Галиновна,soulflayer,384,rogue,assassination,12,4,8
Eichê,alleria,384,rogue,assassination,12,4,8
Paidaki,kazzak,384,rogue,assassination,12,4,8
Achterom,tarren-mill,384,rogue,assassination,12,4,8
Sharkøo,eredar,384,rogue,assassination,12,4,8
Barisso,burning-legion,384,rogue,assassination,12,4,8
Zerfex,eredar,384,rogue,assassination,12,4,8
Salitra,die-aldor,384,rogue,assassination,12,4,8
Wickness,dun-modr,384,rogue,assassination,12,4,8
Stepkickgodx,blackmoore,384,rogue,assassination,12,4,8
Vicxx,ravencrest,384,rogue,assassination,12,4,8
Otlaw,auchindoun,384,rogue,assassination,12,4,8
Тучёна,soulflayer,384,rogue,assassination,12,4,8
Охотникведьм,soulflayer,384,rogue,assassination,12,4,8
Lilrookie,argent-dawn,384,rogue,assassination,12,4,8
Kïdney,stormscale,384,rogue,assassination,12,4,8
Jevo,kazzak,384,rogue,assassination,12,4,8
Gämèøvërkíd,archimonde,384,rogue,assassination,12,4,8
Bijâ,aegwynn,384,rogue,assassination,12,4,8
Yakii,eredar,384,rogue,assassination,12,4,8
Kallelelel,tarren-mill,384,rogue,assassination,12,4,8
Ryxon,arathor,384,rogue,assassination,12,4,8
Xtoyo,zuljin,384,rogue,assassination,12,4,8
Izzyb,auchindoun,384,rogue,assassination,12,4,8
Doomdagger,chamber-of-aspects,384,rogue,assassination,12,4,8
Артфулр,howling-fjord,384,rogue,assassination,12,4,8
Sythex,archimonde,384,rogue,assassination,18,4,14
Sicarius,the-maelstrom,384,rogue,assassination,18,4,14
Lïke,frostwolf,384,rogue,assassination,18,4,14
Ристоврация,gordunni,384,rogue,assassination,18,4,14
Zerö,tarren-mill,384,rogue,assassination,18,4,14
Елианора,gordunni,384,rogue,assassination,18,4,14
Лайнэл,deathweaver,384,rogue,assassination,18,4,14
Mindset,eredar,384,rogue,assassination,18,4,14
Katakuri,stormscale,384,rogue,assassination,18,4,14
Ibizà,ravencrest,384,rogue,assassination,18,4,14
Vexedancer,stormscale,383,rogue,assassination,6,4,2
Tedko,dun-modr,383,rogue,assassination,6,4,2
Cusmos,twisting-nether,383,rogue,assassination,6,4,2
Kyzzo,dalaran,383,rogue,assassination,12,4,8
Algopyrin,ragnaros,383,rogue,assassination,12,4,8
Zhafira,magtheridon,383,rogue,assassination,12,4,8
Stumpén,darkspear,383,rogue,assassination,12,4,8
Ppogg,pozzo-delleternità,383,rogue,assassination,12,4,8
Töbïï,sylvanas,383,rogue,assassination,12,4,8
Ксенорф,ashenvale,383,rogue,assassination,15,4,11
Kylìemirogue,blackrock,383,rogue,assassination,18,4,14
Ðaemøn,archimonde,383,rogue,assassination,24,5,19
Twinkyzzö,archimonde,382,rogue,assassination,12,4,8
Armando,amanthul,382,rogue,assassination,18,5,13
Бамболейлоо,grom,381,rogue,assassination,12,4,8
Pumpy,blades-edge,381,rogue,assassination,12,4,8
Møkkagnom,darkspear,381,rogue,assassination,12,4,8
Midô,dun-morogh,381,rogue,assassination,18,4,14
Easy,kult-der-verdammten,376,rogue,assassination,18,4,14
Iwilsucceed,argent-dawn,376,rogue,assassination,36,5,31
Stealtheous,arathor,367,rogue,assassination,11,4,7
Blurryfacé,frostmane,351,rogue,assassination,11,4,7
Lilbubblegum,emerald-dream,351,rogue,assassination,11,4,7
Стелсочка,gordunni,351,rogue,assassination,11,4,7
Морзо,howling-fjord,351,rogue,assassination,17,4,13
Voraq,blackhand,350,rogue,assassination,11,4,7
Arathir,ravencrest,330,rogue,assassination,15,5,10
Eljana,amanthul,322,rogue,assassination,24,7,17
Soníc,kiljaeden,319,rogue,assassination,5,4,1
Benh,ysondre,319,rogue,assassination,8,4,4
Fz,chants-éternels,319,rogue,assassination,16,5,11
Releaserage,draenor,288,rogue,assassination,6,3,3
Zigaretz,ravencrest,288,rogue,assassination,6,3,3
Jackpackáge,sylvanas,288,rogue,assassination,6,3,3
Smorcoolio,stormscale,288,rogue,assassination,6,3,3
Ацилия,galakrond,288,rogue,assassination,6,3,3
Tasster,frostwolf,288,rogue,assassination,6,3,3
Nâtaz,eredar,288,rogue,assassination,6,3,3
Lanewuquvi,alonsus,288,rogue,assassination,6,3,3
Reaventis,ravencrest,288,rogue,assassination,6,3,3
Mordred,stormscale,288,rogue,assassination,6,3,3
Ææçæçæçæ,twisting-nether,288,rogue,assassination,6,3,3
Luciferx,stormscale,288,rogue,assassination,6,3,3
Lïhtêñßërg,ravencrest,288,rogue,assassination,6,3,3
Thenotorious,shadowsong,288,rogue,assassination,6,3,3
Yaelynn,argent-dawn,288,rogue,assassination,6,3,3
Олддеадроб,soulflayer,288,rogue,assassination,6,3,3
Disdane,sylvanas,288,rogue,assassination,6,3,3
Lyray,die-aldor,288,rogue,assassination,6,3,3
Azhothz,argent-dawn,288,rogue,assassination,6,3,3
Nezukóchan,ravencrest,288,rogue,assassination,6,3,3
Brêêzy,die-aldor,288,rogue,assassination,6,3,3
Котянкахд,howling-fjord,288,rogue,assassination,6,3,3
Выносяшка,deathguard,288,rogue,assassination,6,3,3
Ultraxette,ysondre,288,rogue,assassination,6,3,3
Aska,antonidas,288,rogue,assassination,6,3,3
Stroògz,ysondre,288,rogue,assassination,6,3,3
Sorashna,agamaggan,288,rogue,assassination,6,3,3
Stealthb,ravencrest,288,rogue,assassination,6,3,3
Solomid,ravencrest,288,rogue,assassination,6,3,3
Лорб,howling-fjord,288,rogue,assassination,6,3,3
Rodént,argent-dawn,288,rogue,assassination,6,3,3
Keexy,ravencrest,288,rogue,assassination,6,3,3
Batta,drakthul,288,rogue,assassination,6,3,3
Чудох,gordunni,288,rogue,assassination,6,3,3
Mazokisti,outland,288,rogue,assassination,6,3,3
Dôlf,hyjal,288,rogue,assassination,6,3,3
Râizo,archimonde,288,rogue,assassination,6,3,3
Laojin,kiljaeden,288,rogue,assassination,6,3,3
Illusious,ragnaros,288,rogue,assassination,6,3,3
Kaylí,kazzak,288,rogue,assassination,6,3,3
Stealthyist,darkmoon-faire,288,rogue,assassination,6,3,3
Langneurr,archimonde,288,rogue,assassination,6,3,3
Deadraw,aegwynn,288,rogue,assassination,6,3,3
Schurok,aegwynn,288,rogue,assassination,6,3,3
Steálth,silvermoon,288,rogue,assassination,6,3,3
Cipher,elune,288,rogue,assassination,6,3,3
Lättja,hyjal,288,rogue,assassination,6,3,3
Labronka,sanguino,288,rogue,assassination,6,3,3
Diarikths,silvermoon,288,rogue,assassination,6,3,3
Syrn,ravencrest,288,rogue,assassination,9,4,5
Vyllaftw,hyjal,288,rogue,assassination,10,3,7
Psybelette,khaz-modan,288,rogue,assassination,15,4,11
Gløck,die-aldor,288,rogue,assassination,12,3,9
Zip,alleria,288,rogue,assassination,12,3,9
Rôst,ravencrest,288,rogue,assassination,12,3,9
Bumaqt,silvermoon,288,rogue,assassination,12,3,9
Hardkølle,ravencrest,288,rogue,assassination,12,3,9
Nezuko,gilneas,288,rogue,assassination,12,3,9
Anesthetics,stormscale,288,rogue,assassination,12,3,9
Eriksonn,drakthul,288,rogue,assassination,12,3,9
Deadchivalry,argent-dawn,288,rogue,assassination,12,3,9
Teldã,archimonde,288,rogue,assassination,12,3,9
Азунайт,ashenvale,288,rogue,assassination,12,3,9
Sickko,stormscale,288,rogue,assassination,12,3,9
Bakalan,dun-modr,288,rogue,assassination,12,3,9
Vessel,tarren-mill,288,rogue,assassination,12,3,9
Hamer,eredar,288,rogue,assassination,12,3,9
Ryurfy,archimonde,288,rogue,assassination,12,3,9
Zeiden,sanguino,288,rogue,assassination,12,3,9
Курога,howling-fjord,288,rogue,assassination,12,3,9
Yakku,drakthul,288,rogue,assassination,12,3,9
Poguemahone,ravencrest,288,rogue,assassination,12,3,9
Hersuub,blackmoore,288,rogue,assassination,12,3,9
Derxx,stormscale,288,rogue,assassination,12,3,9
Kshero,sylvanas,288,rogue,assassination,12,3,9
Smokeyx,outland,288,rogue,assassination,12,3,9
Redork,twisting-nether,288,rogue,assassination,12,3,9
Turbocandle,ravencrest,288,rogue,assassination,12,3,9
Narutø,sylvanas,288,rogue,assassination,12,3,9
Terya,ragnaros,288,rogue,assassination,12,3,9
Fushimi,ravencrest,288,rogue,assassination,12,3,9
Seeschlange,amanthul,288,rogue,assassination,12,3,9
Persës,outland,288,rogue,assassination,12,3,9
Onedance,blackrock,288,rogue,assassination,14,3,11
Crittylohan,blackrock,288,rogue,assassination,18,3,15
Jáyjay,antonidas,288,rogue,assassination,18,3,15
Mxrbid,defias-brotherhood,288,rogue,assassination,18,3,15
Memphismp,drakthul,288,rogue,assassination,18,3,15
Brícx,alleria,288,rogue,assassination,18,3,15
Умбрен,lich-king,287,rogue,assassination,6,3,3
Coanageta,draenor,287,rogue,assassination,6,3,3
Yubleeding,kazzak,287,rogue,assassination,6,3,3
Wizzo,onyxia,287,rogue,assassination,6,3,3
Вентури,borean-tundra,287,rogue,assassination,6,3,3
Killboom,rexxar,287,rogue,assassination,6,3,3
Geovoreakos,silvermoon,287,rogue,assassination,6,3,3
Гламурятина,gordunni,287,rogue,assassination,6,3,3
Willin,kazzak,287,rogue,assassination,6,3,3
Saleanos,die-aldor,287,rogue,assassination,12,3,9
Vendox,defias-brotherhood,287,rogue,assassination,12,3,9
Nastyrogue,burning-legion,287,rogue,assassination,12,3,9
Фоксивнир,soulflayer,286,rogue,assassination,6,3,3
Adewale,kazzak,286,rogue,assassination,12,3,9
Ecilaa,conseil-des-ombres,285,rogue,assassination,12,3,9
Derrieretoî,archimonde,285,rogue,assassination,12,3,9
Bobydrift,khaz-modan,284,rogue,assassination,12,3,9
Verbb,turalyon,284,rogue,assassination,12,3,9
Layson,les-clairvoyants,271,rogue,assassination,11,3,8
Технорэйв,gordunni,271,rogue,assassination,33,4,29
Schagrath,tarren-mill,255,rogue,assassination,11,3,8
Candise,ysondre,253,rogue,assassination,11,3,8
Blckrogue,bloodfeather,240,rogue,assassination,9,3,6
Stashin,stormscale,240,rogue,assassination,10,3,7
Starkad,archimonde,239,rogue,assassination,5,3,2
Dmr,aegwynn,239,rogue,assassination,5,3,2
Kejú,alleria,239,rogue,assassination,5,3,2
Alyzon,ravencrest,239,rogue,assassination,17,3,14
Pilliwinks,alonsus,234,rogue,assassination,8,4,4
Koteczka,burning-legion,234,rogue,assassination,15,4,11
Obbexd,outland,233,rogue,assassination,16,5,11
Vv,terokkar,232,rogue,assassination,12,4,8
Asdfqwerty,ravencrest,223,rogue,assassination,8,3,5
Kebabgodx,sanguino,223,rogue,assassination,8,3,5
Sycko,alakir,192,rogue,assassination,6,2,4
Laciecute,silvermoon,192,rogue,assassination,6,2,4
Noilek,sylvanas,192,rogue,assassination,6,2,4
Tajina,elune,192,rogue,assassination,6,2,4
Ленчюня,soulflayer,192,rogue,assassination,6,2,4
Oczku,burning-legion,192,rogue,assassination,6,2,4
Gane,sanguino,192,rogue,assassination,6,2,4
Synexo,sylvanas,192,rogue,assassination,6,2,4
Mallaurya,dalaran,192,rogue,assassination,6,2,4
Evi,korgall,192,rogue,assassination,6,2,4
Zyphion,ragnaros,192,rogue,assassination,6,2,4
Аутянин,soulflayer,192,rogue,assassination,6,2,4
Теньглуши,gordunni,192,rogue,assassination,6,2,4
Ðarkreign,sanguino,192,rogue,assassination,6,2,4
Mobrac,silvermoon,192,rogue,assassination,6,2,4
Highz,zenedar,192,rogue,assassination,6,2,4
Люняшка,booty-bay,192,rogue,assassination,6,2,4
Сабстрайк,soulflayer,192,rogue,assassination,6,2,4
Díddz,tarren-mill,192,rogue,assassination,6,2,4
Isucu,burning-legion,192,rogue,assassination,6,2,4
Kaamen,die-silberne-hand,192,rogue,assassination,6,2,4
Tofix,tarren-mill,192,rogue,assassination,6,2,4
Нойсеен,gordunni,192,rogue,assassination,6,2,4
Revisiôn,tarren-mill,192,rogue,assassination,6,2,4
Alicanbey,silvermoon,192,rogue,assassination,6,2,4
Кашеварить,gordunni,192,rogue,assassination,6,2,4
Шизачи,gordunni,192,rogue,assassination,6,2,4
Аренатрюки,soulflayer,192,rogue,assassination,6,2,4
Новиччокк,gordunni,192,rogue,assassination,6,2,4
Снэбак,soulflayer,192,rogue,assassination,6,2,4
Niagram,dun-modr,192,rogue,assassination,6,2,4
Kikitaklk,uldum,192,rogue,assassination,6,2,4
Tinta,aszune,192,rogue,assassination,6,2,4
Acronia,ragnaros,192,rogue,assassination,6,2,4
Kersatos,silvermoon,192,rogue,assassination,6,2,4
Crowg,drakthul,192,rogue,assassination,6,2,4
Habba,dragonblight,192,rogue,assassination,6,2,4
Fälke,dun-modr,192,rogue,assassination,6,2,4
Rearmer,burning-legion,192,rogue,assassination,6,2,4
Sêrgi,minahonda,192,rogue,assassination,6,2,4
Bloodwraith,stormscale,192,rogue,assassination,6,2,4
Sokillu,silvermoon,192,rogue,assassination,6,2,4
Diliu,doomhammer,192,rogue,assassination,6,2,4
Bickia,silvermoon,192,rogue,assassination,6,2,4
Gladßreakz,dun-modr,192,rogue,assassination,6,2,4
Batskcab,blackmoore,192,rogue,assassination,6,2,4
Grocco,doomhammer,192,rogue,assassination,6,2,4
Lqueespack,kazzak,192,rogue,assassination,6,2,4
Madridistaßß,outland,192,rogue,assassination,6,2,4
Henlh,turalyon,192,rogue,assassination,6,2,4
Silentknives,silvermoon,192,rogue,assassination,6,2,4
Renyth,argent-dawn,192,rogue,assassination,6,2,4
Alexandra,kazzak,192,rogue,assassination,6,2,4
Pixeling,ravencrest,192,rogue,assassination,6,2,4
Zerukos,thrall,192,rogue,assassination,6,2,4
Robtherobber,kazzak,192,rogue,assassination,6,2,4
Mattyc,bronze-dragonflight,192,rogue,assassination,6,2,4
Redrumx,outland,192,rogue,assassination,6,2,4
Саулите,deathguard,192,rogue,assassination,6,2,4
Ðelvin,dalaran,192,rogue,assassination,6,2,4
Ikaze,kazzak,192,rogue,assassination,6,2,4
Xeggy,turalyon,192,rogue,assassination,6,2,4
Jonewrld,ravencrest,192,rogue,assassination,6,2,4
Sanzsa,ravencrest,192,rogue,assassination,6,2,4
Dépressionqt,ravencrest,192,rogue,assassination,6,2,4
Bórgós,blackrock,192,rogue,assassination,6,2,4
Fenissa,ysondre,192,rogue,assassination,6,2,4
Киу,howling-fjord,192,rogue,assassination,6,2,4
Gårónå,thrall,192,rogue,assassination,6,2,4
Hertyso,outland,192,rogue,assassination,6,2,4
Garou,blackhand,192,rogue,assassination,6,2,4
Xanders,draenor,192,rogue,assassination,6,2,4
Rexore,ravencrest,192,rogue,assassination,6,2,4
Hideout,ravencrest,192,rogue,assassination,6,2,4
Warrdenn,draenor,192,rogue,assassination,6,2,4
Apéxx,blackrock,192,rogue,assassination,6,2,4
Nàlaa,ravencrest,192,rogue,assassination,6,2,4
Grinfester,stormscale,192,rogue,assassination,6,2,4
Weird,blackmoore,192,rogue,assassination,6,2,4
Eazmode,outland,192,rogue,assassination,6,2,4
Goldenblitz,blackmoore,192,rogue,assassination,6,2,4
Eigle,archimonde,192,rogue,assassination,6,2,4
Venom,stormscale,192,rogue,assassination,6,2,4
Zømbië,kazzak,192,rogue,assassination,6,2,4
Brazzersx,antonidas,192,rogue,assassination,6,2,4
Fîst,antonidas,192,rogue,assassination,6,2,4
Grüeßseebach,todeswache,192,rogue,assassination,6,2,4
Bangerstab,draenor,192,rogue,assassination,6,2,4
Maxrizzx,ravencrest,192,rogue,assassination,6,2,4
Câptcâp,twisting-nether,192,rogue,assassination,6,2,4
Warbell,stormscale,192,rogue,assassination,6,2,4
Grimson,kazzak,192,rogue,assassination,6,2,4
Selfcut,blackmoore,192,rogue,assassination,6,2,4
Rizzardx,ravencrest,192,rogue,assassination,6,2,4
Shúrae,blackmoore,192,rogue,assassination,6,2,4
Katara,antonidas,192,rogue,assassination,6,2,4
Иннхотеп,howling-fjord,192,rogue,assassination,6,2,4
Jinêxo,shattrath,192,rogue,assassination,6,2,4
Gleaming,madmortem,192,rogue,assassination,6,2,4
Monster,kazzak,192,rogue,assassination,6,2,4
Ichiegoichie,draenor,192,rogue,assassination,6,2,4
Reichy,ravencrest,192,rogue,assassination,6,2,4
Nudelholz,blackrock,192,rogue,assassination,6,2,4
Sunbra,hyjal,192,rogue,assassination,6,2,4
Saix,blackrock,192,rogue,assassination,6,2,4
Helcof,emerald-dream,192,rogue,assassination,6,2,4
Fredge,stormscale,192,rogue,assassination,6,2,4
Oljebrunn,stormscale,192,rogue,assassination,6,2,4
Tiemyrópe,outland,192,rogue,assassination,6,2,4
Свартахейм,soulflayer,192,rogue,assassination,9,2,7
Totentánz,silvermoon,192,rogue,assassination,15,3,12
Dalishia,blackhand,192,rogue,assassination,12,2,10
Sneakzy,sylvanas,192,rogue,assassination,12,2,10
Hitogoroshi,hyjal,192,rogue,assassination,12,2,10
Withoutlove,drakthul,192,rogue,assassination,12,2,10
Ôrígìnälnezo,drakthul,192,rogue,assassination,12,2,10
Bolesnirogue,draenor,192,rogue,assassination,12,2,10
Neirdà,hyjal,192,rogue,assassination,12,2,10
Ayatsuji,nemesis,192,rogue,assassination,12,2,10
Lunaryel,turalyon,192,rogue,assassination,12,2,10
Vezinia,ravencrest,192,rogue,assassination,12,2,10
Naí,zuljin,192,rogue,assassination,12,2,10
Skuggdunkarn,draenor,192,rogue,assassination,12,2,10
Tokyotears,ravencrest,192,rogue,assassination,12,2,10
Hanteran,magtheridon,192,rogue,assassination,12,2,10
Sheyrrà,aegwynn,192,rogue,assassination,12,2,10
Rasponi,ragnaros,192,rogue,assassination,12,2,10
Mingzhu,ravencrest,192,rogue,assassination,12,2,10
Zóhaz,burning-legion,192,rogue,assassination,12,2,10
Лэйкиро,gordunni,192,rogue,assassination,12,2,10
Sombrafina,tyrande,192,rogue,assassination,12,2,10
Параножей,howling-fjord,192,rogue,assassination,12,2,10
Cacucoxpahu,kazzak,192,rogue,assassination,12,2,10
Mødinüs,archimonde,192,rogue,assassination,12,2,10
Sylvanshadow,nemesis,192,rogue,assassination,12,2,10
Romiel,ravencrest,192,rogue,assassination,12,2,10
Skilz,sylvanas,192,rogue,assassination,12,2,10
Nesä,hyjal,192,rogue,assassination,18,2,16
Coopér,argent-dawn,192,rogue,assassination,18,2,16
Fleshcrawl,norgannon,191,rogue,assassination,6,2,4
Токссиси,gordunni,191,rogue,assassination,6,2,4
Mersible,blackrock,191,rogue,assassination,6,2,4
Thugore,thunderhorn,191,rogue,assassination,6,2,4
Nhot,kazzak,191,rogue,assassination,6,2,4
Drexxo,drakthul,191,rogue,assassination,6,2,4
Вангельм,gordunni,191,rogue,assassination,12,2,10
Arthhurra,ragnaros,191,rogue,assassination,12,2,10
Snikrot,karazhan,190,rogue,assassination,12,2,10
Murant,twisting-nether,190,rogue,assassination,12,2,10
Icyicé,kazzak,175,rogue,assassination,11,2,9
Nià,argent-dawn,158,rogue,assassination,10,2,8
Gitguduwu,tarren-mill,138,rogue,assassination,10,3,7
Shâdowfreeze,onyxia,138,rogue,assassination,22,4,18
Expositiv,blackmoore,96,rogue,assassination,6,1,5
Yamoshí,sanguino,96,rogue,assassination,6,1,5
Lizwi,ragnaros,96,rogue,assassination,6,1,5
Yamajinzu,blackmoore,96,rogue,assassination,6,1,5
Куллтро,blackscar,96,rogue,assassination,6,1,5
Asmodal,die-nachtwache,96,rogue,assassination,6,1,5
Normbutt,outland,96,rogue,assassination,6,1,5
Roronao,sanguino,96,rogue,assassination,6,1,5
Bekkz,todeswache,96,rogue,assassination,6,1,5
Гриксон,blackscar,96,rogue,assassination,6,1,5
Macix,zuljin,96,rogue,assassination,6,1,5
Faso,thunderhorn,96,rogue,assassination,6,1,5
Vanisshh,hyjal,96,rogue,assassination,6,1,5
Natkatje,azjolnerub,96,rogue,assassination,6,1,5
Flaycesap,blackmoore,96,rogue,assassination,6,1,5
Roguy,wildhammer,96,rogue,assassination,6,1,5
Pronna,ragnaros,96,rogue,assassination,6,1,5
Jamzyrogue,emerald-dream,96,rogue,assassination,6,1,5
Møtivate,ragnaros,96,rogue,assassination,6,1,5
Takiya,ysondre,96,rogue,assassination,6,1,5
Hallowéén,turalyon,96,rogue,assassination,6,1,5
Ravenom,sylvanas,96,rogue,assassination,6,1,5
Gílgámesh,outland,96,rogue,assassination,6,1,5
Wøølfgang,archimonde,96,rogue,assassination,6,1,5
Ohmydotz,archimonde,96,rogue,assassination,6,1,5
Dâlis,kazzak,96,rogue,assassination,6,1,5
Метаболикх,gordunni,96,rogue,assassination,6,1,5
Chøsen,stormscale,96,rogue,assassination,6,1,5
Роудхог,blackscar,96,rogue,assassination,6,1,5
Tyzla,blackrock,96,rogue,assassination,6,1,5
Nexieane,ravencrest,96,rogue,assassination,6,1,5
Janx,aegwynn,96,rogue,assassination,6,1,5
Twoballz,doomhammer,96,rogue,assassination,6,1,5
Freakzi,blackhand,96,rogue,assassination,6,1,5
Иордани,gordunni,96,rogue,assassination,6,1,5
Thiranor,cthun,96,rogue,assassination,6,1,5
Finfcyn,burning-legion,96,rogue,assassination,6,1,5
Zarlen,argent-dawn,96,rogue,assassination,6,1,5
Guzirogue,azshara,96,rogue,assassination,6,1,5
Royalflüx,grim-batol,96,rogue,assassination,6,1,5
Dayanir,aggra-português,96,rogue,assassination,6,1,5
Mekóz,draenor,96,rogue,assassination,6,1,5
Imika,argent-dawn,96,rogue,assassination,6,1,5
Sly,emerald-dream,96,rogue,assassination,6,1,5
Dieschönheit,kazzak,96,rogue,assassination,6,1,5
Kenko,aerie-peak,96,rogue,assassination,6,1,5
Nelji,archimonde,96,rogue,assassination,6,1,5
Vexior,argent-dawn,96,rogue,assassination,6,1,5
Deceptionz,ravencrest,96,rogue,assassination,6,1,5
Sbx,alakir,96,rogue,assassination,6,1,5
Dachdagger,malfurion,96,rogue,assassination,6,1,5
Pfaded,steamwheedle-cartel,96,rogue,assassination,6,1,5
Bizzarerogue,tarren-mill,96,rogue,assassination,6,1,5
Kilabre,twisting-nether,96,rogue,assassination,6,1,5
Ziqqiqt,thrall,96,rogue,assassination,6,1,5
Ðiè,frostmane,96,rogue,assassination,6,1,5
Héragor,illidan,96,rogue,assassination,6,1,5
Shåkø,tarren-mill,96,rogue,assassination,6,1,5
Asasina,los-errantes,96,rogue,assassination,6,1,5
Azryel,tarren-mill,96,rogue,assassination,6,1,5
Mortdorei,argent-dawn,96,rogue,assassination,6,1,5
Osap,kazzak,96,rogue,assassination,6,1,5
Natillaa,dun-modr,96,rogue,assassination,6,1,5
Ñavy,archimonde,96,rogue,assassination,6,1,5
Кейнилин,gordunni,96,rogue,assassination,6,1,5
Дизелюжн,howling-fjord,96,rogue,assassination,6,1,5
Duo,karazhan,96,rogue,assassination,6,1,5
Missàh,archimonde,96,rogue,assassination,6,1,5
Hendrikske,aggramar,96,rogue,assassination,6,1,5
Cÿlan,sylvanas,96,rogue,assassination,6,1,5
Lorinthel,argent-dawn,96,rogue,assassination,6,1,5
Nerfexpected,silvermoon,96,rogue,assassination,6,1,5
Goblindrill,blackmoore,96,rogue,assassination,6,1,5
Flêxô,antonidas,96,rogue,assassination,6,1,5
Yörgs,eredar,96,rogue,assassination,6,1,5
Кустедис,howling-fjord,96,rogue,assassination,6,1,5
Msrogue,eredar,96,rogue,assassination,6,1,5
Buffdh,eredar,96,rogue,assassination,6,1,5
Pjotre,mannoroth,96,rogue,assassination,6,1,5
Mokmok,frostwolf,96,rogue,assassination,6,1,5
Knive,marécage-de-zangar,96,rogue,assassination,6,1,5
Miamalkova,zuluhed,96,rogue,assassination,6,1,5
Penetrantos,eredar,96,rogue,assassination,6,1,5
Frequenzalfa,silvermoon,96,rogue,assassination,6,1,5
Appelschorlê,eredar,96,rogue,assassination,6,1,5
Bakithekiddo,silvermoon,96,rogue,assassination,6,1,5
Stepbro,kelthuzad,96,rogue,assassination,6,1,5
Gordous,ysondre,96,rogue,assassination,6,1,5
Boloboc,ravencrest,96,rogue,assassination,7,1,6
Распяздяй,gordunni,96,rogue,assassination,7,1,6
Proilas,draenor,96,rogue,assassination,11,1,10
Jawen,silvermoon,96,rogue,assassination,12,1,11
Kyoukaî,archimonde,96,rogue,assassination,12,1,11
Роророл,gordunni,96,rogue,assassination,12,1,11
Ønlylovcindy,drekthar,96,rogue,assassination,12,1,11
Рестинписер,soulflayer,96,rogue,assassination,12,1,11
Sanguinea,minahonda,96,rogue,assassination,12,1,11
Chaotix,ragnaros,96,rogue,assassination,12,1,11
Engles,twisting-nether,96,rogue,assassination,12,1,11
Tybiereus,argent-dawn,96,rogue,assassination,12,1,11
Diededlmao,ragnaros,96,rogue,assassination,12,1,11
Триплсап,howling-fjord,96,rogue,assassination,12,1,11
Barbuniarz,shadowsong,96,rogue,assassination,12,1,11
Allydede,blackmoore,96,rogue,assassination,18,1,17
Calyon,hyjal,96,rogue,assassination,18,1,17
Crispflake,frostwolf,96,rogue,assassination,18,1,17
Ravéñ,silvermoon,96,rogue,assassination,24,1,23
Vicenzo,archimonde,95,rogue,assassination,3,2,1
Belina,draenor,95,rogue,assassination,6,1,5
Elvís,chamber-of-aspects,95,rogue,assassination,6,1,5
Аморалез,deathweaver,95,rogue,assassination,6,1,5
Вейкингдрим,gordunni,79,rogue,assassination,5,1,4
Vound,tarren-mill,64,rogue,assassination,4,1,3
Elgande,stormrage,63,rogue,assassination,2,2,0
Rûzk,frostwolf,48,rogue,assassination,3,1,2
Vanquishz,arathor,48,rogue,assassination,3,1,2
Teralala,kazzak,48,rogue,assassination,3,1,2
Latscholol,malorne,42,rogue,assassination,12,3,9
Kanilol,eredar,42,rogue,assassination,8,2,6
Хемофилия,grom,42,rogue,assassination,8,2,6
Sýn,eredar,42,rogue,assassination,10,2,8
Nightbláde,burning-legion,42,rogue,assassination,10,2,8
Kkraken,dalaran,41,rogue,assassination,10,2,8
Дивеас,blackscar,31,rogue,assassination,8,1,7
Kirby,kaelthas,16,rogue,assassination,1,1,0
Abaar,defias-brotherhood,16,rogue,assassination,13,1,12
Domo,stormscale,2228,shaman,restoration,156,81,75
Shadrak,eredar,2172,shaman,restoration,102,55,47
Shamidrak,eredar,2159,shaman,restoration,114,60,54
Navajito,tarren-mill,2154,shaman,restoration,60,42,18
Hímars,ragnaros,2151,shaman,restoration,101,52,49
Timide,ravencrest,2141,shaman,restoration,84,45,39
Вишняблэйз,soulflayer,2132,shaman,restoration,143,83,60
Мефодийшаман,howling-fjord,2126,shaman,restoration,142,88,54
Венжии,soulflayer,2124,shaman,restoration,102,50,52
Терату,howling-fjord,2118,shaman,restoration,84,46,38
Valko,hellfire,2113,shaman,restoration,84,51,33
Crnine,pozzo-delleternità,2112,shaman,restoration,75,49,26
Mininini,ravencrest,2112,shaman,restoration,151,78,73
Libanô,archimonde,2112,shaman,restoration,1009,498,511
Somethingnew,azuremyst,2108,shaman,restoration,195,97,98
Keén,burning-legion,2103,shaman,restoration,147,82,65
Jackypink,ragnaros,2102,shaman,restoration,279,144,135
Кодитян,gordunni,2100,shaman,restoration,89,48,41
Светшам,howling-fjord,2098,shaman,restoration,94,49,45
Chävaman,archimonde,2090,shaman,restoration,60,39,21
Killrogge,kazzak,2078,shaman,restoration,85,63,22
Unbrokeñ,stormscale,2077,shaman,restoration,99,49,50
Benpai,eredar,2072,shaman,restoration,118,61,57
Snovii,drakthul,2067,shaman,restoration,108,54,54
Ultrahound,twisting-nether,2057,shaman,restoration,48,39,9
Elmezz,aggra-português,2050,shaman,restoration,88,47,41
Rheax,tarren-mill,2050,shaman,restoration,84,44,40
Wess,archimonde,2048,shaman,restoration,66,35,31
Дольчих,deathguard,2036,shaman,restoration,325,158,167
Jelincic,ravencrest,2027,shaman,restoration,96,52,44
Greggyb,twisting-nether,2026,shaman,restoration,60,34,26
Langhantel,kazzak,2017,shaman,restoration,176,107,69
Nickygodx,stormscale,2012,shaman,restoration,101,53,48
Rogerscruton,blades-edge,2010,shaman,restoration,233,121,112
Arathoir,ravencrest,2009,shaman,restoration,84,47,37
Swineflowing,ysondre,2004,shaman,restoration,120,63,57
Chokelord,archimonde,2000,shaman,restoration,48,28,20
Daretodream,blackrock,1996,shaman,restoration,53,29,24
Lavalavalava,blackrock,1993,shaman,restoration,447,244,203
Josë,twisting-nether,1992,shaman,restoration,191,97,94
Nothexy,stormscale,1990,shaman,restoration,102,57,45
Chäväman,archimonde,1987,shaman,restoration,220,108,112
Драгенхз,gordunni,1983,shaman,restoration,387,195,192
Zhull,ravencrest,1974,shaman,restoration,580,290,290
Gigawashed,archimonde,1973,shaman,restoration,41,29,12
Слишкомплох,howling-fjord,1967,shaman,restoration,90,42,48
Finaltotem,draenor,1966,shaman,restoration,132,61,71
Gargro,kazzak,1965,shaman,restoration,175,93,82
Frshprn,hyjal,1964,shaman,restoration,108,59,49
Deepwithyou,blackhand,1964,shaman,restoration,165,90,75
Слишкомпох,howling-fjord,1960,shaman,restoration,54,30,24
Trashgame,kazzak,1960,shaman,restoration,160,83,77
Carlpeant,drakthul,1960,shaman,restoration,233,119,114
Twísting,tarren-mill,1959,shaman,restoration,101,57,44
Ltmsham,ravencrest,1959,shaman,restoration,54,28,26
Eras,ragnaros,1956,shaman,restoration,46,30,16
Epsylone,kazzak,1953,shaman,restoration,101,51,50
Sèfìx,tarren-mill,1952,shaman,restoration,49,25,24
Bobanrajovic,silvermoon,1951,shaman,restoration,54,33,21
Dàazle,ravencrest,1951,shaman,restoration,113,53,60
Ripperdoc,stormreaver,1950,shaman,restoration,78,38,40
Swkx,dun-modr,1948,shaman,restoration,189,104,85
Linkx,stormscale,1948,shaman,restoration,40,22,18
Боунсе,howling-fjord,1945,shaman,restoration,72,36,36
Carlitosham,eredar,1945,shaman,restoration,74,36,38
Moistpuss,kazzak,1943,shaman,restoration,120,77,43
Kalypsø,arthas,1942,shaman,restoration,106,62,44
Nokster,twisting-nether,1941,shaman,restoration,165,106,59
Lilililil,sanguino,1936,shaman,restoration,589,308,281
Gettingolder,kazzak,1931,shaman,restoration,74,37,37
Lavelover,tarren-mill,1927,shaman,restoration,66,41,25
Keenxd,burning-legion,1927,shaman,restoration,131,67,64
Oldandslow,sylvanas,1923,shaman,restoration,72,38,34
Skreewu,outland,1923,shaman,restoration,144,69,75
Цукерок,soulflayer,1922,shaman,restoration,119,72,47
Wíllz,ravencrest,1919,shaman,restoration,66,33,33
Fotmherøqtx,ravencrest,1918,shaman,restoration,306,159,147
Señordoge,kazzak,1917,shaman,restoration,54,28,26
Иними,soulflayer,1915,shaman,restoration,426,213,213
Karlurban,outland,1913,shaman,restoration,85,37,48
Mýthaz,archimonde,1910,shaman,restoration,84,59,25
Сладкийстас,soulflayer,1909,shaman,restoration,120,60,60
Elwynnpolice,argent-dawn,1908,shaman,restoration,76,38,38
Lunarsloths,hyjal,1907,shaman,restoration,54,33,21
Онеоне,deathweaver,1899,shaman,restoration,83,48,35
Vivaldi,varimathras,1899,shaman,restoration,56,29,27
Котенокмур,soulflayer,1899,shaman,restoration,48,20,28
Aioñ,kazzak,1896,shaman,restoration,110,56,54
Askagain,sylvanas,1895,shaman,restoration,58,32,26
Boruggshaman,kazzak,1892,shaman,restoration,72,35,37
Inspektør,kazzak,1885,shaman,restoration,71,44,27
Shaloxe,silvermoon,1885,shaman,restoration,53,28,25
Fufupartyxx,blackrock,1883,shaman,restoration,60,37,23
Брфф,gordunni,1882,shaman,restoration,48,26,22
Thunderrock,stormreaver,1880,shaman,restoration,211,102,109
Kisshots,the-maelstrom,1877,shaman,restoration,276,141,135
Hexewar,kazzak,1875,shaman,restoration,175,94,81
Westide,conseil-des-ombres,1873,shaman,restoration,54,29,25
Jazzcore,twisting-nether,1872,shaman,restoration,41,25,16
Эоя,howling-fjord,1872,shaman,restoration,260,136,124
Кенкерх,gordunni,1871,shaman,restoration,84,38,46
Sprühkot,aegwynn,1868,shaman,restoration,58,33,25
Ize,sylvanas,1867,shaman,restoration,281,157,124
Iloveléa,ravencrest,1866,shaman,restoration,131,72,59
Owrly,stormscale,1866,shaman,restoration,148,71,77
Tallyx,ravencrest,1864,shaman,restoration,131,62,69
Вавувоух,howling-fjord,1863,shaman,restoration,54,27,27
Tidepog,ravencrest,1863,shaman,restoration,102,49,53
Shànnón,kazzak,1862,shaman,restoration,47,23,24
Cherepaha,stormscale,1861,shaman,restoration,94,45,49
Dêblâzê,thrall,1860,shaman,restoration,60,35,25
Jawje,tarren-mill,1860,shaman,restoration,108,53,55
Söd,dun-morogh,1860,shaman,restoration,179,87,92
Мефодийшама,howling-fjord,1860,shaman,restoration,192,93,99
Lontarita,tarren-mill,1858,shaman,restoration,36,27,9
Yachiru,sylvanas,1854,shaman,restoration,73,59,14
Ønepåc,hyjal,1854,shaman,restoration,69,31,38
Рамаксбосс,gordunni,1852,shaman,restoration,54,34,20
Ghettero,ragnaros,1851,shaman,restoration,39,25,14
Smightys,kazzak,1851,shaman,restoration,60,32,28
Snusy,stormscale,1851,shaman,restoration,48,24,24
Hexe,kazzak,1851,shaman,restoration,93,44,49
Slimthug,sylvanas,1850,shaman,restoration,33,20,13
Wyrolink,ragnaros,1850,shaman,restoration,72,36,36
Natasz,burning-legion,1849,shaman,restoration,218,119,99
Sugarfreé,ragnaros,1848,shaman,restoration,48,26,22
Fersok,zuljin,1848,shaman,restoration,54,28,26
Yararsiz,twisting-nether,1846,shaman,restoration,408,204,204
Hexalicius,sylvanas,1846,shaman,restoration,66,33,33
Numbs,tarren-mill,1846,shaman,restoration,48,24,24
Zaru,sanguino,1846,shaman,restoration,63,31,32
Carpetmaster,ragnaros,1845,shaman,restoration,57,29,28
Cæsífer,blackrock,1844,shaman,restoration,72,32,40
Sentûn,blackrock,1842,shaman,restoration,138,68,70
Wernøz,archimonde,1841,shaman,restoration,92,43,49
Harmony,outland,1839,shaman,restoration,66,44,22
Akwa,stormscale,1839,shaman,restoration,44,20,24
Bezixx,ravencrest,1838,shaman,restoration,222,126,96
Cellfury,kazzak,1837,shaman,restoration,46,36,10
Twkupe,tarren-mill,1837,shaman,restoration,42,24,18
Vanostbzt,kazzak,1837,shaman,restoration,47,24,23
Epsy,magtheridon,1835,shaman,restoration,86,55,31
Трс,razuvious,1834,shaman,restoration,218,115,103
Kïllard,archimonde,1834,shaman,restoration,98,47,51
Hydrolîc,blackrock,1833,shaman,restoration,84,50,34
Morkyy,thrall,1832,shaman,restoration,56,31,25
Reidzls,kazzak,1831,shaman,restoration,42,23,19
Frenchshaman,archimonde,1831,shaman,restoration,60,30,30
Bytheway,aegwynn,1831,shaman,restoration,246,117,129
Shamuunn,ravencrest,1830,shaman,restoration,54,28,26
Милфшама,blackscar,1830,shaman,restoration,422,215,207
Garuga,dun-morogh,1829,shaman,restoration,48,26,22
Wisplola,ravencrest,1829,shaman,restoration,101,42,59
Skillrogge,kazzak,1828,shaman,restoration,37,26,11
Велоун,soulflayer,1828,shaman,restoration,86,44,42
Rostislav,ravencrest,1827,shaman,restoration,59,31,28
Fitnessdavid,ravencrest,1826,shaman,restoration,53,29,24
Zergønk,ravencrest,1824,shaman,restoration,42,28,14
Ikeadamen,alakir,1824,shaman,restoration,78,38,40
Kreamcake,bladefist,1824,shaman,restoration,170,81,89
Скарфэйсх,soulflayer,1822,shaman,restoration,72,38,34
Sinzzu,ragnaros,1822,shaman,restoration,325,165,160
Johncoltrane,archimonde,1821,shaman,restoration,138,86,52
Asynchund,ravencrest,1821,shaman,restoration,42,26,16
Centralc,twisting-nether,1820,shaman,restoration,47,28,19
Kyogre,auchindoun,1820,shaman,restoration,114,65,49
Aboveaverage,stormscale,1820,shaman,restoration,60,24,36
Igly,antonidas,1819,shaman,restoration,60,31,29
Totembaws,blackmoore,1819,shaman,restoration,90,44,46
Светшамка,howling-fjord,1817,shaman,restoration,30,19,11
Shamrockx,outland,1816,shaman,restoration,83,42,41
Icecrêam,stormreaver,1816,shaman,restoration,65,31,34
Bladeyx,ragnaros,1815,shaman,restoration,243,135,108
Faric,draenor,1815,shaman,restoration,54,30,24
Sûckmytotem,ragnaros,1815,shaman,restoration,72,35,37
Ixxmre,blackrock,1813,shaman,restoration,189,104,85
Mymylo,archimonde,1813,shaman,restoration,48,25,23
Jawj,tarren-mill,1813,shaman,restoration,107,48,59
Bummexx,twisting-nether,1812,shaman,restoration,102,59,43
Bunyie,ragnaros,1812,shaman,restoration,90,48,42
Нойзблок,gordunni,1811,shaman,restoration,36,19,17
Ghostlights,doomhammer,1811,shaman,restoration,68,31,37
Natty,ravencrest,1810,shaman,restoration,151,96,55
Reinu,ragnaros,1809,shaman,restoration,137,74,63
Wawawoowee,archimonde,1809,shaman,restoration,132,71,61
Yannkee,ravencrest,1809,shaman,restoration,78,39,39
Remony,pozzo-delleternità,1808,shaman,restoration,128,83,45
Fuzzynuts,ravencrest,1808,shaman,restoration,132,74,58
Crymemore,stormscale,1807,shaman,restoration,77,41,36
Xelgrin,silvermoon,1807,shaman,restoration,66,30,36
Nübs,aegwynn,1806,shaman,restoration,107,51,56
Wíwi,kazzak,1805,shaman,restoration,86,47,39
Cylantarus,blackrock,1804,shaman,restoration,187,97,90
Firestormx,drakthul,1803,shaman,restoration,106,71,35
Fee,silvermoon,1803,shaman,restoration,45,25,20
Voodoonerd,twisting-nether,1803,shaman,restoration,47,24,23
Neou,archimonde,1803,shaman,restoration,54,27,27
Viinny,dun-modr,1803,shaman,restoration,102,48,54
Lilalime,arthas,1803,shaman,restoration,54,25,29
Apexe,outland,1803,shaman,restoration,106,41,65
Variablelol,outland,1802,shaman,restoration,118,73,45
Bigdamshear,outland,1802,shaman,restoration,60,31,29
Meöw,nemesis,1802,shaman,restoration,274,140,134
Мимигор,razuvious,1801,shaman,restoration,35,27,8
Kiansham,silvermoon,1801,shaman,restoration,47,26,21
Squixi,tarren-mill,1799,shaman,restoration,66,36,30
Krugx,draenor,1799,shaman,restoration,73,33,40
Bmbx,archimonde,1796,shaman,restoration,670,333,337
Urzza,stormscale,1794,shaman,restoration,36,30,6
Alanus,draenor,1794,shaman,restoration,246,122,124
Waramors,eredar,1793,shaman,restoration,161,83,78
Sethrøllins,hyjal,1793,shaman,restoration,120,55,65
Shiranoye,blackrock,1790,shaman,restoration,162,84,78
Sadfemecraft,aggramar,1790,shaman,restoration,436,223,213
Stylia,twisting-nether,1788,shaman,restoration,84,47,37
Pogchampz,nemesis,1784,shaman,restoration,42,21,21
Кодишам,howling-fjord,1782,shaman,restoration,46,25,21
Incredibade,stormscale,1782,shaman,restoration,66,32,34
Есперадох,blackscar,1781,shaman,restoration,51,26,25
Дочьшефа,gordunni,1777,shaman,restoration,54,32,22
Bezixx,argent-dawn,1776,shaman,restoration,218,112,106
Мвнзх,gordunni,1776,shaman,restoration,66,32,34
Holytidezx,aegwynn,1775,shaman,restoration,40,26,14
Shockmelone,blackrock,1773,shaman,restoration,200,100,100
Lexxthree,blackrock,1771,shaman,restoration,48,28,20
Elmie,outland,1770,shaman,restoration,40,24,16
Szellento,darksorrow,1769,shaman,restoration,96,47,49
Ларкуш,howling-fjord,1766,shaman,restoration,176,93,83
Traickosham,eredar,1764,shaman,restoration,54,40,14
Wibra,nagrand,1764,shaman,restoration,54,33,21
Shamolili,stormscale,1764,shaman,restoration,141,70,71
Daubidaubi,kazzak,1763,shaman,restoration,140,87,53
Zanezu,stormscale,1763,shaman,restoration,197,103,94
Bstr,frostmane,1763,shaman,restoration,60,30,30
Baßy,archimonde,1763,shaman,restoration,54,27,27
Ihealbro,blackrock,1762,shaman,restoration,66,41,25
Ujasdaddy,stormscale,1762,shaman,restoration,42,24,18
Bjoernwaldur,outland,1762,shaman,restoration,60,26,34
Дыркавауре,soulflayer,1762,shaman,restoration,55,23,32
Midgetfizzle,kazzak,1757,shaman,restoration,435,215,220
Tâkeda,blackmoore,1757,shaman,restoration,119,56,63
Jenkem,hyjal,1755,shaman,restoration,126,67,59
Necrodog,blackrock,1753,shaman,restoration,66,41,25
Defibrillata,blackrock,1752,shaman,restoration,324,169,155
Teldatwo,archimonde,1751,shaman,restoration,41,27,14
Thyroideus,argent-dawn,1751,shaman,restoration,402,219,183
Learningsham,destromath,1749,shaman,restoration,48,29,19
Brokgar,ragnaros,1749,shaman,restoration,49,29,20
Awcchampion,stormscale,1749,shaman,restoration,317,172,145
Dmgaddict,kazzak,1747,shaman,restoration,78,46,32
Izir,archimonde,1747,shaman,restoration,306,151,155
Hexur,archimonde,1746,shaman,restoration,86,49,37
Karakoram,ysondre,1741,shaman,restoration,155,82,73
Orcshaman,khadgar,1741,shaman,restoration,78,38,40
Phaynozx,cthun,1741,shaman,restoration,96,39,57
Donv,blackmoore,1739,shaman,restoration,42,26,16
Helloiamdoni,ravencrest,1739,shaman,restoration,125,71,54
Rottulos,stormrage,1739,shaman,restoration,65,35,30
Kraksham,ravencrest,1739,shaman,restoration,142,75,67
Sniege,outland,1738,shaman,restoration,36,23,13
Imbatlys,blackmoore,1738,shaman,restoration,42,24,18
Squixi,ravencrest,1738,shaman,restoration,59,33,26
Gønuts,sylvanas,1738,shaman,restoration,132,71,61
Adroda,kazzak,1738,shaman,restoration,258,128,130
Startdie,kazzak,1738,shaman,restoration,208,102,106
Чинанрук,howling-fjord,1737,shaman,restoration,125,63,62
Nailos,dun-modr,1735,shaman,restoration,163,85,78
Reäz,archimonde,1735,shaman,restoration,102,50,52
Shockjob,kazzak,1735,shaman,restoration,44,21,23
Purgeluxe,aegwynn,1733,shaman,restoration,125,65,60
Torxii,antonidas,1729,shaman,restoration,249,138,111
Teldathree,archimonde,1729,shaman,restoration,325,168,157
Rexatar,blackrock,1728,shaman,restoration,320,168,152
Meneswave,blackhand,1728,shaman,restoration,96,47,49
Мвнз,soulflayer,1728,shaman,restoration,78,31,47
Teldarian,archimonde,1727,shaman,restoration,42,22,20
Агентхолинки,gordunni,1726,shaman,restoration,24,18,6
Wamarï,draenor,1726,shaman,restoration,108,63,45
Thefirebird,blackhand,1726,shaman,restoration,166,83,83
Esher,frostwolf,1726,shaman,restoration,89,41,48
Bullezno,kazzak,1725,shaman,restoration,111,66,45
Mjollnier,stormscale,1725,shaman,restoration,43,24,19
Бунтх,howling-fjord,1725,shaman,restoration,62,31,31
Còób,ravencrest,1725,shaman,restoration,67,27,40
Arslos,twisting-nether,1723,shaman,restoration,30,24,6
Sheargodx,blackmoore,1723,shaman,restoration,42,21,21
Agnøt,khaz-modan,1722,shaman,restoration,120,70,50
Alëxx,hyjal,1722,shaman,restoration,76,38,38
Threnesham,kazzak,1722,shaman,restoration,120,58,62
Тафельшпиц,soulflayer,1720,shaman,restoration,109,53,56
Artîe,archimonde,1720,shaman,restoration,54,23,31
Kurreshm,stormreaver,1720,shaman,restoration,60,25,35
Windfúhrèr,tarren-mill,1717,shaman,restoration,66,27,39
Allysidewtf,archimonde,1716,shaman,restoration,40,27,13
Eddiemorphin,kazzak,1716,shaman,restoration,71,47,24
Whiskiy,kazzak,1714,shaman,restoration,35,24,11
Porkzzila,aggra-português,1714,shaman,restoration,78,45,33
Mltx,twilights-hammer,1714,shaman,restoration,44,19,25
Fatmikex,stormreaver,1713,shaman,restoration,66,28,38
Dôppel,archimonde,1711,shaman,restoration,42,21,21
Cynthila,stormreaver,1710,shaman,restoration,42,26,16
Qoekke,uldum,1710,shaman,restoration,36,19,17
Radjus,kazzak,1709,shaman,restoration,54,23,31
Exhale,archimonde,1707,shaman,restoration,186,107,79
Holytidez,aegwynn,1707,shaman,restoration,48,24,24
Lsdhero,stormscale,1706,shaman,restoration,24,18,6
Nizzarrathur,argent-dawn,1706,shaman,restoration,30,18,12
Lavalovers,draenor,1706,shaman,restoration,66,39,27
Колбаскофф,gordunni,1706,shaman,restoration,53,25,28
Végàs,ysondre,1705,shaman,restoration,48,25,23
Bioleta,twisting-nether,1705,shaman,restoration,108,45,63
Connecting,hyjal,1704,shaman,restoration,39,21,18
Trbhlk,blackrock,1704,shaman,restoration,48,24,24
Vajaele,twisting-nether,1703,shaman,restoration,125,62,63
Incase,burning-legion,1701,shaman,restoration,53,30,23
Brownbear,stormscale,1700,shaman,restoration,72,40,32
Awumbahway,outland,1700,shaman,restoration,132,70,62
Lexos,ravencrest,1699,shaman,restoration,72,42,30
Mefl,tarren-mill,1699,shaman,restoration,101,52,49
Earthhulk,thrall,1697,shaman,restoration,140,81,59
Koruga,frostwolf,1696,shaman,restoration,82,47,35
Djtidex,conseil-des-ombres,1696,shaman,restoration,48,24,24
Ганинапална,soulflayer,1696,shaman,restoration,60,24,36
Eurocad,draenor,1694,shaman,restoration,60,29,31
Dóómhammer,jaedenar,1693,shaman,restoration,142,74,68
Bombasthicc,ravencrest,1693,shaman,restoration,66,31,35
Wacomtablet,kazzak,1690,shaman,restoration,24,18,6
Totemdog,blackmoore,1690,shaman,restoration,48,32,16
Hexmeqt,frostwolf,1690,shaman,restoration,149,84,65
Palfe,khaz-modan,1689,shaman,restoration,356,176,180
Lahey,draenor,1688,shaman,restoration,146,75,71
Googleme,veklor,1688,shaman,restoration,70,33,37
Bountiti,dun-modr,1687,shaman,restoration,42,23,19
Goeller,stormscale,1687,shaman,restoration,54,29,25
Nellytko,aegwynn,1686,shaman,restoration,81,44,37
Bloodvaron,zuljin,1686,shaman,restoration,136,66,70
Djtomp,kazzak,1685,shaman,restoration,48,22,26
Darnast,draenor,1685,shaman,restoration,106,47,59
Виелетта,gordunni,1684,shaman,restoration,30,18,12
Átòmíc,eredar,1684,shaman,restoration,36,18,18
Thabolter,burning-legion,1682,shaman,restoration,36,21,15
Littletrall,outland,1682,shaman,restoration,102,55,47
Shamdude,archimonde,1682,shaman,restoration,53,28,25
Skrewu,stormscale,1682,shaman,restoration,109,55,54
Urshak,alleria,1681,shaman,restoration,106,61,45
Alnaddaf,outland,1679,shaman,restoration,66,35,31
Dgshîtdwarf,ravencrest,1679,shaman,restoration,36,18,18
Louler,ragnaros,1679,shaman,restoration,160,78,82
Simiann,outland,1678,shaman,restoration,30,22,8
Ewrecked,frostwhisper,1678,shaman,restoration,28,19,9
Shoqt,les-sentinelles,1678,shaman,restoration,30,18,12
Fapmasterz,eredar,1677,shaman,restoration,66,32,34
Shivanea,blackrock,1677,shaman,restoration,42,19,23
Htagagain,archimonde,1674,shaman,restoration,36,21,15
Keisser,ravencrest,1674,shaman,restoration,48,26,22
Blowxd,aegwynn,1673,shaman,restoration,223,121,102
Jochenzulauf,blackrock,1672,shaman,restoration,154,89,65
Wyrt,burning-legion,1672,shaman,restoration,48,24,24
Árés,sanguino,1672,shaman,restoration,89,44,45
Mysapphie,kazzak,1672,shaman,restoration,46,22,24
Vakamme,draenor,1672,shaman,restoration,54,22,32
Tommin,silvermoon,1671,shaman,restoration,48,24,24
Jíkkz,aegwynn,1669,shaman,restoration,90,42,48
Sweetpea,antonidas,1667,shaman,restoration,72,35,37
Bzglsnkh,ravencrest,1667,shaman,restoration,57,25,32
Loltotem,outland,1666,shaman,restoration,42,26,16
Sanamaxx,colinas-pardas,1666,shaman,restoration,62,36,26
Ibicc,twisting-nether,1666,shaman,restoration,124,63,61
Nestre,kazzak,1666,shaman,restoration,107,47,60
Enzymex,sanguino,1666,shaman,restoration,72,29,43
Bolg,veklor,1665,shaman,restoration,60,29,31
Mishoshamana,tarren-mill,1664,shaman,restoration,30,20,10
Rapedtide,thrall,1664,shaman,restoration,136,63,73
Likê,aegwynn,1663,shaman,restoration,30,22,8
Atwâ,ravencrest,1663,shaman,restoration,51,31,20
Сорит,blackscar,1663,shaman,restoration,176,93,83
Brandiløve,nemesis,1663,shaman,restoration,36,19,17
Teckan,tarren-mill,1663,shaman,restoration,48,24,24
Boltkesh,draenor,1662,shaman,restoration,36,24,12
Triplewhoppa,thrall,1659,shaman,restoration,123,57,66
Jps,gorgonnash,1658,shaman,restoration,127,63,64
Questionable,antonidas,1658,shaman,restoration,115,54,61
Nimbs,tarren-mill,1657,shaman,restoration,42,22,20
Snobas,kazzak,1657,shaman,restoration,41,18,23
Rhinoketamin,kazzak,1655,shaman,restoration,51,30,21
Вилкойвухо,howling-fjord,1655,shaman,restoration,110,42,68
Elliesham,kazzak,1654,shaman,restoration,41,25,16
Faridstreng,blackmoore,1654,shaman,restoration,150,83,67
Bâbbub,tarren-mill,1654,shaman,restoration,51,28,23
Ebøbøla,terokkar,1654,shaman,restoration,205,100,105
Luckymê,blackrock,1654,shaman,restoration,146,69,77
Ðenlos,destromath,1653,shaman,restoration,340,171,169
Kalhoznik,ravencrest,1653,shaman,restoration,36,18,18
Sondra,shendralar,1653,shaman,restoration,69,31,38
Dadan,ravencrest,1651,shaman,restoration,55,37,18
Rckfeller,burning-legion,1650,shaman,restoration,126,58,68
Levarázsol,outland,1648,shaman,restoration,48,27,21
Eniesz,archimonde,1648,shaman,restoration,132,67,65
Mbembe,blackhand,1648,shaman,restoration,66,33,33
Tentacruel,sylvanas,1647,shaman,restoration,115,65,50
Typhoeus,ragnaros,1647,shaman,restoration,40,18,22
Kharvo,draenor,1646,shaman,restoration,76,38,38
Sanktyx,blackhand,1645,shaman,restoration,76,39,37
Prîce,blackmoore,1644,shaman,restoration,36,22,14
Héxdóctór,ravencrest,1644,shaman,restoration,92,50,42
Holyshamixz,dun-modr,1644,shaman,restoration,53,24,29
Splashgodx,frostwolf,1643,shaman,restoration,53,30,23
Bonshaman,ahnqiraj,1642,shaman,restoration,120,55,65
Снупдоггидог,howling-fjord,1642,shaman,restoration,54,22,32
Makkalisse,kazzak,1641,shaman,restoration,30,19,11
Kutcher,aegwynn,1641,shaman,restoration,48,27,21
Hugox,outland,1641,shaman,restoration,1028,502,526
Snickersx,blackrock,1640,shaman,restoration,126,69,57
Coöld,archimonde,1640,shaman,restoration,36,19,17
Foxy,alakir,1638,shaman,restoration,126,66,60
Maestralink,aegwynn,1638,shaman,restoration,47,24,23
Кикподхвост,soulflayer,1638,shaman,restoration,102,49,53
Крепкийтотем,soulflayer,1636,shaman,restoration,73,47,26
Murmaiderz,draenor,1636,shaman,restoration,248,134,114
Hexbeforesex,kazzak,1636,shaman,restoration,407,211,196
Rxs,thunderhorn,1635,shaman,restoration,54,28,26
Skottkärrà,ravencrest,1634,shaman,restoration,36,24,12
Prizærn,tarren-mill,1634,shaman,restoration,153,72,81
Rokxa,burning-legion,1633,shaman,restoration,102,56,46
Naômy,kazzak,1633,shaman,restoration,79,41,38
Nexian,kazzak,1631,shaman,restoration,71,41,30
Louiesham,outland,1631,shaman,restoration,47,26,21
Invadé,stormscale,1630,shaman,restoration,30,17,13
Lillink,stormscale,1630,shaman,restoration,45,25,20
Alroq,blackrock,1630,shaman,restoration,44,23,21
Évileye,silvermoon,1630,shaman,restoration,60,31,29
Seall,lightnings-blade,1630,shaman,restoration,42,20,22
Batmanmain,twisting-nether,1629,shaman,restoration,34,21,13
Realiz,ysondre,1629,shaman,restoration,42,20,22
Draáx,ravencrest,1628,shaman,restoration,30,19,11
Gromaburst,stormscale,1628,shaman,restoration,42,18,24
Søtêx,ravencrest,1627,shaman,restoration,35,23,12
Лескас,howling-fjord,1627,shaman,restoration,219,122,97
Monstacookie,stormreaver,1627,shaman,restoration,90,46,44
Xclusiveqt,archimonde,1626,shaman,restoration,30,17,13
Papaver,zirkel-des-cenarius,1626,shaman,restoration,48,19,29
Гоэл,ashenvale,1625,shaman,restoration,147,69,78
Shamimüll,twisting-nether,1624,shaman,restoration,42,29,13
Tarchoanvahg,ragnaros,1624,shaman,restoration,77,43,34
Xhanon,kazzak,1624,shaman,restoration,36,20,16
Хэйзл,ashenvale,1624,shaman,restoration,152,79,73
Kongx,blackhand,1624,shaman,restoration,172,81,91
Labûche,chogall,1623,shaman,restoration,36,24,12
Kfcmanagerzz,archimonde,1623,shaman,restoration,35,18,17
Лехадабстеп,deathguard,1623,shaman,restoration,66,33,33
Shocklet,twisting-nether,1622,shaman,restoration,36,29,7
Shamansh,draenor,1622,shaman,restoration,76,49,27
Zhulnaar,hyjal,1622,shaman,restoration,108,63,45
Navarx,blackmoore,1622,shaman,restoration,154,79,75
Shman,blackrock,1621,shaman,restoration,64,42,22
Wernøzer,archimonde,1621,shaman,restoration,36,22,14
Atomstrom,frostwolf,1621,shaman,restoration,62,34,28
Thog,drakthul,1621,shaman,restoration,133,70,63
Shoxý,draenor,1621,shaman,restoration,72,36,36
Var,varimathras,1620,shaman,restoration,66,39,27
Palarins,dalaran,1620,shaman,restoration,30,17,13
Shamerific,magtheridon,1620,shaman,restoration,61,30,31
Tether,twisting-nether,1619,shaman,restoration,48,26,22
Тубалкайн,soulflayer,1619,shaman,restoration,36,17,19
Yakee,doomhammer,1619,shaman,restoration,62,29,33
Tupato,kazzak,1618,shaman,restoration,110,57,53
Tjpimp,draenor,1617,shaman,restoration,65,39,26
Ксмо,gordunni,1617,shaman,restoration,40,24,16
Пекубулких,soulflayer,1617,shaman,restoration,48,28,20
Itselectric,ravencrest,1617,shaman,restoration,217,116,101
Icytide,kazzak,1617,shaman,restoration,72,32,40
Zalamlól,kazzak,1616,shaman,restoration,33,21,12
Ripstorm,sylvanas,1616,shaman,restoration,49,23,26
Redomsh,stormreaver,1616,shaman,restoration,93,43,50
Qoleck,aegwynn,1615,shaman,restoration,42,22,20
Heatti,doomhammer,1615,shaman,restoration,36,17,19
Watchmetotem,stormscale,1614,shaman,restoration,36,23,13
Greatørc,tarren-mill,1614,shaman,restoration,100,57,43
Charquanda,argent-dawn,1614,shaman,restoration,78,38,40
Maelynda,argent-dawn,1614,shaman,restoration,42,18,24
Zorcs,silvermoon,1613,shaman,restoration,296,149,147
Ohatzu,blackhand,1612,shaman,restoration,88,48,40
Iphosham,twisting-nether,1612,shaman,restoration,48,21,27
Djosershamy,draenor,1611,shaman,restoration,117,56,61
Dimront,gorgonnash,1610,shaman,restoration,36,20,16
Shamiinn,ravencrest,1609,shaman,restoration,30,17,13
Wotan,ysondre,1609,shaman,restoration,60,33,27
Turboeddy,blackmoore,1609,shaman,restoration,199,107,92
Averya,blackmoore,1609,shaman,restoration,100,50,50
Aeknor,ravencrest,1609,shaman,restoration,48,24,24
Blowlips,argent-dawn,1609,shaman,restoration,42,17,25
Melliüg,ysondre,1608,shaman,restoration,42,25,17
Dawop,ravencrest,1608,shaman,restoration,48,24,24
Sehn,arathor,1608,shaman,restoration,42,21,21
Voodoluudo,korgall,1608,shaman,restoration,42,20,22
Инкуль,howling-fjord,1608,shaman,restoration,60,28,32
Dmgccbot,outland,1608,shaman,restoration,74,31,43
Marrakei,aegwynn,1608,shaman,restoration,83,34,49
Wolkî,aegwynn,1608,shaman,restoration,56,22,34
Discoranger,ravencrest,1607,shaman,restoration,414,210,204
Kardris,nemesis,1607,shaman,restoration,52,25,27
Ezilol,blackhand,1606,shaman,restoration,77,46,31
Eksi,ahnqiraj,1606,shaman,restoration,40,23,17
Kuxoriu,stormscale,1606,shaman,restoration,152,82,70
Kuis,sanguino,1606,shaman,restoration,100,49,51
Greenswag,drakthul,1605,shaman,restoration,48,31,17
Hypéra,kazzak,1605,shaman,restoration,216,112,104
Skanda,frostwolf,1604,shaman,restoration,24,17,7
Хужик,gordunni,1604,shaman,restoration,36,21,15
Nonotsikaan,blackhand,1604,shaman,restoration,78,45,33
Xtremeshaman,blackmoore,1604,shaman,restoration,48,25,23
Schamaster,antonidas,1604,shaman,restoration,120,59,61
Ridemytotem,blackrock,1604,shaman,restoration,45,21,24
Tôrcal,hyjal,1604,shaman,restoration,42,18,24
Shamanash,kazzak,1604,shaman,restoration,82,34,48
Linknvm,thrall,1603,shaman,restoration,195,120,75
Shneems,twisting-nether,1603,shaman,restoration,152,84,68
Healeugene,ravencrest,1603,shaman,restoration,49,23,26
Jkoreanx,archimonde,1603,shaman,restoration,78,31,47
Lebis,outland,1602,shaman,restoration,60,35,25
Khroni,tarren-mill,1602,shaman,restoration,66,35,31
Tùiðhânâ,ravencrest,1602,shaman,restoration,243,126,117
Тотембот,soulflayer,1602,shaman,restoration,54,26,28
Mjukiz,tarren-mill,1600,shaman,restoration,350,194,156
Xortortle,stormscale,1600,shaman,restoration,35,19,16
Juyina,ravencrest,1600,shaman,restoration,79,39,40
Uzze,drakthul,1600,shaman,restoration,132,63,69
Sixtyone,stormscale,1599,shaman,restoration,87,49,38
Kilazz,twisting-nether,1598,shaman,restoration,53,27,26
Martuscielöl,drakthul,1598,shaman,restoration,88,32,56
Waterwendy,blackrock,1595,shaman,restoration,86,53,33
Groundcslol,kazzak,1595,shaman,restoration,62,35,27
Сёмапурж,howling-fjord,1595,shaman,restoration,78,39,39
Nervii,stormscale,1592,shaman,restoration,42,27,15
Mydpsrbad,stormscale,1592,shaman,restoration,160,89,71
Melàniewalsh,archimonde,1591,shaman,restoration,148,79,69
Yegera,stormscale,1591,shaman,restoration,59,31,28
Tartorno,antonidas,1591,shaman,restoration,118,54,64
Pøwertoto,dalaran,1589,shaman,restoration,114,52,62
Indeed,frostmourne,1588,shaman,restoration,54,29,25
Horïons,dalaran,1588,shaman,restoration,36,17,19
Bîlunder,arygos,1588,shaman,restoration,119,55,64
Shamandoino,wildhammer,1587,shaman,restoration,234,106,128
Vioceptîon,blackrock,1586,shaman,restoration,54,40,14
Paidactor,kazzak,1586,shaman,restoration,239,126,113
Svetosham,wildhammer,1584,shaman,restoration,35,19,16
Soffsittaren,kazzak,1584,shaman,restoration,34,17,17
Superthomas,archimonde,1584,shaman,restoration,89,41,48
Purgecleave,dalvengyr,1584,shaman,restoration,48,20,28
Vioception,blackrock,1584,shaman,restoration,48,19,29
Вардоус,soulflayer,1582,shaman,restoration,30,17,13
Madytz,eredar,1582,shaman,restoration,54,30,24
Stormdrágon,kazzak,1582,shaman,restoration,203,102,101
Nêôô,blackrock,1582,shaman,restoration,71,30,41
Nqz,ysondre,1580,shaman,restoration,91,52,39
Thald,ragnaros,1580,shaman,restoration,173,94,79
Shäman,burning-blade,1580,shaman,restoration,76,36,40
Sérx,sanguino,1580,shaman,restoration,191,90,101
Apocadwarf,auchindoun,1579,shaman,restoration,155,86,69
Upisi,burning-legion,1579,shaman,restoration,207,103,104
Zinjk,nemesis,1578,shaman,restoration,394,199,195
Лешам,soulflayer,1576,shaman,restoration,72,37,35
Elombrion,destromath,1575,shaman,restoration,90,55,35
Niesel,ravencrest,1575,shaman,restoration,78,40,38
Fuzzywaagh,silvermoon,1574,shaman,restoration,142,74,68
Боргирх,soulflayer,1572,shaman,restoration,42,17,25
Drumx,aegwynn,1571,shaman,restoration,42,25,17
Schamfxx,blackrock,1571,shaman,restoration,160,85,75
Joinonlyfanz,blackrock,1571,shaman,restoration,48,20,28
Tonda,stormscale,1570,shaman,restoration,28,18,10
Kyraw,tarren-mill,1568,shaman,restoration,44,22,22
Bahane,frostwolf,1568,shaman,restoration,114,56,58
Zoolza,kirin-tor,1568,shaman,restoration,76,34,42
Totoswich,tarren-mill,1567,shaman,restoration,30,19,11
Phobophobia,archimonde,1566,shaman,restoration,30,17,13
Шсаваннх,blackscar,1566,shaman,restoration,165,83,82
Shockair,frostwolf,1566,shaman,restoration,115,54,61
Zwergmann,blackrock,1565,shaman,restoration,60,37,23
Riptider,draenor,1565,shaman,restoration,48,22,26
Firenanajkm,dun-modr,1564,shaman,restoration,100,53,47
Blakelivelyx,blackrock,1564,shaman,restoration,42,17,25
Yemo,alonsus,1563,shaman,restoration,231,127,104
Annoying,archimonde,1563,shaman,restoration,43,23,20
Bullfox,aszune,1563,shaman,restoration,114,52,62
Pacho,alakir,1563,shaman,restoration,48,21,27
Mamacitá,eredar,1562,shaman,restoration,542,258,284
Feizhousa,outland,1562,shaman,restoration,38,17,21
Smørbar,kazzak,1561,shaman,restoration,137,87,50
Тагхорн,soulflayer,1561,shaman,restoration,62,35,27
Lilcake,ravencrest,1561,shaman,restoration,72,38,34
Koraél,dun-modr,1561,shaman,restoration,96,39,57
Powerhq,thrall,1560,shaman,restoration,74,38,36
Yomuchacha,dun-modr,1560,shaman,restoration,142,69,73
Radrizzle,tichondrius,1559,shaman,restoration,66,36,30
Shammychris,argent-dawn,1559,shaman,restoration,48,21,27
Лёнянефор,howling-fjord,1558,shaman,restoration,35,18,17
Miikkas,blackhand,1557,shaman,restoration,42,25,17
Cobbel,argent-dawn,1557,shaman,restoration,168,92,76
Orcié,twisting-nether,1557,shaman,restoration,35,19,16
Lechii,stormscale,1557,shaman,restoration,107,55,52
Xogor,kazzak,1557,shaman,restoration,82,37,45
Lavjar,stormscale,1557,shaman,restoration,81,34,47
Aébi,dalaran,1556,shaman,restoration,54,31,23
Nosql,draenor,1556,shaman,restoration,40,22,18
Ðevi,ravencrest,1556,shaman,restoration,53,28,25
Reezex,silvermoon,1556,shaman,restoration,116,61,55
Froslack,zuljin,1556,shaman,restoration,88,46,42
Lzzo,ravencrest,1555,shaman,restoration,42,24,18
Shøckbot,blackhand,1555,shaman,restoration,48,23,25
Muril,argent-dawn,1554,shaman,restoration,48,21,27
Mypakypa,outland,1553,shaman,restoration,104,50,54
Banilikum,tarren-mill,1553,shaman,restoration,98,46,52
Rejax,blackmoore,1553,shaman,restoration,60,26,34
Aesa,dun-modr,1552,shaman,restoration,36,20,16
Biggiebig,ravencrest,1552,shaman,restoration,120,66,54
Vemvardetsom,stormreaver,1551,shaman,restoration,137,74,63
Zimoneris,blackmoore,1551,shaman,restoration,36,17,19
Arshak,stormscale,1551,shaman,restoration,62,26,36
Grende,sylvanas,1551,shaman,restoration,65,24,41
Sêrø,eredar,1550,shaman,restoration,48,23,25
Cleansing,nemesis,1549,shaman,restoration,52,37,15
Кичисанчик,howling-fjord,1549,shaman,restoration,150,69,81
Kvolt,ysondre,1549,shaman,restoration,42,18,24
Cuzzer,drakthul,1548,shaman,restoration,109,59,50
Beastmodex,eredar,1548,shaman,restoration,263,134,129
Seasick,frostmane,1548,shaman,restoration,112,56,56
Туурукк,soulflayer,1548,shaman,restoration,66,27,39
Amyst,aegwynn,1547,shaman,restoration,40,25,15
Noneedshaman,stormscale,1547,shaman,restoration,35,18,17
Machmacan,argent-dawn,1547,shaman,restoration,183,93,90
Neovim,trollbane,1547,shaman,restoration,86,43,43
Zetricek,drakthul,1547,shaman,restoration,83,33,50
Tow,der-rat-von-dalaran,1546,shaman,restoration,42,27,15
Reilah,drakthul,1546,shaman,restoration,66,33,33
Märthalouise,twisting-nether,1546,shaman,restoration,43,18,25
Àbs,archimonde,1545,shaman,restoration,144,73,71
Blamy,auchindoun,1545,shaman,restoration,40,20,20
Bonraptor,kirin-tor,1544,shaman,restoration,53,30,23
Есю,howling-fjord,1544,shaman,restoration,40,22,18
Korvsnärten,outland,1544,shaman,restoration,237,109,128
Reitar,burning-blade,1543,shaman,restoration,120,50,70
Zilheal,ysondre,1542,shaman,restoration,106,41,65
Lyricks,outland,1540,shaman,restoration,100,45,55
Warianis,ravencrest,1539,shaman,restoration,116,67,49
Kelvok,kazzak,1539,shaman,restoration,78,42,36
Denastyo,nemesis,1539,shaman,restoration,89,44,45
Stupbpes,gorgonnash,1539,shaman,restoration,78,36,42
Optitem,hyjal,1538,shaman,restoration,83,57,26
Bredex,doomhammer,1538,shaman,restoration,59,30,29
Неерззул,soulflayer,1538,shaman,restoration,77,32,45
Vallhur,burning-legion,1537,shaman,restoration,162,83,79
Amnéshaman,ysondre,1537,shaman,restoration,60,27,33
Shamins,outland,1536,shaman,restoration,166,95,71
Kuhnedy,blackrock,1536,shaman,restoration,222,115,107
Sørum,grim-batol,1536,shaman,restoration,48,17,31
Nintotemxo,stormscale,1535,shaman,restoration,101,53,48
Coldlean,haomarush,1535,shaman,restoration,200,98,102
Иоч,soulflayer,1534,shaman,restoration,47,26,21
Daykên,kazzak,1534,shaman,restoration,92,42,50
Junpi,shattered-hand,1534,shaman,restoration,135,61,74
Pepegahex,blackmoore,1533,shaman,restoration,30,16,14
Velkin,thrall,1532,shaman,restoration,237,124,113
Glak,draenor,1532,shaman,restoration,39,20,19
Rhun,garona,1530,shaman,restoration,175,97,78
Tllz,kargath,1529,shaman,restoration,90,58,32
Отчима,howling-fjord,1529,shaman,restoration,161,84,77
Anöuchkâ,ysondre,1529,shaman,restoration,204,100,104
Pädagogeig,antonidas,1528,shaman,restoration,66,36,30
Waldo,blackmoore,1528,shaman,restoration,30,16,14
Ninetzj,tarren-mill,1525,shaman,restoration,60,28,32
Yarali,argent-dawn,1524,shaman,restoration,30,16,14
Mìcrøs,thrall,1524,shaman,restoration,77,41,36
Gjernhard,stormreaver,1524,shaman,restoration,78,38,40
Чанголист,soulflayer,1523,shaman,restoration,114,54,60
Emika,archimonde,1523,shaman,restoration,50,21,29
Ugáa,malganis,1523,shaman,restoration,102,41,61
Remkoo,blackrock,1522,shaman,restoration,30,20,10
Thorenal,blackmoore,1521,shaman,restoration,79,44,35
Sixinchwilly,outland,1520,shaman,restoration,66,39,27
Schain,eredar,1518,shaman,restoration,36,24,12
Turbobaboon,hyjal,1517,shaman,restoration,151,85,66
Kekke,uldum,1517,shaman,restoration,30,16,14
Zelent,thrall,1516,shaman,restoration,24,16,8
Сёмабро,ashenvale,1516,shaman,restoration,686,359,327
Zombilyk,burning-legion,1516,shaman,restoration,41,21,20
Lustmasterx,grim-batol,1516,shaman,restoration,449,228,221
Jarona,twisting-nether,1516,shaman,restoration,348,169,179
Bomjspomoiki,outland,1516,shaman,restoration,35,16,19
Mcktavish,silvermoon,1515,shaman,restoration,109,57,52
Stateside,outland,1514,shaman,restoration,42,16,26
Smøul,sanguino,1514,shaman,restoration,42,16,26
Mvvp,stormscale,1512,shaman,restoration,90,47,43
Costakislolz,twisting-nether,1511,shaman,restoration,24,18,6
Bloodseeker,tarren-mill,1511,shaman,restoration,53,29,24
Crazypop,outland,1511,shaman,restoration,130,69,61
Pacio,alakir,1511,shaman,restoration,420,216,204
Warpig,alakir,1511,shaman,restoration,118,58,60
Pjotrasmus,mannoroth,1511,shaman,restoration,36,17,19
Pinácoladáqt,stormscale,1511,shaman,restoration,48,17,31
Mcbloob,kazzak,1509,shaman,restoration,115,60,55
Zulsham,sargeras,1509,shaman,restoration,89,46,43
Bumblebeec,tarren-mill,1509,shaman,restoration,66,34,32
Plutonx,stormscale,1509,shaman,restoration,78,40,38
Shambulancex,tarren-mill,1508,shaman,restoration,78,39,39
Gronash,sunstrider,1507,shaman,restoration,30,23,7
Horokeu,blackrock,1507,shaman,restoration,101,51,50
Huux,blackmoore,1507,shaman,restoration,54,24,30
Vaaggu,stormreaver,1506,shaman,restoration,48,19,29
Лисёнокцарь,gordunni,1506,shaman,restoration,42,16,26
Vaizii,silvermoon,1505,shaman,restoration,53,26,27
Imtoohighq,archimonde,1505,shaman,restoration,37,18,19
Ugard,burning-legion,1505,shaman,restoration,79,38,41
Хексорсгодх,howling-fjord,1504,shaman,restoration,48,30,18
Patuljak,outland,1503,shaman,restoration,139,75,64
Духсалата,grom,1503,shaman,restoration,59,29,30
Cakedeux,grim-batol,1502,shaman,restoration,376,192,184
Threshðld,dun-modr,1502,shaman,restoration,42,21,21
Нитрочка,soulflayer,1501,shaman,restoration,51,27,24
Pokspoks,stormscale,1501,shaman,restoration,42,16,26
Nassîî,antonidas,1500,shaman,restoration,146,61,85
Cannotdoit,burning-legion,1499,shaman,restoration,59,32,27
Vælcya,archimonde,1498,shaman,restoration,48,23,25
Diix,archimonde,1498,shaman,restoration,111,50,61
Bufuxx,kazzak,1497,shaman,restoration,36,24,12
Enïgma,sylvanas,1493,shaman,restoration,148,83,65
Showman,archimonde,1493,shaman,restoration,473,243,230
Shamnox,blackrock,1490,shaman,restoration,77,46,31
Skullår,tarren-mill,1490,shaman,restoration,66,33,33
Hopper,sylvanas,1489,shaman,restoration,85,42,43
Muddy,argent-dawn,1489,shaman,restoration,36,16,20
Crasherz,sanguino,1488,shaman,restoration,91,51,40
Kalaris,stormscale,1488,shaman,restoration,36,20,16
Bénathon,ravencrest,1486,shaman,restoration,63,39,24
Shmanw,kazzak,1486,shaman,restoration,36,20,16
Djxyoloswag,silvermoon,1485,shaman,restoration,129,63,66
Phoenííx,twisting-nether,1485,shaman,restoration,461,218,243
Craisaz,nemesis,1485,shaman,restoration,137,56,81
Hyflex,alakir,1485,shaman,restoration,47,19,28
Jazzrod,stormscale,1484,shaman,restoration,366,186,180
Enzopotenzo,blackrock,1484,shaman,restoration,112,56,56
Exolnard,twisting-nether,1484,shaman,restoration,196,95,101
Fridafrog,malganis,1482,shaman,restoration,191,100,91
Starterkit,ravencrest,1482,shaman,restoration,66,25,41
Dremlok,burning-legion,1480,shaman,restoration,24,16,8
Criæ,blackrock,1480,shaman,restoration,36,23,13
Reparagos,sanguino,1480,shaman,restoration,37,22,15
Vorkanyx,ysondre,1479,shaman,restoration,153,79,74
Kataclysm,nemesis,1477,shaman,restoration,71,35,36
Awwey,stormscale,1475,shaman,restoration,30,22,8
Sucøre,die-nachtwache,1475,shaman,restoration,88,45,43
Ominos,stormscale,1474,shaman,restoration,30,17,13
Damex,thunderhorn,1474,shaman,restoration,161,69,92
Gützli,blackmoore,1474,shaman,restoration,93,35,58
Shameari,sylvanas,1473,shaman,restoration,24,19,5
Vengatrox,antonidas,1473,shaman,restoration,191,102,89
Noxazar,kazzak,1473,shaman,restoration,70,32,38
Gadula,burning-legion,1472,shaman,restoration,40,21,19
Cleptocracy,draenor,1472,shaman,restoration,35,18,17
Cuzzherø,drakthul,1471,shaman,restoration,36,20,16
Bordellgast,thrall,1471,shaman,restoration,101,51,50
Loreleya,ravencrest,1471,shaman,restoration,99,48,51
Ôrgi,drakthul,1471,shaman,restoration,60,24,36
Gehrké,silvermoon,1470,shaman,restoration,38,24,14
Ilovejamie,sylvanas,1470,shaman,restoration,60,31,29
Rokatotem,ysondre,1470,shaman,restoration,51,24,27
Redoms,stormreaver,1469,shaman,restoration,192,96,96
Denyx,blackmoore,1469,shaman,restoration,264,128,136
Zakuun,kazzak,1469,shaman,restoration,188,83,105
Navezi,twisting-nether,1468,shaman,restoration,120,73,47
Kêêqo,blackrock,1468,shaman,restoration,48,23,25
Sawseig,tarren-mill,1467,shaman,restoration,33,18,15
Greenfatding,kazzak,1467,shaman,restoration,36,19,17
Andról,stormscale,1467,shaman,restoration,54,25,29
Джонпсинаа,gordunni,1466,shaman,restoration,48,27,21
Tvättpåse,tarren-mill,1465,shaman,restoration,28,17,11
Flowèn,twisting-nether,1465,shaman,restoration,128,68,60
Кайрн,gordunni,1465,shaman,restoration,50,23,27
Vaweñ,ravencrest,1465,shaman,restoration,83,35,48
Ünknownz,archimonde,1464,shaman,restoration,71,37,34
Kacamaz,twisting-nether,1464,shaman,restoration,105,47,58
Psychototem,twisting-nether,1464,shaman,restoration,102,33,69
Sebubu,twisting-nether,1463,shaman,restoration,68,34,34
Wôdân,blackrock,1463,shaman,restoration,85,39,46
Lazerboy,twisting-nether,1463,shaman,restoration,110,49,61
Courtney,sylvanas,1462,shaman,restoration,240,114,126
Zûgzûg,ragnaros,1462,shaman,restoration,64,30,34
Khattla,outland,1461,shaman,restoration,193,108,85
Shuzman,emeriss,1461,shaman,restoration,127,60,67
Pakxø,malganis,1461,shaman,restoration,188,85,103
Elendig,blackmoore,1460,shaman,restoration,145,84,61
Theshammy,vashj,1459,shaman,restoration,60,32,28
Laskopivo,doomhammer,1459,shaman,restoration,195,99,96
Yasharshammy,tarren-mill,1459,shaman,restoration,60,28,32
Diosberi,tichondrius,1458,shaman,restoration,24,18,6
Шиока,borean-tundra,1458,shaman,restoration,152,84,68
Nogag,kazzak,1458,shaman,restoration,78,36,42
Apaorkaxyz,ragnaros,1457,shaman,restoration,334,163,171
Okdar,stormscale,1456,shaman,restoration,84,50,34
Skrimisher,draenor,1456,shaman,restoration,65,37,28
Setac,stormscale,1456,shaman,restoration,39,18,21
Geminate,stormscale,1455,shaman,restoration,45,25,20
Jenyo,alakir,1455,shaman,restoration,68,36,32
Шарюпокд,soulflayer,1455,shaman,restoration,48,24,24
Yois,nemesis,1454,shaman,restoration,108,61,47
Antey,ravencrest,1454,shaman,restoration,187,98,89
Zlingx,auchindoun,1454,shaman,restoration,48,22,26
Rake,teldrassil,1454,shaman,restoration,38,17,21
Klouds,stormscale,1454,shaman,restoration,66,27,39
Enharvest,stormscale,1453,shaman,restoration,58,34,24
Hastabasta,sylvanas,1453,shaman,restoration,54,18,36
Ларисашерсть,blackscar,1452,shaman,restoration,47,26,21
Collînna,aegwynn,1452,shaman,restoration,116,58,58
Clickmeh,runetotem,1452,shaman,restoration,48,23,25
Naargie,outland,1451,shaman,restoration,150,82,68
Фоэксген,deathguard,1450,shaman,restoration,58,34,24
Артёмлобов,gordunni,1450,shaman,restoration,77,37,40
Cheerz,ravencrest,1450,shaman,restoration,42,20,22
Groundingbtw,tarren-mill,1449,shaman,restoration,62,30,32
Breadtotem,tarren-mill,1449,shaman,restoration,54,24,30
Багсбанних,soulflayer,1449,shaman,restoration,108,43,65
Shemanrolf,outland,1447,shaman,restoration,122,60,62
Davihla,grim-batol,1447,shaman,restoration,84,41,43
Gspót,twisting-nether,1447,shaman,restoration,98,47,51
Чаиро,howling-fjord,1447,shaman,restoration,41,16,25
Tuorak,eredar,1446,shaman,restoration,30,16,14
Eisei,stormscale,1446,shaman,restoration,90,47,43
Spitta,ysondre,1446,shaman,restoration,36,18,18
Schamazon,tarren-mill,1445,shaman,restoration,75,40,35
Selrin,blackrock,1445,shaman,restoration,231,118,113
Abercrômbx,blackmoore,1444,shaman,restoration,93,45,48
Octon,dun-modr,1444,shaman,restoration,185,84,101
Totemjuggler,ragnaros,1443,shaman,restoration,55,40,15
Shocktastic,blackmoore,1443,shaman,restoration,88,40,48
Xintenggege,silvermoon,1442,shaman,restoration,91,46,45
Kaminarí,antonidas,1442,shaman,restoration,74,32,42
Тирануксис,blackscar,1441,shaman,restoration,155,85,70
Zeewzblast,silvermoon,1441,shaman,restoration,30,16,14
Nøný,gorgonnash,1441,shaman,restoration,66,33,33
Schweízer,blackrock,1441,shaman,restoration,102,45,57
Crmx,blackrock,1441,shaman,restoration,120,52,68
Бомжмувис,howling-fjord,1440,shaman,restoration,24,15,9
Zaránd,ragnaros,1440,shaman,restoration,66,34,32
Berly,stormscale,1439,shaman,restoration,24,15,9
Lingz,auchindoun,1439,shaman,restoration,54,30,24
Helloitsmee,thrall,1439,shaman,restoration,40,20,20
Ivøryz,arthas,1438,shaman,restoration,66,35,31
Nyzo,tarren-mill,1438,shaman,restoration,30,15,15
Kunsum,twisting-nether,1437,shaman,restoration,87,37,50
Cjay,dunemaul,1436,shaman,restoration,36,23,13
Cuchullaín,blackmoore,1436,shaman,restoration,60,32,28
Roineé,draenor,1436,shaman,restoration,30,15,15
Амальтейх,soulflayer,1436,shaman,restoration,78,34,44
Imshocky,burning-legion,1435,shaman,restoration,142,78,64
Èxé,stormscale,1435,shaman,restoration,62,29,33
Emochka,ravencrest,1435,shaman,restoration,130,60,70
Whitefoxy,stormscale,1434,shaman,restoration,30,16,14
Ronell,argent-dawn,1434,shaman,restoration,179,91,88
Strïvïse,ysondre,1434,shaman,restoration,47,22,25
Pòcho,kazzak,1434,shaman,restoration,103,43,60
Kataretic,kazzak,1433,shaman,restoration,24,17,7
Wryte,echsenkessel,1433,shaman,restoration,24,15,9
Dojarat,silvermoon,1433,shaman,restoration,122,69,53
Zaiyoxgodx,thrall,1433,shaman,restoration,49,26,23
Thesenate,blackmoore,1433,shaman,restoration,64,24,40
Raznys,defias-brotherhood,1433,shaman,restoration,42,15,27
Nayromino,blackrock,1432,shaman,restoration,49,28,21
Vuls,blackmoore,1432,shaman,restoration,198,109,89
Wylly,aegwynn,1432,shaman,restoration,174,95,79
Linkedink,tarren-mill,1432,shaman,restoration,35,19,16
Wealey,drakthul,1432,shaman,restoration,125,64,61
Thornos,ragnaros,1432,shaman,restoration,64,21,43
Milara,anachronos,1431,shaman,restoration,30,15,15
Wåvex,archimonde,1431,shaman,restoration,170,82,88
Mendiing,kazzak,1431,shaman,restoration,63,30,33
Kaptt,twisting-nether,1431,shaman,restoration,36,15,21
Jackpotx,tarren-mill,1430,shaman,restoration,86,53,33
Mouraïne,eredar,1430,shaman,restoration,350,180,170
Здрахарь,howling-fjord,1430,shaman,restoration,33,15,18
Goodieesham,burning-blade,1428,shaman,restoration,60,34,26
Orcshaman,the-maelstrom,1428,shaman,restoration,74,40,34
Arigato,eonar,1428,shaman,restoration,46,23,23
Lsdx,silvermoon,1428,shaman,restoration,72,34,38
Драмшам,howling-fjord,1428,shaman,restoration,42,19,23
Шоплифтер,gordunni,1427,shaman,restoration,48,27,21
Pcr,archimonde,1427,shaman,restoration,111,53,58
Xerinas,eredar,1427,shaman,restoration,141,55,86
Mightgethexd,tarren-mill,1426,shaman,restoration,39,21,18
Hjod,outland,1426,shaman,restoration,177,92,85
Vickeshaman,stormreaver,1426,shaman,restoration,55,23,32
Nonnative,stormscale,1426,shaman,restoration,66,27,39
Малекулакота,soulflayer,1425,shaman,restoration,53,25,28
Drohx,ysondre,1425,shaman,restoration,72,33,39
Totemproffs,twisting-nether,1424,shaman,restoration,36,21,15
Ptiloup,varimathras,1423,shaman,restoration,48,22,26
Kalvei,draenor,1422,shaman,restoration,53,27,26
Ярусскийй,howling-fjord,1422,shaman,restoration,277,134,143
Lastaltforev,kazzak,1422,shaman,restoration,98,47,51
Monstermunch,ravencrest,1422,shaman,restoration,154,71,83
Prøxxy,ravencrest,1422,shaman,restoration,45,20,25
Guayotta,sanguino,1422,shaman,restoration,68,29,39
Táyy,stormscale,1421,shaman,restoration,37,21,16
Ishkadar,twisting-nether,1421,shaman,restoration,99,48,51
Îolar,aegwynn,1421,shaman,restoration,120,57,63
Дагод,booty-bay,1420,shaman,restoration,72,43,29
Nêmônin,perenolde,1420,shaman,restoration,55,31,24
Кислаябуба,howling-fjord,1420,shaman,restoration,172,81,91
Umbraverfaa,twisting-nether,1419,shaman,restoration,108,57,51
Gnackbretzn,eredar,1419,shaman,restoration,155,77,78
Stormfreg,quelthalas,1419,shaman,restoration,42,16,26
Lariralol,malorne,1417,shaman,restoration,79,46,33
Thunderson,daggerspine,1417,shaman,restoration,355,178,177
Chéatèr,bloodfeather,1417,shaman,restoration,114,57,57
Kocaina,kazzak,1416,shaman,restoration,24,15,9
Aeldrid,argent-dawn,1416,shaman,restoration,36,22,14
Aliatoos,ravencrest,1416,shaman,restoration,58,31,27
Swedishmeat,kazzak,1416,shaman,restoration,224,118,106
Winøxiide,archimonde,1415,shaman,restoration,29,16,13
Dáínn,outland,1415,shaman,restoration,53,25,28
Dewasham,blackrock,1415,shaman,restoration,54,25,29
Sarkathi,kazzak,1415,shaman,restoration,77,33,44
Goldhand,ravencrest,1415,shaman,restoration,69,24,45
Onkens,ravencrest,1414,shaman,restoration,57,29,28
Robcurly,blackmoore,1414,shaman,restoration,30,15,15
Straehne,malganis,1414,shaman,restoration,94,43,51
Quïzzly,ragnaros,1414,shaman,restoration,72,31,41
Bumbersham,stormscale,1413,shaman,restoration,168,83,85
Deadstill,ysondre,1412,shaman,restoration,24,15,9
Energized,twilights-hammer,1412,shaman,restoration,96,55,41
Dergat,pozzo-delleternità,1412,shaman,restoration,44,21,23
Gards,sylvanas,1411,shaman,restoration,79,37,42
Smukkere,twisting-nether,1410,shaman,restoration,24,15,9
Sdkpwns,draenor,1409,shaman,restoration,42,21,21
Rawillman,kazzak,1408,shaman,restoration,24,16,8
Mestgonee,draenor,1408,shaman,restoration,60,30,30
Voitek,sargeras,1408,shaman,restoration,85,36,49
Pilinham,aggra-português,1408,shaman,restoration,74,27,47
Ghorall,ragnaros,1407,shaman,restoration,72,40,32
Miesepeter,mannoroth,1407,shaman,restoration,111,57,54
Carëx,anubarak,1407,shaman,restoration,41,21,20
Jotashaman,sanguino,1406,shaman,restoration,51,25,26
Aceofraphy,thrall,1406,shaman,restoration,143,62,81
Jessijames,outland,1404,shaman,restoration,26,18,8
Shago,archimonde,1404,shaman,restoration,160,78,82
Jimtrespies,dun-modr,1404,shaman,restoration,80,38,42
Xánin,thrall,1404,shaman,restoration,66,31,35
Onlytides,doomhammer,1404,shaman,restoration,138,64,74
Гарантийный,lich-king,1404,shaman,restoration,36,15,21
Sîggý,eredar,1403,shaman,restoration,36,16,20
Братишкапинг,soulflayer,1402,shaman,restoration,136,72,64
Gaelic,frostmourne,1402,shaman,restoration,84,43,41
Swahilishock,the-maelstrom,1402,shaman,restoration,42,18,24
Heyzal,aegwynn,1402,shaman,restoration,44,18,26
Johnblånn,stormscale,1401,shaman,restoration,312,162,150
Shyrel,burning-legion,1401,shaman,restoration,270,136,134
Mclóvín,twisting-nether,1401,shaman,restoration,42,21,21
Тандерфак,ashenvale,1401,shaman,restoration,38,18,20
Shrekcho,twisting-nether,1400,shaman,restoration,70,44,26
Тромрел,blackscar,1400,shaman,restoration,59,34,25
Nextlvlplz,draenor,1400,shaman,restoration,127,68,59
Shakhdan,archimonde,1400,shaman,restoration,66,28,38
Мокос,howling-fjord,1400,shaman,restoration,60,20,40
Trustlemac,onyxia,1399,shaman,restoration,50,30,20
Tèysh,ysondre,1398,shaman,restoration,145,74,71
Zapconi,burning-legion,1398,shaman,restoration,36,15,21
Виспепешам,gordunni,1397,shaman,restoration,438,219,219
Amaizin,stormscale,1395,shaman,restoration,78,40,38
Durekk,tarren-mill,1394,shaman,restoration,78,40,38
Waterboi,blackmoore,1394,shaman,restoration,80,32,48
Qjie,argent-dawn,1393,shaman,restoration,295,162,133
Гвинневра,azuregos,1392,shaman,restoration,125,74,51
Shamantistik,ravencrest,1391,shaman,restoration,24,15,9
Sjamanisme,silvermoon,1390,shaman,restoration,114,60,54
Odiuum,draenor,1390,shaman,restoration,228,114,114
Газгольдерх,razuvious,1390,shaman,restoration,136,64,72
Wokaa,twisting-nether,1389,shaman,restoration,24,15,9
Rugludalli,dragonblight,1388,shaman,restoration,24,15,9
Shamanlynx,ravencrest,1388,shaman,restoration,147,82,65
Roverlos,blackrock,1387,shaman,restoration,153,82,71
Kekerrot,ragnaros,1386,shaman,restoration,152,89,63
Shamhingo,stormscale,1386,shaman,restoration,94,39,55
Geneazytwo,silvermoon,1384,shaman,restoration,32,19,13
Seyfüce,archimonde,1383,shaman,restoration,77,43,34
Phêbz,archimonde,1383,shaman,restoration,93,48,45
Фридомх,gordunni,1383,shaman,restoration,35,17,18
Назульчике,razuvious,1383,shaman,restoration,83,40,43
Dubìff,hyjal,1382,shaman,restoration,21,16,5
Beyp,sylvanas,1382,shaman,restoration,85,46,39
Fluuges,tarren-mill,1381,shaman,restoration,95,46,49
Ххвхд,soulflayer,1380,shaman,restoration,78,45,33
Jaxsh,blackmoore,1380,shaman,restoration,29,15,14
Saamira,pozzo-delleternità,1380,shaman,restoration,84,41,43
Pasjeop,ravencrest,1380,shaman,restoration,53,21,32
Ironmack,outland,1378,shaman,restoration,48,25,23
Brigantino,burning-legion,1378,shaman,restoration,61,31,30
Boneyka,ragnaros,1378,shaman,restoration,146,65,81
Tingyspanky,twisting-nether,1377,shaman,restoration,57,22,35
Ironkraw,stormscale,1377,shaman,restoration,90,33,57
Chunkss,argent-dawn,1377,shaman,restoration,54,18,36
Axemodels,archimonde,1376,shaman,restoration,32,16,16
Zenjo,the-maelstrom,1376,shaman,restoration,60,23,37
Megumín,darksorrow,1375,shaman,restoration,36,21,15
Tauridus,blackrock,1375,shaman,restoration,54,27,27
Grumhild,blackmoore,1375,shaman,restoration,122,52,70
Alishie,outland,1373,shaman,restoration,117,64,53
Læh,archimonde,1373,shaman,restoration,120,52,68
Alàstor,kazzak,1372,shaman,restoration,93,46,47
Shamytomight,tarren-mill,1372,shaman,restoration,72,33,39
Slingz,auchindoun,1372,shaman,restoration,60,26,34
Elamentaly,draenor,1371,shaman,restoration,54,29,25
Zallyy,tarren-mill,1371,shaman,restoration,113,60,53
Neddeadlyo,outland,1371,shaman,restoration,41,20,21
Noulol,aegwynn,1371,shaman,restoration,35,16,19
Testoshaman,ravencrest,1369,shaman,restoration,29,15,14
Sparklemufin,draenor,1369,shaman,restoration,33,16,17
Xoxoheal,eredar,1368,shaman,restoration,36,15,21
Purgérkíng,silvermoon,1367,shaman,restoration,56,28,28
Elijaá,nordrassil,1366,shaman,restoration,193,105,88
Stortvloed,twisting-nether,1365,shaman,restoration,42,20,22
Kasjer,ravencrest,1365,shaman,restoration,36,17,19
Lupisregina,silvermoon,1365,shaman,restoration,41,19,22
Pocahøntas,archimonde,1365,shaman,restoration,74,30,44
Hulcky,grim-batol,1363,shaman,restoration,48,27,21
Acidtrip,hyjal,1363,shaman,restoration,48,24,24
Shimmyja,draenor,1361,shaman,restoration,105,53,52
Akrobata,silvermoon,1360,shaman,restoration,180,83,97
Gunhyld,hyjal,1360,shaman,restoration,71,32,39
Blixtlasse,magtheridon,1360,shaman,restoration,43,19,24
Razeroø,ysondre,1359,shaman,restoration,67,38,29
Abx,draenor,1359,shaman,restoration,54,28,26
Nadashami,outland,1358,shaman,restoration,83,43,40
Æcex,eredar,1358,shaman,restoration,33,15,18
Salmôn,twisting-nether,1358,shaman,restoration,42,15,27
Glopper,ravencrest,1356,shaman,restoration,113,52,61
Götveren,eredar,1356,shaman,restoration,53,22,31
Overlewd,chamber-of-aspects,1355,shaman,restoration,33,16,17
Ruvxy,twisting-nether,1354,shaman,restoration,65,38,27
Subaki,die-aldor,1354,shaman,restoration,58,32,26
Kwitnac,silvermoon,1354,shaman,restoration,32,17,15
Kickmeheal,dalaran,1353,shaman,restoration,107,53,54
Vanquïsh,archimonde,1353,shaman,restoration,48,21,27
Mcgrêgor,aegwynn,1352,shaman,restoration,45,20,25
Lindemánn,blackhand,1352,shaman,restoration,66,26,40
Krovogor,silvermoon,1351,shaman,restoration,60,34,26
Dzseksz,ragnaros,1351,shaman,restoration,71,38,33
Anakkynu,sylvanas,1351,shaman,restoration,55,27,28
Räyznx,nozdormu,1350,shaman,restoration,24,15,9
Daboó,vashj,1350,shaman,restoration,115,63,52
Devastru,ravencrest,1350,shaman,restoration,78,35,43
Cadierno,argent-dawn,1349,shaman,restoration,30,18,12
Jävlajävel,draenor,1349,shaman,restoration,136,80,56
Bloodburst,stormscale,1349,shaman,restoration,87,50,37
Stòrmbreakèr,nemesis,1348,shaman,restoration,161,73,88
Дымоквглазах,howling-fjord,1347,shaman,restoration,34,21,13
Дердан,soulflayer,1347,shaman,restoration,84,42,42
Stylix,tarren-mill,1347,shaman,restoration,99,47,52
Pyxton,kazzak,1346,shaman,restoration,42,24,18
Zevissh,outland,1346,shaman,restoration,54,28,26
Bíllý,onyxia,1345,shaman,restoration,39,22,17
Purgerkìng,tarren-mill,1344,shaman,restoration,18,14,4
Сновидений,soulflayer,1344,shaman,restoration,49,23,26
Invade,darkspear,1343,shaman,restoration,18,14,4
Teldariane,archimonde,1343,shaman,restoration,24,14,10
Thrallmom,ravencrest,1343,shaman,restoration,30,14,16
Bkid,archimonde,1343,shaman,restoration,71,32,39
Henchtotem,draenor,1342,shaman,restoration,56,31,25
Denchdwarf,silvermoon,1342,shaman,restoration,30,14,16
Healelele,frostwolf,1342,shaman,restoration,30,14,16
Beoka,dun-modr,1342,shaman,restoration,33,15,18
Quizx,blackrock,1342,shaman,restoration,45,18,27
Aldron,tirion,1341,shaman,restoration,81,45,36
Jéhil,hyjal,1340,shaman,restoration,42,22,20
Intoxed,sylvanas,1340,shaman,restoration,120,62,58
Adrixxøn,burning-legion,1340,shaman,restoration,42,14,28
Totembeard,frostmourne,1339,shaman,restoration,24,14,10
Schïps,kirin-tor,1339,shaman,restoration,54,31,23
Maburst,silvermoon,1339,shaman,restoration,30,17,13
Bresidendo,frostwhisper,1339,shaman,restoration,101,42,59
Reyja,draenor,1338,shaman,restoration,42,24,18
Fußpilzmann,blackmoore,1338,shaman,restoration,139,76,63
Krolhok,hyjal,1338,shaman,restoration,30,14,16
Bananis,outland,1337,shaman,restoration,24,14,10
Badkidney,alakir,1337,shaman,restoration,78,44,34
Shapperdin,darksorrow,1336,shaman,restoration,24,14,10
Chamika,dentarg,1336,shaman,restoration,60,24,36
Freizeitler,antonidas,1335,shaman,restoration,78,37,41
Lorko,twisting-nether,1335,shaman,restoration,30,14,16
Moowfmoo,ragnaros,1335,shaman,restoration,30,14,16
Flikus,aggra-português,1335,shaman,restoration,42,16,26
Lickmytôtem,frostmane,1334,shaman,restoration,33,15,18
Ongewasgone,defias-brotherhood,1333,shaman,restoration,30,16,14
Grimn,burning-legion,1333,shaman,restoration,110,55,55
Thecallviper,blackmoore,1333,shaman,restoration,145,69,76
Monamour,twisting-nether,1332,shaman,restoration,24,14,10
Милыйдед,gordunni,1332,shaman,restoration,42,14,28
Istenes,frostwolf,1331,shaman,restoration,24,14,10
Amatero,drakthul,1331,shaman,restoration,61,34,27
Хотдевил,gordunni,1331,shaman,restoration,59,32,27
Bíìerlip,twisting-nether,1331,shaman,restoration,77,39,38
Skreppa,kazzak,1330,shaman,restoration,36,21,15
Lilshamano,ravencrest,1330,shaman,restoration,389,210,179
Shôk,ravencrest,1330,shaman,restoration,92,48,44
Касьянкочка,blackscar,1330,shaman,restoration,36,14,22
Beardling,auchindoun,1329,shaman,restoration,24,15,9
Andrewbéelko,drakthul,1329,shaman,restoration,24,14,10
Magma,kazzak,1329,shaman,restoration,30,17,13
Mjahex,stormscale,1328,shaman,restoration,96,47,49
Energised,alonsus,1328,shaman,restoration,54,24,30
Bluesteel,bladefist,1327,shaman,restoration,68,26,42
Jarvís,gilneas,1327,shaman,restoration,50,19,31
Rustfeather,sanguino,1326,shaman,restoration,30,14,16
Zenzua,twisting-nether,1325,shaman,restoration,47,29,18
Obêlixx,blackmoore,1325,shaman,restoration,114,59,55
Glücksbarren,die-aldor,1325,shaman,restoration,30,14,16
Eero,darksorrow,1324,shaman,restoration,24,16,8
Ketzersend,alleria,1324,shaman,restoration,36,20,16
Регбисто,soulflayer,1324,shaman,restoration,89,44,45
Mansquidgoat,darksorrow,1323,shaman,restoration,33,22,11
Horiun,sanguino,1323,shaman,restoration,55,29,26
Пит,goldrinn,1323,shaman,restoration,36,17,19
Cloovster,magtheridon,1323,shaman,restoration,36,17,19
Schaname,rajaxx,1323,shaman,restoration,30,14,16
Tenny,haomarush,1323,shaman,restoration,60,25,35
Jamienisme,ravencrest,1322,shaman,restoration,29,14,15
Shamaam,burning-legion,1322,shaman,restoration,79,38,41
Кураж,howling-fjord,1322,shaman,restoration,52,21,31
Georgieboi,sylvanas,1321,shaman,restoration,24,14,10
Tonifo,nemesis,1321,shaman,restoration,59,34,25
Lerosh,twisting-nether,1321,shaman,restoration,60,33,27
Mjöllnir,blackrock,1321,shaman,restoration,108,56,52
Flameshock,tarren-mill,1321,shaman,restoration,54,23,31
Goreflame,argent-dawn,1320,shaman,restoration,61,37,24
Karrisha,tarren-mill,1320,shaman,restoration,30,18,12
Sadkick,twisting-nether,1320,shaman,restoration,24,14,10
Foximus,blackhand,1320,shaman,restoration,133,68,65
Nybz,sylvanas,1320,shaman,restoration,120,61,59
Deadwoodz,tarren-mill,1320,shaman,restoration,190,95,95
Mèshuggáh,ravencrest,1320,shaman,restoration,30,14,16
Modder,ragnaros,1320,shaman,restoration,30,14,16
Volvíc,tichondrius,1320,shaman,restoration,30,14,16
Ampaniaristo,sylvanas,1320,shaman,restoration,49,21,28
Zarschu,burning-legion,1320,shaman,restoration,48,17,31
Бладих,howling-fjord,1319,shaman,restoration,262,129,133
Роджермур,howling-fjord,1319,shaman,restoration,30,14,16
Alisàn,teldrassil,1318,shaman,restoration,228,111,117
Виртуосгодх,soulflayer,1318,shaman,restoration,104,50,54
Dregú,draenor,1317,shaman,restoration,105,58,47
Chéonz,nethersturm,1317,shaman,restoration,72,38,34
Zantam,ravencrest,1317,shaman,restoration,108,52,56
Перегной,ashenvale,1317,shaman,restoration,135,64,71
Shinds,archimonde,1317,shaman,restoration,84,37,47
Corintho,blackmoore,1316,shaman,restoration,46,25,21
Semrix,blackhand,1316,shaman,restoration,158,76,82
Yzeldan,hyjal,1315,shaman,restoration,354,195,159
Fernashaman,aggra-português,1315,shaman,restoration,54,25,29
Nephylim,grim-batol,1313,shaman,restoration,30,15,15
Жижелье,howling-fjord,1312,shaman,restoration,128,68,60
Kbakasham,ravencrest,1312,shaman,restoration,56,27,29
Keräx,cthun,1311,shaman,restoration,24,14,10
Начилибосе,gordunni,1311,shaman,restoration,348,177,171
Формацепт,ashenvale,1310,shaman,restoration,167,85,82
Littledorf,ravencrest,1309,shaman,restoration,123,64,59
Шаманутый,gordunni,1308,shaman,restoration,73,40,33
Düsterlotus,dalvengyr,1308,shaman,restoration,196,106,90
Skoddy,blackmoore,1308,shaman,restoration,61,31,30
Shamingu,arathor,1308,shaman,restoration,152,77,75
Ephase,burning-blade,1308,shaman,restoration,67,25,42
Elvalya,archimonde,1307,shaman,restoration,23,14,9
Tâvôry,aegwynn,1307,shaman,restoration,89,36,53
Максибончик,soulflayer,1306,shaman,restoration,102,53,49
Thaarley,blackmoore,1305,shaman,restoration,34,22,12
Shafallen,tarren-mill,1305,shaman,restoration,40,24,16
Durek,aerie-peak,1304,shaman,restoration,24,14,10
Murmelï,stormreaver,1304,shaman,restoration,135,67,68
Rone,burning-blade,1303,shaman,restoration,36,19,17
Брайбах,howling-fjord,1303,shaman,restoration,29,15,14
Laykablue,blackhand,1303,shaman,restoration,55,26,29
Санрэйн,soulflayer,1302,shaman,restoration,54,32,22
Crymere,chamber-of-aspects,1302,shaman,restoration,343,173,170
Cudntreskobe,kazzak,1301,shaman,restoration,46,24,22
Panicsc,twisting-nether,1301,shaman,restoration,427,214,213
Wtsfeetpics,dragonblight,1300,shaman,restoration,73,27,46
Amrgl,earthen-ring,1299,shaman,restoration,102,45,57
Шаеман,soulflayer,1298,shaman,restoration,36,20,16
Mwnci,anachronos,1298,shaman,restoration,177,97,80
Iziisham,outland,1298,shaman,restoration,103,53,50
Ærthgød,stormscale,1297,shaman,restoration,24,17,7
Викодиншама,howling-fjord,1297,shaman,restoration,46,27,19
Qjx,blackrock,1297,shaman,restoration,30,16,14
Northodox,outland,1296,shaman,restoration,50,25,25
Shamanmode,twisting-nether,1296,shaman,restoration,54,23,31
Rhakhatheckh,nemesis,1295,shaman,restoration,58,26,32
Raincaller,archimonde,1295,shaman,restoration,64,25,39
Bomboclat,azjolnerub,1294,shaman,restoration,129,67,62
Bluefacebaby,nemesis,1294,shaman,restoration,212,102,110
Foxtér,burning-blade,1293,shaman,restoration,48,25,23
Outerspace,silvermoon,1293,shaman,restoration,105,51,54
Vodoochild,hyjal,1293,shaman,restoration,109,49,60
Bedouín,draenor,1292,shaman,restoration,120,63,57
Nightrâin,kazzak,1292,shaman,restoration,37,19,18
Колосх,howling-fjord,1292,shaman,restoration,60,26,34
Asaakira,blackmoore,1291,shaman,restoration,75,45,30
Fethiroth,sylvanas,1291,shaman,restoration,143,76,67
Fünkchn,zuluhed,1290,shaman,restoration,100,51,49
Ssalceliv,stormscale,1290,shaman,restoration,29,14,15
Кразтор,howling-fjord,1290,shaman,restoration,173,78,95
Zujaz,stormscale,1289,shaman,restoration,30,14,16
Shamanaman,stormscale,1287,shaman,restoration,24,14,10
Xamic,twisting-nether,1286,shaman,restoration,59,27,32
Kneggebrot,blackmoore,1286,shaman,restoration,96,39,57
Jänis,ragnaros,1286,shaman,restoration,40,16,24
Soger,mannoroth,1286,shaman,restoration,68,27,41
Totemglad,drakthul,1284,shaman,restoration,27,15,12
Chilliajin,tarren-mill,1284,shaman,restoration,59,25,34
Quiec,kazzak,1284,shaman,restoration,115,46,69
Slowtem,draenor,1283,shaman,restoration,119,58,61
Loppish,silvermoon,1282,shaman,restoration,132,74,58
Ferome,kazzak,1282,shaman,restoration,96,49,47
Panicblast,stormscale,1281,shaman,restoration,50,29,21
Cømedian,ragnaros,1281,shaman,restoration,51,25,26
Chaotikos,ravencrest,1280,shaman,restoration,111,70,41
Harptwo,eredar,1280,shaman,restoration,59,33,26
Kuddjah,twisting-nether,1280,shaman,restoration,95,49,46
Эртирон,howling-fjord,1279,shaman,restoration,383,200,183
Morty,tarren-mill,1279,shaman,restoration,59,27,32
Praise,auchindoun,1278,shaman,restoration,53,24,29
Chaminoune,sargeras,1278,shaman,restoration,48,21,27
Kraugug,archimonde,1277,shaman,restoration,44,24,20
Таззикшок,soulflayer,1277,shaman,restoration,60,23,37
Deaslow,hyjal,1276,shaman,restoration,40,25,15
Yaamooshii,burning-legion,1276,shaman,restoration,48,24,24
Samantouz,archimonde,1275,shaman,restoration,150,70,80
Voodz,nathrezim,1274,shaman,restoration,67,30,37
Cahyr,ravencrest,1273,shaman,restoration,23,14,9
Storqix,drakthul,1273,shaman,restoration,130,60,70
Buböta,sanguino,1273,shaman,restoration,44,17,27
Thordahr,hyjal,1273,shaman,restoration,47,18,29
Lorthargol,chamber-of-aspects,1272,shaman,restoration,42,17,25
Áchilleus,kazzak,1271,shaman,restoration,92,42,50
Шайнинлайт,soulflayer,1271,shaman,restoration,107,42,65
Yslìn,khaz-modan,1271,shaman,restoration,41,14,27
Nabo,archimonde,1270,shaman,restoration,52,22,30
Flambusier,hyjal,1269,shaman,restoration,297,163,134
Honollulu,drakthul,1269,shaman,restoration,48,26,22
Крэгнор,gordunni,1269,shaman,restoration,159,80,79
Nwäar,archimonde,1269,shaman,restoration,148,72,76
Gauss,agamaggan,1268,shaman,restoration,37,18,19
Diya,karazhan,1268,shaman,restoration,132,57,75
Stormcaster,argent-dawn,1267,shaman,restoration,70,34,36
Oscar,khaz-modan,1267,shaman,restoration,48,23,25
Orcinterface,tarren-mill,1267,shaman,restoration,164,78,86
Yuliy,arathor,1265,shaman,restoration,126,59,67
Wayoa,defias-brotherhood,1264,shaman,restoration,24,18,6
Дрекрош,howling-fjord,1264,shaman,restoration,261,122,139
Makaria,emerald-dream,1263,shaman,restoration,279,136,143
Hephaisto,defias-brotherhood,1262,shaman,restoration,36,21,15
Iamnyka,blackrock,1262,shaman,restoration,108,58,50
Kéimohansio,draenor,1262,shaman,restoration,468,225,243
Kelshaj,thrall,1262,shaman,restoration,33,15,18
Azifox,hyjal,1260,shaman,restoration,25,14,11
Leunam,draenor,1260,shaman,restoration,58,30,28
Rookwave,eredar,1260,shaman,restoration,46,21,25
Dpgsevenk,kazzak,1258,shaman,restoration,41,22,19
Skenflewds,alakir,1258,shaman,restoration,144,62,82
Puresham,twisting-nether,1258,shaman,restoration,60,23,37
Lynox,ragnaros,1257,shaman,restoration,54,32,22
Gorël,sinstralis,1257,shaman,restoration,79,44,35
Munjar,korgall,1257,shaman,restoration,30,15,15
Binslagala,zuljin,1254,shaman,restoration,24,16,8
Ònlìgrøvè,kazzak,1254,shaman,restoration,138,61,77
Эрутеон,deathguard,1254,shaman,restoration,144,63,81
Pomegranate,arthas,1254,shaman,restoration,56,23,33
Mazu,spinebreaker,1254,shaman,restoration,53,20,33
Shamaxwell,blackhand,1253,shaman,restoration,24,16,8
Jimmybuffett,kazzak,1253,shaman,restoration,122,62,60
Chartersham,silvermoon,1252,shaman,restoration,18,14,4
Ogrilza,uldaman,1252,shaman,restoration,136,74,62
Tilixs,draenor,1252,shaman,restoration,87,32,55
Weraeth,drakthul,1251,shaman,restoration,162,86,76
Manitus,sylvanas,1250,shaman,restoration,70,36,34
Фистинктотем,soulflayer,1250,shaman,restoration,122,62,60
Виндфюрер,deathguard,1250,shaman,restoration,48,24,24
Asumix,illidan,1250,shaman,restoration,94,46,48
Suze,hellfire,1250,shaman,restoration,78,35,43
Lolafløres,dun-modr,1249,shaman,restoration,59,42,17
Mosterx,stormscale,1249,shaman,restoration,93,54,39
Eduorde,silvermoon,1249,shaman,restoration,88,45,43
Ðøminantx,stormscale,1249,shaman,restoration,55,28,27
Viallinen,stormreaver,1249,shaman,restoration,37,15,22
Mysterqt,nemesis,1248,shaman,restoration,24,13,11
Shamtrix,drakthul,1248,shaman,restoration,77,34,43
Mandoloriana,sylvanas,1247,shaman,restoration,108,50,58
Bìnary,ravencrest,1247,shaman,restoration,30,13,17
Puffeh,emeriss,1246,shaman,restoration,30,13,17
Руикси,howling-fjord,1246,shaman,restoration,30,13,17
Pyrotoad,blackmoore,1246,shaman,restoration,30,13,17
Løktarøgàr,archimonde,1246,shaman,restoration,38,16,22
Повор,soulflayer,1246,shaman,restoration,75,30,45
Koggaion,kazzak,1246,shaman,restoration,48,17,31
Gorbagh,zuluhed,1245,shaman,restoration,30,13,17
Thuns,stormscale,1243,shaman,restoration,41,24,17
Okø,marécage-de-zangar,1243,shaman,restoration,38,21,17
Watashij,outland,1243,shaman,restoration,69,36,33
Fenoménes,drakthul,1243,shaman,restoration,52,20,32
Ctpukek,ysondre,1242,shaman,restoration,41,23,18
Absot,dun-morogh,1242,shaman,restoration,24,13,11
Bruhin,ravencrest,1242,shaman,restoration,86,40,46
Orchal,defias-brotherhood,1242,shaman,restoration,48,21,27
Barbebiendur,archimonde,1242,shaman,restoration,30,13,17
Anlaki,silvermoon,1241,shaman,restoration,18,13,5
Dréa,draenor,1241,shaman,restoration,24,13,11
Kìra,darkmoon-faire,1241,shaman,restoration,65,34,31
Mêkyra,blackmoore,1241,shaman,restoration,146,70,76
Kryuxs,blackrock,1241,shaman,restoration,96,45,51
Sáltý,ravencrest,1241,shaman,restoration,30,14,16
Proxysham,the-maelstrom,1240,shaman,restoration,24,18,6
Djschamihaar,blackrock,1240,shaman,restoration,18,13,5
Volwerin,blackhand,1240,shaman,restoration,24,13,11
Dwarfofwar,ravencrest,1240,shaman,restoration,149,73,76
Ríko,argent-dawn,1240,shaman,restoration,88,43,45
Mazuh,twisting-nether,1239,shaman,restoration,24,14,10
Shioni,ravencrest,1239,shaman,restoration,151,68,83
Nøraa,ravencrest,1239,shaman,restoration,30,13,17
Måke,stormscale,1238,shaman,restoration,24,13,11
Shadowmove,bronzebeard,1237,shaman,restoration,24,13,11
Thenasil,stormscale,1237,shaman,restoration,136,69,67
Nimos,drakthul,1237,shaman,restoration,36,13,23
Woade,silvermoon,1236,shaman,restoration,60,28,32
Obadai,nemesis,1236,shaman,restoration,36,13,23
Fulminare,ravencrest,1235,shaman,restoration,83,42,41
Tosaá,antonidas,1235,shaman,restoration,42,19,23
Scàráth,eredar,1235,shaman,restoration,69,27,42
Корольшомен,gordunni,1234,shaman,restoration,24,14,10
Tiddles,arathor,1234,shaman,restoration,24,13,11
Stivishamy,blackmoore,1234,shaman,restoration,58,30,28
Thundertail,ragnaros,1234,shaman,restoration,42,15,27
Asschick,outland,1233,shaman,restoration,36,13,23
Blackone,destromath,1232,shaman,restoration,24,13,11
Althayr,blackmoore,1232,shaman,restoration,28,14,14
Kyaz,ravencrest,1231,shaman,restoration,30,15,15
Carnágé,blackrock,1230,shaman,restoration,48,27,21
Baboss,blutkessel,1229,shaman,restoration,59,28,31
Eomsham,magtheridon,1229,shaman,restoration,30,13,17
Zapymon,draenor,1229,shaman,restoration,42,18,24
Rakân,ysondre,1229,shaman,restoration,36,13,23
Zìik,draenor,1229,shaman,restoration,36,13,23
Gushgush,draenor,1228,shaman,restoration,42,24,18
Lopetitchat,chogall,1228,shaman,restoration,81,40,41
Sugardad,khaz-modan,1228,shaman,restoration,189,90,99
Shpankproof,kazzak,1228,shaman,restoration,30,13,17
Tuba,ragnaros,1227,shaman,restoration,81,47,34
Doriana,dalaran,1227,shaman,restoration,137,63,74
Lumirecia,shadowsong,1227,shaman,restoration,30,13,17
Bigayak,blackrock,1226,shaman,restoration,21,14,7
Alexmiamosch,thrall,1226,shaman,restoration,78,48,30
Buchânan,archimonde,1226,shaman,restoration,41,13,28
Wieszcz,kazzak,1225,shaman,restoration,93,42,51
Clearwaters,tarren-mill,1225,shaman,restoration,40,14,26
Ironspine,sylvanas,1224,shaman,restoration,30,14,16
Cismine,twisting-nether,1224,shaman,restoration,30,13,17
Линейджер,soulflayer,1224,shaman,restoration,42,15,27
Avattar,twisting-nether,1223,shaman,restoration,36,21,15
Electrífied,outland,1223,shaman,restoration,108,42,66
Kavyzyoyo,twisting-nether,1222,shaman,restoration,71,31,40
Пончо,booty-bay,1221,shaman,restoration,146,77,69
Silko,wrathbringer,1221,shaman,restoration,75,31,44
Schnessert,silvermoon,1220,shaman,restoration,30,13,17
Турбопушкин,soulflayer,1220,shaman,restoration,36,13,23
Dinosaurer,outland,1219,shaman,restoration,18,13,5
Anyxxia,aegwynn,1219,shaman,restoration,56,21,35
Lycburst,twisting-nether,1219,shaman,restoration,36,13,23
Индигула,soulflayer,1219,shaman,restoration,59,18,41
Thundersioux,ravencrest,1217,shaman,restoration,126,65,61
Shèshe,uldaman,1216,shaman,restoration,54,30,24
Юляукраинка,gordunni,1216,shaman,restoration,55,24,31
Sickbrain,silvermoon,1216,shaman,restoration,45,19,26
Bïgdaddy,twisting-nether,1216,shaman,restoration,54,20,34
Biztor,jaedenar,1215,shaman,restoration,82,45,37
Mosler,thunderhorn,1215,shaman,restoration,55,29,26
Gerethor,burning-legion,1215,shaman,restoration,64,32,32
Kèlls,la-croisade-écarlate,1215,shaman,restoration,60,27,33
Sizzurp,mugthol,1214,shaman,restoration,24,13,11
Bullit,zuljin,1214,shaman,restoration,134,65,69
Patlangoi,outland,1213,shaman,restoration,224,109,115
Rúberg,shadowsong,1213,shaman,restoration,42,20,22
Kãitse,silvermoon,1212,shaman,restoration,42,20,22
Lavafrans,kazzak,1211,shaman,restoration,18,13,5
Giulia,culte-de-la-rive-noire,1211,shaman,restoration,157,82,75
Быковат,booty-bay,1211,shaman,restoration,164,84,80
Джусипуси,gordunni,1210,shaman,restoration,60,25,35
Kickvando,blackmoore,1209,shaman,restoration,44,22,22
Ulfom,silvermoon,1208,shaman,restoration,82,42,40
Shammynox,draenor,1208,shaman,restoration,30,14,16
Moonbotico,blackrock,1207,shaman,restoration,145,72,73
Síqú,blackmoore,1207,shaman,restoration,62,29,33
Pwccey,drakthul,1207,shaman,restoration,75,28,47
Xetri,ragnaros,1206,shaman,restoration,41,22,19
Morttes,burning-legion,1205,shaman,restoration,27,14,13
Jimkopf,eredar,1205,shaman,restoration,46,23,23
Kivra,burning-legion,1205,shaman,restoration,137,59,78
Rawtex,draenor,1205,shaman,restoration,62,21,41
Nakenfeigy,stormreaver,1204,shaman,restoration,29,16,13
Новогор,soulflayer,1204,shaman,restoration,66,33,33
Huldi,kazzak,1203,shaman,restoration,69,39,30
Бичпак,howling-fjord,1203,shaman,restoration,56,25,31
Icozy,stormscale,1202,shaman,restoration,51,27,24
Elwynn,terenas,1202,shaman,restoration,47,18,29
Mya,frostwolf,1201,shaman,restoration,29,14,15
Roxxo,frostwolf,1200,shaman,restoration,30,16,14
Klamen,kazzak,1200,shaman,restoration,36,17,19
Blöödfist,drakthul,1200,shaman,restoration,35,14,21
Нолькастов,soulflayer,1199,shaman,restoration,17,13,4
Kaletore,ragnaros,1198,shaman,restoration,78,42,36
Teccatwo,outland,1198,shaman,restoration,100,48,52
Линчон,soulflayer,1197,shaman,restoration,30,15,15
Corbo,ysondre,1196,shaman,restoration,126,68,58
Chamon,grim-batol,1195,shaman,restoration,42,19,23
Cred,the-venture-co,1193,shaman,restoration,42,16,26
Nîckîî,aegwynn,1192,shaman,restoration,47,24,23
Pépón,dun-modr,1192,shaman,restoration,30,13,17
Hóonda,twisting-nether,1191,shaman,restoration,24,13,11
Malamadre,antonidas,1191,shaman,restoration,48,17,31
Khazburn,hyjal,1191,shaman,restoration,42,13,29
Sarenity,hellfire,1190,shaman,restoration,41,24,17
Thuknala,tarren-mill,1190,shaman,restoration,52,28,24
Ibkdalen,stormscale,1188,shaman,restoration,84,44,40
Yasunari,sanguino,1188,shaman,restoration,42,16,26
Axéron,blackhand,1187,shaman,restoration,54,25,29
Macchiavelli,blades-edge,1186,shaman,restoration,143,63,80
Манрото,soulflayer,1185,shaman,restoration,27,18,9
Saviothewise,aggra-português,1185,shaman,restoration,30,19,11
Iltis,nazjatar,1185,shaman,restoration,58,24,34
Kuiji,stormreaver,1184,shaman,restoration,154,84,70
Narvalus,throkferoth,1184,shaman,restoration,40,21,19
Spørc,ragnaros,1184,shaman,restoration,160,79,81
Croku,thrall,1183,shaman,restoration,132,71,61
Oldrym,blackrock,1183,shaman,restoration,64,25,39
Xerijan,pozzo-delleternità,1181,shaman,restoration,126,60,66
Insanebölt,ravencrest,1181,shaman,restoration,29,13,16
Târrocke,nethersturm,1181,shaman,restoration,54,24,30
Shexy,the-maelstrom,1181,shaman,restoration,72,25,47
Nanolasso,anubarak,1181,shaman,restoration,38,13,25
Bigschamlipp,blackhand,1180,shaman,restoration,23,13,10
Honorqi,sylvanas,1180,shaman,restoration,111,44,67
Bigrambo,draenor,1179,shaman,restoration,89,48,41
Darnok,quelthalas,1178,shaman,restoration,66,32,34
Rêêza,blackhand,1177,shaman,restoration,66,35,31
Thundrkrakn,blackhand,1177,shaman,restoration,77,39,38
Egí,azshara,1177,shaman,restoration,38,14,24
Shacharcaspi,blackmoore,1177,shaman,restoration,55,20,35
Kvekkis,argent-dawn,1175,shaman,restoration,30,17,13
Sorcerus,burning-legion,1175,shaman,restoration,114,46,68
Merkàba,pozzo-delleternità,1174,shaman,restoration,91,42,49
Buzzingsham,tarren-mill,1173,shaman,restoration,98,48,50
Baelee,sylvanas,1173,shaman,restoration,151,72,79
Goodmañ,eonar,1173,shaman,restoration,134,58,76
Titavio,twisting-nether,1172,shaman,restoration,42,19,23
Tegellera,ravencrest,1168,shaman,restoration,53,27,26
Rhastasha,archimonde,1168,shaman,restoration,42,18,24
Chadshaman,antonidas,1166,shaman,restoration,91,37,54
Akimboo,kilrogg,1166,shaman,restoration,48,18,30
Kongapenes,tarren-mill,1165,shaman,restoration,42,23,19
Rinn,frostmane,1165,shaman,restoration,48,14,34
Putzè,blackrock,1161,shaman,restoration,75,42,33
He,twisting-nether,1159,shaman,restoration,30,14,16
Bèx,twisting-nether,1159,shaman,restoration,30,13,17
Pituu,tarren-mill,1158,shaman,restoration,36,15,21
Cromosoma,dun-modr,1157,shaman,restoration,92,53,39
Shinui,twisting-nether,1157,shaman,restoration,51,26,25
Paniio,stormscale,1157,shaman,restoration,60,26,34
Knasta,malygos,1156,shaman,restoration,42,20,22
Mostachin,dun-modr,1155,shaman,restoration,64,28,36
Undin,burning-legion,1154,shaman,restoration,90,50,40
Khanokekw,twisting-nether,1154,shaman,restoration,136,74,62
Alcam,twisting-nether,1153,shaman,restoration,92,38,54
Nstéa,zuljin,1152,shaman,restoration,18,12,6
Invades,shattered-hand,1152,shaman,restoration,24,12,12
Терату,gordunni,1152,shaman,restoration,24,12,12
Enchancement,ragnaros,1151,shaman,restoration,18,12,6
Snackerella,blackrock,1151,shaman,restoration,18,12,6
Helloimblue,blackmoore,1151,shaman,restoration,18,12,6
Thornyberrý,outland,1151,shaman,restoration,24,12,12
Scriptx,blackmoore,1151,shaman,restoration,24,12,12
Giuliah,ravencrest,1151,shaman,restoration,24,12,12
Зачикинимся,howling-fjord,1151,shaman,restoration,30,12,18
Shockojambo,kazzak,1151,shaman,restoration,36,12,24
Souqixo,drakthul,1150,shaman,restoration,18,12,6
Hohedichte,amanthul,1150,shaman,restoration,18,12,6
Дисмон,ashenvale,1150,shaman,restoration,78,40,38
Sparkygrill,eredar,1150,shaman,restoration,24,12,12
Фатнир,soulflayer,1150,shaman,restoration,24,12,12
Flandersx,ravencrest,1150,shaman,restoration,24,12,12
Chimey,frostmane,1150,shaman,restoration,24,12,12
Poggsham,twisting-nether,1150,shaman,restoration,68,32,36
Lolalovexo,kazzak,1150,shaman,restoration,30,14,16
Killatotem,kazzak,1150,shaman,restoration,30,12,18
Balthasa,blackhand,1149,shaman,restoration,18,12,6
Ампулаикс,gordunni,1149,shaman,restoration,24,12,12
Rëazx,archimonde,1149,shaman,restoration,24,12,12
Woopiedoopie,silvermoon,1149,shaman,restoration,24,12,12
Kaherad,antonidas,1148,shaman,restoration,72,33,39
Xêra,burning-legion,1147,shaman,restoration,22,13,9
Kärríegold,blackrock,1146,shaman,restoration,18,12,6
Brâshô,frostwolf,1146,shaman,restoration,40,21,19
Nftkal,emerald-dream,1146,shaman,restoration,65,31,34
Kemh,nemesis,1146,shaman,restoration,30,12,18
Ophís,ambossar,1145,shaman,restoration,24,12,12
Kuse,anubarak,1144,shaman,restoration,30,12,18
Unraedorc,twisting-nether,1144,shaman,restoration,30,12,18
Leccyavenue,twisting-nether,1144,shaman,restoration,61,18,43
Drman,shattered-hand,1143,shaman,restoration,60,33,27
Razzuan,kazzak,1143,shaman,restoration,32,12,20
Lynesse,ragnaros,1142,shaman,restoration,18,12,6
Bliksem,tarren-mill,1142,shaman,restoration,24,12,12
Милжон,soulflayer,1141,shaman,restoration,146,82,64
Навылет,soulflayer,1141,shaman,restoration,24,12,12
Lumière,alonsus,1141,shaman,restoration,24,12,12
Trünk,arathi,1141,shaman,restoration,66,21,45
Canhealu,nemesis,1139,shaman,restoration,361,181,180
Coxshamanic,draenor,1139,shaman,restoration,36,12,24
Clips,frostmane,1138,shaman,restoration,30,12,18
Masham,darkspear,1137,shaman,restoration,30,12,18
Stormque,blackhand,1136,shaman,restoration,144,64,80
Laïnàà,archimonde,1136,shaman,restoration,65,27,38
Bogatyrk,twisting-nether,1134,shaman,restoration,23,13,10
Gárdzsúlió,ragnaros,1134,shaman,restoration,24,12,12
Stormred,blackmoore,1133,shaman,restoration,36,19,17
Шаманнутая,gordunni,1133,shaman,restoration,30,12,18
Mälaa,ysondre,1133,shaman,restoration,30,12,18
Spaceboy,archimonde,1133,shaman,restoration,30,12,18
Sërka,cthun,1133,shaman,restoration,56,20,36
Nozòmi,defias-brotherhood,1132,shaman,restoration,30,12,18
Omgodofwar,burning-blade,1132,shaman,restoration,90,33,57
Mearu,bronze-dragonflight,1129,shaman,restoration,94,56,38
Aviearn,ragnaros,1128,shaman,restoration,42,23,19
Zkalman,kazzak,1128,shaman,restoration,29,15,14
Ricid,nerathor,1128,shaman,restoration,30,12,18
Profylax,arathor,1127,shaman,restoration,54,27,27
Xilquid,darksorrow,1126,shaman,restoration,51,19,32
Bigwa,dun-morogh,1124,shaman,restoration,59,37,22
Riverwin,silvermoon,1124,shaman,restoration,42,23,19
Vimra,blackhand,1124,shaman,restoration,53,18,35
Ivaccineyou,blackmoore,1123,shaman,restoration,30,15,15
Shámpaín,outland,1123,shaman,restoration,67,29,38
Førcemajeure,kazzak,1121,shaman,restoration,24,12,12
Bendimina,chogall,1120,shaman,restoration,18,12,6
Størmbølt,draenor,1120,shaman,restoration,114,49,65
Nesjâ,blackhand,1120,shaman,restoration,30,12,18
Temeres,drakthul,1119,shaman,restoration,30,15,15
Zendrox,aegwynn,1117,shaman,restoration,30,14,16
Smyke,magtheridon,1116,shaman,restoration,96,51,45
Nazantìa,hyjal,1116,shaman,restoration,65,33,32
Grimnyr,onyxia,1115,shaman,restoration,30,12,18
Checkpoint,defias-brotherhood,1114,shaman,restoration,84,44,40
Fairgewalt,blackhand,1113,shaman,restoration,26,13,13
Aveet,kazzak,1113,shaman,restoration,24,12,12
Понбарон,gordunni,1113,shaman,restoration,46,19,27
Suntpraf,kazzak,1113,shaman,restoration,41,16,25
Hayvack,hyjal,1112,shaman,restoration,56,28,28
Olînours,archimonde,1112,shaman,restoration,42,21,21
Magmera,argent-dawn,1112,shaman,restoration,200,92,108
Elunaxcc,eredar,1111,shaman,restoration,73,38,35
Эйвуа,gordunni,1111,shaman,restoration,125,62,63
Thopeur,ysondre,1111,shaman,restoration,48,14,34
Akuha,dun-modr,1110,shaman,restoration,44,13,31
Fragolias,malygos,1109,shaman,restoration,24,12,12
Captaínduck,garrosh,1107,shaman,restoration,226,124,102
Alø,blackrock,1106,shaman,restoration,42,18,24
Säphïr,hyjal,1105,shaman,restoration,22,13,9
Walmartorc,kazzak,1105,shaman,restoration,27,13,14
Maflas,dun-modr,1104,shaman,restoration,69,37,32
Hunorth,stormscale,1101,shaman,restoration,58,26,32
Scamander,draenor,1101,shaman,restoration,32,12,20
Nazgréll,tarren-mill,1099,shaman,restoration,109,53,56
Alvastis,moonglade,1099,shaman,restoration,42,16,26
Jhaky,dun-modr,1099,shaman,restoration,36,13,23
Shakgor,draenor,1097,shaman,restoration,72,41,31
Zerwurster,thrall,1094,shaman,restoration,60,30,30
Rusbeermen,silvermoon,1094,shaman,restoration,47,13,34
Tomtefaan,sylvanas,1093,shaman,restoration,36,19,17
Alakan,saurfang,1093,shaman,restoration,140,65,75
Shøckz,azjolnerub,1092,shaman,restoration,48,28,20
Ironbeard,daggerspine,1092,shaman,restoration,76,36,40
Shyyfu,kazzak,1091,shaman,restoration,54,25,29
Xoxoxoxoa,twisting-nether,1091,shaman,restoration,118,47,71
Hazufel,kaelthas,1090,shaman,restoration,50,23,27
Arabesk,arygos,1087,shaman,restoration,114,51,63
Lapou,archimonde,1087,shaman,restoration,36,12,24
Gotreck,zuljin,1086,shaman,restoration,36,13,23
Mufzo,draenor,1086,shaman,restoration,47,16,31
Assyrià,ravencrest,1085,shaman,restoration,58,25,33
Aénéas,twisting-nether,1084,shaman,restoration,30,12,18
Кислыйсоус,gordunni,1083,shaman,restoration,78,39,39
Gondrim,blackmoore,1083,shaman,restoration,26,13,13
Sneggels,wrathbringer,1083,shaman,restoration,74,35,39
Spartecøbra,dalaran,1083,shaman,restoration,36,16,20
Кезара,razuvious,1083,shaman,restoration,54,23,31
Shevarra,silvermoon,1082,shaman,restoration,85,44,41
Smö,kazzak,1082,shaman,restoration,30,15,15
Arienus,turalyon,1081,shaman,restoration,22,12,10
Bennycooch,silvermoon,1081,shaman,restoration,107,42,65
Kasálla,aegwynn,1080,shaman,restoration,28,14,14
Shamandeadly,aggra-português,1075,shaman,restoration,24,12,12
Rórekk,aegwynn,1074,shaman,restoration,42,18,24
Qyo,throkferoth,1072,shaman,restoration,59,35,24
Shamone,stormreaver,1070,shaman,restoration,35,16,19
Holshammy,nemesis,1069,shaman,restoration,96,40,56
Lemontea,burning-blade,1068,shaman,restoration,150,69,81
Lowhpqt,blackrock,1066,shaman,restoration,18,13,5
Quîn,defias-brotherhood,1066,shaman,restoration,102,48,54
Xari,earthen-ring,1066,shaman,restoration,67,28,39
Elosenx,magtheridon,1064,shaman,restoration,30,16,14
Blautorkel,amanthul,1064,shaman,restoration,65,27,38
Zuggerberg,defias-brotherhood,1063,shaman,restoration,33,12,21
Jeezy,blackhand,1062,shaman,restoration,72,26,46
Hikigane,marécage-de-zangar,1061,shaman,restoration,48,17,31
Чоколав,howling-fjord,1057,shaman,restoration,60,32,28
Elmezz,outland,1056,shaman,restoration,18,11,7
Socialfailur,archimonde,1056,shaman,restoration,18,11,7
Milfishake,frostwolf,1056,shaman,restoration,24,11,13
Rôwdy,kazzak,1056,shaman,restoration,24,11,13
Snoopfrog,dun-morogh,1056,shaman,restoration,53,22,31
Recov,draenor,1056,shaman,restoration,28,11,17
Doubleshamz,the-maelstrom,1055,shaman,restoration,18,11,7
Zuly,grim-batol,1055,shaman,restoration,18,11,7
Yashëa,ysondre,1055,shaman,restoration,18,11,7
Drmanathan,garona,1055,shaman,restoration,18,11,7
Vulkan,kirin-tor,1055,shaman,restoration,54,25,29
Blipster,tarren-mill,1055,shaman,restoration,24,11,13
Qwázú,silvermoon,1055,shaman,restoration,24,11,13
Infinitetide,doomhammer,1055,shaman,restoration,24,11,13
Icecold,grim-batol,1055,shaman,restoration,24,11,13
Lanzatotems,dun-modr,1055,shaman,restoration,93,42,51
Морпат,soulflayer,1054,shaman,restoration,52,26,26
Ixthus,varimathras,1054,shaman,restoration,24,11,13
Elshamino,ravencrest,1054,shaman,restoration,24,11,13
Blóúb,blackmoore,1054,shaman,restoration,24,11,13
Nyfario,marécage-de-zangar,1054,shaman,restoration,24,11,13
Mêrowinger,blackhand,1054,shaman,restoration,24,11,13
Mckoy,kazzak,1054,shaman,restoration,24,11,13
Mystico,sanguino,1054,shaman,restoration,58,21,37
Ashmaul,outland,1053,shaman,restoration,36,18,18
Salatmayoo,alakir,1053,shaman,restoration,27,12,15
Kswíss,outland,1052,shaman,restoration,21,13,8
Ehrling,ysondre,1052,shaman,restoration,125,64,61
Zourià,archimonde,1052,shaman,restoration,30,11,19
Kelvok,silvermoon,1051,shaman,restoration,18,11,7
Rouwa,korgall,1051,shaman,restoration,18,11,7
Zackboing,thrall,1051,shaman,restoration,75,38,37
Lòómit,anetheron,1051,shaman,restoration,89,43,46
Gungo,deathwing,1051,shaman,restoration,24,11,13
Aliates,sanguino,1051,shaman,restoration,24,11,13
Тирона,howling-fjord,1051,shaman,restoration,30,11,19
Kíkjo,aegwynn,1050,shaman,restoration,18,11,7
Iwaa,dalaran,1050,shaman,restoration,24,11,13
Booga,tarren-mill,1050,shaman,restoration,32,11,21
Оперочек,howling-fjord,1050,shaman,restoration,42,12,30
Pumbat,lothar,1049,shaman,restoration,18,11,7
Fatotato,outland,1049,shaman,restoration,24,11,13
Cottoneyejoe,alexstrasza,1049,shaman,restoration,36,11,25
Esal,blackrock,1048,shaman,restoration,18,11,7
Lechirurgien,elune,1048,shaman,restoration,175,88,87
Zahké,stormscale,1048,shaman,restoration,24,11,13
Shamoek,argent-dawn,1048,shaman,restoration,48,20,28
Kledorchick,twisting-nether,1048,shaman,restoration,51,12,39
Bakuga,ragnaros,1047,shaman,restoration,18,11,7
Thrallash,blackhand,1047,shaman,restoration,42,12,30
Tyralià,draenor,1046,shaman,restoration,18,11,7
Mystycos,burning-legion,1046,shaman,restoration,30,11,19
Анашишка,borean-tundra,1046,shaman,restoration,30,11,19
Towokk,kazzak,1045,shaman,restoration,54,31,23
Nafay,lordaeron,1044,shaman,restoration,90,42,48
Adubsham,tarren-mill,1043,shaman,restoration,12,11,1
Silktotems,kazzak,1043,shaman,restoration,90,38,52
Umgrall,archimonde,1042,shaman,restoration,66,27,39
Mantoon,doomhammer,1041,shaman,restoration,66,27,39
Вашнюхтоптал,howling-fjord,1040,shaman,restoration,48,27,21
Begeshaman,sylvanas,1040,shaman,restoration,396,184,212
Garifus,dun-modr,1038,shaman,restoration,180,93,87
Syreer,silvermoon,1038,shaman,restoration,32,14,18
Idkteam,stormscale,1037,shaman,restoration,24,11,13
Slutie,stormscale,1036,shaman,restoration,23,11,12
Флафен,howling-fjord,1035,shaman,restoration,30,15,15
Manolaz,kazzak,1035,shaman,restoration,24,11,13
Eliteblood,kazzak,1034,shaman,restoration,30,21,9
Снобу,gordunni,1034,shaman,restoration,24,11,13
Koholona,malygos,1033,shaman,restoration,55,28,27
Dikwijls,ravencrest,1031,shaman,restoration,24,11,13
Arles,dun-modr,1031,shaman,restoration,30,12,18
Demelena,silvermoon,1030,shaman,restoration,261,135,126
Moglibard,grim-batol,1028,shaman,restoration,18,11,7
Totembse,silvermoon,1028,shaman,restoration,30,11,19
Abuzay,medivh,1026,shaman,restoration,18,11,7
Kundi,nazjatar,1026,shaman,restoration,24,11,13
Deesham,blackmoore,1026,shaman,restoration,32,12,20
Лялори,gordunni,1025,shaman,restoration,60,28,32
Zordox,zirkel-des-cenarius,1024,shaman,restoration,40,13,27
Ипа,thermaplugg,1023,shaman,restoration,59,16,43
Fivezax,tarren-mill,1022,shaman,restoration,65,32,33
Pstpstpsst,azjolnerub,1022,shaman,restoration,29,11,18
Numdog,stormreaver,1021,shaman,restoration,23,11,12
Hexinreflect,silvermoon,1021,shaman,restoration,96,41,55
Hacyria,archimonde,1018,shaman,restoration,54,33,21
Grîzzou,les-clairvoyants,1018,shaman,restoration,48,27,21
Магмарончик,gordunni,1017,shaman,restoration,60,24,36
Snidge,magtheridon,1016,shaman,restoration,48,28,20
Wakka,wildhammer,1016,shaman,restoration,103,51,52
Thaun,blackrock,1013,shaman,restoration,40,18,22
Мезонет,soulflayer,1011,shaman,restoration,30,16,14
Cukkerberg,ragnaros,1010,shaman,restoration,48,19,29
Protv,ravencrest,1009,shaman,restoration,54,31,23
Gigasham,azjolnerub,1009,shaman,restoration,70,33,37
Jøw,dun-modr,1007,shaman,restoration,96,57,39
Stkk,ravencrest,1007,shaman,restoration,152,76,76
Blainehammer,arathor,1006,shaman,restoration,30,12,18
Saamjai,turalyon,1005,shaman,restoration,30,17,13
Samant,neptulon,1004,shaman,restoration,72,36,36
Ошибся,deathguard,1004,shaman,restoration,96,46,50
Parabrisas,argent-dawn,1004,shaman,restoration,23,11,12
Symy,draenor,1002,shaman,restoration,69,31,38
Bluelasso,ysondre,1002,shaman,restoration,35,11,24
Robgon,aggra-português,1001,shaman,restoration,71,38,33
Thunderjax,laughing-skull,1001,shaman,restoration,58,29,29
Darkkshammy,silvermoon,1001,shaman,restoration,24,12,12
Soyungordoqt,sanguino,1000,shaman,restoration,20,12,8
Polystrath,silvermoon,1000,shaman,restoration,76,37,39
Xpone,blackrock,1000,shaman,restoration,54,26,28
Kissmepls,tarren-mill,999,shaman,restoration,26,12,14
Cmzyy,ravencrest,998,shaman,restoration,30,11,19
Isenth,ravencrest,998,shaman,restoration,65,22,43
Valdraxx,ravencrest,997,shaman,restoration,207,104,103
Grøzel,illidan,997,shaman,restoration,23,11,12
Xenda,blackrock,997,shaman,restoration,36,16,20
Totemkin,stormscale,997,shaman,restoration,84,21,63
Manush,aszune,996,shaman,restoration,42,17,25
Skunazo,sanguino,995,shaman,restoration,18,14,4
Shinigamy,kazzak,995,shaman,restoration,68,35,33
Kanuw,kilrogg,993,shaman,restoration,75,41,34
Trixsham,ragnaros,990,shaman,restoration,29,13,16
Saarroo,ravencrest,990,shaman,restoration,123,51,72
Gharn,sanguino,990,shaman,restoration,28,11,17
Haginathor,twisting-nether,989,shaman,restoration,78,41,37
Aurelindae,silvermoon,986,shaman,restoration,48,20,28
Ariekanarie,ravencrest,984,shaman,restoration,36,15,21
Qusek,turalyon,980,shaman,restoration,326,165,161
Shamaray,stormscale,980,shaman,restoration,26,11,15
Teada,aegwynn,980,shaman,restoration,34,12,22
Whatsup,aggramar,979,shaman,restoration,34,12,22
Tiborr,burning-legion,978,shaman,restoration,45,12,33
Ambrosioss,kazzak,975,shaman,restoration,30,17,13
Jáckdaniels,twisting-nether,975,shaman,restoration,23,11,12
Patites,twisting-nether,974,shaman,restoration,42,23,19
Shadî,kiljaeden,972,shaman,restoration,33,14,19
Nozer,arathor,971,shaman,restoration,50,26,24
Quòr,antonidas,971,shaman,restoration,89,46,43
Devosham,blackrock,971,shaman,restoration,22,11,11
Schamannen,outland,970,shaman,restoration,43,23,20
Deeblu,nemesis,966,shaman,restoration,48,17,31
Bispi,blackmoore,965,shaman,restoration,19,11,8
Hemsihammer,ysondre,965,shaman,restoration,23,11,12
Gnomekiller,alonsus,961,shaman,restoration,42,12,30
Exesemrone,uldaman,960,shaman,restoration,12,10,2
Qobq,ravencrest,960,shaman,restoration,12,10,2
Hérépilé,dalaran,960,shaman,restoration,18,10,8
Çare,drakthul,960,shaman,restoration,18,10,8
Thaw,sylvanas,960,shaman,restoration,18,10,8
Pank,kazzak,960,shaman,restoration,18,10,8
Öyama,sinstralis,960,shaman,restoration,18,10,8
Gotta,dethecus,960,shaman,restoration,18,10,8
Sunjay,frostwolf,959,shaman,restoration,12,10,2
Kaátori,eredar,959,shaman,restoration,12,10,2
Blyxuhm,argent-dawn,959,shaman,restoration,12,10,2
Hyperieon,antonidas,959,shaman,restoration,12,10,2
Fourtwogodx,kazzak,959,shaman,restoration,12,10,2
Aylookitsgam,magtheridon,959,shaman,restoration,12,10,2
Ðtxkeks,onyxia,959,shaman,restoration,13,10,3
Bauch,tichondrius,959,shaman,restoration,18,10,8
Dreamon,culte-de-la-rive-noire,959,shaman,restoration,18,10,8
Ånny,blackmoore,959,shaman,restoration,18,10,8
Crysisx,sanguino,959,shaman,restoration,18,10,8
Friski,silvermoon,959,shaman,restoration,18,10,8
Frise,archimonde,959,shaman,restoration,24,12,12
Mustabrutus,tarren-mill,959,shaman,restoration,22,11,11
Daseus,malygos,959,shaman,restoration,75,36,39
Халльбьерн,howling-fjord,959,shaman,restoration,24,10,14
Loay,blackrock,959,shaman,restoration,24,10,14
Tsugu,kazzak,959,shaman,restoration,30,10,20
Páracetamol,blackmoore,958,shaman,restoration,18,10,8
Bosskwtt,kazzak,958,shaman,restoration,18,10,8
Shamanistick,grim-batol,958,shaman,restoration,18,10,8
Jilyu,blackmoore,958,shaman,restoration,18,10,8
Fjås,stormscale,958,shaman,restoration,28,11,17
Arîya,blackrock,958,shaman,restoration,33,11,22
Hobblefoot,stormscale,958,shaman,restoration,30,10,20
Alikir,outland,958,shaman,restoration,30,10,20
Tinyboiler,stormscale,958,shaman,restoration,30,10,20
Nerdshammyx,tarren-mill,957,shaman,restoration,12,10,2
Hakunax,twisting-nether,957,shaman,restoration,18,10,8
Stardawg,runetotem,957,shaman,restoration,25,10,15
Floki,emerald-dream,957,shaman,restoration,30,10,20
Mantits,stormscale,956,shaman,restoration,18,10,8
Eleir,draenor,956,shaman,restoration,24,10,14
Xentic,kazzak,956,shaman,restoration,24,10,14
Bajslys,kazzak,956,shaman,restoration,24,10,14
Rotuluss,stormrage,956,shaman,restoration,24,10,14
Drakahaar,burning-blade,956,shaman,restoration,30,10,20
Shamatto,nemesis,955,shaman,restoration,30,10,20
Zulwin,hyjal,954,shaman,restoration,18,10,8
Сорнинай,soulflayer,954,shaman,restoration,101,44,57
Shagrax,anubarak,954,shaman,restoration,24,10,14
Myscarface,draenor,953,shaman,restoration,24,10,14
Shockster,sunstrider,952,shaman,restoration,24,11,13
Xadishaman,blackrock,951,shaman,restoration,18,10,8
Shámpain,antonidas,950,shaman,restoration,18,10,8
Cevas,argent-dawn,948,shaman,restoration,18,10,8
Mcdz,blackrock,948,shaman,restoration,24,13,11
Mycameltotem,ravencrest,948,shaman,restoration,32,14,18
Lupinola,kazzak,947,shaman,restoration,18,10,8
Дартарион,gordunni,947,shaman,restoration,38,14,24
Similar,the-maelstrom,946,shaman,restoration,30,12,18
Vermu,silvermoon,940,shaman,restoration,18,10,8
Эрэвия,gordunni,939,shaman,restoration,24,13,11
Chokeonme,blackrock,939,shaman,restoration,108,58,50
Phineaph,theradras,937,shaman,restoration,24,10,14
Тутулиб,howling-fjord,937,shaman,restoration,42,10,32
Skylá,blackrock,936,shaman,restoration,70,30,40
Katwio,hyjal,935,shaman,restoration,32,13,19
Brutalxl,tarren-mill,935,shaman,restoration,30,10,20
Дрфэка,soulflayer,934,shaman,restoration,57,18,39
Mìshä,archimonde,932,shaman,restoration,18,10,8
Earthliving,zuljin,931,shaman,restoration,30,10,20
Bullvai,dun-morogh,929,shaman,restoration,74,34,40
Goldva,outland,928,shaman,restoration,79,42,37
Strikerz,aggra-português,927,shaman,restoration,26,12,14
Shmøn,outland,926,shaman,restoration,20,11,9
Briindead,archimonde,925,shaman,restoration,18,10,8
Schamhaarion,malfurion,924,shaman,restoration,16,11,5
Broner,ravencrest,922,shaman,restoration,124,63,61
Asashi,blackhand,917,shaman,restoration,23,12,11
Poglavica,dragonmaw,917,shaman,restoration,35,10,25
Dasce,sylvanas,916,shaman,restoration,42,16,26
Ntø,ravencrest,912,shaman,restoration,15,11,4
Jabena,draenor,910,shaman,restoration,106,48,58
Wagaluu,ravencrest,908,shaman,restoration,23,10,13
Yeháw,kazzak,906,shaman,restoration,16,12,4
Rooske,draenor,904,shaman,restoration,17,10,7
Kircos,blackrock,904,shaman,restoration,27,11,16
Милыйдорогой,soulflayer,904,shaman,restoration,38,14,24
Shehullk,ravencrest,903,shaman,restoration,21,11,10
Suculenta,zuljin,902,shaman,restoration,47,22,25
Ninfómano,sanguino,901,shaman,restoration,36,10,26
Georgianaa,skullcrusher,900,shaman,restoration,84,40,44
Büffler,thrall,900,shaman,restoration,55,21,34
Nexolok,alleria,899,shaman,restoration,60,32,28
Алимика,deathguard,899,shaman,restoration,30,15,15
Thunderberg,antonidas,896,shaman,restoration,30,12,18
Notlinus,argent-dawn,895,shaman,restoration,14,10,4
Derbedigger,blackmoore,895,shaman,restoration,21,11,10
Мке,howling-fjord,894,shaman,restoration,35,14,21
Рёнтар,howling-fjord,893,shaman,restoration,50,22,28
Ухмылк,azuregos,892,shaman,restoration,201,106,95
Ominouslove,twisting-nether,887,shaman,restoration,113,52,61
Muhsketier,wrathbringer,887,shaman,restoration,89,35,54
Vukroth,argent-dawn,879,shaman,restoration,72,34,38
Hañìaránì,draenor,877,shaman,restoration,15,11,4
Shàwyn,sylvanas,876,shaman,restoration,23,10,13
Fashess,sunstrider,875,shaman,restoration,18,10,8
Zeidek,nemesis,873,shaman,restoration,84,43,41
Gerlo,thrall,868,shaman,restoration,36,15,21
Shiliwhip,the-maelstrom,864,shaman,restoration,12,9,3
Kilnius,archimonde,864,shaman,restoration,12,9,3
Coldain,zuljin,864,shaman,restoration,12,9,3
Enviø,sylvanas,864,shaman,restoration,12,9,3
Defonceboby,archimonde,864,shaman,restoration,18,9,9
Shounx,hyjal,864,shaman,restoration,18,9,9
Metamorflord,ravencrest,864,shaman,restoration,18,9,9
Феанорситх,gordunni,864,shaman,restoration,18,9,9
Zergonk,twisting-nether,864,shaman,restoration,18,9,9
Raintlordx,twisting-nether,864,shaman,restoration,18,9,9
Oningodx,drakthul,864,shaman,restoration,24,9,15
Drakamaa,ravencrest,864,shaman,restoration,24,9,15
Ethixx,outland,863,shaman,restoration,12,9,3
Gorrissen,sylvanas,863,shaman,restoration,12,9,3
Schludri,kult-der-verdammten,863,shaman,restoration,18,9,9
Bobaléh,ravencrest,863,shaman,restoration,18,9,9
Drlovkexgodx,stormscale,863,shaman,restoration,18,9,9
Давняя,grom,863,shaman,restoration,18,9,9
Nùggets,garona,863,shaman,restoration,18,9,9
Fupx,the-maelstrom,863,shaman,restoration,18,9,9
Ruffin,stormscale,863,shaman,restoration,24,9,15
Thanasiss,kazzak,863,shaman,restoration,24,9,15
Adzkímo,tarren-mill,863,shaman,restoration,24,9,15
Zyphiz,twisting-nether,863,shaman,restoration,24,9,15
Loktarogar,sunstrider,863,shaman,restoration,24,9,15
Naphe,ysondre,863,shaman,restoration,30,9,21
Frecky,blackhand,862,shaman,restoration,12,9,3
Бронепароход,soulflayer,862,shaman,restoration,12,9,3
Lillkrutarn,tarren-mill,862,shaman,restoration,12,9,3
Aredin,ysera,862,shaman,restoration,12,9,3
Spammail,argent-dawn,862,shaman,restoration,12,9,3
Kaffekask,stormscale,862,shaman,restoration,18,9,9
Алтезка,blackscar,862,shaman,restoration,18,9,9
Электро,thermaplugg,862,shaman,restoration,18,9,9
Onionz,stormreaver,862,shaman,restoration,18,9,9
Pprx,tarren-mill,862,shaman,restoration,24,9,15
Yánux,aegwynn,861,shaman,restoration,12,9,3
Эндипёсель,ashenvale,861,shaman,restoration,12,9,3
Shamanopaf,tarren-mill,861,shaman,restoration,18,9,9
Matsudah,ragnaros,861,shaman,restoration,18,9,9
Zippidizap,ulduar,861,shaman,restoration,24,9,15
Boljin,conseil-des-ombres,861,shaman,restoration,24,9,15
Amu,ravencrest,860,shaman,restoration,18,9,9
Cristhor,nemesis,859,shaman,restoration,18,9,9
Kosur,kazzak,859,shaman,restoration,18,9,9
Zyrou,arthas,859,shaman,restoration,18,9,9
Schläck,outland,859,shaman,restoration,24,9,15
Коляхекс,gordunni,859,shaman,restoration,24,9,15
Sunsham,illidan,858,shaman,restoration,18,9,9
Randomshamx,ravencrest,857,shaman,restoration,27,11,16
Bandyy,magtheridon,857,shaman,restoration,24,9,15
Xavií,blackmoore,857,shaman,restoration,29,9,20
Thurgaden,nemesis,856,shaman,restoration,12,9,3
Foringal,thunderhorn,855,shaman,restoration,18,9,9
Gleggy,turalyon,854,shaman,restoration,12,9,3
Aiuto,archimonde,854,shaman,restoration,18,9,9
Tidors,burning-legion,854,shaman,restoration,18,9,9
Killhorn,malganis,853,shaman,restoration,48,20,28
Boombaalasch,blackmoore,853,shaman,restoration,58,23,35
Actic,garrosh,852,shaman,restoration,30,9,21
Joniks,stormscale,852,shaman,restoration,54,15,39
Isak,ravencrest,852,shaman,restoration,36,9,27
Baarona,neptulon,851,shaman,restoration,18,9,9
Picklechris,tarren-mill,851,shaman,restoration,24,10,14
Notwhoheals,executus,851,shaman,restoration,24,9,15
Psyforce,argent-dawn,850,shaman,restoration,12,9,3
Bubidilasso,twisting-nether,850,shaman,restoration,30,9,21
Thce,burning-legion,848,shaman,restoration,30,14,16
Deviantsham,tarren-mill,848,shaman,restoration,109,38,71
Walgon,blackhand,848,shaman,restoration,36,9,27
Darkstrong,alakir,842,shaman,restoration,18,9,9
Yàra,throkferoth,840,shaman,restoration,94,44,50
Duodin,defias-brotherhood,839,shaman,restoration,18,9,9
Cellae,guldan,836,shaman,restoration,192,88,104
Psychobarbie,outland,835,shaman,restoration,28,12,16
Skeltar,gilneas,834,shaman,restoration,185,71,114
Майайс,gordunni,831,shaman,restoration,17,9,8
Quigon,burning-legion,831,shaman,restoration,54,25,29
Jeqs,twisting-nether,830,shaman,restoration,14,10,4
Soramat,aegwynn,830,shaman,restoration,23,9,14
Stormzug,twisting-nether,826,shaman,restoration,20,10,10
Madrävëngodx,ragnaros,826,shaman,restoration,29,9,20
Kebandar,stormscale,825,shaman,restoration,48,20,28
Pfannakuacha,alleria,824,shaman,restoration,14,10,4
Foxfyre,tarren-mill,823,shaman,restoration,29,12,17
Hittheswitch,archimonde,822,shaman,restoration,44,10,34
Marranota,cthun,821,shaman,restoration,21,10,11
Killeras,deathwing,819,shaman,restoration,66,29,37
Lk,twilights-hammer,815,shaman,restoration,15,10,5
Kuubskii,ravencrest,815,shaman,restoration,17,9,8
Aspên,archimonde,815,shaman,restoration,17,9,8
Tolatide,blackhand,815,shaman,restoration,21,9,12
Télapou,ragnaros,813,shaman,restoration,17,9,8
Шаманчонушка,thermaplugg,810,shaman,restoration,62,24,38
Crixuss,argent-dawn,809,shaman,restoration,17,9,8
Джагрум,greymane,809,shaman,restoration,39,9,30
Nonstrum,ragnaros,808,shaman,restoration,23,10,13
Neejtjak,ravencrest,808,shaman,restoration,25,10,15
Nøxylol,veklor,805,shaman,restoration,28,10,18
Jecastyle,sanguino,803,shaman,restoration,20,10,10
Jojos,eredar,799,shaman,restoration,16,9,7
Thym,argent-dawn,797,shaman,restoration,153,58,95
Prem,turalyon,795,shaman,restoration,119,40,79
Smugleaf,frostmane,793,shaman,restoration,30,9,21
Teoaka,haomarush,791,shaman,restoration,30,12,18
Isìs,norgannon,790,shaman,restoration,166,67,99
Greenguard,argent-dawn,787,shaman,restoration,94,31,63
Waskoelement,archimonde,786,shaman,restoration,58,31,27
Abøriginal,kazzak,783,shaman,restoration,11,9,2
Penumbrah,kazzak,783,shaman,restoration,162,54,108
Lillitthya,elune,779,shaman,restoration,80,33,47
Ongedierte,tarren-mill,774,shaman,restoration,18,10,8
Hugzy,argent-dawn,773,shaman,restoration,35,9,26
Alorrii,tarren-mill,768,shaman,restoration,12,8,4
Yacuzwerg,blackrock,768,shaman,restoration,12,8,4
Vibesham,outland,768,shaman,restoration,12,8,4
Ivnashaman,drakthul,768,shaman,restoration,12,8,4
Onrègleçanow,ravencrest,768,shaman,restoration,12,8,4
Vulthog,draenor,768,shaman,restoration,12,8,4
Toteemikylpy,argent-dawn,768,shaman,restoration,12,8,4
Roglam,blackmoore,768,shaman,restoration,12,8,4
Vërÿßåðxd,silvermoon,768,shaman,restoration,12,8,4
Leykosh,ravencrest,768,shaman,restoration,12,8,4
Irônmaxx,antonidas,768,shaman,restoration,18,8,10
Djsheargødx,twisting-nether,768,shaman,restoration,18,8,10
Linkxz,sylvanas,768,shaman,restoration,18,8,10
Mèåtbåll,ravencrest,768,shaman,restoration,18,8,10
Экспл,ashenvale,768,shaman,restoration,18,8,10
Dosenöffner,gorgonnash,768,shaman,restoration,21,9,12
Taste,cthun,768,shaman,restoration,24,8,16
Pickett,tarren-mill,768,shaman,restoration,24,8,16
Pooga,archimonde,768,shaman,restoration,30,8,22
Berasham,dalaran,767,shaman,restoration,12,8,4
Khraajsy,sylvanas,767,shaman,restoration,12,8,4
Karezza,azjolnerub,767,shaman,restoration,12,8,4
Айскримтрак,gordunni,767,shaman,restoration,12,8,4
Хъюстэн,gordunni,767,shaman,restoration,12,8,4
Brimley,emerald-dream,767,shaman,restoration,12,8,4
Mentaldead,draenor,767,shaman,restoration,12,8,4
Dapawz,defias-brotherhood,767,shaman,restoration,12,8,4
Aliatës,sanguino,767,shaman,restoration,18,8,10
Kemmi,dalaran,767,shaman,restoration,18,8,10
Hàrdstûkgødx,uldaman,767,shaman,restoration,18,8,10
Herru,blackrock,767,shaman,restoration,18,8,10
Shasto,draenor,767,shaman,restoration,18,8,10
Zappyhog,turalyon,767,shaman,restoration,18,8,10
Inyra,eredar,767,shaman,restoration,18,8,10
Quinlàn,ravencrest,767,shaman,restoration,18,8,10
Gruggosh,argent-dawn,766,shaman,restoration,12,8,4
Джоукх,howling-fjord,766,shaman,restoration,12,8,4
Robbie,dentarg,766,shaman,restoration,12,8,4
Mynutz,outland,766,shaman,restoration,12,8,4
Finetime,blackmoore,766,shaman,restoration,12,8,4
Pakasschami,frostwolf,765,shaman,restoration,18,8,10
Mvrik,argent-dawn,765,shaman,restoration,18,8,10
Indennacken,blackmoore,765,shaman,restoration,24,8,16
Shalisazzar,dentarg,765,shaman,restoration,30,8,22
Tarkxi,sylvanas,764,shaman,restoration,18,8,10
Shamantaa,draenor,764,shaman,restoration,18,8,10
Hurik,sylvanas,764,shaman,restoration,24,8,16
Турелька,blackscar,764,shaman,restoration,24,8,16
Punjabi,nemesis,764,shaman,restoration,24,8,16
Laftershamy,cthun,764,shaman,restoration,30,8,22
Raphaeey,blackrock,764,shaman,restoration,31,8,23
Gundersen,stormscale,763,shaman,restoration,18,8,10
Karash,twisting-nether,763,shaman,restoration,18,8,10
Eveeöe,outland,763,shaman,restoration,18,8,10
Mcslammer,kazzak,763,shaman,restoration,24,8,16
Рангурэн,fordragon,762,shaman,restoration,18,8,10
Jogabonita,kaelthas,761,shaman,restoration,18,8,10
Щцц,soulflayer,761,shaman,restoration,30,8,22
Aguitas,sanguino,760,shaman,restoration,16,9,7
Eaglhex,silvermoon,760,shaman,restoration,24,8,16
Prettyhooves,alleria,755,shaman,restoration,41,14,27
Bolski,stormreaver,755,shaman,restoration,24,8,16
Доргорн,grom,754,shaman,restoration,17,9,8
Thrallallero,pozzo-delleternità,753,shaman,restoration,18,8,10
Sakoon,twisting-nether,751,shaman,restoration,18,8,10
Øzy,sanguino,749,shaman,restoration,14,8,6
Amarök,nerzhul,749,shaman,restoration,18,8,10
Maab,arathor,749,shaman,restoration,23,8,15
Avajana,silvermoon,749,shaman,restoration,24,8,16
Дарьюша,fordragon,744,shaman,restoration,12,8,4
Deesbi,khaz-modan,735,shaman,restoration,10,9,1
Jakesmistake,stormscale,727,shaman,restoration,17,11,6
Muntark,thrall,719,shaman,restoration,27,8,19
Агмень,howling-fjord,717,shaman,restoration,39,8,31
Katzubushi,pozzo-delleternità,715,shaman,restoration,38,11,27
Icanbreathe,ravencrest,714,shaman,restoration,21,9,12
Bigfatjay,stormscale,713,shaman,restoration,21,9,12
Stolen,skullcrusher,712,shaman,restoration,15,9,6
Спиритл,blackscar,712,shaman,restoration,21,9,12
Lauree,terokkar,710,shaman,restoration,23,9,14
Kamichami,sanguino,707,shaman,restoration,27,9,18
Rayitoss,tyrande,707,shaman,restoration,31,9,22
Карбонатрикс,soulflayer,703,shaman,restoration,16,8,8
Thangog,ragnaros,703,shaman,restoration,16,8,8
Arigolds,twilights-hammer,703,shaman,restoration,17,8,9
Тотемвуман,soulflayer,703,shaman,restoration,22,8,14
Bobmcpleb,kazzak,700,shaman,restoration,20,8,12
Turbohulk,blackrock,688,shaman,restoration,13,8,5
Noriqt,kazzak,688,shaman,restoration,13,8,5
Cumulichan,ragnaros,687,shaman,restoration,11,8,3
Ayesapik,dalaran,675,shaman,restoration,102,49,53
Vaîjîn,aegwynn,672,shaman,restoration,12,7,5
Natblidaa,silvermoon,672,shaman,restoration,12,7,5
Namestaljka,stormscale,672,shaman,restoration,12,7,5
Snogane,ravencrest,672,shaman,restoration,12,7,5
Tracademics,stormscale,672,shaman,restoration,12,7,5
Popopopopor,archimonde,672,shaman,restoration,12,7,5
Spiirit,tarren-mill,672,shaman,restoration,12,7,5
Blackbeardxd,stormscale,672,shaman,restoration,12,7,5
Shamounf,archimonde,672,shaman,restoration,12,7,5
Winshear,twisting-nether,672,shaman,restoration,12,7,5
Hagridheals,silvermoon,672,shaman,restoration,12,7,5
Qicholardon,archimonde,672,shaman,restoration,12,7,5
Тимтярра,gordunni,672,shaman,restoration,12,7,5
Shonbelly,argent-dawn,672,shaman,restoration,12,7,5
Skitshamanx,draenor,672,shaman,restoration,12,7,5
Iamshamon,kazzak,672,shaman,restoration,12,7,5
Sunysham,darkmoon-faire,672,shaman,restoration,12,7,5
Nansmasher,draenor,672,shaman,restoration,12,7,5
Эксициум,soulflayer,672,shaman,restoration,12,7,5
Lêêmo,outland,672,shaman,restoration,12,7,5
Sümsük,twisting-nether,672,shaman,restoration,12,7,5
Nezug,ysondre,672,shaman,restoration,12,7,5
Vann,the-shatar,672,shaman,restoration,12,7,5
Tjocknacke,tarren-mill,672,shaman,restoration,12,7,5
Dorxt,chogall,672,shaman,restoration,12,7,5
Weandras,draenor,672,shaman,restoration,12,7,5
Zulylol,outland,672,shaman,restoration,18,7,11
Mílénâqt,aegwynn,672,shaman,restoration,18,7,11
Agrok,jaedenar,672,shaman,restoration,18,7,11
Horiq,kazzak,672,shaman,restoration,18,7,11
Reinssay,ysondre,672,shaman,restoration,18,7,11
Idroptotems,drakthul,672,shaman,restoration,18,7,11
Sháme,azjolnerub,672,shaman,restoration,18,7,11
Horcsog,ravencrest,672,shaman,restoration,18,7,11
Nosno,ravencrest,672,shaman,restoration,18,7,11
Papskalla,ravencrest,672,shaman,restoration,18,7,11
Reticlol,kazzak,672,shaman,restoration,18,7,11
Крэйвхх,howling-fjord,672,shaman,restoration,18,7,11
Raiden,aegwynn,672,shaman,restoration,18,7,11
Horkxina,frostmourne,672,shaman,restoration,18,7,11
Kimsshaman,ragnaros,672,shaman,restoration,18,7,11
Çøynx,aegwynn,672,shaman,restoration,20,7,13
Totemchief,stormscale,672,shaman,restoration,24,7,17
Otuschsham,blackmoore,672,shaman,restoration,24,7,17
Cragouz,archimonde,672,shaman,restoration,24,7,17
Theodorix,silvermoon,672,shaman,restoration,24,7,17
Insînîus,archimonde,672,shaman,restoration,30,7,23
Starpior,stormscale,672,shaman,restoration,30,7,23
Cølo,ravencrest,672,shaman,restoration,30,7,23
Elshimano,ravencrest,671,shaman,restoration,12,7,5
Ayusham,ravencrest,671,shaman,restoration,12,7,5
Gimzx,magtheridon,671,shaman,restoration,12,7,5
Restocow,thrall,671,shaman,restoration,12,7,5
Sshrredderr,the-maelstrom,671,shaman,restoration,12,7,5
Frozenshield,ravencrest,671,shaman,restoration,12,7,5
Shamhaara,blackrock,671,shaman,restoration,12,7,5
Bbc,dalaran,671,shaman,restoration,12,7,5
Grosgourdin,la-croisade-écarlate,671,shaman,restoration,12,7,5
Dominatorix,xavius,671,shaman,restoration,13,7,6
Brocksamson,dentarg,671,shaman,restoration,14,7,7
Deadshammyx,ravencrest,671,shaman,restoration,18,7,11
Элементаликс,ashenvale,671,shaman,restoration,18,7,11
Jedsham,stormscale,671,shaman,restoration,18,7,11
Nïshä,twisting-nether,671,shaman,restoration,18,7,11
Shâdôwlîght,antonidas,671,shaman,restoration,18,7,11
Rampenissen,azjolnerub,671,shaman,restoration,18,7,11
Skullføck,argent-dawn,671,shaman,restoration,21,8,13
Eaglesteaam,silvermoon,671,shaman,restoration,20,7,13
Deevill,grim-batol,671,shaman,restoration,24,7,17
Unleashme,sylvanas,671,shaman,restoration,24,7,17
Mòónz,kazzak,671,shaman,restoration,24,7,17
Lamarrus,malganis,671,shaman,restoration,24,7,17
Dreadness,runetotem,671,shaman,restoration,24,7,17
Инкарнатор,deathguard,670,shaman,restoration,12,7,5
Стамма,borean-tundra,670,shaman,restoration,12,7,5
Plùx,antonidas,670,shaman,restoration,12,7,5
Jollyhip,stormscale,670,shaman,restoration,12,7,5
Bjorhuk,ravencrest,670,shaman,restoration,12,7,5
Totemeistér,silvermoon,670,shaman,restoration,12,7,5
Nonie,arthas,670,shaman,restoration,18,7,11
Archsha,burning-legion,670,shaman,restoration,18,7,11
Ampz,boulderfist,670,shaman,restoration,18,7,11
Irachal,rexxar,670,shaman,restoration,18,7,11
Styllz,uldaman,670,shaman,restoration,24,7,17
Aluweckerl,eredar,670,shaman,restoration,24,7,17
Woew,tarren-mill,669,shaman,restoration,12,7,5
Nevertilt,argent-dawn,669,shaman,restoration,12,7,5
Xabat,nemesis,669,shaman,restoration,12,7,5
Simph,uldum,669,shaman,restoration,24,7,17
Dantheshaman,draenor,669,shaman,restoration,30,7,23
Gelaende,thrall,668,shaman,restoration,18,7,11
Sorontar,twisting-nether,668,shaman,restoration,18,7,11
Weho,kazzak,668,shaman,restoration,18,7,11
Bloggurt,tarren-mill,668,shaman,restoration,18,7,11
Raikage,elune,668,shaman,restoration,18,7,11
Iebaznis,draenor,667,shaman,restoration,12,7,5
Qoshi,archimonde,667,shaman,restoration,18,7,11
Millacki,blackrock,667,shaman,restoration,18,7,11
Mørwayn,ysondre,667,shaman,restoration,24,7,17
Omeletteoeuf,silvermoon,666,shaman,restoration,12,7,5
Zelgore,frostwhisper,666,shaman,restoration,18,7,11
Darthshox,outland,665,shaman,restoration,22,8,14
Ftsckpower,blackhand,665,shaman,restoration,24,7,17
Windvortex,nemesis,664,shaman,restoration,12,7,5
Barean,ravencrest,664,shaman,restoration,24,7,17
Emansh,twisting-nether,664,shaman,restoration,24,7,17
Raketenrieke,blackrock,659,shaman,restoration,25,12,13
Bogmagnus,the-maelstrom,659,shaman,restoration,39,13,26
Mambokïngs,sanguino,658,shaman,restoration,26,10,16
Draredemolen,archimonde,655,shaman,restoration,17,7,10
Lausimhaus,blackrock,649,shaman,restoration,22,10,12
Nojiko,blackrock,638,shaman,restoration,17,7,10
Altesh,die-todeskrallen,634,shaman,restoration,16,7,9
Drakhrar,pozzo-delleternità,633,shaman,restoration,14,8,6
Habibe,the-maelstrom,623,shaman,restoration,15,8,7
Basz,aegwynn,623,shaman,restoration,17,7,10
Disharmony,outland,618,shaman,restoration,12,8,4
Енотикусь,soulflayer,618,shaman,restoration,12,8,4
Chîllkrötè,blackmoore,618,shaman,restoration,12,8,4
Cgjúng,ravencrest,618,shaman,restoration,16,8,8
Chimp,lightnings-blade,617,shaman,restoration,17,9,8
Randomuwu,stormscale,616,shaman,restoration,22,8,14
Soraiyaqt,kult-der-verdammten,607,shaman,restoration,11,7,4
Martiinii,dragonmaw,606,shaman,restoration,11,7,4
Couldar,stormscale,606,shaman,restoration,19,7,12
Bullthunder,alakir,601,shaman,restoration,20,7,13
Whaowhao,nemesis,600,shaman,restoration,16,7,9
Nacenty,eredar,587,shaman,restoration,13,7,6
Zhead,aggramar,584,shaman,restoration,16,9,7
Oldveteran,eredar,576,shaman,restoration,6,6,0
Øxxgødx,blackrock,576,shaman,restoration,6,6,0
Lazarevich,thrall,576,shaman,restoration,6,6,0
Imdarat,hyjal,576,shaman,restoration,6,6,0
Lerra,zirkel-des-cenarius,576,shaman,restoration,6,6,0
Roycee,ragnaros,576,shaman,restoration,12,6,6
Lmnn,ravencrest,576,shaman,restoration,12,6,6
Артэкриошам,soulflayer,576,shaman,restoration,12,6,6
Povecategla,grim-batol,576,shaman,restoration,12,6,6
Zaelyz,archimonde,576,shaman,restoration,12,6,6
Neverqueue,defias-brotherhood,576,shaman,restoration,12,6,6
Gamixyx,magtheridon,576,shaman,restoration,12,6,6
Sunnyisup,sylvanas,576,shaman,restoration,12,6,6
Kameltotem,balnazzar,576,shaman,restoration,12,6,6
Grathril,aegwynn,576,shaman,restoration,12,6,6
Cutzeh,archimonde,576,shaman,restoration,12,6,6
Tebzs,ravencrest,576,shaman,restoration,12,6,6
Lågertha,sanguino,576,shaman,restoration,12,6,6
Oroastbeef,archimonde,576,shaman,restoration,12,6,6
Чиллаут,howling-fjord,576,shaman,restoration,12,6,6
Канамаш,borean-tundra,576,shaman,restoration,12,6,6
Gamixy,magtheridon,576,shaman,restoration,12,6,6
Karthak,malganis,576,shaman,restoration,12,6,6
Lortihalsen,outland,576,shaman,restoration,12,6,6
Hablibubli,kazzak,576,shaman,restoration,12,6,6
Wckdz,chants-éternels,576,shaman,restoration,12,6,6
Juicyy,ravencrest,576,shaman,restoration,12,6,6
Kaluna,outland,576,shaman,restoration,12,6,6
Penatus,outland,576,shaman,restoration,12,6,6
Embodiment,blackrock,576,shaman,restoration,12,6,6
Komodski,kazzak,576,shaman,restoration,12,6,6
Rhêz,kazzak,576,shaman,restoration,12,6,6
Groquick,dalaran,576,shaman,restoration,12,6,6
Graoulelou,hyjal,576,shaman,restoration,12,6,6
Bigdaddyxo,tarren-mill,576,shaman,restoration,12,6,6
Занзазз,ashenvale,576,shaman,restoration,12,6,6
Cardeâ,blackhand,576,shaman,restoration,12,6,6
Khidon,silvermoon,576,shaman,restoration,12,6,6
Goodevening,tarren-mill,576,shaman,restoration,12,6,6
Thatstheswag,blackmoore,576,shaman,restoration,12,6,6
Chudygôdx,drakthul,576,shaman,restoration,12,6,6
Kilninshape,archimonde,576,shaman,restoration,12,6,6
Tusseladden,tarren-mill,576,shaman,restoration,12,6,6
Hamgroof,blackrock,576,shaman,restoration,12,6,6
Lunarsloth,hyjal,576,shaman,restoration,12,6,6
Greenone,stormscale,576,shaman,restoration,12,6,6
Homsin,stormscale,576,shaman,restoration,12,6,6
Хоупосх,gordunni,576,shaman,restoration,12,6,6
Jodel,tarren-mill,576,shaman,restoration,12,6,6
Runbrorun,hyjal,576,shaman,restoration,12,6,6
Chamanox,dalaran,576,shaman,restoration,12,6,6
Contraire,blackrock,576,shaman,restoration,12,6,6
Холинкаалло,deathguard,576,shaman,restoration,12,6,6
Enoughh,the-maelstrom,576,shaman,restoration,12,6,6
Erepmad,ravencrest,576,shaman,restoration,12,6,6
Wintradezki,tarren-mill,576,shaman,restoration,12,6,6
Lvj,blackrock,576,shaman,restoration,12,6,6
Ambuu,kazzak,576,shaman,restoration,12,6,6
Mitica,ravencrest,576,shaman,restoration,34,14,20
Salaithen,alakir,576,shaman,restoration,18,6,12
Mëowth,ragnaros,576,shaman,restoration,18,6,12
Tonnii,tarren-mill,576,shaman,restoration,18,6,12
Guccisham,ravencrest,576,shaman,restoration,18,6,12
Hogmodig,tarren-mill,576,shaman,restoration,18,6,12
Yolzan,kazzak,576,shaman,restoration,18,6,12
Maybeyes,twisting-nether,576,shaman,restoration,18,6,12
Thunda,stormreaver,576,shaman,restoration,18,6,12
Lifestorm,hyjal,576,shaman,restoration,18,6,12
Птеросшам,howling-fjord,576,shaman,restoration,18,6,12
Epawl,kazzak,576,shaman,restoration,18,6,12
Reallygdnewb,silvermoon,576,shaman,restoration,18,6,12
Patsham,wildhammer,576,shaman,restoration,18,6,12
Soyun,frostwhisper,576,shaman,restoration,18,6,12
Happyjuice,silvermoon,576,shaman,restoration,18,6,12
Kioterasham,conseil-des-ombres,576,shaman,restoration,18,6,12
Embèr,silvermoon,576,shaman,restoration,18,6,12
Bowiè,twisting-nether,576,shaman,restoration,24,6,18
Shazefin,twisting-nether,575,shaman,restoration,12,6,6
Sikro,frostwolf,575,shaman,restoration,12,6,6
Lokkum,blackhand,575,shaman,restoration,12,6,6
Qona,emerald-dream,575,shaman,restoration,12,6,6
Karlsensham,stormscale,575,shaman,restoration,12,6,6
Sjearthen,defias-brotherhood,575,shaman,restoration,12,6,6
Grytha,argent-dawn,575,shaman,restoration,12,6,6
Mortly,draenor,575,shaman,restoration,12,6,6
Fatyoe,eredar,575,shaman,restoration,12,6,6
Fapwap,sylvanas,575,shaman,restoration,12,6,6
Hyamala,chamber-of-aspects,575,shaman,restoration,12,6,6
Безрукан,howling-fjord,575,shaman,restoration,12,6,6
Vascodagama,twisting-nether,575,shaman,restoration,12,6,6
Conor,kult-der-verdammten,575,shaman,restoration,12,6,6
Ghoraddu,drakthul,575,shaman,restoration,12,6,6
Flurpz,outland,575,shaman,restoration,12,6,6
Bufi,sanguino,575,shaman,restoration,12,6,6
Brandbombe,frostwolf,575,shaman,restoration,12,6,6
Aesonis,kazzak,575,shaman,restoration,14,6,8
Дохаку,booty-bay,575,shaman,restoration,17,6,11
Aquatusk,twisting-nether,575,shaman,restoration,18,6,12
Celphboss,draenor,575,shaman,restoration,18,6,12
Аскирия,soulflayer,575,shaman,restoration,18,6,12
Bruzzla,kiljaeden,575,shaman,restoration,18,6,12
Kandrox,blackmoore,575,shaman,restoration,18,6,12
Liferqt,nemesis,575,shaman,restoration,18,6,12
Wildos,zuljin,575,shaman,restoration,24,6,18
Archiviert,blackmoore,575,shaman,restoration,24,6,18
Bepinfame,pozzo-delleternità,575,shaman,restoration,30,6,24
Turbokrapka,tarren-mill,574,shaman,restoration,12,6,6
Tidushears,thrall,574,shaman,restoration,12,6,6
Musii,argent-dawn,574,shaman,restoration,18,6,12
Elemsegara,arakarahm,574,shaman,restoration,24,6,18
Dobbi,dethecus,573,shaman,restoration,12,6,6
Muschi,culte-de-la-rive-noire,573,shaman,restoration,16,7,9
Amnistia,ragnaros,573,shaman,restoration,18,6,12
Omnivamp,kazzak,573,shaman,restoration,18,6,12
Shammzy,mannoroth,573,shaman,restoration,24,6,18
Alïsyo,nemesis,570,shaman,restoration,18,6,12
Geishablue,defias-brotherhood,570,shaman,restoration,18,6,12
Ëlfapatakÿ,uldum,569,shaman,restoration,20,11,9
Southpaw,kult-der-verdammten,569,shaman,restoration,18,6,12
Enco,kilrogg,568,shaman,restoration,12,6,6
Bunnîe,kazzak,565,shaman,restoration,18,6,12
Triplezug,archimonde,558,shaman,restoration,11,6,5
Durek,sylvanas,551,shaman,restoration,19,8,11
Грейсаша,howling-fjord,545,shaman,restoration,26,9,17
Professorzap,silvermoon,544,shaman,restoration,10,7,3
Jocãsta,silvermoon,543,shaman,restoration,14,7,7
Divazena,drakthul,542,shaman,restoration,11,6,5
Bierfrisch,ravencrest,542,shaman,restoration,17,6,11
Ekstrakiks,ravencrest,542,shaman,restoration,22,6,16
Cotêaz,thrall,541,shaman,restoration,16,6,10
Gq,auchindoun,541,shaman,restoration,17,6,11
Ghafo,norgannon,540,shaman,restoration,11,6,5
Glóbal,sylvanas,528,shaman,restoration,9,7,2
Zourhia,garona,528,shaman,restoration,9,6,3
Whibbler,ravencrest,528,shaman,restoration,21,7,14
Snublefar,stormscale,527,shaman,restoration,9,7,2
Nockedly,ragnaros,527,shaman,restoration,21,7,14
Surund,die-nachtwache,526,shaman,restoration,15,6,9
Corlysvelary,doomhammer,521,shaman,restoration,26,8,18
Asstroy,sanguino,520,shaman,restoration,16,7,9
Avadokadavra,kazzak,516,shaman,restoration,25,7,18
Luckybeast,ravencrest,515,shaman,restoration,20,7,13
Ntaris,blackmoore,512,shaman,restoration,10,6,4
Mehboul,hyjal,512,shaman,restoration,10,6,4
Purgeer,blackmoore,511,shaman,restoration,11,6,5
Shammster,drakthul,511,shaman,restoration,16,6,10
Ozzlac,thrall,511,shaman,restoration,17,6,11
Xenuz,nemesis,480,shaman,restoration,6,5,1
Myloxxtwo,outland,480,shaman,restoration,6,5,1
Exereon,ravencrest,480,shaman,restoration,6,5,1
Joeexotictv,tarren-mill,480,shaman,restoration,6,5,1
Dastarus,archimonde,480,shaman,restoration,6,5,1
Kontza,argent-dawn,480,shaman,restoration,6,5,1
Meeq,deathwing,480,shaman,restoration,6,5,1
Nøfap,kazzak,480,shaman,restoration,6,5,1
Ranenmuija,outland,480,shaman,restoration,6,5,1
Pierredollar,outland,480,shaman,restoration,6,5,1
Qwauzinator,silvermoon,480,shaman,restoration,6,5,1
Shamsteaks,thrall,480,shaman,restoration,6,5,1
Keiro,burning-blade,480,shaman,restoration,6,5,1
Ub,garona,480,shaman,restoration,6,5,1
Kookaboo,blackrock,480,shaman,restoration,6,5,1
Caliqueños,sanguino,480,shaman,restoration,12,5,7
Medistød,draenor,480,shaman,restoration,12,5,7
Nerowinger,stormscale,480,shaman,restoration,12,5,7
Kempfer,blackrock,480,shaman,restoration,12,5,7
Maïtregïms,archimonde,480,shaman,restoration,12,5,7
Trolldy,outland,480,shaman,restoration,12,5,7
Søljar,draenor,480,shaman,restoration,12,5,7
Daboo,the-venture-co,480,shaman,restoration,12,5,7
Hieronesaa,stormreaver,480,shaman,restoration,12,5,7
Libano,archimonde,480,shaman,restoration,12,5,7
Jakeir,auchindoun,480,shaman,restoration,12,5,7
Vyrá,onyxia,480,shaman,restoration,12,5,7
Ørøçhý,outland,480,shaman,restoration,12,5,7
Darkwaters,archimonde,480,shaman,restoration,12,5,7
Tigo,tarren-mill,480,shaman,restoration,12,5,7
Bloopp,stormscale,480,shaman,restoration,12,5,7
Markboymint,earthen-ring,480,shaman,restoration,12,5,7
Бьерн,deepholm,480,shaman,restoration,12,5,7
Ravenshock,bloodfeather,480,shaman,restoration,12,5,7
Eggshock,ravencrest,480,shaman,restoration,12,5,7
Riptidegodx,archimonde,480,shaman,restoration,12,5,7
Ñx,ravencrest,480,shaman,restoration,12,5,7
Shamania,grim-batol,480,shaman,restoration,12,5,7
Swark,stormscale,480,shaman,restoration,12,5,7
Thyeori,stormscale,480,shaman,restoration,12,5,7
Athankatouch,draenor,480,shaman,restoration,12,5,7
Burrowabuser,nemesis,480,shaman,restoration,12,5,7
Kuisix,sanguino,480,shaman,restoration,12,5,7
Mbx,ravencrest,480,shaman,restoration,12,5,7
Yrikame,dun-modr,480,shaman,restoration,12,5,7
Flùffy,nemesis,480,shaman,restoration,12,5,7
Саулос,howling-fjord,480,shaman,restoration,12,5,7
Nevagonalink,archimonde,480,shaman,restoration,12,5,7
Hesitant,kazzak,480,shaman,restoration,12,5,7
Egor,alakir,480,shaman,restoration,12,5,7
Totemiclol,aegwynn,480,shaman,restoration,12,5,7
Tooltip,tarren-mill,480,shaman,restoration,12,5,7
Ræi,drakthul,480,shaman,restoration,12,5,7
Rdsanityproc,kazzak,480,shaman,restoration,12,5,7
Leafplsx,blackrock,480,shaman,restoration,12,5,7
Tallzie,ravencrest,480,shaman,restoration,12,5,7
Shamarco,nemesis,480,shaman,restoration,12,5,7
Lontarsdaddy,twisting-nether,480,shaman,restoration,12,5,7
Biçi,steamwheedle-cartel,480,shaman,restoration,12,5,7
Zougzy,uldaman,480,shaman,restoration,12,5,7
Qishwilu,ravencrest,480,shaman,restoration,12,5,7
Boltar,die-aldor,480,shaman,restoration,12,5,7
Hexftw,khaz-modan,480,shaman,restoration,12,5,7
Demeri,blackrock,480,shaman,restoration,12,5,7
Windie,drakthul,480,shaman,restoration,12,5,7
Justweirdaf,blackmoore,480,shaman,restoration,12,5,7
Tobbey,tarren-mill,480,shaman,restoration,12,5,7
Stibs,silvermoon,480,shaman,restoration,12,5,7
Roastbeef,blackrock,480,shaman,restoration,12,5,7
Bruvling,stormscale,480,shaman,restoration,12,5,7
Tzhads,stormscale,480,shaman,restoration,12,5,7
Sliiderr,draenor,480,shaman,restoration,12,5,7
Zæus,ragnaros,480,shaman,restoration,12,5,7
Jeffreyson,burning-legion,480,shaman,restoration,12,5,7
Nakertaako,kazzak,480,shaman,restoration,12,5,7
Uanl,stormscale,480,shaman,restoration,12,5,7
Sojee,ysondre,480,shaman,restoration,12,5,7
Kïtten,tarren-mill,480,shaman,restoration,12,5,7
Elepumper,outland,480,shaman,restoration,18,5,13
Orcgasm,draenor,480,shaman,restoration,18,5,13
Peremptor,alleria,480,shaman,restoration,18,5,13
Krayton,tarren-mill,480,shaman,restoration,18,5,13
Korfenal,draenor,480,shaman,restoration,18,5,13
Flokinette,chogall,480,shaman,restoration,18,5,13
Faìnt,stormscale,480,shaman,restoration,18,5,13
Kjumbe,silvermoon,480,shaman,restoration,18,5,13
Swart,hyjal,480,shaman,restoration,18,5,13
Elementalwiz,ravencrest,480,shaman,restoration,18,5,13
Slasket,bloodscalp,480,shaman,restoration,18,5,13
Селфлессх,soulflayer,480,shaman,restoration,18,5,13
Evííl,tarren-mill,480,shaman,restoration,18,5,13
Schamimen,malganis,480,shaman,restoration,18,5,13
Bruho,mazrigos,480,shaman,restoration,18,5,13
Кенниарт,howling-fjord,480,shaman,restoration,18,5,13
ßiggie,garona,480,shaman,restoration,18,5,13
Gurtøg,ysondre,480,shaman,restoration,20,5,15
Nêgan,ravencrest,480,shaman,restoration,22,5,17
Peaksh,stormscale,480,shaman,restoration,24,5,19
Savan,darkspear,480,shaman,restoration,24,5,19
Caters,baelgun,479,shaman,restoration,12,5,7
Róbbàn,agamaggan,479,shaman,restoration,12,5,7
Babyshamy,kazzak,479,shaman,restoration,12,5,7
Donnerbubele,aegwynn,479,shaman,restoration,12,5,7
Joaléine,khaz-modan,479,shaman,restoration,12,5,7
Kyousek,drakthul,479,shaman,restoration,12,5,7
Babyboomz,bronze-dragonflight,479,shaman,restoration,12,5,7
Schamibeton,antonidas,479,shaman,restoration,12,5,7
Sakar,auchindoun,479,shaman,restoration,12,5,7
Hydrototem,archimonde,479,shaman,restoration,12,5,7
Chamasombre,hyjal,479,shaman,restoration,12,5,7
Bloodfist,drakthul,479,shaman,restoration,12,5,7
Scoobsz,thrall,479,shaman,restoration,15,5,10
Autarky,silvermoon,479,shaman,restoration,18,5,13
Deimyan,tarren-mill,478,shaman,restoration,12,5,7
Rebekca,twisting-nether,478,shaman,restoration,18,5,13
Rixxa,stormscale,478,shaman,restoration,18,5,13
Jotuna,argent-dawn,478,shaman,restoration,18,5,13
Зултира,gordunni,477,shaman,restoration,30,5,25
Халн,greymane,476,shaman,restoration,12,5,7
Porch,doomhammer,476,shaman,restoration,12,5,7
Wanryoku,kaelthas,472,shaman,restoration,12,5,7
Shamanarama,sylvanas,463,shaman,restoration,23,5,18
ßasìkz,hyjal,463,shaman,restoration,35,5,30
Tøøpåc,hyjal,462,shaman,restoration,13,6,7
Heothix,outland,447,shaman,restoration,11,5,6
Shinäla,twisting-nether,447,shaman,restoration,11,5,6
Marcöø,argent-dawn,447,shaman,restoration,16,6,10
Diapasøn,kaelthas,446,shaman,restoration,17,5,12
Zysham,silvermoon,445,shaman,restoration,11,5,6
Kortgat,kilrogg,431,shaman,restoration,17,5,12
Shamakerr,tarren-mill,426,shaman,restoration,17,7,10
Äppelpaj,earthen-ring,426,shaman,restoration,15,6,9
Sakulis,ravencrest,415,shaman,restoration,8,5,3
Etabeta,shattered-hand,415,shaman,restoration,8,5,3
Ulrichh,twisting-nether,415,shaman,restoration,8,5,3
Rosox,blackmoore,415,shaman,restoration,14,5,9
Toasterbread,kazzak,384,shaman,restoration,6,4,2
Dräpàrn,sylvanas,384,shaman,restoration,6,4,2
Xinsû,kazzak,384,shaman,restoration,6,4,2
Hamuksha,nerathor,384,shaman,restoration,6,4,2
Berzærker,ravencrest,384,shaman,restoration,6,4,2
Drahka,kazzak,384,shaman,restoration,6,4,2
Shàyâ,ysondre,384,shaman,restoration,6,4,2
Vscx,blackmoore,384,shaman,restoration,6,4,2
Totemtri,thrall,384,shaman,restoration,6,4,2
Imdax,hyjal,384,shaman,restoration,6,4,2
Громкеш,howling-fjord,384,shaman,restoration,6,4,2
Waterboy,tarren-mill,384,shaman,restoration,6,4,2
Porkzzilá,aggra-português,384,shaman,restoration,6,4,2
Амг,booty-bay,384,shaman,restoration,6,4,2
Minisham,drakthul,384,shaman,restoration,6,4,2
Laserra,sylvanas,384,shaman,restoration,6,4,2
Говард,soulflayer,384,shaman,restoration,6,4,2
Görgûtz,illidan,384,shaman,restoration,6,4,2
Sozzesham,kazzak,384,shaman,restoration,6,4,2
Beefblaster,guldan,384,shaman,restoration,6,4,2
Purgelord,tarren-mill,384,shaman,restoration,6,4,2
Gapingass,frostmane,384,shaman,restoration,6,4,2
Kissaru,antonidas,384,shaman,restoration,6,4,2
Salsissimous,azjolnerub,384,shaman,restoration,6,4,2
Chadhealer,thrall,384,shaman,restoration,6,4,2
Johnnysîns,blackhand,384,shaman,restoration,6,4,2
Ravd,outland,384,shaman,restoration,6,4,2
Kundt,dalaran,384,shaman,restoration,6,4,2
Пакни,gordunni,384,shaman,restoration,6,4,2
Happyfart,thrall,384,shaman,restoration,6,4,2
Stormjvj,twisting-nether,384,shaman,restoration,6,4,2
Grimdonut,argent-dawn,384,shaman,restoration,6,4,2
Alexialul,silvermoon,384,shaman,restoration,6,4,2
Фредуизли,howling-fjord,384,shaman,restoration,6,4,2
Yozgatlilan,aegwynn,384,shaman,restoration,6,4,2
Tairuny,nazjatar,384,shaman,restoration,6,4,2
Thrasymachos,silvermoon,384,shaman,restoration,6,4,2
Bluetide,ravencrest,384,shaman,restoration,6,4,2
Pagnishm,tarren-mill,384,shaman,restoration,6,4,2
Dooky,frostwolf,384,shaman,restoration,6,4,2
Konrád,thunderhorn,384,shaman,restoration,6,4,2
Mole,jaedenar,384,shaman,restoration,6,4,2
Ысч,ashenvale,384,shaman,restoration,6,4,2
Thriveqt,nemesis,384,shaman,restoration,6,4,2
Leyliner,blackhand,384,shaman,restoration,6,4,2
Sinrsizakbil,silvermoon,384,shaman,restoration,6,4,2
Chiio,draenor,384,shaman,restoration,6,4,2
Prup,tarren-mill,384,shaman,restoration,6,4,2
Bandulski,twisting-nether,384,shaman,restoration,6,4,2
Рояльстарик,howling-fjord,384,shaman,restoration,9,5,4
Pandatrials,turalyon,384,shaman,restoration,22,8,14
Icecrêam,auchindoun,384,shaman,restoration,11,4,7
Criticalx,eredar,384,shaman,restoration,15,5,10
Vey,hyjal,384,shaman,restoration,12,4,8
Totemcil,silvermoon,384,shaman,restoration,12,4,8
Kerfo,ragnaros,384,shaman,restoration,12,4,8
Sempaihentai,draenor,384,shaman,restoration,12,4,8
Lanze,blackrock,384,shaman,restoration,12,4,8
Tteïl,archimonde,384,shaman,restoration,12,4,8
Shockingfish,grim-batol,384,shaman,restoration,12,4,8
Maluch,burning-legion,384,shaman,restoration,12,4,8
Девлиниум,fordragon,384,shaman,restoration,12,4,8
Энхай,azuregos,384,shaman,restoration,12,4,8
Zídané,antonidas,384,shaman,restoration,12,4,8
Joeashock,ragnaros,384,shaman,restoration,12,4,8
Ранняяпташка,soulflayer,384,shaman,restoration,12,4,8
Gorgath,dunemaul,384,shaman,restoration,12,4,8
Mammyshammy,twisting-nether,384,shaman,restoration,12,4,8
Enkou,blackmoore,384,shaman,restoration,12,4,8
Runeshock,turalyon,384,shaman,restoration,12,4,8
Mystraas,khaz-modan,384,shaman,restoration,12,4,8
Ishin,burning-legion,384,shaman,restoration,12,4,8
Moosavi,kazzak,384,shaman,restoration,12,4,8
Daklickshamy,blackmoore,384,shaman,restoration,12,4,8
Abdegor,burning-legion,384,shaman,restoration,12,4,8
Smahamtwo,stormscale,384,shaman,restoration,12,4,8
Agatons,twisting-nether,384,shaman,restoration,12,4,8
Kashnar,tarren-mill,384,shaman,restoration,12,4,8
Porke,moonglade,384,shaman,restoration,12,4,8
Kelonar,aegwynn,384,shaman,restoration,12,4,8
Lavababe,blackmoore,384,shaman,restoration,12,4,8
Amrik,blackmoore,384,shaman,restoration,12,4,8
Tahrox,blackmoore,384,shaman,restoration,12,4,8
Râpzz,aegwynn,384,shaman,restoration,12,4,8
Serasol,sylvanas,384,shaman,restoration,12,4,8
Staxoman,daggerspine,384,shaman,restoration,12,4,8
Shamdren,outland,384,shaman,restoration,12,4,8
Меготип,deathweaver,384,shaman,restoration,12,4,8
Kuyamii,blackrock,384,shaman,restoration,12,4,8
Saksyl,zuljin,384,shaman,restoration,12,4,8
Proccazu,draenor,384,shaman,restoration,12,4,8
Degoblin,draenor,384,shaman,restoration,12,4,8
Mauî,twisting-nether,384,shaman,restoration,18,4,14
Wtbtoes,ravencrest,384,shaman,restoration,18,4,14
Lxâ,hyjal,384,shaman,restoration,18,4,14
Ohheck,outland,384,shaman,restoration,18,4,14
Stormreach,ragnaros,384,shaman,restoration,18,4,14
Natsukiko,anubarak,384,shaman,restoration,18,4,14
Shøckxy,blackrock,384,shaman,restoration,18,4,14
Taurusham,stormscale,384,shaman,restoration,18,4,14
Blauperle,eredar,384,shaman,restoration,18,4,14
Narache,defias-brotherhood,384,shaman,restoration,18,4,14
Zogthor,hyjal,384,shaman,restoration,18,4,14
Nizty,tarren-mill,384,shaman,restoration,30,4,26
Wioda,silvermoon,383,shaman,restoration,6,4,2
Frosthamer,ragnaros,383,shaman,restoration,6,4,2
Shamaní,sporeggar,383,shaman,restoration,6,4,2
Marnius,ravencrest,383,shaman,restoration,6,4,2
Drizzird,argent-dawn,383,shaman,restoration,12,4,8
Zokah,emeriss,383,shaman,restoration,12,4,8
Arixxë,twisting-nether,383,shaman,restoration,12,4,8
Herdaar,argent-dawn,383,shaman,restoration,12,4,8
Sleyvarian,chamber-of-aspects,383,shaman,restoration,12,4,8
Schamos,kiljaeden,383,shaman,restoration,12,4,8
Cisd,tarren-mill,383,shaman,restoration,12,4,8
Doomkiss,silvermoon,383,shaman,restoration,18,4,14
Shamanet,kazzak,383,shaman,restoration,18,4,14
Ulfuz,silvermoon,383,shaman,restoration,24,4,20
Raiñdrops,silvermoon,382,shaman,restoration,6,4,2
Koko,frostwhisper,382,shaman,restoration,12,4,8
Avatarroku,blackhand,382,shaman,restoration,12,4,8
Slippyjim,azshara,382,shaman,restoration,12,4,8
Fettbrot,garrosh,382,shaman,restoration,24,4,20
Zeiger,minahonda,381,shaman,restoration,24,4,20
Fessel,auchindoun,379,shaman,restoration,12,4,8
Shamtime,aegwynn,371,shaman,restoration,24,7,17
Mikesinatra,tarren-mill,367,shaman,restoration,11,4,7
Pinguman,stormscale,351,shaman,restoration,8,5,3
Zboubii,archimonde,351,shaman,restoration,17,4,13
Grübxxgg,frostmane,335,shaman,restoration,17,4,13
Agatiø,dun-modr,330,shaman,restoration,7,5,2
Antikahraman,blackrock,330,shaman,restoration,8,5,3
Thorkaizen,runetotem,319,shaman,restoration,5,4,1
Schamitwo,twisting-nether,319,shaman,restoration,5,4,1
Murog,dalaran,319,shaman,restoration,8,4,4
ßreoxxi,blackmoore,319,shaman,restoration,15,4,11
Shamoobob,archimonde,288,shaman,restoration,6,3,3
Totemboyuk,tarren-mill,288,shaman,restoration,6,3,3
Crazywitcho,archimonde,288,shaman,restoration,6,3,3
Chainbeef,blackmoore,288,shaman,restoration,6,3,3
Tarzh,dalaran,288,shaman,restoration,6,3,3
Ragnesch,aegwynn,288,shaman,restoration,6,3,3
Бриз,blackscar,288,shaman,restoration,6,3,3
Khâlyne,archimonde,288,shaman,restoration,6,3,3
Nohealtilt,stormscale,288,shaman,restoration,6,3,3
Surge,darksorrow,288,shaman,restoration,6,3,3
Eslu,blackhand,288,shaman,restoration,6,3,3
Prepegahex,blackmoore,288,shaman,restoration,6,3,3
Abalenn,kazzak,288,shaman,restoration,6,3,3
Haract,outland,288,shaman,restoration,6,3,3
Bandiitti,darksorrow,288,shaman,restoration,6,3,3
Ïllïïllïï,shadowsong,288,shaman,restoration,6,3,3
Richtigfies,kazzak,288,shaman,restoration,6,3,3
Whyisitspicy,kazzak,288,shaman,restoration,6,3,3
Oldmanrena,stormscale,288,shaman,restoration,6,3,3
Aùrn,sylvanas,288,shaman,restoration,6,3,3
Majinbeb,hyjal,288,shaman,restoration,6,3,3
Enzain,outland,288,shaman,restoration,6,3,3
Intèrfectá,aegwynn,288,shaman,restoration,6,3,3
Ýípìÿøû,dun-modr,288,shaman,restoration,6,3,3
Draugrinns,tarren-mill,288,shaman,restoration,6,3,3
Ханикс,blackscar,288,shaman,restoration,6,3,3
Calamito,ragnaros,288,shaman,restoration,6,3,3
Dévus,stormscale,288,shaman,restoration,6,3,3
Klösbräda,stormscale,288,shaman,restoration,6,3,3
Shamamamin,argent-dawn,288,shaman,restoration,6,3,3
Stinkyfînger,draenor,288,shaman,restoration,6,3,3
Zapyboye,grim-batol,288,shaman,restoration,6,3,3
Shohmon,silvermoon,288,shaman,restoration,6,3,3
Yarvin,draenor,288,shaman,restoration,6,3,3
Bronin,sylvanas,288,shaman,restoration,6,3,3
Healhooper,hyjal,288,shaman,restoration,6,3,3
Cøkka,hyjal,288,shaman,restoration,6,3,3
Bûttâ,archimonde,288,shaman,restoration,6,3,3
Misstremmers,outland,288,shaman,restoration,6,3,3
Шамкасамка,gordunni,288,shaman,restoration,6,3,3
Rna,ragnaros,288,shaman,restoration,6,3,3
Shimshám,ravencrest,288,shaman,restoration,6,3,3
Vulkân,silvermoon,288,shaman,restoration,6,3,3
Thaemond,draenor,288,shaman,restoration,6,3,3
Baconbaus,stormscale,288,shaman,restoration,6,3,3
Soulsh,die-ewige-wacht,288,shaman,restoration,6,3,3
Rkeev,blackrock,288,shaman,restoration,6,3,3
Tezeret,silvermoon,288,shaman,restoration,6,3,3
Gemexi,kazzak,288,shaman,restoration,6,3,3
Wurrzág,outland,288,shaman,restoration,6,3,3
Lightningrod,ravencrest,288,shaman,restoration,6,3,3
Solotov,bronzebeard,288,shaman,restoration,6,3,3
Bharudor,antonidas,288,shaman,restoration,6,3,3
Tenror,ragnaros,288,shaman,restoration,6,3,3
Vilrath,tarren-mill,288,shaman,restoration,6,3,3
Ticutashaman,argent-dawn,288,shaman,restoration,6,3,3
Shockndawe,kazzak,288,shaman,restoration,6,3,3
Шабыч,deathguard,288,shaman,restoration,6,3,3
Downiesham,kazzak,288,shaman,restoration,6,3,3
Blboz,grim-batol,288,shaman,restoration,6,3,3
Snakeeyéss,kazzak,288,shaman,restoration,6,3,3
Origins,archimonde,288,shaman,restoration,6,3,3
Statikznba,outland,288,shaman,restoration,6,3,3
Jäckö,archimonde,288,shaman,restoration,6,3,3
Goldou,archimonde,288,shaman,restoration,6,3,3
Елемчикх,gordunni,288,shaman,restoration,6,3,3
Ранкодин,soulflayer,288,shaman,restoration,6,3,3
Istedgrill,tarren-mill,288,shaman,restoration,6,3,3
Kalinn,sylvanas,288,shaman,restoration,6,3,3
Вэллкомм,gordunni,288,shaman,restoration,6,3,3
Кхуздуфар,blackscar,288,shaman,restoration,6,3,3
Аалрия,goldrinn,288,shaman,restoration,6,3,3
Diffrinity,tarren-mill,288,shaman,restoration,6,3,3
Votie,tarren-mill,288,shaman,restoration,6,3,3
Kimunamatata,draenor,288,shaman,restoration,6,3,3
Драмкул,soulflayer,288,shaman,restoration,6,3,3
Balúr,thrall,288,shaman,restoration,6,3,3
Видсон,soulflayer,288,shaman,restoration,6,3,3
Horizons,the-maelstrom,288,shaman,restoration,6,3,3
Гарантииный,lich-king,288,shaman,restoration,6,3,3
Nshamanx,sylvanas,288,shaman,restoration,6,3,3
Моралсидней,blackscar,288,shaman,restoration,6,3,3
Svarozyc,azuremyst,288,shaman,restoration,6,3,3
Bingo,tarren-mill,288,shaman,restoration,6,3,3
Jellyg,outland,288,shaman,restoration,11,3,8
Magicflames,draenor,288,shaman,restoration,12,3,9
Zamn,silvermoon,288,shaman,restoration,12,3,9
Carthis,silvermoon,288,shaman,restoration,12,3,9
Schamanskaya,antonidas,288,shaman,restoration,12,3,9
Kiliathsham,silvermoon,288,shaman,restoration,12,3,9
Cpthex,draenor,288,shaman,restoration,12,3,9
Ghanex,tarren-mill,288,shaman,restoration,12,3,9
Nixxy,magtheridon,288,shaman,restoration,12,3,9
Shammyenh,burning-legion,288,shaman,restoration,12,3,9
Thísisrestø,sanguino,288,shaman,restoration,12,3,9
Flameshock,area-52,288,shaman,restoration,12,3,9
Shamgott,silvermoon,288,shaman,restoration,12,3,9
Billburr,aegwynn,288,shaman,restoration,12,3,9
Shamshady,kazzak,288,shaman,restoration,12,3,9
Myks,sylvanas,288,shaman,restoration,12,3,9
Muckerg,kazzak,288,shaman,restoration,12,3,9
Foxhug,kazzak,288,shaman,restoration,12,3,9
Zronk,blackhand,288,shaman,restoration,12,3,9
Mahoni,malganis,288,shaman,restoration,12,3,9
Бэкдафакапп,blackscar,288,shaman,restoration,12,3,9
Ríleyx,twisting-nether,288,shaman,restoration,12,3,9
Kuzsham,archimonde,288,shaman,restoration,12,3,9
Афтршок,soulflayer,288,shaman,restoration,12,3,9
Noxl,gorgonnash,288,shaman,restoration,12,3,9
Rennji,argent-dawn,288,shaman,restoration,12,3,9
Ulchabhán,draenor,288,shaman,restoration,12,3,9
Geifmeat,kazzak,288,shaman,restoration,12,3,9
Huibäm,eredar,288,shaman,restoration,12,3,9
Thrallotido,sanguino,288,shaman,restoration,12,3,9
Keb,gorgonnash,288,shaman,restoration,12,3,9
Thorsteinar,kazzak,288,shaman,restoration,12,3,9
Scharmany,blackhand,288,shaman,restoration,12,3,9
Hagelbrakan,stormscale,288,shaman,restoration,12,3,9
Tropvieux,dalaran,288,shaman,restoration,12,3,9
Yukmôuth,stormscale,288,shaman,restoration,13,3,10
Nynuken,silvermoon,288,shaman,restoration,18,3,15
Mitochondria,drakthul,288,shaman,restoration,18,3,15
Shankka,ragnaros,288,shaman,restoration,18,3,15
Oggyoggyoggy,outland,288,shaman,restoration,18,3,15
Dumbasha,ravencrest,288,shaman,restoration,18,3,15
Shaminista,ravencrest,288,shaman,restoration,24,3,21
Drogskull,sanguino,287,shaman,restoration,6,3,3
Rbghêâl,blackrock,287,shaman,restoration,18,3,15
Präsi,die-aldor,287,shaman,restoration,18,3,15
Leftand,arathor,287,shaman,restoration,18,3,15
Hulkogank,marécage-de-zangar,285,shaman,restoration,12,3,9
Янешаманка,goldrinn,285,shaman,restoration,12,3,9
Mimsy,hyjal,285,shaman,restoration,12,3,9
Dxtreame,outland,276,shaman,restoration,19,6,13
Shâm,kazzak,271,shaman,restoration,11,3,8
Calmlizard,ragnaros,256,shaman,restoration,10,3,7
Localicious,ragnaros,255,shaman,restoration,11,3,8
Crazypurgeqt,arathor,255,shaman,restoration,17,3,14
Yang,der-rat-von-dalaran,240,shaman,restoration,9,4,5
Myndro,varimathras,239,shaman,restoration,5,3,2
Silden,thrall,234,shaman,restoration,10,5,5
Æxs,archimonde,234,shaman,restoration,8,4,4
Yukîmøn,hyjal,234,shaman,restoration,11,4,7
Guccishadezz,blackmoore,234,shaman,restoration,17,5,12
Ikó,kazzak,234,shaman,restoration,22,6,16
Drøgøs,dun-modr,234,shaman,restoration,18,4,14
Lilmac,defias-brotherhood,192,shaman,restoration,4,3,1
Фарраон,deathguard,192,shaman,restoration,10,4,6
Kàji,ravencrest,192,shaman,restoration,6,2,4
Cetegusx,ravencrest,192,shaman,restoration,6,2,4
Брбртолетчик,soulflayer,192,shaman,restoration,6,2,4
Nassîî,blackhand,192,shaman,restoration,6,2,4
Jsham,blackmoore,192,shaman,restoration,6,2,4
Wahya,stormscale,192,shaman,restoration,6,2,4
Okrall,twisting-nether,192,shaman,restoration,6,2,4
Nopurge,thrall,192,shaman,restoration,6,2,4
Wåe,outland,192,shaman,restoration,6,2,4
Pip,outland,192,shaman,restoration,6,2,4
Agorasiya,frostwolf,192,shaman,restoration,6,2,4
Colonoscoper,ravencrest,192,shaman,restoration,6,2,4
Chêlëx,silvermoon,192,shaman,restoration,6,2,4
Voodude,blackrock,192,shaman,restoration,6,2,4
Abordoga,twisting-nether,192,shaman,restoration,6,2,4
Урахарочка,soulflayer,192,shaman,restoration,6,2,4
Schamike,tichondrius,192,shaman,restoration,6,2,4
Bumbummann,blackmoore,192,shaman,restoration,6,2,4
Trillebelly,outland,192,shaman,restoration,6,2,4
Aylíne,hyjal,192,shaman,restoration,6,2,4
Nainpulsïf,hyjal,192,shaman,restoration,6,2,4
Демианна,eversong,192,shaman,restoration,6,2,4
Ludiböris,kazzak,192,shaman,restoration,6,2,4
Saymynamee,ragnaros,192,shaman,restoration,6,2,4
Sëídhr,arathi,192,shaman,restoration,6,2,4
Sonii,outland,192,shaman,restoration,6,2,4
Jacquisham,archimonde,192,shaman,restoration,6,2,4
Mikhey,archimonde,192,shaman,restoration,6,2,4
Shalolx,twisting-nether,192,shaman,restoration,6,2,4
Chaac,bloodscalp,192,shaman,restoration,6,2,4
Pumanii,silvermoon,192,shaman,restoration,6,2,4
Ünnä,sanguino,192,shaman,restoration,6,2,4
Фикстар,soulflayer,192,shaman,restoration,6,2,4
Cynmaticsx,kargath,192,shaman,restoration,6,2,4
Ráekwon,frostmourne,192,shaman,restoration,6,2,4
Doflamingo,aszune,192,shaman,restoration,6,2,4
Джейджона,soulflayer,192,shaman,restoration,6,2,4
Idropwftotem,twilights-hammer,192,shaman,restoration,6,2,4
Oladoda,archimonde,192,shaman,restoration,6,2,4
Olmaz,ravencrest,192,shaman,restoration,6,2,4
Marjorie,archimonde,192,shaman,restoration,6,2,4
Pebble,blackrock,192,shaman,restoration,6,2,4
Mordshamanx,draenor,192,shaman,restoration,6,2,4
Sablolix,ravencrest,192,shaman,restoration,6,2,4
Hapkin,defias-brotherhood,192,shaman,restoration,6,2,4
Kärmá,lightbringer,192,shaman,restoration,6,2,4
Lexus,nordrassil,192,shaman,restoration,6,2,4
Basegrandpa,ravencrest,192,shaman,restoration,6,2,4
Khayac,ravencrest,192,shaman,restoration,6,2,4
Cyklopx,ravencrest,192,shaman,restoration,6,2,4
Nutqt,archimonde,192,shaman,restoration,6,2,4
Anteja,kazzak,192,shaman,restoration,6,2,4
Bavalurst,doomhammer,192,shaman,restoration,6,2,4
Reverse,xavius,192,shaman,restoration,6,2,4
Sàs,zuljin,192,shaman,restoration,6,2,4
Imbahlink,draenor,192,shaman,restoration,6,2,4
Chatbanned,blackmoore,192,shaman,restoration,6,2,4
Smorclelx,khadgar,192,shaman,restoration,6,2,4
Bram,aggra-português,192,shaman,restoration,6,2,4
Nuarishaman,kazzak,192,shaman,restoration,6,2,4
Renátosz,ragnaros,192,shaman,restoration,6,2,4
Totemino,silvermoon,192,shaman,restoration,6,2,4
Berascendz,argent-dawn,192,shaman,restoration,6,2,4
Hìrnfrost,blackrock,192,shaman,restoration,6,2,4
Отхо,deathguard,192,shaman,restoration,6,2,4
Kikbokser,kazzak,192,shaman,restoration,6,2,4
Marrondevil,blackhand,192,shaman,restoration,6,2,4
Lêss,ysondre,192,shaman,restoration,6,2,4
Sanxon,blackrock,192,shaman,restoration,6,2,4
Rihi,twisting-nether,192,shaman,restoration,6,2,4
Hexius,drakthul,192,shaman,restoration,6,2,4
Kossborax,blackhand,192,shaman,restoration,6,2,4
Elektrikci,silvermoon,192,shaman,restoration,6,2,4
Kevox,malganis,192,shaman,restoration,6,2,4
Ðiezz,ysondre,192,shaman,restoration,6,2,4
Bluéshirtguy,blackhand,192,shaman,restoration,6,2,4
Shupp,stormscale,192,shaman,restoration,6,2,4
Swineflay,kirin-tor,192,shaman,restoration,6,2,4
Fuchserl,aegwynn,192,shaman,restoration,6,2,4
Akylä,varimathras,192,shaman,restoration,6,2,4
Barnameco,outland,192,shaman,restoration,6,2,4
Narevoqi,madmortem,192,shaman,restoration,6,2,4
Wiev,blackmoore,192,shaman,restoration,6,2,4
Ikdra,medivh,192,shaman,restoration,6,2,4
Arkalôl,hyjal,192,shaman,restoration,6,2,4
Shialebôf,sylvanas,192,shaman,restoration,6,2,4
Crãnk,sylvanas,192,shaman,restoration,6,2,4
Лавовыйдед,gordunni,192,shaman,restoration,6,2,4
Zinlay,tarren-mill,192,shaman,restoration,6,2,4
Пучмек,gordunni,192,shaman,restoration,6,2,4
Schmamane,blutkessel,192,shaman,restoration,6,2,4
Pûrge,tarren-mill,192,shaman,restoration,6,2,4
Бинграех,howling-fjord,192,shaman,restoration,6,2,4
Тотемо,gordunni,192,shaman,restoration,6,2,4
Gevitomeraw,sylvanas,192,shaman,restoration,6,2,4
Biggucci,sylvanas,192,shaman,restoration,6,2,4
Naneunsanai,jaedenar,192,shaman,restoration,6,2,4
Matsish,sylvanas,192,shaman,restoration,6,2,4
Joshan,frostmourne,192,shaman,restoration,6,2,4
Ranian,frostwolf,192,shaman,restoration,9,2,7
Ninffø,dun-modr,192,shaman,restoration,20,4,16
Dvärgenkajsa,stormreaver,192,shaman,restoration,10,2,8
Seifero,burning-legion,192,shaman,restoration,10,2,8
Ezpz,frostmourne,192,shaman,restoration,12,2,10
Thunderjudge,twisting-nether,192,shaman,restoration,12,2,10
Gïzmö,tarren-mill,192,shaman,restoration,12,2,10
Dagdush,blackhand,192,shaman,restoration,12,2,10
Hájoon,tarren-mill,192,shaman,restoration,12,2,10
Cirøsham,ravencrest,192,shaman,restoration,12,2,10
Walterwhite,blackrock,192,shaman,restoration,12,2,10
Delvanjus,blackrock,192,shaman,restoration,12,2,10
Zennex,tarren-mill,192,shaman,restoration,12,2,10
Fëhn,krasus,192,shaman,restoration,12,2,10
Илюшамашина,gordunni,192,shaman,restoration,12,2,10
Cptnkirby,malganis,192,shaman,restoration,12,2,10
Ekxr,kazzak,192,shaman,restoration,12,2,10
Fatflop,sylvanas,192,shaman,restoration,12,2,10
Elarae,blackrock,192,shaman,restoration,12,2,10
Zënga,kazzak,192,shaman,restoration,12,2,10
Epicoverlord,tarren-mill,192,shaman,restoration,12,2,10
Андеритс,gordunni,192,shaman,restoration,12,2,10
Nuekx,sanguino,192,shaman,restoration,12,2,10
Nashashuk,runetotem,192,shaman,restoration,12,2,10
Samisu,blackmoore,192,shaman,restoration,12,2,10
Zeltron,grim-batol,192,shaman,restoration,12,2,10
Caméltótem,kazzak,192,shaman,restoration,12,2,10
Yolototem,drakthul,192,shaman,restoration,15,2,13
Erscreamiko,zuljin,192,shaman,restoration,18,2,16
Tûrbø,ravencrest,192,shaman,restoration,18,2,16
Wuchtzwerg,terrordar,192,shaman,restoration,18,2,16
Koothe,dun-modr,191,shaman,restoration,6,2,4
Valuriya,blackhand,191,shaman,restoration,6,2,4
Varion,tichondrius,191,shaman,restoration,6,2,4
Андумиэль,soulflayer,190,shaman,restoration,12,2,10
Krootox,sunstrider,170,shaman,restoration,18,4,14
Zhangliyi,ravencrest,169,shaman,restoration,9,5,4
Siyina,draenor,138,shaman,restoration,9,4,5
Artsu,argent-dawn,138,shaman,restoration,11,4,7
Ruzgork,nerzhul,138,shaman,restoration,9,3,6
Volstorm,ysondre,138,shaman,restoration,12,3,9
Sörén,lothar,138,shaman,restoration,13,3,10
Cardenus,los-errantes,137,shaman,restoration,15,3,12
Feetsniffax,outland,128,shaman,restoration,4,2,2
Крто,thermaplugg,128,shaman,restoration,4,2,2
Belldandý,archimonde,128,shaman,restoration,4,2,2
Healníx,ravencrest,96,shaman,restoration,3,2,1
Nucika,ragnaros,96,shaman,restoration,6,1,5
Lekyzx,archimonde,96,shaman,restoration,6,1,5
Ilovédogs,tarren-mill,96,shaman,restoration,6,1,5
Grumpystorm,agamaggan,96,shaman,restoration,6,1,5
Despérado,archimonde,96,shaman,restoration,6,1,5
Try,zuluhed,96,shaman,restoration,6,1,5
Legended,tarren-mill,96,shaman,restoration,6,1,5
Smorcxx,kazzak,96,shaman,restoration,6,1,5
Weldarion,ragnaros,96,shaman,restoration,6,1,5
Efdemin,blackmoore,96,shaman,restoration,6,1,5
Casinoaddict,tarren-mill,96,shaman,restoration,6,1,5
Zaxis,bronzebeard,96,shaman,restoration,6,1,5
Bymajor,dalaran,96,shaman,restoration,6,1,5
Eclaîr,thrall,96,shaman,restoration,6,1,5
Металорд,howling-fjord,96,shaman,restoration,6,1,5
Moonlanced,aegwynn,96,shaman,restoration,6,1,5
Daykor,chamber-of-aspects,96,shaman,restoration,6,1,5
Zekmvp,tarren-mill,96,shaman,restoration,6,1,5
Miscoj,zuljin,96,shaman,restoration,6,1,5
Reflux,outland,96,shaman,restoration,6,1,5
Jaeslin,tarren-mill,96,shaman,restoration,6,1,5
Poliez,outland,96,shaman,restoration,6,1,5
Ader,outland,96,shaman,restoration,6,1,5
Aguero,aegwynn,96,shaman,restoration,6,1,5
Renamedagain,twisting-nether,96,shaman,restoration,6,1,5
Absinthoxid,taerar,96,shaman,restoration,6,1,5
Neterö,la-croisade-écarlate,96,shaman,restoration,6,1,5
Trendilla,malganis,96,shaman,restoration,6,1,5
Cavemencomp,malganis,96,shaman,restoration,6,1,5
Púrgé,outland,96,shaman,restoration,6,1,5
Акер,deathguard,96,shaman,restoration,6,1,5
Ниарата,greymane,96,shaman,restoration,6,1,5
Chênoya,blackrock,96,shaman,restoration,6,1,5
Bjerknes,draenor,96,shaman,restoration,6,1,5
Trymytotems,drakthul,96,shaman,restoration,6,1,5
Zimzalabling,kazzak,96,shaman,restoration,6,1,5
Diabolous,drakthul,96,shaman,restoration,6,1,5
Rôhâr,stormscale,96,shaman,restoration,6,1,5
Elementss,stormscale,96,shaman,restoration,6,1,5
Bacca,stormscale,96,shaman,restoration,6,1,5
Podvodnicata,stormscale,96,shaman,restoration,6,1,5
Fuchifu,eredar,96,shaman,restoration,6,1,5
Shoar,twisting-nether,96,shaman,restoration,6,1,5
Proxjj,stormscale,96,shaman,restoration,6,1,5
Dälon,thrall,96,shaman,restoration,6,1,5
Greenbo,burning-blade,96,shaman,restoration,6,1,5
Dashakk,frostwhisper,96,shaman,restoration,6,1,5
Getahex,draenor,96,shaman,restoration,6,1,5
Сагура,gordunni,96,shaman,restoration,6,1,5
Seor,kazzak,96,shaman,restoration,6,1,5
Rahuna,darksorrow,96,shaman,restoration,6,1,5
Apolomaeuz,frostwolf,96,shaman,restoration,6,1,5
Utto,thrall,96,shaman,restoration,6,1,5
Earthvixen,ravencrest,96,shaman,restoration,6,1,5
Stonetone,silvermoon,96,shaman,restoration,6,1,5
Сатангодхх,howling-fjord,96,shaman,restoration,6,1,5
Driftal,laughing-skull,96,shaman,restoration,6,1,5
Anieszka,malganis,96,shaman,restoration,6,1,5
Elchivo,blackrock,96,shaman,restoration,6,1,5
Hotstorm,bronzebeard,96,shaman,restoration,6,1,5
Cy,aszune,96,shaman,restoration,6,1,5
Grillfleîsch,azshara,96,shaman,restoration,6,1,5
Kimpa,minahonda,96,shaman,restoration,6,1,5
Swepx,ravencrest,96,shaman,restoration,6,1,5
Irondandy,archimonde,96,shaman,restoration,6,1,5
Cptcutíe,antonidas,96,shaman,restoration,6,1,5
Zethh,antonidas,96,shaman,restoration,6,1,5
Jawoburst,antonidas,96,shaman,restoration,6,1,5
Valgash,khadgar,96,shaman,restoration,6,1,5
Dvrg,antonidas,96,shaman,restoration,6,1,5
Kostex,rexxar,96,shaman,restoration,6,1,5
Atuza,antonidas,96,shaman,restoration,6,1,5
Cupído,malganis,96,shaman,restoration,6,1,5
Крузмвп,blackscar,96,shaman,restoration,6,1,5
Yuimhi,sanguino,96,shaman,restoration,7,1,6
Schockbunny,blackrock,96,shaman,restoration,17,2,15
Freeleys,silvermoon,96,shaman,restoration,12,1,11
Топмахвелл,soulflayer,96,shaman,restoration,12,1,11
Porre,zuljin,96,shaman,restoration,12,1,11
Xicez,sanguino,96,shaman,restoration,12,1,11
Namrdak,quelthalas,96,shaman,restoration,12,1,11
Karpsham,stormscale,96,shaman,restoration,12,1,11
Anstra,colinas-pardas,96,shaman,restoration,12,1,11
Íss,cthun,96,shaman,restoration,12,1,11
Ikeaboy,eredar,96,shaman,restoration,12,1,11
Tiamât,culte-de-la-rive-noire,96,shaman,restoration,12,1,11
Garulf,twisting-nether,96,shaman,restoration,12,1,11
Kvelertak,guldan,96,shaman,restoration,18,1,17
Rohek,tarren-mill,96,shaman,restoration,18,1,17
Hairball,turalyon,95,shaman,restoration,6,2,4
Bursthand,sanguino,95,shaman,restoration,12,2,10
Twotwozero,defias-brotherhood,95,shaman,restoration,6,1,5
Taiki,sylvanas,90,shaman,restoration,13,4,9
Kungachunga,pozzo-delleternità,79,shaman,restoration,5,1,4
Apád,ragnaros,79,shaman,restoration,5,1,4
Drê,daggerspine,64,shaman,restoration,4,1,3
Destrosoul,kazzak,64,shaman,restoration,4,1,3
Nowái,tarren-mill,64,shaman,restoration,4,1,3
Smokingtotem,alakir,48,shaman,restoration,9,1,8
Buildthewall,archimonde,42,shaman,restoration,8,3,5
Ånný,blackmoore,42,shaman,restoration,11,3,8
Zulululul,burning-blade,42,shaman,restoration,8,2,6
Srøgg,archimonde,42,shaman,restoration,9,2,7
Shammez,ravencrest,42,shaman,restoration,11,2,9
Oyuun,rajaxx,42,shaman,restoration,17,3,14
Søpse,stormscale,42,shaman,restoration,15,2,13
Guzzelinare,tarren-mill,2415,shaman,elemental,78,51,27
Elejizz,kazzak,2385,shaman,elemental,150,85,65
Rngo,blackrock,2366,shaman,elemental,120,73,47
Eupra,archimonde,2351,shaman,elemental,156,87,69
Silden,thrall,2303,shaman,elemental,121,72,49
Shiggenbasta,kazzak,2300,shaman,elemental,102,60,42
Rungozvs,blackrock,2297,shaman,elemental,125,69,56
Reibanit,twisting-nether,2284,shaman,elemental,147,86,61
Rungõo,blackrock,2281,shaman,elemental,174,101,73
Drshock,blackmoore,2281,shaman,elemental,167,88,79
Nevershearx,blackrock,2269,shaman,elemental,96,56,40
Baldcreep,blackrock,2254,shaman,elemental,60,41,19
Ghostwolfgg,archimonde,2236,shaman,elemental,138,76,62
Euprâ,archimonde,2233,shaman,elemental,227,117,110
Nyed,hyjal,2232,shaman,elemental,232,122,110
Shrmful,dun-modr,2230,shaman,elemental,95,62,33
Edshearen,stormscale,2228,shaman,elemental,192,105,87
Houmpf,hyjal,2226,shaman,elemental,90,52,38
Proccit,blackrock,2226,shaman,elemental,90,50,40
Theglue,kilrogg,2212,shaman,elemental,72,42,30
Mcmxcvi,ravencrest,2207,shaman,elemental,154,90,64
Lexila,doomhammer,2199,shaman,elemental,682,351,331
Маигваза,soulflayer,2198,shaman,elemental,66,46,20
Blyatifulday,malganis,2196,shaman,elemental,114,64,50
Dody,silvermoon,2191,shaman,elemental,71,52,19
Space,stormscale,2176,shaman,elemental,138,72,66
Connecting,hyjal,2171,shaman,elemental,108,56,52
Båkka,ysondre,2170,shaman,elemental,78,47,31
Bärtigeberta,aegwynn,2170,shaman,elemental,102,54,48
Matmodir,hyjal,2165,shaman,elemental,120,62,58
Sïmp,blackrock,2162,shaman,elemental,155,92,63
Tommybanger,kazzak,2158,shaman,elemental,75,49,26
Kenaz,outland,2156,shaman,elemental,91,50,41
Shamanazor,twisting-nether,2153,shaman,elemental,66,41,25
Matmons,hyjal,2151,shaman,elemental,89,46,43
Dakyele,ravencrest,2147,shaman,elemental,89,47,42
Mèåtbåll,ravencrest,2139,shaman,elemental,83,53,30
Trickful,kazzak,2138,shaman,elemental,66,45,21
Uselesslaso,sanguino,2136,shaman,elemental,117,59,58
Billybatman,argent-dawn,2134,shaman,elemental,108,70,38
Kärríegold,blackrock,2132,shaman,elemental,507,267,240
Lavaole,blackrock,2130,shaman,elemental,84,43,41
Monsuunibaba,tarren-mill,2126,shaman,elemental,111,63,48
Autopanne,malganis,2117,shaman,elemental,78,48,30
Eyi,ambossar,2116,shaman,elemental,152,80,72
Bigschamlipp,blackhand,2111,shaman,elemental,73,51,22
Haumx,blackrock,2109,shaman,elemental,147,80,67
Jøhnnwick,archimonde,2106,shaman,elemental,83,47,36
Smorchamp,sanguino,2104,shaman,elemental,102,50,52
Jøhnwick,ysondre,2103,shaman,elemental,72,39,33
Jelvin,tarren-mill,2101,shaman,elemental,162,87,75
Blackyx,cthun,2100,shaman,elemental,164,95,69
Бпокбастэр,gordunni,2098,shaman,elemental,87,50,37
Woof,culte-de-la-rive-noire,2093,shaman,elemental,66,36,30
Blushx,blackhand,2075,shaman,elemental,48,25,23
Pleasehealme,ravencrest,2067,shaman,elemental,42,33,9
Raintlordx,twisting-nether,2060,shaman,elemental,42,36,6
Starelement,draenor,2059,shaman,elemental,120,58,62
Ìløvêxÿú,ravencrest,2057,shaman,elemental,176,96,80
Teslashock,outland,2053,shaman,elemental,77,48,29
Dsgrc,tarren-mill,2053,shaman,elemental,72,38,34
Zimoneris,blackmoore,2050,shaman,elemental,80,46,34
Wisplol,ravencrest,2050,shaman,elemental,317,163,154
Matmonai,hyjal,2044,shaman,elemental,98,47,51
Shåmssagat,kazzak,2036,shaman,elemental,60,36,24
Ryysham,ravencrest,2034,shaman,elemental,134,75,59
Satisfya,ambossar,2034,shaman,elemental,292,154,138
Elegodx,ravencrest,2031,shaman,elemental,137,70,67
Plazmorc,stormscale,2027,shaman,elemental,48,31,17
Lavayoshi,kazzak,2026,shaman,elemental,72,48,24
Iavalavalava,tarren-mill,2025,shaman,elemental,96,46,50
Agrero,auchindoun,2024,shaman,elemental,192,99,93
Йодаримару,howling-fjord,2022,shaman,elemental,77,41,36
Thriveqt,nemesis,2015,shaman,elemental,108,50,58
Nyzo,tarren-mill,2009,shaman,elemental,78,40,38
Nokster,twisting-nether,2008,shaman,elemental,194,109,85
Millesabords,dun-morogh,2004,shaman,elemental,60,37,23
Suldarissham,aegwynn,2001,shaman,elemental,41,25,16
Punished,blackrock,2000,shaman,elemental,107,62,45
Rottulos,stormrage,2000,shaman,elemental,60,33,27
Thyeori,stormscale,1996,shaman,elemental,72,36,36
Firella,the-maelstrom,1994,shaman,elemental,58,35,23
Шутках,gordunni,1986,shaman,elemental,42,24,18
Eppîx,lightnings-blade,1982,shaman,elemental,100,50,50
Nowmack,archimonde,1981,shaman,elemental,48,32,16
Tâsty,blackmoore,1980,shaman,elemental,63,36,27
Nykhara,sanguino,1979,shaman,elemental,102,55,47
Fellatia,baelgun,1978,shaman,elemental,108,74,34
Айвимэдисон,howling-fjord,1974,shaman,elemental,82,46,36
Cïgänää,archimonde,1972,shaman,elemental,68,38,30
Murdá,ravencrest,1969,shaman,elemental,96,45,51
Bzezz,archimonde,1968,shaman,elemental,66,36,30
Eledelede,blackhand,1965,shaman,elemental,72,37,35
Suldaro,aegwynn,1964,shaman,elemental,73,39,34
Preshear,twisting-nether,1963,shaman,elemental,47,34,13
Könsneutral,tarren-mill,1962,shaman,elemental,71,40,31
Langedinho,stormscale,1962,shaman,elemental,267,132,135
Leccyavenue,twisting-nether,1958,shaman,elemental,72,44,28
Shocktrippz,stormscale,1955,shaman,elemental,48,36,12
Pipousham,blackhand,1954,shaman,elemental,47,26,21
Élé,twisting-nether,1954,shaman,elemental,96,48,48
Pheazka,outland,1950,shaman,elemental,71,37,34
Qualitydoge,kazzak,1947,shaman,elemental,48,31,17
Obryss,tarren-mill,1939,shaman,elemental,54,30,24
Blush,blackhand,1936,shaman,elemental,51,23,28
Shiranoye,blackrock,1934,shaman,elemental,78,36,42
Smashz,stormscale,1930,shaman,elemental,133,79,54
Kiirín,drakthul,1929,shaman,elemental,72,39,33
Valgø,twisting-nether,1927,shaman,elemental,292,161,131
Borbor,argent-dawn,1916,shaman,elemental,58,31,27
Tornado,ravencrest,1911,shaman,elemental,108,56,52
Çð,ravencrest,1909,shaman,elemental,36,20,16
Sajma,silvermoon,1903,shaman,elemental,69,48,21
Trixxsham,twisting-nether,1902,shaman,elemental,36,25,11
Novoz,ysondre,1902,shaman,elemental,77,43,34
Djlavaburst,malganis,1900,shaman,elemental,383,195,188
Bloodseeker,tarren-mill,1898,shaman,elemental,60,36,24
Kilazz,twisting-nether,1897,shaman,elemental,66,35,31
Feetenjoyerx,kazzak,1892,shaman,elemental,98,49,49
Lavalars,blackhand,1891,shaman,elemental,54,32,22
Totemlié,ravencrest,1887,shaman,elemental,42,27,15
Paulbaniel,alonsus,1884,shaman,elemental,96,45,51
Xtremeshaman,blackmoore,1882,shaman,elemental,42,30,12
Nerdshockz,blackhand,1881,shaman,elemental,92,45,47
Tukino,burning-legion,1880,shaman,elemental,31,21,10
Roskan,archimonde,1876,shaman,elemental,60,32,28
Dräpàrn,sylvanas,1876,shaman,elemental,66,35,31
Horizons,the-maelstrom,1875,shaman,elemental,48,31,17
Psyku,outland,1875,shaman,elemental,42,20,22
Owrly,stormscale,1874,shaman,elemental,365,183,182
Hurik,sylvanas,1872,shaman,elemental,62,37,25
Naskezz,kazzak,1870,shaman,elemental,245,123,122
Starpior,stormscale,1866,shaman,elemental,115,58,57
Regnever,draenor,1862,shaman,elemental,185,90,95
Mjorè,twisting-nether,1861,shaman,elemental,221,106,115
Ungabungha,stormscale,1860,shaman,elemental,181,105,76
Yëë,kazzak,1859,shaman,elemental,45,31,14
Midgetnatty,ravencrest,1858,shaman,elemental,94,51,43
Volcanò,outland,1857,shaman,elemental,264,134,130
Шоу,gordunni,1856,shaman,elemental,63,31,32
Nekhros,sargeras,1854,shaman,elemental,247,128,119
Gungo,deathwing,1853,shaman,elemental,60,29,31
Flanax,hyjal,1852,shaman,elemental,78,44,34
Anqe,twisting-nether,1852,shaman,elemental,126,66,60
Enamo,blackrock,1850,shaman,elemental,65,34,31
Lavalava,blackmoore,1849,shaman,elemental,256,138,118
ßakingsoda,tarren-mill,1848,shaman,elemental,83,46,37
Visboer,stormscale,1847,shaman,elemental,36,22,14
Tellý,blackmoore,1846,shaman,elemental,53,31,22
Millevolt,emerald-dream,1844,shaman,elemental,42,22,20
Hothand,thrall,1844,shaman,elemental,54,26,28
Lilmarco,stormreaver,1843,shaman,elemental,72,35,37
Øwlïshâm,archimonde,1843,shaman,elemental,89,43,46
Exxco,aegwynn,1842,shaman,elemental,53,32,21
Macroburst,archimonde,1841,shaman,elemental,47,30,17
Реалайзер,blackscar,1841,shaman,elemental,54,32,22
Lianitus,tarren-mill,1841,shaman,elemental,69,33,36
Зэстус,soulflayer,1839,shaman,elemental,179,100,79
Doyah,eredar,1834,shaman,elemental,54,33,21
Sayokô,grim-batol,1834,shaman,elemental,48,28,20
Bambustic,kazzak,1833,shaman,elemental,41,25,16
Bûsta,ravencrest,1833,shaman,elemental,54,29,25
Suirz,dun-modr,1831,shaman,elemental,65,45,20
Earthhulk,thrall,1830,shaman,elemental,108,63,45
Retuu,uldaman,1829,shaman,elemental,54,30,24
Crazyshaman,ravencrest,1829,shaman,elemental,53,26,27
Slogic,tarren-mill,1828,shaman,elemental,71,34,37
Kronoxd,tarren-mill,1828,shaman,elemental,74,33,41
Crespó,alakir,1827,shaman,elemental,54,25,29
Transcendent,malorne,1826,shaman,elemental,84,63,21
Hazardhenry,argent-dawn,1826,shaman,elemental,42,30,12
Breezzkingg,twisting-nether,1826,shaman,elemental,92,54,38
Nëllaqt,archimonde,1826,shaman,elemental,78,41,37
Sourens,twisting-nether,1826,shaman,elemental,92,48,44
Штормкрашер,howling-fjord,1825,shaman,elemental,120,62,58
Agreró,auchindoun,1824,shaman,elemental,45,30,15
Pxsquals,ravencrest,1823,shaman,elemental,124,65,59
Kæzx,blackrock,1822,shaman,elemental,78,45,33
Mehboul,hyjal,1822,shaman,elemental,66,36,30
Georgewhat,defias-brotherhood,1821,shaman,elemental,173,87,86
Vandouille,archimonde,1820,shaman,elemental,45,29,16
Инимал,deathweaver,1817,shaman,elemental,36,21,15
Raknoxye,blackrock,1816,shaman,elemental,36,28,8
Mikecrybaby,tarren-mill,1816,shaman,elemental,114,64,50
Acces,stormscale,1814,shaman,elemental,116,73,43
Achtungblitz,blackrock,1813,shaman,elemental,42,33,9
Ronfroggo,kazzak,1812,shaman,elemental,64,38,26
Pooch,archimonde,1811,shaman,elemental,99,54,45
Korvsnärten,outland,1811,shaman,elemental,87,46,41
Yiiro,argent-dawn,1810,shaman,elemental,85,44,41
Onceinalife,ambossar,1810,shaman,elemental,468,233,235
Lavatherapy,grim-batol,1809,shaman,elemental,114,65,49
Chamel,draenor,1808,shaman,elemental,30,19,11
Ejx,arthas,1808,shaman,elemental,76,40,36
Palfe,khaz-modan,1808,shaman,elemental,103,51,52
Kailash,defias-brotherhood,1808,shaman,elemental,54,26,28
Procc,nordrassil,1807,shaman,elemental,42,28,14
Faridstreng,blackmoore,1807,shaman,elemental,60,39,21
Ehlaina,outland,1806,shaman,elemental,30,19,11
Mércander,kazzak,1805,shaman,elemental,54,31,23
Sheamanus,ravencrest,1803,shaman,elemental,147,82,65
Barbarra,stormscale,1802,shaman,elemental,54,28,26
Burstraze,tarren-mill,1801,shaman,elemental,58,32,26
Spajry,drakthul,1800,shaman,elemental,54,35,19
Rotuluss,stormrage,1799,shaman,elemental,40,29,11
Exesemrone,uldaman,1797,shaman,elemental,54,32,22
Cloony,khaz-modan,1796,shaman,elemental,80,54,26
Koiru,argent-dawn,1796,shaman,elemental,54,34,20
Карбонатрикс,soulflayer,1796,shaman,elemental,106,59,47
Healyoa,blackmoore,1794,shaman,elemental,213,104,109
Oneßuttøn,ravencrest,1794,shaman,elemental,72,32,40
Блокбастзр,gordunni,1793,shaman,elemental,51,28,23
Psÿkz,kazzak,1790,shaman,elemental,57,25,32
Voydetesto,sanguino,1783,shaman,elemental,96,46,50
Cismine,twisting-nether,1782,shaman,elemental,54,35,19
Pitsamestari,frostmane,1780,shaman,elemental,128,71,57
Avatarbaelon,silvermoon,1780,shaman,elemental,134,64,70
Sykx,hyjal,1777,shaman,elemental,47,30,17
Suntaria,stormscale,1775,shaman,elemental,54,24,30
Хеллбат,howling-fjord,1774,shaman,elemental,56,30,26
Çð,twisting-nether,1772,shaman,elemental,47,28,19
Tasoro,sanguino,1770,shaman,elemental,82,37,45
Knastele,silvermoon,1767,shaman,elemental,30,22,8
Spruehkot,aegwynn,1767,shaman,elemental,33,22,11
Jacklupin,ravencrest,1763,shaman,elemental,78,36,42
Elexuz,blackrock,1762,shaman,elemental,102,60,42
Fahrlos,eredar,1762,shaman,elemental,78,36,42
Unluckyvault,nemesis,1762,shaman,elemental,50,23,27
Glibbins,sylvanas,1760,shaman,elemental,36,21,15
Machmacan,argent-dawn,1757,shaman,elemental,90,58,32
Sunsong,twisting-nether,1757,shaman,elemental,126,70,56
Lavaproc,burning-legion,1755,shaman,elemental,210,106,104
Gojõ,dun-modr,1755,shaman,elemental,66,33,33
Blastersondy,outland,1752,shaman,elemental,85,48,37
Lsdx,silvermoon,1752,shaman,elemental,66,37,29
Smorclelx,khadgar,1750,shaman,elemental,182,93,89
Wátermélon,stormscale,1747,shaman,elemental,60,38,22
Stickix,malganis,1746,shaman,elemental,83,43,40
Adamyo,stormscale,1744,shaman,elemental,149,75,74
Hugox,outland,1742,shaman,elemental,48,29,19
Гивми,blackscar,1742,shaman,elemental,97,52,45
Earthtjockis,ragnaros,1739,shaman,elemental,41,20,21
Tølkian,dalaran,1737,shaman,elemental,54,21,33
Шумноватт,howling-fjord,1736,shaman,elemental,66,31,35
Mishoshamana,tarren-mill,1733,shaman,elemental,95,54,41
Kapplos,gorgonnash,1733,shaman,elemental,53,27,26
Schamaster,antonidas,1731,shaman,elemental,45,22,23
Hanatopikeur,grim-batol,1728,shaman,elemental,35,19,16
Aspên,archimonde,1727,shaman,elemental,66,33,33
Dwarfracial,blackrock,1725,shaman,elemental,30,18,12
Fullavaids,grim-batol,1725,shaman,elemental,51,27,24
Drainergødx,ragnaros,1723,shaman,elemental,72,42,30
Daubidaubi,kazzak,1722,shaman,elemental,39,26,13
Grapefruit,blackmoore,1722,shaman,elemental,30,18,12
Porthex,kazzak,1721,shaman,elemental,66,39,27
Fabslx,archimonde,1720,shaman,elemental,177,81,96
Chênoya,blackrock,1718,shaman,elemental,78,34,44
Naphe,ysondre,1717,shaman,elemental,77,40,37
Tao,stormscale,1715,shaman,elemental,51,22,29
Jamzyshaman,emerald-dream,1713,shaman,elemental,30,19,11
Totemlyhot,blackrock,1713,shaman,elemental,48,28,20
Deepdamp,blackrock,1712,shaman,elemental,34,26,8
Shocknrun,sylvanas,1712,shaman,elemental,54,27,27
Rokxa,burning-legion,1712,shaman,elemental,42,19,23
Nöyrä,argent-dawn,1710,shaman,elemental,36,25,11
Zaledria,argent-dawn,1710,shaman,elemental,84,48,36
Mariomental,draenor,1710,shaman,elemental,91,43,48
Prêxy,kazzak,1709,shaman,elemental,91,42,49
Waaghbozz,eredar,1707,shaman,elemental,96,59,37
Cylantarus,blackrock,1705,shaman,elemental,36,25,11
Дашажмихекс,howling-fjord,1704,shaman,elemental,42,24,18
Fakehex,blackrock,1704,shaman,elemental,104,59,45
Lantbruk,twisting-nether,1703,shaman,elemental,49,28,21
Twists,sylvanas,1702,shaman,elemental,24,18,6
Microb,blackmoore,1702,shaman,elemental,72,41,31
Farùk,ravencrest,1701,shaman,elemental,39,24,15
Мэморисс,gordunni,1701,shaman,elemental,58,29,29
Xelphia,frostmane,1700,shaman,elemental,59,24,35
Solosüper,ravencrest,1698,shaman,elemental,96,45,51
Vanrake,ravencrest,1697,shaman,elemental,177,96,81
Diaba,sylvanas,1693,shaman,elemental,76,43,33
Atiix,eredar,1693,shaman,elemental,90,48,42
Kraksham,ravencrest,1690,shaman,elemental,24,18,6
Афтршок,soulflayer,1690,shaman,elemental,105,55,50
Daemp,draenor,1689,shaman,elemental,30,22,8
Braíntas,norgannon,1687,shaman,elemental,102,48,54
Muscade,silvermoon,1686,shaman,elemental,78,45,33
Ðreamz,kaelthas,1685,shaman,elemental,48,23,25
Naorgot,uldaman,1682,shaman,elemental,204,98,106
Sáàd,ravencrest,1681,shaman,elemental,42,20,22
Obesisham,outland,1681,shaman,elemental,122,54,68
Neotrax,outland,1680,shaman,elemental,102,56,46
Mendiing,kazzak,1680,shaman,elemental,36,19,17
Seriux,twisting-nether,1679,shaman,elemental,72,44,28
Ulrichh,twisting-nether,1679,shaman,elemental,41,21,20
Máui,korgall,1675,shaman,elemental,168,91,77
Kohnân,hyjal,1675,shaman,elemental,84,42,42
Vivaldi,varimathras,1675,shaman,elemental,126,59,67
Lokasakke,tarren-mill,1674,shaman,elemental,40,22,18
Ztraz,blackhand,1673,shaman,elemental,32,19,13
Кирагаз,gordunni,1672,shaman,elemental,134,68,66
Nalaadu,stormscale,1672,shaman,elemental,90,45,45
Klicken,tarren-mill,1670,shaman,elemental,29,19,10
Basiletta,hyjal,1669,shaman,elemental,55,39,16
Tvådje,silvermoon,1669,shaman,elemental,78,46,32
Козаностро,howling-fjord,1668,shaman,elemental,30,19,11
Ogrodi,burning-legion,1668,shaman,elemental,150,79,71
Liluzivert,mannoroth,1668,shaman,elemental,131,68,63
Kemurus,kazzak,1667,shaman,elemental,95,53,42
Windspêaker,outland,1666,shaman,elemental,35,19,16
Namè,kazzak,1663,shaman,elemental,36,22,14
Vamali,draenor,1662,shaman,elemental,65,31,34
Snusyy,ravencrest,1660,shaman,elemental,32,18,14
Hanakô,grim-batol,1660,shaman,elemental,36,20,16
Anøüchkä,ysondre,1660,shaman,elemental,88,47,41
Elrayitos,shendralar,1659,shaman,elemental,114,63,51
Ogkûshgödx,sylvanas,1658,shaman,elemental,42,24,18
Vorteas,burning-blade,1658,shaman,elemental,42,23,19
Rawside,thrall,1658,shaman,elemental,52,26,26
Davinshhe,kazzak,1657,shaman,elemental,66,25,41
Rolftheswine,defias-brotherhood,1656,shaman,elemental,36,23,13
Dzielnysham,silvermoon,1656,shaman,elemental,56,32,24
Lavaz,blackmoore,1655,shaman,elemental,130,58,72
Электро,thermaplugg,1654,shaman,elemental,71,34,37
Deeck,ravencrest,1651,shaman,elemental,83,53,30
Malybou,ysondre,1651,shaman,elemental,36,18,18
Wylly,aegwynn,1650,shaman,elemental,150,79,71
Elektron,malganis,1650,shaman,elemental,148,77,71
Xereús,kazzak,1650,shaman,elemental,88,40,48
Orcshaman,the-maelstrom,1649,shaman,elemental,72,43,29
Obrijames,tarren-mill,1649,shaman,elemental,42,22,20
Sheherezeday,aegwynn,1649,shaman,elemental,66,29,37
Крушам,gordunni,1647,shaman,elemental,53,30,23
Testpapi,twisting-nether,1645,shaman,elemental,99,55,44
Tiji,eredar,1643,shaman,elemental,50,32,18
Thazra,zirkel-des-cenarius,1643,shaman,elemental,95,54,41
Ezala,blackhand,1642,shaman,elemental,102,56,46
Axahavregryn,kazzak,1640,shaman,elemental,66,40,26
Urshak,alleria,1639,shaman,elemental,36,24,12
Torxii,antonidas,1639,shaman,elemental,53,25,28
Zaarok,voljin,1639,shaman,elemental,91,41,50
Waâagh,kirin-tor,1638,shaman,elemental,90,53,37
Mezzoblu,sanguino,1638,shaman,elemental,216,112,104
Wàve,stormscale,1638,shaman,elemental,78,39,39
Slit,quelthalas,1638,shaman,elemental,48,20,28
Reignisover,silvermoon,1637,shaman,elemental,51,32,19
Autopanne,draenor,1636,shaman,elemental,30,18,12
Thorleíf,silvermoon,1636,shaman,elemental,90,42,48
Poosnortgodx,ravencrest,1635,shaman,elemental,42,23,19
Koífish,ravencrest,1634,shaman,elemental,36,21,15
Mö,ragnaros,1634,shaman,elemental,315,172,143
Aviciix,sanguino,1634,shaman,elemental,147,69,78
Bigfrigid,outland,1633,shaman,elemental,66,31,35
Proccq,twisting-nether,1632,shaman,elemental,34,18,16
Tteïl,archimonde,1631,shaman,elemental,96,51,45
Ттраал,eversong,1628,shaman,elemental,24,17,7
Murmelï,stormreaver,1628,shaman,elemental,36,23,13
Rrtyui,twisting-nether,1628,shaman,elemental,30,17,13
Naathir,magtheridon,1627,shaman,elemental,34,22,12
Xorron,archimonde,1627,shaman,elemental,219,103,116
Volhalo,blackmoore,1626,shaman,elemental,30,17,13
Leavemeàlone,ysondre,1625,shaman,elemental,18,17,1
Шамвкроксах,howling-fjord,1625,shaman,elemental,36,19,17
Huyø,stormscale,1625,shaman,elemental,90,40,50
Ронхот,soulflayer,1625,shaman,elemental,72,30,42
Hotsincezero,archimonde,1624,shaman,elemental,101,60,41
Silverpanne,silvermoon,1623,shaman,elemental,24,17,7
Jâydizzle,draenor,1623,shaman,elemental,171,79,92
Krubacabra,stormscale,1622,shaman,elemental,42,23,19
Zæus,ragnaros,1622,shaman,elemental,42,20,22
Skyróxx,blackrock,1621,shaman,elemental,42,23,19
Aylar,zenedar,1619,shaman,elemental,42,23,19
Лартисс,howling-fjord,1619,shaman,elemental,78,39,39
Esal,blackrock,1618,shaman,elemental,55,31,24
Kristhebrave,twisting-nether,1615,shaman,elemental,126,65,61
Rokils,ravencrest,1614,shaman,elemental,36,17,19
Meangreen,stormscale,1613,shaman,elemental,63,34,29
Ânuk,blackrock,1612,shaman,elemental,162,78,84
Ангустиа,galakrond,1610,shaman,elemental,29,20,9
Hanakokô,grim-batol,1610,shaman,elemental,30,17,13
Nachtary,blackmoore,1609,shaman,elemental,71,40,31
Naturexz,silvermoon,1608,shaman,elemental,38,22,16
Gammeldunder,shattered-hand,1608,shaman,elemental,109,46,63
Gúîtårgøð,sanguino,1607,shaman,elemental,48,22,26
Bâllz,anetheron,1606,shaman,elemental,266,139,127
Zaelot,blackrock,1606,shaman,elemental,41,21,20
Кислаябуба,howling-fjord,1606,shaman,elemental,36,17,19
Savan,darkspear,1606,shaman,elemental,48,19,29
Jímmy,frostwhisper,1605,shaman,elemental,72,45,27
Зиленый,soulflayer,1604,shaman,elemental,42,22,20
Replicusele,doomhammer,1603,shaman,elemental,30,19,11
Sbangx,nemesis,1603,shaman,elemental,36,18,18
Mcbloob,kazzak,1602,shaman,elemental,70,36,34
Byma,burning-legion,1601,shaman,elemental,30,21,9
Stromdi,azshara,1601,shaman,elemental,28,18,10
Шаманнутая,gordunni,1601,shaman,elemental,71,43,28
Shammyammy,tarren-mill,1601,shaman,elemental,135,74,61
Saóri,zuljin,1601,shaman,elemental,33,18,15
Kapïtão,aggra-português,1600,shaman,elemental,54,28,26
Eleurii,burning-blade,1600,shaman,elemental,114,57,57
Manaphi,arthas,1599,shaman,elemental,68,35,33
Касикандрэра,soulflayer,1598,shaman,elemental,462,240,222
Shourx,ravencrest,1597,shaman,elemental,60,26,34
Nuve,stormscale,1594,shaman,elemental,48,27,21
Shootinguard,kazzak,1593,shaman,elemental,30,19,11
Aureo,dun-modr,1593,shaman,elemental,46,23,23
Elkyrie,alakir,1592,shaman,elemental,113,60,53
Isvk,ravencrest,1592,shaman,elemental,67,34,33
Lafia,blackrock,1592,shaman,elemental,144,69,75
Johncoltrane,archimonde,1589,shaman,elemental,30,23,7
Ohhmm,ravencrest,1589,shaman,elemental,41,20,21
Theodorix,silvermoon,1589,shaman,elemental,42,19,23
Biccon,silvermoon,1588,shaman,elemental,36,19,17
Wilson,twisting-nether,1586,shaman,elemental,48,27,21
Zðhan,azshara,1586,shaman,elemental,55,27,28
Doneteasy,blackrock,1585,shaman,elemental,116,66,50
Targoel,blackmoore,1585,shaman,elemental,181,87,94
Гудлаик,soulflayer,1584,shaman,elemental,70,38,32
Lavabelly,twisting-nether,1584,shaman,elemental,97,43,54
Essneces,burning-legion,1583,shaman,elemental,42,23,19
Zengã,kazzak,1583,shaman,elemental,95,41,54
Sinirli,ravencrest,1581,shaman,elemental,66,34,32
Kankxx,stormscale,1580,shaman,elemental,30,18,12
Äijä,chromaggus,1580,shaman,elemental,47,21,26
Roxxo,frostwolf,1579,shaman,elemental,83,48,35
Томёрк,gordunni,1579,shaman,elemental,168,85,83
Thorsteinar,kazzak,1577,shaman,elemental,70,36,34
Headthirst,ragnaros,1576,shaman,elemental,62,33,29
Brugdar,tarren-mill,1574,shaman,elemental,42,28,14
Леланай,blackscar,1574,shaman,elemental,68,36,32
Morama,silvermoon,1574,shaman,elemental,48,24,24
Makaria,emerald-dream,1574,shaman,elemental,149,70,79
Thebomber,guldan,1573,shaman,elemental,72,30,42
Wlãdoo,archimonde,1572,shaman,elemental,26,18,8
Twiva,silvermoon,1572,shaman,elemental,76,45,31
Incredibade,stormscale,1572,shaman,elemental,42,24,18
Ryhèn,stormscale,1572,shaman,elemental,86,45,41
Blízzilassø,malygos,1572,shaman,elemental,179,93,86
Fotmglad,blackrock,1571,shaman,elemental,66,29,37
Robofat,ravencrest,1569,shaman,elemental,66,36,30
Qwilfish,blackmoore,1569,shaman,elemental,93,48,45
Valunii,lordaeron,1566,shaman,elemental,279,136,143
Sniffix,ysondre,1565,shaman,elemental,177,90,87
Тессельхоф,howling-fjord,1564,shaman,elemental,46,23,23
Ласара,eversong,1563,shaman,elemental,54,25,29
Oldaang,ravencrest,1561,shaman,elemental,91,57,34
Faydasizsham,twisting-nether,1559,shaman,elemental,86,48,38
Minasa,saurfang,1559,shaman,elemental,163,76,87
Òoòoòoòoòoòo,silvermoon,1559,shaman,elemental,54,24,30
Smort,frostwolf,1558,shaman,elemental,42,22,20
Harod,suramar,1558,shaman,elemental,72,37,35
Hapkin,defias-brotherhood,1558,shaman,elemental,54,27,27
Canjo,aegwynn,1557,shaman,elemental,69,36,33
Junpi,shattered-hand,1557,shaman,elemental,166,85,81
Хэйзл,ashenvale,1554,shaman,elemental,110,60,50
Виспепешам,gordunni,1552,shaman,elemental,78,39,39
Chinozukems,sanguino,1550,shaman,elemental,108,54,54
Thëtis,chogall,1548,shaman,elemental,58,31,27
Akukuu,kazzak,1548,shaman,elemental,120,56,64
Fattmorte,hyjal,1547,shaman,elemental,27,19,8
Végàs,ysondre,1547,shaman,elemental,60,26,34
Aldonatello,blackrock,1543,shaman,elemental,204,112,92
Dumpaman,frostmane,1543,shaman,elemental,84,42,42
Экслайнер,deathweaver,1543,shaman,elemental,119,58,61
Mistahbeard,stormscale,1541,shaman,elemental,42,25,17
Preciousxo,auchindoun,1535,shaman,elemental,47,22,25
Batan,kazzak,1535,shaman,elemental,71,31,40
Brøkenclass,ravencrest,1534,shaman,elemental,18,16,2
Grende,sylvanas,1534,shaman,elemental,69,37,32
Thald,ragnaros,1533,shaman,elemental,42,23,19
Simppe,stormreaver,1533,shaman,elemental,56,27,29
Ринфан,fordragon,1531,shaman,elemental,94,46,48
Shamatto,nemesis,1529,shaman,elemental,82,46,36
Pórçé,shattered-hand,1529,shaman,elemental,234,125,109
Milotem,ysondre,1528,shaman,elemental,84,38,46
Zest,hyjal,1528,shaman,elemental,81,35,46
Chrached,kargath,1527,shaman,elemental,42,21,21
Homesickx,blackrock,1526,shaman,elemental,47,25,22
Милфшама,blackscar,1526,shaman,elemental,76,36,40
Даринтор,gordunni,1524,shaman,elemental,41,23,18
Crysenshocks,blackrock,1524,shaman,elemental,96,49,47
Sházz,dun-modr,1524,shaman,elemental,94,46,48
Azh,twisting-nether,1522,shaman,elemental,24,16,8
Думсия,gordunni,1522,shaman,elemental,54,27,27
Zimtmann,teldrassil,1521,shaman,elemental,36,22,14
Takkenuma,hyjal,1521,shaman,elemental,75,36,39
Uselesstwo,archimonde,1520,shaman,elemental,30,16,14
Мистеркутёж,gordunni,1520,shaman,elemental,284,142,142
Чойсе,deathguard,1519,shaman,elemental,154,74,80
Kønat,blackmoore,1519,shaman,elemental,36,17,19
Bèx,twisting-nether,1518,shaman,elemental,67,31,36
Fúth,ysondre,1516,shaman,elemental,64,34,30
Shôcopan,los-errantes,1514,shaman,elemental,94,44,50
Plebzgodxkto,nemesis,1513,shaman,elemental,49,29,20
Zna,archimonde,1513,shaman,elemental,94,48,46
Shibol,ravencrest,1513,shaman,elemental,85,39,46
Løun,archimonde,1511,shaman,elemental,102,51,51
Belsazar,frostwolf,1511,shaman,elemental,48,20,28
Shamanisme,twisting-nether,1510,shaman,elemental,56,29,27
Ulfax,argent-dawn,1509,shaman,elemental,118,57,61
Baarona,neptulon,1506,shaman,elemental,81,43,38
Тыщатристах,howling-fjord,1505,shaman,elemental,56,38,18
Obêlixx,blackmoore,1503,shaman,elemental,54,24,30
Voltyum,zuljin,1503,shaman,elemental,136,60,76
Deazypurge,blackrock,1502,shaman,elemental,36,22,14
Amanishama,twisting-nether,1501,shaman,elemental,105,59,46
Скиц,gordunni,1499,shaman,elemental,78,43,35
Boomfanboy,tarren-mill,1498,shaman,elemental,39,17,22
Nosno,ravencrest,1495,shaman,elemental,53,27,26
Shareed,zuluhed,1495,shaman,elemental,48,24,24
Totemkahmun,kazzak,1493,shaman,elemental,48,23,25
Ralokar,blackrock,1488,shaman,elemental,78,41,37
Gagné,hyjal,1487,shaman,elemental,32,17,15
Дестройбэйби,gordunni,1484,shaman,elemental,156,83,73
Haasshaman,ravencrest,1480,shaman,elemental,121,50,71
Eðualc,hyjal,1479,shaman,elemental,41,22,19
Тмх,ashenvale,1479,shaman,elemental,112,58,54
Agamo,silvermoon,1478,shaman,elemental,78,42,36
Shaakez,kazzak,1476,shaman,elemental,35,17,18
Ruvxy,twisting-nether,1473,shaman,elemental,33,20,13
Сепич,gordunni,1473,shaman,elemental,78,46,32
Crazypop,outland,1472,shaman,elemental,36,19,17
Pomegranate,arthas,1471,shaman,elemental,78,31,47
Lêmberger,eredar,1470,shaman,elemental,54,30,24
Shantero,draenor,1470,shaman,elemental,48,21,27
Aesstras,hyjal,1468,shaman,elemental,56,29,27
Tempest,kul-tiras,1464,shaman,elemental,67,41,26
Шамвкроксах,gordunni,1463,shaman,elemental,54,28,26
Yang,der-rat-von-dalaran,1462,shaman,elemental,30,19,11
Bigrambo,draenor,1462,shaman,elemental,77,38,39
Zoomar,tarren-mill,1462,shaman,elemental,102,46,56
Rennji,argent-dawn,1461,shaman,elemental,161,78,83
Cleandann,stormscale,1461,shaman,elemental,88,42,46
Vulcainn,marécage-de-zangar,1460,shaman,elemental,105,68,37
Бурехлест,howling-fjord,1460,shaman,elemental,48,31,17
Teccatwo,outland,1458,shaman,elemental,58,31,27
Гексанол,soulflayer,1457,shaman,elemental,58,30,28
Cracklord,outland,1456,shaman,elemental,48,26,22
Olawizard,draenor,1456,shaman,elemental,161,84,77
Shámonn,twisting-nether,1456,shaman,elemental,36,16,20
Electronova,magtheridon,1455,shaman,elemental,131,63,68
Grimtol,magtheridon,1455,shaman,elemental,47,20,27
Alwaysangry,silvermoon,1453,shaman,elemental,84,41,43
Ríleyx,twisting-nether,1451,shaman,elemental,89,57,32
Gorpdorp,ravencrest,1451,shaman,elemental,195,101,94
Couldar,stormscale,1448,shaman,elemental,108,58,50
Maruno,stormscale,1448,shaman,elemental,54,29,25
Myngo,thrall,1447,shaman,elemental,42,22,20
Индигула,soulflayer,1446,shaman,elemental,56,30,26
Champïx,archimonde,1445,shaman,elemental,260,128,132
Мэйзии,howling-fjord,1443,shaman,elemental,60,26,34
Coñfrico,tarren-mill,1442,shaman,elemental,87,44,43
Smooz,silvermoon,1441,shaman,elemental,83,44,39
Faeldar,sanguino,1441,shaman,elemental,109,52,57
Whome,aegwynn,1440,shaman,elemental,60,34,26
Lizoo,ravencrest,1439,shaman,elemental,18,15,3
Dregú,draenor,1439,shaman,elemental,48,28,20
Hemradi,blackmoore,1438,shaman,elemental,48,28,20
Kuzsham,archimonde,1436,shaman,elemental,65,38,27
Newsham,draenor,1436,shaman,elemental,36,15,21
Luchø,drakthul,1435,shaman,elemental,24,15,9
Kabà,aegwynn,1435,shaman,elemental,73,41,32
Ædshearan,blackmoore,1434,shaman,elemental,60,30,30
Lavastriker,archimonde,1433,shaman,elemental,193,100,93
Pieski,stormscale,1433,shaman,elemental,30,15,15
Berusham,ravencrest,1433,shaman,elemental,85,42,43
Ашьф,gordunni,1433,shaman,elemental,39,17,22
Anubisll,hyjal,1431,shaman,elemental,58,30,28
Skrbkic,tarren-mill,1429,shaman,elemental,91,48,43
Клоуннашаме,gordunni,1428,shaman,elemental,67,39,28
Hairypotter,rajaxx,1428,shaman,elemental,47,24,23
Vladraxes,draenor,1427,shaman,elemental,48,31,17
Смоуктли,howling-fjord,1425,shaman,elemental,59,33,26
Ulfuz,silvermoon,1425,shaman,elemental,34,18,16
Highfaî,tarren-mill,1423,shaman,elemental,18,15,3
Альтегро,blackscar,1423,shaman,elemental,85,46,39
Xalh,ysondre,1422,shaman,elemental,54,28,26
Dawzed,hyjal,1421,shaman,elemental,86,45,41
Easyplay,kazzak,1420,shaman,elemental,37,16,21
Chøurøx,hyjal,1419,shaman,elemental,61,35,26
Konodíoda,nemesis,1419,shaman,elemental,50,21,29
Alèks,forscherliga,1418,shaman,elemental,107,62,45
Domflux,ravencrest,1418,shaman,elemental,59,28,31
Noyá,argent-dawn,1417,shaman,elemental,148,79,69
Magnetoe,ravencrest,1417,shaman,elemental,157,78,79
Nolawii,ragnaros,1415,shaman,elemental,72,38,34
Legended,tarren-mill,1415,shaman,elemental,30,15,15
Thordes,forscherliga,1414,shaman,elemental,55,20,35
Pandamoniumm,moonglade,1413,shaman,elemental,36,19,17
Zanyun,burning-legion,1411,shaman,elemental,44,17,27
Elemefayo,outland,1409,shaman,elemental,66,34,32
Бумбумпаузр,borean-tundra,1409,shaman,elemental,75,29,46
Vulkân,silvermoon,1408,shaman,elemental,50,27,23
Сосмыслом,howling-fjord,1407,shaman,elemental,96,48,48
Gensehaut,aegwynn,1407,shaman,elemental,48,22,26
Sunraiser,blackmoore,1406,shaman,elemental,73,41,32
Flubberman,blackrock,1405,shaman,elemental,62,32,30
Xesti,twisting-nether,1405,shaman,elemental,105,54,51
Stacyzmom,outland,1404,shaman,elemental,20,16,4
Файербурст,soulflayer,1404,shaman,elemental,48,26,22
Rekhtar,burning-legion,1401,shaman,elemental,163,89,74
Gomoth,kazzak,1400,shaman,elemental,30,16,14
Støya,archimonde,1400,shaman,elemental,48,18,30
Athul,theradras,1399,shaman,elemental,49,24,25
Urinja,outland,1397,shaman,elemental,72,40,32
Stormseven,emeriss,1395,shaman,elemental,35,15,20
Torouk,rashgarroth,1393,shaman,elemental,30,16,14
Rharhahra,archimonde,1393,shaman,elemental,66,23,43
Elshifotrem,throkferoth,1391,shaman,elemental,118,64,54
Pakwa,drakthul,1390,shaman,elemental,40,18,22
Sojee,ysondre,1387,shaman,elemental,72,34,38
Jönayy,dun-modr,1386,shaman,elemental,30,17,13
Jumbototem,tarren-mill,1385,shaman,elemental,90,56,34
Androck,tarren-mill,1383,shaman,elemental,42,26,16
Rohknar,ragnaros,1383,shaman,elemental,54,29,25
Furrymane,blackmoore,1382,shaman,elemental,51,27,24
Лукаджун,howling-fjord,1380,shaman,elemental,24,17,7
Ludo,lothar,1378,shaman,elemental,46,28,18
Ananasen,eonar,1376,shaman,elemental,48,27,21
Alfang,turalyon,1375,shaman,elemental,159,77,82
Hotis,onyxia,1375,shaman,elemental,265,124,141
Saqerr,kazzak,1374,shaman,elemental,77,33,44
Djbruggìe,bloodhoof,1371,shaman,elemental,42,18,24
Drækthør,thrall,1369,shaman,elemental,40,21,19
Scot,blackhand,1369,shaman,elemental,107,53,54
Ragnadim,silvermoon,1368,shaman,elemental,42,15,27
Realiz,ysondre,1367,shaman,elemental,34,18,16
Kimpa,minahonda,1366,shaman,elemental,90,49,41
Краоми,soulflayer,1365,shaman,elemental,42,24,18
Девлиниум,fordragon,1365,shaman,elemental,30,17,13
Xhahal,hyjal,1364,shaman,elemental,30,21,9
Bangou,archimonde,1363,shaman,elemental,136,68,68
Sgf,stormscale,1362,shaman,elemental,181,89,92
Apolomaeuz,frostwolf,1361,shaman,elemental,107,56,51
Шиока,borean-tundra,1359,shaman,elemental,36,22,14
Антиниеми,soulflayer,1359,shaman,elemental,48,19,29
Unangemessen,silvermoon,1356,shaman,elemental,100,54,46
Healocalypse,azuremyst,1355,shaman,elemental,36,20,16
Kirak,anetheron,1355,shaman,elemental,213,107,106
Monstermunch,ravencrest,1355,shaman,elemental,52,17,35
Ankzul,exodar,1354,shaman,elemental,122,57,65
Glorfidel,turalyon,1347,shaman,elemental,95,46,49
Руннольв,galakrond,1347,shaman,elemental,36,17,19
Carusø,thrall,1344,shaman,elemental,79,47,32
Totemtilda,tarren-mill,1342,shaman,elemental,24,14,10
Херург,soulflayer,1342,shaman,elemental,30,14,16
Charliiejoh,stormscale,1340,shaman,elemental,141,71,70
Itsallrng,stormscale,1340,shaman,elemental,30,14,16
Iraterrørist,kazzak,1340,shaman,elemental,30,14,16
Iddoz,outland,1339,shaman,elemental,30,14,16
Джуньбургерх,gordunni,1338,shaman,elemental,54,28,26
Sshaasam,tarren-mill,1337,shaman,elemental,24,14,10
Superkee,kazzak,1335,shaman,elemental,454,235,219
Rakzhaza,blackmoore,1335,shaman,elemental,82,40,42
Fâro,dun-modr,1335,shaman,elemental,41,18,23
Талиесин,grom,1332,shaman,elemental,61,33,28
Beven,stormscale,1331,shaman,elemental,36,16,20
Ukkz,silvermoon,1331,shaman,elemental,53,20,33
Bumblebetuna,stormscale,1330,shaman,elemental,24,14,10
Xiomora,argent-dawn,1330,shaman,elemental,39,18,21
Nerekiclej,ravencrest,1327,shaman,elemental,47,23,24
Ironbuttrfly,magtheridon,1326,shaman,elemental,48,27,21
Voymir,kazzak,1323,shaman,elemental,24,15,9
Джанндис,booty-bay,1321,shaman,elemental,42,19,23
Elothar,earthen-ring,1319,shaman,elemental,24,14,10
Whizjy,sanguino,1317,shaman,elemental,24,14,10
Тагтар,howling-fjord,1315,shaman,elemental,57,21,36
Yezu,medivh,1311,shaman,elemental,102,48,54
Navyblue,sylvanas,1311,shaman,elemental,30,14,16
Iicks,blackrock,1305,shaman,elemental,66,35,31
Дваллинн,gordunni,1303,shaman,elemental,36,14,22
Vajinga,aerie-peak,1302,shaman,elemental,54,30,24
Dahryana,azjolnerub,1302,shaman,elemental,42,20,22
Hboni,chamber-of-aspects,1299,shaman,elemental,30,15,15
Zham,kul-tiras,1297,shaman,elemental,54,22,32
Treizelol,ysondre,1295,shaman,elemental,60,34,26
Destructør,norgannon,1295,shaman,elemental,84,42,42
Gameblast,thunderhorn,1293,shaman,elemental,34,23,11
Dropdattotem,stormscale,1292,shaman,elemental,54,23,31
Blancc,kazzak,1291,shaman,elemental,108,57,51
Griins,ravencrest,1289,shaman,elemental,36,20,16
Shamíz,draenor,1287,shaman,elemental,87,49,38
Peaksh,stormscale,1287,shaman,elemental,36,16,20
Brassefrasse,shattered-hand,1283,shaman,elemental,38,18,20
Tiqle,blackmoore,1279,shaman,elemental,131,64,67
Xfiles,garona,1278,shaman,elemental,48,24,24
Stoîc,stormscale,1277,shaman,elemental,42,14,28
Rhastafarian,stormscale,1276,shaman,elemental,42,20,22
Shamanns,lordaeron,1276,shaman,elemental,208,96,112
Djent,outland,1276,shaman,elemental,42,19,23
Zalitz,sanguino,1275,shaman,elemental,64,35,29
Sakkmaballz,stormscale,1275,shaman,elemental,32,14,18
Denadrios,blackhand,1273,shaman,elemental,172,81,91
Totempoo,the-maelstrom,1272,shaman,elemental,36,19,17
Unding,azshara,1272,shaman,elemental,66,20,46
Lechirurgien,elune,1270,shaman,elemental,223,111,112
Zakuun,kazzak,1267,shaman,elemental,38,14,24
Novka,eredar,1265,shaman,elemental,78,38,40
Fosterzz,ravencrest,1265,shaman,elemental,39,19,20
Umbraverfaa,twisting-nether,1263,shaman,elemental,24,15,9
Raigetsu,kazzak,1263,shaman,elemental,68,34,34
Motorbreath,silvermoon,1261,shaman,elemental,181,84,97
Élémentyum,archimonde,1258,shaman,elemental,66,28,38
Strife,argent-dawn,1257,shaman,elemental,36,17,19
Leash,blackmoore,1257,shaman,elemental,30,14,16
Цет,soulflayer,1255,shaman,elemental,23,15,8
Mynutz,outland,1255,shaman,elemental,54,18,36
Mosterx,stormscale,1252,shaman,elemental,30,18,12
Asiorr,silvermoon,1250,shaman,elemental,41,15,26
Ðãvê,veknilash,1249,shaman,elemental,44,19,25
Blackyx,dun-modr,1247,shaman,elemental,18,13,5
Sgroppino,stormscale,1247,shaman,elemental,24,13,11
Screwz,archimonde,1247,shaman,elemental,107,49,58
Kelvok,silvermoon,1246,shaman,elemental,24,13,11
Kwanah,kaelthas,1245,shaman,elemental,24,13,11
Gramkar,stormscale,1243,shaman,elemental,24,13,11
Kungfuali,antonidas,1243,shaman,elemental,190,92,98
Камам,gordunni,1243,shaman,elemental,66,28,38
Волгоградка,soulflayer,1242,shaman,elemental,30,13,17
Lexxthree,blackrock,1241,shaman,elemental,18,13,5
Maggoshishi,blackmoore,1241,shaman,elemental,176,90,86
Djogg,sunstrider,1241,shaman,elemental,30,13,17
Reburdacoxis,sanguino,1240,shaman,elemental,24,13,11
Coton,grim-batol,1239,shaman,elemental,24,17,7
Крто,thermaplugg,1238,shaman,elemental,209,108,101
Pawsh,dun-modr,1238,shaman,elemental,51,24,27
Makgoa,ysondre,1237,shaman,elemental,18,13,5
Mouraïne,eredar,1237,shaman,elemental,24,13,11
Chispa,darkmoon-faire,1236,shaman,elemental,35,16,19
Elevlach,drakthul,1234,shaman,elemental,36,13,23
Shambulançe,silvermoon,1232,shaman,elemental,18,13,5
Zbysiu,ravencrest,1232,shaman,elemental,87,45,42
Zëngä,outland,1231,shaman,elemental,24,13,11
Screwd,defias-brotherhood,1230,shaman,elemental,30,15,15
Magath,nethersturm,1228,shaman,elemental,70,35,35
Slushï,argent-dawn,1226,shaman,elemental,53,17,36
Maino,archimonde,1223,shaman,elemental,117,61,56
Bigheal,quelthalas,1222,shaman,elemental,30,13,17
Jagblade,neptulon,1221,shaman,elemental,76,42,34
Сарцек,howling-fjord,1219,shaman,elemental,84,46,38
Waterboi,blackmoore,1219,shaman,elemental,24,13,11
Foxxyluv,stormscale,1215,shaman,elemental,20,14,6
Tiamât,culte-de-la-rive-noire,1215,shaman,elemental,66,34,32
Ххенеси,soulflayer,1215,shaman,elemental,42,19,23
Quizx,blackrock,1215,shaman,elemental,66,27,39
Tehpielover,bladefist,1211,shaman,elemental,28,15,13
Меменосный,gordunni,1211,shaman,elemental,48,23,25
Hatyatya,ragnaros,1210,shaman,elemental,76,38,38
Saarroo,ravencrest,1210,shaman,elemental,48,22,26
Akimboo,kilrogg,1208,shaman,elemental,54,26,28
Skeiilz,hyjal,1208,shaman,elemental,36,13,23
Roxìe,blackmoore,1207,shaman,elemental,18,13,5
Zerodown,outland,1207,shaman,elemental,133,63,70
Practicetwo,argent-dawn,1204,shaman,elemental,36,14,22
Флоррэт,gordunni,1203,shaman,elemental,235,105,130
Elementhero,frostmane,1196,shaman,elemental,42,18,24
Zuman,the-maelstrom,1195,shaman,elemental,30,18,12
Pvpshaman,aszune,1195,shaman,elemental,29,13,16
Формацепт,ashenvale,1194,shaman,elemental,63,27,36
Pararrayøs,sanguino,1192,shaman,elemental,61,28,33
Boxo,frostwolf,1191,shaman,elemental,124,67,57
Märthalouise,twisting-nether,1191,shaman,elemental,29,15,14
Zjindi,shattered-hand,1190,shaman,elemental,30,15,15
Valdera,dun-morogh,1189,shaman,elemental,24,14,10
Derblitz,baelgun,1189,shaman,elemental,42,21,21
Sniffa,ysondre,1187,shaman,elemental,42,20,22
Syris,sinstralis,1185,shaman,elemental,42,17,25
Mòra,silvermoon,1184,shaman,elemental,74,35,39
Zapper,blackrock,1184,shaman,elemental,69,28,41
Boiblaster,argent-dawn,1182,shaman,elemental,17,13,4
Räoûn,archimonde,1179,shaman,elemental,80,34,46
Ragash,shattered-halls,1177,shaman,elemental,51,25,26
Amarök,nerzhul,1177,shaman,elemental,65,30,35
Stoned,sporeggar,1177,shaman,elemental,59,25,34
Szvapotluk,ravencrest,1173,shaman,elemental,30,14,16
Nabo,archimonde,1173,shaman,elemental,32,13,19
Bigboisham,outland,1172,shaman,elemental,71,30,41
Bramùs,blackmoore,1168,shaman,elemental,60,24,36
Mélb,eredar,1167,shaman,elemental,36,15,21
Zhinjo,kazzak,1166,shaman,elemental,36,19,17
Blackmuamba,tarren-mill,1164,shaman,elemental,207,104,103
Thrallotido,sanguino,1163,shaman,elemental,66,23,43
Фистинктотем,soulflayer,1162,shaman,elemental,35,16,19
Амброски,gordunni,1161,shaman,elemental,42,28,14
Турелька,blackscar,1158,shaman,elemental,34,14,20
Thunderstryk,sylvanas,1157,shaman,elemental,66,35,31
Десперо,gordunni,1155,shaman,elemental,22,13,9
Azmerloth,outland,1152,shaman,elemental,18,12,6
Dòrfy,silvermoon,1152,shaman,elemental,24,12,12
Neverplayele,kazzak,1151,shaman,elemental,24,12,12
Дудивтф,soulflayer,1151,shaman,elemental,24,12,12
Nobrac,rajaxx,1150,shaman,elemental,24,12,12
Pedrototem,silvermoon,1149,shaman,elemental,42,28,14
Fimir,archimonde,1149,shaman,elemental,24,15,9
Haarold,sylvanas,1149,shaman,elemental,24,12,12
Эфирад,blackscar,1148,shaman,elemental,204,99,105
Justweirdaf,blackmoore,1148,shaman,elemental,45,20,25
Wulkanus,drakthul,1148,shaman,elemental,30,12,18
Teslasenpai,outland,1148,shaman,elemental,78,23,55
Утебяпожар,blackscar,1147,shaman,elemental,36,12,24
Eustodia,minahonda,1146,shaman,elemental,18,14,4
Дзод,deathweaver,1146,shaman,elemental,24,12,12
Nînadobrevx,stormscale,1144,shaman,elemental,27,12,15
Hardsmoker,antonidas,1144,shaman,elemental,78,28,50
Hailele,argent-dawn,1142,shaman,elemental,18,12,6
Mív,outland,1142,shaman,elemental,42,14,28
Гоэл,ashenvale,1141,shaman,elemental,18,12,6
Zandali,tarren-mill,1139,shaman,elemental,43,24,19
Runetera,ravencrest,1137,shaman,elemental,17,13,4
Mohàwk,eredar,1135,shaman,elemental,96,48,48
Freizeitler,antonidas,1135,shaman,elemental,30,12,18
Bahuq,antonidas,1134,shaman,elemental,18,12,6
Thunderrbob,darkspear,1129,shaman,elemental,43,25,18
Shellex,kazzak,1129,shaman,elemental,195,99,96
Yaar,alleria,1126,shaman,elemental,36,22,14
Scurvy,malganis,1126,shaman,elemental,228,113,115
Avarela,argent-dawn,1121,shaman,elemental,101,44,57
Bowtenstorm,ravencrest,1120,shaman,elemental,25,16,9
Apád,ragnaros,1120,shaman,elemental,24,12,12
Fûchsí,blackhand,1116,shaman,elemental,53,29,24
Moilensis,archimonde,1116,shaman,elemental,36,13,23
Вавувоух,howling-fjord,1112,shaman,elemental,29,12,17
Gnark,dun-modr,1105,shaman,elemental,59,32,27
Aslakki,turalyon,1099,shaman,elemental,128,56,72
Beefnale,bladefist,1098,shaman,elemental,60,20,40
Yasaburo,silvermoon,1097,shaman,elemental,29,15,14
Бвансамдив,gordunni,1097,shaman,elemental,66,30,36
Крайфолл,gordunni,1096,shaman,elemental,36,21,15
Onlyfansmod,uldum,1096,shaman,elemental,69,28,41
Thordahr,hyjal,1091,shaman,elemental,23,12,11
Kneggebrot,blackmoore,1090,shaman,elemental,27,13,14
Earthvixenz,ravencrest,1089,shaman,elemental,29,18,11
Grommalgue,hyjal,1089,shaman,elemental,40,19,21
Dðt,stormscale,1085,shaman,elemental,125,59,66
Dando,silvermoon,1085,shaman,elemental,30,12,18
Drocthar,defias-brotherhood,1080,shaman,elemental,98,49,49
Dëlkö,ravencrest,1078,shaman,elemental,119,54,65
Hugzy,argent-dawn,1075,shaman,elemental,72,42,30
Озверею,goldrinn,1075,shaman,elemental,72,37,35
Бородарастт,gordunni,1074,shaman,elemental,49,19,30
Glenfinnan,pozzo-delleternità,1070,shaman,elemental,27,13,14
Lavalampa,magtheridon,1067,shaman,elemental,30,18,12
Fàkecast,outland,1064,shaman,elemental,34,12,22
Procdaddy,eredar,1063,shaman,elemental,56,15,41
Garythos,drakthul,1056,shaman,elemental,18,11,7
Chirmani,blackrock,1055,shaman,elemental,12,11,1
Cakedeux,grim-batol,1055,shaman,elemental,27,13,14
Lekthar,draenor,1055,shaman,elemental,24,11,13
Furthehorde,frostmane,1054,shaman,elemental,18,11,7
Аэрофоб,soulflayer,1053,shaman,elemental,18,11,7
Zënga,kazzak,1053,shaman,elemental,18,11,7
Yraxara,draenor,1053,shaman,elemental,18,11,7
Èrò,blackhand,1053,shaman,elemental,24,11,13
Элвандер,howling-fjord,1052,shaman,elemental,24,11,13
Museum,khaz-modan,1051,shaman,elemental,18,11,7
Tanjîrø,archimonde,1051,shaman,elemental,18,11,7
Trastamar,dun-modr,1051,shaman,elemental,18,11,7
Бендера,grom,1051,shaman,elemental,24,11,13
Фоксняша,soulflayer,1050,shaman,elemental,24,12,12
Squirtstorm,ravencrest,1050,shaman,elemental,33,11,22
Фанковарнесы,gordunni,1049,shaman,elemental,18,11,7
Louler,ragnaros,1049,shaman,elemental,24,11,13
Shamix,magtheridon,1049,shaman,elemental,32,11,21
Parkroy,draenor,1047,shaman,elemental,18,11,7
Kylas,die-ewige-wacht,1047,shaman,elemental,18,11,7
Oprawinfury,ravencrest,1047,shaman,elemental,24,11,13
Schockbunny,blackrock,1046,shaman,elemental,30,11,19
Ofqds,archimonde,1044,shaman,elemental,24,11,13
Эртирон,howling-fjord,1044,shaman,elemental,24,11,13
Tpainx,kazzak,1043,shaman,elemental,24,11,13
Sûckmytotem,ragnaros,1038,shaman,elemental,23,11,12
Гленкуллен,blackscar,1038,shaman,elemental,60,27,33
Goromar,kirin-tor,1033,shaman,elemental,133,58,75
Laquium,blackmoore,1032,shaman,elemental,37,15,22
Ormanthep,hyjal,1029,shaman,elemental,18,11,7
Flochy,argent-dawn,1027,shaman,elemental,53,31,22
Дрекрош,howling-fjord,1019,shaman,elemental,180,80,100
Sevk,ravencrest,1012,shaman,elemental,30,15,15
Loserlol,das-syndikat,1009,shaman,elemental,83,40,43
Naix,silvermoon,1009,shaman,elemental,36,11,25
Nehehehehehe,drakthul,1007,shaman,elemental,21,11,10
Azovprime,terokkar,1007,shaman,elemental,24,11,13
Itsnasty,blackmoore,1004,shaman,elemental,42,20,22
Demelena,silvermoon,1003,shaman,elemental,18,11,7
Drekthor,ulduar,1002,shaman,elemental,37,18,19
Kiirø,ysondre,1002,shaman,elemental,70,34,36
Turbokrapka,tarren-mill,1000,shaman,elemental,35,13,22
Bluéshirtguy,blackhand,995,shaman,elemental,96,46,50
Deviantsham,tarren-mill,989,shaman,elemental,66,30,36
Ximid,doomhammer,985,shaman,elemental,206,102,104
Mecct,ravencrest,984,shaman,elemental,28,11,17
Thatamazing,korgall,979,shaman,elemental,32,15,17
Велгур,soulflayer,979,shaman,elemental,54,23,31
Raikton,pozzo-delleternità,971,shaman,elemental,106,44,62
Mimbar,thunderhorn,968,shaman,elemental,36,18,18
Kcarlina,uldum,965,shaman,elemental,30,15,15
Lavadrak,eredar,960,shaman,elemental,12,10,2
Näis,hyjal,960,shaman,elemental,18,10,8
Strór,twisting-nether,960,shaman,elemental,18,10,8
Jåime,ravencrest,960,shaman,elemental,18,10,8
Elemayó,tarren-mill,960,shaman,elemental,18,10,8
Gschmack,blackrock,960,shaman,elemental,18,10,8
Billburr,aegwynn,960,shaman,elemental,21,11,10
Seyumi,draenor,960,shaman,elemental,24,10,14
Dshaman,aegwynn,960,shaman,elemental,24,10,14
Xatis,aegwynn,959,shaman,elemental,12,10,2
Lovelyshaman,silvermoon,959,shaman,elemental,13,10,3
Bhargonen,silvermoon,959,shaman,elemental,18,10,8
Jehae,archimonde,959,shaman,elemental,18,10,8
Hunteronpc,twisting-nether,959,shaman,elemental,18,10,8
Exereon,ravencrest,959,shaman,elemental,24,10,14
Thundergødx,nemesis,959,shaman,elemental,24,10,14
Blover,drakthul,958,shaman,elemental,12,10,2
Rokils,silvermoon,958,shaman,elemental,18,10,8
Rockstéady,outland,958,shaman,elemental,18,10,8
Raïgo,hyjal,957,shaman,elemental,18,10,8
Gandalito,haomarush,957,shaman,elemental,18,10,8
Jazzrod,stormscale,957,shaman,elemental,24,10,14
Atuaßëlha,grim-batol,957,shaman,elemental,24,10,14
Гидрокорыто,gordunni,956,shaman,elemental,18,10,8
Rizorx,stormscale,956,shaman,elemental,21,11,10
Kankaku,sanguino,956,shaman,elemental,24,10,14
Ishokyou,thrall,955,shaman,elemental,18,10,8
Zhid,zuljin,955,shaman,elemental,24,10,14
Drahka,kazzak,955,shaman,elemental,24,10,14
Klunkespiser,stormscale,955,shaman,elemental,30,10,20
Федосик,galakrond,953,shaman,elemental,116,58,58
Rãgnãr,frostwolf,953,shaman,elemental,25,12,13
Магмарончик,gordunni,953,shaman,elemental,78,27,51
Enzain,outland,952,shaman,elemental,18,10,8
Beastee,blackmoore,952,shaman,elemental,18,10,8
Aljorf,dun-modr,952,shaman,elemental,30,16,14
Jólla,twisting-nether,952,shaman,elemental,24,10,14
Hevercraft,archimonde,951,shaman,elemental,18,10,8
Sixinchwilly,outland,951,shaman,elemental,24,10,14
Quartodebue,nemesis,951,shaman,elemental,27,11,16
Chilliajin,tarren-mill,950,shaman,elemental,24,10,14
Kobeye,thrall,949,shaman,elemental,70,36,34
Babathar,ysondre,949,shaman,elemental,24,10,14
Блэкмаршал,howling-fjord,948,shaman,elemental,30,10,20
Rôhâr,stormscale,947,shaman,elemental,18,10,8
Lukyjos,drakthul,946,shaman,elemental,18,10,8
Nïà,kaelthas,946,shaman,elemental,56,20,36
Шейпан,gordunni,942,shaman,elemental,68,33,35
Óõ,dun-modr,938,shaman,elemental,18,10,8
Louisvgaal,kazzak,934,shaman,elemental,24,10,14
Watson,conseil-des-ombres,934,shaman,elemental,30,12,18
Smorcxx,kazzak,934,shaman,elemental,30,10,20
Orishimaru,blackrock,932,shaman,elemental,23,10,13
Kortgat,kilrogg,924,shaman,elemental,48,23,25
Yukîmøn,hyjal,923,shaman,elemental,20,11,9
Flork,burning-legion,922,shaman,elemental,75,30,45
Oddsocks,stormscale,908,shaman,elemental,93,34,59
Capslk,blackmoore,893,shaman,elemental,26,10,16
Garbushka,draenor,883,shaman,elemental,54,17,37
Cimbel,stormscale,880,shaman,elemental,13,10,3
Cloudborne,draenor,876,shaman,elemental,19,10,9
ßaraky,kazzak,864,shaman,elemental,12,9,3
Captaînhuge,dunemaul,864,shaman,elemental,12,9,3
Jeelypink,dalaran,864,shaman,elemental,12,9,3
Zeúz,the-maelstrom,864,shaman,elemental,12,9,3
Elvalya,archimonde,864,shaman,elemental,18,9,9
Lighttfeet,hyjal,864,shaman,elemental,18,9,9
Høtgødx,blackrock,864,shaman,elemental,19,9,10
Buzz,stormscale,864,shaman,elemental,24,9,15
Nitronigi,malganis,864,shaman,elemental,24,9,15
Terobux,culte-de-la-rive-noire,864,shaman,elemental,24,9,15
Krahg,garona,863,shaman,elemental,16,10,6
Hekzen,tarren-mill,863,shaman,elemental,18,9,9
Madeej,burning-legion,863,shaman,elemental,18,9,9
Luzzilol,garrosh,863,shaman,elemental,18,9,9
Штрайхен,blackscar,863,shaman,elemental,18,9,9
Рояльстарик,howling-fjord,863,shaman,elemental,18,9,9
Satudarah,draenor,863,shaman,elemental,18,9,9
Terranator,sanguino,863,shaman,elemental,18,9,9
Muertin,tarren-mill,863,shaman,elemental,18,9,9
Dûmah,sanguino,863,shaman,elemental,25,10,15
Kyraw,tarren-mill,863,shaman,elemental,24,9,15
Тайорн,howling-fjord,863,shaman,elemental,24,9,15
Имсомниум,howling-fjord,863,shaman,elemental,24,9,15
Dreadness,runetotem,863,shaman,elemental,25,9,16
Oroastbeef,archimonde,862,shaman,elemental,18,9,9
Рэйвантотем,soulflayer,862,shaman,elemental,18,9,9
Shammehboi,auchindoun,862,shaman,elemental,21,10,11
Shkook,archimonde,862,shaman,elemental,30,9,21
Bunnz,kazzak,861,shaman,elemental,12,9,3
Fholst,draenor,861,shaman,elemental,18,9,9
Смогр,gordunni,861,shaman,elemental,24,9,15
Chouppi,la-croisade-écarlate,860,shaman,elemental,30,9,21
Ærö,outland,860,shaman,elemental,30,9,21
Lampard,magtheridon,859,shaman,elemental,23,9,14
Штормбайт,azuregos,858,shaman,elemental,12,9,3
Hóonda,twisting-nether,858,shaman,elemental,18,9,9
Thokul,defias-brotherhood,856,shaman,elemental,12,9,3
Taboune,illidan,854,shaman,elemental,18,9,9
Милыйдорогой,soulflayer,853,shaman,elemental,24,9,15
Proteasom,burning-legion,847,shaman,elemental,15,11,4
Бронзород,grom,840,shaman,elemental,12,9,3
Slk,blackrock,839,shaman,elemental,18,9,9
Terras,terokkar,835,shaman,elemental,35,9,26
Незнаком,booty-bay,834,shaman,elemental,42,19,23
Соленый,booty-bay,830,shaman,elemental,140,62,78
Kushme,silvermoon,830,shaman,elemental,30,10,20
Grambozz,blackrock,825,shaman,elemental,16,9,7
Kíá,silvermoon,821,shaman,elemental,30,10,20
Lavaburstx,antonidas,810,shaman,elemental,28,10,18
Hothex,tarren-mill,809,shaman,elemental,38,13,25
Holdafstand,tarren-mill,798,shaman,elemental,14,9,5
Xenødyl,argent-dawn,797,shaman,elemental,23,9,14
Samlik,antonidas,796,shaman,elemental,39,10,29
Poppelo,silvermoon,795,shaman,elemental,20,9,11
Pappashaman,tarren-mill,768,shaman,elemental,10,9,1
Yerlas,burning-legion,768,shaman,elemental,12,8,4
Gødsplan,tarren-mill,768,shaman,elemental,12,8,4
Lakanukie,thrall,768,shaman,elemental,12,8,4
Vygak,tarren-mill,768,shaman,elemental,12,8,4
Palpazerr,archimonde,768,shaman,elemental,12,8,4
Flam,outland,768,shaman,elemental,12,8,4
Bobobygunz,stormscale,768,shaman,elemental,12,8,4
Indeed,frostmourne,768,shaman,elemental,12,8,4
Rhonix,blackmoore,768,shaman,elemental,12,8,4
Rokils,tarren-mill,768,shaman,elemental,12,8,4
Cöökiekeeper,twisting-nether,768,shaman,elemental,12,8,4
Lilioz,ysondre,768,shaman,elemental,12,8,4
Shockleted,stormscale,768,shaman,elemental,18,8,10
Momine,stormscale,768,shaman,elemental,18,8,10
Totemly,alakir,768,shaman,elemental,18,8,10
Gravépàct,blackrock,768,shaman,elemental,18,8,10
Lathisi,zenedar,768,shaman,elemental,19,8,11
Supersham,ragnaros,768,shaman,elemental,24,8,16
Thorunir,sylvanas,768,shaman,elemental,24,8,16
Clickerboy,ravencrest,768,shaman,elemental,24,8,16
Minimalist,stormscale,767,shaman,elemental,12,8,4
Hobblefoot,stormscale,767,shaman,elemental,12,8,4
Bourdieu,thrall,767,shaman,elemental,12,8,4
Khayac,ravencrest,767,shaman,elemental,18,8,10
Blixtnedslag,shattered-hand,767,shaman,elemental,18,8,10
Socesalade,ysondre,767,shaman,elemental,18,8,10
Stonetone,silvermoon,767,shaman,elemental,18,8,10
Renegad,archimonde,767,shaman,elemental,24,8,16
Вервольфоо,howling-fjord,767,shaman,elemental,24,8,16
Gaerth,aggramar,766,shaman,elemental,12,8,4
Schockolade,blackmoore,766,shaman,elemental,18,8,10
Forrak,argent-dawn,766,shaman,elemental,18,8,10
Mystico,sanguino,766,shaman,elemental,18,8,10
Kossborax,blackhand,766,shaman,elemental,24,8,16
Parthon,ravencrest,765,shaman,elemental,12,8,4
Jollyhip,stormscale,765,shaman,elemental,12,8,4
Smohallah,naxxramas,765,shaman,elemental,18,8,10
Remkoo,blackrock,765,shaman,elemental,18,8,10
Khaleeya,blackmoore,765,shaman,elemental,24,8,16
Naedom,aggramar,764,shaman,elemental,18,8,10
Hexlettin,twisting-nether,763,shaman,elemental,18,8,10
Arabesk,arygos,763,shaman,elemental,24,9,15
Ózyy,draenor,762,shaman,elemental,12,8,4
Nagyrakéta,ragnaros,762,shaman,elemental,30,8,22
Malkabaserka,draenor,760,shaman,elemental,24,8,16
Fourtwogodx,kazzak,735,shaman,elemental,20,9,11
Jessijames,outland,733,shaman,elemental,35,8,27
Trosy,burning-blade,724,shaman,elemental,20,9,11
Gàtsby,archimonde,713,shaman,elemental,20,9,11
Encourager,daggerspine,710,shaman,elemental,18,8,10
Reivhyl,magtheridon,704,shaman,elemental,10,8,2
Wacomtablet,kazzak,703,shaman,elemental,11,8,3
Baschúrr,blackrock,702,shaman,elemental,17,9,8
Гарбаджи,galakrond,672,shaman,elemental,12,7,5
Bosslikex,ravencrest,672,shaman,elemental,12,7,5
Thunderman,the-maelstrom,672,shaman,elemental,12,7,5
Dareos,anetheron,672,shaman,elemental,12,7,5
Robcurly,blackmoore,672,shaman,elemental,12,7,5
Bonsaigodx,twisting-nether,672,shaman,elemental,12,7,5
Dynamodanny,blackmoore,672,shaman,elemental,12,7,5
Dócshock,blackmoore,672,shaman,elemental,12,7,5
Weåfy,outland,672,shaman,elemental,12,7,5
Экспатриот,greymane,672,shaman,elemental,12,7,5
Cuddleball,moonglade,672,shaman,elemental,12,7,5
Тандерхх,howling-fjord,672,shaman,elemental,12,7,5
Бахмара,soulflayer,672,shaman,elemental,12,7,5
Bigblué,tarren-mill,672,shaman,elemental,12,7,5
Guccifootjob,defias-brotherhood,672,shaman,elemental,12,7,5
Eneru,nemesis,672,shaman,elemental,12,7,5
Zerak,twisting-nether,672,shaman,elemental,12,7,5
Mogzu,blackmoore,672,shaman,elemental,12,7,5
Kæde,dun-morogh,672,shaman,elemental,12,7,5
Labûche,chogall,672,shaman,elemental,12,7,5
Wamah,sargeras,672,shaman,elemental,12,7,5
Shamandoino,wildhammer,672,shaman,elemental,12,7,5
Caro,tarren-mill,672,shaman,elemental,18,7,11
Endry,elune,672,shaman,elemental,18,7,11
Rexonaone,silvermoon,672,shaman,elemental,18,7,11
Blakelivelyx,blackrock,672,shaman,elemental,18,7,11
Reäz,archimonde,672,shaman,elemental,18,7,11
Hästdvärg,the-maelstrom,672,shaman,elemental,18,7,11
Salvadr,zuljin,672,shaman,elemental,18,7,11
Velkin,thrall,672,shaman,elemental,18,7,11
Paidactor,kazzak,672,shaman,elemental,18,7,11
Шлолка,gordunni,672,shaman,elemental,18,7,11
Боузета,soulflayer,672,shaman,elemental,24,7,17
Rakamakafu,blackmoore,671,shaman,elemental,12,7,5
Феномх,deathguard,671,shaman,elemental,12,7,5
Vukroth,argent-dawn,671,shaman,elemental,12,7,5
Саг,gordunni,671,shaman,elemental,18,7,11
Lethal,darksorrow,671,shaman,elemental,18,7,11
Dogfrog,silvermoon,671,shaman,elemental,18,7,11
Thunberg,ravencrest,671,shaman,elemental,18,7,11
Рокутаро,gordunni,670,shaman,elemental,12,7,5
Symy,draenor,670,shaman,elemental,12,7,5
Raoult,ravencrest,670,shaman,elemental,18,7,11
Layonne,ysondre,670,shaman,elemental,18,7,11
Jinbao,ravencrest,669,shaman,elemental,12,7,5
Дбр,howling-fjord,667,shaman,elemental,18,7,11
Eratore,xavius,666,shaman,elemental,18,7,11
Zarakuda,magtheridon,663,shaman,elemental,34,9,25
Крузмвп,blackscar,655,shaman,elemental,23,7,16
Blyátmán,twisting-nether,638,shaman,elemental,14,8,6
Magmamartin,antonidas,638,shaman,elemental,23,7,16
Yalac,archimonde,637,shaman,elemental,14,8,6
Precíous,sporeggar,637,shaman,elemental,17,7,10
Kbds,outland,623,shaman,elemental,17,7,10
Вудвин,soulflayer,621,shaman,elemental,26,7,19
Wurstblinker,ravencrest,606,shaman,elemental,11,7,4
Хексвглаз,howling-fjord,576,shaman,elemental,6,6,0
Elfenomeno,archimonde,576,shaman,elemental,6,6,0
Lavelover,tarren-mill,576,shaman,elemental,6,6,0
Shamvareja,silvermoon,576,shaman,elemental,9,7,2
Stíckíx,malganis,576,shaman,elemental,10,7,3
Thomz,aggra-português,576,shaman,elemental,12,6,6
Дагод,booty-bay,576,shaman,elemental,12,6,6
Kärdyo,archimonde,576,shaman,elemental,12,6,6
Vallhur,burning-legion,576,shaman,elemental,12,6,6
Ugáa,malganis,576,shaman,elemental,12,6,6
Tonifo,nemesis,576,shaman,elemental,12,6,6
Лучшийшаман,soulflayer,576,shaman,elemental,12,6,6
Fleischer,stormscale,576,shaman,elemental,12,6,6
Windfúhrèr,tarren-mill,576,shaman,elemental,12,6,6
Chocshock,tarren-mill,576,shaman,elemental,12,6,6
Веег,deathweaver,576,shaman,elemental,12,6,6
Shoewalker,ragnaros,576,shaman,elemental,12,6,6
Localicious,ragnaros,576,shaman,elemental,12,6,6
Shayal,defias-brotherhood,576,shaman,elemental,12,6,6
Brokenguyman,defias-brotherhood,576,shaman,elemental,12,6,6
Yzeldan,hyjal,576,shaman,elemental,12,6,6
Jíkkz,aegwynn,576,shaman,elemental,12,6,6
Есю,howling-fjord,576,shaman,elemental,12,6,6
Vix,argent-dawn,576,shaman,elemental,12,6,6
Shamanirl,tarren-mill,576,shaman,elemental,12,6,6
Пакни,gordunni,576,shaman,elemental,12,6,6
Elemefayoh,tarren-mill,576,shaman,elemental,12,6,6
Linshock,tarren-mill,576,shaman,elemental,12,6,6
Kilnih,archimonde,576,shaman,elemental,12,6,6
Brandiløve,nemesis,576,shaman,elemental,12,6,6
Eddiemorphin,kazzak,576,shaman,elemental,12,6,6
Харно,gordunni,576,shaman,elemental,18,6,12
Хыйь,howling-fjord,576,shaman,elemental,18,6,12
Inyra,eredar,576,shaman,elemental,18,6,12
Elchivo,blackrock,576,shaman,elemental,18,6,12
Chenoyaa,blackrock,576,shaman,elemental,18,6,12
Mûhzala,blackmoore,576,shaman,elemental,18,6,12
Krakatoa,dunemaul,576,shaman,elemental,24,6,18
Hardleft,stormscale,575,shaman,elemental,12,6,6
Скромнюля,eversong,575,shaman,elemental,12,6,6
Shlby,blackrock,575,shaman,elemental,12,6,6
Tholdrin,outland,575,shaman,elemental,12,6,6
Helloitsmee,thrall,575,shaman,elemental,12,6,6
Zulululul,burning-blade,575,shaman,elemental,12,6,6
Syndia,das-konsortium,575,shaman,elemental,12,6,6
Dobär,madmortem,575,shaman,elemental,12,6,6
Shockbestie,eredar,575,shaman,elemental,13,6,7
Текка,fordragon,575,shaman,elemental,18,6,12
Téwa,hyjal,575,shaman,elemental,18,6,12
Nurychic,twisting-nether,574,shaman,elemental,12,6,6
Vatrios,draenor,574,shaman,elemental,18,6,12
Shachira,silvermoon,571,shaman,elemental,12,6,6
Allfathêr,ragnaros,571,shaman,elemental,24,6,18
Attm,twisting-nether,570,shaman,elemental,20,10,10
Disharmony,outland,554,shaman,elemental,17,8,9
Isheartears,outland,543,shaman,elemental,11,6,5
Saintlyjin,kult-der-verdammten,527,shaman,elemental,11,6,5
Rezervoir,bladefist,522,shaman,elemental,15,9,6
Pharmie,ravencrest,512,shaman,elemental,10,6,4
Bumstead,ragnaros,480,shaman,elemental,6,5,1
Elemane,kazzak,480,shaman,elemental,6,5,1
Kikbokser,kazzak,480,shaman,elemental,6,5,1
Boltar,die-aldor,480,shaman,elemental,6,5,1
Phobiatics,thrall,480,shaman,elemental,6,5,1
Langhantel,kazzak,480,shaman,elemental,6,5,1
Shaggé,tarren-mill,480,shaman,elemental,6,5,1
Izosha,hyjal,480,shaman,elemental,6,5,1
Zujaz,stormscale,480,shaman,elemental,6,5,1
Electricgødx,tarren-mill,480,shaman,elemental,6,5,1
Zeuclo,ysondre,480,shaman,elemental,6,5,1
Azùk,kazzak,480,shaman,elemental,6,5,1
Jarreau,turalyon,480,shaman,elemental,6,5,1
Efdemin,blackmoore,480,shaman,elemental,6,5,1
Squixi,tarren-mill,480,shaman,elemental,6,5,1
Hexina,ragnaros,480,shaman,elemental,6,5,1
Shámanos,sylvanas,480,shaman,elemental,6,5,1
Plsdontpress,stormscale,480,shaman,elemental,6,5,1
Múixi,sanguino,480,shaman,elemental,10,6,4
Pianoforte,stormscale,480,shaman,elemental,10,6,4
Tuncha,runetotem,480,shaman,elemental,12,5,7
Tøõøõntêëêët,dun-modr,480,shaman,elemental,12,5,7
Ýípìÿøû,dun-modr,480,shaman,elemental,12,5,7
Grumpystorm,agamaggan,480,shaman,elemental,12,5,7
Noru,ravencrest,480,shaman,elemental,12,5,7
Greur,twisting-nether,480,shaman,elemental,12,5,7
Amcin,stormreaver,480,shaman,elemental,12,5,7
Atixz,blackmoore,480,shaman,elemental,12,5,7
Ironmack,outland,480,shaman,elemental,12,5,7
Wûcs,silvermoon,480,shaman,elemental,12,5,7
Neystee,archimonde,480,shaman,elemental,12,5,7
Stòrm,ravencrest,480,shaman,elemental,12,5,7
Flaskmus,haomarush,480,shaman,elemental,12,5,7
Shamwowpow,stormscale,480,shaman,elemental,12,5,7
Cloovster,magtheridon,480,shaman,elemental,12,5,7
Фарраон,deathguard,480,shaman,elemental,12,5,7
Суттех,soulflayer,480,shaman,elemental,12,5,7
Swapxy,outland,480,shaman,elemental,12,5,7
Pìlle,eredar,480,shaman,elemental,12,5,7
Синнити,blackscar,480,shaman,elemental,12,5,7
Smashsmash,the-maelstrom,480,shaman,elemental,12,5,7
Procbly,tarren-mill,480,shaman,elemental,12,5,7
Raaborio,blackmoore,480,shaman,elemental,12,5,7
Azariasz,twisting-nether,480,shaman,elemental,12,5,7
Youngnastyx,blackrock,480,shaman,elemental,12,5,7
Lindemánn,blackhand,480,shaman,elemental,12,5,7
Thàrin,archimonde,480,shaman,elemental,12,5,7
Rykarn,eredar,480,shaman,elemental,12,5,7
Arigato,eonar,480,shaman,elemental,12,5,7
Wâisted,ravencrest,480,shaman,elemental,12,5,7
Loshohealva,stormscale,480,shaman,elemental,12,5,7
Cptcutíe,antonidas,480,shaman,elemental,12,5,7
Skullføck,argent-dawn,480,shaman,elemental,12,5,7
Вишняблэйз,soulflayer,480,shaman,elemental,12,5,7
Bldyhatesyou,blackmoore,480,shaman,elemental,12,5,7
Maddskull,argent-dawn,480,shaman,elemental,12,5,7
Наладчик,gordunni,480,shaman,elemental,12,5,7
Bahane,frostwolf,480,shaman,elemental,15,6,9
Varthon,tarren-mill,480,shaman,elemental,16,6,10
Talg,defias-brotherhood,480,shaman,elemental,15,5,10
Berzærker,ravencrest,480,shaman,elemental,18,5,13
Квелси,gordunni,480,shaman,elemental,18,5,13
Havoc,boulderfist,480,shaman,elemental,18,5,13
Purgérkíng,silvermoon,479,shaman,elemental,12,5,7
Mïzû,conseil-des-ombres,479,shaman,elemental,12,5,7
Фурэн,soulflayer,479,shaman,elemental,12,5,7
Burnprof,nethersturm,479,shaman,elemental,12,5,7
Albedøo,ragnaros,479,shaman,elemental,18,5,13
Zaappyboii,azjolnerub,479,shaman,elemental,20,5,15
Sinwithin,ravencrest,478,shaman,elemental,12,5,7
Chämalö,archimonde,476,shaman,elemental,12,5,7
Rayitoss,tyrande,456,shaman,elemental,18,7,11
Skengshammy,ragnaros,446,shaman,elemental,11,5,6
Fheng,defias-brotherhood,446,shaman,elemental,11,5,6
Charth,ravencrest,428,shaman,elemental,9,5,4
Envergur,eitrigg,417,shaman,elemental,13,6,7
Blùé,tarren-mill,399,shaman,elemental,5,5,0
Trustlemac,onyxia,384,shaman,elemental,6,4,2
Selonthyx,ravencrest,384,shaman,elemental,6,4,2
Kévinn,draenor,384,shaman,elemental,6,4,2
Criæ,blackrock,384,shaman,elemental,6,4,2
Вашнюхтоптал,howling-fjord,384,shaman,elemental,6,4,2
Euprathree,archimonde,384,shaman,elemental,6,4,2
Mící,argent-dawn,384,shaman,elemental,6,4,2
Zippidizap,ulduar,384,shaman,elemental,6,4,2
Lyrashaman,draenor,384,shaman,elemental,6,4,2
Schamîx,blackrock,384,shaman,elemental,6,4,2
Teckan,tarren-mill,384,shaman,elemental,6,4,2
Shafallen,tarren-mill,384,shaman,elemental,6,4,2
Idwala,outland,384,shaman,elemental,6,4,2
Ybbarcs,eredar,384,shaman,elemental,6,4,2
Yacuzwerg,blackrock,384,shaman,elemental,6,4,2
Aleshade,argent-dawn,384,shaman,elemental,6,4,2
Carakh,archimonde,384,shaman,elemental,6,4,2
Pvpmax,blackhand,384,shaman,elemental,6,4,2
Sebubu,twisting-nether,384,shaman,elemental,6,4,2
Rahuna,darksorrow,384,shaman,elemental,6,4,2
Prokken,garrosh,384,shaman,elemental,6,4,2
Bkdgoodz,aegwynn,384,shaman,elemental,6,4,2
Greenswag,drakthul,384,shaman,elemental,6,4,2
Windberg,ysondre,384,shaman,elemental,6,4,2
Drýtón,blackrock,384,shaman,elemental,6,4,2
Hispanoxd,sanguino,384,shaman,elemental,6,4,2
Jacc,sunstrider,384,shaman,elemental,6,4,2
Filiduttsham,ravencrest,384,shaman,elemental,6,4,2
Tóuka,uldum,384,shaman,elemental,6,4,2
Vyrá,onyxia,384,shaman,elemental,6,4,2
Finpower,kul-tiras,384,shaman,elemental,6,4,2
Alëxx,hyjal,384,shaman,elemental,6,4,2
Føxï,pozzo-delleternità,384,shaman,elemental,6,4,2
Айспик,ashenvale,384,shaman,elemental,6,4,2
Réläx,kazzak,384,shaman,elemental,12,4,8
Khankayn,kilrogg,384,shaman,elemental,12,4,8
Hí,bronzebeard,384,shaman,elemental,12,4,8
Cùn,blackmoore,384,shaman,elemental,12,4,8
Goitbate,azuremyst,384,shaman,elemental,12,4,8
Saggrox,kazzak,384,shaman,elemental,12,4,8
Вензеро,howling-fjord,384,shaman,elemental,12,4,8
Karissah,silvermoon,384,shaman,elemental,12,4,8
Jäck,ravencrest,384,shaman,elemental,12,4,8
Rompelukt,auchindoun,384,shaman,elemental,12,4,8
Magicmekoz,draenor,384,shaman,elemental,12,4,8
Zoolza,kirin-tor,384,shaman,elemental,12,4,8
Айбьорн,gordunni,384,shaman,elemental,12,4,8
Апинсмок,soulflayer,384,shaman,elemental,12,4,8
Nùrsegemy,nemesis,384,shaman,elemental,12,4,8
Бернтутрэп,soulflayer,384,shaman,elemental,12,4,8
Shamurky,kazzak,384,shaman,elemental,12,4,8
Kónjo,kazzak,384,shaman,elemental,12,4,8
Míza,ravencrest,384,shaman,elemental,12,4,8
Znakharke,silvermoon,384,shaman,elemental,12,4,8
Othemix,tarren-mill,384,shaman,elemental,12,4,8
Rocktopus,outland,384,shaman,elemental,12,4,8
Pinkylol,stormscale,384,shaman,elemental,12,4,8
Catatumbø,cthun,384,shaman,elemental,12,4,8
Tanillopzz,dun-modr,384,shaman,elemental,12,4,8
Tism,stormscale,384,shaman,elemental,12,4,8
Swart,hyjal,384,shaman,elemental,12,4,8
Styxsm,blackhand,384,shaman,elemental,12,4,8
Shïnnkøk,stormscale,384,shaman,elemental,12,4,8
Димасечка,galakrond,384,shaman,elemental,12,4,8
Zæüs,ragnaros,384,shaman,elemental,12,4,8
Snusy,stormscale,384,shaman,elemental,12,4,8
Setac,stormscale,384,shaman,elemental,12,4,8
Kookaboo,blackrock,384,shaman,elemental,12,4,8
Mawae,thrall,384,shaman,elemental,12,4,8
Ogmehu,stormreaver,384,shaman,elemental,12,4,8
Пса,fordragon,384,shaman,elemental,12,4,8
Kayden,uldum,384,shaman,elemental,12,4,8
Stlakañ,chants-éternels,384,shaman,elemental,12,4,8
Eskìmo,malganis,384,shaman,elemental,12,4,8
Xyckas,terrordar,384,shaman,elemental,12,4,8
Разодран,gordunni,383,shaman,elemental,6,4,2
Purgedaddy,tarren-mill,383,shaman,elemental,6,4,2
Интендо,soulflayer,383,shaman,elemental,6,4,2
Zokah,emeriss,383,shaman,elemental,6,4,2
Rextion,ravencrest,383,shaman,elemental,6,4,2
Кеквэклоун,soulflayer,383,shaman,elemental,6,4,2
Áza,archimonde,383,shaman,elemental,9,5,4
Brryantblaks,colinas-pardas,383,shaman,elemental,17,6,11
Dudoras,doomhammer,383,shaman,elemental,18,4,14
Kennyo,uldum,379,shaman,elemental,12,4,8
Santy,silvermoon,352,shaman,elemental,10,4,6
Khalamity,ravencrest,330,shaman,elemental,14,6,8
Roastý,blackrock,330,shaman,elemental,16,5,11
Gigawats,sylvanas,319,shaman,elemental,5,4,1
ßaßystärz,hyjal,319,shaman,elemental,5,4,1
Родохрозид,blackscar,288,shaman,elemental,6,3,3
Thundersioux,ravencrest,288,shaman,elemental,6,3,3
Shamanshow,eredar,288,shaman,elemental,6,3,3
Susais,outland,288,shaman,elemental,6,3,3
Brandbombe,frostwolf,288,shaman,elemental,6,3,3
Sëídhr,arathi,288,shaman,elemental,6,3,3
Sponktrasado,eredar,288,shaman,elemental,6,3,3
Shamanmans,grim-batol,288,shaman,elemental,6,3,3
Онеоне,deathweaver,288,shaman,elemental,6,3,3
Bharudor,antonidas,288,shaman,elemental,6,3,3
Brennokk,the-maelstrom,288,shaman,elemental,6,3,3
Shamandeadly,aggra-português,288,shaman,elemental,6,3,3
Lefita,drakthul,288,shaman,elemental,6,3,3
Suldarissha,aegwynn,288,shaman,elemental,6,3,3
Eisenfêind,antonidas,288,shaman,elemental,6,3,3
Ramuthra,sanguino,288,shaman,elemental,6,3,3
Filigran,ragnaros,288,shaman,elemental,6,3,3
Saduria,antonidas,288,shaman,elemental,6,3,3
Тотемныйчад,gordunni,288,shaman,elemental,6,3,3
Blyxuhm,argent-dawn,288,shaman,elemental,6,3,3
Whyisitspicy,kazzak,288,shaman,elemental,6,3,3
Tiâna,archimonde,288,shaman,elemental,6,3,3
Babydòll,neptulon,288,shaman,elemental,6,3,3
Yashëa,ysondre,288,shaman,elemental,6,3,3
Ezrasian,ragnaros,288,shaman,elemental,6,3,3
Peneapunta,nemesis,288,shaman,elemental,6,3,3
Penesecco,nemesis,288,shaman,elemental,6,3,3
Nastysham,blackrock,288,shaman,elemental,6,3,3
Shamuzan,malfurion,288,shaman,elemental,6,3,3
Mjukiz,tarren-mill,288,shaman,elemental,6,3,3
Dünnbier,blackhand,288,shaman,elemental,6,3,3
Bammë,archimonde,288,shaman,elemental,6,3,3
Volvíc,tichondrius,288,shaman,elemental,6,3,3
Irønythar,drakthul,288,shaman,elemental,6,3,3
Ghettero,ragnaros,288,shaman,elemental,6,3,3
Sházam,destromath,288,shaman,elemental,6,3,3
Санрэйн,soulflayer,288,shaman,elemental,6,3,3
Amu,ravencrest,288,shaman,elemental,6,3,3
Lifetimepro,twisting-nether,288,shaman,elemental,6,3,3
Hethne,kazzak,288,shaman,elemental,6,3,3
Joeyexe,outland,288,shaman,elemental,6,3,3
Kapristylez,outland,288,shaman,elemental,6,3,3
Slayerborn,eldrethalas,288,shaman,elemental,6,3,3
Peaktrim,tarren-mill,288,shaman,elemental,6,3,3
Fufupartyxx,blackrock,288,shaman,elemental,6,3,3
Nightingäle,silvermoon,288,shaman,elemental,6,3,3
Shaulic,ravencrest,288,shaman,elemental,6,3,3
Haltothunder,dalaran,288,shaman,elemental,6,3,3
Voodoodoouu,stormscale,288,shaman,elemental,6,3,3
Shamerific,magtheridon,288,shaman,elemental,6,3,3
Another,hakkar,288,shaman,elemental,6,3,3
Gissary,drakthul,288,shaman,elemental,6,3,3
Kaptt,twisting-nether,288,shaman,elemental,6,3,3
Qenninka,drakthul,288,shaman,elemental,6,3,3
Exolnard,twisting-nether,288,shaman,elemental,6,3,3
Whatsup,aggramar,288,shaman,elemental,6,3,3
Nokosi,doomhammer,288,shaman,elemental,6,3,3
Estexxsham,kazzak,288,shaman,elemental,6,3,3
Херургх,soulflayer,288,shaman,elemental,6,3,3
Zoraan,stormscale,288,shaman,elemental,6,3,3
Bas,nagrand,288,shaman,elemental,6,3,3
Dagra,twisting-nether,288,shaman,elemental,6,3,3
Xye,bloodfeather,288,shaman,elemental,6,3,3
Faroh,ravencrest,288,shaman,elemental,6,3,3
Rubmetotems,burning-legion,288,shaman,elemental,6,3,3
Gorgath,dunemaul,288,shaman,elemental,6,3,3
Tuftonshaman,ravencrest,288,shaman,elemental,6,3,3
Begeshaman,sylvanas,288,shaman,elemental,6,3,3
Crysham,tarren-mill,288,shaman,elemental,6,3,3
Grimrieper,stormscale,288,shaman,elemental,6,3,3
Ilovédogs,tarren-mill,288,shaman,elemental,6,3,3
Putrìfy,ravencrest,288,shaman,elemental,6,3,3
Lunarsloth,hyjal,288,shaman,elemental,6,3,3
Царьбер,soulflayer,288,shaman,elemental,6,3,3
Natureabuser,kazzak,288,shaman,elemental,6,3,3
Neirdae,thunderhorn,288,shaman,elemental,6,3,3
Hotstorm,bronzebeard,288,shaman,elemental,6,3,3
Alphà,stormscale,288,shaman,elemental,6,3,3
Ong,anubarak,288,shaman,elemental,6,3,3
Энхай,azuregos,288,shaman,elemental,6,3,3
Wíndu,zuljin,288,shaman,elemental,9,4,5
Bigpinkpig,thunderhorn,288,shaman,elemental,7,3,4
Kletskebang,tarren-mill,288,shaman,elemental,10,4,6
Rätxs,blackhand,288,shaman,elemental,12,3,9
Fatyoe,eredar,288,shaman,elemental,12,3,9
Gaera,veknilash,288,shaman,elemental,12,3,9
Benzi,ragnaros,288,shaman,elemental,12,3,9
Vodoochild,hyjal,288,shaman,elemental,12,3,9
Чтозабред,gordunni,288,shaman,elemental,12,3,9
Iceshockz,sylvanas,288,shaman,elemental,12,3,9
Yeah,emeriss,288,shaman,elemental,12,3,9
Cazzari,thrall,288,shaman,elemental,12,3,9
Korbas,burning-legion,288,shaman,elemental,12,3,9
Tonto,frostmane,288,shaman,elemental,12,3,9
Tir,auchindoun,288,shaman,elemental,12,3,9
Jaeslin,tarren-mill,288,shaman,elemental,12,3,9
Izir,archimonde,288,shaman,elemental,12,3,9
Rargosh,malorne,288,shaman,elemental,12,3,9
Throkal,blackhand,288,shaman,elemental,12,3,9
Qwunjin,ragnaros,288,shaman,elemental,12,3,9
Grinan,hyjal,288,shaman,elemental,12,3,9
Fouchin,outland,288,shaman,elemental,12,3,9
Moosavi,kazzak,288,shaman,elemental,12,3,9
Berith,spinebreaker,288,shaman,elemental,12,3,9
Azifox,hyjal,288,shaman,elemental,12,3,9
Elemania,mugthol,288,shaman,elemental,12,3,9
Joeculdacier,hyjal,288,shaman,elemental,12,3,9
Opaque,doomhammer,288,shaman,elemental,12,3,9
Bónkas,kazzak,288,shaman,elemental,12,3,9
Eliteblood,kazzak,288,shaman,elemental,12,3,9
Gethrok,rajaxx,288,shaman,elemental,12,3,9
Corlysvelary,doomhammer,288,shaman,elemental,12,3,9
Woolysocks,draenor,288,shaman,elemental,12,3,9
Megaherz,sanguino,287,shaman,elemental,6,3,3
Bogatyrk,twisting-nether,287,shaman,elemental,6,3,3
Zalacrass,sanguino,286,shaman,elemental,6,3,3
Twotwozero,defias-brotherhood,286,shaman,elemental,6,3,3
Вещун,deathguard,284,shaman,elemental,12,3,9
Mareaspibas,zuljin,239,shaman,elemental,5,3,2
Sèfìx,tarren-mill,239,shaman,elemental,5,3,2
Thytor,blackmoore,239,shaman,elemental,5,3,2
Deathshamãn,stormscale,239,shaman,elemental,11,3,8
Beautie,sylvanas,234,shaman,elemental,14,4,10
Ishkadar,twisting-nether,192,shaman,elemental,6,2,4
Stormzug,twisting-nether,192,shaman,elemental,6,2,4
Roastbeef,blackrock,192,shaman,elemental,6,2,4
Ratatakéas,archimonde,192,shaman,elemental,6,2,4
Wawawoowee,archimonde,192,shaman,elemental,6,2,4
Nabq,hyjal,192,shaman,elemental,6,2,4
Stivishamy,blackmoore,192,shaman,elemental,6,2,4
Nnekalol,twisting-nether,192,shaman,elemental,6,2,4
Telezex,twisting-nether,192,shaman,elemental,6,2,4
Растабоба,galakrond,192,shaman,elemental,6,2,4
Beletili,chogall,192,shaman,elemental,6,2,4
Waterpistol,twisting-nether,192,shaman,elemental,6,2,4
Rakermän,dun-modr,192,shaman,elemental,6,2,4
Yöh,tarren-mill,192,shaman,elemental,6,2,4
Amonshokz,tarren-mill,192,shaman,elemental,6,2,4
Patites,twisting-nether,192,shaman,elemental,6,2,4
Exílium,tarren-mill,192,shaman,elemental,6,2,4
Bomboclat,azjolnerub,192,shaman,elemental,6,2,4
Oldbuttgold,archimonde,192,shaman,elemental,6,2,4
Лаваяшка,gordunni,192,shaman,elemental,6,2,4
Nuekx,sanguino,192,shaman,elemental,6,2,4
Tigro,burning-legion,192,shaman,elemental,6,2,4
Cptsham,blackrock,192,shaman,elemental,6,2,4
Wârmachiine,burning-legion,192,shaman,elemental,6,2,4
Baxz,twisting-nether,192,shaman,elemental,6,2,4
Frý,archimonde,192,shaman,elemental,6,2,4
Casterzajx,kazzak,192,shaman,elemental,6,2,4
Shambamm,stormscale,192,shaman,elemental,6,2,4
Эгриок,howling-fjord,192,shaman,elemental,6,2,4
Fläskbjarne,stormscale,192,shaman,elemental,6,2,4
Blubb,rajaxx,192,shaman,elemental,6,2,4
Ahrim,argent-dawn,192,shaman,elemental,6,2,4
Lemonez,ravencrest,192,shaman,elemental,6,2,4
Kappatotem,silvermoon,192,shaman,elemental,6,2,4
Purgegødxx,aegwynn,192,shaman,elemental,6,2,4
Tolk,thrall,192,shaman,elemental,6,2,4
Zackyboi,tarren-mill,192,shaman,elemental,6,2,4
Giïh,ravencrest,192,shaman,elemental,6,2,4
Dodododfewal,stormscale,192,shaman,elemental,6,2,4
Shàmeonyou,dun-morogh,192,shaman,elemental,6,2,4
Éàsy,blackmoore,192,shaman,elemental,6,2,4
Zinlay,tarren-mill,192,shaman,elemental,6,2,4
Fuzzbolt,silvermoon,192,shaman,elemental,6,2,4
Keisys,kazzak,192,shaman,elemental,6,2,4
Undae,ravencrest,192,shaman,elemental,6,2,4
Tates,jaedenar,192,shaman,elemental,6,2,4
Elshamino,ravencrest,192,shaman,elemental,6,2,4
Garakh,argent-dawn,192,shaman,elemental,6,2,4
Stephbäck,outland,192,shaman,elemental,6,2,4
Melliska,silvermoon,192,shaman,elemental,6,2,4
Karpsham,stormscale,192,shaman,elemental,6,2,4
Albatroz,the-maelstrom,192,shaman,elemental,6,2,4
Yobanivrot,the-maelstrom,192,shaman,elemental,6,2,4
Bjerknes,draenor,192,shaman,elemental,6,2,4
Shamarre,executus,192,shaman,elemental,6,2,4
Yiyi,boulderfist,192,shaman,elemental,6,2,4
Krovogor,silvermoon,192,shaman,elemental,6,2,4
Шамяра,blackscar,192,shaman,elemental,6,2,4
Mehex,tarren-mill,192,shaman,elemental,6,2,4
Шаеман,soulflayer,192,shaman,elemental,6,2,4
Littletrall,outland,192,shaman,elemental,6,2,4
Kolchidyalah,la-croisade-écarlate,192,shaman,elemental,6,2,4
Checkpoint,defias-brotherhood,192,shaman,elemental,6,2,4
Yalakgh,wrathbringer,192,shaman,elemental,6,2,4
Тандерхем,gordunni,192,shaman,elemental,6,2,4
Tuksy,darkspear,192,shaman,elemental,6,2,4
Rindenmulch,eredar,192,shaman,elemental,6,2,4
Сновидений,soulflayer,192,shaman,elemental,6,2,4
Dormido,sanguino,192,shaman,elemental,6,2,4
Zugx,silvermoon,192,shaman,elemental,6,2,4
Schamistyle,blackhand,192,shaman,elemental,6,2,4
Präsi,die-aldor,192,shaman,elemental,6,2,4
Rok,darkspear,192,shaman,elemental,6,2,4
Djxyoloswag,silvermoon,192,shaman,elemental,6,2,4
Durinlaso,sanguino,192,shaman,elemental,6,2,4
Shadowlolz,kazzak,192,shaman,elemental,6,2,4
Chllup,drakthul,192,shaman,elemental,6,2,4
Zappyhog,turalyon,192,shaman,elemental,6,2,4
Papskalla,ravencrest,192,shaman,elemental,6,2,4
Firsttime,alakir,192,shaman,elemental,6,2,4
Драгенхз,gordunni,192,shaman,elemental,6,2,4
Nuvet,argent-dawn,192,shaman,elemental,6,2,4
Squixi,ravencrest,192,shaman,elemental,6,2,4
Macetoyaface,darksorrow,192,shaman,elemental,6,2,4
Behemothsm,kazzak,192,shaman,elemental,6,2,4
Импфаразел,gordunni,192,shaman,elemental,6,2,4
Hogmodig,tarren-mill,192,shaman,elemental,7,2,5
Thunda,stormreaver,192,shaman,elemental,12,2,10
Огневед,soulflayer,192,shaman,elemental,12,2,10
Неерззул,soulflayer,192,shaman,elemental,12,2,10
Cámmy,twisting-nether,192,shaman,elemental,12,2,10
Yarøu,antonidas,192,shaman,elemental,12,2,10
Nakenfeigy,stormreaver,192,shaman,elemental,12,2,10
Zíp,archimonde,192,shaman,elemental,12,2,10
Зуфар,howling-fjord,192,shaman,elemental,12,2,10
Максобман,howling-fjord,192,shaman,elemental,12,2,10
Thornyberrý,outland,192,shaman,elemental,12,2,10
Lycburst,twisting-nether,192,shaman,elemental,12,2,10
Sweetcåndy,stormscale,192,shaman,elemental,12,2,10
Ghostx,nemesis,192,shaman,elemental,18,2,16
Zeiger,minahonda,192,shaman,elemental,24,2,22
Khraajsy,sylvanas,191,shaman,elemental,6,2,4
Aspirio,ravencrest,175,shaman,elemental,11,2,9
Kivra,burning-legion,159,shaman,elemental,5,2,3
Tarzh,dalaran,159,shaman,elemental,8,3,5
Thalgryn,twisting-nether,159,shaman,elemental,8,3,5
Kortën,khaz-modan,159,shaman,elemental,10,2,8
Artigeartig,draenor,144,shaman,elemental,3,3,0
Jimkopf,eredar,138,shaman,elemental,10,4,6
Disneyplus,tarren-mill,138,shaman,elemental,8,3,5
Clappagobzz,kazzak,138,shaman,elemental,8,3,5
Amiashaman,stormscale,138,shaman,elemental,16,3,13
Корсика,gordunni,128,shaman,elemental,4,2,2
Shakgor,draenor,128,shaman,elemental,4,2,2
Zadrams,argent-dawn,96,shaman,elemental,3,2,1
Thorcasso,azuremyst,96,shaman,elemental,3,2,1
Bram,aggra-português,96,shaman,elemental,3,2,1
Simpledream,tarren-mill,96,shaman,elemental,3,2,1
Nopivøt,hyjal,96,shaman,elemental,7,2,5
Glug,magtheridon,96,shaman,elemental,6,1,5
Biztor,jaedenar,96,shaman,elemental,6,1,5
Zows,kazzak,96,shaman,elemental,6,1,5
Jabena,draenor,96,shaman,elemental,6,1,5
Samisu,blackmoore,96,shaman,elemental,6,1,5
Shaminista,ravencrest,96,shaman,elemental,6,1,5
Kilruk,ravencrest,96,shaman,elemental,6,1,5
Muisak,culte-de-la-rive-noire,96,shaman,elemental,6,1,5
Shockmelone,blackrock,96,shaman,elemental,6,1,5
Growlêy,draenor,96,shaman,elemental,6,1,5
Артокор,gordunni,96,shaman,elemental,6,1,5
Mittyzap,kazzak,96,shaman,elemental,6,1,5
Rykou,nagrand,96,shaman,elemental,6,1,5
Shàwyn,sylvanas,96,shaman,elemental,6,1,5
Heheheyup,ravencrest,96,shaman,elemental,6,1,5
Driftal,laughing-skull,96,shaman,elemental,6,1,5
Сентес,soulflayer,96,shaman,elemental,6,1,5
Pasjeop,ravencrest,96,shaman,elemental,6,1,5
Châmanco,dun-modr,96,shaman,elemental,6,1,5
Ferdizap,draenor,96,shaman,elemental,6,1,5
Fatflop,sylvanas,96,shaman,elemental,6,1,5
Dwarfofwar,ravencrest,96,shaman,elemental,6,1,5
Choppintex,archimonde,96,shaman,elemental,6,1,5
Ellyy,silvermoon,96,shaman,elemental,6,1,5
Shamira,nethersturm,96,shaman,elemental,6,1,5
Zaffyboi,draenor,96,shaman,elemental,6,1,5
Çoco,blackrock,96,shaman,elemental,6,1,5
Rakat,twisting-nether,96,shaman,elemental,6,1,5
Lik,nethersturm,96,shaman,elemental,6,1,5
Bispi,blackmoore,96,shaman,elemental,6,1,5
Barockox,kazzak,96,shaman,elemental,6,1,5
Stiflersmôm,antonidas,96,shaman,elemental,6,1,5
Flurpz,outland,96,shaman,elemental,6,1,5
Lexyiasz,kazzak,96,shaman,elemental,6,1,5
Nuclearjohny,eredar,96,shaman,elemental,6,1,5
Skailzcham,hyjal,96,shaman,elemental,6,1,5
Papaver,zirkel-des-cenarius,96,shaman,elemental,6,1,5
Newÿorc,dalaran,96,shaman,elemental,6,1,5
Dergat,pozzo-delleternità,96,shaman,elemental,6,1,5
Vorkanyx,ysondre,96,shaman,elemental,6,1,5
Пэппивкашке,howling-fjord,96,shaman,elemental,6,1,5
Aguero,aegwynn,96,shaman,elemental,6,1,5
Elementy,bronze-dragonflight,96,shaman,elemental,6,1,5
Freexx,aegwynn,96,shaman,elemental,6,1,5
Ämbientador,sanguino,96,shaman,elemental,6,1,5
Elijaá,nordrassil,96,shaman,elemental,6,1,5
Jänis,ragnaros,96,shaman,elemental,6,1,5
Moglibard,grim-batol,96,shaman,elemental,6,1,5
Монамур,deathguard,96,shaman,elemental,6,1,5
Goldva,outland,96,shaman,elemental,6,1,5
Dérgérät,blackrock,96,shaman,elemental,6,1,5
Killhorn,malganis,96,shaman,elemental,6,1,5
Electroklart,defias-brotherhood,96,shaman,elemental,6,1,5
Bärtigbaron,thrall,96,shaman,elemental,6,1,5
Phanomz,ragnaros,96,shaman,elemental,6,1,5
Ânne,blackrock,96,shaman,elemental,6,1,5
Bonjwa,eitrigg,96,shaman,elemental,6,1,5
Happyjuice,silvermoon,96,shaman,elemental,6,1,5
Bonestompamc,blackmoore,96,shaman,elemental,6,1,5
Dizhkameduu,terokkar,96,shaman,elemental,6,1,5
Hagelbrakan,stormscale,96,shaman,elemental,6,1,5
Felcrushed,stormscale,96,shaman,elemental,6,1,5
Grillfleîsch,azshara,96,shaman,elemental,6,1,5
Depucova,silvermoon,96,shaman,elemental,6,1,5
Zerim,taerar,96,shaman,elemental,6,1,5
Nìtratx,archimonde,96,shaman,elemental,6,1,5
Biotopia,blackrock,96,shaman,elemental,6,1,5
Shamsteaks,ysera,96,shaman,elemental,6,1,5
Nafay,lordaeron,96,shaman,elemental,6,1,5
Baxstarxz,stormscale,96,shaman,elemental,6,1,5
Panzarkamp,stormscale,96,shaman,elemental,6,1,5
Zappypewpew,drakthul,96,shaman,elemental,12,1,11
Amaizin,stormscale,96,shaman,elemental,12,1,11
Tapatak,antonidas,96,shaman,elemental,12,1,11
Kyst,elune,95,shaman,elemental,6,1,5
Torepåsporet,deathwing,79,shaman,elemental,5,1,4
Agnøt,khaz-modan,63,shaman,elemental,2,2,0
Yeháw,kazzak,48,shaman,elemental,3,1,2
Hyu,hyjal,42,shaman,elemental,10,2,8
Shammolino,nemesis,41,shaman,elemental,7,3,4
Shds,blackmoore,31,shaman,elemental,2,1,1
Gushgush,draenor,31,shaman,elemental,2,1,1
Shamszy,grim-batol,16,shaman,elemental,1,1,0
Memourian,drakthul,16,shaman,elemental,7,1,6
Bredare,ravencrest,2406,shaman,enhancement,136,104,32
Blaukraut,stormscale,2375,shaman,enhancement,115,75,40
Mûnch,kazzak,2369,shaman,enhancement,110,73,37
Joeyexe,outland,2362,shaman,enhancement,193,109,84
Avines,twisting-nether,2284,shaman,enhancement,361,191,170
Крааули,soulflayer,2283,shaman,enhancement,439,228,211
Китрасст,soulflayer,2263,shaman,enhancement,84,47,37
Nevergroundx,perenolde,2257,shaman,enhancement,96,60,36
Axdn,ravencrest,2249,shaman,enhancement,92,51,41
Китраст,soulflayer,2247,shaman,enhancement,99,52,47
Дудивтф,soulflayer,2244,shaman,enhancement,194,105,89
Strippzz,stormscale,2238,shaman,enhancement,102,62,40
Fatpig,stormscale,2238,shaman,enhancement,83,47,36
Dennismanone,tarren-mill,2228,shaman,enhancement,120,62,58
Hermerejildo,stormscale,2221,shaman,enhancement,166,86,80
Kweng,stormreaver,2208,shaman,enhancement,193,109,84
Shadiqt,stormscale,2194,shaman,enhancement,96,51,45
Buffdraventy,archimonde,2176,shaman,enhancement,102,59,43
Shadijr,stormscale,2176,shaman,enhancement,94,50,44
Treyway,dun-modr,2174,shaman,enhancement,96,64,32
Metastasis,dalaran,2170,shaman,enhancement,138,90,48
Lizoo,ravencrest,2169,shaman,enhancement,102,66,36
Sparkyxd,twisting-nether,2160,shaman,enhancement,108,52,56
Acidtrips,thrall,2159,shaman,enhancement,142,71,71
Curioustowel,kazzak,2158,shaman,enhancement,71,40,31
Fckumen,ravencrest,2155,shaman,enhancement,124,71,53
Baconbazooka,tarren-mill,2147,shaman,enhancement,101,60,41
Lovèless,stormscale,2147,shaman,enhancement,48,28,20
Áä,stormscale,2146,shaman,enhancement,48,42,6
Enhahaha,tarren-mill,2141,shaman,enhancement,84,45,39
Azifox,hyjal,2141,shaman,enhancement,144,72,72
Smorcshamyy,kazzak,2138,shaman,enhancement,182,99,83
Æerømachine,outland,2138,shaman,enhancement,122,63,59
Mustakrakish,terokkar,2127,shaman,enhancement,78,53,25
Sillaas,ysondre,2127,shaman,enhancement,210,104,106
Тандервульф,howling-fjord,2119,shaman,enhancement,361,193,168
Shadi,stormscale,2119,shaman,enhancement,84,44,40
Shamanyxx,tarren-mill,2114,shaman,enhancement,269,141,128
Maelstrom,eredar,2113,shaman,enhancement,300,167,133
Feetaddict,kazzak,2109,shaman,enhancement,187,104,83
Бафамет,blackscar,2108,shaman,enhancement,66,39,27
Voodoodoouu,stormscale,2106,shaman,enhancement,173,93,80
Krónm,dun-modr,2104,shaman,enhancement,112,73,39
Sparkygødx,twisting-nether,2104,shaman,enhancement,54,33,21
Myguns,silvermoon,2101,shaman,enhancement,182,97,85
Møldør,tarren-mill,2100,shaman,enhancement,132,84,48
Zouk,ysondre,2100,shaman,enhancement,102,63,39
Trulylove,tarren-mill,2090,shaman,enhancement,99,50,49
Swapxy,ravencrest,2084,shaman,enhancement,54,33,21
Noboorst,stormscale,2082,shaman,enhancement,100,52,48
Zulmalis,twisting-nether,2078,shaman,enhancement,177,103,74
Qnanen,ravencrest,2078,shaman,enhancement,200,114,86
Ostosmvp,ravencrest,2075,shaman,enhancement,108,54,54
Stribbzz,stormscale,2071,shaman,enhancement,340,186,154
Sswf,kazzak,2070,shaman,enhancement,60,35,25
Etox,darksorrow,2070,shaman,enhancement,138,71,67
Yashëa,ysondre,2069,shaman,enhancement,73,59,14
Babalahziz,ysondre,2065,shaman,enhancement,142,94,48
Chancè,tarren-mill,2065,shaman,enhancement,96,54,42
Kwengi,stormreaver,2065,shaman,enhancement,120,62,58
Critonian,twisting-nether,2065,shaman,enhancement,123,63,60
Читорра,gordunni,2064,shaman,enhancement,108,58,50
Mëditåtïøñ,blackrock,2059,shaman,enhancement,66,32,34
Falseshepard,kazzak,2055,shaman,enhancement,84,45,39
Shïnnøk,stormscale,2053,shaman,enhancement,568,289,279
Milheroj,tarren-mill,2045,shaman,enhancement,165,89,76
Автозакзак,soulflayer,2045,shaman,enhancement,101,48,53
Gúîtårgøð,sanguino,2042,shaman,enhancement,89,44,45
Gõyokunomajo,kazzak,2035,shaman,enhancement,78,52,26
Ниокумибейт,soulflayer,2035,shaman,enhancement,100,64,36
Епуклопов,soulflayer,2035,shaman,enhancement,114,69,45
Oldveteran,eredar,2035,shaman,enhancement,127,76,51
Hexmex,stormreaver,2035,shaman,enhancement,164,89,75
Zró,blackrock,2035,shaman,enhancement,192,100,92
Plsdontpress,stormscale,2029,shaman,enhancement,121,70,51
Chakafuyo,dun-modr,2028,shaman,enhancement,74,45,29
Hermerejildo,tarren-mill,2026,shaman,enhancement,66,38,28
Wóllff,archimonde,2026,shaman,enhancement,123,67,56
Syllaas,ysondre,2024,shaman,enhancement,240,119,121
Shambolicc,ravencrest,2023,shaman,enhancement,106,53,53
Taktouka,archimonde,2019,shaman,enhancement,95,48,47
Arslos,twisting-nether,2010,shaman,enhancement,50,39,11
Херургх,soulflayer,2009,shaman,enhancement,170,102,68
Вацунвец,goldrinn,2006,shaman,enhancement,203,111,92
Yombaï,archimonde,2003,shaman,enhancement,240,120,120
Xa,blackrock,1995,shaman,enhancement,165,92,73
Twísting,tarren-mill,1989,shaman,enhancement,59,37,22
Trulylove,outland,1988,shaman,enhancement,228,109,119
Shukhevych,kazzak,1984,shaman,enhancement,281,147,134
Инсэйнгод,soulflayer,1983,shaman,enhancement,63,32,31
Архивоитель,soulflayer,1980,shaman,enhancement,136,80,56
Morguk,zuljin,1980,shaman,enhancement,115,67,48
Woopiedoopie,silvermoon,1979,shaman,enhancement,213,117,96
Karpsham,stormscale,1977,shaman,enhancement,210,101,109
Corvux,tarren-mill,1976,shaman,enhancement,84,45,39
Wishsteen,stormscale,1973,shaman,enhancement,95,52,43
Nopre,blackrock,1968,shaman,enhancement,451,234,217
Hardeeshot,stormscale,1964,shaman,enhancement,79,49,30
Horelio,sanguino,1961,shaman,enhancement,231,129,102
Нарленд,gordunni,1960,shaman,enhancement,240,122,118
Ódicen,dun-modr,1959,shaman,enhancement,63,37,26
Pusspatrol,kazzak,1959,shaman,enhancement,114,55,59
Энха,howling-fjord,1957,shaman,enhancement,81,41,40
Майндшторм,blackscar,1956,shaman,enhancement,114,69,45
Akatuseiwah,blackrock,1956,shaman,enhancement,65,33,32
Бренненд,howling-fjord,1953,shaman,enhancement,194,107,87
Disciplé,blackmoore,1953,shaman,enhancement,95,51,44
Shïnnkøk,stormscale,1953,shaman,enhancement,138,70,68
Viablous,ravencrest,1950,shaman,enhancement,202,122,80
Kazing,outland,1950,shaman,enhancement,65,33,32
Ниу,thermaplugg,1949,shaman,enhancement,54,32,22
Shambolicc,kazzak,1949,shaman,enhancement,164,81,83
Вацустайл,goldrinn,1947,shaman,enhancement,90,56,34
Gønêxt,ravencrest,1946,shaman,enhancement,63,38,25
Kikbokser,kazzak,1944,shaman,enhancement,76,47,29
Turbostruck,ravencrest,1944,shaman,enhancement,120,54,66
Hezdnalien,aegwynn,1940,shaman,enhancement,191,108,83
Yüri,stormscale,1939,shaman,enhancement,289,142,147
Nòrgan,die-aldor,1938,shaman,enhancement,49,32,17
Talrall,twisting-nether,1934,shaman,enhancement,144,78,66
Løne,sylvanas,1933,shaman,enhancement,209,119,90
Phobiatics,thrall,1932,shaman,enhancement,53,35,18
Shamarach,sylvanas,1931,shaman,enhancement,60,38,22
Deaslow,hyjal,1929,shaman,enhancement,206,112,94
Daybidaybi,stormscale,1927,shaman,enhancement,191,97,94
Skullstorm,talnivarr,1926,shaman,enhancement,109,61,48
Brokenguyman,defias-brotherhood,1924,shaman,enhancement,58,34,24
Alterem,kazzak,1922,shaman,enhancement,227,119,108
Hermonidas,dun-modr,1922,shaman,enhancement,59,28,31
Mittyzap,kazzak,1917,shaman,enhancement,120,70,50
Nuarishaman,kazzak,1917,shaman,enhancement,132,69,63
Kardyo,archimonde,1915,shaman,enhancement,111,58,53
Recaim,outland,1915,shaman,enhancement,71,37,34
Ruffepuffe,twisting-nether,1915,shaman,enhancement,384,195,189
Zarkab,ysondre,1911,shaman,enhancement,88,61,27
Matrixxer,aegwynn,1910,shaman,enhancement,63,44,19
Ennuii,blackrock,1910,shaman,enhancement,60,35,25
Teknorave,dun-modr,1909,shaman,enhancement,66,35,31
Chehkhan,archimonde,1909,shaman,enhancement,88,44,44
Tordenlars,ragnaros,1908,shaman,enhancement,53,31,22
Kishock,tarren-mill,1907,shaman,enhancement,48,28,20
Fözk,outland,1907,shaman,enhancement,66,36,30
Bredex,doomhammer,1906,shaman,enhancement,66,43,23
Kulefesk,grim-batol,1906,shaman,enhancement,150,76,74
Wúh,twisting-nether,1905,shaman,enhancement,254,140,114
Тиидишам,blackscar,1905,shaman,enhancement,143,72,71
Слакербэдбой,gordunni,1904,shaman,enhancement,126,62,64
Spaltbart,blackmoore,1903,shaman,enhancement,144,83,61
Rækwon,tarren-mill,1903,shaman,enhancement,102,56,46
Arhitopg,silvermoon,1903,shaman,enhancement,120,64,56
Turbostuck,ravencrest,1900,shaman,enhancement,159,80,79
Matchstíck,draenor,1899,shaman,enhancement,132,64,68
Ujasdaddy,stormscale,1896,shaman,enhancement,42,30,12
Lavadelrey,drakthul,1895,shaman,enhancement,65,33,32
Lassolasse,sylvanas,1894,shaman,enhancement,54,35,19
Flappey,stormscale,1894,shaman,enhancement,78,48,30
Kilnih,archimonde,1894,shaman,enhancement,60,35,25
Trixey,mazrigos,1892,shaman,enhancement,52,30,22
Bikdig,dun-modr,1890,shaman,enhancement,96,54,42
Nachosauce,tarren-mill,1890,shaman,enhancement,53,28,25
Gottiy,blackhand,1890,shaman,enhancement,162,80,82
Djimin,sanguino,1887,shaman,enhancement,315,170,145
Nerfrets,malganis,1882,shaman,enhancement,197,116,81
Tebzs,ravencrest,1881,shaman,enhancement,30,20,10
Ohhmm,ravencrest,1881,shaman,enhancement,42,20,22
Mírídíuss,silvermoon,1879,shaman,enhancement,65,37,28
Blitzmann,outland,1879,shaman,enhancement,54,30,24
Tâktoukâ,archimonde,1877,shaman,enhancement,196,106,90
Milheroj,terenas,1877,shaman,enhancement,48,20,28
Propanengtmr,stormscale,1874,shaman,enhancement,35,20,15
Tosemist,stormscale,1873,shaman,enhancement,82,45,37
Zetorgg,burning-legion,1873,shaman,enhancement,136,70,66
Qwertyxd,ravencrest,1872,shaman,enhancement,90,54,36
Jaykelul,frostmane,1871,shaman,enhancement,24,20,4
Shds,blackmoore,1871,shaman,enhancement,118,68,50
Bullx,magtheridon,1870,shaman,enhancement,138,75,63
Ятебясмету,gordunni,1867,shaman,enhancement,48,32,16
Jäy,twisting-nether,1867,shaman,enhancement,58,31,27
Pumpcok,durotan,1866,shaman,enhancement,82,48,34
Azrs,ravencrest,1866,shaman,enhancement,108,63,45
Rëalg,zuljin,1866,shaman,enhancement,154,89,65
Uhøfligeulf,draenor,1865,shaman,enhancement,119,56,63
Turbotorgny,draenor,1863,shaman,enhancement,54,34,20
Medistød,draenor,1862,shaman,enhancement,194,115,79
Вудумастер,gordunni,1859,shaman,enhancement,125,71,54
Dimno,burning-blade,1857,shaman,enhancement,36,24,12
Naochí,silvermoon,1857,shaman,enhancement,35,23,12
Hanrej,draenor,1856,shaman,enhancement,60,37,23
Shamhaár,blackmoore,1856,shaman,enhancement,100,61,39
Radåhn,outland,1854,shaman,enhancement,72,44,28
Ваншотстайлз,soulflayer,1854,shaman,enhancement,148,76,72
Сидог,soulflayer,1853,shaman,enhancement,42,30,12
Klintxbob,hyjal,1852,shaman,enhancement,36,20,16
Shockxy,norgannon,1852,shaman,enhancement,54,28,26
Frankone,outland,1851,shaman,enhancement,228,124,104
Høwlstørmx,ravencrest,1850,shaman,enhancement,55,36,19
Stormkiler,defias-brotherhood,1850,shaman,enhancement,237,114,123
Veloudinos,twisting-nether,1849,shaman,enhancement,125,82,43
Chatbanned,blackmoore,1849,shaman,enhancement,42,25,17
Getahex,ravencrest,1847,shaman,enhancement,35,26,9
Blubbers,magtheridon,1847,shaman,enhancement,60,36,24
Tailin,nozdormu,1846,shaman,enhancement,66,40,26
Stormfíst,tarren-mill,1846,shaman,enhancement,162,90,72
Пэппивкашке,howling-fjord,1846,shaman,enhancement,86,46,40
Monamour,twisting-nether,1845,shaman,enhancement,102,63,39
Zutemaster,stormscale,1845,shaman,enhancement,140,78,62
Echoingshock,argent-dawn,1844,shaman,enhancement,60,41,19
Pvpone,ravencrest,1844,shaman,enhancement,42,21,21
Powercolor,aegwynn,1844,shaman,enhancement,61,30,31
Orakl,tarren-mill,1843,shaman,enhancement,203,117,86
Lokes,drakthul,1843,shaman,enhancement,369,189,180
Totemofgreed,rexxar,1843,shaman,enhancement,84,40,44
Ferconex,kazzak,1842,shaman,enhancement,250,135,115
Мсет,soulflayer,1841,shaman,enhancement,35,23,12
Siphem,stormscale,1841,shaman,enhancement,49,31,18
Blyxuhm,argent-dawn,1841,shaman,enhancement,42,23,19
Marohk,uldum,1840,shaman,enhancement,90,47,43
Dendyre,outland,1840,shaman,enhancement,59,29,30
Вандерласт,howling-fjord,1839,shaman,enhancement,137,78,59
Testosterone,dun-modr,1837,shaman,enhancement,148,78,70
Tzivati,draenor,1835,shaman,enhancement,59,34,25
Altarian,nemesis,1834,shaman,enhancement,87,47,40
Jtouni,outland,1834,shaman,enhancement,138,69,69
Lekthar,draenor,1833,shaman,enhancement,143,83,60
Djonebutton,kazzak,1833,shaman,enhancement,47,27,20
Metamorflord,ravencrest,1833,shaman,enhancement,84,48,36
Dzandell,silvermoon,1833,shaman,enhancement,246,120,126
Mehex,tarren-mill,1831,shaman,enhancement,90,49,41
Wacomtablet,kazzak,1830,shaman,enhancement,42,24,18
Shámi,gilneas,1830,shaman,enhancement,54,26,28
Pocahøntas,archimonde,1829,shaman,enhancement,92,47,45
Ganachimby,zuljin,1828,shaman,enhancement,53,36,17
Друггрумилей,soulflayer,1828,shaman,enhancement,42,24,18
Salvadr,zuljin,1827,shaman,enhancement,70,39,31
Javaburst,ragnaros,1827,shaman,enhancement,191,104,87
Miikkas,blackhand,1826,shaman,enhancement,54,38,16
Eselwindzorn,blackrock,1825,shaman,enhancement,53,32,21
Пеклоь,soulflayer,1824,shaman,enhancement,288,141,147
Ananasanax,twisting-nether,1823,shaman,enhancement,114,63,51
Pumpzuat,khadgar,1821,shaman,enhancement,58,37,21
Grende,sylvanas,1820,shaman,enhancement,164,87,77
Xôàrqt,eredar,1819,shaman,enhancement,308,163,145
Djsnéak,blackrock,1819,shaman,enhancement,48,24,24
Senroxx,blackrock,1818,shaman,enhancement,48,32,16
Aeisey,archimonde,1817,shaman,enhancement,83,52,31
Argotan,drakthul,1817,shaman,enhancement,71,43,28
Thunberg,ravencrest,1817,shaman,enhancement,107,61,46
Hapkin,defias-brotherhood,1816,shaman,enhancement,54,38,16
Mckoy,kazzak,1816,shaman,enhancement,40,27,13
Joanno,aegwynn,1815,shaman,enhancement,54,34,20
Pumanii,silvermoon,1815,shaman,enhancement,96,55,41
Androck,tarren-mill,1815,shaman,enhancement,109,57,52
Рыганский,blackscar,1815,shaman,enhancement,66,30,36
Биттерлинкс,blackscar,1815,shaman,enhancement,60,27,33
Hayvaan,blackrock,1814,shaman,enhancement,245,143,102
Dhedge,draenor,1812,shaman,enhancement,108,61,47
Gelthan,zuljin,1812,shaman,enhancement,218,119,99
Eysns,blackrock,1811,shaman,enhancement,70,42,28
Zulren,draenor,1811,shaman,enhancement,42,23,19
Dshaman,aegwynn,1810,shaman,enhancement,36,23,13
Jaimæ,ravencrest,1809,shaman,enhancement,30,23,7
Asaakira,blackmoore,1809,shaman,enhancement,325,162,163
Wishstêên,stormscale,1809,shaman,enhancement,64,29,35
Roxâm,hyjal,1808,shaman,enhancement,34,20,14
Ðrshock,blackmoore,1808,shaman,enhancement,54,31,23
Царьколтрэйн,blackscar,1808,shaman,enhancement,179,99,80
Xestil,blackmoore,1808,shaman,enhancement,67,36,31
Blastoiselol,ragnaros,1807,shaman,enhancement,52,34,18
Ewion,dalvengyr,1807,shaman,enhancement,123,79,44
Furystrikez,frostwolf,1807,shaman,enhancement,120,72,48
Маелштромс,soulflayer,1807,shaman,enhancement,66,34,32
Zerocarè,tarren-mill,1806,shaman,enhancement,30,22,8
Stormasaurus,anachronos,1806,shaman,enhancement,82,49,33
Vartarius,arthas,1806,shaman,enhancement,147,79,68
Канамаш,borean-tundra,1805,shaman,enhancement,95,60,35
Реактиватор,soulflayer,1803,shaman,enhancement,47,27,20
Shaakez,kazzak,1803,shaman,enhancement,163,92,71
Actionhank,area-52,1803,shaman,enhancement,99,50,49
Spicemélange,archimonde,1802,shaman,enhancement,64,37,27
Sozetwo,tarren-mill,1801,shaman,enhancement,40,24,16
Sybred,twisting-nether,1800,shaman,enhancement,126,76,50
Axemodels,archimonde,1800,shaman,enhancement,60,32,28
Calvey,magtheridon,1799,shaman,enhancement,82,37,45
Dakotasham,ravencrest,1797,shaman,enhancement,41,27,14
Sangoma,frostmane,1796,shaman,enhancement,282,138,144
Shammyenh,burning-legion,1795,shaman,enhancement,84,49,35
Proccq,twisting-nether,1795,shaman,enhancement,48,24,24
Onebutton,archimonde,1793,shaman,enhancement,42,28,14
Буряя,blackscar,1793,shaman,enhancement,48,22,26
Lavalaesh,ravencrest,1792,shaman,enhancement,30,21,9
Sødeskat,twisting-nether,1792,shaman,enhancement,60,35,25
Nnele,sanguino,1791,shaman,enhancement,112,52,60
Shamtard,frostwhisper,1790,shaman,enhancement,169,85,84
Toteemikylpy,argent-dawn,1789,shaman,enhancement,90,54,36
Toobiib,culte-de-la-rive-noire,1789,shaman,enhancement,60,30,30
Purgerooni,haomarush,1786,shaman,enhancement,82,50,32
Yacu,blackrock,1786,shaman,enhancement,77,43,34
Bobonbu,forscherliga,1785,shaman,enhancement,41,23,18
Tzaish,blackmoore,1785,shaman,enhancement,75,41,34
Schoølbøyq,blackrock,1784,shaman,enhancement,30,19,11
Voodooms,laughing-skull,1784,shaman,enhancement,145,87,58
Robzn,blackrock,1783,shaman,enhancement,50,32,18
Sonnestorm,tarren-mill,1783,shaman,enhancement,58,30,28
Naturfury,ravencrest,1782,shaman,enhancement,82,59,23
Boombastíc,ravencrest,1782,shaman,enhancement,142,69,73
Poppakonstit,twisting-nether,1781,shaman,enhancement,102,62,40
Calveyy,magtheridon,1780,shaman,enhancement,45,28,17
Satanloveme,stormscale,1777,shaman,enhancement,54,28,26
Shrektar,outland,1777,shaman,enhancement,54,28,26
Florgegoyd,eredar,1774,shaman,enhancement,162,104,58
Vargen,arygos,1774,shaman,enhancement,60,36,24
Narevoqi,madmortem,1773,shaman,enhancement,46,31,15
Pýthøn,silvermoon,1772,shaman,enhancement,54,27,27
Vayshibro,turalyon,1770,shaman,enhancement,66,36,30
Isucklasso,aegwynn,1769,shaman,enhancement,120,68,52
Рэйпушка,gordunni,1769,shaman,enhancement,53,25,28
Raidwhipper,twisting-nether,1768,shaman,enhancement,156,92,64
Ozilie,khaz-modan,1767,shaman,enhancement,99,61,38
Faxsham,draenor,1766,shaman,enhancement,84,51,33
Caelx,ragnaros,1765,shaman,enhancement,41,27,14
Ludwigson,tarren-mill,1765,shaman,enhancement,143,83,60
Stormlash,shattered-halls,1760,shaman,enhancement,120,69,51
Meatballspam,stormscale,1760,shaman,enhancement,77,36,41
Dwarfstil,blackmoore,1759,shaman,enhancement,63,31,32
Sígrun,aegwynn,1758,shaman,enhancement,42,28,14
Voodoodocter,kazzak,1758,shaman,enhancement,171,88,83
Obryss,tarren-mill,1757,shaman,enhancement,35,21,14
Nøxz,blackmoore,1756,shaman,enhancement,54,28,26
Видарх,soulflayer,1756,shaman,enhancement,42,20,22
Basz,aegwynn,1754,shaman,enhancement,64,35,29
Рэггдолл,soulflayer,1753,shaman,enhancement,114,50,64
Brøxygar,archimonde,1750,shaman,enhancement,99,55,44
Tauridus,blackrock,1748,shaman,enhancement,30,23,7
Lexyiasz,kazzak,1748,shaman,enhancement,100,68,32
Экспл,ashenvale,1748,shaman,enhancement,130,62,68
Ïï,archimonde,1744,shaman,enhancement,267,143,124
Stormdrak,eredar,1741,shaman,enhancement,42,29,13
Totemtrine,ravencrest,1741,shaman,enhancement,131,74,57
Максобман,howling-fjord,1741,shaman,enhancement,54,30,24
Babae,draenor,1741,shaman,enhancement,84,31,53
Чаапалах,blackscar,1739,shaman,enhancement,330,162,168
Johncoltrane,archimonde,1738,shaman,enhancement,72,49,23
Jabaraklol,stormscale,1738,shaman,enhancement,109,70,39
Lavalordd,tarren-mill,1738,shaman,enhancement,86,46,40
Akhlýzz,ysondre,1734,shaman,enhancement,63,39,24
Chaeemerok,dun-modr,1734,shaman,enhancement,142,72,70
Enhshamanop,draenor,1733,shaman,enhancement,330,159,171
Fotmburstwin,blackmoore,1732,shaman,enhancement,54,34,20
Totemilokum,stormscale,1732,shaman,enhancement,48,28,20
Сахарокь,soulflayer,1731,shaman,enhancement,71,38,33
Tobanga,malganis,1730,shaman,enhancement,48,29,19
Griins,ravencrest,1729,shaman,enhancement,157,91,66
Reyax,aegwynn,1728,shaman,enhancement,73,38,35
Халльбьерн,howling-fjord,1726,shaman,enhancement,60,36,24
Paintball,kazzak,1726,shaman,enhancement,297,157,140
Dóómd,kazzak,1726,shaman,enhancement,207,104,103
Floorislava,culte-de-la-rive-noire,1726,shaman,enhancement,148,71,77
Lurkmon,twisting-nether,1725,shaman,enhancement,136,73,63
Purada,blackrock,1724,shaman,enhancement,94,47,47
Халльбиорн,gordunni,1724,shaman,enhancement,73,36,37
Badmojø,silvermoon,1724,shaman,enhancement,244,112,132
Grytkungen,daggerspine,1722,shaman,enhancement,62,39,23
Dalgia,tarren-mill,1722,shaman,enhancement,42,25,17
Dwarfovic,ravencrest,1721,shaman,enhancement,30,18,12
Lersham,the-maelstrom,1721,shaman,enhancement,77,44,33
Acivich,frostmane,1721,shaman,enhancement,96,53,43
Khrin,blackmoore,1719,shaman,enhancement,48,30,18
Shamflurry,ravencrest,1719,shaman,enhancement,102,56,46
Estasham,stormscale,1718,shaman,enhancement,264,144,120
Дёмарок,galakrond,1717,shaman,enhancement,52,28,24
Snëakyboom,stormscale,1717,shaman,enhancement,96,46,50
Joanna,frostwolf,1716,shaman,enhancement,79,38,41
Тралси,howling-fjord,1715,shaman,enhancement,24,18,6
Yogan,dun-modr,1714,shaman,enhancement,68,38,30
Cryrothx,outland,1714,shaman,enhancement,66,34,32
Ubies,silvermoon,1713,shaman,enhancement,147,83,64
Traktorchox,draenor,1713,shaman,enhancement,105,57,48
Procctor,kazzak,1712,shaman,enhancement,30,24,6
Kickapoo,outland,1712,shaman,enhancement,48,29,19
Kutipaperi,stormscale,1711,shaman,enhancement,95,57,38
Panzarkamp,stormscale,1709,shaman,enhancement,137,72,65
Volvíc,tichondrius,1709,shaman,enhancement,60,29,31
Enhx,ravencrest,1707,shaman,enhancement,36,23,13
Ryhèn,stormscale,1707,shaman,enhancement,292,156,136
Mulf,darksorrow,1707,shaman,enhancement,142,72,70
Draabada,stormscale,1705,shaman,enhancement,142,71,71
Groyaboý,blackrock,1704,shaman,enhancement,24,18,6
Zaeh,antonidas,1704,shaman,enhancement,61,42,19
Drade,aegwynn,1704,shaman,enhancement,47,29,18
Mèátßãllgøðx,kazzak,1702,shaman,enhancement,159,76,83
Commadore,korgall,1702,shaman,enhancement,53,25,28
Athe,conseil-des-ombres,1701,shaman,enhancement,125,67,58
Djosershamy,draenor,1701,shaman,enhancement,114,58,56
Мигнтз,soulflayer,1701,shaman,enhancement,49,24,25
Xxloon,blackrock,1700,shaman,enhancement,257,144,113
Lightning,aszune,1700,shaman,enhancement,59,30,29
Gromzog,twisting-nether,1699,shaman,enhancement,124,62,62
Pontifhkas,ragnaros,1698,shaman,enhancement,123,70,53
Bluetide,ravencrest,1697,shaman,enhancement,57,38,19
Neveil,tarren-mill,1697,shaman,enhancement,36,24,12
Detestable,eredar,1697,shaman,enhancement,68,34,34
Moini,eredar,1697,shaman,enhancement,102,47,55
Fotmglad,blackrock,1696,shaman,enhancement,90,50,40
Aswøg,kazzak,1695,shaman,enhancement,30,21,9
Rabalalaha,twisting-nether,1695,shaman,enhancement,193,98,95
Totemticks,aegwynn,1694,shaman,enhancement,66,37,29
Kyraw,tarren-mill,1694,shaman,enhancement,126,69,57
Argarok,argent-dawn,1694,shaman,enhancement,54,29,25
Skilltissue,executus,1694,shaman,enhancement,84,45,39
Шаманутый,soulflayer,1694,shaman,enhancement,328,161,167
Kaimountain,defias-brotherhood,1693,shaman,enhancement,42,26,16
Faroh,ravencrest,1692,shaman,enhancement,36,23,13
Typhoön,sanguino,1691,shaman,enhancement,259,134,125
Zenka,burning-legion,1690,shaman,enhancement,72,49,23
Царьбер,soulflayer,1690,shaman,enhancement,80,45,35
Lavarage,kazzak,1689,shaman,enhancement,69,41,28
Masztaar,ragnaros,1686,shaman,enhancement,227,116,111
Ripstorm,sylvanas,1685,shaman,enhancement,48,24,24
Boltar,die-aldor,1684,shaman,enhancement,44,26,18
Oldstorm,ravencrest,1684,shaman,enhancement,70,38,32
Чифсоса,soulflayer,1683,shaman,enhancement,92,46,46
Skyróxx,blackrock,1682,shaman,enhancement,51,30,21
Razzuan,kazzak,1682,shaman,enhancement,120,65,55
Взалходил,soulflayer,1680,shaman,enhancement,41,21,20
Духсалата,grom,1680,shaman,enhancement,54,27,27
Hassebolt,draenor,1678,shaman,enhancement,42,25,17
Spetsnazz,archimonde,1678,shaman,enhancement,230,114,116
Wheygodx,ravencrest,1677,shaman,enhancement,111,58,53
Onepatchman,silvermoon,1677,shaman,enhancement,114,56,58
Tito,stormscale,1677,shaman,enhancement,85,36,49
Стихиябороды,gordunni,1676,shaman,enhancement,126,72,54
Kosface,tarren-mill,1676,shaman,enhancement,218,117,101
Kedall,archimonde,1676,shaman,enhancement,66,32,34
Tdogfx,blackhand,1675,shaman,enhancement,78,45,33
Exysen,kazzak,1675,shaman,enhancement,36,19,17
Doomëd,drakthul,1675,shaman,enhancement,48,24,24
Пойдипокури,howling-fjord,1674,shaman,enhancement,126,72,54
Björnbritta,outland,1674,shaman,enhancement,67,37,30
Turbopuddi,kazzak,1674,shaman,enhancement,95,49,46
Palmalecki,ravencrest,1674,shaman,enhancement,75,37,38
Madbud,stormscale,1673,shaman,enhancement,47,29,18
Greythunda,archimonde,1672,shaman,enhancement,36,23,13
Etrog,kazzak,1672,shaman,enhancement,60,36,24
Ázøk,stormscale,1672,shaman,enhancement,293,144,149
Raíndra,twisting-nether,1670,shaman,enhancement,107,59,48
Yobro,archimonde,1669,shaman,enhancement,96,55,41
Tinysalmon,hyjal,1669,shaman,enhancement,84,43,41
Shonbelly,argent-dawn,1668,shaman,enhancement,58,37,21
Mohammed,kilrogg,1668,shaman,enhancement,47,28,19
Pïdòrás,kazzak,1668,shaman,enhancement,59,30,29
Shambamm,stormscale,1667,shaman,enhancement,60,35,25
Azktor,kazzak,1667,shaman,enhancement,110,61,49
Ðreamz,kaelthas,1667,shaman,enhancement,288,147,141
Neystee,archimonde,1666,shaman,enhancement,36,21,15
Funkins,hyjal,1666,shaman,enhancement,132,68,64
Cåmilis,archimonde,1664,shaman,enhancement,60,33,27
Enoughh,the-maelstrom,1664,shaman,enhancement,78,41,37
Thorâ,frostmane,1663,shaman,enhancement,100,64,36
Depucova,silvermoon,1663,shaman,enhancement,88,56,32
Selticxz,blackrock,1663,shaman,enhancement,36,20,16
Botism,draenor,1663,shaman,enhancement,126,68,58
Neurax,sanguino,1663,shaman,enhancement,88,47,41
Шанья,gordunni,1663,shaman,enhancement,237,117,120
Veteroth,argent-dawn,1662,shaman,enhancement,132,69,63
Ñøs,blackrock,1662,shaman,enhancement,126,64,62
Rayoton,burning-legion,1662,shaman,enhancement,72,35,37
Wafflë,ragnaros,1661,shaman,enhancement,105,55,50
Амфеминка,gordunni,1661,shaman,enhancement,99,46,53
Kohnân,hyjal,1658,shaman,enhancement,150,89,61
Sêarix,aegwynn,1658,shaman,enhancement,114,66,48
Darkning,kazzak,1658,shaman,enhancement,90,50,40
Thoshir,silvermoon,1657,shaman,enhancement,23,19,4
Smallwiik,hyjal,1657,shaman,enhancement,54,38,16
Khamo,twisting-nether,1657,shaman,enhancement,95,47,48
Statikznba,outland,1656,shaman,enhancement,30,18,12
Thunderdøme,stormscale,1656,shaman,enhancement,35,19,16
Grrud,draenor,1655,shaman,enhancement,48,27,21
Agathoulis,burning-legion,1655,shaman,enhancement,84,42,42
Seçretweapøn,kazzak,1654,shaman,enhancement,36,20,16
Chêlëx,silvermoon,1654,shaman,enhancement,200,106,94
Thalir,aegwynn,1654,shaman,enhancement,109,56,53
Dectus,blackrock,1653,shaman,enhancement,36,20,16
Kynaz,sanguino,1653,shaman,enhancement,183,86,97
Xanoo,stormscale,1652,shaman,enhancement,38,22,16
Níkíta,hyjal,1651,shaman,enhancement,71,46,25
Лолимин,borean-tundra,1651,shaman,enhancement,51,33,18
Toxicnux,nemesis,1651,shaman,enhancement,60,35,25
Tryor,darksorrow,1651,shaman,enhancement,48,26,22
Kilomanjaro,bloodfeather,1651,shaman,enhancement,66,35,31
Obrijames,tarren-mill,1651,shaman,enhancement,118,62,56
Yox,dun-modr,1650,shaman,enhancement,58,38,20
Purgelord,tarren-mill,1650,shaman,enhancement,86,52,34
Pvtpunch,stormscale,1648,shaman,enhancement,42,25,17
Элементи,gordunni,1648,shaman,enhancement,399,209,190
Кинговели,soulflayer,1648,shaman,enhancement,316,161,155
Fabz,twisting-nether,1647,shaman,enhancement,48,28,20
Testogodx,defias-brotherhood,1646,shaman,enhancement,99,54,45
Plockepinn,ravencrest,1646,shaman,enhancement,84,38,46
Arkaos,exodar,1645,shaman,enhancement,73,46,27
Alwaysangry,silvermoon,1645,shaman,enhancement,103,55,48
Cch,kazzak,1645,shaman,enhancement,84,43,41
Romacherry,aegwynn,1643,shaman,enhancement,173,98,75
Makaar,blackrock,1643,shaman,enhancement,54,28,26
Spacelazers,twisting-nether,1641,shaman,enhancement,29,19,10
Чухансмент,gordunni,1641,shaman,enhancement,78,42,36
Vøda,twisting-nether,1640,shaman,enhancement,36,22,14
Krassus,drakthul,1640,shaman,enhancement,65,39,26
Twkupe,tarren-mill,1640,shaman,enhancement,36,21,15
Voodoohexman,kazzak,1640,shaman,enhancement,220,117,103
Convîcted,grim-batol,1639,shaman,enhancement,125,70,55
Painshock,outland,1639,shaman,enhancement,159,82,77
Mmsalatik,nemesis,1639,shaman,enhancement,54,24,30
Тоннимонтана,howling-fjord,1638,shaman,enhancement,68,45,23
Jinckks,anachronos,1638,shaman,enhancement,36,21,15
Kijin,kirin-tor,1638,shaman,enhancement,142,76,66
Громовойбро,blackscar,1637,shaman,enhancement,42,24,18
Runeksham,tarren-mill,1636,shaman,enhancement,66,42,24
Btray,ravencrest,1636,shaman,enhancement,84,51,33
Fiskätarn,kazzak,1636,shaman,enhancement,45,19,26
Khelyyn,tarren-mill,1635,shaman,enhancement,82,41,41
Carrywho,blackrock,1634,shaman,enhancement,30,19,11
Faltygo,drakthul,1634,shaman,enhancement,72,38,34
Ашхикиган,howling-fjord,1634,shaman,enhancement,150,69,81
Schôcker,blackmoore,1633,shaman,enhancement,60,40,20
Elemoont,tarren-mill,1633,shaman,enhancement,48,28,20
Alexmahone,dun-morogh,1633,shaman,enhancement,60,30,30
Legitbro,ravencrest,1633,shaman,enhancement,54,25,29
Gandy,the-maelstrom,1632,shaman,enhancement,180,92,88
Иннреи,howling-fjord,1631,shaman,enhancement,140,79,61
Nibblez,aegwynn,1630,shaman,enhancement,84,52,32
Дректаш,soulflayer,1630,shaman,enhancement,60,35,25
Sswfx,kazzak,1630,shaman,enhancement,30,17,13
Барракудах,razuvious,1630,shaman,enhancement,170,84,86
Naïda,conseil-des-ombres,1630,shaman,enhancement,252,124,128
Juniyaa,blackrock,1629,shaman,enhancement,83,47,36
Kezron,aegwynn,1629,shaman,enhancement,42,23,19
Defiaz,stormscale,1628,shaman,enhancement,56,39,17
Patsham,wildhammer,1628,shaman,enhancement,137,79,58
Lilmozart,twisting-nether,1628,shaman,enhancement,35,18,17
Barrathrum,stormscale,1626,shaman,enhancement,30,22,8
Snuskilaban,tarren-mill,1626,shaman,enhancement,90,56,34
Ùseless,archimonde,1626,shaman,enhancement,36,20,16
Vann,the-shatar,1626,shaman,enhancement,79,39,40
Raijinn,blackrock,1625,shaman,enhancement,100,57,43
Thørÿm,archimonde,1624,shaman,enhancement,64,37,27
Gnubbzer,antonidas,1624,shaman,enhancement,72,39,33
Vforvendeta,defias-brotherhood,1624,shaman,enhancement,131,70,61
Chamkalix,sanguino,1624,shaman,enhancement,78,40,38
Proccazu,draenor,1623,shaman,enhancement,90,57,33
Loshohealva,stormscale,1623,shaman,enhancement,54,30,24
Sgf,stormscale,1623,shaman,enhancement,84,44,40
Rahtafary,sanguino,1623,shaman,enhancement,43,21,22
Enh,archimonde,1623,shaman,enhancement,36,17,19
Worstshamy,sanguino,1622,shaman,enhancement,36,21,15
Secramas,ragnaros,1622,shaman,enhancement,145,80,65
Úpli,blackmoore,1621,shaman,enhancement,30,18,12
Twists,sylvanas,1621,shaman,enhancement,36,21,15
Плаглорд,howling-fjord,1621,shaman,enhancement,102,59,43
Иллюминэйшн,soulflayer,1621,shaman,enhancement,41,22,19
Ferome,kazzak,1621,shaman,enhancement,42,21,21
Hailele,argent-dawn,1620,shaman,enhancement,38,25,13
Одтагад,gordunni,1620,shaman,enhancement,220,115,105
Filiduttsham,ravencrest,1619,shaman,enhancement,30,22,8
Шаманмиша,gordunni,1619,shaman,enhancement,410,207,203
Akimó,ravencrest,1619,shaman,enhancement,89,43,46
Gøretterøg,ysondre,1618,shaman,enhancement,39,24,15
Láynert,dun-modr,1618,shaman,enhancement,367,181,186
Krishun,blackmoore,1618,shaman,enhancement,55,25,30
Жезуш,galakrond,1617,shaman,enhancement,69,45,24
Freyrr,tarren-mill,1617,shaman,enhancement,236,123,113
Зэбой,howling-fjord,1616,shaman,enhancement,50,33,17
Shocktopussi,stormscale,1616,shaman,enhancement,87,50,37
Kæzx,blackrock,1616,shaman,enhancement,66,34,32
Kyshka,tarren-mill,1616,shaman,enhancement,36,17,19
Werdup,sunstrider,1616,shaman,enhancement,44,19,25
Kenjaiir,twisting-nether,1615,shaman,enhancement,24,17,7
Shamerific,magtheridon,1615,shaman,enhancement,90,52,38
Fyrkaz,aegwynn,1615,shaman,enhancement,30,17,13
Ibicc,twisting-nether,1615,shaman,enhancement,49,26,23
Kagurja,blackmoore,1614,shaman,enhancement,30,21,9
Drshockit,blackrock,1614,shaman,enhancement,72,39,33
Людоед,thermaplugg,1613,shaman,enhancement,183,97,86
Arkîmonde,silvermoon,1613,shaman,enhancement,245,122,123
Ревашторм,howling-fjord,1612,shaman,enhancement,96,53,43
Alethea,frostmane,1612,shaman,enhancement,102,55,47
Ореганно,howling-fjord,1611,shaman,enhancement,72,40,32
Galthazar,silvermoon,1611,shaman,enhancement,70,38,32
Jondil,das-syndikat,1611,shaman,enhancement,71,37,34
Stalkun,tarren-mill,1611,shaman,enhancement,60,31,29
Trenhard,wildhammer,1610,shaman,enhancement,95,60,35
Moaxtyr,blackmoore,1610,shaman,enhancement,72,45,27
Madzÿ,archimonde,1610,shaman,enhancement,36,22,14
Electricgødx,tarren-mill,1610,shaman,enhancement,36,21,15
Stromkek,eredar,1610,shaman,enhancement,116,66,50
Satisfya,ambossar,1610,shaman,enhancement,81,46,35
Dumbasha,ravencrest,1610,shaman,enhancement,30,17,13
Sitkosham,burning-blade,1610,shaman,enhancement,125,70,55
Лапища,soulflayer,1609,shaman,enhancement,103,62,41
Benderbub,blackhand,1609,shaman,enhancement,130,70,60
Reverbx,outland,1608,shaman,enhancement,66,35,31
Bærserker,blackmoore,1608,shaman,enhancement,46,24,22
Шокмужик,gordunni,1608,shaman,enhancement,60,28,32
Cealdlynn,blackmoore,1607,shaman,enhancement,41,24,17
Donkingkong,ravencrest,1607,shaman,enhancement,78,44,34
Ecclîpce,archimonde,1607,shaman,enhancement,93,52,41
Elémenta,turalyon,1607,shaman,enhancement,54,30,24
Ql,twisting-nether,1607,shaman,enhancement,35,19,16
Ancestro,kazzak,1606,shaman,enhancement,60,32,28
Lava,haomarush,1605,shaman,enhancement,66,35,31
Madmadbro,tarren-mill,1605,shaman,enhancement,222,117,105
Kættmæck,tarren-mill,1605,shaman,enhancement,114,59,55
Ивми,gordunni,1605,shaman,enhancement,41,21,20
Sherlokholms,ravencrest,1604,shaman,enhancement,74,39,35
Teyshtwö,archimonde,1604,shaman,enhancement,77,36,41
Kuubskii,ravencrest,1603,shaman,enhancement,59,32,27
Mástà,onyxia,1602,shaman,enhancement,42,28,14
Arashi,rashgarroth,1602,shaman,enhancement,167,91,76
Sélenágóméz,chamber-of-aspects,1602,shaman,enhancement,52,28,24
Vulkân,silvermoon,1601,shaman,enhancement,176,97,79
Shyne,vashj,1601,shaman,enhancement,96,52,44
Venomos,kazzak,1601,shaman,enhancement,39,18,21
Tijae,ravencrest,1600,shaman,enhancement,24,19,5
Hexrated,draenor,1600,shaman,enhancement,111,66,45
Zayliha,ravencrest,1600,shaman,enhancement,66,37,29
Porphy,kazzak,1600,shaman,enhancement,69,38,31
Buuddha,drakthul,1600,shaman,enhancement,71,39,32
Boradinn,hyjal,1600,shaman,enhancement,51,28,23
Buzz,stormscale,1600,shaman,enhancement,36,19,17
Sparkii,kazzak,1600,shaman,enhancement,48,23,25
Shamrún,sylvanas,1599,shaman,enhancement,78,45,33
Ghostkod,burning-legion,1599,shaman,enhancement,215,119,96
Amelie,burning-steppes,1597,shaman,enhancement,48,27,21
Sndheal,kazzak,1596,shaman,enhancement,24,19,5
Kooda,hyjal,1596,shaman,enhancement,54,29,25
Tianoele,drakthul,1595,shaman,enhancement,39,25,14
Ubramovitch,hyjal,1595,shaman,enhancement,54,29,25
Nînadobrevx,stormscale,1593,shaman,enhancement,177,96,81
Naahma,hyjal,1593,shaman,enhancement,59,22,37
Belroc,ravencrest,1591,shaman,enhancement,36,19,17
Миддей,blackscar,1589,shaman,enhancement,36,22,14
Пучмек,gordunni,1587,shaman,enhancement,54,37,17
Oneshotunía,burning-legion,1587,shaman,enhancement,30,18,12
Blazingfiré,tarren-mill,1587,shaman,enhancement,66,37,29
Shamspam,arathor,1583,shaman,enhancement,48,39,9
Kammek,tarren-mill,1583,shaman,enhancement,81,48,33
Shawck,ravencrest,1582,shaman,enhancement,52,29,23
Äijä,chromaggus,1582,shaman,enhancement,96,51,45
Асцэндэд,lich-king,1582,shaman,enhancement,58,29,29
Nuclearjohny,eredar,1581,shaman,enhancement,78,40,38
Dunî,tarren-mill,1580,shaman,enhancement,72,47,25
Garulf,twisting-nether,1580,shaman,enhancement,105,52,53
Veronikka,dalaran,1580,shaman,enhancement,50,23,27
Brenhilda,blackmoore,1578,shaman,enhancement,78,49,29
Ромчи,gordunni,1578,shaman,enhancement,36,18,18
Medoje,argent-dawn,1577,shaman,enhancement,30,24,6
Чесп,ashenvale,1576,shaman,enhancement,120,61,59
Evalennart,stormscale,1575,shaman,enhancement,84,47,37
Jeki,ysondre,1574,shaman,enhancement,245,120,125
Elèon,blackrock,1573,shaman,enhancement,209,100,109
Wertih,burning-legion,1570,shaman,enhancement,56,35,21
Slímshámmy,twisting-nether,1570,shaman,enhancement,38,20,18
Bourdieu,thrall,1569,shaman,enhancement,105,59,46
Эбгерсон,soulflayer,1568,shaman,enhancement,234,123,111
Wârmachiine,burning-legion,1568,shaman,enhancement,178,91,87
Порнёреф,howling-fjord,1566,shaman,enhancement,171,98,73
Azzizael,argent-dawn,1566,shaman,enhancement,108,55,53
Reparagos,sanguino,1565,shaman,enhancement,143,73,70
Thrâwl,kazzak,1563,shaman,enhancement,24,19,5
Megazz,drakthul,1561,shaman,enhancement,87,47,40
Sûmmêrz,ravencrest,1560,shaman,enhancement,36,22,14
Groumgard,hyjal,1559,shaman,enhancement,62,33,29
Epicenter,bloodscalp,1559,shaman,enhancement,60,29,31
Healníx,ravencrest,1559,shaman,enhancement,54,24,30
Ocnan,malganis,1558,shaman,enhancement,92,48,44
Earthhulk,thrall,1558,shaman,enhancement,55,28,27
Bumbummann,blackmoore,1558,shaman,enhancement,112,55,57
Ekinoz,outland,1558,shaman,enhancement,133,61,72
Thunderpath,ragnaros,1557,shaman,enhancement,54,29,25
Shooktide,blackrock,1557,shaman,enhancement,42,21,21
Yelawolf,shattered-hand,1556,shaman,enhancement,66,38,28
Madboys,kazzak,1556,shaman,enhancement,102,48,54
Скерлайн,blackscar,1555,shaman,enhancement,42,18,24
Casualhex,argent-dawn,1554,shaman,enhancement,564,284,280
Moosavi,kazzak,1553,shaman,enhancement,36,19,17
Smozze,grim-batol,1553,shaman,enhancement,219,110,109
Tism,stormscale,1552,shaman,enhancement,52,32,20
Tiuzzo,alakir,1552,shaman,enhancement,42,23,19
Thralgr,sylvanas,1552,shaman,enhancement,66,31,35
Dolkoditch,outland,1551,shaman,enhancement,36,20,16
Heeze,doomhammer,1550,shaman,enhancement,310,163,147
Reisti,stormscale,1548,shaman,enhancement,42,27,15
Mcbloob,kazzak,1548,shaman,enhancement,129,66,63
Mowjo,la-croisade-écarlate,1548,shaman,enhancement,36,18,18
Rehgan,ragnaros,1546,shaman,enhancement,96,58,38
Pyrabolt,ravencrest,1546,shaman,enhancement,123,61,62
Apexpredlol,blackmoore,1546,shaman,enhancement,96,45,51
Triplezug,archimonde,1545,shaman,enhancement,54,30,24
Elemefayoh,tarren-mill,1545,shaman,enhancement,96,48,48
Sházam,destromath,1544,shaman,enhancement,72,39,33
Aspên,archimonde,1544,shaman,enhancement,48,18,30
Drexx,thrall,1543,shaman,enhancement,40,22,18
Tartakos,ravencrest,1543,shaman,enhancement,85,44,41
Foulecamp,archimonde,1543,shaman,enhancement,142,73,69
Гоэл,ashenvale,1543,shaman,enhancement,101,51,50
Stormbreáker,twisting-nether,1542,shaman,enhancement,226,122,104
Ramaka,aegwynn,1542,shaman,enhancement,48,23,25
Ойрхин,greymane,1542,shaman,enhancement,90,42,48
Windstørm,tarren-mill,1541,shaman,enhancement,33,19,14
Thorcc,kazzak,1541,shaman,enhancement,78,41,37
Ooupsjr,tarren-mill,1541,shaman,enhancement,36,17,19
Buffmepls,sanguino,1541,shaman,enhancement,42,18,24
Irønythar,drakthul,1540,shaman,enhancement,65,34,31
Hexwife,archimonde,1540,shaman,enhancement,222,111,111
Jameo,drakthul,1540,shaman,enhancement,288,141,147
Zakgar,ysondre,1539,shaman,enhancement,152,76,76
Tharma,blackmoore,1538,shaman,enhancement,42,25,17
Tejasviin,amanthul,1538,shaman,enhancement,78,28,50
Tarantan,eredar,1537,shaman,enhancement,67,36,31
Trent,tarren-mill,1537,shaman,enhancement,168,89,79
Souljaman,silvermoon,1536,shaman,enhancement,70,40,30
Mazokuu,ragnaros,1535,shaman,enhancement,217,119,98
Windypops,tarren-mill,1535,shaman,enhancement,36,18,18
Бицэпс,gordunni,1534,shaman,enhancement,48,26,22
Rehgar,frostwhisper,1534,shaman,enhancement,120,59,61
Kuzsham,archimonde,1534,shaman,enhancement,39,18,21
Акаварри,gordunni,1533,shaman,enhancement,24,17,7
Pelorta,zuljin,1533,shaman,enhancement,35,23,12
Keisys,kazzak,1533,shaman,enhancement,47,24,23
Mecct,ravencrest,1532,shaman,enhancement,76,45,31
Rutil,blackhand,1532,shaman,enhancement,48,28,20
Politemanner,stormscale,1532,shaman,enhancement,30,16,14
Nyrat,tarren-mill,1532,shaman,enhancement,36,17,19
Billburr,aegwynn,1531,shaman,enhancement,24,16,8
Kàffkalafká,blackrock,1531,shaman,enhancement,40,20,20
Lethal,darksorrow,1530,shaman,enhancement,66,35,31
Axahavregryn,kazzak,1530,shaman,enhancement,56,29,27
Онеоне,deathweaver,1530,shaman,enhancement,36,17,19
Дефибо,howling-fjord,1529,shaman,enhancement,204,105,99
Pilcosham,frostwhisper,1529,shaman,enhancement,125,62,63
Gerethor,burning-legion,1529,shaman,enhancement,111,54,57
Xilz,twisting-nether,1528,shaman,enhancement,113,60,53
Хаммерн,gordunni,1528,shaman,enhancement,102,50,52
Jawoburst,antonidas,1527,shaman,enhancement,77,40,37
Khanaky,hyjal,1526,shaman,enhancement,114,58,56
Axilary,tarren-mill,1525,shaman,enhancement,24,16,8
Амг,booty-bay,1525,shaman,enhancement,109,65,44
Îzanami,ravencrest,1525,shaman,enhancement,173,93,80
Ruintotems,twisting-nether,1524,shaman,enhancement,35,24,11
Løktarøgàr,archimonde,1524,shaman,enhancement,83,46,37
Cripxo,sanguino,1523,shaman,enhancement,18,16,2
Chamirox,ysondre,1523,shaman,enhancement,174,88,86
Mõrax,ysondre,1523,shaman,enhancement,228,113,115
Sector,silvermoon,1523,shaman,enhancement,48,19,29
Cløke,stormscale,1522,shaman,enhancement,24,16,8
Rubmehtotem,silvermoon,1522,shaman,enhancement,24,16,8
Lavashnikov,burning-legion,1522,shaman,enhancement,268,144,124
Windshockah,tarren-mill,1522,shaman,enhancement,89,47,42
Krovn,aszune,1521,shaman,enhancement,60,27,33
Флэшмэн,blackscar,1520,shaman,enhancement,24,19,5
Litenrolixd,tarren-mill,1520,shaman,enhancement,34,18,16
Skut,zuljin,1520,shaman,enhancement,52,27,25
Mudwalker,ravencrest,1520,shaman,enhancement,33,17,16
Тандеркок,soulflayer,1519,shaman,enhancement,197,97,100
Zows,kazzak,1518,shaman,enhancement,48,28,20
Rokils,silvermoon,1517,shaman,enhancement,24,16,8
Lupisregina,silvermoon,1517,shaman,enhancement,24,16,8
Tornis,terokkar,1517,shaman,enhancement,137,68,69
Pepernootje,sylvanas,1517,shaman,enhancement,70,34,36
Kpåshaman,tarren-mill,1516,shaman,enhancement,65,38,27
Boulestraan,silvermoon,1516,shaman,enhancement,49,20,29
Scherolol,aegwynn,1515,shaman,enhancement,24,16,8
Mylilfurry,blackhand,1515,shaman,enhancement,47,30,17
Wylly,aegwynn,1515,shaman,enhancement,30,16,14
Xzan,tarren-mill,1515,shaman,enhancement,60,22,38
Джаабб,booty-bay,1514,shaman,enhancement,127,62,65
Frrostshockk,outland,1514,shaman,enhancement,36,17,19
Cowfeelings,ravencrest,1513,shaman,enhancement,30,16,14
Mesrines,archimonde,1513,shaman,enhancement,60,31,29
Lightningrod,ravencrest,1512,shaman,enhancement,81,48,33
Shalisazzar,dentarg,1512,shaman,enhancement,48,27,21
Filigran,ragnaros,1512,shaman,enhancement,132,72,60
Gorrissen,sylvanas,1512,shaman,enhancement,60,31,29
Ghorlin,draenor,1512,shaman,enhancement,84,43,41
Silden,thrall,1511,shaman,enhancement,18,16,2
Szublime,stormscale,1511,shaman,enhancement,106,54,52
Kachori,eredar,1511,shaman,enhancement,136,61,75
Wolfshade,aggra-português,1509,shaman,enhancement,62,38,24
Nwäar,archimonde,1509,shaman,enhancement,102,51,51
Жуксик,greymane,1509,shaman,enhancement,66,31,35
Pinácoladáqt,stormscale,1509,shaman,enhancement,42,19,23
Apocadwarf,auchindoun,1508,shaman,enhancement,24,16,8
Miriam,stormreaver,1507,shaman,enhancement,54,31,23
Soomx,hyjal,1507,shaman,enhancement,110,56,54
Cheetooth,ragnaros,1507,shaman,enhancement,105,52,53
Shockndawe,kazzak,1506,shaman,enhancement,42,23,19
Barneyflight,ravencrest,1506,shaman,enhancement,53,27,26
Ират,howling-fjord,1505,shaman,enhancement,66,46,20
Mistahbeard,stormscale,1505,shaman,enhancement,90,47,43
Nubokesel,ragnaros,1504,shaman,enhancement,167,88,79
Юрахафанбой,blackscar,1502,shaman,enhancement,30,16,14
Blitzboss,eredar,1502,shaman,enhancement,36,19,17
Lëvi,archimonde,1501,shaman,enhancement,57,33,24
Sleven,twisting-nether,1501,shaman,enhancement,30,16,14
Bolgrath,blackmoore,1500,shaman,enhancement,121,61,60
Zomac,tarren-mill,1499,shaman,enhancement,30,17,13
Гексанол,soulflayer,1499,shaman,enhancement,72,39,33
Chendra,scarshield-legion,1499,shaman,enhancement,161,77,84
Imbaone,karazhan,1496,shaman,enhancement,54,31,23
Tanjîrø,archimonde,1496,shaman,enhancement,42,24,18
Capsoul,ravencrest,1496,shaman,enhancement,82,45,37
Preams,blackrock,1496,shaman,enhancement,44,22,22
Earthshot,magtheridon,1495,shaman,enhancement,58,28,30
Твалор,soulflayer,1494,shaman,enhancement,170,91,79
Nìno,azshara,1494,shaman,enhancement,35,16,19
Kurdhran,blackmoore,1493,shaman,enhancement,93,50,43
Грушовыйторт,howling-fjord,1493,shaman,enhancement,47,22,25
Freadorn,uldaman,1491,shaman,enhancement,24,16,8
Otacboziji,sylvanas,1491,shaman,enhancement,112,54,58
Kanaky,hyjal,1491,shaman,enhancement,79,36,43
Tunae,azjolnerub,1490,shaman,enhancement,40,22,18
Nexdown,archimonde,1490,shaman,enhancement,57,28,29
Atée,silvermoon,1490,shaman,enhancement,87,42,45
Juliaroberts,ragnaros,1488,shaman,enhancement,123,69,54
Тленозавр,gordunni,1488,shaman,enhancement,149,79,70
Хастурыч,gordunni,1487,shaman,enhancement,159,83,76
Fatflop,sylvanas,1486,shaman,enhancement,96,51,45
Paschol,aegwynn,1486,shaman,enhancement,33,16,17
Cillysha,ravencrest,1485,shaman,enhancement,40,25,15
Элетеми,soulflayer,1485,shaman,enhancement,95,48,47
Лилнасыкс,gordunni,1485,shaman,enhancement,60,29,31
Urub,draenor,1484,shaman,enhancement,457,229,228
Nargrul,tarren-mill,1483,shaman,enhancement,74,43,31
Моктрогтар,ashenvale,1483,shaman,enhancement,196,105,91
Mehboul,hyjal,1482,shaman,enhancement,36,19,17
Juicewillis,defias-brotherhood,1481,shaman,enhancement,84,50,34
Upisi,burning-legion,1479,shaman,enhancement,31,20,11
Hïgør,hyjal,1479,shaman,enhancement,36,22,14
Numeschnäu,eredar,1479,shaman,enhancement,36,22,14
Kolbászlelkü,ragnaros,1478,shaman,enhancement,42,20,22
Puumbaa,defias-brotherhood,1477,shaman,enhancement,96,48,48
Wolfmane,twisting-nether,1477,shaman,enhancement,125,56,69
Trendsetter,frostmane,1475,shaman,enhancement,44,26,18
Chimp,lightnings-blade,1475,shaman,enhancement,36,21,15
Rocktopus,outland,1475,shaman,enhancement,57,27,30
Raveell,defias-brotherhood,1475,shaman,enhancement,139,64,75
Swoltz,argent-dawn,1475,shaman,enhancement,66,27,39
Nêmônin,perenolde,1474,shaman,enhancement,30,18,12
Bakakas,outland,1474,shaman,enhancement,90,36,54
Takazer,ysondre,1473,shaman,enhancement,36,26,10
Колаэнжоер,soulflayer,1473,shaman,enhancement,69,36,33
Darhgan,argent-dawn,1472,shaman,enhancement,66,37,29
Boulggour,chogall,1472,shaman,enhancement,76,41,35
Gorezz,stormscale,1472,shaman,enhancement,44,22,22
Dökowski,nemesis,1472,shaman,enhancement,60,25,35
Mjjx,blackrock,1471,shaman,enhancement,54,33,21
Kärmá,stormscale,1471,shaman,enhancement,28,16,12
Ratnandez,outland,1471,shaman,enhancement,54,26,28
Enigmar,stormscale,1471,shaman,enhancement,93,43,50
Атл,deathguard,1469,shaman,enhancement,103,63,40
Roovenhance,aegwynn,1467,shaman,enhancement,40,27,13
Practical,argent-dawn,1467,shaman,enhancement,50,31,19
Stratholmee,drakthul,1467,shaman,enhancement,86,47,39
Фарраон,deathguard,1467,shaman,enhancement,213,112,101
Xwitchdoctor,draenor,1466,shaman,enhancement,109,53,56
Totemlover,draenor,1465,shaman,enhancement,137,76,61
Пивототем,gordunni,1465,shaman,enhancement,50,27,23
Zmech,chamber-of-aspects,1465,shaman,enhancement,67,30,37
Erupted,draenor,1464,shaman,enhancement,73,34,39
Дромгрон,howling-fjord,1463,shaman,enhancement,42,22,20
Movex,arathor,1463,shaman,enhancement,57,27,30
Archiviert,blackmoore,1463,shaman,enhancement,72,33,39
Cãlipsio,kazzak,1461,shaman,enhancement,35,17,18
Apekeeper,silvermoon,1461,shaman,enhancement,66,29,37
Шамвкроксах,howling-fjord,1461,shaman,enhancement,60,26,34
Itswoland,tarren-mill,1459,shaman,enhancement,40,21,19
Volltinus,tarren-mill,1459,shaman,enhancement,71,28,43
Maskiimon,blackrock,1458,shaman,enhancement,32,17,15
Bighommie,draenor,1457,shaman,enhancement,24,19,5
Vascodagama,twisting-nether,1457,shaman,enhancement,54,30,24
Ózyy,draenor,1456,shaman,enhancement,34,21,13
Mhoriaak,stormscale,1456,shaman,enhancement,114,60,54
Tóyzz,ravencrest,1455,shaman,enhancement,54,31,23
Barthølømew,kazzak,1455,shaman,enhancement,48,26,22
Лаваяшка,gordunni,1455,shaman,enhancement,120,56,64
Бурехлест,howling-fjord,1454,shaman,enhancement,60,33,27
Ghobi,blackrock,1454,shaman,enhancement,78,35,43
Гусан,booty-bay,1453,shaman,enhancement,211,104,107
Дрегтан,howling-fjord,1453,shaman,enhancement,101,47,54
Рокмару,soulflayer,1453,shaman,enhancement,41,18,23
Vrontes,kazzak,1452,shaman,enhancement,71,41,30
Crowness,ragnaros,1452,shaman,enhancement,83,43,40
Oronakgladx,ravencrest,1452,shaman,enhancement,144,71,73
Nyxoqtx,draenor,1451,shaman,enhancement,36,27,9
Mamacitá,eredar,1451,shaman,enhancement,157,72,85
Rakermän,dun-modr,1450,shaman,enhancement,46,23,23
Shyrion,onyxia,1448,shaman,enhancement,94,43,51
Puncochar,zuljin,1446,shaman,enhancement,52,29,23
Relentlessqt,aegwynn,1445,shaman,enhancement,23,16,7
Alphas,draenor,1445,shaman,enhancement,44,26,18
Lapürge,archimonde,1445,shaman,enhancement,33,19,14
Кесмар,soulflayer,1444,shaman,enhancement,66,37,29
Dirtymiké,tarren-mill,1444,shaman,enhancement,41,16,25
Imotii,burning-legion,1443,shaman,enhancement,57,24,33
Barbebiendur,archimonde,1443,shaman,enhancement,48,20,28
Neptun,twisting-nether,1442,shaman,enhancement,136,69,67
Пакни,gordunni,1442,shaman,enhancement,60,28,32
Furrymane,blackmoore,1439,shaman,enhancement,36,24,12
Тыпроиграл,gordunni,1439,shaman,enhancement,30,15,15
Gorogoró,kazzak,1438,shaman,enhancement,24,15,9
Igniis,frostmane,1438,shaman,enhancement,108,63,45
Perunya,tarren-mill,1438,shaman,enhancement,53,27,26
Rîquetanace,archimonde,1437,shaman,enhancement,18,15,3
Капарис,deathweaver,1437,shaman,enhancement,162,85,77
Jasnäh,ysondre,1437,shaman,enhancement,72,33,39
Fattywopwop,alakir,1436,shaman,enhancement,24,15,9
Kenseienh,kazzak,1436,shaman,enhancement,268,136,132
Айбывайбы,howling-fjord,1436,shaman,enhancement,35,17,18
Exolnard,twisting-nether,1435,shaman,enhancement,76,43,33
Shaayys,archimonde,1435,shaman,enhancement,183,87,96
Lickzmytotem,draenor,1434,shaman,enhancement,54,26,28
Эйнхарий,howling-fjord,1434,shaman,enhancement,48,23,25
Stlakañ,chants-éternels,1433,shaman,enhancement,36,25,11
Zabojad,stormscale,1433,shaman,enhancement,36,19,17
Blackibird,garona,1433,shaman,enhancement,102,49,53
Valaya,archimonde,1432,shaman,enhancement,146,81,65
Kärmá,lightbringer,1432,shaman,enhancement,36,16,20
Arabesk,arygos,1431,shaman,enhancement,138,79,59
Wedís,outland,1431,shaman,enhancement,96,54,42
Rockjuices,twisting-nether,1430,shaman,enhancement,108,60,48
Shreks,frostmane,1429,shaman,enhancement,60,36,24
Язма,grom,1429,shaman,enhancement,90,50,40
Tahsus,blackmoore,1429,shaman,enhancement,66,34,32
Blueberrÿ,grim-batol,1428,shaman,enhancement,78,43,35
Dcanne,outland,1428,shaman,enhancement,99,52,47
Yurkën,uldum,1428,shaman,enhancement,60,29,31
Rätxs,blackhand,1427,shaman,enhancement,106,55,51
Mcslammer,kazzak,1427,shaman,enhancement,114,54,60
Wolfwesti,outland,1426,shaman,enhancement,42,28,14
Orshan,draenor,1425,shaman,enhancement,145,79,66
Thunderforce,drakthul,1424,shaman,enhancement,84,44,40
Lehit,outland,1424,shaman,enhancement,30,15,15
Nejbegrov,ravencrest,1424,shaman,enhancement,68,31,37
Lesnitt,kazzak,1421,shaman,enhancement,63,27,36
Рыргаск,howling-fjord,1420,shaman,enhancement,58,34,24
Zuvx,ravencrest,1420,shaman,enhancement,66,38,28
Suicidesheep,grim-batol,1420,shaman,enhancement,42,23,19
Mèshuggáh,ravencrest,1419,shaman,enhancement,36,17,19
Tonifo,nemesis,1418,shaman,enhancement,83,40,43
Frostýx,draenor,1418,shaman,enhancement,45,20,25
Shunder,earthen-ring,1417,shaman,enhancement,31,17,14
Jmpapa,tarren-mill,1417,shaman,enhancement,30,15,15
Kanabi,darkspear,1417,shaman,enhancement,36,16,20
Verlas,kazzak,1413,shaman,enhancement,88,48,40
Hanumanas,kazzak,1412,shaman,enhancement,25,18,7
Vascós,frostwolf,1412,shaman,enhancement,48,33,15
Kabard,silvermoon,1412,shaman,enhancement,36,21,15
Tornadozzer,burning-legion,1411,shaman,enhancement,110,62,48
Malvik,tarren-mill,1411,shaman,enhancement,41,23,18
Elesilf,sanguino,1411,shaman,enhancement,90,46,44
Легендашам,soulflayer,1411,shaman,enhancement,60,27,33
Florex,kazzak,1410,shaman,enhancement,60,28,32
Шампуньхан,blackscar,1410,shaman,enhancement,88,35,53
Shamxd,kazzak,1409,shaman,enhancement,77,37,40
Wòóshy,ravencrest,1408,shaman,enhancement,30,15,15
Pinkylol,stormscale,1408,shaman,enhancement,30,15,15
Apolomaeuz,frostwolf,1407,shaman,enhancement,108,60,48
Shockybalbóa,blackmoore,1407,shaman,enhancement,118,58,60
Explôsive,silvermoon,1407,shaman,enhancement,117,53,64
Rink,frostmane,1406,shaman,enhancement,30,19,11
Ðezûga,antonidas,1406,shaman,enhancement,244,122,122
Shockthat,draenor,1405,shaman,enhancement,175,94,81
Lorios,boulderfist,1405,shaman,enhancement,36,19,17
Rodneymullen,tarren-mill,1405,shaman,enhancement,74,38,36
Ogmehu,stormreaver,1404,shaman,enhancement,135,69,66
Soteuudistus,silvermoon,1404,shaman,enhancement,60,30,30
Барракудах,gordunni,1404,shaman,enhancement,272,127,145
Deathshamãn,stormscale,1404,shaman,enhancement,88,39,49
Yaar,alleria,1403,shaman,enhancement,106,58,48
Andrewbéelko,drakthul,1402,shaman,enhancement,30,17,13
Likesx,ravencrest,1402,shaman,enhancement,41,22,19
Justblow,twisting-nether,1402,shaman,enhancement,91,48,43
Kíngzo,archimonde,1402,shaman,enhancement,138,71,67
Tyrox,kirin-tor,1401,shaman,enhancement,105,54,51
Басари,gordunni,1401,shaman,enhancement,57,29,28
Allakbarz,stormscale,1401,shaman,enhancement,159,79,80
Курси,gordunni,1401,shaman,enhancement,234,113,121
Argonautt,drakthul,1401,shaman,enhancement,179,83,96
Ðelenis,dun-modr,1401,shaman,enhancement,78,34,44
Twam,outland,1399,shaman,enhancement,66,37,29
Gatraem,drakthul,1399,shaman,enhancement,38,18,20
Lumii,azshara,1399,shaman,enhancement,48,21,27
Réxor,pozzo-delleternità,1399,shaman,enhancement,48,20,28
Goatsandoats,doomhammer,1398,shaman,enhancement,38,25,13
Nøve,nemesis,1398,shaman,enhancement,54,31,23
Shockaibo,drakthul,1397,shaman,enhancement,36,18,18
Yasaburo,silvermoon,1397,shaman,enhancement,80,39,41
Procdaddy,eredar,1396,shaman,enhancement,54,25,29
Panicblast,stormscale,1396,shaman,enhancement,41,16,25
Адичал,soulflayer,1394,shaman,enhancement,78,46,32
Enkzäm,archimonde,1394,shaman,enhancement,114,62,52
Durek,sylvanas,1392,shaman,enhancement,77,44,33
Laix,khaz-modan,1392,shaman,enhancement,36,17,19
Orsted,blackhand,1390,shaman,enhancement,29,15,14
Tacøshock,ravencrest,1389,shaman,enhancement,20,16,4
Shockbot,blackmoore,1388,shaman,enhancement,30,20,10
Kïngmuntje,sylvanas,1388,shaman,enhancement,60,32,28
Psychobarbie,outland,1388,shaman,enhancement,59,31,28
Кууджа,howling-fjord,1388,shaman,enhancement,41,21,20
Priora,argent-dawn,1383,shaman,enhancement,52,33,19
Чёкнутое,soulflayer,1383,shaman,enhancement,116,67,49
Цс,azuregos,1383,shaman,enhancement,200,99,101
Skrewu,stormscale,1383,shaman,enhancement,36,15,21
Nicesky,antonidas,1382,shaman,enhancement,161,92,69
Treâzin,the-maelstrom,1381,shaman,enhancement,47,24,23
Elektrikci,silvermoon,1379,shaman,enhancement,90,43,47
Хрофайс,soulflayer,1378,shaman,enhancement,48,29,19
Thundergun,defias-brotherhood,1377,shaman,enhancement,36,23,13
Tescriamelio,ysondre,1377,shaman,enhancement,108,51,57
Shambambum,blackrock,1377,shaman,enhancement,146,68,78
Hellskon,silvermoon,1374,shaman,enhancement,23,15,8
Aêriâl,shendralar,1374,shaman,enhancement,76,42,34
Плюжка,greymane,1374,shaman,enhancement,222,121,101
Haldrim,blackmoore,1372,shaman,enhancement,33,17,16
Enormo,eredar,1372,shaman,enhancement,54,27,27
Быковат,booty-bay,1371,shaman,enhancement,102,53,49
Икзок,soulflayer,1371,shaman,enhancement,36,17,19
Doclava,twisting-nether,1370,shaman,enhancement,53,28,25
Zzadoxor,doomhammer,1370,shaman,enhancement,36,18,18
Шторсонг,gordunni,1368,shaman,enhancement,86,51,35
Тенав,blackscar,1367,shaman,enhancement,104,57,47
Hatchum,les-sentinelles,1367,shaman,enhancement,78,34,44
Totemino,silvermoon,1367,shaman,enhancement,42,16,26
Gurtok,drakthul,1366,shaman,enhancement,54,32,22
Шрамуля,soulflayer,1366,shaman,enhancement,65,38,27
Obelicius,outland,1366,shaman,enhancement,62,32,30
Женяшилдх,howling-fjord,1366,shaman,enhancement,97,48,49
Watzocham,archimonde,1366,shaman,enhancement,48,22,26
Promethxis,silvermoon,1366,shaman,enhancement,72,32,40
Varagun,argent-dawn,1366,shaman,enhancement,63,26,37
Splat,burning-blade,1365,shaman,enhancement,36,18,18
Notoxus,antonidas,1364,shaman,enhancement,78,39,39
Hulcky,grim-batol,1364,shaman,enhancement,102,49,53
Bysonx,kazzak,1363,shaman,enhancement,81,38,43
Rykon,teldrassil,1362,shaman,enhancement,48,26,22
Экспатриот,greymane,1361,shaman,enhancement,66,34,32
Lokresh,azjolnerub,1361,shaman,enhancement,91,46,45
Xhøxy,outland,1361,shaman,enhancement,65,29,36
Шаманнутая,gordunni,1360,shaman,enhancement,25,17,8
Ericlomax,frostwhisper,1360,shaman,enhancement,63,30,33
Fullproc,archimonde,1355,shaman,enhancement,60,29,31
Nazgréll,tarren-mill,1355,shaman,enhancement,102,45,57
Macoox,drakthul,1355,shaman,enhancement,96,42,54
Remkoo,blackrock,1354,shaman,enhancement,30,15,15
Shamohd,ravencrest,1354,shaman,enhancement,42,18,24
Nâs,kazzak,1352,shaman,enhancement,36,16,20
Kuse,blackmoore,1352,shaman,enhancement,42,16,26
Лайтхальзен,howling-fjord,1350,shaman,enhancement,125,59,66
Bozzclqwnx,aegwynn,1348,shaman,enhancement,74,41,33
Ashmantle,twisting-nether,1347,shaman,enhancement,83,40,43
Rether,nemesis,1347,shaman,enhancement,143,66,77
Ягном,soulflayer,1347,shaman,enhancement,87,39,48
Bantzer,twisting-nether,1344,shaman,enhancement,34,21,13
Yabadabadoo,burning-legion,1344,shaman,enhancement,60,28,32
Leavemeàlone,ysondre,1343,shaman,enhancement,18,14,4
Reggard,drakthul,1343,shaman,enhancement,36,20,16
Outerspace,silvermoon,1343,shaman,enhancement,36,20,16
Faydé,stormscale,1343,shaman,enhancement,30,14,16
Даблпамп,howling-fjord,1343,shaman,enhancement,35,16,19
Cahuna,stormscale,1343,shaman,enhancement,75,29,46
Лэнгипас,gordunni,1341,shaman,enhancement,199,104,95
Awsomo,ravencrest,1341,shaman,enhancement,49,20,29
Relampago,eredar,1339,shaman,enhancement,41,19,22
Skólt,blackrock,1337,shaman,enhancement,122,64,58
Chamel,draenor,1337,shaman,enhancement,30,14,16
Shoockwave,twisting-nether,1337,shaman,enhancement,72,32,40
Залатар,howling-fjord,1337,shaman,enhancement,63,26,37
Fingor,tarren-mill,1336,shaman,enhancement,24,17,7
Sciulz,nemesis,1336,shaman,enhancement,24,14,10
Noxstorm,frostwolf,1336,shaman,enhancement,99,52,47
Nakenfeigy,stormreaver,1335,shaman,enhancement,72,40,32
Sûckmytotem,ragnaros,1334,shaman,enhancement,24,14,10
Ugáa,malganis,1334,shaman,enhancement,30,14,16
Éàsy,blackmoore,1333,shaman,enhancement,38,20,18
Kpvn,blackrock,1333,shaman,enhancement,52,26,26
Arlatjur,tarren-mill,1332,shaman,enhancement,30,19,11
Boidarbre,sargeras,1331,shaman,enhancement,42,15,27
Реалайзер,blackscar,1330,shaman,enhancement,24,14,10
Thunderhøøf,blackhand,1329,shaman,enhancement,24,14,10
Vhert,twisting-nether,1329,shaman,enhancement,33,16,17
Dräpàrn,sylvanas,1329,shaman,enhancement,30,14,16
Hitmeagain,blackhand,1329,shaman,enhancement,30,14,16
Trîkill,hyjal,1329,shaman,enhancement,66,30,36
Moodoo,antonidas,1328,shaman,enhancement,53,20,33
Atis,the-maelstrom,1327,shaman,enhancement,30,14,16
Агмень,howling-fjord,1326,shaman,enhancement,247,117,130
Magmamonster,tarren-mill,1326,shaman,enhancement,30,14,16
Tênzo,ysondre,1325,shaman,enhancement,63,30,33
Exinos,sylvanas,1322,shaman,enhancement,71,37,34
Shamãn,draenor,1322,shaman,enhancement,90,38,52
Heálmaster,sanguino,1321,shaman,enhancement,73,42,31
Янапятьминут,soulflayer,1321,shaman,enhancement,35,18,17
Ошиндра,gordunni,1320,shaman,enhancement,28,15,13
Clembute,cthun,1319,shaman,enhancement,48,28,20
Shadrahla,stormscale,1319,shaman,enhancement,24,14,10
Dami,die-aldor,1319,shaman,enhancement,45,18,27
Hectoraïus,ysondre,1317,shaman,enhancement,50,28,22
Нимххе,borean-tundra,1316,shaman,enhancement,24,15,9
Hopefully,eredar,1316,shaman,enhancement,24,14,10
Pøllemodex,frostwhisper,1316,shaman,enhancement,31,15,16
Masatø,hyjal,1316,shaman,enhancement,49,20,29
Renkass,outland,1315,shaman,enhancement,30,14,16
Blautorkel,amanthul,1314,shaman,enhancement,71,34,37
Айспик,ashenvale,1314,shaman,enhancement,101,37,64
Shamarre,executus,1313,shaman,enhancement,62,29,33
Тмх,ashenvale,1313,shaman,enhancement,33,15,18
Шабыч,deathguard,1312,shaman,enhancement,60,25,35
Surpraisq,ravencrest,1311,shaman,enhancement,54,29,25
Thogrin,bladefist,1311,shaman,enhancement,30,14,16
Blackmuamba,tarren-mill,1311,shaman,enhancement,42,18,24
Anstict,silvermoon,1310,shaman,enhancement,24,14,10
Кгб,greymane,1310,shaman,enhancement,174,83,91
Таиров,soulflayer,1309,shaman,enhancement,18,14,4
Dergat,pozzo-delleternità,1308,shaman,enhancement,42,20,22
Daelements,shadowsong,1308,shaman,enhancement,57,26,31
Срувтапкии,deathguard,1307,shaman,enhancement,90,48,42
Ragnadim,silvermoon,1307,shaman,enhancement,34,17,17
Камам,gordunni,1307,shaman,enhancement,36,16,20
Lahur,blackmoore,1306,shaman,enhancement,30,19,11
Шоманос,gordunni,1305,shaman,enhancement,30,18,12
Opráwindfury,stormscale,1305,shaman,enhancement,68,33,35
Qauter,hellfire,1305,shaman,enhancement,30,14,16
Dabbadabba,silvermoon,1305,shaman,enhancement,43,16,27
Интендо,soulflayer,1304,shaman,enhancement,51,27,24
Draugrinns,tarren-mill,1302,shaman,enhancement,42,21,21
Gnark,dun-modr,1300,shaman,enhancement,45,28,17
Persaunne,archimonde,1300,shaman,enhancement,69,36,33
Groundead,alakir,1300,shaman,enhancement,40,16,24
Elektekk,blackrock,1299,shaman,enhancement,34,17,17
Палачок,eversong,1298,shaman,enhancement,156,78,78
Shamaray,stormscale,1297,shaman,enhancement,186,97,89
Åkra,kazzak,1297,shaman,enhancement,28,14,14
Сюсуй,blackscar,1297,shaman,enhancement,33,15,18
Akimboo,kilrogg,1297,shaman,enhancement,78,35,43
Jeppoh,tarren-mill,1296,shaman,enhancement,37,22,15
Zandali,tarren-mill,1296,shaman,enhancement,90,50,40
Furioous,ravencrest,1296,shaman,enhancement,104,53,51
Thormarg,archimonde,1296,shaman,enhancement,60,29,31
Earthquaker,the-maelstrom,1294,shaman,enhancement,24,14,10
Chämalö,archimonde,1294,shaman,enhancement,169,85,84
Sunetee,kazzak,1294,shaman,enhancement,54,23,31
Justweirdaf,blackmoore,1293,shaman,enhancement,87,44,43
Trollomatic,das-syndikat,1292,shaman,enhancement,119,61,58
Rhakhatheckh,nemesis,1291,shaman,enhancement,42,19,23
Madppl,outland,1291,shaman,enhancement,37,16,21
Gigamuscle,ravencrest,1288,shaman,enhancement,30,15,15
Sinwithin,ravencrest,1287,shaman,enhancement,30,16,14
Stormrex,magtheridon,1287,shaman,enhancement,206,109,97
Enzjé,blackrock,1287,shaman,enhancement,30,14,16
Exgüsi,blackhand,1286,shaman,enhancement,42,25,17
Ishokyou,thrall,1286,shaman,enhancement,88,42,46
Carusø,thrall,1284,shaman,enhancement,52,26,26
Киллдрак,howling-fjord,1283,shaman,enhancement,36,19,17
Daguvner,stormscale,1282,shaman,enhancement,72,32,40
Yeemayne,outland,1279,shaman,enhancement,24,16,8
Bacheebg,darksorrow,1279,shaman,enhancement,155,79,76
Electrify,aegwynn,1278,shaman,enhancement,40,23,17
Towi,krasus,1278,shaman,enhancement,44,23,21
Броаркар,razuvious,1277,shaman,enhancement,106,56,50
Hammerkiller,kilrogg,1277,shaman,enhancement,55,23,32
Lilbantu,ravencrest,1276,shaman,enhancement,66,40,26
Бигмамуля,booty-bay,1276,shaman,enhancement,72,35,37
Korzo,amanthul,1275,shaman,enhancement,58,37,21
Другалёк,howling-fjord,1275,shaman,enhancement,127,66,61
Тандершторм,soulflayer,1275,shaman,enhancement,55,28,27
Hexd,defias-brotherhood,1275,shaman,enhancement,84,36,48
Navy,frostwolf,1274,shaman,enhancement,24,14,10
Burstorama,alleria,1272,shaman,enhancement,36,17,19
Jarrek,draenor,1272,shaman,enhancement,81,34,47
Cool,tarren-mill,1270,shaman,enhancement,45,18,27
Beletili,chogall,1269,shaman,enhancement,75,33,42
Katastrofuss,stormscale,1268,shaman,enhancement,88,47,41
Thundérshock,kazzak,1268,shaman,enhancement,60,23,37
Delgagalduos,kazzak,1267,shaman,enhancement,48,25,23
Monstermunch,ravencrest,1266,shaman,enhancement,33,14,19
Shamomo,hyjal,1265,shaman,enhancement,167,78,89
Shamanite,drakthul,1264,shaman,enhancement,65,31,34
Dropbax,khaz-modan,1264,shaman,enhancement,75,33,42
Iicks,blackrock,1264,shaman,enhancement,60,25,35
Whizjy,sanguino,1262,shaman,enhancement,63,30,33
Vukroth,argent-dawn,1261,shaman,enhancement,73,37,36
Шамвкроксах,gordunni,1261,shaman,enhancement,30,14,16
Shamananas,antonidas,1261,shaman,enhancement,84,39,45
Shamaneo,outland,1260,shaman,enhancement,45,29,16
Ragnos,sanguino,1259,shaman,enhancement,147,78,69
Baineoof,tarren-mill,1259,shaman,enhancement,41,18,23
Xakum,stormscale,1258,shaman,enhancement,44,30,14
Kunancementa,ravencrest,1257,shaman,enhancement,95,41,54
Апинсмок,soulflayer,1256,shaman,enhancement,105,50,55
Sounoukfrit,dalaran,1254,shaman,enhancement,87,46,41
Gõðzilla,blackmoore,1253,shaman,enhancement,34,17,17
Cavir,burning-blade,1253,shaman,enhancement,48,21,27
En,blackhand,1253,shaman,enhancement,36,15,21
Khorrax,malygos,1252,shaman,enhancement,66,34,32
Simularcum,kazzak,1252,shaman,enhancement,36,18,18
Manrod,tarren-mill,1251,shaman,enhancement,72,36,36
Humming,sanguino,1250,shaman,enhancement,93,50,43
Ørgus,aegwynn,1248,shaman,enhancement,353,185,168
Crawsz,archimonde,1248,shaman,enhancement,37,17,20
Vollt,kazzak,1248,shaman,enhancement,31,14,17
Tao,stormscale,1247,shaman,enhancement,18,13,5
Eclaîr,thrall,1247,shaman,enhancement,30,13,17
Layonne,ysondre,1246,shaman,enhancement,44,25,19
Darkstrong,alakir,1245,shaman,enhancement,42,22,20
Holten,outland,1245,shaman,enhancement,78,37,41
Dropdattotem,stormscale,1245,shaman,enhancement,35,15,20
Domiro,ravencrest,1245,shaman,enhancement,41,13,28
Murdá,ravencrest,1244,shaman,enhancement,24,13,11
Alainralso,archimonde,1243,shaman,enhancement,22,14,8
Shockinghell,sylvanas,1243,shaman,enhancement,24,13,11
Тандерхем,gordunni,1243,shaman,enhancement,60,31,29
Фастэра,soulflayer,1243,shaman,enhancement,36,13,23
Tashunka,twisting-nether,1242,shaman,enhancement,190,91,99
Hichibane,archimonde,1242,shaman,enhancement,30,13,17
Morkyy,thrall,1241,shaman,enhancement,18,13,5
Rhastasho,archimonde,1241,shaman,enhancement,132,67,65
Roastbeef,blackrock,1240,shaman,enhancement,46,25,21
Shamanlynx,ravencrest,1239,shaman,enhancement,36,23,13
Trollden,silvermoon,1239,shaman,enhancement,24,13,11
Izaarleus,argent-dawn,1239,shaman,enhancement,44,22,22
Maddogxz,frostwolf,1238,shaman,enhancement,18,13,5
Makotonagano,ravencrest,1238,shaman,enhancement,53,25,28
Podoroschnik,blackmoore,1238,shaman,enhancement,30,13,17
Элетар,gordunni,1237,shaman,enhancement,92,43,49
Рскувосемь,soulflayer,1237,shaman,enhancement,30,13,17
Blutschrei,tarren-mill,1236,shaman,enhancement,250,121,129
Biglynx,sanguino,1235,shaman,enhancement,138,80,58
Prømetheüs,sanguino,1235,shaman,enhancement,86,48,38
Guqin,ravencrest,1235,shaman,enhancement,64,30,34
Ðeron,dun-modr,1235,shaman,enhancement,30,13,17
Gonzprime,burning-legion,1234,shaman,enhancement,24,13,11
Видсон,soulflayer,1234,shaman,enhancement,30,14,16
Tholdrin,outland,1234,shaman,enhancement,30,13,17
Kargos,stormscale,1234,shaman,enhancement,30,13,17
Velkin,thrall,1233,shaman,enhancement,18,13,5
Crespouu,doomhammer,1233,shaman,enhancement,163,86,77
Burghezu,magtheridon,1232,shaman,enhancement,79,48,31
Vaesk,auchindoun,1232,shaman,enhancement,72,39,33
Hodir,bronzebeard,1232,shaman,enhancement,63,31,32
Shøckz,blackrock,1231,shaman,enhancement,24,13,11
Xfiles,garona,1231,shaman,enhancement,30,13,17
Pushs,archimonde,1230,shaman,enhancement,24,13,11
Hedjin,argent-dawn,1230,shaman,enhancement,78,42,36
Чернышус,soulflayer,1230,shaman,enhancement,68,31,37
Cowkiller,minahonda,1229,shaman,enhancement,42,23,19
Shockblaster,draenor,1228,shaman,enhancement,34,14,20
Maulstrom,pozzo-delleternità,1227,shaman,enhancement,49,30,19
Blitzviech,aegwynn,1226,shaman,enhancement,29,14,15
Silko,wrathbringer,1226,shaman,enhancement,55,24,31
Redderss,silvermoon,1223,shaman,enhancement,36,16,20
Cerita,bloodhoof,1222,shaman,enhancement,69,32,37
Акер,deathguard,1221,shaman,enhancement,42,27,15
Cementatar,burning-blade,1221,shaman,enhancement,36,21,15
Slaphappy,hellscream,1221,shaman,enhancement,27,14,13
Bachetobg,darksorrow,1220,shaman,enhancement,59,30,29
Strygwyrl,doomhammer,1220,shaman,enhancement,30,14,16
Charuzo,stormscale,1219,shaman,enhancement,30,13,17
Zerandolix,blackrock,1218,shaman,enhancement,44,22,22
Шамяра,blackscar,1217,shaman,enhancement,24,15,9
Mustang,twilights-hammer,1216,shaman,enhancement,242,116,126
Ulvur,blackhand,1216,shaman,enhancement,30,13,17
Moondei,archimonde,1215,shaman,enhancement,30,14,16
Idxbi,kazzak,1213,shaman,enhancement,144,77,67
Greatthrall,kazzak,1213,shaman,enhancement,38,19,19
Sënz,archimonde,1213,shaman,enhancement,37,16,21
Théar,ravencrest,1212,shaman,enhancement,30,15,15
Patites,twisting-nether,1208,shaman,enhancement,78,40,38
Ipbar,blackrock,1207,shaman,enhancement,30,16,14
Krux,burning-blade,1206,shaman,enhancement,151,77,74
Çesto,destromath,1205,shaman,enhancement,24,13,11
Йовва,soulflayer,1202,shaman,enhancement,24,18,6
Зуфар,howling-fjord,1201,shaman,enhancement,42,21,21
Dathanar,silvermoon,1201,shaman,enhancement,30,15,15
Magram,darksorrow,1200,shaman,enhancement,41,21,20
Loatrox,eredar,1200,shaman,enhancement,36,17,19
Zooloo,twilights-hammer,1200,shaman,enhancement,28,13,15
Литлсмурф,gordunni,1200,shaman,enhancement,51,21,30
Arcura,twisting-nether,1199,shaman,enhancement,114,58,56
Nurychic,twisting-nether,1198,shaman,enhancement,103,45,58
Manushamanu,stormscale,1197,shaman,enhancement,41,18,23
Fàkecast,outland,1197,shaman,enhancement,63,27,36
Welgor,kult-der-verdammten,1193,shaman,enhancement,78,43,35
Gárrok,nerathor,1193,shaman,enhancement,24,13,11
Yasan,kazzak,1193,shaman,enhancement,121,58,63
Sinkero,hellscream,1193,shaman,enhancement,62,26,36
Smoldermane,argent-dawn,1193,shaman,enhancement,35,13,22
Виндфуриа,gordunni,1190,shaman,enhancement,90,43,47
Talf,tarren-mill,1186,shaman,enhancement,23,13,10
Ponzu,silvermoon,1184,shaman,enhancement,24,14,10
Noiduttu,tarren-mill,1184,shaman,enhancement,112,59,53
Dronius,kragjin,1184,shaman,enhancement,36,15,21
Шалман,thermaplugg,1183,shaman,enhancement,467,230,237
Orli,aszune,1182,shaman,enhancement,36,18,18
Mahlga,argent-dawn,1180,shaman,enhancement,129,62,67
Treizelol,ysondre,1179,shaman,enhancement,83,38,45
Ønlýsîn,eredar,1179,shaman,enhancement,29,13,16
Cràfty,blackrock,1179,shaman,enhancement,64,27,37
Ultaz,ravencrest,1178,shaman,enhancement,56,23,33
Øzy,sanguino,1177,shaman,enhancement,52,35,17
Fourbevent,archimonde,1175,shaman,enhancement,21,14,7
Sg,la-croisade-écarlate,1174,shaman,enhancement,73,38,35
Grimtøtem,defias-brotherhood,1173,shaman,enhancement,42,18,24
Electricmon,stormscale,1172,shaman,enhancement,66,40,26
Màverìck,nemesis,1171,shaman,enhancement,24,16,8
Jorny,burning-legion,1171,shaman,enhancement,54,17,37
Bepiz,sylvanas,1170,shaman,enhancement,36,13,23
Qzaah,garona,1169,shaman,enhancement,27,13,14
Hokaji,tarren-mill,1168,shaman,enhancement,36,13,23
Chàrlord,twisting-nether,1167,shaman,enhancement,31,13,18
Tremuchamy,tyrande,1166,shaman,enhancement,51,28,23
Saduria,antonidas,1166,shaman,enhancement,120,64,56
Shigasu,die-aldor,1166,shaman,enhancement,39,17,22
Tookaageeroo,burning-legion,1164,shaman,enhancement,80,41,39
Windfury,sylvanas,1164,shaman,enhancement,105,53,52
Çaycî,blackhand,1162,shaman,enhancement,21,14,7
Quartodebue,nemesis,1162,shaman,enhancement,24,13,11
Maajo,tarren-mill,1161,shaman,enhancement,108,43,65
Glibnica,draenor,1160,shaman,enhancement,27,13,14
Магмарончик,gordunni,1158,shaman,enhancement,85,40,45
Vàlentina,blackmoore,1157,shaman,enhancement,174,90,84
Isladinks,draenor,1155,shaman,enhancement,99,46,53
Uselesstwo,archimonde,1152,shaman,enhancement,24,12,12
Blîzo,tarren-mill,1151,shaman,enhancement,16,13,3
Shootinguard,kazzak,1151,shaman,enhancement,18,12,6
Wallachia,ysondre,1151,shaman,enhancement,18,12,6
Raindx,draenor,1151,shaman,enhancement,18,12,6
Torcok,sanguino,1151,shaman,enhancement,18,12,6
Grouzer,stormscale,1151,shaman,enhancement,24,12,12
Даркгрон,thermaplugg,1151,shaman,enhancement,48,21,27
Мистерэнх,soulflayer,1151,shaman,enhancement,30,12,18
Sangvinus,outland,1151,shaman,enhancement,56,22,34
Shâymin,blackhand,1150,shaman,enhancement,18,12,6
Pestomvp,tarren-mill,1150,shaman,enhancement,18,12,6
Brotein,blackmoore,1150,shaman,enhancement,18,12,6
Altotem,blackmoore,1150,shaman,enhancement,18,12,6
Jaszczurka,stormrage,1149,shaman,enhancement,18,12,6
Thossa,draenor,1149,shaman,enhancement,135,69,66
Dmgaddict,kazzak,1149,shaman,enhancement,24,12,12
Kertunsisko,emeriss,1149,shaman,enhancement,78,35,43
Babal,outland,1149,shaman,enhancement,30,12,18
Ударбуридуде,howling-fjord,1149,shaman,enhancement,42,12,30
Tàvèrnellø,nemesis,1148,shaman,enhancement,18,12,6
Shamira,nethersturm,1148,shaman,enhancement,30,12,18
Famepolîce,blackrock,1147,shaman,enhancement,18,12,6
Kirtach,dun-modr,1146,shaman,enhancement,18,12,6
Dianè,stormscale,1145,shaman,enhancement,19,13,6
Fika,the-venture-co,1145,shaman,enhancement,66,36,30
Zevissh,outland,1144,shaman,enhancement,24,12,12
Самоанец,howling-fjord,1144,shaman,enhancement,24,12,12
Тессельхоф,howling-fjord,1143,shaman,enhancement,24,12,12
Maurrigan,rashgarroth,1142,shaman,enhancement,18,12,6
Mcbayn,tarren-mill,1142,shaman,enhancement,91,39,52
Ðexx,stormscale,1141,shaman,enhancement,18,12,6
Scottish,auchindoun,1140,shaman,enhancement,29,17,12
Brooce,sylvanas,1140,shaman,enhancement,30,12,18
Xélania,argent-dawn,1137,shaman,enhancement,30,12,18
Wioda,silvermoon,1136,shaman,enhancement,125,70,55
Lumpp,kazzak,1134,shaman,enhancement,48,14,34
Stub,nemesis,1132,shaman,enhancement,40,22,18
Бирхэпнс,blackscar,1131,shaman,enhancement,104,48,56
Bólterz,twisting-nether,1129,shaman,enhancement,33,14,19
Baaruch,kazzak,1128,shaman,enhancement,91,40,51
Philcallings,tarren-mill,1127,shaman,enhancement,27,13,14
Kassyoh,hyjal,1127,shaman,enhancement,30,14,16
Мустажи,gordunni,1126,shaman,enhancement,36,23,13
Волкк,soulflayer,1126,shaman,enhancement,98,53,45
Reverse,xavius,1125,shaman,enhancement,24,12,12
Gibspark,twisting-nether,1124,shaman,enhancement,30,17,13
Ðragaø,kazzak,1122,shaman,enhancement,24,12,12
Keysersozey,zuluhed,1120,shaman,enhancement,24,12,12
Viandehachee,dalaran,1119,shaman,enhancement,35,18,17
Jaykezap,kazzak,1118,shaman,enhancement,23,12,11
Spideysámli,ragnaros,1116,shaman,enhancement,18,12,6
Precíous,sporeggar,1116,shaman,enhancement,40,22,18
Gameblast,thunderhorn,1116,shaman,enhancement,36,12,24
Aquæ,suramar,1115,shaman,enhancement,207,106,101
Bumm,twisting-nether,1115,shaman,enhancement,36,15,21
Траллгодх,blackscar,1115,shaman,enhancement,29,12,17
Виндфайр,blackscar,1114,shaman,enhancement,24,12,12
Grommalgue,hyjal,1113,shaman,enhancement,54,30,24
Ипа,thermaplugg,1112,shaman,enhancement,113,57,56
Lvq,kazzak,1107,shaman,enhancement,24,12,12
Limech,dalaran,1106,shaman,enhancement,66,27,39
Namrdak,quelthalas,1104,shaman,enhancement,196,100,96
Тотемныйчад,gordunni,1104,shaman,enhancement,28,13,15
Esciamano,nemesis,1101,shaman,enhancement,47,31,16
Murog,dalaran,1100,shaman,enhancement,25,14,11
Djzeus,twisting-nether,1098,shaman,enhancement,21,12,9
Eneruswag,draenor,1098,shaman,enhancement,29,14,15
Hororka,drakthul,1098,shaman,enhancement,60,24,36
Nuluadroguri,twisting-nether,1098,shaman,enhancement,34,13,21
Etxarne,twisting-nether,1098,shaman,enhancement,42,12,30
Kireekoura,tarren-mill,1097,shaman,enhancement,33,14,19
Munnar,dalaran,1097,shaman,enhancement,42,17,25
Ironsidé,ragnaros,1096,shaman,enhancement,48,18,30
Бойкийкот,gordunni,1095,shaman,enhancement,72,34,38
Zugzie,draenor,1095,shaman,enhancement,60,28,32
Halorah,argent-dawn,1094,shaman,enhancement,191,93,98
Donaldopumpo,stormscale,1090,shaman,enhancement,29,15,14
Janserey,burning-legion,1090,shaman,enhancement,30,12,18
Грейсаша,howling-fjord,1088,shaman,enhancement,36,21,15
Kringspierce,twisting-nether,1086,shaman,enhancement,55,34,21
Sshaasam,tarren-mill,1086,shaman,enhancement,41,25,16
Oddsocks,stormscale,1083,shaman,enhancement,134,63,71
Nïà,kaelthas,1083,shaman,enhancement,83,34,49
Харрум,soulflayer,1082,shaman,enhancement,80,42,38
Eliaap,antonidas,1082,shaman,enhancement,159,75,84
Хмелецкий,soulflayer,1078,shaman,enhancement,96,51,45
Snoc,guldan,1077,shaman,enhancement,57,26,31
Bábbajaggí,blackrock,1077,shaman,enhancement,30,13,17
Zokah,emeriss,1076,shaman,enhancement,24,12,12
Анашишка,borean-tundra,1069,shaman,enhancement,42,16,26
Atixz,blackmoore,1065,shaman,enhancement,34,12,22
Hyamala,chamber-of-aspects,1063,shaman,enhancement,37,20,17
Rockymarciia,dalaran,1060,shaman,enhancement,30,21,9
Sìrenia,tarren-mill,1060,shaman,enhancement,62,35,27
Свистт,fordragon,1060,shaman,enhancement,148,64,84
Боргрим,eversong,1059,shaman,enhancement,112,48,64
Axiiom,draenor,1056,shaman,enhancement,18,11,7
Shaddoo,stormscale,1056,shaman,enhancement,18,11,7
Биттерлинкс,soulflayer,1056,shaman,enhancement,24,11,13
Napoulion,khaz-modan,1055,shaman,enhancement,18,11,7
Pay,stormscale,1055,shaman,enhancement,18,11,7
Killykritz,draenor,1055,shaman,enhancement,18,11,7
Gixor,silvermoon,1055,shaman,enhancement,18,11,7
Setac,stormscale,1055,shaman,enhancement,18,11,7
Ghostwolfe,ravencrest,1055,shaman,enhancement,18,11,7
Kelvok,silvermoon,1055,shaman,enhancement,18,11,7
Aünsa,archimonde,1055,shaman,enhancement,18,11,7
Faustex,dun-morogh,1055,shaman,enhancement,18,11,7
Weaslêy,frostwolf,1055,shaman,enhancement,45,24,21
Notragon,chamber-of-aspects,1055,shaman,enhancement,32,12,20
Hungover,outland,1055,shaman,enhancement,30,11,19
Trobø,ravencrest,1055,shaman,enhancement,33,12,21
Berserked,emeriss,1054,shaman,enhancement,18,11,7
Kral,defias-brotherhood,1053,shaman,enhancement,18,11,7
Razush,draenor,1053,shaman,enhancement,18,11,7
Lothepus,balnazzar,1053,shaman,enhancement,18,11,7
Shockrates,pozzo-delleternità,1053,shaman,enhancement,24,11,13
Othu,ragnaros,1053,shaman,enhancement,24,11,13
Fjal,die-nachtwache,1053,shaman,enhancement,54,20,34
Asschick,outland,1052,shaman,enhancement,18,11,7
Onefurall,ragnaros,1052,shaman,enhancement,24,11,13
Vemvardetsom,stormreaver,1052,shaman,enhancement,24,11,13
Swooch,shattered-hand,1051,shaman,enhancement,12,11,1
Mhyrtïlle,kirin-tor,1051,shaman,enhancement,18,11,7
Эсфира,ashenvale,1051,shaman,enhancement,113,54,59
Электро,thermaplugg,1051,shaman,enhancement,24,11,13
Thokul,defias-brotherhood,1050,shaman,enhancement,18,11,7
Apócalypsee,ravencrest,1050,shaman,enhancement,24,11,13
Âlphan,silvermoon,1050,shaman,enhancement,24,11,13
Berethar,burning-blade,1050,shaman,enhancement,24,11,13
Bloodlusts,archimonde,1050,shaman,enhancement,25,11,14
Щцц,soulflayer,1047,shaman,enhancement,18,11,7
Psÿkz,kazzak,1047,shaman,enhancement,25,11,14
Azrodas,defias-brotherhood,1046,shaman,enhancement,24,11,13
Tonitøtem,onyxia,1046,shaman,enhancement,30,11,19
Keräx,cthun,1044,shaman,enhancement,30,11,19
Moonkiss,veknilash,1043,shaman,enhancement,101,53,48
Wargriman,kelthuzad,1042,shaman,enhancement,35,19,16
Kushme,silvermoon,1041,shaman,enhancement,144,67,77
Lottery,ragnaros,1041,shaman,enhancement,24,11,13
Bíìerlip,twisting-nether,1041,shaman,enhancement,36,11,25
Shamrøck,archimonde,1040,shaman,enhancement,66,32,34
Nabq,hyjal,1040,shaman,enhancement,24,11,13
Nezuka,turalyon,1040,shaman,enhancement,39,17,22
Totkodem,twisting-nether,1039,shaman,enhancement,38,16,22
Antomadorf,ravencrest,1039,shaman,enhancement,30,11,19
Rorenth,blackhand,1035,shaman,enhancement,80,40,40
Mørwayn,ysondre,1035,shaman,enhancement,24,11,13
Polarboy,blackmoore,1027,shaman,enhancement,21,12,9
Eleboss,frostwolf,1025,shaman,enhancement,54,28,26
Haono,khaz-modan,1024,shaman,enhancement,24,11,13
Sifu,ragnaros,1023,shaman,enhancement,18,11,7
Nethershock,blackmoore,1023,shaman,enhancement,139,74,65
Curcumin,ravencrest,1018,shaman,enhancement,30,11,19
Practicetwo,argent-dawn,1015,shaman,enhancement,29,11,18
Rázzìm,eredar,1014,shaman,enhancement,28,11,17
Shaminista,ravencrest,1001,shaman,enhancement,24,13,11
Chamtroulku,ysondre,1001,shaman,enhancement,23,11,12
Vegà,thrall,1000,shaman,enhancement,21,13,8
Bigmassage,blackmoore,996,shaman,enhancement,27,12,15
Watchmeplz,archimonde,990,shaman,enhancement,22,11,11
Freizeitler,antonidas,988,shaman,enhancement,17,11,6
Krakennm,dalaran,987,shaman,enhancement,73,35,38
Warjuice,stormscale,987,shaman,enhancement,23,11,12
Джусипуси,gordunni,987,shaman,enhancement,48,19,29
Biphrost,nemesis,986,shaman,enhancement,87,45,42
Джертик,howling-fjord,984,shaman,enhancement,25,16,9
Нуишам,soulflayer,978,shaman,enhancement,19,13,6
Xarozz,blackmoore,978,shaman,enhancement,127,60,67
Chamanauzore,hyjal,977,shaman,enhancement,48,16,32
Zerodown,outland,976,shaman,enhancement,35,12,23
Yunero,argent-dawn,975,shaman,enhancement,19,11,8
Twotwozero,defias-brotherhood,968,shaman,enhancement,47,22,25
Zoghzog,elune,968,shaman,enhancement,89,38,51
Sacwel,silvermoon,967,shaman,enhancement,18,11,7
Schockerdidf,blackmoore,960,shaman,enhancement,12,10,2
Miøn,kazzak,960,shaman,enhancement,12,10,2
Dumhuvud,stormscale,960,shaman,enhancement,12,10,2
Tätschentim,blackrock,960,shaman,enhancement,12,10,2
Schnellweg,arthas,960,shaman,enhancement,12,10,2
Махош,blackscar,960,shaman,enhancement,18,10,8
Blackyx,dun-modr,960,shaman,enhancement,18,10,8
Crysis,sanguino,960,shaman,enhancement,18,10,8
Burstboy,tarren-mill,960,shaman,enhancement,18,10,8
Bullet,blackmoore,960,shaman,enhancement,18,10,8
Likê,aegwynn,960,shaman,enhancement,18,10,8
Laghärta,dun-modr,960,shaman,enhancement,53,29,24
Chronochrome,chamber-of-aspects,960,shaman,enhancement,134,68,66
Teckan,tarren-mill,960,shaman,enhancement,20,10,10
Madeej,burning-legion,959,shaman,enhancement,12,10,2
Ræi,drakthul,959,shaman,enhancement,12,10,2
Flameshock,stormreaver,959,shaman,enhancement,12,10,2
Hariboo,arthas,959,shaman,enhancement,18,10,8
Elevotor,kult-der-verdammten,959,shaman,enhancement,18,10,8
Raketsven,dentarg,959,shaman,enhancement,18,10,8
Asçele,kazzak,959,shaman,enhancement,18,10,8
Sìberiano,pozzo-delleternità,959,shaman,enhancement,18,10,8
Equipshammy,silvermoon,959,shaman,enhancement,18,10,8
Ugory,die-aldor,958,shaman,enhancement,12,10,2
Evííl,tarren-mill,958,shaman,enhancement,12,10,2
Hurb,malorne,958,shaman,enhancement,18,10,8
Myngo,thrall,958,shaman,enhancement,18,10,8
Нэдсон,greymane,958,shaman,enhancement,18,10,8
Stormkëëpër,stormscale,958,shaman,enhancement,51,19,32
Ironlionzion,ragnaros,957,shaman,enhancement,21,11,10
Balfalor,antonidas,956,shaman,enhancement,18,10,8
Шамунчез,gordunni,956,shaman,enhancement,24,10,14
Суттех,soulflayer,956,shaman,enhancement,24,10,14
Hairball,turalyon,955,shaman,enhancement,18,10,8
Ybbarcs,eredar,955,shaman,enhancement,18,10,8
Tufftnamn,frostmane,955,shaman,enhancement,24,10,14
Pureflame,silvermoon,955,shaman,enhancement,24,10,14
Charth,ravencrest,954,shaman,enhancement,49,18,31
Stormess,zuljin,953,shaman,enhancement,18,10,8
Carcksn,nerathor,951,shaman,enhancement,18,10,8
Cimer,sargeras,951,shaman,enhancement,107,48,59
Darkcleaver,drakthul,950,shaman,enhancement,24,10,14
Nazma,blackhand,949,shaman,enhancement,12,10,2
Rèol,blackmoore,949,shaman,enhancement,30,10,20
Rushfabi,aegwynn,948,shaman,enhancement,24,10,14
Amonshokz,tarren-mill,947,shaman,enhancement,24,10,14
Wuchtzwerg,terrordar,945,shaman,enhancement,12,10,2
Sardemar,defias-brotherhood,944,shaman,enhancement,30,17,13
Rûngard,aegwynn,944,shaman,enhancement,24,10,14
Yarøu,antonidas,944,shaman,enhancement,32,11,21
Golfrick,hyjal,940,shaman,enhancement,33,11,22
Шамманидзе,gordunni,940,shaman,enhancement,30,10,20
Broxh,sanguino,935,shaman,enhancement,96,36,60
Fernik,sanguino,935,shaman,enhancement,36,13,23
Чухмандос,gordunni,932,shaman,enhancement,23,11,12
Shamsterr,karazhan,930,shaman,enhancement,24,10,14
Bigpapi,azjolnerub,927,shaman,enhancement,17,10,7
Elrayitos,shendralar,927,shaman,enhancement,22,10,12
Drocthar,defias-brotherhood,923,shaman,enhancement,76,32,44
Gruldo,tarren-mill,915,shaman,enhancement,41,10,31
Shamaniak,tarren-mill,915,shaman,enhancement,42,10,32
Eomsham,magtheridon,912,shaman,enhancement,21,10,11
Elcoustillou,throkferoth,911,shaman,enhancement,122,56,66
Тыщатристах,howling-fjord,903,shaman,enhancement,18,11,7
Stubby,nagrand,903,shaman,enhancement,31,14,17
Ластыч,borean-tundra,900,shaman,enhancement,30,13,17
Wawawoowee,archimonde,893,shaman,enhancement,16,10,6
Ryujìñjakka,culte-de-la-rive-noire,892,shaman,enhancement,36,16,20
Schabapi,blackmoore,887,shaman,enhancement,20,10,10
Peixy,dun-modr,886,shaman,enhancement,18,12,6
Залазани,soulflayer,884,shaman,enhancement,30,15,15
Bimms,eredar,879,shaman,enhancement,19,10,9
Fòóxi,ravencrest,877,shaman,enhancement,211,104,107
Mimsy,hyjal,876,shaman,enhancement,53,21,32
Mefhaman,tarren-mill,872,shaman,enhancement,25,10,15
Tuzep,bloodscalp,871,shaman,enhancement,59,23,36
Argueaner,eonar,867,shaman,enhancement,40,15,25
Rylidare,khaz-modan,865,shaman,enhancement,65,28,37
ßluegelato,silvermoon,864,shaman,enhancement,12,9,3
Thunderman,the-maelstrom,864,shaman,enhancement,12,9,3
Йодаримару,howling-fjord,864,shaman,enhancement,12,9,3
Shockkanta,antonidas,864,shaman,enhancement,12,9,3
Hexftw,khaz-modan,864,shaman,enhancement,12,9,3
Turbothea,blackmoore,864,shaman,enhancement,12,9,3
Khylejenner,kazzak,864,shaman,enhancement,12,9,3
Lokasakke,tarren-mill,864,shaman,enhancement,12,9,3
Xorez,blackmoore,864,shaman,enhancement,12,9,3
Martini,tichondrius,864,shaman,enhancement,15,10,5
Procdaddy,stormscale,864,shaman,enhancement,18,9,9
Everblast,arathor,864,shaman,enhancement,18,9,9
Deadwôlf,stormscale,864,shaman,enhancement,18,9,9
Eshami,tarren-mill,864,shaman,enhancement,18,9,9
Tswiftx,tarren-mill,864,shaman,enhancement,18,9,9
Gopimusprime,twisting-nether,864,shaman,enhancement,18,9,9
Ric,nemesis,864,shaman,enhancement,18,9,9
Azagtoth,tarren-mill,864,shaman,enhancement,18,9,9
Ghettocheff,blackmoore,864,shaman,enhancement,24,9,15
Stephelord,blackmoore,864,shaman,enhancement,30,9,21
Shuyö,kazzak,863,shaman,enhancement,18,9,9
Purgey,ravencrest,863,shaman,enhancement,18,9,9
Virrogs,argent-dawn,863,shaman,enhancement,18,9,9
Nëÿrën,drakthul,863,shaman,enhancement,18,9,9
Zðhan,azshara,863,shaman,enhancement,18,9,9
Réläx,kazzak,863,shaman,enhancement,18,9,9
Taraesh,blackhand,863,shaman,enhancement,18,9,9
Jhagy,archimonde,863,shaman,enhancement,18,9,9
Sgtspyke,ragnaros,863,shaman,enhancement,24,9,15
Ikiku,twisting-nether,863,shaman,enhancement,28,10,18
Shamehameha,thrall,862,shaman,enhancement,12,9,3
Еонса,howling-fjord,862,shaman,enhancement,18,9,9
Mockingghost,blackmoore,862,shaman,enhancement,18,9,9
Gagné,hyjal,862,shaman,enhancement,18,9,9
Bualocktv,sylvanas,862,shaman,enhancement,18,9,9
Pissluffer,tarren-mill,862,shaman,enhancement,18,9,9
Szelenamoonx,outland,862,shaman,enhancement,18,9,9
Tuncha,runetotem,862,shaman,enhancement,18,9,9
Jabja,antonidas,862,shaman,enhancement,18,9,9
Brigantino,burning-legion,862,shaman,enhancement,18,9,9
Jaydc,silvermoon,862,shaman,enhancement,22,9,13
Ximid,doomhammer,862,shaman,enhancement,112,43,69
Mästerruv,the-maelstrom,862,shaman,enhancement,24,9,15
Ордосус,gordunni,862,shaman,enhancement,24,9,15
Locosonik,kazzak,862,shaman,enhancement,28,10,18
Tangragmg,runetotem,862,shaman,enhancement,42,12,30
Abdegor,burning-legion,861,shaman,enhancement,18,9,9
Bananaspliit,stormscale,861,shaman,enhancement,24,9,15
Seriux,twisting-nether,860,shaman,enhancement,15,10,5
Messedmyself,outland,860,shaman,enhancement,18,9,9
Rashtar,ravencrest,860,shaman,enhancement,18,9,9
Jockin,tarren-mill,860,shaman,enhancement,24,9,15
Discoshort,kazzak,860,shaman,enhancement,24,9,15
Tatyabis,drekthar,859,shaman,enhancement,18,9,9
Бетадварф,borean-tundra,859,shaman,enhancement,18,9,9
Malicrnii,outland,859,shaman,enhancement,21,10,11
Cracklord,outland,858,shaman,enhancement,18,9,9
Malyalewaria,silvermoon,857,shaman,enhancement,18,9,9
Loko,terokkar,857,shaman,enhancement,18,9,9
Earthvixen,ravencrest,857,shaman,enhancement,47,23,24
Mou,the-maelstrom,857,shaman,enhancement,30,9,21
Shafallen,tarren-mill,856,shaman,enhancement,12,9,3
Kaareh,frostmourne,856,shaman,enhancement,18,9,9
Yzeed,argent-dawn,856,shaman,enhancement,18,9,9
Агирук,goldrinn,855,shaman,enhancement,19,10,9
Fashess,sunstrider,855,shaman,enhancement,24,9,15
Slavazsu,draenor,851,shaman,enhancement,18,9,9
Gälädhan,ysondre,839,shaman,enhancement,30,14,16
Nervuus,burning-legion,839,shaman,enhancement,45,12,33
Mendoz,nazjatar,838,shaman,enhancement,116,56,60
Kuhjo,malganis,837,shaman,enhancement,18,9,9
Buldozar,blackmoore,831,shaman,enhancement,28,9,19
Lamoulastorm,chogall,828,shaman,enhancement,17,9,8
Deeblu,nemesis,821,shaman,enhancement,24,9,15
Sharomen,draenor,819,shaman,enhancement,30,9,21
Grinan,hyjal,817,shaman,enhancement,53,16,37
Rodfrugten,draenor,815,shaman,enhancement,17,9,8
Exereon,ravencrest,808,shaman,enhancement,20,11,9
Мамонтшам,howling-fjord,808,shaman,enhancement,17,9,8
Ìkarus,eredar,804,shaman,enhancement,40,17,23
Vix,argent-dawn,799,shaman,enhancement,14,9,5
Danthesham,draenor,796,shaman,enhancement,22,9,13
Какпак,fordragon,796,shaman,enhancement,26,9,17
Hamstéole,hyjal,784,shaman,enhancement,16,9,7
Razgriz,confrérie-du-thorium,784,shaman,enhancement,19,9,10
Саксаул,fordragon,783,shaman,enhancement,19,9,10
Koiru,argent-dawn,782,shaman,enhancement,19,9,10
Krytonian,twisting-nether,768,shaman,enhancement,12,8,4
Khorgam,twisting-nether,768,shaman,enhancement,12,8,4
Trankilo,silvermoon,768,shaman,enhancement,12,8,4
Bufalan,uldum,768,shaman,enhancement,12,8,4
Flamii,burning-legion,768,shaman,enhancement,12,8,4
Qätär,ravencrest,768,shaman,enhancement,12,8,4
Blimblau,stormrage,768,shaman,enhancement,12,8,4
Jillibaa,stormscale,768,shaman,enhancement,12,8,4
Achtungblitz,blackrock,768,shaman,enhancement,12,8,4
Бурапи,howling-fjord,768,shaman,enhancement,12,8,4
Whatsatotem,hyjal,768,shaman,enhancement,12,8,4
Shamroyce,blackhand,768,shaman,enhancement,12,8,4
Cocolopez,tichondrius,768,shaman,enhancement,12,8,4
Maksimon,blackrock,768,shaman,enhancement,12,8,4
Olej,burning-legion,768,shaman,enhancement,12,8,4
Otsle,kazzak,768,shaman,enhancement,12,8,4
Dêblâzê,thrall,768,shaman,enhancement,12,8,4
Драгенхз,gordunni,768,shaman,enhancement,12,8,4
Trulor,stormscale,768,shaman,enhancement,12,8,4
Gnomecake,vashj,768,shaman,enhancement,18,8,10
Bmtotem,twisting-nether,768,shaman,enhancement,18,8,10
Fakeyy,draenor,767,shaman,enhancement,12,8,4
Complete,hyjal,767,shaman,enhancement,12,8,4
Картохыч,howling-fjord,767,shaman,enhancement,12,8,4
Wonderman,jaedenar,767,shaman,enhancement,12,8,4
Ichboxdich,madmortem,767,shaman,enhancement,12,8,4
Zaappyboii,azjolnerub,767,shaman,enhancement,18,8,10
Nápälm,dun-modr,767,shaman,enhancement,18,8,10
Bubashaman,kazzak,767,shaman,enhancement,18,8,10
Nínive,zuljin,767,shaman,enhancement,18,8,10
Neroty,blackmoore,767,shaman,enhancement,18,8,10
Tschacô,malganis,767,shaman,enhancement,18,8,10
Nahkasika,defias-brotherhood,767,shaman,enhancement,18,8,10
Gåiå,argent-dawn,767,shaman,enhancement,18,8,10
Carlos,magtheridon,767,shaman,enhancement,18,8,10
Szamanito,turalyon,767,shaman,enhancement,18,8,10
Шлолка,gordunni,767,shaman,enhancement,24,8,16
Devastatiia,ragnaros,766,shaman,enhancement,12,8,4
Vallchan,kazzak,766,shaman,enhancement,12,8,4
Târu,blackrock,766,shaman,enhancement,24,8,16
Rosewall,twisting-nether,765,shaman,enhancement,12,8,4
Niveamann,eredar,765,shaman,enhancement,12,8,4
Эрхус,soulflayer,765,shaman,enhancement,18,8,10
Dillerfranz,stormscale,765,shaman,enhancement,18,8,10
Elayco,twisting-nether,765,shaman,enhancement,18,8,10
Lôù,archimonde,765,shaman,enhancement,18,8,10
Agrok,jaedenar,765,shaman,enhancement,30,8,22
Энхким,soulflayer,765,shaman,enhancement,32,8,24
Ronctaha,blackrock,764,shaman,enhancement,12,8,4
Yànkøràmbow,arakarahm,764,shaman,enhancement,15,9,6
Nudyjuice,tarren-mill,764,shaman,enhancement,15,8,7
Nëllaqt,archimonde,764,shaman,enhancement,18,8,10
Vilberoo,ravencrest,764,shaman,enhancement,24,8,16
Зулкунд,soulflayer,763,shaman,enhancement,18,8,10
Escreption,tarren-mill,763,shaman,enhancement,24,8,16
Sturmbréchér,area-52,763,shaman,enhancement,24,8,16
Jangal,die-nachtwache,762,shaman,enhancement,13,8,5
Olayan,zenedar,762,shaman,enhancement,18,8,10
Doblir,bloodscalp,762,shaman,enhancement,24,8,16
Тилливилли,howling-fjord,761,shaman,enhancement,12,8,4
Shamanares,arathor,757,shaman,enhancement,12,8,4
Azabi,defias-brotherhood,756,shaman,enhancement,24,8,16
Шамблабла,soulflayer,756,shaman,enhancement,30,8,22
Asmat,pozzo-delleternità,753,shaman,enhancement,18,8,10
Fotmslave,laughing-skull,749,shaman,enhancement,15,10,5
Asogg,archimonde,743,shaman,enhancement,24,9,15
Boltmac,mugthol,736,shaman,enhancement,16,9,7
Fromhaven,doomhammer,735,shaman,enhancement,22,8,14
Dénekha,zuljin,733,shaman,enhancement,14,9,5
Negårn,tarren-mill,719,shaman,enhancement,11,8,3
Kkthxbb,aegwynn,718,shaman,enhancement,15,8,7
Xereús,kazzak,718,shaman,enhancement,23,8,15
Ihealbro,blackrock,714,shaman,enhancement,16,11,5
Shamansito,tyrande,713,shaman,enhancement,21,9,12
Pospodrol,ragnaros,704,shaman,enhancement,16,8,8
Faridstreng,blackmoore,703,shaman,enhancement,11,8,3
Spajry,drakthul,702,shaman,enhancement,14,8,6
Gyuksz,arathor,702,shaman,enhancement,17,8,9
Lavashock,tarren-mill,700,shaman,enhancement,28,8,20
Bizzlebeast,lightbringer,687,shaman,enhancement,19,8,11
Tiamât,culte-de-la-rive-noire,685,shaman,enhancement,19,8,11
Bärtigeberta,aegwynn,672,shaman,enhancement,10,8,2
Turbosaab,draenor,672,shaman,enhancement,12,7,5
Инсэйнгодх,soulflayer,672,shaman,enhancement,12,7,5
Roineé,draenor,672,shaman,enhancement,12,7,5
Proper,tichondrius,672,shaman,enhancement,12,7,5
Эоя,howling-fjord,672,shaman,enhancement,12,7,5
Zanjulu,ravenholdt,672,shaman,enhancement,12,7,5
Nairî,blackhand,672,shaman,enhancement,12,7,5
Arshak,stormscale,672,shaman,enhancement,12,7,5
Mikesinatra,tarren-mill,672,shaman,enhancement,12,7,5
Cloùt,the-maelstrom,672,shaman,enhancement,12,7,5
Magharro,kazzak,672,shaman,enhancement,12,7,5
Zuvboy,the-maelstrom,672,shaman,enhancement,12,7,5
Primez,twilights-hammer,672,shaman,enhancement,12,7,5
Runè,azjolnerub,672,shaman,enhancement,12,7,5
Faeroox,ravencrest,672,shaman,enhancement,12,7,5
Broock,kazzak,672,shaman,enhancement,12,7,5
Tryscham,blackmoore,672,shaman,enhancement,12,7,5
Fudgekek,ravencrest,672,shaman,enhancement,12,7,5
Metalbeef,xavius,672,shaman,enhancement,12,7,5
Vutututututu,ragnaros,672,shaman,enhancement,12,7,5
Horiq,kazzak,672,shaman,enhancement,18,7,11
Нерезшок,soulflayer,672,shaman,enhancement,18,7,11
Votie,tarren-mill,672,shaman,enhancement,18,7,11
Kärríegold,blackrock,672,shaman,enhancement,18,7,11
Chuckystrike,arthas,672,shaman,enhancement,18,7,11
ßlãstmåçhîñê,kazzak,672,shaman,enhancement,18,7,11
Shougaku,blackrock,672,shaman,enhancement,18,7,11
Sorlk,kazzak,672,shaman,enhancement,18,7,11
Élisabethtwo,culte-de-la-rive-noire,672,shaman,enhancement,18,7,11
Irmax,stormscale,672,shaman,enhancement,18,7,11
Zerak,twisting-nether,672,shaman,enhancement,21,8,13
Okmogar,khaz-modan,671,shaman,enhancement,12,7,5
Êvø,draenor,671,shaman,enhancement,12,7,5
Phookov,ravencrest,671,shaman,enhancement,12,7,5
Stormfury,balnazzar,671,shaman,enhancement,12,7,5
Kejazal,blackrock,671,shaman,enhancement,12,7,5
Napwak,hyjal,671,shaman,enhancement,12,7,5
Джоннси,howling-fjord,671,shaman,enhancement,12,7,5
Wiev,blackmoore,671,shaman,enhancement,12,7,5
Thalmorius,argent-dawn,671,shaman,enhancement,12,7,5
Mícheller,ravencrest,671,shaman,enhancement,12,7,5
Outhell,sylvanas,671,shaman,enhancement,12,7,5
Dwarfofwar,ravencrest,671,shaman,enhancement,12,7,5
Groundedx,ravencrest,671,shaman,enhancement,12,7,5
Notgood,blackhand,671,shaman,enhancement,18,7,11
Teenx,auchindoun,671,shaman,enhancement,18,7,11
Götveren,eredar,671,shaman,enhancement,18,7,11
Cbshaman,sylvanas,671,shaman,enhancement,18,7,11
Chiwas,outland,671,shaman,enhancement,18,7,11
Fuzzynuts,ravencrest,671,shaman,enhancement,18,7,11
Lafia,blackrock,671,shaman,enhancement,18,7,11
Younglasso,blackrock,671,shaman,enhancement,18,7,11
Sajma,silvermoon,671,shaman,enhancement,18,7,11
Galandrohk,stormscale,671,shaman,enhancement,18,7,11
Fanatroka,ravencrest,671,shaman,enhancement,18,7,11
Meangreen,stormscale,671,shaman,enhancement,18,7,11
Birnenpfeffi,malfurion,671,shaman,enhancement,20,7,13
Ilnspirall,drakthul,670,shaman,enhancement,12,7,5
Shockýbalboa,ragnaros,670,shaman,enhancement,18,7,11
Phizzik,ravencrest,670,shaman,enhancement,18,7,11
Elijaá,nordrassil,670,shaman,enhancement,18,7,11
Sacrx,dalaran,670,shaman,enhancement,24,7,17
Prettymoon,pozzo-delleternità,670,shaman,enhancement,24,7,17
Spirites,drakthul,667,shaman,enhancement,12,7,5
Wartay,doomhammer,667,shaman,enhancement,12,7,5
Ftp,archimonde,660,shaman,enhancement,30,7,23
Shelara,drakthul,658,shaman,enhancement,12,7,5
Фролыч,deathguard,645,shaman,enhancement,23,9,14
Hemradi,blackmoore,638,shaman,enhancement,11,7,4
Hollowtotem,darkmoon-faire,617,shaman,enhancement,20,8,12
Aurèl,culte-de-la-rive-noire,614,shaman,enhancement,37,11,26
Skillxdxdxd,outland,608,shaman,enhancement,16,7,9
Nintotemxo,stormscale,607,shaman,enhancement,14,7,7
Перегной,ashenvale,607,shaman,enhancement,22,7,15
Doomburger,darksorrow,592,shaman,enhancement,13,7,6
Lifeflow,sylvanas,576,shaman,enhancement,6,6,0
Loryaahx,hyjal,576,shaman,enhancement,6,6,0
Silataf,hyjal,576,shaman,enhancement,10,6,4
Leasysham,antonidas,576,shaman,enhancement,12,6,6
Kémar,frostwolf,576,shaman,enhancement,12,6,6
Thundersioux,ravencrest,576,shaman,enhancement,12,6,6
Sebikzap,ravencrest,576,shaman,enhancement,12,6,6
Searfang,korgall,576,shaman,enhancement,12,6,6
Leïnnah,elune,576,shaman,enhancement,12,6,6
Obêlixx,blackmoore,576,shaman,enhancement,12,6,6
Nightmurpf,defias-brotherhood,576,shaman,enhancement,12,6,6
Lurtax,outland,576,shaman,enhancement,12,6,6
Thunderwill,sanguino,576,shaman,enhancement,12,6,6
Kaingar,ravencrest,576,shaman,enhancement,12,6,6
Crazypop,outland,576,shaman,enhancement,12,6,6
Degstaerian,ysera,576,shaman,enhancement,12,6,6
Povvder,ravencrest,576,shaman,enhancement,12,6,6
Mokteb,archimonde,576,shaman,enhancement,12,6,6
Rèxxar,stormscale,576,shaman,enhancement,12,6,6
Штурвальный,blackscar,576,shaman,enhancement,12,6,6
Noneedshaman,stormscale,576,shaman,enhancement,12,6,6
Buffresto,kazzak,576,shaman,enhancement,12,6,6
Хеллбат,howling-fjord,576,shaman,enhancement,12,6,6
Isogrind,archimonde,576,shaman,enhancement,12,6,6
Yompo,archimonde,576,shaman,enhancement,12,6,6
Drøgøs,dun-modr,576,shaman,enhancement,12,6,6
ßaßystärz,hyjal,576,shaman,enhancement,12,6,6
Stormblitz,twisting-nether,576,shaman,enhancement,12,6,6
Crazo,tarren-mill,576,shaman,enhancement,12,6,6
Thëhêxfäçtør,tarren-mill,576,shaman,enhancement,12,6,6
Élement,burning-legion,576,shaman,enhancement,12,6,6
Burstystorm,stormscale,576,shaman,enhancement,12,6,6
Proccity,stormscale,576,shaman,enhancement,12,6,6
Bichîk,archimonde,576,shaman,enhancement,12,6,6
Вайгачи,soulflayer,576,shaman,enhancement,12,6,6
Gruggosh,argent-dawn,576,shaman,enhancement,12,6,6
Shakyi,thrall,576,shaman,enhancement,12,6,6
Wørldrúiner,kazzak,576,shaman,enhancement,15,7,8
Deadwölf,outland,576,shaman,enhancement,18,6,12
Dagoahgra,sanguino,576,shaman,enhancement,18,6,12
Hieroinmunaa,sunstrider,576,shaman,enhancement,18,6,12
Haasshaman,ravencrest,576,shaman,enhancement,18,6,12
Rejrax,ravencrest,576,shaman,enhancement,18,6,12
Сакмастер,howling-fjord,575,shaman,enhancement,12,6,6
Thunderwitch,lordaeron,575,shaman,enhancement,12,6,6
Даркнесх,howling-fjord,575,shaman,enhancement,12,6,6
Schamikolben,blackmoore,575,shaman,enhancement,12,6,6
Энхолет,soulflayer,575,shaman,enhancement,12,6,6
Jinzsham,ragnaros,575,shaman,enhancement,12,6,6
Finni,hyjal,575,shaman,enhancement,12,6,6
Carakh,archimonde,575,shaman,enhancement,12,6,6
Rykarn,eredar,575,shaman,enhancement,15,7,8
Shawnmendes,kazzak,575,shaman,enhancement,15,7,8
Izaro,blackmoore,575,shaman,enhancement,21,7,14
Ashgar,drakthul,575,shaman,enhancement,18,6,12
Mansquidgoat,darksorrow,575,shaman,enhancement,18,6,12
Emphirian,die-silberne-hand,575,shaman,enhancement,18,6,12
Saulty,archimonde,575,shaman,enhancement,18,6,12
Sicknu,eredar,575,shaman,enhancement,18,6,12
Tholatir,silvermoon,575,shaman,enhancement,24,6,18
Yousainlbolt,blackrock,575,shaman,enhancement,24,6,18
Zackyboi,tarren-mill,574,shaman,enhancement,12,6,6
Rúthless,blackrock,574,shaman,enhancement,18,6,12
Shaxall,draenor,574,shaman,enhancement,18,6,12
Chamaiko,kaelthas,574,shaman,enhancement,18,6,12
Rebekca,twisting-nether,574,shaman,enhancement,18,6,12
Лорикок,grom,574,shaman,enhancement,28,7,21
Zuziki,argent-dawn,573,shaman,enhancement,12,6,6
Bubbschock,antonidas,573,shaman,enhancement,12,6,6
Thormyr,dalaran,573,shaman,enhancement,18,6,12
Дядяшаман,gordunni,573,shaman,enhancement,24,6,18
Vainerish,malygos,571,shaman,enhancement,12,6,6
Zamals,khaz-modan,571,shaman,enhancement,18,6,12
Zeuuss,zuljin,565,shaman,enhancement,12,6,6
Xssanimo,draenor,559,shaman,enhancement,17,6,11
Hurtigtotem,ravencrest,558,shaman,enhancement,15,7,8
Biggie,pozzo-delleternità,528,shaman,enhancement,15,6,9
Xhahal,hyjal,521,shaman,enhancement,19,7,12
Johnyexe,drakthul,515,shaman,enhancement,14,7,7
Fapmasterz,eredar,511,shaman,enhancement,11,6,5
Guzguzguz,blackhand,511,shaman,enhancement,14,6,8
Kutcher,aegwynn,480,shaman,enhancement,6,5,1
Seaview,silvermoon,480,shaman,enhancement,6,5,1
Nargaz,burning-legion,480,shaman,enhancement,6,5,1
Jumborumbo,quelthalas,480,shaman,enhancement,6,5,1
Celv,ravencrest,480,shaman,enhancement,6,5,1
Wooyoungsham,sylvanas,480,shaman,enhancement,6,5,1
Synergizer,kazzak,480,shaman,enhancement,6,5,1
Whïtewïdøw,ysondre,480,shaman,enhancement,6,5,1
Eku,illidan,480,shaman,enhancement,6,5,1
Bârtmân,blackmoore,480,shaman,enhancement,6,5,1
Obsessionx,stormscale,480,shaman,enhancement,6,5,1
Genrok,burning-blade,480,shaman,enhancement,6,5,1
Drímé,ravencrest,480,shaman,enhancement,6,5,1
Svetosham,wildhammer,480,shaman,enhancement,6,5,1
Øutfox,silvermoon,480,shaman,enhancement,6,5,1
Pánjo,blackrock,480,shaman,enhancement,6,5,1
Ðevi,ravencrest,480,shaman,enhancement,6,5,1
Windsòng,stormscale,480,shaman,enhancement,6,5,1
Matapijos,dun-modr,480,shaman,enhancement,9,6,3
Dianshaman,ravencrest,480,shaman,enhancement,10,6,4
Deådwolf,stormscale,480,shaman,enhancement,11,6,5
Altostratus,hellfire,480,shaman,enhancement,12,5,7
Ctrlv,blackhand,480,shaman,enhancement,12,5,7
Tempóralex,blackhand,480,shaman,enhancement,12,5,7
Batan,kazzak,480,shaman,enhancement,12,5,7
Ñax,silvermoon,480,shaman,enhancement,12,5,7
Эллектрошам,ashenvale,480,shaman,enhancement,12,5,7
Khoyuav,blackrock,480,shaman,enhancement,12,5,7
Смокдог,razuvious,480,shaman,enhancement,12,5,7
Trogodos,blackrock,480,shaman,enhancement,12,5,7
Xelphia,frostmane,480,shaman,enhancement,12,5,7
Пыльныйхлеб,blackscar,480,shaman,enhancement,12,5,7
Hobblefoot,stormscale,480,shaman,enhancement,12,5,7
Дротчим,soulflayer,480,shaman,enhancement,12,5,7
Bram,aggra-português,480,shaman,enhancement,12,5,7
Fiden,drakthul,480,shaman,enhancement,12,5,7
Åkee,kazzak,480,shaman,enhancement,12,5,7
Smorclelx,khadgar,480,shaman,enhancement,12,5,7
Harpiks,tarren-mill,480,shaman,enhancement,12,5,7
Xoul,aegwynn,480,shaman,enhancement,12,5,7
Gwout,burning-legion,480,shaman,enhancement,12,5,7
Kejllåke,stormscale,480,shaman,enhancement,12,5,7
Teaboï,hyjal,480,shaman,enhancement,12,5,7
Getahex,draenor,480,shaman,enhancement,12,5,7
Рэкквием,howling-fjord,480,shaman,enhancement,12,5,7
Galvarod,silvermoon,480,shaman,enhancement,12,5,7
Ацитра,gordunni,480,shaman,enhancement,12,5,7
Volcanò,outland,480,shaman,enhancement,12,5,7
Whyisitspicy,kazzak,480,shaman,enhancement,12,5,7
Lilmarco,stormreaver,480,shaman,enhancement,12,5,7
Riphonda,dragonmaw,480,shaman,enhancement,12,5,7
Laserra,sylvanas,480,shaman,enhancement,12,5,7
Hurik,sylvanas,480,shaman,enhancement,12,5,7
Pank,kazzak,480,shaman,enhancement,12,5,7
Bowtenstorm,ravencrest,480,shaman,enhancement,12,5,7
Duhdelido,ravencrest,480,shaman,enhancement,12,5,7
Grolifer,archimonde,480,shaman,enhancement,12,5,7
Feetsniffax,outland,480,shaman,enhancement,12,5,7
Elhefe,ravencrest,480,shaman,enhancement,12,5,7
Jonnykaye,outland,480,shaman,enhancement,12,5,7
Grosgourdin,la-croisade-écarlate,480,shaman,enhancement,12,5,7
Guzz,cthun,480,shaman,enhancement,12,5,7
Zarosh,los-errantes,480,shaman,enhancement,12,5,7
Afterlife,alakir,480,shaman,enhancement,18,5,13
Lavalew,lightbringer,480,shaman,enhancement,18,5,13
Elesmelly,draenor,480,shaman,enhancement,18,5,13
Squirtstorm,ravencrest,480,shaman,enhancement,18,5,13
Indan,kazzak,480,shaman,enhancement,18,5,13
Solverna,der-mithrilorden,480,shaman,enhancement,18,5,13
Scharmharne,dun-morogh,480,shaman,enhancement,18,5,13
Johnisplay,tarren-mill,480,shaman,enhancement,18,5,13
Tomberêve,chants-éternels,480,shaman,enhancement,18,5,13
Hiron,sylvanas,480,shaman,enhancement,18,5,13
Crilath,ysondre,480,shaman,enhancement,18,5,13
Keshinio,archimonde,480,shaman,enhancement,18,5,13
Halliane,ysondre,480,shaman,enhancement,24,5,19
Sïlvek,sanguino,480,shaman,enhancement,24,5,19
Brassefrasse,shattered-hand,479,shaman,enhancement,6,5,1
Thunderrbob,darkspear,479,shaman,enhancement,6,5,1
Zerwurster,thrall,479,shaman,enhancement,10,6,4
Aznan,burning-legion,479,shaman,enhancement,12,5,7
Chamrøck,hyjal,479,shaman,enhancement,12,5,7
Rúberg,shadowsong,479,shaman,enhancement,12,5,7
Durotansan,ragnaros,479,shaman,enhancement,12,5,7
Bullshock,stormreaver,479,shaman,enhancement,12,5,7
Hønneyjck,hyjal,479,shaman,enhancement,12,5,7
Elementarxss,blackmoore,479,shaman,enhancement,18,5,13
Плюювшкафы,ashenvale,479,shaman,enhancement,18,5,13
Grinar,stormreaver,479,shaman,enhancement,18,5,13
Мэлтем,soulflayer,479,shaman,enhancement,24,5,19
Kaybiel,magtheridon,478,shaman,enhancement,12,5,7
Hilerr,draenor,478,shaman,enhancement,18,5,13
Asstroy,sanguino,477,shaman,enhancement,6,5,1
Shockdx,dun-modr,463,shaman,enhancement,11,5,6
Andrëw,dalaran,448,shaman,enhancement,10,5,5
Zaffyboi,draenor,448,shaman,enhancement,16,5,11
Ayrá,ulduar,447,shaman,enhancement,8,6,2
Vicinitysham,twisting-nether,447,shaman,enhancement,11,5,6
Electrical,kazzak,426,shaman,enhancement,15,6,9
Povecategla,grim-batol,425,shaman,enhancement,12,6,6
Thoreign,burning-legion,415,shaman,enhancement,17,5,12
Bodytypeonex,darksorrow,415,shaman,enhancement,17,5,12
Luqas,burning-legion,414,shaman,enhancement,8,5,3
Shocrates,stormreaver,384,shaman,enhancement,6,4,2
Baldurr,sylvanas,384,shaman,enhancement,6,4,2
Procbly,tarren-mill,384,shaman,enhancement,6,4,2
Trünk,arathi,384,shaman,enhancement,6,4,2
Weåfy,outland,384,shaman,enhancement,6,4,2
Aloeverayo,defias-brotherhood,384,shaman,enhancement,6,4,2
Pacó,zuluhed,384,shaman,enhancement,6,4,2
Piripolkka,defias-brotherhood,384,shaman,enhancement,6,4,2
Totems,the-venture-co,384,shaman,enhancement,6,4,2
Tornado,ravencrest,384,shaman,enhancement,6,4,2
Kaej,ravencrest,384,shaman,enhancement,6,4,2
Umilbhess,pozzo-delleternità,384,shaman,enhancement,6,4,2
Hextazy,archimonde,384,shaman,enhancement,6,4,2
Taroc,nethersturm,384,shaman,enhancement,6,4,2
Mustabrutus,tarren-mill,384,shaman,enhancement,6,4,2
Srøgg,archimonde,384,shaman,enhancement,6,4,2
Россаврн,galakrond,384,shaman,enhancement,6,4,2
Нийрагонго,gordunni,384,shaman,enhancement,6,4,2
Vullpix,zuljin,384,shaman,enhancement,6,4,2
Shamanman,kazzak,384,shaman,enhancement,6,4,2
Rage,quelthalas,384,shaman,enhancement,6,4,2
Yeruna,arthas,384,shaman,enhancement,6,4,2
Камшатт,howling-fjord,384,shaman,enhancement,6,4,2
Alàstor,kazzak,384,shaman,enhancement,6,4,2
Shialesham,twisting-nether,384,shaman,enhancement,6,4,2
Blamy,auchindoun,384,shaman,enhancement,6,4,2
Олешао,howling-fjord,384,shaman,enhancement,6,4,2
Элемуэль,soulflayer,384,shaman,enhancement,6,4,2
Ilkim,hyjal,384,shaman,enhancement,6,4,2
Burzum,twisting-nether,384,shaman,enhancement,6,4,2
Richtigfies,kazzak,384,shaman,enhancement,6,4,2
Avatargadash,stormscale,384,shaman,enhancement,6,4,2
Aitch,blackmoore,384,shaman,enhancement,6,4,2
Burstraze,tarren-mill,384,shaman,enhancement,6,4,2
Zenzua,twisting-nether,384,shaman,enhancement,6,4,2
Vønhørk,dalaran,384,shaman,enhancement,6,4,2
Abordoga,twisting-nether,384,shaman,enhancement,6,4,2
Xalta,eldrethalas,384,shaman,enhancement,6,4,2
Lethz,hyjal,384,shaman,enhancement,6,4,2
Shakhdan,archimonde,384,shaman,enhancement,6,4,2
Watchmechoke,twisting-nether,384,shaman,enhancement,6,4,2
Lunarsloth,hyjal,384,shaman,enhancement,6,4,2
Thornaim,hyjal,384,shaman,enhancement,6,4,2
Szzk,kazzak,384,shaman,enhancement,9,5,4
Blixtnedslag,shattered-hand,384,shaman,enhancement,12,4,8
You,stormscale,384,shaman,enhancement,12,4,8
Claodze,stormscale,384,shaman,enhancement,12,4,8
Sgbich,khaz-modan,384,shaman,enhancement,12,4,8
Kayalii,silvermoon,384,shaman,enhancement,12,4,8
Vasuman,khaz-modan,384,shaman,enhancement,12,4,8
Rîzza,blackmoore,384,shaman,enhancement,12,4,8
Waterboi,blackmoore,384,shaman,enhancement,12,4,8
Cptcutíe,antonidas,384,shaman,enhancement,12,4,8
Sfeerá,burning-legion,384,shaman,enhancement,12,4,8
Ghøhp,nerzhul,384,shaman,enhancement,12,4,8
Klamen,kazzak,384,shaman,enhancement,12,4,8
Jaéto,ravencrest,384,shaman,enhancement,12,4,8
Дюнволкер,razuvious,384,shaman,enhancement,12,4,8
Nagyrakéta,ragnaros,384,shaman,enhancement,12,4,8
Shôcopan,los-errantes,384,shaman,enhancement,12,4,8
Uhnnas,drakthul,384,shaman,enhancement,12,4,8
Sheldoww,tarren-mill,384,shaman,enhancement,12,4,8
Хулн,gordunni,384,shaman,enhancement,12,4,8
Hexbeforesex,kazzak,384,shaman,enhancement,12,4,8
Courtney,sylvanas,384,shaman,enhancement,12,4,8
Tetóm,draenor,384,shaman,enhancement,12,4,8
Zyphel,draenor,384,shaman,enhancement,12,4,8
Алимика,deathguard,384,shaman,enhancement,12,4,8
Kiwanuká,draenor,384,shaman,enhancement,12,4,8
Türak,tarren-mill,384,shaman,enhancement,12,4,8
Purgérkíng,silvermoon,384,shaman,enhancement,12,4,8
Крепуксх,soulflayer,384,shaman,enhancement,12,4,8
Sourens,twisting-nether,384,shaman,enhancement,12,4,8
Beefythunder,draenor,384,shaman,enhancement,12,4,8
Yasunari,sanguino,384,shaman,enhancement,18,4,14
Powder,tichondrius,384,shaman,enhancement,18,4,14
Derryo,silvermoon,384,shaman,enhancement,18,4,14
Wkretarka,burning-legion,384,shaman,enhancement,18,4,14
Carnágé,blackrock,383,shaman,enhancement,6,4,2
Ðuster,jaedenar,383,shaman,enhancement,6,4,2
Goblaman,pozzo-delleternità,383,shaman,enhancement,6,4,2
Wolkano,zuljin,383,shaman,enhancement,10,5,5
Châmanco,dun-modr,383,shaman,enhancement,12,4,8
Аеесо,gordunni,383,shaman,enhancement,12,4,8
Hightotem,sanguino,383,shaman,enhancement,12,4,8
Rioshammy,kazzak,383,shaman,enhancement,14,4,10
Diamantiá,die-aldor,383,shaman,enhancement,18,4,14
Blutshock,zuluhed,382,shaman,enhancement,12,4,8
Nalàar,hyjal,368,shaman,enhancement,11,6,5
Ciaolol,ragnaros,362,shaman,enhancement,13,6,7
Piaoliang,ravencrest,336,shaman,enhancement,9,4,5
Akash,culte-de-la-rive-noire,336,shaman,enhancement,15,4,11
Chapox,alleria,319,shaman,enhancement,5,4,1
Macchiavelli,blades-edge,319,shaman,enhancement,8,4,4
Mooshock,balnazzar,319,shaman,enhancement,14,4,10
Шаманычгодх,howling-fjord,319,shaman,enhancement,14,4,10
Karazrok,draenor,288,shaman,enhancement,6,3,3
Vyzeries,silvermoon,288,shaman,enhancement,6,3,3
Кулутхе,soulflayer,288,shaman,enhancement,6,3,3
Bangrim,ragnaros,288,shaman,enhancement,6,3,3
Ostbumsdirne,stormscale,288,shaman,enhancement,6,3,3
Огнешторм,howling-fjord,288,shaman,enhancement,6,3,3
Тотембот,soulflayer,288,shaman,enhancement,6,3,3
Kulho,stormscale,288,shaman,enhancement,6,3,3
Nakutotem,ravencrest,288,shaman,enhancement,6,3,3
Shoewalker,ragnaros,288,shaman,enhancement,6,3,3
Tidalflow,stormscale,288,shaman,enhancement,6,3,3
Spørc,ragnaros,288,shaman,enhancement,6,3,3
Shamantun,ragnaros,288,shaman,enhancement,6,3,3
Sodor,laughing-skull,288,shaman,enhancement,6,3,3
Daubidaubi,kazzak,288,shaman,enhancement,6,3,3
Namos,aegwynn,288,shaman,enhancement,6,3,3
Hexmynúts,draenor,288,shaman,enhancement,6,3,3
Berzærker,ravencrest,288,shaman,enhancement,6,3,3
Имфеллиар,howling-fjord,288,shaman,enhancement,6,3,3
Moebius,hellscream,288,shaman,enhancement,6,3,3
Thorbjörne,ravencrest,288,shaman,enhancement,6,3,3
Coxshamanic,draenor,288,shaman,enhancement,6,3,3
Неутолимыйх,blackscar,288,shaman,enhancement,6,3,3
Skanda,frostwolf,288,shaman,enhancement,6,3,3
Bendimina,chogall,288,shaman,enhancement,6,3,3
Odelagga,sylvanas,288,shaman,enhancement,6,3,3
Ccedtodeath,sylvanas,288,shaman,enhancement,6,3,3
Мэлик,howling-fjord,288,shaman,enhancement,6,3,3
Hystérik,chogall,288,shaman,enhancement,6,3,3
Xesti,twisting-nether,288,shaman,enhancement,6,3,3
Fairgewalt,blackhand,288,shaman,enhancement,6,3,3
Rayez,draenor,288,shaman,enhancement,6,3,3
Сажке,booty-bay,288,shaman,enhancement,6,3,3
Hansdieter,antonidas,288,shaman,enhancement,6,3,3
Hikigane,marécage-de-zangar,288,shaman,enhancement,6,3,3
Рокутаро,gordunni,288,shaman,enhancement,6,3,3
Shreddedcntw,ravencrest,288,shaman,enhancement,6,3,3
Phazuki,frostmane,288,shaman,enhancement,6,3,3
Tarzh,dalaran,288,shaman,enhancement,6,3,3
Нерфшок,gordunni,288,shaman,enhancement,6,3,3
Malcolmhex,ysondre,288,shaman,enhancement,6,3,3
Neterö,la-croisade-écarlate,288,shaman,enhancement,6,3,3
Bôdaway,antonidas,288,shaman,enhancement,6,3,3
Skölls,kirin-tor,288,shaman,enhancement,6,3,3
Làvagdx,archimonde,288,shaman,enhancement,6,3,3
Vaexi,doomhammer,288,shaman,enhancement,6,3,3
Vainzxsham,ravencrest,288,shaman,enhancement,6,3,3
Kreyly,der-mithrilorden,288,shaman,enhancement,6,3,3
Wûcs,silvermoon,288,shaman,enhancement,6,3,3
Cremed,kazzak,288,shaman,enhancement,6,3,3
Knoffl,eredar,288,shaman,enhancement,6,3,3
Ednard,silvermoon,288,shaman,enhancement,6,3,3
Millesabords,dun-morogh,288,shaman,enhancement,6,3,3
Eurøz,archimonde,288,shaman,enhancement,6,3,3
Sadoa,ravencrest,288,shaman,enhancement,6,3,3
Vanquïsh,archimonde,288,shaman,enhancement,6,3,3
Cakedeux,grim-batol,288,shaman,enhancement,6,3,3
Айбьорн,gordunni,288,shaman,enhancement,6,3,3
Syphilya,dun-morogh,288,shaman,enhancement,6,3,3
Hotsincezero,archimonde,288,shaman,enhancement,6,3,3
Аналкарниваа,gordunni,288,shaman,enhancement,6,3,3
Venterlofeu,archimonde,288,shaman,enhancement,6,3,3
Kafese,uldaman,288,shaman,enhancement,6,3,3
Michi,dethecus,288,shaman,enhancement,6,3,3
Bluemyst,outland,288,shaman,enhancement,6,3,3
Freekster,die-ewige-wacht,288,shaman,enhancement,6,3,3
Saro,destromath,288,shaman,enhancement,6,3,3
Uomae,dun-modr,288,shaman,enhancement,6,3,3
Totoostoy,burning-legion,288,shaman,enhancement,6,3,3
Poullpy,sargeras,288,shaman,enhancement,6,3,3
Lilkazamm,blackrock,288,shaman,enhancement,6,3,3
Chrisbrownx,outland,288,shaman,enhancement,6,3,3
Yacuzwerg,blackrock,288,shaman,enhancement,6,3,3
Surge,darksorrow,288,shaman,enhancement,6,3,3
Nojiko,blackrock,288,shaman,enhancement,6,3,3
Zahadumia,blackrock,288,shaman,enhancement,6,3,3
Wfgoesbrbr,blackrock,288,shaman,enhancement,6,3,3
Kemurus,kazzak,288,shaman,enhancement,6,3,3
Borbor,argent-dawn,288,shaman,enhancement,6,3,3
Ragnarspung,kazzak,288,shaman,enhancement,6,3,3
Bautenn,kazzak,288,shaman,enhancement,6,3,3
Varion,tichondrius,288,shaman,enhancement,6,3,3
Takanashisha,lordaeron,288,shaman,enhancement,6,3,3
Magosh,blackmoore,288,shaman,enhancement,6,3,3
Foxfyre,tarren-mill,288,shaman,enhancement,6,3,3
Renjín,tarren-mill,288,shaman,enhancement,6,3,3
Weltr,drakthul,288,shaman,enhancement,6,3,3
Patuljak,outland,288,shaman,enhancement,6,3,3
Brryantblaks,colinas-pardas,288,shaman,enhancement,6,3,3
Läzy,sanguino,288,shaman,enhancement,6,3,3
Demonshamy,silvermoon,288,shaman,enhancement,6,3,3
Nerdshammyx,tarren-mill,288,shaman,enhancement,6,3,3
Håõkåh,hyjal,288,shaman,enhancement,6,3,3
Yerlas,burning-legion,288,shaman,enhancement,6,3,3
Omnivamp,kazzak,288,shaman,enhancement,6,3,3
Cocorocks,quelthalas,288,shaman,enhancement,6,3,3
Wakoteh,quelthalas,288,shaman,enhancement,6,3,3
Pelicius,sanguino,288,shaman,enhancement,6,3,3
Samyishamy,tarren-mill,288,shaman,enhancement,6,3,3
Ñtk,dun-modr,288,shaman,enhancement,6,3,3
Akilzz,tarren-mill,288,shaman,enhancement,6,3,3
Shammyspam,outland,288,shaman,enhancement,6,3,3
Diviyo,magtheridon,288,shaman,enhancement,6,3,3
Ghortus,magtheridon,288,shaman,enhancement,6,3,3
Gamalimbo,tarren-mill,288,shaman,enhancement,6,3,3
Stormstout,zuljin,288,shaman,enhancement,6,3,3
Erscreamiko,zuljin,288,shaman,enhancement,6,3,3
Foxtér,burning-blade,288,shaman,enhancement,6,3,3
Happyfart,thrall,288,shaman,enhancement,9,3,6
Ferdizap,draenor,288,shaman,enhancement,15,4,11
Areiyla,silvermoon,288,shaman,enhancement,12,3,9
Teldathree,archimonde,288,shaman,enhancement,12,3,9
Avattar,twisting-nether,288,shaman,enhancement,12,3,9
Dastarus,archimonde,288,shaman,enhancement,12,3,9
Kobzol,draenor,288,shaman,enhancement,12,3,9
Maybeyes,twisting-nether,288,shaman,enhancement,12,3,9
Hurbi,twisting-nether,288,shaman,enhancement,12,3,9
Garash,draenor,288,shaman,enhancement,12,3,9
Bonesee,turalyon,288,shaman,enhancement,12,3,9
Сторниер,howling-fjord,288,shaman,enhancement,12,3,9
Maino,archimonde,288,shaman,enhancement,12,3,9
Brunütansol,sylvanas,288,shaman,enhancement,12,3,9
Fünkchn,zuluhed,288,shaman,enhancement,12,3,9
Satishamz,ravencrest,288,shaman,enhancement,12,3,9
Shambamty,thrall,288,shaman,enhancement,12,3,9
Bordellgast,thrall,288,shaman,enhancement,12,3,9
Занги,soulflayer,288,shaman,enhancement,12,3,9
Kappatotem,silvermoon,288,shaman,enhancement,12,3,9
Titiprosop,stormscale,288,shaman,enhancement,12,3,9
Egart,stormscale,288,shaman,enhancement,12,3,9
Bonestompamc,blackmoore,288,shaman,enhancement,12,3,9
Thundereater,blackmoore,288,shaman,enhancement,12,3,9
Japom,ravencrest,288,shaman,enhancement,12,3,9
Inkman,azjolnerub,288,shaman,enhancement,12,3,9
Korbas,burning-legion,288,shaman,enhancement,12,3,9
Albedøo,ragnaros,288,shaman,enhancement,12,3,9
Georgewhat,defias-brotherhood,288,shaman,enhancement,12,3,9
Suaaktt,tyrande,288,shaman,enhancement,12,3,9
Sturmfürsti,antonidas,288,shaman,enhancement,12,3,9
Lorthargol,chamber-of-aspects,288,shaman,enhancement,12,3,9
Æskalatiøn,aegwynn,288,shaman,enhancement,12,3,9
Thundrthighs,aggramar,288,shaman,enhancement,12,3,9
Talgru,aegwynn,288,shaman,enhancement,12,3,9
Trotzig,aegwynn,287,shaman,enhancement,6,3,3
Morgenmuffel,die-aldor,287,shaman,enhancement,6,3,3
Óõ,dun-modr,287,shaman,enhancement,6,3,3
Nothìnto,pozzo-delleternità,287,shaman,enhancement,6,3,3
Стакок,soulflayer,287,shaman,enhancement,6,3,3
Slappybag,ravencrest,287,shaman,enhancement,6,3,3
Casarú,arthas,287,shaman,enhancement,12,3,9
Heshamman,kazzak,256,shaman,enhancement,22,3,19
Jehae,archimonde,239,shaman,enhancement,5,3,2
Kaátori,eredar,239,shaman,enhancement,5,3,2
Smashellos,pozzo-delleternità,239,shaman,enhancement,5,3,2
Nefasti,stormscale,223,shaman,enhancement,8,3,5
Runfromme,kazzak,223,shaman,enhancement,8,3,5
Styxsm,blackhand,208,shaman,enhancement,7,3,4
Louvreparis,frostwolf,192,shaman,enhancement,6,2,4
Dykumlol,sanguino,192,shaman,enhancement,6,2,4
Vaalè,aegwynn,192,shaman,enhancement,6,2,4
Schamitwo,twisting-nether,192,shaman,enhancement,6,2,4
Bloodfist,drakthul,192,shaman,enhancement,6,2,4
Tapatak,antonidas,192,shaman,enhancement,6,2,4
Miscoj,zuljin,192,shaman,enhancement,6,2,4
Destroilleur,archimonde,192,shaman,enhancement,6,2,4
Asijha,drakthul,192,shaman,enhancement,6,2,4
Bonethugdex,bladefist,192,shaman,enhancement,6,2,4
Törque,sanguino,192,shaman,enhancement,6,2,4
Türzumachen,outland,192,shaman,enhancement,6,2,4
Haugren,eredar,192,shaman,enhancement,6,2,4
Ширудо,galakrond,192,shaman,enhancement,6,2,4
Giem,twisting-nether,192,shaman,enhancement,6,2,4
Pulvêrizêr,agamaggan,192,shaman,enhancement,6,2,4
Stiflersmôm,antonidas,192,shaman,enhancement,6,2,4
Yezu,medivh,192,shaman,enhancement,6,2,4
Vermilyon,sanguino,192,shaman,enhancement,6,2,4
Rúnar,proudmoore,192,shaman,enhancement,6,2,4
Mív,outland,192,shaman,enhancement,6,2,4
Wurrzág,outland,192,shaman,enhancement,6,2,4
Shalý,antonidas,192,shaman,enhancement,6,2,4
Donicork,aegwynn,192,shaman,enhancement,6,2,4
Ironkin,tarren-mill,192,shaman,enhancement,6,2,4
Zadarak,antonidas,192,shaman,enhancement,6,2,4
Decoyy,tarren-mill,192,shaman,enhancement,6,2,4
Khon,eredar,192,shaman,enhancement,6,2,4
Starik,ravencrest,192,shaman,enhancement,6,2,4
Gaerth,aggramar,192,shaman,enhancement,6,2,4
Iloveléa,ravencrest,192,shaman,enhancement,6,2,4
Какашисан,howling-fjord,192,shaman,enhancement,6,2,4
Туркшаман,howling-fjord,192,shaman,enhancement,6,2,4
Shoar,twisting-nether,192,shaman,enhancement,6,2,4
Бьерн,deepholm,192,shaman,enhancement,6,2,4
Kaptt,twisting-nether,192,shaman,enhancement,6,2,4
Zulzur,zuljin,192,shaman,enhancement,6,2,4
Oprawinfury,ravencrest,192,shaman,enhancement,6,2,4
Holybrolyy,malfurion,192,shaman,enhancement,6,2,4
Cleptocracy,draenor,192,shaman,enhancement,6,2,4
Gundsthunder,ravencrest,192,shaman,enhancement,6,2,4
Lazyspc,frostmane,192,shaman,enhancement,6,2,4
Bizsham,ravencrest,192,shaman,enhancement,6,2,4
Elé,ravenholdt,192,shaman,enhancement,6,2,4
Dalgorr,magtheridon,192,shaman,enhancement,6,2,4
Xharnel,defias-brotherhood,192,shaman,enhancement,6,2,4
Savan,darkspear,192,shaman,enhancement,6,2,4
Wayoa,defias-brotherhood,192,shaman,enhancement,6,2,4
Tsukuyømi,blackmoore,192,shaman,enhancement,6,2,4
Cptnbbl,blackmoore,192,shaman,enhancement,6,2,4
Cuchullaín,blackmoore,192,shaman,enhancement,6,2,4
Skullføck,argent-dawn,192,shaman,enhancement,6,2,4
Chodukken,grim-batol,192,shaman,enhancement,6,2,4
Turbinká,burning-legion,192,shaman,enhancement,6,2,4
Acces,stormscale,192,shaman,enhancement,6,2,4
Пончо,booty-bay,192,shaman,enhancement,6,2,4
Mmrpurge,twisting-nether,192,shaman,enhancement,6,2,4
Thiogg,archimonde,192,shaman,enhancement,6,2,4
Wertu,ragnaros,192,shaman,enhancement,6,2,4
Snapbábe,blackmoore,192,shaman,enhancement,6,2,4
Ðøminantx,stormscale,192,shaman,enhancement,6,2,4
Restmuell,blackmoore,192,shaman,enhancement,6,2,4
Argomir,kazzak,192,shaman,enhancement,6,2,4
Råkk,argent-dawn,192,shaman,enhancement,6,2,4
Thoráck,stormscale,192,shaman,enhancement,6,2,4
Clappagobzz,kazzak,192,shaman,enhancement,6,2,4
Spiritualx,argent-dawn,192,shaman,enhancement,6,2,4
Shamalamadi,ragnaros,192,shaman,enhancement,6,2,4
Peaksh,stormscale,192,shaman,enhancement,6,2,4
Снюсн,blackscar,192,shaman,enhancement,6,2,4
Stormcaster,argent-dawn,192,shaman,enhancement,6,2,4
Wàve,stormscale,192,shaman,enhancement,6,2,4
Soozkovic,blackmoore,192,shaman,enhancement,6,2,4
Bladeyx,ragnaros,192,shaman,enhancement,6,2,4
Pandafightin,stormscale,192,shaman,enhancement,6,2,4
Søló,stormscale,192,shaman,enhancement,6,2,4
Шиока,borean-tundra,192,shaman,enhancement,6,2,4
Laquium,blackmoore,192,shaman,enhancement,6,2,4
Museum,khaz-modan,192,shaman,enhancement,6,2,4
Aubesombre,dalaran,192,shaman,enhancement,6,2,4
Gímlééy,argent-dawn,192,shaman,enhancement,6,2,4
Родохрозид,blackscar,192,shaman,enhancement,6,2,4
Palarins,dalaran,192,shaman,enhancement,6,2,4
Moropaskoil,ravencrest,192,shaman,enhancement,6,2,4
Tâw,blackhand,192,shaman,enhancement,6,2,4
Mahoni,malganis,192,shaman,enhancement,6,2,4
Yajevol,draenor,192,shaman,enhancement,6,2,4
Orcazm,argent-dawn,192,shaman,enhancement,6,2,4
Hugzy,argent-dawn,192,shaman,enhancement,6,2,4
Ogshaman,archimonde,192,shaman,enhancement,6,2,4
Diya,karazhan,192,shaman,enhancement,6,2,4
Zenjo,the-maelstrom,192,shaman,enhancement,6,2,4
Fufupartyxx,blackrock,192,shaman,enhancement,6,2,4
Elementhor,archimonde,192,shaman,enhancement,6,2,4
Thunderstørm,chogall,192,shaman,enhancement,6,2,4
Nicocage,draenor,192,shaman,enhancement,6,2,4
Трупелмен,soulflayer,192,shaman,enhancement,6,2,4
Lovros,kazzak,192,shaman,enhancement,6,2,4
Tîk,dalaran,192,shaman,enhancement,6,2,4
Magicmekoz,draenor,192,shaman,enhancement,6,2,4
Urshak,alleria,192,shaman,enhancement,6,2,4
Shamtime,aegwynn,192,shaman,enhancement,6,2,4
Volkar,auchindoun,192,shaman,enhancement,6,2,4
Ольтез,gordunni,192,shaman,enhancement,6,2,4
Denastyo,nemesis,192,shaman,enhancement,6,2,4
Mycameltotem,ravencrest,192,shaman,enhancement,6,2,4
Shocknrun,sylvanas,192,shaman,enhancement,6,2,4
Shocknorris,auchindoun,192,shaman,enhancement,6,2,4
Nìtratx,archimonde,192,shaman,enhancement,6,2,4
Дортманшам,gordunni,192,shaman,enhancement,6,2,4
Зултира,gordunni,192,shaman,enhancement,6,2,4
Lokkrag,archimonde,192,shaman,enhancement,6,2,4
Эверви,gordunni,192,shaman,enhancement,6,2,4
Azzizael,chamber-of-aspects,192,shaman,enhancement,6,2,4
Pakasschami,frostwolf,192,shaman,enhancement,6,2,4
Totemeistér,silvermoon,192,shaman,enhancement,6,2,4
Peeupeeu,silvermoon,192,shaman,enhancement,6,2,4
Schamikraut,silvermoon,192,shaman,enhancement,6,2,4
Dogfrog,silvermoon,192,shaman,enhancement,6,2,4
Kwitnac,silvermoon,192,shaman,enhancement,6,2,4
Zelenchovek,kazzak,192,shaman,enhancement,6,2,4
Santy,silvermoon,192,shaman,enhancement,6,2,4
Bennycooch,silvermoon,192,shaman,enhancement,6,2,4
Shiggenbasta,kazzak,192,shaman,enhancement,6,2,4
Adrianjr,kazzak,192,shaman,enhancement,6,2,4
Shámyé,silvermoon,192,shaman,enhancement,6,2,4
Vorkanyx,ysondre,192,shaman,enhancement,7,2,5
Dreamtotem,tarren-mill,192,shaman,enhancement,8,2,6
Shamrøck,stormscale,192,shaman,enhancement,10,2,8
Zugzugdwarf,ravencrest,192,shaman,enhancement,11,2,9
Kohzen,outland,192,shaman,enhancement,12,2,10
Borindor,silvermoon,192,shaman,enhancement,12,2,10
Pachamane,archimonde,192,shaman,enhancement,12,2,10
Elsassi,ravencrest,192,shaman,enhancement,12,2,10
Veeq,ravencrest,192,shaman,enhancement,12,2,10
Khakazis,ravencrest,192,shaman,enhancement,12,2,10
Useemerollin,twisting-nether,192,shaman,enhancement,12,2,10
Shÿmä,dalaran,192,shaman,enhancement,12,2,10
Lolphobia,ravencrest,192,shaman,enhancement,12,2,10
Dérgérät,blackrock,192,shaman,enhancement,12,2,10
Cudderisback,blackmoore,192,shaman,enhancement,12,2,10
Xpv,silvermoon,192,shaman,enhancement,12,2,10
Magdarr,ysondre,192,shaman,enhancement,12,2,10
Pewz,twilights-hammer,192,shaman,enhancement,12,2,10
Pwccey,drakthul,192,shaman,enhancement,12,2,10
Zarakuda,magtheridon,192,shaman,enhancement,12,2,10
Stormstriker,arathor,192,shaman,enhancement,12,2,10
Leetajz,dunemaul,192,shaman,enhancement,12,2,10
Arkkain,burning-legion,191,shaman,enhancement,6,2,4
Jacklupin,ravencrest,175,shaman,enhancement,11,2,9
Entrecoté,blackmoore,160,shaman,enhancement,10,2,8
Hóonda,twisting-nether,160,shaman,enhancement,10,2,8
Bhroly,stormscale,138,shaman,enhancement,9,4,5
Trenbruv,kazzak,138,shaman,enhancement,9,3,6
Heliosz,stormscale,137,shaman,enhancement,8,3,5
Anthrák,draenor,128,shaman,enhancement,4,2,2
Theshame,ravencrest,128,shaman,enhancement,4,2,2
Kraksham,ravencrest,128,shaman,enhancement,4,2,2
Bux,khaz-modan,127,shaman,enhancement,10,2,8
Nephylim,grim-batol,96,shaman,enhancement,3,2,1
Bambustic,kazzak,96,shaman,enhancement,6,1,5
Импфаразел,gordunni,96,shaman,enhancement,6,1,5
Patateatotem,archimonde,96,shaman,enhancement,6,1,5
Разодран,gordunni,96,shaman,enhancement,6,1,5
Shåmssagat,kazzak,96,shaman,enhancement,6,1,5
Nabo,archimonde,96,shaman,enhancement,6,1,5
Élémentyum,archimonde,96,shaman,enhancement,6,1,5
Shaulic,ravencrest,96,shaman,enhancement,6,1,5
Celeby,nemesis,96,shaman,enhancement,6,1,5
Sekane,archimonde,96,shaman,enhancement,6,1,5
Thoranis,kazzak,96,shaman,enhancement,6,1,5
Shamanistick,grim-batol,96,shaman,enhancement,6,1,5
Sgroppino,stormscale,96,shaman,enhancement,6,1,5
Цукерок,soulflayer,96,shaman,enhancement,6,1,5
Харно,gordunni,96,shaman,enhancement,6,1,5
Сирибериешка,soulflayer,96,shaman,enhancement,6,1,5
Urubus,kazzak,96,shaman,enhancement,6,1,5
Eclïppce,archimonde,96,shaman,enhancement,6,1,5
Granz,archimonde,96,shaman,enhancement,6,1,5
Lamarrus,malganis,96,shaman,enhancement,6,1,5
Stòrm,ravencrest,96,shaman,enhancement,6,1,5
Nas,the-maelstrom,96,shaman,enhancement,6,1,5
Maskinett,stormscale,96,shaman,enhancement,6,1,5
Goldhand,ravencrest,96,shaman,enhancement,6,1,5
Eisenfêind,antonidas,96,shaman,enhancement,6,1,5
Spaceboy,archimonde,96,shaman,enhancement,6,1,5
Winiepuuh,antonidas,96,shaman,enhancement,6,1,5
Tosaá,antonidas,96,shaman,enhancement,6,1,5
Takenq,stormscale,96,shaman,enhancement,6,1,5
Porthex,kazzak,96,shaman,enhancement,6,1,5
Überstorm,kazzak,96,shaman,enhancement,6,1,5
Preshear,twisting-nether,96,shaman,enhancement,6,1,5
Yrgus,hyjal,96,shaman,enhancement,6,1,5
Woiz,ragnaros,96,shaman,enhancement,6,1,5
Hazles,ragnaros,96,shaman,enhancement,6,1,5
Cryptotem,ragnaros,96,shaman,enhancement,6,1,5
Zoogang,ragnaros,96,shaman,enhancement,6,1,5
Yeah,emeriss,96,shaman,enhancement,6,1,5
Mikecrybaby,tarren-mill,96,shaman,enhancement,6,1,5
Malabestia,archimonde,96,shaman,enhancement,6,1,5
Gschmack,blackrock,96,shaman,enhancement,6,1,5
Eneel,blackmoore,96,shaman,enhancement,6,1,5
Trokag,hyjal,96,shaman,enhancement,6,1,5
Testpapi,twisting-nether,96,shaman,enhancement,6,1,5
Sixinchwilly,outland,96,shaman,enhancement,6,1,5
Насуплекс,howling-fjord,96,shaman,enhancement,6,1,5
Shaamz,tarren-mill,96,shaman,enhancement,6,1,5
Чаиро,howling-fjord,96,shaman,enhancement,6,1,5
Akenoo,die-aldor,96,shaman,enhancement,6,1,5
Vladraxes,draenor,96,shaman,enhancement,6,1,5
Ailsi,draenor,96,shaman,enhancement,6,1,5
Hí,bronzebeard,96,shaman,enhancement,6,1,5
Arethousa,silvermoon,96,shaman,enhancement,6,1,5
Lawdjeezes,draenor,96,shaman,enhancement,6,1,5
Laflur,draenor,96,shaman,enhancement,6,1,5
Shockqt,todeswache,96,shaman,enhancement,6,1,5
Criæ,blackrock,96,shaman,enhancement,6,1,5
Piptok,der-rat-von-dalaran,96,shaman,enhancement,6,1,5
Amarök,nerzhul,96,shaman,enhancement,6,1,5
Zoélement,nerzhul,96,shaman,enhancement,6,1,5
Limutsis,twilights-hammer,96,shaman,enhancement,6,1,5
Olibuzzyezz,outland,96,shaman,enhancement,6,1,5
Gotreck,zuljin,96,shaman,enhancement,6,1,5
Ghaargrim,tarren-mill,96,shaman,enhancement,6,1,5
Lampard,magtheridon,96,shaman,enhancement,6,1,5
Grabmytotemz,tarren-mill,96,shaman,enhancement,6,1,5
Carlpeant,drakthul,96,shaman,enhancement,6,1,5
Xtremeshaman,blackmoore,96,shaman,enhancement,6,1,5
Stonetone,silvermoon,96,shaman,enhancement,6,1,5
Ramuthra,sanguino,96,shaman,enhancement,6,1,5
Epicoverlord,tarren-mill,96,shaman,enhancement,6,1,5
Jambie,bloodfeather,96,shaman,enhancement,6,1,5
Skylá,blackrock,96,shaman,enhancement,6,1,5
Shøckz,azjolnerub,96,shaman,enhancement,6,1,5
Mearu,bronze-dragonflight,96,shaman,enhancement,6,1,5
Kónna,darksorrow,96,shaman,enhancement,6,1,5
Gewieft,azshara,96,shaman,enhancement,6,1,5
Hollster,moonglade,96,shaman,enhancement,6,1,5
Invòkèr,kazzak,96,shaman,enhancement,6,1,5
Djznto,silvermoon,96,shaman,enhancement,8,1,7
Freexx,aegwynn,96,shaman,enhancement,8,1,7
Дваллинн,gordunni,96,shaman,enhancement,11,1,10
Хэллшам,howling-fjord,96,shaman,enhancement,12,1,11
Eliteblood,kazzak,96,shaman,enhancement,12,1,11
Volgue,kaelthas,96,shaman,enhancement,12,1,11
Gamezclaw,aegwynn,96,shaman,enhancement,12,1,11
Ymiras,argent-dawn,96,shaman,enhancement,12,1,11
Sÿfrôw,hyjal,96,shaman,enhancement,12,1,11
Sigmaz,twisting-nether,96,shaman,enhancement,12,1,11
Эншам,blackscar,96,shaman,enhancement,12,1,11
Swípzy,ravencrest,79,shaman,enhancement,5,1,4
Choltaj,burning-legion,79,shaman,enhancement,7,1,6
Malizious,ravencrest,63,shaman,enhancement,2,2,0
Kuroisback,outland,48,shaman,enhancement,3,1,2
Tholin,rexxar,48,shaman,enhancement,3,1,2
Daboo,the-venture-co,48,shaman,enhancement,3,1,2
Rký,outland,48,shaman,enhancement,3,1,2
Wenesday,ysondre,48,shaman,enhancement,3,1,2
Карбонатрикс,soulflayer,48,shaman,enhancement,12,3,9
Cringergodx,blackhand,42,shaman,enhancement,11,3,8
Адскийсон,gordunni,42,shaman,enhancement,9,2,7
Klât,archimonde,42,shaman,enhancement,11,2,9
Ulaene,ravencrest,31,shaman,enhancement,2,1,1
Bìgby,draenor,31,shaman,enhancement,2,1,1
Aleshade,argent-dawn,31,shaman,enhancement,2,1,1
Dotjürgen,blackrock,2349,warlock,demonology,152,86,66
Skillførçé,kazzak,2343,warlock,demonology,72,49,23
Aköyh,kazzak,2315,warlock,demonology,142,89,53
Voldby,kazzak,2292,warlock,demonology,87,49,38
Byeedriver,kazzak,2218,warlock,demonology,123,80,43
Easycheasy,ravencrest,2217,warlock,demonology,77,49,28
Whøknøws,twisting-nether,2215,warlock,demonology,90,48,42
Dispeluapls,blackmoore,2214,warlock,demonology,114,61,53
Lankycheese,kazzak,2211,warlock,demonology,119,67,52
Rikkërt,draenor,2209,warlock,demonology,95,52,43
Nayolana,argent-dawn,2207,warlock,demonology,124,73,51
Kikeriki,blackhand,2200,warlock,demonology,110,58,52
Smaúg,archimonde,2196,warlock,demonology,253,131,122
Pogbõss,kazzak,2191,warlock,demonology,240,124,116
Cònq,tarren-mill,2175,warlock,demonology,90,50,40
Rumour,sunstrider,2175,warlock,demonology,96,50,46
Tuskawl,stormreaver,2173,warlock,demonology,97,55,42
Jimboneutron,stormscale,2171,warlock,demonology,59,34,25
Bualock,tarren-mill,2166,warlock,demonology,65,40,25
Thardik,azuremyst,2163,warlock,demonology,126,68,58
Locktrainer,tarren-mill,2152,warlock,demonology,355,180,175
Амеаль,eversong,2150,warlock,demonology,410,213,197
Jackyfalls,blackmoore,2148,warlock,demonology,144,84,60
Smdtwo,drakthul,2148,warlock,demonology,131,71,60
Zezo,stormscale,2144,warlock,demonology,160,92,68
Ambitions,hyjal,2139,warlock,demonology,195,102,93
Kimkold,twisting-nether,2136,warlock,demonology,210,115,95
Indrâxx,hyjal,2135,warlock,demonology,60,47,13
Shablagoo,twisting-nether,2134,warlock,demonology,132,75,57
Sad,lightnings-blade,2134,warlock,demonology,184,100,84
Bibiflexberg,eredar,2133,warlock,demonology,65,39,26
Onlylock,outland,2132,warlock,demonology,114,64,50
Maintarget,blackrock,2130,warlock,demonology,171,91,80
Favorizlmp,archimonde,2123,warlock,demonology,107,74,33
Setyouinfear,ravencrest,2122,warlock,demonology,112,64,48
Сильвиос,howling-fjord,2122,warlock,demonology,135,72,63
Wspolnax,ravencrest,2119,warlock,demonology,78,44,34
Neverfearjk,aegwynn,2117,warlock,demonology,86,56,30
Млечный,blackscar,2117,warlock,demonology,315,163,152
Syntaxzwo,blackmoore,2116,warlock,demonology,78,44,34
Dotyboi,tarren-mill,2115,warlock,demonology,72,44,28
Purplemonkey,burning-blade,2114,warlock,demonology,92,51,41
Supergeîl,blackrock,2112,warlock,demonology,71,38,33
ßualock,sylvanas,2111,warlock,demonology,72,42,30
Xerkh,thrall,2111,warlock,demonology,78,43,35
Krøl,nemesis,2110,warlock,demonology,66,40,26
Droguri,darkspear,2109,warlock,demonology,173,104,69
Ägony,blackrock,2108,warlock,demonology,78,46,32
Firochektro,ravencrest,2108,warlock,demonology,123,66,57
Dhärc,sanguino,2107,warlock,demonology,84,48,36
Ðåñtåy,ravencrest,2106,warlock,demonology,54,32,22
Фламмэнх,soulflayer,2106,warlock,demonology,84,46,38
Malddog,turalyon,2103,warlock,demonology,108,61,47
Syntax,blackmoore,2102,warlock,demonology,102,52,50
Britneÿ,stormscale,2096,warlock,demonology,90,46,44
Ogrez,nemesis,2095,warlock,demonology,131,65,66
Dæhli,argent-dawn,2092,warlock,demonology,150,77,73
Anthh,doomhammer,2076,warlock,demonology,72,39,33
Alotami,frostwolf,2073,warlock,demonology,63,39,24
Firochek,ravencrest,2054,warlock,demonology,90,47,43
Capsloq,la-croisade-écarlate,2040,warlock,demonology,114,61,53
Хаосболик,gordunni,2034,warlock,demonology,90,49,41
Igõr,draenor,2031,warlock,demonology,42,26,16
Конидэмико,blackscar,2031,warlock,demonology,107,51,56
Synthiax,silvermoon,2027,warlock,demonology,120,65,55
Nyotu,antonidas,2021,warlock,demonology,84,41,43
Raspalakuja,kazzak,2016,warlock,demonology,71,35,36
Ðïÿëñbïëñfüû,suramar,2014,warlock,demonology,147,75,72
Sêrø,aegwynn,2010,warlock,demonology,70,36,34
Osbaa,bladefist,2009,warlock,demonology,83,42,41
Wârlðck,twisting-nether,2004,warlock,demonology,78,49,29
Désolaté,kazzak,2004,warlock,demonology,59,36,23
Zehirisalari,twisting-nether,2004,warlock,demonology,96,52,44
Ffpiiras,dunemaul,1999,warlock,demonology,131,67,64
Ишла,gordunni,1990,warlock,demonology,125,66,59
Vreeth,blackrock,1984,warlock,demonology,78,40,38
Jawoxoxo,rexxar,1983,warlock,demonology,78,38,40
Dharc,dun-modr,1980,warlock,demonology,42,30,12
Kopfkissen,azshara,1973,warlock,demonology,75,40,35
Badapow,stormscale,1971,warlock,demonology,54,29,25
Gattlingan,eredar,1970,warlock,demonology,72,47,25
Boltimoore,magtheridon,1969,warlock,demonology,57,36,21
Адво,howling-fjord,1968,warlock,demonology,71,37,34
Rïñ,ravencrest,1968,warlock,demonology,60,28,32
Аоепампгодх,howling-fjord,1967,warlock,demonology,36,24,12
Помечте,soulflayer,1967,warlock,demonology,142,74,68
Slockoló,ragnaros,1967,warlock,demonology,84,37,47
Louên,dun-modr,1963,warlock,demonology,78,37,41
Арон,soulflayer,1961,warlock,demonology,65,34,31
Xtyran,blackmoore,1960,warlock,demonology,72,41,31
Cørpse,burning-legion,1958,warlock,demonology,136,72,64
Rmpfarmer,kazzak,1957,warlock,demonology,30,24,6
Khavar,antonidas,1957,warlock,demonology,88,50,38
Noobgg,kazzak,1957,warlock,demonology,107,59,48
Blackdog,argent-dawn,1952,warlock,demonology,117,57,60
Infïnitýx,silvermoon,1946,warlock,demonology,85,51,34
Онлидемон,gordunni,1946,warlock,demonology,56,33,23
Dabezdwl,outland,1943,warlock,demonology,96,53,43
Yamadea,stormscale,1939,warlock,demonology,84,43,41
Bonnieparkêr,onyxia,1938,warlock,demonology,54,28,26
Mty,bronze-dragonflight,1936,warlock,demonology,117,63,54
Malowix,outland,1936,warlock,demonology,66,33,33
Synlockiax,silvermoon,1933,warlock,demonology,110,73,37
Xenastro,silvermoon,1932,warlock,demonology,72,39,33
Apple,scarshield-legion,1930,warlock,demonology,133,69,64
Ravendoor,grim-batol,1929,warlock,demonology,100,52,48
Djmäkish,outland,1929,warlock,demonology,54,28,26
Keybump,outland,1927,warlock,demonology,102,64,38
Stankaemayne,blackhand,1927,warlock,demonology,61,35,26
Cuteyess,shadowsong,1926,warlock,demonology,72,38,34
Nickrosh,terokkar,1924,warlock,demonology,51,31,20
Lokmonji,perenolde,1923,warlock,demonology,60,34,26
Jesez,aegwynn,1921,warlock,demonology,60,32,28
Skailzlock,hyjal,1920,warlock,demonology,130,82,48
Zerulian,ragnaros,1920,warlock,demonology,90,50,40
Vultzbolt,draenor,1920,warlock,demonology,66,36,30
Makkez,outland,1917,warlock,demonology,48,29,19
Инфезиус,deathweaver,1917,warlock,demonology,106,58,48
Тьмазвёздная,gordunni,1917,warlock,demonology,123,66,57
Tyrantlol,sylvanas,1913,warlock,demonology,60,35,25
Dontargetme,draenor,1913,warlock,demonology,74,43,31
Neinbosa,tarren-mill,1913,warlock,demonology,132,67,65
Kamorilock,blackhand,1912,warlock,demonology,36,20,16
Шекигами,gordunni,1910,warlock,demonology,54,35,19
Мутгодх,soulflayer,1910,warlock,demonology,42,26,16
Demoner,tarren-mill,1910,warlock,demonology,108,52,56
Crathar,kazzak,1909,warlock,demonology,120,63,57
Shadowvirus,auchindoun,1908,warlock,demonology,41,23,18
Viscius,ysondre,1908,warlock,demonology,36,20,16
Stafar,kazzak,1907,warlock,demonology,114,56,58
Døwz,ysondre,1904,warlock,demonology,66,32,34
Anúki,kazzak,1900,warlock,demonology,25,21,4
Scaevóla,ravencrest,1900,warlock,demonology,451,241,210
Простохаос,howling-fjord,1899,warlock,demonology,62,37,25
Годнодх,gordunni,1897,warlock,demonology,66,34,32
Myliege,kilrogg,1895,warlock,demonology,118,64,54
Nerfhunter,executus,1895,warlock,demonology,54,27,27
Jegfaller,wildhammer,1893,warlock,demonology,106,53,53
Nunhesh,defias-brotherhood,1892,warlock,demonology,77,40,37
Shadowflamez,argent-dawn,1891,warlock,demonology,42,33,9
Kuloo,blackmoore,1891,warlock,demonology,48,31,17
Kimjongnukes,archimonde,1889,warlock,demonology,47,31,16
Оброссыш,gordunni,1880,warlock,demonology,84,47,37
Vankraken,silvermoon,1880,warlock,demonology,36,20,16
Gv,ragnaros,1875,warlock,demonology,48,24,24
Cigänä,archimonde,1875,warlock,demonology,48,22,26
Glooness,burning-legion,1875,warlock,demonology,94,42,52
Britneý,stormscale,1870,warlock,demonology,184,86,98
Онлидемо,gordunni,1869,warlock,demonology,48,32,16
Тёмабиль,gordunni,1868,warlock,demonology,378,199,179
Weso,grim-batol,1868,warlock,demonology,72,36,36
Skrana,kazzak,1865,warlock,demonology,77,42,35
Zouglougou,archimonde,1864,warlock,demonology,108,52,56
Delius,eitrigg,1863,warlock,demonology,97,62,35
Zoreck,uldum,1862,warlock,demonology,54,29,25
Bluh,twisting-nether,1860,warlock,demonology,36,22,14
Juicybolt,chogall,1860,warlock,demonology,94,50,44
Lyndi,nerathor,1858,warlock,demonology,54,29,25
Smíkz,blackhand,1852,warlock,demonology,48,29,19
Stalowwy,silvermoon,1849,warlock,demonology,108,59,49
Jopasiski,draenor,1848,warlock,demonology,54,28,26
Shakuroz,frostwolf,1847,warlock,demonology,68,41,27
Динодотз,howling-fjord,1847,warlock,demonology,54,27,27
Gryme,dalaran,1846,warlock,demonology,81,51,30
Painowgee,kazzak,1846,warlock,demonology,42,22,20
Moffguldan,sanguino,1845,warlock,demonology,65,39,26
Tenshirou,blackrock,1844,warlock,demonology,53,31,22
Blacklock,argent-dawn,1841,warlock,demonology,96,51,45
Дьяволзаплач,howling-fjord,1841,warlock,demonology,102,51,51
Кварий,howling-fjord,1840,warlock,demonology,485,243,242
Attritiona,stormscale,1838,warlock,demonology,60,32,28
Commas,outland,1838,warlock,demonology,94,46,48
Exorbïtant,blackrock,1836,warlock,demonology,181,96,85
Höfmänn,kazzak,1834,warlock,demonology,45,27,18
Purplereîgn,stormscale,1834,warlock,demonology,57,31,26
Outofcurses,earthen-ring,1834,warlock,demonology,83,42,41
Dracsu,dun-modr,1832,warlock,demonology,134,78,56
Анрали,soulflayer,1832,warlock,demonology,59,31,28
Bibilockbert,aegwynn,1832,warlock,demonology,61,31,30
Froschhaxen,blackhand,1831,warlock,demonology,71,44,27
Kolskegg,doomhammer,1830,warlock,demonology,144,78,66
Deadpapi,outland,1829,warlock,demonology,42,28,14
Icq,ravencrest,1829,warlock,demonology,77,46,31
Alphazero,zuluhed,1829,warlock,demonology,48,26,22
Svnlpowpow,kazzak,1828,warlock,demonology,71,37,34
Cujo,draenor,1828,warlock,demonology,68,31,37
Emitter,ravencrest,1827,warlock,demonology,36,27,9
Tamaduitoru,dragonblight,1827,warlock,demonology,78,51,27
Санявахтовик,blackscar,1827,warlock,demonology,72,39,33
Izhi,ragnaros,1826,warlock,demonology,120,70,50
Benne,stormscale,1825,warlock,demonology,49,31,18
Yôi,nemesis,1825,warlock,demonology,48,30,18
Lashyra,aszune,1825,warlock,demonology,66,40,26
Malificus,silvermoon,1823,warlock,demonology,114,67,47
Dâedra,argent-dawn,1823,warlock,demonology,96,53,43
Rikkért,draenor,1823,warlock,demonology,54,29,25
Règis,antonidas,1823,warlock,demonology,84,45,39
Tiendi,blackhand,1823,warlock,demonology,114,60,54
Этожедру,howling-fjord,1820,warlock,demonology,59,41,18
Nêverse,archimonde,1820,warlock,demonology,34,22,12
Kennyfõx,ysondre,1819,warlock,demonology,24,19,5
Ismenia,silvermoon,1819,warlock,demonology,60,39,21
Höfmänn,grim-batol,1819,warlock,demonology,54,33,21
Cellfear,kazzak,1818,warlock,demonology,42,24,18
Musallat,argent-dawn,1818,warlock,demonology,65,34,31
Dalamon,draenor,1818,warlock,demonology,60,31,29
Drogoon,blackmoore,1817,warlock,demonology,45,28,17
Fiveyearque,sylvanas,1817,warlock,demonology,54,33,21
Capsloq,sargeras,1817,warlock,demonology,57,28,29
Warth,silvermoon,1816,warlock,demonology,42,28,14
Devilfluffy,blackhand,1815,warlock,demonology,59,35,24
Císuh,stormreaver,1815,warlock,demonology,62,34,28
Афинц,deathguard,1814,warlock,demonology,30,19,11
Darkbasilet,hyjal,1814,warlock,demonology,53,31,22
Grimmwald,stormreaver,1814,warlock,demonology,88,45,43
Malzeva,ravencrest,1813,warlock,demonology,71,33,38
Тумнуктхай,gordunni,1812,warlock,demonology,42,24,18
Zàk,twisting-nether,1812,warlock,demonology,96,54,42
Ceu,tarren-mill,1812,warlock,demonology,70,39,31
Mustasheen,stormscale,1812,warlock,demonology,42,22,20
Gigoberto,kazzak,1811,warlock,demonology,57,31,26
Zatella,ravencrest,1811,warlock,demonology,188,100,88
Icò,ravencrest,1811,warlock,demonology,54,28,26
Zypzanti,antonidas,1810,warlock,demonology,155,97,58
Aladèèn,tarren-mill,1810,warlock,demonology,68,40,28
Kënnyfõx,ysondre,1809,warlock,demonology,24,19,5
Rektube,sanguino,1809,warlock,demonology,37,24,13
Xalé,blackrock,1809,warlock,demonology,42,26,16
Tagzi,ravencrest,1809,warlock,demonology,47,29,18
Gazdruul,culte-de-la-rive-noire,1808,warlock,demonology,78,48,30
Nürgle,stormscale,1808,warlock,demonology,90,53,37
Smâûhg,blackrock,1807,warlock,demonology,42,28,14
Thugsupreme,ravencrest,1807,warlock,demonology,91,49,42
Lúcìfér,stormscale,1806,warlock,demonology,66,34,32
Нэкрил,howling-fjord,1805,warlock,demonology,71,45,26
Фэлмор,howling-fjord,1805,warlock,demonology,54,33,21
Fearrari,ragnaros,1805,warlock,demonology,126,66,60
Nerigo,senjin,1805,warlock,demonology,48,24,24
Филоняша,gordunni,1804,warlock,demonology,90,57,33
Nemwl,draenor,1804,warlock,demonology,66,36,30
Dontvori,outland,1803,warlock,demonology,42,28,14
Splicer,eredar,1803,warlock,demonology,49,29,20
Elnïa,conseil-des-ombres,1803,warlock,demonology,39,21,18
Дёмын,howling-fjord,1803,warlock,demonology,192,91,101
Addox,destromath,1802,warlock,demonology,47,30,17
Ryks,terrordar,1802,warlock,demonology,97,51,46
Arkanyks,dalaran,1802,warlock,demonology,72,32,40
Кайзершлафен,fordragon,1800,warlock,demonology,58,28,30
Xartul,tarren-mill,1799,warlock,demonology,24,20,4
Htaedfo,tarren-mill,1798,warlock,demonology,110,50,60
Ravenglass,argent-dawn,1798,warlock,demonology,60,27,33
Algolagniac,stormscale,1797,warlock,demonology,48,32,16
Positivitywl,stormscale,1797,warlock,demonology,60,38,22
Azerybedge,alexstrasza,1796,warlock,demonology,150,84,66
Fîgøk,conseil-des-ombres,1794,warlock,demonology,60,29,31
Lïñglïñg,twisting-nether,1791,warlock,demonology,36,25,11
Äåäåäåäåäåäå,ravencrest,1789,warlock,demonology,47,26,21
Áutísm,silvermoon,1788,warlock,demonology,168,100,68
Voídzero,hyjal,1786,warlock,demonology,55,29,26
Тевон,gordunni,1785,warlock,demonology,54,29,25
Hexdrix,thrall,1784,warlock,demonology,81,40,41
Darkenlock,burning-legion,1782,warlock,demonology,132,71,61
Cappaoww,ravencrest,1780,warlock,demonology,30,22,8
Proßlock,kazzak,1780,warlock,demonology,123,73,50
Gödisdëäd,sanguino,1770,warlock,demonology,41,20,21
Nécron,ysondre,1769,warlock,demonology,129,65,64
Glavy,burning-legion,1765,warlock,demonology,131,71,60
Darksoll,hyjal,1763,warlock,demonology,42,23,19
Nâzgrel,tarren-mill,1763,warlock,demonology,138,70,68
Lockned,outland,1761,warlock,demonology,48,30,18
Koldarr,blackmoore,1759,warlock,demonology,120,59,61
Киёкка,howling-fjord,1757,warlock,demonology,96,54,42
Артисона,gordunni,1757,warlock,demonology,56,30,26
Omnípotens,silvermoon,1755,warlock,demonology,60,33,27
Alphalock,mannoroth,1755,warlock,demonology,72,35,37
Fedpikkefar,kazzak,1755,warlock,demonology,67,27,40
Cresen,tarren-mill,1754,warlock,demonology,42,22,20
Catchlock,tarren-mill,1752,warlock,demonology,36,20,16
Immaginare,sylvanas,1747,warlock,demonology,141,66,75
Zelieknight,ysondre,1741,warlock,demonology,66,32,34
Bunne,twisting-nether,1740,warlock,demonology,78,37,41
Kennÿfõx,ysondre,1732,warlock,demonology,24,19,5
Adafbhf,tichondrius,1731,warlock,demonology,71,36,35
Tjockoloco,tarren-mill,1730,warlock,demonology,203,110,93
Пухи,blackscar,1729,warlock,demonology,85,37,48
Kemel,thrall,1725,warlock,demonology,36,26,10
Dslap,grim-batol,1725,warlock,demonology,30,18,12
Фортэр,ashenvale,1725,warlock,demonology,90,47,43
Koisk,tarren-mill,1724,warlock,demonology,30,18,12
Darcîa,destromath,1724,warlock,demonology,229,123,106
Jinusek,burning-legion,1724,warlock,demonology,49,25,24
Selur,ragnaros,1723,warlock,demonology,51,31,20
Idezis,ragnaros,1722,warlock,demonology,36,24,12
Sedryn,turalyon,1721,warlock,demonology,1139,583,556
Dadcrush,antonidas,1720,warlock,demonology,84,42,42
Souleaterx,ravencrest,1719,warlock,demonology,48,23,25
Flocca,archimonde,1718,warlock,demonology,74,37,37
Chromagnus,drakthul,1713,warlock,demonology,48,24,24
Impaler,tarren-mill,1711,warlock,demonology,299,148,151
Fsandtwo,ravencrest,1711,warlock,demonology,54,24,30
Хитбэйн,soulflayer,1711,warlock,demonology,81,35,46
Itstrippy,tarren-mill,1709,warlock,demonology,54,33,21
Despépêche,garona,1709,warlock,demonology,42,24,18
Erøne,archimonde,1709,warlock,demonology,267,141,126
Circe,draenor,1709,warlock,demonology,36,18,18
Lockxdxd,burning-legion,1708,warlock,demonology,64,43,21
Deaddydoo,kazzak,1708,warlock,demonology,60,27,33
Зажиженный,soulflayer,1707,warlock,demonology,40,26,14
Totephia,kazzak,1707,warlock,demonology,132,63,69
Soupamine,ysondre,1706,warlock,demonology,30,18,12
Ahkan,argent-dawn,1705,warlock,demonology,68,30,38
Greeylock,blackhand,1703,warlock,demonology,48,28,20
Endherkonk,sanguino,1702,warlock,demonology,99,55,44
Oldasianman,blackrock,1700,warlock,demonology,36,20,16
Sokyra,tarren-mill,1700,warlock,demonology,165,84,81
Drerlord,tarren-mill,1699,warlock,demonology,48,21,27
Stormiq,kazzak,1698,warlock,demonology,155,76,79
Rune,aegwynn,1695,warlock,demonology,52,29,23
Hltbárgrïèfx,tarren-mill,1695,warlock,demonology,90,50,40
Kazzy,grim-batol,1693,warlock,demonology,30,21,9
Snackstickz,twisting-nether,1693,warlock,demonology,78,46,32
Requeims,outland,1691,warlock,demonology,54,25,29
Бриант,gordunni,1689,warlock,demonology,47,19,28
Broxihwa,blackmoore,1688,warlock,demonology,193,104,89
Demonjoker,blackhand,1686,warlock,demonology,129,73,56
Evalya,archimonde,1685,warlock,demonology,30,20,10
Eluinees,silvermoon,1684,warlock,demonology,36,25,11
Kûraiko,blackrock,1684,warlock,demonology,36,21,15
Pipoûc,archimonde,1682,warlock,demonology,42,23,19
Æyna,thrall,1681,warlock,demonology,30,18,12
Hellbboy,azjolnerub,1681,warlock,demonology,103,60,43
Котрх,gordunni,1680,warlock,demonology,92,52,40
Grêenbull,eredar,1680,warlock,demonology,49,27,22
Sanguinis,theradras,1680,warlock,demonology,140,70,70
Amited,drakthul,1679,warlock,demonology,36,23,13
Mythoman,ravencrest,1679,warlock,demonology,54,31,23
Love,alexstrasza,1677,warlock,demonology,45,27,18
Жериновсский,gordunni,1677,warlock,demonology,36,18,18
Ahollic,frostwolf,1676,warlock,demonology,36,22,14
Шимара,eversong,1675,warlock,demonology,33,23,10
Æternallock,nemesis,1674,warlock,demonology,117,72,45
Vêzor,twisting-nether,1673,warlock,demonology,70,36,34
Srhal,blackmoore,1672,warlock,demonology,168,96,72
Nedivh,stormscale,1672,warlock,demonology,53,23,30
Iskieel,ravencrest,1671,warlock,demonology,44,26,18
Eleriya,argent-dawn,1671,warlock,demonology,128,66,62
Bloodlock,onyxia,1670,warlock,demonology,42,22,20
Шэдоубёрн,soulflayer,1664,warlock,demonology,155,88,67
Yumiblood,tarren-mill,1661,warlock,demonology,53,31,22
Agathaharkne,minahonda,1660,warlock,demonology,48,28,20
Lockmex,outland,1658,warlock,demonology,42,26,16
Nattû,outland,1656,warlock,demonology,36,20,16
Darkdagor,blackrock,1656,warlock,demonology,55,30,25
Нафлэпил,gordunni,1655,warlock,demonology,54,31,23
Гурджес,soulflayer,1655,warlock,demonology,98,52,46
Нгага,howling-fjord,1655,warlock,demonology,357,183,174
Niyyu,blackmoore,1654,warlock,demonology,48,22,26
Shugglock,draenor,1653,warlock,demonology,42,23,19
Béastmodex,eredar,1652,warlock,demonology,48,30,18
Сладкийпир,soulflayer,1652,warlock,demonology,108,63,45
Murua,silvermoon,1652,warlock,demonology,38,21,17
Mjor,twisting-nether,1650,warlock,demonology,30,18,12
Hellguards,silvermoon,1648,warlock,demonology,90,42,48
Ezy,auchindoun,1647,warlock,demonology,46,23,23
Mendozaah,kazzak,1647,warlock,demonology,326,161,165
Youseenbolt,ravencrest,1647,warlock,demonology,45,22,23
Épidémie,outland,1646,warlock,demonology,59,24,35
Utsus,tarren-mill,1645,warlock,demonology,36,23,13
Thorolock,blackhand,1645,warlock,demonology,36,20,16
Smadrekas,ravencrest,1644,warlock,demonology,36,22,14
Варикай,gordunni,1644,warlock,demonology,60,33,27
Fandirxd,draenor,1643,warlock,demonology,126,59,67
Wildimp,turalyon,1642,warlock,demonology,120,65,55
Lichlolock,outland,1642,warlock,demonology,54,26,28
Zezca,draenor,1640,warlock,demonology,76,39,37
Abdelkarime,khaz-modan,1638,warlock,demonology,60,30,30
Tiffyilock,blackrock,1637,warlock,demonology,42,20,22
Scottware,draenor,1635,warlock,demonology,38,23,15
Malumbra,argent-dawn,1635,warlock,demonology,57,27,30
Джердхаус,fordragon,1634,warlock,demonology,36,19,17
Sörlewiis,the-maelstrom,1632,warlock,demonology,58,36,22
Nerzhull,stormscale,1632,warlock,demonology,123,66,57
Zzooxx,silvermoon,1631,warlock,demonology,30,17,13
Felgødx,nemesis,1630,warlock,demonology,24,17,7
Shadôrí,antonidas,1630,warlock,demonology,54,34,20
Nastychãtøn,ysondre,1630,warlock,demonology,30,17,13
Cthxil,frostwolf,1630,warlock,demonology,57,28,29
Tekron,blackhand,1629,warlock,demonology,57,37,20
Лвнг,gordunni,1628,warlock,demonology,48,29,19
Naarnust,defias-brotherhood,1628,warlock,demonology,66,35,31
Кьютсанни,howling-fjord,1628,warlock,demonology,36,17,19
Nomakqlock,dun-modr,1627,warlock,demonology,72,45,27
Dimmybyrger,stormreaver,1627,warlock,demonology,30,17,13
Rpez,archimonde,1627,warlock,demonology,328,176,152
Interceptêr,blackrock,1627,warlock,demonology,42,22,20
Мешшугга,howling-fjord,1627,warlock,demonology,44,21,23
Xiraq,nathrezim,1627,warlock,demonology,36,17,19
Neuth,draenor,1627,warlock,demonology,56,24,32
Evalin,aggra-português,1626,warlock,demonology,113,69,44
Kody,blackmoore,1625,warlock,demonology,30,18,12
Nàughty,ragnaros,1625,warlock,demonology,77,37,40
Thorky,blackrock,1625,warlock,demonology,48,22,26
Erkai,kazzak,1624,warlock,demonology,45,24,21
Dasda,defias-brotherhood,1623,warlock,demonology,89,49,40
Docderlock,thrall,1623,warlock,demonology,45,23,22
Dualla,aegwynn,1623,warlock,demonology,36,17,19
Felsturm,twisting-nether,1622,warlock,demonology,58,40,18
Элси,howling-fjord,1622,warlock,demonology,30,17,13
Nachtreich,thrall,1622,warlock,demonology,30,17,13
Warlockyo,blackrock,1622,warlock,demonology,41,18,23
Храбзар,gordunni,1621,warlock,demonology,136,65,71
Xanatas,nemesis,1620,warlock,demonology,54,31,23
Golborg,draenor,1619,warlock,demonology,75,33,42
Парачо,eversong,1618,warlock,demonology,36,17,19
Shortyi,thrall,1617,warlock,demonology,41,20,21
Kawapow,azjolnerub,1615,warlock,demonology,88,56,32
Absurdity,twisting-nether,1615,warlock,demonology,34,21,13
Furrylóver,kazzak,1614,warlock,demonology,28,21,7
Tsumde,dalaran,1613,warlock,demonology,201,108,93
Eroszakolock,ragnaros,1611,warlock,demonology,24,17,7
Solidwarlock,archimonde,1611,warlock,demonology,60,37,23
Tamatóax,tarren-mill,1611,warlock,demonology,104,53,51
Zéphon,blades-edge,1610,warlock,demonology,48,29,19
Môrgán,draenor,1609,warlock,demonology,234,117,117
Azraëlle,drekthar,1606,warlock,demonology,33,20,13
Lottopallo,arathor,1606,warlock,demonology,139,84,55
Shuggul,draenor,1606,warlock,demonology,37,22,15
Lockaria,zuljin,1606,warlock,demonology,93,53,40
Nerdbane,blackrock,1605,warlock,demonology,36,20,16
Hubba,earthen-ring,1604,warlock,demonology,68,39,29
Havexis,tichondrius,1602,warlock,demonology,42,32,10
Prekt,ragnaros,1601,warlock,demonology,36,19,17
Sethtarr,draenor,1600,warlock,demonology,56,31,25
Zzooxxie,silvermoon,1600,warlock,demonology,42,19,23
Ájszmen,ravencrest,1599,warlock,demonology,155,80,75
Djshyasiañ,perenolde,1599,warlock,demonology,176,90,86
Егосяхаос,soulflayer,1597,warlock,demonology,280,141,139
Гвоздяшка,blackscar,1597,warlock,demonology,47,22,25
Чернаяскала,howling-fjord,1596,warlock,demonology,130,68,62
Дрын,gordunni,1594,warlock,demonology,36,21,15
Thralka,burning-legion,1593,warlock,demonology,138,73,65
Azthral,nemesis,1590,warlock,demonology,266,135,131
Deamonsmith,silvermoon,1589,warlock,demonology,70,40,30
Terrorrize,draenor,1589,warlock,demonology,149,76,73
Repah,doomhammer,1587,warlock,demonology,66,34,32
Agâshh,blackrock,1586,warlock,demonology,68,38,30
Sublînê,blackmoore,1582,warlock,demonology,82,41,41
Potatowl,ravencrest,1582,warlock,demonology,36,18,18
Майдум,soulflayer,1582,warlock,demonology,47,23,24
Сумракк,gordunni,1581,warlock,demonology,29,17,12
Insídíous,tarren-mill,1581,warlock,demonology,36,19,17
Malkoran,sylvanas,1581,warlock,demonology,36,18,18
Stormytrumpy,twisting-nether,1580,warlock,demonology,39,21,18
Kosoki,burning-legion,1580,warlock,demonology,48,21,27
Мамхаус,howling-fjord,1579,warlock,demonology,36,22,14
Panic,stormrage,1578,warlock,demonology,218,119,99
Beloezoloto,deathwing,1578,warlock,demonology,66,33,33
Gulzot,turalyon,1575,warlock,demonology,48,31,17
Bonemetz,blackmoore,1575,warlock,demonology,64,38,26
Peremi,grim-batol,1575,warlock,demonology,42,23,19
Summonit,blackmoore,1575,warlock,demonology,78,40,38
Demicore,stormreaver,1575,warlock,demonology,66,26,40
Warlockoloco,blackmoore,1572,warlock,demonology,36,20,16
Ароматныйх,howling-fjord,1569,warlock,demonology,42,20,22
Nekrosd,tarren-mill,1569,warlock,demonology,39,18,21
Pørtalslave,ravencrest,1568,warlock,demonology,43,21,22
Ilililii,ravencrest,1567,warlock,demonology,54,29,25
Демоник,deathguard,1567,warlock,demonology,36,18,18
Silenozz,ragnaros,1564,warlock,demonology,91,49,42
Гулдарий,howling-fjord,1562,warlock,demonology,297,160,137
Gemors,ravenholdt,1562,warlock,demonology,83,42,41
Sïlïthuss,ravencrest,1561,warlock,demonology,123,66,57
Evanore,burning-legion,1561,warlock,demonology,85,44,41
Цетрелисс,gordunni,1560,warlock,demonology,48,26,22
Dull,ravencrest,1560,warlock,demonology,36,18,18
Dotsyoudown,kelthuzad,1560,warlock,demonology,36,18,18
Ruinovino,outland,1559,warlock,demonology,84,43,41
Itspoint,draenor,1558,warlock,demonology,65,33,32
Tonin,antonidas,1553,warlock,demonology,65,38,27
Solitariøus,arathi,1552,warlock,demonology,90,45,45
Бельведерчи,blackscar,1551,warlock,demonology,205,108,97
Scattler,aegwynn,1548,warlock,demonology,36,24,12
Kalinowa,burning-legion,1548,warlock,demonology,149,80,69
Костикк,howling-fjord,1546,warlock,demonology,37,21,16
Endixujo,sanguino,1545,warlock,demonology,56,39,17
Ädarä,cthun,1545,warlock,demonology,144,79,65
Hamnam,blackrock,1543,warlock,demonology,42,23,19
Benzakenta,sylvanas,1541,warlock,demonology,42,26,16
Octoba,kirin-tor,1540,warlock,demonology,72,41,31
Priszcilla,twisting-nether,1539,warlock,demonology,136,76,60
Redshíne,hyjal,1537,warlock,demonology,54,24,30
Ijixed,ravencrest,1537,warlock,demonology,80,35,45
Xjms,darksorrow,1536,warlock,demonology,30,17,13
Hannens,blackrock,1535,warlock,demonology,24,16,8
Nuwdles,tarren-mill,1535,warlock,demonology,42,23,19
Oggelock,tarren-mill,1534,warlock,demonology,24,16,8
Larina,neptulon,1533,warlock,demonology,35,20,15
Sizezero,tarren-mill,1532,warlock,demonology,30,18,12
Kaamosliha,frostwhisper,1532,warlock,demonology,101,51,50
Altffeer,blackmoore,1531,warlock,demonology,47,27,20
Bigbagelbob,archimonde,1530,warlock,demonology,30,16,14
Wëndigo,stormscale,1530,warlock,demonology,41,19,22
Cròwly,area-52,1529,warlock,demonology,46,29,17
Kasztyk,grim-batol,1529,warlock,demonology,30,16,14
Honetia,ravencrest,1528,warlock,demonology,167,79,88
Cringetamer,silvermoon,1527,warlock,demonology,52,25,27
Tochka,archimonde,1526,warlock,demonology,90,44,46
Wiitchdoktor,twisting-nether,1526,warlock,demonology,42,18,24
Stafar,outland,1524,warlock,demonology,24,16,8
Stormblast,azshara,1523,warlock,demonology,78,49,29
Følkman,twisting-nether,1523,warlock,demonology,30,16,14
Carlss,sanguino,1519,warlock,demonology,48,24,24
Марэд,howling-fjord,1515,warlock,demonology,52,27,25
Skitless,blackmoore,1514,warlock,demonology,39,19,20
Зарлог,soulflayer,1511,warlock,demonology,66,32,34
Kritrouilles,sargeras,1510,warlock,demonology,36,19,17
Razzguul,blackmoore,1509,warlock,demonology,46,27,19
Харакула,fordragon,1508,warlock,demonology,54,30,24
Грешъник,gordunni,1508,warlock,demonology,49,25,24
Theolock,ragnaros,1508,warlock,demonology,60,28,32
Shalazar,dun-modr,1506,warlock,demonology,132,76,56
Zoulgania,antonidas,1506,warlock,demonology,73,35,38
Ydidntuwait,ragnaros,1506,warlock,demonology,54,24,30
Mundunugu,sanguino,1505,warlock,demonology,31,20,11
Кейкегенкай,gordunni,1504,warlock,demonology,66,38,28
Roedin,tarren-mill,1504,warlock,demonology,153,65,88
Rafael,stormscale,1503,warlock,demonology,60,33,27
Расмурът,soulflayer,1501,warlock,demonology,60,37,23
Ðârk,silvermoon,1500,warlock,demonology,66,28,38
Hypotax,ragnaros,1499,warlock,demonology,114,58,56
Líely,ravencrest,1498,warlock,demonology,42,24,18
Zèlêph,archimonde,1496,warlock,demonology,24,17,7
Iovol,korgall,1496,warlock,demonology,72,39,33
Rotyou,blackmoore,1496,warlock,demonology,67,32,35
Bß,argent-dawn,1495,warlock,demonology,53,31,22
Longdickie,ravencrest,1495,warlock,demonology,60,29,31
Denzeal,argent-dawn,1495,warlock,demonology,102,48,54
Deathlock,outland,1494,warlock,demonology,42,25,17
Makemeabrew,stormscale,1493,warlock,demonology,94,50,44
Morgan,jaedenar,1491,warlock,demonology,66,28,38
Penske,sanguino,1490,warlock,demonology,41,20,21
Fearhändig,aegwynn,1489,warlock,demonology,71,33,38
Acererak,thunderhorn,1488,warlock,demonology,65,30,35
Гнильсен,borean-tundra,1486,warlock,demonology,52,31,21
Эволюционист,gordunni,1483,warlock,demonology,42,22,20
Ayóó,doomhammer,1483,warlock,demonology,657,332,325
Ппинг,soulflayer,1481,warlock,demonology,96,44,52
Hâres,anetheron,1480,warlock,demonology,390,189,201
Jondi,blackmoore,1479,warlock,demonology,49,27,22
Khalkazar,darkspear,1477,warlock,demonology,30,16,14
Dayan,stormreaver,1476,warlock,demonology,54,29,25
Rinnieeqt,outland,1476,warlock,demonology,36,18,18
Esgül,draenor,1471,warlock,demonology,126,67,59
Enviroq,burning-legion,1469,warlock,demonology,59,34,25
Güulran,les-clairvoyants,1468,warlock,demonology,89,49,40
Иллугис,gordunni,1468,warlock,demonology,36,17,19
Sevastus,argent-dawn,1467,warlock,demonology,149,78,71
Mephysteroth,dalaran,1463,warlock,demonology,66,31,35
Камнилока,booty-bay,1460,warlock,demonology,119,67,52
Felburrn,twisting-nether,1459,warlock,demonology,143,70,73
Ghachi,draenor,1457,warlock,demonology,29,16,13
Hörst,das-konsortium,1457,warlock,demonology,38,19,19
Факлок,gordunni,1454,warlock,demonology,36,22,14
Seriasa,blackmoore,1454,warlock,demonology,72,28,44
Deprecated,burning-blade,1453,warlock,demonology,29,17,12
Silvercurse,azuremyst,1446,warlock,demonology,48,24,24
Mefistosx,draenor,1441,warlock,demonology,42,20,22
Spongebobx,kazzak,1439,warlock,demonology,24,15,9
Benvyx,twisting-nether,1438,warlock,demonology,30,15,15
Biest,drakthul,1437,warlock,demonology,36,15,21
Jïñ,ravencrest,1436,warlock,demonology,24,15,9
Slurvefar,kazzak,1436,warlock,demonology,30,15,15
Чутьчутьзлая,gordunni,1436,warlock,demonology,54,25,29
Sadisticlól,burning-legion,1435,warlock,demonology,48,25,23
Agonyzed,argent-dawn,1434,warlock,demonology,52,27,25
Guldchan,drakthul,1433,warlock,demonology,24,15,9
Ganjubass,tarren-mill,1432,warlock,demonology,24,15,9
Hupet,ragnaros,1432,warlock,demonology,24,15,9
Kukcaryfuk,drakthul,1431,warlock,demonology,54,27,27
Youseenbølt,veklor,1431,warlock,demonology,36,15,21
Topmodelx,eredar,1428,warlock,demonology,24,15,9
Saganelle,hyjal,1426,warlock,demonology,18,15,3
Corbiejr,tarren-mill,1425,warlock,demonology,70,29,41
Hyphonos,blackmoore,1422,warlock,demonology,30,15,15
Absúrd,turalyon,1419,warlock,demonology,257,139,118
Míkæ,ravencrest,1417,warlock,demonology,101,48,53
Lamboo,tarren-mill,1415,warlock,demonology,30,15,15
Стокыч,soulflayer,1415,warlock,demonology,42,15,27
Lunden,drakthul,1414,warlock,demonology,46,22,24
Армдэд,galakrond,1414,warlock,demonology,66,31,35
Malganas,sylvanas,1414,warlock,demonology,95,42,53
Chedipes,stormscale,1414,warlock,demonology,39,16,23
Емс,gordunni,1411,warlock,demonology,30,15,15
Wåfa,kazzak,1410,warlock,demonology,247,132,115
Valadair,sanguino,1408,warlock,demonology,265,139,126
Героуд,howling-fjord,1407,warlock,demonology,30,15,15
Dementorian,blackrock,1405,warlock,demonology,24,15,9
Паникс,gordunni,1405,warlock,demonology,54,22,32
Qullnius,kazzak,1402,warlock,demonology,42,24,18
Tudii,frostwolf,1401,warlock,demonology,54,32,22
Morgána,outland,1401,warlock,demonology,30,15,15
Søcraqt,blackrock,1399,warlock,demonology,31,15,16
Indiasummerx,turalyon,1397,warlock,demonology,63,30,33
Zanzarismo,nemesis,1396,warlock,demonology,33,17,16
Profylaxis,arathor,1396,warlock,demonology,46,23,23
Inien,sylvanas,1393,warlock,demonology,48,32,16
Themus,twisting-nether,1393,warlock,demonology,24,16,8
Dabulock,blackmoore,1393,warlock,demonology,75,34,41
Hannen,blackrock,1391,warlock,demonology,23,15,8
Brryant,colinas-pardas,1391,warlock,demonology,36,20,16
Кайрана,blackscar,1390,warlock,demonology,49,27,22
Ruhuen,stormscale,1390,warlock,demonology,30,15,15
Happycadaver,blackrock,1388,warlock,demonology,45,21,24
Cozyboi,thrall,1386,warlock,demonology,112,67,45
Smallpee,kazzak,1380,warlock,demonology,54,25,29
Антетак,soulflayer,1378,warlock,demonology,42,22,20
Astéfion,dalaran,1378,warlock,demonology,30,15,15
Thorash,moonglade,1374,warlock,demonology,52,30,22
Nagash,zuljin,1370,warlock,demonology,23,16,7
Wítchær,blackhand,1370,warlock,demonology,48,28,20
Deabrus,silvermoon,1369,warlock,demonology,65,31,34
Bobkeso,sylvanas,1368,warlock,demonology,36,15,21
Nimh,azjolnerub,1364,warlock,demonology,69,37,32
Tomlingen,terenas,1361,warlock,demonology,60,32,28
Lökjävel,twisting-nether,1359,warlock,demonology,30,17,13
Чингинсхан,howling-fjord,1357,warlock,demonology,35,25,10
Nihale,arakarahm,1352,warlock,demonology,38,21,17
Mesîkatayut,outland,1351,warlock,demonology,81,46,35
Aenygma,jaedenar,1350,warlock,demonology,30,17,13
Chimera,mugthol,1350,warlock,demonology,60,27,33
Cahoa,archimonde,1349,warlock,demonology,24,15,9
Olsel,draenor,1349,warlock,demonology,36,16,20
Xanatar,blackhand,1347,warlock,demonology,72,29,43
Dedalus,zuluhed,1346,warlock,demonology,214,117,97
Scallington,shattered-hand,1344,warlock,demonology,24,14,10
Sineko,twisting-nether,1344,warlock,demonology,236,113,123
Dhraven,thrall,1344,warlock,demonology,72,34,38
Ukjjkhj,frostmane,1344,warlock,demonology,37,15,22
Xarica,garona,1343,warlock,demonology,18,14,4
Beebs,aegwynn,1343,warlock,demonology,18,14,4
Moslock,kazzak,1343,warlock,demonology,23,15,8
Quadraxer,antonidas,1342,warlock,demonology,24,14,10
Bewbys,draenor,1342,warlock,demonology,55,25,30
Lacape,dalaran,1340,warlock,demonology,28,15,13
Famíliar,tarren-mill,1340,warlock,demonology,81,31,50
Dabeastysx,sanguino,1339,warlock,demonology,18,14,4
Seldonn,pozzo-delleternità,1339,warlock,demonology,24,14,10
Envizer,ravencrest,1338,warlock,demonology,24,14,10
Evilonion,outland,1337,warlock,demonology,36,14,22
Mpslo,archimonde,1335,warlock,demonology,24,14,10
Døtzz,blackmoore,1335,warlock,demonology,24,14,10
Velativ,silvermoon,1333,warlock,demonology,18,14,4
Инсип,blackscar,1333,warlock,demonology,78,39,39
Vanskor,argent-dawn,1331,warlock,demonology,100,42,58
Elìphás,blackmoore,1330,warlock,demonology,36,14,22
Ilarizium,ysondre,1329,warlock,demonology,95,46,49
Валентинчик,galakrond,1329,warlock,demonology,81,39,42
Eatherial,twilights-hammer,1327,warlock,demonology,52,31,21
Fujiitøra,ysondre,1327,warlock,demonology,138,73,65
Kharless,kazzak,1327,warlock,demonology,38,19,19
Raez,burning-blade,1327,warlock,demonology,47,18,29
Jag,neptulon,1322,warlock,demonology,68,41,27
Letzman,ravencrest,1321,warlock,demonology,25,16,9
Kwanzaa,ravencrest,1319,warlock,demonology,24,14,10
Evilbuba,burning-legion,1319,warlock,demonology,70,36,34
Kerthan,malorne,1316,warlock,demonology,27,15,12
Gulldan,bloodfeather,1315,warlock,demonology,54,27,27
Allotropìa,ravencrest,1315,warlock,demonology,30,14,16
Kalhija,medivh,1314,warlock,demonology,42,22,20
Дуклок,howling-fjord,1313,warlock,demonology,70,37,33
Forthewin,stormreaver,1313,warlock,demonology,30,15,15
Papilena,turalyon,1312,warlock,demonology,67,31,36
Исверон,howling-fjord,1310,warlock,demonology,29,14,15
Dominvs,silvermoon,1306,warlock,demonology,162,80,82
Øupas,ysondre,1304,warlock,demonology,42,14,28
Letzterlude,thrall,1303,warlock,demonology,29,14,15
Neffy,sinstralis,1303,warlock,demonology,57,27,30
Tunrîda,illidan,1303,warlock,demonology,45,21,24
Мормир,deathguard,1302,warlock,demonology,76,32,44
Déus,forscherliga,1300,warlock,demonology,263,126,137
Diavoolitza,sylvanas,1298,warlock,demonology,36,17,19
Trellaras,bloodfeather,1296,warlock,demonology,74,35,39
Mmorgana,sanguino,1295,warlock,demonology,45,19,26
Соргосор,gordunni,1290,warlock,demonology,23,16,7
Akumako,stormscale,1290,warlock,demonology,29,14,15
Xoky,argent-dawn,1286,warlock,demonology,42,17,25
Degdeehei,draenor,1282,warlock,demonology,24,16,8
Cmzdalock,ravencrest,1279,warlock,demonology,36,23,13
Lifesteal,auchindoun,1279,warlock,demonology,61,31,30
Volomar,darkspear,1279,warlock,demonology,35,16,19
Cerberus,argent-dawn,1277,warlock,demonology,24,15,9
Siaval,die-aldor,1271,warlock,demonology,30,15,15
Auxi,the-maelstrom,1270,warlock,demonology,114,57,57
Баммес,galakrond,1265,warlock,demonology,124,53,71
Incesticide,ragnaros,1255,warlock,demonology,23,14,9
Narayan,ysondre,1249,warlock,demonology,59,34,25
Lokisi,die-aldor,1249,warlock,demonology,60,34,26
Rövsmärta,ragnaros,1248,warlock,demonology,27,15,12
Lhestér,outland,1248,warlock,demonology,24,13,11
Lywov,stormscale,1248,warlock,demonology,24,13,11
Ахпорбес,gordunni,1247,warlock,demonology,40,22,18
Fløkee,blackmoore,1247,warlock,demonology,24,13,11
Osbaa,ravencrest,1247,warlock,demonology,24,13,11
Skyrender,argent-dawn,1247,warlock,demonology,30,13,17
Idonthexafck,kazzak,1246,warlock,demonology,18,13,5
Omegazero,zuluhed,1246,warlock,demonology,24,13,11
Naze,aegwynn,1244,warlock,demonology,30,13,17
Бжк,gordunni,1243,warlock,demonology,30,13,17
Drachus,outland,1242,warlock,demonology,18,13,5
Vregor,twisting-nether,1242,warlock,demonology,18,13,5
Tarilinwelli,les-sentinelles,1242,warlock,demonology,24,13,11
Dmondmg,kazzak,1242,warlock,demonology,30,13,17
Нистл,gordunni,1241,warlock,demonology,24,13,11
Yvonita,chamber-of-aspects,1239,warlock,demonology,24,13,11
Eltharis,burning-legion,1238,warlock,demonology,24,13,11
Blazik,kazzak,1237,warlock,demonology,36,20,16
Azaêl,azshara,1237,warlock,demonology,30,13,17
Lokko,nemesis,1237,warlock,demonology,65,26,39
Visenyá,magtheridon,1234,warlock,demonology,24,13,11
Andid,frostwolf,1231,warlock,demonology,38,18,20
Gunca,sylvanas,1231,warlock,demonology,36,17,19
Lockmybllz,baelgun,1230,warlock,demonology,18,13,5
Sargaerot,draenor,1230,warlock,demonology,72,33,39
Dernaxz,argent-dawn,1225,warlock,demonology,26,15,11
Boldielocks,tarren-mill,1224,warlock,demonology,18,13,5
Bíü,tarren-mill,1219,warlock,demonology,30,13,17
Gnometefurax,hyjal,1218,warlock,demonology,55,24,31
Void,pozzo-delleternità,1215,warlock,demonology,82,37,45
Rüwel,mannoroth,1214,warlock,demonology,65,29,36
Netcownt,silvermoon,1208,warlock,demonology,43,20,23
Filø,dalaran,1201,warlock,demonology,114,46,68
Truckpunch,defias-brotherhood,1199,warlock,demonology,105,48,57
Lugdan,blackmoore,1198,warlock,demonology,36,13,23
Vreyax,aegwynn,1195,warlock,demonology,29,13,16
Waltrude,conseil-des-ombres,1187,warlock,demonology,72,25,47
Rngmåchinêx,ravencrest,1183,warlock,demonology,22,13,9
Vorgoth,argent-dawn,1179,warlock,demonology,28,13,15
Sînâ,anubarak,1170,warlock,demonology,24,13,11
Cevérus,chogall,1169,warlock,demonology,60,28,32
Decayez,thrall,1168,warlock,demonology,19,13,6
Thyron,gorgonnash,1165,warlock,demonology,54,25,29
Sipsirica,ragnaros,1159,warlock,demonology,66,30,36
Inani,ragnaros,1157,warlock,demonology,29,13,16
Jomitoisback,nemesis,1152,warlock,demonology,12,12,0
Gorescrèám,stormscale,1152,warlock,demonology,18,12,6
Анрали,deathguard,1152,warlock,demonology,18,12,6
Kikeri,blackhand,1152,warlock,demonology,21,12,9
Havefunxqt,archimonde,1152,warlock,demonology,26,13,13
Isanê,blackrock,1152,warlock,demonology,24,12,12
Gyzmo,outland,1152,warlock,demonology,24,12,12
Averiumx,ravencrest,1152,warlock,demonology,24,12,12
Dotrulez,nemesis,1151,warlock,demonology,18,12,6
Инфес,deathweaver,1151,warlock,demonology,18,12,6
Ethiq,blackrock,1151,warlock,demonology,24,12,12
Nargøf,outland,1151,warlock,demonology,24,12,12
Melydor,ragnaros,1150,warlock,demonology,18,12,6
Morwëk,ysondre,1150,warlock,demonology,36,12,24
Gülldän,chogall,1148,warlock,demonology,18,12,6
Trollgubbe,twilights-hammer,1148,warlock,demonology,18,12,6
Desolador,tyrande,1148,warlock,demonology,30,12,18
Deadmanwlkin,aggra-português,1147,warlock,demonology,18,12,6
Demosteaks,thrall,1147,warlock,demonology,24,12,12
Édøras,archimonde,1146,warlock,demonology,30,12,18
Ashzu,quelthalas,1145,warlock,demonology,24,12,12
Jinxme,tarren-mill,1144,warlock,demonology,18,12,6
Ambralia,blackmoore,1141,warlock,demonology,58,31,27
Avanturnik,burning-legion,1140,warlock,demonology,24,12,12
Alotadot,ravencrest,1140,warlock,demonology,33,13,20
Szetbaszlock,ragnaros,1137,warlock,demonology,18,12,6
Aldhelm,draenor,1130,warlock,demonology,28,13,15
Krushell,sanguino,1123,warlock,demonology,30,17,13
Cazul,archimonde,1118,warlock,demonology,20,13,7
Erwynna,conseil-des-ombres,1118,warlock,demonology,30,12,18
Wanderingowl,argent-dawn,1103,warlock,demonology,18,12,6
Scarly,nordrassil,1103,warlock,demonology,41,21,20
Lagynka,wildhammer,1098,warlock,demonology,18,13,5
Remthorn,frostmane,1093,warlock,demonology,116,62,54
Screamo,sylvanas,1089,warlock,demonology,55,28,27
Cwyn,ravencrest,1088,warlock,demonology,30,13,17
Mayden,uldum,1087,warlock,demonology,22,12,10
Простоседой,gordunni,1082,warlock,demonology,29,12,17
Силаскверна,deathguard,1065,warlock,demonology,60,23,37
Yamajii,krasus,1063,warlock,demonology,53,25,28
Bicuriousdad,tarren-mill,1056,warlock,demonology,12,11,1
Shlipshlap,ravencrest,1056,warlock,demonology,18,11,7
Adellara,draenor,1056,warlock,demonology,18,11,7
Dotosgyörgy,ragnaros,1056,warlock,demonology,18,11,7
Aljohno,twisting-nether,1056,warlock,demonology,24,11,13
Nazw,ravencrest,1056,warlock,demonology,24,11,13
Zila,sylvanas,1056,warlock,demonology,24,11,13
Jkz,blackrock,1056,warlock,demonology,24,11,13
Syñdrome,ragnaros,1055,warlock,demonology,18,11,7
Werzel,frostmane,1055,warlock,demonology,18,11,7
Dirtytyrant,sanguino,1055,warlock,demonology,18,11,7
Lonelock,blackrock,1055,warlock,demonology,24,11,13
Tìdùs,nethersturm,1054,warlock,demonology,12,11,1
Mindzsonghó,ragnaros,1054,warlock,demonology,18,11,7
Острогриф,gordunni,1054,warlock,demonology,18,11,7
Drainsouls,stormscale,1054,warlock,demonology,18,11,7
Dàrksoul,thrall,1054,warlock,demonology,18,11,7
Eviloverlord,silvermoon,1054,warlock,demonology,24,11,13
Katâra,tarren-mill,1054,warlock,demonology,24,11,13
Shînîgamî,draenor,1053,warlock,demonology,18,11,7
Dzodeep,kazzak,1053,warlock,demonology,18,11,7
Fenrixlol,zuljin,1052,warlock,demonology,18,11,7
Евнухоидизм,gordunni,1051,warlock,demonology,20,11,9
Törtidotcom,blackrock,1051,warlock,demonology,24,11,13
Ukicha,burning-blade,1049,warlock,demonology,18,11,7
Дулаан,blackscar,1042,warlock,demonology,18,11,7
Ïvar,ysondre,1032,warlock,demonology,79,31,48
Abnørmus,tarren-mill,1031,warlock,demonology,24,11,13
Thanàthos,pozzo-delleternità,1030,warlock,demonology,36,17,19
Shadowppl,outland,1021,warlock,demonology,26,12,14
Stregone,chogall,1018,warlock,demonology,24,13,11
Maleesh,ravenholdt,1013,warlock,demonology,78,32,46
Hallowee,voljin,1011,warlock,demonology,51,15,36
Sabiocalvo,dun-modr,1009,warlock,demonology,129,61,68
Tripleshache,elune,1009,warlock,demonology,96,45,51
Demonfaris,turalyon,1007,warlock,demonology,21,11,10
Dreamnyâsha,tarren-mill,1002,warlock,demonology,21,13,8
Acuacx,drakthul,1002,warlock,demonology,23,11,12
Discomugg,stormscale,991,warlock,demonology,17,11,6
Ромаколдун,howling-fjord,990,warlock,demonology,22,11,11
Мембер,thermaplugg,990,warlock,demonology,26,11,15
Fuark,teldrassil,987,warlock,demonology,17,11,6
Imadovich,silvermoon,982,warlock,demonology,59,27,32
Cedrea,ravencrest,975,warlock,demonology,47,11,36
Veganlifter,ravencrest,960,warlock,demonology,12,10,2
Chãn,ravencrest,960,warlock,demonology,12,10,2
Ðrrøßøticus,la-croisade-écarlate,960,warlock,demonology,16,11,5
Bankstair,stormscale,960,warlock,demonology,18,10,8
Menescurse,blackhand,960,warlock,demonology,18,10,8
Dwoorf,ravencrest,960,warlock,demonology,18,10,8
Fatzké,kargath,960,warlock,demonology,22,10,12
Fearu,kazzak,960,warlock,demonology,24,10,14
Kumamoto,tarren-mill,960,warlock,demonology,24,10,14
Oozi,tarren-mill,959,warlock,demonology,12,10,2
Nerdlockx,tarren-mill,959,warlock,demonology,12,10,2
Cadavrus,arakarahm,959,warlock,demonology,18,10,8
Pepsimaxlove,silvermoon,959,warlock,demonology,18,10,8
Nainbusdemil,dalaran,959,warlock,demonology,18,10,8
Нэваблэйз,howling-fjord,959,warlock,demonology,18,10,8
Drainurlife,zenedar,959,warlock,demonology,18,10,8
Dortes,blackrock,959,warlock,demonology,18,10,8
Ívânguldán,twisting-nether,959,warlock,demonology,24,10,14
Davyjonessx,twisting-nether,958,warlock,demonology,18,10,8
Teflondione,stormreaver,958,warlock,demonology,18,10,8
Ipetsincl,kazzak,958,warlock,demonology,18,10,8
Petrapain,antonidas,958,warlock,demonology,22,11,11
Boxxybabee,blackhand,956,warlock,demonology,12,10,2
Xalath,grim-batol,956,warlock,demonology,18,10,8
Жмотярище,gordunni,955,warlock,demonology,18,10,8
Dedobozhe,ravencrest,953,warlock,demonology,18,10,8
Немножковуду,soulflayer,945,warlock,demonology,18,10,8
Dìablò,sylvanas,943,warlock,demonology,18,10,8
Кингпинг,soulflayer,942,warlock,demonology,23,10,13
Whj,ravencrest,942,warlock,demonology,23,10,13
Ablas,bladefist,940,warlock,demonology,35,10,25
Fearmydear,alleria,926,warlock,demonology,17,10,7
Ohnoitsnepss,chamber-of-aspects,917,warlock,demonology,30,10,20
Dardec,hyjal,910,warlock,demonology,35,10,25
Zaross,khaz-modan,907,warlock,demonology,59,25,34
Migyardondup,exodar,905,warlock,demonology,105,55,50
Dbolic,ravencrest,904,warlock,demonology,19,11,8
Themengh,stormscale,904,warlock,demonology,69,27,42
Djadizpunish,stormscale,894,warlock,demonology,15,11,4
Snoggä,antonidas,885,warlock,demonology,36,17,19
Ixal,hyjal,870,warlock,demonology,60,28,32
Dadylock,silvermoon,864,warlock,demonology,12,9,3
Nastychatøn,ysondre,864,warlock,demonology,12,9,3
Magicisback,nemesis,864,warlock,demonology,12,9,3
Ooroothothz,frostwolf,864,warlock,demonology,12,9,3
Mércé,stormscale,864,warlock,demonology,12,9,3
Dogdrakex,tarren-mill,864,warlock,demonology,12,9,3
Öbsury,hyjal,864,warlock,demonology,12,9,3
Bualock,sylvanas,864,warlock,demonology,12,9,3
Yazurí,ravencrest,864,warlock,demonology,12,9,3
Deßra,stormscale,864,warlock,demonology,12,9,3
Spookytouch,draenor,864,warlock,demonology,12,9,3
Фирбог,soulflayer,864,warlock,demonology,12,9,3
Boomlok,tarren-mill,864,warlock,demonology,18,9,9
Журанайсбой,blackscar,864,warlock,demonology,18,9,9
Okmybad,outland,864,warlock,demonology,18,9,9
Ôlo,rajaxx,864,warlock,demonology,18,9,9
Rikmeyzter,burning-blade,864,warlock,demonology,18,9,9
Nekrofille,outland,864,warlock,demonology,18,9,9
Nastýføxÿ,ysondre,863,warlock,demonology,12,9,3
Тапкидеда,gordunni,863,warlock,demonology,12,9,3
Yoplen,drakthul,863,warlock,demonology,18,9,9
Fedra,steamwheedle-cartel,863,warlock,demonology,18,9,9
Killua,kazzak,863,warlock,demonology,18,9,9
Malathrom,garona,863,warlock,demonology,18,9,9
Cardinall,drakthul,863,warlock,demonology,18,9,9
Nosoulnoprob,sylvanas,863,warlock,demonology,24,9,15
Hydroxyjk,ragnaros,862,warlock,demonology,12,9,3
Streganni,nemesis,862,warlock,demonology,18,10,8
Drarken,sylvanas,862,warlock,demonology,18,9,9
Topmidbusta,draenor,862,warlock,demonology,18,9,9
Summøn,stormreaver,862,warlock,demonology,32,9,23
Kazzulina,ravenholdt,861,warlock,demonology,24,9,15
Oblutak,draenor,859,warlock,demonology,18,9,9
Сквордин,gordunni,859,warlock,demonology,18,9,9
Haitech,dalaran,858,warlock,demonology,12,9,3
Farasuflet,burning-steppes,857,warlock,demonology,24,11,13
Marklock,drakthul,856,warlock,demonology,12,9,3
Zytomegalie,blackrock,856,warlock,demonology,18,9,9
Nikhusadark,draenor,856,warlock,demonology,19,9,10
Mückea,eredar,856,warlock,demonology,24,9,15
Диффиндо,galakrond,854,warlock,demonology,12,9,3
Hhip,sanguino,842,warlock,demonology,27,10,17
Hexovíc,blackmoore,829,warlock,demonology,17,9,8
Jendzababa,burning-legion,827,warlock,demonology,17,9,8
Дакиса,gordunni,815,warlock,demonology,17,9,8
Гупперлок,howling-fjord,810,warlock,demonology,27,12,15
Бирел,soulflayer,799,warlock,demonology,16,9,7
Йотунхейм,ashenvale,792,warlock,demonology,20,9,11
Аттропа,gordunni,791,warlock,demonology,137,61,76
Rozn,ravencrest,768,warlock,demonology,12,8,4
Freyzul,twisting-nether,768,warlock,demonology,12,8,4
Milfhaunter,aegwynn,768,warlock,demonology,12,8,4
Аскамардва,gordunni,768,warlock,demonology,12,8,4
Hyöká,kazzak,768,warlock,demonology,12,8,4
Devildodo,elune,768,warlock,demonology,12,8,4
Bónz,outland,768,warlock,demonology,12,8,4
Homerbamboom,hyjal,768,warlock,demonology,12,8,4
Maevoni,blackmoore,768,warlock,demonology,12,8,4
Meshekinoqua,tarren-mill,768,warlock,demonology,12,8,4
Killning,medivh,768,warlock,demonology,12,8,4
Mamasitica,ravencrest,768,warlock,demonology,12,8,4
Hyòkà,kazzak,768,warlock,demonology,12,8,4
Горгзок,howling-fjord,768,warlock,demonology,12,8,4
Gilfhaunter,malganis,768,warlock,demonology,12,8,4
Kronesx,tarren-mill,768,warlock,demonology,12,8,4
Cappaoow,ravencrest,768,warlock,demonology,12,8,4
Staenkymayne,blackhand,768,warlock,demonology,12,8,4
Absoul,defias-brotherhood,768,warlock,demonology,12,8,4
Slobb,blackrock,768,warlock,demonology,12,8,4
Dryaxc,frostwolf,768,warlock,demonology,18,8,10
Уанбаттон,gordunni,768,warlock,demonology,18,8,10
Spelldweller,silvermoon,768,warlock,demonology,18,8,10
Idkdot,ravencrest,768,warlock,demonology,18,8,10
Jarodshadow,stormscale,768,warlock,demonology,18,8,10
Noytan,nemesis,768,warlock,demonology,18,8,10
Narsok,blackrock,768,warlock,demonology,18,8,10
Manithedøg,stormscale,768,warlock,demonology,18,8,10
Melfos,blackmoore,768,warlock,demonology,18,8,10
Djezzick,stormscale,768,warlock,demonology,18,8,10
Dabzw,twisting-nether,768,warlock,demonology,24,8,16
Tojezlo,drakthul,767,warlock,demonology,12,8,4
Véstheim,saurfang,767,warlock,demonology,12,8,4
Eizon,tarren-mill,767,warlock,demonology,12,8,4
Likeqtz,thrall,767,warlock,demonology,12,8,4
Sovrìn,blackrock,767,warlock,demonology,12,8,4
Mandafni,blackmoore,767,warlock,demonology,12,8,4
Ðelðish,draenor,767,warlock,demonology,12,8,4
Wildo,grim-batol,767,warlock,demonology,12,8,4
Heltjettad,ravencrest,767,warlock,demonology,18,8,10
Mombo,the-maelstrom,767,warlock,demonology,18,8,10
Khâmélÿa,culte-de-la-rive-noire,767,warlock,demonology,18,8,10
Neg,sylvanas,767,warlock,demonology,18,8,10
Violetmyst,outland,767,warlock,demonology,18,8,10
Affrighten,karazhan,767,warlock,demonology,18,8,10
Klaab,hyjal,767,warlock,demonology,24,8,16
Otemlock,sanguino,766,warlock,demonology,12,8,4
Lethellin,antonidas,766,warlock,demonology,12,8,4
Guccie,ravencrest,766,warlock,demonology,17,10,7
Zeddy,draenor,766,warlock,demonology,18,8,10
Britneyféars,emeriss,766,warlock,demonology,18,8,10
Merzavka,kazzak,765,warlock,demonology,12,8,4
Njutbar,ragnaros,765,warlock,demonology,18,8,10
Bachmut,ravencrest,765,warlock,demonology,18,8,10
Xydama,blackrock,764,warlock,demonology,18,8,10
Gúldn,outland,763,warlock,demonology,30,8,22
Vazelin,stormscale,762,warlock,demonology,18,8,10
Ясяшотлав,soulflayer,761,warlock,demonology,22,11,11
Thudhor,burning-legion,745,warlock,demonology,16,8,8
Dotwhat,ravencrest,719,warlock,demonology,17,8,9
Lewd,dragonblight,714,warlock,demonology,17,8,9
Lifetap,tarren-mill,703,warlock,demonology,14,8,6
Êdelmann,blackrock,703,warlock,demonology,17,8,9
Myxâ,tarren-mill,699,warlock,demonology,11,8,3
Ponçeur,ysondre,687,warlock,demonology,19,9,10
Альтдаен,borean-tundra,687,warlock,demonology,19,8,11
Antuan,sanguino,672,warlock,demonology,12,7,5
Hakai,los-errantes,672,warlock,demonology,12,7,5
Officialysx,dun-modr,672,warlock,demonology,12,7,5
Lickyicky,twisting-nether,672,warlock,demonology,12,7,5
Khaleth,dun-modr,672,warlock,demonology,12,7,5
Flamidien,archimonde,672,warlock,demonology,12,7,5
Immolleria,frostmane,672,warlock,demonology,12,7,5
Тагочи,gordunni,672,warlock,demonology,12,7,5
Fearfearfear,archimonde,672,warlock,demonology,12,7,5
Wryy,nemesis,672,warlock,demonology,12,7,5
Mürsk,draenor,672,warlock,demonology,12,7,5
Kalemma,kazzak,672,warlock,demonology,12,7,5
Clapx,magtheridon,672,warlock,demonology,12,7,5
Külebra,uldum,672,warlock,demonology,12,7,5
Noîbe,chogall,672,warlock,demonology,12,7,5
Дядяджонн,gordunni,672,warlock,demonology,12,7,5
Plague,twisting-nether,672,warlock,demonology,12,7,5
Framelock,draenor,672,warlock,demonology,12,7,5
Likilaka,draenor,672,warlock,demonology,12,7,5
Ballerlock,ravencrest,672,warlock,demonology,12,7,5
Plâytïmè,stormscale,672,warlock,demonology,12,7,5
Cptdotalot,tarren-mill,672,warlock,demonology,12,7,5
Bono,frostwhisper,672,warlock,demonology,12,7,5
Sippe,laughing-skull,672,warlock,demonology,12,7,5
Zagreos,tarren-mill,672,warlock,demonology,12,7,5
Кале,goldrinn,672,warlock,demonology,12,7,5
Boomloc,tarren-mill,672,warlock,demonology,12,7,5
Horststenzl,blackrock,672,warlock,demonology,12,7,5
Thereya,dun-morogh,672,warlock,demonology,12,7,5
Kerídiin,twisting-nether,672,warlock,demonology,12,7,5
Kosfáce,tarren-mill,672,warlock,demonology,12,7,5
Blekspel,outland,672,warlock,demonology,12,7,5
Marador,drakthul,672,warlock,demonology,12,7,5
Líí,burning-blade,672,warlock,demonology,12,7,5
Styxwl,blackhand,672,warlock,demonology,12,7,5
Lucifer,burning-legion,672,warlock,demonology,12,7,5
Tropìcal,grim-batol,672,warlock,demonology,12,7,5
Baldazar,dun-modr,672,warlock,demonology,18,7,11
Xfz,stormscale,672,warlock,demonology,18,7,11
Artys,tarren-mill,672,warlock,demonology,18,7,11
Ilovebronko,blackrock,672,warlock,demonology,18,7,11
Focalorx,tarren-mill,672,warlock,demonology,18,7,11
Amerihell,pozzo-delleternità,672,warlock,demonology,18,7,11
Lacus,voljin,672,warlock,demonology,24,7,17
Grimskog,silvermoon,671,warlock,demonology,12,7,5
Clungesuck,argent-dawn,671,warlock,demonology,12,7,5
Сч,ashenvale,671,warlock,demonology,12,7,5
Адилея,howling-fjord,671,warlock,demonology,12,7,5
Indifférence,archimonde,671,warlock,demonology,18,7,11
Pestilus,thrall,671,warlock,demonology,18,7,11
Cannolix,blackhand,671,warlock,demonology,24,7,17
Манапчик,soulflayer,671,warlock,demonology,24,7,17
Muninnus,archimonde,670,warlock,demonology,21,8,13
Williamford,dun-modr,669,warlock,demonology,18,7,11
Etherbit,burning-legion,669,warlock,demonology,24,7,17
Darlanis,draenor,668,warlock,demonology,12,7,5
Wedgywarlock,stormscale,668,warlock,demonology,18,7,11
Унаросс,deathguard,655,warlock,demonology,23,7,16
Sourpatchkid,the-maelstrom,639,warlock,demonology,17,7,10
Kavalierr,stormscale,624,warlock,demonology,21,8,13
Kïng,elune,622,warlock,demonology,15,8,7
Warlockxx,ravencrest,607,warlock,demonology,11,7,4
Lockimon,silvermoon,576,warlock,demonology,6,6,0
Fearbót,kazzak,576,warlock,demonology,6,6,0
Sanshukar,ravencrest,576,warlock,demonology,6,6,0
Onewarlock,kazzak,576,warlock,demonology,6,6,0
Evlwizardman,kazzak,576,warlock,demonology,6,6,0
Missdreavius,argent-dawn,576,warlock,demonology,6,6,0
Labreego,aggra-português,576,warlock,demonology,6,6,0
Dotáhoe,twisting-nether,576,warlock,demonology,10,7,3
Oloki,kazzak,576,warlock,demonology,12,6,6
Médeâ,ravencrest,576,warlock,demonology,12,6,6
Fezk,outland,576,warlock,demonology,12,6,6
Lockydotty,silvermoon,576,warlock,demonology,12,6,6
Zetec,tarren-mill,576,warlock,demonology,12,6,6
Lifedriller,drakthul,576,warlock,demonology,12,6,6
Ðêmøñîc,ravencrest,576,warlock,demonology,12,6,6
Rîas,hyjal,576,warlock,demonology,12,6,6
Øbéydêmøn,silvermoon,576,warlock,demonology,12,6,6
Evillinna,frostmane,576,warlock,demonology,12,6,6
Devour,magtheridon,576,warlock,demonology,12,6,6
Liittlefreak,silvermoon,576,warlock,demonology,12,6,6
Deflagrate,kazzak,576,warlock,demonology,12,6,6
Lockróck,silvermoon,576,warlock,demonology,12,6,6
Darcol,archimonde,576,warlock,demonology,12,6,6
Nephystø,archimonde,576,warlock,demonology,12,6,6
Hyóká,kazzak,576,warlock,demonology,12,6,6
Zilgen,argent-dawn,576,warlock,demonology,12,6,6
Dïna,silvermoon,576,warlock,demonology,12,6,6
Makghal,boulderfist,576,warlock,demonology,12,6,6
Kartanos,stormscale,576,warlock,demonology,12,6,6
Vîmø,antonidas,576,warlock,demonology,12,6,6
Wacamolymojo,tarren-mill,576,warlock,demonology,12,6,6
Zerx,malganis,576,warlock,demonology,12,6,6
Rivmuu,argent-dawn,576,warlock,demonology,12,6,6
Oniarc,ravencrest,576,warlock,demonology,12,6,6
Gruldran,khaz-modan,576,warlock,demonology,12,6,6
Ftpete,argent-dawn,576,warlock,demonology,18,6,12
Фэлдред,soulflayer,576,warlock,demonology,18,6,12
Diablist,kazzak,576,warlock,demonology,18,6,12
Dotface,aegwynn,576,warlock,demonology,18,6,12
Kamí,sanguino,576,warlock,demonology,18,6,12
Yeatso,blackmoore,576,warlock,demonology,18,6,12
Æßçåløønå,ravencrest,576,warlock,demonology,18,6,12
Эссминет,soulflayer,576,warlock,demonology,18,6,12
Haillun,twisting-nether,576,warlock,demonology,18,6,12
Скиифул,howling-fjord,576,warlock,demonology,24,6,18
Deadleth,blackrock,575,warlock,demonology,10,7,3
Feyras,turalyon,575,warlock,demonology,12,6,6
Zerozwolf,tarren-mill,575,warlock,demonology,17,6,11
Xerxia,blackrock,575,warlock,demonology,18,6,12
Heximexi,malganis,575,warlock,demonology,18,6,12
Kropi,blackhand,575,warlock,demonology,18,6,12
Ragedrop,malygos,574,warlock,demonology,12,6,6
Methmuncher,twisting-nether,574,warlock,demonology,24,6,18
Petrosk,sanguino,569,warlock,demonology,12,6,6
Absurdd,turalyon,568,warlock,demonology,14,9,5
Polanka,drakthul,565,warlock,demonology,12,6,6
Кхадгард,howling-fjord,544,warlock,demonology,16,6,10
Gutras,ragnaros,527,warlock,demonology,11,6,5
Tvmpzwl,ravencrest,527,warlock,demonology,17,6,11
Shazem,tarren-mill,522,warlock,demonology,12,7,5
Sialri,burning-legion,522,warlock,demonology,14,7,7
Никошо,gordunni,511,warlock,demonology,14,6,8
Chromex,dentarg,480,warlock,demonology,6,5,1
Nëismz,hyjal,480,warlock,demonology,6,5,1
Hellsplat,tarren-mill,480,warlock,demonology,6,5,1
Mudwalkin,ravencrest,480,warlock,demonology,6,5,1
Racursed,outland,480,warlock,demonology,6,5,1
Swagzz,silvermoon,480,warlock,demonology,6,5,1
Buccellati,emerald-dream,480,warlock,demonology,6,5,1
Miauwu,stormscale,480,warlock,demonology,6,5,1
Фирвебало,soulflayer,480,warlock,demonology,6,5,1
Joinx,tarren-mill,480,warlock,demonology,6,5,1
Hiloqtlock,blackmoore,480,warlock,demonology,6,5,1
Morvilleur,archimonde,480,warlock,demonology,6,5,1
Fhla,kazzak,480,warlock,demonology,6,5,1
Disrupted,blackmoore,480,warlock,demonology,6,5,1
Олимта,blackscar,480,warlock,demonology,6,5,1
Vitalyk,sanguino,480,warlock,demonology,6,5,1
Wewondak,drakthul,480,warlock,demonology,6,5,1
Köftemec,blackrock,480,warlock,demonology,6,5,1
Лираума,howling-fjord,480,warlock,demonology,9,6,3
Philat,antonidas,480,warlock,demonology,12,5,7
Destroc,blackrock,480,warlock,demonology,12,5,7
Nastychâtøn,ysondre,480,warlock,demonology,12,5,7
Furchtnervt,thrall,480,warlock,demonology,12,5,7
Nicetime,nefarian,480,warlock,demonology,12,5,7
Zoodaddy,grim-batol,480,warlock,demonology,12,5,7
Morshax,ysondre,480,warlock,demonology,12,5,7
Telyfol,ragnaros,480,warlock,demonology,12,5,7
Irnx,tarren-mill,480,warlock,demonology,12,5,7
Cadrega,nemesis,480,warlock,demonology,12,5,7
Msßeckinsale,tarren-mill,480,warlock,demonology,12,5,7
Дотдозор,howling-fjord,480,warlock,demonology,12,5,7
Landii,ragnaros,480,warlock,demonology,12,5,7
Viyn,blackrock,480,warlock,demonology,12,5,7
Purepkbob,quelthalas,480,warlock,demonology,12,5,7
Tôpsecret,aegwynn,480,warlock,demonology,12,5,7
Векстах,gordunni,480,warlock,demonology,12,5,7
Decimus,darkspear,480,warlock,demonology,12,5,7
Qzkimp,hyjal,480,warlock,demonology,12,5,7
Димаанстейбл,gordunni,480,warlock,demonology,12,5,7
Gulderrf,kirin-tor,480,warlock,demonology,12,5,7
Nécromancér,doomhammer,480,warlock,demonology,12,5,7
Durátor,ravencrest,480,warlock,demonology,12,5,7
Bluenote,colinas-pardas,480,warlock,demonology,12,5,7
Agaton,twisting-nether,480,warlock,demonology,12,5,7
Tepelkwastje,twisting-nether,480,warlock,demonology,12,5,7
Anquietas,uldaman,480,warlock,demonology,12,5,7
Anturia,garona,480,warlock,demonology,12,5,7
Hogheru,kazzak,480,warlock,demonology,12,5,7
Rushkush,ravencrest,480,warlock,demonology,13,5,8
Chram,uldum,480,warlock,demonology,13,5,8
Heexmex,blackmoore,480,warlock,demonology,18,5,13
Zartax,kazzak,480,warlock,demonology,18,5,13
Déemón,draenor,480,warlock,demonology,18,5,13
Brodoh,dun-modr,480,warlock,demonology,18,5,13
Délidumrul,stormscale,480,warlock,demonology,18,5,13
Vanmorgoth,nazjatar,480,warlock,demonology,18,5,13
Ascètic,kazzak,480,warlock,demonology,18,5,13
Erèss,hyjal,480,warlock,demonology,18,5,13
Kedrat,die-aldor,479,warlock,demonology,6,5,1
Ezekîél,blackhand,479,warlock,demonology,6,5,1
Limfus,terokkar,479,warlock,demonology,6,5,1
Aluy,blackmoore,479,warlock,demonology,12,5,7
Bionic,eredar,447,warlock,demonology,11,5,6
Broxsz,blackrock,415,warlock,demonology,8,5,3
Sanas,blackhand,415,warlock,demonology,8,5,3
Phoenixwrath,malfurion,384,warlock,demonology,6,4,2
Mayev,garrosh,384,warlock,demonology,6,4,2
Zereff,kragjin,384,warlock,demonology,6,4,2
Cleyandra,arathor,384,warlock,demonology,6,4,2
Незерлок,soulflayer,384,warlock,demonology,6,4,2
Keibo,drakthul,384,warlock,demonology,6,4,2
Zàkx,silvermoon,384,warlock,demonology,6,4,2
Cosec,silvermoon,384,warlock,demonology,6,4,2
Selene,der-rat-von-dalaran,384,warlock,demonology,6,4,2
Komet,der-rat-von-dalaran,384,warlock,demonology,6,4,2
Глдан,deathguard,384,warlock,demonology,6,4,2
Vidorious,kilrogg,384,warlock,demonology,6,4,2
Rhaelgar,kazzak,384,warlock,demonology,6,4,2
Ronazul,blackhand,384,warlock,demonology,6,4,2
Lvko,burning-legion,384,warlock,demonology,6,4,2
Flxzshort,kazzak,384,warlock,demonology,6,4,2
Skizofrenia,zuljin,384,warlock,demonology,6,4,2
Troch,nemesis,384,warlock,demonology,6,4,2
Zakuri,blackmoore,384,warlock,demonology,6,4,2
Leadix,antonidas,384,warlock,demonology,6,4,2
Ahollic,antonidas,384,warlock,demonology,6,4,2
Ingwert,frostwolf,384,warlock,demonology,6,4,2
Maleficious,silvermoon,384,warlock,demonology,6,4,2
Артекриолок,gordunni,384,warlock,demonology,6,4,2
Колмидедди,gordunni,384,warlock,demonology,6,4,2
Àmæla,thrall,384,warlock,demonology,6,4,2
Bualock,stormscale,384,warlock,demonology,6,4,2
Roglash,eredar,384,warlock,demonology,6,4,2
Aniq,eredar,384,warlock,demonology,6,4,2
Imissbolt,outland,384,warlock,demonology,6,4,2
Cardyw,ravencrest,384,warlock,demonology,6,4,2
Bitshlog,draenor,384,warlock,demonology,6,4,2
Fredé,kazzak,384,warlock,demonology,6,4,2
Zarkasar,stormscale,384,warlock,demonology,6,4,2
Chaoxz,outland,384,warlock,demonology,6,4,2
Èy,stormscale,384,warlock,demonology,6,4,2
Çüñ,shattered-hand,384,warlock,demonology,6,4,2
Llilithh,draenor,384,warlock,demonology,6,4,2
Vatikanet,stormscale,384,warlock,demonology,6,4,2
Slerpmami,ragnaros,384,warlock,demonology,6,4,2
Sep,aegwynn,384,warlock,demonology,6,4,2
Xuloth,ravencrest,384,warlock,demonology,6,4,2
Rredington,blackmoore,384,warlock,demonology,6,4,2
Gulleigh,draenor,384,warlock,demonology,6,4,2
Farudai,die-aldor,384,warlock,demonology,6,4,2
Itrix,aegwynn,384,warlock,demonology,6,4,2
Dèsaad,stormscale,384,warlock,demonology,6,4,2
Sêro,aegwynn,384,warlock,demonology,6,4,2
Nekhar,twisting-nether,384,warlock,demonology,6,4,2
Felhaen,silvermoon,384,warlock,demonology,6,4,2
Âlîce,blackmoore,384,warlock,demonology,6,4,2
Karygan,blackmoore,384,warlock,demonology,6,4,2
Adoxilock,twisting-nether,384,warlock,demonology,6,4,2
Náwwk,blackmoore,384,warlock,demonology,6,4,2
Lémonz,stormscale,384,warlock,demonology,6,4,2
Meningitis,tyrande,384,warlock,demonology,6,4,2
Fearco,ravencrest,384,warlock,demonology,6,4,2
Súícìdèbøy,colinas-pardas,384,warlock,demonology,6,4,2
Yosiya,draenor,384,warlock,demonology,6,4,2
Oz,uldum,384,warlock,demonology,6,4,2
Куськысь,gordunni,384,warlock,demonology,9,5,4
Kemuruss,kazzak,384,warlock,demonology,10,5,5
Legiozock,draenor,384,warlock,demonology,12,4,8
Vextos,draenor,384,warlock,demonology,12,4,8
Tolgaa,draenor,384,warlock,demonology,12,4,8
Xvron,tarren-mill,384,warlock,demonology,12,4,8
Krútéús,perenolde,384,warlock,demonology,12,4,8
Babayagâ,sanguino,384,warlock,demonology,12,4,8
Hasselbalch,azshara,384,warlock,demonology,12,4,8
Graveshaker,quelthalas,384,warlock,demonology,12,4,8
Gorgôk,culte-de-la-rive-noire,384,warlock,demonology,12,4,8
Fallendex,eredar,384,warlock,demonology,12,4,8
Tuz,blackrock,384,warlock,demonology,12,4,8
Nulo,aggra-português,384,warlock,demonology,12,4,8
Hsp,dun-modr,384,warlock,demonology,12,4,8
Kfo,ragnaros,384,warlock,demonology,12,4,8
Prestoc,wrathbringer,384,warlock,demonology,12,4,8
Lagyna,wildhammer,384,warlock,demonology,12,4,8
Alucena,silvermoon,384,warlock,demonology,18,4,14
Millhaus,gorgonnash,384,warlock,demonology,18,4,14
Déadwish,ravencrest,384,warlock,demonology,18,4,14
Мааверш,soulflayer,383,warlock,demonology,12,4,8
Чёрныйкнижал,eversong,383,warlock,demonology,12,4,8
Monroé,hellfire,367,warlock,demonology,11,4,7
Nili,dethecus,351,warlock,demonology,11,4,7
Hadrianor,sanguino,336,warlock,demonology,9,4,5
Amrafel,draenor,335,warlock,demonology,15,5,10
Fantomass,twisting-nether,330,warlock,demonology,12,6,6
Cencible,twisting-nether,330,warlock,demonology,15,5,10
Divvaa,tarren-mill,330,warlock,demonology,21,5,16
Floriae,silvermoon,329,warlock,demonology,13,5,8
Atlaon,kazzak,319,warlock,demonology,5,4,1
Shadaw,kilrogg,319,warlock,demonology,5,4,1
Wombsa,blackmoore,288,warlock,demonology,6,3,3
Bigsuckergg,norgannon,288,warlock,demonology,6,3,3
Gyroib,stormscale,288,warlock,demonology,6,3,3
Bryanz,sanguino,288,warlock,demonology,6,3,3
Dispelpls,dun-morogh,288,warlock,demonology,6,3,3
Wendetta,stormreaver,288,warlock,demonology,6,3,3
Myrkûl,kazzak,288,warlock,demonology,6,3,3
Ronniee,moonglade,288,warlock,demonology,6,3,3
Yerslock,twisting-nether,288,warlock,demonology,6,3,3
Abinsur,drakthul,288,warlock,demonology,6,3,3
Sánas,blackhand,288,warlock,demonology,6,3,3
Mattihoh,rexxar,288,warlock,demonology,6,3,3
Feardinkum,twisting-nether,288,warlock,demonology,6,3,3
Curzed,emerald-dream,288,warlock,demonology,6,3,3
Pidka,drakthul,288,warlock,demonology,6,3,3
Sidragasoss,drakthul,288,warlock,demonology,6,3,3
Zìì,silvermoon,288,warlock,demonology,6,3,3
Prayz,twisting-nether,288,warlock,demonology,6,3,3
Askanios,twisting-nether,288,warlock,demonology,6,3,3
Mingingclass,stormscale,288,warlock,demonology,6,3,3
Syrax,darkmoon-faire,288,warlock,demonology,6,3,3
Vladov,ravencrest,288,warlock,demonology,6,3,3
Karädoc,chogall,288,warlock,demonology,6,3,3
Miselinek,drakthul,288,warlock,demonology,6,3,3
Nineinchlock,silvermoon,288,warlock,demonology,6,3,3
Bëllatrïx,zuljin,288,warlock,demonology,6,3,3
Аркейнмизери,howling-fjord,288,warlock,demonology,6,3,3
Väladar,sanguino,288,warlock,demonology,6,3,3
Ноанс,howling-fjord,288,warlock,demonology,6,3,3
Lêxia,shattrath,288,warlock,demonology,6,3,3
Warlololock,magtheridon,288,warlock,demonology,6,3,3
Ðênnis,tarren-mill,288,warlock,demonology,6,3,3
Hazzikosby,ravencrest,288,warlock,demonology,6,3,3
Сантизи,gordunni,288,warlock,demonology,6,3,3
Cropper,turalyon,288,warlock,demonology,6,3,3
Plocke,aegwynn,288,warlock,demonology,6,3,3
Комочеро,soulflayer,288,warlock,demonology,6,3,3
Waîdo,blackhand,288,warlock,demonology,6,3,3
Zloezlo,ravencrest,288,warlock,demonology,6,3,3
Miazmii,ragnaros,288,warlock,demonology,6,3,3
Moelock,frostmane,288,warlock,demonology,6,3,3
Cainn,kilrogg,288,warlock,demonology,6,3,3
Halfwai,ravencrest,288,warlock,demonology,6,3,3
Infernion,stormscale,288,warlock,demonology,6,3,3
Shádóws,nagrand,288,warlock,demonology,6,3,3
Xenq,ravencrest,288,warlock,demonology,6,3,3
Holeraa,stormscale,288,warlock,demonology,6,3,3
Osyx,ravencrest,288,warlock,demonology,6,3,3
Angrynoob,silvermoon,288,warlock,demonology,6,3,3
Hifiz,grim-batol,288,warlock,demonology,6,3,3
Lebaa,burning-steppes,288,warlock,demonology,6,3,3
Theronas,tarren-mill,288,warlock,demonology,6,3,3
Talindra,stormscale,288,warlock,demonology,6,3,3
Гвадривер,howling-fjord,288,warlock,demonology,6,3,3
Holypepe,tarren-mill,288,warlock,demonology,6,3,3
Teemzen,tarren-mill,288,warlock,demonology,6,3,3
Kigro,burning-legion,288,warlock,demonology,6,3,3
Buserella,eredar,288,warlock,demonology,6,3,3
Mekanix,kazzak,288,warlock,demonology,6,3,3
Рашчер,gordunni,288,warlock,demonology,6,3,3
Greyz,bloodfeather,288,warlock,demonology,6,3,3
Afflimoomoo,tarren-mill,288,warlock,demonology,6,3,3
Zlomozg,laughing-skull,288,warlock,demonology,6,3,3
Локистраик,borean-tundra,288,warlock,demonology,6,3,3
Slytofhandio,silvermoon,288,warlock,demonology,6,3,3
Sorxez,thrall,288,warlock,demonology,6,3,3
Дотботх,howling-fjord,288,warlock,demonology,6,3,3
Necksi,archimonde,288,warlock,demonology,6,3,3
Eredun,stormscale,288,warlock,demonology,6,3,3
Moardôtz,tarren-mill,288,warlock,demonology,6,3,3
Danishpistol,draenor,288,warlock,demonology,6,3,3
Грязнобулькс,soulflayer,288,warlock,demonology,6,3,3
Лысыйлокоть,soulflayer,288,warlock,demonology,6,3,3
Elmîr,blackmoore,288,warlock,demonology,6,3,3
Filianore,azjolnerub,288,warlock,demonology,6,3,3
Sleethy,destromath,288,warlock,demonology,6,3,3
Áiram,the-maelstrom,288,warlock,demonology,6,3,3
Matheus,zenedar,288,warlock,demonology,6,3,3
Gjallarbrù,archimonde,288,warlock,demonology,6,3,3
Sofias,tarren-mill,288,warlock,demonology,6,3,3
Shjzzkl,blackmoore,288,warlock,demonology,6,3,3
Kàdszèle,ragnaros,288,warlock,demonology,6,3,3
Alcringe,kazzak,288,warlock,demonology,6,3,3
Opiumers,kazzak,288,warlock,demonology,6,3,3
Hotdogvendor,kazzak,288,warlock,demonology,6,3,3
Angryluna,kazzak,288,warlock,demonology,6,3,3
Darkpush,outland,288,warlock,demonology,6,3,3
Zeromaker,kazzak,288,warlock,demonology,6,3,3
Silås,hyjal,288,warlock,demonology,6,3,3
Tathyanna,archimonde,288,warlock,demonology,6,3,3
Nopower,dun-morogh,288,warlock,demonology,9,3,6
Cassen,outland,288,warlock,demonology,12,3,9
Stromzii,silvermoon,288,warlock,demonology,12,3,9
Kyyuss,burning-legion,288,warlock,demonology,12,3,9
Slowfatlock,ravencrest,288,warlock,demonology,12,3,9
Fyxs,talnivarr,288,warlock,demonology,12,3,9
Cetreros,minahonda,288,warlock,demonology,12,3,9
Surgelock,draenor,288,warlock,demonology,12,3,9
Clef,blackmoore,288,warlock,demonology,12,3,9
Ønyzukral,hyjal,288,warlock,demonology,12,3,9
Chaosbolts,balnazzar,288,warlock,demonology,12,3,9
Laveau,outland,288,warlock,demonology,12,3,9
Morrgo,die-arguswacht,288,warlock,demonology,12,3,9
Панкмэйстер,gordunni,288,warlock,demonology,18,3,15
Hartee,argent-dawn,288,warlock,demonology,18,3,15
Lìlitu,malfurion,287,warlock,demonology,6,3,3
Dust,argent-dawn,287,warlock,demonology,12,3,9
Wieczek,doomhammer,287,warlock,demonology,12,3,9
Hasla,stormreaver,256,warlock,demonology,10,3,7
Felrazer,silvermoon,255,warlock,demonology,11,3,8
Ghalorg,hyjal,239,warlock,demonology,5,3,2
Sallêy,blackhand,239,warlock,demonology,5,3,2
Calypso,korgall,239,warlock,demonology,5,3,2
Ánderx,dun-modr,239,warlock,demonology,5,3,2
Vornex,sporeggar,234,warlock,demonology,9,4,5
Hokoreuw,echsenkessel,234,warlock,demonology,9,4,5
Watii,stormscale,234,warlock,demonology,10,4,6
Suucc,draenor,202,warlock,demonology,12,4,8
Bësly,khaz-modan,192,warlock,demonology,9,3,6
Epoku,stormscale,192,warlock,demonology,6,2,4
Бесстолоч,ashenvale,192,warlock,demonology,6,2,4
Бешентумай,goldrinn,192,warlock,demonology,6,2,4
Sweëk,blackhand,192,warlock,demonology,6,2,4
Алануэйк,deathguard,192,warlock,demonology,6,2,4
Mirezl,taerar,192,warlock,demonology,6,2,4
Meisterhexe,taerar,192,warlock,demonology,6,2,4
Pablø,silvermoon,192,warlock,demonology,6,2,4
Кощун,goldrinn,192,warlock,demonology,6,2,4
Lurwina,aegwynn,192,warlock,demonology,6,2,4
Pufulet,sylvanas,192,warlock,demonology,6,2,4
Bananajouu,blackhand,192,warlock,demonology,6,2,4
Nerfwarriors,stormscale,192,warlock,demonology,6,2,4
Salvatoríy,outland,192,warlock,demonology,6,2,4
Denominos,ravencrest,192,warlock,demonology,6,2,4
Lobbo,ravencrest,192,warlock,demonology,6,2,4
Plsbuffme,ravencrest,192,warlock,demonology,6,2,4
Junakot,silvermoon,192,warlock,demonology,6,2,4
Вижут,gordunni,192,warlock,demonology,6,2,4
Вериберри,gordunni,192,warlock,demonology,6,2,4
Assaabloy,stormscale,192,warlock,demonology,6,2,4
Bowti,ravencrest,192,warlock,demonology,6,2,4
Xedras,aegwynn,192,warlock,demonology,6,2,4
Малдрацит,gordunni,192,warlock,demonology,6,2,4
Kaobolt,archimonde,192,warlock,demonology,6,2,4
Bigtwat,stormscale,192,warlock,demonology,6,2,4
Dotcha,ravencrest,192,warlock,demonology,6,2,4
Gammalgubbe,stormscale,192,warlock,demonology,6,2,4
Kukkojapallo,ravencrest,192,warlock,demonology,6,2,4
Shirruun,the-maelstrom,192,warlock,demonology,6,2,4
Cali,ahnqiraj,192,warlock,demonology,6,2,4
Democraft,the-maelstrom,192,warlock,demonology,6,2,4
Zyréx,eredar,192,warlock,demonology,6,2,4
Vàng,ysondre,192,warlock,demonology,6,2,4
Скверногрик,fordragon,192,warlock,demonology,6,2,4
Bytethisx,aggra-português,192,warlock,demonology,6,2,4
Retrosatanas,archimonde,192,warlock,demonology,6,2,4
Surfingbirdz,ragnaros,192,warlock,demonology,6,2,4
Lokelicious,ragnaros,192,warlock,demonology,6,2,4
Händerå,ragnaros,192,warlock,demonology,6,2,4
Laoganma,outland,192,warlock,demonology,6,2,4
Cräwley,ragnaros,192,warlock,demonology,6,2,4
Ribbed,frostmane,192,warlock,demonology,6,2,4
Fatkkroth,ravencrest,192,warlock,demonology,6,2,4
Zxò,twisting-nether,192,warlock,demonology,6,2,4
Fortheend,twisting-nether,192,warlock,demonology,6,2,4
Clottbott,twisting-nether,192,warlock,demonology,6,2,4
Kudde,twisting-nether,192,warlock,demonology,6,2,4
Лоредо,howling-fjord,192,warlock,demonology,6,2,4
Minidiction,ravencrest,192,warlock,demonology,6,2,4
Sâli,draenor,192,warlock,demonology,6,2,4
Fearmighty,kazzak,192,warlock,demonology,6,2,4
Lockpup,draenor,192,warlock,demonology,6,2,4
Хэлласс,blackscar,192,warlock,demonology,6,2,4
Omegachad,draenor,192,warlock,demonology,6,2,4
Sneptics,draenor,192,warlock,demonology,6,2,4
Belzébut,confrérie-du-thorium,192,warlock,demonology,6,2,4
Liwerno,dunemaul,192,warlock,demonology,6,2,4
Bu,zirkel-des-cenarius,192,warlock,demonology,6,2,4
Limec,dun-morogh,192,warlock,demonology,6,2,4
Lynnqt,sylvanas,192,warlock,demonology,6,2,4
Dondada,aggra-português,192,warlock,demonology,6,2,4
Ohanze,antonidas,192,warlock,demonology,6,2,4
Gibbio,emerald-dream,192,warlock,demonology,6,2,4
Jiy,senjin,192,warlock,demonology,6,2,4
Tàkaz,drekthar,192,warlock,demonology,6,2,4
Darkdax,dethecus,192,warlock,demonology,6,2,4
Morgainé,arygos,192,warlock,demonology,6,2,4
Iblis,grim-batol,192,warlock,demonology,6,2,4
Trimar,archimonde,192,warlock,demonology,6,2,4
Шеизла,borean-tundra,192,warlock,demonology,6,2,4
Prestige,nemesis,192,warlock,demonology,6,2,4
Andrealphus,outland,192,warlock,demonology,6,2,4
Hodille,argent-dawn,192,warlock,demonology,6,2,4
Fearlessgødx,ravencrest,192,warlock,demonology,6,2,4
Ekispekis,tarren-mill,192,warlock,demonology,6,2,4
Azurma,tarren-mill,192,warlock,demonology,6,2,4
Vitrolizz,twilights-hammer,192,warlock,demonology,6,2,4
Azgaroth,kazzak,192,warlock,demonology,6,2,4
Ebyssian,azshara,192,warlock,demonology,6,2,4
Luckylocked,kazzak,192,warlock,demonology,6,2,4
Nècrøphila,kazzak,192,warlock,demonology,6,2,4
Бонони,blackscar,192,warlock,demonology,6,2,4
Àbraxàs,nemesis,192,warlock,demonology,6,2,4
Hèrmit,kazzak,192,warlock,demonology,6,2,4
Nuckki,antonidas,192,warlock,demonology,6,2,4
Suppedo,antonidas,192,warlock,demonology,6,2,4
Charmerx,kazzak,192,warlock,demonology,6,2,4
Branduir,ragnaros,192,warlock,demonology,6,2,4
Baradür,sanguino,192,warlock,demonology,6,2,4
Bryanzy,dun-modr,192,warlock,demonology,6,2,4
Nachoodude,blackrock,192,warlock,demonology,6,2,4
Neijihbolt,blackrock,192,warlock,demonology,6,2,4
Necronem,thrall,192,warlock,demonology,6,2,4
Djfearbot,kazzak,192,warlock,demonology,6,2,4
Happysrme,thrall,192,warlock,demonology,6,2,4
Paintherapy,blackrock,192,warlock,demonology,6,2,4
Oldasiangirl,blackrock,192,warlock,demonology,6,2,4
Drith,blades-edge,192,warlock,demonology,6,2,4
Flatwolenzy,blackrock,192,warlock,demonology,6,2,4
Gtxtreme,kazzak,192,warlock,demonology,6,2,4
Belzedan,blackrock,192,warlock,demonology,6,2,4
Superlocken,ragnaros,192,warlock,demonology,12,2,10
Henriett,ravencrest,192,warlock,demonology,12,2,10
Portmachine,draenor,192,warlock,demonology,12,2,10
Hexus,teldrassil,192,warlock,demonology,12,2,10
Drthc,kazzak,192,warlock,demonology,12,2,10
Saruna,azshara,192,warlock,demonology,12,2,10
Wòóni,ravencrest,192,warlock,demonology,12,2,10
Бестий,fordragon,192,warlock,demonology,12,2,10
Arciam,kazzak,192,warlock,demonology,12,2,10
Rayanna,twisting-nether,192,warlock,demonology,18,2,16
Muleerox,kazzak,159,warlock,demonology,5,2,3
Lókkíi,silvermoon,138,warlock,demonology,6,3,3
Myskul,burning-legion,138,warlock,demonology,10,4,6
Omaleinfluch,antonidas,138,warlock,demonology,9,3,6
Diablotiin,hyjal,128,warlock,demonology,4,2,2
Myristica,die-todeskrallen,96,warlock,demonology,3,2,1
Lockitz,kazzak,96,warlock,demonology,6,1,5
Elyraah,hyjal,96,warlock,demonology,6,1,5
Utuklululu,archimonde,96,warlock,demonology,6,1,5
Shblakk,outland,96,warlock,demonology,6,1,5
Sshhaaddooww,outland,96,warlock,demonology,6,1,5
Kenthal,nemesis,96,warlock,demonology,6,1,5
Lichlolocked,outland,96,warlock,demonology,6,1,5
Zungha,pozzo-delleternità,96,warlock,demonology,6,1,5
Маверрикк,gordunni,96,warlock,demonology,6,1,5
Militianu,sylvanas,96,warlock,demonology,6,1,5
Hathatchi,sylvanas,96,warlock,demonology,6,1,5
Däw,archimonde,96,warlock,demonology,6,1,5
Ашимал,soulflayer,96,warlock,demonology,6,1,5
Helikipotter,kazzak,96,warlock,demonology,6,1,5
Аффликатор,soulflayer,96,warlock,demonology,6,1,5
Messire,ragnaros,96,warlock,demonology,6,1,5
Лёхаиммолейт,deathguard,96,warlock,demonology,6,1,5
Bolt,stormscale,96,warlock,demonology,6,1,5
Remzin,silvermoon,96,warlock,demonology,6,1,5
Catherine,garrosh,96,warlock,demonology,6,1,5
Borgenttw,stormscale,96,warlock,demonology,6,1,5
Wetube,stormscale,96,warlock,demonology,6,1,5
Zardonixz,stormscale,96,warlock,demonology,6,1,5
Rrore,ravencrest,96,warlock,demonology,6,1,5
Yourdeaath,ravencrest,96,warlock,demonology,6,1,5
Marann,dun-morogh,96,warlock,demonology,6,1,5
Rilette,dun-morogh,96,warlock,demonology,6,1,5
Zangul,ysondre,96,warlock,demonology,6,1,5
Árkan,thrall,96,warlock,demonology,6,1,5
Lovromalt,kazzak,96,warlock,demonology,6,1,5
Nethros,ragnaros,96,warlock,demonology,6,1,5
Méetoo,thrall,96,warlock,demonology,6,1,5
Ðæthpäct,dalaran,96,warlock,demonology,6,1,5
Dersdog,twisting-nether,96,warlock,demonology,6,1,5
Zebauron,twisting-nether,96,warlock,demonology,6,1,5
Ruvy,twisting-nether,96,warlock,demonology,6,1,5
Gnimoz,silvermoon,96,warlock,demonology,6,1,5
Ðßøhßäøùí,blackmoore,96,warlock,demonology,6,1,5
Emethia,darksorrow,96,warlock,demonology,6,1,5
Necroless,shadowsong,96,warlock,demonology,6,1,5
Burzak,azshara,96,warlock,demonology,6,1,5
Jopil,stormreaver,96,warlock,demonology,6,1,5
Darkbazul,burning-legion,96,warlock,demonology,6,1,5
Chuntlock,shadowsong,96,warlock,demonology,6,1,5
Diseased,darksorrow,96,warlock,demonology,6,1,5
Tid,burning-legion,96,warlock,demonology,6,1,5
Skufi,uldum,96,warlock,demonology,6,1,5
Fazol,terokkar,96,warlock,demonology,6,1,5
Wolramir,thrall,96,warlock,demonology,12,1,11
Kàiser,sanguino,96,warlock,demonology,12,1,11
Tchytcha,archimonde,79,warlock,demonology,5,1,4
Boccu,magtheridon,64,warlock,demonology,4,1,3
Waryald,dun-modr,64,warlock,demonology,4,1,3
Tuchmydot,ysondre,63,warlock,demonology,2,2,0
Yountyrantx,blackrock,63,warlock,demonology,2,2,0
Кусокплети,grom,63,warlock,demonology,2,2,0
Tequendama,ysera,42,warlock,demonology,10,3,7
Xydar,stormscale,42,warlock,demonology,10,2,8
Hellâna,kirin-tor,31,warlock,demonology,2,1,1
Труупыч,gordunni,31,warlock,demonology,2,1,1
Агрессивная,soulflayer,31,warlock,demonology,2,1,1
Lollock,teldrassil,31,warlock,demonology,2,1,1
Berris,argent-dawn,31,warlock,demonology,2,1,1
Wartix,nathrezim,31,warlock,demonology,2,1,1
Ravenmore,kazzak,16,warlock,demonology,1,1,0
Loghit,ravencrest,16,warlock,demonology,1,1,0
Csüki,ragnaros,16,warlock,demonology,1,1,0
Lzoo,ravencrest,2467,warlock,destruction,84,65,19
Creatúre,drakthul,2446,warlock,destruction,66,53,13
Inferniøn,ravencrest,2422,warlock,destruction,93,68,25
Infý,ravencrest,2400,warlock,destruction,238,151,87
Tópdogg,twisting-nether,2356,warlock,destruction,78,60,18
Jâzggz,twisting-nether,2351,warlock,destruction,96,64,32
Bfaexpert,ravencrest,2348,warlock,destruction,78,50,28
Фаерморн,blackscar,2345,warlock,destruction,132,83,49
Спаводах,soulflayer,2332,warlock,destruction,115,70,45
Wotlkenjoyer,ravencrest,2327,warlock,destruction,138,87,51
Steckenpferd,blackmoore,2325,warlock,destruction,66,45,21
Шедон,soulflayer,2323,warlock,destruction,89,56,33
Anihli,kazzak,2320,warlock,destruction,365,197,168
Cryzzbad,stormscale,2319,warlock,destruction,96,62,34
Stopdaddyplz,ravencrest,2312,warlock,destruction,101,59,42
Xwíng,stormscale,2310,warlock,destruction,114,71,43
Brokenearman,defias-brotherhood,2308,warlock,destruction,53,44,9
Erutaerc,drakthul,2303,warlock,destruction,144,86,58
Youngtyrant,blackrock,2298,warlock,destruction,90,52,38
Canabolic,stormscale,2288,warlock,destruction,102,63,39
Geluwu,tarren-mill,2284,warlock,destruction,90,52,38
Indraxx,hyjal,2266,warlock,destruction,110,60,50
Zâyo,ravencrest,2265,warlock,destruction,96,60,36
Bualock,stormscale,2257,warlock,destruction,89,51,38
Zélroth,argent-dawn,2251,warlock,destruction,198,115,83
Acentro,stormscale,2246,warlock,destruction,83,50,33
Боуман,howling-fjord,2243,warlock,destruction,96,56,40
Шархихохо,gordunni,2242,warlock,destruction,123,68,55
Боуманн,howling-fjord,2240,warlock,destruction,141,76,65
Tjl,kazzak,2239,warlock,destruction,233,132,101
Xeremas,blackrock,2237,warlock,destruction,83,62,21
Sterlock,sylvanas,2237,warlock,destruction,103,58,45
Фримех,soulflayer,2221,warlock,destruction,95,68,27
Кириланскил,gordunni,2217,warlock,destruction,84,48,36
Зеленаямразь,soulflayer,2216,warlock,destruction,127,68,59
Lopari,aegwynn,2213,warlock,destruction,112,66,46
Azurma,tarren-mill,2211,warlock,destruction,78,47,31
Lyâ,ravencrest,2211,warlock,destruction,114,62,52
Dæhli,argent-dawn,2204,warlock,destruction,102,56,46
Glooness,burning-legion,2203,warlock,destruction,84,47,37
Veganlifter,ravencrest,2201,warlock,destruction,60,44,16
Bóbtown,stormscale,2200,warlock,destruction,474,255,219
Lolbadx,ravencrest,2199,warlock,destruction,66,48,18
Zila,sylvanas,2199,warlock,destruction,119,63,56
Rootzlx,ravencrest,2197,warlock,destruction,128,74,54
Lhestér,outland,2190,warlock,destruction,113,67,46
Motcha,kazzak,2189,warlock,destruction,84,46,38
Amdead,sylvanas,2186,warlock,destruction,120,80,40
Ánderxyo,dun-modr,2185,warlock,destruction,54,40,14
Snapperz,stormscale,2184,warlock,destruction,162,87,75
Блакхен,blackscar,2183,warlock,destruction,72,42,30
Ìpen,bloodfeather,2179,warlock,destruction,89,52,37
Legionlockxd,twisting-nether,2179,warlock,destruction,124,68,56
Varaxxis,twisting-nether,2174,warlock,destruction,168,95,73
Senkai,kelthuzad,2173,warlock,destruction,66,45,21
Hladankurac,twisting-nether,2170,warlock,destruction,78,44,34
Кериген,gordunni,2165,warlock,destruction,78,42,36
Faermorn,kazzak,2165,warlock,destruction,124,65,59
Тагочи,gordunni,2165,warlock,destruction,239,124,115
Armellixd,dun-modr,2163,warlock,destruction,92,50,42
Tierzxc,ravencrest,2162,warlock,destruction,93,55,38
Deezbolts,kazzak,2162,warlock,destruction,95,50,45
Fsandtwo,ravencrest,2160,warlock,destruction,143,87,56
Mekanix,kazzak,2160,warlock,destruction,107,61,46
Handicapped,burning-legion,2158,warlock,destruction,78,47,31
Kuckacocucka,outland,2156,warlock,destruction,113,70,43
Gloon,burning-legion,2155,warlock,destruction,120,64,56
Jadesud,archimonde,2154,warlock,destruction,72,48,24
Zèlêph,archimonde,2154,warlock,destruction,192,120,72
Рашчер,gordunni,2153,warlock,destruction,119,68,51
Inflicts,frostmane,2151,warlock,destruction,95,54,41
Johanan,ravencrest,2148,warlock,destruction,53,35,18
Kimkold,twisting-nether,2148,warlock,destruction,125,63,62
Shârîngan,kazzak,2146,warlock,destruction,186,111,75
Avenueat,kazzak,2145,warlock,destruction,81,43,38
Tekrowdy,blackmoore,2144,warlock,destruction,48,33,15
Ilovemimi,hyjal,2144,warlock,destruction,65,38,27
Soulboltx,ragnaros,2144,warlock,destruction,84,46,38
Koisk,tarren-mill,2142,warlock,destruction,82,47,35
Боумонн,howling-fjord,2140,warlock,destruction,54,40,14
Umbraz,blackmoore,2139,warlock,destruction,198,104,94
Veganlifter,blackhand,2136,warlock,destruction,72,45,27
Yúnalesca,aegwynn,2136,warlock,destruction,137,83,54
Рауваскх,howling-fjord,2136,warlock,destruction,65,35,30
Kerídiin,twisting-nether,2135,warlock,destruction,138,77,61
Sehk,stormreaver,2134,warlock,destruction,72,47,25
Dogdrakex,tarren-mill,2133,warlock,destruction,81,47,34
Tàkaz,drekthar,2132,warlock,destruction,136,83,53
Lockisbadx,draenor,2132,warlock,destruction,72,43,29
Rexløck,nozdormu,2132,warlock,destruction,227,133,94
Эвилакс,gordunni,2131,warlock,destruction,78,50,28
Haedache,tarren-mill,2131,warlock,destruction,137,78,59
Fyxs,talnivarr,2129,warlock,destruction,60,42,18
Valthorion,arthas,2129,warlock,destruction,84,47,37
Bambkin,twisting-nether,2128,warlock,destruction,179,105,74
Balding,blackhand,2124,warlock,destruction,60,37,23
Kalwyn,stormscale,2123,warlock,destruction,54,39,15
Voldby,kazzak,2123,warlock,destruction,280,143,137
Milkywarlock,twisting-nether,2121,warlock,destruction,101,59,42
Zilalol,sylvanas,2121,warlock,destruction,336,174,162
Ranath,ragnaros,2120,warlock,destruction,108,69,39
Nògg,frostwhisper,2120,warlock,destruction,66,42,24
Gulwer,blackmoore,2120,warlock,destruction,66,40,26
Vîmø,antonidas,2120,warlock,destruction,203,123,80
Válýrá,blackhand,2119,warlock,destruction,83,53,30
Sharhý,kazzak,2119,warlock,destruction,70,40,30
Артисона,gordunni,2118,warlock,destruction,89,47,42
Dayken,silvermoon,2117,warlock,destruction,63,44,19
Reznör,archimonde,2117,warlock,destruction,54,34,20
Madridistaß,outland,2116,warlock,destruction,299,155,144
Absurdity,twisting-nether,2116,warlock,destruction,131,65,66
Onekxz,blackrock,2115,warlock,destruction,56,45,11
Djmcwarlock,kazzak,2115,warlock,destruction,68,40,28
Guciflipflop,twisting-nether,2115,warlock,destruction,192,104,88
Lywov,stormscale,2115,warlock,destruction,114,57,57
Мспечень,howling-fjord,2112,warlock,destruction,72,46,26
Abuu,ravencrest,2112,warlock,destruction,72,43,29
Velv,nagrand,2112,warlock,destruction,126,63,63
Xtasyslock,archimonde,2111,warlock,destruction,72,45,27
Bluefungirl,stormscale,2111,warlock,destruction,120,73,47
Whakkx,blackrock,2111,warlock,destruction,114,66,48
Drdoit,blackrock,2109,warlock,destruction,84,46,38
Xerxeus,drakthul,2108,warlock,destruction,66,46,20
Силорий,howling-fjord,2108,warlock,destruction,85,54,31
Vregor,twisting-nether,2106,warlock,destruction,54,38,16
Инферналках,gordunni,2106,warlock,destruction,71,48,23
Deadpapi,outland,2106,warlock,destruction,131,82,49
Panda,aegwynn,2106,warlock,destruction,60,36,24
Portlock,kazzak,2106,warlock,destruction,209,112,97
Bankstair,stormscale,2105,warlock,destruction,66,44,22
Císuh,stormreaver,2105,warlock,destruction,126,71,55
Drainsouls,stormscale,2105,warlock,destruction,189,105,84
Skillførçé,kazzak,2102,warlock,destruction,54,41,13
Wldot,ravencrest,2102,warlock,destruction,84,53,31
Wester,blackmoore,2102,warlock,destruction,108,61,47
Артик,gordunni,2101,warlock,destruction,48,37,11
Kamoriwl,blackhand,2101,warlock,destruction,78,45,33
Xfz,stormscale,2101,warlock,destruction,96,49,47
Nògg,kazzak,2101,warlock,destruction,113,57,56
Påsqúåls,ravencrest,2100,warlock,destruction,108,63,45
Nëismz,hyjal,2100,warlock,destruction,66,37,29
Deßra,stormscale,2100,warlock,destruction,90,50,40
Ez,emeriss,2097,warlock,destruction,67,50,17
Телола,gordunni,2095,warlock,destruction,168,93,75
Laokoon,blackmoore,2090,warlock,destruction,108,70,38
Chaosbolt,kelthuzad,2088,warlock,destruction,72,42,30
Metaslave,sunstrider,2085,warlock,destruction,59,42,17
Healylockx,stormscale,2085,warlock,destruction,66,40,26
Flyingjakob,argent-dawn,2080,warlock,destruction,101,53,48
Felcamino,outland,2077,warlock,destruction,78,40,38
Salvabolter,outland,2076,warlock,destruction,124,74,50
Dabzw,twisting-nether,2075,warlock,destruction,67,43,24
Fixwarlock,blackmoore,2072,warlock,destruction,59,33,26
Yùna,frostwolf,2071,warlock,destruction,170,92,78
Xxjz,ravencrest,2069,warlock,destruction,162,90,72
Anniefuchsia,ravencrest,2069,warlock,destruction,167,89,78
Bualock,sylvanas,2068,warlock,destruction,66,33,33
Паилка,galakrond,2067,warlock,destruction,175,94,81
Alphazero,zuluhed,2066,warlock,destruction,189,100,89
Whatamellown,aegwynn,2064,warlock,destruction,66,40,26
Arfdispo,hyjal,2064,warlock,destruction,167,86,81
Omegazero,zuluhed,2063,warlock,destruction,101,58,43
Epzi,outland,2062,warlock,destruction,53,32,21
Achluophobiå,ravencrest,2062,warlock,destruction,111,65,46
Bewegen,frostwolf,2061,warlock,destruction,90,50,40
Brødo,dun-modr,2061,warlock,destruction,105,58,47
Gruggenbach,twisting-nether,2060,warlock,destruction,66,38,28
Djwarlock,kazzak,2060,warlock,destruction,130,68,62
Avogeiñ,tarren-mill,2059,warlock,destruction,81,41,40
Rmpfarmer,kazzak,2057,warlock,destruction,42,27,15
Malddog,turalyon,2056,warlock,destruction,126,72,54
Bryanzy,dun-modr,2055,warlock,destruction,65,41,24
Dsï,outland,2055,warlock,destruction,125,63,62
Rohyna,archimonde,2053,warlock,destruction,60,42,18
Простишутках,gordunni,2051,warlock,destruction,48,30,18
Чудастрх,azuregos,2051,warlock,destruction,138,75,63
Жасминдос,blackscar,2050,warlock,destruction,69,45,24
Rhüd,twisting-nether,2050,warlock,destruction,95,54,41
Onuurbro,kult-der-verdammten,2049,warlock,destruction,72,47,25
Кобре,howling-fjord,2048,warlock,destruction,90,52,38
Smoudini,blackrock,2047,warlock,destruction,60,36,24
Héffer,outland,2044,warlock,destruction,121,80,41
Кишмякхб,howling-fjord,2044,warlock,destruction,150,77,73
Dersdog,twisting-nether,2039,warlock,destruction,80,42,38
Malgarøth,tarren-mill,2039,warlock,destruction,95,46,49
Kwoleriker,norgannon,2038,warlock,destruction,76,43,33
Stankaemayne,blackhand,2037,warlock,destruction,78,43,35
Karygan,blackmoore,2036,warlock,destruction,89,55,34
Necorinexx,silvermoon,2035,warlock,destruction,48,27,21
Bäle,stormreaver,2035,warlock,destruction,130,71,59
Twork,tarren-mill,2035,warlock,destruction,72,37,35
Kawanoski,kazzak,2034,warlock,destruction,77,49,28
Someonepro,tarren-mill,2034,warlock,destruction,191,97,94
Araqt,thrall,2033,warlock,destruction,83,51,32
Alxor,archimonde,2033,warlock,destruction,156,91,65
Chaosbuster,magtheridon,2033,warlock,destruction,203,115,88
Nayolana,argent-dawn,2033,warlock,destruction,111,60,51
Mxdojsrvqxzq,ravencrest,2032,warlock,destruction,309,163,146
Djdampening,bloodhoof,2031,warlock,destruction,190,111,79
Фейкгодх,soulflayer,2030,warlock,destruction,84,45,39
Necromanya,ravencrest,2029,warlock,destruction,192,108,84
Vileclass,ravencrest,2029,warlock,destruction,98,53,45
Ниезвестнно,soulflayer,2028,warlock,destruction,65,36,29
Онлидемон,gordunni,2028,warlock,destruction,159,84,75
Kaeb,archimonde,2027,warlock,destruction,66,36,30
Freezme,tarren-mill,2026,warlock,destruction,90,55,35
Buâlock,stormscale,2025,warlock,destruction,54,35,19
Pørtal,aggra-português,2024,warlock,destruction,143,76,67
Tuplajekku,sylvanas,2024,warlock,destruction,130,63,67
Михасяпевпев,gordunni,2023,warlock,destruction,84,46,38
Fiddyp,kazzak,2022,warlock,destruction,54,38,16
Chromosomex,dentarg,2021,warlock,destruction,90,54,36
Nospamcliqu,ysondre,2020,warlock,destruction,83,47,36
Кюратор,howling-fjord,2019,warlock,destruction,111,63,48
Bigbolt,arathor,2017,warlock,destruction,113,61,52
Brainac,blackrock,2016,warlock,destruction,60,37,23
Andtheysay,outland,2016,warlock,destruction,266,149,117
Châmp,stormscale,2016,warlock,destruction,61,34,27
Drowlý,twisting-nether,2016,warlock,destruction,131,70,61
Jïñ,ravencrest,2015,warlock,destruction,63,47,16
Miauwu,stormscale,2015,warlock,destruction,53,38,15
Rockbèll,blackmoore,2014,warlock,destruction,66,44,22
Taon,ravencrest,2013,warlock,destruction,72,45,27
Laedreth,argent-dawn,2013,warlock,destruction,304,160,144
Tharaqt,kazzak,2011,warlock,destruction,65,38,27
Kumamoto,tarren-mill,2009,warlock,destruction,54,36,18
Блейдап,razuvious,2009,warlock,destruction,72,39,33
Boltzer,archimonde,2008,warlock,destruction,155,88,67
Простишуткаь,gordunni,2007,warlock,destruction,30,21,9
Nyiks,blackhand,2007,warlock,destruction,64,36,28
Pepitogodx,khaz-modan,2006,warlock,destruction,108,68,40
Hasábqtja,ragnaros,2005,warlock,destruction,59,37,22
Boltilicious,kazzak,2004,warlock,destruction,126,66,60
Vitus,malganis,2001,warlock,destruction,276,147,129
Bryanz,sanguino,2000,warlock,destruction,100,50,50
Rêctûmsêêkêr,ravencrest,1999,warlock,destruction,78,42,36
Hlÿ,kazzak,1999,warlock,destruction,120,57,63
Блудгэнг,blackscar,1998,warlock,destruction,102,64,38
Gøzù,antonidas,1998,warlock,destruction,72,37,35
Gorillabolts,tarren-mill,1994,warlock,destruction,120,56,64
Bladey,ragnaros,1993,warlock,destruction,280,152,128
Vvj,ravencrest,1991,warlock,destruction,218,113,105
Exephia,laughing-skull,1991,warlock,destruction,84,40,44
Klnr,ravencrest,1990,warlock,destruction,134,79,55
Oarz,blackrock,1988,warlock,destruction,62,35,27
Anthraxus,argent-dawn,1988,warlock,destruction,84,43,41
Xiraq,nathrezim,1984,warlock,destruction,84,47,37
Icéspícé,ravencrest,1984,warlock,destruction,54,28,26
Logicdotexé,tarren-mill,1983,warlock,destruction,67,42,25
Deathfløw,draenor,1983,warlock,destruction,144,90,54
Bónz,outland,1983,warlock,destruction,75,35,40
Гивмисоул,soulflayer,1981,warlock,destruction,66,40,26
Gregwyn,hellscream,1979,warlock,destruction,60,36,24
Wällaar,ragnaros,1979,warlock,destruction,173,95,78
Andrewdaniel,twisting-nether,1979,warlock,destruction,72,39,33
Jopil,stormreaver,1979,warlock,destruction,81,41,40
Sqx,veklor,1978,warlock,destruction,60,39,21
Beebs,aegwynn,1977,warlock,destruction,58,40,18
Veridy,kazzak,1977,warlock,destruction,148,83,65
Sjödin,tarren-mill,1975,warlock,destruction,36,27,9
Mýlìfêbélike,kazzak,1975,warlock,destruction,46,32,14
Hotdoghomie,tarren-mill,1974,warlock,destruction,36,28,8
Simony,ravencrest,1974,warlock,destruction,60,38,22
Acanthis,outland,1974,warlock,destruction,78,40,38
Gnargamehl,nemesis,1973,warlock,destruction,66,39,27
Laciewaifu,silvermoon,1973,warlock,destruction,73,41,32
Ryûsuke,dun-modr,1972,warlock,destruction,119,65,54
Zarisya,blackmoore,1972,warlock,destruction,108,58,50
Тевон,gordunni,1971,warlock,destruction,117,70,47
Fercon,kazzak,1971,warlock,destruction,104,59,45
Tarilinwelli,les-sentinelles,1970,warlock,destruction,46,42,4
Sgaitxd,ravencrest,1969,warlock,destruction,48,27,21
Feardotbye,stormscale,1969,warlock,destruction,72,40,32
Asáel,blackrock,1968,warlock,destruction,84,47,37
Lifetapped,tarren-mill,1968,warlock,destruction,89,48,41
Èmøgøðqt,ravencrest,1968,warlock,destruction,66,33,33
Pôhzz,archimonde,1967,warlock,destruction,48,34,14
Якурюимнепох,gordunni,1967,warlock,destruction,243,132,111
Exhäle,archimonde,1966,warlock,destruction,59,37,22
Acilock,outland,1966,warlock,destruction,68,42,26
Aniq,eredar,1965,warlock,destruction,72,37,35
Superlocken,ragnaros,1964,warlock,destruction,95,47,48
Korbendallas,anubarak,1963,warlock,destruction,75,41,34
Howtofake,doomhammer,1962,warlock,destruction,72,38,34
Nyotu,antonidas,1961,warlock,destruction,167,90,77
Ragdoll,twisting-nether,1960,warlock,destruction,70,40,30
Upsahl,twisting-nether,1960,warlock,destruction,147,82,65
Rumour,sunstrider,1959,warlock,destruction,72,36,36
Èlton,tarren-mill,1958,warlock,destruction,204,115,89
Brodoh,dun-modr,1958,warlock,destruction,52,27,25
Lémonz,stormscale,1958,warlock,destruction,64,33,31
Angst,tarren-mill,1957,warlock,destruction,66,43,23
Osîrîs,aegwynn,1957,warlock,destruction,131,64,67
Тьмазвёздная,gordunni,1956,warlock,destruction,96,63,33
Looneytoonz,blackrock,1956,warlock,destruction,84,50,34
Rune,aegwynn,1956,warlock,destruction,154,87,67
Noobgg,kazzak,1955,warlock,destruction,138,82,56
Сумракк,gordunni,1954,warlock,destruction,66,35,31
Syviwl,outland,1954,warlock,destruction,77,37,40
Hømïcîðæl,ravencrest,1953,warlock,destruction,72,45,27
Isco,ysondre,1953,warlock,destruction,42,26,16
Kresyda,dun-modr,1953,warlock,destruction,77,40,37
Ashlÿn,draenor,1952,warlock,destruction,47,31,16
Nekrofille,outland,1952,warlock,destruction,60,30,30
Fakegodx,ravencrest,1951,warlock,destruction,54,32,22
Wlistoohard,stormscale,1951,warlock,destruction,220,119,101
Laolife,twisting-nether,1951,warlock,destruction,132,67,65
Wäisted,ravencrest,1950,warlock,destruction,60,34,26
Xesh,kiljaeden,1950,warlock,destruction,270,137,133
Daeyon,ravencrest,1947,warlock,destruction,62,32,30
Tschapatalpi,blackhand,1947,warlock,destruction,70,35,35
Ulora,zirkel-des-cenarius,1946,warlock,destruction,89,50,39
Theronas,tarren-mill,1945,warlock,destruction,60,38,22
Delru,aegwynn,1945,warlock,destruction,60,38,22
Plocke,aegwynn,1944,warlock,destruction,42,25,17
Демоник,deathguard,1944,warlock,destruction,95,50,45
Jøkèr,stormscale,1943,warlock,destruction,30,21,9
Jaimstar,ravencrest,1943,warlock,destruction,47,31,16
Drerlord,tarren-mill,1943,warlock,destruction,107,64,43
Сильвиос,howling-fjord,1943,warlock,destruction,100,49,51
Sarthrax,argent-dawn,1942,warlock,destruction,120,70,50
Corbbolt,drakthul,1942,warlock,destruction,114,60,54
Gogmorok,dunemaul,1941,warlock,destruction,341,173,168
Badloljk,stormscale,1940,warlock,destruction,52,34,18
Smaúg,archimonde,1940,warlock,destruction,265,135,130
Bløødwins,burning-legion,1938,warlock,destruction,71,44,27
Redshíne,hyjal,1938,warlock,destruction,72,43,29
Ðiavel,kazzak,1938,warlock,destruction,119,64,55
Dótstuff,draenor,1937,warlock,destruction,48,32,16
Raxan,stormscale,1937,warlock,destruction,95,53,42
Giñtama,ravencrest,1936,warlock,destruction,30,24,6
Suprezz,sylvanas,1936,warlock,destruction,78,45,33
Chromagnus,drakthul,1936,warlock,destruction,84,44,40
Кенгарь,howling-fjord,1936,warlock,destruction,153,80,73
Ashmodéus,defias-brotherhood,1935,warlock,destruction,53,32,21
Humpers,kazzak,1935,warlock,destruction,48,26,22
Взорг,soulflayer,1935,warlock,destruction,150,79,71
Mohihi,ravencrest,1934,warlock,destruction,78,39,39
Gilfhaunter,malganis,1932,warlock,destruction,30,23,7
Isuckwarlock,aegwynn,1932,warlock,destruction,84,40,44
Envizer,ravencrest,1931,warlock,destruction,48,30,18
Ayperos,tyrande,1930,warlock,destruction,108,59,49
Obrusik,burning-legion,1929,warlock,destruction,143,68,75
Kayloo,archimonde,1928,warlock,destruction,78,48,30
Staenkymayne,blackhand,1927,warlock,destruction,28,21,7
Fornaio,nemesis,1927,warlock,destruction,36,24,12
Doturanal,blackmoore,1927,warlock,destruction,108,57,51
Kitchiarû,uldaman,1925,warlock,destruction,48,30,18
Freddaxd,outland,1925,warlock,destruction,82,50,32
Ethiq,blackrock,1925,warlock,destruction,42,24,18
Хастла,ashenvale,1925,warlock,destruction,90,49,41
Macchíato,ragnaros,1925,warlock,destruction,84,44,40
Isodjdojk,ravencrest,1924,warlock,destruction,41,33,8
Габана,gordunni,1923,warlock,destruction,48,33,15
Davyjonessx,twisting-nether,1923,warlock,destruction,158,75,83
Supergeîl,blackrock,1920,warlock,destruction,96,50,46
Sakkrethxd,hyjal,1919,warlock,destruction,47,32,15
Sad,lightnings-blade,1919,warlock,destruction,126,73,53
Gis,laughing-skull,1919,warlock,destruction,83,46,37
Imbalockzwei,aegwynn,1918,warlock,destruction,60,42,18
Fearo,kazzak,1917,warlock,destruction,142,77,65
Stefcheto,twilights-hammer,1916,warlock,destruction,221,114,107
Blakstorm,archimonde,1915,warlock,destruction,60,35,25
Decimus,darkspear,1914,warlock,destruction,156,87,69
Makîø,hyjal,1914,warlock,destruction,208,105,103
Lsr,argent-dawn,1912,warlock,destruction,77,44,33
Aajora,malganis,1911,warlock,destruction,136,87,49
Drututt,the-maelstrom,1910,warlock,destruction,54,30,24
Tehkorrum,archimonde,1907,warlock,destruction,65,35,30
Xunzu,drakthul,1907,warlock,destruction,126,61,65
Halfwai,ravencrest,1906,warlock,destruction,48,33,15
Artys,tarren-mill,1906,warlock,destruction,54,36,18
Carelock,chamber-of-aspects,1905,warlock,destruction,66,39,27
Raepist,terokkar,1905,warlock,destruction,78,46,32
Debbskidjur,tarren-mill,1905,warlock,destruction,97,57,40
Nellyvato,eredar,1905,warlock,destruction,160,83,77
Kasualdot,stormscale,1904,warlock,destruction,48,30,18
Xarfoul,grim-batol,1903,warlock,destruction,54,36,18
Limoges,archimonde,1903,warlock,destruction,47,31,16
Габаныч,soulflayer,1901,warlock,destruction,48,33,15
Ignittes,ragnaros,1901,warlock,destruction,84,56,28
Nunomendes,archimonde,1901,warlock,destruction,60,37,23
Nineinchlock,silvermoon,1900,warlock,destruction,72,33,39
Айхопъюдай,blackscar,1899,warlock,destruction,46,27,19
Mafteryo,blackrock,1899,warlock,destruction,102,54,48
Osbaa,bladefist,1898,warlock,destruction,65,41,24
Ilbidello,nemesis,1897,warlock,destruction,54,35,19
Файрик,blackscar,1897,warlock,destruction,42,26,16
Kmeta,twilights-hammer,1897,warlock,destruction,78,35,43
Senbolts,tarren-mill,1896,warlock,destruction,54,33,21
Benne,stormscale,1896,warlock,destruction,108,60,48
Мишастрах,gordunni,1895,warlock,destruction,54,33,21
Kaktakto,ravencrest,1895,warlock,destruction,54,30,24
Fizzydark,malganis,1895,warlock,destruction,72,35,37
Djfearfullx,archimonde,1893,warlock,destruction,123,71,52
Sëngir,drakthul,1893,warlock,destruction,337,167,170
Hellíc,kazzak,1892,warlock,destruction,48,30,18
Zàkx,silvermoon,1892,warlock,destruction,325,174,151
Rabasta,blackmoore,1892,warlock,destruction,66,34,32
Brainwashed,the-maelstrom,1891,warlock,destruction,199,109,90
Løckwood,blackrock,1890,warlock,destruction,46,29,17
Meepx,nordrassil,1890,warlock,destruction,36,20,16
Dualla,aegwynn,1890,warlock,destruction,182,101,81
Ðeface,nefarian,1890,warlock,destruction,138,75,63
Magonyth,ravencrest,1890,warlock,destruction,322,164,158
Kelthedral,tarren-mill,1890,warlock,destruction,115,57,58
Инсинирейтх,gordunni,1889,warlock,destruction,54,36,18
Juhpz,blackrock,1888,warlock,destruction,52,24,28
Djfearbot,kazzak,1887,warlock,destruction,84,53,31
Juppi,blackrock,1887,warlock,destruction,198,114,84
Zelieknight,ysondre,1886,warlock,destruction,383,205,178
Klmlover,tarren-mill,1885,warlock,destruction,48,30,18
Dotg,blackrock,1885,warlock,destruction,54,30,24
Ecoxx,aegwynn,1884,warlock,destruction,54,37,17
Richerdgir,ravencrest,1884,warlock,destruction,57,34,23
Hebbxw,kazzak,1884,warlock,destruction,170,96,74
Hopéléss,aggra-português,1883,warlock,destruction,36,28,8
Whøîäm,kazzak,1883,warlock,destruction,42,31,11
Hânex,ravencrest,1883,warlock,destruction,48,28,20
Shadowrey,blackrock,1881,warlock,destruction,52,29,23
Бжк,gordunni,1880,warlock,destruction,317,169,148
Shangalar,burning-legion,1879,warlock,destruction,114,60,54
Visceris,ravencrest,1879,warlock,destruction,108,51,57
Whisperer,defias-brotherhood,1879,warlock,destruction,112,52,60
Baked,outland,1878,warlock,destruction,48,31,17
Cujo,draenor,1878,warlock,destruction,319,158,161
Kalagorn,azshara,1876,warlock,destruction,42,30,12
Eboyclass,twisting-nether,1875,warlock,destruction,33,23,10
Entropyboost,stormscale,1875,warlock,destruction,120,65,55
Fîgøk,conseil-des-ombres,1874,warlock,destruction,156,86,70
Biest,drakthul,1874,warlock,destruction,90,45,45
Tikondrus,ravencrest,1873,warlock,destruction,84,45,39
Halaïa,outland,1872,warlock,destruction,52,34,18
Ðènnis,tarren-mill,1870,warlock,destruction,42,28,14
Fluugew,tarren-mill,1870,warlock,destruction,66,35,31
Garlan,dun-modr,1870,warlock,destruction,268,141,127
Worse,kazzak,1869,warlock,destruction,54,32,22
Voidstim,stormscale,1869,warlock,destruction,111,57,54
Dooms,antonidas,1868,warlock,destruction,42,31,11
Bono,frostwhisper,1868,warlock,destruction,116,71,45
Jamb,bloodfeather,1867,warlock,destruction,42,27,15
Аоепампгодх,howling-fjord,1866,warlock,destruction,82,58,24
Tokodi,ragnaros,1866,warlock,destruction,84,46,38
Extingul,tarren-mill,1865,warlock,destruction,59,38,21
Temnamagna,silvermoon,1865,warlock,destruction,183,99,84
Kikeri,blackhand,1865,warlock,destruction,90,48,42
Sheitana,ysondre,1863,warlock,destruction,60,39,21
Rokkarn,kazzak,1863,warlock,destruction,48,29,19
Pandacoffee,ravencrest,1861,warlock,destruction,131,76,55
Sargus,drakthul,1861,warlock,destruction,194,99,95
Felerok,drakthul,1860,warlock,destruction,42,27,15
Infernion,stormscale,1859,warlock,destruction,39,25,14
Phoyk,blackmoore,1859,warlock,destruction,48,29,19
Rustos,ravencrest,1859,warlock,destruction,123,72,51
Шрэкс,blackscar,1859,warlock,destruction,50,26,24
Øßey,magtheridon,1858,warlock,destruction,60,32,28
Demonälskare,kazzak,1857,warlock,destruction,48,31,17
Fullxlock,hyjal,1857,warlock,destruction,58,35,23
Кишмякхб,gordunni,1857,warlock,destruction,101,48,53
Sushilock,stormrage,1856,warlock,destruction,90,59,31
Holiax,archimonde,1856,warlock,destruction,48,29,19
Cmdxo,malganis,1856,warlock,destruction,71,38,33
Salvatoríy,outland,1856,warlock,destruction,65,32,33
Shlipshlap,ravencrest,1855,warlock,destruction,71,43,28
Anomen,sanguino,1855,warlock,destruction,135,73,62
Kavalierr,stormscale,1855,warlock,destruction,115,62,53
Trainindummy,ravencrest,1854,warlock,destruction,125,83,42
Habdruck,blackmoore,1854,warlock,destruction,427,232,195
Boltez,twisting-nether,1854,warlock,destruction,66,35,31
Darksoll,hyjal,1853,warlock,destruction,41,31,10
Gharloch,argent-dawn,1853,warlock,destruction,81,46,35
Nëismz,ravencrest,1852,warlock,destruction,43,27,16
Блэкфлэймх,gordunni,1852,warlock,destruction,70,33,37
Märkähuikka,stormreaver,1851,warlock,destruction,60,38,22
Gigachaos,outland,1851,warlock,destruction,179,108,71
Anabolicbaby,draenor,1850,warlock,destruction,36,26,10
Johnylock,draenor,1850,warlock,destruction,116,71,45
Tentigo,blackmoore,1850,warlock,destruction,90,45,45
Depressedkid,ravencrest,1850,warlock,destruction,60,30,30
Corano,ravencrest,1849,warlock,destruction,42,28,14
Wÿvërnn,archimonde,1849,warlock,destruction,163,91,72
Çamille,ulduar,1849,warlock,destruction,115,64,51
Artannas,elune,1848,warlock,destruction,55,35,20
Slipx,aegwynn,1848,warlock,destruction,66,39,27
Médeâ,ravencrest,1848,warlock,destruction,82,46,36
Руктал,howling-fjord,1847,warlock,destruction,54,34,20
Immaginare,sylvanas,1847,warlock,destruction,156,86,70
Bailerlock,antonidas,1847,warlock,destruction,60,28,32
Mallevs,outland,1846,warlock,destruction,140,81,59
Luccifer,ravencrest,1845,warlock,destruction,36,25,11
Cetreros,minahonda,1845,warlock,destruction,54,34,20
Nekrosd,tarren-mill,1845,warlock,destruction,201,105,96
Alphå,blackmoore,1844,warlock,destruction,54,36,18
Giantape,argent-dawn,1844,warlock,destruction,66,43,23
Jazggzkxx,twisting-nether,1843,warlock,destruction,41,27,14
Jupp,blackrock,1843,warlock,destruction,142,77,65
Hifiz,grim-batol,1842,warlock,destruction,36,25,11
Imforcedtowl,aegwynn,1842,warlock,destruction,48,32,16
Collectiòn,kazzak,1842,warlock,destruction,36,22,14
Колодун,gordunni,1842,warlock,destruction,54,32,22
Хихихи,blackscar,1842,warlock,destruction,72,40,32
Шархилол,gordunni,1840,warlock,destruction,30,23,7
Mércé,stormscale,1840,warlock,destruction,36,26,10
Badapow,stormscale,1840,warlock,destruction,50,26,24
Conditions,tarren-mill,1840,warlock,destruction,499,247,252
Pöhz,archimonde,1840,warlock,destruction,84,39,45
Attilergg,stormscale,1839,warlock,destruction,32,23,9
Zàk,twisting-nether,1839,warlock,destruction,115,75,40
Ñila,ravencrest,1839,warlock,destruction,36,23,13
Ripnsew,ravencrest,1839,warlock,destruction,41,26,15
Bloodworth,arathor,1839,warlock,destruction,150,82,68
Ty,earthen-ring,1838,warlock,destruction,60,41,19
Ruvy,twisting-nether,1837,warlock,destruction,57,31,26
Ispankmysuc,korgall,1836,warlock,destruction,69,42,27
Ñøêssä,outland,1836,warlock,destruction,48,28,20
Shadock,scarshield-legion,1836,warlock,destruction,102,59,43
Hachishaku,ravencrest,1836,warlock,destruction,165,93,72
Märtas,burning-blade,1836,warlock,destruction,143,79,64
Plâytïmè,stormscale,1836,warlock,destruction,120,59,61
Vøid,hellscream,1836,warlock,destruction,131,62,69
Belial,minahonda,1835,warlock,destruction,63,36,27
Bobop,sanguino,1834,warlock,destruction,106,60,46
Invoke,burning-blade,1834,warlock,destruction,54,30,24
Кром,howling-fjord,1834,warlock,destruction,48,26,22
Bk,alexstrasza,1833,warlock,destruction,36,30,6
Blazed,dentarg,1833,warlock,destruction,42,25,17
Secretx,kazzak,1833,warlock,destruction,42,24,18
Muleerox,kazzak,1833,warlock,destruction,60,33,27
Spookytouch,draenor,1833,warlock,destruction,106,52,54
Asyncbuddy,azjolnerub,1832,warlock,destruction,48,32,16
Oldasianman,blackrock,1832,warlock,destruction,30,20,10
Homerbamboom,hyjal,1832,warlock,destruction,77,49,28
Kiwibob,defias-brotherhood,1832,warlock,destruction,65,41,24
Skarløck,blackmoore,1832,warlock,destruction,42,26,16
Calli,blackrock,1832,warlock,destruction,52,32,20
Фирбог,soulflayer,1832,warlock,destruction,84,43,41
Aestheatic,draenor,1832,warlock,destruction,299,152,147
Marti,blackrock,1831,warlock,destruction,60,39,21
Ashh,ravencrest,1831,warlock,destruction,48,26,22
Wreky,thrall,1830,warlock,destruction,36,26,10
Worgonzolâ,madmortem,1830,warlock,destruction,221,134,87
Shadöwmäre,draenor,1830,warlock,destruction,54,31,23
Алистрен,fordragon,1830,warlock,destruction,179,99,80
Teezeye,ragnaros,1830,warlock,destruction,118,59,59
Tõyz,twilights-hammer,1829,warlock,destruction,45,34,11
Veríty,kazzak,1829,warlock,destruction,30,20,10
Evlwizardman,kazzak,1829,warlock,destruction,50,32,18
Salouppio,archimonde,1829,warlock,destruction,88,48,40
Ícekíss,hyjal,1828,warlock,destruction,48,33,15
Pprwl,tarren-mill,1828,warlock,destruction,126,77,49
Latia,argent-dawn,1828,warlock,destruction,46,28,18
Urururustyle,hyjal,1828,warlock,destruction,102,58,44
Хэлмок,howling-fjord,1827,warlock,destruction,42,31,11
Idonthexafck,kazzak,1826,warlock,destruction,36,27,9
Plaguee,outland,1826,warlock,destruction,92,52,40
Spectarlock,tarren-mill,1826,warlock,destruction,78,43,35
Dogoon,sylvanas,1826,warlock,destruction,256,138,118
Junakot,silvermoon,1826,warlock,destruction,72,38,34
Delen,ravencrest,1826,warlock,destruction,58,28,30
Oggelock,tarren-mill,1825,warlock,destruction,79,45,34
Wewondak,drakthul,1825,warlock,destruction,214,120,94
Büm,kazzak,1825,warlock,destruction,132,70,62
Juanwick,grim-batol,1824,warlock,destruction,43,33,10
Asilock,eredar,1824,warlock,destruction,48,32,16
Анрали,deathguard,1824,warlock,destruction,42,27,15
Ìambottger,silvermoon,1824,warlock,destruction,48,30,18
Tôpsecret,aegwynn,1823,warlock,destruction,36,29,7
Kärme,archimonde,1823,warlock,destruction,48,30,18
Limity,nozdormu,1823,warlock,destruction,90,54,36
Coeurnichon,archimonde,1823,warlock,destruction,58,32,26
Uddze,pozzo-delleternità,1823,warlock,destruction,125,66,59
Кварий,howling-fjord,1823,warlock,destruction,186,94,92
Sololock,ravencrest,1822,warlock,destruction,106,63,43
Jjejo,ragnaros,1822,warlock,destruction,100,59,41
Røiheenøk,archimonde,1822,warlock,destruction,156,80,76
Aritrosyo,ravencrest,1821,warlock,destruction,24,19,5
Кале,goldrinn,1821,warlock,destruction,136,87,49
Killáksi,ravencrest,1821,warlock,destruction,42,26,16
Atmosfèar,silvermoon,1821,warlock,destruction,66,37,29
Likeqtz,thrall,1821,warlock,destruction,80,43,37
Hellfire,haomarush,1821,warlock,destruction,86,46,40
Stepwarlock,kazzak,1821,warlock,destruction,81,42,39
Framelock,draenor,1820,warlock,destruction,48,37,11
Hauntit,chogall,1820,warlock,destruction,36,21,15
Korupcijax,kazzak,1820,warlock,destruction,36,21,15
Merçedesa,tarren-mill,1820,warlock,destruction,35,20,15
Trashløckx,blackrock,1819,warlock,destruction,42,30,12
Mocha,ravencrest,1819,warlock,destruction,48,31,17
Incesticide,ragnaros,1819,warlock,destruction,60,37,23
Lyaru,blackrock,1819,warlock,destruction,44,25,19
Ôlo,rajaxx,1819,warlock,destruction,54,30,24
Исверон,howling-fjord,1819,warlock,destruction,78,41,37
Htaedfo,tarren-mill,1819,warlock,destruction,208,106,102
Fearing,malganis,1819,warlock,destruction,101,51,50
Rozibolt,draenor,1818,warlock,destruction,48,33,15
Lichlolock,outland,1818,warlock,destruction,96,60,36
Selassie,blackmoore,1818,warlock,destruction,78,48,30
Nqa,outland,1818,warlock,destruction,47,26,21
Ziigouigouii,archimonde,1817,warlock,destruction,42,28,14
Verson,silvermoon,1817,warlock,destruction,125,69,56
Srkzlol,durotan,1817,warlock,destruction,66,35,31
Влицотьмой,gordunni,1817,warlock,destruction,84,42,42
Nëismz,azuremyst,1816,warlock,destruction,36,25,11
Bedep,sanguino,1816,warlock,destruction,30,19,11
Alcringe,kazzak,1816,warlock,destruction,158,90,68
Porchpirate,draenor,1816,warlock,destruction,72,41,31
Аймох,gordunni,1816,warlock,destruction,54,30,24
Empra,stormscale,1816,warlock,destruction,54,28,26
Matsuei,tarren-mill,1816,warlock,destruction,48,23,25
Barneyboi,tarren-mill,1815,warlock,destruction,87,59,28
Louloudots,ragnaros,1815,warlock,destruction,36,22,14
Kartanos,stormscale,1815,warlock,destruction,63,34,29
Magicsin,aerie-peak,1814,warlock,destruction,36,31,5
Jappér,silvermoon,1814,warlock,destruction,36,30,6
Olsel,draenor,1814,warlock,destruction,47,30,17
Бауглирх,howling-fjord,1814,warlock,destruction,155,81,74
Nemwl,draenor,1814,warlock,destruction,66,31,35
Coilxo,ravencrest,1813,warlock,destruction,58,37,21
Unethicalx,ragnaros,1813,warlock,destruction,101,59,42
Doodle,the-maelstrom,1813,warlock,destruction,66,38,28
Tbs,blackhand,1813,warlock,destruction,54,25,29
Slytherim,stormscale,1812,warlock,destruction,87,57,30
Osbaa,ravencrest,1812,warlock,destruction,116,62,54
Ftpete,argent-dawn,1812,warlock,destruction,325,171,154
Overwl,kazzak,1811,warlock,destruction,42,32,10
Linuviel,argent-dawn,1811,warlock,destruction,41,29,12
Kennÿfõx,ysondre,1811,warlock,destruction,29,20,9
Krestox,blackmoore,1811,warlock,destruction,100,60,40
Паинбрингер,soulflayer,1811,warlock,destruction,96,54,42
Yukokotier,archimonde,1811,warlock,destruction,293,157,136
Ffpiiras,dunemaul,1811,warlock,destruction,150,74,76
Mxxmmllm,kargath,1810,warlock,destruction,125,71,54
Diablist,kazzak,1810,warlock,destruction,142,77,65
Boterham,kilrogg,1809,warlock,destruction,54,38,16
Dreggsow,blackmoore,1809,warlock,destruction,98,58,40
Chaoscrit,eredar,1809,warlock,destruction,139,73,66
Fiearstyle,tarren-mill,1808,warlock,destruction,30,23,7
Pederpan,stormscale,1808,warlock,destruction,30,19,11
Skrana,kazzak,1808,warlock,destruction,83,48,35
Чупачупакаб,soulflayer,1808,warlock,destruction,59,34,25
Darkleci,archimonde,1808,warlock,destruction,60,34,26
Purexlock,dragonblight,1807,warlock,destruction,53,34,19
Catchlock,tarren-mill,1807,warlock,destruction,42,26,16
Exorbïtant,blackrock,1807,warlock,destruction,312,167,145
Abbzey,tarren-mill,1806,warlock,destruction,132,70,62
Rûttna,kazzak,1806,warlock,destruction,53,27,26
Pumpelumpe,twisting-nether,1806,warlock,destruction,45,20,25
Yøshinø,wildhammer,1805,warlock,destruction,48,36,12
Rünek,tarren-mill,1805,warlock,destruction,42,29,13
Lockchonk,kazzak,1805,warlock,destruction,84,52,32
Rivmuu,argent-dawn,1805,warlock,destruction,130,78,52
Delumia,tarren-mill,1805,warlock,destruction,113,64,49
Sïeur,archimonde,1804,warlock,destruction,113,69,44
Silmerion,twilights-hammer,1804,warlock,destruction,114,65,49
Pinacoládaqt,stormscale,1804,warlock,destruction,59,31,28
Mowxll,blackrock,1803,warlock,destruction,30,19,11
Kaldrik,burning-legion,1802,warlock,destruction,36,25,11
Nerdlockx,tarren-mill,1802,warlock,destruction,47,31,16
Loel,blackrock,1802,warlock,destruction,36,23,13
Pornhubx,stormscale,1802,warlock,destruction,48,30,18
Pilock,stormscale,1802,warlock,destruction,36,22,14
Flatwolenzy,blackrock,1802,warlock,destruction,48,29,19
Adacheezzee,tyrande,1802,warlock,destruction,86,48,38
Destinyz,dun-modr,1801,warlock,destruction,48,35,13
Morcey,sylvanas,1801,warlock,destruction,79,49,30
Smegwlock,tarren-mill,1801,warlock,destruction,84,52,32
Akechy,dun-modr,1801,warlock,destruction,111,68,43
Моргоника,howling-fjord,1801,warlock,destruction,109,59,50
Tuskawl,stormreaver,1800,warlock,destruction,36,22,14
Plsbuffme,ravencrest,1800,warlock,destruction,77,47,30
Mirenli,kazzak,1800,warlock,destruction,36,19,17
Twisted,malganis,1800,warlock,destruction,126,66,60
Sluba,stormscale,1800,warlock,destruction,127,66,61
Ðemonsoul,stormscale,1800,warlock,destruction,542,272,270
Lashyra,aszune,1800,warlock,destruction,48,24,24
Wankdiesel,der-rat-von-dalaran,1800,warlock,destruction,265,132,133
Variu,blackhand,1799,warlock,destruction,206,118,88
Mosslock,silvermoon,1798,warlock,destruction,30,19,11
Хйу,galakrond,1797,warlock,destruction,54,23,31
Daubi,ravencrest,1796,warlock,destruction,48,28,20
Qaripidia,ravencrest,1796,warlock,destruction,55,29,26
Djhanzó,outland,1795,warlock,destruction,57,30,27
Maderto,burning-legion,1793,warlock,destruction,191,103,88
Bàbyløck,archimonde,1792,warlock,destruction,78,44,34
Robertóó,burning-legion,1792,warlock,destruction,64,34,30
Adellaragg,draenor,1791,warlock,destruction,39,30,9
Rotangel,ragnaros,1791,warlock,destruction,60,33,27
Dotshok,aegwynn,1791,warlock,destruction,84,46,38
Magonyth,tarren-mill,1790,warlock,destruction,43,32,11
Bianchii,stormscale,1790,warlock,destruction,38,27,11
Høliax,archimonde,1790,warlock,destruction,48,33,15
Raverboyy,blackrock,1789,warlock,destruction,102,52,50
Pinacholadá,norgannon,1789,warlock,destruction,126,63,63
Razek,eredar,1788,warlock,destruction,53,29,24
Ghachi,draenor,1788,warlock,destruction,132,65,67
Lonestar,sanguino,1788,warlock,destruction,42,19,23
Ditàà,archimonde,1787,warlock,destruction,65,40,25
Boccebelle,pozzo-delleternità,1787,warlock,destruction,36,21,15
Fiddlestickz,gilneas,1787,warlock,destruction,107,58,49
Malame,hyjal,1787,warlock,destruction,208,111,97
Whøknøws,twisting-nether,1786,warlock,destruction,36,25,11
Kalaslars,draenor,1786,warlock,destruction,90,47,43
Aænn,blackrock,1785,warlock,destruction,66,41,25
Ërîkå,ravencrest,1785,warlock,destruction,99,59,40
Kivilock,dun-modr,1785,warlock,destruction,97,56,41
Wintheirl,argent-dawn,1785,warlock,destruction,170,92,78
Marador,drakthul,1785,warlock,destruction,83,43,40
Квейдсан,howling-fjord,1785,warlock,destruction,42,21,21
Hepheisto,blackmoore,1785,warlock,destruction,55,27,28
Keybump,outland,1784,warlock,destruction,146,83,63
Todesgurke,alleria,1784,warlock,destruction,48,27,21
Sznyes,ragnaros,1783,warlock,destruction,42,23,19
Mangolicious,twisting-nether,1783,warlock,destruction,230,112,118
Бонибеннет,gordunni,1782,warlock,destruction,68,40,28
Knoxwhite,stormscale,1781,warlock,destruction,42,28,14
Mikthelock,nemesis,1780,warlock,destruction,77,44,33
Nightìngale,silvermoon,1779,warlock,destruction,67,34,33
Deadlyrust,ragnaros,1778,warlock,destruction,171,80,91
Чернокок,blackscar,1777,warlock,destruction,90,41,49
Thorolock,blackhand,1776,warlock,destruction,78,42,36
Kerway,outland,1776,warlock,destruction,126,67,59
Kurono,silvermoon,1776,warlock,destruction,90,43,47
Cwz,ysondre,1775,warlock,destruction,26,20,6
Themut,draenor,1775,warlock,destruction,82,49,33
Toobadforyou,archimonde,1774,warlock,destruction,34,23,11
Justfamous,archimonde,1773,warlock,destruction,66,43,23
Vultzbolt,draenor,1773,warlock,destruction,165,93,72
Ayrefik,kazzak,1773,warlock,destruction,188,100,88
Ràzek,kazzak,1773,warlock,destruction,239,121,118
Tajit,eredar,1773,warlock,destruction,66,32,34
Sunjal,stormscale,1772,warlock,destruction,36,24,12
Crse,antonidas,1772,warlock,destruction,79,52,27
Fiveyearque,sylvanas,1772,warlock,destruction,64,36,28
Aspass,kazzak,1772,warlock,destruction,142,79,63
Reidonk,blackrock,1770,warlock,destruction,36,21,15
Fredé,kazzak,1770,warlock,destruction,59,28,31
Cappaoww,ravencrest,1769,warlock,destruction,30,20,10
Demoner,tarren-mill,1769,warlock,destruction,156,90,66
Ondarian,grim-batol,1768,warlock,destruction,56,37,19
Saffíe,ravencrest,1768,warlock,destruction,100,52,48
Bigpoodleman,twisting-nether,1767,warlock,destruction,30,22,8
Supermaus,blackrock,1767,warlock,destruction,36,22,14
Соргосор,gordunni,1767,warlock,destruction,86,47,39
Failtráin,blackhand,1766,warlock,destruction,41,25,16
Desimp,drakthul,1766,warlock,destruction,78,45,33
Онлифан,soulflayer,1765,warlock,destruction,64,40,24
Cigarrette,draenor,1765,warlock,destruction,54,27,27
Fearoclock,nemesis,1765,warlock,destruction,102,50,52
Akumako,stormscale,1764,warlock,destruction,47,28,19
Micheller,ravencrest,1764,warlock,destruction,66,38,28
Histeria,tarren-mill,1764,warlock,destruction,69,38,31
Règis,antonidas,1763,warlock,destruction,33,21,12
Olympïe,archimonde,1763,warlock,destruction,70,44,26
Aljohno,twisting-nether,1763,warlock,destruction,77,42,35
Autocannon,stormscale,1763,warlock,destruction,60,32,28
Helldoom,drakthul,1763,warlock,destruction,247,122,125
Damnedhaze,stormscale,1763,warlock,destruction,169,83,86
Bufflockspls,outland,1762,warlock,destruction,114,65,49
Fearbót,kazzak,1762,warlock,destruction,84,47,37
Lockróck,silvermoon,1761,warlock,destruction,36,23,13
Mignetto,nemesis,1761,warlock,destruction,108,61,47
Warlockoloco,blackmoore,1760,warlock,destruction,202,113,89
Kronesx,tarren-mill,1759,warlock,destruction,52,23,29
Lokmonji,perenolde,1758,warlock,destruction,87,50,37
Manhart,burning-legion,1757,warlock,destruction,64,34,30
Dràghel,grim-batol,1756,warlock,destruction,36,21,15
Trîppîn,blackrock,1756,warlock,destruction,60,32,28
Nutyx,twisting-nether,1755,warlock,destruction,111,58,53
Véstheim,saurfang,1752,warlock,destruction,144,80,64
Eltharis,burning-legion,1752,warlock,destruction,103,53,50
Dualipa,arathor,1751,warlock,destruction,36,25,11
Voukserys,tarren-mill,1751,warlock,destruction,42,29,13
Chibbe,twisting-nether,1751,warlock,destruction,70,39,31
Shadowcaller,sylvanas,1751,warlock,destruction,63,30,33
Iolxdd,ravencrest,1750,warlock,destruction,181,97,84
Watchdots,blackrock,1750,warlock,destruction,72,37,35
Хирацука,howling-fjord,1749,warlock,destruction,45,31,14
Watchmecutt,terenas,1749,warlock,destruction,42,26,16
Brodir,aszune,1749,warlock,destruction,66,37,29
Рипхард,soulflayer,1749,warlock,destruction,57,31,26
Jazggzkekw,twisting-nether,1748,warlock,destruction,30,22,8
Hydrôlîc,blackrock,1748,warlock,destruction,36,20,16
Жизньтлён,gordunni,1748,warlock,destruction,120,66,54
Kenachaos,twisting-nether,1748,warlock,destruction,227,121,106
Rúbs,sylvanas,1747,warlock,destruction,168,83,85
Ðæthpäct,dalaran,1747,warlock,destruction,89,42,47
Steelock,kazzak,1746,warlock,destruction,51,30,21
Trâsto,cthun,1746,warlock,destruction,52,28,24
Zekarat,blackrock,1746,warlock,destruction,105,56,49
Demojun,silvermoon,1746,warlock,destruction,258,136,122
Belastiz,blackmoore,1745,warlock,destruction,108,61,47
Hamskurken,silvermoon,1744,warlock,destruction,58,33,25
Gjallarbrù,archimonde,1744,warlock,destruction,63,35,28
Pumpfake,ravencrest,1743,warlock,destruction,41,24,17
Fatburner,draenor,1743,warlock,destruction,48,28,20
Fearfearfear,archimonde,1743,warlock,destruction,84,41,43
Dslap,grim-batol,1742,warlock,destruction,42,25,17
Noskillfox,outland,1741,warlock,destruction,31,23,8
Guldån,twisting-nether,1741,warlock,destruction,42,24,18
Бриант,gordunni,1740,warlock,destruction,42,24,18
Gacknur,zuljin,1739,warlock,destruction,54,26,28
Энжелз,soulflayer,1738,warlock,destruction,37,19,18
Acrion,blackrock,1738,warlock,destruction,45,22,23
Neburlock,dun-modr,1738,warlock,destruction,72,35,37
Сумракз,soulflayer,1736,warlock,destruction,36,19,17
Chaosborn,ravencrest,1734,warlock,destruction,60,29,31
Lasuch,burning-legion,1733,warlock,destruction,36,24,12
Oz,uldum,1733,warlock,destruction,116,74,42
Стоишьвфире,gordunni,1732,warlock,destruction,42,21,21
Десло,thermaplugg,1731,warlock,destruction,42,25,17
Enragelock,tarren-mill,1730,warlock,destruction,95,60,35
Kaijim,aegwynn,1730,warlock,destruction,272,153,119
Asbest,blackrock,1730,warlock,destruction,82,42,40
Jegfaller,wildhammer,1730,warlock,destruction,254,128,126
Лёхаиммолейт,deathguard,1730,warlock,destruction,48,24,24
Vmorghuliss,sanguino,1729,warlock,destruction,114,52,62
Âkâl,ravencrest,1728,warlock,destruction,153,87,66
Jûgøbænned,aegwynn,1727,warlock,destruction,45,33,12
Jørdanna,blackrock,1727,warlock,destruction,72,40,32
Badguldan,blackmoore,1727,warlock,destruction,175,92,83
Sanshukar,ravencrest,1726,warlock,destruction,24,18,6
Curzed,emerald-dream,1726,warlock,destruction,68,40,28
Issyl,kazzak,1725,warlock,destruction,46,27,19
Whiteðevil,draenor,1725,warlock,destruction,42,24,18
Gravemxney,tarren-mill,1725,warlock,destruction,36,19,17
Benganqt,kazzak,1724,warlock,destruction,93,59,34
Precogbtw,ravencrest,1724,warlock,destruction,33,20,13
Ceu,tarren-mill,1724,warlock,destruction,135,72,63
Мерседэсс,gordunni,1723,warlock,destruction,48,30,18
Äåäåäåäåäåäå,ravencrest,1723,warlock,destruction,30,18,12
Scherzinger,archimonde,1722,warlock,destruction,30,18,12
Fearu,kazzak,1722,warlock,destruction,54,32,22
Freshademic,tarren-mill,1721,warlock,destruction,24,18,6
Denasty,nemesis,1721,warlock,destruction,68,40,28
Jawoxoxo,rexxar,1721,warlock,destruction,60,21,39
Killerbolt,blackmoore,1720,warlock,destruction,42,28,14
Requeims,outland,1720,warlock,destruction,40,24,16
Warlockery,argent-dawn,1720,warlock,destruction,90,50,40
Fulcanelli,sargeras,1720,warlock,destruction,45,23,22
Zuldanius,stormscale,1720,warlock,destruction,54,27,27
Лордандрюха,soulflayer,1719,warlock,destruction,36,23,13
Letmecast,sylvanas,1719,warlock,destruction,30,18,12
Ламэ,gordunni,1719,warlock,destruction,120,67,53
Contemtus,frostwhisper,1717,warlock,destruction,80,46,34
Fêâr,dun-modr,1715,warlock,destruction,34,24,10
Sxtynine,outland,1715,warlock,destruction,78,47,31
Mephaisto,kelthuzad,1715,warlock,destruction,48,26,22
Precogdiet,draenor,1714,warlock,destruction,24,18,6
Læsy,archimonde,1714,warlock,destruction,27,19,8
Nybbx,frostmane,1714,warlock,destruction,201,100,101
Блэклаш,soulflayer,1713,warlock,destruction,30,18,12
Fearlessgødx,ravencrest,1713,warlock,destruction,130,69,61
Soundmagic,silvermoon,1711,warlock,destruction,36,22,14
Igneutz,twisting-nether,1711,warlock,destruction,30,18,12
Veratus,dun-modr,1711,warlock,destruction,36,20,16
Cørpse,burning-legion,1710,warlock,destruction,58,39,19
Hupet,ragnaros,1710,warlock,destruction,72,39,33
Fløkee,blackmoore,1710,warlock,destruction,36,19,17
Zxò,twisting-nether,1710,warlock,destruction,147,75,72
Henmur,stormscale,1708,warlock,destruction,130,64,66
Trooverx,ravencrest,1707,warlock,destruction,35,25,10
Boumbye,ysondre,1707,warlock,destruction,38,23,15
Uzzi,dun-modr,1707,warlock,destruction,141,77,64
Shérlock,ravencrest,1707,warlock,destruction,48,26,22
Infinitefire,ravencrest,1707,warlock,destruction,42,22,20
Juïcylucy,kazzak,1705,warlock,destruction,170,94,76
Shadeisblack,tarren-mill,1704,warlock,destruction,41,23,18
Salastro,ragnaros,1703,warlock,destruction,77,42,35
Shádóws,nagrand,1703,warlock,destruction,243,128,115
Lillemarkus,tarren-mill,1703,warlock,destruction,78,38,40
Neoe,stormscale,1703,warlock,destruction,148,72,76
Hardnes,kazzak,1702,warlock,destruction,36,18,18
Nyriat,tarren-mill,1700,warlock,destruction,42,27,15
Titimon,tarren-mill,1700,warlock,destruction,134,68,66
Killning,medivh,1699,warlock,destruction,248,128,120
Dotalike,kazzak,1699,warlock,destruction,60,29,31
Tîllz,kargath,1698,warlock,destruction,24,22,2
Dotbotx,grim-batol,1698,warlock,destruction,36,23,13
Æhtrex,blackrock,1697,warlock,destruction,69,44,25
Twiseqtt,stormscale,1697,warlock,destruction,30,18,12
Alexindorf,silvermoon,1696,warlock,destruction,30,18,12
Orgebixx,blackmoore,1696,warlock,destruction,90,47,43
Ganjubass,tarren-mill,1695,warlock,destruction,195,104,91
Веномзхх,lich-king,1695,warlock,destruction,37,19,18
Шеизла,borean-tundra,1694,warlock,destruction,120,70,50
Pelea,silvermoon,1694,warlock,destruction,54,31,23
Локдлячепухи,soulflayer,1693,warlock,destruction,36,25,11
Sotapen,ragnaros,1693,warlock,destruction,152,89,63
Vankraken,silvermoon,1693,warlock,destruction,96,52,44
Gymenjoyer,ravencrest,1693,warlock,destruction,54,28,26
Lacape,dalaran,1692,warlock,destruction,48,30,18
Døtàndrun,archimonde,1692,warlock,destruction,48,28,20
Bellicus,tarren-mill,1691,warlock,destruction,53,32,21
Ванадий,soulflayer,1691,warlock,destruction,83,39,44
Ðôtgøðx,ravencrest,1691,warlock,destruction,60,28,32
Limecqt,dun-morogh,1691,warlock,destruction,65,30,35
Ekispekis,tarren-mill,1690,warlock,destruction,36,22,14
Neirah,stormscale,1690,warlock,destruction,71,37,34
Väladar,sanguino,1690,warlock,destruction,47,23,24
Cobràk,stormscale,1689,warlock,destruction,24,18,6
Öbsury,hyjal,1689,warlock,destruction,67,34,33
Chaosxd,outland,1688,warlock,destruction,36,22,14
Boyyano,tarren-mill,1688,warlock,destruction,30,18,12
Smøkerzz,silvermoon,1688,warlock,destruction,100,52,48
Nagassh,arathor,1687,warlock,destruction,41,26,15
Satyrilian,tarren-mill,1687,warlock,destruction,41,25,16
Noahh,kazzak,1687,warlock,destruction,173,100,73
Инфезиус,deathweaver,1686,warlock,destruction,30,18,12
Rénio,stormrage,1685,warlock,destruction,32,22,10
Nekros,archimonde,1685,warlock,destruction,60,39,21
Amited,drakthul,1685,warlock,destruction,95,52,43
Ilovebronko,blackrock,1685,warlock,destruction,101,53,48
Tenkem,dun-modr,1685,warlock,destruction,81,41,40
Darlih,ravencrest,1685,warlock,destruction,326,162,164
Mogwaï,blackhand,1684,warlock,destruction,160,86,74
Kêkèkékêk,kazzak,1683,warlock,destruction,31,25,6
Kasualix,ravencrest,1683,warlock,destruction,88,49,39
Fandirxd,draenor,1683,warlock,destruction,148,81,67
Vitrolizz,twilights-hammer,1682,warlock,destruction,62,25,37
Lolock,archimonde,1681,warlock,destruction,32,19,13
Thebigsuck,tarren-mill,1681,warlock,destruction,114,63,51
Føtmgodx,silvermoon,1680,warlock,destruction,96,54,42
Mizxxta,zuljin,1679,warlock,destruction,35,23,12
Candleburner,khaz-modan,1679,warlock,destruction,50,32,18
Tanón,sanguino,1679,warlock,destruction,73,45,28
Augge,tarren-mill,1679,warlock,destruction,64,38,26
Jamié,ragnaros,1679,warlock,destruction,57,31,26
Vimb,archimonde,1679,warlock,destruction,75,38,37
Bruzzlbube,blackhand,1678,warlock,destruction,42,23,19
Kìmar,amanthul,1678,warlock,destruction,132,71,61
Óop,outland,1678,warlock,destruction,72,37,35
Loulou,nagrand,1678,warlock,destruction,42,20,22
Darkwíngduck,aegwynn,1677,warlock,destruction,29,18,11
Chãn,ravencrest,1676,warlock,destruction,36,22,14
Kognah,defias-brotherhood,1676,warlock,destruction,54,31,23
Zvinto,the-maelstrom,1676,warlock,destruction,47,26,21
Uhlum,arthas,1676,warlock,destruction,123,68,55
Acidmvp,ravencrest,1676,warlock,destruction,72,38,34
Царьдарк,soulflayer,1676,warlock,destruction,42,22,20
Danidelarge,aegwynn,1676,warlock,destruction,70,36,34
Cynícal,blackmoore,1675,warlock,destruction,48,20,28
Rádiz,blackhand,1674,warlock,destruction,48,25,23
Gusvitori,sanguino,1673,warlock,destruction,42,23,19
Berkobaggins,ravencrest,1673,warlock,destruction,94,49,45
Forcas,archimonde,1672,warlock,destruction,250,134,116
Ødräcïe,twisting-nether,1672,warlock,destruction,42,18,24
Boomsparkle,blackrock,1671,warlock,destruction,36,23,13
Shreklock,burning-blade,1670,warlock,destruction,50,37,13
Deadmoneyz,twisting-nether,1670,warlock,destruction,30,18,12
Бонони,blackscar,1670,warlock,destruction,55,32,23
Wisdomness,aszune,1670,warlock,destruction,115,61,54
Koldarr,blackmoore,1670,warlock,destruction,194,101,93
Dotrulez,nemesis,1670,warlock,destruction,43,20,23
Trickslock,kazzak,1669,warlock,destruction,60,35,25
Schøkøbasher,blackrock,1669,warlock,destruction,42,24,18
Коилсестры,blackscar,1669,warlock,destruction,45,25,20
Rohlikov,drakthul,1669,warlock,destruction,48,26,22
Mønarch,argent-dawn,1669,warlock,destruction,85,46,39
Ahuicommem,hyjal,1668,warlock,destruction,43,25,18
Кейкегенкай,gordunni,1668,warlock,destruction,147,74,73
Lockukaracha,malganis,1667,warlock,destruction,57,38,19
Penorr,silvermoon,1667,warlock,destruction,36,19,17
Ahsykal,aegwynn,1667,warlock,destruction,60,28,32
Bwc,aegwynn,1666,warlock,destruction,30,20,10
Wilog,silvermoon,1665,warlock,destruction,67,38,29
Critchlock,tarren-mill,1665,warlock,destruction,65,35,30
Melydor,ragnaros,1665,warlock,destruction,81,42,39
Lokic,draenor,1665,warlock,destruction,52,24,28
Рипхард,gordunni,1665,warlock,destruction,54,23,31
Грэтиэн,howling-fjord,1663,warlock,destruction,339,177,162
Danidelarge,kazzak,1662,warlock,destruction,38,23,15
Lyconidas,magtheridon,1661,warlock,destruction,34,22,12
Unstablemind,nemesis,1661,warlock,destruction,33,19,14
Cräwley,ragnaros,1661,warlock,destruction,48,24,24
Bubalock,kazzak,1661,warlock,destruction,48,23,25
Sadixxqt,ravencrest,1660,warlock,destruction,36,24,12
Беллулар,howling-fjord,1660,warlock,destruction,36,22,14
Palihatschi,eredar,1660,warlock,destruction,59,24,35
Finsterfluch,conseil-des-ombres,1659,warlock,destruction,56,32,24
Helvetica,darksorrow,1659,warlock,destruction,88,47,41
Síggýy,eredar,1659,warlock,destruction,41,21,20
Eviil,tarren-mill,1658,warlock,destruction,36,22,14
Elvània,eredar,1658,warlock,destruction,66,38,28
Pestílentía,silvermoon,1657,warlock,destruction,66,42,24
Tóuché,aegwynn,1657,warlock,destruction,211,111,100
Fearbeachx,ravencrest,1657,warlock,destruction,42,22,20
Brútality,nethersturm,1657,warlock,destruction,130,60,70
Avogein,tarren-mill,1656,warlock,destruction,36,19,17
Ketzu,hyjal,1656,warlock,destruction,206,103,103
Miller,stormscale,1655,warlock,destruction,48,29,19
Kigro,burning-legion,1655,warlock,destruction,78,42,36
Enyras,nemesis,1655,warlock,destruction,42,22,20
Fatzké,kargath,1655,warlock,destruction,180,89,91
Despayr,tarren-mill,1654,warlock,destruction,114,57,57
Peacedust,grim-batol,1652,warlock,destruction,36,28,8
Gangleader,ravencrest,1652,warlock,destruction,47,30,17
Prayz,twisting-nether,1652,warlock,destruction,36,21,15
Deathcoîl,the-maelstrom,1652,warlock,destruction,42,22,20
Verixdots,antonidas,1651,warlock,destruction,50,31,19
Zoodíac,blackrock,1651,warlock,destruction,58,34,24
Neg,sylvanas,1651,warlock,destruction,41,22,19
Lókkíi,silvermoon,1651,warlock,destruction,316,168,148
Alucena,silvermoon,1651,warlock,destruction,103,53,50
Sleethy,destromath,1651,warlock,destruction,54,27,27
Pixelz,twisting-nether,1651,warlock,destruction,173,82,91
Jisera,kiljaeden,1651,warlock,destruction,42,19,23
Koffey,kazzak,1650,warlock,destruction,36,25,11
Spelldweller,silvermoon,1650,warlock,destruction,30,20,10
Siyruz,eredar,1650,warlock,destruction,82,48,34
Zerulian,ragnaros,1650,warlock,destruction,41,21,20
Kaspersdame,ravencrest,1650,warlock,destruction,47,24,23
Profesorr,defias-brotherhood,1650,warlock,destruction,42,21,21
Murdee,kazzak,1650,warlock,destruction,54,22,32
Søulcä,uldum,1649,warlock,destruction,30,23,7
Stickdüse,eredar,1649,warlock,destruction,84,42,42
Psýcholoc,kazzak,1648,warlock,destruction,38,25,13
Jawdrop,blackrock,1648,warlock,destruction,51,31,20
Miseryfull,archimonde,1648,warlock,destruction,111,66,45
Yoplen,drakthul,1648,warlock,destruction,116,67,49
Schrimz,blackrock,1648,warlock,destruction,57,26,31
Парачо,eversong,1648,warlock,destruction,68,30,38
Oldasiangirl,blackrock,1647,warlock,destruction,30,20,10
Ноубрейкс,blackscar,1647,warlock,destruction,102,65,37
Boglock,argent-dawn,1647,warlock,destruction,48,26,22
Testoorc,frostwolf,1647,warlock,destruction,146,75,71
Alexutzu,sylvanas,1646,warlock,destruction,66,42,24
Flamespitter,stormscale,1646,warlock,destruction,85,46,39
Spiciously,antonidas,1646,warlock,destruction,69,37,32
Domdon,stormscale,1646,warlock,destruction,72,37,35
Fearbîtch,ravencrest,1645,warlock,destruction,24,21,3
Ilikebolts,blackmoore,1645,warlock,destruction,36,21,15
Withered,nagrand,1645,warlock,destruction,42,23,19
Gorthunz,kazzak,1645,warlock,destruction,81,37,44
Xenq,ravencrest,1644,warlock,destruction,60,35,25
Slf,the-maelstrom,1644,warlock,destruction,54,23,31
Necksi,archimonde,1643,warlock,destruction,36,25,11
Brugo,zuljin,1643,warlock,destruction,72,39,33
Edrahil,lordaeron,1642,warlock,destruction,84,46,38
Skyamino,hyjal,1641,warlock,destruction,42,27,15
Таксидермия,gordunni,1641,warlock,destruction,243,124,119
Smíkz,blackhand,1640,warlock,destruction,59,36,23
Ltheory,aegwynn,1640,warlock,destruction,78,44,34
Felgød,ravencrest,1640,warlock,destruction,70,36,34
Гвоздяшка,blackscar,1640,warlock,destruction,85,41,44
Dotxalot,blackrock,1639,warlock,destruction,58,40,18
Dübêl,gorgonnash,1639,warlock,destruction,36,21,15
Marieejoana,nozdormu,1639,warlock,destruction,90,49,41
Lockostock,kazzak,1639,warlock,destruction,202,96,106
Trivalis,frostwolf,1638,warlock,destruction,84,49,35
Nerzhull,stormscale,1638,warlock,destruction,332,171,161
Evylock,draenor,1638,warlock,destruction,36,18,18
Иренхх,gordunni,1637,warlock,destruction,78,39,39
Tudii,frostwolf,1636,warlock,destruction,54,33,21
Draka,kazzak,1636,warlock,destruction,113,68,45
Idfearthat,ragnaros,1636,warlock,destruction,60,36,24
Shugglock,draenor,1636,warlock,destruction,42,23,19
Doomwrath,tarren-mill,1636,warlock,destruction,54,23,31
Nerfmebro,tarren-mill,1635,warlock,destruction,24,19,5
Адоха,howling-fjord,1635,warlock,destruction,121,67,54
Icritmore,stormscale,1635,warlock,destruction,78,42,36
Vreyax,aegwynn,1635,warlock,destruction,75,40,35
Orcwarlock,khadgar,1635,warlock,destruction,84,43,41
Zarastro,sunstrider,1635,warlock,destruction,266,135,131
Dotsfired,aegwynn,1635,warlock,destruction,96,45,51
Kìnvaras,tarren-mill,1634,warlock,destruction,40,23,17
Warlololock,malganis,1634,warlock,destruction,42,24,18
Skrikipanik,kazzak,1634,warlock,destruction,42,23,19
Dabzlol,twisting-nether,1633,warlock,destruction,34,22,12
Nerfwarriors,stormscale,1633,warlock,destruction,70,41,29
Sepulturá,thrall,1633,warlock,destruction,54,31,23
Puujäbäxd,stormscale,1633,warlock,destruction,42,21,21
Lonelock,blackrock,1632,warlock,destruction,50,32,18
Rakshazza,eredar,1632,warlock,destruction,114,61,53
Blackiouz,stormscale,1632,warlock,destruction,217,109,108
Простшутка,gordunni,1630,warlock,destruction,24,17,7
Agaton,twisting-nether,1630,warlock,destruction,24,17,7
Onono,eredar,1630,warlock,destruction,89,49,40
Funcky,terokkar,1630,warlock,destruction,48,19,29
Vaimex,stormscale,1629,warlock,destruction,30,20,10
Telodotto,nemesis,1629,warlock,destruction,30,17,13
Päwzy,kazzak,1629,warlock,destruction,84,46,38
Xoraith,runetotem,1629,warlock,destruction,42,23,19
Worro,eredar,1629,warlock,destruction,54,28,26
Ashykal,aegwynn,1629,warlock,destruction,120,57,63
Порртвейн,howling-fjord,1628,warlock,destruction,29,18,11
Happsõr,eredar,1628,warlock,destruction,36,21,15
Флойх,blackscar,1628,warlock,destruction,54,31,23
Aspas,outland,1628,warlock,destruction,77,43,34
Scallington,shattered-hand,1628,warlock,destruction,36,20,16
Тумнуктхай,gordunni,1628,warlock,destruction,114,59,55
Nherthul,sanguino,1628,warlock,destruction,261,133,128
Ludé,eredar,1628,warlock,destruction,141,71,70
Itstrippy,tarren-mill,1627,warlock,destruction,84,51,33
Cronai,silvermoon,1627,warlock,destruction,116,64,52
Nasiegboch,frostwolf,1627,warlock,destruction,155,82,73
Kyliân,blackmoore,1627,warlock,destruction,36,18,18
Spcnz,stormscale,1627,warlock,destruction,81,40,41
Disrupted,blackmoore,1627,warlock,destruction,48,21,27
Sgait,ravencrest,1626,warlock,destruction,24,20,4
Höglund,twisting-nether,1626,warlock,destruction,39,26,13
Веномхх,lich-king,1626,warlock,destruction,30,20,10
Какойтолок,blackscar,1626,warlock,destruction,108,65,43
Wåfa,kazzak,1626,warlock,destruction,54,32,22
Starlok,nemesis,1626,warlock,destruction,35,19,16
Reeween,argent-dawn,1626,warlock,destruction,66,35,31
Cencible,twisting-nether,1626,warlock,destruction,127,66,61
Fluch,area-52,1626,warlock,destruction,60,26,34
Соикулейн,gordunni,1625,warlock,destruction,29,23,6
Mobikagodx,drakthul,1625,warlock,destruction,27,19,8
Luwuock,twisting-nether,1625,warlock,destruction,30,21,9
Falakros,ravencrest,1625,warlock,destruction,89,52,37
Noomaca,drakthul,1625,warlock,destruction,222,111,111
Ánderx,dun-modr,1625,warlock,destruction,42,20,22
Maevex,stormscale,1625,warlock,destruction,42,18,24
Wryy,nemesis,1624,warlock,destruction,44,29,15
Azaïdun,khaz-modan,1624,warlock,destruction,72,43,29
Shortíì,thrall,1624,warlock,destruction,30,17,13
Dotsyoudown,kelthuzad,1624,warlock,destruction,133,72,61
Bionic,eredar,1624,warlock,destruction,36,17,19
Khoug,blackmoore,1624,warlock,destruction,60,27,33
Stazox,drakthul,1623,warlock,destruction,30,18,12
Quickccast,draenor,1623,warlock,destruction,97,58,39
Zéphon,blades-edge,1623,warlock,destruction,131,65,66
Britnèyfears,twisting-nether,1623,warlock,destruction,36,17,19
Flaming,ravencrest,1623,warlock,destruction,48,22,26
Póssiblyreef,silvermoon,1622,warlock,destruction,30,18,12
Isata,blackhand,1622,warlock,destruction,36,20,16
Cyanur,silvermoon,1622,warlock,destruction,36,19,17
Danishpistol,draenor,1622,warlock,destruction,81,39,42
Kasztyk,grim-batol,1621,warlock,destruction,47,27,20
Essealaes,stormscale,1621,warlock,destruction,35,18,17
Gravedîgger,aggra-português,1621,warlock,destruction,42,21,21
Zeñøñsama,blackrock,1621,warlock,destruction,39,18,21
Мураса,grom,1620,warlock,destruction,35,22,13
Zebauron,twisting-nether,1620,warlock,destruction,36,20,16
Seldonn,pozzo-delleternità,1620,warlock,destruction,35,18,17
Beåtrìce,archimonde,1620,warlock,destruction,63,31,32
Cokelight,thrall,1620,warlock,destruction,54,25,29
Datty,grim-batol,1619,warlock,destruction,24,17,7
Cloud,kazzak,1619,warlock,destruction,30,20,10
Kumas,hyjal,1619,warlock,destruction,50,32,18
Надсх,soulflayer,1619,warlock,destruction,30,17,13
Hongkonger,kazzak,1619,warlock,destruction,404,211,193
Zikozor,ravencrest,1618,warlock,destruction,28,18,10
Xtkeks,blackmoore,1618,warlock,destruction,47,30,17
Stavrogina,ravencrest,1618,warlock,destruction,30,17,13
Dragkur,sanguino,1618,warlock,destruction,59,31,28
Quarimathras,antonidas,1618,warlock,destruction,84,42,42
Flawzo,blackmoore,1617,warlock,destruction,84,46,38
Kàjah,outland,1617,warlock,destruction,42,23,19
Krøl,nemesis,1616,warlock,destruction,30,20,10
Husaì,laughing-skull,1616,warlock,destruction,88,58,30
Манфредх,gordunni,1616,warlock,destruction,107,57,50
Brokengodx,dun-modr,1616,warlock,destruction,84,43,41
Maevax,stormscale,1616,warlock,destruction,48,23,25
Nerfbolts,archimonde,1615,warlock,destruction,24,17,7
Höfmänn,kazzak,1615,warlock,destruction,73,48,25
Rhadaghast,outland,1615,warlock,destruction,77,45,32
Celphboss,twisting-nether,1615,warlock,destruction,48,28,20
Yasa,khaz-modan,1615,warlock,destruction,135,75,60
Turbonion,archimonde,1615,warlock,destruction,72,40,32
Tangolock,ravencrest,1615,warlock,destruction,82,42,40
Joemontana,blackrock,1615,warlock,destruction,42,20,22
Kozaras,tarren-mill,1614,warlock,destruction,24,17,7
Babáyàgá,blackhand,1614,warlock,destruction,176,102,74
Mcdonkus,chamber-of-aspects,1614,warlock,destruction,39,21,18
Монтадон,howling-fjord,1614,warlock,destruction,42,22,20
Jetsetmehmet,aegwynn,1614,warlock,destruction,84,40,44
Uralya,kazzak,1613,warlock,destruction,36,20,16
Saloninus,argent-dawn,1612,warlock,destruction,72,38,34
Necrofearz,sylvanas,1612,warlock,destruction,42,21,21
Opiumers,kazzak,1612,warlock,destruction,137,68,69
Nijva,silvermoon,1612,warlock,destruction,118,56,62
Exiled,dragonblight,1611,warlock,destruction,40,22,18
ßenäfflock,ragnaros,1611,warlock,destruction,42,22,20
Kaedinx,twisting-nether,1611,warlock,destruction,529,273,256
Jamzywarlock,kazzak,1611,warlock,destruction,47,23,24
Barbyqueue,kazzak,1610,warlock,destruction,34,24,10
Dödkärringx,auchindoun,1610,warlock,destruction,58,33,25
Pouletmicuie,archimonde,1610,warlock,destruction,74,39,35
Meatbot,tarren-mill,1609,warlock,destruction,46,31,15
Антетак,soulflayer,1609,warlock,destruction,40,23,17
Trinox,teldrassil,1609,warlock,destruction,54,31,23
Lockyswag,draenor,1609,warlock,destruction,66,37,29
Darkeds,dun-modr,1609,warlock,destruction,179,93,86
Lysanruth,la-croisade-écarlate,1609,warlock,destruction,156,79,77
Skrabblel,tarren-mill,1609,warlock,destruction,36,18,18
Gogonash,ravencrest,1609,warlock,destruction,58,26,32
Shaterz,dun-modr,1608,warlock,destruction,27,21,6
Ryssäbotti,stormscale,1608,warlock,destruction,31,23,8
Wushi,aggra-português,1608,warlock,destruction,42,27,15
Spykoosi,stormscale,1608,warlock,destruction,40,24,16
Esmuel,argent-dawn,1608,warlock,destruction,77,46,31
Хауда,gordunni,1608,warlock,destruction,232,115,117
Jpjpjp,gorgonnash,1607,warlock,destruction,72,46,26
Селикта,gordunni,1607,warlock,destruction,30,17,13
Фаердирка,blackscar,1607,warlock,destruction,36,19,17
Maxlox,tarren-mill,1607,warlock,destruction,35,17,18
Mayev,garrosh,1607,warlock,destruction,94,45,49
Гурджес,soulflayer,1606,warlock,destruction,42,29,13
Zoradiale,twisting-nether,1606,warlock,destruction,36,24,12
Kiros,ravencrest,1606,warlock,destruction,30,20,10
Ìzanamí,archimonde,1606,warlock,destruction,178,98,80
Ðêmøñîc,ravencrest,1606,warlock,destruction,36,17,19
Demonkïng,archimonde,1605,warlock,destruction,113,65,48
Севербрянск,soulflayer,1605,warlock,destruction,30,17,13
Dejin,tarren-mill,1605,warlock,destruction,30,17,13
Dispelpls,dun-morogh,1605,warlock,destruction,42,23,19
Холичорт,howling-fjord,1605,warlock,destruction,69,37,32
Tdoggydog,ragnaros,1605,warlock,destruction,60,32,28
Storloz,argent-dawn,1605,warlock,destruction,119,62,57
Vulluin,blackrock,1605,warlock,destruction,36,17,19
Çãél,ravencrest,1604,warlock,destruction,36,23,13
Felttofel,stormscale,1604,warlock,destruction,49,28,21
Garbageclass,outland,1604,warlock,destruction,36,20,16
Moelock,frostmane,1604,warlock,destruction,135,74,61
Sædotern,stormscale,1604,warlock,destruction,36,19,17
Lichlolocked,outland,1604,warlock,destruction,84,42,42
Reuhn,kazzak,1604,warlock,destruction,78,38,40
Mooncrushed,stormscale,1603,warlock,destruction,42,29,13
Zeinth,sanguino,1603,warlock,destruction,36,23,13
Nedivh,stormscale,1603,warlock,destruction,77,42,35
Striks,ragnaros,1603,warlock,destruction,82,44,38
Felhaen,silvermoon,1603,warlock,destruction,42,22,20
Dreamnyâsha,tarren-mill,1603,warlock,destruction,42,19,23
Gishor,burning-legion,1602,warlock,destruction,24,19,5
Sickening,twilights-hammer,1601,warlock,destruction,55,38,17
Maikus,stormscale,1601,warlock,destruction,42,26,16
Spõk,ysondre,1601,warlock,destruction,250,133,117
Wumz,sylvanas,1601,warlock,destruction,53,27,26
Dastey,stormscale,1601,warlock,destruction,36,18,18
Gash,malganis,1600,warlock,destruction,55,31,24
Hârzfeâr,blackmoore,1600,warlock,destruction,42,22,20
Letswreck,outland,1600,warlock,destruction,90,46,44
Мегаклещ,soulflayer,1600,warlock,destruction,48,23,25
Chaozvx,kazzak,1599,warlock,destruction,83,45,38
Hairyporta,blackmoore,1599,warlock,destruction,233,116,117
Kosfáce,tarren-mill,1598,warlock,destruction,111,60,51
Сорзи,thermaplugg,1598,warlock,destruction,89,46,43
Sneptics,draenor,1597,warlock,destruction,169,95,74
Tíktik,blackhand,1597,warlock,destruction,47,20,27
Golgir,draenor,1596,warlock,destruction,106,59,47
Drakedoge,draenor,1596,warlock,destruction,130,70,60
Napoloen,kazzak,1596,warlock,destruction,36,19,17
Zetsubo,drakthul,1595,warlock,destruction,55,34,21
Necrobtch,quelthalas,1595,warlock,destruction,36,21,15
Sibora,eredar,1595,warlock,destruction,48,26,22
Felcollíns,ravencrest,1593,warlock,destruction,30,19,11
Nimbin,taerar,1593,warlock,destruction,171,94,77
Bonemetz,blackmoore,1593,warlock,destruction,258,134,124
Ðîâblô,silvermoon,1593,warlock,destruction,80,41,39
Ñæly,ravencrest,1592,warlock,destruction,35,19,16
Whitebøy,hyjal,1592,warlock,destruction,51,27,24
Lugnalennart,tarren-mill,1592,warlock,destruction,211,108,103
Enzyw,drakthul,1591,warlock,destruction,36,27,9
Chaosbørn,twisting-nether,1590,warlock,destruction,40,26,14
Dreameater,twilights-hammer,1590,warlock,destruction,54,29,25
Dotys,sanguino,1589,warlock,destruction,45,31,14
Chaoxz,outland,1589,warlock,destruction,120,71,49
Börsenborisq,aegwynn,1589,warlock,destruction,59,28,31
Shaxlock,draenor,1588,warlock,destruction,129,71,58
Ezdotggwp,stormscale,1588,warlock,destruction,42,23,19
Morathy,drekthar,1588,warlock,destruction,46,23,23
Славеномен,howling-fjord,1587,warlock,destruction,270,139,131
Nøl,sargeras,1587,warlock,destruction,351,176,175
Hokmor,blutkessel,1586,warlock,destruction,90,49,41
Réxz,ravencrest,1586,warlock,destruction,72,36,36
Hexdoctor,ravencrest,1586,warlock,destruction,48,18,30
Ineri,hyjal,1585,warlock,destruction,30,17,13
Strikeførce,ravencrest,1585,warlock,destruction,111,57,54
Uneedtherapy,silvermoon,1584,warlock,destruction,54,33,21
Proctolock,garona,1584,warlock,destruction,95,57,38
Jinxme,tarren-mill,1584,warlock,destruction,143,77,66
Kkomradee,kazzak,1584,warlock,destruction,67,34,33
Hellguards,silvermoon,1584,warlock,destruction,89,41,48
Kenjix,blackrock,1584,warlock,destruction,54,23,31
Pelkopeelo,tarren-mill,1583,warlock,destruction,83,45,38
Jumbodot,tarren-mill,1583,warlock,destruction,74,40,34
Voidzero,hyjal,1583,warlock,destruction,41,19,22
Adipure,blackrock,1583,warlock,destruction,42,19,23
Highimhi,kazzak,1582,warlock,destruction,30,18,12
Articfox,outland,1582,warlock,destruction,128,67,61
Дуэлистка,soulflayer,1581,warlock,destruction,53,32,21
Deruud,defias-brotherhood,1581,warlock,destruction,170,89,81
Nitmoredots,dun-modr,1581,warlock,destruction,54,26,28
Sfwicked,tarren-mill,1580,warlock,destruction,36,22,14
Furchtnervt,thrall,1579,warlock,destruction,36,19,17
Mihø,hyjal,1579,warlock,destruction,86,44,42
Мицуру,howling-fjord,1578,warlock,destruction,112,64,48
Shóx,blackmoore,1578,warlock,destruction,36,19,17
Docik,kazzak,1577,warlock,destruction,106,52,54
Jaines,forscherliga,1577,warlock,destruction,47,20,27
Slàsh,hyjal,1576,warlock,destruction,54,36,18
Жузек,howling-fjord,1576,warlock,destruction,84,49,35
Sûdh,sanguino,1576,warlock,destruction,108,61,47
Ketamol,ravencrest,1576,warlock,destruction,69,37,32
Xuthil,korgall,1576,warlock,destruction,200,100,100
Wîse,archimonde,1575,warlock,destruction,30,19,11
Mirah,ragnaros,1575,warlock,destruction,53,31,22
Mariahscary,auchindoun,1575,warlock,destruction,36,21,15
Rúbedo,thrall,1575,warlock,destruction,35,19,16
Gentoo,xavius,1575,warlock,destruction,74,40,34
Грань,ashenvale,1575,warlock,destruction,277,146,131
Cazzo,burning-blade,1575,warlock,destruction,349,179,170
Kgg,outland,1575,warlock,destruction,117,58,59
Naslock,twisting-nether,1575,warlock,destruction,42,20,22
Ánárchy,stormscale,1572,warlock,destruction,42,22,20
Boltonez,outland,1572,warlock,destruction,144,67,77
Hajslaktarn,twisting-nether,1571,warlock,destruction,76,39,37
Áutísm,silvermoon,1570,warlock,destruction,138,71,67
Sirmic,hyjal,1570,warlock,destruction,101,51,50
Jeffmillss,defias-brotherhood,1569,warlock,destruction,36,22,14
Lovromalt,kazzak,1569,warlock,destruction,54,29,25
Empod,ragnaros,1569,warlock,destruction,53,23,30
Visable,kazzak,1568,warlock,destruction,36,19,17
Qzkimp,hyjal,1568,warlock,destruction,42,22,20
Elyö,dalaran,1568,warlock,destruction,530,255,275
Bolt,stormscale,1567,warlock,destruction,112,64,48
Willthehoe,alonsus,1567,warlock,destruction,47,23,24
Lúcìfér,stormscale,1567,warlock,destruction,48,19,29
Bmblockerina,blackrock,1566,warlock,destruction,60,36,24
Woòkz,argent-dawn,1566,warlock,destruction,154,85,69
Fatkkroth,ravencrest,1565,warlock,destruction,49,30,19
Depressor,ragnaros,1565,warlock,destruction,118,56,62
Акэти,borean-tundra,1563,warlock,destruction,54,26,28
Rackare,darksorrow,1562,warlock,destruction,30,21,9
Shblakk,outland,1562,warlock,destruction,42,23,19
Nèrfxløl,ragnaros,1561,warlock,destruction,58,40,18
Аркейнмизери,howling-fjord,1561,warlock,destruction,34,23,11
Нгага,howling-fjord,1561,warlock,destruction,456,233,223
Bh,ragnaros,1561,warlock,destruction,129,64,65
Stromzii,silvermoon,1560,warlock,destruction,146,70,76
Датри,grom,1559,warlock,destruction,30,23,7
Pliixme,ysondre,1559,warlock,destruction,41,20,21
Ael,chogall,1558,warlock,destruction,82,51,31
Sneps,azshara,1558,warlock,destruction,36,21,15
Parásitø,zuljin,1557,warlock,destruction,35,20,15
Tropìcal,grim-batol,1557,warlock,destruction,36,17,19
Kerthan,malorne,1556,warlock,destruction,167,92,75
Britneyfears,burning-legion,1556,warlock,destruction,36,18,18
Færqt,blackrock,1556,warlock,destruction,42,18,24
Ajgreedyy,grim-batol,1555,warlock,destruction,60,30,30
Chaøs,thrall,1554,warlock,destruction,30,22,8
Zexan,drakthul,1554,warlock,destruction,48,34,14
Трудзастафф,gordunni,1554,warlock,destruction,72,30,42
Inoculum,xavius,1553,warlock,destruction,89,45,44
Kresnyk,kazzak,1551,warlock,destruction,109,58,51
Flocca,archimonde,1551,warlock,destruction,89,44,45
Экспло,ashenvale,1550,warlock,destruction,60,38,22
Gango,outland,1549,warlock,destruction,74,41,33
Nàchtt,archimonde,1549,warlock,destruction,114,58,56
Beerdurschd,antonidas,1547,warlock,destruction,45,29,16
Octoba,kirin-tor,1547,warlock,destruction,30,19,11
Chaosboltlol,ravencrest,1547,warlock,destruction,36,22,14
Ïori,hyjal,1547,warlock,destruction,65,31,34
Morrowgleam,outland,1546,warlock,destruction,26,17,9
Bellua,twisting-nether,1546,warlock,destruction,77,42,35
Chubson,tarren-mill,1545,warlock,destruction,56,26,30
Nazmordith,argent-dawn,1545,warlock,destruction,68,29,39
Salazaros,die-silberne-hand,1544,warlock,destruction,90,49,41
Robertóoo,burning-legion,1544,warlock,destruction,89,48,41
Èrmes,eldrethalas,1544,warlock,destruction,154,81,73
Böggilock,tarren-mill,1543,warlock,destruction,40,24,16
Nøxxlock,blackhand,1543,warlock,destruction,149,79,70
Rawsauce,outland,1542,warlock,destruction,20,17,3
Bigbadgoblin,kazzak,1542,warlock,destruction,30,20,10
Veoxohr,argent-dawn,1542,warlock,destruction,132,80,52
Бомбшелл,soulflayer,1542,warlock,destruction,44,19,25
Spoíl,tarren-mill,1541,warlock,destruction,60,32,28
Atraped,zuljin,1541,warlock,destruction,274,141,133
Fearster,twisting-nether,1540,warlock,destruction,77,47,30
Litox,twisting-nether,1538,warlock,destruction,129,63,66
Veanice,eredar,1538,warlock,destruction,46,20,26
Frilante,terokkar,1537,warlock,destruction,86,55,31
Unrealia,hyjal,1537,warlock,destruction,168,90,78
Cursedotexe,ragnaros,1537,warlock,destruction,144,75,69
Депрессыш,gordunni,1537,warlock,destruction,42,21,21
Babakrake,alleria,1536,warlock,destruction,42,24,18
Enei,drakthul,1536,warlock,destruction,48,26,22
Ðemise,antonidas,1536,warlock,destruction,69,33,36
Guldinfy,outland,1535,warlock,destruction,18,16,2
Nkwango,blackmoore,1535,warlock,destruction,24,16,8
Sizexl,silvermoon,1535,warlock,destruction,24,16,8
Anderxyo,sanguino,1535,warlock,destruction,24,16,8
Crueliadevil,stormscale,1535,warlock,destruction,181,88,93
Fogboi,tarren-mill,1535,warlock,destruction,36,17,19
Bustabrinka,aggra-português,1534,warlock,destruction,18,16,2
Potatowl,ravencrest,1534,warlock,destruction,18,16,2
Gulleigh,draenor,1534,warlock,destruction,58,27,31
Shortyi,thrall,1533,warlock,destruction,24,16,8
Syntax,blackmoore,1533,warlock,destruction,24,16,8
Valcan,ragnaros,1533,warlock,destruction,133,75,58
Calypso,korgall,1533,warlock,destruction,30,16,14
Вайнпрессх,gordunni,1533,warlock,destruction,36,16,20
Zamahell,marécage-de-zangar,1532,warlock,destruction,24,17,7
Britneÿ,stormscale,1532,warlock,destruction,30,16,14
Debz,twisting-nether,1531,warlock,destruction,25,16,9
Azthral,nemesis,1531,warlock,destruction,334,166,168
Notben,outland,1529,warlock,destruction,18,16,2
Aoea,draenor,1529,warlock,destruction,24,16,8
Cringelord,vashj,1528,warlock,destruction,18,16,2
Golansobolt,sanguino,1528,warlock,destruction,30,16,14
Slëydark,sanguino,1528,warlock,destruction,32,17,15
Kenthal,nemesis,1528,warlock,destruction,75,34,41
Mêgasn,blackhand,1527,warlock,destruction,24,16,8
Ммотаро,soulflayer,1527,warlock,destruction,27,17,10
Toliver,drakthul,1527,warlock,destruction,78,44,34
Thorvos,blackmoore,1527,warlock,destruction,45,21,24
Шекигами,gordunni,1526,warlock,destruction,30,16,14
Веберх,howling-fjord,1523,warlock,destruction,30,16,14
Koonlock,kazzak,1523,warlock,destruction,145,77,68
Dotzéro,ravencrest,1523,warlock,destruction,66,34,32
Parley,frostmane,1523,warlock,destruction,54,27,27
Nÿhf,kirin-tor,1523,warlock,destruction,47,21,26
Фирджеден,fordragon,1522,warlock,destruction,134,78,56
Raywl,blackmoore,1522,warlock,destruction,36,19,17
Dzey,drakthul,1522,warlock,destruction,128,67,61
Мамкадгара,howling-fjord,1522,warlock,destruction,35,17,18
Weso,grim-batol,1522,warlock,destruction,73,34,39
Инкубычь,gordunni,1521,warlock,destruction,24,16,8
Darkironhuan,blackrock,1521,warlock,destruction,42,25,17
Jackyfalls,blackmoore,1521,warlock,destruction,30,16,14
Kicx,blackrock,1521,warlock,destruction,47,25,22
Bisacodyl,outland,1521,warlock,destruction,107,56,51
Malinki,silvermoon,1521,warlock,destruction,42,20,22
Afflimoomoo,tarren-mill,1521,warlock,destruction,120,57,63
Hathatchi,sylvanas,1521,warlock,destruction,96,45,51
Proßlock,kazzak,1521,warlock,destruction,116,54,62
Goodclass,tarren-mill,1520,warlock,destruction,24,17,7
Яжбатько,howling-fjord,1520,warlock,destruction,78,40,38
Чернаяскала,howling-fjord,1520,warlock,destruction,91,44,47
Vincewl,ravencrest,1519,warlock,destruction,90,49,41
Героуд,howling-fjord,1519,warlock,destruction,141,75,66
Bottmbolt,blackhand,1519,warlock,destruction,69,36,33
Дэнаа,fordragon,1519,warlock,destruction,325,161,164
Banelock,dentarg,1518,warlock,destruction,84,41,43
Kamí,sanguino,1518,warlock,destruction,77,37,40
Wauwish,stormscale,1517,warlock,destruction,89,52,37
Noctiz,pozzo-delleternità,1517,warlock,destruction,113,62,51
Asreaël,uldum,1517,warlock,destruction,60,32,28
Yazurí,ravencrest,1516,warlock,destruction,24,16,8
Silås,hyjal,1516,warlock,destruction,52,31,21
Stürmer,thrall,1516,warlock,destruction,108,59,49
Puppylover,outland,1515,warlock,destruction,42,30,12
Lockdest,outland,1515,warlock,destruction,125,61,64
Chapo,alleria,1515,warlock,destruction,48,21,27
Dbwl,kazzak,1514,warlock,destruction,24,16,8
Gengada,blackhand,1514,warlock,destruction,90,50,40
Lottopallo,arathor,1514,warlock,destruction,30,16,14
Makaspam,stormscale,1514,warlock,destruction,130,65,65
Xcstacy,kazzak,1514,warlock,destruction,36,18,18
Misscringe,silvermoon,1514,warlock,destruction,168,83,85
Falock,tarren-mill,1513,warlock,destruction,48,28,20
Wagwann,argent-dawn,1513,warlock,destruction,54,31,23
Usianbølts,blackmoore,1513,warlock,destruction,30,16,14
Zoh,archimonde,1513,warlock,destruction,185,92,93
Lêxia,shattrath,1513,warlock,destruction,42,16,26
Gimlidota,tarren-mill,1512,warlock,destruction,172,90,82
Horsewarlock,stormscale,1512,warlock,destruction,125,62,63
Shayexen,tarren-mill,1511,warlock,destruction,36,17,19
Ghostfiend,tarren-mill,1510,warlock,destruction,54,35,19
Mellisandre,hellfire,1510,warlock,destruction,42,25,17
Cardinall,drakthul,1510,warlock,destruction,118,66,52
Lorelèi,silvermoon,1508,warlock,destruction,52,29,23
Sydneyshaw,draenor,1508,warlock,destruction,71,32,39
Sertdene,ravencrest,1507,warlock,destruction,54,31,23
Xerthula,blackmoore,1507,warlock,destruction,30,16,14
Kasuni,sanguino,1507,warlock,destruction,72,30,42
Altfdrölf,blackhand,1506,warlock,destruction,31,21,10
Sylvxgodx,kazzak,1506,warlock,destruction,60,37,23
Mortuáry,drakthul,1506,warlock,destruction,90,45,45
Craynos,die-arguswacht,1505,warlock,destruction,89,46,43
Ностра,gordunni,1504,warlock,destruction,66,34,32
Kwoh,saurfang,1504,warlock,destruction,33,17,16
Hipiwl,silvermoon,1504,warlock,destruction,72,37,35
Emalinne,argent-dawn,1504,warlock,destruction,56,28,28
Morgan,jaedenar,1503,warlock,destruction,96,52,44
Leídernein,blutkessel,1503,warlock,destruction,42,22,20
Plamena,neptulon,1502,warlock,destruction,89,50,39
Banishedone,stormreaver,1502,warlock,destruction,105,56,49
Fatos,nemesis,1502,warlock,destruction,30,16,14
Zeelotko,drakthul,1500,warlock,destruction,129,73,56
Rotinhell,kazzak,1500,warlock,destruction,165,80,85
Beepbepp,grim-batol,1499,warlock,destruction,58,38,20
Voidislife,alakir,1499,warlock,destruction,201,104,97
Cronice,ravencrest,1499,warlock,destruction,134,62,72
Misleev,pozzo-delleternità,1499,warlock,destruction,152,66,86
Flumez,stormscale,1498,warlock,destruction,72,43,29
Jaimê,thrall,1498,warlock,destruction,106,57,49
Nicodemo,tarren-mill,1498,warlock,destruction,30,16,14
Evillinna,frostmane,1498,warlock,destruction,119,62,57
Fatbëlly,argent-dawn,1498,warlock,destruction,179,88,91
Nerdbane,blackrock,1497,warlock,destruction,105,57,48
Necradin,defias-brotherhood,1497,warlock,destruction,93,48,45
Xanatas,nemesis,1496,warlock,destruction,54,32,22
Azastarax,archimonde,1496,warlock,destruction,30,17,13
Boccu,magtheridon,1496,warlock,destruction,85,46,39
Lînden,magtheridon,1496,warlock,destruction,30,16,14
Interceptêr,blackrock,1496,warlock,destruction,36,18,18
Naemys,archimonde,1495,warlock,destruction,57,36,21
Merdotz,outland,1495,warlock,destruction,43,26,17
Marklock,drakthul,1495,warlock,destruction,79,47,32
Горгзок,howling-fjord,1495,warlock,destruction,48,24,24
Helgorak,ragnaros,1495,warlock,destruction,60,27,33
Kïng,elune,1494,warlock,destruction,66,34,32
Darthvder,sylvanas,1493,warlock,destruction,43,24,19
Bazoo,nathrezim,1493,warlock,destruction,239,115,124
Warlocat,the-maelstrom,1493,warlock,destruction,72,34,38
Falel,das-konsortium,1492,warlock,destruction,24,19,5
Azaêl,azshara,1492,warlock,destruction,123,57,66
Cørleen,eredar,1492,warlock,destruction,130,58,72
Tôertchen,aegwynn,1491,warlock,destruction,24,16,8
Aznel,nemesis,1491,warlock,destruction,37,22,15
Aloof,outland,1491,warlock,destruction,243,123,120
Weexi,kazzak,1490,warlock,destruction,32,20,12
Khano,twisting-nether,1490,warlock,destruction,147,79,68
Колдунишка,fordragon,1490,warlock,destruction,117,62,55
Маларгас,soulflayer,1490,warlock,destruction,206,109,97
Gyroib,stormscale,1489,warlock,destruction,65,37,28
Chaosprophet,argent-dawn,1489,warlock,destruction,50,28,22
Nebulus,lightnings-blade,1489,warlock,destruction,151,76,75
Zerøskil,blackrock,1488,warlock,destruction,24,16,8
Bowti,ravencrest,1488,warlock,destruction,100,63,37
Juicyj,twisting-nether,1488,warlock,destruction,50,23,27
Lilbolty,outland,1488,warlock,destruction,42,18,24
Noxii,gorgonnash,1487,warlock,destruction,72,39,33
Acrowley,twisting-nether,1487,warlock,destruction,52,26,26
Scaevóla,ravencrest,1486,warlock,destruction,252,129,123
Belnea,draenor,1485,warlock,destruction,33,18,15
Graveshaker,quelthalas,1485,warlock,destruction,38,20,18
Diabló,outland,1485,warlock,destruction,36,18,18
Lubomirek,turalyon,1484,warlock,destruction,30,17,13
Murishani,durotan,1483,warlock,destruction,30,18,12
Lockteb,tarren-mill,1483,warlock,destruction,35,20,15
Wicherson,burning-legion,1483,warlock,destruction,49,24,25
Demoslik,hyjal,1483,warlock,destruction,60,27,33
Xârtôr,blackrock,1482,warlock,destruction,182,99,83
Pipêz,blackmoore,1480,warlock,destruction,89,52,37
Kamehamehaa,stormscale,1479,warlock,destruction,36,24,12
Nokickplz,nemesis,1479,warlock,destruction,57,30,27
Gigabolt,turalyon,1478,warlock,destruction,53,31,22
Drainurlife,stormscale,1478,warlock,destruction,78,42,36
Чернокнжник,soulflayer,1478,warlock,destruction,48,24,24
Cavekid,tarren-mill,1477,warlock,destruction,36,21,15
Ipme,sanguino,1477,warlock,destruction,47,27,20
Kiritsugi,aszune,1476,warlock,destruction,65,38,27
Иванфаков,soulflayer,1475,warlock,destruction,29,17,12
Zeddy,draenor,1475,warlock,destruction,120,67,53
Biotic,dun-modr,1475,warlock,destruction,42,18,24
Onetwobolt,archimonde,1474,warlock,destruction,169,86,83
Farlier,draenor,1474,warlock,destruction,95,47,48
Désolaté,kazzak,1474,warlock,destruction,36,17,19
Kvanmor,kaelthas,1474,warlock,destruction,98,46,52
Waandi,ravencrest,1473,warlock,destruction,46,28,18
Kirillkaá,blackhand,1472,warlock,destruction,54,32,22
Inflamis,stormscale,1472,warlock,destruction,60,34,26
Егосяхаос,soulflayer,1472,warlock,destruction,84,42,42
Törtidotcom,blackrock,1472,warlock,destruction,42,20,22
Раздирающая,gordunni,1471,warlock,destruction,46,30,16
Quasimodó,aegwynn,1471,warlock,destruction,79,48,31
Marenov,kazzak,1471,warlock,destruction,108,53,55
Érunali,archimonde,1470,warlock,destruction,23,16,7
Xtleonidas,uldum,1470,warlock,destruction,132,64,68
Féar,doomhammer,1469,warlock,destruction,51,29,22
Ammathrel,moonglade,1469,warlock,destruction,99,49,50
Blackmagic,stormscale,1467,warlock,destruction,218,109,109
Bossmanluke,defias-brotherhood,1466,warlock,destruction,29,16,13
Dérbombér,guldan,1466,warlock,destruction,36,19,17
Mazaear,stormscale,1465,warlock,destruction,69,36,33
Zloezlo,ravencrest,1464,warlock,destruction,182,90,92
Holaw,tarren-mill,1464,warlock,destruction,84,41,43
Mvpðøtx,ravencrest,1463,warlock,destruction,45,28,17
Лешабетон,gordunni,1463,warlock,destruction,28,16,12
Magicstick,eredar,1463,warlock,destruction,89,41,48
Adoy,tarren-mill,1462,warlock,destruction,123,69,54
Balgo,blackmoore,1462,warlock,destruction,60,32,28
Datendariza,kazzak,1462,warlock,destruction,116,60,56
Longdickie,ravencrest,1461,warlock,destruction,30,19,11
Snackstickz,twisting-nether,1461,warlock,destruction,48,25,23
Quanchí,kazzak,1460,warlock,destruction,35,24,11
Tomiaa,burning-legion,1460,warlock,destruction,60,27,33
Vactor,stormscale,1460,warlock,destruction,46,20,26
Nhéon,archimonde,1459,warlock,destruction,36,21,15
Eotlid,shattered-hand,1459,warlock,destruction,45,26,19
Chyther,ragnaros,1459,warlock,destruction,48,26,22
Пъё,howling-fjord,1459,warlock,destruction,131,60,71
Codeincody,blackhand,1459,warlock,destruction,47,19,28
Spaså,kazzak,1458,warlock,destruction,42,23,19
Bte,draenor,1458,warlock,destruction,46,25,21
Peardrax,draenor,1458,warlock,destruction,73,38,35
Кулутха,soulflayer,1457,warlock,destruction,37,21,16
Maxiabe,hyjal,1457,warlock,destruction,78,43,35
Sherrÿ,ragnaros,1457,warlock,destruction,54,29,25
Dôtski,kazzak,1456,warlock,destruction,137,79,58
Fandusttwo,drakthul,1456,warlock,destruction,60,32,28
Nosoulnoprob,sylvanas,1456,warlock,destruction,108,54,54
Бигбрейн,soulflayer,1455,warlock,destruction,54,28,26
Vahron,kirin-tor,1455,warlock,destruction,91,41,50
Zöyarüm,outland,1454,warlock,destruction,42,22,20
Даремно,gordunni,1454,warlock,destruction,48,24,24
Aleê,twisting-nether,1454,warlock,destruction,47,23,24
Perius,zuluhed,1454,warlock,destruction,90,39,51
Lockybàlboa,tarren-mill,1453,warlock,destruction,48,29,19
Белвет,blackscar,1452,warlock,destruction,92,42,50
Lucifer,burning-legion,1451,warlock,destruction,48,26,22
Rensayy,ysondre,1450,warlock,destruction,30,21,9
Banshore,ysondre,1450,warlock,destruction,47,29,18
Mummraa,ravencrest,1449,warlock,destruction,53,31,22
Vicktorious,stormscale,1448,warlock,destruction,356,184,172
Tzeeñtch,tarren-mill,1448,warlock,destruction,122,58,64
Blackwizard,theradras,1447,warlock,destruction,159,82,77
Asmonmald,stormscale,1447,warlock,destruction,462,236,226
Malumbra,argent-dawn,1447,warlock,destruction,42,19,23
Lobotomic,argent-dawn,1446,warlock,destruction,39,23,16
Amadéth,twisting-nether,1446,warlock,destruction,38,22,16
Hasibe,ravencrest,1446,warlock,destruction,42,24,18
Meeatcookie,burning-legion,1444,warlock,destruction,25,17,8
Hellsplat,tarren-mill,1444,warlock,destruction,48,26,22
Kolosh,twisting-nether,1444,warlock,destruction,53,27,26
Gledoc,outland,1443,warlock,destruction,36,22,14
Helkásh,tarren-mill,1443,warlock,destruction,66,31,35
Diablesse,dun-modr,1441,warlock,destruction,118,59,59
Unknownlock,tarren-mill,1441,warlock,destruction,48,22,26
Samyoung,kazzak,1440,warlock,destruction,120,64,56
Rénna,twisting-nether,1439,warlock,destruction,24,15,9
Биохозард,deathguard,1439,warlock,destruction,141,77,64
Amyw,magtheridon,1439,warlock,destruction,50,26,24
Микурочка,gordunni,1439,warlock,destruction,106,54,52
Mavelya,blackmoore,1439,warlock,destruction,106,53,53
Uelimueli,onyxia,1439,warlock,destruction,71,35,36
Rhaelgar,kazzak,1439,warlock,destruction,60,29,31
Auxi,the-maelstrom,1438,warlock,destruction,115,62,53
Dzimmi,kazzak,1438,warlock,destruction,42,22,20
Ignorantduck,sunstrider,1438,warlock,destruction,51,25,26
Dahisx,ravencrest,1437,warlock,destruction,18,15,3
Wimbii,outland,1437,warlock,destruction,24,15,9
Nádjá,ravencrest,1437,warlock,destruction,24,15,9
Навидд,howling-fjord,1437,warlock,destruction,24,15,9
Wedlock,stormscale,1437,warlock,destruction,70,40,30
Ragequit,xavius,1437,warlock,destruction,29,16,13
Thugsupreme,ravencrest,1437,warlock,destruction,78,41,37
Zombpunk,sanguino,1437,warlock,destruction,124,64,60
Shiammetrý,kazzak,1437,warlock,destruction,30,15,15
Laoganma,outland,1436,warlock,destruction,18,15,3
Greeylock,blackhand,1436,warlock,destruction,27,18,9
Sopingsop,chants-éternels,1436,warlock,destruction,48,25,23
Ketriicken,argent-dawn,1436,warlock,destruction,108,55,53
Rhss,stormscale,1436,warlock,destruction,30,15,15
Elldialock,draenor,1436,warlock,destruction,30,15,15
Bivör,blackmoore,1436,warlock,destruction,80,34,46
Анвена,soulflayer,1435,warlock,destruction,24,15,9
Kàdszèle,ragnaros,1435,warlock,destruction,34,19,15
Sinsemilla,turalyon,1434,warlock,destruction,93,52,41
Bondejohn,ravencrest,1434,warlock,destruction,30,16,14
Impmuncher,twisting-nether,1434,warlock,destruction,30,15,15
Fynxo,blackmoore,1433,warlock,destruction,24,16,8
Азерок,howling-fjord,1433,warlock,destruction,60,31,29
Gillgarres,twisting-nether,1432,warlock,destruction,238,121,117
Flockyy,draenor,1431,warlock,destruction,28,16,12
Demonslayer,khaz-modan,1431,warlock,destruction,30,17,13
Гуслин,soulflayer,1431,warlock,destruction,70,38,32
Oldefar,ravencrest,1430,warlock,destruction,24,15,9
Slavecry,silvermoon,1430,warlock,destruction,24,15,9
Softcøre,blackmoore,1430,warlock,destruction,48,29,19
Калестонх,soulflayer,1430,warlock,destruction,60,36,24
Southylolz,stormscale,1430,warlock,destruction,30,15,15
Skuvee,archimonde,1429,warlock,destruction,23,18,5
Дасведули,deepholm,1429,warlock,destruction,36,20,16
Antoniolm,cthun,1429,warlock,destruction,60,30,30
Chroll,nerathor,1427,warlock,destruction,84,52,32
Isata,ravencrest,1427,warlock,destruction,109,61,48
Iriepathie,nozdormu,1426,warlock,destruction,48,22,26
Palmangel,draenor,1426,warlock,destruction,42,17,25
Муза,gordunni,1425,warlock,destruction,56,30,26
Onyw,onyxia,1424,warlock,destruction,24,15,9
Shufflous,ghostlands,1424,warlock,destruction,28,16,12
Krukke,tarren-mill,1424,warlock,destruction,54,28,26
Геролин,goldrinn,1421,warlock,destruction,103,50,53
Shazem,tarren-mill,1420,warlock,destruction,24,15,9
Durátor,ravencrest,1419,warlock,destruction,24,15,9
Drarken,sylvanas,1418,warlock,destruction,18,15,3
Сайзэр,howling-fjord,1418,warlock,destruction,159,77,82
Ðreaðlock,stormscale,1418,warlock,destruction,94,41,53
Mty,bronze-dragonflight,1417,warlock,destruction,53,28,25
Smileyfacè,silvermoon,1417,warlock,destruction,74,29,45
Elhäbedehä,blackrock,1416,warlock,destruction,30,19,11
Rakoru,blackmoore,1416,warlock,destruction,30,15,15
Некусайсасай,galakrond,1415,warlock,destruction,47,30,17
Hydrochloric,emerald-dream,1415,warlock,destruction,36,22,14
Сатенекс,soulflayer,1415,warlock,destruction,77,45,32
Midnigthh,sanguino,1415,warlock,destruction,30,16,14
Ablas,bladefist,1415,warlock,destruction,122,54,68
Déemón,draenor,1414,warlock,destruction,28,19,9
Sinthax,aegwynn,1414,warlock,destruction,24,15,9
Fearlólz,stormscale,1414,warlock,destruction,30,15,15
Línkéd,blackmoore,1413,warlock,destruction,72,32,40
Buddyparty,blackrock,1412,warlock,destruction,40,26,14
Gehirnwäsche,frostwolf,1412,warlock,destruction,34,22,12
Shadowscurse,sylvanas,1412,warlock,destruction,54,25,29
Mootay,drekthar,1411,warlock,destruction,36,16,20
Barro,das-syndikat,1410,warlock,destruction,32,17,15
Sippe,laughing-skull,1410,warlock,destruction,36,16,20
Niszoght,dun-modr,1409,warlock,destruction,128,80,48
Бирел,soulflayer,1409,warlock,destruction,24,15,9
Azzoaa,defias-brotherhood,1408,warlock,destruction,60,29,31
Trickyy,azjolnerub,1407,warlock,destruction,69,39,30
Czx,twisting-nether,1407,warlock,destruction,42,22,20
Natsume,ragnaros,1407,warlock,destruction,43,21,22
Kashdrakor,twisting-nether,1406,warlock,destruction,34,16,18
Maedx,outland,1406,warlock,destruction,39,17,22
Zlohell,drakthul,1405,warlock,destruction,48,30,18
Melow,sanguino,1405,warlock,destruction,65,35,30
Kospar,dun-morogh,1405,warlock,destruction,99,53,46
Diablotiin,hyjal,1405,warlock,destruction,352,178,174
Margincalled,kazzak,1405,warlock,destruction,36,18,18
Evaksiá,draenor,1405,warlock,destruction,48,23,25
Wurdulock,silvermoon,1405,warlock,destruction,54,25,29
Soulgünter,blackmoore,1404,warlock,destruction,60,39,21
Mækken,draenor,1404,warlock,destruction,108,50,58
Smadrekas,ravencrest,1404,warlock,destruction,58,25,33
Enydible,frostmane,1403,warlock,destruction,24,15,9
Faitless,stormscale,1402,warlock,destruction,60,35,25
Swagzz,silvermoon,1402,warlock,destruction,60,34,26
Lynchian,draenor,1401,warlock,destruction,61,33,28
Левсекси,eversong,1401,warlock,destruction,75,37,38
Facépalm,draenor,1401,warlock,destruction,54,21,33
Janemba,ysondre,1400,warlock,destruction,42,21,21
Гупперлок,howling-fjord,1400,warlock,destruction,48,21,27
Cursier,blackmoore,1399,warlock,destruction,42,23,19
Naavii,bloodscalp,1398,warlock,destruction,60,30,30
Cerberus,argent-dawn,1398,warlock,destruction,63,31,32
Faro,trollbane,1398,warlock,destruction,98,42,56
Nomakqlock,dun-modr,1397,warlock,destruction,36,23,13
Barashnukor,blackmoore,1396,warlock,destruction,30,16,14
Birimbau,outland,1396,warlock,destruction,85,40,45
Воттоваара,azuregos,1396,warlock,destruction,59,27,32
Sublînê,blackmoore,1395,warlock,destruction,135,76,59
Dobonard,sylvanas,1395,warlock,destruction,38,19,19
Emalk,tarren-mill,1395,warlock,destruction,78,35,43
Wajiggity,ravencrest,1394,warlock,destruction,42,23,19
Soulshift,blackmoore,1394,warlock,destruction,78,38,40
Dhraven,thrall,1393,warlock,destruction,114,62,52
Sargal,sylvanas,1393,warlock,destruction,66,34,32
Satanizm,silvermoon,1393,warlock,destruction,95,46,49
Chía,thunderhorn,1392,warlock,destruction,30,16,14
Galardodric,outland,1392,warlock,destruction,54,26,28
Çhãøsførÿã,blackmoore,1392,warlock,destruction,90,43,47
Shêrlöck,stormscale,1392,warlock,destruction,114,54,60
Warlockholms,archimonde,1391,warlock,destruction,24,15,9
Pogrom,burning-legion,1391,warlock,destruction,36,21,15
Gødprotøtýpe,ragnaros,1391,warlock,destruction,31,17,14
Whodares,drakthul,1391,warlock,destruction,54,23,31
Шелруа,howling-fjord,1390,warlock,destruction,52,31,21
Vegetita,stormscale,1390,warlock,destruction,221,120,101
Fearhändig,aegwynn,1390,warlock,destruction,63,32,31
Zollon,norgannon,1389,warlock,destruction,23,17,6
Hellraiserir,twisting-nether,1388,warlock,destruction,22,16,6
Ltany,drakthul,1388,warlock,destruction,24,16,8
Mccøy,archimonde,1388,warlock,destruction,36,19,17
Арцах,soulflayer,1388,warlock,destruction,60,29,31
Моориус,soulflayer,1388,warlock,destruction,90,42,48
Culetto,the-venture-co,1388,warlock,destruction,53,23,30
Xârdâs,blackrock,1388,warlock,destruction,42,16,26
Xshay,dun-modr,1388,warlock,destruction,51,18,33
Kâzs,dun-modr,1387,warlock,destruction,41,25,16
Kärringjävel,chamber-of-aspects,1387,warlock,destruction,54,30,24
Quebone,tarren-mill,1387,warlock,destruction,45,24,21
Геоматика,gordunni,1387,warlock,destruction,52,20,32
Cooldowns,ravencrest,1386,warlock,destruction,67,34,33
Scrim,laughing-skull,1385,warlock,destruction,68,41,27
Crazybolt,archimonde,1384,warlock,destruction,48,26,22
Hyphonos,blackmoore,1384,warlock,destruction,38,18,20
Rosebëaf,archimonde,1384,warlock,destruction,66,29,37
Boltgodx,blackrock,1383,warlock,destruction,66,42,24
Dracsu,dun-modr,1383,warlock,destruction,49,26,23
Мирмех,gordunni,1383,warlock,destruction,60,29,31
Liqûid,destromath,1382,warlock,destruction,163,84,79
Boomlock,dun-morogh,1382,warlock,destruction,42,17,25
Zòóf,stormscale,1381,warlock,destruction,72,45,27
Exitumos,eredar,1381,warlock,destruction,47,24,23
Dxfive,tarren-mill,1381,warlock,destruction,92,46,46
Алхун,razuvious,1381,warlock,destruction,126,61,65
Nitecro,blackmoore,1380,warlock,destruction,156,75,81
Corbiejr,tarren-mill,1379,warlock,destruction,156,92,64
Sateerik,draenor,1379,warlock,destruction,49,24,25
Trollgubbe,twilights-hammer,1378,warlock,destruction,28,18,10
Nuckki,antonidas,1378,warlock,destruction,485,243,242
Тиранчухан,howling-fjord,1378,warlock,destruction,39,16,23
Lewdrumpslap,kazzak,1377,warlock,destruction,74,43,31
Rafael,stormscale,1377,warlock,destruction,49,27,22
Vooses,draenor,1377,warlock,destruction,59,30,29
Agonymaster,twisting-nether,1376,warlock,destruction,24,15,9
Lockboom,kazzak,1376,warlock,destruction,30,17,13
Сеннир,ashenvale,1375,warlock,destruction,48,22,26
Nexpoze,drakthul,1375,warlock,destruction,42,17,25
Gâlà,elune,1374,warlock,destruction,36,21,15
Ðrussi,hyjal,1374,warlock,destruction,162,82,80
Лобарык,soulflayer,1373,warlock,destruction,48,24,24
Sweetlõck,ravencrest,1373,warlock,destruction,59,25,34
Dwoorf,ravencrest,1372,warlock,destruction,23,15,8
Valkiriaa,saurfang,1372,warlock,destruction,30,18,12
Quentex,antonidas,1372,warlock,destruction,48,23,25
Loveløck,blackrock,1372,warlock,destruction,35,15,20
Lucifa,arthas,1371,warlock,destruction,36,17,19
Byeedriver,kazzak,1370,warlock,destruction,22,15,7
Darcîa,destromath,1370,warlock,destruction,39,23,16
Annihilatîon,aegwynn,1370,warlock,destruction,30,15,15
Pookabee,ravencrest,1369,warlock,destruction,36,19,17
Devoto,stormscale,1368,warlock,destruction,51,22,29
Girldoom,silvermoon,1368,warlock,destruction,49,19,30
Эот,soulflayer,1365,warlock,destruction,27,16,11
Maveri,tarren-mill,1365,warlock,destruction,45,25,20
Líok,eredar,1365,warlock,destruction,47,21,26
Hulyekotsog,ragnaros,1364,warlock,destruction,54,37,17
Карьерщица,booty-bay,1364,warlock,destruction,168,89,79
Elmîr,blackmoore,1364,warlock,destruction,54,26,28
Covariance,nemesis,1363,warlock,destruction,72,29,43
Soldmygranny,kazzak,1362,warlock,destruction,27,17,10
Vakgu,blackmoore,1362,warlock,destruction,47,28,19
Tharaya,ravencrest,1362,warlock,destruction,29,15,14
Backdrip,ragnaros,1362,warlock,destruction,67,34,33
Gomezz,dalaran,1362,warlock,destruction,46,22,24
Rhev,trollbane,1361,warlock,destruction,50,25,25
Gricorby,drakthul,1360,warlock,destruction,23,16,7
Ez,frostmane,1360,warlock,destruction,24,15,9
Lodem,darksorrow,1360,warlock,destruction,54,25,29
Deathscréam,burning-legion,1360,warlock,destruction,131,59,72
Lockedaway,ravencrest,1359,warlock,destruction,42,22,20
Nibblez,shadowsong,1359,warlock,destruction,161,84,77
Hell,twisting-nether,1359,warlock,destruction,65,28,37
Shutdown,sylvanas,1358,warlock,destruction,83,50,33
Dìablò,sylvanas,1357,warlock,destruction,90,52,38
Inportal,kazzak,1357,warlock,destruction,70,39,31
Julsey,kazzak,1357,warlock,destruction,41,22,19
Sesoumaru,azshara,1357,warlock,destruction,106,46,60
Realshady,kazzak,1356,warlock,destruction,30,16,14
Bkp,dun-modr,1356,warlock,destruction,36,16,20
Lulokko,nemesis,1355,warlock,destruction,36,22,14
Cängrë,dun-modr,1355,warlock,destruction,42,25,17
Unkash,zuljin,1355,warlock,destruction,108,59,49
Moonpoxlock,nerathor,1354,warlock,destruction,73,39,34
Mohawkyz,chamber-of-aspects,1353,warlock,destruction,59,32,27
Voltadol,dun-modr,1353,warlock,destruction,126,65,61
Baz,frostmane,1352,warlock,destruction,181,89,92
Boltexpert,twisting-nether,1351,warlock,destruction,30,15,15
Toutseul,eitrigg,1351,warlock,destruction,36,15,21
Dusken,kazzak,1350,warlock,destruction,35,17,18
Алюций,gordunni,1350,warlock,destruction,57,24,33
Sabnøck,nemesis,1349,warlock,destruction,29,15,14
Patirass,sanguino,1348,warlock,destruction,67,38,29
Crokorc,ysondre,1347,warlock,destruction,101,45,56
Skruios,anetheron,1346,warlock,destruction,70,36,34
Bankley,khaz-modan,1346,warlock,destruction,42,21,21
Jadek,ragnaros,1346,warlock,destruction,44,21,23
Surfot,kazzak,1346,warlock,destruction,54,24,30
Eatmabolt,alleria,1345,warlock,destruction,57,29,28
Potatowl,ragnaros,1344,warlock,destruction,24,14,10
Egiriefo,twisting-nether,1344,warlock,destruction,24,14,10
Dotloca,draenor,1344,warlock,destruction,30,15,15
Holeraa,stormscale,1344,warlock,destruction,225,112,113
Меркус,howling-fjord,1344,warlock,destruction,102,50,52
Ahollic,frostwolf,1343,warlock,destruction,18,14,4
Ñia,ravencrest,1343,warlock,destruction,18,14,4
Toutanpapier,ysondre,1343,warlock,destruction,24,14,10
Fivestars,tarren-mill,1343,warlock,destruction,70,35,35
Mudwalkin,ravencrest,1343,warlock,destruction,36,17,19
Hædês,antonidas,1343,warlock,destruction,30,14,16
Setyouinfear,ravencrest,1343,warlock,destruction,30,14,16
Sinofbum,stormscale,1342,warlock,destruction,18,14,4
Ghastlyy,aggra-português,1342,warlock,destruction,18,14,4
Pantry,tarren-mill,1342,warlock,destruction,24,14,10
Odenbest,silvermoon,1342,warlock,destruction,24,14,10
Nanotrik,draenor,1342,warlock,destruction,24,14,10
Cigänä,archimonde,1342,warlock,destruction,24,14,10
Cahetel,nemesis,1342,warlock,destruction,77,38,39
Cráxx,onyxia,1342,warlock,destruction,199,98,101
Haltros,stormscale,1341,warlock,destruction,24,14,10
Dreadnogg,tarren-mill,1341,warlock,destruction,118,58,60
Fedpikkefar,kazzak,1341,warlock,destruction,30,14,16
Mompets,stormscale,1341,warlock,destruction,36,14,22
Anicetus,ravencrest,1340,warlock,destruction,18,14,4
Zacurse,kazzak,1340,warlock,destruction,48,28,20
Hasselbalch,azshara,1340,warlock,destruction,24,14,10
Verderbnis,malganis,1340,warlock,destruction,77,43,34
Ангебор,howling-fjord,1340,warlock,destruction,125,66,59
Sidragasoss,drakthul,1340,warlock,destruction,36,17,19
Love,alexstrasza,1339,warlock,destruction,30,18,12
Salvatoriy,outland,1339,warlock,destruction,32,15,17
Dimmybyrger,stormreaver,1339,warlock,destruction,30,14,16
Loptous,dunemaul,1339,warlock,destruction,45,20,25
Tmoney,stormscale,1338,warlock,destruction,24,14,10
Lünatix,archimonde,1338,warlock,destruction,42,24,18
Ryurans,cthun,1338,warlock,destruction,98,49,49
Kromosonen,ravencrest,1338,warlock,destruction,84,37,47
Melyagang,hyjal,1336,warlock,destruction,18,14,4
Demoz,sanguino,1336,warlock,destruction,82,46,36
Greenpeas,blackrock,1336,warlock,destruction,36,14,22
Sécret,blackmoore,1335,warlock,destruction,24,14,10
Darkdax,dethecus,1335,warlock,destruction,30,15,15
Abnørmus,tarren-mill,1334,warlock,destruction,82,47,35
Narstia,archimonde,1334,warlock,destruction,88,38,50
Ragnarók,area-52,1332,warlock,destruction,27,15,12
Warlockgødx,silvermoon,1332,warlock,destruction,114,60,54
Boohyakka,tarren-mill,1332,warlock,destruction,30,14,16
Sindown,the-maelstrom,1332,warlock,destruction,74,34,40
Diåbló,stormscale,1331,warlock,destruction,168,87,81
Sathanas,antonidas,1331,warlock,destruction,30,15,15
Shadaw,kilrogg,1330,warlock,destruction,18,14,4
Talriun,kazzak,1330,warlock,destruction,38,16,22
Chram,uldum,1329,warlock,destruction,77,46,31
Ínsidióus,tarren-mill,1329,warlock,destruction,24,14,10
Bruhoman,kazzak,1328,warlock,destruction,24,15,9
Carthagî,blackmoore,1328,warlock,destruction,66,39,27
Hyrai,sylvanas,1328,warlock,destruction,24,14,10
Dieger,thunderhorn,1328,warlock,destruction,24,14,10
Äsmødée,dalaran,1328,warlock,destruction,60,34,26
Зюзерг,soulflayer,1328,warlock,destruction,83,39,44
Nàughty,ragnaros,1328,warlock,destruction,67,28,39
Danzil,silvermoon,1328,warlock,destruction,36,15,21
Castingsmth,draenor,1327,warlock,destruction,21,17,4
Stonysalami,turalyon,1327,warlock,destruction,41,28,13
Benzakenta,sylvanas,1327,warlock,destruction,24,14,10
Dÿf,kazzak,1327,warlock,destruction,64,33,31
Dalamon,draenor,1326,warlock,destruction,24,14,10
Merloc,magtheridon,1325,warlock,destruction,50,30,20
Paranoid,sylvanas,1325,warlock,destruction,48,26,22
Warlockyo,blackrock,1324,warlock,destruction,42,15,27
Johnybanana,eredar,1323,warlock,destruction,30,14,16
Miltuast,blackrock,1322,warlock,destruction,18,14,4
Эннинотбэд,howling-fjord,1322,warlock,destruction,29,14,15
Thepl,dalaran,1321,warlock,destruction,107,56,51
Wuhdun,burning-legion,1321,warlock,destruction,35,16,19
Deathpoid,draenor,1321,warlock,destruction,98,40,58
Lowkeyfed,stormscale,1320,warlock,destruction,18,14,4
Ragïa,archimonde,1319,warlock,destruction,28,17,11
Mîjagî,blackhand,1319,warlock,destruction,83,47,36
Pufulet,sylvanas,1319,warlock,destruction,120,59,61
Amakusa,archimonde,1319,warlock,destruction,52,25,27
Dotacy,kazzak,1319,warlock,destruction,180,84,96
Pommeslock,blackmoore,1318,warlock,destruction,113,53,60
Mempricious,ravencrest,1318,warlock,destruction,30,14,16
Rêcc,blackmoore,1318,warlock,destruction,30,14,16
Хелентесс,goldrinn,1317,warlock,destruction,30,18,12
Repah,doomhammer,1317,warlock,destruction,70,29,41
Tuz,blackrock,1316,warlock,destruction,90,40,50
Eriken,tarren-mill,1316,warlock,destruction,45,18,27
Kääk,sylvanas,1315,warlock,destruction,108,58,50
Talindra,stormscale,1315,warlock,destruction,56,30,26
Terris,khaz-modan,1315,warlock,destruction,111,56,55
Кискатёмная,blackscar,1314,warlock,destruction,185,92,93
Олдхалапеньо,soulflayer,1314,warlock,destruction,54,24,30
Zzombie,sylvanas,1314,warlock,destruction,68,30,38
Kokainas,dun-modr,1313,warlock,destruction,54,26,28
Pcbbwarlock,sylvanas,1313,warlock,destruction,36,15,21
Donmajor,amanthul,1311,warlock,destruction,48,19,29
Willibolt,blackhand,1311,warlock,destruction,48,17,31
Sîlverdîze,thrall,1310,warlock,destruction,92,49,43
Keilahkang,aerie-peak,1310,warlock,destruction,108,47,61
Лоредо,howling-fjord,1310,warlock,destruction,68,26,42
Kaamosliha,frostwhisper,1309,warlock,destruction,75,43,32
Seya,azuremyst,1309,warlock,destruction,30,14,16
Эктос,soulflayer,1308,warlock,destruction,36,23,13
Inagony,twisting-nether,1308,warlock,destruction,23,14,9
Seagelock,silvermoon,1308,warlock,destruction,108,48,60
Altffeer,blackmoore,1307,warlock,destruction,30,14,16
Wazze,azuremyst,1306,warlock,destruction,77,40,37
Modzal,kazzak,1305,warlock,destruction,36,23,13
Mefistto,drakthul,1305,warlock,destruction,30,16,14
Kïrah,ysondre,1305,warlock,destruction,68,27,41
Fredysimo,silvermoon,1304,warlock,destruction,24,17,7
Plööp,malganis,1304,warlock,destruction,163,82,81
Islazoldyck,draenor,1304,warlock,destruction,122,54,68
Poulebar,ysondre,1303,warlock,destruction,24,14,10
Holodream,stormreaver,1303,warlock,destruction,115,53,62
Blyskawicar,silvermoon,1302,warlock,destruction,18,14,4
Shadeshanox,blackmoore,1302,warlock,destruction,36,23,13
Lokajci,outland,1302,warlock,destruction,37,22,15
Дольпико,howling-fjord,1301,warlock,destruction,60,33,27
Rizzbolt,ravencrest,1301,warlock,destruction,183,94,89
Horridum,draenor,1301,warlock,destruction,103,44,59
Azgaroth,kazzak,1300,warlock,destruction,118,67,51
Fêars,blackrock,1299,warlock,destruction,62,34,28
Problemchild,sunstrider,1298,warlock,destruction,120,64,56
Хубаскис,soulflayer,1298,warlock,destruction,61,26,35
Dexterr,sylvanas,1297,warlock,destruction,122,61,61
Ooliver,kazzak,1296,warlock,destruction,24,14,10
Bloodyknight,draenor,1295,warlock,destruction,73,46,27
Scandalfogel,frostmane,1295,warlock,destruction,24,14,10
Míkæ,ravencrest,1294,warlock,destruction,274,137,137
Ädarä,cthun,1294,warlock,destruction,60,30,30
Pensiblesie,runetotem,1294,warlock,destruction,622,308,314
Kar,haomarush,1293,warlock,destruction,139,61,78
Narkstzhki,kazzak,1292,warlock,destruction,97,61,36
Profylaxis,arathor,1292,warlock,destruction,69,38,31
Sehere,ragnaros,1292,warlock,destruction,32,17,15
Proflock,drakthul,1292,warlock,destruction,54,28,26
Wildo,grim-batol,1291,warlock,destruction,78,44,34
Mystereo,bloodscalp,1290,warlock,destruction,30,17,13
Regularbag,ravencrest,1290,warlock,destruction,60,30,30
Sorxez,thrall,1289,warlock,destruction,66,31,35
Zerozwolf,tarren-mill,1289,warlock,destruction,48,17,31
Àbraxàs,nemesis,1289,warlock,destruction,42,14,28
Useidûm,ravencrest,1287,warlock,destruction,30,14,16
Apôpis,archimonde,1286,warlock,destruction,60,34,26
Untactful,tarren-mill,1286,warlock,destruction,117,60,57
Lazyblue,hyjal,1286,warlock,destruction,85,32,53
Zaill,argent-dawn,1285,warlock,destruction,23,14,9
Soultwist,twisting-nether,1285,warlock,destruction,48,22,26
Хиёрис,eversong,1284,warlock,destruction,57,33,24
Xànin,thrall,1284,warlock,destruction,36,17,19
Nicolino,doomhammer,1283,warlock,destruction,72,42,30
Askanios,twisting-nether,1283,warlock,destruction,73,41,32
Turbofamilly,hyjal,1282,warlock,destruction,23,14,9
Staynecro,malfurion,1282,warlock,destruction,55,27,28
Chaosftw,archimonde,1281,warlock,destruction,35,17,18
Grumrah,argent-dawn,1281,warlock,destruction,149,69,80
Hôjâm,twisting-nether,1280,warlock,destruction,36,18,18
Гангстахохо,soulflayer,1280,warlock,destruction,45,18,27
Gdkw,tarren-mill,1279,warlock,destruction,36,15,21
Southylol,stormscale,1278,warlock,destruction,17,14,3
Deo,confrérie-du-thorium,1278,warlock,destruction,54,33,21
Hyòx,aegwynn,1278,warlock,destruction,77,34,43
Xfear,blackrock,1277,warlock,destruction,24,16,8
Kycknosa,archimonde,1277,warlock,destruction,26,14,12
Àsh,dun-modr,1277,warlock,destruction,101,47,54
Kærastan,sylvanas,1277,warlock,destruction,42,18,24
Krokator,draenor,1276,warlock,destruction,51,28,23
Galath,wrathbringer,1276,warlock,destruction,94,47,47
Demohoror,stormscale,1276,warlock,destruction,42,20,22
Skâald,senjin,1276,warlock,destruction,55,26,29
Zivalelia,silvermoon,1276,warlock,destruction,143,66,77
Easybolt,blackrock,1276,warlock,destruction,32,14,18
Chaotìc,nemesis,1275,warlock,destruction,24,18,6
Longchamp,stormscale,1275,warlock,destruction,28,15,13
Ocaya,kazzak,1275,warlock,destruction,30,16,14
Baalthazar,jaedenar,1275,warlock,destruction,85,43,42
Tarhatar,tarren-mill,1275,warlock,destruction,29,14,15
Negoda,defias-brotherhood,1274,warlock,destruction,64,34,30
Dreamage,exodar,1274,warlock,destruction,54,27,27
Lokicica,karazhan,1274,warlock,destruction,53,24,29
Nerokin,blackrock,1273,warlock,destruction,132,75,57
Filianore,azjolnerub,1273,warlock,destruction,79,38,41
Divvaa,tarren-mill,1272,warlock,destruction,118,56,62
Делегент,deathguard,1272,warlock,destruction,84,34,50
Asmodaî,anubarak,1271,warlock,destruction,121,62,59
Xoram,kult-der-verdammten,1271,warlock,destruction,54,26,28
Varyola,twisting-nether,1271,warlock,destruction,72,31,41
Shinamna,tarren-mill,1270,warlock,destruction,30,15,15
Sulvar,draenor,1269,warlock,destruction,42,19,23
Блэкмайндер,howling-fjord,1268,warlock,destruction,80,44,36
Wiitchdoktor,twisting-nether,1268,warlock,destruction,30,14,16
Øpaco,khazgoroth,1267,warlock,destruction,53,21,32
Lula,drakthul,1266,warlock,destruction,91,58,33
Hárdí,tarren-mill,1265,warlock,destruction,24,15,9
Чиназис,gordunni,1265,warlock,destruction,102,49,53
Sovrìn,blackrock,1264,warlock,destruction,20,14,6
Vulgrim,kirin-tor,1264,warlock,destruction,69,35,34
Tsumde,dalaran,1264,warlock,destruction,86,43,43
Azrail,anubarak,1264,warlock,destruction,185,88,97
Tabarnak,archimonde,1264,warlock,destruction,30,14,16
Braveonê,twisting-nether,1263,warlock,destruction,78,40,38
Necrolock,tarren-mill,1263,warlock,destruction,47,23,24
Klimsonxd,burning-legion,1262,warlock,destruction,28,15,13
Primitivaa,dun-modr,1261,warlock,destruction,24,16,8
Voiyane,silvermoon,1261,warlock,destruction,30,14,16
Hurn,thunderhorn,1260,warlock,destruction,60,35,25
Symbiosis,kazzak,1260,warlock,destruction,102,50,52
Bahlrok,burning-legion,1259,warlock,destruction,30,16,14
Üserper,chamber-of-aspects,1259,warlock,destruction,143,64,79
Mirrorz,kazzak,1258,warlock,destruction,41,23,18
Локкрис,blackscar,1258,warlock,destruction,86,45,41
Cleoputra,sylvanas,1258,warlock,destruction,30,15,15
Pekkoperkele,ravenholdt,1257,warlock,destruction,116,56,60
Kriplock,twisting-nether,1257,warlock,destruction,53,21,32
Zuyox,silvermoon,1256,warlock,destruction,53,22,31
Blackjackk,tarren-mill,1256,warlock,destruction,72,27,45
Sylrathas,burning-legion,1255,warlock,destruction,117,61,56
Luckynòób,ravencrest,1255,warlock,destruction,36,14,22
Ghostflame,tarren-mill,1253,warlock,destruction,82,38,44
Jobbymancer,twisting-nether,1252,warlock,destruction,42,25,17
Dededimons,stormscale,1252,warlock,destruction,104,52,52
Légréy,blackmoore,1251,warlock,destruction,24,14,10
Hunbeliever,ragnaros,1250,warlock,destruction,36,22,14
Dubbzy,outland,1250,warlock,destruction,39,19,20
Вешка,azuregos,1249,warlock,destruction,33,18,15
Oxsen,hyjal,1249,warlock,destruction,60,29,31
Kaakmasta,der-abyssische-rat,1248,warlock,destruction,18,13,5
Sêro,aegwynn,1248,warlock,destruction,18,13,5
Doomdog,hyjal,1248,warlock,destruction,18,13,5
Присесть,razuvious,1248,warlock,destruction,51,28,23
Deflagrate,kazzak,1248,warlock,destruction,24,13,11
Kyiüû,archimonde,1248,warlock,destruction,28,15,13
Антарриэль,howling-fjord,1248,warlock,destruction,42,22,20
Puiia,draenor,1247,warlock,destruction,63,36,27
Irukandji,chants-éternels,1247,warlock,destruction,24,13,11
Southy,stormscale,1247,warlock,destruction,24,13,11
Dobromír,kazzak,1247,warlock,destruction,24,13,11
Petitcayou,archimonde,1247,warlock,destruction,24,13,11
Гулдарий,howling-fjord,1247,warlock,destruction,162,85,77
Запрещаю,galakrond,1247,warlock,destruction,176,86,90
Felbunni,silvermoon,1247,warlock,destruction,75,33,42
Xarica,garona,1247,warlock,destruction,30,13,17
Shuggul,draenor,1246,warlock,destruction,18,13,5
Sqxfkndog,ravencrest,1246,warlock,destruction,18,13,5
Stunspectoo,turalyon,1246,warlock,destruction,34,23,11
Osyx,ravencrest,1246,warlock,destruction,28,15,13
Chev,nemesis,1245,warlock,destruction,17,14,3
Pherlet,sylvanas,1245,warlock,destruction,24,13,11
Boltgodx,thrall,1245,warlock,destruction,24,13,11
Pushedover,outland,1245,warlock,destruction,27,14,13
Yhwäch,archimonde,1245,warlock,destruction,48,22,26
Yasagoth,chamber-of-aspects,1245,warlock,destruction,42,16,26
Krachol,emeriss,1244,warlock,destruction,24,13,11
Charmine,tarren-mill,1244,warlock,destruction,36,18,18
Fidlesticks,ragnaros,1244,warlock,destruction,33,15,18
Shena,chogall,1244,warlock,destruction,30,13,17
Zwockeý,ravencrest,1243,warlock,destruction,18,13,5
Hannahowo,garona,1243,warlock,destruction,24,13,11
Voodooskull,kazzak,1243,warlock,destruction,30,13,17
Dpsforehead,draenor,1242,warlock,destruction,19,13,6
Cajnik,sylvanas,1242,warlock,destruction,24,13,11
Topmidbusta,draenor,1242,warlock,destruction,24,13,11
Matheus,zenedar,1242,warlock,destruction,54,23,31
Cursecannon,outland,1241,warlock,destruction,18,13,5
Lockismymain,eredar,1240,warlock,destruction,24,13,11
Анкхзул,howling-fjord,1240,warlock,destruction,24,13,11
Yumala,frostmourne,1240,warlock,destruction,48,24,24
Grinspoon,ysondre,1240,warlock,destruction,42,20,22
Thigh,burning-legion,1240,warlock,destruction,30,13,17
Phît,kilrogg,1239,warlock,destruction,24,13,11
Raspalakuja,kazzak,1239,warlock,destruction,30,13,17
Демонкор,blackscar,1238,warlock,destruction,30,22,8
Babayagâ,sanguino,1238,warlock,destruction,54,27,27
Ladodida,darkspear,1238,warlock,destruction,39,16,23
Vantimere,ragnaros,1237,warlock,destruction,24,13,11
Somanydots,twisting-nether,1237,warlock,destruction,120,57,63
Xaok,dun-modr,1237,warlock,destruction,35,15,20
Møärdötd,aggra-português,1236,warlock,destruction,18,13,5
Pyroplasmic,tarren-mill,1236,warlock,destruction,77,46,31
Firinmalazor,blackrock,1236,warlock,destruction,72,35,37
Toryon,archimonde,1235,warlock,destruction,29,13,16
Radanras,blackmoore,1234,warlock,destruction,24,13,11
Cháos,forscherliga,1234,warlock,destruction,85,34,51
Dotcha,ravencrest,1233,warlock,destruction,66,41,25
Zhoxx,outland,1233,warlock,destruction,30,13,17
Vae,doomhammer,1232,warlock,destruction,24,13,11
Felrazer,silvermoon,1232,warlock,destruction,24,13,11
Crysy,confrérie-du-thorium,1232,warlock,destruction,30,13,17
Veinh,archimonde,1231,warlock,destruction,24,17,7
Инсип,blackscar,1230,warlock,destruction,24,14,10
Murphloc,silvermoon,1230,warlock,destruction,38,20,18
Arnoediad,twisting-nether,1230,warlock,destruction,45,18,27
Telaldrah,argent-dawn,1228,warlock,destruction,29,14,15
Aurelíá,ravencrest,1228,warlock,destruction,59,26,33
Keibo,drakthul,1228,warlock,destruction,30,13,17
Rottend,aggra-português,1228,warlock,destruction,81,35,46
Wolferand,argent-dawn,1228,warlock,destruction,42,17,25
Яичнаялапша,soulflayer,1227,warlock,destruction,24,13,11
Drfóx,draenor,1227,warlock,destruction,59,24,35
Cryd,thrall,1226,warlock,destruction,18,13,5
Tepegöz,korgall,1226,warlock,destruction,28,14,14
Ðestrucko,burning-legion,1226,warlock,destruction,109,48,61
Гринлайм,howling-fjord,1225,warlock,destruction,74,37,37
Байронет,gordunni,1225,warlock,destruction,30,13,17
Demirchayan,twisting-nether,1224,warlock,destruction,102,56,46
Lokibra,antonidas,1223,warlock,destruction,125,59,66
Hejhana,drakthul,1223,warlock,destruction,126,57,69
Mumbay,ragnaros,1221,warlock,destruction,126,62,64
Sorrayá,eredar,1221,warlock,destruction,60,28,32
Adriankolock,sylvanas,1220,warlock,destruction,19,13,6
Chickoz,eredar,1220,warlock,destruction,109,57,52
Nopower,dun-morogh,1220,warlock,destruction,53,27,26
Mÿxin,blackhand,1219,warlock,destruction,30,13,17
Diseased,darksorrow,1218,warlock,destruction,132,75,57
Fiendy,tarren-mill,1218,warlock,destruction,30,14,16
Chochliko,silvermoon,1218,warlock,destruction,36,13,23
Góblér,blackrock,1217,warlock,destruction,45,23,22
Íntikam,blackrock,1217,warlock,destruction,48,24,24
Westfaliu,blackhand,1217,warlock,destruction,66,24,42
Bangbrös,stormscale,1216,warlock,destruction,24,13,11
Saereda,kazzak,1216,warlock,destruction,75,39,36
Borrìs,blackhand,1216,warlock,destruction,160,83,77
Oldemoilépti,hyjal,1216,warlock,destruction,30,14,16
Senaida,sylvanas,1215,warlock,destruction,88,49,39
Artyrus,burning-legion,1215,warlock,destruction,110,56,54
Oloki,kazzak,1215,warlock,destruction,86,43,43
Gigoberto,kazzak,1214,warlock,destruction,23,13,10
Гулдас,thermaplugg,1214,warlock,destruction,45,22,23
Vâgg,blackmoore,1214,warlock,destruction,36,13,23
Guntok,tarren-mill,1211,warlock,destruction,37,22,15
Ganesha,sanguino,1210,warlock,destruction,35,16,19
Finjas,azjolnerub,1209,warlock,destruction,48,21,27
Musallat,argent-dawn,1207,warlock,destruction,28,13,15
Oxypvp,ravencrest,1207,warlock,destruction,51,19,32
Крутизол,fordragon,1206,warlock,destruction,43,25,18
Sicktir,aerie-peak,1206,warlock,destruction,76,37,39
Darklobos,aggra-português,1206,warlock,destruction,30,13,17
Lokko,nemesis,1205,warlock,destruction,42,23,19
Patricius,malfurion,1205,warlock,destruction,29,13,16
Xhartus,argent-dawn,1205,warlock,destruction,30,13,17
Valkiá,earthen-ring,1203,warlock,destruction,42,20,22
Seymor,amanthul,1203,warlock,destruction,48,22,26
Ayóó,doomhammer,1202,warlock,destruction,107,58,49
Atruruz,antonidas,1200,warlock,destruction,89,48,41
Dathos,ragnaros,1199,warlock,destruction,36,19,17
Sortiarius,silvermoon,1198,warlock,destruction,110,60,50
Raggnarlock,ravencrest,1198,warlock,destruction,36,14,22
Gåylørd,ravencrest,1197,warlock,destruction,36,13,23
Thorenss,medivh,1196,warlock,destruction,122,59,63
Zenondoros,arthas,1195,warlock,destruction,21,13,8
Zengrow,ravencrest,1194,warlock,destruction,21,14,7
Стафилокок,deepholm,1190,warlock,destruction,23,13,10
Emoriy,blackmoore,1190,warlock,destruction,64,34,30
Plague,twisting-nether,1188,warlock,destruction,27,14,13
Binkybabes,outland,1188,warlock,destruction,57,27,30
Neffy,sinstralis,1188,warlock,destruction,76,31,45
Johntrabolta,chogall,1187,warlock,destruction,76,40,36
Oorlogslot,sylvanas,1186,warlock,destruction,72,30,42
Irókuzito,aggra-português,1185,warlock,destruction,24,13,11
Kotihoitaja,stormreaver,1185,warlock,destruction,28,14,14
Neetlock,suramar,1185,warlock,destruction,30,14,16
Ðârk,silvermoon,1185,warlock,destruction,106,39,67
Batráz,tarren-mill,1184,warlock,destruction,130,61,69
Kneereap,antonidas,1182,warlock,destruction,45,24,21
Idleglance,outland,1181,warlock,destruction,17,13,4
Slerpmami,ragnaros,1181,warlock,destruction,20,14,6
Aldyst,ragnaros,1178,warlock,destruction,29,14,15
Ренториан,gordunni,1178,warlock,destruction,29,13,16
Truckpunch,defias-brotherhood,1177,warlock,destruction,24,14,10
Shagrab,nemesis,1177,warlock,destruction,51,28,23
Phàine,outland,1177,warlock,destruction,35,14,21
Kaeos,ravencrest,1176,warlock,destruction,24,15,9
Smuutil,drakthul,1176,warlock,destruction,36,20,16
Bèkshà,blackrock,1176,warlock,destruction,26,13,13
Heximexi,malganis,1176,warlock,destruction,36,16,20
Áéé,kazzak,1175,warlock,destruction,46,21,25
Fathernurgle,hellfire,1173,warlock,destruction,99,53,46
Lovrog,twisting-nether,1169,warlock,destruction,21,13,8
Jossim,outland,1167,warlock,destruction,83,42,41
Lomis,wrathbringer,1166,warlock,destruction,85,39,46
Arkatraz,blackhand,1159,warlock,destruction,60,28,32
Cozyboi,thrall,1156,warlock,destruction,204,104,100
Konstantína,eredar,1155,warlock,destruction,175,88,87
Drillingsdad,dun-morogh,1155,warlock,destruction,73,31,42
Anihlix,kazzak,1152,warlock,destruction,12,12,0
Nephystø,archimonde,1152,warlock,destruction,18,12,6
Dotjürgen,blackrock,1152,warlock,destruction,18,12,6
Feemers,thrall,1152,warlock,destruction,18,12,6
Purplemafia,burning-blade,1152,warlock,destruction,24,12,12
Ðotbot,grim-batol,1152,warlock,destruction,24,12,12
Teiser,nemesis,1152,warlock,destruction,24,12,12
Lìmè,silvermoon,1152,warlock,destruction,24,12,12
Ekàti,ravencrest,1152,warlock,destruction,24,12,12
Консидёро,gordunni,1152,warlock,destruction,30,12,18
Balthezy,defias-brotherhood,1151,warlock,destruction,12,12,0
Leman,sylvanas,1151,warlock,destruction,18,12,6
Элси,howling-fjord,1151,warlock,destruction,18,12,6
Jkz,blackrock,1151,warlock,destruction,21,13,8
Wìtçhßlåðes,ysondre,1151,warlock,destruction,24,12,12
Jonsdotter,outland,1151,warlock,destruction,24,12,12
Wspolnax,ravencrest,1151,warlock,destruction,24,12,12
Kitarah,blackrock,1150,warlock,destruction,18,12,6
Estefanía,tarren-mill,1150,warlock,destruction,18,12,6
Zenii,nemesis,1150,warlock,destruction,18,12,6
Yamadea,stormscale,1150,warlock,destruction,18,12,6
Kikaikek,stormscale,1150,warlock,destruction,18,12,6
Tastemyzbay,hyjal,1150,warlock,destruction,24,12,12
Warlockxx,ravencrest,1150,warlock,destruction,24,12,12
Louên,dun-modr,1150,warlock,destruction,24,12,12
Fondudelock,hyjal,1150,warlock,destruction,30,12,18
Zehirisalari,twisting-nether,1150,warlock,destruction,36,12,24
Scadar,kazzak,1149,warlock,destruction,18,12,6
Dallar,stormscale,1149,warlock,destruction,18,12,6
Cárrymemommy,ravencrest,1149,warlock,destruction,18,12,6
Qwyncess,archimonde,1149,warlock,destruction,24,12,12
Irwene,argent-dawn,1149,warlock,destruction,24,12,12
ßritneyfears,blackmoore,1148,warlock,destruction,30,12,18
Kieman,tarren-mill,1148,warlock,destruction,36,12,24
Höfmänn,grim-batol,1147,warlock,destruction,18,12,6
Bergerac,archimonde,1147,warlock,destruction,24,12,12
Mewd,hyjal,1147,warlock,destruction,24,12,12
Hexam,blackmoore,1147,warlock,destruction,30,12,18
Favorizlmp,archimonde,1146,warlock,destruction,24,12,12
Еротикгодх,gordunni,1146,warlock,destruction,24,12,12
Mjuklock,ravencrest,1146,warlock,destruction,24,12,12
Критолог,borean-tundra,1146,warlock,destruction,30,12,18
Solomohn,steamwheedle-cartel,1145,warlock,destruction,18,13,5
Postymalony,kazzak,1145,warlock,destruction,18,12,6
Destrovid,stormscale,1145,warlock,destruction,24,12,12
Honetia,ravencrest,1145,warlock,destruction,24,12,12
Araphel,twisting-nether,1145,warlock,destruction,24,12,12
Sarajaylock,kazzak,1144,warlock,destruction,24,12,12
Thicklock,twisting-nether,1144,warlock,destruction,42,20,22
Zillinzy,frostmane,1143,warlock,destruction,18,12,6
Jinxzed,frostwhisper,1143,warlock,destruction,18,12,6
Zesekk,blackmoore,1143,warlock,destruction,155,64,91
Ionutmanea,ravencrest,1143,warlock,destruction,41,16,25
Cárloz,aegwynn,1142,warlock,destruction,18,12,6
Зажиженный,soulflayer,1142,warlock,destruction,21,12,9
Psychofear,kazzak,1142,warlock,destruction,30,12,18
Maxxilla,twisting-nether,1141,warlock,destruction,252,122,130
Xanth,eldrethalas,1141,warlock,destruction,30,13,17
Numlockz,jaedenar,1141,warlock,destruction,30,12,18
Hymirr,arathor,1140,warlock,destruction,31,12,19
Вериберри,gordunni,1139,warlock,destruction,24,12,12
Yudy,burning-legion,1137,warlock,destruction,25,13,12
Whine,uldum,1137,warlock,destruction,149,75,74
Omnigul,grim-batol,1137,warlock,destruction,92,46,46
Halacska,arathor,1137,warlock,destruction,24,12,12
Скул,soulflayer,1137,warlock,destruction,30,12,18
Neprux,burning-blade,1136,warlock,destruction,52,19,33
Krëkk,silvermoon,1135,warlock,destruction,24,12,12
Rampelnicka,burning-blade,1135,warlock,destruction,24,12,12
Joopz,ravencrest,1133,warlock,destruction,46,23,23
Ezekîél,blackhand,1131,warlock,destruction,144,62,82
Nirây,thrall,1131,warlock,destruction,61,19,42
Harrykan,blackrock,1130,warlock,destruction,18,12,6
Fromfuneral,anetheron,1130,warlock,destruction,136,76,60
Shadowflare,blackmoore,1130,warlock,destruction,38,15,23
Toffifae,argent-dawn,1129,warlock,destruction,18,12,6
Panicbolt,ravencrest,1129,warlock,destruction,24,12,12
Feer,defias-brotherhood,1129,warlock,destruction,36,12,24
Bojjisama,silvermoon,1128,warlock,destruction,18,12,6
Глотающий,gordunni,1128,warlock,destruction,18,12,6
Карамбут,fordragon,1126,warlock,destruction,54,20,34
Squát,kazzak,1125,warlock,destruction,24,12,12
Whiskeycola,blackmoore,1124,warlock,destruction,18,12,6
Rrore,ravencrest,1124,warlock,destruction,24,12,12
Dominvs,silvermoon,1124,warlock,destruction,178,83,95
Тарналор,gordunni,1124,warlock,destruction,36,14,22
Стейн,soulflayer,1123,warlock,destruction,39,15,24
Marann,dun-morogh,1122,warlock,destruction,38,25,13
Darkà,rexxar,1121,warlock,destruction,24,13,11
Подликерная,howling-fjord,1120,warlock,destruction,18,12,6
Fiddlock,draenor,1117,warlock,destruction,22,13,9
Aftxrlife,arathor,1116,warlock,destruction,22,13,9
Langeklunker,outland,1116,warlock,destruction,23,12,11
Noobtamer,kazzak,1116,warlock,destruction,23,12,11
Kharless,kazzak,1114,warlock,destruction,49,25,24
Бутабой,soulflayer,1114,warlock,destruction,33,16,17
Lánfeár,draenor,1114,warlock,destruction,29,12,17
Tommies,die-nachtwache,1113,warlock,destruction,42,19,23
Tid,burning-legion,1112,warlock,destruction,23,12,11
Çüñ,shattered-hand,1111,warlock,destruction,23,12,11
Rezax,blackrock,1108,warlock,destruction,42,20,22
Gastkäft,shadowsong,1105,warlock,destruction,73,34,39
Kharzug,alakir,1105,warlock,destruction,39,16,23
Bribon,sanguino,1105,warlock,destruction,98,37,61
Naniika,blackmoore,1104,warlock,destruction,84,50,34
Shadowbolt,outland,1104,warlock,destruction,27,12,15
Mîtskî,argent-dawn,1104,warlock,destruction,44,19,25
Bigdambolt,blackrock,1103,warlock,destruction,17,12,5
Lagoren,draenor,1102,warlock,destruction,24,12,12
Wildlily,aggramar,1101,warlock,destruction,40,20,20
Ainzlok,tarren-mill,1099,warlock,destruction,57,30,27
Pidka,drakthul,1098,warlock,destruction,24,17,7
Wxl,kazzak,1095,warlock,destruction,42,26,16
Orisess,bronze-dragonflight,1094,warlock,destruction,119,63,56
Oralnatqga,draenor,1092,warlock,destruction,54,22,32
Даркинсоул,soulflayer,1090,warlock,destruction,21,13,8
Loriene,trollbane,1089,warlock,destruction,22,13,9
Слававдвх,blackscar,1087,warlock,destruction,24,17,7
Yokûjin,twisting-nether,1087,warlock,destruction,23,12,11
Уставок,soulflayer,1087,warlock,destruction,42,20,22
Cuteyess,shadowsong,1086,warlock,destruction,23,12,11
Buserella,eredar,1085,warlock,destruction,30,12,18
Nathgar,drakthul,1085,warlock,destruction,42,15,27
Aelvur,tarren-mill,1083,warlock,destruction,26,12,14
Vendømlørd,archimonde,1083,warlock,destruction,36,12,24
Rasputia,thunderhorn,1080,warlock,destruction,76,39,37
Qloss,burning-legion,1080,warlock,destruction,56,25,31
Bunnyflow,blackmoore,1080,warlock,destruction,34,13,21
Бигтедок,gordunni,1079,warlock,destruction,164,83,81
Ruul,sanguino,1079,warlock,destruction,50,20,30
Tchytcha,archimonde,1078,warlock,destruction,30,17,13
Schöp,der-rat-von-dalaran,1078,warlock,destruction,53,25,28
Skybert,sunstrider,1077,warlock,destruction,30,15,15
Pff,emeriss,1074,warlock,destruction,41,22,19
Jinckslock,anachronos,1072,warlock,destruction,13,12,1
Vyku,burning-legion,1070,warlock,destruction,36,12,24
Ymersai,stormscale,1069,warlock,destruction,105,49,56
Riitaall,khaz-modan,1069,warlock,destruction,72,28,44
Jimbrown,eredar,1066,warlock,destruction,22,12,10
Lefttorot,garrosh,1062,warlock,destruction,52,24,28
Korne,nemesis,1061,warlock,destruction,108,44,64
Amon,suramar,1058,warlock,destruction,55,28,27
Babidí,blackmoore,1057,warlock,destruction,36,21,15
Ammitra,argent-dawn,1057,warlock,destruction,25,12,13
Hexiønløck,archimonde,1056,warlock,destruction,12,11,1
Kënnyfõx,ysondre,1056,warlock,destruction,12,11,1
Kaylabae,silvermoon,1056,warlock,destruction,12,11,1
Незерлок,soulflayer,1056,warlock,destruction,18,11,7
Tessalizz,aegwynn,1056,warlock,destruction,18,11,7
Abdulrahim,archimonde,1056,warlock,destruction,18,11,7
Кремация,blackscar,1056,warlock,destruction,18,11,7
Frèija,ravencrest,1056,warlock,destruction,18,11,7
Fjutta,outland,1056,warlock,destruction,18,11,7
Southyx,stormscale,1056,warlock,destruction,18,11,7
Fizybubbele,malganis,1056,warlock,destruction,18,11,7
Ltoplaylock,turalyon,1056,warlock,destruction,18,11,7
Kankbae,stormscale,1056,warlock,destruction,18,11,7
Flayør,ravencrest,1056,warlock,destruction,18,11,7
Laanik,twisting-nether,1056,warlock,destruction,18,11,7
Teemzen,tarren-mill,1056,warlock,destruction,24,11,13
Ratziel,sylvanas,1056,warlock,destruction,42,15,27
Rüjï,sanguino,1056,warlock,destruction,54,19,35
Resterx,blackhand,1055,warlock,destruction,12,11,1
Nazw,ravencrest,1055,warlock,destruction,18,11,7
Minicielle,ravencrest,1055,warlock,destruction,18,11,7
Straydots,grim-batol,1055,warlock,destruction,18,11,7
Raknoxyeyeye,blackrock,1055,warlock,destruction,18,11,7
Tseva,aggra-português,1055,warlock,destruction,24,11,13
Anyfears,outland,1055,warlock,destruction,24,11,13
Dalyvan,blackrock,1055,warlock,destruction,24,11,13
Razzalock,eredar,1055,warlock,destruction,24,11,13
Methmuncher,twisting-nether,1055,warlock,destruction,50,19,31
Flatulenzus,blackrock,1055,warlock,destruction,30,11,19
Sleive,ravencrest,1054,warlock,destruction,18,11,7
Ronniee,moonglade,1054,warlock,destruction,18,11,7
Archí,twisting-nether,1054,warlock,destruction,18,11,7
Buudds,frostmane,1054,warlock,destruction,18,11,7
Коломо,soulflayer,1054,warlock,destruction,18,11,7
Niiaa,archimonde,1054,warlock,destruction,18,11,7
Chafir,kazzak,1054,warlock,destruction,18,11,7
Dontargetme,draenor,1054,warlock,destruction,18,11,7
Elmáestro,aegwynn,1054,warlock,destruction,21,12,9
Finlock,kult-der-verdammten,1054,warlock,destruction,21,12,9
Ullalol,magtheridon,1054,warlock,destruction,24,11,13
Mentalx,outland,1054,warlock,destruction,24,11,13
Jelessa,lordaeron,1054,warlock,destruction,24,11,13
Xydar,stormscale,1054,warlock,destruction,30,12,18
Sôlon,azshara,1053,warlock,destruction,24,11,13
Хэлласс,blackscar,1053,warlock,destruction,24,11,13
Shadowthrone,ragnaros,1053,warlock,destruction,24,11,13
Yenex,blackhand,1053,warlock,destruction,32,14,18
Phicon,silvermoon,1052,warlock,destruction,18,11,7
Костикк,howling-fjord,1052,warlock,destruction,18,11,7
Harrydóttár,draenor,1052,warlock,destruction,24,11,13
Jasdemonly,stormscale,1052,warlock,destruction,24,11,13
Locque,kazzak,1051,warlock,destruction,18,11,7
Numidia,tarren-mill,1051,warlock,destruction,24,11,13
Disgraced,stormscale,1051,warlock,destruction,24,11,13
Katâra,tarren-mill,1051,warlock,destruction,30,11,19
Peterpaîn,blackmoore,1050,warlock,destruction,22,14,8
Hargart,ysondre,1050,warlock,destruction,18,11,7
Setta,argent-dawn,1050,warlock,destruction,36,11,25
Vraduk,malygos,1049,warlock,destruction,32,19,13
Sénsemann,madmortem,1048,warlock,destruction,18,11,7
Jynni,blackhand,1048,warlock,destruction,18,11,7
Rylewl,draenor,1048,warlock,destruction,30,11,19
Synnox,blackrock,1047,warlock,destruction,30,15,15
Рыжевласочка,eversong,1046,warlock,destruction,21,12,9
Yénnéfér,ravencrest,1046,warlock,destruction,33,11,22
Diavoletta,pozzo-delleternità,1046,warlock,destruction,48,11,37
Vech,blackmoore,1045,warlock,destruction,18,11,7
Esthrella,thrall,1044,warlock,destruction,85,45,40
Phántom,frostmane,1042,warlock,destruction,30,11,19
Дулаан,blackscar,1041,warlock,destruction,46,17,29
Pallma,tarren-mill,1038,warlock,destruction,30,11,19
Whitebanshee,turalyon,1035,warlock,destruction,42,23,19
Drfresh,dun-modr,1034,warlock,destruction,30,11,19
Kokonix,defias-brotherhood,1033,warlock,destruction,24,11,13
Äzarel,khaz-modan,1031,warlock,destruction,48,29,19
Чпокерша,deepholm,1030,warlock,destruction,46,19,27
Sitosa,todeswache,1027,warlock,destruction,18,11,7
Demonoulis,bloodhoof,1026,warlock,destruction,18,11,7
Woudstok,ysondre,1026,warlock,destruction,23,12,11
Loliloz,les-clairvoyants,1026,warlock,destruction,35,18,17
Äbsalom,hyjal,1025,warlock,destruction,176,92,84
Nava,stormscale,1024,warlock,destruction,28,12,16
Fguldan,zuljin,1023,warlock,destruction,16,11,5
Jaqqy,blackmoore,1022,warlock,destruction,50,28,22
Avati,sargeras,1018,warlock,destruction,30,14,16
Klasikas,kazzak,1016,warlock,destruction,27,12,15
Tarot,terokkar,1015,warlock,destruction,24,11,13
Lárgo,chamber-of-aspects,1012,warlock,destruction,29,12,17
Olympos,draenor,1011,warlock,destruction,54,23,31
Zardøx,khaz-modan,1009,warlock,destruction,18,12,6
Blåir,kazzak,1008,warlock,destruction,22,12,10
Rumpelelse,blackrock,1007,warlock,destruction,22,12,10
Condalini,runetotem,1005,warlock,destruction,66,33,33
Demonjailer,kazzak,1005,warlock,destruction,23,11,12
Ванфирмен,gordunni,1004,warlock,destruction,24,11,13
Mângo,thunderhorn,1004,warlock,destruction,24,11,13
Llilith,bronzebeard,1003,warlock,destruction,24,11,13
Galagoat,archimonde,1002,warlock,destruction,30,15,15
Babayagaa,drakthul,1002,warlock,destruction,26,11,15
Baskakov,zuljin,1001,warlock,destruction,21,11,10
Iltharian,die-todeskrallen,1000,warlock,destruction,17,11,6
Xjms,darksorrow,1000,warlock,destruction,30,12,18
Desolador,tyrande,996,warlock,destruction,23,11,12
Jackwizzer,dalaran,995,warlock,destruction,42,11,31
Petrosk,sanguino,990,warlock,destruction,26,11,15
Ottu,thrall,988,warlock,destruction,20,11,9
Lynchéd,argent-dawn,986,warlock,destruction,17,11,6
Sînâ,anubarak,984,warlock,destruction,36,11,25
Krastey,malfurion,983,warlock,destruction,16,11,5
Llilithh,draenor,983,warlock,destruction,16,11,5
Ileeo,kazzak,980,warlock,destruction,73,38,35
Dakc,kazzak,978,warlock,destruction,54,19,35
Шайтанарба,blackscar,977,warlock,destruction,42,17,25
Scrabblee,dun-morogh,976,warlock,destruction,30,11,19
Dollmak,hyjal,973,warlock,destruction,93,43,50
Thorins,sinstralis,972,warlock,destruction,30,12,18
Dorothy,steamwheedle-cartel,969,warlock,destruction,18,12,6
Gâlvâtorix,frostmourne,968,warlock,destruction,90,39,51
Huesecillo,sanguino,967,warlock,destruction,24,14,10
Troyana,chants-éternels,966,warlock,destruction,104,54,50
Àtreyù,daggerspine,966,warlock,destruction,128,53,75
Demox,arathor,962,warlock,destruction,26,11,15
Jamuhlee,der-abyssische-rat,960,warlock,destruction,12,10,2
Nerfmeplz,archimonde,960,warlock,destruction,12,10,2
Joinx,tarren-mill,960,warlock,destruction,12,10,2
Stecksen,blackmoore,960,warlock,destruction,12,10,2
Slomg,sylvanas,960,warlock,destruction,12,10,2
Korialstraz,sylvanas,960,warlock,destruction,12,10,2
Nefariousz,bloodfeather,960,warlock,destruction,12,10,2
Botrotation,ravencrest,960,warlock,destruction,12,10,2
Lurian,silvermoon,960,warlock,destruction,12,10,2
Garb,stormreaver,960,warlock,destruction,12,10,2
Måracujå,kazzak,960,warlock,destruction,12,10,2
Flxzshort,kazzak,960,warlock,destruction,12,10,2
Graystache,blackhand,960,warlock,destruction,12,10,2
Harefrøken,ravencrest,960,warlock,destruction,12,10,2
Destrolockz,tarren-mill,960,warlock,destruction,16,11,5
Adoxilock,twisting-nether,960,warlock,destruction,18,10,8
Dmnw,antonidas,960,warlock,destruction,18,10,8
Trickytée,tarren-mill,960,warlock,destruction,18,10,8
Gödisdëäd,sanguino,960,warlock,destruction,18,10,8
Ðåñtåy,ravencrest,960,warlock,destruction,18,10,8
Turdy,sylvanas,960,warlock,destruction,18,10,8
Ilovethena,hyjal,960,warlock,destruction,18,10,8
Ммоохх,gordunni,960,warlock,destruction,18,10,8
Traicklock,eredar,960,warlock,destruction,18,10,8
Chaotick,burning-legion,960,warlock,destruction,18,10,8
Zzooxx,silvermoon,960,warlock,destruction,18,10,8
Dst,ravencrest,960,warlock,destruction,18,10,8
Tøtøf,sargeras,960,warlock,destruction,18,10,8
Gutrass,ragnaros,960,warlock,destruction,18,10,8
Imissbfa,stormscale,960,warlock,destruction,22,11,11
Asper,ragnaros,960,warlock,destruction,24,10,14
Pämppää,stormscale,960,warlock,destruction,24,10,14
Droguri,darkspear,959,warlock,destruction,12,10,2
Demonqueens,kazzak,959,warlock,destruction,12,10,2
Ammilock,aszune,959,warlock,destruction,12,10,2
Zízýéró,sylvanas,959,warlock,destruction,12,10,2
Dotáhoe,twisting-nether,959,warlock,destruction,18,10,8
Kekbólt,twisting-nether,959,warlock,destruction,18,10,8
Nopainnodot,aegwynn,959,warlock,destruction,18,10,8
Chaostrain,sylvanas,959,warlock,destruction,18,10,8
Maenas,ravencrest,959,warlock,destruction,18,10,8
Vät,kirin-tor,959,warlock,destruction,18,10,8
Raddikal,archimonde,959,warlock,destruction,18,10,8
Boomdalf,silvermoon,959,warlock,destruction,18,10,8
Balatonsound,ragnaros,959,warlock,destruction,18,10,8
Positivitywl,stormscale,959,warlock,destruction,18,10,8
Femalenjoyer,tarren-mill,959,warlock,destruction,18,10,8
Vexsir,kazzak,959,warlock,destruction,21,11,10
Cürsëd,culte-de-la-rive-noire,959,warlock,destruction,24,10,14
Dabolt,archimonde,959,warlock,destruction,24,10,14
Shazalock,frostmane,959,warlock,destruction,24,10,14
Necromonger,blackrock,959,warlock,destruction,24,10,14
Kaldun,outland,959,warlock,destruction,24,10,14
Колмидедди,gordunni,959,warlock,destruction,24,10,14
Ogrez,nemesis,959,warlock,destruction,30,10,20
Slâyâ,blackrock,958,warlock,destruction,12,10,2
Kenybalajze,the-maelstrom,958,warlock,destruction,18,10,8
Dampini,ravencrest,958,warlock,destruction,18,10,8
Drainurlife,zenedar,958,warlock,destruction,18,10,8
Scud,frostwolf,958,warlock,destruction,18,10,8
Адво,howling-fjord,958,warlock,destruction,18,10,8
Релента,gordunni,958,warlock,destruction,18,10,8
Revhy,ravencrest,958,warlock,destruction,18,10,8
Kwei,nemesis,958,warlock,destruction,18,10,8
Vanmorgoth,nazjatar,958,warlock,destruction,18,10,8
Filippö,eredar,958,warlock,destruction,18,10,8
Banette,sylvanas,958,warlock,destruction,18,10,8
Cryks,blackmoore,958,warlock,destruction,21,11,10
Dèv,draenor,958,warlock,destruction,24,10,14
Ivannadie,outland,958,warlock,destruction,24,10,14
Narzisså,dalaran,958,warlock,destruction,24,10,14
Zorlon,frostmane,957,warlock,destruction,12,10,2
Schmexer,blutkessel,957,warlock,destruction,18,10,8
Hexdoc,alakir,957,warlock,destruction,18,10,8
Nimmyjewtron,tarren-mill,957,warlock,destruction,18,10,8
Inhúman,kazzak,957,warlock,destruction,18,10,8
Телкадрейнх,gordunni,957,warlock,destruction,21,11,10
Allêgrâ,blackrock,957,warlock,destruction,20,10,10
Whippet,nemesis,956,warlock,destruction,12,10,2
Lisànna,nemesis,956,warlock,destruction,24,10,14
Ромаколдун,howling-fjord,956,warlock,destruction,24,10,14
Kontanthjælp,tarren-mill,956,warlock,destruction,24,10,14
Absurdd,turalyon,955,warlock,destruction,16,11,5
Банкапевка,howling-fjord,955,warlock,destruction,24,10,14
Капризх,blackscar,955,warlock,destruction,24,10,14
Thranerm,ravencrest,955,warlock,destruction,24,10,14
Chlöê,hyjal,954,warlock,destruction,18,10,8
Ezze,thrall,954,warlock,destruction,18,10,8
Izhi,ragnaros,954,warlock,destruction,21,10,11
Акучабела,gordunni,954,warlock,destruction,24,10,14
Gerart,tarren-mill,953,warlock,destruction,18,10,8
Wormies,doomhammer,953,warlock,destruction,24,10,14
Chaoscu,twisting-nether,952,warlock,destruction,18,10,8
Millhaus,gorgonnash,952,warlock,destruction,18,10,8
Tzimice,hyjal,952,warlock,destruction,24,10,14
Ihateyouguys,auchindoun,951,warlock,destruction,24,10,14
Skitless,blackmoore,951,warlock,destruction,24,10,14
Zow,dun-modr,950,warlock,destruction,24,10,14
Bandìtten,alakir,949,warlock,destruction,18,10,8
Drthc,kazzak,949,warlock,destruction,18,10,8
Fbomber,ravencrest,948,warlock,destruction,12,10,2
Rikkai,anubarak,948,warlock,destruction,18,10,8
Elayjalock,twisting-nether,948,warlock,destruction,24,10,14
Шейп,fordragon,948,warlock,destruction,46,12,34
Тэлдвин,gordunni,946,warlock,destruction,24,10,14
Прадедка,howling-fjord,946,warlock,destruction,36,10,26
Neuth,draenor,941,warlock,destruction,30,10,20
Fujiitøra,ysondre,939,warlock,destruction,39,17,22
Мааверш,soulflayer,939,warlock,destruction,36,11,25
Карлон,fordragon,938,warlock,destruction,30,10,20
Saleus,argent-dawn,934,warlock,destruction,21,11,10
Vinilio,kazzak,934,warlock,destruction,92,36,56
Снчч,soulflayer,933,warlock,destruction,23,10,13
Silkgates,kazzak,933,warlock,destruction,29,10,19
Demowlition,archimonde,931,warlock,destruction,42,14,28
Britneyfear,aegwynn,927,warlock,destruction,14,11,3
Racursed,outland,927,warlock,destruction,16,10,6
Mádará,tarren-mill,926,warlock,destruction,20,11,9
Scheprick,twisting-nether,926,warlock,destruction,29,10,19
Архидрако,gordunni,925,warlock,destruction,44,17,27
Wizdoom,outland,924,warlock,destruction,22,11,11
Hêxêr,terrordar,923,warlock,destruction,18,10,8
Öyo,outland,923,warlock,destruction,171,83,88
Flisiakm,exodar,914,warlock,destruction,87,44,43
Kárdur,blackmoore,912,warlock,destruction,20,11,9
Smithlock,blackrock,912,warlock,destruction,21,11,10
Lhester,outland,912,warlock,destruction,21,10,11
Purplemonkey,burning-blade,911,warlock,destruction,17,10,7
Absúrd,turalyon,911,warlock,destruction,21,10,11
Фламмэнх,soulflayer,911,warlock,destruction,23,10,13
Cruckz,nathrezim,910,warlock,destruction,15,10,5
Sickdotter,outland,909,warlock,destruction,29,10,19
Caiiden,kazzak,905,warlock,destruction,18,11,7
Janneraut,terokkar,905,warlock,destruction,36,14,22
Happysrme,thrall,904,warlock,destruction,42,10,32
Чернокай,gordunni,895,warlock,destruction,16,10,6
Реалсамка,gordunni,895,warlock,destruction,17,10,7
Würrzag,kazzak,894,warlock,destruction,17,10,7
Felcollins,sylvanas,892,warlock,destruction,20,10,10
Zozano,draenor,891,warlock,destruction,22,10,12
Blâckmagíc,thrall,887,warlock,destruction,16,10,6
Müdür,burning-legion,880,warlock,destruction,20,10,10
Cocadémo,archimonde,880,warlock,destruction,25,10,15
Zøhaz,burning-legion,876,warlock,destruction,104,45,59
Низвестнно,soulflayer,864,warlock,destruction,12,9,3
Zakazal,argent-dawn,864,warlock,destruction,12,9,3
Mìzengard,eredar,864,warlock,destruction,12,9,3
Lcollector,outland,864,warlock,destruction,12,9,3
Jackalabrute,dalaran,864,warlock,destruction,12,9,3
Vamanos,stormscale,864,warlock,destruction,12,9,3
Trimar,archimonde,864,warlock,destruction,12,9,3
Boltmaster,burning-legion,864,warlock,destruction,12,9,3
Fhla,kazzak,864,warlock,destruction,12,9,3
Chaosboba,silvermoon,864,warlock,destruction,12,9,3
Osclo,ravencrest,864,warlock,destruction,12,9,3
Projectlock,draenor,864,warlock,destruction,12,9,3
Predlocktwo,twisting-nether,864,warlock,destruction,12,9,3
Kevinbolter,kult-der-verdammten,864,warlock,destruction,12,9,3
Menocast,archimonde,864,warlock,destruction,12,9,3
Reizouka,twisting-nether,864,warlock,destruction,12,9,3
Peon,blackrock,864,warlock,destruction,12,9,3
Chàsx,archimonde,864,warlock,destruction,12,9,3
Beltazhor,kazzak,864,warlock,destruction,16,10,6
Demonbot,kazzak,864,warlock,destruction,15,9,6
Aggressivé,twisting-nether,864,warlock,destruction,17,9,8
Fearfearfear,blackhand,864,warlock,destruction,18,9,9
Gulzot,turalyon,864,warlock,destruction,18,9,9
Ubinaz,blackmoore,864,warlock,destruction,18,9,9
Eleriya,argent-dawn,864,warlock,destruction,18,9,9
Cursè,stormscale,864,warlock,destruction,18,9,9
Vestaya,burning-legion,864,warlock,destruction,18,9,9
Joleptem,outland,864,warlock,destruction,18,9,9
Файрусх,soulflayer,864,warlock,destruction,18,9,9
Saladoor,draenor,864,warlock,destruction,18,9,9
Fascino,nazjatar,864,warlock,destruction,18,9,9
Ðênnis,tarren-mill,864,warlock,destruction,18,9,9
Köftemec,blackrock,864,warlock,destruction,18,9,9
Gremmus,outland,864,warlock,destruction,18,9,9
Milfhaunter,aegwynn,864,warlock,destruction,24,9,15
Séxenmeister,argent-dawn,864,warlock,destruction,24,9,15
Elissa,skullcrusher,863,warlock,destruction,12,9,3
Psykokwette,kirin-tor,863,warlock,destruction,12,9,3
Narzok,kazzak,863,warlock,destruction,12,9,3
Zelyx,archimonde,863,warlock,destruction,12,9,3
Elerodril,ysondre,863,warlock,destruction,12,9,3
Jmë,outland,863,warlock,destruction,12,9,3
Mawdogger,ravencrest,863,warlock,destruction,12,9,3
Fearpuss,dun-modr,863,warlock,destruction,12,9,3
Goatpuss,stormrage,863,warlock,destruction,12,9,3
Tschebo,eredar,863,warlock,destruction,12,9,3
Metalac,tarren-mill,863,warlock,destruction,12,9,3
Dezowenn,draenor,863,warlock,destruction,12,9,3
Тарои,howling-fjord,863,warlock,destruction,18,9,9
Wårlørd,ragnaros,863,warlock,destruction,18,9,9
Sethtarr,draenor,863,warlock,destruction,18,9,9
Острогриф,gordunni,863,warlock,destruction,18,9,9
Ralyz,archimonde,863,warlock,destruction,18,9,9
Burningdemon,kazzak,863,warlock,destruction,18,9,9
Hydock,twisting-nether,863,warlock,destruction,18,9,9
Nazrõth,stormscale,863,warlock,destruction,18,9,9
Nobodyknows,outland,863,warlock,destruction,18,9,9
Súícìdèbøy,colinas-pardas,863,warlock,destruction,18,9,9
Andrealphus,outland,863,warlock,destruction,18,9,9
Anicetuslol,lightnings-blade,863,warlock,destruction,18,9,9
Moardotts,ravencrest,863,warlock,destruction,19,9,10
Meningitis,tyrande,863,warlock,destruction,24,9,15
Rcodellamado,kazzak,863,warlock,destruction,24,9,15
Getfeared,draenor,863,warlock,destruction,24,9,15
Uezzalock,nemesis,863,warlock,destruction,24,9,15
Argenus,khazgoroth,863,warlock,destruction,24,9,15
Мглавечная,soulflayer,863,warlock,destruction,31,9,22
Lanmarieberg,stormscale,862,warlock,destruction,12,9,3
Zeralia,nemesis,862,warlock,destruction,12,9,3
Biihz,ysondre,862,warlock,destruction,12,9,3
Bíggun,outland,862,warlock,destruction,12,9,3
Otemlock,sanguino,862,warlock,destruction,18,9,9
Enviroq,burning-legion,862,warlock,destruction,18,9,9
Deamions,ravencrest,862,warlock,destruction,18,9,9
Voidllynx,sylvanas,862,warlock,destruction,18,9,9
Nili,dethecus,862,warlock,destruction,18,9,9
Arthesia,archimonde,862,warlock,destruction,18,9,9
Grol,terokkar,861,warlock,destruction,18,11,7
Orcboltz,tarren-mill,861,warlock,destruction,80,36,44
Darkremorsez,alakir,861,warlock,destruction,24,9,15
Xeró,quelthalas,860,warlock,destruction,12,9,3
Locknroll,terokkar,860,warlock,destruction,18,9,9
Zakuri,blackmoore,859,warlock,destruction,18,9,9
Acohab,draenor,859,warlock,destruction,18,9,9
Swank,twisting-nether,859,warlock,destruction,18,9,9
Adafbhf,tichondrius,859,warlock,destruction,18,9,9
Yoghurth,silvermoon,859,warlock,destruction,21,10,11
Arlu,blackrock,859,warlock,destruction,82,37,45
Глянемче,deathguard,859,warlock,destruction,24,9,15
Schluépfêr,blackrock,858,warlock,destruction,18,9,9
Helldozer,nordrassil,858,warlock,destruction,18,9,9
Fearmex,turalyon,854,warlock,destruction,18,9,9
Xolìe,azshara,853,warlock,destruction,18,9,9
Colevid,blackmoore,850,warlock,destruction,69,28,41
Ternisia,draenor,846,warlock,destruction,20,10,10
Shololock,kazzak,831,warlock,destruction,14,10,4
Lokelicious,ragnaros,829,warlock,destruction,23,9,14
Dmondmg,kazzak,828,warlock,destruction,23,9,14
Армдэд,galakrond,826,warlock,destruction,29,9,20
Kritcheq,alakir,824,warlock,destruction,104,49,55
Oddchap,magtheridon,822,warlock,destruction,89,38,51
Indynamo,blackrock,815,warlock,destruction,17,9,8
Shakuroz,frostwolf,815,warlock,destruction,27,10,17
Silvercurse,azuremyst,814,warlock,destruction,23,9,14
Jaliyah,outland,808,warlock,destruction,18,10,8
Sapheâ,burning-legion,799,warlock,destruction,11,9,2
Sacmaboltz,kazzak,797,warlock,destruction,22,9,13
Eisenkiefer,thrall,792,warlock,destruction,81,28,53
Trathos,minahonda,781,warlock,destruction,54,23,31
Côr,twisting-nether,768,warlock,destruction,12,8,4
Verminosiss,stormscale,768,warlock,destruction,12,8,4
Rikuu,ravencrest,768,warlock,destruction,12,8,4
Phobilock,guldan,768,warlock,destruction,12,8,4
Crunel,ragnaros,768,warlock,destruction,12,8,4
Yzzie,drakthul,768,warlock,destruction,12,8,4
Disnyo,outland,768,warlock,destruction,12,8,4
Neverfearjk,aegwynn,768,warlock,destruction,12,8,4
Doublebolt,the-maelstrom,768,warlock,destruction,12,8,4
Андаинг,soulflayer,768,warlock,destruction,12,8,4
Psychoduck,stormscale,768,warlock,destruction,12,8,4
Detoxa,outland,768,warlock,destruction,12,8,4
Namarin,die-aldor,768,warlock,destruction,12,8,4
Sniffy,stormreaver,768,warlock,destruction,12,8,4
Ogiez,draenor,768,warlock,destruction,12,8,4
Ампе,blackscar,768,warlock,destruction,12,8,4
Kitingguru,stormscale,768,warlock,destruction,12,8,4
Overbuffed,wildhammer,768,warlock,destruction,12,8,4
Muyutrix,eredar,768,warlock,destruction,12,8,4
Sebikqt,ravencrest,768,warlock,destruction,12,8,4
Aket,kazzak,768,warlock,destruction,12,8,4
Benafflock,veknilash,768,warlock,destruction,12,8,4
Gambos,kazzak,768,warlock,destruction,12,8,4
Menescurse,blackhand,768,warlock,destruction,12,8,4
Vezmollo,stormscale,768,warlock,destruction,12,8,4
Emolord,ravencrest,768,warlock,destruction,12,8,4
Gravewatcher,twisting-nether,768,warlock,destruction,12,8,4
Miniparanoik,silvermoon,768,warlock,destruction,12,8,4
Trembly,alakir,768,warlock,destruction,12,8,4
Журанайсбой,blackscar,768,warlock,destruction,12,8,4
Nodavé,stormscale,768,warlock,destruction,12,8,4
Cheeseyballs,ravencrest,768,warlock,destruction,12,8,4
Миражлок,gordunni,768,warlock,destruction,12,8,4
Dmonlock,hyjal,768,warlock,destruction,12,8,4
Dadylock,silvermoon,768,warlock,destruction,12,8,4
Nasalies,grim-batol,768,warlock,destruction,12,8,4
Gebkan,hyjal,768,warlock,destruction,12,8,4
Sartaz,blackmoore,768,warlock,destruction,12,8,4
Goodbyex,aegwynn,768,warlock,destruction,12,8,4
Firecast,kazzak,768,warlock,destruction,12,8,4
Mosskok,kazzak,768,warlock,destruction,16,9,7
Dakotalock,ravencrest,768,warlock,destruction,16,9,7
Эпсизануда,soulflayer,768,warlock,destruction,18,8,10
Lilkit,kazzak,768,warlock,destruction,18,8,10
Hsheam,kazzak,768,warlock,destruction,18,8,10
Sargasus,kazzak,768,warlock,destruction,18,8,10
Dirtyjoe,doomhammer,768,warlock,destruction,18,8,10
Drestar,ragnaros,768,warlock,destruction,18,8,10
Némésiø,archimonde,768,warlock,destruction,18,8,10
Бездушный,gordunni,768,warlock,destruction,18,8,10
Horststenzl,blackrock,768,warlock,destruction,18,8,10
Melforius,tarren-mill,768,warlock,destruction,18,8,10
Vexlock,rexxar,768,warlock,destruction,18,8,10
Mentaldeadw,draenor,767,warlock,destruction,12,8,4
Joulsy,ravencrest,767,warlock,destruction,12,8,4
Gimmê,dun-morogh,767,warlock,destruction,12,8,4
Kalimsshar,ysondre,767,warlock,destruction,12,8,4
Redroach,doomhammer,767,warlock,destruction,12,8,4
Grònkh,eredar,767,warlock,destruction,12,8,4
Ромзесхх,howling-fjord,767,warlock,destruction,12,8,4
Aribethion,draenor,767,warlock,destruction,12,8,4
Shadowburst,outland,767,warlock,destruction,12,8,4
Bellatrìxx,madmortem,767,warlock,destruction,12,8,4
Blackojrien,outland,767,warlock,destruction,12,8,4
Shakoth,draenor,767,warlock,destruction,12,8,4
Yzïah,blackrock,767,warlock,destruction,12,8,4
Unkid,tarren-mill,767,warlock,destruction,12,8,4
Кандидат,blackscar,767,warlock,destruction,12,8,4
Xoregar,nemesis,767,warlock,destruction,12,8,4
Palatical,terokkar,767,warlock,destruction,12,8,4
Эльбардо,soulflayer,767,warlock,destruction,12,8,4
Iblis,grim-batol,767,warlock,destruction,12,8,4
Lotud,drakthul,767,warlock,destruction,16,9,7
Sadisticlól,burning-legion,767,warlock,destruction,18,8,10
Eviloverlord,silvermoon,767,warlock,destruction,18,8,10
Ábýss,ravencrest,767,warlock,destruction,18,8,10
Melkorh,twisting-nether,767,warlock,destruction,18,8,10
Ebolara,aegwynn,767,warlock,destruction,18,8,10
Флягаегеря,howling-fjord,767,warlock,destruction,18,8,10
Surt,la-croisade-écarlate,767,warlock,destruction,18,8,10
Slamalock,stormscale,767,warlock,destruction,18,8,10
Stopfëar,ysondre,767,warlock,destruction,18,8,10
Debex,ravencrest,767,warlock,destruction,18,8,10
Wichtl,die-ewige-wacht,767,warlock,destruction,18,8,10
Heyggspal,draenor,767,warlock,destruction,18,8,10
Ráklock,ragnaros,767,warlock,destruction,18,8,10
Infectius,kazzak,767,warlock,destruction,24,8,16
Fearmighty,kazzak,767,warlock,destruction,24,8,16
Crathar,kazzak,767,warlock,destruction,24,8,16
Келебрах,howling-fjord,766,warlock,destruction,12,8,4
Discordîân,twisting-nether,766,warlock,destruction,12,8,4
Sharion,silvermoon,766,warlock,destruction,12,8,4
Yôi,nemesis,766,warlock,destruction,18,8,10
Shindubelore,aggra-português,766,warlock,destruction,18,8,10
Jillyãen,hyjal,766,warlock,destruction,18,8,10
Xlara,argent-dawn,766,warlock,destruction,18,8,10
Warlockout,ravencrest,766,warlock,destruction,22,9,13
Lorock,rajaxx,766,warlock,destruction,24,8,16
Dregx,twisting-nether,765,warlock,destruction,12,8,4
Bravehearrt,burning-legion,765,warlock,destruction,12,8,4
Darkspit,draenor,765,warlock,destruction,12,8,4
Рисли,deathweaver,765,warlock,destruction,12,8,4
Drestan,twisting-nether,765,warlock,destruction,18,8,10
Mestaca,dun-modr,765,warlock,destruction,24,8,16
Waîdo,blackhand,765,warlock,destruction,24,8,16
Toîlêt,proudmoore,764,warlock,destruction,18,8,10
Gendo,twisting-nether,764,warlock,destruction,18,8,10
Hexahydraten,draenor,764,warlock,destruction,18,8,10
Zaklinator,twisting-nether,764,warlock,destruction,18,8,10
Urgool,ravencrest,763,warlock,destruction,12,8,4
Ariyala,alleria,763,warlock,destruction,18,8,10
Манапчик,soulflayer,763,warlock,destruction,18,8,10
Камнилока,booty-bay,763,warlock,destruction,24,8,16
Юникна,gordunni,763,warlock,destruction,24,8,16
Dimkeldor,kazzak,762,warlock,destruction,18,8,10
Chaosboltfm,silvermoon,762,warlock,destruction,23,8,15
Nizha,sanguino,761,warlock,destruction,92,43,49
Kretuss,silvermoon,760,warlock,destruction,18,8,10
Meinfearer,drakthul,760,warlock,destruction,27,8,19
Ramurox,rexxar,759,warlock,destruction,22,9,13
Mekalin,minahonda,757,warlock,destruction,18,8,10
Sladurana,eredar,756,warlock,destruction,42,16,26
Safirae,blackmoore,756,warlock,destruction,25,8,17
Bësly,khaz-modan,752,warlock,destruction,18,8,10
Dalfgan,wildhammer,751,warlock,destruction,113,47,66
Mindfreak,turalyon,736,warlock,destruction,16,8,8
Шадофлок,deathweaver,735,warlock,destruction,17,8,9
Shaodul,stormscale,735,warlock,destruction,17,8,9
Bajaa,kazzak,720,warlock,destruction,15,9,6
Awon,aegwynn,719,warlock,destruction,17,8,9
Kelek,anachronos,718,warlock,destruction,11,8,3
Кореопсис,azuregos,718,warlock,destruction,11,8,3
Chornota,ravencrest,715,warlock,destruction,23,8,15
Mïllâïneeqtx,archimonde,714,warlock,destruction,13,10,3
Cursse,ahnqiraj,714,warlock,destruction,16,12,4
Skippity,ravencrest,714,warlock,destruction,14,9,5
Ironserious,blackrock,714,warlock,destruction,16,9,7
Nôgariûs,blackrock,714,warlock,destruction,17,8,9
Тёмабиль,gordunni,714,warlock,destruction,23,10,13
Warlocklordx,ravencrest,713,warlock,destruction,22,9,13
Pederlock,defias-brotherhood,710,warlock,destruction,33,9,24
Джастсак,gordunni,703,warlock,destruction,11,8,3
Rikta,stormscale,703,warlock,destruction,11,8,3
Manmilker,auchindoun,703,warlock,destruction,11,8,3
Trollóck,the-maelstrom,686,warlock,destruction,11,8,3
Lestebbes,frostwolf,672,warlock,destruction,12,7,5
Fraky,frostwhisper,672,warlock,destruction,12,7,5
Матрикспз,soulflayer,672,warlock,destruction,12,7,5
Psykøø,shendralar,672,warlock,destruction,12,7,5
Damira,blackmoore,672,warlock,destruction,12,7,5
Bansheera,blackmoore,672,warlock,destruction,12,7,5
Tindóme,blackmoore,672,warlock,destruction,12,7,5
Nmmnmmnnmnmm,blackmoore,672,warlock,destruction,12,7,5
Arakaali,dentarg,672,warlock,destruction,12,7,5
Wacastwo,tarren-mill,672,warlock,destruction,12,7,5
Vertione,burning-legion,672,warlock,destruction,12,7,5
Nerreboltz,tarren-mill,672,warlock,destruction,12,7,5
Мэрджис,soulflayer,672,warlock,destruction,12,7,5
Uqrlock,twisting-nether,672,warlock,destruction,12,7,5
Pukemistress,tarren-mill,672,warlock,destruction,12,7,5
Kradrog,nemesis,672,warlock,destruction,12,7,5
Lickyicky,twisting-nether,672,warlock,destruction,12,7,5
Demodan,aegwynn,672,warlock,destruction,12,7,5
Archimitros,blackmoore,672,warlock,destruction,12,7,5
Gruldran,khaz-modan,672,warlock,destruction,12,7,5
Kurioula,twisting-nether,672,warlock,destruction,12,7,5
Zilthon,dragonblight,672,warlock,destruction,12,7,5
Aoeenjoer,tarren-mill,672,warlock,destruction,12,7,5
Pujatia,tarren-mill,672,warlock,destruction,12,7,5
Oldmancletus,silvermoon,672,warlock,destruction,12,7,5
Skipperw,blackmoore,672,warlock,destruction,12,7,5
Sötsugen,argent-dawn,672,warlock,destruction,12,7,5
Dexterlol,blackmoore,672,warlock,destruction,12,7,5
Xjay,malorne,672,warlock,destruction,12,7,5
Fellord,chants-éternels,672,warlock,destruction,12,7,5
Ansatz,kazzak,672,warlock,destruction,12,7,5
Galeriana,twilights-hammer,672,warlock,destruction,12,7,5
Nürgle,stormscale,672,warlock,destruction,12,7,5
Aunsá,archimonde,672,warlock,destruction,12,7,5
Destroylol,draenor,672,warlock,destruction,12,7,5
Hèrmit,kazzak,672,warlock,destruction,12,7,5
Sneltjej,draenor,672,warlock,destruction,12,7,5
Ofgirl,ravencrest,672,warlock,destruction,12,7,5
Itiswhatitis,ravencrest,672,warlock,destruction,12,7,5
Abraðolf,blackrock,672,warlock,destruction,12,7,5
Qumbaja,alleria,672,warlock,destruction,12,7,5
Lockizz,tarren-mill,672,warlock,destruction,12,7,5
Boltsofdoom,kazzak,672,warlock,destruction,12,7,5
Vilenia,doomhammer,672,warlock,destruction,12,7,5
Castywl,blackrock,672,warlock,destruction,12,7,5
Defenestros,ravencrest,672,warlock,destruction,12,7,5
Zharae,thrall,672,warlock,destruction,12,7,5
Numwiki,draenor,672,warlock,destruction,12,7,5
Hehexd,steamwheedle-cartel,672,warlock,destruction,12,7,5
Jaleels,kazzak,672,warlock,destruction,12,7,5
Vixlock,tarren-mill,672,warlock,destruction,15,8,7
Haccu,ragnaros,672,warlock,destruction,18,7,11
Mocfernando,ravencrest,672,warlock,destruction,18,7,11
Banton,blackmoore,672,warlock,destruction,18,7,11
Mewarlock,bronze-dragonflight,672,warlock,destruction,18,7,11
Локизло,gordunni,672,warlock,destruction,18,7,11
Xuloth,ravencrest,672,warlock,destruction,18,7,11
Марэд,howling-fjord,672,warlock,destruction,18,7,11
Apokalyps,eldrethalas,672,warlock,destruction,18,7,11
Arizyoxot,twisting-nether,672,warlock,destruction,18,7,11
Nahzz,ravencrest,672,warlock,destruction,18,7,11
Hungtwink,argent-dawn,672,warlock,destruction,18,7,11
Ssneakydot,silvermoon,672,warlock,destruction,18,7,11
Skali,stormrage,672,warlock,destruction,18,7,11
Sweëk,blackhand,672,warlock,destruction,18,7,11
Ssz,stormscale,672,warlock,destruction,18,7,11
Belakh,draenor,672,warlock,destruction,18,7,11
Guldãn,silvermoon,672,warlock,destruction,18,7,11
Topmodelx,eredar,672,warlock,destruction,18,7,11
Seyzz,eredar,672,warlock,destruction,18,7,11
Haedri,kazzak,672,warlock,destruction,18,7,11
Lobbo,ravencrest,672,warlock,destruction,18,7,11
Bitshlog,draenor,672,warlock,destruction,18,7,11
Mixu,hakkar,672,warlock,destruction,21,8,13
Marripa,sanguino,672,warlock,destruction,24,7,17
Spikemasterd,doomhammer,672,warlock,destruction,24,7,17
Demosteaks,thrall,671,warlock,destruction,12,7,5
Омикс,gordunni,671,warlock,destruction,12,7,5
Cømps,blackrock,671,warlock,destruction,12,7,5
Zaruman,turalyon,671,warlock,destruction,12,7,5
Drexo,drakthul,671,warlock,destruction,12,7,5
Jillyãn,hyjal,671,warlock,destruction,12,7,5
Lxié,ravencrest,671,warlock,destruction,12,7,5
Baladas,nemesis,671,warlock,destruction,12,7,5
Gnimoz,silvermoon,671,warlock,destruction,12,7,5
Raddock,ysondre,671,warlock,destruction,12,7,5
Minniemøuse,silvermoon,671,warlock,destruction,12,7,5
Fauxshow,ravencrest,671,warlock,destruction,12,7,5
Náwwk,blackmoore,671,warlock,destruction,12,7,5
Afflicted,trollbane,671,warlock,destruction,12,7,5
Aîds,kazzak,671,warlock,destruction,12,7,5
Saadq,draenor,671,warlock,destruction,12,7,5
Sourpatchkid,the-maelstrom,671,warlock,destruction,15,8,7
Tce,ravencrest,671,warlock,destruction,18,7,11
Zyasuk,runetotem,671,warlock,destruction,18,7,11
Ziloc,silvermoon,671,warlock,destruction,18,7,11
Прогнившая,blackscar,671,warlock,destruction,18,7,11
Гнумосятина,booty-bay,671,warlock,destruction,18,7,11
Cancerdotcom,kazzak,671,warlock,destruction,18,7,11
Fireburner,der-mithrilorden,671,warlock,destruction,18,7,11
Vengidotcom,outland,671,warlock,destruction,18,7,11
Kekihl,tarren-mill,671,warlock,destruction,18,7,11
Hampter,blackmoore,671,warlock,destruction,18,7,11
Suaakylove,tyrande,671,warlock,destruction,18,7,11
Деморвун,soulflayer,671,warlock,destruction,18,7,11
Izilove,culte-de-la-rive-noire,671,warlock,destruction,18,7,11
Gølpilølz,ysondre,671,warlock,destruction,18,7,11
Фтор,soulflayer,671,warlock,destruction,21,8,13
Kàiser,sanguino,671,warlock,destruction,23,7,16
Лузер,blackscar,671,warlock,destruction,24,7,17
Ekatherini,blackhand,670,warlock,destruction,12,7,5
Nelektaus,stormscale,670,warlock,destruction,12,7,5
Cjnaz,twisting-nether,670,warlock,destruction,12,7,5
Olilock,drakthul,670,warlock,destruction,12,7,5
Нафлэпил,gordunni,670,warlock,destruction,12,7,5
Зародыш,razuvious,670,warlock,destruction,18,7,11
Jondi,blackmoore,670,warlock,destruction,24,7,17
Валак,greymane,669,warlock,destruction,21,8,13
Demonzo,tarren-mill,669,warlock,destruction,23,8,15
Samigina,argent-dawn,669,warlock,destruction,24,7,17
Sheshii,argent-dawn,669,warlock,destruction,24,7,17
Peggybrown,turalyon,669,warlock,destruction,30,7,23
Сатаната,deepholm,668,warlock,destruction,12,7,5
Mortori,tarren-mill,668,warlock,destruction,18,7,11
Адомать,lich-king,668,warlock,destruction,18,7,11
Drdotalot,twisting-nether,668,warlock,destruction,18,7,11
Мракодел,deathguard,668,warlock,destruction,18,7,11
Hodille,argent-dawn,668,warlock,destruction,18,7,11
Buzztoon,doomhammer,668,warlock,destruction,24,7,17
Fadila,aegwynn,667,warlock,destruction,12,7,5
Vladlevad,argent-dawn,667,warlock,destruction,12,7,5
Easymeat,silvermoon,666,warlock,destruction,12,7,5
Garbagebarge,krasus,666,warlock,destruction,12,7,5
Ахпорбес,gordunni,661,warlock,destruction,12,7,5
Oonz,sylvanas,661,warlock,destruction,30,9,21
Destri,blackmoore,660,warlock,destruction,12,7,5
Vinet,burning-legion,657,warlock,destruction,12,7,5
Bowhite,silvermoon,655,warlock,destruction,15,8,7
Драуктар,eversong,643,warlock,destruction,17,7,10
Saganelle,hyjal,639,warlock,destruction,11,7,4
Avoidsun,kazzak,639,warlock,destruction,16,8,8
Xioom,thrall,639,warlock,destruction,28,7,21
Saucewalka,stormscale,638,warlock,destruction,11,7,4
Consfearacy,executus,636,warlock,destruction,11,7,4
Smallpee,kazzak,633,warlock,destruction,29,9,20
Nelor,tarren-mill,629,warlock,destruction,15,8,7
Hansbrixx,magtheridon,623,warlock,destruction,9,8,1
Warplock,sanguino,623,warlock,destruction,11,7,4
Alsseharr,blackhand,623,warlock,destruction,11,7,4
Dikkdickens,ravencrest,623,warlock,destruction,15,7,8
Thaidakar,thrall,623,warlock,destruction,18,7,11
Fearco,ravencrest,618,warlock,destruction,15,8,7
Garimberas,silvermoon,618,warlock,destruction,20,8,12
Tydra,die-aldor,618,warlock,destruction,20,8,12
Icony,blackhand,618,warlock,destruction,22,8,14
Destroc,blackrock,617,warlock,destruction,17,8,9
Embero,blackrock,617,warlock,destruction,19,8,11
Timaggrox,dun-morogh,611,warlock,destruction,93,43,50
Bonnieparkêr,onyxia,607,warlock,destruction,11,7,4
Imatión,sylvanas,607,warlock,destruction,16,7,9
Shadowppl,outland,606,warlock,destruction,20,7,13
Atlaon,kazzak,592,warlock,destruction,13,7,6
Solosuperr,ravencrest,576,warlock,destruction,6,6,0
Zevranøss,dalaran,576,warlock,destruction,6,6,0
Whaii,ravencrest,576,warlock,destruction,6,6,0
Kennyfõx,ysondre,576,warlock,destruction,6,6,0
Mamasitica,ravencrest,576,warlock,destruction,6,6,0
Xute,ragnaros,576,warlock,destruction,6,6,0
Cafardcancer,archimonde,576,warlock,destruction,6,6,0
Nighttusk,burning-legion,576,warlock,destruction,6,6,0
Ceryss,argent-dawn,576,warlock,destruction,6,6,0
Felgibson,destromath,576,warlock,destruction,6,6,0
Popecandy,archimonde,576,warlock,destruction,6,6,0
Sulnar,burning-legion,576,warlock,destruction,6,6,0
Hibachi,twisting-nether,576,warlock,destruction,6,6,0
Lecig,tarren-mill,576,warlock,destruction,6,6,0
Kyiûu,archimonde,576,warlock,destruction,6,6,0
Dragonlvrx,kazzak,576,warlock,destruction,6,6,0
Zìì,silvermoon,576,warlock,destruction,6,6,0
Zepsy,twisting-nether,576,warlock,destruction,6,6,0
Klaier,dun-modr,576,warlock,destruction,9,7,2
Scryed,draenor,576,warlock,destruction,12,6,6
Mozo,stormscale,576,warlock,destruction,12,6,6
Sanium,outland,576,warlock,destruction,12,6,6
Нежныйафлик,gordunni,576,warlock,destruction,12,6,6
Syñdrome,ragnaros,576,warlock,destruction,12,6,6
Cropper,turalyon,576,warlock,destruction,12,6,6
Ghosthound,stormscale,576,warlock,destruction,12,6,6
Herador,draenor,576,warlock,destruction,12,6,6
Zemial,draenor,576,warlock,destruction,12,6,6
Drainforlife,blackrock,576,warlock,destruction,12,6,6
Skafferi,tarren-mill,576,warlock,destruction,12,6,6
Spysnop,draenor,576,warlock,destruction,12,6,6
Fazol,terokkar,576,warlock,destruction,12,6,6
Селфдестракт,howling-fjord,576,warlock,destruction,12,6,6
Zardonixz,stormscale,576,warlock,destruction,12,6,6
Mayden,uldum,576,warlock,destruction,12,6,6
Hasigome,blackmoore,576,warlock,destruction,12,6,6
Staudi,eredar,576,warlock,destruction,12,6,6
Edgyrpname,argent-dawn,576,warlock,destruction,12,6,6
Erimdur,sanguino,576,warlock,destruction,12,6,6
Thieulock,twisting-nether,576,warlock,destruction,12,6,6
Нейросетьтут,howling-fjord,576,warlock,destruction,12,6,6
Emmadotson,gorgonnash,576,warlock,destruction,12,6,6
Silenozz,ragnaros,576,warlock,destruction,12,6,6
Ooze,kazzak,576,warlock,destruction,12,6,6
Zordochlock,kazzak,576,warlock,destruction,12,6,6
Gatewatcher,argent-dawn,576,warlock,destruction,12,6,6
Koramu,blackrock,576,warlock,destruction,12,6,6
Enaio,mannoroth,576,warlock,destruction,12,6,6
Kukkojapallo,ravencrest,576,warlock,destruction,12,6,6
Øprøx,sanguino,576,warlock,destruction,12,6,6
Embercurse,ravencrest,576,warlock,destruction,12,6,6
Kraayn,blackhand,576,warlock,destruction,12,6,6
Slyghtéria,dalaran,576,warlock,destruction,12,6,6
Larrydotter,burning-legion,576,warlock,destruction,12,6,6
Ðuß,nemesis,576,warlock,destruction,12,6,6
Kurokison,twisting-nether,576,warlock,destruction,12,6,6
Krebares,draenor,576,warlock,destruction,12,6,6
Liwerno,dunemaul,576,warlock,destruction,12,6,6
Zaklecie,silvermoon,576,warlock,destruction,12,6,6
Mongodotz,sylvanas,576,warlock,destruction,12,6,6
Aranax,thrall,576,warlock,destruction,12,6,6
Nutopia,stormreaver,576,warlock,destruction,12,6,6
Slonertw,ragnaros,576,warlock,destruction,12,6,6
Jöhanan,twisting-nether,576,warlock,destruction,12,6,6
Gorakthul,drakthul,576,warlock,destruction,12,6,6
Xyrønia,aegwynn,576,warlock,destruction,12,6,6
Bountyqt,outland,576,warlock,destruction,12,6,6
Forgepower,ghostlands,576,warlock,destruction,12,6,6
Podak,blackmoore,576,warlock,destruction,12,6,6
Bigtastybacn,blackmoore,576,warlock,destruction,12,6,6
Diabolics,twisting-nether,576,warlock,destruction,12,6,6
Goosebumps,aggramar,576,warlock,destruction,12,6,6
Mothor,blackrock,576,warlock,destruction,12,6,6
Cræl,blackrock,576,warlock,destruction,12,6,6
Cali,ahnqiraj,576,warlock,destruction,12,6,6
Deamonhein,alonsus,576,warlock,destruction,12,6,6
Chaudor,archimonde,576,warlock,destruction,12,6,6
Lokki,xavius,576,warlock,destruction,12,6,6
Мерзея,soulflayer,576,warlock,destruction,12,6,6
Boltyboi,chamber-of-aspects,576,warlock,destruction,12,6,6
Спанчгэри,soulflayer,576,warlock,destruction,15,7,8
Shakaxz,kazzak,576,warlock,destruction,15,7,8
Elnïa,conseil-des-ombres,576,warlock,destruction,18,6,12
Azmondan,ahnqiraj,576,warlock,destruction,18,6,12
Morwëk,ysondre,576,warlock,destruction,18,6,12
Kriemias,malygos,576,warlock,destruction,18,6,12
Hörst,das-konsortium,576,warlock,destruction,18,6,12
Jörd,ravencrest,576,warlock,destruction,18,6,12
Shreedlock,blackmoore,576,warlock,destruction,18,6,12
Tartaros,bronzebeard,576,warlock,destruction,18,6,12
Naitix,argent-dawn,576,warlock,destruction,18,6,12
Alexcurse,draenor,576,warlock,destruction,18,6,12
Mashïro,zuljin,576,warlock,destruction,18,6,12
Zartax,kazzak,576,warlock,destruction,18,6,12
Icq,ravencrest,576,warlock,destruction,18,6,12
Zerx,malganis,576,warlock,destruction,18,6,12
Navara,thrall,576,warlock,destruction,24,6,18
Cocottee,la-croisade-écarlate,575,warlock,destruction,12,6,6
Dottad,silvermoon,575,warlock,destruction,12,6,6
Sweetfire,ragnaros,575,warlock,destruction,12,6,6
Huaraches,stormscale,575,warlock,destruction,12,6,6
Soulnia,defias-brotherhood,575,warlock,destruction,12,6,6
Дракшара,soulflayer,575,warlock,destruction,12,6,6
Brarvile,zuljin,575,warlock,destruction,12,6,6
Zevil,emerald-dream,575,warlock,destruction,12,6,6
Rhaznor,frostwolf,575,warlock,destruction,12,6,6
Precks,eredar,575,warlock,destruction,12,6,6
Dêgrââf,azshara,575,warlock,destruction,12,6,6
Necromanccer,mazrigos,575,warlock,destruction,12,6,6
Ömegaa,hyjal,575,warlock,destruction,12,6,6
Crippling,antonidas,575,warlock,destruction,12,6,6
Mannemus,tarren-mill,575,warlock,destruction,12,6,6
Warlockzor,auchindoun,575,warlock,destruction,12,6,6
Thîras,tarren-mill,575,warlock,destruction,13,6,7
Marshieeyy,silvermoon,575,warlock,destruction,18,6,12
Fatality,drakthul,575,warlock,destruction,18,6,12
Евнухоидизм,gordunni,575,warlock,destruction,18,6,12
Klone,die-todeskrallen,575,warlock,destruction,18,6,12
Nemssy,dun-modr,575,warlock,destruction,18,6,12
Killerbeez,burning-blade,575,warlock,destruction,18,6,12
Logice,hyjal,575,warlock,destruction,24,6,18
Clungesuck,argent-dawn,574,warlock,destruction,12,6,6
Goghlock,silvermoon,574,warlock,destruction,18,6,12
Discolocken,outland,574,warlock,destruction,18,6,12
Лацерта,howling-fjord,573,warlock,destruction,6,6,0
Хефрак,deathguard,573,warlock,destruction,18,6,12
Attrappe,eredar,573,warlock,destruction,26,6,20
Esgül,draenor,572,warlock,destruction,12,6,6
Taxalias,draenor,572,warlock,destruction,12,6,6
Maimonides,silvermoon,571,warlock,destruction,12,6,6
Грашек,soulflayer,570,warlock,destruction,12,6,6
Lockki,blades-edge,568,warlock,destruction,18,8,10
Олимта,blackscar,558,warlock,destruction,23,6,17
Warvoid,silvermoon,544,warlock,destruction,16,6,10
Lauro,blackmoore,543,warlock,destruction,8,7,1
Vêzor,twisting-nether,543,warlock,destruction,11,8,3
Jägerlock,draenor,543,warlock,destruction,11,6,5
Srbritoboy,burning-legion,540,warlock,destruction,11,6,5
Rozn,ravencrest,527,warlock,destruction,11,6,5
Hexdrix,thrall,522,warlock,destruction,13,7,6
Diemilch,blackmoore,522,warlock,destruction,14,7,7
Брузир,gordunni,522,warlock,destruction,15,7,8
Тива,lich-king,522,warlock,destruction,21,7,14
Боррисовна,deathguard,512,warlock,destruction,16,6,10
Wanhëda,tarren-mill,511,warlock,destruction,11,6,5
Baxiaz,kazzak,511,warlock,destruction,11,6,5
Diddia,malganis,511,warlock,destruction,11,6,5
Evilhippie,kazzak,511,warlock,destruction,11,6,5
Noskillclass,stormscale,511,warlock,destruction,14,6,8
Mostyn,tarren-mill,511,warlock,destruction,14,6,8
Watchlock,burning-legion,488,warlock,destruction,19,6,13
Chaøsbølt,archimonde,480,warlock,destruction,6,5,1
Avadakèdavra,kazzak,480,warlock,destruction,6,5,1
Askmo,hyjal,480,warlock,destruction,6,5,1
Ticktockboom,twilights-hammer,480,warlock,destruction,6,5,1
Lyns,hyjal,480,warlock,destruction,6,5,1
Dogbolt,stormscale,480,warlock,destruction,6,5,1
Hypercaster,shattrath,480,warlock,destruction,6,5,1
Bánánbánd,draenor,480,warlock,destruction,6,5,1
Lísbeth,sylvanas,480,warlock,destruction,6,5,1
Era,stormscale,480,warlock,destruction,6,5,1
Klaab,hyjal,480,warlock,destruction,6,5,1
Destrodmitri,blackmoore,480,warlock,destruction,6,5,1
Levinbrz,ravencrest,480,warlock,destruction,6,5,1
Ionesdot,ravencrest,480,warlock,destruction,6,5,1
Shallý,antonidas,480,warlock,destruction,6,5,1
Sâlty,stormscale,480,warlock,destruction,6,5,1
Djolagourde,archimonde,480,warlock,destruction,6,5,1
Mellown,blackrock,480,warlock,destruction,6,5,1
Öxygen,outland,480,warlock,destruction,6,5,1
Hotdogvendor,kazzak,480,warlock,destruction,6,5,1
ßualock,sylvanas,480,warlock,destruction,6,5,1
Bâbâyâgâqtsd,hyjal,480,warlock,destruction,6,5,1
Ingwert,frostwolf,480,warlock,destruction,6,5,1
Carlitall,ravencrest,480,warlock,destruction,6,5,1
Soulmistress,stormscale,480,warlock,destruction,6,5,1
Zurael,mannoroth,480,warlock,destruction,6,5,1
Bigdondi,ravencrest,480,warlock,destruction,6,5,1
Garbrandt,tarren-mill,480,warlock,destruction,6,5,1
Lyndi,nerathor,480,warlock,destruction,6,5,1
Hannens,blackrock,480,warlock,destruction,6,5,1
Goatsoklm,archimonde,480,warlock,destruction,6,5,1
Reckony,ravencrest,480,warlock,destruction,6,5,1
Shuni,defias-brotherhood,480,warlock,destruction,6,5,1
Sumstone,kazzak,480,warlock,destruction,6,5,1
Kirtaçh,dun-modr,480,warlock,destruction,6,5,1
Sylvein,drakthul,480,warlock,destruction,6,5,1
Darkbasilet,hyjal,480,warlock,destruction,6,5,1
Djløckgødx,ravencrest,480,warlock,destruction,6,5,1
Innok,pozzo-delleternità,480,warlock,destruction,6,5,1
Smrdex,outland,480,warlock,destruction,6,5,1
Saf,ysondre,480,warlock,destruction,6,5,1
Hinsu,the-maelstrom,480,warlock,destruction,6,5,1
Idezis,ragnaros,480,warlock,destruction,6,5,1
Sêrø,aegwynn,480,warlock,destruction,6,5,1
Lazytown,silvermoon,480,warlock,destruction,6,5,1
Struldan,outland,480,warlock,destruction,6,5,1
Agresiw,twisting-nether,480,warlock,destruction,6,5,1
Keltuzard,zuljin,480,warlock,destruction,6,5,1
Harrydoter,kiljaeden,480,warlock,destruction,6,5,1
Buffdemolock,executus,480,warlock,destruction,6,5,1
Sizezero,tarren-mill,480,warlock,destruction,6,5,1
Ashid,chamber-of-aspects,480,warlock,destruction,6,5,1
Animositywl,draenor,480,warlock,destruction,6,5,1
Demonmilf,ysondre,480,warlock,destruction,6,5,1
Mazuto,outland,480,warlock,destruction,6,5,1
Jûnkz,ysondre,480,warlock,destruction,6,5,1
Shoøt,dalaran,480,warlock,destruction,6,5,1
Veafugg,blackmoore,480,warlock,destruction,6,5,1
Sep,aegwynn,480,warlock,destruction,6,5,1
Junglediffxd,ysondre,480,warlock,destruction,6,5,1
Vlotsi,twisting-nether,480,warlock,destruction,8,5,3
Shadowtrix,darksorrow,480,warlock,destruction,9,5,4
Velgart,dun-modr,480,warlock,destruction,12,5,7
Динодотз,howling-fjord,480,warlock,destruction,12,5,7
Hexenjoyer,antonidas,480,warlock,destruction,12,5,7
Infïnitýx,silvermoon,480,warlock,destruction,12,5,7
Nithandrys,argent-dawn,480,warlock,destruction,12,5,7
Snoreghast,tarren-mill,480,warlock,destruction,12,5,7
Pewmlock,antonidas,480,warlock,destruction,12,5,7
Feardotfive,frostwolf,480,warlock,destruction,12,5,7
Corruptcoil,argent-dawn,480,warlock,destruction,12,5,7
Käristäjä,outland,480,warlock,destruction,12,5,7
Sokyra,tarren-mill,480,warlock,destruction,12,5,7
Purplehelmet,argent-dawn,480,warlock,destruction,12,5,7
Zêngâ,kazzak,480,warlock,destruction,12,5,7
Кайдзуки,howling-fjord,480,warlock,destruction,12,5,7
Bajsibyx,tarren-mill,480,warlock,destruction,12,5,7
Xtrazâ,archimonde,480,warlock,destruction,12,5,7
Mongulla,draenor,480,warlock,destruction,12,5,7
Жижакабра,soulflayer,480,warlock,destruction,12,5,7
Ajihn,sylvanas,480,warlock,destruction,12,5,7
Franjah,alleria,480,warlock,destruction,12,5,7
Devilart,hellscream,480,warlock,destruction,12,5,7
Watchmecut,terenas,480,warlock,destruction,12,5,7
Локомания,gordunni,480,warlock,destruction,12,5,7
Djshyasiañ,perenolde,480,warlock,destruction,12,5,7
Miezexy,aegwynn,480,warlock,destruction,12,5,7
Atomik,drakthul,480,warlock,destruction,12,5,7
Tiwtera,draenor,480,warlock,destruction,12,5,7
Semhein,twisting-nether,480,warlock,destruction,12,5,7
Jiego,stormscale,480,warlock,destruction,12,5,7
Fluxlight,frostmourne,480,warlock,destruction,12,5,7
Khardam,sylvanas,480,warlock,destruction,12,5,7
Sidius,archimonde,480,warlock,destruction,12,5,7
Rikudoua,malfurion,480,warlock,destruction,12,5,7
Xsydewarlock,archimonde,480,warlock,destruction,12,5,7
Belphagòr,nemesis,480,warlock,destruction,12,5,7
Thorky,blackrock,480,warlock,destruction,12,5,7
Lyleath,ravencrest,480,warlock,destruction,12,5,7
Nefalya,hyjal,480,warlock,destruction,12,5,7
Justlock,tarren-mill,480,warlock,destruction,12,5,7
Elmetro,ragnaros,480,warlock,destruction,12,5,7
Orkeylock,blackrock,480,warlock,destruction,12,5,7
Morphosis,agamaggan,480,warlock,destruction,12,5,7
Branduir,ragnaros,480,warlock,destruction,12,5,7
Mærie,hyjal,480,warlock,destruction,12,5,7
Braegnok,ravencrest,480,warlock,destruction,12,5,7
Искусность,soulflayer,480,warlock,destruction,12,5,7
Kimwexler,ravencrest,480,warlock,destruction,12,5,7
Dïna,silvermoon,480,warlock,destruction,12,5,7
Claralock,silvermoon,480,warlock,destruction,12,5,7
Емс,gordunni,480,warlock,destruction,12,5,7
Pliagaa,drakthul,480,warlock,destruction,12,5,7
Hivxherpes,ravencrest,480,warlock,destruction,12,5,7
Zlok,silvermoon,480,warlock,destruction,12,5,7
Zeanort,zuljin,480,warlock,destruction,12,5,7
Ratnu,ragnaros,480,warlock,destruction,12,5,7
Dér,sanguino,480,warlock,destruction,12,5,7
Cerberus,anetheron,480,warlock,destruction,12,5,7
Axapnon,ragnaros,480,warlock,destruction,12,5,7
Bricktot,ragnaros,480,warlock,destruction,12,5,7
Werra,ravencrest,480,warlock,destruction,17,6,11
Ciesare,draenor,480,warlock,destruction,18,5,13
Maledictio,blackrock,480,warlock,destruction,18,5,13
Уфц,grom,480,warlock,destruction,18,5,13
Mambra,sylvanas,480,warlock,destruction,18,5,13
Erèss,hyjal,480,warlock,destruction,18,5,13
Lillithx,stormscale,480,warlock,destruction,18,5,13
Coviddotter,stormscale,480,warlock,destruction,18,5,13
Händerå,ragnaros,480,warlock,destruction,18,5,13
Lockned,outland,480,warlock,destruction,18,5,13
Closetlock,the-maelstrom,480,warlock,destruction,18,5,13
Fruccia,hyjal,479,warlock,destruction,6,5,1
Kypamu,outland,479,warlock,destruction,12,5,7
Archélion,silvermoon,479,warlock,destruction,12,5,7
Сенсация,ashenvale,479,warlock,destruction,12,5,7
Cêebêry,frostwolf,479,warlock,destruction,17,6,11
Intina,dragonblight,479,warlock,destruction,18,5,13
Darkphoenix,the-maelstrom,479,warlock,destruction,18,5,13
Fesse,draenor,479,warlock,destruction,18,5,13
Bope,the-maelstrom,479,warlock,destruction,18,5,13
Yenkorov,blackmoore,479,warlock,destruction,18,5,13
Лавамес,eversong,478,warlock,destruction,10,6,4
Микрочпоньк,galakrond,478,warlock,destruction,12,5,7
Soulsdeads,sylvanas,478,warlock,destruction,12,5,7
Yourdeaath,ravencrest,478,warlock,destruction,18,5,13
Espilocka,dun-modr,477,warlock,destruction,6,5,1
Ohanze,antonidas,477,warlock,destruction,12,5,7
Nukeem,karazhan,475,warlock,destruction,12,5,7
Helikopter,shattered-hand,463,warlock,destruction,12,6,6
Дыханиетени,soulflayer,463,warlock,destruction,12,5,7
Hahahahah,draenor,447,warlock,destruction,11,5,6
Winterx,argent-dawn,447,warlock,destruction,11,5,6
Favris,antonidas,447,warlock,destruction,11,5,6
Eldasz,silvermoon,447,warlock,destruction,11,5,6
Sândex,blackmoore,447,warlock,destruction,20,6,14
Primdåhl,ravencrest,447,warlock,destruction,17,5,12
Hilfhëim,cthun,445,warlock,destruction,11,5,6
Secretninja,silvermoon,432,warlock,destruction,15,5,10
Силксонг,soulflayer,431,warlock,destruction,11,5,6
Snowflakesxs,draenor,425,warlock,destruction,12,6,6
Skadz,blackmoore,416,warlock,destruction,10,5,5
Shanyor,kazzak,416,warlock,destruction,10,5,5
Qliimax,blackrock,416,warlock,destruction,10,5,5
Hønneyjckk,hyjal,415,warlock,destruction,8,5,3
Greemwolf,doomhammer,413,warlock,destruction,23,6,17
Waöld,sylvanas,398,warlock,destruction,16,5,11
Fearylia,aegwynn,393,warlock,destruction,11,8,3
Aldiac,aegwynn,384,warlock,destruction,6,4,2
Zorphu,quelthalas,384,warlock,destruction,6,4,2
Hiloqtlock,blackmoore,384,warlock,destruction,6,4,2
Spacecarry,archimonde,384,warlock,destruction,6,4,2
Auchaos,argent-dawn,384,warlock,destruction,6,4,2
Drshegs,darkspear,384,warlock,destruction,6,4,2
Borovec,kazzak,384,warlock,destruction,6,4,2
Unfeared,blackhand,384,warlock,destruction,6,4,2
Kaukauwa,blackmoore,384,warlock,destruction,6,4,2
Xenastro,silvermoon,384,warlock,destruction,6,4,2
Shílda,silvermoon,384,warlock,destruction,6,4,2
Äri,blackmoore,384,warlock,destruction,6,4,2
Focalortwo,ravencrest,384,warlock,destruction,6,4,2
Iryann,silvermoon,384,warlock,destruction,6,4,2
Zaratraz,guldan,384,warlock,destruction,6,4,2
Midgetlockx,ravencrest,384,warlock,destruction,6,4,2
Dotforgold,blackmoore,384,warlock,destruction,6,4,2
Mdrglock,ravencrest,384,warlock,destruction,6,4,2
Cokkà,dalaran,384,warlock,destruction,6,4,2
Dboyy,tarren-mill,384,warlock,destruction,6,4,2
Kukburet,silvermoon,384,warlock,destruction,6,4,2
Malthiria,silvermoon,384,warlock,destruction,6,4,2
Zzooxxie,silvermoon,384,warlock,destruction,6,4,2
Ahylleslook,antonidas,384,warlock,destruction,6,4,2
Zubejdaca,ragnaros,384,warlock,destruction,6,4,2
Traickolock,antonidas,384,warlock,destruction,6,4,2
Miselinek,drakthul,384,warlock,destruction,6,4,2
Мастеркрс,gordunni,384,warlock,destruction,6,4,2
Локкибальбоа,soulflayer,384,warlock,destruction,6,4,2
Necromantis,drakthul,384,warlock,destruction,6,4,2
Techlord,tarren-mill,384,warlock,destruction,6,4,2
Viscius,ysondre,384,warlock,destruction,6,4,2
Trimie,tarren-mill,384,warlock,destruction,6,4,2
Voídzero,hyjal,384,warlock,destruction,6,4,2
Nosferatia,kult-der-verdammten,384,warlock,destruction,6,4,2
Zíllakami,tarren-mill,384,warlock,destruction,6,4,2
Элнуар,soulflayer,384,warlock,destruction,6,4,2
Анрали,soulflayer,384,warlock,destruction,6,4,2
Keess,darksorrow,384,warlock,destruction,6,4,2
Azae,outland,384,warlock,destruction,6,4,2
Nilsa,eredar,384,warlock,destruction,6,4,2
Xskyrov,blackmoore,384,warlock,destruction,6,4,2
Warchilly,twisting-nether,384,warlock,destruction,6,4,2
Apeliction,eredar,384,warlock,destruction,6,4,2
Критокнижник,lich-king,384,warlock,destruction,6,4,2
Bicuriousdad,tarren-mill,384,warlock,destruction,6,4,2
Hiyashi,twisting-nether,384,warlock,destruction,6,4,2
Iulu,sylvanas,384,warlock,destruction,6,4,2
Dotritos,tarren-mill,384,warlock,destruction,6,4,2
Lynnqt,sylvanas,384,warlock,destruction,6,4,2
Бесстолоч,ashenvale,384,warlock,destruction,6,4,2
Rayfears,draenor,384,warlock,destruction,6,4,2
Feyreah,blackmoore,384,warlock,destruction,6,4,2
Siyaa,eredar,384,warlock,destruction,6,4,2
Nãshor,kazzak,384,warlock,destruction,6,4,2
Grixius,argent-dawn,384,warlock,destruction,6,4,2
Sunlicht,kazzak,384,warlock,destruction,6,4,2
Nechli,malganis,384,warlock,destruction,6,4,2
Lindastotch,kazzak,384,warlock,destruction,6,4,2
Cadrega,nemesis,384,warlock,destruction,6,4,2
Cappaoow,ravencrest,384,warlock,destruction,6,4,2
Darkwìngduck,ravencrest,384,warlock,destruction,6,4,2
Dashirø,drakthul,384,warlock,destruction,6,4,2
Teachluv,frostwolf,384,warlock,destruction,6,4,2
Sïlïthuss,ravencrest,384,warlock,destruction,6,4,2
Mcsmitelock,argent-dawn,384,warlock,destruction,6,4,2
Zaerea,ravenholdt,384,warlock,destruction,6,4,2
Shadowimpact,ravencrest,384,warlock,destruction,6,4,2
Suicidekings,draenor,384,warlock,destruction,6,4,2
Shaarak,blackrock,384,warlock,destruction,6,4,2
Nùdex,ravencrest,384,warlock,destruction,6,4,2
Труупыч,gordunni,384,warlock,destruction,6,4,2
Døxz,blackrock,384,warlock,destruction,6,4,2
Zasajin,blackhand,384,warlock,destruction,6,4,2
Deathmahed,kazzak,384,warlock,destruction,6,4,2
Hirasawa,archimonde,384,warlock,destruction,6,4,2
Rngmåchinêx,ravencrest,384,warlock,destruction,6,4,2
Følkman,twisting-nether,384,warlock,destruction,6,4,2
Fîndelkind,blackrock,384,warlock,destruction,6,4,2
Devørør,stormscale,384,warlock,destruction,6,4,2
Pappabetaler,stormreaver,384,warlock,destruction,6,4,2
Gemja,onyxia,384,warlock,destruction,6,4,2
Zezca,draenor,384,warlock,destruction,6,4,2
Пчелокнижник,howling-fjord,384,warlock,destruction,6,4,2
Кичи,gordunni,384,warlock,destruction,6,4,2
Varend,drakthul,384,warlock,destruction,6,4,2
Born,ravencrest,384,warlock,destruction,6,4,2
Shelinda,earthen-ring,384,warlock,destruction,6,4,2
Mcdotnálds,thrall,384,warlock,destruction,6,4,2
Tiktokér,kazzak,384,warlock,destruction,6,4,2
Fatbaldold,ravencrest,384,warlock,destruction,6,4,2
Løba,kazzak,384,warlock,destruction,6,4,2
Notloveless,stormscale,384,warlock,destruction,6,4,2
Smittorisk,stormscale,384,warlock,destruction,6,4,2
Xristianos,ravencrest,384,warlock,destruction,6,4,2
Авенюат,gordunni,384,warlock,destruction,6,4,2
Дядяджони,gordunni,384,warlock,destruction,6,4,2
Kaiczar,draenor,384,warlock,destruction,6,4,2
Zéik,archimonde,384,warlock,destruction,6,4,2
Nantu,stormscale,384,warlock,destruction,6,4,2
Арматурааня,gordunni,384,warlock,destruction,6,4,2
Mèsmerize,tarren-mill,384,warlock,destruction,9,5,4
Omnípotens,silvermoon,384,warlock,destruction,12,6,6
Seeles,frostmane,384,warlock,destruction,12,4,8
Yifu,ravencrest,384,warlock,destruction,12,4,8
Vladov,ravencrest,384,warlock,destruction,12,4,8
Лоллиторпеда,gordunni,384,warlock,destruction,12,4,8
Ieatfel,archimonde,384,warlock,destruction,12,4,8
Waryald,dun-modr,384,warlock,destruction,12,4,8
Wepz,chamber-of-aspects,384,warlock,destruction,12,4,8
Demofox,ragnaros,384,warlock,destruction,12,4,8
Kaobolt,archimonde,384,warlock,destruction,12,4,8
Legiozock,draenor,384,warlock,destruction,12,4,8
Warth,silvermoon,384,warlock,destruction,12,4,8
Мазаффак,gordunni,384,warlock,destruction,12,4,8
Ksenìa,khaz-modan,384,warlock,destruction,12,4,8
Demoncius,dun-modr,384,warlock,destruction,12,4,8
Nicetime,nefarian,384,warlock,destruction,12,4,8
Oimera,frostwolf,384,warlock,destruction,12,4,8
Novkan,eredar,384,warlock,destruction,12,4,8
Harrydotterx,alakir,384,warlock,destruction,12,4,8
Suêin,dun-modr,384,warlock,destruction,12,4,8
Voidlocklol,magtheridon,384,warlock,destruction,12,4,8
Naxdas,burning-legion,384,warlock,destruction,12,4,8
Yandihimir,silvermoon,384,warlock,destruction,12,4,8
Nécron,ysondre,384,warlock,destruction,12,4,8
Hheavens,ragnaros,384,warlock,destruction,12,4,8
Vextalock,drakthul,384,warlock,destruction,12,4,8
Vsmna,ragnaros,384,warlock,destruction,12,4,8
Axy,dun-modr,384,warlock,destruction,12,4,8
Warket,ragnaros,384,warlock,destruction,12,4,8
Féárx,silvermoon,384,warlock,destruction,12,4,8
Azzra,kazzak,384,warlock,destruction,12,4,8
Nahamma,tarren-mill,384,warlock,destruction,12,4,8
Pekenina,outland,384,warlock,destruction,12,4,8
Muninnus,archimonde,384,warlock,destruction,12,4,8
Hòbó,outland,384,warlock,destruction,12,4,8
Sellinia,culte-de-la-rive-noire,384,warlock,destruction,12,4,8
Стокыч,soulflayer,384,warlock,destruction,12,4,8
Selok,outland,384,warlock,destruction,12,4,8
Roedin,tarren-mill,384,warlock,destruction,12,4,8
Чиззихаос,soulflayer,384,warlock,destruction,12,4,8
Darkmaw,drakthul,384,warlock,destruction,12,4,8
Cirihexer,area-52,384,warlock,destruction,12,4,8
Tiitz,blackmoore,384,warlock,destruction,12,4,8
Mustalol,outland,384,warlock,destruction,12,4,8
Razhûl,blackhand,384,warlock,destruction,12,4,8
Vorak,turalyon,384,warlock,destruction,12,4,8
Бешентумай,goldrinn,384,warlock,destruction,12,4,8
Cptdotalot,tarren-mill,384,warlock,destruction,12,4,8
Таракай,eversong,384,warlock,destruction,12,4,8
Impvader,argent-dawn,384,warlock,destruction,12,4,8
Lîlu,hyjal,384,warlock,destruction,12,4,8
Tilliâ,blackhand,384,warlock,destruction,12,4,8
Ivesl,blackrock,384,warlock,destruction,12,4,8
Vanskor,argent-dawn,384,warlock,destruction,12,4,8
Kubbÿ,drakthul,384,warlock,destruction,12,4,8
Chäös,outland,384,warlock,destruction,12,4,8
Tekron,blackhand,384,warlock,destruction,12,4,8
Kåros,argent-dawn,384,warlock,destruction,12,4,8
Atúm,auchindoun,384,warlock,destruction,12,4,8
Andrewtaint,twisting-nether,384,warlock,destruction,18,4,14
Lockpup,draenor,384,warlock,destruction,18,4,14
Dreadbøt,blackrock,384,warlock,destruction,18,4,14
Yehelzz,amanthul,384,warlock,destruction,18,4,14
Thinio,argent-dawn,384,warlock,destruction,18,4,14
Tepelkwastje,twisting-nether,384,warlock,destruction,18,4,14
Manikalinka,stormscale,383,warlock,destruction,6,4,2
Injecter,stormscale,383,warlock,destruction,6,4,2
Sanguinis,theradras,383,warlock,destruction,6,4,2
Okulus,quelthalas,383,warlock,destruction,6,4,2
Неиставая,deathguard,383,warlock,destruction,6,4,2
Angrynoob,silvermoon,383,warlock,destruction,6,4,2
Силаскверна,deathguard,383,warlock,destruction,6,4,2
Avel,dun-morogh,383,warlock,destruction,15,5,10
Khandar,aegwynn,383,warlock,destruction,12,4,8
Michtv,hyjal,383,warlock,destruction,18,4,14
Malfuryon,pozzo-delleternità,383,warlock,destruction,24,4,20
Сатари,blackscar,378,warlock,destruction,20,9,11
Tolgaa,draenor,352,warlock,destruction,17,4,13
Boltsnhoes,drakthul,351,warlock,destruction,11,4,7
Easymode,archimonde,351,warlock,destruction,11,4,7
Smolpussgodx,ragnaros,336,warlock,destruction,9,5,4
Afrolock,antonidas,336,warlock,destruction,9,5,4
Damßalla,cthun,330,warlock,destruction,11,8,3
Рейнджр,eversong,330,warlock,destruction,15,6,9
Velativ,silvermoon,330,warlock,destruction,16,5,11
Lockpz,sylvanas,330,warlock,destruction,18,5,13
Lockydavé,outland,330,warlock,destruction,19,5,14
Voib,silvermoon,329,warlock,destruction,21,7,14
Лвнг,gordunni,320,warlock,destruction,10,4,6
Malganas,sylvanas,320,warlock,destruction,16,4,12
Shasi,silvermoon,319,warlock,destruction,5,4,1
Уанбаттон,gordunni,288,warlock,destruction,6,3,3
Demónfire,sylvanas,288,warlock,destruction,6,3,3
Пачимучка,gordunni,288,warlock,destruction,6,3,3
Muradona,nemesis,288,warlock,destruction,6,3,3
Винстролман,blackscar,288,warlock,destruction,6,3,3
Belite,archimonde,288,warlock,destruction,6,3,3
Марамойка,blackscar,288,warlock,destruction,6,3,3
Qateza,azjolnerub,288,warlock,destruction,6,3,3
Myzkâ,archimonde,288,warlock,destruction,6,3,3
Kaîdö,archimonde,288,warlock,destruction,6,3,3
Nêstêe,archimonde,288,warlock,destruction,6,3,3
Martyrre,archimonde,288,warlock,destruction,6,3,3
Friendlylock,quelthalas,288,warlock,destruction,6,3,3
Whitemagic,nemesis,288,warlock,destruction,6,3,3
Adreal,burning-legion,288,warlock,destruction,6,3,3
Mvplock,magtheridon,288,warlock,destruction,6,3,3
Динодотх,gordunni,288,warlock,destruction,6,3,3
Taylorg,blackmoore,288,warlock,destruction,6,3,3
Ðanilock,dun-modr,288,warlock,destruction,6,3,3
Jazggzgirl,blackmoore,288,warlock,destruction,6,3,3
Ðiablð,tarren-mill,288,warlock,destruction,6,3,3
Fearhealer,blackmoore,288,warlock,destruction,6,3,3
Huaian,darksorrow,288,warlock,destruction,6,3,3
Sodadogpìn,nemesis,288,warlock,destruction,6,3,3
Safewagwan,auchindoun,288,warlock,destruction,6,3,3
Димаанстейбл,gordunni,288,warlock,destruction,6,3,3
Fearylicious,burning-legion,288,warlock,destruction,6,3,3
Heexmex,blackmoore,288,warlock,destruction,6,3,3
Gïzzmo,tarren-mill,288,warlock,destruction,6,3,3
Darnax,pozzo-delleternità,288,warlock,destruction,6,3,3
Lézion,hyjal,288,warlock,destruction,6,3,3
Cálamity,magtheridon,288,warlock,destruction,6,3,3
Givënchy,archimonde,288,warlock,destruction,6,3,3
Spamfearxd,archimonde,288,warlock,destruction,6,3,3
Флорэтт,gordunni,288,warlock,destruction,6,3,3
Dóni,chamber-of-aspects,288,warlock,destruction,6,3,3
Jedlock,outland,288,warlock,destruction,6,3,3
Annkî,aegwynn,288,warlock,destruction,6,3,3
Toskanoamani,blackmoore,288,warlock,destruction,6,3,3
Дядяджонн,gordunni,288,warlock,destruction,6,3,3
Hairylock,outland,288,warlock,destruction,6,3,3
Ìí,blackmoore,288,warlock,destruction,6,3,3
Aches,sylvanas,288,warlock,destruction,6,3,3
Mightnáré,tarren-mill,288,warlock,destruction,6,3,3
Ремайка,gordunni,288,warlock,destruction,6,3,3
Skizofrenia,zuljin,288,warlock,destruction,6,3,3
Dement,sanguino,288,warlock,destruction,6,3,3
Lockskalle,tarren-mill,288,warlock,destruction,6,3,3
Aramnes,blackmoore,288,warlock,destruction,6,3,3
Besthun,drakthul,288,warlock,destruction,6,3,3
Chaotyk,drakthul,288,warlock,destruction,6,3,3
Bobstrr,drakthul,288,warlock,destruction,6,3,3
Calistria,argent-dawn,288,warlock,destruction,6,3,3
Chedipes,stormscale,288,warlock,destruction,6,3,3
Rindo,conseil-des-ombres,288,warlock,destruction,6,3,3
Amdownbad,kazzak,288,warlock,destruction,6,3,3
Viclock,kazzak,288,warlock,destruction,6,3,3
Neveah,festung-der-stürme,288,warlock,destruction,6,3,3
Bitch,ravencrest,288,warlock,destruction,6,3,3
Palmtri,stormscale,288,warlock,destruction,6,3,3
Lokdok,draenor,288,warlock,destruction,6,3,3
Tibzx,stormscale,288,warlock,destruction,6,3,3
Moonliwl,blackrock,288,warlock,destruction,6,3,3
Данябандит,soulflayer,288,warlock,destruction,6,3,3
Hazzikosby,ravencrest,288,warlock,destruction,6,3,3
Darkspiros,tarren-mill,288,warlock,destruction,6,3,3
Drith,blades-edge,288,warlock,destruction,6,3,3
Lestroy,draenor,288,warlock,destruction,6,3,3
Rokudaime,stormscale,288,warlock,destruction,6,3,3
Hotwhileurot,silvermoon,288,warlock,destruction,6,3,3
Atheliia,draenor,288,warlock,destruction,6,3,3
Cpump,twisting-nether,288,warlock,destruction,6,3,3
Knowfear,doomhammer,288,warlock,destruction,6,3,3
Marakh,stormscale,288,warlock,destruction,6,3,3
Asmodéan,silvermoon,288,warlock,destruction,6,3,3
Bestwarlock,ravencrest,288,warlock,destruction,6,3,3
Fellouussion,dalaran,288,warlock,destruction,6,3,3
Domyatus,chogall,288,warlock,destruction,6,3,3
Ninmockasin,stormscale,288,warlock,destruction,6,3,3
Dekawa,ravencrest,288,warlock,destruction,6,3,3
Imissbfafour,stormscale,288,warlock,destruction,6,3,3
Ctrlaltdelet,stormscale,288,warlock,destruction,6,3,3
Гвадривер,howling-fjord,288,warlock,destruction,6,3,3
Cthulhul,stormscale,288,warlock,destruction,6,3,3
Slem,aerie-peak,288,warlock,destruction,6,3,3
Impsgalore,ravencrest,288,warlock,destruction,6,3,3
Anniemoon,silvermoon,288,warlock,destruction,6,3,3
Akdan,ragnaros,288,warlock,destruction,6,3,3
Lik,forscherliga,288,warlock,destruction,6,3,3
Hypermectus,stormscale,288,warlock,destruction,6,3,3
Нэрфир,soulflayer,288,warlock,destruction,6,3,3
Lockmex,outland,288,warlock,destruction,6,3,3
Zizzbrah,ragnaros,288,warlock,destruction,6,3,3
Tschiko,blackrock,288,warlock,destruction,6,3,3
Kariusbaktus,stormscale,288,warlock,destruction,6,3,3
Boldielocks,tarren-mill,288,warlock,destruction,6,3,3
Nethros,ragnaros,288,warlock,destruction,6,3,3
Yippz,kazzak,288,warlock,destruction,6,3,3
Epoku,stormscale,288,warlock,destruction,6,3,3
Bixle,thrall,288,warlock,destruction,6,3,3
Kudde,twisting-nether,288,warlock,destruction,6,3,3
Lamboo,tarren-mill,288,warlock,destruction,6,3,3
Mirezl,taerar,288,warlock,destruction,6,3,3
Messire,ragnaros,288,warlock,destruction,6,3,3
Dipsí,kazzak,288,warlock,destruction,6,3,3
Aghmar,ravencrest,288,warlock,destruction,6,3,3
Fràncis,dragonblight,288,warlock,destruction,6,3,3
Dailylock,kazzak,288,warlock,destruction,6,3,3
Kuntdotz,draenor,288,warlock,destruction,6,3,3
Jiruga,blackrock,288,warlock,destruction,6,3,3
Saymore,ragnaros,288,warlock,destruction,6,3,3
Ruinovino,outland,288,warlock,destruction,6,3,3
Elshinko,stormscale,288,warlock,destruction,6,3,3
Widot,ravencrest,288,warlock,destruction,6,3,3
Læssêkøñgð,twisting-nether,288,warlock,destruction,6,3,3
Demonologyz,ravencrest,288,warlock,destruction,6,3,3
Yokujîn,twisting-nether,288,warlock,destruction,6,3,3
Kírth,blackmoore,288,warlock,destruction,6,3,3
Decayden,twisting-nether,288,warlock,destruction,6,3,3
Thyron,gorgonnash,288,warlock,destruction,6,3,3
Kakren,ysondre,288,warlock,destruction,6,3,3
Ascètic,kazzak,288,warlock,destruction,6,3,3
Dmger,twisting-nether,288,warlock,destruction,6,3,3
Исусилок,deathguard,288,warlock,destruction,6,3,3
Drozhna,kaelthas,288,warlock,destruction,6,3,3
Hiroyukí,frostmane,288,warlock,destruction,6,3,3
Nargøf,outland,288,warlock,destruction,6,3,3
Omaleinfluch,antonidas,288,warlock,destruction,6,3,3
Lemuriel,arthas,288,warlock,destruction,6,3,3
Cgòw,ravencrest,288,warlock,destruction,6,3,3
Darkpiche,kazzak,288,warlock,destruction,6,3,3
Rutena,ravencrest,288,warlock,destruction,6,3,3
Soulslugger,twisting-nether,288,warlock,destruction,6,3,3
Løvesøsa,ravencrest,288,warlock,destruction,6,3,3
Skizi,ysondre,288,warlock,destruction,6,3,3
Brolter,blackhand,288,warlock,destruction,6,3,3
Biancalawson,argent-dawn,288,warlock,destruction,6,3,3
Zabani,das-syndikat,288,warlock,destruction,6,3,3
Bluh,twisting-nether,288,warlock,destruction,6,3,3
Veggal,outland,288,warlock,destruction,6,3,3
Hammern,haomarush,288,warlock,destruction,6,3,3
Jeepsee,outland,288,warlock,destruction,6,3,3
Tigna,outland,288,warlock,destruction,6,3,3
Volontáry,stormscale,288,warlock,destruction,6,3,3
Ароматныйх,howling-fjord,288,warlock,destruction,6,3,3
Dragmetohêll,blackhand,288,warlock,destruction,6,3,3
Aparadexth,silvermoon,288,warlock,destruction,6,3,3
Loq,frostwolf,288,warlock,destruction,6,3,3
Brudergottes,blackmoore,288,warlock,destruction,6,3,3
Maquan,blackmoore,288,warlock,destruction,6,3,3
Greenjelly,ravencrest,288,warlock,destruction,6,3,3
Húxy,silvermoon,288,warlock,destruction,6,3,3
Bronnox,frostmane,288,warlock,destruction,9,4,5
Mindzsonghó,ragnaros,288,warlock,destruction,7,3,4
Lostmind,doomhammer,288,warlock,destruction,11,3,8
Svartalfen,outland,288,warlock,destruction,12,3,9
Macinek,burning-blade,288,warlock,destruction,12,3,9
Quief,silvermoon,288,warlock,destruction,12,3,9
Bytethisx,aggra-português,288,warlock,destruction,12,3,9
Xrathis,thunderhorn,288,warlock,destruction,12,3,9
Brambam,stormrage,288,warlock,destruction,12,3,9
Daeneerys,skullcrusher,288,warlock,destruction,12,3,9
Crymora,antonidas,288,warlock,destruction,12,3,9
Gooey,magtheridon,288,warlock,destruction,12,3,9
Deabrus,silvermoon,288,warlock,destruction,12,3,9
Purplerock,grim-batol,288,warlock,destruction,12,3,9
Faustes,alakir,288,warlock,destruction,12,3,9
Rogzon,eredar,288,warlock,destruction,12,3,9
Dotzillâ,blackhand,288,warlock,destruction,12,3,9
Isanê,blackrock,288,warlock,destruction,12,3,9
Phéar,deathwing,288,warlock,destruction,12,3,9
Крегтико,galakrond,288,warlock,destruction,12,3,9
Leatherfvce,blackmoore,288,warlock,destruction,12,3,9
Valgg,tarren-mill,288,warlock,destruction,12,3,9
Swoksáar,blackmoore,288,warlock,destruction,12,3,9
Heldis,outland,288,warlock,destruction,12,3,9
Aloxer,sanguino,288,warlock,destruction,12,3,9
Fear,outland,288,warlock,destruction,12,3,9
Maleff,sanguino,288,warlock,destruction,12,3,9
Пучкова,azuregos,288,warlock,destruction,12,3,9
Skyrender,argent-dawn,288,warlock,destruction,12,3,9
Beybeyd,argent-dawn,288,warlock,destruction,12,3,9
Jaír,turalyon,288,warlock,destruction,12,3,9
Маверрикк,gordunni,288,warlock,destruction,12,3,9
Киёкка,howling-fjord,288,warlock,destruction,12,3,9
Deemonstrate,ravencrest,288,warlock,destruction,12,3,9
Mitrela,ravencrest,288,warlock,destruction,12,3,9
Merelock,eonar,288,warlock,destruction,12,3,9
Werlock,sanguino,288,warlock,destruction,12,3,9
Tiffyilock,blackrock,288,warlock,destruction,12,3,9
Painowgee,kazzak,288,warlock,destruction,12,3,9
Shelbys,tyrande,288,warlock,destruction,12,3,9
Тэйлок,gordunni,288,warlock,destruction,12,3,9
Nímdaa,stormscale,288,warlock,destruction,12,3,9
Britneý,stormscale,288,warlock,destruction,12,3,9
Galadninon,drakthul,288,warlock,destruction,12,3,9
Sebi,kirin-tor,288,warlock,destruction,12,3,9
Варикай,gordunni,288,warlock,destruction,12,3,9
Демирус,gordunni,288,warlock,destruction,12,3,9
Нагибатель,howling-fjord,288,warlock,destruction,18,3,15
Naginii,sanguino,288,warlock,destruction,18,3,15
Fewton,eonar,288,warlock,destruction,18,3,15
Imbasimba,sylvanas,287,warlock,destruction,8,4,4
Grimzold,terokkar,287,warlock,destruction,6,3,3
Ashkaar,argent-dawn,287,warlock,destruction,6,3,3
Rodrin,silvermoon,287,warlock,destruction,6,3,3
Wegart,sylvanas,287,warlock,destruction,6,3,3
Наруту,gordunni,287,warlock,destruction,18,3,15
Haysang,khaz-modan,274,warlock,destruction,22,7,15
Lockaria,zuljin,256,warlock,destruction,10,3,7
Tanatos,tarren-mill,255,warlock,destruction,11,3,8
Newyorkcity,antonidas,255,warlock,destruction,11,3,8
Alwaysbroken,archimonde,239,warlock,destruction,5,3,2
Fearbly,tarren-mill,239,warlock,destruction,5,3,2
Nèssiè,sylvanas,239,warlock,destruction,5,3,2
Brushiè,kazzak,239,warlock,destruction,5,3,2
Insertchaos,draenor,239,warlock,destruction,5,3,2
Chimera,mugthol,239,warlock,destruction,11,3,8
Darthdotz,outland,234,warlock,destruction,7,4,3
Talt,dalaran,234,warlock,destruction,15,6,9
Charmerx,kazzak,234,warlock,destruction,10,4,6
Arnoldswarce,doomhammer,234,warlock,destruction,12,4,8
Теймкрин,gordunni,234,warlock,destruction,13,4,9
Sineko,twisting-nether,233,warlock,destruction,11,6,5
Blëssed,aegwynn,224,warlock,destruction,10,3,7
Kemuruss,kazzak,208,warlock,destruction,7,3,4
Ðankan,aegwynn,192,warlock,destruction,4,3,1
Герциер,soulflayer,192,warlock,destruction,4,3,1
Vortëxx,tarren-mill,192,warlock,destruction,9,3,6
Zigfipszen,blackmoore,192,warlock,destruction,6,2,4
Aváne,outland,192,warlock,destruction,6,2,4
Kleing,dragonblight,192,warlock,destruction,6,2,4
Tragus,ghostlands,192,warlock,destruction,6,2,4
Havocgodxx,stormscale,192,warlock,destruction,6,2,4
Хашонмвп,gordunni,192,warlock,destruction,6,2,4
Splojf,the-maelstrom,192,warlock,destruction,6,2,4
Revvolt,tarren-mill,192,warlock,destruction,6,2,4
Майдум,soulflayer,192,warlock,destruction,6,2,4
Шэдоубёрн,soulflayer,192,warlock,destruction,6,2,4
Nâzgrel,tarren-mill,192,warlock,destruction,6,2,4
Cainn,kilrogg,192,warlock,destruction,6,2,4
Necrochiller,tarren-mill,192,warlock,destruction,6,2,4
Хоратхе,soulflayer,192,warlock,destruction,6,2,4
Meshekinoqua,tarren-mill,192,warlock,destruction,6,2,4
Laynih,blackrock,192,warlock,destruction,6,2,4
Zmataryn,doomhammer,192,warlock,destruction,6,2,4
Vittaly,sargeras,192,warlock,destruction,6,2,4
Sinlockz,tarren-mill,192,warlock,destruction,6,2,4
Contergan,arygos,192,warlock,destruction,6,2,4
Bloodysûgar,blackmoore,192,warlock,destruction,6,2,4
Creamcleaner,tarren-mill,192,warlock,destruction,6,2,4
Hadexx,uldum,192,warlock,destruction,6,2,4
Локгномус,azuregos,192,warlock,destruction,6,2,4
Vazelin,stormscale,192,warlock,destruction,6,2,4
Astralvoid,outland,192,warlock,destruction,6,2,4
Rojas,trollbane,192,warlock,destruction,6,2,4
Ght,outland,192,warlock,destruction,6,2,4
Turrôk,blackmoore,192,warlock,destruction,6,2,4
Gimpy,sylvanas,192,warlock,destruction,6,2,4
Локеда,deathguard,192,warlock,destruction,6,2,4
Ambjørg,kazzak,192,warlock,destruction,6,2,4
Zenaidaa,doomhammer,192,warlock,destruction,6,2,4
Levitibus,argent-dawn,192,warlock,destruction,6,2,4
Houndread,kazzak,192,warlock,destruction,6,2,4
Smoulville,sanguino,192,warlock,destruction,6,2,4
Prydzor,archimonde,192,warlock,destruction,6,2,4
Öhö,blackrock,192,warlock,destruction,6,2,4
Piouturass,hyjal,192,warlock,destruction,6,2,4
Wezen,stormscale,192,warlock,destruction,6,2,4
Sigred,sylvanas,192,warlock,destruction,6,2,4
Ravenglass,argent-dawn,192,warlock,destruction,6,2,4
Sløck,blackhand,192,warlock,destruction,6,2,4
Benztruck,blackhand,192,warlock,destruction,6,2,4
Grilljédén,blackrock,192,warlock,destruction,6,2,4
Letor,sanguino,192,warlock,destruction,6,2,4
Reapex,lightbringer,192,warlock,destruction,6,2,4
Ðaddyy,stormscale,192,warlock,destruction,6,2,4
Nerflocks,aggra-português,192,warlock,destruction,6,2,4
Dééznuts,blackmoore,192,warlock,destruction,6,2,4
Blubbajohnny,blackmoore,192,warlock,destruction,6,2,4
Dødheim,malganis,192,warlock,destruction,6,2,4
Guldän,quelthalas,192,warlock,destruction,6,2,4
Belzedan,blackrock,192,warlock,destruction,6,2,4
Lockerby,kazzak,192,warlock,destruction,6,2,4
Shánx,hyjal,192,warlock,destruction,6,2,4
Degdeehei,draenor,192,warlock,destruction,6,2,4
Mantimond,uldum,192,warlock,destruction,6,2,4
Kedrat,die-aldor,192,warlock,destruction,6,2,4
Fellanova,ravencrest,192,warlock,destruction,6,2,4
Dêmön,arathi,192,warlock,destruction,6,2,4
Felguy,ravencrest,192,warlock,destruction,6,2,4
Devadevam,twisting-nether,192,warlock,destruction,6,2,4
Bigminimus,ravencrest,192,warlock,destruction,6,2,4
Agonux,twisting-nether,192,warlock,destruction,6,2,4
Nedhriix,drakthul,192,warlock,destruction,6,2,4
Hacknator,aegwynn,192,warlock,destruction,6,2,4
Kabowie,twisting-nether,192,warlock,destruction,6,2,4
Bulgyeøng,archimonde,192,warlock,destruction,6,2,4
Selur,ragnaros,192,warlock,destruction,6,2,4
Lightswitchz,ravencrest,192,warlock,destruction,6,2,4
Meapx,ragnaros,192,warlock,destruction,6,2,4
Somalidog,ravencrest,192,warlock,destruction,6,2,4
Kuzimu,aerie-peak,192,warlock,destruction,6,2,4
Malfari,zuljin,192,warlock,destruction,6,2,4
Øupas,ysondre,192,warlock,destruction,6,2,4
Incubith,ravencrest,192,warlock,destruction,6,2,4
Zhulthan,ravencrest,192,warlock,destruction,6,2,4
Cosec,silvermoon,192,warlock,destruction,6,2,4
Lzeus,archimonde,192,warlock,destruction,6,2,4
Grâst,cthun,192,warlock,destruction,6,2,4
Ayôörts,archimonde,192,warlock,destruction,6,2,4
Efekentli,frostwolf,192,warlock,destruction,6,2,4
Heliphas,draenor,192,warlock,destruction,6,2,4
Lokla,elune,192,warlock,destruction,6,2,4
Priszcilla,twisting-nether,192,warlock,destruction,6,2,4
Mommymílkers,archimonde,192,warlock,destruction,6,2,4
Prestige,nemesis,192,warlock,destruction,6,2,4
Dinolock,antonidas,192,warlock,destruction,6,2,4
Saabnoolock,ragnaros,192,warlock,destruction,6,2,4
Chuntlock,shadowsong,192,warlock,destruction,6,2,4
Elfex,ragnaros,192,warlock,destruction,6,2,4
Whórélóck,ravencrest,192,warlock,destruction,6,2,4
Æyna,thrall,192,warlock,destruction,6,2,4
Angrythots,draenor,192,warlock,destruction,6,2,4
Darkgainz,draenor,192,warlock,destruction,6,2,4
Mákas,draenor,192,warlock,destruction,6,2,4
Пухи,blackscar,192,warlock,destruction,6,2,4
Шизуи,borean-tundra,192,warlock,destruction,6,2,4
Merengue,uldum,192,warlock,destruction,6,2,4
Whydidudotha,ravencrest,192,warlock,destruction,6,2,4
Kwanzaa,ravencrest,192,warlock,destruction,6,2,4
Grandulf,ravencrest,192,warlock,destruction,6,2,4
Grinige,twisting-nether,192,warlock,destruction,6,2,4
Toshiku,aggra-português,192,warlock,destruction,6,2,4
Haxs,ravencrest,192,warlock,destruction,6,2,4
Sanwich,dun-modr,192,warlock,destruction,6,2,4
Jubekah,sanguino,192,warlock,destruction,6,2,4
Ívânguldán,twisting-nether,192,warlock,destruction,6,2,4
Zagana,neptulon,192,warlock,destruction,6,2,4
Rodhad,kazzak,192,warlock,destruction,6,2,4
Vextos,draenor,192,warlock,destruction,6,2,4
Ravendoor,grim-batol,192,warlock,destruction,6,2,4
Kathrose,silvermoon,192,warlock,destruction,6,2,4
Snoggä,antonidas,192,warlock,destruction,6,2,4
Cindela,eredar,192,warlock,destruction,6,2,4
Taralle,ysondre,192,warlock,destruction,6,2,4
Qullnius,kazzak,192,warlock,destruction,6,2,4
Ишла,gordunni,192,warlock,destruction,6,2,4
Sôshy,thrall,192,warlock,destruction,6,2,4
Zkrwl,kazzak,192,warlock,destruction,6,2,4
Siìre,ravencrest,192,warlock,destruction,6,2,4
Omnipótent,moonglade,192,warlock,destruction,6,2,4
Kemel,thrall,192,warlock,destruction,6,2,4
Silverghoul,draenor,192,warlock,destruction,6,2,4
Werkx,archimonde,192,warlock,destruction,6,2,4
Getoffmedude,ravencrest,192,warlock,destruction,6,2,4
Ashhlock,silvermoon,192,warlock,destruction,6,2,4
Cuufi,silvermoon,192,warlock,destruction,6,2,4
Ralys,draenor,192,warlock,destruction,6,2,4
Titoss,archimonde,192,warlock,destruction,12,2,10
Nimwyn,argent-dawn,192,warlock,destruction,12,2,10
Sarómán,ravencrest,192,warlock,destruction,12,2,10
Srhal,blackmoore,192,warlock,destruction,12,2,10
Punishteens,blackmoore,192,warlock,destruction,12,2,10
Risujemma,stormreaver,192,warlock,destruction,12,2,10
Kiriforce,blackmoore,192,warlock,destruction,12,2,10
Agathaharkne,minahonda,192,warlock,destruction,12,2,10
Sanghá,frostwolf,192,warlock,destruction,12,2,10
Bigusdicus,aszune,192,warlock,destruction,12,2,10
Amnésïa,eldrethalas,192,warlock,destruction,12,2,10
Нэйрокризиз,howling-fjord,192,warlock,destruction,12,2,10
Kopfkissen,azshara,192,warlock,destruction,12,2,10
Necrophagus,outland,192,warlock,destruction,12,2,10
Shallän,dun-modr,192,warlock,destruction,12,2,10
Skratti,lightnings-blade,192,warlock,destruction,12,2,10
Themits,executus,192,warlock,destruction,12,2,10
Zùrghan,elune,191,warlock,destruction,4,3,1
Ribtic,draenor,191,warlock,destruction,6,2,4
Migyardondup,exodar,191,warlock,destruction,6,2,4
Karjarock,hyjal,191,warlock,destruction,12,2,10
Gaios,skullcrusher,191,warlock,destruction,18,2,16
Lockbubs,draenor,175,warlock,destruction,11,2,9
Grimlòck,antonidas,159,warlock,destruction,5,2,3
Slìm,blackmoore,159,warlock,destruction,5,2,3
Lockheedbao,outland,159,warlock,destruction,5,2,3
Lemonzx,stormscale,159,warlock,destruction,5,2,3
Dony,dun-morogh,159,warlock,destruction,5,2,3
Jiltoks,blackmoore,159,warlock,destruction,5,2,3
Pewnedmpx,archimonde,159,warlock,destruction,5,2,3
Hp,ysondre,159,warlock,destruction,5,2,3
Kalilumpa,festung-der-stürme,144,warlock,destruction,9,2,7
Shoobre,alakir,144,warlock,destruction,9,2,7
Vahk,uldum,138,warlock,destruction,7,3,4
Rb,anachronos,138,warlock,destruction,8,3,5
Frankieboi,drakthul,138,warlock,destruction,8,3,5
Darkpush,outland,138,warlock,destruction,11,4,7
Jabalock,mazrigos,138,warlock,destruction,15,5,10
Wdauwg,nazjatar,138,warlock,destruction,9,3,6
Hhogyoku,dentarg,138,warlock,destruction,10,3,7
Sigge,auchindoun,138,warlock,destruction,10,3,7
Оброссыш,gordunni,128,warlock,destruction,4,2,2
Belzzebuth,silvermoon,128,warlock,destruction,10,2,8
Перегном,blackscar,127,warlock,destruction,8,2,6
Mqsxw,stormscale,112,warlock,destruction,7,2,5
Neijihbolt,blackrock,112,warlock,destruction,7,2,5
Faustenburg,blackmoore,96,warlock,destruction,3,2,1
Mulimarus,die-todeskrallen,96,warlock,destruction,3,2,1
Mergon,ravencrest,96,warlock,destruction,3,2,1
Dannyboi,drakthul,96,warlock,destruction,3,2,1
Lockitz,kazzak,96,warlock,destruction,3,2,1
Mattihoh,rexxar,96,warlock,destruction,6,1,5
Sunsero,exodar,96,warlock,destruction,6,1,5
Fangdred,twisting-nether,96,warlock,destruction,6,1,5
Lilskunk,draenor,96,warlock,destruction,6,1,5
Ájszmen,ravencrest,96,warlock,destruction,6,1,5
Сквиртонитх,howling-fjord,96,warlock,destruction,6,1,5
Finea,sanguino,96,warlock,destruction,6,1,5
Kostur,defias-brotherhood,96,warlock,destruction,6,1,5
Pichwise,draenor,96,warlock,destruction,6,1,5
Növnöv,madmortem,96,warlock,destruction,6,1,5
Noxregina,antonidas,96,warlock,destruction,6,1,5
Raest,arygos,96,warlock,destruction,6,1,5
Buyala,stormscale,96,warlock,destruction,6,1,5
Totephia,kazzak,96,warlock,destruction,6,1,5
Aenygma,jaedenar,96,warlock,destruction,6,1,5
Shompaqzan,kazzak,96,warlock,destruction,6,1,5
Нотимба,gordunni,96,warlock,destruction,6,1,5
Meisterhexe,taerar,96,warlock,destruction,6,1,5
Иммолэйтх,gordunni,96,warlock,destruction,6,1,5
Mahishi,ravencrest,96,warlock,destruction,6,1,5
Gulzgan,kazzak,96,warlock,destruction,6,1,5
Лочундра,gordunni,96,warlock,destruction,6,1,5
Indifférence,archimonde,96,warlock,destruction,6,1,5
Redî,kazzak,96,warlock,destruction,6,1,5
Omnath,alakir,96,warlock,destruction,6,1,5
Bigsuckergg,norgannon,96,warlock,destruction,6,1,5
Dadcrush,antonidas,96,warlock,destruction,6,1,5
Ceean,silvermoon,96,warlock,destruction,6,1,5
Варатах,grom,96,warlock,destruction,6,1,5
Snollerboy,antonidas,96,warlock,destruction,6,1,5
Wolramir,thrall,96,warlock,destruction,6,1,5
Gibbio,emerald-dream,96,warlock,destruction,6,1,5
Seriasa,blackmoore,96,warlock,destruction,6,1,5
Hørcrux,ravencrest,96,warlock,destruction,6,1,5
Heißerheinz,blackhand,96,warlock,destruction,6,1,5
Kyyuss,burning-legion,96,warlock,destruction,6,1,5
Utuklululu,archimonde,96,warlock,destruction,6,1,5
Млечный,blackscar,96,warlock,destruction,6,1,5
Артекриолок,gordunni,96,warlock,destruction,6,1,5
Chaostheory,stormscale,96,warlock,destruction,6,1,5
Цетрелисс,gordunni,96,warlock,destruction,6,1,5
Kineo,argent-dawn,96,warlock,destruction,6,1,5
Lomendro,blackmoore,96,warlock,destruction,6,1,5
Ezgamebruh,turalyon,96,warlock,destruction,6,1,5
Jujalari,stormscale,96,warlock,destruction,6,1,5
Tinaufatlard,ravencrest,96,warlock,destruction,6,1,5
Maidson,blackrock,96,warlock,destruction,6,1,5
Nècrøphila,kazzak,96,warlock,destruction,6,1,5
Narkozz,archimonde,96,warlock,destruction,6,1,5
Zapplock,frostwolf,96,warlock,destruction,6,1,5
Walchia,kazzak,96,warlock,destruction,6,1,5
Yerslock,twisting-nether,96,warlock,destruction,6,1,5
Matfey,twisting-nether,96,warlock,destruction,6,1,5
Arwennia,malganis,96,warlock,destruction,6,1,5
Bluenote,colinas-pardas,96,warlock,destruction,6,1,5
Bigbabalock,frostwolf,96,warlock,destruction,6,1,5
Jerembro,hyjal,96,warlock,destruction,6,1,5
Satânius,les-sentinelles,96,warlock,destruction,6,1,5
Reiukh,frostwolf,96,warlock,destruction,6,1,5
Krabauf,eredar,96,warlock,destruction,6,1,5
Harrasmus,ravencrest,96,warlock,destruction,6,1,5
Милбон,gordunni,96,warlock,destruction,6,1,5
Tiig,blackrock,96,warlock,destruction,6,1,5
Tyranuzz,norgannon,96,warlock,destruction,6,1,5
Тапкидеда,gordunni,96,warlock,destruction,6,1,5
Silarioblack,nemesis,96,warlock,destruction,6,1,5
Ramuhn,antonidas,96,warlock,destruction,6,1,5
Vîerdotcom,blackrock,96,warlock,destruction,6,1,5
Enmakorogi,twisting-nether,96,warlock,destruction,6,1,5
Fell,outland,96,warlock,destruction,6,1,5
Pssycho,defias-brotherhood,96,warlock,destruction,6,1,5
Ðave,nemesis,96,warlock,destruction,6,1,5
Feliciousx,draenor,96,warlock,destruction,6,1,5
Прозерппина,azuregos,96,warlock,destruction,6,1,5
Wt,twisting-nether,96,warlock,destruction,6,1,5
Löck,kirin-tor,96,warlock,destruction,6,1,5
Chaotick,bronze-dragonflight,96,warlock,destruction,6,1,5
Mortvivants,kirin-tor,96,warlock,destruction,6,1,5
Mursha,auchindoun,96,warlock,destruction,6,1,5
Bigtitzes,ravencrest,96,warlock,destruction,6,1,5
Древнина,greymane,96,warlock,destruction,6,1,5
Язлаякиска,soulflayer,96,warlock,destruction,6,1,5
Dabezdwl,outland,96,warlock,destruction,6,1,5
Rigour,silvermoon,96,warlock,destruction,6,1,5
Chaoschao,silvermoon,96,warlock,destruction,6,1,5
Artery,tarren-mill,96,warlock,destruction,6,1,5
Pablø,silvermoon,96,warlock,destruction,6,1,5
Cresen,tarren-mill,96,warlock,destruction,6,1,5
Kathuum,outland,96,warlock,destruction,6,1,5
Ackorax,kilrogg,96,warlock,destruction,6,1,5
Lialda,twisting-nether,96,warlock,destruction,6,1,5
Lockowns,twisting-nether,96,warlock,destruction,6,1,5
Ноанс,howling-fjord,96,warlock,destruction,6,1,5
Daemonic,shattered-hand,96,warlock,destruction,6,1,5
Xvron,tarren-mill,96,warlock,destruction,6,1,5
Harrydôtta,blackmoore,96,warlock,destruction,6,1,5
Artèm,ysondre,96,warlock,destruction,6,1,5
Nulo,aggra-português,96,warlock,destruction,6,1,5
Zeirat,tarren-mill,96,warlock,destruction,6,1,5
Znaj,tarren-mill,96,warlock,destruction,6,1,5
Gutras,ragnaros,96,warlock,destruction,6,1,5
Aerethes,twisting-nether,96,warlock,destruction,6,1,5
Cruello,ragnaros,96,warlock,destruction,6,1,5
Murol,dalaran,96,warlock,destruction,6,1,5
Thaliä,tarren-mill,96,warlock,destruction,6,1,5
Boltsnhoes,tarren-mill,96,warlock,destruction,6,1,5
Gothgul,sanguino,96,warlock,destruction,6,1,5
Czteryka,silvermoon,96,warlock,destruction,6,1,5
Wake,bladefist,96,warlock,destruction,6,1,5
Forzaken,bladefist,96,warlock,destruction,6,1,5
Jolette,hyjal,96,warlock,destruction,6,1,5
Kickfear,kazzak,96,warlock,destruction,7,1,6
Ozzycrøwly,illidan,96,warlock,destruction,15,2,13
Oishi,kaelthas,96,warlock,destruction,8,1,7
Niights,sylvanas,96,warlock,destruction,12,1,11
Democraft,the-maelstrom,96,warlock,destruction,12,1,11
Kehldor,blackmoore,96,warlock,destruction,12,1,11
Malagate,sylvanas,96,warlock,destruction,12,1,11
Реймей,blackscar,96,warlock,destruction,12,1,11
Alithia,sylvanas,96,warlock,destruction,12,1,11
Feltox,auchindoun,96,warlock,destruction,12,1,11
Árkan,thrall,96,warlock,destruction,12,1,11
Gainel,exodar,96,warlock,destruction,12,1,11
Deathdawning,draenor,96,warlock,destruction,12,1,11
Wuahlock,doomhammer,96,warlock,destruction,12,1,11
Grêenbull,eredar,96,warlock,destruction,15,1,14
Magosnik,archimonde,79,warlock,destruction,5,1,4
Okmybad,outland,79,warlock,destruction,5,1,4
Gódríg,sylvanas,79,warlock,destruction,5,1,4
Mesîkatayut,outland,79,warlock,destruction,11,1,10
Tranas,ragnaros,64,warlock,destruction,4,1,3
Néca,blackmoore,64,warlock,destruction,4,1,3
Qiymaster,silvermoon,64,warlock,destruction,4,1,3
Malariaa,defias-brotherhood,63,warlock,destruction,2,2,0
Coblac,outland,48,warlock,destruction,3,1,2
Zereff,kragjin,48,warlock,destruction,3,1,2
Jxø,twisting-nether,42,warlock,destruction,10,3,7
Anthor,tarren-mill,42,warlock,destruction,8,2,6
Obichamcici,tarren-mill,42,warlock,destruction,8,2,6
Stonedup,alonsus,42,warlock,destruction,8,2,6
Rockstarr,dalaran,42,warlock,destruction,10,2,8
Belzébut,confrérie-du-thorium,42,warlock,destruction,16,2,14
Zaross,khaz-modan,41,warlock,destruction,8,2,6
Demospîrît,outland,40,warlock,destruction,17,3,14
Zuldiá,stormscale,32,warlock,destruction,2,2,0
Chandelierh,kazzak,31,warlock,destruction,2,1,1
Kiraxplode,nemesis,31,warlock,destruction,2,1,1
Isendnukes,darkspear,31,warlock,destruction,2,1,1
Pereat,blackmoore,31,warlock,destruction,2,1,1
Reconnected,drakthul,31,warlock,destruction,2,1,1
Slockoló,ragnaros,31,warlock,destruction,2,1,1
Níkâ,aegwynn,16,warlock,destruction,1,1,0
Orkamorfin,silvermoon,16,warlock,destruction,1,1,0
Kemmler,steamwheedle-cartel,16,warlock,destruction,1,1,0
Tágsy,ravencrest,2294,warlock,affliction,132,74,58
Langneur,ysondre,2247,warlock,affliction,114,63,51
Härèsß,dun-modr,2174,warlock,affliction,124,73,51
Hædês,antonidas,2171,warlock,affliction,180,97,83
Bualock,sylvanas,2168,warlock,affliction,102,61,41
Exoldboss,outland,2155,warlock,affliction,102,54,48
Steckenpferd,blackmoore,2149,warlock,affliction,66,39,27
Micol,doomhammer,2148,warlock,affliction,114,58,56
Hirasawa,archimonde,2105,warlock,affliction,73,38,35
Arukekz,blackmoore,2093,warlock,affliction,126,65,61
Chobitas,ravencrest,2076,warlock,affliction,150,78,72
Celebí,blackmoore,2075,warlock,affliction,90,56,34
Darksooul,xavius,2063,warlock,affliction,107,64,43
Kaspersdame,ravencrest,2038,warlock,affliction,237,122,115
Magonyth,tarren-mill,2023,warlock,affliction,107,61,46
Arussj,blackrock,2018,warlock,affliction,104,51,53
Gulzot,turalyon,2017,warlock,affliction,161,87,74
Southylolz,stormscale,2015,warlock,affliction,71,36,35
Southyx,stormscale,2010,warlock,affliction,95,52,43
Skrumpis,draenor,2006,warlock,affliction,320,166,154
Kärme,archimonde,2000,warlock,affliction,443,224,219
Boogeyboyx,stormscale,1999,warlock,affliction,107,60,47
Qyburn,drekthar,1991,warlock,affliction,78,47,31
Nickrosh,terokkar,1989,warlock,affliction,66,39,27
Тагочи,gordunni,1979,warlock,affliction,83,40,43
Rutena,ravencrest,1972,warlock,affliction,78,41,37
Angryfránk,outland,1961,warlock,affliction,227,115,112
Мрорбит,howling-fjord,1957,warlock,affliction,119,57,62
Toutanpapier,ysondre,1955,warlock,affliction,48,28,20
Perpetual,eredar,1950,warlock,affliction,60,33,27
Southylol,stormscale,1944,warlock,affliction,138,72,66
Infïnitýx,silvermoon,1938,warlock,affliction,137,77,60
Nesme,sylvanas,1938,warlock,affliction,95,46,49
Консидёро,gordunni,1937,warlock,affliction,86,46,40
Southy,stormscale,1918,warlock,affliction,48,25,23
Kajanova,stormscale,1916,warlock,affliction,140,84,56
Alliyâh,archimonde,1915,warlock,affliction,212,105,107
Фламмэнх,soulflayer,1914,warlock,affliction,78,47,31
Рашчер,gordunni,1909,warlock,affliction,48,25,23
Fruits,ysondre,1908,warlock,affliction,138,66,72
Sad,lightnings-blade,1905,warlock,affliction,100,44,56
Mïta,hyjal,1904,warlock,affliction,48,27,21
Buffdemo,blackmoore,1902,warlock,affliction,36,26,10
Shadowflamez,argent-dawn,1900,warlock,affliction,42,28,14
Plsdîe,twisting-nether,1895,warlock,affliction,89,49,40
Infernion,stormscale,1891,warlock,affliction,51,33,18
Sweetlõck,ravencrest,1887,warlock,affliction,257,142,115
Bwc,aegwynn,1885,warlock,affliction,135,69,66
Hladankurac,twisting-nether,1879,warlock,affliction,72,41,31
Limoges,archimonde,1874,warlock,affliction,90,55,35
Bäle,stormreaver,1869,warlock,affliction,54,32,22
Debz,twisting-nether,1864,warlock,affliction,118,71,47
Nêverse,archimonde,1857,warlock,affliction,36,22,14
Yosiya,draenor,1848,warlock,affliction,127,74,53
Fsandtwo,ravencrest,1848,warlock,affliction,68,36,32
Блудгэнг,blackscar,1847,warlock,affliction,48,21,27
Vregor,twisting-nether,1844,warlock,affliction,64,35,29
Гивмисоул,soulflayer,1841,warlock,affliction,59,36,23
Oarz,blackrock,1837,warlock,affliction,179,100,79
Kasoy,doomhammer,1837,warlock,affliction,160,84,76
Cassen,outland,1833,warlock,affliction,60,31,29
Getfaked,nordrassil,1832,warlock,affliction,54,28,26
Пчелокнижник,howling-fjord,1831,warlock,affliction,42,25,17
Sehk,stormreaver,1827,warlock,affliction,55,31,24
Yokûjin,twisting-nether,1826,warlock,affliction,67,32,35
Halfwai,ravencrest,1824,warlock,affliction,78,43,35
Mediumpotato,blackhand,1824,warlock,affliction,48,26,22
Xvq,twisting-nether,1819,warlock,affliction,106,67,39
Monsterz,archimonde,1815,warlock,affliction,93,50,43
Robertóoo,burning-legion,1814,warlock,affliction,128,79,49
Malddog,turalyon,1813,warlock,affliction,131,75,56
Глумливый,howling-fjord,1811,warlock,affliction,54,27,27
Wldot,ravencrest,1802,warlock,affliction,42,24,18
Kresyda,dun-modr,1799,warlock,affliction,54,22,32
Dst,ravencrest,1796,warlock,affliction,60,34,26
Jlcreverso,eredar,1789,warlock,affliction,58,29,29
Purplemafia,burning-blade,1787,warlock,affliction,46,24,22
Magonyth,ravencrest,1783,warlock,affliction,48,28,20
Xfz,stormscale,1780,warlock,affliction,138,73,65
Gezer,tarren-mill,1780,warlock,affliction,128,65,63
Bankstair,stormscale,1779,warlock,affliction,111,61,50
Korander,argent-dawn,1776,warlock,affliction,51,30,21
Oldboy,auchindoun,1758,warlock,affliction,201,105,96
Dualla,aegwynn,1754,warlock,affliction,54,34,20
Marcoil,kazzak,1751,warlock,affliction,68,40,28
Laokoon,blackmoore,1750,warlock,affliction,98,59,39
Sêro,aegwynn,1748,warlock,affliction,48,27,21
Garebigger,blackrock,1747,warlock,affliction,278,131,147
Brainsoup,burning-blade,1746,warlock,affliction,138,74,64
Fredé,outland,1743,warlock,affliction,36,23,13
Мануил,eversong,1740,warlock,affliction,29,19,10
Влицотьмой,gordunni,1739,warlock,affliction,67,39,28
Gøzù,antonidas,1734,warlock,affliction,35,19,16
Nightìngale,silvermoon,1733,warlock,affliction,152,79,73
Fearing,malganis,1730,warlock,affliction,66,36,30
Zodiiacc,ravencrest,1723,warlock,affliction,66,32,34
Ragdoll,twisting-nether,1722,warlock,affliction,63,34,29
Baz,anubarak,1717,warlock,affliction,56,24,32
Асальвэйд,gordunni,1715,warlock,affliction,94,54,40
ßualock,sylvanas,1713,warlock,affliction,41,22,19
Slàsh,hyjal,1710,warlock,affliction,102,64,38
Pinacholadá,norgannon,1706,warlock,affliction,120,70,50
Rias,ragnaros,1706,warlock,affliction,41,20,21
Ммоохх,gordunni,1702,warlock,affliction,42,18,24
Balding,blackhand,1698,warlock,affliction,38,24,14
Modernmisery,kazzak,1698,warlock,affliction,264,137,127
Wallirik,kazzak,1697,warlock,affliction,35,22,13
Firochek,ravencrest,1695,warlock,affliction,36,22,14
Shyleen,argent-dawn,1687,warlock,affliction,30,18,12
Funcky,terokkar,1685,warlock,affliction,42,29,13
Rottndot,stormscale,1681,warlock,affliction,90,51,39
Graveflesh,burning-blade,1679,warlock,affliction,307,151,156
Fear,auchindoun,1676,warlock,affliction,41,22,19
Robertóó,burning-legion,1673,warlock,affliction,101,54,47
Навидд,howling-fjord,1672,warlock,affliction,107,61,46
Boglock,argent-dawn,1672,warlock,affliction,60,34,26
Mowxll,blackrock,1670,warlock,affliction,42,19,23
Vîmø,antonidas,1669,warlock,affliction,118,64,54
Termss,ravencrest,1666,warlock,affliction,379,197,182
Darkwìngduck,ravencrest,1661,warlock,affliction,30,19,11
Lurkkis,ravencrest,1661,warlock,affliction,47,22,25
Trâshxd,sanguino,1660,warlock,affliction,84,49,35
Bulgyeøng,archimonde,1659,warlock,affliction,41,27,14
Sïeur,archimonde,1658,warlock,affliction,36,23,13
Нэрфир,soulflayer,1658,warlock,affliction,110,58,52
Сентимент,gordunni,1656,warlock,affliction,138,73,65
Emreys,argent-dawn,1656,warlock,affliction,139,73,66
Helventti,sylvanas,1651,warlock,affliction,40,21,19
Decayez,thrall,1651,warlock,affliction,42,19,23
Bossmanluke,defias-brotherhood,1647,warlock,affliction,30,21,9
Khoug,blackmoore,1647,warlock,affliction,36,24,12
Nekrosd,tarren-mill,1646,warlock,affliction,84,46,38
Yamadea,stormscale,1646,warlock,affliction,42,22,20
Jaines,forscherliga,1643,warlock,affliction,47,29,18
Сзот,howling-fjord,1632,warlock,affliction,60,32,28
Nerfwarriors,stormscale,1628,warlock,affliction,53,37,16
Laoganma,outland,1627,warlock,affliction,236,122,114
Ketzu,hyjal,1626,warlock,affliction,118,59,59
Midgetlockx,ravencrest,1625,warlock,affliction,42,24,18
Likee,eredar,1623,warlock,affliction,48,22,26
Mangolicious,twisting-nether,1622,warlock,affliction,42,23,19
Prelest,arathor,1620,warlock,affliction,24,17,7
Gayskyline,blackrock,1617,warlock,affliction,48,23,25
Corbbolt,drakthul,1616,warlock,affliction,74,40,34
Neoe,stormscale,1615,warlock,affliction,200,97,103
Shannzo,stormscale,1614,warlock,affliction,30,17,13
Ashhlock,silvermoon,1613,warlock,affliction,42,24,18
Smøkê,tarren-mill,1613,warlock,affliction,458,241,217
Оксси,fordragon,1612,warlock,affliction,114,59,55
Mortvivants,kirin-tor,1610,warlock,affliction,79,43,36
Orsoyopoyo,nemesis,1607,warlock,affliction,30,20,10
Mîná,ravencrest,1607,warlock,affliction,51,30,21
Олимта,blackscar,1607,warlock,affliction,136,71,65
Сайденас,gordunni,1606,warlock,affliction,151,76,75
Gate,blackrock,1606,warlock,affliction,41,20,21
Apathia,stormscale,1603,warlock,affliction,24,17,7
Franta,chromaggus,1603,warlock,affliction,71,43,28
Dondot,frostmane,1601,warlock,affliction,72,41,31
Журанайсбой,blackscar,1598,warlock,affliction,30,21,9
Архкингсдум,galakrond,1598,warlock,affliction,76,32,44
Рауваскх,howling-fjord,1597,warlock,affliction,42,22,20
Dontargetme,draenor,1596,warlock,affliction,49,30,19
Shayexen,tarren-mill,1596,warlock,affliction,53,31,22
Дестроварлок,blackscar,1596,warlock,affliction,30,17,13
Methroz,burning-legion,1592,warlock,affliction,60,28,32
Olympïe,archimonde,1591,warlock,affliction,77,36,41
Dispellthat,burning-legion,1588,warlock,affliction,41,22,19
Vizour,tarren-mill,1585,warlock,affliction,42,19,23
Мокито,grom,1581,warlock,affliction,42,20,22
Drainsouls,stormscale,1579,warlock,affliction,84,45,39
Ремайка,gordunni,1577,warlock,affliction,146,73,73
Articfox,outland,1576,warlock,affliction,36,20,16
Yôi,nemesis,1568,warlock,affliction,94,52,42
Nate,stormscale,1567,warlock,affliction,104,56,48
Exorbïtant,blackrock,1567,warlock,affliction,186,97,89
Passwoord,kazzak,1566,warlock,affliction,30,21,9
Belíos,stormscale,1566,warlock,affliction,99,58,41
Hellseven,emeriss,1564,warlock,affliction,45,18,27
Млечный,blackscar,1562,warlock,affliction,84,48,36
Htaedfo,tarren-mill,1561,warlock,affliction,72,39,33
Apokalyps,eldrethalas,1561,warlock,affliction,666,344,322
Бауглирх,howling-fjord,1559,warlock,affliction,67,34,33
Ascètic,kazzak,1556,warlock,affliction,95,49,46
Trevium,nemesis,1555,warlock,affliction,76,43,33
Slf,the-maelstrom,1554,warlock,affliction,62,38,24
Phenolock,blackhand,1554,warlock,affliction,214,117,97
Raspalakuja,kazzak,1553,warlock,affliction,31,19,12
Сартеккс,gordunni,1551,warlock,affliction,125,73,52
Soezzlock,archimonde,1551,warlock,affliction,159,86,73
Zeinth,sanguino,1551,warlock,affliction,90,46,44
Brútality,nethersturm,1550,warlock,affliction,71,39,32
Lollock,teldrassil,1549,warlock,affliction,24,17,7
Ржоммба,soulflayer,1548,warlock,affliction,136,71,65
Infectius,kazzak,1542,warlock,affliction,115,63,52
Rottenbooty,argent-dawn,1541,warlock,affliction,65,35,30
Vivek,grim-batol,1539,warlock,affliction,184,92,92
Demonkïng,archimonde,1539,warlock,affliction,137,64,73
Acentro,stormscale,1538,warlock,affliction,63,35,28
Колдунишка,fordragon,1536,warlock,affliction,413,223,190
Krismer,silvermoon,1535,warlock,affliction,43,23,20
Lockwkrok,burning-legion,1535,warlock,affliction,260,134,126
Osyx,ravencrest,1534,warlock,affliction,36,16,20
Gulgiann,nemesis,1532,warlock,affliction,30,16,14
Axapnon,ragnaros,1532,warlock,affliction,249,126,123
Бжк,gordunni,1532,warlock,affliction,67,33,34
Itiswhatitis,ravencrest,1532,warlock,affliction,36,16,20
Kayako,kul-tiras,1529,warlock,affliction,74,32,42
Ghachi,draenor,1525,warlock,affliction,75,39,36
Tôpsecret,aegwynn,1522,warlock,affliction,30,16,14
Grimus,azuremyst,1522,warlock,affliction,102,51,51
Разъелвал,blackscar,1518,warlock,affliction,223,123,100
Nightsnake,deathwing,1516,warlock,affliction,114,50,64
Wezen,stormscale,1515,warlock,affliction,131,71,60
Крэдоу,soulflayer,1514,warlock,affliction,54,27,27
Муза,gordunni,1513,warlock,affliction,48,23,25
Waatschnbaam,eredar,1512,warlock,affliction,66,30,36
Prestige,nemesis,1506,warlock,affliction,34,17,17
Soulslugger,twisting-nether,1506,warlock,affliction,48,23,25
Katâra,tarren-mill,1505,warlock,affliction,80,36,44
Bowti,ravencrest,1504,warlock,affliction,66,27,39
Kasuni,sanguino,1503,warlock,affliction,83,50,33
Jumbodot,tarren-mill,1502,warlock,affliction,36,17,19
Soffie,blackrock,1501,warlock,affliction,48,23,25
Stromzii,silvermoon,1498,warlock,affliction,79,43,36
Marklock,drakthul,1497,warlock,affliction,96,58,38
Бенлоел,borean-tundra,1493,warlock,affliction,60,29,31
Drekkrog,chogall,1490,warlock,affliction,30,16,14
Zevil,emerald-dream,1488,warlock,affliction,64,34,30
Боризыч,gordunni,1487,warlock,affliction,125,67,58
Lockíe,twisting-nether,1486,warlock,affliction,59,31,28
Tøpdmg,die-aldor,1486,warlock,affliction,47,24,23
Lilofee,anetheron,1486,warlock,affliction,42,21,21
Felsturm,twisting-nether,1484,warlock,affliction,52,36,16
Lokic,draenor,1484,warlock,affliction,96,48,48
Itsfiftycent,outland,1482,warlock,affliction,114,65,49
Damira,blackmoore,1478,warlock,affliction,36,23,13
Априфф,soulflayer,1477,warlock,affliction,36,16,20
Müdür,burning-legion,1476,warlock,affliction,221,120,101
Прогнившая,blackscar,1476,warlock,affliction,183,99,84
Винстролман,blackscar,1475,warlock,affliction,126,73,53
Saraconnor,burning-legion,1475,warlock,affliction,78,43,35
Лысыйлокоть,soulflayer,1475,warlock,affliction,36,18,18
Mty,bronze-dragonflight,1475,warlock,affliction,105,51,54
Адоха,howling-fjord,1474,warlock,affliction,47,25,22
Lánfeár,draenor,1471,warlock,affliction,593,299,294
Dannyel,mazrigos,1468,warlock,affliction,286,148,138
Локбезног,soulflayer,1468,warlock,affliction,84,42,42
Spiritawayx,lightbringer,1467,warlock,affliction,24,18,6
Twnia,the-maelstrom,1465,warlock,affliction,42,28,14
Birimbau,outland,1465,warlock,affliction,51,27,24
Taýle,ravencrest,1463,warlock,affliction,24,16,8
Нешутисвуду,blackscar,1459,warlock,affliction,64,29,35
Feardinkum,twisting-nether,1458,warlock,affliction,30,17,13
Brustlino,nemesis,1458,warlock,affliction,36,20,16
Xakhmet,hellscream,1458,warlock,affliction,186,100,86
Maidson,blackrock,1458,warlock,affliction,44,22,22
Gneticz,aegwynn,1456,warlock,affliction,60,30,30
Floron,silvermoon,1453,warlock,affliction,127,63,64
Zakuri,blackmoore,1452,warlock,affliction,48,32,16
Omnath,alakir,1449,warlock,affliction,36,18,18
Дотдозор,howling-fjord,1445,warlock,affliction,79,37,42
Vladov,ravencrest,1443,warlock,affliction,54,31,23
Azastarax,archimonde,1442,warlock,affliction,84,39,45
Lockyy,karazhan,1441,warlock,affliction,71,41,30
Domdon,stormscale,1440,warlock,affliction,26,16,10
Soldmygranny,kazzak,1440,warlock,affliction,42,19,23
Azurma,tarren-mill,1439,warlock,affliction,24,15,9
Hivxherpes,ravencrest,1439,warlock,affliction,127,60,67
Датри,grom,1437,warlock,affliction,124,69,55
Gaminex,kazzak,1437,warlock,affliction,138,69,69
Shanyor,kazzak,1436,warlock,affliction,93,50,43
Dracsu,dun-modr,1436,warlock,affliction,160,82,78
Lickyicky,twisting-nether,1436,warlock,affliction,66,32,34
Kakiamagisa,twisting-nether,1433,warlock,affliction,58,38,20
Kyyuss,burning-legion,1431,warlock,affliction,54,23,31
Warlokk,tarren-mill,1430,warlock,affliction,163,86,77
Rune,aegwynn,1430,warlock,affliction,30,15,15
Белучи,howling-fjord,1429,warlock,affliction,30,19,11
Zèlêph,archimonde,1428,warlock,affliction,42,26,16
Filianore,azjolnerub,1427,warlock,affliction,60,35,25
Ebolara,aegwynn,1427,warlock,affliction,47,23,24
Çüñ,shattered-hand,1426,warlock,affliction,48,24,24
Нафлэпил,gordunni,1425,warlock,affliction,59,32,27
Äsmødée,dalaran,1425,warlock,affliction,181,90,91
Miazmii,ragnaros,1422,warlock,affliction,24,15,9
Кокобан,howling-fjord,1422,warlock,affliction,36,15,21
Inani,ragnaros,1420,warlock,affliction,60,31,29
Бонони,blackscar,1417,warlock,affliction,42,19,23
Bigdamndots,twisting-nether,1417,warlock,affliction,42,16,26
Demonologyz,ravencrest,1416,warlock,affliction,24,19,5
Drozhna,kaelthas,1415,warlock,affliction,48,22,26
Werkx,archimonde,1414,warlock,affliction,30,15,15
Talt,dalaran,1412,warlock,affliction,110,61,49
Titoss,archimonde,1411,warlock,affliction,120,60,60
Shaarak,blackrock,1410,warlock,affliction,63,28,35
Skräp,twisting-nether,1410,warlock,affliction,61,26,35
Лейссина,eversong,1406,warlock,affliction,183,92,91
Dondada,aggra-português,1404,warlock,affliction,102,52,50
Tarilinwelli,les-sentinelles,1401,warlock,affliction,116,65,51
Cringetamer,silvermoon,1401,warlock,affliction,48,20,28
Candyman,bronze-dragonflight,1400,warlock,affliction,256,125,131
Шизуи,borean-tundra,1395,warlock,affliction,103,58,45
Trythislock,crushridge,1392,warlock,affliction,53,29,24
Sluba,stormscale,1391,warlock,affliction,54,36,18
Murphloc,silvermoon,1391,warlock,affliction,84,41,43
Øprøx,sanguino,1389,warlock,affliction,23,16,7
Véstheim,saurfang,1388,warlock,affliction,56,34,22
Murua,silvermoon,1387,warlock,affliction,30,15,15
Гуслин,soulflayer,1385,warlock,affliction,118,63,55
Harrydôtta,blackmoore,1382,warlock,affliction,42,23,19
Hatenkou,silvermoon,1379,warlock,affliction,89,49,40
Zeotrixie,stormscale,1379,warlock,affliction,60,30,30
Пухи,blackscar,1379,warlock,affliction,48,20,28
Demónfire,sylvanas,1378,warlock,affliction,34,18,16
Kavalierr,stormscale,1377,warlock,affliction,70,35,35
Teddyruineur,khaz-modan,1376,warlock,affliction,42,25,17
Pokifanone,tarren-mill,1376,warlock,affliction,29,16,13
Варатах,grom,1376,warlock,affliction,72,39,33
Depresive,aggra-português,1376,warlock,affliction,261,134,127
Nhw,archimonde,1374,warlock,affliction,61,34,27
Киёкка,howling-fjord,1372,warlock,affliction,114,62,52
Cazzo,burning-blade,1372,warlock,affliction,124,59,65
Mazaear,stormscale,1371,warlock,affliction,88,45,43
Ogkenii,ragnaros,1367,warlock,affliction,42,23,19
Tiwtera,draenor,1366,warlock,affliction,72,35,37
Nàughty,ragnaros,1361,warlock,affliction,101,53,48
Xanatas,nemesis,1359,warlock,affliction,48,25,23
Cadrega,nemesis,1357,warlock,affliction,58,37,21
Darkwootex,draenor,1357,warlock,affliction,39,23,16
Blackmagic,stormscale,1356,warlock,affliction,266,141,125
Nîghtmare,outland,1353,warlock,affliction,35,20,15
Hòbó,outland,1353,warlock,affliction,51,28,23
Kemel,thrall,1353,warlock,affliction,42,23,19
Enviroq,burning-legion,1353,warlock,affliction,30,15,15
Necronomicon,illidan,1352,warlock,affliction,32,16,16
Akdan,ragnaros,1351,warlock,affliction,50,21,29
Vicktorious,stormscale,1349,warlock,affliction,166,85,81
Dailylock,kazzak,1349,warlock,affliction,32,15,17
Voost,aegwynn,1349,warlock,affliction,49,18,31
Бестий,fordragon,1347,warlock,affliction,50,23,27
Elmstreet,gilneas,1346,warlock,affliction,48,31,17
Demonoulis,bloodhoof,1345,warlock,affliction,40,25,15
Hathatchi,sylvanas,1343,warlock,affliction,52,29,23
Øzze,ysondre,1343,warlock,affliction,181,97,84
Rudikiaz,sanguino,1343,warlock,affliction,36,14,22
Sakkrethxd,hyjal,1342,warlock,affliction,24,14,10
Whaii,ravencrest,1339,warlock,affliction,24,14,10
Anabolicbaby,draenor,1339,warlock,affliction,27,15,12
Degdeehei,draenor,1339,warlock,affliction,58,30,28
Potterhotter,outland,1338,warlock,affliction,156,76,80
Dededot,ysondre,1337,warlock,affliction,24,14,10
Dezznut,blackhand,1334,warlock,affliction,113,54,59
Gryme,dalaran,1333,warlock,affliction,72,30,42
Roglash,eredar,1331,warlock,affliction,171,91,80
Mayline,kult-der-verdammten,1330,warlock,affliction,42,23,19
Bh,ragnaros,1327,warlock,affliction,24,14,10
Staenkymayne,blackhand,1326,warlock,affliction,24,14,10
Ukicha,burning-blade,1325,warlock,affliction,54,27,27
Gash,malganis,1323,warlock,affliction,174,88,86
Délidumrul,stormscale,1322,warlock,affliction,46,27,19
Ginnwick,argent-dawn,1321,warlock,affliction,18,14,4
Sánas,blackhand,1321,warlock,affliction,66,32,34
Morgan,jaedenar,1320,warlock,affliction,138,81,57
Cgane,archimonde,1317,warlock,affliction,34,20,14
Primdåhl,ravencrest,1314,warlock,affliction,76,39,37
Themits,executus,1314,warlock,affliction,34,15,19
Balgo,blackmoore,1311,warlock,affliction,54,27,27
Перегном,blackscar,1311,warlock,affliction,60,28,32
Hiimsûso,dun-modr,1309,warlock,affliction,113,59,54
Requeims,outland,1309,warlock,affliction,28,14,14
Ketem,zuljin,1308,warlock,affliction,167,86,81
Azkarr,defias-brotherhood,1308,warlock,affliction,30,14,16
Getfeared,stormscale,1308,warlock,affliction,36,14,22
Валлцея,galakrond,1306,warlock,affliction,24,14,10
Sleethy,destromath,1306,warlock,affliction,36,18,18
Nesveti,kazzak,1305,warlock,affliction,29,20,9
Irnx,tarren-mill,1303,warlock,affliction,68,36,32
Pcbbwarlock,sylvanas,1302,warlock,affliction,198,106,92
Nihale,arakarahm,1301,warlock,affliction,106,50,56
Dotieks,draenor,1300,warlock,affliction,120,64,56
Dxz,silvermoon,1300,warlock,affliction,36,14,22
Gódríg,sylvanas,1299,warlock,affliction,43,26,17
Krombo,kazzak,1299,warlock,affliction,28,15,13
Jegfaller,wildhammer,1299,warlock,affliction,78,39,39
Urssul,kazzak,1298,warlock,affliction,36,22,14
Swagzz,silvermoon,1298,warlock,affliction,96,55,41
Sublînê,blackmoore,1298,warlock,affliction,86,36,50
Scaevóla,ravencrest,1297,warlock,affliction,42,24,18
Morganounete,archimonde,1296,warlock,affliction,58,21,37
Bästkusten,kazzak,1294,warlock,affliction,28,16,12
Grimréaper,outland,1288,warlock,affliction,42,19,23
Tathyanna,archimonde,1287,warlock,affliction,26,15,11
Лютыйглад,blackscar,1284,warlock,affliction,69,32,37
Моргррет,soulflayer,1283,warlock,affliction,36,22,14
Sanghá,frostwolf,1282,warlock,affliction,60,37,23
Robodot,eredar,1277,warlock,affliction,90,45,45
Izyguldamn,blackmoore,1276,warlock,affliction,48,16,32
Zetsubo,drakthul,1270,warlock,affliction,105,55,50
Assuz,eredar,1267,warlock,affliction,86,42,44
Weedmaniac,kazzak,1265,warlock,affliction,108,50,58
Стафилокок,deepholm,1262,warlock,affliction,55,29,26
Самантаглу,blackscar,1260,warlock,affliction,58,33,25
Whocarezlock,stormscale,1260,warlock,affliction,32,15,17
Qena,outland,1259,warlock,affliction,54,26,28
Mooncrásh,blackrock,1256,warlock,affliction,162,80,82
Soultire,ravencrest,1255,warlock,affliction,102,48,54
Demoas,antonidas,1253,warlock,affliction,32,15,17
Nicetime,nefarian,1250,warlock,affliction,90,51,39
Kitingguru,stormscale,1247,warlock,affliction,24,13,11
Zêngâ,kazzak,1246,warlock,affliction,56,28,28
Ðïÿëñbïëñfüû,suramar,1246,warlock,affliction,30,13,17
Deathpoid,draenor,1245,warlock,affliction,71,28,43
Дагира,booty-bay,1241,warlock,affliction,18,13,5
Mjabowf,outland,1240,warlock,affliction,24,13,11
Hèrmit,kazzak,1239,warlock,affliction,74,45,29
Phelola,sylvanas,1239,warlock,affliction,110,52,58
Deathfløw,draenor,1237,warlock,affliction,24,13,11
Actelia,the-venture-co,1237,warlock,affliction,38,15,23
Тафуби,deathweaver,1234,warlock,affliction,30,18,12
Yowifeinmedm,draenor,1234,warlock,affliction,36,13,23
Elleanor,los-errantes,1231,warlock,affliction,24,13,11
Cârmondai,alleria,1230,warlock,affliction,36,13,23
Shakuroz,frostwolf,1229,warlock,affliction,28,14,14
Dropxpvp,blackrock,1229,warlock,affliction,83,35,48
Modéus,ysondre,1225,warlock,affliction,100,52,48
Malagate,sylvanas,1221,warlock,affliction,66,30,36
Ongo,frostwolf,1220,warlock,affliction,30,13,17
Zéphon,blades-edge,1219,warlock,affliction,24,13,11
Klone,die-todeskrallen,1218,warlock,affliction,115,58,57
Vîerdotcom,blackrock,1215,warlock,affliction,18,13,5
Bono,frostwhisper,1215,warlock,affliction,24,13,11
Bakal,vashj,1215,warlock,affliction,42,19,23
Локистраик,borean-tundra,1214,warlock,affliction,47,19,28
Sesshouin,alakir,1212,warlock,affliction,72,34,38
Solitariøus,arathi,1207,warlock,affliction,90,44,46
Tsumde,dalaran,1207,warlock,affliction,44,16,28
Xerxia,blackrock,1205,warlock,affliction,42,25,17
Diseez,bronzebeard,1205,warlock,affliction,51,25,26
Etsanctum,blackmoore,1204,warlock,affliction,48,17,31
Ainos,twisting-nether,1199,warlock,affliction,97,48,49
Friendlylock,quelthalas,1198,warlock,affliction,21,13,8
Âkâl,ravencrest,1194,warlock,affliction,23,13,10
Kyiüû,archimonde,1194,warlock,affliction,27,14,13
Draklack,turalyon,1194,warlock,affliction,97,49,48
Vaukras,stormscale,1194,warlock,affliction,62,29,33
Møärdötd,aggra-português,1190,warlock,affliction,30,13,17
Luzi,arthas,1186,warlock,affliction,59,27,32
Satanizm,silvermoon,1185,warlock,affliction,41,21,20
Purplehasse,draenor,1185,warlock,affliction,64,24,40
Lockinasock,stormscale,1183,warlock,affliction,31,16,15
Juod,frostmane,1182,warlock,affliction,24,15,9
Nexyra,silvermoon,1182,warlock,affliction,218,106,112
Томрэдл,howling-fjord,1178,warlock,affliction,394,197,197
Kerthan,malorne,1176,warlock,affliction,80,35,45
Dhraven,thrall,1173,warlock,affliction,102,49,53
Wedlock,stormscale,1171,warlock,affliction,29,19,10
Huaian,darksorrow,1170,warlock,affliction,56,26,30
Цзинкэ,gordunni,1168,warlock,affliction,24,13,11
Neyó,teldrassil,1164,warlock,affliction,30,17,13
Agonux,twisting-nether,1161,warlock,affliction,55,30,25
Ашимал,soulflayer,1158,warlock,affliction,62,28,34
Xristianos,ravencrest,1152,warlock,affliction,18,12,6
Toppluva,shattered-hand,1151,warlock,affliction,21,13,8
Watchmecut,terenas,1151,warlock,affliction,24,12,12
Xskyrov,blackmoore,1151,warlock,affliction,24,12,12
Kumamoto,tarren-mill,1151,warlock,affliction,24,12,12
Stankaemayne,blackhand,1150,warlock,affliction,18,12,6
Thereya,dun-morogh,1150,warlock,affliction,24,12,12
Darkrorr,drakthul,1150,warlock,affliction,24,12,12
Mundunugu,sanguino,1148,warlock,affliction,24,12,12
Cdztuwu,outland,1147,warlock,affliction,18,12,6
Walchia,kazzak,1147,warlock,affliction,83,44,39
Lockingcute,tarren-mill,1147,warlock,affliction,24,12,12
Yahata,nethersturm,1145,warlock,affliction,72,39,33
Trinox,teldrassil,1144,warlock,affliction,24,15,9
Principle,dunemaul,1144,warlock,affliction,83,51,32
Cutt,chogall,1144,warlock,affliction,89,46,43
Enyras,nemesis,1143,warlock,affliction,30,12,18
Auxi,the-maelstrom,1142,warlock,affliction,57,35,22
Yasa,khaz-modan,1142,warlock,affliction,51,31,20
Suskive,kaelthas,1141,warlock,affliction,24,12,12
Öxygen,outland,1140,warlock,affliction,24,12,12
Ìzanamí,archimonde,1139,warlock,affliction,18,12,6
Asmonmald,stormscale,1139,warlock,affliction,120,52,68
Arelas,dragonblight,1139,warlock,affliction,30,12,18
Bobleechaos,darkspear,1136,warlock,affliction,42,17,25
Clungesuck,argent-dawn,1132,warlock,affliction,24,12,12
Lonepath,doomhammer,1129,warlock,affliction,25,15,10
Slowfatlock,ravencrest,1129,warlock,affliction,47,20,27
Zukau,argent-dawn,1129,warlock,affliction,46,15,31
Глянемче,deathguard,1126,warlock,affliction,69,38,31
Hacklock,silvermoon,1123,warlock,affliction,127,59,68
Mendozaah,kazzak,1122,warlock,affliction,88,35,53
Nydek,cthun,1118,warlock,affliction,63,28,35
Toké,blackmoore,1116,warlock,affliction,52,24,28
Squadala,kaelthas,1115,warlock,affliction,30,15,15
Fealer,magtheridon,1113,warlock,affliction,306,156,150
Wintheirl,argent-dawn,1105,warlock,affliction,35,15,20
Sunetta,silvermoon,1097,warlock,affliction,80,37,43
Diablotiin,hyjal,1095,warlock,affliction,48,20,28
Gamunkul,destromath,1094,warlock,affliction,103,41,62
Cahoa,archimonde,1093,warlock,affliction,39,17,22
Горенджо,eversong,1092,warlock,affliction,26,13,13
ßatt,dalaran,1088,warlock,affliction,24,15,9
Dótcom,draenor,1088,warlock,affliction,84,42,42
Fraky,frostwhisper,1087,warlock,affliction,23,16,7
Zxcursed,doomhammer,1087,warlock,affliction,23,12,11
Хефрак,deathguard,1084,warlock,affliction,90,35,55
Diegomojes,silvermoon,1081,warlock,affliction,110,59,51
Lefttorot,garrosh,1077,warlock,affliction,33,13,20
Iyanda,argent-dawn,1074,warlock,affliction,24,12,12
Аксиманд,howling-fjord,1073,warlock,affliction,47,23,24
Ladodida,darkspear,1072,warlock,affliction,53,28,25
Hazelock,draenor,1068,warlock,affliction,17,12,5
Felboar,quelthalas,1068,warlock,affliction,44,24,20
Bësly,khaz-modan,1067,warlock,affliction,26,16,10
Venoc,kazzak,1067,warlock,affliction,150,77,73
Rhyana,sylvanas,1065,warlock,affliction,28,12,16
Pipêz,blackmoore,1060,warlock,affliction,34,12,22
Smuutil,drakthul,1058,warlock,affliction,55,28,27
Warlockgødx,silvermoon,1058,warlock,affliction,28,13,15
Elmîr,blackmoore,1057,warlock,affliction,36,13,23
Skufi,uldum,1056,warlock,affliction,57,29,28
Fräddan,draenor,1054,warlock,affliction,12,11,1
Beleghost,sylvanas,1054,warlock,affliction,30,11,19
Mariahscary,auchindoun,1053,warlock,affliction,18,11,7
Dabolt,archimonde,1053,warlock,affliction,18,11,7
Císuh,stormreaver,1053,warlock,affliction,24,11,13
Belastiz,blackmoore,1052,warlock,affliction,18,11,7
Exørzist,blackmoore,1051,warlock,affliction,124,66,58
Mæphysto,blackrock,1051,warlock,affliction,127,61,66
Mykóla,terokkar,1051,warlock,affliction,24,11,13
Heavylock,sylvanas,1050,warlock,affliction,18,11,7
Bemelial,culte-de-la-rive-noire,1050,warlock,affliction,24,11,13
Zatella,ravencrest,1050,warlock,affliction,24,11,13
Lubosz,silvermoon,1049,warlock,affliction,18,11,7
Warlockoloco,blackmoore,1049,warlock,affliction,30,11,19
Hodille,argent-dawn,1046,warlock,affliction,18,11,7
Vahgaz,burning-legion,1046,warlock,affliction,166,82,84
Richrichy,outland,1044,warlock,affliction,66,34,32
Mannennille,eonar,1043,warlock,affliction,24,11,13
Araphel,twisting-nether,1042,warlock,affliction,78,38,40
Lemuriel,arthas,1039,warlock,affliction,57,26,31
Blaizen,outland,1038,warlock,affliction,22,12,10
Backblech,wrathbringer,1038,warlock,affliction,33,15,18
Демонтёлка,grom,1034,warlock,affliction,26,16,10
Nerdbane,blackrock,1033,warlock,affliction,18,11,7
Банкапевка,howling-fjord,1033,warlock,affliction,24,11,13
Selenene,norgannon,1031,warlock,affliction,63,31,32
Шайтанарба,blackscar,1027,warlock,affliction,71,39,32
Favris,antonidas,1024,warlock,affliction,170,85,85
Мракодел,deathguard,1023,warlock,affliction,39,19,20
Oonz,sylvanas,1017,warlock,affliction,74,37,37
Сувала,soulflayer,1015,warlock,affliction,104,52,52
Олдриг,ashenvale,1013,warlock,affliction,39,18,21
Díme,kazzak,1013,warlock,affliction,58,24,34
Sinsemilla,kazzak,1006,warlock,affliction,66,30,36
Cokoladuocka,silvermoon,1005,warlock,affliction,72,30,42
Тэйлок,gordunni,1003,warlock,affliction,45,26,19
Vendømlørd,archimonde,1003,warlock,affliction,31,17,14
Sovrìn,blackrock,1002,warlock,affliction,23,11,12
Prekt,ragnaros,1001,warlock,affliction,17,11,6
Loriene,trollbane,1001,warlock,affliction,41,16,25
Korlox,antonidas,991,warlock,affliction,30,16,14
Brryant,colinas-pardas,990,warlock,affliction,22,14,8
Brítneyfears,azjolnerub,986,warlock,affliction,17,11,6
Bu,zirkel-des-cenarius,982,warlock,affliction,17,11,6
Xlara,argent-dawn,978,warlock,affliction,172,82,90
Bluenote,colinas-pardas,974,warlock,affliction,60,29,31
Qullnius,kazzak,971,warlock,affliction,34,12,22
Hôköno,archimonde,970,warlock,affliction,36,17,19
Exoticaa,blackhand,968,warlock,affliction,48,27,21
Peonpedro,malganis,960,warlock,affliction,12,10,2
Pumpfake,ravencrest,960,warlock,affliction,18,10,8
Murdee,kazzak,960,warlock,affliction,18,10,8
Dreamnyâsha,tarren-mill,960,warlock,affliction,18,10,8
Slipx,aegwynn,960,warlock,affliction,18,10,8
Веномхх,lich-king,959,warlock,affliction,12,10,2
Plâytïmè,stormscale,959,warlock,affliction,18,10,8
Санявахтовик,blackscar,959,warlock,affliction,18,10,8
Hannen,blackrock,959,warlock,affliction,24,10,14
Drstyx,anetheron,959,warlock,affliction,30,10,20
Flyps,stormscale,958,warlock,affliction,18,10,8
Azaïdun,khaz-modan,958,warlock,affliction,18,10,8
Коплюнапони,blackscar,958,warlock,affliction,18,10,8
Chaostrain,sylvanas,957,warlock,affliction,22,11,11
Снэйк,deathguard,956,warlock,affliction,18,10,8
Lúcìfér,stormscale,956,warlock,affliction,24,10,14
Dotloca,draenor,955,warlock,affliction,12,10,2
Мужицкаясила,howling-fjord,955,warlock,affliction,24,10,14
Avoidsun,kazzak,954,warlock,affliction,24,10,14
Sylrathas,burning-legion,953,warlock,affliction,24,10,14
Prickster,kazzak,952,warlock,affliction,18,10,8
Аркейнмизери,howling-fjord,951,warlock,affliction,12,10,2
Cgòw,ravencrest,950,warlock,affliction,22,11,11
Waryald,dun-modr,945,warlock,affliction,30,10,20
Cêebêry,frostwolf,941,warlock,affliction,24,10,14
Valadair,sanguino,941,warlock,affliction,30,10,20
Carlman,hyjal,940,warlock,affliction,18,10,8
Phéar,deathwing,938,warlock,affliction,18,10,8
Warlockyone,silvermoon,937,warlock,affliction,18,10,8
Darkháte,blackhand,936,warlock,affliction,18,10,8
Uthdae,archimonde,933,warlock,affliction,36,13,23
Luckriel,draenor,932,warlock,affliction,24,11,13
Дакиса,gordunni,925,warlock,affliction,35,10,25
Icritmore,stormscale,924,warlock,affliction,20,11,9
Ashgron,burning-legion,924,warlock,affliction,30,16,14
Nukeem,karazhan,923,warlock,affliction,131,62,69
Антарриэль,howling-fjord,921,warlock,affliction,22,10,12
Kharless,kazzak,918,warlock,affliction,23,10,13
Слававдвх,blackscar,914,warlock,affliction,53,25,28
Kenthal,nemesis,908,warlock,affliction,22,10,12
Rasputia,thunderhorn,906,warlock,affliction,45,24,21
Artyrus,burning-legion,904,warlock,affliction,30,16,14
Letoupet,la-croisade-écarlate,904,warlock,affliction,42,21,21
Cencible,twisting-nether,893,warlock,affliction,31,14,17
Sadisticlól,burning-legion,890,warlock,affliction,23,11,12
Datendariza,kazzak,886,warlock,affliction,32,10,22
Warrworg,darkmoon-faire,875,warlock,affliction,24,13,11
Ánderx,dun-modr,864,warlock,affliction,12,9,3
Тапкидеда,gordunni,864,warlock,affliction,12,9,3
Abinsur,drakthul,864,warlock,affliction,12,9,3
Парачо,eversong,864,warlock,affliction,12,9,3
Zzooxx,silvermoon,864,warlock,affliction,24,9,15
Díablø,blackmoore,863,warlock,affliction,12,9,3
Fearlólz,stormscale,863,warlock,affliction,12,9,3
Зензирил,galakrond,863,warlock,affliction,18,9,9
Luwuock,twisting-nether,863,warlock,affliction,24,9,15
Lipstickx,kul-tiras,863,warlock,affliction,24,9,15
Gaargamelo,blackmoore,863,warlock,affliction,24,9,15
Esmuel,argent-dawn,862,warlock,affliction,18,9,9
Skuvee,archimonde,862,warlock,affliction,18,9,9
Golhok,archimonde,862,warlock,affliction,18,9,9
Aagon,antonidas,862,warlock,affliction,24,9,15
Tolgaa,draenor,862,warlock,affliction,28,10,18
Hitomitanaká,kazzak,862,warlock,affliction,28,9,19
Ívânguldán,twisting-nether,861,warlock,affliction,12,9,3
Zelhala,draenor,861,warlock,affliction,18,9,9
Hooligain,aegwynn,861,warlock,affliction,62,28,34
Graell,drakthul,860,warlock,affliction,12,9,3
Mumutoaster,blackrock,860,warlock,affliction,12,9,3
Нирон,grom,860,warlock,affliction,18,9,9
Iml,grim-batol,859,warlock,affliction,28,10,18
Локомания,gordunni,859,warlock,affliction,30,9,21
Ностра,gordunni,856,warlock,affliction,12,9,3
Tedor,ysondre,856,warlock,affliction,18,9,9
Primitivaa,dun-modr,855,warlock,affliction,30,9,21
Pfizer,varimathras,854,warlock,affliction,18,9,9
Gulgash,blackrock,854,warlock,affliction,18,9,9
Sladurana,eredar,854,warlock,affliction,84,40,44
Yourdeaath,ravencrest,854,warlock,affliction,30,9,21
Iyna,blackmoore,853,warlock,affliction,18,9,9
Битриксс,soulflayer,852,warlock,affliction,24,9,15
Noqufiel,malygos,852,warlock,affliction,24,9,15
Alithia,sylvanas,851,warlock,affliction,12,9,3
Warlocker,anachronos,844,warlock,affliction,24,10,14
Mjojo,khaz-modan,842,warlock,affliction,22,10,12
Shazem,tarren-mill,830,warlock,affliction,23,9,14
Parley,frostmane,825,warlock,affliction,22,9,13
Savith,defias-brotherhood,821,warlock,affliction,58,25,33
Pøzzi,hyjal,807,warlock,affliction,22,10,12
Jisera,kiljaeden,800,warlock,affliction,22,9,13
Pruegelharry,blackrock,798,warlock,affliction,22,9,13
Muc,sanguino,793,warlock,affliction,23,9,14
Braneiotqq,kazzak,777,warlock,affliction,26,10,16
Zlomozg,laughing-skull,768,warlock,affliction,12,8,4
Faermorn,kazzak,768,warlock,affliction,12,8,4
Buâlock,stormscale,768,warlock,affliction,12,8,4
Qoltz,twisting-nether,768,warlock,affliction,12,8,4
Tøtøf,sargeras,768,warlock,affliction,12,8,4
Noxtarius,thrall,768,warlock,affliction,12,8,4
Zzooxxie,silvermoon,768,warlock,affliction,12,8,4
Жасминдос,blackscar,768,warlock,affliction,18,8,10
Wällaar,ragnaros,768,warlock,affliction,18,8,10
Langneur,archimonde,768,warlock,affliction,18,8,10
Schlopp,zenedar,768,warlock,affliction,18,8,10
Rtsnmt,alakir,768,warlock,affliction,18,8,10
Bytethisx,aggra-português,768,warlock,affliction,18,8,10
Coilxo,ravencrest,768,warlock,affliction,24,8,16
Bandìtten,alakir,767,warlock,affliction,12,8,4
Kopfschmerz,twisting-nether,767,warlock,affliction,12,8,4
Arizyoxot,twisting-nether,767,warlock,affliction,12,8,4
Deathcoîl,the-maelstrom,767,warlock,affliction,12,8,4
Zefirer,ravencrest,767,warlock,affliction,12,8,4
Pistone,nemesis,767,warlock,affliction,12,8,4
Jinchi,outland,767,warlock,affliction,18,8,10
Кейкегенкай,gordunni,767,warlock,affliction,18,8,10
Desingerica,kazzak,767,warlock,affliction,21,9,12
Dreggsow,blackmoore,767,warlock,affliction,24,8,16
Berkobaggins,ravencrest,767,warlock,affliction,24,8,16
Bëllatrïx,zuljin,767,warlock,affliction,30,8,22
Kerway,outland,766,warlock,affliction,12,8,4
Azauriel,argent-dawn,766,warlock,affliction,12,8,4
Letor,sanguino,766,warlock,affliction,15,9,6
Jagerlock,doomhammer,766,warlock,affliction,18,8,10
Promethazine,nemesis,764,warlock,affliction,18,8,10
Diåbló,stormscale,764,warlock,affliction,24,8,16
Tzimice,hyjal,763,warlock,affliction,18,8,10
Matheus,zenedar,763,warlock,affliction,18,8,10
Samigina,argent-dawn,762,warlock,affliction,24,8,16
Дрын,gordunni,757,warlock,affliction,12,8,4
Squát,kazzak,750,warlock,affliction,18,8,10
Hunbeliever,ragnaros,746,warlock,affliction,12,8,4
Arlu,blackrock,736,warlock,affliction,24,9,15
Wiberglock,ravencrest,735,warlock,affliction,14,9,5
Satia,sylvanas,730,warlock,affliction,18,8,10
Hexxenschuss,thrall,728,warlock,affliction,49,8,41
Ogrez,nemesis,720,warlock,affliction,21,8,13
Diwi,area-52,720,warlock,affliction,102,35,67
Smaúg,archimonde,713,warlock,affliction,20,9,11
Grinchlock,nagrand,712,warlock,affliction,17,8,9
Identîty,ravencrest,698,warlock,affliction,22,8,14
Scheele,twisting-nether,698,warlock,affliction,26,8,18
Androxus,eredar,688,warlock,affliction,13,8,5
Askanios,twisting-nether,676,warlock,affliction,25,8,17
Carelock,chamber-of-aspects,672,warlock,affliction,9,8,1
Gnargamehl,nemesis,672,warlock,affliction,12,7,5
Yokujîn,twisting-nether,672,warlock,affliction,12,7,5
Abuzyaka,kazzak,672,warlock,affliction,12,7,5
Ryûsuke,dun-modr,672,warlock,affliction,12,7,5
Kimkold,twisting-nether,672,warlock,affliction,12,7,5
Turdy,sylvanas,672,warlock,affliction,12,7,5
Йоранс,gordunni,672,warlock,affliction,12,7,5
Mércé,stormscale,672,warlock,affliction,12,7,5
Ethanolix,burning-blade,672,warlock,affliction,12,7,5
Ilikebolts,blackmoore,672,warlock,affliction,12,7,5
Tanón,sanguino,672,warlock,affliction,18,7,11
Venaarus,antonidas,672,warlock,affliction,18,7,11
Amdownbad,kazzak,672,warlock,affliction,18,7,11
Mønarch,argent-dawn,672,warlock,affliction,18,7,11
Desimp,drakthul,672,warlock,affliction,18,7,11
Neg,sylvanas,672,warlock,affliction,24,7,17
Leahs,antonidas,671,warlock,affliction,12,7,5
Azalock,ragnaros,671,warlock,affliction,12,7,5
Äri,blackmoore,671,warlock,affliction,12,7,5
Opiumers,kazzak,671,warlock,affliction,13,7,6
Proctolock,garona,670,warlock,affliction,12,7,5
Lockgamerx,ravencrest,670,warlock,affliction,12,7,5
Eveline,onyxia,670,warlock,affliction,28,8,20
Алануэйк,deathguard,669,warlock,affliction,12,7,5
Zywarlock,silvermoon,669,warlock,affliction,18,7,11
Нэйрокризиз,howling-fjord,668,warlock,affliction,12,7,5
Greenlock,la-croisade-écarlate,668,warlock,affliction,12,7,5
Дольпико,howling-fjord,665,warlock,affliction,12,7,5
Seadoorxt,sanguino,661,warlock,affliction,18,7,11
Vinilio,kazzak,660,warlock,affliction,18,7,11
Smoulville,sanguino,655,warlock,affliction,17,7,10
Sallêy,blackhand,654,warlock,affliction,23,7,16
Affllction,auchindoun,639,warlock,affliction,23,7,16
Mvplock,magtheridon,624,warlock,affliction,15,7,8
Toryon,archimonde,623,warlock,affliction,22,7,15
Bäcck,silvermoon,607,warlock,affliction,17,7,10
Teemzen,tarren-mill,576,warlock,affliction,6,6,0
Hérrin,teldrassil,576,warlock,affliction,6,6,0
Feardotbye,stormscale,576,warlock,affliction,6,6,0
Debbskidjur,tarren-mill,576,warlock,affliction,6,6,0
Alcringe,kazzak,576,warlock,affliction,12,6,6
Boonzor,ravencrest,576,warlock,affliction,12,6,6
Xoram,kult-der-verdammten,576,warlock,affliction,12,6,6
Keybump,outland,576,warlock,affliction,12,6,6
Snackstickz,twisting-nether,576,warlock,affliction,12,6,6
Anderxyo,sanguino,576,warlock,affliction,12,6,6
Nineinchlock,silvermoon,576,warlock,affliction,12,6,6
Multibuyer,tarren-mill,576,warlock,affliction,12,6,6
Christoph,tichondrius,576,warlock,affliction,12,6,6
Hasla,stormreaver,576,warlock,affliction,12,6,6
Dimmybyrger,stormreaver,576,warlock,affliction,12,6,6
Nicker,antonidas,576,warlock,affliction,12,6,6
Juïcylucy,kazzak,576,warlock,affliction,12,6,6
Raevax,ravencrest,576,warlock,affliction,12,6,6
Векста,gordunni,576,warlock,affliction,12,6,6
Тьмазвёздная,gordunni,576,warlock,affliction,12,6,6
Aches,sylvanas,576,warlock,affliction,15,7,8
Louên,dun-modr,576,warlock,affliction,18,6,12
Kozhul,argent-dawn,575,warlock,affliction,12,6,6
Afflicted,trollbane,575,warlock,affliction,12,6,6
Impazzita,pozzo-delleternità,575,warlock,affliction,12,6,6
Solomohn,steamwheedle-cartel,575,warlock,affliction,12,6,6
Guccie,ravencrest,575,warlock,affliction,12,6,6
Брилс,grom,575,warlock,affliction,12,6,6
Raggnarlock,ravencrest,575,warlock,affliction,12,6,6
Dexterr,sylvanas,575,warlock,affliction,12,6,6
Talindra,stormscale,575,warlock,affliction,12,6,6
Midnigthh,sanguino,575,warlock,affliction,15,7,8
Аминадиаль,gordunni,575,warlock,affliction,18,6,12
Toskanoamani,blackmoore,575,warlock,affliction,18,6,12
Ooliver,kazzak,575,warlock,affliction,18,6,12
Труупыч,gordunni,575,warlock,affliction,24,6,18
Lulokko,nemesis,574,warlock,affliction,18,6,12
Consfearacy,executus,574,warlock,affliction,24,6,18
Kiégetlek,ragnaros,573,warlock,affliction,18,6,12
Lökjävel,twisting-nether,572,warlock,affliction,12,6,6
Цветника,deathguard,569,warlock,affliction,12,6,6
Akumako,stormscale,544,warlock,affliction,10,7,3
Saymore,ragnaros,522,warlock,affliction,13,7,6
Бриант,gordunni,512,warlock,affliction,22,6,16
Скверногрик,fordragon,511,warlock,affliction,10,6,4
Mjuklock,ravencrest,510,warlock,affliction,20,6,14
Jolette,hyjal,508,warlock,affliction,26,6,20
Theolteckoc,burning-blade,480,warlock,affliction,6,5,1
Kazyn,archimonde,480,warlock,affliction,6,5,1
Upsahl,twisting-nether,480,warlock,affliction,6,5,1
Ranchiëk,ravencrest,480,warlock,affliction,6,5,1
Lolock,archimonde,480,warlock,affliction,6,5,1
Uqrlock,twisting-nether,480,warlock,affliction,6,5,1
Drarken,sylvanas,480,warlock,affliction,6,5,1
Wäisted,ravencrest,480,warlock,affliction,6,5,1
Kwoleriker,norgannon,480,warlock,affliction,12,5,7
Chaozvx,kazzak,480,warlock,affliction,12,5,7
Enzyw,drakthul,480,warlock,affliction,12,5,7
Felrazer,silvermoon,480,warlock,affliction,12,5,7
Cyliinia,die-aldor,480,warlock,affliction,12,5,7
Negatiiv,outland,480,warlock,affliction,12,5,7
Báthori,ravencrest,480,warlock,affliction,12,5,7
Chaøsbølt,archimonde,480,warlock,affliction,12,5,7
Daubi,ravencrest,480,warlock,affliction,12,5,7
Exerji,twisting-nether,480,warlock,affliction,12,5,7
Kyiûu,archimonde,480,warlock,affliction,12,5,7
Druno,archimonde,480,warlock,affliction,12,5,7
Nozx,thrall,480,warlock,affliction,12,5,7
Dontlockonme,frostmane,480,warlock,affliction,12,5,7
Nybbx,frostmane,480,warlock,affliction,12,5,7
Ethiq,blackrock,480,warlock,affliction,12,5,7
Iatedora,ahnqiraj,480,warlock,affliction,12,5,7
Hyøsei,hyjal,480,warlock,affliction,12,5,7
Freshplanga,kazzak,480,warlock,affliction,16,6,10
Moredøts,blackrock,480,warlock,affliction,14,5,9
Dwoorf,ravencrest,480,warlock,affliction,14,5,9
Muninnus,archimonde,480,warlock,affliction,18,5,13
Lywov,stormscale,480,warlock,affliction,18,5,13
Buffmeplease,nagrand,480,warlock,affliction,18,5,13
Necroless,shadowsong,480,warlock,affliction,24,5,19
Wumz,sylvanas,480,warlock,affliction,24,5,19
Lókí,nagrand,479,warlock,affliction,6,5,1
Silås,hyjal,479,warlock,affliction,9,6,3
Trickyy,azjolnerub,479,warlock,affliction,12,5,7
Demonflickan,silvermoon,479,warlock,affliction,12,5,7
Dreamage,exodar,479,warlock,affliction,12,5,7
Jacobí,defias-brotherhood,479,warlock,affliction,12,5,7
Nozzos,zuluhed,479,warlock,affliction,24,5,19
Cedrea,ravencrest,479,warlock,affliction,30,5,25
Ezhjyr,anubarak,478,warlock,affliction,12,5,7
Lewdrumpslap,kazzak,478,warlock,affliction,15,6,9
Üserper,chamber-of-aspects,478,warlock,affliction,30,5,25
Guttate,chamber-of-aspects,476,warlock,affliction,12,5,7
Trusting,archimonde,472,warlock,affliction,12,5,7
Ketriicken,argent-dawn,447,warlock,affliction,14,6,8
Garbrandt,tarren-mill,432,warlock,affliction,9,6,3
Ackorax,kilrogg,426,warlock,affliction,13,6,7
Xjms,darksorrow,426,warlock,affliction,16,7,9
Covidbolt,outland,426,warlock,affliction,22,8,14
Danidelarge,blackmoore,426,warlock,affliction,21,6,15
Migyardondup,exodar,416,warlock,affliction,14,6,8
Lazyblue,hyjal,415,warlock,affliction,14,5,9
Amatet,sanguino,415,warlock,affliction,16,5,11
Хичхкок,gordunni,412,warlock,affliction,14,6,8
Ariyasuke,drakthul,399,warlock,affliction,7,5,2
Nøx,quelthalas,393,warlock,affliction,14,8,6
Искусность,soulflayer,384,warlock,affliction,6,4,2
Adotroz,magtheridon,384,warlock,affliction,6,4,2
Hopéléss,aggra-português,384,warlock,affliction,6,4,2
Hacknator,aegwynn,384,warlock,affliction,6,4,2
Uselèss,die-arguswacht,384,warlock,affliction,6,4,2
Фейкгодх,soulflayer,384,warlock,affliction,6,4,2
Datty,grim-batol,384,warlock,affliction,6,4,2
Вервлоекте,soulflayer,384,warlock,affliction,6,4,2
Zerøskil,blackrock,384,warlock,affliction,6,4,2
Lopari,aegwynn,384,warlock,affliction,6,4,2
Wizdoom,outland,384,warlock,affliction,6,4,2
Chickoz,eredar,384,warlock,affliction,6,4,2
Dotritos,tarren-mill,384,warlock,affliction,6,4,2
Talriun,kazzak,384,warlock,affliction,6,4,2
Turbonion,archimonde,384,warlock,affliction,6,4,2
Doompianist,ghostlands,384,warlock,affliction,6,4,2
Мглавечная,soulflayer,384,warlock,affliction,6,4,2
Justlock,tarren-mill,384,warlock,affliction,6,4,2
Tekrowdy,blackmoore,384,warlock,affliction,6,4,2
Dotboxdeluxe,blackmoore,384,warlock,affliction,6,4,2
Adipure,blackrock,384,warlock,affliction,6,4,2
Mooncrushed,stormscale,384,warlock,affliction,6,4,2
Discordîân,twisting-nether,384,warlock,affliction,6,4,2
Ralyz,archimonde,384,warlock,affliction,6,4,2
Sanshukar,ravencrest,384,warlock,affliction,6,4,2
Jujalari,stormscale,384,warlock,affliction,6,4,2
Whippet,nemesis,384,warlock,affliction,6,4,2
Aljonah,antonidas,384,warlock,affliction,6,4,2
Bubalock,kazzak,384,warlock,affliction,6,4,2
Kêkèkékêk,kazzak,384,warlock,affliction,6,4,2
Pablø,silvermoon,384,warlock,affliction,6,4,2
Dilox,draenor,384,warlock,affliction,6,4,2
Benafflockk,kirin-tor,384,warlock,affliction,6,4,2
Lockimon,silvermoon,384,warlock,affliction,6,4,2
Патокдрысни,howling-fjord,384,warlock,affliction,6,4,2
Rilette,dun-morogh,384,warlock,affliction,6,4,2
Noemia,defias-brotherhood,384,warlock,affliction,6,4,2
Humpers,kazzak,384,warlock,affliction,6,4,2
Dorilo,draenor,384,warlock,affliction,6,4,2
Djhanzó,outland,384,warlock,affliction,7,4,3
Psychoduck,stormscale,384,warlock,affliction,7,4,3
Shazes,blutkessel,384,warlock,affliction,12,4,8
Voidlocklol,magtheridon,384,warlock,affliction,12,4,8
Славеномен,howling-fjord,384,warlock,affliction,12,4,8
Fredé,kazzak,384,warlock,affliction,12,4,8
Náwwk,blackmoore,384,warlock,affliction,12,4,8
Eleriya,argent-dawn,384,warlock,affliction,12,4,8
Zoh,archimonde,384,warlock,affliction,12,4,8
Doomkicksin,haomarush,384,warlock,affliction,12,4,8
Сатенекс,soulflayer,384,warlock,affliction,12,4,8
Mortibal,dalvengyr,384,warlock,affliction,12,4,8
Малгат,howling-fjord,384,warlock,affliction,12,4,8
Cptdotalot,tarren-mill,384,warlock,affliction,12,4,8
Pause,ysondre,384,warlock,affliction,12,4,8
Силорий,howling-fjord,384,warlock,affliction,12,4,8
Zeddy,draenor,384,warlock,affliction,12,4,8
Thepureone,blades-edge,384,warlock,affliction,12,4,8
Xyzzy,silvermoon,384,warlock,affliction,12,4,8
Sanas,blackhand,384,warlock,affliction,18,4,14
Roedin,tarren-mill,384,warlock,affliction,18,4,14
Таракай,eversong,384,warlock,affliction,18,4,14
Nokzhul,blackrock,384,warlock,affliction,18,4,14
Purplemonkey,burning-blade,384,warlock,affliction,18,4,14
Джигуза,howling-fjord,383,warlock,affliction,6,4,2
Whisperswerd,blackrock,383,warlock,affliction,6,4,2
Freyjå,confrérie-du-thorium,383,warlock,affliction,19,7,12
Divvaa,tarren-mill,383,warlock,affliction,12,4,8
Saltybagel,draenor,383,warlock,affliction,12,4,8
Дарунг,greymane,383,warlock,affliction,12,4,8
Lünatix,archimonde,383,warlock,affliction,18,4,14
Сварожевич,galakrond,383,warlock,affliction,18,4,14
Аннирина,eversong,382,warlock,affliction,6,4,2
Lifesteal,auchindoun,382,warlock,affliction,12,4,8
Yenex,blackhand,367,warlock,affliction,17,4,13
Gonzoqt,tarren-mill,352,warlock,affliction,10,5,5
Dotyboi,tarren-mill,351,warlock,affliction,8,5,3
Disrupted,blackmoore,351,warlock,affliction,11,4,7
Fearu,kazzak,336,warlock,affliction,15,4,11
Imbasimba,sylvanas,335,warlock,affliction,11,4,7
Hellsplat,tarren-mill,330,warlock,affliction,14,6,8
Dráintráin,burning-blade,330,warlock,affliction,19,5,14
Marakh,stormscale,320,warlock,affliction,10,4,6
Zorlon,frostmane,319,warlock,affliction,5,4,1
Shalazar,dun-modr,319,warlock,affliction,8,4,4
Fabiov,nemesis,319,warlock,affliction,10,4,6
Tepelkwastje,twisting-nether,319,warlock,affliction,14,4,10
Mordonna,blades-edge,304,warlock,affliction,13,4,9
Nainbusdemil,dalaran,304,warlock,affliction,19,4,15
Dóni,chamber-of-aspects,297,warlock,affliction,17,5,12
Lubomirek,turalyon,288,warlock,affliction,8,4,4
Nachtreich,thrall,288,warlock,affliction,6,3,3
Madridistaß,outland,288,warlock,affliction,6,3,3
Zélroth,argent-dawn,288,warlock,affliction,6,3,3
Fîgøk,conseil-des-ombres,288,warlock,affliction,6,3,3
Maintarget,blackrock,288,warlock,affliction,6,3,3
Feyreah,blackmoore,288,warlock,affliction,6,3,3
Staynecro,malfurion,288,warlock,affliction,6,3,3
Felcamino,outland,288,warlock,affliction,6,3,3
Ulio,outland,288,warlock,affliction,6,3,3
Dubbzy,outland,288,warlock,affliction,6,3,3
Nayolana,argent-dawn,288,warlock,affliction,6,3,3
Tigna,outland,288,warlock,affliction,6,3,3
Джастсак,gordunni,288,warlock,affliction,6,3,3
Azmondan,ahnqiraj,288,warlock,affliction,6,3,3
Clonia,nemesis,288,warlock,affliction,6,3,3
Siyaa,eredar,288,warlock,affliction,6,3,3
Môzoc,frostwolf,288,warlock,affliction,6,3,3
Aniq,eredar,288,warlock,affliction,6,3,3
Veoxohr,argent-dawn,288,warlock,affliction,6,3,3
Sanium,outland,288,warlock,affliction,6,3,3
Zikkhejj,ragnaros,288,warlock,affliction,6,3,3
Фримех,soulflayer,288,warlock,affliction,6,3,3
Catcalling,die-nachtwache,288,warlock,affliction,6,3,3
Slavecry,silvermoon,288,warlock,affliction,6,3,3
Gigabolt,turalyon,288,warlock,affliction,6,3,3
Shirruun,the-maelstrom,288,warlock,affliction,6,3,3
Valthorion,arthas,288,warlock,affliction,6,3,3
Darksoll,hyjal,288,warlock,affliction,6,3,3
Шрэкс,blackscar,288,warlock,affliction,6,3,3
Darkgrave,the-maelstrom,288,warlock,affliction,6,3,3
Zagren,antonidas,288,warlock,affliction,6,3,3
Kalaslars,draenor,288,warlock,affliction,6,3,3
Kigro,burning-legion,288,warlock,affliction,6,3,3
Rawsauce,outland,288,warlock,affliction,6,3,3
Ðæthpäct,dalaran,288,warlock,affliction,6,3,3
Sazamia,ravencrest,288,warlock,affliction,6,3,3
Boltsnhoes,tarren-mill,288,warlock,affliction,6,3,3
Fercon,kazzak,288,warlock,affliction,6,3,3
Зуи,blackscar,288,warlock,affliction,6,3,3
Babayagâ,sanguino,288,warlock,affliction,6,3,3
Dxfive,tarren-mill,288,warlock,affliction,6,3,3
Anthh,doomhammer,288,warlock,affliction,6,3,3
Retrosatanas,archimonde,288,warlock,affliction,6,3,3
Демоник,deathguard,288,warlock,affliction,6,3,3
Moonpoxlock,nerathor,288,warlock,affliction,6,3,3
Absúrd,turalyon,288,warlock,affliction,6,3,3
Vigget,burning-legion,288,warlock,affliction,6,3,3
Imphugger,kazzak,288,warlock,affliction,6,3,3
Guciflipflop,twisting-nether,288,warlock,affliction,6,3,3
Favorizlmp,archimonde,288,warlock,affliction,6,3,3
Полтарашкаа,blackscar,288,warlock,affliction,6,3,3
Kurioula,twisting-nether,288,warlock,affliction,6,3,3
Hepheisto,blackmoore,288,warlock,affliction,6,3,3
Eldrinar,twisting-nether,288,warlock,affliction,6,3,3
Velënne,kirin-tor,288,warlock,affliction,6,3,3
Itsakikus,twisting-nether,288,warlock,affliction,6,3,3
Necksi,archimonde,288,warlock,affliction,6,3,3
Twisted,malganis,288,warlock,affliction,6,3,3
Kariusbaktus,stormscale,288,warlock,affliction,6,3,3
Trimar,archimonde,288,warlock,affliction,6,3,3
Pprwl,tarren-mill,288,warlock,affliction,6,3,3
Manikalinka,stormscale,288,warlock,affliction,6,3,3
Marenov,kazzak,288,warlock,affliction,6,3,3
Databricks,kazzak,288,warlock,affliction,6,3,3
Mïllâïneeqtx,archimonde,288,warlock,affliction,6,3,3
Conditions,tarren-mill,288,warlock,affliction,6,3,3
Ooze,kazzak,288,warlock,affliction,6,3,3
Димаварлок,gordunni,288,warlock,affliction,10,4,6
Bixik,ravencrest,288,warlock,affliction,8,3,5
Lifedriller,drakthul,288,warlock,affliction,10,3,7
Этожедру,howling-fjord,288,warlock,affliction,12,3,9
Zìì,silvermoon,288,warlock,affliction,12,3,9
Михасяпевпев,gordunni,288,warlock,affliction,12,3,9
Ymersai,stormscale,288,warlock,affliction,12,3,9
Tzeeñtch,tarren-mill,288,warlock,affliction,12,3,9
Vorcariel,argent-dawn,288,warlock,affliction,12,3,9
Kotihoitaja,stormreaver,288,warlock,affliction,12,3,9
Zdrac,stormscale,288,warlock,affliction,12,3,9
Hexovíc,blackmoore,288,warlock,affliction,18,3,15
Nedivh,stormscale,287,warlock,affliction,8,4,4
Kritcheq,alakir,287,warlock,affliction,6,3,3
Priszcilla,twisting-nether,287,warlock,affliction,6,3,3
Габиель,greymane,287,warlock,affliction,6,3,3
Divinehâmmer,hyjal,287,warlock,affliction,6,3,3
Tyranuzz,norgannon,287,warlock,affliction,12,3,9
Dotmasterz,outland,287,warlock,affliction,18,3,15
Killerbeez,burning-blade,287,warlock,affliction,18,3,15
Artèm,ysondre,287,warlock,affliction,18,3,15
Márinho,aggra-português,276,warlock,affliction,16,6,10
Cerberus,argent-dawn,271,warlock,affliction,11,3,8
Áéé,kazzak,255,warlock,affliction,8,4,4
Dotfearcom,blackrock,240,warlock,affliction,15,3,12
Murol,dalaran,239,warlock,affliction,11,3,8
Евнухоидизм,gordunni,234,warlock,affliction,11,4,7
Alarmlock,silvermoon,233,warlock,affliction,6,4,2
Snaga,culte-de-la-rive-noire,233,warlock,affliction,15,5,10
Nimmyjewtron,tarren-mill,224,warlock,affliction,10,3,7
Lockas,ravencrest,222,warlock,affliction,8,3,5
Pøx,nemesis,208,warlock,affliction,13,3,10
Скверножмых,gordunni,192,warlock,affliction,6,2,4
Gorakthul,drakthul,192,warlock,affliction,6,2,4
Bigbagelbob,archimonde,192,warlock,affliction,6,2,4
Numidia,tarren-mill,192,warlock,affliction,6,2,4
Myristica,die-todeskrallen,192,warlock,affliction,6,2,4
Potatowl,ravencrest,192,warlock,affliction,6,2,4
Supergeîl,blackrock,192,warlock,affliction,6,2,4
Endherkonk,sanguino,192,warlock,affliction,6,2,4
Marroux,malganis,192,warlock,affliction,6,2,4
Malgus,veknilash,192,warlock,affliction,6,2,4
Dotsfired,aegwynn,192,warlock,affliction,6,2,4
Shreklock,burning-blade,192,warlock,affliction,6,2,4
Recko,zuljin,192,warlock,affliction,6,2,4
Аидка,gordunni,192,warlock,affliction,6,2,4
Narstia,archimonde,192,warlock,affliction,6,2,4
Cafardcancer,archimonde,192,warlock,affliction,6,2,4
Dslap,grim-batol,192,warlock,affliction,6,2,4
Lakasytos,sanguino,192,warlock,affliction,6,2,4
Finea,sanguino,192,warlock,affliction,6,2,4
Хастла,ashenvale,192,warlock,affliction,6,2,4
Айнзуалгоун,gordunni,192,warlock,affliction,6,2,4
Healél,sanguino,192,warlock,affliction,6,2,4
Wildo,grim-batol,192,warlock,affliction,6,2,4
Seriasa,blackmoore,192,warlock,affliction,6,2,4
Born,ravencrest,192,warlock,affliction,6,2,4
Azerybedge,alexstrasza,192,warlock,affliction,6,2,4
Жериновсский,gordunni,192,warlock,affliction,6,2,4
Setharon,burning-legion,192,warlock,affliction,6,2,4
Hellcatherin,ghostlands,192,warlock,affliction,6,2,4
Trollóck,the-maelstrom,192,warlock,affliction,6,2,4
Millhaus,gorgonnash,192,warlock,affliction,6,2,4
Tørcal,hyjal,192,warlock,affliction,6,2,4
Маларгас,soulflayer,192,warlock,affliction,6,2,4
Бирел,soulflayer,192,warlock,affliction,6,2,4
Чернокнжник,soulflayer,192,warlock,affliction,6,2,4
Legend,trollbane,192,warlock,affliction,6,2,4
Therelda,sanguino,192,warlock,affliction,6,2,4
Дьяволоман,blackscar,192,warlock,affliction,6,2,4
Кериген,gordunni,192,warlock,affliction,6,2,4
Elvània,eredar,192,warlock,affliction,6,2,4
Morcey,sylvanas,192,warlock,affliction,6,2,4
Paintherapy,blackrock,192,warlock,affliction,6,2,4
Meisterhexe,taerar,192,warlock,affliction,6,2,4
Imatión,sylvanas,192,warlock,affliction,6,2,4
Ðankan,aegwynn,192,warlock,affliction,6,2,4
Wycked,azshara,192,warlock,affliction,6,2,4
Mafteryo,blackrock,192,warlock,affliction,6,2,4
Dedalus,zuluhed,192,warlock,affliction,6,2,4
Portyx,archimonde,192,warlock,affliction,6,2,4
Alxor,archimonde,192,warlock,affliction,6,2,4
Volomar,darkspear,192,warlock,affliction,6,2,4
Валак,greymane,192,warlock,affliction,6,2,4
Шадофлок,deathweaver,192,warlock,affliction,6,2,4
Шеизла,borean-tundra,192,warlock,affliction,6,2,4
Nuckki,antonidas,192,warlock,affliction,6,2,4
Jexa,silvermoon,192,warlock,affliction,6,2,4
Kastón,dun-modr,192,warlock,affliction,6,2,4
Lesgrossman,draenor,192,warlock,affliction,6,2,4
Âpâchî,twisting-nether,192,warlock,affliction,6,2,4
Bowhite,silvermoon,192,warlock,affliction,6,2,4
Ozax,doomhammer,192,warlock,affliction,6,2,4
Slurvefar,kazzak,192,warlock,affliction,6,2,4
Shore,ragnaros,192,warlock,affliction,6,2,4
Kortsoet,silvermoon,192,warlock,affliction,6,2,4
Pichwise,draenor,192,warlock,affliction,6,2,4
Dêmön,arathi,192,warlock,affliction,6,2,4
Onlylock,outland,192,warlock,affliction,6,2,4
Wutili,dun-morogh,192,warlock,affliction,6,2,4
Dmondmg,kazzak,192,warlock,affliction,6,2,4
Сатаната,deepholm,192,warlock,affliction,6,2,4
Lacruum,ragnaros,192,warlock,affliction,6,2,4
Cruello,ragnaros,192,warlock,affliction,6,2,4
Мамхаус,howling-fjord,192,warlock,affliction,6,2,4
Sotapen,ragnaros,192,warlock,affliction,6,2,4
Twistedfate,norgannon,192,warlock,affliction,6,2,4
Kivilock,dun-modr,192,warlock,affliction,6,2,4
Гумал,howling-fjord,192,warlock,affliction,6,2,4
Тарои,howling-fjord,192,warlock,affliction,6,2,4
Vellerian,twisting-nether,192,warlock,affliction,6,2,4
Vibori,twisting-nether,192,warlock,affliction,6,2,4
Razkann,confrérie-du-thorium,192,warlock,affliction,6,2,4
Soundmagic,silvermoon,192,warlock,affliction,6,2,4
ßatocko,kazzak,192,warlock,affliction,6,2,4
Zartax,kazzak,192,warlock,affliction,6,2,4
Армдэд,galakrond,192,warlock,affliction,6,2,4
Hexus,teldrassil,192,warlock,affliction,6,2,4
Ruvy,twisting-nether,192,warlock,affliction,6,2,4
Norgebrur,draenor,192,warlock,affliction,6,2,4
Absurdity,twisting-nether,192,warlock,affliction,6,2,4
Dréadful,kazzak,192,warlock,affliction,6,2,4
Makuss,turalyon,192,warlock,affliction,6,2,4
Tokarrus,blackmoore,192,warlock,affliction,6,2,4
Tattered,draenor,192,warlock,affliction,6,2,4
Flockyy,draenor,192,warlock,affliction,6,2,4
Vhordrai,kazzak,192,warlock,affliction,6,2,4
Désolaté,kazzak,192,warlock,affliction,6,2,4
Necrolon,senjin,192,warlock,affliction,6,2,4
Adafbhf,tichondrius,192,warlock,affliction,8,2,6
Lockbitch,archimonde,192,warlock,affliction,8,2,6
Nùdex,ravencrest,192,warlock,affliction,12,2,10
Баммес,galakrond,192,warlock,affliction,12,2,10
Dupony,antonidas,192,warlock,affliction,12,2,10
Müsli,kiljaeden,192,warlock,affliction,12,2,10
Djadizpunish,stormscale,192,warlock,affliction,12,2,10
Wizesson,shadowsong,192,warlock,affliction,12,2,10
Рыжевласочка,eversong,192,warlock,affliction,12,2,10
Drdotalot,twisting-nether,192,warlock,affliction,12,2,10
Attributivum,blackhand,191,warlock,affliction,6,2,4
Ribtic,draenor,191,warlock,affliction,6,2,4
Trinxs,blackmoore,191,warlock,affliction,12,2,10
Bildimar,drekthar,190,warlock,affliction,6,4,2
Ryurans,cthun,159,warlock,affliction,5,2,3
Overbuffed,wildhammer,159,warlock,affliction,5,2,3
Аоепампгодх,howling-fjord,159,warlock,affliction,11,2,9
Nürgle,stormscale,138,warlock,affliction,8,3,5
Malariaa,defias-brotherhood,128,warlock,affliction,4,2,2
Paveru,tarren-mill,128,warlock,affliction,4,2,2
Hokoreuw,echsenkessel,112,warlock,affliction,7,2,5
Mergon,ravencrest,96,warlock,affliction,3,2,1
Infernó,aerie-peak,96,warlock,affliction,3,2,1
Lamagieduzub,ysondre,96,warlock,affliction,3,2,1
Werzel,frostmane,96,warlock,affliction,6,1,5
Hhip,sanguino,96,warlock,affliction,6,1,5
Doturanal,blackmoore,96,warlock,affliction,6,1,5
Plaguee,outland,96,warlock,affliction,6,1,5
Inagony,twisting-nether,96,warlock,affliction,6,1,5
Kalifh,kazzak,96,warlock,affliction,6,1,5
Blackwizard,theradras,96,warlock,affliction,6,1,5
Ðemise,antonidas,96,warlock,affliction,6,1,5
Mîjagî,blackhand,96,warlock,affliction,6,1,5
Fearco,ravencrest,96,warlock,affliction,6,1,5
Mobiq,twisting-nether,96,warlock,affliction,6,1,5
Чернаяскала,howling-fjord,96,warlock,affliction,6,1,5
Warlockkey,ravencrest,96,warlock,affliction,6,1,5
Бигсмоук,howling-fjord,96,warlock,affliction,6,1,5
Scud,frostwolf,96,warlock,affliction,6,1,5
Goefaz,blackrock,96,warlock,affliction,6,1,5
Усубени,greymane,96,warlock,affliction,6,1,5
Belial,minahonda,96,warlock,affliction,6,1,5
Gemja,onyxia,96,warlock,affliction,6,1,5
Merelock,eonar,96,warlock,affliction,6,1,5
Noahh,kazzak,96,warlock,affliction,6,1,5
Händerå,ragnaros,96,warlock,affliction,6,1,5
Irwene,argent-dawn,96,warlock,affliction,6,1,5
Shadeshanox,blackmoore,96,warlock,affliction,6,1,5
Pidlwick,turalyon,96,warlock,affliction,6,1,5
Branduir,ragnaros,96,warlock,affliction,6,1,5
Oralnatqga,draenor,96,warlock,affliction,6,1,5
Berthi,doomhammer,96,warlock,affliction,6,1,5
Fearrari,ragnaros,96,warlock,affliction,6,1,5
Veridy,kazzak,96,warlock,affliction,6,1,5
Kiritsugi,aszune,96,warlock,affliction,6,1,5
Numlockz,jaedenar,96,warlock,affliction,6,1,5
Pederlock,defias-brotherhood,96,warlock,affliction,6,1,5
Mirrorz,kazzak,96,warlock,affliction,6,1,5
Shblakk,outland,96,warlock,affliction,6,1,5
Zozano,draenor,96,warlock,affliction,6,1,5
Fêâr,dun-modr,96,warlock,affliction,6,1,5
Nevergladtra,darksorrow,96,warlock,affliction,6,1,5
Kretuss,silvermoon,96,warlock,affliction,6,1,5
Вандаллизмэ,blackscar,96,warlock,affliction,6,1,5
Opprimo,blackmoore,96,warlock,affliction,6,1,5
Ottu,thrall,96,warlock,affliction,6,1,5
Feyras,turalyon,96,warlock,affliction,6,1,5
Grimzeh,silvermoon,96,warlock,affliction,6,1,5
Eltharis,burning-legion,96,warlock,affliction,6,1,5
Zxò,twisting-nether,96,warlock,affliction,8,1,7
Adøume,ysondre,96,warlock,affliction,15,1,14
Guldauni,tarren-mill,96,warlock,affliction,18,1,17
Dotex,zuljin,84,warlock,affliction,12,4,8
Warlockholms,archimonde,79,warlock,affliction,5,1,4
Natpoesje,azjolnerub,64,warlock,affliction,4,1,3
Poulebar,ysondre,64,warlock,affliction,4,1,3
Araqt,thrall,48,warlock,affliction,3,1,2
Petrosk,sanguino,42,warlock,affliction,6,2,4
Yhazel,archimonde,42,warlock,affliction,7,2,5
Omegachad,draenor,31,warlock,affliction,2,1,1
Hamex,draenor,16,warlock,affliction,1,1,0
Vitezandro,stormscale,2288,warrior,fury,84,59,25
Wodwod,kazzak,2250,warrior,fury,84,62,22
Høvdingen,outland,2244,warrior,fury,96,62,34
Dyingdogs,kazzak,2232,warrior,fury,96,52,44
Dõxlol,kazzak,2224,warrior,fury,108,64,44
Dõxqt,kazzak,2215,warrior,fury,116,70,46
Schultze,kazzak,2164,warrior,fury,250,125,125
Krônm,dun-modr,2153,warrior,fury,71,47,24
Gewyon,ragnaros,2140,warrior,fury,147,84,63
Syltetballe,kazzak,2136,warrior,fury,120,72,48
Blîxtgordon,tarren-mill,2131,warrior,fury,84,49,35
Thezug,blackmoore,2131,warrior,fury,132,73,59
Gottdustin,lothar,2124,warrior,fury,143,78,65
Eidzo,tarren-mill,2121,warrior,fury,119,73,46
Орвинг,soulflayer,2116,warrior,fury,117,70,47
Corvínus,blackrock,2106,warrior,fury,176,95,81
Богвойны,razuvious,2104,warrior,fury,132,77,55
Nodrip,stormscale,2102,warrior,fury,168,101,67
Quanny,die-aldor,2102,warrior,fury,114,67,47
Níghtfúry,ravencrest,2102,warrior,fury,84,43,41
Joeférnandes,ragnaros,2091,warrior,fury,138,71,67
Maxwall,twisting-nether,2086,warrior,fury,442,221,221
Релайк,gordunni,2079,warrior,fury,90,51,39
Sockerbagarn,zenedar,2077,warrior,fury,208,112,96
Dyingdog,kazzak,2075,warrior,fury,125,63,62
Sublex,aegwynn,2068,warrior,fury,102,65,37
Kwesta,kazzak,2043,warrior,fury,78,48,30
Tanja,bronzebeard,2036,warrior,fury,72,45,27
Кавайтити,blackscar,2032,warrior,fury,103,50,53
Elsensør,thrall,2016,warrior,fury,189,96,93
Hangart,argent-dawn,2012,warrior,fury,137,73,64
Ironbound,silvermoon,2002,warrior,fury,78,45,33
Sublex,blackrock,1996,warrior,fury,87,49,38
Hawkman,outland,1995,warrior,fury,74,37,37
Vykoz,sylvanas,1994,warrior,fury,78,47,31
Plackø,draenor,1992,warrior,fury,263,142,121
Dwarfsteel,stormscale,1985,warrior,fury,54,31,23
Insanedmg,dun-modr,1985,warrior,fury,132,69,63
Sporctaco,nemesis,1983,warrior,fury,160,87,73
Дахирарг,fordragon,1978,warrior,fury,192,101,91
Robycoleman,nemesis,1978,warrior,fury,451,236,215
Apacolata,outland,1977,warrior,fury,72,41,31
Stephabibi,kazzak,1975,warrior,fury,285,147,138
Elsensor,sylvanas,1974,warrior,fury,107,49,58
Kenryu,argent-dawn,1969,warrior,fury,78,43,35
Dreasus,ragnaros,1965,warrior,fury,130,72,58
Grulbash,stormscale,1961,warrior,fury,60,32,28
Мигнт,howling-fjord,1961,warrior,fury,84,42,42
Yawalad,stormscale,1960,warrior,fury,102,54,48
Wruxar,bronzebeard,1955,warrior,fury,72,37,35
Morbaac,archimonde,1954,warrior,fury,89,53,36
Linzao,archimonde,1949,warrior,fury,90,50,40
Gregorez,silvermoon,1942,warrior,fury,156,84,72
Beasterbunny,outland,1936,warrior,fury,163,95,68
Schlauberg,azshara,1936,warrior,fury,167,92,75
Picciocino,nemesis,1936,warrior,fury,197,105,92
Yaler,alakir,1934,warrior,fury,107,61,46
Kragrâu,kazzak,1933,warrior,fury,89,51,38
Kronmw,dun-modr,1931,warrior,fury,48,27,21
Zidbi,argent-dawn,1930,warrior,fury,291,154,137
Pòóòóòóòópz,dun-modr,1928,warrior,fury,53,32,21
Uretirips,archimonde,1917,warrior,fury,210,115,95
Shinychan,silvermoon,1913,warrior,fury,48,30,18
Ðunhammer,blackmoore,1913,warrior,fury,150,78,72
Zyalen,stormscale,1911,warrior,fury,143,75,68
Cesr,bloodhoof,1908,warrior,fury,156,88,68
Faraam,sunstrider,1902,warrior,fury,63,31,32
Трэйдар,blackscar,1895,warrior,fury,54,31,23
Risara,outland,1888,warrior,fury,73,47,26
Kiha,argent-dawn,1887,warrior,fury,60,35,25
Palmexwar,drakthul,1885,warrior,fury,66,36,30
Dronikos,ravencrest,1878,warrior,fury,60,39,21
Stansmash,kazzak,1878,warrior,fury,54,32,22
Варплеер,gordunni,1875,warrior,fury,76,39,37
Pivcuga,kazzak,1871,warrior,fury,86,51,35
Mitu,sanguino,1871,warrior,fury,87,51,36
Moldamis,blackhand,1871,warrior,fury,48,24,24
Tooski,sylvanas,1869,warrior,fury,119,64,55
Sonnylolxd,dun-modr,1868,warrior,fury,89,43,46
Warrez,azuremyst,1867,warrior,fury,269,148,121
Ibunnyone,blackrock,1866,warrior,fury,98,49,49
Pflanzling,nozdormu,1865,warrior,fury,214,106,108
Budgetassa,stormscale,1864,warrior,fury,54,30,24
Rocketx,blackrock,1864,warrior,fury,67,37,30
Vulcán,aerie-peak,1863,warrior,fury,73,40,33
Émalkay,tarren-mill,1863,warrior,fury,48,26,22
Letiis,blackrock,1859,warrior,fury,207,110,97
Løktær,ravencrest,1859,warrior,fury,108,55,53
Bloodhorn,blackhand,1857,warrior,fury,54,36,18
Nitojutsu,blackrock,1856,warrior,fury,54,30,24
Heartmemphis,stormscale,1850,warrior,fury,46,28,18
Manaskhan,tarren-mill,1850,warrior,fury,65,36,29
Morganãrogán,ragnaros,1850,warrior,fury,42,23,19
Boos,burning-legion,1849,warrior,fury,54,32,22
Jésusiskíng,amanthul,1848,warrior,fury,73,41,32
Kocmochka,tarren-mill,1848,warrior,fury,117,62,55
Нерморрог,howling-fjord,1847,warrior,fury,54,39,15
Kennyföx,ysondre,1846,warrior,fury,29,20,9
Ørìgíñälgøðx,archimonde,1845,warrior,fury,54,32,22
Käïzën,dun-modr,1844,warrior,fury,53,33,20
Ranyl,blackmoore,1844,warrior,fury,65,31,34
Shhimbanned,doomhammer,1843,warrior,fury,72,42,30
Oneoneseven,archimonde,1841,warrior,fury,78,49,29
Gatts,krasus,1841,warrior,fury,150,85,65
Luxurious,argent-dawn,1841,warrior,fury,108,61,47
Vegansmasher,stormscale,1839,warrior,fury,42,24,18
Yserá,auchindoun,1839,warrior,fury,76,36,40
Джакир,howling-fjord,1838,warrior,fury,109,60,49
Propanex,kazzak,1837,warrior,fury,84,52,32
Strife,ravencrest,1836,warrior,fury,47,31,16
Àlexander,ravencrest,1836,warrior,fury,40,21,19
Lair,zuljin,1835,warrior,fury,106,67,39
Sonnyzz,sanguino,1835,warrior,fury,89,48,41
Elian,ragnaros,1835,warrior,fury,72,36,36
Wøðhërõhâhåh,kazzak,1834,warrior,fury,39,22,17
Méido,argent-dawn,1833,warrior,fury,325,172,153
Frozenliøn,twisting-nether,1831,warrior,fury,77,46,31
Thundersword,sylvanas,1830,warrior,fury,116,65,51
Caméltoe,frostwolf,1829,warrior,fury,123,73,50
Arthoc,sanguino,1828,warrior,fury,123,68,55
Anakhas,archimonde,1828,warrior,fury,60,30,30
Durif,argent-dawn,1827,warrior,fury,48,35,13
Ufu,outland,1827,warrior,fury,42,26,16
Imolderthenu,blackrock,1825,warrior,fury,166,91,75
Рэйлет,gordunni,1825,warrior,fury,60,32,28
Gozgu,stormscale,1824,warrior,fury,44,28,16
Dreams,auchindoun,1824,warrior,fury,66,36,30
Xark,drakthul,1824,warrior,fury,90,49,41
Deatheart,ysondre,1824,warrior,fury,76,41,35
Анжинерх,gordunni,1822,warrior,fury,120,65,55
Kibb,sylvanas,1820,warrior,fury,104,64,40
Kûno,stormscale,1820,warrior,fury,96,55,41
Grimlok,sylvanas,1820,warrior,fury,71,36,35
Bleaja,tarren-mill,1819,warrior,fury,54,37,17
Gladius,blutkessel,1819,warrior,fury,156,80,76
Jaý,draenor,1818,warrior,fury,74,42,32
Протектор,soulflayer,1818,warrior,fury,196,102,94
Тиран,howling-fjord,1817,warrior,fury,48,27,21
Bráïnléss,silvermoon,1816,warrior,fury,135,79,56
Spartaz,eredar,1816,warrior,fury,65,38,27
Pouckette,hyjal,1816,warrior,fury,126,70,56
Gigatscheb,eredar,1815,warrior,fury,149,82,67
Adian,ravencrest,1813,warrior,fury,42,26,16
Злопиканка,gordunni,1813,warrior,fury,109,55,54
Badon,burning-legion,1812,warrior,fury,60,39,21
Suduri,drakthul,1812,warrior,fury,42,26,16
Боссберс,soulflayer,1812,warrior,fury,138,80,58
Zednos,twilights-hammer,1812,warrior,fury,184,102,82
Дарккардинал,deathguard,1812,warrior,fury,127,67,60
Ymaa,argent-dawn,1811,warrior,fury,30,19,11
Xzwarr,silvermoon,1810,warrior,fury,38,21,17
Raïgã,hyjal,1810,warrior,fury,149,75,74
Троммтар,howling-fjord,1810,warrior,fury,71,35,36
Lilshockwave,argent-dawn,1809,warrior,fury,60,42,18
Cuzyxtwo,blackrock,1809,warrior,fury,60,35,25
Irontouch,draenor,1809,warrior,fury,117,66,51
Гринфинч,galakrond,1809,warrior,fury,227,122,105
Warzzor,auchindoun,1808,warrior,fury,36,19,17
Clellin,silvermoon,1807,warrior,fury,139,80,59
Leelazero,argent-dawn,1807,warrior,fury,78,44,34
Ragepath,ragnaros,1807,warrior,fury,72,39,33
Nerfrend,stormscale,1807,warrior,fury,54,26,28
Späns,ragnaros,1807,warrior,fury,71,34,37
Rhynot,argent-dawn,1806,warrior,fury,60,41,19
Владикчардж,gordunni,1805,warrior,fury,166,94,72
Çon,ravencrest,1805,warrior,fury,198,107,91
Licious,outland,1804,warrior,fury,30,19,11
Kizzyo,draenor,1804,warrior,fury,96,51,45
Oogaboogadps,silvermoon,1803,warrior,fury,249,134,115
Ampw,ravencrest,1802,warrior,fury,78,48,30
Solaje,dun-modr,1802,warrior,fury,54,33,21
Nóvamh,draenor,1802,warrior,fury,42,24,18
Capitalista,das-konsortium,1802,warrior,fury,125,68,57
Hanìbal,ravencrest,1802,warrior,fury,255,135,120
Violentfunky,ravencrest,1801,warrior,fury,108,56,52
Discoklaus,blackmoore,1801,warrior,fury,415,214,201
Timewarrior,ravencrest,1799,warrior,fury,90,46,44
Warrzor,auchindoun,1797,warrior,fury,54,27,27
Дестингл,gordunni,1793,warrior,fury,117,63,54
Picklejuicer,argent-dawn,1791,warrior,fury,48,25,23
Xåb,dun-morogh,1790,warrior,fury,134,68,66
Wabisabì,silvermoon,1789,warrior,fury,117,67,50
Basiletha,hyjal,1788,warrior,fury,41,20,21
Хенгард,gordunni,1785,warrior,fury,90,52,38
Брокскрим,soulflayer,1783,warrior,fury,36,24,12
Eekz,haomarush,1778,warrior,fury,110,65,45
Фктп,blackscar,1778,warrior,fury,54,29,25
Imorphius,silvermoon,1774,warrior,fury,190,105,85
Tóffèl,thrall,1773,warrior,fury,48,32,16
Crîxús,silvermoon,1773,warrior,fury,42,27,15
Ryonâgai,aegwynn,1773,warrior,fury,54,30,24
Jeco,tarren-mill,1773,warrior,fury,101,54,47
Castlevania,ravencrest,1773,warrior,fury,103,52,51
Ulrid,draenor,1772,warrior,fury,42,22,20
Aléxsandra,ravencrest,1771,warrior,fury,36,21,15
Atrôcithy,silvermoon,1766,warrior,fury,58,36,22
Shadokaa,stormscale,1765,warrior,fury,179,98,81
Gôrilla,kazzak,1764,warrior,fury,44,25,19
Geez,burning-blade,1761,warrior,fury,54,28,26
Fatmikez,aggra-português,1759,warrior,fury,53,35,18
Tizh,twisting-nether,1758,warrior,fury,74,55,19
Nobodyx,tarren-mill,1757,warrior,fury,144,86,58
Emune,blackhand,1755,warrior,fury,69,39,30
Rofos,hellscream,1754,warrior,fury,132,74,58
Грамол,soulflayer,1752,warrior,fury,120,64,56
Studzianki,argent-dawn,1750,warrior,fury,41,26,15
Drittsekken,sylvanas,1750,warrior,fury,30,19,11
Sumis,stormreaver,1749,warrior,fury,54,20,34
Wismerx,kazzak,1748,warrior,fury,59,35,24
Zadirich,burning-blade,1748,warrior,fury,96,49,47
Taurenboii,ravencrest,1747,warrior,fury,37,22,15
Rãzmø,hyjal,1746,warrior,fury,96,51,45
Osha,hyjal,1746,warrior,fury,449,229,220
Кофесмолоком,ashenvale,1746,warrior,fury,48,24,24
Hasmocaru,silvermoon,1744,warrior,fury,48,29,19
Blázedblack,twisting-nether,1742,warrior,fury,78,52,26
Miquellá,die-aldor,1742,warrior,fury,49,27,22
Дралк,gordunni,1739,warrior,fury,136,73,63
Котаче,soulflayer,1739,warrior,fury,166,87,79
Galous,burning-blade,1738,warrior,fury,96,56,40
Emix,arygos,1738,warrior,fury,96,51,45
Hasbullá,kazzak,1737,warrior,fury,72,39,33
Tidarius,twisting-nether,1735,warrior,fury,54,27,27
Helleon,twisting-nether,1734,warrior,fury,48,26,22
Köftemecx,blackrock,1732,warrior,fury,217,124,93
Pizdatos,ravencrest,1732,warrior,fury,90,51,39
Borndet,eredar,1732,warrior,fury,159,89,70
Dreadoran,voljin,1732,warrior,fury,102,53,49
Sagethi,blackrock,1732,warrior,fury,86,42,44
Brbtoilet,kazzak,1731,warrior,fury,84,48,36
Goorila,kazzak,1731,warrior,fury,90,46,44
Chaosedge,terokkar,1729,warrior,fury,124,69,55
Eddíemòrphin,kazzak,1728,warrior,fury,58,34,24
Ёнморт,gordunni,1728,warrior,fury,48,27,21
Oldcockball,argent-dawn,1728,warrior,fury,114,64,50
Jetman,ravencrest,1727,warrior,fury,101,53,48
Luigistar,naxxramas,1727,warrior,fury,178,90,88
Juna,hellscream,1726,warrior,fury,91,47,44
Inconcussae,drakthul,1725,warrior,fury,59,39,20
Ffected,blackmoore,1725,warrior,fury,131,80,51
Даймонддогс,gordunni,1725,warrior,fury,64,36,28
Toptier,drakthul,1722,warrior,fury,83,48,35
Harbee,stormscale,1722,warrior,fury,230,129,101
Tpyñåöädxzd,the-maelstrom,1721,warrior,fury,35,21,14
Balltas,drakthul,1721,warrior,fury,102,52,50
Ciuez,tarren-mill,1719,warrior,fury,60,35,25
Ðènlos,destromath,1718,warrior,fury,156,83,73
Emcix,aszune,1718,warrior,fury,72,38,34
Варынеопэ,gordunni,1717,warrior,fury,65,35,30
Wardruine,dun-modr,1716,warrior,fury,48,29,19
Футжисубо,razuvious,1716,warrior,fury,192,96,96
Ironmásk,tarren-mill,1716,warrior,fury,42,21,21
Rïmxøxø,haomarush,1715,warrior,fury,60,36,24
Djpuggerino,outland,1715,warrior,fury,74,43,31
Yousainsbolt,blackrock,1715,warrior,fury,86,49,37
Bufdefstance,kazzak,1714,warrior,fury,50,26,24
Silq,zuljin,1713,warrior,fury,36,18,18
Dödgrävarn,stormscale,1711,warrior,fury,136,75,61
Lyrv,ravencrest,1708,warrior,fury,48,27,21
Легендор,howling-fjord,1705,warrior,fury,36,24,12
Níká,bronzebeard,1705,warrior,fury,115,63,52
Soakmybeet,archimonde,1705,warrior,fury,82,42,40
Xzurgster,twisting-nether,1705,warrior,fury,124,61,63
Athoc,dun-modr,1703,warrior,fury,36,26,10
Agoobagoo,alakir,1702,warrior,fury,53,38,15
Crandalius,kazzak,1702,warrior,fury,76,36,40
Dangeruos,ragnaros,1700,warrior,fury,42,24,18
Agrias,burning-legion,1698,warrior,fury,166,87,79
Bigbugatti,draenor,1698,warrior,fury,71,32,39
Тьмасвятая,gordunni,1698,warrior,fury,120,53,67
Daymio,twisting-nether,1697,warrior,fury,59,31,28
Raynhorn,silvermoon,1695,warrior,fury,54,30,24
Honzakesl,drakthul,1693,warrior,fury,93,51,42
Margon,aegwynn,1692,warrior,fury,48,29,19
Madaxe,kazzak,1691,warrior,fury,64,37,27
Biturboo,blackrock,1690,warrior,fury,132,63,69
Васяжелезо,gordunni,1689,warrior,fury,48,26,22
Svënja,ysondre,1689,warrior,fury,168,90,78
Âshnâzgðûr,burning-blade,1688,warrior,fury,123,57,66
Ragnaraya,chamber-of-aspects,1688,warrior,fury,108,50,58
Aramý,argent-dawn,1684,warrior,fury,29,21,8
Måydåy,twisting-nether,1684,warrior,fury,54,29,25
Iagô,argent-dawn,1682,warrior,fury,285,148,137
Рыгатрон,galakrond,1682,warrior,fury,66,32,34
Mävïs,ravencrest,1681,warrior,fury,42,27,15
Deadyet,mugthol,1681,warrior,fury,36,23,13
Хуфхорнс,soulflayer,1681,warrior,fury,99,49,50
Êssâ,stormscale,1679,warrior,fury,42,21,21
Xgs,archimonde,1678,warrior,fury,71,41,30
Galenthor,ravencrest,1678,warrior,fury,42,24,18
Дейдулус,soulflayer,1678,warrior,fury,54,29,25
Sorkk,kazzak,1677,warrior,fury,44,27,17
Байсал,gordunni,1677,warrior,fury,127,68,59
Averenx,frostwolf,1675,warrior,fury,117,61,56
Poggsaron,kazzak,1674,warrior,fury,147,75,72
Даркслеерх,howling-fjord,1674,warrior,fury,36,18,18
Tåÿ,stormscale,1672,warrior,fury,36,22,14
Dontrundie,kazzak,1672,warrior,fury,42,23,19
Ананаслорд,blackscar,1667,warrior,fury,42,28,14
Суицидгодх,howling-fjord,1667,warrior,fury,60,29,31
Alpairx,aegwynn,1667,warrior,fury,107,47,60
Walexmaryk,ragnaros,1666,warrior,fury,161,87,74
Telrion,silvermoon,1666,warrior,fury,48,24,24
Даювзадницу,soulflayer,1665,warrior,fury,36,22,14
Элинглир,gordunni,1665,warrior,fury,111,59,52
Каосвар,howling-fjord,1664,warrior,fury,36,22,14
Hardlokers,silvermoon,1664,warrior,fury,48,29,19
Aleextrasza,silvermoon,1664,warrior,fury,43,24,19
Berré,ragnaros,1663,warrior,fury,78,43,35
Фомори,howling-fjord,1662,warrior,fury,42,25,17
Берззлой,gordunni,1661,warrior,fury,52,30,22
Yodabär,blackmoore,1661,warrior,fury,132,67,65
Mazzkze,silvermoon,1661,warrior,fury,99,48,51
Suichôken,archimonde,1660,warrior,fury,54,28,26
Fullztrap,hyjal,1657,warrior,fury,24,19,5
Jengaa,draenor,1657,warrior,fury,30,21,9
Alexdgreat,tarren-mill,1657,warrior,fury,44,28,16
Магрейн,grom,1657,warrior,fury,358,185,173
Ðênnis,ravencrest,1657,warrior,fury,38,18,20
Táÿ,stormscale,1656,warrior,fury,36,22,14
Slaycon,sanguino,1656,warrior,fury,87,37,50
Xendyo,frostmourne,1655,warrior,fury,83,51,32
Hirurg,thrall,1654,warrior,fury,40,22,18
Kwedrowar,burning-legion,1654,warrior,fury,223,115,108
Bözzy,stormreaver,1653,warrior,fury,392,203,189
Очепенец,soulflayer,1653,warrior,fury,189,97,92
Jokkul,tarren-mill,1652,warrior,fury,36,24,12
Broley,blackhand,1652,warrior,fury,118,65,53
Роудс,soulflayer,1652,warrior,fury,42,22,20
Koljach,sylvanas,1652,warrior,fury,210,109,101
Connorzw,blackmoore,1650,warrior,fury,24,18,6
Cøbain,eredar,1650,warrior,fury,36,20,16
Noproblem,ragnaros,1650,warrior,fury,65,34,31
Uwuwarrior,alleria,1647,warrior,fury,234,124,110
Темнозорь,ashenvale,1647,warrior,fury,101,52,49
Creativenot,outland,1646,warrior,fury,46,27,19
Radamantys,drakthul,1646,warrior,fury,93,51,42
Grâkul,twisting-nether,1646,warrior,fury,444,230,214
Andzone,alakir,1646,warrior,fury,49,23,26
Кокдиллак,soulflayer,1645,warrior,fury,36,23,13
Zerberos,drakthul,1645,warrior,fury,131,69,62
Phalekxox,twisting-nether,1644,warrior,fury,39,22,17
Spørctacø,nemesis,1643,warrior,fury,30,18,12
Zionto,draenor,1643,warrior,fury,211,99,112
Raoh,archimonde,1642,warrior,fury,54,38,16
Monnee,silvermoon,1642,warrior,fury,54,35,19
Артен,ashenvale,1642,warrior,fury,68,37,31
Waegon,twisting-nether,1641,warrior,fury,43,25,18
Чиллх,gordunni,1641,warrior,fury,151,84,67
Lepetitwar,hyjal,1641,warrior,fury,124,63,61
Duarel,blackmoore,1640,warrior,fury,41,25,16
Usz,thunderhorn,1639,warrior,fury,114,74,40
Niklaüs,ysondre,1639,warrior,fury,88,48,40
Станазалол,blackscar,1637,warrior,fury,139,71,68
Wgdx,ravencrest,1637,warrior,fury,104,50,54
Ranmaru,kazzak,1637,warrior,fury,121,57,64
Rectangle,blackrock,1636,warrior,fury,46,28,18
Большеярости,blackscar,1636,warrior,fury,35,19,16
Summerkarma,wildhammer,1636,warrior,fury,137,74,63
Tweran,drakthul,1636,warrior,fury,47,23,24
Vÿnk,ysondre,1634,warrior,fury,219,114,105
Bastquirage,dalaran,1633,warrior,fury,42,24,18
Bravestarrz,ungoro,1633,warrior,fury,164,87,77
Prixor,grim-batol,1633,warrior,fury,48,22,26
Stronkmon,silvermoon,1632,warrior,fury,48,26,22
Кладбошаа,gordunni,1632,warrior,fury,133,66,67
Mulfwarrior,darksorrow,1631,warrior,fury,51,29,22
Megabrux,colinas-pardas,1631,warrior,fury,36,18,18
Susugar,ysondre,1631,warrior,fury,84,41,43
Ifir,hyjal,1631,warrior,fury,94,45,49
Лимпс,gordunni,1630,warrior,fury,24,17,7
Orkboii,ravencrest,1630,warrior,fury,42,23,19
Kût,les-sentinelles,1629,warrior,fury,48,29,19
Krigarjag,kazzak,1629,warrior,fury,101,60,41
Goomby,argent-dawn,1629,warrior,fury,77,39,38
Littlebugger,ravencrest,1629,warrior,fury,72,35,37
Sanngridr,defias-brotherhood,1629,warrior,fury,66,32,34
Nímera,nemesis,1628,warrior,fury,29,18,11
Vesnãpusic,draenor,1628,warrior,fury,69,40,29
Гронвер,soulflayer,1628,warrior,fury,164,91,73
Astven,blackmoore,1628,warrior,fury,40,21,19
Peli,burning-blade,1628,warrior,fury,228,114,114
Vágópityu,ragnaros,1628,warrior,fury,54,27,27
Agnetta,burning-legion,1628,warrior,fury,120,58,62
Bloodmyst,kazzak,1627,warrior,fury,121,70,51
Zerenaty,antonidas,1627,warrior,fury,36,20,16
Eygón,silvermoon,1627,warrior,fury,174,88,86
Megalann,silvermoon,1627,warrior,fury,84,41,43
Hleljuskoos,hyjal,1625,warrior,fury,30,21,9
Riyan,lothar,1625,warrior,fury,29,18,11
Göttännadåva,stormscale,1625,warrior,fury,72,41,31
Едигейй,gordunni,1625,warrior,fury,148,81,67
Uwansum,bronzebeard,1625,warrior,fury,194,105,89
Faithless,azshara,1625,warrior,fury,88,46,42
Gantór,blackrock,1625,warrior,fury,84,40,44
Bønecleaver,blackrock,1624,warrior,fury,129,68,61
Skylexs,burning-legion,1624,warrior,fury,48,22,26
Bóobagodx,tarren-mill,1623,warrior,fury,36,23,13
Мамкингерой,howling-fjord,1623,warrior,fury,72,40,32
Mybigcow,darkspear,1623,warrior,fury,64,30,34
Swofty,arygos,1622,warrior,fury,24,17,7
Philatou,antonidas,1622,warrior,fury,54,31,23
Эйримор,gordunni,1622,warrior,fury,167,84,83
Тактоядобрый,ashenvale,1622,warrior,fury,53,24,29
Zbra,draenor,1621,warrior,fury,220,112,108
Металлие,howling-fjord,1621,warrior,fury,48,21,27
Æç,argent-dawn,1620,warrior,fury,54,30,24
Alkuwaity,outland,1620,warrior,fury,60,33,27
Børomir,silvermoon,1619,warrior,fury,69,40,29
Cathériné,drakthul,1619,warrior,fury,30,17,13
Decapitatëd,outland,1619,warrior,fury,54,25,29
Brutalizator,talnivarr,1618,warrior,fury,24,17,7
Savarøx,blackmoore,1618,warrior,fury,42,26,16
Tehmountain,ravencrest,1618,warrior,fury,36,22,14
Alcathras,doomhammer,1618,warrior,fury,123,63,60
Flexbot,blackmoore,1617,warrior,fury,38,23,15
Aler,alakir,1617,warrior,fury,30,17,13
Bloodwatchêr,kazzak,1617,warrior,fury,48,27,21
Notvisionary,ravencrest,1617,warrior,fury,40,18,22
Shilix,twisting-nether,1616,warrior,fury,30,20,10
Skullsmasher,stormscale,1616,warrior,fury,37,23,14
Råzor,blackhand,1616,warrior,fury,258,136,122
Абабоба,gordunni,1616,warrior,fury,66,34,32
Discølove,frostwolf,1615,warrior,fury,35,19,16
Watrux,outland,1614,warrior,fury,24,17,7
Panzerpung,outland,1613,warrior,fury,30,17,13
Vegilhenvin,stormscale,1613,warrior,fury,147,80,67
Shará,eredar,1612,warrior,fury,101,58,43
Wøokz,argent-dawn,1611,warrior,fury,261,133,128
Dracømort,dalaran,1610,warrior,fury,42,24,18
Monbun,silvermoon,1610,warrior,fury,43,24,19
Baoni,hyjal,1610,warrior,fury,58,30,28
Flippingout,stormscale,1610,warrior,fury,155,76,79
Féélmyfury,tarren-mill,1609,warrior,fury,29,20,9
Søil,tarren-mill,1609,warrior,fury,36,22,14
Indicaflower,ahnqiraj,1609,warrior,fury,143,75,68
Шлифую,howling-fjord,1609,warrior,fury,72,35,37
Celn,silvermoon,1608,warrior,fury,145,80,65
Ironak,malganis,1607,warrior,fury,50,26,24
Pinkíe,blackmoore,1607,warrior,fury,42,21,21
Вадло,soulflayer,1607,warrior,fury,96,47,49
Antismoke,silvermoon,1606,warrior,fury,129,70,59
Tweegles,argent-dawn,1606,warrior,fury,161,85,76
Джоулирэдблу,howling-fjord,1606,warrior,fury,42,22,20
Двапеченька,soulflayer,1604,warrior,fury,30,18,12
Cyruk,blackmoore,1604,warrior,fury,108,56,52
Wornag,argent-dawn,1604,warrior,fury,89,44,45
Плотность,howling-fjord,1604,warrior,fury,48,22,26
Рэкла,grom,1603,warrior,fury,97,55,42
Fraq,tarren-mill,1603,warrior,fury,30,17,13
Tah,hyjal,1603,warrior,fury,36,20,16
Хёда,eversong,1603,warrior,fury,72,38,34
Бубаигавар,gordunni,1603,warrior,fury,48,22,26
Гангстарэпер,gordunni,1602,warrior,fury,60,36,24
Xalont,doomhammer,1602,warrior,fury,66,37,29
Esrinx,the-maelstrom,1601,warrior,fury,24,17,7
Narukeratnik,draenor,1601,warrior,fury,78,45,33
Мундэфэндэр,lich-king,1601,warrior,fury,94,45,49
Kalakalle,twisting-nether,1601,warrior,fury,48,18,30
Nihe,stormreaver,1600,warrior,fury,34,21,13
Bourbimrgllr,hyjal,1600,warrior,fury,45,25,20
Zhenshii,blackmoore,1600,warrior,fury,83,44,39
Vjs,blackhand,1600,warrior,fury,48,24,24
Ebonheart,argent-dawn,1599,warrior,fury,59,32,27
Chisatø,ravencrest,1598,warrior,fury,30,17,13
Cêlty,aegwynn,1598,warrior,fury,119,61,58
Voffsen,tarren-mill,1597,warrior,fury,221,114,107
Liper,silvermoon,1596,warrior,fury,66,29,37
Roxxyy,stormreaver,1595,warrior,fury,71,39,32
Abnôrmus,tarren-mill,1594,warrior,fury,114,53,61
Lífelover,tarren-mill,1593,warrior,fury,66,30,36
Enzja,nazjatar,1592,warrior,fury,67,39,28
Methodxd,outland,1592,warrior,fury,78,38,40
Нордгаар,howling-fjord,1590,warrior,fury,66,40,26
Xiny,blackrock,1590,warrior,fury,73,43,30
Senshin,sanguino,1590,warrior,fury,98,50,48
Cazaril,kazzak,1590,warrior,fury,60,29,31
Azazelslayer,dethecus,1587,warrior,fury,77,47,30
Stérkkû,stormscale,1587,warrior,fury,306,151,155
Gromex,stormscale,1587,warrior,fury,75,31,44
Cortix,blackmoore,1585,warrior,fury,69,41,28
Bobitybob,ravencrest,1584,warrior,fury,111,64,47
Dikata,stormscale,1583,warrior,fury,76,47,29
Totheside,blackrock,1583,warrior,fury,41,23,18
Mörkölä,ravencrest,1583,warrior,fury,40,22,18
Kyraxe,silvermoon,1582,warrior,fury,42,21,21
Workout,nemesis,1581,warrior,fury,29,19,10
Xeraaya,kirin-tor,1581,warrior,fury,138,63,75
Oravedenes,draenor,1580,warrior,fury,276,152,124
Nozuki,archimonde,1580,warrior,fury,231,122,109
Bursch,ravencrest,1580,warrior,fury,42,21,21
Дугмар,gordunni,1579,warrior,fury,60,33,27
Arthagore,archimonde,1579,warrior,fury,48,23,25
Orwarrio,thrall,1577,warrior,fury,42,20,22
Sköldpaddor,tarren-mill,1576,warrior,fury,58,30,28
Roxxón,teldrassil,1576,warrior,fury,53,27,26
Vallahan,argent-dawn,1575,warrior,fury,110,64,46
Derentis,echsenkessel,1575,warrior,fury,84,42,42
Griffar,malorne,1574,warrior,fury,76,39,37
Titza,silvermoon,1574,warrior,fury,98,43,55
Bananapower,aszune,1573,warrior,fury,78,38,40
Vatolocoese,dun-morogh,1572,warrior,fury,39,22,17
Killhound,argent-dawn,1572,warrior,fury,42,21,21
Вульрайс,deepholm,1572,warrior,fury,54,26,28
Nitheriá,draenor,1571,warrior,fury,36,20,16
Asmoche,archimonde,1571,warrior,fury,72,35,37
Horovoko,kazzak,1570,warrior,fury,40,26,14
Halfbroken,moonglade,1570,warrior,fury,90,42,48
Valkyvia,sylvanas,1569,warrior,fury,30,17,13
Heavymetal,tarren-mill,1569,warrior,fury,84,42,42
Miko,ysondre,1569,warrior,fury,66,31,35
Dárkhammer,tarren-mill,1568,warrior,fury,64,36,28
Rottenfall,azjolnerub,1568,warrior,fury,72,37,35
Fattysw,argent-dawn,1567,warrior,fury,81,43,38
Justsquat,twisting-nether,1566,warrior,fury,49,32,17
Иктиннос,gordunni,1565,warrior,fury,57,21,36
Garlogar,twisting-nether,1564,warrior,fury,138,75,63
Ntouziera,silvermoon,1563,warrior,fury,42,18,24
Касюлин,gordunni,1562,warrior,fury,53,31,22
Вменяемый,gordunni,1562,warrior,fury,112,57,55
Izurritea,tarren-mill,1561,warrior,fury,48,24,24
Thorken,ragnaros,1561,warrior,fury,77,38,39
Sodium,pozzo-delleternità,1561,warrior,fury,48,23,25
Jinrok,turalyon,1559,warrior,fury,141,78,63
Lyriae,argent-dawn,1557,warrior,fury,24,19,5
Warriorri,haomarush,1557,warrior,fury,30,17,13
Satabasse,marécage-de-zangar,1557,warrior,fury,38,20,18
Bennybryt,frostmane,1557,warrior,fury,84,40,44
Bobshaggins,stormscale,1557,warrior,fury,36,17,19
Alexandrrior,rexxar,1556,warrior,fury,87,50,37
Тралмош,razuvious,1556,warrior,fury,93,52,41
Carmino,khazgoroth,1556,warrior,fury,83,43,40
Overgear,twisting-nether,1556,warrior,fury,202,102,100
Виттурус,howling-fjord,1556,warrior,fury,46,19,27
Hynish,doomhammer,1555,warrior,fury,88,46,42
Takagødx,archimonde,1553,warrior,fury,36,19,17
Waralert,kazzak,1553,warrior,fury,36,19,17
Латахо,gordunni,1553,warrior,fury,79,39,40
Ryghar,silvermoon,1553,warrior,fury,84,40,44
Jiñnx,outland,1552,warrior,fury,29,17,12
Üzzy,dun-modr,1552,warrior,fury,206,120,86
Spokowar,hyjal,1551,warrior,fury,79,40,39
Неуно,howling-fjord,1550,warrior,fury,72,42,30
Discordîan,twisting-nether,1549,warrior,fury,54,31,23
Kiljhimari,twisting-nether,1548,warrior,fury,68,35,33
Варрвик,howling-fjord,1547,warrior,fury,109,56,53
Broxshar,shendralar,1546,warrior,fury,30,17,13
Unstopablle,twisting-nether,1546,warrior,fury,132,68,64
Разплюхан,gordunni,1546,warrior,fury,66,33,33
Zwareboy,frostmane,1546,warrior,fury,48,20,28
Nazyna,blackmoore,1545,warrior,fury,138,73,65
Читора,blackscar,1545,warrior,fury,125,60,65
Velgrim,ravencrest,1544,warrior,fury,50,27,23
Mash,hyjal,1543,warrior,fury,60,36,24
Andry,draenor,1542,warrior,fury,43,18,25
Yopa,draenor,1542,warrior,fury,51,21,30
Áwe,draenor,1541,warrior,fury,97,53,44
Zeliøn,elune,1540,warrior,fury,155,88,67
Krauus,silvermoon,1540,warrior,fury,155,87,68
Баджераа,soulflayer,1540,warrior,fury,70,36,34
Seraphys,ravencrest,1540,warrior,fury,60,29,31
Krilza,terrordar,1538,warrior,fury,42,22,20
Криккс,greymane,1538,warrior,fury,104,48,56
Bäiley,drakthul,1538,warrior,fury,78,31,47
Blaktarr,dunemaul,1537,warrior,fury,115,62,53
Gabbz,aggra-português,1537,warrior,fury,51,24,27
Myrîna,zuluhed,1536,warrior,fury,66,36,30
Tbones,kazzak,1535,warrior,fury,112,49,63
Trixwar,ragnaros,1534,warrior,fury,33,18,15
Илийя,razuvious,1533,warrior,fury,65,28,37
Белославный,gordunni,1532,warrior,fury,55,38,17
ßbç,ysondre,1532,warrior,fury,84,41,43
Andjuu,doomhammer,1532,warrior,fury,97,45,52
Gronos,silvermoon,1531,warrior,fury,116,60,56
Pacosky,burning-legion,1530,warrior,fury,69,40,29
Fantol,stormscale,1529,warrior,fury,48,27,21
Swayzze,frostwolf,1529,warrior,fury,78,38,40
Kazzim,blackmoore,1528,warrior,fury,67,37,30
Веоленс,gordunni,1527,warrior,fury,22,17,5
Woghard,drakthul,1526,warrior,fury,54,27,27
Вундеркитти,soulflayer,1525,warrior,fury,122,60,62
Cocojumbo,azuremyst,1524,warrior,fury,120,64,56
Bartins,magtheridon,1523,warrior,fury,78,44,34
Warmâchine,burning-legion,1523,warrior,fury,94,53,41
Fürchtenix,blackmoore,1523,warrior,fury,54,30,24
Тегриско,goldrinn,1523,warrior,fury,102,49,53
Slamborghini,twisting-nether,1522,warrior,fury,24,16,8
Синнэр,blackscar,1522,warrior,fury,54,25,29
Mïîäm,archimonde,1521,warrior,fury,45,26,19
Hemèra,hyjal,1521,warrior,fury,103,53,50
Jeronimoe,blackmoore,1520,warrior,fury,41,24,17
Wowbert,frostwolf,1520,warrior,fury,54,30,24
Рекиро,blackscar,1520,warrior,fury,47,24,23
Hofmanntv,alakir,1519,warrior,fury,66,34,32
Mirpz,doomhammer,1519,warrior,fury,47,24,23
Halalmeat,minahonda,1518,warrior,fury,71,32,39
Hejduk,frostmane,1517,warrior,fury,51,31,20
Baldemort,antonidas,1517,warrior,fury,217,113,104
Вимор,soulflayer,1517,warrior,fury,105,49,56
Явараа,howling-fjord,1516,warrior,fury,138,71,67
Cromvi,draenor,1515,warrior,fury,78,39,39
Лаинвуд,soulflayer,1514,warrior,fury,69,37,32
Zwecko,malganis,1513,warrior,fury,30,16,14
Raicho,dentarg,1513,warrior,fury,36,18,18
Сариату,soulflayer,1513,warrior,fury,102,47,55
Ðeadyet,mugthol,1512,warrior,fury,30,16,14
Гаррим,blackscar,1512,warrior,fury,67,29,38
Spitonem,blackrock,1511,warrior,fury,30,16,14
Karentneuf,khaz-modan,1510,warrior,fury,41,25,16
Pokopo,blackrock,1510,warrior,fury,42,23,19
Геркавоин,eversong,1510,warrior,fury,48,26,22
Rum,talnivarr,1510,warrior,fury,102,55,47
Thagzar,burning-legion,1510,warrior,fury,211,105,106
Fúri,turalyon,1509,warrior,fury,18,16,2
Wärlør,ravencrest,1509,warrior,fury,78,49,29
Teljii,blackmoore,1509,warrior,fury,46,26,20
Dasdabane,twisting-nether,1509,warrior,fury,136,72,64
Втораянатура,howling-fjord,1508,warrior,fury,36,22,14
Ørkk,pozzo-delleternità,1508,warrior,fury,33,20,13
Deeper,twisting-nether,1508,warrior,fury,84,47,37
Bigbibbs,tarren-mill,1508,warrior,fury,122,58,64
Rowr,argent-dawn,1507,warrior,fury,72,39,33
Каоссвар,howling-fjord,1507,warrior,fury,36,16,20
Fromagekipue,draenor,1506,warrior,fury,110,59,51
Нириэла,howling-fjord,1506,warrior,fury,114,60,54
Warthur,silvermoon,1505,warrior,fury,60,32,28
Tyrâdus,kiljaeden,1504,warrior,fury,66,39,27
Truckfury,ravencrest,1504,warrior,fury,88,46,42
Roidspam,outland,1504,warrior,fury,76,32,44
Dizzyndumb,draenor,1503,warrior,fury,171,93,78
Gromaak,draenor,1503,warrior,fury,66,32,34
Мурмадонио,soulflayer,1503,warrior,fury,78,35,43
Гопниг,deepholm,1502,warrior,fury,64,34,30
Èrzà,sanguino,1502,warrior,fury,217,111,106
Gachiwarri,blackhand,1502,warrior,fury,42,21,21
Zupkaztrópka,burning-legion,1502,warrior,fury,109,54,55
Maruma,frostwolf,1501,warrior,fury,24,16,8
Souler,burning-legion,1501,warrior,fury,42,24,18
Kåïdø,ravencrest,1501,warrior,fury,30,17,13
Jarggyül,culte-de-la-rive-noire,1500,warrior,fury,36,21,15
Schuy,silvermoon,1500,warrior,fury,102,58,44
Crriminal,ravencrest,1498,warrior,fury,24,16,8
Divyx,tarren-mill,1498,warrior,fury,113,59,54
Деимосин,howling-fjord,1498,warrior,fury,71,37,34
Sebastian,ravencrest,1498,warrior,fury,60,29,31
Книфэк,howling-fjord,1497,warrior,fury,41,28,13
Thorazin,deathwing,1497,warrior,fury,24,16,8
Darvi,burning-legion,1497,warrior,fury,48,26,22
Gely,silvermoon,1495,warrior,fury,30,16,14
Auglok,twisting-nether,1495,warrior,fury,155,79,76
Stratoz,ragnaros,1495,warrior,fury,67,31,36
Beinis,twisting-nether,1494,warrior,fury,39,18,21
Vexxenn,outland,1493,warrior,fury,58,32,26
Лазба,gordunni,1493,warrior,fury,58,31,27
Evrybodydown,draenor,1492,warrior,fury,148,77,71
Shadowcacau,aggra-português,1492,warrior,fury,243,125,118
Reider,twisting-nether,1492,warrior,fury,118,58,60
Erosdulko,silvermoon,1492,warrior,fury,66,29,37
Krøn,stormscale,1491,warrior,fury,53,36,17
Dævedoff,sanguino,1491,warrior,fury,129,66,63
Thorgaz,blackmoore,1490,warrior,fury,42,23,19
Røronøa,hyjal,1490,warrior,fury,57,31,26
Youups,twisting-nether,1490,warrior,fury,75,38,37
Nemecic,arathor,1490,warrior,fury,95,48,47
Cemule,doomhammer,1488,warrior,fury,90,49,41
Fizzywarrior,blackmoore,1488,warrior,fury,60,29,31
Лимор,howling-fjord,1488,warrior,fury,42,16,26
Certavus,antonidas,1487,warrior,fury,154,76,78
Штормскейл,soulflayer,1485,warrior,fury,42,24,18
Corrin,frostmourne,1485,warrior,fury,122,68,54
Добиватель,howling-fjord,1485,warrior,fury,126,66,60
Nerfslam,stormscale,1485,warrior,fury,34,17,17
Ууша,soulflayer,1485,warrior,fury,59,29,30
Rimvar,alleria,1484,warrior,fury,60,28,32
Dírectdash,draenor,1484,warrior,fury,53,24,29
Carljøhnson,dalaran,1483,warrior,fury,78,45,33
Varyian,sporeggar,1483,warrior,fury,299,156,143
Жироштемп,gordunni,1483,warrior,fury,58,30,28
Grubshak,burning-legion,1483,warrior,fury,65,32,33
Grimic,quelthalas,1483,warrior,fury,45,18,27
Slidmacka,twisting-nether,1482,warrior,fury,48,28,20
Thezug,twisting-nether,1482,warrior,fury,66,32,34
Mamox,archimonde,1481,warrior,fury,55,32,23
Zugbro,stormscale,1480,warrior,fury,66,35,31
Warorc,eredar,1480,warrior,fury,42,17,25
Gids,silvermoon,1479,warrior,fury,52,29,23
Ðønøvan,sanguino,1478,warrior,fury,139,72,67
Архиватор,gordunni,1478,warrior,fury,96,48,48
Eleborn,tarren-mill,1477,warrior,fury,54,29,25
Jeepzinc,blackmoore,1476,warrior,fury,72,32,40
Чпонькмашина,soulflayer,1474,warrior,fury,92,53,39
Hexj,tarren-mill,1473,warrior,fury,46,24,22
Ärmodäuss,norgannon,1473,warrior,fury,81,40,41
Gromrigg,draenor,1472,warrior,fury,132,64,68
Zenìa,argent-dawn,1471,warrior,fury,58,35,23
Dasyana,drakthul,1468,warrior,fury,60,35,25
Gollyboy,ravencrest,1468,warrior,fury,42,20,22
Rakherus,silvermoon,1467,warrior,fury,48,27,21
Микермат,howling-fjord,1467,warrior,fury,72,37,35
Mezen,stormscale,1467,warrior,fury,117,60,57
Bukisan,sylvanas,1467,warrior,fury,119,61,58
Raoh,malganis,1466,warrior,fury,101,48,53
Nurti,silvermoon,1465,warrior,fury,36,21,15
Búlldozér,kazzak,1465,warrior,fury,111,55,56
Craghak,twisting-nether,1464,warrior,fury,154,78,76
Otiep,blackmoore,1464,warrior,fury,52,25,27
Болтегар,soulflayer,1463,warrior,fury,60,35,25
Mustar,alexstrasza,1463,warrior,fury,100,57,43
Straya,malorne,1463,warrior,fury,60,30,30
Mentálist,blackmoore,1463,warrior,fury,69,34,35
Utero,drakthul,1462,warrior,fury,36,19,17
Chrissey,argent-dawn,1462,warrior,fury,45,21,24
Syfér,grim-batol,1461,warrior,fury,88,49,39
Hrodulf,moonglade,1461,warrior,fury,83,38,45
Akînos,kazzak,1460,warrior,fury,99,50,49
Broksigarr,ragnaros,1460,warrior,fury,78,39,39
Груббоб,booty-bay,1460,warrior,fury,140,69,71
Бшпокд,soulflayer,1459,warrior,fury,47,25,22
Drekh,kazzak,1458,warrior,fury,54,26,28
Zaximos,twisting-nether,1458,warrior,fury,74,35,39
Kobeni,ysondre,1457,warrior,fury,50,30,20
Hidaykus,bronzebeard,1457,warrior,fury,124,65,59
Bördz,blackhand,1457,warrior,fury,84,43,41
Арристокррат,soulflayer,1457,warrior,fury,92,46,46
Leàn,nemesis,1456,warrior,fury,48,25,23
Bxnx,aegwynn,1456,warrior,fury,75,36,39
Irondahr,silvermoon,1455,warrior,fury,48,21,27
Skaurmosh,draenor,1454,warrior,fury,113,62,51
Faylania,tarren-mill,1453,warrior,fury,88,49,39
Baluste,culte-de-la-rive-noire,1453,warrior,fury,66,31,35
Dranosha,nemesis,1453,warrior,fury,45,21,24
Orengo,blackrock,1452,warrior,fury,78,50,28
Qiz,silvermoon,1452,warrior,fury,129,67,62
Акози,fordragon,1450,warrior,fury,90,52,38
Меняло,fordragon,1450,warrior,fury,96,53,43
Aeyon,burning-blade,1449,warrior,fury,37,17,20
Buzzingorc,tarren-mill,1448,warrior,fury,107,62,45
Mvi,frostmane,1448,warrior,fury,76,41,35
Doronas,der-rat-von-dalaran,1448,warrior,fury,42,21,21
Анакронокс,howling-fjord,1447,warrior,fury,94,46,48
Èscøbar,dalaran,1447,warrior,fury,61,29,32
Sunzí,alakir,1446,warrior,fury,48,24,24
Gypsykìng,darksorrow,1445,warrior,fury,30,17,13
Ssnakeess,silvermoon,1445,warrior,fury,71,40,31
Haewon,burning-legion,1444,warrior,fury,84,47,37
Gìlgamesh,dun-modr,1444,warrior,fury,55,30,25
Rîiper,ysondre,1444,warrior,fury,42,22,20
Perinel,draenor,1444,warrior,fury,172,75,97
Vandalismee,draenor,1443,warrior,fury,28,19,9
Сонечко,galakrond,1443,warrior,fury,36,19,17
Хастонер,howling-fjord,1442,warrior,fury,54,29,25
Unchåined,burning-legion,1442,warrior,fury,115,59,56
Kllinac,kazzak,1440,warrior,fury,114,65,49
Reapo,blackhand,1440,warrior,fury,36,20,16
Throck,drakthul,1440,warrior,fury,66,36,30
Biscuitoliva,hyjal,1440,warrior,fury,30,16,14
Аканок,soulflayer,1440,warrior,fury,38,18,20
Dajnatarcze,burning-legion,1439,warrior,fury,48,25,23
Immørtálx,tarren-mill,1438,warrior,fury,36,15,21
Waterquéen,outland,1437,warrior,fury,24,15,9
Achérus,varimathras,1437,warrior,fury,74,35,39
Immørtalx,area-52,1436,warrior,fury,42,15,27
Bigrooster,argent-dawn,1435,warrior,fury,135,73,62
Скехит,blackscar,1435,warrior,fury,144,71,73
Ксапур,soulflayer,1434,warrior,fury,76,42,34
Céck,ravencrest,1434,warrior,fury,54,28,26
Chidòri,tarren-mill,1434,warrior,fury,53,22,31
Serveywar,twisting-nether,1433,warrior,fury,24,15,9
Rarrio,kazzak,1433,warrior,fury,48,25,23
Lathsmash,zenedar,1433,warrior,fury,36,18,18
Bigpapapap,kazzak,1433,warrior,fury,93,39,54
Floppikatten,kazzak,1432,warrior,fury,24,17,7
Alegral,ravencrest,1432,warrior,fury,24,15,9
Wätras,drakthul,1431,warrior,fury,30,16,14
Вардеспетчер,razuvious,1429,warrior,fury,82,45,37
Howdoyouløse,stormscale,1428,warrior,fury,24,15,9
Mikogød,ravencrest,1428,warrior,fury,112,57,55
Ravenpaw,burning-legion,1427,warrior,fury,30,21,9
Shadroq,auchindoun,1427,warrior,fury,24,15,9
Fridaax,lightbringer,1427,warrior,fury,24,15,9
Nuijija,stormscale,1427,warrior,fury,48,23,25
Dayz,draenor,1426,warrior,fury,30,15,15
Щекорез,soulflayer,1426,warrior,fury,30,15,15
Harimà,antonidas,1426,warrior,fury,30,15,15
Асау,ashenvale,1424,warrior,fury,144,73,71
Paynzx,blackrock,1422,warrior,fury,25,16,9
Stormboltjk,blackrock,1422,warrior,fury,24,15,9
Elénir,dalaran,1422,warrior,fury,120,64,56
Reidunøks,kazzak,1422,warrior,fury,83,44,39
Pinkvae,doomhammer,1422,warrior,fury,47,22,25
Jorund,archimonde,1422,warrior,fury,72,33,39
Touguro,aggra-português,1422,warrior,fury,57,26,31
Amagaddon,draenor,1422,warrior,fury,40,18,22
Где,blackscar,1421,warrior,fury,24,15,9
Golward,grim-batol,1421,warrior,fury,74,40,34
Itchiiz,alonsus,1421,warrior,fury,64,33,31
Offpants,drakthul,1421,warrior,fury,97,50,47
Текайко,eversong,1421,warrior,fury,39,19,20
Mokate,kazzak,1420,warrior,fury,24,15,9
Tatabaf,ysondre,1420,warrior,fury,60,32,28
Warsteng,ragnaros,1420,warrior,fury,54,27,27
Diioxyde,temple-noir,1418,warrior,fury,79,43,36
Stahlhund,silvermoon,1418,warrior,fury,128,62,66
Divinvibra,dalaran,1418,warrior,fury,31,15,16
Альмас,galakrond,1418,warrior,fury,95,43,52
Hatefull,onyxia,1418,warrior,fury,46,20,26
Projectchad,draenor,1417,warrior,fury,24,15,9
Thaddaus,ravencrest,1417,warrior,fury,141,70,71
Orcarinté,draenor,1417,warrior,fury,59,26,33
Luunk,ravencrest,1416,warrior,fury,90,48,42
Thehans,grim-batol,1416,warrior,fury,198,103,95
Rëvenge,burning-legion,1416,warrior,fury,123,60,63
Prîde,kazzak,1415,warrior,fury,72,41,31
Sebotagelol,twisting-nether,1415,warrior,fury,48,26,22
Antraex,zuljin,1414,warrior,fury,127,68,59
Toundrâa,archimonde,1414,warrior,fury,203,102,101
Bluemango,ragnaros,1414,warrior,fury,60,29,31
Kragar,anetheron,1413,warrior,fury,57,34,23
Leapmaster,blackrock,1413,warrior,fury,45,22,23
Ederes,silvermoon,1412,warrior,fury,36,18,18
Isnookzl,blackmoore,1411,warrior,fury,30,16,14
Спайкуссь,goldrinn,1411,warrior,fury,137,71,66
Седунг,gordunni,1411,warrior,fury,55,25,30
Raaoo,blackmoore,1411,warrior,fury,60,27,33
Lyfttokyo,tarren-mill,1410,warrior,fury,81,42,39
Saîx,garrosh,1410,warrior,fury,517,266,251
Painswift,blackhand,1410,warrior,fury,54,25,29
Jokis,dun-modr,1409,warrior,fury,42,19,23
Rèckless,argent-dawn,1408,warrior,fury,35,25,10
Calwar,sanguino,1408,warrior,fury,93,48,45
Tsé,aegwynn,1407,warrior,fury,30,15,15
Sonyd,tarren-mill,1406,warrior,fury,42,25,17
Slaktârn,ragnaros,1406,warrior,fury,75,40,35
Bouafia,archimonde,1406,warrior,fury,42,21,21
Ènma,ravencrest,1405,warrior,fury,96,46,50
Maclaine,ravencrest,1404,warrior,fury,36,24,12
Антурим,howling-fjord,1404,warrior,fury,40,21,19
Gamepresa,silvermoon,1404,warrior,fury,67,33,34
Nmwar,turalyon,1403,warrior,fury,51,28,23
Filira,silvermoon,1403,warrior,fury,60,31,29
Мастерион,soulflayer,1403,warrior,fury,30,15,15
Димасфури,howling-fjord,1403,warrior,fury,30,15,15
Rìsàs,draenor,1403,warrior,fury,180,89,91
Warrouner,khaz-modan,1403,warrior,fury,144,71,73
Torok,antonidas,1402,warrior,fury,36,25,11
Борзило,howling-fjord,1402,warrior,fury,36,21,15
Каган,gordunni,1402,warrior,fury,75,41,34
Вайрон,blackscar,1402,warrior,fury,66,31,35
Betonica,burning-legion,1402,warrior,fury,72,33,39
Profär,archimonde,1402,warrior,fury,48,22,26
Thrallhall,kazzak,1402,warrior,fury,182,81,101
Freddie,baelgun,1401,warrior,fury,36,17,19
Virgolibra,grim-batol,1401,warrior,fury,55,23,32
Raoh,blackrock,1400,warrior,fury,24,15,9
Snakewins,stormscale,1400,warrior,fury,29,18,11
Dorya,aegwynn,1400,warrior,fury,42,21,21
Graxn,blackhand,1399,warrior,fury,197,101,96
Inflacija,grim-batol,1399,warrior,fury,42,15,27
Histe,thrall,1397,warrior,fury,48,26,22
Midvînter,silvermoon,1397,warrior,fury,87,41,46
Nellyqt,draenor,1396,warrior,fury,81,38,43
Smackaroon,draenor,1395,warrior,fury,28,16,12
Alevucerdaa,draenor,1395,warrior,fury,71,37,34
Elayjaa,twisting-nether,1394,warrior,fury,36,20,16
Bellzter,outland,1392,warrior,fury,91,50,41
Старопрамен,thermaplugg,1392,warrior,fury,237,123,114
Ðèxs,ravencrest,1390,warrior,fury,36,23,13
Motorhead,tirion,1390,warrior,fury,90,51,39
Валъдемар,gordunni,1389,warrior,fury,24,19,5
Keriane,garona,1389,warrior,fury,65,33,32
Gàbrânth,frostwolf,1389,warrior,fury,78,37,41
Dríppy,aegwynn,1388,warrior,fury,33,20,13
Tandrall,rexxar,1388,warrior,fury,36,15,21
Ulvenpeter,ravencrest,1386,warrior,fury,42,18,24
Tharokk,blackmoore,1385,warrior,fury,78,43,35
Flaggerware,stormscale,1385,warrior,fury,81,43,38
Fîlzlaus,area-52,1385,warrior,fury,170,83,87
Boostbywar,archimonde,1385,warrior,fury,47,22,25
Dragão,kazzak,1385,warrior,fury,72,32,40
Hervor,les-sentinelles,1382,warrior,fury,90,49,41
Golias,argent-dawn,1381,warrior,fury,72,40,32
Reylanor,argent-dawn,1380,warrior,fury,104,57,47
Reccey,blackrock,1379,warrior,fury,30,16,14
Drswing,kazzak,1379,warrior,fury,64,31,33
Ligthblâd,hyjal,1378,warrior,fury,63,34,29
Tigron,burning-legion,1377,warrior,fury,54,33,21
Æsterius,blackmoore,1377,warrior,fury,101,49,52
Nighat,sanguino,1376,warrior,fury,47,31,16
Terisá,blackmoore,1376,warrior,fury,58,29,29
Shán,defias-brotherhood,1375,warrior,fury,60,33,27
Botgrinder,blackhand,1375,warrior,fury,212,112,100
Gëaldýr,kazzak,1375,warrior,fury,64,30,34
Furiousspear,tarren-mill,1375,warrior,fury,48,20,28
Ffrostwolff,azjolnerub,1374,warrior,fury,48,28,20
Somalisktjur,tarren-mill,1374,warrior,fury,84,44,40
Вархаус,blackscar,1373,warrior,fury,64,36,28
Дедсдрыном,howling-fjord,1372,warrior,fury,256,134,122
Honör,sylvanas,1372,warrior,fury,64,29,35
Rommick,guldan,1372,warrior,fury,60,27,33
Мутобой,soulflayer,1370,warrior,fury,74,40,34
Ralzung,twisting-nether,1370,warrior,fury,54,26,28
Проводникдуш,gordunni,1369,warrior,fury,66,25,41
Чюнилингус,soulflayer,1369,warrior,fury,43,15,28
Firebladë,ravencrest,1368,warrior,fury,41,23,18
Ryù,dun-modr,1368,warrior,fury,105,50,55
Fortressa,ravencrest,1368,warrior,fury,54,21,33
Darriuso,kazzak,1367,warrior,fury,93,46,47
Лордэнгри,howling-fjord,1367,warrior,fury,33,16,17
Geraltf,tarren-mill,1367,warrior,fury,58,28,30
Коньвпальто,greymane,1366,warrior,fury,39,20,19
Kante,frostmane,1365,warrior,fury,36,22,14
Happyhour,sargeras,1365,warrior,fury,34,18,16
Bigmercy,ragnaros,1364,warrior,fury,54,32,22
Svênsk,argent-dawn,1364,warrior,fury,50,28,22
Selkie,tirion,1364,warrior,fury,54,29,25
Kerando,tirion,1363,warrior,fury,41,17,24
Ikkr,kazzak,1362,warrior,fury,102,53,49
Màrduk,pozzo-delleternità,1361,warrior,fury,42,23,19
Grahatia,magtheridon,1361,warrior,fury,48,25,23
Vhargdrohpee,argent-dawn,1360,warrior,fury,36,15,21
Джэкмен,soulflayer,1359,warrior,fury,89,51,38
Onga,frostwolf,1358,warrior,fury,30,16,14
Килджаеден,deathguard,1358,warrior,fury,34,17,17
Rudor,la-croisade-écarlate,1357,warrior,fury,36,20,16
Jhaiteiro,dun-modr,1357,warrior,fury,111,52,59
Skefe,archimonde,1356,warrior,fury,52,31,21
Эфириад,soulflayer,1356,warrior,fury,48,26,22
Gorroth,chamber-of-aspects,1355,warrior,fury,30,16,14
Ribastur,blackmoore,1355,warrior,fury,168,89,79
Wanzzeur,hyjal,1355,warrior,fury,51,26,25
Jisoowar,blackhand,1355,warrior,fury,42,16,26
Achonar,draenor,1353,warrior,fury,47,24,23
Cathalb,quelthalas,1351,warrior,fury,21,16,5
Откат,grom,1350,warrior,fury,101,47,54
Gorgulg,stormscale,1349,warrior,fury,107,60,47
Flexecutie,silvermoon,1348,warrior,fury,54,25,29
Djayson,hyjal,1347,warrior,fury,41,20,21
Tazkax,archimonde,1346,warrior,fury,89,52,37
Cokeaddict,argent-dawn,1345,warrior,fury,66,32,34
Habaneroo,zuljin,1345,warrior,fury,42,15,27
Gruttak,aegwynn,1344,warrior,fury,30,18,12
Wärfäcë,blades-edge,1343,warrior,fury,82,44,38
Kastraveci,outland,1343,warrior,fury,102,46,56
Zêke,thrall,1342,warrior,fury,24,18,6
Rustlord,twisting-nether,1341,warrior,fury,24,14,10
Stretch,thrall,1341,warrior,fury,31,15,16
Xugzug,blackmoore,1341,warrior,fury,48,22,26
Mfull,tarren-mill,1341,warrior,fury,46,21,25
Krieg,garrosh,1341,warrior,fury,61,21,40
Wallach,darkspear,1340,warrior,fury,24,14,10
Aldébbarann,archimonde,1340,warrior,fury,50,28,22
Васильна,soulflayer,1340,warrior,fury,50,27,23
Kënnyföx,ysondre,1339,warrior,fury,24,14,10
Feckdech,blackrock,1338,warrior,fury,24,14,10
Brigitá,argent-dawn,1338,warrior,fury,30,14,16
Skullrage,tarren-mill,1338,warrior,fury,36,14,22
Connorzqt,ravencrest,1337,warrior,fury,24,14,10
Zhear,kazzak,1336,warrior,fury,83,36,47
Врэкклив,gordunni,1335,warrior,fury,71,34,37
Xurainzone,eredar,1335,warrior,fury,30,14,16
Lzdmfckmeazy,blackmoore,1334,warrior,fury,27,15,12
Toecutter,defias-brotherhood,1334,warrior,fury,33,17,16
Hirbz,silvermoon,1333,warrior,fury,66,34,32
Taoke,ravencrest,1333,warrior,fury,30,14,16
Elpap,draenor,1333,warrior,fury,73,34,39
Hobbó,draenor,1333,warrior,fury,78,31,47
Unqlolz,kazzak,1332,warrior,fury,27,15,12
Hagoxfit,los-errantes,1332,warrior,fury,88,42,46
Grák,bronze-dragonflight,1331,warrior,fury,48,27,21
Sway,eonar,1331,warrior,fury,236,122,114
Напутанность,soulflayer,1331,warrior,fury,48,24,24
Ларджсворд,eversong,1329,warrior,fury,76,40,36
Kundrak,blackhand,1329,warrior,fury,79,40,39
Enderyx,blackhand,1329,warrior,fury,90,42,48
Ganaroth,tarren-mill,1328,warrior,fury,42,21,21
Topfury,stormscale,1328,warrior,fury,54,25,29
Qvate,twisting-nether,1327,warrior,fury,80,36,44
Moggorr,nemesis,1326,warrior,fury,58,30,28
Джелорд,howling-fjord,1326,warrior,fury,30,14,16
Thraxus,azjolnerub,1325,warrior,fury,42,23,19
Pimagnum,stormscale,1325,warrior,fury,37,18,19
Тцара,howling-fjord,1324,warrior,fury,40,19,21
Свободатоп,howling-fjord,1323,warrior,fury,30,16,14
Ididntbindit,stormscale,1323,warrior,fury,30,14,16
Грош,deepholm,1322,warrior,fury,24,14,10
Ochocinco,quelthalas,1322,warrior,fury,51,20,31
Xiiver,burning-legion,1321,warrior,fury,24,14,10
Зэйсс,gordunni,1321,warrior,fury,30,14,16
Brúgar,antonidas,1321,warrior,fury,42,18,24
Temprament,ravencrest,1320,warrior,fury,78,43,35
Tato,frostmourne,1320,warrior,fury,58,28,30
Barragan,sanguino,1319,warrior,fury,29,18,11
Astreimehns,sanguino,1319,warrior,fury,24,14,10
Bosniakk,ravencrest,1319,warrior,fury,144,70,74
Кроуфури,gordunni,1318,warrior,fury,54,31,23
Ayyub,antonidas,1318,warrior,fury,33,16,17
Lasanká,sylvanas,1318,warrior,fury,36,17,19
Конвержн,howling-fjord,1317,warrior,fury,30,17,13
Watntietnn,burning-blade,1317,warrior,fury,61,32,29
Borntothis,zuljin,1317,warrior,fury,134,70,64
Xsasuke,ragnaros,1317,warrior,fury,36,17,19
Razza,ravencrest,1317,warrior,fury,49,23,26
Kokaspincha,aggra-português,1316,warrior,fury,30,15,15
Gvngx,zuljin,1316,warrior,fury,59,28,31
Bigbanz,outland,1316,warrior,fury,30,14,16
Stuck,argent-dawn,1316,warrior,fury,30,14,16
Hellguarrd,silvermoon,1316,warrior,fury,65,29,36
Саурканг,howling-fjord,1316,warrior,fury,52,21,31
Драмур,gordunni,1315,warrior,fury,40,16,24
Fortësque,uldaman,1315,warrior,fury,59,22,37
Realz,malganis,1314,warrior,fury,119,60,59
Mortalclaw,kazzak,1314,warrior,fury,135,65,70
Zíreael,ravencrest,1314,warrior,fury,72,34,38
Мембершримп,howling-fjord,1314,warrior,fury,54,25,29
Vivaladirt,argent-dawn,1313,warrior,fury,36,17,19
Мастерпве,blackscar,1312,warrior,fury,30,14,16
Ælvstan,argent-dawn,1310,warrior,fury,59,30,29
Ghoster,kazzak,1308,warrior,fury,42,19,23
Izmadfurax,archimonde,1307,warrior,fury,130,71,59
Goldenarm,doomhammer,1306,warrior,fury,111,60,51
Thors,deathwing,1306,warrior,fury,208,108,100
Affewithwaff,blackmoore,1306,warrior,fury,45,23,22
Кимиюки,gordunni,1306,warrior,fury,48,17,31
Gudvin,terokkar,1304,warrior,fury,117,63,54
Grimli,burning-legion,1303,warrior,fury,42,24,18
Kaerz,ysondre,1302,warrior,fury,60,33,27
Gensur,skullcrusher,1302,warrior,fury,54,29,25
Blairne,burning-blade,1302,warrior,fury,48,22,26
Даарак,gordunni,1301,warrior,fury,22,14,8
Кровостокхх,gordunni,1301,warrior,fury,42,17,25
Hulflon,pozzo-delleternità,1300,warrior,fury,24,16,8
Reckless,tarren-mill,1300,warrior,fury,42,22,20
Tragix,hyjal,1300,warrior,fury,42,18,24
Умфи,howling-fjord,1299,warrior,fury,83,46,37
Getonxnxx,quelthalas,1299,warrior,fury,61,25,36
Quigatron,frostmane,1298,warrior,fury,65,38,27
Dyspó,sanguino,1298,warrior,fury,46,20,26
Neíd,malganis,1297,warrior,fury,24,14,10
Роконишу,gordunni,1295,warrior,fury,48,26,22
Аштау,howling-fjord,1295,warrior,fury,208,100,108
Варёнок,soulflayer,1294,warrior,fury,79,44,35
Kestialezin,archimonde,1294,warrior,fury,42,23,19
Axislips,draenor,1294,warrior,fury,29,14,15
Теокрафт,howling-fjord,1292,warrior,fury,24,14,10
Arzes,draenor,1292,warrior,fury,51,22,29
Eyolf,thunderhorn,1292,warrior,fury,42,16,26
Drexx,ragnaros,1291,warrior,fury,40,21,19
Арестант,soulflayer,1291,warrior,fury,137,69,68
Suknur,silvermoon,1290,warrior,fury,80,34,46
Larrydankin,draenor,1289,warrior,fury,95,54,41
Машамеч,blackscar,1289,warrior,fury,84,42,42
Hudsonn,sylvanas,1289,warrior,fury,29,14,15
Йомхар,howling-fjord,1289,warrior,fury,60,28,32
Shkørwi,drakthul,1289,warrior,fury,48,22,26
Gimlee,kul-tiras,1287,warrior,fury,26,15,11
Delinde,cthun,1287,warrior,fury,176,89,87
Килоагр,gordunni,1286,warrior,fury,42,16,26
Mouliard,archimonde,1285,warrior,fury,36,17,19
Whimbux,stormscale,1285,warrior,fury,81,35,46
Zuchtrind,blackrock,1284,warrior,fury,33,17,16
Rqyz,tarren-mill,1283,warrior,fury,36,21,15
Kvintor,bloodscalp,1283,warrior,fury,100,53,47
Sammäel,eldrethalas,1281,warrior,fury,36,19,17
Azëlls,archimonde,1280,warrior,fury,42,19,23
Vanheimsgard,ragnaros,1280,warrior,fury,42,16,26
Fivejee,ravencrest,1279,warrior,fury,42,21,21
Optimai,kazzak,1279,warrior,fury,174,84,90
Zedori,stormrage,1279,warrior,fury,36,15,21
Juggernot,archimonde,1278,warrior,fury,43,24,19
Unn,ragnaros,1278,warrior,fury,93,46,47
Skullfondler,argent-dawn,1278,warrior,fury,30,14,16
Kurzen,voljin,1277,warrior,fury,56,31,25
Oglisten,archimonde,1277,warrior,fury,30,15,15
Armirtile,twisting-nether,1277,warrior,fury,36,17,19
Andij,blackmoore,1276,warrior,fury,66,33,33
Greensmash,hyjal,1276,warrior,fury,68,29,39
Houndburger,drakthul,1276,warrior,fury,90,38,52
Oughn,silvermoon,1275,warrior,fury,135,67,68
Fraeydís,silvermoon,1274,warrior,fury,27,14,13
Trollboii,ravencrest,1274,warrior,fury,27,14,13
Exeldians,burning-legion,1273,warrior,fury,20,14,6
Sjekac,stormscale,1273,warrior,fury,40,22,18
Fenr,sanguino,1272,warrior,fury,52,34,18
Gardom,doomhammer,1272,warrior,fury,114,66,48
Darzuh,dun-modr,1272,warrior,fury,60,29,31
Furyre,ysondre,1271,warrior,fury,37,17,20
Honeymew,draenor,1271,warrior,fury,66,27,39
Ipes,blackmoore,1268,warrior,fury,55,28,27
Ninja,bronze-dragonflight,1268,warrior,fury,98,46,52
Cuuz,outland,1268,warrior,fury,40,17,23
Akkamagosh,argent-dawn,1266,warrior,fury,70,31,39
Fvkundercutt,xavius,1265,warrior,fury,42,26,16
Tdanielt,burning-legion,1265,warrior,fury,78,43,35
Ausrastus,blackhand,1265,warrior,fury,34,15,19
Azzog,archimonde,1264,warrior,fury,92,51,41
Zerm,draenor,1262,warrior,fury,24,15,9
Gritzi,dragonblight,1262,warrior,fury,60,29,31
Lâmy,khaz-modan,1262,warrior,fury,101,47,54
Säl,ragnaros,1261,warrior,fury,121,65,56
Wilæm,ravencrest,1261,warrior,fury,71,34,37
Бормормуш,gordunni,1261,warrior,fury,73,30,43
Schmetterina,proudmoore,1260,warrior,fury,120,65,55
Fightinghell,stormrage,1260,warrior,fury,48,22,26
Bobzillah,kazzak,1259,warrior,fury,24,16,8
Slapperr,frostwolf,1259,warrior,fury,35,16,19
Feydal,thrall,1259,warrior,fury,121,54,67
Hazarku,colinas-pardas,1257,warrior,fury,49,22,27
Guruw,tarren-mill,1255,warrior,fury,36,16,20
Dundulinka,outland,1255,warrior,fury,46,17,29
Saey,malorne,1254,warrior,fury,110,55,55
Насувака,deathguard,1254,warrior,fury,59,29,30
Toughwar,tarren-mill,1253,warrior,fury,66,35,31
Mutuh,ravenholdt,1253,warrior,fury,48,24,24
Exeter,nagrand,1252,warrior,fury,66,33,33
Лимэй,blackscar,1249,warrior,fury,51,20,31
Tarrior,shattered-halls,1248,warrior,fury,159,78,81
Рагнарульв,gordunni,1248,warrior,fury,36,15,21
Мигнт,blackscar,1247,warrior,fury,18,13,5
Velcorn,ravencrest,1247,warrior,fury,24,13,11
Фокатоп,blackscar,1247,warrior,fury,24,13,11
Stóna,blackmoore,1247,warrior,fury,36,13,23
Roronoâ,twisting-nether,1246,warrior,fury,18,13,5
Уэсгар,blackscar,1246,warrior,fury,24,13,11
Larvalis,blackmoore,1246,warrior,fury,95,43,52
Tagavaga,tarren-mill,1246,warrior,fury,60,26,34
Skîêl,archimonde,1246,warrior,fury,30,13,17
Avgålöfvén,stormscale,1245,warrior,fury,24,13,11
Thorock,magtheridon,1245,warrior,fury,24,13,11
Wariio,khaz-modan,1245,warrior,fury,71,38,33
Sørø,sargeras,1245,warrior,fury,42,21,21
Poniroula,burning-legion,1245,warrior,fury,32,14,18
Gridra,dun-morogh,1244,warrior,fury,31,14,17
Bloodyedge,sanguino,1244,warrior,fury,71,30,41
Барабумм,soulflayer,1243,warrior,fury,125,63,62
Nubá,burning-legion,1242,warrior,fury,132,73,59
Xxeqtr,kazzak,1242,warrior,fury,24,13,11
Mertik,twisting-nether,1242,warrior,fury,24,13,11
Schaufelørc,blackrock,1242,warrior,fury,30,13,17
Ragnurk,draenor,1242,warrior,fury,60,20,40
Turmund,turalyon,1241,warrior,fury,42,23,19
Oesche,frostmourne,1241,warrior,fury,24,13,11
Tàuruss,blackhand,1241,warrior,fury,34,18,16
Слайдус,gordunni,1241,warrior,fury,68,34,34
Рсдрпб,eversong,1241,warrior,fury,30,15,15
Timidman,kazzak,1240,warrior,fury,24,13,11
Warinator,ravencrest,1240,warrior,fury,91,47,44
Shalahed,outland,1240,warrior,fury,30,13,17
Chadgarrosh,tarren-mill,1240,warrior,fury,65,24,41
Ptp,argent-dawn,1238,warrior,fury,24,13,11
Balsor,frostmane,1238,warrior,fury,34,17,17
Deusi,garrosh,1237,warrior,fury,94,48,46
Orcoddio,kazzak,1236,warrior,fury,24,13,11
Toporceanul,kazzak,1236,warrior,fury,70,27,43
Sorryforwhat,stormscale,1235,warrior,fury,21,14,7
Slûff,draenor,1235,warrior,fury,24,13,11
Valhrann,dalaran,1234,warrior,fury,54,28,26
Dènethor,draenor,1233,warrior,fury,104,51,53
Kurko,blackmoore,1233,warrior,fury,77,34,43
Nykyro,draenor,1232,warrior,fury,105,53,52
Tf,kazzak,1232,warrior,fury,36,13,23
Claptheheal,silvermoon,1230,warrior,fury,24,13,11
Стано,booty-bay,1230,warrior,fury,38,20,18
Варнубар,eversong,1230,warrior,fury,60,30,30
Coasterupte,draenor,1230,warrior,fury,116,53,63
Batourga,marécage-de-zangar,1230,warrior,fury,49,21,28
Madfu,draenor,1229,warrior,fury,36,19,17
Федорссумкин,gordunni,1229,warrior,fury,74,34,40
Димаказнь,gordunni,1229,warrior,fury,30,13,17
Sunakaary,drakthul,1228,warrior,fury,23,16,7
Onyi,onyxia,1228,warrior,fury,36,18,18
Szpindah,ragnaros,1228,warrior,fury,36,13,23
Anubisra,alakir,1227,warrior,fury,44,22,22
Firience,silvermoon,1226,warrior,fury,24,13,11
Дизроуз,gordunni,1226,warrior,fury,74,35,39
Noseringer,frostwolf,1223,warrior,fury,21,15,6
Runkkusukka,defias-brotherhood,1222,warrior,fury,83,44,39
Rayeron,sanguino,1221,warrior,fury,95,47,48
Corpsecount,stormrage,1221,warrior,fury,72,31,41
Kebra,blackmoore,1220,warrior,fury,87,49,38
Ouryuu,hyjal,1218,warrior,fury,56,25,31
Gèrralt,hyjal,1218,warrior,fury,59,21,38
Копенгаген,ashenvale,1215,warrior,fury,87,49,38
Номер,eversong,1215,warrior,fury,244,117,127
Imora,silvermoon,1214,warrior,fury,74,37,37
Ульданианин,gordunni,1213,warrior,fury,30,15,15
Warrmax,darksorrow,1211,warrior,fury,108,55,53
Vagor,draenor,1211,warrior,fury,35,16,19
Leonidæs,frostwolf,1210,warrior,fury,60,28,32
Illydan,turalyon,1209,warrior,fury,35,18,17
Truedamagé,blackrock,1207,warrior,fury,36,18,18
Warriorc,hellfire,1205,warrior,fury,48,26,22
Garmal,nemesis,1205,warrior,fury,30,16,14
Paralel,tarren-mill,1205,warrior,fury,56,29,27
Варгуш,ashenvale,1205,warrior,fury,35,13,22
Ragedotcom,archimonde,1204,warrior,fury,112,56,56
Kaeo,lordaeron,1204,warrior,fury,36,14,22
Gortigard,archimonde,1202,warrior,fury,45,19,26
Marklarstar,ragnaros,1201,warrior,fury,60,28,32
Vhy,antonidas,1201,warrior,fury,48,22,26
Bwonsàmdí,ragnaros,1200,warrior,fury,48,16,32
Sinesterá,blackhand,1199,warrior,fury,67,31,36
Jasonnes,argent-dawn,1198,warrior,fury,52,23,29
Отнулядоста,gordunni,1198,warrior,fury,61,25,36
Buzzingwarr,tarren-mill,1195,warrior,fury,126,58,68
Eliyahu,ghostlands,1195,warrior,fury,36,14,22
Hatenest,argent-dawn,1194,warrior,fury,282,131,151
Djiozz,khaz-modan,1194,warrior,fury,65,29,36
Blaying,ravencrest,1192,warrior,fury,23,13,10
Cogneur,archimonde,1191,warrior,fury,42,16,26
Bolss,silvermoon,1188,warrior,fury,73,28,45
Exsomnis,outland,1187,warrior,fury,24,13,11
Agitoyami,defias-brotherhood,1187,warrior,fury,127,66,61
Mocagressiva,draenor,1187,warrior,fury,48,23,25
Азктор,soulflayer,1186,warrior,fury,35,15,20
Sadgex,kazzak,1184,warrior,fury,29,13,16
Moknar,alonsus,1184,warrior,fury,71,29,42
Dabliu,burning-legion,1183,warrior,fury,60,26,34
Agamemnon,frostmane,1182,warrior,fury,36,14,22
Эпитафорх,blackscar,1181,warrior,fury,22,13,9
Morishcrak,kazzak,1181,warrior,fury,39,14,25
Coyle,eredar,1180,warrior,fury,222,101,121
Kagsteelfist,twisting-nether,1179,warrior,fury,23,13,10
Barsok,sanguino,1179,warrior,fury,66,29,37
Суммрак,grom,1178,warrior,fury,41,17,24
Thibow,hyjal,1175,warrior,fury,66,35,31
Behemoht,tarren-mill,1174,warrior,fury,60,26,34
Hangovar,thrall,1172,warrior,fury,45,21,24
Крешер,howling-fjord,1171,warrior,fury,74,31,43
Развалочка,howling-fjord,1170,warrior,fury,29,13,16
Осгаард,gordunni,1169,warrior,fury,60,25,35
Contrariety,ravencrest,1167,warrior,fury,60,35,25
Tejecuto,sanguino,1166,warrior,fury,24,13,11
Berseak,dalaran,1166,warrior,fury,43,22,21
Суферна,howling-fjord,1166,warrior,fury,33,16,17
Warnox,dun-modr,1165,warrior,fury,54,30,24
Jasperr,nemesis,1164,warrior,fury,135,65,70
Xentos,kirin-tor,1163,warrior,fury,38,21,17
Shieldlord,kazzak,1160,warrior,fury,160,73,87
Drolaret,zuljin,1160,warrior,fury,51,22,29
Soldegaard,drakthul,1158,warrior,fury,26,13,13
Ahaks,draenor,1158,warrior,fury,27,13,14
Astoch,outland,1158,warrior,fury,38,13,25
Ragnòk,eredar,1153,warrior,fury,78,36,42
Devìlscandy,stormscale,1152,warrior,fury,18,12,6
Trâshwarriør,blackhand,1152,warrior,fury,18,12,6
Uselessblâme,archimonde,1151,warrior,fury,18,12,6
Naronnas,drakthul,1151,warrior,fury,18,12,6
Whýsøsîlêñt,ragnaros,1151,warrior,fury,18,12,6
Krazosh,die-aldor,1151,warrior,fury,24,12,12
Quadfather,kazzak,1151,warrior,fury,24,12,12
Midly,hellfire,1151,warrior,fury,54,26,28
Исскатель,gordunni,1150,warrior,fury,12,12,0
Karny,argent-dawn,1150,warrior,fury,30,12,18
Chelby,argent-dawn,1149,warrior,fury,18,12,6
Theolcostaud,archimonde,1149,warrior,fury,30,12,18
Dramiél,tarren-mill,1148,warrior,fury,29,15,14
Ranndall,blackrock,1148,warrior,fury,62,31,31
Дерзкаяфурия,gordunni,1148,warrior,fury,29,13,16
Talanora,ravencrest,1147,warrior,fury,18,12,6
Wotulko,blackrock,1147,warrior,fury,23,13,10
Селттик,grom,1147,warrior,fury,65,36,29
Glupakrava,sylvanas,1147,warrior,fury,24,12,12
Undeadboii,ravencrest,1147,warrior,fury,24,12,12
Evilez,ravencrest,1146,warrior,fury,18,12,6
Litkis,silvermoon,1146,warrior,fury,101,59,42
Garosh,drakthul,1146,warrior,fury,66,35,31
Melferas,silvermoon,1146,warrior,fury,89,46,43
Thunderage,stormscale,1146,warrior,fury,44,20,24
Ragecap,rexxar,1145,warrior,fury,50,21,29
Schmackes,terrordar,1144,warrior,fury,18,12,6
Xtu,kazzak,1144,warrior,fury,18,12,6
Wåks,dalaran,1144,warrior,fury,24,12,12
Neoballâc,uldum,1144,warrior,fury,24,12,12
Ragnarr,ravencrest,1144,warrior,fury,24,12,12
Familyguy,sylvanas,1143,warrior,fury,35,17,18
Héraclès,ravencrest,1143,warrior,fury,30,14,16
Cianna,silvermoon,1142,warrior,fury,18,12,6
Shadowfiend,argent-dawn,1142,warrior,fury,24,12,12
Waroworgen,terokkar,1142,warrior,fury,26,12,14
Calel,ravencrest,1141,warrior,fury,18,12,6
Армсец,howling-fjord,1141,warrior,fury,24,12,12
Forerunner,silvermoon,1141,warrior,fury,24,12,12
Marlßørø,twisting-nether,1141,warrior,fury,24,12,12
Инфиль,howling-fjord,1140,warrior,fury,30,12,18
Axamo,ragnaros,1139,warrior,fury,24,12,12
Inelegant,tarren-mill,1139,warrior,fury,24,12,12
Sparkss,sylvanas,1137,warrior,fury,30,15,15
Андервульф,booty-bay,1137,warrior,fury,30,12,18
Zpárta,ragnaros,1136,warrior,fury,47,31,16
Sadex,blackmoore,1136,warrior,fury,24,13,11
Xienia,dun-morogh,1136,warrior,fury,124,57,67
Nurychïc,twisting-nether,1135,warrior,fury,30,15,15
Жужащий,howling-fjord,1135,warrior,fury,158,71,87
Madhardy,chamber-of-aspects,1133,warrior,fury,24,12,12
Torinborison,ysera,1132,warrior,fury,18,12,6
Arturdayne,sanguino,1132,warrior,fury,24,12,12
Justviktor,ravencrest,1132,warrior,fury,81,36,45
Beogor,grim-batol,1132,warrior,fury,29,12,17
Nakkelam,twisting-nether,1131,warrior,fury,18,12,6
Янесними,soulflayer,1129,warrior,fury,24,12,12
Sekecmazec,turalyon,1129,warrior,fury,63,22,41
Pybal,stormscale,1128,warrior,fury,18,12,6
Сэч,gordunni,1128,warrior,fury,18,12,6
Феоника,azuregos,1126,warrior,fury,35,14,21
Xiszos,ravencrest,1126,warrior,fury,30,12,18
Sadjoke,draenor,1125,warrior,fury,30,13,17
Bluntsword,twisting-nether,1122,warrior,fury,18,12,6
Well,kult-der-verdammten,1121,warrior,fury,24,12,12
Damonx,draenor,1121,warrior,fury,84,40,44
Фейловый,gordunni,1121,warrior,fury,30,12,18
Kirkwood,terokkar,1120,warrior,fury,77,34,43
Téldrus,blackrock,1116,warrior,fury,18,12,6
Daramir,turalyon,1116,warrior,fury,24,12,12
Ganian,stormscale,1113,warrior,fury,30,14,16
Pahanâ,arygos,1111,warrior,fury,24,12,12
Иллидансер,howling-fjord,1110,warrior,fury,24,12,12
Fetidoman,zuljin,1110,warrior,fury,27,13,14
Gagatchar,die-silberne-hand,1110,warrior,fury,38,14,24
Subot,frostmane,1109,warrior,fury,20,12,8
Moustachu,kirin-tor,1108,warrior,fury,45,21,24
Sabrewølf,blackmoore,1106,warrior,fury,100,51,49
Houftasir,eredar,1106,warrior,fury,45,19,26
Shabir,sylvanas,1106,warrior,fury,35,13,22
Zetsurin,sylvanas,1105,warrior,fury,66,23,43
Pufy,ravencrest,1104,warrior,fury,41,17,24
Incense,silvermoon,1103,warrior,fury,21,12,9
Kratosz,bloodscalp,1103,warrior,fury,151,83,68
Reinharth,dalaran,1103,warrior,fury,42,22,20
Hágríd,ragnaros,1103,warrior,fury,36,13,23
Garstus,die-silberne-hand,1101,warrior,fury,60,20,40
Sairos,kirin-tor,1100,warrior,fury,120,65,55
Vazzile,silvermoon,1100,warrior,fury,65,34,31
Bozcô,draenor,1099,warrior,fury,23,12,11
Killpieric,krasus,1099,warrior,fury,66,27,39
Красемир,deepholm,1097,warrior,fury,47,23,24
Chloade,burning-legion,1095,warrior,fury,108,55,53
Oxascand,kazzak,1095,warrior,fury,117,50,67
Аесоо,gordunni,1094,warrior,fury,281,133,148
Exhumator,blackhand,1093,warrior,fury,60,20,40
Помойник,gordunni,1092,warrior,fury,320,169,151
Macgull,ysondre,1092,warrior,fury,90,42,48
Axtuz,malorne,1092,warrior,fury,30,12,18
Humanoç,dun-modr,1092,warrior,fury,31,12,19
Grobler,blackhand,1091,warrior,fury,42,16,26
Mistawolf,ravencrest,1090,warrior,fury,30,16,14
Waltharius,das-syndikat,1090,warrior,fury,78,40,38
Nukêr,dun-modr,1090,warrior,fury,47,13,34
Arlan,dragonblight,1088,warrior,fury,54,14,40
Shalren,nordrassil,1087,warrior,fury,62,32,30
Manneen,outland,1086,warrior,fury,83,33,50
Grimdur,kirin-tor,1084,warrior,fury,109,45,64
Lobotomywar,drakthul,1083,warrior,fury,30,20,10
Evasni,magtheridon,1082,warrior,fury,20,13,7
Gylfanders,the-maelstrom,1081,warrior,fury,22,12,10
Uncontested,argent-dawn,1081,warrior,fury,23,12,11
Telmó,blackhand,1079,warrior,fury,60,34,26
Griswarr,draenor,1076,warrior,fury,20,12,8
Warriorgaro,khaz-modan,1076,warrior,fury,30,14,16
Солоовей,gordunni,1071,warrior,fury,88,42,46
Зарган,howling-fjord,1071,warrior,fury,56,20,36
Wrathchild,blackrock,1069,warrior,fury,35,14,21
Tiapollo,dun-modr,1068,warrior,fury,58,19,39
Moonkak,hyjal,1063,warrior,fury,72,31,41
Itimu,blackrock,1061,warrior,fury,30,17,13
Giimlii,hyjal,1060,warrior,fury,36,12,24
Seka,nozdormu,1058,warrior,fury,444,227,217
Kydecnick,kazzak,1058,warrior,fury,134,63,71
Luphrek,ysondre,1056,warrior,fury,30,11,19
Зенобий,gordunni,1055,warrior,fury,12,11,1
Maroux,malganis,1055,warrior,fury,18,11,7
Yosiwa,draenor,1055,warrior,fury,18,11,7
Sparkzu,twisting-nether,1055,warrior,fury,18,11,7
Grimilax,hellscream,1054,warrior,fury,18,11,7
Mélyssia,dalaran,1054,warrior,fury,18,11,7
Нарезаю,blackscar,1054,warrior,fury,18,11,7
Miz,dun-modr,1054,warrior,fury,18,11,7
Circumcist,dragonblight,1053,warrior,fury,18,11,7
Snuzzygeezer,ravencrest,1053,warrior,fury,18,11,7
Oksimbillah,blackrock,1053,warrior,fury,24,11,13
Byedriver,kazzak,1053,warrior,fury,24,11,13
Zalumorth,magtheridon,1052,warrior,fury,79,41,38
Popola,ravencrest,1052,warrior,fury,24,11,13
Taeshalach,der-abyssische-rat,1052,warrior,fury,24,11,13
Arta,arthas,1052,warrior,fury,42,19,23
Aìrwave,blackmoore,1051,warrior,fury,18,11,7
Míngxuan,tarren-mill,1051,warrior,fury,18,11,7
Kridi,stormreaver,1051,warrior,fury,18,11,7
Draxxann,ravencrest,1051,warrior,fury,61,33,28
Punks,ravencrest,1051,warrior,fury,24,11,13
Elainax,eredar,1051,warrior,fury,24,11,13
Jesster,blackmoore,1050,warrior,fury,18,11,7
Thørïn,dun-modr,1050,warrior,fury,24,11,13
Edwsan,cthun,1049,warrior,fury,66,34,32
Азаргатан,soulflayer,1049,warrior,fury,24,11,13
Obox,ravencrest,1048,warrior,fury,18,11,7
Cáylin,amanthul,1048,warrior,fury,30,11,19
Algethar,archimonde,1046,warrior,fury,18,11,7
Buffury,twisting-nether,1045,warrior,fury,18,11,7
Bealin,the-venture-co,1045,warrior,fury,24,11,13
Whysospicey,lightbringer,1043,warrior,fury,21,12,9
Himä,burning-legion,1042,warrior,fury,18,11,7
Vàriam,argent-dawn,1042,warrior,fury,24,11,13
Bleckwarrior,ravencrest,1040,warrior,fury,16,12,4
Romanondo,doomhammer,1039,warrior,fury,18,11,7
Horymir,ravencrest,1037,warrior,fury,23,11,12
Sperta,frostmourne,1036,warrior,fury,53,29,24
Златоцветта,gordunni,1034,warrior,fury,24,11,13
Bootyclapper,runetotem,1032,warrior,fury,18,11,7
Riptide,aggra-português,1029,warrior,fury,25,11,14
Afofaifadx,cthun,1029,warrior,fury,30,11,19
Каргрогар,eversong,1027,warrior,fury,30,11,19
Kuljapro,ravencrest,1026,warrior,fury,24,12,12
Anastor,ragnaros,1026,warrior,fury,24,11,13
Khòrne,sanguino,1025,warrior,fury,30,15,15
Sazox,drakthul,1023,warrior,fury,17,11,6
Zyzie,argent-dawn,1020,warrior,fury,29,11,18
Amsti,doomhammer,1019,warrior,fury,24,16,8
Ogerit,blackmoore,1019,warrior,fury,117,62,55
Whiteebeardd,draenor,1018,warrior,fury,150,73,77
Midasch,dun-morogh,1018,warrior,fury,36,13,23
Громорашман,grom,1017,warrior,fury,20,12,8
Жиестьдон,soulflayer,1015,warrior,fury,38,17,21
Manfred,burning-legion,1009,warrior,fury,18,11,7
Рыджеральд,howling-fjord,1008,warrior,fury,51,24,27
Onslaught,pozzo-delleternità,1007,warrior,fury,42,15,27
Kabbuki,die-aldor,1006,warrior,fury,52,30,22
Wardén,argent-dawn,1006,warrior,fury,54,21,33
Nogo,nagrand,1003,warrior,fury,56,33,23
Fknmoo,kazzak,1000,warrior,fury,150,76,74
Zeteta,sanguino,1000,warrior,fury,50,14,36
Zeppek,dalaran,999,warrior,fury,155,81,74
Marrowhead,ragnaros,998,warrior,fury,23,11,12
Serpentheron,stormscale,992,warrior,fury,67,29,38
Warfield,draenor,992,warrior,fury,30,11,19
Hazl,balnazzar,990,warrior,fury,56,32,24
Fatspacka,argent-dawn,989,warrior,fury,20,11,9
Orcgrim,nozdormu,989,warrior,fury,48,22,26
Klasiùs,outland,989,warrior,fury,28,11,17
Dj,ragnaros,986,warrior,fury,24,13,11
Nakro,hyjal,984,warrior,fury,20,11,9
Nicperh,dun-modr,984,warrior,fury,29,12,17
Sonnyammo,turalyon,978,warrior,fury,68,30,38
Krlebajker,tarren-mill,977,warrior,fury,27,14,13
Rogmash,confrérie-du-thorium,973,warrior,fury,31,11,20
Luküs,dun-modr,972,warrior,fury,25,13,12
Merdé,blackhand,969,warrior,fury,125,64,61
Niozihex,the-maelstrom,969,warrior,fury,57,25,32
Kungeen,silvermoon,968,warrior,fury,180,81,99
Malvred,eredar,968,warrior,fury,72,26,46
Solidier,archimonde,967,warrior,fury,95,41,54
Snoopdad,ravencrest,966,warrior,fury,27,15,12
Trôth,kazzak,960,warrior,fury,12,10,2
Rhâpsodyw,ravencrest,960,warrior,fury,12,10,2
Pj,sanguino,960,warrior,fury,12,10,2
Ástriax,ravencrest,960,warrior,fury,18,10,8
Phalek,argent-dawn,960,warrior,fury,18,10,8
Nazrihk,ravencrest,960,warrior,fury,18,10,8
Изикол,blackscar,960,warrior,fury,21,11,10
Ñegan,proudmoore,960,warrior,fury,24,10,14
Galatan,kazzak,959,warrior,fury,18,10,8
Highoverlord,aggra-português,959,warrior,fury,18,10,8
Wutraa,kazzak,959,warrior,fury,18,10,8
Tenicx,ravencrest,959,warrior,fury,18,10,8
Googas,aegwynn,959,warrior,fury,18,10,8
Scelletonx,silvermoon,959,warrior,fury,18,10,8
Psixi,stormscale,959,warrior,fury,18,10,8
Belmønt,archimonde,959,warrior,fury,18,10,8
Ramboramon,silvermoon,959,warrior,fury,18,10,8
Осадчийофдес,soulflayer,959,warrior,fury,18,10,8
Oowar,burning-legion,959,warrior,fury,18,10,8
Vandarms,archimonde,959,warrior,fury,24,10,14
Bøgatyr,draenor,959,warrior,fury,24,10,14
Xurainlol,eredar,958,warrior,fury,12,10,2
Profwar,drakthul,958,warrior,fury,18,10,8
Antilopkräm,kazzak,958,warrior,fury,18,10,8
Белхэнд,soulflayer,958,warrior,fury,18,10,8
Avgorcgodx,stormscale,958,warrior,fury,18,10,8
Гневиболь,gordunni,958,warrior,fury,18,10,8
Taaø,ravencrest,958,warrior,fury,24,10,14
Оргрриммар,soulflayer,958,warrior,fury,24,10,14
Korama,emerald-dream,958,warrior,fury,24,10,14
Razoo,stormscale,958,warrior,fury,30,10,20
Etelä,stormreaver,957,warrior,fury,18,10,8
Лотархард,gordunni,957,warrior,fury,18,10,8
Hellocritty,blackmoore,957,warrior,fury,18,10,8
Kriticah,sanguino,957,warrior,fury,18,10,8
Immera,silvermoon,957,warrior,fury,18,10,8
Budwise,stormscale,957,warrior,fury,18,10,8
Sørêy,aegwynn,957,warrior,fury,21,11,10
Dxc,blackhand,957,warrior,fury,24,10,14
Viviora,blackmoore,956,warrior,fury,12,10,2
Settin,silvermoon,956,warrior,fury,18,10,8
Chrobochrot,burning-blade,956,warrior,fury,24,10,14
Thodak,blackrock,956,warrior,fury,30,10,20
Kurenn,tarren-mill,956,warrior,fury,30,10,20
Nætøx,ravencrest,955,warrior,fury,18,10,8
Julmawarru,twisting-nether,955,warrior,fury,24,10,14
Nozhar,stormscale,955,warrior,fury,24,10,14
Dgyfh,dun-morogh,954,warrior,fury,18,10,8
Stormíe,outland,954,warrior,fury,18,10,8
Zames,ravencrest,954,warrior,fury,24,10,14
Dreadnova,tarren-mill,954,warrior,fury,24,10,14
Artheim,silvermoon,954,warrior,fury,36,10,26
Ампутиль,gordunni,953,warrior,fury,18,10,8
Xonnico,ravencrest,953,warrior,fury,30,11,19
Raksor,hyjal,952,warrior,fury,21,11,10
Taurras,nathrezim,952,warrior,fury,128,66,62
Thebiggreen,twisting-nether,951,warrior,fury,18,10,8
Murotan,dalaran,951,warrior,fury,30,10,20
Fwgzl,silvermoon,950,warrior,fury,220,101,119
Лизерус,eversong,949,warrior,fury,12,10,2
Inexo,blackrock,949,warrior,fury,42,18,24
Potátonerd,kazzak,949,warrior,fury,24,10,14
Gahal,tyrande,948,warrior,fury,24,10,14
Prime,outland,946,warrior,fury,24,10,14
Erenowski,twisting-nether,945,warrior,fury,24,10,14
Xaturesw,twisting-nether,943,warrior,fury,12,10,2
Mane,thunderhorn,943,warrior,fury,24,14,10
Gunnarre,khaz-modan,941,warrior,fury,24,10,14
Falaliss,elune,940,warrior,fury,74,33,41
Killaa,magtheridon,937,warrior,fury,30,10,20
Saykage,blackhand,935,warrior,fury,24,10,14
Эребб,howling-fjord,933,warrior,fury,66,31,35
Schildwall,aegwynn,933,warrior,fury,24,10,14
Торакусу,gordunni,931,warrior,fury,96,47,49
Dolora,ragnaros,930,warrior,fury,50,23,27
Titanhaut,frostwolf,929,warrior,fury,18,10,8
Oxandrolona,argent-dawn,926,warrior,fury,30,10,20
Waríos,blackrock,925,warrior,fury,30,10,20
Solatika,alexstrasza,924,warrior,fury,201,102,99
Ocelote,elune,922,warrior,fury,30,16,14
Pitii,burning-legion,920,warrior,fury,20,11,9
Dirtybugga,nagrand,916,warrior,fury,16,11,5
Arnoldalois,neptulon,912,warrior,fury,58,23,35
Tgabor,ragnaros,911,warrior,fury,15,10,5
Skorm,mugthol,911,warrior,fury,17,10,7
Vohnkar,emeriss,909,warrior,fury,27,11,16
Злопиканкин,gordunni,905,warrior,fury,19,11,8
Лилслайм,gordunni,905,warrior,fury,48,25,23
Armoricus,argent-dawn,903,warrior,fury,24,11,13
Dullegriet,veknilash,897,warrior,fury,43,11,32
Арнвальд,galakrond,896,warrior,fury,36,18,18
Gardur,blackrock,895,warrior,fury,15,11,4
Murgrimm,die-silberne-hand,895,warrior,fury,99,48,51
Rédsonja,chamber-of-aspects,894,warrior,fury,70,34,36
Gnompower,archimonde,892,warrior,fury,17,10,7
Warallari,khaz-modan,892,warrior,fury,56,27,29
Jhoakim,argent-dawn,892,warrior,fury,27,10,17
Djranji,kazzak,891,warrior,fury,22,10,12
Bëlzé,les-clairvoyants,887,warrior,fury,38,14,24
Colluba,frostwolf,884,warrior,fury,41,23,18
Tavywar,the-maelstrom,881,warrior,fury,39,11,28
Shinnok,stormreaver,879,warrior,fury,48,20,28
Mélin,ravencrest,876,warrior,fury,19,10,9
Jâbs,hyjal,875,warrior,fury,36,11,25
Yildiz,kargath,868,warrior,fury,126,62,64
Ønlyfâns,stormscale,864,warrior,fury,12,9,3
Аэска,deathweaver,864,warrior,fury,12,9,3
Kaieh,argent-dawn,864,warrior,fury,12,9,3
Føxis,aegwynn,864,warrior,fury,12,9,3
Granlach,sunstrider,864,warrior,fury,12,9,3
Kihili,twisting-nether,864,warrior,fury,12,9,3
Lildaddypump,ravencrest,864,warrior,fury,18,9,9
Sjet,terrordar,864,warrior,fury,18,9,9
Лёшавор,howling-fjord,864,warrior,fury,18,9,9
Рэйвисмашина,gordunni,864,warrior,fury,24,9,15
Мираккл,borean-tundra,864,warrior,fury,24,9,15
Watergate,ysondre,864,warrior,fury,24,9,15
Âshkä,ysondre,863,warrior,fury,12,9,3
Nalx,tarren-mill,863,warrior,fury,12,9,3
Нейв,blackscar,863,warrior,fury,18,9,9
Sindrener,ysondre,863,warrior,fury,18,9,9
Micromachine,argent-dawn,863,warrior,fury,18,9,9
Incendix,stormscale,863,warrior,fury,18,9,9
Nallepúh,silvermoon,863,warrior,fury,18,9,9
Аскагорт,soulflayer,863,warrior,fury,18,9,9
Littlewar,hyjal,863,warrior,fury,18,9,9
Therealskull,grim-batol,863,warrior,fury,18,9,9
Cavo,drakthul,863,warrior,fury,18,9,9
Showerfresh,silvermoon,863,warrior,fury,18,9,9
Preliator,outland,863,warrior,fury,18,9,9
Lunätic,sylvanas,863,warrior,fury,18,9,9
Buddysnaax,ravencrest,863,warrior,fury,18,9,9
Jkfede,nemesis,863,warrior,fury,18,9,9
Gargaflike,aggra-português,863,warrior,fury,18,9,9
Khrund,burning-legion,863,warrior,fury,32,14,18
Fuur,drakthul,863,warrior,fury,24,9,15
Оркнарос,soulflayer,862,warrior,fury,12,9,3
Realstars,tichondrius,862,warrior,fury,12,9,3
Exzecute,outland,862,warrior,fury,12,9,3
Warhero,burning-legion,862,warrior,fury,12,9,3
Lecorrecteur,archimonde,862,warrior,fury,18,9,9
Зэрок,howling-fjord,862,warrior,fury,18,9,9
Rândy,confrérie-du-thorium,862,warrior,fury,18,9,9
Хэлвид,soulflayer,862,warrior,fury,18,9,9
Shurubel,outland,862,warrior,fury,18,9,9
Grimleaper,twisting-nether,862,warrior,fury,18,9,9
Vìbe,archimonde,862,warrior,fury,24,9,15
Abubrhm,kazzak,861,warrior,fury,12,9,3
Denshyel,dun-modr,861,warrior,fury,15,10,5
Dieselengine,draenor,861,warrior,fury,18,9,9
Bruxus,blackhand,861,warrior,fury,18,9,9
Zehirjin,sargeras,861,warrior,fury,18,9,9
Hellscreamer,auchindoun,860,warrior,fury,12,9,3
Afk,emeriss,860,warrior,fury,18,9,9
Ragecrit,ragnaros,859,warrior,fury,24,9,15
Valkirya,arthas,859,warrior,fury,30,9,21
Iwts,archimonde,858,warrior,fury,18,9,9
Stroj,aerie-peak,856,warrior,fury,78,39,39
Блиблоб,eversong,852,warrior,fury,18,9,9
Kharzak,ungoro,849,warrior,fury,18,9,9
Спунжио,ashenvale,848,warrior,fury,18,9,9
Откачкакала,blackscar,846,warrior,fury,17,9,8
Glavý,burning-legion,845,warrior,fury,23,9,14
Giemb,doomhammer,844,warrior,fury,78,28,50
Tiscanno,nemesis,842,warrior,fury,49,24,25
Telamonas,haomarush,839,warrior,fury,18,9,9
Albabhaltair,quelthalas,838,warrior,fury,30,12,18
Pollverizer,ghostlands,837,warrior,fury,45,19,26
Ânaxi,silvermoon,831,warrior,fury,14,10,4
Chàrgex,blackrock,831,warrior,fury,16,10,6
Zodiakós,burning-legion,831,warrior,fury,17,9,8
Zerathos,emerald-dream,830,warrior,fury,72,20,52
Josephoise,hyjal,825,warrior,fury,17,9,8
Nainpossible,marécage-de-zangar,825,warrior,fury,18,9,9
Iæ,perenolde,818,warrior,fury,18,9,9
Jøtawarrior,sanguino,815,warrior,fury,17,9,8
Tatya,drekthar,815,warrior,fury,21,10,11
Slayfox,dun-morogh,815,warrior,fury,23,9,14
Варриорнир,howling-fjord,814,warrior,fury,14,10,4
Kímó,silvermoon,814,warrior,fury,15,9,6
Pixelknight,argent-dawn,813,warrior,fury,15,10,5
Miina,blutkessel,802,warrior,fury,18,9,9
Khanox,twisting-nether,799,warrior,fury,17,9,8
Jakedo,outland,799,warrior,fury,23,9,14
Guinnasse,khaz-modan,794,warrior,fury,21,9,12
Herkalandor,ragnaros,794,warrior,fury,33,9,24
Iamanorc,silvermoon,789,warrior,fury,20,9,11
Filador,wildhammer,788,warrior,fury,30,12,18
Boxersene,blackmoore,784,warrior,fury,28,10,18
Parteyunques,sanguino,783,warrior,fury,19,9,10
Xguildone,magtheridon,772,warrior,fury,112,46,66
Pasor,ysondre,768,warrior,fury,12,8,4
Cleavnseagal,ravencrest,768,warrior,fury,12,8,4
Dimethefoxx,argent-dawn,768,warrior,fury,12,8,4
Bím,archimonde,768,warrior,fury,12,8,4
Ironfangs,argent-dawn,768,warrior,fury,12,8,4
Xecutie,antonidas,768,warrior,fury,12,8,4
Dragonfly,nathrezim,768,warrior,fury,12,8,4
Trensexual,twisting-nether,768,warrior,fury,12,8,4
Varøkka,aegwynn,768,warrior,fury,12,8,4
Бэнчпресс,soulflayer,768,warrior,fury,12,8,4
Blizo,tarren-mill,768,warrior,fury,12,8,4
Grroom,tarren-mill,768,warrior,fury,12,8,4
Zern,draenor,768,warrior,fury,12,8,4
Sargul,ragnaros,768,warrior,fury,12,8,4
Chaseheal,frostwolf,768,warrior,fury,12,8,4
Grkpwh,silvermoon,768,warrior,fury,12,8,4
Keññyfðx,ysondre,768,warrior,fury,18,8,10
Вуриор,howling-fjord,768,warrior,fury,18,8,10
Krathox,kazzak,768,warrior,fury,18,8,10
Untiltèd,ravencrest,768,warrior,fury,18,8,10
Kondomi,stormreaver,768,warrior,fury,18,8,10
Joéfernandés,sylvanas,768,warrior,fury,18,8,10
Zimbabakunda,ravencrest,768,warrior,fury,18,8,10
Mobyl,twisting-nether,768,warrior,fury,18,8,10
Nightvision,skullcrusher,768,warrior,fury,18,8,10
Largeblade,kazzak,767,warrior,fury,12,8,4
Rooflolly,argent-dawn,767,warrior,fury,12,8,4
Báshx,outland,767,warrior,fury,12,8,4
Kìrìtosan,pozzo-delleternità,767,warrior,fury,12,8,4
Manomamix,archimonde,767,warrior,fury,12,8,4
Noout,elune,767,warrior,fury,12,8,4
Birikkin,draenor,767,warrior,fury,12,8,4
Skeptikal,argent-dawn,767,warrior,fury,12,8,4
Skillclapped,ravencrest,767,warrior,fury,15,9,6
Онатолька,eversong,767,warrior,fury,16,9,7
Saarhoy,silvermoon,767,warrior,fury,18,8,10
Sabijach,kazzak,767,warrior,fury,18,8,10
Akril,kelthuzad,767,warrior,fury,18,8,10
Youras,outland,767,warrior,fury,18,8,10
Зулльварн,thermaplugg,767,warrior,fury,18,8,10
Koliastra,magtheridon,767,warrior,fury,18,8,10
Фелёр,gordunni,767,warrior,fury,18,8,10
Arandyr,archimonde,767,warrior,fury,18,8,10
Ðíscøwârrìør,nethersturm,767,warrior,fury,18,8,10
Изберг,soulflayer,767,warrior,fury,18,8,10
Rndname,malganis,767,warrior,fury,18,8,10
Naazwar,stormscale,767,warrior,fury,18,8,10
Kristinas,tarren-mill,767,warrior,fury,18,8,10
Dallion,azjolnerub,767,warrior,fury,18,8,10
Gonutz,sylvanas,767,warrior,fury,18,8,10
Ødên,frostmane,767,warrior,fury,18,8,10
Dollybúrster,aegwynn,767,warrior,fury,18,8,10
Глинм,gordunni,767,warrior,fury,24,8,16
Rîdler,ravencrest,767,warrior,fury,24,8,16
Hekto,burning-legion,766,warrior,fury,12,8,4
Warriur,silvermoon,766,warrior,fury,12,8,4
Labodor,blackhand,766,warrior,fury,12,8,4
Pahgorim,blackhand,766,warrior,fury,18,8,10
Byorr,marécage-de-zangar,766,warrior,fury,18,8,10
Deadwaifu,ragnaros,766,warrior,fury,18,8,10
Throndin,dun-modr,766,warrior,fury,24,8,16
Knussnacker,sanguino,765,warrior,fury,12,8,4
Roninwar,the-maelstrom,764,warrior,fury,18,8,10
Ryuma,lordaeron,764,warrior,fury,18,8,10
Malasortë,sylvanas,764,warrior,fury,18,8,10
Imelite,antonidas,764,warrior,fury,18,8,10
Furginox,argent-dawn,764,warrior,fury,24,8,16
Greatsword,turalyon,763,warrior,fury,12,8,4
Tsu,karazhan,763,warrior,fury,18,8,10
Skeeby,ravencrest,763,warrior,fury,24,8,16
Cazzpowa,frostmane,762,warrior,fury,12,8,4
Theunknown,eonar,762,warrior,fury,24,8,16
Rammaxx,tarren-mill,761,warrior,fury,18,8,10
Khaalo,blackhand,760,warrior,fury,12,8,4
Ксартус,gordunni,760,warrior,fury,24,8,16
Ремарус,fordragon,759,warrior,fury,12,8,4
Lâppön,blackmoore,759,warrior,fury,18,8,10
Czarian,ragnaros,759,warrior,fury,36,8,28
Ошинай,gordunni,756,warrior,fury,18,8,10
Uleixoshark,argent-dawn,754,warrior,fury,18,8,10
Zarkos,onyxia,754,warrior,fury,24,8,16
Destrzadora,exodar,750,warrior,fury,18,8,10
Tronhaur,stormscale,739,warrior,fury,29,9,20
Boadicèe,archimonde,735,warrior,fury,17,8,9
Aedin,ravencrest,734,warrior,fury,17,8,9
Branzei,darkspear,731,warrior,fury,22,8,14
Вагранна,soulflayer,719,warrior,fury,17,8,9
ßloodz,hyjal,719,warrior,fury,21,8,13
Bragush,shattrath,718,warrior,fury,11,8,3
Yenïa,argent-dawn,718,warrior,fury,21,8,13
Ентил,gordunni,718,warrior,fury,23,8,15
Cmonbrah,ravencrest,714,warrior,fury,15,9,6
Shostka,draenor,702,warrior,fury,10,8,2
Manelar,draenor,702,warrior,fury,14,8,6
Kilkov,emeriss,701,warrior,fury,16,8,8
Grekowar,dalaran,700,warrior,fury,17,8,9
Amédé,ysondre,697,warrior,fury,17,8,9
Kirix,aegwynn,688,warrior,fury,17,8,9
Giltiné,runetotem,687,warrior,fury,13,8,5
Bubbsi,turalyon,674,warrior,fury,24,8,16
Дмидрашх,howling-fjord,672,warrior,fury,10,8,2
Khrtw,silvermoon,672,warrior,fury,12,7,5
Alyx,mugthol,672,warrior,fury,12,7,5
Hàssard,outland,672,warrior,fury,12,7,5
Думслэер,gordunni,672,warrior,fury,12,7,5
Escapeartíst,ravencrest,672,warrior,fury,12,7,5
Chíppéd,draenor,672,warrior,fury,12,7,5
Ézélya,dalaran,672,warrior,fury,12,7,5
Инкула,gordunni,672,warrior,fury,12,7,5
Yuuta,ravencrest,672,warrior,fury,12,7,5
Harbor,burning-blade,672,warrior,fury,12,7,5
Rektdrum,ravencrest,672,warrior,fury,12,7,5
Jollypig,stormscale,672,warrior,fury,12,7,5
Kuangbaozhan,dun-morogh,672,warrior,fury,12,7,5
Youstupide,drekthar,672,warrior,fury,12,7,5
Fragsonic,stormscale,672,warrior,fury,12,7,5
Saurens,twisting-nether,672,warrior,fury,12,7,5
Кефтеме,fordragon,672,warrior,fury,12,7,5
Hortswarr,drakthul,672,warrior,fury,12,7,5
Parafilia,uldum,672,warrior,fury,12,7,5
Lamettaheini,tichondrius,672,warrior,fury,12,7,5
Corlo,uldaman,672,warrior,fury,18,7,11
Gramrosh,eredar,672,warrior,fury,18,7,11
Кэйкан,gordunni,672,warrior,fury,18,7,11
Banshe,ragnaros,672,warrior,fury,18,7,11
Shintuargar,blackrock,672,warrior,fury,18,7,11
Foboa,archimonde,672,warrior,fury,18,7,11
Awan,malygos,672,warrior,fury,18,7,11
Istenn,stormscale,672,warrior,fury,18,7,11
Rarae,kazzak,672,warrior,fury,18,7,11
Devso,ravencrest,672,warrior,fury,18,7,11
Omcat,dun-modr,672,warrior,fury,18,7,11
Súbzéro,argent-dawn,672,warrior,fury,18,7,11
Учихагодх,howling-fjord,672,warrior,fury,18,7,11
Tsuperman,tarren-mill,672,warrior,fury,18,7,11
Showneck,blackmoore,671,warrior,fury,12,7,5
Haraldjuhnke,frostwolf,671,warrior,fury,12,7,5
Timmyda,dalaran,671,warrior,fury,12,7,5
Sniperwølf,tyrande,671,warrior,fury,12,7,5
Shayarielle,zirkel-des-cenarius,671,warrior,fury,12,7,5
Roitz,tarren-mill,671,warrior,fury,12,7,5
Sweeyz,elune,671,warrior,fury,12,7,5
Anabolika,stormrage,671,warrior,fury,12,7,5
Broknagar,draenor,671,warrior,fury,12,7,5
Sargonas,burning-blade,671,warrior,fury,12,7,5
Grumpy,lightbringer,671,warrior,fury,12,7,5
Pépêloup,archimonde,671,warrior,fury,12,7,5
Rryba,blackrock,671,warrior,fury,12,7,5
Septymyya,eredar,671,warrior,fury,15,8,7
Dupnica,kazzak,671,warrior,fury,18,7,11
Geneazyx,silvermoon,671,warrior,fury,18,7,11
Кингкраш,gordunni,671,warrior,fury,18,7,11
Bjorsert,dun-modr,671,warrior,fury,18,7,11
Zonash,kazzak,671,warrior,fury,18,7,11
Jaowa,blackmoore,671,warrior,fury,18,7,11
Têtebruler,archimonde,671,warrior,fury,18,7,11
Рипаю,howling-fjord,671,warrior,fury,18,7,11
Bonnejournée,stormscale,671,warrior,fury,18,7,11
Rangnarr,doomhammer,671,warrior,fury,18,7,11
Nuclearrage,outland,671,warrior,fury,18,7,11
Otzmokk,blackmoore,671,warrior,fury,21,8,13
Izrael,alakir,670,warrior,fury,12,7,5
Chadchadsson,ravencrest,670,warrior,fury,12,7,5
Ölaff,ravencrest,670,warrior,fury,12,7,5
Obaru,antonidas,670,warrior,fury,12,7,5
Terminatòr,pozzo-delleternità,670,warrior,fury,16,8,8
Zargala,stormscale,670,warrior,fury,18,7,11
Durus,burning-blade,670,warrior,fury,18,7,11
Bloódángel,frostwolf,670,warrior,fury,18,7,11
Bankaju,burning-legion,669,warrior,fury,18,7,11
Wilmazutschn,nethersturm,669,warrior,fury,18,7,11
Grenad,kazzak,668,warrior,fury,18,7,11
Galdir,ravencrest,665,warrior,fury,12,7,5
Áosr,ravencrest,664,warrior,fury,12,7,5
Aciu,doomhammer,663,warrior,fury,12,7,5
Deadchïld,drakthul,655,warrior,fury,11,7,4
Strânge,gorgonnash,654,warrior,fury,17,7,10
Shedzo,tarren-mill,639,warrior,fury,14,8,6
Apocrypha,darkspear,639,warrior,fury,17,7,10
Mongojones,outland,623,warrior,fury,11,7,4
Autümn,argent-dawn,618,warrior,fury,21,8,13
Nèssa,outland,607,warrior,fury,14,7,7
Ivâar,archimonde,607,warrior,fury,14,7,7
Scofiéld,lordaeron,601,warrior,fury,11,7,4
Lykevil,medivh,598,warrior,fury,20,7,13
Quarantino,ysondre,590,warrior,fury,23,7,16
Thighbreaker,silvermoon,576,warrior,fury,6,6,0
Thomasman,nerathor,576,warrior,fury,6,6,0
Артэкриогг,soulflayer,576,warrior,fury,6,6,0
Rhagnok,archimonde,576,warrior,fury,6,6,0
Aurélus,rexxar,576,warrior,fury,12,6,6
Nøcturnaqq,silvermoon,576,warrior,fury,12,6,6
Sakumo,sylvanas,576,warrior,fury,12,6,6
Rawrstorm,silvermoon,576,warrior,fury,12,6,6
Filoliha,silvermoon,576,warrior,fury,12,6,6
Ränchiëk,ravencrest,576,warrior,fury,12,6,6
Buckiesøde,twisting-nether,576,warrior,fury,12,6,6
Kapuchino,twisting-nether,576,warrior,fury,12,6,6
Фокатопх,blackscar,576,warrior,fury,12,6,6
Braindeady,burning-legion,576,warrior,fury,12,6,6
Kaveli,tarren-mill,576,warrior,fury,12,6,6
Rudvard,hyjal,576,warrior,fury,12,6,6
Dominikhasek,stormscale,576,warrior,fury,12,6,6
Ellissari,tirion,576,warrior,fury,12,6,6
Timagno,nemesis,576,warrior,fury,12,6,6
Kalho,ravencrest,576,warrior,fury,12,6,6
Омертин,howling-fjord,576,warrior,fury,12,6,6
Cleaner,blackmoore,576,warrior,fury,12,6,6
Gnomet,auchindoun,576,warrior,fury,12,6,6
Baboonqt,hyjal,576,warrior,fury,12,6,6
Pistolpenny,stormscale,576,warrior,fury,12,6,6
Geckoo,emerald-dream,576,warrior,fury,12,6,6
Bloodbath,burning-legion,576,warrior,fury,12,6,6
Sêrên,dun-modr,576,warrior,fury,12,6,6
Rylbrah,blackmoore,576,warrior,fury,12,6,6
Роули,blackscar,576,warrior,fury,12,6,6
Obitron,argent-dawn,576,warrior,fury,12,6,6
Zoink,burning-blade,576,warrior,fury,12,6,6
Deamonn,kazzak,576,warrior,fury,12,6,6
Dhloos,kazzak,576,warrior,fury,12,6,6
Виртилий,soulflayer,576,warrior,fury,12,6,6
Änvil,tarren-mill,576,warrior,fury,12,6,6
Фузо,gordunni,576,warrior,fury,12,6,6
Bstgame,frostmane,576,warrior,fury,12,6,6
Саркон,ashenvale,576,warrior,fury,12,6,6
Luchanka,the-maelstrom,576,warrior,fury,12,6,6
Lanahan,argent-dawn,576,warrior,fury,12,6,6
Фктпх,blackscar,576,warrior,fury,12,6,6
Balthew,defias-brotherhood,576,warrior,fury,12,6,6
Wheelbarrow,eredar,576,warrior,fury,12,6,6
Yenkonov,blackmoore,576,warrior,fury,12,6,6
Rexonawarr,kazzak,576,warrior,fury,12,6,6
Engalxsol,tarren-mill,576,warrior,fury,12,6,6
Bigblackmooh,tarren-mill,576,warrior,fury,12,6,6
Rinowar,archimonde,576,warrior,fury,12,6,6
Arcreign,kazzak,576,warrior,fury,12,6,6
Stanfury,sylvanas,576,warrior,fury,12,6,6
Zkb,zuljin,576,warrior,fury,12,6,6
Maowiecki,burning-legion,576,warrior,fury,12,6,6
Rarcus,chamber-of-aspects,576,warrior,fury,12,6,6
Гигасмэш,gordunni,576,warrior,fury,12,6,6
Bulgrash,blackmoore,576,warrior,fury,12,6,6
Thogrêy,archimonde,576,warrior,fury,12,6,6
Асгинор,gordunni,576,warrior,fury,12,6,6
Pílot,ravencrest,576,warrior,fury,15,7,8
Hulkzmash,tarren-mill,576,warrior,fury,18,6,12
Bobolalegend,dalaran,576,warrior,fury,18,6,12
Guerriax,les-sentinelles,576,warrior,fury,18,6,12
Himarsenko,silvermoon,576,warrior,fury,18,6,12
Prettyangel,aegwynn,576,warrior,fury,18,6,12
Neoni,defias-brotherhood,576,warrior,fury,18,6,12
Redwraith,stormscale,576,warrior,fury,18,6,12
Сталиран,gordunni,576,warrior,fury,18,6,12
Massiveape,argent-dawn,576,warrior,fury,18,6,12
Deswarr,tarren-mill,576,warrior,fury,18,6,12
Zercher,tarren-mill,576,warrior,fury,18,6,12
Illmìndofboo,twisting-nether,576,warrior,fury,18,6,12
Эксихард,gordunni,576,warrior,fury,18,6,12
Berzzerker,tarren-mill,575,warrior,fury,12,6,6
Xenesthis,dun-morogh,575,warrior,fury,12,6,6
Zulien,sanguino,575,warrior,fury,12,6,6
Richymorty,los-errantes,575,warrior,fury,12,6,6
Durrüti,sanguino,575,warrior,fury,12,6,6
Ztranger,the-maelstrom,575,warrior,fury,12,6,6
Nihroxis,blackrock,575,warrior,fury,12,6,6
Моргаур,howling-fjord,575,warrior,fury,12,6,6
Ffrancis,eldrethalas,575,warrior,fury,12,6,6
Granni,archimonde,575,warrior,fury,12,6,6
Akinewan,twisting-nether,575,warrior,fury,12,6,6
Auauau,arthas,575,warrior,fury,12,6,6
Swàck,mazrigos,575,warrior,fury,12,6,6
Esegryel,argent-dawn,575,warrior,fury,12,6,6
Kogän,ragnaros,575,warrior,fury,12,6,6
Leorx,draenor,575,warrior,fury,12,6,6
Vmnbgh,aszune,575,warrior,fury,12,6,6
Jâmâli,malganis,575,warrior,fury,12,6,6
Marjorieann,drakthul,575,warrior,fury,12,6,6
Evilmowaio,tarren-mill,575,warrior,fury,18,6,12
Krasark,blackmoore,575,warrior,fury,18,6,12
Сэрг,gordunni,575,warrior,fury,18,6,12
Argomor,stormscale,575,warrior,fury,18,6,12
Saevitius,aegwynn,575,warrior,fury,18,6,12
Nidwar,quelthalas,575,warrior,fury,18,6,12
Zhubaiji,ravencrest,575,warrior,fury,18,6,12
Kiryn,draenor,575,warrior,fury,18,6,12
Tîrael,antonidas,575,warrior,fury,18,6,12
Akäme,ysondre,575,warrior,fury,18,6,12
Dmskodame,doomhammer,575,warrior,fury,18,6,12
Khazoroth,blackmoore,575,warrior,fury,18,6,12
Execútie,argent-dawn,575,warrior,fury,18,6,12
Juanvaco,tarren-mill,575,warrior,fury,24,6,18
Вкусныисыр,soulflayer,574,warrior,fury,12,6,6
Bruko,silvermoon,574,warrior,fury,12,6,6
Exødiä,hyjal,574,warrior,fury,12,6,6
Denisamanea,chamber-of-aspects,574,warrior,fury,18,6,12
Gomblin,blackmoore,573,warrior,fury,12,6,6
Wardropeeh,argent-dawn,573,warrior,fury,12,6,6
Admiràl,azuremyst,573,warrior,fury,12,6,6
Хенесии,soulflayer,573,warrior,fury,15,7,8
Джомалкович,deathweaver,572,warrior,fury,12,6,6
Deushill,sylvanas,570,warrior,fury,12,6,6
Ragghatt,draenor,570,warrior,fury,18,6,12
Bhzerrkk,nerathor,564,warrior,fury,24,6,18
Nokla,kazzak,559,warrior,fury,11,6,5
Loty,drakthul,559,warrior,fury,17,6,11
Røidrage,stormscale,559,warrior,fury,20,7,13
Mokwo,chogall,543,warrior,fury,14,7,7
Refl,kazzak,543,warrior,fury,17,6,11
Endro,burning-legion,542,warrior,fury,11,6,5
Жлобьен,howling-fjord,542,warrior,fury,17,6,11
Xanatos,khazgoroth,541,warrior,fury,22,7,15
Piinte,naxxramas,536,warrior,fury,14,7,7
Harmstring,twisting-nether,528,warrior,fury,15,6,9
Мегамегаогр,howling-fjord,527,warrior,fury,11,6,5
Фишар,soulflayer,527,warrior,fury,11,6,5
Skeptikal,tarren-mill,527,warrior,fury,11,6,5
Narkololzz,marécage-de-zangar,527,warrior,fury,15,6,9
Quebradita,tyrande,526,warrior,fury,15,6,9
Skillissues,argent-dawn,522,warrior,fury,17,9,8
Retmain,draenor,522,warrior,fury,20,8,12
Kolxoz,doomhammer,521,warrior,fury,21,7,14
Oluwafunmila,tarren-mill,512,warrior,fury,10,6,4
Крагерр,gordunni,511,warrior,fury,14,6,8
Dreyker,sanguino,510,warrior,fury,14,6,8
Khartoz,kult-der-verdammten,510,warrior,fury,14,6,8
Blutwar,kazzak,499,warrior,fury,25,11,14
Kotechnik,ysondre,480,warrior,fury,6,5,1
Coko,kirin-tor,480,warrior,fury,6,5,1
Màlt,hyjal,480,warrior,fury,6,5,1
Xladérz,ravencrest,480,warrior,fury,6,5,1
Ishbosheth,stormscale,480,warrior,fury,6,5,1
Ragoar,blackmoore,480,warrior,fury,6,5,1
Klanky,draenor,480,warrior,fury,6,5,1
Daudal,frostwolf,480,warrior,fury,6,5,1
Melogranod,nemesis,480,warrior,fury,6,5,1
Дайбек,howling-fjord,480,warrior,fury,6,5,1
Вульфычч,gordunni,480,warrior,fury,6,5,1
Bulldòzèr,kazzak,480,warrior,fury,6,5,1
Obîwan,dalaran,480,warrior,fury,6,5,1
Kiaravnr,garona,480,warrior,fury,6,5,1
Bârney,ravencrest,480,warrior,fury,6,5,1
Frandor,dalaran,480,warrior,fury,6,5,1
Easypoîntsx,tarren-mill,480,warrior,fury,6,5,1
Juicycrits,ragnaros,480,warrior,fury,6,5,1
Röell,draenor,480,warrior,fury,6,5,1
Octtwar,twisting-nether,480,warrior,fury,6,5,1
Rüüd,mannoroth,480,warrior,fury,6,5,1
Ганахан,soulflayer,480,warrior,fury,6,5,1
Dariius,dun-modr,480,warrior,fury,6,5,1
Gguts,archimonde,480,warrior,fury,6,5,1
Çhoke,blackrock,480,warrior,fury,6,5,1
Nazhar,kult-der-verdammten,480,warrior,fury,6,5,1
Melted,ravencrest,480,warrior,fury,6,5,1
Pihvikostaja,stormreaver,480,warrior,fury,8,5,3
Nainculay,kaelthas,480,warrior,fury,10,5,5
Falnah,sargeras,480,warrior,fury,12,5,7
Balyndâ,aegwynn,480,warrior,fury,12,5,7
Donvasto,sylvanas,480,warrior,fury,12,5,7
Mkekw,draenor,480,warrior,fury,12,5,7
Friendlytwo,quelthalas,480,warrior,fury,12,5,7
Йошихироо,howling-fjord,480,warrior,fury,12,5,7
Khosn,ravencrest,480,warrior,fury,12,5,7
Léonie,arakarahm,480,warrior,fury,12,5,7
Dauderup,aerie-peak,480,warrior,fury,12,5,7
Jailegear,archimonde,480,warrior,fury,12,5,7
Jamyty,burning-legion,480,warrior,fury,12,5,7
Kaîsaschnitt,malganis,480,warrior,fury,12,5,7
Bløckqt,archimonde,480,warrior,fury,12,5,7
Jiziee,varimathras,480,warrior,fury,12,5,7
Nazdrago,draenor,480,warrior,fury,12,5,7
Bîmbämboom,blackmoore,480,warrior,fury,12,5,7
Тысячидуш,gordunni,480,warrior,fury,12,5,7
Darthmalgus,stormscale,480,warrior,fury,12,5,7
Stkacha,sanguino,480,warrior,fury,12,5,7
Eiche,kazzak,480,warrior,fury,12,5,7
Astrid,rajaxx,480,warrior,fury,12,5,7
Punahabe,draenor,480,warrior,fury,12,5,7
Obersten,stormscale,480,warrior,fury,12,5,7
Iloveit,draenor,480,warrior,fury,12,5,7
Rohc,kazzak,480,warrior,fury,12,5,7
Bíanco,blackrock,480,warrior,fury,12,5,7
Orcmanyes,tarren-mill,480,warrior,fury,12,5,7
Ruixxted,stormreaver,480,warrior,fury,12,5,7
Гатал,howling-fjord,480,warrior,fury,12,5,7
Xatit,ravencrest,480,warrior,fury,12,5,7
Like,blackrock,480,warrior,fury,12,5,7
Tanaja,stormscale,480,warrior,fury,12,5,7
Arthayl,eredar,480,warrior,fury,12,5,7
Durahán,argent-dawn,480,warrior,fury,12,5,7
Lortèn,stormscale,480,warrior,fury,12,5,7
Lánse,ravencrest,480,warrior,fury,12,5,7
Petrixens,drakthul,480,warrior,fury,12,5,7
Rageaholic,blackmoore,480,warrior,fury,12,5,7
Baleroni,burning-legion,480,warrior,fury,12,5,7
Fondugodx,archimonde,480,warrior,fury,12,5,7
Ulthrak,archimonde,480,warrior,fury,12,5,7
Кэфтэмэ,soulflayer,480,warrior,fury,12,5,7
Orkoje,argent-dawn,480,warrior,fury,12,5,7
Soullmike,drakthul,480,warrior,fury,12,5,7
Damáge,doomhammer,480,warrior,fury,12,5,7
Носфератузод,booty-bay,480,warrior,fury,12,5,7
Taskov,tarren-mill,480,warrior,fury,12,5,7
Xirár,sylvanas,480,warrior,fury,12,5,7
Kâllay,blackrock,480,warrior,fury,12,5,7
Лысыч,gordunni,480,warrior,fury,12,5,7
Riac,lothar,480,warrior,fury,12,5,7
Daeriuss,silvermoon,480,warrior,fury,12,5,7
Zeez,magtheridon,480,warrior,fury,12,5,7
Jugg,emerald-dream,480,warrior,fury,12,5,7
Beznacaj,outland,480,warrior,fury,12,5,7
Ratgor,twisting-nether,480,warrior,fury,12,5,7
Arinator,les-sentinelles,480,warrior,fury,12,5,7
Трис,fordragon,480,warrior,fury,12,5,7
Mouldyclunge,argent-dawn,480,warrior,fury,17,5,12
Fluffeh,argent-dawn,480,warrior,fury,18,5,13
Warjuice,draenor,480,warrior,fury,18,5,13
Nightmareb,magtheridon,480,warrior,fury,18,5,13
Delonathor,drakthul,480,warrior,fury,18,5,13
Ukloth,sanguino,480,warrior,fury,18,5,13
Bindera,silvermoon,480,warrior,fury,18,5,13
Sambucá,blackmoore,480,warrior,fury,18,5,13
Asuross,dalaran,480,warrior,fury,18,5,13
Haregos,gorgonnash,479,warrior,fury,6,5,1
Porrter,silvermoon,479,warrior,fury,6,5,1
Maidenless,quelthalas,479,warrior,fury,12,5,7
Wärlight,nemesis,479,warrior,fury,12,5,7
Granrubin,dun-modr,479,warrior,fury,12,5,7
Элейд,thermaplugg,479,warrior,fury,12,5,7
Sevorok,blackrock,479,warrior,fury,12,5,7
Azrail,xavius,479,warrior,fury,12,5,7
Luciferkhan,twisting-nether,479,warrior,fury,12,5,7
Brutalz,kazzak,479,warrior,fury,12,5,7
Cosmoses,mazrigos,479,warrior,fury,12,5,7
Miotyz,ahnqiraj,479,warrior,fury,12,5,7
Keaile,tarren-mill,479,warrior,fury,12,5,7
Hynekiller,silvermoon,479,warrior,fury,12,5,7
Мухалии,howling-fjord,479,warrior,fury,12,5,7
Pipsysimp,ragnaros,479,warrior,fury,12,5,7
Чорныгвард,gordunni,479,warrior,fury,12,5,7
Jeembo,blackmoore,479,warrior,fury,18,5,13
Rubyodin,tarren-mill,479,warrior,fury,18,5,13
Zexsors,kazzak,479,warrior,fury,18,5,13
Гаргончик,gordunni,479,warrior,fury,18,5,13
Pumáni,silvermoon,479,warrior,fury,18,5,13
Noizekick,ragnaros,479,warrior,fury,23,5,18
Harny,silvermoon,477,warrior,fury,10,6,4
Devrez,draenor,477,warrior,fury,12,5,7
Grystal,blackrock,477,warrior,fury,24,5,19
Omosha,burning-legion,476,warrior,fury,12,5,7
Roostai,shattered-hand,476,warrior,fury,12,5,7
Worcan,blackmoore,476,warrior,fury,15,6,9
Ascendeadw,kazzak,447,warrior,fury,11,5,6
Dvärgrobot,draenor,447,warrior,fury,11,5,6
Baylis,kazzak,447,warrior,fury,11,5,6
Autumnfálls,kazzak,446,warrior,fury,10,6,4
Infecwarr,stormscale,431,warrior,fury,11,5,6
Chonku,draenor,431,warrior,fury,11,5,6
Talathas,archimonde,431,warrior,fury,11,5,6
Valrathion,ravencrest,426,warrior,fury,17,8,9
Пыпыса,gordunni,426,warrior,fury,13,6,7
Yugoslav,argent-dawn,426,warrior,fury,16,6,10
Zeryyo,blackrock,416,warrior,fury,10,5,5
Remen,archimonde,416,warrior,fury,10,5,5
Ronda,nemesis,414,warrior,fury,8,5,3
Famous,argent-dawn,400,warrior,fury,7,5,2
Balro,blackmoore,398,warrior,fury,11,6,5
Illyrish,blackmoore,393,warrior,fury,15,6,9
Чосо,razuvious,384,warrior,fury,6,4,2
Moowar,defias-brotherhood,384,warrior,fury,6,4,2
Айфилшок,gordunni,384,warrior,fury,6,4,2
Chickatilo,ravencrest,384,warrior,fury,6,4,2
Raikes,argent-dawn,384,warrior,fury,6,4,2
Madvlad,twisting-nether,384,warrior,fury,6,4,2
Dregath,uldum,384,warrior,fury,6,4,2
Craíne,antonidas,384,warrior,fury,6,4,2
Stickifrån,darkspear,384,warrior,fury,6,4,2
Paaki,archimonde,384,warrior,fury,6,4,2
Nabb,outland,384,warrior,fury,6,4,2
Purporcfr,archimonde,384,warrior,fury,6,4,2
Svinarghulk,twisting-nether,384,warrior,fury,6,4,2
Vyseniä,dalaran,384,warrior,fury,6,4,2
Schwän,twisting-nether,384,warrior,fury,6,4,2
Thôras,anetheron,384,warrior,fury,6,4,2
Suzzon,hyjal,384,warrior,fury,6,4,2
Впижаме,gordunni,384,warrior,fury,6,4,2
Truepassion,outland,384,warrior,fury,6,4,2
Ändrow,dalaran,384,warrior,fury,6,4,2
Antícide,blackrock,384,warrior,fury,6,4,2
Mórdér,blackmoore,384,warrior,fury,6,4,2
Maxrior,runetotem,384,warrior,fury,6,4,2
Worgenalpha,garona,384,warrior,fury,6,4,2
Cheesehelmet,stormscale,384,warrior,fury,6,4,2
Dmgsponge,stormscale,384,warrior,fury,6,4,2
Crushonyou,aegwynn,384,warrior,fury,6,4,2
Zhalm,stormscale,384,warrior,fury,6,4,2
Chillycheesy,blackmoore,384,warrior,fury,6,4,2
Кайзерчиф,soulflayer,384,warrior,fury,6,4,2
Venomflex,sanguino,384,warrior,fury,6,4,2
Bravest,ragnaros,384,warrior,fury,6,4,2
Hofftor,eredar,384,warrior,fury,6,4,2
Highdive,outland,384,warrior,fury,6,4,2
Biboutons,sargeras,384,warrior,fury,6,4,2
Shuriká,blackmoore,384,warrior,fury,6,4,2
Beached,outland,384,warrior,fury,6,4,2
Rageweight,ragnaros,384,warrior,fury,6,4,2
Slux,outland,384,warrior,fury,6,4,2
Razzani,nathrezim,384,warrior,fury,6,4,2
Extasceh,turalyon,384,warrior,fury,6,4,2
Chipstjuven,tarren-mill,384,warrior,fury,6,4,2
Nukerz,kirin-tor,384,warrior,fury,6,4,2
Khalifa,stormscale,384,warrior,fury,6,4,2
Roadsick,outland,384,warrior,fury,6,4,2
Pierøne,nemesis,384,warrior,fury,6,4,2
Chargeyou,ragnaros,384,warrior,fury,6,4,2
Mornog,blackhand,384,warrior,fury,6,4,2
Nobelisarius,norgannon,384,warrior,fury,6,4,2
Hugobugo,anachronos,384,warrior,fury,6,4,2
Bigschnäbi,blackhand,384,warrior,fury,6,4,2
Strähne,malganis,384,warrior,fury,6,4,2
Dominow,ysondre,384,warrior,fury,6,4,2
Жарочныйшкаф,grom,384,warrior,fury,6,4,2
Klonyarika,ravencrest,384,warrior,fury,6,4,2
Gurrtug,argent-dawn,384,warrior,fury,6,4,2
Thegullet,draenor,384,warrior,fury,6,4,2
Warbigboss,draenor,384,warrior,fury,6,4,2
Executte,zuljin,384,warrior,fury,6,4,2
Бейлеор,gordunni,384,warrior,fury,6,4,2
Tweaked,argent-dawn,384,warrior,fury,6,4,2
Имбасенпай,howling-fjord,384,warrior,fury,6,4,2
Vullgrîm,blackmoore,384,warrior,fury,6,4,2
Trexzor,argent-dawn,384,warrior,fury,6,4,2
Lôreex,ravencrest,384,warrior,fury,6,4,2
Daldiee,ravencrest,384,warrior,fury,6,4,2
Zeldius,kazzak,384,warrior,fury,6,4,2
Viqi,alleria,384,warrior,fury,6,4,2
Bearimwar,ravencrest,384,warrior,fury,6,4,2
Zillrog,kazzak,384,warrior,fury,6,4,2
Banecrush,silvermoon,384,warrior,fury,6,4,2
Gotnuub,tarren-mill,384,warrior,fury,6,4,2
Slayermaxx,kazzak,384,warrior,fury,6,4,2
Korghar,xavius,384,warrior,fury,6,4,2
Bersurker,draenor,384,warrior,fury,6,4,2
Feelmyfúry,ravencrest,384,warrior,fury,6,4,2
Infernall,burning-legion,384,warrior,fury,6,4,2
Покручука,blackscar,384,warrior,fury,6,4,2
Anzzwar,silvermoon,384,warrior,fury,6,4,2
Dollystyle,kazzak,384,warrior,fury,6,4,2
Lôcutus,thrall,384,warrior,fury,6,4,2
Eliyel,silvermoon,384,warrior,fury,6,4,2
Gandosh,blackmoore,384,warrior,fury,6,4,2
Isenstrider,burning-legion,384,warrior,fury,7,4,3
Sanhaevel,ravencrest,384,warrior,fury,10,4,6
Rotgesicht,blackrock,384,warrior,fury,12,4,8
Tysonfurry,defias-brotherhood,384,warrior,fury,12,4,8
Katmos,baelgun,384,warrior,fury,12,4,8
Blæsild,ravencrest,384,warrior,fury,12,4,8
Jaru,alleria,384,warrior,fury,12,4,8
Testonator,outland,384,warrior,fury,12,4,8
Blackhêart,shadowsong,384,warrior,fury,12,4,8
Utharis,stormscale,384,warrior,fury,12,4,8
Деспазитыч,fordragon,384,warrior,fury,12,4,8
Причинный,booty-bay,384,warrior,fury,12,4,8
Pattrock,blackmoore,384,warrior,fury,12,4,8
Sahl,sylvanas,384,warrior,fury,12,4,8
Aprilis,thrall,384,warrior,fury,12,4,8
Yaune,ravencrest,384,warrior,fury,12,4,8
Zorath,sanguino,384,warrior,fury,12,4,8
Ancore,kilrogg,384,warrior,fury,12,4,8
Bastrick,argent-dawn,384,warrior,fury,12,4,8
Цикламея,blackscar,384,warrior,fury,12,4,8
Stillpetao,dun-modr,384,warrior,fury,12,4,8
Tanalias,outland,384,warrior,fury,12,4,8
Xial,ravencrest,384,warrior,fury,12,4,8
Råkeff,tarren-mill,384,warrior,fury,12,4,8
Läskipää,argent-dawn,384,warrior,fury,12,4,8
Scrin,ravenholdt,384,warrior,fury,12,4,8
Барнетт,gordunni,384,warrior,fury,12,4,8
Aynerin,silvermoon,384,warrior,fury,12,4,8
Rawne,kirin-tor,384,warrior,fury,12,4,8
Ruz,defias-brotherhood,384,warrior,fury,12,4,8
Ryûjin,draenor,384,warrior,fury,12,4,8
Yumahee,kult-der-verdammten,384,warrior,fury,12,4,8
Bannedbybliz,garrosh,384,warrior,fury,12,4,8
Stamz,drakthul,384,warrior,fury,12,4,8
Ordínaryname,blackrock,384,warrior,fury,12,4,8
Bulletpants,argent-dawn,384,warrior,fury,12,4,8
Hackzoro,grim-batol,384,warrior,fury,12,4,8
Natriumwar,magtheridon,384,warrior,fury,12,4,8
Ganzaésábi,aggra-português,384,warrior,fury,12,4,8
Bllué,ravencrest,384,warrior,fury,12,4,8
Cesaro,blackhand,384,warrior,fury,12,4,8
Neekero,burning-legion,384,warrior,fury,12,4,8
Grumpwarrior,draenor,384,warrior,fury,12,4,8
Warfam,twisting-nether,384,warrior,fury,12,4,8
Sarkan,ravencrest,384,warrior,fury,12,4,8
Camaviinga,kazzak,384,warrior,fury,12,4,8
Überhase,taerar,384,warrior,fury,12,4,8
Shaxov,draenor,384,warrior,fury,12,4,8
Колобочек,eversong,384,warrior,fury,12,4,8
Fistawarrior,nemesis,384,warrior,fury,12,4,8
Varkoz,sylvanas,384,warrior,fury,12,4,8
Grisettê,archimonde,384,warrior,fury,12,4,8
Аркашевич,gordunni,384,warrior,fury,12,4,8
Sabak,archimonde,384,warrior,fury,12,4,8
Nexyycleave,kazzak,384,warrior,fury,12,4,8
Daxhter,sanguino,384,warrior,fury,12,4,8
Sininemunn,alakir,384,warrior,fury,13,4,9
Garradoom,stormscale,384,warrior,fury,17,5,12
Гантелявухо,blackscar,384,warrior,fury,14,4,10
Séarix,blackrock,384,warrior,fury,18,4,14
Bulbumbo,twisting-nether,383,warrior,fury,6,4,2
Siltiel,marécage-de-zangar,383,warrior,fury,6,4,2
Voa,stormscale,383,warrior,fury,6,4,2
Jún,dun-modr,383,warrior,fury,12,4,8
Haryssa,blackhand,383,warrior,fury,12,4,8
Fatbeard,twilights-hammer,383,warrior,fury,12,4,8
Dorwarhoof,ravencrest,383,warrior,fury,12,4,8
Basingaa,pozzo-delleternità,383,warrior,fury,12,4,8
Xhasan,sylvanas,383,warrior,fury,12,4,8
Xeonair,kazzak,383,warrior,fury,18,5,13
Ruuddy,draenor,382,warrior,fury,12,4,8
Uknowmeh,twisting-nether,380,warrior,fury,9,5,4
Colliderbody,dun-modr,367,warrior,fury,9,5,4
Scràvity,blackhand,367,warrior,fury,11,4,7
Proeliator,argent-dawn,367,warrior,fury,13,4,9
Ооч,gordunni,361,warrior,fury,17,4,13
Bogangains,outland,351,warrior,fury,8,5,3
Slaba,stormscale,351,warrior,fury,11,4,7
Toxîn,dalaran,351,warrior,fury,11,4,7
Hembränt,hellfire,351,warrior,fury,17,4,13
Bossít,doomhammer,336,warrior,fury,9,4,5
Padzwarr,kazzak,336,warrior,fury,9,4,5
Fawa,argent-dawn,336,warrior,fury,9,4,5
Blackseven,ravencrest,330,warrior,fury,9,6,3
Stix,nemesis,330,warrior,fury,15,5,10
Fleshwerk,silvermoon,320,warrior,fury,10,4,6
Medioçre,ravencrest,319,warrior,fury,5,4,1
Zazate,archimonde,319,warrior,fury,5,4,1
Футбольчик,thermaplugg,319,warrior,fury,8,4,4
Хоркан,blackscar,319,warrior,fury,8,4,4
Phòbos,stormrage,319,warrior,fury,11,4,7
Groullomus,archimonde,318,warrior,fury,10,4,6
Anaba,voljin,318,warrior,fury,10,4,6
Didgedelik,archimonde,288,warrior,fury,6,3,3
Frankytank,antonidas,288,warrior,fury,6,3,3
Bernieboi,tarren-mill,288,warrior,fury,6,3,3
Hellion,uldum,288,warrior,fury,6,3,3
Azotz,archimonde,288,warrior,fury,6,3,3
Kohhør,archimonde,288,warrior,fury,6,3,3
Qkazoo,nathrezim,288,warrior,fury,6,3,3
Axxtm,ravencrest,288,warrior,fury,6,3,3
Argadea,archimonde,288,warrior,fury,6,3,3
Rägnât,dun-modr,288,warrior,fury,6,3,3
Manký,kazzak,288,warrior,fury,6,3,3
Druubak,aggra-português,288,warrior,fury,6,3,3
Smâllpackage,silvermoon,288,warrior,fury,6,3,3
Jaffacakes,kazzak,288,warrior,fury,6,3,3
Keilore,hyjal,288,warrior,fury,6,3,3
Ðæðlý,ravencrest,288,warrior,fury,6,3,3
Döömed,drakthul,288,warrior,fury,6,3,3
Rakuna,tarren-mill,288,warrior,fury,6,3,3
Vesterby,stormscale,288,warrior,fury,6,3,3
Yfy,outland,288,warrior,fury,6,3,3
Bunsen,magtheridon,288,warrior,fury,6,3,3
Barrocket,aegwynn,288,warrior,fury,6,3,3
Jamiex,marécage-de-zangar,288,warrior,fury,6,3,3
Tidùs,nethersturm,288,warrior,fury,6,3,3
Cleavyera,tarren-mill,288,warrior,fury,6,3,3
Mumbojumbo,uldum,288,warrior,fury,6,3,3
Oyrojan,blackmoore,288,warrior,fury,6,3,3
Whàtsup,stormscale,288,warrior,fury,6,3,3
Lilenrage,stormscale,288,warrior,fury,6,3,3
Androhan,silvermoon,288,warrior,fury,6,3,3
Exaldár,veknilash,288,warrior,fury,6,3,3
Nightmareowl,tarren-mill,288,warrior,fury,6,3,3
Hardwørk,kazzak,288,warrior,fury,6,3,3
Ðöç,argent-dawn,288,warrior,fury,6,3,3
Lundehund,dalaran,288,warrior,fury,6,3,3
Ðennis,argent-dawn,288,warrior,fury,6,3,3
Drvx,twisting-nether,288,warrior,fury,6,3,3
Jagannath,stormscale,288,warrior,fury,6,3,3
Previse,argent-dawn,288,warrior,fury,6,3,3
Imabeatyoass,kazzak,288,warrior,fury,6,3,3
Vory,ravencrest,288,warrior,fury,6,3,3
Ýuritarded,silvermoon,288,warrior,fury,6,3,3
Blackwólf,bloodhoof,288,warrior,fury,6,3,3
Cryze,ravencrest,288,warrior,fury,6,3,3
Gnarrwarr,eredar,288,warrior,fury,6,3,3
Incharge,argent-dawn,288,warrior,fury,6,3,3
Shaanks,archimonde,288,warrior,fury,6,3,3
Titanstriker,silvermoon,288,warrior,fury,6,3,3
Imondiet,ragnaros,288,warrior,fury,6,3,3
Paindrain,burning-blade,288,warrior,fury,6,3,3
Finnyboi,ragnaros,288,warrior,fury,6,3,3
Assyriá,ravencrest,288,warrior,fury,6,3,3
Sathom,hyjal,288,warrior,fury,6,3,3
Âxti,blackrock,288,warrior,fury,6,3,3
Ivailowar,ravencrest,288,warrior,fury,6,3,3
Grinrok,thrall,288,warrior,fury,6,3,3
Wárríor,ragnaros,288,warrior,fury,6,3,3
Várkáld,nordrassil,288,warrior,fury,6,3,3
Keffboi,draenor,288,warrior,fury,6,3,3
Geicoo,dalaran,288,warrior,fury,6,3,3
Dámpening,ravencrest,288,warrior,fury,6,3,3
Егермейстр,borean-tundra,288,warrior,fury,6,3,3
Múndus,outland,288,warrior,fury,6,3,3
Mômsboy,tarren-mill,288,warrior,fury,6,3,3
Zhyral,malygos,288,warrior,fury,6,3,3
Pwndrizle,blackmoore,288,warrior,fury,6,3,3
Peon,eredar,288,warrior,fury,6,3,3
Bigdbigarms,tarren-mill,288,warrior,fury,6,3,3
Zarrgash,blackhand,288,warrior,fury,6,3,3
Slg,tarren-mill,288,warrior,fury,6,3,3
Brel,suramar,288,warrior,fury,6,3,3
Lovemilkers,stormscale,288,warrior,fury,6,3,3
Drfeelgud,twisting-nether,288,warrior,fury,6,3,3
Priceswex,ravencrest,288,warrior,fury,6,3,3
Mòrdréd,kazzak,288,warrior,fury,6,3,3
Ragébar,tarren-mill,288,warrior,fury,6,3,3
Sellblade,blackhand,288,warrior,fury,6,3,3
Pirovolo,twilights-hammer,288,warrior,fury,6,3,3
Mfdoöm,draenor,288,warrior,fury,6,3,3
Lektor,eredar,288,warrior,fury,6,3,3
Arachnoyd,drakthul,288,warrior,fury,6,3,3
Desprado,outland,288,warrior,fury,6,3,3
Kleptomane,blackrock,288,warrior,fury,6,3,3
Tojaraa,kazzak,288,warrior,fury,6,3,3
Velinde,outland,288,warrior,fury,6,3,3
Weaknezz,aegwynn,288,warrior,fury,6,3,3
Galanax,silvermoon,288,warrior,fury,6,3,3
Hayahol,kazzak,288,warrior,fury,6,3,3
Oombac,lordaeron,288,warrior,fury,6,3,3
Ironlol,ravencrest,288,warrior,fury,6,3,3
Cbahorde,outland,288,warrior,fury,6,3,3
Azudaddy,blackmoore,288,warrior,fury,6,3,3
Greenblób,kazzak,288,warrior,fury,6,3,3
Uthric,azuremyst,288,warrior,fury,6,3,3
Auggies,outland,288,warrior,fury,6,3,3
Zilg,twisting-nether,288,warrior,fury,6,3,3
Corychase,ravencrest,288,warrior,fury,6,3,3
Dagon,dentarg,288,warrior,fury,6,3,3
Снакихснаки,gordunni,288,warrior,fury,6,3,3
Kopfnusskali,thrall,288,warrior,fury,6,3,3
Sulemanslay,silvermoon,288,warrior,fury,6,3,3
Wingüi,dun-modr,288,warrior,fury,6,3,3
Tabboonishka,draenor,288,warrior,fury,6,3,3
Sentrocks,sanguino,288,warrior,fury,6,3,3
Snuzil,the-maelstrom,288,warrior,fury,6,3,3
Ijzerekast,sylvanas,288,warrior,fury,6,3,3
Rerøn,dun-modr,288,warrior,fury,6,3,3
Брэмбур,goldrinn,288,warrior,fury,6,3,3
Dísplacement,draenor,288,warrior,fury,6,3,3
Бигбэйбитейп,greymane,288,warrior,fury,6,3,3
Trìnítÿ,anubarak,288,warrior,fury,6,3,3
Vernoz,sylvanas,288,warrior,fury,6,3,3
Мегавар,eversong,288,warrior,fury,6,3,3
Зандур,eversong,288,warrior,fury,6,3,3
Xerone,doomhammer,288,warrior,fury,6,3,3
Belliny,draenor,288,warrior,fury,6,3,3
Nifrediel,trollbane,288,warrior,fury,6,3,3
Бисовыйармен,soulflayer,288,warrior,fury,6,3,3
Sóúl,nagrand,288,warrior,fury,6,3,3
Гацс,soulflayer,288,warrior,fury,6,3,3
Stopdaddy,sylvanas,288,warrior,fury,6,3,3
Elyozz,silvermoon,288,warrior,fury,6,3,3
Weendslash,draenor,288,warrior,fury,6,3,3
Tequiero,zuljin,288,warrior,fury,6,3,3
Lozzakum,draenor,288,warrior,fury,6,3,3
Optiwarrior,turalyon,288,warrior,fury,6,3,3
Wunderwaffle,xavius,288,warrior,fury,6,3,3
Elffarian,the-maelstrom,288,warrior,fury,6,3,3
Uncledazzo,quelthalas,288,warrior,fury,6,3,3
Nonow,silvermoon,288,warrior,fury,10,4,6
Mullen,thunderhorn,288,warrior,fury,8,3,5
Gorkill,bladefist,288,warrior,fury,12,3,9
Urabrask,stormscale,288,warrior,fury,12,3,9
Джондо,gordunni,288,warrior,fury,12,3,9
Ònîsînîshêrû,kazzak,288,warrior,fury,12,3,9
Daye,zuluhed,288,warrior,fury,12,3,9
Draggs,kazzak,288,warrior,fury,12,3,9
Naspy,stormscale,288,warrior,fury,12,3,9
Dragonvall,draenor,288,warrior,fury,12,3,9
Wildò,frostwhisper,288,warrior,fury,12,3,9
Barbbarus,silvermoon,288,warrior,fury,12,3,9
Conânan,blackrock,288,warrior,fury,12,3,9
Sudosolo,burning-blade,288,warrior,fury,12,3,9
Infinitehair,ravencrest,288,warrior,fury,12,3,9
Хоусен,gordunni,288,warrior,fury,12,3,9
Оболис,galakrond,288,warrior,fury,12,3,9
Ôrcboi,tarren-mill,288,warrior,fury,12,3,9
Hördê,zuljin,288,warrior,fury,12,3,9
Phovoss,stormscale,288,warrior,fury,12,3,9
Сетт,howling-fjord,288,warrior,fury,12,3,9
Bruks,antonidas,288,warrior,fury,12,3,9
Drøgma,tyrande,288,warrior,fury,12,3,9
Valldi,argent-dawn,288,warrior,fury,12,3,9
Pekknekck,outland,288,warrior,fury,12,3,9
Skykrow,ysondre,288,warrior,fury,12,3,9
Sisuthros,draenor,288,warrior,fury,12,3,9
Kyösti,defias-brotherhood,288,warrior,fury,12,3,9
Zwheind,silvermoon,288,warrior,fury,12,3,9
Гхазгхкалл,howling-fjord,288,warrior,fury,12,3,9
Zyn,outland,288,warrior,fury,12,3,9
Høxy,outland,288,warrior,fury,12,3,9
Киллдекс,gordunni,288,warrior,fury,12,3,9
Pamila,outland,288,warrior,fury,12,3,9
Lurchusrexus,ysera,288,warrior,fury,12,3,9
Ireincarnate,argent-dawn,288,warrior,fury,12,3,9
Grommer,dentarg,288,warrior,fury,12,3,9
Aphae,defias-brotherhood,288,warrior,fury,12,3,9
Ельмара,gordunni,288,warrior,fury,12,3,9
Gartenzwerge,kelthuzad,287,warrior,fury,6,3,3
Garuul,magtheridon,287,warrior,fury,6,3,3
Arnnau,dun-modr,287,warrior,fury,6,3,3
Atelier,magtheridon,287,warrior,fury,6,3,3
Fitï,cthun,287,warrior,fury,6,3,3
Shïn,kaelthas,287,warrior,fury,6,3,3
Luw,twisting-nether,287,warrior,fury,12,3,9
Katmai,nemesis,287,warrior,fury,12,3,9
Sjuan,silvermoon,287,warrior,fury,12,3,9
Agunnai,karazhan,286,warrior,fury,6,3,3
Raffael,pozzo-delleternità,286,warrior,fury,12,3,9
Клифф,gordunni,255,warrior,fury,11,3,8
Kilsorrow,silvermoon,240,warrior,fury,9,4,5
Execute,sanguino,239,warrior,fury,5,3,2
Todesgewalt,kazzak,239,warrior,fury,5,3,2
Daýz,draenor,234,warrior,fury,7,4,3
Zeldaixi,twisting-nether,234,warrior,fury,10,5,5
Xqt,laughing-skull,234,warrior,fury,9,4,5
Iarsonn,drakthul,223,warrior,fury,8,3,5
Gargarensis,khadgar,223,warrior,fury,8,3,5
Флокт,howling-fjord,208,warrior,fury,7,3,4
Имбанутыйвар,soulflayer,192,warrior,fury,4,3,1
Цезарь,greymane,192,warrior,fury,4,3,1
Mudryk,burning-blade,192,warrior,fury,4,3,1
Themachine,burning-blade,192,warrior,fury,9,3,6
Lacrima,earthen-ring,192,warrior,fury,9,3,6
Fatøuwar,archimonde,192,warrior,fury,9,3,6
Ursakhan,sylvanas,192,warrior,fury,9,3,6
Балласёж,gordunni,192,warrior,fury,9,3,6
Siuzy,blackrock,192,warrior,fury,6,2,4
Alxqt,outland,192,warrior,fury,6,2,4
Akkí,twisting-nether,192,warrior,fury,6,2,4
Maniaco,kazzak,192,warrior,fury,6,2,4
Regulators,outland,192,warrior,fury,6,2,4
Thorzaram,argent-dawn,192,warrior,fury,6,2,4
Evilweraz,turalyon,192,warrior,fury,6,2,4
Elendurel,outland,192,warrior,fury,6,2,4
Оверфлок,howling-fjord,192,warrior,fury,6,2,4
Stapta,kazzak,192,warrior,fury,6,2,4
Shownomercy,blackrock,192,warrior,fury,6,2,4
Draskoé,hyjal,192,warrior,fury,6,2,4
Demonraze,hyjal,192,warrior,fury,6,2,4
Malalulu,burning-legion,192,warrior,fury,6,2,4
Ragelust,twisting-nether,192,warrior,fury,6,2,4
Segovaxx,twisting-nether,192,warrior,fury,6,2,4
Oxxi,outland,192,warrior,fury,6,2,4
Zaddi,blackrock,192,warrior,fury,6,2,4
Cebystance,kazzak,192,warrior,fury,6,2,4
Piixxz,hyjal,192,warrior,fury,6,2,4
Massivezug,kazzak,192,warrior,fury,6,2,4
Fuwy,argent-dawn,192,warrior,fury,6,2,4
Фурианка,galakrond,192,warrior,fury,6,2,4
Arozin,thrall,192,warrior,fury,6,2,4
Zugzugcleave,blackrock,192,warrior,fury,6,2,4
Каррагор,howling-fjord,192,warrior,fury,6,2,4
Queak,kazzak,192,warrior,fury,6,2,4
Vãnquish,archimonde,192,warrior,fury,6,2,4
Noriela,archimonde,192,warrior,fury,6,2,4
Atlizz,twisting-nether,192,warrior,fury,6,2,4
Nedåh,blackrock,192,warrior,fury,6,2,4
Spaceløl,archimonde,192,warrior,fury,6,2,4
Даммодар,howling-fjord,192,warrior,fury,6,2,4
Eriqua,archimonde,192,warrior,fury,6,2,4
Martins,doomhammer,192,warrior,fury,6,2,4
Sefty,tarren-mill,192,warrior,fury,6,2,4
Teñseî,archimonde,192,warrior,fury,6,2,4
Wïnqlùlz,archimonde,192,warrior,fury,6,2,4
Vrokada,quelthalas,192,warrior,fury,6,2,4
Karkun,gilneas,192,warrior,fury,6,2,4
Malyôrs,archimonde,192,warrior,fury,6,2,4
Gewaltbereit,malygos,192,warrior,fury,6,2,4
Кунгфурик,soulflayer,192,warrior,fury,6,2,4
Ellchefe,aggra-português,192,warrior,fury,6,2,4
Oueban,doomhammer,192,warrior,fury,6,2,4
Nallen,the-venture-co,192,warrior,fury,6,2,4
Андрюхабш,soulflayer,192,warrior,fury,6,2,4
Zéox,baelgun,192,warrior,fury,6,2,4
Искристый,howling-fjord,192,warrior,fury,6,2,4
Everest,aegwynn,192,warrior,fury,6,2,4
Enface,ragnaros,192,warrior,fury,6,2,4
Onykat,aegwynn,192,warrior,fury,6,2,4
Tedbuckland,blackrock,192,warrior,fury,6,2,4
Lengthymort,tarren-mill,192,warrior,fury,6,2,4
Dariman,aegwynn,192,warrior,fury,6,2,4
Opwarrko,drakthul,192,warrior,fury,6,2,4
Ультрамариня,howling-fjord,192,warrior,fury,6,2,4
Боадрог,soulflayer,192,warrior,fury,6,2,4
Ijzereter,argent-dawn,192,warrior,fury,6,2,4
Deadnamekill,ragnaros,192,warrior,fury,6,2,4
Vardias,pozzo-delleternità,192,warrior,fury,6,2,4
Dárïus,kazzak,192,warrior,fury,6,2,4
Tyranitar,pozzo-delleternità,192,warrior,fury,6,2,4
Ieatprotein,kazzak,192,warrior,fury,6,2,4
Tamadniakar,ragnaros,192,warrior,fury,6,2,4
Shreedshot,blackmoore,192,warrior,fury,6,2,4
Квистин,soulflayer,192,warrior,fury,6,2,4
Redow,stormreaver,192,warrior,fury,6,2,4
Skrïllex,colinas-pardas,192,warrior,fury,6,2,4
Кентафурик,soulflayer,192,warrior,fury,6,2,4
Potatoslam,twisting-nether,192,warrior,fury,6,2,4
Mòrzàr,outland,192,warrior,fury,6,2,4
Cranas,medivh,192,warrior,fury,6,2,4
Vikiox,das-konsortium,192,warrior,fury,6,2,4
Deadlyanger,kazzak,192,warrior,fury,6,2,4
Гудмунт,borean-tundra,192,warrior,fury,6,2,4
Azzaêl,blackhand,192,warrior,fury,6,2,4
Zvt,argent-dawn,192,warrior,fury,6,2,4
Goretterog,ysondre,192,warrior,fury,6,2,4
Skullxy,talnivarr,192,warrior,fury,6,2,4
Rampage,ghostlands,192,warrior,fury,6,2,4
Atälànte,ysondre,192,warrior,fury,6,2,4
Nokturnâl,silvermoon,192,warrior,fury,6,2,4
Xqtwar,blackhand,192,warrior,fury,6,2,4
Pemex,stormreaver,192,warrior,fury,6,2,4
Woddeywar,blackmoore,192,warrior,fury,6,2,4
Fluffycute,blackhand,192,warrior,fury,6,2,4
Papamatson,silvermoon,192,warrior,fury,6,2,4
Ezlx,stormscale,192,warrior,fury,6,2,4
Rezn,kazzak,192,warrior,fury,6,2,4
Versionx,stormscale,192,warrior,fury,6,2,4
Pacheco,eredar,192,warrior,fury,6,2,4
Watsabe,kazzak,192,warrior,fury,6,2,4
Guspy,sanguino,192,warrior,fury,6,2,4
Ragejuice,silvermoon,192,warrior,fury,6,2,4
Extazsion,stormscale,192,warrior,fury,6,2,4
Faugh,tarren-mill,192,warrior,fury,6,2,4
Gregórry,eredar,192,warrior,fury,6,2,4
Walkers,frostmane,192,warrior,fury,6,2,4
Aaàaàaàa,stormscale,192,warrior,fury,6,2,4
Wlâdimir,eredar,192,warrior,fury,6,2,4
Taÿ,stormscale,192,warrior,fury,6,2,4
Kímbo,tarren-mill,192,warrior,fury,6,2,4
Disith,dunemaul,192,warrior,fury,6,2,4
Raizy,frostwolf,192,warrior,fury,6,2,4
Deathrazór,stormscale,192,warrior,fury,6,2,4
Halberd,illidan,192,warrior,fury,6,2,4
Brook,frostwolf,192,warrior,fury,6,2,4
Infernant,tarren-mill,192,warrior,fury,6,2,4
Raxur,kazzak,192,warrior,fury,6,2,4
Nabucadnozor,illidan,192,warrior,fury,6,2,4
Fookyoup,stormscale,192,warrior,fury,6,2,4
Rayyes,stormscale,192,warrior,fury,6,2,4
Descending,xavius,192,warrior,fury,6,2,4
Armlock,ravencrest,192,warrior,fury,6,2,4
Ærion,die-aldor,192,warrior,fury,6,2,4
Romhilde,ravencrest,192,warrior,fury,6,2,4
Zalazain,burning-legion,192,warrior,fury,6,2,4
Buntstift,thrall,192,warrior,fury,6,2,4
Zirvey,tarren-mill,192,warrior,fury,6,2,4
Optitt,dethecus,192,warrior,fury,6,2,4
Ráksha,antonidas,192,warrior,fury,6,2,4
Otp,ravencrest,192,warrior,fury,6,2,4
Wasok,antonidas,192,warrior,fury,6,2,4
Lrb,tarren-mill,192,warrior,fury,6,2,4
Wembley,proudmoore,192,warrior,fury,6,2,4
Sgàthach,silvermoon,192,warrior,fury,6,2,4
Manwéx,silvermoon,192,warrior,fury,6,2,4
Kennzz,ravencrest,192,warrior,fury,6,2,4
Mîcî,tarren-mill,192,warrior,fury,6,2,4
Grimmbearock,amanthul,192,warrior,fury,6,2,4
Søwtime,sanguino,192,warrior,fury,6,2,4
Bladestormxx,blackmoore,192,warrior,fury,6,2,4
Whitescale,silvermoon,192,warrior,fury,6,2,4
Crocbait,ravencrest,192,warrior,fury,6,2,4
Sertigan,dun-modr,192,warrior,fury,6,2,4
Wargoth,draenor,192,warrior,fury,6,2,4
Jambaz,ravencrest,192,warrior,fury,6,2,4
Velgur,ravencrest,192,warrior,fury,6,2,4
Jriddyzug,ravencrest,192,warrior,fury,6,2,4
Chrymiiee,blutkessel,192,warrior,fury,6,2,4
Kmag,ravencrest,192,warrior,fury,6,2,4
Aleis,stormscale,192,warrior,fury,6,2,4
Leviatrius,blackhand,192,warrior,fury,6,2,4
Hellzint,sanguino,192,warrior,fury,6,2,4
Армгрид,gordunni,192,warrior,fury,6,2,4
Lianore,sanguino,192,warrior,fury,6,2,4
Holdemhammer,sanguino,192,warrior,fury,6,2,4
Бодяня,gordunni,192,warrior,fury,6,2,4
Тарттарион,gordunni,192,warrior,fury,6,2,4
Екзобайт,gordunni,192,warrior,fury,6,2,4
Брамон,gordunni,192,warrior,fury,6,2,4
Joblôb,guldan,192,warrior,fury,6,2,4
Shíranuí,blackhand,192,warrior,fury,10,3,7
Karmok,hyjal,192,warrior,fury,7,2,5
Schneklinge,blutkessel,192,warrior,fury,8,2,6
Ikaroshi,silvermoon,192,warrior,fury,9,2,7
Армата,gordunni,192,warrior,fury,10,2,8
Thordis,sylvanas,192,warrior,fury,11,2,9
Kixx,twisting-nether,192,warrior,fury,12,2,10
Pakusrage,defias-brotherhood,192,warrior,fury,12,2,10
Зоранит,howling-fjord,192,warrior,fury,12,2,10
Rageside,draenor,192,warrior,fury,12,2,10
Davetsiz,burning-legion,192,warrior,fury,12,2,10
Сажень,blackscar,192,warrior,fury,12,2,10
Зигигодх,gordunni,192,warrior,fury,12,2,10
Трапсир,gordunni,192,warrior,fury,12,2,10
Boofhoof,nordrassil,192,warrior,fury,12,2,10
Sycon,chamber-of-aspects,192,warrior,fury,12,2,10
Bämoida,eredar,192,warrior,fury,12,2,10
Minotaureeni,silvermoon,192,warrior,fury,12,2,10
Angrethar,tarren-mill,192,warrior,fury,12,2,10
Andrjuscha,blackrock,192,warrior,fury,12,2,10
Smasherx,draenor,192,warrior,fury,12,2,10
Earny,outland,192,warrior,fury,12,2,10
Korova,blackrock,192,warrior,fury,12,2,10
Selethedrae,antonidas,192,warrior,fury,12,2,10
Altroox,malorne,192,warrior,fury,12,2,10
Rampage,azuremyst,192,warrior,fury,12,2,10
Frowenn,ravencrest,192,warrior,fury,12,2,10
Urruk,archimonde,192,warrior,fury,12,2,10
Stonlocked,blackhand,192,warrior,fury,12,2,10
Killingstórm,kazzak,192,warrior,fury,12,2,10
Vaeanash,ragnaros,192,warrior,fury,18,2,16
Tömahawk,defias-brotherhood,191,warrior,fury,6,2,4
Dorinaz,die-aldor,191,warrior,fury,6,2,4
Biigjiim,doomhammer,191,warrior,fury,6,2,4
Sakaî,temple-noir,191,warrior,fury,6,2,4
Alvis,nathrezim,191,warrior,fury,6,2,4
Thànagor,malfurion,191,warrior,fury,6,2,4
Bøyka,sinstralis,175,warrior,fury,11,2,9
Кереешка,howling-fjord,175,warrior,fury,11,2,9
Limejuicer,argent-dawn,169,warrior,fury,12,5,7
Dampbob,draenor,159,warrior,fury,5,2,3
Brülldozer,kargath,159,warrior,fury,5,2,3
Møtomoto,defias-brotherhood,159,warrior,fury,5,2,3
Wrcia,ragnaros,159,warrior,fury,5,2,3
Marranu,cthun,159,warrior,fury,5,2,3
Бэнкинс,blackscar,159,warrior,fury,8,3,5
Servion,ravencrest,138,warrior,fury,8,3,5
Vlaax,ravencrest,138,warrior,fury,14,3,11
Confliction,outland,138,warrior,fury,17,3,14
Æxcoast,ravencrest,128,warrior,fury,4,2,2
Ög,archimonde,96,warrior,fury,3,2,1
Krunchä,ragnaros,96,warrior,fury,3,2,1
Dersaft,blackmoore,96,warrior,fury,3,2,1
Gorchak,blackmoore,96,warrior,fury,3,2,1
Beeper,tarren-mill,96,warrior,fury,8,2,6
Matchoo,archimonde,96,warrior,fury,6,1,5
Zhadsnark,blackrock,96,warrior,fury,6,1,5
Hordox,archimonde,96,warrior,fury,6,1,5
Arowbaze,archimonde,96,warrior,fury,6,1,5
Monkeyfury,archimonde,96,warrior,fury,6,1,5
Kysse,hyjal,96,warrior,fury,6,1,5
Savedsky,zuljin,96,warrior,fury,6,1,5
Bladoran,hyjal,96,warrior,fury,6,1,5
Рагкар,gordunni,96,warrior,fury,6,1,5
Анимэ,blackscar,96,warrior,fury,6,1,5
Aagony,hyjal,96,warrior,fury,6,1,5
Feltias,drakthul,96,warrior,fury,6,1,5
Инфлэймх,gordunni,96,warrior,fury,6,1,5
Sigewulf,outland,96,warrior,fury,6,1,5
Demirkol,outland,96,warrior,fury,6,1,5
Lavati,malganis,96,warrior,fury,6,1,5
Видманта,gordunni,96,warrior,fury,6,1,5
Bokth,archimonde,96,warrior,fury,6,1,5
Xaguu,magtheridon,96,warrior,fury,6,1,5
Spacemachine,kazzak,96,warrior,fury,6,1,5
Narkzsthki,kazzak,96,warrior,fury,6,1,5
Rasvamaksa,stormscale,96,warrior,fury,6,1,5
Gameera,aerie-peak,96,warrior,fury,6,1,5
Fitzgibbons,ravencrest,96,warrior,fury,6,1,5
Rion,malganis,96,warrior,fury,6,1,5
Nînes,tarren-mill,96,warrior,fury,6,1,5
Gellios,kazzak,96,warrior,fury,6,1,5
Classi,tarren-mill,96,warrior,fury,6,1,5
Opatos,tarren-mill,96,warrior,fury,6,1,5
Ayelsyssup,silvermoon,96,warrior,fury,6,1,5
Wifioffline,silvermoon,96,warrior,fury,6,1,5
Тоштайн,gordunni,96,warrior,fury,6,1,5
Kerpi,silvermoon,96,warrior,fury,6,1,5
Syphica,silvermoon,96,warrior,fury,6,1,5
Ðý,silvermoon,96,warrior,fury,6,1,5
Ghøst,frostwolf,96,warrior,fury,6,1,5
Wiliamwalace,zuljin,96,warrior,fury,6,1,5
Dosenorc,frostwolf,96,warrior,fury,6,1,5
Greekazi,kazzak,96,warrior,fury,6,1,5
Karreg,hyjal,96,warrior,fury,6,1,5
Hammerfall,uldum,96,warrior,fury,6,1,5
Begbeforme,kazzak,96,warrior,fury,6,1,5
Mexî,tarren-mill,96,warrior,fury,6,1,5
Kirzan,silvermoon,96,warrior,fury,6,1,5
Hdarriia,ysondre,96,warrior,fury,6,1,5
Дуухаст,gordunni,96,warrior,fury,6,1,5
Stromzy,silvermoon,96,warrior,fury,6,1,5
Фиббоначи,deathguard,96,warrior,fury,6,1,5
Xenowarr,tarren-mill,96,warrior,fury,6,1,5
Киссмиплис,gordunni,96,warrior,fury,6,1,5
Bababuii,blackmoore,96,warrior,fury,6,1,5
Модныйклык,eversong,96,warrior,fury,6,1,5
Флагмэн,gordunni,96,warrior,fury,6,1,5
Raixxon,ragnaros,96,warrior,fury,6,1,5
Furyfame,darksorrow,96,warrior,fury,6,1,5
Warduvel,dragonblight,96,warrior,fury,6,1,5
Гайрана,razuvious,96,warrior,fury,6,1,5
Marícan,blackmoore,96,warrior,fury,6,1,5
Денеур,gordunni,96,warrior,fury,6,1,5
Slante,darksorrow,96,warrior,fury,6,1,5
Notsyn,twisting-nether,96,warrior,fury,6,1,5
Batoh,twisting-nether,96,warrior,fury,6,1,5
Aiarm,twisting-nether,96,warrior,fury,6,1,5
Swordluw,argent-dawn,96,warrior,fury,6,1,5
Misiaczek,the-maelstrom,96,warrior,fury,6,1,5
Анстасмэш,soulflayer,96,warrior,fury,6,1,5
Bätscher,nefarian,96,warrior,fury,6,1,5
Grimmrock,gorgonnash,96,warrior,fury,6,1,5
Спаццифика,soulflayer,96,warrior,fury,6,1,5
Kronstris,veklor,96,warrior,fury,6,1,5
Марльин,howling-fjord,96,warrior,fury,6,1,5
Армапипец,soulflayer,96,warrior,fury,6,1,5
Уравниттель,gordunni,96,warrior,fury,6,1,5
Elesharde,sanguino,96,warrior,fury,6,1,5
Онлихелл,howling-fjord,96,warrior,fury,6,1,5
Кимлий,deathweaver,96,warrior,fury,6,1,5
Salom,illidan,96,warrior,fury,6,1,5
Znorro,trollbane,96,warrior,fury,6,1,5
Callipsa,argent-dawn,96,warrior,fury,6,1,5
Fønex,sylvanas,96,warrior,fury,6,1,5
Chadtherad,draenor,96,warrior,fury,6,1,5
Azladan,sylvanas,96,warrior,fury,6,1,5
Stratic,blackmoore,96,warrior,fury,6,1,5
Diliul,doomhammer,96,warrior,fury,6,1,5
Sahaminho,draenor,96,warrior,fury,6,1,5
Bladewound,draenor,96,warrior,fury,6,1,5
Kaij,draenor,96,warrior,fury,6,1,5
Raakalainen,vashj,96,warrior,fury,6,1,5
Coldstory,draenor,96,warrior,fury,6,1,5
Rïven,los-errantes,96,warrior,fury,6,1,5
Bàal,kirin-tor,96,warrior,fury,6,1,5
Jessepinkman,kirin-tor,96,warrior,fury,6,1,5
Dp,area-52,96,warrior,fury,6,1,5
Grozgeg,garona,96,warrior,fury,6,1,5
Mot,terenas,96,warrior,fury,6,1,5
Malebolia,mugthol,96,warrior,fury,6,1,5
Tochka,kazzak,96,warrior,fury,12,1,11
Cäös,sanguino,96,warrior,fury,12,1,11
Jdiggidy,ravencrest,96,warrior,fury,12,1,11
Quandaledngl,silvermoon,96,warrior,fury,12,1,11
Анури,eversong,96,warrior,fury,12,1,11
Zarolk,rashgarroth,96,warrior,fury,12,1,11
Ratko,auchindoun,96,warrior,fury,12,1,11
Dräparren,ragnaros,96,warrior,fury,14,1,13
Kaodes,outland,96,warrior,fury,17,1,16
Bladewolf,khadgar,95,warrior,fury,12,1,11
Frézzér,blackrock,64,warrior,fury,4,1,3
Krachz,draenor,63,warrior,fury,2,2,0
Lægend,hyjal,63,warrior,fury,8,2,6
Kellja,aggramar,48,warrior,fury,3,1,2
Cowbatant,darkspear,48,warrior,fury,3,1,2
Elkatar,stormscale,46,warrior,fury,23,6,17
Skyvajt,drakthul,42,warrior,fury,8,2,6
Pappasmurfy,outland,42,warrior,fury,10,2,8
Filéas,silvermoon,41,warrior,fury,9,2,7
Olriksen,dentarg,31,warrior,fury,2,1,1
Josimar,kazzak,31,warrior,fury,2,1,1
Vivrya,silvermoon,31,warrior,fury,2,1,1
Lippir,stormrage,31,warrior,fury,2,1,1
Threa,drekthar,16,warrior,fury,1,1,0
Fatbud,tarren-mill,16,warrior,fury,7,1,6
Marcus,ravencrest,2254,warrior,arms,150,79,71
Rhâpsodyw,ravencrest,2234,warrior,arms,211,121,90
Therealman,kazzak,2224,warrior,arms,97,52,45
Réckx,twisting-nether,2217,warrior,arms,117,62,55
Dõxqt,kazzak,2204,warrior,arms,86,49,37
Scardrex,defias-brotherhood,2172,warrior,arms,94,49,45
Palianytsia,ravencrest,2170,warrior,arms,89,47,42
Sickjackenn,executus,2166,warrior,arms,111,58,53
Luphrek,ysondre,2158,warrior,arms,96,50,46
Midgetdamis,blackhand,2147,warrior,arms,137,87,50
Semmino,nemesis,2137,warrior,arms,84,46,38
Лёшавор,howling-fjord,2125,warrior,arms,126,65,61
Regnarok,sylvanas,2124,warrior,arms,268,147,121
Palmexwar,drakthul,2123,warrior,arms,198,106,92
Sickjackenx,executus,2121,warrior,arms,222,117,105
Blîxtgordon,tarren-mill,2120,warrior,arms,120,63,57
Ðävïðßëckhäm,stormscale,2116,warrior,arms,80,41,39
Tpyñåöädxzd,the-maelstrom,2116,warrior,arms,88,45,43
Tozzhug,ragnaros,2114,warrior,arms,135,76,59
Кокдиллак,soulflayer,2113,warrior,arms,160,82,78
Скварх,howling-fjord,2112,warrior,arms,120,74,46
Kartha,stormscale,2106,warrior,arms,90,50,40
Ulrid,draenor,2106,warrior,arms,198,104,94
Фрейз,deathweaver,2105,warrior,arms,78,49,29
Grkpwh,silvermoon,2105,warrior,arms,88,48,40
Immørtálx,tarren-mill,2102,warrior,arms,72,38,34
Sekwar,twisting-nether,2101,warrior,arms,77,38,39
Sneakydrm,kazzak,2085,warrior,arms,88,48,40
Соджиро,howling-fjord,2085,warrior,arms,90,44,46
Whýsøsîleñt,ragnaros,2084,warrior,arms,70,44,26
Dunecrab,tarren-mill,2075,warrior,arms,131,73,58
Gabrijel,draenor,2066,warrior,arms,234,115,119
Anahkas,archimonde,2064,warrior,arms,102,53,49
Ðênnis,ravencrest,2062,warrior,arms,54,31,23
Gaav,burning-legion,2060,warrior,arms,261,129,132
Mastodøntes,hyjal,2059,warrior,arms,107,55,52
Zhrey,stormscale,2048,warrior,arms,137,67,70
Amokdamis,blackhand,2047,warrior,arms,104,49,55
Miniphrek,ravencrest,2045,warrior,arms,90,43,47
Sharpen,chamber-of-aspects,2044,warrior,arms,122,60,62
Anahkäs,archimonde,2038,warrior,arms,90,42,48
Anakhas,archimonde,2030,warrior,arms,102,48,54
Connorzw,blackmoore,2029,warrior,arms,71,41,30
Elwarroo,dun-modr,2027,warrior,arms,349,180,169
Seifcham,ragnaros,2017,warrior,arms,317,155,162
Compétiteub,archimonde,2016,warrior,arms,102,52,50
Nikkí,naxxramas,2013,warrior,arms,102,51,51
Irherklek,stormscale,2011,warrior,arms,59,35,24
Purporcfr,archimonde,2011,warrior,arms,148,80,68
Marex,grim-batol,2008,warrior,arms,78,40,38
Lostday,blackrock,2007,warrior,arms,224,117,107
Ironmásk,tarren-mill,2006,warrior,arms,54,32,22
Valoo,malganis,2006,warrior,arms,151,82,69
Oswáld,defias-brotherhood,2003,warrior,arms,62,45,17
Pentagramlol,twisting-nether,2003,warrior,arms,73,40,33
Markers,twisting-nether,2003,warrior,arms,231,112,119
Рвбстох,blackscar,2002,warrior,arms,138,76,62
Quotx,stormscale,2001,warrior,arms,129,61,68
Manaskhan,tarren-mill,2000,warrior,arms,213,111,102
Ässholedamis,blackhand,1999,warrior,arms,60,46,14
Zak,stormscale,1999,warrior,arms,130,61,69
Trâshwarriør,blackhand,1998,warrior,arms,62,27,35
Joeférnandes,ragnaros,1996,warrior,arms,77,38,39
Zhoti,outland,1995,warrior,arms,82,43,39
Wràthfúl,kazzak,1995,warrior,arms,143,74,69
Pürporc,archimonde,1994,warrior,arms,100,53,47
Олдборовс,soulflayer,1993,warrior,arms,92,51,41
Galeron,kazzak,1992,warrior,arms,102,48,54
Mitu,sanguino,1990,warrior,arms,257,130,127
Merked,kazzak,1989,warrior,arms,102,49,53
Thomasman,nerathor,1989,warrior,arms,138,64,74
Оркабал,howling-fjord,1988,warrior,arms,195,101,94
Ðennis,argent-dawn,1987,warrior,arms,90,58,32
Arsinal,blackhand,1987,warrior,arms,85,46,39
Mercey,stormscale,1987,warrior,arms,65,31,34
Benzemá,sanguino,1984,warrior,arms,130,77,53
Yarilolx,outland,1982,warrior,arms,61,36,25
Elbutanero,tarren-mill,1982,warrior,arms,84,48,36
Disarmed,auchindoun,1979,warrior,arms,108,58,50
Pürporcc,archimonde,1976,warrior,arms,222,115,107
Downpipe,twisting-nether,1973,warrior,arms,209,111,98
Asquare,stormscale,1973,warrior,arms,76,40,36
Wingüi,dun-modr,1972,warrior,arms,144,69,75
Qtcockxx,stormscale,1969,warrior,arms,66,33,33
Варзила,blackscar,1966,warrior,arms,86,44,42
Stupidz,hyjal,1966,warrior,arms,66,32,34
Myonmyonmyon,blackmoore,1965,warrior,arms,98,56,42
Downpippuri,silvermoon,1963,warrior,arms,191,114,77
Dominikhasek,stormscale,1963,warrior,arms,94,56,38
Theryk,sanguino,1962,warrior,arms,201,97,104
Варплеер,gordunni,1959,warrior,arms,54,27,27
Gewyon,ragnaros,1957,warrior,arms,96,48,48
Shilix,twisting-nether,1956,warrior,arms,139,65,74
Стефанидзе,soulflayer,1954,warrior,arms,54,29,25
Kaieh,argent-dawn,1953,warrior,arms,60,39,21
Saidi,outland,1952,warrior,arms,415,207,208
Joéfernandés,sylvanas,1950,warrior,arms,47,26,21
Wasro,norgannon,1950,warrior,arms,172,90,82
Purporcc,archimonde,1950,warrior,arms,63,32,31
Аэска,deathweaver,1950,warrior,arms,78,38,40
Purpórc,archimonde,1947,warrior,arms,65,35,30
Mômsboy,tarren-mill,1946,warrior,arms,76,39,37
Kûrûmî,blackmoore,1945,warrior,arms,95,62,33
Schwän,twisting-nether,1943,warrior,arms,60,32,28
Skyowner,twisting-nether,1940,warrior,arms,57,33,24
Blizo,tarren-mill,1938,warrior,arms,62,36,26
Konebankærn,ravencrest,1938,warrior,arms,96,46,50
Regnarøk,sylvanas,1937,warrior,arms,89,55,34
Lexiliuz,twisting-nether,1937,warrior,arms,72,44,28
Dragondeznut,ravencrest,1935,warrior,arms,78,38,40
Midnightrain,archimonde,1934,warrior,arms,66,35,31
Джерамин,blackscar,1934,warrior,arms,77,35,42
Messermozart,blackmoore,1933,warrior,arms,90,44,46
Kwasimodo,blackmoore,1933,warrior,arms,70,30,40
Europ,silvermoon,1931,warrior,arms,252,125,127
Velcorn,ravencrest,1931,warrior,arms,54,26,28
Infernion,jaedenar,1930,warrior,arms,48,30,18
Xurainzone,eredar,1930,warrior,arms,66,35,31
Nipes,nozdormu,1930,warrior,arms,200,101,99
Belver,argent-dawn,1929,warrior,arms,38,22,16
Бэнчпресс,soulflayer,1929,warrior,arms,66,33,33
Liptonxecute,blackhand,1928,warrior,arms,112,60,52
Drclapit,blackrock,1927,warrior,arms,66,30,36
Chucho,argent-dawn,1924,warrior,arms,72,40,32
Вэшикх,soulflayer,1924,warrior,arms,155,79,76
Kapuchino,twisting-nether,1921,warrior,arms,48,27,21
Nazrihk,ravencrest,1920,warrior,arms,97,50,47
Zodiac,aggra-português,1919,warrior,arms,66,35,31
Ønogal,archimonde,1919,warrior,arms,84,40,44
Zugzugcleave,blackrock,1916,warrior,arms,87,48,39
Dabr,stormscale,1916,warrior,arms,61,32,29
Shortcvnt,ravencrest,1914,warrior,arms,66,34,32
Reysleys,mazrigos,1914,warrior,arms,145,72,73
Брокскрим,soulflayer,1913,warrior,arms,120,62,58
Okcool,twisting-nether,1912,warrior,arms,60,34,26
Комочекгнева,howling-fjord,1912,warrior,arms,181,91,90
Belattor,silvermoon,1912,warrior,arms,66,31,35
Timpey,kazzak,1911,warrior,arms,54,30,24
Элетий,soulflayer,1910,warrior,arms,48,26,22
Karny,ravencrest,1908,warrior,arms,144,76,68
Yorgal,arakarahm,1907,warrior,arms,167,76,91
Everdipper,outland,1905,warrior,arms,91,46,45
Xxeqtr,kazzak,1905,warrior,arms,119,59,60
Apacolata,outland,1903,warrior,arms,57,29,28
Кимлий,deathweaver,1903,warrior,arms,133,63,70
Nstx,dun-modr,1902,warrior,arms,60,32,28
Daredevìl,eredar,1901,warrior,arms,157,79,78
Pawnerlol,mannoroth,1901,warrior,arms,90,41,49
Ущипнузатитю,deathguard,1900,warrior,arms,126,63,63
Длоордпро,soulflayer,1900,warrior,arms,65,29,36
Cerry,ravencrest,1899,warrior,arms,141,68,73
Куртфорренс,gordunni,1898,warrior,arms,113,51,62
Çatàclysmíc,kazzak,1896,warrior,arms,138,69,69
Фокатоп,blackscar,1895,warrior,arms,54,28,26
Julololo,archimonde,1893,warrior,arms,72,40,32
Рукзуф,razuvious,1890,warrior,arms,29,21,8
Pantsupic,archimonde,1890,warrior,arms,60,24,36
Toscothegoat,ravencrest,1889,warrior,arms,54,36,18
Courageous,ravencrest,1889,warrior,arms,66,39,27
Saurens,twisting-nether,1889,warrior,arms,144,68,76
Æriø,dalaran,1888,warrior,arms,54,30,24
Tsuperman,tarren-mill,1888,warrior,arms,72,37,35
Notthateasy,blackrock,1887,warrior,arms,42,24,18
Лилиофаныч,soulflayer,1886,warrior,arms,53,29,24
Nolóve,archimonde,1886,warrior,arms,174,92,82
Bravopla,silvermoon,1885,warrior,arms,78,39,39
Куесэс,howling-fjord,1880,warrior,arms,36,20,16
Thenx,tarren-mill,1879,warrior,arms,245,119,126
Gnømércy,stormscale,1878,warrior,arms,42,22,20
Gulläx,burning-legion,1878,warrior,arms,42,20,22
Klonyarik,ravencrest,1877,warrior,arms,42,22,20
Флагмэн,gordunni,1876,warrior,arms,89,50,39
Trapoulas,kazzak,1876,warrior,arms,166,79,87
Mckinseybcg,outland,1875,warrior,arms,203,115,88
Cathériné,drakthul,1875,warrior,arms,48,27,21
Alegral,ravencrest,1875,warrior,arms,325,158,167
Allthèwayup,kazzak,1875,warrior,arms,69,32,37
Фрейз,blackscar,1874,warrior,arms,70,34,36
Ðöç,argent-dawn,1874,warrior,arms,60,28,32
Doomqt,terokkar,1873,warrior,arms,47,27,20
Craanked,aegwynn,1873,warrior,arms,88,44,44
Pända,archimonde,1873,warrior,arms,89,36,53
Urmack,ravencrest,1872,warrior,arms,54,41,13
Aixer,archimonde,1871,warrior,arms,73,35,38
Шурпач,deathguard,1870,warrior,arms,102,54,48
Guter,kazzak,1868,warrior,arms,150,79,71
Gguts,archimonde,1867,warrior,arms,97,53,44
Kamked,burning-legion,1864,warrior,arms,167,81,86
Magnî,auchindoun,1863,warrior,arms,97,53,44
Сетт,howling-fjord,1863,warrior,arms,86,42,44
Xåb,dun-morogh,1863,warrior,arms,84,37,47
Екзобайт,gordunni,1862,warrior,arms,95,52,43
Seifchamqt,ragnaros,1858,warrior,arms,58,34,24
Kurbá,stormscale,1858,warrior,arms,54,30,24
Louana,outland,1857,warrior,arms,42,30,12
Feckdech,blackrock,1857,warrior,arms,53,32,21
Grimogør,stormscale,1857,warrior,arms,48,27,21
Shooky,blackrock,1857,warrior,arms,67,34,33
Pivcuga,kazzak,1857,warrior,arms,313,158,155
Wargoth,draenor,1856,warrior,arms,99,53,46
Kiyomaro,stormscale,1855,warrior,arms,84,46,38
Vallenwar,twisting-nether,1854,warrior,arms,63,42,21
Mirageous,tarren-mill,1854,warrior,arms,83,46,37
Matrixer,aegwynn,1853,warrior,arms,47,28,19
Wake,eredar,1853,warrior,arms,60,32,28
Ланро,gordunni,1853,warrior,arms,65,33,32
Vory,ravencrest,1852,warrior,arms,54,37,17
Àlexander,ravencrest,1852,warrior,arms,35,20,15
Aeyon,burning-blade,1852,warrior,arms,51,29,22
Rec,thrall,1851,warrior,arms,42,23,19
Reacôn,twisting-nether,1851,warrior,arms,52,28,24
Balthew,defias-brotherhood,1851,warrior,arms,48,24,24
Стилерин,gordunni,1851,warrior,arms,70,30,40
Leeches,aggramar,1850,warrior,arms,66,35,31
Mtc,blackrock,1850,warrior,arms,110,55,55
Skorm,mugthol,1849,warrior,arms,36,27,9
Reckqtw,eredar,1849,warrior,arms,92,50,42
Schaufelørc,blackrock,1849,warrior,arms,120,60,60
Mtctwo,blackrock,1849,warrior,arms,108,52,56
Krônm,dun-modr,1847,warrior,arms,78,33,45
Dortenz,ragnaros,1846,warrior,arms,72,31,41
Брамон,gordunni,1845,warrior,arms,34,24,10
Goatie,frostwhisper,1844,warrior,arms,42,30,12
Joißoi,dalaran,1844,warrior,arms,172,84,88
Civok,kult-der-verdammten,1844,warrior,arms,66,31,35
Jessicaday,archimonde,1843,warrior,arms,42,21,21
Dantius,nemesis,1843,warrior,arms,66,30,36
Фокатопх,blackscar,1843,warrior,arms,66,30,36
Крипочёк,gordunni,1842,warrior,arms,42,25,17
Zéox,baelgun,1840,warrior,arms,53,30,23
Assgar,silvermoon,1840,warrior,arms,60,33,27
Lrb,tarren-mill,1840,warrior,arms,258,138,120
Jriddyzug,ravencrest,1840,warrior,arms,62,33,29
Môtu,aegwynn,1839,warrior,arms,60,29,31
Enøt,kazzak,1839,warrior,arms,53,25,28
Sagethi,blackrock,1839,warrior,arms,89,41,48
Avgålöfvén,stormscale,1838,warrior,arms,27,21,6
Xiro,hellscream,1838,warrior,arms,70,45,25
Мираккл,borean-tundra,1838,warrior,arms,36,21,15
Орданис,deathguard,1838,warrior,arms,66,33,33
Zirêael,kazzak,1838,warrior,arms,78,34,44
Eidzo,tarren-mill,1837,warrior,arms,84,45,39
Hitt,ysondre,1837,warrior,arms,138,67,71
Javakt,stormscale,1837,warrior,arms,341,165,176
Артагор,blackscar,1836,warrior,arms,53,33,20
Zäløøpå,kazzak,1836,warrior,arms,43,25,18
Vvulf,eredar,1836,warrior,arms,71,31,40
Damagz,tarren-mill,1835,warrior,arms,107,55,52
Kanté,burning-blade,1834,warrior,arms,41,24,17
Greenblób,kazzak,1834,warrior,arms,72,31,41
Salpaaja,frostwhisper,1833,warrior,arms,66,28,38
Howdoulose,dun-modr,1832,warrior,arms,54,35,19
Хэйре,howling-fjord,1832,warrior,arms,238,122,116
Karpzug,stormscale,1832,warrior,arms,45,22,23
Blåvingad,kazzak,1831,warrior,arms,56,34,22
Боссберс,soulflayer,1831,warrior,arms,89,44,45
Rhagnok,archimonde,1831,warrior,arms,180,87,93
Watrux,outland,1831,warrior,arms,66,31,35
Jasi,kazzak,1830,warrior,arms,72,44,28
Воинлета,howling-fjord,1830,warrior,arms,101,60,41
Matti,magtheridon,1830,warrior,arms,53,29,24
Qapper,kazzak,1830,warrior,arms,57,28,29
Shchoor,ravencrest,1830,warrior,arms,48,23,25
Khÿze,ysondre,1829,warrior,arms,58,39,19
Mirpz,doomhammer,1829,warrior,arms,48,31,17
Klearr,silvermoon,1829,warrior,arms,91,56,35
Njn,argent-dawn,1829,warrior,arms,48,23,25
Goorila,kazzak,1829,warrior,arms,54,25,29
Демиорт,howling-fjord,1828,warrior,arms,255,144,111
Nightmareowl,tarren-mill,1827,warrior,arms,136,76,60
Blazefüry,ravencrest,1827,warrior,arms,61,33,28
Nitheriá,draenor,1827,warrior,arms,430,219,211
Rînus,aegwynn,1827,warrior,arms,54,26,28
Scherø,aegwynn,1826,warrior,arms,42,28,14
Bladrun,frostmane,1826,warrior,arms,120,67,53
Böggzbunny,tarren-mill,1826,warrior,arms,66,35,31
Ярыйваряг,soulflayer,1825,warrior,arms,48,30,18
Ändrow,dalaran,1825,warrior,arms,108,61,47
Варбоссец,soulflayer,1825,warrior,arms,66,35,31
Nurekin,argent-dawn,1825,warrior,arms,66,32,34
Magmos,terenas,1825,warrior,arms,66,30,36
Köftemecx,blackrock,1824,warrior,arms,70,42,28
Chaosedge,terokkar,1824,warrior,arms,221,123,98
Rivah,tarren-mill,1824,warrior,arms,63,34,29
Planina,ravencrest,1824,warrior,arms,179,95,84
Ðezia,tarren-mill,1823,warrior,arms,168,94,74
Ozrenac,kazzak,1823,warrior,arms,213,109,104
Jammy,dentarg,1823,warrior,arms,66,31,35
Yosiwa,draenor,1822,warrior,arms,96,56,40
Ðior,bronze-dragonflight,1822,warrior,arms,53,29,24
Пробуюстерву,soulflayer,1822,warrior,arms,72,33,39
Crîxús,silvermoon,1822,warrior,arms,60,25,35
Badgenius,nemesis,1821,warrior,arms,42,26,16
Escapematrix,kazzak,1821,warrior,arms,95,48,47
Asçrðth,kazzak,1821,warrior,arms,54,26,28
Corvy,ravencrest,1821,warrior,arms,54,25,29
Rngmonster,kazzak,1820,warrior,arms,100,68,32
Uzamaki,bronzebeard,1820,warrior,arms,48,32,16
Knutrex,tarren-mill,1820,warrior,arms,61,35,26
Лимпс,gordunni,1819,warrior,arms,30,19,11
Klonyarikjr,ravencrest,1819,warrior,arms,30,19,11
Flinta,blackmoore,1819,warrior,arms,90,51,39
Maarshl,ysondre,1819,warrior,arms,225,121,104
Pazùzu,twisting-nether,1819,warrior,arms,114,54,60
Oldchap,nordrassil,1818,warrior,arms,54,34,20
Dwarfdruine,dun-modr,1818,warrior,arms,85,49,36
Juggernãut,ravencrest,1818,warrior,arms,120,67,53
Hunkz,sylvanas,1818,warrior,arms,65,32,33
Имеравета,gordunni,1818,warrior,arms,150,71,79
Nakedwarrior,silvermoon,1818,warrior,arms,66,30,36
Мелькорт,gordunni,1817,warrior,arms,48,29,19
Chaddimus,draenor,1817,warrior,arms,63,36,27
Basemode,twisting-nether,1817,warrior,arms,116,65,51
Nímera,nemesis,1817,warrior,arms,77,37,40
Liferuiner,rexxar,1816,warrior,arms,133,73,60
Drxeqtit,blackrock,1816,warrior,arms,59,32,27
Eysnwar,blackrock,1815,warrior,arms,30,22,8
Erikeverhard,nathrezim,1815,warrior,arms,80,41,39
Dnoire,ravencrest,1815,warrior,arms,60,28,32
Nelthôr,alleria,1814,warrior,arms,156,94,62
Ranoth,hellfire,1814,warrior,arms,54,30,24
Maxwall,twisting-nether,1814,warrior,arms,59,32,27
Чюнилингус,soulflayer,1814,warrior,arms,146,77,69
Slowann,argent-dawn,1814,warrior,arms,203,107,96
Naskez,kazzak,1814,warrior,arms,81,41,40
Capitalista,das-konsortium,1814,warrior,arms,89,45,44
Darshan,grim-batol,1814,warrior,arms,66,33,33
Rbbx,tarren-mill,1814,warrior,arms,62,31,31
Зотлолпромвп,booty-bay,1814,warrior,arms,107,51,56
Warriorri,haomarush,1814,warrior,arms,42,20,22
Pathocend,kazzak,1814,warrior,arms,106,50,56
Juank,minahonda,1814,warrior,arms,48,21,27
Арма,howling-fjord,1813,warrior,arms,54,39,15
Eren,todeswache,1813,warrior,arms,108,65,43
Vic,tarren-mill,1813,warrior,arms,47,20,27
Zcell,kazzak,1812,warrior,arms,36,23,13
Kelhim,blackrock,1812,warrior,arms,138,75,63
Mystylez,silvermoon,1812,warrior,arms,60,28,32
Gucciwarrior,blackhand,1812,warrior,arms,90,41,49
Blademir,blackrock,1811,warrior,arms,47,32,15
Axinit,blackrock,1811,warrior,arms,42,23,19
Idiotplay,drekthar,1811,warrior,arms,42,19,23
Artøria,archimonde,1810,warrior,arms,96,54,42
Oktharu,silvermoon,1810,warrior,arms,71,37,34
Gigadot,arathor,1810,warrior,arms,240,125,115
Ðiscordia,blackhand,1810,warrior,arms,84,43,41
Kragrâu,kazzak,1810,warrior,arms,71,33,38
Jokkul,tarren-mill,1810,warrior,arms,46,21,25
Troma,archimonde,1810,warrior,arms,89,39,50
Bîmbämboom,blackmoore,1809,warrior,arms,148,94,54
Nikoma,silvermoon,1809,warrior,arms,54,29,25
Anthalar,argent-dawn,1808,warrior,arms,179,92,87
Summerkarma,wildhammer,1808,warrior,arms,217,109,108
Демолишеер,howling-fjord,1808,warrior,arms,89,42,47
Drilley,blackmoore,1807,warrior,arms,50,34,16
Zeddone,drakthul,1807,warrior,arms,90,46,44
Bloodhorn,blackhand,1807,warrior,arms,107,54,53
Nìmera,nemesis,1806,warrior,arms,36,26,10
Yelanx,twisting-nether,1806,warrior,arms,48,34,14
Гатсберсерк,gordunni,1806,warrior,arms,167,91,76
Vathaleron,alakir,1806,warrior,arms,116,63,53
Wayneson,tarren-mill,1806,warrior,arms,108,58,50
Книфэк,howling-fjord,1806,warrior,arms,76,40,36
Blademir,aegwynn,1806,warrior,arms,82,37,45
Cerßere,archimonde,1805,warrior,arms,128,66,62
Xvlanter,silvermoon,1805,warrior,arms,145,72,73
Оксенфурт,soulflayer,1804,warrior,arms,169,85,84
Hanìbal,ravencrest,1803,warrior,arms,60,32,28
Bløødyshøcks,aggra-português,1803,warrior,arms,319,166,153
Ghakra,kazzak,1802,warrior,arms,36,25,11
Westwyde,hyjal,1802,warrior,arms,48,30,18
Thyréc,blackmoore,1802,warrior,arms,60,34,26
Fràgile,ravencrest,1802,warrior,arms,113,61,52
Pummelthru,burning-legion,1802,warrior,arms,98,47,51
Yandan,ysondre,1801,warrior,arms,157,83,74
Fulgrimu,archimonde,1801,warrior,arms,87,45,42
Nedåh,blackrock,1801,warrior,arms,141,69,72
Креспекс,soulflayer,1801,warrior,arms,193,91,102
Tyrasîà,hyjal,1801,warrior,arms,120,54,66
Wrecktal,eredar,1800,warrior,arms,81,48,33
Phalek,argent-dawn,1800,warrior,arms,48,28,20
Dairøx,blackrock,1800,warrior,arms,60,31,29
Ástriax,ravencrest,1799,warrior,arms,159,77,82
Thafold,eredar,1798,warrior,arms,71,39,32
Акнаранд,soulflayer,1797,warrior,arms,42,22,20
Kamatâ,kazzak,1796,warrior,arms,60,32,28
Ursakhan,sylvanas,1796,warrior,arms,81,39,42
Ragestarved,ragnaros,1796,warrior,arms,125,57,68
Crawly,aegwynn,1795,warrior,arms,183,97,86
Prymebeevz,blackmoore,1794,warrior,arms,60,37,23
Злопиканка,gordunni,1794,warrior,arms,58,29,29
Экзекьютлол,soulflayer,1793,warrior,arms,59,30,29
Dõxlol,kazzak,1793,warrior,arms,42,21,21
Jackyred,silvermoon,1792,warrior,arms,77,33,44
Аоетакси,soulflayer,1791,warrior,arms,116,63,53
Atrôcithy,silvermoon,1791,warrior,arms,48,25,23
Nukerz,kirin-tor,1791,warrior,arms,96,48,48
Drahkor,baelgun,1790,warrior,arms,72,44,28
Дуухаст,gordunni,1790,warrior,arms,36,19,17
Kënnyföx,ysondre,1789,warrior,arms,36,19,17
Recklesnes,kazzak,1789,warrior,arms,60,26,34
Thebigshow,the-maelstrom,1788,warrior,arms,178,87,91
Keññyfðx,ysondre,1786,warrior,arms,48,28,20
Azudaddy,blackmoore,1786,warrior,arms,71,39,32
Nihe,stormreaver,1786,warrior,arms,84,37,47
Zheaks,kazzak,1785,warrior,arms,95,45,50
Istyos,hyjal,1784,warrior,arms,101,48,53
Сладкаяхурма,howling-fjord,1784,warrior,arms,54,22,32
Древилгод,gordunni,1783,warrior,arms,57,31,26
Kennyföx,ysondre,1782,warrior,arms,38,24,14
Эпитафорх,blackscar,1780,warrior,arms,64,40,24
Randomdmg,stormscale,1779,warrior,arms,36,24,12
Vandarms,archimonde,1779,warrior,arms,53,31,22
Andzone,alakir,1779,warrior,arms,42,22,20
Jenkinzz,stormscale,1779,warrior,arms,234,120,114
Dragnil,twisting-nether,1779,warrior,arms,60,29,31
Хиро,deathweaver,1779,warrior,arms,118,57,61
Selenez,outland,1779,warrior,arms,67,30,37
Avalin,outland,1778,warrior,arms,48,31,17
Dataçasé,silvermoon,1778,warrior,arms,65,36,29
Hasbullá,kazzak,1778,warrior,arms,376,190,186
Venres,blackhand,1777,warrior,arms,88,47,41
Shaked,dun-modr,1776,warrior,arms,107,49,58
Shookyx,ravencrest,1775,warrior,arms,42,24,18
Изикол,blackscar,1775,warrior,arms,42,21,21
Skylåw,archimonde,1775,warrior,arms,127,62,65
Малаятварь,gordunni,1774,warrior,arms,58,32,26
Huyer,stormscale,1774,warrior,arms,48,26,22
Вуриор,howling-fjord,1774,warrior,arms,204,107,97
Røidrage,stormscale,1774,warrior,arms,114,54,60
Màb,antonidas,1773,warrior,arms,108,62,46
Broarexlion,ragnaros,1773,warrior,arms,47,22,25
Zoefernandes,kazzak,1771,warrior,arms,96,46,50
Niiol,burning-blade,1770,warrior,arms,71,37,34
Lyriae,argent-dawn,1768,warrior,arms,66,39,27
Prøject,archimonde,1768,warrior,arms,54,27,27
Otp,ravencrest,1768,warrior,arms,131,61,70
Reapersrage,twisting-nether,1767,warrior,arms,81,44,37
Komissarecks,aegwynn,1767,warrior,arms,63,31,32
Jesperharle,ravencrest,1766,warrior,arms,35,19,16
Lockmagewar,burning-legion,1766,warrior,arms,108,56,52
Colard,ravencrest,1766,warrior,arms,42,20,22
Izurritea,tarren-mill,1765,warrior,arms,78,34,44
Ехрерау,gordunni,1765,warrior,arms,66,27,39
Starscourge,tarren-mill,1764,warrior,arms,90,71,19
Wørldrûiner,kazzak,1764,warrior,arms,41,31,10
Bigdamtosco,ravencrest,1764,warrior,arms,36,20,16
Xurainlol,eredar,1763,warrior,arms,52,25,27
Марльин,howling-fjord,1761,warrior,arms,71,31,40
Veav,norgannon,1760,warrior,arms,72,31,41
Meistersykes,silvermoon,1759,warrior,arms,74,34,40
Bigboomer,frostmane,1759,warrior,arms,210,96,114
Flaãy,ravencrest,1756,warrior,arms,142,79,63
Geforce,hellscream,1756,warrior,arms,468,243,225
Fruiittyy,ravencrest,1756,warrior,arms,149,76,73
Grimlok,sylvanas,1756,warrior,arms,99,44,55
Deymio,defias-brotherhood,1755,warrior,arms,66,28,38
Khalimov,tarren-mill,1754,warrior,arms,108,54,54
Warounet,hyjal,1753,warrior,arms,54,26,28
Johnmeadows,ravencrest,1752,warrior,arms,48,26,22
Cleaver,tarren-mill,1752,warrior,arms,54,29,25
Cisataker,hyjal,1751,warrior,arms,42,28,14
Trôth,kazzak,1750,warrior,arms,36,23,13
Белхэнд,soulflayer,1750,warrior,arms,279,140,139
Pj,sanguino,1750,warrior,arms,68,30,38
Extazsion,stormscale,1746,warrior,arms,53,29,24
Chargeyou,ragnaros,1745,warrior,arms,78,42,36
Атаир,deathweaver,1744,warrior,arms,115,63,52
Drittsekken,sylvanas,1744,warrior,arms,135,73,62
Экспла,ashenvale,1744,warrior,arms,60,32,28
Läerezh,ysondre,1744,warrior,arms,72,34,38
Sonnethrash,tarren-mill,1744,warrior,arms,79,35,44
Klnrk,ravencrest,1743,warrior,arms,42,22,20
Getsmokedjr,ravencrest,1743,warrior,arms,62,32,30
Savesta,dalaran,1743,warrior,arms,233,113,120
Рэмпи,soulflayer,1742,warrior,arms,68,32,36
Orthoss,archimonde,1742,warrior,arms,142,64,78
Rexonawarr,kazzak,1741,warrior,arms,36,19,17
Rageco,ravencrest,1740,warrior,arms,60,37,23
Brogre,stormrage,1740,warrior,arms,101,49,52
Whýsøsîlêñt,ragnaros,1739,warrior,arms,42,22,20
Mojotsche,taerar,1738,warrior,arms,64,36,28
Hulkensmash,kazzak,1738,warrior,arms,175,87,88
Cesr,bloodhoof,1738,warrior,arms,106,47,59
Даскул,gordunni,1737,warrior,arms,66,28,38
Фктпх,blackscar,1736,warrior,arms,60,35,25
Hellguard,archimonde,1736,warrior,arms,107,54,53
Leethal,outland,1736,warrior,arms,102,44,58
Zijsû,chogall,1735,warrior,arms,79,36,43
Meovv,saurfang,1735,warrior,arms,84,36,48
Rootmagnet,twisting-nether,1734,warrior,arms,77,47,30
Belfodil,outland,1734,warrior,arms,48,25,23
Xendyo,frostmourne,1734,warrior,arms,226,111,115
Rilor,burning-legion,1734,warrior,arms,147,70,77
Howdoyouløse,stormscale,1734,warrior,arms,54,22,32
Cherserker,ragnaros,1732,warrior,arms,113,60,53
Rumer,tarren-mill,1732,warrior,arms,105,53,52
Zheq,ragnaros,1732,warrior,arms,68,33,35
Бейесличё,deathguard,1731,warrior,arms,137,61,76
Woobaby,outland,1730,warrior,arms,108,59,49
Giannizugzug,nemesis,1730,warrior,arms,314,163,151
Маклецкий,gordunni,1730,warrior,arms,150,68,82
Kotechnik,ysondre,1729,warrior,arms,54,32,22
Brutilda,antonidas,1729,warrior,arms,95,43,52
Dríx,hyjal,1728,warrior,arms,138,72,66
Reccey,blackrock,1728,warrior,arms,152,75,77
Kalacher,draenor,1728,warrior,arms,158,77,81
Endagon,ravencrest,1728,warrior,arms,191,88,103
Fruitdealer,shattrath,1726,warrior,arms,118,58,60
Oluwafunmila,tarren-mill,1726,warrior,arms,68,33,35
Wuifly,dun-modr,1726,warrior,arms,225,109,116
Nassir,stormscale,1726,warrior,arms,114,55,59
Лилиофанныч,soulflayer,1726,warrior,arms,96,42,54
Klynd,nemesis,1726,warrior,arms,66,26,40
Tiwâz,eredar,1725,warrior,arms,157,88,69
Старварлорд,soulflayer,1725,warrior,arms,59,28,31
Jínro,draenor,1725,warrior,arms,72,32,40
Creativenot,outland,1724,warrior,arms,62,32,30
Илди,soulflayer,1724,warrior,arms,48,20,28
Imondiet,ragnaros,1723,warrior,arms,36,21,15
Chainsáw,stormscale,1723,warrior,arms,106,56,50
Maisner,stormscale,1723,warrior,arms,74,36,38
Broumír,antonidas,1723,warrior,arms,54,25,29
Dannyp,twisting-nether,1722,warrior,arms,36,18,18
Noxeeql,tarren-mill,1721,warrior,arms,125,74,51
Braveorc,kazzak,1720,warrior,arms,36,23,13
Naskwar,archimonde,1720,warrior,arms,48,24,24
Воованыч,gordunni,1720,warrior,arms,54,26,28
Боссберс,howling-fjord,1719,warrior,arms,66,30,36
Данзетар,howling-fjord,1719,warrior,arms,71,30,41
Роули,blackscar,1718,warrior,arms,105,57,48
Mortalfist,stormscale,1718,warrior,arms,67,33,34
Loty,drakthul,1718,warrior,arms,291,136,155
Urasli,doomhammer,1717,warrior,arms,42,24,18
Кисямур,soulflayer,1717,warrior,arms,66,28,38
Augustus,runetotem,1716,warrior,arms,303,158,145
Барсток,soulflayer,1716,warrior,arms,107,53,54
Lilsweép,draenor,1715,warrior,arms,48,25,23
Emix,arygos,1715,warrior,arms,158,77,81
Hulksmsh,hyjal,1715,warrior,arms,149,63,86
Néxtlølz,twisting-nether,1714,warrior,arms,111,59,52
Виттурус,howling-fjord,1714,warrior,arms,48,25,23
Apacho,outland,1714,warrior,arms,42,21,21
Nonow,silvermoon,1714,warrior,arms,250,123,127
Renwíck,burning-legion,1713,warrior,arms,65,32,33
Bordi,nemesis,1713,warrior,arms,259,122,137
Rektdrum,ravencrest,1713,warrior,arms,68,31,37
Cazaril,kazzak,1712,warrior,arms,166,84,82
Jengaa,draenor,1712,warrior,arms,186,93,93
Бисовыйармен,soulflayer,1711,warrior,arms,53,28,25
Дроктул,howling-fjord,1711,warrior,arms,615,310,305
Balltas,drakthul,1711,warrior,arms,182,91,91
Tranqtum,ravencrest,1711,warrior,arms,55,25,30
Dógmòdex,stormscale,1710,warrior,arms,48,30,18
Жестокус,gordunni,1710,warrior,arms,102,55,47
Mintys,sylvanas,1710,warrior,arms,62,33,29
Cyanerd,bronzebeard,1710,warrior,arms,54,26,28
Nèssa,outland,1709,warrior,arms,75,37,38
Aerês,tarren-mill,1709,warrior,arms,306,149,157
Reider,twisting-nether,1709,warrior,arms,238,113,125
Steroidkidx,stormscale,1709,warrior,arms,42,18,24
Мадс,howling-fjord,1708,warrior,arms,24,18,6
Daigoro,ravencrest,1708,warrior,arms,154,74,80
Ranmaru,kazzak,1707,warrior,arms,68,35,33
Avalinqt,blackrock,1706,warrior,arms,44,32,12
Туранк,howling-fjord,1703,warrior,arms,226,116,110
Ezøn,aegwynn,1703,warrior,arms,95,46,49
Mîleycyrûs,stormscale,1702,warrior,arms,30,19,11
Maldark,scarshield-legion,1702,warrior,arms,194,94,100
Extreemee,drakthul,1701,warrior,arms,48,26,22
Autumnfálls,kazzak,1701,warrior,arms,59,31,28
Bêllator,stormscale,1700,warrior,arms,54,29,25
Stepmomgodx,kazzak,1700,warrior,arms,43,23,20
Raidek,dragonmaw,1700,warrior,arms,126,67,59
Klonyarika,ravencrest,1699,warrior,arms,36,20,16
Fantasý,burning-legion,1699,warrior,arms,101,42,59
Karkatoes,twisting-nether,1698,warrior,arms,68,34,34
Вокилог,soulflayer,1698,warrior,arms,781,388,393
Warrez,azuremyst,1697,warrior,arms,48,30,18
Banîsher,drakthul,1697,warrior,arms,205,95,110
Chadsmorc,twisting-nether,1696,warrior,arms,300,157,143
Шагах,soulflayer,1696,warrior,arms,250,126,124
Shiqo,ravencrest,1696,warrior,arms,109,54,55
Naronnas,drakthul,1696,warrior,arms,206,101,105
Хенеар,howling-fjord,1696,warrior,arms,80,37,43
Yellowjuice,stormscale,1695,warrior,arms,156,89,67
Naum,draenor,1694,warrior,arms,24,18,6
Shadokaa,stormscale,1694,warrior,arms,94,56,38
Cukrownik,defias-brotherhood,1694,warrior,arms,64,32,32
Srambo,ragnaros,1693,warrior,arms,36,23,13
Capigo,tarren-mill,1693,warrior,arms,54,32,22
Громпузан,galakrond,1693,warrior,arms,92,49,43
Pyrul,antonidas,1693,warrior,arms,83,38,45
Pinkblast,sylvanas,1693,warrior,arms,72,29,43
Donquiexote,ravencrest,1692,warrior,arms,90,49,41
Брок,soulflayer,1692,warrior,arms,96,39,57
Gonutz,sylvanas,1690,warrior,arms,42,25,17
Эсфор,howling-fjord,1690,warrior,arms,36,21,15
Fattysw,argent-dawn,1690,warrior,arms,73,37,36
Дуглимон,gordunni,1690,warrior,arms,83,42,41
Zexa,tarren-mill,1690,warrior,arms,42,21,21
Mazaharine,archimonde,1690,warrior,arms,69,33,36
Vayné,ravencrest,1690,warrior,arms,78,35,43
Тролльвоен,gordunni,1689,warrior,arms,87,51,36
Naait,draenor,1688,warrior,arms,69,39,30
Aemox,silvermoon,1688,warrior,arms,137,73,64
Neoballac,uldum,1688,warrior,arms,108,55,53
Ítikovan,aegwynn,1688,warrior,arms,200,97,103
Orn,tarren-mill,1688,warrior,arms,60,29,31
Ðowman,blackrock,1688,warrior,arms,56,27,29
Babovic,aegwynn,1687,warrior,arms,71,45,26
Мопк,howling-fjord,1687,warrior,arms,96,50,46
Hangart,argent-dawn,1687,warrior,arms,48,20,28
Гримг,lich-king,1686,warrior,arms,99,52,47
Æç,argent-dawn,1686,warrior,arms,72,35,37
Rawenz,drakthul,1686,warrior,arms,83,40,43
Malebolia,mugthol,1684,warrior,arms,433,220,213
Døkidøki,silvermoon,1684,warrior,arms,311,158,153
Makgorei,outland,1684,warrior,arms,129,64,65
Тьмасвятая,gordunni,1684,warrior,arms,54,24,30
Quetrax,chogall,1684,warrior,arms,66,24,42
Luntee,ragnaros,1683,warrior,arms,56,32,24
Азктор,soulflayer,1683,warrior,arms,34,19,15
Jackzx,twisting-nether,1683,warrior,arms,48,26,22
Blackbiird,blackmoore,1683,warrior,arms,65,33,32
Bôlufonâ,dun-modr,1683,warrior,arms,207,103,104
Bonza,blackrock,1683,warrior,arms,54,25,29
Skywritter,archimonde,1682,warrior,arms,30,20,10
Nargez,outland,1682,warrior,arms,36,22,14
Azotz,archimonde,1682,warrior,arms,48,20,28
Грамикк,howling-fjord,1681,warrior,arms,30,19,11
Skillissues,argent-dawn,1681,warrior,arms,72,39,33
Hellzint,sanguino,1681,warrior,arms,427,217,210
Гуорг,howling-fjord,1681,warrior,arms,301,151,150
Biscuitoliva,hyjal,1681,warrior,arms,49,23,26
Kronmw,dun-modr,1680,warrior,arms,54,20,34
Maikouyes,archimonde,1679,warrior,arms,227,116,111
Ридиусх,gordunni,1678,warrior,arms,43,24,19
Palmsweaty,stormrage,1678,warrior,arms,114,51,63
Oldcockball,argent-dawn,1677,warrior,arms,159,81,78
Zaedt,tarren-mill,1677,warrior,arms,53,25,28
Frozenliøn,twisting-nether,1677,warrior,arms,54,24,30
Alpairx,aegwynn,1676,warrior,arms,56,23,33
Raaoo,blackmoore,1675,warrior,arms,36,19,17
Bigdstance,outland,1675,warrior,arms,127,64,63
Вандэрбой,howling-fjord,1675,warrior,arms,282,132,150
Raikaz,ravencrest,1675,warrior,arms,90,40,50
Krigipigi,antonidas,1675,warrior,arms,78,34,44
Бигдэм,howling-fjord,1674,warrior,arms,36,20,16
Xgs,archimonde,1674,warrior,arms,333,168,165
ßloodz,hyjal,1674,warrior,arms,126,61,65
Yaune,ravencrest,1674,warrior,arms,84,39,45
Mazutov,outland,1673,warrior,arms,54,34,20
Preliator,outland,1673,warrior,arms,36,22,14
Khemen,kazzak,1673,warrior,arms,131,73,58
Asasius,ravencrest,1673,warrior,arms,42,23,19
Vaaýzx,blackrock,1673,warrior,arms,48,21,27
Catrine,drakthul,1673,warrior,arms,81,33,48
Jake,rajaxx,1672,warrior,arms,54,26,28
Хеликат,soulflayer,1672,warrior,arms,96,44,52
Дарамартире,blackscar,1671,warrior,arms,76,42,34
Bøklig,stormscale,1671,warrior,arms,72,37,35
Vorri,ravencrest,1671,warrior,arms,54,27,27
Wigsplitterx,twisting-nether,1671,warrior,arms,431,213,218
Chíppéd,draenor,1671,warrior,arms,54,26,28
Gatts,krasus,1671,warrior,arms,282,134,148
Kamïlio,stormscale,1671,warrior,arms,54,24,30
Nîmera,nemesis,1670,warrior,arms,24,19,5
Фалькр,soulflayer,1670,warrior,arms,48,26,22
Togas,silvermoon,1670,warrior,arms,290,154,136
Crissx,silvermoon,1670,warrior,arms,346,181,165
Chromoly,aegwynn,1670,warrior,arms,90,43,47
Krionos,ravencrest,1670,warrior,arms,120,57,63
Takeashower,hyjal,1669,warrior,arms,38,19,19
Estarotte,ravencrest,1669,warrior,arms,55,27,28
Skädy,dun-modr,1669,warrior,arms,108,51,57
Riyan,lothar,1668,warrior,arms,48,28,20
Bumoletroll,draenor,1668,warrior,arms,45,24,21
Karuck,tarren-mill,1668,warrior,arms,94,48,46
Shhimbanned,doomhammer,1668,warrior,arms,85,43,42
Kymz,hyjal,1668,warrior,arms,66,33,33
Chippéd,draenor,1667,warrior,arms,29,18,11
Termonsa,stormscale,1667,warrior,arms,60,36,24
Bronn,defias-brotherhood,1666,warrior,arms,86,49,37
Psychlolz,burning-legion,1666,warrior,arms,54,28,26
Dasyana,drakthul,1666,warrior,arms,137,71,66
Puremëtal,silvermoon,1665,warrior,arms,117,58,59
Геркавоин,eversong,1665,warrior,arms,96,45,51
Wismerx,kazzak,1665,warrior,arms,54,23,31
Goldrage,archimonde,1664,warrior,arms,40,23,17
Олдизаер,soulflayer,1664,warrior,arms,48,25,23
Дайбайхенд,howling-fjord,1664,warrior,arms,120,59,61
Biggerer,blackrock,1664,warrior,arms,96,47,49
Убитаякорова,soulflayer,1663,warrior,arms,42,25,17
Ignyz,stormscale,1663,warrior,arms,48,27,21
Богадорога,howling-fjord,1663,warrior,arms,66,36,30
Learningwarr,eredar,1663,warrior,arms,50,26,24
Bruxus,blackhand,1663,warrior,arms,268,138,130
Rîdler,ravencrest,1663,warrior,arms,389,199,190
Sasorí,blackrock,1663,warrior,arms,100,50,50
Fosler,frostmane,1663,warrior,arms,72,32,40
Oplarxigos,kazzak,1663,warrior,arms,84,35,49
Cyruk,blackmoore,1662,warrior,arms,241,122,119
Skokuxx,silvermoon,1662,warrior,arms,191,96,95
Imglad,ragnaros,1661,warrior,arms,69,37,32
Jumpilawl,khaz-modan,1661,warrior,arms,184,88,96
Arms,earthen-ring,1661,warrior,arms,86,41,45
Spártacus,kazzak,1661,warrior,arms,147,68,79
Toptier,drakthul,1659,warrior,arms,34,23,11
Huscar,thrall,1659,warrior,arms,58,31,27
Mypzo,kazzak,1659,warrior,arms,144,73,71
Zombossio,tarren-mill,1659,warrior,arms,175,85,90
Kèrrysmâsh,blackrock,1658,warrior,arms,108,65,43
Avelyr,pozzo-delleternità,1658,warrior,arms,42,24,18
Clashblood,outland,1658,warrior,arms,50,22,28
Rolo,antonidas,1657,warrior,arms,85,42,43
Béastmødexz,eredar,1657,warrior,arms,53,25,28
Кибервайфу,howling-fjord,1656,warrior,arms,36,22,14
Crandalius,kazzak,1656,warrior,arms,87,51,36
Bloodrain,twilights-hammer,1656,warrior,arms,164,88,76
Lanstus,silvermoon,1656,warrior,arms,120,60,60
Ijzerekast,sylvanas,1656,warrior,arms,103,48,55
Кофесмолоком,ashenvale,1656,warrior,arms,189,86,103
Hirurg,thrall,1656,warrior,arms,77,34,43
Cassândrä,dalaran,1656,warrior,arms,90,39,51
Суицидгодх,howling-fjord,1655,warrior,arms,101,57,44
Eradya,ravencrest,1655,warrior,arms,82,41,41
Brizeis,malganis,1655,warrior,arms,175,87,88
Golmmash,draenor,1655,warrior,arms,116,53,63
Nazgrosh,burning-legion,1655,warrior,arms,165,73,92
Луновоин,gordunni,1654,warrior,arms,54,35,19
Mertik,twisting-nether,1653,warrior,arms,60,32,28
Латексник,booty-bay,1653,warrior,arms,137,71,66
Ufu,outland,1651,warrior,arms,29,18,11
Chádtóurps,drakthul,1651,warrior,arms,41,19,22
Rhinobob,kazzak,1651,warrior,arms,50,22,28
Hli,tarren-mill,1650,warrior,arms,42,24,18
Jeronimoe,blackmoore,1649,warrior,arms,49,34,15
Заликмортал,soulflayer,1649,warrior,arms,216,110,106
Belmont,doomhammer,1649,warrior,arms,54,27,27
Pangowar,elune,1649,warrior,arms,93,46,47
Drâpârn,sylvanas,1648,warrior,arms,42,24,18
Wisemanx,draenor,1648,warrior,arms,72,39,33
Quadfather,kazzak,1648,warrior,arms,42,22,20
Wardruine,dun-modr,1648,warrior,arms,191,92,99
Badwarr,blackhand,1647,warrior,arms,42,24,18
Asç,kazzak,1647,warrior,arms,42,21,21
Сабствер,howling-fjord,1647,warrior,arms,113,53,60
Aranill,tarren-mill,1646,warrior,arms,99,52,47
Lazytowl,outland,1646,warrior,arms,166,84,82
Wasdwarr,aegwynn,1645,warrior,arms,110,61,49
Taoke,ravencrest,1644,warrior,arms,90,39,51
Morbaac,archimonde,1644,warrior,arms,54,22,32
Киссмиплис,gordunni,1643,warrior,arms,135,68,67
Lîlsaint,dun-morogh,1643,warrior,arms,42,21,21
Falconer,ravencrest,1643,warrior,arms,114,46,68
Doksziqqt,ragnaros,1642,warrior,arms,36,22,14
Rankone,bladefist,1642,warrior,arms,47,24,23
Бодибилдерыч,gordunni,1642,warrior,arms,149,74,75
Bhallts,tarren-mill,1642,warrior,arms,98,44,54
Ckz,ysondre,1641,warrior,arms,36,26,10
Nardoch,archimonde,1641,warrior,arms,234,116,118
Remen,archimonde,1641,warrior,arms,84,37,47
Diamonddogs,draenor,1640,warrior,arms,52,32,20
Андреевич,blackscar,1640,warrior,arms,270,138,132
Nozuki,archimonde,1640,warrior,arms,361,178,183
Nameless,ysondre,1639,warrior,arms,77,45,32
Fatmikez,aggra-português,1639,warrior,arms,142,77,65
Ahzrok,draenor,1639,warrior,arms,238,128,110
Фенилэфрин,gordunni,1639,warrior,arms,140,71,69
Bélløne,dalaran,1639,warrior,arms,126,61,65
Rødprincê,ravencrest,1638,warrior,arms,63,37,26
Samîr,arthas,1638,warrior,arms,36,21,15
Тритиан,soulflayer,1638,warrior,arms,148,78,70
Беренса,howling-fjord,1638,warrior,arms,189,99,90
Jambaz,ravencrest,1638,warrior,arms,53,27,26
Heltslut,tarren-mill,1638,warrior,arms,90,43,47
Sefty,tarren-mill,1638,warrior,arms,46,18,28
Абырабыр,howling-fjord,1637,warrior,arms,36,22,14
Zufzuf,twisting-nether,1637,warrior,arms,42,25,17
Bastrick,argent-dawn,1637,warrior,arms,146,77,69
Pachipachi,blackmoore,1637,warrior,arms,44,23,21
Nerfmyrage,hyjal,1637,warrior,arms,120,59,61
Lizzybigtits,kazzak,1636,warrior,arms,60,40,20
Blackfrosty,stormscale,1636,warrior,arms,78,43,35
Hatestørm,kazzak,1636,warrior,arms,42,22,20
Thanâtøs,kazzak,1636,warrior,arms,36,18,18
Garthock,stormscale,1636,warrior,arms,42,20,22
Josem,sanguino,1636,warrior,arms,45,20,25
Erickson,tarren-mill,1636,warrior,arms,42,18,24
Sydian,burning-legion,1635,warrior,arms,36,21,15
Tgabor,ragnaros,1635,warrior,arms,95,51,44
Ryofu,stormscale,1635,warrior,arms,42,22,20
Off,archimonde,1634,warrior,arms,30,18,12
Армсег,soulflayer,1634,warrior,arms,88,46,42
Brewgut,argent-dawn,1634,warrior,arms,71,36,35
Curelia,malganis,1634,warrior,arms,36,18,18
Héda,tarren-mill,1634,warrior,arms,84,41,43
Kawaro,rajaxx,1634,warrior,arms,72,35,37
Doloresvp,zuljin,1634,warrior,arms,156,74,82
Devidz,outland,1634,warrior,arms,95,43,52
Høtsky,twisting-nether,1633,warrior,arms,54,29,25
Мастерион,soulflayer,1633,warrior,arms,174,89,85
Eggsecutor,stormscale,1633,warrior,arms,127,64,63
Nazhar,kult-der-verdammten,1633,warrior,arms,54,27,27
Lyroe,blackrock,1633,warrior,arms,42,21,21
Витодпс,howling-fjord,1633,warrior,arms,96,43,53
Арсон,soulflayer,1632,warrior,arms,36,19,17
Atlizz,twisting-nether,1632,warrior,arms,90,47,43
Tweran,drakthul,1632,warrior,arms,60,31,29
Battlemaster,die-aldor,1632,warrior,arms,86,44,42
Agoobagoo,alakir,1632,warrior,arms,47,23,24
Кхаррнн,gordunni,1632,warrior,arms,185,89,96
Liked,tarren-mill,1632,warrior,arms,54,24,30
Natis,drakthul,1632,warrior,arms,108,45,63
Asenine,sylvanas,1631,warrior,arms,474,232,242
Bamme,archimonde,1631,warrior,arms,59,28,31
Zaurzyfang,burning-legion,1630,warrior,arms,94,52,42
Çon,ravencrest,1630,warrior,arms,121,63,58
Nalx,tarren-mill,1630,warrior,arms,129,67,62
Lücifer,dun-modr,1629,warrior,arms,147,86,61
Aestheticon,burning-blade,1629,warrior,arms,36,21,15
Furanos,blackrock,1629,warrior,arms,65,34,31
Zugstorm,outland,1629,warrior,arms,100,50,50
Shoesmith,outland,1629,warrior,arms,316,157,159
Дугмар,gordunni,1629,warrior,arms,259,127,132
Orcassmus,blackrock,1628,warrior,arms,48,29,19
Laavapoeg,outland,1628,warrior,arms,105,56,49
Darksídex,silvermoon,1628,warrior,arms,339,176,163
Watashilfy,ravencrest,1628,warrior,arms,78,39,39
Inhaler,ravencrest,1628,warrior,arms,74,37,37
Thrux,dalaran,1628,warrior,arms,119,59,60
Winabella,tarren-mill,1627,warrior,arms,36,20,16
Mellîødas,blackmoore,1627,warrior,arms,66,36,30
Iameconomist,twisting-nether,1627,warrior,arms,36,17,19
Moosewood,draenor,1627,warrior,arms,107,50,57
Hellkau,blackmoore,1627,warrior,arms,57,26,31
Klinga,bladefist,1626,warrior,arms,42,24,18
Xzm,stormscale,1626,warrior,arms,33,18,15
Ebonheart,argent-dawn,1626,warrior,arms,110,53,57
Temashi,kazzak,1625,warrior,arms,113,64,49
Evrybodydown,draenor,1625,warrior,arms,230,119,111
Седлайккеану,howling-fjord,1625,warrior,arms,195,99,96
Hollydeffs,blackmoore,1625,warrior,arms,114,56,58
Asipositas,eredar,1625,warrior,arms,42,19,23
Beevzyn,blackmoore,1624,warrior,arms,24,17,7
Sanerion,antonidas,1624,warrior,arms,48,24,24
Sørêy,aegwynn,1624,warrior,arms,84,41,43
Wlãð,archimonde,1624,warrior,arms,48,23,25
Розети,gordunni,1623,warrior,arms,57,30,27
Rhaegon,laughing-skull,1623,warrior,arms,48,24,24
Lusan,sylvanas,1623,warrior,arms,42,21,21
Justyòqt,archimonde,1623,warrior,arms,84,40,44
Sorkk,kazzak,1622,warrior,arms,98,50,48
Фурианка,galakrond,1622,warrior,arms,63,31,32
Spartaz,eredar,1622,warrior,arms,66,30,36
Diz,terokkar,1621,warrior,arms,139,82,57
Solaje,dun-modr,1621,warrior,arms,39,22,17
Kût,les-sentinelles,1621,warrior,arms,41,22,19
Prestà,archimonde,1621,warrior,arms,81,43,38
Facestomper,onyxia,1621,warrior,arms,138,73,65
Арткес,gordunni,1621,warrior,arms,236,124,112
Mocomomo,argent-dawn,1621,warrior,arms,48,25,23
Vizn,emerald-dream,1621,warrior,arms,100,43,57
Autístickid,aegwynn,1620,warrior,arms,30,23,7
Hashashyn,stormscale,1620,warrior,arms,35,20,15
Najjs,eredar,1620,warrior,arms,39,20,19
Nyxz,blackhand,1620,warrior,arms,113,57,56
Sepuko,stormscale,1620,warrior,arms,132,66,66
Gargaflike,aggra-português,1620,warrior,arms,84,37,47
Vayndral,kazzak,1619,warrior,arms,126,67,59
Saetásh,argent-dawn,1619,warrior,arms,185,87,98
Sickslamzyø,ravencrest,1619,warrior,arms,42,17,25
Mxrdvr,kazzak,1618,warrior,arms,54,35,19
Boldinq,ravencrest,1618,warrior,arms,141,66,75
Surthur,magtheridon,1617,warrior,arms,82,42,40
Thundranium,kazzak,1616,warrior,arms,37,22,15
Kfc,chamber-of-aspects,1616,warrior,arms,54,28,26
Бургерс,soulflayer,1616,warrior,arms,93,44,49
Nelios,sylvanas,1616,warrior,arms,113,52,61
Shavoi,die-aldor,1616,warrior,arms,47,21,26
Borthuk,tarren-mill,1616,warrior,arms,107,45,62
Khireebonk,hyjal,1615,warrior,arms,36,24,12
Räzorleaf,kul-tiras,1615,warrior,arms,126,69,57
Gerrmund,silvermoon,1615,warrior,arms,81,44,37
Рекиро,blackscar,1615,warrior,arms,40,21,19
Gladius,ysera,1615,warrior,arms,86,43,43
Otzi,sargeras,1615,warrior,arms,135,62,73
Bstgame,frostmane,1615,warrior,arms,48,22,26
Skumslag,blackmoore,1615,warrior,arms,95,42,53
Chàrgex,blackrock,1614,warrior,arms,64,30,34
Untiltèd,ravencrest,1613,warrior,arms,89,60,29
Wtchmyblade,blackmoore,1613,warrior,arms,118,69,49
Заверчу,soulflayer,1613,warrior,arms,185,100,85
Фелпир,soulflayer,1613,warrior,arms,197,104,93
Cirenax,draenor,1613,warrior,arms,60,31,29
Bluto,dunemaul,1613,warrior,arms,393,203,190
Jakim,tarren-mill,1613,warrior,arms,190,95,95
Lewh,blackmoore,1613,warrior,arms,109,54,55
Hamez,thunderhorn,1613,warrior,arms,70,34,36
Blayr,tarren-mill,1613,warrior,arms,163,78,85
Smkms,kazzak,1613,warrior,arms,89,42,47
Yatõ,blackmoore,1612,warrior,arms,54,29,25
Reìvah,silvermoon,1612,warrior,arms,111,53,58
Чевчелиос,deathweaver,1612,warrior,arms,53,25,28
Ахиллслэм,howling-fjord,1612,warrior,arms,174,76,98
Ïnahö,hyjal,1611,warrior,arms,36,19,17
Оманко,howling-fjord,1611,warrior,arms,48,23,25
Brunodressed,aegwynn,1611,warrior,arms,120,57,63
Diô,stormscale,1611,warrior,arms,47,21,26
Ariéz,tarren-mill,1610,warrior,arms,110,61,49
Lepka,drakthul,1610,warrior,arms,111,61,50
Smoothbrian,ravencrest,1610,warrior,arms,137,70,67
Куэсес,howling-fjord,1610,warrior,arms,39,19,20
Enzja,nazjatar,1610,warrior,arms,66,31,35
Криккс,greymane,1610,warrior,arms,122,57,65
Adzandel,silvermoon,1610,warrior,arms,108,50,58
Strife,ravencrest,1609,warrior,arms,81,51,30
Ayasana,argent-dawn,1609,warrior,arms,42,25,17
Мираксус,soulflayer,1609,warrior,arms,97,50,47
Kennzz,ravencrest,1609,warrior,arms,54,27,27
Yakhshar,silvermoon,1609,warrior,arms,54,24,30
Haanok,ravencrest,1608,warrior,arms,65,38,27
Mävïs,ravencrest,1608,warrior,arms,84,46,38
Skgrimson,stormscale,1608,warrior,arms,113,60,53
Штурмгешутц,deathweaver,1608,warrior,arms,204,105,99
Guts,frostwhisper,1608,warrior,arms,173,83,90
Caméltoe,frostwolf,1608,warrior,arms,149,70,79
Sjozug,tarren-mill,1608,warrior,arms,42,17,25
Ironbutter,ravencrest,1607,warrior,arms,104,62,42
Únkqt,dalaran,1607,warrior,arms,63,35,28
Bursch,ravencrest,1607,warrior,arms,137,69,68
Gailko,sanguino,1607,warrior,arms,44,20,24
Хэллоуиныч,soulflayer,1606,warrior,arms,30,17,13
Bj,blackrock,1606,warrior,arms,123,65,58
Pikkemaát,stormscale,1606,warrior,arms,101,53,48
Ивантуз,gordunni,1606,warrior,arms,42,22,20
Eyeslicer,quelthalas,1606,warrior,arms,42,22,20
Odenscolddry,kazzak,1606,warrior,arms,191,93,98
Oppressíon,silvermoon,1606,warrior,arms,46,22,24
Takatoa,argent-dawn,1606,warrior,arms,54,23,31
Unbrauchbar,silvermoon,1605,warrior,arms,94,53,41
Trajkovic,ravencrest,1605,warrior,arms,292,160,132
Taÿ,stormscale,1605,warrior,arms,36,19,17
Ødräcîë,silvermoon,1605,warrior,arms,120,62,58
Arnoldr,ysondre,1605,warrior,arms,48,24,24
Jeax,rexxar,1605,warrior,arms,46,20,26
Albwarr,kazzak,1605,warrior,arms,42,18,24
Faimy,tarren-mill,1604,warrior,arms,36,21,15
Ayraw,eredar,1604,warrior,arms,36,20,16
Ronoh,kazzak,1604,warrior,arms,42,23,19
Senzroy,bloodfeather,1604,warrior,arms,42,22,20
Bloodx,archimonde,1603,warrior,arms,36,20,16
Buckiesøde,twisting-nether,1603,warrior,arms,36,17,19
Maxxiwumms,amanthul,1603,warrior,arms,72,32,40
Eskiler,burning-legion,1603,warrior,arms,54,23,31
Zkou,wrathbringer,1603,warrior,arms,60,22,38
Eselhirte,blackmoore,1602,warrior,arms,85,46,39
Armsbull,twisting-nether,1602,warrior,arms,108,56,52
Молчаньеума,howling-fjord,1602,warrior,arms,48,20,28
Freelongx,stormscale,1602,warrior,arms,42,17,25
Wítts,ravencrest,1601,warrior,arms,30,20,10
Duncán,auchindoun,1601,warrior,arms,65,36,29
Ym,twisting-nether,1601,warrior,arms,36,19,17
Miz,dun-modr,1601,warrior,arms,63,32,31
Khanox,twisting-nether,1601,warrior,arms,148,74,74
Reapo,blackhand,1601,warrior,arms,207,101,106
Kupr,outland,1601,warrior,arms,46,21,25
Crystallake,blackrock,1601,warrior,arms,114,52,62
Sunney,tarren-mill,1600,warrior,arms,35,21,14
Астерио,blackscar,1600,warrior,arms,90,48,42
Bucketheadde,thrall,1600,warrior,arms,59,26,33
Sumprunkare,stormscale,1599,warrior,arms,52,29,23
Batïk,blackmoore,1599,warrior,arms,95,43,52
Incendix,stormscale,1598,warrior,arms,178,92,86
Authar,tarren-mill,1597,warrior,arms,118,65,53
Zouo,blackhand,1597,warrior,arms,41,21,20
Dafrang,kazzak,1597,warrior,arms,136,69,67
Вагранна,soulflayer,1597,warrior,arms,54,26,28
Морнстар,gordunni,1597,warrior,arms,115,55,60
Stanislav,tarren-mill,1596,warrior,arms,32,20,12
Bloodbrother,blackmoore,1596,warrior,arms,152,81,71
Кладбошаа,gordunni,1596,warrior,arms,138,70,68
Gorelaw,turalyon,1596,warrior,arms,36,18,18
Омепразол,gordunni,1596,warrior,arms,283,140,143
Poolboyx,tarren-mill,1596,warrior,arms,165,80,85
Acaleus,the-maelstrom,1596,warrior,arms,196,95,101
Arandyr,archimonde,1596,warrior,arms,60,24,36
Elder,darkmoon-faire,1595,warrior,arms,203,102,101
Kobeni,ysondre,1595,warrior,arms,85,40,45
Kwaiha,kazzak,1595,warrior,arms,91,42,49
Tenvee,outland,1595,warrior,arms,42,19,23
Бурчун,deathguard,1594,warrior,arms,54,34,20
Xiiver,burning-legion,1593,warrior,arms,143,76,67
Knubbz,ravencrest,1592,warrior,arms,60,30,30
Айфилшок,gordunni,1592,warrior,arms,90,43,47
Trashman,bronzebeard,1591,warrior,arms,186,93,93
Dedewawa,ysondre,1591,warrior,arms,36,17,19
Ruinatiøn,stormscale,1589,warrior,arms,48,30,18
Grezlyk,drakthul,1589,warrior,arms,131,65,66
Nârmøra,thrall,1589,warrior,arms,36,17,19
Thundersword,sylvanas,1589,warrior,arms,84,30,54
Astidon,ravencrest,1588,warrior,arms,33,18,15
Kantarion,stormscale,1588,warrior,arms,96,50,46
Хирошка,gordunni,1588,warrior,arms,132,62,70
Btr,archimonde,1588,warrior,arms,42,19,23
Spridan,ravencrest,1588,warrior,arms,54,20,34
Tyrax,blackrock,1587,warrior,arms,35,20,15
Deathwingx,azuremyst,1587,warrior,arms,159,75,84
Corlo,uldaman,1587,warrior,arms,98,44,54
Сажень,blackscar,1587,warrior,arms,92,40,52
Анакронокс,howling-fjord,1586,warrior,arms,44,23,21
Aeldran,argent-dawn,1586,warrior,arms,48,25,23
Bronix,blackrock,1586,warrior,arms,130,64,66
Люцц,gordunni,1585,warrior,arms,303,150,153
Gigasmash,pozzo-delleternità,1585,warrior,arms,316,155,161
Karreg,hyjal,1585,warrior,arms,253,122,131
Ogurok,frostwolf,1585,warrior,arms,129,58,71
Germantank,ravencrest,1584,warrior,arms,36,19,17
Bufdefstance,kazzak,1584,warrior,arms,86,43,43
Bigbanz,outland,1584,warrior,arms,129,61,68
Джамалли,howling-fjord,1584,warrior,arms,60,26,34
Bérsérk,blackmoore,1583,warrior,arms,34,20,14
Pumpadzhîja,stormscale,1583,warrior,arms,52,28,24
Напутанность,soulflayer,1583,warrior,arms,453,234,219
Килафх,blackscar,1583,warrior,arms,234,115,119
Naturesfault,ravencrest,1582,warrior,arms,32,19,13
Notinfa,draenor,1582,warrior,arms,239,126,113
Fragmeista,ragnaros,1582,warrior,arms,36,17,19
Ragëë,tarren-mill,1581,warrior,arms,78,42,36
Geroldius,silvermoon,1581,warrior,arms,60,26,34
Talión,ravencrest,1580,warrior,arms,30,22,8
Yeezy,les-sentinelles,1580,warrior,arms,50,26,24
Knoutt,burning-legion,1580,warrior,arms,42,20,22
Horsewarrior,stormscale,1580,warrior,arms,77,33,44
Форгерон,howling-fjord,1580,warrior,arms,65,27,38
Каосвар,howling-fjord,1579,warrior,arms,30,19,11
Хедтакер,gordunni,1578,warrior,arms,39,22,17
Voxz,stormscale,1578,warrior,arms,265,126,139
Asuramaru,aegwynn,1577,warrior,arms,146,79,67
Gotar,ravencrest,1577,warrior,arms,171,92,79
Krew,drakthul,1577,warrior,arms,90,43,47
Badroch,kazzak,1577,warrior,arms,82,35,47
Троммтар,howling-fjord,1577,warrior,arms,172,73,99
Snðw,outland,1577,warrior,arms,103,40,63
Sýkz,exodar,1577,warrior,arms,53,19,34
Vullgrîm,blackmoore,1576,warrior,arms,102,51,51
Taistelumage,stormreaver,1576,warrior,arms,35,17,18
Secondwarri,frostwolf,1575,warrior,arms,86,48,38
Lpa,stormscale,1575,warrior,arms,74,39,35
Ослаард,gordunni,1575,warrior,arms,42,22,20
Furukawa,ravencrest,1575,warrior,arms,51,24,27
Oxay,alakir,1575,warrior,arms,70,30,40
Tinkaton,sylvanas,1575,warrior,arms,48,20,28
Paranoiás,ragnaros,1575,warrior,arms,80,31,49
Poyraz,blackrock,1574,warrior,arms,48,25,23
Eohere,der-rat-von-dalaran,1574,warrior,arms,111,57,54
Рестат,soulflayer,1574,warrior,arms,260,130,130
Grumpy,lightbringer,1574,warrior,arms,124,62,62
Hobo,ravencrest,1574,warrior,arms,124,60,64
Argean,argent-dawn,1574,warrior,arms,42,18,24
Nakro,hyjal,1573,warrior,arms,36,23,13
Erotixboi,blackrock,1573,warrior,arms,48,29,19
Darkwhisper,destromath,1573,warrior,arms,36,21,15
Sebeastian,ravencrest,1573,warrior,arms,126,67,59
Rabaozi,blackhand,1573,warrior,arms,167,84,83
Linkx,lightnings-blade,1573,warrior,arms,66,30,36
Оргрриммар,soulflayer,1572,warrior,arms,501,250,251
Сариату,soulflayer,1572,warrior,arms,36,17,19
Velgrim,ravencrest,1572,warrior,arms,87,37,50
Bôris,argent-dawn,1571,warrior,arms,94,51,43
Liqpref,draenor,1571,warrior,arms,57,30,27
Jøtawarrior,sanguino,1571,warrior,arms,79,40,39
Трешконтент,gordunni,1571,warrior,arms,132,65,67
Treze,sanguino,1571,warrior,arms,194,95,99
Трафалльгар,gordunni,1570,warrior,arms,279,150,129
Monbun,silvermoon,1570,warrior,arms,101,51,50
Arcreign,kazzak,1570,warrior,arms,216,107,109
Kookwr,aggra-português,1570,warrior,arms,97,43,54
Mumon,burning-legion,1570,warrior,arms,53,20,33
Шлифую,howling-fjord,1569,warrior,arms,73,44,29
Breaken,silvermoon,1569,warrior,arms,60,32,28
Спуллае,soulflayer,1569,warrior,arms,48,25,23
Melogranod,nemesis,1569,warrior,arms,42,20,22
Jaythegodx,blackrock,1569,warrior,arms,108,43,65
Rageover,outland,1568,warrior,arms,35,20,15
Terrificone,drakthul,1568,warrior,arms,74,40,34
Yoñtuk,twisting-nether,1568,warrior,arms,36,19,17
Vampviv,tarren-mill,1568,warrior,arms,36,19,17
Испепелитель,howling-fjord,1568,warrior,arms,91,46,45
Zhangbeihai,ravencrest,1568,warrior,arms,348,168,180
Донтрелиз,howling-fjord,1568,warrior,arms,106,49,57
Kamilfury,burning-legion,1568,warrior,arms,109,49,60
Ganzaésábi,aggra-português,1567,warrior,arms,108,57,51
Gely,silvermoon,1566,warrior,arms,119,59,60
Frcwar,kazzak,1566,warrior,arms,54,26,28
Дейдулус,soulflayer,1566,warrior,arms,78,33,45
Miniwitts,ravencrest,1565,warrior,arms,30,20,10
Crangle,draenor,1565,warrior,arms,115,59,56
Rakuna,tarren-mill,1565,warrior,arms,138,68,70
Shwreck,kazzak,1565,warrior,arms,106,52,54
Giganza,outland,1565,warrior,arms,66,29,37
Manoito,argent-dawn,1565,warrior,arms,60,25,35
Lilgozga,stormscale,1565,warrior,arms,113,47,66
Stormfist,tarren-mill,1564,warrior,arms,96,54,42
Едигейй,gordunni,1564,warrior,arms,58,32,26
Akenrun,eredar,1564,warrior,arms,90,47,43
Zhadsnark,blackrock,1564,warrior,arms,116,59,57
Skrawarr,das-syndikat,1564,warrior,arms,174,88,86
Perinel,draenor,1564,warrior,arms,210,104,106
Ajax,defias-brotherhood,1564,warrior,arms,101,49,52
Methodxd,outland,1564,warrior,arms,78,37,41
Fáro,ravencrest,1564,warrior,arms,64,30,34
Romic,guldan,1564,warrior,arms,78,36,42
Sobii,ravencrest,1563,warrior,arms,53,28,25
Caltan,wildhammer,1563,warrior,arms,62,32,30
Каутто,howling-fjord,1563,warrior,arms,46,22,24
Cavo,drakthul,1563,warrior,arms,42,18,24
Vlorgboi,drakthul,1563,warrior,arms,42,18,24
Stepa,sylvanas,1562,warrior,arms,54,28,26
Kekru,silvermoon,1562,warrior,arms,39,19,20
Cleopatra,frostwhisper,1561,warrior,arms,36,22,14
Lilshockwave,argent-dawn,1561,warrior,arms,54,31,23
Футжисубо,razuvious,1561,warrior,arms,47,24,23
Gozga,twisting-nether,1561,warrior,arms,202,103,99
Rongh,saurfang,1561,warrior,arms,36,17,19
Daýz,draenor,1561,warrior,arms,48,18,30
Abrash,ysondre,1560,warrior,arms,154,75,79
Протектор,soulflayer,1560,warrior,arms,60,29,31
Stancenation,draenor,1560,warrior,arms,99,47,52
Alyx,mugthol,1559,warrior,arms,116,62,54
Хэлслэйтэр,gordunni,1559,warrior,arms,130,65,65
Cráft,silvermoon,1559,warrior,arms,72,33,39
Noitoved,outland,1559,warrior,arms,56,23,33
Malgár,argent-dawn,1558,warrior,arms,59,30,29
Huullkk,nazjatar,1558,warrior,arms,149,73,76
Mikehawk,les-clairvoyants,1558,warrior,arms,53,20,33
Zíreael,ravencrest,1557,warrior,arms,95,49,46
Тише,deathweaver,1557,warrior,arms,60,29,31
Dreadbanga,blackmoore,1557,warrior,arms,73,33,40
Daminia,aegwynn,1556,warrior,arms,60,38,22
Hasmocaru,silvermoon,1556,warrior,arms,84,40,44
Fullzugzug,kazzak,1555,warrior,arms,78,40,38
Chestbru,blackrock,1555,warrior,arms,152,65,87
Hivuka,blackhand,1554,warrior,arms,42,22,20
Wazraf,khaz-modan,1554,warrior,arms,198,100,98
Fokra,draenor,1553,warrior,arms,74,47,27
Rendz,ravencrest,1553,warrior,arms,30,19,11
Mélindà,silvermoon,1553,warrior,arms,63,38,25
Dødsdonny,draenor,1553,warrior,arms,112,66,46
Dagreenjo,tarren-mill,1553,warrior,arms,60,32,28
Riann,silvermoon,1553,warrior,arms,60,29,31
Waf,hakkar,1552,warrior,arms,195,105,90
Xanco,ravencrest,1552,warrior,arms,98,48,50
Shownomercy,blackrock,1552,warrior,arms,66,32,34
Почтитайсон,howling-fjord,1551,warrior,arms,44,25,19
Euforija,kazzak,1551,warrior,arms,136,74,62
Хоркан,blackscar,1551,warrior,arms,66,31,35
Robou,hyjal,1551,warrior,arms,252,114,138
Shirøx,blackrock,1550,warrior,arms,78,42,36
Riptack,anetheron,1550,warrior,arms,295,153,142
Philatou,antonidas,1549,warrior,arms,53,29,24
Bujax,onyxia,1549,warrior,arms,40,17,23
Genjutsubeat,blackmoore,1548,warrior,arms,54,31,23
Hitmanler,frostmane,1548,warrior,arms,137,74,63
Raizy,frostwolf,1547,warrior,arms,344,182,162
Kaîsaschnitt,malganis,1547,warrior,arms,167,88,79
Divyx,tarren-mill,1547,warrior,arms,115,60,55
Vilass,silvermoon,1547,warrior,arms,60,31,29
Arowbaze,archimonde,1547,warrior,arms,66,28,38
Hortswarr,drakthul,1546,warrior,arms,49,29,20
Donfidel,tarren-mill,1546,warrior,arms,30,17,13
Threnewar,kazzak,1546,warrior,arms,60,31,29
Tamesulo,silvermoon,1546,warrior,arms,101,52,49
Zëhef,hyjal,1546,warrior,arms,138,71,67
Trenôdeca,stormscale,1546,warrior,arms,48,23,25
Alexandrrior,rexxar,1546,warrior,arms,114,53,61
Robitusin,ragnaros,1546,warrior,arms,86,39,47
Morthôr,grim-batol,1545,warrior,arms,69,34,35
Nàsher,frostwolf,1545,warrior,arms,133,64,69
Roniw,sylvanas,1544,warrior,arms,102,54,48
Oweiko,blackrock,1544,warrior,arms,90,46,44
Massiveape,argent-dawn,1544,warrior,arms,69,35,34
Ermòr,ravencrest,1544,warrior,arms,69,32,37
Kekrah,burning-legion,1544,warrior,arms,65,27,38
Belzebud,kazzak,1544,warrior,arms,66,27,39
Lubcifer,emeriss,1543,warrior,arms,30,17,13
Gipsyjoe,ragnaros,1543,warrior,arms,88,43,45
Teg,ravencrest,1542,warrior,arms,93,48,45
Rottenfall,azjolnerub,1541,warrior,arms,129,78,51
Мускулатор,soulflayer,1541,warrior,arms,159,82,77
Wrynir,archimonde,1541,warrior,arms,78,38,40
Slidmacka,twisting-nether,1541,warrior,arms,187,88,99
Hellespont,hellscream,1541,warrior,arms,191,85,106
Галактозар,soulflayer,1540,warrior,arms,255,134,121
Gravityfalls,blackmoore,1540,warrior,arms,208,105,103
Màkáveli,stormscale,1540,warrior,arms,113,56,57
Jeonsoyeon,argent-dawn,1540,warrior,arms,36,17,19
Tentontruck,ragnaros,1539,warrior,arms,60,22,38
Deadlyanger,kazzak,1538,warrior,arms,108,56,52
ßamßam,draenor,1538,warrior,arms,58,29,29
Tezzter,malganis,1538,warrior,arms,36,17,19
Alexamazing,lordaeron,1538,warrior,arms,79,37,42
Marablind,drakthul,1538,warrior,arms,42,17,25
Zhulgar,azjolnerub,1537,warrior,arms,60,32,28
Dragoons,tyrande,1537,warrior,arms,104,48,56
Земибор,soulflayer,1537,warrior,arms,96,38,58
Grántor,eredar,1536,warrior,arms,72,38,34
Renbaka,marécage-de-zangar,1536,warrior,arms,48,25,23
Chrekk,khaz-modan,1536,warrior,arms,83,43,40
Kleidaria,stormscale,1536,warrior,arms,62,31,31
Khalen,grim-batol,1536,warrior,arms,36,18,18
Beanzz,blackmoore,1535,warrior,arms,30,17,13
Лагалиер,borean-tundra,1535,warrior,arms,56,31,25
Axetomouth,blackrock,1535,warrior,arms,60,32,28
Yeahq,kazzak,1535,warrior,arms,216,104,112
Serastul,rajaxx,1535,warrior,arms,98,47,51
Donkeymeta,frostmane,1535,warrior,arms,84,39,45
Ckx,kazzak,1534,warrior,arms,44,28,16
Panggy,ragnaros,1534,warrior,arms,70,34,36
Архиватор,gordunni,1533,warrior,arms,175,89,86
Бигдэмс,soulflayer,1533,warrior,arms,36,16,20
Айсиёу,howling-fjord,1533,warrior,arms,56,23,33
Tyrasia,hyjal,1532,warrior,arms,30,16,14
Martins,doomhammer,1532,warrior,arms,230,115,115
Pishpy,sylvanas,1532,warrior,arms,38,19,19
Skorz,kazzak,1532,warrior,arms,117,57,60
Mesmash,uldum,1532,warrior,arms,54,26,28
Lahzar,krasus,1531,warrior,arms,132,61,71
Swayzze,frostwolf,1531,warrior,arms,60,25,35
Mbappé,dragonblight,1530,warrior,arms,18,16,2
Угхпах,soulflayer,1530,warrior,arms,39,18,21
Êphêý,kazzak,1530,warrior,arms,36,16,20
Áäáäáäáä,aegwynn,1529,warrior,arms,30,16,14
Rogersrage,ragnaros,1529,warrior,arms,101,53,48
Laceysmash,anubarak,1529,warrior,arms,42,21,21
Kazzuk,dentarg,1529,warrior,arms,69,33,36
Proxxyyqt,blackrock,1529,warrior,arms,68,30,38
Suchasosuck,twisting-nether,1528,warrior,arms,322,171,151
Ragetotem,doomhammer,1527,warrior,arms,38,18,20
Heubba,hyjal,1527,warrior,arms,48,18,30
Kyrú,silvermoon,1526,warrior,arms,126,61,65
Whoosah,ragnaros,1525,warrior,arms,123,60,63
Лотрранк,gordunni,1525,warrior,arms,60,24,36
Tabboonishka,draenor,1524,warrior,arms,36,19,17
Jonukas,argent-dawn,1524,warrior,arms,64,29,35
Pra,antonidas,1523,warrior,arms,84,49,35
Vratranzhul,kirin-tor,1523,warrior,arms,349,172,177
Herigan,burning-legion,1523,warrior,arms,57,25,32
Grimoire,drakthul,1522,warrior,arms,62,34,28
Ricssonz,burning-legion,1522,warrior,arms,120,62,58
Shrekwarr,kazzak,1522,warrior,arms,137,67,70
Norwegian,silvermoon,1522,warrior,arms,92,44,48
Meldy,dun-morogh,1522,warrior,arms,56,22,34
Arturo,blackmoore,1522,warrior,arms,58,22,36
Synrosh,hyjal,1521,warrior,arms,63,39,24
Stormcoil,stormscale,1521,warrior,arms,47,24,23
Bhallts,twisting-nether,1521,warrior,arms,66,24,42
Blitz,archimonde,1520,warrior,arms,30,20,10
Zelwar,drakthul,1520,warrior,arms,31,19,12
Devilpanic,outland,1520,warrior,arms,30,16,14
Execútioner,sylvanas,1520,warrior,arms,59,30,29
Шеломвар,gordunni,1520,warrior,arms,161,74,87
Gervvand,burning-legion,1519,warrior,arms,48,26,22
Мэйрил,lich-king,1519,warrior,arms,190,99,91
Hazzael,ravencrest,1519,warrior,arms,126,63,63
Deadlycalm,blackrock,1519,warrior,arms,229,114,115
Nashgrim,blackrock,1519,warrior,arms,60,26,34
Eyesonly,blackmoore,1518,warrior,arms,94,55,39
Ingensan,lightbringer,1518,warrior,arms,116,63,53
Yukizz,ravencrest,1518,warrior,arms,30,16,14
Wildblue,sylvanas,1518,warrior,arms,98,52,46
Gaisorg,die-aldor,1518,warrior,arms,60,31,29
Сика,blackscar,1518,warrior,arms,96,46,50
Vurux,blackrock,1517,warrior,arms,50,27,23
Bullrug,blackrock,1517,warrior,arms,58,29,29
Imfiñe,outland,1517,warrior,arms,173,83,90
Vôx,sylvanas,1517,warrior,arms,241,110,131
Savedsky,zuljin,1517,warrior,arms,48,16,32
Genç,ysondre,1516,warrior,arms,179,94,85
Grroom,tarren-mill,1516,warrior,arms,64,32,32
Warclodo,la-croisade-écarlate,1516,warrior,arms,36,18,18
Kneecleaver,darksorrow,1516,warrior,arms,66,29,37
Trilon,blackrock,1516,warrior,arms,56,24,32
Cãngo,die-todeskrallen,1515,warrior,arms,121,64,57
Оргнар,ashenvale,1515,warrior,arms,66,34,32
Skeletor,draenor,1515,warrior,arms,61,30,31
Toroespaña,draenor,1515,warrior,arms,240,117,123
Rayner,illidan,1515,warrior,arms,60,28,32
Cäös,sanguino,1515,warrior,arms,57,26,31
Cryonix,drakthul,1514,warrior,arms,73,40,33
Мерсилессх,gordunni,1514,warrior,arms,108,55,53
Maniackz,tarren-mill,1514,warrior,arms,42,21,21
Aizy,blackhand,1514,warrior,arms,42,21,21
Cryhoof,ragnaros,1514,warrior,arms,207,103,104
Warmegedon,frostmane,1512,warrior,arms,24,16,8
Bävling,kazzak,1512,warrior,arms,61,33,28
Frankius,ravencrest,1512,warrior,arms,96,51,45
Mezugzugyou,draenor,1512,warrior,arms,44,23,21
Grimarg,drakthul,1512,warrior,arms,78,39,39
Neoballâc,uldum,1512,warrior,arms,36,18,18
Thaldrys,blackhand,1512,warrior,arms,167,81,86
Бизэмэйкер,gordunni,1512,warrior,arms,36,17,19
Rathis,arathor,1512,warrior,arms,84,34,50
Firience,silvermoon,1512,warrior,arms,65,26,39
Xorlog,thrall,1511,warrior,arms,53,30,23
Ødên,frostmane,1511,warrior,arms,30,16,14
Wutend,nemesis,1511,warrior,arms,41,21,20
Spijkerbroek,alakir,1511,warrior,arms,600,304,296
Romanul,terokkar,1511,warrior,arms,182,91,91
Belgabad,rexxar,1511,warrior,arms,89,40,49
Ragnou,tarren-mill,1510,warrior,arms,100,48,52
Scormash,burning-legion,1510,warrior,arms,36,16,20
Keluke,thrall,1510,warrior,arms,39,17,22
Хамерртайм,goldrinn,1510,warrior,arms,48,20,28
Totenkrieger,draenor,1509,warrior,arms,36,18,18
Sanca,naxxramas,1509,warrior,arms,66,26,40
Valíon,outland,1508,warrior,arms,136,75,61
Arenameister,blackmoore,1508,warrior,arms,42,21,21
Drahtalger,hyjal,1508,warrior,arms,54,25,29
Ashecröft,sylvanas,1508,warrior,arms,63,28,35
Melliug,ysondre,1508,warrior,arms,48,20,28
Kultywator,silvermoon,1507,warrior,arms,24,16,8
Nøsyo,blackrock,1507,warrior,arms,30,18,12
Üs,ravencrest,1507,warrior,arms,69,37,32
Настрамо,gordunni,1507,warrior,arms,52,26,26
Trust,darksorrow,1507,warrior,arms,72,35,37
Miodrag,kazzak,1507,warrior,arms,36,17,19
Sonìe,kazzak,1506,warrior,arms,89,51,38
Krîspie,archimonde,1506,warrior,arms,89,45,44
Джанобу,soulflayer,1506,warrior,arms,36,18,18
Subwaygodx,frostwolf,1506,warrior,arms,61,25,36
Jamakun,magtheridon,1505,warrior,arms,54,29,25
Celphboss,tarren-mill,1505,warrior,arms,93,49,44
Zergalot,stormscale,1505,warrior,arms,35,17,18
Séphi,archimonde,1505,warrior,arms,78,37,41
Агрегат,goldrinn,1505,warrior,arms,126,59,67
Haraldjuhnke,frostwolf,1505,warrior,arms,76,35,41
Wargak,stormscale,1505,warrior,arms,42,18,24
Micromachine,argent-dawn,1505,warrior,arms,66,25,41
Pied,krasus,1504,warrior,arms,36,19,17
Dokô,twisting-nether,1504,warrior,arms,84,44,40
Тэйкмисофтли,blackscar,1504,warrior,arms,54,28,26
Мэднас,howling-fjord,1504,warrior,arms,132,68,64
Ceen,alakir,1504,warrior,arms,59,30,29
Волрок,howling-fjord,1504,warrior,arms,67,34,33
Pptickler,argent-dawn,1504,warrior,arms,83,41,42
Raakalainen,vashj,1504,warrior,arms,59,29,30
Ironsíde,alakir,1504,warrior,arms,63,28,35
Istenn,stormscale,1504,warrior,arms,72,27,45
Drachnór,kazzak,1503,warrior,arms,39,22,17
Alokar,draenor,1503,warrior,arms,66,35,31
Дагмар,howling-fjord,1503,warrior,arms,72,34,38
Бижек,gordunni,1503,warrior,arms,66,31,35
Mordeukay,hyjal,1503,warrior,arms,48,22,26
Nezruslone,dun-modr,1502,warrior,arms,58,42,16
Ollyaa,ravencrest,1502,warrior,arms,84,45,39
Leroxius,ragnaros,1502,warrior,arms,222,116,106
Кизуми,gordunni,1502,warrior,arms,81,38,43
Thomasw,argent-dawn,1502,warrior,arms,60,28,32
Jastreb,blackrock,1502,warrior,arms,126,55,71
Greatsword,turalyon,1501,warrior,arms,41,24,17
Craghak,twisting-nether,1501,warrior,arms,219,110,109
Ausrastus,blackhand,1501,warrior,arms,36,18,18
Рыгулька,gordunni,1500,warrior,arms,198,96,102
Arktharion,antonidas,1500,warrior,arms,96,46,50
Greekazi,kazzak,1499,warrior,arms,81,44,37
Mentôr,sargeras,1499,warrior,arms,47,23,24
Ansi,argent-dawn,1499,warrior,arms,157,73,84
Shimslady,outland,1499,warrior,arms,48,17,31
Crriminal,ravencrest,1498,warrior,arms,48,20,28
Notsyn,twisting-nether,1497,warrior,arms,54,35,19
Dxc,blackhand,1497,warrior,arms,56,29,27
Rohc,kazzak,1497,warrior,arms,106,51,55
Kieranx,silvermoon,1497,warrior,arms,62,27,35
Pezuñaloca,shendralar,1496,warrior,arms,96,56,40
Melfis,aegwynn,1496,warrior,arms,52,27,25
Juicyglutes,turalyon,1495,warrior,arms,36,18,18
Grimzot,ragnaros,1495,warrior,arms,66,32,34
Думхаммер,howling-fjord,1494,warrior,arms,77,44,33
Morvar,sanguino,1494,warrior,arms,30,16,14
Shadowbôxer,onyxia,1494,warrior,arms,74,38,36
Thiccbra,burning-legion,1494,warrior,arms,78,40,38
Chakrator,la-croisade-écarlate,1494,warrior,arms,303,154,149
Icekissx,hyjal,1494,warrior,arms,141,71,70
Whátsup,stormscale,1494,warrior,arms,48,24,24
Gìlgamesh,dun-modr,1494,warrior,arms,182,89,93
Киллдекс,gordunni,1494,warrior,arms,179,85,94
Sholong,antonidas,1494,warrior,arms,66,31,35
Aurélus,rexxar,1493,warrior,arms,36,22,14
Ardmoo,burning-legion,1493,warrior,arms,65,34,31
Эйримор,gordunni,1493,warrior,arms,36,18,18
Dárkhammer,tarren-mill,1493,warrior,arms,102,50,52
Skullrage,tarren-mill,1493,warrior,arms,59,24,35
Ssnakeess,silvermoon,1492,warrior,arms,90,48,42
Boshim,ravencrest,1492,warrior,arms,60,32,28
Tinkley,quelthalas,1492,warrior,arms,51,27,24
Solezte,tarren-mill,1492,warrior,arms,114,59,55
Hùmøngöúslåm,ravencrest,1491,warrior,arms,42,25,17
Brutøs,conseil-des-ombres,1491,warrior,arms,54,28,26
Nighat,sanguino,1491,warrior,arms,168,85,83
Nexpwns,blackhand,1491,warrior,arms,225,113,112
Párta,ravencrest,1491,warrior,arms,100,49,51
Pumpadzhîja,outland,1491,warrior,arms,66,32,34
Vectarrior,eredar,1491,warrior,arms,60,29,31
Стенденсх,howling-fjord,1491,warrior,arms,137,65,72
Сэлфиш,lich-king,1491,warrior,arms,77,36,41
Gantsrip,stormscale,1491,warrior,arms,88,41,47
Каргром,howling-fjord,1491,warrior,arms,39,18,21
Exoblade,silvermoon,1491,warrior,arms,88,37,51
Picciocino,nemesis,1491,warrior,arms,88,36,52
Pokopo,blackrock,1490,warrior,arms,343,172,171
Ricovega,kazzak,1490,warrior,arms,42,21,21
Hefthyn,sanguino,1489,warrior,arms,42,23,19
Казньшалав,gordunni,1489,warrior,arms,153,78,75
Dagouor,twisting-nether,1489,warrior,arms,99,48,51
Wardrior,stormscale,1489,warrior,arms,62,30,32
Северот,deepholm,1489,warrior,arms,53,25,28
Gromkarg,draenor,1489,warrior,arms,116,49,67
Sidiøøus,hyjal,1488,warrior,arms,120,61,59
Ilovealma,kiljaeden,1488,warrior,arms,107,49,58
Hindbærsaft,stormscale,1487,warrior,arms,55,32,23
Sahl,sylvanas,1487,warrior,arms,192,93,99
Jimei,temple-noir,1486,warrior,arms,30,16,14
Reider,kazzak,1486,warrior,arms,63,33,30
Голдибитч,gordunni,1486,warrior,arms,84,41,43
Getjuiced,tarren-mill,1486,warrior,arms,54,21,33
Mfdoöm,draenor,1485,warrior,arms,172,85,87
Paow,tarren-mill,1485,warrior,arms,77,37,40
Nainculay,kaelthas,1485,warrior,arms,48,23,25
Diablozhørs,ysondre,1484,warrior,arms,81,48,33
Omgihithard,draenor,1484,warrior,arms,57,28,29
Fizzywarrior,blackmoore,1484,warrior,arms,63,29,34
Kaylì,ravencrest,1484,warrior,arms,53,20,33
Madkill,twisting-nether,1483,warrior,arms,69,35,34
Nucleargrab,twilights-hammer,1483,warrior,arms,235,119,116
Fiveboy,tarren-mill,1483,warrior,arms,36,17,19
Бубаигавар,gordunni,1483,warrior,arms,60,28,32
Денеур,gordunni,1483,warrior,arms,146,58,88
Ocecute,tarren-mill,1482,warrior,arms,54,30,24
Lortèn,stormscale,1482,warrior,arms,48,24,24
Orgazam,xavius,1481,warrior,arms,83,45,38
Runhex,veknilash,1481,warrior,arms,53,26,27
Hôrn,stormscale,1480,warrior,arms,70,40,30
Blacksliide,blackmoore,1480,warrior,arms,30,17,13
Gramr,silvermoon,1480,warrior,arms,71,36,35
Henco,twisting-nether,1480,warrior,arms,42,21,21
Glakias,silvermoon,1480,warrior,arms,63,31,32
Doba,madmortem,1480,warrior,arms,101,49,52
Warmâchine,burning-legion,1480,warrior,arms,301,141,160
Nurfbolt,kazzak,1480,warrior,arms,41,19,22
Altimáte,antonidas,1479,warrior,arms,30,18,12
Kestialezin,archimonde,1479,warrior,arms,101,60,41
Minitizzr,stormscale,1479,warrior,arms,54,27,27
Равахим,soulflayer,1479,warrior,arms,36,18,18
Enface,ragnaros,1478,warrior,arms,131,68,63
Lektor,eredar,1478,warrior,arms,54,23,31
Teronth,burning-legion,1478,warrior,arms,66,24,42
Lezgar,ragnaros,1477,warrior,arms,24,18,6
Okoru,stormscale,1477,warrior,arms,115,56,59
Pajalousta,elune,1477,warrior,arms,120,56,64
Bracki,ysondre,1477,warrior,arms,46,21,25
Rightversion,sylvanas,1477,warrior,arms,36,16,20
Trenbullone,kazzak,1476,warrior,arms,51,32,19
Elprotes,sanguino,1476,warrior,arms,102,55,47
Freutag,azshara,1476,warrior,arms,114,61,53
Vegilhenvin,stormscale,1476,warrior,arms,63,27,36
Schmelzlord,thrall,1476,warrior,arms,39,16,23
Elinyar,aegwynn,1476,warrior,arms,48,17,31
Argaskurken,ravencrest,1475,warrior,arms,78,38,40
Разрубателл,soulflayer,1475,warrior,arms,66,31,35
Nyokosuzi,grim-batol,1475,warrior,arms,90,41,49
Jashin,hellfire,1475,warrior,arms,60,23,37
Reidunøks,kazzak,1474,warrior,arms,131,65,66
Metaslave,the-maelstrom,1474,warrior,arms,54,26,28
Leomance,hyjal,1473,warrior,arms,30,18,12
Kelmyst,ragnaros,1473,warrior,arms,86,46,40
Whyduck,silvermoon,1473,warrior,arms,36,19,17
Bigbmh,tarren-mill,1473,warrior,arms,54,26,28
Shanai,silvermoon,1473,warrior,arms,36,16,20
Sankuto,kazzak,1472,warrior,arms,56,33,23
Becca,rexxar,1472,warrior,arms,36,16,20
Knoxworth,kazzak,1472,warrior,arms,41,18,23
Blondboomer,neptulon,1472,warrior,arms,66,26,40
Khilax,ragnaros,1471,warrior,arms,198,109,89
Роглум,blackscar,1471,warrior,arms,181,81,100
Calmdownbrú,frostmane,1470,warrior,arms,89,44,45
Gíu,blackhand,1469,warrior,arms,29,17,12
Razoo,stormscale,1469,warrior,arms,127,63,64
Clellin,silvermoon,1469,warrior,arms,75,37,38
Rumbldore,ragnaros,1469,warrior,arms,66,31,35
Брюслипве,gordunni,1468,warrior,arms,36,16,20
Monforte,silvermoon,1468,warrior,arms,44,18,26
Lokkara,blackrock,1467,warrior,arms,62,30,32
Йошихироо,howling-fjord,1467,warrior,arms,60,29,31
Ormert,sylvanas,1467,warrior,arms,60,28,32
Thorgrím,ravencrest,1467,warrior,arms,90,41,49
Drushíí,shattrath,1466,warrior,arms,77,39,38
Gipsylove,twisting-nether,1466,warrior,arms,36,17,19
Rikistrike,tarren-mill,1465,warrior,arms,76,37,39
Markorok,kazzak,1465,warrior,arms,72,33,39
Refl,kazzak,1465,warrior,arms,94,42,52
Youokhun,kazzak,1464,warrior,arms,169,90,79
Rutch,hyjal,1464,warrior,arms,78,41,37
Polywarri,blackrock,1464,warrior,arms,42,17,25
Vauster,draenor,1462,warrior,arms,86,45,41
Ladoz,ragnaros,1462,warrior,arms,172,86,86
Hílfiger,kazzak,1462,warrior,arms,137,64,73
Gorejaws,draenor,1461,warrior,arms,30,19,11
Wolvéshôwl,aegwynn,1461,warrior,arms,99,44,55
Azjolnerub,kazzak,1461,warrior,arms,76,29,47
Абабоба,gordunni,1460,warrior,arms,106,55,51
Mortaal,frostmane,1460,warrior,arms,47,24,23
Азаргатан,soulflayer,1460,warrior,arms,62,31,31
Teljii,blackmoore,1459,warrior,arms,34,20,14
Raley,ragnaros,1459,warrior,arms,304,152,152
Vallahan,argent-dawn,1459,warrior,arms,310,149,161
Scarloc,archimonde,1459,warrior,arms,104,49,55
Aîdogar,ysondre,1459,warrior,arms,66,30,36
Erololi,sanguino,1459,warrior,arms,50,21,29
Umadyeh,stormscale,1458,warrior,arms,46,29,17
Piksitron,silvermoon,1458,warrior,arms,234,131,103
Màrduk,pozzo-delleternità,1458,warrior,arms,29,16,13
Инкреасес,soulflayer,1458,warrior,arms,138,72,66
Màrv,ravencrest,1458,warrior,arms,54,25,29
Hgfe,doomhammer,1458,warrior,arms,54,24,30
Shádówfáxí,outland,1458,warrior,arms,36,16,20
Lisztomaniak,outland,1458,warrior,arms,55,22,33
Beebsy,aegwynn,1457,warrior,arms,26,16,10
Grimsong,antonidas,1457,warrior,arms,43,24,19
Onee,terrordar,1457,warrior,arms,118,62,56
Booj,silvermoon,1457,warrior,arms,166,86,80
Farianna,burning-legion,1457,warrior,arms,261,132,129
Greenpanzer,archimonde,1457,warrior,arms,105,52,53
Darksworn,alleria,1456,warrior,arms,60,35,25
Phenowarri,blackhand,1456,warrior,arms,115,60,55
Xennor,argent-dawn,1456,warrior,arms,94,45,49
Luffydono,stormscale,1456,warrior,arms,147,66,81
Testonator,outland,1456,warrior,arms,48,20,28
Лисерк,howling-fjord,1456,warrior,arms,42,16,26
Варгана,soulflayer,1455,warrior,arms,198,99,99
Ммайдаен,goldrinn,1455,warrior,arms,136,65,71
Nukebomb,dun-modr,1455,warrior,arms,66,31,35
Gorocpt,doomhammer,1455,warrior,arms,92,43,49
Velinde,outland,1455,warrior,arms,52,24,28
Phóó,thrall,1455,warrior,arms,88,39,49
Турбобулка,gordunni,1455,warrior,arms,42,18,24
Dundulinka,outland,1454,warrior,arms,117,59,58
Friskos,dalaran,1454,warrior,arms,124,58,66
Sorosterv,twisting-nether,1453,warrior,arms,83,44,39
Zarad,stormreaver,1453,warrior,arms,46,24,22
Anthrazit,stormscale,1453,warrior,arms,90,45,45
Hexj,tarren-mill,1453,warrior,arms,77,37,40
Богатыйпапа,howling-fjord,1453,warrior,arms,102,48,54
Bäiley,drakthul,1453,warrior,arms,66,27,39
Агтеррокк,deathweaver,1452,warrior,arms,90,48,42
Jailapatate,khaz-modan,1452,warrior,arms,102,49,53
Bämoida,eredar,1452,warrior,arms,48,23,25
Blackaxe,sylvanas,1451,warrior,arms,29,18,11
Einherjer,burning-legion,1451,warrior,arms,168,91,77
Roadsick,outland,1451,warrior,arms,30,16,14
Lachandrius,blackhand,1451,warrior,arms,119,57,62
Нетконечно,howling-fjord,1451,warrior,arms,56,25,31
Alqaqa,ragnaros,1451,warrior,arms,47,16,31
Mecaguarro,dun-modr,1450,warrior,arms,30,20,10
Stahlhund,silvermoon,1450,warrior,arms,30,18,12
Гардринг,howling-fjord,1450,warrior,arms,102,59,43
Dranush,onyxia,1450,warrior,arms,303,156,147
Антурим,howling-fjord,1450,warrior,arms,78,40,38
Daelator,ravencrest,1449,warrior,arms,73,37,36
Xecutie,antonidas,1449,warrior,arms,165,81,84
Irén,hellfire,1449,warrior,arms,115,56,59
Miko,ysondre,1449,warrior,arms,120,56,64
Audítóre,proudmoore,1449,warrior,arms,48,22,26
Peack,ravencrest,1448,warrior,arms,190,99,91
Mazzkze,silvermoon,1448,warrior,arms,301,152,149
Vyctimz,ravencrest,1448,warrior,arms,53,26,27
Draer,sanguino,1448,warrior,arms,47,21,26
Norinhell,ravencrest,1448,warrior,arms,48,20,28
Râsk,kazzak,1447,warrior,arms,38,21,17
Maraximus,ragnaros,1447,warrior,arms,57,31,26
Arithael,dun-modr,1447,warrior,arms,349,178,171
Гантелявухо,blackscar,1447,warrior,arms,46,23,23
Gakgora,twisting-nether,1447,warrior,arms,36,18,18
Mërkürÿ,draenor,1447,warrior,arms,36,18,18
Hoomeer,sylvanas,1447,warrior,arms,90,43,47
Lolpuîk,archimonde,1447,warrior,arms,66,29,37
Isenstrider,burning-legion,1447,warrior,arms,66,25,41
Endan,kelthuzad,1446,warrior,arms,66,37,29
Liper,silvermoon,1446,warrior,arms,211,104,107
Kamblas,la-croisade-écarlate,1446,warrior,arms,42,16,26
Elorîl,stormscale,1445,warrior,arms,30,18,12
Ginjó,blackhand,1445,warrior,arms,46,25,21
Èzekiel,dalaran,1445,warrior,arms,167,83,84
Адво,gordunni,1445,warrior,arms,114,56,58
Nardak,blackmoore,1445,warrior,arms,38,18,20
Garrodan,doomhammer,1445,warrior,arms,72,30,42
Yoilenno,argent-dawn,1444,warrior,arms,42,23,19
Calel,ravencrest,1444,warrior,arms,116,58,58
Tarkosha,terokkar,1444,warrior,arms,612,304,308
Thâarnar,frostwolf,1444,warrior,arms,78,36,42
Crayz,twisting-nether,1444,warrior,arms,60,27,33
Дообрыйшмель,soulflayer,1443,warrior,arms,51,32,19
Endeawour,ravencrest,1443,warrior,arms,264,142,122
Alopunch,kazzak,1443,warrior,arms,90,47,43
Грэйм,gordunni,1443,warrior,arms,107,52,55
Каниме,howling-fjord,1443,warrior,arms,70,34,36
Рагаксес,blackscar,1443,warrior,arms,82,36,46
Gnomeð,blackrock,1443,warrior,arms,81,35,46
Srbinator,turalyon,1442,warrior,arms,278,141,137
Blackwólf,bloodhoof,1442,warrior,arms,312,152,160
Raznon,magtheridon,1442,warrior,arms,54,24,30
Pøps,hyjal,1441,warrior,arms,110,66,44
Ральдвин,gordunni,1441,warrior,arms,206,112,94
Зеленыйжмых,thermaplugg,1441,warrior,arms,231,116,115
Gnomop,ravencrest,1441,warrior,arms,60,29,31
Marcnky,stormscale,1440,warrior,arms,163,82,81
Maidenlless,ravencrest,1440,warrior,arms,298,147,151
Брэмбур,goldrinn,1440,warrior,arms,155,76,79
Karimlebrave,hyjal,1440,warrior,arms,68,33,35
Лютобор,gordunni,1440,warrior,arms,93,45,48
Alborozie,archimonde,1440,warrior,arms,72,34,38
Скрежет,gordunni,1440,warrior,arms,72,32,40
Lfhvnlvn,ravencrest,1439,warrior,arms,24,15,9
Zeneve,auchindoun,1439,warrior,arms,30,17,13
Трэйдар,blackscar,1439,warrior,arms,30,15,15
Сеш,lich-king,1439,warrior,arms,246,118,128
Krodunn,argent-dawn,1439,warrior,arms,77,34,43
Gruxx,ragnaros,1439,warrior,arms,56,22,34
Makerrw,ravencrest,1438,warrior,arms,50,26,24
Schlierkamp,aegwynn,1438,warrior,arms,30,15,15
Yarilol,aegwynn,1438,warrior,arms,30,15,15
Иктиннос,gordunni,1438,warrior,arms,106,52,54
Чпокерз,gordunni,1438,warrior,arms,88,43,45
Ryle,anubarak,1438,warrior,arms,142,63,79
Juggawumba,kazzak,1438,warrior,arms,72,31,41
Pyrit,blackhand,1437,warrior,arms,18,15,3
Garouzo,hellfire,1437,warrior,arms,64,32,32
Слуфен,galakrond,1437,warrior,arms,60,30,30
Bigboibeeper,draenor,1437,warrior,arms,137,68,69
Hogu,nemesis,1437,warrior,arms,76,35,41
Trâshcârlitâ,eredar,1437,warrior,arms,36,15,21
Adamchen,blackmoore,1437,warrior,arms,49,20,29
Anarki,kaelthas,1437,warrior,arms,50,19,31
Banshe,ragnaros,1437,warrior,arms,48,16,32
Zaatar,draenor,1436,warrior,arms,226,119,107
Tomhankz,ravencrest,1436,warrior,arms,48,25,23
Varyian,sporeggar,1436,warrior,arms,143,65,78
Zåk,stormscale,1436,warrior,arms,36,15,21
Øzak,outland,1436,warrior,arms,48,19,29
Crizby,twisting-nether,1436,warrior,arms,45,17,28
Wetrx,stormscale,1435,warrior,arms,24,15,9
Zames,ravencrest,1435,warrior,arms,42,23,19
Hvalross,ravencrest,1435,warrior,arms,30,15,15
Ylana,eldrethalas,1435,warrior,arms,177,87,90
Hackamore,suramar,1435,warrior,arms,102,49,53
Randix,antonidas,1435,warrior,arms,66,31,35
Zeepp,ravencrest,1435,warrior,arms,117,50,67
Swaxx,ravencrest,1435,warrior,arms,66,26,40
Mljecho,kazzak,1434,warrior,arms,215,110,105
Dzvenyhora,darkspear,1434,warrior,arms,96,44,52
Dafok,rashgarroth,1434,warrior,arms,42,19,23
Détaire,archimonde,1433,warrior,arms,24,15,9
Heracles,jaedenar,1433,warrior,arms,36,18,18
Буккакеньер,gordunni,1433,warrior,arms,30,15,15
Slunecniq,azjolnerub,1433,warrior,arms,63,28,35
Каоссвар,howling-fjord,1433,warrior,arms,36,15,21
Enragemfck,outland,1432,warrior,arms,24,15,9
Shædøw,archimonde,1432,warrior,arms,58,27,31
Erzotz,kazzak,1431,warrior,arms,57,34,23
Дотаветеран,soulflayer,1431,warrior,arms,30,17,13
Savh,silvermoon,1431,warrior,arms,66,34,32
Faltzan,bronze-dragonflight,1431,warrior,arms,47,21,26
Succel,drakthul,1431,warrior,arms,54,24,30
Хеула,gordunni,1431,warrior,arms,36,15,21
Dragão,kazzak,1431,warrior,arms,42,17,25
Otiep,blackmoore,1430,warrior,arms,36,24,12
Ordovis,silvermoon,1430,warrior,arms,36,18,18
Jagannath,stormscale,1430,warrior,arms,32,16,16
Scud,frostwhisper,1429,warrior,arms,64,34,30
Lollydhur,nemesis,1429,warrior,arms,78,37,41
Ajhogan,ravencrest,1429,warrior,arms,36,17,19
Gorzan,dragonmaw,1429,warrior,arms,71,31,40
Garroxx,blackrock,1429,warrior,arms,42,15,27
Mangonneau,archimonde,1428,warrior,arms,48,25,23
Smashtv,ragnaros,1428,warrior,arms,51,23,28
Keksspec,ungoro,1428,warrior,arms,78,34,44
Nabb,outland,1428,warrior,arms,44,19,25
Âwfulwarriør,blackhand,1427,warrior,arms,24,15,9
Гетрайт,galakrond,1427,warrior,arms,49,27,22
Evosk,drakthul,1427,warrior,arms,30,15,15
Alinash,aegwynn,1427,warrior,arms,51,24,27
Гопниг,deepholm,1427,warrior,arms,149,70,79
Bráïnléss,silvermoon,1426,warrior,arms,36,17,19
Kilsorrow,silvermoon,1426,warrior,arms,48,18,30
Kriegernuss,blackmoore,1425,warrior,arms,49,28,21
Ragark,quelthalas,1425,warrior,arms,129,72,57
Cássándráh,argent-dawn,1425,warrior,arms,149,76,73
Zerberos,drakthul,1425,warrior,arms,76,37,39
Ялаз,gordunni,1425,warrior,arms,100,46,54
Bllué,ravencrest,1425,warrior,arms,36,15,21
Discordîan,twisting-nether,1424,warrior,arms,24,15,9
Pakusrage,defias-brotherhood,1424,warrior,arms,86,40,46
Bladesmiths,argent-dawn,1424,warrior,arms,35,16,19
Thickslam,argent-dawn,1424,warrior,arms,64,29,35
Lostbull,kazzak,1424,warrior,arms,48,21,27
Grdez,archimonde,1424,warrior,arms,56,23,33
Инелутабл,eversong,1423,warrior,arms,29,19,10
Diolucido,shattered-hand,1423,warrior,arms,31,16,15
Ball,zirkel-des-cenarius,1423,warrior,arms,131,67,64
Кефтеме,fordragon,1423,warrior,arms,213,104,109
Alkuwaity,outland,1423,warrior,arms,41,19,22
Meistarinn,draenor,1423,warrior,arms,72,27,45
Уэсгар,blackscar,1423,warrior,arms,48,15,33
Petrixens,drakthul,1422,warrior,arms,66,35,31
Beelzebuu,blackhand,1422,warrior,arms,139,73,66
Bigbosscho,draenor,1422,warrior,arms,65,34,31
Racore,aegwynn,1422,warrior,arms,33,17,16
Hatefury,twisting-nether,1422,warrior,arms,156,78,78
Ranran,emerald-dream,1422,warrior,arms,44,20,24
Ugardosh,burning-legion,1422,warrior,arms,64,27,37
Xatit,ravencrest,1421,warrior,arms,72,35,37
Rágnør,blackrock,1421,warrior,arms,42,15,27
Brokenqt,ravencrest,1420,warrior,arms,55,32,23
Horizonx,blackrock,1420,warrior,arms,83,41,42
Паракур,soulflayer,1420,warrior,arms,136,67,69
Lyes,uldaman,1420,warrior,arms,348,169,179
Jáson,kazzak,1420,warrior,arms,71,33,38
Hanna,argent-dawn,1419,warrior,arms,24,15,9
Zugpump,tarren-mill,1419,warrior,arms,68,40,28
Ähäkutti,frostmane,1419,warrior,arms,83,47,36
Størpïx,drakthul,1419,warrior,arms,129,69,60
Nuahka,blackmoore,1419,warrior,arms,96,48,48
Wyes,kazzak,1419,warrior,arms,175,87,88
Hradball,twilights-hammer,1419,warrior,arms,66,32,34
Tedbuckland,blackrock,1418,warrior,arms,60,36,24
Zellxd,stormscale,1418,warrior,arms,36,20,16
Nyamnyamnyam,blackmoore,1418,warrior,arms,35,15,20
Reb,thunderhorn,1417,warrior,arms,36,20,16
Phantastix,dun-modr,1417,warrior,arms,186,103,83
Tìera,ravencrest,1417,warrior,arms,33,16,17
Akión,zuljin,1417,warrior,arms,36,17,19
Gridra,dun-morogh,1417,warrior,arms,60,28,32
Garwarr,twisting-nether,1417,warrior,arms,67,31,36
Prolyx,doomhammer,1416,warrior,arms,42,22,20
Llestatl,hyjal,1416,warrior,arms,83,42,41
Frams,draenor,1415,warrior,arms,23,15,8
Ciocaboca,draenor,1415,warrior,arms,30,17,13
Lyfttokyo,tarren-mill,1415,warrior,arms,104,53,51
Ðynaxz,aegwynn,1415,warrior,arms,36,17,19
Zugzugernaut,stormscale,1415,warrior,arms,36,16,20
Flurie,sylvanas,1415,warrior,arms,46,20,26
Smásher,frostmourne,1415,warrior,arms,36,15,21
Дзертуф,fordragon,1414,warrior,arms,30,15,15
Roland,earthen-ring,1414,warrior,arms,56,24,32
Leroyluca,gilneas,1414,warrior,arms,36,15,21
Shïn,kaelthas,1414,warrior,arms,66,26,40
Mino,theradras,1413,warrior,arms,40,22,18
Orwêll,uldum,1413,warrior,arms,251,126,125
Úwúwúwúwúwúw,stormscale,1413,warrior,arms,54,27,27
Szelenamoon,outland,1413,warrior,arms,44,22,22
Astost,silvermoon,1413,warrior,arms,78,37,41
Hemèra,hyjal,1412,warrior,arms,64,32,32
Roykór,auchindoun,1412,warrior,arms,116,52,64
Fion,kult-der-verdammten,1412,warrior,arms,73,31,42
Tumuerte,dun-modr,1411,warrior,arms,51,31,20
Tucomessuelo,cthun,1411,warrior,arms,80,43,37
Guruntar,kirin-tor,1411,warrior,arms,119,62,57
Pelicos,grim-batol,1411,warrior,arms,42,21,21
Голдфингер,gordunni,1411,warrior,arms,211,105,106
Пиапиа,gordunni,1410,warrior,arms,24,15,9
Hamonbophis,kirin-tor,1410,warrior,arms,30,17,13
Hundar,archimonde,1410,warrior,arms,120,65,55
Vulperizing,draenor,1410,warrior,arms,35,18,17
Rodenet,dun-modr,1410,warrior,arms,95,48,47
Gromchatte,elune,1410,warrior,arms,43,20,23
Pavard,arakarahm,1410,warrior,arms,56,26,30
Lynton,sylvanas,1410,warrior,arms,37,16,21
Farewe,lightbringer,1410,warrior,arms,54,18,36
Selestro,outland,1409,warrior,arms,36,20,16
Bootyclapper,runetotem,1409,warrior,arms,43,22,21
Эксихард,gordunni,1409,warrior,arms,78,34,44
Amarthon,sylvanas,1409,warrior,arms,45,16,29
Kàinen,nemesis,1408,warrior,arms,78,38,40
Deadyet,mugthol,1407,warrior,arms,24,15,9
Brutalz,kazzak,1407,warrior,arms,36,20,16
Dirtyjoe,khaz-modan,1407,warrior,arms,371,192,179
Tealbell,chamber-of-aspects,1407,warrior,arms,205,105,100
Adzipotlewap,burning-legion,1407,warrior,arms,102,52,50
Svënja,ysondre,1406,warrior,arms,150,67,83
Dariman,aegwynn,1406,warrior,arms,78,34,44
Spargebuci,draenor,1406,warrior,arms,48,17,31
Blackblades,defias-brotherhood,1405,warrior,arms,66,41,25
Xmartha,tarren-mill,1405,warrior,arms,88,49,39
Goldins,drakthul,1405,warrior,arms,71,34,37
Esegryel,argent-dawn,1405,warrior,arms,65,26,39
Tarbhfathach,draenor,1404,warrior,arms,77,39,38
Elyozz,silvermoon,1404,warrior,arms,114,56,58
Mortus,baelgun,1404,warrior,arms,143,70,73
Farrusco,nemesis,1404,warrior,arms,160,77,83
Josgrout,silvermoon,1404,warrior,arms,118,53,65
Minimcgregor,sanguino,1404,warrior,arms,48,19,29
Неосим,gordunni,1403,warrior,arms,48,29,19
Høxy,outland,1403,warrior,arms,53,29,24
Mekkagrind,ravencrest,1403,warrior,arms,124,66,58
Bjösk,stormscale,1403,warrior,arms,45,23,22
Ysgrammorr,magtheridon,1403,warrior,arms,66,32,34
Арбузикхаха,soulflayer,1403,warrior,arms,68,32,36
Ràkar,stormscale,1403,warrior,arms,98,46,52
Авентадорх,deathguard,1403,warrior,arms,131,58,73
Mgw,blackrock,1402,warrior,arms,30,17,13
Bravest,ragnaros,1402,warrior,arms,36,19,17
Architectman,twisting-nether,1402,warrior,arms,261,129,132
Zyzy,arathor,1402,warrior,arms,64,30,34
Luküs,dun-modr,1402,warrior,arms,82,38,44
Fraggiz,auchindoun,1402,warrior,arms,36,16,20
Razyk,zuljin,1401,warrior,arms,40,26,14
Judditsbx,draenor,1401,warrior,arms,59,30,29
Saofang,twisting-nether,1401,warrior,arms,30,15,15
Bobloblaww,doomhammer,1401,warrior,arms,60,29,31
Bloodmyst,kazzak,1401,warrior,arms,60,27,33
Strapnslap,argent-dawn,1401,warrior,arms,107,48,59
Rookian,blackrock,1401,warrior,arms,36,15,21
Solle,blackrock,1400,warrior,arms,61,34,27
Peldreas,silvermoon,1400,warrior,arms,64,31,33
Carljøhnson,dalaran,1400,warrior,arms,387,187,200
Андэрс,gordunni,1400,warrior,arms,142,68,74
Шпингалетыч,howling-fjord,1400,warrior,arms,48,22,26
Tonifox,nemesis,1400,warrior,arms,60,23,37
Caelgarn,twisting-nether,1399,warrior,arms,45,27,18
Tddyy,silvermoon,1398,warrior,arms,30,15,15
Worstplàyer,tarren-mill,1398,warrior,arms,113,55,58
Lakes,eredar,1398,warrior,arms,44,16,28
Ayelsyssup,silvermoon,1397,warrior,arms,325,164,161
Jumbodolmen,tarren-mill,1397,warrior,arms,106,53,53
Santorro,drakthul,1397,warrior,arms,36,17,19
Kalarar,blackrock,1397,warrior,arms,173,81,92
Schwarzkoviç,hyjal,1397,warrior,arms,48,22,26
Рокэнрольщик,fordragon,1397,warrior,arms,60,26,34
Blackin,blackmoore,1396,warrior,arms,33,19,14
Xraider,ragnaros,1396,warrior,arms,106,54,52
Èscøbar,dalaran,1396,warrior,arms,63,27,36
Rukkeg,silvermoon,1396,warrior,arms,48,20,28
Nevergladx,kazzak,1396,warrior,arms,57,23,34
Sàt,kazzak,1395,warrior,arms,40,24,16
ßladex,azshara,1395,warrior,arms,47,27,20
Mortalgrim,ravencrest,1395,warrior,arms,58,29,29
Xaqt,die-nachtwache,1395,warrior,arms,35,17,18
Psixi,stormscale,1395,warrior,arms,48,20,28
Megatronman,ravencrest,1394,warrior,arms,34,19,15
Bládez,ravencrest,1394,warrior,arms,66,36,30
Тибат,howling-fjord,1394,warrior,arms,65,29,36
Rebiy,ravencrest,1394,warrior,arms,54,24,30
Dolphini,argent-dawn,1394,warrior,arms,52,23,29
Royoxo,blackrock,1393,warrior,arms,59,31,28
Icybladez,kazzak,1393,warrior,arms,115,58,57
Übelzord,thrall,1393,warrior,arms,187,86,101
Golonko,burning-legion,1392,warrior,arms,101,52,49
Medaur,frostmane,1392,warrior,arms,162,81,81
Hørror,nemesis,1391,warrior,arms,138,69,69
Алексвайтт,gordunni,1391,warrior,arms,47,23,24
Крискинпи,deathguard,1391,warrior,arms,71,34,37
Graghz,archimonde,1391,warrior,arms,64,30,34
Letmeteachya,kazzak,1391,warrior,arms,159,71,88
Rázgriz,argent-dawn,1391,warrior,arms,82,35,47
Äzathoth,silvermoon,1391,warrior,arms,83,35,48
Foxxzorr,aszune,1391,warrior,arms,36,15,21
Astven,blackmoore,1391,warrior,arms,46,18,28
Hellrokk,drakthul,1390,warrior,arms,54,29,25
Фогивэн,gordunni,1389,warrior,arms,134,70,64
Carras,confrérie-du-thorium,1389,warrior,arms,335,164,171
Wanzzeur,hyjal,1389,warrior,arms,150,70,80
Nuijija,stormscale,1389,warrior,arms,90,41,49
Rúsher,ragnaros,1388,warrior,arms,60,34,26
Xiszos,ravencrest,1388,warrior,arms,44,21,23
Nabul,thunderhorn,1387,warrior,arms,48,26,22
Tankdepalo,sanguino,1387,warrior,arms,30,16,14
Нифро,fordragon,1387,warrior,arms,89,45,44
Binsaueramk,ravencrest,1387,warrior,arms,48,20,28
Bonnaventure,hyjal,1386,warrior,arms,199,102,97
Ferpylél,ragnaros,1386,warrior,arms,37,18,19
Folsack,sanguino,1386,warrior,arms,71,33,38
Drekh,kazzak,1386,warrior,arms,48,21,27
Démigodx,stormscale,1386,warrior,arms,64,27,37
Dargonedt,blackrock,1386,warrior,arms,53,22,31
Woximus,ravencrest,1386,warrior,arms,66,27,39
Oyv,tarren-mill,1385,warrior,arms,36,20,16
Kyösti,defias-brotherhood,1385,warrior,arms,38,21,17
Megtorló,ragnaros,1385,warrior,arms,86,41,45
Баварриор,greymane,1385,warrior,arms,60,27,33
Дикийппц,gordunni,1384,warrior,arms,54,30,24
Diástasi,twisting-nether,1384,warrior,arms,90,48,42
Êlbæjynløl,ambossar,1384,warrior,arms,42,22,20
Oceangg,silvermoon,1384,warrior,arms,112,55,57
Бавовник,howling-fjord,1384,warrior,arms,63,23,40
Éls,argent-dawn,1383,warrior,arms,46,22,24
Андервульф,booty-bay,1383,warrior,arms,59,26,33
Dixo,nathrezim,1382,warrior,arms,36,25,11
Мастхэв,gordunni,1382,warrior,arms,96,49,47
Арсонист,gordunni,1382,warrior,arms,48,24,24
Nøcturnaqq,silvermoon,1382,warrior,arms,102,48,54
Tmp,blackrock,1382,warrior,arms,66,31,35
Cêlty,aegwynn,1382,warrior,arms,100,41,59
Ærion,die-aldor,1381,warrior,arms,42,23,19
Zalhym,archimonde,1381,warrior,arms,115,59,56
Auroree,ragnaros,1381,warrior,arms,36,15,21
Faugh,tarren-mill,1380,warrior,arms,54,32,22
Shehalk,stormscale,1380,warrior,arms,63,36,27
Kirus,ravencrest,1380,warrior,arms,93,45,48
Deckluhm,sinstralis,1379,warrior,arms,60,32,28
Knego,ragnaros,1377,warrior,arms,143,81,62
Warrouner,khaz-modan,1377,warrior,arms,151,74,77
Buncljin,draenor,1377,warrior,arms,54,25,29
Airowar,drakthul,1377,warrior,arms,35,16,19
Shagara,defias-brotherhood,1377,warrior,arms,36,15,21
Qforína,stormscale,1377,warrior,arms,36,15,21
Ragnacore,ravencrest,1376,warrior,arms,71,41,30
Xaheld,blackrock,1376,warrior,arms,30,16,14
Espröc,kazzak,1376,warrior,arms,339,172,167
Mograinê,blackmoore,1376,warrior,arms,138,70,68
Bedryl,burning-legion,1376,warrior,arms,30,15,15
Moowar,defias-brotherhood,1376,warrior,arms,111,54,57
Анманерка,ashenvale,1376,warrior,arms,36,16,20
Temprament,ravencrest,1375,warrior,arms,36,21,15
Arriess,drakthul,1375,warrior,arms,84,43,41
Давилкагеев,howling-fjord,1375,warrior,arms,97,47,50
Delvirx,draenor,1375,warrior,arms,72,33,39
Ajgreedy,grim-batol,1375,warrior,arms,66,30,36
Zargor,kazzak,1374,warrior,arms,58,35,23
Mogolaki,twilights-hammer,1374,warrior,arms,150,73,77
Cléàvage,silvermoon,1374,warrior,arms,81,32,49
Gritch,ysondre,1373,warrior,arms,81,40,41
Spärtan,dun-modr,1373,warrior,arms,123,58,65
Нунара,eversong,1373,warrior,arms,70,28,42
Lupacha,exodar,1372,warrior,arms,89,50,39
Borga,blackrock,1372,warrior,arms,77,39,38
Anaxiam,drakthul,1372,warrior,arms,51,24,27
Flawla,blackmoore,1372,warrior,arms,91,39,52
Babb,kazzak,1371,warrior,arms,29,16,13
Lexras,blackhand,1371,warrior,arms,56,27,29
Каштоуны,howling-fjord,1371,warrior,arms,36,17,19
Морталвлицо,gordunni,1370,warrior,arms,23,15,8
Mercedesamg,blackmoore,1370,warrior,arms,56,28,28
Варбаул,soulflayer,1370,warrior,arms,106,50,56
Хьялдэргодр,deathguard,1369,warrior,arms,110,57,53
Аузерг,soulflayer,1369,warrior,arms,65,32,33
Informatica,doomhammer,1369,warrior,arms,65,31,34
Ramhadat,hyjal,1369,warrior,arms,42,19,23
Агамемнан,soulflayer,1368,warrior,arms,434,218,216
Toxicmade,drakthul,1368,warrior,arms,72,35,37
Геленфорд,soulflayer,1368,warrior,arms,60,28,32
Sombrenuit,kaelthas,1368,warrior,arms,39,18,21
Evilrage,ravencrest,1367,warrior,arms,47,30,17
Toby,rexxar,1367,warrior,arms,93,50,43
Zonash,kazzak,1367,warrior,arms,42,20,22
Arkcules,ghostlands,1366,warrior,arms,42,21,21
Dasbiest,malorne,1366,warrior,arms,71,35,36
Zetorc,burning-legion,1366,warrior,arms,267,131,136
Погоныч,soulflayer,1365,warrior,arms,71,39,32
Cutting,burning-legion,1365,warrior,arms,93,44,49
Marothul,dun-modr,1365,warrior,arms,36,17,19
Intrepid,dun-modr,1365,warrior,arms,48,19,29
Vrykhul,silvermoon,1365,warrior,arms,79,31,48
Brabüs,kazzak,1364,warrior,arms,114,58,56
Zalameh,sylvanas,1364,warrior,arms,36,16,20
Rahaaxhia,kaelthas,1363,warrior,arms,56,33,23
Qweoamsd,sylvanas,1363,warrior,arms,30,15,15
Ragestick,stormscale,1363,warrior,arms,42,20,22
Шизам,howling-fjord,1363,warrior,arms,60,24,36
Qiz,silvermoon,1362,warrior,arms,140,71,69
Yuriko,onyxia,1362,warrior,arms,60,30,30
Lomu,bloodscalp,1362,warrior,arms,44,22,22
Adurìn,silvermoon,1362,warrior,arms,95,47,48
Equality,ragnaros,1362,warrior,arms,106,51,55
Propanex,kazzak,1361,warrior,arms,42,26,16
Conanh,pozzo-delleternità,1361,warrior,arms,228,119,109
Кэфтэмэ,soulflayer,1361,warrior,arms,91,44,47
Vølverinwar,thrall,1361,warrior,arms,82,37,45
Тандэр,borean-tundra,1361,warrior,arms,48,21,27
Pyrohand,arthas,1361,warrior,arms,38,16,22
Chisco,kazzak,1360,warrior,arms,71,33,38
Rakwarrior,blackhand,1359,warrior,arms,42,25,17
Grahatia,magtheridon,1358,warrior,arms,99,54,45
Скользкийбро,gordunni,1358,warrior,arms,260,129,131
Staribrko,outland,1358,warrior,arms,366,179,187
Aza,burning-blade,1358,warrior,arms,78,38,40
Skyut,archimonde,1358,warrior,arms,38,18,20
Wøokz,argent-dawn,1358,warrior,arms,43,20,23
Kymari,sanguino,1358,warrior,arms,63,28,35
Onefourthree,silvermoon,1358,warrior,arms,42,17,25
Suksori,kazzak,1358,warrior,arms,67,27,40
Shayarielle,zirkel-des-cenarius,1357,warrior,arms,59,33,26
Zbra,draenor,1357,warrior,arms,71,34,37
Nuclearrage,outland,1357,warrior,arms,77,35,42
Бларк,goldrinn,1356,warrior,arms,78,37,41
Осгаард,gordunni,1356,warrior,arms,72,31,41
Spaceløl,archimonde,1356,warrior,arms,42,18,24
Mågne,tarren-mill,1355,warrior,arms,108,55,53
Raxur,kazzak,1355,warrior,arms,77,37,40
Bellator,arakarahm,1355,warrior,arms,95,45,50
Kundrakiz,kazzak,1355,warrior,arms,96,42,54
Doragon,nemesis,1353,warrior,arms,36,19,17
Taurosk,burning-legion,1353,warrior,arms,172,88,84
Alaë,archimonde,1353,warrior,arms,56,23,33
Deviousjr,ragnaros,1352,warrior,arms,88,42,46
Idchargethat,ragnaros,1352,warrior,arms,42,18,24
Mladris,outland,1351,warrior,arms,49,24,25
Warrmax,darksorrow,1351,warrior,arms,81,38,43
Faustà,nemesis,1351,warrior,arms,138,62,76
Niouswar,kazzak,1351,warrior,arms,48,21,27
Swefy,sanguino,1350,warrior,arms,257,122,135
Cyrø,blackmoore,1350,warrior,arms,38,17,21
Клоузер,blackscar,1350,warrior,arms,41,18,23
Arowpoint,doomhammer,1350,warrior,arms,35,15,20
Dimitrow,frostmane,1349,warrior,arms,78,43,35
Steinsteg,antonidas,1349,warrior,arms,75,40,35
Exeqty,the-maelstrom,1349,warrior,arms,36,18,18
Yayoflauta,sanguino,1349,warrior,arms,84,40,44
Отключатель,howling-fjord,1348,warrior,arms,77,42,35
Franzbardon,archimonde,1348,warrior,arms,426,212,214
Papipulki,zuljin,1348,warrior,arms,98,42,56
Текайко,eversong,1348,warrior,arms,42,16,26
Rayguerrero,blackrock,1348,warrior,arms,48,16,32
Брозя,gordunni,1347,warrior,arms,42,19,23
Zarakï,zuljin,1347,warrior,arms,96,43,53
Eseishard,hyjal,1347,warrior,arms,50,22,28
Warriornrv,ysondre,1346,warrior,arms,89,48,41
Kratosgr,defias-brotherhood,1346,warrior,arms,41,21,20
Sokarbey,twisting-nether,1346,warrior,arms,52,26,26
Ordwinz,silvermoon,1346,warrior,arms,155,76,79
Keshâr,blackhand,1346,warrior,arms,60,28,32
Tazkax,archimonde,1346,warrior,arms,58,26,32
Watsabe,kazzak,1346,warrior,arms,75,32,43
Krigarjag,kazzak,1345,warrior,arms,47,27,20
ßzv,veklor,1345,warrior,arms,38,21,17
Oruka,mannoroth,1345,warrior,arms,70,36,34
Luckyfelix,blackmoore,1345,warrior,arms,62,31,31
Vohnkar,emeriss,1345,warrior,arms,158,70,88
Pummelpete,grim-batol,1344,warrior,arms,24,14,10
Befit,quelthalas,1344,warrior,arms,90,44,46
Pazl,outland,1344,warrior,arms,36,17,19
Garthro,antonidas,1344,warrior,arms,60,28,32
Rabiolika,sanguino,1343,warrior,arms,29,15,14
Tyëlin,elune,1343,warrior,arms,107,50,57
Orquewarrior,stormscale,1343,warrior,arms,90,41,49
Rookrage,eredar,1343,warrior,arms,42,19,23
Azik,burning-legion,1343,warrior,arms,60,27,33
Salpaaja,tarren-mill,1343,warrior,arms,36,14,22
Galganiec,burning-legion,1342,warrior,arms,30,20,10
Fedevalverde,sanguino,1342,warrior,arms,55,34,21
Gnarok,archimonde,1342,warrior,arms,127,70,57
Eekz,haomarush,1342,warrior,arms,48,26,22
Buyya,ravencrest,1342,warrior,arms,58,31,27
Gorchak,blackmoore,1342,warrior,arms,242,118,124
Murandin,outland,1342,warrior,arms,71,34,37
Kímó,silvermoon,1342,warrior,arms,77,34,43
Хазгора,howling-fjord,1341,warrior,arms,106,58,48
Donátos,aegwynn,1341,warrior,arms,143,72,71
Akáme,frostwolf,1341,warrior,arms,151,69,82
Kronstris,veklor,1341,warrior,arms,42,19,23
Kayhw,stormscale,1341,warrior,arms,36,14,22
Kravaiski,argent-dawn,1340,warrior,arms,219,109,110
Radge,hyjal,1340,warrior,arms,112,55,57
Pag,hyjal,1339,warrior,arms,23,15,8
Norganw,die-aldor,1339,warrior,arms,24,14,10
Hoxxywar,drakthul,1339,warrior,arms,59,33,26
Ninebites,chamber-of-aspects,1339,warrior,arms,131,68,63
Glørïn,hyjal,1339,warrior,arms,90,45,45
Kianit,ravencrest,1339,warrior,arms,449,220,229
Nicperh,dun-modr,1339,warrior,arms,102,48,54
Keriw,kazzak,1339,warrior,arms,30,14,16
Мобсто,soulflayer,1339,warrior,arms,65,30,35
Nylseana,turalyon,1339,warrior,arms,60,26,34
Iuska,malganis,1339,warrior,arms,60,25,35
Acidumcremor,burning-legion,1339,warrior,arms,36,14,22
Анархорок,howling-fjord,1338,warrior,arms,24,14,10
Yaystorm,stormscale,1338,warrior,arms,24,14,10
Garkathar,draenor,1338,warrior,arms,24,14,10
Kimura,archimonde,1338,warrior,arms,30,14,16
Omcat,dun-modr,1338,warrior,arms,51,16,35
Bàhàmût,anetheron,1337,warrior,arms,29,19,10
Cárbo,silvermoon,1337,warrior,arms,109,60,49
Kalregg,outland,1337,warrior,arms,66,28,38
Vajira,blackrock,1337,warrior,arms,36,14,22
Glendower,draenor,1337,warrior,arms,67,26,41
Littlebugger,ravencrest,1336,warrior,arms,24,14,10
Neverkind,twisting-nether,1336,warrior,arms,84,47,37
Mëc,twisting-nether,1336,warrior,arms,153,79,74
Nocton,blackhand,1336,warrior,arms,90,42,48
Фикпопадешь,lich-king,1336,warrior,arms,99,45,54
Loliclapper,grim-batol,1335,warrior,arms,74,36,38
Matchoo,archimonde,1335,warrior,arms,65,29,36
Razzimak,eredar,1334,warrior,arms,40,28,12
Klanky,draenor,1334,warrior,arms,80,40,40
Bleckwarrior,ravencrest,1334,warrior,arms,157,78,79
Perkoulator,archimonde,1334,warrior,arms,215,105,110
Mkazy,kirin-tor,1334,warrior,arms,42,19,23
Madswarrior,tarren-mill,1334,warrior,arms,35,15,20
Bjergo,drakthul,1333,warrior,arms,22,15,7
Darkwa,azjolnerub,1333,warrior,arms,35,17,18
Critwar,silvermoon,1333,warrior,arms,54,25,29
Экзекуторх,gordunni,1332,warrior,arms,18,14,4
Derentis,echsenkessel,1332,warrior,arms,219,105,114
Hornkesh,draenor,1332,warrior,arms,30,14,16
Ríta,silvermoon,1332,warrior,arms,90,40,50
Вениамин,deathweaver,1332,warrior,arms,101,42,59
Kryszii,ragnaros,1332,warrior,arms,36,14,22
Флэксик,soulflayer,1331,warrior,arms,24,14,10
Багрон,goldrinn,1331,warrior,arms,30,14,16
Bovingus,tarren-mill,1330,warrior,arms,24,16,8
Газрош,howling-fjord,1330,warrior,arms,82,37,45
Daddie,silvermoon,1330,warrior,arms,69,27,42
Sugmanutz,argent-dawn,1329,warrior,arms,24,14,10
Berzzerker,tarren-mill,1329,warrior,arms,96,47,49
Xsann,argent-dawn,1329,warrior,arms,54,24,30
Pepao,zuljin,1329,warrior,arms,144,63,81
Batalius,dalaran,1329,warrior,arms,48,21,27
Ismellurfeet,ravencrest,1328,warrior,arms,60,34,26
Сырилисуп,soulflayer,1328,warrior,arms,116,62,54
Zzeed,auchindoun,1328,warrior,arms,77,33,44
Haewon,burning-legion,1328,warrior,arms,42,16,26
Ангрол,grom,1327,warrior,arms,77,35,42
Ðrews,kazzak,1326,warrior,arms,24,14,10
Kbeast,kazzak,1326,warrior,arms,31,17,14
Raixxon,ragnaros,1326,warrior,arms,170,81,89
Kosttya,argent-dawn,1326,warrior,arms,95,44,51
Randrion,blackrock,1326,warrior,arms,35,16,19
Robsuéy,blackmoore,1326,warrior,arms,138,60,78
Матумбо,gordunni,1325,warrior,arms,86,39,47
Mllmmxxm,kargath,1325,warrior,arms,71,30,41
Ðalf,sargeras,1324,warrior,arms,27,15,12
Bxnx,aegwynn,1324,warrior,arms,42,23,19
Mortalik,silvermoon,1324,warrior,arms,166,77,89
Gëaldýr,kazzak,1324,warrior,arms,112,49,63
Executorä,stormscale,1324,warrior,arms,33,14,19
Kløyva,ravencrest,1323,warrior,arms,24,14,10
Кунгфурик,soulflayer,1323,warrior,arms,60,31,29
Highz,grim-batol,1323,warrior,arms,36,18,18
Brutalx,twisting-nether,1323,warrior,arms,32,16,16
Lægend,hyjal,1323,warrior,arms,241,120,121
Duce,kirin-tor,1323,warrior,arms,53,22,31
Yseras,aegwynn,1323,warrior,arms,41,14,27
Methaniwths,twisting-nether,1322,warrior,arms,102,54,48
Dréck,aegwynn,1322,warrior,arms,62,28,34
Pourfendre,archimonde,1321,warrior,arms,30,14,16
Grimlyr,twisting-nether,1321,warrior,arms,35,16,19
Medborgerlig,twisting-nether,1321,warrior,arms,60,27,33
Ashiku,zuljin,1321,warrior,arms,54,23,31
Lobsters,emeriss,1321,warrior,arms,41,16,25
Braìnwashed,eredar,1320,warrior,arms,36,21,15
Bdm,sylvanas,1320,warrior,arms,24,14,10
Zøom,ysondre,1320,warrior,arms,142,75,67
Throck,drakthul,1320,warrior,arms,41,18,23
Gacel,dun-modr,1320,warrior,arms,65,28,37
Ankzz,archimonde,1319,warrior,arms,66,36,30
Domineon,mannoroth,1319,warrior,arms,31,15,16
Кассаб,soulflayer,1319,warrior,arms,30,14,16
Tozz,azuremyst,1318,warrior,arms,60,34,26
Палачубийца,deathguard,1318,warrior,arms,131,68,63
Atälànte,ysondre,1318,warrior,arms,149,76,73
Orimis,doomhammer,1318,warrior,arms,30,14,16
Grokalus,eredar,1318,warrior,arms,48,19,29
Leopoldx,outland,1317,warrior,arms,55,29,26
Martøswarr,uldum,1317,warrior,arms,30,14,16
Grimhew,argent-dawn,1317,warrior,arms,42,17,25
Vasabi,anetheron,1316,warrior,arms,48,25,23
Zhenshii,blackmoore,1316,warrior,arms,42,21,21
Bønecleaver,blackrock,1316,warrior,arms,30,14,16
Zcratch,silvermoon,1316,warrior,arms,58,27,31
Xanatos,khazgoroth,1316,warrior,arms,69,24,45
Tozzabancøne,nemesis,1315,warrior,arms,30,16,14
Wãrby,ravencrest,1315,warrior,arms,44,20,24
Mikylothar,kazzak,1315,warrior,arms,36,16,20
Pahgorim,blackhand,1315,warrior,arms,60,26,34
Vymd,archimonde,1315,warrior,arms,76,31,45
Atlantia,ravencrest,1315,warrior,arms,48,17,31
Ràgnarok,chogall,1314,warrior,arms,72,39,33
Алол,gordunni,1314,warrior,arms,28,15,13
Reichas,ragnaros,1314,warrior,arms,92,48,44
Weareinspace,stormscale,1314,warrior,arms,123,63,60
Iljaana,blackrock,1314,warrior,arms,90,43,47
Qvate,twisting-nether,1314,warrior,arms,77,36,41
Kmica,khadgar,1314,warrior,arms,61,27,34
Elénir,dalaran,1313,warrior,arms,36,20,16
Lácrima,dun-modr,1313,warrior,arms,36,18,18
Minoke,antonidas,1313,warrior,arms,60,28,32
Дозен,soulflayer,1313,warrior,arms,91,42,49
Yaggurtz,archimonde,1313,warrior,arms,42,19,23
Ogvico,stormscale,1312,warrior,arms,43,22,21
Doxinator,silvermoon,1312,warrior,arms,105,42,63
Cogne,illidan,1311,warrior,arms,24,14,10
Кентаныч,howling-fjord,1311,warrior,arms,56,28,28
Lovkal,twisting-nether,1311,warrior,arms,30,14,16
Оморальный,soulflayer,1311,warrior,arms,88,39,49
Nings,rashgarroth,1310,warrior,arms,64,32,32
Тассэй,eversong,1310,warrior,arms,100,46,54
Artheim,silvermoon,1310,warrior,arms,60,24,36
Lanahan,argent-dawn,1309,warrior,arms,23,14,9
Kaliroll,ysondre,1309,warrior,arms,122,59,63
Ruzbie,silvermoon,1309,warrior,arms,36,15,21
Sinbuay,malygos,1309,warrior,arms,48,19,29
Colq,doomhammer,1308,warrior,arms,113,56,57
Anaerion,argent-dawn,1308,warrior,arms,87,40,47
Barathor,kult-der-verdammten,1308,warrior,arms,38,17,21
Frézzér,blackrock,1308,warrior,arms,39,16,23
Zappstorm,frostwolf,1307,warrior,arms,58,32,26
Колятурбо,gordunni,1307,warrior,arms,49,26,23
Lågærtha,blackmoore,1307,warrior,arms,65,33,32
Gamöra,kirin-tor,1307,warrior,arms,60,28,32
Dodgeslam,eredar,1307,warrior,arms,88,39,49
Aomen,ravencrest,1306,warrior,arms,24,15,9
Rajä,anubarak,1306,warrior,arms,36,15,21
Warbringer,burning-blade,1306,warrior,arms,87,34,53
Vazzle,nethersturm,1306,warrior,arms,66,24,42
Bøgatyr,draenor,1305,warrior,arms,29,14,15
Lûckystríké,blackmoore,1305,warrior,arms,52,25,27
Avïlîa,dalaran,1305,warrior,arms,42,15,27
Foxaz,burning-legion,1304,warrior,arms,66,33,33
Манхув,gordunni,1304,warrior,arms,30,14,16
Faløn,archimonde,1304,warrior,arms,107,47,60
Puurplecloud,kazzak,1304,warrior,arms,96,42,54
Fløxswarri,blackmoore,1303,warrior,arms,36,19,17
Roctah,auchindoun,1303,warrior,arms,52,26,26
Taylorswifty,twisting-nether,1302,warrior,arms,130,66,64
Zosska,burning-legion,1302,warrior,arms,81,36,45
Halsandre,hyjal,1302,warrior,arms,72,29,43
Bossít,doomhammer,1301,warrior,arms,80,44,36
Bumbx,kazzak,1301,warrior,arms,97,48,49
Mikogød,ravencrest,1301,warrior,arms,42,14,28
Nakkelam,twisting-nether,1300,warrior,arms,36,21,15
Semanor,aegwynn,1300,warrior,arms,42,22,20
Katxirulo,tyrande,1300,warrior,arms,72,34,38
Kolxoz,doomhammer,1300,warrior,arms,59,27,32
Longy,mazrigos,1300,warrior,arms,33,15,18
Bjornska,defias-brotherhood,1300,warrior,arms,42,18,24
Kirowarrior,silvermoon,1299,warrior,arms,180,90,90
Yotanwa,aegwynn,1299,warrior,arms,30,15,15
Bonesz,jaedenar,1299,warrior,arms,207,103,104
Legendfury,ravencrest,1299,warrior,arms,127,63,64
Nobelisarius,norgannon,1298,warrior,arms,82,45,37
Brondir,archimonde,1298,warrior,arms,41,21,20
Arashicage,emeriss,1298,warrior,arms,44,22,22
Banshor,ysondre,1298,warrior,arms,44,19,25
Ferrum,sunstrider,1297,warrior,arms,36,19,17
Cbahorde,outland,1297,warrior,arms,128,62,66
Geckoo,emerald-dream,1297,warrior,arms,189,87,102
Pitii,burning-legion,1297,warrior,arms,38,16,22
Армсец,howling-fjord,1296,warrior,arms,42,16,26
Thisguyfax,the-venture-co,1295,warrior,arms,87,44,43
Seliasbro,kazzak,1295,warrior,arms,30,15,15
Imotekh,eredar,1295,warrior,arms,34,15,19
Ramlosa,stormscale,1295,warrior,arms,40,17,23
Âdept,tarren-mill,1295,warrior,arms,78,31,47
Addy,twisting-nether,1294,warrior,arms,30,15,15
Henzelhoff,stormreaver,1293,warrior,arms,49,29,20
Zuchtrind,blackrock,1293,warrior,arms,60,34,26
Клайминг,soulflayer,1292,warrior,arms,65,40,25
Wtchmyblades,blackmoore,1292,warrior,arms,29,14,15
Tikej,silvermoon,1292,warrior,arms,58,26,32
Reezax,blackrock,1291,warrior,arms,60,32,28
Bulwrak,eredar,1291,warrior,arms,269,132,137
Varrig,silvermoon,1291,warrior,arms,186,91,95
Zeroskllz,outland,1291,warrior,arms,76,36,40
Zyn,outland,1291,warrior,arms,54,25,29
Inelegant,tarren-mill,1290,warrior,arms,60,32,28
Mödhan,archimonde,1290,warrior,arms,123,61,62
Ghorglukk,lightnings-blade,1290,warrior,arms,60,28,32
Purjon,twilights-hammer,1290,warrior,arms,90,40,50
Garganelli,tarren-mill,1290,warrior,arms,68,30,38
Téldrus,blackrock,1290,warrior,arms,48,20,28
Elyrax,dun-modr,1290,warrior,arms,36,15,21
Zøllka,dalaran,1290,warrior,arms,130,53,77
Gaarrossh,kazzak,1290,warrior,arms,41,14,27
Geraltf,tarren-mill,1289,warrior,arms,203,97,106
Tenramar,silvermoon,1289,warrior,arms,36,15,21
Màndø,archimonde,1289,warrior,arms,84,33,51
Степанычь,gordunni,1288,warrior,arms,41,22,19
Vexxenn,outland,1288,warrior,arms,36,16,20
Nellyqt,draenor,1288,warrior,arms,58,23,35
Jasperr,nemesis,1287,warrior,arms,133,70,63
Arouga,blackrock,1287,warrior,arms,27,14,13
Mfull,tarren-mill,1287,warrior,arms,72,35,37
Zarolk,rashgarroth,1287,warrior,arms,78,36,42
Tsu,karazhan,1287,warrior,arms,63,29,34
Deeper,twisting-nether,1287,warrior,arms,48,22,26
Tontonsmoky,hyjal,1287,warrior,arms,118,54,64
Olesbawro,ragnaros,1287,warrior,arms,90,34,56
Донткарлеон,howling-fjord,1287,warrior,arms,47,16,31
Dutteh,tarren-mill,1286,warrior,arms,36,20,16
Kioskmupp,ravencrest,1286,warrior,arms,297,146,151
Vegäpunk,nemesis,1286,warrior,arms,60,28,32
Gantór,blackrock,1286,warrior,arms,54,23,31
Ovcharq,steamwheedle-cartel,1285,warrior,arms,88,44,44
Rådne,argent-dawn,1285,warrior,arms,36,18,18
Whimbux,stormscale,1285,warrior,arms,68,32,36
Daddycool,haomarush,1285,warrior,arms,100,46,54
Unarde,silvermoon,1283,warrior,arms,257,128,129
Vorns,silvermoon,1283,warrior,arms,40,19,21
Tíabeanie,silvermoon,1283,warrior,arms,30,14,16
Leonidæs,frostwolf,1283,warrior,arms,105,48,57
Titanioa,draenor,1283,warrior,arms,54,23,31
Dreadstyle,burning-legion,1282,warrior,arms,65,36,29
Sigmundsdotr,outland,1282,warrior,arms,90,46,44
Iluwar,ragnaros,1282,warrior,arms,541,263,278
Spodnick,ragnaros,1282,warrior,arms,29,14,15
Hatethisgame,frostwolf,1282,warrior,arms,93,42,51
Phovoss,stormscale,1282,warrior,arms,106,44,62
Nonescape,twisting-nether,1282,warrior,arms,39,16,23
Ènteqt,antonidas,1281,warrior,arms,99,52,47
Buttslaper,burning-legion,1280,warrior,arms,35,19,16
Дрейсен,gordunni,1280,warrior,arms,52,26,26
Уравниттель,gordunni,1279,warrior,arms,78,43,35
Гогрикк,ashenvale,1279,warrior,arms,72,35,37
Malevolént,silvermoon,1279,warrior,arms,78,37,41
Shtormguard,ravencrest,1279,warrior,arms,30,14,16
Ludjack,tarren-mill,1279,warrior,arms,63,29,34
Горячийогонь,soulflayer,1279,warrior,arms,51,18,33
Grolbein,blackhand,1278,warrior,arms,89,42,47
Izestyi,blackrock,1278,warrior,arms,125,58,67
Shakeef,turalyon,1277,warrior,arms,29,14,15
Jkarus,die-ewige-wacht,1277,warrior,arms,66,30,36
Dwarphex,outland,1276,warrior,arms,30,16,14
Wolfgladius,cthun,1276,warrior,arms,48,22,26
Narkololzz,marécage-de-zangar,1276,warrior,arms,91,41,50
Knussnacker,sanguino,1276,warrior,arms,127,54,73
Боадрог,soulflayer,1276,warrior,arms,54,22,32
Sfarpi,burning-legion,1275,warrior,arms,90,51,39
Тысячидуш,gordunni,1275,warrior,arms,78,38,40
Billorc,twisting-nether,1275,warrior,arms,234,106,128
Kultigin,ravencrest,1275,warrior,arms,122,53,69
Xunaakt,nemesis,1273,warrior,arms,69,34,35
Neekero,burning-legion,1273,warrior,arms,116,54,62
Optitt,dethecus,1273,warrior,arms,59,26,33
Fàlconry,kazzak,1273,warrior,arms,140,60,80
Hellevorn,hyjal,1272,warrior,arms,29,16,13
Luunk,ravencrest,1272,warrior,arms,108,59,49
Zuharakì,nemesis,1272,warrior,arms,322,159,163
Акумираг,soulflayer,1272,warrior,arms,108,43,65
Narox,arathor,1271,warrior,arms,74,36,38
Сигберт,gordunni,1271,warrior,arms,36,16,20
Hofftor,eredar,1270,warrior,arms,61,32,29
Protecc,burning-legion,1270,warrior,arms,174,86,88
Ivailowar,ravencrest,1270,warrior,arms,72,32,40
Sayaká,twisting-nether,1270,warrior,arms,34,14,20
Rhonack,ragnaros,1269,warrior,arms,68,32,36
Джондо,gordunni,1269,warrior,arms,30,14,16
Sphínxx,malfurion,1269,warrior,arms,44,20,24
Tommia,burning-legion,1268,warrior,arms,48,25,23
Weedo,ragnaros,1268,warrior,arms,36,18,18
Tyragon,thrall,1267,warrior,arms,86,45,41
Oldhatreds,twisting-nether,1267,warrior,arms,40,20,20
Misiaczek,the-maelstrom,1267,warrior,arms,53,23,30
Kriticah,sanguino,1267,warrior,arms,104,44,60
Garodis,blackmoore,1267,warrior,arms,36,14,22
Funknîco,wrathbringer,1266,warrior,arms,55,29,26
Джагенвард,soulflayer,1266,warrior,arms,89,46,43
Malalulu,burning-legion,1265,warrior,arms,288,140,148
Swifty,bronzebeard,1265,warrior,arms,30,14,16
Aliasus,outland,1264,warrior,arms,36,16,20
Aiarm,twisting-nether,1263,warrior,arms,222,117,105
Утонаган,fordragon,1263,warrior,arms,60,28,32
Redcloak,outland,1263,warrior,arms,66,29,37
Himarshal,kazzak,1263,warrior,arms,43,15,28
Cromix,blackrock,1262,warrior,arms,89,49,40
Delonathor,drakthul,1262,warrior,arms,26,14,12
Abnôrmus,tarren-mill,1262,warrior,arms,48,25,23
Trundledaddy,silvermoon,1262,warrior,arms,29,14,15
Братишкаа,gordunni,1262,warrior,arms,65,28,37
Realz,malganis,1261,warrior,arms,78,43,35
Ðræms,eldrethalas,1261,warrior,arms,98,47,51
Gintonnic,sanguino,1261,warrior,arms,48,22,26
Rochful,frostwolf,1260,warrior,arms,42,23,19
Leyshan,archimonde,1260,warrior,arms,94,39,55
Koliastra,magtheridon,1259,warrior,arms,60,34,26
Morrzerk,sylvanas,1259,warrior,arms,47,26,21
Дэйст,ashenvale,1259,warrior,arms,60,31,29
Soulcleaver,stormreaver,1259,warrior,arms,112,57,55
Metawar,blackhand,1259,warrior,arms,60,26,34
Соловейч,howling-fjord,1258,warrior,arms,36,20,16
Bolski,ravencrest,1258,warrior,arms,81,42,39
Fargon,ravencrest,1258,warrior,arms,103,45,58
Pawn,twisting-nether,1258,warrior,arms,42,17,25
Diggawhat,antonidas,1257,warrior,arms,238,116,122
Дедсдрыном,howling-fjord,1257,warrior,arms,65,31,34
Serbo,stormscale,1257,warrior,arms,42,19,23
Hurricane,sylvanas,1257,warrior,arms,42,15,27
Balyndâ,aegwynn,1256,warrior,arms,44,25,19
Gigac,ragnaros,1256,warrior,arms,78,38,40
Рейнджровер,howling-fjord,1256,warrior,arms,94,43,51
Torpus,outland,1255,warrior,arms,60,32,28
Silabozija,ravencrest,1255,warrior,arms,88,43,45
Атон,gordunni,1254,warrior,arms,154,75,79
Buntstift,thrall,1254,warrior,arms,42,14,28
Kaazzuraa,hyjal,1253,warrior,arms,60,36,24
Argadea,archimonde,1253,warrior,arms,72,38,34
Lûxn,ragnaros,1253,warrior,arms,223,112,111
Кринжеверт,howling-fjord,1253,warrior,arms,30,14,16
Mixiko,khadgar,1253,warrior,arms,35,16,19
Блэйзерх,gordunni,1253,warrior,arms,43,14,29
Cecill,silvermoon,1252,warrior,arms,66,37,29
Lëime,ravencrest,1252,warrior,arms,84,42,42
Bluntsword,twisting-nether,1252,warrior,arms,65,30,35
Larrydankin,draenor,1252,warrior,arms,132,58,74
Гладиакрис,gordunni,1252,warrior,arms,93,39,54
Vurra,zuljin,1251,warrior,arms,62,31,31
Gids,silvermoon,1251,warrior,arms,36,17,19
Taikyokuken,hyjal,1251,warrior,arms,96,43,53
Xyum,pozzo-delleternità,1250,warrior,arms,90,53,37
Dicaprios,silvermoon,1250,warrior,arms,72,36,36
Кимиюки,gordunni,1250,warrior,arms,110,53,57
Shihoh,blackhand,1250,warrior,arms,165,72,93
Contrariety,ravencrest,1249,warrior,arms,89,47,42
Nightwatchs,outland,1249,warrior,arms,78,39,39
Nårgaí,kargath,1249,warrior,arms,124,58,66
Jigsar,argent-dawn,1248,warrior,arms,151,81,70
Behemothwr,kazzak,1248,warrior,arms,141,67,74
Brandylover,outland,1248,warrior,arms,32,15,17
Малграш,goldrinn,1248,warrior,arms,97,41,56
Sabøtage,aggra-português,1248,warrior,arms,42,16,26
Audelia,sunstrider,1247,warrior,arms,54,33,21
Кориалвар,gordunni,1247,warrior,arms,24,14,10
Regulators,outland,1247,warrior,arms,26,14,12
Romzz,malganis,1247,warrior,arms,96,46,50
Daymio,twisting-nether,1247,warrior,arms,30,13,17
Kásúxøxøw,ravencrest,1247,warrior,arms,30,13,17
Perry,proudmoore,1246,warrior,arms,24,14,10
Aggamemnus,ravencrest,1246,warrior,arms,68,38,30
Algazarra,aggra-português,1246,warrior,arms,78,42,36
Kardinell,blackhand,1246,warrior,arms,66,30,36
Tehmountain,ravencrest,1246,warrior,arms,30,13,17
Sponkss,tarren-mill,1246,warrior,arms,30,13,17
Shará,eredar,1246,warrior,arms,114,49,65
Epyøn,stormscale,1245,warrior,arms,21,13,8
Teraa,the-maelstrom,1245,warrior,arms,82,50,32
Atus,dun-modr,1245,warrior,arms,77,38,39
Sixteen,darkmoon-faire,1245,warrior,arms,156,74,82
Woosaah,ravencrest,1245,warrior,arms,34,16,18
Grinrok,thrall,1245,warrior,arms,78,36,42
Heclatos,hyjal,1245,warrior,arms,30,13,17
Viridas,stormscale,1245,warrior,arms,88,33,55
Ken,twisting-nether,1245,warrior,arms,46,14,32
Themeec,silvermoon,1244,warrior,arms,24,13,11
Zeldaixi,twisting-nether,1244,warrior,arms,46,23,23
Shãne,ysondre,1244,warrior,arms,46,22,24
Weezing,argent-dawn,1244,warrior,arms,48,18,30
Rhazeél,blackrock,1243,warrior,arms,18,13,5
Gotural,ravencrest,1243,warrior,arms,18,13,5
Kiriwarr,dun-modr,1243,warrior,arms,24,13,11
Zaerna,draenor,1243,warrior,arms,24,13,11
Zeryyo,blackrock,1243,warrior,arms,24,13,11
Duckyone,zenedar,1243,warrior,arms,24,13,11
Dianâ,der-abyssische-rat,1243,warrior,arms,47,25,22
Rocktastic,blackrock,1243,warrior,arms,41,16,25
Soundso,blackmoore,1242,warrior,arms,26,15,11
Smeshh,burning-legion,1242,warrior,arms,90,51,39
Narcx,kazzak,1242,warrior,arms,24,13,11
Átlás,blackmoore,1242,warrior,arms,43,19,24
Тарартзу,soulflayer,1241,warrior,arms,24,13,11
Notvisionary,ravencrest,1241,warrior,arms,24,13,11
Addicty,sylvanas,1241,warrior,arms,272,141,131
Фуджитаку,gordunni,1240,warrior,arms,48,13,35
Hedral,hyjal,1239,warrior,arms,24,13,11
Chynora,blackmoore,1239,warrior,arms,24,13,11
Recklessness,drakthul,1239,warrior,arms,24,13,11
Issatank,frostmane,1239,warrior,arms,132,64,68
Vagor,aegwynn,1239,warrior,arms,114,52,62
Ironballs,saurfang,1239,warrior,arms,30,13,17
Ghettogødx,outland,1239,warrior,arms,36,13,23
Plt,talnivarr,1238,warrior,arms,64,37,27
Khalghara,dun-modr,1238,warrior,arms,48,19,29
Jésusiskíng,amanthul,1237,warrior,arms,24,13,11
Mouliard,archimonde,1237,warrior,arms,24,13,11
Rorix,blackrock,1237,warrior,arms,24,13,11
Tinker,crushridge,1237,warrior,arms,30,13,17
Sergra,ysondre,1237,warrior,arms,36,13,23
Fractale,kirin-tor,1236,warrior,arms,22,14,8
Беспонятия,blackscar,1235,warrior,arms,22,14,8
Smackaroon,draenor,1235,warrior,arms,24,13,11
Эсвексия,gordunni,1234,warrior,arms,24,14,10
Сэмвариор,gordunni,1234,warrior,arms,24,13,11
Earshy,ragnaros,1234,warrior,arms,24,13,11
Pacosky,burning-legion,1234,warrior,arms,63,30,33
Zecelei,tarren-mill,1234,warrior,arms,85,39,46
Mòrdréd,kazzak,1234,warrior,arms,51,23,28
Apashe,drakthul,1234,warrior,arms,36,14,22
Imorphius,silvermoon,1234,warrior,arms,36,13,23
Gealt,outland,1234,warrior,arms,53,19,34
Wvanp,tarren-mill,1233,warrior,arms,24,13,11
Fullkraft,tarren-mill,1233,warrior,arms,110,59,51
Bigbroh,grim-batol,1233,warrior,arms,69,35,34
Joewahl,ragnaros,1233,warrior,arms,48,15,33
Kloppnîx,blackmoore,1232,warrior,arms,80,44,36
Kaydren,durotan,1231,warrior,arms,24,13,11
Prs,defias-brotherhood,1231,warrior,arms,42,22,20
Goragthor,thrall,1230,warrior,arms,36,19,17
Oneshót,norgannon,1230,warrior,arms,153,74,79
Caíne,drakthul,1230,warrior,arms,88,42,46
Arinator,les-sentinelles,1230,warrior,arms,105,46,59
Huor,tarren-mill,1230,warrior,arms,30,13,17
Waegon,twisting-nether,1230,warrior,arms,30,13,17
Axemurdererr,draenor,1229,warrior,arms,24,13,11
Orcanism,nozdormu,1229,warrior,arms,117,62,55
Cramatao,shadowsong,1229,warrior,arms,59,25,34
Warriorlulw,kazzak,1228,warrior,arms,54,32,22
Dautis,dun-modr,1228,warrior,arms,33,17,16
Tongsto,outland,1228,warrior,arms,66,30,36
Thehans,grim-batol,1228,warrior,arms,44,18,26
Рагнарг,goldrinn,1227,warrior,arms,72,39,33
Gunga,ravenholdt,1227,warrior,arms,24,13,11
Furius,zuljin,1227,warrior,arms,41,20,21
Cyniczny,draenor,1226,warrior,arms,45,21,24
Jhonnybiceps,kazzak,1226,warrior,arms,88,40,48
Voidteen,argent-dawn,1226,warrior,arms,44,17,27
Leàn,nemesis,1226,warrior,arms,36,13,23
Бруталдэз,deathguard,1226,warrior,arms,50,16,34
Lîliana,ysondre,1225,warrior,arms,23,14,9
Prater,draenor,1225,warrior,arms,35,18,17
Exot,eredar,1225,warrior,arms,78,40,38
Regna,eredar,1225,warrior,arms,132,65,67
Синнэр,blackscar,1225,warrior,arms,36,13,23
Madaxe,kazzak,1224,warrior,arms,47,29,18
Aylîx,dun-modr,1224,warrior,arms,36,21,15
Azdrubal,outland,1224,warrior,arms,30,13,17
Бардеон,gordunni,1224,warrior,arms,30,13,17
Fidélgastro,ysondre,1224,warrior,arms,61,25,36
Shengu,kazzak,1223,warrior,arms,30,21,9
Raggnnar,blackrock,1223,warrior,arms,55,28,27
Skullcrasher,draenor,1223,warrior,arms,48,21,27
Erayu,outland,1223,warrior,arms,30,13,17
Cárlsberg,pozzo-delleternità,1223,warrior,arms,69,29,40
Johnston,frostmane,1223,warrior,arms,36,13,23
Solaría,garona,1222,warrior,arms,30,15,15
Energo,drakthul,1222,warrior,arms,36,17,19
Evvii,terenas,1222,warrior,arms,30,13,17
Барнаул,gordunni,1222,warrior,arms,30,13,17
Neîka,archimonde,1221,warrior,arms,28,14,14
Gorok,culte-de-la-rive-noire,1221,warrior,arms,33,15,18
Gachiwarri,blackhand,1221,warrior,arms,30,13,17
Gèrralt,hyjal,1221,warrior,arms,41,16,25
Kimboslice,ragnaros,1221,warrior,arms,41,15,26
Bigtulipe,archimonde,1220,warrior,arms,71,36,35
Goldenward,silvermoon,1220,warrior,arms,54,27,27
Boomxi,burning-legion,1220,warrior,arms,47,17,30
Shäshken,archimonde,1220,warrior,arms,102,28,74
Juoppó,tarren-mill,1219,warrior,arms,157,78,79
Ðamokles,silvermoon,1219,warrior,arms,73,36,37
Диодемма,gordunni,1219,warrior,arms,84,38,46
Nixtor,defias-brotherhood,1217,warrior,arms,97,43,54
Jisoowar,blackhand,1217,warrior,arms,54,23,31
Goroth,vashj,1217,warrior,arms,36,14,22
Kerisandra,silvermoon,1216,warrior,arms,43,26,17
Epepseyer,sanguino,1216,warrior,arms,71,34,37
Slaughteredd,kazzak,1216,warrior,arms,96,42,54
Ozok,blackrock,1216,warrior,arms,30,13,17
Gromlogosh,stormscale,1216,warrior,arms,30,13,17
Maggisauce,aegwynn,1215,warrior,arms,112,60,52
Ghostwarx,blackmoore,1215,warrior,arms,38,19,19
Sistabossen,magtheridon,1215,warrior,arms,30,15,15
Вардроу,howling-fjord,1215,warrior,arms,60,28,32
Crocbait,ravencrest,1214,warrior,arms,36,19,17
Вилькария,eversong,1214,warrior,arms,34,15,19
Batourga,marécage-de-zangar,1214,warrior,arms,57,22,35
Varrhok,tarren-mill,1214,warrior,arms,36,13,23
Gakosh,sanguino,1213,warrior,arms,48,26,22
Hellthõr,silvermoon,1212,warrior,arms,60,27,33
Ishíì,twisting-nether,1212,warrior,arms,66,29,37
Monifes,kazzak,1211,warrior,arms,36,16,20
Лэркус,howling-fjord,1211,warrior,arms,30,13,17
Wargasm,burning-blade,1210,warrior,arms,58,31,27
Tazdingowar,antonidas,1210,warrior,arms,94,38,56
Gilettepenge,draenor,1209,warrior,arms,233,115,118
Жлобьен,howling-fjord,1209,warrior,arms,36,13,23
Zellóx,stormscale,1208,warrior,arms,23,13,10
Lyarinsky,tyrande,1208,warrior,arms,118,65,53
Jaru,alleria,1208,warrior,arms,69,35,34
Zool,madmortem,1208,warrior,arms,263,127,136
Lukkass,ravencrest,1208,warrior,arms,33,14,19
Iarsonn,drakthul,1208,warrior,arms,54,21,33
Казгримм,howling-fjord,1207,warrior,arms,86,35,51
Ironsteve,blackmoore,1206,warrior,arms,345,163,182
Hoggle,runetotem,1205,warrior,arms,94,54,40
Delenia,twisting-nether,1205,warrior,arms,55,26,29
Astrid,rajaxx,1203,warrior,arms,57,28,29
Kallor,burning-legion,1203,warrior,arms,93,45,48
Totalterror,ragnaros,1203,warrior,arms,72,31,41
Vrokoda,quelthalas,1203,warrior,arms,36,14,22
Мегаяйца,gordunni,1203,warrior,arms,41,13,28
Excutíé,twisting-nether,1202,warrior,arms,30,18,12
Fluxerella,azjolnerub,1202,warrior,arms,24,13,11
Lezúziuszh,ragnaros,1202,warrior,arms,44,21,23
Wardam,terokkar,1202,warrior,arms,30,13,17
Крахгал,soulflayer,1201,warrior,arms,159,80,79
Imbakarimbá,blackrock,1201,warrior,arms,35,17,18
Tempii,ragnaros,1201,warrior,arms,42,14,28
Krigsdunken,draenor,1200,warrior,arms,99,44,55
Onyi,onyxia,1200,warrior,arms,36,13,23
Thylegorn,argent-dawn,1199,warrior,arms,25,16,9
Mañtís,argent-dawn,1198,warrior,arms,80,41,39
Wyshh,silvermoon,1198,warrior,arms,137,67,70
Matrafox,stormscale,1198,warrior,arms,141,66,75
Drbanner,hyjal,1198,warrior,arms,86,40,46
Rayeron,sanguino,1198,warrior,arms,39,16,23
Kaidewarr,kazzak,1197,warrior,arms,66,34,32
Gnuhl,eredar,1197,warrior,arms,41,21,20
Arreat,chogall,1197,warrior,arms,146,64,82
Mozterwar,ravencrest,1197,warrior,arms,66,28,38
Atelier,magtheridon,1196,warrior,arms,72,41,31
Mifuune,argent-dawn,1196,warrior,arms,56,28,28
Infusione,nemesis,1195,warrior,arms,24,15,9
Välkyries,archimonde,1195,warrior,arms,63,36,27
Ферхар,galakrond,1195,warrior,arms,36,20,16
Nøiir,malfurion,1195,warrior,arms,36,18,18
Sertigan,dun-modr,1195,warrior,arms,118,48,70
Berserkpwnz,silvermoon,1194,warrior,arms,60,32,28
Azëlls,archimonde,1194,warrior,arms,136,68,68
Rèâpèr,kazzak,1193,warrior,arms,42,27,15
Demonraze,hyjal,1193,warrior,arms,36,23,13
Лысыч,gordunni,1193,warrior,arms,35,18,17
Garosh,drakthul,1193,warrior,arms,78,37,41
Vojownik,argent-dawn,1193,warrior,arms,72,31,41
Donetenk,silvermoon,1192,warrior,arms,101,48,53
Холипротовар,fordragon,1192,warrior,arms,118,56,62
Meslammin,draenor,1192,warrior,arms,96,44,52
Xlings,auchindoun,1192,warrior,arms,128,53,75
Araxoth,silvermoon,1192,warrior,arms,97,39,58
Parasite,the-maelstrom,1191,warrior,arms,72,38,34
Zuggizug,draenor,1191,warrior,arms,72,35,37
Xaah,dun-modr,1191,warrior,arms,44,21,23
Quáker,stormscale,1190,warrior,arms,29,13,16
Wärfäcë,blades-edge,1190,warrior,arms,36,14,22
Kllinac,kazzak,1189,warrior,arms,71,33,38
Ахе,deathguard,1189,warrior,arms,54,25,29
Asmongnome,ravencrest,1189,warrior,arms,42,18,24
Lazaza,tarren-mill,1189,warrior,arms,49,19,30
Akarakhan,sanguino,1189,warrior,arms,60,21,39
Dreamkil,archimonde,1188,warrior,arms,222,110,112
Rövskunk,silvermoon,1188,warrior,arms,40,13,27
Williamx,archimonde,1187,warrior,arms,42,15,27
Harska,ragnaros,1186,warrior,arms,88,45,43
Thunderage,stormscale,1186,warrior,arms,36,16,20
Huuln,outland,1186,warrior,arms,56,21,35
Kval,kazzak,1185,warrior,arms,30,14,16
Xanthias,nathrezim,1185,warrior,arms,54,24,30
Lirscuits,silvermoon,1185,warrior,arms,34,14,20
Pyret,outland,1185,warrior,arms,40,14,26
Originel,outland,1184,warrior,arms,30,14,16
Scrèàm,tarren-mill,1184,warrior,arms,67,29,38
Gathika,arathor,1183,warrior,arms,24,14,10
Дрейтон,eversong,1183,warrior,arms,93,47,46
Kwesta,kazzak,1182,warrior,arms,23,13,10
Pegazón,outland,1182,warrior,arms,108,49,59
Neaka,archimonde,1181,warrior,arms,29,13,16
Kriegerkraut,silvermoon,1180,warrior,arms,28,21,7
Colosius,stormscale,1180,warrior,arms,96,51,45
Shuraj,hyjal,1180,warrior,arms,76,35,41
Wifioffline,silvermoon,1180,warrior,arms,42,15,27
Neltharon,silvermoon,1179,warrior,arms,27,17,10
Disturbance,eredar,1179,warrior,arms,42,20,22
Ragébar,tarren-mill,1179,warrior,arms,109,50,59
Crotoss,ravencrest,1179,warrior,arms,59,27,32
Jólasveinn,saurfang,1179,warrior,arms,30,13,17
Redow,stormreaver,1178,warrior,arms,88,36,52
Дрекзот,howling-fjord,1177,warrior,arms,27,15,12
Radîtz,blackmoore,1177,warrior,arms,32,15,17
Вамвоосна,gordunni,1177,warrior,arms,32,13,19
Ксапур,soulflayer,1177,warrior,arms,62,24,38
Виднокрай,gordunni,1177,warrior,arms,36,13,23
Yayoqt,sylvanas,1175,warrior,arms,124,60,64
Фаталлес,galakrond,1175,warrior,arms,41,17,24
Cowlunderowl,tarren-mill,1175,warrior,arms,38,15,23
Klyvern,ragnaros,1175,warrior,arms,42,15,27
Elyalol,ragnaros,1174,warrior,arms,33,15,18
Ruppydeluxe,frostwolf,1174,warrior,arms,74,27,47
Voltrim,blackmoore,1173,warrior,arms,68,35,33
Ванмак,gordunni,1173,warrior,arms,101,49,52
Frozenevil,kazzak,1173,warrior,arms,119,57,62
Strânge,gorgonnash,1172,warrior,arms,107,57,50
Nøøbisator,archimonde,1172,warrior,arms,72,37,35
Etelä,stormreaver,1172,warrior,arms,37,17,20
Buffettleapx,kazzak,1172,warrior,arms,62,26,36
Crook,doomhammer,1172,warrior,arms,93,36,57
Nurychïc,twisting-nether,1171,warrior,arms,57,29,28
Frankstyle,sanguino,1171,warrior,arms,33,16,17
Zelfire,magtheridon,1171,warrior,arms,30,13,17
Wâtchmefear,blackrock,1171,warrior,arms,33,14,19
Cremas,cthun,1171,warrior,arms,84,33,51
Jupio,stormscale,1170,warrior,arms,27,15,12
Suolijumppa,stormreaver,1170,warrior,arms,71,34,37
Vohok,jaedenar,1169,warrior,arms,75,31,44
Imora,silvermoon,1169,warrior,arms,54,22,32
Роккар,gordunni,1168,warrior,arms,42,22,20
Korvjnus,burning-blade,1168,warrior,arms,108,51,57
Blaackbeard,blackmoore,1168,warrior,arms,30,13,17
Whàtsup,stormscale,1166,warrior,arms,36,17,19
Górut,zuljin,1166,warrior,arms,60,27,33
Giantknob,tarren-mill,1166,warrior,arms,64,21,43
Mellvorr,malganis,1166,warrior,arms,83,25,58
Pesroc,blackmoore,1165,warrior,arms,24,15,9
Daguangming,outland,1165,warrior,arms,59,23,36
Rojobull,stormscale,1165,warrior,arms,42,15,27
Dödslängtan,terokkar,1163,warrior,arms,58,32,26
Vlader,dun-modr,1163,warrior,arms,170,77,93
Opseagull,defias-brotherhood,1163,warrior,arms,51,23,28
Warbringer,ravencrest,1163,warrior,arms,42,15,27
Xamp,madmortem,1161,warrior,arms,26,14,12
Lø,chogall,1161,warrior,arms,107,48,59
Despacitus,burning-legion,1161,warrior,arms,71,27,44
Rühlsbester,thrall,1160,warrior,arms,101,46,55
Lithanør,silvermoon,1159,warrior,arms,38,13,25
Agamemnon,frostmane,1158,warrior,arms,68,31,37
Palthor,drakthul,1158,warrior,arms,149,65,84
Kenzai,aegwynn,1158,warrior,arms,31,13,18
Xensation,kult-der-verdammten,1158,warrior,arms,77,32,45
Зуботычник,gordunni,1157,warrior,arms,24,13,11
Иалаи,howling-fjord,1156,warrior,arms,38,21,17
Rogirb,drakthul,1155,warrior,arms,30,14,16
Zargala,stormscale,1155,warrior,arms,30,14,16
Элейд,thermaplugg,1153,warrior,arms,53,23,30
Fknslow,ravencrest,1152,warrior,arms,18,12,6
Devìlscandy,stormscale,1152,warrior,arms,18,12,6
Porsea,ravencrest,1152,warrior,arms,24,12,12
Uselessblâme,archimonde,1152,warrior,arms,24,12,12
Chilp,archimonde,1152,warrior,arms,79,32,47
Jethiss,ravencrest,1151,warrior,arms,18,12,6
Tcrujo,uldum,1151,warrior,arms,24,12,12
Pryzinstyle,aegwynn,1151,warrior,arms,24,12,12
Elendurel,outland,1151,warrior,arms,53,26,27
Aloia,stormscale,1151,warrior,arms,39,16,23
Bluxy,outland,1151,warrior,arms,36,12,24
Wutraa,kazzak,1150,warrior,arms,18,12,6
Zidbi,argent-dawn,1150,warrior,arms,24,12,12
Crazykind,kazzak,1150,warrior,arms,24,12,12
Enzylolz,sanguino,1150,warrior,arms,24,12,12
Panzerpung,outland,1150,warrior,arms,36,12,24
Crushonyou,aegwynn,1149,warrior,arms,24,12,12
Mysteryman,defias-brotherhood,1149,warrior,arms,113,53,60
Laakes,eredar,1149,warrior,arms,36,12,24
Kampfente,blackrock,1148,warrior,arms,18,12,6
ßigarms,ravencrest,1148,warrior,arms,18,12,6
Jonalina,gilneas,1148,warrior,arms,84,42,42
Noisey,sanguino,1148,warrior,arms,24,12,12
Beans,argent-dawn,1148,warrior,arms,108,44,64
Халльборн,howling-fjord,1148,warrior,arms,30,12,18
Pulx,dun-modr,1148,warrior,arms,36,12,24
Chillycheesy,blackmoore,1148,warrior,arms,42,12,30
Zwerk,rajaxx,1147,warrior,arms,24,12,12
Пасасайка,galakrond,1147,warrior,arms,30,12,18
Ragedotcom,archimonde,1146,warrior,arms,30,16,14
Draemmer,minahonda,1146,warrior,arms,30,15,15
Senshin,sanguino,1146,warrior,arms,24,12,12
Vagor,draenor,1146,warrior,arms,94,42,52
Stillpetao,dun-modr,1146,warrior,arms,36,12,24
Rieku,kazzak,1146,warrior,arms,36,12,24
Порицающий,soulflayer,1145,warrior,arms,28,13,15
Ezop,burning-blade,1145,warrior,arms,30,12,18
Slappcuzz,blackrock,1145,warrior,arms,30,12,18
Gladiatoor,terenas,1145,warrior,arms,30,12,18
Orgi,drakthul,1145,warrior,arms,36,12,24
Shedzo,tarren-mill,1144,warrior,arms,18,12,6
Battall,ysondre,1144,warrior,arms,45,26,19
Ratko,blackmoore,1144,warrior,arms,26,15,11
Тонкрик,goldrinn,1144,warrior,arms,42,22,20
Davyj,silvermoon,1144,warrior,arms,24,12,12
Zugzugsmash,thrall,1144,warrior,arms,24,12,12
Warriovar,draenor,1144,warrior,arms,24,12,12
Kirzan,silvermoon,1144,warrior,arms,24,12,12
Hammerfall,uldum,1144,warrior,arms,90,42,48
Teoggr,kazzak,1144,warrior,arms,30,13,17
Jäime,dun-modr,1144,warrior,arms,40,17,23
Smashu,outland,1143,warrior,arms,18,12,6
Karnacîer,archimonde,1143,warrior,arms,30,19,11
Øfdream,tarren-mill,1143,warrior,arms,24,12,12
Zévi,ravencrest,1143,warrior,arms,30,12,18
Tbomb,stormscale,1142,warrior,arms,24,12,12
Sephirotth,burning-legion,1142,warrior,arms,24,12,12
Bulduzer,kazzak,1142,warrior,arms,149,66,83
Раздолбатель,razuvious,1142,warrior,arms,81,35,46
Kurzen,voljin,1142,warrior,arms,65,28,37
Brahlus,frostwolf,1142,warrior,arms,31,13,18
Monsterborn,bloodhoof,1142,warrior,arms,39,15,24
Freestýlz,archimonde,1141,warrior,arms,18,13,5
Sazurah,ravencrest,1141,warrior,arms,18,12,6
Yolal,twisting-nether,1141,warrior,arms,153,69,84
Syhtis,hyjal,1140,warrior,arms,24,13,11
Hellspin,argent-dawn,1140,warrior,arms,109,47,62
Geneazyx,silvermoon,1140,warrior,arms,30,12,18
Alphachadwar,azjolnerub,1140,warrior,arms,30,12,18
Jujuwa,tarren-mill,1140,warrior,arms,65,23,42
Björnd,hyjal,1140,warrior,arms,42,12,30
Kugghalfswor,doomhammer,1139,warrior,arms,382,184,198
Utero,drakthul,1139,warrior,arms,30,12,18
Realstars,tichondrius,1139,warrior,arms,33,13,20
Davari,ravencrest,1139,warrior,arms,33,12,21
Birikkin,draenor,1138,warrior,arms,18,12,6
Lanïmal,eitrigg,1138,warrior,arms,27,15,12
Пифс,soulflayer,1138,warrior,arms,74,40,34
Vrii,eredar,1137,warrior,arms,35,19,16
Kromt,shendralar,1136,warrior,arms,24,15,9
Beserk,defias-brotherhood,1136,warrior,arms,82,50,32
Draleckx,sanguino,1136,warrior,arms,291,139,152
Фоссбро,gordunni,1135,warrior,arms,101,41,60
Юигама,gordunni,1134,warrior,arms,25,13,12
Gunka,tarren-mill,1134,warrior,arms,167,84,83
Slambadicoot,draenor,1134,warrior,arms,30,12,18
Weedshoter,burning-legion,1133,warrior,arms,18,12,6
Dreadshanks,doomhammer,1133,warrior,arms,78,46,32
Inticam,durotan,1133,warrior,arms,55,31,24
Maelvos,ravencrest,1133,warrior,arms,48,25,23
Gallaghër,ysondre,1133,warrior,arms,30,15,15
Vandnox,nozdormu,1133,warrior,arms,28,13,15
Waxxo,frostwolf,1133,warrior,arms,35,15,20
Някитила,gordunni,1133,warrior,arms,67,28,39
Киефси,howling-fjord,1131,warrior,arms,114,59,55
Obscurìa,argent-dawn,1131,warrior,arms,586,288,298
Quarantino,ysondre,1131,warrior,arms,116,53,63
Medov,outland,1131,warrior,arms,54,23,31
Clemmins,deathwing,1131,warrior,arms,65,24,41
Азероф,gordunni,1130,warrior,arms,18,12,6
Dübèl,blackrock,1130,warrior,arms,36,20,16
Bangbros,archimonde,1130,warrior,arms,24,13,11
Zogyall,ysondre,1130,warrior,arms,66,29,37
Aesiva,die-aldor,1130,warrior,arms,42,18,24
Olfik,drakthul,1130,warrior,arms,37,14,23
Razt,bronze-dragonflight,1129,warrior,arms,24,12,12
Warzy,eredar,1129,warrior,arms,66,29,37
Cloudstomper,ravenholdt,1129,warrior,arms,53,23,30
Hietfield,twisting-nether,1128,warrior,arms,24,12,12
Шорпит,howling-fjord,1127,warrior,arms,102,47,55
Joesalamanca,ragnaros,1127,warrior,arms,36,16,20
Tarau,archimonde,1127,warrior,arms,33,13,20
Gnomzilla,blackhand,1127,warrior,arms,48,16,32
Katyparry,ragnaros,1127,warrior,arms,36,12,24
Sudosolo,burning-blade,1126,warrior,arms,144,69,75
Midgardsormr,blackrock,1126,warrior,arms,53,24,29
Сифончик,ashenvale,1126,warrior,arms,30,12,18
Милославский,gordunni,1125,warrior,arms,64,33,31
Director,aegwynn,1124,warrior,arms,24,14,10
Oralinde,silvermoon,1124,warrior,arms,178,95,83
Thorkell,genjuros,1124,warrior,arms,72,36,36
Xxoorrwarr,tarren-mill,1123,warrior,arms,47,25,22
Dísplacement,draenor,1123,warrior,arms,24,12,12
Алибастор,galakrond,1123,warrior,arms,105,51,54
Gladiattus,drakthul,1121,warrior,arms,84,42,42
Yüle,uldaman,1121,warrior,arms,30,15,15
Scartle,dun-modr,1121,warrior,arms,86,39,47
Догерон,grom,1120,warrior,arms,36,20,16
Ugbruk,blackhand,1120,warrior,arms,57,30,27
Truxiw,silvermoon,1120,warrior,arms,48,22,26
Mistawolf,ravencrest,1120,warrior,arms,81,33,48
Graumann,dun-morogh,1118,warrior,arms,24,12,12
Sway,eonar,1118,warrior,arms,144,66,78
Bennybryt,frostmane,1117,warrior,arms,23,12,11
Thiccrich,argent-dawn,1117,warrior,arms,48,25,23
Karden,doomhammer,1117,warrior,arms,98,41,57
Donedone,blackrock,1117,warrior,arms,36,15,21
Creezê,blackmoore,1117,warrior,arms,30,12,18
Draktul,aegwynn,1116,warrior,arms,24,14,10
Lebronjones,sylvanas,1116,warrior,arms,135,62,73
Nélow,khaz-modan,1116,warrior,arms,48,22,26
Мутобой,soulflayer,1116,warrior,arms,82,37,45
Loosecanon,ravencrest,1116,warrior,arms,29,12,17
Cliwar,ragnaros,1115,warrior,arms,58,35,23
Brisky,tarren-mill,1115,warrior,arms,30,13,17
Ärama,sanguino,1114,warrior,arms,30,16,14
Darkchao,madmortem,1114,warrior,arms,26,12,14
Friedhard,aegwynn,1114,warrior,arms,40,18,22
Hojalator,minahonda,1112,warrior,arms,28,13,15
Orcaz,eredar,1112,warrior,arms,52,23,29
Онлихелл,howling-fjord,1112,warrior,arms,89,39,50
Shinnok,stormreaver,1111,warrior,arms,250,132,118
Pwettygal,tarren-mill,1111,warrior,arms,78,35,43
Djiozz,khaz-modan,1111,warrior,arms,36,12,24
Ezsnacks,blackrock,1110,warrior,arms,68,36,32
Muetzchen,blackhand,1110,warrior,arms,60,31,29
Ayatolah,kazzak,1110,warrior,arms,59,30,29
Sandalwood,wildhammer,1109,warrior,arms,39,18,21
Executioner,ravencrest,1109,warrior,arms,42,18,24
Белриэль,gordunni,1109,warrior,arms,72,25,47
Sûgma,blackhand,1108,warrior,arms,44,23,21
Pips,minahonda,1108,warrior,arms,54,20,34
Cucøriedka,burning-blade,1108,warrior,arms,44,13,31
Auriwariah,silvermoon,1106,warrior,arms,36,15,21
Konstantin,grim-batol,1106,warrior,arms,96,36,60
Turmund,turalyon,1105,warrior,arms,48,18,30
Quiño,sanguino,1104,warrior,arms,24,12,12
Claytøn,khaz-modan,1104,warrior,arms,85,38,47
Wørgenn,hyjal,1104,warrior,arms,62,25,37
Миранир,soulflayer,1102,warrior,arms,62,30,32
Røiivar,hyjal,1102,warrior,arms,169,74,95
Raivorouva,stormreaver,1102,warrior,arms,30,13,17
Рф,thermaplugg,1102,warrior,arms,32,13,19
Керсантус,gordunni,1101,warrior,arms,17,12,5
Корофер,galakrond,1100,warrior,arms,47,27,20
Доминатори,grom,1100,warrior,arms,55,21,34
Ceb,drakthul,1100,warrior,arms,78,29,49
Rutrah,ysondre,1099,warrior,arms,30,12,18
Tiopollo,sanguino,1099,warrior,arms,30,12,18
Serakhan,argent-dawn,1097,warrior,arms,168,86,82
Tajiri,alakir,1097,warrior,arms,76,37,39
Rindermett,eredar,1097,warrior,arms,30,12,18
Crixusxx,sanguino,1096,warrior,arms,25,13,12
Manymen,outland,1096,warrior,arms,94,47,47
Chaohz,grim-batol,1096,warrior,arms,29,12,17
Vandras,hyjal,1096,warrior,arms,44,15,29
Wrtxnexor,blackhand,1095,warrior,arms,40,19,21
Fdmachine,kazzak,1095,warrior,arms,48,21,27
Набосуюногу,gordunni,1095,warrior,arms,29,12,17
Vannié,blackhand,1094,warrior,arms,32,14,18
Sloppychoppy,silvermoon,1094,warrior,arms,65,28,37
Deko,magtheridon,1093,warrior,arms,26,13,13
Глинм,gordunni,1093,warrior,arms,207,98,109
Thok,blades-edge,1093,warrior,arms,60,26,34
Данилатитич,howling-fjord,1093,warrior,arms,73,31,42
Чухануспрайм,howling-fjord,1093,warrior,arms,34,13,21
Crasher,dentarg,1091,warrior,arms,42,21,21
Копенгаген,ashenvale,1091,warrior,arms,33,13,20
Ñoxpløde,tarren-mill,1090,warrior,arms,23,13,10
Дикийлёха,soulflayer,1090,warrior,arms,42,22,20
Xerkohs,thrall,1090,warrior,arms,41,18,23
Nakroll,sanguino,1090,warrior,arms,42,17,25
Tochka,kazzak,1090,warrior,arms,48,13,35
Математик,razuvious,1086,warrior,arms,27,14,13
Doveloo,kazzak,1085,warrior,arms,48,23,25
Katmai,nemesis,1085,warrior,arms,30,14,16
Bitethedust,darkspear,1085,warrior,arms,48,14,34
Бежа,gordunni,1083,warrior,arms,66,37,29
Bullburzt,ragnaros,1083,warrior,arms,29,12,17
Крешер,howling-fjord,1082,warrior,arms,136,60,76
Духолоов,gordunni,1082,warrior,arms,75,31,44
Hulkkis,outland,1082,warrior,arms,56,19,37
Àke,darksorrow,1081,warrior,arms,60,29,31
Тоштайн,gordunni,1079,warrior,arms,29,12,17
Ianez,nemesis,1077,warrior,arms,83,37,46
Stuble,blackhand,1076,warrior,arms,41,19,22
Jebzmiecza,kazzak,1075,warrior,arms,30,13,17
Kydecnick,kazzak,1074,warrior,arms,113,45,68
Blufurys,nemesis,1073,warrior,arms,86,41,45
Fatbeard,twilights-hammer,1072,warrior,arms,72,31,41
Rapidinhas,aggra-português,1071,warrior,arms,22,12,10
Jackisop,outland,1071,warrior,arms,60,26,34
Маллал,soulflayer,1071,warrior,arms,93,36,57
Salom,illidan,1069,warrior,arms,72,28,44
Piedbot,archimonde,1069,warrior,arms,86,33,53
Tobigforu,draenor,1068,warrior,arms,39,19,20
Willraxx,draenor,1068,warrior,arms,42,13,29
Narki,sporeggar,1067,warrior,arms,54,25,29
Kâine,blackmoore,1066,warrior,arms,104,42,62
Экзекутэр,soulflayer,1066,warrior,arms,30,12,18
Отпустите,howling-fjord,1066,warrior,arms,37,12,25
Magrintor,blackmoore,1065,warrior,arms,43,25,18
Diliul,doomhammer,1065,warrior,arms,40,18,22
Endermite,magtheridon,1065,warrior,arms,59,26,33
Eragdagh,thrall,1064,warrior,arms,32,12,20
Rìght,kazzak,1063,warrior,arms,19,12,7
Keksparrow,antonidas,1061,warrior,arms,48,22,26
Брокксигарр,borean-tundra,1061,warrior,arms,35,12,23
Katzz,dun-morogh,1061,warrior,arms,44,15,29
Davoda,kazzak,1059,warrior,arms,30,17,13
Oxascand,kazzak,1057,warrior,arms,53,18,35
Рексторм,soulflayer,1056,warrior,arms,12,11,1
Sufentaniili,frostwhisper,1056,warrior,arms,12,11,1
Kailyy,kazzak,1056,warrior,arms,18,11,7
Mahomes,ravencrest,1056,warrior,arms,18,11,7
Mâlitek,archimonde,1056,warrior,arms,18,11,7
Titanhaut,frostwolf,1056,warrior,arms,23,12,11
Гатсх,blackscar,1056,warrior,arms,24,11,13
Proeliator,argent-dawn,1056,warrior,arms,24,11,13
Proffsét,ravencrest,1056,warrior,arms,24,11,13
Määh,frostmane,1056,warrior,arms,30,11,19
Jayus,stormrage,1055,warrior,arms,18,11,7
Goretterog,ysondre,1055,warrior,arms,18,11,7
Krâgx,kazzak,1055,warrior,arms,18,11,7
Arkalolz,hyjal,1055,warrior,arms,18,11,7
Pedergun,defias-brotherhood,1055,warrior,arms,53,25,28
Chipstjuven,tarren-mill,1055,warrior,arms,37,17,20
Амаззони,howling-fjord,1055,warrior,arms,24,11,13
Лимор,howling-fjord,1055,warrior,arms,24,11,13
Doritoslove,sanguino,1055,warrior,arms,24,11,13
Bikgusdickus,drakthul,1055,warrior,arms,24,11,13
Quotxwar,stormscale,1055,warrior,arms,24,11,13
Kehnan,blackrock,1055,warrior,arms,24,11,13
Xdpromtius,dun-modr,1055,warrior,arms,24,11,13
Luxurious,argent-dawn,1055,warrior,arms,33,12,21
Tiimbs,tarren-mill,1054,warrior,arms,18,11,7
Артэгиусх,blackscar,1054,warrior,arms,81,40,41
Râmi,perenolde,1054,warrior,arms,24,11,13
Manokikiros,sylvanas,1054,warrior,arms,24,11,13
Trohr,blackmoore,1054,warrior,arms,24,11,13
Фастод,greymane,1054,warrior,arms,90,40,50
Gramash,grim-batol,1054,warrior,arms,58,25,33
Apollos,der-mithrilorden,1054,warrior,arms,30,11,19
Kzagan,outland,1054,warrior,arms,30,11,19
Zuuk,malganis,1053,warrior,arms,24,11,13
Skaylulz,ragnaros,1053,warrior,arms,24,11,13
Синглдем,gordunni,1053,warrior,arms,24,11,13
Swàck,mazrigos,1053,warrior,arms,24,11,13
Besån,ragnaros,1053,warrior,arms,25,11,14
Khoroc,die-aldor,1053,warrior,arms,30,11,19
Scusi,burning-blade,1053,warrior,arms,30,11,19
Salamandar,zenedar,1053,warrior,arms,36,11,25
Arenatogo,blackmoore,1052,warrior,arms,24,11,13
Opticsynfel,argent-dawn,1052,warrior,arms,24,11,13
Bladoran,hyjal,1052,warrior,arms,24,11,13
Polak,tirion,1052,warrior,arms,24,11,13
Gnomekek,sylvanas,1052,warrior,arms,30,11,19
Swornsword,blackmoore,1052,warrior,arms,30,11,19
Чузен,galakrond,1052,warrior,arms,52,19,33
Duaig,pozzo-delleternità,1052,warrior,arms,36,11,25
Fiverare,stormscale,1051,warrior,arms,24,11,13
Paralantius,kazzak,1051,warrior,arms,24,11,13
Krônôs,thrall,1051,warrior,arms,24,11,13
Silventus,blackmoore,1051,warrior,arms,24,11,13
Dewclaw,stormscale,1051,warrior,arms,30,11,19
Bigdbigarms,tarren-mill,1050,warrior,arms,18,11,7
Tercio,exodar,1050,warrior,arms,139,64,75
Âxti,blackrock,1050,warrior,arms,24,11,13
Ètc,ravencrest,1049,warrior,arms,18,11,7
Hjondon,argent-dawn,1049,warrior,arms,24,11,13
Câttiva,blackmoore,1048,warrior,arms,30,11,19
Обиванкенобя,soulflayer,1048,warrior,arms,66,24,42
Шарж,greymane,1047,warrior,arms,66,32,34
Hellripper,antonidas,1047,warrior,arms,24,11,13
Каррагор,howling-fjord,1047,warrior,arms,24,11,13
Ðjlækker,silvermoon,1047,warrior,arms,24,11,13
Оверфлок,howling-fjord,1047,warrior,arms,24,11,13
Mokthal,medivh,1047,warrior,arms,29,12,17
Varzeluu,sylvanas,1047,warrior,arms,51,19,32
Clukao,kazzak,1047,warrior,arms,30,11,19
Ordínaryname,blackrock,1046,warrior,arms,634,318,316
Satanås,silvermoon,1046,warrior,arms,161,79,82
Supersonîc,aegwynn,1046,warrior,arms,24,11,13
Askawar,sylvanas,1046,warrior,arms,24,11,13
Velikan,tarren-mill,1046,warrior,arms,30,11,19
Тэсхард,blackscar,1045,warrior,arms,60,37,23
Chargelife,sylvanas,1045,warrior,arms,18,11,7
Achsin,eredar,1045,warrior,arms,57,28,29
Trondilon,tarren-mill,1045,warrior,arms,23,11,12
Wilæm,ravencrest,1045,warrior,arms,36,17,19
Roponmatsu,draenor,1045,warrior,arms,24,11,13
Ninja,bronze-dragonflight,1045,warrior,arms,24,11,13
Безбожник,eversong,1045,warrior,arms,159,72,87
Neoh,onyxia,1044,warrior,arms,93,47,46
Tuskyr,silvermoon,1044,warrior,arms,30,11,19
Masster,argent-dawn,1043,warrior,arms,18,11,7
Nocturia,archimonde,1043,warrior,arms,30,11,19
Unstorm,drakthul,1043,warrior,arms,36,11,25
Slapface,blackmoore,1042,warrior,arms,26,13,13
Difalco,archimonde,1042,warrior,arms,152,74,78
Gpointt,lordaeron,1042,warrior,arms,60,22,38
Тралмош,razuvious,1042,warrior,arms,30,11,19
Animaul,dalaran,1041,warrior,arms,18,11,7
Kirkwood,terokkar,1041,warrior,arms,30,18,12
Зед,blackscar,1041,warrior,arms,37,20,17
Altroox,malorne,1041,warrior,arms,24,11,13
Talaganos,twisting-nether,1040,warrior,arms,31,17,14
Innos,gorgonnash,1040,warrior,arms,29,13,16
Heavenheart,bronzebeard,1039,warrior,arms,28,19,9
Stweye,frostmane,1038,warrior,arms,24,11,13
Nokturnâl,silvermoon,1037,warrior,arms,18,11,7
Saitäma,burning-legion,1037,warrior,arms,18,11,7
Smkw,kazzak,1037,warrior,arms,50,30,20
Noomel,twisting-nether,1037,warrior,arms,168,82,86
Ехасе,gordunni,1037,warrior,arms,52,24,28
Gutworm,stormscale,1037,warrior,arms,24,11,13
Valus,earthen-ring,1037,warrior,arms,24,11,13
Tidrick,argent-dawn,1036,warrior,arms,24,11,13
Mæuzl,draenor,1036,warrior,arms,24,11,13
Twinblyat,defias-brotherhood,1036,warrior,arms,24,11,13
Koorkhan,outland,1036,warrior,arms,24,11,13
Stampsalot,deathwing,1036,warrior,arms,24,11,13
Uclat,archimonde,1036,warrior,arms,119,52,67
Бенчмаркпоу,gordunni,1034,warrior,arms,29,13,16
Schoolbus,outland,1034,warrior,arms,29,12,17
Whitebêârd,antonidas,1033,warrior,arms,71,30,41
Kundan,antonidas,1032,warrior,arms,54,28,26
Raldjorn,hyjal,1031,warrior,arms,30,16,14
Kilsera,blackmoore,1030,warrior,arms,18,11,7
Teñseî,archimonde,1030,warrior,arms,18,11,7
Dardi,blackrock,1030,warrior,arms,24,11,13
Raizø,aegwynn,1030,warrior,arms,31,13,18
Meeyu,blackhand,1029,warrior,arms,18,11,7
Discotrosan,outland,1029,warrior,arms,37,17,20
Elaniâ,die-nachtwache,1029,warrior,arms,24,11,13
Kante,frostmane,1029,warrior,arms,24,11,13
Brvbert,antonidas,1029,warrior,arms,24,11,13
Ttz,tarren-mill,1029,warrior,arms,42,17,25
Téarz,blackrock,1029,warrior,arms,54,20,34
Troncodepino,nemesis,1028,warrior,arms,42,14,28
Merdé,blackhand,1027,warrior,arms,135,67,68
Larkor,frostwolf,1025,warrior,arms,94,40,54
Rastaboo,ravencrest,1024,warrior,arms,24,11,13
Krostapunk,colinas-pardas,1024,warrior,arms,42,15,27
Panickill,ravencrest,1022,warrior,arms,24,11,13
Lurádin,kargath,1022,warrior,arms,30,11,19
Acestrike,defias-brotherhood,1021,warrior,arms,18,11,7
Shinydjuwlz,turalyon,1021,warrior,arms,36,17,19
Karng,zenedar,1021,warrior,arms,106,45,61
Эсканорд,gordunni,1020,warrior,arms,85,37,48
Matthaeos,nemesis,1019,warrior,arms,17,13,4
Poör,silvermoon,1019,warrior,arms,24,12,12
Бравурный,gordunni,1019,warrior,arms,48,19,29
Áosr,ravencrest,1018,warrior,arms,88,43,45
Joka,dun-modr,1018,warrior,arms,82,35,47
Клавиатурный,soulflayer,1018,warrior,arms,29,11,18
Ironfists,kilrogg,1017,warrior,arms,24,11,13
Тычо,soulflayer,1017,warrior,arms,54,23,31
Caraquru,silvermoon,1014,warrior,arms,18,11,7
Nelfx,aggra-português,1014,warrior,arms,152,79,73
Rîchy,blackrock,1013,warrior,arms,28,15,13
Skeleton,los-errantes,1011,warrior,arms,41,17,24
Owarr,grim-batol,1010,warrior,arms,24,13,11
Chatoon,elune,1010,warrior,arms,57,30,27
Бланкк,deathweaver,1009,warrior,arms,19,12,7
Lydianite,stormrage,1009,warrior,arms,26,12,14
Etharedon,kul-tiras,1007,warrior,arms,142,62,80
Tanoras,kazzak,1006,warrior,arms,23,11,12
Sanhaevel,ravencrest,1006,warrior,arms,50,23,27
Falcowar,minahonda,1006,warrior,arms,24,11,13
Deswarr,tarren-mill,1006,warrior,arms,33,12,21
Antraex,zuljin,1004,warrior,arms,30,13,17
Ezjau,blackmoore,1002,warrior,arms,120,61,59
Athérøs,outland,1002,warrior,arms,29,11,18
Gatlok,kazzak,1001,warrior,arms,24,11,13
Nêithan,dun-modr,1001,warrior,arms,36,13,23
Dénis,onyxia,1000,warrior,arms,30,15,15
Ruga,echsenkessel,999,warrior,arms,85,43,42
Kvanyrius,archimonde,999,warrior,arms,42,13,29
Seraphys,ravencrest,998,warrior,arms,28,12,16
Loddels,frostwolf,996,warrior,arms,37,20,17
Ervanw,sylvanas,996,warrior,arms,53,13,40
Gvngx,zuljin,993,warrior,arms,71,21,50
Dêrion,blackmoore,992,warrior,arms,25,12,13
Sepsys,eredar,991,warrior,arms,48,15,33
Skarnir,blackhand,990,warrior,arms,59,20,39
Serpeiro,ravencrest,990,warrior,arms,34,11,23
Deasyo,thrall,990,warrior,arms,36,11,25
Dazed,kazzak,989,warrior,arms,32,17,15
Медэвил,deepholm,989,warrior,arms,48,23,25
Wfx,kazzak,989,warrior,arms,23,11,12
Knotteddickk,teldrassil,989,warrior,arms,23,11,12
Thoròk,antonidas,989,warrior,arms,36,14,22
Geicoo,dalaran,988,warrior,arms,56,29,27
Strengjahz,ragnaros,988,warrior,arms,22,11,11
Фурозинка,deepholm,988,warrior,arms,35,11,24
Kazos,twisting-nether,986,warrior,arms,29,12,17
Chocoroko,draenor,985,warrior,arms,60,25,35
Ätreides,sanguino,985,warrior,arms,29,11,18
Zoulaani,argent-dawn,983,warrior,arms,138,57,81
Ragnarr,ravencrest,982,warrior,arms,28,11,17
Roninwar,the-maelstrom,981,warrior,arms,31,16,15
Dearmooses,stormscale,980,warrior,arms,48,26,22
Fairly,burning-blade,977,warrior,arms,24,12,12
Murgrimm,die-silberne-hand,974,warrior,arms,48,27,21
Thewitcher,stormscale,973,warrior,arms,30,11,19
Fknmoo,kazzak,971,warrior,arms,62,31,31
Smásher,thrall,971,warrior,arms,28,11,17
Mangore,tyrande,969,warrior,arms,76,34,42
Warsky,archimonde,968,warrior,arms,42,24,18
Dj,ragnaros,966,warrior,arms,38,20,18
Dariusvolt,argent-dawn,965,warrior,arms,71,34,37
Ethem,twisting-nether,963,warrior,arms,193,99,94
Valtýr,skullcrusher,961,warrior,arms,29,17,12
Executeme,sylvanas,961,warrior,arms,36,18,18
Wintertimex,stormscale,960,warrior,arms,12,10,2
Bigschnäbi,blackhand,960,warrior,arms,12,10,2
Schero,aegwynn,960,warrior,arms,12,10,2
Keanew,tarren-mill,960,warrior,arms,12,10,2
Mozeratz,magtheridon,960,warrior,arms,18,10,8
Jà,kazzak,960,warrior,arms,18,10,8
Joelopes,archimonde,960,warrior,arms,18,10,8
Phalekxox,twisting-nether,960,warrior,arms,18,10,8
Broarextiger,ragnaros,960,warrior,arms,18,10,8
Oneoneseven,archimonde,960,warrior,arms,18,10,8
Milant,antonidas,960,warrior,arms,18,10,8
Ryonâgai,aegwynn,960,warrior,arms,18,10,8
Solatika,alexstrasza,960,warrior,arms,243,116,127
Repó,twisting-nether,960,warrior,arms,24,10,14
Andabad,silvermoon,960,warrior,arms,24,10,14
Tomsom,sanguino,960,warrior,arms,24,10,14
Dvigar,drakthul,960,warrior,arms,24,10,14
Sereiz,tarren-mill,960,warrior,arms,30,10,20
Brigitá,argent-dawn,960,warrior,arms,30,10,20
Sindrener,ysondre,960,warrior,arms,30,10,20
Fizé,blackmoore,959,warrior,arms,18,10,8
Trushk,antonidas,959,warrior,arms,18,10,8
Doomz,die-aldor,959,warrior,arms,18,10,8
Chadgrave,argent-dawn,959,warrior,arms,18,10,8
Dulex,draenor,959,warrior,arms,18,10,8
Axxtm,ravencrest,959,warrior,arms,18,10,8
Zdi,blackrock,959,warrior,arms,18,10,8
Fearmedear,sylvanas,959,warrior,arms,18,10,8
Bíanco,blackrock,959,warrior,arms,18,10,8
Khylza,archimonde,959,warrior,arms,18,10,8
Сарамортал,howling-fjord,959,warrior,arms,18,10,8
Raul,ravencrest,959,warrior,arms,18,10,8
Renatoma,stormscale,959,warrior,arms,21,10,11
Груббоб,booty-bay,959,warrior,arms,24,10,14
Warhero,burning-legion,959,warrior,arms,24,10,14
Boonur,arthas,959,warrior,arms,24,10,14
Deackinw,kazzak,959,warrior,arms,24,10,14
Легендор,howling-fjord,959,warrior,arms,24,10,14
Gór,area-52,959,warrior,arms,24,10,14
Carksn,blackmoore,959,warrior,arms,28,11,17
Péridotruite,hyjal,959,warrior,arms,30,10,20
Chrowley,antonidas,959,warrior,arms,70,23,47
Shelied,twisting-nether,959,warrior,arms,54,16,38
Garou,uldum,958,warrior,arms,12,10,2
Majestatix,doomhammer,958,warrior,arms,18,10,8
Darlith,azshara,958,warrior,arms,18,10,8
Braindeady,burning-legion,958,warrior,arms,18,10,8
Betonica,burning-legion,958,warrior,arms,18,10,8
Xilquib,darksorrow,958,warrior,arms,18,10,8
Thaitouri,eredar,958,warrior,arms,18,10,8
Shorrag,outland,958,warrior,arms,18,10,8
Hyogan,malganis,958,warrior,arms,18,10,8
Zeekar,ravencrest,958,warrior,arms,18,10,8
Rswar,archimonde,958,warrior,arms,18,10,8
Gorlemar,blackmoore,958,warrior,arms,18,10,8
Mashooxd,archimonde,958,warrior,arms,18,10,8
Hamilton,bronzebeard,958,warrior,arms,18,10,8
Bavet,sylvanas,958,warrior,arms,25,11,14
ßbç,ysondre,958,warrior,arms,24,10,14
Warristyles,arygos,958,warrior,arms,24,10,14
Onidrake,nemesis,958,warrior,arms,24,10,14
Uthric,azuremyst,958,warrior,arms,24,10,14
Leapling,blackmoore,958,warrior,arms,24,10,14
Sezomih,outland,958,warrior,arms,25,10,15
Allmight,gorgonnash,958,warrior,arms,30,10,20
Rowr,argent-dawn,958,warrior,arms,30,10,20
Bânkai,aegwynn,958,warrior,arms,30,10,20
Ølolo,stormscale,957,warrior,arms,15,11,4
Qvicfrito,ravencrest,957,warrior,arms,18,10,8
Zevlovéx,kazzak,957,warrior,arms,18,10,8
Neíd,antonidas,957,warrior,arms,18,10,8
Makote,uldum,957,warrior,arms,18,10,8
Nezriq,neptulon,957,warrior,arms,18,10,8
Zamorák,twisting-nether,957,warrior,arms,24,10,14
Iuliaa,ravencrest,957,warrior,arms,24,10,14
Волдунер,gordunni,957,warrior,arms,24,10,14
Ðam,kazzak,957,warrior,arms,24,10,14
Sanguìnius,nemesis,957,warrior,arms,30,10,20
Topozugzug,tarren-mill,957,warrior,arms,30,10,20
Vveerdy,stormreaver,957,warrior,arms,30,10,20
Bolvarson,malganis,957,warrior,arms,30,10,20
Pílot,ravencrest,956,warrior,arms,18,10,8
Anndersen,defias-brotherhood,956,warrior,arms,18,10,8
Lucasqt,magtheridon,956,warrior,arms,18,10,8
Berzker,ragnaros,956,warrior,arms,18,10,8
Roshas,twisting-nether,956,warrior,arms,18,10,8
Teramuhl,eredar,956,warrior,arms,24,10,14
Nadelicious,kazzak,956,warrior,arms,24,10,14
Quihc,outland,956,warrior,arms,24,10,14
Elesharde,sanguino,956,warrior,arms,27,11,16
Mìsà,ysondre,956,warrior,arms,29,10,19
Deanx,ragnaros,955,warrior,arms,18,10,8
Nightbeard,twisting-nether,955,warrior,arms,18,10,8
Асхана,howling-fjord,955,warrior,arms,18,10,8
Odonko,blackmoore,955,warrior,arms,60,29,31
Gramrosh,eredar,955,warrior,arms,24,10,14
Vectus,zuljin,955,warrior,arms,24,10,14
Xarmog,hyjal,955,warrior,arms,24,10,14
Зэйсс,gordunni,955,warrior,arms,24,10,14
Fluffycute,blackhand,955,warrior,arms,30,10,20
Neíd,malganis,955,warrior,arms,30,10,20
Smob,ragnaros,954,warrior,arms,18,10,8
Zutto,conseil-des-ombres,954,warrior,arms,18,10,8
Rawne,kirin-tor,954,warrior,arms,18,10,8
Smushbrok,stormscale,954,warrior,arms,24,10,14
Djarenn,defias-brotherhood,954,warrior,arms,24,10,14
Protecmoo,drakthul,954,warrior,arms,24,10,14
Труперсила,howling-fjord,954,warrior,arms,24,10,14
Ôwndbylx,aegwynn,954,warrior,arms,27,11,16
Yngvar,darksorrow,954,warrior,arms,30,10,20
Øfè,ysondre,954,warrior,arms,30,10,20
Camaon,outland,953,warrior,arms,18,10,8
Æxcoast,ravencrest,953,warrior,arms,30,10,20
Bisuko,archimonde,953,warrior,arms,36,10,26
Ginò,stormscale,952,warrior,arms,18,10,8
Blanchysnow,hyjal,952,warrior,arms,18,10,8
Decreased,dun-modr,952,warrior,arms,18,10,8
Unkmòr,pozzo-delleternità,952,warrior,arms,42,22,20
Hexzo,ravencrest,952,warrior,arms,24,10,14
Partajorma,ravencrest,952,warrior,arms,24,10,14
Rayenna,dalaran,951,warrior,arms,12,10,2
Думрайт,gordunni,951,warrior,arms,18,10,8
Marciano,dalaran,951,warrior,arms,24,12,12
Tchral,burning-legion,951,warrior,arms,24,10,14
Sentenzah,arakarahm,951,warrior,arms,24,10,14
Parriwarr,sanguino,951,warrior,arms,24,10,14
Зарган,howling-fjord,951,warrior,arms,65,25,40
Tonberry,frostwolf,950,warrior,arms,24,10,14
Zodiakós,burning-legion,950,warrior,arms,42,10,32
Zerm,draenor,949,warrior,arms,18,10,8
Carsannies,stormscale,949,warrior,arms,136,59,77
Smaugman,nemesis,949,warrior,arms,94,40,54
Gilgarez,twisting-nether,949,warrior,arms,24,10,14
Qvil,sanguino,948,warrior,arms,93,31,62
Obitron,argent-dawn,947,warrior,arms,24,10,14
Pyxis,argent-dawn,947,warrior,arms,24,10,14
Kharmog,hyjal,947,warrior,arms,54,18,36
Nyu,kirin-tor,946,warrior,arms,89,41,48
Waescanor,ragnaros,946,warrior,arms,54,21,33
Omglolnoob,magtheridon,946,warrior,arms,26,10,16
Warrgob,outland,944,warrior,arms,30,10,20
Jackycoke,blackhand,943,warrior,arms,30,10,20
Rajaka,archimonde,942,warrior,arms,24,11,13
Dorya,aegwynn,942,warrior,arms,23,10,13
Haipaz,draenor,942,warrior,arms,58,24,34
Snägärikovin,stormreaver,941,warrior,arms,24,10,14
Shpitzu,stormscale,941,warrior,arms,26,10,16
Tëc,silvermoon,940,warrior,arms,18,10,8
Mathej,drakthul,940,warrior,arms,23,10,13
Илийя,razuvious,940,warrior,arms,29,10,19
Chépérøs,kaelthas,939,warrior,arms,90,34,56
Danoriix,drakthul,937,warrior,arms,30,10,20
Shieldwall,norgannon,935,warrior,arms,36,20,16
Kaerz,ysondre,934,warrior,arms,18,10,8
Espanyol,sanguino,933,warrior,arms,30,17,13
Knegt,stormreaver,933,warrior,arms,63,25,38
Vooice,sylvanas,933,warrior,arms,29,10,19
Bubciu,burning-legion,932,warrior,arms,30,10,20
Lapyy,drakthul,931,warrior,arms,36,18,18
Kreaten,chamber-of-aspects,931,warrior,arms,108,41,67
Йомхар,howling-fjord,931,warrior,arms,30,10,20
Lænet,twisting-nether,930,warrior,arms,137,64,73
Боевойму,howling-fjord,928,warrior,arms,32,11,21
Glavý,burning-legion,927,warrior,arms,22,10,12
Ganik,malganis,927,warrior,arms,23,10,13
Rèlion,pozzo-delleternità,926,warrior,arms,21,11,10
Джеймсчейз,blackscar,926,warrior,arms,23,10,13
Léonie,arakarahm,924,warrior,arms,23,10,13
Ørkk,pozzo-delleternità,923,warrior,arms,14,11,3
Perseó,minahonda,923,warrior,arms,84,32,52
Дозикк,ashenvale,923,warrior,arms,38,11,27
Pigleto,ravencrest,919,warrior,arms,81,37,44
Bòónki,ravencrest,919,warrior,arms,87,39,48
Prag,silvermoon,918,warrior,arms,34,18,16
Abelgf,exodar,918,warrior,arms,32,12,20
Gizmaxe,tarren-mill,916,warrior,arms,20,11,9
Tengriy,wildhammer,915,warrior,arms,14,11,3
Takashia,ravencrest,915,warrior,arms,22,11,11
Hammerfíst,kazzak,913,warrior,arms,112,53,59
Kirix,aegwynn,911,warrior,arms,42,19,23
Jeriko,archimonde,911,warrior,arms,29,10,19
Mölntuss,emeriss,911,warrior,arms,29,10,19
Wulfgâr,dun-modr,907,warrior,arms,42,22,20
Justop,ravencrest,907,warrior,arms,23,10,13
Dolforden,burning-legion,907,warrior,arms,23,10,13
Indiannaa,draenor,906,warrior,arms,23,10,13
Durmithor,silvermoon,906,warrior,arms,35,10,25
Энлами,gordunni,905,warrior,arms,21,10,11
Glut,drakthul,905,warrior,arms,24,11,13
Karbeg,ravencrest,905,warrior,arms,27,10,17
Elsinner,ravencrest,905,warrior,arms,35,10,25
Искристый,howling-fjord,903,warrior,arms,18,11,7
Cryze,ravencrest,903,warrior,arms,21,10,11
Spoofie,doomhammer,903,warrior,arms,27,10,17
Jimbock,eredar,903,warrior,arms,33,11,22
Adrï,draenor,901,warrior,arms,124,63,61
Ileei,kazzak,901,warrior,arms,38,12,26
Обнимаш,ashenvale,900,warrior,arms,20,11,9
Короноварус,greymane,900,warrior,arms,84,41,43
Shtygar,doomhammer,898,warrior,arms,36,13,23
Razecraz,ysondre,894,warrior,arms,18,11,7
Yuushi,doomhammer,894,warrior,arms,52,23,29
Биграма,howling-fjord,890,warrior,arms,26,10,16
Hasira,xavius,889,warrior,arms,16,10,6
Zhønya,aegwynn,889,warrior,arms,23,10,13
Рагнарульв,gordunni,885,warrior,arms,14,10,4
Дотрен,galakrond,883,warrior,arms,42,20,22
Braûsepulver,guldan,883,warrior,arms,138,65,73
Rejectofrage,ragnaros,882,warrior,arms,60,26,34
Nebezpeka,silvermoon,878,warrior,arms,19,10,9
Scill,silvermoon,873,warrior,arms,44,20,24
Spartazo,turalyon,873,warrior,arms,48,18,30
Vlajko,kazzak,871,warrior,arms,48,16,32
Sangarane,archimonde,868,warrior,arms,27,14,13
Aemirage,doomhammer,867,warrior,arms,90,46,44
Bazsika,ragnaros,865,warrior,arms,66,23,43
Zeetx,les-clairvoyants,864,warrior,arms,12,9,3
Gladwfriends,ravencrest,864,warrior,arms,12,9,3
Drvx,twisting-nether,864,warrior,arms,12,9,3
Antìcìdè,ravencrest,864,warrior,arms,12,9,3
Jhoakim,argent-dawn,864,warrior,arms,12,9,3
Marqinios,archimonde,864,warrior,arms,12,9,3
Émalkay,tarren-mill,864,warrior,arms,18,9,9
Balenciarmor,silvermoon,864,warrior,arms,18,9,9
Khalidax,hyjal,864,warrior,arms,18,9,9
Casty,blackrock,864,warrior,arms,18,9,9
Moldamis,blackhand,864,warrior,arms,18,9,9
Necrio,kazzak,864,warrior,arms,18,9,9
Smèdbérg,ravencrest,864,warrior,arms,18,9,9
Zorn,blackmoore,864,warrior,arms,18,9,9
Arsinal,destromath,864,warrior,arms,18,9,9
Earthshatter,emeriss,864,warrior,arms,18,9,9
Psinovich,sylvanas,864,warrior,arms,18,9,9
Bâyer,burning-legion,864,warrior,arms,18,9,9
Cerßeres,archimonde,864,warrior,arms,18,9,9
Ирклейн,howling-fjord,864,warrior,arms,18,9,9
Precel,burning-legion,864,warrior,arms,18,9,9
Trensexual,twisting-nether,864,warrior,arms,18,9,9
Stóna,blackmoore,864,warrior,arms,24,9,15
Motres,sylvanas,864,warrior,arms,24,9,15
Vikktor,doomhammer,864,warrior,arms,24,9,15
Dmgsponge,stormscale,864,warrior,arms,24,9,15
Ваншотч,blackscar,864,warrior,arms,24,9,15
Deskslammer,tarren-mill,864,warrior,arms,24,9,15
Tenthøusand,sylvanas,864,warrior,arms,24,9,15
Комбобрэйкер,grom,864,warrior,arms,24,9,15
Bandfør,archimonde,863,warrior,arms,12,9,3
Trenbolonpap,twisting-nether,863,warrior,arms,12,9,3
Elpap,draenor,863,warrior,arms,18,9,9
Deathgreyø,nemesis,863,warrior,arms,18,9,9
Punisherhulk,stormscale,863,warrior,arms,18,9,9
Battleox,stormscale,863,warrior,arms,18,9,9
Pexqt,blackmoore,863,warrior,arms,18,9,9
Mjol,silvermoon,863,warrior,arms,18,9,9
Хастурхотеп,gordunni,863,warrior,arms,18,9,9
Cebystance,kazzak,863,warrior,arms,18,9,9
Валлй,blackscar,863,warrior,arms,18,9,9
Kaloche,hyjal,863,warrior,arms,18,9,9
Drøgma,tyrande,863,warrior,arms,18,9,9
Warbigboss,draenor,863,warrior,arms,18,9,9
Theolcostaud,archimonde,863,warrior,arms,18,9,9
Дейниксис,howling-fjord,863,warrior,arms,18,9,9
Pacheco,eredar,863,warrior,arms,21,10,11
Valyron,ravencrest,863,warrior,arms,22,9,13
Darkblader,dalvengyr,863,warrior,arms,24,9,15
Shiikaa,hyjal,863,warrior,arms,24,9,15
Abibe,aggra-português,863,warrior,arms,24,9,15
Маньякубица,howling-fjord,863,warrior,arms,24,9,15
Borndet,eredar,863,warrior,arms,24,9,15
Stepchildx,silvermoon,863,warrior,arms,24,9,15
Johnfogerty,twisting-nether,863,warrior,arms,24,9,15
Symx,tarren-mill,863,warrior,arms,30,9,21
Nyxo,argent-dawn,863,warrior,arms,30,9,21
Grimblade,kazzak,863,warrior,arms,30,9,21
Adalyn,azjolnerub,862,warrior,arms,12,9,3
Delarosa,drakthul,862,warrior,arms,18,9,9
Veeg,blackmoore,862,warrior,arms,18,9,9
Tuncis,aszune,862,warrior,arms,18,9,9
Onkra,malganis,862,warrior,arms,18,9,9
Fidicenz,ysondre,862,warrior,arms,18,9,9
Realdrdob,kazzak,862,warrior,arms,24,9,15
Synthasixx,twisting-nether,862,warrior,arms,24,9,15
Камрадшторм,borean-tundra,862,warrior,arms,24,9,15
Bekkey,lightbringer,862,warrior,arms,24,9,15
Rezume,ravencrest,862,warrior,arms,24,9,15
Slowfeet,stormscale,861,warrior,arms,12,9,3
Sax,ravencrest,861,warrior,arms,18,9,9
Nêgan,stormscale,861,warrior,arms,18,9,9
Nêlê,thrall,861,warrior,arms,18,9,9
Payßack,drakthul,861,warrior,arms,18,9,9
Мономер,soulflayer,861,warrior,arms,24,9,15
Micromachìne,sanguino,861,warrior,arms,24,9,15
Kekwd,burning-legion,861,warrior,arms,24,9,15
Coko,kirin-tor,861,warrior,arms,24,9,15
Amar,azuremyst,861,warrior,arms,29,10,19
Bigbaduglyy,twisting-nether,861,warrior,arms,30,9,21
Emmá,neptulon,860,warrior,arms,18,9,9
Arrhennius,kazzak,860,warrior,arms,18,9,9
Bezark,kazzak,860,warrior,arms,18,9,9
Andoror,nemesis,860,warrior,arms,18,9,9
Казырной,soulflayer,860,warrior,arms,24,9,15
Zersei,los-errantes,860,warrior,arms,24,9,15
Woopzi,twisting-nether,860,warrior,arms,36,9,27
Lamme,darksorrow,859,warrior,arms,18,9,9
Jarlerkin,ragnaros,859,warrior,arms,18,9,9
Stits,chromaggus,859,warrior,arms,18,9,9
Isidoro,ravencrest,859,warrior,arms,24,9,15
Маханхет,soulflayer,859,warrior,arms,24,9,15
Aeh,blackmoore,859,warrior,arms,24,9,15
Brúgar,antonidas,859,warrior,arms,24,9,15
Buffury,twisting-nether,859,warrior,arms,24,9,15
Tojaraa,kazzak,858,warrior,arms,18,9,9
Crud,die-silberne-hand,858,warrior,arms,18,9,9
Gorrashar,drakthul,858,warrior,arms,24,9,15
Ziyetin,blackmoore,857,warrior,arms,12,9,3
Kronnosh,tarren-mill,857,warrior,arms,12,9,3
Варбыкмашина,howling-fjord,857,warrior,arms,18,9,9
Marcusk,thunderhorn,857,warrior,arms,24,9,15
Pillorrior,ambossar,857,warrior,arms,24,9,15
Ruioz,draenor,857,warrior,arms,24,9,15
Tweener,azjolnerub,856,warrior,arms,20,9,11
Bladestorm,dun-morogh,856,warrior,arms,24,9,15
Smaxi,kazzak,856,warrior,arms,24,9,15
Chrimo,silvermoon,856,warrior,arms,30,9,21
Gucix,tarren-mill,855,warrior,arms,18,9,9
Pvpstyle,bloodscalp,855,warrior,arms,24,9,15
Bashion,ghostlands,855,warrior,arms,42,14,28
Caloomsa,hellfire,854,warrior,arms,18,9,9
Bjornn,azjolnerub,854,warrior,arms,18,9,9
Discogoon,twilights-hammer,854,warrior,arms,87,32,55
Ruuster,norgannon,853,warrior,arms,30,9,21
Janeu,nozdormu,852,warrior,arms,18,9,9
Heimdål,antonidas,852,warrior,arms,36,9,27
Fugrim,draenor,851,warrior,arms,18,9,9
Ispor,shattered-halls,851,warrior,arms,137,65,72
Bassenheim,deathwing,851,warrior,arms,24,9,15
Arhzag,garona,850,warrior,arms,18,9,9
Warclone,ravencrest,850,warrior,arms,18,9,9
Syforce,ravencrest,850,warrior,arms,18,9,9
Ostoppandi,sylvanas,849,warrior,arms,18,9,9
Warriotrix,tarren-mill,849,warrior,arms,31,12,19
Goodvibez,silvermoon,848,warrior,arms,30,9,21
Gidra,stormscale,847,warrior,arms,17,9,8
Brindzema,doomhammer,846,warrior,arms,18,10,8
Имяужезанято,gordunni,846,warrior,arms,17,9,8
Orchëstre,eitrigg,846,warrior,arms,244,121,123
Láviana,aegwynn,845,warrior,arms,18,9,9
Gogoplata,antonidas,845,warrior,arms,18,9,9
Leesh,ravenholdt,845,warrior,arms,92,44,48
Cléveland,argent-dawn,845,warrior,arms,22,10,12
Zêrklatscher,lordaeron,845,warrior,arms,54,13,41
Derbayn,tarren-mill,844,warrior,arms,26,10,16
Badazz,thunderhorn,842,warrior,arms,24,9,15
Xienia,dun-morogh,841,warrior,arms,30,10,20
Vcorvin,dun-modr,837,warrior,arms,30,10,20
Îwar,ysondre,837,warrior,arms,42,9,33
Лесковер,howling-fjord,831,warrior,arms,23,9,14
Greeneroi,khaz-modan,829,warrior,arms,35,9,26
Raufí,antonidas,828,warrior,arms,72,34,38
Overdose,anetheron,827,warrior,arms,17,10,7
Ajsiboy,burning-legion,825,warrior,arms,59,19,40
Arschal,khaz-modan,823,warrior,arms,38,17,21
Poluneikos,turalyon,823,warrior,arms,30,9,21
Turøc,illidan,820,warrior,arms,30,11,19
Darkmidgét,silvermoon,815,warrior,arms,21,9,12
Станеслав,gordunni,810,warrior,arms,23,9,14
Laciater,burning-legion,808,warrior,arms,26,10,16
Warwaw,twisting-nether,807,warrior,arms,26,10,16
Actuallyorc,twisting-nether,799,warrior,arms,14,9,5
Слэймодх,howling-fjord,799,warrior,arms,17,9,8
Skullhammer,burning-legion,799,warrior,arms,24,9,15
Jiñnx,outland,798,warrior,arms,11,9,2
Fürchtenix,blackmoore,798,warrior,arms,26,9,17
Ahmedmohsen,kazzak,796,warrior,arms,20,9,11
Кейнорин,howling-fjord,789,warrior,arms,28,9,19
Kixx,twisting-nether,787,warrior,arms,72,31,41
Finalsmasher,thrall,784,warrior,arms,42,16,26
Tynyas,dalaran,782,warrior,arms,103,48,55
Steels,outland,782,warrior,arms,31,13,18
Panduf,rashgarroth,781,warrior,arms,11,9,2
Brutariz,silvermoon,778,warrior,arms,19,9,10
Dlstroyer,eonar,776,warrior,arms,24,10,14
Audrin,twisting-nether,768,warrior,arms,12,8,4
Ballin,dragonblight,768,warrior,arms,12,8,4
Меффект,howling-fjord,768,warrior,arms,12,8,4
Piré,tarren-mill,768,warrior,arms,12,8,4
Бигбэйбитейп,greymane,768,warrior,arms,12,8,4
Dagon,gorgonnash,768,warrior,arms,12,8,4
Rageside,draenor,768,warrior,arms,12,8,4
Bulfwart,zuljin,768,warrior,arms,12,8,4
Aromë,argent-dawn,768,warrior,arms,12,8,4
Sevenheavy,draenor,768,warrior,arms,12,8,4
Reckxpeep,twisting-nether,768,warrior,arms,12,8,4
Beiskaldí,blackrock,768,warrior,arms,12,8,4
Éliøkor,outland,768,warrior,arms,12,8,4
Smorccroms,stormscale,768,warrior,arms,12,8,4
Spiokra,hellscream,768,warrior,arms,12,8,4
Shreedshot,blackmoore,768,warrior,arms,12,8,4
Syjin,antonidas,768,warrior,arms,12,8,4
Выбьюглазик,gordunni,768,warrior,arms,12,8,4
Muyubu,eredar,768,warrior,arms,12,8,4
Uretirips,archimonde,768,warrior,arms,12,8,4
Ryuuzetsu,drakthul,768,warrior,arms,12,8,4
Отвечай,gordunni,768,warrior,arms,12,8,4
Bigdøngfur,archimonde,768,warrior,arms,12,8,4
Madßud,ravencrest,768,warrior,arms,14,8,6
Belmønt,archimonde,768,warrior,arms,18,8,10
Vermis,stormscale,768,warrior,arms,18,8,10
Styxwr,blackhand,768,warrior,arms,18,8,10
Epicc,alleria,768,warrior,arms,18,8,10
Visari,kiljaeden,768,warrior,arms,18,8,10
Shewbynette,archimonde,768,warrior,arms,18,8,10
Notzage,les-sentinelles,768,warrior,arms,18,8,10
Safaribob,kazzak,768,warrior,arms,18,8,10
Maresur,burning-legion,768,warrior,arms,18,8,10
Hønks,antonidas,768,warrior,arms,18,8,10
Aauv,twisting-nether,768,warrior,arms,18,8,10
Pablitø,silvermoon,768,warrior,arms,18,8,10
Андрюхабш,soulflayer,768,warrior,arms,18,8,10
Akkixx,die-aldor,768,warrior,arms,18,8,10
Crebushi,burning-legion,768,warrior,arms,18,8,10
Dréngr,blackrock,768,warrior,arms,18,8,10
Mkone,ravencrest,768,warrior,arms,18,8,10
Ликано,greymane,768,warrior,arms,18,8,10
Steelride,silvermoon,768,warrior,arms,18,8,10
Nerfelepls,ravencrest,768,warrior,arms,21,9,12
Cleix,frostwolf,768,warrior,arms,24,8,16
Leavyu,silvermoon,768,warrior,arms,24,8,16
Omgez,grim-batol,768,warrior,arms,24,8,16
Глейс,gordunni,768,warrior,arms,24,8,16
Caffeinë,ravencrest,768,warrior,arms,24,8,16
Galiusx,malganis,768,warrior,arms,24,8,16
Guerriax,les-sentinelles,768,warrior,arms,24,8,16
Sublexgg,blackrock,768,warrior,arms,24,8,16
Currarms,aegwynn,768,warrior,arms,25,8,17
Whydeadbro,twisting-nether,768,warrior,arms,30,8,22
Atzex,blackmoore,767,warrior,arms,12,8,4
Druubak,aggra-português,767,warrior,arms,12,8,4
Barvaron,argent-dawn,767,warrior,arms,12,8,4
Huevon,draenor,767,warrior,arms,12,8,4
Critwar,draenor,767,warrior,arms,12,8,4
Smikka,jaedenar,767,warrior,arms,12,8,4
Helenius,ravencrest,767,warrior,arms,12,8,4
Sená,stormscale,767,warrior,arms,12,8,4
Dikastis,kul-tiras,767,warrior,arms,15,9,6
Oxey,ragnaros,767,warrior,arms,18,8,10
Scràvity,blackhand,767,warrior,arms,18,8,10
Dtraque,kaelthas,767,warrior,arms,18,8,10
Imaginefun,ragnaros,767,warrior,arms,18,8,10
Jjokkerr,magtheridon,767,warrior,arms,18,8,10
Mòrzàr,outland,767,warrior,arms,18,8,10
Hermosse,dalaran,767,warrior,arms,18,8,10
Yasuk,archimonde,767,warrior,arms,18,8,10
Akim,ysondre,767,warrior,arms,18,8,10
Снорре,soulflayer,767,warrior,arms,18,8,10
Litlijón,ravencrest,767,warrior,arms,18,8,10
Fullfäyä,hyjal,767,warrior,arms,18,8,10
Alexwar,draenor,767,warrior,arms,18,8,10
Vexari,twisting-nether,767,warrior,arms,18,8,10
Kalopsia,drakthul,767,warrior,arms,18,8,10
Kunodontas,draenor,767,warrior,arms,18,8,10
Craíne,antonidas,767,warrior,arms,18,8,10
Broxiw,darkspear,767,warrior,arms,18,8,10
Громорашман,grom,767,warrior,arms,18,8,10
Nameless,malganis,767,warrior,arms,18,8,10
Instamerk,doomhammer,767,warrior,arms,18,8,10
Ericmontana,draenor,767,warrior,arms,18,8,10
Achîlles,twisting-nether,767,warrior,arms,18,8,10
Horseye,eredar,767,warrior,arms,18,8,10
Whiteowlx,argent-dawn,767,warrior,arms,18,8,10
Josimar,kazzak,767,warrior,arms,18,8,10
Бокалпивка,soulflayer,767,warrior,arms,21,9,12
Kaske,alexstrasza,767,warrior,arms,23,8,15
Linkeador,zuljin,767,warrior,arms,24,8,16
Nuhilug,tarren-mill,767,warrior,arms,24,8,16
Spacemachine,kazzak,767,warrior,arms,24,8,16
Màgh,ravencrest,767,warrior,arms,24,8,16
Slam,blackrock,767,warrior,arms,24,8,16
Rylbrah,blackmoore,767,warrior,arms,24,8,16
Bonkonator,stormscale,766,warrior,arms,12,8,4
Celean,darksorrow,766,warrior,arms,12,8,4
Newgáte,silvermoon,766,warrior,arms,12,8,4
Свиногуб,soulflayer,766,warrior,arms,12,8,4
Дядядмг,blackscar,766,warrior,arms,12,8,4
Byrnjolf,zuljin,766,warrior,arms,18,8,10
Beamis,ragnaros,766,warrior,arms,18,8,10
Zerxees,tarren-mill,766,warrior,arms,18,8,10
Gùts,stormreaver,766,warrior,arms,18,8,10
Rageaholic,blackmoore,766,warrior,arms,18,8,10
Kíngsafa,rexxar,766,warrior,arms,18,8,10
Zion,zenedar,766,warrior,arms,18,8,10
Тевивар,gordunni,766,warrior,arms,18,8,10
Хэлвид,soulflayer,766,warrior,arms,18,8,10
Kekzero,kazzak,766,warrior,arms,24,8,16
Нэиро,howling-fjord,766,warrior,arms,24,8,16
Smarkz,nemesis,766,warrior,arms,24,8,16
Xongoku,blackrock,765,warrior,arms,12,8,4
Tyranitar,pozzo-delleternità,765,warrior,arms,18,8,10
Arnnau,dun-modr,765,warrior,arms,18,8,10
Fortësque,uldaman,765,warrior,arms,18,8,10
Zouwar,hyjal,765,warrior,arms,18,8,10
Альмас,galakrond,765,warrior,arms,21,9,12
Intcx,silvermoon,765,warrior,arms,24,8,16
Feydal,thrall,765,warrior,arms,24,8,16
Younes,ravencrest,765,warrior,arms,24,8,16
Platerz,aggramar,765,warrior,arms,24,8,16
Кордупэль,gordunni,765,warrior,arms,24,8,16
Hirbus,ravencrest,765,warrior,arms,25,8,17
Kotto,defias-brotherhood,765,warrior,arms,30,8,22
Lucciouss,sylvanas,764,warrior,arms,12,8,4
Havooc,ragnaros,764,warrior,arms,12,8,4
Варинуб,soulflayer,764,warrior,arms,18,10,8
Berree,outland,764,warrior,arms,18,8,10
Tinull,silvermoon,764,warrior,arms,24,8,16
Lìón,blackhand,764,warrior,arms,24,8,16
Okke,thunderhorn,764,warrior,arms,24,8,16
Empero,draenor,763,warrior,arms,18,8,10
Wærriør,argent-dawn,763,warrior,arms,18,8,10
Ireincarnate,argent-dawn,763,warrior,arms,18,8,10
Giggadaddy,tarren-mill,763,warrior,arms,18,8,10
Xenör,archimonde,763,warrior,arms,24,8,16
Ripper,scarshield-legion,763,warrior,arms,30,8,22
Leyon,blades-edge,762,warrior,arms,12,8,4
Boindal,senjin,762,warrior,arms,18,8,10
Previse,argent-dawn,762,warrior,arms,18,8,10
Даммодар,howling-fjord,762,warrior,arms,18,8,10
Bigbibbs,tarren-mill,762,warrior,arms,24,8,16
Øruch,draenor,761,warrior,arms,18,8,10
Cøbe,arthas,761,warrior,arms,24,8,16
Grimdorf,frostmane,761,warrior,arms,24,8,16
Отнулядоста,gordunni,761,warrior,arms,24,8,16
Zarani,antonidas,761,warrior,arms,24,8,16
Encounter,nefarian,760,warrior,arms,12,8,4
Alhexander,dun-modr,760,warrior,arms,18,8,10
Грруд,galakrond,760,warrior,arms,24,8,16
Alysa,ravencrest,760,warrior,arms,24,8,16
Glevran,turalyon,760,warrior,arms,24,8,16
Машамеч,blackscar,760,warrior,arms,30,8,22
Ceteris,eredar,759,warrior,arms,12,8,4
Upturn,ravencrest,757,warrior,arms,24,8,16
Бачус,eversong,756,warrior,arms,24,8,16
Pmk,pozzo-delleternità,755,warrior,arms,31,8,23
Pappkopf,rexxar,753,warrior,arms,24,8,16
Patriotdk,runetotem,750,warrior,arms,163,64,99
Calipp,die-aldor,750,warrior,arms,24,8,16
Авврорра,gordunni,749,warrior,arms,139,62,77
Asurian,runetotem,748,warrior,arms,81,38,43
Shadrassil,eonar,747,warrior,arms,18,8,10
Thoon,teldrassil,746,warrior,arms,24,9,15
Furraxx,elune,736,warrior,arms,18,8,10
Demonstðrm,silvermoon,735,warrior,arms,22,8,14
Hazzaogx,draenor,735,warrior,arms,23,8,15
Eltaré,hyjal,734,warrior,arms,14,9,5
Megaloddon,ravencrest,734,warrior,arms,17,8,9
Madict,outland,733,warrior,arms,18,8,10
Bukî,blackmoore,732,warrior,arms,23,8,15
Lebengtc,stormscale,732,warrior,arms,23,8,15
Boek,drakthul,729,warrior,arms,32,9,23
Боевыещёчки,eversong,723,warrior,arms,28,12,16
Koruds,outland,720,warrior,arms,15,8,7
Mugteef,der-rat-von-dalaran,719,warrior,arms,17,8,9
Incompetent,twisting-nether,719,warrior,arms,21,8,13
Renji,proudmoore,718,warrior,arms,17,8,9
Gorlosh,eredar,718,warrior,arms,20,9,11
Joblôb,guldan,717,warrior,arms,15,9,6
Железныйбард,gordunni,717,warrior,arms,23,8,15
Ahlda,hyjal,716,warrior,arms,27,8,19
Alothar,khaz-modan,712,warrior,arms,112,45,67
Ferv,tarren-mill,703,warrior,arms,17,8,9
Goringbame,draenor,703,warrior,arms,20,8,12
Daxhter,sanguino,702,warrior,arms,20,8,12
Isoton,kazzak,702,warrior,arms,20,8,12
Рударим,gordunni,702,warrior,arms,20,8,12
Bulwork,blackhand,702,warrior,arms,22,8,14
Parabellum,dun-modr,701,warrior,arms,14,8,6
Maikeiru,kul-tiras,701,warrior,arms,22,8,14
Stratic,blackmoore,697,warrior,arms,26,8,18
Melców,eredar,687,warrior,arms,11,8,3
Punishers,ysondre,687,warrior,arms,368,148,220
Pemex,stormreaver,686,warrior,arms,13,8,5
Nukefun,blackrock,684,warrior,arms,16,8,8
Dattebane,silvermoon,680,warrior,arms,25,8,17
Xiennas,stormscale,679,warrior,arms,19,9,10
Thebigtosco,ravencrest,672,warrior,arms,12,7,5
Cleavnseagal,ravencrest,672,warrior,arms,12,7,5
Iamouz,ravencrest,672,warrior,arms,12,7,5
Zelii,ravencrest,672,warrior,arms,12,7,5
Morkzul,sanguino,672,warrior,arms,12,7,5
Хашонвар,gordunni,672,warrior,arms,12,7,5
Ðíñøðøng,ravencrest,672,warrior,arms,12,7,5
Кросвуд,gordunni,672,warrior,arms,12,7,5
Динамикс,soulflayer,672,warrior,arms,12,7,5
Bta,burning-legion,672,warrior,arms,12,7,5
Тактоядобрый,ashenvale,672,warrior,arms,12,7,5
Мелефесента,gordunni,672,warrior,arms,12,7,5
Trembolonio,sanguino,672,warrior,arms,12,7,5
Orelus,darkspear,672,warrior,arms,12,7,5
Sreym,dun-modr,672,warrior,arms,12,7,5
Chuck,ravencrest,672,warrior,arms,12,7,5
Zlotjko,ravencrest,672,warrior,arms,12,7,5
Thirad,shattered-hand,672,warrior,arms,12,7,5
Whitefirecba,dun-modr,672,warrior,arms,12,7,5
Cruor,stormscale,672,warrior,arms,12,7,5
Cleppepx,blackmoore,672,warrior,arms,12,7,5
Database,blackmoore,672,warrior,arms,12,7,5
Azarek,blackmoore,672,warrior,arms,12,7,5
Neismz,hyjal,672,warrior,arms,12,7,5
Utz,blackrock,672,warrior,arms,12,7,5
Рандомвар,howling-fjord,672,warrior,arms,12,7,5
Itsamewario,outland,672,warrior,arms,12,7,5
Engalxsol,tarren-mill,672,warrior,arms,12,7,5
Creekwarrior,twisting-nether,672,warrior,arms,12,7,5
Yoz,uldaman,672,warrior,arms,12,7,5
Slâkkxz,outland,672,warrior,arms,12,7,5
Bubawarrior,silvermoon,672,warrior,arms,12,7,5
Himarsenko,silvermoon,672,warrior,arms,12,7,5
Fearmyrage,ragnaros,672,warrior,arms,12,7,5
Choklatballz,tarren-mill,672,warrior,arms,12,7,5
Unverbal,silvermoon,672,warrior,arms,12,7,5
Shînsø,dalaran,672,warrior,arms,12,7,5
Hekkarí,kazzak,672,warrior,arms,12,7,5
Crøwñd,twisting-nether,672,warrior,arms,12,7,5
Nalanis,stormreaver,672,warrior,arms,12,7,5
Ragelol,aegwynn,672,warrior,arms,12,7,5
Cptnzugzug,blackmoore,672,warrior,arms,12,7,5
Masakerr,ragnaros,672,warrior,arms,12,7,5
Antïsøcial,thrall,672,warrior,arms,12,7,5
Mauser,thrall,672,warrior,arms,12,7,5
Tandrak,ravencrest,672,warrior,arms,12,7,5
Ryse,nemesis,672,warrior,arms,12,7,5
Джераса,borean-tundra,672,warrior,arms,12,7,5
Blinkcharge,frostmane,672,warrior,arms,12,7,5
Chabonara,blackmoore,672,warrior,arms,12,7,5
Smasherx,draenor,672,warrior,arms,12,7,5
Jäky,ragnaros,672,warrior,arms,12,7,5
Pìngu,defias-brotherhood,672,warrior,arms,12,7,5
Djchmogodx,kazzak,672,warrior,arms,12,7,5
Lisera,thrall,672,warrior,arms,12,7,5
Chazbo,arakarahm,672,warrior,arms,12,7,5
Yazgah,blackmoore,672,warrior,arms,16,8,8
Sgbutcher,khaz-modan,672,warrior,arms,18,7,11
Skullsmasher,stormscale,672,warrior,arms,18,7,11
Warbender,twisting-nether,672,warrior,arms,18,7,11
Silencxý,blackrock,672,warrior,arms,18,7,11
Manký,kazzak,672,warrior,arms,18,7,11
Wallenschöld,kazzak,672,warrior,arms,18,7,11
Contdem,kazzak,672,warrior,arms,18,7,11
Lalilulelo,argent-dawn,672,warrior,arms,18,7,11
Resttanis,arathor,672,warrior,arms,18,7,11
Avelint,burning-blade,672,warrior,arms,18,7,11
Darkwaar,hyjal,672,warrior,arms,18,7,11
Danaüs,twisting-nether,672,warrior,arms,18,7,11
Huxies,draenor,672,warrior,arms,18,7,11
Kiha,argent-dawn,672,warrior,arms,18,7,11
Ishi,archimonde,672,warrior,arms,18,7,11
Swaf,ravencrest,672,warrior,arms,18,7,11
Delfrion,pozzo-delleternità,672,warrior,arms,18,7,11
Xladérz,ravencrest,672,warrior,arms,18,7,11
Qwaggie,draenor,672,warrior,arms,18,7,11
Warrieron,stormscale,672,warrior,arms,18,7,11
Kamapulya,ravencrest,672,warrior,arms,18,7,11
Pioneer,blackhand,672,warrior,arms,18,7,11
Kåïdø,ravencrest,672,warrior,arms,18,7,11
Goinhamx,blackhand,672,warrior,arms,18,7,11
Лайонхартед,soulflayer,672,warrior,arms,18,7,11
Twoonewin,ragnaros,672,warrior,arms,18,7,11
Sóuler,blackhand,672,warrior,arms,18,7,11
Unßörn,archimonde,672,warrior,arms,24,7,17
Vøidwalker,ragnaros,672,warrior,arms,24,7,17
Fullepixx,outland,672,warrior,arms,24,7,17
Syfér,grim-batol,672,warrior,arms,24,7,17
Jigs,twisting-nether,672,warrior,arms,24,7,17
Gôrilla,kazzak,672,warrior,arms,30,7,23
Grudu,la-croisade-écarlate,671,warrior,arms,12,7,5
Valí,drakthul,671,warrior,arms,12,7,5
Aëne,kirin-tor,671,warrior,arms,12,7,5
Schawar,draenor,671,warrior,arms,12,7,5
Когарт,gordunni,671,warrior,arms,12,7,5
Exether,auchindoun,671,warrior,arms,12,7,5
Wårlord,ragnaros,671,warrior,arms,12,7,5
Bulletpants,argent-dawn,671,warrior,arms,12,7,5
Dukhe,sanguino,671,warrior,arms,12,7,5
Icyelk,silvermoon,671,warrior,arms,12,7,5
Morningstarr,malganis,671,warrior,arms,12,7,5
Vez,arathor,671,warrior,arms,12,7,5
Bendeur,ysondre,671,warrior,arms,12,7,5
Svobodabigz,draenor,671,warrior,arms,12,7,5
Escà,archimonde,671,warrior,arms,12,7,5
Greifax,eredar,671,warrior,arms,12,7,5
Dosenbier,gorgonnash,671,warrior,arms,12,7,5
Stèalthy,stormscale,671,warrior,arms,12,7,5
Zywarrior,silvermoon,671,warrior,arms,12,7,5
Hades,kazzak,671,warrior,arms,12,7,5
Tatabaf,ysondre,671,warrior,arms,12,7,5
Вбубенбахен,gordunni,671,warrior,arms,12,7,5
Критико,lich-king,671,warrior,arms,12,7,5
Remylacroix,blackrock,671,warrior,arms,12,7,5
Sakidx,dun-modr,671,warrior,arms,12,7,5
Reykingar,outland,671,warrior,arms,12,7,5
Gamôrà,eitrigg,671,warrior,arms,12,7,5
Сайлентлайтх,soulflayer,671,warrior,arms,12,7,5
Pihvikostaja,stormreaver,671,warrior,arms,12,7,5
Schneklinge,blutkessel,671,warrior,arms,12,7,5
Дисфория,soulflayer,671,warrior,arms,15,8,7
Akorax,frostwolf,671,warrior,arms,16,8,8
Loreven,silvermoon,671,warrior,arms,18,7,11
Кингкраш,gordunni,671,warrior,arms,18,7,11
Jeyay,defias-brotherhood,671,warrior,arms,18,7,11
Ayawa,silvermoon,671,warrior,arms,18,7,11
Darriuso,kazzak,671,warrior,arms,18,7,11
Donczaszka,turalyon,671,warrior,arms,18,7,11
Dreschus,blackrock,671,warrior,arms,18,7,11
Аранья,howling-fjord,671,warrior,arms,18,7,11
Acudam,stormscale,671,warrior,arms,18,7,11
Peppica,draenor,671,warrior,arms,18,7,11
ßrink,ysondre,671,warrior,arms,18,7,11
Frimpongz,arathor,671,warrior,arms,18,7,11
Meganna,ravenholdt,671,warrior,arms,18,7,11
Porkchop,tarren-mill,671,warrior,arms,18,7,11
Qurujaa,kirin-tor,671,warrior,arms,18,7,11
Kishkamen,ravencrest,671,warrior,arms,18,7,11
Salsetti,nemesis,671,warrior,arms,18,7,11
Kattyparry,tarren-mill,671,warrior,arms,18,7,11
Hanvik,zuljin,671,warrior,arms,18,7,11
Eyolf,thunderhorn,671,warrior,arms,18,7,11
Intíkam,alleria,671,warrior,arms,18,7,11
Sydre,nerathor,671,warrior,arms,18,7,11
Segovaxx,twisting-nether,671,warrior,arms,18,7,11
Плечастый,blackscar,671,warrior,arms,18,7,11
Haris,malganis,671,warrior,arms,18,7,11
Kastraveci,outland,671,warrior,arms,18,7,11
Khara,frostwolf,671,warrior,arms,18,7,11
Futtekriger,ravencrest,671,warrior,arms,21,8,13
Rïven,los-errantes,671,warrior,arms,24,7,17
Aeons,darksorrow,671,warrior,arms,24,7,17
Jerololz,dun-modr,671,warrior,arms,24,7,17
Sadex,blackmoore,671,warrior,arms,24,7,17
Сышиш,greymane,671,warrior,arms,24,7,17
Fracto,draenor,671,warrior,arms,24,7,17
Waelkøh,hyjal,670,warrior,arms,13,8,5
Haymaker,auchindoun,670,warrior,arms,12,7,5
Xzaman,blackrock,670,warrior,arms,12,7,5
Lightit,aegwynn,670,warrior,arms,12,7,5
Grunwi,burning-legion,670,warrior,arms,12,7,5
Eldfast,bladefist,670,warrior,arms,12,7,5
Cortix,blackmoore,670,warrior,arms,16,8,8
Sibbo,destromath,670,warrior,arms,18,7,11
Dâmso,archimonde,670,warrior,arms,18,7,11
Pattrock,blackmoore,670,warrior,arms,18,7,11
Tartadwarf,blackhand,670,warrior,arms,18,7,11
Therapyst,sylvanas,670,warrior,arms,18,7,11
Adyx,the-maelstrom,670,warrior,arms,18,7,11
Grafted,argent-dawn,670,warrior,arms,18,7,11
Cesaro,blackhand,670,warrior,arms,18,7,11
Raminax,turalyon,670,warrior,arms,24,7,17
Чсвпони,blackscar,670,warrior,arms,24,7,17
Гениауч,eversong,670,warrior,arms,30,7,23
Meywara,blackhand,669,warrior,arms,12,7,5
Laude,ragnaros,669,warrior,arms,12,7,5
Rivelan,argent-dawn,669,warrior,arms,12,7,5
Slappie,kiljaeden,669,warrior,arms,18,7,11
Mistäke,les-sentinelles,669,warrior,arms,18,7,11
Index,tarren-mill,669,warrior,arms,18,7,11
Córswain,silvermoon,669,warrior,arms,18,7,11
Димаджер,razuvious,668,warrior,arms,12,7,5
Árkantos,ravencrest,668,warrior,arms,12,7,5
Méfiat,hyjal,668,warrior,arms,12,7,5
Kavorkxen,argent-dawn,668,warrior,arms,12,7,5
Demirkol,outland,668,warrior,arms,15,8,7
Yeijing,culte-de-la-rive-noire,668,warrior,arms,18,7,11
Releave,draenor,668,warrior,arms,18,7,11
Woukong,blackmoore,668,warrior,arms,18,7,11
Blockheed,arathor,668,warrior,arms,18,7,11
Piixxz,hyjal,667,warrior,arms,12,7,5
Axecuters,frostmane,667,warrior,arms,12,7,5
Ironstep,silvermoon,667,warrior,arms,12,7,5
Papati,twisting-nether,667,warrior,arms,18,7,11
Bulldozer,frostmourne,667,warrior,arms,30,7,23
Furiax,dalaran,666,warrior,arms,12,7,5
Iperiom,dun-modr,666,warrior,arms,18,7,11
Nejd,alakir,666,warrior,arms,18,7,11
Nodance,doomhammer,665,warrior,arms,18,7,11
Erenowski,twisting-nether,663,warrior,arms,18,9,9
Rimz,blackmoore,663,warrior,arms,18,7,11
Buullz,twisting-nether,662,warrior,arms,18,7,11
Robthebruce,ravencrest,660,warrior,arms,18,7,11
Wärlør,ravencrest,657,warrior,arms,28,10,18
Paaki,archimonde,655,warrior,arms,23,7,16
Koboone,tarren-mill,654,warrior,arms,23,7,16
Mocka,veknilash,640,warrior,arms,16,7,9
Манарет,gordunni,638,warrior,arms,17,7,10
Pimagnum,stormscale,638,warrior,arms,17,7,10
Xiny,blackrock,638,warrior,arms,17,7,10
Rugal,dragonmaw,636,warrior,arms,17,7,10
Eltitoyayo,dun-modr,633,warrior,arms,17,7,10
Råín,stormscale,632,warrior,arms,17,7,10
Kakahuete,tarren-mill,624,warrior,arms,15,7,8
Bloodeater,sylvanas,623,warrior,arms,15,7,8
Grunkor,eldrethalas,623,warrior,arms,17,7,10
Vaxillium,argent-dawn,621,warrior,arms,17,7,10
Deadwily,twisting-nether,619,warrior,arms,20,8,12
Fookyoup,stormscale,618,warrior,arms,21,8,13
Ragingqawk,outland,608,warrior,arms,16,7,9
Exekz,hyjal,607,warrior,arms,14,7,7
Matatorero,uldum,607,warrior,arms,16,7,9
Kegslayer,darksorrow,605,warrior,arms,14,7,7
Pizdicä,twisting-nether,605,warrior,arms,18,8,10
Rhxy,burning-legion,605,warrior,arms,16,7,9
Olriksen,dentarg,590,warrior,arms,19,8,11
Hitzo,draenor,576,warrior,arms,6,6,0
Grrpow,sanguino,576,warrior,arms,6,6,0
Watergate,ysondre,576,warrior,arms,6,6,0
Antewarrior,kazzak,576,warrior,arms,6,6,0
Selký,outland,576,warrior,arms,6,6,0
Ragebrand,ravencrest,576,warrior,arms,6,6,0
Нерморрог,howling-fjord,576,warrior,arms,12,6,6
Cmonbrah,ravencrest,576,warrior,arms,12,6,6
Skullbash,outland,576,warrior,arms,12,6,6
Béhrus,blackmoore,576,warrior,arms,12,6,6
Freddio,tarren-mill,576,warrior,arms,12,6,6
Bindcry,ahnqiraj,576,warrior,arms,12,6,6
Mogguh,tarren-mill,576,warrior,arms,12,6,6
Nastywarrior,burning-legion,576,warrior,arms,12,6,6
Yuuta,ravencrest,576,warrior,arms,12,6,6
Sïmstärxzy,hakkar,576,warrior,arms,12,6,6
Огра,blackscar,576,warrior,arms,12,6,6
Xqt,laughing-skull,576,warrior,arms,12,6,6
Радомель,gordunni,576,warrior,arms,12,6,6
Ânhur,blackmoore,576,warrior,arms,12,6,6
Maheri,antonidas,576,warrior,arms,12,6,6
Solairexc,ravencrest,576,warrior,arms,12,6,6
Kirmizikafa,twisting-nether,576,warrior,arms,12,6,6
Teliese,argent-dawn,576,warrior,arms,12,6,6
Lucywar,ravencrest,576,warrior,arms,12,6,6
Bimoje,stormscale,576,warrior,arms,12,6,6
Тягуч,howling-fjord,576,warrior,arms,12,6,6
Lakri,chants-éternels,576,warrior,arms,12,6,6
Reshnak,die-todeskrallen,576,warrior,arms,12,6,6
Chargekanta,antonidas,576,warrior,arms,12,6,6
Mauricet,elune,576,warrior,arms,12,6,6
Tirex,stormscale,576,warrior,arms,12,6,6
Slám,burning-legion,576,warrior,arms,12,6,6
Warriur,outland,576,warrior,arms,12,6,6
Darkseid,burning-legion,576,warrior,arms,12,6,6
Сосопав,howling-fjord,576,warrior,arms,12,6,6
Shorane,varimathras,576,warrior,arms,12,6,6
Terisá,blackmoore,576,warrior,arms,12,6,6
Madswarr,tarren-mill,576,warrior,arms,12,6,6
Rianhh,tarren-mill,576,warrior,arms,12,6,6
Teysh,aggramar,576,warrior,arms,12,6,6
Rakhaldin,blackhand,576,warrior,arms,12,6,6
Zaddi,blackrock,576,warrior,arms,12,6,6
Extrémex,stormscale,576,warrior,arms,12,6,6
Сильваняшка,gordunni,576,warrior,arms,12,6,6
Brutarius,scarshield-legion,576,warrior,arms,12,6,6
Toscow,ravencrest,576,warrior,arms,12,6,6
Hycate,blackrock,576,warrior,arms,12,6,6
Víoceptíon,blackrock,576,warrior,arms,12,6,6
Motx,blackmoore,576,warrior,arms,12,6,6
Ветросвист,gordunni,576,warrior,arms,12,6,6
Brutalizar,draenor,576,warrior,arms,12,6,6
Brinkorf,silvermoon,576,warrior,arms,12,6,6
Psychðtïc,archimonde,576,warrior,arms,12,6,6
Whatabeast,blackmoore,576,warrior,arms,12,6,6
Profftols,draenor,576,warrior,arms,12,6,6
Krisusama,ravencrest,576,warrior,arms,12,6,6
Lacos,drakthul,576,warrior,arms,12,6,6
Begotten,stormscale,576,warrior,arms,12,6,6
Grímgor,aegwynn,576,warrior,arms,12,6,6
Galous,burning-blade,576,warrior,arms,12,6,6
Gromvar,draenor,576,warrior,arms,12,6,6
Fantorgass,drakthul,576,warrior,arms,12,6,6
Torgath,kirin-tor,576,warrior,arms,12,6,6
Долирия,gordunni,576,warrior,arms,12,6,6
Vakios,confrérie-du-thorium,576,warrior,arms,12,6,6
Ninurtawar,tarren-mill,576,warrior,arms,12,6,6
Leetzorz,aszune,576,warrior,arms,12,6,6
Hacci,ragnaros,576,warrior,arms,12,6,6
Nørst,draenor,576,warrior,arms,12,6,6
Jeqqu,bloodfeather,576,warrior,arms,12,6,6
Наомирассел,gordunni,576,warrior,arms,12,6,6
Kleckzz,blackmoore,576,warrior,arms,12,6,6
Atiradeon,kazzak,576,warrior,arms,12,6,6
Neverfear,aegwynn,576,warrior,arms,12,6,6
Zabrona,turalyon,576,warrior,arms,12,6,6
Fonky,sylvanas,576,warrior,arms,12,6,6
Nialihau,ysondre,576,warrior,arms,12,6,6
Urmankey,kazzak,576,warrior,arms,12,6,6
Coolaa,kazzak,576,warrior,arms,12,6,6
Devorta,ysondre,576,warrior,arms,12,6,6
Erawar,kirin-tor,576,warrior,arms,12,6,6
Thegullet,draenor,576,warrior,arms,12,6,6
Äsgeïr,archimonde,576,warrior,arms,12,6,6
Bourbimrgllr,hyjal,576,warrior,arms,12,6,6
Thebiggreen,twisting-nether,576,warrior,arms,12,6,6
Tùcky,ysondre,576,warrior,arms,12,6,6
Gärròsh,kazzak,576,warrior,arms,12,6,6
Waranach,drakthul,576,warrior,arms,12,6,6
Finmajor,frostwhisper,576,warrior,arms,12,6,6
Dajnatarcze,burning-legion,576,warrior,arms,12,6,6
Belov,hyjal,576,warrior,arms,12,6,6
Skelash,blackhand,576,warrior,arms,12,6,6
Kházad,proudmoore,576,warrior,arms,12,6,6
Fankululu,kragjin,576,warrior,arms,12,6,6
Дестингл,gordunni,576,warrior,arms,15,7,8
Bladestormxx,blackmoore,576,warrior,arms,18,6,12
Progresslol,tarren-mill,576,warrior,arms,18,6,12
Vulkân,aerie-peak,576,warrior,arms,18,6,12
Møgwai,sanguino,576,warrior,arms,18,6,12
Durändâl,archimonde,576,warrior,arms,18,6,12
Béarnais,khaz-modan,576,warrior,arms,18,6,12
Grâkul,twisting-nether,576,warrior,arms,18,6,12
Реклэсс,blackscar,576,warrior,arms,18,6,12
Kenet,tarren-mill,576,warrior,arms,18,6,12
Ój,ravencrest,576,warrior,arms,18,6,12
Debiljov,ahnqiraj,576,warrior,arms,18,6,12
Thuundeer,defias-brotherhood,576,warrior,arms,18,6,12
Noonoo,silvermoon,576,warrior,arms,18,6,12
Щекорез,soulflayer,576,warrior,arms,18,6,12
Chazeryu,stormreaver,576,warrior,arms,18,6,12
Ragoar,blackmoore,576,warrior,arms,18,6,12
Späns,ragnaros,576,warrior,arms,18,6,12
Повстер,howling-fjord,576,warrior,arms,18,6,12
Nharzvog,archimonde,576,warrior,arms,18,6,12
Gregórry,eredar,576,warrior,arms,18,6,12
Chadgarrosh,tarren-mill,576,warrior,arms,18,6,12
Maxisback,ysondre,576,warrior,arms,18,6,12
Durag,argent-dawn,576,warrior,arms,18,6,12
Старыйклоп,blackscar,576,warrior,arms,24,6,18
Khagor,kazzak,576,warrior,arms,24,6,18
Luckysop,chants-éternels,576,warrior,arms,24,6,18
Cødi,antonidas,576,warrior,arms,24,6,18
Ludiboro,kazzak,576,warrior,arms,30,6,24
Stalkom,elune,575,warrior,arms,6,6,0
Crocodìle,magtheridon,575,warrior,arms,6,6,0
Kelrior,dun-modr,575,warrior,arms,12,6,6
Pector,grim-batol,575,warrior,arms,12,6,6
Suicidia,outland,575,warrior,arms,12,6,6
Djpuggerino,outland,575,warrior,arms,12,6,6
Citrok,dun-modr,575,warrior,arms,12,6,6
Soofies,madmortem,575,warrior,arms,12,6,6
Brávéheart,ravencrest,575,warrior,arms,12,6,6
Fótm,sylvanas,575,warrior,arms,12,6,6
Bobleeragnar,ravencrest,575,warrior,arms,12,6,6
Thorast,argent-dawn,575,warrior,arms,12,6,6
Arminvilhelm,argent-dawn,575,warrior,arms,12,6,6
Thráll,aszune,575,warrior,arms,12,6,6
Бэдбрэйнс,soulflayer,575,warrior,arms,12,6,6
Scârath,eredar,575,warrior,arms,12,6,6
Imafk,darksorrow,575,warrior,arms,12,6,6
Saevitius,aegwynn,575,warrior,arms,12,6,6
Phoboss,bloodhoof,575,warrior,arms,12,6,6
Dexter,outland,575,warrior,arms,12,6,6
Sazø,culte-de-la-rive-noire,575,warrior,arms,12,6,6
Тханирох,howling-fjord,575,warrior,arms,12,6,6
Waron,dalaran,575,warrior,arms,12,6,6
Uwazu,kazzak,575,warrior,arms,12,6,6
Акози,fordragon,575,warrior,arms,12,6,6
Rawi,antonidas,575,warrior,arms,12,6,6
Lunath,stormscale,575,warrior,arms,12,6,6
Мошер,fordragon,575,warrior,arms,12,6,6
Ràgnàmetàl,tarren-mill,575,warrior,arms,12,6,6
Ghostlord,dunemaul,575,warrior,arms,12,6,6
Bzezita,hyjal,575,warrior,arms,12,6,6
Chakota,runetotem,575,warrior,arms,15,6,9
Furymeep,outland,575,warrior,arms,18,6,12
Ysmay,dun-morogh,575,warrior,arms,18,6,12
Rubyodin,tarren-mill,575,warrior,arms,18,6,12
Acour,elune,575,warrior,arms,18,6,12
Letha,twisting-nether,575,warrior,arms,18,6,12
Rezail,silvermoon,575,warrior,arms,18,6,12
Rearar,burning-legion,575,warrior,arms,18,6,12
Critycall,drakthul,575,warrior,arms,18,6,12
Rngcarrier,sylvanas,575,warrior,arms,18,6,12
Легионарус,gordunni,575,warrior,arms,18,6,12
Unga,zuljin,575,warrior,arms,18,6,12
Potatoslam,twisting-nether,575,warrior,arms,18,6,12
Awares,blackmoore,575,warrior,arms,18,6,12
Skulltakerx,draenor,575,warrior,arms,18,6,12
Haldrium,malganis,575,warrior,arms,18,6,12
Çbr,silvermoon,575,warrior,arms,24,6,18
Mentalysane,outland,575,warrior,arms,24,6,18
Pnizsz,draenor,575,warrior,arms,24,6,18
Эвоэ,soulflayer,575,warrior,arms,30,6,24
Greensmash,hyjal,574,warrior,arms,12,6,6
Rézinplin,archimonde,574,warrior,arms,12,6,6
Nostrawolf,sylvanas,574,warrior,arms,12,6,6
Maxeyn,kazzak,574,warrior,arms,27,7,20
Sztixi,silvermoon,574,warrior,arms,24,6,18
Prôtectore,hyjal,573,warrior,arms,12,6,6
Sallcon,khaz-modan,573,warrior,arms,13,6,7
Eriqua,archimonde,573,warrior,arms,20,6,14
Bisøu,marécage-de-zangar,573,warrior,arms,24,6,18
Phosphonian,outland,573,warrior,arms,24,6,18
Oombac,lordaeron,572,warrior,arms,12,6,6
Årxex,stormscale,572,warrior,arms,12,6,6
Jôst,rexxar,572,warrior,arms,12,6,6
Raduriel,antonidas,571,warrior,arms,12,6,6
Laeràzh,archimonde,571,warrior,arms,12,6,6
Silkismooth,twisting-nether,571,warrior,arms,12,6,6
Xavs,grim-batol,571,warrior,arms,18,6,12
Mìlo,ravencrest,571,warrior,arms,18,6,12
Явперед,soulflayer,570,warrior,arms,18,6,12
Aethwa,stormscale,568,warrior,arms,12,6,6
Gauklerbaron,blackmoore,566,warrior,arms,29,6,23
Wïnqlùlz,archimonde,564,warrior,arms,36,6,30
Mótleycrüe,sanguino,559,warrior,arms,12,7,5
Rãgè,tarren-mill,559,warrior,arms,17,6,11
Krasark,blackmoore,544,warrior,arms,16,6,10
Pillu,stormscale,544,warrior,arms,16,6,10
Wahney,thrall,543,warrior,arms,8,7,1
Krøn,stormscale,543,warrior,arms,10,7,3
Omaahton,magtheridon,543,warrior,arms,11,6,5
Соплезоид,howling-fjord,543,warrior,arms,14,7,7
Чикенсы,gordunni,543,warrior,arms,16,6,10
Deci,bronzebeard,543,warrior,arms,16,6,10
Krevó,ragnaros,543,warrior,arms,17,6,11
Cowon,stormscale,539,warrior,arms,14,7,7
Kåñéthy,outland,528,warrior,arms,15,7,8
Imabeatyoass,kazzak,527,warrior,arms,11,6,5
Манндалорец,gordunni,527,warrior,arms,15,6,9
Rexü,dun-modr,527,warrior,arms,17,6,11
Furygoat,draenor,526,warrior,arms,11,6,5
Darkbrutal,archimonde,526,warrior,arms,17,6,11
Ressolwen,silvermoon,522,warrior,arms,23,7,16
Nuckii,antonidas,521,warrior,arms,21,7,14
Thorzaram,argent-dawn,521,warrior,arms,26,7,19
Креспекс,gordunni,512,warrior,arms,16,6,10
Scarlettjo,outland,512,warrior,arms,22,6,16
Dzamtule,ravencrest,511,warrior,arms,8,6,2
Гвиневич,blackscar,511,warrior,arms,11,6,5
Warbek,tarren-mill,511,warrior,arms,14,6,8
Crippaooga,tarren-mill,511,warrior,arms,17,7,10
Sorô,antonidas,511,warrior,arms,16,6,10
Мембершримп,howling-fjord,511,warrior,arms,20,6,14
Kimmwar,tarren-mill,510,warrior,arms,16,6,10
Myryna,exodar,510,warrior,arms,20,6,14
Exitod,thrall,505,warrior,arms,25,6,19
Lovehope,stormscale,496,warrior,arms,13,6,7
Sacros,frostwhisper,496,warrior,arms,13,6,7
Marax,spinebreaker,496,warrior,arms,31,6,25
Tørøg,eredar,480,warrior,arms,6,5,1
Dunderzug,silvermoon,480,warrior,arms,6,5,1
Murp,lightnings-blade,480,warrior,arms,6,5,1
Quateh,silvermoon,480,warrior,arms,6,5,1
Dynther,nemesis,480,warrior,arms,6,5,1
Mumbojumbo,uldum,480,warrior,arms,6,5,1
Synix,stormreaver,480,warrior,arms,6,5,1
Lurion,malganis,480,warrior,arms,6,5,1
Fvkundercutt,xavius,480,warrior,arms,6,5,1
Hópbóp,magtheridon,480,warrior,arms,6,5,1
Bashuk,grim-batol,480,warrior,arms,6,5,1
Tekmali,archimonde,480,warrior,arms,6,5,1
Хэрест,gordunni,480,warrior,arms,6,5,1
Revoidnvm,blackmoore,480,warrior,arms,6,5,1
Hubq,burning-legion,480,warrior,arms,6,5,1
Sémø,thrall,480,warrior,arms,6,5,1
Karmaloop,stormscale,480,warrior,arms,6,5,1
Drragosh,tarren-mill,480,warrior,arms,6,5,1
Гневныйвиги,howling-fjord,480,warrior,arms,6,5,1
Rockygifll,sinstralis,480,warrior,arms,6,5,1
Serbia,blackrock,480,warrior,arms,6,5,1
Konnith,outland,480,warrior,arms,6,5,1
Tørrminator,stormscale,480,warrior,arms,6,5,1
Papawaffle,stormscale,480,warrior,arms,6,5,1
Slg,tarren-mill,480,warrior,arms,6,5,1
Angrytoddler,silvermoon,480,warrior,arms,6,5,1
Äkzequte,blackhand,480,warrior,arms,8,5,3
Tishues,kazzak,480,warrior,arms,8,5,3
Thismetasuck,ravencrest,480,warrior,arms,12,5,7
Brasta,malganis,480,warrior,arms,12,5,7
Tryitmaxx,blackmoore,480,warrior,arms,12,5,7
Ragingclue,draenor,480,warrior,arms,12,5,7
Сашарбгх,soulflayer,480,warrior,arms,12,5,7
Xintha,frostwolf,480,warrior,arms,12,5,7
Ansàvage,kazzak,480,warrior,arms,12,5,7
Реграм,eversong,480,warrior,arms,12,5,7
Thravaeg,draenor,480,warrior,arms,12,5,7
Nomore,sylvanas,480,warrior,arms,12,5,7
Sanykwarrior,ragnaros,480,warrior,arms,12,5,7
Dampbob,draenor,480,warrior,arms,12,5,7
Topur,defias-brotherhood,480,warrior,arms,12,5,7
Jamyty,burning-legion,480,warrior,arms,12,5,7
Bradders,tarren-mill,480,warrior,arms,12,5,7
Шифик,soulflayer,480,warrior,arms,12,5,7
Taei,argent-dawn,480,warrior,arms,12,5,7
Zirriox,wildhammer,480,warrior,arms,12,5,7
Ernexpóc,silvermoon,480,warrior,arms,12,5,7
Oogaboogadps,silvermoon,480,warrior,arms,12,5,7
Petesnot,outland,480,warrior,arms,12,5,7
Ratko,auchindoun,480,warrior,arms,12,5,7
Thirtynine,daggerspine,480,warrior,arms,12,5,7
Zuroq,antonidas,480,warrior,arms,12,5,7
Wardoz,archimonde,480,warrior,arms,12,5,7
Adamastos,ragnaros,480,warrior,arms,12,5,7
Анжинерх,gordunni,480,warrior,arms,12,5,7
Arakhu,blackmoore,480,warrior,arms,12,5,7
Hodenhugo,thrall,480,warrior,arms,12,5,7
Icharge,dunemaul,480,warrior,arms,12,5,7
Grundbulten,tarren-mill,480,warrior,arms,12,5,7
Kramix,thrall,480,warrior,arms,12,5,7
Lazypeon,burning-legion,480,warrior,arms,12,5,7
Matiasek,burning-legion,480,warrior,arms,12,5,7
Oplix,antonidas,480,warrior,arms,12,5,7
Baryna,sanguino,480,warrior,arms,12,5,7
Mokrakh,blackmoore,480,warrior,arms,12,5,7
Soukha,archimonde,480,warrior,arms,12,5,7
Steelstormz,ravencrest,480,warrior,arms,12,5,7
Agres,zuluhed,480,warrior,arms,12,5,7
Garrol,burning-legion,480,warrior,arms,12,5,7
Touthi,archimonde,480,warrior,arms,12,5,7
Mønsterz,archimonde,480,warrior,arms,12,5,7
Footsies,ragnaros,480,warrior,arms,12,5,7
Рыгатрон,galakrond,480,warrior,arms,12,5,7
Soe,defias-brotherhood,480,warrior,arms,12,5,7
Garradoom,stormscale,480,warrior,arms,12,5,7
Yìnkxx,blackmoore,480,warrior,arms,12,5,7
Ràgê,silvermoon,480,warrior,arms,12,5,7
Gorkta,uldaman,480,warrior,arms,12,5,7
Plzdontkite,blackrock,480,warrior,arms,12,5,7
Рэйердан,howling-fjord,480,warrior,arms,12,5,7
Onizukarms,hyjal,480,warrior,arms,12,5,7
Кэмптон,soulflayer,480,warrior,arms,12,5,7
Бейлеор,gordunni,480,warrior,arms,12,5,7
Bullac,blackmoore,480,warrior,arms,12,5,7
Borsha,dalaran,480,warrior,arms,12,5,7
Drumsofwar,zuljin,480,warrior,arms,12,5,7
Gigantous,emerald-dream,480,warrior,arms,12,5,7
Warricious,outland,480,warrior,arms,12,5,7
Kiukkuné,argent-dawn,480,warrior,arms,12,5,7
Abunai,thrall,480,warrior,arms,12,5,7
Grimmvard,blackhand,480,warrior,arms,12,5,7
Оркы,soulflayer,480,warrior,arms,12,5,7
Zarrgash,blackhand,480,warrior,arms,12,5,7
Cuzyxtwo,blackrock,480,warrior,arms,12,5,7
Taskov,tarren-mill,480,warrior,arms,12,5,7
Lockia,chogall,480,warrior,arms,12,5,7
Niffen,stormscale,480,warrior,arms,12,5,7
Eyenur,drakthul,480,warrior,arms,12,5,7
Skya,burning-blade,480,warrior,arms,12,5,7
Gylfanders,the-maelstrom,480,warrior,arms,12,5,7
Deathbleeder,argent-dawn,480,warrior,arms,12,5,7
Holloo,destromath,480,warrior,arms,12,5,7
Steelian,kazzak,480,warrior,arms,12,5,7
Snörlax,the-maelstrom,480,warrior,arms,12,5,7
Lïyah,eldrethalas,480,warrior,arms,12,5,7
Warstickz,kazzak,480,warrior,arms,12,5,7
Scheroh,aegwynn,480,warrior,arms,12,5,7
Rohäc,drakthul,480,warrior,arms,12,5,7
Sidekick,earthen-ring,480,warrior,arms,12,5,7
Irastah,frostmane,480,warrior,arms,12,5,7
Gothgirlgg,argent-dawn,480,warrior,arms,12,5,7
Síúkanto,blackrock,480,warrior,arms,12,5,7
Leelazero,argent-dawn,480,warrior,arms,12,5,7
Ffz,hyjal,480,warrior,arms,12,5,7
Karkool,the-maelstrom,480,warrior,arms,12,5,7
Lüund,ravencrest,480,warrior,arms,12,5,7
Humanoç,dun-modr,480,warrior,arms,12,5,7
Arachnoyd,drakthul,480,warrior,arms,12,5,7
Nanathiel,laughing-skull,480,warrior,arms,12,5,7
Орвинг,soulflayer,480,warrior,arms,12,5,7
Bosancheros,the-maelstrom,480,warrior,arms,12,5,7
Victôr,silvermoon,480,warrior,arms,12,5,7
Keäghan,kazzak,480,warrior,arms,12,5,7
Ðant,kazzak,480,warrior,arms,12,5,7
Tyrag,eredar,480,warrior,arms,12,5,7
Тэратос,soulflayer,480,warrior,arms,12,5,7
Kaarvx,ysondre,480,warrior,arms,12,5,7
Asintended,draenor,480,warrior,arms,12,5,7
Budwise,stormscale,480,warrior,arms,12,5,7
Eifachöppis,blackhand,480,warrior,arms,12,5,7
Nazrolä,hyjal,480,warrior,arms,12,5,7
Whysobold,quelthalas,480,warrior,arms,12,5,7
Tharokk,blackmoore,480,warrior,arms,12,5,7
Slayermaxx,kazzak,480,warrior,arms,12,5,7
Pouckette,hyjal,480,warrior,arms,12,5,7
Jurge,twisting-nether,480,warrior,arms,12,5,7
Marleycx,azshara,480,warrior,arms,12,5,7
Baxyra,aegwynn,480,warrior,arms,12,5,7
Vitezandro,stormscale,480,warrior,arms,12,5,7
Zonïa,ysondre,480,warrior,arms,12,5,7
Nekwar,ravencrest,480,warrior,arms,15,6,9
Sillken,ravencrest,480,warrior,arms,13,5,8
Развалочка,howling-fjord,480,warrior,arms,16,6,10
Maowiecki,burning-legion,480,warrior,arms,18,5,13
Курящийпро,blackscar,480,warrior,arms,18,5,13
Roimyv,archimonde,480,warrior,arms,18,5,13
Stuffed,blackrock,480,warrior,arms,18,5,13
Solgud,bloodfeather,480,warrior,arms,18,5,13
Exhumator,blackhand,480,warrior,arms,18,5,13
Qdex,kazzak,480,warrior,arms,18,5,13
Toiscour,archimonde,480,warrior,arms,18,5,13
Masomlejnek,burning-blade,480,warrior,arms,18,5,13
Erosdulko,silvermoon,480,warrior,arms,18,5,13
Takagødx,archimonde,480,warrior,arms,18,5,13
Shredded,stormscale,480,warrior,arms,18,5,13
Auguston,argent-dawn,480,warrior,arms,18,5,13
Unhingéd,stormscale,480,warrior,arms,18,5,13
Лафтэйл,soulflayer,480,warrior,arms,18,5,13
Battusai,outland,480,warrior,arms,18,5,13
Sheñ,antonidas,480,warrior,arms,18,5,13
Lincwar,stormscale,480,warrior,arms,18,5,13
Kalhmeras,twisting-nether,480,warrior,arms,18,5,13
Sebotagelol,twisting-nether,480,warrior,arms,18,5,13
Vardias,pozzo-delleternità,480,warrior,arms,18,5,13
Kussetrold,outland,480,warrior,arms,18,5,13
Serratíon,tarren-mill,480,warrior,arms,18,5,13
Warriorussy,ravencrest,480,warrior,arms,19,5,14
Jorund,archimonde,480,warrior,arms,24,5,19
Zhodd,zuljin,480,warrior,arms,24,5,19
Gnolimits,antonidas,480,warrior,arms,24,5,19
Масульмэн,howling-fjord,480,warrior,arms,24,5,19
Vhy,antonidas,480,warrior,arms,25,5,20
Xtu,kazzak,479,warrior,arms,6,5,1
Saey,malorne,479,warrior,arms,6,5,1
Quento,anubarak,479,warrior,arms,6,5,1
Anubisra,alakir,479,warrior,arms,9,6,3
Dragonforce,blackmoore,479,warrior,arms,12,5,7
Górgutz,defias-brotherhood,479,warrior,arms,12,5,7
Dúg,tarren-mill,479,warrior,arms,12,5,7
Maxilanthis,eonar,479,warrior,arms,12,5,7
Einhérjer,thrall,479,warrior,arms,12,5,7
Grèèn,turalyon,479,warrior,arms,12,5,7
Fréyaá,blackrock,479,warrior,arms,12,5,7
Relüx,ragnaros,479,warrior,arms,12,5,7
Firethunder,burning-legion,479,warrior,arms,12,5,7
Ghorgutz,kazzak,479,warrior,arms,12,5,7
Voodoowarr,rexxar,479,warrior,arms,12,5,7
Svinks,sylvanas,479,warrior,arms,12,5,7
Tötø,archimonde,479,warrior,arms,12,5,7
Latta,blackmoore,479,warrior,arms,12,5,7
Swtparanoid,sylvanas,479,warrior,arms,12,5,7
Kakero,bronzebeard,479,warrior,arms,12,5,7
Meresin,madmortem,479,warrior,arms,12,5,7
Спарттанка,gordunni,479,warrior,arms,12,5,7
Пушкабамби,soulflayer,479,warrior,arms,21,6,15
Habaneroo,zuljin,479,warrior,arms,18,5,13
Auggies,outland,479,warrior,arms,18,5,13
Tf,kazzak,479,warrior,arms,18,5,13
Kenpachis,magtheridon,479,warrior,arms,18,5,13
Ghaze,blackhand,479,warrior,arms,18,5,13
Hepos,quelthalas,479,warrior,arms,18,5,13
Модныйклык,eversong,479,warrior,arms,18,5,13
Ravedeath,tarren-mill,479,warrior,arms,18,5,13
Tafala,blackmoore,478,warrior,arms,6,5,1
Nightmareb,magtheridon,478,warrior,arms,12,5,7
Ghorinchai,khazgoroth,478,warrior,arms,12,5,7
Farxy,dun-modr,478,warrior,arms,12,5,7
Poronga,sanguino,478,warrior,arms,18,5,13
Swordluw,argent-dawn,478,warrior,arms,18,5,13
Sahaminho,draenor,478,warrior,arms,18,5,13
Нириэла,howling-fjord,478,warrior,arms,18,5,13
Evorian,conseil-des-ombres,478,warrior,arms,24,5,19
Nierninwa,silvermoon,477,warrior,arms,12,5,7
Лидоний,gordunni,477,warrior,arms,12,5,7
Olagkhan,minahonda,476,warrior,arms,10,6,4
Sheriff,dragonblight,475,warrior,arms,12,5,7
Awárøn,aegwynn,473,warrior,arms,12,5,7
Rutenos,drakthul,473,warrior,arms,12,5,7
Arnorlld,antonidas,471,warrior,arms,12,5,7
Bismárck,nathrezim,457,warrior,arms,17,7,10
Duarel,blackmoore,448,warrior,arms,10,5,5
Zugzuhg,draenor,447,warrior,arms,8,6,2
Takethisduck,stormscale,447,warrior,arms,11,5,6
Kviqr,auchindoun,447,warrior,arms,11,5,6
Чпонькмашина,soulflayer,447,warrior,arms,17,5,12
Armsstrong,blackhand,447,warrior,arms,17,5,12
Onizukawar,archimonde,447,warrior,arms,17,5,12
Kôtarô,blackmoore,447,warrior,arms,17,5,12
Kitano,garona,447,warrior,arms,23,5,18
Pétin,kaelthas,446,warrior,arms,17,5,12
Orkyu,stormrage,444,warrior,arms,11,5,6
Инфлэймх,gordunni,431,warrior,arms,11,5,6
Turdgurgler,executus,431,warrior,arms,11,5,6
Ziñs,silvermoon,431,warrior,arms,16,6,10
Toqk,draenor,426,warrior,arms,13,6,7
Vãnquish,archimonde,426,warrior,arms,14,6,8
Warriar,sylvanas,426,warrior,arms,17,7,10
Leizey,stormscale,426,warrior,arms,15,6,9
Goreksson,aegwynn,426,warrior,arms,15,6,9
Myshu,ravencrest,426,warrior,arms,20,6,14
Knî,archimonde,426,warrior,arms,21,6,15
Prime,outland,416,warrior,arms,16,5,11
Zaccollini,burning-legion,415,warrior,arms,8,5,3
Kìrìtosan,pozzo-delleternità,415,warrior,arms,8,5,3
Kylian,aegwynn,415,warrior,arms,11,5,6
Suduri,drakthul,415,warrior,arms,14,5,9
Danx,culte-de-la-rive-noire,413,warrior,arms,16,5,11
Varkoz,sylvanas,400,warrior,arms,7,5,2
Casstageul,archimonde,400,warrior,arms,7,5,2
Justah,silvermoon,400,warrior,arms,13,5,8
Жекабустер,borean-tundra,399,warrior,arms,7,5,2
Dräparren,ragnaros,384,warrior,arms,6,4,2
Bámf,outland,384,warrior,arms,6,4,2
Aliyáhh,blackrock,384,warrior,arms,6,4,2
Tcrunch,dun-modr,384,warrior,arms,6,4,2
Slante,darksorrow,384,warrior,arms,6,4,2
Dregodym,frostwolf,384,warrior,arms,6,4,2
Swig,twisting-nether,384,warrior,arms,6,4,2
Voi,jaedenar,384,warrior,arms,6,4,2
Rastaj,defias-brotherhood,384,warrior,arms,6,4,2
Kalym,malygos,384,warrior,arms,6,4,2
Zuit,blackmoore,384,warrior,arms,6,4,2
Lvpodvcio,nemesis,384,warrior,arms,6,4,2
Schidøri,blackmoore,384,warrior,arms,6,4,2
Dragoncry,rexxar,384,warrior,arms,6,4,2
Unchåined,burning-legion,384,warrior,arms,6,4,2
Panexecute,ragnaros,384,warrior,arms,6,4,2
Ironrage,frostmane,384,warrior,arms,6,4,2
Dallion,azjolnerub,384,warrior,arms,6,4,2
Mayback,pozzo-delleternità,384,warrior,arms,6,4,2
Abrogatio,emeriss,384,warrior,arms,6,4,2
Bloodstinger,blackrock,384,warrior,arms,6,4,2
Fitzgibbons,ravencrest,384,warrior,arms,6,4,2
Rimvar,alleria,384,warrior,arms,6,4,2
Gorekk,nemesis,384,warrior,arms,6,4,2
Shadowcacau,aggra-português,384,warrior,arms,6,4,2
Rëvenge,burning-legion,384,warrior,arms,6,4,2
Måydåy,twisting-nether,384,warrior,arms,6,4,2
Гигасмэш,gordunni,384,warrior,arms,6,4,2
Cáráxés,ravencrest,384,warrior,arms,6,4,2
Iamfast,blackmoore,384,warrior,arms,6,4,2
Swaàg,archimonde,384,warrior,arms,6,4,2
Cyférüs,tarren-mill,384,warrior,arms,6,4,2
Agrias,burning-legion,384,warrior,arms,6,4,2
Dzahboss,archimonde,384,warrior,arms,6,4,2
Darkel,chogall,384,warrior,arms,6,4,2
Volfenstein,burning-legion,384,warrior,arms,6,4,2
Garad,frostmane,384,warrior,arms,6,4,2
Ivâar,archimonde,384,warrior,arms,6,4,2
Virgolibra,grim-batol,384,warrior,arms,6,4,2
Sweetberries,hyjal,384,warrior,arms,6,4,2
Warzër,archimonde,384,warrior,arms,6,4,2
Sucemabanner,hyjal,384,warrior,arms,6,4,2
Bixxi,eredar,384,warrior,arms,6,4,2
Sveafy,ravencrest,384,warrior,arms,6,4,2
Hellungo,hyjal,384,warrior,arms,6,4,2
Fehrax,eredar,384,warrior,arms,6,4,2
Elsiâs,aegwynn,384,warrior,arms,6,4,2
Eytra,ravencrest,384,warrior,arms,6,4,2
Тартолан,gordunni,384,warrior,arms,6,4,2
Thuder,sylvanas,384,warrior,arms,6,4,2
Valibunt,drakthul,384,warrior,arms,6,4,2
Pappyza,hyjal,384,warrior,arms,6,4,2
Квейкс,gordunni,384,warrior,arms,6,4,2
Haîltøkîng,alakir,384,warrior,arms,6,4,2
Eldrian,ragnaros,384,warrior,arms,6,4,2
Frayghast,ravencrest,384,warrior,arms,6,4,2
Vøs,hyjal,384,warrior,arms,6,4,2
Riash,hyjal,384,warrior,arms,6,4,2
Susugar,ysondre,384,warrior,arms,6,4,2
Közel,bladefist,384,warrior,arms,6,4,2
Роудс,soulflayer,384,warrior,arms,6,4,2
Octtwar,twisting-nether,384,warrior,arms,6,4,2
Kielon,kazzak,384,warrior,arms,6,4,2
Dschiraa,anetheron,384,warrior,arms,6,4,2
Фиббоначи,deathguard,384,warrior,arms,6,4,2
Zeó,silvermoon,384,warrior,arms,6,4,2
Jessepinkman,kirin-tor,384,warrior,arms,6,4,2
Fleshwerk,silvermoon,384,warrior,arms,6,4,2
Тандеракс,soulflayer,384,warrior,arms,6,4,2
Harrypotta,silvermoon,384,warrior,arms,6,4,2
Nøâh,kazzak,384,warrior,arms,6,4,2
Kwautkopf,blackhand,384,warrior,arms,6,4,2
Wïn,silvermoon,384,warrior,arms,6,4,2
Azazelslayer,dethecus,384,warrior,arms,6,4,2
Youstupide,drekthar,384,warrior,arms,6,4,2
Littlee,durotan,384,warrior,arms,6,4,2
Haikyuu,blackhand,384,warrior,arms,6,4,2
Thorbjør,silvermoon,384,warrior,arms,6,4,2
Slix,dun-modr,384,warrior,arms,6,4,2
Kevlarsusan,the-maelstrom,384,warrior,arms,6,4,2
Ddfxz,draenor,384,warrior,arms,6,4,2
Fîlzlaus,area-52,384,warrior,arms,6,4,2
Brittelin,tarren-mill,384,warrior,arms,6,4,2
Kisoshi,tarren-mill,384,warrior,arms,6,4,2
Luchanka,the-maelstrom,384,warrior,arms,6,4,2
Frenzerker,outland,384,warrior,arms,6,4,2
Forsi,draenor,384,warrior,arms,6,4,2
Alexandriana,veknilash,384,warrior,arms,6,4,2
Skahmet,dun-modr,384,warrior,arms,6,4,2
Alaerion,magtheridon,384,warrior,arms,6,4,2
Ottokerñ,kazzak,384,warrior,arms,6,4,2
Romoth,kazzak,384,warrior,arms,6,4,2
Highbuffalo,kazzak,384,warrior,arms,6,4,2
Beznacaj,outland,384,warrior,arms,6,4,2
Bìgre,la-croisade-écarlate,384,warrior,arms,6,4,2
Baluste,culte-de-la-rive-noire,384,warrior,arms,6,4,2
Балкарок,howling-fjord,384,warrior,arms,6,4,2
Chmg,kirin-tor,384,warrior,arms,6,4,2
Xtazen,draenor,384,warrior,arms,6,4,2
Sabijach,kazzak,384,warrior,arms,6,4,2
Tejkopejko,kazzak,384,warrior,arms,6,4,2
Rândy,confrérie-du-thorium,384,warrior,arms,9,5,4
Stiefbrudah,blackmoore,384,warrior,arms,9,5,4
Sinimfzugzug,eredar,384,warrior,arms,10,5,5
Merkakis,argent-dawn,384,warrior,arms,15,5,10
Rdeniro,blackmoore,384,warrior,arms,15,5,10
Анусбрейкер,soulflayer,384,warrior,arms,12,4,8
Luciferkhan,twisting-nether,384,warrior,arms,12,4,8
Trillebårtøm,outland,384,warrior,arms,12,4,8
Dataproffs,outland,384,warrior,arms,12,4,8
Арристокррат,soulflayer,384,warrior,arms,12,4,8
Skyrrskyr,blackrock,384,warrior,arms,12,4,8
Omnity,stormscale,384,warrior,arms,12,4,8
Sonyd,tarren-mill,384,warrior,arms,12,4,8
Starkz,hellscream,384,warrior,arms,12,4,8
Apemonkeydk,kazzak,384,warrior,arms,12,4,8
Gromock,the-maelstrom,384,warrior,arms,12,4,8
Deathrazór,stormscale,384,warrior,arms,12,4,8
Rfgpwhfgjawr,ravencrest,384,warrior,arms,12,4,8
Дахирарг,fordragon,384,warrior,arms,12,4,8
Слоз,gordunni,384,warrior,arms,12,4,8
Zeover,ragnaros,384,warrior,arms,12,4,8
Ouryuu,hyjal,384,warrior,arms,12,4,8
Xavari,twisting-nether,384,warrior,arms,12,4,8
Willadimore,ravencrest,384,warrior,arms,12,4,8
Connorzqt,ravencrest,384,warrior,arms,12,4,8
Stragga,eredar,384,warrior,arms,12,4,8
Димаказнь,gordunni,384,warrior,arms,12,4,8
Cjak,pozzo-delleternità,384,warrior,arms,12,4,8
Schultze,kazzak,384,warrior,arms,12,4,8
Sveñor,the-maelstrom,384,warrior,arms,12,4,8
Leaply,kazzak,384,warrior,arms,12,4,8
Nerfslam,stormscale,384,warrior,arms,12,4,8
Xállek,veknilash,384,warrior,arms,12,4,8
Wilko,twisting-nether,384,warrior,arms,12,4,8
Fanfurik,silvermoon,384,warrior,arms,12,4,8
Ketschup,frostwolf,384,warrior,arms,12,4,8
Cromash,die-nachtwache,384,warrior,arms,12,4,8
Azurnok,argent-dawn,384,warrior,arms,12,4,8
Booya,zirkel-des-cenarius,384,warrior,arms,12,4,8
Yxolike,blackmoore,384,warrior,arms,12,4,8
Mârcxb,antonidas,384,warrior,arms,12,4,8
Huihui,die-aldor,384,warrior,arms,12,4,8
Rimedalb,aegwynn,384,warrior,arms,12,4,8
Iiam,kilrogg,384,warrior,arms,12,4,8
Reaperet,rexxar,384,warrior,arms,12,4,8
Трапсир,gordunni,384,warrior,arms,12,4,8
Pushh,dun-modr,384,warrior,arms,12,4,8
Traziel,blackmoore,384,warrior,arms,12,4,8
Mickyrex,hyjal,384,warrior,arms,12,4,8
Arxnamus,silvermoon,384,warrior,arms,12,4,8
Mórghúlís,aegwynn,384,warrior,arms,12,4,8
Morshak,gorgonnash,384,warrior,arms,12,4,8
Waroworgen,terokkar,384,warrior,arms,12,4,8
Osteskanken,ravencrest,384,warrior,arms,12,4,8
Linberg,ysondre,384,warrior,arms,12,4,8
Raikin,aegwynn,384,warrior,arms,12,4,8
Арбелоа,gordunni,384,warrior,arms,12,4,8
Orciks,drakthul,384,warrior,arms,12,4,8
Schjøtt,ravencrest,384,warrior,arms,12,4,8
Neozz,ravencrest,384,warrior,arms,12,4,8
Cryos,destromath,384,warrior,arms,12,4,8
Kronner,blackmoore,384,warrior,arms,12,4,8
Péter,arathor,384,warrior,arms,12,4,8
Chrid,silvermoon,384,warrior,arms,12,4,8
Testortv,twisting-nether,384,warrior,arms,12,4,8
Ambraxon,blackmoore,384,warrior,arms,12,4,8
Axero,drakthul,384,warrior,arms,12,4,8
Blackzor,ragnaros,384,warrior,arms,12,4,8
Rkeköke,draenor,384,warrior,arms,12,4,8
Brokenrage,twisting-nether,384,warrior,arms,12,4,8
Invictàs,hyjal,384,warrior,arms,12,4,8
Adorlyna,silvermoon,384,warrior,arms,12,4,8
Ellissari,tirion,384,warrior,arms,12,4,8
Kgx,argent-dawn,384,warrior,arms,12,4,8
Borion,blackmoore,384,warrior,arms,12,4,8
Karadayii,blackmoore,384,warrior,arms,12,4,8
Sinkiss,archimonde,384,warrior,arms,12,4,8
Woghard,drakthul,384,warrior,arms,12,4,8
Raïgã,hyjal,384,warrior,arms,12,4,8
Uselessbrø,archimonde,384,warrior,arms,12,4,8
Chargezon,drakthul,384,warrior,arms,12,4,8
Веоленс,gordunni,384,warrior,arms,12,4,8
Gkhan,draenor,384,warrior,arms,12,4,8
Evermoon,sanguino,384,warrior,arms,12,4,8
Hiraclès,archimonde,384,warrior,arms,12,4,8
Spankprooff,kazzak,384,warrior,arms,12,4,8
Varix,burning-blade,384,warrior,arms,12,4,8
Tycho,exodar,384,warrior,arms,12,4,8
Oesche,frostmourne,384,warrior,arms,12,4,8
Brrochacho,defias-brotherhood,384,warrior,arms,12,4,8
Fzit,kazzak,384,warrior,arms,12,4,8
Flugan,vashj,384,warrior,arms,12,4,8
Chickengodx,archimonde,384,warrior,arms,12,4,8
Minetaur,burning-legion,384,warrior,arms,12,4,8
Warriortimi,blackhand,384,warrior,arms,12,4,8
Oglisten,archimonde,384,warrior,arms,12,4,8
Wildblow,ravencrest,384,warrior,arms,12,4,8
Ryuma,lordaeron,384,warrior,arms,12,4,8
Kasperw,kazzak,384,warrior,arms,12,4,8
Khvor,blackmoore,384,warrior,arms,12,4,8
Raynorwarr,tarren-mill,384,warrior,arms,12,4,8
Speiker,blackhand,384,warrior,arms,12,4,8
Jesuisgaydsl,archimonde,384,warrior,arms,12,4,8
Фаллопиев,borean-tundra,384,warrior,arms,12,4,8
Alphamem,sylvanas,384,warrior,arms,12,4,8
Ceojohnny,ravencrest,384,warrior,arms,12,4,8
Guarn,archimonde,384,warrior,arms,12,4,8
Craftorar,defias-brotherhood,384,warrior,arms,12,4,8
Tyzarwar,draenor,384,warrior,arms,12,4,8
Sovax,ravencrest,384,warrior,arms,12,4,8
Rastov,argent-dawn,384,warrior,arms,12,4,8
Poppeyex,silvermoon,384,warrior,arms,12,4,8
Ðræberen,kazzak,384,warrior,arms,12,4,8
Hubusan,blackmoore,384,warrior,arms,12,4,8
Eýoe,ragnaros,384,warrior,arms,12,4,8
Taukkì,kazzak,384,warrior,arms,12,4,8
Syel,sinstralis,384,warrior,arms,12,4,8
Phalek,ravencrest,384,warrior,arms,14,4,10
Kaij,draenor,384,warrior,arms,18,4,14
Ykabla,dun-modr,384,warrior,arms,18,4,14
Elbarbaguti,silvermoon,384,warrior,arms,18,4,14
Хохатунчик,gordunni,384,warrior,arms,18,4,14
Syruz,malganis,384,warrior,arms,18,4,14
Ganaroth,tarren-mill,384,warrior,arms,18,4,14
Solidier,archimonde,384,warrior,arms,18,4,14
Aegís,drakthul,384,warrior,arms,18,4,14
Pwndrizle,blackmoore,384,warrior,arms,18,4,14
Orcenjoyer,kazzak,384,warrior,arms,18,4,14
Metmaschine,antonidas,384,warrior,arms,18,4,14
Vanaxd,blackrock,384,warrior,arms,20,4,16
Wardropeeh,argent-dawn,384,warrior,arms,24,4,20
Angrytmyself,silvermoon,383,warrior,arms,6,4,2
Adelphi,blackrock,383,warrior,arms,6,4,2
Красаучик,razuvious,383,warrior,arms,6,4,2
Реф,gordunni,383,warrior,arms,6,4,2
Kãzzgot,burning-legion,383,warrior,arms,6,4,2
Халиоссф,gordunni,383,warrior,arms,9,5,4
Mashamasha,twisting-nether,383,warrior,arms,9,5,4
Meetto,argent-dawn,383,warrior,arms,12,4,8
Madbert,drakthul,383,warrior,arms,12,4,8
Sharrok,blackmoore,383,warrior,arms,12,4,8
Варзибейра,blackscar,383,warrior,arms,12,4,8
Dundee,sanguino,383,warrior,arms,12,4,8
Shimy,pozzo-delleternità,383,warrior,arms,12,4,8
Askaed,kirin-tor,383,warrior,arms,12,4,8
Квистин,soulflayer,383,warrior,arms,12,4,8
Wonne,silvermoon,383,warrior,arms,12,4,8
Themasterlen,nordrassil,383,warrior,arms,12,4,8
Mäyh,ragnaros,383,warrior,arms,12,4,8
Familyguy,sylvanas,383,warrior,arms,18,4,14
Khaczer,thunderhorn,383,warrior,arms,18,4,14
Xonnico,ravencrest,383,warrior,arms,18,4,14
Фикдиш,gordunni,383,warrior,arms,18,4,14
Moshmuffín,blackmoore,383,warrior,arms,24,4,20
Taráx,blackmoore,382,warrior,arms,6,4,2
Maxai,outland,382,warrior,arms,6,4,2
Fatbud,tarren-mill,382,warrior,arms,6,4,2
Guttormur,dragonblight,382,warrior,arms,15,5,10
Nuxx,tarren-mill,382,warrior,arms,12,4,8
Свитпуси,grom,382,warrior,arms,12,4,8
Epmeowpewpew,turalyon,382,warrior,arms,18,4,14
Kokonut,twisting-nether,379,warrior,arms,9,5,4
Асстероид,galakrond,379,warrior,arms,12,4,8
Аскольд,deathguard,379,warrior,arms,12,4,8
Perdition,ghostlands,376,warrior,arms,19,4,15
Fromagekipue,draenor,372,warrior,arms,21,7,14
Ðowzwar,ysondre,367,warrior,arms,11,4,7
Отсекатель,howling-fjord,367,warrior,arms,17,4,13
Свинореззка,howling-fjord,352,warrior,arms,10,4,6
Shînta,hyjal,351,warrior,arms,11,4,7
Upholder,xavius,351,warrior,arms,11,4,7
Mynoona,stormscale,351,warrior,arms,11,4,7
Caloucte,culte-de-la-rive-noire,351,warrior,arms,17,4,13
Номер,eversong,351,warrior,arms,22,4,18
Джокуджо,gordunni,336,warrior,arms,15,4,11
Amystad,ahnqiraj,336,warrior,arms,15,4,11
Kriegerlutz,blackmoore,335,warrior,arms,11,4,7
Lilsib,outland,330,warrior,arms,13,5,8
Zyou,stormscale,330,warrior,arms,23,7,16
Bêlier,hyjal,329,warrior,arms,16,6,10
Dracos,mannoroth,329,warrior,arms,24,5,19
Ðæðlý,ravencrest,320,warrior,arms,10,4,6
Scoto,silvermoon,320,warrior,arms,10,4,6
Dyingdog,kazzak,320,warrior,arms,10,4,6
Ðraço,kazzak,319,warrior,arms,8,4,4
Enîgma,sylvanas,319,warrior,arms,11,4,7
Savaski,thrall,304,warrior,arms,7,4,3
Ugrlak,drakthul,304,warrior,arms,13,4,9
Ranndall,blackrock,288,warrior,arms,6,3,3
Bulgan,thrall,288,warrior,arms,6,3,3
Люлябра,soulflayer,288,warrior,arms,6,3,3
Barbatos,saurfang,288,warrior,arms,6,3,3
ßløøððåñcé,ragnaros,288,warrior,arms,6,3,3
Tinydik,stormscale,288,warrior,arms,6,3,3
Armsdown,tarren-mill,288,warrior,arms,6,3,3
Nahkampfnoob,blackmoore,288,warrior,arms,6,3,3
Grandslám,blackrock,288,warrior,arms,6,3,3
Luccally,ragnaros,288,warrior,arms,6,3,3
Тотбывалый,soulflayer,288,warrior,arms,6,3,3
Bundo,outland,288,warrior,arms,6,3,3
Risara,outland,288,warrior,arms,6,3,3
Cerßêre,archimonde,288,warrior,arms,6,3,3
Sikowyts,archimonde,288,warrior,arms,6,3,3
Nayàsh,dalaran,288,warrior,arms,6,3,3
Xqty,ravencrest,288,warrior,arms,6,3,3
Nefa,sylvanas,288,warrior,arms,6,3,3
Adonispumpus,blackrock,288,warrior,arms,6,3,3
Møtomoto,defias-brotherhood,288,warrior,arms,6,3,3
Grimmbearock,amanthul,288,warrior,arms,6,3,3
Csíbór,ragnaros,288,warrior,arms,6,3,3
Srbooty,kazzak,288,warrior,arms,6,3,3
Bigmalx,darkspear,288,warrior,arms,6,3,3
Nofêar,anubarak,288,warrior,arms,6,3,3
Говяжийвоин,soulflayer,288,warrior,arms,6,3,3
Tankma,kazzak,288,warrior,arms,6,3,3
Ilovesara,blackrock,288,warrior,arms,6,3,3
Intramuscula,ravencrest,288,warrior,arms,6,3,3
Venturez,stormscale,288,warrior,arms,6,3,3
Grók,outland,288,warrior,arms,6,3,3
Noriela,archimonde,288,warrior,arms,6,3,3
Flava,drakthul,288,warrior,arms,6,3,3
Mightyrage,draenor,288,warrior,arms,6,3,3
Mukcho,sylvanas,288,warrior,arms,6,3,3
Fantawesome,ragnaros,288,warrior,arms,6,3,3
Buakaw,dalaran,288,warrior,arms,6,3,3
Afes,kazzak,288,warrior,arms,6,3,3
Pwncallxx,kazzak,288,warrior,arms,6,3,3
Kir,zuljin,288,warrior,arms,6,3,3
Lìcious,outland,288,warrior,arms,6,3,3
Ксизер,howling-fjord,288,warrior,arms,6,3,3
Megaboss,blackrock,288,warrior,arms,6,3,3
Knusegeir,grim-batol,288,warrior,arms,6,3,3
Pházéd,kazzak,288,warrior,arms,6,3,3
Warwarsat,ysondre,288,warrior,arms,6,3,3
Валдеморд,soulflayer,288,warrior,arms,6,3,3
Apocrypha,darkspear,288,warrior,arms,6,3,3
Exy,kazzak,288,warrior,arms,6,3,3
Lödbrök,dalaran,288,warrior,arms,6,3,3
Stompare,tarren-mill,288,warrior,arms,6,3,3
Hashokx,draenor,288,warrior,arms,6,3,3
Grisettê,archimonde,288,warrior,arms,6,3,3
Soulmatee,aegwynn,288,warrior,arms,6,3,3
Свинобраз,soulflayer,288,warrior,arms,6,3,3
Fleq,draenor,288,warrior,arms,6,3,3
Chisatø,ravencrest,288,warrior,arms,6,3,3
Evís,ragnaros,288,warrior,arms,6,3,3
Venomflex,sanguino,288,warrior,arms,6,3,3
Sharn,emeriss,288,warrior,arms,6,3,3
Razza,ravencrest,288,warrior,arms,6,3,3
Cptwheelchr,blackmoore,288,warrior,arms,6,3,3
Tharteuwarr,sanguino,288,warrior,arms,6,3,3
Mobyl,twisting-nether,288,warrior,arms,6,3,3
Raistwar,magtheridon,288,warrior,arms,6,3,3
Rîiper,ysondre,288,warrior,arms,6,3,3
Dashislay,kazzak,288,warrior,arms,6,3,3
Xiom,blackrock,288,warrior,arms,6,3,3
Goochi,turalyon,288,warrior,arms,6,3,3
Weras,malfurion,288,warrior,arms,6,3,3
Kindface,the-maelstrom,288,warrior,arms,6,3,3
Frenzyqt,zuljin,288,warrior,arms,6,3,3
Träglik,thrall,288,warrior,arms,6,3,3
Legendkév,ravencrest,288,warrior,arms,6,3,3
Nýbz,sylvanas,288,warrior,arms,6,3,3
Enkö,twisting-nether,288,warrior,arms,6,3,3
Mightyzuv,the-maelstrom,288,warrior,arms,6,3,3
Crimmwarr,aegwynn,288,warrior,arms,6,3,3
Ládderx,ravencrest,288,warrior,arms,6,3,3
Beyondmeta,twisting-nether,288,warrior,arms,6,3,3
Sktnsilv,malfurion,288,warrior,arms,6,3,3
Mønzie,outland,288,warrior,arms,6,3,3
Stãrscream,ysondre,288,warrior,arms,6,3,3
Jimli,malygos,288,warrior,arms,6,3,3
Xsasuke,ragnaros,288,warrior,arms,6,3,3
Toleck,aegwynn,288,warrior,arms,6,3,3
Nexz,the-shatar,288,warrior,arms,6,3,3
Dðni,archimonde,288,warrior,arms,6,3,3
Chooser,ravencrest,288,warrior,arms,6,3,3
Inflacija,grim-batol,288,warrior,arms,6,3,3
Wárríor,ragnaros,288,warrior,arms,6,3,3
Крохвар,gordunni,288,warrior,arms,6,3,3
Umamapice,draenor,288,warrior,arms,6,3,3
Juggernot,archimonde,288,warrior,arms,6,3,3
Aedin,ravencrest,288,warrior,arms,6,3,3
Siggy,eredar,288,warrior,arms,6,3,3
Deadchïld,drakthul,288,warrior,arms,6,3,3
Суферна,howling-fjord,288,warrior,arms,6,3,3
Daemøn,hellfire,288,warrior,arms,6,3,3
Suizix,blackrock,288,warrior,arms,6,3,3
Mindblind,ravencrest,288,warrior,arms,6,3,3
Somalisktjur,tarren-mill,288,warrior,arms,6,3,3
Retter,ravencrest,288,warrior,arms,6,3,3
Willywolxx,silvermoon,288,warrior,arms,6,3,3
Naïkø,khaz-modan,288,warrior,arms,6,3,3
Nurfdw,ravencrest,288,warrior,arms,6,3,3
Elainax,eredar,288,warrior,arms,6,3,3
Chrom,destromath,288,warrior,arms,6,3,3
Gnarrwarr,eredar,288,warrior,arms,6,3,3
Virginity,sylvanas,288,warrior,arms,6,3,3
Farnorn,kazzak,288,warrior,arms,6,3,3
Prinzkariim,nerathor,288,warrior,arms,6,3,3
Zleyni,blackrock,288,warrior,arms,6,3,3
Kassarn,silvermoon,288,warrior,arms,6,3,3
Ïllîçítmêñ,outland,288,warrior,arms,6,3,3
Jinrukk,blackhand,288,warrior,arms,6,3,3
Theunknown,eonar,288,warrior,arms,6,3,3
Stratoz,ragnaros,288,warrior,arms,6,3,3
Noout,elune,288,warrior,arms,6,3,3
Baiganya,neptulon,288,warrior,arms,6,3,3
Féélmyfury,tarren-mill,288,warrior,arms,6,3,3
Koffìe,tarren-mill,288,warrior,arms,6,3,3
Alphyn,veknilash,288,warrior,arms,6,3,3
Dekzu,stormscale,288,warrior,arms,6,3,3
Nemár,arathor,288,warrior,arms,6,3,3
Enraged,tarren-mill,288,warrior,arms,6,3,3
Culwyn,frostmane,288,warrior,arms,6,3,3
Grimripper,the-maelstrom,288,warrior,arms,6,3,3
Elffarian,the-maelstrom,288,warrior,arms,6,3,3
Alvis,nathrezim,288,warrior,arms,6,3,3
Twelvearmsun,tarren-mill,288,warrior,arms,6,3,3
Îgris,sanguino,288,warrior,arms,6,3,3
Ордоминимус,gordunni,288,warrior,arms,6,3,3
Zéthh,stormscale,288,warrior,arms,6,3,3
Ididntbindit,stormscale,288,warrior,arms,6,3,3
Rasvamaksa,stormscale,288,warrior,arms,6,3,3
Issus,aggra-português,288,warrior,arms,6,3,3
Saîx,garrosh,288,warrior,arms,6,3,3
Nallepúh,silvermoon,288,warrior,arms,6,3,3
Hanibalbarca,tarren-mill,288,warrior,arms,6,3,3
Стальнойорех,gordunni,288,warrior,arms,6,3,3
Telderion,terokkar,288,warrior,arms,6,3,3
Sethalach,culte-de-la-rive-noire,288,warrior,arms,6,3,3
Iwouldcryto,outland,288,warrior,arms,6,3,3
Morgendämeru,baelgun,288,warrior,arms,6,3,3
Ragewin,kelthuzad,288,warrior,arms,6,3,3
Korama,emerald-dream,288,warrior,arms,6,3,3
Sawaf,silvermoon,288,warrior,arms,6,3,3
Bolss,silvermoon,288,warrior,arms,6,3,3
Vorticher,ravencrest,288,warrior,arms,6,3,3
Titanstriker,silvermoon,288,warrior,arms,6,3,3
Lotgor,tarren-mill,288,warrior,arms,6,3,3
Грассфеникс,gordunni,288,warrior,arms,6,3,3
Дайбек,howling-fjord,288,warrior,arms,6,3,3
Yuì,blackmoore,288,warrior,arms,6,3,3
Доррин,deathguard,288,warrior,arms,6,3,3
Kheiden,silvermoon,288,warrior,arms,6,3,3
Odkush,burning-legion,288,warrior,arms,6,3,3
Drengr,blackhand,288,warrior,arms,6,3,3
Karsul,shendralar,288,warrior,arms,6,3,3
Haldvan,silvermoon,288,warrior,arms,6,3,3
Xaidos,antonidas,288,warrior,arms,6,3,3
Deniosan,blackhand,288,warrior,arms,6,3,3
Spearmisser,argent-dawn,288,warrior,arms,6,3,3
Фэймстар,soulflayer,288,warrior,arms,6,3,3
Flürix,outland,288,warrior,arms,6,3,3
Сионмагила,gordunni,288,warrior,arms,6,3,3
Fotmheróqtxd,ravencrest,288,warrior,arms,6,3,3
Kyraeth,defias-brotherhood,288,warrior,arms,6,3,3
Xiphiatwo,ravencrest,288,warrior,arms,6,3,3
Klistertejp,argent-dawn,288,warrior,arms,6,3,3
Hydracleave,ravencrest,288,warrior,arms,6,3,3
Fnoon,taerar,288,warrior,arms,6,3,3
Aestl,blackhand,288,warrior,arms,6,3,3
Юза,ashenvale,288,warrior,arms,6,3,3
Rasek,xavius,288,warrior,arms,6,3,3
Инкула,gordunni,288,warrior,arms,6,3,3
Hatefull,onyxia,288,warrior,arms,6,3,3
Thesituation,onyxia,288,warrior,arms,6,3,3
Кроуфури,gordunni,288,warrior,arms,6,3,3
Ланат,ashenvale,288,warrior,arms,6,3,3
Неомх,howling-fjord,288,warrior,arms,6,3,3
Bfiftytwo,antonidas,288,warrior,arms,6,3,3
Ashkandur,antonidas,288,warrior,arms,6,3,3
Kaithar,sanguino,288,warrior,arms,6,3,3
Bleedmuch,silvermoon,288,warrior,arms,6,3,3
Топлюзаорду,borean-tundra,288,warrior,arms,6,3,3
Klunkepumper,ravencrest,288,warrior,arms,6,3,3
Темнозорь,ashenvale,288,warrior,arms,6,3,3
Überhase,taerar,288,warrior,arms,6,3,3
Tiduroflmao,antonidas,288,warrior,arms,6,3,3
Юргоз,howling-fjord,288,warrior,arms,6,3,3
Whiskes,silvermoon,288,warrior,arms,6,3,3
Wellus,silvermoon,288,warrior,arms,6,3,3
Smorkadormi,silvermoon,288,warrior,arms,6,3,3
Imherhusband,ravencrest,288,warrior,arms,6,3,3
Urbanturban,tarren-mill,288,warrior,arms,6,3,3
Ragnärey,voljin,288,warrior,arms,6,3,3
Roisikwar,burning-legion,288,warrior,arms,6,3,3
Kampfrausch,blackmoore,288,warrior,arms,6,3,3
Ванпанчвумен,borean-tundra,288,warrior,arms,6,3,3
Lawkh,sanguino,288,warrior,arms,6,3,3
Aphae,defias-brotherhood,288,warrior,arms,6,3,3
Súbzéró,argent-dawn,288,warrior,arms,6,3,3
Doghxnterx,ravencrest,288,warrior,arms,6,3,3
Khorgash,ravencrest,288,warrior,arms,6,3,3
Airethon,proudmoore,288,warrior,arms,6,3,3
Tommytorres,stormscale,288,warrior,arms,6,3,3
Mòóds,malganis,288,warrior,arms,6,3,3
Чтота,gordunni,288,warrior,arms,6,3,3
Ramboramon,silvermoon,288,warrior,arms,6,3,3
Suwarri,antonidas,288,warrior,arms,9,4,5
Kabanoo,silvermoon,288,warrior,arms,9,4,5
Ëlränger,dun-modr,288,warrior,arms,9,4,5
Kreylz,der-mithrilorden,288,warrior,arms,7,3,4
Næbdyret,tarren-mill,288,warrior,arms,7,3,4
Махха,soulflayer,288,warrior,arms,7,3,4
Elkatar,stormscale,288,warrior,arms,9,3,6
Kaîewn,elune,288,warrior,arms,10,3,7
Moorgoth,ysondre,288,warrior,arms,11,3,8
Balferenfgt,magtheridon,288,warrior,arms,15,4,11
Leonídás,blackhand,288,warrior,arms,15,4,11
Bozwa,silvermoon,288,warrior,arms,12,3,9
Worcan,blackmoore,288,warrior,arms,12,3,9
Brooktar,sanguino,288,warrior,arms,12,3,9
Míngxuan,tarren-mill,288,warrior,arms,12,3,9
Throndin,dun-modr,288,warrior,arms,12,3,9
Totahk,argent-dawn,288,warrior,arms,12,3,9
Thatsthepump,silvermoon,288,warrior,arms,12,3,9
Renix,auchindoun,288,warrior,arms,12,3,9
Вениамин,fordragon,288,warrior,arms,12,3,9
Баам,fordragon,288,warrior,arms,12,3,9
Sorryforwhat,stormscale,288,warrior,arms,12,3,9
Gabbz,aggra-português,288,warrior,arms,12,3,9
Aiwar,tarren-mill,288,warrior,arms,12,3,9
Spaltero,blackhand,288,warrior,arms,12,3,9
Lykkee,blackmoore,288,warrior,arms,12,3,9
Merll,twisting-nether,288,warrior,arms,12,3,9
Mâggus,antonidas,288,warrior,arms,12,3,9
Zils,khaz-modan,288,warrior,arms,12,3,9
Conarconarik,zuluhed,288,warrior,arms,12,3,9
Stoutsteel,kazzak,288,warrior,arms,12,3,9
Danrel,dalaran,288,warrior,arms,12,3,9
Panigarola,sylvanas,288,warrior,arms,12,3,9
Deepwound,twisting-nether,288,warrior,arms,12,3,9
Bígbollocks,argent-dawn,288,warrior,arms,12,3,9
Grodor,alakir,288,warrior,arms,12,3,9
Warzaph,ravencrest,288,warrior,arms,12,3,9
Zillrog,kazzak,288,warrior,arms,12,3,9
Awewar,crushridge,288,warrior,arms,12,3,9
Mercûry,stormscale,288,warrior,arms,12,3,9
Gehirnwalze,dethecus,288,warrior,arms,12,3,9
Beckinsalex,doomhammer,288,warrior,arms,12,3,9
Flexay,archimonde,288,warrior,arms,12,3,9
Труска,ashenvale,288,warrior,arms,12,3,9
Onoclus,sylvanas,288,warrior,arms,12,3,9
Nerdcorex,blackrock,288,warrior,arms,12,3,9
Inimadeleu,tarren-mill,288,warrior,arms,12,3,9
Vahrion,burning-blade,288,warrior,arms,12,3,9
Like,blackrock,288,warrior,arms,12,3,9
Blxxwar,blackmoore,288,warrior,arms,12,3,9
Btkayy,tarren-mill,288,warrior,arms,12,3,9
Tøytank,twisting-nether,288,warrior,arms,12,3,9
Zhalm,stormscale,288,warrior,arms,12,3,9
Sickdmgs,stormscale,288,warrior,arms,12,3,9
Tralecia,kazzak,288,warrior,arms,12,3,9
Hemdalla,burning-legion,288,warrior,arms,12,3,9
Kjoborcen,tarren-mill,288,warrior,arms,12,3,9
Simplyautism,silvermoon,288,warrior,arms,12,3,9
Азизос,gordunni,288,warrior,arms,12,3,9
Eléndrèn,blackrock,288,warrior,arms,12,3,9
Snissel,guldan,288,warrior,arms,12,3,9
Jivua,blackrock,288,warrior,arms,12,3,9
Telrion,silvermoon,288,warrior,arms,12,3,9
Rychu,hellfire,288,warrior,arms,12,3,9
Lôcutus,thrall,288,warrior,arms,12,3,9
Амбробенне,soulflayer,288,warrior,arms,12,3,9
Thorgaz,blackmoore,288,warrior,arms,12,3,9
Drashic,sunstrider,288,warrior,arms,12,3,9
Burbidge,silvermoon,288,warrior,arms,12,3,9
Greenbeanx,antonidas,288,warrior,arms,12,3,9
Skydazer,silvermoon,288,warrior,arms,12,3,9
Тирхо,gordunni,288,warrior,arms,12,3,9
Gorroth,chamber-of-aspects,288,warrior,arms,12,3,9
Варкрафтор,howling-fjord,288,warrior,arms,12,3,9
Sànkà,pozzo-delleternità,288,warrior,arms,12,3,9
Raithwall,stormreaver,288,warrior,arms,12,3,9
Mistafleex,hyjal,288,warrior,arms,12,3,9
Gloindal,pozzo-delleternità,288,warrior,arms,12,3,9
Nolavvii,ragnaros,288,warrior,arms,12,3,9
Bullz,dentarg,288,warrior,arms,12,3,9
Solol,malganis,288,warrior,arms,12,3,9
Héraclès,ravencrest,288,warrior,arms,12,3,9
Xtylu,cthun,288,warrior,arms,12,3,9
Gensur,skullcrusher,288,warrior,arms,12,3,9
Tacco,ravencrest,288,warrior,arms,17,3,14
Smökey,silvermoon,288,warrior,arms,18,3,15
Cassetibiat,rashgarroth,288,warrior,arms,18,3,15
Rayi,draenor,288,warrior,arms,18,3,15
Moshpít,antonidas,288,warrior,arms,18,3,15
Rokzor,anetheron,288,warrior,arms,18,3,15
Tyranoth,defias-brotherhood,288,warrior,arms,18,3,15
Geramus,defias-brotherhood,288,warrior,arms,18,3,15
Xlugan,kazzak,288,warrior,arms,18,3,15
Rimstealer,tarren-mill,288,warrior,arms,18,3,15
Draskoé,hyjal,288,warrior,arms,18,3,15
Kûno,stormscale,288,warrior,arms,18,3,15
Cäbbs,stormscale,288,warrior,arms,18,3,15
Laceyiee,anubarak,288,warrior,arms,24,3,21
Sublexgg,blackrock,1835,warrior,protection,61,30,31
Swagenknecht,blackrock,1714,warrior,protection,287,138,149
Blaying,ravencrest,1668,warrior,protection,143,77,66
Doghxnterx,ravencrest,1294,warrior,protection,61,25,36
Brigitá,argent-dawn,1285,warrior,protection,35,14,21
Àlexander,ravencrest,1202,warrior,protection,44,14,30
Tríbún,kult-der-verdammten,1129,warrior,protection,83,39,44
Narrative,kazzak,1091,warrior,protection,54,20,34
Ferran,sanguino,1070,warrior,protection,133,66,67
Grimurg,drakthul,1034,warrior,protection,133,66,67
Carras,confrérie-du-thorium,979,warrior,protection,181,94,87
Флоуби,razuvious,939,warrior,protection,36,15,21
Mandiso,norgannon,910,warrior,protection,101,49,52
Extramudna,azjolnerub,834,warrior,protection,40,12,28
Naofumí,arthas,773,warrior,protection,36,14,22
Фриегар,deathguard,711,warrior,protection,76,29,47
Hubin,defias-brotherhood,662,warrior,protection,30,7,23
Asuvia,argent-dawn,599,warrior,protection,32,7,25
Firemyst,outland,575,warrior,protection,18,6,12
Flinn,die-nachtwache,408,warrior,protection,26,6,20
Tokrika,die-aldor,384,warrior,protection,6,4,2
Oralinde,silvermoon,384,warrior,protection,12,4,8
Драчун,thermaplugg,384,warrior,protection,18,4,14
Гештальтыч,eversong,379,warrior,protection,24,4,20
Bloodparade,argent-dawn,288,warrior,protection,6,3,3
Джубилост,goldrinn,288,warrior,protection,12,3,9
Takautak,kirin-tor,288,warrior,protection,12,3,9
Chadgarrosh,tarren-mill,288,warrior,protection,12,3,9
Davetsiz,burning-legion,288,warrior,protection,12,3,9
Thecrackfoxx,silvermoon,288,warrior,protection,12,3,9
Трейлхард,howling-fjord,287,warrior,protection,12,3,9
Hofftor,eredar,192,warrior,protection,6,2,4
Омертин,howling-fjord,192,warrior,protection,6,2,4
Gaiuscaesar,stormscale,192,warrior,protection,6,2,4
Денеур,gordunni,192,warrior,protection,6,2,4
Маллал,soulflayer,192,warrior,protection,6,2,4
Sergra,ysondre,96,warrior,protection,6,1,5
Valem,suramar,96,warrior,protection,6,1,5
Warrqury,ravencrest,96,warrior,protection,6,1,5
Гневныйвиги,howling-fjord,96,warrior,protection,6,1,5
Montysmash,ravencrest,96,warrior,protection,6,1,5
Lørð,frostmane,96,warrior,protection,6,1,5
Draskoé,hyjal,96,warrior,protection,6,1,5
Leryswarro,sanguino,96,warrior,protection,6,1,5
Callipsa,argent-dawn,96,warrior,protection,12,1,11
Pahgorim,blackhand,96,warrior,protection,12,1,11
Jøtas,dun-modr,96,warrior,protection,12,1,11
Throneofwar,silvermoon,95,warrior,protection,6,1,5
Shinnok,stormreaver,95,warrior,protection,9,1,8
