name,realm,rating,cls,spec,play,win,lose
Bloodzin,frostwhisper,1573,deathknight,blood,48,24,24
Rahbekius,kazzak,1519,deathknight,blood,225,103,122
Эваер,blackscar,1506,deathknight,blood,60,29,31
Hoggster,kazzak,1416,deathknight,blood,81,31,50
Maylined,antonidas,1316,deathknight,blood,36,16,20
Horrorda,defias-brotherhood,1236,deathknight,blood,56,29,27
Nîghtmáre,ravencrest,1124,deathknight,blood,47,24,23
Ducados,forscherliga,952,deathknight,blood,24,12,12
Minoporc,archimonde,916,deathknight,blood,39,14,25
Rahbekies,kazzak,781,deathknight,blood,19,9,10
Schiva,eredar,745,deathknight,blood,35,12,23
Wickedgray,outland,672,deathknight,blood,12,7,5
Smalldk,silvermoon,574,deathknight,blood,18,6,12
Оосака,gordunni,573,deathknight,blood,24,6,18
Downtoclown,argent-dawn,480,deathknight,blood,12,5,7
Helixnc,silvermoon,480,deathknight,blood,12,5,7
Schwuischädl,eredar,479,deathknight,blood,12,5,7
Zdan,sylvanas,476,deathknight,blood,12,5,7
Oxcidium,archimonde,473,deathknight,blood,18,5,13
Rakia,defias-brotherhood,473,deathknight,blood,18,5,13
Akamechân,frostmourne,382,deathknight,blood,6,4,2
Airok,proudmoore,381,deathknight,blood,12,4,8
Hellcrosser,blackrock,381,deathknight,blood,12,4,8
Pinkish,argent-dawn,379,deathknight,blood,12,4,8
Барагган,thermaplugg,288,deathknight,blood,6,3,3
Кмамехочу,howling-fjord,288,deathknight,blood,18,3,15
Buklow,argent-dawn,287,deathknight,blood,9,3,6
Naxmet,dun-modr,287,deathknight,blood,24,3,21
Pechugona,zuljin,287,deathknight,blood,24,3,21
Dromadeus,sylvanas,286,deathknight,blood,12,3,9
Calculated,spinebreaker,192,deathknight,blood,6,2,4
Cyphîllyth,auchindoun,192,deathknight,blood,6,2,4
Maradk,drakthul,96,deathknight,blood,6,1,5
Fixmybones,frostmane,96,deathknight,blood,6,1,5
Dreodis,der-mithrilorden,96,deathknight,blood,6,1,5
Страхолит,soulflayer,2160,deathknight,unholy,224,113,111
Кромгона,soulflayer,2154,deathknight,unholy,178,109,69
Хайвейтухэлл,soulflayer,2133,deathknight,unholy,102,52,50
Нишимба,soulflayer,2121,deathknight,unholy,90,46,44
Murky,kazzak,2038,deathknight,unholy,298,150,148
Bíllÿ,kazzak,2003,deathknight,unholy,104,56,48
Storhøf,sanguino,1982,deathknight,unholy,108,61,47
Elite,xavius,1974,deathknight,unholy,104,54,50
Conqueròr,tarren-mill,1967,deathknight,unholy,196,92,104
Leónid,kazzak,1962,deathknight,unholy,72,36,36
Bedstemoor,ravencrest,1953,deathknight,unholy,138,71,67
Enzy,drakthul,1948,deathknight,unholy,42,26,16
Дайтоолгоун,gordunni,1937,deathknight,unholy,113,56,57
Worlviuz,argent-dawn,1932,deathknight,unholy,147,74,73
Bøby,kul-tiras,1917,deathknight,unholy,60,31,29
Shadowdeathj,kazzak,1913,deathknight,unholy,54,27,27
Кромгон,soulflayer,1911,deathknight,unholy,67,35,32
Vakü,burning-legion,1907,deathknight,unholy,558,275,283
Zd,ghostlands,1905,deathknight,unholy,60,29,31
Bóby,ravencrest,1905,deathknight,unholy,309,147,162
Шайбовёрт,gordunni,1884,deathknight,unholy,130,66,64
Валькейн,blackscar,1883,deathknight,unholy,60,32,28
Fxckingmad,ravencrest,1883,deathknight,unholy,72,37,35
Yazga,blackmoore,1883,deathknight,unholy,65,32,33
Akaliz,die-aldor,1876,deathknight,unholy,66,35,31
Ipanic,argent-dawn,1875,deathknight,unholy,228,120,108
Eyyoo,blackmoore,1875,deathknight,unholy,70,35,35
Shanariel,khaz-modan,1874,deathknight,unholy,162,93,69
Necrølyte,sylvanas,1874,deathknight,unholy,120,64,56
Leomordf,doomhammer,1866,deathknight,unholy,268,146,122
Narali,argent-dawn,1859,deathknight,unholy,72,34,38
Hotcherryx,dun-modr,1855,deathknight,unholy,210,103,107
Vallenhal,twisting-nether,1850,deathknight,unholy,48,23,25
Azüla,ysondre,1848,deathknight,unholy,66,30,36
Fabricius,blackrock,1847,deathknight,unholy,66,36,30
Меланндрис,gordunni,1845,deathknight,unholy,60,44,16
Лордпафос,blackscar,1844,deathknight,unholy,66,37,29
Øtherànóther,stormscale,1843,deathknight,unholy,54,30,24
Ezlyy,ravencrest,1843,deathknight,unholy,114,60,54
Amnésyx,ysondre,1842,deathknight,unholy,64,32,32
Frege,tarren-mill,1839,deathknight,unholy,84,43,41
Nómòre,ravencrest,1839,deathknight,unholy,60,30,30
Mockingbirdo,sanguino,1836,deathknight,unholy,36,24,12
Fennro,ysondre,1836,deathknight,unholy,300,147,153
Аронас,blackscar,1833,deathknight,unholy,83,42,41
Lilshiet,stormreaver,1831,deathknight,unholy,66,30,36
Namzera,draenor,1827,deathknight,unholy,114,70,44
Рыжаяпедаль,soulflayer,1826,deathknight,unholy,60,36,24
Undeadcell,ravencrest,1826,deathknight,unholy,60,34,26
Quizon,tarren-mill,1826,deathknight,unholy,84,39,45
Oj,darkspear,1825,deathknight,unholy,211,112,99
Zokko,blackrock,1820,deathknight,unholy,59,31,28
Cealdris,blackmoore,1819,deathknight,unholy,30,20,10
Обледенение,gordunni,1819,deathknight,unholy,36,19,17
Bigdickdk,ragnaros,1819,deathknight,unholy,58,27,31
Bephomet,onyxia,1819,deathknight,unholy,111,50,61
Likewise,twisting-nether,1819,deathknight,unholy,54,22,32
Lutcher,hellfire,1818,deathknight,unholy,36,20,16
Rankor,grim-batol,1816,deathknight,unholy,66,36,30
Väkü,silvermoon,1816,deathknight,unholy,63,34,29
Necrofear,grim-batol,1816,deathknight,unholy,126,62,64
Catloaf,silvermoon,1815,deathknight,unholy,48,21,27
Змейняша,soulflayer,1814,deathknight,unholy,121,62,59
Deathmonsta,auchindoun,1813,deathknight,unholy,122,61,61
Andreàs,silvermoon,1813,deathknight,unholy,60,30,30
Брексиен,gordunni,1813,deathknight,unholy,54,20,34
Nazgül,drakthul,1812,deathknight,unholy,149,85,64
Aryash,silvermoon,1812,deathknight,unholy,66,31,35
Amyntasz,twisting-nether,1812,deathknight,unholy,54,23,31
Sélyne,dalaran,1811,deathknight,unholy,60,27,33
Unhóly,tarren-mill,1810,deathknight,unholy,127,72,55
Аоепупс,gordunni,1809,deathknight,unholy,57,28,29
Allmawt,argent-dawn,1808,deathknight,unholy,89,51,38
Oscman,silvermoon,1805,deathknight,unholy,123,65,58
Køley,draenor,1804,deathknight,unholy,53,30,23
Annabolik,ravencrest,1804,deathknight,unholy,36,19,17
Icegrin,silvermoon,1803,deathknight,unholy,150,81,69
Butthurtx,stormscale,1802,deathknight,unholy,46,27,19
Бургер,soulflayer,1802,deathknight,unholy,78,33,45
Dräpârn,sylvanas,1801,deathknight,unholy,111,64,47
Exoflake,kazzak,1801,deathknight,unholy,64,36,28
Кромгак,soulflayer,1800,deathknight,unholy,86,46,40
Inflex,silvermoon,1800,deathknight,unholy,102,51,51
Grepetta,argent-dawn,1800,deathknight,unholy,243,121,122
Sanlex,twisting-nether,1800,deathknight,unholy,139,67,72
Ðavy,silvermoon,1793,deathknight,unholy,60,29,31
Verminosis,stormscale,1791,deathknight,unholy,78,31,47
Gladiadk,ysondre,1788,deathknight,unholy,71,28,43
Jesûsx,ravencrest,1787,deathknight,unholy,130,69,61
Дайтоолгоун,deathguard,1783,deathknight,unholy,69,38,31
Дэхон,gordunni,1777,deathknight,unholy,85,45,40
Argonat,silvermoon,1775,deathknight,unholy,132,72,60
Zerachy,blackmoore,1772,deathknight,unholy,36,22,14
Péterpain,antonidas,1771,deathknight,unholy,102,49,53
Mirídiuss,silvermoon,1769,deathknight,unholy,70,36,34
Deathgrab,twisting-nether,1758,deathknight,unholy,74,40,34
Wôrgenator,kazzak,1758,deathknight,unholy,54,21,33
Фростинг,gordunni,1757,deathknight,unholy,42,23,19
Apacstanya,ragnaros,1757,deathknight,unholy,84,37,47
Некросморк,soulflayer,1755,deathknight,unholy,52,31,21
Darkknights,archimonde,1749,deathknight,unholy,91,51,40
Ampdk,ravencrest,1748,deathknight,unholy,48,28,20
Sendurd,ragnaros,1747,deathknight,unholy,66,27,39
Mammacitaa,argent-dawn,1746,deathknight,unholy,53,33,20
Happsor,eredar,1746,deathknight,unholy,77,35,42
Sangíus,blackmoore,1745,deathknight,unholy,371,183,188
Адэлина,soulflayer,1742,deathknight,unholy,61,37,24
Elyth,kazzak,1740,deathknight,unholy,58,33,25
Сантамо,soulflayer,1739,deathknight,unholy,128,68,60
Aifam,twisting-nether,1737,deathknight,unholy,158,78,80
Рамкар,howling-fjord,1736,deathknight,unholy,80,36,44
Неондк,eversong,1734,deathknight,unholy,134,65,69
Slade,blackrock,1734,deathknight,unholy,60,23,37
Вовчан,howling-fjord,1733,deathknight,unholy,92,42,50
Гронташ,howling-fjord,1732,deathknight,unholy,111,60,51
Râke,teldrassil,1729,deathknight,unholy,54,25,29
Ктунец,blackscar,1726,deathknight,unholy,60,31,29
Motvinden,stormscale,1724,deathknight,unholy,100,54,46
Senkingodx,ravencrest,1724,deathknight,unholy,72,28,44
Вирко,eversong,1722,deathknight,unholy,202,105,97
Skulm,twisting-nether,1722,deathknight,unholy,48,20,28
Ayra,nethersturm,1721,deathknight,unholy,51,31,20
Inâste,thrall,1719,deathknight,unholy,48,26,22
Ghostreign,tarren-mill,1719,deathknight,unholy,68,33,35
Смердонос,grom,1718,deathknight,unholy,259,144,115
Кулькулегал,ashenvale,1717,deathknight,unholy,66,34,32
Wombo,dentarg,1716,deathknight,unholy,75,40,35
Itreachesout,ravencrest,1716,deathknight,unholy,137,67,70
Koranderx,argent-dawn,1713,deathknight,unholy,30,18,12
Акамахи,ashenvale,1707,deathknight,unholy,59,31,28
Alessia,alonsus,1701,deathknight,unholy,36,21,15
Ràiven,blackmoore,1701,deathknight,unholy,65,31,34
Évìl,stormscale,1700,deathknight,unholy,45,24,21
Dk,tarren-mill,1700,deathknight,unholy,60,25,35
Sprangers,ravencrest,1699,deathknight,unholy,36,18,18
Enzÿ,drakthul,1698,deathknight,unholy,54,29,25
Raziee,twisting-nether,1698,deathknight,unholy,96,50,46
Марактус,gordunni,1696,deathknight,unholy,24,18,6
Альдафьод,howling-fjord,1696,deathknight,unholy,30,19,11
Эриданс,gordunni,1696,deathknight,unholy,142,79,63
Crenshawx,twisting-nether,1696,deathknight,unholy,231,112,119
Èvíl,stormscale,1695,deathknight,unholy,42,23,19
Fraeya,sunstrider,1695,deathknight,unholy,213,107,106
Тхиро,gordunni,1692,deathknight,unholy,107,43,64
Vainajala,die-aldor,1691,deathknight,unholy,77,46,31
Arizon,drakthul,1691,deathknight,unholy,98,40,58
Necrotic,blackrock,1690,deathknight,unholy,53,30,23
Deathlog,silvermoon,1690,deathknight,unholy,138,71,67
Impey,kazzak,1689,deathknight,unholy,30,18,12
Reidemorte,minahonda,1689,deathknight,unholy,140,81,59
Моровой,blackscar,1685,deathknight,unholy,70,35,35
Ronsôn,terrordar,1685,deathknight,unholy,54,27,27
Zektal,thrall,1684,deathknight,unholy,83,38,45
Garasu,eredar,1684,deathknight,unholy,83,34,49
Ûñhølýðéåthj,tarren-mill,1683,deathknight,unholy,59,28,31
ßankoedno,stormscale,1681,deathknight,unholy,120,62,58
Аркёт,howling-fjord,1681,deathknight,unholy,84,42,42
Stely,alonsus,1678,deathknight,unholy,36,21,15
Джонаджеймсн,soulflayer,1677,deathknight,unholy,66,34,32
Lovroo,silvermoon,1677,deathknight,unholy,93,43,50
Sanuky,blackrock,1677,deathknight,unholy,42,18,24
Vatø,tarren-mill,1676,deathknight,unholy,60,27,33
Руин,blackscar,1673,deathknight,unholy,136,75,61
Femilista,dun-modr,1671,deathknight,unholy,42,23,19
Sang,deathwing,1671,deathknight,unholy,60,30,30
Nèrfx,ragnaros,1669,deathknight,unholy,78,37,41
Sakiko,thrall,1667,deathknight,unholy,54,26,28
Zugzugdecay,kazzak,1665,deathknight,unholy,42,23,19
Synthwave,tarren-mill,1665,deathknight,unholy,99,46,53
Doozz,draenor,1665,deathknight,unholy,105,42,63
Lurkkiss,ravencrest,1664,deathknight,unholy,60,27,33
Олинф,deathguard,1664,deathknight,unholy,62,26,36
Blazeberg,blackrock,1662,deathknight,unholy,58,33,25
Geraltbg,twisting-nether,1661,deathknight,unholy,42,18,24
Økah,outland,1659,deathknight,unholy,54,25,29
Zdi,tarren-mill,1657,deathknight,unholy,47,23,24
Nurekindk,argent-dawn,1656,deathknight,unholy,155,79,76
Лордэскорт,gordunni,1656,deathknight,unholy,126,56,70
Thezftw,kazzak,1656,deathknight,unholy,77,33,44
Средозавр,howling-fjord,1655,deathknight,unholy,48,31,17
Heyä,ysondre,1655,deathknight,unholy,54,25,29
Dasvidania,ragnaros,1651,deathknight,unholy,30,18,12
Тыпидо,howling-fjord,1650,deathknight,unholy,72,41,31
Abomination,emeriss,1650,deathknight,unholy,118,53,65
Reann,argent-dawn,1649,deathknight,unholy,55,31,24
Rabbijacob,ysondre,1649,deathknight,unholy,42,18,24
Кидер,blackscar,1647,deathknight,unholy,53,29,24
Fuzzyofc,draenor,1647,deathknight,unholy,66,31,35
Äyrenn,draenor,1645,deathknight,unholy,61,35,26
Mávé,tarren-mill,1645,deathknight,unholy,64,31,33
Leanâdle,hyjal,1644,deathknight,unholy,134,66,68
Holîx,kazzak,1643,deathknight,unholy,56,23,33
Alti,blackmoore,1641,deathknight,unholy,136,72,64
Creatar,kazzak,1639,deathknight,unholy,53,31,22
Faznik,twisting-nether,1639,deathknight,unholy,154,75,79
Sugarcakedk,blackrock,1638,deathknight,unholy,89,44,45
Çruél,silvermoon,1638,deathknight,unholy,48,21,27
Ecormcpz,eredar,1637,deathknight,unholy,42,21,21
Smörj,aggramar,1637,deathknight,unholy,112,53,59
Garrinchá,stormscale,1636,deathknight,unholy,48,21,27
Jiodythyy,archimonde,1634,deathknight,unholy,60,27,33
Дрогдош,howling-fjord,1633,deathknight,unholy,48,29,19
Elliipirelli,doomhammer,1632,deathknight,unholy,52,30,22
Uvros,bloodhoof,1630,deathknight,unholy,48,23,25
Лапочки,gordunni,1628,deathknight,unholy,84,49,35
Khalifamia,alonsus,1628,deathknight,unholy,54,26,28
Ластофас,gordunni,1628,deathknight,unholy,66,30,36
Zariia,twisting-nether,1627,deathknight,unholy,126,72,54
Herumor,nerzhul,1627,deathknight,unholy,60,32,28
Yusehz,kazzak,1627,deathknight,unholy,51,25,26
Dejkå,silvermoon,1627,deathknight,unholy,66,30,36
Deadlyorca,tarren-mill,1625,deathknight,unholy,42,18,24
Сгеатог,gordunni,1623,deathknight,unholy,36,17,19
Smallbaboon,stormreaver,1623,deathknight,unholy,42,17,25
Ghoulish,outland,1622,deathknight,unholy,187,92,95
Apacsom,ragnaros,1621,deathknight,unholy,30,17,13
Judin,kazzak,1621,deathknight,unholy,42,22,20
Quetza,twisting-nether,1621,deathknight,unholy,36,17,19
Triffdich,blackrock,1620,deathknight,unholy,138,68,70
Ipanicfart,argent-dawn,1619,deathknight,unholy,36,17,19
Apoikia,argent-dawn,1618,deathknight,unholy,60,32,28
Кокосоус,gordunni,1618,deathknight,unholy,36,18,18
Xenfos,tarren-mill,1618,deathknight,unholy,54,23,31
Baltersa,blackhand,1618,deathknight,unholy,60,25,35
Rottenpete,grim-batol,1617,deathknight,unholy,36,20,16
Qtxi,nozdormu,1617,deathknight,unholy,225,119,106
Pandahapci,ragnaros,1617,deathknight,unholy,54,23,31
Maxto,outland,1617,deathknight,unholy,48,20,28
Branchë,stormscale,1616,deathknight,unholy,141,71,70
Taylorswiftz,tarren-mill,1614,deathknight,unholy,36,17,19
Линфео,galakrond,1614,deathknight,unholy,54,22,32
Jollíe,tarren-mill,1613,deathknight,unholy,53,33,20
Aeneriah,tarren-mill,1613,deathknight,unholy,91,50,41
Pellizquitas,sanguino,1612,deathknight,unholy,30,17,13
Unholyspîrît,outland,1612,deathknight,unholy,36,20,16
Инлакеш,howling-fjord,1611,deathknight,unholy,57,25,32
Stinglelz,chogall,1610,deathknight,unholy,30,19,11
Lichbørn,ragnaros,1610,deathknight,unholy,102,50,52
Форнителли,howling-fjord,1610,deathknight,unholy,78,37,41
Giandam,draenor,1610,deathknight,unholy,48,19,29
Deathcaller,dun-modr,1609,deathknight,unholy,56,29,27
Анзорини,gordunni,1609,deathknight,unholy,48,19,29
Halez,antonidas,1607,deathknight,unholy,186,96,90
Tenzøftw,archimonde,1607,deathknight,unholy,72,36,36
Вондум,howling-fjord,1606,deathknight,unholy,42,18,24
Vexxed,magtheridon,1604,deathknight,unholy,123,68,55
Orktra,stormscale,1604,deathknight,unholy,48,25,23
Шуршаня,blackscar,1604,deathknight,unholy,60,25,35
Gøretterog,ysondre,1603,deathknight,unholy,30,18,12
Sølîta,archimonde,1603,deathknight,unholy,89,47,42
Krisigaped,blackhand,1603,deathknight,unholy,36,17,19
Trialist,dun-modr,1602,deathknight,unholy,48,27,21
Goùlag,culte-de-la-rive-noire,1602,deathknight,unholy,105,47,58
Маххес,howling-fjord,1601,deathknight,unholy,101,48,53
Aceléss,drakthul,1600,deathknight,unholy,42,20,22
Nasxsy,blackmoore,1599,deathknight,unholy,36,18,18
Tharassian,chamber-of-aspects,1598,deathknight,unholy,36,20,16
Juliean,blackmoore,1597,deathknight,unholy,48,25,23
Castlevanía,ravencrest,1595,deathknight,unholy,135,67,68
Deathcaller,zuljin,1594,deathknight,unholy,71,35,36
Kwc,kazzak,1586,deathknight,unholy,117,54,63
Raizhen,ragnaros,1582,deathknight,unholy,36,17,19
Bredox,ravencrest,1582,deathknight,unholy,63,27,36
Yagoora,silvermoon,1581,deathknight,unholy,88,35,53
Linuzbunny,zenedar,1580,deathknight,unholy,30,18,12
Skórm,burning-legion,1580,deathknight,unholy,36,17,19
Енваки,gordunni,1579,deathknight,unholy,42,23,19
Ахелекус,blackscar,1576,deathknight,unholy,70,38,32
Spøøk,defias-brotherhood,1575,deathknight,unholy,48,22,26
Слендер,howling-fjord,1572,deathknight,unholy,119,57,62
Gødofredo,dun-modr,1568,deathknight,unholy,96,55,41
Söttguetsi,blackrock,1566,deathknight,unholy,41,23,18
Lockhead,stormscale,1566,deathknight,unholy,136,71,65
Rektsohard,ravencrest,1564,deathknight,unholy,36,22,14
Körthazz,hyjal,1563,deathknight,unholy,55,27,28
Хорссэ,soulflayer,1562,deathknight,unholy,37,22,15
Винерас,soulflayer,1562,deathknight,unholy,66,31,35
Panorboy,tarren-mill,1561,deathknight,unholy,42,18,24
Олинфия,soulflayer,1561,deathknight,unholy,42,18,24
Apolyio,outland,1560,deathknight,unholy,71,32,39
Oweiowei,blackrock,1558,deathknight,unholy,30,18,12
Ghaloob,draenor,1557,deathknight,unholy,54,24,30
Misazabanshi,blackrock,1556,deathknight,unholy,84,48,36
Gushik,twisting-nether,1555,deathknight,unholy,52,30,22
Хассандра,galakrond,1554,deathknight,unholy,117,58,59
Feministi,stormreaver,1552,deathknight,unholy,108,51,57
Aleejha,draenor,1551,deathknight,unholy,70,39,31
Yandeäth,chants-éternels,1551,deathknight,unholy,239,120,119
Yamisukehiro,drakthul,1551,deathknight,unholy,60,28,32
Nauser,kazzak,1550,deathknight,unholy,65,35,30
Emphendk,twisting-nether,1550,deathknight,unholy,120,55,65
Sxyd,silvermoon,1549,deathknight,unholy,96,40,56
Hellguy,draenor,1548,deathknight,unholy,263,124,139
Gargalon,drakthul,1547,deathknight,unholy,102,52,50
Turboface,kazzak,1546,deathknight,unholy,60,34,26
Apoikos,argent-dawn,1546,deathknight,unholy,36,19,17
Deathvid,ravencrest,1544,deathknight,unholy,102,53,49
Сванхильда,grom,1543,deathknight,unholy,124,61,63
Ahilus,bladefist,1543,deathknight,unholy,79,38,41
Darkertimes,ragnaros,1543,deathknight,unholy,237,110,127
Bokrak,norgannon,1542,deathknight,unholy,147,83,64
Prekliatylad,burning-blade,1542,deathknight,unholy,66,28,38
Элекна,deepholm,1541,deathknight,unholy,48,24,24
Inudworf,outland,1541,deathknight,unholy,48,23,25
Cayliadk,tarren-mill,1539,deathknight,unholy,146,77,69
Ganessha,sanguino,1538,deathknight,unholy,49,29,20
Abcdk,sargeras,1535,deathknight,unholy,56,31,25
Metalmanethé,tarren-mill,1534,deathknight,unholy,242,120,122
Wolfyy,antonidas,1532,deathknight,unholy,48,25,23
Pawcio,argent-dawn,1527,deathknight,unholy,135,74,61
Dzemoo,drakthul,1527,deathknight,unholy,59,31,28
Jäätynyt,zenedar,1527,deathknight,unholy,440,214,226
Алсидис,gordunni,1527,deathknight,unholy,72,29,43
Полонит,gordunni,1523,deathknight,unholy,82,41,41
Gharzhul,xavius,1523,deathknight,unholy,44,22,22
Арцевус,gordunni,1522,deathknight,unholy,145,74,71
Rimewraith,argent-dawn,1521,deathknight,unholy,56,29,27
Dörfl,antonidas,1521,deathknight,unholy,87,42,45
Gripbroblem,nemesis,1521,deathknight,unholy,42,16,26
Woddey,blackrock,1520,deathknight,unholy,72,39,33
Дкшрёдингера,gordunni,1520,deathknight,unholy,60,31,29
Slawtér,arathor,1520,deathknight,unholy,42,21,21
Yousaindk,blackrock,1519,deathknight,unholy,60,29,31
Deadroses,tarren-mill,1517,deathknight,unholy,90,55,35
Goreshovel,stormscale,1517,deathknight,unholy,72,39,33
Zoree,draenor,1516,deathknight,unholy,131,67,64
Торедх,howling-fjord,1516,deathknight,unholy,66,27,39
Dekayo,blackrock,1514,deathknight,unholy,44,23,21
Athanatøs,archimonde,1514,deathknight,unholy,98,43,55
Greymarker,kirin-tor,1513,deathknight,unholy,66,37,29
Ехтрим,howling-fjord,1512,deathknight,unholy,65,30,35
Raust,xavius,1512,deathknight,unholy,74,33,41
Manego,eredar,1511,deathknight,unholy,30,18,12
Дерайв,gordunni,1511,deathknight,unholy,120,58,62
Катаринья,howling-fjord,1511,deathknight,unholy,53,24,29
Grendul,blackmoore,1510,deathknight,unholy,60,26,34
Anathela,dalaran,1508,deathknight,unholy,85,40,45
Трибунальщик,gordunni,1508,deathknight,unholy,60,27,33
Ðiesel,stormscale,1508,deathknight,unholy,129,58,71
Erodevil,kazzak,1507,deathknight,unholy,60,26,34
Larrydk,tarren-mill,1506,deathknight,unholy,30,16,14
Barnalord,dentarg,1506,deathknight,unholy,54,27,27
Агереро,howling-fjord,1505,deathknight,unholy,88,46,42
Rebeast,blackhand,1505,deathknight,unholy,36,16,20
Руариди,gordunni,1504,deathknight,unholy,36,18,18
Salezians,drakthul,1503,deathknight,unholy,107,59,48
Numnuts,alakir,1502,deathknight,unholy,36,21,15
Lavonobatas,kazzak,1502,deathknight,unholy,54,27,27
Deathcam,emerald-dream,1502,deathknight,unholy,95,45,50
Derfitt,sanguino,1502,deathknight,unholy,96,45,51
Nysaia,blackmoore,1502,deathknight,unholy,78,34,44
Unchaindk,outland,1500,deathknight,unholy,136,68,68
Капустас,gordunni,1500,deathknight,unholy,96,46,50
Bertonilo,burning-legion,1500,deathknight,unholy,84,39,45
Thánátós,hyjal,1499,deathknight,unholy,60,27,33
Nødder,ragnaros,1496,deathknight,unholy,60,32,28
Thanatus,aggra-português,1495,deathknight,unholy,36,18,18
Katatönias,archimonde,1494,deathknight,unholy,58,27,31
Utyr,ragnaros,1493,deathknight,unholy,96,48,48
Промештейн,gordunni,1493,deathknight,unholy,93,44,49
Протосеня,soulflayer,1493,deathknight,unholy,84,39,45
Recoil,blackrock,1490,deathknight,unholy,26,17,9
Gegham,ravencrest,1490,deathknight,unholy,52,29,23
Rizzlerdk,blackhand,1489,deathknight,unholy,114,49,65
Segrim,drakthul,1487,deathknight,unholy,101,53,48
Axram,ravencrest,1487,deathknight,unholy,60,30,30
Кадавров,gordunni,1486,deathknight,unholy,140,76,64
Majlus,outland,1486,deathknight,unholy,50,24,26
Вурдулакх,gordunni,1485,deathknight,unholy,156,76,80
Dharniman,sylvanas,1485,deathknight,unholy,46,21,25
Cleverb,silvermoon,1484,deathknight,unholy,39,20,19
Shabiri,twisting-nether,1483,deathknight,unholy,109,60,49
Riceeater,kazzak,1483,deathknight,unholy,59,29,30
Hawkthuglife,dun-modr,1482,deathknight,unholy,113,55,58
Blízna,kazzak,1481,deathknight,unholy,122,58,64
Zff,hyjal,1480,deathknight,unholy,42,25,17
Teljujad,sanguino,1480,deathknight,unholy,98,49,49
Calina,frostwolf,1480,deathknight,unholy,72,26,46
Шинратенсеи,howling-fjord,1479,deathknight,unholy,56,33,23
Leipä,scarshield-legion,1478,deathknight,unholy,42,19,23
Вирзерагна,howling-fjord,1477,deathknight,unholy,96,56,40
Лекъса,gordunni,1477,deathknight,unholy,229,115,114
Ezlar,silvermoon,1476,deathknight,unholy,61,34,27
Exanex,ragnaros,1475,deathknight,unholy,30,17,13
Polimeh,draenor,1473,deathknight,unholy,84,45,39
Gorruk,malorne,1473,deathknight,unholy,54,28,26
Сивкабурка,fordragon,1473,deathknight,unholy,48,22,26
Veçh,turalyon,1473,deathknight,unholy,94,43,51
Nommad,archimonde,1469,deathknight,unholy,137,62,75
Ультерис,deathguard,1468,deathknight,unholy,24,17,7
Kekebas,twisting-nether,1468,deathknight,unholy,66,41,25
Arxelas,sylvanas,1467,deathknight,unholy,115,60,55
Frags,arathor,1467,deathknight,unholy,66,31,35
Moko,defias-brotherhood,1467,deathknight,unholy,54,25,29
Bloodraynee,twisting-nether,1467,deathknight,unholy,66,28,38
Kérmít,tarren-mill,1465,deathknight,unholy,160,88,72
Zeghor,ragnaros,1465,deathknight,unholy,84,36,48
Megdeath,silvermoon,1464,deathknight,unholy,121,57,64
Manovar,archimonde,1462,deathknight,unholy,143,68,75
Bärdk,forscherliga,1461,deathknight,unholy,95,47,48
Шифычдк,howling-fjord,1460,deathknight,unholy,60,27,33
Nospets,kazzak,1459,deathknight,unholy,54,25,29
Fýhr,silvermoon,1458,deathknight,unholy,54,29,25
Gethunts,drakthul,1457,deathknight,unholy,42,25,17
Deusmort,ravencrest,1457,deathknight,unholy,66,26,40
Xawias,ulduar,1456,deathknight,unholy,32,17,15
Thecurator,ragnaros,1456,deathknight,unholy,72,32,40
Барагган,thermaplugg,1455,deathknight,unholy,96,47,49
Hordak,stormscale,1455,deathknight,unholy,45,16,29
Ceranto,frostwolf,1453,deathknight,unholy,77,46,31
Anaralien,ravencrest,1453,deathknight,unholy,131,61,70
Kebabpizza,argent-dawn,1452,deathknight,unholy,85,42,43
Tölp,ravencrest,1452,deathknight,unholy,95,46,49
Skèltòn,rexxar,1451,deathknight,unholy,73,47,26
Civilredevil,ravencrest,1450,deathknight,unholy,35,17,18
Sathmayla,silvermoon,1448,deathknight,unholy,53,32,21
Xado,frostwolf,1448,deathknight,unholy,120,65,55
Моорта,soulflayer,1448,deathknight,unholy,253,129,124
Брюшина,gordunni,1448,deathknight,unholy,66,30,36
Arkaris,blackmoore,1447,deathknight,unholy,32,21,11
Demrior,hellfire,1447,deathknight,unholy,66,27,39
Babsyknight,wildhammer,1446,deathknight,unholy,154,70,84
Ilius,kelthuzad,1445,deathknight,unholy,99,50,49
Борнтудай,borean-tundra,1445,deathknight,unholy,48,17,31
Quantumshift,ravencrest,1444,deathknight,unholy,36,23,13
Unholy,ragnaros,1444,deathknight,unholy,38,20,18
Sîck,bladefist,1444,deathknight,unholy,78,29,49
Сенкрул,gordunni,1440,deathknight,unholy,72,48,24
Logoz,dun-modr,1440,deathknight,unholy,30,17,13
Metalist,ravencrest,1440,deathknight,unholy,101,51,50
Sorostew,twisting-nether,1439,deathknight,unholy,56,29,27
Ârtjom,aegwynn,1439,deathknight,unholy,34,17,17
Exoduss,dunemaul,1439,deathknight,unholy,78,38,40
Notsyndra,nemesis,1437,deathknight,unholy,49,25,24
Mîîkkaa,blackhand,1435,deathknight,unholy,42,15,27
Дедхо,soulflayer,1434,deathknight,unholy,62,28,34
Petardodupy,burning-legion,1433,deathknight,unholy,62,32,30
Chrispbacøn,ragnaros,1433,deathknight,unholy,40,19,21
Кристер,lich-king,1433,deathknight,unholy,36,16,20
Спавни,blackscar,1432,deathknight,unholy,153,71,82
Таможникс,soulflayer,1431,deathknight,unholy,29,18,11
Reezeer,stormscale,1431,deathknight,unholy,35,17,18
Мёрдерфэйсх,soulflayer,1430,deathknight,unholy,154,76,78
Pavkata,outland,1430,deathknight,unholy,164,80,84
Wintersir,tarren-mill,1428,deathknight,unholy,41,24,17
Рэндрей,gordunni,1427,deathknight,unholy,51,27,24
Grubbins,kul-tiras,1427,deathknight,unholy,55,29,26
Фалькра,soulflayer,1427,deathknight,unholy,30,15,15
Apatheia,stormscale,1426,deathknight,unholy,28,16,12
Zandruq,twisting-nether,1426,deathknight,unholy,88,47,41
Анихиме,howling-fjord,1426,deathknight,unholy,81,40,41
Gûuts,archimonde,1425,deathknight,unholy,277,144,133
Шейзо,soulflayer,1424,deathknight,unholy,39,22,17
Ithis,zuljin,1422,deathknight,unholy,162,77,85
Ardros,eredar,1422,deathknight,unholy,84,38,46
Späwn,ysondre,1422,deathknight,unholy,64,24,40
Discochoppa,blackmoore,1421,deathknight,unholy,36,15,21
Judythegreat,silvermoon,1420,deathknight,unholy,65,30,35
Ohsevèn,ravencrest,1419,deathknight,unholy,71,38,33
Maradk,drakthul,1419,deathknight,unholy,166,82,84
Анкара,ashenvale,1419,deathknight,unholy,83,41,42
Ínví,aegwynn,1418,deathknight,unholy,96,47,49
Dzwiadke,burning-legion,1418,deathknight,unholy,134,63,71
Wallenschøld,kazzak,1418,deathknight,unholy,36,15,21
Nellath,kazzak,1418,deathknight,unholy,48,16,32
Mìa,kragjin,1417,deathknight,unholy,85,39,46
Аирфрост,howling-fjord,1416,deathknight,unholy,54,25,29
Arxelas,stormscale,1416,deathknight,unholy,72,30,42
Мурмадонище,soulflayer,1413,deathknight,unholy,44,28,16
Cheethdoom,ragnaros,1413,deathknight,unholy,30,15,15
Десхоб,soulflayer,1413,deathknight,unholy,163,66,97
Бреч,gordunni,1413,deathknight,unholy,53,20,33
Xênôrr,archimonde,1411,deathknight,unholy,42,22,20
Empiu,blackhand,1409,deathknight,unholy,42,26,16
Terren,ravencrest,1409,deathknight,unholy,52,29,23
Xirra,tarren-mill,1409,deathknight,unholy,67,33,34
Hêalz,ungoro,1408,deathknight,unholy,66,34,32
Sorcc,burning-legion,1407,deathknight,unholy,130,63,67
Assgripper,hyjal,1406,deathknight,unholy,42,26,16
Negzul,blackmoore,1406,deathknight,unholy,73,39,34
Walkeni,defias-brotherhood,1405,deathknight,unholy,78,35,43
Ullefuz,silvermoon,1404,deathknight,unholy,71,37,34
Estoico,ragnaros,1404,deathknight,unholy,66,32,34
Кланки,soulflayer,1404,deathknight,unholy,76,34,42
Ðaserka,blackrock,1403,deathknight,unholy,23,15,8
Dkbladet,ravencrest,1402,deathknight,unholy,93,48,45
Deathlïght,nemesis,1399,deathknight,unholy,77,41,36
Fosswire,stormscale,1399,deathknight,unholy,36,18,18
Sonofalích,aerie-peak,1397,deathknight,unholy,43,24,19
Plagueknight,ravencrest,1397,deathknight,unholy,42,18,24
Draforce,quelthalas,1396,deathknight,unholy,63,35,28
Lorvetis,malorne,1395,deathknight,unholy,42,19,23
Frostmommy,argent-dawn,1394,deathknight,unholy,87,37,50
Анфалагон,gordunni,1392,deathknight,unholy,114,56,58
Zegaan,kazzak,1391,deathknight,unholy,90,43,47
Blorin,sylvanas,1391,deathknight,unholy,91,41,50
Reapocalypse,blackhand,1389,deathknight,unholy,244,118,126
Darhma,archimonde,1389,deathknight,unholy,56,19,37
Варделон,gordunni,1388,deathknight,unholy,36,23,13
Drachnor,kazzak,1388,deathknight,unholy,42,15,27
Ridire,saurfang,1386,deathknight,unholy,59,31,28
Epoch,azjolnerub,1383,deathknight,unholy,115,52,63
Gaurk,aggra-português,1382,deathknight,unholy,42,24,18
Zarad,scarshield-legion,1379,deathknight,unholy,42,21,21
Fixmybones,frostmane,1378,deathknight,unholy,54,22,32
Дядьдим,soulflayer,1377,deathknight,unholy,39,18,21
Ecoya,blackrock,1376,deathknight,unholy,53,24,29
Fizzdk,pozzo-delleternità,1375,deathknight,unholy,60,28,32
Huekun,draenor,1374,deathknight,unholy,32,20,12
Flawstmourne,kazzak,1374,deathknight,unholy,35,15,20
Veyrøn,kazzak,1372,deathknight,unholy,84,45,39
Томиганн,grom,1372,deathknight,unholy,60,30,30
Juicyjayho,stormscale,1372,deathknight,unholy,36,16,20
Bloodbane,burning-blade,1371,deathknight,unholy,66,29,37
Ziuziu,twisting-nether,1371,deathknight,unholy,48,15,33
Roaredrick,draenor,1370,deathknight,unholy,93,44,49
Tyvra,blackhand,1369,deathknight,unholy,47,17,30
Oßitø,ravencrest,1365,deathknight,unholy,31,17,14
Sictir,stormscale,1363,deathknight,unholy,248,122,126
Laobeef,twisting-nether,1363,deathknight,unholy,41,20,21
Persefal,nemesis,1362,deathknight,unholy,74,33,41
Arthrex,twisting-nether,1360,deathknight,unholy,48,27,21
Bloodkatana,drakthul,1359,deathknight,unholy,60,24,36
Dklékata,archimonde,1356,deathknight,unholy,51,22,29
Unholycard,argent-dawn,1353,deathknight,unholy,78,39,39
Morinosei,twisting-nether,1351,deathknight,unholy,89,48,41
Nekote,silvermoon,1350,deathknight,unholy,33,17,16
Dunklerlord,malfurion,1348,deathknight,unholy,36,17,19
Puppétmastér,kazzak,1345,deathknight,unholy,54,25,29
Jalapeñofan,tarren-mill,1344,deathknight,unholy,81,38,43
Julezer,malganis,1342,deathknight,unholy,30,14,16
Хейткрю,howling-fjord,1342,deathknight,unholy,48,21,27
Zdlol,ghostlands,1341,deathknight,unholy,24,14,10
Charlytango,archimonde,1340,deathknight,unholy,30,14,16
Darkeron,dun-modr,1339,deathknight,unholy,30,17,13
Sveinnhran,kazzak,1339,deathknight,unholy,225,110,115
Zóur,rajaxx,1338,deathknight,unholy,60,31,29
Mamanica,sanguino,1337,deathknight,unholy,36,17,19
Zagoôo,outland,1337,deathknight,unholy,42,14,28
Züg,draenor,1336,deathknight,unholy,120,56,64
Karisteur,azuremyst,1336,deathknight,unholy,30,14,16
Мионеелол,goldrinn,1336,deathknight,unholy,36,14,22
Aesthaetik,draenor,1332,deathknight,unholy,28,16,12
Scotty,ravencrest,1330,deathknight,unholy,30,14,16
Jöndas,drakthul,1329,deathknight,unholy,54,28,26
Тумм,howling-fjord,1329,deathknight,unholy,30,14,16
Armanelo,stormscale,1327,deathknight,unholy,36,14,22
Mayaya,malganis,1326,deathknight,unholy,34,18,16
Kalantii,draenor,1326,deathknight,unholy,36,19,17
Gengàr,tarren-mill,1325,deathknight,unholy,24,14,10
Fentanil,elune,1325,deathknight,unholy,229,116,113
Booneuh,kazzak,1322,deathknight,unholy,36,17,19
Зибак,soulflayer,1322,deathknight,unholy,51,24,27
Teflonphobos,stormreaver,1320,deathknight,unholy,18,14,4
Dunkàn,silvermoon,1318,deathknight,unholy,48,32,16
Darkhallow,thrall,1318,deathknight,unholy,142,76,66
Prænklý,blackrock,1316,deathknight,unholy,60,28,32
Venexia,kazzak,1315,deathknight,unholy,24,14,10
Detrah,argent-dawn,1315,deathknight,unholy,52,27,25
Scareanger,argent-dawn,1309,deathknight,unholy,47,26,21
Riannoc,argent-dawn,1308,deathknight,unholy,30,17,13
Ahlat,blackmoore,1306,deathknight,unholy,89,53,36
Fishtruction,tarren-mill,1306,deathknight,unholy,281,145,136
Алкеокол,soulflayer,1301,deathknight,unholy,33,15,18
Defeated,thrall,1301,deathknight,unholy,81,36,45
Akelæ,draenor,1300,deathknight,unholy,70,35,35
Mojodango,outland,1299,deathknight,unholy,26,15,11
Fluffínator,kazzak,1298,deathknight,unholy,88,45,43
Крикед,soulflayer,1297,deathknight,unholy,102,55,47
Дэбон,howling-fjord,1297,deathknight,unholy,156,74,82
Plagueherald,ravencrest,1296,deathknight,unholy,30,14,16
Астартэс,deathguard,1295,deathknight,unholy,59,29,30
Msvine,kazzak,1294,deathknight,unholy,72,39,33
Táli,tarren-mill,1294,deathknight,unholy,33,14,19
Drayvinn,twisting-nether,1292,deathknight,unholy,54,21,33
Asakim,tarren-mill,1291,deathknight,unholy,29,14,15
Альмон,howling-fjord,1290,deathknight,unholy,42,19,23
Ничер,thermaplugg,1289,deathknight,unholy,24,14,10
Karvaturare,ravencrest,1288,deathknight,unholy,42,15,27
Jihm,silvermoon,1286,deathknight,unholy,141,72,69
Fineral,argent-dawn,1284,deathknight,unholy,56,26,30
Nilodk,nemesis,1282,deathknight,unholy,391,197,194
Endlesspain,burning-legion,1280,deathknight,unholy,58,24,34
Evelys,kazzak,1279,deathknight,unholy,52,24,28
Galayn,burning-legion,1277,deathknight,unholy,33,14,19
Kratagon,thrall,1276,deathknight,unholy,72,25,47
Zracul,nordrassil,1272,deathknight,unholy,85,41,44
Bitdead,doomhammer,1271,deathknight,unholy,42,23,19
Reportmeplz,ragnaros,1270,deathknight,unholy,48,22,26
Necrozy,aggra-português,1269,deathknight,unholy,84,43,41
Емтвоюкиску,soulflayer,1269,deathknight,unholy,33,15,18
Роземайер,ashenvale,1267,deathknight,unholy,84,40,44
Undtot,azshara,1264,deathknight,unholy,36,16,20
Pjthedk,lightbringer,1263,deathknight,unholy,42,21,21
Drenodur,amanthul,1261,deathknight,unholy,24,14,10
Superere,hyjal,1261,deathknight,unholy,36,17,19
Бенечках,gordunni,1257,deathknight,unholy,40,16,24
Tesasd,silvermoon,1255,deathknight,unholy,58,26,32
Orcborg,zuljin,1254,deathknight,unholy,37,18,19
Lothqgar,burning-legion,1251,deathknight,unholy,48,19,29
Âlîce,culte-de-la-rive-noire,1250,deathknight,unholy,42,21,21
Skøurge,silvermoon,1248,deathknight,unholy,201,100,101
Sarkasm,malganis,1248,deathknight,unholy,66,31,35
Chocopeanut,ravencrest,1246,deathknight,unholy,25,15,10
Bigblackgrip,hyjal,1246,deathknight,unholy,30,13,17
Дуонза,blackscar,1244,deathknight,unholy,36,20,16
Elíta,draenor,1242,deathknight,unholy,36,15,21
Schweezlord,tarren-mill,1241,deathknight,unholy,24,13,11
Tyranus,quelthalas,1241,deathknight,unholy,180,82,98
Скизм,howling-fjord,1241,deathknight,unholy,30,13,17
Патриаррх,gordunni,1240,deathknight,unholy,47,25,22
Нарилуне,blackscar,1240,deathknight,unholy,413,204,209
Zúrg,stormscale,1240,deathknight,unholy,30,14,16
Flinsen,blackmoore,1239,deathknight,unholy,86,47,39
Kéréos,hyjal,1238,deathknight,unholy,24,13,11
Diatriss,argent-dawn,1236,deathknight,unholy,69,32,37
Turkknight,outland,1236,deathknight,unholy,30,13,17
Zelbørk,medivh,1235,deathknight,unholy,42,21,21
Khorag,lordaeron,1235,deathknight,unholy,30,13,17
Leyir,shendralar,1233,deathknight,unholy,25,13,12
Планус,booty-bay,1230,deathknight,unholy,30,16,14
Funds,kazzak,1230,deathknight,unholy,30,13,17
Аданаэль,howling-fjord,1228,deathknight,unholy,47,21,26
Крус,blackscar,1227,deathknight,unholy,89,39,50
Serelis,argent-dawn,1226,deathknight,unholy,36,13,23
Lobotomia,burning-blade,1224,deathknight,unholy,67,32,35
Kaletorn,ragnaros,1223,deathknight,unholy,102,50,52
Lilyxtulle,tarren-mill,1221,deathknight,unholy,214,105,109
Younix,silvermoon,1221,deathknight,unholy,48,16,32
Sigarå,twisting-nether,1219,deathknight,unholy,42,19,23
Bämbämpewpew,ravencrest,1218,deathknight,unholy,30,13,17
Jixcore,draenor,1217,deathknight,unholy,48,16,32
Zpartan,ragnaros,1216,deathknight,unholy,54,20,34
Mennal,the-maelstrom,1215,deathknight,unholy,24,13,11
Tanenoss,kazzak,1213,deathknight,unholy,54,21,33
Gothenburger,darksorrow,1212,deathknight,unholy,48,24,24
Feugen,hyjal,1211,deathknight,unholy,24,13,11
Джайвана,soulflayer,1211,deathknight,unholy,259,128,131
Thedx,blades-edge,1208,deathknight,unholy,52,20,32
Деркхаус,soulflayer,1206,deathknight,unholy,24,15,9
Heyabigail,wildhammer,1201,deathknight,unholy,78,30,48
Funnboon,alleria,1200,deathknight,unholy,24,14,10
Obstwald,blackrock,1200,deathknight,unholy,85,43,42
Izanagii,exodar,1200,deathknight,unholy,30,13,17
Squeeze,drakthul,1196,deathknight,unholy,42,17,25
Necrocancerr,twisting-nether,1193,deathknight,unholy,133,61,72
Grubyr,burning-legion,1188,deathknight,unholy,48,19,29
Asakurai,grim-batol,1184,deathknight,unholy,54,30,24
Halohuntress,outland,1183,deathknight,unholy,54,23,31
Razzvy,darkspear,1181,deathknight,unholy,81,34,47
Darkqüeen,sanguino,1180,deathknight,unholy,30,14,16
Homoforsluts,silvermoon,1178,deathknight,unholy,24,15,9
Abnormus,tarren-mill,1175,deathknight,unholy,45,19,26
Ezreo,neptulon,1167,deathknight,unholy,31,14,17
Nestia,emerald-dream,1166,deathknight,unholy,55,26,29
Vrark,forscherliga,1166,deathknight,unholy,28,13,15
Eltorro,ravencrest,1165,deathknight,unholy,42,14,28
Микелон,gordunni,1164,deathknight,unholy,22,13,9
Mupak,drakthul,1164,deathknight,unholy,29,17,12
Tarfu,kazzak,1161,deathknight,unholy,84,41,43
Dezzi,azuremyst,1160,deathknight,unholy,62,31,31
Gùra,sanguino,1160,deathknight,unholy,42,14,28
Дэдушка,gordunni,1159,deathknight,unholy,23,13,10
Radan,stormscale,1152,deathknight,unholy,24,12,12
Fyrkadk,aegwynn,1151,deathknight,unholy,24,12,12
Dklol,dun-morogh,1150,deathknight,unholy,36,14,22
Numnutz,alakir,1149,deathknight,unholy,25,13,12
Usbdock,stormscale,1149,deathknight,unholy,24,12,12
Auru,tarren-mill,1149,deathknight,unholy,63,31,32
Mawdrym,twisting-nether,1146,deathknight,unholy,24,12,12
Micaiah,dun-modr,1146,deathknight,unholy,30,12,18
Клиссанг,razuvious,1146,deathknight,unholy,42,12,30
Rûnâr,proudmoore,1141,deathknight,unholy,21,13,8
Mãshi,hyjal,1140,deathknight,unholy,59,26,33
Grezak,defias-brotherhood,1139,deathknight,unholy,24,12,12
Tilixdk,draenor,1138,deathknight,unholy,30,12,18
Sevatar,zuljin,1137,deathknight,unholy,18,12,6
Dorkmoal,blackmoore,1136,deathknight,unholy,72,26,46
Kailara,draenor,1133,deathknight,unholy,29,12,17
Niex,destromath,1133,deathknight,unholy,30,12,18
Jowân,blackmoore,1131,deathknight,unholy,24,13,11
Dêku,aegwynn,1130,deathknight,unholy,79,44,35
Некронн,grom,1130,deathknight,unholy,73,39,34
Волграл,howling-fjord,1130,deathknight,unholy,34,18,16
Zdan,sylvanas,1128,deathknight,unholy,49,24,25
Feekus,deathwing,1123,deathknight,unholy,18,12,6
Mellowqt,aegwynn,1120,deathknight,unholy,53,25,28
Kazay,madmortem,1119,deathknight,unholy,24,12,12
Кмамехочу,howling-fjord,1115,deathknight,unholy,18,12,6
Híruzen,blackrock,1115,deathknight,unholy,30,15,15
Roykoopa,hyjal,1115,deathknight,unholy,54,24,30
Qmy,outland,1110,deathknight,unholy,52,19,33
Артушадк,soulflayer,1109,deathknight,unholy,72,37,35
Saromón,ravencrest,1101,deathknight,unholy,30,18,12
Cykeljävel,stormreaver,1097,deathknight,unholy,35,12,23
Moartèa,blackhand,1095,deathknight,unholy,29,12,17
Zathron,blackmoore,1087,deathknight,unholy,41,18,23
Gowther,blackmoore,1086,deathknight,unholy,66,37,29
Skeggjold,drakthul,1083,deathknight,unholy,24,12,12
Narrua,die-aldor,1082,deathknight,unholy,47,17,30
Orochimaruo,stormscale,1080,deathknight,unholy,36,15,21
Highmelli,ambossar,1071,deathknight,unholy,84,30,54
Vadamee,ravencrest,1068,deathknight,unholy,71,25,46
Ennigmá,stormscale,1066,deathknight,unholy,24,13,11
Hqxdd,twisting-nether,1066,deathknight,unholy,99,46,53
Karalun,nagrand,1064,deathknight,unholy,72,36,36
Фиджибро,soulflayer,1060,deathknight,unholy,44,17,27
Gravetitan,shattrath,1058,deathknight,unholy,97,44,53
Grisig,twisting-nether,1057,deathknight,unholy,30,18,12
Darkarthás,aegwynn,1056,deathknight,unholy,24,11,13
Ураан,gordunni,1053,deathknight,unholy,22,12,10
Synchronic,stormscale,1053,deathknight,unholy,24,11,13
Feelmyfuri,mazrigos,1053,deathknight,unholy,24,11,13
Dämos,blackmoore,1053,deathknight,unholy,27,12,15
Хенстор,gordunni,1051,deathknight,unholy,24,11,13
Regniér,frostwolf,1050,deathknight,unholy,18,11,7
Mefhesto,tarren-mill,1049,deathknight,unholy,30,11,19
Pamplemouse,burning-blade,1046,deathknight,unholy,85,40,45
Нуурргл,howling-fjord,1046,deathknight,unholy,48,19,29
Shakour,argent-dawn,1044,deathknight,unholy,18,11,7
Балаар,galakrond,1043,deathknight,unholy,30,11,19
Rammsteïn,ravencrest,1042,deathknight,unholy,33,12,21
Flytomoon,argent-dawn,1041,deathknight,unholy,77,36,41
Ilovegouàng,khaz-modan,1041,deathknight,unholy,36,15,21
Eibon,drakthul,1037,deathknight,unholy,18,11,7
Порнпанда,gordunni,1037,deathknight,unholy,24,11,13
Valeriania,burning-legion,1035,deathknight,unholy,44,24,20
Olm,guldan,1028,deathknight,unholy,66,31,35
Beinlausi,dalaran,1026,deathknight,unholy,21,12,9
Мокраявода,soulflayer,1026,deathknight,unholy,94,49,45
Kixx,bloodfeather,1026,deathknight,unholy,88,37,51
Adlatus,malganis,1025,deathknight,unholy,24,15,9
Larvalîs,blackmoore,1025,deathknight,unholy,48,24,24
Taylorswiift,tarren-mill,1023,deathknight,unholy,17,11,6
Lifetakergr,sylvanas,1023,deathknight,unholy,22,11,11
Nenadvs,ravencrest,1022,deathknight,unholy,23,11,12
Icyplague,ravencrest,1018,deathknight,unholy,20,12,8
Малп,gordunni,1018,deathknight,unholy,42,24,18
Assasínator,tarren-mill,1017,deathknight,unholy,205,105,100
Kaldhan,nemesis,1017,deathknight,unholy,30,13,17
Scorbion,kilrogg,1015,deathknight,unholy,24,11,13
Рэкставр,soulflayer,1014,deathknight,unholy,64,33,31
Kachie,stormscale,1004,deathknight,unholy,23,11,12
Takåtry,archimonde,1004,deathknight,unholy,30,14,16
Alameda,nathrezim,1001,deathknight,unholy,30,12,18
Kisenth,doomhammer,1000,deathknight,unholy,48,28,20
Tyrannus,earthen-ring,1000,deathknight,unholy,23,13,10
Охъламон,soulflayer,999,deathknight,unholy,112,48,64
Braastad,sylvanas,989,deathknight,unholy,66,35,31
Gathalion,the-maelstrom,980,deathknight,unholy,48,28,20
Ashlëy,kaelthas,978,deathknight,unholy,156,74,82
Квашонка,howling-fjord,972,deathknight,unholy,84,28,56
Kaliro,sylvanas,960,deathknight,unholy,18,10,8
Бешенсство,soulflayer,960,deathknight,unholy,18,10,8
Кромгондк,soulflayer,960,deathknight,unholy,24,10,14
Spom,elune,960,deathknight,unholy,30,10,20
Ravencraft,azjolnerub,959,deathknight,unholy,18,10,8
Olriklol,dentarg,959,deathknight,unholy,18,10,8
Noizt,ravencrest,959,deathknight,unholy,18,10,8
Silvergreed,kazzak,959,deathknight,unholy,24,10,14
Rimda,twisting-nether,958,deathknight,unholy,18,10,8
Bølvar,zuljin,958,deathknight,unholy,18,10,8
Drogba,burning-blade,958,deathknight,unholy,18,10,8
Demonium,twisting-nether,958,deathknight,unholy,27,11,16
Cyphîllyth,auchindoun,957,deathknight,unholy,18,10,8
Katakurî,blackmoore,957,deathknight,unholy,24,10,14
Darknemesis,nemesis,957,deathknight,unholy,24,10,14
Smightydk,kazzak,956,deathknight,unholy,18,10,8
Fpsrvg,minahonda,956,deathknight,unholy,53,23,30
Kàrásu,eredar,956,deathknight,unholy,24,10,14
Restodrowd,tarren-mill,955,deathknight,unholy,57,29,28
Syncros,blackrock,955,deathknight,unholy,24,10,14
Корольбич,soulflayer,954,deathknight,unholy,24,10,14
Nickolass,skullcrusher,953,deathknight,unholy,48,22,26
Azrìal,agamaggan,951,deathknight,unholy,24,10,14
Aguroh,khaz-modan,937,deathknight,unholy,36,16,20
Sarconis,quelthalas,927,deathknight,unholy,17,10,7
Jess,blackhand,926,deathknight,unholy,65,33,32
Fidaii,sylvanas,923,deathknight,unholy,36,16,20
Rognvald,les-sentinelles,921,deathknight,unholy,47,23,24
Rayliegh,silvermoon,891,deathknight,unholy,17,10,7
Лордэнергон,gordunni,888,deathknight,unholy,16,10,6
Kahp,tarren-mill,878,deathknight,unholy,27,11,16
Unzul,twisting-nether,869,deathknight,unholy,18,10,8
Thyrandre,khaz-modan,869,deathknight,unholy,76,29,47
Uhlmer,argent-dawn,864,deathknight,unholy,12,9,3
Fabricios,blackrock,864,deathknight,unholy,12,9,3
Gáïà,blackmoore,864,deathknight,unholy,12,9,3
Диджейфрау,deathguard,864,deathknight,unholy,18,9,9
Fringles,twisting-nether,864,deathknight,unholy,18,9,9
Goochtickler,kazzak,864,deathknight,unholy,18,9,9
Diabeticus,the-maelstrom,864,deathknight,unholy,18,9,9
Puzikovatr,tarren-mill,864,deathknight,unholy,24,9,15
Mateusz,lightbringer,863,deathknight,unholy,12,9,3
Styxdk,blackhand,863,deathknight,unholy,18,9,9
Gosuhat,kazzak,863,deathknight,unholy,18,9,9
Oxxöw,draenor,863,deathknight,unholy,24,9,15
Råyzen,draenor,863,deathknight,unholy,24,9,15
Frostplague,aegwynn,863,deathknight,unholy,24,9,15
Dimania,the-maelstrom,863,deathknight,unholy,30,9,21
Westdx,hyjal,862,deathknight,unholy,18,9,9
Jujudk,tarren-mill,862,deathknight,unholy,18,9,9
Vrez,argent-dawn,862,deathknight,unholy,24,9,15
Alroc,blackrock,862,deathknight,unholy,30,9,21
Goblinslayer,zuljin,861,deathknight,unholy,24,9,15
Valanaari,argent-dawn,861,deathknight,unholy,24,9,15
Потный,soulflayer,861,deathknight,unholy,35,11,24
Kaeyz,blackmoore,861,deathknight,unholy,30,9,21
Dreamgirl,sylvanas,860,deathknight,unholy,30,14,16
Тзинч,soulflayer,859,deathknight,unholy,18,9,9
Mediul,magtheridon,859,deathknight,unholy,24,9,15
Dzahnecro,archimonde,858,deathknight,unholy,18,9,9
Данарион,howling-fjord,858,deathknight,unholy,24,9,15
Джагат,gordunni,856,deathknight,unholy,30,12,18
Dalenn,kazzak,856,deathknight,unholy,24,9,15
Бланки,deathweaver,855,deathknight,unholy,24,9,15
Хуаролуксс,gordunni,854,deathknight,unholy,27,10,17
Marcianorock,dalaran,850,deathknight,unholy,18,9,9
Mailasse,dalaran,848,deathknight,unholy,16,10,6
Deathcleave,burning-legion,845,deathknight,unholy,23,9,14
Lastdragon,dun-modr,840,deathknight,unholy,42,16,26
Oldu,haomarush,836,deathknight,unholy,63,28,35
Жекабыкует,borean-tundra,836,deathknight,unholy,38,14,24
Darkarnø,chants-éternels,835,deathknight,unholy,59,22,37
Cryistyx,draenor,828,deathknight,unholy,14,10,4
Zot,twisting-nether,814,deathknight,unholy,18,10,8
Arrakìs,nemesis,811,deathknight,unholy,21,10,11
Shackles,ravencrest,803,deathknight,unholy,17,9,8
Flúrrý,ravencrest,799,deathknight,unholy,17,9,8
Angalor,argent-dawn,798,deathknight,unholy,17,9,8
Шмуркич,gordunni,798,deathknight,unholy,23,10,13
Alielib,eredar,794,deathknight,unholy,70,22,48
Critycal,draenor,768,deathknight,unholy,12,8,4
Dìscus,nemesis,768,deathknight,unholy,12,8,4
Preddktwo,twisting-nether,768,deathknight,unholy,12,8,4
Aladonreith,zenedar,768,deathknight,unholy,12,8,4
Psychopathz,tarren-mill,768,deathknight,unholy,12,8,4
Wórzzag,arygos,768,deathknight,unholy,12,8,4
Barnëylord,argent-dawn,768,deathknight,unholy,12,8,4
Шадоудез,gordunni,768,deathknight,unholy,12,8,4
Necrotickiss,frostwolf,768,deathknight,unholy,12,8,4
Xisaark,blackrock,768,deathknight,unholy,18,8,10
Fatøumatata,archimonde,768,deathknight,unholy,18,8,10
Glower,burning-blade,768,deathknight,unholy,18,8,10
Zatrina,blackrock,768,deathknight,unholy,24,8,16
Dariusgrip,kazzak,768,deathknight,unholy,24,8,16
Dreshtarg,draenor,768,deathknight,unholy,24,8,16
Quazy,draenor,768,deathknight,unholy,30,8,22
Menstruelle,chants-éternels,767,deathknight,unholy,12,8,4
Deathpaladin,blackmoore,767,deathknight,unholy,12,8,4
Mcbc,silvermoon,767,deathknight,unholy,12,8,4
Дискодансер,ashenvale,767,deathknight,unholy,12,8,4
Amelia,ambossar,767,deathknight,unholy,12,8,4
Bonethugg,burning-legion,767,deathknight,unholy,18,8,10
Blácklíght,silvermoon,767,deathknight,unholy,18,8,10
Deathkanta,antonidas,767,deathknight,unholy,18,8,10
Shewoman,stormreaver,767,deathknight,unholy,18,8,10
Apocalypse,ravencrest,767,deathknight,unholy,18,8,10
Cyliandra,silvermoon,767,deathknight,unholy,27,9,18
Demonicaltar,dalaran,767,deathknight,unholy,24,8,16
Luzifear,bloodscalp,767,deathknight,unholy,24,8,16
Nuadar,outland,767,deathknight,unholy,24,8,16
Brogard,tarren-mill,766,deathknight,unholy,12,8,4
Payat,aegwynn,766,deathknight,unholy,12,8,4
Nevmyrayka,silvermoon,766,deathknight,unholy,16,9,7
Krinoe,dalaran,766,deathknight,unholy,18,8,10
Auggee,ravencrest,766,deathknight,unholy,18,8,10
Zombienatíon,silvermoon,766,deathknight,unholy,24,8,16
Appdeath,azjolnerub,764,deathknight,unholy,12,8,4
Trigárdon,antonidas,764,deathknight,unholy,58,28,30
Zanretxd,outland,764,deathknight,unholy,20,8,12
Eddrich,aegwynn,764,deathknight,unholy,24,8,16
Mjölnir,sanguino,764,deathknight,unholy,24,8,16
Vexinux,outland,763,deathknight,unholy,24,8,16
Жупело,gordunni,762,deathknight,unholy,12,8,4
Latindvergur,sylvanas,762,deathknight,unholy,18,8,10
Iiwen,blackrock,762,deathknight,unholy,24,8,16
Neorteriona,argent-dawn,762,deathknight,unholy,24,8,16
Kazagoth,draenor,761,deathknight,unholy,18,8,10
Badbrian,draenor,760,deathknight,unholy,12,8,4
Gigazord,ysondre,758,deathknight,unholy,18,8,10
Unsuspected,kazzak,758,deathknight,unholy,24,8,16
Euphorius,azuremyst,752,deathknight,unholy,16,9,7
Milfgrabber,archimonde,751,deathknight,unholy,23,8,15
Homunculas,twisting-nether,750,deathknight,unholy,17,8,9
Bhishma,blades-edge,749,deathknight,unholy,12,8,4
Ricardiob,argent-dawn,748,deathknight,unholy,16,9,7
Morssal,outland,748,deathknight,unholy,17,8,9
Stepknìght,draenor,734,deathknight,unholy,17,8,9
Aldramil,gorgonnash,726,deathknight,unholy,24,9,15
Arthursq,stormscale,713,deathknight,unholy,103,36,67
Deathuss,silvermoon,702,deathknight,unholy,22,8,14
Erector,norgannon,683,deathknight,unholy,23,10,13
Cortessá,rexxar,672,deathknight,unholy,12,7,5
Vaalur,dalaran,672,deathknight,unholy,12,7,5
Спамлюоковы,gordunni,672,deathknight,unholy,12,7,5
Bericks,silvermoon,672,deathknight,unholy,12,7,5
Moonpoxdk,nerathor,672,deathknight,unholy,12,7,5
Cervä,kazzak,672,deathknight,unholy,12,7,5
Vorrén,tarren-mill,672,deathknight,unholy,12,7,5
Hyperflexz,blackrock,672,deathknight,unholy,14,7,7
Skylerblack,kazzak,672,deathknight,unholy,18,7,11
Soulchaos,ravencrest,672,deathknight,unholy,18,7,11
Никнейм,gordunni,672,deathknight,unholy,18,7,11
Dextroyersx,sanguino,672,deathknight,unholy,18,7,11
Hoar,blackrock,672,deathknight,unholy,18,7,11
Gadres,aegwynn,672,deathknight,unholy,18,7,11
Moccababe,argent-dawn,672,deathknight,unholy,18,7,11
Sythuss,argent-dawn,672,deathknight,unholy,18,7,11
Чумазная,howling-fjord,672,deathknight,unholy,18,7,11
Unholykebab,defias-brotherhood,672,deathknight,unholy,18,7,11
Wttdmg,kazzak,672,deathknight,unholy,18,7,11
Keet,turalyon,672,deathknight,unholy,21,8,13
Depleterus,blackrock,672,deathknight,unholy,24,7,17
Падшийрыцарь,gordunni,671,deathknight,unholy,12,7,5
Cmonbruvv,outland,671,deathknight,unholy,12,7,5
Ardulin,burning-legion,671,deathknight,unholy,12,7,5
Theamine,silvermoon,671,deathknight,unholy,12,7,5
Lùrtzz,frostwolf,671,deathknight,unholy,12,7,5
Darkéi,outland,671,deathknight,unholy,12,7,5
Rotbone,drakthul,671,deathknight,unholy,12,7,5
Моргаррок,soulflayer,671,deathknight,unholy,12,7,5
Дезентирия,soulflayer,671,deathknight,unholy,15,7,8
Creepzor,tarren-mill,671,deathknight,unholy,18,7,11
Lìlïth,kazzak,671,deathknight,unholy,18,7,11
Mcrune,ravencrest,671,deathknight,unholy,18,7,11
Ráisy,outland,671,deathknight,unholy,24,7,17
Shiryú,ravencrest,671,deathknight,unholy,24,7,17
Думсдэйи,gordunni,670,deathknight,unholy,12,7,5
Riseofpovver,twisting-nether,670,deathknight,unholy,12,7,5
Crudelias,aegwynn,670,deathknight,unholy,12,7,5
Amencore,kazzak,670,deathknight,unholy,14,7,7
Sulf,burning-legion,670,deathknight,unholy,18,7,11
Kranker,thrall,670,deathknight,unholy,18,7,11
Dmaarr,drakthul,670,deathknight,unholy,18,7,11
Deathclapp,twisting-nether,670,deathknight,unholy,18,7,11
Darkboss,minahonda,670,deathknight,unholy,18,7,11
Beherith,sunstrider,669,deathknight,unholy,12,7,5
Akuji,dragonmaw,669,deathknight,unholy,12,7,5
Gothral,doomhammer,665,deathknight,unholy,12,7,5
Ahin,antonidas,664,deathknight,unholy,12,7,5
Naerys,ysondre,662,deathknight,unholy,18,7,11
Redzone,ravencrest,639,deathknight,unholy,23,7,16
Ogomegee,ravencrest,638,deathknight,unholy,16,7,9
Cremefresh,ragnaros,624,deathknight,unholy,15,7,8
Дкмонт,deathguard,623,deathknight,unholy,17,7,10
Eli,dalaran,620,deathknight,unholy,17,7,10
Kazagul,blackrock,620,deathknight,unholy,21,7,14
Ashgôrath,defias-brotherhood,607,deathknight,unholy,20,7,13
Vargass,darksorrow,598,deathknight,unholy,14,7,7
Verminosis,argent-dawn,576,deathknight,unholy,9,7,2
Mêlian,blackmoore,576,deathknight,unholy,12,6,6
Wpízdu,aegwynn,576,deathknight,unholy,12,6,6
Huxleeyys,draenor,576,deathknight,unholy,12,6,6
Kyusuke,blackhand,576,deathknight,unholy,12,6,6
Lemain,drakthul,576,deathknight,unholy,12,6,6
Swordkill,drakthul,576,deathknight,unholy,12,6,6
Янатащи,gordunni,576,deathknight,unholy,12,6,6
Nephalêm,thrall,576,deathknight,unholy,12,6,6
Myeltior,kazzak,576,deathknight,unholy,12,6,6
Kurían,burning-legion,576,deathknight,unholy,12,6,6
Ymirzo,outland,576,deathknight,unholy,12,6,6
Tobtób,antonidas,576,deathknight,unholy,12,6,6
Uqrdk,twisting-nether,576,deathknight,unholy,12,6,6
Sfintter,uldum,576,deathknight,unholy,12,6,6
Ketnissq,blackrock,576,deathknight,unholy,12,6,6
Duriel,stormscale,576,deathknight,unholy,12,6,6
Merekx,emerald-dream,576,deathknight,unholy,12,6,6
Babs,sylvanas,576,deathknight,unholy,12,6,6
Nerinth,burning-legion,576,deathknight,unholy,12,6,6
Petergrippin,dragonblight,576,deathknight,unholy,12,6,6
Gigadk,ragnaros,576,deathknight,unholy,12,6,6
Tombkeeper,silvermoon,576,deathknight,unholy,12,6,6
Kane,destromath,576,deathknight,unholy,13,6,7
Critgødx,draenor,576,deathknight,unholy,13,6,7
Bubbledeath,tarren-mill,576,deathknight,unholy,18,6,12
Morgianà,argent-dawn,576,deathknight,unholy,18,6,12
Itokawa,tarren-mill,576,deathknight,unholy,18,6,12
Elisaron,silvermoon,576,deathknight,unholy,18,6,12
Pestikus,thrall,576,deathknight,unholy,18,6,12
Exult,twisting-nether,576,deathknight,unholy,18,6,12
Deathboost,archimonde,576,deathknight,unholy,18,6,12
Tyranuse,kazzak,576,deathknight,unholy,24,6,18
Helixsdk,outland,576,deathknight,unholy,26,6,20
Nefertitï,kazzak,576,deathknight,unholy,30,6,24
Pangen,ravencrest,576,deathknight,unholy,36,6,30
Ququ,twisting-nether,575,deathknight,unholy,12,6,6
Zegò,silvermoon,575,deathknight,unholy,12,6,6
Archdemonio,wildhammer,575,deathknight,unholy,12,6,6
Dekatos,twisting-nether,575,deathknight,unholy,12,6,6
Zathy,twisting-nether,575,deathknight,unholy,12,6,6
Oldiseas,grim-batol,575,deathknight,unholy,12,6,6
Havi,thunderhorn,575,deathknight,unholy,12,6,6
Deathmaiden,outland,575,deathknight,unholy,12,6,6
Mosscraciun,kazzak,575,deathknight,unholy,12,6,6
Aliostar,sylvanas,575,deathknight,unholy,14,6,8
Касуляпвнз,gordunni,575,deathknight,unholy,18,6,12
Vahllas,blackhand,575,deathknight,unholy,18,6,12
Namfuuh,blackrock,575,deathknight,unholy,24,6,18
Adria,jaedenar,574,deathknight,unholy,12,6,6
Luciferyan,twisting-nether,574,deathknight,unholy,12,6,6
Nephenty,der-rat-von-dalaran,574,deathknight,unholy,12,6,6
Fortinateur,dalaran,573,deathknight,unholy,12,6,6
Keenda,kirin-tor,572,deathknight,unholy,13,7,6
Cervanteso,uldum,571,deathknight,unholy,12,6,6
Kirkster,terokkar,570,deathknight,unholy,18,6,12
Hailandher,nemesis,565,deathknight,unholy,12,6,6
Darklotus,chamber-of-aspects,543,deathknight,unholy,22,6,16
Keltòr,antonidas,539,deathknight,unholy,17,6,11
Darkarthâs,ravencrest,528,deathknight,unholy,9,7,2
Даркслэш,howling-fjord,522,deathknight,unholy,23,8,15
Deadpòól,twisting-nether,521,deathknight,unholy,33,7,26
Nirna,argent-dawn,514,deathknight,unholy,39,6,33
Seal,lightnings-blade,511,deathknight,unholy,26,9,17
Roundoné,kazzak,480,deathknight,unholy,6,5,1
Dromor,echsenkessel,480,deathknight,unholy,6,5,1
Roids,twisting-nether,480,deathknight,unholy,6,5,1
Darthlenin,dentarg,480,deathknight,unholy,6,5,1
Twardobaba,burning-legion,480,deathknight,unholy,6,5,1
Náthrakh,argent-dawn,480,deathknight,unholy,6,5,1
Painrune,nordrassil,480,deathknight,unholy,12,5,7
Gigacow,outland,480,deathknight,unholy,12,5,7
Phrek,outland,480,deathknight,unholy,12,5,7
Urkanis,hyjal,480,deathknight,unholy,12,5,7
Kelebglin,silvermoon,480,deathknight,unholy,12,5,7
Cipisza,drakthul,480,deathknight,unholy,12,5,7
Sipsip,tarren-mill,480,deathknight,unholy,12,5,7
Дэспэр,gordunni,480,deathknight,unholy,12,5,7
Aest,blackhand,480,deathknight,unholy,12,5,7
Stipemiocic,nemesis,480,deathknight,unholy,12,5,7
Rêxaks,dun-modr,480,deathknight,unholy,12,5,7
Boreghar,drakthul,480,deathknight,unholy,12,5,7
Cbalife,ragnaros,480,deathknight,unholy,12,5,7
Christldeath,blackrock,480,deathknight,unholy,12,5,7
Salzalara,draenor,480,deathknight,unholy,12,5,7
Clérora,argent-dawn,480,deathknight,unholy,12,5,7
Тидог,ashenvale,480,deathknight,unholy,12,5,7
Шэйп,fordragon,480,deathknight,unholy,12,5,7
Миракл,howling-fjord,480,deathknight,unholy,12,5,7
Zhugzug,ragnaros,480,deathknight,unholy,12,5,7
Frostich,ragnaros,480,deathknight,unholy,12,5,7
Zyknight,silvermoon,480,deathknight,unholy,12,5,7
Dêeath,madmortem,480,deathknight,unholy,12,5,7
Kaenor,sporeggar,480,deathknight,unholy,12,5,7
Gripshiftr,kazzak,480,deathknight,unholy,12,5,7
Unholybezerk,darkspear,480,deathknight,unholy,12,5,7
Fenn,dentarg,480,deathknight,unholy,12,5,7
Necroslap,blackhand,480,deathknight,unholy,18,5,13
Frostbone,ravencrest,480,deathknight,unholy,18,5,13
Luciferon,zenedar,480,deathknight,unholy,18,5,13
Тоши,fordragon,480,deathknight,unholy,18,5,13
Xad,blackrock,480,deathknight,unholy,18,5,13
Plaguecloud,kazzak,480,deathknight,unholy,18,5,13
Maxïmus,argent-dawn,480,deathknight,unholy,24,5,19
Cässius,dun-modr,480,deathknight,unholy,30,5,25
Rafuki,stormscale,479,deathknight,unholy,12,6,6
Darioo,magtheridon,479,deathknight,unholy,12,5,7
Мордаворот,gordunni,479,deathknight,unholy,12,5,7
Crostrike,kazzak,479,deathknight,unholy,12,5,7
Еххел,soulflayer,479,deathknight,unholy,12,5,7
Трибублика,howling-fjord,479,deathknight,unholy,18,5,13
Kraken,aerie-peak,479,deathknight,unholy,18,5,13
Jonyo,silvermoon,479,deathknight,unholy,24,5,19
Hacknorris,aegwynn,478,deathknight,unholy,12,5,7
Jarhèad,grim-batol,476,deathknight,unholy,22,7,15
Superpotatoh,silvermoon,463,deathknight,unholy,17,5,12
Kavour,tarren-mill,447,deathknight,unholy,8,6,2
Calhoun,teldrassil,447,deathknight,unholy,11,5,6
Shadowgohst,dun-morogh,440,deathknight,unholy,14,6,8
Runeburst,draenor,399,deathknight,unholy,13,5,8
Runeblade,shattered-hand,384,deathknight,unholy,6,4,2
Dragamanca,shendralar,384,deathknight,unholy,6,4,2
Deathfrqst,ysondre,384,deathknight,unholy,6,4,2
Wtfisthisdmg,blackmoore,384,deathknight,unholy,6,4,2
Радиосмерти,gordunni,384,deathknight,unholy,6,4,2
Neph,sanguino,384,deathknight,unholy,6,4,2
Mangemicro,archimonde,384,deathknight,unholy,6,4,2
Copium,hyjal,384,deathknight,unholy,6,4,2
Khoragän,hyjal,384,deathknight,unholy,6,4,2
Soulrender,kirin-tor,384,deathknight,unholy,6,4,2
Budgetarthas,arthas,384,deathknight,unholy,6,4,2
Cówboylayla,stormscale,384,deathknight,unholy,6,4,2
Viseria,wrathbringer,384,deathknight,unholy,6,4,2
Yggrauthr,argent-dawn,384,deathknight,unholy,6,4,2
Tigros,burning-legion,384,deathknight,unholy,6,4,2
Kãzan,archimonde,384,deathknight,unholy,6,4,2
Kalhyst,archimonde,384,deathknight,unholy,6,4,2
Hólix,kazzak,384,deathknight,unholy,6,4,2
Torbille,archimonde,384,deathknight,unholy,6,4,2
Shlongripper,silvermoon,384,deathknight,unholy,6,4,2
Zyôs,blackmoore,384,deathknight,unholy,6,4,2
Lichkunt,stormscale,384,deathknight,unholy,6,4,2
Buldog,laughing-skull,384,deathknight,unholy,6,4,2
Helmich,frostmane,384,deathknight,unholy,6,4,2
Redduck,silvermoon,384,deathknight,unholy,6,4,2
Yerssinia,sylvanas,384,deathknight,unholy,6,4,2
Pängei,frostwolf,384,deathknight,unholy,12,4,8
Bayur,antonidas,384,deathknight,unholy,12,4,8
Razdig,dun-modr,384,deathknight,unholy,12,4,8
Volkovitch,archimonde,384,deathknight,unholy,12,4,8
Tixoz,archimonde,384,deathknight,unholy,12,4,8
Derimathras,stormscale,384,deathknight,unholy,12,4,8
Gruzzaghkull,azuremyst,384,deathknight,unholy,12,4,8
Fatuglyrat,kazzak,384,deathknight,unholy,12,4,8
Rouskkoff,hyjal,384,deathknight,unholy,12,4,8
Skypowerxx,darkspear,384,deathknight,unholy,12,4,8
Wlcrealworld,ravencrest,384,deathknight,unholy,12,4,8
Servein,stormscale,384,deathknight,unholy,12,4,8
Брейвз,gordunni,384,deathknight,unholy,12,4,8
Mustakäsi,ravencrest,384,deathknight,unholy,12,4,8
Nathriel,stormscale,384,deathknight,unholy,12,4,8
Vezthel,stormscale,384,deathknight,unholy,12,4,8
Хлопайпопой,howling-fjord,384,deathknight,unholy,12,4,8
Виндрукс,soulflayer,384,deathknight,unholy,12,4,8
Sekkah,tarren-mill,384,deathknight,unholy,12,4,8
Thoir,ahnqiraj,384,deathknight,unholy,12,4,8
Szayestra,draenor,384,deathknight,unholy,12,4,8
Лордтемар,howling-fjord,384,deathknight,unholy,12,4,8
Trashdk,blackrock,384,deathknight,unholy,12,4,8
Колхозник,howling-fjord,384,deathknight,unholy,12,4,8
Binknight,argent-dawn,384,deathknight,unholy,12,4,8
Dreadmind,blackrock,384,deathknight,unholy,12,4,8
Amesz,tarren-mill,384,deathknight,unholy,12,4,8
Sovietonions,marécage-de-zangar,384,deathknight,unholy,12,4,8
Intrigo,blackmoore,384,deathknight,unholy,12,4,8
Пикачухха,soulflayer,384,deathknight,unholy,12,4,8
Cervâ,twisting-nether,384,deathknight,unholy,12,4,8
Pändörä,uldum,384,deathknight,unholy,18,4,14
Blòópy,silvermoon,384,deathknight,unholy,18,4,14
Rades,sanguino,384,deathknight,unholy,18,4,14
Madseason,burning-legion,384,deathknight,unholy,18,4,14
Pottifar,tarren-mill,384,deathknight,unholy,18,4,14
Brurf,ysondre,384,deathknight,unholy,18,4,14
Freakabiceps,draenor,384,deathknight,unholy,18,4,14
Dizin,ravencrest,384,deathknight,unholy,19,4,15
Bargane,twilights-hammer,383,deathknight,unholy,6,4,2
Zoombie,draenor,383,deathknight,unholy,6,4,2
Flippmo,argent-dawn,383,deathknight,unholy,9,5,4
Хворной,howling-fjord,383,deathknight,unholy,12,4,8
Украшение,galakrond,383,deathknight,unholy,12,4,8
Aczheron,argent-dawn,383,deathknight,unholy,12,4,8
Droughun,drakthul,383,deathknight,unholy,18,4,14
Kolman,drakthul,382,deathknight,unholy,6,4,2
Jimundo,ravencrest,382,deathknight,unholy,12,4,8
Narancha,haomarush,381,deathknight,unholy,12,4,8
Darkangelina,aggra-português,378,deathknight,unholy,12,4,8
Варрлнишнс,soulflayer,367,deathknight,unholy,11,4,7
Millknight,norgannon,341,deathknight,unholy,15,6,9
Shining,blackrock,330,deathknight,unholy,25,6,19
Ikarack,twisting-nether,319,deathknight,unholy,8,4,4
Randomdkxd,ravencrest,304,deathknight,unholy,13,4,9
Saryn,burning-steppes,304,deathknight,unholy,13,4,9
Darkeolos,twisting-nether,303,deathknight,unholy,7,4,3
Amentet,anetheron,288,deathknight,unholy,10,5,5
Sonervous,hyjal,288,deathknight,unholy,6,3,3
Mocca,aegwynn,288,deathknight,unholy,6,3,3
Rävjakt,twisting-nether,288,deathknight,unholy,6,3,3
Krookidk,archimonde,288,deathknight,unholy,6,3,3
Døddrukken,ragnaros,288,deathknight,unholy,6,3,3
Smalldk,silvermoon,288,deathknight,unholy,6,3,3
Galsi,silvermoon,288,deathknight,unholy,6,3,3
Deãth,archimonde,288,deathknight,unholy,6,3,3
Knoxhult,kazzak,288,deathknight,unholy,6,3,3
Krozzytwo,draenor,288,deathknight,unholy,6,3,3
Galgalí,blackmoore,288,deathknight,unholy,6,3,3
Тряпьё,galakrond,288,deathknight,unholy,6,3,3
Небишоп,howling-fjord,288,deathknight,unholy,6,3,3
Soseiuchi,sargeras,288,deathknight,unholy,6,3,3
Løz,kazzak,288,deathknight,unholy,6,3,3
Kalenis,nemesis,288,deathknight,unholy,6,3,3
Zêlëph,archimonde,288,deathknight,unholy,6,3,3
Blueironjr,kazzak,288,deathknight,unholy,6,3,3
Израф,soulflayer,288,deathknight,unholy,6,3,3
Dëmise,ravencrest,288,deathknight,unholy,6,3,3
Bigbaboon,stormreaver,288,deathknight,unholy,6,3,3
Heresjohny,stormrage,288,deathknight,unholy,6,3,3
Zfeuda,azshara,288,deathknight,unholy,6,3,3
Darkrolexx,blackhand,288,deathknight,unholy,6,3,3
Uridk,sanguino,288,deathknight,unholy,6,3,3
Xiddy,quelthalas,288,deathknight,unholy,6,3,3
Grippyb,tarren-mill,288,deathknight,unholy,6,3,3
Snowlegend,der-mithrilorden,288,deathknight,unholy,6,3,3
Luñatic,sylvanas,288,deathknight,unholy,6,3,3
Блодскал,howling-fjord,288,deathknight,unholy,6,3,3
Soloqueuedk,ravencrest,288,deathknight,unholy,6,3,3
Gbdk,xavius,288,deathknight,unholy,6,3,3
Unglück,die-aldor,288,deathknight,unholy,6,3,3
Dakyforfun,ravencrest,288,deathknight,unholy,6,3,3
Карвалан,eversong,288,deathknight,unholy,6,3,3
Пашина,gordunni,288,deathknight,unholy,6,3,3
Dktyro,ravencrest,288,deathknight,unholy,6,3,3
Joyt,argent-dawn,288,deathknight,unholy,6,3,3
Spliddy,ravencrest,288,deathknight,unholy,6,3,3
Рончикк,gordunni,288,deathknight,unholy,6,3,3
Hasbullagødx,blackrock,288,deathknight,unholy,6,3,3
Jénga,ghostlands,288,deathknight,unholy,6,3,3
Fredriksend,argent-dawn,288,deathknight,unholy,6,3,3
Masakryczny,burning-legion,288,deathknight,unholy,6,3,3
Arâsk,blackmoore,288,deathknight,unholy,6,3,3
Zaxrel,burning-legion,288,deathknight,unholy,6,3,3
Bloodykushin,burning-legion,288,deathknight,unholy,6,3,3
Hurubur,ravencrest,288,deathknight,unholy,6,3,3
Vip,argent-dawn,288,deathknight,unholy,6,3,3
Ватачка,gordunni,288,deathknight,unholy,6,3,3
Antrinian,turalyon,288,deathknight,unholy,6,3,3
Spratz,kazzak,288,deathknight,unholy,11,3,8
Nmedk,grim-batol,288,deathknight,unholy,15,4,11
Worldwiynd,ravencrest,288,deathknight,unholy,12,3,9
Sélyne,ysondre,288,deathknight,unholy,12,3,9
Whiskine,aggramar,288,deathknight,unholy,12,3,9
Lewro,drakthul,288,deathknight,unholy,12,3,9
Infamousmobb,archimonde,288,deathknight,unholy,12,3,9
Акерисса,gordunni,288,deathknight,unholy,12,3,9
Эвессом,goldrinn,288,deathknight,unholy,12,3,9
Plaguebones,ravencrest,288,deathknight,unholy,12,3,9
Dagë,twisting-nether,288,deathknight,unholy,12,3,9
Zixcommixx,hyjal,288,deathknight,unholy,12,3,9
Asarth,silvermoon,288,deathknight,unholy,12,3,9
Mizrael,burning-blade,288,deathknight,unholy,12,3,9
Ecatholicus,silvermoon,288,deathknight,unholy,12,3,9
Ste,tarren-mill,288,deathknight,unholy,12,3,9
Lair,shendralar,288,deathknight,unholy,12,3,9
Морталес,azuregos,288,deathknight,unholy,12,3,9
Alakiah,khaz-modan,288,deathknight,unholy,12,3,9
Elmyo,argent-dawn,288,deathknight,unholy,12,3,9
Benetleilax,bronzebeard,288,deathknight,unholy,12,3,9
Maagbloeding,sylvanas,288,deathknight,unholy,12,3,9
Hexenköníg,frostmourne,288,deathknight,unholy,12,3,9
Smurm,stormscale,288,deathknight,unholy,12,3,9
Chains,sanguino,288,deathknight,unholy,12,3,9
Gongroosh,blackrock,288,deathknight,unholy,12,3,9
Adlian,twisting-nether,288,deathknight,unholy,12,3,9
Drraugrinn,tarren-mill,288,deathknight,unholy,12,3,9
Atakan,nemesis,287,deathknight,unholy,6,3,3
Ideath,executus,287,deathknight,unholy,6,3,3
Ослаад,gordunni,287,deathknight,unholy,6,3,3
Каскадёрка,howling-fjord,287,deathknight,unholy,12,3,9
Mámmôn,malygos,287,deathknight,unholy,13,3,10
Abyad,dalaran,285,deathknight,unholy,12,3,9
Шарабум,howling-fjord,272,deathknight,unholy,17,4,13
Отвян,gordunni,256,deathknight,unholy,10,3,7
Ghary,blackhand,256,deathknight,unholy,10,3,7
Hateem,sylvanas,255,deathknight,unholy,11,3,8
Miruvar,tarren-mill,240,deathknight,unholy,9,3,6
Fearax,terenas,239,deathknight,unholy,5,3,2
Difestia,silvermoon,239,deathknight,unholy,5,3,2
Gogeta,zirkel-des-cenarius,239,deathknight,unholy,5,3,2
Charai,blackhand,234,deathknight,unholy,14,4,10
Xerone,turalyon,223,deathknight,unholy,8,3,5
Vîrus,kazzak,208,deathknight,unholy,13,3,10
Nexium,outland,192,deathknight,unholy,4,3,1
Zeldêrx,tarren-mill,192,deathknight,unholy,4,3,1
Valkion,nemesis,192,deathknight,unholy,6,2,4
Urukaye,silvermoon,192,deathknight,unholy,6,2,4
Homelándér,blackmoore,192,deathknight,unholy,6,2,4
Lastprophet,drakthul,192,deathknight,unholy,6,2,4
Varogo,drakthul,192,deathknight,unholy,6,2,4
Гнилец,soulflayer,192,deathknight,unholy,6,2,4
Thryndiel,ravencrest,192,deathknight,unholy,6,2,4
Hemopathy,tarren-mill,192,deathknight,unholy,6,2,4
Fdkgotbuffed,tarren-mill,192,deathknight,unholy,6,2,4
Ðeadghøul,silvermoon,192,deathknight,unholy,6,2,4
Postura,kazzak,192,deathknight,unholy,6,2,4
Lén,malygos,192,deathknight,unholy,6,2,4
Bårêlýgød,blackmoore,192,deathknight,unholy,6,2,4
Tirno,dun-modr,192,deathknight,unholy,6,2,4
Norux,alonsus,192,deathknight,unholy,6,2,4
Имбазомбарь,howling-fjord,192,deathknight,unholy,6,2,4
Sjöstedt,twisting-nether,192,deathknight,unholy,6,2,4
Necrosiss,sunstrider,192,deathknight,unholy,6,2,4
Clipe,sanguino,192,deathknight,unholy,6,2,4
Mustapha,kazzak,192,deathknight,unholy,6,2,4
Njor,twisting-nether,192,deathknight,unholy,6,2,4
Dk,earthen-ring,192,deathknight,unholy,6,2,4
Dilbil,tarren-mill,192,deathknight,unholy,6,2,4
Letudra,outland,192,deathknight,unholy,6,2,4
Аэрит,howling-fjord,192,deathknight,unholy,6,2,4
Haeydez,draenor,192,deathknight,unholy,6,2,4
Kaysto,blackrock,192,deathknight,unholy,6,2,4
Doubledead,the-maelstrom,192,deathknight,unholy,6,2,4
Lithics,blades-edge,192,deathknight,unholy,6,2,4
Karatedomi,blackmoore,192,deathknight,unholy,6,2,4
Mangalitsa,twisting-nether,192,deathknight,unholy,6,2,4
Elendren,blackrock,192,deathknight,unholy,6,2,4
Hasoyro,burning-legion,192,deathknight,unholy,6,2,4
Mcdreamy,grim-batol,192,deathknight,unholy,6,2,4
Yaxa,sylvanas,192,deathknight,unholy,6,2,4
Unholyysteel,silvermoon,192,deathknight,unholy,6,2,4
Горосов,gordunni,192,deathknight,unholy,6,2,4
Буризан,blackscar,192,deathknight,unholy,6,2,4
Hoggster,kazzak,192,deathknight,unholy,6,2,4
Szendeffy,ragnaros,192,deathknight,unholy,6,2,4
Woltorme,archimonde,192,deathknight,unholy,6,2,4
Kacpèr,burning-legion,192,deathknight,unholy,6,2,4
Draghonis,argent-dawn,192,deathknight,unholy,6,2,4
Bestkhalifä,ravencrest,192,deathknight,unholy,6,2,4
Kromas,silvermoon,192,deathknight,unholy,6,2,4
Engelinä,ysondre,192,deathknight,unholy,6,2,4
Iziqroi,archimonde,192,deathknight,unholy,6,2,4
Nihilistyx,blackrock,192,deathknight,unholy,6,2,4
Eigrin,argent-dawn,192,deathknight,unholy,6,2,4
Firebladesa,ravencrest,192,deathknight,unholy,6,2,4
Oxcidium,archimonde,192,deathknight,unholy,6,2,4
Maëra,ysondre,192,deathknight,unholy,6,2,4
Zehahaha,defias-brotherhood,192,deathknight,unholy,6,2,4
Feldøøm,nemesis,192,deathknight,unholy,6,2,4
ßambøøzle,draenor,192,deathknight,unholy,13,3,10
Carnificis,nefarian,192,deathknight,unholy,12,2,10
Goldins,doomhammer,192,deathknight,unholy,12,2,10
Azrail,alonsus,192,deathknight,unholy,12,2,10
Niilø,antonidas,192,deathknight,unholy,12,2,10
Arthaslegend,magtheridon,192,deathknight,unholy,12,2,10
Lumerix,drakthul,192,deathknight,unholy,12,2,10
Majkântês,drakthul,192,deathknight,unholy,12,2,10
Sénta,tarren-mill,192,deathknight,unholy,12,2,10
Deathdayben,kazzak,192,deathknight,unholy,12,2,10
Гадиния,soulflayer,191,deathknight,unholy,4,3,1
Whitedead,destromath,191,deathknight,unholy,6,2,4
Àragørn,blackrock,191,deathknight,unholy,6,2,4
Ândi,alleria,190,deathknight,unholy,12,2,10
Strigoih,argent-dawn,190,deathknight,unholy,12,2,10
Hokdk,voljin,159,deathknight,unholy,17,2,15
Dødsmanna,twisting-nether,144,deathknight,unholy,9,2,7
Jodure,silvermoon,138,deathknight,unholy,17,3,14
Sämäël,outland,137,deathknight,unholy,8,3,5
Auto,hyjal,128,deathknight,unholy,4,2,2
Inmau,sanguino,96,deathknight,unholy,3,2,1
Orrengo,blackrock,96,deathknight,unholy,6,1,5
Skrati,das-syndikat,96,deathknight,unholy,6,1,5
Unholygunnds,ravencrest,96,deathknight,unholy,6,1,5
Sìrmooalot,twisting-nether,96,deathknight,unholy,6,1,5
Hemki,archimonde,96,deathknight,unholy,6,1,5
Cameltôe,frostwolf,96,deathknight,unholy,6,1,5
Gdubet,kazzak,96,deathknight,unholy,6,1,5
Fefefasza,ragnaros,96,deathknight,unholy,6,1,5
Natanio,area-52,96,deathknight,unholy,6,1,5
Itrailblazer,turalyon,96,deathknight,unholy,6,1,5
Eívór,garrosh,96,deathknight,unholy,6,1,5
Wavemaker,kazzak,96,deathknight,unholy,6,1,5
Tsoupunisher,ravencrest,96,deathknight,unholy,6,1,5
Drfatnuts,kazzak,96,deathknight,unholy,6,1,5
Brotén,grim-batol,96,deathknight,unholy,6,1,5
Yagashi,stormscale,96,deathknight,unholy,6,1,5
Veleran,blackrock,96,deathknight,unholy,6,1,5
Abusedk,archimonde,96,deathknight,unholy,6,1,5
Искрос,gordunni,96,deathknight,unholy,6,1,5
Bytedk,aggra-português,96,deathknight,unholy,6,1,5
Nyzak,stormscale,96,deathknight,unholy,6,1,5
Cowsoup,stormscale,96,deathknight,unholy,6,1,5
Melleril,sylvanas,96,deathknight,unholy,6,1,5
Armax,stormscale,96,deathknight,unholy,6,1,5
Routasydän,outland,96,deathknight,unholy,6,1,5
Vlaakith,thunderhorn,96,deathknight,unholy,6,1,5
Dextèr,stormreaver,96,deathknight,unholy,6,1,5
Êroô,azjolnerub,96,deathknight,unholy,6,1,5
Shadowevil,silvermoon,96,deathknight,unholy,6,1,5
Úñçháíñéd,kazzak,96,deathknight,unholy,6,1,5
Grimgôr,kazzak,96,deathknight,unholy,6,1,5
Madsgrip,tarren-mill,96,deathknight,unholy,6,1,5
Джеттар,howling-fjord,96,deathknight,unholy,6,1,5
Antexdk,drakthul,96,deathknight,unholy,6,1,5
Имерсий,gordunni,96,deathknight,unholy,6,1,5
Муунрок,howling-fjord,96,deathknight,unholy,6,1,5
Инфлюминс,soulflayer,96,deathknight,unholy,6,1,5
Гачимучий,soulflayer,96,deathknight,unholy,6,1,5
Dumbclass,wildhammer,96,deathknight,unholy,6,1,5
Ôcb,marécage-de-zangar,96,deathknight,unholy,6,1,5
Verssatus,archimonde,96,deathknight,unholy,6,1,5
Melicia,anubarak,96,deathknight,unholy,6,1,5
Saerus,kazzak,96,deathknight,unholy,6,1,5
Rongos,norgannon,96,deathknight,unholy,6,1,5
Lieven,tarren-mill,96,deathknight,unholy,6,1,5
Såphirå,doomhammer,96,deathknight,unholy,6,1,5
Кернесса,blackscar,96,deathknight,unholy,6,1,5
Коилкоилкоил,blackscar,96,deathknight,unholy,6,1,5
Диманекротик,blackscar,96,deathknight,unholy,6,1,5
Axemastery,draenor,96,deathknight,unholy,6,1,5
Beliall,draenor,96,deathknight,unholy,6,1,5
Fenixflexin,ravencrest,96,deathknight,unholy,12,1,11
Erezar,burning-legion,96,deathknight,unholy,12,1,11
Buzknight,twisting-nether,96,deathknight,unholy,12,1,11
Peiie,ravencrest,96,deathknight,unholy,12,1,11
Gosting,kirin-tor,96,deathknight,unholy,12,1,11
Brasith,outland,96,deathknight,unholy,12,1,11
Bestiaccia,nemesis,95,deathknight,unholy,6,1,5
Beurkbeurk,la-croisade-écarlate,95,deathknight,unholy,12,1,11
Шалелая,soulflayer,79,deathknight,unholy,5,1,4
Morvain,silvermoon,79,deathknight,unholy,11,1,10
Necromedes,kazzak,64,deathknight,unholy,4,1,3
Lulubadgirl,perenolde,48,deathknight,unholy,9,1,8
Errøar,aegwynn,31,deathknight,unholy,2,1,1
Серинокс,howling-fjord,31,deathknight,unholy,2,1,1
Никнейм,gordunni,2123,deathknight,frost,102,55,47
Имерсий,gordunni,2104,deathknight,frost,72,43,29
Fdkgotbuffed,tarren-mill,2072,deathknight,frost,84,42,42
Nellion,kazzak,2060,deathknight,frost,84,38,46
Garrinchá,stormscale,2040,deathknight,frost,60,36,24
Anotherdkx,ravencrest,2002,deathknight,frost,66,39,27
Igetmount,draenor,1993,deathknight,frost,48,27,21
Murbastic,draenor,1981,deathknight,frost,251,127,124
Viuff,kazzak,1894,deathknight,frost,42,23,19
Arrèsted,aegwynn,1880,deathknight,frost,63,32,31
Diogenisis,arthas,1845,deathknight,frost,118,55,63
Jeanice,blackhand,1833,deathknight,frost,42,23,19
Малтель,howling-fjord,1828,deathknight,frost,54,28,26
Lylíth,archimonde,1817,deathknight,frost,99,65,34
Эриданс,gordunni,1806,deathknight,frost,48,32,16
Sonnedeath,tarren-mill,1805,deathknight,frost,58,31,27
Картафилиус,soulflayer,1804,deathknight,frost,66,28,38
Дарргг,ashenvale,1750,deathknight,frost,144,72,72
Ayro,aegwynn,1732,deathknight,frost,66,34,32
Kisyhrâ,aegwynn,1728,deathknight,frost,36,21,15
Mikagoddess,argent-dawn,1723,deathknight,frost,118,61,57
Duriel,stormscale,1664,deathknight,frost,180,93,87
Rêxaks,dun-modr,1661,deathknight,frost,60,28,32
Zektal,thrall,1652,deathknight,frost,48,19,29
Xolaani,outland,1632,deathknight,frost,72,32,40
Ниффер,deathguard,1627,deathknight,frost,34,18,16
Geunieve,ysondre,1621,deathknight,frost,60,23,37
Espatula,ravencrest,1619,deathknight,frost,48,23,25
Frace,tyrande,1619,deathknight,frost,84,38,46
Cyliandra,silvermoon,1615,deathknight,frost,48,27,21
Banishabomb,ragnaros,1615,deathknight,frost,78,39,39
Vidofnir,argent-dawn,1611,deathknight,frost,56,31,25
Verssatus,archimonde,1611,deathknight,frost,42,20,22
Raylenx,uldaman,1609,deathknight,frost,75,39,36
Arxelas,stormscale,1607,deathknight,frost,68,42,26
Nîghtmáre,ravencrest,1607,deathknight,frost,95,44,51
Diatriss,argent-dawn,1600,deathknight,frost,127,73,54
Винкис,gordunni,1589,deathknight,frost,118,63,55
Deucàlyqt,nemesis,1589,deathknight,frost,64,28,36
Selena,blackmoore,1587,deathknight,frost,30,17,13
Arxelas,sylvanas,1580,deathknight,frost,172,89,83
Клиссанг,razuvious,1572,deathknight,frost,30,19,11
Fallenjaina,kazzak,1570,deathknight,frost,237,120,117
Wrathlich,tyrande,1565,deathknight,frost,59,31,28
Dexterlul,blackmoore,1564,deathknight,frost,42,19,23
Chakko,ravencrest,1561,deathknight,frost,69,31,38
Hatriox,outland,1551,deathknight,frost,153,84,69
Moreau,eredar,1549,deathknight,frost,117,54,63
Maryø,drakthul,1543,deathknight,frost,42,18,24
Deucalyqt,nemesis,1538,deathknight,frost,66,31,35
Gauloupin,lightnings-blade,1536,deathknight,frost,75,38,37
Кулькулегал,ashenvale,1532,deathknight,frost,30,17,13
Лордтемар,howling-fjord,1530,deathknight,frost,54,25,29
Dripgrip,ravencrest,1529,deathknight,frost,77,36,41
Tenzøftw,archimonde,1527,deathknight,frost,31,17,14
Frostlux,archimonde,1524,deathknight,frost,539,257,282
Abadonn,archimonde,1521,deathknight,frost,48,20,28
Frostymel,ravencrest,1513,deathknight,frost,78,36,42
Blácked,draenor,1509,deathknight,frost,72,40,32
Маклайкнайт,gordunni,1508,deathknight,frost,152,76,76
Kailara,draenor,1505,deathknight,frost,126,64,62
Brawlerbabe,stormscale,1502,deathknight,frost,126,56,70
Darlyn,grim-batol,1501,deathknight,frost,42,27,15
Leónid,kazzak,1486,deathknight,frost,33,17,16
Геннош,howling-fjord,1486,deathknight,frost,60,30,30
Wildsword,sylvanas,1483,deathknight,frost,63,34,29
Dktroll,blackmoore,1483,deathknight,frost,157,72,85
Kooklynn,aggra-português,1472,deathknight,frost,54,30,24
Obliterate,frostmourne,1469,deathknight,frost,52,28,24
Madseason,burning-legion,1467,deathknight,frost,48,24,24
Murky,kazzak,1467,deathknight,frost,36,16,20
Rektsohard,ravencrest,1466,deathknight,frost,42,23,19
Gorobijec,drakthul,1460,deathknight,frost,173,78,95
Sipsip,tarren-mill,1454,deathknight,frost,79,41,38
Prokszii,turalyon,1441,deathknight,frost,47,26,21
Desolatiøn,ravencrest,1441,deathknight,frost,48,24,24
Balrot,burning-legion,1432,deathknight,frost,42,17,25
Akril,tarren-mill,1429,deathknight,frost,90,43,47
Neitoperho,frostmane,1422,deathknight,frost,36,15,21
Frege,tarren-mill,1420,deathknight,frost,30,15,15
Stevensdk,darkspear,1416,deathknight,frost,66,32,34
Nymfo,tirion,1413,deathknight,frost,30,18,12
Scørn,thrall,1412,deathknight,frost,156,77,79
Grendul,blackmoore,1411,deathknight,frost,40,20,20
Drkok,blackmoore,1409,deathknight,frost,30,16,14
Wintersons,tarren-mill,1408,deathknight,frost,48,26,22
Leyc,argent-dawn,1407,deathknight,frost,30,15,15
Furleyc,argent-dawn,1405,deathknight,frost,60,34,26
Jumbogrip,tarren-mill,1405,deathknight,frost,37,19,18
Катаринья,howling-fjord,1404,deathknight,frost,87,40,47
Arthaslegend,magtheridon,1403,deathknight,frost,66,27,39
Angalor,argent-dawn,1399,deathknight,frost,44,18,26
Асаала,soulflayer,1393,deathknight,frost,33,21,12
Arthasuk,dun-modr,1392,deathknight,frost,185,101,84
Düksito,dun-modr,1392,deathknight,frost,63,32,31
Skorice,dalaran,1389,deathknight,frost,48,19,29
Mocca,aegwynn,1385,deathknight,frost,58,25,33
Флаттершайдк,booty-bay,1383,deathknight,frost,37,16,21
Reapocalypse,blackhand,1376,deathknight,frost,36,16,20
Фростмаран,soulflayer,1373,deathknight,frost,96,45,51
Mcrune,ravencrest,1364,deathknight,frost,44,22,22
Keronaterol,blackhand,1363,deathknight,frost,84,46,38
Gøtrek,archimonde,1361,deathknight,frost,48,19,29
Cdp,ragnaros,1360,deathknight,frost,72,41,31
Orcborg,zuljin,1360,deathknight,frost,54,30,24
Ðeucaly,nemesis,1357,deathknight,frost,66,30,36
Reezeer,stormscale,1351,deathknight,frost,30,15,15
Dzengiskhan,draenor,1342,deathknight,frost,78,35,43
Neorteriona,argent-dawn,1328,deathknight,frost,34,17,17
Leahthemad,sylvanas,1327,deathknight,frost,29,15,14
Morbidx,ravencrest,1327,deathknight,frost,41,18,23
Superere,hyjal,1326,deathknight,frost,150,80,70
Касуляпвнз,gordunni,1326,deathknight,frost,77,41,36
Deathknight,spinebreaker,1326,deathknight,frost,62,29,33
Comehere,norgannon,1321,deathknight,frost,30,19,11
Tofin,dunemaul,1320,deathknight,frost,38,18,20
Regniér,frostwolf,1318,deathknight,frost,225,103,122
Wardrickxdd,ravencrest,1314,deathknight,frost,30,16,14
Buldog,laughing-skull,1309,deathknight,frost,70,31,39
Zoree,draenor,1306,deathknight,frost,54,19,35
Sinabre,eitrigg,1302,deathknight,frost,30,14,16
Deucalygodx,nemesis,1301,deathknight,frost,60,22,38
Âlîce,culte-de-la-rive-noire,1297,deathknight,frost,54,26,28
Кроуфрост,gordunni,1285,deathknight,frost,60,29,31
Ubiystvo,kazzak,1284,deathknight,frost,78,40,38
Soulrender,kirin-tor,1283,deathknight,frost,36,15,21
Unchaindk,outland,1282,deathknight,frost,60,31,29
Barathéøn,les-sentinelles,1282,deathknight,frost,53,19,34
Abnormus,tarren-mill,1277,deathknight,frost,132,67,65
Ihatelife,frostwolf,1271,deathknight,frost,102,49,53
Spøøk,defias-brotherhood,1268,deathknight,frost,217,104,113
Sukadino,ragnaros,1264,deathknight,frost,60,31,29
Leahthebad,sylvanas,1261,deathknight,frost,32,15,17
Kãra,ysondre,1260,deathknight,frost,103,50,53
Môrgøth,nemesis,1256,deathknight,frost,66,29,37
Døuffy,hyjal,1248,deathknight,frost,155,75,80
Elendren,blackrock,1247,deathknight,frost,24,13,11
Veneera,emeriss,1246,deathknight,frost,18,13,5
Wlcrealworld,ravencrest,1245,deathknight,frost,96,43,53
Piri,defias-brotherhood,1244,deathknight,frost,40,18,22
Re,stormrage,1243,deathknight,frost,24,13,11
Bàbarus,dun-morogh,1240,deathknight,frost,36,21,15
Düks,dun-modr,1238,deathknight,frost,87,39,48
Leonis,arthas,1237,deathknight,frost,35,13,22
Hî,malganis,1234,deathknight,frost,67,35,32
Krasny,hyjal,1231,deathknight,frost,108,59,49
Dükss,dun-modr,1230,deathknight,frost,42,22,20
Satyriasis,twisting-nether,1224,deathknight,frost,28,16,12
Frostmommy,argent-dawn,1214,deathknight,frost,41,16,25
Moosbirne,blackhand,1213,deathknight,frost,36,15,21
Dämäger,proudmoore,1204,deathknight,frost,95,48,47
Monkeydclaus,arathor,1202,deathknight,frost,60,31,29
Êbøla,sanguino,1202,deathknight,frost,66,28,38
Exodiuss,dalaran,1195,deathknight,frost,40,20,20
Iaccidens,stormscale,1194,deathknight,frost,111,50,61
Morgouse,kazzak,1192,deathknight,frost,125,57,68
Fixmybones,frostmane,1183,deathknight,frost,54,27,27
Íbossit,doomhammer,1180,deathknight,frost,28,17,11
Gageth,shadowsong,1180,deathknight,frost,45,15,30
Twardobaba,burning-legion,1176,deathknight,frost,56,25,31
Cayliadk,tarren-mill,1174,deathknight,frost,167,76,91
Zandruq,twisting-nether,1162,deathknight,frost,58,24,34
Clàymax,kazzak,1161,deathknight,frost,45,17,28
Даркслэш,howling-fjord,1151,deathknight,frost,18,12,6
Селес,ashenvale,1151,deathknight,frost,24,12,12
Aceléss,drakthul,1150,deathknight,frost,18,12,6
Necrølyte,sylvanas,1149,deathknight,frost,18,12,6
Ziuziu,twisting-nether,1149,deathknight,frost,34,16,18
Разлажение,gordunni,1147,deathknight,frost,66,33,33
Belía,blackmoore,1146,deathknight,frost,62,27,35
Nôsferatú,amanthul,1145,deathknight,frost,78,39,39
Darkchas,silvermoon,1144,deathknight,frost,24,12,12
Azrador,frostwolf,1143,deathknight,frost,66,27,39
Erbugul,uldum,1143,deathknight,frost,30,12,18
Zerodude,silvermoon,1142,deathknight,frost,60,30,30
Thenrys,culte-de-la-rive-noire,1139,deathknight,frost,80,32,48
Polimeh,draenor,1132,deathknight,frost,66,38,28
Zuggandk,tarren-mill,1132,deathknight,frost,24,13,11
Posinkautta,silvermoon,1131,deathknight,frost,24,17,7
Mattesøs,drakthul,1130,deathknight,frost,36,13,23
Inaëlys,medivh,1125,deathknight,frost,27,14,13
Dkruffos,draenor,1114,deathknight,frost,60,24,36
Nathriel,stormscale,1110,deathknight,frost,41,17,24
Rakhash,antonidas,1108,deathknight,frost,30,16,14
Alastoras,nemesis,1108,deathknight,frost,37,19,18
Akantras,blackmoore,1106,deathknight,frost,59,28,31
Archa,shendralar,1105,deathknight,frost,66,29,37
Collinná,aegwynn,1104,deathknight,frost,36,13,23
Woddey,blackrock,1101,deathknight,frost,60,29,31
Nelahh,the-maelstrom,1098,deathknight,frost,41,21,20
Morvain,silvermoon,1091,deathknight,frost,83,37,46
Bari,the-venture-co,1090,deathknight,frost,60,24,36
Regys,argent-dawn,1080,deathknight,frost,28,12,16
Zioan,jaedenar,1079,deathknight,frost,62,33,29
Zúrg,stormscale,1079,deathknight,frost,42,20,22
Вафельнаяфея,blackscar,1073,deathknight,frost,43,17,26
Zaouros,silvermoon,1070,deathknight,frost,48,12,36
Порция,greymane,1058,deathknight,frost,54,32,22
Elcapìtan,silvermoon,1054,deathknight,frost,18,11,7
Khelthalas,teldrassil,1053,deathknight,frost,25,18,7
Unaxito,sanguino,1052,deathknight,frost,24,11,13
Некробасс,deathguard,1052,deathknight,frost,24,11,13
Angôs,sanguino,1051,deathknight,frost,48,23,25
Merdraut,alakir,1037,deathknight,frost,18,11,7
Deathcardos,die-aldor,1035,deathknight,frost,60,23,37
Gravehammer,sylvanas,1032,deathknight,frost,24,14,10
Папичдк,gordunni,1031,deathknight,frost,23,13,10
Ivik,the-maelstrom,1024,deathknight,frost,62,35,27
Krylow,draenor,1020,deathknight,frost,42,17,25
Dreadnight,sanguino,1017,deathknight,frost,26,12,14
Rogerwaterz,twisting-nether,1009,deathknight,frost,18,11,7
Zerdon,frostmane,1008,deathknight,frost,25,14,11
Quantumshift,ravencrest,1004,deathknight,frost,17,11,6
Empar,nethersturm,1000,deathknight,frost,21,11,10
Sooran,blackhand,994,deathknight,frost,24,16,8
Кунимэнгус,soulflayer,969,deathknight,frost,30,13,17
Dakyforfun,ravencrest,960,deathknight,frost,12,10,2
Flúrrý,kazzak,960,deathknight,frost,24,10,14
Adär,kazzak,958,deathknight,frost,18,10,8
Asphyxias,alleria,957,deathknight,frost,24,10,14
Kerastrell,doomhammer,957,deathknight,frost,24,10,14
Nifllheimr,outland,954,deathknight,frost,18,10,8
Vîrus,kazzak,949,deathknight,frost,24,10,14
Scorbion,kilrogg,947,deathknight,frost,33,16,17
Grumpykathi,blackmoore,945,deathknight,frost,18,10,8
Dødsgud,khaz-modan,939,deathknight,frost,30,13,17
Këus,hyjal,933,deathknight,frost,12,10,2
Trogkhar,blackrock,933,deathknight,frost,24,10,14
Dànté,eitrigg,930,deathknight,frost,36,19,17
Dursall,thrall,907,deathknight,frost,248,121,127
Mauryr,drakthul,900,deathknight,frost,72,26,46
Darklich,blackmoore,897,deathknight,frost,60,28,32
Нифер,deathguard,894,deathknight,frost,20,10,10
Карвалан,eversong,884,deathknight,frost,36,18,18
Kixx,bloodfeather,873,deathknight,frost,53,13,40
Assasínator,tarren-mill,872,deathknight,frost,49,24,25
Fareast,nerathor,865,deathknight,frost,78,36,42
Mellion,ragnaros,864,deathknight,frost,12,9,3
ßambøøzle,draenor,864,deathknight,frost,18,9,9
Løz,kazzak,864,deathknight,frost,18,9,9
Ñogg,kazzak,864,deathknight,frost,24,9,15
Peachvajz,turalyon,863,deathknight,frost,99,49,50
Rubbann,ravencrest,862,deathknight,frost,18,9,9
Gringly,tarren-mill,862,deathknight,frost,18,9,9
Zhigan,ravencrest,862,deathknight,frost,18,9,9
Torbrand,ravencrest,857,deathknight,frost,18,9,9
Triddion,sylvanas,857,deathknight,frost,18,9,9
Deadkilla,stormreaver,851,deathknight,frost,18,9,9
Guillemet,turalyon,830,deathknight,frost,16,10,6
Elbaqwan,the-shatar,827,deathknight,frost,30,13,17
Craftmaker,eonar,816,deathknight,frost,44,19,25
Sunwrath,magtheridon,816,deathknight,frost,24,9,15
Fentanil,elune,814,deathknight,frost,17,9,8
Tenzøjr,archimonde,768,deathknight,frost,12,8,4
Letumnex,tarren-mill,768,deathknight,frost,12,8,4
Salaahadin,darkspear,768,deathknight,frost,18,8,10
Eynoway,blackmoore,768,deathknight,frost,18,8,10
Deathvarg,argent-dawn,768,deathknight,frost,18,8,10
Khagra,ravencrest,767,deathknight,frost,18,8,10
Jollíe,tarren-mill,767,deathknight,frost,24,8,16
Blendamed,outland,767,deathknight,frost,24,8,16
Sødax,sanguino,767,deathknight,frost,24,8,16
Истинна,grom,766,deathknight,frost,18,8,10
Zombíe,laughing-skull,765,deathknight,frost,12,8,4
Aegwynnêr,blackmoore,765,deathknight,frost,20,10,10
Дрогдош,howling-fjord,765,deathknight,frost,24,8,16
Арнорос,lich-king,764,deathknight,frost,12,8,4
Xtream,blackmoore,762,deathknight,frost,18,8,10
Fullbusterr,hyjal,761,deathknight,frost,12,8,4
Горгамель,howling-fjord,759,deathknight,frost,24,8,16
Afadk,kazzak,752,deathknight,frost,72,27,45
Lichfils,chogall,745,deathknight,frost,27,8,19
Odaijini,archimonde,719,deathknight,frost,17,8,9
Eívór,garrosh,672,deathknight,frost,12,7,5
Импостик,blackscar,672,deathknight,frost,12,7,5
Shicheria,blackrock,672,deathknight,frost,12,7,5
Bedstemoor,ravencrest,672,deathknight,frost,12,7,5
Gorefiend,kazzak,672,deathknight,frost,12,7,5
Шадоудез,gordunni,672,deathknight,frost,12,7,5
Mâxî,hyjal,672,deathknight,frost,12,7,5
Дедвбане,gordunni,672,deathknight,frost,14,7,7
Tørbåk,ysondre,672,deathknight,frost,18,7,11
Fault,burning-legion,672,deathknight,frost,18,7,11
Narali,argent-dawn,672,deathknight,frost,18,7,11
Darxiera,drakthul,671,deathknight,frost,12,7,5
Primø,malganis,671,deathknight,frost,16,8,8
Halohuntress,outland,671,deathknight,frost,18,7,11
Ваатерло,soulflayer,671,deathknight,frost,18,7,11
Vampire,ahnqiraj,671,deathknight,frost,18,7,11
Holîx,kazzak,671,deathknight,frost,30,7,23
Blurek,lordaeron,670,deathknight,frost,12,7,5
Soulwalker,sylvanas,670,deathknight,frost,12,7,5
Karthor,teldrassil,670,deathknight,frost,12,7,5
Uthn,outland,670,deathknight,frost,24,7,17
Меланндрис,gordunni,669,deathknight,frost,15,8,7
Annecanos,ravencrest,668,deathknight,frost,12,7,5
Merà,antonidas,668,deathknight,frost,24,7,17
Menacê,ravencrest,662,deathknight,frost,18,7,11
Aczheron,argent-dawn,660,deathknight,frost,24,7,17
Antîlâ,antonidas,658,deathknight,frost,12,7,5
Doping,eredar,576,deathknight,frost,12,6,6
Azslan,skullcrusher,576,deathknight,frost,12,6,6
Pandahapci,ragnaros,576,deathknight,frost,12,6,6
Orangatang,dalaran,576,deathknight,frost,12,6,6
Планус,booty-bay,576,deathknight,frost,12,6,6
Liija,blackrock,576,deathknight,frost,12,6,6
Zsozsodk,ragnaros,576,deathknight,frost,12,6,6
Dktyro,ravencrest,576,deathknight,frost,12,6,6
Flúrry,ravencrest,576,deathknight,frost,12,6,6
Garùn,sylvanas,576,deathknight,frost,12,6,6
Volestral,emeriss,576,deathknight,frost,12,6,6
Cleverb,silvermoon,576,deathknight,frost,12,6,6
Silvergreed,kazzak,576,deathknight,frost,12,6,6
Xeliora,ragnaros,576,deathknight,frost,15,7,8
Worlviuz,argent-dawn,576,deathknight,frost,18,6,12
Deathmike,steamwheedle-cartel,576,deathknight,frost,18,6,12
Rompå,ravencrest,576,deathknight,frost,18,6,12
Qus,twisting-nether,576,deathknight,frost,18,6,12
Oj,darkspear,576,deathknight,frost,18,6,12
Parayysite,eredar,576,deathknight,frost,18,6,12
Coldstrike,sunstrider,575,deathknight,frost,12,6,6
Fatbutdead,malganis,575,deathknight,frost,12,6,6
Gotendk,draenor,575,deathknight,frost,12,6,6
Tugarinzmey,tarren-mill,575,deathknight,frost,18,6,12
Aracnys,dalaran,575,deathknight,frost,18,6,12
Killerazog,rexxar,575,deathknight,frost,18,6,12
Ahnuk,aggra-português,574,deathknight,frost,12,6,6
Grithala,draenor,574,deathknight,frost,12,6,6
Bäy,archimonde,574,deathknight,frost,18,6,12
Angrist,terokkar,573,deathknight,frost,12,6,6
Izanagii,exodar,572,deathknight,frost,12,6,6
Фламмивир,gordunni,572,deathknight,frost,12,6,6
Сааттана,soulflayer,570,deathknight,frost,12,6,6
Dekagramcz,drakthul,567,deathknight,frost,18,6,12
Tyranuse,kazzak,527,deathknight,frost,17,6,11
Фэйлстрайк,azuregos,510,deathknight,frost,14,6,8
Goring,confrérie-du-thorium,480,deathknight,frost,6,5,1
Deckbulle,blackhand,480,deathknight,frost,6,5,1
Grimmoth,argent-dawn,480,deathknight,frost,6,5,1
Thebangman,ravencrest,480,deathknight,frost,9,6,3
Urzza,ysondre,480,deathknight,frost,12,5,7
Ларкусдк,howling-fjord,480,deathknight,frost,12,5,7
Yeamaon,ravencrest,480,deathknight,frost,12,5,7
Hemopathy,tarren-mill,480,deathknight,frost,12,5,7
Ûñhølýðéåthj,tarren-mill,480,deathknight,frost,12,5,7
Feelmyfuri,mazrigos,480,deathknight,frost,12,5,7
Residenta,dun-modr,480,deathknight,frost,12,5,7
Nathaniall,drakthul,480,deathknight,frost,12,5,7
Runepride,argent-dawn,480,deathknight,frost,12,5,7
Nommad,archimonde,480,deathknight,frost,12,5,7
Дэвайна,gordunni,480,deathknight,frost,12,5,7
Justaniceguy,silvermoon,480,deathknight,frost,12,5,7
Ullefuz,silvermoon,480,deathknight,frost,12,5,7
Khnïshou,silvermoon,480,deathknight,frost,12,5,7
Goochtickler,kazzak,480,deathknight,frost,12,5,7
Руин,blackscar,480,deathknight,frost,12,5,7
Freeks,die-aldor,480,deathknight,frost,18,5,13
Pestilerous,draenor,480,deathknight,frost,18,5,13
Nightglade,kilrogg,480,deathknight,frost,18,5,13
Mkom,ravencrest,480,deathknight,frost,24,5,19
Xiddy,quelthalas,479,deathknight,frost,6,5,1
Ostridz,grim-batol,479,deathknight,frost,12,5,7
Jowân,blackmoore,479,deathknight,frost,12,5,7
Смердонос,grom,479,deathknight,frost,12,5,7
Sindó,blackrock,479,deathknight,frost,12,5,7
Talge,sylvanas,479,deathknight,frost,12,5,7
Trigoth,die-aldor,479,deathknight,frost,12,5,7
Hellcrosser,blackrock,479,deathknight,frost,12,5,7
Deadpòól,twisting-nether,479,deathknight,frost,18,5,13
Bigspider,aggramar,479,deathknight,frost,30,5,25
Scárebear,outland,478,deathknight,frost,18,5,13
Copium,hyjal,477,deathknight,frost,12,5,7
Fishtruction,tarren-mill,476,deathknight,frost,12,5,7
Eisentorte,nerathor,476,deathknight,frost,26,5,21
Kejpo,drakthul,473,deathknight,frost,12,5,7
Докторктан,eversong,468,deathknight,frost,18,5,13
Husarz,kazzak,447,deathknight,frost,11,5,6
Sjöstedt,twisting-nether,447,deathknight,frost,17,5,12
Whooz,dun-morogh,447,deathknight,frost,23,5,18
Predatormkdd,ravencrest,429,deathknight,frost,11,5,6
Assølid,arathor,424,deathknight,frost,17,6,11
Oweiowei,blackrock,384,deathknight,frost,6,4,2
Воргтень,borean-tundra,384,deathknight,frost,6,4,2
Lemmegetuuh,chogall,384,deathknight,frost,6,4,2
Wuurzaag,twisting-nether,384,deathknight,frost,6,4,2
Enzy,drakthul,384,deathknight,frost,6,4,2
Reann,argent-dawn,384,deathknight,frost,6,4,2
Indrette,archimonde,384,deathknight,frost,6,4,2
Smardacus,silvermoon,384,deathknight,frost,6,4,2
Dunkàn,silvermoon,384,deathknight,frost,6,4,2
Namzera,draenor,384,deathknight,frost,6,4,2
Wpízdu,aegwynn,384,deathknight,frost,6,4,2
Солист,soulflayer,384,deathknight,frost,6,4,2
Gozuryu,kazzak,384,deathknight,frost,6,4,2
Oldiseas,grim-batol,384,deathknight,frost,6,4,2
Maxto,outland,384,deathknight,frost,6,4,2
Вирко,eversong,384,deathknight,frost,9,5,4
Anasûrimbor,tarren-mill,384,deathknight,frost,12,4,8
Apraxia,ravencrest,384,deathknight,frost,12,4,8
Maxmo,twilights-hammer,384,deathknight,frost,12,4,8
Æew,kazzak,384,deathknight,frost,12,4,8
Xenake,kazzak,384,deathknight,frost,12,4,8
Doodcraft,tarren-mill,384,deathknight,frost,12,4,8
Kane,destromath,384,deathknight,frost,12,4,8
Джайвана,soulflayer,384,deathknight,frost,12,4,8
Спиддоз,fordragon,384,deathknight,frost,12,4,8
Йохан,greymane,384,deathknight,frost,12,4,8
Pawnzqtie,stormscale,384,deathknight,frost,12,4,8
Raihor,outland,384,deathknight,frost,14,4,10
Кокосоус,gordunni,384,deathknight,frost,17,4,13
Dextroyersx,sanguino,384,deathknight,frost,18,4,14
Hordak,stormscale,384,deathknight,frost,18,4,14
Мертвячино,deathguard,383,deathknight,frost,6,4,2
Beherith,sunstrider,383,deathknight,frost,6,4,2
Tÿnak,der-mithrilorden,383,deathknight,frost,9,4,5
Eckodk,aggra-português,383,deathknight,frost,12,4,8
Arond,arygos,383,deathknight,frost,12,4,8
Бранс,gordunni,383,deathknight,frost,12,4,8
Гадиния,soulflayer,383,deathknight,frost,12,4,8
Kivo,marécage-de-zangar,383,deathknight,frost,12,4,8
Breeze,xavius,383,deathknight,frost,12,4,8
Reyu,ambossar,383,deathknight,frost,16,4,12
Belâam,archimonde,383,deathknight,frost,24,4,20
Группер,gordunni,382,deathknight,frost,6,4,2
Mahfel,twisting-nether,382,deathknight,frost,6,4,2
Дневнои,howling-fjord,382,deathknight,frost,12,4,8
Vicoperian,stormscale,382,deathknight,frost,12,4,8
Poaka,outland,380,deathknight,frost,12,4,8
Iikarus,eredar,376,deathknight,frost,18,4,14
Arthursq,stormscale,376,deathknight,frost,18,4,14
Душанерзула,howling-fjord,330,deathknight,frost,18,6,12
Macskye,malfurion,320,deathknight,frost,10,4,6
Vín,silvermoon,319,deathknight,frost,10,4,6
Petardodupy,burning-legion,288,deathknight,frost,6,3,3
Cyphîllyth,auchindoun,288,deathknight,frost,6,3,3
Vaanor,draenor,288,deathknight,frost,6,3,3
Nasxsy,blackmoore,288,deathknight,frost,6,3,3
Шэйп,fordragon,288,deathknight,frost,6,3,3
Кромгонище,soulflayer,288,deathknight,frost,6,3,3
Tómér,outland,288,deathknight,frost,6,3,3
Neptunium,archimonde,288,deathknight,frost,6,3,3
Nazgül,drakthul,288,deathknight,frost,6,3,3
Persefal,nemesis,288,deathknight,frost,6,3,3
Modelo,twisting-nether,288,deathknight,frost,6,3,3
Lair,shendralar,288,deathknight,frost,6,3,3
Гурий,ashenvale,288,deathknight,frost,6,3,3
Keridíin,twisting-nether,288,deathknight,frost,6,3,3
Cptneverdie,stormscale,288,deathknight,frost,6,3,3
Ogomegee,ravencrest,288,deathknight,frost,6,3,3
Loorda,kazzak,288,deathknight,frost,6,3,3
Merdenhall,argent-dawn,288,deathknight,frost,6,3,3
Vexxed,magtheridon,288,deathknight,frost,6,3,3
Hellcrusher,kazzak,288,deathknight,frost,6,3,3
Jjayker,kazzak,288,deathknight,frost,6,3,3
Whippy,ravencrest,288,deathknight,frost,6,3,3
Necrozy,aggra-português,288,deathknight,frost,6,3,3
Xanthic,ravencrest,288,deathknight,frost,6,3,3
Микелон,gordunni,288,deathknight,frost,6,3,3
Dudik,sylvanas,288,deathknight,frost,6,3,3
Darkdémn,eldrethalas,288,deathknight,frost,6,3,3
Madsgrip,tarren-mill,288,deathknight,frost,6,3,3
Джеттар,howling-fjord,288,deathknight,frost,6,3,3
Alameda,nathrezim,288,deathknight,frost,6,3,3
Hailay,ysondre,288,deathknight,frost,6,3,3
Myzouth,silvermoon,288,deathknight,frost,6,3,3
Dêeath,madmortem,288,deathknight,frost,6,3,3
Moko,defias-brotherhood,288,deathknight,frost,6,3,3
Fallén,stormrage,288,deathknight,frost,6,3,3
Трибунальщик,gordunni,288,deathknight,frost,6,3,3
Lukus,sanguino,288,deathknight,frost,6,3,3
Kèén,kazzak,288,deathknight,frost,6,3,3
Desulól,tarren-mill,288,deathknight,frost,9,4,5
Nexxel,blackhand,288,deathknight,frost,11,3,8
Yäägöö,tarren-mill,288,deathknight,frost,12,3,9
Тенелла,gordunni,288,deathknight,frost,12,3,9
Obstwald,blackrock,288,deathknight,frost,12,3,9
Discochoppa,blackmoore,288,deathknight,frost,12,3,9
Powerlifting,los-errantes,288,deathknight,frost,12,3,9
Prekliatylad,burning-blade,288,deathknight,frost,12,3,9
Moohammood,argent-dawn,288,deathknight,frost,12,3,9
Блодскал,howling-fjord,288,deathknight,frost,12,3,9
Chifuyu,azjolnerub,288,deathknight,frost,12,3,9
Emielf,silvermoon,288,deathknight,frost,12,3,9
Milchimhaus,dun-morogh,288,deathknight,frost,12,3,9
Thilior,silvermoon,288,deathknight,frost,12,3,9
Хуаролуксс,gordunni,288,deathknight,frost,12,3,9
Thedk,voljin,288,deathknight,frost,12,3,9
Ezlar,silvermoon,288,deathknight,frost,12,3,9
Râke,teldrassil,288,deathknight,frost,12,3,9
Корольбич,soulflayer,288,deathknight,frost,13,3,10
Hatcherb,sylvanas,287,deathknight,frost,6,3,3
Balekouille,eldrethalas,287,deathknight,frost,6,3,3
Sawishere,sanguino,287,deathknight,frost,12,3,9
Whitedead,destromath,286,deathknight,frost,6,3,3
Tiunping,silvermoon,286,deathknight,frost,12,3,9
Housemeyster,antonidas,286,deathknight,frost,12,3,9
Deadorcy,kazzak,285,deathknight,frost,9,4,5
Venthyrgwa,kazzak,284,deathknight,frost,7,5,2
Rubyblood,aggra-português,271,deathknight,frost,11,3,8
Blueironjr,kazzak,239,deathknight,frost,5,3,2
Slayrr,blackrock,223,deathknight,frost,8,3,5
ßæst,archimonde,208,deathknight,frost,7,3,4
Dimania,the-maelstrom,192,deathknight,frost,4,3,1
Lemonhazebg,stormscale,192,deathknight,frost,6,2,4
Nèrfx,ragnaros,192,deathknight,frost,6,2,4
Windieselx,ragnaros,192,deathknight,frost,6,2,4
Ikarack,twisting-nether,192,deathknight,frost,6,2,4
Nergål,sanguino,192,deathknight,frost,6,2,4
Капустас,gordunni,192,deathknight,frost,6,2,4
Royalcrown,stormscale,192,deathknight,frost,6,2,4
Dreadmind,blackrock,192,deathknight,frost,6,2,4
Крозох,howling-fjord,192,deathknight,frost,6,2,4
Unholz,kazzak,192,deathknight,frost,6,2,4
Tyró,ravencrest,192,deathknight,frost,6,2,4
Babsyknight,wildhammer,192,deathknight,frost,6,2,4
Сивкабурка,fordragon,192,deathknight,frost,6,2,4
Rades,sanguino,192,deathknight,frost,6,2,4
Эвессом,goldrinn,192,deathknight,frost,6,2,4
Vadamee,ravencrest,192,deathknight,frost,6,2,4
Ghaloob,draenor,192,deathknight,frost,6,2,4
Ðeathceptiøn,dun-modr,192,deathknight,frost,6,2,4
Likell,argent-dawn,192,deathknight,frost,6,2,4
Doubledead,the-maelstrom,192,deathknight,frost,6,2,4
Notstacy,dragonblight,192,deathknight,frost,6,2,4
Mennal,the-maelstrom,192,deathknight,frost,6,2,4
Ilovegouàng,khaz-modan,192,deathknight,frost,6,2,4
Pandahapcii,ragnaros,192,deathknight,frost,6,2,4
Archdemonio,wildhammer,192,deathknight,frost,6,2,4
Аирфрост,howling-fjord,192,deathknight,frost,6,2,4
Abomination,emeriss,192,deathknight,frost,6,2,4
Dkinta,colinas-pardas,192,deathknight,frost,6,2,4
Darkarthás,aegwynn,192,deathknight,frost,6,2,4
Highblood,tarren-mill,192,deathknight,frost,6,2,4
Nerinth,burning-legion,192,deathknight,frost,6,2,4
Necrossis,stormscale,192,deathknight,frost,6,2,4
Darksoulk,frostmane,192,deathknight,frost,6,2,4
Vaffe,tarren-mill,192,deathknight,frost,6,2,4
Doozz,draenor,192,deathknight,frost,6,2,4
Køley,draenor,192,deathknight,frost,6,2,4
Ratge,hyjal,192,deathknight,frost,6,2,4
Leomordf,doomhammer,192,deathknight,frost,6,2,4
Seasonfive,arathor,192,deathknight,frost,6,2,4
Toffy,anetheron,192,deathknight,frost,6,2,4
Adreak,defias-brotherhood,192,deathknight,frost,12,2,10
Deadlygnome,silvermoon,192,deathknight,frost,12,2,10
Бахлыщ,soulflayer,192,deathknight,frost,12,2,10
Narrua,die-aldor,192,deathknight,frost,12,2,10
Erilisa,malorne,192,deathknight,frost,12,2,10
Lillekas,outland,192,deathknight,frost,12,2,10
Dklékata,archimonde,192,deathknight,frost,12,2,10
Tüsa,exodar,192,deathknight,frost,18,2,16
Dípps,outland,191,deathknight,frost,6,2,4
Lithirion,ysondre,191,deathknight,frost,6,2,4
Moograine,anachronos,191,deathknight,frost,6,2,4
Ренкус,grom,191,deathknight,frost,6,2,4
Брейвз,gordunni,159,deathknight,frost,5,2,3
Endlesspain,burning-legion,138,deathknight,frost,8,3,5
Tzunâ,blackmoore,138,deathknight,frost,21,3,18
Greiz,aggramar,112,deathknight,frost,13,2,11
Sêmelia,blackrock,96,deathknight,frost,3,2,1
Dïkcite,archimonde,96,deathknight,frost,6,1,5
Kaeyz,blackmoore,96,deathknight,frost,6,1,5
Ischozâr,blackmoore,96,deathknight,frost,6,1,5
Rudysek,dunemaul,96,deathknight,frost,6,1,5
Veçh,turalyon,96,deathknight,frost,6,1,5
Hydross,archimonde,96,deathknight,frost,6,1,5
Dreodis,der-mithrilorden,96,deathknight,frost,6,1,5
Jenkk,drakthul,96,deathknight,frost,6,1,5
Pavkata,outland,96,deathknight,frost,6,1,5
Armanelo,stormscale,96,deathknight,frost,6,1,5
Thirtyfour,aegwynn,96,deathknight,frost,6,1,5
Gotbaked,outland,96,deathknight,frost,6,1,5
Zagoôo,outland,96,deathknight,frost,6,1,5
Feddk,stormscale,96,deathknight,frost,6,1,5
Hurz,archimonde,96,deathknight,frost,6,1,5
Lusankyaa,argent-dawn,96,deathknight,frost,6,1,5
Slimez,magtheridon,96,deathknight,frost,6,1,5
Mizrael,burning-blade,96,deathknight,frost,6,1,5
Brurf,ysondre,96,deathknight,frost,6,1,5
Lilliith,sanguino,96,deathknight,frost,6,1,5
Thyrandre,khaz-modan,96,deathknight,frost,6,1,5
Thryndiel,ravencrest,96,deathknight,frost,6,1,5
Syncros,blackrock,96,deathknight,frost,6,1,5
Sokkara,silvermoon,96,deathknight,frost,6,1,5
Umadßroh,sanguino,96,deathknight,frost,6,1,5
Thínkk,ysondre,96,deathknight,frost,6,1,5
Дкшрёдингера,gordunni,96,deathknight,frost,6,1,5
Gigadk,ragnaros,96,deathknight,frost,6,1,5
Apacstanya,ragnaros,96,deathknight,frost,6,1,5
Urukaye,silvermoon,96,deathknight,frost,6,1,5
Буризан,blackscar,96,deathknight,frost,6,1,5
Shaturi,antonidas,96,deathknight,frost,12,1,11
Лятеха,gordunni,96,deathknight,frost,12,1,11
Burebistà,eonar,96,deathknight,frost,12,1,11
Nirna,argent-dawn,96,deathknight,frost,18,1,17
Infamousmobb,archimonde,79,deathknight,frost,5,1,4
Pandòrà,dun-modr,79,deathknight,frost,5,1,4
Ilaenu,ravencrest,42,deathknight,frost,8,2,6
Aeneriah,tarren-mill,31,deathknight,frost,2,1,1
Grubyr,burning-legion,31,deathknight,frost,2,1,1
Glìmpsêgøðx,twisting-nether,2346,demonhunter,havoc,149,83,66
Norgan,die-aldor,2339,demonhunter,havoc,153,85,68
Elswavé,kazzak,2290,demonhunter,havoc,156,91,65
Íllìðåñgøðx,twisting-nether,2289,demonhunter,havoc,160,83,77
Guësswho,twisting-nether,2201,demonhunter,havoc,105,54,51
Norgàn,die-aldor,2178,demonhunter,havoc,81,44,37
Zslebaans,dun-modr,2173,demonhunter,havoc,266,134,132
Ðesz,sanguino,2153,demonhunter,havoc,95,52,43
Itsdampbaby,kazzak,2151,demonhunter,havoc,121,63,58
Wibez,twisting-nether,2147,demonhunter,havoc,143,86,57
Betterevoker,outland,2136,demonhunter,havoc,204,115,89
Мортрэд,gordunni,2133,demonhunter,havoc,107,66,41
Enysia,twisting-nether,2127,demonhunter,havoc,122,62,60
Badtime,malganis,2126,demonhunter,havoc,218,117,101
Zuklio,ysondre,2125,demonhunter,havoc,146,74,72
Hellwynne,archimonde,2117,demonhunter,havoc,134,78,56
Melan,sanguino,2116,demonhunter,havoc,108,54,54
Évø,silvermoon,2114,demonhunter,havoc,107,54,53
Лфгхиро,soulflayer,2101,demonhunter,havoc,65,37,28
Razzagall,elune,2101,demonhunter,havoc,54,30,24
Boostbydh,archimonde,2101,demonhunter,havoc,219,115,104
Paschli,tarren-mill,2100,demonhunter,havoc,228,122,106
Heatx,ysondre,2043,demonhunter,havoc,180,98,82
Battlebruh,ghostlands,2032,demonhunter,havoc,83,39,44
Çøçáîné,argent-dawn,2022,demonhunter,havoc,126,63,63
Natosyywaor,dun-modr,2022,demonhunter,havoc,65,31,34
Demonalpha,stormscale,2018,demonhunter,havoc,61,34,27
Nèvér,silvermoon,2014,demonhunter,havoc,143,74,69
Dripcatchér,ravencrest,2012,demonhunter,havoc,54,34,20
Ewynadh,die-aldor,2008,demonhunter,havoc,168,85,83
Wàýztøpgx,ravencrest,2000,demonhunter,havoc,83,37,46
Brawndow,draenor,1999,demonhunter,havoc,194,101,93
Illíllìllî,twisting-nether,1998,demonhunter,havoc,60,33,27
Smydi,blackmoore,1991,demonhunter,havoc,112,82,30
Ææçëñ,ravencrest,1990,demonhunter,havoc,82,46,36
Læsy,antonidas,1990,demonhunter,havoc,151,77,74
Veon,ravencrest,1988,demonhunter,havoc,281,136,145
Carritoscrm,outland,1972,demonhunter,havoc,66,30,36
Yarrøck,silvermoon,1969,demonhunter,havoc,134,73,61
Anabbele,kazzak,1968,demonhunter,havoc,96,52,44
Gilletteabdi,argent-dawn,1966,demonhunter,havoc,115,58,57
Ohseri,defias-brotherhood,1963,demonhunter,havoc,180,87,93
Depure,blackrock,1955,demonhunter,havoc,96,45,51
Satånist,outland,1954,demonhunter,havoc,298,157,141
Истребитель,blackscar,1949,demonhunter,havoc,312,171,141
Майотх,gordunni,1949,demonhunter,havoc,235,121,114
Mavorz,blackhand,1946,demonhunter,havoc,54,32,22
Aiean,ravencrest,1946,demonhunter,havoc,300,149,151
Yúki,blackrock,1939,demonhunter,havoc,66,32,34
Battlebruuh,ghostlands,1935,demonhunter,havoc,66,27,39
Çøððøøððøøðð,blackmoore,1929,demonhunter,havoc,298,153,145
Tórstenstøck,ravencrest,1928,demonhunter,havoc,71,48,23
Delanoss,blackmoore,1922,demonhunter,havoc,133,72,61
Майвэйх,soulflayer,1922,demonhunter,havoc,124,62,62
Dpsspec,draenor,1919,demonhunter,havoc,108,52,56
Ïfï,archimonde,1918,demonhunter,havoc,177,94,83
Lassudan,stormreaver,1917,demonhunter,havoc,59,31,28
Cydh,auchindoun,1917,demonhunter,havoc,90,45,45
Wibergdh,kazzak,1915,demonhunter,havoc,54,30,24
Kindablind,aggramar,1914,demonhunter,havoc,113,59,54
Dizbi,argent-dawn,1912,demonhunter,havoc,111,70,41
Viced,kazzak,1912,demonhunter,havoc,72,36,36
Damatche,outland,1910,demonhunter,havoc,136,68,68
Konydh,outland,1909,demonhunter,havoc,89,48,41
Scubaman,tarren-mill,1908,demonhunter,havoc,90,46,44
Pulsefuzzy,burning-legion,1905,demonhunter,havoc,65,37,28
Iryut,onyxia,1903,demonhunter,havoc,90,47,43
Rùkîbazùkï,ravencrest,1902,demonhunter,havoc,47,31,16
Gíftig,ravencrest,1900,demonhunter,havoc,101,53,48
Sofun,stormscale,1894,demonhunter,havoc,294,145,149
Avye,tichondrius,1892,demonhunter,havoc,66,34,32
Pipeandy,kazzak,1891,demonhunter,havoc,101,53,48
Rvnx,archimonde,1890,demonhunter,havoc,281,154,127
Моигваза,soulflayer,1890,demonhunter,havoc,59,30,29
Хэллшок,eversong,1888,demonhunter,havoc,120,61,59
Cuddlypeanut,argent-dawn,1888,demonhunter,havoc,213,100,113
Perojeina,draenor,1885,demonhunter,havoc,41,22,19
Skywålker,stormscale,1882,demonhunter,havoc,81,41,40
Schrewneil,twisting-nether,1882,demonhunter,havoc,72,30,42
Рензокукеен,gordunni,1881,demonhunter,havoc,60,33,27
Nøbodyx,tarren-mill,1879,demonhunter,havoc,72,36,36
Cuirnoir,ravencrest,1877,demonhunter,havoc,60,35,25
Walkmyshoes,twisting-nether,1877,demonhunter,havoc,102,51,51
Boxssabanned,archimonde,1875,demonhunter,havoc,137,67,70
Donkeydh,tarren-mill,1868,demonhunter,havoc,54,36,18
Oldforwow,outland,1865,demonhunter,havoc,174,91,83
Зарах,gordunni,1864,demonhunter,havoc,72,42,30
Simshady,stormscale,1861,demonhunter,havoc,102,63,39
Jincksdh,kazzak,1861,demonhunter,havoc,61,29,32
Mazöku,ravencrest,1859,demonhunter,havoc,146,80,66
Brolafsen,ravencrest,1859,demonhunter,havoc,66,32,34
Apfelbaum,die-aldor,1857,demonhunter,havoc,60,40,20
Carboen,tarren-mill,1856,demonhunter,havoc,96,52,44
Kebabidin,kazzak,1856,demonhunter,havoc,66,30,36
Itadora,antonidas,1854,demonhunter,havoc,77,40,37
Mädchen,blackhand,1854,demonhunter,havoc,48,23,25
Демонблэйдс,gordunni,1853,demonhunter,havoc,66,36,30
Finwe,outland,1852,demonhunter,havoc,63,35,28
Dasein,tarren-mill,1852,demonhunter,havoc,54,29,25
Notlars,chamber-of-aspects,1847,demonhunter,havoc,65,37,28
Аркантт,soulflayer,1847,demonhunter,havoc,183,88,95
Mips,ghostlands,1847,demonhunter,havoc,66,30,36
Flyingwhale,terokkar,1846,demonhunter,havoc,75,43,32
Grimjow,arthas,1843,demonhunter,havoc,73,34,39
Клопобойка,gordunni,1842,demonhunter,havoc,69,37,32
Bloodwatcher,twisting-nether,1842,demonhunter,havoc,54,27,27
Neunelfturbo,ravencrest,1839,demonhunter,havoc,48,32,16
Çrymemøre,dun-modr,1839,demonhunter,havoc,120,63,57
Brunhity,twisting-nether,1839,demonhunter,havoc,53,26,27
Rxor,eredar,1838,demonhunter,havoc,120,66,54
Màuul,ravencrest,1838,demonhunter,havoc,201,99,102
Fotmdehatwo,blackrock,1837,demonhunter,havoc,61,32,29
Ilovelilith,zuljin,1837,demonhunter,havoc,129,67,62
Xarôth,eredar,1837,demonhunter,havoc,66,32,34
Smoothbraiin,ravencrest,1836,demonhunter,havoc,137,76,61
Illislan,darksorrow,1836,demonhunter,havoc,251,126,125
Whøo,stormscale,1835,demonhunter,havoc,26,24,2
Minifranger,archimonde,1835,demonhunter,havoc,87,47,40
Ðoksy,archimonde,1835,demonhunter,havoc,60,31,29
Zkrdh,kazzak,1835,demonhunter,havoc,65,33,32
Нэйтиси,soulflayer,1834,demonhunter,havoc,68,36,32
Мэйзиквин,howling-fjord,1833,demonhunter,havoc,231,121,110
Mittÿ,tarren-mill,1833,demonhunter,havoc,77,36,41
Evilidan,hyjal,1833,demonhunter,havoc,48,22,26
Zireáel,stormscale,1831,demonhunter,havoc,62,35,27
Dânÿ,elune,1831,demonhunter,havoc,66,35,31
Zeroques,frostmane,1831,demonhunter,havoc,66,33,33
Сасун,galakrond,1831,demonhunter,havoc,69,32,37
Supay,rexxar,1830,demonhunter,havoc,58,31,27
Batik,blackmoore,1830,demonhunter,havoc,190,97,93
Shattre,silvermoon,1830,demonhunter,havoc,41,20,21
Mür,nordrassil,1830,demonhunter,havoc,59,26,33
Charteryo,eredar,1829,demonhunter,havoc,60,35,25
Yamehd,stormreaver,1827,demonhunter,havoc,42,26,16
Pogdh,silvermoon,1827,demonhunter,havoc,81,46,35
Sayph,hyjal,1826,demonhunter,havoc,54,30,24
Chxpo,twisting-nether,1826,demonhunter,havoc,89,47,42
Leýara,blackmoore,1825,demonhunter,havoc,56,35,21
Camtoe,ravencrest,1825,demonhunter,havoc,216,121,95
Сибу,soulflayer,1825,demonhunter,havoc,48,21,27
Imslapping,draenor,1824,demonhunter,havoc,96,57,39
Ricedh,blackhand,1824,demonhunter,havoc,48,27,21
Mürh,nordrassil,1824,demonhunter,havoc,54,25,29
Malignantx,ragnaros,1823,demonhunter,havoc,56,31,25
Barneeéy,tarren-mill,1823,demonhunter,havoc,113,62,51
Bojestvena,twisting-nether,1823,demonhunter,havoc,180,89,91
Khétí,tarren-mill,1821,demonhunter,havoc,101,53,48
Uldren,defias-brotherhood,1821,demonhunter,havoc,200,102,98
Элизар,howling-fjord,1821,demonhunter,havoc,120,61,59
Dadøw,dun-modr,1820,demonhunter,havoc,72,34,38
Bogren,sylvanas,1820,demonhunter,havoc,84,39,45
Onof,hyjal,1820,demonhunter,havoc,96,43,53
Empúsa,stormscale,1819,demonhunter,havoc,72,39,33
Stickidan,malganis,1819,demonhunter,havoc,72,36,36
Krm,dun-modr,1818,demonhunter,havoc,38,23,15
Amnésysx,ysondre,1818,demonhunter,havoc,72,35,37
Elipireli,doomhammer,1818,demonhunter,havoc,60,28,32
Luwayne,blackmoore,1818,demonhunter,havoc,47,21,26
Corvox,argent-dawn,1818,demonhunter,havoc,75,32,43
Shyynedh,grim-batol,1817,demonhunter,havoc,57,32,25
Dreamslash,tarren-mill,1817,demonhunter,havoc,52,29,23
Zhadrom,ragnaros,1817,demonhunter,havoc,72,31,41
Zedxx,kazzak,1815,demonhunter,havoc,111,58,53
Dbolmami,twisting-nether,1814,demonhunter,havoc,34,25,9
Perna,ghostlands,1814,demonhunter,havoc,74,34,40
Faufilé,garona,1813,demonhunter,havoc,163,85,78
Unseenshadow,ragnaros,1813,demonhunter,havoc,60,25,35
Eyecandy,scarshield-legion,1812,demonhunter,havoc,79,42,37
Írony,draenor,1812,demonhunter,havoc,50,25,25
Yukiz,ravencrest,1812,demonhunter,havoc,48,24,24
Найтшифт,blackscar,1811,demonhunter,havoc,46,29,17
Vexanic,chamber-of-aspects,1811,demonhunter,havoc,93,49,44
Eyasluna,twisting-nether,1811,demonhunter,havoc,66,30,36
Djratatouill,kazzak,1810,demonhunter,havoc,42,27,15
Скинр,soulflayer,1810,demonhunter,havoc,84,49,35
Хменчик,soulflayer,1809,demonhunter,havoc,97,47,50
Mandariâ,blackmoore,1808,demonhunter,havoc,60,32,28
Jumpmeister,ragnaros,1806,demonhunter,havoc,42,25,17
Rabæ,blackhand,1806,demonhunter,havoc,102,54,48
Hopéless,aggra-português,1806,demonhunter,havoc,48,25,23
Anerana,malganis,1806,demonhunter,havoc,114,52,62
Gøat,nemesis,1804,demonhunter,havoc,96,55,41
Jawohunt,rexxar,1803,demonhunter,havoc,108,49,59
Stràt,ysondre,1803,demonhunter,havoc,72,31,41
Baddxd,ragnaros,1802,demonhunter,havoc,38,22,16
Phesxdh,sylvanas,1801,demonhunter,havoc,122,77,45
Barbarinjo,silvermoon,1800,demonhunter,havoc,36,22,14
Jimfromsales,argent-dawn,1800,demonhunter,havoc,36,19,17
Vaiprix,ragnaros,1800,demonhunter,havoc,48,24,24
Kardyö,archimonde,1800,demonhunter,havoc,108,50,58
Jco,kazzak,1800,demonhunter,havoc,50,23,27
Weback,ravencrest,1800,demonhunter,havoc,48,22,26
Миелион,gordunni,1800,demonhunter,havoc,65,29,36
Badtimes,malganis,1799,demonhunter,havoc,249,123,126
Icekissl,hyjal,1797,demonhunter,havoc,40,20,20
Mongoose,drakthul,1796,demonhunter,havoc,154,78,76
Камуи,gordunni,1796,demonhunter,havoc,90,45,45
Khrtdh,silvermoon,1794,demonhunter,havoc,42,24,18
Дэн,blackscar,1792,demonhunter,havoc,72,37,35
Fiveyearques,sylvanas,1792,demonhunter,havoc,111,51,60
Hunee,kazzak,1790,demonhunter,havoc,69,43,26
Funkiller,stormscale,1790,demonhunter,havoc,64,34,30
Mazeeken,kazzak,1790,demonhunter,havoc,75,38,37
Kostiq,kazzak,1787,demonhunter,havoc,59,30,29
Milanto,antonidas,1786,demonhunter,havoc,54,25,29
Солстрэйл,gordunni,1785,demonhunter,havoc,53,31,22
Нереалочка,blackscar,1785,demonhunter,havoc,36,19,17
Ted,frostwolf,1785,demonhunter,havoc,66,31,35
Amatèrasú,kazzak,1784,demonhunter,havoc,58,29,29
Dooj,sylvanas,1779,demonhunter,havoc,42,21,21
Anubias,ravencrest,1777,demonhunter,havoc,72,34,38
Врежимеэтти,soulflayer,1776,demonhunter,havoc,70,37,33
Gnarpump,emeriss,1776,demonhunter,havoc,54,27,27
Merelini,twisting-nether,1775,demonhunter,havoc,46,25,21
Бабкамопед,howling-fjord,1775,demonhunter,havoc,56,30,26
Cláw,ravencrest,1774,demonhunter,havoc,102,50,52
Exoqt,blackhand,1772,demonhunter,havoc,72,37,35
Demonmatheo,stormscale,1771,demonhunter,havoc,54,31,23
Автокикер,soulflayer,1771,demonhunter,havoc,60,34,26
Burchulica,sylvanas,1768,demonhunter,havoc,54,29,25
Possomhd,kazzak,1767,demonhunter,havoc,149,84,65
Daemonax,ragnaros,1767,demonhunter,havoc,60,29,31
Гвинович,blackscar,1764,demonhunter,havoc,142,71,71
Eurobeat,dun-modr,1763,demonhunter,havoc,167,90,77
Razex,kazzak,1762,demonhunter,havoc,117,60,57
Luunz,argent-dawn,1762,demonhunter,havoc,155,77,78
Cumbayá,draenor,1759,demonhunter,havoc,36,22,14
Lelaniae,blackhand,1759,demonhunter,havoc,48,20,28
Rïmðh,haomarush,1758,demonhunter,havoc,41,22,19
Nørðìç,nordrassil,1756,demonhunter,havoc,36,21,15
Dantert,zuljin,1756,demonhunter,havoc,42,24,18
Haldin,kazzak,1756,demonhunter,havoc,89,47,42
Elsynn,dalaran,1756,demonhunter,havoc,114,57,57
Сосочков,soulflayer,1755,demonhunter,havoc,205,105,100
Wyna,aggra-português,1755,demonhunter,havoc,160,80,80
Bokajr,ragnaros,1754,demonhunter,havoc,48,28,20
Airelidari,tyrande,1754,demonhunter,havoc,209,104,105
Shanaplow,hyjal,1754,demonhunter,havoc,72,33,39
Mønkeyx,kazzak,1753,demonhunter,havoc,38,25,13
Âspen,archimonde,1752,demonhunter,havoc,108,65,43
Найтбладия,gordunni,1752,demonhunter,havoc,78,43,35
Dhgoddess,kazzak,1752,demonhunter,havoc,42,21,21
Primolover,outland,1751,demonhunter,havoc,66,33,33
Eréthrus,ravencrest,1751,demonhunter,havoc,61,28,33
Calloww,kazzak,1750,demonhunter,havoc,37,19,18
Sailen,blackmoore,1748,demonhunter,havoc,59,28,31
Coolpizzaguy,twisting-nether,1748,demonhunter,havoc,66,29,37
Drphillidan,tarren-mill,1747,demonhunter,havoc,62,31,31
Felom,garona,1746,demonhunter,havoc,78,43,35
Ehrin,lightbringer,1746,demonhunter,havoc,100,49,51
Xotourlife,stormscale,1744,demonhunter,havoc,36,22,14
Belákor,twisting-nether,1744,demonhunter,havoc,259,132,127
Lagseven,ravencrest,1744,demonhunter,havoc,63,31,32
Billyhassan,kazzak,1742,demonhunter,havoc,48,31,17
Oniramqt,aegwynn,1739,demonhunter,havoc,60,27,33
Mojothejojo,ravencrest,1738,demonhunter,havoc,79,42,37
Zerinitý,outland,1737,demonhunter,havoc,54,29,25
Jeannedäsh,archimonde,1736,demonhunter,havoc,48,24,24
Susanoø,eredar,1735,demonhunter,havoc,213,116,97
Edh,dalaran,1734,demonhunter,havoc,107,56,51
Фавлав,ashenvale,1734,demonhunter,havoc,56,29,27
Турбосвинья,gordunni,1732,demonhunter,havoc,222,118,104
Krmâ,blackrock,1732,demonhunter,havoc,66,28,38
Allosa,argent-dawn,1731,demonhunter,havoc,48,26,22
Йактон,soulflayer,1731,demonhunter,havoc,42,20,22
Voicechat,tarren-mill,1730,demonhunter,havoc,36,22,14
Fruchtzwerg,tarren-mill,1730,demonhunter,havoc,90,51,39
Xenits,kazzak,1730,demonhunter,havoc,75,38,37
Kividari,dun-modr,1730,demonhunter,havoc,65,31,34
Ewlyna,stormscale,1730,demonhunter,havoc,48,22,26
Donipwnz,blackrock,1729,demonhunter,havoc,89,38,51
Муими,soulflayer,1728,demonhunter,havoc,60,28,32
Азместь,howling-fjord,1727,demonhunter,havoc,42,20,22
Trashcarlitô,eredar,1726,demonhunter,havoc,56,30,26
Badreal,sylvanas,1726,demonhunter,havoc,54,25,29
Shadowjambo,twisting-nether,1725,demonhunter,havoc,81,45,36
Alundil,ravencrest,1725,demonhunter,havoc,60,32,28
Kinstak,sanguino,1725,demonhunter,havoc,54,27,27
Barny,skullcrusher,1724,demonhunter,havoc,120,63,57
Slaanaesh,kazzak,1724,demonhunter,havoc,80,36,44
Balberith,twisting-nether,1723,demonhunter,havoc,105,56,49
Immørtaldh,tarren-mill,1723,demonhunter,havoc,48,23,25
Flys,doomhammer,1722,demonhunter,havoc,62,37,25
Nagatobimaru,tarren-mill,1721,demonhunter,havoc,48,26,22
Felpsita,kazzak,1721,demonhunter,havoc,60,30,30
Soizis,drakthul,1720,demonhunter,havoc,48,26,22
Felski,outland,1720,demonhunter,havoc,61,29,32
Cheetòs,blackmoore,1717,demonhunter,havoc,57,33,24
Freylis,burning-legion,1716,demonhunter,havoc,38,23,15
Periphere,eredar,1715,demonhunter,havoc,42,22,20
Aethinos,sylvanas,1712,demonhunter,havoc,48,30,18
Maevê,frostmourne,1712,demonhunter,havoc,37,19,18
Культсмерти,howling-fjord,1712,demonhunter,havoc,78,31,47
Filthyape,ravencrest,1711,demonhunter,havoc,48,22,26
Kezumå,tarren-mill,1710,demonhunter,havoc,84,42,42
Уполномочен,howling-fjord,1709,demonhunter,havoc,48,26,22
Cptncucumber,blackmoore,1709,demonhunter,havoc,126,66,60
Лизарин,gordunni,1708,demonhunter,havoc,101,46,55
Nerronaxd,silvermoon,1707,demonhunter,havoc,120,62,58
Vizh,aegwynn,1707,demonhunter,havoc,60,25,35
Bestro,tarren-mill,1706,demonhunter,havoc,62,31,31
Zy,ahnqiraj,1705,demonhunter,havoc,35,20,15
Jotaros,ravencrest,1705,demonhunter,havoc,42,18,24
Hcsgötze,dalaran,1704,demonhunter,havoc,70,43,27
Brainlessdmg,ragnaros,1704,demonhunter,havoc,36,21,15
Chàk,marécage-de-zangar,1704,demonhunter,havoc,144,63,81
Neralith,ravencrest,1703,demonhunter,havoc,119,62,57
Авилолз,gordunni,1702,demonhunter,havoc,48,25,23
Hialdoo,bladefist,1702,demonhunter,havoc,42,21,21
Enfy,twisting-nether,1701,demonhunter,havoc,71,35,36
Fullsënd,ragnaros,1697,demonhunter,havoc,170,85,85
Tanjero,stormscale,1696,demonhunter,havoc,53,36,17
Anayihh,dun-modr,1696,demonhunter,havoc,54,25,29
Purpleturtle,blackrock,1695,demonhunter,havoc,48,25,23
Anzz,kazzak,1695,demonhunter,havoc,54,28,26
Çôæ,twisting-nether,1695,demonhunter,havoc,187,92,95
Máédhros,ravencrest,1695,demonhunter,havoc,46,21,25
Kïng,frostmane,1694,demonhunter,havoc,54,38,16
Yousaindh,blackrock,1694,demonhunter,havoc,66,29,37
Malabala,grim-batol,1693,demonhunter,havoc,29,19,10
Indral,argent-dawn,1693,demonhunter,havoc,77,43,34
Tyssra,argent-dawn,1692,demonhunter,havoc,335,161,174
Yerla,burning-legion,1691,demonhunter,havoc,42,20,22
Shabalda,dun-morogh,1690,demonhunter,havoc,58,29,29
Havocer,burning-legion,1688,demonhunter,havoc,90,51,39
Дантеллиан,gordunni,1688,demonhunter,havoc,171,90,81
Mâdzylîa,archimonde,1688,demonhunter,havoc,41,19,22
Dxæn,archimonde,1687,demonhunter,havoc,41,24,17
Deehâ,eredar,1686,demonhunter,havoc,48,25,23
Demobob,tarren-mill,1686,demonhunter,havoc,48,23,25
Demonkata,twisting-nether,1684,demonhunter,havoc,98,55,43
Slutkitten,ravencrest,1684,demonhunter,havoc,48,21,27
Бананчикус,gordunni,1683,demonhunter,havoc,72,37,35
Emurid,les-sentinelles,1682,demonhunter,havoc,54,26,28
Míàkhãlîfâýð,stormscale,1682,demonhunter,havoc,62,26,36
Demonichanta,azjolnerub,1681,demonhunter,havoc,196,101,95
Hofisis,kazzak,1680,demonhunter,havoc,48,27,21
Zahadius,silvermoon,1679,demonhunter,havoc,53,35,18
Valarauk,ravencrest,1678,demonhunter,havoc,225,128,97
Asmonsmash,twisting-nether,1678,demonhunter,havoc,56,27,29
Ryänåir,ravencrest,1675,demonhunter,havoc,78,45,33
Ráiku,ravencrest,1674,demonhunter,havoc,48,22,26
Шахдан,howling-fjord,1673,demonhunter,havoc,76,43,33
Shadyblady,nemesis,1673,demonhunter,havoc,166,82,84
Twopumpchump,twisting-nether,1673,demonhunter,havoc,98,48,50
Demoncyka,twisting-nether,1673,demonhunter,havoc,60,22,38
Hialdoo,sylvanas,1672,demonhunter,havoc,66,29,37
Jolyh,nemesis,1671,demonhunter,havoc,83,48,35
Shtahuntna,tarren-mill,1671,demonhunter,havoc,246,137,109
Kolísenn,drakthul,1671,demonhunter,havoc,66,36,30
Lanadelbae,teldrassil,1670,demonhunter,havoc,178,91,87
Neverdance,ravencrest,1669,demonhunter,havoc,48,22,26
Smâshêd,stormscale,1666,demonhunter,havoc,75,43,32
Sepdy,draenor,1666,demonhunter,havoc,104,56,48
Bestboytoy,ravencrest,1666,demonhunter,havoc,41,22,19
Hornyhexy,stormscale,1666,demonhunter,havoc,174,93,81
Âyro,ravencrest,1665,demonhunter,havoc,66,39,27
Подэхилла,galakrond,1665,demonhunter,havoc,57,29,28
Márcin,burning-legion,1665,demonhunter,havoc,76,36,40
Thingawoop,tarren-mill,1664,demonhunter,havoc,67,33,34
Weez,kilrogg,1664,demonhunter,havoc,180,87,93
Ranked,drakthul,1664,demonhunter,havoc,129,55,74
Gwoodza,archimonde,1664,demonhunter,havoc,48,20,28
Lasaka,stormscale,1663,demonhunter,havoc,99,61,38
Spheria,outland,1663,demonhunter,havoc,159,77,82
Nyalah,eredar,1662,demonhunter,havoc,48,24,24
Nepthýs,blackhand,1662,demonhunter,havoc,57,25,32
Nillrogthedh,stormscale,1661,demonhunter,havoc,132,81,51
Koiskdh,tarren-mill,1661,demonhunter,havoc,52,28,24
Nuxzhell,tarren-mill,1661,demonhunter,havoc,300,147,153
Солфдх,fordragon,1661,demonhunter,havoc,42,19,23
Ferihokurva,outland,1660,demonhunter,havoc,54,26,28
Nisirae,argent-dawn,1659,demonhunter,havoc,138,80,58
Lilydrop,varimathras,1659,demonhunter,havoc,51,20,31
Мишаметапамп,grom,1658,demonhunter,havoc,44,23,21
Nøvillain,blackrock,1657,demonhunter,havoc,102,59,43
Nyalaah,eredar,1657,demonhunter,havoc,42,23,19
Кейтпрнстарс,howling-fjord,1657,demonhunter,havoc,100,53,47
Ïîï,archimonde,1657,demonhunter,havoc,142,61,81
Ðêmønìnsìðê,blackmoore,1656,demonhunter,havoc,30,19,11
Èfiie,culte-de-la-rive-noire,1656,demonhunter,havoc,53,24,29
Солевыеглефы,gordunni,1655,demonhunter,havoc,30,22,8
Szexypopsi,ragnaros,1655,demonhunter,havoc,77,46,31
Fizzpep,eredar,1655,demonhunter,havoc,52,25,27
Wojtall,silvermoon,1654,demonhunter,havoc,284,147,137
Vayshi,turalyon,1654,demonhunter,havoc,42,20,22
Felen,zuljin,1654,demonhunter,havoc,143,68,75
Zintu,draenor,1653,demonhunter,havoc,132,68,64
Calcïum,archimonde,1653,demonhunter,havoc,76,33,43
Bohchín,zuljin,1652,demonhunter,havoc,66,41,25
Инферналка,howling-fjord,1652,demonhunter,havoc,98,54,44
Tamtheone,silvermoon,1652,demonhunter,havoc,102,55,47
Broglaive,sylvanas,1652,demonhunter,havoc,42,21,21
Ðemøñsåy,blackrock,1652,demonhunter,havoc,198,95,103
Reckqt,eredar,1651,demonhunter,havoc,36,18,18
Xalgalor,silvermoon,1650,demonhunter,havoc,48,29,19
Kïallz,hyjal,1649,demonhunter,havoc,379,196,183
Аллидариан,howling-fjord,1649,demonhunter,havoc,41,20,21
Ethína,kazzak,1649,demonhunter,havoc,48,23,25
Speedførce,antonidas,1647,demonhunter,havoc,132,62,70
Gigasloth,outland,1646,demonhunter,havoc,30,23,7
Амбату,howling-fjord,1646,demonhunter,havoc,56,38,18
Mcfitty,stormscale,1645,demonhunter,havoc,30,19,11
Turbomenak,drakthul,1645,demonhunter,havoc,36,22,14
Lhya,tarren-mill,1645,demonhunter,havoc,60,32,28
Lilfly,twisting-nether,1645,demonhunter,havoc,36,19,17
Aofaye,aegwynn,1645,demonhunter,havoc,77,29,48
Brawngodx,draenor,1644,demonhunter,havoc,49,33,16
Ekaõs,les-sentinelles,1644,demonhunter,havoc,53,28,25
Rylqt,blackmoore,1644,demonhunter,havoc,67,33,34
Рейз,howling-fjord,1644,demonhunter,havoc,144,70,74
Benihimee,twisting-nether,1644,demonhunter,havoc,72,35,37
Kâsúxôxô,ravencrest,1643,demonhunter,havoc,34,19,15
Spiriteru,archimonde,1643,demonhunter,havoc,48,26,22
Broilerx,balnazzar,1643,demonhunter,havoc,48,22,26
Sàskiàn,draenor,1643,demonhunter,havoc,54,23,31
Killia,lothar,1642,demonhunter,havoc,42,24,18
Azaleia,archimonde,1642,demonhunter,havoc,142,74,68
Släshes,kazzak,1642,demonhunter,havoc,58,29,29
Киттигоплей,soulflayer,1642,demonhunter,havoc,96,47,49
Депрессивдед,gordunni,1641,demonhunter,havoc,66,32,34
Davidastt,drakthul,1641,demonhunter,havoc,65,30,35
Razrsolo,tarren-mill,1640,demonhunter,havoc,53,30,23
Firebringer,silvermoon,1639,demonhunter,havoc,42,23,19
Loucee,blackhand,1639,demonhunter,havoc,90,47,43
Гивюрхартми,gordunni,1639,demonhunter,havoc,77,30,47
Ðârksìðê,stormscale,1638,demonhunter,havoc,30,20,10
Bizl,arygos,1638,demonhunter,havoc,30,19,11
Zayláh,ravencrest,1637,demonhunter,havoc,93,46,47
Picpouc,archimonde,1637,demonhunter,havoc,54,24,30
Prepared,kaelthas,1637,demonhunter,havoc,45,20,25
Rezer,stormscale,1637,demonhunter,havoc,66,29,37
Sturmovik,ravencrest,1636,demonhunter,havoc,36,23,13
Destinado,aggra-português,1636,demonhunter,havoc,48,28,20
Guáca,draenor,1636,demonhunter,havoc,69,37,32
Brodor,alakir,1636,demonhunter,havoc,48,24,24
Jórúnn,twisting-nether,1636,demonhunter,havoc,60,29,31
Batx,ravencrest,1636,demonhunter,havoc,48,20,28
Øctågøñ,blackrock,1635,demonhunter,havoc,98,50,48
ßerdína,tarren-mill,1635,demonhunter,havoc,81,41,40
Xekaul,tarren-mill,1635,demonhunter,havoc,258,124,134
Riptos,blackhand,1635,demonhunter,havoc,46,22,24
Azraethx,ravencrest,1633,demonhunter,havoc,66,38,28
Enjøybrah,nemesis,1633,demonhunter,havoc,73,40,33
Djdeathsweep,blackrock,1633,demonhunter,havoc,36,19,17
Omegasyx,dun-modr,1633,demonhunter,havoc,57,30,27
Смутсайбот,howling-fjord,1633,demonhunter,havoc,48,22,26
Kamoridh,blackhand,1632,demonhunter,havoc,36,21,15
Tylleröwittu,grim-batol,1632,demonhunter,havoc,54,30,24
Azmodían,silvermoon,1631,demonhunter,havoc,59,28,31
Blæm,archimonde,1630,demonhunter,havoc,48,25,23
Velysaría,guldan,1630,demonhunter,havoc,97,50,47
Нсэнс,soulflayer,1629,demonhunter,havoc,36,22,14
Shadoss,ravencrest,1629,demonhunter,havoc,78,41,37
Molntuss,ravencrest,1629,demonhunter,havoc,80,36,44
Великаямыша,blackscar,1628,demonhunter,havoc,56,33,23
Mentalìst,blackmoore,1628,demonhunter,havoc,93,50,43
Блъя,gordunni,1628,demonhunter,havoc,42,21,21
Юзлескласс,gordunni,1627,demonhunter,havoc,36,20,16
Felbannedguy,twisting-nether,1627,demonhunter,havoc,42,23,19
Dinastye,archimonde,1627,demonhunter,havoc,168,90,78
Tdh,sanguino,1627,demonhunter,havoc,36,19,17
Оригамушка,gordunni,1627,demonhunter,havoc,48,23,25
Крикадский,howling-fjord,1626,demonhunter,havoc,90,54,36
Xetalar,burning-legion,1626,demonhunter,havoc,144,84,60
Omegapump,ravencrest,1626,demonhunter,havoc,36,19,17
Хингарский,deathguard,1625,demonhunter,havoc,68,39,29
Jumboo,tarren-mill,1625,demonhunter,havoc,53,29,24
Isito,draenor,1625,demonhunter,havoc,66,35,31
Nolitara,exodar,1625,demonhunter,havoc,92,47,45
Stazó,drakthul,1625,demonhunter,havoc,145,71,74
Sonreye,kazzak,1625,demonhunter,havoc,41,18,23
Lindzor,frostmane,1624,demonhunter,havoc,47,32,15
Drmanaburn,ravencrest,1624,demonhunter,havoc,30,17,13
Onecho,ragnaros,1623,demonhunter,havoc,30,18,12
Despèradø,archimonde,1623,demonhunter,havoc,146,77,69
Alythes,stormscale,1623,demonhunter,havoc,127,65,62
Koomaliha,outland,1623,demonhunter,havoc,85,42,43
Urukguy,silvermoon,1622,demonhunter,havoc,66,37,29
Бельторо,soulflayer,1622,demonhunter,havoc,123,68,55
Ilidrax,hyjal,1621,demonhunter,havoc,48,23,25
Doomcake,emeriss,1619,demonhunter,havoc,48,27,21
Nowhereturun,stormscale,1619,demonhunter,havoc,36,20,16
Dragontwist,sylvanas,1619,demonhunter,havoc,42,22,20
Alcóhon,ravencrest,1619,demonhunter,havoc,41,21,20
Crappyftw,ravencrest,1618,demonhunter,havoc,430,224,206
Fazero,silvermoon,1618,demonhunter,havoc,84,40,44
Пибзянка,howling-fjord,1616,demonhunter,havoc,36,20,16
Ðisgraze,argent-dawn,1616,demonhunter,havoc,245,126,119
Ботология,gordunni,1616,demonhunter,havoc,78,37,41
Aroxos,draenor,1616,demonhunter,havoc,64,29,35
Maytherel,blackhand,1616,demonhunter,havoc,126,52,74
Xenca,ravencrest,1614,demonhunter,havoc,113,66,47
Aeko,silvermoon,1614,demonhunter,havoc,42,21,21
Akaria,blackrock,1613,demonhunter,havoc,88,58,30
Фэсс,soulflayer,1613,demonhunter,havoc,65,35,30
Zakaji,blackmoore,1613,demonhunter,havoc,38,20,18
Felwinter,ravencrest,1613,demonhunter,havoc,168,80,88
Usaïnbolts,archimonde,1613,demonhunter,havoc,48,21,27
Chïbrøne,archimonde,1613,demonhunter,havoc,48,17,31
Влажныйдемон,soulflayer,1612,demonhunter,havoc,30,25,5
Venatica,twisting-nether,1612,demonhunter,havoc,108,62,46
Evil,uldum,1612,demonhunter,havoc,137,72,65
Tachala,khaz-modan,1612,demonhunter,havoc,39,20,19
Kéftëmé,ravencrest,1612,demonhunter,havoc,84,43,41
Thedudex,dunemaul,1612,demonhunter,havoc,44,21,23
Sekørm,ragnaros,1612,demonhunter,havoc,48,21,27
Netherim,twisting-nether,1611,demonhunter,havoc,122,52,70
Азелира,gordunni,1610,demonhunter,havoc,84,47,37
Gündüzgezen,silvermoon,1610,demonhunter,havoc,59,30,29
Ultîma,hyjal,1610,demonhunter,havoc,54,21,33
Crylater,twisting-nether,1609,demonhunter,havoc,42,26,16
Самадиэль,soulflayer,1609,demonhunter,havoc,65,35,30
Ifeeldirty,draenor,1609,demonhunter,havoc,39,21,18
Дайкиаомине,soulflayer,1609,demonhunter,havoc,36,19,17
Kéøn,ravencrest,1608,demonhunter,havoc,60,34,26
Quazr,outland,1608,demonhunter,havoc,212,118,94
Breezzdh,twisting-nether,1608,demonhunter,havoc,71,32,39
Enthia,antonidas,1607,demonhunter,havoc,119,65,54
Râindra,twisting-nether,1607,demonhunter,havoc,168,87,81
Geauxinue,archimonde,1607,demonhunter,havoc,42,20,22
Róxor,twisting-nether,1607,demonhunter,havoc,66,26,40
Mêgumi,kirin-tor,1606,demonhunter,havoc,208,106,102
Майкелелекек,gordunni,1606,demonhunter,havoc,36,17,19
Kins,dun-modr,1606,demonhunter,havoc,66,29,37
Pvpabuser,ravencrest,1605,demonhunter,havoc,71,43,28
Höllymedx,blackmoore,1605,demonhunter,havoc,30,17,13
Shaihulud,sanguino,1605,demonhunter,havoc,269,142,127
ßerdíná,tarren-mill,1605,demonhunter,havoc,60,31,29
Carablue,hyjal,1605,demonhunter,havoc,36,17,19
Demonjagge,tarren-mill,1604,demonhunter,havoc,36,24,12
Èstefany,stormscale,1604,demonhunter,havoc,90,49,41
Gonextbg,tarren-mill,1604,demonhunter,havoc,187,100,87
Zevsa,ravencrest,1604,demonhunter,havoc,48,25,23
Shirra,shadowsong,1604,demonhunter,havoc,38,18,20
Nixzon,thrall,1604,demonhunter,havoc,78,31,47
Trashclass,draenor,1603,demonhunter,havoc,34,18,16
Jamzydemon,kazzak,1602,demonhunter,havoc,24,17,7
Coniras,dun-morogh,1602,demonhunter,havoc,54,30,24
Вскрыша,soulflayer,1602,demonhunter,havoc,36,20,16
Kekburagól,kazzak,1602,demonhunter,havoc,39,21,18
Soysoyum,draenor,1602,demonhunter,havoc,36,18,18
Zoyle,blackrock,1602,demonhunter,havoc,54,22,32
Alithy,kazzak,1600,demonhunter,havoc,132,79,53
Ícéìnmývèins,stormscale,1600,demonhunter,havoc,45,20,25
Кельдарк,soulflayer,1598,demonhunter,havoc,192,97,95
Ignasei,archimonde,1598,demonhunter,havoc,69,31,38
Cappaowx,ravencrest,1597,demonhunter,havoc,30,21,9
Ðêmønìç,area-52,1597,demonhunter,havoc,42,25,17
Illidarisi,auchindoun,1597,demonhunter,havoc,66,32,34
Thorno,argent-dawn,1597,demonhunter,havoc,60,22,38
Illidankxx,sylvanas,1596,demonhunter,havoc,61,36,25
Antidevil,kazzak,1596,demonhunter,havoc,129,73,56
Zamassu,kazzak,1596,demonhunter,havoc,42,21,21
Nxtpls,silvermoon,1595,demonhunter,havoc,84,46,38
Dedemøn,ysondre,1595,demonhunter,havoc,33,17,16
Wintalker,nemesis,1595,demonhunter,havoc,76,39,37
Garoteromani,draenor,1593,demonhunter,havoc,136,76,60
Ячмо,gordunni,1593,demonhunter,havoc,40,22,18
Glayvie,kazzak,1593,demonhunter,havoc,69,32,37
Sebyk,doomhammer,1592,demonhunter,havoc,60,35,25
Alareey,antonidas,1592,demonhunter,havoc,159,77,82
Bhairav,silvermoon,1591,demonhunter,havoc,36,21,15
Terrminator,darksorrow,1590,demonhunter,havoc,36,23,13
Boozlike,tarren-mill,1588,demonhunter,havoc,78,42,36
Soulstacker,outland,1587,demonhunter,havoc,36,19,17
Lghdtv,ravencrest,1587,demonhunter,havoc,78,40,38
Schejtan,blackmoore,1586,demonhunter,havoc,48,30,18
Pinkberry,outland,1586,demonhunter,havoc,42,21,21
Эллий,blackscar,1585,demonhunter,havoc,42,18,24
Cptxo,tarren-mill,1583,demonhunter,havoc,53,29,24
Трукейт,gordunni,1582,demonhunter,havoc,56,33,23
Demonade,ravencrest,1582,demonhunter,havoc,74,43,31
Persio,sanguino,1582,demonhunter,havoc,123,65,58
Vorbis,twisting-nether,1582,demonhunter,havoc,117,58,59
Phudi,tarren-mill,1581,demonhunter,havoc,181,93,88
Kãzïn,archimonde,1580,demonhunter,havoc,41,21,20
Ydrael,terokkar,1578,demonhunter,havoc,54,29,25
Gïzmó,tarren-mill,1578,demonhunter,havoc,60,30,30
Кавайтити,howling-fjord,1577,demonhunter,havoc,60,32,28
Ryuwar,dun-modr,1577,demonhunter,havoc,83,44,39
Hextechz,stormscale,1576,demonhunter,havoc,54,30,24
Геммула,howling-fjord,1575,demonhunter,havoc,144,70,74
Olddemon,ravencrest,1574,demonhunter,havoc,74,51,23
Shylaría,blackhand,1573,demonhunter,havoc,42,20,22
Muyoni,eredar,1573,demonhunter,havoc,42,18,24
Junkai,echsenkessel,1569,demonhunter,havoc,57,30,27
Lòsâng,sanguino,1569,demonhunter,havoc,111,50,61
Мэртольятти,soulflayer,1567,demonhunter,havoc,115,57,58
Драксх,gordunni,1566,demonhunter,havoc,54,26,28
Opmuch,eonar,1565,demonhunter,havoc,70,36,34
Dhqoo,blackrock,1565,demonhunter,havoc,42,18,24
Exact,throkferoth,1564,demonhunter,havoc,71,38,33
Solarae,silvermoon,1564,demonhunter,havoc,127,67,60
Ноубрейндыха,gordunni,1563,demonhunter,havoc,329,168,161
Winxclub,ravencrest,1562,demonhunter,havoc,95,54,41
Jaquees,stormscale,1561,demonhunter,havoc,36,18,18
Faytundh,kult-der-verdammten,1561,demonhunter,havoc,42,19,23
Nuitrayer,hyjal,1560,demonhunter,havoc,68,44,24
Onebuttonxd,ravencrest,1559,demonhunter,havoc,48,29,19
Smoochygodx,antonidas,1558,demonhunter,havoc,156,87,69
Deathe,kilrogg,1556,demonhunter,havoc,54,24,30
Турботашш,soulflayer,1556,demonhunter,havoc,71,29,42
Kranta,blackmoore,1555,demonhunter,havoc,40,20,20
Синнэрлити,soulflayer,1555,demonhunter,havoc,42,18,24
Aedilles,ravencrest,1554,demonhunter,havoc,36,22,14
Shivarræ,stormreaver,1554,demonhunter,havoc,30,17,13
Akkita,ravencrest,1554,demonhunter,havoc,131,67,64
Thkingragnar,sanguino,1553,demonhunter,havoc,36,23,13
Slinks,silvermoon,1553,demonhunter,havoc,77,48,29
Illidrax,outland,1553,demonhunter,havoc,48,18,30
Suitcåséguy,ravencrest,1553,demonhunter,havoc,48,18,30
Glímpse,ravencrest,1552,demonhunter,havoc,78,39,39
Dhzor,twisting-nether,1552,demonhunter,havoc,64,32,32
Shylea,ravencrest,1551,demonhunter,havoc,126,66,60
Этмер,soulflayer,1550,demonhunter,havoc,48,27,21
Fellespont,hellscream,1550,demonhunter,havoc,87,39,48
Demøniac,ravencrest,1549,demonhunter,havoc,90,51,39
Дэйзиджонсон,soulflayer,1549,demonhunter,havoc,59,30,29
Safedaddy,silvermoon,1548,demonhunter,havoc,33,18,15
Yarudh,blackrock,1548,demonhunter,havoc,42,20,22
Ashcan,tarren-mill,1547,demonhunter,havoc,70,37,33
Эльгастон,howling-fjord,1547,demonhunter,havoc,72,36,36
Akalàkarcher,hyjal,1547,demonhunter,havoc,64,32,32
Kayzel,argent-dawn,1547,demonhunter,havoc,195,97,98
Escaboyx,stormscale,1546,demonhunter,havoc,24,17,7
Kékw,stormscale,1546,demonhunter,havoc,177,97,80
Cynmatic,kargath,1545,demonhunter,havoc,60,30,30
Cyfel,auchindoun,1545,demonhunter,havoc,35,17,18
Ymmotep,draenor,1544,demonhunter,havoc,322,167,155
Däshgødx,stormscale,1543,demonhunter,havoc,54,31,23
Telarris,twisting-nether,1542,demonhunter,havoc,195,110,85
Snibsxdh,silvermoon,1542,demonhunter,havoc,42,19,23
Testôdh,blackrock,1542,demonhunter,havoc,48,17,31
Demonmancer,ravencrest,1541,demonhunter,havoc,264,133,131
Trickstero,ragnaros,1541,demonhunter,havoc,60,25,35
Khray,archimonde,1540,demonhunter,havoc,36,18,18
Przemson,mazrigos,1540,demonhunter,havoc,83,40,43
Asporos,pozzo-delleternità,1540,demonhunter,havoc,55,23,32
Чанпэн,soulflayer,1539,demonhunter,havoc,128,68,60
Duffin,doomhammer,1538,demonhunter,havoc,138,69,69
Gandzsä,ragnaros,1537,demonhunter,havoc,66,30,36
Séphrióth,frostwolf,1536,demonhunter,havoc,42,21,21
Roaf,twisting-nether,1536,demonhunter,havoc,99,48,51
Méruème,hyjal,1534,demonhunter,havoc,43,22,21
Rybn,eredar,1534,demonhunter,havoc,48,17,31
Firstwolf,twisting-nether,1533,demonhunter,havoc,24,16,8
Ambudh,kazzak,1533,demonhunter,havoc,30,16,14
Глефавочко,gordunni,1533,demonhunter,havoc,36,16,20
Bichmicher,earthen-ring,1533,demonhunter,havoc,54,19,35
Thorair,ravenholdt,1532,demonhunter,havoc,72,33,39
Felthunder,twisting-nether,1530,demonhunter,havoc,30,16,14
Padalecki,blackmoore,1530,demonhunter,havoc,30,16,14
Neomicha,blackmoore,1528,demonhunter,havoc,42,22,20
Imsickleavme,draenor,1528,demonhunter,havoc,100,50,50
Pibzya,ravencrest,1527,demonhunter,havoc,69,32,37
Цэрри,soulflayer,1525,demonhunter,havoc,66,34,32
Ruíko,dun-morogh,1525,demonhunter,havoc,72,37,35
Tozpak,sylvanas,1525,demonhunter,havoc,38,17,21
Крикетчсв,soulflayer,1524,demonhunter,havoc,42,23,19
Aenirá,tarren-mill,1524,demonhunter,havoc,95,47,48
Геннитиро,deathguard,1523,demonhunter,havoc,34,20,14
Snitchezz,blackmoore,1523,demonhunter,havoc,102,55,47
Yeedhlol,blackmoore,1523,demonhunter,havoc,30,16,14
Shyuk,sanguino,1521,demonhunter,havoc,24,16,8
Shiefwiggum,aegwynn,1521,demonhunter,havoc,42,22,20
Гневлуны,lich-king,1521,demonhunter,havoc,66,31,35
Ashiharademo,twilights-hammer,1520,demonhunter,havoc,78,42,36
Flaybalbooll,ragnaros,1520,demonhunter,havoc,243,129,114
Ranzerg,tarren-mill,1519,demonhunter,havoc,24,17,7
Unkqt,dalaran,1517,demonhunter,havoc,54,25,29
Satanmanna,twisting-nether,1517,demonhunter,havoc,60,27,33
Felguard,darksorrow,1517,demonhunter,havoc,54,24,30
Malakbel,nemesis,1516,demonhunter,havoc,251,128,123
Cantseêyou,blackmoore,1515,demonhunter,havoc,84,46,38
Jesana,argent-dawn,1515,demonhunter,havoc,126,67,59
Azzïnoth,sargeras,1515,demonhunter,havoc,36,17,19
Mephîsto,sylvanas,1514,demonhunter,havoc,78,41,37
Dhsheesh,draenor,1514,demonhunter,havoc,48,25,23
Аитерия,gordunni,1513,demonhunter,havoc,24,18,6
Huntoverkill,hyjal,1513,demonhunter,havoc,36,19,17
Torporu,tarren-mill,1513,demonhunter,havoc,48,25,23
Эинхерия,soulflayer,1513,demonhunter,havoc,87,41,46
Atlizzdh,twisting-nether,1513,demonhunter,havoc,54,25,29
Mephilax,stormscale,1512,demonhunter,havoc,30,17,13
Grimberg,tarren-mill,1512,demonhunter,havoc,120,64,56
Kanabiz,outland,1512,demonhunter,havoc,306,158,148
Vênedri,eredar,1511,demonhunter,havoc,45,26,19
Illyriel,antonidas,1511,demonhunter,havoc,36,19,17
Blacklidan,blackrock,1509,demonhunter,havoc,40,17,23
Øhka,outland,1509,demonhunter,havoc,60,24,36
Geashy,blackmoore,1507,demonhunter,havoc,52,31,21
Monkeypox,twisting-nether,1507,demonhunter,havoc,118,60,58
Ceyye,blackrock,1507,demonhunter,havoc,54,26,28
Mâlefiz,blackmoore,1507,demonhunter,havoc,48,22,26
Azaeel,blackhand,1507,demonhunter,havoc,42,17,25
Theaisbae,twisting-nether,1506,demonhunter,havoc,54,25,29
Сложныйдх,howling-fjord,1505,demonhunter,havoc,48,29,19
Talamacus,outland,1505,demonhunter,havoc,36,21,15
Ibeem,dentarg,1504,demonhunter,havoc,69,46,23
Dominik,the-maelstrom,1504,demonhunter,havoc,144,78,66
Дрэгонборн,howling-fjord,1504,demonhunter,havoc,60,29,31
Lyanadh,blackhand,1504,demonhunter,havoc,35,16,19
Штормдоттэр,howling-fjord,1503,demonhunter,havoc,36,19,17
Sidekiq,silvermoon,1503,demonhunter,havoc,52,26,26
Iphanaa,frostmane,1503,demonhunter,havoc,97,48,49
Аянамирейко,blackscar,1502,demonhunter,havoc,66,41,25
Íllìðåñgøðx,antonidas,1500,demonhunter,havoc,118,57,61
Bippsy,zuljin,1499,demonhunter,havoc,44,28,16
Ihløøx,minahonda,1499,demonhunter,havoc,84,45,39
Цезарий,gordunni,1498,demonhunter,havoc,183,96,87
Mikezilla,drakthul,1498,demonhunter,havoc,48,24,24
Arnokia,kazzak,1498,demonhunter,havoc,114,56,58
Insaneomg,blackmoore,1497,demonhunter,havoc,40,16,24
Hauntedseoul,grim-batol,1496,demonhunter,havoc,90,54,36
Maupau,ravencrest,1495,demonhunter,havoc,24,16,8
Demonicrage,burning-legion,1495,demonhunter,havoc,32,18,14
Akkixy,die-aldor,1495,demonhunter,havoc,30,16,14
Sonnefel,tarren-mill,1495,demonhunter,havoc,65,32,33
Gullveîg,archimonde,1494,demonhunter,havoc,42,25,17
Спииртт,blackscar,1493,demonhunter,havoc,48,16,32
Kalr,silvermoon,1492,demonhunter,havoc,35,22,13
Шэдоуштормх,soulflayer,1492,demonhunter,havoc,102,59,43
Drakhiel,hyjal,1491,demonhunter,havoc,36,16,20
Échô,tarren-mill,1489,demonhunter,havoc,40,18,22
Métakagoule,ysondre,1488,demonhunter,havoc,87,43,44
Kolrex,ragnaros,1488,demonhunter,havoc,59,29,30
Läderjoel,ravencrest,1488,demonhunter,havoc,71,34,37
Ziltush,archimonde,1487,demonhunter,havoc,137,69,68
Дахану,soulflayer,1487,demonhunter,havoc,36,17,19
Sweetpety,tarren-mill,1486,demonhunter,havoc,105,53,52
Hanuta,alleria,1485,demonhunter,havoc,30,16,14
Împd,ravencrest,1485,demonhunter,havoc,96,47,49
Zumei,stormreaver,1484,demonhunter,havoc,74,40,34
Покахонта,soulflayer,1484,demonhunter,havoc,100,54,46
Onlytwokeys,dun-modr,1483,demonhunter,havoc,96,48,48
Oonn,outland,1482,demonhunter,havoc,45,21,24
Misli,stormscale,1480,demonhunter,havoc,54,29,25
Emerelle,die-aldor,1479,demonhunter,havoc,126,60,66
Кирсена,gordunni,1479,demonhunter,havoc,41,19,22
Tenawees,blackmoore,1478,demonhunter,havoc,48,27,21
Fumbiidhx,thrall,1478,demonhunter,havoc,54,28,26
Oggidanbuu,tarren-mill,1478,demonhunter,havoc,49,22,27
Æä,draenor,1477,demonhunter,havoc,66,32,34
Неффкодх,howling-fjord,1475,demonhunter,havoc,55,26,29
Kyru,frostwhisper,1473,demonhunter,havoc,54,36,18
Баттлрэп,soulflayer,1473,demonhunter,havoc,74,36,38
Thehûnt,outland,1472,demonhunter,havoc,101,55,46
Demogen,sylvanas,1471,demonhunter,havoc,126,70,56
Cielis,outland,1471,demonhunter,havoc,42,19,23
Parmesano,tyrande,1470,demonhunter,havoc,48,31,17
Treehunter,ravencrest,1470,demonhunter,havoc,30,16,14
Leesplays,ravencrest,1470,demonhunter,havoc,36,19,17
Ардатйякши,borean-tundra,1470,demonhunter,havoc,98,39,59
Teladar,outland,1469,demonhunter,havoc,32,17,15
Шалдарон,howling-fjord,1467,demonhunter,havoc,40,21,19
Headlessdh,ragnaros,1467,demonhunter,havoc,69,36,33
Zitx,ravencrest,1467,demonhunter,havoc,138,71,67
Piloudh,dalaran,1466,demonhunter,havoc,39,20,19
Szopóvadász,ragnaros,1466,demonhunter,havoc,36,17,19
Ðanizâ,aegwynn,1466,demonhunter,havoc,36,16,20
Frevee,outland,1464,demonhunter,havoc,113,63,50
Убийца,soulflayer,1463,demonhunter,havoc,53,29,24
Рэгес,howling-fjord,1463,demonhunter,havoc,30,16,14
Demonbean,stormscale,1462,demonhunter,havoc,34,18,16
Draxie,turalyon,1461,demonhunter,havoc,82,39,43
Baball,kazzak,1460,demonhunter,havoc,93,50,43
Wirsing,azshara,1460,demonhunter,havoc,54,22,32
Kvye,archimonde,1459,demonhunter,havoc,30,16,14
Blîndmaster,ravencrest,1459,demonhunter,havoc,130,65,65
Feluron,silvermoon,1457,demonhunter,havoc,30,24,6
Syonis,archimonde,1457,demonhunter,havoc,37,23,14
Actuallytrol,argent-dawn,1457,demonhunter,havoc,59,27,32
Фумиан,soulflayer,1457,demonhunter,havoc,64,28,36
Toddsnuggles,thrall,1456,demonhunter,havoc,60,37,23
Lilitlovesme,blackmoore,1456,demonhunter,havoc,30,17,13
Мужичок,soulflayer,1456,demonhunter,havoc,167,84,83
Yugsiturath,drakthul,1456,demonhunter,havoc,66,33,33
Inolia,argent-dawn,1456,demonhunter,havoc,34,16,18
Nyxxeria,drakthul,1456,demonhunter,havoc,45,17,28
Saisahan,archimonde,1455,demonhunter,havoc,77,41,36
Myztiko,hellscream,1454,demonhunter,havoc,176,89,87
Toonsdh,kazzak,1453,demonhunter,havoc,79,46,33
Trinchensdh,blackhand,1453,demonhunter,havoc,48,23,25
Ayö,draenor,1452,demonhunter,havoc,121,66,55
Иллиферрат,blackscar,1452,demonhunter,havoc,147,76,71
Slaanesh,xavius,1451,demonhunter,havoc,29,20,9
Бичерезх,soulflayer,1451,demonhunter,havoc,67,39,28
Morskivuk,draenor,1451,demonhunter,havoc,38,22,16
Ricmorphis,grim-batol,1451,demonhunter,havoc,47,17,30
Ülquiorrä,kazzak,1450,demonhunter,havoc,53,34,19
Sabe,ravencrest,1450,demonhunter,havoc,41,26,15
Pettitebang,ravencrest,1449,demonhunter,havoc,36,23,13
Dibo,blackmoore,1448,demonhunter,havoc,99,48,51
Nanana,doomhammer,1447,demonhunter,havoc,150,73,77
Хорбелий,deathguard,1446,demonhunter,havoc,84,42,42
Knùbbz,ravencrest,1444,demonhunter,havoc,63,29,34
Мужна,grom,1443,demonhunter,havoc,52,26,26
Tursal,dun-morogh,1442,demonhunter,havoc,39,22,17
Полутемный,howling-fjord,1442,demonhunter,havoc,30,16,14
Níghtwing,wildhammer,1441,demonhunter,havoc,47,25,22
Дашажмимету,blackscar,1439,demonhunter,havoc,32,16,16
Themen,ragnaros,1438,demonhunter,havoc,24,16,8
Chotzbrocke,blackhand,1438,demonhunter,havoc,24,15,9
Tapio,burning-legion,1438,demonhunter,havoc,60,25,35
Blizdliksk,outland,1437,demonhunter,havoc,42,22,20
Диджейвжух,gordunni,1437,demonhunter,havoc,30,15,15
Aminféryadi,twisting-nether,1437,demonhunter,havoc,48,22,26
Nerudas,blackhand,1436,demonhunter,havoc,42,24,18
Onlyfangodx,antonidas,1436,demonhunter,havoc,30,15,15
Sturmimon,arthas,1436,demonhunter,havoc,36,15,21
Netrisha,ravencrest,1436,demonhunter,havoc,72,28,44
Джастх,howling-fjord,1435,demonhunter,havoc,24,15,9
Erzàuwu,silvermoon,1435,demonhunter,havoc,36,15,21
Maskinegoðx,tarren-mill,1433,demonhunter,havoc,30,15,15
Shõ,twisting-nether,1433,demonhunter,havoc,42,15,27
Ashrena,ysondre,1431,demonhunter,havoc,48,32,16
Ðevl,blackmoore,1430,demonhunter,havoc,30,15,15
Остроухйй,blackscar,1430,demonhunter,havoc,66,30,36
Nvampire,draenor,1429,demonhunter,havoc,24,17,7
Øbsessiøn,kazzak,1429,demonhunter,havoc,107,53,54
Bhaz,tichondrius,1428,demonhunter,havoc,30,16,14
Ûro,dun-modr,1428,demonhunter,havoc,42,15,27
Blish,blackhand,1427,demonhunter,havoc,36,15,21
Brisingamen,outland,1426,demonhunter,havoc,60,29,31
Incanator,tarren-mill,1426,demonhunter,havoc,95,43,52
Kîrîto,nethersturm,1426,demonhunter,havoc,47,16,31
Øoröra,hyjal,1425,demonhunter,havoc,36,21,15
Afuwarrior,doomhammer,1425,demonhunter,havoc,57,31,26
Icelucard,argent-dawn,1425,demonhunter,havoc,93,49,44
Древиал,gordunni,1424,demonhunter,havoc,50,27,23
Deponiajkm,dun-modr,1424,demonhunter,havoc,30,15,15
Adapterinput,auchindoun,1423,demonhunter,havoc,114,62,52
Culywurly,silvermoon,1423,demonhunter,havoc,60,28,32
Lawus,blackhand,1422,demonhunter,havoc,30,15,15
Enhtailo,draenor,1421,demonhunter,havoc,24,15,9
Tayo,dun-modr,1421,demonhunter,havoc,71,35,36
Cheethless,ragnaros,1420,demonhunter,havoc,54,29,25
Келадор,soulflayer,1420,demonhunter,havoc,95,44,51
Lastactiondh,dun-morogh,1419,demonhunter,havoc,36,22,14
Spankoproof,kazzak,1418,demonhunter,havoc,30,16,14
Aphulucky,kazzak,1418,demonhunter,havoc,48,21,27
Maurî,tarren-mill,1418,demonhunter,havoc,37,16,21
Biü,tarren-mill,1418,demonhunter,havoc,42,16,26
Mëwë,hyjal,1417,demonhunter,havoc,32,19,13
Сочняга,gordunni,1417,demonhunter,havoc,42,15,27
Jazhz,dalaran,1415,demonhunter,havoc,36,17,19
Alury,blackrock,1414,demonhunter,havoc,78,41,37
Felcaller,sylvanas,1414,demonhunter,havoc,65,34,31
Sarrabulho,magtheridon,1414,demonhunter,havoc,48,25,23
Хирако,booty-bay,1414,demonhunter,havoc,30,15,15
Stellarvore,nemesis,1412,demonhunter,havoc,102,47,55
Äzräël,dun-modr,1412,demonhunter,havoc,72,32,40
Havocnslash,ragnaros,1411,demonhunter,havoc,42,23,19
Illiada,spinebreaker,1411,demonhunter,havoc,30,15,15
Itàchì,kazzak,1410,demonhunter,havoc,24,15,9
Darrkmoff,sylvanas,1409,demonhunter,havoc,48,26,22
Knmdemon,draenor,1407,demonhunter,havoc,30,15,15
Luzifer,ambossar,1406,demonhunter,havoc,147,77,70
Ziplar,tarren-mill,1406,demonhunter,havoc,66,34,32
Kanéki,sylvanas,1405,demonhunter,havoc,29,22,7
Merizane,antonidas,1404,demonhunter,havoc,30,16,14
Choclatballs,stormscale,1404,demonhunter,havoc,125,59,66
Saleny,blackrock,1404,demonhunter,havoc,36,15,21
Garretos,senjin,1403,demonhunter,havoc,31,22,9
Cayssaelle,argent-dawn,1403,demonhunter,havoc,30,15,15
Fiepsy,alexstrasza,1402,demonhunter,havoc,36,18,18
Guccibaby,silvermoon,1402,demonhunter,havoc,78,35,43
Vaynahi,grim-batol,1401,demonhunter,havoc,72,36,36
Albunico,draenor,1400,demonhunter,havoc,141,73,68
Дикаяособа,howling-fjord,1400,demonhunter,havoc,63,32,31
Mareen,pozzo-delleternità,1400,demonhunter,havoc,42,21,21
Sokal,dun-modr,1400,demonhunter,havoc,92,41,51
Деструкцыя,howling-fjord,1399,demonhunter,havoc,45,24,21
Тириола,howling-fjord,1398,demonhunter,havoc,36,20,16
Åelita,burning-legion,1398,demonhunter,havoc,34,17,17
Дэйнни,blackscar,1398,demonhunter,havoc,66,31,35
Экселия,howling-fjord,1397,demonhunter,havoc,60,32,28
Нейроуз,howling-fjord,1396,demonhunter,havoc,166,90,76
Philona,die-aldor,1396,demonhunter,havoc,164,85,79
Razziyel,ragnaros,1396,demonhunter,havoc,41,21,20
Дартарин,gordunni,1395,demonhunter,havoc,62,34,28
Tòd,silvermoon,1395,demonhunter,havoc,62,28,34
Aååááååââåâå,arygos,1394,demonhunter,havoc,24,15,9
Jedbrazander,ragnaros,1394,demonhunter,havoc,30,15,15
Ämi,blackmoore,1394,demonhunter,havoc,112,55,57
Immune,aegwynn,1394,demonhunter,havoc,36,17,19
Флеркенкот,galakrond,1393,demonhunter,havoc,250,140,110
Харольд,deepholm,1392,demonhunter,havoc,76,38,38
Кррюкс,gordunni,1392,demonhunter,havoc,30,15,15
Karakas,drakthul,1391,demonhunter,havoc,24,15,9
Paiz,grim-batol,1389,demonhunter,havoc,21,15,6
Demonsqueezy,nemesis,1389,demonhunter,havoc,34,21,13
Thugrøse,blackrock,1389,demonhunter,havoc,126,63,63
Camilysu,perenolde,1388,demonhunter,havoc,41,16,25
Nørkos,ysondre,1387,demonhunter,havoc,28,16,12
Skyborn,tarren-mill,1386,demonhunter,havoc,27,16,11
Morvash,nemesis,1386,demonhunter,havoc,36,20,16
Коньх,goldrinn,1386,demonhunter,havoc,71,31,40
Spicysteve,tarren-mill,1385,demonhunter,havoc,57,34,23
Coca,stormreaver,1384,demonhunter,havoc,24,15,9
Obitum,burning-legion,1384,demonhunter,havoc,140,74,66
Tyhaxx,ravencrest,1384,demonhunter,havoc,54,24,30
Hatemrankone,outland,1383,demonhunter,havoc,51,23,28
Valkorion,chamber-of-aspects,1382,demonhunter,havoc,51,23,28
Lydaro,malganis,1379,demonhunter,havoc,24,16,8
Kamaz,twisting-nether,1378,demonhunter,havoc,57,29,28
Imlegalblind,ragnaros,1378,demonhunter,havoc,85,37,48
Miyabí,drakthul,1378,demonhunter,havoc,42,15,27
Keanujeeves,dentarg,1376,demonhunter,havoc,60,33,27
Daemonai,neptulon,1376,demonhunter,havoc,66,35,31
Apokalypsra,blackmoore,1375,demonhunter,havoc,103,48,55
Moonbeàm,kazzak,1375,demonhunter,havoc,53,22,31
Ragel,grim-batol,1372,demonhunter,havoc,48,17,31
Sayee,drakthul,1371,demonhunter,havoc,30,19,11
Pówèr,ravencrest,1371,demonhunter,havoc,54,29,25
Tkr,zuljin,1371,demonhunter,havoc,108,56,52
Anstict,kazzak,1371,demonhunter,havoc,48,22,26
Shäck,archimonde,1370,demonhunter,havoc,30,15,15
Bloodconte,darksorrow,1369,demonhunter,havoc,28,17,11
Baileeh,blackmoore,1369,demonhunter,havoc,42,23,19
Error,ravencrest,1369,demonhunter,havoc,34,16,18
Súrinox,blackrock,1367,demonhunter,havoc,83,48,35
Seyran,silvermoon,1367,demonhunter,havoc,30,15,15
Sakumi,azshara,1366,demonhunter,havoc,169,75,94
Extraxtreme,ravencrest,1365,demonhunter,havoc,24,16,8
Poutanaola,twisting-nether,1365,demonhunter,havoc,30,15,15
Ikari,neptulon,1363,demonhunter,havoc,47,28,19
Алькирена,howling-fjord,1363,demonhunter,havoc,30,16,14
Nezruslfive,dun-modr,1361,demonhunter,havoc,36,18,18
Ckboo,kazzak,1359,demonhunter,havoc,35,15,20
Easywaay,kazzak,1358,demonhunter,havoc,79,40,39
Dyamo,sylvanas,1357,demonhunter,havoc,437,212,225
Wrakdh,archimonde,1355,demonhunter,havoc,56,34,22
Adraelia,archimonde,1354,demonhunter,havoc,81,44,37
Zamp,deathwing,1354,demonhunter,havoc,42,18,24
Byakugaan,drakthul,1353,demonhunter,havoc,48,29,19
Tharysan,sanguino,1351,demonhunter,havoc,54,35,19
Impatìence,tarren-mill,1351,demonhunter,havoc,36,15,21
Orochimaruu,kargath,1351,demonhunter,havoc,93,38,55
Ávto,stormscale,1350,demonhunter,havoc,65,42,23
Тарапынька,gordunni,1350,demonhunter,havoc,146,78,68
Агрочика,borean-tundra,1349,demonhunter,havoc,36,16,20
Khalestya,shendralar,1347,demonhunter,havoc,108,50,58
Zayl,defias-brotherhood,1347,demonhunter,havoc,68,28,40
Natazia,eredar,1345,demonhunter,havoc,84,45,39
Darrkdemon,kazzak,1345,demonhunter,havoc,264,127,137
Thalamis,kazzak,1345,demonhunter,havoc,75,33,42
Vexblade,silvermoon,1344,demonhunter,havoc,143,77,66
Flowen,stormreaver,1343,demonhunter,havoc,54,25,29
Ларэгар,azuregos,1343,demonhunter,havoc,70,28,42
Brolafsen,tarren-mill,1342,demonhunter,havoc,24,14,10
Zephyrê,blackrock,1342,demonhunter,havoc,134,67,67
Varedisa,kazzak,1342,demonhunter,havoc,59,27,32
Gwx,draenor,1342,demonhunter,havoc,81,36,45
Narkiza,tarren-mill,1341,demonhunter,havoc,24,14,10
Bestdemon,tarren-mill,1341,demonhunter,havoc,45,24,21
Никкэс,gordunni,1341,demonhunter,havoc,36,18,18
Даблкорк,soulflayer,1340,demonhunter,havoc,125,70,55
Illídana,azjolnerub,1340,demonhunter,havoc,62,32,30
Itheos,kazzak,1339,demonhunter,havoc,178,88,90
Newgens,kazzak,1339,demonhunter,havoc,30,14,16
Lifel,nemesis,1339,demonhunter,havoc,56,26,30
Rehagen,ysondre,1339,demonhunter,havoc,36,14,22
Liondrix,sanguino,1338,demonhunter,havoc,40,21,19
Onizukadh,archimonde,1338,demonhunter,havoc,30,14,16
Dhogge,emerald-dream,1337,demonhunter,havoc,36,14,22
Miscóde,twisting-nether,1336,demonhunter,havoc,30,14,16
Aryuna,frostwolf,1335,demonhunter,havoc,36,21,15
Sandem,blackrock,1335,demonhunter,havoc,24,14,10
Balsza,burning-legion,1335,demonhunter,havoc,54,26,28
Kainenn,silvermoon,1335,demonhunter,havoc,60,26,34
Hawoc,chamber-of-aspects,1334,demonhunter,havoc,42,26,16
Gurvan,kazzak,1334,demonhunter,havoc,77,41,36
Сильверган,soulflayer,1334,demonhunter,havoc,234,121,113
Шизванаденс,gordunni,1333,demonhunter,havoc,24,14,10
Sadzari,burning-legion,1333,demonhunter,havoc,24,14,10
Demongodxx,twisting-nether,1333,demonhunter,havoc,30,14,16
Minadng,silvermoon,1331,demonhunter,havoc,24,14,10
Lexim,khaz-modan,1331,demonhunter,havoc,72,40,32
Irenzy,twisting-nether,1331,demonhunter,havoc,30,14,16
Beerseewälk,ragnaros,1331,demonhunter,havoc,76,34,42
Notcrashy,eredar,1329,demonhunter,havoc,35,22,13
Checakore,argent-dawn,1329,demonhunter,havoc,66,34,32
Pichkachu,sylvanas,1329,demonhunter,havoc,36,18,18
Ðraudræm,ravencrest,1329,demonhunter,havoc,83,39,44
Иланари,gordunni,1328,demonhunter,havoc,23,16,7
Maryjane,nordrassil,1328,demonhunter,havoc,60,39,21
Шмальнуть,gordunni,1327,demonhunter,havoc,57,25,32
Kiirtach,dun-modr,1326,demonhunter,havoc,21,15,6
Adalya,stormrage,1326,demonhunter,havoc,94,39,55
Naïtipa,arathi,1326,demonhunter,havoc,36,14,22
Sionar,kazzak,1325,demonhunter,havoc,24,15,9
Adroenz,twisting-nether,1325,demonhunter,havoc,48,22,26
Exceltor,sanguino,1325,demonhunter,havoc,42,14,28
Крикетгодх,howling-fjord,1324,demonhunter,havoc,24,14,10
Asmedios,twisting-nether,1324,demonhunter,havoc,494,252,242
Dirtydoggy,dun-modr,1324,demonhunter,havoc,30,14,16
Егордемон,soulflayer,1323,demonhunter,havoc,46,25,21
Iaml,ravencrest,1323,demonhunter,havoc,67,32,35
Destructs,sylvanas,1321,demonhunter,havoc,67,33,34
Kâtsulol,ysondre,1321,demonhunter,havoc,30,14,16
Symbul,blackrock,1319,demonhunter,havoc,53,26,27
Devilmonkey,ambossar,1319,demonhunter,havoc,60,21,39
Valendriel,archimonde,1318,demonhunter,havoc,54,29,25
Ragnirok,deathwing,1318,demonhunter,havoc,138,66,72
Felleaf,ragnaros,1318,demonhunter,havoc,64,27,37
Jëtman,ravencrest,1317,demonhunter,havoc,56,35,21
Watchmepoop,stormscale,1315,demonhunter,havoc,24,15,9
Waviel,burning-legion,1315,demonhunter,havoc,53,26,27
Wauway,ragnaros,1314,demonhunter,havoc,48,24,24
Seedor,archimonde,1314,demonhunter,havoc,68,32,36
Yvrig,eredar,1313,demonhunter,havoc,24,14,10
Noitradh,zuljin,1313,demonhunter,havoc,27,15,12
Бропинг,soulflayer,1313,demonhunter,havoc,123,66,57
Obey,exodar,1312,demonhunter,havoc,47,22,25
Jayhan,chamber-of-aspects,1311,demonhunter,havoc,68,37,31
Jahannam,ysondre,1311,demonhunter,havoc,72,36,36
Demozzer,ravencrest,1310,demonhunter,havoc,61,34,27
Ilyerias,twisting-nether,1310,demonhunter,havoc,102,44,58
Мицлейн,gordunni,1309,demonhunter,havoc,57,21,36
Sinninse,blackmoore,1308,demonhunter,havoc,30,18,12
Cassitä,chogall,1308,demonhunter,havoc,54,28,26
Slowcuzclick,stormscale,1307,demonhunter,havoc,85,44,41
Luckertwo,tarren-mill,1307,demonhunter,havoc,109,55,54
Дисофи,soulflayer,1307,demonhunter,havoc,64,29,35
Порядокх,soulflayer,1306,demonhunter,havoc,36,21,15
Каралас,soulflayer,1301,demonhunter,havoc,36,21,15
Fleshes,draenor,1299,demonhunter,havoc,34,16,18
Siio,antonidas,1298,demonhunter,havoc,60,32,28
Thëos,argent-dawn,1298,demonhunter,havoc,103,51,52
Hairyjapgirl,silvermoon,1296,demonhunter,havoc,30,17,13
Makri,outland,1296,demonhunter,havoc,96,53,43
Muharaar,ravencrest,1295,demonhunter,havoc,22,15,7
Amylia,perenolde,1295,demonhunter,havoc,46,20,26
Жемчужинка,eversong,1294,demonhunter,havoc,59,29,30
Soca,ysondre,1294,demonhunter,havoc,66,29,37
Isp,kazzak,1294,demonhunter,havoc,42,17,25
Abendro,twisting-nether,1293,demonhunter,havoc,34,16,18
Juha,bronze-dragonflight,1290,demonhunter,havoc,51,31,20
Demonk,nemesis,1290,demonhunter,havoc,75,40,35
Coltender,drakthul,1290,demonhunter,havoc,73,34,39
Chaosfist,blackrock,1288,demonhunter,havoc,48,21,27
Bicskas,ragnaros,1288,demonhunter,havoc,51,21,30
Khamzath,blackhand,1287,demonhunter,havoc,60,34,26
Эридали,gordunni,1286,demonhunter,havoc,108,53,55
Féileacán,kazzak,1286,demonhunter,havoc,48,20,28
Momochi,silvermoon,1285,demonhunter,havoc,24,14,10
Yäkku,drakthul,1285,demonhunter,havoc,72,28,44
Délyria,blackhand,1283,demonhunter,havoc,66,37,29
Billidan,eredar,1282,demonhunter,havoc,54,25,29
Арат,ashenvale,1281,demonhunter,havoc,24,16,8
Æroa,antonidas,1281,demonhunter,havoc,56,30,26
Ozeey,draenor,1280,demonhunter,havoc,29,14,15
Demonpun,the-venture-co,1279,demonhunter,havoc,46,24,22
Полетела,gordunni,1278,demonhunter,havoc,30,15,15
Antrixa,ravencrest,1278,demonhunter,havoc,29,14,15
Konoth,kirin-tor,1277,demonhunter,havoc,59,32,27
Kaizzy,twisting-nether,1276,demonhunter,havoc,119,62,57
Munja,hyjal,1274,demonhunter,havoc,230,120,110
Тонниданза,howling-fjord,1274,demonhunter,havoc,274,137,137
Manga,aegwynn,1274,demonhunter,havoc,60,25,35
Demonpegasus,draenor,1272,demonhunter,havoc,32,14,18
Pleskdh,malganis,1272,demonhunter,havoc,54,23,31
Louloulou,aegwynn,1271,demonhunter,havoc,123,65,58
Illidanio,xavius,1271,demonhunter,havoc,30,14,16
Sephiris,argent-dawn,1270,demonhunter,havoc,25,16,9
Txullidan,twisting-nether,1270,demonhunter,havoc,36,23,13
Scotcheggs,argent-dawn,1267,demonhunter,havoc,38,16,22
Minutte,twisting-nether,1265,demonhunter,havoc,48,27,21
Gamaö,khaz-modan,1265,demonhunter,havoc,41,16,25
Охотникн,howling-fjord,1265,demonhunter,havoc,36,14,22
Осхимс,deathguard,1261,demonhunter,havoc,48,29,19
Schonevrouw,aszune,1261,demonhunter,havoc,48,29,19
Goatcorpse,blackmoore,1261,demonhunter,havoc,36,18,18
Сумърак,grom,1261,demonhunter,havoc,96,45,51
Anödyth,kirin-tor,1261,demonhunter,havoc,51,23,28
Azn,twisting-nether,1260,demonhunter,havoc,54,23,31
Trekxx,ragnaros,1258,demonhunter,havoc,48,24,24
Demonguard,draenor,1257,demonhunter,havoc,93,47,46
Marmotaa,ragnaros,1257,demonhunter,havoc,108,53,55
Hirbs,silvermoon,1257,demonhunter,havoc,78,35,43
Shytan,tarren-mill,1257,demonhunter,havoc,39,16,23
Killeedan,darksorrow,1257,demonhunter,havoc,36,14,22
Даудаев,gordunni,1256,demonhunter,havoc,42,23,19
Chapzi,ragnaros,1256,demonhunter,havoc,51,26,25
Lùcîfer,hellfire,1255,demonhunter,havoc,77,38,39
Nasghul,drakthul,1255,demonhunter,havoc,54,23,31
Száraz,ragnaros,1254,demonhunter,havoc,42,14,28
Hellboii,kilrogg,1253,demonhunter,havoc,63,39,24
Picotea,argent-dawn,1252,demonhunter,havoc,24,16,8
Lozakum,draenor,1252,demonhunter,havoc,114,55,59
Schahmiran,kargath,1252,demonhunter,havoc,30,14,16
Zyasea,blackmoore,1251,demonhunter,havoc,83,33,50
Norac,silvermoon,1248,demonhunter,havoc,41,16,25
Necorinex,silvermoon,1247,demonhunter,havoc,18,13,5
Anwenox,argent-dawn,1247,demonhunter,havoc,18,13,5
Abuelodosaka,dun-modr,1247,demonhunter,havoc,24,13,11
Nstea,cthun,1247,demonhunter,havoc,24,13,11
Folygale,outland,1247,demonhunter,havoc,24,13,11
Fróstdh,ravencrest,1247,demonhunter,havoc,30,13,17
Тэлэсык,gordunni,1247,demonhunter,havoc,36,15,21
Embruixada,sanguino,1246,demonhunter,havoc,64,37,27
Bläckdëvïl,uldum,1246,demonhunter,havoc,58,33,25
Zernoid,kazzak,1246,demonhunter,havoc,24,13,11
Velvetrain,ravencrest,1246,demonhunter,havoc,36,13,23
Saehila,kirin-tor,1245,demonhunter,havoc,89,39,50
Quakes,pozzo-delleternità,1243,demonhunter,havoc,48,26,22
Kimberleh,doomhammer,1243,demonhunter,havoc,24,13,11
Håssan,ravencrest,1242,demonhunter,havoc,24,13,11
Falanar,ysondre,1242,demonhunter,havoc,30,13,17
Meleidar,kazzak,1242,demonhunter,havoc,30,13,17
Midoaa,nerathor,1240,demonhunter,havoc,24,13,11
Анавеллка,howling-fjord,1240,demonhunter,havoc,24,13,11
Verrottung,blackhand,1240,demonhunter,havoc,24,13,11
Mooty,drekthar,1240,demonhunter,havoc,24,13,11
Nidorino,aegwynn,1240,demonhunter,havoc,30,13,17
Zejza,ragnaros,1238,demonhunter,havoc,43,19,24
Opsidaisi,tarren-mill,1238,demonhunter,havoc,30,13,17
Exoduss,ravencrest,1237,demonhunter,havoc,24,13,11
Integer,tarren-mill,1237,demonhunter,havoc,30,13,17
Jugøbænned,blackrock,1236,demonhunter,havoc,18,13,5
Sua,outland,1236,demonhunter,havoc,109,53,56
Xellnaga,twisting-nether,1236,demonhunter,havoc,38,18,20
Nekkëtsu,archimonde,1235,demonhunter,havoc,24,13,11
Kalimbä,suramar,1235,demonhunter,havoc,28,15,13
Hatemaker,burning-legion,1235,demonhunter,havoc,27,14,13
Fruttidimare,frostwolf,1234,demonhunter,havoc,105,48,57
Demonjay,stormscale,1233,demonhunter,havoc,28,14,14
Titanslayyer,azjolnerub,1233,demonhunter,havoc,30,13,17
Sèptember,draenor,1232,demonhunter,havoc,36,13,23
Версомния,gordunni,1230,demonhunter,havoc,30,13,17
Кейсимег,soulflayer,1229,demonhunter,havoc,86,37,49
Djaris,ghostlands,1228,demonhunter,havoc,18,13,5
Sarissa,dun-modr,1227,demonhunter,havoc,36,20,16
Bosque,ragnaros,1227,demonhunter,havoc,42,20,22
Mojois,ravenholdt,1225,demonhunter,havoc,81,46,35
Sindweller,arathi,1225,demonhunter,havoc,36,14,22
Shreddern,ragnaros,1224,demonhunter,havoc,31,14,17
Hatred,argent-dawn,1223,demonhunter,havoc,36,14,22
Кайриель,gordunni,1222,demonhunter,havoc,24,13,11
Dârhma,archimonde,1221,demonhunter,havoc,29,18,11
Лолбичьпро,blackscar,1221,demonhunter,havoc,30,16,14
Luceafaru,draenor,1221,demonhunter,havoc,36,13,23
Stringsz,ragnaros,1220,demonhunter,havoc,82,50,32
Овецловец,deathguard,1220,demonhunter,havoc,24,13,11
Biànca,outland,1220,demonhunter,havoc,38,15,23
Реалистик,deathweaver,1219,demonhunter,havoc,79,33,46
Giace,drakthul,1219,demonhunter,havoc,60,25,35
Ironjòe,eredar,1218,demonhunter,havoc,24,13,11
Нксин,howling-fjord,1218,demonhunter,havoc,30,14,16
Dmgchris,sylvanas,1218,demonhunter,havoc,36,13,23
Orenrg,dun-modr,1216,demonhunter,havoc,24,15,9
Chancelvie,outland,1216,demonhunter,havoc,46,17,29
Nanocsika,twisting-nether,1214,demonhunter,havoc,143,70,73
Betråyêr,draenor,1213,demonhunter,havoc,38,15,23
Jnfd,outland,1212,demonhunter,havoc,38,14,24
Heàvic,outland,1211,demonhunter,havoc,63,35,28
Kladius,skullcrusher,1210,demonhunter,havoc,27,15,12
Medievils,silvermoon,1209,demonhunter,havoc,60,22,38
Jyzu,festung-der-stürme,1209,demonhunter,havoc,36,13,23
Bessus,aggra-português,1207,demonhunter,havoc,48,24,24
Ìllídán,ravencrest,1205,demonhunter,havoc,80,41,39
Maltok,ysondre,1205,demonhunter,havoc,55,27,28
Ðarckjojo,hyjal,1204,demonhunter,havoc,47,19,28
Demonzeus,sylvanas,1203,demonhunter,havoc,62,33,29
Даргсайд,gordunni,1202,demonhunter,havoc,101,45,56
Bøøgý,silvermoon,1202,demonhunter,havoc,54,24,30
Isila,alakir,1202,demonhunter,havoc,89,33,56
Самуройд,gordunni,1199,demonhunter,havoc,42,18,24
Viridisignis,silvermoon,1197,demonhunter,havoc,86,48,38
Vozol,stormscale,1195,demonhunter,havoc,30,20,10
Hellarious,ragnaros,1195,demonhunter,havoc,72,30,42
Posterboy,tarren-mill,1194,demonhunter,havoc,25,13,12
Demonronin,the-maelstrom,1194,demonhunter,havoc,74,38,36
Дитяхаоса,howling-fjord,1194,demonhunter,havoc,60,24,36
Kélida,dun-modr,1190,demonhunter,havoc,33,13,20
Danedemlia,magtheridon,1189,demonhunter,havoc,55,25,30
Aûrelian,kragjin,1189,demonhunter,havoc,33,15,18
Leloine,trollbane,1185,demonhunter,havoc,51,30,21
Sangita,tarren-mill,1185,demonhunter,havoc,42,21,21
Claere,blackhand,1184,demonhunter,havoc,87,45,42
Dämonbumm,blackmoore,1183,demonhunter,havoc,22,13,9
Demonligos,draenor,1183,demonhunter,havoc,72,36,36
Dêyza,archimonde,1182,demonhunter,havoc,28,13,15
Artexxen,kazzak,1182,demonhunter,havoc,42,14,28
Petefile,kazzak,1181,demonhunter,havoc,36,22,14
Tokoloshë,ragnaros,1177,demonhunter,havoc,54,27,27
Øutsider,blackmoore,1174,demonhunter,havoc,78,34,44
Kaletoq,ragnaros,1172,demonhunter,havoc,34,20,14
Эндимэн,soulflayer,1172,demonhunter,havoc,44,24,20
Моуровани,eversong,1172,demonhunter,havoc,30,16,14
Самфор,soulflayer,1172,demonhunter,havoc,84,41,43
Änyä,ravencrest,1171,demonhunter,havoc,28,13,15
Dadicek,drakthul,1169,demonhunter,havoc,24,16,8
Sombessat,tarren-mill,1169,demonhunter,havoc,48,26,22
Гневныймомон,soulflayer,1168,demonhunter,havoc,76,38,38
Azkerash,draenor,1168,demonhunter,havoc,60,24,36
Ezrnkone,stormscale,1166,demonhunter,havoc,17,13,4
Kiriall,blackmoore,1166,demonhunter,havoc,78,36,42
Oxydh,ravencrest,1165,demonhunter,havoc,28,13,15
Люцифэйль,gordunni,1165,demonhunter,havoc,50,23,27
Shizá,burning-legion,1165,demonhunter,havoc,86,39,47
Demonakis,twisting-nether,1164,demonhunter,havoc,31,13,18
Mdåll,chogall,1162,demonhunter,havoc,44,22,22
Doccholiday,doomhammer,1162,demonhunter,havoc,41,18,23
Lagordin,aggramar,1161,demonhunter,havoc,18,14,4
Hawek,madmortem,1161,demonhunter,havoc,64,35,29
Талона,fordragon,1160,demonhunter,havoc,30,17,13
Athoribos,silvermoon,1160,demonhunter,havoc,60,32,28
Letidyr,ravencrest,1158,demonhunter,havoc,54,17,37
Wréckful,ravencrest,1155,demonhunter,havoc,48,17,31
Itsukix,stormscale,1153,demonhunter,havoc,36,21,15
Аоешный,howling-fjord,1152,demonhunter,havoc,24,12,12
Ourius,blackmoore,1151,demonhunter,havoc,24,12,12
Hagana,tirion,1151,demonhunter,havoc,24,12,12
Uthinare,silvermoon,1151,demonhunter,havoc,44,18,26
Onlyw,ravencrest,1150,demonhunter,havoc,17,13,4
Illidiangød,sanguino,1150,demonhunter,havoc,18,12,6
Thulânn,twisting-nether,1150,demonhunter,havoc,24,12,12
Raïley,archimonde,1150,demonhunter,havoc,30,12,18
Azzinoth,outland,1150,demonhunter,havoc,57,20,37
Kerog,blackmoore,1149,demonhunter,havoc,18,12,6
Seleverkauft,antonidas,1149,demonhunter,havoc,18,12,6
Bigboychaos,twisting-nether,1149,demonhunter,havoc,36,19,17
Bignugs,ravencrest,1149,demonhunter,havoc,30,12,18
Schøck,blackhand,1148,demonhunter,havoc,18,12,6
Charleyzard,argent-dawn,1148,demonhunter,havoc,24,12,12
Felsbane,argent-dawn,1147,demonhunter,havoc,21,13,8
Maøu,hyjal,1147,demonhunter,havoc,24,12,12
Õmen,ravencrest,1147,demonhunter,havoc,24,12,12
Lodjay,hyjal,1147,demonhunter,havoc,24,12,12
Mèlfurion,hyjal,1147,demonhunter,havoc,97,42,55
Lovzuu,draenor,1146,demonhunter,havoc,18,13,5
Нохелет,deepholm,1146,demonhunter,havoc,241,126,115
Деирдевил,blackscar,1146,demonhunter,havoc,24,12,12
Elvenfrey,kazzak,1145,demonhunter,havoc,30,12,18
Aruzar,twisting-nether,1145,demonhunter,havoc,36,14,22
Morow,die-ewige-wacht,1144,demonhunter,havoc,18,12,6
Джигурдинец,gordunni,1144,demonhunter,havoc,30,17,13
Allalina,draenor,1144,demonhunter,havoc,60,33,27
Сихая,howling-fjord,1144,demonhunter,havoc,24,12,12
Дронкрылатый,soulflayer,1143,demonhunter,havoc,72,35,37
Mëy,thrall,1143,demonhunter,havoc,36,12,24
Xellidan,dun-modr,1142,demonhunter,havoc,30,14,16
Ræko,sanguino,1142,demonhunter,havoc,30,12,18
Anandria,blutkessel,1140,demonhunter,havoc,71,42,29
Yuka,earthen-ring,1140,demonhunter,havoc,42,20,22
Сангвиннус,howling-fjord,1139,demonhunter,havoc,23,13,10
Lilithxz,blackmoore,1139,demonhunter,havoc,24,12,12
Fotmfgt,eredar,1139,demonhunter,havoc,24,12,12
Dreggath,doomhammer,1139,demonhunter,havoc,59,29,30
Kebiz,ragnaros,1139,demonhunter,havoc,29,13,16
Тушино,lich-king,1135,demonhunter,havoc,18,12,6
Гарражж,howling-fjord,1135,demonhunter,havoc,24,12,12
Basiliskus,argent-dawn,1134,demonhunter,havoc,30,12,18
Hupon,drakthul,1130,demonhunter,havoc,24,12,12
Dämokröte,ambossar,1129,demonhunter,havoc,68,35,33
Iaozh,culte-de-la-rive-noire,1129,demonhunter,havoc,48,20,28
Gurthalak,alakir,1129,demonhunter,havoc,35,14,21
Giboo,emerald-dream,1127,demonhunter,havoc,18,12,6
Marsterkush,malygos,1127,demonhunter,havoc,43,22,21
Liisza,blackhand,1124,demonhunter,havoc,18,12,6
Vio,jaedenar,1124,demonhunter,havoc,60,36,24
Sharhan,sylvanas,1118,demonhunter,havoc,42,16,26
Vaenil,hyjal,1118,demonhunter,havoc,41,14,27
Talisnar,nemesis,1117,demonhunter,havoc,34,12,22
Aloii,kazzak,1116,demonhunter,havoc,30,13,17
Youjosenki,magtheridon,1111,demonhunter,havoc,23,15,8
Pijvijie,shattrath,1111,demonhunter,havoc,52,18,34
Zulthealbino,tarren-mill,1110,demonhunter,havoc,20,13,7
Katheros,garrosh,1109,demonhunter,havoc,42,22,20
Zengor,twilights-hammer,1109,demonhunter,havoc,28,14,14
Мотек,howling-fjord,1109,demonhunter,havoc,120,57,63
Tatsukiyuzu,hyjal,1107,demonhunter,havoc,48,32,16
Winchesterxx,sanguino,1107,demonhunter,havoc,48,23,25
Metadel,outland,1104,demonhunter,havoc,193,101,92
Aidae,sylvanas,1104,demonhunter,havoc,36,12,24
Roostidh,shattered-hand,1103,demonhunter,havoc,54,30,24
Shadowkick,archimonde,1103,demonhunter,havoc,204,102,102
Nylaria,dethecus,1102,demonhunter,havoc,24,13,11
Стрепа,grom,1102,demonhunter,havoc,58,31,27
Mcsmackface,hellfire,1102,demonhunter,havoc,54,19,35
Yiùna,hyjal,1101,demonhunter,havoc,48,24,24
Scarebearz,outland,1100,demonhunter,havoc,66,34,32
Plec,alakir,1100,demonhunter,havoc,54,22,32
Eliyz,dalaran,1098,demonhunter,havoc,29,12,17
Айвэнгос,thermaplugg,1097,demonhunter,havoc,61,35,26
Twistyy,drakthul,1097,demonhunter,havoc,72,41,31
Glavesong,burning-legion,1096,demonhunter,havoc,21,13,8
Darkustos,blackrock,1096,demonhunter,havoc,26,14,12
Teoma,hyjal,1096,demonhunter,havoc,158,81,77
Зографос,fordragon,1094,demonhunter,havoc,25,13,12
Аллилания,fordragon,1092,demonhunter,havoc,50,32,18
Cirino,defias-brotherhood,1090,demonhunter,havoc,73,35,38
Eranduur,draenor,1088,demonhunter,havoc,24,13,11
Âkazza,archimonde,1086,demonhunter,havoc,26,12,14
Fikyx,draenor,1086,demonhunter,havoc,56,23,33
Илизарнный,gordunni,1085,demonhunter,havoc,30,13,17
Azazelkw,ragnaros,1084,demonhunter,havoc,66,34,32
Thegamesucks,ravencrest,1084,demonhunter,havoc,214,104,110
Téthis,uldaman,1084,demonhunter,havoc,84,35,49
Дэрзлорд,fordragon,1082,demonhunter,havoc,23,12,11
Noire,zuljin,1079,demonhunter,havoc,35,12,23
Typhoonxq,tarren-mill,1078,demonhunter,havoc,41,21,20
Lögan,uldum,1078,demonhunter,havoc,36,16,20
Alioshad,ravencrest,1077,demonhunter,havoc,22,13,9
Sgravo,nemesis,1076,demonhunter,havoc,30,18,12
Luciferio,quelthalas,1069,demonhunter,havoc,46,18,28
Scurenzio,outland,1065,demonhunter,havoc,42,24,18
Venøøm,eldrethalas,1064,demonhunter,havoc,108,49,59
Noctilucent,executus,1061,demonhunter,havoc,90,49,41
Grazilo,outland,1061,demonhunter,havoc,32,13,19
Aamonath,tarren-mill,1060,demonhunter,havoc,36,20,16
Makkivar,terenas,1060,demonhunter,havoc,36,15,21
Prismio,ysondre,1059,demonhunter,havoc,21,12,9
Нотреди,howling-fjord,1059,demonhunter,havoc,96,52,44
Accursius,blackmoore,1057,demonhunter,havoc,51,31,20
Alkann,chogall,1057,demonhunter,havoc,29,15,14
Happykx,draenor,1056,demonhunter,havoc,12,11,1
Annaboliik,ravencrest,1056,demonhunter,havoc,24,11,13
Ayyo,agamaggan,1056,demonhunter,havoc,24,11,13
Fiduci,archimonde,1056,demonhunter,havoc,24,11,13
Véin,stormscale,1056,demonhunter,havoc,30,11,19
Teletubby,blackrock,1056,demonhunter,havoc,30,11,19
Kakashî,darksorrow,1055,demonhunter,havoc,18,11,7
Dhlee,ravencrest,1055,demonhunter,havoc,18,11,7
Draqula,ravencrest,1055,demonhunter,havoc,24,11,13
Rhinozerg,kazzak,1055,demonhunter,havoc,24,11,13
Ohshietwadap,twisting-nether,1055,demonhunter,havoc,30,11,19
Skippydemon,nozdormu,1055,demonhunter,havoc,30,11,19
Кайренсс,howling-fjord,1055,demonhunter,havoc,30,11,19
Løum,blackrock,1054,demonhunter,havoc,18,11,7
Aarondh,ravencrest,1054,demonhunter,havoc,18,11,7
Deocleo,draenor,1054,demonhunter,havoc,21,12,9
Mårcxb,blackhand,1054,demonhunter,havoc,24,11,13
Verybigdps,aegwynn,1054,demonhunter,havoc,24,11,13
Lyzzra,blackmoore,1054,demonhunter,havoc,24,11,13
Përry,archimonde,1054,demonhunter,havoc,24,11,13
Demonicat,twisting-nether,1054,demonhunter,havoc,30,11,19
Fredoo,sylvanas,1053,demonhunter,havoc,20,11,9
Бистлайк,soulflayer,1053,demonhunter,havoc,24,11,13
Tenx,auchindoun,1053,demonhunter,havoc,24,11,13
Darktérror,silvermoon,1053,demonhunter,havoc,30,11,19
Никельдон,howling-fjord,1052,demonhunter,havoc,54,33,21
Watermelonqt,tarren-mill,1052,demonhunter,havoc,24,11,13
Шавермье,gordunni,1052,demonhunter,havoc,36,11,25
Bud,lightnings-blade,1051,demonhunter,havoc,18,11,7
Jyrpä,stormscale,1051,demonhunter,havoc,29,12,17
Squan,blackmoore,1050,demonhunter,havoc,20,12,8
Синяша,howling-fjord,1049,demonhunter,havoc,18,11,7
Vìdhar,tarren-mill,1049,demonhunter,havoc,24,11,13
Maddificator,silvermoon,1048,demonhunter,havoc,32,22,10
Besnik,stormscale,1048,demonhunter,havoc,42,16,26
Clexa,thrall,1047,demonhunter,havoc,24,11,13
Blisdon,argent-dawn,1046,demonhunter,havoc,66,30,36
Ázârìûs,draenor,1046,demonhunter,havoc,30,11,19
Zøóm,tarren-mill,1044,demonhunter,havoc,18,11,7
Calthmon,shattrath,1043,demonhunter,havoc,24,11,13
Badgyalriri,hyjal,1042,demonhunter,havoc,24,11,13
Hakakuri,ravencrest,1042,demonhunter,havoc,24,11,13
Shirakava,quelthalas,1042,demonhunter,havoc,88,36,52
Ilídos,blackmoore,1042,demonhunter,havoc,30,11,19
Estarloco,blackmoore,1038,demonhunter,havoc,36,19,17
Kaitlyyn,norgannon,1038,demonhunter,havoc,30,11,19
Shnshon,kazzak,1036,demonhunter,havoc,18,12,6
Talwen,guldan,1036,demonhunter,havoc,18,11,7
Sintoraz,amanthul,1035,demonhunter,havoc,50,30,20
Haýuken,kazzak,1035,demonhunter,havoc,24,13,11
Lightkick,archimonde,1034,demonhunter,havoc,36,23,13
Dântés,silvermoon,1034,demonhunter,havoc,42,14,28
Vaterdenke,defias-brotherhood,1032,demonhunter,havoc,18,11,7
Кевалат,gordunni,1032,demonhunter,havoc,18,11,7
Électrâs,archimonde,1032,demonhunter,havoc,50,21,29
Abalim,nemesis,1030,demonhunter,havoc,30,11,19
Spideymon,ragnaros,1029,demonhunter,havoc,38,12,26
Ascanius,nemesis,1026,demonhunter,havoc,59,31,28
Aggerpain,draenor,1026,demonhunter,havoc,68,24,44
Julmia,dragonblight,1025,demonhunter,havoc,47,12,35
Karxarias,silvermoon,1024,demonhunter,havoc,24,12,12
Cobayashi,der-mithrilorden,1023,demonhunter,havoc,38,21,17
Stonebanker,turalyon,1019,demonhunter,havoc,29,15,14
Ragefighterr,ragnaros,1018,demonhunter,havoc,42,21,21
Gigipletosu,ravencrest,1018,demonhunter,havoc,30,11,19
Heiltgalen,grim-batol,1017,demonhunter,havoc,20,12,8
Watnntietnn,burning-blade,1016,demonhunter,havoc,26,12,14
Sorowas,tichondrius,1015,demonhunter,havoc,30,17,13
Dèathless,pozzo-delleternità,1015,demonhunter,havoc,50,19,31
Ladj,blackmoore,1014,demonhunter,havoc,42,21,21
Calainis,twisting-nether,1013,demonhunter,havoc,28,13,15
Milkeyes,ravencrest,1011,demonhunter,havoc,66,32,34
Nelairia,tarren-mill,1010,demonhunter,havoc,24,12,12
Gabquist,argent-dawn,1008,demonhunter,havoc,53,26,27
Aelita,twisting-nether,1006,demonhunter,havoc,96,53,43
Demontripo,silvermoon,1005,demonhunter,havoc,81,43,38
Solrosfrön,stormscale,1005,demonhunter,havoc,23,11,12
Delfee,twisting-nether,1005,demonhunter,havoc,54,25,29
Demonhyan,chants-éternels,1003,demonhunter,havoc,61,30,31
Pismanik,drakthul,1002,demonhunter,havoc,24,15,9
Munamasa,archimonde,999,demonhunter,havoc,23,12,11
Ilidas,frostwolf,999,demonhunter,havoc,24,11,13
Vaco,la-croisade-écarlate,996,demonhunter,havoc,30,13,17
Nehmarath,doomhammer,995,demonhunter,havoc,36,11,25
Гарнаш,howling-fjord,993,demonhunter,havoc,60,30,30
Hunterston,twisting-nether,992,demonhunter,havoc,68,38,30
Увиден,eversong,992,demonhunter,havoc,104,49,55
Siscia,outland,991,demonhunter,havoc,60,31,29
Zlett,draenor,990,demonhunter,havoc,22,11,11
Ànavar,twisting-nether,990,demonhunter,havoc,35,15,20
Demonzeus,archimonde,985,demonhunter,havoc,25,12,13
Straizo,malganis,984,demonhunter,havoc,26,11,15
Itzmir,nethersturm,980,demonhunter,havoc,22,11,11
Yousif,stormscale,976,demonhunter,havoc,85,38,47
Silan,kiljaeden,972,demonhunter,havoc,29,16,13
Takeshy,alleria,972,demonhunter,havoc,48,23,25
Огнод,gordunni,968,demonhunter,havoc,42,21,21
Êvê,blackmoore,962,demonhunter,havoc,22,12,10
Johncoffèy,ragnaros,960,demonhunter,havoc,12,10,2
Дианист,gordunni,960,demonhunter,havoc,16,11,5
Izzidan,magtheridon,960,demonhunter,havoc,18,10,8
Анхардх,gordunni,960,demonhunter,havoc,18,10,8
Reckqqt,eredar,960,demonhunter,havoc,18,10,8
Karpandero,stormreaver,960,demonhunter,havoc,18,10,8
Keýrañe,ragnaros,960,demonhunter,havoc,18,10,8
Dhamp,kazzak,960,demonhunter,havoc,18,10,8
Antrix,ravencrest,960,demonhunter,havoc,18,10,8
Koger,twisting-nether,960,demonhunter,havoc,24,10,14
Iíïììïiíïìïï,alakir,960,demonhunter,havoc,24,10,14
Krvckhead,hyjal,960,demonhunter,havoc,24,10,14
Íamprepared,tarren-mill,960,demonhunter,havoc,30,10,20
Demondulle,kazzak,960,demonhunter,havoc,30,10,20
Fishmicksh,twisting-nether,959,demonhunter,havoc,12,10,2
Lucianloco,dun-morogh,959,demonhunter,havoc,18,10,8
Катякрылышки,gordunni,959,demonhunter,havoc,18,10,8
Maddhxo,drakthul,959,demonhunter,havoc,18,10,8
Völkswagen,dun-modr,959,demonhunter,havoc,18,10,8
Atômik,drakthul,959,demonhunter,havoc,18,10,8
Deadmaus,stormscale,959,demonhunter,havoc,18,10,8
Гранкрю,blackscar,959,demonhunter,havoc,18,10,8
Qqski,kazzak,959,demonhunter,havoc,18,10,8
Zmemroo,magtheridon,959,demonhunter,havoc,18,10,8
Judditdhx,draenor,959,demonhunter,havoc,18,10,8
Mollamaija,defias-brotherhood,959,demonhunter,havoc,24,10,14
Táti,blackrock,959,demonhunter,havoc,24,10,14
Yumhip,dun-modr,959,demonhunter,havoc,24,10,14
Heidihauge,silvermoon,959,demonhunter,havoc,24,10,14
Darnke,silvermoon,959,demonhunter,havoc,30,10,20
Elenôy,malganis,958,demonhunter,havoc,18,10,8
Avnanof,draenor,958,demonhunter,havoc,18,10,8
Demonetized,blackrock,958,demonhunter,havoc,24,10,14
Desdh,blackmoore,958,demonhunter,havoc,24,10,14
Daekon,ahnqiraj,958,demonhunter,havoc,24,10,14
Vaimustus,outland,958,demonhunter,havoc,36,10,26
Skarvy,bronze-dragonflight,957,demonhunter,havoc,18,10,8
Dldb,dentarg,957,demonhunter,havoc,18,10,8
Dharuel,cthun,957,demonhunter,havoc,24,10,14
Kenzaii,aegwynn,957,demonhunter,havoc,24,10,14
Bobdh,twisting-nether,957,demonhunter,havoc,35,10,25
Nightglaives,twisting-nether,956,demonhunter,havoc,12,10,2
Drilloz,ravencrest,956,demonhunter,havoc,18,10,8
Такетомии,gordunni,956,demonhunter,havoc,24,10,14
Ragingbladex,kazzak,955,demonhunter,havoc,18,10,8
Morphiyy,tarren-mill,955,demonhunter,havoc,18,10,8
Shadowweaver,earthen-ring,955,demonhunter,havoc,18,10,8
Dzidch,silvermoon,954,demonhunter,havoc,18,10,8
Нокаруру,gordunni,954,demonhunter,havoc,24,10,14
Anklàr,blackrock,954,demonhunter,havoc,24,10,14
Карнавалыч,gordunni,954,demonhunter,havoc,96,35,61
Argnils,tarren-mill,953,demonhunter,havoc,12,10,2
Nuriia,arthas,953,demonhunter,havoc,54,30,24
Эфемерид,howling-fjord,953,demonhunter,havoc,18,10,8
Ravier,baelgun,953,demonhunter,havoc,75,39,36
Åáäàáåàáäàáå,dun-modr,953,demonhunter,havoc,27,12,15
Greedsmoke,kazzak,952,demonhunter,havoc,18,10,8
Demondik,aggramar,952,demonhunter,havoc,24,10,14
Цейн,azuregos,952,demonhunter,havoc,39,15,24
Илайора,galakrond,952,demonhunter,havoc,30,10,20
Mirajen,dun-modr,951,demonhunter,havoc,18,10,8
Годиксгёрл,gordunni,950,demonhunter,havoc,12,10,2
Иллидал,greymane,949,demonhunter,havoc,18,10,8
Alandrisz,argent-dawn,949,demonhunter,havoc,30,10,20
Mamazboy,lightnings-blade,946,demonhunter,havoc,18,10,8
Максаналл,soulflayer,944,demonhunter,havoc,18,10,8
Dàrkinette,archimonde,944,demonhunter,havoc,36,19,17
Hannipham,silvermoon,944,demonhunter,havoc,21,11,10
Hackstück,blackrock,943,demonhunter,havoc,28,14,14
Jemoer,twisting-nether,942,demonhunter,havoc,25,15,10
Hvc,twisting-nether,941,demonhunter,havoc,24,10,14
Glaiverush,alakir,939,demonhunter,havoc,24,11,13
Shishiro,alakir,937,demonhunter,havoc,24,10,14
Rockymarcia,archimonde,930,demonhunter,havoc,18,11,7
Winnztlol,chamber-of-aspects,927,demonhunter,havoc,36,17,19
Zermut,culte-de-la-rive-noire,925,demonhunter,havoc,17,10,7
Quavanity,sylvanas,925,demonhunter,havoc,23,10,13
Flamme,amanthul,923,demonhunter,havoc,30,16,14
Entzuu,hyjal,923,demonhunter,havoc,22,10,12
Maßik,terokkar,922,demonhunter,havoc,21,11,10
Braserol,archimonde,922,demonhunter,havoc,50,19,31
Sinthetyx,quelthalas,917,demonhunter,havoc,36,19,17
Sìnbad,khaz-modan,916,demonhunter,havoc,36,20,16
Фирулия,goldrinn,914,demonhunter,havoc,108,52,56
Andij,frostwolf,913,demonhunter,havoc,29,11,18
Thorskinius,ravencrest,913,demonhunter,havoc,38,12,26
Taliaa,drakthul,911,demonhunter,havoc,21,10,11
Losthunter,turalyon,910,demonhunter,havoc,54,20,34
Skylinex,dentarg,909,demonhunter,havoc,66,33,33
Манапарда,howling-fjord,909,demonhunter,havoc,35,10,25
Hicgidik,outland,905,demonhunter,havoc,24,11,13
Ejder,anubarak,900,demonhunter,havoc,66,26,40
Kroepoeks,mazrigos,894,demonhunter,havoc,30,16,14
Ríasgremory,los-errantes,890,demonhunter,havoc,15,10,5
Anarcky,ravencrest,890,demonhunter,havoc,25,11,14
Jamule,dun-morogh,889,demonhunter,havoc,36,15,21
Cometofloki,outland,880,demonhunter,havoc,36,17,19
Amionisiken,amanthul,873,demonhunter,havoc,25,10,15
Legionek,burning-blade,866,demonhunter,havoc,20,11,9
Lorcanmar,draenor,866,demonhunter,havoc,63,26,37
Лфгнехиро,soulflayer,864,demonhunter,havoc,12,9,3
Soysoyum,argent-dawn,864,demonhunter,havoc,18,9,9
Heimnar,frostmane,864,demonhunter,havoc,18,9,9
Notapistol,outland,864,demonhunter,havoc,18,9,9
Zophý,ragnaros,864,demonhunter,havoc,18,9,9
Ittas,archimonde,864,demonhunter,havoc,18,9,9
Saene,ravencrest,864,demonhunter,havoc,18,9,9
Toschadh,blackmoore,864,demonhunter,havoc,18,9,9
Rasmekul,defias-brotherhood,864,demonhunter,havoc,18,9,9
Chosabreka,zuljin,864,demonhunter,havoc,18,9,9
Giftìg,ravencrest,864,demonhunter,havoc,18,9,9
Lrdhavemercy,kiljaeden,864,demonhunter,havoc,18,9,9
Sghemon,pozzo-delleternità,864,demonhunter,havoc,18,9,9
Snäx,aggra-português,864,demonhunter,havoc,18,9,9
Эридари,blackscar,864,demonhunter,havoc,18,9,9
Realtrance,sanguino,864,demonhunter,havoc,18,9,9
Папичгодх,borean-tundra,864,demonhunter,havoc,24,9,15
Albdh,kazzak,864,demonhunter,havoc,24,9,15
Djaskmazi,archimonde,864,demonhunter,havoc,24,9,15
Fuseton,kazzak,864,demonhunter,havoc,24,9,15
Sunestaa,kazzak,863,demonhunter,havoc,12,9,3
Puppygf,ravencrest,863,demonhunter,havoc,12,9,3
Felledelfine,kazzak,863,demonhunter,havoc,12,9,3
Drunkendemon,frostwolf,863,demonhunter,havoc,12,9,3
Lennöx,silvermoon,863,demonhunter,havoc,13,9,4
Деленна,azuregos,863,demonhunter,havoc,15,10,5
Spacedance,silvermoon,863,demonhunter,havoc,18,9,9
Bayerd,burning-legion,863,demonhunter,havoc,18,9,9
Sutures,ravencrest,863,demonhunter,havoc,18,9,9
Asylèm,draenor,863,demonhunter,havoc,18,9,9
Ììîîííììîîíí,tarren-mill,863,demonhunter,havoc,18,9,9
Illidaia,ravencrest,863,demonhunter,havoc,18,9,9
Finstergraf,blackmoore,863,demonhunter,havoc,36,17,19
Djdhh,draenor,863,demonhunter,havoc,20,9,11
Slizer,draenor,863,demonhunter,havoc,24,9,15
Badess,malfurion,863,demonhunter,havoc,24,9,15
Apsodemon,twisting-nether,862,demonhunter,havoc,12,9,3
Exodlia,silvermoon,862,demonhunter,havoc,18,9,9
Zappikdh,silvermoon,862,demonhunter,havoc,18,9,9
Grifht,zuljin,862,demonhunter,havoc,18,9,9
Ðhgøðx,outland,862,demonhunter,havoc,18,9,9
Illidián,chamber-of-aspects,862,demonhunter,havoc,24,9,15
Aeshalla,blackmoore,862,demonhunter,havoc,24,9,15
Demonstorpix,drakthul,862,demonhunter,havoc,24,9,15
Dawnsbreaker,twisting-nether,862,demonhunter,havoc,24,9,15
Tzklkn,sylvanas,861,demonhunter,havoc,12,9,3
Selénhe,silvermoon,861,demonhunter,havoc,18,9,9
Selcan,archimonde,861,demonhunter,havoc,18,9,9
Inasyndre,argent-dawn,861,demonhunter,havoc,24,9,15
Actarüs,hyjal,861,demonhunter,havoc,24,9,15
Тэниан,gordunni,861,demonhunter,havoc,24,9,15
Nameerr,ragnaros,860,demonhunter,havoc,18,9,9
Sinorack,sargeras,860,demonhunter,havoc,18,9,9
Wrathill,draenor,860,demonhunter,havoc,24,9,15
Doobregeesy,burning-legion,859,demonhunter,havoc,21,10,11
Deathblades,twisting-nether,859,demonhunter,havoc,24,9,15
Välhöll,kirin-tor,859,demonhunter,havoc,24,9,15
Bluespe,twisting-nether,858,demonhunter,havoc,18,9,9
Шоеррей,gordunni,858,demonhunter,havoc,18,9,9
Coaxial,twisting-nether,858,demonhunter,havoc,18,9,9
Nairra,blackmoore,858,demonhunter,havoc,18,9,9
Deadskill,alexstrasza,858,demonhunter,havoc,54,21,33
Lîllîv,wrathbringer,858,demonhunter,havoc,24,9,15
Keiti,drakthul,856,demonhunter,havoc,36,9,27
Bhuta,aerie-peak,855,demonhunter,havoc,18,9,9
Mobpsycho,draenor,852,demonhunter,havoc,12,9,3
Chrititia,blackmoore,852,demonhunter,havoc,24,9,15
Butcherr,ulduar,851,demonhunter,havoc,30,11,19
Axyo,doomhammer,849,demonhunter,havoc,30,9,21
Heemaglobin,ravencrest,843,demonhunter,havoc,42,18,24
Fckmlf,outland,839,demonhunter,havoc,21,12,9
Backflipgødx,uldaman,832,demonhunter,havoc,22,9,13
Majînßûü,ravencrest,831,demonhunter,havoc,17,9,8
Cameclc,hyjal,831,demonhunter,havoc,22,9,13
Toio,nemesis,831,demonhunter,havoc,24,9,15
Byah,kazzak,828,demonhunter,havoc,128,56,72
Ataddcay,outland,827,demonhunter,havoc,75,27,48
Дантавул,gordunni,825,demonhunter,havoc,24,9,15
Selvagg,archimonde,823,demonhunter,havoc,30,9,21
Dhhduhd,blackrock,816,demonhunter,havoc,21,9,12
Afkah,chants-éternels,815,demonhunter,havoc,12,9,3
Daimon,pozzo-delleternità,813,demonhunter,havoc,21,10,11
Subelsiu,alakir,812,demonhunter,havoc,114,50,64
Critlerman,blackmoore,807,demonhunter,havoc,18,11,7
Alfazar,pozzo-delleternità,801,demonhunter,havoc,74,23,51
Kundans,antonidas,799,demonhunter,havoc,18,10,8
Illidaniellé,tarren-mill,799,demonhunter,havoc,17,9,8
Wukasin,kazzak,798,demonhunter,havoc,18,9,9
Demønlady,blackmoore,797,demonhunter,havoc,14,9,5
Blutox,antonidas,797,demonhunter,havoc,25,11,14
Herax,drakthul,796,demonhunter,havoc,17,9,8
Deadhuntor,daggerspine,795,demonhunter,havoc,17,9,8
Каталейна,howling-fjord,793,demonhunter,havoc,32,9,23
Dombra,kult-der-verdammten,788,demonhunter,havoc,11,9,2
Dutchmadman,aerie-peak,788,demonhunter,havoc,85,38,47
Кусьзакиску,soulflayer,781,demonhunter,havoc,22,9,13
Viodemon,blackrock,768,demonhunter,havoc,12,8,4
Mongraal,tichondrius,768,demonhunter,havoc,12,8,4
Wèx,tarren-mill,768,demonhunter,havoc,12,8,4
Kuromiya,nemesis,768,demonhunter,havoc,12,8,4
Mesini,darksorrow,768,demonhunter,havoc,12,8,4
Gixota,silvermoon,768,demonhunter,havoc,12,8,4
Qiera,grim-batol,768,demonhunter,havoc,12,8,4
Sweåfy,outland,768,demonhunter,havoc,12,8,4
Синтвеив,soulflayer,768,demonhunter,havoc,12,8,4
Traumadh,tarren-mill,768,demonhunter,havoc,12,8,4
Blankdh,outland,768,demonhunter,havoc,12,8,4
Adexi,twisting-nether,768,demonhunter,havoc,12,8,4
Smallnik,tarren-mill,768,demonhunter,havoc,12,8,4
Eysndh,blackrock,768,demonhunter,havoc,12,8,4
Snubbeldemon,outland,768,demonhunter,havoc,12,8,4
Elønaria,antonidas,768,demonhunter,havoc,12,8,4
Qweqweasd,outland,768,demonhunter,havoc,12,8,4
Nthday,draenor,768,demonhunter,havoc,18,8,10
Вирбль,gordunni,768,demonhunter,havoc,18,8,10
Xocotl,blackmoore,768,demonhunter,havoc,18,8,10
Leväna,sanguino,768,demonhunter,havoc,18,8,10
Thestrength,twisting-nether,768,demonhunter,havoc,18,8,10
Lolliance,talnivarr,768,demonhunter,havoc,18,8,10
Mvqdh,stormscale,768,demonhunter,havoc,18,8,10
Praisethelrd,blackrock,768,demonhunter,havoc,18,8,10
Ozu,blackrock,768,demonhunter,havoc,18,8,10
Stinkymonkey,pozzo-delleternità,768,demonhunter,havoc,18,8,10
Dhaosh,nemesis,768,demonhunter,havoc,18,8,10
Galuna,deathwing,768,demonhunter,havoc,19,8,11
Rõb,magtheridon,768,demonhunter,havoc,24,8,16
Demoan,outland,768,demonhunter,havoc,24,8,16
Ninetzqp,tarren-mill,767,demonhunter,havoc,12,8,4
Lilor,aegwynn,767,demonhunter,havoc,12,8,4
Marrie,area-52,767,demonhunter,havoc,12,8,4
Эска,razuvious,767,demonhunter,havoc,12,8,4
Yorxdh,eredar,767,demonhunter,havoc,15,9,6
Вафлистикус,ashenvale,767,demonhunter,havoc,18,8,10
Illidrak,sylvanas,767,demonhunter,havoc,18,8,10
Lirigizel,hellscream,767,demonhunter,havoc,18,8,10
Zmasteez,ahnqiraj,767,demonhunter,havoc,18,8,10
Kouloukas,ragnaros,767,demonhunter,havoc,18,8,10
Zedies,argent-dawn,767,demonhunter,havoc,18,8,10
Shax,hellscream,767,demonhunter,havoc,18,8,10
Natzú,ravencrest,767,demonhunter,havoc,18,8,10
Paindemon,outland,767,demonhunter,havoc,18,8,10
Kithan,zuljin,767,demonhunter,havoc,18,8,10
Freddh,blackrock,767,demonhunter,havoc,18,8,10
Bamßi,ragnaros,767,demonhunter,havoc,18,8,10
Kyuzo,sanguino,767,demonhunter,havoc,18,8,10
Calendith,arathor,767,demonhunter,havoc,21,9,12
Salamihexler,dun-morogh,767,demonhunter,havoc,23,8,15
Skrelarent,argent-dawn,766,demonhunter,havoc,12,8,4
Trøbblete,ragnaros,766,demonhunter,havoc,12,8,4
Мейьибейьи,howling-fjord,766,demonhunter,havoc,18,8,10
Nestrae,drakthul,766,demonhunter,havoc,18,8,10
Хандза,gordunni,766,demonhunter,havoc,18,8,10
Varthag,antonidas,766,demonhunter,havoc,18,8,10
Neiden,deathwing,766,demonhunter,havoc,24,8,16
Akäly,hyjal,765,demonhunter,havoc,19,9,10
Mihaliana,argent-dawn,765,demonhunter,havoc,18,8,10
Gruusha,kazzak,765,demonhunter,havoc,18,8,10
Vvdh,ravencrest,765,demonhunter,havoc,22,9,13
Zumbly,silvermoon,765,demonhunter,havoc,24,8,16
Aelzeran,stormscale,765,demonhunter,havoc,24,8,16
Noxxi,gorgonnash,764,demonhunter,havoc,18,8,10
Shinsen,archimonde,764,demonhunter,havoc,18,8,10
Brolycoly,stormscale,764,demonhunter,havoc,22,8,14
Shàdoww,hyjal,764,demonhunter,havoc,24,8,16
Kaylaz,eredar,764,demonhunter,havoc,24,8,16
Saìras,blackhand,763,demonhunter,havoc,18,8,10
Попкасиська,eversong,763,demonhunter,havoc,47,19,28
Covidian,kilrogg,762,demonhunter,havoc,12,8,4
Velgetox,blackrock,762,demonhunter,havoc,18,8,10
Daweeo,the-maelstrom,762,demonhunter,havoc,18,8,10
Unsainted,blackhand,762,demonhunter,havoc,18,8,10
Darksink,kazzak,762,demonhunter,havoc,18,8,10
Amaterasù,alleria,761,demonhunter,havoc,18,8,10
Zahif,kazzak,759,demonhunter,havoc,24,8,16
Цион,soulflayer,757,demonhunter,havoc,18,8,10
Meliòdas,draenor,757,demonhunter,havoc,25,8,17
Olaghkhan,minahonda,755,demonhunter,havoc,12,8,4
Liondam,pozzo-delleternità,755,demonhunter,havoc,30,10,20
Lailat,alexstrasza,752,demonhunter,havoc,16,9,7
Unreally,tarren-mill,751,demonhunter,havoc,15,9,6
Rasenhunt,blackmoore,751,demonhunter,havoc,23,8,15
Shinyshuckle,stormscale,745,demonhunter,havoc,23,8,15
Zealdancer,veknilash,734,demonhunter,havoc,17,8,9
Emmunka,drakthul,733,demonhunter,havoc,23,8,15
Turkoïs,silvermoon,720,demonhunter,havoc,15,8,7
Неверластх,gordunni,720,demonhunter,havoc,21,8,13
Gushìñgwøuñð,blackmoore,719,demonhunter,havoc,11,8,3
Mowiemow,argent-dawn,719,demonhunter,havoc,17,8,9
Bezdna,stormrage,718,demonhunter,havoc,15,8,7
Harha,stormscale,717,demonhunter,havoc,17,8,9
Judderzz,bronze-dragonflight,717,demonhunter,havoc,18,8,10
Makiu,archimonde,717,demonhunter,havoc,21,8,13
Батявздане,soulflayer,715,demonhunter,havoc,17,8,9
Nithraim,kazzak,711,demonhunter,havoc,21,8,13
Yeyote,dun-modr,695,demonhunter,havoc,15,10,5
Stixxs,archimonde,691,demonhunter,havoc,14,8,6
Магнисс,fordragon,685,demonhunter,havoc,14,8,6
Itzrazor,ravencrest,683,demonhunter,havoc,25,8,17
Devendora,antonidas,681,demonhunter,havoc,23,10,13
Prouser,turalyon,678,demonhunter,havoc,27,9,18
Herzbann,madmortem,676,demonhunter,havoc,19,8,11
Crispychick,stormscale,672,demonhunter,havoc,12,7,5
Alied,burning-blade,672,demonhunter,havoc,12,7,5
Lemiisa,burning-blade,672,demonhunter,havoc,12,7,5
Пампу,howling-fjord,672,demonhunter,havoc,12,7,5
Fumroned,twisting-nether,672,demonhunter,havoc,12,7,5
Palangebahar,tarren-mill,672,demonhunter,havoc,12,7,5
Hûora,stormscale,672,demonhunter,havoc,12,7,5
Teinzy,stormscale,672,demonhunter,havoc,12,7,5
Izior,drakthul,672,demonhunter,havoc,12,7,5
Styxdh,blackhand,672,demonhunter,havoc,12,7,5
Xpllen,shadowsong,672,demonhunter,havoc,12,7,5
Stonedaf,ravencrest,672,demonhunter,havoc,12,7,5
Ronstoppable,ravencrest,672,demonhunter,havoc,12,7,5
Kalachiquezz,kazzak,672,demonhunter,havoc,12,7,5
Bosskuw,kazzak,672,demonhunter,havoc,12,7,5
Клаес,howling-fjord,672,demonhunter,havoc,12,7,5
Atrikagodx,kazzak,672,demonhunter,havoc,12,7,5
Pepenger,kazzak,672,demonhunter,havoc,12,7,5
Gorinda,twisting-nether,672,demonhunter,havoc,12,7,5
Caronte,los-errantes,672,demonhunter,havoc,12,7,5
Ibnia,azjolnerub,672,demonhunter,havoc,12,7,5
Sfigmenos,sylvanas,672,demonhunter,havoc,12,7,5
Darkshadow,turalyon,672,demonhunter,havoc,12,7,5
Glevenuschii,blackmoore,672,demonhunter,havoc,12,7,5
Umbraslash,argent-dawn,672,demonhunter,havoc,12,7,5
Eydipha,blackmoore,672,demonhunter,havoc,12,7,5
Джэба,gordunni,672,demonhunter,havoc,12,7,5
Vidagín,blackmoore,672,demonhunter,havoc,12,7,5
Esadeáth,ravencrest,672,demonhunter,havoc,12,7,5
Fùth,ysondre,672,demonhunter,havoc,12,7,5
Itsfinee,outland,672,demonhunter,havoc,12,7,5
Damnituther,kazzak,672,demonhunter,havoc,12,7,5
Дезлее,gordunni,672,demonhunter,havoc,12,7,5
Evul,blackmoore,672,demonhunter,havoc,12,7,5
Ilidansdaddy,twisting-nether,672,demonhunter,havoc,12,7,5
Remiyo,eredar,672,demonhunter,havoc,12,7,5
Chaosknight,outland,672,demonhunter,havoc,12,7,5
Varkósa,sylvanas,672,demonhunter,havoc,12,7,5
Lëtho,colinas-pardas,672,demonhunter,havoc,12,7,5
Amovea,draenor,672,demonhunter,havoc,15,8,7
Dzieciak,burning-legion,672,demonhunter,havoc,16,8,8
Dhvyx,hyjal,672,demonhunter,havoc,14,7,7
Satti,sargeras,672,demonhunter,havoc,18,7,11
Êlva,alleria,672,demonhunter,havoc,18,7,11
Abigorien,blackmoore,672,demonhunter,havoc,18,7,11
Келидаррия,soulflayer,672,demonhunter,havoc,18,7,11
Hatabaa,argent-dawn,672,demonhunter,havoc,18,7,11
Шликшлик,blackscar,672,demonhunter,havoc,18,7,11
Qtt,arthas,672,demonhunter,havoc,18,7,11
Wrathia,rexxar,672,demonhunter,havoc,18,7,11
Matally,khaz-modan,672,demonhunter,havoc,18,7,11
Neonishh,twisting-nether,672,demonhunter,havoc,18,7,11
Pelko,sanguino,672,demonhunter,havoc,18,7,11
Крикетх,soulflayer,672,demonhunter,havoc,18,7,11
Reachfight,lothar,672,demonhunter,havoc,18,7,11
Foltek,silvermoon,672,demonhunter,havoc,18,7,11
Ayimprepared,ragnaros,672,demonhunter,havoc,18,7,11
Chrístíe,sanguino,672,demonhunter,havoc,18,7,11
Alervius,blackrock,672,demonhunter,havoc,18,7,11
Ostosbigego,ravencrest,672,demonhunter,havoc,18,7,11
Illidany,eredar,672,demonhunter,havoc,18,7,11
Grazax,lightnings-blade,672,demonhunter,havoc,18,7,11
Størmrage,sanguino,672,demonhunter,havoc,18,7,11
Ashivari,argent-dawn,672,demonhunter,havoc,18,7,11
Kruthor,taerar,672,demonhunter,havoc,18,7,11
Veryfunhaha,ravencrest,672,demonhunter,havoc,18,7,11
Illidorie,twisting-nether,672,demonhunter,havoc,24,7,17
Jokas,archimonde,672,demonhunter,havoc,24,7,17
Iamayaqt,nemesis,672,demonhunter,havoc,24,7,17
Neiìf,blackhand,672,demonhunter,havoc,24,7,17
Paîmon,hyjal,672,demonhunter,havoc,24,7,17
Inflection,ravencrest,672,demonhunter,havoc,24,7,17
Рагнос,goldrinn,672,demonhunter,havoc,30,7,23
Ddvh,drakthul,671,demonhunter,havoc,12,7,5
Nxmpys,sanguino,671,demonhunter,havoc,12,7,5
Enithy,twisting-nether,671,demonhunter,havoc,12,7,5
Funclass,blackrock,671,demonhunter,havoc,12,7,5
Mâdîta,todeswache,671,demonhunter,havoc,12,7,5
Deqthstrïke,ysondre,671,demonhunter,havoc,12,7,5
Elfmonger,ravencrest,671,demonhunter,havoc,12,7,5
Meji,ravencrest,671,demonhunter,havoc,12,7,5
Zenga,kazzak,671,demonhunter,havoc,12,7,5
Youngboost,blackrock,671,demonhunter,havoc,12,7,5
Marcellaa,ravencrest,671,demonhunter,havoc,12,7,5
Aladír,malygos,671,demonhunter,havoc,12,7,5
Nerfy,silvermoon,671,demonhunter,havoc,12,7,5
Randydhunt,draenor,671,demonhunter,havoc,12,7,5
Rabischu,echsenkessel,671,demonhunter,havoc,15,8,7
Archadric,ravencrest,671,demonhunter,havoc,18,7,11
Corelly,ragnaros,671,demonhunter,havoc,18,7,11
Liladan,sylvanas,671,demonhunter,havoc,18,7,11
Koralentprix,twisting-nether,671,demonhunter,havoc,18,7,11
Løkil,blackrock,671,demonhunter,havoc,18,7,11
Opvoksterxx,sylvanas,671,demonhunter,havoc,18,7,11
Calicó,draenor,671,demonhunter,havoc,18,7,11
Darkwing,silvermoon,671,demonhunter,havoc,18,7,11
Akhyra,ysondre,671,demonhunter,havoc,18,7,11
Wårbÿ,ravencrest,671,demonhunter,havoc,18,7,11
Abrahêll,dun-modr,671,demonhunter,havoc,18,7,11
Gearuzaki,ghostlands,671,demonhunter,havoc,18,7,11
Rebelion,dun-modr,671,demonhunter,havoc,18,7,11
Moojdh,malganis,671,demonhunter,havoc,18,7,11
Norebb,sanguino,671,demonhunter,havoc,18,7,11
Maeb,cthun,671,demonhunter,havoc,18,7,11
Яестьдима,howling-fjord,671,demonhunter,havoc,24,7,17
Demonsfury,ravencrest,671,demonhunter,havoc,24,7,17
Älger,archimonde,670,demonhunter,havoc,12,7,5
Jörgböhme,blackhand,670,demonhunter,havoc,12,7,5
Leäf,drakthul,670,demonhunter,havoc,12,7,5
Naem,blackrock,670,demonhunter,havoc,12,7,5
Милинайт,eversong,670,demonhunter,havoc,12,7,5
Nikkidesaint,twisting-nether,670,demonhunter,havoc,12,7,5
Demonglide,moonglade,670,demonhunter,havoc,12,7,5
Deathsnote,marécage-de-zangar,670,demonhunter,havoc,18,7,11
Xtrmhunter,ysondre,670,demonhunter,havoc,18,7,11
Atronäx,dun-modr,670,demonhunter,havoc,18,7,11
Hyunkél,kirin-tor,670,demonhunter,havoc,18,7,11
Rahteri,hellfire,669,demonhunter,havoc,12,7,5
Felni,lightbringer,669,demonhunter,havoc,12,7,5
Nmeule,turalyon,669,demonhunter,havoc,12,7,5
Diabloman,stormscale,669,demonhunter,havoc,18,7,11
Kumoko,burning-legion,669,demonhunter,havoc,21,8,13
Necrotyle,twisting-nether,669,demonhunter,havoc,21,8,13
Valen,die-aldor,669,demonhunter,havoc,24,7,17
Elmindundi,shendralar,668,demonhunter,havoc,18,7,11
Gangrazorg,garona,667,demonhunter,havoc,18,7,11
Дядяэл,fordragon,667,demonhunter,havoc,24,7,17
Farlopon,dun-modr,667,demonhunter,havoc,36,7,29
Fugma,defias-brotherhood,666,demonhunter,havoc,12,7,5
Mormefiél,twisting-nether,666,demonhunter,havoc,12,7,5
Ðíablo,amanthul,666,demonhunter,havoc,20,7,13
Seeshark,thrall,665,demonhunter,havoc,16,8,8
Starlightkid,kazzak,665,demonhunter,havoc,18,7,11
Tasi,dun-morogh,665,demonhunter,havoc,24,7,17
Ztef,outland,665,demonhunter,havoc,30,7,23
Rúpél,thrall,664,demonhunter,havoc,24,7,17
Solian,ravencrest,661,demonhunter,havoc,12,7,5
Nazzan,destromath,657,demonhunter,havoc,12,7,5
Vengeful,alonsus,655,demonhunter,havoc,11,7,4
Deamo,stormscale,655,demonhunter,havoc,17,7,10
Ёмайл,soulflayer,655,demonhunter,havoc,18,7,11
Anishara,die-nachtwache,653,demonhunter,havoc,19,8,11
Caesares,azjolnerub,653,demonhunter,havoc,24,7,17
Летучий,howling-fjord,638,demonhunter,havoc,14,8,6
Lexxdh,blackmoore,637,demonhunter,havoc,14,8,6
Vesria,stormrage,627,demonhunter,havoc,16,8,8
Snelle,outland,624,demonhunter,havoc,15,7,8
Mayyhem,blackrock,622,demonhunter,havoc,15,7,8
Подкрадунзай,soulflayer,621,demonhunter,havoc,12,9,3
Makhabunda,terokkar,618,demonhunter,havoc,28,8,20
Hyperflex,blackrock,608,demonhunter,havoc,16,7,9
Phalekxox,ravencrest,607,demonhunter,havoc,11,7,4
Innostigma,dalaran,607,demonhunter,havoc,20,7,13
Jïsoo,blackhand,607,demonhunter,havoc,22,7,15
Predatrix,khaz-modan,606,demonhunter,havoc,14,7,7
Линдорм,deathguard,603,demonhunter,havoc,14,7,7
Nahlendris,darkmoon-faire,596,demonhunter,havoc,16,7,9
Saiyanblue,tarren-mill,591,demonhunter,havoc,13,7,6
Thesasuke,tarren-mill,590,demonhunter,havoc,11,7,4
Mímð,ravencrest,576,demonhunter,havoc,6,6,0
Ratho,ragnaros,576,demonhunter,havoc,6,6,0
Fôns,sanguino,576,demonhunter,havoc,6,6,0
Клиффорд,gordunni,576,demonhunter,havoc,6,6,0
Alasune,twisting-nether,576,demonhunter,havoc,6,6,0
Like,shattrath,576,demonhunter,havoc,14,7,7
Jaace,silvermoon,576,demonhunter,havoc,12,6,6
Länika,drakthul,576,demonhunter,havoc,12,6,6
Felrunner,grim-batol,576,demonhunter,havoc,12,6,6
Mendøøza,hyjal,576,demonhunter,havoc,12,6,6
Mitzii,nazjatar,576,demonhunter,havoc,12,6,6
Kazeha,tarren-mill,576,demonhunter,havoc,12,6,6
Friidaadh,lightbringer,576,demonhunter,havoc,12,6,6
Soulmortal,draenor,576,demonhunter,havoc,12,6,6
Yeéydh,tarren-mill,576,demonhunter,havoc,12,6,6
Garfie,ravencrest,576,demonhunter,havoc,12,6,6
Credenzx,frostmane,576,demonhunter,havoc,12,6,6
Malethrienna,argent-dawn,576,demonhunter,havoc,12,6,6
Xyrs,draenor,576,demonhunter,havoc,12,6,6
Peacedopice,drakthul,576,demonhunter,havoc,12,6,6
Lundí,tarren-mill,576,demonhunter,havoc,12,6,6
Onkwang,twisting-nether,576,demonhunter,havoc,12,6,6
Miyxcu,aegwynn,576,demonhunter,havoc,12,6,6
Bruxdh,colinas-pardas,576,demonhunter,havoc,12,6,6
Demonzøku,ravencrest,576,demonhunter,havoc,12,6,6
Threebuttøns,ravencrest,576,demonhunter,havoc,12,6,6
Брилаброви,soulflayer,576,demonhunter,havoc,12,6,6
Ксен,howling-fjord,576,demonhunter,havoc,12,6,6
Mythnimue,tarren-mill,576,demonhunter,havoc,12,6,6
Swearix,twisting-nether,576,demonhunter,havoc,12,6,6
Аликана,blackscar,576,demonhunter,havoc,12,6,6
Alrashidi,ravencrest,576,demonhunter,havoc,12,6,6
Lezzo,tarren-mill,576,demonhunter,havoc,12,6,6
Noovedh,ravencrest,576,demonhunter,havoc,12,6,6
Gangstaboy,nemesis,576,demonhunter,havoc,12,6,6
Lanaël,kaelthas,576,demonhunter,havoc,12,6,6
Bigbrain,festung-der-stürme,576,demonhunter,havoc,12,6,6
Tetedechaise,archimonde,576,demonhunter,havoc,12,6,6
Lòsêr,ravencrest,576,demonhunter,havoc,12,6,6
Ferrero,guldan,576,demonhunter,havoc,12,6,6
Slyblades,tarren-mill,576,demonhunter,havoc,12,6,6
Stickihunt,malganis,576,demonhunter,havoc,12,6,6
Pyleá,malganis,576,demonhunter,havoc,12,6,6
Zeyrax,ragnaros,576,demonhunter,havoc,12,6,6
Reppz,blackmoore,576,demonhunter,havoc,12,6,6
Sickdoci,kazzak,576,demonhunter,havoc,12,6,6
Tëvnic,kazzak,576,demonhunter,havoc,12,6,6
Shotraklul,zuljin,576,demonhunter,havoc,12,6,6
Tillidani,outland,576,demonhunter,havoc,12,6,6
Takeshí,burning-legion,576,demonhunter,havoc,12,6,6
Нулевыйчел,gordunni,576,demonhunter,havoc,12,6,6
Zelidh,korgall,576,demonhunter,havoc,12,6,6
Dvex,stormscale,576,demonhunter,havoc,12,6,6
Lurtéx,kazzak,576,demonhunter,havoc,12,6,6
Demxx,blackrock,576,demonhunter,havoc,12,6,6
Avadåra,stormscale,576,demonhunter,havoc,12,6,6
Mortyb,kazzak,576,demonhunter,havoc,12,6,6
Adírael,cthun,576,demonhunter,havoc,12,6,6
Shreeð,blackmoore,576,demonhunter,havoc,16,7,9
Dèsdemøna,nemesis,576,demonhunter,havoc,18,6,12
Кальнмиир,soulflayer,576,demonhunter,havoc,18,6,12
Alandiel,twisting-nether,576,demonhunter,havoc,18,6,12
Shyoxdh,twisting-nether,576,demonhunter,havoc,18,6,12
Tthic,shadowsong,576,demonhunter,havoc,18,6,12
Songur,blackhand,576,demonhunter,havoc,18,6,12
Axxad,kazzak,576,demonhunter,havoc,18,6,12
Zaÿn,antonidas,576,demonhunter,havoc,18,6,12
Nøøßønline,hyjal,576,demonhunter,havoc,18,6,12
Pokálen,drakthul,576,demonhunter,havoc,18,6,12
Mettdaemon,ravencrest,576,demonhunter,havoc,18,6,12
Chíwas,outland,576,demonhunter,havoc,18,6,12
Pinx,archimonde,576,demonhunter,havoc,18,6,12
Lilpeepfan,hyjal,576,demonhunter,havoc,18,6,12
Wìxx,blackrock,576,demonhunter,havoc,18,6,12
Blueformeld,draenor,576,demonhunter,havoc,18,6,12
Riñ,twisting-nether,576,demonhunter,havoc,18,6,12
Ybou,archimonde,576,demonhunter,havoc,18,6,12
Bämbøué,hyjal,576,demonhunter,havoc,18,6,12
Pèpsì,kazzak,576,demonhunter,havoc,24,6,18
Sgit,doomhammer,576,demonhunter,havoc,24,6,18
Redgi,tarren-mill,576,demonhunter,havoc,24,6,18
Стараятварь,thermaplugg,576,demonhunter,havoc,24,6,18
Shizuuli,outland,576,demonhunter,havoc,30,6,24
Valshatt,sanguino,575,demonhunter,havoc,12,6,6
Devilord,sanguino,575,demonhunter,havoc,12,6,6
Saftad,outland,575,demonhunter,havoc,12,6,6
Jimlast,eredar,575,demonhunter,havoc,12,6,6
Zopekztropek,burning-legion,575,demonhunter,havoc,12,6,6
Kramixx,thrall,575,demonhunter,havoc,12,6,6
Nassou,hyjal,575,demonhunter,havoc,12,6,6
Lailâh,blackmoore,575,demonhunter,havoc,12,6,6
Davdavdh,tarren-mill,575,demonhunter,havoc,12,6,6
Plafos,sanguino,575,demonhunter,havoc,12,6,6
Instinctivee,sylvanas,575,demonhunter,havoc,12,6,6
Unnachgiebig,antonidas,575,demonhunter,havoc,12,6,6
Selfdestruct,tarren-mill,575,demonhunter,havoc,12,6,6
Kiwicrash,tarren-mill,575,demonhunter,havoc,18,8,10
Arløw,archimonde,575,demonhunter,havoc,16,7,9
Зедю,howling-fjord,575,demonhunter,havoc,18,6,12
Talrundir,argent-dawn,575,demonhunter,havoc,18,6,12
Vänöx,dun-modr,575,demonhunter,havoc,18,6,12
Candylicks,kazzak,575,demonhunter,havoc,18,6,12
Joezus,draenor,575,demonhunter,havoc,18,6,12
Merelîn,eredar,574,demonhunter,havoc,12,6,6
Ôlowain,blackmoore,574,demonhunter,havoc,18,6,12
Mandemz,nagrand,574,demonhunter,havoc,18,6,12
Klave,argent-dawn,573,demonhunter,havoc,18,6,12
Elindoria,dalaran,572,demonhunter,havoc,12,6,6
Thelanora,zirkel-des-cenarius,572,demonhunter,havoc,18,6,12
Ayido,xavius,572,demonhunter,havoc,18,6,12
Arxaxe,sanguino,571,demonhunter,havoc,12,6,6
Hamssterek,magtheridon,571,demonhunter,havoc,18,6,12
Caria,twisting-nether,570,demonhunter,havoc,12,6,6
Bahmut,argent-dawn,569,demonhunter,havoc,12,6,6
Ysanix,drakthul,568,demonhunter,havoc,12,6,6
Glerog,ragnaros,558,demonhunter,havoc,10,7,3
Elldarion,blackhand,558,demonhunter,havoc,17,6,11
Tzigonline,silvermoon,542,demonhunter,havoc,17,6,11
Tiucciah,kirin-tor,539,demonhunter,havoc,11,6,5
Foxylama,stormscale,528,demonhunter,havoc,15,7,8
Panejo,drakthul,528,demonhunter,havoc,15,6,9
Fläsktorped,stormscale,527,demonhunter,havoc,17,6,11
Хисаго,gordunni,522,demonhunter,havoc,15,7,8
Beraxulus,aegwynn,522,demonhunter,havoc,16,7,9
Алистреель,gordunni,521,demonhunter,havoc,13,7,6
Джэкмэн,soulflayer,520,demonhunter,havoc,29,8,21
Zethraxxur,outland,511,demonhunter,havoc,11,6,5
Gnjurac,outland,511,demonhunter,havoc,14,6,8
Asperity,antonidas,511,demonhunter,havoc,18,6,12
Cmi,tarren-mill,511,demonhunter,havoc,22,6,16
Illidancz,thunderhorn,488,demonhunter,havoc,13,6,7
Эрнерион,soulflayer,480,demonhunter,havoc,6,5,1
Patologia,burning-legion,480,demonhunter,havoc,6,5,1
Ismelldemons,silvermoon,480,demonhunter,havoc,6,5,1
Lesamaritain,ysondre,480,demonhunter,havoc,6,5,1
Bwipøo,alakir,480,demonhunter,havoc,6,5,1
Avavidh,blackmoore,480,demonhunter,havoc,6,5,1
Morrion,blackmoore,480,demonhunter,havoc,6,5,1
Guziel,kazzak,480,demonhunter,havoc,6,5,1
Nanába,draenor,480,demonhunter,havoc,6,5,1
Babipanggang,kazzak,480,demonhunter,havoc,6,5,1
Mouga,hyjal,480,demonhunter,havoc,6,5,1
Monion,defias-brotherhood,480,demonhunter,havoc,6,5,1
Miscodedh,ravencrest,480,demonhunter,havoc,9,6,3
Spitface,aegwynn,480,demonhunter,havoc,12,5,7
Dzikalocha,burning-legion,480,demonhunter,havoc,12,5,7
Lårxx,draenor,480,demonhunter,havoc,12,5,7
Пупчански,howling-fjord,480,demonhunter,havoc,12,5,7
Lockmylips,kazzak,480,demonhunter,havoc,12,5,7
Glìmpsêgøðx,antonidas,480,demonhunter,havoc,12,5,7
Caøtix,blackrock,480,demonhunter,havoc,12,5,7
Fulger,ghostlands,480,demonhunter,havoc,12,5,7
Revérse,stormscale,480,demonhunter,havoc,12,5,7
Demondusk,silvermoon,480,demonhunter,havoc,12,5,7
Korrupt,draenor,480,demonhunter,havoc,12,5,7
Tomkis,ravencrest,480,demonhunter,havoc,12,5,7
Ferndejar,draenor,480,demonhunter,havoc,12,5,7
Yuná,stormscale,480,demonhunter,havoc,12,5,7
Tatoos,bronze-dragonflight,480,demonhunter,havoc,12,5,7
Icurogue,kazzak,480,demonhunter,havoc,12,5,7
Generaaloo,ragnaros,480,demonhunter,havoc,12,5,7
Zunada,ragnaros,480,demonhunter,havoc,12,5,7
Fredhy,tarren-mill,480,demonhunter,havoc,12,5,7
Алекзей,gordunni,480,demonhunter,havoc,12,5,7
Okoral,dun-modr,480,demonhunter,havoc,12,5,7
Spiiky,kazzak,480,demonhunter,havoc,12,5,7
Eibemme,alleria,480,demonhunter,havoc,12,5,7
Blind,kazzak,480,demonhunter,havoc,12,5,7
Topg,bladefist,480,demonhunter,havoc,12,5,7
Joniod,stormreaver,480,demonhunter,havoc,12,5,7
Granite,blackrock,480,demonhunter,havoc,12,5,7
Niniach,burning-legion,480,demonhunter,havoc,12,5,7
Richielou,outland,480,demonhunter,havoc,12,5,7
Блэйэмих,gordunni,480,demonhunter,havoc,12,5,7
Takad,twisting-nether,480,demonhunter,havoc,12,5,7
Kukulkanx,tarren-mill,480,demonhunter,havoc,12,5,7
Tastyblades,blackmoore,480,demonhunter,havoc,12,5,7
Khenetai,silvermoon,480,demonhunter,havoc,12,5,7
Noether,blackrock,480,demonhunter,havoc,12,5,7
Ukumeqt,kazzak,480,demonhunter,havoc,12,5,7
Thelyan,ravencrest,480,demonhunter,havoc,12,5,7
Thrina,blackmoore,480,demonhunter,havoc,12,5,7
Bruxdh,dun-modr,480,demonhunter,havoc,12,5,7
Диртхамен,blackscar,480,demonhunter,havoc,12,5,7
Malzehar,tarren-mill,480,demonhunter,havoc,12,5,7
Bigbootáy,silvermoon,480,demonhunter,havoc,12,5,7
Дракомуфлон,gordunni,480,demonhunter,havoc,12,5,7
Véspé,naxxramas,480,demonhunter,havoc,12,5,7
Nagh,archimonde,480,demonhunter,havoc,12,5,7
Максимлолпро,howling-fjord,480,demonhunter,havoc,12,5,7
Беатриз,soulflayer,480,demonhunter,havoc,12,5,7
Филеровщик,deathguard,480,demonhunter,havoc,12,5,7
Superchocowo,sanguino,480,demonhunter,havoc,12,5,7
Natarásh,blackmoore,480,demonhunter,havoc,18,5,13
Crushidemon,draenor,480,demonhunter,havoc,18,5,13
Lengadanger,durotan,480,demonhunter,havoc,18,5,13
Dübler,gorgonnash,480,demonhunter,havoc,18,5,13
Aelina,area-52,480,demonhunter,havoc,18,5,13
Talyrîs,aegwynn,480,demonhunter,havoc,18,5,13
Alleyezønme,outland,480,demonhunter,havoc,18,5,13
Zimmerdin,blackmoore,480,demonhunter,havoc,18,5,13
Beörn,stormscale,480,demonhunter,havoc,18,5,13
Gagfordaddy,ravencrest,480,demonhunter,havoc,18,5,13
Wajoglaive,blackhand,480,demonhunter,havoc,18,5,13
Lovesong,the-shatar,480,demonhunter,havoc,18,5,13
Разагеш,gordunni,480,demonhunter,havoc,18,5,13
Aygael,archimonde,480,demonhunter,havoc,24,5,19
Dontrunaway,tarren-mill,479,demonhunter,havoc,6,5,1
Sholon,kiljaeden,479,demonhunter,havoc,6,5,1
Ridweng,ravenholdt,479,demonhunter,havoc,7,5,2
Shekny,sanguino,479,demonhunter,havoc,12,5,7
Gryphory,ravencrest,479,demonhunter,havoc,12,5,7
Merilidan,blackrock,479,demonhunter,havoc,12,5,7
Мйрасаа,gordunni,479,demonhunter,havoc,12,5,7
Sîvîct,uldum,479,demonhunter,havoc,12,5,7
Cindras,turalyon,479,demonhunter,havoc,12,5,7
Dedaronnes,hyjal,479,demonhunter,havoc,12,5,7
Approxis,archimonde,479,demonhunter,havoc,12,5,7
Chàuvequipeu,dalaran,479,demonhunter,havoc,12,5,7
Макай,deathguard,479,demonhunter,havoc,12,5,7
Escoo,blackmoore,479,demonhunter,havoc,12,5,7
Jonasdh,antonidas,479,demonhunter,havoc,12,5,7
Manavoid,outland,479,demonhunter,havoc,12,5,7
Rtz,malfurion,479,demonhunter,havoc,12,5,7
Demontevz,outland,479,demonhunter,havoc,12,5,7
Asperatus,dalaran,479,demonhunter,havoc,18,5,13
Demonwithin,nerathor,479,demonhunter,havoc,18,5,13
Thilanea,emeriss,478,demonhunter,havoc,12,5,7
Скудайвер,gordunni,478,demonhunter,havoc,12,5,7
Hernandez,sanguino,478,demonhunter,havoc,12,5,7
Deasdh,tarren-mill,478,demonhunter,havoc,12,5,7
Greyfel,blackhand,478,demonhunter,havoc,20,7,13
Samurase,kazzak,477,demonhunter,havoc,12,5,7
Kairidemon,eredar,477,demonhunter,havoc,12,5,7
Гёнке,gordunni,477,demonhunter,havoc,22,6,16
Гачирабыня,lich-king,477,demonhunter,havoc,30,5,25
Vincbengt,tarren-mill,476,demonhunter,havoc,12,5,7
Sorgnarol,dalaran,475,demonhunter,havoc,12,5,7
Illikan,stormscale,474,demonhunter,havoc,12,5,7
Hellforce,nemesis,474,demonhunter,havoc,12,5,7
Etraidor,turalyon,473,demonhunter,havoc,12,5,7
Кислотна,borean-tundra,471,demonhunter,havoc,13,5,8
Seaburn,bronzebeard,471,demonhunter,havoc,30,5,25
Илнари,soulflayer,447,demonhunter,havoc,11,5,6
Huntingmilfs,ravencrest,447,demonhunter,havoc,11,5,6
Káhúsz,ragnaros,447,demonhunter,havoc,11,5,6
Shaundead,drakthul,447,demonhunter,havoc,11,5,6
Shironeko,ysondre,447,demonhunter,havoc,11,5,6
Эссенденс,gordunni,447,demonhunter,havoc,11,5,6
Иллианэль,howling-fjord,432,demonhunter,havoc,9,5,4
Xaro,quelthalas,431,demonhunter,havoc,11,5,6
Акамамба,gordunni,431,demonhunter,havoc,11,5,6
Ailisdmgbotx,drakthul,426,demonhunter,havoc,15,7,8
Buttslapper,silvermoon,426,demonhunter,havoc,20,6,14
Bertori,dun-modr,416,demonhunter,havoc,10,5,5
Daemonmatt,outland,384,demonhunter,havoc,6,4,2
Gotwings,sunstrider,384,demonhunter,havoc,6,4,2
Diagonol,ragnaros,384,demonhunter,havoc,6,4,2
Kriszidan,arathor,384,demonhunter,havoc,6,4,2
Brutodh,stormscale,384,demonhunter,havoc,6,4,2
Epicelf,hyjal,384,demonhunter,havoc,6,4,2
Garra,chants-éternels,384,demonhunter,havoc,6,4,2
Valdrake,burning-legion,384,demonhunter,havoc,6,4,2
Akaniiaa,blackmoore,384,demonhunter,havoc,6,4,2
Милифесена,gordunni,384,demonhunter,havoc,6,4,2
Dimonhunta,tarren-mill,384,demonhunter,havoc,6,4,2
Shavidan,antonidas,384,demonhunter,havoc,6,4,2
Elsibal,dunemaul,384,demonhunter,havoc,6,4,2
Firebladeza,ravencrest,384,demonhunter,havoc,6,4,2
Варгаст,blackscar,384,demonhunter,havoc,6,4,2
Талисзора,gordunni,384,demonhunter,havoc,6,4,2
Mýg,ravencrest,384,demonhunter,havoc,6,4,2
Exerzaria,twisting-nether,384,demonhunter,havoc,6,4,2
Вапатикяу,gordunni,384,demonhunter,havoc,6,4,2
Memedhbtw,outland,384,demonhunter,havoc,6,4,2
Varonx,drakthul,384,demonhunter,havoc,6,4,2
Rageglaive,ragnaros,384,demonhunter,havoc,6,4,2
Altsta,draenor,384,demonhunter,havoc,6,4,2
Lisilis,neptulon,384,demonhunter,havoc,6,4,2
Nelathas,twisting-nether,384,demonhunter,havoc,6,4,2
Séismic,outland,384,demonhunter,havoc,6,4,2
Demoncalle,the-maelstrom,384,demonhunter,havoc,6,4,2
Docos,genjuros,384,demonhunter,havoc,6,4,2
Niellarsc,ravencrest,384,demonhunter,havoc,6,4,2
Bartoshek,auchindoun,384,demonhunter,havoc,6,4,2
Wuzzabi,darksorrow,384,demonhunter,havoc,6,4,2
Siuli,minahonda,384,demonhunter,havoc,6,4,2
Shïca,sanguino,384,demonhunter,havoc,6,4,2
Jennyßright,sargeras,384,demonhunter,havoc,6,4,2
Intøxixxixx,stormscale,384,demonhunter,havoc,6,4,2
Dakydh,ravencrest,384,demonhunter,havoc,6,4,2
Morthorr,grim-batol,384,demonhunter,havoc,6,4,2
Iken,ragnaros,384,demonhunter,havoc,6,4,2
Mäxo,frostwolf,384,demonhunter,havoc,6,4,2
Atti,the-maelstrom,384,demonhunter,havoc,6,4,2
Klerikerin,blackmoore,384,demonhunter,havoc,6,4,2
Lemondehunta,twisting-nether,384,demonhunter,havoc,6,4,2
Tzs,blackrock,384,demonhunter,havoc,6,4,2
Çhïñêséðëmøñ,draenor,384,demonhunter,havoc,6,4,2
Evildeeb,kazzak,384,demonhunter,havoc,6,4,2
Timitär,mazrigos,384,demonhunter,havoc,6,4,2
Imprøve,ravencrest,384,demonhunter,havoc,9,5,4
Darmash,ambossar,384,demonhunter,havoc,9,5,4
Freakerzoid,kazzak,384,demonhunter,havoc,11,4,7
Moonhorns,deathwing,384,demonhunter,havoc,14,5,9
Mamio,chogall,384,demonhunter,havoc,12,4,8
Mäcklepyah,tarren-mill,384,demonhunter,havoc,12,4,8
Артёмблэйдх,blackscar,384,demonhunter,havoc,12,4,8
Leylas,nagrand,384,demonhunter,havoc,12,4,8
Одзангейра,blackscar,384,demonhunter,havoc,12,4,8
Алмантиус,gordunni,384,demonhunter,havoc,12,4,8
Братилидана,gordunni,384,demonhunter,havoc,12,4,8
Arkta,kazzak,384,demonhunter,havoc,12,4,8
Factcox,magtheridon,384,demonhunter,havoc,12,4,8
Graffyre,eonar,384,demonhunter,havoc,12,4,8
Saikamango,blackhand,384,demonhunter,havoc,12,4,8
Maeltus,hyjal,384,demonhunter,havoc,12,4,8
Frostidh,ysondre,384,demonhunter,havoc,12,4,8
Illidarios,blackhand,384,demonhunter,havoc,12,4,8
Ågøny,outland,384,demonhunter,havoc,12,4,8
Gorilla,korgall,384,demonhunter,havoc,12,4,8
Bratti,kazzak,384,demonhunter,havoc,12,4,8
Neulgød,zuljin,384,demonhunter,havoc,12,4,8
Хреньещёта,booty-bay,384,demonhunter,havoc,12,4,8
Лупидолх,soulflayer,384,demonhunter,havoc,12,4,8
Huntingmaven,blackrock,384,demonhunter,havoc,12,4,8
Becknárn,sylvanas,384,demonhunter,havoc,12,4,8
Cutforshred,zenedar,384,demonhunter,havoc,12,4,8
Nephylon,draenor,384,demonhunter,havoc,12,4,8
Accurate,sanguino,384,demonhunter,havoc,12,4,8
Пвпфея,soulflayer,384,demonhunter,havoc,12,4,8
Xendrina,blackrock,384,demonhunter,havoc,12,4,8
Fbh,stormscale,384,demonhunter,havoc,12,4,8
Drædløcks,ysondre,384,demonhunter,havoc,12,4,8
Lenuna,frostmourne,384,demonhunter,havoc,12,4,8
Mempaan,magtheridon,384,demonhunter,havoc,12,4,8
Rivy,magtheridon,384,demonhunter,havoc,12,4,8
Жаркийсекс,soulflayer,384,demonhunter,havoc,12,4,8
Хокану,gordunni,384,demonhunter,havoc,12,4,8
Kinami,hyjal,384,demonhunter,havoc,12,4,8
Toxicbaboon,nemesis,384,demonhunter,havoc,12,4,8
Rîasgremoryy,twisting-nether,384,demonhunter,havoc,12,4,8
Deathbydeaf,terenas,384,demonhunter,havoc,12,4,8
Nobrainerz,twisting-nether,384,demonhunter,havoc,12,4,8
Mouz,thrall,384,demonhunter,havoc,12,4,8
Floridaboy,ravencrest,384,demonhunter,havoc,12,4,8
Jabuzi,drakthul,384,demonhunter,havoc,12,4,8
Betterdk,twilights-hammer,384,demonhunter,havoc,12,4,8
Эвернесса,soulflayer,384,demonhunter,havoc,12,4,8
Jimpanik,ravencrest,384,demonhunter,havoc,12,4,8
Ascindra,kazzak,384,demonhunter,havoc,12,4,8
Dannyp,ravencrest,384,demonhunter,havoc,12,4,8
Кеиичи,howling-fjord,384,demonhunter,havoc,12,4,8
Ninjantiz,antonidas,384,demonhunter,havoc,12,4,8
Innocuouss,twisting-nether,384,demonhunter,havoc,12,4,8
Brazahart,silvermoon,384,demonhunter,havoc,12,4,8
Ysirã,hyjal,384,demonhunter,havoc,12,4,8
Deadrawdh,aegwynn,384,demonhunter,havoc,12,4,8
Slashyz,argent-dawn,384,demonhunter,havoc,12,4,8
Valravnen,ravencrest,384,demonhunter,havoc,12,4,8
Ellatriel,blackrock,384,demonhunter,havoc,12,4,8
Blüëräin,draenor,384,demonhunter,havoc,12,4,8
Rúllio,rexxar,384,demonhunter,havoc,12,4,8
Headbanger,twisting-nether,384,demonhunter,havoc,12,4,8
Stormshred,stormscale,384,demonhunter,havoc,13,4,9
Asukakazama,twisting-nether,384,demonhunter,havoc,15,4,11
Linea,jaedenar,384,demonhunter,havoc,18,4,14
Gouteça,la-croisade-écarlate,384,demonhunter,havoc,18,4,14
Jeandh,nerzhul,384,demonhunter,havoc,18,4,14
Skajlan,burning-legion,384,demonhunter,havoc,18,4,14
Sazukè,blackmoore,384,demonhunter,havoc,18,4,14
Dìus,blackmoore,384,demonhunter,havoc,18,4,14
Vandazza,argent-dawn,384,demonhunter,havoc,18,4,14
Ekhlipz,ysondre,384,demonhunter,havoc,18,4,14
Demonpotatô,draenor,383,demonhunter,havoc,6,4,2
Poliex,khaz-modan,383,demonhunter,havoc,6,4,2
Jüdgedëad,archimonde,383,demonhunter,havoc,6,4,2
Zaeros,archimonde,383,demonhunter,havoc,6,4,2
Rouzi,defias-brotherhood,383,demonhunter,havoc,6,4,2
Némesîs,cthun,383,demonhunter,havoc,6,4,2
Yocolo,sinstralis,383,demonhunter,havoc,6,4,2
Dæmonhønter,draenor,383,demonhunter,havoc,12,4,8
Vengatoria,cthun,383,demonhunter,havoc,12,4,8
Thefightergz,terokkar,383,demonhunter,havoc,12,4,8
Сязекть,goldrinn,383,demonhunter,havoc,12,4,8
Chaordic,turalyon,383,demonhunter,havoc,12,4,8
Elenastar,kazzak,383,demonhunter,havoc,12,4,8
Talerias,magtheridon,383,demonhunter,havoc,12,4,8
Ghiocelulog,draenor,383,demonhunter,havoc,18,4,14
Lillinète,archimonde,383,demonhunter,havoc,18,4,14
Rijsel,dalaran,382,demonhunter,havoc,6,4,2
Demoncancer,kazzak,382,demonhunter,havoc,6,4,2
Séleister,khaz-modan,382,demonhunter,havoc,12,4,8
Lxantimagexl,silvermoon,381,demonhunter,havoc,12,4,8
Hollowflame,ravencrest,380,demonhunter,havoc,12,4,8
Deathniresa,argent-dawn,379,demonhunter,havoc,12,4,8
Блэйденрифтс,soulflayer,351,demonhunter,havoc,11,4,7
Amatèrasu,burning-legion,344,demonhunter,havoc,24,5,19
Lydari,die-arguswacht,330,demonhunter,havoc,17,5,12
Zavoc,the-maelstrom,319,demonhunter,havoc,8,4,4
Felwaifu,tarren-mill,319,demonhunter,havoc,8,4,4
Yågåpøwér,twisting-nether,319,demonhunter,havoc,14,4,10
Oskarz,ravencrest,318,demonhunter,havoc,14,4,10
Squarty,wrathbringer,316,demonhunter,havoc,8,4,4
Hogidan,hellscream,288,demonhunter,havoc,6,3,3
Watdefack,outland,288,demonhunter,havoc,6,3,3
Felrage,tarren-mill,288,demonhunter,havoc,6,3,3
Андрюхадх,soulflayer,288,demonhunter,havoc,6,3,3
Na,conseil-des-ombres,288,demonhunter,havoc,6,3,3
Stòrmý,thrall,288,demonhunter,havoc,6,3,3
Schwitte,tichondrius,288,demonhunter,havoc,6,3,3
Darkshegal,dun-modr,288,demonhunter,havoc,6,3,3
Xénôns,archimonde,288,demonhunter,havoc,6,3,3
Kätarïnas,confrérie-du-thorium,288,demonhunter,havoc,6,3,3
Crasyface,kazzak,288,demonhunter,havoc,6,3,3
Шрэдэр,thermaplugg,288,demonhunter,havoc,6,3,3
Qualron,twisting-nether,288,demonhunter,havoc,6,3,3
Бану,howling-fjord,288,demonhunter,havoc,6,3,3
Youngfelrush,blackrock,288,demonhunter,havoc,6,3,3
Hellboi,dun-modr,288,demonhunter,havoc,6,3,3
Milleniumx,aegwynn,288,demonhunter,havoc,6,3,3
Divia,anubarak,288,demonhunter,havoc,6,3,3
Кельселай,soulflayer,288,demonhunter,havoc,6,3,3
Blizó,tarren-mill,288,demonhunter,havoc,6,3,3
Naargof,outland,288,demonhunter,havoc,6,3,3
Shentarie,kazzak,288,demonhunter,havoc,6,3,3
Cydonia,medivh,288,demonhunter,havoc,6,3,3
Deschacke,eredar,288,demonhunter,havoc,6,3,3
Uranoth,nemesis,288,demonhunter,havoc,6,3,3
Aoeshu,wildhammer,288,demonhunter,havoc,6,3,3
Froog,frostmane,288,demonhunter,havoc,6,3,3
Rustedchurl,draenor,288,demonhunter,havoc,6,3,3
Sfguild,kazzak,288,demonhunter,havoc,6,3,3
Ашерис,deathguard,288,demonhunter,havoc,6,3,3
Jellyjoker,malganis,288,demonhunter,havoc,6,3,3
Terboven,outland,288,demonhunter,havoc,6,3,3
Cánoo,blackhand,288,demonhunter,havoc,6,3,3
Hyonzyyesh,silvermoon,288,demonhunter,havoc,6,3,3
Solobolo,blackhand,288,demonhunter,havoc,6,3,3
Shaely,arthas,288,demonhunter,havoc,6,3,3
Tåkotsubo,archimonde,288,demonhunter,havoc,6,3,3
Hárald,sanguino,288,demonhunter,havoc,6,3,3
Tizefik,stormscale,288,demonhunter,havoc,6,3,3
Mephedroni,kazzak,288,demonhunter,havoc,6,3,3
Резако,soulflayer,288,demonhunter,havoc,6,3,3
Yelans,twisting-nether,288,demonhunter,havoc,6,3,3
Qiufan,eredar,288,demonhunter,havoc,6,3,3
Ravael,archimonde,288,demonhunter,havoc,6,3,3
Shinnu,antonidas,288,demonhunter,havoc,6,3,3
Kyart,nemesis,288,demonhunter,havoc,6,3,3
Kyoukaii,kazzak,288,demonhunter,havoc,6,3,3
Ravae,burning-legion,288,demonhunter,havoc,6,3,3
Demonkingx,twisting-nether,288,demonhunter,havoc,6,3,3
Vlexsuave,stormscale,288,demonhunter,havoc,6,3,3
Alfaa,outland,288,demonhunter,havoc,6,3,3
Killaden,ravenholdt,288,demonhunter,havoc,6,3,3
Kritflake,blackrock,288,demonhunter,havoc,6,3,3
Meserani,eredar,288,demonhunter,havoc,6,3,3
Demonsushi,tarren-mill,288,demonhunter,havoc,6,3,3
Zsídakabra,ragnaros,288,demonhunter,havoc,6,3,3
Joeybadass,aegwynn,288,demonhunter,havoc,6,3,3
Thoridin,draenor,288,demonhunter,havoc,6,3,3
Fantabolous,ragnaros,288,demonhunter,havoc,6,3,3
Тиктокденсер,gordunni,288,demonhunter,havoc,6,3,3
Lonedh,sylvanas,288,demonhunter,havoc,6,3,3
Vtoriavgust,silvermoon,288,demonhunter,havoc,6,3,3
Cursedblade,archimonde,288,demonhunter,havoc,6,3,3
Чубрик,howling-fjord,288,demonhunter,havoc,6,3,3
Rehaell,burning-legion,288,demonhunter,havoc,6,3,3
Extitan,twisting-nether,288,demonhunter,havoc,6,3,3
Indominus,pozzo-delleternità,288,demonhunter,havoc,6,3,3
Âstræa,antonidas,288,demonhunter,havoc,6,3,3
Makwah,kazzak,288,demonhunter,havoc,6,3,3
Shaadraz,stormscale,288,demonhunter,havoc,6,3,3
Dadagodx,kazzak,288,demonhunter,havoc,6,3,3
Tire,draenor,288,demonhunter,havoc,6,3,3
Crueldo,silvermoon,288,demonhunter,havoc,6,3,3
Cnbâckbb,archimonde,288,demonhunter,havoc,6,3,3
Vùkal,kazzak,288,demonhunter,havoc,6,3,3
Nneverx,bladefist,288,demonhunter,havoc,6,3,3
Fotmøngø,argent-dawn,288,demonhunter,havoc,6,3,3
Bossmac,mugthol,288,demonhunter,havoc,6,3,3
Catchmebaby,sanguino,288,demonhunter,havoc,6,3,3
Норилайнн,gordunni,288,demonhunter,havoc,6,3,3
Sîre,ravencrest,288,demonhunter,havoc,6,3,3
Ortä,sanguino,288,demonhunter,havoc,6,3,3
Leïaprincess,hyjal,288,demonhunter,havoc,6,3,3
Lahan,twisting-nether,288,demonhunter,havoc,6,3,3
Nephthyis,draenor,288,demonhunter,havoc,6,3,3
Mannie,twisting-nether,288,demonhunter,havoc,6,3,3
Cienlowczyni,silvermoon,288,demonhunter,havoc,6,3,3
Dàrknight,azjolnerub,288,demonhunter,havoc,6,3,3
Demonyz,hyjal,288,demonhunter,havoc,6,3,3
Nightfly,twisting-nether,288,demonhunter,havoc,6,3,3
Skuz,archimonde,288,demonhunter,havoc,6,3,3
Imvnrcvr,dalaran,288,demonhunter,havoc,6,3,3
Myuøu,hyjal,288,demonhunter,havoc,6,3,3
Nélathas,twisting-nether,288,demonhunter,havoc,6,3,3
Bunzi,sylvanas,288,demonhunter,havoc,6,3,3
Ледехе,gordunni,288,demonhunter,havoc,6,3,3
Berlusconi,senjin,288,demonhunter,havoc,6,3,3
Zorrø,blackmoore,288,demonhunter,havoc,6,3,3
Tígél,argent-dawn,288,demonhunter,havoc,6,3,3
Jinfel,outland,288,demonhunter,havoc,6,3,3
Vqqxx,stormreaver,288,demonhunter,havoc,6,3,3
Neony,blackmoore,288,demonhunter,havoc,6,3,3
Marilu,nathrezim,288,demonhunter,havoc,6,3,3
Wildest,blackmoore,288,demonhunter,havoc,9,4,5
Aethilios,silvermoon,288,demonhunter,havoc,11,3,8
Kiô,drakthul,288,demonhunter,havoc,15,4,11
Vijiny,sylvanas,288,demonhunter,havoc,15,4,11
Топдекдх,howling-fjord,288,demonhunter,havoc,12,3,9
Metaman,archimonde,288,demonhunter,havoc,12,3,9
Gpk,argent-dawn,288,demonhunter,havoc,12,3,9
Tuffêli,turalyon,288,demonhunter,havoc,12,3,9
Bananabritta,aegwynn,288,demonhunter,havoc,12,3,9
Fullinaretta,archimonde,288,demonhunter,havoc,12,3,9
Bengleng,draenor,288,demonhunter,havoc,12,3,9
Laurana,argent-dawn,288,demonhunter,havoc,12,3,9
Aaryaa,archimonde,288,demonhunter,havoc,12,3,9
Were,drakthul,288,demonhunter,havoc,12,3,9
Хемах,howling-fjord,288,demonhunter,havoc,12,3,9
Silandara,grim-batol,288,demonhunter,havoc,12,3,9
Damenhunter,malganis,288,demonhunter,havoc,12,3,9
Yataganac,draenor,288,demonhunter,havoc,12,3,9
Valø,malganis,288,demonhunter,havoc,12,3,9
Ïvø,sargeras,288,demonhunter,havoc,12,3,9
Rurt,sanguino,288,demonhunter,havoc,12,3,9
Холегдх,gordunni,288,demonhunter,havoc,12,3,9
Domiinator,sylvanas,288,demonhunter,havoc,12,3,9
Diminhintir,draenor,288,demonhunter,havoc,12,3,9
Fellout,burning-legion,288,demonhunter,havoc,12,3,9
Hicke,burning-legion,288,demonhunter,havoc,12,3,9
Ðèvìllìà,ragnaros,288,demonhunter,havoc,12,3,9
Феяужаса,soulflayer,288,demonhunter,havoc,12,3,9
Ганстапутин,howling-fjord,288,demonhunter,havoc,12,3,9
Donstyle,anachronos,288,demonhunter,havoc,12,3,9
Lamello,nemesis,288,demonhunter,havoc,12,3,9
Пухшайсти,soulflayer,288,demonhunter,havoc,12,3,9
Artwar,stormscale,288,demonhunter,havoc,12,3,9
Vulcaan,ravencrest,288,demonhunter,havoc,12,3,9
Tødø,nemesis,288,demonhunter,havoc,12,3,9
Гелиосса,soulflayer,288,demonhunter,havoc,12,3,9
Cptgmiasbria,eredar,288,demonhunter,havoc,12,3,9
Rapp,nemesis,288,demonhunter,havoc,12,3,9
Арвулфик,eversong,288,demonhunter,havoc,12,3,9
Blacklance,ravencrest,288,demonhunter,havoc,12,3,9
Bernhoftdh,ravencrest,288,demonhunter,havoc,12,3,9
Eviljunior,blackhand,288,demonhunter,havoc,12,3,9
Sanfia,twisting-nether,288,demonhunter,havoc,12,3,9
Mordaer,twisting-nether,288,demonhunter,havoc,12,3,9
Wheelchairdh,twisting-nether,288,demonhunter,havoc,12,3,9
Vrekur,sanguino,288,demonhunter,havoc,12,3,9
Naturalis,die-todeskrallen,288,demonhunter,havoc,12,3,9
Ambodh,thrall,288,demonhunter,havoc,12,3,9
Nightwalk,blackmoore,288,demonhunter,havoc,12,3,9
Râny,blackmoore,288,demonhunter,havoc,12,3,9
Tenaebris,silvermoon,288,demonhunter,havoc,12,3,9
Sazzox,blackrock,288,demonhunter,havoc,12,3,9
Néèdgirly,malfurion,288,demonhunter,havoc,15,3,12
Jimdh,quelthalas,288,demonhunter,havoc,18,3,15
Lasthija,dun-modr,288,demonhunter,havoc,18,3,15
Devildust,ravencrest,288,demonhunter,havoc,18,3,15
Saturnein,stormscale,287,demonhunter,havoc,6,3,3
Menutzdh,tarren-mill,287,demonhunter,havoc,6,3,3
Dethlyn,twisting-nether,287,demonhunter,havoc,6,3,3
Elfitoloco,sanguino,287,demonhunter,havoc,6,3,3
Dimonanta,grim-batol,287,demonhunter,havoc,6,3,3
Greensøul,los-errantes,287,demonhunter,havoc,12,3,9
Gêliôs,kazzak,271,demonhunter,havoc,11,3,8
Fèll,silvermoon,240,demonhunter,havoc,9,3,6
Dexterzx,stormscale,240,demonhunter,havoc,9,3,6
Ponn,blackmoore,239,demonhunter,havoc,5,3,2
Wingedfelcat,argent-dawn,239,demonhunter,havoc,5,3,2
Itskarmax,outland,239,demonhunter,havoc,5,3,2
Ðéstrøz,draenor,234,demonhunter,havoc,9,5,4
Джерегумо,howling-fjord,234,demonhunter,havoc,10,4,6
Manybuttons,tarren-mill,234,demonhunter,havoc,10,4,6
Ñítøryù,ravencrest,234,demonhunter,havoc,10,4,6
Draecis,twisting-nether,223,demonhunter,havoc,8,3,5
Luferite,burning-blade,223,demonhunter,havoc,14,3,11
Лэймрисх,gordunni,223,demonhunter,havoc,14,3,11
Legoo,archimonde,208,demonhunter,havoc,7,3,4
Пересыщение,soulflayer,208,demonhunter,havoc,7,3,4
Sìena,ravencrest,208,demonhunter,havoc,7,3,4
Demoqt,ragnaros,192,demonhunter,havoc,4,3,1
Erenyeagerr,kazzak,192,demonhunter,havoc,4,3,1
Venkz,archimonde,192,demonhunter,havoc,6,2,4
Scarath,eredar,192,demonhunter,havoc,6,2,4
Demontoolz,outland,192,demonhunter,havoc,6,2,4
Stifeur,archimonde,192,demonhunter,havoc,6,2,4
Naltharian,drakthul,192,demonhunter,havoc,6,2,4
Dikcitx,archimonde,192,demonhunter,havoc,6,2,4
Haveadad,outland,192,demonhunter,havoc,6,2,4
Emkogødx,outland,192,demonhunter,havoc,6,2,4
Kyiuz,archimonde,192,demonhunter,havoc,6,2,4
Harrah,archimonde,192,demonhunter,havoc,6,2,4
Neimfel,outland,192,demonhunter,havoc,6,2,4
Aggrodíte,antonidas,192,demonhunter,havoc,6,2,4
Янгфрукт,howling-fjord,192,demonhunter,havoc,6,2,4
Barocs,antonidas,192,demonhunter,havoc,6,2,4
Kibiri,rajaxx,192,demonhunter,havoc,6,2,4
Linkôs,aegwynn,192,demonhunter,havoc,6,2,4
Disconecting,outland,192,demonhunter,havoc,6,2,4
Nitrobeevz,blackmoore,192,demonhunter,havoc,6,2,4
Cíondra,aegwynn,192,demonhunter,havoc,6,2,4
Dreamøn,aegwynn,192,demonhunter,havoc,6,2,4
Methyza,thrall,192,demonhunter,havoc,6,2,4
Аврорамур,howling-fjord,192,demonhunter,havoc,6,2,4
Alcadejas,pozzo-delleternità,192,demonhunter,havoc,6,2,4
Zarkhyl,malygos,192,demonhunter,havoc,6,2,4
Williamgrant,alonsus,192,demonhunter,havoc,6,2,4
Sârgan,khaz-modan,192,demonhunter,havoc,6,2,4
Kibikari,nemesis,192,demonhunter,havoc,6,2,4
Roxxis,mazrigos,192,demonhunter,havoc,6,2,4
Drahîna,khaz-modan,192,demonhunter,havoc,6,2,4
Razzàl,sinstralis,192,demonhunter,havoc,6,2,4
Riveén,blackhand,192,demonhunter,havoc,6,2,4
Ragnarak,amanthul,192,demonhunter,havoc,6,2,4
Khinn,tyrande,192,demonhunter,havoc,6,2,4
Lucziane,blackmoore,192,demonhunter,havoc,6,2,4
Qúkn,tarren-mill,192,demonhunter,havoc,6,2,4
Mîlîm,silvermoon,192,demonhunter,havoc,6,2,4
Chlorel,arthas,192,demonhunter,havoc,6,2,4
Dhslayer,magtheridon,192,demonhunter,havoc,6,2,4
Juicyglaives,ragnaros,192,demonhunter,havoc,6,2,4
Dionyz,magtheridon,192,demonhunter,havoc,6,2,4
Тэнсу,borean-tundra,192,demonhunter,havoc,6,2,4
Ôdhyn,hyjal,192,demonhunter,havoc,6,2,4
Мэлифсб,blackscar,192,demonhunter,havoc,6,2,4
Czl,silvermoon,192,demonhunter,havoc,6,2,4
Schakalèn,ragnaros,192,demonhunter,havoc,6,2,4
Флайрин,blackscar,192,demonhunter,havoc,6,2,4
Kaelisi,argent-dawn,192,demonhunter,havoc,6,2,4
Артесдх,gordunni,192,demonhunter,havoc,6,2,4
Dayo,archimonde,192,demonhunter,havoc,6,2,4
Brolafsen,ragnaros,192,demonhunter,havoc,6,2,4
Ryohìrst,stormscale,192,demonhunter,havoc,6,2,4
Kakovicz,gorgonnash,192,demonhunter,havoc,6,2,4
Ralffeh,auchindoun,192,demonhunter,havoc,6,2,4
Lixxersmeta,stormscale,192,demonhunter,havoc,6,2,4
Amnestîa,antonidas,192,demonhunter,havoc,6,2,4
Tacodhx,ravencrest,192,demonhunter,havoc,6,2,4
Skyzon,ravencrest,192,demonhunter,havoc,6,2,4
Martøsdh,uldum,192,demonhunter,havoc,6,2,4
Tabsen,sanguino,192,demonhunter,havoc,6,2,4
Chaeeri,twisting-nether,192,demonhunter,havoc,6,2,4
Chaosstrike,twisting-nether,192,demonhunter,havoc,6,2,4
Лилэйв,gordunni,192,demonhunter,havoc,6,2,4
Evaristoff,sanguino,192,demonhunter,havoc,6,2,4
Nörsedh,sanguino,192,demonhunter,havoc,6,2,4
Люблюмеф,gordunni,192,demonhunter,havoc,6,2,4
Shakso,tarren-mill,192,demonhunter,havoc,6,2,4
Kyvi,blackrock,192,demonhunter,havoc,6,2,4
Mayzhi,hyjal,192,demonhunter,havoc,6,2,4
Raenir,twisting-nether,192,demonhunter,havoc,6,2,4
Enami,kazzak,192,demonhunter,havoc,6,2,4
Aerkex,kazzak,192,demonhunter,havoc,6,2,4
Nïcta,sanguino,192,demonhunter,havoc,6,2,4
Sñüîîâ,kazzak,192,demonhunter,havoc,6,2,4
Деорру,gordunni,192,demonhunter,havoc,6,2,4
Cøldlean,ravencrest,192,demonhunter,havoc,6,2,4
Gendó,twisting-nether,192,demonhunter,havoc,6,2,4
Datejust,archimonde,192,demonhunter,havoc,6,2,4
Zxcjklcasdlk,sylvanas,192,demonhunter,havoc,6,2,4
Tvé,ravencrest,192,demonhunter,havoc,6,2,4
Pablino,darksorrow,192,demonhunter,havoc,6,2,4
Haragazu,blackrock,192,demonhunter,havoc,6,2,4
Остинджейн,soulflayer,192,demonhunter,havoc,6,2,4
Andariell,sylvanas,192,demonhunter,havoc,6,2,4
Кораксс,howling-fjord,192,demonhunter,havoc,6,2,4
Draneka,argent-dawn,192,demonhunter,havoc,6,2,4
Anekk,kazzak,192,demonhunter,havoc,6,2,4
Hykoolique,arakarahm,192,demonhunter,havoc,6,2,4
Kryshan,burning-legion,192,demonhunter,havoc,6,2,4
Sephy,argent-dawn,192,demonhunter,havoc,6,2,4
Saphira,laughing-skull,192,demonhunter,havoc,6,2,4
Mythisa,blackrock,192,demonhunter,havoc,6,2,4
Шоксенсацияя,howling-fjord,192,demonhunter,havoc,6,2,4
Hummér,ravencrest,192,demonhunter,havoc,6,2,4
Дабллди,soulflayer,192,demonhunter,havoc,6,2,4
Wolfex,hellfire,192,demonhunter,havoc,6,2,4
Grinchdemon,nagrand,192,demonhunter,havoc,6,2,4
Gnaget,the-maelstrom,192,demonhunter,havoc,6,2,4
Omegahunterx,ravencrest,192,demonhunter,havoc,6,2,4
Zenô,antonidas,192,demonhunter,havoc,6,2,4
Lexdh,blackrock,192,demonhunter,havoc,6,2,4
Маскитол,soulflayer,192,demonhunter,havoc,6,2,4
Khrum,rajaxx,192,demonhunter,havoc,6,2,4
Лорберн,soulflayer,192,demonhunter,havoc,6,2,4
Sälexz,ysondre,192,demonhunter,havoc,6,2,4
Palaurx,kazzak,192,demonhunter,havoc,6,2,4
Malkyor,ysondre,192,demonhunter,havoc,6,2,4
Hârambe,stormscale,192,demonhunter,havoc,12,3,9
Врадость,soulflayer,192,demonhunter,havoc,8,2,6
Aloera,blackmoore,192,demonhunter,havoc,12,2,10
Sedorax,tarren-mill,192,demonhunter,havoc,12,2,10
Aytèè,eredar,192,demonhunter,havoc,12,2,10
Парагони,gordunni,192,demonhunter,havoc,12,2,10
Zynês,draenor,192,demonhunter,havoc,12,2,10
Wruzna,shattered-halls,192,demonhunter,havoc,12,2,10
Synistera,trollbane,192,demonhunter,havoc,12,2,10
Themogar,earthen-ring,192,demonhunter,havoc,12,2,10
Drâparn,sylvanas,192,demonhunter,havoc,12,2,10
Язамясо,gordunni,192,demonhunter,havoc,12,2,10
Enygamy,frostmane,192,demonhunter,havoc,12,2,10
Kengoo,ravencrest,192,demonhunter,havoc,12,2,10
Shockzzyydh,ravencrest,192,demonhunter,havoc,12,2,10
Zaydra,the-maelstrom,192,demonhunter,havoc,12,2,10
Tbomb,ragnaros,192,demonhunter,havoc,12,2,10
Sjox,dalaran,192,demonhunter,havoc,12,2,10
Tôx,dalaran,192,demonhunter,havoc,12,2,10
Dhogus,twisting-nether,192,demonhunter,havoc,12,2,10
Kandres,ragnaros,192,demonhunter,havoc,12,2,10
Rettoz,aszune,192,demonhunter,havoc,12,2,10
Qweasda,stormscale,192,demonhunter,havoc,12,2,10
Esseline,outland,192,demonhunter,havoc,12,2,10
Sajr,twisting-nether,192,demonhunter,havoc,12,2,10
Thenangel,alleria,192,demonhunter,havoc,12,2,10
Deehoh,twisting-nether,192,demonhunter,havoc,12,2,10
Zinzira,blackmoore,191,demonhunter,havoc,6,2,4
Fullmutter,twisting-nether,191,demonhunter,havoc,6,2,4
Noorrd,hyjal,191,demonhunter,havoc,12,2,10
Lilarii,argent-dawn,191,demonhunter,havoc,12,2,10
Manjirosano,blackmoore,191,demonhunter,havoc,12,2,10
Kurox,drakthul,191,demonhunter,havoc,18,2,16
Onorera,tarren-mill,160,demonhunter,havoc,10,2,8
Galafel,outland,159,demonhunter,havoc,5,2,3
Mezo,outland,144,demonhunter,havoc,3,3,0
Gucknicht,blackrock,144,demonhunter,havoc,9,2,7
Ailis,drakthul,138,demonhunter,havoc,8,3,5
Razerøø,ysondre,138,demonhunter,havoc,9,3,6
Kantklipper,ragnaros,138,demonhunter,havoc,10,3,7
Sorondos,ravencrest,138,demonhunter,havoc,12,3,9
Мегапташка,howling-fjord,128,demonhunter,havoc,4,2,2
Aradh,hyjal,128,demonhunter,havoc,4,2,2
Drstn,blackmoore,128,demonhunter,havoc,4,2,2
Indagatrix,bladefist,112,demonhunter,havoc,7,2,5
Chicorycofee,archimonde,96,demonhunter,havoc,3,2,1
Âyoôrts,archimonde,96,demonhunter,havoc,3,2,1
Antbroo,twisting-nether,96,demonhunter,havoc,3,2,1
Ripgodx,bronzebeard,96,demonhunter,havoc,6,1,5
Zarafel,hyjal,96,demonhunter,havoc,6,1,5
Gailiugas,kazzak,96,demonhunter,havoc,6,1,5
Распилил,gordunni,96,demonhunter,havoc,6,1,5
Evlos,hyjal,96,demonhunter,havoc,6,1,5
Fisseslayer,ravencrest,96,demonhunter,havoc,6,1,5
Shaelby,archimonde,96,demonhunter,havoc,6,1,5
Äzot,burning-legion,96,demonhunter,havoc,6,1,5
Youngføtmx,blackrock,96,demonhunter,havoc,6,1,5
Kuñkkïsh,twisting-nether,96,demonhunter,havoc,6,1,5
Dhgoddess,ravencrest,96,demonhunter,havoc,6,1,5
Laethas,twisting-nether,96,demonhunter,havoc,6,1,5
Blíndgódx,ravencrest,96,demonhunter,havoc,6,1,5
Zoer,kazzak,96,demonhunter,havoc,6,1,5
Satela,azjolnerub,96,demonhunter,havoc,6,1,5
Oob,ysondre,96,demonhunter,havoc,6,1,5
Rëdencounter,ravencrest,96,demonhunter,havoc,6,1,5
Grobax,uldaman,96,demonhunter,havoc,6,1,5
Bootyspread,twisting-nether,96,demonhunter,havoc,6,1,5
Shonal,defias-brotherhood,96,demonhunter,havoc,6,1,5
Stormma,kazzak,96,demonhunter,havoc,6,1,5
Cruptiq,kazzak,96,demonhunter,havoc,6,1,5
Demongorgon,arathor,96,demonhunter,havoc,6,1,5
Bchj,ysondre,96,demonhunter,havoc,6,1,5
Bröwnye,dun-modr,96,demonhunter,havoc,6,1,5
Áarón,der-mithrilorden,96,demonhunter,havoc,6,1,5
Styggve,ragnaros,96,demonhunter,havoc,6,1,5
Fertriz,arthas,96,demonhunter,havoc,6,1,5
Niqel,blackrock,96,demonhunter,havoc,6,1,5
Loreleyy,stormscale,96,demonhunter,havoc,6,1,5
Ilovesabrina,dun-modr,96,demonhunter,havoc,6,1,5
Jiínx,kazzak,96,demonhunter,havoc,6,1,5
Wiizzs,defias-brotherhood,96,demonhunter,havoc,6,1,5
Unk,outland,96,demonhunter,havoc,6,1,5
Camotheck,stormscale,96,demonhunter,havoc,6,1,5
Syldrae,hyjal,96,demonhunter,havoc,6,1,5
Kassin,dun-modr,96,demonhunter,havoc,6,1,5
Bitex,archimonde,96,demonhunter,havoc,6,1,5
Tricki,kelthuzad,96,demonhunter,havoc,6,1,5
Akron,magtheridon,96,demonhunter,havoc,6,1,5
Nvm,wrathbringer,96,demonhunter,havoc,6,1,5
Bradzdh,outland,96,demonhunter,havoc,6,1,5
Fantamazing,ragnaros,96,demonhunter,havoc,6,1,5
Kelsatas,blackrock,96,demonhunter,havoc,6,1,5
Ryuhayabusa,stormscale,96,demonhunter,havoc,6,1,5
Vg,blackhand,96,demonhunter,havoc,6,1,5
Bïquette,ysondre,96,demonhunter,havoc,6,1,5
Maikko,los-errantes,96,demonhunter,havoc,6,1,5
Louú,blackmoore,96,demonhunter,havoc,6,1,5
Zaracky,khaz-modan,96,demonhunter,havoc,6,1,5
Reikuel,nemesis,96,demonhunter,havoc,6,1,5
Stàmàzza,nemesis,96,demonhunter,havoc,6,1,5
ßaßayaga,blackhand,96,demonhunter,havoc,6,1,5
Булёхинс,howling-fjord,96,demonhunter,havoc,6,1,5
Valkyal,nemesis,96,demonhunter,havoc,6,1,5
Alaw,anachronos,96,demonhunter,havoc,6,1,5
Croüp,draenor,96,demonhunter,havoc,6,1,5
Zyfu,antonidas,96,demonhunter,havoc,6,1,5
Ghetzlel,draenor,96,demonhunter,havoc,6,1,5
Соларт,howling-fjord,96,demonhunter,havoc,6,1,5
Azazël,turalyon,96,demonhunter,havoc,6,1,5
Askari,lothar,96,demonhunter,havoc,6,1,5
Аззазэль,howling-fjord,96,demonhunter,havoc,6,1,5
Xuruleitor,uldum,96,demonhunter,havoc,6,1,5
Nætx,ravencrest,96,demonhunter,havoc,6,1,5
Pkdaemon,draenor,96,demonhunter,havoc,6,1,5
Riplocksz,outland,96,demonhunter,havoc,6,1,5
Чесденьгамии,soulflayer,96,demonhunter,havoc,6,1,5
Permachill,blackmoore,96,demonhunter,havoc,6,1,5
Ergoo,blackmoore,96,demonhunter,havoc,6,1,5
Annee,eredar,96,demonhunter,havoc,6,1,5
Ellare,burning-blade,96,demonhunter,havoc,6,1,5
Nairu,doomhammer,96,demonhunter,havoc,6,1,5
Flasqo,eredar,96,demonhunter,havoc,6,1,5
Спокоивич,soulflayer,96,demonhunter,havoc,6,1,5
Vrazjababa,dragonmaw,96,demonhunter,havoc,6,1,5
Burritodh,tarren-mill,96,demonhunter,havoc,6,1,5
Найлинель,fordragon,96,demonhunter,havoc,6,1,5
Hørnyßæ,drakthul,96,demonhunter,havoc,6,1,5
Romancutza,tarren-mill,96,demonhunter,havoc,6,1,5
Teimotevey,silvermoon,96,demonhunter,havoc,6,1,5
Mlecznygolem,silvermoon,96,demonhunter,havoc,6,1,5
Roxany,aszune,96,demonhunter,havoc,6,1,5
Esthá,argent-dawn,96,demonhunter,havoc,6,1,5
Dýlän,argent-dawn,96,demonhunter,havoc,6,1,5
Malvax,tarren-mill,96,demonhunter,havoc,6,1,5
Blulake,silvermoon,96,demonhunter,havoc,6,1,5
Kryux,blackrock,96,demonhunter,havoc,9,1,8
Sctrippi,frostwolf,96,demonhunter,havoc,12,1,11
Anänke,twisting-nether,96,demonhunter,havoc,12,1,11
Диэльва,eversong,96,demonhunter,havoc,12,1,11
Babyyéah,sunstrider,96,demonhunter,havoc,12,1,11
Ecthelionn,outland,96,demonhunter,havoc,12,1,11
Бонятяф,gordunni,96,demonhunter,havoc,12,1,11
Jásírá,shattrath,96,demonhunter,havoc,12,1,11
Vasudev,blades-edge,96,demonhunter,havoc,13,1,12
Illemnorh,auchindoun,96,demonhunter,havoc,14,1,13
Shinarei,silvermoon,95,demonhunter,havoc,6,1,5
Laylay,vashj,95,demonhunter,havoc,12,1,11
Caluxe,blackmoore,79,demonhunter,havoc,5,1,4
Гадх,gordunni,42,demonhunter,havoc,8,2,6
Impulz,archimonde,42,demonhunter,havoc,9,2,7
Neednerf,draenor,31,demonhunter,havoc,2,1,1
Sinjinzoo,blackrock,31,demonhunter,havoc,2,1,1
Frozensoules,turalyon,31,demonhunter,havoc,8,1,7
Plagues,quelthalas,30,demonhunter,havoc,14,5,9
Vengeancezin,frostwhisper,1910,demonhunter,vengeance,192,97,95
Strqt,archimonde,1509,demonhunter,vengeance,54,29,25
Jedidiah,aggra-português,1496,demonhunter,vengeance,110,49,61
Zarín,outland,1394,demonhunter,vengeance,78,41,37
Paindemon,outland,1369,demonhunter,vengeance,78,47,31
Enithy,twisting-nether,934,demonhunter,vengeance,18,10,8
Kubusz,ravencrest,889,demonhunter,vengeance,36,16,20
Сумърак,grom,739,demonhunter,vengeance,29,8,21
Dæmyst,outland,671,demonhunter,vengeance,18,7,11
Arussil,pozzo-delleternità,663,demonhunter,vengeance,24,7,17
Kekburagól,kazzak,575,demonhunter,vengeance,12,6,6
Demonlucy,colinas-pardas,287,demonhunter,vengeance,12,3,9
Геммула,howling-fjord,192,demonhunter,vengeance,6,2,4
Camtoe,ravencrest,192,demonhunter,vengeance,6,2,4
Askari,lothar,192,demonhunter,vengeance,6,2,4
Nephthyis,draenor,192,demonhunter,vengeance,6,2,4
Zarafel,hyjal,189,demonhunter,vengeance,18,2,16
Xenits,kazzak,96,demonhunter,vengeance,6,1,5
Блъя,gordunni,96,demonhunter,vengeance,6,1,5
Øß,moonglade,96,demonhunter,vengeance,6,1,5
Myztiko,hellscream,96,demonhunter,vengeance,6,1,5
Hibibi,kazzak,2257,druid,restoration,113,66,47
Pegasu,kelthuzad,2182,druid,restoration,114,66,48
Vanostboom,kazzak,2181,druid,restoration,88,50,38
Miouzy,archimonde,2156,druid,restoration,66,36,30
Vinniehacker,archimonde,2129,druid,restoration,71,42,29
Kev,elune,2122,druid,restoration,221,120,101
Dokixo,kazzak,2121,druid,restoration,65,38,27
Årt,ravencrest,2106,druid,restoration,186,100,86
Niksidruid,grim-batol,2105,druid,restoration,58,37,21
Thotz,kazzak,2105,druid,restoration,251,132,119
Håbibi,kazzak,2100,druid,restoration,65,35,30
Unohanâ,archimonde,2094,druid,restoration,120,71,49
Nesedondon,stormscale,2086,druid,restoration,72,50,22
Trèes,outland,2085,druid,restoration,264,144,120
Surfingbirdx,ragnaros,2058,druid,restoration,54,28,26
Drjmy,silvermoon,2053,druid,restoration,71,54,17
Acondris,ravencrest,2051,druid,restoration,246,123,123
Dendariottvx,sunstrider,2042,druid,restoration,73,44,29
Rives,sylvanas,2030,druid,restoration,102,60,42
Bambambimbim,draenor,2023,druid,restoration,84,44,40
Galadronìa,aegwynn,2018,druid,restoration,77,42,35
Friedbrocolí,tarren-mill,2009,druid,restoration,86,43,43
Yoogy,ravencrest,1995,druid,restoration,60,37,23
Iloveher,ravencrest,1981,druid,restoration,165,89,76
Jaytiz,ravencrest,1975,druid,restoration,65,33,32
Asgá,stormscale,1972,druid,restoration,36,26,10
Bloomitize,ravencrest,1967,druid,restoration,78,43,35
Kyomã,burning-legion,1967,druid,restoration,144,73,71
Doodlez,blackrock,1967,druid,restoration,100,47,53
Tjxaxa,ravencrest,1966,druid,restoration,78,38,40
Lunamimi,argent-dawn,1962,druid,restoration,368,190,178
Thysabtw,archimonde,1954,druid,restoration,99,58,41
Shinöbü,sanguino,1954,druid,restoration,87,49,38
Ovérheal,ravencrest,1953,druid,restoration,94,52,42
Sintiq,silvermoon,1949,druid,restoration,65,37,28
Mentallyill,ravencrest,1949,druid,restoration,204,106,98
Theatrex,ravencrest,1945,druid,restoration,165,100,65
Sheippi,stormreaver,1945,druid,restoration,54,31,23
Angrykejton,silvermoon,1940,druid,restoration,276,138,138
Maxpojke,ravencrest,1935,druid,restoration,154,96,58
Threesixnìne,dun-morogh,1928,druid,restoration,246,134,112
Hånukkah,outland,1927,druid,restoration,88,37,51
Syví,outland,1912,druid,restoration,59,29,30
Andr,voljin,1907,druid,restoration,102,49,53
Joksica,draenor,1903,druid,restoration,65,32,33
Afky,stormreaver,1901,druid,restoration,156,77,79
Chas,ravencrest,1892,druid,restoration,56,34,22
Arthéas,archimonde,1892,druid,restoration,186,96,90
Cplazi,kazzak,1890,druid,restoration,48,30,18
Asøri,antonidas,1883,druid,restoration,54,25,29
Amaré,burning-legion,1873,druid,restoration,54,28,26
Bellatrx,darksorrow,1868,druid,restoration,68,41,27
Ralaa,guldan,1865,druid,restoration,54,29,25
Skrrlock,ravencrest,1865,druid,restoration,114,54,60
Naffelle,ysondre,1862,druid,restoration,71,34,37
Druidrak,eredar,1855,druid,restoration,66,32,34
Leyô,archimonde,1852,druid,restoration,60,31,29
Traffix,outland,1852,druid,restoration,51,26,25
Alolexx,archimonde,1851,druid,restoration,45,27,18
Píshi,silvermoon,1851,druid,restoration,48,28,20
Lalalime,arthas,1851,druid,restoration,64,31,33
Skrood,kazzak,1847,druid,restoration,60,31,29
Druidello,stormscale,1845,druid,restoration,52,24,28
Panigale,dun-modr,1842,druid,restoration,61,25,36
Køngx,blackhand,1840,druid,restoration,131,68,63
Heçtôr,silvermoon,1840,druid,restoration,66,31,35
Хлайси,gordunni,1840,druid,restoration,54,25,29
Åä,ravencrest,1837,druid,restoration,32,20,12
Thebiggest,ravencrest,1836,druid,restoration,42,25,17
Hyggefinger,ravencrest,1836,druid,restoration,60,31,29
Myndrá,varimathras,1835,druid,restoration,66,34,32
Ammare,burning-legion,1834,druid,restoration,72,39,33
Matteps,outland,1833,druid,restoration,59,28,31
Nantou,stormscale,1833,druid,restoration,59,28,31
Chacopic,archimonde,1831,druid,restoration,168,88,80
Jmdr,silvermoon,1830,druid,restoration,71,31,40
Orayin,ravencrest,1829,druid,restoration,232,135,97
Amaree,burning-legion,1829,druid,restoration,78,35,43
Kìttÿ,dun-modr,1828,druid,restoration,66,41,25
Spamclone,draenor,1828,druid,restoration,57,30,27
Kanyevotèrx,ravencrest,1828,druid,restoration,54,25,29
Jìnró,ravencrest,1825,druid,restoration,135,66,69
Sprøut,drakthul,1825,druid,restoration,59,27,32
Gummysnake,aszune,1823,druid,restoration,42,25,17
Treliuz,twilights-hammer,1823,druid,restoration,346,190,156
Bulldócer,sanguino,1823,druid,restoration,48,23,25
Zydrux,outland,1822,druid,restoration,48,36,12
Yesco,malganis,1821,druid,restoration,63,27,36
Baawz,blackmoore,1820,druid,restoration,60,25,35
Aesha,los-errantes,1819,druid,restoration,54,26,28
Улдрэйн,deathguard,1818,druid,restoration,96,58,38
Metagrass,stormscale,1818,druid,restoration,129,59,70
Beesoup,blackrock,1817,druid,restoration,45,29,16
Skadooshee,kazzak,1816,druid,restoration,36,19,17
Xvmon,draenor,1815,druid,restoration,99,45,54
Shiftyshaft,tarren-mill,1814,druid,restoration,199,114,85
Nediena,twisting-nether,1812,druid,restoration,48,20,28
Troc,karazhan,1811,druid,restoration,50,25,25
Sorryblya,ravencrest,1809,druid,restoration,60,26,34
Rhonir,twisting-nether,1807,druid,restoration,71,33,38
Muraglia,pozzo-delleternità,1806,druid,restoration,30,19,11
Uñsullied,kazzak,1806,druid,restoration,57,31,26
Morkius,ravencrest,1806,druid,restoration,36,19,17
Eedaza,argent-dawn,1805,druid,restoration,134,75,59
Мафио,blackscar,1805,druid,restoration,48,25,23
Riplilpeep,grim-batol,1803,druid,restoration,54,28,26
Doodougie,silvermoon,1803,druid,restoration,76,37,39
Gaeldeth,silvermoon,1802,druid,restoration,105,63,42
Wraithshape,stormscale,1800,druid,restoration,60,32,28
Asaj,argent-dawn,1799,druid,restoration,231,127,104
Hadok,azjolnerub,1798,druid,restoration,167,76,91
Reins,silvermoon,1795,druid,restoration,106,56,50
Кенкертайм,gordunni,1794,druid,restoration,84,43,41
Tedel,kazzak,1791,druid,restoration,53,33,20
Thugzie,kazzak,1790,druid,restoration,202,95,107
Asklepion,twisting-nether,1785,druid,restoration,42,19,23
Moondra,outland,1782,druid,restoration,125,58,67
Traickovic,antonidas,1779,druid,restoration,48,24,24
Lexopewpew,ravencrest,1779,druid,restoration,47,22,25
Афклалка,gordunni,1778,druid,restoration,42,22,20
Druu,stormscale,1778,druid,restoration,60,28,32
Hólo,blackrock,1777,druid,restoration,138,69,69
Panørax,archimonde,1774,druid,restoration,41,21,20
Helløkittyßß,dun-modr,1773,druid,restoration,241,128,113
Tj,frostmane,1773,druid,restoration,52,22,30
Дикаякиара,blackscar,1766,druid,restoration,349,172,177
Ltmx,ravencrest,1764,druid,restoration,59,25,34
Bëstwôrld,archimonde,1763,druid,restoration,76,39,37
Nastycat,magtheridon,1763,druid,restoration,221,105,116
Qjkuug,twisting-nether,1762,druid,restoration,160,95,65
Loleh,ragnaros,1762,druid,restoration,89,43,46
Gøðførm,silvermoon,1758,druid,restoration,118,63,55
Promethezine,tarren-mill,1757,druid,restoration,332,167,165
Lyalis,kazzak,1757,druid,restoration,60,30,30
Wéédmâñ,ravencrest,1756,druid,restoration,45,30,15
Slayced,blackrock,1756,druid,restoration,71,34,37
Maedic,outland,1753,druid,restoration,125,60,65
Skillfall,ravencrest,1753,druid,restoration,66,30,36
Evílz,kazzak,1752,druid,restoration,42,24,18
Hizzy,burning-legion,1751,druid,restoration,243,119,124
Lamatoes,ravencrest,1750,druid,restoration,59,24,35
Mòzat,stormscale,1749,druid,restoration,54,28,26
Solowlevel,ravencrest,1748,druid,restoration,60,24,36
Zonsy,twisting-nether,1747,druid,restoration,48,27,21
Weezíng,ysondre,1747,druid,restoration,73,40,33
Georn,sylvanas,1747,druid,restoration,56,27,29
Clone,aegwynn,1746,druid,restoration,156,81,75
Olaphy,elune,1745,druid,restoration,315,161,154
Джелони,soulflayer,1745,druid,restoration,47,23,24
Badashellm,ravencrest,1744,druid,restoration,66,37,29
Fantastix,silvermoon,1738,druid,restoration,66,35,31
Drøødis,archimonde,1730,druid,restoration,54,31,23
Велаине,gordunni,1727,druid,restoration,306,169,137
Lúh,kazzak,1724,druid,restoration,24,19,5
Крашдру,gordunni,1724,druid,restoration,64,38,26
Филавтия,gordunni,1724,druid,restoration,60,32,28
Naraia,aegwynn,1724,druid,restoration,143,74,69
Migami,nemesis,1724,druid,restoration,83,35,48
Notsikaan,blackhand,1723,druid,restoration,71,27,44
Jamuhlee,kult-der-verdammten,1719,druid,restoration,55,23,32
Eyvimel,ravencrest,1717,druid,restoration,521,277,244
Druidella,stormscale,1716,druid,restoration,30,18,12
Ûnsullied,kazzak,1716,druid,restoration,54,25,29
Muraebbasta,pozzo-delleternità,1709,druid,restoration,42,18,24
Shiftypenny,ragnaros,1708,druid,restoration,36,18,18
Luhmanish,thunderhorn,1707,druid,restoration,143,74,69
Pll,defias-brotherhood,1706,druid,restoration,39,22,17
Wraithmoon,stormscale,1705,druid,restoration,36,18,18
Kryptonîte,twisting-nether,1704,druid,restoration,46,24,22
Lifelover,outland,1704,druid,restoration,54,25,29
Чекхмеаскохз,gordunni,1703,druid,restoration,60,36,24
Kittyperry,tarren-mill,1703,druid,restoration,68,34,34
Shiftycents,ravencrest,1702,druid,restoration,42,23,19
Nevax,blackrock,1700,druid,restoration,36,18,18
Ninadobrev,ragnaros,1697,druid,restoration,57,26,31
Treeførm,ravencrest,1694,druid,restoration,36,25,11
Josedudu,twisting-nether,1692,druid,restoration,75,37,38
Happypeanut,blackmoore,1691,druid,restoration,36,19,17
Nozome,draenor,1691,druid,restoration,63,33,30
Yö,deathwing,1687,druid,restoration,24,18,6
Naruhot,archimonde,1685,druid,restoration,55,29,26
Erika,vashj,1684,druid,restoration,72,38,34
Kokanine,ravencrest,1681,druid,restoration,45,23,22
Néøu,archimonde,1681,druid,restoration,48,23,25
Synapes,outland,1680,druid,restoration,60,28,32
Traick,antonidas,1679,druid,restoration,41,18,23
Akumei,ravencrest,1676,druid,restoration,47,24,23
Øhshift,drakthul,1674,druid,restoration,65,33,32
Bjoernbrudn,ravencrest,1674,druid,restoration,48,24,24
Fryén,archimonde,1671,druid,restoration,75,33,42
Skailzdruid,hyjal,1669,druid,restoration,200,124,76
Tooclosex,outland,1667,druid,restoration,107,60,47
Ihatemétoo,stormscale,1664,druid,restoration,49,29,20
Lunglung,blutkessel,1664,druid,restoration,114,60,54
Elayria,blackmoore,1663,druid,restoration,36,19,17
Fatøumatä,archimonde,1663,druid,restoration,78,39,39
Praetorian,sylvanas,1663,druid,restoration,339,166,173
Wernøs,archimonde,1661,druid,restoration,51,26,25
Rozi,draenor,1660,druid,restoration,48,27,21
Vijaja,aegwynn,1658,druid,restoration,52,30,22
Demerit,aegwynn,1657,druid,restoration,32,18,14
Sélia,sylvanas,1657,druid,restoration,116,57,59
Bâneth,destromath,1656,druid,restoration,60,33,27
Funnyjoker,outland,1656,druid,restoration,160,79,81
Catgirlx,ravencrest,1652,druid,restoration,42,26,16
Diolives,stormscale,1651,druid,restoration,327,171,156
Shufflebot,sylvanas,1650,druid,restoration,36,22,14
Stiffýz,archimonde,1648,druid,restoration,42,21,21
Flåppers,stormscale,1645,druid,restoration,48,20,28
Drèamer,ravencrest,1642,druid,restoration,48,21,27
Bjútiful,silvermoon,1641,druid,restoration,47,27,20
Pogoth,turalyon,1641,druid,restoration,72,38,34
Mònsterz,archimonde,1637,druid,restoration,207,111,96
Ooktharg,turalyon,1637,druid,restoration,48,25,23
Абраг,soulflayer,1637,druid,restoration,72,36,36
Builtdiffy,kazzak,1636,druid,restoration,261,133,128
Trèes,draenor,1636,druid,restoration,46,22,24
Zudwa,twisting-nether,1635,druid,restoration,44,27,17
Adjaara,ravencrest,1635,druid,restoration,115,68,47
Pardus,ambossar,1635,druid,restoration,50,27,23
Nasduck,ravencrest,1635,druid,restoration,208,107,101
Kroghelf,tarren-mill,1634,druid,restoration,42,21,21
Bellhooks,blackrock,1633,druid,restoration,30,18,12
Rawri,blackmoore,1633,druid,restoration,48,26,22
Mafiasnipe,ravencrest,1630,druid,restoration,24,17,7
Cæsífer,area-52,1630,druid,restoration,71,37,34
Plsbuffdruid,ravencrest,1630,druid,restoration,40,19,21
Crownydrood,hyjal,1628,druid,restoration,42,25,17
Asga,stormscale,1628,druid,restoration,30,17,13
Estariol,auchindoun,1628,druid,restoration,36,17,19
Quabo,doomhammer,1627,druid,restoration,42,26,16
Чухх,howling-fjord,1627,druid,restoration,103,53,50
Peterpain,grim-batol,1626,druid,restoration,30,17,13
Andromedda,twisting-nether,1626,druid,restoration,198,105,93
Делоникс,soulflayer,1626,druid,restoration,48,21,27
Ёу,soulflayer,1624,druid,restoration,161,85,76
Tropjeune,dalaran,1623,druid,restoration,36,17,19
Demdeepconvx,twisting-nether,1623,druid,restoration,60,22,38
Hotsnthots,elune,1622,druid,restoration,48,24,24
Chaboom,hyjal,1622,druid,restoration,60,25,35
Опапенелопа,blackscar,1620,druid,restoration,45,30,15
Брэвно,gordunni,1620,druid,restoration,319,171,148
Миледистайпи,gordunni,1619,druid,restoration,32,18,14
Çãm,magtheridon,1618,druid,restoration,66,40,26
Frances,auchindoun,1618,druid,restoration,63,36,27
Elu,eredar,1617,druid,restoration,48,28,20
Cheçhy,aegwynn,1617,druid,restoration,81,44,37
Haszard,outland,1617,druid,restoration,134,68,66
Nancey,auchindoun,1617,druid,restoration,149,75,74
Друлихаз,gordunni,1617,druid,restoration,54,20,34
Muminoses,burning-legion,1616,druid,restoration,48,24,24
Wømbat,ravencrest,1616,druid,restoration,36,17,19
Goldrax,outland,1615,druid,restoration,24,17,7
Bigdaddyshay,twisting-nether,1615,druid,restoration,42,24,18
Ына,gordunni,1615,druid,restoration,138,76,62
Tåylor,laughing-skull,1615,druid,restoration,41,21,20
Sangré,suramar,1615,druid,restoration,108,52,56
Драменбейз,gordunni,1615,druid,restoration,42,20,22
Dûdûrînâ,blackrock,1614,druid,restoration,66,42,24
Nímbs,tarren-mill,1612,druid,restoration,35,20,15
Hellcow,blackmoore,1612,druid,restoration,45,24,21
Zhosy,shattrath,1612,druid,restoration,61,22,39
Zevana,tarren-mill,1611,druid,restoration,30,18,12
Skipperd,blackmoore,1610,druid,restoration,42,17,25
Kaamirach,blackmoore,1609,druid,restoration,157,97,60
Xalio,ravencrest,1609,druid,restoration,161,90,71
Xoriauz,archimonde,1609,druid,restoration,78,37,41
Slaugh,zuljin,1608,druid,restoration,48,20,28
Monatamis,kazzak,1607,druid,restoration,36,21,15
Kheazar,blackmoore,1606,druid,restoration,115,69,46
Bigmeandruid,twisting-nether,1606,druid,restoration,30,17,13
Tarshish,outland,1605,druid,restoration,24,18,6
Eeivi,argent-dawn,1604,druid,restoration,285,154,131
Bîrke,blackrock,1604,druid,restoration,36,17,19
Diriculous,kazzak,1603,druid,restoration,60,20,40
Davorian,frostmane,1602,druid,restoration,81,43,38
Soguu,thrall,1601,druid,restoration,30,17,13
Watchmebear,stormscale,1601,druid,restoration,42,23,19
Ðès,ravencrest,1601,druid,restoration,60,25,35
Ðarckness,kazzak,1600,druid,restoration,24,17,7
Swifte,argent-dawn,1600,druid,restoration,48,27,21
Tamburoo,tarren-mill,1600,druid,restoration,225,110,115
Akmón,tarren-mill,1600,druid,restoration,58,20,38
Dïsä,ravencrest,1599,druid,restoration,30,17,13
Trollisha,mannoroth,1598,druid,restoration,941,460,481
Ittei,korgall,1596,druid,restoration,120,63,57
Jackyblue,silvermoon,1596,druid,restoration,42,18,24
Рамзес,gordunni,1595,druid,restoration,54,31,23
Mortalnight,sinstralis,1595,druid,restoration,460,229,231
Ванечка,razuvious,1595,druid,restoration,42,17,25
Kll,defias-brotherhood,1593,druid,restoration,42,21,21
Moonbee,burning-blade,1592,druid,restoration,179,90,89
Rhapsodý,twisting-nether,1591,druid,restoration,36,19,17
Folzenqt,archimonde,1590,druid,restoration,68,27,41
Bêvêrly,ravencrest,1586,druid,restoration,70,37,33
Playaxo,eitrigg,1579,druid,restoration,36,22,14
Naridruidx,eredar,1578,druid,restoration,42,26,16
Pawful,malganis,1578,druid,restoration,296,157,139
Scorlok,eredar,1575,druid,restoration,98,57,41
Shiftway,stormscale,1573,druid,restoration,42,23,19
Dwaokut,ravencrest,1573,druid,restoration,68,37,31
Twerkdabooty,azjolnerub,1573,druid,restoration,36,18,18
Pega,archimonde,1572,druid,restoration,84,39,45
Apokalypse,stormreaver,1569,druid,restoration,48,24,24
Heavysmoker,emeriss,1568,druid,restoration,186,86,100
Uknowwhaddup,silvermoon,1567,druid,restoration,66,25,41
Setztes,tarren-mill,1560,druid,restoration,281,147,134
Jnzymiau,blackrock,1559,druid,restoration,96,56,40
Kundz,dalaran,1558,druid,restoration,160,88,72
Zaelitwo,archimonde,1557,druid,restoration,30,21,9
Naturez,sylvanas,1557,druid,restoration,32,20,12
Kasugia,aegwynn,1556,druid,restoration,48,20,28
Miyá,sylvanas,1554,druid,restoration,54,26,28
Crïn,ravencrest,1553,druid,restoration,36,17,19
Druncha,sunstrider,1553,druid,restoration,189,74,115
Tunling,ravencrest,1549,druid,restoration,66,44,22
Arogane,outland,1548,druid,restoration,96,51,45
Bearform,blackhand,1548,druid,restoration,48,23,25
Legyna,ravencrest,1547,druid,restoration,65,40,25
Khunahype,thrall,1546,druid,restoration,88,48,40
Deluron,malganis,1545,druid,restoration,119,63,56
Probablyahoe,ravencrest,1544,druid,restoration,36,17,19
Lyvuni,blackmoore,1543,druid,restoration,66,40,26
Bammedrudu,archimonde,1541,druid,restoration,42,25,17
Ssonty,drakthul,1541,druid,restoration,54,23,31
Phelessa,silvermoon,1539,druid,restoration,54,23,31
Нубстримсс,gordunni,1538,druid,restoration,82,38,44
Артекриодру,howling-fjord,1536,druid,restoration,42,21,21
Tôrmêñtêd,outland,1535,druid,restoration,105,65,40
Уэсериктх,blackscar,1535,druid,restoration,51,28,23
Roshaga,blackrock,1535,druid,restoration,51,25,26
Buffbloom,auchindoun,1534,druid,restoration,141,72,69
Директорх,blackscar,1534,druid,restoration,47,22,25
Zuzam,bladefist,1531,druid,restoration,80,42,38
Eviscreator,stormscale,1529,druid,restoration,45,27,18
Kætachy,archimonde,1529,druid,restoration,42,16,26
Hasselhoof,eredar,1526,druid,restoration,63,26,37
Høtbøt,ysera,1523,druid,restoration,33,19,14
Melonmanx,outland,1523,druid,restoration,30,17,13
Floka,archimonde,1523,druid,restoration,60,32,28
Felisin,ravencrest,1523,druid,restoration,41,21,20
Mw,dun-modr,1520,druid,restoration,71,33,38
Oøom,stormscale,1518,druid,restoration,60,23,37
Hatecrew,twisting-nether,1517,druid,restoration,59,33,26
Milkmepls,balnazzar,1514,druid,restoration,30,19,11
Bakicadr,sylvanas,1513,druid,restoration,33,19,14
Utopiah,ravencrest,1513,druid,restoration,80,45,35
Eaglefox,aszune,1513,druid,restoration,83,41,42
Latêralus,silvermoon,1513,druid,restoration,67,26,41
Сладуляя,gordunni,1512,druid,restoration,53,23,30
Tînkerbèll,blackmoore,1511,druid,restoration,41,22,19
Kiggstar,blackmoore,1511,druid,restoration,41,21,20
Azchuk,blackmoore,1509,druid,restoration,53,22,31
Jìnro,stormscale,1508,druid,restoration,24,16,8
Друрашка,soulflayer,1508,druid,restoration,81,43,38
Jcpenney,xavius,1508,druid,restoration,223,109,114
Pavelot,runetotem,1508,druid,restoration,46,22,24
Bloomies,tarren-mill,1507,druid,restoration,100,59,41
Styleexd,ragnaros,1507,druid,restoration,87,50,37
Homek,eredar,1507,druid,restoration,186,96,90
Yseraheal,drakthul,1507,druid,restoration,42,17,25
Ystalgia,sylvanas,1507,druid,restoration,42,16,26
Ravenfang,dun-modr,1506,druid,restoration,108,67,41
Cyclonebroo,blackmoore,1504,druid,restoration,34,20,14
Lÿter,dun-modr,1502,druid,restoration,60,27,33
Greenlips,ravencrest,1502,druid,restoration,60,23,37
Zaerox,ambossar,1501,druid,restoration,90,45,45
Kittý,terokkar,1500,druid,restoration,162,82,80
Georn,bladefist,1499,druid,restoration,41,26,15
Seherbaz,ravencrest,1498,druid,restoration,48,24,24
Stratocaster,blackmoore,1498,druid,restoration,54,26,28
Elwenyss,outland,1498,druid,restoration,65,30,35
Блицклик,gordunni,1498,druid,restoration,82,36,46
Cptfalcony,outland,1497,druid,restoration,78,43,35
Нагетсмяу,howling-fjord,1496,druid,restoration,24,16,8
Bearliheals,draenor,1496,druid,restoration,86,53,33
Swisz,bronzebeard,1496,druid,restoration,84,42,42
Trayndaras,drakthul,1495,druid,restoration,35,23,12
Kicki,outland,1494,druid,restoration,66,34,32
Аренатренер,gordunni,1494,druid,restoration,130,60,70
Маккаланн,soulflayer,1493,druid,restoration,48,30,18
Reinulfen,blackmoore,1493,druid,restoration,190,99,91
Moonfetamine,silvermoon,1493,druid,restoration,93,47,46
Kaher,ravencrest,1492,druid,restoration,72,37,35
Ráw,dun-modr,1491,druid,restoration,114,55,59
Rougetreize,khaz-modan,1490,druid,restoration,30,16,14
Jtepdru,ravencrest,1490,druid,restoration,132,67,65
Atôtheex,kazzak,1488,druid,restoration,43,21,22
Mnine,twisting-nether,1485,druid,restoration,42,23,19
Möllemäck,sylvanas,1484,druid,restoration,42,27,15
Kyjaa,eredar,1484,druid,restoration,60,25,35
Квирит,razuvious,1484,druid,restoration,72,23,49
Feelstreeman,twisting-nether,1482,druid,restoration,95,50,45
Фапдрим,howling-fjord,1480,druid,restoration,246,123,123
Noosh,thrall,1480,druid,restoration,42,20,22
Dârkacêû,blackmoore,1480,druid,restoration,68,31,37
Xoat,marécage-de-zangar,1479,druid,restoration,36,23,13
Фатуомуэрте,razuvious,1479,druid,restoration,54,19,35
Атмос,deathguard,1478,druid,restoration,198,109,89
Phala,outland,1478,druid,restoration,48,20,28
Supremecat,kazzak,1477,druid,restoration,66,38,28
Pureballs,twisting-nether,1477,druid,restoration,165,93,72
Nyxxz,shattered-hand,1477,druid,restoration,36,19,17
Xôárqt,aegwynn,1477,druid,restoration,72,33,39
Bigorkey,blackrock,1477,druid,restoration,104,47,57
Maqer,argent-dawn,1476,druid,restoration,56,31,25
Røxhot,archimonde,1475,druid,restoration,138,81,57
Néllä,archimonde,1474,druid,restoration,54,31,23
Gvairon,silvermoon,1474,druid,restoration,36,17,19
Asanaria,ravencrest,1474,druid,restoration,95,43,52
Lukass,drakthul,1473,druid,restoration,208,108,100
Nasgra,malganis,1473,druid,restoration,41,17,24
Malbo,archimonde,1472,druid,restoration,48,21,27
Bägira,sylvanas,1471,druid,restoration,285,152,133
Halyconwings,outland,1470,druid,restoration,57,29,28
Taurvid,outland,1470,druid,restoration,35,16,19
Islandbôy,blackrock,1470,druid,restoration,42,16,26
Neluun,die-aldor,1468,druid,restoration,42,24,18
Hashtagone,ysondre,1468,druid,restoration,47,23,24
Trúdl,das-konsortium,1466,druid,restoration,24,18,6
Thanom,auchindoun,1466,druid,restoration,282,145,137
Leafceld,aggra-português,1466,druid,restoration,84,42,42
Tehira,antonidas,1466,druid,restoration,70,27,43
Sandirion,silvermoon,1464,druid,restoration,565,282,283
Feyzoude,ysondre,1461,druid,restoration,40,24,16
Drbse,silvermoon,1461,druid,restoration,56,28,28
Delviri,stormreaver,1460,druid,restoration,116,59,57
Làhen,ravencrest,1460,druid,restoration,285,141,144
Hideme,tarren-mill,1459,druid,restoration,107,53,54
Cliftshifter,outland,1458,druid,restoration,36,25,11
Маминапуська,soulflayer,1458,druid,restoration,57,32,25
Spliçe,draenor,1458,druid,restoration,42,21,21
Buckié,twisting-nether,1458,druid,restoration,42,21,21
Arlandia,drakthul,1458,druid,restoration,42,17,25
Cesn,vashj,1456,druid,restoration,88,38,50
Dartdogg,sanguino,1456,druid,restoration,71,26,45
Ööh,outland,1453,druid,restoration,48,25,23
Warami,eredar,1453,druid,restoration,54,24,30
Euskal,chogall,1451,druid,restoration,42,18,24
Deltalol,blackmoore,1450,druid,restoration,48,25,23
Akasuky,thrall,1448,druid,restoration,50,29,21
Dafapa,twilights-hammer,1447,druid,restoration,42,21,21
Vashiko,tarren-mill,1446,druid,restoration,83,41,42
Budspencebär,draenor,1444,druid,restoration,40,22,18
Yellow,sylvanas,1443,druid,restoration,39,16,23
Buckxxz,nazjatar,1441,druid,restoration,93,53,40
Xyruden,kazzak,1441,druid,restoration,171,69,102
Edal,chogall,1439,druid,restoration,75,36,39
Цукерище,gordunni,1438,druid,restoration,64,36,28
Peerpope,draenor,1438,druid,restoration,268,144,124
Eldi,uldum,1438,druid,restoration,30,15,15
Nezpa,ravencrest,1436,druid,restoration,30,21,9
Síggíe,eredar,1436,druid,restoration,30,17,13
Lhûne,twisting-nether,1436,druid,restoration,30,15,15
Brorsnor,ravencrest,1436,druid,restoration,91,40,51
Shredzz,ravencrest,1436,druid,restoration,36,15,21
Блумха,howling-fjord,1435,druid,restoration,66,34,32
Solàryx,hyjal,1434,druid,restoration,72,38,34
Starryraven,argent-dawn,1433,druid,restoration,199,105,94
Scra,anubarak,1433,druid,restoration,107,55,52
Karenvolf,outland,1433,druid,restoration,30,15,15
Grololotte,dalaran,1432,druid,restoration,254,136,118
Kukisanban,stormscale,1432,druid,restoration,314,168,146
Obamos,stormscale,1431,druid,restoration,24,17,7
Pumplt,thrall,1429,druid,restoration,54,31,23
Òniz,hyjal,1428,druid,restoration,46,30,16
Maethar,stormrage,1428,druid,restoration,111,67,44
Lindorel,khaz-modan,1428,druid,restoration,30,15,15
Ксенона,gordunni,1428,druid,restoration,30,15,15
Analmonstret,shattered-hand,1427,druid,restoration,35,17,18
Вексиус,gordunni,1425,druid,restoration,54,26,28
Weisslogia,aegwynn,1424,druid,restoration,30,15,15
Febricyla,blackmoore,1424,druid,restoration,48,23,25
Ecological,outland,1423,druid,restoration,30,15,15
Wenciorek,kazzak,1423,druid,restoration,135,67,68
Lemicus,twisting-nether,1422,druid,restoration,36,15,21
Lycann,burning-blade,1420,druid,restoration,42,25,17
Glückstaler,die-aldor,1420,druid,restoration,60,25,35
Tokifong,kazzak,1419,druid,restoration,36,15,21
Друлёнышь,eversong,1418,druid,restoration,194,100,94
Jugaia,frostmourne,1417,druid,restoration,53,26,27
Катяблум,gordunni,1417,druid,restoration,90,40,50
Panpanqcul,archimonde,1416,druid,restoration,77,48,29
Althei,argent-dawn,1416,druid,restoration,104,56,48
Yunalaa,blackmoore,1415,druid,restoration,44,25,19
Devióus,twilights-hammer,1415,druid,restoration,394,198,196
Drineh,ravencrest,1415,druid,restoration,42,19,23
Fabsl,archimonde,1415,druid,restoration,51,22,29
Epicskin,kazzak,1415,druid,restoration,36,15,21
Ráay,blackrock,1414,druid,restoration,66,34,32
Друидсимба,howling-fjord,1413,druid,restoration,170,92,78
Кингкиса,gordunni,1412,druid,restoration,36,15,21
Kajiun,silvermoon,1411,druid,restoration,48,28,20
Zuuhhl,ravencrest,1411,druid,restoration,30,15,15
Antheiaa,frostmane,1411,druid,restoration,72,32,40
Juggmusicxd,hyjal,1411,druid,restoration,56,22,34
Mortagua,kazzak,1410,druid,restoration,36,15,21
Ilyethea,earthen-ring,1408,druid,restoration,447,237,210
Plàntz,tarren-mill,1406,druid,restoration,79,39,40
Drukae,stormscale,1406,druid,restoration,54,23,31
Лэвиш,blackscar,1405,druid,restoration,42,23,19
Wooshy,kazzak,1403,druid,restoration,52,25,27
Rytmusdudu,ragnaros,1403,druid,restoration,42,19,23
Filyina,blackrock,1403,druid,restoration,123,55,68
Jmaz,outland,1402,druid,restoration,24,17,7
Béccàbtw,draenor,1402,druid,restoration,30,16,14
Suprot,aggramar,1402,druid,restoration,106,52,54
Hellofresh,silvermoon,1399,druid,restoration,54,21,33
Qri,ahnqiraj,1398,druid,restoration,36,22,14
Blomberg,burning-legion,1397,druid,restoration,50,30,20
Biomat,norgannon,1397,druid,restoration,51,26,25
Feinberg,stormscale,1397,druid,restoration,101,44,57
Phebzdrood,archimonde,1396,druid,restoration,45,27,18
Mindru,sylvanas,1396,druid,restoration,51,24,27
Wagoneis,grim-batol,1395,druid,restoration,58,28,30
Senoka,shattrath,1394,druid,restoration,287,149,138
Papjin,blackhand,1392,druid,restoration,36,23,13
Bigßoi,stormscale,1392,druid,restoration,140,73,67
Shufflê,blackmoore,1392,druid,restoration,125,57,68
Champaa,aggra-português,1392,druid,restoration,46,16,30
Zyndril,silvermoon,1390,druid,restoration,38,17,21
Jikuni,ravencrest,1386,druid,restoration,42,20,22
Brosephiné,stormscale,1385,druid,restoration,42,20,22
Avimoo,tarren-mill,1384,druid,restoration,47,26,21
Clovér,outland,1384,druid,restoration,77,35,42
Lestty,the-maelstrom,1383,druid,restoration,58,32,26
Rawillinen,kazzak,1383,druid,restoration,42,20,22
Pyctograhm,eldrethalas,1381,druid,restoration,36,15,21
Gandraste,neptulon,1379,druid,restoration,24,19,5
Азя,blackscar,1379,druid,restoration,54,22,32
Zfaf,hyjal,1378,druid,restoration,42,24,18
Kramit,ravencrest,1376,druid,restoration,48,25,23
Shadowmeld,stormreaver,1376,druid,restoration,38,18,20
Blacksage,dragonmaw,1376,druid,restoration,107,50,57
Cylantus,eredar,1375,druid,restoration,42,28,14
Fth,dethecus,1375,druid,restoration,24,16,8
Spacedout,taerar,1375,druid,restoration,61,33,28
Kormakurr,silvermoon,1374,druid,restoration,51,28,23
Kooglaash,kazzak,1372,druid,restoration,103,49,54
Ивантяй,gordunni,1371,druid,restoration,197,97,100
Steuerung,twisting-nether,1371,druid,restoration,60,21,39
Badbloom,ravencrest,1370,druid,restoration,46,22,24
Erebear,ravencrest,1369,druid,restoration,59,34,25
Saintbiose,dalaran,1368,druid,restoration,24,17,7
Salagkoydi,sylvanas,1368,druid,restoration,30,19,11
Sgtdrood,archimonde,1367,druid,restoration,36,17,19
Мекс,gordunni,1366,druid,restoration,23,15,8
Будклим,blackscar,1366,druid,restoration,24,15,9
Balanc,ragnaros,1366,druid,restoration,42,22,20
Fondü,outland,1366,druid,restoration,48,24,24
Uuni,sylvanas,1366,druid,restoration,48,19,29
Hotsexpress,aegwynn,1360,druid,restoration,42,16,26
Badbeliø,hyjal,1360,druid,restoration,82,31,51
Morfer,grim-batol,1359,druid,restoration,157,84,73
Cörelly,ravencrest,1358,druid,restoration,187,108,79
Bronox,ragnaros,1358,druid,restoration,71,34,37
Zwierzyniec,jaedenar,1357,druid,restoration,60,27,33
Xontpos,stormscale,1356,druid,restoration,24,15,9
Stonesight,argent-dawn,1356,druid,restoration,69,33,36
Dortalon,outland,1352,druid,restoration,83,37,46
Sertris,kazzak,1352,druid,restoration,58,23,35
Nayokô,grim-batol,1351,druid,restoration,72,36,36
Царапкатян,gordunni,1351,druid,restoration,212,101,111
Theeix,silvermoon,1351,druid,restoration,102,48,54
Ipossible,kazzak,1347,druid,restoration,48,16,32
Hotsandpot,outland,1346,druid,restoration,36,15,21
Idect,silvermoon,1345,druid,restoration,154,81,73
Duharbrahud,outland,1345,druid,restoration,54,22,32
Feralgodx,quelthalas,1344,druid,restoration,27,16,11
Zaeli,archimonde,1344,druid,restoration,24,14,10
Soný,aegwynn,1344,druid,restoration,36,19,17
Pzqlol,outland,1343,druid,restoration,18,14,4
Lindémann,blackhand,1343,druid,restoration,36,19,17
Lyricx,kazzak,1343,druid,restoration,30,14,16
Acxaryl,ravencrest,1343,druid,restoration,30,14,16
Stevedru,ravencrest,1342,druid,restoration,24,14,10
Brømberry,blackrock,1342,druid,restoration,155,75,80
Antimend,draenor,1341,druid,restoration,24,14,10
Рефикс,gordunni,1340,druid,restoration,109,68,41
Rabacki,blackmoore,1339,druid,restoration,102,48,54
Bibeed,blackmoore,1339,druid,restoration,36,14,22
Woohoo,ravencrest,1338,druid,restoration,24,14,10
Barkingdog,tarren-mill,1337,druid,restoration,39,19,20
Clonesy,outland,1337,druid,restoration,30,14,16
Lathariuss,frostwhisper,1336,druid,restoration,42,21,21
Bloompuf,draenor,1335,druid,restoration,142,61,81
Malacella,marécage-de-zangar,1335,druid,restoration,36,14,22
Shifthappénz,draenor,1334,druid,restoration,60,28,32
Likh,das-konsortium,1332,druid,restoration,24,14,10
Yenwe,kazzak,1332,druid,restoration,185,96,89
Вакидзами,gordunni,1331,druid,restoration,48,28,20
Emodruid,sunstrider,1330,druid,restoration,24,14,10
Ekaterina,dun-morogh,1330,druid,restoration,75,42,33
Elysea,antonidas,1330,druid,restoration,84,41,43
Roshava,stormscale,1329,druid,restoration,46,27,19
Scaleo,stormreaver,1328,druid,restoration,90,50,40
Kattbjörnen,ragnaros,1328,druid,restoration,224,119,105
Nelffie,kazzak,1327,druid,restoration,176,93,83
Autoritär,gilneas,1326,druid,restoration,106,58,48
Hidras,tarren-mill,1326,druid,restoration,48,21,27
Minipilsen,outland,1325,druid,restoration,36,16,20
Knzm,dun-modr,1323,druid,restoration,120,62,58
Teengirl,blackmoore,1323,druid,restoration,30,14,16
Microw,ghostlands,1321,druid,restoration,111,59,52
Dridoxx,archimonde,1321,druid,restoration,42,19,23
Wwvwwvwwvwvw,burning-legion,1321,druid,restoration,87,32,55
Leliaen,sylvanas,1320,druid,restoration,81,44,37
Exïlla,archimonde,1320,druid,restoration,30,15,15
Koemarkt,sunstrider,1319,druid,restoration,46,29,17
Endoplazmik,silvermoon,1319,druid,restoration,61,36,25
Versatil,uldum,1318,druid,restoration,49,19,30
Sariel,saurfang,1317,druid,restoration,201,100,101
Крайсонг,soulflayer,1316,druid,restoration,42,21,21
Aolynk,twisting-nether,1316,druid,restoration,41,17,24
Cevto,drakthul,1316,druid,restoration,38,15,23
Groundpovx,blackmoore,1315,druid,restoration,30,14,16
Snuffurious,ragnaros,1314,druid,restoration,24,14,10
Leakybuttxx,kilrogg,1312,druid,restoration,28,15,13
Forzendl,twisting-nether,1310,druid,restoration,42,22,20
Mangy,xavius,1309,druid,restoration,78,39,39
Иггдрассиль,blackscar,1309,druid,restoration,30,15,15
Инкуль,gordunni,1309,druid,restoration,30,15,15
Nuwell,arathor,1309,druid,restoration,132,62,70
Maghh,ravencrest,1307,druid,restoration,34,19,15
Closér,stormscale,1307,druid,restoration,54,27,27
Yaaji,archimonde,1307,druid,restoration,42,18,24
Disclaimed,twisting-nether,1307,druid,restoration,36,15,21
Cultivatedz,twisting-nether,1306,druid,restoration,54,24,30
Ensanglante,twisting-nether,1305,druid,restoration,36,19,17
Basilethe,hyjal,1304,druid,restoration,30,17,13
Feyzboom,ysondre,1304,druid,restoration,47,23,24
Азазиона,gordunni,1304,druid,restoration,48,20,28
Тырубльдуде,gordunni,1302,druid,restoration,51,26,25
Cuxorb,rexxar,1302,druid,restoration,54,26,28
Madshad,draenor,1302,druid,restoration,54,23,31
Boomayé,archimonde,1301,druid,restoration,56,34,22
Tigroufou,kaelthas,1298,druid,restoration,24,15,9
Irondruid,silvermoon,1298,druid,restoration,157,85,72
Hanibalector,silvermoon,1298,druid,restoration,45,24,21
Vioboomie,blackrock,1298,druid,restoration,33,17,16
Afret,kazzak,1297,druid,restoration,46,21,25
Ekologiskxx,outland,1296,druid,restoration,85,40,45
Cernacc,silvermoon,1295,druid,restoration,23,14,9
Djvapelordx,stormscale,1295,druid,restoration,48,20,28
Wannabanhere,outland,1295,druid,restoration,41,16,25
Atsumåsterx,archimonde,1294,druid,restoration,46,19,27
Тчаёк,gordunni,1291,druid,restoration,33,19,14
Shelby,tirion,1291,druid,restoration,105,54,51
Phatbushy,silvermoon,1291,druid,restoration,35,16,19
Karodoom,twisting-nether,1290,druid,restoration,42,26,16
Corroboree,archimonde,1290,druid,restoration,42,23,19
Reiss,tarren-mill,1290,druid,restoration,63,30,33
Flum,darksorrow,1289,druid,restoration,149,77,72
Mv,gorgonnash,1288,druid,restoration,58,31,27
Varriant,kazzak,1288,druid,restoration,91,42,49
Khalec,silvermoon,1287,druid,restoration,40,24,16
Bennydruid,kazzak,1286,druid,restoration,112,46,66
Хуссипусси,galakrond,1285,druid,restoration,29,14,15
Parkydru,draenor,1284,druid,restoration,24,15,9
Kattig,grim-batol,1284,druid,restoration,44,21,23
Seikoo,defias-brotherhood,1284,druid,restoration,91,41,50
Yeats,blackmoore,1283,druid,restoration,48,20,28
Guccicken,garona,1282,druid,restoration,193,99,94
Bekkjin,todeswache,1282,druid,restoration,42,20,22
Paawz,stormscale,1281,druid,restoration,65,33,32
Glaskål,draenor,1281,druid,restoration,101,42,59
Manuka,argent-dawn,1280,druid,restoration,94,50,44
Дилайт,blackscar,1279,druid,restoration,42,19,23
Кнесис,howling-fjord,1278,druid,restoration,55,31,24
Diastra,silvermoon,1278,druid,restoration,255,128,127
Cubalitis,tarren-mill,1276,druid,restoration,39,24,15
Zaratras,arathor,1276,druid,restoration,79,39,40
Nøbødy,silvermoon,1276,druid,restoration,29,14,15
Rrayed,kazzak,1274,druid,restoration,94,47,47
Tanariel,ravencrest,1273,druid,restoration,48,24,24
Урька,blackscar,1273,druid,restoration,71,32,39
Sarkophag,blackrock,1272,druid,restoration,41,25,16
Trõn,draenor,1272,druid,restoration,164,95,69
Thornat,chamber-of-aspects,1270,druid,restoration,59,32,27
Arulol,aegwynn,1270,druid,restoration,54,25,29
Mchots,ragnaros,1267,druid,restoration,95,42,53
Walexx,kazzak,1266,druid,restoration,44,25,19
Delmond,sylvanas,1266,druid,restoration,185,93,92
Blazor,eredar,1266,druid,restoration,64,32,32
Nalreaa,kazzak,1265,druid,restoration,48,27,21
Lalon,blackrock,1265,druid,restoration,48,24,24
Noxlunaire,ravencrest,1265,druid,restoration,58,25,33
Elainx,thrall,1264,druid,restoration,30,16,14
Hotto,antonidas,1263,druid,restoration,18,15,3
Дюссельдорф,blackscar,1263,druid,restoration,30,19,11
Bynxx,antonidas,1262,druid,restoration,136,69,67
Обейрин,gordunni,1261,druid,restoration,78,40,38
Delarion,nemesis,1258,druid,restoration,36,21,15
Orten,dun-modr,1258,druid,restoration,48,25,23
Ponytheone,burning-legion,1258,druid,restoration,36,14,22
Høttýbálbøà,blackrock,1256,druid,restoration,17,14,3
Spidete,sanguino,1254,druid,restoration,125,73,52
Zadrood,rashgarroth,1254,druid,restoration,33,16,17
Benzimaax,ragnaros,1254,druid,restoration,54,25,29
Närthex,kazzak,1253,druid,restoration,24,14,10
Karakarrtaal,silvermoon,1252,druid,restoration,42,26,16
Solstrale,ravencrest,1252,druid,restoration,67,29,38
Mochiløxz,tarren-mill,1251,druid,restoration,160,84,76
Випера,gordunni,1249,druid,restoration,36,19,17
Nizkul,dun-modr,1249,druid,restoration,80,37,43
Ishiftmyself,pozzo-delleternità,1248,druid,restoration,24,13,11
Ninø,gorgonnash,1248,druid,restoration,63,32,31
Wazam,kazzak,1248,druid,restoration,164,82,82
Søykañ,hyjal,1248,druid,restoration,48,22,26
Ownglow,sylvanas,1247,druid,restoration,18,13,5
Bullander,sylvanas,1247,druid,restoration,24,13,11
Deltsur,stormscale,1247,druid,restoration,35,17,18
Devdude,blackrock,1247,druid,restoration,124,55,69
Tommiz,silvermoon,1247,druid,restoration,30,13,17
Кэлиборн,gordunni,1246,druid,restoration,53,26,27
Xomeboci,draenor,1246,druid,restoration,42,14,28
Bunzor,sylvanas,1245,druid,restoration,18,13,5
Chinoiserie,aszune,1245,druid,restoration,221,114,107
Eko,auchindoun,1245,druid,restoration,117,58,59
Hotlotta,aegwynn,1244,druid,restoration,24,13,11
Naphé,ysondre,1243,druid,restoration,18,13,5
Crep,krasus,1243,druid,restoration,30,21,9
Silvyan,silvermoon,1243,druid,restoration,45,21,24
Кекичан,howling-fjord,1243,druid,restoration,36,13,23
Erdnuckèl,antonidas,1242,druid,restoration,27,18,9
Robutt,runetotem,1242,druid,restoration,40,25,15
Plantpuzzl,silvermoon,1242,druid,restoration,42,13,29
Shaelx,nethersturm,1241,druid,restoration,30,13,17
Cemiink,drakthul,1240,druid,restoration,107,58,49
Göli,argent-dawn,1240,druid,restoration,32,16,16
Siuo,ravencrest,1240,druid,restoration,30,13,17
Jìkkz,aegwynn,1240,druid,restoration,36,13,23
Jiujiteiro,tarren-mill,1239,druid,restoration,89,51,38
Didi,frostwhisper,1239,druid,restoration,117,56,61
Exoar,ravencrest,1239,druid,restoration,92,40,52
Ironveins,ravencrest,1238,druid,restoration,42,28,14
Juicy,stormreaver,1237,druid,restoration,42,26,16
Artichte,archimonde,1236,druid,restoration,24,13,11
Ghaara,outland,1231,druid,restoration,49,28,21
Lépaw,twisting-nether,1231,druid,restoration,101,50,51
Килаф,gordunni,1231,druid,restoration,64,31,33
Layzz,archimonde,1231,druid,restoration,29,13,16
Elainia,emerald-dream,1231,druid,restoration,30,13,17
Mimisiek,burning-legion,1230,druid,restoration,36,21,15
Корнерит,gordunni,1229,druid,restoration,82,43,39
Eô,antonidas,1229,druid,restoration,36,18,18
Razmus,lightbringer,1226,druid,restoration,24,13,11
Acwi,dun-morogh,1226,druid,restoration,72,36,36
Канимэ,howling-fjord,1226,druid,restoration,30,13,17
Fettpumpad,karazhan,1225,druid,restoration,151,83,68
Weregoon,blackmoore,1225,druid,restoration,191,91,100
Ningannel,argent-dawn,1224,druid,restoration,77,32,45
Heidepaa,tichondrius,1222,druid,restoration,36,18,18
Harei,archimonde,1221,druid,restoration,24,13,11
Suunto,blackrock,1221,druid,restoration,30,14,16
Memento,kazzak,1220,druid,restoration,24,13,11
Chicobullz,ysondre,1220,druid,restoration,24,13,11
Farodiin,blackmoore,1220,druid,restoration,144,76,68
Tsurío,thrall,1219,druid,restoration,138,76,62
Аммазония,gordunni,1219,druid,restoration,53,28,25
Schrödínger,culte-de-la-rive-noire,1218,druid,restoration,24,13,11
Imoen,hyjal,1218,druid,restoration,42,19,23
Siako,sanguino,1218,druid,restoration,71,32,39
Walenok,thrall,1217,druid,restoration,209,105,104
Mayurí,kazzak,1216,druid,restoration,36,23,13
Julss,archimonde,1216,druid,restoration,131,65,66
Arear,frostmane,1216,druid,restoration,85,40,45
Jølinaar,twisting-nether,1215,druid,restoration,29,19,10
Ischumekcid,anubarak,1215,druid,restoration,24,13,11
Bonsai,terrordar,1215,druid,restoration,43,21,22
Tommix,ravencrest,1214,druid,restoration,26,14,12
Amakary,blackrock,1214,druid,restoration,48,23,25
Ceapamatii,sylvanas,1213,druid,restoration,54,30,24
ßløøm,outland,1213,druid,restoration,62,34,28
Дуггизавр,howling-fjord,1213,druid,restoration,29,13,16
Deretus,blackmoore,1213,druid,restoration,34,13,21
Cazzette,grim-batol,1212,druid,restoration,49,28,21
Knææl,argent-dawn,1211,druid,restoration,48,29,19
Ýanux,aegwynn,1210,druid,restoration,22,14,8
Dreaddot,archimonde,1210,druid,restoration,24,13,11
Séyla,blackrock,1209,druid,restoration,24,13,11
Unionpivo,doomhammer,1209,druid,restoration,126,64,62
Zelíx,bronzebeard,1208,druid,restoration,71,41,30
Aebí,dalaran,1208,druid,restoration,24,13,11
Shapeshafter,twisting-nether,1207,druid,restoration,114,56,58
Weiden,twisting-nether,1207,druid,restoration,48,20,28
Vícvega,ravencrest,1206,druid,restoration,52,28,24
Midnightstry,alakir,1206,druid,restoration,304,158,146
Wtfck,outland,1206,druid,restoration,96,45,51
Jyggz,azshara,1205,druid,restoration,39,21,18
Bloomer,stormreaver,1205,druid,restoration,59,28,31
Maxekaxe,sylvanas,1205,druid,restoration,53,25,28
Shylanna,ragnaros,1205,druid,restoration,52,24,28
Lethius,silvermoon,1204,druid,restoration,140,63,77
Vickepicke,stormreaver,1203,druid,restoration,36,18,18
Эверих,soulflayer,1203,druid,restoration,71,34,37
Багетлюбви,howling-fjord,1203,druid,restoration,39,18,21
Callìa,sylvanas,1203,druid,restoration,71,32,39
Bonza,agamaggan,1202,druid,restoration,84,39,45
Schwertlilie,aegwynn,1202,druid,restoration,29,13,16
Quorn,pozzo-delleternità,1201,druid,restoration,36,17,19
Saberrtooth,twisting-nether,1201,druid,restoration,66,25,41
Namenloser,azshara,1200,druid,restoration,72,39,33
Mitnik,stormscale,1199,druid,restoration,140,78,62
Rakúsh,thrall,1199,druid,restoration,73,39,34
Bearinator,aggramar,1199,druid,restoration,203,107,96
Goodzychoo,silvermoon,1199,druid,restoration,36,17,19
Tosuncan,twisting-nether,1199,druid,restoration,42,17,25
Telaroxx,die-nachtwache,1199,druid,restoration,36,13,23
Бульбион,gordunni,1198,druid,restoration,226,115,111
Basajáun,dun-modr,1198,druid,restoration,60,21,39
Karlsn,ravencrest,1197,druid,restoration,25,14,11
Lailaqt,arthas,1197,druid,restoration,40,21,19
Khyalia,ysondre,1197,druid,restoration,27,14,13
Arazorwyn,ravencrest,1196,druid,restoration,77,45,32
Buitonix,khaz-modan,1196,druid,restoration,327,162,165
Secondage,blackmoore,1196,druid,restoration,80,37,43
Krizak,eredar,1195,druid,restoration,155,81,74
Liquis,outland,1195,druid,restoration,163,80,83
Shadraw,arakarahm,1195,druid,restoration,30,13,17
Mutato,draenor,1193,druid,restoration,239,131,108
Стенлимур,eversong,1191,druid,restoration,54,27,27
Raïby,archimonde,1191,druid,restoration,36,15,21
Yazari,nathrezim,1188,druid,restoration,36,14,22
Chable,hyjal,1187,druid,restoration,60,31,29
Wiyah,hyjal,1186,druid,restoration,30,14,16
Baldurix,blackrock,1184,druid,restoration,32,15,17
Charliebaum,antonidas,1184,druid,restoration,30,13,17
Collîî,aegwynn,1183,druid,restoration,44,25,19
Thieane,blackhand,1183,druid,restoration,24,13,11
Inkeyes,outland,1182,druid,restoration,107,45,62
Shenandoah,hyjal,1181,druid,restoration,42,25,17
Vanlise,ravencrest,1181,druid,restoration,90,42,48
Vertymbras,hyjal,1180,druid,restoration,56,34,22
Papanik,tarren-mill,1179,druid,restoration,54,30,24
Soratess,azshara,1179,druid,restoration,45,19,26
Exane,ragnaros,1178,druid,restoration,30,18,12
Amberleaff,auchindoun,1178,druid,restoration,31,16,15
Hílarío,sanguino,1174,druid,restoration,38,13,25
Restopesto,silvermoon,1173,druid,restoration,38,22,16
Noballz,blackhand,1173,druid,restoration,38,13,25
Ubbeleg,kazzak,1172,druid,restoration,42,22,20
Tsuteymanga,veknilash,1172,druid,restoration,66,33,33
Пупсики,gordunni,1172,druid,restoration,74,33,41
Theguyandbea,draenor,1171,druid,restoration,114,52,62
Shinymoomoo,tarren-mill,1169,druid,restoration,27,14,13
Spikill,uldaman,1166,druid,restoration,36,26,10
Xdrus,argent-dawn,1166,druid,restoration,50,26,24
Вертуос,soulflayer,1166,druid,restoration,51,23,28
Neri,shattered-hand,1165,druid,restoration,30,13,17
Коляскальяс,howling-fjord,1165,druid,restoration,136,52,84
Halleyz,hyjal,1163,druid,restoration,135,70,65
Gnaro,ragnaros,1163,druid,restoration,94,45,49
Mchøt,ravencrest,1162,druid,restoration,68,26,42
Relxc,outland,1161,druid,restoration,27,19,8
Fricky,burning-blade,1161,druid,restoration,24,16,8
Forzend,twisting-nether,1161,druid,restoration,20,13,7
Димитруа,howling-fjord,1161,druid,restoration,30,17,13
Дудумейстер,howling-fjord,1160,druid,restoration,144,60,84
Makelsi,tarren-mill,1158,druid,restoration,36,15,21
Ушастикэ,gordunni,1157,druid,restoration,32,27,5
Greenhot,kult-der-verdammten,1157,druid,restoration,30,17,13
Røsary,stormscale,1156,druid,restoration,81,43,38
Лайфдруид,blackscar,1156,druid,restoration,65,27,38
Pròxy,hyjal,1156,druid,restoration,37,14,23
Strave,azjolnerub,1155,druid,restoration,68,23,45
Cäsïo,khaz-modan,1154,druid,restoration,54,32,22
Corias,blackmoore,1154,druid,restoration,42,14,28
Márron,blackhand,1153,druid,restoration,28,15,13
Amoreah,silvermoon,1152,druid,restoration,127,52,75
Pikkusuhnu,twisting-nether,1152,druid,restoration,30,12,18
Ÿdrassia,archimonde,1152,druid,restoration,44,17,27
Lfsecondreju,ravencrest,1151,druid,restoration,18,12,6
Gøash,aegwynn,1151,druid,restoration,18,12,6
Zekmvp,silvermoon,1151,druid,restoration,24,12,12
Dyloxe,silvermoon,1151,druid,restoration,24,12,12
Ковамедведь,borean-tundra,1151,druid,restoration,65,27,38
Bamsemoms,sylvanas,1151,druid,restoration,30,12,18
Hotop,draenor,1151,druid,restoration,30,12,18
Sâty,draenor,1151,druid,restoration,54,20,34
Doktordudu,drakthul,1151,druid,restoration,42,12,30
Древнина,gordunni,1150,druid,restoration,96,51,45
Dreathqt,twisting-nether,1150,druid,restoration,24,12,12
Rozt,ravencrest,1150,druid,restoration,24,12,12
Enggetsu,drakthul,1150,druid,restoration,60,25,35
Flensí,stormscale,1149,druid,restoration,30,12,18
Burattino,draenor,1147,druid,restoration,12,12,0
Hótty,antonidas,1147,druid,restoration,24,12,12
Olympïee,archimonde,1147,druid,restoration,24,12,12
Eluñeãdore,silvermoon,1146,druid,restoration,41,26,15
Elmáestró,aegwynn,1146,druid,restoration,24,12,12
Granquercia,nemesis,1146,druid,restoration,30,12,18
Saimdude,blackrock,1145,druid,restoration,48,25,23
Ankhar,auchindoun,1145,druid,restoration,35,17,18
Mikshak,drakthul,1144,druid,restoration,24,12,12
Enzymex,burning-blade,1144,druid,restoration,42,19,23
Holybarkzqt,aegwynn,1144,druid,restoration,30,12,18
Mcneil,wrathbringer,1142,druid,restoration,43,23,20
Euklid,frostwolf,1142,druid,restoration,30,12,18
Trànsformer,nemesis,1142,druid,restoration,30,12,18
Rockyfella,alexstrasza,1141,druid,restoration,24,12,12
Lynysae,blackmoore,1141,druid,restoration,29,13,16
Talyfox,outland,1141,druid,restoration,64,26,38
Ajwen,tarren-mill,1141,druid,restoration,30,12,18
Clownrad,tarren-mill,1141,druid,restoration,30,12,18
Ruberg,kazzak,1140,druid,restoration,24,13,11
Stuu,nathrezim,1140,druid,restoration,24,12,12
Sandh,uldum,1140,druid,restoration,30,12,18
Adiycrazy,outland,1138,druid,restoration,54,22,32
Hót,ravencrest,1138,druid,restoration,42,14,28
Lisovamavka,draenor,1137,druid,restoration,105,53,52
Фонш,soulflayer,1136,druid,restoration,24,12,12
Symba,uldum,1136,druid,restoration,24,12,12
Golddy,hyjal,1136,druid,restoration,80,38,42
Vulcäin,ysondre,1136,druid,restoration,30,12,18
Plúx,antonidas,1135,druid,restoration,32,12,20
Lucael,blackmoore,1135,druid,restoration,66,24,42
Moundîr,archimonde,1134,druid,restoration,54,21,33
Hælìñgtøúçh,ysondre,1134,druid,restoration,36,12,24
Lïs,the-maelstrom,1133,druid,restoration,49,29,20
Driftmaster,defias-brotherhood,1133,druid,restoration,24,12,12
Druidorie,ravencrest,1133,druid,restoration,24,12,12
Curoahojas,silvermoon,1132,druid,restoration,130,56,74
Racadruid,antonidas,1132,druid,restoration,48,17,31
Luneriá,blackmoore,1132,druid,restoration,48,16,32
Scuta,sylvanas,1131,druid,restoration,36,12,24
Lunatrixs,dun-modr,1130,druid,restoration,24,14,10
Bioházard,blackrock,1130,druid,restoration,36,20,16
Spacenoub,archimonde,1130,druid,restoration,24,12,12
Thunderzeus,mazrigos,1129,druid,restoration,40,20,20
Hordzee,blackmoore,1128,druid,restoration,132,59,73
Sùmmêrz,outland,1128,druid,restoration,35,13,22
Druiddingo,lightnings-blade,1127,druid,restoration,24,12,12
Druibe,burning-legion,1127,druid,restoration,56,23,33
Simplydrood,archimonde,1127,druid,restoration,30,12,18
Norkenis,neptulon,1127,druid,restoration,30,12,18
Fotmrerollér,darksorrow,1125,druid,restoration,75,43,32
Digestivebis,defias-brotherhood,1125,druid,restoration,103,59,44
Kbåkå,ravencrest,1125,druid,restoration,42,19,23
Сицилиец,galakrond,1124,druid,restoration,24,12,12
Lil,elune,1124,druid,restoration,36,12,24
Лаегмерил,gordunni,1120,druid,restoration,40,23,17
Vranz,draenor,1120,druid,restoration,67,32,35
Psitol,silvermoon,1120,druid,restoration,30,12,18
Herbiko,turalyon,1119,druid,restoration,206,106,100
Raysa,archimonde,1119,druid,restoration,69,35,34
Ayehotx,ragnaros,1119,druid,restoration,47,21,26
Kikinho,argent-dawn,1117,druid,restoration,24,12,12
Maryjuanita,silvermoon,1116,druid,restoration,146,64,82
Celendiil,argent-dawn,1115,druid,restoration,103,30,73
Nissemand,ravencrest,1114,druid,restoration,66,31,35
Ndnd,drakthul,1112,druid,restoration,82,42,40
Mayhh,ragnaros,1111,druid,restoration,90,41,49
Legharta,ravencrest,1111,druid,restoration,84,31,53
Menolao,dun-morogh,1110,druid,restoration,86,44,42
Uvøgin,ragnaros,1109,druid,restoration,18,12,6
Ðelnôs,destromath,1109,druid,restoration,42,15,27
Räysa,archimonde,1108,druid,restoration,216,107,109
Тевио,gordunni,1107,druid,restoration,42,19,23
Arfedan,kazzak,1106,druid,restoration,66,35,31
Klerosa,moonglade,1105,druid,restoration,56,24,32
Berdix,ragnaros,1103,druid,restoration,25,14,11
Bullchóps,kazzak,1103,druid,restoration,37,14,23
Zirkuszwei,aegwynn,1102,druid,restoration,29,14,15
Mikeisbike,ragnaros,1101,druid,restoration,21,13,8
Happyhoter,blackrock,1101,druid,restoration,30,12,18
Ankhenature,outland,1100,druid,restoration,71,40,31
Catkayn,stormscale,1100,druid,restoration,36,12,24
Medvecica,twisting-nether,1099,druid,restoration,42,12,30
Croassant,archimonde,1097,druid,restoration,44,24,20
Solutionx,aegwynn,1096,druid,restoration,33,13,20
Ccmydcv,archimonde,1095,druid,restoration,25,13,12
Аматэррасу,blackscar,1095,druid,restoration,54,28,26
Chidorî,twisting-nether,1095,druid,restoration,41,18,23
Snowrk,hyjal,1093,druid,restoration,54,31,23
Ghostbustér,emeriss,1093,druid,restoration,91,51,40
Tharandrél,argent-dawn,1092,druid,restoration,72,20,52
Тианна,razuvious,1091,druid,restoration,48,24,24
Zillo,stormscale,1091,druid,restoration,80,34,46
Ultrassick,kazzak,1090,druid,restoration,45,21,24
Hotouck,hyjal,1089,druid,restoration,38,22,16
Vextron,burning-legion,1089,druid,restoration,32,17,15
Mayte,ragnaros,1088,druid,restoration,23,14,9
Thaibarian,shattered-hand,1088,druid,restoration,54,28,26
Ganoförd,zuljin,1087,druid,restoration,19,13,6
Taatz,stormscale,1087,druid,restoration,85,33,52
Relache,twisting-nether,1086,druid,restoration,48,26,22
Alexstraza,arthas,1085,druid,restoration,49,23,26
Сваткумбрат,eversong,1084,druid,restoration,108,40,68
Dadud,twisting-nether,1083,druid,restoration,48,25,23
Фераст,azuregos,1083,druid,restoration,48,21,27
Bazilika,argent-dawn,1080,druid,restoration,137,74,63
Vurgyl,hyjal,1079,druid,restoration,54,33,21
Kirïllx,silvermoon,1079,druid,restoration,95,51,44
Theridrax,twisting-nether,1078,druid,restoration,38,18,20
Thaldrenaar,argent-dawn,1078,druid,restoration,74,28,46
Wyngx,blackrock,1076,druid,restoration,60,34,26
Zarlaac,ravencrest,1075,druid,restoration,66,27,39
Draneis,les-sentinelles,1074,druid,restoration,80,50,30
Drúídárn,talnivarr,1074,druid,restoration,54,26,28
Bloomly,tarren-mill,1073,druid,restoration,36,18,18
Felfran,ravencrest,1073,druid,restoration,42,16,26
Jagerdog,archimonde,1072,druid,restoration,13,12,1
Tângo,eredar,1072,druid,restoration,37,21,16
Кишкинахир,razuvious,1072,druid,restoration,42,22,20
Cobradrood,culte-de-la-rive-noire,1070,druid,restoration,50,26,24
Алунар,lich-king,1070,druid,restoration,84,39,45
Petitchät,archimonde,1069,druid,restoration,46,23,23
Инский,howling-fjord,1069,druid,restoration,49,24,25
Fuzzy,the-venture-co,1069,druid,restoration,29,12,17
Itswoland,emeriss,1068,druid,restoration,17,12,5
Socialphobia,draenor,1068,druid,restoration,36,15,21
Mirana,drakthul,1067,druid,restoration,39,21,18
Betelgues,kazzak,1066,druid,restoration,132,70,62
Januzo,kazzak,1066,druid,restoration,42,16,26
Elanrya,argent-dawn,1066,druid,restoration,53,15,38
Gyvunas,silvermoon,1065,druid,restoration,43,25,18
Дазашо,soulflayer,1065,druid,restoration,241,113,128
Киберужас,gordunni,1064,druid,restoration,175,90,85
Djungelgrabb,twisting-nether,1064,druid,restoration,48,22,26
Alexialol,silvermoon,1063,druid,restoration,19,12,7
Dreäms,ravencrest,1063,druid,restoration,152,83,69
Shadowcat,archimonde,1063,druid,restoration,25,12,13
Escortdruid,blackmoore,1063,druid,restoration,43,15,28
Kasjuz,tarren-mill,1059,druid,restoration,42,22,20
Malandrin,khazgoroth,1059,druid,restoration,79,37,42
Kókushibò,archimonde,1056,druid,restoration,12,11,1
Justforgames,ravencrest,1056,druid,restoration,12,11,1
Degentiuso,alakir,1056,druid,restoration,30,21,9
Isitbleedin,silvermoon,1056,druid,restoration,18,11,7
Bananadru,stormscale,1056,druid,restoration,18,11,7
Kobrá,ravencrest,1056,druid,restoration,18,11,7
Noramun,alexstrasza,1056,druid,restoration,18,11,7
Лабирошка,blackscar,1056,druid,restoration,24,11,13
Sasosins,ravencrest,1056,druid,restoration,24,11,13
Galoony,blackrock,1056,druid,restoration,24,11,13
Renewer,argent-dawn,1056,druid,restoration,27,12,15
Buffshaman,sylvanas,1056,druid,restoration,30,11,19
Bigbones,frostwolf,1056,druid,restoration,72,24,48
Wallenstein,outland,1055,druid,restoration,18,11,7
Chocofrijj,tarren-mill,1055,druid,restoration,24,11,13
Domsz,dalaran,1055,druid,restoration,116,53,63
Арбузир,howling-fjord,1055,druid,restoration,54,21,33
Slimp,the-maelstrom,1055,druid,restoration,30,11,19
Ðezo,stormscale,1055,druid,restoration,30,11,19
Sharlla,burning-legion,1055,druid,restoration,36,11,25
Oschlandor,blackmoore,1054,druid,restoration,12,11,1
Светдру,blackscar,1054,druid,restoration,24,11,13
Gladiata,tarren-mill,1054,druid,restoration,24,11,13
Лапыбонги,lich-king,1054,druid,restoration,24,11,13
Solern,ravencrest,1054,druid,restoration,24,11,13
Рамчег,gordunni,1053,druid,restoration,18,11,7
Lïlja,tarren-mill,1053,druid,restoration,30,16,14
Elviiradruid,tarren-mill,1053,druid,restoration,24,11,13
Noskillx,auchindoun,1052,druid,restoration,12,11,1
Healingwoods,outland,1052,druid,restoration,24,11,13
Иксджа,gordunni,1051,druid,restoration,30,11,19
Druidenbeton,antonidas,1050,druid,restoration,24,13,11
Exilia,kragjin,1050,druid,restoration,24,11,13
Larlye,dun-modr,1050,druid,restoration,24,11,13
Влажныйдру,soulflayer,1048,druid,restoration,24,11,13
Tapex,ravencrest,1048,druid,restoration,27,12,15
Cigamt,kazzak,1047,druid,restoration,18,12,6
Nyooxix,blackmoore,1047,druid,restoration,48,18,30
Sodamncute,ravencrest,1046,druid,restoration,24,11,13
Pzyhlol,anetheron,1045,druid,restoration,18,11,7
Santamonica,blackrock,1045,druid,restoration,48,19,29
Greengolly,argent-dawn,1042,druid,restoration,30,11,19
Luarbak,kazzak,1041,druid,restoration,18,11,7
Xenva,blackmoore,1041,druid,restoration,54,24,30
Malleria,blackmoore,1041,druid,restoration,30,13,17
Spoco,defias-brotherhood,1040,druid,restoration,102,56,46
Hypnosoad,outland,1040,druid,restoration,178,82,96
Ранок,fordragon,1040,druid,restoration,24,11,13
Жолудь,gordunni,1040,druid,restoration,66,28,38
Dfjguidfg,baelgun,1040,druid,restoration,36,13,23
Тиктиктак,fordragon,1040,druid,restoration,47,15,32
Дремлин,deathguard,1038,druid,restoration,212,99,113
Kezbaniye,silvermoon,1035,druid,restoration,18,11,7
Lutzmiller,eredar,1035,druid,restoration,236,112,124
Whiskers,emerald-dream,1034,druid,restoration,30,12,18
Pakù,archimonde,1033,druid,restoration,12,11,1
Kelerun,blackhand,1033,druid,restoration,36,15,21
Xadidruîd,blackrock,1030,druid,restoration,42,11,31
Mendozä,stormscale,1029,druid,restoration,82,38,44
Hopê,burning-legion,1028,druid,restoration,108,61,47
Corrupthz,outland,1028,druid,restoration,24,11,13
Storpboom,drakthul,1028,druid,restoration,31,13,18
Chéchédroïd,marécage-de-zangar,1027,druid,restoration,64,30,34
Klørfem,draenor,1027,druid,restoration,36,13,23
Davincidru,tarren-mill,1026,druid,restoration,68,32,36
Trolléverte,archimonde,1025,druid,restoration,81,39,42
Ella,kult-der-verdammten,1024,druid,restoration,24,15,9
Takuna,nemesis,1022,druid,restoration,30,12,18
Sfarcolacul,tarren-mill,1021,druid,restoration,120,65,55
Raysien,doomhammer,1021,druid,restoration,24,13,11
Shanikya,argent-dawn,1021,druid,restoration,44,20,24
Elrroir,dun-modr,1021,druid,restoration,34,12,22
Akifumi,archimonde,1021,druid,restoration,52,14,38
Zyska,outland,1020,druid,restoration,223,103,120
Jagu,blackrock,1018,druid,restoration,30,16,14
Nezruslfour,dun-modr,1017,druid,restoration,30,18,12
Эмканегодяйк,galakrond,1016,druid,restoration,95,50,45
Foaqi,aegwynn,1016,druid,restoration,22,11,11
Lightboxx,ravencrest,1015,druid,restoration,42,25,17
Jamburapro,sylvanas,1014,druid,restoration,154,80,74
Zêrg,ysondre,1012,druid,restoration,24,11,13
Komiker,ravencrest,1011,druid,restoration,47,29,18
Dobbmaster,aegwynn,1011,druid,restoration,244,121,123
Iprex,outland,1010,druid,restoration,107,57,50
Dirtyhacks,blackmoore,1010,druid,restoration,36,17,19
Омгдру,gordunni,1010,druid,restoration,129,60,69
Флиперкэт,howling-fjord,1010,druid,restoration,36,12,24
Дендринис,gordunni,1009,druid,restoration,30,19,11
Ukri,ravencrest,1008,druid,restoration,22,11,11
Benjosef,blackmoore,1006,druid,restoration,68,33,35
Holykòw,silvermoon,1006,druid,restoration,60,26,34
Akuda,blackrock,1004,druid,restoration,21,11,10
Фэйблуд,blackscar,1004,druid,restoration,138,72,66
Artracos,thrall,1003,druid,restoration,35,11,24
Feedbark,stormscale,1002,druid,restoration,23,13,10
Ilovealex,blackmoore,1000,druid,restoration,38,20,18
Narawenn,ysondre,1000,druid,restoration,24,12,12
Spiralout,nemesis,1000,druid,restoration,298,144,154
Spankproof,kazzak,999,druid,restoration,20,12,8
Niknoom,azjolnerub,999,druid,restoration,128,68,60
Pudseytree,doomhammer,996,druid,restoration,74,38,36
Cárnagè,stormscale,996,druid,restoration,92,40,52
Дела,eversong,994,druid,restoration,36,21,15
Catbear,kazzak,994,druid,restoration,145,77,68
Jimpä,outland,991,druid,restoration,22,11,11
Visurat,tarren-mill,990,druid,restoration,36,16,20
Sorahe,arthas,989,druid,restoration,20,12,8
Nokodo,silvermoon,988,druid,restoration,39,19,20
Sooamazing,korgall,987,druid,restoration,27,15,12
Moonfan,darkmoon-faire,986,druid,restoration,48,17,31
Zalherbata,burning-legion,986,druid,restoration,42,13,29
Yespapa,kazzak,985,druid,restoration,273,140,133
Inspiredrood,archimonde,984,druid,restoration,107,58,49
Shawtyx,argent-dawn,984,druid,restoration,32,12,20
Weremyst,outland,982,druid,restoration,32,11,21
Featherball,tarren-mill,981,druid,restoration,42,25,17
Baroona,kazzak,979,druid,restoration,30,15,15
Dahelire,shendralar,979,druid,restoration,24,11,13
Maiavin,earthen-ring,978,druid,restoration,15,12,3
Ellismera,argent-dawn,978,druid,restoration,36,17,19
Driiptoohard,turalyon,976,druid,restoration,111,54,57
Arydan,quelthalas,974,druid,restoration,28,11,17
Nali,arthas,972,druid,restoration,19,12,7
Growiêlle,ravencrest,972,druid,restoration,54,26,28
Sinthorasia,blackrock,972,druid,restoration,28,12,16
Ванилане,ashenvale,971,druid,restoration,66,27,39
Tombenuit,tarren-mill,970,druid,restoration,30,15,15
Шмору,deathguard,970,druid,restoration,47,21,26
Torawara,ragnaros,969,druid,restoration,17,11,6
Jehtrotull,nemesis,965,druid,restoration,46,18,28
Zerschmatzen,aegwynn,965,druid,restoration,75,23,52
Shaorma,ravencrest,964,druid,restoration,18,13,5
Jimmorris,eredar,964,druid,restoration,24,11,13
Greyhøund,archimonde,964,druid,restoration,37,14,23
Jambonmaster,archimonde,963,druid,restoration,30,15,15
Wegian,sylvanas,962,druid,restoration,63,36,27
Прожималодру,deathguard,962,druid,restoration,66,27,39
Karochi,kazzak,961,druid,restoration,28,17,11
Wolfeiy,ravenholdt,961,druid,restoration,145,77,68
Foxyfeet,outland,960,druid,restoration,18,10,8
Bntyx,dun-modr,960,druid,restoration,18,10,8
Caldino,tarren-mill,960,druid,restoration,23,11,12
Hyggef,ravencrest,960,druid,restoration,24,10,14
Eviency,outland,960,druid,restoration,24,10,14
Crìmz,aszune,960,druid,restoration,36,10,26
Worstdruid,sanguino,959,druid,restoration,12,10,2
Treedog,ravencrest,959,druid,restoration,18,10,8
Snedden,silvermoon,959,druid,restoration,30,15,15
Juhudy,kazzak,959,druid,restoration,24,10,14
Holybarkz,aegwynn,959,druid,restoration,24,10,14
Tjann,darksorrow,959,druid,restoration,24,10,14
Zmira,outland,959,druid,restoration,30,10,20
Whatismeld,outland,959,druid,restoration,30,10,20
Bäckey,silvermoon,958,druid,restoration,12,10,2
Rînaa,ravencrest,958,druid,restoration,18,10,8
Vacaleiteira,aggra-português,958,druid,restoration,24,10,14
Iqfrags,silvermoon,957,druid,restoration,21,14,7
Taylegøðx,ravencrest,957,druid,restoration,18,10,8
Prayx,dalaran,957,druid,restoration,30,10,20
Estrogenlord,auchindoun,956,druid,restoration,24,10,14
Элеарсия,gordunni,956,druid,restoration,42,15,27
Esmerito,tarren-mill,955,druid,restoration,18,10,8
Blolzz,silvermoon,955,druid,restoration,42,22,20
Indann,kazzak,955,druid,restoration,24,10,14
Taèzoth,terokkar,954,druid,restoration,18,10,8
Lzo,silvermoon,954,druid,restoration,18,10,8
Whiplazh,archimonde,954,druid,restoration,18,10,8
Bearshift,aggra-português,954,druid,restoration,42,17,25
Daewen,blackhand,953,druid,restoration,18,10,8
Geeorge,stormscale,952,druid,restoration,18,10,8
Энчантерес,gordunni,952,druid,restoration,30,10,20
Jenovas,argent-dawn,951,druid,restoration,24,10,14
Moonshîne,arygos,949,druid,restoration,97,54,43
Magneziie,drakthul,949,druid,restoration,18,10,8
Shokazu,blackmoore,949,druid,restoration,106,51,55
Docdruid,outland,949,druid,restoration,31,11,20
Bubadruid,silvermoon,948,druid,restoration,18,10,8
Johndru,kazzak,948,druid,restoration,71,26,45
Wrak,eonar,947,druid,restoration,18,10,8
Triplej,twisting-nether,946,druid,restoration,52,26,26
Thélon,antonidas,945,druid,restoration,69,35,34
Shifts,aggramar,944,druid,restoration,24,10,14
Shaize,dalaran,943,druid,restoration,24,10,14
Muju,stormscale,942,druid,restoration,66,30,36
Erinark,aegwynn,940,druid,restoration,42,10,32
Fajia,frostmane,939,druid,restoration,36,10,26
Purple,draenor,938,druid,restoration,24,13,11
Iseron,uldum,937,druid,restoration,28,16,12
Alirynn,argent-dawn,937,druid,restoration,42,21,21
Buffspencer,ragnaros,936,druid,restoration,107,56,51
Nimèl,argent-dawn,936,druid,restoration,42,18,24
Tyraloll,ghostlands,933,druid,restoration,30,10,20
Tuonq,sylvanas,933,druid,restoration,30,10,20
Fubarmeep,outland,932,druid,restoration,42,22,20
Gunqer,burning-legion,931,druid,restoration,42,18,24
Madschinken,malganis,931,druid,restoration,113,40,73
Borne,aggra-português,930,druid,restoration,24,10,14
Krollix,dun-morogh,929,druid,restoration,47,25,22
Trikill,hyjal,929,druid,restoration,49,20,29
Loumpa,hyjal,928,druid,restoration,24,14,10
Wolfverina,sylvanas,928,druid,restoration,24,13,11
Maldrýn,stormscale,927,druid,restoration,17,10,7
Gribix,kazzak,927,druid,restoration,18,10,8
Ellinaki,neptulon,927,druid,restoration,84,42,42
Sinestah,ravencrest,926,druid,restoration,79,35,44
Bigborst,ravencrest,924,druid,restoration,20,11,9
Kl,archimonde,924,druid,restoration,42,10,32
Djclonex,archimonde,922,druid,restoration,36,16,20
Мирафлоресс,booty-bay,921,druid,restoration,88,39,49
Варсан,howling-fjord,920,druid,restoration,42,19,23
Adawehi,ravencrest,920,druid,restoration,36,10,26
Kaod,outland,918,druid,restoration,33,17,16
Kkriss,stormscale,918,druid,restoration,22,11,11
Yam,thrall,911,druid,restoration,29,10,19
Бехеровка,grom,910,druid,restoration,58,24,34
Woodrla,sylvanas,908,druid,restoration,54,30,24
Kárél,drakthul,906,druid,restoration,24,12,12
Alligatordru,kazzak,905,druid,restoration,30,13,17
Blacksnarl,kazzak,903,druid,restoration,213,94,119
Nutzlos,azshara,903,druid,restoration,162,60,102
Celéry,silvermoon,896,druid,restoration,16,10,6
Lorucka,die-nachtwache,894,druid,restoration,20,10,10
Gladyon,ravencrest,894,druid,restoration,30,13,17
Ктотоизкчр,gordunni,892,druid,restoration,14,10,4
Arianator,culte-de-la-rive-noire,890,druid,restoration,41,21,20
Allagís,kul-tiras,890,druid,restoration,43,22,21
Barbesco,zuljin,890,druid,restoration,88,41,47
Борзойрог,soulflayer,890,druid,restoration,54,23,31
Jendiiss,drakthul,889,druid,restoration,28,13,15
Auspicer,moonglade,888,druid,restoration,22,11,11
Raylla,dun-modr,888,druid,restoration,24,11,13
Naturberserk,tarren-mill,887,druid,restoration,27,12,15
Feanthur,drakthul,886,druid,restoration,148,72,76
ßlackßåmßå,zuljin,886,druid,restoration,29,13,16
Nachtelf,lightbringer,881,druid,restoration,96,36,60
Avadakodavra,ravencrest,879,druid,restoration,58,18,40
Arthoriana,thrall,878,druid,restoration,47,10,37
Do,alakir,876,druid,restoration,30,10,20
Khalynn,eredar,875,druid,restoration,80,28,52
Lyarx,ragnaros,873,druid,restoration,42,20,22
Bunnykiss,kazzak,873,druid,restoration,24,10,14
Trol,malganis,871,druid,restoration,33,16,17
Merakir,dun-modr,870,druid,restoration,72,25,47
Spaartaa,blackhand,870,druid,restoration,36,10,26
Allod,stormscale,868,druid,restoration,239,118,121
Argbjörn,sylvanas,868,druid,restoration,57,23,34
Macanbre,tarren-mill,866,druid,restoration,78,36,42
Dokus,grim-batol,866,druid,restoration,30,11,19
Healbrah,burning-blade,865,druid,restoration,54,10,44
Panacée,dalaran,864,druid,restoration,42,22,20
Koshai,twisting-nether,864,druid,restoration,18,9,9
Lxstcentury,stormscale,864,druid,restoration,18,9,9
Nightmoon,hellscream,864,druid,restoration,18,9,9
Pissbomb,ravencrest,864,druid,restoration,18,9,9
Kawèlz,archimonde,864,druid,restoration,18,9,9
Иксвовски,gordunni,864,druid,restoration,18,9,9
Viggez,outland,864,druid,restoration,18,9,9
Noramun,blackmoore,864,druid,restoration,18,9,9
Ponardo,outland,864,druid,restoration,19,9,10
Лабирон,soulflayer,864,druid,restoration,24,9,15
Ëlyt,blackmoore,863,druid,restoration,15,10,5
Madmanul,draenor,863,druid,restoration,18,9,9
Místergreen,ravencrest,863,druid,restoration,18,9,9
Гвенивар,soulflayer,863,druid,restoration,18,9,9
Svanturken,kazzak,863,druid,restoration,18,9,9
Demiannie,argent-dawn,863,druid,restoration,18,9,9
Jtsoigne,ysondre,863,druid,restoration,40,19,21
Casic,echsenkessel,863,druid,restoration,24,9,15
Clonecity,ravencrest,863,druid,restoration,24,9,15
Helkondr,thrall,863,druid,restoration,30,9,21
Drrood,stormscale,862,druid,restoration,12,9,3
Csmedruid,blackrock,862,druid,restoration,18,9,9
Yandris,argent-dawn,862,druid,restoration,18,9,9
Milkyheals,burning-blade,862,druid,restoration,18,9,9
Tigerroll,kazzak,862,druid,restoration,24,9,15
Missfar,doomhammer,862,druid,restoration,48,17,31
Bîloux,ysondre,861,druid,restoration,12,9,3
Jugai,archimonde,861,druid,restoration,18,9,9
Smucka,ragnaros,861,druid,restoration,24,9,15
Furía,anubarak,861,druid,restoration,27,10,17
Fknmad,burning-blade,860,druid,restoration,12,9,3
Thardruid,stormscale,860,druid,restoration,18,9,9
Sneedlewøødz,exodar,860,druid,restoration,24,9,15
Helguard,silvermoon,860,druid,restoration,24,9,15
Caturday,terrordar,859,druid,restoration,30,13,17
Helpwss,outland,859,druid,restoration,24,9,15
Elo,dun-morogh,858,druid,restoration,18,9,9
Rootmoschner,blackmoore,857,druid,restoration,12,9,3
Synoe,la-croisade-écarlate,855,druid,restoration,18,9,9
Ihone,frostmane,855,druid,restoration,24,9,15
Aivy,boulderfist,854,druid,restoration,37,17,20
Ballosh,hyjal,854,druid,restoration,24,9,15
Fangornn,outland,854,druid,restoration,24,9,15
Nious,kazzak,853,druid,restoration,24,9,15
Rexadria,blackrock,853,druid,restoration,30,9,21
Инуараши,ashenvale,851,druid,restoration,38,14,24
Baineaordur,krasus,850,druid,restoration,18,9,9
Leyea,ravencrest,849,druid,restoration,36,12,24
Simouch,archimonde,848,druid,restoration,154,71,83
Kattman,tarren-mill,848,druid,restoration,24,9,15
Lyndruid,sylvanas,848,druid,restoration,108,40,68
Relay,ragnaros,847,druid,restoration,24,12,12
Котанет,gordunni,847,druid,restoration,42,15,27
Chujogrzmot,kazzak,843,druid,restoration,23,9,14
Seabath,kirin-tor,841,druid,restoration,24,9,15
Houwalia,archimonde,840,druid,restoration,48,22,26
Kaydjan,elune,839,druid,restoration,18,10,8
Liloè,onyxia,838,druid,restoration,74,33,41
Drutoomight,tarren-mill,838,druid,restoration,24,9,15
Альбигоиц,thermaplugg,837,druid,restoration,24,9,15
Clearwipe,thunderhorn,835,druid,restoration,24,9,15
Robeala,twisting-nether,832,druid,restoration,42,17,25
Rááy,blackrock,831,druid,restoration,17,9,8
Omegaheals,scarshield-legion,831,druid,restoration,36,16,20
Maylika,hyjal,831,druid,restoration,52,13,39
Ånåphorå,archimonde,830,druid,restoration,17,9,8
Braxxiloa,nazjatar,830,druid,restoration,18,9,9
Nube,alonsus,826,druid,restoration,66,25,41
Ruap,blackmoore,822,druid,restoration,20,10,10
Sveoris,malganis,821,druid,restoration,16,10,6
Ratskrone,alleria,821,druid,restoration,184,84,100
Pøzy,sanguino,820,druid,restoration,24,11,13
Oyoyo,kaelthas,819,druid,restoration,20,10,10
Metaboss,ravencrest,817,druid,restoration,71,24,47
Luaavin,madmortem,816,druid,restoration,16,9,7
Karvapersé,argent-dawn,816,druid,restoration,24,10,14
Akindudu,twisting-nether,815,druid,restoration,15,9,6
Shakshun,draenor,813,druid,restoration,30,11,19
Ruhlide,anetheron,810,druid,restoration,23,9,14
Droodfist,khaz-modan,805,druid,restoration,72,32,40
Kiadorn,stormreaver,799,druid,restoration,22,9,13
Moontriix,kazzak,798,druid,restoration,22,9,13
Trytargetme,outland,796,druid,restoration,17,9,8
Arminíus,die-silberne-hand,795,druid,restoration,42,9,33
Svass,ragnaros,790,druid,restoration,20,10,10
Corrosion,outland,787,druid,restoration,70,25,45
Sacmycløne,draenor,786,druid,restoration,35,10,25
Bidodici,nemesis,783,druid,restoration,135,57,78
Buufu,kazzak,780,druid,restoration,19,9,10
Çhuucky,khaz-modan,780,druid,restoration,71,18,53
Acxaryl,stormscale,768,druid,restoration,12,8,4
Målukah,archimonde,768,druid,restoration,12,8,4
Dablol,draenor,768,druid,restoration,12,8,4
Justdmg,ravencrest,768,druid,restoration,12,8,4
Jellyxdd,silvermoon,768,druid,restoration,12,8,4
Stinka,ravencrest,768,druid,restoration,12,8,4
Catdoge,thrall,768,druid,restoration,12,8,4
Xanxiety,outland,768,druid,restoration,18,8,10
Jin,the-venture-co,768,druid,restoration,18,8,10
Skysrex,outland,768,druid,restoration,18,8,10
Nohos,blackrock,768,druid,restoration,18,8,10
Huebbi,blackmoore,768,druid,restoration,18,8,10
Arrvid,sylvanas,768,druid,restoration,18,8,10
Neverfall,aegwynn,768,druid,restoration,24,10,14
Skilloxus,gilneas,768,druid,restoration,105,35,70
Ajaÿ,sylvanas,768,druid,restoration,24,8,16
Птицун,gordunni,767,druid,restoration,12,8,4
Taylrswftmnd,twisting-nether,767,druid,restoration,12,8,4
Piggo,tarren-mill,767,druid,restoration,12,8,4
Quasarx,ravencrest,767,druid,restoration,18,8,10
Fanboij,kazzak,767,druid,restoration,18,8,10
Liunara,nemesis,767,druid,restoration,18,8,10
Hirodompa,archimonde,767,druid,restoration,18,8,10
Brindefolie,archimonde,767,druid,restoration,18,8,10
Lavague,hyjal,767,druid,restoration,18,8,10
Ilarilén,blackmoore,767,druid,restoration,22,8,14
Dêrbombär,guldan,767,druid,restoration,24,8,16
Seekx,silvermoon,766,druid,restoration,12,8,4
Tjruid,twisting-nether,766,druid,restoration,12,8,4
Ghxsty,silvermoon,766,druid,restoration,18,8,10
Джунали,howling-fjord,766,druid,restoration,24,8,16
Uncleruccus,outland,766,druid,restoration,24,8,16
Skrith,stormscale,766,druid,restoration,24,8,16
Мерлинз,lich-king,765,druid,restoration,12,8,4
Berkalicious,frostmane,765,druid,restoration,16,9,7
Razudru,nerathor,765,druid,restoration,15,8,7
Crydotcom,aegwynn,765,druid,restoration,18,8,10
Biebear,sylvanas,765,druid,restoration,30,8,22
Wísh,stormscale,764,druid,restoration,18,8,10
Pewpewflap,kazzak,764,druid,restoration,18,8,10
Jahmandudu,ragnaros,764,druid,restoration,24,8,16
Qvadriologic,argent-dawn,763,druid,restoration,24,8,16
Aliani,trollbane,761,druid,restoration,24,8,16
Celegorn,burning-legion,760,druid,restoration,12,8,4
Ðrake,eredar,759,druid,restoration,18,8,10
Друоид,howling-fjord,759,druid,restoration,24,8,16
Kkthanks,twisting-nether,757,druid,restoration,12,8,4
Semiflora,silvermoon,757,druid,restoration,24,8,16
Karmacowboy,ravencrest,756,druid,restoration,24,8,16
Mandy,spinebreaker,755,druid,restoration,18,8,10
Vestor,ravencrest,754,druid,restoration,24,8,16
Nargaí,kargath,753,druid,restoration,18,8,10
Hootymactoot,magtheridon,752,druid,restoration,12,8,4
Pobrica,stormscale,751,druid,restoration,17,8,9
Norrma,silvermoon,751,druid,restoration,24,8,16
Ostara,blackmoore,751,druid,restoration,24,8,16
Malfis,the-maelstrom,748,druid,restoration,18,8,10
Wildblu,nemesis,748,druid,restoration,24,8,16
Bug,eredar,747,druid,restoration,12,8,4
Foyboy,ravencrest,747,druid,restoration,62,13,49
Crazywild,archimonde,746,druid,restoration,18,8,10
Frostfox,ghostlands,741,druid,restoration,22,9,13
Haveacoffee,stormscale,741,druid,restoration,55,18,37
Skraks,ysondre,739,druid,restoration,30,8,22
Krayzz,tarren-mill,736,druid,restoration,28,8,20
Ivysun,auchindoun,734,druid,restoration,20,9,11
Saxondale,aszune,729,druid,restoration,18,8,10
Лордсенка,eversong,721,druid,restoration,18,8,10
Naturaliista,burning-legion,720,druid,restoration,28,8,20
Catman,eredar,717,druid,restoration,15,9,6
Jakeparkki,sylvanas,714,druid,restoration,26,9,17
Тремакулан,gordunni,711,druid,restoration,18,9,9
Rbosse,aszune,702,druid,restoration,14,8,6
Avemonthemus,silvermoon,701,druid,restoration,23,9,14
Sylocin,earthen-ring,699,druid,restoration,16,8,8
Mirreska,silvermoon,686,druid,restoration,101,30,71
Найтед,gordunni,678,druid,restoration,17,10,7
Fòggie,silvermoon,675,druid,restoration,28,9,19
Магараганага,azuregos,675,druid,restoration,25,8,17
Drblackus,draenor,672,druid,restoration,9,8,1
Vertígo,ravencrest,672,druid,restoration,12,7,5
Luuxiå,archimonde,672,druid,restoration,12,7,5
Сумрачнный,gordunni,672,druid,restoration,12,7,5
Krewèlla,emerald-dream,672,druid,restoration,12,7,5
Zarune,sanguino,672,druid,restoration,12,7,5
Jakeffsake,stormscale,672,druid,restoration,12,7,5
Buckxxz,aegwynn,672,druid,restoration,12,7,5
Ekexd,grim-batol,672,druid,restoration,12,7,5
Astodruid,defias-brotherhood,672,druid,restoration,12,7,5
Graouphro,hyjal,672,druid,restoration,12,7,5
Bárdiandru,blackhand,672,druid,restoration,12,7,5
Icecöld,silvermoon,672,druid,restoration,12,7,5
Nstt,dun-modr,672,druid,restoration,12,7,5
Jacksonh,blackmoore,672,druid,restoration,12,7,5
Innos,azshara,672,druid,restoration,12,7,5
Riddlerdruid,aegwynn,672,druid,restoration,12,7,5
Bll,defias-brotherhood,672,druid,restoration,12,7,5
Maiverdr,ravencrest,672,druid,restoration,12,7,5
Антиблэк,soulflayer,672,druid,restoration,12,7,5
Mancy,silvermoon,672,druid,restoration,12,7,5
Druidomedio,pozzo-delleternità,672,druid,restoration,12,7,5
Zhényá,ravencrest,672,druid,restoration,16,8,8
Krattos,outland,672,druid,restoration,18,7,11
Eduthecat,dun-modr,672,druid,restoration,18,7,11
Buzzlîghtyea,outland,672,druid,restoration,18,7,11
Juhato,outland,672,druid,restoration,18,7,11
Darkyblood,archimonde,672,druid,restoration,18,7,11
Xanánioma,ravencrest,672,druid,restoration,18,7,11
Smightydr,silvermoon,672,druid,restoration,18,7,11
Djalexdruid,kazzak,672,druid,restoration,18,7,11
Higuys,the-maelstrom,672,druid,restoration,18,7,11
Bgwell,archimonde,672,druid,restoration,18,7,11
Sonyk,drakthul,672,druid,restoration,18,7,11
Boomkïn,draenor,672,druid,restoration,18,7,11
Mommymìlkers,archimonde,672,druid,restoration,18,7,11
Vivere,frostmane,672,druid,restoration,23,7,16
Stormendru,kazzak,672,druid,restoration,24,7,17
Coineagan,frostmourne,672,druid,restoration,24,7,17
Kluggerz,silvermoon,672,druid,restoration,24,7,17
Стомпбр,gordunni,672,druid,restoration,24,7,17
Inochi,ravencrest,672,druid,restoration,24,7,17
Eduarda,dun-modr,672,druid,restoration,24,7,17
Тое,soulflayer,671,druid,restoration,12,7,5
Мамамышь,gordunni,671,druid,restoration,12,7,5
Hristiana,outland,671,druid,restoration,12,7,5
Yeroso,burning-legion,671,druid,restoration,12,7,5
Гимодера,gordunni,671,druid,restoration,12,7,5
Darktigrou,archimonde,671,druid,restoration,12,7,5
Thyana,blackrock,671,druid,restoration,12,7,5
Nicotic,kazzak,671,druid,restoration,12,7,5
Zatarmix,sylvanas,671,druid,restoration,12,7,5
Kladdkaka,earthen-ring,671,druid,restoration,12,7,5
Badballance,outland,671,druid,restoration,12,7,5
Pomdöner,echsenkessel,671,druid,restoration,12,7,5
Shackari,ravencrest,671,druid,restoration,12,7,5
Rosskemp,tarren-mill,671,druid,restoration,18,7,11
Wizår,outland,671,druid,restoration,18,7,11
Møonknight,ravencrest,671,druid,restoration,18,7,11
Zkasnoname,archimonde,671,druid,restoration,18,7,11
Bayerant,burning-legion,671,druid,restoration,24,7,17
Шеданна,gordunni,671,druid,restoration,24,7,17
Funkagenda,silvermoon,670,druid,restoration,12,7,5
Greenberry,eonar,670,druid,restoration,12,7,5
Azumera,silvermoon,670,druid,restoration,12,7,5
Behemothe,dalaran,670,druid,restoration,12,7,5
Blòódý,ravencrest,670,druid,restoration,12,7,5
Cerius,drakthul,670,druid,restoration,12,7,5
Chiendetalus,ysondre,670,druid,restoration,12,7,5
Valoryon,outland,670,druid,restoration,12,7,5
Alvee,ravencrest,670,druid,restoration,14,8,6
Elysiá,twisting-nether,670,druid,restoration,18,7,11
Imissclone,outland,670,druid,restoration,18,7,11
Muffinjump,outland,670,druid,restoration,18,7,11
Proxis,the-maelstrom,670,druid,restoration,18,7,11
Gotyoufam,tarren-mill,670,druid,restoration,21,8,13
Flomaster,stormscale,670,druid,restoration,24,7,17
Naicy,khaz-modan,670,druid,restoration,30,7,23
Nortii,drakthul,669,druid,restoration,12,7,5
Derie,nazjatar,669,druid,restoration,18,7,11
Xavoths,outland,669,druid,restoration,18,7,11
Daarty,tarren-mill,669,druid,restoration,18,7,11
Azenoir,ravencrest,669,druid,restoration,18,7,11
Melcharis,frostwolf,669,druid,restoration,18,7,11
Gailiûga,kazzak,669,druid,restoration,25,8,17
Druidbox,ravencrest,668,druid,restoration,12,7,5
Coínlíp,drakthul,668,druid,restoration,24,7,17
Belucky,outland,668,druid,restoration,24,7,17
Shäylä,sinstralis,667,druid,restoration,12,7,5
Takar,dalaran,667,druid,restoration,18,7,11
Thaeldres,argent-dawn,667,druid,restoration,18,7,11
Làzerðjings,archimonde,667,druid,restoration,18,7,11
Nyha,garrosh,667,druid,restoration,24,7,17
Druidul,sylvanas,666,druid,restoration,12,7,5
Bepanten,azshara,665,druid,restoration,18,7,11
Syre,pozzo-delleternità,664,druid,restoration,12,7,5
Bloomzy,outland,662,druid,restoration,18,7,11
Druiddamage,the-maelstrom,660,druid,restoration,18,7,11
Raktav,kazzak,659,druid,restoration,12,7,5
Rukashi,die-aldor,659,druid,restoration,12,7,5
Kinisha,dun-morogh,659,druid,restoration,18,7,11
Сутулоерыгло,howling-fjord,658,druid,restoration,20,7,13
Бацна,gordunni,656,druid,restoration,24,7,17
Florizar,elune,650,druid,restoration,18,7,11
Yzher,khaz-modan,639,druid,restoration,14,8,6
Lyvaley,dun-modr,629,druid,restoration,28,7,21
Унаген,howling-fjord,624,druid,restoration,15,8,7
Kùrámágødx,ravencrest,624,druid,restoration,17,7,10
Нюхнимедведя,blackscar,623,druid,restoration,11,7,4
Hotmenow,antonidas,622,druid,restoration,11,7,4
Fatdroodz,draenor,622,druid,restoration,30,8,22
Tmhaikyu,blackhand,621,druid,restoration,21,8,13
Амильфийка,blackscar,617,druid,restoration,15,8,7
Revoidý,blackmoore,617,druid,restoration,32,8,24
Whitemaine,aggramar,615,druid,restoration,14,8,6
ßïgßúll,twisting-nether,614,druid,restoration,19,8,11
Chainbrake,sylvanas,611,druid,restoration,21,10,11
Thespanker,aggramar,608,druid,restoration,10,7,3
Yamsha,dalaran,607,druid,restoration,16,7,9
Метафрея,gordunni,605,druid,restoration,11,7,4
Horkz,frostmourne,605,druid,restoration,17,7,10
Kerataas,lightnings-blade,603,druid,restoration,17,7,10
Medreas,argent-dawn,594,druid,restoration,16,7,9
Moonwrath,hyjal,591,druid,restoration,19,7,12
Kirkey,terokkar,586,druid,restoration,83,37,46
Draxedin,kazzak,576,druid,restoration,6,6,0
Abercrombx,thrall,576,druid,restoration,6,6,0
Bilmo,ragnaros,576,druid,restoration,12,6,6
Bøømerswågxx,twisting-nether,576,druid,restoration,12,6,6
Telpha,onyxia,576,druid,restoration,12,6,6
Outformpoly,ravencrest,576,druid,restoration,12,6,6
Hecatos,hyjal,576,druid,restoration,12,6,6
Tafsiri,stormscale,576,druid,restoration,12,6,6
Tinkérbell,blackmoore,576,druid,restoration,12,6,6
Thorns,blackrock,576,druid,restoration,12,6,6
Mccarthy,archimonde,576,druid,restoration,12,6,6
Tashani,blackhand,576,druid,restoration,12,6,6
Vacuumcleanr,ravencrest,576,druid,restoration,12,6,6
Thilethyl,aggra-português,576,druid,restoration,12,6,6
Biggttgothgf,doomhammer,576,druid,restoration,12,6,6
Poporseven,archimonde,576,druid,restoration,12,6,6
Piñaclo,archimonde,576,druid,restoration,12,6,6
Vindruva,ravencrest,576,druid,restoration,12,6,6
Shumamakan,nemesis,576,druid,restoration,12,6,6
Exzotic,ravencrest,576,druid,restoration,12,6,6
Zikloe,arathor,576,druid,restoration,12,6,6
Pogidruid,ragnaros,576,druid,restoration,12,6,6
Lolimadudu,silvermoon,576,druid,restoration,12,6,6
Kyssope,chants-éternels,576,druid,restoration,12,6,6
Sakkosækk,ravencrest,576,druid,restoration,12,6,6
Freddyßear,draenor,576,druid,restoration,12,6,6
Jhiun,ragnaros,576,druid,restoration,12,6,6
Daurex,stormreaver,576,druid,restoration,12,6,6
Sálty,aegwynn,576,druid,restoration,12,6,6
Ravnac,aegwynn,576,druid,restoration,12,6,6
Nivcat,kazzak,576,druid,restoration,12,6,6
Zaelithree,archimonde,576,druid,restoration,12,6,6
Jincksdru,ravencrest,576,druid,restoration,12,6,6
Cyriaan,eredar,576,druid,restoration,12,6,6
Theforest,stormscale,576,druid,restoration,12,6,6
Rycnd,tarren-mill,576,druid,restoration,12,6,6
Ferraribob,ravencrest,576,druid,restoration,12,6,6
Dijii,the-maelstrom,576,druid,restoration,13,6,7
Worsteux,blackrock,576,druid,restoration,14,6,8
Âurum,silvermoon,576,druid,restoration,14,6,8
Ãmba,blackrock,576,druid,restoration,15,6,9
Tjillevippen,tarren-mill,576,druid,restoration,18,6,12
Pölkky,argent-dawn,576,druid,restoration,18,6,12
Dëlins,outland,576,druid,restoration,18,6,12
Randomnup,sanguino,576,druid,restoration,18,6,12
Deazydrood,blackrock,576,druid,restoration,18,6,12
Neverpanic,stormscale,576,druid,restoration,18,6,12
Critdruid,kazzak,576,druid,restoration,18,6,12
Tallu,das-konsortium,576,druid,restoration,18,6,12
Miyokô,grim-batol,576,druid,restoration,18,6,12
Animaldoh,kazzak,576,druid,restoration,18,6,12
Nellro,blackrock,576,druid,restoration,18,6,12
Suevlaki,ragnaros,576,druid,restoration,18,6,12
Shlipshlap,eredar,576,druid,restoration,24,6,18
Meall,blackmoore,575,druid,restoration,6,6,0
Märe,defias-brotherhood,575,druid,restoration,12,6,6
Fordirion,ravencrest,575,druid,restoration,12,6,6
Wykked,outland,575,druid,restoration,12,6,6
Lanmìe,malganis,575,druid,restoration,12,6,6
Scarrymonsta,outland,575,druid,restoration,12,6,6
Марголав,gordunni,575,druid,restoration,12,6,6
Thiudaish,tarren-mill,575,druid,restoration,12,6,6
Bullwyse,malganis,575,druid,restoration,12,6,6
Берды,gordunni,575,druid,restoration,12,6,6
Mistgone,hyjal,575,druid,restoration,12,6,6
Jinxaran,culte-de-la-rive-noire,575,druid,restoration,12,6,6
Garbloom,silvermoon,575,druid,restoration,12,6,6
Lucidor,frostmane,575,druid,restoration,12,6,6
Iamsocute,silvermoon,575,druid,restoration,12,6,6
Diazepam,draenor,575,druid,restoration,12,6,6
Jasof,sylvanas,575,druid,restoration,15,7,8
Chintawaz,archimonde,575,druid,restoration,16,7,9
Sóratas,blackhand,575,druid,restoration,18,6,12
Drbark,blackmoore,575,druid,restoration,18,6,12
Урголяфа,gordunni,575,druid,restoration,18,6,12
Fiq,silvermoon,575,druid,restoration,18,6,12
Pouletqt,archimonde,575,druid,restoration,18,6,12
Dorange,stormscale,575,druid,restoration,18,6,12
Ipiridian,kargath,575,druid,restoration,18,6,12
Storfjåset,stormscale,575,druid,restoration,18,6,12
Mascraxx,earthen-ring,575,druid,restoration,18,6,12
Séifér,auchindoun,575,druid,restoration,18,6,12
Sartipus,draenor,575,druid,restoration,18,6,12
Emidrem,ravencrest,575,druid,restoration,22,7,15
Myos,conseil-des-ombres,574,druid,restoration,12,6,6
Paskixoxo,ravencrest,574,druid,restoration,12,6,6
Eriaeda,stormscale,574,druid,restoration,12,6,6
Mjutun,outland,574,druid,restoration,12,6,6
Silverdice,thrall,574,druid,restoration,12,6,6
Оксинаген,ashenvale,574,druid,restoration,12,6,6
Spritzer,tarren-mill,574,druid,restoration,12,6,6
Coolbro,hyjal,574,druid,restoration,12,6,6
Tsihsel,ravencrest,574,druid,restoration,12,6,6
Rìften,stormscale,574,druid,restoration,18,6,12
Acalien,ambossar,574,druid,restoration,18,6,12
Goatmeal,draenor,574,druid,restoration,24,6,18
Зервес,gordunni,574,druid,restoration,24,6,18
Oaky,alonsus,573,druid,restoration,12,6,6
Ragdru,twisting-nether,573,druid,restoration,24,6,18
Shadówglen,defias-brotherhood,573,druid,restoration,30,6,24
Deb,uldaman,572,druid,restoration,12,6,6
Aspegic,grim-batol,572,druid,restoration,30,6,24
Gargasina,colinas-pardas,571,druid,restoration,16,9,7
Wildsoul,hyjal,571,druid,restoration,12,6,6
Nøboorst,ravencrest,571,druid,restoration,12,6,6
Arenus,argent-dawn,571,druid,restoration,18,6,12
Neridris,argent-dawn,570,druid,restoration,12,6,6
Pussn,twisting-nether,570,druid,restoration,18,6,12
Эгерме24FA33,howling-fjord,569,druid,restoration,12,6,6
Barki,silvermoon,569,druid,restoration,18,6,12
Essya,earthen-ring,569,druid,restoration,31,7,24
Olekh,nemesis,568,druid,restoration,12,6,6
Roséa,ravencrest,568,druid,restoration,18,6,12
Walkao,tarren-mill,566,druid,restoration,12,6,6
Wellsie,blackmoore,565,druid,restoration,18,6,12
Jusar,hyjal,564,druid,restoration,12,6,6
Rakhajan,twisting-nether,553,druid,restoration,35,6,29
Fanso,burning-legion,543,druid,restoration,18,7,11
Vlookup,tarren-mill,543,druid,restoration,17,6,11
Siahra,khaz-modan,534,druid,restoration,48,6,42
Deliveru,outland,527,druid,restoration,17,6,11
Orgazmo,archimonde,526,druid,restoration,17,6,11
Noodledru,tarren-mill,526,druid,restoration,21,6,15
Laserlars,blackrock,522,druid,restoration,13,7,6
Zagrem,antonidas,522,druid,restoration,16,7,9
Dablolo,ravencrest,521,druid,restoration,12,7,5
Sethdr,hyjal,511,druid,restoration,20,6,14
Bartoluca,twisting-nether,488,druid,restoration,40,7,33
Bembz,twisting-nether,480,druid,restoration,6,5,1
Мегабамбук,soulflayer,480,druid,restoration,6,5,1
Miskydruid,kazzak,480,druid,restoration,6,5,1
Mykk,ravencrest,480,druid,restoration,6,5,1
Quadpulse,ravencrest,480,druid,restoration,6,5,1
Coldyxzqt,blackrock,480,druid,restoration,6,5,1
Feinrippjoe,blackhand,480,druid,restoration,6,5,1
Mohyo,antonidas,480,druid,restoration,6,5,1
Druidtar,burning-steppes,480,druid,restoration,6,5,1
Celetik,archimonde,480,druid,restoration,6,5,1
Bobthebull,ragnaros,480,druid,restoration,6,5,1
Napsta,sylvanas,480,druid,restoration,12,5,7
Músclébéach,silvermoon,480,druid,restoration,12,5,7
Querasidru,ravencrest,480,druid,restoration,12,5,7
Fjry,draenor,480,druid,restoration,12,5,7
Feyzode,ysondre,480,druid,restoration,12,5,7
Alásea,kazzak,480,druid,restoration,12,5,7
Thatzdmg,blackmoore,480,druid,restoration,12,5,7
Devastras,ravencrest,480,druid,restoration,12,5,7
Cheddar,tyrande,480,druid,restoration,12,5,7
Vaacku,stormreaver,480,druid,restoration,12,5,7
Demncow,twisting-nether,480,druid,restoration,12,5,7
Trollingt,draenor,480,druid,restoration,12,5,7
Crysís,sanguino,480,druid,restoration,12,5,7
Ppr,stormscale,480,druid,restoration,12,5,7
Jebaitor,tarren-mill,480,druid,restoration,12,5,7
Pøwêr,blackrock,480,druid,restoration,12,5,7
Beerform,ravencrest,480,druid,restoration,12,5,7
Nuurah,silvermoon,480,druid,restoration,12,5,7
Хекзкор,ashenvale,480,druid,restoration,12,5,7
Skoony,kazzak,480,druid,restoration,12,5,7
Trashgamex,eredar,480,druid,restoration,12,5,7
Аронэл,blackscar,480,druid,restoration,12,5,7
Druni,blackrock,480,druid,restoration,12,5,7
Marmotini,the-maelstrom,480,druid,restoration,12,5,7
Xenrakh,blackhand,480,druid,restoration,12,5,7
Horstyolo,blackrock,480,druid,restoration,12,5,7
Daisyx,eredar,480,druid,restoration,12,5,7
Speegle,kazzak,480,druid,restoration,12,5,7
Pomjo,archimonde,480,druid,restoration,12,5,7
Skirr,kelthuzad,480,druid,restoration,12,5,7
Chæmp,blackmoore,480,druid,restoration,12,5,7
Druidicchi,stormscale,480,druid,restoration,12,5,7
Spoilers,amanthul,480,druid,restoration,12,5,7
Billydruida,sanguino,480,druid,restoration,12,5,7
Solonely,argent-dawn,480,druid,restoration,12,5,7
Búse,twisting-nether,480,druid,restoration,12,5,7
Димадубощит,blackscar,480,druid,restoration,12,5,7
Asude,outland,480,druid,restoration,12,5,7
Kvalitet,outland,480,druid,restoration,12,5,7
Bloomitizé,ravencrest,480,druid,restoration,12,5,7
Tokamon,blackrock,480,druid,restoration,12,5,7
Neshalry,blackhand,480,druid,restoration,13,5,8
Emersyn,ragnaros,480,druid,restoration,17,5,12
Локотьдрева,gordunni,480,druid,restoration,18,5,13
Øxxy,ravencrest,480,druid,restoration,18,5,13
Patrík,twisting-nether,480,druid,restoration,18,5,13
Bigbaddream,stormscale,480,druid,restoration,18,5,13
Mealann,drakthul,480,druid,restoration,18,5,13
Zladium,laughing-skull,480,druid,restoration,18,5,13
Nubsi,aegwynn,480,druid,restoration,18,5,13
Restaidpvs,wildhammer,480,druid,restoration,18,5,13
Åzjôl,magtheridon,480,druid,restoration,18,5,13
Subu,drakthul,480,druid,restoration,18,5,13
Erelieva,silvermoon,480,druid,restoration,18,5,13
Ñãvy,archimonde,479,druid,restoration,6,5,1
Ashiothie,argent-dawn,479,druid,restoration,6,5,1
Rocknrollà,doomhammer,479,druid,restoration,6,5,1
Клиптыч,soulflayer,479,druid,restoration,6,5,1
Wozay,archimonde,479,druid,restoration,12,5,7
Shadowdury,frostwolf,479,druid,restoration,12,5,7
Xaeerow,archimonde,479,druid,restoration,12,5,7
Nrathal,doomhammer,479,druid,restoration,12,5,7
Greenthûmbs,sylvanas,479,druid,restoration,12,5,7
Druul,frostwolf,479,druid,restoration,12,5,7
Skatten,the-maelstrom,479,druid,restoration,12,5,7
Epidruid,stormrage,479,druid,restoration,12,5,7
Sieur,archimonde,479,druid,restoration,12,5,7
Inspira,teldrassil,479,druid,restoration,12,5,7
Dáxó,thrall,479,druid,restoration,12,5,7
Släshes,stormreaver,479,druid,restoration,12,5,7
Айшиш,gordunni,479,druid,restoration,12,5,7
Delphina,dun-modr,479,druid,restoration,12,5,7
Alfrëd,quelthalas,479,druid,restoration,12,5,7
Bhorumir,colinas-pardas,479,druid,restoration,12,5,7
Quiksx,blackrock,479,druid,restoration,13,5,8
Drix,frostwolf,479,druid,restoration,15,5,10
Akínos,tarren-mill,479,druid,restoration,18,5,13
Swo,emeriss,479,druid,restoration,18,5,13
Hâyâbusa,antonidas,479,druid,restoration,18,5,13
Jemyd,aegwynn,479,druid,restoration,24,5,19
Absolutsprit,kazzak,479,druid,restoration,30,5,25
Kroshka,sylvanas,478,druid,restoration,12,5,7
Lùmy,arygos,478,druid,restoration,12,5,7
Шмыгадру,eversong,478,druid,restoration,12,5,7
Tightaníc,sylvanas,478,druid,restoration,12,5,7
Kuivea,the-maelstrom,478,druid,restoration,18,5,13
Yodox,kazzak,477,druid,restoration,6,5,1
Kodobursto,stormscale,477,druid,restoration,12,5,7
Xtrakul,bloodfeather,477,druid,restoration,12,5,7
Wybsalt,dragonblight,477,druid,restoration,18,5,13
Aelly,stormreaver,475,druid,restoration,12,5,7
Sýrês,malganis,475,druid,restoration,12,5,7
Томография,howling-fjord,475,druid,restoration,12,5,7
Prowlinger,silvermoon,473,druid,restoration,12,5,7
Alatie,sylvanas,473,druid,restoration,12,5,7
Dudu,sinstralis,473,druid,restoration,12,5,7
Retroix,nefarian,473,druid,restoration,19,5,14
Voodoodrood,draenor,473,druid,restoration,30,5,25
Minimuuh,blackhand,472,druid,restoration,12,5,7
Wolfheart,norgannon,472,druid,restoration,12,5,7
Adminble,alakir,469,druid,restoration,18,5,13
Iamtheone,ragnaros,463,druid,restoration,17,5,12
Druidicmorr,sylvanas,447,druid,restoration,10,5,5
Flandersdru,ravencrest,447,druid,restoration,11,5,6
Dhomaris,emerald-dream,447,druid,restoration,17,5,12
Happyhippo,arathor,447,druid,restoration,17,5,12
Ambracer,silvermoon,444,druid,restoration,8,6,2
Sumecßeast,aegwynn,432,druid,restoration,15,6,9
Исмалат,howling-fjord,429,druid,restoration,11,5,6
Pfandmalle,blackrock,426,druid,restoration,14,6,8
Nythielle,argent-dawn,426,druid,restoration,20,6,14
Smradzblech,drakthul,425,druid,restoration,16,6,10
Avilary,tarren-mill,425,druid,restoration,20,6,14
Rumjin,burning-blade,419,druid,restoration,34,7,27
Kotkacy,silvermoon,416,druid,restoration,10,5,5
Qjkuug,ravencrest,416,druid,restoration,10,5,5
Meridus,thrall,400,druid,restoration,13,5,8
Vineguhl,thrall,399,druid,restoration,5,5,0
Druidka,grim-batol,384,druid,restoration,6,4,2
Sensisdruid,blackmoore,384,druid,restoration,6,4,2
Starlites,silvermoon,384,druid,restoration,6,4,2
Xandersito,sanguino,384,druid,restoration,6,4,2
Zeroclones,the-maelstrom,384,druid,restoration,6,4,2
Xanguinary,outland,384,druid,restoration,6,4,2
Hwrén,stormscale,384,druid,restoration,6,4,2
Kapidrooqt,suramar,384,druid,restoration,6,4,2
Heathen,defias-brotherhood,384,druid,restoration,6,4,2
Cyclonebot,kazzak,384,druid,restoration,6,4,2
Сокдобрый,gordunni,384,druid,restoration,6,4,2
Bullbash,twisting-nether,384,druid,restoration,6,4,2
Ààlunåhlolz,azjolnerub,384,druid,restoration,6,4,2
Lerralol,eredar,384,druid,restoration,6,4,2
Claptastic,magtheridon,384,druid,restoration,6,4,2
Híraad,blackmoore,384,druid,restoration,6,4,2
Балаклаваа,soulflayer,384,druid,restoration,6,4,2
Cykablyaster,defias-brotherhood,384,druid,restoration,6,4,2
Notmyfriend,sylvanas,384,druid,restoration,6,4,2
Maltøx,archimonde,384,druid,restoration,6,4,2
Феразинария,gordunni,384,druid,restoration,6,4,2
Jimmyjam,archimonde,384,druid,restoration,6,4,2
Tormentedlol,outland,384,druid,restoration,6,4,2
Béstfriend,uldum,384,druid,restoration,6,4,2
Zuldram,uldaman,384,druid,restoration,6,4,2
Àrkange,hyjal,384,druid,restoration,6,4,2
Mentaldead,tarren-mill,384,druid,restoration,6,4,2
Fadâ,archimonde,384,druid,restoration,6,4,2
Shegal,uldum,384,druid,restoration,6,4,2
Tlxrdlx,archimonde,384,druid,restoration,6,4,2
Bearmeister,kazzak,384,druid,restoration,6,4,2
Bombiix,sanguino,384,druid,restoration,6,4,2
Theeix,twisting-nether,384,druid,restoration,6,4,2
Neuroz,ravencrest,384,druid,restoration,6,4,2
Koala,temple-noir,384,druid,restoration,6,4,2
Chelsealeart,frostmane,384,druid,restoration,15,5,10
Baraforet,archimonde,384,druid,restoration,12,4,8
Jöggel,perenolde,384,druid,restoration,12,4,8
Farmmygold,dun-modr,384,druid,restoration,12,4,8
Skeolicious,hyjal,384,druid,restoration,12,4,8
Meowu,twisting-nether,384,druid,restoration,12,4,8
Pedra,zuljin,384,druid,restoration,12,4,8
Muushu,aegwynn,384,druid,restoration,12,4,8
Sìmbano,eredar,384,druid,restoration,12,4,8
Noggerglatze,blackrock,384,druid,restoration,12,4,8
Koniny,drakthul,384,druid,restoration,12,4,8
Сулинея,blackscar,384,druid,restoration,12,4,8
Ðon,nemesis,384,druid,restoration,12,4,8
Swiftlife,blackrock,384,druid,restoration,12,4,8
Toffyfee,anetheron,384,druid,restoration,12,4,8
Jý,die-arguswacht,384,druid,restoration,12,4,8
Monfroar,archimonde,384,druid,restoration,12,4,8
Crazydos,tarren-mill,384,druid,restoration,12,4,8
Flewks,silvermoon,384,druid,restoration,12,4,8
Exilliá,twisting-nether,384,druid,restoration,12,4,8
Wurzeldor,ravencrest,384,druid,restoration,12,4,8
Biglet,tarren-mill,384,druid,restoration,12,4,8
Wheezygamer,aegwynn,384,druid,restoration,12,4,8
Àlec,silvermoon,384,druid,restoration,12,4,8
Jaesax,twisting-nether,384,druid,restoration,12,4,8
Daleen,silvermoon,384,druid,restoration,12,4,8
Wakefields,dun-modr,384,druid,restoration,12,4,8
Jabizz,azjolnerub,384,druid,restoration,12,4,8
Найадра,gordunni,384,druid,restoration,12,4,8
Hotundwech,blackrock,384,druid,restoration,12,4,8
Curtainscall,kazzak,384,druid,restoration,12,4,8
Irrlycht,blackrock,384,druid,restoration,12,4,8
Cumulisama,sylvanas,384,druid,restoration,12,4,8
Sqoopy,tarren-mill,384,druid,restoration,12,4,8
Zivela,blackrock,384,druid,restoration,12,4,8
Celtimi,antonidas,384,druid,restoration,12,4,8
Murlwywy,blackmoore,384,druid,restoration,12,4,8
Громозилка,soulflayer,384,druid,restoration,12,4,8
Shapeshiptur,argent-dawn,384,druid,restoration,12,4,8
Иная,grom,384,druid,restoration,12,4,8
Hûibûh,eredar,384,druid,restoration,12,4,8
Kobra,twilights-hammer,384,druid,restoration,12,4,8
Holdmabeer,blackmoore,384,druid,restoration,12,4,8
Ravenfel,argent-dawn,384,druid,restoration,12,4,8
Litany,drakthul,384,druid,restoration,13,4,9
Moolß,uldaman,384,druid,restoration,18,4,14
Frequentist,ragnaros,384,druid,restoration,18,4,14
Grunka,silvermoon,384,druid,restoration,18,4,14
Tacobender,tarren-mill,384,druid,restoration,18,4,14
Grüezi,sylvanas,384,druid,restoration,18,4,14
Hrz,kazzak,384,druid,restoration,18,4,14
Nezara,kazzak,384,druid,restoration,18,4,14
Bignunu,silvermoon,384,druid,restoration,18,4,14
Yøungreidzz,blackrock,384,druid,restoration,24,4,20
Ymagyne,frostmane,384,druid,restoration,24,4,20
Jabbah,defias-brotherhood,383,druid,restoration,6,4,2
Entler,twilights-hammer,383,druid,restoration,6,4,2
Santoniq,dun-morogh,383,druid,restoration,6,4,2
Blackfür,sylvanas,383,druid,restoration,6,4,2
Lathlas,defias-brotherhood,383,druid,restoration,6,4,2
Бабазарулем,fordragon,383,druid,restoration,6,4,2
Cmfg,blackrock,383,druid,restoration,6,4,2
Сигстейнхохо,blackscar,383,druid,restoration,12,4,8
Noxndruid,blackhand,383,druid,restoration,12,4,8
Hefdgaharald,antonidas,383,druid,restoration,12,4,8
Thornstar,sylvanas,383,druid,restoration,12,4,8
Zydruid,silvermoon,383,druid,restoration,12,4,8
Semenisback,archimonde,383,druid,restoration,12,4,8
Høpè,die-silberne-hand,383,druid,restoration,12,4,8
Замакибо,howling-fjord,383,druid,restoration,12,4,8
Druidguy,ghostlands,383,druid,restoration,12,4,8
Arns,kazzak,383,druid,restoration,12,4,8
Xidenn,quelthalas,383,druid,restoration,12,4,8
Opla,nethersturm,383,druid,restoration,12,4,8
Itê,dun-morogh,383,druid,restoration,18,4,14
Leeonore,burning-legion,383,druid,restoration,18,4,14
Шикалат,howling-fjord,383,druid,restoration,24,4,20
Xele,destromath,382,druid,restoration,6,4,2
Mongetout,ravencrest,382,druid,restoration,6,4,2
Девочкамиши,soulflayer,382,druid,restoration,10,6,4
Pega,nazjatar,382,druid,restoration,12,4,8
Murma,dalaran,382,druid,restoration,12,4,8
Nàrina,der-abyssische-rat,381,druid,restoration,12,4,8
Amalou,ravencrest,381,druid,restoration,12,4,8
Nermax,kazzak,381,druid,restoration,12,4,8
Dolob,ragnaros,381,druid,restoration,18,4,14
Thaurus,durotan,380,druid,restoration,12,4,8
Tranquillo,outland,379,druid,restoration,12,4,8
Фигоначи,soulflayer,379,druid,restoration,12,4,8
Arrock,malfurion,378,druid,restoration,12,4,8
Nøkki,draenor,367,druid,restoration,21,8,13
Jincksdru,anachronos,367,druid,restoration,11,4,7
Demerit,defias-brotherhood,351,druid,restoration,11,4,7
Ymöthep,archimonde,351,druid,restoration,11,4,7
Stkk,dun-modr,351,druid,restoration,11,4,7
Wolig,tarren-mill,351,druid,restoration,11,4,7
Biegel,ysera,351,druid,restoration,11,4,7
Fapmasterx,eredar,351,druid,restoration,23,4,19
Lyhene,outland,339,druid,restoration,32,8,24
Mymoms,stormscale,336,druid,restoration,15,4,11
Wuppii,blackmoore,329,druid,restoration,10,6,4
Swarmah,draenor,329,druid,restoration,18,5,13
Hubek,silvermoon,328,druid,restoration,8,6,2
Lsdpinkcandy,twisting-nether,319,druid,restoration,16,4,12
Hairytree,outland,318,druid,restoration,14,4,10
Jirenthegrey,antonidas,318,druid,restoration,14,4,10
Mímír,frostmane,317,druid,restoration,10,4,6
Elsnorro,sylvanas,313,druid,restoration,19,5,14
Rëckiah,ysondre,304,druid,restoration,13,4,9
Eftersmak,ravencrest,288,druid,restoration,6,3,3
Nobrainopain,aegwynn,288,druid,restoration,6,3,3
Ærõxy,aegwynn,288,druid,restoration,6,3,3
Whisk,ravencrest,288,druid,restoration,6,3,3
Qwopeiqpwoid,kazzak,288,druid,restoration,6,3,3
Ghøstavdruid,ravencrest,288,druid,restoration,6,3,3
Benfufu,kazzak,288,druid,restoration,6,3,3
Whelpss,archimonde,288,druid,restoration,6,3,3
Cøwgirl,draenor,288,druid,restoration,6,3,3
Zaethul,draenor,288,druid,restoration,6,3,3
Moonbloom,defias-brotherhood,288,druid,restoration,6,3,3
Dezcore,hyjal,288,druid,restoration,6,3,3
ßot,hyjal,288,druid,restoration,6,3,3
Furbyz,kazzak,288,druid,restoration,6,3,3
Magiskeforme,draenor,288,druid,restoration,6,3,3
Droodyàz,hyjal,288,druid,restoration,6,3,3
Djdishwasher,kazzak,288,druid,restoration,6,3,3
Ripmacmiller,grim-batol,288,druid,restoration,6,3,3
Pipima,kazzak,288,druid,restoration,6,3,3
Myndraa,varimathras,288,druid,restoration,6,3,3
Ipsdray,ysondre,288,druid,restoration,6,3,3
Shìinx,hyjal,288,druid,restoration,6,3,3
Spielmann,ravencrest,288,druid,restoration,6,3,3
Bêlion,dun-modr,288,druid,restoration,6,3,3
Thecousins,ravencrest,288,druid,restoration,6,3,3
Peaches,aerie-peak,288,druid,restoration,6,3,3
Sygko,kazzak,288,druid,restoration,6,3,3
Darkömwz,ysondre,288,druid,restoration,6,3,3
Preda,thunderhorn,288,druid,restoration,6,3,3
Qb,blackrock,288,druid,restoration,6,3,3
Shyni,outland,288,druid,restoration,6,3,3
Faustîno,dun-modr,288,druid,restoration,6,3,3
Lèafy,silvermoon,288,druid,restoration,6,3,3
Couleaf,stormscale,288,druid,restoration,6,3,3
Noobr,ravencrest,288,druid,restoration,6,3,3
Gehrkehotter,silvermoon,288,druid,restoration,6,3,3
Friyiee,stormscale,288,druid,restoration,6,3,3
Maníx,tarren-mill,288,druid,restoration,6,3,3
Сайнтификх,gordunni,288,druid,restoration,6,3,3
Milknosugar,tarren-mill,288,druid,restoration,6,3,3
Youngdipper,draenor,288,druid,restoration,6,3,3
Sportzdruid,argent-dawn,288,druid,restoration,6,3,3
Kazekengan,draenor,288,druid,restoration,6,3,3
Drozzie,twisting-nether,288,druid,restoration,6,3,3
Vaspy,sylvanas,288,druid,restoration,6,3,3
Ríkku,sargeras,288,druid,restoration,6,3,3
Астраджет,gordunni,288,druid,restoration,6,3,3
Koprogatos,twilights-hammer,288,druid,restoration,6,3,3
Vellusdruid,burning-legion,288,druid,restoration,6,3,3
Drullenobama,silvermoon,288,druid,restoration,6,3,3
Jéssíé,silvermoon,288,druid,restoration,6,3,3
Зурсага,deathguard,288,druid,restoration,6,3,3
Lolaven,turalyon,288,druid,restoration,6,3,3
Owldschool,blackmoore,288,druid,restoration,6,3,3
Ullainho,stormscale,288,druid,restoration,6,3,3
Дробовик,soulflayer,288,druid,restoration,6,3,3
Fallken,burning-blade,288,druid,restoration,6,3,3
Myxa,arthas,288,druid,restoration,6,3,3
Skrewu,silvermoon,288,druid,restoration,6,3,3
Skuhlxz,thrall,288,druid,restoration,6,3,3
Snowlight,der-rat-von-dalaran,288,druid,restoration,6,3,3
Мехнакиске,howling-fjord,288,druid,restoration,6,3,3
Houkka,doomhammer,288,druid,restoration,6,3,3
Nøur,blackmoore,288,druid,restoration,6,3,3
Hð,blackmoore,288,druid,restoration,6,3,3
Танганэку,howling-fjord,288,druid,restoration,6,3,3
Ðrøøði,dun-modr,288,druid,restoration,6,3,3
Rumbus,sanguino,288,druid,restoration,7,3,4
Piñaclonada,archimonde,288,druid,restoration,9,3,6
Draawun,burning-legion,288,druid,restoration,11,3,8
Smarticle,aegwynn,288,druid,restoration,11,3,8
Paddyv,earthen-ring,288,druid,restoration,15,4,11
Shredz,destromath,288,druid,restoration,12,3,9
Coffeebean,twisting-nether,288,druid,restoration,12,3,9
Sojiz,outland,288,druid,restoration,12,3,9
Amazed,wildhammer,288,druid,restoration,12,3,9
Каирон,deepholm,288,druid,restoration,12,3,9
Elxa,silvermoon,288,druid,restoration,12,3,9
Wheyproteín,dun-modr,288,druid,restoration,12,3,9
Còwgummi,blackhand,288,druid,restoration,12,3,9
Sucukk,antonidas,288,druid,restoration,12,3,9
Nebrahl,silvermoon,288,druid,restoration,12,3,9
Raila,pozzo-delleternità,288,druid,restoration,12,3,9
Areidhel,pozzo-delleternità,288,druid,restoration,12,3,9
Xbrokeaf,eredar,288,druid,restoration,12,3,9
Reehzx,ravencrest,288,druid,restoration,12,3,9
Nostigon,azshara,288,druid,restoration,12,3,9
Jonnaxø,ravencrest,288,druid,restoration,12,3,9
Megustatu,ravencrest,288,druid,restoration,12,3,9
Храмульчик,blackscar,288,druid,restoration,12,3,9
Fejgi,stormreaver,288,druid,restoration,12,3,9
Eladhria,arakarahm,288,druid,restoration,12,3,9
Marryat,argent-dawn,288,druid,restoration,12,3,9
Mimesis,argent-dawn,288,druid,restoration,12,3,9
Harrasmoes,ravencrest,288,druid,restoration,12,3,9
Trntydr,senjin,288,druid,restoration,12,3,9
Toacon,destromath,288,druid,restoration,12,3,9
Lukøu,blackrock,288,druid,restoration,12,3,9
Panøràmix,archimonde,288,druid,restoration,12,3,9
Teah,darkmoon-faire,288,druid,restoration,12,3,9
Chapawee,eredar,288,druid,restoration,12,3,9
Kiirsi,arygos,288,druid,restoration,12,3,9
Jàgêr,archimonde,288,druid,restoration,12,3,9
Ritualofmoon,darkmoon-faire,288,druid,restoration,12,3,9
Emeskay,ravencrest,288,druid,restoration,12,3,9
Xecksi,twisting-nether,288,druid,restoration,12,3,9
Untouchablè,outland,288,druid,restoration,12,3,9
Jàgër,archimonde,288,druid,restoration,12,3,9
Awienx,kazzak,288,druid,restoration,12,3,9
Taugenîchts,blackmoore,288,druid,restoration,12,3,9
Navra,ravencrest,288,druid,restoration,12,3,9
Jenelin,silvermoon,288,druid,restoration,12,3,9
Dopadruid,ravencrest,288,druid,restoration,12,3,9
Ajày,sylvanas,288,druid,restoration,12,3,9
Trolthelhas,chogall,288,druid,restoration,12,3,9
Restodruidx,ravencrest,288,druid,restoration,12,3,9
Doup,alakir,288,druid,restoration,12,3,9
Ezils,silvermoon,288,druid,restoration,12,3,9
Shiotake,hyjal,288,druid,restoration,12,3,9
Hérby,kazzak,288,druid,restoration,12,3,9
Ymgrawl,zuljin,288,druid,restoration,12,3,9
Hurutuk,ysondre,288,druid,restoration,18,3,15
Amstaffio,blackhand,288,druid,restoration,18,3,15
Денчикбратиш,soulflayer,288,druid,restoration,18,3,15
Boomdruud,tarren-mill,288,druid,restoration,18,3,15
Квазарм,gordunni,288,druid,restoration,18,3,15
Rakuy,thrall,288,druid,restoration,18,3,15
Lundx,ravencrest,287,druid,restoration,6,3,3
Grimmie,frostmane,287,druid,restoration,6,3,3
Youngjin,ravencrest,287,druid,restoration,6,3,3
Kufcuf,eredar,287,druid,restoration,6,3,3
Smittly,bloodhoof,287,druid,restoration,6,3,3
Nehalem,blackrock,287,druid,restoration,6,3,3
Touchpad,archimonde,287,druid,restoration,6,3,3
Kuhlheit,der-rat-von-dalaran,287,druid,restoration,6,3,3
Aègon,ravencrest,287,druid,restoration,6,3,3
Boompjeh,chamber-of-aspects,287,druid,restoration,6,3,3
Huayhey,the-maelstrom,287,druid,restoration,6,3,3
Bigpopp,kazzak,287,druid,restoration,6,3,3
Taskingoman,twisting-nether,287,druid,restoration,6,3,3
Kuokkanen,azuremyst,287,druid,restoration,6,3,3
Tarneil,magtheridon,287,druid,restoration,6,3,3
Lùxs,silvermoon,287,druid,restoration,12,3,9
Papalegba,kilrogg,287,druid,restoration,12,3,9
Лёшациклонх,deathguard,287,druid,restoration,12,3,9
Reckóning,draenor,287,druid,restoration,12,3,9
Jeepers,quelthalas,287,druid,restoration,12,3,9
Xulian,exodar,287,druid,restoration,12,3,9
Senul,sanguino,287,druid,restoration,12,3,9
Grimbear,hellfire,287,druid,restoration,18,3,15
Kebanos,ravencrest,286,druid,restoration,6,3,3
Paniel,amanthul,286,druid,restoration,6,3,3
Urgrull,baelgun,286,druid,restoration,12,3,9
Pitsas,silvermoon,286,druid,restoration,18,3,15
Elônea,antonidas,285,druid,restoration,12,3,9
Адаладиус,howling-fjord,285,druid,restoration,42,3,39
Mooji,darksorrow,271,druid,restoration,11,3,8
Duduque,twisting-nether,255,druid,restoration,11,3,8
Bunga,quelthalas,255,druid,restoration,11,3,8
Kaliyuga,dalaran,255,druid,restoration,11,3,8
Yopi,stormscale,240,druid,restoration,15,3,12
Акетчи,howling-fjord,239,druid,restoration,5,3,2
Amélor,ragnaros,239,druid,restoration,5,3,2
Потнаякиса,grom,239,druid,restoration,5,3,2
Lxz,blackhand,234,druid,restoration,8,4,4
Izhusky,ravencrest,234,druid,restoration,8,4,4
Hamilina,thunderhorn,234,druid,restoration,9,4,5
Noegang,hyjal,234,druid,restoration,15,5,10
Therøn,dun-modr,234,druid,restoration,17,5,12
Beerplusbeer,kazzak,234,druid,restoration,23,6,17
Noxann,archimonde,234,druid,restoration,16,4,12
Bigdambitex,draenor,234,druid,restoration,16,4,12
Razorleaf,turalyon,222,druid,restoration,14,3,11
Bosco,blutkessel,192,druid,restoration,6,2,4
Skavenlol,zuljin,192,druid,restoration,6,2,4
Jimboza,stormscale,192,druid,restoration,6,2,4
Кенарейка,howling-fjord,192,druid,restoration,6,2,4
Kremhelt,outland,192,druid,restoration,6,2,4
Yugelbaum,twisting-nether,192,druid,restoration,6,2,4
Griminal,norgannon,192,druid,restoration,6,2,4
Nourishshen,silvermoon,192,druid,restoration,6,2,4
Midrialis,sinstralis,192,druid,restoration,6,2,4
Pinkpanda,arthas,192,druid,restoration,6,2,4
Bulleyo,ysondre,192,druid,restoration,6,2,4
Nelfurion,twisting-nether,192,druid,restoration,6,2,4
Mjáy,tarren-mill,192,druid,restoration,6,2,4
Conn,ravencrest,192,druid,restoration,6,2,4
Эйяфлятлайок,gordunni,192,druid,restoration,6,2,4
Sajlol,doomhammer,192,druid,restoration,6,2,4
Naraël,varimathras,192,druid,restoration,6,2,4
Brennariss,outland,192,druid,restoration,6,2,4
Cpt,xavius,192,druid,restoration,6,2,4
Benjiee,kazzak,192,druid,restoration,6,2,4
Rédbullz,silvermoon,192,druid,restoration,6,2,4
Lootmann,die-silberne-hand,192,druid,restoration,6,2,4
Alolexxtwo,archimonde,192,druid,restoration,6,2,4
Tàazz,sargeras,192,druid,restoration,6,2,4
Атитока,goldrinn,192,druid,restoration,6,2,4
Droodu,dun-modr,192,druid,restoration,6,2,4
Пикаббука,gordunni,192,druid,restoration,6,2,4
Kkona,silvermoon,192,druid,restoration,6,2,4
Rngmåchinéx,ravencrest,192,druid,restoration,6,2,4
Northstarx,kazzak,192,druid,restoration,6,2,4
Wörstplayêr,archimonde,192,druid,restoration,6,2,4
Baldhir,nemesis,192,druid,restoration,6,2,4
Trusten,nemesis,192,druid,restoration,6,2,4
Disney,ragnaros,192,druid,restoration,6,2,4
Rtxy,hyjal,192,druid,restoration,6,2,4
Zenkillers,outland,192,druid,restoration,6,2,4
Hotseîdank,blackrock,192,druid,restoration,6,2,4
Revølter,kazzak,192,druid,restoration,6,2,4
Zhiwé,ravencrest,192,druid,restoration,6,2,4
Moodee,kazzak,192,druid,restoration,6,2,4
Harryjane,antonidas,192,druid,restoration,6,2,4
Hydrochronic,ravencrest,192,druid,restoration,6,2,4
Morphael,ravencrest,192,druid,restoration,6,2,4
Palavanus,stormscale,192,druid,restoration,6,2,4
Heejåe,archimonde,192,druid,restoration,6,2,4
Адорабэль,deathguard,192,druid,restoration,6,2,4
Xerrean,ravencrest,192,druid,restoration,6,2,4
Vandalís,garrosh,192,druid,restoration,6,2,4
Drøda,aegwynn,192,druid,restoration,6,2,4
Siaz,archimonde,192,druid,restoration,6,2,4
Jamley,tarren-mill,192,druid,restoration,6,2,4
Smokahontas,kilrogg,192,druid,restoration,6,2,4
Sickomodê,blackmoore,192,druid,restoration,6,2,4
Gaiaa,kilrogg,192,druid,restoration,6,2,4
Sekunden,ravencrest,192,druid,restoration,6,2,4
Healnau,aegwynn,192,druid,restoration,6,2,4
Chrisdruid,argent-dawn,192,druid,restoration,6,2,4
Restoboi,stormscale,192,druid,restoration,6,2,4
Slimsneeky,outland,192,druid,restoration,6,2,4
Шокоокулист,gordunni,192,druid,restoration,6,2,4
Nooz,thrall,192,druid,restoration,6,2,4
Príimé,kazzak,192,druid,restoration,6,2,4
Heligakatten,twisting-nether,192,druid,restoration,10,3,7
Gonco,blackrock,192,druid,restoration,8,2,6
Baracüda,draenor,192,druid,restoration,16,3,13
Shaggí,draenor,192,druid,restoration,11,2,9
Mahero,outland,192,druid,restoration,12,2,10
Jacksonella,dun-morogh,192,druid,restoration,12,2,10
Imperador,tyrande,192,druid,restoration,12,2,10
Lyj,dalaran,192,druid,restoration,12,2,10
Maceyx,ravencrest,192,druid,restoration,12,2,10
Álou,dalaran,192,druid,restoration,12,2,10
Vertabrain,twilights-hammer,192,druid,restoration,12,2,10
Sveraés,draenor,192,druid,restoration,12,2,10
Lupiñ,sylvanas,192,druid,restoration,12,2,10
Quentalius,argent-dawn,192,druid,restoration,12,2,10
Testomake,kazzak,192,druid,restoration,12,2,10
Helpthebear,twisting-nether,192,druid,restoration,12,2,10
Nakkikastike,magtheridon,192,druid,restoration,12,2,10
Qocotte,archimonde,192,druid,restoration,12,2,10
Tayswiftmend,defias-brotherhood,192,druid,restoration,12,2,10
Skorpo,blackrock,192,druid,restoration,12,2,10
Kizanimagus,magtheridon,192,druid,restoration,12,2,10
Drâcâ,antonidas,192,druid,restoration,12,2,10
Milfurion,emerald-dream,192,druid,restoration,12,2,10
Fâucon,eitrigg,192,druid,restoration,12,2,10
Keløkss,silvermoon,192,druid,restoration,12,2,10
Anníe,tarren-mill,192,druid,restoration,12,2,10
Салона,deathguard,192,druid,restoration,12,2,10
Piper,culte-de-la-rive-noire,192,druid,restoration,12,2,10
Blâckrök,blackhand,192,druid,restoration,12,2,10
Màf,silvermoon,192,druid,restoration,12,2,10
Wahahoo,la-croisade-écarlate,192,druid,restoration,12,2,10
Amaaja,blackmoore,192,druid,restoration,12,2,10
Darkstalker,arygos,192,druid,restoration,12,2,10
Bigstop,kazzak,192,druid,restoration,17,2,15
Madmanz,arathor,192,druid,restoration,18,2,16
Quza,lightbringer,192,druid,restoration,18,2,16
Охломон,gordunni,192,druid,restoration,24,2,22
Siyoo,thrall,191,druid,restoration,6,2,4
Bingó,blutkessel,191,druid,restoration,6,2,4
Зулгасилич,howling-fjord,191,druid,restoration,6,2,4
Snifa,the-venture-co,191,druid,restoration,7,2,5
Westbeast,doomhammer,191,druid,restoration,12,2,10
Эхосна,howling-fjord,191,druid,restoration,12,2,10
Mômmôm,aggra-português,191,druid,restoration,12,2,10
Amindenes,ragnaros,191,druid,restoration,18,2,16
Charlierunkl,gorgonnash,190,druid,restoration,18,2,16
Farashh,archimonde,180,druid,restoration,23,5,18
Marynlord,dalaran,175,druid,restoration,11,2,9
Lyrvaz,ravencrest,159,druid,restoration,5,2,3
Zayrok,throkferoth,159,druid,restoration,8,3,5
Ихет,gordunni,144,druid,restoration,9,3,6
Сугрик,deathweaver,143,druid,restoration,15,2,13
Starcrash,amanthul,138,druid,restoration,6,3,3
Shipmaster,ravencrest,138,druid,restoration,8,3,5
Atomanna,blackmoore,138,druid,restoration,9,3,6
Zzblaah,archimonde,138,druid,restoration,10,3,7
Donaarr,stormscale,138,druid,restoration,12,3,9
Chauntee,draenor,138,druid,restoration,15,3,12
Prettysavage,blackhand,138,druid,restoration,19,3,16
Ihatewhales,ravencrest,128,druid,restoration,4,2,2
Lynaee,cthun,128,druid,restoration,4,2,2
Thaiboimbyy,veknilash,127,druid,restoration,4,2,2
Xneji,sylvanas,111,druid,restoration,13,2,11
Trä,earthen-ring,96,druid,restoration,3,2,1
Vicedxo,kazzak,96,druid,restoration,6,1,5
Druiruu,tarren-mill,96,druid,restoration,6,1,5
Tilikum,stormscale,96,druid,restoration,6,1,5
Blark,sylvanas,96,druid,restoration,6,1,5
Druvian,argent-dawn,96,druid,restoration,6,1,5
Oceleaf,tarren-mill,96,druid,restoration,6,1,5
Sodapop,aszune,96,druid,restoration,6,1,5
Søfiaa,argent-dawn,96,druid,restoration,6,1,5
Oltoker,korgall,96,druid,restoration,6,1,5
Phatzoo,stormscale,96,druid,restoration,6,1,5
Secô,sylvanas,96,druid,restoration,6,1,5
Blanoz,ravencrest,96,druid,restoration,6,1,5
Fedelmae,nagrand,96,druid,restoration,6,1,5
Enfy,lightbringer,96,druid,restoration,6,1,5
Feroxe,kazzak,96,druid,restoration,6,1,5
Sylindra,argent-dawn,96,druid,restoration,6,1,5
Zulk,draenor,96,druid,restoration,6,1,5
Амеллида,soulflayer,96,druid,restoration,6,1,5
Nikta,trollbane,96,druid,restoration,6,1,5
Deezforms,kazzak,96,druid,restoration,6,1,5
Hecaloth,drakthul,96,druid,restoration,6,1,5
Nanuu,sylvanas,96,druid,restoration,6,1,5
Qdrood,quelthalas,96,druid,restoration,6,1,5
Bøøstèdtréè,ravencrest,96,druid,restoration,6,1,5
Druidguden,tarren-mill,96,druid,restoration,6,1,5
Clonuts,sylvanas,96,druid,restoration,6,1,5
Ka,the-maelstrom,96,druid,restoration,6,1,5
Ilikecaipi,eredar,96,druid,restoration,6,1,5
Gámóra,argent-dawn,96,druid,restoration,6,1,5
Thebartender,khaz-modan,96,druid,restoration,6,1,5
Linkin,azshara,96,druid,restoration,6,1,5
Naturaven,sylvanas,96,druid,restoration,6,1,5
Rêvétoile,sinstralis,96,druid,restoration,6,1,5
Mommonga,onyxia,96,druid,restoration,6,1,5
Thaïs,blackmoore,96,druid,restoration,6,1,5
Пасторизсша,soulflayer,96,druid,restoration,6,1,5
Nuggetspøwa,dalaran,96,druid,restoration,6,1,5
Utuabzu,grim-batol,96,druid,restoration,6,1,5
Seekíng,blackmoore,96,druid,restoration,6,1,5
Сейтил,deathguard,96,druid,restoration,6,1,5
Chimmi,ragnaros,96,druid,restoration,6,1,5
Blodemoon,ragnaros,96,druid,restoration,6,1,5
Жарищка,soulflayer,96,druid,restoration,6,1,5
Jordnötssmör,draenor,96,druid,restoration,6,1,5
Droodae,hyjal,96,druid,restoration,6,1,5
Winstonka,doomhammer,96,druid,restoration,6,1,5
Tshungubuäch,eredar,96,druid,restoration,6,1,5
Dmai,burning-legion,96,druid,restoration,6,1,5
Kweelor,der-abyssische-rat,96,druid,restoration,6,1,5
Vaizier,defias-brotherhood,96,druid,restoration,6,1,5
Sozu,magtheridon,96,druid,restoration,6,1,5
Dízzy,malganis,96,druid,restoration,6,1,5
Kruwkamilka,burning-legion,96,druid,restoration,6,1,5
Wildsoûl,kazzak,96,druid,restoration,6,1,5
Meisterd,aegwynn,96,druid,restoration,6,1,5
Anahots,silvermoon,96,druid,restoration,6,1,5
Kisyqt,aegwynn,96,druid,restoration,6,1,5
Madmoss,twisting-nether,96,druid,restoration,6,1,5
Zoura,ysondre,96,druid,restoration,6,1,5
Мунпраид,gordunni,96,druid,restoration,6,1,5
Haginator,twisting-nether,96,druid,restoration,6,1,5
Cowárd,blackmoore,96,druid,restoration,6,1,5
Mvpx,outland,96,druid,restoration,6,1,5
Kerydwen,silvermoon,96,druid,restoration,6,1,5
Chapuk,kazzak,96,druid,restoration,6,1,5
Bartige,blackmoore,96,druid,restoration,6,1,5
Tranduiil,drakthul,96,druid,restoration,6,1,5
Тзейн,howling-fjord,96,druid,restoration,6,1,5
Horadruid,silvermoon,96,druid,restoration,6,1,5
Taicoo,outland,96,druid,restoration,6,1,5
Snorg,twisting-nether,96,druid,restoration,6,1,5
Nwal,thunderhorn,96,druid,restoration,6,1,5
Speedlebee,malganis,96,druid,restoration,6,1,5
Effi,aggramar,96,druid,restoration,6,1,5
Nøunøurss,dalaran,96,druid,restoration,6,1,5
Heala,malganis,96,druid,restoration,6,1,5
Pølïna,ysondre,96,druid,restoration,6,1,5
Neyribi,blackhand,96,druid,restoration,6,1,5
Malurith,silvermoon,96,druid,restoration,6,1,5
Maiuna,blackhand,96,druid,restoration,6,1,5
Durlehardu,archimonde,96,druid,restoration,6,1,5
Винш,grom,96,druid,restoration,6,1,5
Элнут,gordunni,96,druid,restoration,6,1,5
Jooblob,guldan,96,druid,restoration,6,1,5
Xkirtach,dun-modr,96,druid,restoration,6,1,5
Злодзейка,gordunni,96,druid,restoration,6,1,5
Gintoni,dun-modr,96,druid,restoration,6,1,5
Faladriel,zirkel-des-cenarius,96,druid,restoration,7,1,6
Xilmai,darksorrow,96,druid,restoration,12,1,11
Kli,los-errantes,96,druid,restoration,12,1,11
Лапунька,gordunni,96,druid,restoration,12,1,11
Чупакамра,gordunni,96,druid,restoration,12,1,11
Svartvit,sylvanas,96,druid,restoration,12,1,11
Avalora,the-maelstrom,96,druid,restoration,12,1,11
Kindret,dun-modr,96,druid,restoration,12,1,11
Nevthren,aggra-português,96,druid,restoration,12,1,11
Napukka,silvermoon,96,druid,restoration,12,1,11
Aisak,burning-legion,96,druid,restoration,12,1,11
Athenex,azshara,96,druid,restoration,12,1,11
Natur,gorgonnash,96,druid,restoration,12,1,11
Griimmjjow,kazzak,96,druid,restoration,12,1,11
Meowmeowmeow,stormscale,96,druid,restoration,12,1,11
Alfadera,kazzak,96,druid,restoration,12,1,11
Anniko,garona,96,druid,restoration,12,1,11
Feminhacked,outland,96,druid,restoration,12,1,11
Phëys,hyjal,96,druid,restoration,12,1,11
Püpply,antonidas,96,druid,restoration,12,1,11
Kittycatmeow,stormscale,96,druid,restoration,12,1,11
Mariss25076F,chogall,96,druid,restoration,12,1,11
Pesza,bloodscalp,96,druid,restoration,12,1,11
Келиса,blackscar,96,druid,restoration,12,1,11
Tafs,stormscale,96,druid,restoration,12,1,11
Ra,stormscale,96,druid,restoration,12,1,11
Blietmachine,ravencrest,96,druid,restoration,12,1,11
Raveous,tarren-mill,96,druid,restoration,18,1,17
Bëniheal,la-croisade-écarlate,95,druid,restoration,12,1,11
Urlef,antonidas,95,druid,restoration,12,1,11
Lübka,amanthul,95,druid,restoration,12,1,11
Arayura,kirin-tor,95,druid,restoration,18,1,17
Acidbrate,aegwynn,90,druid,restoration,12,3,9
Watchmymoon,blackrock,84,druid,restoration,20,4,16
Sealife,destromath,79,druid,restoration,5,1,4
Rasserdruid,runetotem,63,druid,restoration,2,2,0
Druidenee,hyjal,63,druid,restoration,2,2,0
Jaykerlol,kazzak,48,druid,restoration,3,1,2
Shunos,ragnaros,48,druid,restoration,9,1,8
Restouz,twisting-nether,42,druid,restoration,6,2,4
Quizdarude,draenor,42,druid,restoration,10,3,7
Merawr,ravencrest,42,druid,restoration,8,2,6
Zedomeld,auchindoun,42,druid,restoration,8,2,6
Growlithe,hellfire,42,druid,restoration,8,2,6
Eceria,the-maelstrom,42,druid,restoration,9,2,7
Amadi,grim-batol,42,druid,restoration,9,2,7
Feráx,doomhammer,42,druid,restoration,9,2,7
Ультраафина,gordunni,42,druid,restoration,9,2,7
Onacor,stormrage,42,druid,restoration,10,2,8
Nytaleas,naxxramas,42,druid,restoration,10,2,8
Аллишана,howling-fjord,42,druid,restoration,10,2,8
Uniquz,sylvanas,42,druid,restoration,11,2,9
Vanarea,argent-dawn,42,druid,restoration,14,2,12
Druiden,the-maelstrom,31,druid,restoration,2,1,1
Sendä,hyjal,31,druid,restoration,3,1,2
Bulleyo,ysondre,1627,druid,guardian,131,71,60
Djemdruid,argent-dawn,1585,druid,guardian,42,18,24
Windythemilf,stormscale,1180,druid,guardian,201,99,102
Сверххищникк,soulflayer,1161,druid,guardian,62,26,36
Rbgbear,blackhand,1156,druid,guardian,36,15,21
Rapatera,argent-dawn,1115,druid,guardian,24,12,12
Reshifted,sunstrider,1090,druid,guardian,39,14,25
Durlehardu,archimonde,1053,druid,guardian,41,19,22
Renaissancee,silvermoon,1049,druid,guardian,44,14,30
Микайо,goldrinn,986,druid,guardian,41,17,24
Avior,eonar,975,druid,guardian,112,49,63
Laracroft,the-maelstrom,953,druid,guardian,22,11,11
Bigdomas,sylvanas,833,druid,guardian,34,14,20
Avisa,blackhand,786,druid,guardian,102,41,61
Ноорру,gordunni,715,druid,guardian,11,8,3
Ксидронис,eversong,687,druid,guardian,22,8,14
Lioky,dun-modr,670,druid,guardian,12,7,5
Critter,kargath,661,druid,guardian,24,7,17
Гибрайт,soulflayer,623,druid,guardian,15,7,8
Xangy,drakthul,576,druid,guardian,12,6,6
Fatalis,zuljin,573,druid,guardian,18,6,12
Овлай,razuvious,564,druid,guardian,12,6,6
Crazydudu,tarren-mill,550,druid,guardian,27,8,19
Win,hellscream,496,druid,guardian,23,7,16
Slotheron,ravencrest,480,druid,guardian,12,5,7
Гохгерункянк,soulflayer,477,druid,guardian,12,5,7
Sheâ,nemesis,476,druid,guardian,12,5,7
Wildsoûl,kazzak,425,druid,guardian,27,6,21
Tigerbear,argent-dawn,384,druid,guardian,12,4,8
Pabloskyn,sanguino,383,druid,guardian,6,4,2
Horizonline,terokkar,350,druid,guardian,11,4,7
Icxigo,silvermoon,288,druid,guardian,6,3,3
Фэк,eversong,288,druid,guardian,6,3,3
Pumpick,doomhammer,285,druid,guardian,13,3,10
Zinister,hyjal,192,druid,guardian,6,2,4
Sároman,ravencrest,192,druid,guardian,6,2,4
Фдру,eversong,192,druid,guardian,6,2,4
Druidyy,exodar,192,druid,guardian,6,2,4
Illmíndofboo,twisting-nether,192,druid,guardian,6,2,4
Джирас,gordunni,192,druid,guardian,6,2,4
Kárrde,balnazzar,192,druid,guardian,6,2,4
Astralcore,stormscale,192,druid,guardian,6,2,4
Kaynine,lightnings-blade,192,druid,guardian,6,2,4
Nwal,thunderhorn,192,druid,guardian,12,2,10
Silver,terokkar,192,druid,guardian,12,2,10
Fynvola,anubarak,192,druid,guardian,12,2,10
Beteralsjij,frostwhisper,192,druid,guardian,12,2,10
Pure,kul-tiras,190,druid,guardian,15,3,12
Anthlas,outland,96,druid,guardian,6,1,5
Plandros,draenor,96,druid,guardian,6,1,5
Cleandc,blackhand,96,druid,guardian,6,1,5
Oõ,aggra-português,96,druid,guardian,6,1,5
Leondir,quelthalas,96,druid,guardian,6,1,5
Жекакотик,eversong,96,druid,guardian,6,1,5
Almightydudu,draenor,96,druid,guardian,6,1,5
Brutaldamage,ravencrest,2271,druid,feral,119,63,56
Ktx,aegwynn,2238,druid,feral,84,50,34
Verycringe,ravencrest,2237,druid,feral,144,75,69
Lïved,nemesis,2184,druid,feral,114,71,43
Xercas,outland,2166,druid,feral,65,39,26
Mabkferal,ravencrest,2146,druid,feral,133,67,66
Elîas,kazzak,2141,druid,feral,77,45,32
Twinklex,ravencrest,2135,druid,feral,197,96,101
Desenlace,ravencrest,2127,druid,feral,149,82,67
Tael,elune,2119,druid,feral,120,60,60
Houmrx,ravencrest,2113,druid,feral,173,89,84
Bloodyredlyx,ysera,2112,druid,feral,90,46,44
Öøöøöøöøöøöø,anachronos,2110,druid,feral,72,47,25
Degmond,silvermoon,2110,druid,feral,132,72,60
Ромкабикстар,gordunni,2107,druid,feral,78,40,38
Cataferal,ravencrest,2075,druid,feral,108,57,51
Vulko,lightbringer,2071,druid,feral,126,63,63
Nìm,outland,2057,druid,feral,124,60,64
Crøwnd,twisting-nether,2056,druid,feral,54,34,20
Desenlace,silvermoon,2047,druid,feral,156,77,79
Tomyn,burning-legion,2033,druid,feral,72,43,29
Zøte,ravencrest,2026,druid,feral,96,47,49
Uebiwe,silvermoon,2022,druid,feral,84,48,36
Mutaattori,sylvanas,2022,druid,feral,73,35,38
Rapatera,argent-dawn,2019,druid,feral,54,30,24
Purgatxry,ravencrest,2017,druid,feral,461,234,227
Jakamx,ravencrest,2017,druid,feral,342,172,170
Rubbershark,ravencrest,2015,druid,feral,172,108,64
Mmlprox,burning-legion,2012,druid,feral,121,59,62
Taladruide,archimonde,2002,druid,feral,102,50,52
Lxve,tarren-mill,1999,druid,feral,66,34,32
Ðevilwhite,nemesis,1991,druid,feral,42,25,17
Cåssidy,archimonde,1986,druid,feral,78,37,41
Lïndalûnå,ravencrest,1982,druid,feral,60,36,24
Yone,blackmoore,1978,druid,feral,101,52,49
Gurranq,argent-dawn,1964,druid,feral,60,32,28
Dashfull,ravencrest,1961,druid,feral,293,152,141
Trøüpäx,outland,1955,druid,feral,123,61,62
Mortality,proudmoore,1941,druid,feral,89,45,44
Djgírlßøssqt,argent-dawn,1941,druid,feral,126,62,64
Трэвисдог,gordunni,1936,druid,feral,59,31,28
Kaldorei,nemesis,1932,druid,feral,68,39,29
Calaftayou,ravencrest,1928,druid,feral,84,38,46
Noxxìe,draenor,1919,druid,feral,92,46,46
Kàraba,archimonde,1909,druid,feral,94,47,47
Bigscarycatx,ravencrest,1901,druid,feral,57,31,26
Nîîght,ravencrest,1895,druid,feral,54,26,28
Iminz,ravencrest,1895,druid,feral,239,112,127
Норланда,gordunni,1884,druid,feral,60,32,28
Bleêds,dun-modr,1882,druid,feral,36,23,13
Опакот,howling-fjord,1879,druid,feral,68,30,38
Garbagemonky,amanthul,1878,druid,feral,130,83,47
Kijan,silvermoon,1877,druid,feral,70,44,26
Khunahype,thrall,1873,druid,feral,60,39,21
Cocaqt,nemesis,1873,druid,feral,76,46,30
Kaÿn,tarren-mill,1873,druid,feral,60,27,33
Trauller,outland,1872,druid,feral,72,30,42
Symbiosa,silvermoon,1870,druid,feral,30,20,10
Elfsu,ravencrest,1868,druid,feral,83,47,36
Cløwnferalx,argent-dawn,1863,druid,feral,66,29,37
Obeseferal,outland,1859,druid,feral,66,31,35
Bigangrycatx,ravencrest,1859,druid,feral,68,31,37
Jåkeferalta,outland,1854,druid,feral,99,52,47
Boostedbear,ragnaros,1848,druid,feral,65,30,35
Léxiny,blackrock,1846,druid,feral,35,23,12
Нимир,soulflayer,1844,druid,feral,72,34,38
Bigcrazycatx,ravencrest,1844,druid,feral,72,33,39
Kattenvoer,stormscale,1842,druid,feral,36,27,9
Melsson,stormreaver,1842,druid,feral,66,31,35
Alexmeow,ravencrest,1841,druid,feral,56,34,22
Ethryl,ravencrest,1837,druid,feral,90,45,45
Skatch,sylvanas,1836,druid,feral,54,28,26
Yesbody,tarren-mill,1836,druid,feral,48,24,24
Jhiun,ragnaros,1833,druid,feral,126,68,58
Mysticalmoon,ravencrest,1832,druid,feral,72,32,40
Отхода,gordunni,1832,druid,feral,58,25,33
Февти,gordunni,1828,druid,feral,59,34,25
Блюгилли,ashenvale,1826,druid,feral,86,40,46
Annksunamún,ysondre,1824,druid,feral,279,152,127
Drbeef,sanguino,1823,druid,feral,45,28,17
Zelaron,twisting-nether,1823,druid,feral,42,22,20
Фейкхехе,gordunni,1822,druid,feral,48,27,21
Reward,ragnaros,1819,druid,feral,64,30,34
Rheasilvià,silvermoon,1818,druid,feral,54,31,23
Fyrkax,aegwynn,1818,druid,feral,48,26,22
Блиденг,gordunni,1818,druid,feral,87,46,41
Kroñm,dun-modr,1818,druid,feral,60,25,35
Shiftydruid,thunderhorn,1816,druid,feral,218,109,109
Fendrïl,varimathras,1814,druid,feral,90,55,35
Nøfåmïly,silvermoon,1814,druid,feral,160,83,77
Лардиан,gordunni,1813,druid,feral,42,25,17
Moonkniight,ravencrest,1810,druid,feral,30,22,8
Dureka,tarren-mill,1810,druid,feral,60,38,22
Nfxdruid,argent-dawn,1810,druid,feral,102,60,42
Muckì,alleria,1808,druid,feral,48,24,24
Caprïsun,archimonde,1804,druid,feral,42,24,18
Tilikum,stormscale,1804,druid,feral,311,156,155
Mykk,ravencrest,1802,druid,feral,54,33,21
Ratsimulator,tarren-mill,1802,druid,feral,54,32,22
Skytek,silvermoon,1802,druid,feral,84,41,43
Мелталиора,soulflayer,1800,druid,feral,59,30,29
Nzmdruid,burning-legion,1795,druid,feral,48,25,23
Nainket,ravencrest,1786,druid,feral,54,24,30
Coineagan,frostmourne,1782,druid,feral,58,23,35
Dzandel,silvermoon,1781,druid,feral,494,246,248
Ålleyézoffme,ravencrest,1780,druid,feral,77,43,34
Ottur,argent-dawn,1777,druid,feral,60,33,27
Catkovic,kult-der-verdammten,1777,druid,feral,47,24,23
Minaervea,antonidas,1776,druid,feral,144,67,77
Klaerke,tarren-mill,1770,druid,feral,81,35,46
Noé,aegwynn,1766,druid,feral,189,115,74
Jarethy,dun-modr,1766,druid,feral,117,55,62
Каергорн,soulflayer,1766,druid,feral,54,19,35
Селфика,gordunni,1757,druid,feral,66,21,45
Yaddas,draenor,1754,druid,feral,60,27,33
Jabbari,outland,1751,druid,feral,245,126,119
Fürfur,ravencrest,1749,druid,feral,48,29,19
Kikihoux,ravencrest,1747,druid,feral,41,22,19
Moldrokk,ravencrest,1739,druid,feral,52,31,21
Babynaty,ravencrest,1735,druid,feral,102,48,54
Pilaf,emerald-dream,1734,druid,feral,133,63,70
Шев,blackscar,1733,druid,feral,48,23,25
Bearmantlé,outland,1731,druid,feral,34,19,15
Apuasaatana,stormreaver,1731,druid,feral,36,20,16
Jukeboks,silvermoon,1726,druid,feral,55,25,30
Verbxp,kazzak,1725,druid,feral,65,35,30
Buffshred,ravencrest,1721,druid,feral,24,18,6
Zechey,stormreaver,1721,druid,feral,30,18,12
Themartyr,tarren-mill,1721,druid,feral,30,18,12
Zaibastus,doomhammer,1718,druid,feral,72,30,42
Opresse,archimonde,1717,druid,feral,66,28,38
Pänthërä,ravencrest,1711,druid,feral,36,18,18
Thørkang,dun-modr,1701,druid,feral,83,49,34
Indann,kazzak,1701,druid,feral,54,22,32
Phenova,sargeras,1700,druid,feral,105,45,60
Worgenshiftr,kazzak,1697,druid,feral,48,21,27
Kouda,draenor,1696,druid,feral,74,34,40
Blvckðvitchz,ravencrest,1692,druid,feral,36,18,18
Итильтириэль,gordunni,1691,druid,feral,116,52,64
Tangela,stormreaver,1689,druid,feral,48,29,19
Fückøff,ravencrest,1689,druid,feral,65,33,32
Laguna,ravencrest,1689,druid,feral,71,31,40
Natakis,blades-edge,1688,druid,feral,48,25,23
Scaleo,stormreaver,1687,druid,feral,48,29,19
Doopdroo,tarren-mill,1687,druid,feral,48,20,28
Фейк,howling-fjord,1684,druid,feral,42,18,24
Facerippin,proudmoore,1683,druid,feral,40,21,19
Weyztwo,hyjal,1682,druid,feral,44,22,22
Feralwilder,turalyon,1682,druid,feral,207,94,113
Freyanah,argent-dawn,1682,druid,feral,111,49,62
ßgøðx,argent-dawn,1681,druid,feral,79,45,34
Heyiamdan,tarren-mill,1680,druid,feral,170,97,73
Arfgtdispo,hyjal,1680,druid,feral,48,23,25
Hässelhoof,ragnaros,1680,druid,feral,114,48,66
Jellytardx,outland,1675,druid,feral,75,41,34
Retzerbil,ravencrest,1675,druid,feral,46,23,23
Paranoia,outland,1675,druid,feral,94,46,48
Zifr,dalaran,1675,druid,feral,66,22,44
Crazydos,tarren-mill,1671,druid,feral,57,27,30
Adastroeolo,sanguino,1669,druid,feral,87,49,38
Aedui,tarren-mill,1668,druid,feral,38,20,18
Ðrüid,ravencrest,1668,druid,feral,72,34,38
Jgltrainer,archimonde,1666,druid,feral,53,31,22
Nøkki,draenor,1666,druid,feral,62,34,28
Goodtrip,archimonde,1666,druid,feral,116,57,59
Sleepykitty,argent-dawn,1664,druid,feral,173,87,86
Silksharp,ravencrest,1663,druid,feral,60,31,29
Bernfried,silvermoon,1662,druid,feral,64,28,36
Frzx,stormscale,1661,druid,feral,30,19,11
Phïl,ravencrest,1659,druid,feral,108,58,50
Triluxa,blackmoore,1659,druid,feral,54,28,26
Adabsurdum,kazzak,1659,druid,feral,124,55,69
Blakkowl,drakthul,1653,druid,feral,36,21,15
Bigpapad,ravencrest,1651,druid,feral,42,21,21
Житмедветь,booty-bay,1648,druid,feral,74,43,31
Nasukka,grim-batol,1648,druid,feral,103,54,49
Moskaros,turalyon,1646,druid,feral,90,41,49
Ckelf,ravencrest,1646,druid,feral,42,18,24
Nouin,twisting-nether,1643,druid,feral,160,77,83
Simdruid,stormscale,1641,druid,feral,36,19,17
Bulan,ghostlands,1638,druid,feral,66,41,25
Cjparker,archimonde,1634,druid,feral,44,24,20
Emph,ravencrest,1631,druid,feral,48,28,20
Ñøpe,ravencrest,1630,druid,feral,30,17,13
Extracssion,ysondre,1630,druid,feral,107,53,54
Fzx,aegwynn,1629,druid,feral,30,17,13
Ddru,ravencrest,1629,druid,feral,36,20,16
Unoseeme,outland,1629,druid,feral,125,58,67
Avanah,silvermoon,1626,druid,feral,72,35,37
Sìa,frostmane,1626,druid,feral,53,21,32
Паинтер,blackscar,1624,druid,feral,59,27,32
Котосапенс,howling-fjord,1623,druid,feral,42,23,19
Грязныекогти,gordunni,1622,druid,feral,65,39,26
Goldrax,outland,1621,druid,feral,48,22,26
Unreally,drakthul,1619,druid,feral,42,27,15
Neyok,blackrock,1619,druid,feral,50,26,24
Злодзейка,gordunni,1619,druid,feral,105,53,52
Skypinho,blackhand,1616,druid,feral,48,22,26
Djmeowxd,blackrock,1616,druid,feral,69,30,39
Rayjinn,dun-modr,1613,druid,feral,36,17,19
Одряя,soulflayer,1612,druid,feral,102,60,42
Rami,sylvanas,1612,druid,feral,142,70,72
Narunis,tarren-mill,1612,druid,feral,90,43,47
Hugepepega,ravencrest,1608,druid,feral,48,27,21
Banzeye,nordrassil,1607,druid,feral,68,35,33
Feytique,aegwynn,1607,druid,feral,53,27,26
Даркедес,gordunni,1607,druid,feral,48,24,24
Zhosy,shattrath,1607,druid,feral,53,21,32
Pitchou,karazhan,1606,druid,feral,70,35,35
Crisspurolss,ysondre,1605,druid,feral,73,38,35
Drunosio,magtheridon,1605,druid,feral,87,41,46
Реалаг,howling-fjord,1604,druid,feral,47,20,27
Evilshade,ravencrest,1604,druid,feral,121,50,71
Акиша,deepholm,1602,druid,feral,44,21,23
Køgér,kazzak,1601,druid,feral,30,17,13
Zarc,stormreaver,1601,druid,feral,37,20,17
Chronoqtxd,ravencrest,1601,druid,feral,52,24,28
Tani,kazzak,1600,druid,feral,63,34,29
Ajwen,tarren-mill,1593,druid,feral,30,20,10
Frighton,ravencrest,1591,druid,feral,72,30,42
Vëgâñgøðx,ragnaros,1582,druid,feral,170,90,80
Fluffygoon,tarren-mill,1581,druid,feral,98,47,51
Soofyan,kazzak,1581,druid,feral,71,29,42
Leylå,ravencrest,1578,druid,feral,42,19,23
Wucherwurzel,eredar,1576,druid,feral,107,47,60
Nédith,archimonde,1576,druid,feral,42,18,24
Sartipus,draenor,1575,druid,feral,48,24,24
Goodtrip,hyjal,1574,druid,feral,30,17,13
Raznos,ravencrest,1572,druid,feral,83,48,35
Asçdruid,kazzak,1572,druid,feral,56,24,32
Spale,twisting-nether,1571,druid,feral,69,31,38
Eranor,archimonde,1569,druid,feral,152,79,73
Rbgbot,ragnaros,1568,druid,feral,60,33,27
Trevorkki,korgall,1567,druid,feral,43,19,24
Yongala,archimonde,1565,druid,feral,66,35,31
Stopwatching,outland,1565,druid,feral,42,18,24
Diow,elune,1563,druid,feral,48,20,28
Alcik,silvermoon,1563,druid,feral,60,18,42
Fangornn,outland,1560,druid,feral,89,40,49
Риама,blackscar,1558,druid,feral,78,38,40
Jasperqt,silvermoon,1556,druid,feral,30,18,12
Тётявискас,howling-fjord,1555,druid,feral,72,39,33
Drylle,argent-dawn,1555,druid,feral,93,50,43
Cubswansón,outland,1550,druid,feral,79,43,36
Chiwsy,outland,1548,druid,feral,83,42,41
Féral,hyjal,1548,druid,feral,101,48,53
Smuktøs,twisting-nether,1546,druid,feral,47,28,19
Lunamimi,argent-dawn,1545,druid,feral,120,73,47
Panthéra,ravencrest,1543,druid,feral,244,123,121
Bigdaddytate,kazzak,1542,druid,feral,59,38,21
Sekunden,ravencrest,1540,druid,feral,72,37,35
Gediminas,argent-dawn,1540,druid,feral,100,38,62
Bomoth,kazzak,1538,druid,feral,42,19,23
Мунпраид,gordunni,1535,druid,feral,90,45,45
Shyngodx,archimonde,1533,druid,feral,41,17,24
Alessathrina,argent-dawn,1531,druid,feral,219,102,117
Maccín,draenor,1530,druid,feral,52,18,34
Lenyl,dun-modr,1526,druid,feral,36,16,20
Sadskia,sanguino,1525,druid,feral,79,37,42
Furmagic,tarren-mill,1521,druid,feral,36,18,18
Оудин,blackscar,1521,druid,feral,47,23,24
Броодяга,razuvious,1521,druid,feral,53,24,29
Razoremperor,tarren-mill,1519,druid,feral,138,64,74
Zurllyn,ravencrest,1512,druid,feral,54,23,31
Druidry,ragnaros,1506,druid,feral,54,30,24
Jerrybeans,ravencrest,1504,druid,feral,120,57,63
Взп,gordunni,1502,druid,feral,36,18,18
Арбузег,gordunni,1500,druid,feral,94,46,48
Unlit,draenor,1498,druid,feral,66,33,33
Kabraxis,silvermoon,1494,druid,feral,54,25,29
Chirnaruk,ravencrest,1492,druid,feral,72,38,34
Vlcák,drakthul,1492,druid,feral,220,111,109
Texoria,twisting-nether,1489,druid,feral,144,70,74
Hkwoaf,chants-éternels,1487,druid,feral,47,18,29
Алексина,fordragon,1485,druid,feral,188,103,85
Nèxtløls,twisting-nether,1483,druid,feral,63,33,30
Crow,saurfang,1482,druid,feral,62,34,28
Kärmä,eldrethalas,1481,druid,feral,131,65,66
Màz,blackmoore,1480,druid,feral,140,64,76
Byet,kazzak,1478,druid,feral,42,17,25
Элисандра,gordunni,1470,druid,feral,48,31,17
Annksunamun,ysondre,1470,druid,feral,43,21,22
Loyoq,elune,1469,druid,feral,29,16,13
Фекаллис,soulflayer,1468,druid,feral,36,16,20
Oleander,zuljin,1465,druid,feral,133,66,67
Zaethul,draenor,1460,druid,feral,30,20,10
Эскоф,gordunni,1459,druid,feral,92,50,42
Зонкс,gordunni,1459,druid,feral,98,49,49
Tanmax,blackmoore,1457,druid,feral,39,18,21
Муумуумуу,howling-fjord,1457,druid,feral,150,69,81
Rustÿ,hyjal,1454,druid,feral,28,20,8
Arlina,magtheridon,1454,druid,feral,57,26,31
Christàlyst,garona,1452,druid,feral,45,23,22
Baerminatør,blackrock,1449,druid,feral,84,38,46
Savvy,arthas,1449,druid,feral,36,16,20
Chromaticx,argent-dawn,1447,druid,feral,80,45,35
Bagheera,archimonde,1447,druid,feral,101,49,52
Smellykitten,ravencrest,1445,druid,feral,36,18,18
Kimpine,kirin-tor,1444,druid,feral,73,41,32
Rottweiler,doomhammer,1444,druid,feral,136,67,69
Vargall,silvermoon,1441,druid,feral,29,19,10
Hushorde,twisting-nether,1438,druid,feral,65,31,34
Docmedlove,aegwynn,1437,druid,feral,36,15,21
Dubakoo,outland,1435,druid,feral,85,46,39
Furrykruger,the-maelstrom,1435,druid,feral,30,15,15
Hydorn,cthun,1435,druid,feral,50,24,26
Nîchtsnutz,blackmoore,1435,druid,feral,42,20,22
Mònókox,eredar,1435,druid,feral,42,17,25
Crinji,ravencrest,1433,druid,feral,24,15,9
Акетчи,howling-fjord,1433,druid,feral,66,39,27
Boomzter,frostmane,1433,druid,feral,75,36,39
Tîma,blackmoore,1432,druid,feral,238,119,119
Микайо,goldrinn,1432,druid,feral,167,79,88
Margueriti,the-maelstrom,1430,druid,feral,93,42,51
Køda,blackrock,1430,druid,feral,68,27,41
Katzovic,kult-der-verdammten,1429,druid,feral,24,15,9
Беконайзер,howling-fjord,1427,druid,feral,40,20,20
Tazdino,destromath,1427,druid,feral,48,15,33
Arilíaxo,amanthul,1426,druid,feral,18,15,3
Ripgødx,outland,1426,druid,feral,152,81,71
Бобасик,fordragon,1425,druid,feral,90,43,47
Chexdruid,silvermoon,1420,druid,feral,33,16,17
Mervend,tarren-mill,1420,druid,feral,41,15,26
Ephixa,burning-legion,1419,druid,feral,47,23,24
Deehe,thrall,1414,druid,feral,48,22,26
Nå,outland,1411,druid,feral,158,76,82
Муунфаер,gordunni,1410,druid,feral,97,44,53
Thaelyy,drakthul,1407,druid,feral,66,27,39
Kodobursto,stormscale,1406,druid,feral,85,50,35
Degentiuso,alakir,1405,druid,feral,96,53,43
Larryburns,nathrezim,1404,druid,feral,128,62,66
Snapzy,sylvanas,1401,druid,feral,42,27,15
Nightdruidcz,turalyon,1400,druid,feral,54,28,26
Luigina,blackmoore,1400,druid,feral,30,15,15
Phesxd,sylvanas,1400,druid,feral,60,29,31
Picatso,blackrock,1395,druid,feral,30,15,15
Seyyid,archimonde,1394,druid,feral,36,18,18
Sabertoon,argent-dawn,1393,druid,feral,165,73,92
Neshalry,blackhand,1392,druid,feral,36,16,20
Котфилин,gordunni,1389,druid,feral,78,44,34
Ponshü,hyjal,1389,druid,feral,45,24,21
Сириль,soulflayer,1389,druid,feral,64,34,30
Тёмныйзверь,borean-tundra,1388,druid,feral,123,56,67
Sløthy,uldum,1386,druid,feral,46,24,22
Erelae,twisting-nether,1385,druid,feral,39,19,20
Legitx,dentarg,1385,druid,feral,43,17,26
Tsopúnisher,twisting-nether,1383,druid,feral,46,20,26
Carlitto,blackmoore,1382,druid,feral,33,23,10
Crtx,blackhand,1381,druid,feral,102,60,42
Biffsteak,blackhand,1381,druid,feral,228,113,115
Kovlian,argent-dawn,1381,druid,feral,47,20,27
Liqoú,tarren-mill,1380,druid,feral,54,31,23
Шэйпшифт,fordragon,1379,druid,feral,54,23,31
Donoz,ravencrest,1378,druid,feral,42,26,16
Trusten,nemesis,1378,druid,feral,114,66,48
Koumma,archimonde,1377,druid,feral,137,69,68
Zhényá,ravencrest,1377,druid,feral,36,17,19
Ferøsse,hyjal,1374,druid,feral,42,21,21
Pipima,kazzak,1374,druid,feral,48,20,28
Tyranderawr,ravencrest,1374,druid,feral,45,17,28
Друличч,blackscar,1370,druid,feral,72,35,37
Cörelly,ravencrest,1368,druid,feral,96,48,48
Lugtedyr,draenor,1366,druid,feral,65,30,35
Nevercloneqt,argent-dawn,1366,druid,feral,35,15,20
Bâbusch,blackmoore,1364,druid,feral,42,18,24
Elitarian,argent-dawn,1363,druid,feral,175,86,89
Blintschiki,echsenkessel,1363,druid,feral,71,32,39
Nøwørnever,ulduar,1361,druid,feral,80,33,47
Диаболус,gordunni,1359,druid,feral,62,32,30
Thecòntról,ravencrest,1357,druid,feral,33,19,14
Mônchô,sanguino,1355,druid,feral,112,65,47
Dadzeus,khaz-modan,1354,druid,feral,50,28,22
Äcajou,hyjal,1354,druid,feral,70,39,31
Manoestouro,draenor,1353,druid,feral,48,19,29
ßußßo,ravencrest,1352,druid,feral,30,24,6
Druidicmorr,sylvanas,1351,druid,feral,68,30,38
Mímír,frostmane,1351,druid,feral,36,15,21
Bløødberry,ravencrest,1350,druid,feral,30,15,15
Sÿlph,sylvanas,1348,druid,feral,102,51,51
Enjoik,drakthul,1348,druid,feral,154,75,79
Grimgoor,burning-legion,1347,druid,feral,94,52,42
Darkcon,silvermoon,1346,druid,feral,72,28,44
Yhavi,kazzak,1344,druid,feral,56,30,26
Snapeshifter,blackhand,1343,druid,feral,36,19,17
Tyldormeow,tarren-mill,1343,druid,feral,212,101,111
Animålz,archimonde,1343,druid,feral,30,14,16
Bignik,tarren-mill,1343,druid,feral,30,14,16
Roska,archimonde,1342,druid,feral,30,14,16
Sølaria,kazzak,1342,druid,feral,30,14,16
Chepochem,stormscale,1341,druid,feral,38,16,22
Ефомитстерша,gordunni,1339,druid,feral,36,17,19
Tàlented,aggra-português,1338,druid,feral,35,15,20
Snøwden,twisting-nether,1337,druid,feral,48,27,21
Хэрес,gordunni,1336,druid,feral,24,14,10
Vancis,ravencrest,1335,druid,feral,69,35,34
Paws,dun-modr,1332,druid,feral,90,46,44
Cheddar,tyrande,1332,druid,feral,46,22,24
Криашин,goldrinn,1331,druid,feral,63,28,35
Teám,tarren-mill,1330,druid,feral,48,18,30
Dijem,wildhammer,1329,druid,feral,66,39,27
Нуаду,gordunni,1329,druid,feral,70,31,39
Mooncarnatio,burning-legion,1329,druid,feral,42,14,28
Лякокля,soulflayer,1328,druid,feral,96,52,44
Liliolivia,outland,1327,druid,feral,24,14,10
Drudonja,silvermoon,1326,druid,feral,120,60,60
Starliner,ravencrest,1326,druid,feral,36,14,22
Drupal,argent-dawn,1323,druid,feral,65,34,31
Quikahn,outland,1323,druid,feral,30,14,16
Vanhelsíng,dun-modr,1322,druid,feral,22,15,7
Turkus,draenor,1322,druid,feral,72,31,41
Basedgôd,alakir,1321,druid,feral,24,14,10
Varø,aegwynn,1319,druid,feral,29,14,15
Ялория,azuregos,1319,druid,feral,30,14,16
Migajde,stormscale,1317,druid,feral,83,49,34
Lukeyferalxo,argent-dawn,1317,druid,feral,162,75,87
Балаклаваа,soulflayer,1316,druid,feral,29,18,11
Stelthee,silvermoon,1315,druid,feral,66,31,35
Enock,hyjal,1312,druid,feral,24,14,10
Sgourakoss,twilights-hammer,1311,druid,feral,36,16,20
Epicplays,sylvanas,1307,druid,feral,94,51,43
Majokz,ravencrest,1307,druid,feral,44,23,21
Regelè,sylvanas,1305,druid,feral,86,45,41
Clipsy,twilights-hammer,1303,druid,feral,398,191,207
Droodae,hyjal,1301,druid,feral,53,27,26
Malfurryon,drakthul,1300,druid,feral,60,31,29
Shàka,ravencrest,1299,druid,feral,29,14,15
Darkangelus,dethecus,1296,druid,feral,24,15,9
Maylon,darksorrow,1294,druid,feral,48,23,25
Liya,ravencrest,1292,druid,feral,48,15,33
Liony,aegwynn,1290,druid,feral,34,17,17
Ghettoven,kazzak,1290,druid,feral,93,45,48
Kirmelastas,kazzak,1289,druid,feral,56,29,27
Bilis,nazjatar,1289,druid,feral,48,19,29
Chinoiserie,aszune,1287,druid,feral,48,26,22
Carakal,outland,1287,druid,feral,71,33,38
Krekigaadzre,draenor,1285,druid,feral,39,24,15
Медверх,gordunni,1283,druid,feral,60,26,34
Hottad,tarren-mill,1281,druid,feral,144,77,67
Naetsch,blackrock,1281,druid,feral,50,21,29
Weydjin,garona,1278,druid,feral,30,16,14
Symbiosîs,stormscale,1273,druid,feral,41,17,24
Хокан,deepholm,1271,druid,feral,31,15,16
Jxst,tarren-mill,1270,druid,feral,48,19,29
Healníx,blackrock,1269,druid,feral,26,14,12
Йванныч,gordunni,1268,druid,feral,55,27,28
Owling,antonidas,1262,druid,feral,78,46,32
Ayahuàzka,dalaran,1262,druid,feral,42,14,28
Tricklou,tarren-mill,1261,druid,feral,42,25,17
Koffee,archimonde,1259,druid,feral,48,23,25
Беркамп,howling-fjord,1257,druid,feral,111,45,66
Shinshìva,twisting-nether,1255,druid,feral,205,104,101
Pepeja,doomhammer,1253,druid,feral,24,15,9
Chouan,marécage-de-zangar,1253,druid,feral,212,106,106
Dougi,argent-dawn,1252,druid,feral,60,28,32
Inuah,veknilash,1251,druid,feral,64,26,38
Garfield,uldum,1249,druid,feral,47,25,22
Ведмедив,blackscar,1249,druid,feral,84,36,48
Ferrariferal,nethersturm,1248,druid,feral,18,13,5
Bignoober,blackrock,1248,druid,feral,29,13,16
Taigarus,aerie-peak,1246,druid,feral,72,34,38
Weedum,kazzak,1246,druid,feral,36,14,22
Druiidou,dalaran,1246,druid,feral,36,13,23
Benyameow,ravencrest,1245,druid,feral,18,13,5
Malvakten,kazzak,1244,druid,feral,31,17,14
Weedgras,eredar,1244,druid,feral,30,13,17
Tussenfryd,draenor,1243,druid,feral,156,72,84
Notsad,dun-modr,1243,druid,feral,30,13,17
Shifthappens,dun-modr,1242,druid,feral,24,13,11
Twyty,khaz-modan,1242,druid,feral,173,84,89
Nalaa,festung-der-stürme,1242,druid,feral,142,63,79
Álex,anachronos,1240,druid,feral,60,30,30
Righttwix,blackrock,1239,druid,feral,24,13,11
Salseo,uldum,1239,druid,feral,33,14,19
Канвус,gordunni,1238,druid,feral,69,32,37
Развалустоев,blackscar,1237,druid,feral,24,13,11
Blacknight,aggramar,1236,druid,feral,51,21,30
Carridwyn,argent-dawn,1235,druid,feral,30,13,17
Cleandc,blackhand,1234,druid,feral,34,20,14
Кеорл,gordunni,1234,druid,feral,108,46,62
Madeath,stormscale,1233,druid,feral,36,13,23
Webla,blackmoore,1231,druid,feral,29,15,14
Deviantdruid,tarren-mill,1231,druid,feral,39,20,19
Катяблум,gordunni,1230,druid,feral,30,13,17
Shifabull,kazzak,1229,druid,feral,35,17,18
Iloveadriana,kiljaeden,1229,druid,feral,42,19,23
Beckett,aszune,1229,druid,feral,36,13,23
Andros,arathor,1229,druid,feral,42,15,27
Shaggery,stormscale,1227,druid,feral,93,39,54
Ildrin,ragnaros,1226,druid,feral,30,19,11
Whísperclaw,ravencrest,1226,druid,feral,41,21,20
Dirtyfantasy,alakir,1225,druid,feral,54,31,23
Rollozuu,blackrock,1224,druid,feral,144,61,83
Moonglade,deathwing,1220,druid,feral,33,14,19
Jdogger,tarren-mill,1219,druid,feral,24,13,11
Ganjeez,kazzak,1218,druid,feral,30,13,17
Noyake,ragnaros,1216,druid,feral,36,16,20
Azmerloth,antonidas,1214,druid,feral,36,13,23
Defløwer,aegwynn,1213,druid,feral,36,18,18
Kageioshi,kazzak,1211,druid,feral,78,44,34
Смизм,gordunni,1209,druid,feral,38,19,19
Treeflogger,ravencrest,1205,druid,feral,102,47,55
Dudeimgodly,ravencrest,1205,druid,feral,42,13,29
Zeyne,ravencrest,1204,druid,feral,36,18,18
Jaxtn,tarren-mill,1204,druid,feral,52,25,27
Soléda,thrall,1204,druid,feral,135,62,73
Kintax,drakthul,1201,druid,feral,81,44,37
Storslev,stormscale,1199,druid,feral,137,55,82
Azenoir,ravencrest,1199,druid,feral,39,14,25
Juraci,forscherliga,1198,druid,feral,23,13,10
Liionheart,khaz-modan,1198,druid,feral,60,29,31
Devonshira,ravencrest,1198,druid,feral,36,14,22
Kittasek,drakthul,1197,druid,feral,42,27,15
Malfyurion,ragnaros,1195,druid,feral,149,72,77
Богарт,soulflayer,1193,druid,feral,24,14,10
Collnaris,ravencrest,1186,druid,feral,26,15,11
Hecky,xavius,1186,druid,feral,24,13,11
Herten,tarren-mill,1185,druid,feral,30,13,17
Snootxt,blackmoore,1185,druid,feral,54,23,31
Taco,eredar,1185,druid,feral,58,20,38
Millenia,darkmoon-faire,1183,druid,feral,127,64,63
Gonco,blackrock,1173,druid,feral,70,30,40
Naturalie,silvermoon,1172,druid,feral,60,19,41
Eprophet,stormscale,1168,druid,feral,42,13,29
Менстряк,howling-fjord,1165,druid,feral,36,14,22
Yøløswag,naxxramas,1161,druid,feral,133,73,60
Ivìs,nemesis,1160,druid,feral,90,38,52
Nightfáll,tarren-mill,1157,druid,feral,36,13,23
Howtonio,archimonde,1151,druid,feral,18,12,6
Zbear,kazzak,1151,druid,feral,36,16,20
Sùmmèrz,ravencrest,1150,druid,feral,24,12,12
Fallken,burning-blade,1149,druid,feral,24,12,12
Zethane,ragnaros,1149,druid,feral,54,22,32
Yamkar,blackrock,1148,druid,feral,30,12,18
Mavne,outland,1147,druid,feral,24,12,12
Frs,bladefist,1147,druid,feral,30,12,18
Tibozx,stormscale,1146,druid,feral,36,21,15
Ra,stormscale,1145,druid,feral,24,12,12
Sethread,ragnaros,1145,druid,feral,30,12,18
Calîmerô,blackrock,1142,druid,feral,18,12,6
Veryfast,blackhand,1142,druid,feral,24,12,12
Скагуар,blackscar,1140,druid,feral,74,30,44
Mickayøyø,khaz-modan,1138,druid,feral,42,13,29
Lorcàn,argent-dawn,1137,druid,feral,76,32,44
Jinxaran,culte-de-la-rive-noire,1135,druid,feral,36,12,24
Käissi,blackmoore,1127,druid,feral,60,27,33
Lemmí,frostwolf,1125,druid,feral,54,24,30
Кыцко,soulflayer,1124,druid,feral,24,12,12
Slaaya,ravencrest,1122,druid,feral,18,12,6
Naheliaqt,outland,1121,druid,feral,24,12,12
Swagmode,draenor,1119,druid,feral,49,30,19
Miracoplixx,blackrock,1119,druid,feral,33,13,20
Dash,the-maelstrom,1116,druid,feral,30,13,17
Jaghut,burning-legion,1109,druid,feral,18,12,6
Tranduiil,drakthul,1109,druid,feral,126,70,56
Teacherr,quelthalas,1109,druid,feral,111,45,66
Bæghira,draenor,1106,druid,feral,88,49,39
Класк,gordunni,1104,druid,feral,30,14,16
Moonpuff,kazzak,1103,druid,feral,45,22,23
Papan,sylvanas,1100,druid,feral,66,34,32
Mudpie,stormscale,1100,druid,feral,55,23,32
Larkos,grim-batol,1095,druid,feral,42,20,22
Arnwaald,kaelthas,1095,druid,feral,54,25,29
Zivertgodx,argent-dawn,1093,druid,feral,48,23,25
Терамин,howling-fjord,1093,druid,feral,42,17,25
Nicos,elune,1091,druid,feral,29,13,16
Whizkazz,ravencrest,1090,druid,feral,24,12,12
Vidlna,outland,1089,druid,feral,60,26,34
Shymä,hyjal,1088,druid,feral,91,35,56
Йонарк,gordunni,1087,druid,feral,41,20,21
Greengünter,blackmoore,1086,druid,feral,22,12,10
Rootznloots,draenor,1082,druid,feral,48,26,22
Derzis,eonar,1081,druid,feral,66,32,34
Feraligator,sanguino,1081,druid,feral,180,84,96
Exortas,kazzak,1080,druid,feral,84,36,48
Isaye,archimonde,1080,druid,feral,117,49,68
Denadu,turalyon,1080,druid,feral,48,12,36
Tl,archimonde,1079,druid,feral,121,54,67
Elenwyth,argent-dawn,1079,druid,feral,111,47,64
Zaltaruk,sanguino,1077,druid,feral,203,99,104
Mcservietsky,chogall,1073,druid,feral,40,13,27
Blazor,eredar,1072,druid,feral,58,29,29
Tombenuit,tarren-mill,1072,druid,feral,24,12,12
Domänia,onyxia,1071,druid,feral,37,13,24
Мукару,howling-fjord,1069,druid,feral,24,13,11
Брэмблс,soulflayer,1068,druid,feral,44,22,22
Progodd,silvermoon,1064,druid,feral,72,35,37
Kyoshî,blackmoore,1058,druid,feral,162,79,83
Асония,deathguard,1056,druid,feral,24,11,13
Апвель,gordunni,1056,druid,feral,24,11,13
Vahid,antonidas,1055,druid,feral,12,11,1
Эриэс,gordunni,1055,druid,feral,22,12,10
Amandial,silvermoon,1055,druid,feral,24,11,13
Garoh,dalaran,1055,druid,feral,24,11,13
Salviaf,silvermoon,1055,druid,feral,94,43,51
Belsebub,ravencrest,1055,druid,feral,30,11,19
Wizzlafa,ravencrest,1054,druid,feral,18,11,7
Ashtral,kazzak,1054,druid,feral,24,11,13
Starasta,magtheridon,1054,druid,feral,24,11,13
Runeclaws,twisting-nether,1053,druid,feral,18,11,7
Liptonbite,blackhand,1053,druid,feral,36,11,25
Kardashìan,ravencrest,1052,druid,feral,19,11,8
Kattig,grim-batol,1051,druid,feral,24,11,13
Togara,kazzak,1050,druid,feral,24,11,13
Stûnßîtêðêâð,ravencrest,1049,druid,feral,18,11,7
Muffinjump,outland,1049,druid,feral,65,28,37
Mistic,twisting-nether,1046,druid,feral,31,16,15
Maethar,stormrage,1046,druid,feral,24,11,13
Tsajj,stormreaver,1045,druid,feral,57,31,26
Noobbiiee,silvermoon,1040,druid,feral,18,11,7
Battleray,twisting-nether,1040,druid,feral,57,25,32
Zokix,doomhammer,1040,druid,feral,30,12,18
Mîyukí,ravencrest,1034,druid,feral,36,15,21
Lakaport,dun-modr,1033,druid,feral,24,11,13
Jamaican,outland,1033,druid,feral,54,21,33
Kermit,die-aldor,1032,druid,feral,81,32,49
Élmunia,ravencrest,1030,druid,feral,36,19,17
Tastyrawr,blackhand,1029,druid,feral,24,11,13
Eternas,elune,1027,druid,feral,82,37,45
Ивантяй,gordunni,1026,druid,feral,24,11,13
Hetalia,culte-de-la-rive-noire,1025,druid,feral,24,13,11
Morfâns,ragnaros,1024,druid,feral,49,23,26
Dooferdudu,azshara,1023,druid,feral,33,11,22
Amoonaa,kazzak,1020,druid,feral,54,28,26
Whiterun,pozzo-delleternità,1020,druid,feral,31,13,18
Hönör,ysondre,1016,druid,feral,183,87,96
Арвелл,gordunni,1014,druid,feral,24,11,13
Boombassador,stormscale,1012,druid,feral,36,20,16
Phanterus,chamber-of-aspects,1012,druid,feral,24,11,13
Agè,stormscale,1011,druid,feral,34,11,23
Chlambak,archimonde,1009,druid,feral,30,17,13
Carldroid,sylvanas,1009,druid,feral,28,13,15
Tatabomba,archimonde,1008,druid,feral,60,30,30
Kynji,twisting-nether,1008,druid,feral,135,59,76
Harryharrt,veknilash,1007,druid,feral,30,13,17
Ripndip,eredar,1006,druid,feral,94,45,49
Knææl,argent-dawn,1006,druid,feral,68,28,40
Smittly,bloodhoof,1005,druid,feral,58,23,35
Rellena,khaz-modan,1003,druid,feral,63,31,32
Маветт,blackscar,1002,druid,feral,81,40,41
Henessi,ragnaros,1002,druid,feral,38,14,24
Фаллендэл,gordunni,1001,druid,feral,30,17,13
Clawdiá,silvermoon,995,druid,feral,60,28,32
Stéely,ravencrest,987,druid,feral,36,19,17
Maaghera,silvermoon,987,druid,feral,190,88,102
Sìíta,dun-modr,986,druid,feral,36,13,23
Спэкк,gordunni,983,druid,feral,54,18,36
Terror,agamaggan,983,druid,feral,36,12,24
Bumsbert,teldrassil,982,druid,feral,48,26,22
Rakuy,thrall,981,druid,feral,27,11,16
Mpounia,twilights-hammer,979,druid,feral,107,53,54
Zaibiendormi,kirin-tor,975,druid,feral,59,23,36
Janjalism,silvermoon,973,druid,feral,63,34,29
Lutis,magtheridon,967,druid,feral,84,36,48
Klatro,terokkar,965,druid,feral,24,13,11
Ryseqt,nemesis,960,druid,feral,12,10,2
Tjxaxa,ravencrest,960,druid,feral,12,10,2
Flufie,alexstrasza,960,druid,feral,18,10,8
Møonknight,ravencrest,960,druid,feral,18,10,8
Nîghtz,ravencrest,960,druid,feral,18,10,8
Shylovez,aegwynn,960,druid,feral,18,10,8
Cyborgz,archimonde,960,druid,feral,18,10,8
Faded,stormreaver,960,druid,feral,24,10,14
Mikor,aegwynn,959,druid,feral,18,10,8
Suggly,ysondre,959,druid,feral,18,10,8
Beerista,tarren-mill,959,druid,feral,24,11,13
Hahafun,ravencrest,959,druid,feral,24,10,14
Luphrekfurry,ysondre,959,druid,feral,24,10,14
Dipz,frostwolf,958,druid,feral,18,10,8
Cyph,shadowsong,958,druid,feral,18,10,8
Filiduttkatt,ravencrest,958,druid,feral,18,10,8
Lenzork,thrall,958,druid,feral,24,10,14
Saabeq,hyjal,958,druid,feral,24,10,14
Chikiz,ghostlands,957,druid,feral,18,10,8
Zjukov,ragnaros,955,druid,feral,24,10,14
Corrupthz,outland,955,druid,feral,24,10,14
Tøktøk,blackhand,954,druid,feral,18,10,8
Pointlez,frostmane,954,druid,feral,24,10,14
Шонгу,soulflayer,953,druid,feral,24,10,14
Niknikola,silvermoon,952,druid,feral,30,10,20
Descendance,ysondre,949,druid,feral,97,47,50
Друлевой,greymane,948,druid,feral,24,12,12
Ультраафина,gordunni,946,druid,feral,24,10,14
Glanis,malorne,945,druid,feral,31,11,20
Реептилоид,soulflayer,942,druid,feral,24,10,14
Wuzzington,outland,940,druid,feral,24,10,14
Taatz,stormscale,939,druid,feral,39,24,15
Papricat,kazzak,938,druid,feral,34,19,15
Kratzbeiß,blackmoore,936,druid,feral,42,11,31
Hadesx,blackhand,933,druid,feral,48,23,25
Sorron,blades-edge,926,druid,feral,36,19,17
Mordpaw,stormscale,925,druid,feral,26,11,15
Trikill,hyjal,922,druid,feral,31,10,21
Teddîursa,kazzak,915,druid,feral,34,10,24
Ðexteroth,sanguino,912,druid,feral,24,12,12
Blacksagex,dragonmaw,910,druid,feral,17,10,7
Zhabka,silvermoon,904,druid,feral,69,35,34
Gató,kazzak,899,druid,feral,32,11,21
Muryo,der-rat-von-dalaran,899,druid,feral,35,10,25
Lohki,eredar,895,druid,feral,21,12,9
Леминвинкс,eversong,889,druid,feral,24,13,11
Arntooth,burning-legion,889,druid,feral,82,34,48
Jooriell,defias-brotherhood,886,druid,feral,36,18,18
Джирас,gordunni,883,druid,feral,38,14,24
Горртек,howling-fjord,881,druid,feral,42,16,26
Жекакотик,eversong,880,druid,feral,60,27,33
Verbat,cthun,878,druid,feral,42,21,21
Phandris,argent-dawn,876,druid,feral,103,51,52
Maräanhatähr,silvermoon,876,druid,feral,42,12,30
Mommonga,onyxia,874,druid,feral,38,14,24
Nkoyi,argent-dawn,872,druid,feral,30,10,20
Béar,arathor,871,druid,feral,64,22,42
Wex,darksorrow,864,druid,feral,12,9,3
Urfi,tyrande,864,druid,feral,12,9,3
Fyrka,aegwynn,864,druid,feral,18,9,9
Sixmonthbann,ravencrest,864,druid,feral,18,9,9
Fuzzylol,haomarush,864,druid,feral,18,9,9
Aleatório,grim-batol,864,druid,feral,18,9,9
Rysejr,nemesis,864,druid,feral,18,9,9
Paramore,outland,864,druid,feral,18,9,9
Cocomojo,outland,864,druid,feral,18,9,9
Pølymorphe,ysondre,864,druid,feral,24,9,15
Pitý,kaelthas,864,druid,feral,24,9,15
Bikiniwochen,antonidas,863,druid,feral,18,9,9
Nicodruid,ravencrest,863,druid,feral,18,9,9
Melondru,dun-modr,863,druid,feral,18,9,9
Fíja,blackmoore,863,druid,feral,18,9,9
Xilmai,darksorrow,863,druid,feral,18,9,9
Rbg,dun-modr,863,druid,feral,22,10,12
Aendy,tarren-mill,863,druid,feral,23,10,13
Àzà,dun-modr,863,druid,feral,21,9,12
Пиггипоп,soulflayer,863,druid,feral,24,9,15
Bearmeister,kazzak,863,druid,feral,24,9,15
Олежасутра,howling-fjord,863,druid,feral,30,9,21
Aggoth,drakthul,862,druid,feral,12,9,3
Erenalby,draenor,862,druid,feral,18,9,9
Dilleydank,ravencrest,862,druid,feral,18,9,9
Мунфайр,galakrond,862,druid,feral,18,9,9
Кецян,gordunni,862,druid,feral,19,9,10
Daddyßangz,das-konsortium,862,druid,feral,24,9,15
Линнер,lich-king,862,druid,feral,24,9,15
Эверблуми,howling-fjord,862,druid,feral,30,9,21
Exïlla,archimonde,861,druid,feral,18,9,9
Буйныйкот,gordunni,861,druid,feral,24,9,15
Bäkø,dun-modr,861,druid,feral,27,10,17
Darrkseid,kazzak,860,druid,feral,12,9,3
Рэво,gordunni,860,druid,feral,18,9,9
Düldül,kargath,860,druid,feral,105,46,59
Minaye,hyjal,859,druid,feral,18,9,9
Caèlas,outland,859,druid,feral,18,9,9
Nalreaa,kazzak,859,druid,feral,18,9,9
Golddy,hyjal,859,druid,feral,19,9,10
Cøcøpøpsmøke,archimonde,859,druid,feral,30,12,18
Бруан,gordunni,859,druid,feral,24,9,15
Фэк,eversong,859,druid,feral,24,9,15
Hadespool,sanguino,859,druid,feral,24,9,15
Eivy,frostmane,859,druid,feral,43,13,30
Feralzeus,sylvanas,858,druid,feral,24,9,15
Плагиат,grom,858,druid,feral,36,10,26
Muju,stormscale,857,druid,feral,29,14,15
Wathen,argent-dawn,857,druid,feral,34,12,22
Toaa,antonidas,857,druid,feral,30,9,21
Астраджет,gordunni,856,druid,feral,12,9,3
Мегасв,gordunni,856,druid,feral,24,9,15
Hornet,sanguino,855,druid,feral,18,9,9
Aniprimal,auchindoun,854,druid,feral,18,9,9
Wainl,hyjal,854,druid,feral,30,9,21
Bgam,ravencrest,853,druid,feral,12,9,3
Мендея,gordunni,853,druid,feral,18,9,9
Пивч,soulflayer,852,druid,feral,24,9,15
Plingan,argent-dawn,847,druid,feral,17,9,8
Lirtiasan,forscherliga,847,druid,feral,18,9,9
Frökensuss,stormscale,844,druid,feral,27,12,15
Ziovris,silvermoon,839,druid,feral,33,9,24
Miukïna,archimonde,837,druid,feral,12,9,3
Kîñg,tarren-mill,836,druid,feral,76,33,43
Yorashi,blackhand,831,druid,feral,18,9,9
Рефикс,gordunni,827,druid,feral,17,9,8
Théó,grim-batol,818,druid,feral,41,18,23
Snupy,outland,815,druid,feral,17,9,8
Зенза,howling-fjord,815,druid,feral,27,9,18
Dawodz,archimonde,807,druid,feral,20,10,10
Шйшка,gordunni,807,druid,feral,35,12,23
Nuashoa,argent-dawn,806,druid,feral,22,10,12
Saltow,archimonde,797,druid,feral,52,14,38
Snkxo,perenolde,768,druid,feral,12,8,4
Kgn,blackmoore,768,druid,feral,12,8,4
Kattenover,stormscale,768,druid,feral,12,8,4
Hakuchey,aegwynn,768,druid,feral,12,8,4
Iproxy,dalaran,768,druid,feral,18,8,10
Baccthana,auchindoun,768,druid,feral,18,8,10
Muucat,twisting-nether,768,druid,feral,24,8,16
Älênkâ,drakthul,768,druid,feral,30,8,22
Svxstarz,archimonde,768,druid,feral,30,8,22
Kørnuto,nemesis,767,druid,feral,12,8,4
Firrothe,die-aldor,767,druid,feral,15,9,6
Стэлларпауэр,gordunni,767,druid,feral,18,8,10
Mimir,la-croisade-écarlate,767,druid,feral,18,8,10
Seysso,silvermoon,767,druid,feral,18,8,10
Braindamage,aegwynn,767,druid,feral,18,8,10
Jeezuschrist,archimonde,767,druid,feral,18,8,10
Laek,chogall,767,druid,feral,24,8,16
Pneuma,xavius,767,druid,feral,24,8,16
Acéré,archimonde,767,druid,feral,24,8,16
Psychodeliya,ragnaros,767,druid,feral,36,8,28
Взпешка,gordunni,766,druid,feral,12,8,4
Kutjing,dun-modr,766,druid,feral,12,8,4
Thielyy,blackmoore,766,druid,feral,18,8,10
Harbis,silvermoon,766,druid,feral,18,8,10
Krvopito,tarren-mill,765,druid,feral,12,8,4
Dracaan,boulderfist,765,druid,feral,12,8,4
Koshde,blackrock,765,druid,feral,18,8,10
Plankface,ravencrest,765,druid,feral,18,8,10
Chunkeykill,alonsus,765,druid,feral,18,8,10
Шадараф,howling-fjord,765,druid,feral,21,9,12
Vorag,dalaran,765,druid,feral,24,8,16
Bâlou,nathrezim,764,druid,feral,18,8,10
Oblivark,draenor,764,druid,feral,18,8,10
Lukass,drakthul,764,druid,feral,18,8,10
Djsnigel,stormscale,764,druid,feral,24,8,16
Shuffey,frostmane,763,druid,feral,12,8,4
Levila,defias-brotherhood,763,druid,feral,12,8,4
Беррсс,gordunni,763,druid,feral,30,8,22
Holditorsken,grim-batol,761,druid,feral,18,8,10
Razorleaf,turalyon,761,druid,feral,24,8,16
Druidou,kaelthas,756,druid,feral,30,8,22
Jupter,burning-blade,755,druid,feral,18,8,10
Loafy,the-maelstrom,751,druid,feral,24,8,16
Poxu,eredar,750,druid,feral,30,8,22
Khai,argent-dawn,748,druid,feral,24,8,16
Neischa,das-konsortium,746,druid,feral,18,8,10
Nuada,skullcrusher,745,druid,feral,17,8,9
Hermetic,turalyon,741,druid,feral,36,8,28
Âltashamane,elune,733,druid,feral,17,8,9
Ellefina,suramar,723,druid,feral,29,8,21
Ytzù,archimonde,719,druid,feral,11,8,3
Aègon,ravencrest,719,druid,feral,15,8,7
Cyriaan,eredar,719,druid,feral,17,8,9
Payday,darksorrow,712,druid,feral,21,8,13
Greenfingerz,azjolnerub,712,druid,feral,30,8,22
Euskal,chogall,703,druid,feral,14,8,6
Asarune,hyjal,703,druid,feral,20,9,11
Xarxius,sanguino,699,druid,feral,32,8,24
Деникин,thermaplugg,687,druid,feral,24,8,16
Snkyferalmov,aegwynn,672,druid,feral,12,7,5
Lolhaha,ravencrest,672,druid,feral,12,7,5
Jincksdruid,anachronos,672,druid,feral,12,7,5
Goretterog,archimonde,672,druid,feral,12,7,5
Диздру,howling-fjord,672,druid,feral,12,7,5
Zoobidu,garona,672,druid,feral,12,7,5
Cruelbunny,nemesis,672,druid,feral,12,7,5
Pàntoffel,thrall,672,druid,feral,12,7,5
Pegert,aegwynn,672,druid,feral,12,7,5
Симбиозный,howling-fjord,672,druid,feral,12,7,5
Necorine,silvermoon,672,druid,feral,12,7,5
Hrtbrkn,ravencrest,672,druid,feral,12,7,5
Moderntalkin,aegwynn,672,druid,feral,23,10,13
Oni,kelthuzad,672,druid,feral,18,7,11
Колайна,gordunni,672,druid,feral,18,7,11
Rszn,ravencrest,672,druid,feral,18,7,11
Luveena,kazzak,672,druid,feral,18,7,11
Womanhood,ravencrest,672,druid,feral,18,7,11
Samian,turalyon,672,druid,feral,18,7,11
Flawkin,kazzak,672,druid,feral,18,7,11
Coldkíng,twisting-nether,672,druid,feral,18,7,11
Råbi,ravencrest,672,druid,feral,21,8,13
Marshy,kazzak,672,druid,feral,20,7,13
Zulucat,aegwynn,672,druid,feral,24,7,17
Zðe,la-croisade-écarlate,672,druid,feral,24,7,17
Bozidarka,burning-legion,671,druid,feral,12,7,5
Druikraut,silvermoon,671,druid,feral,12,7,5
Sôalôgel,blackrock,671,druid,feral,12,7,5
Currare,aegwynn,671,druid,feral,12,7,5
Déme,twisting-nether,671,druid,feral,12,7,5
Мехнакиске,howling-fjord,671,druid,feral,16,7,9
Bærbell,blackrock,671,druid,feral,18,7,11
Falbâlas,hyjal,671,druid,feral,18,7,11
Kig,ragnaros,671,druid,feral,18,7,11
Toron,dalaran,671,druid,feral,18,7,11
Speedlebee,malganis,671,druid,feral,18,7,11
Sheradel,argent-dawn,671,druid,feral,18,7,11
Eltroncazo,sanguino,671,druid,feral,18,7,11
Axiu,kazzak,671,druid,feral,24,7,17
Yoshia,shadowsong,671,druid,feral,24,7,17
Lazerbinks,blackmoore,671,druid,feral,24,7,17
Biorythm,draenor,670,druid,feral,12,7,5
Tepni,ragnaros,670,druid,feral,18,7,11
Котпартизан,gordunni,670,druid,feral,18,7,11
Icqnot,arthas,670,druid,feral,24,7,17
Radime,khaz-modan,669,druid,feral,12,7,5
Toredorxy,blackrock,669,druid,feral,12,7,5
Stoormrage,deathwing,668,druid,feral,12,7,5
Itzferal,durotan,668,druid,feral,15,7,8
Vicendius,drakthul,667,druid,feral,18,7,11
Грэкхэк,soulflayer,666,druid,feral,15,8,7
Kaycea,ragnaros,666,druid,feral,18,7,11
Xicobahn,aggra-português,666,druid,feral,24,7,17
Sherkàn,dalaran,661,druid,feral,18,7,11
Zulazain,bladefist,659,druid,feral,86,31,55
Blejkv,defias-brotherhood,658,druid,feral,18,7,11
Ôpium,eldrethalas,658,druid,feral,24,7,17
Wingnutz,argent-dawn,654,druid,feral,24,7,17
Asrekar,karazhan,652,druid,feral,18,7,11
Эвгедент,deathguard,646,druid,feral,30,7,23
Drujdjel,die-todeskrallen,641,druid,feral,17,7,10
Nspirit,ravencrest,639,druid,feral,17,7,10
Лорирэнд,gordunni,623,druid,feral,23,7,16
Shalys,archimonde,622,druid,feral,11,7,4
Diktus,outland,618,druid,feral,14,8,6
Growshax,nerzhul,608,druid,feral,14,8,6
Хённим,howling-fjord,607,druid,feral,11,7,4
Àyóorts,archimonde,607,druid,feral,14,7,7
Halabanaha,silvermoon,606,druid,feral,11,7,4
Hadoukan,ravencrest,576,druid,feral,6,6,0
Flaiq,twisting-nether,576,druid,feral,6,6,0
Imbadxx,kazzak,576,druid,feral,12,6,6
Dragonferal,tarren-mill,576,druid,feral,12,6,6
Swagdemonxd,outland,576,druid,feral,12,6,6
Borja,malganis,576,druid,feral,12,6,6
Migaah,stormscale,576,druid,feral,12,6,6
Migalo,outland,576,druid,feral,12,6,6
Druiderex,outland,576,druid,feral,12,6,6
Arlandia,drakthul,576,druid,feral,12,6,6
Mdtwoxo,tarren-mill,576,druid,feral,12,6,6
Aslanah,hyjal,576,druid,feral,12,6,6
Túskér,stormscale,576,druid,feral,12,6,6
Tonycatmeow,ravencrest,576,druid,feral,12,6,6
Mikecat,aegwynn,576,druid,feral,12,6,6
Rimpularaisa,grim-batol,576,druid,feral,12,6,6
Hàlunkè,eredar,576,druid,feral,12,6,6
Snkyexpress,aegwynn,576,druid,feral,12,6,6
Biggestnick,ravencrest,576,druid,feral,12,6,6
Jenelin,silvermoon,576,druid,feral,12,6,6
Мцк,deathguard,576,druid,feral,12,6,6
Forrest,bronze-dragonflight,576,druid,feral,12,6,6
Sumecx,aegwynn,576,druid,feral,12,6,6
Сиэн,ashenvale,576,druid,feral,12,6,6
Iathem,dun-modr,576,druid,feral,12,6,6
Ataxyhehe,sylvanas,576,druid,feral,12,6,6
Гримах,soulflayer,576,druid,feral,12,6,6
Kittý,terokkar,576,druid,feral,12,6,6
Asoli,aegwynn,576,druid,feral,12,6,6
Seekx,silvermoon,576,druid,feral,12,6,6
Mapitom,stormscale,576,druid,feral,16,7,9
Imsothorny,genjuros,576,druid,feral,18,6,12
Svass,ragnaros,576,druid,feral,18,6,12
Спудич,eversong,576,druid,feral,18,6,12
Radauronny,malganis,576,druid,feral,18,6,12
Taurendruid,the-maelstrom,576,druid,feral,18,6,12
Hasted,kazzak,576,druid,feral,18,6,12
Fur,antonidas,576,druid,feral,23,6,17
Трясишатай,gordunni,576,druid,feral,24,6,18
Teknó,ragnaros,575,druid,feral,6,6,0
Леромейкен,fordragon,575,druid,feral,12,6,6
Ацкийдру,gordunni,575,druid,feral,12,6,6
Xurta,kazzak,575,druid,feral,12,6,6
Broccoliform,eredar,575,druid,feral,12,6,6
Leidbulle,blackrock,575,druid,feral,12,6,6
Varìx,ysondre,575,druid,feral,12,6,6
Kime,ysondre,575,druid,feral,12,6,6
Psixx,blackhand,575,druid,feral,12,6,6
Chrîslol,twisting-nether,575,druid,feral,18,6,12
Docdruid,outland,575,druid,feral,24,6,18
Скайтибрайдх,gordunni,575,druid,feral,24,6,18
Sadasch,dun-morogh,574,druid,feral,24,6,18
Naxfae,argent-dawn,574,druid,feral,24,6,18
Almightydudu,draenor,573,druid,feral,18,6,12
Alimona,the-venture-co,573,druid,feral,30,6,24
Грегориан,galakrond,571,druid,feral,12,6,6
Avior,eonar,571,druid,feral,12,6,6
Annajak,bloodfeather,570,druid,feral,12,6,6
Элинна,ashenvale,570,druid,feral,18,6,12
Catsgomeow,outland,558,druid,feral,17,6,11
Spangle,stormscale,554,druid,feral,21,7,14
Nefariz,dun-modr,544,druid,feral,16,6,10
Shapeshifts,kul-tiras,543,druid,feral,11,6,5
Неваляка,gordunni,542,druid,feral,11,6,5
Диджейкошка,howling-fjord,527,druid,feral,11,6,5
Lionquokk,azjolnerub,512,druid,feral,10,6,4
Amuini,draenor,511,druid,feral,14,6,8
Ryselol,nemesis,480,druid,feral,6,5,1
Drach,ravencrest,480,druid,feral,6,5,1
Vârima,ravencrest,480,druid,feral,6,5,1
Shanikya,argent-dawn,480,druid,feral,6,5,1
Synzuu,turalyon,480,druid,feral,10,6,4
Xunjeral,blackhand,480,druid,feral,12,7,5
Sketz,stormscale,480,druid,feral,12,5,7
Mooqt,alexstrasza,480,druid,feral,12,5,7
Einsfünfkcat,madmortem,480,druid,feral,12,5,7
Jabizz,azjolnerub,480,druid,feral,12,5,7
Bloomly,tarren-mill,480,druid,feral,12,5,7
Vãrima,ravencrest,480,druid,feral,12,5,7
Johnnybims,eredar,480,druid,feral,12,5,7
Vlashi,twisting-nether,480,druid,feral,12,5,7
Flum,darksorrow,480,druid,feral,12,5,7
West,drakthul,480,druid,feral,12,5,7
Pronkson,tarren-mill,480,druid,feral,12,5,7
Hardbasior,burning-legion,480,druid,feral,12,5,7
Оссава,blackscar,480,druid,feral,12,5,7
Guiltyas,turalyon,480,druid,feral,12,5,7
Deßradator,stormscale,480,druid,feral,12,5,7
Мидинваернэ,gordunni,480,druid,feral,12,5,7
Hrabioid,burning-legion,480,druid,feral,12,5,7
Adileath,argent-dawn,480,druid,feral,12,5,7
Rímeru,blackmoore,480,druid,feral,12,5,7
Loryaayroll,stormscale,480,druid,feral,12,5,7
Siire,ravencrest,480,druid,feral,12,5,7
Chpochm,stormscale,480,druid,feral,12,5,7
Hipølita,zuljin,480,druid,feral,12,5,7
Rapzr,argent-dawn,480,druid,feral,12,5,7
Акуламатата,soulflayer,480,druid,feral,12,5,7
Жеводанский,gordunni,480,druid,feral,12,5,7
Bezrark,arathor,480,druid,feral,12,5,7
Redlung,outland,480,druid,feral,12,5,7
Epidruid,stormrage,480,druid,feral,12,5,7
Ringthaw,silvermoon,480,druid,feral,12,5,7
Nariah,silvermoon,480,druid,feral,15,5,10
Pethebär,tarren-mill,480,druid,feral,18,5,13
Mérias,archimonde,480,druid,feral,18,5,13
Лорья,azuregos,480,druid,feral,18,5,13
Tskilli,draenor,480,druid,feral,18,5,13
Outtanowhere,drakthul,480,druid,feral,18,5,13
Enylasi,hyjal,480,druid,feral,18,5,13
Derrezzed,stormscale,480,druid,feral,18,5,13
Nefertiti,baelgun,480,druid,feral,18,5,13
Yiradur,stormscale,480,druid,feral,18,5,13
Wølveríne,frostmane,480,druid,feral,18,5,13
Cdsxr,outland,480,druid,feral,24,5,19
Dorcelvision,archimonde,479,druid,feral,12,5,7
Telpha,onyxia,479,druid,feral,12,5,7
Poskehh,outland,479,druid,feral,12,5,7
Shifts,the-maelstrom,479,druid,feral,12,5,7
Astlanes,ysondre,479,druid,feral,12,5,7
Thibagon,ysondre,479,druid,feral,12,5,7
Михася,gordunni,479,druid,feral,12,5,7
Mambalol,sanguino,479,druid,feral,12,5,7
Morsee,hellfire,479,druid,feral,12,5,7
Gatojuan,dun-modr,479,druid,feral,12,5,7
Plandros,draenor,479,druid,feral,24,5,19
Эндердру,gordunni,478,druid,feral,12,5,7
Cattastrophe,bronzebeard,477,druid,feral,12,5,7
Mitomen,ragnaros,476,druid,feral,12,5,7
Skylarr,alexstrasza,475,druid,feral,12,5,7
Altramuz,uldum,474,druid,feral,9,6,3
Cosiris,elune,469,druid,feral,18,5,13
Jamera,stormscale,463,druid,feral,17,5,12
Apetino,dun-modr,447,druid,feral,11,5,6
Infêrno,twisting-nether,446,druid,feral,22,5,17
Sároman,ravencrest,431,druid,feral,11,5,6
Гимодера,gordunni,431,druid,feral,11,5,6
Овналь,gordunni,431,druid,feral,11,5,6
Zynmeow,lordaeron,416,druid,feral,19,6,13
Бабакошка,gordunni,415,druid,feral,11,5,6
Nipply,ravencrest,415,druid,feral,15,6,9
Lybell,antonidas,414,druid,feral,14,5,9
Svarre,outland,413,druid,feral,10,5,5
Staness,khaz-modan,413,druid,feral,32,5,27
Dystaleon,blackrock,384,druid,feral,6,4,2
Knatch,outland,384,druid,feral,6,4,2
Tróllinger,blackrock,384,druid,feral,6,4,2
Ábomínatíon,draenor,384,druid,feral,6,4,2
Osaviciosa,shendralar,384,druid,feral,6,4,2
Kowtuerz,silvermoon,384,druid,feral,6,4,2
Ryáanz,ravencrest,384,druid,feral,6,4,2
Kkriss,stormscale,384,druid,feral,6,4,2
Noxxzar,stormscale,384,druid,feral,6,4,2
Furiol,darksorrow,384,druid,feral,6,4,2
Improved,hyjal,384,druid,feral,6,4,2
Takamizy,ysondre,384,druid,feral,6,4,2
Notaxtin,ravencrest,384,druid,feral,6,4,2
Крофтт,goldrinn,384,druid,feral,6,4,2
Naraxz,ravencrest,384,druid,feral,6,4,2
Faveyo,die-nachtwache,384,druid,feral,6,4,2
Akifumi,archimonde,384,druid,feral,6,4,2
Шабашиоргия,soulflayer,384,druid,feral,6,4,2
Aliyxo,aegwynn,384,druid,feral,6,4,2
Iamtaladruid,archimonde,384,druid,feral,6,4,2
Gyome,sargeras,384,druid,feral,6,4,2
Коксвейн,ashenvale,384,druid,feral,6,4,2
Idraly,kirin-tor,384,druid,feral,6,4,2
Epikeks,blackmoore,384,druid,feral,10,5,5
Dèxò,blackmoore,384,druid,feral,17,7,10
Noxxll,gorgonnash,384,druid,feral,12,4,8
Helltoothz,ragnaros,384,druid,feral,12,4,8
Aubenuit,dalaran,384,druid,feral,12,4,8
Dawgydawg,emerald-dream,384,druid,feral,12,4,8
Valkeryu,hyjal,384,druid,feral,12,4,8
Risibisi,blackmoore,384,druid,feral,12,4,8
Gruffeline,marécage-de-zangar,384,druid,feral,12,4,8
Солнцеедка,gordunni,384,druid,feral,12,4,8
Shiotake,hyjal,384,druid,feral,12,4,8
Klayx,rexxar,384,druid,feral,12,4,8
Мумя,howling-fjord,384,druid,feral,12,4,8
Deranion,drakthul,384,druid,feral,12,4,8
Mbk,kazzak,384,druid,feral,12,4,8
ßlackßåmßå,zuljin,384,druid,feral,12,4,8
Giaya,turalyon,384,druid,feral,12,4,8
Фдру,eversong,384,druid,feral,12,4,8
Ðeathwatch,ravencrest,384,druid,feral,12,4,8
Ushioxtora,outland,384,druid,feral,12,4,8
Drodiax,outland,384,druid,feral,12,4,8
Tenader,draenor,384,druid,feral,12,4,8
Tropicqt,ravencrest,384,druid,feral,12,4,8
Алендор,deathguard,384,druid,feral,12,4,8
Nibbl,doomhammer,384,druid,feral,12,4,8
Vitaex,blackrock,384,druid,feral,12,4,8
Goatmeal,draenor,384,druid,feral,12,4,8
Ociroza,outland,384,druid,feral,12,4,8
Derni,burning-legion,384,druid,feral,12,4,8
Турбокалясик,gordunni,384,druid,feral,12,4,8
Milkniatrump,tarren-mill,384,druid,feral,12,4,8
Skinnyleg,baelgun,384,druid,feral,12,4,8
Éxy,kazzak,384,druid,feral,12,4,8
Bullhoezerx,silvermoon,384,druid,feral,18,4,14
Lupa,drakthul,384,druid,feral,18,4,14
Tigerroll,kazzak,384,druid,feral,30,4,26
Kôhon,blackhand,383,druid,feral,6,4,2
Bearshift,aggra-português,383,druid,feral,6,4,2
Nidaalee,thrall,383,druid,feral,6,4,2
Afta,ysondre,383,druid,feral,6,4,2
Tsukuyómi,ragnaros,383,druid,feral,6,4,2
Hartzig,blackmoore,383,druid,feral,6,4,2
Asterya,dun-modr,383,druid,feral,10,5,5
Vaalya,hyjal,383,druid,feral,12,4,8
Rastinfalle,argent-dawn,383,druid,feral,12,4,8
Fòggie,silvermoon,383,druid,feral,12,4,8
Tettsu,silvermoon,383,druid,feral,12,4,8
Murraywolf,dun-modr,383,druid,feral,12,4,8
Sheiheda,kazzak,383,druid,feral,18,4,14
Vanarea,argent-dawn,383,druid,feral,19,4,15
Fiagard,antonidas,382,druid,feral,6,4,2
Jamaicanherb,bronzebeard,382,druid,feral,12,4,8
Hasdruida,zuljin,382,druid,feral,14,4,10
Kyth,forscherliga,382,druid,feral,18,4,14
Viølin,silvermoon,381,druid,feral,12,4,8
Yopi,stormscale,351,druid,feral,11,4,7
Rapuun,kult-der-verdammten,336,druid,feral,9,5,4
Fyralion,silvermoon,335,druid,feral,9,4,5
Wintx,ragnaros,329,druid,feral,24,7,17
Rixdudu,silvermoon,319,druid,feral,5,4,1
Ysomnia,tirion,288,druid,feral,6,3,3
Мивинчик,ashenvale,288,druid,feral,6,3,3
Shirí,hyjal,288,druid,feral,6,3,3
Xercàs,outland,288,druid,feral,6,3,3
Павлорион,gordunni,288,druid,feral,6,3,3
Gargnda,tarren-mill,288,druid,feral,6,3,3
Quentalius,argent-dawn,288,druid,feral,6,3,3
Lunanikuya,ravencrest,288,druid,feral,6,3,3
Cacatus,tarren-mill,288,druid,feral,6,3,3
Millya,sargeras,288,druid,feral,6,3,3
Бритаякиска,gordunni,288,druid,feral,6,3,3
Mäffu,silvermoon,288,druid,feral,6,3,3
Кошикк,azuregos,288,druid,feral,6,3,3
Yepnesse,khaz-modan,288,druid,feral,6,3,3
Syniixmeow,ravencrest,288,druid,feral,6,3,3
Koudru,emerald-dream,288,druid,feral,6,3,3
Fraptal,dalaran,288,druid,feral,6,3,3
Urgrull,baelgun,288,druid,feral,6,3,3
Feign,blackmoore,288,druid,feral,6,3,3
Lyrasanna,argent-dawn,288,druid,feral,6,3,3
Starryraven,argent-dawn,288,druid,feral,6,3,3
Bigbrrd,outland,288,druid,feral,6,3,3
Fearthecat,defias-brotherhood,288,druid,feral,6,3,3
Жексоул,gordunni,288,druid,feral,6,3,3
Flippintwit,quelthalas,288,druid,feral,6,3,3
Kømo,draenor,288,druid,feral,6,3,3
Reservebär,blackhand,288,druid,feral,6,3,3
Muffler,ragnaros,288,druid,feral,6,3,3
Kúùsh,frostwolf,288,druid,feral,6,3,3
Oddform,silvermoon,288,druid,feral,6,3,3
Miruush,malganis,288,druid,feral,6,3,3
Амахасла,deathweaver,288,druid,feral,6,3,3
Madgazfanboi,ravencrest,288,druid,feral,6,3,3
Theonlydruid,frostmane,288,druid,feral,6,3,3
Pyaw,kazzak,288,druid,feral,6,3,3
Dianabigby,silvermoon,288,druid,feral,6,3,3
Wikus,kazzak,288,druid,feral,6,3,3
Kørn,drakthul,288,druid,feral,6,3,3
Druidicchi,stormscale,288,druid,feral,6,3,3
Zusaria,azshara,288,druid,feral,6,3,3
Ferpylul,ragnaros,288,druid,feral,6,3,3
Sweazx,archimonde,288,druid,feral,6,3,3
Высерыш,galakrond,288,druid,feral,6,3,3
Nikta,trollbane,288,druid,feral,6,3,3
Вагинн,soulflayer,288,druid,feral,6,3,3
Hundavidsad,quelthalas,288,druid,feral,6,3,3
Sylvy,dun-modr,288,druid,feral,6,3,3
Krïsu,ravencrest,288,druid,feral,6,3,3
Ðjkillercat,ravencrest,288,druid,feral,6,3,3
Alkurosa,sylvanas,288,druid,feral,6,3,3
Wildthing,blackmoore,288,druid,feral,6,3,3
Snky,perenolde,288,druid,feral,6,3,3
Zantill,chamber-of-aspects,288,druid,feral,7,3,4
Shingeki,alonsus,288,druid,feral,8,3,5
Skywíng,stormscale,288,druid,feral,12,3,9
Elocat,blackmoore,288,druid,feral,12,3,9
Шокшо,soulflayer,288,druid,feral,12,3,9
Myex,exodar,288,druid,feral,12,3,9
Ripern,silvermoon,288,druid,feral,12,3,9
Catbear,kazzak,288,druid,feral,12,3,9
Оленяпеченя,gordunni,288,druid,feral,12,3,9
Ddggss,ragnaros,288,druid,feral,12,3,9
Qfrost,ragnaros,288,druid,feral,12,3,9
Kajirä,archimonde,288,druid,feral,12,3,9
Norlanda,ravencrest,288,druid,feral,12,3,9
Ferdax,outland,288,druid,feral,12,3,9
Drocos,genjuros,288,druid,feral,12,3,9
Phòènìx,twisting-nether,288,druid,feral,12,3,9
Bénjî,khazgoroth,288,druid,feral,12,3,9
Shiningztar,twisting-nether,288,druid,feral,12,3,9
Käisur,doomhammer,288,druid,feral,12,3,9
Senoka,shattrath,288,druid,feral,12,3,9
Murzzilka,kazzak,288,druid,feral,12,3,9
Zink,sanguino,288,druid,feral,12,3,9
Herbstkind,frostmourne,288,druid,feral,12,3,9
Azyol,argent-dawn,288,druid,feral,12,3,9
Kittyclâw,perenolde,288,druid,feral,12,3,9
Некрокэт,gordunni,288,druid,feral,17,3,14
Ashamane,outland,288,druid,feral,18,3,15
Tallbutshort,stormscale,288,druid,feral,18,3,15
Frincessa,burning-legion,288,druid,feral,18,3,15
Huginmuninn,outland,287,druid,feral,6,3,3
Cemendur,bronzebeard,287,druid,feral,6,3,3
Giosis,stormscale,287,druid,feral,6,3,3
Moxxim,ragnaros,287,druid,feral,6,3,3
Vólotyr,ravencrest,287,druid,feral,12,3,9
Papírzsepi,ragnaros,287,druid,feral,18,3,15
Puuhalí,stormreaver,286,druid,feral,6,3,3
Zottelmahne,blackrock,286,druid,feral,6,3,3
Dildor,ysondre,286,druid,feral,6,3,3
Bakar,ghostlands,286,druid,feral,6,3,3
Mãui,blackhand,286,druid,feral,15,4,11
Creadora,ravencrest,255,druid,feral,11,3,8
Bartax,culte-de-la-rive-noire,240,druid,feral,9,3,6
Ripbot,grim-batol,239,druid,feral,5,3,2
Persefal,garona,239,druid,feral,11,3,8
Anyône,dun-morogh,229,druid,feral,16,4,12
Tommyferal,outland,192,druid,feral,4,3,1
Банихоуп,gordunni,192,druid,feral,4,3,1
Comodruid,nemesis,192,druid,feral,6,2,4
Avicî,ravencrest,192,druid,feral,6,2,4
Santamonica,blackrock,192,druid,feral,6,2,4
Tøpkittyg,twisting-nether,192,druid,feral,6,2,4
Treepoloski,stormscale,192,druid,feral,6,2,4
Glyn,earthen-ring,192,druid,feral,6,2,4
Dwaokut,ravencrest,192,druid,feral,6,2,4
Kisskossa,stormscale,192,druid,feral,6,2,4
Szondykhan,ragnaros,192,druid,feral,6,2,4
Pitsas,silvermoon,192,druid,feral,6,2,4
Kiizal,twisting-nether,192,druid,feral,6,2,4
Smat,thunderhorn,192,druid,feral,6,2,4
Womzas,blackhand,192,druid,feral,6,2,4
Píshi,silvermoon,192,druid,feral,6,2,4
Pöttli,blackhand,192,druid,feral,6,2,4
Papjin,blackhand,192,druid,feral,6,2,4
Getsomefunny,archimonde,192,druid,feral,6,2,4
Aryitu,blackrock,192,druid,feral,6,2,4
Nidra,silvermoon,192,druid,feral,6,2,4
Zibark,nemesis,192,druid,feral,6,2,4
Jimmyxdd,kazzak,192,druid,feral,6,2,4
Badbird,thunderhorn,192,druid,feral,6,2,4
Lilkâzzam,blackrock,192,druid,feral,6,2,4
Voyerka,drakthul,192,druid,feral,6,2,4
Leylajr,ravencrest,192,druid,feral,6,2,4
Rabacki,blackmoore,192,druid,feral,6,2,4
Elarya,ragnaros,192,druid,feral,6,2,4
Savagehèals,ravencrest,192,druid,feral,6,2,4
Wildmushroom,drakthul,192,druid,feral,6,2,4
Redyogurt,outland,192,druid,feral,6,2,4
Zouzouille,ravencrest,192,druid,feral,6,2,4
Bïscøte,archimonde,192,druid,feral,6,2,4
Nonstérilisé,dalaran,192,druid,feral,6,2,4
Каирон,deepholm,192,druid,feral,6,2,4
Sandirion,silvermoon,192,druid,feral,6,2,4
Beginníng,outland,192,druid,feral,6,2,4
Snûx,antonidas,192,druid,feral,6,2,4
Metamø,blackrock,192,druid,feral,6,2,4
Mjáy,tarren-mill,192,druid,feral,6,2,4
Nelfboyuk,tarren-mill,192,druid,feral,6,2,4
Melcow,eredar,192,druid,feral,6,2,4
Hairydøtter,aegwynn,192,druid,feral,6,2,4
Вендьета,blackscar,192,druid,feral,6,2,4
Senjí,archimonde,192,druid,feral,6,2,4
Cemiink,drakthul,192,druid,feral,6,2,4
Melcharis,frostwolf,192,druid,feral,6,2,4
Sàngha,frostwolf,192,druid,feral,6,2,4
Вохако,howling-fjord,192,druid,feral,6,2,4
Jokiri,argent-dawn,192,druid,feral,6,2,4
Likë,frostwolf,192,druid,feral,6,2,4
Impertinent,outland,192,druid,feral,6,2,4
Nuktuk,blackhand,192,druid,feral,6,2,4
Lechaource,silvermoon,192,druid,feral,6,2,4
Snuggums,argent-dawn,192,druid,feral,6,2,4
Csacsikuki,ragnaros,192,druid,feral,6,2,4
Leafceld,aggra-português,192,druid,feral,6,2,4
Variolus,dun-modr,192,druid,feral,6,2,4
Druiddamage,the-maelstrom,192,druid,feral,6,2,4
Seekíng,blackmoore,192,druid,feral,6,2,4
Rabatout,eitrigg,192,druid,feral,6,2,4
Narawenn,ysondre,192,druid,feral,6,2,4
Bóssít,doomhammer,192,druid,feral,6,2,4
Erundrood,ysondre,192,druid,feral,6,2,4
Атиса,gordunni,192,druid,feral,6,2,4
Indräkah,dun-modr,192,druid,feral,6,2,4
Feralsaber,ghostlands,192,druid,feral,6,2,4
Glenn,alakir,192,druid,feral,6,2,4
Casiu,blackmoore,192,druid,feral,6,2,4
Druipa,sylvanas,192,druid,feral,6,2,4
Yeats,blackmoore,192,druid,feral,6,2,4
Catwild,blackmoore,192,druid,feral,6,2,4
Friidaf,lightbringer,192,druid,feral,6,2,4
Routasydän,shattered-hand,192,druid,feral,6,2,4
Агнотар,soulflayer,192,druid,feral,6,2,4
Гибрайт,soulflayer,192,druid,feral,6,2,4
Jooblob,guldan,192,druid,feral,6,2,4
Lyvaley,dun-modr,192,druid,feral,6,2,4
Kidabductorx,draenor,192,druid,feral,6,2,4
Bigbear,stormrage,192,druid,feral,6,2,4
Shyasiandru,area-52,192,druid,feral,6,2,4
Citrus,sargeras,192,druid,feral,6,2,4
Сверххищникк,soulflayer,192,druid,feral,6,2,4
Zyron,sanguino,192,druid,feral,6,2,4
Growlithe,hellfire,192,druid,feral,6,2,4
Cylàn,sylvanas,192,druid,feral,6,2,4
Кентухен,gordunni,192,druid,feral,6,2,4
Frunze,sylvanas,192,druid,feral,9,2,7
Spidete,sanguino,192,druid,feral,9,2,7
Skyreapa,burning-legion,192,druid,feral,15,3,12
Affines,the-maelstrom,192,druid,feral,12,2,10
Adawehi,ravencrest,192,druid,feral,12,2,10
Инфернох,gordunni,192,druid,feral,12,2,10
Xqeon,blackrock,192,druid,feral,12,2,10
Твойбарсик,gordunni,192,druid,feral,12,2,10
Speegle,kazzak,192,druid,feral,12,2,10
Eccology,silvermoon,192,druid,feral,12,2,10
Nicotex,draenor,192,druid,feral,12,2,10
Steakotaur,chamber-of-aspects,192,druid,feral,12,2,10
Amoveo,argent-dawn,192,druid,feral,12,2,10
Silverriver,ragnaros,192,druid,feral,12,2,10
Erelieva,silvermoon,192,druid,feral,12,2,10
Naturexbot,silvermoon,192,druid,feral,12,2,10
Trànsformer,nemesis,192,druid,feral,12,2,10
Kuw,archimonde,192,druid,feral,12,2,10
Astøriøn,elune,192,druid,feral,12,2,10
Ellaria,burning-legion,192,druid,feral,12,2,10
Rasgath,kazzak,192,druid,feral,12,2,10
Aaune,argent-dawn,192,druid,feral,12,2,10
Daìs,dalaran,192,druid,feral,12,2,10
Gachal,kazzak,192,druid,feral,18,2,16
Sellsarya,blackmoore,191,druid,feral,6,2,4
Luhxius,khaz-modan,191,druid,feral,6,2,4
Jompemanfish,stormscale,191,druid,feral,6,2,4
Nayato,draenor,191,druid,feral,12,2,10
Loriann,twisting-nether,191,druid,feral,18,2,16
Meuhtéki,hyjal,190,druid,feral,13,3,10
Avisa,blackhand,190,druid,feral,12,2,10
Shadøwdruid,silvermoon,190,druid,feral,18,2,16
Wolfly,ravencrest,179,druid,feral,21,7,14
Ilyethea,earthen-ring,175,druid,feral,11,2,9
Hiloqtdruid,blackmoore,159,druid,feral,5,2,3
Совулька,howling-fjord,159,druid,feral,5,2,3
Korkskruven,draenor,159,druid,feral,5,2,3
Szamoca,hellfire,159,druid,feral,11,2,9
Bearfôrceône,blackrock,159,druid,feral,11,2,9
Grawlex,silvermoon,159,druid,feral,11,2,9
Loserforever,archimonde,144,druid,feral,3,3,0
Найадра,gordunni,144,druid,feral,9,2,7
Несессари,howling-fjord,144,druid,feral,15,2,13
Azaría,aegwynn,128,druid,feral,4,2,2
Baniaucygana,draenor,127,druid,feral,4,2,2
Wurnas,silvermoon,121,druid,feral,15,3,12
Gódcómplèx,silvermoon,96,druid,feral,3,2,1
Wolfheart,norgannon,96,druid,feral,3,2,1
Бьеорн,gordunni,96,druid,feral,6,1,5
Xenrakh,blackhand,96,druid,feral,6,1,5
Snorlaxza,ravencrest,96,druid,feral,6,1,5
Horkz,frostmourne,96,druid,feral,6,1,5
Venomjr,bloodhoof,96,druid,feral,6,1,5
Catgirlx,ravencrest,96,druid,feral,6,1,5
Muhehe,burning-blade,96,druid,feral,6,1,5
Lucianis,drakthul,96,druid,feral,6,1,5
Cesty,silvermoon,96,druid,feral,6,1,5
Имбахилка,lich-king,96,druid,feral,6,1,5
Plàntz,tarren-mill,96,druid,feral,6,1,5
Gurudru,tarren-mill,96,druid,feral,6,1,5
Ayatola,conseil-des-ombres,96,druid,feral,6,1,5
Thaneo,blackmoore,96,druid,feral,6,1,5
Markuslanz,blackrock,96,druid,feral,6,1,5
Benduu,doomhammer,96,druid,feral,6,1,5
Albinoape,doomhammer,96,druid,feral,6,1,5
Nidrien,doomhammer,96,druid,feral,6,1,5
Ãnimal,argent-dawn,96,druid,feral,6,1,5
Bolhás,defias-brotherhood,96,druid,feral,6,1,5
Kátzumoto,kazzak,96,druid,feral,6,1,5
Hccl,blackhand,96,druid,feral,6,1,5
Putzé,blackrock,96,druid,feral,6,1,5
Anorixx,outland,96,druid,feral,6,1,5
Seraxi,der-mithrilorden,96,druid,feral,6,1,5
Мурталор,soulflayer,96,druid,feral,6,1,5
Tael,argent-dawn,96,druid,feral,6,1,5
Onmamama,die-aldor,96,druid,feral,6,1,5
Nytaleas,naxxramas,96,druid,feral,6,1,5
Арбузир,howling-fjord,96,druid,feral,6,1,5
Emrys,teldrassil,96,druid,feral,6,1,5
Heav,kiljaeden,96,druid,feral,6,1,5
Tinykiwi,silvermoon,96,druid,feral,6,1,5
Dohn,ravencrest,96,druid,feral,6,1,5
Majesty,nagrand,96,druid,feral,6,1,5
Ragnai,emerald-dream,96,druid,feral,6,1,5
Benfufu,kazzak,96,druid,feral,6,1,5
Théodên,dalaran,96,druid,feral,6,1,5
Hârâohshît,blackmoore,96,druid,feral,6,1,5
Aahboom,draenor,96,druid,feral,6,1,5
Zinister,hyjal,96,druid,feral,6,1,5
Ninmah,quelthalas,96,druid,feral,6,1,5
Vrisanaar,bladefist,96,druid,feral,6,1,5
Fabulous,genjuros,96,druid,feral,6,1,5
Spoco,defias-brotherhood,96,druid,feral,6,1,5
Strand,ragnaros,96,druid,feral,6,1,5
Yarrp,stormscale,96,druid,feral,6,1,5
Haragmancs,arathor,96,druid,feral,6,1,5
Dinopwns,silvermoon,96,druid,feral,6,1,5
Sabresheep,twisting-nether,96,druid,feral,6,1,5
Hecone,los-errantes,96,druid,feral,6,1,5
Laaide,blackmoore,96,druid,feral,6,1,5
Абапер,galakrond,96,druid,feral,6,1,5
Stjärna,kult-der-verdammten,96,druid,feral,6,1,5
Hyza,bronzebeard,96,druid,feral,6,1,5
Ashleyx,antonidas,96,druid,feral,6,1,5
Saliencias,kazzak,96,druid,feral,6,1,5
Cegorach,xavius,96,druid,feral,6,1,5
Yaaji,archimonde,96,druid,feral,6,1,5
Tartáros,blackrock,96,druid,feral,6,1,5
Hefdgaharald,antonidas,96,druid,feral,6,1,5
Bíerling,antonidas,96,druid,feral,6,1,5
Feyzode,ysondre,96,druid,feral,6,1,5
Awán,aegwynn,96,druid,feral,6,1,5
Tshungubuäch,eredar,96,druid,feral,6,1,5
Legyna,ravencrest,96,druid,feral,6,1,5
Sodniss,aggra-português,96,druid,feral,6,1,5
Thecousins,ravencrest,96,druid,feral,6,1,5
Jellybra,tarren-mill,96,druid,feral,6,1,5
Папакамбэк,grom,96,druid,feral,6,1,5
Toxii,argent-dawn,96,druid,feral,10,1,9
Yabooni,ravencrest,96,druid,feral,12,1,11
Veyronn,burning-legion,96,druid,feral,12,1,11
Raferalston,nathrezim,96,druid,feral,12,1,11
Mássive,darkmoon-faire,96,druid,feral,12,1,11
Voraxdr,draenor,96,druid,feral,12,1,11
Farnae,kirin-tor,96,druid,feral,12,1,11
Nakkikastike,magtheridon,96,druid,feral,12,1,11
Mäywen,ravencrest,96,druid,feral,12,1,11
Treébeárd,draenor,96,druid,feral,12,1,11
Sempai,hyjal,96,druid,feral,18,1,17
Marceeh,blackhand,96,druid,feral,18,1,17
Bidodici,nemesis,95,druid,feral,6,1,5
Allîyâ,archimonde,79,druid,feral,5,1,4
Tamakie,blackmoore,64,druid,feral,4,1,3
Forigiver,draenor,64,druid,feral,4,1,3
Прокси,gordunni,64,druid,feral,4,1,3
Lycal,chogall,63,druid,feral,2,2,0
Cus,tarren-mill,48,druid,feral,3,1,2
Wadles,draenor,48,druid,feral,3,1,2
Niowën,ragnaros,48,druid,feral,3,1,2
Гримах,gordunni,16,druid,feral,1,1,0
Maroxd,stormscale,2419,druid,balance,120,83,37
Kaabeedo,ravencrest,2389,druid,balance,114,70,44
Merceý,ravencrest,2323,druid,balance,97,65,32
Immuz,kazzak,2316,druid,balance,166,93,73
Shåmss,kazzak,2265,druid,balance,72,43,29
Melby,tarren-mill,2264,druid,balance,102,55,47
Wriong,ravencrest,2250,druid,balance,141,87,54
Skivesnulle,kazzak,2250,druid,balance,303,157,146
Ackiz,ravencrest,2225,druid,balance,87,53,34
Bd,stormscale,2225,druid,balance,83,49,34
Zødzin,kazzak,2217,druid,balance,126,70,56
Bbl,rexxar,2211,druid,balance,84,53,31
Vabore,twisting-nether,2203,druid,balance,108,57,51
Batboomie,zuljin,2198,druid,balance,280,156,124
Isatá,ravencrest,2179,druid,balance,72,46,26
Ööh,outland,2177,druid,balance,156,86,70
Afky,stormreaver,2174,druid,balance,84,50,34
Norgand,die-aldor,2173,druid,balance,42,33,9
Flanagân,hyjal,2171,druid,balance,60,36,24
Fuséton,tarren-mill,2164,druid,balance,323,185,138
Shayia,aegwynn,2156,druid,balance,143,78,65
Rexonadudu,kazzak,2152,druid,balance,171,102,69
Deép,nazjatar,2149,druid,balance,96,50,46
Jwrld,stormscale,2145,druid,balance,78,40,38
Sleepyhallow,blackmoore,2143,druid,balance,106,61,45
Thelire,silvermoon,2143,druid,balance,352,182,170
Стомпбр,gordunni,2141,druid,balance,144,89,55
Eôxxd,blackrock,2135,druid,balance,95,63,32
Broccoliboy,sylvanas,2134,druid,balance,162,86,76
Moodý,aegwynn,2129,druid,balance,100,67,33
Agagagagagag,ravencrest,2129,druid,balance,108,59,49
Wwboomy,kazzak,2129,druid,balance,132,65,67
Muhammadali,ravencrest,2126,druid,balance,72,42,30
Mopboomkin,twisting-nether,2122,druid,balance,78,45,33
Dezarden,die-aldor,2121,druid,balance,141,81,60
Yore,tichondrius,2120,druid,balance,102,72,30
Bumkin,bloodhoof,2120,druid,balance,72,41,31
Klimakleber,ravencrest,2119,druid,balance,182,94,88
Kirexz,blackrock,2118,druid,balance,83,55,28
Feelstreeman,twisting-nether,2115,druid,balance,54,33,21
Rek,sanguino,2114,druid,balance,87,50,37
Эё,howling-fjord,2113,druid,balance,118,78,40
Ursulaboomer,blackrock,2113,druid,balance,96,55,41
Positivîty,stormscale,2111,druid,balance,168,99,69
Winkler,kazzak,2109,druid,balance,50,38,12
Стомпбр,howling-fjord,2109,druid,balance,65,45,20
Pikatwo,tyrande,2107,druid,balance,56,42,14
Handsoff,stormscale,2104,druid,balance,210,112,98
Бубаджек,howling-fjord,2102,druid,balance,48,31,17
Trungoo,blackrock,2099,druid,balance,102,69,33
Catchmê,archimonde,2099,druid,balance,86,50,36
Antahka,archimonde,2091,druid,balance,66,36,30
Mephîs,ravencrest,2081,druid,balance,82,52,30
Tmeister,kazzak,2081,druid,balance,114,65,49
Sleepystacy,argent-dawn,2080,druid,balance,120,76,44
Eviscreator,stormscale,2076,druid,balance,120,76,44
Shivany,outland,2073,druid,balance,154,94,60
Crippaa,tarren-mill,2071,druid,balance,121,74,47
Gonyogonyo,blackmoore,2061,druid,balance,66,38,28
Bambye,stormscale,2060,druid,balance,170,108,62
Oskol,tarren-mill,2057,druid,balance,70,37,33
Kabôôm,stormscale,2054,druid,balance,72,43,29
Ganqb,ravencrest,2053,druid,balance,489,269,220
Lifeseed,ravencrest,2052,druid,balance,101,57,44
Celtimi,antonidas,2049,druid,balance,66,49,17
Sadgeconvoke,draenor,2049,druid,balance,346,199,147
Win,hellscream,2046,druid,balance,114,65,49
Владисзади,gordunni,2046,druid,balance,131,71,60
Bulla,culte-de-la-rive-noire,2045,druid,balance,213,122,91
Rootzxx,ravencrest,2043,druid,balance,126,72,54
Bittebads,stormscale,2039,druid,balance,60,39,21
Nutsnack,tarren-mill,2039,druid,balance,78,38,40
Limme,ravencrest,2034,druid,balance,128,83,45
Okøë,marécage-de-zangar,2033,druid,balance,60,37,23
Výragosa,der-rat-von-dalaran,2033,druid,balance,134,75,59
Gulmi,outland,2032,druid,balance,123,71,52
Starsy,frostmane,2032,druid,balance,89,42,47
Høtpøket,ravencrest,2028,druid,balance,54,36,18
Zaoow,stormscale,2028,druid,balance,132,81,51
Рябчиик,blackscar,2025,druid,balance,239,136,103
Didiee,kazzak,2025,druid,balance,150,85,65
Grässoppa,tarren-mill,2024,druid,balance,71,41,30
Méáckós,aegwynn,2022,druid,balance,170,84,86
Connorz,blackmoore,2020,druid,balance,138,83,55
Рейзакх,howling-fjord,2017,druid,balance,162,86,76
Saufeb,stormscale,2016,druid,balance,113,65,48
Flanagàn,hyjal,2016,druid,balance,82,41,41
Cmfg,blackrock,2015,druid,balance,104,65,39
Dincks,draenor,2015,druid,balance,89,54,35
Iloveher,ravencrest,2014,druid,balance,66,43,23
Blanoz,ravencrest,2014,druid,balance,114,57,57
Secrägodx,ragnaros,2011,druid,balance,90,54,36
Mønrøe,ravencrest,2011,druid,balance,59,35,24
Ôwlnur,kult-der-verdammten,2008,druid,balance,91,50,41
Slaugh,zuljin,2007,druid,balance,119,66,53
Øsbura,silvermoon,2006,druid,balance,78,47,31
Kënzo,ravencrest,2003,druid,balance,139,90,49
Jettad,ravencrest,2002,druid,balance,58,36,22
Akinimod,ravencrest,2000,druid,balance,120,69,51
Shivany,twisting-nether,1999,druid,balance,144,72,72
Rbgkári,draenor,1996,druid,balance,99,63,36
Frapucino,ravencrest,1991,druid,balance,81,58,23
Kruwkamilka,burning-legion,1988,druid,balance,194,106,88
Flæppy,blackmoore,1986,druid,balance,259,133,126
Broflovskii,tarren-mill,1980,druid,balance,84,42,42
Detü,blackrock,1979,druid,balance,89,56,33
Carnivals,twisting-nether,1979,druid,balance,180,98,82
Lilpumpz,outland,1978,druid,balance,89,45,44
Jerrybeans,ravencrest,1973,druid,balance,66,41,25
Lappe,stormreaver,1973,druid,balance,41,24,17
Kankstery,stormscale,1972,druid,balance,83,56,27
Disvikz,outland,1971,druid,balance,72,41,31
Ïndrä,arathi,1970,druid,balance,136,75,61
Sleepz,blackrock,1961,druid,balance,65,47,18
Eddiethepunk,ravencrest,1961,druid,balance,306,175,131
Shakso,stormscale,1961,druid,balance,102,58,44
Tronchetto,nemesis,1961,druid,balance,60,31,29
Turtleform,blackrock,1961,druid,balance,138,64,74
ßa,blackmoore,1960,druid,balance,59,38,21
Uglyrasputin,blackmoore,1960,druid,balance,156,94,62
Wizzlafa,ravencrest,1960,druid,balance,82,48,34
Wrathgodx,aegwynn,1958,druid,balance,54,33,21
Hotflora,aegwynn,1957,druid,balance,60,36,24
Pvekek,stormscale,1953,druid,balance,86,54,32
Ravneskrig,ravencrest,1952,druid,balance,86,54,32
Даирлин,gordunni,1952,druid,balance,154,77,77
Transmangodx,tarren-mill,1950,druid,balance,78,48,30
Newaccount,kazzak,1949,druid,balance,210,116,94
Kayllie,silvermoon,1947,druid,balance,108,63,45
Imperiusx,ravencrest,1944,druid,balance,251,139,112
Kÿara,khaz-modan,1944,druid,balance,66,36,30
Néllÿ,elune,1942,druid,balance,108,54,54
Crnkie,sylvanas,1937,druid,balance,66,42,24
Cassiddyy,draenor,1937,druid,balance,78,45,33
Sentería,sylvanas,1937,druid,balance,90,42,48
Anpassad,outland,1935,druid,balance,64,37,27
Ciucciotutto,nemesis,1934,druid,balance,66,46,20
Gurru,xavius,1934,druid,balance,179,94,85
Stb,outland,1932,druid,balance,60,39,21
Muufasa,blackmoore,1931,druid,balance,260,134,126
Siuo,ravencrest,1930,druid,balance,77,43,34
Maijs,ravencrest,1929,druid,balance,72,35,37
Nevermeldx,blackrock,1928,druid,balance,59,36,23
Näela,archimonde,1928,druid,balance,60,31,29
Gambós,kazzak,1927,druid,balance,59,30,29
Veonski,argent-dawn,1925,druid,balance,105,57,48
Björnskift,tarren-mill,1924,druid,balance,66,40,26
Ezeke,eredar,1923,druid,balance,184,94,90
Mooskie,draenor,1921,druid,balance,54,37,17
Aggroasian,tarren-mill,1920,druid,balance,269,146,123
Qtkitty,outland,1920,druid,balance,392,210,182
Fredhqt,tarren-mill,1918,druid,balance,59,37,22
Ледруд,gordunni,1918,druid,balance,74,37,37
Bompfer,blackmoore,1914,druid,balance,60,33,27
Brovis,sylvanas,1911,druid,balance,61,43,18
Narq,sylvanas,1911,druid,balance,84,51,33
Cioaralba,sylvanas,1911,druid,balance,93,56,37
Admeliora,ravencrest,1910,druid,balance,42,30,12
Найттир,gordunni,1910,druid,balance,69,39,30
Ovérheal,ravencrest,1909,druid,balance,81,53,28
Millions,tarren-mill,1909,druid,balance,129,82,47
Chavinelf,twisting-nether,1908,druid,balance,60,35,25
Greenful,drakthul,1907,druid,balance,90,51,39
Trntydr,senjin,1906,druid,balance,41,30,11
Tuttu,kazzak,1906,druid,balance,108,58,50
Tobid,blackrock,1904,druid,balance,54,39,15
Justyo,archimonde,1904,druid,balance,81,55,26
Juicypus,ragnaros,1902,druid,balance,78,45,33
Afret,kazzak,1902,druid,balance,371,191,180
Laserchicken,malganis,1902,druid,balance,285,142,143
Kjøttberit,moonglade,1901,druid,balance,42,32,10
Credenz,frostmane,1900,druid,balance,108,63,45
Melábufes,dun-modr,1899,druid,balance,67,35,32
Rlwlwlwrtwo,twisting-nether,1898,druid,balance,60,31,29
Laker,stormscale,1897,druid,balance,175,93,82
Interaktio,ravencrest,1896,druid,balance,34,24,10
Captaïn,twisting-nether,1896,druid,balance,78,50,28
Æøøm,blackmoore,1896,druid,balance,200,112,88
Linkin,azshara,1896,druid,balance,186,102,84
Punxybear,ravencrest,1896,druid,balance,325,167,158
Zendda,hyjal,1896,druid,balance,61,30,31
Malex,auchindoun,1895,druid,balance,54,32,22
Knùbz,ravencrest,1895,druid,balance,77,40,37
Хальтенис,gordunni,1893,druid,balance,106,57,49
Votionex,tarren-mill,1891,druid,balance,64,38,26
Hunkex,frostmane,1891,druid,balance,93,51,42
Tommyruin,the-venture-co,1889,druid,balance,123,68,55
Boomky,blackmoore,1887,druid,balance,57,29,28
Kenzia,stormrage,1886,druid,balance,72,43,29
Senfkai,kelthuzad,1885,druid,balance,42,35,7
Peaches,aerie-peak,1885,druid,balance,71,48,23
Pultsarí,tarren-mill,1885,druid,balance,57,33,24
Hppsr,eredar,1885,druid,balance,110,57,53
Veganvapex,draenor,1882,druid,balance,85,54,31
Blopstar,stormscale,1879,druid,balance,54,34,20
Druvex,blackrock,1876,druid,balance,35,25,10
Mesmerizing,ravencrest,1876,druid,balance,90,50,40
Karvajyrä,stormreaver,1876,druid,balance,302,163,139
Øhmygød,stormscale,1876,druid,balance,78,42,36
Bmybmybmybmy,outland,1875,druid,balance,30,24,6
Bîjaqt,blackmoore,1875,druid,balance,42,27,15
Gabedru,agamaggan,1874,druid,balance,48,34,14
Lóvebeam,ravencrest,1872,druid,balance,48,29,19
Øncê,durotan,1871,druid,balance,54,29,25
Euphørie,twisting-nether,1869,druid,balance,255,143,112
Restaidpvs,wildhammer,1868,druid,balance,66,34,32
Hyperbêast,blackrock,1866,druid,balance,41,31,10
Xerlog,thrall,1866,druid,balance,60,39,21
Boomjutzu,kazzak,1866,druid,balance,42,25,17
Mochiløxz,tarren-mill,1864,druid,balance,155,93,62
Rudabaebey,draenor,1863,druid,balance,42,28,14
Låsèrpêwpéw,tarren-mill,1863,druid,balance,126,75,51
Elunælle,les-sentinelles,1861,druid,balance,156,89,67
Shàal,ysondre,1859,druid,balance,134,73,61
ßoomin,tarren-mill,1859,druid,balance,48,25,23
Trytargetme,outland,1858,druid,balance,84,49,35
Pyaw,kazzak,1856,druid,balance,114,69,45
Starbro,grim-batol,1856,druid,balance,48,27,21
Emmdru,silvermoon,1854,druid,balance,101,63,38
Starfallkey,dun-modr,1854,druid,balance,111,67,44
Dudukid,nemesis,1854,druid,balance,184,93,91
Bearpawzz,kazzak,1852,druid,balance,70,41,29
Травкер,howling-fjord,1852,druid,balance,377,188,189
Mdrgtwo,ravencrest,1850,druid,balance,53,36,17
Zuterlø,ragnaros,1850,druid,balance,137,67,70
Løsër,ravencrest,1849,druid,balance,44,26,18
Миртлэкшн,gordunni,1848,druid,balance,83,45,38
Tzeeni,stormscale,1847,druid,balance,35,28,7
Izhusky,ravencrest,1847,druid,balance,91,50,41
Sænxx,blackrock,1846,druid,balance,42,30,12
Друлякич,gordunni,1846,druid,balance,49,30,19
Snøø,frostwolf,1845,druid,balance,90,51,39
Xora,kazzak,1845,druid,balance,197,106,91
Nuvemone,stormscale,1844,druid,balance,146,80,66
Арадия,gordunni,1843,druid,balance,66,35,31
Gipi,ravencrest,1843,druid,balance,60,31,29
Füllxtrap,hyjal,1841,druid,balance,24,20,4
Randomnup,sanguino,1841,druid,balance,84,46,38
Drooshy,ravencrest,1840,druid,balance,51,34,17
Fiskmåsn,twisting-nether,1840,druid,balance,185,103,82
Hrz,kazzak,1839,druid,balance,79,50,29
Âlhajillo,dun-modr,1839,druid,balance,50,31,19
Memphiswhx,drakthul,1839,druid,balance,96,50,46
Rlwlwlwlwr,twisting-nether,1838,druid,balance,48,33,15
Pluginbaby,stormscale,1838,druid,balance,64,41,23
Skirr,kelthuzad,1838,druid,balance,42,23,19
Anéry,ravencrest,1837,druid,balance,29,20,9
Artistdubose,kazzak,1837,druid,balance,48,31,17
Tjillevippen,tarren-mill,1836,druid,balance,36,23,13
Nassii,antonidas,1836,druid,balance,162,99,63
Connydor,stormscale,1836,druid,balance,48,29,19
Meowcry,outland,1836,druid,balance,96,55,41
Metamoo,tarren-mill,1835,druid,balance,47,36,11
Воому,soulflayer,1835,druid,balance,42,30,12
Atrosity,ravencrest,1835,druid,balance,66,40,26
Cøntrol,argent-dawn,1835,druid,balance,66,38,28
Vregord,twisting-nether,1834,druid,balance,48,32,16
Sylvy,dun-modr,1834,druid,balance,142,79,63
Elandreth,twisting-nether,1833,druid,balance,49,31,18
Jøkèr,outland,1833,druid,balance,53,30,23
Naturez,sylvanas,1833,druid,balance,86,47,39
Кирукхэ,gordunni,1832,druid,balance,36,28,8
Bigpûmp,elune,1832,druid,balance,48,30,18
Tárzáñ,ravencrest,1832,druid,balance,108,61,47
Embrangle,silvermoon,1830,druid,balance,48,30,18
Tummus,blackrock,1829,druid,balance,60,32,28
Bastodonte,skullcrusher,1828,druid,balance,190,97,93
Лёхалепеха,gordunni,1827,druid,balance,84,52,32
Eloahdruid,blackhand,1826,druid,balance,63,36,27
Rngmåchinéx,ravencrest,1825,druid,balance,127,83,44
Зетзул,grom,1825,druid,balance,290,155,135
Dizay,xavius,1823,druid,balance,60,40,20
Melyssea,argent-dawn,1823,druid,balance,59,35,24
Lunel,arathor,1823,druid,balance,103,61,42
Faxotium,argent-dawn,1822,druid,balance,30,21,9
Djemdruid,argent-dawn,1822,druid,balance,42,27,15
Kaalil,argent-dawn,1822,druid,balance,72,40,32
Crywingz,antonidas,1822,druid,balance,142,72,70
Hyac,the-maelstrom,1819,druid,balance,42,29,13
Alxzdru,auchindoun,1819,druid,balance,135,83,52
Мунстрайк,borean-tundra,1819,druid,balance,109,64,45
Nyndrà,archimonde,1819,druid,balance,183,90,93
Sylindra,argent-dawn,1818,druid,balance,106,66,40
Zâe,archimonde,1818,druid,balance,36,21,15
Sunshinex,silvermoon,1818,druid,balance,96,47,49
Айрокси,blackscar,1817,druid,balance,54,30,24
Quadpulse,ravencrest,1817,druid,balance,42,23,19
Nerem,blackrock,1817,druid,balance,84,44,40
Bákhar,ravencrest,1817,druid,balance,148,71,77
Htxo,kazzak,1816,druid,balance,42,26,16
Lunahu,argent-dawn,1816,druid,balance,72,42,30
Каралесер,gordunni,1816,druid,balance,235,130,105
Kokslina,sylvanas,1816,druid,balance,59,28,31
Orangeterror,stormscale,1815,druid,balance,66,43,23
Astrobazooka,stormreaver,1815,druid,balance,77,48,29
Treesus,blackrock,1815,druid,balance,36,22,14
Neirdá,hyjal,1815,druid,balance,197,107,90
Ghostpaws,ravencrest,1815,druid,balance,142,71,71
Brucebruce,stormscale,1814,druid,balance,36,21,15
Kivimon,dun-modr,1813,druid,balance,54,35,19
Tallu,das-konsortium,1813,druid,balance,66,41,25
Ånaðeårmas,outland,1813,druid,balance,83,51,32
Hammd,kazzak,1813,druid,balance,178,94,84
Yarinai,blackmoore,1812,druid,balance,90,53,37
Dyroxs,twisting-nether,1812,druid,balance,190,96,94
Flanders,blackrock,1811,druid,balance,36,25,11
Bashmac,mugthol,1811,druid,balance,72,49,23
Яммаккаасии,grom,1811,druid,balance,60,30,30
Owlbum,grim-batol,1810,druid,balance,48,31,17
Sartipus,draenor,1810,druid,balance,78,47,31
Eñzo,stormscale,1809,druid,balance,48,34,14
Superchïcken,archimonde,1809,druid,balance,36,23,13
Frenkoz,outland,1809,druid,balance,120,70,50
Núri,lordaeron,1809,druid,balance,80,46,34
Imaginarý,ravencrest,1809,druid,balance,47,26,21
Amazed,wildhammer,1808,druid,balance,66,42,24
Ferawri,draenor,1808,druid,balance,42,24,18
Scaleo,stormreaver,1808,druid,balance,90,48,42
Howgh,destromath,1808,druid,balance,216,112,104
Citróne,blackrock,1807,druid,balance,24,19,5
Icek,outland,1806,druid,balance,54,33,21
Xalio,ravencrest,1806,druid,balance,65,39,26
Leletmedie,ravencrest,1806,druid,balance,54,31,23
Gehrkehotter,silvermoon,1805,druid,balance,90,58,32
Otpboomie,dun-modr,1805,druid,balance,37,23,14
Shamerika,tarren-mill,1805,druid,balance,83,50,33
Crunchtime,ragnaros,1805,druid,balance,133,72,61
Solariah,garona,1804,druid,balance,143,84,59
Starcowx,ragnaros,1804,druid,balance,69,38,31
Ruetinjeri,blackmoore,1804,druid,balance,73,38,35
Ljóskan,kazzak,1804,druid,balance,60,30,30
Suomenlorgok,stormreaver,1803,druid,balance,85,52,33
Rnkx,sanguino,1803,druid,balance,57,33,24
Wrldx,twisting-nether,1802,druid,balance,106,61,45
Geîl,blackrock,1801,druid,balance,42,24,18
Triskelion,burning-legion,1801,druid,balance,94,52,42
Daÿdream,ravencrest,1800,druid,balance,60,39,21
Eselhirte,blackhand,1800,druid,balance,45,27,18
Ampdru,ravencrest,1798,druid,balance,40,28,12
Juicew,stormscale,1797,druid,balance,30,22,8
Smøkewéed,ravencrest,1797,druid,balance,30,22,8
Совёнушек,howling-fjord,1797,druid,balance,101,55,46
Онличикен,gordunni,1797,druid,balance,150,78,72
Сосисосочка,gordunni,1795,druid,balance,78,39,39
Legitx,dentarg,1794,druid,balance,85,46,39
Ðevilwhite,nemesis,1794,druid,balance,62,30,32
Abyssaldepth,ravencrest,1793,druid,balance,114,74,40
Klappskaft,outland,1791,druid,balance,35,20,15
Moonhusky,blackrock,1789,druid,balance,60,36,24
Yinx,darksorrow,1788,druid,balance,72,42,30
Twitchmoney,archimonde,1787,druid,balance,68,46,22
Ventrìx,alleria,1787,druid,balance,84,43,41
Kylaaz,die-ewige-wacht,1786,druid,balance,111,70,41
Longhornjohn,ragnaros,1784,druid,balance,58,33,25
Trekkertt,zuljin,1784,druid,balance,53,28,25
Morlán,blackmoore,1777,druid,balance,30,19,11
Вбг,soulflayer,1777,druid,balance,221,113,108
Fâucon,eitrigg,1776,druid,balance,40,27,13
Даена,razuvious,1776,druid,balance,66,44,22
Darktigrou,archimonde,1775,druid,balance,30,21,9
Подпивасникх,gordunni,1775,druid,balance,42,28,14
Thcpositiv,aegwynn,1775,druid,balance,171,85,86
Gigacooker,ravencrest,1774,druid,balance,42,30,12
Zkrd,kazzak,1774,druid,balance,61,33,28
Rivella,blackrock,1774,druid,balance,57,30,27
Ccoco,aegwynn,1774,druid,balance,102,51,51
Dràkàn,dethecus,1772,druid,balance,48,26,22
Taurendruid,the-maelstrom,1771,druid,balance,156,85,71
Zerozerosex,archimonde,1770,druid,balance,66,34,32
Stepgødx,twisting-nether,1769,druid,balance,69,30,39
Лсдспайсы,soulflayer,1767,druid,balance,69,44,25
Skarbowka,burning-legion,1766,druid,balance,24,20,4
Shiftowl,tarren-mill,1766,druid,balance,36,25,11
Brîvaëlle,silvermoon,1766,druid,balance,54,35,19
Asinistar,ravencrest,1764,druid,balance,56,32,24
Ipsdray,ysondre,1763,druid,balance,96,60,36
Drcaøs,sanguino,1761,druid,balance,102,59,43
Durkdriven,kazzak,1759,druid,balance,63,37,26
Kotaryzi,kazzak,1758,druid,balance,24,19,5
Större,twisting-nether,1758,druid,balance,56,41,15
Aionx,ravencrest,1758,druid,balance,52,28,24
Escaa,stormscale,1757,druid,balance,36,21,15
Taylorshîft,burning-legion,1757,druid,balance,60,31,29
Grisdrood,draenor,1756,druid,balance,292,152,140
Fantomasik,drakthul,1756,druid,balance,272,139,133
Shyngodx,archimonde,1755,druid,balance,96,58,38
Tâliah,silvermoon,1754,druid,balance,60,39,21
Vermz,tarren-mill,1752,druid,balance,35,25,10
Nóque,ravencrest,1752,druid,balance,38,23,15
Drøøkîé,antonidas,1752,druid,balance,186,110,76
Shiffe,argent-dawn,1752,druid,balance,54,29,25
Shroomdoom,ravencrest,1751,druid,balance,47,23,24
Qtrly,ravencrest,1751,druid,balance,62,30,32
Gudñ,tarren-mill,1750,druid,balance,65,38,27
Hornykarenn,bladefist,1749,druid,balance,36,25,11
Pneuma,xavius,1749,druid,balance,117,67,50
Cyclonejk,blackrock,1748,druid,balance,36,25,11
Hilom,grim-batol,1748,druid,balance,47,29,18
Krathar,kazzak,1748,druid,balance,59,26,33
Balencìága,sanguino,1747,druid,balance,71,46,25
Calê,blackrock,1747,druid,balance,225,123,102
Doublesunday,thrall,1747,druid,balance,63,33,30
Alethorn,twisting-nether,1746,druid,balance,61,44,17
Ðréws,ravencrest,1745,druid,balance,42,29,13
Babynaty,ravencrest,1745,druid,balance,188,91,97
Págánxø,kazzak,1743,druid,balance,53,34,19
Угощаюх,howling-fjord,1743,druid,balance,47,30,17
Senoxia,antonidas,1743,druid,balance,54,34,20
Batmòn,stormscale,1741,druid,balance,111,58,53
Ashleyx,antonidas,1738,druid,balance,36,30,6
Empi,sanguino,1738,druid,balance,54,34,20
Meowmf,silvermoon,1738,druid,balance,78,48,30
Kribie,aegwynn,1738,druid,balance,66,40,26
Gallokiriko,zuljin,1738,druid,balance,96,47,49
Ilovestacy,outland,1737,druid,balance,30,21,9
Nuqa,thrall,1737,druid,balance,39,26,13
Fuzzylol,haomarush,1736,druid,balance,41,24,17
Leqt,ravencrest,1736,druid,balance,90,52,38
Haanook,ravencrest,1735,druid,balance,177,96,81
Mirynn,elune,1735,druid,balance,133,66,67
Jaiyen,ravencrest,1734,druid,balance,66,45,21
Sakkrethd,hyjal,1733,druid,balance,30,20,10
Bigbaddream,stormscale,1733,druid,balance,60,34,26
Хрофт,blackscar,1730,druid,balance,87,43,44
Hackamore,archimonde,1729,druid,balance,163,91,72
Трэйкотик,blackscar,1728,druid,balance,71,41,30
Ахисса,gordunni,1727,druid,balance,78,37,41
Aleza,tarren-mill,1726,druid,balance,51,30,21
Rekked,alleria,1726,druid,balance,60,32,28
Mqs,stormscale,1725,druid,balance,128,74,54
Lucidz,kazzak,1724,druid,balance,32,19,13
Jenovas,argent-dawn,1724,druid,balance,93,47,46
Rootalot,blackrock,1723,druid,balance,42,26,16
Vaacku,stormreaver,1723,druid,balance,82,48,34
Strix,dun-modr,1723,druid,balance,60,30,30
Pouletqt,archimonde,1723,druid,balance,42,21,21
Píøøx,tarren-mill,1722,druid,balance,84,53,31
Oommis,outland,1722,druid,balance,48,28,20
Blood,frostwolf,1722,druid,balance,66,36,30
Pwnylol,teldrassil,1721,druid,balance,70,46,24
Chäz,sanguino,1719,druid,balance,80,55,25
Bobobobobobo,blackrock,1719,druid,balance,137,79,58
Hugeragê,stormreaver,1719,druid,balance,77,36,41
Kalgarm,burning-legion,1719,druid,balance,66,29,37
Navex,blackrock,1718,druid,balance,24,18,6
Whisker,outland,1717,druid,balance,30,22,8
Kabuul,dun-modr,1717,druid,balance,125,77,48
Lodikum,defias-brotherhood,1716,druid,balance,24,18,6
Adizero,blackrock,1716,druid,balance,43,27,16
Rozi,draenor,1716,druid,balance,36,21,15
Shakeme,zuljin,1716,druid,balance,48,25,23
Opathecool,bladefist,1715,druid,balance,41,30,11
Khålêd,kazzak,1714,druid,balance,52,38,14
Gentle,tarren-mill,1714,druid,balance,62,37,25
Yapyapyapyap,eredar,1713,druid,balance,42,25,17
Pradasurge,ravencrest,1712,druid,balance,179,99,80
Владибой,gordunni,1712,druid,balance,36,18,18
Illmíndofboo,twisting-nether,1711,druid,balance,59,37,22
Teebeidl,tarren-mill,1711,druid,balance,122,70,52
Madhatterr,kazzak,1710,druid,balance,96,63,33
Scars,outland,1710,druid,balance,30,18,12
Deepak,nemesis,1710,druid,balance,66,37,29
Мариантус,greymane,1710,druid,balance,66,33,33
Mirâculixx,dethecus,1709,druid,balance,30,19,11
Valgo,twisting-nether,1708,druid,balance,42,26,16
Kørra,dun-modr,1707,druid,balance,73,42,31
Slahnesh,aegwynn,1706,druid,balance,48,26,22
Mikhaili,stormreaver,1703,druid,balance,30,18,12
Leywä,drekthar,1703,druid,balance,47,28,19
Nerfmemaybe,blackmoore,1702,druid,balance,29,20,9
Yuhor,outland,1702,druid,balance,202,107,95
Небесныйхант,soulflayer,1702,druid,balance,123,63,60
Elissian,silvermoon,1701,druid,balance,223,117,106
Neufcinqq,archimonde,1700,druid,balance,39,26,13
Legyna,ravencrest,1700,druid,balance,63,37,26
Symbiosa,silvermoon,1699,druid,balance,99,63,36
Synexi,sylvanas,1699,druid,balance,66,41,25
Thardruid,stormscale,1699,druid,balance,72,42,30
Колтрэйнх,fordragon,1699,druid,balance,54,29,25
Duckiethotx,twisting-nether,1698,druid,balance,42,23,19
Shaakm,nerathor,1697,druid,balance,66,40,26
Cryspie,hyjal,1697,druid,balance,42,23,19
Raykk,culte-de-la-rive-noire,1696,druid,balance,30,18,12
Rexadria,blackrock,1695,druid,balance,24,18,6
Сибирячечка,greymane,1695,druid,balance,128,69,59
Bubadruid,silvermoon,1694,druid,balance,71,50,21
Директорх,blackscar,1694,druid,balance,36,23,13
Sinalûlz,outland,1694,druid,balance,30,18,12
Мягкийвисп,howling-fjord,1694,druid,balance,78,43,35
Taveirasurge,kazzak,1693,druid,balance,42,28,14
Moonasiahn,hyjal,1693,druid,balance,42,23,19
Добродейтель,soulflayer,1692,druid,balance,156,95,61
Xyzy,burning-legion,1692,druid,balance,108,53,55
Superdr,ragnaros,1691,druid,balance,34,24,10
Nastyclones,kazzak,1691,druid,balance,36,21,15
Ахаххаха,howling-fjord,1689,druid,balance,60,38,22
Nzmdruid,burning-legion,1689,druid,balance,36,21,15
Néxct,stormscale,1688,druid,balance,36,22,14
Msb,the-maelstrom,1687,druid,balance,36,18,18
Gnoobr,ravencrest,1686,druid,balance,24,18,6
Ykg,twisting-nether,1686,druid,balance,57,35,22
Nergi,darksorrow,1686,druid,balance,53,31,22
Cyriaan,eredar,1686,druid,balance,101,55,46
Andreud,dunemaul,1686,druid,balance,83,38,45
Güccïmane,twisting-nether,1685,druid,balance,72,53,19
Panpanqcul,archimonde,1685,druid,balance,105,60,45
Maladorf,draenor,1683,druid,balance,36,24,12
Frodds,grim-batol,1682,druid,balance,81,58,23
Cowgurl,stormscale,1682,druid,balance,48,27,21
Máedhros,ravencrest,1681,druid,balance,48,31,17
Maelkan,sanguino,1681,druid,balance,194,104,90
Mäismz,hyjal,1680,druid,balance,54,37,17
Phobidru,thrall,1679,druid,balance,36,23,13
Npml,tarren-mill,1678,druid,balance,53,30,23
Moonfirecow,thrall,1677,druid,balance,60,34,26
Zeptune,tarren-mill,1677,druid,balance,126,59,67
Highonfire,grim-batol,1676,druid,balance,60,41,19
Tykè,outland,1676,druid,balance,36,21,15
Hymìr,silvermoon,1676,druid,balance,119,61,58
Vitaex,blackrock,1675,druid,balance,39,27,12
Dotclass,outland,1675,druid,balance,44,25,19
Iamobito,blackmoore,1674,druid,balance,36,22,14
Wildrice,blackhand,1674,druid,balance,65,37,28
Totemdrood,blackmoore,1673,druid,balance,30,20,10
Ноунэймбич,blackscar,1671,druid,balance,36,20,16
Cptnclone,blackmoore,1669,druid,balance,72,38,34
Varokka,aegwynn,1666,druid,balance,36,23,13
Heiden,terokkar,1666,druid,balance,42,23,19
Мэдикейт,soulflayer,1665,druid,balance,84,48,36
Fapmasterx,eredar,1664,druid,balance,36,23,13
Djsnigel,stormscale,1664,druid,balance,41,25,16
Settembre,ragnaros,1664,druid,balance,69,40,29
Dreathqt,twisting-nether,1664,druid,balance,84,37,47
Suprachybre,arathi,1662,druid,balance,48,31,17
Dreamdoll,ravencrest,1660,druid,balance,24,22,2
Sanaponic,burning-legion,1660,druid,balance,40,26,14
Owenwilson,twisting-nether,1659,druid,balance,42,26,16
Shapeshift,sanguino,1659,druid,balance,62,34,28
Siajin,frostwolf,1659,druid,balance,42,23,19
Suevlaki,ragnaros,1658,druid,balance,108,68,40
Møømøø,tarren-mill,1658,druid,balance,30,18,12
Nönö,tarren-mill,1657,druid,balance,36,21,15
Deepqt,kargath,1657,druid,balance,72,41,31
Bàrathrum,blackrock,1657,druid,balance,48,27,21
Jamzydruid,kazzak,1657,druid,balance,72,37,35
Ñêkø,ravencrest,1656,druid,balance,36,26,10
Сансплэш,lich-king,1656,druid,balance,42,30,12
Кектахан,soulflayer,1656,druid,balance,30,20,10
Zhof,ravencrest,1656,druid,balance,160,82,78
Mahwi,das-konsortium,1655,druid,balance,24,18,6
Notmyfriend,sylvanas,1655,druid,balance,59,41,18
Buffmeplz,medivh,1655,druid,balance,36,23,13
Featherfeet,kazzak,1655,druid,balance,54,27,27
Møønhorn,nemesis,1654,druid,balance,149,82,67
Hotsincee,stormscale,1654,druid,balance,157,85,72
Yabooni,ravencrest,1653,druid,balance,66,41,25
Pjuske,silvermoon,1653,druid,balance,42,24,18
Pawel,defias-brotherhood,1653,druid,balance,149,80,69
Shreedex,blackmoore,1651,druid,balance,66,41,25
Zømßie,outland,1651,druid,balance,108,61,47
Chøpzjr,blackrock,1651,druid,balance,48,27,21
Cantdonothig,ravencrest,1651,druid,balance,269,143,126
Pewpewdruid,blackmoore,1650,druid,balance,144,79,65
Layle,argent-dawn,1649,druid,balance,66,32,34
Trinket,frostmane,1648,druid,balance,42,30,12
Troc,karazhan,1648,druid,balance,30,21,9
Beanery,aegwynn,1648,druid,balance,36,24,12
Macron,terokkar,1648,druid,balance,64,35,29
Kabòöóm,outland,1647,druid,balance,42,25,17
Gibsx,blackmoore,1646,druid,balance,48,33,15
Schannine,archimonde,1646,druid,balance,59,34,25
Kissachtak,blackrock,1644,druid,balance,27,18,9
Elfsu,ravencrest,1644,druid,balance,90,58,32
Hyunâ,dalaran,1644,druid,balance,48,30,18
Øffroadz,blackmoore,1643,druid,balance,30,20,10
Holziger,azshara,1643,druid,balance,51,32,19
Kittenmitten,ragnaros,1643,druid,balance,130,76,54
Мэдикейт,gordunni,1643,druid,balance,72,39,33
Toxicclones,tarren-mill,1642,druid,balance,24,21,3
Milantu,antonidas,1642,druid,balance,30,18,12
Ploho,blackmoore,1642,druid,balance,39,19,20
Laødinay,hyjal,1641,druid,balance,60,33,27
Teaser,dun-modr,1641,druid,balance,78,42,36
Elatadru,silvermoon,1641,druid,balance,51,25,26
Xoap,kazzak,1640,druid,balance,30,21,9
Loethen,argent-dawn,1640,druid,balance,76,51,25
Gstahr,taerar,1640,druid,balance,82,47,35
Cønvokê,tarren-mill,1640,druid,balance,64,34,30
Хотдиллер,howling-fjord,1639,druid,balance,30,20,10
Cupoftea,drakthul,1639,druid,balance,95,58,37
Drutro,hellfire,1639,druid,balance,54,27,27
Meganfoxdq,sanguino,1638,druid,balance,82,53,29
ßoom,antonidas,1638,druid,balance,65,34,31
Ymagyne,frostmane,1638,druid,balance,44,23,21
Shiftcaster,ravencrest,1638,druid,balance,48,22,26
Obrys,tarren-mill,1637,druid,balance,42,21,21
Beefsteaxs,thrall,1636,druid,balance,58,42,16
Drugnag,blackmoore,1636,druid,balance,48,33,15
Gotnaga,silvermoon,1636,druid,balance,30,20,10
Grafíx,blackrock,1636,druid,balance,30,18,12
Derfaï,kaelthas,1636,druid,balance,41,21,20
Borderliner,blackrock,1635,druid,balance,77,46,31
Gretathnberg,ravencrest,1635,druid,balance,38,20,18
Deví,twilights-hammer,1634,druid,balance,48,30,18
Bobcup,tarren-mill,1634,druid,balance,97,55,42
Naturalbeef,argent-dawn,1634,druid,balance,40,22,18
Beamgødx,thrall,1633,druid,balance,28,19,9
Sequisha,tarren-mill,1633,druid,balance,36,22,14
Naicy,khaz-modan,1633,druid,balance,42,24,18
Kalthazar,twisting-nether,1633,druid,balance,42,23,19
Фигарофигаро,gordunni,1632,druid,balance,71,37,34
Óffstér,kazzak,1632,druid,balance,72,22,50
Knuffle,eredar,1631,druid,balance,82,52,30
Bøøstèdtréè,ravencrest,1631,druid,balance,132,69,63
Milkywáys,draenor,1631,druid,balance,164,85,79
Esrín,the-maelstrom,1631,druid,balance,152,78,74
Moffwastaken,kazzak,1631,druid,balance,225,114,111
Masakrelol,sanguino,1631,druid,balance,36,18,18
Felysae,kazzak,1630,druid,balance,24,17,7
Klßa,grim-batol,1630,druid,balance,30,21,9
Myllymatti,frostwhisper,1630,druid,balance,36,21,15
Feralenjoyer,drakthul,1630,druid,balance,30,17,13
Squirtdogx,drakthul,1630,druid,balance,30,17,13
Жизэ,galakrond,1629,druid,balance,62,39,23
Муниня,gordunni,1629,druid,balance,84,49,35
Balanc,ragnaros,1629,druid,balance,168,92,76
Porzi,eredar,1628,druid,balance,84,51,33
Saqartvelo,tarren-mill,1628,druid,balance,60,34,26
Izzual,tarren-mill,1628,druid,balance,36,20,16
Èøèøèøèøè,stormscale,1627,druid,balance,18,17,1
Tenzuk,archimonde,1627,druid,balance,18,17,1
Mopferal,twisting-nether,1627,druid,balance,42,32,10
Pikamoo,kazzak,1627,druid,balance,35,20,15
Azurai,blackmoore,1627,druid,balance,78,43,35
Зенза,howling-fjord,1627,druid,balance,60,33,27
Vulkayn,ysondre,1627,druid,balance,42,22,20
Jaycutler,archimonde,1627,druid,balance,72,36,36
Fluffypawz,shattered-hand,1626,druid,balance,42,25,17
Kubzii,archimonde,1626,druid,balance,135,71,64
Иггдрасиль,gordunni,1625,druid,balance,103,61,42
Amøveo,draenor,1625,druid,balance,48,25,23
Treepoloski,stormscale,1624,druid,balance,45,28,17
Saltymoo,tarren-mill,1624,druid,balance,65,37,28
Dakotaboomer,ravencrest,1624,druid,balance,30,17,13
Kkona,silvermoon,1624,druid,balance,77,41,36
Deßradator,stormscale,1623,druid,balance,42,25,17
Çhîñêséðrüîð,kazzak,1623,druid,balance,36,21,15
Hirmo,ragnaros,1623,druid,balance,52,30,22
Grisdrood,ragnaros,1623,druid,balance,54,31,23
Svend,kazzak,1623,druid,balance,77,44,33
Kittyexpress,arygos,1623,druid,balance,48,25,23
Polymorphler,theradras,1623,druid,balance,66,29,37
Xqzmybleedz,onyxia,1622,druid,balance,56,38,18
Rassia,blackrock,1622,druid,balance,60,39,21
Храш,gordunni,1622,druid,balance,29,18,11
Yosimoo,draenor,1622,druid,balance,72,43,29
Baboss,chogall,1622,druid,balance,66,34,32
Merfje,karazhan,1622,druid,balance,36,17,19
Valijan,blackrock,1622,druid,balance,40,18,22
Светдру,blackscar,1621,druid,balance,24,17,7
Shayîa,nozdormu,1621,druid,balance,30,17,13
Gelubaboom,ravencrest,1621,druid,balance,30,17,13
Nizkul,dun-modr,1621,druid,balance,67,36,31
Kaïnak,dalaran,1621,druid,balance,60,30,30
Malvakten,kazzak,1621,druid,balance,194,94,100
Cyclønegodxd,dentarg,1620,druid,balance,57,40,17
Thundruid,archimonde,1620,druid,balance,30,18,12
Kåmen,ravenholdt,1620,druid,balance,91,53,38
Rasgath,kazzak,1620,druid,balance,285,157,128
Juvencus,twisting-nether,1620,druid,balance,36,19,17
Moonzysunzy,sylvanas,1620,druid,balance,36,17,19
Landesverrat,kazzak,1619,druid,balance,24,21,3
Lílpèëpgødx,archimonde,1619,druid,balance,24,17,7
Rosskemp,tarren-mill,1619,druid,balance,24,17,7
Døttore,garona,1619,druid,balance,122,63,59
Youngdinozzo,dalaran,1618,druid,balance,35,23,12
Slaskêt,tarren-mill,1618,druid,balance,28,18,10
Tomyn,burning-legion,1618,druid,balance,34,21,13
Xora,aegwynn,1618,druid,balance,38,23,15
Takemanstwix,ragnaros,1618,druid,balance,42,25,17
Damigjat,sylvanas,1618,druid,balance,215,123,92
Xenuss,kazzak,1618,druid,balance,42,23,19
Thielyy,blackmoore,1618,druid,balance,89,48,41
Pøpp,archimonde,1618,druid,balance,41,22,19
Mendorin,stormrage,1618,druid,balance,69,36,33
Аласторвов,deathweaver,1618,druid,balance,118,57,61
Løgbjørnen,tarren-mill,1617,druid,balance,34,21,13
Zì,stormscale,1617,druid,balance,54,31,23
Ryuzu,aegwynn,1616,druid,balance,79,45,34
Fabuboomy,blackrock,1616,druid,balance,30,17,13
Боблерсс,gordunni,1616,druid,balance,62,33,29
Alessàsavage,nemesis,1616,druid,balance,36,18,18
Pumpingurass,twisting-nether,1615,druid,balance,24,17,7
Xirbtihs,stormscale,1615,druid,balance,50,32,18
Rhaf,argent-dawn,1615,druid,balance,167,95,72
Pròtodrù,twisting-nether,1615,druid,balance,66,35,31
Klørfem,draenor,1614,druid,balance,36,21,15
Sodapop,aszune,1614,druid,balance,144,83,61
Nctmé,tarren-mill,1614,druid,balance,41,19,22
Happybear,outland,1613,druid,balance,63,46,17
Rivenx,ravencrest,1613,druid,balance,59,37,22
Hollymedx,blackmoore,1613,druid,balance,98,57,41
Mîrxy,outland,1613,druid,balance,30,17,13
Horadruid,silvermoon,1613,druid,balance,268,147,121
Gòrgoth,pozzo-delleternità,1613,druid,balance,42,23,19
Слоич,howling-fjord,1613,druid,balance,214,104,110
Exilara,twisting-nether,1612,druid,balance,61,38,23
Jamley,tarren-mill,1612,druid,balance,36,19,17
Бонони,booty-bay,1612,druid,balance,102,51,51
Kuraina,the-maelstrom,1612,druid,balance,42,21,21
Zonsybtw,blackhand,1611,druid,balance,36,28,8
Rá,outland,1611,druid,balance,32,22,10
Pëchy,aggra-português,1611,druid,balance,66,39,27
Mianmar,silvermoon,1610,druid,balance,149,92,57
Åkømo,aegwynn,1610,druid,balance,36,21,15
Deadmeøw,outland,1609,druid,balance,34,21,13
Wafflecat,outland,1609,druid,balance,36,21,15
Zapx,hyjal,1609,druid,balance,96,52,44
Boomykush,twisting-nether,1608,druid,balance,86,48,38
Imcasting,doomhammer,1608,druid,balance,54,29,25
Kl,archimonde,1608,druid,balance,114,53,61
Huxleyys,draenor,1607,druid,balance,30,17,13
Doncy,ragnaros,1607,druid,balance,54,24,30
Sqoopy,tarren-mill,1606,druid,balance,36,27,9
Ryng,nagrand,1606,druid,balance,60,41,19
Lillevän,tarren-mill,1606,druid,balance,30,18,12
Noou,aegwynn,1606,druid,balance,46,25,21
Scamlafsen,ragnaros,1606,druid,balance,42,22,20
Cowxoxo,twisting-nether,1606,druid,balance,60,27,33
Neverpanic,stormscale,1605,druid,balance,30,21,9
Hillarious,blackmoore,1605,druid,balance,111,65,46
Auches,argent-dawn,1605,druid,balance,42,22,20
Isylia,twisting-nether,1605,druid,balance,72,36,36
Rode,magtheridon,1604,druid,balance,129,75,54
Duis,twilights-hammer,1604,druid,balance,118,63,55
Rachenketzy,stormscale,1604,druid,balance,42,19,23
Threesixnìne,dun-morogh,1604,druid,balance,71,30,41
Drufar,outland,1603,druid,balance,29,18,11
Winarchikxxl,tarren-mill,1603,druid,balance,217,115,102
Флаффер,soulflayer,1603,druid,balance,36,18,18
Грандал,howling-fjord,1603,druid,balance,84,41,43
Alamâ,madmortem,1603,druid,balance,48,21,27
Belvrin,argent-dawn,1602,druid,balance,52,35,17
Dematos,forscherliga,1602,druid,balance,114,68,46
Cptsponksa,tarren-mill,1602,druid,balance,106,60,46
Nomilkforyou,steamwheedle-cartel,1601,druid,balance,63,39,24
Elrroir,dun-modr,1601,druid,balance,60,36,24
Niul,aegwynn,1601,druid,balance,146,83,63
Degnosaur,outland,1601,druid,balance,36,20,16
Aenrolz,hyjal,1600,druid,balance,30,21,9
Goom,rexxar,1600,druid,balance,214,124,90
Nixhot,blackmoore,1598,druid,balance,58,30,28
Стампид,blackscar,1597,druid,balance,151,88,63
Bigtouch,draenor,1597,druid,balance,54,31,23
Wildanomaly,argent-dawn,1597,druid,balance,100,55,45
Pitbull,archimonde,1597,druid,balance,72,38,34
Zonsy,twisting-nether,1597,druid,balance,60,28,32
Angrychicken,ravencrest,1596,druid,balance,48,31,17
Хастла,galakrond,1596,druid,balance,36,23,13
Stinkyicky,sylvanas,1594,druid,balance,60,38,22
Malaprljavca,kazzak,1594,druid,balance,67,40,27
Hashishi,grim-batol,1594,druid,balance,72,40,32
Malfurien,magtheridon,1593,druid,balance,30,17,13
Àspro,hyjal,1591,druid,balance,42,21,21
Rwq,outland,1590,druid,balance,57,30,27
Ôp,aegwynn,1589,druid,balance,65,31,34
Spaceshift,magtheridon,1588,druid,balance,168,93,75
Truffleßuttr,kazzak,1587,druid,balance,30,17,13
Xä,bloodscalp,1587,druid,balance,159,86,73
Кётре,ashenvale,1587,druid,balance,54,27,27
Veyronn,burning-legion,1586,druid,balance,48,25,23
Magnusson,shadowsong,1585,druid,balance,90,59,31
Ibuyicecream,outland,1585,druid,balance,119,68,51
Inkibek,burning-blade,1584,druid,balance,114,71,43
Lisbethqt,nemesis,1583,druid,balance,30,19,11
Séxycàt,ravencrest,1583,druid,balance,183,98,85
Chelsealeart,frostmane,1582,druid,balance,48,33,15
Convokeboost,archimonde,1581,druid,balance,235,136,99
Monkeynight,ambossar,1581,druid,balance,41,22,19
Dharli,stormscale,1581,druid,balance,72,32,40
Ícekiss,hyjal,1580,druid,balance,36,25,11
Hotdóts,outland,1580,druid,balance,30,20,10
Disclaimed,twisting-nether,1580,druid,balance,50,30,20
Ralffoosa,auchindoun,1578,druid,balance,30,18,12
Gløbal,antonidas,1577,druid,balance,53,30,23
Goüsta,archimonde,1576,druid,balance,66,38,28
Arecsne,turalyon,1576,druid,balance,97,50,47
Replicusowl,doomhammer,1576,druid,balance,36,18,18
Ittei,korgall,1575,druid,balance,36,22,14
Lyø,draenor,1575,druid,balance,136,78,58
Amoveo,argent-dawn,1574,druid,balance,56,31,25
Brainjuice,blackrock,1574,druid,balance,36,19,17
Mjáy,tarren-mill,1574,druid,balance,36,19,17
Sifferx,stormscale,1574,druid,balance,93,48,45
Ånåphorå,archimonde,1574,druid,balance,39,20,19
Redlung,outland,1573,druid,balance,30,18,12
Merawr,ravencrest,1573,druid,balance,129,66,63
Aègon,ravencrest,1572,druid,balance,89,53,36
Ассайоу,gordunni,1572,druid,balance,66,39,27
Vodkavodkaa,tarren-mill,1571,druid,balance,54,32,22
Kolt,rajaxx,1571,druid,balance,86,47,39
Sonjin,burning-legion,1571,druid,balance,36,19,17
Diggear,doomhammer,1570,druid,balance,30,21,9
Abercrombx,thrall,1570,druid,balance,62,37,25
Halouest,archimonde,1570,druid,balance,77,42,35
Muhz,nathrezim,1569,druid,balance,80,45,35
Bôoze,nathrezim,1569,druid,balance,36,19,17
Topfrag,outland,1566,druid,balance,48,25,23
Isuckdruid,aegwynn,1565,druid,balance,103,56,47
Calambius,blackhand,1565,druid,balance,78,39,39
Crazzimus,tarren-mill,1562,druid,balance,84,46,38
Elodìa,antonidas,1561,druid,balance,30,21,9
Ахахахахахх,soulflayer,1559,druid,balance,35,21,14
Hotlife,ravencrest,1559,druid,balance,55,29,26
Starcrash,amanthul,1559,druid,balance,60,28,32
Metzarqq,stormscale,1558,druid,balance,30,19,11
Ðelix,ysera,1558,druid,balance,62,37,25
Insølitø,sanguino,1558,druid,balance,99,57,42
Newdudu,draenor,1557,druid,balance,53,30,23
Drulier,doomhammer,1554,druid,balance,36,25,11
Rédbull,outland,1554,druid,balance,148,81,67
Ayamiss,outland,1554,druid,balance,36,19,17
Wísh,stormscale,1553,druid,balance,60,34,26
Урркке,soulflayer,1552,druid,balance,48,29,19
Bashfui,draenor,1552,druid,balance,156,84,72
Obsessíon,kazzak,1551,druid,balance,48,24,24
Баттнэйкед,gordunni,1551,druid,balance,83,41,42
Tuwog,outland,1550,druid,balance,41,22,19
Wildmistake,argent-dawn,1550,druid,balance,35,17,18
Uptoyou,defias-brotherhood,1549,druid,balance,77,45,32
Potatodru,ragnaros,1549,druid,balance,30,17,13
Doruido,rashgarroth,1549,druid,balance,60,28,32
Грибомания,soulflayer,1548,druid,balance,35,18,17
Majokz,ravencrest,1547,druid,balance,74,37,37
Brokul,kazzak,1546,druid,balance,54,29,25
Кыцко,soulflayer,1546,druid,balance,63,32,31
Wykked,outland,1545,druid,balance,42,18,24
Karuck,ravencrest,1544,druid,balance,54,30,24
Utiniutini,thrall,1544,druid,balance,57,31,26
Angelinax,silvermoon,1544,druid,balance,35,19,16
Zevis,outland,1544,druid,balance,150,76,74
Gretl,blackrock,1544,druid,balance,72,36,36
Tigerroll,kazzak,1544,druid,balance,66,30,36
Krosanx,outland,1542,druid,balance,30,17,13
Moler,hyjal,1541,druid,balance,67,43,24
Elinaax,outland,1541,druid,balance,29,17,12
Maaw,tarren-mill,1541,druid,balance,48,27,21
Frikolina,outland,1541,druid,balance,134,67,67
Cieniuu,burning-legion,1539,druid,balance,48,36,12
Algír,argent-dawn,1539,druid,balance,107,53,54
Malolepszy,burning-legion,1539,druid,balance,36,17,19
Shedzokey,tarren-mill,1538,druid,balance,78,46,32
Chadru,magtheridon,1538,druid,balance,68,36,32
Jebga,thrall,1538,druid,balance,85,43,42
Whøðìspélmé,twisting-nether,1537,druid,balance,19,17,2
Puppen,alakir,1537,druid,balance,36,24,12
Lazerbinks,blackmoore,1536,druid,balance,29,18,11
Gibx,ravencrest,1536,druid,balance,36,20,16
Bøllemís,silvermoon,1536,druid,balance,39,21,18
Jazzme,aegwynn,1535,druid,balance,24,16,8
Fransman,sylvanas,1535,druid,balance,65,32,33
Woodzey,sylvanas,1534,druid,balance,42,22,20
Druidflight,ravencrest,1534,druid,balance,48,24,24
Suitti,ravencrest,1532,druid,balance,29,17,12
Abbc,stormscale,1531,druid,balance,24,16,8
Thaeris,outland,1531,druid,balance,28,17,11
Szubotaj,ragnaros,1531,druid,balance,30,18,12
Mindruid,kazzak,1531,druid,balance,30,18,12
Whêylon,ragnaros,1531,druid,balance,30,16,14
Silvix,blackrock,1530,druid,balance,59,31,28
Kénshin,blackhand,1530,druid,balance,42,21,21
Анестезий,soulflayer,1529,druid,balance,66,48,18
Catten,sylvanas,1529,druid,balance,30,17,13
Whiskers,emerald-dream,1529,druid,balance,84,44,40
Buurzalbai,drakthul,1527,druid,balance,96,49,47
Brandyballix,twisting-nether,1526,druid,balance,116,58,58
Migami,nemesis,1526,druid,balance,36,18,18
Moonwatcher,blackrock,1525,druid,balance,307,161,146
Nythielle,argent-dawn,1525,druid,balance,36,16,20
Эрраптор,borean-tundra,1524,druid,balance,29,18,11
Lasertipu,tarren-mill,1524,druid,balance,71,38,33
Мурдермашин,deathguard,1524,druid,balance,92,45,47
Hållkäften,twisting-nether,1523,druid,balance,77,40,37
Rystafarian,kazzak,1523,druid,balance,74,36,38
Leathy,eredar,1522,druid,balance,73,41,32
Seboom,outland,1522,druid,balance,123,69,54
Crackfat,stormscale,1521,druid,balance,52,34,18
Kbdd,outland,1521,druid,balance,54,24,30
Sofiadrood,stormreaver,1520,druid,balance,24,16,8
Levéltetü,ragnaros,1520,druid,balance,30,18,12
Ратататата,blackscar,1520,druid,balance,38,21,17
Lashketchum,aszune,1519,druid,balance,48,32,16
Exca,stormscale,1519,druid,balance,54,28,26
Bagginston,nazjatar,1518,druid,balance,56,29,27
Rilak,nordrassil,1517,druid,balance,112,61,51
Ylmh,archimonde,1516,druid,balance,24,16,8
Moksy,outland,1516,druid,balance,24,16,8
Telbo,ravencrest,1516,druid,balance,89,48,41
Zhyra,arathor,1514,druid,balance,60,35,25
Likwidator,stormscale,1514,druid,balance,116,66,50
Syremark,silvermoon,1514,druid,balance,54,25,29
Shapeit,blackrock,1513,druid,balance,36,25,11
Birb,archimonde,1513,druid,balance,77,47,30
Trylune,blackmoore,1513,druid,balance,36,19,17
Jerie,silvermoon,1512,druid,balance,24,16,8
Czarnykocur,burning-legion,1512,druid,balance,108,62,46
Saabeq,hyjal,1512,druid,balance,80,43,37
Lèafy,silvermoon,1511,druid,balance,43,26,17
Opla,nethersturm,1510,druid,balance,40,27,13
Wallaar,ragnaros,1509,druid,balance,60,26,34
Pyqmi,stormscale,1508,druid,balance,54,33,21
Ðrpressure,blackrock,1508,druid,balance,120,72,48
Zwierzyniec,jaedenar,1507,druid,balance,24,16,8
Ashkaxx,ragnaros,1507,druid,balance,64,35,29
Druidka,grim-batol,1507,druid,balance,42,20,22
Pórts,kazzak,1507,druid,balance,42,20,22
Andjuga,doomhammer,1506,druid,balance,130,62,68
Gurudru,tarren-mill,1505,druid,balance,108,47,61
Slaughtér,stormscale,1504,druid,balance,60,37,23
Brittmagi,sylvanas,1501,druid,balance,24,16,8
Гнетея,howling-fjord,1501,druid,balance,83,45,38
Blackfür,sylvanas,1501,druid,balance,116,57,59
Рейтэн,gordunni,1500,druid,balance,30,16,14
Skadruid,blackmoore,1499,druid,balance,60,30,30
Ezkatka,ravencrest,1497,druid,balance,24,16,8
Karodoom,twisting-nether,1497,druid,balance,125,68,57
Quorn,pozzo-delleternità,1497,druid,balance,70,34,36
Mushröøms,nemesis,1497,druid,balance,45,20,25
Sweetner,outland,1495,druid,balance,58,35,23
Healol,sanguino,1495,druid,balance,81,44,37
Smashella,pozzo-delleternità,1494,druid,balance,49,34,15
Surps,ravencrest,1494,druid,balance,30,16,14
Carismatic,blackmoore,1494,druid,balance,224,116,108
Nømat,defias-brotherhood,1493,druid,balance,161,92,69
Бамболони,gordunni,1491,druid,balance,98,57,41
Dámøn,stormscale,1491,druid,balance,30,16,14
Tawaraki,outland,1491,druid,balance,245,130,115
Kittyperry,blackmoore,1489,druid,balance,41,20,21
Murenito,nemesis,1489,druid,balance,54,21,33
Speegle,kazzak,1486,druid,balance,30,16,14
Gorthunx,kazzak,1485,druid,balance,52,31,21
Екфта,gordunni,1485,druid,balance,48,26,22
Мантоя,gordunni,1485,druid,balance,192,103,89
Smuktøs,twisting-nether,1484,druid,balance,63,43,20
Strinx,ragnaros,1484,druid,balance,96,60,36
Jejoueferal,chogall,1484,druid,balance,138,72,66
Littleneo,ambossar,1484,druid,balance,59,30,29
Endoplazmik,silvermoon,1483,druid,balance,135,69,66
Arkatt,outland,1482,druid,balance,36,24,12
Seudoz,silvermoon,1482,druid,balance,48,29,19
Dragonforcé,twisting-nether,1481,druid,balance,33,21,12
Fillet,aggra-português,1480,druid,balance,56,40,16
Yiradur,stormscale,1479,druid,balance,90,47,43
Tonutc,sanguino,1479,druid,balance,75,39,36
Rât,blackmoore,1478,druid,balance,54,36,18
Bëndover,uldaman,1478,druid,balance,36,23,13
Demonbalance,silvermoon,1478,druid,balance,64,39,25
Whythis,archimonde,1477,druid,balance,158,79,79
Snoxy,wrathbringer,1477,druid,balance,65,32,33
Albás,kazzak,1476,druid,balance,24,18,6
Tôurnesol,khaz-modan,1476,druid,balance,51,33,18
Chúcky,twisting-nether,1476,druid,balance,115,65,50
Chillerin,draenor,1475,druid,balance,90,47,43
Dingeren,stormscale,1473,druid,balance,30,19,11
Epidemic,argent-dawn,1473,druid,balance,49,26,23
Báco,dun-modr,1473,druid,balance,36,17,19
Boomzter,frostmane,1472,druid,balance,66,36,30
Hauntie,kazzak,1471,druid,balance,48,29,19
Boomalot,auchindoun,1471,druid,balance,54,31,23
Prinzfarming,mugthol,1469,druid,balance,57,29,28
Aetheris,varimathras,1469,druid,balance,62,29,33
Traplordgen,outland,1468,druid,balance,33,18,15
Астралъх,gordunni,1468,druid,balance,66,31,35
Chispiwini,cthun,1467,druid,balance,73,39,34
Ddggss,ragnaros,1466,druid,balance,37,21,16
Ziele,the-maelstrom,1465,druid,balance,40,23,17
Erol,silvermoon,1464,druid,balance,25,18,7
Toffyfee,anetheron,1464,druid,balance,68,47,21
Pfandmalle,blackrock,1464,druid,balance,36,24,12
Sagezza,draenor,1464,druid,balance,210,105,105
Heejåe,archimonde,1464,druid,balance,53,25,28
Vaizier,defias-brotherhood,1462,druid,balance,125,63,62
Krtt,tarren-mill,1462,druid,balance,181,89,92
Kroaxs,draenor,1461,druid,balance,157,87,70
Chansnax,thrall,1461,druid,balance,76,39,37
Alterejuv,ravencrest,1461,druid,balance,48,23,25
Meatwallet,defias-brotherhood,1460,druid,balance,47,27,20
Skywíng,stormscale,1460,druid,balance,48,23,25
Magiskeforme,draenor,1459,druid,balance,32,22,10
Entas,kazzak,1459,druid,balance,36,24,12
Asterism,stormscale,1459,druid,balance,129,71,58
Kamzik,drakthul,1459,druid,balance,36,19,17
Primdâhl,ravencrest,1459,druid,balance,60,31,29
Fiomy,blackhand,1458,druid,balance,47,36,11
Aliandrel,teldrassil,1458,druid,balance,78,48,30
Teddyxbear,nefarian,1458,druid,balance,30,18,12
Viverion,ravencrest,1458,druid,balance,92,47,45
Sojiz,outland,1456,druid,balance,33,23,10
Dypas,chogall,1456,druid,balance,42,24,18
Almrudi,blackrock,1456,druid,balance,42,20,22
Dabudi,kazzak,1455,druid,balance,57,32,25
Drutiful,outland,1455,druid,balance,66,29,37
Verenai,bloodfeather,1454,druid,balance,36,24,12
Feralspîrît,outland,1454,druid,balance,84,39,45
When,kirin-tor,1451,druid,balance,73,40,33
Kuhgucci,blackmoore,1451,druid,balance,30,16,14
Eloomie,rexxar,1451,druid,balance,39,19,20
Gúccî,blackrock,1450,druid,balance,30,22,8
Ibêx,blackmoore,1450,druid,balance,36,22,14
Itadorikun,silvermoon,1450,druid,balance,95,55,40
Fluffykin,defias-brotherhood,1448,druid,balance,48,29,19
Guthíx,silvermoon,1448,druid,balance,90,42,48
Mahist,archimonde,1447,druid,balance,54,31,23
Кортанус,gordunni,1447,druid,balance,39,21,18
Køßÿ,ysondre,1447,druid,balance,48,25,23
Psycloniac,ravencrest,1446,druid,balance,36,19,17
Этъя,borean-tundra,1446,druid,balance,48,23,25
Belzara,sanguino,1445,druid,balance,24,16,8
Eärendir,ravencrest,1442,druid,balance,223,111,112
Dudana,argent-dawn,1441,druid,balance,48,29,19
Varunys,blackrock,1441,druid,balance,54,29,25
Duridlol,nemesis,1439,druid,balance,18,15,3
Megaball,sylvanas,1439,druid,balance,96,59,37
Raszcal,blackhand,1439,druid,balance,34,19,15
Dudmæster,blackmoore,1439,druid,balance,33,18,15
Bigdambitex,draenor,1438,druid,balance,18,15,3
Lacÿn,twisting-nether,1438,druid,balance,18,15,3
Nexirøs,hyjal,1438,druid,balance,24,18,6
Jatto,magtheridon,1438,druid,balance,36,20,16
Vamix,aegwynn,1437,druid,balance,18,15,3
Ferraridudux,ravencrest,1437,druid,balance,18,15,3
Chángé,draenor,1437,druid,balance,36,23,13
Shuffey,frostmane,1437,druid,balance,45,24,21
Редмун,soulflayer,1436,druid,balance,104,55,49
Boomdruud,tarren-mill,1434,druid,balance,24,15,9
Néøu,archimonde,1434,druid,balance,24,15,9
Duskdawn,xavius,1434,druid,balance,60,30,30
Stêvé,silvermoon,1433,druid,balance,115,67,48
Kørn,drakthul,1433,druid,balance,61,28,33
Cutiepain,kazzak,1432,druid,balance,18,15,3
Restromide,ravencrest,1432,druid,balance,30,15,15
Mogi,pozzo-delleternità,1432,druid,balance,75,35,40
Óðinn,stormscale,1431,druid,balance,18,15,3
Tøyz,stormscale,1431,druid,balance,18,15,3
Chouwa,korgall,1431,druid,balance,65,38,27
Worsteux,blackrock,1430,druid,balance,28,17,11
Лунныйфилин,deathguard,1430,druid,balance,31,16,15
Elilith,auchindoun,1429,druid,balance,18,15,3
Ibnform,archimonde,1429,druid,balance,18,15,3
Jöggel,perenolde,1429,druid,balance,42,25,17
Astralbody,auchindoun,1429,druid,balance,30,17,13
Lxz,blackhand,1429,druid,balance,52,23,29
Kazuid,argent-dawn,1428,druid,balance,38,24,14
Vëgâñgøðx,ragnaros,1428,druid,balance,24,15,9
Fouser,shattered-hand,1428,druid,balance,36,17,19
Rrayed,kazzak,1427,druid,balance,76,49,27
Крейзикет,eversong,1427,druid,balance,24,15,9
Keynn,kazzak,1427,druid,balance,72,33,39
Fluffeh,doomhammer,1426,druid,balance,36,22,14
Kriala,kazzak,1426,druid,balance,36,20,16
Buhuu,blackmoore,1426,druid,balance,116,60,56
Матумбо,razuvious,1425,druid,balance,340,169,171
Däkk,draenor,1425,druid,balance,72,32,40
Chimmi,ragnaros,1424,druid,balance,30,15,15
Hunterkiller,azjolnerub,1424,druid,balance,36,17,19
Carebearlol,frostmane,1424,druid,balance,66,29,37
Anabola,frostwhisper,1423,druid,balance,24,15,9
Ðiàblos,nemesis,1423,druid,balance,82,48,34
Inghlo,blackmoore,1423,druid,balance,53,29,24
Anahots,silvermoon,1423,druid,balance,162,80,82
Moonpoxdru,nerathor,1422,druid,balance,24,15,9
Mørshac,blackrock,1422,druid,balance,24,15,9
Nøny,gorgonnash,1422,druid,balance,80,42,38
Wize,pozzo-delleternità,1422,druid,balance,56,27,29
Bearcosby,burning-legion,1421,druid,balance,29,16,13
Còwgummi,blackhand,1421,druid,balance,30,15,15
Dantet,the-maelstrom,1421,druid,balance,30,15,15
Petiteorange,archimonde,1420,druid,balance,24,16,8
Chrevarraige,saurfang,1420,druid,balance,226,119,107
Малисеннта,gordunni,1420,druid,balance,42,21,21
Reed,sylvanas,1420,druid,balance,30,15,15
Applestrudle,blackrock,1420,druid,balance,54,24,30
Hïrøshïmå,malganis,1420,druid,balance,36,16,20
Kanataka,stormscale,1418,druid,balance,54,32,22
Harrasmoes,ravencrest,1418,druid,balance,50,27,23
Wazam,kazzak,1417,druid,balance,50,34,16
Daìs,dalaran,1417,druid,balance,24,15,9
Лардиан,gordunni,1417,druid,balance,30,15,15
Lyøñ,dun-modr,1417,druid,balance,35,16,19
Storpboom,drakthul,1416,druid,balance,108,62,46
Fruitdealer,antonidas,1415,druid,balance,60,32,28
Ciaoxøxø,ragnaros,1413,druid,balance,72,39,33
Шубаиздуба,howling-fjord,1413,druid,balance,78,42,36
Hypam,archimonde,1413,druid,balance,42,19,23
Delmond,sylvanas,1411,druid,balance,86,44,42
Forigiver,draenor,1410,druid,balance,30,19,11
Mercmydude,ravencrest,1410,druid,balance,105,52,53
Paulskinbak,tarren-mill,1409,druid,balance,36,18,18
Flippy,blackmoore,1409,druid,balance,154,76,78
Aik,gorgonnash,1409,druid,balance,84,40,44
Izzi,arathor,1405,druid,balance,56,31,25
Коктявзер,deathweaver,1404,druid,balance,42,20,22
Rbgbear,blackhand,1403,druid,balance,59,32,27
Meretrizx,kazzak,1403,druid,balance,30,15,15
Сложныйдруид,howling-fjord,1403,druid,balance,30,15,15
Hisoca,tarren-mill,1402,druid,balance,108,60,48
Restouz,twisting-nether,1402,druid,balance,135,66,69
Buikstuk,kilrogg,1401,druid,balance,36,23,13
Brujo,azjolnerub,1401,druid,balance,41,16,25
Çãm,magtheridon,1399,druid,balance,24,16,8
Kielorn,stormscale,1399,druid,balance,30,16,14
Xyiz,ravencrest,1399,druid,balance,80,42,38
Fleq,antonidas,1397,druid,balance,65,34,31
Ilovedruid,forscherliga,1397,druid,balance,52,27,25
Ramgis,sanguino,1397,druid,balance,36,17,19
Druidboss,tarren-mill,1396,druid,balance,90,50,40
Овероний,soulflayer,1394,druid,balance,42,25,17
Кулунхе,soulflayer,1394,druid,balance,96,57,39
Hardruid,sanguino,1394,druid,balance,35,18,17
Nujus,kazzak,1394,druid,balance,30,15,15
Téddý,tarren-mill,1393,druid,balance,30,15,15
Жибка,howling-fjord,1391,druid,balance,44,21,23
Snedden,silvermoon,1390,druid,balance,55,26,29
Bakkú,ravencrest,1389,druid,balance,23,15,8
Elonax,eredar,1389,druid,balance,61,36,25
Pantheraa,twisting-nether,1388,druid,balance,55,35,20
Cowárd,blackmoore,1388,druid,balance,38,18,20
Couleaf,stormscale,1387,druid,balance,37,25,12
Pfíirsich,blackmoore,1387,druid,balance,50,23,27
Icetep,sargeras,1386,druid,balance,60,30,30
Arrakiz,sanguino,1385,druid,balance,59,41,18
Джоннчек,gordunni,1385,druid,balance,46,29,17
Iskaarjx,archimonde,1385,druid,balance,35,19,16
Кашаган,howling-fjord,1384,druid,balance,93,51,42
Catsgomeow,outland,1382,druid,balance,54,27,27
Drazefin,twisting-nether,1382,druid,balance,42,15,27
Zhroomx,blackmoore,1379,druid,balance,50,24,26
Srkameltouss,sanguino,1378,druid,balance,24,17,7
Древогрут,howling-fjord,1378,druid,balance,25,17,8
Sajah,outland,1378,druid,balance,34,15,19
Salseo,uldum,1377,druid,balance,72,46,26
Rexiehunty,aszune,1376,druid,balance,59,28,31
Karolg,tyrande,1376,druid,balance,69,30,39
Данилсахарок,soulflayer,1376,druid,balance,47,20,27
Trol,malganis,1374,druid,balance,24,15,9
Anhoq,silvermoon,1374,druid,balance,88,45,43
Schneelol,outland,1374,druid,balance,66,33,33
Farmerone,tarren-mill,1373,druid,balance,96,54,42
Idk,blackhand,1373,druid,balance,56,29,27
Тёмныйзверь,borean-tundra,1373,druid,balance,84,43,41
Baracüda,draenor,1373,druid,balance,36,16,20
Vulyr,outland,1372,druid,balance,137,72,65
Jarko,ysondre,1372,druid,balance,104,46,58
Оудин,blackscar,1371,druid,balance,36,21,15
Neova,dun-modr,1371,druid,balance,57,29,28
Pø,blackrock,1371,druid,balance,59,26,33
Owlcápown,ravencrest,1370,druid,balance,30,15,15
Duhdudu,thrall,1369,druid,balance,42,29,13
Mayhh,ragnaros,1369,druid,balance,143,79,64
Patchlølx,blackmoore,1367,druid,balance,51,31,20
Natoro,outland,1366,druid,balance,42,21,21
Chrîslol,twisting-nether,1366,druid,balance,103,49,54
Хфикс,gordunni,1365,druid,balance,55,38,17
Arreton,silvermoon,1365,druid,balance,22,15,7
Rinjindin,eredar,1365,druid,balance,84,45,39
Shìrò,kelthuzad,1365,druid,balance,48,24,24
Convoke,burning-legion,1365,druid,balance,76,34,42
Jaile,burning-legion,1363,druid,balance,28,18,10
Heanra,frostmane,1363,druid,balance,35,22,13
Yungle,stormscale,1363,druid,balance,48,20,28
Ихет,gordunni,1362,druid,balance,48,30,18
Druiddamage,the-maelstrom,1362,druid,balance,224,117,107
Ketama,sylvanas,1362,druid,balance,60,30,30
Irishdemón,ravencrest,1360,druid,balance,90,47,43
Kermit,die-aldor,1358,druid,balance,102,48,54
Aryitu,blackrock,1357,druid,balance,62,33,29
Catmøm,blackmoore,1357,druid,balance,94,47,47
Xaeia,aegwynn,1356,druid,balance,48,31,17
Мегасв,gordunni,1356,druid,balance,42,24,18
Амахасла,deathweaver,1356,druid,balance,67,38,29
Nyetoo,dun-modr,1355,druid,balance,85,38,47
Lærken,the-maelstrom,1354,druid,balance,39,22,17
Narai,shadowsong,1354,druid,balance,60,33,27
Ennelle,silvermoon,1353,druid,balance,38,23,15
Endoth,blackrock,1352,druid,balance,38,20,18
Dudutrainer,blackmoore,1351,druid,balance,30,22,8
Xclonedotcom,aegwynn,1348,druid,balance,42,27,15
Druidere,outland,1348,druid,balance,66,32,34
Freakyo,blackrock,1347,druid,balance,29,15,14
Хоточник,gordunni,1346,druid,balance,56,27,29
Høtbøx,aegwynn,1346,druid,balance,45,18,27
Bum,ravencrest,1344,druid,balance,18,14,4
Yshára,darkmoon-faire,1343,druid,balance,18,14,4
Brøkéday,kazzak,1343,druid,balance,18,14,4
Divref,tarren-mill,1343,druid,balance,18,14,4
Corrupthz,outland,1343,druid,balance,27,16,11
Broxisqt,blackrock,1343,druid,balance,24,14,10
Bolskigg,stormreaver,1343,druid,balance,42,20,22
Wenciorek,kazzak,1343,druid,balance,36,17,19
Suppencaster,frostwolf,1342,druid,balance,18,14,4
Heav,kiljaeden,1342,druid,balance,29,19,10
Bjærky,silvermoon,1342,druid,balance,44,28,16
Pôpcorn,ragnaros,1342,druid,balance,54,33,21
Piiti,burning-legion,1342,druid,balance,33,15,18
Weisslogia,aegwynn,1342,druid,balance,83,37,46
Balzàc,ravencrest,1340,druid,balance,64,38,26
Blackdrd,archimonde,1340,druid,balance,24,14,10
Santoniq,dun-morogh,1339,druid,balance,162,79,83
Kittyboomy,burning-blade,1338,druid,balance,69,33,36
Underrated,darksorrow,1337,druid,balance,24,14,10
Rifthy,nemesis,1337,druid,balance,24,14,10
Claynoe,blackmoore,1337,druid,balance,27,15,12
Insanexp,antonidas,1336,druid,balance,19,14,5
Bazikk,kazzak,1336,druid,balance,58,41,17
Sasosins,ravencrest,1336,druid,balance,24,14,10
Illebra,defias-brotherhood,1336,druid,balance,24,14,10
Darkillaa,anetheron,1336,druid,balance,47,25,22
Bigdx,blackrock,1336,druid,balance,90,46,44
Забурсчу,howling-fjord,1333,druid,balance,30,20,10
Stalkdro,elune,1333,druid,balance,24,14,10
Алендор,deathguard,1333,druid,balance,36,19,17
Elekträ,ravencrest,1333,druid,balance,39,16,23
Wizår,outland,1332,druid,balance,18,14,4
Soward,la-croisade-écarlate,1331,druid,balance,38,17,21
Deetaa,eredar,1330,druid,balance,24,14,10
Barbielolz,archimonde,1330,druid,balance,24,14,10
Nëko,chamber-of-aspects,1330,druid,balance,59,23,36
Lindémann,blackhand,1328,druid,balance,63,41,22
Mirikastiko,korgall,1328,druid,balance,24,14,10
Revølter,kazzak,1326,druid,balance,38,17,21
Kâllîsto,eredar,1325,druid,balance,30,14,16
Cráck,nagrand,1324,druid,balance,28,15,13
Bears,outland,1324,druid,balance,88,39,49
Fruntimmern,sylvanas,1323,druid,balance,24,14,10
Yabbah,blackrock,1322,druid,balance,24,14,10
Emeraldhaze,sylvanas,1322,druid,balance,30,17,13
Nymå,outland,1322,druid,balance,30,14,16
Shyoxdr,twisting-nether,1321,druid,balance,18,14,4
Stárburst,auchindoun,1321,druid,balance,35,20,15
Экстазиус,borean-tundra,1321,druid,balance,42,14,28
Degentiuso,alakir,1320,druid,balance,24,15,9
Yaniayip,blackrock,1319,druid,balance,112,63,49
Lucidx,blackrock,1319,druid,balance,54,20,34
Кекичшрекич,soulflayer,1318,druid,balance,54,25,29
Wildthing,blackmoore,1316,druid,balance,50,28,22
Hardí,tarren-mill,1316,druid,balance,102,51,51
Pavesino,nemesis,1315,druid,balance,24,15,9
Bløødax,hyjal,1315,druid,balance,136,64,72
Fejgi,stormreaver,1314,druid,balance,48,29,19
Zindaya,blades-edge,1314,druid,balance,38,20,18
Fäcker,blackhand,1313,druid,balance,48,27,21
Sefinana,malganis,1313,druid,balance,136,62,74
Bigpopp,kazzak,1310,druid,balance,29,15,14
Альмазар,lich-king,1310,druid,balance,88,44,44
Hideinbushh,ravencrest,1309,druid,balance,20,15,5
Усыильвиры,soulflayer,1309,druid,balance,30,14,16
Zzblaah,archimonde,1309,druid,balance,42,15,27
Putzé,blackrock,1308,druid,balance,41,20,21
Yomosh,eredar,1308,druid,balance,39,19,20
Gullíver,draenor,1308,druid,balance,33,15,18
Губкобоб,galakrond,1307,druid,balance,34,16,18
Pelagius,ravencrest,1305,druid,balance,33,21,12
Solarian,ravencrest,1304,druid,balance,42,26,16
Zedapalha,aggra-português,1303,druid,balance,33,20,13
Toondog,doomhammer,1303,druid,balance,24,14,10
Chugs,draenor,1302,druid,balance,42,23,19
Шадарлогот,gordunni,1300,druid,balance,90,52,38
Æîîs,blackrock,1300,druid,balance,104,53,51
Sazo,elune,1300,druid,balance,28,14,14
Swolecat,ravencrest,1300,druid,balance,29,14,15
Transformerr,silvermoon,1300,druid,balance,54,25,29
Geizagobble,twisting-nether,1300,druid,balance,42,15,27
Stìck,archimonde,1299,druid,balance,71,36,35
Fantaclause,tarren-mill,1298,druid,balance,194,95,99
Zeifana,khaz-modan,1297,druid,balance,30,18,12
Oiseth,tarren-mill,1297,druid,balance,78,36,42
Phanÿ,garona,1297,druid,balance,36,15,21
Callmev,hyjal,1294,druid,balance,18,14,4
Druice,tyrande,1292,druid,balance,41,25,16
Tubi,darksorrow,1292,druid,balance,30,16,14
Aastal,uldaman,1292,druid,balance,37,15,22
Ðãddy,ravencrest,1291,druid,balance,38,24,14
Doomkin,tichondrius,1289,druid,balance,40,20,20
Forestrun,sylvanas,1287,druid,balance,48,30,18
Antiseptik,ysondre,1286,druid,balance,41,20,21
Quiksx,blackrock,1286,druid,balance,43,20,23
Ralokian,drakthul,1285,druid,balance,53,34,19
Shaize,dalaran,1283,druid,balance,26,17,9
Makoes,tarren-mill,1283,druid,balance,26,15,11
Wiligun,archimonde,1283,druid,balance,30,17,13
Yunød,silvermoon,1283,druid,balance,54,20,34
Scottparker,sylvanas,1282,druid,balance,36,24,12
Iupa,silvermoon,1281,druid,balance,71,40,31
Fhi,antonidas,1281,druid,balance,42,23,19
Hadoukan,ravencrest,1281,druid,balance,41,22,19
Ххансолл,gordunni,1281,druid,balance,143,75,68
Myex,exodar,1280,druid,balance,30,14,16
Smøuler,sanguino,1279,druid,balance,27,15,12
Jeesman,sylvanas,1279,druid,balance,74,41,33
Астраджет,gordunni,1279,druid,balance,30,15,15
Wartôn,blackhand,1278,druid,balance,64,38,26
Bruddanature,blackrock,1278,druid,balance,24,14,10
Voorhess,blackmoore,1278,druid,balance,36,14,22
Àlec,silvermoon,1276,druid,balance,132,72,60
Droodfarm,hyjal,1275,druid,balance,70,37,33
Meezy,ragnaros,1273,druid,balance,30,15,15
Rektjin,stormscale,1273,druid,balance,42,17,25
Wtcseven,eredar,1272,druid,balance,36,16,20
Àsúnâ,eredar,1272,druid,balance,42,15,27
Atbõs,stormscale,1267,druid,balance,29,16,13
Киллиманжаро,howling-fjord,1267,druid,balance,134,65,69
Melyo,blackmoore,1265,druid,balance,36,21,15
Caltvalai,ravencrest,1265,druid,balance,28,14,14
Tytankon,silvermoon,1264,druid,balance,73,32,41
Thyrena,argent-dawn,1264,druid,balance,80,35,45
Kunya,tarren-mill,1263,druid,balance,140,65,75
Nolak,frostwolf,1262,druid,balance,48,22,26
Ohndankalan,kazzak,1262,druid,balance,66,29,37
Petju,darksorrow,1262,druid,balance,48,21,27
Ваандри,gordunni,1260,druid,balance,30,19,11
Bambøué,khaz-modan,1260,druid,balance,24,14,10
Seysso,silvermoon,1260,druid,balance,153,70,83
Achre,thunderhorn,1259,druid,balance,30,14,16
Hushorde,twisting-nether,1259,druid,balance,48,17,31
Kimba,onyxia,1258,druid,balance,90,46,44
Zeldaa,antonidas,1258,druid,balance,53,24,29
Bearhúg,kazzak,1258,druid,balance,35,15,20
Braokhull,stormscale,1256,druid,balance,54,28,26
Rullader,draenor,1255,druid,balance,36,23,13
Polimorphism,tarren-mill,1255,druid,balance,54,21,33
Нэйроуз,howling-fjord,1254,druid,balance,95,49,46
Medreas,argent-dawn,1253,druid,balance,71,46,25
Whísperclaw,ravencrest,1253,druid,balance,66,34,32
Mascraxx,earthen-ring,1249,druid,balance,73,38,35
Zuldram,uldaman,1249,druid,balance,29,14,15
Tygra,blackrock,1248,druid,balance,18,13,5
Abadar,tarren-mill,1248,druid,balance,56,27,29
Shag,archimonde,1248,druid,balance,54,23,31
Luphrekmeow,ravencrest,1247,druid,balance,18,13,5
Jeaylqt,archimonde,1247,druid,balance,21,14,7
Mariss25076F,chogall,1246,druid,balance,30,18,12
Mazalot,kazzak,1246,druid,balance,25,14,11
Beutow,archimonde,1246,druid,balance,30,13,17
Xkirtach,dun-modr,1245,druid,balance,24,13,11
Djràkèâlòt,ravencrest,1244,druid,balance,18,13,5
Fatfingerx,blackrock,1244,druid,balance,24,13,11
Eranor,archimonde,1243,druid,balance,18,13,5
Ateli,kazzak,1243,druid,balance,21,14,7
Smittly,bloodhoof,1243,druid,balance,36,17,19
Velnens,shattered-halls,1243,druid,balance,66,30,36
Guccicken,garona,1242,druid,balance,18,13,5
Kosmegpåøra,ravencrest,1242,druid,balance,24,13,11
Clonorrhea,tarren-mill,1242,druid,balance,24,13,11
Mehgyver,ravencrest,1242,druid,balance,32,14,18
Vrill,kazzak,1241,druid,balance,99,51,48
Curzex,blackmoore,1240,druid,balance,24,13,11
Füsselviech,frostwolf,1239,druid,balance,18,13,5
Youngjin,ravencrest,1239,druid,balance,24,15,9
Kikïnøu,garona,1239,druid,balance,24,13,11
Fangornn,outland,1239,druid,balance,30,13,17
Jokizy,burning-legion,1236,druid,balance,42,24,18
Lunarveil,draenor,1236,druid,balance,24,13,11
Hypnosoad,outland,1235,druid,balance,35,15,20
Succee,stormscale,1234,druid,balance,125,64,61
Morphael,ravencrest,1233,druid,balance,24,13,11
Makelsi,tarren-mill,1233,druid,balance,29,14,15
Amici,eredar,1232,druid,balance,24,13,11
Altix,blackmoore,1231,druid,balance,60,33,27
Raízun,blackmoore,1230,druid,balance,24,13,11
Мунмунмун,gordunni,1229,druid,balance,43,19,24
Oxox,defias-brotherhood,1227,druid,balance,24,14,10
Ðoxi,draenor,1226,druid,balance,120,58,62
Tylercatmeow,burning-legion,1226,druid,balance,30,13,17
Vrillox,blackmoore,1225,druid,balance,27,14,13
Maurana,sylvanas,1225,druid,balance,30,13,17
Cîalîs,blackmoore,1224,druid,balance,24,13,11
Болггар,gordunni,1223,druid,balance,24,13,11
Trydru,blackmoore,1223,druid,balance,102,50,52
Bulma,dun-modr,1220,druid,balance,36,15,21
Rayðii,archimonde,1219,druid,balance,44,24,20
Dancingrain,ravencrest,1219,druid,balance,30,13,17
Weregoon,blackmoore,1219,druid,balance,69,26,43
Buzzlîghtyea,outland,1218,druid,balance,24,13,11
Certton,arakarahm,1218,druid,balance,75,36,39
Видди,soulflayer,1217,druid,balance,36,16,20
Artío,the-maelstrom,1215,druid,balance,69,32,37
Putitimoriri,pozzo-delleternità,1214,druid,balance,42,29,13
Holyconvoke,stormscale,1213,druid,balance,22,14,8
Nakkikastike,magtheridon,1213,druid,balance,52,24,28
Avior,eonar,1213,druid,balance,53,18,35
Vasilona,sanguino,1211,druid,balance,24,13,11
Мяурицао,howling-fjord,1210,druid,balance,98,54,44
Challi,nordrassil,1210,druid,balance,24,13,11
Cagaboliches,sanguino,1208,druid,balance,30,14,16
Jevcoh,area-52,1207,druid,balance,18,13,5
Eliaster,ysondre,1204,druid,balance,30,18,12
Veijari,deathwing,1204,druid,balance,28,14,14
Tílac,eredar,1202,druid,balance,24,13,11
Zoozian,antonidas,1201,druid,balance,18,16,2
Frenkiej,pozzo-delleternità,1201,druid,balance,31,17,14
Лякокля,soulflayer,1201,druid,balance,54,29,25
Doggerz,aggra-português,1201,druid,balance,81,40,41
Zerofrenzy,hyjal,1201,druid,balance,177,76,101
Gardenstate,silvermoon,1200,druid,balance,42,26,16
Trollskee,draenor,1200,druid,balance,46,20,26
Søfiaa,argent-dawn,1199,druid,balance,131,74,57
Lucianis,drakthul,1197,druid,balance,48,17,31
Malammore,burning-legion,1195,druid,balance,77,49,28
Uglydruid,drakthul,1195,druid,balance,140,72,68
Shåmssz,kazzak,1194,druid,balance,20,15,5
ßalmain,nethersturm,1194,druid,balance,42,24,18
Sarkophag,blackrock,1193,druid,balance,36,13,23
Trollisha,mannoroth,1191,druid,balance,32,17,15
Gluqt,outland,1190,druid,balance,72,32,40
Exactt,blackrock,1189,druid,balance,43,17,26
Dêesse,archimonde,1188,druid,balance,42,20,22
Hárty,tarren-mill,1186,druid,balance,30,14,16
Slurmms,sylvanas,1185,druid,balance,150,85,65
Ærîs,garona,1185,druid,balance,58,24,34
Drrestospec,tarren-mill,1182,druid,balance,34,22,12
Laylie,aegwynn,1182,druid,balance,29,13,16
Blesya,ravencrest,1182,druid,balance,39,15,24
Ohpfo,outland,1181,druid,balance,17,13,4
Chulainn,sylvanas,1181,druid,balance,24,18,6
Deadmorph,ysondre,1178,druid,balance,27,14,13
Mööñ,hyjal,1177,druid,balance,22,14,8
Farodiin,blackmoore,1177,druid,balance,48,18,30
Larbre,dalaran,1176,druid,balance,43,29,14
Пушистаялапа,blackscar,1175,druid,balance,34,19,15
Fey,stormrage,1174,druid,balance,35,13,22
Попестовали,gordunni,1172,druid,balance,33,19,14
Trickpotato,terrordar,1172,druid,balance,42,24,18
Starcat,defias-brotherhood,1172,druid,balance,26,13,13
Wolfhealer,blackmoore,1168,druid,balance,54,29,25
Maelinou,archimonde,1168,druid,balance,36,19,17
Sheâ,nemesis,1166,druid,balance,156,76,80
Midnightwisp,blackhand,1165,druid,balance,24,13,11
Demizeub,archimonde,1165,druid,balance,149,66,83
Notsikaan,blackhand,1165,druid,balance,31,13,18
Suranaelle,argent-dawn,1162,druid,balance,50,24,26
Máilo,aegwynn,1158,druid,balance,60,23,37
Toxida,antonidas,1157,druid,balance,71,35,36
Haginator,twisting-nether,1157,druid,balance,102,48,54
Cobradrood,culte-de-la-rive-noire,1157,druid,balance,48,21,27
Фераладзе,gordunni,1157,druid,balance,36,15,21
Northstar,sylvanas,1156,druid,balance,18,13,5
Dremdra,draenor,1156,druid,balance,48,19,29
Gnotten,thunderhorn,1154,druid,balance,23,13,10
Conn,ravencrest,1153,druid,balance,27,16,11
Two,silvermoon,1153,druid,balance,79,41,38
Sodniss,aggra-português,1153,druid,balance,40,17,23
Clonecity,ravencrest,1152,druid,balance,12,12,0
Lêviàthäñ,blackhand,1152,druid,balance,24,12,12
Minado,outland,1151,druid,balance,12,12,0
Renzay,ysondre,1151,druid,balance,18,12,6
Vârima,ravencrest,1151,druid,balance,18,12,6
Khiree,archimonde,1151,druid,balance,18,12,6
Куколдос,eversong,1151,druid,balance,18,12,6
Bigfeeder,ravencrest,1151,druid,balance,20,12,8
Fabutwo,blackrock,1151,druid,balance,24,12,12
Lazermonster,tarren-mill,1151,druid,balance,24,12,12
Friidaf,lightbringer,1151,druid,balance,24,12,12
Øwlkin,ravencrest,1151,druid,balance,24,12,12
Lothadriel,sylvanas,1151,druid,balance,39,19,20
Bigbrrd,outland,1150,druid,balance,18,12,6
Negríno,cthun,1150,druid,balance,57,36,21
Wherismygold,ravencrest,1149,druid,balance,28,13,15
Deblin,ragnaros,1148,druid,balance,41,23,18
Liften,blackhand,1148,druid,balance,24,12,12
Djbéámgódx,ravencrest,1148,druid,balance,27,13,14
Leafsandstuf,ragnaros,1147,druid,balance,18,12,6
Clâwdîte,blackrock,1147,druid,balance,24,13,11
Eysnd,blackrock,1147,druid,balance,24,12,12
Limmiited,ravencrest,1147,druid,balance,60,28,32
Iamramen,blackmoore,1147,druid,balance,82,35,47
Rabbalala,twisting-nether,1147,druid,balance,30,12,18
Mnqn,ravencrest,1146,druid,balance,18,12,6
Merq,ravencrest,1146,druid,balance,18,12,6
Ashär,kirin-tor,1146,druid,balance,75,33,42
Tjoepert,azjolnerub,1146,druid,balance,96,41,55
Aestûs,outland,1145,druid,balance,24,12,12
Eýesburn,silvermoon,1145,druid,balance,24,12,12
Sháko,dun-modr,1144,druid,balance,38,17,21
Mythiaran,argent-dawn,1144,druid,balance,30,12,18
Meuhtéki,hyjal,1143,druid,balance,18,12,6
Manuka,argent-dawn,1143,druid,balance,24,12,12
Criaø,blackrock,1143,druid,balance,24,12,12
Drdudu,dun-morogh,1142,druid,balance,38,17,21
Requinymph,ravencrest,1141,druid,balance,24,12,12
Hefdgaharald,antonidas,1141,druid,balance,24,12,12
Loriann,twisting-nether,1141,druid,balance,75,36,39
Bxxmkin,draenor,1139,druid,balance,18,12,6
Blueedood,twisting-nether,1139,druid,balance,24,12,12
Shiotake,hyjal,1139,druid,balance,24,12,12
Ajgreed,grim-batol,1139,druid,balance,24,12,12
Gajani,stormscale,1138,druid,balance,24,12,12
Schneéeule,blackrock,1138,druid,balance,30,12,18
Zoxen,nefarian,1138,druid,balance,30,12,18
Bztémor,archimonde,1137,druid,balance,24,12,12
Pogoth,turalyon,1137,druid,balance,24,12,12
Сейтил,deathguard,1137,druid,balance,73,31,42
Venh,forscherliga,1134,druid,balance,20,13,7
Kizilbuka,ragnaros,1133,druid,balance,30,21,9
Мутаборец,howling-fjord,1133,druid,balance,56,33,23
Blark,sylvanas,1133,druid,balance,30,12,18
Quoting,ravencrest,1132,druid,balance,29,12,17
Kizerx,garona,1131,druid,balance,60,33,27
Lonedrood,blackrock,1130,druid,balance,24,12,12
Coogee,malganis,1129,druid,balance,50,20,30
Terrays,the-maelstrom,1128,druid,balance,30,24,6
Mâéviss,ysondre,1128,druid,balance,42,14,28
Pretender,arathi,1123,druid,balance,40,13,27
Tankis,dalaran,1119,druid,balance,68,39,29
Taskingoman,twisting-nether,1113,druid,balance,24,12,12
Eyune,tarren-mill,1113,druid,balance,44,21,23
Enolcyc,frostmane,1113,druid,balance,36,12,24
Дайтеполено,howling-fjord,1112,druid,balance,70,30,40
Ronî,arthas,1112,druid,balance,36,13,23
Jabah,silvermoon,1111,druid,balance,18,12,6
Morlas,kazzak,1111,druid,balance,50,22,28
Laiquaril,ravencrest,1111,druid,balance,31,12,19
Sabermoon,argent-dawn,1111,druid,balance,48,16,32
Gallorath,draenor,1110,druid,balance,28,12,16
Aureliusx,drakthul,1110,druid,balance,30,12,18
Hightotem,hakkar,1104,druid,balance,29,16,13
Ooxx,rashgarroth,1104,druid,balance,29,12,17
Roroa,ravencrest,1102,druid,balance,21,12,9
Naone,silvermoon,1102,druid,balance,54,25,29
Bluebanana,bronzebeard,1099,druid,balance,60,25,35
Phatbushy,silvermoon,1096,druid,balance,27,12,15
Ruberg,kazzak,1091,druid,balance,21,12,9
Животноеыы,howling-fjord,1089,druid,balance,29,12,17
Бруан,gordunni,1088,druid,balance,47,23,24
Исмалат,howling-fjord,1088,druid,balance,51,24,27
Bláithín,burning-legion,1086,druid,balance,30,13,17
Ashirae,drakthul,1081,druid,balance,20,12,8
Orchard,silvermoon,1080,druid,balance,24,13,11
Darisom,alexstrasza,1076,druid,balance,219,117,102
Lootmann,die-silberne-hand,1074,druid,balance,30,17,13
Semiflora,silvermoon,1073,druid,balance,30,13,17
Dobradoonga,exodar,1072,druid,balance,21,13,8
Buckshee,doomhammer,1066,druid,balance,47,25,22
Aurwen,silvermoon,1065,druid,balance,19,12,7
Cubir,turalyon,1065,druid,balance,23,12,11
Вилдвестганс,howling-fjord,1063,druid,balance,24,13,11
Exiztenz,deathwing,1062,druid,balance,36,18,18
Ellüna,ravencrest,1060,druid,balance,30,14,16
Tchoubouléru,throkferoth,1060,druid,balance,42,15,27
Потерявшийся,howling-fjord,1059,druid,balance,38,15,23
Amalou,ravencrest,1058,druid,balance,78,38,40
Colibrix,ravencrest,1057,druid,balance,56,20,36
Zyndril,silvermoon,1056,druid,balance,18,11,7
Stkk,sanguino,1055,druid,balance,12,11,1
Risuoksa,tarren-mill,1055,druid,balance,12,11,1
Вестхем,howling-fjord,1055,druid,balance,12,11,1
Drmoe,blackmoore,1055,druid,balance,15,12,3
Ccoco,blackrock,1055,druid,balance,18,11,7
Píps,ravencrest,1055,druid,balance,18,11,7
Buckmysallz,archimonde,1055,druid,balance,18,11,7
Crittler,forscherliga,1055,druid,balance,18,11,7
Kattepis,argent-dawn,1055,druid,balance,18,11,7
Narkiza,blackhand,1055,druid,balance,18,11,7
Smokahontas,kilrogg,1055,druid,balance,18,11,7
Ròb,magtheridon,1055,druid,balance,18,11,7
Maedic,outland,1055,druid,balance,18,11,7
Freshener,antonidas,1055,druid,balance,32,17,15
Nâganalf,hyjal,1055,druid,balance,24,11,13
Fishanchips,archimonde,1054,druid,balance,18,11,7
Flukeyz,draenor,1054,druid,balance,18,11,7
Felicìty,draenor,1054,druid,balance,18,11,7
Oomhammer,darkspear,1054,druid,balance,18,11,7
Ìluan,ravencrest,1054,druid,balance,24,11,13
Qumina,azjolnerub,1054,druid,balance,28,12,16
Lechaource,silvermoon,1053,druid,balance,18,11,7
Merî,antonidas,1053,druid,balance,36,19,17
Нортикус,soulflayer,1053,druid,balance,24,11,13
Druidïta,dun-modr,1053,druid,balance,24,11,13
Bignunu,silvermoon,1053,druid,balance,24,11,13
Happysw,thrall,1053,druid,balance,86,32,54
Dabär,mannoroth,1051,druid,balance,22,12,10
Dèxò,blackmoore,1051,druid,balance,24,11,13
Rèchy,blackrock,1051,druid,balance,24,11,13
Taylorshift,argent-dawn,1050,druid,balance,18,11,7
Hajukin,ravencrest,1050,druid,balance,24,11,13
Aimwaré,ravencrest,1050,druid,balance,24,11,13
Shapeshiptur,argent-dawn,1050,druid,balance,24,11,13
Gøtten,tarren-mill,1050,druid,balance,24,11,13
Wonderbear,blackrock,1049,druid,balance,18,11,7
Soguu,thrall,1049,druid,balance,18,11,7
Orazien,ravencrest,1049,druid,balance,18,11,7
Skyphi,silvermoon,1048,druid,balance,18,11,7
Wrathofstar,azjolnerub,1048,druid,balance,18,11,7
Tongá,draenor,1048,druid,balance,24,11,13
Tulleku,azjolnerub,1047,druid,balance,21,12,9
Nefariz,dun-modr,1047,druid,balance,24,11,13
Thruf,nemesis,1046,druid,balance,24,11,13
Hengst,laughing-skull,1046,druid,balance,24,11,13
Feraligator,sanguino,1045,druid,balance,105,45,60
Покекек,lich-king,1045,druid,balance,33,14,19
Rorugo,sanguino,1044,druid,balance,18,11,7
Krausz,burning-legion,1044,druid,balance,30,18,12
Amhro,ragnaros,1044,druid,balance,24,11,13
Wainl,hyjal,1044,druid,balance,24,11,13
Fallingmoon,ravencrest,1044,druid,balance,24,11,13
Jirenthegrey,antonidas,1043,druid,balance,18,11,7
Adoodo,argent-dawn,1041,druid,balance,29,16,13
Ðelnôs,destromath,1041,druid,balance,24,11,13
Elmunia,ravencrest,1041,druid,balance,35,16,19
Shenzform,ysondre,1039,druid,balance,25,13,12
Grinnox,outland,1038,druid,balance,24,11,13
Månljuset,outland,1035,druid,balance,18,11,7
Sabresheep,twisting-nether,1034,druid,balance,30,11,19
Athenã,blackmoore,1034,druid,balance,35,12,23
Anerol,arthas,1031,druid,balance,36,19,17
Diepauline,aegwynn,1030,druid,balance,42,22,20
Dudukush,eredar,1029,druid,balance,43,19,24
Théodên,dalaran,1027,druid,balance,182,91,91
Закарпаття,galakrond,1024,druid,balance,16,12,4
Вёкс,howling-fjord,1023,druid,balance,14,12,2
Abbî,aegwynn,1022,druid,balance,12,11,1
Fx,mazrigos,1018,druid,balance,17,11,6
Nightingalee,stormscale,1018,druid,balance,30,12,18
Ambracer,silvermoon,1016,druid,balance,29,12,17
Bénjî,khazgoroth,1015,druid,balance,71,28,43
Katharo,kult-der-verdammten,1014,druid,balance,60,22,38
Bullmarkets,kazzak,1013,druid,balance,24,12,12
Yolobolo,ragnaros,1007,druid,balance,17,11,6
Mlyzioz,ahnqiraj,1000,druid,balance,28,14,14
Ismackü,stormscale,999,druid,balance,17,11,6
Shainá,dun-modr,992,druid,balance,36,13,23
Yugene,dun-modr,991,druid,balance,20,11,9
Sløthy,uldum,990,druid,balance,16,11,5
Orious,dun-modr,989,druid,balance,22,11,11
Skvll,silvermoon,987,druid,balance,26,11,15
Budz,bloodfeather,984,druid,balance,16,11,5
Drdauwg,nazjatar,983,druid,balance,51,18,33
Bulvai,medivh,979,druid,balance,14,11,3
Nizrã,archimonde,974,druid,balance,19,11,8
Bearhugzz,outland,969,druid,balance,293,145,148
Astralarius,argent-dawn,962,druid,balance,114,39,75
Kotomer,defias-brotherhood,961,druid,balance,191,85,106
Nàaz,stormscale,960,druid,balance,12,10,2
Moonleaf,burning-steppes,960,druid,balance,12,10,2
Vizir,stormscale,960,druid,balance,12,10,2
Boomco,stormscale,960,druid,balance,12,10,2
Nätsügødxqt,archimonde,960,druid,balance,12,10,2
Rofyx,twisting-nether,960,druid,balance,18,10,8
Shapees,sylvanas,960,druid,balance,18,10,8
Djfukface,ravencrest,960,druid,balance,18,10,8
Амераки,blackscar,960,druid,balance,18,10,8
Eroxx,blackrock,960,druid,balance,24,10,14
Feralisser,ravencrest,959,druid,balance,12,10,2
Sün,kazzak,959,druid,balance,18,10,8
Slâkkxz,kazzak,959,druid,balance,18,10,8
Nevax,blackrock,959,druid,balance,18,10,8
Kissaey,emeriss,959,druid,balance,18,10,8
Tiktokstar,blackrock,959,druid,balance,18,10,8
Ultrapoulet,archimonde,959,druid,balance,18,10,8
Häggrä,dalaran,959,druid,balance,18,10,8
Zarune,sanguino,959,druid,balance,18,10,8
Focusboomy,archimonde,959,druid,balance,18,10,8
Luphrekfurry,ysondre,959,druid,balance,18,10,8
Littlecok,blackmoore,959,druid,balance,18,10,8
Ruhex,silvermoon,959,druid,balance,18,10,8
Thepuma,dun-modr,958,druid,balance,12,10,2
Nelíno,twisting-nether,958,druid,balance,18,10,8
Pèps,dalaran,958,druid,balance,18,10,8
Clone,aegwynn,958,druid,balance,18,10,8
Éatshiftndie,tarren-mill,958,druid,balance,18,10,8
Wxw,stormscale,958,druid,balance,18,10,8
Ninoboyswag,stormscale,958,druid,balance,24,10,14
Élán,sylvanas,958,druid,balance,24,10,14
Bildukas,ravencrest,958,druid,balance,28,11,17
Джасэл,howling-fjord,957,druid,balance,12,10,2
Coldleans,kazzak,957,druid,balance,12,10,2
Tonie,stormscale,957,druid,balance,18,10,8
Kahar,eredar,957,druid,balance,18,10,8
Amrul,hyjal,957,druid,balance,18,10,8
Jstdru,ravencrest,957,druid,balance,18,10,8
Gbq,ravencrest,957,druid,balance,18,10,8
Surgeshift,ravencrest,957,druid,balance,30,10,20
Катяблум,gordunni,956,druid,balance,15,11,4
Тираэлюшка,grom,956,druid,balance,18,10,8
Jokodo,silvermoon,956,druid,balance,18,10,8
Nopsu,stormreaver,956,druid,balance,24,10,14
Feral,mazrigos,955,druid,balance,18,10,8
Ahylles,antonidas,955,druid,balance,18,10,8
Prytek,turalyon,955,druid,balance,18,10,8
Sajlol,doomhammer,955,druid,balance,18,10,8
Assterix,sylvanas,954,druid,balance,15,10,5
Metamorfurio,arthas,954,druid,balance,58,27,31
Медведяра,howling-fjord,954,druid,balance,84,38,46
Pansarbamse,outland,954,druid,balance,31,10,21
Lazerkito,aegwynn,953,druid,balance,12,10,2
Zac,quelthalas,953,druid,balance,18,10,8
Freefang,dun-modr,952,druid,balance,18,10,8
Justycare,ragnaros,952,druid,balance,24,10,14
Kaspurr,ravencrest,951,druid,balance,12,10,2
Yeahbuddeh,draenor,951,druid,balance,28,11,17
Släshes,stormreaver,950,druid,balance,18,10,8
Kakaiy,shadowsong,949,druid,balance,114,58,56
Tombenuit,tarren-mill,948,druid,balance,24,11,13
Бсуза,soulflayer,947,druid,balance,30,10,20
Yepnesse,khaz-modan,946,druid,balance,18,10,8
Phanos,twisting-nether,945,druid,balance,24,10,14
Карантини,howling-fjord,943,druid,balance,27,11,16
Resthunor,draenor,935,druid,balance,18,10,8
Neincat,sylvanas,935,druid,balance,23,10,13
Máximus,blades-edge,934,druid,balance,60,20,40
Aloraysoda,doomhammer,931,druid,balance,42,10,32
Âutumn,antonidas,927,druid,balance,16,10,6
Calistane,silvermoon,926,druid,balance,71,25,46
Numberonebs,silvermoon,925,druid,balance,17,10,7
Mafakaclones,archimonde,925,druid,balance,30,17,13
Wîzzp,magtheridon,925,druid,balance,20,11,9
Saxondale,aszune,918,druid,balance,30,14,16
Fesenjon,blackhand,918,druid,balance,28,11,17
Cöyote,hyjal,916,druid,balance,54,28,26
Tarâkings,outland,911,druid,balance,30,13,17
Суггуторр,howling-fjord,909,druid,balance,87,42,45
Split,rexxar,906,druid,balance,29,13,16
Древнина,gordunni,901,druid,balance,21,10,11
Flume,chromaggus,896,druid,balance,24,10,14
Durtidikdave,kazzak,895,druid,balance,23,10,13
Dao,aegwynn,893,druid,balance,20,10,10
Ribuu,dun-morogh,886,druid,balance,24,11,13
Smexim,dalaran,876,druid,balance,49,26,23
Aggibääm,blackhand,868,druid,balance,24,12,12
Vezir,stormscale,864,druid,balance,12,9,3
Eftermalm,silvermoon,864,druid,balance,12,9,3
Chir,blackrock,864,druid,balance,12,9,3
Zulucat,aegwynn,864,druid,balance,12,9,3
Betobalance,blackmoore,864,druid,balance,12,9,3
Shandala,ragnaros,864,druid,balance,12,9,3
Flopparider,ravencrest,864,druid,balance,12,9,3
Nareeik,tarren-mill,864,druid,balance,12,9,3
Krustý,malganis,864,druid,balance,18,9,9
Yseraheal,drakthul,864,druid,balance,18,9,9
Svp,ravencrest,864,druid,balance,18,9,9
Cioban,ravencrest,864,druid,balance,24,9,15
Form,burning-legion,863,druid,balance,12,9,3
Syurn,sanguino,863,druid,balance,12,9,3
Borticow,sanguino,863,druid,balance,12,9,3
Jengá,nagrand,863,druid,balance,12,9,3
Pewpewflap,kazzak,863,druid,balance,12,9,3
Lakersinfive,argent-dawn,863,druid,balance,12,9,3
Pezuñera,sanguino,863,druid,balance,12,9,3
Aolynk,twisting-nether,863,druid,balance,12,9,3
Enzymex,burning-blade,863,druid,balance,18,9,9
Buckié,twisting-nether,863,druid,balance,18,9,9
Valoruk,ravencrest,863,druid,balance,18,9,9
Damagebot,tarren-mill,863,druid,balance,18,9,9
Forthis,frostmane,863,druid,balance,18,9,9
Loasamdi,tarren-mill,863,druid,balance,18,9,9
Croquetoro,sanguino,863,druid,balance,18,9,9
Кеорл,gordunni,863,druid,balance,18,9,9
Epicplays,sylvanas,863,druid,balance,24,9,15
Mokujiin,burning-blade,863,druid,balance,24,9,15
Redyogurt,outland,863,druid,balance,24,9,15
Hiquien,silvermoon,862,druid,balance,12,9,3
Maddixx,outland,862,druid,balance,18,9,9
Angharradh,arthas,862,druid,balance,18,9,9
Jabbah,defias-brotherhood,862,druid,balance,18,9,9
Qocotte,archimonde,862,druid,balance,18,9,9
Димитруа,howling-fjord,862,druid,balance,18,9,9
Metaboss,ravencrest,862,druid,balance,18,9,9
Ábomínatíon,draenor,862,druid,balance,18,9,9
Oxe,malganis,861,druid,balance,12,9,3
Thepiemaker,silvermoon,861,druid,balance,12,9,3
Quza,lightbringer,861,druid,balance,18,9,9
Xërxës,outland,861,druid,balance,18,9,9
Noctilus,steamwheedle-cartel,861,druid,balance,18,9,9
Wombati,blackrock,861,druid,balance,24,9,15
Spoco,defias-brotherhood,860,druid,balance,18,9,9
Drocos,genjuros,860,druid,balance,18,9,9
Helguard,silvermoon,859,druid,balance,18,9,9
Rumjin,burning-blade,859,druid,balance,18,9,9
Fakeztwo,eredar,859,druid,balance,24,9,15
Corias,blackmoore,859,druid,balance,36,9,27
Mongwau,blackrock,858,druid,balance,12,9,3
Дайдорогу,blackscar,857,druid,balance,18,9,9
Grizzlyhills,silvermoon,856,druid,balance,12,9,3
Lunably,silvermoon,855,druid,balance,18,9,9
Erbaiolo,pozzo-delleternità,852,druid,balance,12,9,3
Kucsmagoomba,ragnaros,846,druid,balance,117,52,65
Hogey,kazzak,845,druid,balance,17,9,8
Rockymarci,dalaran,840,druid,balance,12,9,3
Sethdr,hyjal,840,druid,balance,23,11,12
Mirelawe,stormscale,831,druid,balance,23,9,14
Сомеваск,deathweaver,830,druid,balance,23,9,14
Eikthyrson,alleria,829,druid,balance,16,10,6
Outofmyswamp,kazzak,815,druid,balance,14,10,4
Yungtrappy,stormscale,815,druid,balance,15,10,5
Tôrmêñtêd,outland,815,druid,balance,17,9,8
Mortagua,kazzak,815,druid,balance,17,9,8
Ishaqu,bladefist,815,druid,balance,23,9,14
Nuggetspøwa,dalaran,814,druid,balance,17,9,8
Karyaga,tarren-mill,814,druid,balance,26,10,16
Burren,auchindoun,810,druid,balance,25,9,16
Fréki,ravenholdt,791,druid,balance,20,9,11
Rungohar,stormscale,791,druid,balance,34,9,25
Cryspie,garona,768,druid,balance,12,8,4
Barneycatz,tarren-mill,768,druid,balance,12,8,4
Tritit,marécage-de-zangar,768,druid,balance,12,8,4
Jónahfalcon,draenor,768,druid,balance,12,8,4
Meillaeth,sylvanas,768,druid,balance,12,8,4
Positivity,stormscale,768,druid,balance,12,8,4
Yiriy,baelgun,768,druid,balance,12,8,4
Jimkungtwo,hyjal,768,druid,balance,12,8,4
Everdreamx,arathor,768,druid,balance,12,8,4
Jometatile,hyjal,768,druid,balance,12,8,4
Soofiaa,ravencrest,768,druid,balance,12,8,4
Луноэльф,gordunni,768,druid,balance,12,8,4
Ðíør,ravencrest,768,druid,balance,12,8,4
Ethiqd,aegwynn,768,druid,balance,12,8,4
Feign,blackmoore,768,druid,balance,12,8,4
Treeswinger,twisting-nether,768,druid,balance,12,8,4
Mayfury,blackmoore,768,druid,balance,12,8,4
Клыкояр,goldrinn,768,druid,balance,12,8,4
Gsix,blackrock,768,druid,balance,12,8,4
Zulrája,outland,768,druid,balance,12,8,4
Emochicken,silvermoon,768,druid,balance,15,9,6
Ævus,outland,768,druid,balance,14,8,6
Superpoulet,archimonde,768,druid,balance,18,8,10
Commonsense,kazzak,768,druid,balance,18,8,10
Réhagen,archimonde,768,druid,balance,18,8,10
Boompjeh,chamber-of-aspects,768,druid,balance,18,8,10
Higuys,the-maelstrom,767,druid,balance,12,8,4
Dëåd,zenedar,767,druid,balance,12,8,4
Sebikboomie,ravencrest,767,druid,balance,12,8,4
Ferdiboo,draenor,767,druid,balance,12,8,4
Xtremeterror,blackmoore,767,druid,balance,12,8,4
Seasexsune,antonidas,767,druid,balance,12,8,4
Bighike,drakthul,767,druid,balance,12,8,4
Бадика,eversong,767,druid,balance,12,8,4
Knastx,ravencrest,767,druid,balance,12,8,4
Salvagã,outland,767,druid,balance,12,8,4
Rengár,blackrock,767,druid,balance,12,8,4
Kheleñ,blackrock,767,druid,balance,14,8,6
Faqbàdi,twisting-nether,767,druid,balance,18,8,10
Isotopîa,antonidas,767,druid,balance,18,8,10
Arydan,quelthalas,767,druid,balance,18,8,10
Bogahcan,twisting-nether,767,druid,balance,18,8,10
Царапкатян,gordunni,767,druid,balance,18,8,10
Asrais,dun-modr,767,druid,balance,18,8,10
Lifecycle,nemesis,767,druid,balance,18,8,10
Loswochos,blackmoore,767,druid,balance,18,8,10
Bigsmoké,die-aldor,767,druid,balance,18,8,10
Hugepepega,ravencrest,767,druid,balance,18,8,10
Ilovehannah,laughing-skull,767,druid,balance,18,8,10
Adelsten,tarren-mill,767,druid,balance,21,9,12
Woopi,blackrock,767,druid,balance,24,8,16
Flxtn,hyjal,767,druid,balance,24,8,16
Schebäb,blackhand,767,druid,balance,24,8,16
Jrdleto,blackrock,766,druid,balance,13,10,3
Humanoidpt,aggra-português,766,druid,balance,12,8,4
Papacarlo,ravencrest,766,druid,balance,12,8,4
Irithel,ravencrest,766,druid,balance,12,8,4
Stormspirit,hellscream,766,druid,balance,12,8,4
Benzinoid,silvermoon,766,druid,balance,12,8,4
Vandalís,garrosh,766,druid,balance,12,8,4
Doctóras,twisting-nether,766,druid,balance,12,8,4
Obois,archimonde,766,druid,balance,18,8,10
Kazzeria,stormscale,766,druid,balance,18,8,10
Kheluna,the-maelstrom,766,druid,balance,18,8,10
Fuzzykitten,ravencrest,766,druid,balance,18,8,10
Bigpoppaz,tarren-mill,766,druid,balance,18,8,10
Lendron,malygos,766,druid,balance,23,8,15
Darthiud,outland,765,druid,balance,12,8,4
Arenshimoon,kazzak,765,druid,balance,18,8,10
Machie,argent-dawn,765,druid,balance,18,8,10
Zaratras,arathor,765,druid,balance,18,8,10
Kleinii,blackrock,765,druid,balance,18,8,10
Droodu,dun-modr,765,druid,balance,30,8,22
Mongobongo,onyxia,764,druid,balance,12,8,4
Cirwen,silvermoon,764,druid,balance,12,8,4
Fiberpäls,magtheridon,764,druid,balance,18,8,10
Zinnform,ragnaros,764,druid,balance,18,8,10
Teldrastion,silvermoon,764,druid,balance,36,8,28
Dwaokut,ravencrest,763,druid,balance,12,8,4
Anchoring,argent-dawn,763,druid,balance,22,9,13
Vigôuróuz,blackmoore,762,druid,balance,12,8,4
Moonsama,twisting-nether,762,druid,balance,24,8,16
Sároman,ravencrest,761,druid,balance,24,8,16
Duveldruid,dragonblight,759,druid,balance,12,8,4
Celebras,chogall,756,druid,balance,12,8,4
Tarantinonon,kazzak,755,druid,balance,24,8,16
Drudd,hellscream,751,druid,balance,23,8,15
Yaendra,dun-modr,748,druid,balance,45,19,26
Fakers,the-maelstrom,747,druid,balance,12,8,4
Litany,drakthul,731,druid,balance,17,8,9
Vaea,hyjal,731,druid,balance,26,9,17
Tjeena,grim-batol,720,druid,balance,15,9,6
Roidcat,twisting-nether,719,druid,balance,17,8,9
Felischaus,twisting-nether,718,druid,balance,11,8,3
Maw,hellfire,717,druid,balance,11,8,3
Tsikarde,ravencrest,717,druid,balance,23,8,15
Cörelly,ravencrest,715,druid,balance,15,9,6
Humizon,silvermoon,714,druid,balance,21,9,12
Хуфра,greymane,714,druid,balance,23,8,15
Elpresidénté,blackmoore,713,druid,balance,12,9,3
Lockied,eredar,713,druid,balance,22,9,13
Rain,kazzak,703,druid,balance,11,8,3
Rønièl,tarren-mill,702,druid,balance,11,8,3
Papalegba,kilrogg,700,druid,balance,14,8,6
Lörex,ravencrest,687,druid,balance,13,8,5
Ryzën,stormscale,672,druid,balance,12,7,5
Twerkdabooty,azjolnerub,672,druid,balance,12,7,5
Píssoff,stormscale,672,druid,balance,12,7,5
Hajlol,sylvanas,672,druid,balance,12,7,5
Hefnerd,grim-batol,672,druid,balance,12,7,5
Аррерон,howling-fjord,672,druid,balance,12,7,5
Spatchy,silvermoon,672,druid,balance,12,7,5
Тохи,howling-fjord,672,druid,balance,12,7,5
Surlax,defias-brotherhood,672,druid,balance,12,7,5
Tease,blackrock,672,druid,balance,12,7,5
Glúingél,tarren-mill,672,druid,balance,12,7,5
Nervious,la-croisade-écarlate,672,druid,balance,12,7,5
Ахелез,gordunni,672,druid,balance,12,7,5
Tapex,ravencrest,672,druid,balance,12,7,5
Deeizm,ravencrest,672,druid,balance,12,7,5
Someóne,stormreaver,672,druid,balance,12,7,5
Rootbeamftw,ravencrest,672,druid,balance,12,7,5
Därgon,archimonde,672,druid,balance,12,7,5
Akiíra,twisting-nether,672,druid,balance,12,7,5
Sweedrood,hyjal,672,druid,balance,12,7,5
Qyoon,argent-dawn,672,druid,balance,12,7,5
Delarion,nemesis,672,druid,balance,12,7,5
Трусырвущая,gordunni,672,druid,balance,12,7,5
Locite,blackrock,672,druid,balance,12,7,5
Harrydòtter,eredar,672,druid,balance,12,7,5
Trønchetto,nemesis,672,druid,balance,12,7,5
Thornat,chamber-of-aspects,672,druid,balance,12,7,5
Cotangens,tarren-mill,672,druid,balance,12,7,5
Epsona,dun-modr,672,druid,balance,12,7,5
Noggelicious,ragnaros,672,druid,balance,12,7,5
Ra,stormscale,672,druid,balance,12,7,5
Røsétte,archimonde,672,druid,balance,12,7,5
Noobr,ravencrest,672,druid,balance,12,7,5
Формен,howling-fjord,672,druid,balance,12,7,5
Emeskay,ravencrest,672,druid,balance,12,7,5
Mommymìlkers,archimonde,672,druid,balance,12,7,5
Sitruu,zenedar,672,druid,balance,12,7,5
Heartleon,silvermoon,672,druid,balance,12,7,5
Kosadoodoo,sylvanas,672,druid,balance,12,7,5
Pansaa,stormscale,672,druid,balance,15,8,7
Nyenna,twilights-hammer,672,druid,balance,16,8,8
Avimoo,tarren-mill,672,druid,balance,18,7,11
Màlàkaii,hyjal,672,druid,balance,18,7,11
Lilim,culte-de-la-rive-noire,672,druid,balance,18,7,11
Lèthal,arakarahm,672,druid,balance,18,7,11
Ravenfang,dun-modr,672,druid,balance,18,7,11
Solgarna,saurfang,672,druid,balance,18,7,11
Ibroninad,ragnaros,672,druid,balance,18,7,11
Quellwell,outland,672,druid,balance,18,7,11
Lifty,dun-modr,672,druid,balance,18,7,11
Shreddít,tarren-mill,672,druid,balance,24,7,17
Alexuwu,draenor,671,druid,balance,12,7,5
Maruuk,argent-dawn,671,druid,balance,12,7,5
Rikayn,tarren-mill,671,druid,balance,12,7,5
Myxo,aggra-português,671,druid,balance,12,7,5
Unbeatâbull,kazzak,671,druid,balance,12,7,5
Jobberwock,outland,671,druid,balance,12,7,5
Asura,nozdormu,671,druid,balance,12,7,5
Shehida,silvermoon,671,druid,balance,12,7,5
Зонкс,gordunni,671,druid,balance,12,7,5
Найадра,gordunni,671,druid,balance,12,7,5
Лидир,blackscar,671,druid,balance,12,7,5
Halfback,blackhand,671,druid,balance,12,7,5
Picatso,blackrock,671,druid,balance,18,7,11
Telära,argent-dawn,671,druid,balance,18,7,11
Tidevar,wildhammer,671,druid,balance,18,7,11
Phala,outland,671,druid,balance,18,7,11
Legevakten,grim-batol,671,druid,balance,18,7,11
Thunderzeus,mazrigos,671,druid,balance,18,7,11
Felfran,ravencrest,671,druid,balance,18,7,11
Ymúmu,sanguino,671,druid,balance,18,7,11
Fûzzybear,ravencrest,671,druid,balance,18,7,11
Quin,frostwolf,671,druid,balance,18,7,11
Kivu,blackrock,671,druid,balance,18,7,11
Sãmba,pozzo-delleternità,671,druid,balance,24,7,17
Knindza,tarren-mill,670,druid,balance,12,7,5
Freedonnad,alleria,670,druid,balance,12,7,5
Bíerling,antonidas,670,druid,balance,18,7,11
Klatu,doomhammer,670,druid,balance,24,7,17
Loum,blackrock,670,druid,balance,24,7,17
Корбан,howling-fjord,670,druid,balance,24,7,17
Mattdrood,kazzak,670,druid,balance,24,7,17
Jobbostibi,ragnaros,669,druid,balance,12,7,5
Namelèés,blackhand,669,druid,balance,18,7,11
Garudas,eldrethalas,669,druid,balance,24,7,17
Ednaqt,grim-batol,669,druid,balance,24,7,17
Thyanya,blackmoore,668,druid,balance,18,7,11
Mondino,blackrock,667,druid,balance,24,7,17
Thrynitie,les-sentinelles,663,druid,balance,12,7,5
Bönüs,cthun,661,druid,balance,12,7,5
Nightshape,kragjin,661,druid,balance,18,7,11
Qra,area-52,660,druid,balance,12,7,5
Kawaíï,frostwolf,659,druid,balance,26,10,16
Ketash,ragnaros,657,druid,balance,12,7,5
Ciwone,blackrock,654,druid,balance,23,7,16
Puraza,kazzak,639,druid,balance,17,7,10
Yawawe,blackmoore,638,druid,balance,17,7,10
Blownaway,outland,624,druid,balance,15,7,8
Boxosjohnny,ragnaros,618,druid,balance,23,8,15
Blazek,sylvanas,617,druid,balance,14,8,6
Nille,tarren-mill,617,druid,balance,14,8,6
Kidawi,frostwolf,617,druid,balance,16,8,8
Kamatea,eredar,607,druid,balance,11,7,4
Bubidiblumdr,twisting-nether,605,druid,balance,16,7,9
Músclébéach,silvermoon,605,druid,balance,22,7,15
Rtfz,ravencrest,591,druid,balance,13,7,6
Kindadumb,stormscale,576,druid,balance,6,6,0
Xevan,blackrock,576,druid,balance,6,6,0
Náye,kazzak,576,druid,balance,6,6,0
Ухухуня,gordunni,576,druid,balance,6,6,0
ßouncy,twisting-nether,576,druid,balance,6,6,0
Marynlord,dalaran,576,druid,balance,6,6,0
Starsurge,festung-der-stürme,576,druid,balance,6,6,0
Aliyxd,aegwynn,576,druid,balance,6,6,0
Zamans,silvermoon,576,druid,balance,6,6,0
Qpoof,sylvanas,576,druid,balance,6,6,0
Knozylg,kazzak,576,druid,balance,12,6,6
Bane,dun-modr,576,druid,balance,12,6,6
Éxy,kazzak,576,druid,balance,12,6,6
Lushe,kazzak,576,druid,balance,12,6,6
Quinten,ulduar,576,druid,balance,12,6,6
Póllen,magtheridon,576,druid,balance,12,6,6
Зулкхаку,soulflayer,576,druid,balance,12,6,6
Speedpoppin,defias-brotherhood,576,druid,balance,12,6,6
Thefudge,silvermoon,576,druid,balance,12,6,6
Polypheme,chogall,576,druid,balance,12,6,6
Traickovic,eredar,576,druid,balance,12,6,6
Yenaiz,stormreaver,576,druid,balance,12,6,6
Vongihkuhher,blackmoore,576,druid,balance,12,6,6
Ipossible,kazzak,576,druid,balance,12,6,6
Seraxi,der-mithrilorden,576,druid,balance,12,6,6
Forthejoe,stormscale,576,druid,balance,12,6,6
Shoca,die-ewige-wacht,576,druid,balance,12,6,6
Мерлинз,lich-king,576,druid,balance,12,6,6
Святогор,greymane,576,druid,balance,12,6,6
Pataleaqtp,sanguino,576,druid,balance,12,6,6
Pælter,draenor,576,druid,balance,12,6,6
Maníx,tarren-mill,576,druid,balance,12,6,6
Слайкс,soulflayer,576,druid,balance,12,6,6
Naturexbot,silvermoon,576,druid,balance,12,6,6
Salvaga,outland,576,druid,balance,12,6,6
Heldil,chants-éternels,576,druid,balance,12,6,6
Talressian,argent-dawn,576,druid,balance,12,6,6
Мунпраид,gordunni,576,druid,balance,12,6,6
Yalojr,blackmoore,576,druid,balance,12,6,6
Wrx,sylvanas,576,druid,balance,12,6,6
Nancey,auchindoun,576,druid,balance,12,6,6
Diolives,stormscale,576,druid,balance,12,6,6
Mentaldead,tarren-mill,576,druid,balance,12,6,6
Emidrem,ravencrest,576,druid,balance,12,6,6
Styxdr,blackhand,576,druid,balance,12,6,6
Inbml,silvermoon,576,druid,balance,12,6,6
Kamenká,aegwynn,576,druid,balance,12,6,6
Plev,chamber-of-aspects,576,druid,balance,12,6,6
Dyuuna,hyjal,576,druid,balance,12,6,6
Vedee,tarren-mill,576,druid,balance,12,6,6
Islandbôy,blackrock,576,druid,balance,12,6,6
Teryx,blackmoore,576,druid,balance,12,6,6
Shiftmeow,tarren-mill,576,druid,balance,12,6,6
Fèéli,twisting-nether,576,druid,balance,12,6,6
Ghostdoggie,stormscale,576,druid,balance,12,6,6
Axrae,ravencrest,576,druid,balance,18,6,12
Spacebeám,twisting-nether,576,druid,balance,18,6,12
Disney,ragnaros,576,druid,balance,18,6,12
Smedoge,outland,576,druid,balance,18,6,12
Doncaino,amanthul,576,druid,balance,18,6,12
Dxerm,colinas-pardas,576,druid,balance,22,6,16
Mugwa,blackmoore,575,druid,balance,6,6,0
Maniek,defias-brotherhood,575,druid,balance,12,6,6
Òniz,hyjal,575,druid,balance,12,6,6
Dinamitko,silvermoon,575,druid,balance,12,6,6
Praythysun,khaz-modan,575,druid,balance,12,6,6
Лицеторг,howling-fjord,575,druid,balance,12,6,6
Tekal,vashj,575,druid,balance,12,6,6
Raxona,blackmoore,575,druid,balance,12,6,6
Gruvkatt,stormscale,575,druid,balance,12,6,6
Graffyrre,eonar,575,druid,balance,13,6,7
Flagvan,ravencrest,575,druid,balance,13,6,7
Barkskin,grim-batol,575,druid,balance,15,6,9
Аматэррасу,blackscar,575,druid,balance,18,6,12
Aimïn,sanguino,575,druid,balance,18,6,12
Дарзамат,blackscar,575,druid,balance,18,6,12
Feraflux,dragonblight,575,druid,balance,18,6,12
Robinchwän,archimonde,575,druid,balance,18,6,12
Lúthiëñ,silvermoon,575,druid,balance,24,6,18
Wardruíd,outland,575,druid,balance,24,6,18
Kimiza,hyjal,575,druid,balance,25,6,19
Apodruid,tarren-mill,574,druid,balance,12,6,6
Тиликум,goldrinn,574,druid,balance,12,6,6
Derie,nazjatar,574,druid,balance,12,6,6
Momaa,neptulon,574,druid,balance,12,6,6
Raciness,grim-batol,574,druid,balance,12,6,6
Tyreek,eredar,574,druid,balance,16,7,9
Жекакотик,eversong,574,druid,balance,24,6,18
Bareforms,medivh,573,druid,balance,12,6,6
Kittasek,drakthul,572,druid,balance,12,6,6
Starfalls,turalyon,570,druid,balance,12,6,6
Harryharrt,veknilash,570,druid,balance,18,6,12
Keltaris,dun-modr,565,druid,balance,12,6,6
Delfin,aerie-peak,563,druid,balance,21,7,14
Thaiboimbyy,veknilash,558,druid,balance,29,10,19
Duwaz,blackmoore,543,druid,balance,14,7,7
Ancientix,burning-legion,543,druid,balance,17,6,11
Blamer,thrall,527,druid,balance,17,6,11
Игрог,soulflayer,520,druid,balance,23,8,15
Starhopper,ravencrest,512,druid,balance,10,6,4
Fotmrerollér,darksorrow,510,druid,balance,8,6,2
Ultimoos,aggra-português,510,druid,balance,14,6,8
Фэк,eversong,509,druid,balance,10,6,4
Snupyjunior,silvermoon,480,druid,balance,6,5,1
Азраешль,gordunni,480,druid,balance,6,5,1
Clawlessqtx,outland,480,druid,balance,6,5,1
Pinkpanda,arthas,480,druid,balance,6,5,1
Corkiri,tarren-mill,480,druid,balance,6,5,1
Corkiy,tarren-mill,480,druid,balance,6,5,1
Cowieowie,draenor,480,druid,balance,6,5,1
Boomytunes,silvermoon,480,druid,balance,6,5,1
Roral,silvermoon,480,druid,balance,6,5,1
Whaazzform,tarren-mill,480,druid,balance,6,5,1
Renewdex,thrall,480,druid,balance,6,5,1
Drudonja,silvermoon,480,druid,balance,6,5,1
Опущеныйкелх,gordunni,480,druid,balance,6,5,1
Catsareevil,silvermoon,480,druid,balance,6,5,1
Nyrrh,blackmoore,480,druid,balance,6,5,1
Хлайси,gordunni,480,druid,balance,6,5,1
Tellurr,draenor,480,druid,balance,6,5,1
Tåylor,laughing-skull,480,druid,balance,6,5,1
Brbrøyk,tarren-mill,480,druid,balance,6,5,1
Hashtagone,ysondre,480,druid,balance,6,5,1
Huayhey,the-maelstrom,480,druid,balance,6,5,1
Ashidx,ragnaros,480,druid,balance,6,5,1
Murdok,suramar,480,druid,balance,6,5,1
Smølboi,ravencrest,480,druid,balance,6,5,1
Xhifty,ravencrest,480,druid,balance,6,5,1
Lazerftw,ravencrest,480,druid,balance,6,5,1
Ïmåkêïtråïñ,ravencrest,480,druid,balance,6,5,1
Yalø,blackrock,480,druid,balance,6,5,1
Prettyfunny,ravencrest,480,druid,balance,6,5,1
Svartvit,sylvanas,480,druid,balance,6,5,1
Smøkyyd,eredar,480,druid,balance,6,5,1
Gnrio,twisting-nether,480,druid,balance,6,5,1
Tshungubuäch,eredar,480,druid,balance,6,5,1
Mutaattori,sylvanas,480,druid,balance,6,5,1
Súçúkbøømíe,aegwynn,480,druid,balance,6,5,1
Celtixthrash,tarren-mill,480,druid,balance,6,5,1
Rêidon,antonidas,480,druid,balance,6,5,1
Massak,aegwynn,480,druid,balance,7,5,2
Daisyx,eredar,480,druid,balance,9,6,3
Ischumekcid,anubarak,480,druid,balance,9,6,3
Jmaz,outland,480,druid,balance,9,6,3
Grîsh,burning-legion,480,druid,balance,12,5,7
Hairydøtter,aegwynn,480,druid,balance,12,5,7
Димадубощит,blackscar,480,druid,balance,12,5,7
Kovalawa,archimonde,480,druid,balance,12,5,7
Naturina,shattered-hand,480,druid,balance,12,5,7
Wotahn,antonidas,480,druid,balance,12,5,7
Tomixdd,stormrage,480,druid,balance,12,5,7
Quisp,ravencrest,480,druid,balance,12,5,7
Meowborghini,draenor,480,druid,balance,12,5,7
Moordock,uldum,480,druid,balance,12,5,7
Zephris,grim-batol,480,druid,balance,12,5,7
Armadroød,hyjal,480,druid,balance,12,5,7
Louie9031F7,outland,480,druid,balance,12,5,7
Doup,alakir,480,druid,balance,12,5,7
Variolus,dun-modr,480,druid,balance,12,5,7
Theridrax,twisting-nether,480,druid,balance,12,5,7
Fofosdru,kazzak,480,druid,balance,12,5,7
Angrykejton,silvermoon,480,druid,balance,12,5,7
Animalcruelt,silvermoon,480,druid,balance,12,5,7
Liiandri,khaz-modan,480,druid,balance,12,5,7
Caddan,argent-dawn,480,druid,balance,12,5,7
Zebår,runetotem,480,druid,balance,12,5,7
Elrandir,tarren-mill,480,druid,balance,12,5,7
Yööi,nemesis,480,druid,balance,12,5,7
Balanced,blackhand,480,druid,balance,12,5,7
Bafere,twisting-nether,480,druid,balance,12,5,7
Cosue,malganis,480,druid,balance,12,5,7
Shawkz,kazzak,480,druid,balance,12,5,7
Robsondruid,twisting-nether,480,druid,balance,12,5,7
Mîraculix,dun-morogh,480,druid,balance,12,5,7
Nyooxix,blackmoore,480,druid,balance,12,5,7
Elayria,blackmoore,480,druid,balance,12,5,7
Vyzir,stormscale,480,druid,balance,12,5,7
Лолэтохег,soulflayer,480,druid,balance,12,5,7
Norwy,kazzak,480,druid,balance,12,5,7
Acwi,dun-morogh,480,druid,balance,12,5,7
Goated,stormscale,480,druid,balance,12,5,7
Yadon,the-maelstrom,480,druid,balance,12,5,7
Zomgcow,twisting-nether,480,druid,balance,12,5,7
Louie,ragnaros,480,druid,balance,12,5,7
Feraline,stormrage,480,druid,balance,12,5,7
Shreddies,the-maelstrom,480,druid,balance,12,5,7
Lyrvaz,ravencrest,480,druid,balance,12,5,7
Brunogösta,aerie-peak,480,druid,balance,12,5,7
Флексим,soulflayer,480,druid,balance,12,5,7
Balls,ravenholdt,480,druid,balance,12,5,7
Qïx,outland,480,druid,balance,15,6,9
Whelpss,archimonde,480,druid,balance,15,6,9
Vodibull,aegwynn,480,druid,balance,15,6,9
Lemonjohn,outland,480,druid,balance,14,5,9
Miyá,sylvanas,480,druid,balance,18,5,13
Hibo,dun-modr,480,druid,balance,18,5,13
Zeromario,draenor,480,druid,balance,18,5,13
Teog,stormreaver,480,druid,balance,18,5,13
Nyankash,draenor,480,druid,balance,18,5,13
Faedria,outland,479,druid,balance,6,5,1
Biologie,onyxia,479,druid,balance,12,5,7
Leifbloomin,silvermoon,479,druid,balance,12,5,7
Tassutan,stormreaver,479,druid,balance,12,5,7
Khàoticz,draenor,479,druid,balance,12,5,7
Betol,das-konsortium,479,druid,balance,12,5,7
Larsia,nordrassil,479,druid,balance,12,5,7
Sinmanos,eredar,479,druid,balance,12,5,7
Flare,ravenholdt,479,druid,balance,12,5,7
Flãre,antonidas,479,druid,balance,12,5,7
Тахикамару,blackscar,479,druid,balance,18,5,13
Druza,draenor,478,druid,balance,12,5,7
Чепенкос,gordunni,478,druid,balance,12,5,7
Lysende,arathor,478,druid,balance,12,5,7
Барли,grom,478,druid,balance,16,6,10
Druvian,argent-dawn,478,druid,balance,24,5,19
Zenkay,naxxramas,476,druid,balance,16,6,10
Stanjr,archimonde,476,druid,balance,18,5,13
Krakus,twisting-nether,473,druid,balance,12,5,7
Spellmáster,ravencrest,473,druid,balance,12,5,7
Drix,frostwolf,463,druid,balance,17,5,12
Chouan,marécage-de-zangar,457,druid,balance,21,7,14
Pine,aggramar,415,druid,balance,8,5,3
Foxîo,frostmane,415,druid,balance,8,5,3
Ragingmilker,tarren-mill,415,druid,balance,8,5,3
Bigbadcalf,burning-legion,414,druid,balance,14,5,9
Mâlcøm,archimonde,384,druid,balance,6,4,2
Mylanqx,ragnaros,384,druid,balance,6,4,2
Ponardo,outland,384,druid,balance,6,4,2
Dekuul,stormscale,384,druid,balance,6,4,2
Rawr,dun-morogh,384,druid,balance,6,4,2
Fzx,aegwynn,384,druid,balance,6,4,2
Sunisan,stormscale,384,druid,balance,6,4,2
Kattbjörnen,ragnaros,384,druid,balance,6,4,2
Sapheà,burning-legion,384,druid,balance,6,4,2
Kkriss,stormscale,384,druid,balance,6,4,2
Cpt,xavius,384,druid,balance,6,4,2
Aelins,twisting-nether,384,druid,balance,6,4,2
Dermegon,outland,384,druid,balance,6,4,2
Imbadxx,kazzak,384,druid,balance,6,4,2
Badbird,thunderhorn,384,druid,balance,6,4,2
Youngdipper,draenor,384,druid,balance,6,4,2
Kasugia,aegwynn,384,druid,balance,6,4,2
Ekologiskxx,outland,384,druid,balance,6,4,2
Bearygrylls,sylvanas,384,druid,balance,6,4,2
Izzyb,draenor,384,druid,balance,6,4,2
Supremedruid,twisting-nether,384,druid,balance,6,4,2
Tharae,blackmoore,384,druid,balance,6,4,2
Womzas,blackhand,384,druid,balance,6,4,2
Amellian,silvermoon,384,druid,balance,6,4,2
Lolaven,turalyon,384,druid,balance,6,4,2
Cmzdruidxdd,ravencrest,384,druid,balance,6,4,2
Stoptheclone,nordrassil,384,druid,balance,6,4,2
Dikc,twisting-nether,384,druid,balance,6,4,2
Jp,eredar,384,druid,balance,6,4,2
Knatch,outland,384,druid,balance,6,4,2
Zootxd,ravencrest,384,druid,balance,6,4,2
Petypeet,drakthul,384,druid,balance,6,4,2
Fordragos,ravencrest,384,druid,balance,6,4,2
Freshpussyz,ravencrest,384,druid,balance,6,4,2
Jwifgodx,archimonde,384,druid,balance,6,4,2
Druikraut,silvermoon,384,druid,balance,6,4,2
Inspira,teldrassil,384,druid,balance,6,4,2
Daluria,malganis,384,druid,balance,6,4,2
Ieatbooty,blackrock,384,druid,balance,6,4,2
Lunor,kazzak,384,druid,balance,6,4,2
Tacodudu,ravencrest,384,druid,balance,6,4,2
Xvmon,draenor,384,druid,balance,6,4,2
Rugsul,kazzak,384,druid,balance,6,4,2
Bigbitez,kazzak,384,druid,balance,6,4,2
Hyoyoe,stormreaver,384,druid,balance,6,4,2
Weremyst,outland,384,druid,balance,6,4,2
Dmgtràsh,dun-modr,384,druid,balance,6,4,2
Noodledru,tarren-mill,384,druid,balance,6,4,2
Skavenlol,zuljin,384,druid,balance,6,4,2
Vertabrain,twilights-hammer,384,druid,balance,6,4,2
Treebearded,agamaggan,384,druid,balance,6,4,2
Zyzk,outland,384,druid,balance,6,4,2
Bonza,agamaggan,384,druid,balance,6,4,2
Haarbál,tarren-mill,384,druid,balance,6,4,2
Lolodaad,tarren-mill,384,druid,balance,6,4,2
Doggydawg,tarren-mill,384,druid,balance,6,4,2
Cursedmee,blackrock,384,druid,balance,9,5,4
Euphoríax,ravencrest,384,druid,balance,10,5,5
Фамай,howling-fjord,384,druid,balance,8,4,4
Kasiopee,hyjal,384,druid,balance,12,4,8
Yee,twisting-nether,384,druid,balance,12,4,8
Galadrys,defias-brotherhood,384,druid,balance,12,4,8
Boomlex,defias-brotherhood,384,druid,balance,12,4,8
Koffee,archimonde,384,druid,balance,12,4,8
Мукару,howling-fjord,384,druid,balance,12,4,8
Manimalia,kazzak,384,druid,balance,12,4,8
Pengington,blackrock,384,druid,balance,12,4,8
Allîyâ,archimonde,384,druid,balance,12,4,8
Leyarin,argent-dawn,384,druid,balance,12,4,8
Druidytrudy,blackrock,384,druid,balance,12,4,8
Pathetik,archimonde,384,druid,balance,12,4,8
Drodiax,outland,384,druid,balance,12,4,8
Sixtyinches,burning-blade,384,druid,balance,12,4,8
Roxshifter,tarren-mill,384,druid,balance,12,4,8
Bellatrx,darksorrow,384,druid,balance,12,4,8
Werevolf,drakthul,384,druid,balance,12,4,8
Mauzicek,drakthul,384,druid,balance,12,4,8
Tønychopper,sanguino,384,druid,balance,12,4,8
Alanpapi,sanguino,384,druid,balance,12,4,8
Феразинария,gordunni,384,druid,balance,12,4,8
Astracat,korgall,384,druid,balance,12,4,8
Killxhard,ravencrest,384,druid,balance,12,4,8
Alillaeth,ravencrest,384,druid,balance,12,4,8
Kiggstar,blackmoore,384,druid,balance,12,4,8
Phucme,the-maelstrom,384,druid,balance,12,4,8
Hipnos,sanguino,384,druid,balance,12,4,8
Nighttsorrow,drakthul,384,druid,balance,12,4,8
Lorucka,die-nachtwache,384,druid,balance,12,4,8
Ralenia,ravencrest,384,druid,balance,12,4,8
Fortuma,eredar,384,druid,balance,12,4,8
Elainx,thrall,384,druid,balance,12,4,8
Rastamona,draenor,384,druid,balance,12,4,8
Мехнакиске,howling-fjord,384,druid,balance,14,4,10
Gwendalyr,silvermoon,384,druid,balance,18,4,14
Mássacré,aegwynn,383,druid,balance,6,4,2
Herten,tarren-mill,383,druid,balance,6,4,2
Храмульчик,blackscar,383,druid,balance,6,4,2
Elm,trollbane,383,druid,balance,6,4,2
Hecaloth,drakthul,383,druid,balance,6,4,2
Котангис,eversong,383,druid,balance,6,4,2
Fluke,thrall,383,druid,balance,11,4,7
Moonpouk,archimonde,383,druid,balance,12,4,8
Rústy,baelgun,383,druid,balance,12,4,8
Ondope,blackmoore,383,druid,balance,12,4,8
Blablábla,silvermoon,383,druid,balance,12,4,8
Summertearz,thrall,383,druid,balance,12,4,8
Катафей,deathguard,382,druid,balance,6,4,2
Manglefury,ravencrest,382,druid,balance,12,4,8
Wuki,conseil-des-ombres,379,druid,balance,12,4,8
Billybobb,dentarg,377,druid,balance,19,8,11
Ráw,dun-modr,367,druid,balance,11,4,7
Gôdzîllâ,silvermoon,352,druid,balance,10,4,6
Blakemonster,khaz-modan,351,druid,balance,8,5,3
Nightshaðe,argent-dawn,351,druid,balance,11,4,7
Oaeb,stormscale,351,druid,balance,11,4,7
Zybri,ragnaros,351,druid,balance,11,4,7
Soný,aegwynn,336,druid,balance,9,5,4
Xkenz,archimonde,336,druid,balance,15,4,11
Sketit,grim-batol,335,druid,balance,11,4,7
Hilliax,sanguino,330,druid,balance,13,5,8
Martinesämst,outland,320,druid,balance,10,4,6
Eclipße,silvermoon,319,druid,balance,5,4,1
Kazekengan,draenor,319,druid,balance,5,4,1
Olula,blackmoore,319,druid,balance,8,4,4
Druidat,kazzak,288,druid,balance,6,3,3
Kvngthegoat,kazzak,288,druid,balance,6,3,3
Veilath,tarren-mill,288,druid,balance,6,3,3
Telidari,argent-dawn,288,druid,balance,6,3,3
Benghie,tarren-mill,288,druid,balance,6,3,3
Motry,tarren-mill,288,druid,balance,6,3,3
Svantte,stormreaver,288,druid,balance,6,3,3
Hð,blackmoore,288,druid,balance,6,3,3
Cáptnmorgan,blackmoore,288,druid,balance,6,3,3
Veyra,dentarg,288,druid,balance,6,3,3
Sweqt,argent-dawn,288,druid,balance,6,3,3
Easypointsx,tarren-mill,288,druid,balance,6,3,3
Yeats,blackmoore,288,druid,balance,6,3,3
Quinteness,silvermoon,288,druid,balance,6,3,3
Leslra,agamaggan,288,druid,balance,6,3,3
Urilmæ,blackmoore,288,druid,balance,6,3,3
Sparkex,ravencrest,288,druid,balance,6,3,3
Jubbs,laughing-skull,288,druid,balance,6,3,3
Ullainho,stormscale,288,druid,balance,6,3,3
Mikeisbike,ragnaros,288,druid,balance,6,3,3
Kooglaash,kazzak,288,druid,balance,6,3,3
Jungleghost,sylvanas,288,druid,balance,6,3,3
Stiffýz,archimonde,288,druid,balance,6,3,3
Testopöllö,ravencrest,288,druid,balance,6,3,3
Djclonebot,kazzak,288,druid,balance,6,3,3
Drester,blackrock,288,druid,balance,6,3,3
Ritualofmoon,darkmoon-faire,288,druid,balance,6,3,3
Bámbí,sylvanas,288,druid,balance,6,3,3
Durlehardu,archimonde,288,druid,balance,6,3,3
Barbulloup,hyjal,288,druid,balance,6,3,3
Gnarrdrood,eredar,288,druid,balance,6,3,3
Moonrake,antonidas,288,druid,balance,6,3,3
Smilodon,blackrock,288,druid,balance,6,3,3
Vícvega,ravencrest,288,druid,balance,6,3,3
Erelieva,silvermoon,288,druid,balance,6,3,3
Byjiblznuk,kazzak,288,druid,balance,6,3,3
Mvpx,outland,288,druid,balance,6,3,3
Seey,thrall,288,druid,balance,6,3,3
Rbg,dun-modr,288,druid,balance,6,3,3
Bäckey,silvermoon,288,druid,balance,6,3,3
Llcooljay,ravencrest,288,druid,balance,6,3,3
Amakary,blackrock,288,druid,balance,6,3,3
Maldrýn,stormscale,288,druid,balance,6,3,3
Jac,blackhand,288,druid,balance,6,3,3
Phike,blackrock,288,druid,balance,6,3,3
Okboomi,hyjal,288,druid,balance,6,3,3
Nimalâ,antonidas,288,druid,balance,6,3,3
Дизельпауэр,soulflayer,288,druid,balance,6,3,3
Блэкфорест,gordunni,288,druid,balance,6,3,3
Rêdx,archimonde,288,druid,balance,6,3,3
Wasïro,zuljin,288,druid,balance,6,3,3
Àyóorts,archimonde,288,druid,balance,6,3,3
Napukka,silvermoon,288,druid,balance,6,3,3
Jazeera,ragnaros,288,druid,balance,6,3,3
Fayn,aggra-português,288,druid,balance,6,3,3
Hordepwnr,sylvanas,288,druid,balance,6,3,3
Auden,arathor,288,druid,balance,6,3,3
Ilus,outland,288,druid,balance,6,3,3
Fishe,twisting-nether,288,druid,balance,6,3,3
Junglelist,antonidas,288,druid,balance,6,3,3
Блиденг,gordunni,288,druid,balance,6,3,3
Måckïngsx,the-maelstrom,288,druid,balance,6,3,3
Sucukk,antonidas,288,druid,balance,6,3,3
Дядявадядру,soulflayer,288,druid,balance,6,3,3
Spenkdetank,grim-batol,288,druid,balance,6,3,3
Kesismahmut,twisting-nether,288,druid,balance,6,3,3
Baubles,ghostlands,288,druid,balance,6,3,3
Chavidruid,twisting-nether,288,druid,balance,6,3,3
Treksta,draenor,288,druid,balance,6,3,3
Исканет,gordunni,288,druid,balance,6,3,3
Çúç,ravencrest,288,druid,balance,6,3,3
Catgirlx,ravencrest,288,druid,balance,6,3,3
Weestevie,ragnaros,288,druid,balance,6,3,3
Tribemeister,twisting-nether,288,druid,balance,6,3,3
Ripmacmiller,grim-batol,288,druid,balance,6,3,3
Youdog,kazzak,288,druid,balance,6,3,3
Hippycraft,the-maelstrom,288,druid,balance,6,3,3
Shermi,eredar,288,druid,balance,6,3,3
Flower,aggramar,288,druid,balance,6,3,3
Dabulla,kazzak,288,druid,balance,6,3,3
Hecone,los-errantes,288,druid,balance,6,3,3
Блинчек,gordunni,288,druid,balance,6,3,3
Hashoar,archimonde,288,druid,balance,6,3,3
Mogwaî,arygos,288,druid,balance,6,3,3
Вооми,gordunni,288,druid,balance,6,3,3
Framoin,archimonde,288,druid,balance,6,3,3
Blietmachine,ravencrest,288,druid,balance,6,3,3
Yezzir,defias-brotherhood,288,druid,balance,6,3,3
Valijaelf,blackrock,288,druid,balance,6,3,3
Zagrem,antonidas,288,druid,balance,6,3,3
Filiduttkatt,ravencrest,288,druid,balance,6,3,3
Сэнтэс,soulflayer,288,druid,balance,6,3,3
Garbagemonky,amanthul,288,druid,balance,6,3,3
Lyorn,stormscale,288,druid,balance,6,3,3
Irfrayl,antonidas,288,druid,balance,6,3,3
Furíouz,darksorrow,288,druid,balance,9,4,5
Bootydrooty,thrall,288,druid,balance,9,3,6
Zuwyldxd,blackrock,288,druid,balance,12,3,9
Segundø,archimonde,288,druid,balance,12,3,9
Onlycustard,outland,288,druid,balance,12,3,9
Akkamory,terokkar,288,druid,balance,12,3,9
Совуф,ashenvale,288,druid,balance,12,3,9
Astarhot,cthun,288,druid,balance,12,3,9
Chickenlegx,blackmoore,288,druid,balance,12,3,9
Nyomnom,ravencrest,288,druid,balance,12,3,9
Loverace,dun-modr,288,druid,balance,12,3,9
Astralcaller,kazzak,288,druid,balance,12,3,9
Уэсериктх,blackscar,288,druid,balance,12,3,9
Сэднхорни,howling-fjord,288,druid,balance,12,3,9
Kidow,wrathbringer,288,druid,balance,12,3,9
Cholic,twisting-nether,288,druid,balance,12,3,9
Thaneo,blackmoore,288,druid,balance,12,3,9
Groncowski,blackmoore,288,druid,balance,12,3,9
Tayswiftmend,defias-brotherhood,288,druid,balance,12,3,9
Cosmovibe,terokkar,288,druid,balance,12,3,9
Сейдр,grom,288,druid,balance,18,3,15
Bigcappa,ahnqiraj,287,druid,balance,6,3,3
Dasgrandeur,kazzak,287,druid,balance,6,3,3
Kyth,forscherliga,287,druid,balance,6,3,3
Walkao,tarren-mill,287,druid,balance,6,3,3
Slachtafval,twisting-nether,287,druid,balance,14,3,11
Maartjé,thunderhorn,286,druid,balance,6,3,3
Millworgen,norgannon,286,druid,balance,12,3,9
Rahkki,malfurion,284,druid,balance,12,3,9
Шев,blackscar,270,druid,balance,7,4,3
Jhiun,ragnaros,256,druid,balance,4,4,0
Calligenia,antonidas,256,druid,balance,16,3,13
Bóssít,doomhammer,255,druid,balance,11,3,8
Drulius,tarren-mill,240,druid,balance,9,4,5
Sinyi,arathor,239,druid,balance,11,3,8
Tmhaikyu,blackhand,234,druid,balance,15,5,10
Qoatazinha,malganis,192,druid,balance,4,3,1
Psychócat,silvermoon,192,druid,balance,6,2,4
Maxiturbogay,stormscale,192,druid,balance,6,2,4
Chzycow,twisting-nether,192,druid,balance,6,2,4
Versality,lightnings-blade,192,druid,balance,6,2,4
Дробовик,soulflayer,192,druid,balance,6,2,4
Druidbox,ravencrest,192,druid,balance,6,2,4
Hotributionx,ravencrest,192,druid,balance,6,2,4
Svanturken,kazzak,192,druid,balance,6,2,4
Jimmyxdd,kazzak,192,druid,balance,6,2,4
Имбахилка,lich-king,192,druid,balance,6,2,4
Mmhcharal,voljin,192,druid,balance,6,2,4
Fromeden,silvermoon,192,druid,balance,6,2,4
Saliencias,kazzak,192,druid,balance,6,2,4
Fanboij,kazzak,192,druid,balance,6,2,4
Trueforms,ravencrest,192,druid,balance,6,2,4
Kânjin,stormscale,192,druid,balance,6,2,4
Simdruid,stormscale,192,druid,balance,6,2,4
Уличныйиисус,azuregos,192,druid,balance,6,2,4
Батлграуннт,soulflayer,192,druid,balance,6,2,4
Окимоно,ashenvale,192,druid,balance,6,2,4
Kaamirach,blackmoore,192,druid,balance,6,2,4
Pawnamera,norgannon,192,druid,balance,6,2,4
Tallbutshort,stormscale,192,druid,balance,6,2,4
Ghoonz,silvermoon,192,druid,balance,6,2,4
Brømberry,blackrock,192,druid,balance,6,2,4
Erkerkerk,twisting-nether,192,druid,balance,6,2,4
Avanishri,defias-brotherhood,192,druid,balance,6,2,4
Epidruid,stormrage,192,druid,balance,6,2,4
Meatus,ragnaros,192,druid,balance,6,2,4
Катали,soulflayer,192,druid,balance,6,2,4
Halfaway,ravencrest,192,druid,balance,6,2,4
Mallahide,silvermoon,192,druid,balance,6,2,4
Chickenrice,blackhand,192,druid,balance,6,2,4
Kwenden,arygos,192,druid,balance,6,2,4
Lyj,dalaran,192,druid,balance,6,2,4
Luveena,kazzak,192,druid,balance,6,2,4
Eschatos,argent-dawn,192,druid,balance,6,2,4
Reeves,lightbringer,192,druid,balance,6,2,4
Héryse,hyjal,192,druid,balance,6,2,4
Natzuri,lothar,192,druid,balance,6,2,4
Auntypat,defias-brotherhood,192,druid,balance,6,2,4
Zeeqi,draenor,192,druid,balance,6,2,4
Blacksage,dragonmaw,192,druid,balance,6,2,4
Foxglove,ravencrest,192,druid,balance,6,2,4
Baccon,ravencrest,192,druid,balance,6,2,4
Twodaysordie,ravencrest,192,druid,balance,6,2,4
Chupapoya,pozzo-delleternità,192,druid,balance,6,2,4
Skrewu,silvermoon,192,druid,balance,6,2,4
Filderah,doomhammer,192,druid,balance,6,2,4
Maxreflect,pozzo-delleternità,192,druid,balance,6,2,4
Dresten,burning-blade,192,druid,balance,6,2,4
Tadoson,blackmoore,192,druid,balance,6,2,4
Tranduiil,drakthul,192,druid,balance,6,2,4
Sorkoxd,silvermoon,192,druid,balance,6,2,4
Biggestbirdx,stormscale,192,druid,balance,6,2,4
Cevto,drakthul,192,druid,balance,6,2,4
Бабкавтанке,gordunni,192,druid,balance,6,2,4
Tamburoo,tarren-mill,192,druid,balance,6,2,4
Csmedruid,blackrock,192,druid,balance,6,2,4
Lïlara,elune,192,druid,balance,6,2,4
Amberleaf,chamber-of-aspects,192,druid,balance,6,2,4
Снэйк,borean-tundra,192,druid,balance,6,2,4
Bidochonne,ravencrest,192,druid,balance,6,2,4
Старселлер,gordunni,192,druid,balance,6,2,4
Deadlydudu,magtheridon,192,druid,balance,6,2,4
Roshgar,magtheridon,192,druid,balance,6,2,4
Æsc,cthun,192,druid,balance,6,2,4
Jaffacakeqt,draenor,192,druid,balance,6,2,4
Wheyproteín,dun-modr,192,druid,balance,6,2,4
Marryat,argent-dawn,192,druid,balance,6,2,4
Spidete,sanguino,192,druid,balance,6,2,4
Bossdruid,aegwynn,192,druid,balance,6,2,4
Leliaen,sylvanas,192,druid,balance,6,2,4
Juggmusicxd,hyjal,192,druid,balance,6,2,4
Hotenhope,sylvanas,192,druid,balance,6,2,4
Faetish,hyjal,192,druid,balance,6,2,4
Chickenboss,sanguino,192,druid,balance,6,2,4
Adelåide,silvermoon,192,druid,balance,6,2,4
Violess,burning-legion,192,druid,balance,6,2,4
Zolduran,archimonde,192,druid,balance,6,2,4
Seøms,aegwynn,192,druid,balance,6,2,4
Canezmvp,blackrock,192,druid,balance,6,2,4
Pepenno,draenor,192,druid,balance,6,2,4
Маалир,gordunni,192,druid,balance,6,2,4
Arntooth,burning-legion,192,druid,balance,6,2,4
Natuh,outland,192,druid,balance,6,2,4
Hâyâbusa,antonidas,192,druid,balance,6,2,4
Энокей,gordunni,192,druid,balance,6,2,4
Lillu,aggramar,192,druid,balance,6,2,4
Varìx,ysondre,192,druid,balance,6,2,4
Sâty,draenor,192,druid,balance,6,2,4
Successhaver,argent-dawn,192,druid,balance,6,2,4
Winnysfanboy,outland,192,druid,balance,6,2,4
Jordnötssmör,draenor,192,druid,balance,6,2,4
Överskåp,tarren-mill,192,druid,balance,6,2,4
Galgaan,burning-legion,192,druid,balance,6,2,4
Raïby,archimonde,192,druid,balance,6,2,4
Borne,aggra-português,192,druid,balance,6,2,4
Jflow,draenor,192,druid,balance,6,2,4
Друнуар,gordunni,192,druid,balance,6,2,4
Nilatsfloda,quelthalas,192,druid,balance,6,2,4
Иссарил,gordunni,192,druid,balance,6,2,4
Kotkacy,silvermoon,192,druid,balance,6,2,4
Biebear,sylvanas,192,druid,balance,6,2,4
Deezforms,kazzak,192,druid,balance,6,2,4
Devill,grim-batol,192,druid,balance,6,2,4
Trowbsi,blackmoore,192,druid,balance,6,2,4
Energäde,twisting-nether,192,druid,balance,7,2,5
Gurranq,argent-dawn,192,druid,balance,11,3,8
Gortarn,defias-brotherhood,192,druid,balance,8,2,6
Aceeu,dalaran,192,druid,balance,9,2,7
Hävefunny,archimonde,192,druid,balance,12,2,10
Darksthero,draenor,192,druid,balance,12,2,10
Leekroom,forscherliga,192,druid,balance,12,2,10
Dørzz,blackmoore,192,druid,balance,12,2,10
Kramit,ravencrest,192,druid,balance,12,2,10
Querasidru,ravencrest,192,druid,balance,12,2,10
Broasted,stormscale,192,druid,balance,12,2,10
Druidja,sylvanas,192,druid,balance,12,2,10
Onmyass,dragonblight,192,druid,balance,12,2,10
Lelyssa,burning-legion,192,druid,balance,12,2,10
Lunairos,archimonde,192,druid,balance,12,2,10
Trækvinden,ravencrest,192,druid,balance,12,2,10
Plankface,ravencrest,192,druid,balance,19,3,16
Catbear,kazzak,191,druid,balance,6,2,4
Sumbahe,blackrock,191,druid,balance,6,2,4
Myrddil,kult-der-verdammten,191,druid,balance,12,2,10
Silvacustos,teldrassil,191,druid,balance,12,2,10
Arrock,malfurion,191,druid,balance,12,2,10
Vendeqt,aegwynn,159,druid,balance,5,2,3
Fabsl,archimonde,159,druid,balance,5,2,3
Testoprime,draenor,159,druid,balance,5,2,3
Иосси,soulflayer,138,druid,balance,9,5,4
Покусаютебя,gordunni,138,druid,balance,10,3,7
Xaahl,archimonde,128,druid,balance,4,2,2
Tekilaz,sanguino,128,druid,balance,4,2,2
Ligoz,silvermoon,96,druid,balance,3,2,1
Leronox,blackmoore,96,druid,balance,6,1,5
Garudax,blackrock,96,druid,balance,6,1,5
Maum,outland,96,druid,balance,6,1,5
Timanuel,ysondre,96,druid,balance,6,1,5
Reyk,sunstrider,96,druid,balance,6,1,5
Cattdamon,outland,96,druid,balance,6,1,5
Ewena,ragnaros,96,druid,balance,6,1,5
Xwerzz,stormscale,96,druid,balance,6,1,5
Chiendetalus,ysondre,96,druid,balance,6,1,5
Razah,ravencrest,96,druid,balance,6,1,5
Leafceld,aggra-português,96,druid,balance,6,1,5
Zaerox,ambossar,96,druid,balance,6,1,5
Ayven,kazzak,96,druid,balance,6,1,5
Jamaicanherb,bronzebeard,96,druid,balance,6,1,5
Eredhion,stormscale,96,druid,balance,6,1,5
Blazor,eredar,96,druid,balance,6,1,5
Tàazz,sargeras,96,druid,balance,6,1,5
Tigerbalm,ravenholdt,96,druid,balance,6,1,5
Voodeen,burning-legion,96,druid,balance,6,1,5
Lilkâzzam,blackrock,96,druid,balance,6,1,5
Frequentist,ragnaros,96,druid,balance,6,1,5
Nermax,kazzak,96,druid,balance,6,1,5
Ösdru,tarren-mill,96,druid,balance,6,1,5
Stjärna,kult-der-verdammten,96,druid,balance,6,1,5
Котябра,gordunni,96,druid,balance,6,1,5
Lofastfox,ragnaros,96,druid,balance,6,1,5
Anahita,emerald-dream,96,druid,balance,6,1,5
Ayanakamurà,archimonde,96,druid,balance,6,1,5
Пасторизсша,soulflayer,96,druid,balance,6,1,5
Арбузир,howling-fjord,96,druid,balance,6,1,5
Nøwørnever,ulduar,96,druid,balance,6,1,5
Dramweida,eredar,96,druid,balance,6,1,5
Spielmann,ravencrest,96,druid,balance,6,1,5
Beginníng,outland,96,druid,balance,6,1,5
Fullcyclone,stormscale,96,druid,balance,6,1,5
Dreathie,kazzak,96,druid,balance,6,1,5
Arún,nazjatar,96,druid,balance,6,1,5
Enia,azjolnerub,96,druid,balance,6,1,5
Herekitykity,frostmane,96,druid,balance,6,1,5
Serafol,argent-dawn,96,druid,balance,6,1,5
Beatball,aegwynn,96,druid,balance,6,1,5
Scarykejton,draenor,96,druid,balance,6,1,5
Titurel,zuljin,96,druid,balance,6,1,5
Soléda,thrall,96,druid,balance,6,1,5
Liegremmah,blackmoore,96,druid,balance,6,1,5
Hotseîdank,blackrock,96,druid,balance,6,1,5
Tortugo,dun-modr,96,druid,balance,6,1,5
Сверххищникк,soulflayer,96,druid,balance,6,1,5
Samuelito,ravencrest,96,druid,balance,6,1,5
Маминапуська,soulflayer,96,druid,balance,6,1,5
Nayemi,blackmoore,96,druid,balance,6,1,5
Ghxsty,silvermoon,96,druid,balance,6,1,5
Druiduis,minahonda,96,druid,balance,6,1,5
Kaira,kazzak,96,druid,balance,6,1,5
Devióus,twilights-hammer,96,druid,balance,6,1,5
Gracelock,argent-dawn,96,druid,balance,6,1,5
Droodzerqt,archimonde,96,druid,balance,6,1,5
Ashiothie,argent-dawn,96,druid,balance,6,1,5
Panigale,dun-modr,96,druid,balance,6,1,5
Brownny,dun-modr,96,druid,balance,6,1,5
Periklasus,antonidas,96,druid,balance,6,1,5
Siahra,khaz-modan,96,druid,balance,6,1,5
Pudseytree,doomhammer,96,druid,balance,6,1,5
Skinnyleg,baelgun,96,druid,balance,6,1,5
Druidlaba,drakthul,96,druid,balance,6,1,5
Môõn,tarren-mill,96,druid,balance,6,1,5
Stuntgirlcat,pozzo-delleternità,96,druid,balance,6,1,5
Shalysae,silvermoon,96,druid,balance,6,1,5
Apojeanne,hyjal,96,druid,balance,6,1,5
Ãnimal,argent-dawn,96,druid,balance,6,1,5
Wolfverine,dentarg,96,druid,balance,6,1,5
Lemónde,outland,96,druid,balance,6,1,5
Blolzz,silvermoon,96,druid,balance,6,1,5
Хенет,blackscar,96,druid,balance,6,1,5
Nubsi,aegwynn,96,druid,balance,6,1,5
Búll,aegwynn,96,druid,balance,7,1,6
Sorath,aggramar,96,druid,balance,12,1,11
Tarendil,argent-dawn,96,druid,balance,12,1,11
Maßka,terokkar,96,druid,balance,12,1,11
Bìerchen,antonidas,96,druid,balance,12,1,11
Grynoth,silvermoon,96,druid,balance,12,1,11
Вэдэшечка,howling-fjord,96,druid,balance,12,1,11
Noiir,malfurion,96,druid,balance,12,1,11
Summër,los-errantes,96,druid,balance,12,1,11
Gawsworth,aerie-peak,95,druid,balance,6,1,5
Kocovali,frostmane,95,druid,balance,6,1,5
Qb,blackrock,79,druid,balance,5,1,4
Revoidý,blackmoore,79,druid,balance,5,1,4
Mûcke,kazzak,79,druid,balance,5,1,4
Kodobursto,stormscale,79,druid,balance,6,1,5
Ушастикэ,gordunni,64,druid,balance,4,1,3
Møønlight,scarshield-legion,48,druid,balance,3,1,2
Soofyan,kazzak,48,druid,balance,3,1,2
Exïlla,archimonde,48,druid,balance,3,1,2
Madschinken,malganis,42,druid,balance,8,2,6
Melonjuicer,argent-dawn,42,druid,balance,9,2,7
Shapeshifts,kul-tiras,31,druid,balance,2,1,1
Tiemyrôpe,outland,31,druid,balance,2,1,1
Sendorac,die-silberne-hand,31,druid,balance,2,1,1
Lazherra,drakthul,31,druid,balance,2,1,1
Nalreaa,kazzak,31,druid,balance,8,1,7
Gejtu,the-venture-co,16,druid,balance,1,1,0
Báttlx,blackrock,16,druid,balance,7,1,6
Kankethyr,korgall,2241,evoker,preservation,107,64,43
Néthy,argent-dawn,2187,evoker,preservation,144,82,62
Nesedon,stormscale,2170,evoker,preservation,239,127,112
Bodytypezero,terenas,2169,evoker,preservation,110,62,48
Бедныйгрузин,howling-fjord,2146,evoker,preservation,72,43,29
Zychodrac,draenor,2145,evoker,preservation,148,74,74
Sukkmymadnes,draenor,2120,evoker,preservation,79,39,40
Сансетшторм,gordunni,2119,evoker,preservation,88,47,41
Kronata,sanguino,2112,evoker,preservation,102,45,57
Dn,shattered-hand,2111,evoker,preservation,89,46,43
Dragonsweat,hyjal,2088,evoker,preservation,120,66,54
Bodytypefour,stormscale,2087,evoker,preservation,96,47,49
Haxyia,outland,2083,evoker,preservation,120,63,57
Najikí,tarren-mill,2069,evoker,preservation,107,61,46
Гачитварь,galakrond,2055,evoker,preservation,299,148,151
Ms,ravencrest,2052,evoker,preservation,82,43,39
Nerfevøker,ragnaros,2022,evoker,preservation,100,51,49
Humòngóus,kazzak,2008,evoker,preservation,54,29,25
Sinéstrà,antonidas,2005,evoker,preservation,216,111,105
Gardennewt,ravencrest,2001,evoker,preservation,78,39,39
Seafolk,stormscale,1996,evoker,preservation,235,131,104
Drogon,shendralar,1992,evoker,preservation,84,48,36
Puzikloh,ravencrest,1992,evoker,preservation,48,24,24
Xays,ravencrest,1987,evoker,preservation,100,50,50
Theories,blackhand,1977,evoker,preservation,110,54,56
Asgá,kazzak,1973,evoker,preservation,50,24,26
Ноубадиаттак,soulflayer,1963,evoker,preservation,102,49,53
Smellybreath,ravencrest,1961,evoker,preservation,48,27,21
Шафлэнжоер,fordragon,1958,evoker,preservation,30,22,8
Rvrsl,outland,1954,evoker,preservation,108,55,53
Lazey,stormscale,1952,evoker,preservation,124,67,57
Nahfr,terenas,1942,evoker,preservation,174,98,76
Podonok,ravencrest,1932,evoker,preservation,84,45,39
Dizablise,burning-legion,1931,evoker,preservation,77,40,37
Onelastdance,ravencrest,1922,evoker,preservation,71,61,10
Jamesdéan,twisting-nether,1921,evoker,preservation,108,68,40
Dragondaddy,eredar,1917,evoker,preservation,114,63,51
Drookun,outland,1905,evoker,preservation,75,39,36
Dracthal,blackmoore,1903,evoker,preservation,54,29,25
Waifuwu,blackhand,1900,evoker,preservation,175,85,90
Huxleysroar,draenor,1888,evoker,preservation,54,26,28
Ðåñîq,kazzak,1888,evoker,preservation,89,38,51
Phnx,blackrock,1886,evoker,preservation,246,125,121
Myxiwinxy,archimonde,1885,evoker,preservation,36,23,13
Däkuookami,twisting-nether,1881,evoker,preservation,42,28,14
Theories,aegwynn,1880,evoker,preservation,53,29,24
Baiyuekui,blackmoore,1879,evoker,preservation,410,206,204
Amadeusx,ravencrest,1879,evoker,preservation,96,47,49
Matrixslave,tarren-mill,1875,evoker,preservation,81,46,35
Vokedrak,eredar,1875,evoker,preservation,66,32,34
Dreamwalk,archimonde,1874,evoker,preservation,36,23,13
Адоннис,gordunni,1872,evoker,preservation,101,56,45
Plogi,twisting-nether,1869,evoker,preservation,54,32,22
Woodý,draenor,1867,evoker,preservation,42,25,17
Alusiedrake,ravencrest,1857,evoker,preservation,307,171,136
Ipho,twisting-nether,1856,evoker,preservation,100,45,55
Titnoute,archimonde,1856,evoker,preservation,60,25,35
Béatér,aegwynn,1852,evoker,preservation,102,58,44
Ltmdrgn,ravencrest,1851,evoker,preservation,42,26,16
Zimbello,nemesis,1849,evoker,preservation,54,34,20
Myshagini,ravencrest,1846,evoker,preservation,45,27,18
Silverwingg,tarren-mill,1846,evoker,preservation,42,25,17
Æzorahai,area-52,1845,evoker,preservation,72,33,39
Bümber,stormscale,1835,evoker,preservation,129,64,65
Yulinex,argent-dawn,1833,evoker,preservation,160,92,68
Keñwøød,ysondre,1832,evoker,preservation,66,37,29
Cellv,kazzak,1829,evoker,preservation,156,88,68
Runewing,turalyon,1827,evoker,preservation,53,30,23
Bòrís,kazzak,1821,evoker,preservation,30,28,2
Jakelóng,ravencrest,1818,evoker,preservation,52,25,27
Justyowxs,archimonde,1817,evoker,preservation,85,49,36
Smâûg,silvermoon,1812,evoker,preservation,48,27,21
Mixn,argent-dawn,1812,evoker,preservation,93,41,52
Gneltharion,draenor,1811,evoker,preservation,68,31,37
Infidus,ravencrest,1810,evoker,preservation,145,82,63
Puffthemagic,archimonde,1810,evoker,preservation,60,28,32
Dragonmeta,kazzak,1808,evoker,preservation,36,19,17
Wakûwakû,kazzak,1805,evoker,preservation,135,72,63
Evokis,tarren-mill,1804,evoker,preservation,71,40,31
Nakavoker,arygos,1804,evoker,preservation,145,68,77
Трейш,soulflayer,1804,evoker,preservation,90,42,48
Hornyxj,draenor,1804,evoker,preservation,78,33,45
Cptdrakon,twisting-nether,1802,evoker,preservation,77,43,34
Lerrastrasza,zirkel-des-cenarius,1802,evoker,preservation,48,24,24
Talim,terrordar,1802,evoker,preservation,84,40,44
Sính,ravencrest,1801,evoker,preservation,53,28,25
Phyrrax,silvermoon,1791,evoker,preservation,72,42,30
Elcocodrilo,tarren-mill,1790,evoker,preservation,36,21,15
Лабирон,blackscar,1789,evoker,preservation,54,24,30
Swainsupp,archimonde,1776,evoker,preservation,42,19,23
Yayaxoxoxoxo,hyjal,1775,evoker,preservation,54,25,29
Púñterx,kazzak,1769,evoker,preservation,54,24,30
Ezinice,hyjal,1767,evoker,preservation,106,54,52
Антошадф,gordunni,1760,evoker,preservation,54,29,25
Healevoker,aegwynn,1759,evoker,preservation,207,100,107
Froststraza,chamber-of-aspects,1758,evoker,preservation,60,27,33
Kalevra,eredar,1757,evoker,preservation,123,66,57
Lurkî,blackhand,1750,evoker,preservation,191,91,100
Camdaddy,magtheridon,1749,evoker,preservation,171,88,83
Asyncgosa,ravencrest,1749,evoker,preservation,60,25,35
Ripgódx,bronzebeard,1744,evoker,preservation,370,190,180
Trainsaw,kazzak,1742,evoker,preservation,48,29,19
Драконсила,gordunni,1742,evoker,preservation,47,25,22
Elleavo,tarren-mill,1742,evoker,preservation,48,23,25
Themasktw,kazzak,1738,evoker,preservation,82,38,44
Сайберри,gordunni,1734,evoker,preservation,48,26,22
Drakela,frostwhisper,1732,evoker,preservation,42,22,20
Evocy,ravencrest,1725,evoker,preservation,66,35,31
Setraxia,argent-dawn,1722,evoker,preservation,142,89,53
Ramfurry,kazzak,1722,evoker,preservation,284,140,144
Eccotwogay,frostwhisper,1719,evoker,preservation,48,26,22
Shroudflight,draenor,1718,evoker,preservation,238,117,121
Хронолиса,blackscar,1716,evoker,preservation,304,155,149
Bugdul,twisting-nether,1713,evoker,preservation,74,46,28
Даэдра,gordunni,1712,evoker,preservation,186,94,92
Ранкондракон,lich-king,1712,evoker,preservation,95,42,53
Maxthecar,draenor,1710,evoker,preservation,136,87,49
Branados,argent-dawn,1707,evoker,preservation,36,22,14
Novvae,hyjal,1704,evoker,preservation,60,32,28
Carrotz,doomhammer,1703,evoker,preservation,60,28,32
Rondog,moonglade,1702,evoker,preservation,54,31,23
Jaje,nerathor,1701,evoker,preservation,46,24,22
Pcerainer,stormscale,1699,evoker,preservation,53,26,27
Nyghtx,sanguino,1698,evoker,preservation,100,45,55
Mobidra,twisting-nether,1697,evoker,preservation,30,19,11
Schwañ,twisting-nether,1697,evoker,preservation,42,23,19
Alphabét,ravencrest,1697,evoker,preservation,66,29,37
Крашевокер,soulflayer,1695,evoker,preservation,48,26,22
Evoxter,twisting-nether,1693,evoker,preservation,60,36,24
Devidra,defias-brotherhood,1692,evoker,preservation,177,82,95
Бунтз,howling-fjord,1690,evoker,preservation,41,19,22
Аскми,blackscar,1690,evoker,preservation,96,43,53
Mìnos,drakthul,1688,evoker,preservation,96,47,49
Tombeelee,kazzak,1687,evoker,preservation,36,21,15
Nivoker,kazzak,1687,evoker,preservation,51,24,27
Odiin,dun-modr,1685,evoker,preservation,33,19,14
Flouzzx,blackmoore,1685,evoker,preservation,48,24,24
Quoz,ragnaros,1677,evoker,preservation,51,21,30
Brynesuge,ragnaros,1676,evoker,preservation,63,32,31
Profdrake,zuluhed,1673,evoker,preservation,42,24,18
Jkdrage,stormscale,1670,evoker,preservation,36,19,17
Häröpallo,stormscale,1669,evoker,preservation,75,44,31
Akaos,silvermoon,1666,evoker,preservation,44,23,21
Malboroasted,archimonde,1665,evoker,preservation,48,25,23
Mixoö,throkferoth,1664,evoker,preservation,78,39,39
Эндемический,soulflayer,1664,evoker,preservation,79,39,40
Jayrexx,doomhammer,1661,evoker,preservation,95,68,27
Thèrèse,hyjal,1658,evoker,preservation,42,20,22
Ambuy,kazzak,1656,evoker,preservation,35,21,14
Sebek,archimonde,1653,evoker,preservation,33,19,14
Reska,archimonde,1651,evoker,preservation,60,27,33
Drakeadorie,twisting-nether,1649,evoker,preservation,36,22,14
Gardenewt,ravencrest,1647,evoker,preservation,42,21,21
Swooshz,ragnaros,1646,evoker,preservation,42,23,19
Wernøker,archimonde,1643,evoker,preservation,54,23,31
Valtion,stormscale,1634,evoker,preservation,42,23,19
Evodorie,ravencrest,1634,evoker,preservation,44,21,23
Sanktcs,blackhand,1633,evoker,preservation,48,23,25
Iblvicanfly,stormscale,1632,evoker,preservation,43,26,17
Rüllatorsven,stormscale,1631,evoker,preservation,36,21,15
Тирэсплюс,soulflayer,1630,evoker,preservation,30,17,13
Flyhacker,blackrock,1630,evoker,preservation,30,17,13
Вексалис,gordunni,1626,evoker,preservation,42,23,19
Kackaloch,tarren-mill,1625,evoker,preservation,69,37,32
Dwagonzuv,the-maelstrom,1624,evoker,preservation,60,36,24
Aeste,dun-modr,1624,evoker,preservation,42,23,19
Detdragetid,zenedar,1622,evoker,preservation,102,40,62
Methamfetami,kazzak,1619,evoker,preservation,72,40,32
Ashmoo,archimonde,1619,evoker,preservation,48,24,24
Drazor,blackhand,1616,evoker,preservation,59,28,31
Chasxstrasza,ravencrest,1616,evoker,preservation,54,20,34
Omac,sylvanas,1615,evoker,preservation,42,22,20
Blueaizu,draenor,1612,evoker,preservation,137,78,59
Mysaldo,sylvanas,1611,evoker,preservation,36,23,13
Fartinhaler,ravencrest,1611,evoker,preservation,56,34,22
Dârys,kazzak,1611,evoker,preservation,46,20,26
Adriia,draenor,1610,evoker,preservation,24,17,7
Панераи,gordunni,1609,evoker,preservation,63,27,36
Âspên,archimonde,1608,evoker,preservation,131,63,68
Roth,stormreaver,1607,evoker,preservation,250,124,126
Rgedrake,blackrock,1605,evoker,preservation,114,67,47
Hjucen,twisting-nether,1603,evoker,preservation,90,49,41
Потныйдракон,soulflayer,1603,evoker,preservation,42,20,22
Alamostrasza,doomhammer,1602,evoker,preservation,54,27,27
Пидрактир,soulflayer,1602,evoker,preservation,54,26,28
Castytopg,blackrock,1602,evoker,preservation,36,17,19
Akly,nemesis,1600,evoker,preservation,60,37,23
Bråckie,draenor,1600,evoker,preservation,84,49,35
Malowux,outland,1600,evoker,preservation,36,19,17
Dragonello,stormscale,1600,evoker,preservation,36,17,19
Snällaldo,bladefist,1599,evoker,preservation,34,26,8
Drageye,tarren-mill,1596,evoker,preservation,159,93,66
Kaipha,ravencrest,1596,evoker,preservation,89,43,46
Draskathyr,sylvanas,1594,evoker,preservation,47,29,18
Crocodeal,ysondre,1593,evoker,preservation,48,26,22
Ксенондрейк,gordunni,1591,evoker,preservation,36,17,19
Ystarblaze,tarren-mill,1590,evoker,preservation,57,26,31
Bònéz,blackmoore,1585,evoker,preservation,119,54,65
Штеци,howling-fjord,1582,evoker,preservation,462,224,238
Medeostrasz,throkferoth,1581,evoker,preservation,36,22,14
Odensbest,silvermoon,1580,evoker,preservation,79,48,31
Ятромантис,gordunni,1580,evoker,preservation,649,330,319
Dragarius,tarren-mill,1580,evoker,preservation,48,19,29
Madbreath,cthun,1575,evoker,preservation,66,24,42
Gracyn,ravencrest,1570,evoker,preservation,30,20,10
Nahkiainen,darksorrow,1569,evoker,preservation,42,19,23
Rawrus,blackrock,1567,evoker,preservation,53,24,29
Scarydragôn,draenor,1565,evoker,preservation,140,79,61
Detixbae,blackrock,1563,evoker,preservation,53,22,31
Nexxà,archimonde,1562,evoker,preservation,69,51,18
Kuramir,twisting-nether,1560,evoker,preservation,54,27,27
Sárkány,ravencrest,1559,evoker,preservation,48,24,24
Websensation,twisting-nether,1559,evoker,preservation,96,38,58
Eidachsal,antonidas,1558,evoker,preservation,66,24,42
Flowerscale,tarren-mill,1558,evoker,preservation,69,23,46
Драгонпупс,soulflayer,1557,evoker,preservation,114,64,50
Lytër,sanguino,1555,evoker,preservation,141,75,66
Vydrag,der-rat-von-dalaran,1553,evoker,preservation,35,17,18
Fearawr,malganis,1552,evoker,preservation,63,22,41
Didii,frostwhisper,1548,evoker,preservation,183,88,95
Zenvoker,silvermoon,1543,evoker,preservation,119,60,59
Динамика,borean-tundra,1542,evoker,preservation,157,86,71
Valkroth,argent-dawn,1541,evoker,preservation,149,67,82
Tenibris,die-nachtwache,1537,evoker,preservation,161,78,83
Antiflexx,ragnaros,1537,evoker,preservation,66,30,36
Нежныйболт,howling-fjord,1536,evoker,preservation,134,68,66
Sürion,grim-batol,1535,evoker,preservation,72,39,33
ßëkûsåùrús,ragnaros,1535,evoker,preservation,37,18,19
Dracum,kazzak,1534,evoker,preservation,30,16,14
Sedricae,twisting-nether,1534,evoker,preservation,137,70,67
Bountyk,sanguino,1533,evoker,preservation,24,16,8
Jpeo,blackhand,1525,evoker,preservation,42,20,22
Kharduk,outland,1525,evoker,preservation,40,19,21
Gg,wildhammer,1523,evoker,preservation,65,42,23
Vimoker,trollbane,1523,evoker,preservation,102,49,53
Dragnthsnuts,sylvanas,1523,evoker,preservation,74,35,39
Vyore,silvermoon,1516,evoker,preservation,48,23,25
Kirivoker,dun-modr,1515,evoker,preservation,77,38,39
Sinistrea,conseil-des-ombres,1512,evoker,preservation,117,65,52
Bubbleblower,stormscale,1510,evoker,preservation,30,21,9
Soyd,dun-morogh,1510,evoker,preservation,29,18,11
Etier,aegwynn,1509,evoker,preservation,60,34,26
Nanthira,darksorrow,1508,evoker,preservation,145,73,72
Дарконикс,gordunni,1508,evoker,preservation,98,44,54
Visage,kul-tiras,1504,evoker,preservation,121,54,67
Dart,sanguino,1502,evoker,preservation,42,18,24
Navilism,kazzak,1501,evoker,preservation,429,228,201
Skypov,sylvanas,1498,evoker,preservation,41,24,17
Viseriøn,kazzak,1498,evoker,preservation,54,20,34
Pflanz,nozdormu,1494,evoker,preservation,36,24,12
Evizard,nagrand,1494,evoker,preservation,101,57,44
Indragon,blackmoore,1492,evoker,preservation,78,37,41
Draelaynex,eredar,1492,evoker,preservation,42,18,24
Tobbebakar,silvermoon,1490,evoker,preservation,48,22,26
Fiiery,deathwing,1488,evoker,preservation,82,42,40
Lytër,dun-modr,1488,evoker,preservation,63,28,35
Polzeig,dentarg,1487,evoker,preservation,45,19,26
Nekrosdrake,tarren-mill,1486,evoker,preservation,107,51,56
Obbwoke,ravencrest,1486,evoker,preservation,120,53,67
Бадикабаер,thermaplugg,1485,evoker,preservation,206,108,98
Ацидракон,blackscar,1481,evoker,preservation,83,35,48
Sakade,archimonde,1480,evoker,preservation,40,18,22
Srache,frostwolf,1477,evoker,preservation,36,16,20
Ámenó,stormscale,1476,evoker,preservation,48,25,23
Sysstrasza,archimonde,1475,evoker,preservation,30,16,14
Cragheart,ravencrest,1472,evoker,preservation,92,48,44
Eagleflow,aszune,1471,evoker,preservation,97,47,50
Luderx,outland,1467,evoker,preservation,90,49,41
Dragoncya,archimonde,1466,evoker,preservation,108,53,55
Oldwhiteman,guldan,1465,evoker,preservation,52,25,27
Drachenlilie,aegwynn,1465,evoker,preservation,42,20,22
Korialstraz,aegwynn,1463,evoker,preservation,35,22,13
Viodragon,blackrock,1462,evoker,preservation,45,19,26
Condrage,grim-batol,1461,evoker,preservation,48,26,22
Samidr,ravencrest,1460,evoker,preservation,41,16,25
Lazurius,ravencrest,1459,evoker,preservation,107,45,62
Zezus,outland,1457,evoker,preservation,30,20,10
Superflyy,kazzak,1456,evoker,preservation,202,97,105
Beefwing,xavius,1454,evoker,preservation,48,21,27
Féféledragon,archimonde,1452,evoker,preservation,62,24,38
Fubukinoryuu,frostwolf,1451,evoker,preservation,112,61,51
Madelynxoxo,draenor,1450,evoker,preservation,30,25,5
Bigaluga,blackmoore,1446,evoker,preservation,54,22,32
Adromed,kazzak,1443,evoker,preservation,54,29,25
Шкуроносец,gordunni,1442,evoker,preservation,36,20,16
Sissilisko,sylvanas,1440,evoker,preservation,59,39,20
Nutson,blackrock,1436,evoker,preservation,30,15,15
Conwoker,ravencrest,1435,evoker,preservation,30,15,15
Wingard,twisting-nether,1431,evoker,preservation,29,17,12
Tarecgosa,sanguino,1431,evoker,preservation,245,118,127
Snow,ysera,1429,evoker,preservation,36,17,19
Dokkàmxk,archimonde,1429,evoker,preservation,36,15,21
Dramarx,dun-modr,1428,evoker,preservation,24,15,9
Beec,tarren-mill,1427,evoker,preservation,42,22,20
Natashtrasza,tarren-mill,1427,evoker,preservation,72,26,46
Драмуся,gordunni,1426,evoker,preservation,48,17,31
Evoris,frostmane,1425,evoker,preservation,42,18,24
Ëvølûtïøñ,pozzo-delleternità,1424,evoker,preservation,34,16,18
Dedx,sylvanas,1423,evoker,preservation,39,19,20
Meteo,the-maelstrom,1422,evoker,preservation,45,23,22
Cokayn,eonar,1422,evoker,preservation,51,23,28
Seboker,nemesis,1420,evoker,preservation,55,34,21
Sârmikas,blackhand,1420,evoker,preservation,30,15,15
Cheryl,aggra-português,1420,evoker,preservation,31,15,16
Dragonbrx,antonidas,1419,evoker,preservation,30,20,10
Àtòmìc,malorne,1419,evoker,preservation,30,15,15
Орехдракона,gordunni,1418,evoker,preservation,30,16,14
Yeatsa,blackmoore,1417,evoker,preservation,24,15,9
Dazaar,kazzak,1416,evoker,preservation,60,36,24
Th,stormscale,1415,evoker,preservation,48,32,16
Djrabtah,sargeras,1414,evoker,preservation,82,43,39
Chronowalker,ragnaros,1413,evoker,preservation,30,15,15
Lichbõrne,outland,1411,evoker,preservation,42,18,24
Thyrke,aegwynn,1407,evoker,preservation,94,52,42
Matysniak,burning-legion,1407,evoker,preservation,103,53,50
Spiragon,ysondre,1406,evoker,preservation,154,76,78
Dragondznutz,defias-brotherhood,1406,evoker,preservation,68,33,35
Kuubski,ravencrest,1405,evoker,preservation,26,17,9
Draxaer,outland,1403,evoker,preservation,174,95,79
Aêro,malganis,1403,evoker,preservation,50,22,28
Зирухит,soulflayer,1402,evoker,preservation,42,17,25
Емари,howling-fjord,1401,evoker,preservation,49,33,16
Scalo,kazzak,1398,evoker,preservation,137,69,68
Evoketing,tarren-mill,1396,evoker,preservation,24,15,9
Zanarian,defias-brotherhood,1396,evoker,preservation,71,30,41
Torae,burning-legion,1395,evoker,preservation,84,36,48
Omnipøtens,silvermoon,1394,evoker,preservation,48,28,20
Мефодийевок,howling-fjord,1394,evoker,preservation,60,23,37
Drackarys,tarren-mill,1393,evoker,preservation,60,31,29
Donns,frostmane,1391,evoker,preservation,58,36,22
Nagimurr,kazzak,1390,evoker,preservation,99,57,42
Dracanus,bronze-dragonflight,1390,evoker,preservation,54,28,26
Xdxd,burning-blade,1390,evoker,preservation,33,17,16
Nadoney,hyjal,1389,evoker,preservation,67,42,25
Dragio,blackrock,1387,evoker,preservation,48,25,23
Ammendorn,blackrock,1384,evoker,preservation,46,27,19
Azorgaron,outland,1383,evoker,preservation,60,26,34
Asraestrasz,silvermoon,1380,evoker,preservation,38,24,14
Jamiewing,ravencrest,1380,evoker,preservation,42,25,17
Arniye,ravencrest,1377,evoker,preservation,50,26,24
Choubalo,archimonde,1375,evoker,preservation,107,57,50
Krayvoker,tarren-mill,1372,evoker,preservation,35,15,20
Dothemath,blackmoore,1371,evoker,preservation,48,22,26
Badrig,silvermoon,1369,evoker,preservation,144,70,74
Filtendragon,stormscale,1362,evoker,preservation,43,21,22
Kimwoker,kazzak,1359,evoker,preservation,30,15,15
Buqxrawrr,antonidas,1358,evoker,preservation,32,18,14
Ptipangoevok,dalaran,1355,evoker,preservation,34,16,18
Scalie,ravencrest,1353,evoker,preservation,54,31,23
Rhaenîra,twisting-nether,1352,evoker,preservation,49,27,22
Dägon,drakthul,1351,evoker,preservation,156,78,78
Sarapakara,burning-blade,1351,evoker,preservation,36,18,18
Маркзук,gordunni,1350,evoker,preservation,112,53,59
Liliwood,ravencrest,1349,evoker,preservation,82,38,44
Evokazoran,dentarg,1349,evoker,preservation,78,27,51
Cinquanteuro,hyjal,1347,evoker,preservation,101,45,56
Rescuegirl,blackrock,1345,evoker,preservation,99,50,49
Varkoth,nemesis,1345,evoker,preservation,84,41,43
Kitoed,aegwynn,1344,evoker,preservation,78,35,43
Flipflapflop,twisting-nether,1342,evoker,preservation,24,14,10
Dragonsimp,archimonde,1340,evoker,preservation,28,17,11
Novadrake,blackrock,1340,evoker,preservation,24,14,10
Drarent,hyjal,1340,evoker,preservation,54,24,30
Balgardarth,chamber-of-aspects,1339,evoker,preservation,30,16,14
Xdingo,blackrock,1338,evoker,preservation,36,14,22
Imperiux,outland,1335,evoker,preservation,66,39,27
Icemushu,twisting-nether,1331,evoker,preservation,24,14,10
Draevil,emerald-dream,1330,evoker,preservation,42,22,20
Loveheart,die-aldor,1330,evoker,preservation,94,41,53
Drakkujjer,twisting-nether,1329,evoker,preservation,24,15,9
Pelington,silvermoon,1329,evoker,preservation,59,27,32
Gissthebuzzy,dun-modr,1326,evoker,preservation,42,24,18
Saga,aegwynn,1325,evoker,preservation,154,77,77
Drdrag,blackmoore,1324,evoker,preservation,24,18,6
Fetzi,blackhand,1324,evoker,preservation,126,63,63
Smrdimipytel,drakthul,1323,evoker,preservation,40,15,25
Scarlexo,ravencrest,1321,evoker,preservation,53,26,27
Wrcdragon,drakthul,1318,evoker,preservation,154,73,81
Uroegevoker,twisting-nether,1316,evoker,preservation,68,36,32
Ladrieth,hyjal,1316,evoker,preservation,71,34,37
Desnø,frostwolf,1315,evoker,preservation,37,21,16
Голденджо,gordunni,1315,evoker,preservation,59,21,38
Spánkpróof,kazzak,1313,evoker,preservation,31,15,16
Psheetae,kazzak,1311,evoker,preservation,30,14,16
Drashiku,zuljin,1310,evoker,preservation,114,46,68
Crunktusk,twisting-nether,1310,evoker,preservation,72,27,45
Thellon,frostwolf,1308,evoker,preservation,97,49,48
Xerragon,ravencrest,1306,evoker,preservation,60,20,40
Fredgobrr,tarren-mill,1305,evoker,preservation,102,62,40
Dagruel,exodar,1305,evoker,preservation,30,14,16
Pindaar,zenedar,1305,evoker,preservation,60,27,33
Cenca,blackmoore,1304,evoker,preservation,216,104,112
Louiekin,outland,1302,evoker,preservation,36,14,22
Ludracy,antonidas,1301,evoker,preservation,102,54,48
Nonolildrake,ysondre,1297,evoker,preservation,82,46,36
Vahamut,argent-dawn,1297,evoker,preservation,42,22,20
Sorextrazy,twisting-nether,1296,evoker,preservation,70,29,41
Jimmytrivet,archimonde,1291,evoker,preservation,93,46,47
Flygfjås,stormscale,1288,evoker,preservation,57,28,29
Airwaves,hyjal,1287,evoker,preservation,36,19,17
Discodidling,silvermoon,1287,evoker,preservation,63,32,31
Eedava,argent-dawn,1285,evoker,preservation,30,18,12
Drgnokn,silvermoon,1283,evoker,preservation,100,59,41
Malfø,exodar,1282,evoker,preservation,115,58,57
Cothikos,ysondre,1282,evoker,preservation,34,15,19
Esalisko,kazzak,1281,evoker,preservation,48,27,21
Nikoo,runetotem,1281,evoker,preservation,54,26,28
Mercoledi,aegwynn,1280,evoker,preservation,42,29,13
Xiomarita,frostmane,1280,evoker,preservation,60,29,31
Draagon,burning-legion,1280,evoker,preservation,42,18,24
Blamdrake,blackhand,1275,evoker,preservation,36,14,22
Lynastrasza,silvermoon,1274,evoker,preservation,147,78,69
Hyggëê,sanguino,1273,evoker,preservation,51,22,29
Stormwing,twilights-hammer,1272,evoker,preservation,29,19,10
Beharot,silvermoon,1272,evoker,preservation,96,33,63
Vaermithor,tarren-mill,1270,evoker,preservation,59,33,26
Vyron,amanthul,1270,evoker,preservation,46,19,27
Thundermifln,nemesis,1266,evoker,preservation,48,26,22
Orocimaaru,pozzo-delleternità,1266,evoker,preservation,39,19,20
Colacorta,zuljin,1265,evoker,preservation,47,26,21
Asinitaris,ravencrest,1264,evoker,preservation,89,47,42
Howtodragon,twisting-nether,1262,evoker,preservation,48,26,22
Zeigrem,antonidas,1261,evoker,preservation,18,15,3
Mortlalune,conseil-des-ombres,1260,evoker,preservation,154,78,76
Therzer,drakthul,1257,evoker,preservation,36,18,18
Mugeki,burning-legion,1255,evoker,preservation,59,28,31
Detdragetid,stormscale,1254,evoker,preservation,30,18,12
Хвзрываюсьх,howling-fjord,1253,evoker,preservation,48,24,24
Darigo,ravencrest,1253,evoker,preservation,42,17,25
Nagoli,silvermoon,1250,evoker,preservation,55,26,29
Dinotron,uldaman,1249,evoker,preservation,54,27,27
Lynt,burning-blade,1248,evoker,preservation,66,34,32
Sondosa,twisting-nether,1248,evoker,preservation,30,15,15
Ecovoker,outland,1247,evoker,preservation,24,13,11
Drogøn,khaz-modan,1247,evoker,preservation,48,23,25
Smokitor,kazzak,1246,evoker,preservation,54,28,26
Aebivoker,dalaran,1245,evoker,preservation,42,24,18
Kda,die-nachtwache,1245,evoker,preservation,30,13,17
Nazalath,eonar,1245,evoker,preservation,42,18,24
Breall,tarren-mill,1244,evoker,preservation,490,233,257
Dargenpont,turalyon,1244,evoker,preservation,30,13,17
Rozugos,blackrock,1243,evoker,preservation,24,13,11
Crottedezen,archimonde,1243,evoker,preservation,30,13,17
Apaçi,ravencrest,1243,evoker,preservation,51,19,32
Dragonsphera,sylvanas,1243,evoker,preservation,36,13,23
Holyvoker,aegwynn,1242,evoker,preservation,24,13,11
Geckonen,stormreaver,1241,evoker,preservation,213,107,106
Folevo,stormreaver,1241,evoker,preservation,397,196,201
Ithijin,blackmoore,1241,evoker,preservation,59,27,32
Dragawn,grim-batol,1240,evoker,preservation,121,68,53
Ogzan,stormscale,1239,evoker,preservation,48,27,21
Dreamevoker,draenor,1239,evoker,preservation,24,13,11
Kymura,archimonde,1239,evoker,preservation,30,13,17
Voraxos,silvermoon,1238,evoker,preservation,18,13,5
Тектрис,howling-fjord,1238,evoker,preservation,126,58,68
Dragonerr,kiljaeden,1237,evoker,preservation,59,30,29
Kampe,nemesis,1237,evoker,preservation,36,17,19
Vafanede,twisting-nether,1236,evoker,preservation,30,13,17
Shosho,uldaman,1236,evoker,preservation,56,23,33
Yorfyr,ravencrest,1234,evoker,preservation,43,20,23
Drackheal,kaelthas,1229,evoker,preservation,59,31,28
Yeetsera,thrall,1229,evoker,preservation,76,35,41
Beenus,doomhammer,1228,evoker,preservation,36,24,12
Драгоблуд,soulflayer,1227,evoker,preservation,54,25,29
Âbs,archimonde,1227,evoker,preservation,99,41,58
Distinkd,draenor,1226,evoker,preservation,30,18,12
Mikevoker,aegwynn,1224,evoker,preservation,30,17,13
Pokemongame,draenor,1222,evoker,preservation,22,14,8
Douevnfly,ravencrest,1220,evoker,preservation,44,26,18
Cudius,archimonde,1220,evoker,preservation,128,72,56
Elenaevoker,stormscale,1219,evoker,preservation,185,93,92
Stjáuni,ravencrest,1219,evoker,preservation,58,29,29
Мвпгуччи,blackscar,1219,evoker,preservation,36,13,23
Verithian,kazzak,1218,evoker,preservation,42,22,20
Dragonflye,kazzak,1218,evoker,preservation,101,43,58
Ricidevo,nerathor,1217,evoker,preservation,36,13,23
Drakdilla,tarren-mill,1216,evoker,preservation,24,13,11
Shnptyr,ragnaros,1215,evoker,preservation,42,22,20
Lojinevo,twisting-nether,1215,evoker,preservation,95,43,52
Kekvoker,antonidas,1213,evoker,preservation,72,35,37
Ruinastrasza,silvermoon,1212,evoker,preservation,24,13,11
Varaug,veklor,1211,evoker,preservation,40,25,15
Groovyy,hyjal,1211,evoker,preservation,60,36,24
Awaboo,draenor,1210,evoker,preservation,24,13,11
Slimygecko,ravencrest,1210,evoker,preservation,41,22,19
Flyingaway,tarren-mill,1209,evoker,preservation,42,19,23
Leblon,stormreaver,1207,evoker,preservation,54,28,26
Goalkeeper,ravencrest,1206,evoker,preservation,24,13,11
Мэриджэин,soulflayer,1205,evoker,preservation,41,18,23
Draghini,silvermoon,1205,evoker,preservation,48,20,28
Drakutyr,defias-brotherhood,1202,evoker,preservation,37,21,16
Whitelizzard,tarren-mill,1199,evoker,preservation,60,29,31
Dragonspaff,argent-dawn,1199,evoker,preservation,30,14,16
Erhvoker,veknilash,1199,evoker,preservation,111,47,64
Anso,sanguino,1197,evoker,preservation,65,34,31
Corneflex,chogall,1196,evoker,preservation,27,13,14
Kuzzan,blackhand,1193,evoker,preservation,48,23,25
Zethreus,silvermoon,1192,evoker,preservation,64,34,30
Патриотика,howling-fjord,1192,evoker,preservation,113,52,61
Bestofriendo,eredar,1191,evoker,preservation,72,36,36
Sibvoker,kazzak,1188,evoker,preservation,108,52,56
Danriedrake,ravencrest,1187,evoker,preservation,23,13,10
Salamanderx,stormscale,1186,evoker,preservation,22,14,8
Uztfuzt,blackmoore,1185,evoker,preservation,44,29,15
Драксинед,howling-fjord,1184,evoker,preservation,51,17,34
Raøug,blackmoore,1182,evoker,preservation,54,18,36
Drakatha,kazzak,1181,evoker,preservation,57,33,24
Tsukiko,archimonde,1181,evoker,preservation,55,24,31
Aphelïon,dun-modr,1177,evoker,preservation,173,84,89
Belkavoker,zirkel-des-cenarius,1177,evoker,preservation,42,14,28
Aphi,frostwolf,1170,evoker,preservation,57,26,31
Glouglouti,drekthar,1168,evoker,preservation,60,27,33
Saucy,sanguino,1166,evoker,preservation,43,26,17
Dolphdrago,outland,1164,evoker,preservation,34,17,17
Эбиб,gordunni,1161,evoker,preservation,96,55,41
Уконэ,blackscar,1159,evoker,preservation,49,22,27
Theocean,turalyon,1158,evoker,preservation,295,135,160
Dracobelli,drakthul,1157,evoker,preservation,30,14,16
Jurrassic,defias-brotherhood,1155,evoker,preservation,87,48,39
Amaterãsu,kazzak,1154,evoker,preservation,77,37,40
Jmy,bloodhoof,1152,evoker,preservation,18,12,6
Nst,zuljin,1151,evoker,preservation,18,12,6
Hehehihihaha,ravencrest,1151,evoker,preservation,24,12,12
Mistrßroducr,stormreaver,1151,evoker,preservation,24,12,12
Siìre,thrall,1150,evoker,preservation,12,12,0
Dragondn,alleria,1150,evoker,preservation,18,12,6
Dragonkim,draenor,1149,evoker,preservation,30,12,18
Coarraze,eldrethalas,1148,evoker,preservation,18,12,6
Lagadta,antonidas,1148,evoker,preservation,78,39,39
Berstrasz,frostwolf,1148,evoker,preservation,24,12,12
Kajer,nemesis,1148,evoker,preservation,24,12,12
Kujira,draenor,1148,evoker,preservation,39,18,21
Veryspikes,twisting-nether,1148,evoker,preservation,30,12,18
Laurenzos,tarren-mill,1148,evoker,preservation,30,12,18
Reptak,stormscale,1146,evoker,preservation,24,12,12
Dayandnight,quelthalas,1146,evoker,preservation,72,33,39
Uwudyret,tarren-mill,1145,evoker,preservation,30,12,18
Candicewho,twisting-nether,1144,evoker,preservation,24,12,12
Cryuu,burning-legion,1144,evoker,preservation,30,12,18
Sinusiitiis,destromath,1142,evoker,preservation,18,12,6
Jupezi,sylvanas,1142,evoker,preservation,35,20,15
Muccavok,stormrage,1142,evoker,preservation,70,36,34
Ohcaralho,outland,1142,evoker,preservation,56,22,34
Ryujíin,kazzak,1139,evoker,preservation,23,12,11
Nisiris,doomhammer,1139,evoker,preservation,58,29,29
Emberturd,blackmoore,1138,evoker,preservation,24,12,12
Dorkthyr,sylvanas,1137,evoker,preservation,60,25,35
Sitdownnow,blackrock,1131,evoker,preservation,62,20,42
Steeken,haomarush,1130,evoker,preservation,54,26,28
Xorago,guldan,1127,evoker,preservation,42,18,24
Draknr,alakir,1125,evoker,preservation,42,16,26
Adnoc,tarren-mill,1124,evoker,preservation,19,13,6
Djolero,silvermoon,1124,evoker,preservation,60,28,32
Siderion,drakthul,1122,evoker,preservation,24,14,10
Baddragonn,nemesis,1118,evoker,preservation,23,12,11
Cirøvoke,ravencrest,1118,evoker,preservation,29,12,17
Iscale,twisting-nether,1118,evoker,preservation,30,12,18
Iphonetwo,ravencrest,1117,evoker,preservation,29,20,9
Retyss,twisting-nether,1115,evoker,preservation,348,176,172
Gilgakek,darksorrow,1114,evoker,preservation,91,41,50
Dreiwyn,kazzak,1112,evoker,preservation,36,25,11
Nynnaydoth,drakthul,1112,evoker,preservation,80,39,41
Drachenglas,antonidas,1112,evoker,preservation,30,13,17
Sudrac,antonidas,1110,evoker,preservation,24,12,12
Tennin,thrall,1108,evoker,preservation,51,28,23
Bambusák,draenor,1108,evoker,preservation,106,44,62
Huusdrache,outland,1107,evoker,preservation,34,14,20
Пероник,gordunni,1107,evoker,preservation,52,18,34
Dangai,draenor,1103,evoker,preservation,23,12,11
Bombrush,ragnaros,1102,evoker,preservation,33,20,13
Tusibi,hyjal,1100,evoker,preservation,47,32,15
Dragonna,argent-dawn,1100,evoker,preservation,117,56,61
Алекстраса,blackscar,1097,evoker,preservation,30,16,14
Dmn,defias-brotherhood,1097,evoker,preservation,54,24,30
Saphirá,hyjal,1094,evoker,preservation,28,13,15
Xidalulz,sylvanas,1093,evoker,preservation,12,12,0
Deathwinng,twisting-nether,1090,evoker,preservation,66,26,40
Nurant,blackmoore,1086,evoker,preservation,44,20,24
Elaijaz,turalyon,1085,evoker,preservation,36,25,11
Hems,bronzebeard,1083,evoker,preservation,76,38,38
Khaela,archimonde,1083,evoker,preservation,105,50,55
Doriangray,drakthul,1082,evoker,preservation,38,19,19
Dractarys,arathi,1080,evoker,preservation,78,41,37
Rafale,the-maelstrom,1080,evoker,preservation,151,76,75
Drakeish,kazzak,1077,evoker,preservation,29,13,16
Blackli,kazzak,1074,evoker,preservation,33,14,19
Pikiscalez,bronzebeard,1073,evoker,preservation,30,15,15
Kyrathir,hyjal,1071,evoker,preservation,42,18,24
Wingzy,chogall,1059,evoker,preservation,201,93,108
Lizardofoz,argent-dawn,1058,evoker,preservation,30,18,12
Haawwt,eredar,1058,evoker,preservation,24,12,12
Lazorkröte,blackrock,1058,evoker,preservation,72,26,46
Targzæ,hyjal,1057,evoker,preservation,24,12,12
Øoøoøoøo,outland,1056,evoker,preservation,12,11,1
Вискписк,soulflayer,1056,evoker,preservation,12,11,1
Berlyvoke,stormscale,1056,evoker,preservation,18,11,7
Launisch,amanthul,1056,evoker,preservation,24,11,13
Kremost,sylvanas,1056,evoker,preservation,30,11,19
Шадофдрагон,deathweaver,1055,evoker,preservation,42,28,14
Xiarya,draenor,1055,evoker,preservation,24,11,13
Jessamy,ragnaros,1055,evoker,preservation,24,11,13
Lacer,minahonda,1055,evoker,preservation,30,11,19
Enzetrius,argent-dawn,1054,evoker,preservation,24,11,13
Tojodormi,argent-dawn,1054,evoker,preservation,24,11,13
Adrienne,steamwheedle-cartel,1054,evoker,preservation,30,13,17
Parodize,thrall,1051,evoker,preservation,24,11,13
Momodragon,draenor,1050,evoker,preservation,18,11,7
Beetk,tarren-mill,1049,evoker,preservation,24,11,13
Дрэгтир,lich-king,1047,evoker,preservation,43,22,21
Flymetothemo,twisting-nether,1047,evoker,preservation,52,26,26
Horiz,kazzak,1047,evoker,preservation,30,11,19
Tritiana,blackrock,1046,evoker,preservation,36,11,25
Pyrestra,argent-dawn,1042,evoker,preservation,18,11,7
Spudvoker,silvermoon,1040,evoker,preservation,24,11,13
Predatax,drakthul,1039,evoker,preservation,142,71,71
Diggidydract,silvermoon,1039,evoker,preservation,23,11,12
Morlie,argent-dawn,1036,evoker,preservation,76,36,40
Kharalambos,stormscale,1036,evoker,preservation,36,13,23
Ewings,archimonde,1036,evoker,preservation,48,16,32
Dratsch,blackhand,1034,evoker,preservation,12,11,1
Thedrake,aegwynn,1034,evoker,preservation,47,28,19
Antistrasza,argent-dawn,1033,evoker,preservation,48,22,26
Dräcø,dalaran,1032,evoker,preservation,18,12,6
Aevon,blackrock,1032,evoker,preservation,119,59,60
Iceslinger,stormscale,1031,evoker,preservation,95,44,51
Chrisú,thrall,1029,evoker,preservation,30,12,18
Guntoker,tarren-mill,1029,evoker,preservation,60,21,39
Aayala,dalaran,1028,evoker,preservation,27,12,15
Athyrstria,blackmoore,1028,evoker,preservation,65,18,47
Zathîel,argent-dawn,1026,evoker,preservation,149,64,85
Ovipare,archimonde,1022,evoker,preservation,30,17,13
Spirow,archimonde,1021,evoker,preservation,54,26,28
Drâker,twisting-nether,1020,evoker,preservation,35,11,24
Gilarys,silvermoon,1019,evoker,preservation,23,11,12
Чвкдрагонит,soulflayer,1019,evoker,preservation,30,11,19
Aezthaza,outland,1018,evoker,preservation,26,12,14
Azdajae,gilneas,1017,evoker,preservation,18,11,7
Калесгоз,howling-fjord,1017,evoker,preservation,60,25,35
Offering,ravencrest,1015,evoker,preservation,30,11,19
Klim,temple-noir,1014,evoker,preservation,42,11,31
Гопоп,gordunni,1011,evoker,preservation,31,14,17
Singe,nemesis,1010,evoker,preservation,120,42,78
Dreamiee,kazzak,1008,evoker,preservation,54,20,34
Ryujinx,blackhand,1006,evoker,preservation,23,11,12
Dragonban,tarren-mill,1005,evoker,preservation,40,11,29
Chronicryder,draenor,1004,evoker,preservation,21,11,10
Лалиса,soulflayer,1003,evoker,preservation,36,12,24
Pigioto,silvermoon,1002,evoker,preservation,210,104,106
Zahaak,doomhammer,1001,evoker,preservation,42,16,26
Мйлкйвей,deathguard,1000,evoker,preservation,46,29,17
Archont,eredar,999,evoker,preservation,42,12,30
Kalerinozi,blackhand,997,evoker,preservation,44,11,33
Tf,doomhammer,988,evoker,preservation,40,15,25
Jhoanna,grim-batol,987,evoker,preservation,48,25,23
Palindre,argent-dawn,987,evoker,preservation,29,14,15
Viseron,zuljin,987,evoker,preservation,105,38,67
Deadfyre,dun-modr,986,evoker,preservation,30,15,15
Blackwing,twilights-hammer,986,evoker,preservation,28,11,17
Hios,twisting-nether,984,evoker,preservation,60,33,27
Kraaznus,ravencrest,984,evoker,preservation,20,11,9
Zaverion,nathrezim,977,evoker,preservation,30,13,17
Kàzuée,outland,969,evoker,preservation,42,14,28
Jamesdouglas,eredar,966,evoker,preservation,36,23,13
Reddeaddrago,silvermoon,966,evoker,preservation,44,24,20
Schenlong,kelthuzad,966,evoker,preservation,72,31,41
Fernasdrake,aggra-português,965,evoker,preservation,24,11,13
Алифсе,howling-fjord,965,evoker,preservation,84,23,61
Zaraten,hyjal,962,evoker,preservation,57,31,26
Drazikz,archimonde,962,evoker,preservation,76,41,35
Voltyrh,antonidas,962,evoker,preservation,25,11,14
Drakares,la-croisade-écarlate,962,evoker,preservation,54,19,35
Nèthy,argent-dawn,960,evoker,preservation,18,10,8
Konzaa,argent-dawn,960,evoker,preservation,18,10,8
Yavak,blackmoore,960,evoker,preservation,18,10,8
Mauül,ravencrest,959,evoker,preservation,12,10,2
Escaaboy,stormscale,959,evoker,preservation,18,10,8
Blazeros,sylvanas,959,evoker,preservation,48,25,23
Hool,silvermoon,959,evoker,preservation,161,78,83
Argnir,archimonde,959,evoker,preservation,24,10,14
Hound,lordaeron,959,evoker,preservation,30,11,19
Síire,ravencrest,958,evoker,preservation,12,10,2
Mithrandir,marécage-de-zangar,957,evoker,preservation,24,10,14
Scottpula,tarren-mill,956,evoker,preservation,24,10,14
Druggz,burning-blade,955,evoker,preservation,12,10,2
Resectxz,kazzak,955,evoker,preservation,24,10,14
Baszz,aegwynn,955,evoker,preservation,24,10,14
Kleftra,stormscale,954,evoker,preservation,18,10,8
Skrix,khadgar,953,evoker,preservation,18,10,8
Everdrop,blackmoore,953,evoker,preservation,18,10,8
Dontiá,draenor,953,evoker,preservation,81,37,44
Terrorwings,twisting-nether,952,evoker,preservation,24,10,14
Bobonakia,sylvanas,950,evoker,preservation,24,10,14
Slashlowe,archimonde,948,evoker,preservation,40,18,22
Scaleyfurry,azshara,941,evoker,preservation,21,12,9
Ìzànamì,hyjal,940,evoker,preservation,18,10,8
Altairion,dalaran,939,evoker,preservation,30,18,12
Lînkôs,aegwynn,938,evoker,preservation,71,35,36
Dracwyn,shattrath,938,evoker,preservation,25,11,14
Fumfum,twisting-nether,938,evoker,preservation,30,10,20
Винтер,azuregos,935,evoker,preservation,19,11,8
Vozzat,stormscale,934,evoker,preservation,24,11,13
Draklorn,moonglade,933,evoker,preservation,75,36,39
Dracnass,silvermoon,930,evoker,preservation,18,10,8
Лунет,lich-king,917,evoker,preservation,54,25,29
Балрогхаоса,gordunni,916,evoker,preservation,42,17,25
Тирдде,deathweaver,914,evoker,preservation,102,48,54
Grizu,die-ewige-wacht,911,evoker,preservation,24,10,14
Kalestis,arthas,908,evoker,preservation,32,16,16
Vores,norgannon,908,evoker,preservation,59,26,33
Kamings,outland,907,evoker,preservation,32,17,15
Domynevoc,hyjal,902,evoker,preservation,55,26,29
Cárried,twilights-hammer,902,evoker,preservation,33,11,22
Quetzalcoâtl,burning-blade,901,evoker,preservation,54,27,27
Canitabravar,cthun,898,evoker,preservation,60,30,30
Лесанор,gordunni,894,evoker,preservation,16,10,6
Exxa,tarren-mill,894,evoker,preservation,26,10,16
Marasz,silvermoon,893,evoker,preservation,42,22,20
Minifléx,burning-legion,893,evoker,preservation,22,10,12
Абьюз,galakrond,891,evoker,preservation,331,169,162
Morsan,tichondrius,890,evoker,preservation,51,24,27
Eosin,blackrock,890,evoker,preservation,23,10,13
Anlong,alakir,890,evoker,preservation,29,12,17
Gantsu,blackhand,888,evoker,preservation,54,23,31
Drakars,kazzak,886,evoker,preservation,62,27,35
Drachi,ambossar,880,evoker,preservation,78,35,43
Mergwahlbark,hyjal,878,evoker,preservation,29,10,19
Drakthur,terenas,874,evoker,preservation,39,11,28
Dioni,sylvanas,873,evoker,preservation,39,15,24
Thymian,ambossar,871,evoker,preservation,149,68,81
Minikuja,culte-de-la-rive-noire,867,evoker,preservation,56,22,34
Escamosa,exodar,866,evoker,preservation,48,10,38
Antifightx,kazzak,864,evoker,preservation,12,9,3
Dekaralol,ravencrest,864,evoker,preservation,12,9,3
Flystowardsu,argent-dawn,864,evoker,preservation,12,9,3
Moondraka,outland,864,evoker,preservation,18,9,9
Drgigapump,blackmoore,864,evoker,preservation,18,9,9
Rullatorsvên,sylvanas,864,evoker,preservation,18,9,9
Elpolioloco,culte-de-la-rive-noire,864,evoker,preservation,24,9,15
Skytrace,silvermoon,864,evoker,preservation,52,12,40
Мишанячешуя,gordunni,863,evoker,preservation,12,9,3
Nassuada,dalaran,863,evoker,preservation,18,9,9
Dracronix,the-maelstrom,863,evoker,preservation,18,9,9
Cupcâke,dalaran,863,evoker,preservation,18,9,9
Wjörm,outland,863,evoker,preservation,18,9,9
Teneja,malganis,863,evoker,preservation,24,9,15
Myntara,tarren-mill,863,evoker,preservation,24,9,15
Wïligun,archimonde,862,evoker,preservation,12,9,3
Ragnai,sunstrider,862,evoker,preservation,18,9,9
Deathwingx,sylvanas,862,evoker,preservation,18,9,9
Zygumy,hyjal,862,evoker,preservation,18,9,9
Навидх,howling-fjord,862,evoker,preservation,24,9,15
Jondal,kazzak,862,evoker,preservation,24,9,15
Mimic,scarshield-legion,861,evoker,preservation,18,9,9
Mistvoke,kazzak,860,evoker,preservation,18,9,9
Lithnxv,bladefist,859,evoker,preservation,18,9,9
Paizz,tarren-mill,859,evoker,preservation,18,9,9
Evok,deathwing,858,evoker,preservation,24,10,14
Drakmool,ysondre,858,evoker,preservation,30,12,18
Setoc,blackrock,857,evoker,preservation,19,9,10
Nedflanderss,silvermoon,856,evoker,preservation,18,9,9
Kurger,twisting-nether,856,evoker,preservation,67,22,45
Ophois,malygos,854,evoker,preservation,12,9,3
Dudebrö,arathor,854,evoker,preservation,18,9,9
Azurewings,argent-dawn,851,evoker,preservation,65,23,42
Zymotîx,stormscale,850,evoker,preservation,30,9,21
Javåscript,outland,849,evoker,preservation,18,9,9
Damssx,medivh,847,evoker,preservation,33,13,20
Drâkarys,khaz-modan,845,evoker,preservation,57,21,36
Yadormi,sylvanas,843,evoker,preservation,60,28,32
Sumo,burning-legion,841,evoker,preservation,36,16,20
Avizz,tarren-mill,837,evoker,preservation,23,12,11
Evÿ,turalyon,835,evoker,preservation,36,15,21
Roastedpig,kazzak,831,evoker,preservation,17,9,8
Zerario,blackhand,827,evoker,preservation,23,9,14
Viseriðn,archimonde,827,evoker,preservation,24,9,15
Mendes,kazzak,827,evoker,preservation,84,26,58
Voryax,kirin-tor,825,evoker,preservation,30,9,21
Верметор,soulflayer,820,evoker,preservation,96,32,64
Drâcarys,destromath,819,evoker,preservation,37,17,20
Miumyuki,drakthul,815,evoker,preservation,54,21,33
Xanthisa,malganis,800,evoker,preservation,34,13,21
Nochance,dentarg,795,evoker,preservation,127,45,82
Dratheon,dun-modr,794,evoker,preservation,32,10,22
Cheapdragon,tarren-mill,791,evoker,preservation,45,18,27
Scraier,ravenholdt,789,evoker,preservation,21,11,10
Эфирид,blackscar,779,evoker,preservation,59,22,37
Høt,nemesis,775,evoker,preservation,19,9,10
Zemar,dalaran,768,evoker,preservation,12,8,4
Myshavion,hyjal,768,evoker,preservation,12,8,4
Alldru,outland,768,evoker,preservation,12,8,4
Mentallyoff,ravencrest,768,evoker,preservation,12,8,4
Nhoru,stormscale,768,evoker,preservation,12,8,4
Zendaë,archimonde,768,evoker,preservation,12,8,4
Kanketopg,kazzak,768,evoker,preservation,12,8,4
Naicover,kazzak,768,evoker,preservation,12,8,4
Trixle,thrall,768,evoker,preservation,12,8,4
Drakelussac,silvermoon,768,evoker,preservation,12,8,4
Ghettovoke,sylvanas,768,evoker,preservation,12,8,4
Nastywing,magtheridon,768,evoker,preservation,18,8,10
Ringil,tarren-mill,768,evoker,preservation,18,8,10
Змеетян,gordunni,768,evoker,preservation,24,8,16
Дрейкорг,howling-fjord,768,evoker,preservation,24,8,16
Krazuntus,argent-dawn,767,evoker,preservation,12,8,4
Alariath,mannoroth,767,evoker,preservation,18,8,10
Shenronblue,bloodscalp,767,evoker,preservation,24,8,16
Mirajhti,blackrock,767,evoker,preservation,30,8,22
Woeisme,blackhand,766,evoker,preservation,18,8,10
Dragonsito,cthun,765,evoker,preservation,18,8,10
Тафл,blackscar,765,evoker,preservation,18,8,10
Daracthyr,arathor,765,evoker,preservation,18,8,10
Nêóô,blackrock,765,evoker,preservation,18,8,10
Mfdragon,grim-batol,765,evoker,preservation,24,8,16
Уполнамоченн,soulflayer,764,evoker,preservation,12,8,4
Favera,taerar,763,evoker,preservation,24,8,16
Drakhtyr,draenor,762,evoker,preservation,12,8,4
Arecibo,tarren-mill,762,evoker,preservation,12,8,4
Dracanis,shendralar,761,evoker,preservation,27,12,15
Elathru,kazzak,759,evoker,preservation,24,8,16
Shenronox,ragnaros,758,evoker,preservation,18,8,10
Sarodari,blackhand,757,evoker,preservation,18,8,10
Dragonrocker,silvermoon,757,evoker,preservation,24,8,16
Cyclops,zuljin,756,evoker,preservation,24,8,16
Maverickx,nemesis,753,evoker,preservation,18,8,10
Chromatus,azjolnerub,752,evoker,preservation,12,8,4
Lunariëlle,les-sentinelles,749,evoker,preservation,12,8,4
Fodom,medivh,744,evoker,preservation,18,8,10
Inspecto,turalyon,737,evoker,preservation,18,8,10
Touge,varimathras,721,evoker,preservation,24,8,16
Sáróman,ravencrest,713,evoker,preservation,24,9,15
Baléryon,archimonde,705,evoker,preservation,11,8,3
Nicholbolas,nordrassil,690,evoker,preservation,11,8,3
Sunfyres,frostmane,679,evoker,preservation,28,8,20
Løcøtømmy,blackrock,672,evoker,preservation,12,7,5
Cith,ravencrest,672,evoker,preservation,12,7,5
Fûrý,twisting-nether,672,evoker,preservation,12,7,5
Blazelt,blackrock,672,evoker,preservation,12,7,5
Zarikus,argent-dawn,672,evoker,preservation,12,7,5
Evyzz,blackmoore,672,evoker,preservation,12,7,5
Stormnn,kazzak,672,evoker,preservation,12,7,5
Deadwing,eonar,672,evoker,preservation,18,7,11
Rmplol,twisting-nether,672,evoker,preservation,18,7,11
Iwaavoker,archimonde,672,evoker,preservation,18,7,11
Thairesse,archimonde,672,evoker,preservation,18,7,11
Sulführer,sanguino,672,evoker,preservation,18,7,11
Óceiros,silvermoon,672,evoker,preservation,18,7,11
Spacebreath,ravencrest,672,evoker,preservation,18,7,11
Evooke,outland,672,evoker,preservation,24,7,17
Dárnast,draenor,671,evoker,preservation,12,7,5
Flookx,silvermoon,671,evoker,preservation,12,7,5
Draaxy,twisting-nether,671,evoker,preservation,15,8,7
Fusanabide,kazzak,671,evoker,preservation,14,7,7
Rngayzus,ysondre,671,evoker,preservation,18,7,11
Гневиан,eversong,671,evoker,preservation,18,7,11
Dodgens,auchindoun,671,evoker,preservation,18,7,11
Karristrasza,silvermoon,671,evoker,preservation,18,7,11
Spïzz,dun-modr,670,evoker,preservation,12,7,5
Myszostrasza,burning-legion,670,evoker,preservation,12,7,5
Coaxoch,thunderhorn,670,evoker,preservation,12,7,5
Liroo,hyjal,670,evoker,preservation,12,7,5
Hakuzah,terokkar,670,evoker,preservation,18,7,11
Daxiniti,ragnaros,670,evoker,preservation,24,7,17
Bobbyheal,blackmoore,670,evoker,preservation,30,7,23
Malfestio,zuljin,669,evoker,preservation,12,7,5
Avemonetemus,silvermoon,669,evoker,preservation,18,7,11
Vatiras,magtheridon,669,evoker,preservation,24,7,17
Lapaneri,sylvanas,669,evoker,preservation,24,7,17
Wywill,eitrigg,668,evoker,preservation,12,7,5
Entombevoker,twisting-nether,668,evoker,preservation,12,7,5
Prikkedøden,grim-batol,668,evoker,preservation,18,7,11
Панкрок,thermaplugg,668,evoker,preservation,21,7,14
Morph,talnivarr,667,evoker,preservation,18,7,11
Hornbeam,tarren-mill,666,evoker,preservation,18,7,11
Shëitan,sinstralis,666,evoker,preservation,18,7,11
Acnologîa,ysondre,665,evoker,preservation,12,7,5
Gihzmo,tarren-mill,664,evoker,preservation,12,7,5
Blewjobs,sylvanas,662,evoker,preservation,24,7,17
Büsselberg,blackmoore,658,evoker,preservation,18,7,11
Awfultrash,archimonde,655,evoker,preservation,23,7,16
Charezard,draenor,638,evoker,preservation,17,7,10
Myndragosa,varimathras,624,evoker,preservation,15,8,7
Judragon,kazzak,618,evoker,preservation,20,8,12
Blyatcuka,kazzak,617,evoker,preservation,17,8,9
Quewl,blackmoore,606,evoker,preservation,11,7,4
Gedzon,silvermoon,576,evoker,preservation,6,6,0
Arfedar,kazzak,576,evoker,preservation,12,6,6
Ritoplis,cthun,576,evoker,preservation,12,6,6
Drakarroar,ragnaros,576,evoker,preservation,12,6,6
Iandret,destromath,576,evoker,preservation,12,6,6
Kapevok,sanguino,576,evoker,preservation,12,6,6
Lasissi,dragonblight,576,evoker,preservation,12,6,6
Bluesaphir,ravencrest,576,evoker,preservation,12,6,6
Luu,the-maelstrom,576,evoker,preservation,12,6,6
Kocaina,ravencrest,576,evoker,preservation,12,6,6
Snipy,burning-legion,576,evoker,preservation,12,6,6
Cutegirlx,blackrock,576,evoker,preservation,12,6,6
Glefs,stormscale,576,evoker,preservation,12,6,6
Krakadayle,archimonde,576,evoker,preservation,12,6,6
Rømmegrøt,tarren-mill,576,evoker,preservation,12,6,6
Talynn,sylvanas,576,evoker,preservation,12,6,6
Sindragonk,ravencrest,576,evoker,preservation,12,6,6
Yesdaddyowo,draenor,576,evoker,preservation,12,6,6
Darkevokoul,conseil-des-ombres,576,evoker,preservation,12,6,6
Dizatwo,silvermoon,576,evoker,preservation,12,6,6
Jacko,nemesis,576,evoker,preservation,12,6,6
Oceirós,draenor,576,evoker,preservation,12,6,6
Mesarin,eredar,576,evoker,preservation,12,6,6
Scrípt,blackmoore,576,evoker,preservation,12,6,6
Djsnake,twisting-nether,576,evoker,preservation,12,6,6
Ydun,blackrock,576,evoker,preservation,18,6,12
Discodraken,stormscale,576,evoker,preservation,18,6,12
Lorixia,argent-dawn,576,evoker,preservation,18,6,12
Nosnipeofc,blackmoore,576,evoker,preservation,18,6,12
Lolprevoker,outland,576,evoker,preservation,18,6,12
Chrisussy,argent-dawn,576,evoker,preservation,18,6,12
Lìssàndra,argent-dawn,576,evoker,preservation,24,6,18
Дэзвинк,gordunni,576,evoker,preservation,24,6,18
Timyst,outland,575,evoker,preservation,12,6,6
Fivebeers,silvermoon,575,evoker,preservation,12,6,6
Dragonlet,twisting-nether,575,evoker,preservation,12,6,6
Draccaris,silvermoon,575,evoker,preservation,12,6,6
Drakeó,kazzak,575,evoker,preservation,12,6,6
Nevara,ragnaros,575,evoker,preservation,12,6,6
Сулистраза,blackscar,575,evoker,preservation,12,6,6
Pasqvoker,ravencrest,575,evoker,preservation,12,6,6
Pe,dalaran,575,evoker,preservation,12,6,6
Drachenbeton,blackhand,575,evoker,preservation,12,6,6
Raegos,ravencrest,575,evoker,preservation,12,6,6
Drogoon,ravencrest,575,evoker,preservation,17,6,11
Tamargon,frostwhisper,575,evoker,preservation,18,6,12
Nexevo,blackmoore,575,evoker,preservation,18,6,12
Dreamdoll,tarren-mill,575,evoker,preservation,24,6,18
Boonvoker,the-maelstrom,575,evoker,preservation,24,6,18
Драколайт,eversong,574,evoker,preservation,12,6,6
Kutdraak,laughing-skull,574,evoker,preservation,12,6,6
Tarystrasza,blackrock,574,evoker,preservation,12,6,6
Drakpojke,stormscale,574,evoker,preservation,12,6,6
Dracarysfire,kazzak,573,evoker,preservation,12,6,6
Etherwood,bronze-dragonflight,573,evoker,preservation,12,6,6
Kaiser,trollbane,573,evoker,preservation,18,6,12
Blainedragon,arathor,573,evoker,preservation,18,6,12
Turmonk,nordrassil,572,evoker,preservation,12,6,6
Jaratitz,dun-modr,572,evoker,preservation,18,6,12
Synpho,ahnqiraj,571,evoker,preservation,12,6,6
Фульфикс,soulflayer,571,evoker,preservation,18,6,12
Aevnon,sylvanas,569,evoker,preservation,12,6,6
Адалдракулий,howling-fjord,568,evoker,preservation,12,6,6
Synhtol,ragnaros,564,evoker,preservation,18,6,12
Ahyllesevok,antonidas,527,evoker,preservation,15,7,8
Rasalhague,uldum,522,evoker,preservation,15,6,9
Dracarysx,grim-batol,520,evoker,preservation,15,7,8
Drakinas,outland,511,evoker,preservation,11,6,5
Tyuz,antonidas,509,evoker,preservation,14,6,8
Draktoros,kazzak,504,evoker,preservation,30,11,19
Thenotelmat,twisting-nether,492,evoker,preservation,11,7,4
Stêwpit,blackhand,480,evoker,preservation,6,5,1
Jàcè,antonidas,480,evoker,preservation,6,5,1
Krustyvoker,sargeras,480,evoker,preservation,6,5,1
Ralfferion,auchindoun,480,evoker,preservation,6,5,1
Dåseskjuul,kazzak,480,evoker,preservation,6,5,1
Hungryhank,ragnaros,480,evoker,preservation,6,5,1
Jmyzard,tarren-mill,480,evoker,preservation,10,6,4
Flatterhipy,blackrock,480,evoker,preservation,12,5,7
Poporaight,archimonde,480,evoker,preservation,12,5,7
Emeraldcomun,twisting-nether,480,evoker,preservation,12,5,7
Murato,nemesis,480,evoker,preservation,12,5,7
Frozenblast,archimonde,480,evoker,preservation,12,5,7
Interféctá,aegwynn,480,evoker,preservation,12,5,7
Feddra,twisting-nether,480,evoker,preservation,12,5,7
Twocats,twisting-nether,480,evoker,preservation,12,5,7
Drdrayk,balnazzar,480,evoker,preservation,12,5,7
Fnom,hyjal,480,evoker,preservation,12,5,7
Safcøn,eredar,480,evoker,preservation,12,5,7
Belzevoker,blackrock,480,evoker,preservation,12,5,7
Evokoloko,outland,480,evoker,preservation,12,5,7
Alanikus,silvermoon,480,evoker,preservation,12,5,7
Soupmah,silvermoon,480,evoker,preservation,12,5,7
Silversnakex,ravencrest,480,evoker,preservation,12,5,7
Necorínexx,silvermoon,480,evoker,preservation,12,5,7
Катяламизил,howling-fjord,480,evoker,preservation,12,5,7
Toplevel,eredar,480,evoker,preservation,12,5,7
Lootharon,blackhand,480,evoker,preservation,12,5,7
Rímmer,kazzak,480,evoker,preservation,12,5,7
Драгонкокс,gordunni,480,evoker,preservation,12,5,7
Vizdraken,tarren-mill,480,evoker,preservation,12,5,7
Bigreddragon,outland,480,evoker,preservation,12,5,7
Nemrák,blackmoore,480,evoker,preservation,12,5,7
Dzin,burning-legion,480,evoker,preservation,12,5,7
Tymían,burning-legion,480,evoker,preservation,12,5,7
Invinite,blackrock,480,evoker,preservation,18,5,13
Xyphoo,kazzak,480,evoker,preservation,18,5,13
Miraas,burning-blade,480,evoker,preservation,18,5,13
Dragóndééz,draenor,480,evoker,preservation,18,5,13
Draakoñ,outland,480,evoker,preservation,18,5,13
Siipiveíkko,stormreaver,480,evoker,preservation,18,5,13
Theflight,ravencrest,480,evoker,preservation,18,5,13
Uxiono,dun-modr,480,evoker,preservation,24,5,19
Rise,tarren-mill,480,evoker,preservation,24,5,19
Néphrekh,archimonde,479,evoker,preservation,6,5,1
Luftwaffel,blackmoore,479,evoker,preservation,12,5,7
Cinnamoon,defias-brotherhood,479,evoker,preservation,12,5,7
Eurydíke,blackhand,479,evoker,preservation,12,5,7
Puffdaddyxd,twisting-nether,479,evoker,preservation,12,5,7
Shosk,chamber-of-aspects,479,evoker,preservation,12,5,7
Darksaider,draenor,479,evoker,preservation,12,5,7
Scaleflux,argent-dawn,479,evoker,preservation,12,5,7
Naloqa,frostwolf,479,evoker,preservation,12,5,7
Dragondisnut,sylvanas,479,evoker,preservation,12,5,7
Психея,soulflayer,479,evoker,preservation,12,5,7
Dractopelle,garona,479,evoker,preservation,12,5,7
Chunlooi,baelgun,479,evoker,preservation,12,5,7
Миме,howling-fjord,479,evoker,preservation,18,5,13
Chizy,aegwynn,479,evoker,preservation,18,5,13
Evobse,silvermoon,479,evoker,preservation,24,5,19
Kärlethos,dun-modr,478,evoker,preservation,12,5,7
Widow,chromaggus,478,evoker,preservation,12,5,7
Eymo,archimonde,478,evoker,preservation,12,5,7
Bbuszek,outland,478,evoker,preservation,18,5,13
Cazé,archimonde,477,evoker,preservation,12,5,7
Vereeza,draenor,477,evoker,preservation,15,6,9
Exelott,ravencrest,477,evoker,preservation,14,5,9
Suicidel,silvermoon,477,evoker,preservation,18,5,13
Dragorasi,frostwolf,476,evoker,preservation,24,5,19
Гарил,grom,475,evoker,preservation,12,5,7
Gladdrake,doomhammer,474,evoker,preservation,18,5,13
Norgam,chogall,473,evoker,preservation,12,5,7
Leonarty,nemesis,473,evoker,preservation,12,5,7
Ngaokoang,khaz-modan,473,evoker,preservation,24,5,19
Iashiak,silvermoon,472,evoker,preservation,12,5,7
Traumflügel,teldrassil,472,evoker,preservation,12,5,7
Fricandela,sanguino,472,evoker,preservation,18,5,13
Schüppchên,antonidas,471,evoker,preservation,16,6,10
Valasthor,argent-dawn,469,evoker,preservation,18,5,13
Incarnevoke,ravencrest,463,evoker,preservation,11,5,6
Thyriån,kazzak,447,evoker,preservation,11,5,6
Missnorway,blackmoore,447,evoker,preservation,11,5,6
Яссон,howling-fjord,447,evoker,preservation,14,6,8
Kássadaín,the-maelstrom,447,evoker,preservation,16,5,11
Sentos,blackmoore,447,evoker,preservation,16,5,11
Jcloud,shattered-hand,432,evoker,preservation,15,5,10
Uwulogie,tarren-mill,425,evoker,preservation,26,6,20
Grajade,dun-modr,422,evoker,preservation,15,6,9
Alrakis,kragjin,415,evoker,preservation,16,5,11
Clw,blackrock,384,evoker,preservation,6,4,2
Hîppokrates,dethecus,384,evoker,preservation,6,4,2
Rbgdragon,silvermoon,384,evoker,preservation,6,4,2
Похмуррий,gordunni,384,evoker,preservation,6,4,2
Ahnë,archimonde,384,evoker,preservation,6,4,2
Bindrasz,ahnqiraj,384,evoker,preservation,6,4,2
Variandre,ravencrest,384,evoker,preservation,6,4,2
Snàx,aggra-português,384,evoker,preservation,6,4,2
Grumes,blackmoore,384,evoker,preservation,6,4,2
Zaffira,kazzak,384,evoker,preservation,6,4,2
Killmeifucan,twisting-nether,384,evoker,preservation,6,4,2
Drangonildo,turalyon,384,evoker,preservation,6,4,2
Quasarized,ravencrest,384,evoker,preservation,6,4,2
Aymoreth,argent-dawn,384,evoker,preservation,6,4,2
Selectaa,grim-batol,384,evoker,preservation,6,4,2
Evokker,antonidas,384,evoker,preservation,12,4,8
Whatisthis,archimonde,384,evoker,preservation,12,4,8
Feradely,thrall,384,evoker,preservation,12,4,8
Killafoolz,kazzak,384,evoker,preservation,12,4,8
Epicfire,ravencrest,384,evoker,preservation,12,4,8
Giü,archimonde,384,evoker,preservation,12,4,8
Tokvoker,tarren-mill,384,evoker,preservation,12,4,8
Drakuin,ravencrest,384,evoker,preservation,12,4,8
Yaraxes,outland,384,evoker,preservation,12,4,8
Feyrbrand,ysera,384,evoker,preservation,12,4,8
Галактиг,thermaplugg,384,evoker,preservation,12,4,8
Tömmöfwarrs,archimonde,384,evoker,preservation,12,4,8
Woke,the-venture-co,384,evoker,preservation,12,4,8
Ninhursag,hyjal,384,evoker,preservation,12,4,8
Zelenobelata,neptulon,384,evoker,preservation,12,4,8
Toílet,blackmoore,384,evoker,preservation,12,4,8
Azdaja,blackmoore,384,evoker,preservation,12,4,8
Meyowuo,doomhammer,384,evoker,preservation,12,4,8
Larmédrio,archimonde,384,evoker,preservation,15,4,11
Dragønlord,blackrock,384,evoker,preservation,18,4,14
Multytür,antonidas,384,evoker,preservation,18,4,14
Lohis,grim-batol,384,evoker,preservation,18,4,14
Aldien,antonidas,384,evoker,preservation,18,4,14
Belzilian,dalaran,384,evoker,preservation,18,4,14
Effrt,ravencrest,384,evoker,preservation,18,4,14
Dractharion,blackrock,384,evoker,preservation,18,4,14
Fogwing,ravencrest,384,evoker,preservation,18,4,14
Firelizardxd,archimonde,384,evoker,preservation,24,4,20
Кефтыме,soulflayer,383,evoker,preservation,6,4,2
Nicnacx,stormscale,383,evoker,preservation,6,4,2
Timeshifter,stormscale,383,evoker,preservation,6,4,2
Tisik,terokkar,383,evoker,preservation,6,4,2
Renistra,argent-dawn,383,evoker,preservation,12,4,8
Сантанико,grom,383,evoker,preservation,12,4,8
Pavel,steamwheedle-cartel,383,evoker,preservation,12,4,8
Flawxy,blackmoore,383,evoker,preservation,12,4,8
Ignisaureus,silvermoon,383,evoker,preservation,12,4,8
Pureshot,archimonde,383,evoker,preservation,12,4,8
Batmanjasii,eredar,383,evoker,preservation,12,4,8
Dracarÿs,outland,383,evoker,preservation,12,4,8
Yaldthion,dun-modr,383,evoker,preservation,18,4,14
Ddraig,thunderhorn,383,evoker,preservation,18,4,14
Steadyop,doomhammer,382,evoker,preservation,6,4,2
Dolceprada,stormscale,381,evoker,preservation,12,4,8
Младодуб,soulflayer,381,evoker,preservation,30,4,26
Dragonboss,doomhammer,380,evoker,preservation,12,4,8
Мизурион,gordunni,379,evoker,preservation,12,4,8
Ekko,nethersturm,379,evoker,preservation,13,4,9
Rãptør,tarren-mill,367,evoker,preservation,11,4,7
Nevagonafly,archimonde,351,evoker,preservation,10,6,4
Sinastral,sanguino,350,evoker,preservation,11,4,7
Lycêrâ,antonidas,330,evoker,preservation,9,6,3
Breathkiller,stormscale,330,evoker,preservation,10,6,4
Caida,stormscale,330,evoker,preservation,12,5,7
Zarog,frostwolf,303,evoker,preservation,7,4,3
Soø,kazzak,288,evoker,preservation,6,3,3
Qiasyr,hyjal,288,evoker,preservation,6,3,3
Trixvoke,ragnaros,288,evoker,preservation,6,3,3
Flâneur,ysondre,288,evoker,preservation,6,3,3
Evokimag,grim-batol,288,evoker,preservation,6,3,3
Dokkamok,hyjal,288,evoker,preservation,6,3,3
Limbimpi,twilights-hammer,288,evoker,preservation,6,3,3
Zordrach,quelthalas,288,evoker,preservation,6,3,3
Mvoker,blackmoore,288,evoker,preservation,6,3,3
Släshés,ravencrest,288,evoker,preservation,6,3,3
Pfuffi,steamwheedle-cartel,288,evoker,preservation,6,3,3
Kanketo,ravencrest,288,evoker,preservation,6,3,3
Margouillat,ysondre,288,evoker,preservation,6,3,3
Cauter,draenor,288,evoker,preservation,6,3,3
Rippo,tarren-mill,288,evoker,preservation,6,3,3
Noogon,outland,288,evoker,preservation,6,3,3
Ivokerz,tarren-mill,288,evoker,preservation,6,3,3
Jackarlys,outland,288,evoker,preservation,6,3,3
Konstraz,kazzak,288,evoker,preservation,6,3,3
Jmý,tarren-mill,288,evoker,preservation,6,3,3
Asrwea,draenor,288,evoker,preservation,6,3,3
Morddragonx,draenor,288,evoker,preservation,6,3,3
Azwel,khaz-modan,288,evoker,preservation,6,3,3
Pruttburk,draenor,288,evoker,preservation,6,3,3
Niffdra,twisting-nether,288,evoker,preservation,6,3,3
Gloris,aegwynn,288,evoker,preservation,6,3,3
Morkek,dun-modr,288,evoker,preservation,6,3,3
Meezyevo,ragnaros,288,evoker,preservation,6,3,3
Keizal,twisting-nether,288,evoker,preservation,6,3,3
Ceroxs,aegwynn,288,evoker,preservation,6,3,3
Alicendre,hyjal,288,evoker,preservation,6,3,3
Notadvanced,draenor,288,evoker,preservation,6,3,3
Nezruslfarm,cthun,288,evoker,preservation,6,3,3
Tactician,stormreaver,288,evoker,preservation,6,3,3
Ramilbest,ravencrest,288,evoker,preservation,6,3,3
Espâgnøl,hyjal,288,evoker,preservation,6,3,3
Моралдракон,soulflayer,288,evoker,preservation,6,3,3
Saphiraa,lightnings-blade,288,evoker,preservation,6,3,3
Renalia,blackrock,288,evoker,preservation,6,3,3
Shôrty,ravencrest,288,evoker,preservation,6,3,3
Iso,ravencrest,288,evoker,preservation,6,3,3
Waytwohigh,ravencrest,288,evoker,preservation,6,3,3
Axuli,blackrock,288,evoker,preservation,6,3,3
Speckjarrow,blackrock,288,evoker,preservation,6,3,3
Знамядрак,soulflayer,288,evoker,preservation,6,3,3
Botomforgold,ravencrest,288,evoker,preservation,6,3,3
Suirz,sanguino,288,evoker,preservation,9,4,5
Tetrís,blackhand,288,evoker,preservation,12,3,9
Zenda,turalyon,288,evoker,preservation,12,3,9
Khaliy,blackrock,288,evoker,preservation,12,3,9
Taktcik,archimonde,288,evoker,preservation,12,3,9
Monftroglou,archimonde,288,evoker,preservation,12,3,9
Cadwalader,blades-edge,288,evoker,preservation,12,3,9
Reelona,silvermoon,288,evoker,preservation,12,3,9
Burndaddy,dun-modr,288,evoker,preservation,12,3,9
Edgybeb,archimonde,288,evoker,preservation,12,3,9
Siigge,draenor,288,evoker,preservation,12,3,9
Phillip,tarren-mill,288,evoker,preservation,12,3,9
Mundyr,sylvanas,288,evoker,preservation,12,3,9
Bemil,twisting-nether,288,evoker,preservation,12,3,9
Боевойхомякд,howling-fjord,288,evoker,preservation,12,3,9
Elderruan,shattered-hand,288,evoker,preservation,12,3,9
Vaníliasodó,ragnaros,288,evoker,preservation,12,3,9
Moltenazo,dun-modr,288,evoker,preservation,13,3,10
Милеис,soulflayer,287,evoker,preservation,6,3,3
Delta,blackhand,287,evoker,preservation,6,3,3
Elexatra,hyjal,287,evoker,preservation,12,3,9
Òhrabzack,blackmoore,286,evoker,preservation,24,3,21
Valystrá,die-aldor,285,evoker,preservation,24,3,21
Kelisthrasa,antonidas,284,evoker,preservation,12,3,9
Quarsilly,frostwolf,271,evoker,preservation,11,3,8
Trellie,die-aldor,255,evoker,preservation,11,3,8
Smoochbumble,argent-dawn,240,evoker,preservation,9,3,6
Agnî,sanguino,240,evoker,preservation,9,3,6
Nêrifiel,hyjal,239,evoker,preservation,5,3,2
Cxsmetic,antonidas,233,evoker,preservation,15,4,11
Provôker,tarren-mill,223,evoker,preservation,8,3,5
Ятутглавный,howling-fjord,208,evoker,preservation,7,3,4
Baranzion,twisting-nether,207,evoker,preservation,8,3,5
Exitelolx,blackrock,192,evoker,preservation,4,3,1
Dragonlol,stormscale,192,evoker,preservation,6,2,4
Evozilla,blackrock,192,evoker,preservation,6,2,4
Maudragosa,blackmoore,192,evoker,preservation,6,2,4
Rngmåchinè,ravencrest,192,evoker,preservation,6,2,4
Frogzey,kazzak,192,evoker,preservation,6,2,4
Adriia,ravencrest,192,evoker,preservation,6,2,4
Vermithors,ravencrest,192,evoker,preservation,6,2,4
Sloeez,kazzak,192,evoker,preservation,6,2,4
Drunkvoker,stormscale,192,evoker,preservation,6,2,4
Überflieger,blackmoore,192,evoker,preservation,6,2,4
Azurog,blackmoore,192,evoker,preservation,6,2,4
Voldermort,ravencrest,192,evoker,preservation,6,2,4
Nordomu,silvermoon,192,evoker,preservation,6,2,4
Cousinbetty,defias-brotherhood,192,evoker,preservation,6,2,4
Sénkú,silvermoon,192,evoker,preservation,6,2,4
Shinad,ravencrest,192,evoker,preservation,6,2,4
Asunarion,silvermoon,192,evoker,preservation,6,2,4
Campus,blackrock,192,evoker,preservation,6,2,4
Crazylucifer,kazzak,192,evoker,preservation,6,2,4
Garussy,draenor,192,evoker,preservation,6,2,4
Freesckretx,archimonde,192,evoker,preservation,6,2,4
Glurak,stormscale,192,evoker,preservation,6,2,4
Nyxion,shattered-halls,192,evoker,preservation,6,2,4
Puzzles,ravencrest,192,evoker,preservation,6,2,4
Змийх,gordunni,192,evoker,preservation,6,2,4
Лфграб,howling-fjord,192,evoker,preservation,6,2,4
Иванза,howling-fjord,192,evoker,preservation,6,2,4
Dno,archimonde,192,evoker,preservation,6,2,4
Gryrdrid,draenor,192,evoker,preservation,6,2,4
Notdasilva,twisting-nether,192,evoker,preservation,6,2,4
Zendervish,draenor,192,evoker,preservation,6,2,4
Sheràqt,blackrock,192,evoker,preservation,6,2,4
Matyas,tarren-mill,192,evoker,preservation,6,2,4
Arbîter,eredar,192,evoker,preservation,6,2,4
Soondeleted,eredar,192,evoker,preservation,6,2,4
Dragonzo,arathor,192,evoker,preservation,6,2,4
Язычник,thermaplugg,192,evoker,preservation,6,2,4
Mistime,twisting-nether,192,evoker,preservation,6,2,4
Solutionevok,aegwynn,192,evoker,preservation,6,2,4
Glurakk,aegwynn,192,evoker,preservation,6,2,4
Chalgoumax,ysondre,192,evoker,preservation,6,2,4
Youzfull,blackrock,192,evoker,preservation,6,2,4
Lììn,hyjal,192,evoker,preservation,12,2,10
Dráthír,blackrock,192,evoker,preservation,12,2,10
Teyvoker,blackmoore,192,evoker,preservation,12,2,10
Margouillax,archimonde,192,evoker,preservation,12,2,10
Wuschwuscha,thrall,192,evoker,preservation,12,2,10
Flametender,silvermoon,192,evoker,preservation,12,2,10
Pico,madmortem,192,evoker,preservation,12,2,10
Rhäegal,kaelthas,192,evoker,preservation,12,2,10
Rhaenaya,tarren-mill,192,evoker,preservation,12,2,10
Djage,kazzak,192,evoker,preservation,14,2,12
Copíum,silvermoon,192,evoker,preservation,18,2,16
Mjoke,the-maelstrom,192,evoker,preservation,18,2,16
Dracipsouk,drakthul,192,evoker,preservation,18,2,16
Macdrac,area-52,192,evoker,preservation,18,2,16
Drackial,zuljin,191,evoker,preservation,6,2,4
Yuyux,sanguino,191,evoker,preservation,6,2,4
Morpheuzx,tarren-mill,191,evoker,preservation,6,2,4
Sinnkra,argent-dawn,191,evoker,preservation,6,2,4
Ясосалочка,howling-fjord,191,evoker,preservation,6,2,4
Azza,uldum,191,evoker,preservation,12,2,10
Flameclaw,argent-dawn,191,evoker,preservation,12,2,10
Viorias,argent-dawn,191,evoker,preservation,27,2,25
Тримони,soulflayer,175,evoker,preservation,11,4,7
Kynirà,magtheridon,159,evoker,preservation,5,2,3
Eldrax,emerald-dream,159,evoker,preservation,5,2,3
Taynia,stormscale,144,evoker,preservation,9,2,7
Stinka,blackmoore,138,evoker,preservation,9,5,4
Asharys,argent-dawn,138,evoker,preservation,17,4,13
Primepewpew,ragnaros,138,evoker,preservation,15,3,12
Tizuki,twisting-nether,138,evoker,preservation,16,3,13
Zzaazaa,argent-dawn,137,evoker,preservation,10,3,7
Zuhana,twisting-nether,127,evoker,preservation,4,2,2
Marcelproust,burning-legion,127,evoker,preservation,4,2,2
Tályn,twisting-nether,96,evoker,preservation,6,1,5
Tokidormi,nemesis,96,evoker,preservation,6,1,5
Brystrasza,quelthalas,96,evoker,preservation,6,1,5
Breathpitt,blackrock,96,evoker,preservation,6,1,5
Ch,ghostlands,96,evoker,preservation,6,1,5
Gwindora,azjolnerub,96,evoker,preservation,6,1,5
Drgn,blackhand,96,evoker,preservation,6,1,5
Drakenballen,ragnaros,96,evoker,preservation,6,1,5
Ajjemen,outland,96,evoker,preservation,6,1,5
Bisxcuit,dun-modr,96,evoker,preservation,6,1,5
Oogabuga,outland,96,evoker,preservation,6,1,5
Awienz,kazzak,96,evoker,preservation,6,1,5
Dragonpro,kazzak,96,evoker,preservation,6,1,5
Hizzo,burning-legion,96,evoker,preservation,6,1,5
Xqa,hyjal,96,evoker,preservation,6,1,5
Larrykoopa,hyjal,96,evoker,preservation,6,1,5
Louzard,draenor,96,evoker,preservation,6,1,5
Yaboismok,burning-legion,96,evoker,preservation,6,1,5
Charovoker,blackmoore,96,evoker,preservation,6,1,5
Drachenlord,alakir,96,evoker,preservation,6,1,5
Jouke,dentarg,96,evoker,preservation,6,1,5
Foldoudoune,archimonde,96,evoker,preservation,6,1,5
Rickastley,ragnaros,96,evoker,preservation,6,1,5
Dewi,anachronos,96,evoker,preservation,6,1,5
Азивокер,howling-fjord,96,evoker,preservation,6,1,5
Kaezmasterx,blackrock,96,evoker,preservation,6,1,5
Mulqahdiiv,archimonde,96,evoker,preservation,6,1,5
Смехокрыл,deathguard,96,evoker,preservation,6,1,5
Huangzhang,burning-legion,96,evoker,preservation,6,1,5
Chocodragon,blackmoore,96,evoker,preservation,6,1,5
Lumberdrake,stormscale,96,evoker,preservation,6,1,5
Pavelito,ysondre,96,evoker,preservation,6,1,5
Kedel,tarren-mill,96,evoker,preservation,6,1,5
Ceerdrogo,twisting-nether,96,evoker,preservation,9,1,8
Tatsuki,arthas,96,evoker,preservation,12,1,11
Baddragonxxl,sylvanas,96,evoker,preservation,12,1,11
Mefedrone,argent-dawn,96,evoker,preservation,12,1,11
Duveloker,dragonblight,96,evoker,preservation,12,1,11
Sopollina,draenor,96,evoker,preservation,12,1,11
Vänesiä,sylvanas,96,evoker,preservation,12,1,11
Vullgred,sylvanas,96,evoker,preservation,12,1,11
Frreeyya,silvermoon,96,evoker,preservation,12,1,11
Heidrun,ravenholdt,95,evoker,preservation,6,1,5
Fluffykoi,silvermoon,95,evoker,preservation,12,1,11
Wirenth,chogall,95,evoker,preservation,12,1,11
Blokie,silvermoon,79,evoker,preservation,5,1,4
Imend,stormscale,79,evoker,preservation,5,1,4
Aarón,der-mithrilorden,79,evoker,preservation,5,1,4
Draginy,blackrock,63,evoker,preservation,2,2,0
Dopëshow,drakthul,48,evoker,preservation,3,1,2
Faijer,blackmoore,42,evoker,preservation,10,3,7
Nickydragonx,stormscale,42,evoker,preservation,10,3,7
Flyvern,kazzak,42,evoker,preservation,8,2,6
Кеннокс,soulflayer,2177,evoker,devastation,86,49,37
Hehehihihaha,ravencrest,2141,evoker,devastation,102,51,51
Animenorgam,alakir,2126,evoker,devastation,254,151,103
Sârmikas,blackhand,2116,evoker,devastation,131,73,58
Kàido,ravencrest,2110,evoker,devastation,360,185,175
Heõ,twisting-nether,2061,evoker,devastation,237,117,120
Ryujíin,kazzak,2045,evoker,devastation,89,59,30
Rexzstrasza,eredar,2020,evoker,devastation,95,52,43
Judda,stormscale,2020,evoker,devastation,89,46,43
Drakenyasha,tarren-mill,1970,evoker,devastation,237,115,122
Meust,blackrock,1960,evoker,devastation,48,33,15
Claxy,ragnaros,1952,evoker,devastation,72,38,34
Babodrake,blackhand,1952,evoker,devastation,79,34,45
Twodeep,blackrock,1951,evoker,devastation,129,66,63
Diznutz,kazzak,1945,evoker,devastation,108,54,54
Wexvoker,darksorrow,1936,evoker,devastation,109,59,50
Darkssoul,outland,1932,evoker,devastation,96,52,44
Myxker,burning-legion,1922,evoker,devastation,77,36,41
Dracohfeu,archimonde,1913,evoker,devastation,82,44,38
Evodraxx,hyjal,1911,evoker,devastation,72,32,40
Brokz,twisting-nether,1906,evoker,devastation,110,56,54
Nerfmeplze,outland,1898,evoker,devastation,80,40,40
Нерфсрочно,gordunni,1897,evoker,devastation,240,117,123
Ízma,ravencrest,1894,evoker,devastation,192,99,93
Edvoker,twisting-nether,1875,evoker,devastation,120,62,58
Lesgrossman,ravencrest,1870,evoker,devastation,42,26,16
Ipanicsoar,tarren-mill,1869,evoker,devastation,128,64,64
Nigesaurus,burning-legion,1862,evoker,devastation,39,21,18
Enzetrius,argent-dawn,1861,evoker,devastation,36,22,14
Oontäälihis,ravencrest,1859,evoker,devastation,163,86,77
Atoll,scarshield-legion,1858,evoker,devastation,55,29,26
Lizardbøi,blackhand,1855,evoker,devastation,72,37,35
Silvior,outland,1854,evoker,devastation,60,29,31
Hëroinhenry,tarren-mill,1853,evoker,devastation,66,44,22
Frozendragon,twisting-nether,1849,evoker,devastation,45,32,13
Xzvoker,kazzak,1848,evoker,devastation,134,67,67
Ryuu,mazrigos,1848,evoker,devastation,65,30,35
Balthinar,argent-dawn,1846,evoker,devastation,66,31,35
Calygosa,antonidas,1843,evoker,devastation,36,23,13
Advancedboy,archimonde,1839,evoker,devastation,69,32,37
Sagrax,silvermoon,1835,evoker,devastation,68,40,28
Valdrakon,doomhammer,1834,evoker,devastation,72,43,29
Kamehaméha,outland,1834,evoker,devastation,57,30,27
Mizamiza,blackrock,1832,evoker,devastation,142,75,67
Korvi,ravencrest,1830,evoker,devastation,44,25,19
Keñwøød,ysondre,1829,evoker,devastation,56,27,29
Azorgaron,outland,1827,evoker,devastation,36,23,13
Irvethius,argent-dawn,1822,evoker,devastation,203,103,100
Tremmérz,outland,1821,evoker,devastation,66,34,32
Bigmacfrite,ysondre,1821,evoker,devastation,88,45,43
Дракшотик,soulflayer,1817,evoker,devastation,30,19,11
Jamzyevoker,emerald-dream,1816,evoker,devastation,49,26,23
Juhadormu,stormreaver,1815,evoker,devastation,66,34,32
Ryuujin,outland,1815,evoker,devastation,66,30,36
Amadeusx,ravencrest,1810,evoker,devastation,55,30,25
Zmej,twisting-nether,1807,evoker,devastation,60,27,33
Sleyvoker,draenor,1806,evoker,devastation,42,26,16
Дарратель,gordunni,1806,evoker,devastation,195,106,89
Sintharion,ravencrest,1806,evoker,devastation,109,59,50
Wuiflyta,dun-modr,1805,evoker,devastation,65,29,36
Infopaki,stormscale,1804,evoker,devastation,61,37,24
Apacstrasza,ragnaros,1803,evoker,devastation,128,64,64
Lidldragon,argent-dawn,1801,evoker,devastation,32,23,9
Драгонтьма,gordunni,1793,evoker,devastation,77,38,39
Avë,kazzak,1790,evoker,devastation,77,39,38
Shaze,zuljin,1788,evoker,devastation,59,39,20
Rahzk,twisting-nether,1788,evoker,devastation,48,28,20
Eldunaries,argent-dawn,1786,evoker,devastation,135,68,67
Аксиомх,soulflayer,1786,evoker,devastation,60,29,31
Sloeez,kazzak,1782,evoker,devastation,48,24,24
Nazyr,blackhand,1765,evoker,devastation,60,32,28
Sawk,archimonde,1762,evoker,devastation,102,63,39
Obbwoke,ravencrest,1760,evoker,devastation,84,44,40
Верестраз,howling-fjord,1746,evoker,devastation,72,34,38
Mørningstãr,ragnaros,1744,evoker,devastation,48,28,20
Jamiewing,ravencrest,1730,evoker,devastation,171,89,82
Ларенил,gordunni,1729,evoker,devastation,72,32,40
Elbozo,kazzak,1726,evoker,devastation,57,30,27
Jeannedebruj,ravencrest,1725,evoker,devastation,165,81,84
Whaazzdragon,tarren-mill,1724,evoker,devastation,30,18,12
Melodio,outland,1723,evoker,devastation,66,40,26
Kymaíra,hyjal,1716,evoker,devastation,48,22,26
Tetsú,tarren-mill,1714,evoker,devastation,96,56,40
Kôlaghan,archimonde,1713,evoker,devastation,35,20,15
Zendaÿa,silvermoon,1713,evoker,devastation,60,29,31
Ceerdrogo,twisting-nether,1705,evoker,devastation,42,23,19
Famouszorc,sanguino,1704,evoker,devastation,168,96,72
Rokki,blackrock,1702,evoker,devastation,88,48,40
Evøkergøðx,outland,1700,evoker,devastation,127,63,64
Гневиан,eversong,1694,evoker,devastation,186,96,90
Cybraxq,kazzak,1692,evoker,devastation,30,18,12
Хетсв,gordunni,1691,evoker,devastation,96,55,41
Hollowbreath,sanguino,1685,evoker,devastation,221,107,114
Duvahkahr,ragnaros,1683,evoker,devastation,57,28,29
Lurkî,blackhand,1678,evoker,devastation,48,21,27
Merkels,blackmoore,1676,evoker,devastation,413,209,204
Ruinastrasza,silvermoon,1672,evoker,devastation,205,104,101
Amnevoker,dalaran,1671,evoker,devastation,30,18,12
Cinnannoe,tarren-mill,1670,evoker,devastation,151,85,66
Скорукх,gordunni,1657,evoker,devastation,78,45,33
Фиамниэль,gordunni,1655,evoker,devastation,48,22,26
Дреадди,soulflayer,1654,evoker,devastation,84,43,41
Sadlylate,dentarg,1654,evoker,devastation,96,48,48
Yuhabahha,kazzak,1653,evoker,devastation,166,87,79
Dragonandyy,blackrock,1648,evoker,devastation,136,75,61
Drákon,dalaran,1647,evoker,devastation,141,75,66
Dispelgodx,eredar,1647,evoker,devastation,42,20,22
Hanoostrasz,tarren-mill,1646,evoker,devastation,129,70,59
Dracoli,eredar,1646,evoker,devastation,91,48,43
Sürion,grim-batol,1642,evoker,devastation,72,39,33
Ясъелинеры,gordunni,1640,evoker,devastation,54,31,23
Инсейнмэн,soulflayer,1639,evoker,devastation,151,81,70
Tezkaz,blackmoore,1639,evoker,devastation,283,145,138
Draxxys,blackmoore,1637,evoker,devastation,66,33,33
Dragonide,draenor,1636,evoker,devastation,35,20,15
Serulyon,draenor,1636,evoker,devastation,90,46,44
Voklath,kazzak,1636,evoker,devastation,61,30,31
Hyperan,twisting-nether,1635,evoker,devastation,82,40,42
Rzektwo,eredar,1634,evoker,devastation,54,24,30
Aegón,uldum,1633,evoker,devastation,90,41,49
Niddhøgg,ragnaros,1632,evoker,devastation,36,21,15
Stefanosxios,bloodfeather,1632,evoker,devastation,137,75,62
Papayoyo,draenor,1630,evoker,devastation,156,75,81
Crueh,outland,1628,evoker,devastation,36,17,19
Drôgon,archimonde,1627,evoker,devastation,71,36,35
Saintly,kult-der-verdammten,1627,evoker,devastation,66,33,33
Meust,destromath,1627,evoker,devastation,42,20,22
Deathdream,stormscale,1627,evoker,devastation,36,17,19
Eskavoker,kazzak,1623,evoker,devastation,36,22,14
Aclysia,outland,1622,evoker,devastation,42,23,19
Грринч,deathweaver,1619,evoker,devastation,94,49,45
Саммеракс,gordunni,1619,evoker,devastation,60,25,35
Mazaw,burning-legion,1613,evoker,devastation,72,41,31
Batsquatch,argent-dawn,1612,evoker,devastation,36,23,13
Drazam,blackrock,1612,evoker,devastation,94,55,39
Zapaflap,silvermoon,1612,evoker,devastation,119,65,54
Homeoffice,zenedar,1611,evoker,devastation,60,29,31
Bakspek,kilrogg,1610,evoker,devastation,36,24,12
Mommystrasza,dentarg,1610,evoker,devastation,110,59,51
Släshés,ravencrest,1610,evoker,devastation,54,23,31
Bubbleblower,stormscale,1609,evoker,devastation,28,19,9
Леерустан,howling-fjord,1609,evoker,devastation,44,26,18
Ysterja,darkspear,1608,evoker,devastation,42,31,11
Denegos,sylvanas,1606,evoker,devastation,66,40,26
Drakshoff,khaz-modan,1606,evoker,devastation,265,142,123
Skùzito,ysondre,1606,evoker,devastation,36,19,17
Ludwoker,tarren-mill,1605,evoker,devastation,67,44,23
Lizarduck,tarren-mill,1605,evoker,devastation,52,26,26
Пивнаябошка,soulflayer,1603,evoker,devastation,36,19,17
Delorraine,burning-legion,1602,evoker,devastation,30,17,13
Мнякуня,howling-fjord,1600,evoker,devastation,46,24,22
Спайрок,gordunni,1600,evoker,devastation,158,78,80
Drakeflaps,lightnings-blade,1599,evoker,devastation,30,18,12
Soleric,drakthul,1599,evoker,devastation,121,57,64
Flâneur,ysondre,1596,evoker,devastation,59,26,33
Углекислот,howling-fjord,1595,evoker,devastation,78,35,43
Krothus,outland,1590,evoker,devastation,124,67,57
Ðø,antonidas,1589,evoker,devastation,35,18,17
Lagerstrasza,stormreaver,1582,evoker,devastation,48,25,23
Draguzee,draenor,1579,evoker,devastation,60,35,25
Varagon,rexxar,1578,evoker,devastation,71,38,33
Voldermort,ravencrest,1574,evoker,devastation,83,48,35
Shumma,frostmane,1572,evoker,devastation,93,42,51
Paarthursnax,tarren-mill,1570,evoker,devastation,29,18,11
Øxyom,archimonde,1570,evoker,devastation,46,27,19
Lumberdrake,stormscale,1564,evoker,devastation,52,29,23
Woasid,outland,1563,evoker,devastation,48,30,18
Ocanada,draenor,1563,evoker,devastation,84,45,39
Telepathy,ravencrest,1562,evoker,devastation,35,22,13
Fyndassil,blackrock,1562,evoker,devastation,83,30,53
Touchmywings,ravencrest,1560,evoker,devastation,24,17,7
Gle,ragnaros,1558,evoker,devastation,84,38,46
Dractaris,khaz-modan,1557,evoker,devastation,42,19,23
Аймбадикабтв,howling-fjord,1555,evoker,devastation,72,33,39
Devoxz,tarren-mill,1554,evoker,devastation,54,30,24
Archdragon,argent-dawn,1554,evoker,devastation,121,62,59
Kaskala,dun-morogh,1552,evoker,devastation,30,18,12
Zkrdrgn,kazzak,1551,evoker,devastation,42,23,19
Parisinka,silvermoon,1549,evoker,devastation,411,215,196
Лабриса,galakrond,1547,evoker,devastation,266,134,132
Ch,ghostlands,1546,evoker,devastation,47,22,25
Gämeovêrkïd,archimonde,1544,evoker,devastation,83,47,36
Kayly,twisting-nether,1540,evoker,devastation,42,29,13
Øseria,khaz-modan,1540,evoker,devastation,148,85,63
Haltorr,ravencrest,1538,evoker,devastation,48,21,27
Tiganj,silvermoon,1536,evoker,devastation,48,31,17
Hellvarg,twisting-nether,1536,evoker,devastation,54,33,21
Emmagosa,argent-dawn,1536,evoker,devastation,114,61,53
Shimmerscale,blackhand,1533,evoker,devastation,111,60,51
Gasparievok,sylvanas,1533,evoker,devastation,165,85,80
Hömeöffice,sylvanas,1532,evoker,devastation,50,26,24
Màlakir,chogall,1531,evoker,devastation,53,25,28
Merqury,ravencrest,1529,evoker,devastation,24,16,8
Tõyz,tarren-mill,1527,evoker,devastation,36,22,14
Evokimag,grim-batol,1527,evoker,devastation,36,17,19
Swapxyevo,ravencrest,1525,evoker,devastation,30,16,14
Филлид,gordunni,1525,evoker,devastation,43,19,24
Pêengei,blackrock,1524,evoker,devastation,84,42,42
Badrig,silvermoon,1523,evoker,devastation,210,112,98
Ольменго,fordragon,1523,evoker,devastation,44,18,26
Spýröo,kazzak,1522,evoker,devastation,108,67,41
Hyperflexx,blackrock,1521,evoker,devastation,30,16,14
Cûddles,hyjal,1521,evoker,devastation,138,70,68
Dikkondrus,twisting-nether,1520,evoker,devastation,109,57,52
Bindrasz,ahnqiraj,1520,evoker,devastation,36,16,20
Фаламэйн,soulflayer,1516,evoker,devastation,42,23,19
Skywitch,ragnaros,1516,evoker,devastation,84,40,44
Savaithnir,draenor,1513,evoker,devastation,30,16,14
Lilpooper,bloodhoof,1508,evoker,devastation,61,32,29
Lazurius,ravencrest,1507,evoker,devastation,54,26,28
Голденджо,gordunni,1506,evoker,devastation,94,51,43
Draghad,blackmoore,1506,evoker,devastation,75,37,38
Phanex,bloodhoof,1506,evoker,devastation,66,28,38
Beeragos,deathwing,1504,evoker,devastation,36,18,18
Yol,bladefist,1503,evoker,devastation,84,40,44
Ironwing,sanguino,1502,evoker,devastation,456,234,222
Drãco,auchindoun,1494,evoker,devastation,72,26,46
Gaargaveko,blackmoore,1493,evoker,devastation,36,18,18
Zaralek,stormscale,1490,evoker,devastation,24,16,8
Agnî,sanguino,1490,evoker,devastation,82,40,42
Дракарион,ashenvale,1488,evoker,devastation,24,16,8
Kaynyxia,argent-dawn,1487,evoker,devastation,45,25,20
Deadlyvok,zenedar,1486,evoker,devastation,24,16,8
Bodytypechad,ravencrest,1482,evoker,devastation,60,32,28
Dracyan,taerar,1479,evoker,devastation,42,24,18
Fogwing,ravencrest,1478,evoker,devastation,71,38,33
Arbylegion,outland,1478,evoker,devastation,118,63,55
Chuckyy,archimonde,1476,evoker,devastation,54,30,24
Piyuli,silvermoon,1475,evoker,devastation,49,27,22
Aesstrass,hyjal,1473,evoker,devastation,77,36,41
Draakoñ,outland,1473,evoker,devastation,42,18,24
Dowaa,tarren-mill,1473,evoker,devastation,48,20,28
Dragorus,stormscale,1472,evoker,devastation,81,41,40
Magmarôs,argent-dawn,1468,evoker,devastation,110,63,47
Rowzy,sylvanas,1468,evoker,devastation,148,77,71
Motloh,ravencrest,1468,evoker,devastation,42,20,22
Shenronblue,bloodscalp,1465,evoker,devastation,30,16,14
Ken,la-croisade-écarlate,1465,evoker,devastation,231,118,113
Temeraire,argent-dawn,1463,evoker,devastation,42,22,20
Nuvese,tarren-mill,1459,evoker,devastation,48,19,29
Норимида,soulflayer,1457,evoker,devastation,85,49,36
Mölnlycke,twisting-nether,1457,evoker,devastation,53,29,24
Baroqs,antonidas,1456,evoker,devastation,24,18,6
Простокоршун,howling-fjord,1456,evoker,devastation,30,20,10
Nagoli,silvermoon,1456,evoker,devastation,52,27,25
Grillkylling,outland,1454,evoker,devastation,69,38,31
Кунидракон,gordunni,1453,evoker,devastation,86,40,46
Burnrate,draenor,1453,evoker,devastation,38,16,22
Malfoyer,arathor,1452,evoker,devastation,54,30,24
Ghiscar,dentarg,1451,evoker,devastation,102,50,52
Xtdrakaris,uldum,1450,evoker,devastation,568,284,284
Glennett,silvermoon,1447,evoker,devastation,34,17,17
Madeinhæven,ravencrest,1439,evoker,devastation,52,23,29
Паунфаунд,eversong,1435,evoker,devastation,96,45,51
Tayrona,sanguino,1434,evoker,devastation,38,21,17
Feyrbrand,ysera,1434,evoker,devastation,92,48,44
Drunkino,aegwynn,1432,evoker,devastation,60,31,29
Drakea,sanguino,1432,evoker,devastation,98,49,49
Pippomale,nemesis,1431,evoker,devastation,48,25,23
Йормунгандка,soulflayer,1429,evoker,devastation,39,20,19
Дракарус,soulflayer,1429,evoker,devastation,30,15,15
Lizzar,ravencrest,1428,evoker,devastation,36,19,17
Shoggoth,chogall,1428,evoker,devastation,293,148,145
Firebutt,argent-dawn,1425,evoker,devastation,84,52,32
Yoshinora,archimonde,1424,evoker,devastation,36,19,17
Dreek,emerald-dream,1423,evoker,devastation,30,20,10
Уфдрактир,howling-fjord,1423,evoker,devastation,60,28,32
Дыханиеочка,howling-fjord,1423,evoker,devastation,48,22,26
Elitedraach,tarren-mill,1421,evoker,devastation,29,15,14
Tibimbo,blackrock,1418,evoker,devastation,98,51,47
Drackial,zuljin,1418,evoker,devastation,72,32,40
Freaksy,blackmoore,1417,evoker,devastation,27,16,11
Yála,anetheron,1416,evoker,devastation,232,116,116
Eldraegosa,argent-dawn,1415,evoker,devastation,36,16,20
Solandor,kazzak,1411,evoker,devastation,24,15,9
Smegma,norgannon,1411,evoker,devastation,36,18,18
Caliss,archimonde,1409,evoker,devastation,77,40,37
Dracsona,twisting-nether,1405,evoker,devastation,42,20,22
Flügelnix,blackmoore,1401,evoker,devastation,59,28,31
Draconz,stormrage,1399,evoker,devastation,42,21,21
Hornytail,doomhammer,1398,evoker,devastation,52,26,26
Vagar,garona,1394,evoker,devastation,66,33,33
Childofdawn,blackmoore,1392,evoker,devastation,60,36,24
Dreamfyrez,dun-modr,1391,evoker,devastation,60,29,31
Xéíoín,kazzak,1388,evoker,devastation,90,48,42
Héaven,nemesis,1387,evoker,devastation,33,18,15
Ouaitamaman,draenor,1386,evoker,devastation,30,15,15
Kuve,stormscale,1386,evoker,devastation,81,39,42
Kroqmoo,drekthar,1386,evoker,devastation,79,38,41
Tályn,twisting-nether,1385,evoker,devastation,48,25,23
Honz,antonidas,1380,evoker,devastation,49,23,26
Keeqo,silvermoon,1378,evoker,devastation,54,33,21
Cuufizix,silvermoon,1377,evoker,devastation,70,38,32
Nathraakhza,argent-dawn,1375,evoker,devastation,48,26,22
Dratheon,dun-modr,1375,evoker,devastation,39,20,19
Dragondeezs,silvermoon,1370,evoker,devastation,33,17,16
Nurilla,twisting-nether,1370,evoker,devastation,54,27,27
Ксдз,soulflayer,1369,evoker,devastation,66,32,34
Kirinde,draenor,1368,evoker,devastation,30,19,11
Юнигоса,soulflayer,1368,evoker,devastation,54,28,26
Avizz,tarren-mill,1365,evoker,devastation,45,23,22
Kaìdo,tarren-mill,1365,evoker,devastation,48,21,27
Hazzèr,blackrock,1361,evoker,devastation,228,115,113
Sakade,archimonde,1359,evoker,devastation,66,22,44
Драгтир,blackscar,1355,evoker,devastation,76,45,31
Loveheart,die-aldor,1354,evoker,devastation,63,31,32
Nazalath,eonar,1354,evoker,devastation,106,51,55
Marvok,bloodfeather,1351,evoker,devastation,127,55,72
Saragoza,kirin-tor,1350,evoker,devastation,30,15,15
Ferante,ragnaros,1346,evoker,devastation,131,60,71
Thyriån,kazzak,1344,evoker,devastation,42,19,23
Дракшотик,blackscar,1343,evoker,devastation,18,14,4
Oudwood,onyxia,1343,evoker,devastation,42,16,26
Zsyntra,blackmoore,1342,evoker,devastation,73,29,44
Juicyjeffe,blackrock,1341,evoker,devastation,18,14,4
Ønce,durotan,1341,evoker,devastation,30,14,16
Tokzestra,hyjal,1340,evoker,devastation,110,56,54
Galanix,argent-dawn,1338,evoker,devastation,24,14,10
Thebigsmoke,lightbringer,1337,evoker,devastation,124,67,57
Yaboismok,burning-legion,1336,evoker,devastation,53,23,30
Potéto,rashgarroth,1334,evoker,devastation,72,31,41
Kuhi,twisting-nether,1328,evoker,devastation,48,21,27
Karnâks,silvermoon,1326,evoker,devastation,30,16,14
Димадракон,gordunni,1321,evoker,devastation,58,37,21
Batmanjasii,eredar,1318,evoker,devastation,35,19,16
Darthagos,outland,1317,evoker,devastation,24,14,10
Zenda,turalyon,1316,evoker,devastation,114,57,57
Yantaî,hyjal,1315,evoker,devastation,48,30,18
Tenshà,nemesis,1314,evoker,devastation,71,35,36
Dakir,blackmoore,1312,evoker,devastation,38,26,12
Seryphys,blackhand,1312,evoker,devastation,54,27,27
Favill,blackhand,1312,evoker,devastation,69,30,39
Enzospatalo,nemesis,1310,evoker,devastation,32,18,14
Füjür,dun-modr,1309,evoker,devastation,42,20,22
Nochance,dentarg,1305,evoker,devastation,102,51,51
Sharaxis,blackmoore,1304,evoker,devastation,48,27,21
Shyke,draenor,1304,evoker,devastation,54,30,24
Алексатэтсуя,ashenvale,1302,evoker,devastation,47,25,22
Darktempest,onyxia,1300,evoker,devastation,66,32,34
Wôpz,archimonde,1299,evoker,devastation,48,27,21
Draxone,malfurion,1297,evoker,devastation,54,33,21
Camilis,archimonde,1296,evoker,devastation,50,23,27
Yaldthion,dun-modr,1295,evoker,devastation,54,24,30
Thavion,forscherliga,1291,evoker,devastation,30,14,16
Лечулечу,blackscar,1287,evoker,devastation,104,46,58
Душнот,fordragon,1283,evoker,devastation,65,35,30
Skabaluga,blackrock,1283,evoker,devastation,54,26,28
Airbourne,sanguino,1280,evoker,devastation,38,18,20
Dragonaked,silvermoon,1279,evoker,devastation,78,38,40
Gharløk,outland,1276,evoker,devastation,80,43,37
Драганайт,gordunni,1274,evoker,devastation,94,58,36
Shmog,stormscale,1272,evoker,devastation,41,15,26
Ayders,khaz-modan,1270,evoker,devastation,156,76,80
Aintnospyro,silvermoon,1267,evoker,devastation,54,23,31
Raagnar,kazzak,1266,evoker,devastation,60,29,31
Ppiaxx,dalaran,1263,evoker,devastation,30,15,15
Itisabuse,antonidas,1262,evoker,devastation,36,18,18
Echoker,stormscale,1261,evoker,devastation,31,16,15
Llael,blackhand,1259,evoker,devastation,86,36,50
Коляомон,gordunni,1256,evoker,devastation,71,38,33
Minikuja,culte-de-la-rive-noire,1256,evoker,devastation,368,194,174
Emayra,argent-dawn,1253,evoker,devastation,23,14,9
Hyunastraza,dalaran,1251,evoker,devastation,39,20,19
Jaimery,ravencrest,1247,evoker,devastation,18,13,5
Orazur,hyjal,1247,evoker,devastation,18,13,5
Snoby,onyxia,1247,evoker,devastation,164,71,93
Notadvanced,draenor,1246,evoker,devastation,24,13,11
Evojøa,tarren-mill,1246,evoker,devastation,24,13,11
Steeken,haomarush,1246,evoker,devastation,129,59,70
Серцедраконн,gordunni,1246,evoker,devastation,83,37,46
Veo,aggra-português,1244,evoker,devastation,42,20,22
Доракарис,deathweaver,1243,evoker,devastation,42,20,22
Wircea,kazzak,1241,evoker,devastation,24,15,9
Syraxxes,sanguino,1240,evoker,devastation,24,13,11
Nyedrak,kilrogg,1239,evoker,devastation,18,13,5
Tilwahlzok,pozzo-delleternità,1234,evoker,devastation,24,13,11
Snitties,tarren-mill,1234,evoker,devastation,34,14,20
Шотнутый,soulflayer,1233,evoker,devastation,57,30,27
Dèéz,ravencrest,1232,evoker,devastation,20,14,6
Aeryz,burning-legion,1230,evoker,devastation,42,13,29
Naömi,archimonde,1227,evoker,devastation,24,13,11
Xendrag,silvermoon,1227,evoker,devastation,96,45,51
Bloodspiral,tarren-mill,1226,evoker,devastation,24,13,11
Tazouu,marécage-de-zangar,1223,evoker,devastation,30,20,10
Rafale,the-maelstrom,1222,evoker,devastation,66,32,34
Sleepnot,argent-dawn,1215,evoker,devastation,24,15,9
Kássadaín,the-maelstrom,1214,evoker,devastation,42,18,24
Алыйкиви,howling-fjord,1213,evoker,devastation,57,32,25
Рептилойдина,howling-fjord,1213,evoker,devastation,106,53,53
Dragoncloak,blackrock,1209,evoker,devastation,106,59,47
Isizzu,draenor,1205,evoker,devastation,73,37,36
Evokíng,argent-dawn,1204,evoker,devastation,144,69,75
Razthyr,twisting-nether,1201,evoker,devastation,70,33,37
Rufistraz,burning-legion,1200,evoker,devastation,67,29,38
Xfckd,ragnaros,1199,evoker,devastation,60,28,32
Dracofeuxd,archimonde,1198,evoker,devastation,27,13,14
Wingit,frostmane,1187,evoker,devastation,36,21,15
Mesmerìze,khaz-modan,1185,evoker,devastation,30,14,16
Гекаш,soulflayer,1185,evoker,devastation,42,14,28
Ryújín,blackhand,1183,evoker,devastation,29,13,16
Папиич,soulflayer,1176,evoker,devastation,59,21,38
Firaxis,kazzak,1173,evoker,devastation,60,32,28
Dopëshow,drakthul,1170,evoker,devastation,36,20,16
Rhel,the-maelstrom,1170,evoker,devastation,30,15,15
Drakô,festung-der-stürme,1168,evoker,devastation,41,16,25
Nebulai,silvermoon,1167,evoker,devastation,37,17,20
Iolite,dun-modr,1165,evoker,devastation,90,47,43
Lugarius,gilneas,1164,evoker,devastation,41,23,18
Abcxqt,hyjal,1164,evoker,devastation,46,24,22
Leyca,outland,1158,evoker,devastation,66,25,41
Evosker,zuljin,1155,evoker,devastation,65,24,41
Kmzi,twisting-nether,1151,evoker,devastation,24,12,12
Deny,frostmane,1150,evoker,devastation,18,12,6
Paizz,tarren-mill,1149,evoker,devastation,18,12,6
Thorhygos,sinstralis,1147,evoker,devastation,21,13,8
Imwhite,doomhammer,1144,evoker,devastation,48,22,26
Туймаада,soulflayer,1141,evoker,devastation,18,12,6
Storhorn,silvermoon,1141,evoker,devastation,36,12,24
Gissthebuzzy,dun-modr,1138,evoker,devastation,24,12,12
Ekko,nethersturm,1136,evoker,devastation,54,30,24
Scathethrel,draenor,1135,evoker,devastation,24,12,12
Ignisaureus,silvermoon,1133,evoker,devastation,30,13,17
Bæxo,blackrock,1129,evoker,devastation,30,12,18
Antistrasza,argent-dawn,1125,evoker,devastation,33,15,18
Hijeon,ravencrest,1121,evoker,devastation,30,12,18
Dragomakry,blackmoore,1118,evoker,devastation,54,30,24
Lektar,eredar,1118,evoker,devastation,29,13,16
Deathdula,draenor,1117,evoker,devastation,30,14,16
Dranke,silvermoon,1115,evoker,devastation,85,45,40
Flaminghot,stormreaver,1115,evoker,devastation,275,144,131
Mirazare,khadgar,1112,evoker,devastation,63,31,32
Clueless,nemesis,1112,evoker,devastation,29,12,17
Jelboen,draenor,1111,evoker,devastation,34,19,15
Rytoshi,medivh,1111,evoker,devastation,78,28,50
Azzul,teldrassil,1110,evoker,devastation,31,16,15
Iordred,kazzak,1104,evoker,devastation,24,12,12
Theredpepper,outland,1104,evoker,devastation,30,12,18
Ahiresegyfej,ragnaros,1099,evoker,devastation,84,43,41
Canitabravar,cthun,1091,evoker,devastation,60,31,29
Dàenérys,hyjal,1089,evoker,devastation,48,31,17
Morsan,tichondrius,1089,evoker,devastation,31,16,15
Dragis,die-aldor,1088,evoker,devastation,36,17,19
Crygon,outland,1086,evoker,devastation,42,17,25
Fruhans,tarren-mill,1080,evoker,devastation,29,15,14
Padrepì,nemesis,1078,evoker,devastation,18,13,5
Rîncêwind,uldum,1076,evoker,devastation,48,30,18
Ferdibaba,aegwynn,1076,evoker,devastation,80,32,48
Lago,gorgonnash,1075,evoker,devastation,78,40,38
Syraxis,shadowsong,1074,evoker,devastation,28,12,16
Kirkgon,terokkar,1073,evoker,devastation,48,19,29
Draganeel,frostwolf,1073,evoker,devastation,54,17,37
Raktoy,frostwolf,1071,evoker,devastation,70,28,42
Akúda,blackhand,1069,evoker,devastation,42,20,22
Sethos,dalaran,1068,evoker,devastation,36,13,23
Дархо,goldrinn,1059,evoker,devastation,36,21,15
Fabrizios,blackrock,1055,evoker,devastation,24,11,13
Валказар,gordunni,1055,evoker,devastation,36,14,22
Dragônslayer,amanthul,1054,evoker,devastation,24,14,10
Krazuntus,argent-dawn,1054,evoker,devastation,24,11,13
Pêrcevâl,archimonde,1053,evoker,devastation,24,11,13
Калесгоз,howling-fjord,1053,evoker,devastation,24,11,13
Dragonlia,blackrock,1052,evoker,devastation,18,11,7
Lonte,hyjal,1052,evoker,devastation,18,11,7
Lecutos,sunstrider,1052,evoker,devastation,18,11,7
Алрад,gordunni,1051,evoker,devastation,21,12,9
Daboc,tarren-mill,1051,evoker,devastation,74,30,44
Скозложёп,ashenvale,1051,evoker,devastation,30,11,19
Мизурион,gordunni,1044,evoker,devastation,36,24,12
Dovakin,arathi,1043,evoker,devastation,20,12,8
Starblazed,defias-brotherhood,1040,evoker,devastation,48,30,18
Otr,draenor,1037,evoker,devastation,72,29,43
Krithdow,terokkar,1031,evoker,devastation,23,13,10
Elorand,ulduar,1025,evoker,devastation,78,29,49
Pedogos,outland,1016,evoker,devastation,75,31,44
Draqthyr,frostmane,1015,evoker,devastation,23,11,12
Rieper,twisting-nether,1009,evoker,devastation,223,106,117
Drakridarn,kazzak,999,evoker,devastation,29,11,18
Mallor,kirin-tor,990,evoker,devastation,36,14,22
Julerion,draenor,984,evoker,devastation,42,26,16
Deskölorio,shendralar,978,evoker,devastation,22,13,9
Ewoky,ravencrest,976,evoker,devastation,30,12,18
Vucashi,blackhand,974,evoker,devastation,46,18,28
Ashlàr,earthen-ring,969,evoker,devastation,66,28,38
Arella,mannoroth,968,evoker,devastation,225,112,113
Billyhassan,stormscale,960,evoker,devastation,12,10,2
Bläckrow,tarren-mill,960,evoker,devastation,12,10,2
Rhegal,auchindoun,960,evoker,devastation,12,10,2
Soondeleted,eredar,960,evoker,devastation,18,10,8
Spicylizard,stormscale,960,evoker,devastation,18,10,8
Kiwí,antonidas,960,evoker,devastation,18,10,8
Azustraza,ysondre,960,evoker,devastation,24,10,14
Lùñe,hyjal,959,evoker,devastation,12,10,2
Jinthyr,anachronos,959,evoker,devastation,12,10,2
Bal,arakarahm,959,evoker,devastation,18,10,8
Terradòr,die-aldor,959,evoker,devastation,18,10,8
Hästdrake,the-maelstrom,959,evoker,devastation,30,10,20
Капрал,gordunni,958,evoker,devastation,12,10,2
Drevo,nemesis,958,evoker,devastation,12,10,2
Волккейн,soulflayer,958,evoker,devastation,18,10,8
Maccen,twisting-nether,955,evoker,devastation,18,10,8
Danaval,blackhand,955,evoker,devastation,18,10,8
Dragonhero,arygos,955,evoker,devastation,108,57,51
Malithyr,blackmoore,954,evoker,devastation,12,10,2
Cxsmetic,antonidas,954,evoker,devastation,18,10,8
Magalàs,pozzo-delleternità,954,evoker,devastation,18,10,8
Grajade,dun-modr,954,evoker,devastation,18,10,8
Shenlongoat,ravencrest,952,evoker,devastation,18,10,8
Boulior,defias-brotherhood,952,evoker,devastation,24,10,14
Akaitzu,blackmoore,950,evoker,devastation,18,10,8
Fullyndra,archimonde,950,evoker,devastation,24,10,14
Lizzardhero,kazzak,948,evoker,devastation,24,10,14
Shenrøn,garona,937,evoker,devastation,41,18,23
Scalo,kazzak,935,evoker,devastation,17,10,7
Oeos,dragonblight,932,evoker,devastation,89,35,54
Jkrowlingxox,ravencrest,928,evoker,devastation,36,17,19
Leskano,aegwynn,923,evoker,devastation,30,14,16
Быковскии,howling-fjord,920,evoker,devastation,72,39,33
Drakkisat,archimonde,918,evoker,devastation,34,17,17
Vanima,forscherliga,916,evoker,devastation,30,16,14
Azza,uldum,912,evoker,devastation,36,14,22
Stormydude,doomhammer,907,evoker,devastation,24,13,11
Tendoker,ragnaros,888,evoker,devastation,17,10,7
Sleipnyr,garrosh,888,evoker,devastation,60,27,33
Donairian,doomhammer,886,evoker,devastation,63,31,32
Blazinamazin,korgall,884,evoker,devastation,22,10,12
Acedragniir,khaz-modan,883,evoker,devastation,30,16,14
Tenkenfutsu,elune,879,evoker,devastation,100,41,59
Dahwi,blackmoore,876,evoker,devastation,47,20,27
Disizmaju,silvermoon,873,evoker,devastation,36,18,18
Lifestrasza,drakthul,868,evoker,devastation,13,10,3
Uglylizard,stormscale,864,evoker,devastation,12,9,3
Yimvoker,blackrock,864,evoker,devastation,18,9,9
Pinacóladaqt,stormscale,864,evoker,devastation,18,9,9
Ralfferion,auchindoun,864,evoker,devastation,18,9,9
Drataniel,draenor,864,evoker,devastation,18,9,9
Пласедусакс,soulflayer,863,evoker,devastation,12,9,3
Dratsch,blackhand,863,evoker,devastation,12,9,3
Zalizopuz,tarren-mill,863,evoker,devastation,18,9,9
Рогатыйдебик,gordunni,863,evoker,devastation,18,9,9
Féféledragon,archimonde,863,evoker,devastation,18,9,9
Luu,the-maelstrom,863,evoker,devastation,18,9,9
Setutekh,argent-dawn,863,evoker,devastation,24,9,15
Akumaryu,blackrock,862,evoker,devastation,12,9,3
Runednmf,kazzak,862,evoker,devastation,18,9,9
Abehethan,archimonde,862,evoker,devastation,18,9,9
Nanderoza,the-maelstrom,861,evoker,devastation,12,9,3
Copíum,silvermoon,859,evoker,devastation,30,9,21
Dschíses,malganis,858,evoker,devastation,18,9,9
Karistrasza,sylvanas,854,evoker,devastation,24,9,15
Дрэгшторм,gordunni,851,evoker,devastation,12,9,3
Scalash,drakthul,848,evoker,devastation,66,32,34
Флардикас,gordunni,842,evoker,devastation,24,9,15
Xatures,twisting-nether,832,evoker,devastation,24,14,10
Sivaas,arathi,832,evoker,devastation,60,29,31
Dragotar,malygos,832,evoker,devastation,121,58,63
Thebabayag,kazzak,823,evoker,devastation,24,10,14
Crynerf,ravencrest,817,evoker,devastation,84,39,45
Dragneêl,nozdormu,803,evoker,devastation,27,10,17
Alusiedrake,ravencrest,768,evoker,devastation,12,8,4
Tsunamì,ysondre,768,evoker,devastation,12,8,4
Dromar,malganis,768,evoker,devastation,12,8,4
Zephlas,sunstrider,768,evoker,devastation,12,8,4
Gloombloom,emeriss,768,evoker,devastation,13,8,5
Súnny,archimonde,768,evoker,devastation,15,8,7
Zp,kazzak,768,evoker,devastation,18,8,10
Nekrosdrake,tarren-mill,768,evoker,devastation,18,8,10
Lulvoker,blackrock,768,evoker,devastation,18,8,10
Jibobo,the-maelstrom,768,evoker,devastation,18,8,10
Mazakqt,draenor,768,evoker,devastation,18,8,10
Garussy,draenor,768,evoker,devastation,18,8,10
Elastrasza,burning-blade,767,evoker,devastation,12,8,4
Iblvicanfly,stormscale,767,evoker,devastation,12,8,4
Fayral,blackmoore,767,evoker,devastation,12,8,4
Балерия,blackscar,767,evoker,devastation,12,8,4
Balerioon,draenor,767,evoker,devastation,12,8,4
Tooltipshow,ragnaros,767,evoker,devastation,18,8,10
Shazag,ragnaros,767,evoker,devastation,18,8,10
Deathwingx,sylvanas,767,evoker,devastation,18,8,10
Aiakès,marécage-de-zangar,766,evoker,devastation,12,8,4
Flypzz,stormscale,766,evoker,devastation,18,8,10
Flawxy,blackmoore,766,evoker,devastation,18,8,10
Koris,arakarahm,765,evoker,devastation,12,8,4
Saratharion,argent-dawn,764,evoker,devastation,24,8,16
Ogienoddech,silvermoon,762,evoker,devastation,18,8,10
Zerotales,turalyon,755,evoker,devastation,12,8,4
Drakenballen,ragnaros,755,evoker,devastation,15,8,7
Viorias,argent-dawn,751,evoker,devastation,24,8,16
Davioncz,thunderhorn,749,evoker,devastation,12,8,4
Dantex,ravencrest,719,evoker,devastation,15,8,7
Dimethyr,silvermoon,716,evoker,devastation,31,9,22
Iíiìl,silvermoon,702,evoker,devastation,14,8,6
Dramec,dun-morogh,700,evoker,devastation,14,8,6
Zyevoker,silvermoon,687,evoker,devastation,13,8,5
Gonzalo,dun-modr,672,evoker,devastation,12,7,5
Ernesti,draenor,672,evoker,devastation,12,7,5
Jaykvoker,kazzak,672,evoker,devastation,12,7,5
Zettaflare,nazjatar,672,evoker,devastation,12,7,5
Knööz,antonidas,672,evoker,devastation,12,7,5
Hodnsak,blackmoore,672,evoker,devastation,12,7,5
Arecibo,tarren-mill,672,evoker,devastation,12,7,5
Styxev,blackhand,672,evoker,devastation,12,7,5
Sebek,archimonde,672,evoker,devastation,12,7,5
Flythe,silvermoon,672,evoker,devastation,12,7,5
Schmoker,stormscale,672,evoker,devastation,12,7,5
Эбиб,gordunni,672,evoker,devastation,12,7,5
Cascadia,deathwing,672,evoker,devastation,15,8,7
Zaradreth,grim-batol,672,evoker,devastation,18,7,11
Kda,die-nachtwache,672,evoker,devastation,18,7,11
Glurakk,aegwynn,672,evoker,devastation,18,7,11
Drexxe,boulderfist,672,evoker,devastation,24,7,17
Evoslaps,norgannon,671,evoker,devastation,12,7,5
Jarhys,draenor,671,evoker,devastation,12,7,5
Zhannezza,kazzak,671,evoker,devastation,12,7,5
Kábutø,antonidas,671,evoker,devastation,12,7,5
Dreadnés,runetotem,671,evoker,devastation,12,7,5
Gosuvoker,eredar,671,evoker,devastation,12,7,5
Ayon,frostwhisper,671,evoker,devastation,12,7,5
Dracofion,ravencrest,671,evoker,devastation,12,7,5
Mijähh,taerar,671,evoker,devastation,18,7,11
Chck,ragnaros,671,evoker,devastation,18,7,11
Лавеон,gordunni,671,evoker,devastation,18,7,11
Stalkhyr,elune,671,evoker,devastation,18,7,11
Wurm,shadowsong,670,evoker,devastation,12,7,5
Azzazed,dun-modr,670,evoker,devastation,12,7,5
Draclight,nemesis,670,evoker,devastation,12,7,5
Ryuniss,argent-dawn,670,evoker,devastation,12,7,5
Bullseiye,silvermoon,670,evoker,devastation,18,7,11
Enemi,twisting-nether,669,evoker,devastation,14,9,5
Flapant,archimonde,668,evoker,devastation,18,7,11
Kvothe,malygos,668,evoker,devastation,18,7,11
Craichead,defias-brotherhood,667,evoker,devastation,18,7,11
Антиброник,gordunni,666,evoker,devastation,12,7,5
Аверьятор,fordragon,663,evoker,devastation,18,7,11
Flameclaw,argent-dawn,657,evoker,devastation,12,7,5
Chrysaetor,argent-dawn,657,evoker,devastation,12,7,5
Kayizer,archimonde,657,evoker,devastation,12,7,5
Evokah,der-abyssische-rat,655,evoker,devastation,23,7,16
Draknil,ysondre,640,evoker,devastation,16,7,9
Auchedrax,argent-dawn,639,evoker,devastation,14,8,6
Shenrøn,defias-brotherhood,639,evoker,devastation,34,7,27
Zharas,nemesis,623,evoker,devastation,11,7,4
Zpartadraga,ragnaros,584,evoker,devastation,9,8,1
Tholanía,baelgun,576,evoker,devastation,6,6,0
Henmon,defias-brotherhood,576,evoker,devastation,6,6,0
Kallistian,argent-dawn,576,evoker,devastation,6,6,0
Khimari,xavius,576,evoker,devastation,12,6,6
Gendowyn,draenor,576,evoker,devastation,12,6,6
Puffdaddyxd,twisting-nether,576,evoker,devastation,12,6,6
Gorgonn,cthun,576,evoker,devastation,12,6,6
Charezard,draenor,576,evoker,devastation,12,6,6
Selectaa,grim-batol,576,evoker,devastation,12,6,6
Emptynuts,ravencrest,576,evoker,devastation,12,6,6
Hørnythyria,hyjal,576,evoker,devastation,12,6,6
Dracalos,silvermoon,576,evoker,devastation,12,6,6
Nørgan,die-aldor,576,evoker,devastation,12,6,6
Scalewind,twisting-nether,576,evoker,devastation,12,6,6
Gwamalak,archimonde,576,evoker,devastation,12,6,6
Xendragon,kazzak,576,evoker,devastation,12,6,6
Orangechkn,ravencrest,576,evoker,devastation,12,6,6
Terrorclaw,ragnaros,576,evoker,devastation,12,6,6
Mattyastrasz,hyjal,576,evoker,devastation,12,6,6
Croker,ravencrest,576,evoker,devastation,18,6,12
Митокада,soulflayer,576,evoker,devastation,18,6,12
Salk,stormscale,576,evoker,devastation,18,6,12
Barneyxx,tarren-mill,576,evoker,devastation,24,6,18
Ágarosz,sanguino,575,evoker,devastation,12,6,6
Drdrake,aszune,575,evoker,devastation,12,6,6
Alèd,hyjal,575,evoker,devastation,12,6,6
Drokki,burning-legion,575,evoker,devastation,12,6,6
Zuhana,twisting-nether,575,evoker,devastation,12,6,6
Chunlooi,baelgun,575,evoker,devastation,12,6,6
Meyowuo,doomhammer,575,evoker,devastation,14,6,8
Малесиндра,gordunni,575,evoker,devastation,18,6,12
Uprover,kazzak,575,evoker,devastation,18,6,12
Mazzg,blackmoore,574,evoker,devastation,21,7,14
Morph,talnivarr,574,evoker,devastation,18,6,12
Kharon,garrosh,574,evoker,devastation,24,6,18
Geckonen,stormreaver,573,evoker,devastation,18,6,12
Faijer,blackmoore,572,evoker,devastation,12,6,6
Dragorona,kult-der-verdammten,572,evoker,devastation,12,6,6
Voraxe,draenor,568,evoker,devastation,12,6,6
Torrik,drakthul,565,evoker,devastation,12,6,6
Эллъис,gordunni,544,evoker,devastation,34,7,27
Sebiker,ravencrest,543,evoker,devastation,12,8,4
Molem,defias-brotherhood,543,evoker,devastation,11,6,5
Cenca,blackmoore,543,evoker,devastation,11,6,5
Lilvorki,silvermoon,543,evoker,devastation,17,6,11
Hekatonshire,hyjal,539,evoker,devastation,11,6,5
Argentrenard,twilights-hammer,526,evoker,devastation,11,6,5
Rise,tarren-mill,522,evoker,devastation,12,7,5
Somntersu,argent-dawn,511,evoker,devastation,14,7,7
Côlt,twisting-nether,480,evoker,devastation,6,5,1
Chronougi,ravencrest,480,evoker,devastation,6,5,1
Tovaro,xavius,480,evoker,devastation,6,5,1
Zendervish,draenor,480,evoker,devastation,6,5,1
Elvarg,ragnaros,480,evoker,devastation,6,5,1
Hösh,elune,480,evoker,devastation,6,5,1
Streetspyro,ravencrest,480,evoker,devastation,6,5,1
Wuschwuscha,thrall,480,evoker,devastation,12,5,7
Dracnass,silvermoon,480,evoker,devastation,12,5,7
Pandagos,archimonde,480,evoker,devastation,12,5,7
Skulblakas,blackmoore,480,evoker,devastation,12,5,7
Drgndeznuts,kazzak,480,evoker,devastation,12,5,7
Spyro,bloodfeather,480,evoker,devastation,12,5,7
Nerõ,thrall,480,evoker,devastation,12,5,7
Arbîter,eredar,480,evoker,devastation,12,5,7
Ripgódx,bronzebeard,480,evoker,devastation,12,5,7
Cooperevoker,blackrock,480,evoker,devastation,12,5,7
Chàrizàd,archimonde,480,evoker,devastation,12,5,7
Monstrosity,proudmoore,480,evoker,devastation,12,5,7
Niddhog,antonidas,480,evoker,devastation,12,5,7
Predictrash,archimonde,480,evoker,devastation,12,5,7
Pavelito,ysondre,480,evoker,devastation,12,5,7
Сансетшторм,gordunni,480,evoker,devastation,12,5,7
Rekinn,tarren-mill,480,evoker,devastation,12,5,7
Icyevoker,ravencrest,480,evoker,devastation,12,5,7
Arqeltzha,ravencrest,480,evoker,devastation,12,5,7
Jetfqds,archimonde,480,evoker,devastation,18,5,13
Rikji,blackmoore,480,evoker,devastation,18,5,13
Magicae,drakthul,479,evoker,devastation,12,5,7
Vermithors,ravencrest,479,evoker,devastation,12,5,7
Драккалис,eversong,479,evoker,devastation,12,5,7
Кайрэс,gordunni,479,evoker,devastation,12,5,7
Tremola,twisting-nether,479,evoker,devastation,15,6,9
Gypsydrake,tarren-mill,447,evoker,devastation,14,6,8
Drominus,die-silberne-hand,384,evoker,devastation,6,4,2
Hungryhank,ragnaros,384,evoker,devastation,6,4,2
Gulimvoker,aegwynn,384,evoker,devastation,6,4,2
Theralon,tarren-mill,384,evoker,devastation,6,4,2
Ceenaastra,ragnaros,384,evoker,devastation,6,4,2
Dyrokan,blackhand,384,evoker,devastation,6,4,2
Blamdrake,blackhand,384,evoker,devastation,6,4,2
Skiora,argent-dawn,384,evoker,devastation,6,4,2
Kárás,silvermoon,384,evoker,devastation,6,4,2
Штеци,howling-fjord,384,evoker,devastation,6,4,2
Nózdormuwu,argent-dawn,384,evoker,devastation,12,4,8
Jrmdragik,kaelthas,384,evoker,devastation,12,4,8
Nynnaydoth,drakthul,384,evoker,devastation,12,4,8
Draceon,argent-dawn,384,evoker,devastation,12,4,8
Pentraktar,pozzo-delleternità,384,evoker,devastation,12,4,8
Vrèsh,blackrock,384,evoker,devastation,12,4,8
Darkshadow,eldrethalas,384,evoker,devastation,12,4,8
Fueu,draenor,384,evoker,devastation,12,4,8
Gazunkle,draenor,384,evoker,devastation,12,4,8
Dralija,sylvanas,384,evoker,devastation,12,4,8
Huangzhang,burning-legion,384,evoker,devastation,12,4,8
Tigurius,onyxia,384,evoker,devastation,12,4,8
Spyróò,ravencrest,384,evoker,devastation,12,4,8
Spyyrø,sanguino,384,evoker,devastation,12,4,8
Ãbl,silvermoon,384,evoker,devastation,12,4,8
Умгак,gordunni,384,evoker,devastation,12,4,8
Caomanjin,silvermoon,383,evoker,devastation,6,4,2
Wjörm,outland,383,evoker,devastation,6,4,2
Jamesdouglas,eredar,383,evoker,devastation,6,4,2
Bombrush,ragnaros,383,evoker,devastation,9,5,4
Ominobari,silvermoon,383,evoker,devastation,18,4,14
Sheego,anetheron,382,evoker,devastation,6,4,2
Calonddraig,turalyon,382,evoker,devastation,6,4,2
Deimong,khaz-modan,381,evoker,devastation,12,4,8
Quicksmoke,argent-dawn,379,evoker,devastation,21,6,15
Dracsamdi,tarren-mill,367,evoker,devastation,11,4,7
Crispywingz,draenor,366,evoker,devastation,11,4,7
Otøgí,antonidas,351,evoker,devastation,11,4,7
Renalia,blackrock,351,evoker,devastation,14,5,9
Belkavoker,zirkel-des-cenarius,319,evoker,devastation,5,4,1
Darksmouke,forscherliga,319,evoker,devastation,8,4,4
Spyrothedrag,outland,319,evoker,devastation,8,4,4
Навидх,howling-fjord,288,evoker,devastation,6,3,3
Shåmsse,kazzak,288,evoker,devastation,6,3,3
Iëemanjâä,dalaran,288,evoker,devastation,6,3,3
Feinerkerl,blackmoore,288,evoker,devastation,6,3,3
Lìshrá,baelgun,288,evoker,devastation,6,3,3
Ughvoker,kazzak,288,evoker,devastation,6,3,3
Drakodêd,drakthul,288,evoker,devastation,6,3,3
Норус,howling-fjord,288,evoker,devastation,6,3,3
Adônis,malorne,288,evoker,devastation,6,3,3
Psheetae,kazzak,288,evoker,devastation,6,3,3
Тектрис,howling-fjord,288,evoker,devastation,6,3,3
Drachenwut,aegwynn,288,evoker,devastation,6,3,3
Devictxd,ragnaros,288,evoker,devastation,6,3,3
Azurog,blackmoore,288,evoker,devastation,6,3,3
Dalsath,silvermoon,288,evoker,devastation,6,3,3
Гиперзверь,gordunni,288,evoker,devastation,6,3,3
Griefgodx,draenor,288,evoker,devastation,6,3,3
Ðragøn,argent-dawn,288,evoker,devastation,6,3,3
Nakavoker,arygos,288,evoker,devastation,6,3,3
Louzard,draenor,288,evoker,devastation,6,3,3
Hateroll,ravencrest,288,evoker,devastation,6,3,3
Lajra,ragnaros,288,evoker,devastation,6,3,3
Kitoed,aegwynn,288,evoker,devastation,6,3,3
Malowux,outland,288,evoker,devastation,6,3,3
Silverscale,ragnaros,288,evoker,devastation,6,3,3
Драмуся,gordunni,288,evoker,devastation,6,3,3
Mollÿ,sanguino,288,evoker,devastation,6,3,3
Эндемический,soulflayer,288,evoker,devastation,6,3,3
Fivebeers,silvermoon,288,evoker,devastation,6,3,3
Barney,korgall,288,evoker,devastation,6,3,3
Brovoker,sylvanas,288,evoker,devastation,6,3,3
Emeraldino,twisting-nether,288,evoker,devastation,6,3,3
Merrius,der-rat-von-dalaran,288,evoker,devastation,6,3,3
Ðragonite,frostmane,288,evoker,devastation,6,3,3
Dragenlul,tarren-mill,288,evoker,devastation,6,3,3
Purplelizard,twisting-nether,288,evoker,devastation,6,3,3
Bestofriendo,eredar,288,evoker,devastation,6,3,3
Rosiash,auchindoun,288,evoker,devastation,6,3,3
Flippmoker,argent-dawn,288,evoker,devastation,6,3,3
Keltullis,archimonde,288,evoker,devastation,6,3,3
Feldrac,ravencrest,288,evoker,devastation,6,3,3
Raøug,blackmoore,288,evoker,devastation,12,3,9
Dundrion,outland,288,evoker,devastation,12,3,9
Twinkillerx,dun-morogh,288,evoker,devastation,12,3,9
Vynestria,argent-dawn,288,evoker,devastation,12,3,9
Кмандр,gordunni,288,evoker,devastation,12,3,9
Gailliade,archimonde,288,evoker,devastation,12,3,9
Valdrakken,anubarak,288,evoker,devastation,12,3,9
Tamargon,frostwhisper,288,evoker,devastation,12,3,9
Duveloker,dragonblight,288,evoker,devastation,12,3,9
Абьюз,galakrond,288,evoker,devastation,12,3,9
Shindragøsa,ysondre,288,evoker,devastation,12,3,9
Sáróman,ravencrest,288,evoker,devastation,13,3,10
Nybxx,frostmane,288,evoker,devastation,18,3,15
Fågelskräma,silvermoon,288,evoker,devastation,18,3,15
Drakonovic,blackrock,287,evoker,devastation,6,3,3
Дракариса,eversong,287,evoker,devastation,6,3,3
Sliimshady,dalaran,287,evoker,devastation,6,3,3
Belianf,silvermoon,287,evoker,devastation,6,3,3
Drks,draenor,287,evoker,devastation,12,4,8
Aegonis,archimonde,287,evoker,devastation,12,3,9
Syccs,blackrock,255,evoker,devastation,8,4,4
Kirien,blackhand,234,evoker,devastation,22,4,18
Färsia,drakthul,223,evoker,devastation,8,3,5
Hahahahalolx,twisting-nether,192,evoker,devastation,6,2,4
Draknr,alakir,192,evoker,devastation,6,2,4
Adamâs,archimonde,192,evoker,devastation,6,2,4
Майтимаус,goldrinn,192,evoker,devastation,6,2,4
Drakary,chogall,192,evoker,devastation,6,2,4
Draaxy,twisting-nether,192,evoker,devastation,6,2,4
Kethrir,blackhand,192,evoker,devastation,6,2,4
Kandragor,antonidas,192,evoker,devastation,6,2,4
Malydra,blackhand,192,evoker,devastation,6,2,4
Norskairline,kazzak,192,evoker,devastation,6,2,4
Drogoon,ravencrest,192,evoker,devastation,6,2,4
Gelamk,twisting-nether,192,evoker,devastation,6,2,4
Babbendrakar,grim-batol,192,evoker,devastation,6,2,4
Orrub,azshara,192,evoker,devastation,6,2,4
Emiltate,ravencrest,192,evoker,devastation,6,2,4
Shenronn,zuljin,192,evoker,devastation,6,2,4
Bolgrod,dun-modr,192,evoker,devastation,6,2,4
Bittewhyally,grim-batol,192,evoker,devastation,6,2,4
Bossen,magtheridon,192,evoker,devastation,6,2,4
Natrixx,tarren-mill,192,evoker,devastation,6,2,4
Draagon,burning-legion,192,evoker,devastation,6,2,4
Sindras,frostmane,192,evoker,devastation,6,2,4
Reddeaddrago,silvermoon,192,evoker,devastation,6,2,4
Airplanepeek,draenor,192,evoker,devastation,6,2,4
Frogzey,kazzak,192,evoker,devastation,6,2,4
Oogabuga,outland,192,evoker,devastation,6,2,4
Nydolir,hyjal,192,evoker,devastation,6,2,4
Snàx,aggra-português,192,evoker,devastation,6,2,4
Twokgbananas,blackhand,192,evoker,devastation,6,2,4
Ninhursag,hyjal,192,evoker,devastation,6,2,4
Flookx,silvermoon,192,evoker,devastation,6,2,4
Grogar,hellfire,192,evoker,devastation,6,2,4
Lelemion,arathor,192,evoker,devastation,6,2,4
Ellphi,illidan,192,evoker,devastation,6,2,4
Niluslangbal,stormscale,192,evoker,devastation,6,2,4
Azzaanan,kirin-tor,192,evoker,devastation,6,2,4
Exitelolx,blackrock,192,evoker,devastation,6,2,4
Drevoker,daggerspine,192,evoker,devastation,6,2,4
Evøcado,blackmoore,192,evoker,devastation,6,2,4
Авидогх,gordunni,192,evoker,devastation,6,2,4
Chürbis,blackmoore,192,evoker,devastation,6,2,4
Монархдракон,eversong,192,evoker,devastation,7,2,5
Lubyan,pozzo-delleternità,192,evoker,devastation,18,3,15
Дракомант,eversong,192,evoker,devastation,12,2,10
Драконилья,azuregos,192,evoker,devastation,12,2,10
Czerwonooki,turalyon,192,evoker,devastation,12,2,10
Jacra,twisting-nether,192,evoker,devastation,12,2,10
Shellfire,twisting-nether,192,evoker,devastation,12,2,10
Erenhan,archimonde,192,evoker,devastation,12,2,10
Oldlizard,blackrock,192,evoker,devastation,12,2,10
Невердракон,howling-fjord,192,evoker,devastation,12,2,10
Andragosa,confrérie-du-thorium,192,evoker,devastation,12,2,10
Jpeo,blackhand,192,evoker,devastation,12,2,10
Archidrake,ravencrest,192,evoker,devastation,15,2,13
Tatsuki,arthas,192,evoker,devastation,18,2,16
Kraakraa,turalyon,191,evoker,devastation,6,2,4
Вжухкия,gordunni,159,evoker,devastation,5,2,3
Kekeri,blackhand,112,evoker,devastation,7,2,5
Tneen,stormscale,96,evoker,devastation,3,2,1
Piecemaker,malganis,96,evoker,devastation,6,1,5
Skyfire,stormscale,96,evoker,devastation,6,1,5
Redemp,kazzak,96,evoker,devastation,6,1,5
Zerario,blackhand,96,evoker,devastation,6,1,5
Dreamwing,ravencrest,96,evoker,devastation,6,1,5
Òhrabzack,blackmoore,96,evoker,devastation,6,1,5
Тренакса,soulflayer,96,evoker,devastation,6,1,5
Dracarysfire,kazzak,96,evoker,devastation,6,1,5
Shlea,kazzak,96,evoker,devastation,6,1,5
Erones,burning-blade,96,evoker,devastation,6,1,5
Zørix,hyjal,96,evoker,devastation,6,1,5
Мельхиор,booty-bay,96,evoker,devastation,6,1,5
Suba,tarren-mill,96,evoker,devastation,6,1,5
Vahamut,argent-dawn,96,evoker,devastation,6,1,5
Craycry,argent-dawn,96,evoker,devastation,6,1,5
Asharys,argent-dawn,96,evoker,devastation,6,1,5
Rawrdragon,twisting-nether,96,evoker,devastation,6,1,5
Holdya,archimonde,96,evoker,devastation,6,1,5
Devanthar,argent-dawn,96,evoker,devastation,6,1,5
Франкич,fordragon,96,evoker,devastation,6,1,5
Terrorwings,twisting-nether,96,evoker,devastation,6,1,5
Xahal,hyjal,96,evoker,devastation,6,1,5
Retyss,twisting-nether,96,evoker,devastation,6,1,5
Ronmanarmy,blackrock,96,evoker,devastation,6,1,5
Manadrake,silvermoon,96,evoker,devastation,12,1,11
Effrt,ravencrest,96,evoker,devastation,12,1,11
Setur,outland,96,evoker,devastation,12,1,11
Eosin,blackrock,96,evoker,devastation,12,1,11
Spioche,burning-legion,96,evoker,devastation,12,1,11
Provokerx,ravencrest,96,evoker,devastation,14,1,13
Evobse,silvermoon,79,evoker,devastation,5,1,4
Драгоблуд,soulflayer,79,evoker,devastation,5,1,4
Drakoonz,ravencrest,64,evoker,devastation,4,1,3
Xidalulz,sylvanas,63,evoker,devastation,2,2,0
Bulydracguir,kazzak,42,evoker,devastation,7,2,5
Chronoalis,nemesis,31,evoker,devastation,2,1,1
Âspên,archimonde,31,evoker,devastation,2,1,1
Abragan,aegwynn,31,evoker,devastation,2,1,1
Jincksevoker,anachronos,16,evoker,devastation,1,1,0
Thundermifln,nemesis,16,evoker,devastation,7,1,6
Ceitronox,argent-dawn,2148,hunter,marksmanship,102,52,50
Harrianlar,ravenholdt,1987,hunter,marksmanship,168,80,88
Olyleskotch,ravencrest,1983,hunter,marksmanship,60,31,29
Nennimi,ravencrest,1978,hunter,marksmanship,87,44,43
Мартидэн,howling-fjord,1970,hunter,marksmanship,226,113,113
Yasuohasagi,archimonde,1967,hunter,marksmanship,60,30,30
Matasso,burning-legion,1960,hunter,marksmanship,233,117,116
Stylez,emeriss,1945,hunter,marksmanship,66,35,31
Pjållistani,ravencrest,1942,hunter,marksmanship,206,108,98
Drxta,blackrock,1937,hunter,marksmanship,72,36,36
Yezzu,sylvanas,1936,hunter,marksmanship,68,34,34
Gorethaur,twisting-nether,1935,hunter,marksmanship,57,47,10
Zulthos,kazzak,1933,hunter,marksmanship,85,48,37
Wruck,echsenkessel,1929,hunter,marksmanship,126,71,55
Stavfel,kazzak,1903,hunter,marksmanship,101,50,51
Huprah,ravencrest,1901,hunter,marksmanship,126,63,63
Cadvan,nagrand,1874,hunter,marksmanship,57,31,26
Аккулэйд,blackscar,1859,hunter,marksmanship,77,35,42
Sindorian,aggra-português,1857,hunter,marksmanship,119,67,52
Samuru,auchindoun,1849,hunter,marksmanship,71,34,37
Skilachi,stormscale,1848,hunter,marksmanship,84,39,45
Chindala,zuljin,1842,hunter,marksmanship,55,27,28
Душнила,razuvious,1841,hunter,marksmanship,113,57,56
Aimywinehaus,drakthul,1840,hunter,marksmanship,60,31,29
Арамор,blackscar,1838,hunter,marksmanship,58,33,25
Warbringerx,stormscale,1837,hunter,marksmanship,52,26,26
Onlystuns,sylvanas,1831,hunter,marksmanship,89,46,43
Alêx,outland,1829,hunter,marksmanship,150,70,80
Trapsfordays,tarren-mill,1827,hunter,marksmanship,70,41,29
Evacuatur,argent-dawn,1826,hunter,marksmanship,66,33,33
Wildheárt,aegwynn,1824,hunter,marksmanship,66,35,31
Ancalarion,tarren-mill,1824,hunter,marksmanship,54,26,28
Hï,eitrigg,1819,hunter,marksmanship,72,35,37
Cenaa,ragnaros,1816,hunter,marksmanship,25,19,6
Rashoumon,zuljin,1816,hunter,marksmanship,52,35,17
Techpoint,silvermoon,1816,hunter,marksmanship,42,27,15
Hollyz,auchindoun,1816,hunter,marksmanship,36,22,14
Crôwley,twisting-nether,1816,hunter,marksmanship,54,30,24
Huntrag,tarren-mill,1815,hunter,marksmanship,271,138,133
Suchskill,stormreaver,1813,hunter,marksmanship,77,37,40
Xoarqt,aegwynn,1812,hunter,marksmanship,72,32,40
Mousysnok,ravencrest,1811,hunter,marksmanship,59,29,30
Iceyx,stormscale,1810,hunter,marksmanship,48,21,27
Лесбиянюсь,gordunni,1809,hunter,marksmanship,30,19,11
Lenooby,blades-edge,1805,hunter,marksmanship,114,59,55
Áñmy,ravencrest,1804,hunter,marksmanship,53,28,25
Aimshotx,stormscale,1801,hunter,marksmanship,48,28,20
Mogwai,stormscale,1801,hunter,marksmanship,59,29,30
Эксп,ashenvale,1801,hunter,marksmanship,43,20,23
Spirys,drakthul,1797,hunter,marksmanship,54,25,29
Играсломана,howling-fjord,1790,hunter,marksmanship,57,33,24
Åíøñs,kazzak,1778,hunter,marksmanship,35,19,16
Myice,twisting-nether,1771,hunter,marksmanship,66,36,30
Misstrap,drakthul,1769,hunter,marksmanship,53,35,18
Triggery,ravencrest,1751,hunter,marksmanship,59,32,27
Spoonfingers,ravencrest,1744,hunter,marksmanship,41,21,20
Passalaqua,aegwynn,1739,hunter,marksmanship,84,48,36
Dis,twilights-hammer,1739,hunter,marksmanship,53,26,27
Maticshorter,blackmoore,1739,hunter,marksmanship,64,31,33
Murtagh,khaz-modan,1733,hunter,marksmanship,72,37,35
Amistat,kazzak,1730,hunter,marksmanship,127,63,64
Лотариель,howling-fjord,1728,hunter,marksmanship,66,34,32
Trashcarlito,eredar,1725,hunter,marksmanship,36,23,13
Deuterium,stormscale,1723,hunter,marksmanship,42,29,13
Lègolas,sylvanas,1721,hunter,marksmanship,66,28,38
Johnreapèr,sylvanas,1719,hunter,marksmanship,107,50,57
Setyouintrap,ravencrest,1717,hunter,marksmanship,60,34,26
Hallé,frostmane,1714,hunter,marksmanship,78,43,35
Bestregards,ravencrest,1714,hunter,marksmanship,124,56,68
Mógwaí,stormscale,1710,hunter,marksmanship,72,36,36
Strikke,archimonde,1709,hunter,marksmanship,42,18,24
Dragnial,kazzak,1703,hunter,marksmanship,53,26,27
Самокаратель,gordunni,1702,hunter,marksmanship,48,33,15
Xanter,blackrock,1698,hunter,marksmanship,68,32,36
Адвентурер,howling-fjord,1697,hunter,marksmanship,120,66,54
Nutshotx,stormscale,1694,hunter,marksmanship,126,56,70
Klarix,outland,1692,hunter,marksmanship,80,40,40
Миссклик,soulflayer,1689,hunter,marksmanship,90,56,34
Dexter,ravencrest,1689,hunter,marksmanship,214,104,110
Huntsmart,kazzak,1682,hunter,marksmanship,78,34,44
Lowcaskor,turalyon,1678,hunter,marksmanship,47,26,21
Snuupz,kazzak,1675,hunter,marksmanship,60,32,28
Velrox,blackmoore,1674,hunter,marksmanship,60,30,30
Pewpewstuff,draenor,1669,hunter,marksmanship,42,22,20
Jabela,eredar,1668,hunter,marksmanship,78,35,43
Xrey,ragnaros,1665,hunter,marksmanship,99,55,44
Xzmiq,outland,1662,hunter,marksmanship,62,32,30
Pandanero,ravencrest,1660,hunter,marksmanship,36,20,16
Podroto,tyrande,1660,hunter,marksmanship,77,30,47
Eldrekou,kazzak,1657,hunter,marksmanship,48,22,26
Xawai,ragnaros,1655,hunter,marksmanship,75,30,45
Speedhack,argent-dawn,1650,hunter,marksmanship,63,35,28
Xqzmytrapz,blackrock,1650,hunter,marksmanship,36,18,18
Gunlaugr,defias-brotherhood,1648,hunter,marksmanship,45,25,20
Mfbloom,blackmoore,1646,hunter,marksmanship,66,33,33
Littlerat,kult-der-verdammten,1645,hunter,marksmanship,36,20,16
Eenel,twisting-nether,1644,hunter,marksmanship,48,26,22
Jamesie,ravencrest,1642,hunter,marksmanship,30,18,12
Rizlay,the-maelstrom,1640,hunter,marksmanship,108,50,58
Triggaz,stormscale,1637,hunter,marksmanship,83,39,44
Zeanoff,ravencrest,1636,hunter,marksmanship,54,35,19
Imfiné,outland,1634,hunter,marksmanship,48,25,23
Srsbsnshunta,kazzak,1632,hunter,marksmanship,43,24,19
Naid,lordaeron,1632,hunter,marksmanship,36,20,16
Khregan,aerie-peak,1630,hunter,marksmanship,42,18,24
Дарктеххно,howling-fjord,1629,hunter,marksmanship,36,18,18
Амореселф,gordunni,1629,hunter,marksmanship,59,25,34
Metak,auchindoun,1627,hunter,marksmanship,32,22,10
Куфачка,soulflayer,1627,hunter,marksmanship,36,17,19
Evengance,dragonblight,1624,hunter,marksmanship,66,43,23
Nidaliyae,archimonde,1624,hunter,marksmanship,42,20,22
Murkek,drakthul,1623,hunter,marksmanship,48,28,20
Desudi,tarren-mill,1623,hunter,marksmanship,83,43,40
Natchell,ysondre,1623,hunter,marksmanship,48,22,26
Травок,gordunni,1620,hunter,marksmanship,64,34,30
Buffrøgues,ravencrest,1620,hunter,marksmanship,216,105,111
Nätzz,dun-modr,1618,hunter,marksmanship,67,29,38
Chaussons,kazzak,1616,hunter,marksmanship,126,68,58
Ixxmhunt,blackrock,1616,hunter,marksmanship,54,24,30
Бипбип,galakrond,1615,hunter,marksmanship,35,20,15
Noobsnatcher,draenor,1614,hunter,marksmanship,96,51,45
Ледо,deathguard,1614,hunter,marksmanship,66,30,36
Jetay,silvermoon,1613,hunter,marksmanship,60,33,27
Arung,ravencrest,1611,hunter,marksmanship,54,25,29
Loretta,ragnaros,1609,hunter,marksmanship,47,27,20
Ремонтлицаа,gordunni,1609,hunter,marksmanship,133,72,61
Nêzz,tarren-mill,1609,hunter,marksmanship,86,38,48
Darts,outland,1608,hunter,marksmanship,82,41,41
Sizemattersx,kazzak,1608,hunter,marksmanship,124,59,65
Maverz,blackhand,1607,hunter,marksmanship,30,17,13
Crétin,archimonde,1605,hunter,marksmanship,38,20,18
Legosoldaten,stormscale,1604,hunter,marksmanship,53,21,32
Lore,hyjal,1603,hunter,marksmanship,30,19,11
Streetxpres,nethersturm,1602,hunter,marksmanship,35,19,16
Çryneth,ravencrest,1602,hunter,marksmanship,92,49,43
Rêmøórsêlês,outland,1594,hunter,marksmanship,39,19,20
Melriya,ravencrest,1593,hunter,marksmanship,58,31,27
Deathshots,ravencrest,1590,hunter,marksmanship,30,17,13
Gugenot,tarren-mill,1589,hunter,marksmanship,56,33,23
Hotshòt,silvermoon,1588,hunter,marksmanship,150,80,70
Крой,howling-fjord,1588,hunter,marksmanship,83,40,43
Bearmane,tarren-mill,1587,hunter,marksmanship,112,54,58
Vangeroth,kazzak,1584,hunter,marksmanship,344,179,165
Cryneth,twisting-nether,1583,hunter,marksmanship,63,35,28
Recrent,kazzak,1582,hunter,marksmanship,96,53,43
Шотнес,gordunni,1579,hunter,marksmanship,90,42,48
Trytoconnect,ravencrest,1577,hunter,marksmanship,78,43,35
Inayah,outland,1570,hunter,marksmanship,131,69,62
Scheixanter,drakthul,1570,hunter,marksmanship,146,72,74
Trapmanager,kazzak,1569,hunter,marksmanship,35,17,18
Kayvaal,kaelthas,1568,hunter,marksmanship,48,26,22
Jeeves,outland,1567,hunter,marksmanship,48,20,28
Hävenofün,archimonde,1565,hunter,marksmanship,58,33,25
Лисатия,gordunni,1562,hunter,marksmanship,48,22,26
Мизэрица,soulflayer,1556,hunter,marksmanship,66,32,34
Hurion,sanguino,1556,hunter,marksmanship,42,19,23
Rattentäter,alexstrasza,1554,hunter,marksmanship,66,36,30
Ekz,twisting-nether,1554,hunter,marksmanship,46,24,22
Mantinell,hellfire,1553,hunter,marksmanship,36,20,16
Sinplify,emeriss,1553,hunter,marksmanship,60,28,32
Андреймвп,galakrond,1550,hunter,marksmanship,39,19,20
Miladinorc,azjolnerub,1540,hunter,marksmanship,54,32,22
Mönster,ravenholdt,1540,hunter,marksmanship,110,60,50
Lookmyezzy,ravencrest,1535,hunter,marksmanship,32,17,15
Jup,elune,1535,hunter,marksmanship,55,21,34
Brk,dun-modr,1534,hunter,marksmanship,30,16,14
Elja,laughing-skull,1531,hunter,marksmanship,73,40,33
Mînérvá,blackhand,1530,hunter,marksmanship,60,38,22
Elonyr,sanguino,1530,hunter,marksmanship,296,145,151
Jamzyhunter,emerald-dream,1530,hunter,marksmanship,42,17,25
Elywiél,frostwolf,1526,hunter,marksmanship,41,17,24
Minisay,magtheridon,1525,hunter,marksmanship,290,144,146
Манаррия,soulflayer,1522,hunter,marksmanship,78,33,45
Kariss,khaz-modan,1521,hunter,marksmanship,143,71,72
Hardscoped,tarren-mill,1521,hunter,marksmanship,64,29,35
Jurá,perenolde,1519,hunter,marksmanship,95,46,49
Килофвратх,gordunni,1518,hunter,marksmanship,182,87,95
Eferos,quelthalas,1513,hunter,marksmanship,60,26,34
Daela,elune,1511,hunter,marksmanship,95,43,52
Crowsza,archimonde,1508,hunter,marksmanship,35,19,16
Zirilan,nemesis,1508,hunter,marksmanship,118,61,57
Dafhel,hyjal,1508,hunter,marksmanship,60,29,31
Cpflex,arthas,1508,hunter,marksmanship,76,32,44
Focushunter,outland,1506,hunter,marksmanship,64,30,34
Lebalaffré,arathi,1503,hunter,marksmanship,83,42,41
Smekminbåge,tarren-mill,1500,hunter,marksmanship,42,19,23
Хжв,ashenvale,1498,hunter,marksmanship,118,61,57
Ронингуд,gordunni,1496,hunter,marksmanship,60,32,28
Deatharow,ravencrest,1496,hunter,marksmanship,55,28,27
Хальвеген,gordunni,1493,hunter,marksmanship,276,138,138
Tiidus,burning-legion,1492,hunter,marksmanship,24,16,8
Ravensoulz,stormscale,1492,hunter,marksmanship,30,18,12
Killitoss,blackmoore,1492,hunter,marksmanship,39,18,21
Jimbow,blackrock,1486,hunter,marksmanship,34,19,15
Bapt,blackrock,1486,hunter,marksmanship,48,21,27
Klinksz,ysondre,1485,hunter,marksmanship,37,18,19
Reyst,moonglade,1483,hunter,marksmanship,24,16,8
Vruh,antonidas,1483,hunter,marksmanship,66,34,32
Meinkoenig,frostwolf,1479,hunter,marksmanship,54,34,20
Swïtchz,hyjal,1479,hunter,marksmanship,117,59,58
Länika,ravencrest,1477,hunter,marksmanship,30,17,13
Koratoz,blackmoore,1476,hunter,marksmanship,102,60,42
Kyudo,ravencrest,1475,hunter,marksmanship,130,67,63
Шимэйла,gordunni,1474,hunter,marksmanship,97,51,46
Everya,ravencrest,1473,hunter,marksmanship,45,23,22
Афигеннски,ashenvale,1473,hunter,marksmanship,66,31,35
Emnia,argent-dawn,1470,hunter,marksmanship,78,37,41
Barnabaz,skullcrusher,1468,hunter,marksmanship,54,27,27
Yarnvid,twisting-nether,1467,hunter,marksmanship,153,81,72
Mervyl,burning-legion,1467,hunter,marksmanship,42,21,21
Epheso,daggerspine,1467,hunter,marksmanship,36,16,20
Дисконнэктор,soulflayer,1467,hunter,marksmanship,72,27,45
Thallia,todeswache,1463,hunter,marksmanship,36,18,18
Короткиствол,gordunni,1463,hunter,marksmanship,48,21,27
Bøøgy,silvermoon,1462,hunter,marksmanship,187,99,88
Jocitwitch,ragnaros,1460,hunter,marksmanship,33,17,16
Soupsoupsòup,blackmoore,1458,hunter,marksmanship,36,19,17
Вееном,gordunni,1458,hunter,marksmanship,111,51,60
Tntabsotrap,silvermoon,1455,hunter,marksmanship,82,44,38
Summa,silvermoon,1452,hunter,marksmanship,72,34,38
Скартэкс,howling-fjord,1451,hunter,marksmanship,44,30,14
Aerieshan,ravencrest,1450,hunter,marksmanship,48,27,21
Bollo,malganis,1449,hunter,marksmanship,61,29,32
Будкусломаю,grom,1447,hunter,marksmanship,77,35,42
Hunsed,sanguino,1445,hunter,marksmanship,42,26,16
Balamut,aegwynn,1445,hunter,marksmanship,83,45,38
Pickaboo,defias-brotherhood,1445,hunter,marksmanship,215,106,109
Souljâh,ravencrest,1445,hunter,marksmanship,65,32,33
Snipèr,blackmoore,1443,hunter,marksmanship,32,19,13
Carpante,nemesis,1442,hunter,marksmanship,72,34,38
Asthorio,stormscale,1442,hunter,marksmanship,89,39,50
Nanns,silvermoon,1439,hunter,marksmanship,59,29,30
Джоуе,ashenvale,1437,hunter,marksmanship,30,15,15
Luuszapfae,aegwynn,1436,hunter,marksmanship,29,16,13
Fixel,pozzo-delleternità,1436,hunter,marksmanship,54,29,25
Keskolica,outland,1436,hunter,marksmanship,60,29,31
Àfpro,hyjal,1436,hunter,marksmanship,70,32,38
Babclaar,culte-de-la-rive-noire,1435,hunter,marksmanship,36,22,14
Nagu,antonidas,1435,hunter,marksmanship,30,15,15
Mindgap,pozzo-delleternità,1435,hunter,marksmanship,116,57,59
Medgical,outland,1434,hunter,marksmanship,36,15,21
Skillzone,silvermoon,1432,hunter,marksmanship,36,15,21
Jeston,amanthul,1430,hunter,marksmanship,49,23,26
Гусецап,gordunni,1429,hunter,marksmanship,108,50,58
Valkhen,boulderfist,1428,hunter,marksmanship,42,24,18
Rex,chamber-of-aspects,1426,hunter,marksmanship,45,25,20
Роктджана,deathguard,1426,hunter,marksmanship,76,38,38
Kirimbald,blackmoore,1425,hunter,marksmanship,30,15,15
Begøne,draenor,1423,hunter,marksmanship,42,28,14
Ønske,azjolnerub,1423,hunter,marksmanship,48,25,23
Ashimaru,sylvanas,1423,hunter,marksmanship,63,31,32
Travels,tarren-mill,1422,hunter,marksmanship,131,64,67
Shootingbob,blackrock,1421,hunter,marksmanship,42,23,19
Coxxie,ragnaros,1420,hunter,marksmanship,30,15,15
Rikishot,ravencrest,1420,hunter,marksmanship,52,25,27
Nharul,blackmoore,1419,hunter,marksmanship,36,15,21
Kravên,anubarak,1417,hunter,marksmanship,63,32,31
Longblow,outland,1416,hunter,marksmanship,51,21,30
Kalima,malfurion,1416,hunter,marksmanship,72,28,44
Doubletap,ysondre,1415,hunter,marksmanship,18,15,3
Firescorpion,onyxia,1414,hunter,marksmanship,30,19,11
Argahnim,azjolnerub,1414,hunter,marksmanship,124,63,61
Aimnfire,anachronos,1411,hunter,marksmanship,73,39,34
Аскентр,gordunni,1411,hunter,marksmanship,67,31,36
Огнеборик,howling-fjord,1404,hunter,marksmanship,53,21,32
Piit,elune,1403,hunter,marksmanship,73,31,42
Abraxan,twisting-nether,1402,hunter,marksmanship,46,31,15
Scatshot,grim-batol,1401,hunter,marksmanship,24,16,8
Еввнух,gordunni,1401,hunter,marksmanship,72,31,41
Pargz,auchindoun,1399,hunter,marksmanship,24,15,9
Hiðe,archimonde,1399,hunter,marksmanship,56,28,28
Laskoo,tarren-mill,1398,hunter,marksmanship,84,45,39
Slmao,tarren-mill,1398,hunter,marksmanship,78,38,40
Darm,sunstrider,1398,hunter,marksmanship,36,15,21
Rèyz,blackhand,1393,hunter,marksmanship,117,58,59
Металшот,blackscar,1389,hunter,marksmanship,53,31,22
Plzdontrun,sylvanas,1389,hunter,marksmanship,47,24,23
Курунирка,gordunni,1388,hunter,marksmanship,42,18,24
Duckling,argent-dawn,1387,hunter,marksmanship,54,25,29
Sharpeyezz,ravencrest,1387,hunter,marksmanship,71,28,43
Bluelol,ravencrest,1386,hunter,marksmanship,82,33,49
Gwalëndil,hyjal,1384,hunter,marksmanship,66,33,33
Ensomnia,silvermoon,1382,hunter,marksmanship,24,19,5
Eledryn,bronze-dragonflight,1377,hunter,marksmanship,32,18,14
Ofortuna,silvermoon,1377,hunter,marksmanship,54,30,24
Mânhunt,blackhand,1375,hunter,marksmanship,70,36,34
Lincolne,ravencrest,1375,hunter,marksmanship,41,17,24
Wowkulaka,kazzak,1371,hunter,marksmanship,48,23,25
Lrr,grim-batol,1370,hunter,marksmanship,18,15,3
Samhunt,blackrock,1370,hunter,marksmanship,35,15,20
Kértor,die-aldor,1370,hunter,marksmanship,52,21,31
Giwtus,blackmoore,1369,hunter,marksmanship,40,15,25
Doncar,stormscale,1367,hunter,marksmanship,99,44,55
Lobos,ravencrest,1367,hunter,marksmanship,60,25,35
Mmaaee,ravencrest,1365,hunter,marksmanship,58,33,25
Serihu,cthun,1364,hunter,marksmanship,66,32,34
Absolutnoob,blackrock,1362,hunter,marksmanship,38,21,17
Crar,frostwolf,1360,hunter,marksmanship,94,50,44
Sïrrys,nemesis,1357,hunter,marksmanship,52,29,23
Chrishyh,blackrock,1357,hunter,marksmanship,42,20,22
Kaktus,shattered-hand,1355,hunter,marksmanship,24,15,9
Elyar,eredar,1355,hunter,marksmanship,40,23,17
Llaz,silvermoon,1355,hunter,marksmanship,28,15,13
Szybky,defias-brotherhood,1354,hunter,marksmanship,60,25,35
Mizumo,burning-legion,1353,hunter,marksmanship,139,74,65
Surtfire,alonsus,1351,hunter,marksmanship,143,68,75
Wmaximoff,tarren-mill,1351,hunter,marksmanship,80,33,47
Itenik,frostwolf,1350,hunter,marksmanship,30,16,14
Adariana,archimonde,1350,hunter,marksmanship,72,33,39
Doomhorg,quelthalas,1349,hunter,marksmanship,96,51,45
Snípér,blackhand,1348,hunter,marksmanship,44,16,28
Stingarrow,stormscale,1345,hunter,marksmanship,60,32,28
Vavabxl,ysondre,1345,hunter,marksmanship,114,52,62
Meskette,ravencrest,1344,hunter,marksmanship,36,18,18
Gromaya,elune,1342,hunter,marksmanship,47,23,24
Oatmeal,dun-morogh,1340,hunter,marksmanship,215,119,96
Lofiv,turalyon,1340,hunter,marksmanship,40,17,23
Xalaar,frostwolf,1339,hunter,marksmanship,62,33,29
Antiork,doomhammer,1339,hunter,marksmanship,66,31,35
Bekrepál,outland,1339,hunter,marksmanship,30,14,16
Røxxilia,blackmoore,1339,hunter,marksmanship,60,26,34
Enÿo,ysondre,1339,hunter,marksmanship,48,16,32
Prodanhunts,frostmane,1336,hunter,marksmanship,66,32,34
Легчайшийбот,gordunni,1336,hunter,marksmanship,42,14,28
Nirn,ravencrest,1335,hunter,marksmanship,30,14,16
Длинноемоджо,soulflayer,1334,hunter,marksmanship,437,210,227
Encore,sylvanas,1334,hunter,marksmanship,48,23,25
Rzeezznik,burning-legion,1333,hunter,marksmanship,30,14,16
Moschtix,forscherliga,1333,hunter,marksmanship,48,20,28
Эльк,gordunni,1331,hunter,marksmanship,57,29,28
Silvyn,pozzo-delleternità,1330,hunter,marksmanship,48,26,22
Ëluna,burning-legion,1329,hunter,marksmanship,49,27,22
Kalimdoar,blackhand,1329,hunter,marksmanship,36,14,22
Noxxen,burning-legion,1328,hunter,marksmanship,31,18,13
Bæst,elune,1327,hunter,marksmanship,31,16,15
Deadfire,hyjal,1325,hunter,marksmanship,42,20,22
Diapositiv,draenor,1325,hunter,marksmanship,30,14,16
Maroxy,ragnaros,1325,hunter,marksmanship,35,14,21
Gilgharsh,rajaxx,1324,hunter,marksmanship,48,21,27
Оленнька,howling-fjord,1322,hunter,marksmanship,72,38,34
Selaesa,chamber-of-aspects,1321,hunter,marksmanship,45,22,23
Enfaktüs,silvermoon,1321,hunter,marksmanship,54,25,29
Amphi,stormscale,1320,hunter,marksmanship,66,36,30
Glad,argent-dawn,1320,hunter,marksmanship,77,32,45
Tupalax,outland,1320,hunter,marksmanship,64,26,38
Donneraàn,blackrock,1319,hunter,marksmanship,60,33,27
Kokowawaa,kazzak,1317,hunter,marksmanship,72,31,41
Arrown,outland,1316,hunter,marksmanship,35,17,18
Setis,uldaman,1315,hunter,marksmanship,42,14,28
Khajiizu,frostwolf,1310,hunter,marksmanship,24,15,9
Narawinger,silvermoon,1310,hunter,marksmanship,42,24,18
Pekkoe,khaz-modan,1310,hunter,marksmanship,66,37,29
Arrowdoxx,silvermoon,1310,hunter,marksmanship,117,51,66
Xaotsu,ravencrest,1308,hunter,marksmanship,45,21,24
Lennylynx,garrosh,1308,hunter,marksmanship,30,14,16
Curtiss,sanguino,1306,hunter,marksmanship,52,29,23
Hollybuster,perenolde,1303,hunter,marksmanship,34,20,14
Ксидре,eversong,1302,hunter,marksmanship,54,28,26
Silvyina,todeswache,1302,hunter,marksmanship,86,43,43
Ixlxlxlxl,kazzak,1301,hunter,marksmanship,30,21,9
Høward,aegwynn,1300,hunter,marksmanship,36,20,16
Elmadre,arthas,1300,hunter,marksmanship,42,20,22
Psychlolzxr,burning-legion,1299,hunter,marksmanship,35,17,18
Zurzok,blackrock,1299,hunter,marksmanship,42,17,25
Autoturret,eredar,1297,hunter,marksmanship,94,41,53
Deathshots,aggra-português,1297,hunter,marksmanship,66,26,40
Darilli,wildhammer,1296,hunter,marksmanship,54,23,31
Thysalee,hyjal,1296,hunter,marksmanship,38,15,23
Faenor,arygos,1296,hunter,marksmanship,66,25,41
Casey,zuluhed,1295,hunter,marksmanship,42,19,23
Pappous,kul-tiras,1294,hunter,marksmanship,65,32,33
Bobleearrow,darkspear,1294,hunter,marksmanship,53,25,28
Jeddaj,stormscale,1289,hunter,marksmanship,36,14,22
Yoúmad,draenor,1288,hunter,marksmanship,28,14,14
Heísenberg,ragnaros,1287,hunter,marksmanship,31,15,16
Rupeebtw,stormscale,1285,hunter,marksmanship,96,43,53
Elisande,die-aldor,1284,hunter,marksmanship,60,23,37
Rabiate,blackrock,1282,hunter,marksmanship,46,22,24
Shieryu,archimonde,1277,hunter,marksmanship,38,15,23
Waltuhwhite,teldrassil,1275,hunter,marksmanship,20,14,6
Féliché,elune,1275,hunter,marksmanship,84,36,48
Iòvól,azuremyst,1274,hunter,marksmanship,82,41,41
Vanstro,ragnaros,1274,hunter,marksmanship,32,14,18
Дайпострелят,gordunni,1273,hunter,marksmanship,36,15,21
Atiyêsh,arthas,1272,hunter,marksmanship,42,17,25
Rmnsbm,blackmoore,1271,hunter,marksmanship,30,14,16
Shaib,kazzak,1270,hunter,marksmanship,28,15,13
Tokkie,burning-blade,1268,hunter,marksmanship,24,14,10
Azmena,silvermoon,1267,hunter,marksmanship,23,14,9
Virdirthera,silvermoon,1264,hunter,marksmanship,30,15,15
Muckel,area-52,1264,hunter,marksmanship,36,15,21
Nightshäde,aggra-português,1264,hunter,marksmanship,40,16,24
Øßlíck,ysondre,1262,hunter,marksmanship,28,14,14
Zelira,boulderfist,1262,hunter,marksmanship,76,33,43
Yanger,burning-legion,1259,hunter,marksmanship,42,18,24
Шамагута,gordunni,1258,hunter,marksmanship,30,14,16
Sàclak,ysondre,1258,hunter,marksmanship,36,16,20
Хантвкроксах,gordunni,1257,hunter,marksmanship,22,14,8
Феорика,grom,1257,hunter,marksmanship,66,33,33
Имбакласс,howling-fjord,1257,hunter,marksmanship,80,37,43
Zajaczek,burning-legion,1257,hunter,marksmanship,36,14,22
Cutehuntér,ragnaros,1256,hunter,marksmanship,74,31,43
Zushji,ysondre,1255,hunter,marksmanship,240,110,130
Booms,eonar,1254,hunter,marksmanship,65,31,34
Smitheye,argent-dawn,1254,hunter,marksmanship,147,70,77
Aurah,les-clairvoyants,1250,hunter,marksmanship,30,14,16
Mspt,archimonde,1248,hunter,marksmanship,30,13,17
Sallina,blutkessel,1247,hunter,marksmanship,30,15,15
Zendar,blackmoore,1246,hunter,marksmanship,69,33,36
Lísy,hyjal,1244,hunter,marksmanship,24,13,11
Phillon,blackrock,1243,hunter,marksmanship,24,18,6
Iilac,argent-dawn,1242,hunter,marksmanship,184,104,80
Huntatard,silvermoon,1241,hunter,marksmanship,28,16,12
Breier,argent-dawn,1241,hunter,marksmanship,101,53,48
Рбг,blackscar,1241,hunter,marksmanship,30,13,17
Meetyour,stormscale,1241,hunter,marksmanship,30,13,17
Poatan,outland,1240,hunter,marksmanship,164,86,78
Арийская,gordunni,1239,hunter,marksmanship,65,29,36
Хантнерюга,gordunni,1236,hunter,marksmanship,24,13,11
Jðsi,dalaran,1236,hunter,marksmanship,60,26,34
Shedzargo,twisting-nether,1234,hunter,marksmanship,24,13,11
Blowplac,moonglade,1234,hunter,marksmanship,64,29,35
Fränko,ravencrest,1234,hunter,marksmanship,36,13,23
Corrupth,outland,1233,hunter,marksmanship,33,14,19
Huntaloko,outland,1232,hunter,marksmanship,35,17,18
Mainblu,nemesis,1231,hunter,marksmanship,30,14,16
Анхантэй,lich-king,1230,hunter,marksmanship,196,104,92
Showdown,hellscream,1228,hunter,marksmanship,49,22,27
Xesih,twisting-nether,1228,hunter,marksmanship,59,26,33
Sivoh,silvermoon,1227,hunter,marksmanship,50,23,27
Ililivillumi,tarren-mill,1227,hunter,marksmanship,36,16,20
Andtamed,thunderhorn,1225,hunter,marksmanship,54,25,29
Madtony,aegwynn,1224,hunter,marksmanship,38,19,19
Opsi,area-52,1223,hunter,marksmanship,78,35,43
Одисенс,eversong,1220,hunter,marksmanship,109,55,54
Snaped,malganis,1219,hunter,marksmanship,37,14,23
Oneeyed,kazzak,1218,hunter,marksmanship,30,14,16
Loca,twilights-hammer,1217,hunter,marksmanship,78,38,40
Elyxa,ysondre,1211,hunter,marksmanship,54,30,24
Opî,eldrethalas,1210,hunter,marksmanship,36,15,21
Coft,sargeras,1209,hunter,marksmanship,24,13,11
Buzzle,sylvanas,1209,hunter,marksmanship,30,16,14
Snipekill,bronze-dragonflight,1208,hunter,marksmanship,24,13,11
Honzu,silvermoon,1208,hunter,marksmanship,30,15,15
Enerhunt,ysondre,1207,hunter,marksmanship,62,33,29
Эвилтар,soulflayer,1206,hunter,marksmanship,26,14,12
Rosiee,dun-modr,1205,hunter,marksmanship,18,13,5
Хакаар,grom,1204,hunter,marksmanship,89,46,43
Hawkz,quelthalas,1204,hunter,marksmanship,67,32,35
Redneckjoe,draenor,1204,hunter,marksmanship,58,26,32
Deneja,kilrogg,1202,hunter,marksmanship,36,14,22
Marcher,aggra-português,1201,hunter,marksmanship,32,14,18
Skohal,draenor,1200,hunter,marksmanship,78,36,42
Sinsé,conseil-des-ombres,1198,hunter,marksmanship,28,17,11
Эннабонни,gordunni,1198,hunter,marksmanship,36,16,20
Fanstwo,tarren-mill,1198,hunter,marksmanship,42,14,28
Watty,chogall,1195,hunter,marksmanship,88,45,43
Boomkillshot,zuljin,1195,hunter,marksmanship,233,115,118
Серргио,soulflayer,1191,hunter,marksmanship,18,13,5
Barrex,guldan,1190,hunter,marksmanship,41,16,25
Fetts,silvermoon,1189,hunter,marksmanship,56,29,27
Bigfoot,argent-dawn,1189,hunter,marksmanship,129,56,73
Krypzit,garona,1186,hunter,marksmanship,114,42,72
Zion,kul-tiras,1182,hunter,marksmanship,34,13,21
Blackas,dun-modr,1179,hunter,marksmanship,78,36,42
Poppson,magtheridon,1178,hunter,marksmanship,66,29,37
Tavira,zuljin,1176,hunter,marksmanship,61,26,35
Swáy,twisting-nether,1175,hunter,marksmanship,274,133,141
Isohunt,alakir,1174,hunter,marksmanship,37,16,21
Каизик,soulflayer,1173,hunter,marksmanship,35,14,21
Tránsphobic,kilrogg,1171,hunter,marksmanship,60,29,31
Yunalèsca,eredar,1171,hunter,marksmanship,34,13,21
Lillynahh,argent-dawn,1169,hunter,marksmanship,127,59,68
Chaydee,stormscale,1169,hunter,marksmanship,42,17,25
Sâetha,dun-modr,1169,hunter,marksmanship,42,16,26
Viséeauto,confrérie-du-thorium,1168,hunter,marksmanship,24,13,11
Celtya,archimonde,1166,hunter,marksmanship,135,69,66
Linneâ,blackmoore,1166,hunter,marksmanship,32,15,17
Áragorn,frostmane,1165,hunter,marksmanship,36,20,16
Lightarròw,nordrassil,1162,hunter,marksmanship,36,13,23
Krothga,blackrock,1159,hunter,marksmanship,51,25,26
Naghtel,die-silberne-hand,1158,hunter,marksmanship,66,37,29
Overhït,hyjal,1157,hunter,marksmanship,149,72,77
Naven,minahonda,1157,hunter,marksmanship,47,20,27
Azaella,tarren-mill,1156,hunter,marksmanship,36,16,20
Крипа,gordunni,1155,hunter,marksmanship,28,14,14
Taveon,turalyon,1154,hunter,marksmanship,36,13,23
Jodd,ragnaros,1152,hunter,marksmanship,24,12,12
Bøost,stormscale,1151,hunter,marksmanship,18,12,6
Kendow,blackrock,1150,hunter,marksmanship,72,33,39
Ромажиробас,gordunni,1149,hunter,marksmanship,30,14,16
Mycélium,outland,1149,hunter,marksmanship,36,12,24
Zirgoo,outland,1148,hunter,marksmanship,81,31,50
Hxnk,argent-dawn,1147,hunter,marksmanship,18,12,6
Farmerjoee,alakir,1147,hunter,marksmanship,24,13,11
Kakadoo,twisting-nether,1146,hunter,marksmanship,60,29,31
Migro,sylvanas,1145,hunter,marksmanship,24,12,12
Ozzaty,drekthar,1144,hunter,marksmanship,24,12,12
Bgkrasavec,stormscale,1142,hunter,marksmanship,75,36,39
Белыйатомщик,howling-fjord,1142,hunter,marksmanship,30,12,18
Treyzzor,blackmoore,1141,hunter,marksmanship,30,12,18
Blacksyo,elune,1141,hunter,marksmanship,73,28,45
Milhambré,ysondre,1140,hunter,marksmanship,24,12,12
Pínnen,draenor,1140,hunter,marksmanship,24,12,12
Argato,eredar,1140,hunter,marksmanship,30,14,16
Akyra,runetotem,1140,hunter,marksmanship,118,53,65
Corrwus,argent-dawn,1140,hunter,marksmanship,72,31,41
Nezekielle,drekthar,1140,hunter,marksmanship,30,12,18
Survivr,frostmane,1139,hunter,marksmanship,24,14,10
Harmonía,outland,1138,hunter,marksmanship,42,16,26
Ruppig,nozdormu,1136,hunter,marksmanship,30,13,17
Sylphie,dalaran,1136,hunter,marksmanship,30,12,18
Тантрабой,howling-fjord,1135,hunter,marksmanship,18,12,6
Zrijad,draenor,1133,hunter,marksmanship,24,12,12
Хапмьюзик,howling-fjord,1133,hunter,marksmanship,96,39,57
Docchr,doomhammer,1130,hunter,marksmanship,60,26,34
Aszasi,azjolnerub,1130,hunter,marksmanship,31,13,18
Touscahunter,kazzak,1129,hunter,marksmanship,270,134,136
Jägarbröje,kazzak,1126,hunter,marksmanship,30,18,12
Anpaytoo,antonidas,1126,hunter,marksmanship,36,14,22
Sekeh,ragnaros,1126,hunter,marksmanship,48,18,30
Vïcødïnë,sinstralis,1124,hunter,marksmanship,66,26,40
Hoody,culte-de-la-rive-noire,1123,hunter,marksmanship,30,18,12
Лорбан,gordunni,1122,hunter,marksmanship,38,18,20
Jozsiur,ragnaros,1121,hunter,marksmanship,24,14,10
Bazrzokh,elune,1121,hunter,marksmanship,24,12,12
Rediction,ravencrest,1121,hunter,marksmanship,55,20,35
Жабра,gordunni,1120,hunter,marksmanship,42,16,26
Høøli,nethersturm,1119,hunter,marksmanship,18,12,6
Jaggatee,senjin,1119,hunter,marksmanship,34,17,17
Cooroona,stormrage,1119,hunter,marksmanship,24,12,12
Gorá,dethecus,1118,hunter,marksmanship,18,12,6
Hunntte,ravencrest,1118,hunter,marksmanship,38,15,23
Meläna,ysondre,1117,hunter,marksmanship,36,14,22
Narøs,blackhand,1113,hunter,marksmanship,88,34,54
Réja,norgannon,1112,hunter,marksmanship,37,16,21
Эолиана,borean-tundra,1109,hunter,marksmanship,51,25,26
Æthelflæd,nathrezim,1108,hunter,marksmanship,42,14,28
Bélier,hyjal,1105,hunter,marksmanship,56,31,25
Hollabackgrl,outland,1105,hunter,marksmanship,42,18,24
Bobihunt,argent-dawn,1104,hunter,marksmanship,42,20,22
Talcaliste,archimonde,1104,hunter,marksmanship,69,30,39
Barbrady,nethersturm,1103,hunter,marksmanship,36,16,20
Tinlop,ragnaros,1097,hunter,marksmanship,120,54,66
Eskubar,burning-legion,1097,hunter,marksmanship,96,43,53
Naizoo,doomhammer,1090,hunter,marksmanship,24,12,12
Voitelka,terokkar,1090,hunter,marksmanship,73,36,37
Травмаопасен,gordunni,1090,hunter,marksmanship,36,12,24
Яриона,galakrond,1087,hunter,marksmanship,42,20,22
Йошумитсу,howling-fjord,1084,hunter,marksmanship,56,29,27
Mántîs,argent-dawn,1084,hunter,marksmanship,73,32,41
Bendit,eredar,1083,hunter,marksmanship,62,31,31
Artexxia,kazzak,1081,hunter,marksmanship,48,20,28
Robìnhood,nemesis,1080,hunter,marksmanship,42,22,20
Shubichou,illidan,1080,hunter,marksmanship,36,16,20
Vèreesa,azjolnerub,1080,hunter,marksmanship,42,15,27
Thelasiel,aerie-peak,1079,hunter,marksmanship,67,33,34
Omixloua,ragnaros,1075,hunter,marksmanship,71,33,38
Retroxia,stormreaver,1075,hunter,marksmanship,26,12,14
Венгс,howling-fjord,1073,hunter,marksmanship,29,13,16
Chassfurax,hyjal,1067,hunter,marksmanship,48,19,29
Dentaar,draenor,1063,hunter,marksmanship,149,74,75
Thauana,los-errantes,1060,hunter,marksmanship,30,14,16
Neldrassil,blackmoore,1058,hunter,marksmanship,89,42,47
Miezuu,ravencrest,1056,hunter,marksmanship,33,14,19
Sùnzí,alakir,1055,hunter,marksmanship,18,11,7
Aratoxx,blackmoore,1055,hunter,marksmanship,66,34,32
Сандабар,borean-tundra,1055,hunter,marksmanship,41,20,21
Kittykite,thunderhorn,1055,hunter,marksmanship,36,11,25
Енвина,gordunni,1054,hunter,marksmanship,29,13,16
Neosmoke,shadowsong,1054,hunter,marksmanship,134,60,74
Kissmyaxé,draenor,1053,hunter,marksmanship,18,11,7
Uncø,kazzak,1053,hunter,marksmanship,18,11,7
Mclooving,runetotem,1053,hunter,marksmanship,24,11,13
Bladewing,archimonde,1053,hunter,marksmanship,30,11,19
Selini,bloodfeather,1050,hunter,marksmanship,24,15,9
Мальберна,eversong,1050,hunter,marksmanship,52,27,25
Kbesagrillo,sanguino,1050,hunter,marksmanship,24,11,13
Artémíss,kazzak,1050,hunter,marksmanship,24,11,13
Nìsalle,argent-dawn,1050,hunter,marksmanship,32,13,19
Слезыотлука,howling-fjord,1048,hunter,marksmanship,18,11,7
Bgxd,tarren-mill,1048,hunter,marksmanship,30,11,19
Pøca,kaelthas,1045,hunter,marksmanship,18,11,7
Bulseye,kilrogg,1044,hunter,marksmanship,24,11,13
Sisilianno,khaz-modan,1044,hunter,marksmanship,148,66,82
Винтаж,deepholm,1041,hunter,marksmanship,59,26,33
Cêdric,alleria,1041,hunter,marksmanship,28,12,16
Fistiecuff,auchindoun,1038,hunter,marksmanship,36,14,22
Nyri,drakthul,1038,hunter,marksmanship,30,11,19
Hunterdream,aszune,1037,hunter,marksmanship,25,11,14
Laara,khaz-modan,1036,hunter,marksmanship,160,79,81
Брухлянка,gordunni,1034,hunter,marksmanship,42,22,20
Rísu,argent-dawn,1033,hunter,marksmanship,24,11,13
Azsräel,dalaran,1031,hunter,marksmanship,109,47,62
Juliã,dalaran,1030,hunter,marksmanship,24,11,13
Gilgalat,drakthul,1029,hunter,marksmanship,47,20,27
Ispo,frostwolf,1028,hunter,marksmanship,94,45,49
Heavenlyx,area-52,1026,hunter,marksmanship,48,16,32
Falenwing,blackmoore,1024,hunter,marksmanship,34,16,18
Olnàk,ysondre,1023,hunter,marksmanship,60,32,28
Slicer,arthas,1023,hunter,marksmanship,73,31,42
Thedoors,twisting-nether,1021,hunter,marksmanship,36,12,24
Fèhn,krasus,1019,hunter,marksmanship,24,14,10
Noobatala,tarren-mill,1018,hunter,marksmanship,36,17,19
Ygrittéé,blackrock,1018,hunter,marksmanship,32,13,19
Magmageul,archimonde,1018,hunter,marksmanship,30,11,19
Mendinar,sylvanas,1018,hunter,marksmanship,65,17,48
Kilshot,burning-legion,1016,hunter,marksmanship,24,13,11
Hanzolo,uldum,1016,hunter,marksmanship,42,15,27
Crní,tarren-mill,1015,hunter,marksmanship,81,37,44
Ямакасси,thermaplugg,1014,hunter,marksmanship,106,43,63
Kliantra,wildhammer,1013,hunter,marksmanship,87,40,47
Myplague,darkmoon-faire,1008,hunter,marksmanship,36,22,14
Nonamenoskil,sylvanas,1008,hunter,marksmanship,24,13,11
Isarnexx,dun-modr,1007,hunter,marksmanship,41,21,20
Tungusta,defias-brotherhood,1006,hunter,marksmanship,42,19,23
Nutzz,ragnaros,1006,hunter,marksmanship,41,15,26
Hkizzler,kazzak,1005,hunter,marksmanship,68,27,41
Gorett,kazzak,1004,hunter,marksmanship,36,12,24
Sazak,draenor,1000,hunter,marksmanship,30,17,13
Ashkabous,kazzak,1000,hunter,marksmanship,36,19,17
Jibolad,stormreaver,991,hunter,marksmanship,48,26,22
Jaýlah,draenor,991,hunter,marksmanship,54,24,30
Bonquiesha,tarren-mill,991,hunter,marksmanship,25,11,14
Yrtja,minahonda,989,hunter,marksmanship,38,20,18
Scark,tarren-mill,988,hunter,marksmanship,17,11,6
Анреал,gordunni,988,hunter,marksmanship,38,16,22
Tomtus,aggramar,983,hunter,marksmanship,55,27,28
Aidsmacka,shattered-hand,982,hunter,marksmanship,20,11,9
Wìndrunner,malfurion,977,hunter,marksmanship,101,51,50
Honrø,hyjal,977,hunter,marksmanship,48,21,27
Фломидзе,gordunni,975,hunter,marksmanship,19,11,8
Ártemide,pozzo-delleternità,975,hunter,marksmanship,33,15,18
Olendor,blackmoore,974,hunter,marksmanship,24,14,10
Väärä,stormscale,964,hunter,marksmanship,27,13,14
Hnut,kazzak,961,hunter,marksmanship,41,16,25
Nyxìa,shattered-halls,960,hunter,marksmanship,18,10,8
Imonér,frostmane,960,hunter,marksmanship,18,10,8
Lonewolfe,ravencrest,960,hunter,marksmanship,223,102,121
Gukéx,stormscale,960,hunter,marksmanship,24,10,14
Квит,blackscar,960,hunter,marksmanship,24,10,14
Cill,ravencrest,959,hunter,marksmanship,18,10,8
Velites,aggra-português,959,hunter,marksmanship,18,10,8
Amortên,silvermoon,959,hunter,marksmanship,18,10,8
Sazox,blackrock,959,hunter,marksmanship,24,10,14
Ravator,azshara,959,hunter,marksmanship,24,10,14
Bãbas,sargeras,959,hunter,marksmanship,24,10,14
Тамирка,deathguard,958,hunter,marksmanship,12,10,2
Therakal,culte-de-la-rive-noire,958,hunter,marksmanship,18,10,8
Оверман,azuregos,958,hunter,marksmanship,18,10,8
Metalbaci,sylvanas,958,hunter,marksmanship,18,10,8
Angelcr,uldum,958,hunter,marksmanship,24,10,14
Birgitta,jaedenar,958,hunter,marksmanship,24,10,14
Fitzgerald,ragnaros,958,hunter,marksmanship,24,10,14
Yelanna,argent-dawn,957,hunter,marksmanship,18,10,8
Zlejkadlec,burning-blade,957,hunter,marksmanship,24,10,14
Ôrïøn,archimonde,956,hunter,marksmanship,18,10,8
Huntazt,draenor,956,hunter,marksmanship,18,10,8
Johnydep,silvermoon,955,hunter,marksmanship,30,10,20
Rickgrimés,silvermoon,954,hunter,marksmanship,24,10,14
Фузег,deathguard,953,hunter,marksmanship,18,10,8
Wlndrunner,ravencrest,953,hunter,marksmanship,18,10,8
Пулемётчик,eversong,952,hunter,marksmanship,19,10,9
Deathtrapper,bronzebeard,949,hunter,marksmanship,18,10,8
Lani,talnivarr,949,hunter,marksmanship,19,10,9
Aaryel,outland,948,hunter,marksmanship,18,10,8
Soviectk,aggra-português,948,hunter,marksmanship,24,10,14
Jisila,ravencrest,947,hunter,marksmanship,63,27,36
Quinty,durotan,947,hunter,marksmanship,26,11,15
Foxhunt,turalyon,947,hunter,marksmanship,32,11,21
Freezyshinkn,blackrock,945,hunter,marksmanship,18,11,7
Milandria,antonidas,943,hunter,marksmanship,50,24,26
Bloodfallen,onyxia,943,hunter,marksmanship,38,10,28
Saccä,ysondre,941,hunter,marksmanship,60,26,34
Djzntrap,outland,939,hunter,marksmanship,24,10,14
Ayshæ,tarren-mill,937,hunter,marksmanship,41,21,20
Agarez,blackrock,936,hunter,marksmanship,42,19,23
Armoredtiger,grim-batol,935,hunter,marksmanship,72,34,38
Panfilmaaj,burning-legion,934,hunter,marksmanship,24,10,14
Nezuqo,archimonde,932,hunter,marksmanship,30,10,20
Mhood,dun-morogh,931,hunter,marksmanship,56,27,29
Ранбоу,howling-fjord,929,hunter,marksmanship,115,55,60
Sogoru,dun-modr,927,hunter,marksmanship,69,37,32
Luckyshooter,nethersturm,925,hunter,marksmanship,77,37,40
Avaîo,ysondre,924,hunter,marksmanship,28,10,18
Euphellius,darkmoon-faire,923,hunter,marksmanship,42,18,24
Madida,ravencrest,916,hunter,marksmanship,29,15,14
Zicko,argent-dawn,909,hunter,marksmanship,53,22,31
Matarmeya,los-errantes,908,hunter,marksmanship,22,11,11
Honilsom,thunderhorn,907,hunter,marksmanship,61,16,45
Zaragattas,aggra-português,905,hunter,marksmanship,29,12,17
Silverinn,turalyon,904,hunter,marksmanship,27,10,17
Амобарбиталх,gordunni,901,hunter,marksmanship,33,11,22
Thieuu,twisting-nether,894,hunter,marksmanship,17,10,7
Enfinici,eitrigg,894,hunter,marksmanship,17,10,7
Aadarshh,turalyon,889,hunter,marksmanship,36,18,18
Burondeya,twisting-nether,888,hunter,marksmanship,36,16,20
Mimiop,hyjal,886,hunter,marksmanship,78,39,39
Adventures,darkmoon-faire,881,hunter,marksmanship,18,10,8
Лордорион,gordunni,878,hunter,marksmanship,23,12,11
Skaedi,silvermoon,877,hunter,marksmanship,13,10,3
Шикаа,gordunni,876,hunter,marksmanship,23,11,12
Лордввт,howling-fjord,874,hunter,marksmanship,30,14,16
Aous,burning-legion,873,hunter,marksmanship,30,11,19
Aliyah,blackmoore,867,hunter,marksmanship,66,33,33
Nyjal,archimonde,864,hunter,marksmanship,12,9,3
Feelmyfurý,tarren-mill,864,hunter,marksmanship,12,9,3
Liquidhunter,quelthalas,864,hunter,marksmanship,18,9,9
Ðõt,ravencrest,864,hunter,marksmanship,18,9,9
Mòzetonq,ravencrest,864,hunter,marksmanship,18,9,9
Denkstah,tarren-mill,864,hunter,marksmanship,18,9,9
Auxsan,outland,864,hunter,marksmanship,21,10,11
Watchouttah,the-maelstrom,864,hunter,marksmanship,24,9,15
Dariusmm,silvermoon,863,hunter,marksmanship,12,9,3
Fìnwë,varimathras,863,hunter,marksmanship,12,9,3
Blackbane,ravencrest,863,hunter,marksmanship,18,9,9
Vyana,sylvanas,863,hunter,marksmanship,18,9,9
Jayri,ravencrest,863,hunter,marksmanship,18,9,9
Thugzilla,auchindoun,863,hunter,marksmanship,18,9,9
Какжеплевать,gordunni,862,hunter,marksmanship,12,9,3
Stripedcani,kelthuzad,862,hunter,marksmanship,18,9,9
Retropunk,ravencrest,862,hunter,marksmanship,18,9,9
Obii,stormscale,862,hunter,marksmanship,18,9,9
Grolmgar,malganis,862,hunter,marksmanship,18,9,9
Chloros,ysondre,862,hunter,marksmanship,18,9,9
Fantus,sylvanas,862,hunter,marksmanship,18,9,9
Eilyn,quelthalas,862,hunter,marksmanship,24,9,15
Serpos,cthun,862,hunter,marksmanship,24,9,15
Theuzikat,ragnaros,861,hunter,marksmanship,24,9,15
Vandathien,stormrage,861,hunter,marksmanship,24,9,15
Ghostriders,archimonde,861,hunter,marksmanship,29,9,20
Jalu,die-aldor,860,hunter,marksmanship,12,9,3
Gødzftw,kazzak,860,hunter,marksmanship,28,9,19
Jalcer,draenor,860,hunter,marksmanship,30,9,21
Джимуха,soulflayer,859,hunter,marksmanship,30,15,15
Warkum,zuljin,859,hunter,marksmanship,18,9,9
Enistee,silvermoon,859,hunter,marksmanship,19,9,10
Krøsh,blackmoore,858,hunter,marksmanship,70,32,38
Leílah,kazzak,858,hunter,marksmanship,30,9,21
Krippie,dun-modr,857,hunter,marksmanship,42,19,23
Götthunter,antonidas,857,hunter,marksmanship,24,9,15
Gintønic,blackmoore,857,hunter,marksmanship,36,9,27
Bicepz,azjolnerub,856,hunter,marksmanship,18,9,9
Ролингуд,galakrond,855,hunter,marksmanship,18,9,9
Qmbonboni,ravencrest,855,hunter,marksmanship,24,9,15
Helioshin,pozzo-delleternità,855,hunter,marksmanship,30,9,21
Odyzeus,drakthul,854,hunter,marksmanship,24,9,15
Aliriana,doomhammer,853,hunter,marksmanship,18,9,9
Erdna,khaz-modan,853,hunter,marksmanship,42,20,22
Baldazr,shadowsong,853,hunter,marksmanship,24,9,15
Rivery,azjolnerub,852,hunter,marksmanship,18,10,8
Sasi,burning-legion,851,hunter,marksmanship,36,18,18
Zerkarok,draenor,851,hunter,marksmanship,30,9,21
Talanar,tarren-mill,850,hunter,marksmanship,18,9,9
Фридор,deathguard,850,hunter,marksmanship,24,10,14
Calea,zirkel-des-cenarius,835,hunter,marksmanship,30,13,17
Куфа,blackscar,831,hunter,marksmanship,20,10,10
Faelhorn,archimonde,831,hunter,marksmanship,18,9,9
Кривоватый,galakrond,829,hunter,marksmanship,16,10,6
Digsholes,ravencrest,828,hunter,marksmanship,17,9,8
Hylzen,outland,828,hunter,marksmanship,17,9,8
Annihllation,twilights-hammer,826,hunter,marksmanship,18,9,9
Eldrilaon,arthas,823,hunter,marksmanship,45,20,25
Rollei,uldum,816,hunter,marksmanship,18,9,9
Kartouche,culte-de-la-rive-noire,816,hunter,marksmanship,56,26,30
Nimrod,norgannon,816,hunter,marksmanship,33,10,23
Lilsnipè,outland,815,hunter,marksmanship,17,9,8
Banàna,draenor,815,hunter,marksmanship,23,9,14
Фаффурион,gordunni,807,hunter,marksmanship,25,11,14
Hellriderr,silvermoon,806,hunter,marksmanship,75,32,43
Umani,lightnings-blade,799,hunter,marksmanship,17,9,8
Ímpulsion,stormscale,799,hunter,marksmanship,20,9,11
Greel,saurfang,795,hunter,marksmanship,74,31,43
Tenkai,cthun,791,hunter,marksmanship,65,29,36
Neiloh,defias-brotherhood,782,hunter,marksmanship,13,9,4
Biggusdickuz,tarren-mill,779,hunter,marksmanship,19,9,10
Grafhunter,antonidas,774,hunter,marksmanship,117,55,62
Мокку,howling-fjord,770,hunter,marksmanship,27,12,15
Küredent,archimonde,768,hunter,marksmanship,12,8,4
Ormsliskaren,shattered-hand,768,hunter,marksmanship,12,8,4
Iliketraps,blackmoore,768,hunter,marksmanship,12,8,4
Moonzsu,ravencrest,768,hunter,marksmanship,12,8,4
Luzivar,malganis,768,hunter,marksmanship,12,8,4
Wolfud,pozzo-delleternità,768,hunter,marksmanship,18,8,10
Celesticx,chamber-of-aspects,768,hunter,marksmanship,18,8,10
Carre,twilights-hammer,768,hunter,marksmanship,18,8,10
Смотрюанимэ,gordunni,768,hunter,marksmanship,24,8,16
Луврен,deepholm,768,hunter,marksmanship,30,8,22
Thazur,blackmoore,767,hunter,marksmanship,12,8,4
Mareyn,argent-dawn,767,hunter,marksmanship,12,8,4
Sylverain,silvermoon,767,hunter,marksmanship,12,8,4
Ntw,aggra-português,767,hunter,marksmanship,12,8,4
Nétharian,tarren-mill,767,hunter,marksmanship,12,8,4
Prokh,twisting-nether,767,hunter,marksmanship,12,8,4
Lourse,ysondre,767,hunter,marksmanship,18,8,10
Krooghan,outland,767,hunter,marksmanship,18,8,10
Иттириса,gordunni,767,hunter,marksmanship,18,8,10
Рэкрэйван,gordunni,767,hunter,marksmanship,18,8,10
Donfabio,norgannon,767,hunter,marksmanship,18,8,10
Зуллден,soulflayer,767,hunter,marksmanship,18,8,10
Dasimir,blackrock,767,hunter,marksmanship,18,8,10
Jettraichu,aggra-português,767,hunter,marksmanship,18,8,10
Skitari,draenor,767,hunter,marksmanship,18,8,10
Bicepflex,ragnaros,767,hunter,marksmanship,18,8,10
Ashide,dun-modr,767,hunter,marksmanship,18,8,10
Raegal,sanguino,767,hunter,marksmanship,18,8,10
Progh,ragnaros,767,hunter,marksmanship,18,8,10
Starborne,draenor,767,hunter,marksmanship,18,8,10
Screewu,twisting-nether,767,hunter,marksmanship,21,8,13
Обнимуха,soulflayer,767,hunter,marksmanship,24,8,16
Иоссифсталин,soulflayer,767,hunter,marksmanship,24,8,16
Nelftard,agamaggan,766,hunter,marksmanship,12,8,4
Shoót,blackmoore,766,hunter,marksmanship,18,8,10
Deathchoice,azshara,766,hunter,marksmanship,24,8,16
Makaxx,stormscale,766,hunter,marksmanship,24,8,16
Galadris,kirin-tor,765,hunter,marksmanship,18,8,10
Guerrilla,stormscale,765,hunter,marksmanship,24,8,16
Ixôn,tarren-mill,765,hunter,marksmanship,24,8,16
Zajebantip,sylvanas,765,hunter,marksmanship,25,8,17
Gyldain,argent-dawn,765,hunter,marksmanship,71,17,54
Aourön,archimonde,764,hunter,marksmanship,18,8,10
Oneeyedjoe,the-maelstrom,764,hunter,marksmanship,18,8,10
Тайэре,blackscar,763,hunter,marksmanship,12,8,4
Leafstorm,vashj,763,hunter,marksmanship,30,8,22
Aspéct,ravencrest,762,hunter,marksmanship,18,8,10
Shibai,outland,762,hunter,marksmanship,18,8,10
Elcouche,draenor,762,hunter,marksmanship,30,8,22
Galintzor,area-52,761,hunter,marksmanship,18,8,10
Hunterixx,outland,761,hunter,marksmanship,18,8,10
Hunterhouse,draenor,761,hunter,marksmanship,23,8,15
Ðepleter,outland,761,hunter,marksmanship,24,8,16
Lamenob,neptulon,761,hunter,marksmanship,30,8,22
Nycto,norgannon,760,hunter,marksmanship,12,8,4
Конар,soulflayer,760,hunter,marksmanship,12,8,4
Wetto,ravencrest,759,hunter,marksmanship,18,8,10
Diosteayuda,dun-modr,755,hunter,marksmanship,12,8,4
Skynner,blackrock,755,hunter,marksmanship,18,8,10
Thrund,burning-legion,751,hunter,marksmanship,12,8,4
Cilia,suramar,750,hunter,marksmanship,24,8,16
Agnõr,chants-éternels,749,hunter,marksmanship,14,8,6
Спелла,goldrinn,748,hunter,marksmanship,29,8,21
Erestor,hellfire,747,hunter,marksmanship,12,8,4
Ønur,twisting-nether,747,hunter,marksmanship,18,8,10
Filizvogel,aegwynn,735,hunter,marksmanship,17,8,9
Petardas,outland,725,hunter,marksmanship,15,9,6
Deathøfrats,ravencrest,719,hunter,marksmanship,11,8,3
Gen,twisting-nether,719,hunter,marksmanship,17,8,9
Ryhope,silvermoon,714,hunter,marksmanship,11,8,3
Загзигзаг,soulflayer,710,hunter,marksmanship,21,9,12
Sauer,stormreaver,704,hunter,marksmanship,24,8,16
Grinfall,archimonde,704,hunter,marksmanship,32,9,23
Merquryh,ravencrest,672,hunter,marksmanship,12,7,5
Costner,darksorrow,672,hunter,marksmanship,12,7,5
Eliune,silvermoon,672,hunter,marksmanship,12,7,5
Bawzé,archimonde,672,hunter,marksmanship,12,7,5
Vracarx,silvermoon,672,hunter,marksmanship,12,7,5
Хвоостт,gordunni,672,hunter,marksmanship,12,7,5
Dtq,silvermoon,672,hunter,marksmanship,12,7,5
Fluttershy,terokkar,672,hunter,marksmanship,12,7,5
Bonjwa,aegwynn,672,hunter,marksmanship,12,7,5
Alfacera,steamwheedle-cartel,672,hunter,marksmanship,12,7,5
Weilerz,drakthul,672,hunter,marksmanship,12,7,5
Аабстрактная,gordunni,672,hunter,marksmanship,12,7,5
Avaren,archimonde,672,hunter,marksmanship,12,7,5
Hesuss,kazzak,672,hunter,marksmanship,12,7,5
Monnee,outland,672,hunter,marksmanship,12,7,5
Агелетка,gordunni,672,hunter,marksmanship,12,7,5
Riflur,stormscale,672,hunter,marksmanship,12,7,5
Veñom,stormscale,672,hunter,marksmanship,12,7,5
Barrybigtoe,tarren-mill,672,hunter,marksmanship,12,7,5
Elonmask,argent-dawn,672,hunter,marksmanship,12,7,5
Bigbowyahurd,draenor,672,hunter,marksmanship,12,7,5
Lilsnuss,outland,672,hunter,marksmanship,12,7,5
Killershadow,twisting-nether,672,hunter,marksmanship,12,7,5
Найтхантишка,gordunni,672,hunter,marksmanship,12,7,5
Scartet,blackmoore,672,hunter,marksmanship,18,7,11
Джарвиз,soulflayer,672,hunter,marksmanship,18,7,11
Антисерт,ashenvale,672,hunter,marksmanship,18,7,11
Påtrîckbátém,ravencrest,672,hunter,marksmanship,18,7,11
Bnji,hyjal,672,hunter,marksmanship,18,7,11
Трольболь,eversong,672,hunter,marksmanship,18,7,11
Ahrtemís,destromath,672,hunter,marksmanship,18,7,11
Землепух,howling-fjord,672,hunter,marksmanship,18,7,11
Griffithstew,blackmoore,672,hunter,marksmanship,24,7,17
Онкьяр,gordunni,672,hunter,marksmanship,24,7,17
Piksî,kazzak,672,hunter,marksmanship,24,7,17
Darksmoky,forscherliga,672,hunter,marksmanship,24,7,17
Maknamara,tarren-mill,671,hunter,marksmanship,12,7,5
Ditbjrapex,chants-éternels,671,hunter,marksmanship,12,7,5
Partouche,sargeras,671,hunter,marksmanship,12,7,5
Qiruun,draenor,671,hunter,marksmanship,12,7,5
Недоношенная,howling-fjord,671,hunter,marksmanship,12,7,5
Халикер,soulflayer,671,hunter,marksmanship,12,7,5
Куников,booty-bay,671,hunter,marksmanship,18,7,11
Thengill,draenor,671,hunter,marksmanship,18,7,11
Tackleberry,ysondre,671,hunter,marksmanship,18,7,11
Rydén,pozzo-delleternità,671,hunter,marksmanship,18,7,11
Ashrak,frostmourne,671,hunter,marksmanship,18,7,11
Jomerin,thrall,671,hunter,marksmanship,18,7,11
Ihateyoumore,ravencrest,671,hunter,marksmanship,18,7,11
Sinequanon,mannoroth,671,hunter,marksmanship,18,7,11
Snaptrap,eredar,671,hunter,marksmanship,18,7,11
Sjufemman,ravencrest,671,hunter,marksmanship,24,7,17
Carnificis,sanguino,671,hunter,marksmanship,24,7,17
Aureboby,hyjal,671,hunter,marksmanship,24,7,17
Pôts,blackrock,671,hunter,marksmanship,24,7,17
Pewpewshotz,stormscale,670,hunter,marksmanship,12,7,5
Prougefate,darksorrow,670,hunter,marksmanship,12,7,5
Ричардн,howling-fjord,670,hunter,marksmanship,18,7,11
Spêctrâ,sylvanas,670,hunter,marksmanship,18,7,11
Jiton,grim-batol,670,hunter,marksmanship,18,7,11
Yip,twisting-nether,670,hunter,marksmanship,18,7,11
Glockzs,auchindoun,670,hunter,marksmanship,24,7,17
Sanhunter,eredar,670,hunter,marksmanship,24,7,17
Elektrô,blackmoore,670,hunter,marksmanship,27,7,20
Dahunter,blackmoore,669,hunter,marksmanship,12,7,5
Huntbegin,burning-legion,669,hunter,marksmanship,12,7,5
Qqc,burning-legion,669,hunter,marksmanship,12,7,5
Kaudza,archimonde,669,hunter,marksmanship,18,7,11
Aggyaceshot,silvermoon,669,hunter,marksmanship,18,7,11
Flintenwilly,die-aldor,669,hunter,marksmanship,18,7,11
Naregar,draenor,669,hunter,marksmanship,24,7,17
Ядрис,gordunni,668,hunter,marksmanship,12,7,5
Wishmeweed,kazzak,668,hunter,marksmanship,18,7,11
Rayzør,eitrigg,668,hunter,marksmanship,18,7,11
Шумогон,gordunni,667,hunter,marksmanship,30,7,23
Nevarline,twisting-nether,665,hunter,marksmanship,12,7,5
Eilaa,ravencrest,662,hunter,marksmanship,18,7,11
Fernetcola,los-errantes,661,hunter,marksmanship,12,7,5
Banshees,sylvanas,661,hunter,marksmanship,12,7,5
Пуллятель,borean-tundra,660,hunter,marksmanship,22,10,12
Arkman,malganis,660,hunter,marksmanship,30,7,23
Shokre,silvermoon,657,hunter,marksmanship,12,7,5
Breezhunt,twisting-nether,655,hunter,marksmanship,17,7,10
Есселин,thermaplugg,650,hunter,marksmanship,18,7,11
Механямка,gordunni,624,hunter,marksmanship,21,7,14
Элфй,gordunni,623,hunter,marksmanship,21,7,14
Kyliun,frostmane,620,hunter,marksmanship,17,7,10
Legöläs,tarren-mill,617,hunter,marksmanship,17,7,10
Iniduhr,dalaran,617,hunter,marksmanship,21,8,13
Sylasteria,twisting-nether,617,hunter,marksmanship,23,8,15
Trachunt,twisting-nether,607,hunter,marksmanship,11,7,4
Weridia,der-rat-von-dalaran,607,hunter,marksmanship,11,7,4
Chizuna,dun-morogh,606,hunter,marksmanship,14,7,7
Tingly,grim-batol,605,hunter,marksmanship,20,7,13
Саэсантессис,howling-fjord,601,hunter,marksmanship,16,7,9
Tudjuk,arathor,592,hunter,marksmanship,19,7,12
Крошкамэг,eversong,582,hunter,marksmanship,13,7,6
Connyrövöga,draenor,576,hunter,marksmanship,6,6,0
Sketana,silvermoon,576,hunter,marksmanship,12,6,6
Dugini,ravencrest,576,hunter,marksmanship,12,6,6
Shína,argent-dawn,576,hunter,marksmanship,12,6,6
Gramyr,ysondre,576,hunter,marksmanship,12,6,6
Djidawn,ysondre,576,hunter,marksmanship,12,6,6
Кимчик,borean-tundra,576,hunter,marksmanship,12,6,6
Nelf,shattered-hand,576,hunter,marksmanship,12,6,6
Greg,defias-brotherhood,576,hunter,marksmanship,12,6,6
Crudeconzept,talnivarr,576,hunter,marksmanship,12,6,6
Aenina,kazzak,576,hunter,marksmanship,12,6,6
Swaggercatx,stormscale,576,hunter,marksmanship,12,6,6
Джинксан,blackscar,576,hunter,marksmanship,12,6,6
Dolwen,argent-dawn,576,hunter,marksmanship,12,6,6
Хемари,eversong,576,hunter,marksmanship,12,6,6
Grandiosity,tarren-mill,576,hunter,marksmanship,12,6,6
Инкризшот,gordunni,576,hunter,marksmanship,12,6,6
Pantero,kazzak,576,hunter,marksmanship,12,6,6
Самоанец,gordunni,576,hunter,marksmanship,12,6,6
Madjia,ravencrest,576,hunter,marksmanship,12,6,6
Zhao,zenedar,576,hunter,marksmanship,12,6,6
Vorsia,tarren-mill,576,hunter,marksmanship,12,6,6
Stamzer,drakthul,576,hunter,marksmanship,12,6,6
Hunlin,kazzak,576,hunter,marksmanship,12,6,6
Axran,ravencrest,576,hunter,marksmanship,12,6,6
Destynarîa,illidan,576,hunter,marksmanship,12,6,6
Bøgs,the-maelstrom,576,hunter,marksmanship,12,6,6
Abaforth,bronze-dragonflight,576,hunter,marksmanship,12,6,6
Freexkite,aegwynn,576,hunter,marksmanship,14,6,8
Antisniper,kazzak,576,hunter,marksmanship,17,6,11
Oobe,hyjal,576,hunter,marksmanship,18,6,12
Такувами,gordunni,576,hunter,marksmanship,18,6,12
Bloodymarìe,kelthuzad,576,hunter,marksmanship,18,6,12
Tomli,nemesis,576,hunter,marksmanship,18,6,12
Somethíngmad,stormscale,576,hunter,marksmanship,24,6,18
Кэрнел,gordunni,576,hunter,marksmanship,24,6,18
Brake,kelthuzad,576,hunter,marksmanship,28,6,22
Тохадиско,gordunni,575,hunter,marksmanship,6,6,0
Kilölek,ragnaros,575,hunter,marksmanship,12,6,6
Muddí,ravencrest,575,hunter,marksmanship,12,6,6
Domsín,ravencrest,575,hunter,marksmanship,12,6,6
Fugass,ragnaros,575,hunter,marksmanship,12,6,6
Ina,tarren-mill,575,hunter,marksmanship,12,6,6
Maeba,shendralar,575,hunter,marksmanship,12,6,6
Anthélià,antonidas,575,hunter,marksmanship,12,6,6
Пирс,eversong,575,hunter,marksmanship,12,6,6
Earlyspring,ragnaros,575,hunter,marksmanship,12,6,6
Чизано,deathguard,575,hunter,marksmanship,12,6,6
Evelhunter,kargath,575,hunter,marksmanship,12,6,6
Tolkienn,archimonde,575,hunter,marksmanship,12,6,6
Stralthir,argent-dawn,575,hunter,marksmanship,12,6,6
Xeragon,frostwolf,575,hunter,marksmanship,12,6,6
Squidy,archimonde,575,hunter,marksmanship,12,6,6
Dirtydolores,thrall,575,hunter,marksmanship,12,6,6
Slayné,silvermoon,575,hunter,marksmanship,12,6,6
Jägarenen,kazzak,575,hunter,marksmanship,12,6,6
Elladiel,blackmoore,575,hunter,marksmanship,12,6,6
Neuwi,stormreaver,575,hunter,marksmanship,12,6,6
Donpromìlló,blackhand,575,hunter,marksmanship,15,7,8
Bawwykwipkee,ragnaros,575,hunter,marksmanship,18,6,12
Elvenian,twisting-nether,575,hunter,marksmanship,18,6,12
Dritzdòurden,dun-modr,575,hunter,marksmanship,18,6,12
Narziel,die-todeskrallen,575,hunter,marksmanship,18,6,12
Ozaï,eredar,575,hunter,marksmanship,18,6,12
Gxx,burning-blade,575,hunter,marksmanship,18,6,12
Bourrinax,kazzak,575,hunter,marksmanship,18,6,12
Переферия,galakrond,575,hunter,marksmanship,18,6,12
Nawwaf,tarren-mill,575,hunter,marksmanship,23,6,17
Noobhuntress,norgannon,575,hunter,marksmanship,24,6,18
Egy,the-maelstrom,574,hunter,marksmanship,12,6,6
Aimeddead,doomhammer,574,hunter,marksmanship,12,6,6
Longshot,burning-legion,574,hunter,marksmanship,12,6,6
Løløsifredo,ysondre,574,hunter,marksmanship,12,6,6
Seariko,draenor,574,hunter,marksmanship,18,6,12
Bâng,zuljin,574,hunter,marksmanship,18,6,12
Hitscan,ravencrest,572,hunter,marksmanship,12,6,6
Kveyther,silvermoon,572,hunter,marksmanship,12,6,6
Анариэлль,gordunni,572,hunter,marksmanship,12,6,6
Orcgun,mugthol,572,hunter,marksmanship,18,6,12
Ginterjudo,burning-legion,571,hunter,marksmanship,12,6,6
Cronox,sporeggar,571,hunter,marksmanship,12,6,6
Kenshinhu,turalyon,570,hunter,marksmanship,12,6,6
Dødshøt,twisting-nether,569,hunter,marksmanship,18,6,12
Pulica,the-maelstrom,568,hunter,marksmanship,12,6,6
Jilkhar,twisting-nether,565,hunter,marksmanship,12,6,6
Mooj,malganis,559,hunter,marksmanship,11,6,5
Slÿzqx,archimonde,543,hunter,marksmanship,11,6,5
Rockymarciaa,dalaran,527,hunter,marksmanship,21,6,15
Hantdown,defias-brotherhood,526,hunter,marksmanship,11,6,5
Novifløw,archimonde,512,hunter,marksmanship,10,6,4
Huntseeker,draenor,511,hunter,marksmanship,14,6,8
Emriye,antonidas,510,hunter,marksmanship,14,6,8
Фэйсконтроль,azuregos,506,hunter,marksmanship,20,6,14
Пушкабомби,soulflayer,497,hunter,marksmanship,20,6,14
Multishot,dalaran,480,hunter,marksmanship,6,5,1
Deepcleaning,kazzak,480,hunter,marksmanship,6,5,1
Hawkinstinct,tarren-mill,480,hunter,marksmanship,6,5,1
Wolder,burning-legion,480,hunter,marksmanship,6,5,1
Ðarrk,tarren-mill,480,hunter,marksmanship,6,5,1
Srédder,defias-brotherhood,480,hunter,marksmanship,6,5,1
Сальверди,gordunni,480,hunter,marksmanship,6,5,1
Toptìérgoðx,drakthul,480,hunter,marksmanship,6,5,1
Hvaskøduenme,stormscale,480,hunter,marksmanship,6,5,1
Akkixz,antonidas,480,hunter,marksmanship,6,5,1
Eveo,antonidas,480,hunter,marksmanship,6,5,1
Soloist,sylvanas,480,hunter,marksmanship,6,5,1
Îløvémêld,kazzak,480,hunter,marksmanship,6,5,1
Полития,azuregos,480,hunter,marksmanship,9,6,3
Spitchy,kazzak,480,hunter,marksmanship,12,5,7
Geete,kazzak,480,hunter,marksmanship,12,5,7
Givz,outland,480,hunter,marksmanship,12,5,7
Fylealaes,ravencrest,480,hunter,marksmanship,12,5,7
Kundra,ravencrest,480,hunter,marksmanship,12,5,7
Sodavand,silvermoon,480,hunter,marksmanship,12,5,7
Mercoman,bronze-dragonflight,480,hunter,marksmanship,12,5,7
Capball,kelthuzad,480,hunter,marksmanship,12,5,7
Denaik,ravencrest,480,hunter,marksmanship,12,5,7
Huntardös,outland,480,hunter,marksmanship,12,5,7
Кайсго,gordunni,480,hunter,marksmanship,12,5,7
Уайлен,gordunni,480,hunter,marksmanship,12,5,7
Carrilynn,blackrock,480,hunter,marksmanship,12,5,7
Majuli,stormrage,480,hunter,marksmanship,12,5,7
Sashobg,aerie-peak,480,hunter,marksmanship,12,5,7
Semda,blackmoore,480,hunter,marksmanship,12,5,7
Nothrokh,auchindoun,480,hunter,marksmanship,12,5,7
Sissnik,thrall,480,hunter,marksmanship,12,5,7
Sloee,sylvanas,480,hunter,marksmanship,12,5,7
Мафчик,razuvious,480,hunter,marksmanship,12,5,7
Frágile,drakthul,480,hunter,marksmanship,12,5,7
Famex,blackmoore,480,hunter,marksmanship,12,5,7
Waizen,archimonde,480,hunter,marksmanship,12,5,7
Яроняютрапу,gordunni,480,hunter,marksmanship,12,5,7
Msir,kazzak,480,hunter,marksmanship,12,5,7
Adhdbad,tarren-mill,480,hunter,marksmanship,12,5,7
Хароко,gordunni,480,hunter,marksmanship,12,5,7
Кукито,goldrinn,480,hunter,marksmanship,12,5,7
Mazhug,stormreaver,480,hunter,marksmanship,12,5,7
Lambtron,tarren-mill,480,hunter,marksmanship,12,5,7
Ghøst,madmortem,480,hunter,marksmanship,12,5,7
Olsenas,silvermoon,480,hunter,marksmanship,12,5,7
Thúnar,aegwynn,480,hunter,marksmanship,12,5,7
Deathmarks,blackrock,480,hunter,marksmanship,12,5,7
Galou,ghostlands,480,hunter,marksmanship,12,5,7
Gunfroor,the-maelstrom,480,hunter,marksmanship,12,5,7
Mahuntah,drakthul,480,hunter,marksmanship,12,5,7
Zulthat,thrall,480,hunter,marksmanship,12,5,7
Headshott,agamaggan,480,hunter,marksmanship,12,5,7
Agbaba,twisting-nether,480,hunter,marksmanship,12,5,7
Meghanmarkle,tarren-mill,480,hunter,marksmanship,13,5,8
Draknik,nemesis,480,hunter,marksmanship,16,6,10
Ceres,kaelthas,480,hunter,marksmanship,18,5,13
Hÿyrøk,ysondre,480,hunter,marksmanship,18,5,13
Deathwallker,silvermoon,480,hunter,marksmanship,18,5,13
Athel,moonglade,480,hunter,marksmanship,18,5,13
Outkást,sylvanas,480,hunter,marksmanship,18,5,13
Тэуреэль,gordunni,480,hunter,marksmanship,18,5,13
Rêxxer,blackmoore,480,hunter,marksmanship,18,5,13
Ggproiettili,pozzo-delleternità,480,hunter,marksmanship,18,5,13
Dramin,defias-brotherhood,480,hunter,marksmanship,18,5,13
Tetiscaza,sanguino,480,hunter,marksmanship,24,5,19
Asâya,blackmoore,479,hunter,marksmanship,6,5,1
Arawnork,stormreaver,479,hunter,marksmanship,6,5,1
Золларис,deathguard,479,hunter,marksmanship,6,5,1
Nathah,burning-legion,479,hunter,marksmanship,6,5,1
Amogustroll,burning-blade,479,hunter,marksmanship,10,5,5
Ninjaskillss,ravencrest,479,hunter,marksmanship,12,5,7
Grimazg,chogall,479,hunter,marksmanship,12,5,7
Xeqter,ravencrest,479,hunter,marksmanship,12,5,7
Lunalai,antonidas,479,hunter,marksmanship,12,5,7
Dúnknóé,nordrassil,479,hunter,marksmanship,12,5,7
Nimri,kazzak,479,hunter,marksmanship,12,5,7
Razzét,stormscale,479,hunter,marksmanship,12,5,7
Whereismypet,azjolnerub,479,hunter,marksmanship,12,5,7
Zäyk,zuljin,479,hunter,marksmanship,12,5,7
Живадер,ashenvale,479,hunter,marksmanship,12,5,7
Typex,defias-brotherhood,479,hunter,marksmanship,12,5,7
Secrety,doomhammer,479,hunter,marksmanship,17,5,12
Зиргус,gordunni,479,hunter,marksmanship,18,5,13
Smígol,stormreaver,479,hunter,marksmanship,18,5,13
Kaminôr,antonidas,479,hunter,marksmanship,18,5,13
Gêorge,teldrassil,479,hunter,marksmanship,18,5,13
Hentt,burning-legion,479,hunter,marksmanship,18,5,13
Nígruløl,arthas,479,hunter,marksmanship,18,5,13
Fugerlynipps,stormrage,479,hunter,marksmanship,24,5,19
Nightarrows,ravencrest,478,hunter,marksmanship,6,5,1
Bæbåk,frostmane,478,hunter,marksmanship,6,5,1
Cybertruck,cthun,478,hunter,marksmanship,12,5,7
Tiph,argent-dawn,478,hunter,marksmanship,12,5,7
Thebalrog,korgall,478,hunter,marksmanship,12,5,7
Aleshanee,anetheron,478,hunter,marksmanship,12,5,7
Лукорды,gordunni,478,hunter,marksmanship,12,5,7
Pylos,azshara,477,hunter,marksmanship,12,5,7
Miisakaa,antonidas,477,hunter,marksmanship,12,5,7
Bloodshot,nethersturm,477,hunter,marksmanship,12,5,7
Legath,emerald-dream,477,hunter,marksmanship,12,5,7
Titanx,sylvanas,477,hunter,marksmanship,12,5,7
Bijuelfe,draenor,477,hunter,marksmanship,12,5,7
Гекагека,gordunni,476,hunter,marksmanship,12,5,7
Ашмадей,eversong,476,hunter,marksmanship,12,5,7
Klittcrit,bloodhoof,475,hunter,marksmanship,12,5,7
Robros,dentarg,475,hunter,marksmanship,12,5,7
Sixty,rajaxx,474,hunter,marksmanship,18,5,13
Karmios,drakthul,473,hunter,marksmanship,12,5,7
Skapig,frostwolf,473,hunter,marksmanship,18,5,13
Juki,pozzo-delleternità,472,hunter,marksmanship,12,5,7
Brønkø,azshara,463,hunter,marksmanship,17,5,12
Rdevill,outland,448,hunter,marksmanship,16,5,11
Шэнчи,greymane,447,hunter,marksmanship,11,6,5
Littlenugget,ravencrest,447,hunter,marksmanship,11,5,6
Urith,les-clairvoyants,447,hunter,marksmanship,14,6,8
Haleth,uldum,447,hunter,marksmanship,17,5,12
Thedanchodak,stormrage,440,hunter,marksmanship,11,5,6
Darkstripe,turalyon,431,hunter,marksmanship,11,5,6
Dropthunthun,argent-dawn,431,hunter,marksmanship,15,5,10
Cais,drakthul,426,hunter,marksmanship,18,6,12
Сашатетива,gordunni,426,hunter,marksmanship,20,6,14
Ruger,hyjal,425,hunter,marksmanship,14,6,8
Deadyeyez,doomhammer,423,hunter,marksmanship,15,7,8
Sleepyarrow,chogall,420,hunter,marksmanship,12,6,6
Artaeos,lordaeron,416,hunter,marksmanship,16,5,11
Kowaki,blackmoore,415,hunter,marksmanship,10,5,5
Гилара,soulflayer,415,hunter,marksmanship,22,5,17
Gotha,festung-der-stürme,414,hunter,marksmanship,14,5,9
Anjeschka,nemesis,400,hunter,marksmanship,7,5,2
Snipinx,draenor,384,hunter,marksmanship,6,4,2
Lennyx,quelthalas,384,hunter,marksmanship,6,4,2
Штейн,greymane,384,hunter,marksmanship,6,4,2
Yoey,tarren-mill,384,hunter,marksmanship,6,4,2
Slo,sylvanas,384,hunter,marksmanship,6,4,2
Øtemløol,sanguino,384,hunter,marksmanship,6,4,2
Velen,pozzo-delleternità,384,hunter,marksmanship,6,4,2
Rymous,nemesis,384,hunter,marksmanship,6,4,2
Джеймсфранко,blackscar,384,hunter,marksmanship,6,4,2
Kragán,silvermoon,384,hunter,marksmanship,6,4,2
Doloresman,tarren-mill,384,hunter,marksmanship,6,4,2
Bärlibupi,tarren-mill,384,hunter,marksmanship,6,4,2
Unßørn,archimonde,384,hunter,marksmanship,6,4,2
Сынсема,blackscar,384,hunter,marksmanship,6,4,2
Nöbody,khaz-modan,384,hunter,marksmanship,6,4,2
Sovanz,aggra-português,384,hunter,marksmanship,6,4,2
Spyte,twisting-nether,384,hunter,marksmanship,6,4,2
Dezmoinez,twisting-nether,384,hunter,marksmanship,6,4,2
Likandria,blackmoore,384,hunter,marksmanship,6,4,2
Дарцетос,greymane,384,hunter,marksmanship,6,4,2
Артуша,booty-bay,384,hunter,marksmanship,6,4,2
Benbutton,antonidas,384,hunter,marksmanship,6,4,2
Haranti,dun-modr,384,hunter,marksmanship,6,4,2
Éclipze,outland,384,hunter,marksmanship,6,4,2
Luzivarus,malganis,384,hunter,marksmanship,6,4,2
Хантероо,gordunni,384,hunter,marksmanship,6,4,2
Junqué,sanguino,384,hunter,marksmanship,6,4,2
Чэрпак,gordunni,384,hunter,marksmanship,6,4,2
Gaudio,outland,384,hunter,marksmanship,6,4,2
Darllene,kazzak,384,hunter,marksmanship,6,4,2
Сацыви,gordunni,384,hunter,marksmanship,6,4,2
Мейрелис,blackscar,384,hunter,marksmanship,6,4,2
Vantagepoint,arathor,384,hunter,marksmanship,6,4,2
Тумбаюмб,howling-fjord,384,hunter,marksmanship,6,4,2
Comegetme,auchindoun,384,hunter,marksmanship,6,4,2
Zoêva,blackhand,384,hunter,marksmanship,6,4,2
Ðæom,outland,384,hunter,marksmanship,6,4,2
Skytraped,hyjal,384,hunter,marksmanship,6,4,2
Nßatrapper,outland,384,hunter,marksmanship,6,4,2
Niffe,stormscale,384,hunter,marksmanship,6,4,2
Bosseleon,blackrock,384,hunter,marksmanship,6,4,2
Sandchaton,ragnaros,384,hunter,marksmanship,6,4,2
Yuichiro,senjin,384,hunter,marksmanship,6,4,2
Intoxd,sylvanas,384,hunter,marksmanship,6,4,2
Roke,malganis,384,hunter,marksmanship,6,4,2
Thain,stormscale,384,hunter,marksmanship,6,4,2
Síden,sylvanas,384,hunter,marksmanship,6,4,2
Myoui,silvermoon,384,hunter,marksmanship,6,4,2
Burninghunt,ravencrest,384,hunter,marksmanship,6,4,2
Hntudwn,azshara,384,hunter,marksmanship,6,4,2
Kikilirilivi,ysondre,384,hunter,marksmanship,6,4,2
Стёпкахант,gordunni,384,hunter,marksmanship,6,4,2
Томбомбадил,howling-fjord,384,hunter,marksmanship,6,4,2
Yuptae,alonsus,384,hunter,marksmanship,6,4,2
Idtrapthat,nagrand,384,hunter,marksmanship,6,4,2
Ðøper,hyjal,384,hunter,marksmanship,6,4,2
Леегголасс,fordragon,384,hunter,marksmanship,6,4,2
Wîldhunt,burning-legion,384,hunter,marksmanship,11,4,7
Tyrone,saurfang,384,hunter,marksmanship,15,5,10
Hakamael,kirin-tor,384,hunter,marksmanship,12,4,8
Querro,azshara,384,hunter,marksmanship,12,4,8
Marodan,ambossar,384,hunter,marksmanship,12,4,8
Косаяя,gordunni,384,hunter,marksmanship,12,4,8
Slinkywinky,eonar,384,hunter,marksmanship,12,4,8
Raínbow,aegwynn,384,hunter,marksmanship,12,4,8
Linguinhas,aggra-português,384,hunter,marksmanship,12,4,8
Araemveus,moonglade,384,hunter,marksmanship,12,4,8
Diqtore,aszune,384,hunter,marksmanship,12,4,8
Jinxpeasant,twisting-nether,384,hunter,marksmanship,12,4,8
Jondone,silvermoon,384,hunter,marksmanship,12,4,8
Hallem,karazhan,384,hunter,marksmanship,12,4,8
Sjins,draenor,384,hunter,marksmanship,12,4,8
Vallêria,malganis,384,hunter,marksmanship,12,4,8
Powerofanime,drakthul,384,hunter,marksmanship,12,4,8
Peonfarmer,argent-dawn,384,hunter,marksmanship,12,4,8
Vohnívak,turalyon,384,hunter,marksmanship,12,4,8
Deeparrow,stormscale,384,hunter,marksmanship,12,4,8
Darkshe,dun-modr,384,hunter,marksmanship,12,4,8
Tytoyz,khaz-modan,384,hunter,marksmanship,12,4,8
Døømslayer,nemesis,384,hunter,marksmanship,12,4,8
Fennecshand,colinas-pardas,384,hunter,marksmanship,12,4,8
Shadowxx,silvermoon,384,hunter,marksmanship,12,4,8
Hiddenstalk,outland,384,hunter,marksmanship,12,4,8
Kanlina,ravencrest,384,hunter,marksmanship,12,4,8
Зангейра,blackscar,384,hunter,marksmanship,12,4,8
Верат,howling-fjord,384,hunter,marksmanship,12,4,8
Aimedbot,azjolnerub,384,hunter,marksmanship,12,4,8
Mexine,dun-morogh,384,hunter,marksmanship,12,4,8
Tonttulul,draenor,384,hunter,marksmanship,12,4,8
Suburra,stormscale,384,hunter,marksmanship,12,4,8
Rapid,sylvanas,384,hunter,marksmanship,12,4,8
Aamön,tarren-mill,384,hunter,marksmanship,12,4,8
Stefraton,twisting-nether,384,hunter,marksmanship,12,4,8
Drágø,blackmoore,384,hunter,marksmanship,12,4,8
Calyssae,shattered-halls,384,hunter,marksmanship,12,4,8
Графруру,soulflayer,384,hunter,marksmanship,12,4,8
Лерочкалиса,gordunni,384,hunter,marksmanship,12,4,8
Egodennis,frostwolf,384,hunter,marksmanship,12,4,8
Chaoticshot,ravencrest,384,hunter,marksmanship,12,4,8
Йинги,gordunni,384,hunter,marksmanship,12,4,8
Draoclick,hyjal,384,hunter,marksmanship,12,4,8
Becoming,burning-legion,384,hunter,marksmanship,12,4,8
Eykons,ragnaros,384,hunter,marksmanship,12,4,8
Свадебная,gordunni,384,hunter,marksmanship,12,4,8
Hardshots,tarren-mill,384,hunter,marksmanship,12,4,8
Bugspitz,outland,384,hunter,marksmanship,12,4,8
Абунай,soulflayer,384,hunter,marksmanship,12,4,8
Zeyron,ravencrest,384,hunter,marksmanship,12,4,8
Skyttelaj,stormscale,384,hunter,marksmanship,12,4,8
Taurd,dragonmaw,384,hunter,marksmanship,12,4,8
Tartaupommes,hyjal,384,hunter,marksmanship,12,4,8
Dangerousfoe,argent-dawn,384,hunter,marksmanship,12,4,8
Naestra,tarren-mill,384,hunter,marksmanship,12,4,8
Wildslip,archimonde,384,hunter,marksmanship,12,4,8
Djurslavaren,draenor,384,hunter,marksmanship,12,4,8
Ätea,hyjal,384,hunter,marksmanship,12,4,8
Sharún,sylvanas,384,hunter,marksmanship,12,4,8
Hashaya,hyjal,384,hunter,marksmanship,12,4,8
Oròg,hyjal,384,hunter,marksmanship,12,4,8
Rndhunt,shattrath,384,hunter,marksmanship,12,4,8
Jskey,aggramar,384,hunter,marksmanship,12,4,8
Loydzz,hyjal,384,hunter,marksmanship,12,4,8
Маори,deepholm,384,hunter,marksmanship,18,4,14
Soppatorsk,shadowsong,384,hunter,marksmanship,18,4,14
Haraigoshí,grim-batol,384,hunter,marksmanship,18,4,14
Cachapas,ravencrest,384,hunter,marksmanship,18,4,14
Kêêpsmile,blackmoore,384,hunter,marksmanship,18,4,14
Ruhen,aegwynn,384,hunter,marksmanship,18,4,14
Enablee,lightbringer,384,hunter,marksmanship,24,4,20
Chase,wildhammer,384,hunter,marksmanship,30,4,26
Towknee,tarren-mill,383,hunter,marksmanship,6,4,2
Koørai,outland,383,hunter,marksmanship,6,4,2
Вевери,blackscar,383,hunter,marksmanship,6,4,2
Køûrø,hyjal,383,hunter,marksmanship,6,4,2
Amiosi,sanguino,383,hunter,marksmanship,10,5,5
Obata,arathor,383,hunter,marksmanship,8,4,4
Slicerfoot,ghostlands,383,hunter,marksmanship,12,4,8
Anguerande,khaz-modan,383,hunter,marksmanship,12,4,8
Amsterdamer,sylvanas,383,hunter,marksmanship,12,4,8
Penelopé,darkmoon-faire,383,hunter,marksmanship,12,4,8
Zirriath,mazrigos,383,hunter,marksmanship,12,4,8
Meletis,stormreaver,383,hunter,marksmanship,12,4,8
Jinzala,argent-dawn,383,hunter,marksmanship,12,4,8
Grognyre,silvermoon,383,hunter,marksmanship,12,4,8
Tervel,dun-morogh,383,hunter,marksmanship,12,4,8
Speedofpain,kazzak,383,hunter,marksmanship,12,4,8
Kyéra,kirin-tor,383,hunter,marksmanship,12,4,8
Beaupapa,archimonde,383,hunter,marksmanship,14,4,10
Musux,uldum,383,hunter,marksmanship,18,4,14
Trillu,madmortem,383,hunter,marksmanship,18,4,14
Koreic,silvermoon,383,hunter,marksmanship,18,4,14
Bulhumt,draenor,382,hunter,marksmanship,6,4,2
Deadshout,kazzak,382,hunter,marksmanship,6,4,2
Бурбоньчик,soulflayer,382,hunter,marksmanship,12,4,8
Costae,aerie-peak,382,hunter,marksmanship,12,4,8
Deadlymayhem,dragonblight,382,hunter,marksmanship,12,4,8
Metapouk,archimonde,382,hunter,marksmanship,12,4,8
Whitehor,ragnaros,382,hunter,marksmanship,18,4,14
Enérgize,argent-dawn,380,hunter,marksmanship,18,4,14
Lumidii,burning-legion,379,hunter,marksmanship,12,4,8
Pâthfînder,destromath,379,hunter,marksmanship,12,4,8
Кисяныч,gordunni,372,hunter,marksmanship,18,7,11
Éddiémórphín,kazzak,367,hunter,marksmanship,11,4,7
Dhmuntar,ravencrest,367,hunter,marksmanship,11,4,7
Ketsh,antonidas,367,hunter,marksmanship,17,4,13
Jablaka,blackhand,366,hunter,marksmanship,23,4,19
Boehelientje,defias-brotherhood,351,hunter,marksmanship,11,4,7
Naepy,thrall,351,hunter,marksmanship,16,4,12
Rea,archimonde,350,hunter,marksmanship,16,4,12
Lujägy,antonidas,344,hunter,marksmanship,14,5,9
Shadoox,argent-dawn,335,hunter,marksmanship,11,4,7
Arwenna,argent-dawn,328,hunter,marksmanship,11,6,5
Rakmo,blackmoore,320,hunter,marksmanship,10,4,6
Bloópy,silvermoon,320,hunter,marksmanship,10,4,6
Keritos,outland,320,hunter,marksmanship,10,4,6
Выпейдождь,gordunni,319,hunter,marksmanship,8,4,4
Banninymph,culte-de-la-rive-noire,317,hunter,marksmanship,18,5,13
Zyhraa,ravencrest,288,hunter,marksmanship,6,3,3
Atranex,ravencrest,288,hunter,marksmanship,6,3,3
Люблюлюбовь,gordunni,288,hunter,marksmanship,6,3,3
Aimywinehaus,burning-blade,288,hunter,marksmanship,6,3,3
Celebor,sanguino,288,hunter,marksmanship,6,3,3
Cabuløsø,aggra-português,288,hunter,marksmanship,6,3,3
Kofie,steamwheedle-cartel,288,hunter,marksmanship,6,3,3
Hreo,twisting-nether,288,hunter,marksmanship,6,3,3
Трапавграунд,howling-fjord,288,hunter,marksmanship,6,3,3
Brûmovitch,archimonde,288,hunter,marksmanship,6,3,3
Hidalgô,kult-der-verdammten,288,hunter,marksmanship,6,3,3
Neescafe,sylvanas,288,hunter,marksmanship,6,3,3
Taenic,azshara,288,hunter,marksmanship,6,3,3
Aimshot,ravencrest,288,hunter,marksmanship,6,3,3
Rakshor,thrall,288,hunter,marksmanship,6,3,3
Shall,outland,288,hunter,marksmanship,6,3,3
Rykini,twisting-nether,288,hunter,marksmanship,6,3,3
Andrøk,archimonde,288,hunter,marksmanship,6,3,3
Zugzlug,tarren-mill,288,hunter,marksmanship,6,3,3
Naramir,ysondre,288,hunter,marksmanship,6,3,3
Dreemshoot,stormscale,288,hunter,marksmanship,6,3,3
Kahbe,ravencrest,288,hunter,marksmanship,6,3,3
Padancete,sanguino,288,hunter,marksmanship,6,3,3
Sheilare,doomhammer,288,hunter,marksmanship,6,3,3
Колякилшот,gordunni,288,hunter,marksmanship,6,3,3
Samasukë,grim-batol,288,hunter,marksmanship,6,3,3
Mariabanks,aegwynn,288,hunter,marksmanship,6,3,3
Velne,ravencrest,288,hunter,marksmanship,6,3,3
Attileus,ragnaros,288,hunter,marksmanship,6,3,3
ßæro,hyjal,288,hunter,marksmanship,6,3,3
Nerdhark,hyjal,288,hunter,marksmanship,6,3,3
Хихихихх,gordunni,288,hunter,marksmanship,6,3,3
Kaznek,hyjal,288,hunter,marksmanship,6,3,3
Jarhead,arthas,288,hunter,marksmanship,6,3,3
Søp,marécage-de-zangar,288,hunter,marksmanship,6,3,3
Babûsch,blackmoore,288,hunter,marksmanship,6,3,3
Lithell,kazzak,288,hunter,marksmanship,6,3,3
Meeturmakerr,ravencrest,288,hunter,marksmanship,6,3,3
Dedral,aegwynn,288,hunter,marksmanship,6,3,3
Экономист,fordragon,288,hunter,marksmanship,6,3,3
Sylariel,die-aldor,288,hunter,marksmanship,6,3,3
Ökisek,drakthul,288,hunter,marksmanship,6,3,3
Deta,blackmoore,288,hunter,marksmanship,6,3,3
Ayiu,argent-dawn,288,hunter,marksmanship,6,3,3
Xborn,draenor,288,hunter,marksmanship,6,3,3
Storphunt,drakthul,288,hunter,marksmanship,6,3,3
Mhb,quelthalas,288,hunter,marksmanship,6,3,3
Гунныч,grom,288,hunter,marksmanship,6,3,3
Stimpak,nordrassil,288,hunter,marksmanship,6,3,3
Vystrelil,drakthul,288,hunter,marksmanship,6,3,3
Spítz,outland,288,hunter,marksmanship,6,3,3
Zøk,stormscale,288,hunter,marksmanship,6,3,3
Djøgi,archimonde,288,hunter,marksmanship,6,3,3
Pläpp,stormscale,288,hunter,marksmanship,6,3,3
Phinecone,stormscale,288,hunter,marksmanship,6,3,3
Focüs,les-sentinelles,288,hunter,marksmanship,6,3,3
Каэсс,gordunni,288,hunter,marksmanship,6,3,3
Zwockeline,blutkessel,288,hunter,marksmanship,6,3,3
Threeguns,blackrock,288,hunter,marksmanship,6,3,3
Nastytraps,blackrock,288,hunter,marksmanship,6,3,3
Jetleesnipez,blackmoore,288,hunter,marksmanship,6,3,3
Elnino,eonar,288,hunter,marksmanship,6,3,3
Burbutsuluki,silvermoon,288,hunter,marksmanship,6,3,3
Spunkybum,nagrand,288,hunter,marksmanship,6,3,3
Комомура,soulflayer,288,hunter,marksmanship,6,3,3
Tardoboy,blackrock,288,hunter,marksmanship,6,3,3
Oogie,laughing-skull,288,hunter,marksmanship,6,3,3
Feyoonxx,blackrock,288,hunter,marksmanship,6,3,3
Fize,blackmoore,288,hunter,marksmanship,6,3,3
Borbotir,silvermoon,288,hunter,marksmanship,6,3,3
Kfcmanagerx,silvermoon,288,hunter,marksmanship,6,3,3
Eéilin,the-maelstrom,288,hunter,marksmanship,6,3,3
Bocek,silvermoon,288,hunter,marksmanship,6,3,3
Ев,lich-king,288,hunter,marksmanship,6,3,3
Techpøint,silvermoon,288,hunter,marksmanship,6,3,3
Graavi,silvermoon,288,hunter,marksmanship,6,3,3
Osie,kazzak,288,hunter,marksmanship,6,3,3
Lioness,ahnqiraj,288,hunter,marksmanship,6,3,3
Aliltoxic,silvermoon,288,hunter,marksmanship,6,3,3
Deadluck,kazzak,288,hunter,marksmanship,6,3,3
Nightarrowq,tarren-mill,288,hunter,marksmanship,9,4,5
Amdéa,boulderfist,288,hunter,marksmanship,10,4,6
Boen,nordrassil,288,hunter,marksmanship,8,3,5
Нойран,eversong,288,hunter,marksmanship,9,3,6
Лонтерикс,gordunni,288,hunter,marksmanship,11,3,8
Thalanel,arthas,288,hunter,marksmanship,12,3,9
Augie,kazzak,288,hunter,marksmanship,12,3,9
Rløad,hyjal,288,hunter,marksmanship,12,3,9
Deahtviper,blackmoore,288,hunter,marksmanship,12,3,9
Zubro,kazzak,288,hunter,marksmanship,12,3,9
Clickpao,outland,288,hunter,marksmanship,12,3,9
Dafragger,blackmoore,288,hunter,marksmanship,12,3,9
Ghenter,sargeras,288,hunter,marksmanship,12,3,9
Foxmis,kazzak,288,hunter,marksmanship,12,3,9
Lùchiean,kazzak,288,hunter,marksmanship,12,3,9
Snipar,chogall,288,hunter,marksmanship,12,3,9
Dãhrn,sanguino,288,hunter,marksmanship,12,3,9
Bowgamerx,ravencrest,288,hunter,marksmanship,12,3,9
Jensa,darksorrow,288,hunter,marksmanship,12,3,9
Скадхи,blackscar,288,hunter,marksmanship,12,3,9
Sphinx,neptulon,288,hunter,marksmanship,12,3,9
Aîmshot,ravencrest,288,hunter,marksmanship,12,3,9
Nímren,ambossar,288,hunter,marksmanship,12,3,9
Zammies,aggramar,288,hunter,marksmanship,12,3,9
Flucxx,stormscale,288,hunter,marksmanship,12,3,9
Funkemarie,blackmoore,288,hunter,marksmanship,12,3,9
Instinctx,agamaggan,288,hunter,marksmanship,12,3,9
Naaztko,stormscale,288,hunter,marksmanship,12,3,9
Spakster,blackrock,288,hunter,marksmanship,12,3,9
Missdarkness,shattered-hand,288,hunter,marksmanship,12,3,9
Deify,grim-batol,288,hunter,marksmanship,12,3,9
Нэвлоск,gordunni,288,hunter,marksmanship,12,3,9
Горгудц,gordunni,288,hunter,marksmanship,12,3,9
Kolgrim,temple-noir,288,hunter,marksmanship,12,3,9
Астериел,blackscar,288,hunter,marksmanship,12,3,9
Halfstone,frostmane,288,hunter,marksmanship,12,3,9
Кактусджекк,gordunni,288,hunter,marksmanship,12,3,9
Хедшоттер,blackscar,288,hunter,marksmanship,12,3,9
Akù,magtheridon,288,hunter,marksmanship,12,3,9
Chassuu,khaz-modan,288,hunter,marksmanship,12,3,9
Unclehowdy,sanguino,288,hunter,marksmanship,12,3,9
Flyingnipp,arthas,288,hunter,marksmanship,12,3,9
Incompetence,argent-dawn,288,hunter,marksmanship,12,3,9
Richidex,zuljin,288,hunter,marksmanship,12,3,9
Fatfrumos,twisting-nether,288,hunter,marksmanship,12,3,9
Oduross,minahonda,288,hunter,marksmanship,12,3,9
Бубунн,howling-fjord,288,hunter,marksmanship,12,3,9
Mewithoutyou,ragnaros,288,hunter,marksmanship,12,3,9
Jakis,silvermoon,288,hunter,marksmanship,12,3,9
Saîtek,chogall,288,hunter,marksmanship,12,3,9
Tsía,ysondre,288,hunter,marksmanship,17,3,14
Apolix,ragnaros,288,hunter,marksmanship,18,3,15
Gabbriel,ravencrest,288,hunter,marksmanship,18,3,15
Showdope,drakthul,288,hunter,marksmanship,18,3,15
Shademd,ahnqiraj,288,hunter,marksmanship,18,3,15
Sidera,der-rat-von-dalaran,288,hunter,marksmanship,18,3,15
Basìcs,nemesis,287,hunter,marksmanship,6,3,3
Оркос,deathweaver,287,hunter,marksmanship,6,3,3
Twak,kilrogg,287,hunter,marksmanship,6,3,3
Zanrawo,blutkessel,287,hunter,marksmanship,6,3,3
Turkos,krasus,287,hunter,marksmanship,6,3,3
Kolskoot,kilrogg,287,hunter,marksmanship,6,3,3
Btk,sanguino,287,hunter,marksmanship,6,3,3
Cøbrâ,hyjal,287,hunter,marksmanship,10,3,7
Constantín,aegwynn,287,hunter,marksmanship,12,3,9
Dwoas,darkspear,287,hunter,marksmanship,12,3,9
Onexshot,draenor,287,hunter,marksmanship,12,3,9
Hunterbeck,ravencrest,287,hunter,marksmanship,12,3,9
Kerrveros,ravencrest,287,hunter,marksmanship,12,3,9
Worus,argent-dawn,287,hunter,marksmanship,12,3,9
Zwerglogan,amanthul,287,hunter,marksmanship,18,3,15
Mirselle,drakthul,286,hunter,marksmanship,6,3,3
Jomoguin,stormscale,286,hunter,marksmanship,6,3,3
Millhunter,norgannon,284,hunter,marksmanship,12,3,9
Nogneteen,chamber-of-aspects,284,hunter,marksmanship,18,3,15
Najetazruda,drakthul,255,hunter,marksmanship,10,3,7
Jaguarundy,dun-modr,239,hunter,marksmanship,5,3,2
Eazzyy,auchindoun,239,hunter,marksmanship,5,3,2
Олдорк,howling-fjord,239,hunter,marksmanship,12,3,9
Incrediown,tarren-mill,234,hunter,marksmanship,7,4,3
Falakras,ragnaros,223,hunter,marksmanship,8,3,5
Dampfwâlzê,nozdormu,223,hunter,marksmanship,14,3,11
Skarra,zuljin,208,hunter,marksmanship,7,3,4
Melloy,drakthul,192,hunter,marksmanship,6,2,4
Ricoshet,silvermoon,192,hunter,marksmanship,6,2,4
Köblow,khaz-modan,192,hunter,marksmanship,6,2,4
Arkell,los-errantes,192,hunter,marksmanship,6,2,4
Othellö,kazzak,192,hunter,marksmanship,6,2,4
Bobshmurda,defias-brotherhood,192,hunter,marksmanship,6,2,4
Трисциллочка,howling-fjord,192,hunter,marksmanship,6,2,4
Nnoyk,defias-brotherhood,192,hunter,marksmanship,6,2,4
Дианнесса,howling-fjord,192,hunter,marksmanship,6,2,4
Hapocalypt,pozzo-delleternità,192,hunter,marksmanship,6,2,4
Mìrilass,nemesis,192,hunter,marksmanship,6,2,4
Corrector,outland,192,hunter,marksmanship,6,2,4
Хисдед,howling-fjord,192,hunter,marksmanship,6,2,4
Bärberøusse,illidan,192,hunter,marksmanship,6,2,4
Sebrienne,defias-brotherhood,192,hunter,marksmanship,6,2,4
Bellecoq,arathi,192,hunter,marksmanship,6,2,4
Zinà,naxxramas,192,hunter,marksmanship,6,2,4
Eilet,pozzo-delleternità,192,hunter,marksmanship,6,2,4
Aspergun,ragnaros,192,hunter,marksmanship,6,2,4
Tórbjorn,argent-dawn,192,hunter,marksmanship,6,2,4
Rixxâr,blackrock,192,hunter,marksmanship,6,2,4
Sylverein,silvermoon,192,hunter,marksmanship,6,2,4
Keinzira,hyjal,192,hunter,marksmanship,6,2,4
Adkins,elune,192,hunter,marksmanship,6,2,4
Silenta,outland,192,hunter,marksmanship,6,2,4
Nashanael,argent-dawn,192,hunter,marksmanship,6,2,4
Eilosh,outland,192,hunter,marksmanship,6,2,4
Mcperra,zuljin,192,hunter,marksmanship,6,2,4
Elvyns,silvermoon,192,hunter,marksmanship,6,2,4
Bignug,conseil-des-ombres,192,hunter,marksmanship,6,2,4
Phanos,draenor,192,hunter,marksmanship,6,2,4
Entaiy,blackmoore,192,hunter,marksmanship,6,2,4
Sarblade,bronze-dragonflight,192,hunter,marksmanship,6,2,4
Arunaky,uldum,192,hunter,marksmanship,6,2,4
Ecthelione,the-venture-co,192,hunter,marksmanship,6,2,4
Huntbeard,ragnaros,192,hunter,marksmanship,6,2,4
Miracleh,tarren-mill,192,hunter,marksmanship,6,2,4
Rhyle,hyjal,192,hunter,marksmanship,6,2,4
Sinadoreck,sargeras,192,hunter,marksmanship,6,2,4
Viktorijå,draenor,192,hunter,marksmanship,6,2,4
Elfyhunter,outland,192,hunter,marksmanship,6,2,4
Fenomhunt,silvermoon,192,hunter,marksmanship,6,2,4
Goldnug,karazhan,192,hunter,marksmanship,6,2,4
Poman,azjolnerub,192,hunter,marksmanship,6,2,4
Missingno,sporeggar,192,hunter,marksmanship,6,2,4
Themehdi,silvermoon,192,hunter,marksmanship,6,2,4
Rafaela,genjuros,192,hunter,marksmanship,6,2,4
Mobshot,twisting-nether,192,hunter,marksmanship,6,2,4
Meztarinnan,twisting-nether,192,hunter,marksmanship,6,2,4
Grytax,outland,192,hunter,marksmanship,6,2,4
Greenstar,twisting-nether,192,hunter,marksmanship,6,2,4
Bowner,frostmane,192,hunter,marksmanship,6,2,4
Sugmèg,dragonblight,192,hunter,marksmanship,6,2,4
Bláckheart,doomhammer,192,hunter,marksmanship,6,2,4
Brubeck,terokkar,192,hunter,marksmanship,6,2,4
Marrow,alleria,192,hunter,marksmanship,6,2,4
Sylvanaskwt,silvermoon,192,hunter,marksmanship,6,2,4
Garrash,teldrassil,192,hunter,marksmanship,6,2,4
Kírathril,blackhand,192,hunter,marksmanship,6,2,4
Ðkð,archimonde,192,hunter,marksmanship,6,2,4
Machini,terokkar,192,hunter,marksmanship,6,2,4
Carioca,blackhand,192,hunter,marksmanship,6,2,4
Hvnn,stormscale,192,hunter,marksmanship,6,2,4
Охотуначал,soulflayer,192,hunter,marksmanship,6,2,4
Tòràk,twisting-nether,192,hunter,marksmanship,6,2,4
Hntard,stormscale,192,hunter,marksmanship,6,2,4
Anklar,blackrock,192,hunter,marksmanship,6,2,4
Larrylegend,der-rat-von-dalaran,192,hunter,marksmanship,6,2,4
Hadto,der-rat-von-dalaran,192,hunter,marksmanship,6,2,4
Arnakua,outland,192,hunter,marksmanship,6,2,4
Bóssit,skullcrusher,192,hunter,marksmanship,6,2,4
Шергала,soulflayer,192,hunter,marksmanship,6,2,4
Îratus,blackmoore,192,hunter,marksmanship,6,2,4
Beletor,medivh,192,hunter,marksmanship,6,2,4
Jamais,stormscale,192,hunter,marksmanship,6,2,4
Эвелан,soulflayer,192,hunter,marksmanship,6,2,4
Shogos,aggra-português,192,hunter,marksmanship,6,2,4
Зихантер,soulflayer,192,hunter,marksmanship,6,2,4
Darkshàdow,archimonde,192,hunter,marksmanship,6,2,4
Сактарион,soulflayer,192,hunter,marksmanship,6,2,4
Kodakcrack,draenor,192,hunter,marksmanship,6,2,4
Ävírøñskÿ,ravencrest,192,hunter,marksmanship,6,2,4
Sankari,blackmoore,192,hunter,marksmanship,6,2,4
Vâleriaa,blackrock,192,hunter,marksmanship,6,2,4
Jachtorc,kazzak,192,hunter,marksmanship,6,2,4
Velvett,blackmoore,192,hunter,marksmanship,6,2,4
Doghxnter,ravencrest,192,hunter,marksmanship,6,2,4
Фетсол,soulflayer,192,hunter,marksmanship,6,2,4
Chenony,ravencrest,192,hunter,marksmanship,6,2,4
Hexorn,ysondre,192,hunter,marksmanship,6,2,4
Notikâ,aegwynn,192,hunter,marksmanship,6,2,4
Realme,blackrock,192,hunter,marksmanship,6,2,4
Cryka,blackmoore,192,hunter,marksmanship,6,2,4
Zulldek,sanguino,192,hunter,marksmanship,6,2,4
Boarthrills,ravencrest,192,hunter,marksmanship,6,2,4
Olrik,dentarg,192,hunter,marksmanship,6,2,4
Dola,archimonde,192,hunter,marksmanship,6,2,4
Najli,kazzak,192,hunter,marksmanship,6,2,4
Nînux,frostwolf,192,hunter,marksmanship,6,2,4
Nyght,ravencrest,192,hunter,marksmanship,6,2,4
Plilolz,archimonde,192,hunter,marksmanship,6,2,4
Denixilith,eredar,192,hunter,marksmanship,6,2,4
Arrowlight,archimonde,192,hunter,marksmanship,6,2,4
Slayman,kazzak,192,hunter,marksmanship,6,2,4
Sayn,la-croisade-écarlate,192,hunter,marksmanship,6,2,4
Isokrates,das-syndikat,192,hunter,marksmanship,6,2,4
Anoroxx,arthas,192,hunter,marksmanship,6,2,4
Brizza,talnivarr,192,hunter,marksmanship,6,2,4
Traenuss,azuremyst,192,hunter,marksmanship,6,2,4
Шейхант,gordunni,192,hunter,marksmanship,6,2,4
Youardead,arthas,192,hunter,marksmanship,6,2,4
Bréanni,auchindoun,192,hunter,marksmanship,6,2,4
Doknak,gilneas,192,hunter,marksmanship,6,2,4
Flick,auchindoun,192,hunter,marksmanship,6,2,4
Lagich,sylvanas,192,hunter,marksmanship,6,2,4
Sloe,sylvanas,192,hunter,marksmanship,6,2,4
Виндрунир,gordunni,192,hunter,marksmanship,6,2,4
Avp,sylvanas,192,hunter,marksmanship,6,2,4
Гернриета,gordunni,192,hunter,marksmanship,6,2,4
Traplørdx,sylvanas,192,hunter,marksmanship,6,2,4
Lethalshotz,tarren-mill,192,hunter,marksmanship,7,2,5
Suchykeb,silvermoon,192,hunter,marksmanship,12,2,10
Elitepeon,blackmoore,192,hunter,marksmanship,12,2,10
Dmanite,ravencrest,192,hunter,marksmanship,12,2,10
Коватори,borean-tundra,192,hunter,marksmanship,12,2,10
Banglor,shattered-hand,192,hunter,marksmanship,12,2,10
Explicits,stormscale,192,hunter,marksmanship,12,2,10
Almêryck,ysondre,192,hunter,marksmanship,12,2,10
Fedya,kazzak,192,hunter,marksmanship,12,2,10
Negz,eredar,192,hunter,marksmanship,12,2,10
Headshota,stormscale,192,hunter,marksmanship,12,2,10
Cazaó,sanguino,192,hunter,marksmanship,12,2,10
Weedonyhunt,hyjal,192,hunter,marksmanship,12,2,10
Friskì,draenor,192,hunter,marksmanship,12,2,10
Gingiismydad,outland,192,hunter,marksmanship,12,2,10
Застрельщикц,soulflayer,192,hunter,marksmanship,12,2,10
Hyod,khaz-modan,192,hunter,marksmanship,12,2,10
Poszipabre,magtheridon,192,hunter,marksmanship,12,2,10
Pulsaðenura,dun-modr,192,hunter,marksmanship,12,2,10
Кетроуз,howling-fjord,192,hunter,marksmanship,12,2,10
Лиасон,howling-fjord,192,hunter,marksmanship,12,2,10
Kenpach,frostmane,192,hunter,marksmanship,12,2,10
Spacenøub,archimonde,192,hunter,marksmanship,12,2,10
Katharyne,argent-dawn,192,hunter,marksmanship,12,2,10
Kronzucker,eredar,192,hunter,marksmanship,18,2,16
Downpipe,shattered-hand,191,hunter,marksmanship,6,2,4
Sushimän,kaelthas,191,hunter,marksmanship,6,2,4
Stormhoofd,bloodhoof,191,hunter,marksmanship,6,2,4
Rockét,malorne,191,hunter,marksmanship,6,2,4
Fakepvper,darksorrow,191,hunter,marksmanship,6,2,4
Кикто,gordunni,191,hunter,marksmanship,6,2,4
Enanorabioso,minahonda,191,hunter,marksmanship,6,2,4
Fingon,alleria,191,hunter,marksmanship,12,2,10
Kure,blackrock,191,hunter,marksmanship,12,2,10
Chalyto,dun-morogh,191,hunter,marksmanship,12,2,10
Buttsnipe,sylvanas,159,hunter,marksmanship,5,2,3
Doojas,archimonde,159,hunter,marksmanship,5,2,3
Jaguàr,kazzak,159,hunter,marksmanship,5,2,3
Hokro,thrall,159,hunter,marksmanship,5,2,3
Spagooters,argent-dawn,138,hunter,marksmanship,11,3,8
Robingood,alexstrasza,138,hunter,marksmanship,22,5,17
Neremyn,sylvanas,138,hunter,marksmanship,15,3,12
Primator,argent-dawn,128,hunter,marksmanship,4,2,2
Maríschká,amanthul,127,hunter,marksmanship,10,2,8
Delanoche,exodar,112,hunter,marksmanship,7,2,5
Ríffraff,silvermoon,96,hunter,marksmanship,3,2,1
Janoh,dalaran,96,hunter,marksmanship,3,2,1
Akahr,thrall,96,hunter,marksmanship,3,2,1
Tryx,darksorrow,96,hunter,marksmanship,3,2,1
Åbomìnatïon,ravencrest,96,hunter,marksmanship,18,3,15
Superfacial,twisting-nether,96,hunter,marksmanship,6,1,5
Wantsumsnipe,twisting-nether,96,hunter,marksmanship,6,1,5
Chapovito,twisting-nether,96,hunter,marksmanship,6,1,5
Nortroll,draenor,96,hunter,marksmanship,6,1,5
Lyute,draenor,96,hunter,marksmanship,6,1,5
Thefoxsay,draenor,96,hunter,marksmanship,6,1,5
Kongweaver,ragnaros,96,hunter,marksmanship,6,1,5
Flechaoscurä,exodar,96,hunter,marksmanship,6,1,5
Sagytaryus,nemesis,96,hunter,marksmanship,6,1,5
Wonderbrax,nemesis,96,hunter,marksmanship,6,1,5
Камсшотт,gordunni,96,hunter,marksmanship,6,1,5
Faccacamoale,twisting-nether,96,hunter,marksmanship,6,1,5
Wolfmcquade,draenor,96,hunter,marksmanship,6,1,5
Galedjïn,conseil-des-ombres,96,hunter,marksmanship,6,1,5
Frapt,dalaran,96,hunter,marksmanship,6,1,5
Chillø,elune,96,hunter,marksmanship,6,1,5
Lòò,aegwynn,96,hunter,marksmanship,6,1,5
Frilance,dun-modr,96,hunter,marksmanship,6,1,5
Wàterloo,marécage-de-zangar,96,hunter,marksmanship,6,1,5
Tesourinho,aggra-português,96,hunter,marksmanship,6,1,5
Syx,amanthul,96,hunter,marksmanship,6,1,5
Roupinol,aggra-português,96,hunter,marksmanship,6,1,5
Гижуна,howling-fjord,96,hunter,marksmanship,6,1,5
Chassour,archimonde,96,hunter,marksmanship,6,1,5
Wèdra,hyjal,96,hunter,marksmanship,6,1,5
Beryllium,pozzo-delleternità,96,hunter,marksmanship,6,1,5
Барев,howling-fjord,96,hunter,marksmanship,6,1,5
Cxc,dun-modr,96,hunter,marksmanship,6,1,5
Санзи,howling-fjord,96,hunter,marksmanship,6,1,5
Наладдчик,howling-fjord,96,hunter,marksmanship,6,1,5
Mästerkill,dun-modr,96,hunter,marksmanship,6,1,5
Elaresas,argent-dawn,96,hunter,marksmanship,6,1,5
Leaxs,onyxia,96,hunter,marksmanship,6,1,5
Arkancia,throkferoth,96,hunter,marksmanship,6,1,5
Jtechasse,outland,96,hunter,marksmanship,6,1,5
Hanzú,argent-dawn,96,hunter,marksmanship,6,1,5
Jaysonmore,argent-dawn,96,hunter,marksmanship,6,1,5
Guevnerm,outland,96,hunter,marksmanship,6,1,5
Drolarin,zuljin,96,hunter,marksmanship,6,1,5
Crowcifer,argent-dawn,96,hunter,marksmanship,6,1,5
Лсныйпамп,howling-fjord,96,hunter,marksmanship,6,1,5
Nalys,argent-dawn,96,hunter,marksmanship,6,1,5
Salie,argent-dawn,96,hunter,marksmanship,6,1,5
Eowale,outland,96,hunter,marksmanship,6,1,5
Udolff,twisting-nether,96,hunter,marksmanship,6,1,5
Pestilencio,shendralar,96,hunter,marksmanship,6,1,5
Teedfredd,tarren-mill,96,hunter,marksmanship,6,1,5
Tillhunt,kargath,96,hunter,marksmanship,6,1,5
Xarhunt,azjolnerub,96,hunter,marksmanship,6,1,5
Applix,tarren-mill,96,hunter,marksmanship,6,1,5
Pinocion,drakthul,96,hunter,marksmanship,6,1,5
Castbuny,drakthul,96,hunter,marksmanship,6,1,5
Cléò,kazzak,96,hunter,marksmanship,6,1,5
Cítyzens,drakthul,96,hunter,marksmanship,6,1,5
Høøl,hyjal,96,hunter,marksmanship,6,1,5
Darthbow,outland,96,hunter,marksmanship,6,1,5
Asery,blackmoore,96,hunter,marksmanship,6,1,5
Гангстита,gordunni,96,hunter,marksmanship,6,1,5
Oneofus,malygos,96,hunter,marksmanship,6,1,5
Killzo,sylvanas,96,hunter,marksmanship,6,1,5
Левери,gordunni,96,hunter,marksmanship,6,1,5
Avizi,anachronos,96,hunter,marksmanship,6,1,5
Badkirves,kazzak,96,hunter,marksmanship,6,1,5
Xurrl,kazzak,96,hunter,marksmanship,6,1,5
Toulouki,silvermoon,96,hunter,marksmanship,6,1,5
Pennymarks,blackhand,96,hunter,marksmanship,6,1,5
Feedbackloop,silvermoon,96,hunter,marksmanship,6,1,5
Dewshot,silvermoon,96,hunter,marksmanship,6,1,5
Raverave,burning-legion,96,hunter,marksmanship,6,1,5
Навальница,gordunni,96,hunter,marksmanship,6,1,5
Farkrin,silvermoon,96,hunter,marksmanship,6,1,5
Mehtäsika,xavius,96,hunter,marksmanship,6,1,5
Cowmelk,stormscale,96,hunter,marksmanship,6,1,5
Pampers,silvermoon,96,hunter,marksmanship,6,1,5
Орталиус,deathguard,96,hunter,marksmanship,6,1,5
Ninjakimi,ravencrest,96,hunter,marksmanship,6,1,5
Cendrac,ravencrest,96,hunter,marksmanship,6,1,5
Sângha,frostwolf,96,hunter,marksmanship,6,1,5
Akaname,ravencrest,96,hunter,marksmanship,6,1,5
Velcy,ravencrest,96,hunter,marksmanship,6,1,5
Statik,deathwing,96,hunter,marksmanship,6,1,5
Xaraimz,ravencrest,96,hunter,marksmanship,6,1,5
Tuljan,ravencrest,96,hunter,marksmanship,6,1,5
Варсор,soulflayer,96,hunter,marksmanship,6,1,5
Iddqd,outland,96,hunter,marksmanship,6,1,5
Fayenia,ravencrest,96,hunter,marksmanship,6,1,5
Ренектон,soulflayer,96,hunter,marksmanship,6,1,5
Chantalia,ravencrest,96,hunter,marksmanship,6,1,5
Desow,blackrock,96,hunter,marksmanship,6,1,5
Nethria,antonidas,96,hunter,marksmanship,6,1,5
Jagarbladet,ravencrest,96,hunter,marksmanship,6,1,5
Хантунец,soulflayer,96,hunter,marksmanship,6,1,5
Avâlos,dentarg,96,hunter,marksmanship,6,1,5
Обспн,borean-tundra,96,hunter,marksmanship,6,1,5
Горгонт,blackscar,96,hunter,marksmanship,6,1,5
Kichassequi,khaz-modan,96,hunter,marksmanship,14,2,12
Moskalhunter,terokkar,96,hunter,marksmanship,12,1,11
Kayoo,stormscale,96,hunter,marksmanship,12,1,11
Yumyúm,antonidas,96,hunter,marksmanship,12,1,11
Tiguy,archimonde,96,hunter,marksmanship,12,1,11
Riplëy,dun-modr,96,hunter,marksmanship,12,1,11
Noskillbot,twisting-nether,96,hunter,marksmanship,12,1,11
Gorgorotha,ragnaros,96,hunter,marksmanship,12,1,11
Râpton,blackmoore,96,hunter,marksmanship,12,1,11
Donáldtrúmp,tarren-mill,96,hunter,marksmanship,12,1,11
Mavis,bloodfeather,96,hunter,marksmanship,12,1,11
Kratozs,outland,96,hunter,marksmanship,13,1,12
Quasar,arakarahm,96,hunter,marksmanship,18,1,17
Kælan,grim-batol,96,hunter,marksmanship,18,1,17
Denixxia,bronzebeard,95,hunter,marksmanship,3,2,1
Gohsthunter,dun-morogh,95,hunter,marksmanship,6,1,5
Magahra,thrall,95,hunter,marksmanship,6,1,5
Twinshot,anetheron,84,hunter,marksmanship,15,5,10
Wrymn,sanguino,79,hunter,marksmanship,5,1,4
Aesrh,drakthul,79,hunter,marksmanship,5,1,4
Gettóbuxa,arathor,79,hunter,marksmanship,5,1,4
Dréws,kazzak,64,hunter,marksmanship,4,1,3
Draugrinnh,tarren-mill,48,hunter,marksmanship,3,1,2
Howlinjoe,darkspear,48,hunter,marksmanship,9,1,8
Merveilleux,hyjal,42,hunter,marksmanship,11,3,8
Svinrbglol,arygos,31,hunter,marksmanship,2,1,1
Geruga,thrall,31,hunter,marksmanship,2,1,1
Дунморг,grom,16,hunter,marksmanship,1,1,0
Imortaltroll,kazzak,16,hunter,marksmanship,1,1,0
Elgango,blackrock,16,hunter,marksmanship,1,1,0
Bicmex,ravencrest,2363,hunter,survival,110,66,44
Bonquiesha,tarren-mill,2163,hunter,survival,120,69,51
Corossity,blackmoore,2155,hunter,survival,107,71,36
Gíggí,malganis,2155,hunter,survival,72,40,32
Rynex,festung-der-stürme,2134,hunter,survival,78,45,33
Harrianlar,ravenholdt,2128,hunter,survival,166,84,82
Pridz,archimonde,2121,hunter,survival,186,94,92
Nikzeubii,archimonde,2113,hunter,survival,66,39,27
Krakenaspect,kazzak,2112,hunter,survival,62,41,21
Jànet,ravencrest,2104,hunter,survival,78,40,38
Earfalass,twisting-nether,2102,hunter,survival,250,141,109
Razoorine,blackrock,2102,hunter,survival,156,87,69
Djheartstrng,argent-dawn,2100,hunter,survival,138,82,56
Fíng,tarren-mill,2079,hunter,survival,216,109,107
Uglybaboon,draenor,2064,hunter,survival,305,150,155
Belaux,archimonde,2052,hunter,survival,251,125,126
Kfcmanagerx,silvermoon,2050,hunter,survival,88,54,34
Macrolaim,outland,2041,hunter,survival,269,132,137
Stormblãze,ravencrest,2031,hunter,survival,170,82,88
Götdelen,kult-der-verdammten,2027,hunter,survival,218,113,105
Ilovejwrld,dun-modr,2011,hunter,survival,88,46,42
Yeezu,sylvanas,2009,hunter,survival,66,36,30
Marvelmary,ravencrest,2004,hunter,survival,83,38,45
Brkh,ravencrest,2000,hunter,survival,66,37,29
Huntity,kazzak,1995,hunter,survival,101,54,47
Crucfixion,kazzak,1993,hunter,survival,60,35,25
Exquisitor,draenor,1985,hunter,survival,322,169,153
Pokefangirlx,grim-batol,1984,hunter,survival,295,159,136
Лесбиянюсь,gordunni,1983,hunter,survival,137,77,60
Booxun,sylvanas,1982,hunter,survival,133,68,65
Epicsurvive,ravencrest,1982,hunter,survival,114,57,57
Mestar,outland,1980,hunter,survival,222,111,111
Aboleon,ragnaros,1974,hunter,survival,80,41,39
Josethepimpo,stormscale,1972,hunter,survival,191,95,96
Dackeldustin,norgannon,1970,hunter,survival,59,50,9
Mspt,archimonde,1967,hunter,survival,130,63,67
Gukexa,outland,1965,hunter,survival,66,39,27
Hyderr,aegwynn,1964,hunter,survival,54,34,20
Rayadz,nethersturm,1961,hunter,survival,210,104,106
Vènuhá,ravencrest,1959,hunter,survival,133,79,54
Akronis,outland,1951,hunter,survival,119,58,61
Yemistar,archimonde,1949,hunter,survival,90,48,42
Jamboss,twisting-nether,1945,hunter,survival,60,29,31
Gukéx,stormscale,1937,hunter,survival,102,53,49
Cjezka,blackmoore,1931,hunter,survival,123,64,59
Rewgodxq,ravencrest,1929,hunter,survival,203,103,100
Jackjager,ravencrest,1921,hunter,survival,69,42,27
Zpf,silvermoon,1921,hunter,survival,80,42,38
Mmkekw,guldan,1902,hunter,survival,48,33,15
Dyndns,blackmoore,1902,hunter,survival,96,47,49
Zhulk,los-errantes,1899,hunter,survival,155,76,79
Горгонт,blackscar,1897,hunter,survival,132,72,60
Sneakyshøt,nemesis,1894,hunter,survival,263,137,126
Yake,kazzak,1881,hunter,survival,52,23,29
Майен,thermaplugg,1873,hunter,survival,78,36,42
Momohenní,archimonde,1871,hunter,survival,156,86,70
Raelaf,zuljin,1866,hunter,survival,42,23,19
Scypher,ragnaros,1864,hunter,survival,50,33,17
Lágåta,outland,1864,hunter,survival,53,27,26
Ryomen,garona,1862,hunter,survival,189,99,90
Øvade,argent-dawn,1861,hunter,survival,67,41,26
Síraw,tarren-mill,1860,hunter,survival,78,37,41
Calesthas,tarren-mill,1856,hunter,survival,96,51,45
Nwnw,tarren-mill,1855,hunter,survival,36,22,14
Svinrbglol,arygos,1854,hunter,survival,54,26,28
Kagrot,silvermoon,1847,hunter,survival,102,49,53
Kyosoku,silvermoon,1845,hunter,survival,57,28,29
Madzynette,archimonde,1842,hunter,survival,67,40,27
Feignfisto,draenor,1840,hunter,survival,33,20,13
Lugnåls,hyjal,1838,hunter,survival,89,46,43
Moustø,archimonde,1836,hunter,survival,47,29,18
Razôr,blackhand,1836,hunter,survival,48,27,21
Zerberas,blackrock,1835,hunter,survival,60,32,28
Åíøñs,kazzak,1834,hunter,survival,42,26,16
Betarayjinx,kazzak,1834,hunter,survival,69,41,28
Квит,blackscar,1832,hunter,survival,30,20,10
Fwaffidack,tarren-mill,1829,hunter,survival,63,36,27
Vunter,malganis,1828,hunter,survival,48,26,22
Dabeszt,draenor,1827,hunter,survival,60,38,22
Avaren,archimonde,1826,hunter,survival,118,61,57
Horku,kazzak,1825,hunter,survival,66,32,34
Zanpa,archimonde,1823,hunter,survival,141,78,63
Sarrow,ravencrest,1822,hunter,survival,115,64,51
Qwèrts,stormscale,1822,hunter,survival,60,33,27
Skârlock,blackmoore,1819,hunter,survival,89,50,39
Зеленыйиисус,gordunni,1818,hunter,survival,153,84,69
Stuckstepbro,silvermoon,1818,hunter,survival,47,22,25
Mogumogu,blackhand,1817,hunter,survival,66,34,32
Snippy,sanguino,1817,hunter,survival,180,91,89
Nttcoopzz,silvermoon,1815,hunter,survival,36,23,13
Marchik,outland,1813,hunter,survival,52,34,18
Frog,crushridge,1810,hunter,survival,78,46,32
Thugzilla,auchindoun,1810,hunter,survival,71,40,31
Polaqu,burning-legion,1809,hunter,survival,60,37,23
Musen,draenor,1809,hunter,survival,36,22,14
Djshibalxd,argent-dawn,1806,hunter,survival,114,55,59
Соняпиво,gordunni,1804,hunter,survival,72,41,31
Wickked,ravencrest,1803,hunter,survival,30,23,7
Ksreport,stormscale,1802,hunter,survival,58,27,31
Minibicmex,aegwynn,1801,hunter,survival,82,43,39
Inter,hellscream,1801,hunter,survival,56,28,28
Lagich,stormscale,1799,hunter,survival,34,24,10
Killerkatze,outland,1794,hunter,survival,36,19,17
Clydefrog,outland,1794,hunter,survival,52,24,28
Alexdi,kazzak,1792,hunter,survival,66,30,36
Fatbushpig,stormscale,1786,hunter,survival,30,19,11
Kq,argent-dawn,1786,hunter,survival,39,23,16
Rizlay,the-maelstrom,1784,hunter,survival,144,78,66
Блатнайт,blackscar,1781,hunter,survival,46,23,23
Ехесу,soulflayer,1779,hunter,survival,42,23,19
Saliressa,ravencrest,1775,hunter,survival,102,50,52
Glosendra,ravencrest,1774,hunter,survival,102,57,45
Onlylfg,drakthul,1772,hunter,survival,68,35,33
Dreämhäck,ravencrest,1768,hunter,survival,78,47,31
Sneakyshoot,nemesis,1767,hunter,survival,59,31,28
Skewdar,hyjal,1765,hunter,survival,78,35,43
Laayopeh,argent-dawn,1763,hunter,survival,72,40,32
Скадхи,blackscar,1761,hunter,survival,156,79,77
Микихаса,galakrond,1760,hunter,survival,150,81,69
Pwon,ravencrest,1757,hunter,survival,248,129,119
Easyclass,hyjal,1756,hunter,survival,78,40,38
Chopitoo,blackmoore,1755,hunter,survival,90,49,41
Burbutsuluki,silvermoon,1755,hunter,survival,48,24,24
Boops,ragnaros,1754,hunter,survival,96,45,51
Yosia,draenor,1751,hunter,survival,144,74,70
Obbnfriends,ravencrest,1749,hunter,survival,66,30,36
Clifton,archimonde,1748,hunter,survival,42,27,15
Grulog,kazzak,1747,hunter,survival,66,31,35
Svetlanatrap,stormscale,1746,hunter,survival,48,24,24
Draxil,archimonde,1739,hunter,survival,112,60,52
Hunjo,quelthalas,1739,hunter,survival,90,40,50
Døvah,argent-dawn,1737,hunter,survival,54,30,24
Fablet,draenor,1736,hunter,survival,54,31,23
Ravebae,silvermoon,1736,hunter,survival,162,78,84
Hûntyhunt,silvermoon,1734,hunter,survival,60,33,27
Robzyhunter,kazzak,1733,hunter,survival,89,53,36
Monkeytrapz,norgannon,1733,hunter,survival,54,29,25
Летмимейт,howling-fjord,1733,hunter,survival,114,61,53
Xiumiune,antonidas,1732,hunter,survival,87,52,35
Subha,quelthalas,1731,hunter,survival,48,31,17
Kalthrog,ragnaros,1731,hunter,survival,66,37,29
Глефард,fordragon,1727,hunter,survival,42,29,13
Mewithoutyou,ragnaros,1726,hunter,survival,244,117,127
Смертонносна,lich-king,1724,hunter,survival,44,26,18
Alwaysthug,ravencrest,1724,hunter,survival,48,23,25
Errowini,blackmoore,1719,hunter,survival,54,29,25
Curbý,blackhand,1718,hunter,survival,36,20,16
Тэмплест,howling-fjord,1714,hunter,survival,48,32,16
Wicmex,archimonde,1713,hunter,survival,33,21,12
Твояпомощь,gordunni,1710,hunter,survival,36,26,10
Sipsomewater,ravencrest,1707,hunter,survival,36,21,15
Hühneknubbel,blackmoore,1707,hunter,survival,42,24,18
Løvebombing,ravencrest,1706,hunter,survival,30,18,12
Леоа,howling-fjord,1703,hunter,survival,54,24,30
Bnak,die-ewige-wacht,1700,hunter,survival,24,18,6
Киссмайпет,howling-fjord,1700,hunter,survival,60,34,26
Defix,argent-dawn,1699,hunter,survival,127,67,60
Sorozo,aegwynn,1699,hunter,survival,120,62,58
Focüs,les-sentinelles,1699,hunter,survival,38,19,19
Разплюханка,howling-fjord,1698,hunter,survival,120,62,58
Waza,grim-batol,1697,hunter,survival,66,38,28
Rubydacherrý,argent-dawn,1696,hunter,survival,30,21,9
Yazqua,deathwing,1696,hunter,survival,70,42,28
Ðévi,ravencrest,1695,hunter,survival,24,18,6
Fusko,ysondre,1695,hunter,survival,54,29,25
Búddhìst,ravencrest,1694,hunter,survival,48,22,26
Nienel,archimonde,1692,hunter,survival,137,65,72
Плутяра,blackscar,1684,hunter,survival,66,31,35
Doraxa,sanguino,1682,hunter,survival,68,30,38
Nurki,the-maelstrom,1680,hunter,survival,53,26,27
Eunte,archimonde,1680,hunter,survival,78,38,40
Janoh,dalaran,1679,hunter,survival,54,31,23
Копия,azuregos,1676,hunter,survival,78,35,43
Slizzle,sporeggar,1675,hunter,survival,78,42,36
Noop,sylvanas,1674,hunter,survival,123,65,58
Субоота,gordunni,1672,hunter,survival,137,70,67
Arrcher,thrall,1670,hunter,survival,36,26,10
Аркеро,soulflayer,1670,hunter,survival,61,31,30
Knokkelmann,outland,1668,hunter,survival,36,24,12
Kukenisluken,stormscale,1667,hunter,survival,29,18,11
Оскорбление,howling-fjord,1667,hunter,survival,84,42,42
Avizi,anachronos,1667,hunter,survival,84,42,42
Véncsótány,ragnaros,1666,hunter,survival,54,29,25
Axehead,outland,1664,hunter,survival,42,22,20
Liikes,arygos,1664,hunter,survival,48,25,23
Kurkelx,ravencrest,1661,hunter,survival,48,30,18
Иснсейшн,soulflayer,1660,hunter,survival,59,32,27
Sunyjuyono,ravencrest,1659,hunter,survival,54,25,29
Pecorinö,archimonde,1658,hunter,survival,36,20,16
Bnak,thrall,1657,hunter,survival,36,22,14
Lukez,ravencrest,1656,hunter,survival,48,28,20
Lìmpy,stormreaver,1656,hunter,survival,36,21,15
Zäroury,ravencrest,1653,hunter,survival,64,32,32
Хансбург,howling-fjord,1653,hunter,survival,92,42,50
Бомбетта,grom,1649,hunter,survival,90,43,47
Бубунн,howling-fjord,1646,hunter,survival,87,50,37
Amilienne,nozdormu,1646,hunter,survival,45,22,23
Чууч,blackscar,1645,hunter,survival,153,72,81
Brattamer,twisting-nether,1642,hunter,survival,28,19,9
Saejku,archimonde,1642,hunter,survival,93,50,43
Wonkeedx,ravencrest,1641,hunter,survival,42,21,21
Halfogre,draenor,1640,hunter,survival,30,20,10
Yemmeth,argent-dawn,1640,hunter,survival,228,116,112
Zulldek,sanguino,1638,hunter,survival,78,42,36
Zacxx,ravencrest,1636,hunter,survival,71,49,22
Xexhel,twisting-nether,1634,hunter,survival,45,26,19
Danissia,argent-dawn,1634,hunter,survival,86,45,41
Gedept,blackrock,1633,hunter,survival,80,41,39
Closeenought,ravencrest,1633,hunter,survival,102,51,51
Unsáinted,ravencrest,1632,hunter,survival,227,119,108
Maiverx,ravencrest,1631,hunter,survival,24,17,7
Kurdo,outland,1629,hunter,survival,36,21,15
Xhn,stormscale,1628,hunter,survival,78,38,40
Skyh,outland,1628,hunter,survival,101,48,53
Albumx,hyjal,1627,hunter,survival,271,139,132
Marryme,blackhand,1625,hunter,survival,68,41,27
ßlackjack,thrall,1624,hunter,survival,36,26,10
Petshøp,outland,1624,hunter,survival,24,17,7
Iceyx,stormscale,1624,hunter,survival,49,22,27
Babûsch,blackmoore,1623,hunter,survival,60,28,32
Shiceloch,blackmoore,1621,hunter,survival,42,20,22
Kajtarn,outland,1621,hunter,survival,60,27,33
Katzila,outland,1620,hunter,survival,41,22,19
Жуткойкрот,lich-king,1620,hunter,survival,78,32,46
Urtanis,stormscale,1619,hunter,survival,113,60,53
Aspergun,ragnaros,1619,hunter,survival,52,26,26
Capullospawn,dun-morogh,1617,hunter,survival,60,36,24
Leviáckerman,ravencrest,1617,hunter,survival,36,17,19
Skytraped,hyjal,1616,hunter,survival,41,25,16
Veðir,argent-dawn,1616,hunter,survival,48,22,26
Ntwoõ,ravencrest,1615,hunter,survival,65,37,28
Zeer,sylvanas,1615,hunter,survival,183,87,96
Pizzafanatic,blackrock,1614,hunter,survival,49,25,24
Losiané,thrall,1613,hunter,survival,94,48,46
Фломидзе,gordunni,1611,hunter,survival,76,47,29
Neyv,blackmoore,1611,hunter,survival,45,23,22
Dribla,blackhand,1609,hunter,survival,36,20,16
Savageone,frostwhisper,1609,hunter,survival,48,23,25
Ластшот,blackscar,1608,hunter,survival,30,17,13
Westcøãst,archimonde,1607,hunter,survival,60,37,23
Ruxhunter,sanguino,1607,hunter,survival,90,50,40
Jailevaccin,khaz-modan,1607,hunter,survival,151,77,74
Skydraz,ysondre,1606,hunter,survival,60,33,27
Zøk,stormscale,1606,hunter,survival,137,74,63
Cira,archimonde,1606,hunter,survival,48,24,24
Gradevine,twisting-nether,1605,hunter,survival,86,52,34
Гудхантер,blackscar,1605,hunter,survival,66,38,28
Mclooving,runetotem,1604,hunter,survival,49,29,20
Turdy,executus,1603,hunter,survival,82,45,37
Tiffanydoll,hyjal,1601,hunter,survival,54,30,24
Waziralwazar,auchindoun,1601,hunter,survival,40,21,19
Кисяныч,gordunni,1600,hunter,survival,36,22,14
Сабакаа,borean-tundra,1600,hunter,survival,78,44,34
Calyssae,shattered-halls,1600,hunter,survival,117,65,52
Darllene,kazzak,1599,hunter,survival,101,46,55
Dariusmm,silvermoon,1598,hunter,survival,58,32,26
Смолильщик,gordunni,1594,hunter,survival,69,36,33
Жэш,howling-fjord,1594,hunter,survival,48,23,25
Ódelagga,sylvanas,1591,hunter,survival,123,66,57
Løwg,drekthar,1590,hunter,survival,54,28,26
Renathir,argent-dawn,1589,hunter,survival,67,35,32
Regale,archimonde,1589,hunter,survival,84,35,49
Badboyxoxo,stormscale,1588,hunter,survival,84,56,28
Оути,azuregos,1588,hunter,survival,138,76,62
Стингергодх,gordunni,1587,hunter,survival,81,40,41
Sznxøxo,ravencrest,1585,hunter,survival,42,24,18
Shotazz,frostmane,1585,hunter,survival,36,20,16
Xelsera,antonidas,1580,hunter,survival,30,17,13
Kydérr,aegwynn,1580,hunter,survival,42,20,22
Horxxa,kul-tiras,1577,hunter,survival,90,56,34
Oczkuhne,burning-legion,1577,hunter,survival,60,29,31
Rasmi,kazzak,1574,hunter,survival,77,36,41
Tillhunt,kargath,1573,hunter,survival,87,50,37
Свадебная,gordunni,1572,hunter,survival,148,78,70
Zapzy,ravencrest,1570,hunter,survival,113,58,55
Nemámponetí,drakthul,1568,hunter,survival,78,42,36
Juniorm,kazzak,1568,hunter,survival,42,22,20
Миаур,gordunni,1567,hunter,survival,60,27,33
Suzumebachi,twisting-nether,1562,hunter,survival,54,34,20
Iòvól,azuremyst,1562,hunter,survival,120,64,56
Cenesthesia,draenor,1560,hunter,survival,70,39,31
Виралатта,gordunni,1558,hunter,survival,42,23,19
Lilsnuss,outland,1557,hunter,survival,36,23,13
Ázurâ,blackhand,1557,hunter,survival,151,73,78
Jeanpisse,hyjal,1552,hunter,survival,53,28,25
Ðarrk,tarren-mill,1551,hunter,survival,66,35,31
Кулерквест,soulflayer,1551,hunter,survival,97,49,48
Santaana,twisting-nether,1551,hunter,survival,36,18,18
Fmatzen,the-maelstrom,1551,hunter,survival,42,19,23
Rettoo,aszune,1550,hunter,survival,48,28,20
Âmalphy,ravencrest,1549,hunter,survival,42,17,25
Пистоглазка,howling-fjord,1544,hunter,survival,29,18,11
Huntiika,silvermoon,1542,hunter,survival,82,42,40
Ищименявтени,gordunni,1540,hunter,survival,77,40,37
Хантзер,howling-fjord,1540,hunter,survival,98,47,51
Wikariusz,kazzak,1540,hunter,survival,66,27,39
Capd,kazzak,1538,hunter,survival,71,39,32
Knoxblå,stormscale,1533,hunter,survival,24,16,8
Éddiémórphín,kazzak,1532,hunter,survival,36,18,18
Skzu,archimonde,1529,hunter,survival,30,20,10
Xallis,outland,1529,hunter,survival,42,20,22
Sphexya,ravencrest,1528,hunter,survival,30,16,14
Garxzhunter,tarren-mill,1528,hunter,survival,30,16,14
Warroan,kilrogg,1525,hunter,survival,24,16,8
Raztreadör,dun-modr,1524,hunter,survival,302,155,147
Shøt,stormreaver,1521,hunter,survival,28,18,10
Abeba,grim-batol,1521,hunter,survival,48,24,24
Глаззалмаз,howling-fjord,1519,hunter,survival,34,21,13
Bittercoast,stormscale,1518,hunter,survival,29,16,13
Outofcontrol,karazhan,1515,hunter,survival,30,17,13
Алекскиллшот,blackscar,1514,hunter,survival,24,16,8
Jakis,silvermoon,1513,hunter,survival,35,17,18
Synthyxqt,silvermoon,1512,hunter,survival,39,20,19
Lxoh,turalyon,1512,hunter,survival,315,153,162
Dedral,aegwynn,1509,hunter,survival,30,16,14
Китас,soulflayer,1504,hunter,survival,171,99,72
Næ,kazzak,1504,hunter,survival,103,55,48
Молеандрис,gordunni,1503,hunter,survival,81,41,40
Clicktrap,runetotem,1503,hunter,survival,38,17,21
Blvckjvckz,ravencrest,1500,hunter,survival,30,16,14
Ðrãke,blackmoore,1500,hunter,survival,66,34,32
Hreo,twisting-nether,1498,hunter,survival,66,34,32
Headhunterrz,burning-legion,1496,hunter,survival,66,36,30
Галятрицепс,eversong,1494,hunter,survival,38,19,19
Танчибосс,soulflayer,1494,hunter,survival,133,65,68
Clicker,runetotem,1494,hunter,survival,60,28,32
Psychotik,stormreaver,1493,hunter,survival,178,91,87
Lottemor,tarren-mill,1491,hunter,survival,53,34,19
Mert,ravencrest,1488,hunter,survival,60,35,25
Sayn,la-croisade-écarlate,1488,hunter,survival,56,30,26
Notikâ,aegwynn,1488,hunter,survival,129,66,63
Bren,shattrath,1488,hunter,survival,115,55,60
Taurïel,stormscale,1487,hunter,survival,145,80,65
Hakkoti,argent-dawn,1486,hunter,survival,66,33,33
Illnysa,silvermoon,1483,hunter,survival,35,18,17
Riema,ragnaros,1483,hunter,survival,76,34,42
Hyparion,kazzak,1482,hunter,survival,29,16,13
Andjelaa,kazzak,1482,hunter,survival,36,18,18
Flappypig,stormscale,1481,hunter,survival,30,16,14
Vâleriaa,blackrock,1480,hunter,survival,96,47,49
Чужойй,howling-fjord,1478,hunter,survival,54,28,26
Huntaro,blackmoore,1478,hunter,survival,60,27,33
Twitche,ravencrest,1477,hunter,survival,42,19,23
Deathwallker,silvermoon,1473,hunter,survival,69,45,24
Jexxa,draenor,1472,hunter,survival,24,16,8
Штынь,gordunni,1471,hunter,survival,36,17,19
Zinà,naxxramas,1470,hunter,survival,40,23,17
Robinbuds,stormscale,1469,hunter,survival,52,27,25
Jeddaj,stormscale,1469,hunter,survival,84,41,43
Гаррельд,blackscar,1468,hunter,survival,42,22,20
Анариэльсин,soulflayer,1468,hunter,survival,106,54,52
Комомура,soulflayer,1467,hunter,survival,65,34,31
Killitoss,blackmoore,1466,hunter,survival,54,26,28
Óneshóter,madmortem,1465,hunter,survival,36,21,15
Вандамос,soulflayer,1464,hunter,survival,109,59,50
Melissax,silvermoon,1464,hunter,survival,40,17,23
Яшатаю,soulflayer,1463,hunter,survival,39,26,13
Blackwarz,la-croisade-écarlate,1462,hunter,survival,44,29,15
Sívér,antonidas,1461,hunter,survival,59,27,32
Snarer,argent-dawn,1461,hunter,survival,72,32,40
Frapt,dalaran,1459,hunter,survival,28,16,12
Boggy,outland,1453,hunter,survival,47,26,21
Jäegr,hyjal,1453,hunter,survival,48,24,24
Atalnta,ravencrest,1451,hunter,survival,69,28,41
Pentaboule,archimonde,1450,hunter,survival,126,67,59
Nalys,argent-dawn,1447,hunter,survival,70,39,31
Варкраб,blackscar,1446,hunter,survival,36,16,20
Makeawish,antonidas,1444,hunter,survival,64,37,27
Kasperle,frostwolf,1439,hunter,survival,30,20,10
Olk,stormscale,1439,hunter,survival,24,15,9
Islide,ravencrest,1438,hunter,survival,36,15,21
Хитвейн,gordunni,1438,hunter,survival,54,22,32
Imtpain,kazzak,1437,hunter,survival,24,15,9
Ekexy,aegwynn,1436,hunter,survival,24,15,9
Lultrap,nemesis,1436,hunter,survival,24,15,9
Jäinenool,outland,1435,hunter,survival,30,15,15
Рэдхаант,soulflayer,1435,hunter,survival,65,29,36
Huntsmart,kazzak,1432,hunter,survival,30,15,15
Agnêas,silvermoon,1432,hunter,survival,30,15,15
Spiffs,twisting-nether,1432,hunter,survival,36,16,20
Tyrone,saurfang,1431,hunter,survival,48,19,29
Milééna,ravencrest,1430,hunter,survival,71,32,39
Каморан,grom,1427,hunter,survival,30,16,14
Sarttrap,aerie-peak,1426,hunter,survival,48,27,21
Dorota,auchindoun,1426,hunter,survival,36,19,17
Kalani,la-croisade-écarlate,1426,hunter,survival,137,65,72
Тэуреэль,gordunni,1426,hunter,survival,66,26,40
Bigbababotan,blackrock,1424,hunter,survival,51,32,19
Shibai,outland,1420,hunter,survival,65,31,34
Ðoñko,hyjal,1419,hunter,survival,174,85,89
Crème,blackrock,1419,hunter,survival,83,36,47
Перидот,howling-fjord,1417,hunter,survival,30,15,15
Coromant,blackrock,1417,hunter,survival,32,15,17
Torelk,dalaran,1416,hunter,survival,36,17,19
Hoffen,dentarg,1414,hunter,survival,24,18,6
Artemisïa,archimonde,1414,hunter,survival,42,17,25
Kürze,silvermoon,1409,hunter,survival,58,27,31
Arykes,drakthul,1409,hunter,survival,59,27,32
Шадак,soulflayer,1408,hunter,survival,63,32,31
Крэин,howling-fjord,1403,hunter,survival,54,27,27
Oggi,draenor,1402,hunter,survival,60,29,31
Shoty,zuluhed,1402,hunter,survival,106,50,56
Согекхей,gordunni,1402,hunter,survival,72,29,43
Survsen,kazzak,1400,hunter,survival,84,41,43
Pyrep,draenor,1399,hunter,survival,36,19,17
Feignindeath,twisting-nether,1396,hunter,survival,38,23,15
Bôbby,kelthuzad,1395,hunter,survival,36,17,19
Живучийорех,gordunni,1394,hunter,survival,24,15,9
Ballistix,elune,1394,hunter,survival,30,15,15
Кфоззи,soulflayer,1391,hunter,survival,30,15,15
Moralisa,eredar,1390,hunter,survival,35,17,18
Itchy,das-syndikat,1387,hunter,survival,57,28,29
Eufumo,sanguino,1384,hunter,survival,29,16,13
Сильвиина,eversong,1384,hunter,survival,42,20,22
Röwene,argent-dawn,1383,hunter,survival,50,28,22
Wastage,draenor,1383,hunter,survival,54,26,28
Santiägø,archimonde,1380,hunter,survival,66,37,29
Ajko,blackmoore,1378,hunter,survival,60,33,27
Chupsor,ravencrest,1376,hunter,survival,38,17,21
Борькабритва,soulflayer,1375,hunter,survival,36,15,21
Йинги,gordunni,1371,hunter,survival,77,40,37
Heliandra,dun-modr,1370,hunter,survival,30,17,13
Jónes,dunemaul,1370,hunter,survival,36,16,20
Hotgrillexde,sylvanas,1369,hunter,survival,29,15,14
Dzago,burning-legion,1368,hunter,survival,38,15,23
Кир,blackscar,1366,hunter,survival,65,36,29
Hunttes,nagrand,1365,hunter,survival,29,15,14
Shootingu,aegwynn,1364,hunter,survival,96,49,47
Подлыйстарик,gordunni,1361,hunter,survival,61,41,20
Rolky,silvermoon,1360,hunter,survival,30,16,14
Suxino,doomhammer,1360,hunter,survival,94,43,51
Zwerghauer,arthas,1358,hunter,survival,30,17,13
Dîdierraoult,archimonde,1358,hunter,survival,29,15,14
Стивстифлер,razuvious,1357,hunter,survival,60,33,27
Vengefull,draenor,1357,hunter,survival,174,88,86
Мандалорецц,soulflayer,1356,hunter,survival,92,44,48
Kabedon,drakthul,1356,hunter,survival,38,17,21
Abovival,ragnaros,1349,hunter,survival,30,20,10
Zehned,ysondre,1349,hunter,survival,75,35,40
Skyyw,tarren-mill,1348,hunter,survival,62,34,28
Zaphody,doomhammer,1346,hunter,survival,63,32,31
Icetrapped,eredar,1341,hunter,survival,30,14,16
Xaone,blackrock,1340,hunter,survival,18,14,4
Gakco,twisting-nether,1340,hunter,survival,42,24,18
Fiskerr,darksorrow,1339,hunter,survival,30,14,16
Hännibal,nazjatar,1338,hunter,survival,35,15,20
Kayhh,stormscale,1337,hunter,survival,18,14,4
Xamisch,eredar,1337,hunter,survival,48,28,20
Айхана,gordunni,1337,hunter,survival,53,30,23
Snôptas,blackmoore,1337,hunter,survival,32,15,17
Satantrapbot,outland,1337,hunter,survival,30,14,16
Kishunt,ravencrest,1336,hunter,survival,27,15,12
Jalcer,draenor,1334,hunter,survival,56,25,31
Spitchy,kazzak,1333,hunter,survival,48,26,22
Floris,outland,1329,hunter,survival,42,22,20
Sasquaczek,burning-legion,1328,hunter,survival,48,27,21
Jamalinho,silvermoon,1322,hunter,survival,60,38,22
Ilørell,archimonde,1322,hunter,survival,65,28,37
Карвинн,soulflayer,1321,hunter,survival,30,14,16
Huntanova,antonidas,1321,hunter,survival,54,21,33
Regele,silvermoon,1320,hunter,survival,47,22,25
Ниалла,thermaplugg,1316,hunter,survival,48,19,29
Bigmøist,ravencrest,1315,hunter,survival,98,48,50
Slagatronic,ragnaros,1314,hunter,survival,108,57,51
Malgorn,burning-legion,1313,hunter,survival,46,29,17
Дэнитрехо,soulflayer,1311,hunter,survival,36,14,22
Занзуолли,howling-fjord,1309,hunter,survival,66,32,34
Littlhuntard,tarren-mill,1306,hunter,survival,24,14,10
Getsniffarn,sylvanas,1305,hunter,survival,54,28,26
Пятницкий,soulflayer,1304,hunter,survival,33,17,16
Dhmain,frostmane,1304,hunter,survival,45,18,27
Karabeg,twisting-nether,1301,hunter,survival,53,22,31
Kobayashi,arathor,1300,hunter,survival,107,48,59
Vorsord,zuljin,1300,hunter,survival,36,16,20
Thëoden,cthun,1298,hunter,survival,30,16,14
Torrë,sanguino,1298,hunter,survival,61,27,34
Steezowl,kazzak,1297,hunter,survival,47,20,27
Prodanhunts,frostmane,1296,hunter,survival,30,14,16
Akibane,blackmoore,1291,hunter,survival,26,15,11
Wôôdsy,blackrock,1291,hunter,survival,30,14,16
Trapfish,dalaran,1290,hunter,survival,96,49,47
Cásper,tarren-mill,1288,hunter,survival,54,27,27
Haku,burning-legion,1286,hunter,survival,30,16,14
Фурболгов,gordunni,1278,hunter,survival,66,30,36
Барабаша,deathguard,1278,hunter,survival,40,15,25
Daweí,draenor,1275,hunter,survival,40,15,25
Nvukaze,argent-dawn,1262,hunter,survival,33,22,11
Cliff,kiljaeden,1257,hunter,survival,37,18,19
Ägris,die-todeskrallen,1255,hunter,survival,90,47,43
Jomoguin,stormscale,1255,hunter,survival,54,27,27
Didzon,ravencrest,1249,hunter,survival,24,14,10
Куджикс,soulflayer,1248,hunter,survival,18,13,5
Zudith,sanguino,1248,hunter,survival,24,14,10
Xxø,ravencrest,1248,hunter,survival,24,13,11
Pechvogel,blackmoore,1248,hunter,survival,27,14,13
Tortillia,madmortem,1248,hunter,survival,93,41,52
Jumong,ragnaros,1246,hunter,survival,24,13,11
Khodii,aegwynn,1245,hunter,survival,18,13,5
Caelas,outland,1245,hunter,survival,36,17,19
Vargar,arygos,1245,hunter,survival,30,13,17
Guanchin,silvermoon,1245,hunter,survival,42,16,26
Cadier,argent-dawn,1244,hunter,survival,30,13,17
Thalanos,antonidas,1243,hunter,survival,30,13,17
Paxiwtf,eredar,1242,hunter,survival,22,14,8
Raínbow,aegwynn,1242,hunter,survival,24,13,11
Vazaî,ravencrest,1242,hunter,survival,24,13,11
Morkahs,dalaran,1240,hunter,survival,24,13,11
Bicepspump,dun-morogh,1240,hunter,survival,30,13,17
Wuad,silvermoon,1239,hunter,survival,24,13,11
Orcflayer,outland,1239,hunter,survival,24,13,11
Hasselunden,ravencrest,1237,hunter,survival,24,13,11
Junglez,nagrand,1232,hunter,survival,30,16,14
Критпояйцам,howling-fjord,1230,hunter,survival,23,15,8
Мертвыйпсарь,soulflayer,1228,hunter,survival,52,25,27
Mcgloebels,archimonde,1225,hunter,survival,27,14,13
Girlfwiend,argent-dawn,1225,hunter,survival,36,14,22
Doru,silvermoon,1222,hunter,survival,78,40,38
Bowmasterjay,kazzak,1221,hunter,survival,24,13,11
Herubin,doomhammer,1220,hunter,survival,63,29,34
Вилдфлекс,gordunni,1219,hunter,survival,18,13,5
Foxyfoxo,guldan,1217,hunter,survival,47,21,26
Тике,soulflayer,1215,hunter,survival,38,19,19
Бандерака,goldrinn,1210,hunter,survival,30,15,15
Tôm,ravencrest,1209,hunter,survival,18,13,5
Kazzaak,kazzak,1208,hunter,survival,78,30,48
Spliinter,twisting-nether,1207,hunter,survival,40,27,13
Тельдритис,gordunni,1207,hunter,survival,35,14,21
Caedus,argent-dawn,1205,hunter,survival,42,15,27
Bloodxx,ragnaros,1201,hunter,survival,72,33,39
Sainttcc,thrall,1195,hunter,survival,60,28,32
Harrak,ysondre,1188,hunter,survival,24,17,7
Астериел,blackscar,1181,hunter,survival,28,13,15
Otekkâ,hyjal,1175,hunter,survival,29,13,16
Binhoker,argent-dawn,1173,hunter,survival,18,13,5
Dragonflayer,sylvanas,1155,hunter,survival,60,33,27
Trapbot,drakthul,1151,hunter,survival,18,12,6
Ketaminösa,zuljin,1151,hunter,survival,18,12,6
Ähäkutti,kazzak,1151,hunter,survival,30,12,18
Erhu,drakthul,1150,hunter,survival,18,12,6
Niro,argent-dawn,1150,hunter,survival,24,12,12
Nkl,archimonde,1150,hunter,survival,24,12,12
Ledrox,ravencrest,1149,hunter,survival,18,12,6
Natchell,ysondre,1148,hunter,survival,24,12,12
Nevêrse,archimonde,1147,hunter,survival,24,12,12
Terrorduni,tarren-mill,1147,hunter,survival,30,12,18
Звериныйпапа,gordunni,1146,hunter,survival,24,12,12
Zion,kul-tiras,1146,hunter,survival,24,12,12
Orcpie,defias-brotherhood,1143,hunter,survival,36,16,20
Äzul,ysondre,1142,hunter,survival,27,13,14
Akasa,twilights-hammer,1142,hunter,survival,30,12,18
Såvëâmäzøñíà,stormscale,1142,hunter,survival,30,12,18
Kaynor,dalaran,1141,hunter,survival,24,12,12
Gilzog,exodar,1138,hunter,survival,30,12,18
Cabaim,eredar,1137,hunter,survival,18,12,6
Autoturret,eredar,1130,hunter,survival,30,12,18
Bairex,magtheridon,1129,hunter,survival,48,27,21
Cämper,aegwynn,1124,hunter,survival,24,12,12
Leemool,ysondre,1123,hunter,survival,30,18,12
Pls,blackmoore,1119,hunter,survival,29,12,17
Fãdê,ravencrest,1118,hunter,survival,20,13,7
Ashablack,argent-dawn,1118,hunter,survival,119,55,64
Bâng,zuljin,1117,hunter,survival,24,12,12
Ayshæ,tarren-mill,1113,hunter,survival,72,28,44
Absolutnoob,blackrock,1103,hunter,survival,56,28,28
Milandra,the-maelstrom,1101,hunter,survival,48,23,25
Apachy,amanthul,1100,hunter,survival,29,12,17
Sláyer,the-shatar,1099,hunter,survival,58,28,30
Aszasi,azjolnerub,1096,hunter,survival,23,12,11
Nith,ungoro,1095,hunter,survival,102,46,56
Eromoar,outland,1091,hunter,survival,45,20,25
Himba,dentarg,1088,hunter,survival,36,18,18
Daiking,pozzo-delleternità,1081,hunter,survival,88,33,55
Speedymarieh,argent-dawn,1056,hunter,survival,18,11,7
Djsecousse,hyjal,1056,hunter,survival,18,11,7
Guccyfied,blackrock,1056,hunter,survival,18,11,7
Lutza,sanguino,1056,hunter,survival,24,11,13
Chrønôs,archimonde,1055,hunter,survival,18,11,7
Djtrápálót,dragonmaw,1055,hunter,survival,18,11,7
Ремонтлицаа,gordunni,1055,hunter,survival,24,11,13
Ранкон,lich-king,1055,hunter,survival,24,11,13
Poggersdaddy,kazzak,1054,hunter,survival,18,11,7
Jske,silvermoon,1054,hunter,survival,18,11,7
Cataleýà,outland,1052,hunter,survival,18,11,7
Unferth,the-venture-co,1051,hunter,survival,24,11,13
Agarez,blackrock,1050,hunter,survival,42,20,22
Kapitannapas,deathwing,1050,hunter,survival,24,11,13
Skumrask,outland,1048,hunter,survival,30,11,19
Isøbu,hyjal,1047,hunter,survival,30,11,19
Pôîson,kazzak,1041,hunter,survival,106,44,62
Querro,azshara,1036,hunter,survival,42,11,31
Kinaou,sargeras,1034,hunter,survival,42,20,22
Yakx,dun-modr,1034,hunter,survival,24,11,13
Bawzé,archimonde,1022,hunter,survival,22,11,11
Jabela,eredar,1021,hunter,survival,23,11,12
Shanè,blackrock,1021,hunter,survival,32,13,19
Оверман,azuregos,1021,hunter,survival,32,12,20
Szybky,defias-brotherhood,1017,hunter,survival,18,11,7
Voltár,antonidas,1017,hunter,survival,30,11,19
Roacher,hyjal,1011,hunter,survival,29,11,18
Florya,blackhand,1004,hunter,survival,27,11,16
Giobi,draenor,996,hunter,survival,24,13,11
Animàl,argent-dawn,988,hunter,survival,22,11,11
Huntoruu,outland,983,hunter,survival,113,48,65
Naramir,ysondre,981,hunter,survival,38,11,27
Änubïs,culte-de-la-rive-noire,973,hunter,survival,28,12,16
Крысюкпифпаф,blackscar,971,hunter,survival,19,11,8
Speartusk,blackhand,969,hunter,survival,19,11,8
Yinn,kilrogg,968,hunter,survival,77,29,48
Аминотоксид,blackscar,960,hunter,survival,12,10,2
Tayu,throkferoth,960,hunter,survival,12,10,2
Reviam,ravencrest,960,hunter,survival,12,10,2
Vilopez,arthas,960,hunter,survival,12,10,2
Iloveluna,silvermoon,960,hunter,survival,12,10,2
Мигнитюша,blackscar,960,hunter,survival,18,10,8
Hiddenstalke,argent-dawn,960,hunter,survival,18,10,8
Vincex,ravencrest,960,hunter,survival,18,10,8
Neilime,marécage-de-zangar,960,hunter,survival,80,37,43
Neddly,draenor,960,hunter,survival,24,10,14
Nayeem,silvermoon,959,hunter,survival,12,10,2
Патчхороший,howling-fjord,959,hunter,survival,18,10,8
Tomasínos,drakthul,959,hunter,survival,18,10,8
Ревирин,gordunni,958,hunter,survival,12,10,2
Менстряк,deathguard,958,hunter,survival,18,10,8
Trappewpew,blackmoore,958,hunter,survival,18,10,8
Mógwaí,stormscale,958,hunter,survival,18,10,8
Silverlaine,quelthalas,957,hunter,survival,12,10,2
Elyar,eredar,957,hunter,survival,18,10,8
Элфй,gordunni,956,hunter,survival,18,10,8
Starkt,ragnaros,956,hunter,survival,24,10,14
Цезарьрома,soulflayer,955,hunter,survival,33,10,23
Hevl,silvermoon,954,hunter,survival,18,10,8
Kamayail,skullcrusher,954,hunter,survival,20,11,9
Whyareurunin,silvermoon,953,hunter,survival,30,10,20
Memli,uldaman,950,hunter,survival,18,10,8
Kaletorw,ragnaros,949,hunter,survival,18,10,8
Marluxiâ,archimonde,947,hunter,survival,30,11,19
Zipzâp,blackrock,936,hunter,survival,18,10,8
Chillibetv,blackrock,906,hunter,survival,27,11,16
Bláckheart,doomhammer,888,hunter,survival,22,10,12
Ирртой,grom,885,hunter,survival,24,10,14
Mahikotwo,arathor,864,hunter,survival,12,9,3
Crøxx,archimonde,864,hunter,survival,12,9,3
Urrane,archimonde,864,hunter,survival,12,9,3
Kleiar,dun-modr,864,hunter,survival,15,10,5
Xlít,outland,864,hunter,survival,18,9,9
Sandina,sylvanas,864,hunter,survival,18,9,9
Rynextwo,khaz-modan,864,hunter,survival,18,9,9
Bùddhíst,ravencrest,864,hunter,survival,18,9,9
Nooksem,blackrock,864,hunter,survival,18,9,9
Mortybeans,ravencrest,864,hunter,survival,18,9,9
Murkek,drakthul,863,hunter,survival,12,9,3
Mileysaures,stormscale,863,hunter,survival,12,9,3
Vexxed,thrall,863,hunter,survival,12,9,3
Tomli,nemesis,863,hunter,survival,12,9,3
Nunziatellà,nemesis,863,hunter,survival,18,9,9
Nirn,ravencrest,863,hunter,survival,18,9,9
Shubou,silvermoon,863,hunter,survival,18,9,9
Kirax,ravencrest,863,hunter,survival,21,10,11
Ashendan,silvermoon,863,hunter,survival,24,9,15
Repap,defias-brotherhood,863,hunter,survival,24,9,15
Тиометра,gordunni,862,hunter,survival,12,9,3
Kailley,conseil-des-ombres,862,hunter,survival,12,9,3
Rollin,khaz-modan,861,hunter,survival,12,9,3
Fluffiis,twisting-nether,861,hunter,survival,12,9,3
Kissnodig,outland,861,hunter,survival,18,9,9
Secrety,doomhammer,860,hunter,survival,18,9,9
Välk,sylvanas,860,hunter,survival,18,9,9
Алестея,gordunni,860,hunter,survival,24,9,15
Пивпавнах,gordunni,859,hunter,survival,12,9,3
Henario,ravencrest,859,hunter,survival,18,9,9
Raenard,ragnaros,858,hunter,survival,21,10,11
Madtony,aegwynn,858,hunter,survival,24,9,15
Grufflin,bronzebeard,855,hunter,survival,24,9,15
Karasana,earthen-ring,855,hunter,survival,30,9,21
Beaupapa,archimonde,846,hunter,survival,18,9,9
Cosmokid,shadowsong,842,hunter,survival,16,10,6
Killdembro,sunstrider,835,hunter,survival,102,31,71
Abeji,malygos,830,hunter,survival,23,9,14
Trabucones,sanguino,830,hunter,survival,24,9,15
Reenacer,dun-modr,826,hunter,survival,30,10,20
Zrijad,draenor,796,hunter,survival,14,9,5
Powerhord,burning-legion,794,hunter,survival,23,9,14
Drolig,blackmoore,793,hunter,survival,17,9,8
Adefthunt,kazzak,768,hunter,survival,12,8,4
Dumbfoundead,argent-dawn,768,hunter,survival,12,8,4
Kértor,die-aldor,768,hunter,survival,12,8,4
Hexojs,outland,768,hunter,survival,12,8,4
Velen,pozzo-delleternità,768,hunter,survival,12,8,4
Techpoint,silvermoon,768,hunter,survival,12,8,4
Jaggy,hyjal,768,hunter,survival,12,8,4
Gurrmex,stormscale,768,hunter,survival,12,8,4
Slighth,ragnaros,768,hunter,survival,12,8,4
Maiver,ravencrest,768,hunter,survival,12,8,4
Djfortnite,ravencrest,768,hunter,survival,12,8,4
Deuteríum,outland,768,hunter,survival,12,8,4
Bø,burning-blade,768,hunter,survival,18,8,10
Dauria,blackhand,768,hunter,survival,18,8,10
Трапавграунд,howling-fjord,768,hunter,survival,18,8,10
Sneakyshot,nemesis,768,hunter,survival,18,8,10
Goosebite,ravencrest,768,hunter,survival,18,8,10
Пьёт,gordunni,768,hunter,survival,18,8,10
Фираналь,blackscar,768,hunter,survival,18,8,10
Buoma,kazzak,768,hunter,survival,18,8,10
Epicsurvive,kazzak,768,hunter,survival,24,8,16
Тиандриса,soulflayer,767,hunter,survival,12,8,4
Nokti,die-ewige-wacht,767,hunter,survival,12,8,4
Øpedro,kirin-tor,767,hunter,survival,12,8,4
Alissón,aegwynn,767,hunter,survival,12,8,4
Luftikuss,arthas,767,hunter,survival,12,8,4
Jäegarn,ravencrest,767,hunter,survival,12,8,4
Arnakua,outland,767,hunter,survival,18,8,10
Assaultrifle,frostmane,767,hunter,survival,18,8,10
Zuggander,ravencrest,767,hunter,survival,18,8,10
Double,sylvanas,767,hunter,survival,18,8,10
Chiwa,cthun,767,hunter,survival,24,8,16
Hopefol,ravencrest,767,hunter,survival,24,8,16
Murotar,dalaran,766,hunter,survival,12,8,4
Haileyjones,darkmoon-faire,766,hunter,survival,12,8,4
Kaj,kelthuzad,766,hunter,survival,18,8,10
Вуйчеч,howling-fjord,766,hunter,survival,24,8,16
Harmonía,outland,764,hunter,survival,24,8,16
Marvii,drakthul,763,hunter,survival,30,8,22
Eledanu,blackmoore,762,hunter,survival,12,8,4
Platza,ragnaros,762,hunter,survival,18,8,10
Риппер,gordunni,762,hunter,survival,24,8,16
Хантероо,gordunni,756,hunter,survival,18,8,10
Thëhunter,tyrande,749,hunter,survival,17,8,9
Hanibale,burning-blade,740,hunter,survival,31,8,23
Ватмано,gordunni,718,hunter,survival,11,8,3
Bowkeeper,kazzak,708,hunter,survival,30,9,21
Crapulegangz,archimonde,703,hunter,survival,20,8,12
Reefa,the-maelstrom,702,hunter,survival,11,8,3
Dexx,kazzak,698,hunter,survival,17,9,8
Burninghunt,ravencrest,672,hunter,survival,12,7,5
Laptopplayër,ravencrest,672,hunter,survival,12,7,5
Еваджонсон,gordunni,672,hunter,survival,12,7,5
Ilovemax,archimonde,672,hunter,survival,12,7,5
Tomorrow,ravencrest,672,hunter,survival,12,7,5
Merquryh,ravencrest,672,hunter,survival,12,7,5
Motri,tarren-mill,672,hunter,survival,12,7,5
Eyvin,defias-brotherhood,672,hunter,survival,12,7,5
Trapsgaye,blackmoore,672,hunter,survival,12,7,5
Трапгодикс,eversong,672,hunter,survival,12,7,5
Nulles,ravencrest,672,hunter,survival,12,7,5
Amadia,defias-brotherhood,672,hunter,survival,12,7,5
Morgard,uldum,672,hunter,survival,12,7,5
Davidghettô,dalaran,672,hunter,survival,12,7,5
Åzey,hyjal,672,hunter,survival,12,7,5
Куфа,blackscar,672,hunter,survival,12,7,5
Волкорн,gordunni,672,hunter,survival,12,7,5
Норапина,eversong,672,hunter,survival,33,15,18
Avashah,ravencrest,672,hunter,survival,16,7,9
Solotrap,kazzak,672,hunter,survival,18,7,11
Mahikosan,outland,672,hunter,survival,18,7,11
Crostaws,terokkar,672,hunter,survival,18,7,11
Aspects,blackrock,672,hunter,survival,18,7,11
Reelgigachad,archimonde,672,hunter,survival,18,7,11
Wórldz,dun-modr,672,hunter,survival,18,7,11
Fyoni,silvermoon,671,hunter,survival,12,7,5
Oldlynx,ravencrest,671,hunter,survival,12,7,5
Flamehand,kazzak,671,hunter,survival,12,7,5
Shanndu,ravencrest,671,hunter,survival,18,7,11
Neepal,archimonde,671,hunter,survival,18,7,11
Koblih,draenor,671,hunter,survival,30,7,23
Blackox,zirkel-des-cenarius,670,hunter,survival,12,7,5
Volotyr,ravencrest,670,hunter,survival,12,7,5
Renegansnipe,silvermoon,670,hunter,survival,18,7,11
Panfilmaaj,burning-legion,670,hunter,survival,19,7,12
Tyràél,mugthol,669,hunter,survival,12,7,5
Санясурв,gordunni,665,hunter,survival,25,12,13
Mahemi,mazrigos,664,hunter,survival,30,7,23
Skyythe,dun-morogh,649,hunter,survival,18,7,11
Iendx,silvermoon,623,hunter,survival,11,7,4
Beersalma,arathor,623,hunter,survival,11,7,4
Bugspitz,outland,622,hunter,survival,11,7,4
Хищник,gordunni,622,hunter,survival,14,8,6
Azuren,twisting-nether,620,hunter,survival,17,7,10
Gharzok,blackrock,618,hunter,survival,14,8,6
Onefatalshot,the-maelstrom,617,hunter,survival,14,8,6
Haranti,dun-modr,576,hunter,survival,6,6,0
Ernorx,stormscale,576,hunter,survival,6,6,0
Vinniehunter,archimonde,576,hunter,survival,6,6,0
Ävírøñskÿ,ravencrest,576,hunter,survival,6,6,0
Gitanìlla,dun-modr,576,hunter,survival,6,6,0
Bågeniburen,draenor,576,hunter,survival,12,6,6
Mouganstine,archimonde,576,hunter,survival,12,6,6
Zøøkëëper,silvermoon,576,hunter,survival,12,6,6
Ravendy,stormscale,576,hunter,survival,12,6,6
Frozenpies,stormscale,576,hunter,survival,12,6,6
Jamoneame,sanguino,576,hunter,survival,12,6,6
Seandeluxe,defias-brotherhood,576,hunter,survival,12,6,6
Anupephu,stormscale,576,hunter,survival,12,6,6
Kuzes,ravencrest,576,hunter,survival,12,6,6
Alibigjungle,ravencrest,576,hunter,survival,12,6,6
Ямилигодц,soulflayer,576,hunter,survival,12,6,6
Schwabbels,silvermoon,576,hunter,survival,12,6,6
Snoude,silvermoon,576,hunter,survival,12,6,6
Uranîa,blackmoore,576,hunter,survival,12,6,6
Nazona,blackmoore,576,hunter,survival,12,6,6
Yezzu,sylvanas,576,hunter,survival,12,6,6
Maddoqx,frostwolf,576,hunter,survival,12,6,6
Weraxo,ravencrest,576,hunter,survival,12,6,6
Psghunt,argent-dawn,576,hunter,survival,12,6,6
Bkrbot,dun-modr,576,hunter,survival,12,6,6
Bicmeks,ravencrest,576,hunter,survival,12,6,6
Nobuno,dun-modr,576,hunter,survival,12,6,6
Milkyway,jaedenar,576,hunter,survival,12,6,6
Lightxyz,ravencrest,576,hunter,survival,12,6,6
Scarletgirl,draenor,576,hunter,survival,12,6,6
Уроборос,gordunni,576,hunter,survival,12,6,6
Gormlokar,kazzak,576,hunter,survival,12,6,6
Дарктеххно,howling-fjord,576,hunter,survival,12,6,6
Zisqa,alleria,576,hunter,survival,12,6,6
Surgethyme,ravencrest,576,hunter,survival,15,7,8
Куджикс,gordunni,576,hunter,survival,20,7,13
Broomyuk,kilrogg,575,hunter,survival,12,6,6
Grimazg,chogall,575,hunter,survival,12,6,6
Pãstèque,ravencrest,575,hunter,survival,12,6,6
Huntoon,doomhammer,575,hunter,survival,12,6,6
Pewpewronin,the-maelstrom,575,hunter,survival,12,6,6
Lòò,aegwynn,575,hunter,survival,12,6,6
Lucrecius,magtheridon,575,hunter,survival,12,6,6
Йеттеринг,deathweaver,575,hunter,survival,15,7,8
Enistee,silvermoon,575,hunter,survival,18,6,12
Дондонандон,gordunni,575,hunter,survival,18,6,12
Sekkeh,ragnaros,575,hunter,survival,18,6,12
Amjamh,hyjal,575,hunter,survival,18,6,12
Mufassa,sinstralis,574,hunter,survival,12,6,6
Jwishrankone,outland,574,hunter,survival,12,6,6
Васябицепс,howling-fjord,574,hunter,survival,18,6,12
Vuloshi,twisting-nether,573,hunter,survival,18,6,12
Блоуйоэсс,howling-fjord,573,hunter,survival,24,6,18
Oneshootqt,aegwynn,568,hunter,survival,21,8,13
Mâjôô,blackhand,544,hunter,survival,10,6,4
Фетсол,soulflayer,543,hunter,survival,11,6,5
Боцекабузер,galakrond,543,hunter,survival,11,6,5
Sumecxh,aegwynn,543,hunter,survival,11,6,5
Reðrighthånð,throkferoth,528,hunter,survival,9,6,3
Natheldir,silvermoon,527,hunter,survival,11,6,5
Yvenne,uldaman,525,hunter,survival,11,6,5
Aequitaz,blackhand,511,hunter,survival,20,6,14
Хантвкроксах,gordunni,496,hunter,survival,13,6,7
Lockshot,ragnaros,480,hunter,survival,6,5,1
Glama,archimonde,480,hunter,survival,6,5,1
Mòzetónq,ravencrest,480,hunter,survival,6,5,1
Dheredre,silvermoon,480,hunter,survival,6,5,1
Osskkar,uldum,480,hunter,survival,6,5,1
Spirys,drakthul,480,hunter,survival,6,5,1
Zybxd,drakthul,480,hunter,survival,6,5,1
Intensivigel,blackmoore,480,hunter,survival,6,5,1
Deek,ysera,480,hunter,survival,6,5,1
Lísy,hyjal,480,hunter,survival,6,5,1
Smellygroin,darksorrow,480,hunter,survival,6,5,1
Lansha,hyjal,480,hunter,survival,6,5,1
Sebikh,ravencrest,480,hunter,survival,6,5,1
Забзаб,soulflayer,480,hunter,survival,6,5,1
Dekax,blackhand,480,hunter,survival,6,5,1
Alohunt,archimonde,480,hunter,survival,6,5,1
Jelibon,ragnaros,480,hunter,survival,6,5,1
Ormassey,drakthul,480,hunter,survival,12,5,7
Vypaz,twisting-nether,480,hunter,survival,12,5,7
Caìuz,pozzo-delleternità,480,hunter,survival,12,5,7
Jøki,blackmoore,480,hunter,survival,12,5,7
Ðîe,ysondre,480,hunter,survival,12,5,7
Hunterado,burning-legion,480,hunter,survival,12,5,7
Вкинулматрас,gordunni,480,hunter,survival,12,5,7
Grusijohn,executus,480,hunter,survival,12,5,7
Эвилтар,soulflayer,480,hunter,survival,12,5,7
Supcuz,stormscale,480,hunter,survival,12,5,7
Baconflips,ravencrest,480,hunter,survival,12,5,7
Oof,lightnings-blade,480,hunter,survival,12,5,7
Discoråttan,stormscale,480,hunter,survival,12,5,7
Cyhi,ravencrest,480,hunter,survival,12,5,7
Neyli,aegwynn,480,hunter,survival,12,5,7
Аскентр,gordunni,480,hunter,survival,12,5,7
Akyra,runetotem,480,hunter,survival,12,5,7
Doloresman,tarren-mill,480,hunter,survival,12,5,7
Djzntrap,outland,480,hunter,survival,12,5,7
Asery,blackmoore,480,hunter,survival,12,5,7
Мэйвиан,gordunni,480,hunter,survival,12,5,7
Acefyre,sylvanas,480,hunter,survival,12,5,7
Mercpet,tarren-mill,480,hunter,survival,12,5,7
Gogolehunt,archimonde,480,hunter,survival,12,5,7
Moscowmule,tarren-mill,480,hunter,survival,12,5,7
Yakayoshi,kazzak,480,hunter,survival,12,5,7
Coopatron,silvermoon,480,hunter,survival,12,5,7
Noneedtotrap,darksorrow,480,hunter,survival,12,5,7
Lostinmist,kazzak,480,hunter,survival,12,5,7
Amyst,senjin,480,hunter,survival,18,5,13
Sharpeyezz,ravencrest,480,hunter,survival,18,5,13
Ector,silvermoon,480,hunter,survival,18,5,13
Beletor,medivh,480,hunter,survival,18,5,13
Zireal,pozzo-delleternità,479,hunter,survival,6,5,1
Daltyr,ravencrest,479,hunter,survival,12,5,7
Cazados,shendralar,479,hunter,survival,16,6,10
Сногивкабину,soulflayer,479,hunter,survival,18,5,13
Nazumåks,stormscale,448,hunter,survival,16,5,11
Axiøs,thrall,431,hunter,survival,11,5,6
Nektard,ravencrest,425,hunter,survival,14,6,8
Bubonciêl,archimonde,425,hunter,survival,22,7,15
Shenra,argent-dawn,384,hunter,survival,6,4,2
Tibaq,burning-legion,384,hunter,survival,6,4,2
Rokmahr,stormscale,384,hunter,survival,6,4,2
Salvo,silvermoon,384,hunter,survival,6,4,2
Bubboo,dun-modr,384,hunter,survival,6,4,2
Trapandstun,aszune,384,hunter,survival,6,4,2
Mooj,malganis,384,hunter,survival,6,4,2
Twinkies,ysondre,384,hunter,survival,6,4,2
Ледо,deathguard,384,hunter,survival,6,4,2
Vádîazmeý,twisting-nether,384,hunter,survival,6,4,2
Nomorex,frostwhisper,384,hunter,survival,6,4,2
Borbotir,silvermoon,384,hunter,survival,6,4,2
Djurmästaren,ravencrest,384,hunter,survival,6,4,2
Nyxìa,shattered-halls,384,hunter,survival,6,4,2
Youngbepse,blackrock,384,hunter,survival,6,4,2
Blhunt,magtheridon,384,hunter,survival,6,4,2
Djøgi,archimonde,384,hunter,survival,6,4,2
Fyrya,ravencrest,384,hunter,survival,6,4,2
Bièretrand,les-clairvoyants,384,hunter,survival,6,4,2
Thresha,ravenholdt,384,hunter,survival,6,4,2
Rheyl,dun-morogh,384,hunter,survival,6,4,2
Giggiwho,malganis,384,hunter,survival,6,4,2
Cinnè,frostwolf,384,hunter,survival,6,4,2
Kàisèr,shendralar,384,hunter,survival,6,4,2
Virzion,silvermoon,384,hunter,survival,6,4,2
Antisober,ravencrest,384,hunter,survival,6,4,2
Wärft,arathi,384,hunter,survival,12,4,8
Vukal,kazzak,384,hunter,survival,12,4,8
Simppeli,sylvanas,384,hunter,survival,12,4,8
Salie,argent-dawn,384,hunter,survival,12,4,8
Abgeherjoe,antonidas,384,hunter,survival,12,4,8
Yszï,dalaran,384,hunter,survival,12,4,8
Geevhunt,hyjal,384,hunter,survival,12,4,8
Pàtküt,blackmoore,384,hunter,survival,12,4,8
Esperion,ragnaros,384,hunter,survival,12,4,8
Fíwhale,tarren-mill,384,hunter,survival,12,4,8
Illuminate,laughing-skull,384,hunter,survival,12,4,8
Headshotxd,ragnaros,384,hunter,survival,12,4,8
Nimoria,zuluhed,384,hunter,survival,12,4,8
Dettas,silvermoon,384,hunter,survival,12,4,8
Helvetiya,sylvanas,384,hunter,survival,12,4,8
Eâgleêyê,frostwolf,384,hunter,survival,12,4,8
Bubby,burning-legion,384,hunter,survival,12,4,8
Vvax,stormscale,384,hunter,survival,12,4,8
Beaststeaks,thrall,384,hunter,survival,12,4,8
Voldagor,hyjal,384,hunter,survival,12,4,8
Noréaga,suramar,384,hunter,survival,12,4,8
Friendlyone,quelthalas,384,hunter,survival,12,4,8
Magicnanø,nemesis,384,hunter,survival,12,4,8
Nillaxy,blackmoore,384,hunter,survival,12,4,8
Хикази,soulflayer,384,hunter,survival,12,4,8
Эдерим,gordunni,384,hunter,survival,12,4,8
Keinzira,hyjal,384,hunter,survival,18,4,14
Claimi,silvermoon,384,hunter,survival,18,4,14
Døømslayer,nemesis,383,hunter,survival,6,4,2
Nozugzug,blackmoore,351,hunter,survival,11,4,7
Vhaagarr,blackmoore,351,hunter,survival,11,4,7
Ghob,kazzak,330,hunter,survival,8,5,3
Эквинтия,soulflayer,319,hunter,survival,5,4,1
Sùnzí,alakir,319,hunter,survival,6,4,2
Джулибуба,howling-fjord,304,hunter,survival,7,4,3
Velrhegal,tarren-mill,304,hunter,survival,13,4,9
Veganmuscles,madmortem,288,hunter,survival,6,3,3
Buekåre,outland,288,hunter,survival,6,3,3
Thekev,ravencrest,288,hunter,survival,6,3,3
Myoui,silvermoon,288,hunter,survival,6,3,3
Sworra,silvermoon,288,hunter,survival,6,3,3
Hépheistos,kelthuzad,288,hunter,survival,6,3,3
Lootgobbo,antonidas,288,hunter,survival,6,3,3
Kapowz,kazzak,288,hunter,survival,6,3,3
Beksha,blackrock,288,hunter,survival,6,3,3
Spakster,blackrock,288,hunter,survival,6,3,3
Tràpz,archimonde,288,hunter,survival,6,3,3
Whis,blackrock,288,hunter,survival,6,3,3
Unöhänä,archimonde,288,hunter,survival,6,3,3
Нойран,eversong,288,hunter,survival,6,3,3
Benbutton,antonidas,288,hunter,survival,6,3,3
Properchub,ravencrest,288,hunter,survival,6,3,3
Westend,draenor,288,hunter,survival,6,3,3
Hræsvëlg,archimonde,288,hunter,survival,6,3,3
Arrowknee,outland,288,hunter,survival,6,3,3
Nyyrikkí,ravencrest,288,hunter,survival,6,3,3
Jorhan,ravencrest,288,hunter,survival,6,3,3
Loading,garrosh,288,hunter,survival,6,3,3
Badboybørge,draenor,288,hunter,survival,6,3,3
Xý,hyjal,288,hunter,survival,6,3,3
Oneeyedjoe,the-maelstrom,288,hunter,survival,6,3,3
Fjarla,aegwynn,288,hunter,survival,6,3,3
Zwergjäger,aegwynn,288,hunter,survival,6,3,3
Slougshot,archimonde,288,hunter,survival,6,3,3
Goblinstyle,kazzak,288,hunter,survival,6,3,3
Psychadelic,chamber-of-aspects,288,hunter,survival,6,3,3
Паркх,soulflayer,288,hunter,survival,6,3,3
Crispystix,draenor,288,hunter,survival,6,3,3
Igyunk,ragnaros,288,hunter,survival,6,3,3
Himatoumi,elune,288,hunter,survival,6,3,3
Suetøløgx,shadowsong,288,hunter,survival,6,3,3
Daddytrap,burning-legion,288,hunter,survival,6,3,3
Рэкрэйван,gordunni,288,hunter,survival,6,3,3
Svinaset,shattered-hand,288,hunter,survival,6,3,3
Deskö,shendralar,288,hunter,survival,6,3,3
Engetsu,drakthul,288,hunter,survival,6,3,3
Monnezzus,nemesis,288,hunter,survival,6,3,3
Jayquillen,sylvanas,288,hunter,survival,6,3,3
Nightvarn,burning-blade,288,hunter,survival,6,3,3
Prinzz,blackmoore,288,hunter,survival,6,3,3
Likandria,blackmoore,288,hunter,survival,6,3,3
Badwar,twisting-nether,288,hunter,survival,6,3,3
Dîzzy,malganis,288,hunter,survival,6,3,3
Eazzyy,auchindoun,288,hunter,survival,6,3,3
Aidsmacka,shattered-hand,288,hunter,survival,6,3,3
Rákthar,blackmoore,288,hunter,survival,6,3,3
Grippage,draenor,288,hunter,survival,6,3,3
Faccacamoale,twisting-nether,288,hunter,survival,6,3,3
Марчик,blackscar,288,hunter,survival,6,3,3
Telluric,silvermoon,288,hunter,survival,8,3,5
Zoo,archimonde,288,hunter,survival,12,3,9
Bláckthorn,ravencrest,288,hunter,survival,12,3,9
Ullburn,tyrande,288,hunter,survival,12,3,9
Aella,thrall,288,hunter,survival,12,3,9
Zäphiiro,archimonde,288,hunter,survival,12,3,9
Dezmoinez,twisting-nether,288,hunter,survival,12,3,9
Cryts,dun-modr,288,hunter,survival,12,3,9
Ansâvage,ravencrest,288,hunter,survival,12,3,9
Twérk,blackmoore,288,hunter,survival,12,3,9
Шмалетар,gordunni,288,hunter,survival,12,3,9
Aleenya,dalaran,288,hunter,survival,12,3,9
Àfpro,hyjal,288,hunter,survival,12,3,9
Wolfína,drakthul,288,hunter,survival,12,3,9
Pispirelul,ravencrest,288,hunter,survival,12,3,9
Bigfoot,argent-dawn,288,hunter,survival,12,3,9
Nestór,todeswache,288,hunter,survival,12,3,9
Piercing,stormrage,288,hunter,survival,12,3,9
Sláynôs,blackrock,288,hunter,survival,12,3,9
Swïtchz,hyjal,288,hunter,survival,12,3,9
Ubietza,aegwynn,288,hunter,survival,12,3,9
Charlet,archimonde,287,hunter,survival,6,3,3
Lezigoulleur,marécage-de-zangar,287,hunter,survival,6,3,3
Jarhead,arthas,287,hunter,survival,12,3,9
Arkeye,draenor,271,hunter,survival,11,3,8
Twinkhunter,pozzo-delleternità,256,hunter,survival,10,3,7
Jacobszy,outland,255,hunter,survival,8,4,4
Дочьпескова,gordunni,239,hunter,survival,5,3,2
Arrowboss,kazzak,239,hunter,survival,5,3,2
Bowtreat,aggramar,239,hunter,survival,5,3,2
Fakepvper,darksorrow,239,hunter,survival,5,3,2
Sizemattersx,kazzak,239,hunter,survival,11,3,8
Himpy,twisting-nether,234,hunter,survival,14,4,10
Одисенс,eversong,233,hunter,survival,13,4,9
Shall,outland,223,hunter,survival,8,3,5
Rosiee,dun-modr,208,hunter,survival,7,3,4
Gerzyy,drakthul,192,hunter,survival,6,2,4
Vasco,chogall,192,hunter,survival,6,2,4
Evazeonhunt,antonidas,192,hunter,survival,6,2,4
Nøøtx,ravencrest,192,hunter,survival,6,2,4
Twobuttngodx,blackrock,192,hunter,survival,6,2,4
Steffxd,twisting-nether,192,hunter,survival,6,2,4
Daarkkhunter,twisting-nether,192,hunter,survival,6,2,4
Brindefolìe,archimonde,192,hunter,survival,6,2,4
Нью,soulflayer,192,hunter,survival,6,2,4
Tdapills,sanguino,192,hunter,survival,6,2,4
Honeytrap,blackmoore,192,hunter,survival,6,2,4
Jarekk,auchindoun,192,hunter,survival,6,2,4
Nýka,sanguino,192,hunter,survival,6,2,4
Fajitax,lightbringer,192,hunter,survival,6,2,4
Abomìnatìon,blackhand,192,hunter,survival,6,2,4
Орталиус,deathguard,192,hunter,survival,6,2,4
Xaotsu,ravencrest,192,hunter,survival,6,2,4
Lithell,kazzak,192,hunter,survival,6,2,4
Ammò,kazzak,192,hunter,survival,6,2,4
Senedeck,silvermoon,192,hunter,survival,6,2,4
Gynax,hyjal,192,hunter,survival,6,2,4
Bèâr,stormscale,192,hunter,survival,6,2,4
Неужто,deathguard,192,hunter,survival,6,2,4
Púrefect,ragnaros,192,hunter,survival,6,2,4
Drvix,outland,192,hunter,survival,6,2,4
Alithanar,drekthar,192,hunter,survival,6,2,4
Robosexual,ravencrest,192,hunter,survival,6,2,4
Castbuny,drakthul,192,hunter,survival,6,2,4
Мусафа,eversong,192,hunter,survival,6,2,4
Valtondre,argent-dawn,192,hunter,survival,6,2,4
Афганыч,soulflayer,192,hunter,survival,6,2,4
Aggrobatics,blackmoore,192,hunter,survival,6,2,4
Malover,ravencrest,192,hunter,survival,6,2,4
Bloodyshot,dun-modr,192,hunter,survival,6,2,4
Roscke,drakthul,192,hunter,survival,6,2,4
Rølyn,hyjal,192,hunter,survival,6,2,4
Sakaryali,silvermoon,192,hunter,survival,6,2,4
Yopps,draenor,192,hunter,survival,6,2,4
Gransu,argent-dawn,192,hunter,survival,6,2,4
Наладдчик,howling-fjord,192,hunter,survival,6,2,4
Flexifys,tarren-mill,192,hunter,survival,6,2,4
Adram,burning-legion,192,hunter,survival,6,2,4
Draugrinnh,tarren-mill,192,hunter,survival,6,2,4
Тандеркейдж,gordunni,192,hunter,survival,6,2,4
Ilòóll,veknilash,192,hunter,survival,6,2,4
Grundibg,chamber-of-aspects,192,hunter,survival,6,2,4
Akhtabot,twisting-nether,192,hunter,survival,6,2,4
Дунморг,grom,192,hunter,survival,6,2,4
Layro,burning-legion,192,hunter,survival,9,2,7
Sicktrigger,aegwynn,192,hunter,survival,12,2,10
Zéros,argent-dawn,192,hunter,survival,12,2,10
Haskeer,shattrath,192,hunter,survival,12,2,10
Янемилашка,howling-fjord,192,hunter,survival,12,2,10
Louårn,hyjal,192,hunter,survival,12,2,10
Ecthelione,the-venture-co,192,hunter,survival,12,2,10
Réja,norgannon,192,hunter,survival,12,2,10
Nolsey,outland,192,hunter,survival,12,2,10
Sixty,rajaxx,192,hunter,survival,18,2,16
Bélier,hyjal,191,hunter,survival,6,2,4
Bosnimph,bloodfeather,191,hunter,survival,12,2,10
Thalanos,blackmoore,185,hunter,survival,14,4,10
Blackbane,ravencrest,159,hunter,survival,5,2,3
Klarix,outland,159,hunter,survival,5,2,3
Bnji,hyjal,159,hunter,survival,11,2,9
Rdwlf,draenor,138,hunter,survival,8,3,5
Donaldtrap,archimonde,128,hunter,survival,4,2,2
Alvúk,kazzak,96,hunter,survival,3,2,1
Gyurkicz,hyjal,96,hunter,survival,6,1,5
Saksa,blackrock,96,hunter,survival,6,1,5
Panzershot,hyjal,96,hunter,survival,6,1,5
Oobe,hyjal,96,hunter,survival,6,1,5
Aneji,hyjal,96,hunter,survival,6,1,5
Zuggi,defias-brotherhood,96,hunter,survival,6,1,5
Серомиг,eversong,96,hunter,survival,6,1,5
Diabloiv,doomhammer,96,hunter,survival,6,1,5
Куоль,gordunni,96,hunter,survival,6,1,5
Раелиин,gordunni,96,hunter,survival,6,1,5
Дакоока,deepholm,96,hunter,survival,6,1,5
Fantus,sylvanas,96,hunter,survival,6,1,5
Grollar,ragnaros,96,hunter,survival,6,1,5
Multigodx,draenor,96,hunter,survival,6,1,5
Барановируса,soulflayer,96,hunter,survival,6,1,5
Liljan,kult-der-verdammten,96,hunter,survival,6,1,5
Escaflôwn,aegwynn,96,hunter,survival,6,1,5
Lebalaffré,arathi,96,hunter,survival,6,1,5
Zynga,sylvanas,96,hunter,survival,6,1,5
Durion,tichondrius,96,hunter,survival,6,1,5
Aimywinehaus,drakthul,96,hunter,survival,6,1,5
Draksha,stormscale,96,hunter,survival,6,1,5
Archfiend,stormscale,96,hunter,survival,6,1,5
Zárnah,defias-brotherhood,96,hunter,survival,6,1,5
Ditbjrapex,chants-éternels,96,hunter,survival,6,1,5
Ryztik,garona,96,hunter,survival,6,1,5
Leaxs,onyxia,96,hunter,survival,6,1,5
Hekyna,ravencrest,96,hunter,survival,6,1,5
Stirea,alakir,96,hunter,survival,6,1,5
Nixerious,alakir,96,hunter,survival,6,1,5
Katzchen,burning-legion,96,hunter,survival,6,1,5
Хипстеркотик,gordunni,96,hunter,survival,6,1,5
Lowfet,neptulon,96,hunter,survival,6,1,5
Рангмар,howling-fjord,79,hunter,survival,5,1,4
Эннабонни,gordunni,79,hunter,survival,5,1,4
Хароко,gordunni,42,hunter,survival,9,3,6
Скримзх,gordunni,41,hunter,survival,6,3,3
Brajanush,silvermoon,31,hunter,survival,2,1,1
Mizumo,burning-legion,16,hunter,survival,1,1,0
Mariabanks,aegwynn,2329,hunter,beastmastery,240,129,111
Hypse,kazzak,2319,hunter,beastmastery,369,187,182
Куфа,blackscar,2222,hunter,beastmastery,78,43,35
Brokeasalwys,ravencrest,2164,hunter,beastmastery,84,46,38
Cbã,ravencrest,2156,hunter,beastmastery,60,32,28
Zl,chamber-of-aspects,2136,hunter,beastmastery,86,44,42
Nelida,ragnaros,2105,hunter,beastmastery,60,32,28
Noorky,kazzak,2093,hunter,beastmastery,78,43,35
Mekerosh,burning-legion,2069,hunter,beastmastery,88,43,45
Fãdê,ravencrest,2053,hunter,beastmastery,114,72,42
Берх,gordunni,2044,hunter,beastmastery,184,92,92
Plugonbaby,hyjal,2035,hunter,beastmastery,77,37,40
Eldrekou,kazzak,2032,hunter,beastmastery,132,71,61
Kfcmanagerx,silvermoon,2024,hunter,beastmastery,90,42,48
Baltímore,stormscale,2023,hunter,beastmastery,83,39,44
Truejkee,silvermoon,2014,hunter,beastmastery,137,72,65
Doghxnter,ravencrest,2014,hunter,beastmastery,66,31,35
Ynv,argent-dawn,2013,hunter,beastmastery,152,80,72
Jambomambo,twisting-nether,2008,hunter,beastmastery,90,46,44
Raggeh,frostwhisper,2005,hunter,beastmastery,96,52,44
Тружка,soulflayer,2000,hunter,beastmastery,96,44,52
Kachaxa,kazzak,1999,hunter,beastmastery,99,46,53
Luzivarus,malganis,1993,hunter,beastmastery,83,40,43
Teals,blackrock,1985,hunter,beastmastery,153,80,73
Евилик,gordunni,1976,hunter,beastmastery,107,53,54
Esperion,ragnaros,1976,hunter,beastmastery,144,68,76
Gernoqz,frostwolf,1973,hunter,beastmastery,107,51,56
Winiswin,stormscale,1966,hunter,beastmastery,201,100,101
Expiraa,twisting-nether,1954,hunter,beastmastery,72,35,37
Nivshot,kazzak,1950,hunter,beastmastery,54,31,23
Raawy,blackmoore,1948,hunter,beastmastery,42,31,11
Sipsomewater,ravencrest,1943,hunter,beastmastery,69,36,33
Zyphx,der-rat-von-dalaran,1935,hunter,beastmastery,146,68,78
Баянист,soulflayer,1934,hunter,beastmastery,120,59,61
Luzivar,malganis,1934,hunter,beastmastery,83,38,45
Odeôn,twisting-nether,1921,hunter,beastmastery,65,27,38
Pfizershotx,khaz-modan,1919,hunter,beastmastery,66,35,31
Мираклдримз,gordunni,1919,hunter,beastmastery,72,38,34
Babýrage,twisting-nether,1919,hunter,beastmastery,60,31,29
Roarmantic,blackrock,1915,hunter,beastmastery,66,31,35
Safnirx,tarren-mill,1908,hunter,beastmastery,72,32,40
Aimshots,twisting-nether,1906,hunter,beastmastery,66,36,30
Ataxyz,draenor,1906,hunter,beastmastery,60,30,30
Экономист,fordragon,1905,hunter,beastmastery,60,37,23
Libanais,archimonde,1905,hunter,beastmastery,251,119,132
Brokenpetman,defias-brotherhood,1902,hunter,beastmastery,48,26,22
Онкьяр,gordunni,1901,hunter,beastmastery,98,53,45
Беби,gordunni,1901,hunter,beastmastery,66,31,35
Priceqtxd,ravencrest,1900,hunter,beastmastery,151,92,59
Thing,kazzak,1900,hunter,beastmastery,36,21,15
Izmad,archimonde,1899,hunter,beastmastery,317,178,139
Trapgoddxx,archimonde,1894,hunter,beastmastery,65,44,21
Гринмех,gordunni,1893,hunter,beastmastery,66,35,31
Tagz,ravencrest,1887,hunter,beastmastery,60,29,31
Feevah,frostmane,1885,hunter,beastmastery,283,140,143
Rákthar,blackmoore,1882,hunter,beastmastery,140,70,70
Rndhunt,shattrath,1881,hunter,beastmastery,90,43,47
Ryxzn,eredar,1875,hunter,beastmastery,84,40,44
Snarthelg,tarren-mill,1874,hunter,beastmastery,60,32,28
Pussirotta,stormreaver,1869,hunter,beastmastery,60,30,30
Jàsøn,ravencrest,1867,hunter,beastmastery,72,33,39
Seviante,outland,1865,hunter,beastmastery,54,29,25
Phesx,sylvanas,1865,hunter,beastmastery,54,27,27
Биско,gordunni,1865,hunter,beastmastery,144,71,73
Ígrågøßñø,silvermoon,1864,hunter,beastmastery,44,30,14
Breezme,twisting-nether,1864,hunter,beastmastery,72,33,39
Hanuong,ragnaros,1862,hunter,beastmastery,36,20,16
Moscowmule,tarren-mill,1859,hunter,beastmastery,59,29,30
Krampack,dun-modr,1858,hunter,beastmastery,54,31,23
Draxil,archimonde,1855,hunter,beastmastery,60,27,33
Найстити,deathguard,1854,hunter,beastmastery,66,31,35
Nexztwo,blackrock,1852,hunter,beastmastery,69,33,36
Samanou,kazzak,1851,hunter,beastmastery,94,45,49
Chillbroo,twisting-nether,1851,hunter,beastmastery,71,33,38
Âmalphy,ravencrest,1846,hunter,beastmastery,47,23,24
Fullxtrap,hyjal,1845,hunter,beastmastery,47,23,24
Pkz,dun-modr,1845,hunter,beastmastery,107,52,55
Дианнесса,howling-fjord,1845,hunter,beastmastery,83,40,43
Колякилшот,gordunni,1844,hunter,beastmastery,60,29,31
Kondy,twisting-nether,1843,hunter,beastmastery,43,29,14
Nyzuri,die-aldor,1843,hunter,beastmastery,54,26,28
Thogel,hyjal,1843,hunter,beastmastery,78,35,43
Мерзкийбот,gordunni,1843,hunter,beastmastery,74,33,41
Miraculous,dalaran,1841,hunter,beastmastery,51,25,26
Scrubbi,destromath,1840,hunter,beastmastery,59,30,29
Wilfyre,twisting-nether,1840,hunter,beastmastery,75,36,39
Каосси,gordunni,1839,hunter,beastmastery,61,31,30
Лесбиянюсь,gordunni,1838,hunter,beastmastery,60,43,17
Imcuteandfun,ravencrest,1838,hunter,beastmastery,147,75,72
Irefutabil,stormscale,1838,hunter,beastmastery,72,32,40
Tyranski,ravencrest,1837,hunter,beastmastery,93,52,41
Dheredre,silvermoon,1835,hunter,beastmastery,48,27,21
Miløø,silvermoon,1835,hunter,beastmastery,48,26,22
Manj,blackhand,1835,hunter,beastmastery,65,32,33
Hugø,twisting-nether,1835,hunter,beastmastery,102,43,59
Hlogic,tarren-mill,1834,hunter,beastmastery,108,51,57
Næmes,hyjal,1830,hunter,beastmastery,66,32,34
Kabaro,rajaxx,1830,hunter,beastmastery,60,27,33
Infléx,silvermoon,1829,hunter,beastmastery,131,73,58
Рагнарианх,gordunni,1829,hunter,beastmastery,105,48,57
Кразайс,ashenvale,1829,hunter,beastmastery,91,39,52
Masthuhn,blackmoore,1828,hunter,beastmastery,60,35,25
Крайдершот,howling-fjord,1828,hunter,beastmastery,59,30,29
Diktatos,kazzak,1828,hunter,beastmastery,64,31,33
Bilbohunter,draenor,1825,hunter,beastmastery,48,27,21
Горгонт,blackscar,1825,hunter,beastmastery,47,25,22
Saggymilkies,outland,1825,hunter,beastmastery,72,33,39
Mottorhead,kazzak,1823,hunter,beastmastery,45,30,15
Hawkeyé,forscherliga,1823,hunter,beastmastery,169,80,89
Burninghunt,ravencrest,1822,hunter,beastmastery,66,35,31
Alpharaven,ravencrest,1821,hunter,beastmastery,72,35,37
Wêskêr,tarren-mill,1821,hunter,beastmastery,66,31,35
Куроните,howling-fjord,1820,hunter,beastmastery,48,27,21
Bynen,tarren-mill,1819,hunter,beastmastery,77,33,44
Pryse,hyjal,1818,hunter,beastmastery,48,24,24
Шергала,soulflayer,1818,hunter,beastmastery,298,147,151
Omegakek,madmortem,1817,hunter,beastmastery,85,45,40
Jawox,antonidas,1817,hunter,beastmastery,60,27,33
Wiffed,tarren-mill,1816,hunter,beastmastery,36,24,12
Haltrâdar,archimonde,1816,hunter,beastmastery,69,35,34
Blackszpak,jaedenar,1816,hunter,beastmastery,48,24,24
Играсломана,howling-fjord,1815,hunter,beastmastery,60,39,21
Antisniper,kazzak,1815,hunter,beastmastery,99,55,44
Bíllybobbs,argent-dawn,1815,hunter,beastmastery,36,19,17
Пожилойпупь,soulflayer,1815,hunter,beastmastery,66,32,34
Ooh,doomhammer,1815,hunter,beastmastery,120,56,64
Jabela,eredar,1814,hunter,beastmastery,59,42,17
Dangen,stormreaver,1814,hunter,beastmastery,36,19,17
Cor,ravencrest,1814,hunter,beastmastery,113,54,59
Лордсахарок,gordunni,1814,hunter,beastmastery,90,40,50
Vrikenh,tarren-mill,1813,hunter,beastmastery,133,80,53
Twineyes,ravencrest,1812,hunter,beastmastery,154,75,79
Txa,hyjal,1811,hunter,beastmastery,47,22,25
Dréws,kazzak,1811,hunter,beastmastery,58,26,32
Shroomynuts,kazzak,1810,hunter,beastmastery,114,68,46
Марчик,blackscar,1810,hunter,beastmastery,42,19,23
Jungletime,outland,1809,hunter,beastmastery,48,26,22
Mòzetonq,ravencrest,1809,hunter,beastmastery,42,22,20
Corossity,blackmoore,1808,hunter,beastmastery,30,19,11
Yarrgi,kazzak,1808,hunter,beastmastery,108,63,45
Антошадпс,gordunni,1808,hunter,beastmastery,102,58,44
Hiddenx,blackmoore,1808,hunter,beastmastery,42,21,21
Sparcùs,stormreaver,1807,hunter,beastmastery,140,79,61
Father,auchindoun,1807,hunter,beastmastery,119,65,54
Bøgs,the-maelstrom,1807,hunter,beastmastery,42,22,20
Поппишот,blackscar,1806,hunter,beastmastery,36,19,17
Цитрукс,gordunni,1806,hunter,beastmastery,90,47,43
Huntchonk,kazzak,1806,hunter,beastmastery,53,27,26
Spirys,drakthul,1806,hunter,beastmastery,47,20,27
Dogetrainer,silvermoon,1805,hunter,beastmastery,199,101,98
Hacz,bronzebeard,1804,hunter,beastmastery,138,70,68
Lysanhunt,zuljin,1804,hunter,beastmastery,54,27,27
Jägarnmt,twisting-nether,1804,hunter,beastmastery,95,40,55
Irükandji,chants-éternels,1803,hunter,beastmastery,42,23,19
Crippa,tarren-mill,1803,hunter,beastmastery,54,28,26
Tillhunt,kargath,1803,hunter,beastmastery,54,26,28
Coltan,nemesis,1802,hunter,beastmastery,84,40,44
Ayiu,argent-dawn,1802,hunter,beastmastery,53,24,29
Zyrøra,ravencrest,1801,hunter,beastmastery,66,28,38
Трапгодикс,eversong,1800,hunter,beastmastery,176,95,81
Qtìp,aegwynn,1798,hunter,beastmastery,101,48,53
Fotmrerollér,aegwynn,1797,hunter,beastmastery,54,29,25
Pëâcêßß,outland,1795,hunter,beastmastery,54,32,22
Voldtzeig,dentarg,1794,hunter,beastmastery,73,29,44
Sekzpitch,blackmoore,1790,hunter,beastmastery,48,24,24
Пивопьюня,ashenvale,1790,hunter,beastmastery,71,34,37
Reptile,outland,1789,hunter,beastmastery,112,69,43
Smhx,stormscale,1788,hunter,beastmastery,30,21,9
Wodhunterxdd,outland,1788,hunter,beastmastery,53,25,28
Hacx,ravencrest,1788,hunter,beastmastery,69,32,37
Кукито,goldrinn,1787,hunter,beastmastery,48,22,26
Appirc,tarren-mill,1785,hunter,beastmastery,48,24,24
Deathcode,stormscale,1784,hunter,beastmastery,66,27,39
Wîldhunt,burning-legion,1781,hunter,beastmastery,161,76,85
Deathvain,tarren-mill,1777,hunter,beastmastery,54,25,29
Jamesyy,ravencrest,1776,hunter,beastmastery,60,28,32
Nøne,sylvanas,1774,hunter,beastmastery,30,22,8
Gucçi,kazzak,1773,hunter,beastmastery,73,42,31
Dohter,kazzak,1772,hunter,beastmastery,49,26,23
Orcji,blackhand,1772,hunter,beastmastery,101,49,52
Фираналь,blackscar,1771,hunter,beastmastery,123,63,60
Каоссхант,howling-fjord,1770,hunter,beastmastery,53,32,21
Silverwolfa,dun-modr,1770,hunter,beastmastery,81,43,38
Erethrus,ravencrest,1769,hunter,beastmastery,48,19,29
Вождь,howling-fjord,1768,hunter,beastmastery,59,29,30
Fanjah,sylvanas,1767,hunter,beastmastery,63,36,27
Amyndôr,ravencrest,1767,hunter,beastmastery,48,27,21
Altimor,blackmoore,1765,hunter,beastmastery,35,19,16
Donixx,blackrock,1765,hunter,beastmastery,60,29,31
Dìgítal,twisting-nether,1763,hunter,beastmastery,95,47,48
Jamzyhunter,emerald-dream,1762,hunter,beastmastery,48,24,24
Скадхи,blackscar,1762,hunter,beastmastery,88,42,46
Dafhel,hyjal,1762,hunter,beastmastery,95,44,51
Sukzess,antonidas,1762,hunter,beastmastery,102,44,58
Ansâvage,ravencrest,1761,hunter,beastmastery,120,57,63
Grynu,kazzak,1761,hunter,beastmastery,72,31,41
Badboybørge,draenor,1760,hunter,beastmastery,48,23,25
Guccihuntlol,ravencrest,1760,hunter,beastmastery,74,35,39
Misstrap,nemesis,1759,hunter,beastmastery,72,34,38
Nimhunt,dentarg,1759,hunter,beastmastery,65,29,36
Futureman,blackrock,1758,hunter,beastmastery,54,31,23
Sankari,blackmoore,1758,hunter,beastmastery,108,57,51
Ruffixvs,blackrock,1756,hunter,beastmastery,35,19,16
Riflur,stormscale,1756,hunter,beastmastery,84,42,42
Djfury,archimonde,1756,hunter,beastmastery,46,21,25
Порошокк,gordunni,1756,hunter,beastmastery,69,29,40
Nollieflip,stormscale,1754,hunter,beastmastery,114,67,47
Мэлвиса,borean-tundra,1754,hunter,beastmastery,90,50,40
Kachaxaa,ravencrest,1752,hunter,beastmastery,64,27,37
Pewpewshotz,stormscale,1750,hunter,beastmastery,229,117,112
Nystaleoss,grim-batol,1750,hunter,beastmastery,267,131,136
Pawzz,kazzak,1750,hunter,beastmastery,60,29,31
Ilovemax,archimonde,1750,hunter,beastmastery,46,20,26
Thinkerer,silvermoon,1747,hunter,beastmastery,85,46,39
Такувами,gordunni,1747,hunter,beastmastery,108,44,64
Джарвиз,soulflayer,1745,hunter,beastmastery,36,22,14
Мориартис,ashenvale,1744,hunter,beastmastery,83,43,40
Åsynåmvp,twisting-nether,1742,hunter,beastmastery,65,29,36
Chúx,twisting-nether,1741,hunter,beastmastery,102,55,47
Carioca,blackhand,1741,hunter,beastmastery,66,30,36
Treaz,sanguino,1739,hunter,beastmastery,66,33,33
Fatmum,magtheridon,1738,hunter,beastmastery,81,43,38
Stingsz,chogall,1733,hunter,beastmastery,64,25,39
Lofiel,blackrock,1732,hunter,beastmastery,92,50,42
Nèxz,blackrock,1732,hunter,beastmastery,77,33,44
Dogwatcher,outland,1729,hunter,beastmastery,54,27,27
Parhainkoira,argent-dawn,1728,hunter,beastmastery,78,45,33
Bearday,silvermoon,1727,hunter,beastmastery,84,37,47
Valkrys,die-aldor,1726,hunter,beastmastery,70,35,35
Duppdupp,eredar,1726,hunter,beastmastery,84,38,46
Oldbear,frostmane,1725,hunter,beastmastery,70,38,32
Ashily,blackhand,1725,hunter,beastmastery,56,27,29
Dhadhar,kazzak,1723,hunter,beastmastery,197,97,100
Idtrapthat,nagrand,1723,hunter,beastmastery,84,41,43
Mtrider,twisting-nether,1721,hunter,beastmastery,105,50,55
Fize,blackmoore,1720,hunter,beastmastery,89,43,46
Watchouttah,the-maelstrom,1719,hunter,beastmastery,30,18,12
Fluphy,thrall,1719,hunter,beastmastery,100,53,47
Дэнвин,deathweaver,1718,hunter,beastmastery,219,110,109
Ericspet,stormscale,1717,hunter,beastmastery,48,32,16
Spider,zuljin,1717,hunter,beastmastery,54,30,24
Painaldeepz,stormscale,1717,hunter,beastmastery,48,26,22
Piranhaa,archimonde,1717,hunter,beastmastery,39,18,21
Laserkamel,aegwynn,1716,hunter,beastmastery,24,18,6
Vajraw,blackrock,1716,hunter,beastmastery,190,95,95
Дашатрирубля,soulflayer,1715,hunter,beastmastery,42,21,21
Космодиск,gordunni,1714,hunter,beastmastery,36,21,15
Mentalasylum,blackmoore,1713,hunter,beastmastery,45,23,22
Letsrock,outland,1712,hunter,beastmastery,44,25,19
Trend,silvermoon,1712,hunter,beastmastery,259,121,138
Noversia,aegwynn,1710,hunter,beastmastery,123,59,64
Jägarntwo,stormscale,1710,hunter,beastmastery,51,20,31
Petshopgirl,ravencrest,1709,hunter,beastmastery,30,18,12
Mogwai,stormscale,1709,hunter,beastmastery,42,18,24
Лвндскейп,gordunni,1707,hunter,beastmastery,65,29,36
Erilis,twisting-nether,1706,hunter,beastmastery,43,24,19
Jêsslíne,ravencrest,1706,hunter,beastmastery,48,24,24
Trendsetterx,pozzo-delleternità,1705,hunter,beastmastery,42,19,23
Bicmax,archimonde,1705,hunter,beastmastery,45,20,25
Impxgodx,outland,1704,hunter,beastmastery,51,24,27
Lobo,kazzak,1704,hunter,beastmastery,66,28,38
Murtagh,khaz-modan,1703,hunter,beastmastery,54,30,24
Dmanite,ravencrest,1703,hunter,beastmastery,96,53,43
Saiko,kazzak,1703,hunter,beastmastery,42,18,24
Unßørn,archimonde,1702,hunter,beastmastery,96,38,58
Vilopez,arthas,1701,hunter,beastmastery,24,20,4
Kafkules,outland,1700,hunter,beastmastery,137,78,59
Agrmash,drakthul,1699,hunter,beastmastery,42,26,16
Shinkichi,archimonde,1699,hunter,beastmastery,30,18,12
Elamondria,outland,1699,hunter,beastmastery,72,42,30
Sznxøxo,ravencrest,1699,hunter,beastmastery,54,29,25
Rakeesh,hyjal,1696,hunter,beastmastery,36,18,18
Merquryh,ravencrest,1693,hunter,beastmastery,48,27,21
Kamar,archimonde,1692,hunter,beastmastery,66,43,23
Naraxis,blackrock,1692,hunter,beastmastery,54,27,27
Séyena,outland,1692,hunter,beastmastery,54,22,32
Krix,ragnaros,1691,hunter,beastmastery,54,34,20
Пихпахах,gordunni,1691,hunter,beastmastery,82,43,39
Ефрейя,gordunni,1691,hunter,beastmastery,48,22,26
Адыгах,blackscar,1688,hunter,beastmastery,61,35,26
Balthazzarxx,ravencrest,1686,hunter,beastmastery,68,36,32
Блэкстейдж,howling-fjord,1684,hunter,beastmastery,141,75,66
Ðxlz,archimonde,1683,hunter,beastmastery,71,35,36
Liquidhunter,quelthalas,1681,hunter,beastmastery,42,25,17
Забзаб,soulflayer,1680,hunter,beastmastery,63,31,32
Nestór,todeswache,1678,hunter,beastmastery,47,28,19
Sïmc,archimonde,1678,hunter,beastmastery,108,58,50
Bebar,kazzak,1677,hunter,beastmastery,144,76,68
Darksmoke,forscherliga,1676,hunter,beastmastery,54,28,26
Kestlér,twisting-nether,1675,hunter,beastmastery,84,35,49
Galileo,sanguino,1674,hunter,beastmastery,62,29,33
Raindra,twisting-nether,1672,hunter,beastmastery,42,20,22
Tauriêl,blutkessel,1671,hunter,beastmastery,42,23,19
Lsa,kazzak,1671,hunter,beastmastery,65,29,36
Irefutabilâ,outland,1670,hunter,beastmastery,144,66,78
Techpøint,silvermoon,1669,hunter,beastmastery,35,18,17
Land,darkspear,1668,hunter,beastmastery,47,25,22
Ridbàck,archimonde,1667,hunter,beastmastery,65,22,43
Snipertjuh,silvermoon,1666,hunter,beastmastery,115,62,53
Drakona,outland,1666,hunter,beastmastery,47,23,24
Ðrtrapx,blackmoore,1665,hunter,beastmastery,63,35,28
Triggaz,stormscale,1665,hunter,beastmastery,216,109,107
Келен,blackscar,1663,hunter,beastmastery,42,26,16
Dtq,silvermoon,1663,hunter,beastmastery,40,20,20
Zanpa,archimonde,1663,hunter,beastmastery,122,56,66
Criticalbomb,kazzak,1660,hunter,beastmastery,48,27,21
Chrysantes,forscherliga,1660,hunter,beastmastery,38,19,19
Ysina,arathi,1660,hunter,beastmastery,42,20,22
Trenesta,tarren-mill,1659,hunter,beastmastery,34,18,16
Eazzyy,auchindoun,1659,hunter,beastmastery,115,56,59
Омежка,deepholm,1659,hunter,beastmastery,41,18,23
Utoast,ravencrest,1658,hunter,beastmastery,48,23,25
Pérnix,tarren-mill,1657,hunter,beastmastery,30,18,12
Anklar,blackrock,1657,hunter,beastmastery,53,24,29
Хантунец,soulflayer,1654,hunter,beastmastery,48,27,21
Наспидахх,blackscar,1654,hunter,beastmastery,42,23,19
Fiftyóne,festung-der-stürme,1653,hunter,beastmastery,102,57,45
Cnby,stormscale,1652,hunter,beastmastery,43,26,17
Clockwerk,durotan,1651,hunter,beastmastery,40,20,20
Meghanmarkle,tarren-mill,1650,hunter,beastmastery,52,26,26
Ðéadsøulz,stormscale,1648,hunter,beastmastery,135,71,64
Стэпси,gordunni,1648,hunter,beastmastery,36,18,18
Иоссифсталин,soulflayer,1648,hunter,beastmastery,72,34,38
Røzy,twisting-nether,1647,hunter,beastmastery,48,35,13
Zisqa,alleria,1647,hunter,beastmastery,46,25,21
Каэлланис,soulflayer,1647,hunter,beastmastery,53,24,29
Вееном,gordunni,1646,hunter,beastmastery,54,26,28
Oldcocknbals,silvermoon,1645,hunter,beastmastery,100,54,46
Nkdchef,outland,1642,hunter,beastmastery,54,29,25
Альриен,gordunni,1641,hunter,beastmastery,76,40,36
Sazox,blackrock,1641,hunter,beastmastery,36,18,18
Astari,outland,1641,hunter,beastmastery,48,21,27
Смертонносна,lich-king,1641,hunter,beastmastery,71,30,41
Feralhound,exodar,1640,hunter,beastmastery,264,136,128
Rynx,hellfire,1640,hunter,beastmastery,60,28,32
Askaway,sylvanas,1639,hunter,beastmastery,42,31,11
Simpyani,silvermoon,1639,hunter,beastmastery,32,19,13
Povish,twisting-nether,1639,hunter,beastmastery,49,25,24
Shoranon,stormscale,1639,hunter,beastmastery,48,23,25
Gaeln,outland,1639,hunter,beastmastery,204,93,111
Kerólus,blackhand,1639,hunter,beastmastery,48,18,30
Teestylee,stormscale,1638,hunter,beastmastery,42,21,21
Traplørdx,sylvanas,1638,hunter,beastmastery,48,21,27
Vinsanity,dunemaul,1638,hunter,beastmastery,48,18,30
Drøøðqt,blackrock,1637,hunter,beastmastery,60,31,29
Ixix,blackhand,1637,hunter,beastmastery,60,30,30
Ætå,blackmoore,1637,hunter,beastmastery,47,22,25
Zusale,azshara,1636,hunter,beastmastery,54,30,24
Tháyn,tarren-mill,1636,hunter,beastmastery,71,39,32
Akaris,archimonde,1635,hunter,beastmastery,78,35,43
Yolofant,blackhand,1634,hunter,beastmastery,36,22,14
Wlâd,archimonde,1634,hunter,beastmastery,35,21,14
Hultasy,outland,1634,hunter,beastmastery,134,67,67
Жажждущий,gordunni,1633,hunter,beastmastery,85,46,39
Paimen,darksorrow,1633,hunter,beastmastery,102,55,47
Bøøya,aegwynn,1633,hunter,beastmastery,115,56,59
Bebiyo,sanguino,1631,hunter,beastmastery,94,45,49
Thogelle,hyjal,1631,hunter,beastmastery,114,54,60
Horhyndan,ragnaros,1631,hunter,beastmastery,51,24,27
Gigamesh,sporeggar,1630,hunter,beastmastery,126,71,55
Bluefluclue,draenor,1630,hunter,beastmastery,122,52,70
Pareia,blackrock,1629,hunter,beastmastery,30,20,10
Dragosvis,arathor,1629,hunter,beastmastery,42,25,17
Nickyhunt,stormscale,1629,hunter,beastmastery,71,37,34
Freemàén,drakthul,1629,hunter,beastmastery,54,22,32
Nottberozz,silvermoon,1628,hunter,beastmastery,158,79,79
Ðesøtø,frostwolf,1628,hunter,beastmastery,66,33,33
Mânhunt,blackhand,1628,hunter,beastmastery,415,204,211
Drewsx,ravencrest,1627,hunter,beastmastery,36,22,14
Xenvantoss,silvermoon,1627,hunter,beastmastery,30,17,13
Nîøssx,blackrock,1627,hunter,beastmastery,65,33,32
Hypsenn,kazzak,1627,hunter,beastmastery,36,17,19
Trapzila,aggra-português,1626,hunter,beastmastery,90,50,40
Eggcowmeow,azjolnerub,1626,hunter,beastmastery,42,22,20
Moistmán,kazzak,1626,hunter,beastmastery,188,95,93
Xenvantos,stormscale,1626,hunter,beastmastery,42,21,21
Порошокк,howling-fjord,1625,hunter,beastmastery,30,17,13
Fåded,ravencrest,1625,hunter,beastmastery,65,31,34
Gibiswag,outland,1625,hunter,beastmastery,36,17,19
Uglybaboon,draenor,1625,hunter,beastmastery,42,17,25
Mirmona,stormscale,1624,hunter,beastmastery,46,22,24
Lambo,laughing-skull,1624,hunter,beastmastery,36,17,19
Dispairge,antonidas,1624,hunter,beastmastery,48,21,27
Sayn,la-croisade-écarlate,1624,hunter,beastmastery,59,24,35
Sicktrapbtw,hyjal,1624,hunter,beastmastery,42,17,25
Solò,eredar,1623,hunter,beastmastery,30,17,13
Avyo,tichondrius,1623,hunter,beastmastery,36,17,19
Poupoune,uldum,1623,hunter,beastmastery,54,25,29
Jeskö,tarren-mill,1622,hunter,beastmastery,30,17,13
Podroto,tyrande,1622,hunter,beastmastery,47,22,25
Knocked,quelthalas,1622,hunter,beastmastery,60,23,37
Santiino,silvermoon,1621,hunter,beastmastery,66,33,33
Brawnshunt,stormscale,1621,hunter,beastmastery,42,18,24
Wraithlit,bronzebeard,1620,hunter,beastmastery,30,18,12
Piky,nemesis,1620,hunter,beastmastery,36,20,16
Índigo,kazzak,1620,hunter,beastmastery,56,30,26
Ausgefuchst,forscherliga,1620,hunter,beastmastery,54,24,30
Flappypig,stormscale,1620,hunter,beastmastery,50,22,28
Jèrsèy,draenor,1619,hunter,beastmastery,42,22,20
Peazý,ravencrest,1619,hunter,beastmastery,66,32,34
Zuxz,blackmoore,1619,hunter,beastmastery,85,41,44
Madeyhunt,burning-legion,1619,hunter,beastmastery,42,18,24
Vezeka,ravencrest,1618,hunter,beastmastery,42,26,16
Neïç,antonidas,1618,hunter,beastmastery,71,28,43
Djøgi,archimonde,1617,hunter,beastmastery,42,22,20
Slmao,tarren-mill,1617,hunter,beastmastery,157,78,79
Bobon,stormscale,1617,hunter,beastmastery,54,26,28
Elmez,outland,1617,hunter,beastmastery,42,20,22
Rïm,haomarush,1617,hunter,beastmastery,42,20,22
Notdilly,varimathras,1617,hunter,beastmastery,48,20,28
Гигапупсх,howling-fjord,1616,hunter,beastmastery,171,93,78
Quasar,ravencrest,1616,hunter,beastmastery,42,17,25
Ганидони,soulflayer,1616,hunter,beastmastery,59,23,36
Dregor,nemesis,1615,hunter,beastmastery,36,21,15
Tobbè,silvermoon,1615,hunter,beastmastery,36,17,19
Sentriks,tarren-mill,1615,hunter,beastmastery,36,17,19
Lufreak,ravencrest,1614,hunter,beastmastery,30,23,7
Klausmanne,blackrock,1614,hunter,beastmastery,264,124,140
Eltrapo,ravencrest,1613,hunter,beastmastery,24,17,7
Missmytraps,ravencrest,1613,hunter,beastmastery,39,20,19
Feijfeij,stormreaver,1613,hunter,beastmastery,42,20,22
Wrongtarget,auchindoun,1613,hunter,beastmastery,54,24,30
Оуаоа,blackscar,1611,hunter,beastmastery,37,21,16
Shenely,kazzak,1611,hunter,beastmastery,30,17,13
Aroeris,ravencrest,1611,hunter,beastmastery,57,32,25
Lowfet,neptulon,1611,hunter,beastmastery,156,85,71
Spinella,antonidas,1611,hunter,beastmastery,125,62,63
Pekaxôxô,sanguino,1609,hunter,beastmastery,48,34,14
Noór,silvermoon,1609,hunter,beastmastery,48,31,17
Asery,blackmoore,1609,hunter,beastmastery,54,24,30
Denkstah,tarren-mill,1609,hunter,beastmastery,51,21,30
Nordafrøst,antonidas,1609,hunter,beastmastery,66,27,39
Eaglexx,twisting-nether,1608,hunter,beastmastery,78,39,39
Hîldegard,todeswache,1608,hunter,beastmastery,59,27,32
Downey,azshara,1608,hunter,beastmastery,54,19,35
Símpíng,tarren-mill,1607,hunter,beastmastery,24,17,7
Jinxpeasant,twisting-nether,1607,hunter,beastmastery,30,20,10
Nukenfoobs,draenor,1607,hunter,beastmastery,36,23,13
Jagarbladet,ravencrest,1607,hunter,beastmastery,40,23,17
Gostry,archimonde,1607,hunter,beastmastery,30,17,13
Axran,ravencrest,1607,hunter,beastmastery,52,23,29
Jomerin,thrall,1606,hunter,beastmastery,48,20,28
Зуланария,howling-fjord,1605,hunter,beastmastery,41,26,15
Homesz,blackmoore,1605,hunter,beastmastery,36,22,14
Smegmagol,baelgun,1605,hunter,beastmastery,41,20,21
Ingvi,antonidas,1605,hunter,beastmastery,143,66,77
Lolez,dun-modr,1605,hunter,beastmastery,42,17,25
Taoshii,die-aldor,1604,hunter,beastmastery,66,36,30
Céah,blackrock,1604,hunter,beastmastery,54,28,26
Эвилтар,soulflayer,1604,hunter,beastmastery,78,40,38
Ariabeast,archimonde,1604,hunter,beastmastery,42,20,22
Xiioo,ravencrest,1604,hunter,beastmastery,83,37,46
Chasseurcool,argent-dawn,1603,hunter,beastmastery,50,28,22
Bànsundara,hyjal,1603,hunter,beastmastery,97,53,44
Cubro,sanguino,1603,hunter,beastmastery,77,42,35
Pluttbug,xavius,1602,hunter,beastmastery,32,19,13
Bigdog,eredar,1602,hunter,beastmastery,77,33,44
Sjins,draenor,1601,hunter,beastmastery,35,20,15
Easyclass,hyjal,1601,hunter,beastmastery,166,94,72
Hunterlolz,tarren-mill,1601,hunter,beastmastery,54,29,25
Douglas,die-silberne-hand,1601,hunter,beastmastery,36,17,19
Stickey,antonidas,1600,hunter,beastmastery,66,34,32
Chasxc,kazzak,1599,hunter,beastmastery,60,31,29
Janko,ravencrest,1598,hunter,beastmastery,302,152,150
Инкризшот,gordunni,1598,hunter,beastmastery,60,29,31
Spidak,stormscale,1597,hunter,beastmastery,42,23,19
Snaipergirl,twisting-nether,1597,hunter,beastmastery,66,30,36
Оути,azuregos,1595,hunter,beastmastery,69,37,32
Grabbin,silvermoon,1593,hunter,beastmastery,52,24,28
Morìtz,ravencrest,1592,hunter,beastmastery,36,20,16
Akhtabot,twisting-nether,1592,hunter,beastmastery,36,19,17
Memehunter,aegwynn,1591,hunter,beastmastery,66,41,25
Venomtrap,sanguino,1590,hunter,beastmastery,35,17,18
Eagletalon,twisting-nether,1590,hunter,beastmastery,57,27,30
Gramzy,blackmoore,1589,hunter,beastmastery,65,35,30
Зоотян,gordunni,1589,hunter,beastmastery,111,55,56
Brisbya,khaz-modan,1588,hunter,beastmastery,59,35,24
Arcaniz,ravencrest,1588,hunter,beastmastery,72,38,34
Earlygrey,ravencrest,1588,hunter,beastmastery,105,50,55
Keinzira,hyjal,1588,hunter,beastmastery,48,22,26
Smecher,ravencrest,1586,hunter,beastmastery,36,17,19
Xxiioo,ravencrest,1583,hunter,beastmastery,85,49,36
Survabuse,silvermoon,1581,hunter,beastmastery,33,20,13
Zugmypole,stormscale,1581,hunter,beastmastery,66,36,30
Búddhá,stormscale,1581,hunter,beastmastery,192,91,101
Diapositiv,draenor,1580,hunter,beastmastery,60,33,27
Тиблэк,soulflayer,1579,hunter,beastmastery,101,51,50
Yeign,eredar,1578,hunter,beastmastery,60,33,27
Wèndy,blackrock,1576,hunter,beastmastery,94,46,48
Zubro,kazzak,1575,hunter,beastmastery,144,70,74
Æblesaft,stormscale,1575,hunter,beastmastery,88,41,47
Lëgølåslõrdx,blackrock,1574,hunter,beastmastery,68,32,36
Jeeso,baelgun,1574,hunter,beastmastery,130,61,69
Отерон,gordunni,1573,hunter,beastmastery,158,85,73
Akïratqz,sanguino,1572,hunter,beastmastery,30,18,12
Drivenscope,twisting-nether,1572,hunter,beastmastery,52,29,23
Леао,howling-fjord,1571,hunter,beastmastery,45,30,15
Tórkán,archimonde,1571,hunter,beastmastery,34,19,15
Сенджогахара,greymane,1569,hunter,beastmastery,61,29,32
Мунлэс,lich-king,1569,hunter,beastmastery,69,30,39
Heoden,nemesis,1568,hunter,beastmastery,30,18,12
Pandanero,ravencrest,1568,hunter,beastmastery,36,18,18
Dragomirka,kazzak,1568,hunter,beastmastery,62,29,33
Комомура,soulflayer,1568,hunter,beastmastery,53,24,29
Sallya,kazzak,1567,hunter,beastmastery,42,22,20
Сотк,howling-fjord,1567,hunter,beastmastery,42,19,23
Sagethunt,blackrock,1565,hunter,beastmastery,41,17,24
Øô,dun-morogh,1564,hunter,beastmastery,95,50,45
Tigerups,burning-legion,1563,hunter,beastmastery,58,29,29
Saymqt,blackrock,1560,hunter,beastmastery,63,29,34
Charleramsey,outland,1558,hunter,beastmastery,60,30,30
Johnblønn,stormscale,1557,hunter,beastmastery,36,19,17
Nolove,burning-legion,1557,hunter,beastmastery,137,67,70
Жокра,greymane,1557,hunter,beastmastery,42,19,23
Shkorvi,drakthul,1555,hunter,beastmastery,36,17,19
Søuïlløn,archimonde,1553,hunter,beastmastery,48,30,18
Солевойй,gordunni,1552,hunter,beastmastery,57,28,29
Gunde,kazzak,1551,hunter,beastmastery,102,52,50
Nallepuuoh,outland,1549,hunter,beastmastery,123,62,61
Sharún,sylvanas,1548,hunter,beastmastery,56,27,29
Idetylem,burning-legion,1547,hunter,beastmastery,66,37,29
Calutis,blackmoore,1546,hunter,beastmastery,48,28,20
Soulthirsty,ravencrest,1546,hunter,beastmastery,42,19,23
Пулявзубах,gordunni,1544,hunter,beastmastery,110,58,52
Lis,gorgonnash,1544,hunter,beastmastery,72,33,39
Йокуя,blackscar,1543,hunter,beastmastery,42,26,16
Grusijohn,executus,1543,hunter,beastmastery,72,35,37
Субоота,gordunni,1542,hunter,beastmastery,52,20,32
Антисерт,ashenvale,1538,hunter,beastmastery,70,33,37
Medûse,stormscale,1536,hunter,beastmastery,61,35,26
Bortian,argent-dawn,1536,hunter,beastmastery,73,41,32
Arcø,dun-modr,1535,hunter,beastmastery,30,16,14
Corrupth,outland,1535,hunter,beastmastery,43,22,21
Atlanta,arygos,1535,hunter,beastmastery,36,17,19
Rachelzane,blackrock,1534,hunter,beastmastery,30,16,14
Wolfster,kazzak,1534,hunter,beastmastery,42,19,23
Gedzer,silvermoon,1533,hunter,beastmastery,52,24,28
Encore,sylvanas,1532,hunter,beastmastery,140,75,65
Sonìc,kazzak,1531,hunter,beastmastery,44,25,19
Druckwelle,frostwolf,1530,hunter,beastmastery,68,29,39
Djbombastic,archimonde,1528,hunter,beastmastery,48,31,17
Tayaa,draenor,1528,hunter,beastmastery,91,47,44
Аллони,booty-bay,1528,hunter,beastmastery,165,80,85
Xraay,stormscale,1527,hunter,beastmastery,42,22,20
Córelly,outland,1527,hunter,beastmastery,119,57,62
Lascazador,dun-modr,1526,hunter,beastmastery,74,32,42
Orcoro,ysondre,1525,hunter,beastmastery,268,131,137
Psymòn,ravencrest,1524,hunter,beastmastery,30,16,14
Vaelyste,doomhammer,1524,hunter,beastmastery,59,31,28
Sarrow,ravencrest,1523,hunter,beastmastery,77,41,36
Pennymarks,blackhand,1523,hunter,beastmastery,62,31,31
Atrisi,tarren-mill,1522,hunter,beastmastery,24,16,8
Tiendat,kazzak,1522,hunter,beastmastery,48,24,24
Pewmasters,stormscale,1519,hunter,beastmastery,31,18,13
Zendra,sylvanas,1519,hunter,beastmastery,83,47,36
Valldes,argent-dawn,1518,hunter,beastmastery,69,31,38
Cajakekw,madmortem,1517,hunter,beastmastery,24,16,8
Zinco,ravencrest,1517,hunter,beastmastery,76,34,42
Круперок,howling-fjord,1517,hunter,beastmastery,36,16,20
Акройя,gordunni,1516,hunter,beastmastery,84,42,42
Hecken,nemesis,1515,hunter,beastmastery,24,16,8
Yoggys,outland,1515,hunter,beastmastery,77,41,36
Hitandtrap,stormscale,1512,hunter,beastmastery,36,16,20
Draugrinnh,tarren-mill,1511,hunter,beastmastery,66,29,37
Маунтдроп,gordunni,1509,hunter,beastmastery,130,70,60
Trapyx,malganis,1509,hunter,beastmastery,345,171,174
Almogrote,sanguino,1509,hunter,beastmastery,60,29,31
Кежма,howling-fjord,1507,hunter,beastmastery,42,26,16
Gnouminøu,archimonde,1507,hunter,beastmastery,145,76,69
Strélka,blackrock,1507,hunter,beastmastery,42,19,23
Avatarofwoe,blackmoore,1507,hunter,beastmastery,48,20,28
Lòò,aegwynn,1506,hunter,beastmastery,65,30,35
Жмыххунтер,howling-fjord,1504,hunter,beastmastery,60,26,34
Yoorizz,outland,1503,hunter,beastmastery,42,16,26
Icetrapped,eredar,1502,hunter,beastmastery,41,25,16
Leriath,shadowsong,1502,hunter,beastmastery,89,52,37
Palav,outland,1502,hunter,beastmastery,30,16,14
Badkirves,kazzak,1502,hunter,beastmastery,84,41,43
Bujie,ragnaros,1502,hunter,beastmastery,42,16,26
Kravchenko,draenor,1501,hunter,beastmastery,41,23,18
Яроняютрапу,gordunni,1500,hunter,beastmastery,46,30,16
Kalt,twisting-nether,1498,hunter,beastmastery,70,41,29
Gumm,gorgonnash,1496,hunter,beastmastery,30,17,13
Lännennopein,outland,1496,hunter,beastmastery,35,18,17
Funkalation,ravencrest,1495,hunter,beastmastery,36,20,16
Ryuwen,dun-modr,1495,hunter,beastmastery,83,39,44
Ledrox,ravencrest,1494,hunter,beastmastery,90,42,48
Focuslhunt,archimonde,1493,hunter,beastmastery,36,23,13
Rdom,stormreaver,1493,hunter,beastmastery,96,49,47
Makaxx,stormscale,1492,hunter,beastmastery,30,19,11
Expoh,blackmoore,1492,hunter,beastmastery,31,16,15
Фдкд,howling-fjord,1492,hunter,beastmastery,72,33,39
Dzikapumpa,burning-legion,1490,hunter,beastmastery,51,24,27
Solot,silvermoon,1490,hunter,beastmastery,54,24,30
Laoriane,hyjal,1489,hunter,beastmastery,51,28,23
Chenony,ravencrest,1489,hunter,beastmastery,84,38,46
Камшотовна,blackscar,1487,hunter,beastmastery,157,87,70
Трэйсх,howling-fjord,1487,hunter,beastmastery,36,17,19
Жэш,howling-fjord,1486,hunter,beastmastery,81,52,29
Wøden,ysondre,1485,hunter,beastmastery,90,39,51
Ahlgood,stormscale,1484,hunter,beastmastery,30,16,14
Dramin,defias-brotherhood,1482,hunter,beastmastery,209,114,95
Domnite,ravencrest,1482,hunter,beastmastery,139,74,65
Anjeschka,nemesis,1481,hunter,beastmastery,58,35,23
Raxedo,blackrock,1481,hunter,beastmastery,30,16,14
Crâsh,ysondre,1480,hunter,beastmastery,57,26,31
Váal,dun-modr,1479,hunter,beastmastery,85,49,36
Лёт,azuregos,1478,hunter,beastmastery,50,31,19
Dirtydolores,thrall,1478,hunter,beastmastery,41,24,17
Engetsu,drakthul,1476,hunter,beastmastery,90,43,47
Lobos,ravencrest,1475,hunter,beastmastery,104,53,51
Oife,auchindoun,1473,hunter,beastmastery,53,32,21
Wingclip,ravencrest,1472,hunter,beastmastery,40,17,23
Pewpewcus,ravencrest,1471,hunter,beastmastery,85,54,31
Bastianapa,twisting-nether,1471,hunter,beastmastery,66,31,35
Thyala,twisting-nether,1469,hunter,beastmastery,39,18,21
Ashjen,aszune,1467,hunter,beastmastery,35,21,14
Dzikabestia,burning-legion,1467,hunter,beastmastery,36,21,15
Aenina,kazzak,1466,hunter,beastmastery,30,19,11
Kissnodig,outland,1466,hunter,beastmastery,69,42,27
Coldmonster,tarren-mill,1466,hunter,beastmastery,163,88,75
Palaur,kazzak,1466,hunter,beastmastery,160,81,79
Råhl,zuljin,1466,hunter,beastmastery,41,17,24
Кейдлер,gordunni,1465,hunter,beastmastery,35,17,18
Baileé,onyxia,1464,hunter,beastmastery,50,30,20
Куоль,gordunni,1463,hunter,beastmastery,47,21,26
Budhunter,alakir,1462,hunter,beastmastery,72,39,33
Huntma,kazzak,1462,hunter,beastmastery,73,36,37
Metalmaison,archimonde,1462,hunter,beastmastery,100,47,53
Делар,howling-fjord,1461,hunter,beastmastery,42,17,25
Yryyh,silvermoon,1461,hunter,beastmastery,60,24,36
Ayyubi,blackrock,1460,hunter,beastmastery,77,39,38
Assbúrgers,silvermoon,1459,hunter,beastmastery,82,40,42
Ázurâ,blackhand,1458,hunter,beastmastery,75,39,36
Чапуршилов,lich-king,1458,hunter,beastmastery,172,87,85
Johnwick,aerie-peak,1457,hunter,beastmastery,42,24,18
Mufdii,sylvanas,1457,hunter,beastmastery,34,16,18
Latschodives,malorne,1457,hunter,beastmastery,63,28,35
Freebïrd,shattered-hand,1456,hunter,beastmastery,30,16,14
Sylariel,die-aldor,1455,hunter,beastmastery,40,20,20
Снюсинка,gordunni,1455,hunter,beastmastery,47,23,24
Ivanthebeast,twisting-nether,1454,hunter,beastmastery,51,30,21
Blupo,stormscale,1452,hunter,beastmastery,151,71,80
Ханзолес,gordunni,1451,hunter,beastmastery,36,20,16
Acmé,kazzak,1451,hunter,beastmastery,54,22,32
Shawnrai,drakthul,1449,hunter,beastmastery,44,24,20
Толяарканшот,razuvious,1448,hunter,beastmastery,36,20,16
Metrolog,twisting-nether,1446,hunter,beastmastery,99,48,51
Rhee,the-maelstrom,1446,hunter,beastmastery,108,49,59
Shieryu,archimonde,1446,hunter,beastmastery,48,19,29
Toxical,ragnaros,1444,hunter,beastmastery,24,17,7
Ловихимеру,soulflayer,1441,hunter,beastmastery,30,17,13
Kásúxøxø,ravencrest,1440,hunter,beastmastery,22,16,6
Kásúxôxô,ravencrest,1439,hunter,beastmastery,30,15,15
Ghost,tarren-mill,1439,hunter,beastmastery,30,15,15
Syniix,ravencrest,1439,hunter,beastmastery,30,15,15
Luluxfire,burning-legion,1438,hunter,beastmastery,64,30,34
Earnzie,outland,1438,hunter,beastmastery,60,25,35
Ilovekatsu,archimonde,1437,hunter,beastmastery,24,15,9
Onof,archimonde,1437,hunter,beastmastery,30,15,15
Waalth,ragnaros,1437,hunter,beastmastery,76,37,39
Juha,the-maelstrom,1437,hunter,beastmastery,52,25,27
Mágaz,draenor,1435,hunter,beastmastery,48,26,22
Wüst,tarren-mill,1435,hunter,beastmastery,30,16,14
Drigs,blackrock,1434,hunter,beastmastery,62,31,31
Anca,aegwynn,1434,hunter,beastmastery,125,60,65
Pancakesgo,twilights-hammer,1434,hunter,beastmastery,77,36,41
Negz,eredar,1433,hunter,beastmastery,24,15,9
Spizglub,defias-brotherhood,1433,hunter,beastmastery,59,28,31
Crynomore,tarren-mill,1432,hunter,beastmastery,53,34,19
Cosmol,kazzak,1432,hunter,beastmastery,64,33,31
Джаствэл,howling-fjord,1432,hunter,beastmastery,30,15,15
Duïvell,grim-batol,1432,hunter,beastmastery,36,15,21
Tukene,kazzak,1432,hunter,beastmastery,45,17,28
Noréaga,suramar,1431,hunter,beastmastery,36,20,16
Jaxteller,archimonde,1431,hunter,beastmastery,30,15,15
Khatia,blackrock,1429,hunter,beastmastery,36,18,18
Eufumo,sanguino,1427,hunter,beastmastery,88,48,40
Ххун,gordunni,1427,hunter,beastmastery,58,29,29
Gondoo,tarren-mill,1427,hunter,beastmastery,30,15,15
Гульнарамвд,gordunni,1422,hunter,beastmastery,36,15,21
Edùens,ysondre,1421,hunter,beastmastery,61,32,29
Торая,gordunni,1421,hunter,beastmastery,30,15,15
Sníper,aggra-português,1421,hunter,beastmastery,113,53,60
Трапча,soulflayer,1420,hunter,beastmastery,24,15,9
Kethos,draenor,1420,hunter,beastmastery,54,28,26
Loógosh,blackmoore,1420,hunter,beastmastery,78,39,39
Mariehunt,blackmoore,1420,hunter,beastmastery,108,52,56
Graavi,silvermoon,1420,hunter,beastmastery,45,18,27
Siegbald,ragnaros,1419,hunter,beastmastery,30,15,15
Vypaz,twisting-nether,1419,hunter,beastmastery,54,26,28
Amigoss,argent-dawn,1418,hunter,beastmastery,60,29,31
Andjelaa,kazzak,1417,hunter,beastmastery,38,19,19
Neíth,the-maelstrom,1415,hunter,beastmastery,69,31,38
Zäroury,ravencrest,1415,hunter,beastmastery,47,21,26
Jarekk,auchindoun,1414,hunter,beastmastery,53,28,25
Xeld,outland,1414,hunter,beastmastery,30,15,15
Эмомото,howling-fjord,1414,hunter,beastmastery,30,15,15
Заксель,soulflayer,1412,hunter,beastmastery,36,15,21
Dêstiny,dun-modr,1411,hunter,beastmastery,54,31,23
Velocity,nagrand,1411,hunter,beastmastery,41,19,22
Стреладемона,gordunni,1407,hunter,beastmastery,69,40,29
Hruon,sporeggar,1407,hunter,beastmastery,36,17,19
Hammertime,sanguino,1406,hunter,beastmastery,81,41,40
Фетсол,soulflayer,1405,hunter,beastmastery,48,26,22
Mytown,hyjal,1404,hunter,beastmastery,138,68,70
Àrsaidh,draenor,1403,hunter,beastmastery,53,30,23
Elsasehunter,zuljin,1402,hunter,beastmastery,132,60,72
Neescafe,sylvanas,1401,hunter,beastmastery,49,27,22
Geete,kazzak,1400,hunter,beastmastery,30,17,13
Phinecone,stormscale,1399,hunter,beastmastery,42,18,24
Джантига,howling-fjord,1398,hunter,beastmastery,36,21,15
Flunkytim,blackmoore,1398,hunter,beastmastery,108,58,50
Дипшот,deathguard,1397,hunter,beastmastery,44,23,21
Belorgrim,kirin-tor,1395,hunter,beastmastery,90,49,41
Дафирия,deathguard,1395,hunter,beastmastery,58,31,27
Proccter,silvermoon,1395,hunter,beastmastery,62,32,30
Mââl,archimonde,1394,hunter,beastmastery,36,16,20
Бубунн,howling-fjord,1394,hunter,beastmastery,96,42,54
Metsänmies,defias-brotherhood,1393,hunter,beastmastery,46,27,19
Xystîco,thrall,1393,hunter,beastmastery,54,26,28
Туруханец,gordunni,1391,hunter,beastmastery,126,69,57
Vivako,silvermoon,1391,hunter,beastmastery,42,23,19
Шионо,howling-fjord,1391,hunter,beastmastery,56,29,27
Traktorr,stormscale,1391,hunter,beastmastery,102,50,52
Беспокойный,soulflayer,1390,hunter,beastmastery,36,15,21
Kareltje,stormscale,1388,hunter,beastmastery,37,21,16
Raymear,kazzak,1387,hunter,beastmastery,60,31,29
Афигеннски,ashenvale,1387,hunter,beastmastery,54,25,29
Adram,burning-legion,1386,hunter,beastmastery,29,16,13
Berkobaggins,twisting-nether,1386,hunter,beastmastery,58,26,32
Tràxes,quelthalas,1386,hunter,beastmastery,86,36,50
Kürze,silvermoon,1385,hunter,beastmastery,37,19,18
Vimd,archimonde,1384,hunter,beastmastery,42,18,24
Grrizzly,kazzak,1382,hunter,beastmastery,43,23,20
Chagaure,hyjal,1382,hunter,beastmastery,36,17,19
Viktorijå,draenor,1380,hunter,beastmastery,36,20,16
Beardmastery,auchindoun,1380,hunter,beastmastery,36,16,20
Bambamgalke,antonidas,1378,hunter,beastmastery,72,34,38
Хлопс,howling-fjord,1376,hunter,beastmastery,36,16,20
Blutack,stormscale,1376,hunter,beastmastery,48,19,29
Esgar,blackrock,1374,hunter,beastmastery,74,34,40
Texaco,dun-modr,1374,hunter,beastmastery,55,25,30
Necromercy,burning-legion,1373,hunter,beastmastery,38,20,18
Pumbuboo,deathwing,1372,hunter,beastmastery,60,27,33
Гиладар,borean-tundra,1372,hunter,beastmastery,41,18,23
Glorfindhel,archimonde,1370,hunter,beastmastery,36,18,18
Wondersnipes,stormrage,1369,hunter,beastmastery,33,15,18
Jaky,illidan,1368,hunter,beastmastery,179,104,75
Анариэльсин,soulflayer,1368,hunter,beastmastery,36,15,21
Lokiis,hyjal,1366,hunter,beastmastery,114,59,55
Честнный,howling-fjord,1366,hunter,beastmastery,141,64,77
Бвонсамдик,howling-fjord,1365,hunter,beastmastery,36,18,18
Beletor,medivh,1365,hunter,beastmastery,30,15,15
Jas,kargath,1364,hunter,beastmastery,119,59,60
Zantorious,ravencrest,1363,hunter,beastmastery,63,37,26
Saromán,ravencrest,1362,hunter,beastmastery,42,23,19
Xüscha,ysera,1361,hunter,beastmastery,102,43,59
Dotkor,laughing-skull,1359,hunter,beastmastery,72,38,34
Zúzú,hyjal,1358,hunter,beastmastery,54,32,22
Pixxeel,khaz-modan,1356,hunter,beastmastery,30,15,15
Gabbriel,ravencrest,1354,hunter,beastmastery,24,17,7
Nycrom,ravencrest,1354,hunter,beastmastery,32,15,17
Xéraphine,mannoroth,1354,hunter,beastmastery,66,27,39
Киборка,howling-fjord,1352,hunter,beastmastery,30,15,15
Pufyrella,kilrogg,1351,hunter,beastmastery,30,15,15
Boulaax,ysondre,1349,hunter,beastmastery,136,73,63
Tåxi,silvermoon,1349,hunter,beastmastery,172,84,88
Asâya,blackmoore,1348,hunter,beastmastery,60,31,29
Amitar,tarren-mill,1347,hunter,beastmastery,54,30,24
Sebastien,frostmane,1347,hunter,beastmastery,33,17,16
Artemisas,draenor,1346,hunter,beastmastery,48,16,32
Zelarun,ragnaros,1345,hunter,beastmastery,42,24,18
Felorya,kazzak,1345,hunter,beastmastery,46,25,21
Glizzygobblr,kazzak,1345,hunter,beastmastery,28,15,13
Porch,dragonmaw,1345,hunter,beastmastery,31,16,15
Шэйдуокер,gordunni,1344,hunter,beastmastery,277,134,143
Straybullet,kazzak,1343,hunter,beastmastery,119,56,63
Yezzu,sylvanas,1343,hunter,beastmastery,30,14,16
Ðoxz,blackrock,1342,hunter,beastmastery,24,14,10
Чизано,deathguard,1342,hunter,beastmastery,53,25,28
Keoph,tarren-mill,1342,hunter,beastmastery,36,14,22
Swâân,sanguino,1341,hunter,beastmastery,39,20,19
Hogar,frostwolf,1341,hunter,beastmastery,32,16,16
Сатарр,gordunni,1341,hunter,beastmastery,154,74,80
Karuso,ravencrest,1340,hunter,beastmastery,30,14,16
Meskette,ravencrest,1340,hunter,beastmastery,70,30,40
Reyko,stormscale,1340,hunter,beastmastery,36,14,22
Joshalama,quelthalas,1339,hunter,beastmastery,35,19,16
Unrealy,grim-batol,1339,hunter,beastmastery,182,95,87
Clickbile,twisting-nether,1338,hunter,beastmastery,24,14,10
Фузег,deathguard,1338,hunter,beastmastery,140,70,70
Reiign,burning-legion,1338,hunter,beastmastery,42,15,27
Zäyk,zuljin,1336,hunter,beastmastery,67,32,35
Bláckheart,doomhammer,1336,hunter,beastmastery,38,16,22
Notikâ,aegwynn,1336,hunter,beastmastery,48,20,28
Bågeniburen,draenor,1335,hunter,beastmastery,44,23,21
Pammycakes,bronze-dragonflight,1335,hunter,beastmastery,194,96,98
Raythe,argent-dawn,1335,hunter,beastmastery,30,14,16
Хаурос,soulflayer,1335,hunter,beastmastery,36,14,22
Berenger,twisting-nether,1334,hunter,beastmastery,24,14,10
Kaaj,nemesis,1334,hunter,beastmastery,30,16,14
Hõth,kazzak,1333,hunter,beastmastery,36,14,22
Шурикцаревич,galakrond,1333,hunter,beastmastery,66,23,43
Notx,ravencrest,1332,hunter,beastmastery,24,14,10
Lustor,ravencrest,1332,hunter,beastmastery,83,34,49
Halessia,ravencrest,1331,hunter,beastmastery,131,65,66
Penthesîlea,aegwynn,1330,hunter,beastmastery,68,34,34
Footsy,twisting-nether,1330,hunter,beastmastery,42,20,22
Дэскрайт,soulflayer,1329,hunter,beastmastery,24,14,10
Trapwann,argent-dawn,1329,hunter,beastmastery,24,14,10
Ксила,blackscar,1329,hunter,beastmastery,27,15,12
Desow,blackrock,1329,hunter,beastmastery,66,35,31
Nyght,ravencrest,1329,hunter,beastmastery,110,52,58
Афонадзе,gordunni,1329,hunter,beastmastery,102,47,55
Feignindeath,twisting-nether,1328,hunter,beastmastery,60,35,25
Loridana,tichondrius,1328,hunter,beastmastery,42,16,26
Mînérvá,blackhand,1327,hunter,beastmastery,36,20,16
Hantro,argent-dawn,1327,hunter,beastmastery,60,33,27
Massimox,draenor,1323,hunter,beastmastery,18,14,4
Settisetä,defias-brotherhood,1323,hunter,beastmastery,24,14,10
Sélenaé,hyjal,1323,hunter,beastmastery,52,21,31
Kiingsane,archimonde,1323,hunter,beastmastery,43,17,26
Drestan,drakthul,1322,hunter,beastmastery,60,26,34
Luniel,gilneas,1321,hunter,beastmastery,24,14,10
Travels,tarren-mill,1320,hunter,beastmastery,165,82,83
Цумочка,blackscar,1319,hunter,beastmastery,30,16,14
Ríckybobby,kazzak,1319,hunter,beastmastery,43,22,21
Имбакласс,howling-fjord,1315,hunter,beastmastery,18,14,4
Øßlíck,ysondre,1314,hunter,beastmastery,30,14,16
Meredo,burning-legion,1313,hunter,beastmastery,64,33,31
Dùmbo,khaz-modan,1313,hunter,beastmastery,96,46,50
Bogüen,sanguino,1313,hunter,beastmastery,30,14,16
Muspigen,tarren-mill,1313,hunter,beastmastery,83,38,45
Люблюлюбовь,gordunni,1310,hunter,beastmastery,42,27,15
Platzpatron,eredar,1310,hunter,beastmastery,69,30,39
Rabyan,zuljin,1310,hunter,beastmastery,54,18,36
Кронн,howling-fjord,1308,hunter,beastmastery,35,16,19
Jablaka,blackhand,1306,hunter,beastmastery,24,14,10
Expulse,eredar,1305,hunter,beastmastery,18,14,4
Nårgai,kargath,1305,hunter,beastmastery,30,18,12
Heiltfürzwei,ungoro,1305,hunter,beastmastery,63,30,33
Showerhead,silvermoon,1305,hunter,beastmastery,32,14,18
Zerisi,silvermoon,1302,hunter,beastmastery,41,25,16
Michaelvm,ravencrest,1302,hunter,beastmastery,36,20,16
Devøurer,blackmoore,1301,hunter,beastmastery,24,14,10
Ubietza,aegwynn,1300,hunter,beastmastery,90,37,53
Бирмингем,ashenvale,1299,hunter,beastmastery,60,30,30
Whatifany,tarren-mill,1299,hunter,beastmastery,90,36,54
Shantala,frostwolf,1298,hunter,beastmastery,30,14,16
Magarosh,eredar,1298,hunter,beastmastery,30,14,16
Soen,zuljin,1296,hunter,beastmastery,36,16,20
Барбарисовна,ashenvale,1294,hunter,beastmastery,41,15,26
Blastarrow,the-maelstrom,1293,hunter,beastmastery,72,30,42
Bøwjøb,arthas,1292,hunter,beastmastery,42,23,19
Jackjager,ravencrest,1292,hunter,beastmastery,33,14,19
Retroxia,stormreaver,1291,hunter,beastmastery,30,16,14
Sixty,rajaxx,1291,hunter,beastmastery,42,22,20
Buc,burning-legion,1290,hunter,beastmastery,40,14,26
Poatan,outland,1289,hunter,beastmastery,114,61,53
Tidydarts,balnazzar,1289,hunter,beastmastery,42,21,21
Crippler,arthas,1288,hunter,beastmastery,22,15,7
Salvia,chromaggus,1288,hunter,beastmastery,96,51,45
Verathelon,drakthul,1288,hunter,beastmastery,69,35,34
Cêleste,kaelthas,1288,hunter,beastmastery,106,52,54
Yoüllsuffer,twisting-nether,1285,hunter,beastmastery,36,15,21
Maknamara,tarren-mill,1284,hunter,beastmastery,60,31,29
Fahin,draenor,1284,hunter,beastmastery,68,32,36
Ynfik,sinstralis,1283,hunter,beastmastery,81,40,41
Кулинарк,howling-fjord,1282,hunter,beastmastery,60,29,31
Nymmbtw,tarren-mill,1281,hunter,beastmastery,35,19,16
Nelthara,burning-blade,1281,hunter,beastmastery,36,15,21
Bravestarr,blades-edge,1280,hunter,beastmastery,66,32,34
Fenstad,dalaran,1279,hunter,beastmastery,52,25,27
Ecalter,dun-modr,1277,hunter,beastmastery,60,31,29
Zamale,arakarahm,1277,hunter,beastmastery,42,17,25
Rushgarroth,ravencrest,1271,hunter,beastmastery,96,44,52
Безос,soulflayer,1270,hunter,beastmastery,44,23,21
Watntietjes,burning-blade,1270,hunter,beastmastery,66,29,37
Asousa,stormscale,1269,hunter,beastmastery,66,32,34
Puska,gilneas,1265,hunter,beastmastery,24,14,10
Rxr,kazzak,1264,hunter,beastmastery,54,17,37
Jollis,argent-dawn,1263,hunter,beastmastery,57,27,30
Zalacko,ragnaros,1258,hunter,beastmastery,30,15,15
Waidø,blackhand,1256,hunter,beastmastery,24,14,10
Linchpin,dentarg,1255,hunter,beastmastery,62,28,34
Mehtäsika,xavius,1254,hunter,beastmastery,45,21,24
Nerdhark,hyjal,1253,hunter,beastmastery,71,31,40
Koopo,stormreaver,1250,hunter,beastmastery,99,51,48
Marleyson,uldum,1250,hunter,beastmastery,42,18,24
Panbuczek,defias-brotherhood,1250,hunter,beastmastery,36,15,21
Measpy,blackrock,1249,hunter,beastmastery,30,14,16
Oliene,twisting-nether,1248,hunter,beastmastery,58,27,31
Ðowz,ysondre,1248,hunter,beastmastery,30,13,17
Mazekhin,khaz-modan,1248,hunter,beastmastery,36,15,21
Pagman,thrall,1247,hunter,beastmastery,30,13,17
Lagich,sylvanas,1247,hunter,beastmastery,30,13,17
Armanny,sylvanas,1247,hunter,beastmastery,50,16,34
Deunan,shattered-hand,1246,hunter,beastmastery,36,19,17
Ivanoé,archimonde,1246,hunter,beastmastery,30,13,17
Elfyhunter,outland,1246,hunter,beastmastery,36,13,23
Lothram,les-sentinelles,1245,hunter,beastmastery,24,13,11
Hizzenstein,blackhand,1245,hunter,beastmastery,30,13,17
Ommadawn,dun-modr,1244,hunter,beastmastery,72,33,39
Дуссита,gordunni,1244,hunter,beastmastery,36,13,23
Wayland,dalaran,1244,hunter,beastmastery,36,13,23
Dogthebounty,tarren-mill,1243,hunter,beastmastery,26,15,11
Skytraped,hyjal,1242,hunter,beastmastery,24,13,11
Flugsmälla,kazzak,1242,hunter,beastmastery,24,13,11
Ägris,die-todeskrallen,1242,hunter,beastmastery,150,72,78
Bêastî,blackrock,1242,hunter,beastmastery,30,13,17
Miladinorc,azjolnerub,1241,hunter,beastmastery,18,13,5
Hiddenxsabo,blackmoore,1241,hunter,beastmastery,24,13,11
Daveq,drakthul,1241,hunter,beastmastery,30,13,17
Хастла,greymane,1240,hunter,beastmastery,30,13,17
Blazeityolo,outland,1240,hunter,beastmastery,36,13,23
Vescar,argent-dawn,1239,hunter,beastmastery,42,13,29
Halgen,medivh,1237,hunter,beastmastery,88,37,51
Jyenety,stormscale,1234,hunter,beastmastery,54,27,27
Benbutton,antonidas,1234,hunter,beastmastery,58,27,31
Bigfoot,argent-dawn,1233,hunter,beastmastery,126,58,68
Bufosh,twisting-nether,1232,hunter,beastmastery,86,43,43
Брзенк,gordunni,1232,hunter,beastmastery,64,23,41
Arrowman,burning-legion,1231,hunter,beastmastery,24,13,11
Lusifa,antonidas,1231,hunter,beastmastery,93,49,44
Shaznak,argent-dawn,1231,hunter,beastmastery,36,17,19
Skidzo,alakir,1231,hunter,beastmastery,32,15,17
Vachekiki,archimonde,1230,hunter,beastmastery,42,29,13
Bakatumbah,draenor,1229,hunter,beastmastery,36,20,16
Оксанчек,howling-fjord,1229,hunter,beastmastery,29,13,16
Bibsy,tarren-mill,1228,hunter,beastmastery,24,13,11
Qmbonboni,ravencrest,1226,hunter,beastmastery,55,32,23
Lakys,cthun,1226,hunter,beastmastery,46,17,29
Kaletorw,ragnaros,1225,hunter,beastmastery,54,30,24
Toralfmoralf,aegwynn,1225,hunter,beastmastery,24,13,11
Cobra,magtheridon,1225,hunter,beastmastery,83,34,49
Davíncí,tarren-mill,1224,hunter,beastmastery,77,41,36
Neeske,sylvanas,1224,hunter,beastmastery,30,13,17
Талигар,razuvious,1224,hunter,beastmastery,123,50,73
Tempestes,tarren-mill,1223,hunter,beastmastery,95,51,44
Noaim,blackrock,1222,hunter,beastmastery,26,14,12
Annisaqt,kazzak,1222,hunter,beastmastery,59,31,28
Vexhh,outland,1221,hunter,beastmastery,24,13,11
Lore,hyjal,1221,hunter,beastmastery,29,14,15
Ililivillumi,tarren-mill,1219,hunter,beastmastery,43,24,19
Балласкиндер,gordunni,1219,hunter,beastmastery,66,36,30
Robal,burning-legion,1219,hunter,beastmastery,42,19,23
Badhunt,stormscale,1218,hunter,beastmastery,36,13,23
Stogie,auchindoun,1217,hunter,beastmastery,24,13,11
Spineshot,thrall,1217,hunter,beastmastery,60,24,36
Гримкааг,eversong,1214,hunter,beastmastery,55,27,28
Тофуитер,howling-fjord,1214,hunter,beastmastery,57,25,32
Гримнар,borean-tundra,1213,hunter,beastmastery,23,13,10
Дзэнмашина,booty-bay,1212,hunter,beastmastery,98,46,52
Kiwala,burning-legion,1212,hunter,beastmastery,48,22,26
Câonimâ,twisting-nether,1212,hunter,beastmastery,30,13,17
Snipingdog,stormscale,1209,hunter,beastmastery,36,18,18
Heylie,senjin,1206,hunter,beastmastery,47,16,31
Papithagore,hyjal,1203,hunter,beastmastery,29,13,16
Ниамх,blackscar,1203,hunter,beastmastery,47,21,26
Diac,dalaran,1201,hunter,beastmastery,18,13,5
Sithrom,blackmoore,1201,hunter,beastmastery,28,13,15
Анютикус,gordunni,1199,hunter,beastmastery,60,34,26
Фитьфитий,howling-fjord,1197,hunter,beastmastery,47,22,25
Akrokillshot,outland,1195,hunter,beastmastery,21,14,7
Quasar,arakarahm,1194,hunter,beastmastery,48,19,29
Fivebabe,tarren-mill,1191,hunter,beastmastery,24,14,10
Hílfíger,kazzak,1191,hunter,beastmastery,42,13,29
Johntoffee,eredar,1190,hunter,beastmastery,35,14,21
Kyliun,frostmane,1189,hunter,beastmastery,65,29,36
Eddy,the-maelstrom,1187,hunter,beastmastery,36,20,16
Быщь,gordunni,1186,hunter,beastmastery,29,14,15
Pitton,tarren-mill,1185,hunter,beastmastery,18,13,5
Loyalman,blackmoore,1180,hunter,beastmastery,24,15,9
Винченцо,blackscar,1180,hunter,beastmastery,27,13,14
Cicatrice,kazzak,1180,hunter,beastmastery,28,13,15
Румлис,gordunni,1179,hunter,beastmastery,57,32,25
Harpin,azuremyst,1179,hunter,beastmastery,65,32,33
Tsoutsoukoss,silvermoon,1177,hunter,beastmastery,151,76,75
Haleth,uldum,1177,hunter,beastmastery,29,13,16
Fizè,blackmoore,1175,hunter,beastmastery,23,13,10
Амобарбиталх,gordunni,1173,hunter,beastmastery,39,20,19
Straikkeri,draenor,1172,hunter,beastmastery,65,30,35
Shnidelwoods,blackrock,1171,hunter,beastmastery,56,29,27
Gbureczka,burning-legion,1171,hunter,beastmastery,32,13,19
Skullstah,ravencrest,1169,hunter,beastmastery,24,13,11
Tedohunter,ragnaros,1167,hunter,beastmastery,60,29,31
Ridlas,silvermoon,1167,hunter,beastmastery,72,32,40
Sàclak,ysondre,1166,hunter,beastmastery,31,17,14
Aneji,hyjal,1165,hunter,beastmastery,50,22,28
Spycke,dalaran,1163,hunter,beastmastery,33,22,11
Cabuløsø,aggra-português,1162,hunter,beastmastery,24,13,11
Slojork,thrall,1161,hunter,beastmastery,110,48,62
Cinan,twisting-nether,1159,hunter,beastmastery,139,70,69
Graltar,tarren-mill,1157,hunter,beastmastery,63,31,32
Cityhunter,archimonde,1156,hunter,beastmastery,64,30,34
Eluun,saurfang,1156,hunter,beastmastery,30,13,17
Bobmàrley,frostwolf,1156,hunter,beastmastery,58,19,39
Velites,aggra-português,1155,hunter,beastmastery,27,15,12
Äyumi,chogall,1155,hunter,beastmastery,79,30,49
Rafizox,kazzak,1152,hunter,beastmastery,18,12,6
Lajnus,frostmane,1152,hunter,beastmastery,24,12,12
Mercoßenz,kazzak,1151,hunter,beastmastery,24,12,12
Beeng,ravencrest,1151,hunter,beastmastery,30,14,16
Basìcs,nemesis,1151,hunter,beastmastery,78,36,42
Baïonnettex,archimonde,1151,hunter,beastmastery,30,12,18
Стрелывалеры,gordunni,1151,hunter,beastmastery,30,12,18
Kayluh,sylvanas,1150,hunter,beastmastery,18,12,6
Fendros,kazzak,1150,hunter,beastmastery,18,12,6
Lilpancake,kazzak,1150,hunter,beastmastery,18,12,6
Digimørtal,kazzak,1150,hunter,beastmastery,18,12,6
Blazinghunt,kazzak,1150,hunter,beastmastery,18,12,6
Wicmex,archimonde,1150,hunter,beastmastery,18,12,6
Leza,kult-der-verdammten,1150,hunter,beastmastery,24,12,12
Амореселф,gordunni,1150,hunter,beastmastery,30,12,18
Outkást,sylvanas,1150,hunter,beastmastery,30,12,18
Næ,kazzak,1150,hunter,beastmastery,30,12,18
Crowsza,archimonde,1150,hunter,beastmastery,34,13,21
Mâjôô,blackhand,1149,hunter,beastmastery,22,13,9
Noxin,blackrock,1149,hunter,beastmastery,24,12,12
Мэдраэль,deathguard,1148,hunter,beastmastery,39,18,21
Petitsui,zuljin,1148,hunter,beastmastery,30,12,18
Garfie,tarren-mill,1147,hunter,beastmastery,22,13,9
Megagloc,shadowsong,1147,hunter,beastmastery,24,12,12
Envam,outland,1147,hunter,beastmastery,36,12,24
Renamexyz,blackmoore,1146,hunter,beastmastery,18,12,6
Napa,kazzak,1146,hunter,beastmastery,18,12,6
Подлыйстарик,gordunni,1146,hunter,beastmastery,24,12,12
Brmwall,twisting-nether,1146,hunter,beastmastery,30,12,18
Gorgorm,ravencrest,1146,hunter,beastmastery,36,12,24
Eöe,ragnaros,1145,hunter,beastmastery,24,12,12
Лсныйпамп,howling-fjord,1145,hunter,beastmastery,24,12,12
Lightcheese,twisting-nether,1145,hunter,beastmastery,24,12,12
Weiaw,blackmoore,1144,hunter,beastmastery,24,12,12
Hunterbeck,ravencrest,1144,hunter,beastmastery,78,32,46
Lunaunii,argent-dawn,1142,hunter,beastmastery,18,12,6
Nissa,blackrock,1142,hunter,beastmastery,24,12,12
Haraigoshí,grim-batol,1142,hunter,beastmastery,24,12,12
Синглшот,blackscar,1141,hunter,beastmastery,24,12,12
Hlynsson,tarren-mill,1140,hunter,beastmastery,18,12,6
Mordhunterx,draenor,1138,hunter,beastmastery,24,12,12
Pilogbueferd,silvermoon,1138,hunter,beastmastery,24,12,12
Zpy,blackmoore,1137,hunter,beastmastery,18,12,6
Crossjob,kazzak,1136,hunter,beastmastery,24,12,12
Abovival,ragnaros,1134,hunter,beastmastery,24,12,12
Tomli,nemesis,1133,hunter,beastmastery,27,13,14
Attiladagun,hellfire,1132,hunter,beastmastery,36,12,24
Olamay,blackmoore,1131,hunter,beastmastery,62,31,31
Ázèrøñå,ravencrest,1129,hunter,beastmastery,27,16,11
Oròme,pozzo-delleternità,1129,hunter,beastmastery,72,36,36
Скелус,soulflayer,1129,hunter,beastmastery,24,12,12
Pigoen,sporeggar,1128,hunter,beastmastery,89,40,49
Cdorak,zuljin,1126,hunter,beastmastery,24,12,12
Erenjaeger,onyxia,1126,hunter,beastmastery,30,14,16
Tremby,kazzak,1124,hunter,beastmastery,27,13,14
Ønur,twisting-nether,1122,hunter,beastmastery,78,39,39
Amdonesia,ravencrest,1119,hunter,beastmastery,60,20,40
Karstarkk,sanguino,1116,hunter,beastmastery,71,32,39
Paînfull,kazzak,1115,hunter,beastmastery,29,12,17
Huntiio,khaz-modan,1113,hunter,beastmastery,60,25,35
Ládysháyà,blackrock,1112,hunter,beastmastery,96,48,48
Cäri,colinas-pardas,1109,hunter,beastmastery,36,16,20
Toosmall,stormscale,1107,hunter,beastmastery,22,12,10
Øutkast,silvermoon,1105,hunter,beastmastery,29,18,11
Heedbónger,tarren-mill,1105,hunter,beastmastery,29,12,17
Куфачка,soulflayer,1103,hunter,beastmastery,17,12,5
Plong,argent-dawn,1103,hunter,beastmastery,18,12,6
Самомаза,soulflayer,1103,hunter,beastmastery,24,12,12
Angeedau,kazzak,1102,hunter,beastmastery,23,12,11
Savori,kazzak,1100,hunter,beastmastery,37,21,16
Cyclontrapgg,antonidas,1100,hunter,beastmastery,23,13,10
Paraskámu,twisting-nether,1099,hunter,beastmastery,23,12,11
Dravara,blackmoore,1099,hunter,beastmastery,55,26,29
Atraxi,aegwynn,1096,hunter,beastmastery,64,28,36
Zeniar,pozzo-delleternità,1095,hunter,beastmastery,29,12,17
Goonii,bronzebeard,1094,hunter,beastmastery,24,12,12
Janjal,silvermoon,1094,hunter,beastmastery,129,57,72
Ertestuing,tarren-mill,1090,hunter,beastmastery,30,14,16
Ezelina,lightnings-blade,1086,hunter,beastmastery,54,27,27
Brometheus,sylvanas,1083,hunter,beastmastery,41,15,26
Gorett,kazzak,1081,hunter,beastmastery,42,17,25
Jaguarundy,dun-modr,1079,hunter,beastmastery,30,13,17
Soulshoot,khaz-modan,1078,hunter,beastmastery,88,44,44
Pawder,silvermoon,1077,hunter,beastmastery,42,15,27
Musraah,zuljin,1076,hunter,beastmastery,21,13,8
Nieki,eitrigg,1070,hunter,beastmastery,80,30,50
Bezi,tarren-mill,1067,hunter,beastmastery,41,19,22
Spiritshot,baelgun,1066,hunter,beastmastery,34,14,20
Bisschen,azshara,1066,hunter,beastmastery,54,19,35
Hentt,burning-legion,1064,hunter,beastmastery,28,13,15
Venkox,archimonde,1062,hunter,beastmastery,79,42,37
Luckyhunty,dalaran,1061,hunter,beastmastery,65,28,37
Chillarn,tarren-mill,1061,hunter,beastmastery,64,27,37
Cruelsummer,kul-tiras,1061,hunter,beastmastery,60,22,38
Arrowin,ravencrest,1060,hunter,beastmastery,24,12,12
Deblaze,aegwynn,1056,hunter,beastmastery,18,11,7
Kure,blackrock,1056,hunter,beastmastery,113,56,57
Màdnéss,blackmoore,1056,hunter,beastmastery,24,11,13
Trapgodxx,archimonde,1056,hunter,beastmastery,24,11,13
Vargar,arygos,1056,hunter,beastmastery,24,11,13
Ayaz,ravencrest,1056,hunter,beastmastery,30,11,19
Deadshøt,outland,1055,hunter,beastmastery,12,11,1
Kibola,antonidas,1055,hunter,beastmastery,18,11,7
Jaxxoo,outland,1055,hunter,beastmastery,18,11,7
Blmlooter,stormreaver,1055,hunter,beastmastery,21,12,9
Narolaf,doomhammer,1055,hunter,beastmastery,21,12,9
Pjållistani,ravencrest,1055,hunter,beastmastery,30,11,19
Bazouf,outland,1054,hunter,beastmastery,18,11,7
Зимняясказка,soulflayer,1053,hunter,beastmastery,29,11,18
Jakis,silvermoon,1052,hunter,beastmastery,18,11,7
Holdmypurse,kazzak,1052,hunter,beastmastery,24,11,13
Gobliniehoóo,azuremyst,1051,hunter,beastmastery,16,12,4
Greg,defias-brotherhood,1051,hunter,beastmastery,24,11,13
Darllene,kazzak,1051,hunter,beastmastery,30,11,19
Лиор,howling-fjord,1051,hunter,beastmastery,36,11,25
Britannia,frostmane,1050,hunter,beastmastery,18,11,7
Коблазнх,howling-fjord,1048,hunter,beastmastery,24,11,13
Sourxete,silvermoon,1048,hunter,beastmastery,24,11,13
Sheilare,doomhammer,1047,hunter,beastmastery,18,11,7
Githo,argent-dawn,1047,hunter,beastmastery,21,12,9
Doômzi,ysondre,1047,hunter,beastmastery,24,13,11
Magrha,khaz-modan,1047,hunter,beastmastery,39,18,21
Leáa,eredar,1047,hunter,beastmastery,24,11,13
Nerfjuice,silvermoon,1045,hunter,beastmastery,69,34,35
Gerentral,burning-legion,1045,hunter,beastmastery,24,11,13
Sillychilly,frostwolf,1045,hunter,beastmastery,30,11,19
Strade,argent-dawn,1044,hunter,beastmastery,24,11,13
Shinibon,blackmoore,1044,hunter,beastmastery,36,11,25
Бедствиие,galakrond,1044,hunter,beastmastery,36,11,25
Nidromel,stormscale,1043,hunter,beastmastery,113,52,61
Ayaille,marécage-de-zangar,1043,hunter,beastmastery,40,14,26
Zhazha,chamber-of-aspects,1042,hunter,beastmastery,31,14,17
Wolfmarko,ragnaros,1040,hunter,beastmastery,43,17,26
Эннабонни,gordunni,1039,hunter,beastmastery,24,11,13
Yukina,frostmourne,1038,hunter,beastmastery,28,13,15
Arnatti,tyrande,1036,hunter,beastmastery,28,16,12
Pumukle,madmortem,1035,hunter,beastmastery,34,15,19
Marsian,lordaeron,1035,hunter,beastmastery,25,11,14
Айлиси,soulflayer,1031,hunter,beastmastery,43,11,32
Lioness,ahnqiraj,1028,hunter,beastmastery,27,12,15
Latira,eonar,1027,hunter,beastmastery,24,11,13
Nesthor,sinstralis,1026,hunter,beastmastery,30,11,19
Feigur,sanguino,1023,hunter,beastmastery,53,28,25
Ремонтлицаа,gordunni,1022,hunter,beastmastery,23,11,12
Axg,burning-legion,1020,hunter,beastmastery,29,14,15
Ветиринарша,gordunni,1020,hunter,beastmastery,30,11,19
Leemool,ysondre,1017,hunter,beastmastery,24,12,12
Sâranjágo,argent-dawn,1017,hunter,beastmastery,79,35,44
Bouboule,elune,1016,hunter,beastmastery,56,35,21
Grollar,ragnaros,1014,hunter,beastmastery,80,42,38
Faze,hellfire,1013,hunter,beastmastery,60,30,30
Schnezzler,nerathor,1011,hunter,beastmastery,100,48,52
Грознострел,gordunni,1009,hunter,beastmastery,38,19,19
Arakton,drakthul,1008,hunter,beastmastery,46,23,23
Weisswinter,drakthul,1004,hunter,beastmastery,24,12,12
Jimmý,sylvanas,1004,hunter,beastmastery,26,11,15
Фэннон,gordunni,1002,hunter,beastmastery,27,13,14
Shpider,burning-blade,1000,hunter,beastmastery,52,22,30
Kagan,nemesis,998,hunter,beastmastery,29,17,12
Bigbababotan,blackrock,996,hunter,beastmastery,27,12,15
Sinux,lordaeron,995,hunter,beastmastery,17,11,6
Grandiosity,tarren-mill,992,hunter,beastmastery,17,11,6
Хантвкроксах,gordunni,991,hunter,beastmastery,26,12,14
Enanorabioso,minahonda,991,hunter,beastmastery,30,12,18
Frencharena,the-venture-co,990,hunter,beastmastery,29,11,18
Ulyash,ysondre,990,hunter,beastmastery,42,14,28
Neuromancien,archimonde,990,hunter,beastmastery,35,11,24
Vystrelil,drakthul,988,hunter,beastmastery,163,85,78
Rubyblack,archimonde,984,hunter,beastmastery,48,24,24
Floppybobby,burning-blade,980,hunter,beastmastery,29,12,17
Goliathoz,blackmoore,978,hunter,beastmastery,41,24,17
Melèxè,ysondre,975,hunter,beastmastery,35,11,24
Вагар,blackscar,973,hunter,beastmastery,33,17,16
Maglór,senjin,973,hunter,beastmastery,31,12,19
Kikijojo,ravencrest,971,hunter,beastmastery,30,16,14
Traenuss,azuremyst,968,hunter,beastmastery,48,19,29
Llamp,draenor,964,hunter,beastmastery,60,29,31
Dariatate,eredar,963,hunter,beastmastery,40,17,23
Missmytrap,archimonde,960,hunter,beastmastery,12,10,2
Инойхохо,gordunni,960,hunter,beastmastery,12,10,2
Dathrixjr,ravencrest,960,hunter,beastmastery,12,10,2
Kawal,hyjal,960,hunter,beastmastery,12,10,2
Hahahxd,ragnaros,960,hunter,beastmastery,18,10,8
Dealtqt,ysondre,960,hunter,beastmastery,18,10,8
Spergmeister,argent-dawn,960,hunter,beastmastery,18,10,8
Хантнерюга,gordunni,960,hunter,beastmastery,18,10,8
Filaliel,outland,960,hunter,beastmastery,18,10,8
Hasáblover,ragnaros,960,hunter,beastmastery,18,10,8
Jwah,tarren-mill,960,hunter,beastmastery,24,10,14
Vhalín,magtheridon,960,hunter,beastmastery,24,10,14
Jägarn,stormscale,960,hunter,beastmastery,24,10,14
Hollyz,auchindoun,960,hunter,beastmastery,24,10,14
Zeanort,nordrassil,960,hunter,beastmastery,24,10,14
Dashiro,drakthul,960,hunter,beastmastery,24,10,14
Gitanìlla,dun-modr,960,hunter,beastmastery,30,10,20
Bubby,burning-legion,960,hunter,beastmastery,34,11,23
Rashoumon,zuljin,959,hunter,beastmastery,18,10,8
Imdepressed,sylvanas,959,hunter,beastmastery,18,10,8
Dragh,blackrock,959,hunter,beastmastery,18,10,8
Mckanê,ysondre,959,hunter,beastmastery,18,10,8
Flytomars,ravencrest,959,hunter,beastmastery,18,10,8
Stòkke,stormscale,959,hunter,beastmastery,18,10,8
Dzördzo,kazzak,959,hunter,beastmastery,18,10,8
Appollo,magtheridon,959,hunter,beastmastery,24,10,14
Bempl,onyxia,959,hunter,beastmastery,24,10,14
Дэментед,soulflayer,959,hunter,beastmastery,24,10,14
Alée,twisting-nether,959,hunter,beastmastery,30,10,20
Svolatch,blackrock,959,hunter,beastmastery,30,10,20
Rikitikii,burning-legion,958,hunter,beastmastery,15,11,4
Shikar,sanguino,958,hunter,beastmastery,18,10,8
Komesz,ragnaros,958,hunter,beastmastery,18,10,8
Soblazed,twisting-nether,958,hunter,beastmastery,18,10,8
Mahuntah,drakthul,958,hunter,beastmastery,24,10,14
Blainehunts,arathor,958,hunter,beastmastery,36,11,25
Therasin,ravenholdt,957,hunter,beastmastery,18,10,8
Choukzt,archimonde,957,hunter,beastmastery,18,10,8
Nandrohunt,dalaran,957,hunter,beastmastery,24,10,14
Skipee,ravencrest,956,hunter,beastmastery,18,10,8
Feerea,burning-legion,956,hunter,beastmastery,24,10,14
Vassiliadis,bronze-dragonflight,956,hunter,beastmastery,30,10,20
Ahsóka,frostwhisper,955,hunter,beastmastery,18,10,8
Баззи,grom,955,hunter,beastmastery,72,38,34
Cirenivel,draenor,955,hunter,beastmastery,22,11,11
Herpray,blackmoore,953,hunter,beastmastery,18,10,8
Karên,blackmoore,952,hunter,beastmastery,24,10,14
Darkdexou,defias-brotherhood,951,hunter,beastmastery,18,10,8
Misfîre,tarren-mill,950,hunter,beastmastery,18,10,8
Zappikhunter,silvermoon,950,hunter,beastmastery,24,10,14
Woöky,dalaran,948,hunter,beastmastery,26,16,10
Crittix,kiljaeden,948,hunter,beastmastery,24,10,14
Zarlena,tarren-mill,947,hunter,beastmastery,43,19,24
Cernunnos,auchindoun,944,hunter,beastmastery,19,10,9
Qled,sylvanas,944,hunter,beastmastery,24,10,14
Auau,the-maelstrom,943,hunter,beastmastery,43,20,23
Авроратян,blackscar,942,hunter,beastmastery,17,11,6
Lemeric,blackmoore,942,hunter,beastmastery,19,10,9
Deadlysnîpe,antonidas,941,hunter,beastmastery,16,11,5
Шейхант,gordunni,941,hunter,beastmastery,24,11,13
Guanchin,silvermoon,938,hunter,beastmastery,30,10,20
Arrechus,khaz-modan,934,hunter,beastmastery,140,62,78
Dioxis,silvermoon,932,hunter,beastmastery,118,57,61
Xyrone,bladefist,932,hunter,beastmastery,44,20,24
Nixxay,antonidas,927,hunter,beastmastery,48,25,23
Lissudarlin,stormreaver,919,hunter,beastmastery,241,122,119
Stjordal,chamber-of-aspects,917,hunter,beastmastery,63,30,33
Kronzucker,eredar,914,hunter,beastmastery,36,16,20
Allcollapse,outland,910,hunter,beastmastery,21,11,10
Rachelgg,ravencrest,910,hunter,beastmastery,22,10,12
Zorana,twisting-nether,910,hunter,beastmastery,23,10,13
Mankkis,stormscale,909,hunter,beastmastery,48,14,34
Happyrme,thrall,906,hunter,beastmastery,30,14,16
Bjarnhild,die-aldor,906,hunter,beastmastery,24,11,13
Delazi,proudmoore,905,hunter,beastmastery,30,11,19
Drogostorm,steamwheedle-cartel,897,hunter,beastmastery,23,11,12
Zoomiesuwu,antonidas,895,hunter,beastmastery,17,10,7
Draknik,nemesis,895,hunter,beastmastery,39,10,29
Igotwatuneed,kazzak,894,hunter,beastmastery,24,11,13
Teacee,twisting-nether,894,hunter,beastmastery,29,13,16
Kënshiro,kazzak,893,hunter,beastmastery,20,10,10
Bornum,khaz-modan,892,hunter,beastmastery,31,10,21
Utopia,korgall,890,hunter,beastmastery,36,12,24
Catmother,grim-batol,886,hunter,beastmastery,20,12,8
Wodlenprince,draenor,874,hunter,beastmastery,66,14,52
Akrepkral,kargath,866,hunter,beastmastery,82,40,42
Onlyforfun,ravencrest,864,hunter,beastmastery,12,9,3
Hispanøxd,sanguino,864,hunter,beastmastery,12,9,3
Grapemint,blackrock,864,hunter,beastmastery,12,9,3
Kapowz,kazzak,864,hunter,beastmastery,12,9,3
Eenel,twisting-nether,864,hunter,beastmastery,12,9,3
Illaice,antonidas,864,hunter,beastmastery,12,9,3
Тирин,ashenvale,864,hunter,beastmastery,12,9,3
Dawil,ragnaros,864,hunter,beastmastery,18,9,9
Lísy,hyjal,864,hunter,beastmastery,18,9,9
Flouky,blackmoore,864,hunter,beastmastery,18,9,9
Weoneshot,ravencrest,864,hunter,beastmastery,18,9,9
Timec,outland,864,hunter,beastmastery,18,9,9
Cryptomars,twisting-nether,864,hunter,beastmastery,18,9,9
Autopilot,aegwynn,864,hunter,beastmastery,18,9,9
Dwgkia,ravencrest,864,hunter,beastmastery,18,9,9
Chipok,outland,864,hunter,beastmastery,29,11,18
Elionora,kazzak,864,hunter,beastmastery,24,9,15
Daxhunter,twisting-nether,864,hunter,beastmastery,24,9,15
Coôkie,ysondre,864,hunter,beastmastery,24,9,15
Valhnir,sanguino,864,hunter,beastmastery,24,9,15
Леоа,howling-fjord,864,hunter,beastmastery,27,10,17
Srvol,dun-modr,863,hunter,beastmastery,12,9,3
Skeng,xavius,863,hunter,beastmastery,12,9,3
Beeasty,aegwynn,863,hunter,beastmastery,12,9,3
Jahunter,aggra-português,863,hunter,beastmastery,18,9,9
Fléxyz,sylvanas,863,hunter,beastmastery,18,9,9
Wolfyx,cthun,863,hunter,beastmastery,18,9,9
Aliltoxic,silvermoon,863,hunter,beastmastery,18,9,9
Ванхогер,gordunni,863,hunter,beastmastery,18,9,9
Nillaxy,blackmoore,863,hunter,beastmastery,18,9,9
Reshka,dunemaul,863,hunter,beastmastery,18,9,9
Scräppÿ,kazzak,863,hunter,beastmastery,18,9,9
Сальверди,gordunni,863,hunter,beastmastery,18,9,9
Кишмякхант,howling-fjord,863,hunter,beastmastery,18,9,9
Генрах,soulflayer,863,hunter,beastmastery,18,9,9
Sgmarine,khaz-modan,863,hunter,beastmastery,18,9,9
Pavxar,draenor,863,hunter,beastmastery,18,9,9
Markev,norgannon,863,hunter,beastmastery,18,9,9
Nettie,arathor,863,hunter,beastmastery,24,9,15
Tjodalf,zuluhed,863,hunter,beastmastery,24,9,15
Swallowbaby,lothar,863,hunter,beastmastery,30,9,21
Krâven,ysondre,863,hunter,beastmastery,36,9,27
Xndr,sanguino,862,hunter,beastmastery,12,9,3
Vyrê,ghostlands,862,hunter,beastmastery,18,9,9
Bluffmakarn,silvermoon,862,hunter,beastmastery,18,9,9
Axams,archimonde,862,hunter,beastmastery,18,9,9
Vu,shattered-hand,862,hunter,beastmastery,18,9,9
Ecthelione,the-venture-co,862,hunter,beastmastery,18,9,9
Aamön,tarren-mill,862,hunter,beastmastery,24,9,15
Hävenofün,archimonde,862,hunter,beastmastery,30,9,21
Tsivoula,twisting-nether,861,hunter,beastmastery,12,9,3
Xalh,hyjal,861,hunter,beastmastery,18,9,9
Petfeelya,antonidas,860,hunter,beastmastery,18,9,9
Герциг,gordunni,859,hunter,beastmastery,18,9,9
Sylverein,silvermoon,859,hunter,beastmastery,25,9,16
Sokyokuh,burning-legion,858,hunter,beastmastery,18,9,9
Darilli,wildhammer,858,hunter,beastmastery,19,9,10
Tunhaa,arthas,858,hunter,beastmastery,28,11,17
Hjørnz,stormscale,858,hunter,beastmastery,24,9,15
Rem,zuljin,858,hunter,beastmastery,24,9,15
Mindgap,pozzo-delleternità,858,hunter,beastmastery,24,9,15
Тысячиимен,gordunni,857,hunter,beastmastery,18,9,9
Бруксиан,fordragon,857,hunter,beastmastery,19,9,10
Sika,nozdormu,857,hunter,beastmastery,24,9,15
Deathcrôwler,shattrath,857,hunter,beastmastery,24,9,15
Oneshotkill,laughing-skull,856,hunter,beastmastery,18,9,9
Biorson,silvermoon,856,hunter,beastmastery,24,9,15
Зоопсихолог,gordunni,852,hunter,beastmastery,60,29,31
Сяову,gordunni,852,hunter,beastmastery,97,37,60
Towu,archimonde,849,hunter,beastmastery,24,9,15
Zinnady,outland,846,hunter,beastmastery,12,9,3
Greenstar,twisting-nether,846,hunter,beastmastery,27,10,17
Гоу,fordragon,843,hunter,beastmastery,30,9,21
Glarco,eldrethalas,838,hunter,beastmastery,18,9,9
Olddèath,archimonde,837,hunter,beastmastery,24,9,15
Ohwagga,pozzo-delleternità,836,hunter,beastmastery,18,9,9
Marlaska,exodar,834,hunter,beastmastery,90,44,46
Zimmoo,tarren-mill,833,hunter,beastmastery,18,9,9
Venõm,pozzo-delleternità,832,hunter,beastmastery,21,11,10
Enty,blackrock,830,hunter,beastmastery,14,10,4
Deathmarks,blackrock,830,hunter,beastmastery,29,9,20
Аквилеон,gordunni,829,hunter,beastmastery,23,9,14
Dorollo,khaz-modan,828,hunter,beastmastery,41,19,22
Võnbødefeld,frostmourne,827,hunter,beastmastery,17,9,8
Oramar,archimonde,824,hunter,beastmastery,24,9,15
Yoey,tarren-mill,816,hunter,beastmastery,15,10,5
Anoroxx,arthas,815,hunter,beastmastery,17,9,8
Шаурмэ,gordunni,815,hunter,beastmastery,21,9,12
Belgorin,alexstrasza,813,hunter,beastmastery,66,30,36
Insanepvper,argent-dawn,812,hunter,beastmastery,21,9,12
Кустурица,azuregos,811,hunter,beastmastery,34,9,25
Enîgmatîke,archimonde,810,hunter,beastmastery,21,10,11
Kreiden,twisting-nether,810,hunter,beastmastery,34,11,23
Legosoldaten,stormscale,800,hunter,beastmastery,16,9,7
Abgeherjoe,antonidas,799,hunter,beastmastery,16,9,7
Colth,hyjal,799,hunter,beastmastery,29,9,20
Slaghunter,argent-dawn,798,hunter,beastmastery,17,9,8
Arkell,los-errantes,797,hunter,beastmastery,18,9,9
Bnji,hyjal,797,hunter,beastmastery,22,9,13
Rozgnyy,silvermoon,783,hunter,beastmastery,11,9,2
Zoo,archimonde,783,hunter,beastmastery,21,9,12
Grokis,blackhand,782,hunter,beastmastery,67,28,39
Suffrebobbs,ravencrest,768,hunter,beastmastery,12,8,4
Focüs,les-sentinelles,768,hunter,beastmastery,12,8,4
Thebigboom,outland,768,hunter,beastmastery,12,8,4
Deadshøt,thrall,768,hunter,beastmastery,12,8,4
Ebobuss,tarren-mill,768,hunter,beastmastery,12,8,4
Khyleanxøxø,dun-modr,768,hunter,beastmastery,12,8,4
Styxht,blackhand,768,hunter,beastmastery,12,8,4
Iliíilíiílíl,outland,768,hunter,beastmastery,12,8,4
Танчибосс,soulflayer,768,hunter,beastmastery,12,8,4
Mettämies,twisting-nether,768,hunter,beastmastery,12,8,4
Híldir,draenor,768,hunter,beastmastery,12,8,4
Poggelicious,terenas,768,hunter,beastmastery,12,8,4
Sejkxi,malganis,768,hunter,beastmastery,12,8,4
Papisbae,stormscale,768,hunter,beastmastery,12,8,4
Недостижений,soulflayer,768,hunter,beastmastery,18,8,10
Krâýnn,aegwynn,768,hunter,beastmastery,18,8,10
Xalihuntio,ravencrest,768,hunter,beastmastery,18,8,10
Páiz,tarren-mill,768,hunter,beastmastery,18,8,10
Кертион,howling-fjord,768,hunter,beastmastery,18,8,10
Nevier,tarren-mill,768,hunter,beastmastery,18,8,10
Synaticx,thrall,768,hunter,beastmastery,18,8,10
Zæuz,outland,768,hunter,beastmastery,18,8,10
Ishotharambe,doomhammer,768,hunter,beastmastery,18,8,10
Матопопа,gordunni,768,hunter,beastmastery,18,8,10
Рафлекс,eversong,768,hunter,beastmastery,18,8,10
Freakyhoe,twisting-nether,768,hunter,beastmastery,18,8,10
Bonobo,dentarg,768,hunter,beastmastery,18,8,10
Vasco,chogall,768,hunter,beastmastery,18,8,10
Krakenaspect,kazzak,768,hunter,beastmastery,18,8,10
Pewpewstuff,draenor,768,hunter,beastmastery,18,8,10
Leonidazar,draenor,768,hunter,beastmastery,18,8,10
Twirlylock,emerald-dream,768,hunter,beastmastery,24,8,16
Джулибуба,howling-fjord,768,hunter,beastmastery,24,8,16
Craná,blackrock,768,hunter,beastmastery,24,8,16
Zárnah,defias-brotherhood,768,hunter,beastmastery,24,8,16
Mogumogu,blackhand,768,hunter,beastmastery,24,8,16
Stuckstepbro,silvermoon,768,hunter,beastmastery,24,8,16
Ráptør,silvermoon,768,hunter,beastmastery,24,8,16
Fridion,argent-dawn,768,hunter,beastmastery,24,8,16
Hyunkies,ysondre,768,hunter,beastmastery,30,8,22
Deepcleaning,kazzak,768,hunter,beastmastery,30,8,22
Callmepapi,kazzak,767,hunter,beastmastery,12,8,4
Áñmy,ravencrest,767,hunter,beastmastery,12,8,4
Nulldmgmaker,malganis,767,hunter,beastmastery,12,8,4
Aldra,kelthuzad,767,hunter,beastmastery,12,8,4
Нариса,soulflayer,767,hunter,beastmastery,12,8,4
Awoe,blackrock,767,hunter,beastmastery,12,8,4
Nocturr,ragnaros,767,hunter,beastmastery,12,8,4
Kuljaa,ravencrest,767,hunter,beastmastery,12,8,4
Loydzz,hyjal,767,hunter,beastmastery,12,8,4
Huntyadaun,blackrock,767,hunter,beastmastery,12,8,4
Macabremoon,silvermoon,767,hunter,beastmastery,12,8,4
Арнесс,deepholm,767,hunter,beastmastery,15,9,6
Deathwallker,silvermoon,767,hunter,beastmastery,18,8,10
Môrkh,sanguino,767,hunter,beastmastery,18,8,10
Gheezana,blackhand,767,hunter,beastmastery,18,8,10
Jónes,dunemaul,767,hunter,beastmastery,18,8,10
Blàdê,blackrock,767,hunter,beastmastery,18,8,10
Bladestalker,trollbane,767,hunter,beastmastery,18,8,10
Венкара,gordunni,767,hunter,beastmastery,18,8,10
Prodanhunts,frostmane,767,hunter,beastmastery,24,8,16
Bigramy,sanguino,767,hunter,beastmastery,24,8,16
Ângell,kirin-tor,767,hunter,beastmastery,24,8,16
Yayoo,cthun,767,hunter,beastmastery,24,8,16
Гунныч,grom,767,hunter,beastmastery,24,8,16
Tràpz,archimonde,767,hunter,beastmastery,26,8,18
Taemper,azshara,766,hunter,beastmastery,12,8,4
Sørha,chogall,766,hunter,beastmastery,12,8,4
Miracleh,tarren-mill,766,hunter,beastmastery,18,8,10
Birdseye,thrall,766,hunter,beastmastery,18,8,10
Druvnik,zenedar,766,hunter,beastmastery,18,8,10
Rdwlf,draenor,766,hunter,beastmastery,18,8,10
Ziday,sargeras,766,hunter,beastmastery,24,8,16
Airtz,ysondre,766,hunter,beastmastery,24,8,16
Msâka,blackrock,766,hunter,beastmastery,24,8,16
Aluara,burning-legion,766,hunter,beastmastery,24,8,16
Rickh,ravencrest,765,hunter,beastmastery,12,8,4
Tiratats,sylvanas,765,hunter,beastmastery,12,8,4
Cxc,dun-modr,765,hunter,beastmastery,18,8,10
Лузановка,gordunni,765,hunter,beastmastery,18,8,10
Mykris,aegwynn,765,hunter,beastmastery,86,34,52
Poine,sylvanas,765,hunter,beastmastery,36,14,22
Джэромо,gordunni,765,hunter,beastmastery,24,8,16
Castbuny,drakthul,765,hunter,beastmastery,24,8,16
Goethe,ravencrest,764,hunter,beastmastery,21,9,12
Tracrium,hyjal,764,hunter,beastmastery,30,8,22
Фаталлити,grom,763,hunter,beastmastery,12,8,4
Brotaniku,tarren-mill,763,hunter,beastmastery,18,8,10
Killzo,sylvanas,763,hunter,beastmastery,18,8,10
Laerya,les-clairvoyants,763,hunter,beastmastery,18,8,10
Eilnu,zuljin,763,hunter,beastmastery,35,8,27
Фаусти,gordunni,762,hunter,beastmastery,12,8,4
Furian,der-rat-von-dalaran,762,hunter,beastmastery,18,8,10
Boompuf,draenor,761,hunter,beastmastery,24,8,16
Orgasmatronn,stormscale,760,hunter,beastmastery,24,8,16
Trollhunt,bloodscalp,759,hunter,beastmastery,21,9,12
Talentlos,guldan,759,hunter,beastmastery,24,8,16
Bliss,senjin,756,hunter,beastmastery,12,8,4
Арогорд,gordunni,756,hunter,beastmastery,24,8,16
Топотелло,ashenvale,754,hunter,beastmastery,18,8,10
Sushimän,kaelthas,751,hunter,beastmastery,12,8,4
Franzfuchs,blackmoore,751,hunter,beastmastery,17,8,9
Pîpî,blackrock,750,hunter,beastmastery,17,10,7
Lynx,garona,750,hunter,beastmastery,50,12,38
Begehunter,sylvanas,740,hunter,beastmastery,18,8,10
Remiss,sanguino,738,hunter,beastmastery,22,10,12
Sâtaria,blackhand,735,hunter,beastmastery,16,8,8
Kakopaikths,sylvanas,733,hunter,beastmastery,23,8,15
Адула,eversong,729,hunter,beastmastery,35,12,23
Anesa,lightbringer,728,hunter,beastmastery,21,9,12
Нью,soulflayer,719,hunter,beastmastery,17,8,9
Пушкабомби,soulflayer,719,hunter,beastmastery,88,34,54
Oogyboogy,draenor,718,hunter,beastmastery,23,8,15
Grufflin,bronzebeard,713,hunter,beastmastery,23,8,15
Дикийджош,soulflayer,707,hunter,beastmastery,17,9,8
Salemenos,silvermoon,704,hunter,beastmastery,16,8,8
Бей,gordunni,703,hunter,beastmastery,14,8,6
Zevlove,kazzak,703,hunter,beastmastery,20,8,12
Feyoonx,blackrock,703,hunter,beastmastery,23,9,14
Kruk,blackhand,698,hunter,beastmastery,16,8,8
Хантетский,howling-fjord,696,hunter,beastmastery,20,8,12
Huntbeard,aegwynn,695,hunter,beastmastery,22,8,14
Attileus,ragnaros,687,hunter,beastmastery,17,8,9
Soulflyer,draenor,687,hunter,beastmastery,19,8,11
Jexxa,draenor,681,hunter,beastmastery,33,9,24
Elledrin,argent-dawn,680,hunter,beastmastery,21,11,10
Ahotnik,aegwynn,672,hunter,beastmastery,12,7,5
Stillflowi,draenor,672,hunter,beastmastery,12,7,5
Lambikas,argent-dawn,672,hunter,beastmastery,12,7,5
Виралатта,gordunni,672,hunter,beastmastery,12,7,5
Knokkelmann,outland,672,hunter,beastmastery,12,7,5
Gødcømplêx,ravencrest,672,hunter,beastmastery,12,7,5
Connyrøvøga,stormscale,672,hunter,beastmastery,12,7,5
Boomgorush,kazzak,672,hunter,beastmastery,12,7,5
Wodhunterjr,ravencrest,672,hunter,beastmastery,12,7,5
Сашказнаток,azuregos,672,hunter,beastmastery,12,7,5
Ulfrîc,exodar,672,hunter,beastmastery,12,7,5
Bulletride,stormscale,672,hunter,beastmastery,12,7,5
Slejpy,drakthul,672,hunter,beastmastery,12,7,5
Hølinkasbabe,blackmoore,672,hunter,beastmastery,12,7,5
Amigosaa,draenor,672,hunter,beastmastery,12,7,5
Forthehordee,chamber-of-aspects,672,hunter,beastmastery,12,7,5
Haxaids,sylvanas,672,hunter,beastmastery,12,7,5
Marcsman,blackrock,672,hunter,beastmastery,12,7,5
Найтсол,greymane,672,hunter,beastmastery,12,7,5
Fôx,frostmane,672,hunter,beastmastery,12,7,5
Exzö,outland,672,hunter,beastmastery,12,7,5
Alexdi,kazzak,672,hunter,beastmastery,12,7,5
Bowere,kazzak,672,hunter,beastmastery,12,7,5
Hunttes,nagrand,672,hunter,beastmastery,12,7,5
Mspt,archimonde,672,hunter,beastmastery,12,7,5
Ravis,aegwynn,672,hunter,beastmastery,12,7,5
Midist,stormscale,672,hunter,beastmastery,12,7,5
Nihau,ravencrest,672,hunter,beastmastery,12,7,5
Dåo,doomhammer,672,hunter,beastmastery,12,7,5
Whiskeylover,outland,672,hunter,beastmastery,12,7,5
Zamx,outland,672,hunter,beastmastery,12,7,5
Varkiza,sylvanas,672,hunter,beastmastery,12,7,5
Kioception,blackrock,672,hunter,beastmastery,12,7,5
Lultrap,nemesis,672,hunter,beastmastery,12,7,5
Загзигзаг,soulflayer,672,hunter,beastmastery,12,7,5
Beorind,frostwolf,672,hunter,beastmastery,12,7,5
Kissay,blackmoore,672,hunter,beastmastery,12,7,5
Rânchiêk,ravencrest,672,hunter,beastmastery,12,7,5
Eisenhørn,archimonde,672,hunter,beastmastery,12,7,5
Nightvarn,burning-blade,672,hunter,beastmastery,12,7,5
Razuye,nerathor,672,hunter,beastmastery,12,7,5
Белатраиса,gordunni,672,hunter,beastmastery,12,7,5
Isaîas,uldum,672,hunter,beastmastery,12,7,5
Potatobeast,twisting-nether,672,hunter,beastmastery,12,7,5
Belaux,archimonde,672,hunter,beastmastery,12,7,5
Clayh,silvermoon,672,hunter,beastmastery,12,7,5
Зорэллка,soulflayer,672,hunter,beastmastery,12,7,5
Unreachable,dethecus,672,hunter,beastmastery,12,7,5
Ufecläimbe,eredar,672,hunter,beastmastery,12,7,5
Stamzer,drakthul,672,hunter,beastmastery,12,7,5
Shïndh,archimonde,672,hunter,beastmastery,12,7,5
Myriadx,sylvanas,672,hunter,beastmastery,12,7,5
Frods,dun-modr,672,hunter,beastmastery,16,8,8
Fyô,outland,672,hunter,beastmastery,15,7,8
Hask,pozzo-delleternità,672,hunter,beastmastery,15,7,8
Géeked,ravencrest,672,hunter,beastmastery,18,7,11
Hunterstein,archimonde,672,hunter,beastmastery,18,7,11
Zublime,dragonblight,672,hunter,beastmastery,18,7,11
Lurigalinda,twisting-nether,672,hunter,beastmastery,18,7,11
Bosessz,ragnaros,672,hunter,beastmastery,18,7,11
Chïefhunt,twisting-nether,672,hunter,beastmastery,18,7,11
Mårcxb,antonidas,672,hunter,beastmastery,18,7,11
Boybiron,silvermoon,672,hunter,beastmastery,18,7,11
Pilpetra,tarren-mill,672,hunter,beastmastery,18,7,11
Бранцо,howling-fjord,672,hunter,beastmastery,18,7,11
Пиворк,soulflayer,672,hunter,beastmastery,18,7,11
Sauce,alonsus,672,hunter,beastmastery,18,7,11
Andraz,burning-legion,672,hunter,beastmastery,18,7,11
Ромкола,gordunni,672,hunter,beastmastery,18,7,11
Düivell,grim-batol,672,hunter,beastmastery,18,7,11
Mdmalol,malganis,672,hunter,beastmastery,18,7,11
Тандеркейдж,gordunni,672,hunter,beastmastery,18,7,11
Slougshot,archimonde,672,hunter,beastmastery,18,7,11
Дьярэ,gordunni,672,hunter,beastmastery,18,7,11
Hêndricks,eredar,672,hunter,beastmastery,24,7,17
Uselessx,kazzak,672,hunter,beastmastery,24,7,17
Setyouintrap,ravencrest,672,hunter,beastmastery,24,7,17
Летмимейт,howling-fjord,672,hunter,beastmastery,26,7,19
Doubleoseven,frostmane,671,hunter,beastmastery,12,7,5
Jaydogg,lightbringer,671,hunter,beastmastery,12,7,5
Бэталол,gordunni,671,hunter,beastmastery,12,7,5
Nakepw,stormscale,671,hunter,beastmastery,12,7,5
Sindørei,lightbringer,671,hunter,beastmastery,12,7,5
Akkonas,antonidas,671,hunter,beastmastery,12,7,5
Huntness,kazzak,671,hunter,beastmastery,12,7,5
Døømslayer,nemesis,671,hunter,beastmastery,12,7,5
Beaststeaks,thrall,671,hunter,beastmastery,12,7,5
Nith,ungoro,671,hunter,beastmastery,12,7,5
Ashryqt,ravencrest,671,hunter,beastmastery,12,7,5
Aýsun,kazzak,671,hunter,beastmastery,12,7,5
Vorthrax,drakthul,671,hunter,beastmastery,18,7,11
Блудитролль,soulflayer,671,hunter,beastmastery,18,7,11
Nîco,nathrezim,671,hunter,beastmastery,18,7,11
Orian,argent-dawn,671,hunter,beastmastery,18,7,11
Dràcula,tarren-mill,671,hunter,beastmastery,18,7,11
Гернриета,gordunni,671,hunter,beastmastery,18,7,11
Jezaja,draenor,671,hunter,beastmastery,18,7,11
Rifle,dun-morogh,671,hunter,beastmastery,18,7,11
Aguerex,alleria,671,hunter,beastmastery,18,7,11
Løløsifredo,ysondre,671,hunter,beastmastery,24,7,17
Shakoor,argent-dawn,671,hunter,beastmastery,24,7,17
Tstigaard,argent-dawn,671,hunter,beastmastery,24,7,17
Kirky,terokkar,670,hunter,beastmastery,12,7,5
Crmov,silvermoon,670,hunter,beastmastery,12,7,5
Hugart,sylvanas,670,hunter,beastmastery,12,7,5
Èlo,dun-morogh,670,hunter,beastmastery,12,7,5
Хантмантхант,howling-fjord,670,hunter,beastmastery,12,7,5
Epheso,daggerspine,670,hunter,beastmastery,12,7,5
Hoppelchen,blackmoore,670,hunter,beastmastery,12,7,5
Swaffel,draenor,670,hunter,beastmastery,15,8,7
Ivvy,defias-brotherhood,670,hunter,beastmastery,18,7,11
Paradisiaco,sanguino,670,hunter,beastmastery,24,7,17
Gladiátor,kult-der-verdammten,669,hunter,beastmastery,12,7,5
Sackboy,thrall,669,hunter,beastmastery,18,7,11
Darkhunt,ysondre,669,hunter,beastmastery,18,7,11
Casey,zuluhed,669,hunter,beastmastery,18,7,11
Nelerias,defias-brotherhood,669,hunter,beastmastery,24,7,17
Scatterinc,antonidas,668,hunter,beastmastery,18,7,11
Bessa,skullcrusher,668,hunter,beastmastery,18,7,11
Asharial,twisting-nether,668,hunter,beastmastery,21,8,13
Arhyah,medivh,668,hunter,beastmastery,24,7,17
Okumo,the-maelstrom,667,hunter,beastmastery,18,7,11
Bourrinax,kazzak,667,hunter,beastmastery,24,7,17
Rollei,uldum,666,hunter,beastmastery,12,7,5
Aroldo,kazzak,665,hunter,beastmastery,12,7,5
Саэсантессис,howling-fjord,665,hunter,beastmastery,18,7,11
Electrastar,illidan,664,hunter,beastmastery,12,7,5
Winfar,draenor,664,hunter,beastmastery,24,7,17
Бодрыйсэм,soulflayer,660,hunter,beastmastery,18,7,11
Atnan,vashj,660,hunter,beastmastery,24,7,17
Akù,magtheridon,653,hunter,beastmastery,23,7,16
Jamaro,dun-modr,652,hunter,beastmastery,30,7,23
Pennyflame,blackmoore,623,hunter,beastmastery,17,7,10
Stukrotka,hellfire,617,hunter,beastmastery,15,7,8
Zwergnàse,thrall,616,hunter,beastmastery,23,7,16
Rivery,azjolnerub,614,hunter,beastmastery,22,8,14
Truxp,tarren-mill,608,hunter,beastmastery,16,7,9
Rezgor,stormscale,606,hunter,beastmastery,11,7,4
Ôrly,outland,587,hunter,beastmastery,20,7,13
Luke,chromaggus,576,hunter,beastmastery,6,6,0
Metalbaci,sylvanas,576,hunter,beastmastery,12,6,6
Iuyiuy,dalaran,576,hunter,beastmastery,12,6,6
Guidomista,drakthul,576,hunter,beastmastery,12,6,6
Мишечкатоп,gordunni,576,hunter,beastmastery,12,6,6
Raegal,sanguino,576,hunter,beastmastery,12,6,6
Razoorine,blackrock,576,hunter,beastmastery,12,6,6
Bullterrier,ragnaros,576,hunter,beastmastery,12,6,6
Xðxðxðxðxðxð,sylvanas,576,hunter,beastmastery,12,6,6
Showdope,drakthul,576,hunter,beastmastery,12,6,6
Lökout,twilights-hammer,576,hunter,beastmastery,12,6,6
Efficíent,auchindoun,576,hunter,beastmastery,12,6,6
Batcool,tarren-mill,576,hunter,beastmastery,12,6,6
Келентори,gordunni,576,hunter,beastmastery,12,6,6
Зеленыйиисус,gordunni,576,hunter,beastmastery,12,6,6
Hattoro,drakthul,576,hunter,beastmastery,12,6,6
Huntzki,tarren-mill,576,hunter,beastmastery,12,6,6
Vepzen,haomarush,576,hunter,beastmastery,12,6,6
Стёпкахант,gordunni,576,hunter,beastmastery,12,6,6
Cítyzens,drakthul,576,hunter,beastmastery,12,6,6
Magicnanø,nemesis,576,hunter,beastmastery,12,6,6
Шмыгахант,gordunni,576,hunter,beastmastery,12,6,6
Gîsh,burning-legion,576,hunter,beastmastery,12,6,6
Kurtanâ,blackmoore,576,hunter,beastmastery,12,6,6
Zajebantip,sylvanas,576,hunter,beastmastery,12,6,6
Dorkos,sanguino,576,hunter,beastmastery,12,6,6
Dunkelmut,arthas,576,hunter,beastmastery,12,6,6
Массовик,blackscar,576,hunter,beastmastery,12,6,6
Maverz,blackhand,576,hunter,beastmastery,12,6,6
Wödën,argent-dawn,576,hunter,beastmastery,12,6,6
Дэльфис,howling-fjord,576,hunter,beastmastery,12,6,6
Double,sylvanas,576,hunter,beastmastery,12,6,6
Arkelion,argent-dawn,576,hunter,beastmastery,12,6,6
Toptìérgoðx,drakthul,576,hunter,beastmastery,12,6,6
Syveera,twisting-nether,576,hunter,beastmastery,12,6,6
Gréènthumbs,ragnaros,576,hunter,beastmastery,12,6,6
Fraps,garona,576,hunter,beastmastery,12,6,6
Poke,aggra-português,576,hunter,beastmastery,12,6,6
Zêrøtwø,draenor,576,hunter,beastmastery,12,6,6
Steìn,ysondre,576,hunter,beastmastery,12,6,6
Logales,dragonblight,576,hunter,beastmastery,12,6,6
Ptithoms,hyjal,576,hunter,beastmastery,12,6,6
Fogknows,ravencrest,576,hunter,beastmastery,12,6,6
Nomadest,silvermoon,576,hunter,beastmastery,12,6,6
Flecheoeil,hyjal,576,hunter,beastmastery,12,6,6
Burbutsuluki,silvermoon,576,hunter,beastmastery,12,6,6
Kartantrax,culte-de-la-rive-noire,576,hunter,beastmastery,12,6,6
Pareîa,alexstrasza,576,hunter,beastmastery,12,6,6
Дайсё,soulflayer,576,hunter,beastmastery,12,6,6
Therakal,culte-de-la-rive-noire,576,hunter,beastmastery,12,6,6
Bråndy,draenor,576,hunter,beastmastery,12,6,6
Astair,hyjal,576,hunter,beastmastery,12,6,6
Зихантер,soulflayer,576,hunter,beastmastery,12,6,6
Skarra,zuljin,576,hunter,beastmastery,12,6,6
Niedzwiedzor,silvermoon,576,hunter,beastmastery,12,6,6
Kaballa,ahnqiraj,576,hunter,beastmastery,12,6,6
Максиммужик,soulflayer,576,hunter,beastmastery,12,6,6
Nagu,antonidas,576,hunter,beastmastery,12,6,6
Artze,outland,576,hunter,beastmastery,12,6,6
Xiviora,archimonde,576,hunter,beastmastery,12,6,6
Boen,nordrassil,576,hunter,beastmastery,12,6,6
Darkstripe,turalyon,576,hunter,beastmastery,12,6,6
Healscare,dalaran,576,hunter,beastmastery,16,7,9
Ñibiru,archimonde,576,hunter,beastmastery,21,7,14
Xiaoly,kaelthas,576,hunter,beastmastery,18,6,12
Headhunterzz,dun-modr,576,hunter,beastmastery,18,6,12
Матанал,gordunni,576,hunter,beastmastery,18,6,12
Huntarbeît,eredar,576,hunter,beastmastery,18,6,12
Nerøz,ravencrest,576,hunter,beastmastery,18,6,12
Suisiide,antonidas,576,hunter,beastmastery,18,6,12
Свадебная,gordunni,576,hunter,beastmastery,18,6,12
Azrhu,ravencrest,576,hunter,beastmastery,18,6,12
Wetto,ravencrest,576,hunter,beastmastery,18,6,12
Disyö,kazzak,576,hunter,beastmastery,18,6,12
Kayoo,stormscale,576,hunter,beastmastery,18,6,12
Cfueb,doomhammer,576,hunter,beastmastery,18,6,12
Safnirxx,tarren-mill,576,hunter,beastmastery,18,6,12
Realme,blackrock,576,hunter,beastmastery,18,6,12
Exwifey,ravencrest,576,hunter,beastmastery,18,6,12
Седактив,grom,576,hunter,beastmastery,27,7,20
Mævis,ravencrest,576,hunter,beastmastery,24,6,18
Сексишмекс,soulflayer,576,hunter,beastmastery,24,6,18
Rheyl,dun-morogh,576,hunter,beastmastery,30,6,24
Iddqd,outland,575,hunter,beastmastery,12,6,6
Bolgroth,balnazzar,575,hunter,beastmastery,12,6,6
Splodge,kazzak,575,hunter,beastmastery,12,6,6
Nosfuratu,stormscale,575,hunter,beastmastery,12,6,6
Труласек,blackscar,575,hunter,beastmastery,12,6,6
Нагито,galakrond,575,hunter,beastmastery,12,6,6
Hunteriye,twisting-nether,575,hunter,beastmastery,12,6,6
Gløbi,malfurion,575,hunter,beastmastery,12,6,6
Kairrux,twisting-nether,575,hunter,beastmastery,12,6,6
Ipad,cthun,575,hunter,beastmastery,12,6,6
Haggy,die-nachtwache,575,hunter,beastmastery,12,6,6
Robingood,alexstrasza,575,hunter,beastmastery,12,6,6
Jimpage,eredar,575,hunter,beastmastery,12,6,6
Blacksyo,elune,575,hunter,beastmastery,12,6,6
Tbeck,ragnaros,575,hunter,beastmastery,12,6,6
Ghanik,draenor,575,hunter,beastmastery,12,6,6
Deôrro,twisting-nether,575,hunter,beastmastery,12,6,6
Абунай,soulflayer,575,hunter,beastmastery,12,6,6
Krasavcik,shattrath,575,hunter,beastmastery,12,6,6
Hunterizi,silvermoon,575,hunter,beastmastery,12,6,6
Truedetectiv,aggramar,575,hunter,beastmastery,12,6,6
Eyetto,dun-modr,575,hunter,beastmastery,12,6,6
Täpy,arathor,575,hunter,beastmastery,18,6,12
Ølympx,blackhand,575,hunter,beastmastery,18,6,12
Ápêx,ravencrest,575,hunter,beastmastery,18,6,12
Hitray,stormscale,575,hunter,beastmastery,18,6,12
Sylphie,dalaran,575,hunter,beastmastery,18,6,12
Ketator,archimonde,574,hunter,beastmastery,12,6,6
Losc,blackrock,574,hunter,beastmastery,12,6,6
Örrn,ragnaros,574,hunter,beastmastery,18,6,12
Drakar,eredar,574,hunter,beastmastery,18,6,12
Mizumi,frostmane,574,hunter,beastmastery,18,6,12
Kannon,twisting-nether,574,hunter,beastmastery,18,6,12
Talmïr,archimonde,574,hunter,beastmastery,24,6,18
Ranrôk,rexxar,573,hunter,beastmastery,12,6,6
Penelopé,darkmoon-faire,573,hunter,beastmastery,12,6,6
Cliff,kiljaeden,572,hunter,beastmastery,30,6,24
Jsâ,blackmoore,571,hunter,beastmastery,12,6,6
Ñava,dalaran,570,hunter,beastmastery,12,6,6
Corrwus,argent-dawn,570,hunter,beastmastery,18,6,12
Zahgrug,aerie-peak,568,hunter,beastmastery,12,6,6
Олькахант,galakrond,568,hunter,beastmastery,12,6,6
Bloodxx,ragnaros,568,hunter,beastmastery,18,6,12
Barzti,thrall,566,hunter,beastmastery,18,8,10
Marudô,aegwynn,559,hunter,beastmastery,17,6,11
Бэрими,gordunni,543,hunter,beastmastery,11,6,5
Egoshôoter,eredar,543,hunter,beastmastery,14,7,7
Dreemshoot,stormscale,542,hunter,beastmastery,11,6,5
Åånei,twisting-nether,528,hunter,beastmastery,15,6,9
Kukenisluken,stormscale,527,hunter,beastmastery,11,6,5
Archfiend,stormscale,527,hunter,beastmastery,11,6,5
Dybhalsma,outland,527,hunter,beastmastery,11,6,5
Braatski,stormscale,526,hunter,beastmastery,18,7,11
Raxxic,eredar,512,hunter,beastmastery,10,6,4
Buzzle,sylvanas,512,hunter,beastmastery,22,6,16
Sacroz,frostwhisper,510,hunter,beastmastery,20,6,14
Gnomslakter,ragnaros,509,hunter,beastmastery,16,6,10
Nefroo,defias-brotherhood,505,hunter,beastmastery,11,6,5
Wellocérapt,confrérie-du-thorium,480,hunter,beastmastery,6,5,1
Hidethegun,draenor,480,hunter,beastmastery,6,5,1
Connyrövöga,draenor,480,hunter,beastmastery,6,5,1
Dogliz,stormscale,480,hunter,beastmastery,6,5,1
Мунмейстер,blackscar,480,hunter,beastmastery,6,5,1
Ветрослав,thermaplugg,480,hunter,beastmastery,6,5,1
Sunyjuyono,ravencrest,480,hunter,beastmastery,6,5,1
Notrapnaga,stormscale,480,hunter,beastmastery,6,5,1
Smokerofweed,kazzak,480,hunter,beastmastery,6,5,1
Huntourd,eredar,480,hunter,beastmastery,6,5,1
Jinxbomber,draenor,480,hunter,beastmastery,6,5,1
Tøkÿöghøül,ravencrest,480,hunter,beastmastery,7,5,2
Рэмпейджшот,soulflayer,480,hunter,beastmastery,12,5,7
Crasharrow,stormscale,480,hunter,beastmastery,12,5,7
Kongharald,ravencrest,480,hunter,beastmastery,12,5,7
Китас,soulflayer,480,hunter,beastmastery,12,5,7
Khort,twisting-nether,480,hunter,beastmastery,12,5,7
Темпеест,gordunni,480,hunter,beastmastery,12,5,7
Ratul,pozzo-delleternità,480,hunter,beastmastery,12,5,7
Maxtozer,silvermoon,480,hunter,beastmastery,12,5,7
Quoicoubèh,hyjal,480,hunter,beastmastery,12,5,7
Schwen,grim-batol,480,hunter,beastmastery,12,5,7
Orosko,archimonde,480,hunter,beastmastery,12,5,7
Speartusk,blackhand,480,hunter,beastmastery,12,5,7
Eredark,zuljin,480,hunter,beastmastery,12,5,7
Hiff,burning-legion,480,hunter,beastmastery,12,5,7
Zrijad,draenor,480,hunter,beastmastery,12,5,7
Waneìs,stormscale,480,hunter,beastmastery,12,5,7
Noraka,blackrock,480,hunter,beastmastery,12,5,7
Feelmyfurý,tarren-mill,480,hunter,beastmastery,12,5,7
Yésdave,stormscale,480,hunter,beastmastery,12,5,7
Klèo,frostwhisper,480,hunter,beastmastery,12,5,7
Trapyoubro,blackrock,480,hunter,beastmastery,12,5,7
Elvenian,twisting-nether,480,hunter,beastmastery,12,5,7
Джеймсфранко,blackscar,480,hunter,beastmastery,12,5,7
Sbegodx,hyjal,480,hunter,beastmastery,12,5,7
Duaij,outland,480,hunter,beastmastery,12,5,7
Søtyz,dalaran,480,hunter,beastmastery,12,5,7
Bloodymarìe,kelthuzad,480,hunter,beastmastery,12,5,7
Palomo,argent-dawn,480,hunter,beastmastery,12,5,7
Tizzlbang,ragnaros,480,hunter,beastmastery,12,5,7
Келкузд,howling-fjord,480,hunter,beastmastery,12,5,7
Bojestemrudy,outland,480,hunter,beastmastery,12,5,7
Seviaz,draenor,480,hunter,beastmastery,12,5,7
Вуйчеч,howling-fjord,480,hunter,beastmastery,12,5,7
Квит,blackscar,480,hunter,beastmastery,12,5,7
Stónéyyx,azjolnerub,480,hunter,beastmastery,12,5,7
Benjtrapgodx,antonidas,480,hunter,beastmastery,12,5,7
Naposin,ragnaros,480,hunter,beastmastery,12,5,7
Kanzlerkohl,frostwolf,480,hunter,beastmastery,12,5,7
Sxmphxny,argent-dawn,480,hunter,beastmastery,12,5,7
Нитидон,howling-fjord,480,hunter,beastmastery,12,5,7
Bubbahubba,ragnaros,480,hunter,beastmastery,12,5,7
Notley,thrall,480,hunter,beastmastery,12,5,7
Jimbowjones,antonidas,480,hunter,beastmastery,12,5,7
Sarhina,draenor,480,hunter,beastmastery,12,5,7
Juniorm,kazzak,480,hunter,beastmastery,12,5,7
Dordok,ysondre,480,hunter,beastmastery,12,5,7
Yamadorî,blackrock,480,hunter,beastmastery,12,5,7
Dyve,antonidas,480,hunter,beastmastery,12,5,7
Jins,illidan,480,hunter,beastmastery,12,5,7
Bloodpanter,ragnaros,480,hunter,beastmastery,12,5,7
Elðer,dentarg,480,hunter,beastmastery,16,6,10
Lepap,arygos,480,hunter,beastmastery,17,5,12
Begøne,draenor,480,hunter,beastmastery,18,5,13
Chrishyh,blackrock,480,hunter,beastmastery,18,5,13
Korneatza,twisting-nether,480,hunter,beastmastery,18,5,13
Stomugromova,ragnaros,480,hunter,beastmastery,18,5,13
Möttii,blackrock,479,hunter,beastmastery,6,5,1
Artexxia,kazzak,479,hunter,beastmastery,6,5,1
Енвина,gordunni,479,hunter,beastmastery,12,5,7
Jana,ragnaros,479,hunter,beastmastery,12,5,7
Живучийорех,gordunni,479,hunter,beastmastery,12,5,7
Ninjaskillss,ravencrest,479,hunter,beastmastery,12,5,7
Swïtchz,hyjal,479,hunter,beastmastery,12,5,7
Vådesskudd,outland,479,hunter,beastmastery,12,5,7
Ivanrockstar,draenor,479,hunter,beastmastery,12,5,7
Slett,twisting-nether,479,hunter,beastmastery,12,5,7
Zercore,echsenkessel,479,hunter,beastmastery,12,5,7
Djzntrap,outland,479,hunter,beastmastery,12,5,7
Droubidi,garona,479,hunter,beastmastery,12,5,7
Vasu,azjolnerub,479,hunter,beastmastery,15,6,9
Arielowy,doomhammer,479,hunter,beastmastery,18,5,13
Клак,howling-fjord,479,hunter,beastmastery,31,5,26
Kepâssa,ysondre,478,hunter,beastmastery,12,5,7
Добрыйклыкач,gordunni,478,hunter,beastmastery,12,5,7
Oldrocker,sylvanas,478,hunter,beastmastery,18,5,13
Спиночух,lich-king,477,hunter,beastmastery,12,5,7
Ghostaim,kazzak,475,hunter,beastmastery,10,6,4
Alunite,sporeggar,475,hunter,beastmastery,12,5,7
Asca,eldrethalas,475,hunter,beastmastery,18,5,13
Ahilleaa,aegwynn,472,hunter,beastmastery,12,5,7
Ferax,alleria,472,hunter,beastmastery,12,5,7
Aryaae,les-clairvoyants,472,hunter,beastmastery,13,5,8
Dorkis,sanguino,463,hunter,beastmastery,11,5,6
Ruhen,aegwynn,463,hunter,beastmastery,11,5,6
Tiguy,archimonde,462,hunter,beastmastery,23,5,18
Momohenní,archimonde,448,hunter,beastmastery,10,5,5
Kabedon,drakthul,448,hunter,beastmastery,16,5,11
Bellecoq,arathi,447,hunter,beastmastery,11,5,6
Artemmis,tarren-mill,447,hunter,beastmastery,11,5,6
Slide,dalaran,446,hunter,beastmastery,11,5,6
Dis,twilights-hammer,431,hunter,beastmastery,11,5,6
Såvëâmäzøñíà,stormscale,431,hunter,beastmastery,11,5,6
Lovecjelenu,drakthul,431,hunter,beastmastery,11,5,6
Sarnak,thrall,416,hunter,beastmastery,10,5,5
Valamié,stormscale,415,hunter,beastmastery,8,5,3
Topbow,talnivarr,415,hunter,beastmastery,10,5,5
Darkshe,dun-modr,415,hunter,beastmastery,14,5,9
Elíonora,kazzak,400,hunter,beastmastery,7,5,2
Vïcødïnë,sinstralis,384,hunter,beastmastery,6,4,2
Khregan,aerie-peak,384,hunter,beastmastery,6,4,2
Ôrïøn,archimonde,384,hunter,beastmastery,6,4,2
Патапум,deathguard,384,hunter,beastmastery,6,4,2
Jegeralv,argent-dawn,384,hunter,beastmastery,6,4,2
Noux,stormscale,384,hunter,beastmastery,6,4,2
Djurmästaren,ravencrest,384,hunter,beastmastery,6,4,2
Psychotik,dalaran,384,hunter,beastmastery,6,4,2
Fajitax,lightbringer,384,hunter,beastmastery,6,4,2
Вихтриэль,gordunni,384,hunter,beastmastery,6,4,2
Mclooving,runetotem,384,hunter,beastmastery,6,4,2
Zanéy,ravencrest,384,hunter,beastmastery,6,4,2
Riema,ragnaros,384,hunter,beastmastery,6,4,2
Няшуличка,gordunni,384,hunter,beastmastery,6,4,2
Murkek,drakthul,384,hunter,beastmastery,6,4,2
Sín,kirin-tor,384,hunter,beastmastery,6,4,2
Thursty,twisting-nether,384,hunter,beastmastery,6,4,2
Yasopp,draenor,384,hunter,beastmastery,6,4,2
Dafragger,blackmoore,384,hunter,beastmastery,6,4,2
Lávender,magtheridon,384,hunter,beastmastery,6,4,2
Arellia,blackmoore,384,hunter,beastmastery,6,4,2
Кайсго,gordunni,384,hunter,beastmastery,6,4,2
Oobe,hyjal,384,hunter,beastmastery,6,4,2
Hakamael,kirin-tor,384,hunter,beastmastery,6,4,2
Silenthunter,blackrock,384,hunter,beastmastery,6,4,2
Разплюханка,howling-fjord,384,hunter,beastmastery,6,4,2
Барногор,gordunni,384,hunter,beastmastery,6,4,2
Шадоуселект,howling-fjord,384,hunter,beastmastery,6,4,2
Hetzenauer,nathrezim,384,hunter,beastmastery,6,4,2
Mórz,magtheridon,384,hunter,beastmastery,6,4,2
Galduhr,silvermoon,384,hunter,beastmastery,6,4,2
Zyprix,blackrock,384,hunter,beastmastery,6,4,2
Саняприцел,howling-fjord,384,hunter,beastmastery,6,4,2
Bãldur,ravencrest,384,hunter,beastmastery,6,4,2
Ihsie,eredar,384,hunter,beastmastery,6,4,2
Azzazeal,drakthul,384,hunter,beastmastery,6,4,2
Missmytraps,stormscale,384,hunter,beastmastery,6,4,2
Ntguilty,blackrock,384,hunter,beastmastery,6,4,2
Zigi,grim-batol,384,hunter,beastmastery,6,4,2
Апельсинчес,howling-fjord,384,hunter,beastmastery,6,4,2
Nihae,drakthul,384,hunter,beastmastery,6,4,2
Nomorepain,outland,384,hunter,beastmastery,6,4,2
Mestar,outland,384,hunter,beastmastery,6,4,2
Machinedream,sylvanas,384,hunter,beastmastery,6,4,2
Béarrockx,alleria,384,hunter,beastmastery,6,4,2
Stingarrow,stormscale,384,hunter,beastmastery,6,4,2
Robbingyou,tarren-mill,384,hunter,beastmastery,6,4,2
Трисциллочка,howling-fjord,384,hunter,beastmastery,6,4,2
Кривоватый,galakrond,384,hunter,beastmastery,6,4,2
Ghõst,frostmane,384,hunter,beastmastery,6,4,2
Celebor,sanguino,384,hunter,beastmastery,6,4,2
Chindaliña,zuljin,384,hunter,beastmastery,6,4,2
Rollingpork,silvermoon,384,hunter,beastmastery,6,4,2
Sindaro,kazzak,384,hunter,beastmastery,6,4,2
Thromkhar,sanguino,384,hunter,beastmastery,6,4,2
Malmet,shattered-hand,384,hunter,beastmastery,6,4,2
Kàisèr,shendralar,384,hunter,beastmastery,6,4,2
Elonyr,sanguino,384,hunter,beastmastery,6,4,2
Mothmanx,kazzak,384,hunter,beastmastery,6,4,2
Garratha,burning-legion,384,hunter,beastmastery,6,4,2
Marksmaniak,ysondre,384,hunter,beastmastery,6,4,2
Zbyrkana,neptulon,384,hunter,beastmastery,6,4,2
Wristflex,kazzak,384,hunter,beastmastery,6,4,2
Wolder,burning-legion,384,hunter,beastmastery,6,4,2
Kurobi,kazzak,384,hunter,beastmastery,6,4,2
Schwabbels,silvermoon,384,hunter,beastmastery,6,4,2
Quasarx,draenor,384,hunter,beastmastery,9,5,4
Korkyra,outland,384,hunter,beastmastery,12,4,8
Sjufemman,ravencrest,384,hunter,beastmastery,12,4,8
Øï,outland,384,hunter,beastmastery,12,4,8
Khyleanqt,dun-modr,384,hunter,beastmastery,12,4,8
Дэлмор,greymane,384,hunter,beastmastery,12,4,8
Rockshredder,ravencrest,384,hunter,beastmastery,12,4,8
Hattorisama,ghostlands,384,hunter,beastmastery,12,4,8
Tusibi,dalaran,384,hunter,beastmastery,12,4,8
Nßatrapper,outland,384,hunter,beastmastery,12,4,8
Xavers,outland,384,hunter,beastmastery,12,4,8
Sîriell,arthas,384,hunter,beastmastery,12,4,8
Thérón,ravencrest,384,hunter,beastmastery,12,4,8
Thekev,ravencrest,384,hunter,beastmastery,12,4,8
Tøixøna,tyrande,384,hunter,beastmastery,12,4,8
Бочонок,goldrinn,384,hunter,beastmastery,12,4,8
Penehuntos,eredar,384,hunter,beastmastery,12,4,8
Aléxy,sanguino,384,hunter,beastmastery,12,4,8
Варсор,soulflayer,384,hunter,beastmastery,12,4,8
Вейзу,ashenvale,384,hunter,beastmastery,12,4,8
Серцебиение,soulflayer,384,hunter,beastmastery,12,4,8
Snots,stormscale,384,hunter,beastmastery,12,4,8
Mobshot,twisting-nether,384,hunter,beastmastery,12,4,8
Амадаре,howling-fjord,384,hunter,beastmastery,12,4,8
Grigur,dalaran,384,hunter,beastmastery,12,4,8
Marzenielas,silvermoon,384,hunter,beastmastery,12,4,8
Monnee,outland,384,hunter,beastmastery,12,4,8
Mógwaí,stormscale,384,hunter,beastmastery,12,4,8
Itssharpwall,stormscale,384,hunter,beastmastery,12,4,8
Охотницагодх,borean-tundra,384,hunter,beastmastery,12,4,8
Zakert,zuljin,384,hunter,beastmastery,12,4,8
Somethíngmad,stormscale,384,hunter,beastmastery,12,4,8
Focùs,eredar,384,hunter,beastmastery,12,4,8
Sloter,stormscale,384,hunter,beastmastery,12,4,8
Teddybeardo,stormscale,384,hunter,beastmastery,12,4,8
Dissectiøn,hyjal,384,hunter,beastmastery,12,4,8
Zynga,sylvanas,384,hunter,beastmastery,12,4,8
Neocb,ravencrest,384,hunter,beastmastery,12,4,8
Killstreak,magtheridon,384,hunter,beastmastery,12,4,8
Zippyzen,twisting-nether,384,hunter,beastmastery,12,4,8
Horxxa,kul-tiras,384,hunter,beastmastery,12,4,8
Donbonz,blackmoore,384,hunter,beastmastery,12,4,8
Fotmspec,tarren-mill,384,hunter,beastmastery,12,4,8
Malromero,outland,384,hunter,beastmastery,12,4,8
Sharpeneye,ragnaros,384,hunter,beastmastery,12,4,8
Staynador,turalyon,384,hunter,beastmastery,12,4,8
Brønkø,azshara,384,hunter,beastmastery,12,4,8
Navarro,nemesis,384,hunter,beastmastery,12,4,8
Pergola,spinebreaker,384,hunter,beastmastery,12,4,8
Catman,stormreaver,384,hunter,beastmastery,12,4,8
Bobtroll,twisting-nether,384,hunter,beastmastery,12,4,8
Biciclentiu,twisting-nether,384,hunter,beastmastery,12,4,8
Chui,twisting-nether,384,hunter,beastmastery,12,4,8
Lexayah,twisting-nether,384,hunter,beastmastery,12,4,8
Valomeere,tarren-mill,384,hunter,beastmastery,12,4,8
Дланьгоспода,soulflayer,384,hunter,beastmastery,13,4,9
Gnubbzn,aegwynn,384,hunter,beastmastery,18,4,14
Swargano,archimonde,384,hunter,beastmastery,18,4,14
Kayvaal,kaelthas,384,hunter,beastmastery,18,4,14
Tervueren,burning-blade,384,hunter,beastmastery,18,4,14
Bemtistaru,draenor,384,hunter,beastmastery,18,4,14
Diablohuntt,burning-legion,384,hunter,beastmastery,18,4,14
Mélovéa,sinstralis,384,hunter,beastmastery,18,4,14
Хедшоттер,blackscar,384,hunter,beastmastery,18,4,14
Gps,twilights-hammer,384,hunter,beastmastery,18,4,14
Jelezenchuk,outland,383,hunter,beastmastery,6,4,2
Whyareurunin,silvermoon,383,hunter,beastmastery,6,4,2
Xscaper,twilights-hammer,383,hunter,beastmastery,6,4,2
Lyute,draenor,383,hunter,beastmastery,6,4,2
Resonate,stormreaver,383,hunter,beastmastery,6,4,2
Beastmaster,ragnaros,383,hunter,beastmastery,12,4,8
Luvnoc,hyjal,383,hunter,beastmastery,12,4,8
Aaxecute,silvermoon,383,hunter,beastmastery,12,4,8
Lalluna,malganis,383,hunter,beastmastery,12,4,8
Huntseeker,draenor,383,hunter,beastmastery,12,4,8
Doguago,draenor,383,hunter,beastmastery,12,4,8
Зукипер,borean-tundra,383,hunter,beastmastery,12,4,8
Enerhunt,ysondre,383,hunter,beastmastery,12,4,8
Machini,terokkar,383,hunter,beastmastery,17,4,13
Mugiwaras,eldrethalas,383,hunter,beastmastery,18,4,14
Neuwi,stormreaver,382,hunter,beastmastery,12,4,8
Beerox,ysondre,382,hunter,beastmastery,12,4,8
Sanite,dun-morogh,381,hunter,beastmastery,12,4,8
Talija,nathrezim,381,hunter,beastmastery,12,4,8
Яугеныч,blackscar,381,hunter,beastmastery,12,4,8
Jolox,blackrock,379,hunter,beastmastery,12,4,8
Thelasiel,aerie-peak,379,hunter,beastmastery,14,4,10
Стрижкакаре,soulflayer,367,hunter,beastmastery,11,4,7
Zakos,kirin-tor,351,hunter,beastmastery,17,4,13
Jaszczomp,magtheridon,350,hunter,beastmastery,16,4,12
Prebranatz,the-shatar,336,hunter,beastmastery,9,4,5
Harpers,kazzak,336,hunter,beastmastery,15,4,11
Itzcritch,tarren-mill,330,hunter,beastmastery,14,5,9
Skyh,outland,330,hunter,beastmastery,16,5,11
Ozunâ,blackmoore,318,hunter,beastmastery,24,8,16
Greinktar,archimonde,317,hunter,beastmastery,10,4,6
Маянашашлыки,galakrond,304,hunter,beastmastery,13,4,9
Gordo,burning-legion,288,hunter,beastmastery,6,3,3
Innaria,argent-dawn,288,hunter,beastmastery,6,3,3
Valtondre,argent-dawn,288,hunter,beastmastery,6,3,3
Birdwatcher,kazzak,288,hunter,beastmastery,6,3,3
Akahr,thrall,288,hunter,beastmastery,6,3,3
Hugechode,kazzak,288,hunter,beastmastery,6,3,3
Оркос,deathweaver,288,hunter,beastmastery,6,3,3
Kxx,kazzak,288,hunter,beastmastery,6,3,3
Saîtek,chogall,288,hunter,beastmastery,6,3,3
Varøsch,thrall,288,hunter,beastmastery,6,3,3
Gaiä,sanguino,288,hunter,beastmastery,6,3,3
Maríschká,amanthul,288,hunter,beastmastery,6,3,3
Шеннокс,howling-fjord,288,hunter,beastmastery,6,3,3
Zoophobiaqt,silvermoon,288,hunter,beastmastery,6,3,3
Bârli,amanthul,288,hunter,beastmastery,6,3,3
Japuog,kazzak,288,hunter,beastmastery,6,3,3
Наладдчик,howling-fjord,288,hunter,beastmastery,6,3,3
Демела,gordunni,288,hunter,beastmastery,6,3,3
Whitehor,ragnaros,288,hunter,beastmastery,6,3,3
Доррети,howling-fjord,288,hunter,beastmastery,6,3,3
Katzchen,burning-legion,288,hunter,beastmastery,6,3,3
Колтрэйнборз,blackscar,288,hunter,beastmastery,6,3,3
Yümekø,khaz-modan,288,hunter,beastmastery,6,3,3
Трапавграунд,howling-fjord,288,hunter,beastmastery,6,3,3
Ðøømsðay,sanguino,288,hunter,beastmastery,6,3,3
Keyshu,die-aldor,288,hunter,beastmastery,6,3,3
Zdravkomamic,kazzak,288,hunter,beastmastery,6,3,3
Visas,burning-legion,288,hunter,beastmastery,6,3,3
Fedya,kazzak,288,hunter,beastmastery,6,3,3
Будкусломаю,grom,288,hunter,beastmastery,6,3,3
Ówl,silvermoon,288,hunter,beastmastery,6,3,3
Kragán,silvermoon,288,hunter,beastmastery,6,3,3
Рофшор,gordunni,288,hunter,beastmastery,6,3,3
Ekz,twisting-nether,288,hunter,beastmastery,6,3,3
Bâng,zuljin,288,hunter,beastmastery,6,3,3
Kondirox,twisting-nether,288,hunter,beastmastery,6,3,3
Abonah,khaz-modan,288,hunter,beastmastery,6,3,3
Thieuu,twisting-nether,288,hunter,beastmastery,6,3,3
Mjkhunt,tarren-mill,288,hunter,beastmastery,6,3,3
Barrybigtoe,tarren-mill,288,hunter,beastmastery,6,3,3
Hexorn,ysondre,288,hunter,beastmastery,6,3,3
Lïîlÿ,ysondre,288,hunter,beastmastery,6,3,3
Djihadi,ysondre,288,hunter,beastmastery,6,3,3
Shimzz,twisting-nether,288,hunter,beastmastery,6,3,3
Katana,stormreaver,288,hunter,beastmastery,6,3,3
Скукота,grom,288,hunter,beastmastery,6,3,3
Shedzargo,twisting-nether,288,hunter,beastmastery,6,3,3
Natchell,ysondre,288,hunter,beastmastery,6,3,3
Verøx,kazzak,288,hunter,beastmastery,6,3,3
Anayhh,dun-modr,288,hunter,beastmastery,6,3,3
Lûnelle,argent-dawn,288,hunter,beastmastery,6,3,3
Nathah,burning-legion,288,hunter,beastmastery,6,3,3
Микихаса,galakrond,288,hunter,beastmastery,6,3,3
Кискавтесте,gordunni,288,hunter,beastmastery,6,3,3
Anthorio,cthun,288,hunter,beastmastery,6,3,3
Ileira,blackmoore,288,hunter,beastmastery,6,3,3
Козладой,gordunni,288,hunter,beastmastery,6,3,3
Anhur,blackmoore,288,hunter,beastmastery,6,3,3
Djtrapyasis,blackmoore,288,hunter,beastmastery,6,3,3
Bawzé,archimonde,288,hunter,beastmastery,6,3,3
Calyssae,shattered-halls,288,hunter,beastmastery,6,3,3
Nizzoz,blackmoore,288,hunter,beastmastery,6,3,3
Scartet,blackmoore,288,hunter,beastmastery,6,3,3
Боураш,gordunni,288,hunter,beastmastery,6,3,3
Kronkh,nemesis,288,hunter,beastmastery,6,3,3
Lunastrike,frostwolf,288,hunter,beastmastery,6,3,3
Huntinger,silvermoon,288,hunter,beastmastery,6,3,3
Nervetøxin,ravencrest,288,hunter,beastmastery,6,3,3
Prurt,pozzo-delleternità,288,hunter,beastmastery,6,3,3
Стингергодх,gordunni,288,hunter,beastmastery,6,3,3
Sugutor,malfurion,288,hunter,beastmastery,6,3,3
Taurïel,stormscale,288,hunter,beastmastery,6,3,3
Blazeblue,hyjal,288,hunter,beastmastery,6,3,3
Kyudoka,sylvanas,288,hunter,beastmastery,6,3,3
Daela,elune,288,hunter,beastmastery,6,3,3
Enthur,sylvanas,288,hunter,beastmastery,6,3,3
Arsola,sylvanas,288,hunter,beastmastery,6,3,3
Kelp,silvermoon,288,hunter,beastmastery,6,3,3
Svinrbglol,arygos,288,hunter,beastmastery,6,3,3
Lioneli,sylvanas,288,hunter,beastmastery,6,3,3
Bugspitz,outland,288,hunter,beastmastery,6,3,3
Pêvépê,silvermoon,288,hunter,beastmastery,6,3,3
Natashä,area-52,288,hunter,beastmastery,6,3,3
Fangzahn,aegwynn,288,hunter,beastmastery,6,3,3
Tukezz,outland,288,hunter,beastmastery,6,3,3
Lofiel,aegwynn,288,hunter,beastmastery,6,3,3
Mooj,malganis,288,hunter,beastmastery,6,3,3
Beefchops,draenor,288,hunter,beastmastery,6,3,3
Elbatale,sylvanas,288,hunter,beastmastery,6,3,3
Ostia,stormscale,288,hunter,beastmastery,6,3,3
Lowpital,hyjal,288,hunter,beastmastery,6,3,3
Imonér,frostmane,288,hunter,beastmastery,6,3,3
Yssup,frostmane,288,hunter,beastmastery,6,3,3
Sakaryali,silvermoon,288,hunter,beastmastery,6,3,3
Bòw,antonidas,288,hunter,beastmastery,6,3,3
Szrek,frostmane,288,hunter,beastmastery,6,3,3
Káfros,ravencrest,288,hunter,beastmastery,6,3,3
Eveo,antonidas,288,hunter,beastmastery,6,3,3
Humanoidorc,the-maelstrom,288,hunter,beastmastery,6,3,3
Kanwfulldmg,stormscale,288,hunter,beastmastery,6,3,3
Nestereo,zirkel-des-cenarius,288,hunter,beastmastery,6,3,3
Shtooko,conseil-des-ombres,288,hunter,beastmastery,6,3,3
Hallem,karazhan,288,hunter,beastmastery,6,3,3
Nastynutshot,stormscale,288,hunter,beastmastery,6,3,3
Aimshot,ravencrest,288,hunter,beastmastery,6,3,3
Trapbing,ravencrest,288,hunter,beastmastery,6,3,3
Ragingdragon,turalyon,288,hunter,beastmastery,6,3,3
Анастазис,soulflayer,288,hunter,beastmastery,6,3,3
Ritmkesh,draenor,288,hunter,beastmastery,6,3,3
Skrag,outland,288,hunter,beastmastery,6,3,3
Tonttulul,draenor,288,hunter,beastmastery,6,3,3
Hinorist,ravencrest,288,hunter,beastmastery,6,3,3
Darthbow,outland,288,hunter,beastmastery,6,3,3
Tuturz,la-croisade-écarlate,288,hunter,beastmastery,6,3,3
Артекриогг,soulflayer,288,hunter,beastmastery,6,3,3
Chrønôs,archimonde,288,hunter,beastmastery,6,3,3
Darkdrais,archimonde,288,hunter,beastmastery,6,3,3
Lookmyezzy,ravencrest,288,hunter,beastmastery,6,3,3
Sebikh,ravencrest,288,hunter,beastmastery,6,3,3
Zyhraa,ravencrest,288,hunter,beastmastery,6,3,3
Haeero,archimonde,288,hunter,beastmastery,6,3,3
Batony,ravencrest,288,hunter,beastmastery,6,3,3
Chasseeur,archimonde,288,hunter,beastmastery,6,3,3
Popofles,outland,288,hunter,beastmastery,6,3,3
Weedonyhunt,hyjal,288,hunter,beastmastery,6,3,3
Killkekmand,ravencrest,288,hunter,beastmastery,6,3,3
Люциферо,goldrinn,288,hunter,beastmastery,6,3,3
Isøbu,hyjal,288,hunter,beastmastery,6,3,3
Pispirelul,ravencrest,288,hunter,beastmastery,6,3,3
Digital,twisting-nether,288,hunter,beastmastery,9,4,5
Prossh,ravencrest,288,hunter,beastmastery,9,4,5
Heavenknøws,dun-modr,288,hunter,beastmastery,9,4,5
Хантероо,gordunni,288,hunter,beastmastery,8,3,5
Chêckpvp,outland,288,hunter,beastmastery,9,3,6
Frikandelli,outland,288,hunter,beastmastery,12,3,9
Дарцетос,greymane,288,hunter,beastmastery,12,3,9
Hante,ravencrest,288,hunter,beastmastery,12,3,9
Huntardxx,outland,288,hunter,beastmastery,12,3,9
Faelendal,darksorrow,288,hunter,beastmastery,12,3,9
Lethalhands,neptulon,288,hunter,beastmastery,12,3,9
Goosebite,ravencrest,288,hunter,beastmastery,12,3,9
Штейн,greymane,288,hunter,beastmastery,12,3,9
Szafri,draenor,288,hunter,beastmastery,12,3,9
Shadowmiz,shattered-hand,288,hunter,beastmastery,12,3,9
Götthunter,antonidas,288,hunter,beastmastery,12,3,9
Marusmaskin,kazzak,288,hunter,beastmastery,12,3,9
Kitrinos,silvermoon,288,hunter,beastmastery,12,3,9
Undefine,outland,288,hunter,beastmastery,12,3,9
Jellyfat,silvermoon,288,hunter,beastmastery,12,3,9
Krëmpai,frostmane,288,hunter,beastmastery,12,3,9
Kalá,defias-brotherhood,288,hunter,beastmastery,12,3,9
Drennak,kult-der-verdammten,288,hunter,beastmastery,12,3,9
Narziel,die-todeskrallen,288,hunter,beastmastery,12,3,9
Drherbs,bloodhoof,288,hunter,beastmastery,12,3,9
Хансбург,howling-fjord,288,hunter,beastmastery,12,3,9
Riik,ragnaros,288,hunter,beastmastery,12,3,9
Sabnak,burning-blade,288,hunter,beastmastery,12,3,9
Rrushi,argent-dawn,288,hunter,beastmastery,12,3,9
Mark,runetotem,288,hunter,beastmastery,12,3,9
Liikes,arygos,288,hunter,beastmastery,12,3,9
Teddy,perenolde,288,hunter,beastmastery,12,3,9
Demónhunter,frostmane,288,hunter,beastmastery,12,3,9
Drakess,daggerspine,288,hunter,beastmastery,12,3,9
Jamesbownd,ravencrest,288,hunter,beastmastery,12,3,9
Smitheye,argent-dawn,288,hunter,beastmastery,12,3,9
Xoarqt,aegwynn,288,hunter,beastmastery,12,3,9
Elgreedo,sylvanas,288,hunter,beastmastery,12,3,9
Mârked,argent-dawn,288,hunter,beastmastery,12,3,9
Chambiann,tarren-mill,288,hunter,beastmastery,12,3,9
Panlong,tarren-mill,288,hunter,beastmastery,12,3,9
Phillon,blackrock,288,hunter,beastmastery,12,3,9
Spakster,blackrock,288,hunter,beastmastery,12,3,9
Ímpulsion,stormscale,288,hunter,beastmastery,12,3,9
Deathshots,ravencrest,288,hunter,beastmastery,12,3,9
Perkxd,stormscale,288,hunter,beastmastery,12,3,9
Squidy,archimonde,288,hunter,beastmastery,12,3,9
Shalinda,azshara,288,hunter,beastmastery,12,3,9
Дварфмэн,gordunni,288,hunter,beastmastery,13,3,10
Bloodkillzz,ragnaros,287,hunter,beastmastery,6,3,3
Oatmeal,dun-morogh,287,hunter,beastmastery,12,3,9
Jazminluv,blackrock,287,hunter,beastmastery,12,3,9
Anghron,minahonda,287,hunter,beastmastery,12,3,9
Промахнулся,gordunni,287,hunter,beastmastery,12,3,9
Voraxh,draenor,287,hunter,beastmastery,12,3,9
Ârhya,ysondre,286,hunter,beastmastery,12,3,9
Snehvit,bloodhoof,285,hunter,beastmastery,18,3,15
Uab,dun-morogh,283,hunter,beastmastery,18,3,15
Trapgodz,ragnaros,271,hunter,beastmastery,11,3,8
Lightrandom,kazzak,269,hunter,beastmastery,11,3,8
Ватмано,gordunni,255,hunter,beastmastery,8,4,4
Huntercheese,ravencrest,255,hunter,beastmastery,11,3,8
Sarblade,bronze-dragonflight,255,hunter,beastmastery,11,3,8
Guna,aggra-português,255,hunter,beastmastery,11,3,8
Shoothim,destromath,254,hunter,beastmastery,8,4,4
Кулерквест,soulflayer,240,hunter,beastmastery,9,3,6
Kasyuo,outland,239,hunter,beastmastery,5,3,2
Zion,kul-tiras,239,hunter,beastmastery,5,3,2
Huntinger,twisting-nether,234,hunter,beastmastery,10,5,5
Слышумертвых,gordunni,234,hunter,beastmastery,15,5,10
Snakepit,archimonde,234,hunter,beastmastery,17,4,13
Random,sylvanas,224,hunter,beastmastery,8,4,4
Insólitø,sanguino,224,hunter,beastmastery,16,3,13
Shagora,dalaran,223,hunter,beastmastery,8,3,5
Fineas,theradras,192,hunter,beastmastery,4,3,1
Willzz,ravencrest,192,hunter,beastmastery,6,2,4
Nikzeubii,archimonde,192,hunter,beastmastery,6,2,4
Longblow,outland,192,hunter,beastmastery,6,2,4
Pzz,archimonde,192,hunter,beastmastery,6,2,4
Dola,archimonde,192,hunter,beastmastery,6,2,4
Lágåta,outland,192,hunter,beastmastery,6,2,4
Phantoprowl,stormscale,192,hunter,beastmastery,6,2,4
Gunforhire,ravencrest,192,hunter,beastmastery,6,2,4
Bethenny,draenor,192,hunter,beastmastery,6,2,4
Bówyóurfácé,outland,192,hunter,beastmastery,6,2,4
Korrekt,stormscale,192,hunter,beastmastery,6,2,4
Waveshoot,hyjal,192,hunter,beastmastery,6,2,4
Ренектон,soulflayer,192,hunter,beastmastery,6,2,4
Diabloiv,doomhammer,192,hunter,beastmastery,6,2,4
Dogstrust,stormscale,192,hunter,beastmastery,6,2,4
Retropunk,ravencrest,192,hunter,beastmastery,6,2,4
Sarbacanes,hyjal,192,hunter,beastmastery,6,2,4
Snakepit,stormscale,192,hunter,beastmastery,6,2,4
Kuzes,ravencrest,192,hunter,beastmastery,6,2,4
Застрельщикц,soulflayer,192,hunter,beastmastery,6,2,4
Álfié,ravencrest,192,hunter,beastmastery,6,2,4
Brindefolìe,archimonde,192,hunter,beastmastery,6,2,4
Сайнтификх,eversong,192,hunter,beastmastery,6,2,4
Deathhowl,stormscale,192,hunter,beastmastery,6,2,4
Sotu,stormscale,192,hunter,beastmastery,6,2,4
Hvaskøduenme,stormscale,192,hunter,beastmastery,6,2,4
Aughtism,turalyon,192,hunter,beastmastery,6,2,4
Dentaar,draenor,192,hunter,beastmastery,6,2,4
Sarganno,archimonde,192,hunter,beastmastery,6,2,4
Atylla,ravencrest,192,hunter,beastmastery,6,2,4
Спелла,goldrinn,192,hunter,beastmastery,6,2,4
Samasukë,grim-batol,192,hunter,beastmastery,6,2,4
Ataxyjr,ravencrest,192,hunter,beastmastery,6,2,4
Фэйсконтроль,azuregos,192,hunter,beastmastery,6,2,4
Curtiss,sanguino,192,hunter,beastmastery,6,2,4
Хароко,gordunni,192,hunter,beastmastery,6,2,4
Bodytypedog,ragnaros,192,hunter,beastmastery,6,2,4
Stronkbeast,kazzak,192,hunter,beastmastery,6,2,4
Gukéx,stormscale,192,hunter,beastmastery,6,2,4
Miesmuschel,guldan,192,hunter,beastmastery,6,2,4
Fofoulinaki,silvermoon,192,hunter,beastmastery,6,2,4
Кэрнел,gordunni,192,hunter,beastmastery,6,2,4
Legolex,burning-blade,192,hunter,beastmastery,6,2,4
Киллкук,howling-fjord,192,hunter,beastmastery,6,2,4
Shademd,ahnqiraj,192,hunter,beastmastery,6,2,4
Sinsirellam,twisting-nether,192,hunter,beastmastery,6,2,4
Skalgor,thrall,192,hunter,beastmastery,6,2,4
Zarrøn,thrall,192,hunter,beastmastery,6,2,4
Mecamoot,drekthar,192,hunter,beastmastery,6,2,4
Faramír,azjolnerub,192,hunter,beastmastery,6,2,4
Mufassa,sinstralis,192,hunter,beastmastery,6,2,4
Jayyke,frostmane,192,hunter,beastmastery,6,2,4
Bæbåk,frostmane,192,hunter,beastmastery,6,2,4
Elionora,grim-batol,192,hunter,beastmastery,6,2,4
Chase,wildhammer,192,hunter,beastmastery,6,2,4
Deskö,shendralar,192,hunter,beastmastery,6,2,4
Maeba,shendralar,192,hunter,beastmastery,6,2,4
Wildwingsebb,nazjatar,192,hunter,beastmastery,6,2,4
Crostaws,terokkar,192,hunter,beastmastery,6,2,4
Iliketraps,blackmoore,192,hunter,beastmastery,6,2,4
Scycs,nazjatar,192,hunter,beastmastery,6,2,4
Patrouifort,ysondre,192,hunter,beastmastery,6,2,4
Não,onyxia,192,hunter,beastmastery,6,2,4
Holytrapqt,aegwynn,192,hunter,beastmastery,6,2,4
Teyo,blackhand,192,hunter,beastmastery,6,2,4
Foleck,aegwynn,192,hunter,beastmastery,6,2,4
Marryme,blackhand,192,hunter,beastmastery,6,2,4
Silencxz,aegwynn,192,hunter,beastmastery,6,2,4
Díkembe,aegwynn,192,hunter,beastmastery,6,2,4
Myoui,silvermoon,192,hunter,beastmastery,6,2,4
Bernhardoder,blackhand,192,hunter,beastmastery,6,2,4
Pets,aegwynn,192,hunter,beastmastery,6,2,4
Progh,ragnaros,192,hunter,beastmastery,6,2,4
Starkt,ragnaros,192,hunter,beastmastery,6,2,4
Lootgobbo,antonidas,192,hunter,beastmastery,6,2,4
Zetaph,argent-dawn,192,hunter,beastmastery,6,2,4
Privelle,argent-dawn,192,hunter,beastmastery,6,2,4
Luuszapfae,aegwynn,192,hunter,beastmastery,6,2,4
Nerfit,argent-dawn,192,hunter,beastmastery,6,2,4
Gunmeister,bronzebeard,192,hunter,beastmastery,6,2,4
Avp,sylvanas,192,hunter,beastmastery,6,2,4
Kirinó,ragnaros,192,hunter,beastmastery,6,2,4
Zulldek,sanguino,192,hunter,beastmastery,6,2,4
Vadász,chamber-of-aspects,192,hunter,beastmastery,6,2,4
Níne,sylvanas,192,hunter,beastmastery,6,2,4
Ядрис,gordunni,192,hunter,beastmastery,6,2,4
Wülfhart,argent-dawn,192,hunter,beastmastery,6,2,4
Naid,lordaeron,192,hunter,beastmastery,6,2,4
Droz,blackmoore,192,hunter,beastmastery,6,2,4
Comegetme,auchindoun,192,hunter,beastmastery,6,2,4
Feedbackloop,silvermoon,192,hunter,beastmastery,6,2,4
Wolfariana,chamber-of-aspects,192,hunter,beastmastery,6,2,4
Yakayoshi,kazzak,192,hunter,beastmastery,6,2,4
Vör,drakthul,192,hunter,beastmastery,6,2,4
Korlog,kragjin,192,hunter,beastmastery,6,2,4
Azahunt,kazzak,192,hunter,beastmastery,6,2,4
Arykes,drakthul,192,hunter,beastmastery,6,2,4
Kabá,eredar,192,hunter,beastmastery,6,2,4
Lersey,blackmoore,192,hunter,beastmastery,6,2,4
As,kazzak,192,hunter,beastmastery,6,2,4
Bradunov,sylvanas,192,hunter,beastmastery,6,2,4
Гусецап,gordunni,192,hunter,beastmastery,6,2,4
Sylasteria,twisting-nether,192,hunter,beastmastery,6,2,4
Gandro,blackmoore,192,hunter,beastmastery,6,2,4
Какулимёт,gordunni,192,hunter,beastmastery,6,2,4
Thecorruptor,skullcrusher,192,hunter,beastmastery,6,2,4
Elastaplast,thunderhorn,192,hunter,beastmastery,6,2,4
Dragoki,blackmoore,192,hunter,beastmastery,6,2,4
Doraxa,sanguino,192,hunter,beastmastery,6,2,4
Mâgnesium,blackmoore,192,hunter,beastmastery,6,2,4
Talanar,tarren-mill,192,hunter,beastmastery,6,2,4
Avâlos,dentarg,192,hunter,beastmastery,6,2,4
Фломидзе,gordunni,192,hunter,beastmastery,6,2,4
Cøkø,sanguino,192,hunter,beastmastery,6,2,4
Вентрана,gordunni,192,hunter,beastmastery,6,2,4
Шимэйла,gordunni,192,hunter,beastmastery,6,2,4
Jarran,karazhan,192,hunter,beastmastery,6,2,4
Риперквин,gordunni,192,hunter,beastmastery,6,2,4
Phyllobates,blackrock,192,hunter,beastmastery,6,2,4
Annababygirl,silvermoon,192,hunter,beastmastery,6,2,4
Xeragon,frostwolf,192,hunter,beastmastery,6,2,4
Ancalarion,tarren-mill,192,hunter,beastmastery,6,2,4
Хихихихх,gordunni,192,hunter,beastmastery,6,2,4
Ототрал,gordunni,192,hunter,beastmastery,6,2,4
Abraxan,twisting-nether,192,hunter,beastmastery,6,2,4
Nythilia,blackrock,192,hunter,beastmastery,6,2,4
Brummel,frostwolf,192,hunter,beastmastery,6,2,4
Earfalass,twisting-nether,192,hunter,beastmastery,6,2,4
Aliyaan,twisting-nether,192,hunter,beastmastery,6,2,4
Травок,gordunni,192,hunter,beastmastery,6,2,4
Lifeiscool,drakthul,192,hunter,beastmastery,6,2,4
Raztreadör,dun-modr,192,hunter,beastmastery,6,2,4
Nómarak,drakthul,192,hunter,beastmastery,6,2,4
Dahunter,blackmoore,192,hunter,beastmastery,6,2,4
Жабра,gordunni,192,hunter,beastmastery,11,3,8
Куджикс,soulflayer,192,hunter,beastmastery,19,4,15
Psailaa,azjolnerub,192,hunter,beastmastery,12,2,10
Calesthas,tarren-mill,192,hunter,beastmastery,12,2,10
Bleidarabm,silvermoon,192,hunter,beastmastery,12,2,10
Schräubchen,antonidas,192,hunter,beastmastery,12,2,10
Willýs,ysondre,192,hunter,beastmastery,12,2,10
Pôîson,kazzak,192,hunter,beastmastery,12,2,10
Dorakor,ysondre,192,hunter,beastmastery,12,2,10
Samodiva,twisting-nether,192,hunter,beastmastery,12,2,10
Elja,laughing-skull,192,hunter,beastmastery,12,2,10
Фомкалол,howling-fjord,192,hunter,beastmastery,12,2,10
Waraëlle,dalaran,192,hunter,beastmastery,12,2,10
Hiphophunter,thunderhorn,192,hunter,beastmastery,12,2,10
Bloodking,madmortem,192,hunter,beastmastery,12,2,10
Jeddaj,stormscale,192,hunter,beastmastery,12,2,10
Tyronjr,tarren-mill,192,hunter,beastmastery,12,2,10
Slayman,kazzak,192,hunter,beastmastery,18,2,16
Сливочкии,goldrinn,191,hunter,beastmastery,6,2,4
Traknard,confrérie-du-thorium,191,hunter,beastmastery,6,2,4
Charlet,archimonde,191,hunter,beastmastery,6,2,4
Kizscamander,magtheridon,191,hunter,beastmastery,12,2,10
Aewena,hyjal,190,hunter,beastmastery,12,2,10
Masarusan,eredar,175,hunter,beastmastery,11,2,9
Eilosh,outland,160,hunter,beastmastery,10,2,8
Ripulianneli,stormscale,159,hunter,beastmastery,6,3,3
Rakmo,blackmoore,159,hunter,beastmastery,5,2,3
Dolwen,argent-dawn,159,hunter,beastmastery,5,2,3
Phinox,sanguino,159,hunter,beastmastery,11,2,9
Cadier,argent-dawn,144,hunter,beastmastery,3,3,0
Hakaîí,aegwynn,138,hunter,beastmastery,10,4,6
Tanteaab,blackmoore,138,hunter,beastmastery,11,4,7
Kauli,turalyon,138,hunter,beastmastery,9,3,6
Gzà,kazzak,138,hunter,beastmastery,17,4,13
Elnazar,archimonde,128,hunter,beastmastery,4,2,2
Иттириса,gordunni,128,hunter,beastmastery,4,2,2
Deathøfrats,ravencrest,128,hunter,beastmastery,4,2,2
Тауриэлль,soulflayer,126,hunter,beastmastery,21,7,14
Liscie,silvermoon,105,hunter,beastmastery,16,4,12
Anhyzer,nemesis,96,hunter,beastmastery,6,1,5
Женистайл,howling-fjord,96,hunter,beastmastery,6,1,5
Wórldz,dun-modr,96,hunter,beastmastery,6,1,5
Zulô,rexxar,96,hunter,beastmastery,6,1,5
Dasmusdrückn,antonidas,96,hunter,beastmastery,6,1,5
Hÿyrøk,ysondre,96,hunter,beastmastery,6,1,5
Drowranger,frostwolf,96,hunter,beastmastery,6,1,5
Сочнаятурель,howling-fjord,96,hunter,beastmastery,6,1,5
Táráh,proudmoore,96,hunter,beastmastery,6,1,5
Baldazr,shadowsong,96,hunter,beastmastery,6,1,5
Hntudwn,azshara,96,hunter,beastmastery,6,1,5
Valiriz,blackmoore,96,hunter,beastmastery,6,1,5
Zugzlug,tarren-mill,96,hunter,beastmastery,6,1,5
Runescimmy,twisting-nether,96,hunter,beastmastery,6,1,5
Jakuken,dun-modr,96,hunter,beastmastery,6,1,5
Øô,blackrock,96,hunter,beastmastery,6,1,5
Fizí,stormscale,96,hunter,beastmastery,6,1,5
Ventaric,pozzo-delleternità,96,hunter,beastmastery,6,1,5
Trollohunt,twisting-nether,96,hunter,beastmastery,6,1,5
Buoma,kazzak,96,hunter,beastmastery,6,1,5
Дочьпескова,gordunni,96,hunter,beastmastery,6,1,5
Teedfredd,tarren-mill,96,hunter,beastmastery,6,1,5
Hechozar,kazzak,96,hunter,beastmastery,6,1,5
Левери,gordunni,96,hunter,beastmastery,6,1,5
Syjinny,kazzak,96,hunter,beastmastery,6,1,5
Boudicok,archimonde,96,hunter,beastmastery,6,1,5
Bobletty,tarren-mill,96,hunter,beastmastery,6,1,5
Ichbringbier,blackrock,96,hunter,beastmastery,6,1,5
Bowlox,kazzak,96,hunter,beastmastery,6,1,5
Oou,auchindoun,96,hunter,beastmastery,6,1,5
Imahuntard,frostmane,96,hunter,beastmastery,6,1,5
Zurzok,blackrock,96,hunter,beastmastery,6,1,5
Weafster,outland,96,hunter,beastmastery,6,1,5
Буреклык,gordunni,96,hunter,beastmastery,6,1,5
Anun,magtheridon,96,hunter,beastmastery,6,1,5
Травмаопасен,gordunni,96,hunter,beastmastery,6,1,5
Пиппиракон,soulflayer,96,hunter,beastmastery,6,1,5
Nicoh,elune,96,hunter,beastmastery,6,1,5
Jozsiur,ragnaros,96,hunter,beastmastery,6,1,5
Gurkans,aggramar,96,hunter,beastmastery,6,1,5
Jâyranger,ravencrest,96,hunter,beastmastery,6,1,5
Achiles,die-todeskrallen,96,hunter,beastmastery,6,1,5
Derhùnethàl,hyjal,96,hunter,beastmastery,6,1,5
Traptard,blackrock,96,hunter,beastmastery,6,1,5
Jägerjokke,blackrock,96,hunter,beastmastery,6,1,5
Foxhunt,turalyon,96,hunter,beastmastery,6,1,5
Darts,outland,96,hunter,beastmastery,6,1,5
Sokrám,sanguino,96,hunter,beastmastery,6,1,5
Nätzz,dun-modr,96,hunter,beastmastery,6,1,5
Steez,hyjal,96,hunter,beastmastery,6,1,5
Zergst,nathrezim,96,hunter,beastmastery,6,1,5
Betarayjinx,kazzak,96,hunter,beastmastery,6,1,5
Jachu,blackhand,96,hunter,beastmastery,6,1,5
Grutoss,eredar,96,hunter,beastmastery,6,1,5
Rîsas,draenor,96,hunter,beastmastery,6,1,5
Akkixz,antonidas,96,hunter,beastmastery,6,1,5
Billythree,argent-dawn,96,hunter,beastmastery,6,1,5
Furiouslao,eredar,96,hunter,beastmastery,6,1,5
Ríse,blackhand,96,hunter,beastmastery,6,1,5
Noxll,gorgonnash,96,hunter,beastmastery,6,1,5
Exorbitant,blackrock,96,hunter,beastmastery,6,1,5
Xilo,eredar,96,hunter,beastmastery,6,1,5
Leviaa,argent-dawn,96,hunter,beastmastery,6,1,5
Clownchef,blackhand,96,hunter,beastmastery,6,1,5
Platano,hyjal,96,hunter,beastmastery,6,1,5
Vàlery,sanguino,96,hunter,beastmastery,6,1,5
Hashaya,hyjal,96,hunter,beastmastery,6,1,5
Opasan,nordrassil,96,hunter,beastmastery,6,1,5
Перидот,howling-fjord,96,hunter,beastmastery,6,1,5
Xåndra,sylvanas,96,hunter,beastmastery,6,1,5
Золларис,deathguard,96,hunter,beastmastery,6,1,5
Bloodfallen,onyxia,96,hunter,beastmastery,6,1,5
Odenssbest,silvermoon,96,hunter,beastmastery,6,1,5
Justchill,ravencrest,96,hunter,beastmastery,6,1,5
Furheious,archimonde,96,hunter,beastmastery,6,1,5
Bensoussan,archimonde,96,hunter,beastmastery,6,1,5
Drolarin,zuljin,96,hunter,beastmastery,6,1,5
Hairyplottér,kazzak,96,hunter,beastmastery,6,1,5
Rayana,garrosh,96,hunter,beastmastery,6,1,5
Nomorex,frostwhisper,96,hunter,beastmastery,6,1,5
Fakepvper,darksorrow,96,hunter,beastmastery,6,1,5
Darkray,dalaran,96,hunter,beastmastery,6,1,5
Zogzøg,draenor,96,hunter,beastmastery,6,1,5
Lebalaffré,arathi,96,hunter,beastmastery,6,1,5
Arthass,die-aldor,96,hunter,beastmastery,12,1,11
Johnnygnus,drakthul,96,hunter,beastmastery,12,1,11
Bladius,ragnaros,96,hunter,beastmastery,12,1,11
Tsyapka,tarren-mill,96,hunter,beastmastery,12,1,11
Schmaikell,blackmoore,96,hunter,beastmastery,12,1,11
Døgtamer,twisting-nether,96,hunter,beastmastery,12,1,11
Plagktos,conseil-des-ombres,96,hunter,beastmastery,12,1,11
Críted,blackmoore,96,hunter,beastmastery,12,1,11
Vandathien,stormrage,96,hunter,beastmastery,12,1,11
Сыньйорита,howling-fjord,96,hunter,beastmastery,12,1,11
Mistledove,lightbringer,96,hunter,beastmastery,12,1,11
Лиасон,howling-fjord,96,hunter,beastmastery,12,1,11
Thóorin,ravencrest,96,hunter,beastmastery,12,1,11
Milandria,antonidas,96,hunter,beastmastery,18,1,17
Халфен,eversong,79,hunter,beastmastery,5,1,4
Bmilfhunter,blackhand,64,hunter,beastmastery,4,1,3
Youngjinh,ravencrest,64,hunter,beastmastery,4,1,3
Acuatropatas,sanguino,64,hunter,beastmastery,4,1,3
Currahee,kirin-tor,64,hunter,beastmastery,4,1,3
Quiarà,elune,64,hunter,beastmastery,4,1,3
Yahamenistos,ysondre,64,hunter,beastmastery,4,1,3
Devilmilo,khaz-modan,48,hunter,beastmastery,3,1,2
Графруру,soulflayer,48,hunter,beastmastery,3,1,2
Illnysa,silvermoon,48,hunter,beastmastery,3,1,2
Biggbazzaa,aggramar,42,hunter,beastmastery,10,3,7
Melloy,drakthul,31,hunter,beastmastery,2,1,1
Рэттс,soulflayer,31,hunter,beastmastery,2,1,1
Martuk,aegwynn,31,hunter,beastmastery,2,1,1
Котюнечка,gordunni,31,hunter,beastmastery,2,1,1
Gwaan,outland,9,hunter,beastmastery,6,2,4
Проблембойх,gordunni,2059,mage,arcane,86,41,45
Cubis,archimonde,2016,mage,arcane,78,38,40
Aleç,ravencrest,1971,mage,arcane,66,33,33
Magegôd,outland,1969,mage,arcane,81,44,37
Aleteia,stormscale,1961,mage,arcane,82,41,41
Макотшельник,gordunni,1933,mage,arcane,36,26,10
Бигдикмаг,soulflayer,1921,mage,arcane,65,35,30
Boogeymanx,ravencrest,1886,mage,arcane,89,49,40
Choll,stormscale,1866,mage,arcane,30,20,10
Фоулли,howling-fjord,1862,mage,arcane,76,37,39
Wàneís,ravencrest,1843,mage,arcane,78,38,40
Castorcato,kazzak,1841,mage,arcane,60,34,26
Obbcontrol,ravencrest,1820,mage,arcane,84,45,39
Tokerlol,stormscale,1811,mage,arcane,221,122,99
Belthesad,twisting-nether,1806,mage,arcane,62,42,20
Lemaroxd,draenor,1801,mage,arcane,59,33,26
Bebenm,archimonde,1762,mage,arcane,105,47,58
Папущенный,soulflayer,1749,mage,arcane,97,51,46
Magijoana,silvermoon,1745,mage,arcane,50,26,24
Нефростмаг,gordunni,1743,mage,arcane,192,96,96
Frostseeker,tarren-mill,1731,mage,arcane,54,30,24
Tiqma,sylvanas,1730,mage,arcane,72,32,40
Derett,stormscale,1725,mage,arcane,48,22,26
Raíku,ravencrest,1723,mage,arcane,30,18,12
Сизаам,howling-fjord,1722,mage,arcane,53,31,22
Ephreaym,stormscale,1722,mage,arcane,95,43,52
Непутевыймаг,gordunni,1715,mage,arcane,24,23,1
Uskomaaginen,ravencrest,1713,mage,arcane,60,27,33
Waterhagx,tarren-mill,1712,mage,arcane,29,20,9
Mercem,stormscale,1711,mage,arcane,30,21,9
Burstology,kazzak,1711,mage,arcane,173,91,82
Persi,dentarg,1702,mage,arcane,192,97,95
Sallesauruus,outland,1700,mage,arcane,107,54,53
Nvpk,blackrock,1699,mage,arcane,54,29,25
Wracrz,argent-dawn,1696,mage,arcane,114,61,53
Shirrunn,the-maelstrom,1687,mage,arcane,38,19,19
Ecovation,tarren-mill,1685,mage,arcane,133,72,61
Dardíe,ravencrest,1681,mage,arcane,54,31,23
Shiranize,aegwynn,1676,mage,arcane,70,35,35
Fearbeäch,ravencrest,1666,mage,arcane,52,25,27
Dárdie,ravencrest,1662,mage,arcane,40,21,19
Alustrasz,skullcrusher,1659,mage,arcane,117,64,53
Astrryy,burning-legion,1650,mage,arcane,41,19,22
Covran,stormscale,1650,mage,arcane,65,29,36
Uknowhowwedu,blackrock,1649,mage,arcane,36,22,14
Radagulf,outland,1646,mage,arcane,150,74,76
Nelg,silvermoon,1635,mage,arcane,72,46,26
Absie,tarren-mill,1631,mage,arcane,78,51,27
Sérc,ravencrest,1626,mage,arcane,30,17,13
Медивера,gordunni,1622,mage,arcane,24,17,7
Orkamor,sylvanas,1622,mage,arcane,42,17,25
Antaos,drakthul,1612,mage,arcane,84,52,32
Barbeuqx,garona,1610,mage,arcane,167,88,79
Димаскунфу,howling-fjord,1594,mage,arcane,70,32,38
Манкай,fordragon,1574,mage,arcane,278,148,130
Vxvfrowstxvx,jaedenar,1519,mage,arcane,54,29,25
Poochmage,archimonde,1516,mage,arcane,66,31,35
Angryalways,stormscale,1500,mage,arcane,30,16,14
Råståfåri,uldum,1490,mage,arcane,107,60,47
Akâri,silvermoon,1487,mage,arcane,92,56,36
Samirra,stormscale,1487,mage,arcane,72,38,34
Nakamura,outland,1486,mage,arcane,344,171,173
Даанрен,galakrond,1484,mage,arcane,48,21,27
Ímnotback,outland,1472,mage,arcane,135,67,68
Magikere,tarren-mill,1456,mage,arcane,125,76,49
Portal,scarshield-legion,1446,mage,arcane,48,27,21
Ahstin,teldrassil,1444,mage,arcane,24,18,6
Шттрвблнкт,soulflayer,1443,mage,arcane,103,48,55
Ogarcanefist,outland,1424,mage,arcane,69,35,34
Barspin,lightnings-blade,1414,mage,arcane,112,60,52
Раканчик,gordunni,1406,mage,arcane,86,42,44
Másterdukè,silvermoon,1406,mage,arcane,75,33,42
Sukalamink,alonsus,1405,mage,arcane,48,22,26
Lusionator,defias-brotherhood,1394,mage,arcane,54,31,23
Ekron,sanguino,1391,mage,arcane,439,218,221
Tokyodes,twisting-nether,1389,mage,arcane,143,73,70
Hâplo,burning-legion,1387,mage,arcane,54,33,21
Diper,burning-legion,1379,mage,arcane,41,18,23
Sapien,sanguino,1373,mage,arcane,64,27,37
Elor,eredar,1361,mage,arcane,39,20,19
Azuredragon,tarren-mill,1361,mage,arcane,61,30,31
Leanboy,dun-modr,1353,mage,arcane,55,24,31
Rmnzr,blackrock,1353,mage,arcane,36,15,21
Ðøæø,twisting-nether,1346,mage,arcane,93,46,47
Tnhigh,blackrock,1343,mage,arcane,57,31,26
Рбгпотаскуха,gordunni,1337,mage,arcane,18,14,4
Sszz,ravencrest,1335,mage,arcane,257,139,118
Arkeus,turalyon,1333,mage,arcane,47,30,17
Trucy,eredar,1332,mage,arcane,174,82,92
Sÿmera,dun-modr,1331,mage,arcane,36,14,22
Radiantfury,outland,1330,mage,arcane,24,14,10
Fadi,anachronos,1325,mage,arcane,30,14,16
Krykz,sanguino,1321,mage,arcane,60,26,34
Aloxigozal,shendralar,1320,mage,arcane,18,14,4
Faxchungus,argent-dawn,1317,mage,arcane,30,19,11
Jhawkwizard,draenor,1314,mage,arcane,274,138,136
Paradigma,sylvanas,1305,mage,arcane,30,14,16
Манаманна,gordunni,1302,mage,arcane,500,251,249
Nefrendel,kazzak,1299,mage,arcane,91,45,46
Beardmorph,auchindoun,1299,mage,arcane,35,16,19
Валбериса,deepholm,1298,mage,arcane,60,39,21
Mäalaka,archimonde,1289,mage,arcane,42,16,26
Pradapimp,ravencrest,1286,mage,arcane,32,15,17
Nimdáá,stormscale,1286,mage,arcane,54,24,30
Venchimage,silvermoon,1284,mage,arcane,62,26,36
Nïo,ravencrest,1283,mage,arcane,104,44,60
Estelliên,burning-legion,1273,mage,arcane,27,14,13
Noarcane,twisting-nether,1265,mage,arcane,111,65,46
Moxine,la-croisade-écarlate,1261,mage,arcane,77,36,41
Sadrã,kazzak,1247,mage,arcane,69,30,39
Яшабурстх,blackscar,1246,mage,arcane,30,13,17
Jînexo,shattrath,1243,mage,arcane,30,13,17
Нормалмап,soulflayer,1243,mage,arcane,54,21,33
Meolchum,outland,1237,mage,arcane,45,22,23
Nécrømage,confrérie-du-thorium,1235,mage,arcane,18,13,5
Léa,rashgarroth,1235,mage,arcane,48,21,27
Scaleeth,kazzak,1233,mage,arcane,30,13,17
Æones,kult-der-verdammten,1233,mage,arcane,36,13,23
Wolftemper,ravencrest,1232,mage,arcane,66,29,37
Rayniß,blackmoore,1229,mage,arcane,18,13,5
Rezre,stormscale,1212,mage,arcane,60,31,29
Айсъмэджик,azuregos,1212,mage,arcane,77,37,40
Kazeen,silvermoon,1211,mage,arcane,82,45,37
Säga,the-venture-co,1210,mage,arcane,130,61,69
Канеллис,howling-fjord,1197,mage,arcane,37,14,23
Hruon,ravenholdt,1195,mage,arcane,30,14,16
Bananflickan,kazzak,1189,mage,arcane,96,53,43
Xiaomofashi,quelthalas,1188,mage,arcane,126,62,64
Ozdewish,hyjal,1183,mage,arcane,118,55,63
Весиал,deathguard,1176,mage,arcane,130,63,67
Romethito,dun-modr,1161,mage,arcane,47,21,26
Scaless,stormscale,1157,mage,arcane,52,19,33
Demizboub,archimonde,1154,mage,arcane,168,85,83
Gorn,ravencrest,1150,mage,arcane,48,28,20
Knúbbz,ravencrest,1147,mage,arcane,36,12,24
Vaelwin,argent-dawn,1145,mage,arcane,42,21,21
Minglul,archimonde,1142,mage,arcane,24,12,12
Malshash,outland,1128,mage,arcane,24,14,10
Ihatemages,stormreaver,1113,mage,arcane,30,13,17
Kobrass,spinebreaker,1111,mage,arcane,36,12,24
Hardways,archimonde,1109,mage,arcane,153,67,86
Burnqq,twisting-nether,1101,mage,arcane,77,37,40
Sulteaxion,garrosh,1085,mage,arcane,24,12,12
Nelfchewer,ravencrest,1068,mage,arcane,23,12,11
Fôôxy,aegwynn,1059,mage,arcane,36,16,20
Iwannakissu,gorgonnash,1053,mage,arcane,83,43,40
Gnarrly,tarren-mill,1052,mage,arcane,21,11,10
Bullegong,archimonde,1052,mage,arcane,24,11,13
Mannenye,stormscale,1052,mage,arcane,35,13,22
Soulraider,tarren-mill,1050,mage,arcane,24,11,13
Roulettefar,kazzak,1038,mage,arcane,24,11,13
Plor,exodar,1019,mage,arcane,26,13,13
Roughfked,silvermoon,1002,mage,arcane,53,31,22
Mylord,bronze-dragonflight,993,mage,arcane,53,21,32
Дантрий,gordunni,985,mage,arcane,30,16,14
Кронни,razuvious,979,mage,arcane,23,11,12
Sosîbîos,blackmoore,965,mage,arcane,24,13,11
Banjó,twilights-hammer,959,mage,arcane,12,10,2
Arcticfury,ravencrest,959,mage,arcane,18,10,8
Magiwan,silvermoon,959,mage,arcane,30,10,20
Jamzymage,emerald-dream,958,mage,arcane,15,11,4
Иссэя,borean-tundra,954,mage,arcane,37,21,16
Khadgia,argent-dawn,953,mage,arcane,18,10,8
Чобон,soulflayer,952,mage,arcane,30,10,20
Дырявка,galakrond,949,mage,arcane,30,10,20
Zezt,tarren-mill,939,mage,arcane,30,10,20
Syltris,drakthul,930,mage,arcane,48,19,29
Вадимодесса,soulflayer,925,mage,arcane,67,33,34
Elvesnomage,sylvanas,920,mage,arcane,36,12,24
Frostdeath,medivh,906,mage,arcane,24,10,14
Исусина,borean-tundra,877,mage,arcane,23,11,12
Fuhry,tarren-mill,864,mage,arcane,12,9,3
Puni,emerald-dream,864,mage,arcane,12,9,3
Uknowhowwedu,aegwynn,864,mage,arcane,12,9,3
Techies,archimonde,863,mage,arcane,12,9,3
Letsa,stormscale,863,mage,arcane,12,9,3
Arcann,ravencrest,863,mage,arcane,18,9,9
Superduck,ragnaros,863,mage,arcane,24,9,15
Mðj,kazzak,862,mage,arcane,24,9,15
Сморгонец,gordunni,856,mage,arcane,26,11,15
Kaevelin,argent-dawn,852,mage,arcane,24,9,15
Angélique,ragnaros,852,mage,arcane,30,9,21
Merlïne,les-clairvoyants,838,mage,arcane,72,31,41
Modjahead,tarren-mill,822,mage,arcane,29,9,20
Mageé,argent-dawn,807,mage,arcane,23,9,14
Neséri,blackmoore,800,mage,arcane,22,9,13
Vaerén,malganis,781,mage,arcane,19,9,10
Zimbabweborc,burning-legion,768,mage,arcane,12,8,4
Jukedstreet,outland,768,mage,arcane,18,8,10
Jayhó,outland,767,mage,arcane,12,8,4
Aristarco,outland,767,mage,arcane,18,8,10
Zehnvonzehn,antonidas,767,mage,arcane,18,8,10
Sydrel,ragnaros,765,mage,arcane,12,8,4
Aeghis,darkspear,765,mage,arcane,18,8,10
Diaflash,silvermoon,752,mage,arcane,41,15,26
Sticlachivas,stormscale,730,mage,arcane,23,8,15
Dcolon,tarren-mill,719,mage,arcane,17,8,9
Freshforces,ragnaros,703,mage,arcane,22,8,14
Nelluc,turalyon,702,mage,arcane,14,8,6
Pyroden,stormscale,700,mage,arcane,20,8,12
Inaruy,hyjal,672,mage,arcane,12,7,5
Doryy,silvermoon,672,mage,arcane,12,7,5
Млдбоярин,gordunni,672,mage,arcane,12,7,5
Aletheía,stormscale,672,mage,arcane,12,7,5
Jengele,argent-dawn,672,mage,arcane,12,7,5
Wanrltw,ragnaros,672,mage,arcane,12,7,5
Pizwiz,kazzak,672,mage,arcane,16,8,8
Ignyx,ragnaros,672,mage,arcane,24,7,17
Nötmârtònxø,ragnaros,671,mage,arcane,12,7,5
Adetin,tarren-mill,671,mage,arcane,12,7,5
Kaelasha,magtheridon,671,mage,arcane,18,7,11
Thorstäin,ragnaros,670,mage,arcane,18,7,11
Itzlucky,twisting-nether,670,mage,arcane,18,7,11
Mortlol,chamber-of-aspects,667,mage,arcane,18,7,11
Milton,dunemaul,666,mage,arcane,30,7,23
Зухвала,howling-fjord,655,mage,arcane,29,8,21
Brugg,antonidas,651,mage,arcane,18,7,11
Odor,haomarush,647,mage,arcane,18,7,11
Nergl,darksorrow,623,mage,arcane,27,7,20
Sheepthroat,forscherliga,576,mage,arcane,6,6,0
Pyllymake,kazzak,576,mage,arcane,12,6,6
Chrome,ysondre,576,mage,arcane,12,6,6
Яайку,gordunni,576,mage,arcane,18,6,12
Meisterg,frostwolf,575,mage,arcane,9,7,2
Apc,sylvanas,575,mage,arcane,12,6,6
Tarovan,defias-brotherhood,575,mage,arcane,12,6,6
Spicymash,chogall,575,mage,arcane,12,6,6
Aod,chogall,575,mage,arcane,12,6,6
Shõrty,thrall,575,mage,arcane,12,6,6
Mysticbeard,argent-dawn,575,mage,arcane,12,6,6
Карраско,soulflayer,575,mage,arcane,12,6,6
ßjwercke,stormscale,575,mage,arcane,18,6,12
Окости,howling-fjord,574,mage,arcane,12,6,6
Sarjeta,grim-batol,572,mage,arcane,18,6,12
Corlys,defias-brotherhood,569,mage,arcane,12,6,6
Leil,die-todeskrallen,569,mage,arcane,24,6,18
Héstia,sylvanas,544,mage,arcane,10,6,4
Sparrowixx,turalyon,537,mage,arcane,14,7,7
Seraf,argent-dawn,496,mage,arcane,13,6,7
Línus,twisting-nether,480,mage,arcane,6,5,1
Tamtheone,frostwhisper,480,mage,arcane,6,5,1
Liga,outland,480,mage,arcane,6,5,1
Alarak,drakthul,480,mage,arcane,12,5,7
Auchenax,argent-dawn,480,mage,arcane,12,5,7
Médivh,archimonde,480,mage,arcane,12,5,7
Barryscótt,stormscale,480,mage,arcane,12,5,7
Magevnr,hyjal,480,mage,arcane,12,5,7
Pwntt,terenas,480,mage,arcane,12,5,7
Ледянойкекс,gordunni,480,mage,arcane,18,5,13
Skankengine,twisting-nether,479,mage,arcane,6,5,1
Ewina,twisting-nether,479,mage,arcane,6,5,1
Winterblues,frostmourne,479,mage,arcane,12,5,7
Insømnium,stormscale,479,mage,arcane,12,5,7
Gripe,defias-brotherhood,478,mage,arcane,6,5,1
Bogher,pozzo-delleternità,472,mage,arcane,12,5,7
Apollohouse,ravencrest,384,mage,arcane,6,4,2
Frostandrew,twisting-nether,384,mage,arcane,6,4,2
Hexmath,tarren-mill,384,mage,arcane,6,4,2
Harpelmage,auchindoun,384,mage,arcane,6,4,2
Мглавечная,azuregos,384,mage,arcane,6,4,2
Yunox,stormscale,384,mage,arcane,6,4,2
Rizzlybear,outland,384,mage,arcane,6,4,2
Wizkhafury,ravencrest,384,mage,arcane,6,4,2
Ccxz,draenor,384,mage,arcane,6,4,2
Boogeyone,drakthul,384,mage,arcane,12,4,8
Zoot,ravencrest,384,mage,arcane,12,4,8
Zgnilakus,burning-legion,384,mage,arcane,12,4,8
Uní,emerald-dream,384,mage,arcane,12,4,8
Isralysa,ravencrest,384,mage,arcane,12,4,8
Cysbb,arathi,384,mage,arcane,12,4,8
Mupana,nagrand,384,mage,arcane,12,4,8
Reiggo,silvermoon,383,mage,arcane,6,4,2
Динэй,blackscar,383,mage,arcane,6,4,2
Mikaelà,blackmoore,383,mage,arcane,6,4,2
Némmesis,zuljin,378,mage,arcane,12,4,8
Bigshape,frostwolf,351,mage,arcane,11,4,7
Gypsymagic,doomhammer,351,mage,arcane,14,5,9
Roxolani,defias-brotherhood,303,mage,arcane,14,4,10
Мактай,gordunni,288,mage,arcane,6,3,3
Euphorie,twisting-nether,288,mage,arcane,6,3,3
Колдрагос,gordunni,288,mage,arcane,6,3,3
Purrpl,twisting-nether,288,mage,arcane,6,3,3
Euklid,ravencrest,288,mage,arcane,6,3,3
Szlay,blackmoore,288,mage,arcane,6,3,3
Seyece,silvermoon,288,mage,arcane,6,3,3
Kyrn,zuljin,288,mage,arcane,6,3,3
Onlymage,outland,288,mage,arcane,6,3,3
Brokenlegman,defias-brotherhood,288,mage,arcane,6,3,3
Suidas,auchindoun,288,mage,arcane,6,3,3
Hachiro,onyxia,288,mage,arcane,6,3,3
Ovrpwrdxd,kazzak,288,mage,arcane,6,3,3
Mylanq,ragnaros,288,mage,arcane,6,3,3
Æskalatîøn,blackmoore,288,mage,arcane,6,3,3
Gagaj,ravencrest,288,mage,arcane,6,3,3
Khoshgele,draenor,288,mage,arcane,6,3,3
Bmbiscuit,ravencrest,288,mage,arcane,6,3,3
Astroknight,silvermoon,288,mage,arcane,6,3,3
Choise,stormscale,288,mage,arcane,6,3,3
Serctheone,ravencrest,288,mage,arcane,9,4,5
Lesoleil,archimonde,288,mage,arcane,12,3,9
Kudakto,ravencrest,288,mage,arcane,12,3,9
Dareah,blackmoore,288,mage,arcane,12,3,9
Хблэйз,howling-fjord,288,mage,arcane,12,3,9
Magitis,blackhand,288,mage,arcane,18,3,15
Chimará,eredar,288,mage,arcane,18,3,15
Эпсиха,lich-king,288,mage,arcane,18,3,15
Arcadua,sanguino,287,mage,arcane,6,3,3
Burnem,kult-der-verdammten,287,mage,arcane,6,3,3
Магборода,soulflayer,287,mage,arcane,6,3,3
Frökenfrost,stormscale,287,mage,arcane,6,3,3
Kasus,sporeggar,286,mage,arcane,6,3,3
Ivoc,drakthul,254,mage,arcane,11,3,8
Naween,hyjal,239,mage,arcane,5,3,2
Kairøs,dragonblight,223,mage,arcane,16,3,13
Teeclis,twisting-nether,192,mage,arcane,6,2,4
Génociidz,archimonde,192,mage,arcane,6,2,4
Ãshs,archimonde,192,mage,arcane,6,2,4
Versachi,neptulon,192,mage,arcane,6,2,4
Rommelo,ravencrest,192,mage,arcane,6,2,4
Widepekka,ragnaros,192,mage,arcane,6,2,4
Noxkin,stormscale,192,mage,arcane,6,2,4
Nerzzhul,burning-legion,192,mage,arcane,6,2,4
Naomypayton,tarren-mill,192,mage,arcane,6,2,4
Quaile,malygos,192,mage,arcane,6,2,4
Schøkø,eredar,192,mage,arcane,6,2,4
Линклер,fordragon,192,mage,arcane,6,2,4
Magepress,silvermoon,192,mage,arcane,6,2,4
Äßäm,outland,192,mage,arcane,6,2,4
Kbd,outland,192,mage,arcane,6,2,4
Phyzed,archimonde,192,mage,arcane,6,2,4
Kjh,twisting-nether,192,mage,arcane,6,2,4
Ashioth,argent-dawn,192,mage,arcane,6,2,4
Lìx,ravencrest,192,mage,arcane,6,2,4
Oorly,aegwynn,192,mage,arcane,6,2,4
Kuhwar,echsenkessel,192,mage,arcane,6,2,4
Shockólot,outland,192,mage,arcane,6,2,4
Imbatto,quelthalas,192,mage,arcane,6,2,4
Зерагуд,eversong,192,mage,arcane,6,2,4
Аненази,goldrinn,192,mage,arcane,6,2,4
Mejtschazor,twisting-nether,192,mage,arcane,6,2,4
Kold,stormscale,192,mage,arcane,6,2,4
Azoru,twisting-nether,192,mage,arcane,6,2,4
Ryûblast,archimonde,192,mage,arcane,6,2,4
Миднаит,gordunni,192,mage,arcane,6,2,4
Baravar,blackrock,192,mage,arcane,6,2,4
Леракобольд,gordunni,192,mage,arcane,6,2,4
Drinte,blackmoore,192,mage,arcane,6,2,4
Галадриелька,gordunni,192,mage,arcane,6,2,4
Arimila,sylvanas,192,mage,arcane,6,2,4
Sheeptowin,thrall,192,mage,arcane,6,2,4
Crinkles,laughing-skull,192,mage,arcane,6,2,4
Smlx,outland,192,mage,arcane,12,2,10
Magse,kirin-tor,191,mage,arcane,6,2,4
Icx,tarren-mill,191,mage,arcane,6,2,4
Veveroiu,defias-brotherhood,191,mage,arcane,6,2,4
Roslinda,outland,191,mage,arcane,6,2,4
Anderl,kirin-tor,191,mage,arcane,12,2,10
Deadtedd,twisting-nether,138,mage,arcane,9,3,6
Саназэр,soulflayer,96,mage,arcane,6,1,5
Autramage,emerald-dream,96,mage,arcane,6,1,5
Sorrow,outland,96,mage,arcane,6,1,5
Hólmess,silvermoon,96,mage,arcane,6,1,5
Grönmonster,shattered-hand,96,mage,arcane,6,1,5
Nohbrain,blackmoore,96,mage,arcane,6,1,5
Шпексх,soulflayer,96,mage,arcane,6,1,5
Moosemæn,stormscale,96,mage,arcane,6,1,5
Souldemon,burning-legion,96,mage,arcane,6,1,5
Firehasse,draenor,96,mage,arcane,6,1,5
Lumberth,sanguino,96,mage,arcane,6,1,5
Azakadabra,ysondre,96,mage,arcane,6,1,5
Thelastmage,outland,96,mage,arcane,6,1,5
Bakeren,frostmane,96,mage,arcane,6,1,5
Wushii,aggra-português,96,mage,arcane,6,1,5
Dobbite,archimonde,96,mage,arcane,6,1,5
Yungbambix,twisting-nether,96,mage,arcane,6,1,5
Криаркана,howling-fjord,96,mage,arcane,6,1,5
Zerøsílgødx,antonidas,96,mage,arcane,6,1,5
Адренохромх,gordunni,96,mage,arcane,6,1,5
Мерац,howling-fjord,96,mage,arcane,6,1,5
Døomey,ravencrest,96,mage,arcane,6,1,5
Animaze,argent-dawn,96,mage,arcane,6,1,5
Sidildur,ravencrest,96,mage,arcane,6,1,5
Kalokoh,tarren-mill,96,mage,arcane,6,1,5
Старкскрим,gordunni,96,mage,arcane,6,1,5
Varini,twisting-nether,96,mage,arcane,12,1,11
Buttet,blackmoore,96,mage,arcane,12,1,11
Patricstewrd,draenor,96,mage,arcane,12,1,11
Magicpowers,silvermoon,96,mage,arcane,12,1,11
Манднесс,azuregos,79,mage,arcane,11,1,10
Vinlimar,drakthul,64,mage,arcane,4,1,3
Stümpy,ravencrest,64,mage,arcane,5,1,4
Partypower,twisting-nether,2404,mage,fire,66,48,18
Laynerz,kazzak,2358,mage,fire,75,49,26
Milkenjoyer,ravencrest,2205,mage,fire,82,53,29
Jíncks,draenor,2193,mage,fire,107,62,45
Raíku,ravencrest,2179,mage,fire,66,37,29
Slôw,kazzak,2178,mage,fire,71,47,24
Hatsu,kazzak,2138,mage,fire,90,47,43
Файрус,soulflayer,2133,mage,fire,104,58,46
Håtsu,ravencrest,2123,mage,fire,143,73,70
Диссоциация,greymane,2117,mage,fire,95,56,39
Nilitar,kazzak,2102,mage,fire,78,44,34
Thegoodoctor,kazzak,2101,mage,fire,301,157,144
Tommy,laughing-skull,2077,mage,fire,78,42,36
Gelußaßa,ravencrest,2076,mage,fire,77,42,35
Dazz,ravencrest,2033,mage,fire,210,109,101
Lisanalgaib,kilrogg,2027,mage,fire,69,42,27
Setyouoncs,ravencrest,2023,mage,fire,82,51,31
Ráìkù,ravencrest,2021,mage,fire,60,32,28
Ðevlqt,blackmoore,2008,mage,fire,102,64,38
Барсуктри,deathguard,2008,mage,fire,90,52,38
Яшабурстх,blackscar,1986,mage,fire,119,63,56
Nuj,blackrock,1982,mage,fire,30,21,9
Twizzkek,silvermoon,1980,mage,fire,189,92,97
Реордиан,gordunni,1975,mage,fire,86,38,48
Dxdxdxdxdx,drakthul,1969,mage,fire,89,56,33
Прауз,soulflayer,1961,mage,fire,91,50,41
Шипми,gordunni,1952,mage,fire,150,78,72
Espressno,ravencrest,1945,mage,fire,36,31,5
Cörnflekz,stormscale,1937,mage,fire,62,40,22
Oseri,defias-brotherhood,1936,mage,fire,66,36,30
Ygø,hyjal,1935,mage,fire,288,146,142
Urkela,sylvanas,1923,mage,fire,144,80,64
Rizzlybear,outland,1918,mage,fire,75,35,40
Slashspít,ravencrest,1916,mage,fire,41,27,14
Isenhour,frostmane,1912,mage,fire,258,134,124
Рофкастер,gordunni,1910,mage,fire,154,73,81
Síckmode,khadgar,1903,mage,fire,96,57,39
Djflashz,archimonde,1901,mage,fire,70,39,31
Mssilvy,sylvanas,1901,mage,fire,216,118,98
Dizzy,ahnqiraj,1895,mage,fire,215,108,107
Wheí,ravencrest,1893,mage,fire,54,36,18
Tìktokthot,outland,1882,mage,fire,36,23,13
Uknowhowwedu,aegwynn,1879,mage,fire,36,20,16
Altraftw,archimonde,1871,mage,fire,77,52,25
Smlx,outland,1868,mage,fire,78,42,36
Cornfloax,ravencrest,1866,mage,fire,54,33,21
Wàneís,ravencrest,1864,mage,fire,46,27,19
Uniquenoodle,alakir,1857,mage,fire,72,34,38
Excuséme,ravencrest,1851,mage,fire,51,27,24
Frøstqt,ravencrest,1851,mage,fire,65,30,35
Dardie,ravencrest,1849,mage,fire,48,30,18
Hey,khazgoroth,1849,mage,fire,110,63,47
Hazewrld,ravencrest,1848,mage,fire,132,62,70
Lotharie,aegwynn,1847,mage,fire,36,23,13
Фоулли,howling-fjord,1846,mage,fire,65,36,29
Tiáno,drakthul,1845,mage,fire,72,36,36
Spelltastíc,blackmoore,1844,mage,fire,54,34,20
Underscore,outland,1841,mage,fire,91,51,40
Belled,silvermoon,1836,mage,fire,95,64,31
Obbcontrol,ravencrest,1833,mage,fire,192,104,88
Wenant,ravencrest,1832,mage,fire,95,49,46
Spelltastìc,blackmoore,1831,mage,fire,66,37,29
Archíques,kazzak,1831,mage,fire,46,24,22
Zzpf,silvermoon,1831,mage,fire,72,37,35
Shîmmer,ravencrest,1830,mage,fire,48,23,25
Твейзи,blackscar,1823,mage,fire,40,24,16
Evohz,stormscale,1822,mage,fire,66,33,33
Ãshs,archimonde,1819,mage,fire,30,19,11
Хехгодх,gordunni,1818,mage,fire,33,20,13
Nøw,kazzak,1816,mage,fire,48,29,19
Hiryú,kazzak,1815,mage,fire,30,20,10
Elmaestró,aegwynn,1815,mage,fire,48,30,18
Bigkent,stormscale,1814,mage,fire,62,27,35
Шуткам,gordunni,1811,mage,fire,42,26,16
Рамблз,gordunni,1811,mage,fire,66,39,27
Jirt,stormscale,1809,mage,fire,59,35,24
Cienaños,outland,1807,mage,fire,102,59,43
Triplesevenx,silvermoon,1807,mage,fire,259,143,116
Skrex,blackrock,1806,mage,fire,383,205,178
Divey,draenor,1805,mage,fire,304,166,138
Fuego,sylvanas,1803,mage,fire,179,97,82
Shíróyama,ravencrest,1802,mage,fire,60,41,19
Anisovsky,archimonde,1799,mage,fire,48,22,26
Medivqt,ragnaros,1792,mage,fire,42,33,9
Акиххабара,gordunni,1786,mage,fire,42,31,11
Cesi,silvermoon,1786,mage,fire,66,31,35
Goomba,tarren-mill,1786,mage,fire,71,29,42
Mohammedjiba,ragnaros,1784,mage,fire,68,40,28
Ввнд,galakrond,1782,mage,fire,36,21,15
Choll,stormscale,1782,mage,fire,96,51,45
Nøw,ravencrest,1779,mage,fire,69,35,34
Magiwan,silvermoon,1779,mage,fire,42,20,22
Reyown,archimonde,1777,mage,fire,54,40,14
Ширм,blackscar,1774,mage,fire,42,22,20
Icoz,nemesis,1773,mage,fire,77,47,30
Consquens,aszune,1767,mage,fire,54,34,20
Frozentwink,kul-tiras,1764,mage,fire,64,30,34
Нереварин,soulflayer,1763,mage,fire,45,24,21
Калихор,gordunni,1759,mage,fire,60,40,20
Magethings,kazzak,1758,mage,fire,174,95,79
Sanjoop,tarren-mill,1756,mage,fire,48,25,23
Arcticfury,ravencrest,1753,mage,fire,36,22,14
Hooksclay,archimonde,1753,mage,fire,60,33,27
Kurtcobain,draenor,1752,mage,fire,48,32,16
Ókamí,ravencrest,1752,mage,fire,133,67,66
Magnobi,sanguino,1750,mage,fire,36,23,13
Auchenax,argent-dawn,1749,mage,fire,58,35,23
Octtmiss,twisting-nether,1742,mage,fire,48,27,21
Titarie,ravencrest,1742,mage,fire,42,22,20
Magão,frostmane,1738,mage,fire,72,41,31
Авгурей,howling-fjord,1736,mage,fire,136,68,68
Гекомория,fordragon,1736,mage,fire,65,26,39
Nocturnes,sylvanas,1734,mage,fire,67,28,39
Вовзон,howling-fjord,1733,mage,fire,77,44,33
Достижений,soulflayer,1733,mage,fire,66,30,36
Asterixus,sylvanas,1728,mage,fire,72,44,28
Funkyfriday,twisting-nether,1725,mage,fire,30,18,12
Magijoana,silvermoon,1720,mage,fire,60,26,34
Relik,sylvanas,1717,mage,fire,48,27,21
Gaárá,stormscale,1715,mage,fire,384,198,186
Naps,argent-dawn,1713,mage,fire,116,68,48
Sâkuya,blackrock,1712,mage,fire,46,28,18
Saiyangodx,twisting-nether,1710,mage,fire,78,39,39
Nihilvm,dalaran,1709,mage,fire,64,29,35
Siérra,outland,1708,mage,fire,119,70,49
Skylezy,blackrock,1705,mage,fire,41,21,20
Rekzaop,ravencrest,1700,mage,fire,28,19,9
Shahnoza,thrall,1697,mage,fire,41,25,16
Takayaki,terokkar,1696,mage,fire,49,29,20
Smittywerbn,stormscale,1695,mage,fire,60,35,25
Isildurone,ragnaros,1693,mage,fire,50,28,22
Quentin,grim-batol,1692,mage,fire,122,65,57
Excuses,chamber-of-aspects,1689,mage,fire,109,61,48
Stümpy,ravencrest,1686,mage,fire,61,38,23
Jumpfanqt,stormscale,1685,mage,fire,30,23,7
Onkela,arygos,1681,mage,fire,36,34,2
Dantiqa,ravencrest,1680,mage,fire,469,240,229
Aryasa,silvermoon,1676,mage,fire,30,18,12
Нефростмаг,gordunni,1672,mage,fire,47,29,18
Macheat,kazzak,1668,mage,fire,78,42,36
Terlon,ragnaros,1665,mage,fire,144,82,62
Twoeightybpm,draenor,1664,mage,fire,58,33,25
Sheepmeepbip,ravencrest,1664,mage,fire,112,52,60
Haxyo,twisting-nether,1660,mage,fire,36,22,14
Аквамэрис,gordunni,1658,mage,fire,36,21,15
Laciee,silvermoon,1657,mage,fire,45,25,20
Pisini,tarren-mill,1656,mage,fire,48,22,26
Nùts,archimonde,1655,mage,fire,78,35,43
Møøk,magtheridon,1654,mage,fire,30,19,11
Tromie,archimonde,1654,mage,fire,84,53,31
Aimaniac,stormscale,1654,mage,fire,205,116,89
Гнилоглазка,howling-fjord,1651,mage,fire,119,68,51
Hil,blackrock,1649,mage,fire,51,34,17
Symera,dun-modr,1646,mage,fire,48,28,20
Elldiamage,draenor,1646,mage,fire,47,25,22
Climatrix,twisting-nether,1645,mage,fire,36,27,9
Magenerfed,archimonde,1637,mage,fire,42,21,21
Cheerió,aggramar,1635,mage,fire,257,137,120
Larmp,outland,1635,mage,fire,42,22,20
Lemaroxd,draenor,1633,mage,fire,39,22,17
Fuhrem,blackrock,1630,mage,fire,36,23,13
Lilbolts,outland,1629,mage,fire,24,17,7
Benjibop,ravencrest,1628,mage,fire,29,21,8
Ayken,burning-legion,1628,mage,fire,42,26,16
Råståfåri,uldum,1627,mage,fire,87,47,40
Ipen,bloodfeather,1626,mage,fire,24,17,7
Ênizt,archimonde,1626,mage,fire,58,34,24
Roxxis,kazzak,1625,mage,fire,30,17,13
Келлазар,gordunni,1623,mage,fire,30,19,11
Steveishigh,tarren-mill,1623,mage,fire,43,25,18
Radiantfury,outland,1623,mage,fire,88,41,47
Âcryz,blackrock,1622,mage,fire,59,27,32
Миднаит,gordunni,1621,mage,fire,66,40,26
Фюртэ,howling-fjord,1621,mage,fire,30,17,13
Игрдлпдров,gordunni,1621,mage,fire,163,91,72
Evovar,silvermoon,1621,mage,fire,40,18,22
Mëgu,silvermoon,1620,mage,fire,427,228,199
Harrisøn,dun-modr,1618,mage,fire,30,18,12
Vulcanô,sanguino,1618,mage,fire,84,41,43
Lilblinks,silvermoon,1616,mage,fire,126,67,59
Itrius,tarren-mill,1616,mage,fire,71,33,38
Дрраго,greymane,1611,mage,fire,143,79,64
Kbd,outland,1610,mage,fire,54,31,23
Texmexguden,tarren-mill,1610,mage,fire,66,35,31
Badguy,arathor,1610,mage,fire,42,21,21
Línus,twisting-nether,1609,mage,fire,24,21,3
Hólmess,silvermoon,1609,mage,fire,97,46,51
Mejtschazor,silvermoon,1608,mage,fire,35,20,15
Аластормаг,deathweaver,1608,mage,fire,147,81,66
Enandia,darksorrow,1608,mage,fire,94,49,45
Insaneex,aegwynn,1607,mage,fire,36,20,16
Tomia,burning-legion,1604,mage,fire,72,40,32
Cleophe,burning-legion,1603,mage,fire,48,33,15
Незерёб,soulflayer,1603,mage,fire,42,22,20
Whats,korgall,1602,mage,fire,112,61,51
Айслэнц,howling-fjord,1602,mage,fire,42,21,21
Htwhy,kazzak,1601,mage,fire,165,85,80
Zimbabweborc,burning-legion,1600,mage,fire,36,25,11
Миллерфест,howling-fjord,1600,mage,fire,30,17,13
Rewq,twisting-nether,1596,mage,fire,38,22,16
Doonii,ragnaros,1596,mage,fire,47,20,27
Пыроженное,deathguard,1595,mage,fire,66,30,36
Witak,ysondre,1594,mage,fire,136,67,69
Combusturmum,outland,1588,mage,fire,30,17,13
Scoopssama,ravencrest,1587,mage,fire,36,24,12
Säroumäne,archimonde,1584,mage,fire,55,28,27
Blix,sanguino,1581,mage,fire,30,17,13
Czd,outland,1580,mage,fire,83,31,52
Мосгормаг,gordunni,1579,mage,fire,35,21,14
Firedeáth,kazzak,1577,mage,fire,82,45,37
Thughunterqt,silvermoon,1576,mage,fire,200,104,96
Libre,stormscale,1575,mage,fire,291,148,143
Satyrnaar,tarren-mill,1575,mage,fire,42,21,21
Alorin,dun-modr,1574,mage,fire,44,23,21
Zíru,outland,1572,mage,fire,63,32,31
Stoychav,outland,1572,mage,fire,96,48,48
Двинск,soulflayer,1569,mage,fire,75,33,42
Дэлос,gordunni,1568,mage,fire,35,19,16
Cinoox,blackrock,1559,mage,fire,155,90,65
Êigul,blackrock,1559,mage,fire,43,18,25
Utarii,deathwing,1556,mage,fire,81,43,38
Hardtimes,blackhand,1556,mage,fire,74,38,36
Колдрагос,gordunni,1553,mage,fire,80,41,39
Whócárés,dragonmaw,1546,mage,fire,30,17,13
Babidi,nemesis,1544,mage,fire,42,23,19
Ethiqq,gorgonnash,1542,mage,fire,30,17,13
Kjh,twisting-nether,1540,mage,fire,26,17,9
Pyrobomb,sylvanas,1540,mage,fire,84,40,44
Defrozen,twisting-nether,1539,mage,fire,76,38,38
Gagaj,ravencrest,1534,mage,fire,42,20,22
Твейдей,blackscar,1533,mage,fire,30,16,14
Calientay,ragnaros,1533,mage,fire,54,27,27
Aikamie,draenor,1532,mage,fire,99,54,45
Бингчилинг,howling-fjord,1532,mage,fire,42,21,21
Эстерленс,gordunni,1531,mage,fire,126,73,53
Róseonly,ravencrest,1531,mage,fire,36,16,20
Chrismage,argent-dawn,1530,mage,fire,50,27,23
Dázz,twisting-nether,1527,mage,fire,24,16,8
Prácticemàge,archimonde,1524,mage,fire,24,16,8
Sedmaka,neptulon,1523,mage,fire,39,24,15
Lyssæ,khaz-modan,1523,mage,fire,30,16,14
Аквамелис,gordunni,1522,mage,fire,84,36,48
Hexmath,tarren-mill,1518,mage,fire,53,30,23
Gnomag,argent-dawn,1518,mage,fire,131,68,63
Aronnax,ravencrest,1518,mage,fire,52,24,28
Flypz,stormscale,1516,mage,fire,54,35,19
Экзорсус,goldrinn,1513,mage,fire,154,77,77
Baxeraa,draenor,1512,mage,fire,97,56,41
Morphis,talnivarr,1508,mage,fire,42,23,19
Emoden,silvermoon,1506,mage,fire,36,17,19
Mieria,argent-dawn,1504,mage,fire,54,30,24
Consulalgeri,archimonde,1504,mage,fire,48,22,26
Büyübaba,twisting-nether,1504,mage,fire,42,18,24
Nurfdm,ravencrest,1498,mage,fire,24,16,8
Camiina,shattered-hand,1497,mage,fire,149,78,71
Wenndrid,draenor,1491,mage,fire,230,124,106
Petar,tarren-mill,1490,mage,fire,127,62,65
Tokerlol,stormscale,1487,mage,fire,39,20,19
Cryptik,blackmoore,1485,mage,fire,38,23,15
Insanewizard,kazzak,1480,mage,fire,59,30,29
Pluggis,the-maelstrom,1478,mage,fire,36,17,19
Estelliên,burning-legion,1475,mage,fire,48,23,25
Ghalanz,ravencrest,1474,mage,fire,141,70,71
Мозифорест,gordunni,1474,mage,fire,78,37,41
Mikefires,blackrock,1473,mage,fire,34,21,13
Carinuz,blackmoore,1472,mage,fire,79,36,43
Kickyaa,twisting-nether,1471,mage,fire,78,40,38
Robowhoore,silvermoon,1469,mage,fire,42,24,18
Витуз,gordunni,1468,mage,fire,29,16,13
Soxlol,sylvanas,1463,mage,fire,29,16,13
Frøzzen,blackrock,1463,mage,fire,41,22,19
Räikü,ravencrest,1460,mage,fire,60,38,22
Тачитачи,gordunni,1460,mage,fire,59,32,27
Einsmagus,blackrock,1460,mage,fire,30,16,14
Imtrynasheep,kazzak,1459,mage,fire,36,21,15
Anthrex,drakthul,1456,mage,fire,66,27,39
Смилер,gordunni,1455,mage,fire,60,31,29
Liendri,aegwynn,1453,mage,fire,66,34,32
Elesios,blackmoore,1451,mage,fire,102,49,53
Razrkh,ragnaros,1448,mage,fire,72,39,33
Revanov,outland,1444,mage,fire,30,19,11
Eddiee,outland,1444,mage,fire,30,17,13
Magegødx,eredar,1443,mage,fire,30,17,13
Нетлель,soulflayer,1443,mage,fire,65,36,29
Caesarclown,silvermoon,1443,mage,fire,282,154,128
Tûttifrutti,ravencrest,1442,mage,fire,84,41,43
Pandathis,frostwolf,1441,mage,fire,24,17,7
Bobbasor,defias-brotherhood,1441,mage,fire,97,51,46
Apócalyptic,tarren-mill,1440,mage,fire,201,102,99
Secretagent,aegwynn,1439,mage,fire,66,37,29
Mäalaka,archimonde,1439,mage,fire,54,29,25
Intz,twisting-nether,1438,mage,fire,57,24,33
Røysi,ravencrest,1433,mage,fire,27,16,11
Зефенжо,howling-fjord,1433,mage,fire,30,15,15
Barbeuqx,garona,1432,mage,fire,47,24,23
Kappotjeplif,ravencrest,1431,mage,fire,120,64,56
Yshax,malganis,1430,mage,fire,85,35,50
Sticki,malganis,1428,mage,fire,24,15,9
Lokilus,dalaran,1428,mage,fire,72,40,32
Neird,sinstralis,1428,mage,fire,72,38,34
Fenrirson,drakthul,1426,mage,fire,174,95,79
Fireblood,runetotem,1426,mage,fire,36,15,21
Bclaudiu,terokkar,1424,mage,fire,62,33,29
Shizzy,onyxia,1423,mage,fire,57,30,27
Bònk,sylvanas,1423,mage,fire,36,17,19
Fingolfin,amanthul,1422,mage,fire,378,188,190
Chucknoir,draenor,1420,mage,fire,30,16,14
Dcolon,tarren-mill,1419,mage,fire,30,15,15
Rayniß,blackmoore,1419,mage,fire,72,34,38
Sekulicgoga,draenor,1418,mage,fire,54,38,16
Yatsune,defias-brotherhood,1418,mage,fire,48,33,15
Semiron,twisting-nether,1416,mage,fire,43,20,23
Mostevildude,blackhand,1414,mage,fire,24,15,9
Деозар,eversong,1408,mage,fire,264,132,132
Rockyballboa,silvermoon,1403,mage,fire,44,24,20
Kyrn,zuljin,1403,mage,fire,75,38,37
Mejtschazor,twisting-nether,1400,mage,fire,29,16,13
Zéngã,kazzak,1399,mage,fire,61,31,30
Plætinum,ravencrest,1399,mage,fire,122,60,62
Exitelol,blackrock,1393,mage,fire,30,20,10
Abêj,malygos,1393,mage,fire,32,16,16
Røvso,ragnaros,1393,mage,fire,42,17,25
Zazatorica,tarren-mill,1391,mage,fire,174,90,84
Ледянойкекс,gordunni,1390,mage,fire,52,26,26
Gêrky,drakthul,1387,mage,fire,30,15,15
Fortian,boulderfist,1384,mage,fire,24,15,9
Tragíc,blackmoore,1383,mage,fire,29,15,14
Akâri,silvermoon,1380,mage,fire,30,15,15
Calegos,twisting-nether,1378,mage,fire,48,25,23
Wizmec,silvermoon,1374,mage,fire,177,88,89
Noviina,argent-dawn,1372,mage,fire,56,30,26
Manvo,bloodscalp,1372,mage,fire,132,70,62
Mons,the-venture-co,1369,mage,fire,136,66,70
Atixx,aegwynn,1369,mage,fire,48,20,28
Glïder,archimonde,1366,mage,fire,47,22,25
Spellsteal,antonidas,1366,mage,fire,126,54,72
Rilac,nordrassil,1365,mage,fire,63,29,34
Zensheep,silvermoon,1364,mage,fire,30,15,15
Töframaður,draenor,1362,mage,fire,78,43,35
Sadrã,kazzak,1362,mage,fire,48,20,28
Jorik,burning-legion,1361,mage,fire,33,19,14
Pewwpewwpeww,doomhammer,1356,mage,fire,149,75,74
Maguscarlsen,ravencrest,1355,mage,fire,30,16,14
Быкуня,gordunni,1353,mage,fire,78,44,34
Tiltedpapi,ravencrest,1353,mage,fire,59,26,33
Frostytutes,ragnaros,1351,mage,fire,120,62,58
Feuererdnuss,blackhand,1349,mage,fire,53,30,23
Sukalamink,alonsus,1347,mage,fire,48,26,22
Immortanjoe,thrall,1345,mage,fire,84,44,40
Borp,defias-brotherhood,1344,mage,fire,18,14,4
Freeyourmind,kazzak,1341,mage,fire,50,23,27
Castorcato,kazzak,1340,mage,fire,30,14,16
Stylaaz,twisting-nether,1337,mage,fire,59,31,28
Reqwyz,ragnaros,1337,mage,fire,32,16,16
Gandelfmaly,burning-legion,1335,mage,fire,24,14,10
Rictue,silvermoon,1335,mage,fire,43,24,19
Searchy,blackhand,1335,mage,fire,200,107,93
Sylvîe,tarren-mill,1335,mage,fire,65,31,34
Magmarro,burning-legion,1334,mage,fire,107,54,53
Olzaa,outland,1333,mage,fire,24,14,10
Jaídy,aegwynn,1331,mage,fire,88,43,45
Jessaniel,chogall,1330,mage,fire,24,14,10
Wumz,blackrock,1329,mage,fire,45,20,25
Plessx,sylvanas,1326,mage,fire,51,35,16
Wwjd,darksorrow,1326,mage,fire,25,15,10
Rèsí,dun-morogh,1326,mage,fire,85,50,35
Wankel,blackmoore,1325,mage,fire,60,28,32
Magicalmig,draenor,1323,mage,fire,126,75,51
Darríck,argent-dawn,1323,mage,fire,41,16,25
Рифтиг,howling-fjord,1322,mage,fire,95,43,52
Momomagic,silvermoon,1318,mage,fire,64,31,33
Мерджреквест,howling-fjord,1315,mage,fire,78,40,38
Versachi,neptulon,1315,mage,fire,30,15,15
Sonofdragon,frostwolf,1314,mage,fire,36,19,17
Darkice,sanguino,1314,mage,fire,77,37,40
Quiwi,dun-modr,1313,mage,fire,45,30,15
Blackpantha,blackmoore,1312,mage,fire,50,29,21
Zestrax,kazzak,1310,mage,fire,48,31,17
Fiveboyjr,tarren-mill,1302,mage,fire,54,29,25
Pumped,haomarush,1298,mage,fire,29,14,15
Aulny,kaelthas,1298,mage,fire,73,31,42
Bloodycast,archimonde,1298,mage,fire,52,19,33
Nohbrain,blackmoore,1297,mage,fire,81,39,42
Ziscine,tarren-mill,1297,mage,fire,51,23,28
Arckaen,elune,1294,mage,fire,42,23,19
Greey,blackhand,1293,mage,fire,38,21,17
Maggresive,sylvanas,1291,mage,fire,42,19,23
Bakeren,frostmane,1290,mage,fire,30,14,16
Аваон,deathguard,1289,mage,fire,136,67,69
Magicuze,argent-dawn,1289,mage,fire,78,34,44
Hahahehe,aegwynn,1288,mage,fire,45,24,21
Skarxaa,sanguino,1280,mage,fire,108,49,59
Интровертка,blackscar,1276,mage,fire,34,15,19
Shínsou,burning-blade,1271,mage,fire,30,14,16
Ihatemages,stormreaver,1270,mage,fire,66,27,39
Mauvé,blades-edge,1266,mage,fire,65,33,32
Cyrîll,malygos,1263,mage,fire,133,75,58
Kuríbo,gorgonnash,1262,mage,fire,33,19,14
Dobbite,archimonde,1261,mage,fire,66,42,24
Varenca,blackrock,1256,mage,fire,75,35,40
Ethélinda,kirin-tor,1256,mage,fire,54,19,35
Buffenhance,ravencrest,1247,mage,fire,18,13,5
Фрозитв,blackscar,1247,mage,fire,18,13,5
Plexyoo,thrall,1247,mage,fire,30,13,17
Knulljonný,kazzak,1247,mage,fire,30,13,17
Yanir,die-arguswacht,1245,mage,fire,24,13,11
Johnnydeepp,archimonde,1244,mage,fire,18,13,5
Sany,anubarak,1243,mage,fire,18,13,5
Romethito,dun-modr,1240,mage,fire,42,27,15
Diffa,tarren-mill,1240,mage,fire,24,13,11
Zivac,kazzak,1240,mage,fire,24,13,11
Асидочка,soulflayer,1236,mage,fire,116,60,56
Coqo,silvermoon,1236,mage,fire,30,13,17
Grandbasile,hyjal,1235,mage,fire,42,13,29
Elcølgaø,sanguino,1233,mage,fire,30,13,17
Вселениум,razuvious,1232,mage,fire,63,32,31
Faunas,kazzak,1230,mage,fire,46,27,19
Севериан,gordunni,1230,mage,fire,30,16,14
Mirobol,hyjal,1227,mage,fire,36,15,21
Warwizz,sanguino,1226,mage,fire,24,13,11
Silatara,twisting-nether,1223,mage,fire,24,13,11
Ryzea,ravencrest,1223,mage,fire,53,23,30
Rapidfrost,drakthul,1219,mage,fire,52,34,18
Ràyden,khaz-modan,1219,mage,fire,36,18,18
Durdi,silvermoon,1217,mage,fire,30,17,13
Critzeklein,antonidas,1213,mage,fire,60,24,36
Nuvx,ravencrest,1212,mage,fire,72,39,33
Джеззабэль,ashenvale,1204,mage,fire,24,15,9
Айсбоунт,eversong,1203,mage,fire,51,20,31
Tombkiller,kult-der-verdammten,1201,mage,fire,42,16,26
Zisseron,frostmane,1199,mage,fire,48,16,32
Neoreactor,ravencrest,1198,mage,fire,24,13,11
Wîtchcurse,dentarg,1197,mage,fire,36,15,21
Nïo,ravencrest,1196,mage,fire,29,13,16
Critr,sylvanas,1194,mage,fire,140,72,68
Blasic,stormscale,1194,mage,fire,36,16,20
Anshara,stormscale,1193,mage,fire,66,39,27
Isiah,kaelthas,1188,mage,fire,68,32,36
Bonto,tarren-mill,1182,mage,fire,52,23,29
Drunkpunk,kazzak,1179,mage,fire,74,43,31
Athenå,dalaran,1176,mage,fire,48,21,27
Blitzo,madmortem,1174,mage,fire,53,29,24
Darkoftw,ysondre,1166,mage,fire,25,13,12
Dóncójones,blackrock,1166,mage,fire,95,42,53
Nezousta,sinstralis,1159,mage,fire,36,17,19
Линклер,fordragon,1158,mage,fire,48,19,29
Gerdâ,chants-éternels,1154,mage,fire,72,38,34
Roohna,blackmoore,1154,mage,fire,30,14,16
Marøjuniõr,draenor,1152,mage,fire,18,12,6
Larah,les-clairvoyants,1151,mage,fire,24,13,11
Moojob,kazzak,1151,mage,fire,24,12,12
Kaki,stormscale,1150,mage,fire,36,19,17
Palpfiction,silvermoon,1150,mage,fire,24,12,12
Córgi,ravencrest,1149,mage,fire,24,12,12
Azulêera,archimonde,1149,mage,fire,24,12,12
Kold,stormscale,1147,mage,fire,24,12,12
Wizarð,archimonde,1147,mage,fire,35,14,21
Slashkiiss,archimonde,1146,mage,fire,83,42,41
Demensida,ravencrest,1145,mage,fire,28,13,15
Wizkidcutt,tarren-mill,1144,mage,fire,18,12,6
Bamz,malganis,1144,mage,fire,24,12,12
Avakadaver,draenor,1143,mage,fire,24,12,12
Themagicguy,silvermoon,1140,mage,fire,24,12,12
Skitsó,shadowsong,1139,mage,fire,48,29,19
Musfis,burning-legion,1139,mage,fire,30,12,18
Fäust,drakthul,1136,mage,fire,52,16,36
Gàtsby,outland,1132,mage,fire,36,12,24
Pwntt,terenas,1123,mage,fire,30,12,18
Vêganêr,blackmoore,1121,mage,fire,24,17,7
Lybazinga,frostmane,1118,mage,fire,37,16,21
Дмблдр,soulflayer,1116,mage,fire,33,14,19
Самза,howling-fjord,1115,mage,fire,66,35,31
Бабайбайкала,gordunni,1104,mage,fire,49,18,31
Illiaria,antonidas,1103,mage,fire,42,18,24
Worstlove,blackrock,1099,mage,fire,44,23,21
Focusnik,silvermoon,1095,mage,fire,23,12,11
Xue,azshara,1093,mage,fire,17,12,5
Rasputina,blackrock,1087,mage,fire,59,29,30
Fritmckhaine,archimonde,1084,mage,fire,66,35,31
Leontus,outland,1072,mage,fire,18,12,6
Gorleg,draenor,1072,mage,fire,47,17,30
Newtwo,ravencrest,1070,mage,fire,25,12,13
Xenodike,blackrock,1067,mage,fire,24,15,9
Wushii,aggra-português,1060,mage,fire,25,12,13
Shadowmag,burning-legion,1058,mage,fire,78,34,44
Ilikesheep,blackmoore,1056,mage,fire,18,11,7
Mowns,ravencrest,1056,mage,fire,24,11,13
Uknowhowwedu,blackrock,1056,mage,fire,24,11,13
Sérum,drakthul,1055,mage,fire,18,11,7
Sleepingfate,stormscale,1055,mage,fire,18,11,7
Covran,stormscale,1055,mage,fire,24,11,13
Spacehoe,stormscale,1055,mage,fire,30,11,19
Sendro,twisting-nether,1054,mage,fire,18,11,7
Draquengar,tyrande,1054,mage,fire,18,11,7
Xianji,ragnaros,1053,mage,fire,24,11,13
Diper,burning-legion,1052,mage,fire,18,11,7
Máximus,ravencrest,1052,mage,fire,24,11,13
Pablø,blackrock,1043,mage,fire,46,23,23
Hængovêr,antonidas,1042,mage,fire,24,11,13
Laetitiah,archimonde,1042,mage,fire,26,11,15
Mikaelà,blackmoore,1040,mage,fire,18,11,7
Скиллао,gordunni,1037,mage,fire,35,13,22
Hargun,the-maelstrom,1037,mage,fire,30,11,19
Dyx,nemesis,1036,mage,fire,89,42,47
Rmforever,archimonde,1029,mage,fire,42,21,21
Buuszek,outland,1024,mage,fire,35,16,19
Icx,tarren-mill,1021,mage,fire,108,56,52
Магниффика,blackscar,1021,mage,fire,30,13,17
Freezeballs,blackmoore,1017,mage,fire,37,12,25
Extracting,stormscale,1012,mage,fire,36,11,25
Majinbo,doomhammer,1011,mage,fire,24,11,13
Aleç,ravencrest,1006,mage,fire,16,12,4
Хээйлии,goldrinn,1001,mage,fire,30,15,15
Devilpain,zuluhed,1001,mage,fire,24,11,13
Комонщик,howling-fjord,993,mage,fire,30,11,19
Netrinkuet,outland,991,mage,fire,17,11,6
Зубарол,gordunni,984,mage,fire,49,24,25
Wëylin,chogall,980,mage,fire,22,11,11
Lovesosa,malorne,977,mage,fire,33,15,18
Aurelius,kargath,971,mage,fire,19,11,8
Plazem,argent-dawn,971,mage,fire,54,20,34
Sèrum,drakthul,968,mage,fire,29,12,17
Мизерун,deathguard,961,mage,fire,127,54,73
Sukmikok,twisting-nether,960,mage,fire,12,10,2
Aletheía,stormscale,960,mage,fire,12,10,2
Stepdaddyy,kazzak,960,mage,fire,18,10,8
Lìx,ravencrest,960,mage,fire,18,10,8
Benzol,eredar,960,mage,fire,18,10,8
Meisterg,frostwolf,960,mage,fire,18,10,8
Мактай,gordunni,959,mage,fire,12,10,2
Pepsimaxlord,silvermoon,959,mage,fire,18,10,8
Xyfys,azshara,959,mage,fire,18,10,8
Coken,trollbane,959,mage,fire,18,10,8
Drè,daggerspine,959,mage,fire,18,10,8
Tfmchamp,ravencrest,959,mage,fire,18,10,8
Choccookies,lordaeron,959,mage,fire,27,11,16
Rambau,archimonde,958,mage,fire,18,10,8
Ахиригиз,gordunni,958,mage,fire,18,10,8
ßerkoßaggins,ravencrest,958,mage,fire,21,10,11
Akrapovic,drakthul,958,mage,fire,24,10,14
Ларавэл,blackscar,957,mage,fire,18,10,8
Нехай,ashenvale,957,mage,fire,24,10,14
Charizard,emerald-dream,956,mage,fire,15,11,4
Arcann,ravencrest,956,mage,fire,18,10,8
Kinetiq,kazzak,956,mage,fire,18,10,8
Shìnra,ravencrest,955,mage,fire,24,10,14
Arandartis,kazzak,954,mage,fire,18,10,8
Spispi,burning-legion,953,mage,fire,27,11,16
Tóadette,die-aldor,953,mage,fire,28,11,17
Firen,thrall,952,mage,fire,24,13,11
Benihimé,doomhammer,952,mage,fire,24,10,14
Muzbi,turalyon,952,mage,fire,25,10,15
Çana,thrall,952,mage,fire,30,10,20
Волшпробуда,gordunni,951,mage,fire,18,10,8
Shealá,blackhand,951,mage,fire,24,10,14
Mohrgan,malorne,950,mage,fire,24,10,14
Firewitch,blackhand,950,mage,fire,24,10,14
Cräzÿfrøst,archimonde,949,mage,fire,24,10,14
Khalkazzar,darkspear,943,mage,fire,30,10,20
Smî,aegwynn,939,mage,fire,30,17,13
Кельтаз,soulflayer,932,mage,fire,30,15,15
Haelia,ysondre,926,mage,fire,18,10,8
Häddës,archimonde,925,mage,fire,24,14,10
Pyro,daggerspine,924,mage,fire,60,32,28
Freezandrun,tarren-mill,918,mage,fire,47,21,26
Santoz,blackrock,913,mage,fire,106,54,52
Texhex,ahnqiraj,905,mage,fire,42,11,31
Serctheone,ravencrest,895,mage,fire,20,10,10
Netherstorm,chogall,893,mage,fire,71,32,39
Nåzmyz,outland,891,mage,fire,23,10,13
Vantimere,twisting-nether,886,mage,fire,31,11,20
Sagregas,silvermoon,866,mage,fire,83,36,47
Grumpié,ravencrest,864,mage,fire,12,9,3
Magerocks,ragnaros,864,mage,fire,12,9,3
Turbomedusa,draenor,864,mage,fire,12,9,3
Dubbleblast,draenor,864,mage,fire,12,9,3
Elysiar,kazzak,864,mage,fire,12,9,3
Dyen,hyjal,864,mage,fire,12,9,3
Tills,kargath,864,mage,fire,18,9,9
Drfeeldgoodd,mazrigos,864,mage,fire,18,9,9
Smíte,kazzak,863,mage,fire,12,9,3
Tagrine,kaelthas,863,mage,fire,12,9,3
Sakuranosuke,twisting-nether,863,mage,fire,18,9,9
Katzron,twisting-nether,863,mage,fire,18,9,9
Vixis,dalaran,863,mage,fire,18,9,9
Rhodghar,ravencrest,862,mage,fire,18,9,9
Weedup,zuljin,862,mage,fire,18,9,9
Ardu,burning-legion,862,mage,fire,18,9,9
Poporciné,archimonde,862,mage,fire,18,9,9
Феновар,goldrinn,862,mage,fire,24,9,15
Hokuspokicus,ravencrest,862,mage,fire,24,9,15
Abocajarro,dun-modr,861,mage,fire,18,9,9
Backped,kazzak,860,mage,fire,34,10,24
Чоуза,gordunni,858,mage,fire,24,9,15
Неуклюжый,soulflayer,858,mage,fire,24,9,15
Magyxk,blackmoore,857,mage,fire,12,9,3
Drewna,silvermoon,856,mage,fire,16,10,6
Zeddic,burning-legion,853,mage,fire,24,9,15
Spader,argent-dawn,851,mage,fire,18,9,9
Bigbazzabean,silvermoon,849,mage,fire,42,17,25
Sippebób,laughing-skull,830,mage,fire,16,10,6
Nagano,deathwing,827,mage,fire,23,9,14
Icepiece,tarren-mill,814,mage,fire,21,9,12
Warpx,aegwynn,807,mage,fire,95,39,56
Mëismz,hyjal,800,mage,fire,16,9,7
Abruaa,tarren-mill,799,mage,fire,11,9,2
Løxyy,ysondre,793,mage,fire,36,12,24
Занерзулаа,soulflayer,782,mage,fire,23,9,14
Seshlad,stormscale,768,mage,fire,12,8,4
Sölø,stormscale,768,mage,fire,12,8,4
Stockfísh,ravencrest,768,mage,fire,12,8,4
Matsuratkø,nemesis,768,mage,fire,12,8,4
Fakeklepter,sylvanas,768,mage,fire,12,8,4
Lestrangé,azjolnerub,768,mage,fire,12,8,4
Dalaras,archimonde,768,mage,fire,12,8,4
Apollohouse,ravencrest,768,mage,fire,12,8,4
Yésdávé,stormscale,768,mage,fire,12,8,4
Resheep,kazzak,768,mage,fire,12,8,4
Nilitarrgh,outland,768,mage,fire,12,8,4
Watchmeclic,archimonde,768,mage,fire,12,8,4
Mlodysimba,burning-legion,768,mage,fire,12,8,4
Worstdenmark,stormscale,768,mage,fire,12,8,4
Fairus,ravencrest,768,mage,fire,12,8,4
Spellonfire,ravencrest,768,mage,fire,12,8,4
Dardíe,ravencrest,768,mage,fire,12,8,4
Spellhaze,outland,768,mage,fire,18,8,10
Zelimeth,outland,768,mage,fire,18,8,10
Airo,drakthul,768,mage,fire,24,8,16
Zoot,ravencrest,768,mage,fire,24,8,16
Mðj,kazzak,768,mage,fire,24,8,16
Neférú,thrall,767,mage,fire,12,8,4
Azakadabra,ysondre,767,mage,fire,12,8,4
Goodopeners,outland,767,mage,fire,18,8,10
Alyraza,chamber-of-aspects,767,mage,fire,18,8,10
Алаурс,howling-fjord,767,mage,fire,18,8,10
Эммилиарда,gordunni,767,mage,fire,18,8,10
Dauwen,silvermoon,767,mage,fire,18,8,10
Codeincassie,blackhand,767,mage,fire,18,8,10
Elreas,blackmoore,767,mage,fire,18,8,10
Dynamica,ravencrest,767,mage,fire,18,8,10
Sapien,sanguino,767,mage,fire,18,8,10
Testzerodeux,archimonde,767,mage,fire,18,8,10
Grailandia,uldum,767,mage,fire,18,8,10
Wormhole,kazzak,767,mage,fire,22,9,13
Xdu,silvermoon,767,mage,fire,24,8,16
Магмагистр,blackscar,767,mage,fire,24,8,16
Takiix,antonidas,766,mage,fire,12,8,4
Solarian,nemesis,764,mage,fire,18,8,10
Estwald,arathor,763,mage,fire,18,8,10
Exxylia,aegwynn,763,mage,fire,18,8,10
Iamslow,sylvanas,762,mage,fire,12,8,4
Linyah,arathor,762,mage,fire,18,8,10
Вельдрик,soulflayer,762,mage,fire,24,8,16
Elterion,sylvanas,760,mage,fire,24,8,16
Mogettemagic,ysondre,760,mage,fire,33,9,24
Arcadua,sanguino,758,mage,fire,12,8,4
Magicarno,kazzak,757,mage,fire,30,8,22
Veveroiu,defias-brotherhood,752,mage,fire,24,9,15
Фиеран,grom,747,mage,fire,26,10,16
Kalyypso,arygos,735,mage,fire,16,9,7
Ðjwåtermeløn,ravencrest,735,mage,fire,17,8,9
Magicspark,madmortem,735,mage,fire,77,35,42
Mitchmage,ravencrest,732,mage,fire,17,8,9
Mercem,stormscale,719,mage,fire,11,8,3
Альвиам,borean-tundra,719,mage,fire,15,8,7
Iwannakissu,gorgonnash,719,mage,fire,17,8,9
Lanadorei,stormscale,711,mage,fire,21,8,13
Monfisback,archimonde,703,mage,fire,11,8,3
Ølórin,silvermoon,696,mage,fire,42,8,34
Тудысюдым,eversong,684,mage,fire,19,8,11
Pàntera,blackmoore,683,mage,fire,31,8,23
Mýthos,sanguino,672,mage,fire,12,7,5
Pïeck,archimonde,672,mage,fire,12,7,5
Skaleech,draenor,672,mage,fire,12,7,5
Magnopvp,sanguino,672,mage,fire,12,7,5
Noblockgødx,dun-modr,672,mage,fire,12,7,5
Radagulf,outland,672,mage,fire,12,7,5
Fckkicks,thrall,672,mage,fire,12,7,5
Rotøk,burning-legion,672,mage,fire,12,7,5
Silmara,shadowsong,672,mage,fire,12,7,5
Gnðmeonfire,sylvanas,672,mage,fire,12,7,5
Iconic,eredar,672,mage,fire,12,7,5
Equálity,blackrock,672,mage,fire,12,7,5
Greaterkick,blackrock,672,mage,fire,12,7,5
Sondremage,outland,672,mage,fire,12,7,5
Shavay,blackmoore,672,mage,fire,12,7,5
Koreanbbq,outland,672,mage,fire,12,7,5
Исендэя,gordunni,672,mage,fire,12,7,5
Kindled,argent-dawn,672,mage,fire,12,7,5
Кодимагх,gordunni,672,mage,fire,12,7,5
Randommagexd,ravencrest,672,mage,fire,12,7,5
Melíssa,silvermoon,672,mage,fire,12,7,5
Otpmage,tarren-mill,672,mage,fire,12,7,5
Файрусх,deathguard,672,mage,fire,15,8,7
Анзот,howling-fjord,672,mage,fire,18,7,11
Anaxtra,guldan,672,mage,fire,18,7,11
Waan,sylvanas,672,mage,fire,18,7,11
Cruscru,stormscale,672,mage,fire,18,7,11
Mangiafuoco,nemesis,672,mage,fire,18,7,11
Wmp,ravencrest,672,mage,fire,18,7,11
Noxkin,stormscale,672,mage,fire,18,7,11
Azîlko,frostwolf,671,mage,fire,12,7,5
Zaci,argent-dawn,671,mage,fire,12,7,5
Xkod,draenor,671,mage,fire,12,7,5
Uwutehe,ravencrest,671,mage,fire,12,7,5
Spellfaker,drakthul,671,mage,fire,12,7,5
Barspin,lightnings-blade,671,mage,fire,12,7,5
Natchèl,ysondre,671,mage,fire,12,7,5
Sokardes,the-maelstrom,671,mage,fire,16,8,8
Karima,drekthar,671,mage,fire,16,8,8
Anagramix,silvermoon,671,mage,fire,15,7,8
Szlay,blackmoore,671,mage,fire,18,7,11
Julieliphie,silvermoon,671,mage,fire,18,7,11
Camelshaver,tarren-mill,671,mage,fire,18,7,11
Mìsaki,hellscream,671,mage,fire,18,7,11
Arhan,argent-dawn,670,mage,fire,12,7,5
Ustafrr,argent-dawn,670,mage,fire,13,7,6
Жгумпель,howling-fjord,670,mage,fire,24,7,17
Awart,burning-legion,670,mage,fire,24,7,17
Vanah,the-maelstrom,669,mage,fire,12,7,5
Dubstep,blackrock,669,mage,fire,15,8,7
Dmme,dun-morogh,669,mage,fire,24,7,17
Tratuf,hyjal,668,mage,fire,18,7,11
Kyani,mannoroth,667,mage,fire,24,7,17
Kaktuzze,antonidas,664,mage,fire,18,7,11
Elypøde,ysondre,657,mage,fire,12,7,5
Incenia,ravencrest,652,mage,fire,23,7,16
Camefromzoo,outland,640,mage,fire,10,8,2
Magikere,tarren-mill,639,mage,fire,17,7,10
Vulcanx,stormscale,638,mage,fire,17,7,10
Eatmybarrage,ragnaros,638,mage,fire,17,7,10
Luxxurious,xavius,623,mage,fire,9,7,2
ßåsåñ,archimonde,623,mage,fire,11,7,4
Bezelgeuse,pozzo-delleternità,623,mage,fire,17,7,10
Goukakyu,ravencrest,618,mage,fire,11,7,4
Tigerblod,tarren-mill,618,mage,fire,16,8,8
Qusx,malganis,607,mage,fire,11,7,4
Mimicassa,defias-brotherhood,601,mage,fire,29,15,14
Apcg,sylvanas,576,mage,fire,6,6,0
Paiz,tarren-mill,576,mage,fire,6,6,0
Lyrath,ghostlands,576,mage,fire,6,6,0
Lo,kilrogg,576,mage,fire,10,7,3
Azraiël,burning-legion,576,mage,fire,12,6,6
Nihilum,dalaran,576,mage,fire,12,6,6
Nàtcho,tichondrius,576,mage,fire,12,6,6
Aurorax,ravencrest,576,mage,fire,12,6,6
Skylez,blackrock,576,mage,fire,12,6,6
Macey,ravencrest,576,mage,fire,12,6,6
Росвенд,gordunni,576,mage,fire,12,6,6
Canceled,kazzak,576,mage,fire,12,6,6
Derchong,kazzak,576,mage,fire,12,6,6
Zaralarssòn,ravencrest,576,mage,fire,12,6,6
Feath,ravencrest,576,mage,fire,12,6,6
Alterwhite,archimonde,576,mage,fire,12,6,6
Pradapimp,ravencrest,576,mage,fire,12,6,6
Мэджу,gordunni,576,mage,fire,12,6,6
Nötmârtònxø,ragnaros,576,mage,fire,18,6,12
Ofeu,archimonde,576,mage,fire,18,6,12
Qwibbly,kazzak,576,mage,fire,18,6,12
Shinzel,hyjal,575,mage,fire,12,6,6
Sickles,thrall,575,mage,fire,12,6,6
Zymage,silvermoon,575,mage,fire,12,6,6
Gavra,ravencrest,575,mage,fire,12,6,6
Dibzz,sanguino,575,mage,fire,12,6,6
Akhali,chamber-of-aspects,575,mage,fire,12,6,6
Vurtnez,kazzak,575,mage,fire,12,6,6
Levora,ragnaros,575,mage,fire,12,6,6
Arhi,silvermoon,575,mage,fire,12,6,6
Kitchimage,ravencrest,575,mage,fire,12,6,6
Saturator,burning-legion,575,mage,fire,18,6,12
Umaguma,elune,575,mage,fire,18,6,12
Zuckerzimt,ravencrest,575,mage,fire,18,6,12
Lupuus,anubarak,575,mage,fire,24,6,18
Explosìve,arthas,574,mage,fire,12,6,6
Kilféfroid,ysondre,574,mage,fire,12,6,6
Roey,defias-brotherhood,574,mage,fire,18,6,12
Shâykó,sylvanas,573,mage,fire,12,6,6
Halbattar,garona,572,mage,fire,12,6,6
Поймайбелку,booty-bay,572,mage,fire,12,6,6
Melimar,khaz-modan,572,mage,fire,12,6,6
Труупоед,borean-tundra,571,mage,fire,12,6,6
Laviathan,die-aldor,568,mage,fire,12,6,6
Evrem,karazhan,566,mage,fire,12,6,6
Malicä,ravencrest,565,mage,fire,24,6,18
Гунмаказ,gordunni,543,mage,fire,10,7,3
Hidrax,outland,543,mage,fire,16,6,10
Nâmiz,blackrock,528,mage,fire,9,6,3
Мэдраша,gordunni,527,mage,fire,23,6,17
Zeklo,frostmane,521,mage,fire,20,7,13
Dárdie,ravencrest,512,mage,fire,10,6,4
Wizandor,tarren-mill,480,mage,fire,6,5,1
Jél,stormscale,480,mage,fire,6,5,1
Kiey,silvermoon,480,mage,fire,6,5,1
Джелиона,gordunni,480,mage,fire,6,5,1
Reeceburton,stormscale,480,mage,fire,6,5,1
Helloimgone,blackmoore,480,mage,fire,6,5,1
Xigore,blackrock,480,mage,fire,6,5,1
Yoku,nethersturm,480,mage,fire,6,5,1
Ицка,fordragon,480,mage,fire,6,5,1
Marybaguette,archimonde,480,mage,fire,6,5,1
Полеморв,soulflayer,480,mage,fire,6,5,1
Mmrlancer,blackmoore,480,mage,fire,6,5,1
Bzzr,tarren-mill,480,mage,fire,6,5,1
Magechonk,kazzak,480,mage,fire,12,5,7
Palyd,the-maelstrom,480,mage,fire,12,5,7
Tessai,sargeras,480,mage,fire,12,5,7
Teeclis,twisting-nether,480,mage,fire,12,5,7
Dwang,nemesis,480,mage,fire,12,5,7
Brokenlegman,defias-brotherhood,480,mage,fire,12,5,7
Cleancc,blackhand,480,mage,fire,12,5,7
Firever,sanguino,480,mage,fire,12,5,7
Dampgame,twisting-nether,480,mage,fire,12,5,7
Sheepwithmeh,blackrock,480,mage,fire,12,5,7
Suma,archimonde,480,mage,fire,12,5,7
Runbabyrun,hyjal,480,mage,fire,12,5,7
Проблембойх,gordunni,480,mage,fire,12,5,7
Schøkø,eredar,480,mage,fire,12,5,7
Arcandor,tarren-mill,480,mage,fire,12,5,7
Misay,outland,480,mage,fire,12,5,7
Andors,conseil-des-ombres,480,mage,fire,12,5,7
Moleester,twisting-nether,480,mage,fire,12,5,7
Shifteurprõ,hyjal,480,mage,fire,12,5,7
Gadeplan,sylvanas,480,mage,fire,12,5,7
Halfanapple,the-maelstrom,480,mage,fire,18,5,13
Валбериса,deepholm,479,mage,fire,6,5,1
Rõdokunohi,darksorrow,479,mage,fire,12,5,7
Roythelan,steamwheedle-cartel,479,mage,fire,12,5,7
Megancox,blackmoore,479,mage,fire,12,5,7
Kalyipso,blackrock,479,mage,fire,18,5,13
Beardmorph,auchindoun,479,mage,fire,18,5,13
Iceorb,azshara,479,mage,fire,24,5,19
Bhalïn,dun-modr,479,mage,fire,36,5,31
Oneal,the-maelstrom,478,mage,fire,12,5,7
Exorifrigo,dun-modr,477,mage,fire,22,5,17
Eldiablo,dun-modr,476,mage,fire,12,5,7
Нубарь,thermaplugg,473,mage,fire,12,5,7
Draenaya,forscherliga,473,mage,fire,21,6,15
Begra,silvermoon,472,mage,fire,12,5,7
Nabucor,culte-de-la-rive-noire,468,mage,fire,25,6,19
Mínêrvâ,blackrock,431,mage,fire,11,5,6
Сморгонец,gordunni,412,mage,fire,14,5,9
Inaruy,hyjal,384,mage,fire,6,4,2
Dsmoke,ravencrest,384,mage,fire,6,4,2
Yoken,tarren-mill,384,mage,fire,6,4,2
Fkndog,ravencrest,384,mage,fire,6,4,2
Botbotamba,hyjal,384,mage,fire,6,4,2
Stabmagey,twisting-nether,384,mage,fire,6,4,2
Curran,ravencrest,384,mage,fire,6,4,2
Whìtewalker,pozzo-delleternità,384,mage,fire,6,4,2
Naween,hyjal,384,mage,fire,6,4,2
Mßs,outland,384,mage,fire,6,4,2
Pstkstpst,ravencrest,384,mage,fire,6,4,2
Hambones,outland,384,mage,fire,6,4,2
Nelway,hyjal,384,mage,fire,6,4,2
Cardioexpert,ravencrest,384,mage,fire,6,4,2
Magegôd,outland,384,mage,fire,6,4,2
Mnday,ravencrest,384,mage,fire,6,4,2
Bazemage,twisting-nether,384,mage,fire,6,4,2
Stíckí,malganis,384,mage,fire,6,4,2
Taylorswîft,ragnaros,384,mage,fire,6,4,2
Kkohp,ravencrest,384,mage,fire,6,4,2
Cooy,stormscale,384,mage,fire,6,4,2
Snowbob,drakthul,384,mage,fire,6,4,2
Xläderz,ravencrest,384,mage,fire,6,4,2
Waterhagx,tarren-mill,384,mage,fire,6,4,2
Farmassist,stormscale,384,mage,fire,6,4,2
Babymagici,kazzak,384,mage,fire,6,4,2
Wopi,sylvanas,384,mage,fire,6,4,2
Saryotheone,silvermoon,384,mage,fire,6,4,2
Khronic,darksorrow,384,mage,fire,6,4,2
Âres,kargath,384,mage,fire,6,4,2
Garbedge,silvermoon,384,mage,fire,6,4,2
Pavlé,draenor,384,mage,fire,6,4,2
Gunglefutz,the-maelstrom,384,mage,fire,6,4,2
Bergillos,sanguino,384,mage,fire,6,4,2
Blinker,frostwhisper,384,mage,fire,6,4,2
Kenjablejz,the-maelstrom,384,mage,fire,6,4,2
Praison,defias-brotherhood,384,mage,fire,6,4,2
Смоукиайс,blackscar,384,mage,fire,6,4,2
Gidsor,silvermoon,384,mage,fire,6,4,2
Ovrpwrdxd,kazzak,384,mage,fire,6,4,2
Shyasianmage,area-52,384,mage,fire,6,4,2
Zyreanx,blackrock,384,mage,fire,6,4,2
Xsro,blackrock,384,mage,fire,6,4,2
Гандолъер,soulflayer,384,mage,fire,6,4,2
Doryy,silvermoon,384,mage,fire,6,4,2
Sidek,sylvanas,384,mage,fire,6,4,2
Cyser,kazzak,384,mage,fire,6,4,2
Eìnì,kazzak,384,mage,fire,6,4,2
Gennésïs,darksorrow,384,mage,fire,6,4,2
Yenneferr,magtheridon,384,mage,fire,6,4,2
Jínró,draenor,384,mage,fire,6,4,2
Chièlui,silvermoon,384,mage,fire,6,4,2
Swansea,emeriss,384,mage,fire,8,4,4
Sam,outland,384,mage,fire,12,4,8
Michellee,ravencrest,384,mage,fire,12,4,8
Kazeen,silvermoon,384,mage,fire,12,4,8
Викликс,borean-tundra,384,mage,fire,12,4,8
Исполлин,howling-fjord,384,mage,fire,12,4,8
Аркагос,gordunni,384,mage,fire,12,4,8
Слизерин,gordunni,384,mage,fire,12,4,8
Дантрий,gordunni,384,mage,fire,12,4,8
Feuern,antonidas,384,mage,fire,12,4,8
Aarcheon,kazzak,384,mage,fire,12,4,8
Zhazam,blades-edge,384,mage,fire,12,4,8
Гелиадо,soulflayer,384,mage,fire,12,4,8
Деорро,gordunni,384,mage,fire,12,4,8
Popbg,outland,384,mage,fire,12,4,8
Мелми,howling-fjord,384,mage,fire,12,4,8
Diji,the-maelstrom,384,mage,fire,12,4,8
Genviedgiclé,arathi,384,mage,fire,12,4,8
Раканчик,gordunni,384,mage,fire,12,4,8
Hopewell,aszune,384,mage,fire,12,4,8
Piscialetto,nemesis,384,mage,fire,12,4,8
Rooven,aegwynn,384,mage,fire,12,4,8
Néiloth,frostmane,384,mage,fire,12,4,8
Lusionator,defias-brotherhood,384,mage,fire,18,4,14
Anghim,tarren-mill,383,mage,fire,6,4,2
Birdlort,draenor,383,mage,fire,6,4,2
Timbaa,veklor,383,mage,fire,6,4,2
Ildrøv,stormscale,383,mage,fire,12,4,8
Unhedged,eredar,383,mage,fire,12,4,8
Мэджиксул,grom,383,mage,fire,12,4,8
Kebkhadar,ravencrest,383,mage,fire,18,4,14
Chroniikk,hyjal,381,mage,fire,12,4,8
Chimará,eredar,367,mage,fire,17,4,13
Lusifera,outland,336,mage,fire,9,4,5
Niivel,ysondre,336,mage,fire,15,4,11
Blazenaa,drakthul,333,mage,fire,15,4,11
Fkeverybody,ravencrest,330,mage,fire,8,5,3
Vyuca,argent-dawn,320,mage,fire,10,4,6
Мегумин,galakrond,318,mage,fire,15,4,11
Maveya,blackmoore,288,mage,fire,6,3,3
Discast,anetheron,288,mage,fire,6,3,3
Ãzi,ravencrest,288,mage,fire,6,3,3
Neuralnetwrk,sylvanas,288,mage,fire,6,3,3
Alearis,die-aldor,288,mage,fire,6,3,3
Botstyle,ravencrest,288,mage,fire,6,3,3
Ørka,stormscale,288,mage,fire,6,3,3
Trowbe,blackmoore,288,mage,fire,6,3,3
Coachrmp,ravencrest,288,mage,fire,6,3,3
Lenka,ravencrest,288,mage,fire,6,3,3
Mobjar,twisting-nether,288,mage,fire,6,3,3
Capphaow,ravencrest,288,mage,fire,6,3,3
Procahontas,ravencrest,288,mage,fire,6,3,3
Sonybonanza,kazzak,288,mage,fire,6,3,3
Bràndy,twisting-nether,288,mage,fire,6,3,3
Bebenm,archimonde,288,mage,fire,6,3,3
Kàtsu,tarren-mill,288,mage,fire,6,3,3
Даатхедра,booty-bay,288,mage,fire,6,3,3
Narexa,silvermoon,288,mage,fire,6,3,3
Xlarb,kazzak,288,mage,fire,6,3,3
Nakamura,outland,288,mage,fire,6,3,3
Watchmeclick,archimonde,288,mage,fire,6,3,3
Pævl,drakthul,288,mage,fire,6,3,3
Fullpolly,twisting-nether,288,mage,fire,6,3,3
Fuchso,area-52,288,mage,fire,6,3,3
Tildetbfa,antonidas,288,mage,fire,6,3,3
Wracrz,argent-dawn,288,mage,fire,6,3,3
Driana,dragonmaw,288,mage,fire,6,3,3
Mylanq,ragnaros,288,mage,fire,6,3,3
Balderk,sanguino,288,mage,fire,6,3,3
Calyppo,sanguino,288,mage,fire,6,3,3
Zerøsílgødx,antonidas,288,mage,fire,6,3,3
Zumbacafew,twisting-nether,288,mage,fire,6,3,3
Salvadordalí,ravencrest,288,mage,fire,6,3,3
Matroze,sylvanas,288,mage,fire,6,3,3
Fleurdelacur,ravencrest,288,mage,fire,6,3,3
Zenó,blackrock,288,mage,fire,6,3,3
Zøe,aggra-português,288,mage,fire,6,3,3
Trxkxx,ragnaros,288,mage,fire,6,3,3
Meign,eredar,288,mage,fire,6,3,3
Malanti,grim-batol,288,mage,fire,6,3,3
Dbshèépgôdx,silvermoon,288,mage,fire,6,3,3
Frøstdream,dun-modr,288,mage,fire,6,3,3
Onlymage,ravencrest,288,mage,fire,6,3,3
Êgôn,perenolde,288,mage,fire,6,3,3
Namemage,stormscale,288,mage,fire,6,3,3
Mága,grim-batol,288,mage,fire,6,3,3
Couñterspell,eredar,288,mage,fire,6,3,3
Inyøurassx,hyjal,288,mage,fire,6,3,3
Ccxz,draenor,288,mage,fire,6,3,3
Modrone,ragnaros,288,mage,fire,6,3,3
Kryptass,aegwynn,288,mage,fire,6,3,3
Shermî,blackrock,288,mage,fire,6,3,3
Shinigamí,blackrock,288,mage,fire,6,3,3
Сизаам,howling-fjord,288,mage,fire,6,3,3
Lëyra,ysondre,288,mage,fire,6,3,3
Adetin,tarren-mill,288,mage,fire,6,3,3
Макотшельник,gordunni,288,mage,fire,6,3,3
Elor,eredar,288,mage,fire,6,3,3
Abovè,outland,288,mage,fire,6,3,3
Ascik,dalaran,288,mage,fire,6,3,3
Quincy,frostwolf,288,mage,fire,6,3,3
Blästz,hyjal,288,mage,fire,6,3,3
Ice,sargeras,288,mage,fire,9,4,5
Хблэйз,howling-fjord,288,mage,fire,9,4,5
Lovësosa,hyjal,288,mage,fire,10,4,6
Колтрэйн,blackscar,288,mage,fire,9,3,6
Шишиня,gordunni,288,mage,fire,12,3,9
Rasaku,argent-dawn,288,mage,fire,12,3,9
Aylan,kazzak,288,mage,fire,12,3,9
Oblív,ravencrest,288,mage,fire,12,3,9
Овеча,gordunni,288,mage,fire,12,3,9
Megart,stormscale,288,mage,fire,12,3,9
Juicedup,blackrock,288,mage,fire,12,3,9
Tsubas,blackmoore,288,mage,fire,12,3,9
Milton,dunemaul,288,mage,fire,12,3,9
Trenpapi,twisting-nether,288,mage,fire,12,3,9
Frökenfrost,stormscale,288,mage,fire,12,3,9
Saivedija,blackmoore,288,mage,fire,12,3,9
Кешунчик,soulflayer,288,mage,fire,12,3,9
Rosenkrauz,kul-tiras,287,mage,fire,6,3,3
Maaleki,dalaran,287,mage,fire,6,3,3
Kyrox,ysondre,287,mage,fire,12,3,9
Ceanna,argent-dawn,287,mage,fire,12,3,9
Regenn,kazzak,286,mage,fire,6,3,3
Венлич,gordunni,271,mage,fire,9,4,5
Mostevilgirl,blackhand,265,mage,fire,13,5,8
Banausisch,blackmoore,256,mage,fire,10,3,7
Фирдаркнесс,howling-fjord,255,mage,fire,11,3,8
Krykz,sanguino,240,mage,fire,9,3,6
Khalix,blackmoore,239,mage,fire,5,3,2
Worstwòrld,draenor,208,mage,fire,7,3,4
Lazuly,blackhand,208,mage,fire,7,3,4
Kanjani,antonidas,192,mage,fire,4,3,1
Eksl,draenor,192,mage,fire,6,2,4
ßigzok,kazzak,192,mage,fire,6,2,4
Femboywaifu,stormscale,192,mage,fire,6,2,4
Ôbsury,hyjal,192,mage,fire,6,2,4
Transformo,draenor,192,mage,fire,6,2,4
Elynaé,draenor,192,mage,fire,6,2,4
Oizar,hyjal,192,mage,fire,6,2,4
Бигдикмаг,soulflayer,192,mage,fire,6,2,4
Ikefire,draenor,192,mage,fire,6,2,4
Quínt,blackhand,192,mage,fire,6,2,4
Zerobelow,silvermoon,192,mage,fire,6,2,4
Belthesad,twisting-nether,192,mage,fire,6,2,4
Skankengine,twisting-nether,192,mage,fire,6,2,4
Minae,stormscale,192,mage,fire,6,2,4
Milminmage,ravencrest,192,mage,fire,6,2,4
Atzin,sanguino,192,mage,fire,6,2,4
Kairøs,dragonblight,192,mage,fire,6,2,4
Letitsnow,ravencrest,192,mage,fire,6,2,4
Mohovik,wildhammer,192,mage,fire,6,2,4
Jokiss,draenor,192,mage,fire,6,2,4
Hotafazz,ravencrest,192,mage,fire,6,2,4
Gregoss,elune,192,mage,fire,6,2,4
Wetx,kilrogg,192,mage,fire,6,2,4
Decedé,dun-modr,192,mage,fire,6,2,4
Summermàge,ravencrest,192,mage,fire,6,2,4
Wizkhafury,ravencrest,192,mage,fire,6,2,4
Roberx,sanguino,192,mage,fire,6,2,4
Dríme,ravencrest,192,mage,fire,6,2,4
Shinegami,hyjal,192,mage,fire,6,2,4
Apc,sylvanas,192,mage,fire,6,2,4
Tudorthemage,xavius,192,mage,fire,6,2,4
Alberdoor,blackmoore,192,mage,fire,6,2,4
Grìmmjow,tarren-mill,192,mage,fire,6,2,4
Sickßlink,outland,192,mage,fire,6,2,4
Frostvirgin,twisting-nether,192,mage,fire,6,2,4
Cortis,outland,192,mage,fire,6,2,4
Alarak,drakthul,192,mage,fire,6,2,4
Thylren,argent-dawn,192,mage,fire,6,2,4
Гнег,gordunni,192,mage,fire,6,2,4
Компромис,howling-fjord,192,mage,fire,6,2,4
Димаскунфу,howling-fjord,192,mage,fire,6,2,4
Dnt,twilights-hammer,192,mage,fire,6,2,4
Antaos,drakthul,192,mage,fire,6,2,4
Magenox,blackrock,192,mage,fire,6,2,4
Krëkk,ragnaros,192,mage,fire,6,2,4
Fleqs,antonidas,192,mage,fire,6,2,4
Faitha,ravencrest,192,mage,fire,6,2,4
Кеото,gordunni,192,mage,fire,6,2,4
Пиньон,borean-tundra,192,mage,fire,6,2,4
Mirajânê,blackmoore,192,mage,fire,6,2,4
Malshash,outland,192,mage,fire,6,2,4
Дэката,grom,192,mage,fire,6,2,4
Solitaria,tarren-mill,192,mage,fire,6,2,4
Fadbunny,outland,192,mage,fire,6,2,4
Puracz,defias-brotherhood,192,mage,fire,6,2,4
Xatures,tarren-mill,192,mage,fire,6,2,4
Zeusmon,ragnaros,192,mage,fire,6,2,4
Frígíd,outland,192,mage,fire,6,2,4
Szarbán,ragnaros,192,mage,fire,6,2,4
Firelight,argent-dawn,192,mage,fire,12,2,10
Çatàclysmík,kazzak,192,mage,fire,12,2,10
Idron,dunemaul,192,mage,fire,12,2,10
Symbiano,twisting-nether,192,mage,fire,12,2,10
Buzzgnom,malfurion,192,mage,fire,12,2,10
Mesvef,archimonde,192,mage,fire,12,2,10
Хопкиллер,ashenvale,192,mage,fire,12,2,10
Явернулси,soulflayer,192,mage,fire,12,2,10
Tarryxa,kazzak,192,mage,fire,18,2,16
Kirripirri,doomhammer,191,mage,fire,12,2,10
Tahiti,twisting-nether,159,mage,fire,5,2,3
Shockólot,outland,159,mage,fire,5,2,3
Xhal,hyjal,138,mage,fire,9,3,6
Burstology,kazzak,128,mage,fire,4,2,2
Ayoubz,outland,128,mage,fire,4,2,2
Rukiax,blackrock,128,mage,fire,4,2,2
Ference,tichondrius,112,mage,fire,7,2,5
Ønlyfünds,archimonde,96,mage,fire,3,2,1
Tsungy,twisting-nether,96,mage,fire,6,1,5
Zalfax,sinstralis,96,mage,fire,6,1,5
Gotone,tarren-mill,96,mage,fire,6,1,5
Infamage,draenor,96,mage,fire,6,1,5
Варриморыч,soulflayer,96,mage,fire,6,1,5
Cavadrex,arathor,96,mage,fire,6,1,5
Alaster,culte-de-la-rive-noire,96,mage,fire,6,1,5
Jipa,tarren-mill,96,mage,fire,6,1,5
Zakardo,kazzak,96,mage,fire,6,1,5
Warfio,garona,96,mage,fire,6,1,5
Amalou,stormscale,96,mage,fire,6,1,5
Пламяорды,soulflayer,96,mage,fire,6,1,5
Martixx,stormscale,96,mage,fire,6,1,5
Bekkmzi,drakthul,96,mage,fire,6,1,5
Дизордерх,gordunni,96,mage,fire,6,1,5
Phenoxi,sylvanas,96,mage,fire,6,1,5
Caststuffatu,sylvanas,96,mage,fire,6,1,5
Prinskoekie,twisting-nether,96,mage,fire,6,1,5
Maybeblood,kazzak,96,mage,fire,6,1,5
Zïa,kazzak,96,mage,fire,6,1,5
Polÿmorph,stormscale,96,mage,fire,6,1,5
Akadran,blackmoore,96,mage,fire,6,1,5
Zagori,sylvanas,96,mage,fire,6,1,5
Westx,blackmoore,96,mage,fire,6,1,5
Leonora,blackhand,96,mage,fire,6,1,5
Símple,sylvanas,96,mage,fire,6,1,5
Dingin,bronze-dragonflight,96,mage,fire,6,1,5
Nodnarb,dragonblight,96,mage,fire,6,1,5
Каппашилка,gordunni,96,mage,fire,6,1,5
Mageé,argent-dawn,96,mage,fire,6,1,5
Kushuka,burning-legion,96,mage,fire,6,1,5
Arcanik,archimonde,96,mage,fire,6,1,5
Slïnks,stormscale,96,mage,fire,6,1,5
Фантомланс,howling-fjord,96,mage,fire,6,1,5
Pyroden,stormscale,96,mage,fire,6,1,5
Одз,grom,96,mage,fire,6,1,5
Satheril,argent-dawn,96,mage,fire,6,1,5
Slashlife,wrathbringer,96,mage,fire,6,1,5
Nerzzhul,burning-legion,96,mage,fire,6,1,5
Камаёри,howling-fjord,96,mage,fire,6,1,5
Jæel,archimonde,96,mage,fire,6,1,5
Uskomaaginen,ravencrest,96,mage,fire,6,1,5
Ckrax,sanguino,96,mage,fire,6,1,5
Mexxî,thrall,96,mage,fire,6,1,5
Dualin,sanguino,96,mage,fire,6,1,5
Tachipiirina,nemesis,96,mage,fire,12,1,11
Mallphass,dalaran,96,mage,fire,12,1,11
Kenny,nerzhul,96,mage,fire,12,1,11
Syltris,drakthul,96,mage,fire,18,1,17
Pyrias,sylvanas,95,mage,fire,6,1,5
Castaneda,hellfire,95,mage,fire,6,1,5
Shâdozy,blackmoore,89,mage,fire,6,3,3
Hecht,burning-legion,64,mage,fire,4,1,3
Alkhazzar,defias-brotherhood,64,mage,fire,4,1,3
Preí,archimonde,42,mage,fire,12,3,9
Озобочений,greymane,31,mage,fire,2,1,1
Volksmagier,ravencrest,16,mage,fire,1,1,0
Ðøæø,twisting-nether,16,mage,fire,1,1,0
Fayja,draenor,16,mage,fire,1,1,0
Partypower,twisting-nether,2295,mage,frost,213,111,102
Chikounet,archimonde,2188,mage,frost,150,78,72
Ðeejkñ,archimonde,2139,mage,frost,72,45,27
Avizura,kazzak,2134,mage,frost,60,35,25
Laynerz,kazzak,2132,mage,frost,67,38,29
Kilstine,outland,2126,mage,frost,78,39,39
Naynn,archimonde,2114,mage,frost,110,62,48
Tommy,laughing-skull,2113,mage,frost,100,48,52
Dastion,ravencrest,2105,mage,frost,91,45,46
Макотшельник,gordunni,2091,mage,frost,85,54,31
Philoû,archimonde,2089,mage,frost,133,66,67
Søz,agamaggan,2059,mage,frost,161,79,82
Fakér,ravencrest,2058,mage,frost,184,88,96
Watchmeclic,archimonde,2053,mage,frost,96,46,50
Медивера,gordunni,2048,mage,frost,101,52,49
Serctheone,ravencrest,2043,mage,frost,190,94,96
Sóz,ravencrest,2033,mage,frost,109,51,58
Яшабурстх,blackscar,2029,mage,frost,95,53,42
Ticklefinger,agamaggan,2004,mage,frost,59,40,19
Arnoldkelly,tarren-mill,1998,mage,frost,55,32,23
Kurtkiels,draenor,1995,mage,frost,78,36,42
Барсуктри,deathguard,1984,mage,frost,60,30,30
Ràiku,ravencrest,1983,mage,frost,60,30,30
Evovar,silvermoon,1981,mage,frost,119,59,60
Kalamaras,quelthalas,1972,mage,frost,62,30,32
Oscarwizyo,ravencrest,1968,mage,frost,77,36,41
Voerk,twisting-nether,1955,mage,frost,88,46,42
Gavno,ravencrest,1955,mage,frost,54,26,28
Øscarwizyo,ravencrest,1940,mage,frost,78,38,40
Efes,dun-modr,1934,mage,frost,58,32,26
Sìckofme,aegwynn,1929,mage,frost,42,29,13
Setyouoncs,ravencrest,1927,mage,frost,84,42,42
Drfeeldgoodd,mazrigos,1920,mage,frost,123,60,63
Abovè,outland,1918,mage,frost,54,23,31
Sukmikok,twisting-nether,1911,mage,frost,190,94,96
Nilitar,kazzak,1910,mage,frost,60,24,36
Watchmeclick,archimonde,1909,mage,frost,36,20,16
Môv,tarren-mill,1902,mage,frost,63,31,32
Oseri,defias-brotherhood,1897,mage,frost,155,73,82
Santriss,defias-brotherhood,1883,mage,frost,72,36,36
Zimbabweborc,burning-legion,1875,mage,frost,100,62,38
Незерёб,soulflayer,1874,mage,frost,126,63,63
Ввнд,galakrond,1869,mage,frost,60,27,33
Zhodusqt,ragnaros,1859,mage,frost,54,27,27
Аресуперпрес,gordunni,1858,mage,frost,58,28,30
Bebenm,archimonde,1857,mage,frost,42,28,14
Néiloth,frostmane,1857,mage,frost,53,25,28
Henqo,burning-legion,1856,mage,frost,64,30,34
Ëloenn,dalaran,1855,mage,frost,53,24,29
Cleophe,burning-legion,1853,mage,frost,81,44,37
Arkhaen,archimonde,1848,mage,frost,71,36,35
Mlodysimba,burning-legion,1843,mage,frost,64,34,30
Akyrâz,blackrock,1841,mage,frost,160,70,90
Auchenax,argent-dawn,1839,mage,frost,167,84,83
Aìnz,hyjal,1837,mage,frost,60,27,33
Silverlining,ravencrest,1830,mage,frost,169,88,81
Emoden,silvermoon,1828,mage,frost,313,163,150
Exone,sylvanas,1828,mage,frost,66,32,34
Lyndsey,dalaran,1826,mage,frost,65,31,34
Laurents,silvermoon,1825,mage,frost,128,86,42
Shíróyama,ravencrest,1824,mage,frost,217,119,98
Rosady,ragnaros,1824,mage,frost,113,57,56
Soz,agamaggan,1823,mage,frost,42,23,19
Zoot,ravencrest,1823,mage,frost,102,49,53
Èverix,ravencrest,1823,mage,frost,106,47,59
Goneforever,draenor,1820,mage,frost,42,27,15
Мэдвэйз,gordunni,1819,mage,frost,48,31,17
Søbert,hyjal,1818,mage,frost,36,22,14
Zøe,aggra-português,1817,mage,frost,60,38,22
Stîckî,malganis,1814,mage,frost,69,31,38
Pryt,ragnaros,1813,mage,frost,137,78,59
Crylz,kazzak,1813,mage,frost,59,28,31
Djdankzter,outland,1812,mage,frost,42,19,23
Máximus,ravencrest,1809,mage,frost,53,27,26
Reflexz,thrall,1805,mage,frost,42,25,17
Xmoo,blackrock,1805,mage,frost,48,24,24
Novaco,ravencrest,1805,mage,frost,59,29,30
Mßs,outland,1804,mage,frost,48,24,24
Baconlance,stormscale,1803,mage,frost,42,23,19
Missl,draenor,1803,mage,frost,74,34,40
Tellysia,blackmoore,1802,mage,frost,47,26,21
Praison,defias-brotherhood,1802,mage,frost,69,38,31
Ghettomagé,aegwynn,1802,mage,frost,42,22,20
Símple,sylvanas,1802,mage,frost,60,27,33
Kiirin,drakthul,1801,mage,frost,57,34,23
Lidely,kazzak,1800,mage,frost,30,19,11
Kyomachix,ahnqiraj,1799,mage,frost,54,31,23
Whócárés,dragonmaw,1798,mage,frost,45,32,13
Stickiburn,malganis,1797,mage,frost,87,42,45
Knometsj,ravencrest,1796,mage,frost,48,26,22
Løwskìll,outland,1795,mage,frost,95,53,42
Einsmagus,blackrock,1793,mage,frost,60,31,29
Arimila,sylvanas,1788,mage,frost,222,117,105
Mgtowforlife,ravencrest,1785,mage,frost,194,97,97
Onnÿy,dun-modr,1781,mage,frost,80,37,43
Dodgezdream,kazzak,1779,mage,frost,40,32,8
Chazs,kazzak,1778,mage,frost,72,36,36
Rekzaop,ravencrest,1778,mage,frost,108,48,60
Polÿmorph,stormscale,1774,mage,frost,65,33,32
Medara,darkspear,1768,mage,frost,72,38,34
Lorothar,blackhand,1767,mage,frost,66,28,38
Buffenhance,ravencrest,1764,mage,frost,65,28,37
Ovrpwrdxd,kazzak,1763,mage,frost,24,20,4
Wmp,ravencrest,1763,mage,frost,42,23,19
Калихор,gordunni,1762,mage,frost,54,33,21
Sorrow,outland,1762,mage,frost,84,39,45
Shakéx,outland,1758,mage,frost,51,26,25
Sâkuya,blackrock,1756,mage,frost,122,60,62
Äntigood,outland,1755,mage,frost,161,85,76
Wracrz,argent-dawn,1755,mage,frost,90,47,43
Gossipgirlz,outland,1754,mage,frost,268,133,135
Sunehx,blackrock,1753,mage,frost,54,30,24
Колинас,soulflayer,1748,mage,frost,101,50,51
Алаурс,howling-fjord,1748,mage,frost,114,56,58
Ephixis,ravencrest,1748,mage,frost,84,36,48
Mexxî,thrall,1747,mage,frost,78,41,37
Nightfee,eredar,1745,mage,frost,42,21,21
Nightnovae,ravencrest,1743,mage,frost,109,49,60
Jirø,cthun,1738,mage,frost,130,65,65
Mumage,blackrock,1735,mage,frost,60,32,28
Jocelynn,aggramar,1735,mage,frost,65,27,38
Rambau,archimonde,1731,mage,frost,227,112,115
Soloqtarget,archimonde,1730,mage,frost,110,55,55
Layzzy,kazzak,1730,mage,frost,180,89,91
Darkoftw,ysondre,1729,mage,frost,125,58,67
Bombswag,bloodhoof,1727,mage,frost,179,89,90
Neymar,aszune,1725,mage,frost,35,24,11
Blackfirez,ravencrest,1725,mage,frost,30,18,12
Гелиадо,soulflayer,1724,mage,frost,42,19,23
Lìx,ravencrest,1723,mage,frost,35,20,15
Sylbris,outland,1722,mage,frost,131,62,69
Nozarashí,hyjal,1719,mage,frost,103,51,52
Dastion,sylvanas,1718,mage,frost,36,18,18
Sìsia,ragnaros,1717,mage,frost,30,18,12
Tánu,quelthalas,1717,mage,frost,66,32,34
Аквамелис,gordunni,1717,mage,frost,60,28,32
Thinamerican,defias-brotherhood,1715,mage,frost,48,31,17
Nickg,ravencrest,1714,mage,frost,48,25,23
Whïm,ysondre,1714,mage,frost,89,35,54
Raíner,eredar,1708,mage,frost,78,44,34
Shalien,tarren-mill,1704,mage,frost,65,35,30
Lzd,ravencrest,1702,mage,frost,30,18,12
Marybaguette,archimonde,1702,mage,frost,54,25,29
Axhole,darksorrow,1700,mage,frost,48,23,25
Fireblood,runetotem,1700,mage,frost,72,32,40
Tfmchamp,ravencrest,1698,mage,frost,33,22,11
Ishimura,eredar,1697,mage,frost,54,31,23
Ãshs,archimonde,1696,mage,frost,50,21,29
Леракобольд,gordunni,1695,mage,frost,41,20,21
Mlogic,tarren-mill,1695,mage,frost,59,27,32
Slobbery,aggramar,1694,mage,frost,54,29,25
Melíssa,silvermoon,1692,mage,frost,36,25,11
Hambones,outland,1692,mage,frost,69,30,39
Dènzx,ravencrest,1690,mage,frost,24,18,6
Alearis,die-aldor,1690,mage,frost,72,38,34
Jaimey,blackhand,1690,mage,frost,161,75,86
Frostgodxqt,ravencrest,1689,mage,frost,105,58,47
Donishakur,ragnaros,1689,mage,frost,61,28,33
Ironhood,nemesis,1685,mage,frost,42,24,18
Swizzy,arathor,1685,mage,frost,70,38,32
Jezí,ghostlands,1684,mage,frost,48,22,26
Labyssra,argent-dawn,1683,mage,frost,56,30,26
Esscheppert,blackrock,1683,mage,frost,114,53,61
Xep,ragnaros,1682,mage,frost,54,27,27
Jenggot,ravencrest,1681,mage,frost,35,18,17
Chíefsheep,thrall,1680,mage,frost,65,31,34
Vilain,tarren-mill,1678,mage,frost,35,18,17
Xirrasho,argent-dawn,1677,mage,frost,42,22,20
Fîsheye,blackrock,1676,mage,frost,30,18,12
Helminsterr,archimonde,1674,mage,frost,78,42,36
Tiqma,sylvanas,1673,mage,frost,42,23,19
Саваннхмаег,blackscar,1665,mage,frost,57,34,23
Tdv,draenor,1664,mage,frost,45,23,22
Lïppoutou,archimonde,1663,mage,frost,35,18,17
Bigacombusta,tarren-mill,1661,mage,frost,72,33,39
Quinella,ravencrest,1660,mage,frost,137,73,64
Reðemption,dun-modr,1659,mage,frost,35,23,12
Rankonedeep,kazzak,1659,mage,frost,57,34,23
Snowsánji,blackmoore,1656,mage,frost,41,21,20
Gensorèd,darksorrow,1655,mage,frost,74,36,38
Trowbe,blackmoore,1654,mage,frost,48,26,22
Гекомория,fordragon,1654,mage,frost,74,39,35
Манакса,gordunni,1654,mage,frost,54,24,30
Smashdown,blackrock,1653,mage,frost,48,27,21
Bigkent,stormscale,1653,mage,frost,48,22,26
Nebbur,dun-modr,1650,mage,frost,54,25,29
Lo,kilrogg,1649,mage,frost,120,57,63
Tagrine,kaelthas,1648,mage,frost,102,49,53
Hógwarts,aegwynn,1646,mage,frost,78,42,36
Wýr,archimonde,1646,mage,frost,86,44,42
Johnnydeepp,archimonde,1646,mage,frost,36,18,18
Pharohe,stormscale,1646,mage,frost,57,26,31
Келлазар,gordunni,1645,mage,frost,72,34,38
Rukiax,blackrock,1645,mage,frost,54,18,36
Djflashz,archimonde,1644,mage,frost,42,18,24
Firebaw,tarren-mill,1643,mage,frost,36,25,11
Мэтаскрим,soulflayer,1642,mage,frost,96,40,56
Dostoïevskix,hyjal,1640,mage,frost,30,19,11
Senedai,stormscale,1640,mage,frost,67,35,32
Emesarry,scarshield-legion,1636,mage,frost,29,18,11
Ahdetärjag,silvermoon,1636,mage,frost,47,26,21
Magerocks,ragnaros,1635,mage,frost,36,20,16
Sondremage,outland,1635,mage,frost,134,60,74
Pezi,outland,1634,mage,frost,50,31,19
Demensida,ravencrest,1634,mage,frost,190,100,90
Jonku,tarren-mill,1634,mage,frost,59,31,28
Obbcontrol,ravencrest,1633,mage,frost,48,21,27
Xall,silvermoon,1632,mage,frost,48,29,19
Vilenciaga,kazzak,1632,mage,frost,72,37,35
Scorchira,outland,1631,mage,frost,30,18,12
Манахк,gordunni,1631,mage,frost,42,19,23
Asiman,eredar,1631,mage,frost,51,22,29
Райоми,fordragon,1630,mage,frost,172,88,84
Thesiôu,ravencrest,1629,mage,frost,36,20,16
Buddi,burning-blade,1629,mage,frost,287,148,139
Highrollerqt,tarren-mill,1628,mage,frost,66,37,29
Lilblinks,silvermoon,1627,mage,frost,64,37,27
Озобочений,greymane,1627,mage,frost,85,43,42
Dsmoke,ravencrest,1627,mage,frost,75,35,40
Unsaìntly,kult-der-verdammten,1625,mage,frost,37,17,20
Glowie,stormreaver,1623,mage,frost,36,20,16
Xenant,ravencrest,1623,mage,frost,42,18,24
Kaeser,ravencrest,1622,mage,frost,101,52,49
Emerlyn,ragnaros,1618,mage,frost,30,17,13
Shakeándbake,ravencrest,1618,mage,frost,36,17,19
Samath,conseil-des-ombres,1618,mage,frost,48,21,27
Sykz,hyjal,1617,mage,frost,65,35,30
Digi,ravencrest,1617,mage,frost,57,22,35
Anaxtra,guldan,1616,mage,frost,147,70,77
Frígíd,outland,1616,mage,frost,42,19,23
Covran,stormscale,1614,mage,frost,30,17,13
Bestial,alexstrasza,1614,mage,frost,122,57,65
Apeex,chamber-of-aspects,1612,mage,frost,96,48,48
Манаксаа,gordunni,1612,mage,frost,45,21,24
Джейнанис,gordunni,1611,mage,frost,88,50,38
Xæll,silvermoon,1611,mage,frost,114,61,53
Sheepmaster,aegwynn,1611,mage,frost,42,22,20
Jennao,stormscale,1610,mage,frost,35,21,14
Sheepthrillz,blackmoore,1609,mage,frost,41,24,17
Mollymorph,ragnaros,1609,mage,frost,54,21,33
Frostandrew,twisting-nether,1608,mage,frost,41,23,18
Boomboomciao,nemesis,1608,mage,frost,108,53,55
Мэдраша,gordunni,1608,mage,frost,36,17,19
Mupana,nagrand,1607,mage,frost,150,76,74
Espressno,ravencrest,1606,mage,frost,30,19,11
Tills,kargath,1606,mage,frost,42,20,22
Ðazzftw,archimonde,1605,mage,frost,24,17,7
Dubstep,blackrock,1605,mage,frost,48,23,25
Zauberdose,blackhand,1605,mage,frost,42,20,22
Манахк,blackscar,1605,mage,frost,53,21,32
Jamzymage,emerald-dream,1604,mage,frost,30,17,13
Copyright,deathwing,1604,mage,frost,36,17,19
Noxkin,stormscale,1603,mage,frost,36,17,19
Magethings,kazzak,1603,mage,frost,54,25,29
Únna,sanguino,1602,mage,frost,93,54,39
Фирдаркнесс,howling-fjord,1602,mage,frost,36,19,17
Bzzr,tarren-mill,1601,mage,frost,54,35,19
Réd,earthen-ring,1601,mage,frost,77,36,41
Snaapz,kazzak,1600,mage,frost,48,22,26
Icefix,dun-modr,1599,mage,frost,119,67,52
Absoluteswag,tarren-mill,1598,mage,frost,39,22,17
Takayaki,terokkar,1598,mage,frost,80,42,38
Schmutzki,eredar,1597,mage,frost,55,32,23
Mecharience,rexxar,1597,mage,frost,33,18,15
Iroya,festung-der-stürme,1597,mage,frost,179,90,89
Sweetcandy,outland,1595,mage,frost,83,46,37
Muchmage,silvermoon,1594,mage,frost,48,20,28
Лакифриз,gordunni,1592,mage,frost,81,47,34
Вольняша,azuregos,1591,mage,frost,112,49,63
Sersei,garona,1590,mage,frost,36,17,19
Khimeron,twisting-nether,1589,mage,frost,42,17,25
Knúbbz,ravencrest,1588,mage,frost,36,18,18
Okayhehexd,dun-morogh,1586,mage,frost,90,51,39
Leafløver,ravencrest,1586,mage,frost,59,30,29
Blasty,guldan,1585,mage,frost,75,32,43
Joulz,ravencrest,1583,mage,frost,200,94,106
Ёкай,soulflayer,1582,mage,frost,199,111,88
Ôbsury,hyjal,1581,mage,frost,106,56,50
Гамаюнх,deathguard,1581,mage,frost,48,23,25
Chicke,outland,1580,mage,frost,28,18,10
Óuíja,outland,1576,mage,frost,45,28,17
Nimdáá,stormscale,1575,mage,frost,204,113,91
Мибринк,soulflayer,1575,mage,frost,72,32,40
Bumbumdead,sylvanas,1573,mage,frost,60,30,30
Аваон,deathguard,1572,mage,frost,123,65,58
Homellander,silvermoon,1571,mage,frost,347,181,166
Opíum,tarren-mill,1570,mage,frost,48,27,21
Dubbleblast,draenor,1570,mage,frost,48,25,23
Petepan,argent-dawn,1570,mage,frost,109,53,56
Ингилейф,howling-fjord,1570,mage,frost,46,18,28
Datpolytho,twisting-nether,1567,mage,frost,54,36,18
Tjq,ravencrest,1567,mage,frost,218,111,107
Girldalf,silvermoon,1567,mage,frost,225,111,114
Левелнес,howling-fjord,1567,mage,frost,74,32,42
Ceillech,blackrock,1564,mage,frost,76,38,38
Hbarftw,ravencrest,1562,mage,frost,59,30,29
Astaden,die-aldor,1561,mage,frost,63,37,26
Itzlucky,twisting-nether,1561,mage,frost,166,82,84
Karstnstenzl,blackrock,1559,mage,frost,42,22,20
Вендайса,soulflayer,1558,mage,frost,268,153,115
Chareyla,argent-dawn,1558,mage,frost,83,42,41
Afterimage,zuljin,1556,mage,frost,122,57,65
Gaduz,kazzak,1556,mage,frost,72,31,41
Vannq,silvermoon,1551,mage,frost,77,34,43
Kaì,twisting-nether,1548,mage,frost,95,56,39
Mxrrz,kazzak,1547,mage,frost,211,111,100
Icydeadsheep,draenor,1547,mage,frost,72,28,44
Ghalanz,ravencrest,1545,mage,frost,60,29,31
Бингчилинг,howling-fjord,1543,mage,frost,64,30,34
Старкскрим,gordunni,1542,mage,frost,100,48,52
Koreanbbq,outland,1541,mage,frost,42,18,24
Necizbored,tarren-mill,1539,mage,frost,48,30,18
Nàtcho,tichondrius,1535,mage,frost,60,35,25
Elcritadoré,ragnaros,1535,mage,frost,46,23,23
Sakuranosuke,twisting-nether,1534,mage,frost,36,20,16
Realone,ragnaros,1534,mage,frost,69,32,37
Newintown,blackmoore,1533,mage,frost,56,30,26
Lesoleil,archimonde,1532,mage,frost,36,24,12
Walian,burning-blade,1532,mage,frost,42,24,18
Alluryeine,draenor,1531,mage,frost,59,34,25
Shøcked,blackrock,1531,mage,frost,78,35,43
Миднаит,gordunni,1531,mage,frost,105,47,58
Фоулли,howling-fjord,1528,mage,frost,34,17,17
Kèj,kazzak,1528,mage,frost,39,19,20
Aceripper,ragnaros,1526,mage,frost,33,23,10
Fullpolly,twisting-nether,1525,mage,frost,36,23,13
Aurelius,kargath,1525,mage,frost,36,21,15
Evilmagíc,tarren-mill,1523,mage,frost,30,16,14
Manafuzz,outland,1521,mage,frost,36,17,19
Фемна,soulflayer,1520,mage,frost,160,86,74
Qùb,eldrethalas,1519,mage,frost,42,23,19
Excuses,chamber-of-aspects,1519,mage,frost,314,155,159
Rihnou,blackmoore,1519,mage,frost,107,48,59
Larmp,outland,1517,mage,frost,42,16,26
Ney,drakthul,1516,mage,frost,24,16,8
Sekulicgoga,draenor,1515,mage,frost,309,168,141
Mystikj,arathor,1514,mage,frost,36,16,20
Xoouuboo,eredar,1513,mage,frost,30,16,14
Митгори,gordunni,1511,mage,frost,42,23,19
Vyuca,argent-dawn,1511,mage,frost,58,29,29
Iverson,kazzak,1511,mage,frost,87,36,51
Nutsa,silvermoon,1507,mage,frost,35,18,17
Rexør,frostwolf,1505,mage,frost,54,31,23
Denaleidi,stormscale,1505,mage,frost,54,30,24
Ckrax,sanguino,1504,mage,frost,48,24,24
Zaruna,arathor,1503,mage,frost,81,43,38
Isralysa,ravencrest,1502,mage,frost,257,134,123
Dzikk,silvermoon,1502,mage,frost,66,34,32
Ðíø,twisting-nether,1498,mage,frost,40,21,19
Skretx,archimonde,1497,mage,frost,24,17,7
Spellcast,ravencrest,1496,mage,frost,33,18,15
Риктусемпра,ashenvale,1495,mage,frost,36,24,12
Tainted,eredar,1495,mage,frost,59,31,28
Pipihu,silvermoon,1494,mage,frost,66,36,30
Aeternitaz,outland,1492,mage,frost,53,28,25
Dabka,argent-dawn,1491,mage,frost,289,148,141
Averus,outland,1490,mage,frost,36,21,15
Мозифрост,gordunni,1490,mage,frost,62,23,39
Sukky,todeswache,1489,mage,frost,34,17,17
Сосулькина,gordunni,1488,mage,frost,95,50,45
Qqpwn,ragnaros,1488,mage,frost,76,38,38
Wslyx,dun-morogh,1488,mage,frost,72,28,44
Warwizz,sanguino,1487,mage,frost,40,22,18
Borko,rashgarroth,1486,mage,frost,36,19,17
Icekíss,hyjal,1486,mage,frost,70,33,37
Plætinum,ravencrest,1485,mage,frost,198,100,98
Оай,gordunni,1485,mage,frost,66,29,37
Wukidiwn,draenor,1484,mage,frost,48,18,30
Confine,twisting-nether,1483,mage,frost,174,91,83
Beaun,tarren-mill,1483,mage,frost,129,66,63
Корадо,gordunni,1483,mage,frost,120,54,66
Knoxvit,tarren-mill,1481,mage,frost,57,33,24
Datakrigern,tarren-mill,1480,mage,frost,41,22,19
Tromie,archimonde,1479,mage,frost,191,96,95
Scaleeth,kazzak,1479,mage,frost,40,18,22
Тачмахал,soulflayer,1478,mage,frost,60,31,29
Octtmiss,twisting-nether,1476,mage,frost,33,17,16
Borêta,blackrock,1475,mage,frost,156,75,81
Spamblink,archimonde,1474,mage,frost,63,18,45
Lyès,uldaman,1473,mage,frost,42,21,21
Rodatudo,ravencrest,1472,mage,frost,82,37,45
Sciren,nagrand,1471,mage,frost,31,16,15
Widmage,silvermoon,1469,mage,frost,140,63,77
Tôke,kaelthas,1467,mage,frost,66,38,28
Kelthuzed,twisting-nether,1466,mage,frost,33,18,15
Snakebit,kazzak,1465,mage,frost,118,59,59
Saucise,hyjal,1465,mage,frost,72,36,36
Xue,azshara,1465,mage,frost,48,21,27
Fïttan,stormscale,1464,mage,frost,44,20,24
Stace,area-52,1463,mage,frost,54,19,35
Frostique,kazzak,1460,mage,frost,97,54,43
Phélenia,sargeras,1459,mage,frost,96,46,50
Trais,blackrock,1458,mage,frost,33,22,11
Surlancealot,outland,1458,mage,frost,59,25,34
Lolmageop,aegwynn,1457,mage,frost,35,16,19
Zoba,sylvanas,1457,mage,frost,42,18,24
Свдпро,deathguard,1456,mage,frost,64,30,34
Spellfaker,drakthul,1454,mage,frost,27,18,9
Метох,soulflayer,1454,mage,frost,168,78,90
Анзот,howling-fjord,1453,mage,frost,82,47,35
Sandalf,lightnings-blade,1453,mage,frost,50,25,25
Ia,kirin-tor,1452,mage,frost,46,25,21
Airo,drakthul,1451,mage,frost,36,22,14
Novalia,wrathbringer,1451,mage,frost,101,55,46
Sangumage,silvermoon,1451,mage,frost,54,25,29
Azkarr,stormscale,1450,mage,frost,59,33,26
Råståfåri,uldum,1450,mage,frost,95,42,53
Heathrow,ravencrest,1449,mage,frost,75,44,31
Dllarky,drakthul,1448,mage,frost,48,24,24
Khivax,twisting-nether,1448,mage,frost,66,27,39
Woorm,sylvanas,1446,mage,frost,76,44,32
Summermàge,ravencrest,1444,mage,frost,60,29,31
Учительйода,ashenvale,1442,mage,frost,42,27,15
Afklow,pozzo-delleternità,1442,mage,frost,39,21,18
Maquiwizz,aggra-português,1442,mage,frost,54,27,27
Alkhazzar,defias-brotherhood,1442,mage,frost,280,136,144
Eldariel,ravencrest,1442,mage,frost,83,39,44
Rusdorcito,frostwhisper,1442,mage,frost,51,18,33
Левченкопро,soulflayer,1437,mage,frost,184,98,86
Shunii,ravencrest,1437,mage,frost,32,16,16
Comodus,ragnaros,1437,mage,frost,112,52,60
Nilys,chogall,1436,mage,frost,24,19,5
Shnitz,stormscale,1436,mage,frost,24,15,9
Hayaka,sanguino,1435,mage,frost,59,30,29
Charliezard,argent-dawn,1435,mage,frost,36,15,21
Нереварин,soulflayer,1435,mage,frost,42,15,27
Babyboyj,blackmoore,1434,mage,frost,36,15,21
Hazzá,ravencrest,1433,mage,frost,24,15,9
Fistersfrizz,aegwynn,1432,mage,frost,58,34,24
Maege,ragnaros,1432,mage,frost,32,17,15
Quadekun,tarren-mill,1432,mage,frost,30,15,15
Stillfrostin,blackrock,1430,mage,frost,60,38,22
Valyndra,twisting-nether,1429,mage,frost,24,15,9
Фростидзе,gordunni,1427,mage,frost,60,27,33
Пиньон,borean-tundra,1425,mage,frost,36,21,15
Azakadabra,ysondre,1425,mage,frost,55,31,24
Bebarz,darksorrow,1425,mage,frost,124,65,59
Spellsteal,antonidas,1425,mage,frost,48,23,25
Hernêise,silvermoon,1423,mage,frost,179,92,87
Файрусх,blackscar,1422,mage,frost,60,33,27
Gêrky,drakthul,1422,mage,frost,108,53,55
Koreanbbq,kazzak,1422,mage,frost,65,31,34
Næj,hyjal,1421,mage,frost,30,15,15
Luxxurious,xavius,1421,mage,frost,40,18,22
Jedite,die-todeskrallen,1420,mage,frost,218,114,104
Tærrëñshíll,tarren-mill,1420,mage,frost,36,15,21
Nightplays,sylvanas,1419,mage,frost,42,26,16
Naylz,archimonde,1419,mage,frost,30,15,15
Flavie,hellfire,1418,mage,frost,24,20,4
Iceiceice,stormscale,1418,mage,frost,54,30,24
Icé,auchindoun,1418,mage,frost,36,15,21
Velâska,malganis,1417,mage,frost,90,54,36
Hellionblast,ragnaros,1416,mage,frost,30,15,15
Texita,sylvanas,1414,mage,frost,35,21,14
Сэрруденкент,soulflayer,1414,mage,frost,36,20,16
Shainax,dun-modr,1414,mage,frost,143,71,72
Ilovedana,dun-modr,1414,mage,frost,56,16,40
Hexmath,tarren-mill,1413,mage,frost,30,15,15
Messatsux,tarren-mill,1411,mage,frost,30,15,15
Нонекс,soulflayer,1411,mage,frost,71,33,38
Zionw,frostwolf,1410,mage,frost,121,60,61
Psika,kazzak,1410,mage,frost,91,40,51
Xyfys,azshara,1409,mage,frost,24,15,9
Дарнивил,gordunni,1409,mage,frost,176,89,87
Seyece,silvermoon,1408,mage,frost,53,31,22
Elcølgaø,sanguino,1406,mage,frost,90,39,51
Firehasse,draenor,1400,mage,frost,104,57,47
Sixx,aegwynn,1400,mage,frost,41,19,22
Shagee,stormscale,1399,mage,frost,30,16,14
Kippercarry,outland,1398,mage,frost,30,15,15
Pluribusunum,outland,1398,mage,frost,38,17,21
Frèézê,frostwolf,1398,mage,frost,36,16,20
Raikøn,blackmoore,1395,mage,frost,36,19,17
Illius,kelthuzad,1395,mage,frost,61,32,29
Elynaé,draenor,1395,mage,frost,70,33,37
Cavadrex,arathor,1393,mage,frost,36,15,21
Apócalyptic,tarren-mill,1392,mage,frost,76,44,32
Lovma,doomhammer,1391,mage,frost,42,23,19
Ymirë,khaz-modan,1391,mage,frost,45,20,25
Wormhole,kazzak,1389,mage,frost,42,17,25
Løxyy,ysondre,1385,mage,frost,32,17,15
Umaguma,elune,1382,mage,frost,53,26,27
Синийлед,galakrond,1382,mage,frost,144,69,75
Derbomber,guldan,1382,mage,frost,41,16,25
Lukewizard,twisting-nether,1381,mage,frost,56,32,24
Iulie,kazzak,1381,mage,frost,180,90,90
Zice,antonidas,1380,mage,frost,34,18,16
Leonora,blackhand,1380,mage,frost,60,22,38
Bolesnimage,draenor,1376,mage,frost,53,31,22
Arridon,echsenkessel,1375,mage,frost,65,35,30
Моритакаа,gordunni,1375,mage,frost,96,49,47
Nevaehine,ravencrest,1374,mage,frost,186,97,89
Eclyftw,blackmoore,1374,mage,frost,36,16,20
Find,archimonde,1373,mage,frost,86,36,50
Lsdt,stormscale,1372,mage,frost,42,16,26
Oizar,hyjal,1371,mage,frost,48,25,23
Цепнойпёс,goldrinn,1371,mage,frost,34,17,17
Shüri,kazzak,1370,mage,frost,84,46,38
Daneliam,outland,1369,mage,frost,55,28,27
Laenadria,argent-dawn,1369,mage,frost,83,36,47
Mohovik,wildhammer,1368,mage,frost,30,15,15
Орижн,howling-fjord,1366,mage,frost,53,29,24
Smöked,tarren-mill,1366,mage,frost,300,153,147
Alicánte,silvermoon,1365,mage,frost,66,29,37
Calina,azshara,1364,mage,frost,23,15,8
Iceorb,azshara,1364,mage,frost,114,52,62
Arlunea,blackmoore,1364,mage,frost,50,20,30
Фрайбл,gordunni,1361,mage,frost,31,16,15
Жемчужина,eversong,1361,mage,frost,36,18,18
Cheerió,aggramar,1360,mage,frost,254,118,136
Däpper,ragnaros,1357,mage,frost,42,16,26
Енотмаг,gordunni,1356,mage,frost,42,20,22
Katarapower,silvermoon,1355,mage,frost,309,152,157
Xaerow,archimonde,1354,mage,frost,30,18,12
Гунмаказ,soulflayer,1353,mage,frost,58,34,24
Gàtsby,outland,1351,mage,frost,60,30,30
Sylênna,kazzak,1347,mage,frost,60,30,30
Corpusqq,eredar,1347,mage,frost,54,26,28
Morphees,twisting-nether,1345,mage,frost,42,25,17
Manvo,bloodscalp,1345,mage,frost,60,23,37
Mercem,stormscale,1344,mage,frost,24,14,10
Jíncks,anachronos,1344,mage,frost,24,14,10
Preí,archimonde,1344,mage,frost,37,15,22
Wickedblink,ravencrest,1343,mage,frost,24,14,10
Seikatsu,sylvanas,1343,mage,frost,30,14,16
Mizt,ragnaros,1343,mage,frost,36,14,22
Abolf,twisting-nether,1342,mage,frost,36,20,16
Thry,bronzebeard,1342,mage,frost,66,30,36
Dmmeforcam,archimonde,1340,mage,frost,26,15,11
Tàylerdarden,nemesis,1340,mage,frost,83,36,47
Jokiss,draenor,1339,mage,frost,114,57,57
Immobilizer,eredar,1339,mage,frost,78,39,39
Лемозюка,gordunni,1338,mage,frost,24,14,10
Tacto,ravencrest,1338,mage,frost,202,108,94
Grandbasile,hyjal,1338,mage,frost,30,14,16
Деорро,gordunni,1338,mage,frost,30,14,16
Cinoox,blackrock,1337,mage,frost,34,15,19
Pruneau,hyjal,1336,mage,frost,53,28,25
Animaze,argent-dawn,1335,mage,frost,155,88,67
Mfnz,stormreaver,1335,mage,frost,41,18,23
Tirenia,bloodfeather,1335,mage,frost,41,15,26
Spelltastíc,blackmoore,1333,mage,frost,24,14,10
Marikisanx,blackmoore,1333,mage,frost,24,14,10
Rodeyy,nathrezim,1332,mage,frost,24,14,10
Imbatto,quelthalas,1332,mage,frost,42,20,22
Destruct,doomhammer,1331,mage,frost,66,38,28
Shinzel,hyjal,1331,mage,frost,64,26,38
Adagar,chamber-of-aspects,1329,mage,frost,60,28,32
Кройзис,howling-fjord,1328,mage,frost,80,46,34
Викликс,borean-tundra,1328,mage,frost,46,26,20
Zwölfte,outland,1327,mage,frost,124,71,53
Игрдлпдров,gordunni,1327,mage,frost,72,34,38
Pronyma,outland,1327,mage,frost,30,14,16
Dïabolike,archimonde,1326,mage,frost,36,22,14
Phenoxi,sylvanas,1325,mage,frost,24,14,10
Tìnder,tarren-mill,1324,mage,frost,78,40,38
Bumboozling,kazzak,1324,mage,frost,30,14,16
Discomorph,the-maelstrom,1322,mage,frost,24,14,10
Quilava,ghostlands,1322,mage,frost,49,26,23
Tarkún,dun-modr,1321,mage,frost,66,39,27
Sused,outland,1321,mage,frost,30,16,14
Маушко,soulflayer,1321,mage,frost,77,40,37
Nïo,ravencrest,1318,mage,frost,36,19,17
Mdog,stormreaver,1317,mage,frost,68,35,33
Meydoum,archimonde,1316,mage,frost,30,17,13
Кварийм,howling-fjord,1316,mage,frost,80,36,44
Kaaguraa,ravencrest,1315,mage,frost,190,99,91
Lyramage,draenor,1315,mage,frost,42,14,28
Hetaxata,kazzak,1313,mage,frost,32,16,16
Iceym,ravencrest,1313,mage,frost,41,17,24
Bænoß,ravencrest,1312,mage,frost,30,16,14
Iggilaus,blackhand,1312,mage,frost,398,200,198
Crackheads,hyjal,1312,mage,frost,66,30,36
Justleblanc,dalaran,1310,mage,frost,64,28,36
Ímnotback,outland,1306,mage,frost,277,139,138
Sikaia,twisting-nether,1305,mage,frost,87,43,44
Vrajitöru,doomhammer,1304,mage,frost,26,16,10
Lovësosa,hyjal,1304,mage,frost,53,26,27
Alktraz,outland,1302,mage,frost,78,34,44
Magitron,wildhammer,1301,mage,frost,35,18,17
Iceterror,ravencrest,1300,mage,frost,24,15,9
Fractox,ysondre,1300,mage,frost,142,72,70
Quail,anubarak,1300,mage,frost,136,64,72
Oiklo,eitrigg,1300,mage,frost,55,24,31
Máurus,antonidas,1299,mage,frost,54,21,33
Braxxorz,chamber-of-aspects,1298,mage,frost,47,31,16
Psychosiss,kazzak,1298,mage,frost,49,27,22
Momolamoto,hyjal,1295,mage,frost,38,22,16
Pyro,eldrethalas,1294,mage,frost,68,30,38
Магсимум,ashenvale,1292,mage,frost,35,18,17
Caesarclown,silvermoon,1292,mage,frost,141,68,73
Дырявка,galakrond,1292,mage,frost,78,36,42
Winterblues,frostmourne,1291,mage,frost,36,20,16
Mogettemagic,ysondre,1291,mage,frost,42,19,23
Ayoubz,outland,1289,mage,frost,29,14,15
Гатмир,gordunni,1289,mage,frost,243,116,127
Kundry,tarren-mill,1289,mage,frost,42,16,26
Frostjävel,grim-batol,1288,mage,frost,46,24,22
Zoubaz,archimonde,1286,mage,frost,31,16,15
Voldemort,bronzebeard,1284,mage,frost,51,24,27
Delvir,stormreaver,1281,mage,frost,31,15,16
Medium,der-rat-von-dalaran,1279,mage,frost,36,20,16
Xhal,hyjal,1277,mage,frost,36,18,18
Хадъюич,grom,1277,mage,frost,36,18,18
Jackin,burning-legion,1277,mage,frost,66,31,35
Гаразлик,howling-fjord,1277,mage,frost,168,77,91
Edelvise,azjolnerub,1274,mage,frost,54,17,37
Kleini,die-aldor,1273,mage,frost,23,15,8
Шанлис,gordunni,1272,mage,frost,30,16,14
Silvariy,stormscale,1272,mage,frost,142,71,71
Teuboku,ysondre,1271,mage,frost,43,27,16
Tradez,norgannon,1271,mage,frost,42,17,25
Ryydee,silvermoon,1269,mage,frost,254,129,125
Frostspree,wildhammer,1268,mage,frost,37,17,20
Jaghahah,tarren-mill,1267,mage,frost,96,55,41
Lenycz,burning-blade,1266,mage,frost,36,19,17
Asteria,twisting-nether,1265,mage,frost,154,73,81
Vaessi,doomhammer,1263,mage,frost,29,14,15
Zagori,sylvanas,1260,mage,frost,73,34,39
Nups,ravencrest,1260,mage,frost,123,54,69
Shroomie,eredar,1258,mage,frost,78,35,43
Лутиум,howling-fjord,1256,mage,frost,193,104,89
Nuryielle,blackmoore,1256,mage,frost,30,15,15
Aelire,die-aldor,1255,mage,frost,39,16,23
Pwntt,terenas,1250,mage,frost,57,24,33
Vathalis,zuluhed,1249,mage,frost,83,34,49
Проблембойх,gordunni,1248,mage,frost,24,13,11
Dríme,ravencrest,1248,mage,frost,30,14,16
Akúmã,stormscale,1247,mage,frost,248,122,126
Abruaa,tarren-mill,1246,mage,frost,18,13,5
Crzyubrdrver,blackrock,1246,mage,frost,24,13,11
Schaap,tarren-mill,1245,mage,frost,18,13,5
Bengé,ragnaros,1245,mage,frost,22,14,8
Bceps,stormscale,1245,mage,frost,66,35,31
Synblink,eredar,1243,mage,frost,30,13,17
Tabueno,kazzak,1243,mage,frost,36,13,23
Xânârchy,minahonda,1242,mage,frost,72,33,39
Rinuria,blackrock,1241,mage,frost,18,13,5
Suikune,twisting-nether,1241,mage,frost,24,17,7
Dabina,sanguino,1240,mage,frost,54,25,29
Track,blackhand,1238,mage,frost,30,13,17
Titanshao,silvermoon,1237,mage,frost,24,16,8
Bossgb,twisting-nether,1237,mage,frost,75,40,35
Криолетта,gordunni,1237,mage,frost,78,35,43
Вайконд,howling-fjord,1236,mage,frost,50,23,27
Gameboycolor,ravencrest,1233,mage,frost,36,13,23
Pølåris,outland,1231,mage,frost,24,13,11
Zeusmon,ragnaros,1230,mage,frost,53,22,31
Glöden,ravencrest,1228,mage,frost,24,13,11
Widurr,burning-legion,1228,mage,frost,30,13,17
Funakin,blackrock,1228,mage,frost,66,25,41
Фиджарь,soulflayer,1227,mage,frost,153,74,79
Zenó,blackrock,1227,mage,frost,36,13,23
Pyroden,stormscale,1224,mage,frost,42,18,24
Boredpeon,burning-legion,1223,mage,frost,66,34,32
Gliffy,terokkar,1222,mage,frost,49,29,20
Dyx,nemesis,1222,mage,frost,78,33,45
Хблэйз,howling-fjord,1222,mage,frost,36,14,22
Eléaena,argent-dawn,1221,mage,frost,30,13,17
Suidas,auchindoun,1217,mage,frost,66,28,38
Apic,blackrock,1215,mage,frost,23,15,8
Lupuus,anubarak,1215,mage,frost,24,13,11
Deano,outland,1214,mage,frost,24,14,10
Faycia,blackhand,1212,mage,frost,72,30,42
Шеллестун,soulflayer,1210,mage,frost,25,14,11
Вельдрик,soulflayer,1210,mage,frost,178,89,89
Dollzer,khaz-modan,1209,mage,frost,24,13,11
Nandie,stormreaver,1206,mage,frost,38,19,19
Olivaresa,ravencrest,1205,mage,frost,50,17,33
Хоф,deathguard,1204,mage,frost,30,13,17
Zevúlòs,ravencrest,1202,mage,frost,42,28,14
Qtiepatootie,silvermoon,1200,mage,frost,181,94,87
Baravar,blackrock,1199,mage,frost,53,23,30
Flakeh,outland,1198,mage,frost,110,51,59
Séptímus,kazzak,1195,mage,frost,64,28,36
Rektd,blackhand,1193,mage,frost,133,61,72
Phaege,defias-brotherhood,1192,mage,frost,32,15,17
Søphiâ,thrall,1191,mage,frost,72,38,34
Orelox,kazzak,1191,mage,frost,29,13,16
Вескнам,lich-king,1188,mage,frost,72,30,42
Сибиди,gordunni,1185,mage,frost,24,13,11
Fleurdelacur,ravencrest,1182,mage,frost,57,29,28
Seelengott,onyxia,1181,mage,frost,244,120,124
Хируэль,gordunni,1180,mage,frost,98,47,51
Elrorfiniel,draenor,1177,mage,frost,32,13,19
Remantin,blackrock,1177,mage,frost,36,13,23
Scaless,stormscale,1176,mage,frost,77,37,40
Инкрионити,gordunni,1175,mage,frost,23,13,10
Yenkonidas,blackmoore,1175,mage,frost,54,23,31
Quincy,frostwolf,1173,mage,frost,54,24,30
Kótaranka,kazzak,1168,mage,frost,47,21,26
Zvuta,sanguino,1166,mage,frost,18,14,4
Zzombi,sylvanas,1166,mage,frost,81,39,42
Akâri,silvermoon,1166,mage,frost,31,13,18
Морозящий,howling-fjord,1162,mage,frost,165,84,81
Flamya,stormscale,1160,mage,frost,47,20,27
Prinskoekie,twisting-nether,1158,mage,frost,124,48,76
Hagiko,archimonde,1156,mage,frost,21,14,7
Nazø,archimonde,1156,mage,frost,92,42,50
Zanazanelor,twisting-nether,1155,mage,frost,26,13,13
Айсбоунт,eversong,1151,mage,frost,49,27,22
Andors,conseil-des-ombres,1151,mage,frost,24,12,12
Amicuta,ravencrest,1150,mage,frost,48,24,24
Sinanspappa,argent-dawn,1149,mage,frost,18,12,6
Arcticfury,ravencrest,1149,mage,frost,24,12,12
Айсвеном,gordunni,1146,mage,frost,47,20,27
Чистокрут,gordunni,1146,mage,frost,36,12,24
Блья,howling-fjord,1145,mage,frost,54,31,23
Scoodles,kazzak,1145,mage,frost,30,12,18
Roberx,sanguino,1145,mage,frost,30,12,18
Goukí,drakthul,1144,mage,frost,18,12,6
Anamalhoa,aggra-português,1143,mage,frost,54,27,27
Tiltedpapi,ravencrest,1142,mage,frost,46,24,22
Darkseidez,alonsus,1142,mage,frost,24,12,12
Qulinx,kazzak,1142,mage,frost,29,13,16
Maggresive,sylvanas,1140,mage,frost,30,15,15
Iceicebáby,draenor,1139,mage,frost,36,17,19
Frostvirgin,twisting-nether,1138,mage,frost,30,12,18
Frostyfart,tarren-mill,1136,mage,frost,24,12,12
Aern,sinstralis,1136,mage,frost,30,12,18
Дивеансерт,blackscar,1136,mage,frost,36,13,23
Rafaeala,argent-dawn,1135,mage,frost,121,64,57
Saphiregos,dalaran,1135,mage,frost,135,67,68
Oathkeepper,silvermoon,1135,mage,frost,124,60,64
Райдзен,greymane,1135,mage,frost,75,30,45
Souleh,ravencrest,1133,mage,frost,24,12,12
Momotemp,emerald-dream,1133,mage,frost,102,50,52
Iamslow,sylvanas,1130,mage,frost,18,12,6
Shédudé,silvermoon,1130,mage,frost,24,12,12
Bambaga,kazzak,1130,mage,frost,30,12,18
Луциаз,gordunni,1128,mage,frost,53,31,22
Ewina,twisting-nether,1128,mage,frost,24,12,12
Stryee,ragnaros,1128,mage,frost,24,12,12
Tomuru,draenor,1127,mage,frost,74,44,30
Frozenwisp,stormrage,1127,mage,frost,41,23,18
Gacosane,chamber-of-aspects,1126,mage,frost,75,30,45
Vignoni,the-maelstrom,1125,mage,frost,24,12,12
Irreversal,ravencrest,1122,mage,frost,71,36,35
Shivah,onyxia,1120,mage,frost,124,51,73
Lêgólás,blackmoore,1119,mage,frost,24,12,12
Pinkis,darkmoon-faire,1116,mage,frost,79,40,39
Esculapìo,nemesis,1116,mage,frost,166,82,84
Azadan,pozzo-delleternità,1111,mage,frost,23,12,11
Kapueca,jaedenar,1110,mage,frost,39,25,14
Magjaw,twisting-nether,1110,mage,frost,36,20,16
Roey,defias-brotherhood,1110,mage,frost,30,14,16
Lylla,cthun,1107,mage,frost,48,14,34
Broduy,draenor,1105,mage,frost,102,47,55
Elesand,kazzak,1104,mage,frost,33,16,17
Eìnì,kazzak,1102,mage,frost,23,12,11
Popixx,magtheridon,1102,mage,frost,42,13,29
Kalyipso,blackrock,1097,mage,frost,48,14,34
Саназэр,soulflayer,1095,mage,frost,72,33,39
Kadsy,tarren-mill,1090,mage,frost,41,18,23
Tvångstralla,tarren-mill,1090,mage,frost,33,13,20
Xîzy,outland,1087,mage,frost,22,12,10
Aileean,burning-legion,1087,mage,frost,47,20,27
Goeb,kazzak,1083,mage,frost,35,14,21
Niivel,ysondre,1082,mage,frost,120,68,52
Latiny,destromath,1080,mage,frost,89,40,49
Roughfked,silvermoon,1077,mage,frost,74,40,34
Çxçx,dun-modr,1077,mage,frost,30,12,18
Gravetaxi,twisting-nether,1076,mage,frost,48,15,33
Килавый,eversong,1075,mage,frost,36,22,14
Isolia,silvermoon,1075,mage,frost,29,12,17
Hotafazz,ravencrest,1073,mage,frost,33,13,20
Metaboi,ragnaros,1072,mage,frost,47,14,33
Cardioexpert,ravencrest,1071,mage,frost,19,12,7
Faithseed,dun-modr,1065,mage,frost,24,15,9
Arcanik,archimonde,1065,mage,frost,49,14,35
Miidi,doomhammer,1064,mage,frost,42,23,19
Дедамаг,eversong,1064,mage,frost,36,18,18
Jodiefroster,bronzebeard,1063,mage,frost,50,29,21
Gnoumen,shadowsong,1062,mage,frost,32,17,15
Zedsdeadbaby,argent-dawn,1061,mage,frost,91,46,45
Xèrec,ysondre,1058,mage,frost,36,12,24
Tygaone,tirion,1057,mage,frost,54,24,30
Лемозяра,gordunni,1056,mage,frost,12,11,1
Elldiamage,draenor,1056,mage,frost,24,11,13
Funkyfriday,twisting-nether,1056,mage,frost,24,11,13
Унитазныймаг,howling-fjord,1056,mage,frost,24,11,13
Unsaîntly,kult-der-verdammten,1056,mage,frost,28,11,17
Xläderz,ravencrest,1055,mage,frost,18,11,7
Decedé,dun-modr,1055,mage,frost,18,11,7
Tenetic,thrall,1055,mage,frost,20,11,9
Stümpy,ravencrest,1055,mage,frost,24,11,13
Watchmylance,blackrock,1055,mage,frost,30,11,19
Yshax,malganis,1055,mage,frost,36,11,25
Síckmode,khadgar,1055,mage,frost,36,11,25
Rere,zenedar,1054,mage,frost,26,13,13
Kõl,ravencrest,1054,mage,frost,24,11,13
Grömit,drakthul,1053,mage,frost,18,11,7
Nightseven,emeriss,1053,mage,frost,18,11,7
Xzp,der-rat-von-dalaran,1052,mage,frost,24,11,13
Pixlet,kazzak,1052,mage,frost,30,11,19
Bamz,malganis,1051,mage,frost,24,11,13
Винилочка,deathguard,1051,mage,frost,24,11,13
Рамблз,gordunni,1051,mage,frost,24,11,13
Бальзамон,eversong,1051,mage,frost,37,15,22
Ízumi,stormscale,1051,mage,frost,30,11,19
Destrech,aggra-português,1050,mage,frost,18,11,7
Morozuvko,tarren-mill,1050,mage,frost,18,11,7
Juicedup,blackrock,1050,mage,frost,24,11,13
Grumpyorc,ravencrest,1050,mage,frost,29,11,18
Chililol,dun-modr,1048,mage,frost,24,11,13
Ryzea,ravencrest,1047,mage,frost,23,15,8
Atixx,aegwynn,1047,mage,frost,36,11,25
Qwixxis,sylvanas,1045,mage,frost,96,44,52
Férécide,ysondre,1045,mage,frost,30,11,19
Умелецмаг,gordunni,1044,mage,frost,54,27,27
Bobbasor,defias-brotherhood,1044,mage,frost,37,14,23
Arcaneiun,nagrand,1043,mage,frost,30,11,19
Ãzi,ravencrest,1042,mage,frost,18,11,7
Ørcan,azshara,1042,mage,frost,78,29,49
Líquiçìty,ragnaros,1042,mage,frost,48,13,35
Blinklet,twisting-nether,1040,mage,frost,26,17,9
Юлианх,gordunni,1039,mage,frost,256,124,132
Khoshgele,draenor,1039,mage,frost,24,11,13
Estupen,sanguino,1036,mage,frost,25,11,14
Lunnysvet,blackrock,1035,mage,frost,58,30,28
Nåzmyz,outland,1035,mage,frost,66,28,38
Ангилема,gordunni,1033,mage,frost,24,11,13
Clonefcf,sylvanas,1032,mage,frost,55,31,24
Forestie,silvermoon,1032,mage,frost,50,23,27
Lifemagic,chamber-of-aspects,1031,mage,frost,92,45,47
Mystto,silvermoon,1030,mage,frost,48,29,19
Snowrain,chogall,1030,mage,frost,47,23,24
Ramcoz,twisting-nether,1029,mage,frost,42,21,21
Ananaskana,ragnaros,1025,mage,frost,18,11,7
Коласольдом,gordunni,1024,mage,frost,24,11,13
Neverblockx,blackrock,1023,mage,frost,16,11,5
Skyra,les-sentinelles,1023,mage,frost,36,21,15
Yasheaa,ysondre,1020,mage,frost,23,11,12
Tiefkühler,norgannon,1019,mage,frost,36,19,17
Icyshot,blackhand,1019,mage,frost,24,11,13
Dumbledores,aegwynn,1018,mage,frost,65,28,37
Sântillius,twisting-nether,1016,mage,frost,18,11,7
Pinguíni,aegwynn,1015,mage,frost,54,25,29
Shíntaro,stormscale,1013,mage,frost,41,12,29
Fôôxy,aegwynn,1009,mage,frost,29,11,18
Jobarttrach,les-clairvoyants,1008,mage,frost,168,87,81
Илайла,booty-bay,1007,mage,frost,15,12,3
Fashes,sunstrider,1006,mage,frost,81,40,41
Thalaja,kazzak,1005,mage,frost,29,11,18
Vamelia,blackmoore,1003,mage,frost,60,27,33
Экструдия,gordunni,1002,mage,frost,19,12,7
Aloona,malganis,1001,mage,frost,36,16,20
Shakamage,grim-batol,1001,mage,frost,46,20,26
Rusdor,frostwhisper,1000,mage,frost,42,13,29
Этридемус,howling-fjord,1000,mage,frost,42,11,31
Venu,dun-modr,996,mage,frost,71,39,32
Erzà,todeswache,991,mage,frost,35,18,17
Inaruy,hyjal,987,mage,frost,20,11,9
Maximilian,pozzo-delleternità,983,mage,frost,32,11,21
Kumakara,archimonde,981,mage,frost,24,12,12
Дроййд,gordunni,981,mage,frost,52,14,38
Tjayy,kazzak,980,mage,frost,32,11,21
Didub,outland,977,mage,frost,36,13,23
Dnt,twilights-hammer,974,mage,frost,24,11,13
Furoranight,malfurion,963,mage,frost,54,25,29
Лордбелиал,soulflayer,963,mage,frost,36,15,21
Acx,drakthul,960,mage,frost,18,10,8
Cosmostms,ravencrest,960,mage,frost,18,10,8
Oblív,ravencrest,960,mage,frost,24,10,14
Njl,blackmoore,959,mage,frost,18,10,8
Reákan,ragnaros,959,mage,frost,18,10,8
Утрус,soulflayer,959,mage,frost,18,10,8
Brolyzerr,archimonde,959,mage,frost,19,10,9
Spacehoe,stormscale,959,mage,frost,24,10,14
Тортикток,soulflayer,959,mage,frost,24,10,14
Tableau,blackrock,959,mage,frost,24,10,14
Gønzô,blackmoore,959,mage,frost,55,22,33
Kyrox,ysondre,959,mage,frost,42,12,30
Iìíìíìíìíl,ravencrest,958,mage,frost,18,10,8
Джинетикс,deathguard,958,mage,frost,18,10,8
Javelintouch,eldrethalas,957,mage,frost,18,10,8
Doidadetanga,aggra-português,957,mage,frost,24,10,14
Соорка,gordunni,956,mage,frost,24,10,14
Gyanni,blackmoore,955,mage,frost,18,10,8
Anthrex,drakthul,955,mage,frost,24,10,14
Grismage,twisting-nether,955,mage,frost,36,10,26
Kanjani,antonidas,954,mage,frost,24,10,14
Thorstäin,ragnaros,951,mage,frost,18,10,8
Ezzekkiel,elune,951,mage,frost,24,12,12
Бабайбайкала,gordunni,951,mage,frost,36,10,26
Haljina,kazzak,949,mage,frost,255,117,138
Celdra,blackrock,949,mage,frost,24,10,14
Shanny,argent-dawn,948,mage,frost,18,10,8
Maybeblood,kazzak,946,mage,frost,28,11,17
Frisstana,outland,946,mage,frost,30,10,20
Evuryl,nemesis,944,mage,frost,24,10,14
Helloimgone,blackmoore,943,mage,frost,23,10,13
Тестостеронс,gordunni,939,mage,frost,18,10,8
Neboonu,sylvanas,939,mage,frost,60,28,32
Флоррет,gordunni,939,mage,frost,24,10,14
Chogger,blackmoore,938,mage,frost,30,17,13
Fujitoras,khaz-modan,938,mage,frost,54,25,29
Полеморв,soulflayer,933,mage,frost,24,10,14
Smõóve,hyjal,931,mage,frost,90,32,58
Speedshatter,aegwynn,928,mage,frost,22,10,12
Sesseel,veklor,926,mage,frost,25,10,15
Pickaachu,doomhammer,925,mage,frost,36,19,17
Мосгормаг,gordunni,924,mage,frost,23,10,13
Qwibbly,kazzak,921,mage,frost,17,10,7
Schtenen,silvermoon,916,mage,frost,204,91,113
Teals,turalyon,915,mage,frost,48,16,32
Døliprane,garona,911,mage,frost,54,28,26
Madbad,auchindoun,911,mage,frost,24,10,14
Toxttr,drakthul,908,mage,frost,18,11,7
Cybercommand,blackmoore,903,mage,frost,61,30,31
Mutly,kazzak,900,mage,frost,20,11,9
Misscandy,doomhammer,898,mage,frost,79,35,44
Мрперут,eversong,895,mage,frost,125,64,61
Funnyzowie,minahonda,895,mage,frost,20,10,10
Няо,howling-fjord,894,mage,frost,20,10,10
Мистркорбэн,soulflayer,893,mage,frost,20,10,10
Çana,thrall,893,mage,frost,22,10,12
Wopi,sylvanas,890,mage,frost,36,13,23
Magicoliwia,ysera,886,mage,frost,57,29,28
Êmmá,blackmoore,885,mage,frost,54,22,32
Heavyfire,kazzak,884,mage,frost,23,12,11
Frigus,khaz-modan,884,mage,frost,33,10,23
Sammelbot,kargath,872,mage,frost,48,24,24
Lexalia,blackmoore,869,mage,frost,32,14,18
Fakeklepter,sylvanas,864,mage,frost,12,9,3
Мирикон,gordunni,863,mage,frost,18,9,9
Ковенн,howling-fjord,863,mage,frost,18,9,9
Qtpoof,sylvanas,863,mage,frost,18,9,9
Авгурей,howling-fjord,863,mage,frost,18,9,9
Musé,kazzak,863,mage,frost,18,9,9
Qqcult,ravencrest,863,mage,frost,18,9,9
Ascik,dalaran,863,mage,frost,18,9,9
Nergl,darksorrow,863,mage,frost,22,10,12
Слизерин,gordunni,863,mage,frost,30,9,21
Gotone,tarren-mill,862,mage,frost,18,9,9
Манднесс,azuregos,861,mage,frost,18,9,9
Lumberth,sanguino,861,mage,frost,18,9,9
Strychne,ragnaros,860,mage,frost,12,9,3
Noviina,argent-dawn,860,mage,frost,18,9,9
Zenoss,khaz-modan,860,mage,frost,48,22,26
Ilikepoly,blackmoore,859,mage,frost,18,9,9
Amazona,veklor,859,mage,frost,38,18,20
Querasimar,blackrock,859,mage,frost,24,9,15
Klésh,nemesis,858,mage,frost,18,9,9
Naote,blackhand,858,mage,frost,18,9,9
Aûrûm,silvermoon,858,mage,frost,24,9,15
Elitriz,grim-batol,857,mage,frost,12,9,3
Vexperious,tarren-mill,857,mage,frost,12,9,3
Spankpróóf,kazzak,856,mage,frost,24,9,15
Markasaura,kazzak,856,mage,frost,38,11,27
Voralastor,doomhammer,855,mage,frost,12,9,3
Nargaroc,blackhand,855,mage,frost,24,9,15
Farrä,dun-modr,854,mage,frost,53,26,27
Piego,turalyon,850,mage,frost,94,47,47
Narzoul,ysondre,849,mage,frost,18,9,9
Банана,lich-king,847,mage,frost,18,9,9
Hérésïa,kirin-tor,846,mage,frost,24,9,15
Madzía,ravencrest,842,mage,frost,33,16,17
Ghostgivree,archimonde,839,mage,frost,54,24,30
Djblink,twisting-nether,838,mage,frost,24,9,15
Rintoh,pozzo-delleternità,828,mage,frost,30,9,21
Aerius,lightnings-blade,813,mage,frost,21,9,12
Lemonshelo,archimonde,806,mage,frost,27,9,18
Kukerr,burning-legion,797,mage,frost,22,9,13
Hooffer,stormscale,797,mage,frost,28,9,19
Ттэль,gordunni,777,mage,frost,70,29,41
Margistikus,die-aldor,776,mage,frost,111,57,54
Trashmage,blackrock,768,mage,frost,12,8,4
Procahontas,ravencrest,768,mage,frost,12,8,4
Arunx,magtheridon,768,mage,frost,12,8,4
Iceteen,aegwynn,768,mage,frost,12,8,4
Саккер,gordunni,768,mage,frost,12,8,4
Subzeraxo,archimonde,768,mage,frost,12,8,4
Séxmachiné,draenor,768,mage,frost,12,8,4
Ambulancex,kazzak,768,mage,frost,12,8,4
Gegovski,ravencrest,768,mage,frost,12,8,4
Serclulz,ravencrest,768,mage,frost,12,8,4
Botanicula,the-maelstrom,768,mage,frost,12,8,4
Rillia,argent-dawn,768,mage,frost,12,8,4
Drmng,stormscale,768,mage,frost,12,8,4
Väänik,draenor,768,mage,frost,18,8,10
Jarim,alleria,768,mage,frost,18,8,10
Styxmg,blackhand,768,mage,frost,18,8,10
Terash,ravencrest,768,mage,frost,18,8,10
Transformo,draenor,768,mage,frost,18,8,10
Nelfchewer,ravencrest,768,mage,frost,18,8,10
Mðj,kazzak,768,mage,frost,18,8,10
Гдедипфриз,soulflayer,768,mage,frost,18,8,10
Fearbeäch,ravencrest,768,mage,frost,18,8,10
Wortyvery,outland,768,mage,frost,18,8,10
Bloodycast,archimonde,768,mage,frost,18,8,10
Crooja,antonidas,768,mage,frost,27,9,18
Wambamm,ravencrest,768,mage,frost,24,8,16
Zelimeth,outland,768,mage,frost,24,8,16
Blinkfloyd,blackmoore,768,mage,frost,24,8,16
Venque,blackrock,768,mage,frost,24,8,16
Reblink,draenor,768,mage,frost,24,8,16
Elgriefo,sylvanas,768,mage,frost,24,8,16
Gagaj,ravencrest,767,mage,frost,12,8,4
Нуклер,howling-fjord,767,mage,frost,12,8,4
Karliah,azshara,767,mage,frost,12,8,4
Zili,draenor,767,mage,frost,12,8,4
Tajos,drakthul,767,mage,frost,12,8,4
Verygoodgame,blackrock,767,mage,frost,12,8,4
Magicdingo,lightnings-blade,767,mage,frost,18,8,10
Alytà,ravencrest,767,mage,frost,18,8,10
Vallas,drakthul,767,mage,frost,18,8,10
Autramage,emerald-dream,767,mage,frost,18,8,10
Goodheadcake,ragnaros,767,mage,frost,18,8,10
Manôu,kirin-tor,767,mage,frost,18,8,10
Archyl,kazzak,767,mage,frost,18,8,10
Bananabread,the-maelstrom,767,mage,frost,24,8,16
Vinlimar,drakthul,767,mage,frost,24,8,16
Khorosho,draenor,767,mage,frost,24,8,16
Insanewizard,kazzak,766,mage,frost,12,8,4
Чобон,soulflayer,766,mage,frost,18,8,10
Spell,blackmoore,766,mage,frost,18,8,10
Anoez,kargath,766,mage,frost,18,8,10
Vermilia,darksorrow,766,mage,frost,24,8,16
Kyrn,zuljin,766,mage,frost,24,8,16
Illiaria,antonidas,765,mage,frost,12,8,4
Fatcasts,silvermoon,765,mage,frost,12,8,4
Partagedeco,dalaran,765,mage,frost,18,8,10
Ærrflôw,frostwolf,765,mage,frost,18,8,10
Xakiha,kazzak,764,mage,frost,18,8,10
Skinirp,dun-modr,764,mage,frost,24,8,16
Dzomage,kazzak,764,mage,frost,24,8,16
Skarxaa,sanguino,763,mage,frost,18,8,10
Ezìl,nemesis,763,mage,frost,27,9,18
Кельтузат,azuregos,762,mage,frost,12,8,4
Archilól,drakthul,762,mage,frost,18,8,10
Dominos,medivh,762,mage,frost,18,8,10
Edwiin,dun-morogh,761,mage,frost,33,9,24
Gedzi,silvermoon,758,mage,frost,12,8,4
Tomjedusor,hyjal,757,mage,frost,12,8,4
Мерджреквест,howling-fjord,745,mage,frost,17,8,9
Qqlool,draenor,735,mage,frost,23,8,15
Amalou,stormscale,729,mage,frost,32,9,23
Magipus,anetheron,723,mage,frost,32,10,22
Mumpii,blackrock,719,mage,frost,17,8,9
Xæl,ravencrest,717,mage,frost,98,47,51
Clitch,blutkessel,715,mage,frost,20,9,11
Coldnight,uldum,712,mage,frost,25,9,16
Bibidibabidi,nefarian,711,mage,frost,23,9,14
Kaeki,khaz-modan,708,mage,frost,20,10,10
Scoxywoxy,ragnaros,708,mage,frost,22,10,12
Rufatopapari,ravencrest,704,mage,frost,22,8,14
Thamagus,burning-legion,702,mage,frost,17,9,8
Rayniß,blackmoore,702,mage,frost,26,8,18
Adunaphel,blackmoore,689,mage,frost,20,8,12
Щавзорву,gordunni,686,mage,frost,16,8,8
Lanere,argent-dawn,684,mage,frost,19,8,11
Atreu,mazrigos,684,mage,frost,26,10,16
Чогоце,eversong,678,mage,frost,78,22,56
Kold,stormscale,672,mage,frost,12,7,5
Icéy,kazzak,672,mage,frost,12,7,5
Agus,ravencrest,672,mage,frost,12,7,5
Glindalefay,silvermoon,672,mage,frost,12,7,5
Candydead,alakir,672,mage,frost,12,7,5
Skyblink,hyjal,672,mage,frost,12,7,5
Альмодера,gordunni,672,mage,frost,12,7,5
Gizzoo,draenor,672,mage,frost,12,7,5
Yobys,burning-legion,672,mage,frost,12,7,5
Birckin,sanguino,672,mage,frost,12,7,5
Gøsu,rexxar,672,mage,frost,12,7,5
Cumburlok,silvermoon,672,mage,frost,12,7,5
Рэймонд,howling-fjord,672,mage,frost,12,7,5
Hendersson,blackrock,672,mage,frost,12,7,5
Hérä,archimonde,672,mage,frost,12,7,5
Monkeydmafia,blackrock,672,mage,frost,12,7,5
Mageyreid,quelthalas,672,mage,frost,18,7,11
Chrome,ysondre,672,mage,frost,18,7,11
Drwrey,tarren-mill,672,mage,frost,18,7,11
Mezaiyh,blackmoore,672,mage,frost,18,7,11
Drandis,blackmoore,672,mage,frost,18,7,11
Осмотрфанеры,howling-fjord,672,mage,frost,18,7,11
Dalaras,archimonde,672,mage,frost,18,7,11
Løgi,drakthul,672,mage,frost,18,7,11
Lillelord,defias-brotherhood,672,mage,frost,18,7,11
Фристейт,soulflayer,672,mage,frost,18,7,11
Azegodxlul,kazzak,672,mage,frost,18,7,11
Aterso,azshara,672,mage,frost,21,8,13
Viro,defias-brotherhood,672,mage,frost,21,8,13
Wàneís,ravencrest,672,mage,frost,24,7,17
Krookéd,tarren-mill,672,mage,frost,24,7,17
Addew,the-maelstrom,671,mage,frost,12,7,5
Поэтик,soulflayer,671,mage,frost,12,7,5
Nynduriella,teldrassil,671,mage,frost,12,7,5
Droll,kazzak,671,mage,frost,12,7,5
Trøll,nemesis,671,mage,frost,12,7,5
Microsmag,thrall,671,mage,frost,12,7,5
Møstwãntêd,aegwynn,671,mage,frost,12,7,5
Broccosoup,kazzak,671,mage,frost,12,7,5
Badphaz,frostmane,671,mage,frost,12,7,5
Ellyson,silvermoon,671,mage,frost,12,7,5
Kokenn,hyjal,671,mage,frost,12,7,5
Geepie,twisting-nether,671,mage,frost,12,7,5
Hardways,archimonde,671,mage,frost,18,7,11
Мэлфариус,soulflayer,671,mage,frost,18,7,11
Dumblemore,ragnaros,671,mage,frost,18,7,11
Chread,bronze-dragonflight,671,mage,frost,18,7,11
Crayz,magtheridon,671,mage,frost,18,7,11
Alcatrax,bronze-dragonflight,671,mage,frost,18,7,11
Finkle,spinebreaker,671,mage,frost,18,7,11
Antaos,drakthul,671,mage,frost,18,7,11
Ice,sargeras,671,mage,frost,18,7,11
Primodious,kazzak,671,mage,frost,18,7,11
Fyriel,burning-legion,671,mage,frost,18,7,11
Cns,tarren-mill,670,mage,frost,12,7,5
Suitx,draenor,670,mage,frost,12,7,5
Hotpotatox,ravencrest,670,mage,frost,13,7,6
Placidius,twisting-nether,670,mage,frost,18,7,11
Unreadyx,archimonde,670,mage,frost,18,7,11
Ronnyraggare,silvermoon,670,mage,frost,18,7,11
Комонщик,howling-fjord,670,mage,frost,18,7,11
Брюнхильда,deepholm,670,mage,frost,18,7,11
Nery,ravencrest,670,mage,frost,18,7,11
Misskity,blackrock,670,mage,frost,18,7,11
Quaile,malygos,670,mage,frost,24,7,17
Crematorium,argent-dawn,669,mage,frost,19,7,12
Tylic,doomhammer,669,mage,frost,27,8,19
Zionara,stormscale,668,mage,frost,18,7,11
Allotropia,ravencrest,668,mage,frost,18,7,11
Aériza,silvermoon,667,mage,frost,12,7,5
Bolthen,uldum,667,mage,frost,24,7,17
Yojimbot,archimonde,667,mage,frost,36,7,29
Turandot,ravencrest,665,mage,frost,12,7,5
Vurtnez,kazzak,665,mage,frost,15,7,8
Listro,argent-dawn,664,mage,frost,12,7,5
Xblaze,balnazzar,664,mage,frost,12,7,5
Tyrannith,argent-dawn,664,mage,frost,24,7,17
Sinanogan,draenor,658,mage,frost,24,7,17
Xatures,tarren-mill,653,mage,frost,23,7,16
Expulse,blackmoore,639,mage,frost,11,7,4
Shínsou,burning-blade,637,mage,frost,17,7,10
Escobar,frostmane,622,mage,frost,26,8,18
Skæde,ravencrest,618,mage,frost,17,11,6
Svanteg,kazzak,618,mage,frost,14,8,6
Hidrax,outland,617,mage,frost,15,9,6
Jockin,stormrage,616,mage,frost,19,8,11
Ioriyagami,dragonmaw,608,mage,frost,22,7,15
Sleîhg,sanguino,607,mage,frost,16,7,9
Tharillion,drakthul,606,mage,frost,14,7,7
Eliosia,drakthul,605,mage,frost,11,7,4
Sölø,stormscale,576,mage,frost,6,6,0
Estonka,ravencrest,576,mage,frost,6,6,0
Escapematrix,ravencrest,576,mage,frost,6,6,0
Dragotus,dragonblight,576,mage,frost,12,6,6
ßalca,twisting-nether,576,mage,frost,12,6,6
Invinsible,xavius,576,mage,frost,12,6,6
Wheí,ravencrest,576,mage,frost,12,6,6
Jakora,bronze-dragonflight,576,mage,frost,12,6,6
Caststuffatu,sylvanas,576,mage,frost,12,6,6
Magicsheep,nemesis,576,mage,frost,12,6,6
Shifteurprõ,hyjal,576,mage,frost,12,6,6
Froststarr,burning-legion,576,mage,frost,12,6,6
Lepronsito,kazzak,576,mage,frost,12,6,6
Søo,kazzak,576,mage,frost,12,6,6
Sainth,sanguino,576,mage,frost,12,6,6
Valkruz,nemesis,576,mage,frost,12,6,6
Klueless,ravencrest,576,mage,frost,12,6,6
Ouija,kazzak,576,mage,frost,12,6,6
Maxik,outland,576,mage,frost,12,6,6
Ixbllyix,alonsus,576,mage,frost,12,6,6
Миллерфест,howling-fjord,576,mage,frost,12,6,6
Titarie,ravencrest,576,mage,frost,12,6,6
Alirya,stormscale,576,mage,frost,12,6,6
Olzaa,outland,576,mage,frost,12,6,6
Insømnium,stormscale,576,mage,frost,12,6,6
Sickofme,blackmoore,576,mage,frost,12,6,6
Necro,zuljin,576,mage,frost,12,6,6
Halfanapple,the-maelstrom,576,mage,frost,12,6,6
Kurtcobain,draenor,576,mage,frost,12,6,6
Мбапи,soulflayer,576,mage,frost,12,6,6
Azrx,blackmoore,576,mage,frost,12,6,6
Nécrømage,confrérie-du-thorium,576,mage,frost,12,6,6
Skdroople,ravencrest,576,mage,frost,12,6,6
Ecnaclappy,blackrock,576,mage,frost,12,6,6
Perfection,cthun,576,mage,frost,12,6,6
Сизаам,howling-fjord,576,mage,frost,12,6,6
Creden,frostmane,576,mage,frost,12,6,6
Hakunaplz,twisting-nether,576,mage,frost,12,6,6
Sqwiz,outland,576,mage,frost,12,6,6
Reeroll,arthas,576,mage,frost,18,6,12
Illastrov,silvermoon,576,mage,frost,18,6,12
Ury,hyjal,576,mage,frost,18,6,12
Деметрадон,gordunni,576,mage,frost,18,6,12
Articunoh,ravencrest,576,mage,frost,18,6,12
Zikyo,silvermoon,576,mage,frost,18,6,12
Диппро,soulflayer,576,mage,frost,18,6,12
Зефенжо,howling-fjord,576,mage,frost,18,6,12
Wenndrid,draenor,576,mage,frost,24,6,18
Ælirion,antonidas,575,mage,frost,12,6,6
Depai,blackrock,575,mage,frost,12,6,6
Jokèr,silvermoon,575,mage,frost,12,6,6
Иньфанта,deathguard,575,mage,frost,12,6,6
Pitbones,archimonde,575,mage,frost,12,6,6
Cafcaf,archimonde,575,mage,frost,12,6,6
Zulko,krasus,575,mage,frost,12,6,6
Tyronesbone,stormscale,575,mage,frost,12,6,6
Yvonnita,chamber-of-aspects,575,mage,frost,12,6,6
Poter,silvermoon,575,mage,frost,12,6,6
Razzìatore,pozzo-delleternità,575,mage,frost,13,6,7
Kairøs,dragonblight,575,mage,frost,21,7,14
Cantbelieve,sylvanas,575,mage,frost,18,6,12
Bloodymage,zenedar,575,mage,frost,18,6,12
Saturator,burning-legion,575,mage,frost,18,6,12
Длинныеухи,blackscar,575,mage,frost,18,6,12
Crashleaf,argent-dawn,575,mage,frost,24,6,18
Kaptenski,stormscale,575,mage,frost,24,6,18
Zyxiie,sylvanas,575,mage,frost,24,6,18
Вхламинка,howling-fjord,574,mage,frost,12,6,6
Bhaâl,hyjal,574,mage,frost,12,6,6
Йяу,howling-fjord,574,mage,frost,12,6,6
Laureen,outland,574,mage,frost,12,6,6
Larsimore,drakthul,574,mage,frost,12,6,6
Panlong,twisting-nether,574,mage,frost,12,6,6
Galdrari,sylvanas,574,mage,frost,12,6,6
Pumpzy,tarren-mill,574,mage,frost,18,6,12
Stilnox,nemesis,574,mage,frost,18,6,12
Lalaura,sanguino,573,mage,frost,12,6,6
Blark,malygos,573,mage,frost,18,6,12
Yennéfér,outland,573,mage,frost,30,6,24
Piscialetto,nemesis,572,mage,frost,18,6,12
Støneð,blackhand,571,mage,frost,12,6,6
Фростмага,gordunni,569,mage,frost,12,6,6
Oryom,blackhand,566,mage,frost,12,6,6
Serlath,defias-brotherhood,565,mage,frost,12,6,6
Hadziaj,doomhammer,565,mage,frost,30,6,24
Soulcatcheus,archimonde,560,mage,frost,24,6,18
Maran,outland,555,mage,frost,24,6,18
Meign,eredar,537,mage,frost,22,8,14
Bessiie,ragnaros,536,mage,frost,16,6,10
Mínêrvâ,blackrock,528,mage,frost,15,7,8
Lidin,draenor,527,mage,frost,11,6,5
Arcanom,azjolnerub,527,mage,frost,11,6,5
Avb,twisting-nether,527,mage,frost,17,6,11
Nøxas,archimonde,527,mage,frost,17,6,11
Xyhno,eredar,519,mage,frost,13,7,6
Tschelo,eredar,512,mage,frost,16,6,10
Miihawkk,khaz-modan,510,mage,frost,20,6,14
Yoxt,blackhand,507,mage,frost,14,6,8
Magicstorm,anubarak,504,mage,frost,16,6,10
Fatefully,ravencrest,494,mage,frost,25,6,19
Zehnvonzehn,antonidas,480,mage,frost,6,5,1
Veemi,blackmoore,480,mage,frost,6,5,1
Línus,twisting-nether,480,mage,frost,6,5,1
Khronic,darksorrow,480,mage,frost,6,5,1
Deepfeed,ravencrest,480,mage,frost,6,5,1
Barryscótt,stormscale,480,mage,frost,6,5,1
Chucknoir,draenor,480,mage,frost,6,5,1
Frostmyst,outland,480,mage,frost,6,5,1
Driana,dragonmaw,480,mage,frost,6,5,1
Magnopvp,sanguino,480,mage,frost,10,6,4
Vapurx,blackmoore,480,mage,frost,12,5,7
Shatterdude,kazzak,480,mage,frost,12,5,7
Barzle,blackmoore,480,mage,frost,12,5,7
Burnit,dalaran,480,mage,frost,12,5,7
Deathcast,ravencrest,480,mage,frost,12,5,7
Leontus,outland,480,mage,frost,12,5,7
Moffmage,sylvanas,480,mage,frost,12,5,7
Chrømy,twisting-nether,480,mage,frost,12,5,7
Reznøør,confrérie-du-thorium,480,mage,frost,12,5,7
Dueudafrøven,stormscale,480,mage,frost,12,5,7
Milkenjoyer,ravencrest,480,mage,frost,12,5,7
Pixlld,aegwynn,480,mage,frost,12,5,7
Médivh,archimonde,480,mage,frost,12,5,7
Homper,argent-dawn,480,mage,frost,12,5,7
Moleester,twisting-nether,480,mage,frost,12,5,7
Переливпро,blackscar,480,mage,frost,12,5,7
Bigraphael,ravencrest,480,mage,frost,12,5,7
Snowberry,blackrock,480,mage,frost,12,5,7
Thelastmage,outland,480,mage,frost,12,5,7
Lÿra,chants-éternels,480,mage,frost,12,5,7
Wumz,blackrock,480,mage,frost,12,5,7
Shirrunn,the-maelstrom,480,mage,frost,12,5,7
Jesjess,ravencrest,480,mage,frost,12,5,7
Camaeel,aegwynn,480,mage,frost,12,5,7
Trevise,ravencrest,480,mage,frost,12,5,7
Fîrestorm,doomhammer,480,mage,frost,12,5,7
Maestrá,outland,480,mage,frost,12,5,7
Kleptomania,archimonde,480,mage,frost,12,5,7
Magenox,blackrock,480,mage,frost,12,5,7
Betomage,blackmoore,480,mage,frost,12,5,7
Нефростмаг,gordunni,480,mage,frost,12,5,7
Okey,frostwhisper,480,mage,frost,12,5,7
Ikefire,draenor,480,mage,frost,12,5,7
Beardyman,haomarush,480,mage,frost,12,5,7
Лрее,gordunni,480,mage,frost,12,5,7
Zaurok,sanguino,480,mage,frost,12,5,7
Javellja,ravencrest,480,mage,frost,12,5,7
Арара,gordunni,480,mage,frost,18,5,13
Осуждаюпве,gordunni,480,mage,frost,18,5,13
Шипкастермвп,howling-fjord,480,mage,frost,18,5,13
Vioulette,elune,480,mage,frost,18,5,13
Kyraja,arthas,480,mage,frost,24,5,19
Intêrnet,archimonde,480,mage,frost,26,5,21
Restinnpiss,twisting-nether,479,mage,frost,6,5,1
Whitestiev,antonidas,479,mage,frost,12,5,7
Coldstormz,terenas,479,mage,frost,12,5,7
Brutal,thrall,479,mage,frost,12,5,7
Шиллаа,blackscar,479,mage,frost,12,5,7
Olinourss,archimonde,479,mage,frost,12,5,7
Zyllu,argent-dawn,479,mage,frost,12,5,7
Kalterfurz,thrall,479,mage,frost,12,5,7
Промагер,gordunni,479,mage,frost,12,5,7
Lothymond,runetotem,479,mage,frost,12,5,7
Xýton,azjolnerub,479,mage,frost,12,5,7
Deletron,ragnaros,479,mage,frost,18,5,13
Quickbolt,ravencrest,479,mage,frost,18,5,13
Donfalken,anachronos,478,mage,frost,12,5,7
Feuerflamme,theradras,478,mage,frost,12,5,7
Потныйдпс,eversong,478,mage,frost,16,6,10
Rifinouu,archimonde,476,mage,frost,12,5,7
Polflop,sylvanas,476,mage,frost,12,5,7
Phibonaci,sylvanas,475,mage,frost,12,5,7
Blinkinggoat,ragnaros,448,mage,frost,16,5,11
Dcolon,tarren-mill,447,mage,frost,11,5,6
Blacksheep,ravencrest,447,mage,frost,14,6,8
Ákyraz,blackrock,447,mage,frost,14,6,8
Saytmage,ragnaros,447,mage,frost,17,5,12
Swemagus,outland,432,mage,frost,9,5,4
Dozono,silvermoon,428,mage,frost,15,5,10
Сайджена,howling-fjord,426,mage,frost,21,6,15
Euklid,ravencrest,416,mage,frost,10,5,5
Substitutes,draenor,415,mage,frost,14,5,9
Торар,deathguard,415,mage,frost,16,5,11
Xerathon,ravencrest,414,mage,frost,16,5,11
Setyon,burning-legion,414,mage,frost,20,5,15
Leylus,blackmoore,399,mage,frost,5,5,0
Icescreamer,auchindoun,384,mage,frost,6,4,2
Ón,burning-steppes,384,mage,frost,6,4,2
Génociidz,archimonde,384,mage,frost,6,4,2
Anev,sylvanas,384,mage,frost,6,4,2
Pinkusbruh,aggra-português,384,mage,frost,6,4,2
Minglul,archimonde,384,mage,frost,6,4,2
Sneakii,the-maelstrom,384,mage,frost,6,4,2
Nightcàller,pozzo-delleternità,384,mage,frost,6,4,2
Fuhry,tarren-mill,384,mage,frost,6,4,2
Dwang,nemesis,384,mage,frost,6,4,2
Phaynz,cthun,384,mage,frost,6,4,2
Friedkek,ravencrest,384,mage,frost,6,4,2
Hasslad,tarren-mill,384,mage,frost,6,4,2
Jodíefroster,doomhammer,384,mage,frost,6,4,2
Gravelegacy,quelthalas,384,mage,frost,6,4,2
Rubzim,draenor,384,mage,frost,6,4,2
Fontaíne,doomhammer,384,mage,frost,6,4,2
Doryy,silvermoon,384,mage,frost,6,4,2
Ahøllic,frostwolf,384,mage,frost,6,4,2
Slôw,kazzak,384,mage,frost,6,4,2
Zerobelow,silvermoon,384,mage,frost,6,4,2
Âres,kargath,384,mage,frost,6,4,2
Nötmârtònxø,ragnaros,384,mage,frost,6,4,2
Bublesk,outland,384,mage,frost,6,4,2
Spellhaze,outland,384,mage,frost,6,4,2
Cesi,silvermoon,384,mage,frost,6,4,2
Sylvîe,tarren-mill,384,mage,frost,6,4,2
Syráx,blackmoore,384,mage,frost,6,4,2
Arcitech,tarren-mill,384,mage,frost,6,4,2
Proudmøøre,argent-dawn,384,mage,frost,6,4,2
Willmajacki,blackmoore,384,mage,frost,6,4,2
Màgí,stormscale,384,mage,frost,6,4,2
Kirbi,blackmoore,384,mage,frost,10,5,5
Индаррил,howling-fjord,384,mage,frost,12,4,8
Wwjd,darksorrow,384,mage,frost,12,4,8
Гунмаказ,gordunni,384,mage,frost,12,4,8
Proffset,outland,384,mage,frost,12,4,8
Kuhwar,echsenkessel,384,mage,frost,12,4,8
Jazzi,blackrock,384,mage,frost,12,4,8
Пламяорды,soulflayer,384,mage,frost,12,4,8
Elor,eredar,384,mage,frost,12,4,8
Lambaa,thrall,384,mage,frost,12,4,8
Fikkamika,ragnaros,384,mage,frost,12,4,8
Kaschnatze,blackmoore,384,mage,frost,12,4,8
Badcouz,dalaran,384,mage,frost,12,4,8
Luckydo,turalyon,384,mage,frost,12,4,8
Facerollyo,tarren-mill,384,mage,frost,12,4,8
Consulalgeri,archimonde,384,mage,frost,12,4,8
Arszéllius,dalaran,384,mage,frost,12,4,8
Acclay,malganis,384,mage,frost,12,4,8
Managurke,blackrock,384,mage,frost,12,4,8
Mobjar,twisting-nether,384,mage,frost,12,4,8
Johnnyblazin,outland,384,mage,frost,12,4,8
Yajimage,archimonde,384,mage,frost,12,4,8
Халадель,howling-fjord,384,mage,frost,12,4,8
Gnðmeonfire,sylvanas,384,mage,frost,12,4,8
Вулльф,gordunni,384,mage,frost,12,4,8
Kobana,ravencrest,384,mage,frost,12,4,8
Юджегс,soulflayer,384,mage,frost,12,4,8
Slithìce,kazzak,384,mage,frost,12,4,8
Faunas,kazzak,384,mage,frost,12,4,8
Ðarkreaver,kaelthas,384,mage,frost,12,4,8
Tarovan,defias-brotherhood,384,mage,frost,12,4,8
Magicrex,alleria,384,mage,frost,12,4,8
Ëgï,azshara,384,mage,frost,12,4,8
Stellarie,sylvanas,384,mage,frost,12,4,8
Flejb,kazzak,384,mage,frost,12,4,8
Alterwhite,archimonde,384,mage,frost,12,4,8
Muntiks,ravencrest,384,mage,frost,12,4,8
Mopus,ravencrest,384,mage,frost,12,4,8
Stærq,blackrock,384,mage,frost,12,4,8
Roxarch,nordrassil,384,mage,frost,12,4,8
Newtwo,ravencrest,384,mage,frost,12,4,8
Gylith,kirin-tor,384,mage,frost,18,4,14
Ripdeepfreez,culte-de-la-rive-noire,384,mage,frost,18,4,14
Blinkmehome,silvermoon,384,mage,frost,18,4,14
Бигдикмаг,soulflayer,384,mage,frost,18,4,14
Watchmepanda,ravencrest,384,mage,frost,18,4,14
Ruténa,aegwynn,384,mage,frost,18,4,14
Krykz,sanguino,384,mage,frost,18,4,14
Capyla,blackmoore,383,mage,frost,6,4,2
Wuffwuffspik,grim-batol,383,mage,frost,6,4,2
Nodmg,nefarian,383,mage,frost,6,4,2
Waîdø,blackhand,383,mage,frost,6,4,2
Héidi,area-52,383,mage,frost,6,4,2
Nortohg,ragnaros,383,mage,frost,6,4,2
Khad,nemesis,383,mage,frost,12,4,8
Juntara,stormscale,383,mage,frost,12,4,8
Труупоед,borean-tundra,383,mage,frost,12,4,8
Brandonjames,ragnaros,383,mage,frost,12,4,8
Скватро,gordunni,383,mage,frost,12,4,8
Xenodike,blackrock,383,mage,frost,12,4,8
Ashkalor,frostwolf,383,mage,frost,17,4,13
Asnesh,silvermoon,383,mage,frost,18,4,14
Malicä,ravencrest,383,mage,frost,30,4,26
Perhorus,hyjal,382,mage,frost,6,4,2
Skankengine,twisting-nether,382,mage,frost,12,4,8
Bisuke,stormscale,367,mage,frost,11,4,7
Whosthemage,kazzak,351,mage,frost,8,5,3
Nebby,argent-dawn,351,mage,frost,11,4,7
Møøk,magtheridon,336,mage,frost,15,4,11
Pringlesrör,ragnaros,332,mage,frost,15,4,11
Grönmonster,shattered-hand,330,mage,frost,13,5,8
Tsubas,blackmoore,330,mage,frost,15,5,10
Consquens,aszune,330,mage,frost,18,5,13
Scras,ragnaros,320,mage,frost,10,4,6
Tiduhasi,antonidas,319,mage,frost,11,4,7
Regenn,kazzak,318,mage,frost,5,4,1
Flizwiz,ragnaros,303,mage,frost,13,4,9
Blitzo,madmortem,288,mage,frost,6,3,3
Tudorthemage,xavius,288,mage,frost,6,3,3
Mégaera,archimonde,288,mage,frost,6,3,3
Amaterâsu,antonidas,288,mage,frost,6,3,3
ßjwercke,stormscale,288,mage,frost,6,3,3
Illîllîllî,blackrock,288,mage,frost,6,3,3
Zlacked,tarren-mill,288,mage,frost,6,3,3
Hotpockets,die-aldor,288,mage,frost,6,3,3
Haginatorr,twisting-nether,288,mage,frost,6,3,3
Arandartis,kazzak,288,mage,frost,6,3,3
Овеча,gordunni,288,mage,frost,6,3,3
Gladxp,outland,288,mage,frost,6,3,3
Chubbyjoe,blackmoore,288,mage,frost,6,3,3
Merlín,malganis,288,mage,frost,6,3,3
Siérra,outland,288,mage,frost,6,3,3
Xlarb,kazzak,288,mage,frost,6,3,3
Kebkhadar,ravencrest,288,mage,frost,6,3,3
Fkeverybody,ravencrest,288,mage,frost,6,3,3
Onegaisenpai,ragnaros,288,mage,frost,6,3,3
Blåskjell,kazzak,288,mage,frost,6,3,3
Rèkt,lightbringer,288,mage,frost,6,3,3
Meras,die-ewige-wacht,288,mage,frost,6,3,3
Каперниан,fordragon,288,mage,frost,6,3,3
Flywoman,ravencrest,288,mage,frost,6,3,3
Drfröst,kazzak,288,mage,frost,6,3,3
Narcîsa,sanguino,288,mage,frost,6,3,3
Aestus,outland,288,mage,frost,6,3,3
Iceelance,tarren-mill,288,mage,frost,6,3,3
Milminmage,ravencrest,288,mage,frost,6,3,3
Bóósh,alakir,288,mage,frost,6,3,3
Askannor,norgannon,288,mage,frost,6,3,3
Brunettdelux,archimonde,288,mage,frost,6,3,3
Lepapes,doomhammer,288,mage,frost,6,3,3
Bigburns,draenor,288,mage,frost,6,3,3
Ørixx,blackhand,288,mage,frost,6,3,3
Frökenfrost,stormscale,288,mage,frost,6,3,3
Fboltprocd,ragnaros,288,mage,frost,6,3,3
Gehrkeblock,silvermoon,288,mage,frost,6,3,3
Hutylo,ysondre,288,mage,frost,6,3,3
Justvik,eredar,288,mage,frost,6,3,3
Ballesteinen,outland,288,mage,frost,6,3,3
Тейемор,gordunni,288,mage,frost,6,3,3
Nevertøxic,ravencrest,288,mage,frost,6,3,3
Periphery,zenedar,288,mage,frost,6,3,3
Magekaoz,sylvanas,288,mage,frost,6,3,3
Ghayaa,defias-brotherhood,288,mage,frost,6,3,3
Zørïna,ysondre,288,mage,frost,6,3,3
Diper,burning-legion,288,mage,frost,6,3,3
Timzør,outland,288,mage,frost,6,3,3
Vodjka,nemesis,288,mage,frost,6,3,3
Equálity,blackrock,288,mage,frost,6,3,3
Halø,bloodhoof,288,mage,frost,6,3,3
Bantos,khadgar,288,mage,frost,6,3,3
Muuckie,blackrock,288,mage,frost,6,3,3
Sozie,tarren-mill,288,mage,frost,6,3,3
Tommyboy,dragonblight,288,mage,frost,6,3,3
Swayyx,sylvanas,288,mage,frost,6,3,3
Frìsko,sylvanas,288,mage,frost,6,3,3
Дмблдр,soulflayer,288,mage,frost,6,3,3
Волшебну,soulflayer,288,mage,frost,6,3,3
Àrtix,silvermoon,288,mage,frost,6,3,3
Айсъмэджик,azuregos,288,mage,frost,6,3,3
Kimfjongmajs,silvermoon,288,mage,frost,6,3,3
Диссоциация,greymane,288,mage,frost,6,3,3
Gogara,kazzak,288,mage,frost,12,3,9
Эммилиарда,gordunni,288,mage,frost,12,3,9
Elreas,blackmoore,288,mage,frost,12,3,9
Micklolz,blackmoore,288,mage,frost,12,3,9
Äßäm,outland,288,mage,frost,12,3,9
Tadaa,blackmoore,288,mage,frost,12,3,9
Voraxma,draenor,288,mage,frost,12,3,9
Heatwavesa,ravencrest,288,mage,frost,12,3,9
Ахиригиз,gordunni,288,mage,frost,12,3,9
Naween,hyjal,288,mage,frost,12,3,9
Hacimari,hyjal,288,mage,frost,12,3,9
Faitha,ravencrest,288,mage,frost,12,3,9
Fernandéz,ravencrest,288,mage,frost,12,3,9
Imasheeper,silvermoon,288,mage,frost,12,3,9
Котофайв,howling-fjord,288,mage,frost,12,3,9
Sérc,ravencrest,288,mage,frost,12,3,9
Phonkim,stormscale,288,mage,frost,12,3,9
Paradigma,sylvanas,288,mage,frost,12,3,9
Avæ,stormscale,288,mage,frost,12,3,9
Чоуза,gordunni,288,mage,frost,12,3,9
Subtempo,silvermoon,288,mage,frost,12,3,9
Sérum,drakthul,288,mage,frost,12,3,9
Devon,haomarush,288,mage,frost,12,3,9
Xeldary,blackmoore,288,mage,frost,12,3,9
Скайлуйт,gordunni,288,mage,frost,12,3,9
Kryptass,aegwynn,288,mage,frost,12,3,9
Тудысюдым,eversong,288,mage,frost,12,3,9
Ypy,dragonmaw,288,mage,frost,12,3,9
Kaiyn,argent-dawn,288,mage,frost,12,3,9
Waterhagx,tarren-mill,288,mage,frost,12,3,9
Flarriux,twisting-nether,288,mage,frost,12,3,9
Kilféfroid,ysondre,288,mage,frost,13,3,10
Cortis,outland,288,mage,frost,18,3,15
Icystar,antonidas,288,mage,frost,18,3,15
Valtarisoo,amanthul,287,mage,frost,6,3,3
Fumachustas,kazzak,287,mage,frost,6,3,3
Magó,eredar,287,mage,frost,6,3,3
Reeyymmoo,draenor,287,mage,frost,6,3,3
Zuza,magtheridon,287,mage,frost,6,3,3
Tsr,burning-legion,287,mage,frost,6,3,3
Эпсиха,lich-king,287,mage,frost,6,3,3
Mexxlaz,eredar,287,mage,frost,12,3,9
Nekroulis,agamaggan,287,mage,frost,12,3,9
Kasus,sporeggar,287,mage,frost,12,3,9
Familyfrost,thunderhorn,287,mage,frost,12,3,9
Freeto,blackmoore,286,mage,frost,6,3,3
Maélïne,hyjal,286,mage,frost,6,3,3
Morrigane,shattered-hand,286,mage,frost,6,3,3
Neps,chamber-of-aspects,285,mage,frost,12,3,9
Rosenkrauz,kul-tiras,280,mage,frost,26,3,23
Torryel,silvermoon,256,mage,frost,10,3,7
Кагумми,gordunni,256,mage,frost,16,3,13
Колдунская,gordunni,255,mage,frost,11,3,8
Iif,zirkel-des-cenarius,239,mage,frost,5,3,2
Holginho,twilights-hammer,234,mage,frost,30,11,19
Sephis,anubarak,223,mage,frost,14,3,11
Liloz,aegwynn,192,mage,frost,6,2,4
Berylton,argent-dawn,192,mage,frost,6,2,4
Alieni,stormreaver,192,mage,frost,6,2,4
Kobrass,spinebreaker,192,mage,frost,6,2,4
Dxdxdxdxdx,drakthul,192,mage,frost,6,2,4
Skylezy,blackrock,192,mage,frost,6,2,4
Robsn,blackrock,192,mage,frost,6,2,4
Ðøæø,twisting-nether,192,mage,frost,6,2,4
Maeflix,aegwynn,192,mage,frost,6,2,4
Adetin,tarren-mill,192,mage,frost,6,2,4
Whìtewalker,pozzo-delleternità,192,mage,frost,6,2,4
Sperow,marécage-de-zangar,192,mage,frost,6,2,4
Welt,drakthul,192,mage,frost,6,2,4
Бд,blackscar,192,mage,frost,6,2,4
Zulkas,stormreaver,192,mage,frost,6,2,4
Qalisp,twisting-nether,192,mage,frost,6,2,4
Vaerén,malganis,192,mage,frost,6,2,4
Barspin,lightnings-blade,192,mage,frost,6,2,4
Димаскунфу,howling-fjord,192,mage,frost,6,2,4
Shealá,blackhand,192,mage,frost,6,2,4
Burnem,kult-der-verdammten,192,mage,frost,6,2,4
Smokedaddy,stormscale,192,mage,frost,6,2,4
Blastus,ragnaros,192,mage,frost,6,2,4
Frazztato,tarren-mill,192,mage,frost,6,2,4
Feath,ravencrest,192,mage,frost,6,2,4
Haxyo,twisting-nether,192,mage,frost,6,2,4
Proxanlulz,ravencrest,192,mage,frost,6,2,4
Magovix,archimonde,192,mage,frost,6,2,4
Wizoz,blackrock,192,mage,frost,6,2,4
Toyash,ragnaros,192,mage,frost,6,2,4
Colder,hyjal,192,mage,frost,6,2,4
Budgetziqo,ravencrest,192,mage,frost,6,2,4
Exael,ravencrest,192,mage,frost,6,2,4
Swørd,aggra-português,192,mage,frost,6,2,4
Mässîvècøx,ragnaros,192,mage,frost,6,2,4
Laciee,silvermoon,192,mage,frost,6,2,4
Gameart,alexstrasza,192,mage,frost,6,2,4
Brísingamen,outland,192,mage,frost,6,2,4
Zerøsílgødx,antonidas,192,mage,frost,6,2,4
Onlymage,outland,192,mage,frost,6,2,4
Zeramage,eredar,192,mage,frost,6,2,4
Queuefiend,eredar,192,mage,frost,6,2,4
Vareesy,drakthul,192,mage,frost,6,2,4
Missáh,archimonde,192,mage,frost,6,2,4
Kraliz,ysondre,192,mage,frost,6,2,4
Youded,arthas,192,mage,frost,6,2,4
Tomia,burning-legion,192,mage,frost,6,2,4
Ohateyz,burning-legion,192,mage,frost,6,2,4
Merwido,the-maelstrom,192,mage,frost,6,2,4
Yunion,burning-legion,192,mage,frost,6,2,4
Mooryel,burning-legion,192,mage,frost,6,2,4
Creak,blackhand,192,mage,frost,6,2,4
Ipen,bloodfeather,192,mage,frost,6,2,4
Tobie,bladefist,192,mage,frost,6,2,4
Rizzlybear,outland,192,mage,frost,6,2,4
Nanet,cthun,192,mage,frost,6,2,4
Labius,dun-modr,192,mage,frost,6,2,4
Rachouu,archimonde,192,mage,frost,6,2,4
Etherìon,los-errantes,192,mage,frost,6,2,4
Goodopeners,outland,192,mage,frost,6,2,4
Alleii,kazzak,192,mage,frost,6,2,4
Infamage,draenor,192,mage,frost,6,2,4
Levioosah,draenor,192,mage,frost,6,2,4
Xblaz,draenor,192,mage,frost,6,2,4
Sany,anubarak,192,mage,frost,6,2,4
Yinula,stormscale,192,mage,frost,6,2,4
Frostbringer,archimonde,192,mage,frost,6,2,4
Meteofrost,draenor,192,mage,frost,6,2,4
Naldora,turalyon,192,mage,frost,6,2,4
Balmak,doomhammer,192,mage,frost,6,2,4
Ehbehad,doomhammer,192,mage,frost,6,2,4
Ceinxjk,ravencrest,192,mage,frost,6,2,4
Êgôn,perenolde,192,mage,frost,6,2,4
Zheakz,kazzak,192,mage,frost,6,2,4
Crite,blackmoore,192,mage,frost,6,2,4
Éasy,blackmoore,192,mage,frost,6,2,4
Sebers,kazzak,192,mage,frost,6,2,4
Treyz,tichondrius,192,mage,frost,6,2,4
Banausisch,blackmoore,192,mage,frost,6,2,4
Thegoodoctor,kazzak,192,mage,frost,6,2,4
Cyreniax,the-maelstrom,192,mage,frost,6,2,4
Maveya,blackmoore,192,mage,frost,6,2,4
Ellianor,drakthul,192,mage,frost,6,2,4
Kàtsu,tarren-mill,192,mage,frost,6,2,4
Ingibjorg,auchindoun,192,mage,frost,6,2,4
Флоой,gordunni,192,mage,frost,6,2,4
Tesho,sylvanas,192,mage,frost,6,2,4
Галадриелька,gordunni,192,mage,frost,6,2,4
Bodyrocker,sylvanas,192,mage,frost,6,2,4
Эникор,gordunni,192,mage,frost,6,2,4
Harpelmage,auchindoun,192,mage,frost,6,2,4
Pogmage,blackrock,192,mage,frost,12,2,10
Myriel,thrall,192,mage,frost,12,2,10
Portnography,draenor,192,mage,frost,12,2,10
Bêta,dun-modr,192,mage,frost,12,2,10
Arinel,stormreaver,192,mage,frost,12,2,10
Nifer,tarren-mill,192,mage,frost,12,2,10
Obsidion,sporeggar,192,mage,frost,12,2,10
Qtoli,tarren-mill,192,mage,frost,12,2,10
Shiftea,argent-dawn,192,mage,frost,12,2,10
Braínfreeze,kazzak,192,mage,frost,12,2,10
Freezeballs,blackmoore,192,mage,frost,12,2,10
Flamê,ragnaros,192,mage,frost,12,2,10
Kbd,outland,192,mage,frost,12,2,10
Xawokem,outland,192,mage,frost,12,2,10
Shizzy,onyxia,192,mage,frost,12,2,10
Магниффика,blackscar,192,mage,frost,12,2,10
Atírpá,doomhammer,192,mage,frost,12,2,10
Kaevelin,argent-dawn,192,mage,frost,12,2,10
Illiot,twisting-nether,192,mage,frost,12,2,10
Rapidfrost,drakthul,192,mage,frost,12,2,10
Mariujana,ravencrest,192,mage,frost,12,2,10
Shallari,argent-dawn,192,mage,frost,12,2,10
Hruon,ravenholdt,192,mage,frost,15,2,13
Blainemagus,arathor,192,mage,frost,17,2,15
Makkertje,silvermoon,191,mage,frost,6,2,4
Duncanidaho,throkferoth,191,mage,frost,6,2,4
Illusionx,grim-batol,191,mage,frost,6,2,4
Aaropalli,kazzak,191,mage,frost,6,2,4
Mallisto,magtheridon,191,mage,frost,6,2,4
Mátraxx,silvermoon,191,mage,frost,12,2,10
Proxj,stormscale,175,mage,frost,11,2,9
Иксайс,soulflayer,168,mage,frost,29,9,20
Aerathâ,blackrock,159,mage,frost,5,2,3
Kyan,burning-legion,159,mage,frost,5,2,3
Ivailo,ravencrest,159,mage,frost,5,2,3
Hord,zuljin,159,mage,frost,5,2,3
Dødo,archimonde,159,mage,frost,5,2,3
Королеваланс,deathguard,138,mage,frost,10,5,5
Codeincassie,blackhand,138,mage,frost,10,4,6
Zôot,ravencrest,138,mage,frost,11,4,7
Drinte,blackmoore,138,mage,frost,10,3,7
Winswin,stormscale,138,mage,frost,11,3,8
Distrophy,vashj,138,mage,frost,12,3,9
Lovesosa,malorne,138,mage,frost,13,3,10
Klivapå,aggramar,128,mage,frost,4,2,2
Швайго,gordunni,128,mage,frost,4,2,2
Skitsó,shadowsong,127,mage,frost,4,2,2
Arghen,nemesis,105,mage,frost,13,3,10
Akharthion,defias-brotherhood,96,mage,frost,3,2,1
Ntintsec,tarren-mill,96,mage,frost,3,2,1
Firestárter,ravencrest,96,mage,frost,3,2,1
Homeessa,stormreaver,96,mage,frost,6,1,5
Ледянойкекс,gordunni,96,mage,frost,6,1,5
Keïji,khaz-modan,96,mage,frost,6,1,5
Petri,laughing-skull,96,mage,frost,6,1,5
Squirtee,drakthul,96,mage,frost,6,1,5
Loskapaska,stormreaver,96,mage,frost,6,1,5
Silmara,shadowsong,96,mage,frost,6,1,5
Alphaburstqx,ragnaros,96,mage,frost,6,1,5
Ghelder,drakthul,96,mage,frost,6,1,5
Testoletku,twisting-nether,96,mage,frost,6,1,5
Rezre,stormscale,96,mage,frost,6,1,5
Wilhélm,twisting-nether,96,mage,frost,6,1,5
Curran,ravencrest,96,mage,frost,6,1,5
Vali,drakthul,96,mage,frost,6,1,5
Kosso,twisting-nether,96,mage,frost,6,1,5
Babynilli,ravencrest,96,mage,frost,6,1,5
Froostii,aegwynn,96,mage,frost,6,1,5
Dwarfyy,frostmane,96,mage,frost,6,1,5
Dphalos,ravencrest,96,mage,frost,6,1,5
Vildfogel,tarren-mill,96,mage,frost,6,1,5
Teeclis,twisting-nether,96,mage,frost,6,1,5
Meisterg,frostwolf,96,mage,frost,6,1,5
Magîny,antonidas,96,mage,frost,6,1,5
Luckymango,alakir,96,mage,frost,6,1,5
Dphz,tarren-mill,96,mage,frost,6,1,5
Deathbrínger,alakir,96,mage,frost,6,1,5
Romaga,quelthalas,96,mage,frost,6,1,5
Arogance,archimonde,96,mage,frost,6,1,5
Nullso,zuljin,96,mage,frost,6,1,5
Sheeptonreup,archimonde,96,mage,frost,6,1,5
Fumandalonso,sanguino,96,mage,frost,6,1,5
Холдми,gordunni,96,mage,frost,6,1,5
Graell,archimonde,96,mage,frost,6,1,5
Rmforever,archimonde,96,mage,frost,6,1,5
Squìshy,magtheridon,96,mage,frost,6,1,5
Rushhdj,exodar,96,mage,frost,6,1,5
Rilac,nordrassil,96,mage,frost,6,1,5
Jóhnnybravó,draenor,96,mage,frost,6,1,5
Sílvér,draenor,96,mage,frost,6,1,5
Niladyel,hyjal,96,mage,frost,6,1,5
Meroo,hyjal,96,mage,frost,6,1,5
Dyen,hyjal,96,mage,frost,6,1,5
Pflanzenn,nozdormu,96,mage,frost,6,1,5
Capz,outland,96,mage,frost,6,1,5
Kpacey,guldan,96,mage,frost,6,1,5
Aarcheon,kazzak,96,mage,frost,6,1,5
Chimará,eredar,96,mage,frost,6,1,5
Knulljonný,kazzak,96,mage,frost,6,1,5
Pungvre,kazzak,96,mage,frost,6,1,5
Rouxbignol,archimonde,96,mage,frost,6,1,5
Coombuster,kazzak,96,mage,frost,6,1,5
Ekyoo,blackrock,96,mage,frost,6,1,5
Devòna,silvermoon,96,mage,frost,6,1,5
Сморгонец,gordunni,96,mage,frost,6,1,5
Mëgu,silvermoon,96,mage,frost,6,1,5
Dóncójones,blackrock,96,mage,frost,6,1,5
Magiocre,silvermoon,96,mage,frost,6,1,5
Wingman,tarren-mill,96,mage,frost,6,1,5
Чаклунхитрун,gordunni,96,mage,frost,6,1,5
Колтрэйн,blackscar,96,mage,frost,6,1,5
Мэджиксул,grom,96,mage,frost,6,1,5
Одз,grom,96,mage,frost,6,1,5
Snowy,sargeras,96,mage,frost,12,1,11
Vïto,zuljin,96,mage,frost,12,1,11
Ploufatak,hyjal,96,mage,frost,18,1,17
Bina,drakthul,95,mage,frost,6,1,5
Floé,twisting-nether,95,mage,frost,6,1,5
Aurayaa,teldrassil,95,mage,frost,11,1,10
Elkayizer,archimonde,95,mage,frost,12,1,11
Bagss,ysondre,95,mage,frost,12,1,11
Nalord,saurfang,95,mage,frost,12,1,11
Levora,ragnaros,79,mage,frost,5,1,4
Milhoux,ysondre,79,mage,frost,5,1,4
Каппашилка,gordunni,64,mage,frost,4,1,3
Деозар,eversong,63,mage,frost,2,2,0
Gocu,tarren-mill,63,mage,frost,2,2,0
Magebraín,ravencrest,63,mage,frost,2,2,0
Ямурайхо,howling-fjord,48,mage,frost,3,1,2
Тачитачи,gordunni,48,mage,frost,3,1,2
Firzen,defias-brotherhood,42,mage,frost,8,3,5
Aeghis,darkspear,42,mage,frost,10,3,7
Mayreel,antonidas,42,mage,frost,11,3,8
Modjahead,tarren-mill,42,mage,frost,15,3,12
Boned,ravencrest,42,mage,frost,17,3,14
Интровертка,blackscar,31,mage,frost,2,1,1
Jambonpistol,archimonde,31,mage,frost,8,1,7
Сенсемилия,soulflayer,16,mage,frost,1,1,0
Xaramael,colinas-pardas,8,mage,frost,9,3,6
Fisterino,zuljin,2304,monk,mistweaver,54,42,12
Fister,zuljin,2295,monk,mistweaver,77,54,23
Commadore,draenor,2288,monk,mistweaver,137,76,61
Cocojones,tarren-mill,2286,monk,mistweaver,114,79,35
Nnsstt,zuljin,2277,monk,mistweaver,104,64,40
Bankmw,tarren-mill,2265,monk,mistweaver,77,52,25
Iminar,blackrock,2258,monk,mistweaver,96,61,35
Brickedup,twisting-nether,2246,monk,mistweaver,139,81,58
Donitrivegas,blackrock,2240,monk,mistweaver,243,152,91
Brickeduptwo,twisting-nether,2238,monk,mistweaver,174,127,47
Sâu,twisting-nether,2236,monk,mistweaver,122,76,46
Chsx,ravencrest,2234,monk,mistweaver,138,97,41
Kurbanov,stormscale,2223,monk,mistweaver,153,82,71
Kåtsumi,sanguino,2213,monk,mistweaver,148,99,49
Montex,stormscale,2210,monk,mistweaver,96,53,43
Lp,mugthol,2206,monk,mistweaver,78,52,26
Kanketoe,korgall,2205,monk,mistweaver,101,54,47
Kjñ,ravencrest,2204,monk,mistweaver,147,90,57
Ballademager,magtheridon,2191,monk,mistweaver,108,65,43
Онимэшнеца,gordunni,2170,monk,mistweaver,77,48,29
Øllen,stormscale,2161,monk,mistweaver,107,59,48
Ínsanez,dun-modr,2158,monk,mistweaver,72,44,28
Botweaver,tarren-mill,2157,monk,mistweaver,54,36,18
Sofunny,blackrock,2157,monk,mistweaver,141,86,55
Zaerin,eredar,2155,monk,mistweaver,67,39,28
Quendiz,frostwolf,2152,monk,mistweaver,90,49,41
Kêkburagol,kazzak,2149,monk,mistweaver,180,113,67
Monkield,kazzak,2149,monk,mistweaver,259,161,98
Chichigneux,hyjal,2148,monk,mistweaver,105,70,35
Shonbadatret,argent-dawn,2147,monk,mistweaver,102,62,40
Вульфхильда,soulflayer,2146,monk,mistweaver,246,144,102
Nawak,archimonde,2144,monk,mistweaver,201,108,93
Meliowo,ravencrest,2141,monk,mistweaver,102,58,44
Çoomðragon,stormscale,2139,monk,mistweaver,48,33,15
Akanetsu,kazzak,2139,monk,mistweaver,138,80,58
Ðurîmar,ravencrest,2137,monk,mistweaver,81,48,33
Lyashi,dalaran,2131,monk,mistweaver,96,51,45
Buddiline,baelgun,2131,monk,mistweaver,78,40,38
Mønkeÿ,ravencrest,2130,monk,mistweaver,70,42,28
Фуфинус,gordunni,2130,monk,mistweaver,77,45,32
Loiythree,dun-modr,2130,monk,mistweaver,96,50,46
Srdarr,kazzak,2129,monk,mistweaver,114,70,44
Ltmxy,ravencrest,2127,monk,mistweaver,66,40,26
Sqxgodx,ragnaros,2127,monk,mistweaver,71,41,30
Turricane,blackmoore,2127,monk,mistweaver,126,66,60
Vivie,destromath,2126,monk,mistweaver,78,48,30
Willxmonk,silvermoon,2126,monk,mistweaver,101,56,45
Shorus,blackmoore,2125,monk,mistweaver,132,84,48
Фунтос,soulflayer,2124,monk,mistweaver,66,41,25
Ruurruuru,archimonde,2124,monk,mistweaver,191,114,77
Trashcarlita,eredar,2120,monk,mistweaver,90,51,39
Beetlejuicé,stormscale,2118,monk,mistweaver,42,28,14
Loofey,ragnaros,2117,monk,mistweaver,218,128,90
Mharlie,stormscale,2117,monk,mistweaver,291,158,133
Дамбмонк,blackscar,2116,monk,mistweaver,76,46,30
Tryhârdx,stormscale,2115,monk,mistweaver,96,51,45
Mibe,alonsus,2115,monk,mistweaver,138,69,69
Bmane,archimonde,2114,monk,mistweaver,71,40,31
Vanost,kazzak,2114,monk,mistweaver,90,45,45
Bighealz,aggra-português,2113,monk,mistweaver,77,43,34
Loiyah,dun-modr,2113,monk,mistweaver,78,40,38
Dekaramw,ravencrest,2112,monk,mistweaver,42,33,9
Monkeyi,silvermoon,2112,monk,mistweaver,143,75,68
Bigbøøty,silvermoon,2112,monk,mistweaver,90,46,44
Seeyoulater,nemesis,2110,monk,mistweaver,354,184,170
Cranex,terenas,2109,monk,mistweaver,118,72,46
Glooni,blackrock,2108,monk,mistweaver,75,46,29
Кимлейн,blackscar,2108,monk,mistweaver,48,29,19
Mememaster,blackhand,2106,monk,mistweaver,172,105,67
Speedahx,dun-modr,2105,monk,mistweaver,158,97,61
Bobthewild,draenor,2104,monk,mistweaver,449,233,216
Хапаюивтыкаю,gordunni,2103,monk,mistweaver,78,50,28
Sinted,blackmoore,2103,monk,mistweaver,83,52,31
Lifelessons,blackrock,2103,monk,mistweaver,57,34,23
Fisterbean,outland,2103,monk,mistweaver,72,40,32
Joke,ragnaros,2103,monk,mistweaver,126,66,60
Swoshz,ragnaros,2103,monk,mistweaver,66,33,33
Blubberwurst,gorgonnash,2102,monk,mistweaver,130,74,56
Webhottie,twisting-nether,2102,monk,mistweaver,155,88,67
Karsat,hyjal,2102,monk,mistweaver,639,339,300
Wajoba,blackhand,2102,monk,mistweaver,114,58,56
Flowy,uldum,2101,monk,mistweaver,60,31,29
Nesedondondn,stormscale,2100,monk,mistweaver,60,41,19
Глитч,deepholm,2100,monk,mistweaver,66,43,23
Hiryu,argent-dawn,2100,monk,mistweaver,125,75,50
Yellowtape,kiljaeden,2100,monk,mistweaver,215,127,88
Dollyqt,ravencrest,2100,monk,mistweaver,90,46,44
Zonsym,twisting-nether,2094,monk,mistweaver,120,69,51
Ashm,shattered-halls,2090,monk,mistweaver,99,55,44
Lylleri,darksorrow,2089,monk,mistweaver,68,40,28
Tímmz,blackrock,2088,monk,mistweaver,96,56,40
Lmnsx,ravencrest,2083,monk,mistweaver,78,46,32
Kêkbûrâgól,kazzak,2079,monk,mistweaver,157,89,68
Йорита,soulflayer,2072,monk,mistweaver,72,44,28
Pizzabud,ravencrest,2068,monk,mistweaver,64,43,21
Ltmdwarf,ravencrest,2067,monk,mistweaver,84,45,39
Roadrunnér,ravencrest,2052,monk,mistweaver,90,49,41
Леолайт,borean-tundra,2048,monk,mistweaver,124,70,54
Quendi,frostwolf,2046,monk,mistweaver,196,96,100
Bigbummer,blackmoore,2044,monk,mistweaver,144,83,61
Loiyh,dun-modr,2044,monk,mistweaver,96,47,49
Couchfrmikea,twisting-nether,2043,monk,mistweaver,84,46,38
Кулачонка,blackscar,2040,monk,mistweaver,71,43,28
Umadbrohuh,outland,2040,monk,mistweaver,75,44,31
Monkeystar,archimonde,2040,monk,mistweaver,120,66,54
Qwertyxo,draenor,2036,monk,mistweaver,165,100,65
Zevenblad,stormscale,2036,monk,mistweaver,82,43,39
Residùe,kazzak,2030,monk,mistweaver,102,62,40
Mergina,silvermoon,2026,monk,mistweaver,66,37,29
Pennyflame,stormscale,2026,monk,mistweaver,125,67,58
Chitea,argent-dawn,2025,monk,mistweaver,76,42,34
Adgoh,tarren-mill,2018,monk,mistweaver,58,43,15
Pyrìt,blackhand,2016,monk,mistweaver,72,49,23
Tigermw,twisting-nether,2016,monk,mistweaver,100,62,38
Diorc,outland,2016,monk,mistweaver,164,87,77
Demmonkz,stormreaver,2014,monk,mistweaver,78,49,29
Bigmilkies,ysondre,2014,monk,mistweaver,108,60,48
Onlyfist,stormscale,2013,monk,mistweaver,66,38,28
Neszesmonk,ragnaros,2013,monk,mistweaver,331,177,154
Monkeymain,tarren-mill,2013,monk,mistweaver,65,34,31
Кулакх,blackscar,2012,monk,mistweaver,106,59,47
Ðalvan,blackrock,2011,monk,mistweaver,78,39,39
Fåtjøë,ravencrest,2010,monk,mistweaver,48,31,17
Flandersmonk,ravencrest,2008,monk,mistweaver,90,57,33
Шортмневноги,howling-fjord,2008,monk,mistweaver,137,74,63
Stringg,zuljin,2006,monk,mistweaver,348,190,158
Ганссмонк,blackscar,2004,monk,mistweaver,180,94,86
Haìryplotter,kazzak,2003,monk,mistweaver,312,173,139
Суммрачная,gordunni,2002,monk,mistweaver,144,89,55
Ouhmaikgød,dun-modr,2002,monk,mistweaver,177,88,89
Toram,burning-legion,2001,monk,mistweaver,96,52,44
Perceptîon,thrall,2000,monk,mistweaver,144,81,63
Zeoverx,ragnaros,2000,monk,mistweaver,84,39,45
Gronkr,draenor,1999,monk,mistweaver,106,59,47
Лабирончик,blackscar,1998,monk,mistweaver,77,55,22
Dicedkiwi,quelthalas,1998,monk,mistweaver,400,231,169
Rocknreroll,executus,1997,monk,mistweaver,198,113,85
Strillen,twisting-nether,1996,monk,mistweaver,174,94,80
Wajøba,blackhand,1995,monk,mistweaver,54,31,23
Tierrax,cthun,1993,monk,mistweaver,77,42,35
Mösêê,eredar,1992,monk,mistweaver,88,39,49
Shadezz,blackmoore,1991,monk,mistweaver,82,54,28
Пиписечка,gordunni,1991,monk,mistweaver,53,31,22
Brxndimonk,antonidas,1990,monk,mistweaver,63,35,28
Teampro,ragnaros,1990,monk,mistweaver,258,138,120
Øméga,ravencrest,1989,monk,mistweaver,194,128,66
Wrynja,blackmoore,1984,monk,mistweaver,72,45,27
Snówtea,silvermoon,1984,monk,mistweaver,68,38,30
Swagmonk,silvermoon,1984,monk,mistweaver,122,65,57
Holyrop,aegwynn,1982,monk,mistweaver,36,25,11
Môûsè,ravencrest,1981,monk,mistweaver,102,62,40
Féfè,archimonde,1979,monk,mistweaver,84,43,41
Sookrates,ragnaros,1978,monk,mistweaver,117,68,49
Zöumi,ravencrest,1974,monk,mistweaver,226,124,102
Voltzeig,dentarg,1973,monk,mistweaver,328,173,155
Uao,tarren-mill,1971,monk,mistweaver,66,31,35
Timmzý,blackmoore,1969,monk,mistweaver,107,68,39
Боецкфц,soulflayer,1969,monk,mistweaver,64,37,27
Monkrah,blackmoore,1969,monk,mistweaver,72,37,35
Veganweaver,ravencrest,1966,monk,mistweaver,60,37,23
Magixc,drakthul,1965,monk,mistweaver,104,62,42
Vienuolè,silvermoon,1961,monk,mistweaver,54,30,24
Howtoown,burning-legion,1960,monk,mistweaver,60,34,26
Kapud,twisting-nether,1958,monk,mistweaver,84,47,37
Marqinio,archimonde,1956,monk,mistweaver,90,49,41
Pwner,daggerspine,1956,monk,mistweaver,287,151,136
Гроксси,howling-fjord,1955,monk,mistweaver,146,89,57
Yoghurtz,frostmourne,1954,monk,mistweaver,216,121,95
Prototyp,burning-legion,1953,monk,mistweaver,88,49,39
Xámell,ravencrest,1952,monk,mistweaver,54,29,25
Lîlilîlîlîlí,stormscale,1950,monk,mistweaver,54,30,24
Chanzey,silvermoon,1949,monk,mistweaver,294,164,130
Killibrew,ravencrest,1947,monk,mistweaver,132,80,52
Кодизи,gordunni,1946,monk,mistweaver,47,34,13
Lanvia,argent-dawn,1946,monk,mistweaver,222,126,96
Beili,ravencrest,1946,monk,mistweaver,79,42,37
Wwvwwvwwvwwv,ragnaros,1946,monk,mistweaver,102,49,53
Анстапоблх,grom,1945,monk,mistweaver,66,32,34
Skailzkrtwo,hyjal,1943,monk,mistweaver,72,41,31
Abdulhealer,stormscale,1942,monk,mistweaver,54,29,25
Notzaele,zuljin,1941,monk,mistweaver,114,59,55
Manjini,blackhand,1940,monk,mistweaver,92,49,43
Zoida,azuremyst,1936,monk,mistweaver,180,95,85
Problematic,blackmoore,1932,monk,mistweaver,52,33,19
Melysà,antonidas,1932,monk,mistweaver,51,30,21
Texiq,drakthul,1932,monk,mistweaver,290,169,121
Stemanit,draenor,1929,monk,mistweaver,77,47,30
Manatoiled,draenor,1928,monk,mistweaver,60,35,25
Lildaddymunk,ravencrest,1928,monk,mistweaver,54,31,23
Limbaskalol,dun-modr,1926,monk,mistweaver,265,140,125
Arenatwo,outland,1925,monk,mistweaver,93,56,37
Pudgefeed,silvermoon,1924,monk,mistweaver,108,65,43
Machó,kazzak,1922,monk,mistweaver,71,36,35
Mafiazøo,hyjal,1919,monk,mistweaver,148,92,56
Djsqx,outland,1915,monk,mistweaver,30,20,10
Tinydolls,archimonde,1915,monk,mistweaver,42,24,18
Panson,twisting-nether,1915,monk,mistweaver,78,39,39
Yexìu,kult-der-verdammten,1914,monk,mistweaver,54,30,24
Æøwyn,ragnaros,1913,monk,mistweaver,94,65,29
Cítysushi,draenor,1913,monk,mistweaver,110,63,47
Siphem,ravencrest,1911,monk,mistweaver,287,154,133
Коконгкд,blackscar,1911,monk,mistweaver,376,199,177
Ûnknöw,archimonde,1910,monk,mistweaver,66,39,27
Myeers,dun-modr,1910,monk,mistweaver,198,109,89
Dmonk,aegwynn,1910,monk,mistweaver,179,84,95
Lxstcxntury,stormscale,1908,monk,mistweaver,47,32,15
Bjj,blackrock,1908,monk,mistweaver,59,31,28
Meemyo,blackmoore,1904,monk,mistweaver,83,34,49
Wrv,kazzak,1901,monk,mistweaver,295,158,137
Эифорйя,howling-fjord,1901,monk,mistweaver,100,50,50
Muchobijca,defias-brotherhood,1900,monk,mistweaver,78,44,34
Halùnkè,eredar,1900,monk,mistweaver,189,105,84
Shirkán,ragnaros,1899,monk,mistweaver,162,90,72
Subàru,draenor,1898,monk,mistweaver,93,60,33
Yamqt,thrall,1898,monk,mistweaver,51,32,19
Yuukiiqt,kult-der-verdammten,1897,monk,mistweaver,113,61,52
Munktjejen,argent-dawn,1896,monk,mistweaver,36,20,16
Seventhirty,ravencrest,1896,monk,mistweaver,36,20,16
Лемонк,gordunni,1895,monk,mistweaver,40,21,19
Brofistmw,outland,1894,monk,mistweaver,48,33,15
Jemp,ravencrest,1892,monk,mistweaver,592,328,264
Uwû,ravencrest,1890,monk,mistweaver,107,73,34
Rolxx,twisting-nether,1890,monk,mistweaver,128,66,62
Jam,aerie-peak,1889,monk,mistweaver,24,20,4
Crymonkya,aegwynn,1889,monk,mistweaver,174,110,64
Egg,frostmane,1887,monk,mistweaver,48,30,18
Rokux,kazzak,1887,monk,mistweaver,49,28,21
Pizelx,alakir,1887,monk,mistweaver,72,38,34
Aromipesäx,outland,1884,monk,mistweaver,83,42,41
Zanzetsu,twisting-nether,1881,monk,mistweaver,173,93,80
Deepl,dun-modr,1880,monk,mistweaver,54,27,27
Nåwãk,archimonde,1875,monk,mistweaver,145,71,74
Blantai,tarren-mill,1874,monk,mistweaver,78,38,40
Meldi,ravencrest,1873,monk,mistweaver,54,32,22
Xadez,ravencrest,1872,monk,mistweaver,63,39,24
Барлиос,soulflayer,1871,monk,mistweaver,385,206,179
Monkeycoke,ragnaros,1870,monk,mistweaver,35,21,14
Brxmonki,antonidas,1870,monk,mistweaver,83,45,38
Анимешнеца,gordunni,1868,monk,mistweaver,48,28,20
Kratzl,blackrock,1867,monk,mistweaver,54,34,20
Luru,outland,1867,monk,mistweaver,83,47,36
Shushux,ysondre,1866,monk,mistweaver,30,20,10
Madraven,ravencrest,1866,monk,mistweaver,60,27,33
Саас,gordunni,1865,monk,mistweaver,41,26,15
Ræïzò,dun-morogh,1865,monk,mistweaver,58,34,24
Effeots,blackrock,1863,monk,mistweaver,248,128,120
Porcman,archimonde,1863,monk,mistweaver,183,94,89
Тащунаскилле,thermaplugg,1862,monk,mistweaver,62,39,23
Jiafei,tarren-mill,1862,monk,mistweaver,42,25,17
Cptsensey,draenor,1861,monk,mistweaver,42,29,13
Chazu,outland,1861,monk,mistweaver,66,36,30
Statícx,twisting-nether,1860,monk,mistweaver,42,28,14
Hélpx,stormscale,1860,monk,mistweaver,42,23,19
Youkâi,blackrock,1859,monk,mistweaver,48,31,17
Минимонахх,blackscar,1859,monk,mistweaver,84,54,30
Dragzol,tarren-mill,1858,monk,mistweaver,144,72,72
Rullsimpa,ravencrest,1858,monk,mistweaver,77,34,43
Jackål,silvermoon,1857,monk,mistweaver,39,27,12
Digzzy,draenor,1856,monk,mistweaver,63,35,28
Srav,archimonde,1856,monk,mistweaver,96,53,43
Waramow,eredar,1855,monk,mistweaver,36,25,11
Butterbean,conseil-des-ombres,1855,monk,mistweaver,69,41,28
Shâng,blackhand,1855,monk,mistweaver,54,32,22
Neyoklol,blackrock,1855,monk,mistweaver,117,68,49
Crôcøpx,blackhand,1855,monk,mistweaver,78,39,39
Фунтос,gordunni,1854,monk,mistweaver,48,34,14
Cdriscas,aggra-português,1854,monk,mistweaver,143,80,63
Фейкнаут,soulflayer,1854,monk,mistweaver,132,69,63
Døk,twisting-nether,1852,monk,mistweaver,36,24,12
Vingurd,terokkar,1852,monk,mistweaver,45,28,17
Sugra,frostwolf,1852,monk,mistweaver,63,39,24
Bicmex,archimonde,1852,monk,mistweaver,96,46,50
Wrathx,draenor,1851,monk,mistweaver,60,43,17
Muerb,die-arguswacht,1851,monk,mistweaver,45,28,17
Fùckaround,emeriss,1851,monk,mistweaver,95,55,40
Perelman,burning-legion,1851,monk,mistweaver,84,48,36
Мичан,howling-fjord,1849,monk,mistweaver,146,88,58
Shortinlegs,silvermoon,1848,monk,mistweaver,72,41,31
Çheeks,kazzak,1848,monk,mistweaver,48,26,22
Керизз,gordunni,1846,monk,mistweaver,42,27,15
Mistyhoe,twisting-nether,1846,monk,mistweaver,230,119,111
Kóan,stormscale,1845,monk,mistweaver,105,56,49
Inuria,ravencrest,1844,monk,mistweaver,129,79,50
Neisha,drakthul,1843,monk,mistweaver,102,63,39
Enveløp,stormscale,1842,monk,mistweaver,42,29,13
Poohya,silvermoon,1842,monk,mistweaver,48,24,24
Musclemage,turalyon,1841,monk,mistweaver,60,31,29
Hidekami,archimonde,1840,monk,mistweaver,90,46,44
Péppy,aegwynn,1839,monk,mistweaver,46,28,18
Tráïner,madmortem,1839,monk,mistweaver,173,92,81
Siignmonk,ravencrest,1839,monk,mistweaver,230,118,112
Monkler,blackhand,1839,monk,mistweaver,114,57,57
Swaghäuser,blackmoore,1838,monk,mistweaver,174,98,76
Pøhx,ragnaros,1837,monk,mistweaver,87,51,36
Wrox,sylvanas,1836,monk,mistweaver,66,47,19
Mwmonk,blackrock,1836,monk,mistweaver,65,42,23
Флориус,soulflayer,1836,monk,mistweaver,53,31,22
Homes,blackmoore,1836,monk,mistweaver,114,61,53
Monkdrak,eredar,1835,monk,mistweaver,39,24,15
Jades,emeriss,1835,monk,mistweaver,198,99,99
Moariann,drakthul,1834,monk,mistweaver,132,67,65
Hajlong,outland,1834,monk,mistweaver,66,32,34
Yulonian,argent-dawn,1833,monk,mistweaver,189,116,73
Jabington,aegwynn,1832,monk,mistweaver,121,73,48
Рендикаое,soulflayer,1832,monk,mistweaver,199,110,89
Monkbtw,kazzak,1831,monk,mistweaver,36,27,9
Ønlyfäns,kazzak,1831,monk,mistweaver,112,67,45
Jamiedhism,ravencrest,1831,monk,mistweaver,54,28,26
Donkeymønk,hyjal,1830,monk,mistweaver,355,193,162
Infamøus,uldum,1829,monk,mistweaver,44,29,15
Taeyhung,thrall,1829,monk,mistweaver,123,71,52
Yum,anetheron,1829,monk,mistweaver,102,53,49
Santoron,baelgun,1829,monk,mistweaver,75,36,39
Fisterinos,blackrock,1828,monk,mistweaver,168,109,59
Нубстриимс,gordunni,1828,monk,mistweaver,62,33,29
Elhäbedehä,eredar,1828,monk,mistweaver,320,168,152
Mistyfox,aszune,1828,monk,mistweaver,95,45,50
Koguosa,outland,1827,monk,mistweaver,42,32,10
Véxyra,draenor,1827,monk,mistweaver,48,32,16
Lanory,blackmoore,1827,monk,mistweaver,42,26,16
Ilovesanrio,kazzak,1827,monk,mistweaver,86,53,33
Trifogeorge,archimonde,1827,monk,mistweaver,48,28,20
Mickeyworms,archimonde,1827,monk,mistweaver,46,23,23
Tøwtc,outland,1826,monk,mistweaver,90,58,32
Мефодийкун,howling-fjord,1826,monk,mistweaver,108,63,45
Phyxone,twisting-nether,1826,monk,mistweaver,54,31,23
Ultdave,eredar,1826,monk,mistweaver,245,139,106
Playbîrd,archimonde,1826,monk,mistweaver,100,54,46
Bmwmthree,draenor,1826,monk,mistweaver,60,31,29
Notachi,doomhammer,1825,monk,mistweaver,243,135,108
Scribzw,twisting-nether,1824,monk,mistweaver,77,43,34
Элонхаск,gordunni,1824,monk,mistweaver,54,29,25
Maesha,ahnqiraj,1823,monk,mistweaver,90,57,33
Dmonkz,magtheridon,1823,monk,mistweaver,54,30,24
Vizfist,tarren-mill,1823,monk,mistweaver,54,26,28
Grauwe,stormscale,1822,monk,mistweaver,57,35,22
Sadmw,archimonde,1822,monk,mistweaver,48,28,20
Patiencebro,archimonde,1822,monk,mistweaver,78,43,35
Lildaddymonk,ravencrest,1822,monk,mistweaver,54,24,30
Pamtu,dun-modr,1821,monk,mistweaver,102,66,36
Astromune,draenor,1821,monk,mistweaver,53,32,21
Nuke,steamwheedle-cartel,1821,monk,mistweaver,51,26,25
Sikaan,blackhand,1820,monk,mistweaver,42,27,15
Амаранточка,howling-fjord,1820,monk,mistweaver,60,38,22
Carlteaz,drakthul,1820,monk,mistweaver,109,67,42
Kungfupanda,stormscale,1820,monk,mistweaver,110,64,46
Trollroll,defias-brotherhood,1820,monk,mistweaver,132,74,58
Mobrac,twisting-nether,1820,monk,mistweaver,50,26,24
Nognegodx,ravencrest,1820,monk,mistweaver,96,45,51
Hurri,krasus,1819,monk,mistweaver,36,25,11
Kungfublyat,twisting-nether,1818,monk,mistweaver,59,43,16
Шэганэ,deathguard,1818,monk,mistweaver,74,45,29
Явтильте,blackscar,1818,monk,mistweaver,52,30,22
Fistíe,sylvanas,1817,monk,mistweaver,33,22,11
Motang,blackmoore,1816,monk,mistweaver,62,34,28
Mugenzen,sanguino,1816,monk,mistweaver,36,19,17
Precocconx,stormreaver,1816,monk,mistweaver,36,19,17
Elmezz,burning-legion,1816,monk,mistweaver,51,26,25
Polch,archimonde,1816,monk,mistweaver,78,38,40
Твикса,soulflayer,1816,monk,mistweaver,114,54,60
Zulein,defias-brotherhood,1814,monk,mistweaver,36,21,15
Тамаз,gordunni,1814,monk,mistweaver,59,24,35
Crñ,blackmoore,1813,monk,mistweaver,44,26,18
Basilbrushxd,stormscale,1813,monk,mistweaver,48,27,21
Людзяо,galakrond,1813,monk,mistweaver,107,59,48
Фунтих,soulflayer,1813,monk,mistweaver,46,24,22
Karmasnitch,antonidas,1812,monk,mistweaver,72,41,31
Onaiâ,ravencrest,1811,monk,mistweaver,49,35,14
Vxs,blackhand,1811,monk,mistweaver,72,45,27
Sugermum,outland,1811,monk,mistweaver,54,31,23
Insanepace,blackmoore,1811,monk,mistweaver,61,31,30
Xoconut,kazzak,1810,monk,mistweaver,292,160,132
Shyheimyo,outland,1810,monk,mistweaver,54,27,27
Wh,terenas,1809,monk,mistweaver,30,19,11
Evad,kazzak,1809,monk,mistweaver,113,69,44
Schizacademy,draenor,1809,monk,mistweaver,44,26,18
Yäffa,archimonde,1809,monk,mistweaver,126,71,55
Monkwithlove,blackhand,1809,monk,mistweaver,162,90,72
Schøcker,blackmoore,1809,monk,mistweaver,59,32,27
Wernos,archimonde,1809,monk,mistweaver,60,32,28
Fìstpwnjk,forscherliga,1808,monk,mistweaver,145,93,52
Errowin,blackmoore,1807,monk,mistweaver,108,68,40
Doffm,auchindoun,1807,monk,mistweaver,90,55,35
Kilograme,tarren-mill,1806,monk,mistweaver,66,36,30
Monkgolitaxd,dun-modr,1806,monk,mistweaver,258,140,118
Kîrânâ,eredar,1806,monk,mistweaver,54,29,25
Ранки,lich-king,1806,monk,mistweaver,60,27,33
Exbuddhist,outland,1805,monk,mistweaver,30,19,11
Fullzi,dalaran,1805,monk,mistweaver,30,19,11
Maybeexm,ravencrest,1805,monk,mistweaver,48,26,22
Сазуко,gordunni,1805,monk,mistweaver,96,51,45
Yto,gorgonnash,1804,monk,mistweaver,54,26,28
Dewamønk,blackmoore,1803,monk,mistweaver,70,41,29
Wiwâ,outland,1803,monk,mistweaver,85,46,39
Vanicweaver,aegwynn,1802,monk,mistweaver,36,26,10
Кроанла,howling-fjord,1802,monk,mistweaver,54,34,20
Cæsifer,ungoro,1802,monk,mistweaver,53,28,25
Alprox,moonglade,1802,monk,mistweaver,170,87,83
Djpunchable,blackrock,1801,monk,mistweaver,50,38,12
Bossmanfred,outland,1801,monk,mistweaver,84,56,28
Heramonk,dun-modr,1801,monk,mistweaver,58,30,28
Jinxini,twisting-nether,1800,monk,mistweaver,24,19,5
Callysra,archimonde,1800,monk,mistweaver,42,30,12
Monknice,sylvanas,1800,monk,mistweaver,77,40,37
Xarêlla,aegwynn,1800,monk,mistweaver,114,58,56
Hurricaine,hyjal,1799,monk,mistweaver,30,19,11
Táy,ravencrest,1799,monk,mistweaver,96,57,39
Vienuole,silvermoon,1798,monk,mistweaver,53,27,26
Srchi,aggra-português,1797,monk,mistweaver,49,28,21
Brewnox,ragnaros,1797,monk,mistweaver,59,30,29
Нимбмонк,soulflayer,1796,monk,mistweaver,53,25,28
Shehulkk,ravencrest,1795,monk,mistweaver,54,29,25
Shurdax,silvermoon,1793,monk,mistweaver,96,52,44
Baatu,frostmane,1792,monk,mistweaver,144,71,73
Extrimist,sylvanas,1790,monk,mistweaver,239,129,110
Skïrmíshgødx,ravencrest,1790,monk,mistweaver,54,25,29
Lünara,ambossar,1787,monk,mistweaver,90,52,38
Лиянь,soulflayer,1787,monk,mistweaver,108,61,47
Oikodomos,twisting-nether,1787,monk,mistweaver,124,67,57
Jorahmarmond,tarren-mill,1786,monk,mistweaver,48,35,13
Savagex,sanguino,1784,monk,mistweaver,100,51,49
Piedliés,ravencrest,1784,monk,mistweaver,96,45,51
Bluran,dalaran,1783,monk,mistweaver,76,42,34
Sushiroller,blackrock,1783,monk,mistweaver,48,26,22
Threesíxníne,dun-morogh,1783,monk,mistweaver,42,22,20
Natsuø,nemesis,1782,monk,mistweaver,48,29,19
Loobee,ravencrest,1782,monk,mistweaver,48,24,24
Kwondo,archimonde,1779,monk,mistweaver,48,28,20
Førzãlêvskî,ravencrest,1776,monk,mistweaver,24,19,5
Birgitbuddha,gorgonnash,1776,monk,mistweaver,84,48,36
Brysiqtx,aegwynn,1775,monk,mistweaver,75,38,37
Yukimøn,hyjal,1774,monk,mistweaver,103,73,30
Papimonkx,garona,1773,monk,mistweaver,48,22,26
Babbub,tarren-mill,1772,monk,mistweaver,72,45,27
Luvmollý,silvermoon,1771,monk,mistweaver,132,65,67
Taylorghost,ravencrest,1769,monk,mistweaver,74,47,27
Mônkykong,ravencrest,1768,monk,mistweaver,36,23,13
Mmrkick,kazzak,1768,monk,mistweaver,84,48,36
Legsweep,blackhand,1767,monk,mistweaver,133,84,49
Rogvi,argent-dawn,1767,monk,mistweaver,228,114,114
Soulring,kazzak,1767,monk,mistweaver,63,31,32
Cøcøøn,blackrock,1765,monk,mistweaver,146,79,67
Yungsooth,stormscale,1763,monk,mistweaver,65,40,25
Pikemi,dun-modr,1762,monk,mistweaver,108,67,41
Whoszeus,archimonde,1762,monk,mistweaver,232,132,100
Bammemw,archimonde,1760,monk,mistweaver,54,25,29
Sícknéss,aegwynn,1759,monk,mistweaver,42,26,16
Riendy,silvermoon,1759,monk,mistweaver,302,167,135
Djsnake,blackrock,1758,monk,mistweaver,48,28,20
Räpeltäjä,stormreaver,1757,monk,mistweaver,30,24,6
Mêshuggâh,malganis,1757,monk,mistweaver,48,28,20
Gréèñðrägôñ,stormscale,1756,monk,mistweaver,36,26,10
Sîono,antonidas,1755,monk,mistweaver,48,34,14
Key,stormreaver,1755,monk,mistweaver,82,50,32
Holyropx,aegwynn,1755,monk,mistweaver,42,25,17
Sniffn,ravencrest,1754,monk,mistweaver,54,35,19
Blamethegame,hyjal,1753,monk,mistweaver,35,24,11
Actionsusi,area-52,1753,monk,mistweaver,48,27,21
Эрмонд,soulflayer,1753,monk,mistweaver,68,37,31
Esriin,shattered-hand,1752,monk,mistweaver,48,28,20
Januslapuce,culte-de-la-rive-noire,1752,monk,mistweaver,35,19,16
Päws,kazzak,1751,monk,mistweaver,42,25,17
Stifmeister,tarren-mill,1750,monk,mistweaver,94,50,44
Jayber,laughing-skull,1749,monk,mistweaver,72,46,26
Эрмилинда,gordunni,1749,monk,mistweaver,54,26,28
Callim,blackrock,1748,monk,mistweaver,30,19,11
Бадика,howling-fjord,1748,monk,mistweaver,221,123,98
Hôn,sanguino,1746,monk,mistweaver,53,36,17
Kaezm,blackrock,1746,monk,mistweaver,42,26,16
Fulgrem,stormscale,1745,monk,mistweaver,117,69,48
Callmeks,stormscale,1745,monk,mistweaver,72,42,30
Dog,garona,1745,monk,mistweaver,84,36,48
Seandyche,ravencrest,1744,monk,mistweaver,34,23,11
Neash,silvermoon,1744,monk,mistweaver,90,51,39
Teahihi,ravencrest,1742,monk,mistweaver,36,27,9
Mcscrub,ragnaros,1742,monk,mistweaver,35,24,11
Nule,outland,1741,monk,mistweaver,48,25,23
Alessîca,aegwynn,1740,monk,mistweaver,48,25,23
Campix,blackmoore,1737,monk,mistweaver,123,72,51
Calmed,tarren-mill,1737,monk,mistweaver,259,148,111
Konnîchîwa,kazzak,1737,monk,mistweaver,167,91,76
Mommymonk,outland,1737,monk,mistweaver,51,27,24
Ipmanlol,archimonde,1736,monk,mistweaver,114,69,45
Fatdad,magtheridon,1735,monk,mistweaver,89,44,45
Saibell,scarshield-legion,1734,monk,mistweaver,78,51,27
Bearmw,draenor,1734,monk,mistweaver,48,30,18
Zýru,ragnaros,1734,monk,mistweaver,124,75,49
Shishasho,stormreaver,1734,monk,mistweaver,52,28,24
Capkum,dun-modr,1734,monk,mistweaver,166,84,82
Táuriéll,eredar,1734,monk,mistweaver,42,21,21
Ellimak,archimonde,1733,monk,mistweaver,34,21,13
Mugotea,twisting-nether,1732,monk,mistweaver,90,48,42
Аскмилол,deathweaver,1731,monk,mistweaver,76,44,32
Nsq,ravencrest,1731,monk,mistweaver,48,26,22
Greentape,kiljaeden,1730,monk,mistweaver,42,27,15
Wørsthealxd,alakir,1728,monk,mistweaver,88,59,29
Súzy,stormscale,1727,monk,mistweaver,124,67,57
Brewstea,kazzak,1727,monk,mistweaver,84,40,44
Claudiå,kazzak,1727,monk,mistweaver,75,34,41
Bankdream,bronze-dragonflight,1726,monk,mistweaver,40,24,16
Ziibaa,outland,1726,monk,mistweaver,81,48,33
Taekwonroll,stormscale,1726,monk,mistweaver,48,25,23
Гачитварина,galakrond,1725,monk,mistweaver,80,51,29
Youssee,silvermoon,1725,monk,mistweaver,233,129,104
Таеуеоп,soulflayer,1724,monk,mistweaver,18,18,0
Фдма,soulflayer,1724,monk,mistweaver,41,26,15
Théverre,uldaman,1724,monk,mistweaver,195,121,74
Inear,chogall,1724,monk,mistweaver,290,153,137
Cåpybårå,outland,1724,monk,mistweaver,303,156,147
Yadokaí,darkmoon-faire,1724,monk,mistweaver,48,23,25
Notadrâgon,sylvanas,1723,monk,mistweaver,34,20,14
Kickin,burning-legion,1723,monk,mistweaver,64,37,27
Chünlii,dun-modr,1723,monk,mistweaver,60,29,31
Nrafflig,draenor,1722,monk,mistweaver,48,32,16
Merína,ragnaros,1722,monk,mistweaver,224,118,106
Jacksa,bronze-dragonflight,1721,monk,mistweaver,164,83,81
Séi,kazzak,1721,monk,mistweaver,36,18,18
Mwrbg,shadowsong,1720,monk,mistweaver,113,63,50
Dearmw,silvermoon,1719,monk,mistweaver,114,65,49
Mankee,kazzak,1719,monk,mistweaver,133,72,61
Risesx,blackmoore,1719,monk,mistweaver,103,53,50
Chimara,kazzak,1718,monk,mistweaver,79,45,34
Типмах,howling-fjord,1718,monk,mistweaver,56,31,25
Wisear,silvermoon,1718,monk,mistweaver,53,25,28
Déffly,ravencrest,1717,monk,mistweaver,24,18,6
Sinnermonkk,outland,1717,monk,mistweaver,36,24,12
Акли,gordunni,1717,monk,mistweaver,48,31,17
Lukeybabyy,defias-brotherhood,1717,monk,mistweaver,156,92,64
Pabloboy,kazzak,1715,monk,mistweaver,42,24,18
Jerymonk,tarren-mill,1715,monk,mistweaver,168,93,75
Pogimonkey,ragnaros,1715,monk,mistweaver,54,28,26
Blacktee,eredar,1714,monk,mistweaver,36,21,15
Onlyfunds,blackrock,1713,monk,mistweaver,24,18,6
ßojo,kazzak,1713,monk,mistweaver,113,70,43
Olympiiee,archimonde,1713,monk,mistweaver,293,157,136
Olgachocolat,blackmoore,1712,monk,mistweaver,120,88,32
Frkn,blackrock,1711,monk,mistweaver,42,26,16
Ashjaxa,silvermoon,1710,monk,mistweaver,42,18,24
Ultrasense,outland,1709,monk,mistweaver,30,18,12
Oukaläv,archimonde,1709,monk,mistweaver,40,20,20
Ivanzamonka,stormscale,1708,monk,mistweaver,71,47,24
Demakis,stormscale,1708,monk,mistweaver,112,74,38
Behrens,defias-brotherhood,1708,monk,mistweaver,39,23,16
Нийтринно,howling-fjord,1708,monk,mistweaver,108,59,49
Тсайм,howling-fjord,1708,monk,mistweaver,62,31,31
Amatör,frostwolf,1707,monk,mistweaver,36,25,11
Bigdaddypump,blackmoore,1707,monk,mistweaver,42,25,17
Zorkev,dun-modr,1707,monk,mistweaver,125,71,54
Tjann,stormscale,1706,monk,mistweaver,48,33,15
Zlodey,laughing-skull,1706,monk,mistweaver,43,25,18
Shyheim,outland,1705,monk,mistweaver,48,36,12
ßsøßxx,hyjal,1704,monk,mistweaver,24,18,6
Öhlinmonk,outland,1704,monk,mistweaver,42,24,18
Kebabrolle,blackrock,1704,monk,mistweaver,42,21,21
Nabsi,aegwynn,1703,monk,mistweaver,42,26,16
Adis,nerathor,1703,monk,mistweaver,48,28,20
Moontríx,kazzak,1703,monk,mistweaver,48,21,27
Lurklee,blackhand,1701,monk,mistweaver,48,27,21
Cykatea,dun-modr,1701,monk,mistweaver,736,384,352
Shigong,hellscream,1700,monk,mistweaver,66,36,30
Бладмонки,soulflayer,1699,monk,mistweaver,90,52,38
Rsk,antonidas,1699,monk,mistweaver,70,40,30
Nqar,ravencrest,1699,monk,mistweaver,42,22,20
Spicyrice,twisting-nether,1699,monk,mistweaver,153,80,73
Orfantal,ravencrest,1698,monk,mistweaver,120,71,49
Rullefald,stormscale,1697,monk,mistweaver,102,57,45
Handarbetare,ravencrest,1696,monk,mistweaver,94,46,48
Bekachu,ragnaros,1695,monk,mistweaver,30,21,9
Onlyfunn,sanguino,1695,monk,mistweaver,86,48,38
Вакидзави,gordunni,1694,monk,mistweaver,48,31,17
Tanata,blackmoore,1694,monk,mistweaver,75,47,28
Кикподхвост,blackscar,1694,monk,mistweaver,66,29,37
Simòna,dun-modr,1693,monk,mistweaver,317,164,153
Фучой,howling-fjord,1692,monk,mistweaver,57,34,23
Pitrols,twisting-nether,1692,monk,mistweaver,237,134,103
Ryx,twisting-nether,1691,monk,mistweaver,55,26,29
Jainagodxd,dun-modr,1690,monk,mistweaver,42,25,17
Кербю,gordunni,1690,monk,mistweaver,42,23,19
Doll,stormscale,1689,monk,mistweaver,36,18,18
Batmanwife,stormscale,1688,monk,mistweaver,41,23,18
Irêfutabil,sylvanas,1688,monk,mistweaver,63,34,29
Kukn,twisting-nether,1686,monk,mistweaver,87,44,43
Jolude,nemesis,1685,monk,mistweaver,156,83,73
Эрумонк,gordunni,1685,monk,mistweaver,36,18,18
Shiftkin,stormscale,1685,monk,mistweaver,54,25,29
Rhatid,twisting-nether,1683,monk,mistweaver,210,113,97
Inlakech,auchindoun,1683,monk,mistweaver,186,93,93
Esooz,defias-brotherhood,1682,monk,mistweaver,36,29,7
Zxcursèd,tarren-mill,1682,monk,mistweaver,30,21,9
Bullergøjen,ravencrest,1682,monk,mistweaver,90,59,31
Saáru,argent-dawn,1682,monk,mistweaver,66,41,25
Egï,azshara,1682,monk,mistweaver,53,31,22
Ninetz,tarren-mill,1681,monk,mistweaver,30,18,12
Suliya,zuluhed,1681,monk,mistweaver,48,28,20
Saduh,thrall,1681,monk,mistweaver,48,28,20
Vregorx,twisting-nether,1680,monk,mistweaver,42,25,17
Ragenn,zuljin,1679,monk,mistweaver,29,23,6
Varyat,uldum,1679,monk,mistweaver,59,34,25
Mîstxd,kazzak,1679,monk,mistweaver,53,30,23
Simonex,ravencrest,1678,monk,mistweaver,24,18,6
Papours,ysondre,1676,monk,mistweaver,30,22,8
Milksbtw,kazzak,1676,monk,mistweaver,113,79,34
Jum,blackhand,1675,monk,mistweaver,102,62,40
Quickmist,draenor,1675,monk,mistweaver,107,65,42
Монккд,gordunni,1675,monk,mistweaver,183,105,78
Bonnybravo,wildhammer,1674,monk,mistweaver,36,25,11
Powerloom,aegwynn,1673,monk,mistweaver,30,23,7
Fansolini,burning-legion,1673,monk,mistweaver,52,25,27
Финуправ,soulflayer,1672,monk,mistweaver,24,18,6
Aseidith,tarren-mill,1672,monk,mistweaver,48,26,22
Аци,blackscar,1671,monk,mistweaver,47,31,16
Dokternelg,silvermoon,1671,monk,mistweaver,36,23,13
Hokespokus,silvermoon,1671,monk,mistweaver,59,37,22
Idrdob,kazzak,1670,monk,mistweaver,193,110,83
Jingfeng,arthas,1670,monk,mistweaver,167,79,88
Артэкрио,soulflayer,1669,monk,mistweaver,54,37,17
Coularx,stormscale,1669,monk,mistweaver,48,25,23
Macpunchy,defias-brotherhood,1667,monk,mistweaver,48,28,20
Notdearmw,shattered-hand,1666,monk,mistweaver,36,24,12
Diffenbachia,outland,1665,monk,mistweaver,87,58,29
Steveé,kazzak,1664,monk,mistweaver,36,25,11
Energyqt,twisting-nether,1664,monk,mistweaver,30,19,11
Даопецдын,howling-fjord,1664,monk,mistweaver,38,23,15
Erapanzon,nemesis,1664,monk,mistweaver,60,33,27
Frónzy,kazzak,1663,monk,mistweaver,217,123,94
Nerdmonkx,tarren-mill,1662,monk,mistweaver,66,40,26
Calli,auchindoun,1662,monk,mistweaver,82,42,40
Xineeaa,outland,1661,monk,mistweaver,106,58,48
Insømnia,ragnaros,1660,monk,mistweaver,34,21,13
Фистингкоуч,gordunni,1660,monk,mistweaver,75,44,31
Nêøø,blackrock,1659,monk,mistweaver,239,144,95
Needthát,twisting-nether,1658,monk,mistweaver,60,38,22
Jûzô,illidan,1658,monk,mistweaver,36,21,15
Amzu,kazzak,1657,monk,mistweaver,42,22,20
Репаблликуес,gordunni,1656,monk,mistweaver,34,20,14
Chichi,ravencrest,1656,monk,mistweaver,100,52,48
Milkhy,minahonda,1656,monk,mistweaver,191,93,98
Deusfist,ravencrest,1656,monk,mistweaver,48,23,25
Trollandroll,stormscale,1655,monk,mistweaver,131,71,60
Эддрос,gordunni,1655,monk,mistweaver,66,35,31
Mangi,rexxar,1655,monk,mistweaver,72,37,35
Incmines,ravencrest,1655,monk,mistweaver,62,30,32
Botspec,twisting-nether,1654,monk,mistweaver,69,46,23
Neyoklan,blackrock,1654,monk,mistweaver,30,20,10
Kaàli,pozzo-delleternità,1654,monk,mistweaver,36,21,15
Xameht,the-maelstrom,1654,monk,mistweaver,188,96,92
Meltfistqt,ravencrest,1654,monk,mistweaver,112,52,60
Maikez,stormreaver,1654,monk,mistweaver,46,19,27
Akkadianx,ravencrest,1653,monk,mistweaver,65,38,27
Cochonhalall,archimonde,1653,monk,mistweaver,42,20,22
Джулибубба,borean-tundra,1650,monk,mistweaver,48,30,18
Aironqqt,blackhand,1649,monk,mistweaver,53,37,16
Skailzkrt,hyjal,1649,monk,mistweaver,43,19,24
Loddarita,ravencrest,1648,monk,mistweaver,72,52,20
Quezatrix,ravencrest,1648,monk,mistweaver,250,135,115
Varea,blackrock,1648,monk,mistweaver,95,47,48
Leiwill,stormreaver,1647,monk,mistweaver,42,23,19
Etzu,shattrath,1646,monk,mistweaver,72,43,29
Otemøøn,sanguino,1646,monk,mistweaver,45,25,20
Jongxina,ravencrest,1646,monk,mistweaver,50,23,27
Drugashe,archimonde,1645,monk,mistweaver,360,177,183
Babysaurus,ravencrest,1644,monk,mistweaver,42,27,15
Darlaa,ravencrest,1644,monk,mistweaver,29,18,11
Imeon,dun-modr,1644,monk,mistweaver,30,18,12
Linshai,eredar,1644,monk,mistweaver,42,25,17
Freyas,outland,1644,monk,mistweaver,89,51,38
Chiuna,sylvanas,1644,monk,mistweaver,66,37,29
Unsanegodx,ravencrest,1643,monk,mistweaver,54,38,16
Eugenn,alonsus,1643,monk,mistweaver,52,29,23
Invadem,shattered-hand,1642,monk,mistweaver,33,22,11
Eedaza,blackrock,1642,monk,mistweaver,93,61,32
Pundok,blackrock,1642,monk,mistweaver,128,79,49
Nepho,twisting-nether,1642,monk,mistweaver,38,23,15
Çz,tarren-mill,1642,monk,mistweaver,42,23,19
Belärus,outland,1641,monk,mistweaver,42,23,19
Twerki,grim-batol,1640,monk,mistweaver,42,24,18
Mer,outland,1640,monk,mistweaver,44,24,20
Fistify,destromath,1639,monk,mistweaver,24,20,4
Marvboy,aegwynn,1639,monk,mistweaver,30,21,9
Saneshayne,ravencrest,1639,monk,mistweaver,29,18,11
Timboqt,blackmoore,1638,monk,mistweaver,70,43,27
Tidemist,argent-dawn,1638,monk,mistweaver,41,22,19
Uftis,thrall,1637,monk,mistweaver,77,56,21
Dharmå,norgannon,1637,monk,mistweaver,32,21,11
Uckkm,ragnaros,1637,monk,mistweaver,42,24,18
Apolskis,ravencrest,1636,monk,mistweaver,42,30,12
Gronoz,drakthul,1636,monk,mistweaver,108,67,41
Frednmonk,twisting-nether,1635,monk,mistweaver,48,26,22
Karoou,kelthuzad,1635,monk,mistweaver,89,48,41
Mistur,blackrock,1634,monk,mistweaver,42,22,20
Schane,zuluhed,1633,monk,mistweaver,30,21,9
Endif,stormscale,1633,monk,mistweaver,48,27,21
Pe,blackhand,1633,monk,mistweaver,106,58,48
Makïi,archimonde,1632,monk,mistweaver,221,130,91
Raveleth,silvermoon,1632,monk,mistweaver,36,21,15
Xurf,draenor,1631,monk,mistweaver,42,29,13
Bonk,defias-brotherhood,1631,monk,mistweaver,47,22,25
Монккд,soulflayer,1630,monk,mistweaver,60,39,21
Orcimon,draenor,1630,monk,mistweaver,30,17,13
Shyreen,zirkel-des-cenarius,1630,monk,mistweaver,47,25,22
Soulxq,blackrock,1629,monk,mistweaver,141,77,64
Quotes,darksorrow,1629,monk,mistweaver,78,38,40
Brüderlichke,elune,1629,monk,mistweaver,48,21,27
Авентусс,howling-fjord,1628,monk,mistweaver,42,31,11
Galã,elune,1628,monk,mistweaver,54,35,19
Rashakura,blackrock,1628,monk,mistweaver,36,23,13
Kapitan,sanguino,1628,monk,mistweaver,123,72,51
Løta,blackmoore,1627,monk,mistweaver,30,20,10
Angeryw,kazzak,1627,monk,mistweaver,30,20,10
Papermakerx,blackrock,1627,monk,mistweaver,46,28,18
Vooxis,drakthul,1627,monk,mistweaver,72,42,30
Radamonk,drakthul,1627,monk,mistweaver,42,24,18
Teamviewer,blackmoore,1627,monk,mistweaver,42,23,19
Hamsster,ravencrest,1627,monk,mistweaver,152,76,76
Punkfukanda,drakthul,1626,monk,mistweaver,33,24,9
Ðéliora,la-croisade-écarlate,1626,monk,mistweaver,60,30,30
Zaiyox,thrall,1626,monk,mistweaver,42,20,22
Twistie,aegwynn,1626,monk,mistweaver,36,17,19
Фапдао,howling-fjord,1625,monk,mistweaver,236,126,110
Старыйхиро,gordunni,1624,monk,mistweaver,24,17,7
Correforrest,dun-modr,1624,monk,mistweaver,105,66,39
Yotke,ravencrest,1624,monk,mistweaver,48,30,18
Enoffovicz,archimonde,1624,monk,mistweaver,72,43,29
Дольчих,soulflayer,1623,monk,mistweaver,123,81,42
Psychoo,ragnaros,1623,monk,mistweaver,54,34,20
Rulletunna,grim-batol,1623,monk,mistweaver,42,25,17
Hollymêdx,blackmoore,1623,monk,mistweaver,96,56,40
Кувырбек,howling-fjord,1622,monk,mistweaver,24,17,7
Флориусс,soulflayer,1622,monk,mistweaver,29,19,10
Gravityfist,aegwynn,1622,monk,mistweaver,84,44,40
Akwaman,stormscale,1622,monk,mistweaver,54,23,31
Xanderpowa,sanguino,1621,monk,mistweaver,30,18,12
Córporation,outland,1621,monk,mistweaver,48,25,23
Ajay,outland,1621,monk,mistweaver,42,20,22
Issho,der-rat-von-dalaran,1620,monk,mistweaver,36,19,17
Glaphan,the-maelstrom,1619,monk,mistweaver,29,20,9
Deadlywuu,antonidas,1619,monk,mistweaver,71,44,27
Endir,mazrigos,1619,monk,mistweaver,119,71,48
Almonkdiga,sanguino,1619,monk,mistweaver,60,26,34
Mimimatrick,hyjal,1618,monk,mistweaver,48,28,20
Mistïnguette,dalaran,1618,monk,mistweaver,258,143,115
Shokko,uldaman,1618,monk,mistweaver,53,29,24
Jpstwo,gorgonnash,1617,monk,mistweaver,54,28,26
Jetleê,eredar,1617,monk,mistweaver,138,71,67
Emblax,blackhand,1616,monk,mistweaver,48,29,19
Monkéy,blackhand,1616,monk,mistweaver,54,30,24
Kwa,grim-batol,1616,monk,mistweaver,69,37,32
Sonydl,archimonde,1616,monk,mistweaver,34,18,16
Jiuhjitsu,blackmoore,1616,monk,mistweaver,42,21,21
Biftas,nagrand,1615,monk,mistweaver,57,33,24
Ceeja,blackmoore,1615,monk,mistweaver,137,76,61
Шенген,soulflayer,1615,monk,mistweaver,66,32,34
Wwception,blackrock,1614,monk,mistweaver,38,22,16
Harislkwamk,aegwynn,1614,monk,mistweaver,101,58,43
Sensorium,ravencrest,1614,monk,mistweaver,108,59,49
Basthek,blackhand,1614,monk,mistweaver,54,28,26
Watchmedamp,draenor,1613,monk,mistweaver,176,104,72
Encanthar,blackhand,1613,monk,mistweaver,237,123,114
Junâ,les-sentinelles,1613,monk,mistweaver,37,19,18
Namelessmist,drakthul,1612,monk,mistweaver,66,40,26
Binkote,zuljin,1612,monk,mistweaver,141,84,57
Dr,sylvanas,1612,monk,mistweaver,36,20,16
Zanizu,blackhand,1612,monk,mistweaver,60,33,27
Sart,aerie-peak,1612,monk,mistweaver,42,22,20
Zodyiac,blackrock,1611,monk,mistweaver,41,29,12
Andoran,hyjal,1611,monk,mistweaver,36,22,14
Йуппи,galakrond,1611,monk,mistweaver,30,17,13
Hydrôlîcz,blackrock,1611,monk,mistweaver,42,23,19
Koraxx,blackmoore,1611,monk,mistweaver,90,46,44
Stanimirov,outland,1611,monk,mistweaver,42,19,23
Сэм,gordunni,1610,monk,mistweaver,30,21,9
Arimira,outland,1610,monk,mistweaver,80,46,34
Биак,howling-fjord,1609,monk,mistweaver,38,23,15
Slizzlie,outland,1609,monk,mistweaver,45,26,19
Kitingbuddha,aegwynn,1609,monk,mistweaver,114,62,52
Plebmonkx,frostmane,1609,monk,mistweaver,185,98,87
Nirexi,blackrock,1609,monk,mistweaver,63,32,31
Лолидевочка,soulflayer,1609,monk,mistweaver,61,24,37
Cbmonk,sylvanas,1608,monk,mistweaver,68,47,21
Mikeson,sylvanas,1608,monk,mistweaver,56,35,21
Erannas,turalyon,1608,monk,mistweaver,35,20,15
Ignygodx,ragnaros,1608,monk,mistweaver,35,19,16
Cerrya,silvermoon,1608,monk,mistweaver,48,21,27
Molgar,tarren-mill,1607,monk,mistweaver,56,36,20
Backseatgmr,ravencrest,1607,monk,mistweaver,54,33,21
Sinthorasas,blackrock,1607,monk,mistweaver,126,71,55
Ulns,blackrock,1607,monk,mistweaver,60,25,35
Áyell,archimonde,1606,monk,mistweaver,171,95,76
Òó,vashj,1606,monk,mistweaver,66,33,33
Happymonktwo,ravencrest,1605,monk,mistweaver,124,64,60
Melamonk,ravencrest,1605,monk,mistweaver,335,172,163
Kareek,sylvanas,1605,monk,mistweaver,42,21,21
Igozoom,draenor,1604,monk,mistweaver,36,29,7
Crazydingo,lightnings-blade,1604,monk,mistweaver,72,51,21
Farmander,silvermoon,1604,monk,mistweaver,191,115,76
Çhên,draenor,1604,monk,mistweaver,81,48,33
Visk,blackmoore,1604,monk,mistweaver,149,85,64
Rngmåchínè,ravencrest,1604,monk,mistweaver,92,47,45
Якунка,soulflayer,1604,monk,mistweaver,42,20,22
Chinmachine,kazzak,1603,monk,mistweaver,66,39,27
Waitaminute,outland,1603,monk,mistweaver,166,97,69
Bamiegoreng,aegwynn,1603,monk,mistweaver,30,17,13
Амаззонния,soulflayer,1603,monk,mistweaver,168,86,82
Chundan,twisting-nether,1602,monk,mistweaver,93,62,31
Børis,draenor,1602,monk,mistweaver,165,94,71
Stealthsøul,outland,1602,monk,mistweaver,30,17,13
Lizardspock,hyjal,1602,monk,mistweaver,30,17,13
Räyh,outland,1602,monk,mistweaver,57,31,26
Clemoine,archimonde,1600,monk,mistweaver,30,20,10
Yörg,eredar,1600,monk,mistweaver,51,30,21
Snookzlol,aegwynn,1600,monk,mistweaver,65,38,27
Devivify,twilights-hammer,1600,monk,mistweaver,108,61,47
Setup,thrall,1600,monk,mistweaver,197,111,86
Tû,nerathor,1599,monk,mistweaver,102,57,45
Mugn,sanguino,1598,monk,mistweaver,26,18,8
Ness,hyjal,1598,monk,mistweaver,30,17,13
Jcchi,xavius,1597,monk,mistweaver,72,37,35
Hardi,chamber-of-aspects,1597,monk,mistweaver,90,44,46
Xadu,frostwolf,1595,monk,mistweaver,77,46,31
Sanktxy,blackhand,1595,monk,mistweaver,99,44,55
Thiiogg,archimonde,1595,monk,mistweaver,50,20,30
Búns,draenor,1594,monk,mistweaver,44,27,17
Monkiful,haomarush,1594,monk,mistweaver,42,17,25
Zenfir,sylvanas,1593,monk,mistweaver,74,46,28
Njursten,twilights-hammer,1591,monk,mistweaver,266,137,129
Tokz,ravencrest,1590,monk,mistweaver,42,30,12
Elmonkodonko,draenor,1590,monk,mistweaver,30,17,13
Zuvzuv,the-maelstrom,1589,monk,mistweaver,84,42,42
Pandare,bronze-dragonflight,1587,monk,mistweaver,38,26,12
Leblatt,blackhand,1587,monk,mistweaver,88,55,33
Lillklappz,outland,1586,monk,mistweaver,30,23,7
Lacasyto,sanguino,1586,monk,mistweaver,48,34,14
Monkim,chogall,1585,monk,mistweaver,48,27,21
Кекичан,gordunni,1584,monk,mistweaver,29,18,11
Pitit,outland,1584,monk,mistweaver,78,31,47
Cubw,archimonde,1583,monk,mistweaver,42,20,22
Факенщет,soulflayer,1581,monk,mistweaver,97,56,41
Syyn,twisting-nether,1581,monk,mistweaver,198,113,85
Fungku,azjolnerub,1581,monk,mistweaver,315,162,153
Слишкомхорош,thermaplugg,1580,monk,mistweaver,23,17,6
Jeydi,ravencrest,1580,monk,mistweaver,86,49,37
Нунтяк,gordunni,1579,monk,mistweaver,68,32,36
Rizzwalker,ravencrest,1576,monk,mistweaver,61,39,22
Brewsli,ragnaros,1576,monk,mistweaver,49,28,21
Ønøf,rashgarroth,1576,monk,mistweaver,65,33,32
Bitbird,zirkel-des-cenarius,1573,monk,mistweaver,48,29,19
Stdzym,tarren-mill,1573,monk,mistweaver,62,26,36
Slugerpigen,stormscale,1572,monk,mistweaver,327,180,147
Vanoarabidze,ravencrest,1572,monk,mistweaver,78,36,42
Vasknem,hyjal,1571,monk,mistweaver,72,46,26
Kaizetsu,drakthul,1570,monk,mistweaver,42,28,14
Warsox,aegwynn,1570,monk,mistweaver,48,26,22
Orgasmix,tarren-mill,1569,monk,mistweaver,42,21,21
Mâxs,archimonde,1567,monk,mistweaver,24,17,7
Stramonk,nemesis,1566,monk,mistweaver,205,98,107
Knucklejuice,kazzak,1565,monk,mistweaver,36,19,17
Jasonbbmist,stormscale,1563,monk,mistweaver,72,40,32
Jinhee,nemesis,1562,monk,mistweaver,66,44,22
Mistbringer,kazzak,1561,monk,mistweaver,346,182,164
Chàrràth,blackmoore,1561,monk,mistweaver,128,64,64
Madafis,twisting-nether,1560,monk,mistweaver,42,28,14
Endorrphine,ravencrest,1560,monk,mistweaver,110,48,62
Mòñkêÿgøðx,outland,1558,monk,mistweaver,36,23,13
Dosakua,silvermoon,1558,monk,mistweaver,96,53,43
Musslee,elune,1556,monk,mistweaver,105,54,51
Isadri,madmortem,1555,monk,mistweaver,36,21,15
Monarko,twisting-nether,1555,monk,mistweaver,73,41,32
Kbwser,silvermoon,1554,monk,mistweaver,30,19,11
Mushush,draenor,1554,monk,mistweaver,62,34,28
Shiesel,draenor,1553,monk,mistweaver,68,39,29
Brêwjob,archimonde,1552,monk,mistweaver,76,43,33
Ouaipäül,archimonde,1552,monk,mistweaver,36,19,17
Elvand,twisting-nether,1552,monk,mistweaver,95,49,46
Garcon,tarren-mill,1551,monk,mistweaver,48,27,21
Medinâ,kult-der-verdammten,1551,monk,mistweaver,54,28,26
Monkymonka,antonidas,1551,monk,mistweaver,127,64,63
Blondefurry,twisting-nether,1550,monk,mistweaver,42,28,14
Rzi,amanthul,1548,monk,mistweaver,155,86,69
Plaguer,nordrassil,1547,monk,mistweaver,48,28,20
Taìka,archimonde,1546,monk,mistweaver,27,17,10
Prettysus,silvermoon,1546,monk,mistweaver,66,41,25
Kirkeý,ravencrest,1544,monk,mistweaver,55,31,24
Barracüs,dun-modr,1544,monk,mistweaver,78,43,35
Кулаквнос,gordunni,1544,monk,mistweaver,78,39,39
Inthepoopa,outland,1543,monk,mistweaver,102,56,46
Eckø,rashgarroth,1542,monk,mistweaver,88,52,36
Milkabtw,kazzak,1542,monk,mistweaver,43,25,18
Вдыхайтуман,gordunni,1542,monk,mistweaver,96,52,44
Тевикс,gordunni,1542,monk,mistweaver,60,30,30
Индоран,howling-fjord,1541,monk,mistweaver,66,47,19
Bîgmø,blades-edge,1540,monk,mistweaver,30,20,10
Kåýðø,archimonde,1540,monk,mistweaver,90,48,42
Psychocop,drakthul,1539,monk,mistweaver,287,146,141
Dmonk,alakir,1539,monk,mistweaver,89,43,46
Joshimitsu,sylvanas,1538,monk,mistweaver,80,37,43
Smâsh,blackhand,1536,monk,mistweaver,76,47,29
Zikzer,darksorrow,1536,monk,mistweaver,51,29,22
Katmunk,kazzak,1535,monk,mistweaver,24,16,8
Jusn,tarren-mill,1535,monk,mistweaver,113,64,49
Zenmastêr,twisting-nether,1535,monk,mistweaver,190,107,83
Тучковский,lich-king,1535,monk,mistweaver,102,57,45
Absolutezen,tarren-mill,1535,monk,mistweaver,66,34,32
Desmî,ravencrest,1534,monk,mistweaver,26,20,6
Incapme,outland,1534,monk,mistweaver,121,71,50
Pembi,blades-edge,1534,monk,mistweaver,80,39,41
Zinnout,twisting-nether,1533,monk,mistweaver,89,55,34
Vitnam,auchindoun,1533,monk,mistweaver,84,51,33
Ashenore,outland,1533,monk,mistweaver,42,17,25
Progresse,tarren-mill,1532,monk,mistweaver,54,28,26
Chikokon,silvermoon,1531,monk,mistweaver,63,42,21
Bruceliam,emerald-dream,1531,monk,mistweaver,42,24,18
Windspiritt,ragnaros,1531,monk,mistweaver,60,31,29
Kungfuppl,kazzak,1530,monk,mistweaver,44,20,24
Karatekickyo,ravencrest,1528,monk,mistweaver,40,22,18
Saitamä,archimonde,1528,monk,mistweaver,98,45,53
Mistreeker,tarren-mill,1527,monk,mistweaver,18,16,2
Urbàs,blackmoore,1526,monk,mistweaver,42,29,13
Àjay,outland,1526,monk,mistweaver,24,16,8
Pikajeww,kazzak,1525,monk,mistweaver,74,54,20
Shkorwi,drakthul,1525,monk,mistweaver,30,17,13
Musashiden,twisting-nether,1525,monk,mistweaver,42,23,19
Ofwgkta,moonglade,1525,monk,mistweaver,30,16,14
Xfu,auchindoun,1525,monk,mistweaver,48,24,24
Uwugodx,archimonde,1522,monk,mistweaver,30,18,12
Zukatan,tarren-mill,1522,monk,mistweaver,123,70,53
Xoleck,aegwynn,1522,monk,mistweaver,36,16,20
Дилейнх,gordunni,1521,monk,mistweaver,24,16,8
Uncleheal,tarren-mill,1521,monk,mistweaver,37,21,16
Yumhai,dun-modr,1520,monk,mistweaver,48,26,22
Kæmará,blackrock,1519,monk,mistweaver,30,16,14
Gatubarnet,stormscale,1518,monk,mistweaver,43,27,16
Mightnorn,tarren-mill,1517,monk,mistweaver,36,20,16
Shreckmonk,burning-blade,1517,monk,mistweaver,48,26,22
Misthera,burning-legion,1517,monk,mistweaver,90,41,49
Eynodiggity,blackmoore,1516,monk,mistweaver,72,38,34
Ticktak,archimonde,1515,monk,mistweaver,86,52,34
Sobadzlolz,alexstrasza,1515,monk,mistweaver,60,28,32
Aryaz,ravencrest,1515,monk,mistweaver,69,32,37
Shàká,stormscale,1514,monk,mistweaver,30,22,8
Notfist,kazzak,1513,monk,mistweaver,54,35,19
Уиннии,soulflayer,1513,monk,mistweaver,30,17,13
Xiaokingqvq,silvermoon,1512,monk,mistweaver,78,41,37
Lyfah,archimonde,1512,monk,mistweaver,48,24,24
Xado,aegwynn,1511,monk,mistweaver,24,16,8
Wannabejoker,stormscale,1511,monk,mistweaver,30,17,13
Aryphus,blackmoore,1511,monk,mistweaver,36,18,18
Elity,archimonde,1510,monk,mistweaver,82,54,28
Medovic,blackmoore,1510,monk,mistweaver,156,89,67
Asho,outland,1510,monk,mistweaver,32,18,14
Larå,ravencrest,1510,monk,mistweaver,235,128,107
Лалафест,soulflayer,1510,monk,mistweaver,46,25,21
Oneshotmacro,spinebreaker,1509,monk,mistweaver,24,16,8
Degentz,alakir,1509,monk,mistweaver,62,32,30
Reivil,kazzak,1508,monk,mistweaver,30,16,14
Monkadorie,twisting-nether,1507,monk,mistweaver,73,47,26
Caskgut,ravencrest,1507,monk,mistweaver,125,75,50
Teacup,aegwynn,1507,monk,mistweaver,160,95,65
Ричфлекс,howling-fjord,1507,monk,mistweaver,230,128,102
Orkiya,archimonde,1507,monk,mistweaver,324,170,154
Масакрейн,howling-fjord,1507,monk,mistweaver,273,135,138
Watchôut,blackmoore,1506,monk,mistweaver,98,54,44
Найтчерри,deathguard,1505,monk,mistweaver,79,53,26
Monkatapiti,malganis,1505,monk,mistweaver,24,16,8
Sneezao,ravencrest,1505,monk,mistweaver,162,89,73
Spoompls,argent-dawn,1505,monk,mistweaver,54,24,30
Анамо,blackscar,1504,monk,mistweaver,36,24,12
Gernokz,antonidas,1504,monk,mistweaver,156,84,72
Darkkmonk,dun-modr,1504,monk,mistweaver,101,51,50
Klotsobunidi,kazzak,1504,monk,mistweaver,167,84,83
Aeolôs,hyjal,1503,monk,mistweaver,48,27,21
Hugemuffin,the-maelstrom,1502,monk,mistweaver,71,44,27
Pøwcow,blackrock,1502,monk,mistweaver,131,73,58
Палерм,gordunni,1501,monk,mistweaver,24,16,8
Caniluvz,eredar,1501,monk,mistweaver,24,16,8
Самадайка,howling-fjord,1501,monk,mistweaver,166,86,80
Nexìan,kazzak,1499,monk,mistweaver,36,27,9
Alë,argent-dawn,1499,monk,mistweaver,121,70,51
Calmpalms,tarren-mill,1499,monk,mistweaver,87,45,42
Benenutz,archimonde,1498,monk,mistweaver,36,27,9
Bambøuéqtz,khaz-modan,1498,monk,mistweaver,48,32,16
Doingmaster,blackrock,1498,monk,mistweaver,48,24,24
Shouling,outland,1497,monk,mistweaver,26,20,6
Zeldrís,ragnaros,1497,monk,mistweaver,102,51,51
Trnd,draenor,1497,monk,mistweaver,47,19,28
Conguitø,colinas-pardas,1495,monk,mistweaver,48,29,19
Dromarch,dun-modr,1495,monk,mistweaver,63,30,33
Blaeys,blackmoore,1494,monk,mistweaver,36,26,10
Miînd,tarren-mill,1494,monk,mistweaver,66,39,27
Monkzdino,destromath,1494,monk,mistweaver,47,24,23
Gigilonis,korgall,1493,monk,mistweaver,199,107,92
Civix,sanguino,1492,monk,mistweaver,116,69,47
Benzzy,ragnaros,1490,monk,mistweaver,58,37,21
Woushou,outland,1490,monk,mistweaver,150,87,63
Rebekko,pozzo-delleternità,1490,monk,mistweaver,144,73,71
Marielo,blackmoore,1488,monk,mistweaver,51,34,17
Chakuro,ravencrest,1488,monk,mistweaver,30,20,10
Thuz,kazzak,1488,monk,mistweaver,63,34,29
Quicc,ravencrest,1488,monk,mistweaver,72,36,36
Skusle,defias-brotherhood,1487,monk,mistweaver,30,19,11
Oregan,conseil-des-ombres,1487,monk,mistweaver,36,19,17
Rymz,sanguino,1486,monk,mistweaver,103,63,40
Edll,silvermoon,1486,monk,mistweaver,42,24,18
Kegrøll,doomhammer,1486,monk,mistweaver,54,29,25
Moveietss,stormscale,1485,monk,mistweaver,18,16,2
Scpdevil,outland,1485,monk,mistweaver,87,49,38
Nihao,tarren-mill,1485,monk,mistweaver,56,30,26
Bóber,kazzak,1485,monk,mistweaver,42,22,20
Noni,gorgonnash,1485,monk,mistweaver,71,35,36
Venac,burning-legion,1483,monk,mistweaver,191,114,77
Инженерия,howling-fjord,1483,monk,mistweaver,54,32,22
Khapta,ysondre,1483,monk,mistweaver,60,34,26
Sindresa,outland,1483,monk,mistweaver,108,51,57
Huricän,drakthul,1482,monk,mistweaver,33,18,15
Mekki,outland,1481,monk,mistweaver,21,17,4
Ohmegah,frostmane,1481,monk,mistweaver,24,18,6
Fluki,twisting-nether,1480,monk,mistweaver,48,24,24
Kano,burning-legion,1479,monk,mistweaver,38,23,15
Вондерофъю,gordunni,1479,monk,mistweaver,36,17,19
Ytonie,gorgonnash,1477,monk,mistweaver,36,28,8
Kreynich,blackhand,1477,monk,mistweaver,36,25,11
Dìó,tarren-mill,1477,monk,mistweaver,210,117,93
Leôlulu,blackmoore,1476,monk,mistweaver,36,27,9
Влажныйтач,soulflayer,1475,monk,mistweaver,30,19,11
Teninchwilly,outland,1475,monk,mistweaver,31,18,13
Gucciweaver,tarren-mill,1474,monk,mistweaver,35,22,13
Okdontnerf,kazzak,1473,monk,mistweaver,106,51,55
Dembe,darksorrow,1472,monk,mistweaver,120,65,55
Фешнмонк,soulflayer,1471,monk,mistweaver,30,17,13
Монкиннияя,gordunni,1471,monk,mistweaver,45,21,24
Bullbøx,chamber-of-aspects,1471,monk,mistweaver,93,38,55
Jeanmartin,hyjal,1470,monk,mistweaver,30,17,13
Chirukka,dun-modr,1469,monk,mistweaver,30,21,9
Moistweaver,hellfire,1468,monk,mistweaver,84,44,40
Zenified,ragnaros,1468,monk,mistweaver,82,40,42
Kungfubatti,stormscale,1467,monk,mistweaver,191,105,86
Неэверида,deepholm,1467,monk,mistweaver,186,98,88
Otuschxin,blackmoore,1465,monk,mistweaver,42,19,23
Timmyßênz,kaelthas,1464,monk,mistweaver,95,53,42
Meuhporgg,hyjal,1463,monk,mistweaver,36,25,11
Пивкотянка,gordunni,1462,monk,mistweaver,30,22,8
Hulkules,blackhand,1461,monk,mistweaver,42,30,12
Hymonk,draenor,1459,monk,mistweaver,42,25,17
Тадоичи,soulflayer,1458,monk,mistweaver,78,47,31
Jacm,blackhand,1457,monk,mistweaver,30,16,14
Rheinair,antonidas,1457,monk,mistweaver,78,37,41
Futtzi,thrall,1455,monk,mistweaver,36,23,13
Drâcømørt,dalaran,1452,monk,mistweaver,33,21,12
Latsu,silvermoon,1451,monk,mistweaver,42,21,21
Kroyus,antonidas,1450,monk,mistweaver,120,63,57
Lysanmonk,zuljin,1450,monk,mistweaver,54,26,28
Cybert,blackmoore,1449,monk,mistweaver,59,25,34
Jyll,malganis,1449,monk,mistweaver,131,52,79
Aebì,dalaran,1448,monk,mistweaver,36,23,13
Lökmedsmör,draenor,1446,monk,mistweaver,30,23,7
Колтиняшка,blackscar,1445,monk,mistweaver,30,20,10
Qlmo,ravencrest,1445,monk,mistweaver,48,31,17
Lefferubie,hyjal,1445,monk,mistweaver,48,24,24
Nexyyfist,kazzak,1445,monk,mistweaver,58,28,30
Kobudo,burning-legion,1445,monk,mistweaver,146,66,80
Coopers,hyjal,1444,monk,mistweaver,77,42,35
Daitaro,ravencrest,1443,monk,mistweaver,80,43,37
Bleja,blackhand,1442,monk,mistweaver,160,85,75
Guanglee,silvermoon,1441,monk,mistweaver,56,37,19
Xplosiv,twisting-nether,1441,monk,mistweaver,256,135,121
Mëñghûøx,sylvanas,1439,monk,mistweaver,24,15,9
Mugenzenx,sanguino,1439,monk,mistweaver,24,15,9
Achtal,blackmoore,1439,monk,mistweaver,41,23,18
Neylin,stormscale,1439,monk,mistweaver,83,46,37
Syy,medivh,1439,monk,mistweaver,30,15,15
Chisurgeon,outland,1438,monk,mistweaver,24,15,9
Bláckøutx,quelthalas,1438,monk,mistweaver,97,50,47
Brucechi,kargath,1437,monk,mistweaver,60,47,13
Yoogychi,ravencrest,1437,monk,mistweaver,24,15,9
Vivir,stormreaver,1435,monk,mistweaver,133,75,58
Aldèbarån,nemesis,1435,monk,mistweaver,36,19,17
Poyi,ravencrest,1434,monk,mistweaver,24,15,9
Ähronius,stormscale,1434,monk,mistweaver,24,15,9
Kungfox,frostwolf,1434,monk,mistweaver,36,17,19
Musaya,chamber-of-aspects,1434,monk,mistweaver,48,21,27
Guthäxlul,khazgoroth,1433,monk,mistweaver,305,164,141
Quendi,arthas,1432,monk,mistweaver,245,130,115
Freebírd,shattered-hand,1431,monk,mistweaver,45,31,14
Bigdickmonk,blackmoore,1431,monk,mistweaver,51,30,21
Heartless,sporeggar,1430,monk,mistweaver,42,30,12
Nievah,argent-dawn,1430,monk,mistweaver,39,24,15
Malkaviano,kazzak,1430,monk,mistweaver,80,46,34
Xadoqt,aegwynn,1429,monk,mistweaver,24,15,9
Chanjike,anetheron,1428,monk,mistweaver,24,15,9
Monkgd,sylvanas,1428,monk,mistweaver,152,85,67
Saliya,draenor,1428,monk,mistweaver,34,16,18
Djalexmw,kazzak,1427,monk,mistweaver,24,15,9
Puddinpop,auchindoun,1427,monk,mistweaver,61,29,32
Slâpzz,ravencrest,1426,monk,mistweaver,18,15,3
Mentonk,frostwolf,1426,monk,mistweaver,24,15,9
Скорпин,ashenvale,1426,monk,mistweaver,68,35,33
Nèver,dalaran,1426,monk,mistweaver,30,15,15
Monkasape,nemesis,1426,monk,mistweaver,30,15,15
Applestrûdel,blackrock,1425,monk,mistweaver,45,27,18
Brewzleè,ravencrest,1425,monk,mistweaver,52,27,25
Atenazadonte,sanguino,1424,monk,mistweaver,33,20,13
Oddessa,ravenholdt,1424,monk,mistweaver,143,79,64
Zavarius,silvermoon,1424,monk,mistweaver,36,17,19
Capwouk,tarren-mill,1423,monk,mistweaver,24,15,9
Yarie,blackmoore,1423,monk,mistweaver,78,39,39
Aessella,antonidas,1423,monk,mistweaver,30,15,15
Zenzu,blackmoore,1422,monk,mistweaver,36,24,12
Dumplings,earthen-ring,1422,monk,mistweaver,48,29,19
Bigchaz,outland,1421,monk,mistweaver,24,15,9
Ikuyaa,ravencrest,1421,monk,mistweaver,29,15,14
Evilrui,ravencrest,1421,monk,mistweaver,48,24,24
Xianxiaa,ravencrest,1420,monk,mistweaver,88,51,37
Spiritualia,kazzak,1419,monk,mistweaver,87,52,35
Imamonk,tarren-mill,1419,monk,mistweaver,30,15,15
Saolin,emeriss,1417,monk,mistweaver,54,31,23
Nela,sanguino,1417,monk,mistweaver,42,24,18
ßountÿ,kazzak,1416,monk,mistweaver,66,46,20
Dachilla,gilneas,1416,monk,mistweaver,28,16,12
Ðoom,sylvanas,1416,monk,mistweaver,45,23,22
Affrro,drakthul,1415,monk,mistweaver,42,25,17
Luffix,outland,1415,monk,mistweaver,54,29,25
Tacktix,defias-brotherhood,1413,monk,mistweaver,29,19,10
Shiguru,dun-morogh,1413,monk,mistweaver,155,83,72
Bendís,twisting-nether,1413,monk,mistweaver,36,18,18
Lazuros,auchindoun,1412,monk,mistweaver,30,16,14
Shailene,kazzak,1411,monk,mistweaver,69,50,19
Kyukoku,blackmoore,1411,monk,mistweaver,28,16,12
Suggy,kilrogg,1411,monk,mistweaver,46,24,22
Snack,mannoroth,1408,monk,mistweaver,24,16,8
Жариха,soulflayer,1408,monk,mistweaver,41,25,16
Piednuques,archimonde,1408,monk,mistweaver,54,22,32
Kéza,culte-de-la-rive-noire,1407,monk,mistweaver,28,16,12
Soyuz,die-aldor,1406,monk,mistweaver,36,23,13
Orenjis,kazzak,1406,monk,mistweaver,46,22,24
Kandislee,ravencrest,1406,monk,mistweaver,42,19,23
Fatskeleton,stormreaver,1405,monk,mistweaver,445,204,241
Mythadeya,stormscale,1405,monk,mistweaver,66,28,38
Мирюзаки,gordunni,1404,monk,mistweaver,58,34,24
Moohamood,argent-dawn,1404,monk,mistweaver,84,36,48
Tily,stormreaver,1403,monk,mistweaver,66,36,30
Kify,dun-modr,1402,monk,mistweaver,33,19,14
Atommyran,frostmane,1402,monk,mistweaver,36,19,17
Dudulinda,silvermoon,1402,monk,mistweaver,114,58,56
Airgirl,terrordar,1400,monk,mistweaver,24,15,9
Picayune,mazrigos,1400,monk,mistweaver,72,42,30
Fizted,tarren-mill,1399,monk,mistweaver,42,22,20
Torqualis,kazzak,1398,monk,mistweaver,169,89,80
Wryktas,aegwynn,1396,monk,mistweaver,18,15,3
Gråce,nemesis,1396,monk,mistweaver,161,89,72
Coliusz,bloodhoof,1396,monk,mistweaver,47,19,28
Sshbrew,kazzak,1395,monk,mistweaver,54,26,28
Kushvendorx,silvermoon,1394,monk,mistweaver,66,34,32
Pantyypolice,blackrock,1393,monk,mistweaver,22,16,6
Folfimo,silvermoon,1393,monk,mistweaver,29,17,12
Mistsen,kazzak,1391,monk,mistweaver,87,49,38
Panicfist,stormscale,1391,monk,mistweaver,45,21,24
Maiver,stormscale,1390,monk,mistweaver,72,42,30
Baddany,sanguino,1390,monk,mistweaver,102,57,45
Nylzz,archimonde,1390,monk,mistweaver,32,16,16
Popcornn,archimonde,1389,monk,mistweaver,54,29,25
Kungfupandy,blackmoore,1388,monk,mistweaver,180,99,81
Haxxo,die-nachtwache,1387,monk,mistweaver,32,22,10
Romk,darkspear,1387,monk,mistweaver,48,32,16
Badcøwboy,archimonde,1387,monk,mistweaver,122,54,68
Mistfistmw,outland,1387,monk,mistweaver,66,29,37
Keksmash,ravencrest,1385,monk,mistweaver,80,38,42
Россиянин,thermaplugg,1384,monk,mistweaver,30,16,14
Barks,archimonde,1383,monk,mistweaver,88,49,39
Umagon,chogall,1383,monk,mistweaver,60,29,31
Roidcarry,blackrock,1383,monk,mistweaver,41,16,25
Striptina,blackmoore,1382,monk,mistweaver,90,49,41
Bigballs,ysera,1382,monk,mistweaver,36,15,21
Aznreznzfdqs,grim-batol,1381,monk,mistweaver,30,22,8
Юансноу,blackscar,1381,monk,mistweaver,54,33,21
Pandacus,silvermoon,1381,monk,mistweaver,90,40,50
Tyzin,blackrock,1380,monk,mistweaver,66,37,29
Dipdop,blackhand,1379,monk,mistweaver,199,113,86
Smmithyy,draenor,1379,monk,mistweaver,34,19,15
Garmuth,tarren-mill,1378,monk,mistweaver,40,25,15
Kruemelkeks,frostwolf,1378,monk,mistweaver,57,33,24
Amélith,kirin-tor,1378,monk,mistweaver,42,23,19
Awesomebrah,the-maelstrom,1377,monk,mistweaver,24,15,9
Smitheal,outland,1376,monk,mistweaver,24,18,6
Onlyvegan,ravencrest,1375,monk,mistweaver,28,16,12
Bukkits,argent-dawn,1375,monk,mistweaver,48,22,26
Xladerzz,kazzak,1374,monk,mistweaver,23,15,8
Jarô,silvermoon,1374,monk,mistweaver,130,58,72
Германика,soulflayer,1372,monk,mistweaver,225,108,117
Greenshortea,aegwynn,1370,monk,mistweaver,58,31,27
Hanhunden,grim-batol,1369,monk,mistweaver,45,24,21
Akùmawíns,archimonde,1368,monk,mistweaver,48,21,27
Faa,archimonde,1367,monk,mistweaver,23,17,6
Fuzzypunch,draenor,1366,monk,mistweaver,106,58,48
Beaglemo,blackrock,1366,monk,mistweaver,35,15,20
Myfresh,ysondre,1366,monk,mistweaver,38,16,22
Boozmoo,stormscale,1365,monk,mistweaver,40,32,8
Profylaxist,arathor,1365,monk,mistweaver,95,49,46
Lumpiiná,antonidas,1364,monk,mistweaver,36,22,14
Konexzx,blackmoore,1364,monk,mistweaver,36,22,14
Coollann,drakthul,1364,monk,mistweaver,58,26,32
Carloz,drakthul,1363,monk,mistweaver,110,63,47
Pandimaci,ragnaros,1362,monk,mistweaver,113,61,52
Krylin,antonidas,1362,monk,mistweaver,111,56,55
Sanhollo,stormscale,1361,monk,mistweaver,23,15,8
Cocoonkappa,dun-modr,1361,monk,mistweaver,27,17,10
Loreo,burning-legion,1360,monk,mistweaver,129,73,56
Monkehst,dun-modr,1360,monk,mistweaver,108,55,53
Heyami,ravencrest,1360,monk,mistweaver,48,16,32
Píkachuu,ragnaros,1358,monk,mistweaver,29,18,11
Salsina,nemesis,1357,monk,mistweaver,151,79,72
Nevelbeast,rexxar,1356,monk,mistweaver,69,38,31
Ðømínus,blackmoore,1356,monk,mistweaver,136,70,66
Moonachi,tarren-mill,1355,monk,mistweaver,42,25,17
Oogwai,twisting-nether,1355,monk,mistweaver,60,34,26
Thayne,blades-edge,1354,monk,mistweaver,30,15,15
Rhemm,the-maelstrom,1353,monk,mistweaver,30,16,14
Патаомальчик,blackscar,1352,monk,mistweaver,35,15,20
Зелёныймонк,soulflayer,1348,monk,mistweaver,48,26,22
Touchofmonk,draenor,1348,monk,mistweaver,48,26,22
Discoelysia,outland,1348,monk,mistweaver,96,47,49
Nîcko,ravencrest,1347,monk,mistweaver,30,17,13
Kwacisawhe,die-aldor,1347,monk,mistweaver,56,25,31
Løsang,blackrock,1346,monk,mistweaver,160,94,66
Сильфиета,gordunni,1345,monk,mistweaver,65,37,28
Jollaz,twisting-nether,1345,monk,mistweaver,29,15,14
Gaalon,ravencrest,1344,monk,mistweaver,18,14,4
Mistkueefer,tarren-mill,1343,monk,mistweaver,24,14,10
Dodomino,archimonde,1343,monk,mistweaver,24,14,10
Rokobasilisk,outland,1343,monk,mistweaver,24,14,10
Akuuji,silvermoon,1342,monk,mistweaver,24,14,10
Izuwumi,ragnaros,1342,monk,mistweaver,24,14,10
Zagar,emeriss,1342,monk,mistweaver,24,14,10
Scare,stormreaver,1342,monk,mistweaver,49,24,25
Mâki,ravencrest,1342,monk,mistweaver,30,14,16
Pizelx,ravencrest,1342,monk,mistweaver,30,14,16
Vibemonk,outland,1341,monk,mistweaver,18,14,4
Kapauww,twisting-nether,1341,monk,mistweaver,30,18,12
Dihsa,ragnaros,1340,monk,mistweaver,18,14,4
Tokkz,eredar,1337,monk,mistweaver,20,17,3
Jeññie,stormscale,1337,monk,mistweaver,18,14,4
Crazyninja,arathor,1337,monk,mistweaver,24,14,10
Lazyslooth,ravencrest,1337,monk,mistweaver,30,14,16
Monksim,outland,1336,monk,mistweaver,36,19,17
Фериго,gordunni,1336,monk,mistweaver,36,19,17
Soothz,uldaman,1335,monk,mistweaver,18,14,4
Sînê,archimonde,1334,monk,mistweaver,33,19,14
Onlyfísts,stormscale,1334,monk,mistweaver,54,20,34
Zaheer,xavius,1334,monk,mistweaver,42,14,28
Ilovesnoopy,blackmoore,1333,monk,mistweaver,24,14,10
Pleasure,laughing-skull,1333,monk,mistweaver,24,14,10
Boomboôom,outland,1332,monk,mistweaver,24,14,10
Maqs,argent-dawn,1331,monk,mistweaver,42,27,15
Acidflexx,kazzak,1331,monk,mistweaver,41,20,21
Yuyuni,laughing-skull,1330,monk,mistweaver,24,14,10
Гиббискус,gordunni,1330,monk,mistweaver,42,18,24
Sajin,la-croisade-écarlate,1329,monk,mistweaver,36,15,21
Sÿldae,dun-modr,1328,monk,mistweaver,30,21,9
Shàllýn,antonidas,1328,monk,mistweaver,24,14,10
Zondanmw,aegwynn,1327,monk,mistweaver,24,14,10
Lízãriñ,ravencrest,1327,monk,mistweaver,76,43,33
Ariluna,tarren-mill,1326,monk,mistweaver,24,14,10
Chípmonk,earthen-ring,1326,monk,mistweaver,66,36,30
Salix,quelthalas,1325,monk,mistweaver,38,23,15
Jihaaz,nemesis,1324,monk,mistweaver,109,57,52
Akalaja,alakir,1323,monk,mistweaver,52,28,24
Yahní,eredar,1322,monk,mistweaver,82,45,37
Wushin,antonidas,1320,monk,mistweaver,31,19,12
Lovange,silvermoon,1320,monk,mistweaver,24,14,10
Kryopumper,blackmoore,1320,monk,mistweaver,90,47,43
Renegatt,twisting-nether,1320,monk,mistweaver,30,14,16
Миамита,eversong,1319,monk,mistweaver,81,42,39
Monkypunch,tarren-mill,1319,monk,mistweaver,46,23,23
Хромдар,gordunni,1318,monk,mistweaver,33,19,14
Mécagnóme,dalaran,1318,monk,mistweaver,113,58,55
Адскиймех,deathweaver,1317,monk,mistweaver,69,36,33
Draxed,kazzak,1316,monk,mistweaver,24,15,9
Bulletproof,bloodscalp,1315,monk,mistweaver,54,32,22
Erenaar,nemesis,1315,monk,mistweaver,48,27,21
Genjosanso,kazzak,1315,monk,mistweaver,177,97,80
Thegrudge,dragonblight,1315,monk,mistweaver,42,16,26
Йомо,borean-tundra,1315,monk,mistweaver,54,20,34
Brewswíllis,tarren-mill,1312,monk,mistweaver,18,14,4
Lfmasctop,ravencrest,1312,monk,mistweaver,22,16,6
Pinkstar,kazzak,1312,monk,mistweaver,24,15,9
Tuppence,defias-brotherhood,1312,monk,mistweaver,24,14,10
Blinkër,sanguino,1311,monk,mistweaver,36,19,17
Рекилоллз,gordunni,1311,monk,mistweaver,59,31,28
Leefang,neptulon,1311,monk,mistweaver,49,24,25
Skaadoosh,aggra-português,1311,monk,mistweaver,39,19,20
Kassducu,archimonde,1310,monk,mistweaver,39,28,11
Masumi,sanguino,1310,monk,mistweaver,24,14,10
Rèddit,kazzak,1310,monk,mistweaver,78,37,41
Shakal,outland,1307,monk,mistweaver,48,30,18
Zaïn,hyjal,1306,monk,mistweaver,49,27,22
Papasan,aggramar,1305,monk,mistweaver,24,15,9
Drboombay,kazzak,1305,monk,mistweaver,44,25,19
Трикленд,azuregos,1305,monk,mistweaver,42,21,21
Revii,anubarak,1305,monk,mistweaver,30,14,16
Gilario,silvermoon,1304,monk,mistweaver,54,25,29
Bizzet,jaedenar,1303,monk,mistweaver,27,17,10
Fistingfury,burning-blade,1302,monk,mistweaver,103,46,57
Murdalum,ravencrest,1301,monk,mistweaver,30,17,13
Ðëvx,argent-dawn,1300,monk,mistweaver,96,52,44
Æctò,blackmoore,1300,monk,mistweaver,135,63,72
Звиздаатый,blackscar,1299,monk,mistweaver,18,14,4
Moinalisaa,outland,1299,monk,mistweaver,30,18,12
Джоский,borean-tundra,1299,monk,mistweaver,72,29,43
Tsifsakari,silvermoon,1298,monk,mistweaver,144,63,81
Rbgmachine,burning-legion,1297,monk,mistweaver,24,14,10
Камикадзэн,gordunni,1296,monk,mistweaver,24,15,9
Lanuia,aegwynn,1295,monk,mistweaver,21,14,7
Tekwandn,shattrath,1294,monk,mistweaver,36,22,14
Zenmist,kazzak,1294,monk,mistweaver,23,14,9
Draxaxa,hyjal,1294,monk,mistweaver,30,17,13
Freemann,archimonde,1294,monk,mistweaver,321,164,157
Stolas,spinebreaker,1293,monk,mistweaver,36,24,12
Theichi,draenor,1293,monk,mistweaver,60,32,28
Moonica,zenedar,1291,monk,mistweaver,26,17,9
Tintatama,aszune,1291,monk,mistweaver,124,61,63
Facetimee,ahnqiraj,1288,monk,mistweaver,40,21,19
Shenson,mazrigos,1288,monk,mistweaver,73,35,38
Gøøgodx,tarren-mill,1287,monk,mistweaver,23,14,9
Galaxyfist,ragnaros,1287,monk,mistweaver,177,92,85
Proxxyqt,blackrock,1285,monk,mistweaver,20,15,5
Trivi,blackrock,1284,monk,mistweaver,45,24,21
Siamesedream,outland,1283,monk,mistweaver,60,37,23
Saeedki,wildhammer,1283,monk,mistweaver,27,14,13
Хэйхати,gordunni,1282,monk,mistweaver,164,82,82
Tetetete,silvermoon,1282,monk,mistweaver,103,46,57
Boomshaq,defias-brotherhood,1281,monk,mistweaver,202,100,102
Astolfochan,silvermoon,1281,monk,mistweaver,30,14,16
Янезнаюкенни,soulflayer,1279,monk,mistweaver,48,26,22
Mischenka,thrall,1279,monk,mistweaver,54,27,27
Marrave,chogall,1279,monk,mistweaver,90,37,53
Ragnametal,tarren-mill,1278,monk,mistweaver,22,15,7
Amemiya,sanguino,1278,monk,mistweaver,24,14,10
Toshi,argent-dawn,1277,monk,mistweaver,54,32,22
Numpys,sanguino,1277,monk,mistweaver,29,14,15
Gottegrisen,sylvanas,1277,monk,mistweaver,51,21,30
Ráây,blackrock,1276,monk,mistweaver,36,22,14
Bruceflea,blackrock,1275,monk,mistweaver,156,83,73
Brofist,emeriss,1274,monk,mistweaver,103,42,61
Simpavev,ravencrest,1273,monk,mistweaver,28,14,14
Cranecannon,aegwynn,1272,monk,mistweaver,24,14,10
Carnat,blackrock,1272,monk,mistweaver,47,25,22
Mickjabber,aegwynn,1272,monk,mistweaver,36,19,17
Bloodpanci,ragnaros,1270,monk,mistweaver,57,32,25
Vetocorleone,kazzak,1268,monk,mistweaver,141,71,70
Mishax,draenor,1268,monk,mistweaver,78,38,40
Juicyloux,aegwynn,1266,monk,mistweaver,51,35,16
Boredom,wildhammer,1263,monk,mistweaver,87,48,39
Szilvia,sylvanas,1263,monk,mistweaver,48,25,23
Bluum,ravencrest,1263,monk,mistweaver,54,23,31
Evelios,blackmoore,1262,monk,mistweaver,41,23,18
Rìnox,blackmoore,1262,monk,mistweaver,66,30,36
Алли,lich-king,1260,monk,mistweaver,72,31,41
Sushirøll,draenor,1259,monk,mistweaver,17,14,3
Kîârâ,frostwolf,1259,monk,mistweaver,28,17,11
Добраядушка,gordunni,1259,monk,mistweaver,45,22,23
Pandalezanda,silvermoon,1258,monk,mistweaver,36,22,14
Macgyverr,outland,1258,monk,mistweaver,24,14,10
Schaulong,blackmoore,1258,monk,mistweaver,72,34,38
Sandrafarm,ragnaros,1257,monk,mistweaver,102,65,37
Chígoku,grim-batol,1257,monk,mistweaver,52,23,29
Daltailr,silvermoon,1257,monk,mistweaver,54,22,32
Mestro,argent-dawn,1255,monk,mistweaver,172,94,78
Applemonk,tarren-mill,1253,monk,mistweaver,64,29,35
Vørdèthxd,outland,1251,monk,mistweaver,42,28,14
Moistyheals,kazzak,1251,monk,mistweaver,38,17,21
Нимоник,soulflayer,1250,monk,mistweaver,54,26,28
Sheishot,kazzak,1249,monk,mistweaver,31,15,16
Supaverli,archimonde,1248,monk,mistweaver,18,13,5
Speedwalker,defias-brotherhood,1248,monk,mistweaver,18,13,5
Plancton,kazzak,1248,monk,mistweaver,18,13,5
Hialdó,sylvanas,1248,monk,mistweaver,24,14,10
Szerzetesý,ravencrest,1248,monk,mistweaver,24,13,11
Fistpunk,kazzak,1247,monk,mistweaver,18,13,5
Chailatte,kazzak,1247,monk,mistweaver,18,13,5
Mélêxe,ysondre,1247,monk,mistweaver,18,13,5
Worf,haomarush,1247,monk,mistweaver,54,30,24
Catmønk,drakthul,1247,monk,mistweaver,24,13,11
Xdhehehexd,twisting-nether,1246,monk,mistweaver,18,13,5
Mistchorus,argent-dawn,1246,monk,mistweaver,18,13,5
Deliveroo,twisting-nether,1246,monk,mistweaver,24,13,11
Nesthorian,draenor,1246,monk,mistweaver,123,61,62
Fredmonk,stormscale,1246,monk,mistweaver,30,13,17
Репабликус,gordunni,1246,monk,mistweaver,30,13,17
Eclipsè,dragonmaw,1245,monk,mistweaver,23,14,9
Deore,kazzak,1245,monk,mistweaver,24,13,11
Ana,eredar,1244,monk,mistweaver,24,13,11
Kunolis,kazzak,1244,monk,mistweaver,42,22,20
Karatelady,twisting-nether,1244,monk,mistweaver,27,14,13
Spinonyou,silvermoon,1243,monk,mistweaver,18,13,5
Monkiz,veknilash,1243,monk,mistweaver,24,13,11
Кубермонкер,gordunni,1243,monk,mistweaver,24,13,11
Nìkâ,blackmoore,1243,monk,mistweaver,57,29,28
Yeetkunmeep,outland,1243,monk,mistweaver,54,25,29
Bigmckoy,kazzak,1242,monk,mistweaver,21,14,7
Mistwave,eredar,1241,monk,mistweaver,18,13,5
Kuug,ravencrest,1241,monk,mistweaver,24,13,11
Kammia,drekthar,1241,monk,mistweaver,24,13,11
Chibuku,burning-legion,1240,monk,mistweaver,24,13,11
Luciellie,archimonde,1240,monk,mistweaver,24,13,11
Hoppinxd,burning-blade,1240,monk,mistweaver,24,13,11
Bréwmáster,silvermoon,1238,monk,mistweaver,18,13,5
Kayen,frostwhisper,1238,monk,mistweaver,46,23,23
Rotkäppchen,blackmoore,1238,monk,mistweaver,53,26,27
Ninjasven,bladefist,1238,monk,mistweaver,30,13,17
Wteg,emerald-dream,1237,monk,mistweaver,54,24,30
Ugras,auchindoun,1237,monk,mistweaver,54,17,37
Badonna,burning-legion,1236,monk,mistweaver,36,17,19
Mcloving,turalyon,1236,monk,mistweaver,41,18,23
Drpajhiwo,burning-legion,1234,monk,mistweaver,52,30,22
Fleecymonk,blackmoore,1234,monk,mistweaver,30,13,17
Mofisto,bladefist,1233,monk,mistweaver,65,33,32
Jozo,hyjal,1231,monk,mistweaver,36,18,18
Chainster,defias-brotherhood,1229,monk,mistweaver,70,35,35
Jetchi,twisting-nether,1228,monk,mistweaver,107,60,47
Togahoshy,antonidas,1228,monk,mistweaver,49,24,25
Beerbringer,kazzak,1225,monk,mistweaver,18,13,5
Arathos,tichondrius,1225,monk,mistweaver,117,65,52
Dánný,antonidas,1224,monk,mistweaver,57,34,23
Windspirit,darksorrow,1224,monk,mistweaver,24,13,11
Rgkekw,dun-modr,1222,monk,mistweaver,72,42,30
Eltonj,sylvanas,1220,monk,mistweaver,47,29,18
Druni,archimonde,1220,monk,mistweaver,24,13,11
Tripitakâ,dun-modr,1220,monk,mistweaver,65,30,35
Spîndêmôrt,stormscale,1219,monk,mistweaver,18,13,5
Spittq,ysondre,1219,monk,mistweaver,30,16,14
Ksll,silvermoon,1219,monk,mistweaver,54,24,30
Ogpandapo,stormscale,1218,monk,mistweaver,30,13,17
Perraviciosa,sanguino,1217,monk,mistweaver,36,17,19
Kswis,outland,1215,monk,mistweaver,32,15,17
Ninpou,blackrock,1214,monk,mistweaver,26,16,10
Fistus,dentarg,1214,monk,mistweaver,29,13,16
Bhasundara,turalyon,1212,monk,mistweaver,88,51,37
Pandasia,kargath,1212,monk,mistweaver,62,25,37
Gozgajr,twisting-nether,1210,monk,mistweaver,54,22,32
Badonkamonk,twilights-hammer,1209,monk,mistweaver,42,26,16
Nezukoko,archimonde,1209,monk,mistweaver,22,13,9
Xwtdreamz,hyjal,1209,monk,mistweaver,42,18,24
Nainketx,ravencrest,1208,monk,mistweaver,29,13,16
Bensó,stormscale,1207,monk,mistweaver,57,38,19
Sydras,silvermoon,1206,monk,mistweaver,342,173,169
Lcflay,archimonde,1205,monk,mistweaver,93,47,46
Bråin,ravenholdt,1205,monk,mistweaver,30,13,17
Alurymnk,blackrock,1204,monk,mistweaver,43,20,23
Légit,argent-dawn,1203,monk,mistweaver,54,32,22
Toon,eredar,1203,monk,mistweaver,118,56,62
Cømmadore,sylvanas,1199,monk,mistweaver,29,13,16
Namitsa,trollbane,1198,monk,mistweaver,48,23,25
Ivi,neptulon,1197,monk,mistweaver,58,29,29
Mondrim,burning-legion,1195,monk,mistweaver,175,81,94
Stow,kazzak,1193,monk,mistweaver,21,13,8
Mareki,nethersturm,1191,monk,mistweaver,53,28,25
Hvnm,ravencrest,1191,monk,mistweaver,218,112,106
Toaborsten,tarren-mill,1190,monk,mistweaver,32,26,6
Loma,drakthul,1189,monk,mistweaver,54,30,24
Heretogo,draenor,1189,monk,mistweaver,72,39,33
Vattghern,blackhand,1189,monk,mistweaver,105,49,56
Vladikus,tarren-mill,1188,monk,mistweaver,121,53,68
Putrezitu,ragnaros,1186,monk,mistweaver,51,26,25
Mitsukiseven,ravencrest,1186,monk,mistweaver,30,14,16
Мистерхюй,gordunni,1186,monk,mistweaver,101,45,56
Slayâtwo,blackrock,1185,monk,mistweaver,21,13,8
Nyrkkiseski,outland,1183,monk,mistweaver,17,13,4
Yunziwo,nemesis,1183,monk,mistweaver,30,15,15
Houzagackel,blackrock,1183,monk,mistweaver,48,17,31
Phrynè,silvermoon,1182,monk,mistweaver,31,16,15
Sosyc,malganis,1181,monk,mistweaver,23,13,10
Pafia,sargeras,1181,monk,mistweaver,34,17,17
Highmonktain,alakir,1177,monk,mistweaver,41,25,16
Creatinin,ragnaros,1177,monk,mistweaver,36,18,18
Yokuboo,ysondre,1177,monk,mistweaver,36,16,20
Elainmonk,thrall,1175,monk,mistweaver,17,13,4
Mahhist,archimonde,1174,monk,mistweaver,22,13,9
Kelechi,stormreaver,1172,monk,mistweaver,32,13,19
Fistweavr,antonidas,1171,monk,mistweaver,36,14,22
Hazeroamer,tarren-mill,1163,monk,mistweaver,24,13,11
Несочетаемая,soulflayer,1161,monk,mistweaver,19,13,6
Rag,burning-legion,1161,monk,mistweaver,66,25,41
Ricksancez,nemesis,1154,monk,mistweaver,18,14,4
Yayaxoxoxo,archimonde,1152,monk,mistweaver,18,12,6
Yuuhai,ravencrest,1152,monk,mistweaver,18,12,6
Chijis,blackmoore,1152,monk,mistweaver,24,12,12
Päjcsi,ragnaros,1151,monk,mistweaver,18,12,6
Pikachi,ysondre,1151,monk,mistweaver,18,12,6
Shixen,ragnaros,1151,monk,mistweaver,24,12,12
Kôtsvlêkjê,outland,1151,monk,mistweaver,24,12,12
Zesha,zuljin,1151,monk,mistweaver,30,12,18
Дилдобойс,gordunni,1150,monk,mistweaver,18,12,6
Loorda,neptulon,1150,monk,mistweaver,24,13,11
Starside,tarren-mill,1150,monk,mistweaver,24,12,12
Toadmuncher,eredar,1150,monk,mistweaver,24,12,12
Yshaolin,tarren-mill,1150,monk,mistweaver,24,12,12
Ciridely,thrall,1149,monk,mistweaver,18,12,6
Kackwalker,blackmoore,1149,monk,mistweaver,18,12,6
Chiá,tarren-mill,1149,monk,mistweaver,47,26,21
Leesun,burning-legion,1149,monk,mistweaver,24,12,12
Windwalkergy,chamber-of-aspects,1147,monk,mistweaver,18,12,6
Sigvald,kaelthas,1147,monk,mistweaver,24,12,12
Simbabsu,thrall,1146,monk,mistweaver,16,13,3
Blackphil,terenas,1146,monk,mistweaver,18,12,6
Zarona,outland,1146,monk,mistweaver,24,12,12
Fungxi,archimonde,1146,monk,mistweaver,30,12,18
Lenor,blackmoore,1146,monk,mistweaver,30,12,18
Telder,sylvanas,1145,monk,mistweaver,24,12,12
Антошамв,gordunni,1145,monk,mistweaver,36,12,24
Caipha,ravencrest,1144,monk,mistweaver,24,12,12
Sadfacetiki,kazzak,1144,monk,mistweaver,24,12,12
Nimander,burning-legion,1144,monk,mistweaver,24,12,12
Alphafist,argent-dawn,1144,monk,mistweaver,30,14,16
Октай,gordunni,1143,monk,mistweaver,34,23,11
Pô,sanguino,1143,monk,mistweaver,18,12,6
Shiftchenko,stormscale,1142,monk,mistweaver,42,24,18
Helixsfist,outland,1141,monk,mistweaver,18,12,6
Ajita,blackmoore,1141,monk,mistweaver,24,12,12
Hitsumia,archimonde,1141,monk,mistweaver,36,12,24
Icantstopme,argent-dawn,1139,monk,mistweaver,18,12,6
Cicera,kazzak,1138,monk,mistweaver,30,12,18
Алунам,soulflayer,1137,monk,mistweaver,30,12,18
Lithenyx,bladefist,1137,monk,mistweaver,30,12,18
Syyrø,silvermoon,1137,monk,mistweaver,36,12,24
Валялекарь,gordunni,1135,monk,mistweaver,24,12,12
Fellatia,garrosh,1134,monk,mistweaver,36,24,12
Gantz,blackhand,1134,monk,mistweaver,72,28,44
Ussak,stormreaver,1133,monk,mistweaver,18,12,6
Kyuumaa,ravencrest,1132,monk,mistweaver,26,13,13
Yèna,pozzo-delleternità,1132,monk,mistweaver,179,80,99
Lubeï,kirin-tor,1131,monk,mistweaver,34,21,13
Dèathpunch,doomhammer,1130,monk,mistweaver,128,63,65
Wûcm,silvermoon,1129,monk,mistweaver,23,12,11
Claudet,das-konsortium,1127,monk,mistweaver,70,32,38
Friartucker,bloodhoof,1126,monk,mistweaver,51,32,19
Vvårdenfell,hyjal,1126,monk,mistweaver,33,13,20
Faares,tarren-mill,1123,monk,mistweaver,18,12,6
Mislaw,silvermoon,1121,monk,mistweaver,27,16,11
Zuzuljin,chogall,1120,monk,mistweaver,48,16,32
Snitzla,drakthul,1119,monk,mistweaver,21,16,5
Nasaislying,grim-batol,1119,monk,mistweaver,34,14,20
Jumper,xavius,1118,monk,mistweaver,24,12,12
Verlan,quelthalas,1118,monk,mistweaver,45,21,24
Dræk,twisting-nether,1118,monk,mistweaver,34,15,19
Akiiro,aegwynn,1118,monk,mistweaver,36,15,21
Brewm,silvermoon,1117,monk,mistweaver,24,12,12
Fardareismai,kazzak,1117,monk,mistweaver,48,23,25
Tsouli,twilights-hammer,1116,monk,mistweaver,24,12,12
Limpópó,bloodfeather,1114,monk,mistweaver,24,15,9
Dankiron,darksorrow,1114,monk,mistweaver,42,13,29
Shenlong,burning-blade,1112,monk,mistweaver,33,14,19
Zøubida,draenor,1111,monk,mistweaver,24,12,12
Madmonki,ragnaros,1110,monk,mistweaver,54,37,17
Lugoxi,the-maelstrom,1110,monk,mistweaver,30,14,16
Fastblood,kazzak,1107,monk,mistweaver,30,19,11
Katse,eredar,1106,monk,mistweaver,62,29,33
Brizs,outland,1103,monk,mistweaver,83,49,34
Fredder,blackrock,1103,monk,mistweaver,93,45,48
Serilyah,aegwynn,1102,monk,mistweaver,25,14,11
Pussochkram,ravencrest,1101,monk,mistweaver,18,12,6
Egwane,argent-dawn,1101,monk,mistweaver,77,30,47
Ляосинь,deepholm,1099,monk,mistweaver,24,12,12
Ryanshazier,eredar,1097,monk,mistweaver,30,18,12
Carcasce,la-croisade-écarlate,1096,monk,mistweaver,38,22,16
Thrallergik,ysondre,1093,monk,mistweaver,24,15,9
Monkyou,hyjal,1093,monk,mistweaver,24,14,10
Kalet,ragnaros,1092,monk,mistweaver,77,36,41
Brünó,kazzak,1089,monk,mistweaver,60,38,22
Cudworth,silvermoon,1082,monk,mistweaver,24,17,7
Gârdt,blackmoore,1081,monk,mistweaver,42,26,16
Chun,arathor,1076,monk,mistweaver,50,24,26
Loctak,nathrezim,1075,monk,mistweaver,54,38,16
Tondi,malygos,1073,monk,mistweaver,22,12,10
Enceladion,burning-legion,1073,monk,mistweaver,54,25,29
Fistyboyuk,tarren-mill,1069,monk,mistweaver,17,12,5
Bobbyknuckls,ravencrest,1064,monk,mistweaver,54,17,37
Äcé,sylvanas,1063,monk,mistweaver,31,12,19
Puñetaso,los-errantes,1061,monk,mistweaver,60,25,35
Flãô,draenor,1056,monk,mistweaver,18,11,7
Judochops,sylvanas,1056,monk,mistweaver,18,11,7
Totemlygodx,alakir,1056,monk,mistweaver,18,11,7
Traickomonk,eredar,1056,monk,mistweaver,18,11,7
Vöyage,kazzak,1056,monk,mistweaver,18,11,7
Coalsack,outland,1056,monk,mistweaver,22,12,10
Darkmonkky,tarren-mill,1056,monk,mistweaver,24,11,13
Ffxivrefugee,argent-dawn,1056,monk,mistweaver,24,11,13
Deii,frostwolf,1056,monk,mistweaver,42,15,27
Kakor,gorgonnash,1055,monk,mistweaver,18,11,7
Busfâhrer,antonidas,1055,monk,mistweaver,18,11,7
Wèéman,grim-batol,1055,monk,mistweaver,18,11,7
Wheeslz,aegwynn,1055,monk,mistweaver,18,11,7
Brutamonk,blackmoore,1055,monk,mistweaver,18,11,7
Gecli,stormscale,1055,monk,mistweaver,24,11,13
Unjie,outland,1054,monk,mistweaver,12,11,1
Jakethestake,twilights-hammer,1054,monk,mistweaver,12,11,1
Kragor,eredar,1054,monk,mistweaver,18,11,7
Zødiac,quelthalas,1054,monk,mistweaver,18,11,7
Neehl,aegwynn,1054,monk,mistweaver,18,11,7
Hærleyquin,ravencrest,1054,monk,mistweaver,18,11,7
Kispiszock,bloodscalp,1054,monk,mistweaver,18,11,7
Апесиинка,gordunni,1054,monk,mistweaver,42,20,22
Siouxxsie,thunderhorn,1054,monk,mistweaver,102,38,64
Barbielølz,archimonde,1053,monk,mistweaver,18,11,7
Psychømonk,antonidas,1053,monk,mistweaver,18,11,7
Jian,tarren-mill,1053,monk,mistweaver,21,12,9
Pepesmacks,kazzak,1052,monk,mistweaver,18,11,7
Rebeka,dun-modr,1052,monk,mistweaver,24,11,13
Saadlol,sanguino,1052,monk,mistweaver,24,11,13
Diabolùs,blackmoore,1052,monk,mistweaver,30,11,19
Lambofmonkz,stormscale,1052,monk,mistweaver,36,11,25
Fithz,kaelthas,1051,monk,mistweaver,12,11,1
Muix,draenor,1051,monk,mistweaver,18,11,7
Malfius,shadowsong,1051,monk,mistweaver,18,11,7
Hoshisora,ravencrest,1051,monk,mistweaver,24,11,13
Brewmâster,kazzak,1050,monk,mistweaver,24,11,13
Irìss,nerzhul,1048,monk,mistweaver,39,19,20
Fisticuffs,tarren-mill,1048,monk,mistweaver,24,11,13
Ashulera,archimonde,1048,monk,mistweaver,30,11,19
Missfist,stormscale,1047,monk,mistweaver,18,11,7
Hithxbye,stormscale,1044,monk,mistweaver,66,24,42
Birdymonk,boulderfist,1043,monk,mistweaver,61,36,25
Irphan,ravencrest,1042,monk,mistweaver,18,11,7
Celestine,mugthol,1042,monk,mistweaver,163,81,82
Lûxz,ragnaros,1042,monk,mistweaver,24,11,13
Garfeels,sylvanas,1040,monk,mistweaver,18,11,7
Graffy,eonar,1040,monk,mistweaver,54,29,25
Stayinlosplz,ysondre,1039,monk,mistweaver,17,11,6
Ívó,ragnaros,1039,monk,mistweaver,24,11,13
ßam,ravencrest,1039,monk,mistweaver,35,14,21
Assfist,drakthul,1038,monk,mistweaver,93,51,42
Hornissy,antonidas,1038,monk,mistweaver,71,37,34
Tolomèo,nemesis,1037,monk,mistweaver,24,11,13
Rumiñawi,ravencrest,1033,monk,mistweaver,30,11,19
Mcronald,blackhand,1031,monk,mistweaver,46,23,23
Karmasfist,ravencrest,1031,monk,mistweaver,47,22,25
Chimonk,ravencrest,1030,monk,mistweaver,18,11,7
Lilniccí,blackrock,1027,monk,mistweaver,18,11,7
Kätelyys,dun-modr,1027,monk,mistweaver,24,11,13
Tobiboby,burning-legion,1026,monk,mistweaver,29,15,14
Eldunári,sanguino,1024,monk,mistweaver,60,22,38
Яутжа,soulflayer,1022,monk,mistweaver,24,11,13
Allosthenos,ravencrest,1019,monk,mistweaver,56,29,27
Lascala,eredar,1019,monk,mistweaver,30,12,18
Ugotcraned,tarren-mill,1019,monk,mistweaver,72,27,45
Shoryugrops,chants-éternels,1016,monk,mistweaver,20,12,8
Zedruu,tarren-mill,1015,monk,mistweaver,24,12,12
Sigvar,frostmane,1013,monk,mistweaver,40,13,27
Tarzaki,hyjal,1010,monk,mistweaver,25,12,13
Shoshin,stormscale,1009,monk,mistweaver,66,37,29
Bèfmoka,sargeras,1008,monk,mistweaver,194,95,99
Mwmkgodxz,archimonde,1007,monk,mistweaver,15,12,3
Tmnmnk,alakir,1007,monk,mistweaver,17,11,6
Nathaanel,argent-dawn,1007,monk,mistweaver,42,20,22
Ivnatorx,outland,1006,monk,mistweaver,17,11,6
Candypoppe,argent-dawn,1004,monk,mistweaver,52,27,25
Kameltreiba,antonidas,1004,monk,mistweaver,23,11,12
Zenchî,ysondre,1001,monk,mistweaver,22,13,9
Valky,bloodfeather,999,monk,mistweaver,18,11,7
Lucebree,nozdormu,999,monk,mistweaver,48,18,30
Iamnudel,blackmoore,995,monk,mistweaver,24,11,13
Kégman,silvermoon,992,monk,mistweaver,33,18,15
Mjaweaver,stormscale,992,monk,mistweaver,80,31,49
Pawfong,draenor,987,monk,mistweaver,24,12,12
Andim,frostwolf,986,monk,mistweaver,42,24,18
Wangho,magtheridon,986,monk,mistweaver,96,40,56
Xuaolang,sanguino,986,monk,mistweaver,30,12,18
Heäléna,ragnaros,979,monk,mistweaver,21,15,6
Chukwandi,ravencrest,979,monk,mistweaver,76,40,36
Shmidi,antonidas,979,monk,mistweaver,50,24,26
Tootenchamun,veklor,971,monk,mistweaver,96,38,58
Hittokick,draenor,970,monk,mistweaver,25,11,14
Blackmonk,chromaggus,964,monk,mistweaver,21,12,9
Suchergebnis,tarren-mill,964,monk,mistweaver,66,23,43
Habmit,ravencrest,960,monk,mistweaver,12,10,2
Kz,culte-de-la-rive-noire,960,monk,mistweaver,12,10,2
Watschensepp,arthas,960,monk,mistweaver,12,10,2
Vadrigar,drakthul,960,monk,mistweaver,12,10,2
Foaqer,aegwynn,960,monk,mistweaver,12,10,2
Yepp,blackmoore,960,monk,mistweaver,18,10,8
Tedelbrew,kazzak,960,monk,mistweaver,18,10,8
Zorxen,argent-dawn,960,monk,mistweaver,18,10,8
Irønmaxx,die-aldor,960,monk,mistweaver,18,10,8
Cannonk,blackhand,960,monk,mistweaver,18,10,8
Bidzi,kazzak,960,monk,mistweaver,18,10,8
Klappzz,outland,960,monk,mistweaver,18,10,8
Wåñmëíßãøx,sylvanas,960,monk,mistweaver,18,10,8
Scribz,twisting-nether,960,monk,mistweaver,24,10,14
Garuda,darkspear,959,monk,mistweaver,12,10,2
Citamonk,blackmoore,959,monk,mistweaver,12,10,2
Sioumoo,malganis,959,monk,mistweaver,16,11,5
Dexcore,draenor,959,monk,mistweaver,18,10,8
Såvonnette,ysondre,959,monk,mistweaver,18,10,8
Chexmonk,silvermoon,959,monk,mistweaver,18,10,8
Mahøni,malganis,959,monk,mistweaver,18,10,8
Grenreaper,twisting-nether,959,monk,mistweaver,18,10,8
Monkfriend,quelthalas,959,monk,mistweaver,18,10,8
Synkek,tarren-mill,959,monk,mistweaver,18,10,8
Valdaras,runetotem,959,monk,mistweaver,18,10,8
Ricidora,nerathor,959,monk,mistweaver,18,10,8
Sigourney,ravencrest,959,monk,mistweaver,18,10,8
Mâjô,blackhand,959,monk,mistweaver,18,10,8
Zappikmonk,silvermoon,958,monk,mistweaver,12,10,2
Ballongdjur,ravencrest,958,monk,mistweaver,12,10,2
Mynokxu,blackmoore,958,monk,mistweaver,12,10,2
Sèrafin,burning-legion,958,monk,mistweaver,18,10,8
Паклюха,howling-fjord,958,monk,mistweaver,18,10,8
Gôky,stormscale,958,monk,mistweaver,18,10,8
Fettakules,eredar,958,monk,mistweaver,18,10,8
Dupengchi,blackrock,958,monk,mistweaver,18,10,8
Møjíto,stormscale,958,monk,mistweaver,18,10,8
Kanajambe,twisting-nether,957,monk,mistweaver,12,10,2
Rollsamdi,tarren-mill,957,monk,mistweaver,18,10,8
Angelofchaos,outland,956,monk,mistweaver,12,10,2
Spánkproóf,kazzak,956,monk,mistweaver,18,10,8
Teoroll,stormscale,956,monk,mistweaver,18,10,8
Gumar,antonidas,956,monk,mistweaver,18,10,8
Lobnx,kazzak,955,monk,mistweaver,18,10,8
Drúdkh,tarren-mill,955,monk,mistweaver,18,10,8
Dath,outland,955,monk,mistweaver,18,10,8
Ossifist,blackhand,955,monk,mistweaver,24,10,14
Bottomoré,silvermoon,955,monk,mistweaver,71,24,47
Nartaran,archimonde,955,monk,mistweaver,30,10,20
Mitchell,sylvanas,953,monk,mistweaver,18,10,8
Tøngpø,argent-dawn,953,monk,mistweaver,18,10,8
Azkaal,marécage-de-zangar,953,monk,mistweaver,18,10,8
Jimbearend,argent-dawn,952,monk,mistweaver,18,10,8
Sideswipes,the-maelstrom,952,monk,mistweaver,24,10,14
Pämella,alleria,951,monk,mistweaver,12,10,2
Tojokirumi,dalaran,951,monk,mistweaver,12,10,2
Dennó,mannoroth,951,monk,mistweaver,18,10,8
Garff,aggra-português,951,monk,mistweaver,26,10,16
Monkyd,stormscale,950,monk,mistweaver,18,10,8
Assaalaria,argent-dawn,949,monk,mistweaver,18,10,8
Derok,twisting-nether,949,monk,mistweaver,24,10,14
Jabarwackie,kiljaeden,948,monk,mistweaver,12,10,2
Ricegodx,kazzak,948,monk,mistweaver,18,10,8
Kakos,eldrethalas,943,monk,mistweaver,12,10,2
Gammelbruno,azshara,942,monk,mistweaver,18,10,8
Serylliah,aegwynn,942,monk,mistweaver,24,10,14
Samh,twisting-nether,937,monk,mistweaver,35,19,16
Røär,khaz-modan,934,monk,mistweaver,12,10,2
Slý,archimonde,931,monk,mistweaver,21,12,9
Ariä,marécage-de-zangar,930,monk,mistweaver,24,13,11
Liathina,sylvanas,928,monk,mistweaver,25,10,15
Fréýáá,blackrock,923,monk,mistweaver,42,23,19
Шадялинь,howling-fjord,920,monk,mistweaver,23,10,13
Vanquishlølz,archimonde,920,monk,mistweaver,54,22,32
Ronanze,silvermoon,918,monk,mistweaver,60,30,30
Blackeyé,malganis,914,monk,mistweaver,47,25,22
Keeba,kirin-tor,913,monk,mistweaver,224,106,118
Millhouse,die-aldor,911,monk,mistweaver,17,10,7
Dícxi,ravencrest,910,monk,mistweaver,17,10,7
Yøøps,dalaran,908,monk,mistweaver,27,13,14
Leafsoup,argent-dawn,906,monk,mistweaver,84,41,43
Indris,dun-modr,895,monk,mistweaver,17,10,7
Мишапяточка,howling-fjord,890,monk,mistweaver,12,11,1
Idkfa,sylvanas,888,monk,mistweaver,25,11,14
Тиктокмонк,gordunni,877,monk,mistweaver,20,11,9
Киото,ashenvale,873,monk,mistweaver,89,33,56
Greez,tarren-mill,869,monk,mistweaver,22,10,12
Remyhadley,dun-modr,864,monk,mistweaver,12,9,3
Kookmin,doomhammer,864,monk,mistweaver,12,9,3
Iixil,sylvanas,864,monk,mistweaver,12,9,3
Turbobär,blackrock,864,monk,mistweaver,12,9,3
Jokkopapoo,archimonde,864,monk,mistweaver,12,9,3
Mwaneu,archimonde,864,monk,mistweaver,12,9,3
Sanchios,twisting-nether,864,monk,mistweaver,12,9,3
Kñútølåfx,sylvanas,864,monk,mistweaver,13,9,4
Kaguræ,hyjal,864,monk,mistweaver,18,9,9
Jimpaa,outland,864,monk,mistweaver,18,9,9
Miists,kazzak,864,monk,mistweaver,18,9,9
Dunkfjås,stormscale,864,monk,mistweaver,18,9,9
Jiest,outland,864,monk,mistweaver,18,9,9
Ультрадевка,blackscar,864,monk,mistweaver,22,9,13
Balia,blackrock,864,monk,mistweaver,24,9,15
Flowey,uldum,864,monk,mistweaver,24,9,15
Nillebpgodx,kazzak,864,monk,mistweaver,24,9,15
Shabaz,draenor,863,monk,mistweaver,12,9,3
Arlot,blackmoore,863,monk,mistweaver,12,9,3
Spinalot,eredar,863,monk,mistweaver,12,9,3
Trónìq,outland,863,monk,mistweaver,12,9,3
Kernbohrung,ravencrest,863,monk,mistweaver,12,9,3
Kattlåda,darkspear,863,monk,mistweaver,18,9,9
Fiddle,archimonde,863,monk,mistweaver,18,9,9
Phébz,archimonde,863,monk,mistweaver,18,9,9
Refi,blackrock,863,monk,mistweaver,18,9,9
Nowhaazzer,dun-modr,863,monk,mistweaver,18,9,9
Jâdhe,zuljin,863,monk,mistweaver,18,9,9
Torinia,madmortem,863,monk,mistweaver,18,9,9
Kyleestrutt,stormscale,863,monk,mistweaver,18,9,9
Зарычал,soulflayer,863,monk,mistweaver,18,9,9
Brummbierle,blackrock,863,monk,mistweaver,22,10,12
Rminto,twisting-nether,863,monk,mistweaver,24,9,15
Ribbeh,draenor,862,monk,mistweaver,12,9,3
Niborc,doomhammer,862,monk,mistweaver,12,9,3
Колбасина,gordunni,862,monk,mistweaver,12,9,3
Monkjakt,draenor,862,monk,mistweaver,18,9,9
Mozzi,frostmane,862,monk,mistweaver,24,9,15
Tílidin,malganis,861,monk,mistweaver,12,9,3
Puñolou,sanguino,861,monk,mistweaver,12,9,3
Mwsama,stormscale,861,monk,mistweaver,12,9,3
Verdi,tarren-mill,861,monk,mistweaver,12,9,3
Børshka,nemesis,861,monk,mistweaver,12,9,3
Koldar,grim-batol,861,monk,mistweaver,17,12,5
Rustó,ravencrest,861,monk,mistweaver,18,9,9
Åshêrs,stormscale,861,monk,mistweaver,18,9,9
Tossen,ragnaros,861,monk,mistweaver,18,9,9
Kurzgesagt,destromath,861,monk,mistweaver,24,9,15
Rasputín,draenor,859,monk,mistweaver,18,9,9
Mistya,ragnaros,859,monk,mistweaver,18,9,9
Mistréss,silvermoon,858,monk,mistweaver,18,9,9
Galaxumi,ragnaros,858,monk,mistweaver,24,9,15
Karatemonk,stormscale,858,monk,mistweaver,24,9,15
Herdom,blackmoore,856,monk,mistweaver,12,9,3
Thymesurge,ravencrest,856,monk,mistweaver,18,9,9
Bréwsléé,ragnaros,856,monk,mistweaver,18,9,9
Leyira,blackmoore,855,monk,mistweaver,12,9,3
Liveitup,kazzak,853,monk,mistweaver,12,9,3
Liwong,antonidas,850,monk,mistweaver,12,9,3
Pepefocho,sanguino,848,monk,mistweaver,24,10,14
Geckazz,kazzak,847,monk,mistweaver,12,9,3
Geeberz,twisting-nether,838,monk,mistweaver,18,9,9
ßæutiful,silvermoon,835,monk,mistweaver,30,13,17
Zuntze,guldan,834,monk,mistweaver,18,9,9
Drakzyr,argent-dawn,831,monk,mistweaver,16,9,7
Fistarfrans,sylvanas,828,monk,mistweaver,14,10,4
Ràsetsu,nagrand,828,monk,mistweaver,23,10,13
Thiccbaby,kazzak,816,monk,mistweaver,15,9,6
Tèam,defias-brotherhood,810,monk,mistweaver,15,9,6
Nouraxo,kazzak,809,monk,mistweaver,22,10,12
Saïtama,krasus,809,monk,mistweaver,22,10,12
Xalyà,archimonde,803,monk,mistweaver,18,12,6
Extaszeh,turalyon,802,monk,mistweaver,17,11,6
Mellu,kazzak,798,monk,mistweaver,14,9,5
Zerochi,kazzak,796,monk,mistweaver,19,10,9
Jînex,shattrath,784,monk,mistweaver,13,9,4
Eshli,ahnqiraj,784,monk,mistweaver,19,9,10
Stvilde,tarren-mill,768,monk,mistweaver,12,8,4
Savvuzzino,nemesis,768,monk,mistweaver,12,8,4
Wisebeb,les-clairvoyants,768,monk,mistweaver,12,8,4
Monfmonk,archimonde,768,monk,mistweaver,12,8,4
Mialena,eredar,768,monk,mistweaver,12,8,4
Kêza,culte-de-la-rive-noire,768,monk,mistweaver,12,8,4
Eradasmw,kazzak,768,monk,mistweaver,12,8,4
Jlo,stormscale,768,monk,mistweaver,12,8,4
Mástermônkèy,tarren-mill,768,monk,mistweaver,12,8,4
Miamalkøva,nemesis,768,monk,mistweaver,12,8,4
Colin,aegwynn,768,monk,mistweaver,12,8,4
Xoonaki,turalyon,768,monk,mistweaver,12,8,4
Shyrea,nazjatar,768,monk,mistweaver,12,8,4
Ånåsenpåi,archimonde,768,monk,mistweaver,12,8,4
Бэккс,howling-fjord,768,monk,mistweaver,12,8,4
Гуппер,howling-fjord,768,monk,mistweaver,12,8,4
Kashino,frostwhisper,768,monk,mistweaver,12,8,4
Starboyy,twisting-nether,768,monk,mistweaver,12,8,4
Adrianchase,ravencrest,768,monk,mistweaver,12,8,4
Guarnounet,hyjal,768,monk,mistweaver,12,8,4
Daisymerolli,nemesis,768,monk,mistweaver,12,8,4
Fckisrael,archimonde,768,monk,mistweaver,12,8,4
Cattleyah,ysondre,768,monk,mistweaver,12,8,4
Hurjat,stormreaver,768,monk,mistweaver,12,8,4
Swollboom,outland,768,monk,mistweaver,12,8,4
Mvm,outland,768,monk,mistweaver,12,8,4
Kradder,nordrassil,768,monk,mistweaver,12,8,4
Elanahi,antonidas,768,monk,mistweaver,12,8,4
Adamlól,tarren-mill,768,monk,mistweaver,18,8,10
Träskolasse,tarren-mill,768,monk,mistweaver,18,8,10
Tavqtwo,tarren-mill,768,monk,mistweaver,18,8,10
Eldaras,tarren-mill,768,monk,mistweaver,18,8,10
Tino,sylvanas,768,monk,mistweaver,18,8,10
Tøxicweaver,kazzak,768,monk,mistweaver,18,8,10
Orki,ragnaros,768,monk,mistweaver,18,8,10
Ronkingkong,ravencrest,768,monk,mistweaver,18,8,10
Bbok,silvermoon,768,monk,mistweaver,18,8,10
Loth,archimonde,767,monk,mistweaver,12,8,4
Truelo,eredar,767,monk,mistweaver,12,8,4
Adzk,tarren-mill,767,monk,mistweaver,12,8,4
Lin,nathrezim,767,monk,mistweaver,12,8,4
Maigraith,malganis,767,monk,mistweaver,12,8,4
Alexiarofl,silvermoon,767,monk,mistweaver,12,8,4
Nêrfmeta,kazzak,767,monk,mistweaver,12,8,4
Hvdo,silvermoon,767,monk,mistweaver,12,8,4
Souhei,drakthul,767,monk,mistweaver,12,8,4
Reyaiba,dalaran,767,monk,mistweaver,12,8,4
Xerzulo,silvermoon,767,monk,mistweaver,12,8,4
Мистхоррор,gordunni,767,monk,mistweaver,12,8,4
Malroj,aggramar,767,monk,mistweaver,14,8,6
Pvppenergy,silvermoon,767,monk,mistweaver,18,8,10
Aliyo,aegwynn,767,monk,mistweaver,18,8,10
Æbscourgê,azjolnerub,767,monk,mistweaver,18,8,10
Lerouxx,archimonde,767,monk,mistweaver,18,8,10
Gízmö,tarren-mill,767,monk,mistweaver,18,8,10
Qî,ravencrest,767,monk,mistweaver,30,8,22
Riip,ysondre,766,monk,mistweaver,12,8,4
Tnt,antonidas,766,monk,mistweaver,12,8,4
Lilithrevan,frostmourne,766,monk,mistweaver,12,8,4
Weavi,kazzak,766,monk,mistweaver,12,8,4
Nulojeu,archimonde,766,monk,mistweaver,12,8,4
Sinzy,dentarg,766,monk,mistweaver,12,8,4
Tallein,drakthul,766,monk,mistweaver,18,8,10
Gakunie,blackhand,766,monk,mistweaver,18,8,10
Thralg,neptulon,766,monk,mistweaver,18,8,10
Hersmonk,drakthul,765,monk,mistweaver,12,8,4
Lorkas,darkmoon-faire,765,monk,mistweaver,12,8,4
Kegbrew,kazzak,765,monk,mistweaver,12,8,4
Ebonymilfy,archimonde,765,monk,mistweaver,12,8,4
Pô,nemesis,765,monk,mistweaver,18,8,10
Каземат,booty-bay,765,monk,mistweaver,18,8,10
Trxy,argent-dawn,765,monk,mistweaver,36,8,28
Bohjera,kazzak,762,monk,mistweaver,12,8,4
Saintmoon,drakthul,762,monk,mistweaver,18,8,10
Fraideberoa,ravencrest,761,monk,mistweaver,12,8,4
Pekinn,sanguino,761,monk,mistweaver,18,8,10
Skrøn,kult-der-verdammten,760,monk,mistweaver,12,8,4
Kieteltje,sylvanas,760,monk,mistweaver,12,8,4
Shontal,ravencrest,758,monk,mistweaver,18,8,10
Сукавкимоно,soulflayer,758,monk,mistweaver,18,8,10
Atralês,azshara,735,monk,mistweaver,17,8,9
Fetchd,blackmoore,733,monk,mistweaver,16,8,8
Ndaula,drakthul,733,monk,mistweaver,25,9,16
Dinxfar,draenor,732,monk,mistweaver,14,9,5
Matrim,arathor,732,monk,mistweaver,26,9,17
Changzu,sanguino,727,monk,mistweaver,66,30,36
Muggen,minahonda,727,monk,mistweaver,23,8,15
Pìmpìnelle,garona,720,monk,mistweaver,23,9,14
Дядямаготика,deathguard,719,monk,mistweaver,27,9,18
Yorlena,malganis,716,monk,mistweaver,11,8,3
Zóma,ragnaros,714,monk,mistweaver,22,9,13
Moreløs,stormscale,710,monk,mistweaver,24,10,14
Elasha,archimonde,703,monk,mistweaver,11,8,3
Порвуседло,soulflayer,703,monk,mistweaver,28,10,18
Timboxd,blackmoore,702,monk,mistweaver,11,8,3
Tingly,kazzak,687,monk,mistweaver,15,8,7
Шаолий,gordunni,683,monk,mistweaver,30,8,22
Biggesttaf,stormscale,672,monk,mistweaver,10,8,2
Nastyføxÿ,ysondre,672,monk,mistweaver,12,7,5
Yulon,blackrock,672,monk,mistweaver,12,7,5
Flexify,outland,672,monk,mistweaver,12,7,5
Hessuzen,stormreaver,672,monk,mistweaver,12,7,5
Павнмонк,gordunni,672,monk,mistweaver,12,7,5
Mannmann,thrall,672,monk,mistweaver,12,7,5
Kyliansètuit,ysondre,672,monk,mistweaver,12,7,5
Vitessewagon,ysondre,672,monk,mistweaver,12,7,5
Gôeller,stormscale,672,monk,mistweaver,12,7,5
Monkel,frostwolf,672,monk,mistweaver,12,7,5
Alwaysme,grim-batol,672,monk,mistweaver,12,7,5
Yàfa,archimonde,672,monk,mistweaver,12,7,5
Boytoyfist,ravencrest,672,monk,mistweaver,12,7,5
Prismaticx,ravencrest,672,monk,mistweaver,12,7,5
Mjoo,blackrock,672,monk,mistweaver,12,7,5
Frajer,auchindoun,672,monk,mistweaver,12,7,5
Longpeng,ysera,672,monk,mistweaver,12,7,5
Fshn,sylvanas,672,monk,mistweaver,12,7,5
Sindfist,ysondre,672,monk,mistweaver,12,7,5
Cmonbruh,ravencrest,672,monk,mistweaver,12,7,5
Astarrserran,drakthul,672,monk,mistweaver,12,7,5
Osírìs,ravencrest,672,monk,mistweaver,12,7,5
Podrugabomja,outland,672,monk,mistweaver,12,7,5
Merçury,dun-morogh,672,monk,mistweaver,12,7,5
Monkamonk,blutkessel,672,monk,mistweaver,12,7,5
Vazpy,sylvanas,672,monk,mistweaver,12,7,5
Bads,sanguino,672,monk,mistweaver,12,7,5
ßreacher,argent-dawn,672,monk,mistweaver,12,7,5
Soulcháos,ravencrest,672,monk,mistweaver,12,7,5
Mw,magtheridon,672,monk,mistweaver,12,7,5
Franziskanus,das-syndikat,672,monk,mistweaver,12,7,5
Qwértsy,stormscale,672,monk,mistweaver,12,7,5
Alutzharn,argent-dawn,672,monk,mistweaver,12,7,5
Lamasauce,ravencrest,672,monk,mistweaver,12,7,5
Ryutoo,silvermoon,672,monk,mistweaver,12,7,5
Haruuka,thrall,672,monk,mistweaver,12,7,5
Fugmonk,ravencrest,672,monk,mistweaver,12,7,5
Вхукьютиикс,howling-fjord,672,monk,mistweaver,13,7,6
Leykom,ravencrest,672,monk,mistweaver,15,8,7
Scz,draenor,672,monk,mistweaver,18,7,11
Fistweavingg,tarren-mill,672,monk,mistweaver,18,7,11
Konïï,dalaran,672,monk,mistweaver,18,7,11
Atómic,eredar,672,monk,mistweaver,18,7,11
Exru,draenor,672,monk,mistweaver,18,7,11
Bâsarä,archimonde,672,monk,mistweaver,18,7,11
Boîndíl,malfurion,672,monk,mistweaver,18,7,11
Dråf,ysondre,672,monk,mistweaver,18,7,11
Кулаквтебе,borean-tundra,672,monk,mistweaver,18,7,11
Bigkim,khadgar,672,monk,mistweaver,18,7,11
Rhodin,krasus,672,monk,mistweaver,24,7,17
Agodx,sanguino,671,monk,mistweaver,12,7,5
Lpm,draenor,671,monk,mistweaver,12,7,5
Chigee,kazzak,671,monk,mistweaver,12,7,5
Fonk,blades-edge,671,monk,mistweaver,12,7,5
Æternia,stormscale,671,monk,mistweaver,12,7,5
Anadia,blackrock,671,monk,mistweaver,12,7,5
Изимонк,gordunni,671,monk,mistweaver,12,7,5
Lenalé,sanguino,671,monk,mistweaver,12,7,5
Jagermonk,doomhammer,671,monk,mistweaver,12,7,5
Sylicia,alleria,671,monk,mistweaver,12,7,5
Wudao,anubarak,671,monk,mistweaver,12,7,5
Кисеч,soulflayer,671,monk,mistweaver,12,7,5
Xanadoll,outland,671,monk,mistweaver,12,7,5
Sensëi,bronze-dragonflight,671,monk,mistweaver,13,7,6
Spinniboi,blackhand,671,monk,mistweaver,18,7,11
Mønía,ysondre,671,monk,mistweaver,24,7,17
Аверлорд,fordragon,670,monk,mistweaver,12,7,5
Monkinamight,turalyon,670,monk,mistweaver,12,7,5
Healmeup,anetheron,670,monk,mistweaver,12,7,5
Zendyy,argent-dawn,670,monk,mistweaver,12,7,5
Joübar,archimonde,670,monk,mistweaver,12,7,5
Kazume,pozzo-delleternità,670,monk,mistweaver,12,7,5
Rhuru,argent-dawn,670,monk,mistweaver,14,7,7
Sukisukí,ragnaros,669,monk,mistweaver,12,7,5
Furynextdoor,hyjal,669,monk,mistweaver,12,7,5
Poklicka,deathwing,669,monk,mistweaver,12,7,5
Zywoo,emerald-dream,668,monk,mistweaver,18,7,11
Chenpô,gorgonnash,667,monk,mistweaver,12,7,5
Dotheas,argent-dawn,667,monk,mistweaver,18,7,11
Senseithai,trollbane,665,monk,mistweaver,18,7,11
Cheriedevile,drakthul,665,monk,mistweaver,24,7,17
Wuchanglan,blackmoore,665,monk,mistweaver,30,7,23
Pandadoum,ysondre,663,monk,mistweaver,12,7,5
Brewteaful,outland,655,monk,mistweaver,11,7,4
Mistyheals,nagrand,647,monk,mistweaver,18,7,11
Qdwdwqerdads,ravencrest,640,monk,mistweaver,16,8,8
Lylaei,argent-dawn,639,monk,mistweaver,17,7,10
Klischi,taerar,639,monk,mistweaver,17,7,10
Shapumvilla,alonsus,637,monk,mistweaver,8,8,0
Horfus,stormscale,637,monk,mistweaver,28,7,21
Randomxbrew,draenor,624,monk,mistweaver,9,8,1
Vatsmijter,silvermoon,623,monk,mistweaver,11,7,4
Yøda,malganis,621,monk,mistweaver,15,7,8
Nxmonk,sylvanas,618,monk,mistweaver,16,8,8
Goamix,ravencrest,618,monk,mistweaver,20,8,12
Tanyà,hyjal,617,monk,mistweaver,12,8,4
Cringefemboy,moonglade,607,monk,mistweaver,11,7,4
Varolul,aegwynn,606,monk,mistweaver,11,7,4
Ronocs,turalyon,606,monk,mistweaver,14,7,7
Jsuispasheal,dalaran,590,monk,mistweaver,39,13,26
Chìless,shadowsong,576,monk,mistweaver,6,6,0
Drunkenmønk,mannoroth,576,monk,mistweaver,6,6,0
Althéia,dalaran,576,monk,mistweaver,6,6,0
Ракенрол,deathguard,576,monk,mistweaver,6,6,0
Batschmaia,shattrath,576,monk,mistweaver,6,6,0
Makíima,blackrock,576,monk,mistweaver,6,6,0
Culédegallah,archimonde,576,monk,mistweaver,6,6,0
Sploof,ravencrest,576,monk,mistweaver,6,6,0
Redundänt,kazzak,576,monk,mistweaver,6,6,0
Mowì,stormscale,576,monk,mistweaver,6,6,0
Gosphhell,archimonde,576,monk,mistweaver,12,6,6
Garfunkel,emeriss,576,monk,mistweaver,12,6,6
Rudiculous,malganis,576,monk,mistweaver,12,6,6
Testicolino,nemesis,576,monk,mistweaver,12,6,6
Ankelstrumpa,tarren-mill,576,monk,mistweaver,12,6,6
Kiziibrla,archimonde,576,monk,mistweaver,12,6,6
Диванн,howling-fjord,576,monk,mistweaver,12,6,6
Миражмонк,howling-fjord,576,monk,mistweaver,12,6,6
Monjonagger,tyrande,576,monk,mistweaver,12,6,6
Aritisi,tarren-mill,576,monk,mistweaver,12,6,6
Req,darksorrow,576,monk,mistweaver,12,6,6
Freemmrx,kazzak,576,monk,mistweaver,12,6,6
Iliketofist,ravencrest,576,monk,mistweaver,12,6,6
Fistandfury,outland,576,monk,mistweaver,12,6,6
Дезмимонк,ashenvale,576,monk,mistweaver,12,6,6
Vàlky,outland,576,monk,mistweaver,12,6,6
Faki,eredar,576,monk,mistweaver,12,6,6
Garweaver,frostwolf,576,monk,mistweaver,12,6,6
Кончеглаз,soulflayer,576,monk,mistweaver,12,6,6
Icecoldbrew,outland,576,monk,mistweaver,12,6,6
Zabjudah,stormscale,576,monk,mistweaver,12,6,6
Ryac,defias-brotherhood,576,monk,mistweaver,12,6,6
Oiorie,twisting-nether,576,monk,mistweaver,12,6,6
Leashed,blackmoore,576,monk,mistweaver,12,6,6
Yez,azjolnerub,576,monk,mistweaver,12,6,6
Mørbradgryde,silvermoon,576,monk,mistweaver,12,6,6
Annoyingtwo,archimonde,576,monk,mistweaver,12,6,6
Gruslinovica,archimonde,576,monk,mistweaver,12,6,6
Rashtamonk,blackmoore,576,monk,mistweaver,12,6,6
Bluebery,burning-legion,576,monk,mistweaver,12,6,6
Cocacolazeró,draenor,576,monk,mistweaver,12,6,6
Deepênd,antonidas,576,monk,mistweaver,12,6,6
Sinensi,conseil-des-ombres,576,monk,mistweaver,12,6,6
Åmba,blackrock,576,monk,mistweaver,12,6,6
Pivomamrad,drakthul,576,monk,mistweaver,12,6,6
Potkuri,stormreaver,576,monk,mistweaver,12,6,6
Mönchalot,der-abyssische-rat,576,monk,mistweaver,12,6,6
Мегаалюль,gordunni,576,monk,mistweaver,12,6,6
Tiddor,burning-legion,576,monk,mistweaver,12,6,6
Vedak,stormreaver,576,monk,mistweaver,12,6,6
Коумана,gordunni,576,monk,mistweaver,15,7,8
Торен,soulflayer,576,monk,mistweaver,18,6,12
Siiderivalas,kazzak,576,monk,mistweaver,18,6,12
Modequillo,blackmoore,576,monk,mistweaver,18,6,12
Монкмяу,howling-fjord,576,monk,mistweaver,18,6,12
Ayanaami,pozzo-delleternità,576,monk,mistweaver,18,6,12
Vrexza,kazzak,576,monk,mistweaver,18,6,12
Ronnchi,twisting-nether,576,monk,mistweaver,18,6,12
Aguerxf,alleria,576,monk,mistweaver,18,6,12
Itsthemonkky,tarren-mill,576,monk,mistweaver,24,6,18
Тэсси,blackscar,575,monk,mistweaver,12,6,6
Samie,ravencrest,575,monk,mistweaver,12,6,6
Drlyn,blackmoore,575,monk,mistweaver,12,6,6
Karmaclit,malganis,575,monk,mistweaver,12,6,6
Incapp,ysondre,575,monk,mistweaver,12,6,6
Loutremoine,archimonde,575,monk,mistweaver,12,6,6
Toweliè,thrall,575,monk,mistweaver,12,6,6
Shenyen,silvermoon,575,monk,mistweaver,12,6,6
Kushinaa,teldrassil,575,monk,mistweaver,12,6,6
Drír,archimonde,575,monk,mistweaver,12,6,6
Vexzen,tarren-mill,575,monk,mistweaver,12,6,6
Khakk,elune,575,monk,mistweaver,12,6,6
Charlett,the-venture-co,575,monk,mistweaver,12,6,6
Skonk,frostmane,575,monk,mistweaver,12,6,6
Rakowo,arthas,575,monk,mistweaver,12,6,6
Bbigttgothgf,doomhammer,575,monk,mistweaver,12,6,6
Monkana,twisting-nether,575,monk,mistweaver,12,6,6
Revna,auchindoun,575,monk,mistweaver,12,6,6
Latify,todeswache,575,monk,mistweaver,18,6,12
Mulana,sanguino,575,monk,mistweaver,18,6,12
Painswîft,blackhand,575,monk,mistweaver,18,6,12
Snooponk,kazzak,575,monk,mistweaver,18,6,12
Kungfusler,twisting-nether,574,monk,mistweaver,12,6,6
Othalain,silvermoon,574,monk,mistweaver,12,6,6
Nurthi,argent-dawn,574,monk,mistweaver,12,6,6
Chozen,blackmoore,574,monk,mistweaver,12,6,6
Irishdëmon,ravencrest,574,monk,mistweaver,16,6,10
Jackamonk,kazzak,574,monk,mistweaver,18,6,12
Xentimus,kazzak,573,monk,mistweaver,18,6,12
Cheechong,grim-batol,573,monk,mistweaver,28,8,20
Níki,earthen-ring,572,monk,mistweaver,12,6,6
Bearknuckles,darkmoon-faire,572,monk,mistweaver,12,6,6
Ghninscare,blackmoore,560,monk,mistweaver,13,8,5
Erzull,doomhammer,560,monk,mistweaver,25,10,15
Christien,ungoro,558,monk,mistweaver,23,6,17
Sleepleaf,silvermoon,543,monk,mistweaver,11,6,5
Хилюзаоргазм,howling-fjord,543,monk,mistweaver,14,7,7
Psychö,zuljin,538,monk,mistweaver,17,6,11
Gingerbrew,hyjal,528,monk,mistweaver,9,7,2
Lidalol,silvermoon,527,monk,mistweaver,9,7,2
Insomniyah,tarren-mill,527,monk,mistweaver,17,6,11
Fistmeg,grim-batol,527,monk,mistweaver,17,6,11
Trymax,blackmoore,522,monk,mistweaver,17,7,10
Leïsha,ysondre,522,monk,mistweaver,18,7,11
Годъяр,gordunni,510,monk,mistweaver,14,6,8
Samuelka,burning-blade,493,monk,mistweaver,11,6,5
Clydemonk,outland,480,monk,mistweaver,6,5,1
Xàmell,kazzak,480,monk,mistweaver,6,5,1
Dukhi,kazzak,480,monk,mistweaver,6,5,1
Укусдракона,soulflayer,480,monk,mistweaver,6,5,1
Chingbag,dalaran,480,monk,mistweaver,6,5,1
Drylezm,twisting-nether,480,monk,mistweaver,6,5,1
Notgherit,nemesis,480,monk,mistweaver,6,5,1
Destom,archimonde,480,monk,mistweaver,6,5,1
Такиера,gordunni,480,monk,mistweaver,6,5,1
Xkäz,archimonde,480,monk,mistweaver,6,5,1
Veladana,chamber-of-aspects,480,monk,mistweaver,6,5,1
Nobrainfist,stormscale,480,monk,mistweaver,6,5,1
Sio,dentarg,480,monk,mistweaver,6,5,1
Павнмонкх,gordunni,480,monk,mistweaver,6,5,1
Zoruun,quelthalas,480,monk,mistweaver,6,5,1
Saenxz,blackrock,480,monk,mistweaver,6,5,1
Подорожнник,gordunni,480,monk,mistweaver,6,5,1
Stromon,silvermoon,480,monk,mistweaver,6,5,1
Ørcqt,tarren-mill,480,monk,mistweaver,6,5,1
Khabibs,hyjal,480,monk,mistweaver,6,5,1
Peao,blackmoore,480,monk,mistweaver,6,5,1
Gnasseschef,outland,480,monk,mistweaver,6,5,1
Sloopkogel,tarren-mill,480,monk,mistweaver,6,5,1
Kaowar,nerzhul,480,monk,mistweaver,6,5,1
Sozzemonk,kazzak,480,monk,mistweaver,6,5,1
Místborn,ravencrest,480,monk,mistweaver,12,5,7
Mikefist,blackrock,480,monk,mistweaver,12,5,7
Дэдлитрюк,soulflayer,480,monk,mistweaver,12,5,7
Rollarøund,outland,480,monk,mistweaver,12,5,7
Rockié,blackmoore,480,monk,mistweaver,12,5,7
Kaichi,defias-brotherhood,480,monk,mistweaver,12,5,7
Axelight,chants-éternels,480,monk,mistweaver,12,5,7
Minervaez,grim-batol,480,monk,mistweaver,12,5,7
Fistgodx,blackrock,480,monk,mistweaver,12,5,7
Zintsu,khaz-modan,480,monk,mistweaver,12,5,7
Miquella,scarshield-legion,480,monk,mistweaver,12,5,7
Zenmaster,grim-batol,480,monk,mistweaver,12,5,7
Yinsho,stormscale,480,monk,mistweaver,12,5,7
Siezlebabo,blackrock,480,monk,mistweaver,12,5,7
Skiqzy,ravencrest,480,monk,mistweaver,12,5,7
Tolachi,blackhand,480,monk,mistweaver,12,5,7
Potato,aggramar,480,monk,mistweaver,12,5,7
Karmonk,outland,480,monk,mistweaver,12,5,7
Mzdm,dalaran,480,monk,mistweaver,12,5,7
Похмелись,blackscar,480,monk,mistweaver,12,5,7
Cøntfarmer,ravencrest,480,monk,mistweaver,12,5,7
Smahammonk,sylvanas,480,monk,mistweaver,12,5,7
Hon,sanguino,480,monk,mistweaver,12,5,7
Bountyño,dun-modr,480,monk,mistweaver,12,5,7
Dêsmî,ravencrest,480,monk,mistweaver,12,5,7
Генжуро,blackscar,480,monk,mistweaver,12,5,7
Аэрди,howling-fjord,480,monk,mistweaver,12,5,7
Тайви,deepholm,480,monk,mistweaver,12,5,7
Venemy,sanguino,480,monk,mistweaver,12,5,7
Andelicek,burning-blade,480,monk,mistweaver,12,5,7
Doyoubleed,twisting-nether,480,monk,mistweaver,12,5,7
Gemil,argent-dawn,480,monk,mistweaver,12,5,7
Kmorhin,antonidas,480,monk,mistweaver,12,5,7
Tîptap,blackrock,480,monk,mistweaver,12,5,7
Jodeen,shadowsong,480,monk,mistweaver,12,5,7
Hoibglotzn,antonidas,480,monk,mistweaver,12,5,7
Ayelas,silvermoon,480,monk,mistweaver,12,5,7
Ðrçleañ,stormreaver,480,monk,mistweaver,12,5,7
Kärmma,sanguino,480,monk,mistweaver,12,5,7
Виброолег,gordunni,480,monk,mistweaver,12,5,7
Meeralya,ravencrest,480,monk,mistweaver,12,5,7
Erandja,silvermoon,480,monk,mistweaver,12,5,7
Lunì,nathrezim,480,monk,mistweaver,12,5,7
Grïmgødx,ravencrest,480,monk,mistweaver,12,5,7
Wkiller,outland,480,monk,mistweaver,18,5,13
Drumonk,kelthuzad,480,monk,mistweaver,18,5,13
Moistweaver,drakthul,480,monk,mistweaver,18,5,13
Whytoosxy,silvermoon,480,monk,mistweaver,18,5,13
Копытька,gordunni,480,monk,mistweaver,18,5,13
Risomonk,blackrock,480,monk,mistweaver,24,5,19
Proxxona,eredar,479,monk,mistweaver,6,5,1
Mirøc,blackmoore,479,monk,mistweaver,6,5,1
Bovinebuddha,stormscale,479,monk,mistweaver,12,5,7
Luigimonk,dun-modr,479,monk,mistweaver,12,5,7
Sotqyy,stormscale,479,monk,mistweaver,12,5,7
Durand,blackhand,479,monk,mistweaver,12,5,7
Stenhård,azjolnerub,479,monk,mistweaver,12,5,7
Breykhar,aegwynn,479,monk,mistweaver,12,5,7
Дарума,grom,479,monk,mistweaver,12,5,7
Wotaner,eredar,479,monk,mistweaver,12,5,7
Mascrax,earthen-ring,479,monk,mistweaver,12,5,7
Feedjob,stormscale,479,monk,mistweaver,18,5,13
Knotze,eredar,479,monk,mistweaver,18,5,13
Xèrá,antonidas,479,monk,mistweaver,24,5,19
Løkî,culte-de-la-rive-noire,479,monk,mistweaver,24,5,19
Zoolloonn,norgannon,478,monk,mistweaver,12,5,7
Wînk,amanthul,478,monk,mistweaver,12,5,7
Backbone,auchindoun,478,monk,mistweaver,12,5,7
Брэйки,lich-king,478,monk,mistweaver,18,5,13
Leffe,thunderhorn,476,monk,mistweaver,12,5,7
Drugarix,uldaman,475,monk,mistweaver,12,5,7
Chucknorrís,kilrogg,474,monk,mistweaver,18,7,11
Filomenata,rexxar,469,monk,mistweaver,19,5,14
Snakeéyés,kazzak,447,monk,mistweaver,8,6,2
Zinzyo,aegwynn,447,monk,mistweaver,11,5,6
Mku,kazzak,432,monk,mistweaver,9,6,3
Kawaì,frostwolf,431,monk,mistweaver,17,5,12
Ygêrne,archimonde,426,monk,mistweaver,15,6,9
Zhanshì,blackmoore,426,monk,mistweaver,15,6,9
Chakarma,twisting-nether,416,monk,mistweaver,22,5,17
Lévanà,antonidas,415,monk,mistweaver,8,5,3
Sudoku,thrall,415,monk,mistweaver,14,5,9
Monkersquad,doomhammer,384,monk,mistweaver,6,4,2
Xloxloxloxy,outland,384,monk,mistweaver,6,4,2
Podekouil,ysondre,384,monk,mistweaver,6,4,2
Camlen,draenor,384,monk,mistweaver,6,4,2
Pikahelp,ravencrest,384,monk,mistweaver,6,4,2
Харуказэ,howling-fjord,384,monk,mistweaver,6,4,2
Zugzuwg,ahnqiraj,384,monk,mistweaver,6,4,2
Deniise,kult-der-verdammten,384,monk,mistweaver,6,4,2
Shenexo,kazzak,384,monk,mistweaver,6,4,2
Naìsh,arygos,384,monk,mistweaver,6,4,2
Леобтв,soulflayer,384,monk,mistweaver,6,4,2
Lennifer,ragnaros,384,monk,mistweaver,6,4,2
Муррчалкин,howling-fjord,384,monk,mistweaver,6,4,2
Highline,draenor,384,monk,mistweaver,6,4,2
Alomonk,archimonde,384,monk,mistweaver,6,4,2
Kazéshini,doomhammer,384,monk,mistweaver,6,4,2
Bigflex,conseil-des-ombres,384,monk,mistweaver,6,4,2
Peaceweaver,ravencrest,384,monk,mistweaver,6,4,2
Bhrag,die-aldor,384,monk,mistweaver,6,4,2
Ibsmonk,outland,384,monk,mistweaver,6,4,2
Jifun,kazzak,384,monk,mistweaver,6,4,2
Zbamonk,burning-legion,384,monk,mistweaver,6,4,2
Claww,blackrock,384,monk,mistweaver,6,4,2
Missislee,aegwynn,384,monk,mistweaver,6,4,2
Klischi,blackhand,384,monk,mistweaver,6,4,2
Castrø,argent-dawn,384,monk,mistweaver,6,4,2
Immadbrew,blackmoore,384,monk,mistweaver,6,4,2
Tüüdüülüü,blackrock,384,monk,mistweaver,6,4,2
Plånck,archimonde,384,monk,mistweaver,6,4,2
Meineaugen,blackhand,384,monk,mistweaver,6,4,2
Slokwerk,dentarg,384,monk,mistweaver,6,4,2
Bratana,dun-morogh,384,monk,mistweaver,6,4,2
Zekethegreat,tarren-mill,384,monk,mistweaver,6,4,2
Shêd,sargeras,384,monk,mistweaver,6,4,2
Themistius,kazzak,384,monk,mistweaver,6,4,2
Roudious,arathi,384,monk,mistweaver,6,4,2
Xevol,burning-legion,384,monk,mistweaver,6,4,2
Ennamoly,blackmoore,384,monk,mistweaver,6,4,2
Tuulijäbä,stormreaver,384,monk,mistweaver,6,4,2
Vîsdom,kazzak,384,monk,mistweaver,6,4,2
Jemijedno,drakthul,384,monk,mistweaver,6,4,2
Trancendent,silvermoon,384,monk,mistweaver,6,4,2
Trâffix,kazzak,384,monk,mistweaver,6,4,2
Mistfeeder,burning-blade,384,monk,mistweaver,6,4,2
Олежатоксик,gordunni,384,monk,mistweaver,6,4,2
Trácybéákérx,kazzak,384,monk,mistweaver,6,4,2
Boomxd,twisting-nether,384,monk,mistweaver,6,4,2
Fakestrxx,aegwynn,384,monk,mistweaver,6,4,2
Mistydex,eredar,384,monk,mistweaver,6,4,2
Gangichi,blackhand,384,monk,mistweaver,9,5,4
Dúlgor,blackmoore,384,monk,mistweaver,11,6,5
Scarymønk,kazzak,384,monk,mistweaver,8,4,4
Suhnukka,stormscale,384,monk,mistweaver,12,4,8
Smøkÿý,eredar,384,monk,mistweaver,12,4,8
Pompeflûte,archimonde,384,monk,mistweaver,12,4,8
Audaz,dun-modr,384,monk,mistweaver,12,4,8
Bruceli,darkmoon-faire,384,monk,mistweaver,12,4,8
Monkmonkesen,stormscale,384,monk,mistweaver,12,4,8
Eth,nagrand,384,monk,mistweaver,12,4,8
Deeyna,defias-brotherhood,384,monk,mistweaver,12,4,8
Nebelwandler,blackhand,384,monk,mistweaver,12,4,8
Mediumzin,twisting-nether,384,monk,mistweaver,12,4,8
Subzxftw,archimonde,384,monk,mistweaver,12,4,8
Invsionrush,crushridge,384,monk,mistweaver,12,4,8
Päätöksiä,defias-brotherhood,384,monk,mistweaver,12,4,8
Woofi,tarren-mill,384,monk,mistweaver,12,4,8
Skelmir,dragonblight,384,monk,mistweaver,12,4,8
Bûl,blackmoore,384,monk,mistweaver,12,4,8
Bakersdozen,tarren-mill,384,monk,mistweaver,12,4,8
Escopetin,los-errantes,384,monk,mistweaver,12,4,8
Chimail,blackrock,384,monk,mistweaver,12,4,8
Карманедаун,howling-fjord,384,monk,mistweaver,12,4,8
Pikkupotkuri,stormreaver,384,monk,mistweaver,12,4,8
Craneovic,kult-der-verdammten,384,monk,mistweaver,12,4,8
Слишкомхорош,howling-fjord,384,monk,mistweaver,12,4,8
Betelgeuse,jaedenar,384,monk,mistweaver,18,4,14
Havery,sanguino,383,monk,mistweaver,6,4,2
Supwithat,kazzak,383,monk,mistweaver,6,4,2
Vzan,kazzak,383,monk,mistweaver,6,4,2
Wrathing,tarren-mill,383,monk,mistweaver,6,4,2
Goldenquinn,sylvanas,383,monk,mistweaver,6,4,2
Токасзавода,soulflayer,383,monk,mistweaver,6,4,2
Korrok,sanguino,383,monk,mistweaver,12,4,8
Tarly,archimonde,383,monk,mistweaver,12,4,8
Doneithné,stormscale,383,monk,mistweaver,12,4,8
Ornithorynke,hyjal,383,monk,mistweaver,12,4,8
Velicko,ravencrest,383,monk,mistweaver,12,4,8
Gnomebrew,ravencrest,383,monk,mistweaver,12,4,8
Eucalyptuz,draenor,383,monk,mistweaver,12,4,8
Shuzao,steamwheedle-cartel,383,monk,mistweaver,12,4,8
Fkflying,defias-brotherhood,381,monk,mistweaver,12,4,8
Plií,frostwolf,362,monk,mistweaver,19,6,13
Qizz,antonidas,352,monk,mistweaver,10,5,5
Hullumunkki,blackmoore,352,monk,mistweaver,10,4,6
Автотюн,gordunni,352,monk,mistweaver,16,4,12
Iluvfistinjk,sylvanas,351,monk,mistweaver,9,5,4
Masimonk,blackrock,350,monk,mistweaver,11,4,7
Frodrin,kazzak,347,monk,mistweaver,11,4,7
Munqqi,stormscale,335,monk,mistweaver,9,4,5
Buckersxo,kazzak,330,monk,mistweaver,11,6,5
Chimý,tarren-mill,330,monk,mistweaver,15,5,10
Midgetyoda,outland,330,monk,mistweaver,22,5,17
Zaalleh,draenor,319,monk,mistweaver,5,4,1
Ilikeducks,ravencrest,319,monk,mistweaver,5,4,1
Nabenja,madmortem,319,monk,mistweaver,14,4,10
Nïkaa,dun-modr,318,monk,mistweaver,16,9,7
Schellentano,defias-brotherhood,301,monk,mistweaver,13,4,9
Gaspacio,silvermoon,288,monk,mistweaver,6,3,3
Sosschi,silvermoon,288,monk,mistweaver,6,3,3
Mønkek,kazzak,288,monk,mistweaver,6,3,3
Menecares,blackhand,288,monk,mistweaver,6,3,3
Napqi,malganis,288,monk,mistweaver,6,3,3
Родо,blackscar,288,monk,mistweaver,6,3,3
Shàolïn,dalaran,288,monk,mistweaver,6,3,3
Neptulion,ravencrest,288,monk,mistweaver,6,3,3
Fairhand,emerald-dream,288,monk,mistweaver,6,3,3
Kâî,outland,288,monk,mistweaver,6,3,3
Wando,defias-brotherhood,288,monk,mistweaver,6,3,3
Tastyfists,blackmoore,288,monk,mistweaver,6,3,3
Viggex,outland,288,monk,mistweaver,6,3,3
Louiemon,outland,288,monk,mistweaver,6,3,3
Holymonkx,nagrand,288,monk,mistweaver,6,3,3
Màlydôr,outland,288,monk,mistweaver,6,3,3
Loempia,outland,288,monk,mistweaver,6,3,3
Akinhd,twisting-nether,288,monk,mistweaver,6,3,3
Kylâas,die-ewige-wacht,288,monk,mistweaver,6,3,3
Kjeyro,ravencrest,288,monk,mistweaver,6,3,3
Domedagsdamp,draenor,288,monk,mistweaver,6,3,3
Fluxqt,ravencrest,288,monk,mistweaver,6,3,3
Shiìnx,hyjal,288,monk,mistweaver,6,3,3
Culiacàn,blackmoore,288,monk,mistweaver,6,3,3
Cmgxbrew,blackrock,288,monk,mistweaver,6,3,3
Perikencito,dun-modr,288,monk,mistweaver,6,3,3
Yogi,defias-brotherhood,288,monk,mistweaver,6,3,3
Meo,emeriss,288,monk,mistweaver,6,3,3
Shouldbeokai,ravencrest,288,monk,mistweaver,6,3,3
Uggs,hyjal,288,monk,mistweaver,6,3,3
Kaskinhas,archimonde,288,monk,mistweaver,6,3,3
Relentlessly,blackrock,288,monk,mistweaver,6,3,3
Коррелир,howling-fjord,288,monk,mistweaver,6,3,3
Ipès,archimonde,288,monk,mistweaver,6,3,3
Trubushatal,ravencrest,288,monk,mistweaver,6,3,3
Yutahon,azjolnerub,288,monk,mistweaver,6,3,3
Shnohh,blackmoore,288,monk,mistweaver,6,3,3
Helacoon,archimonde,288,monk,mistweaver,6,3,3
Fistwave,malganis,288,monk,mistweaver,6,3,3
Mistless,ragnaros,288,monk,mistweaver,6,3,3
Baisi,blackhand,288,monk,mistweaver,6,3,3
Киликххл,deathguard,288,monk,mistweaver,6,3,3
Leikô,grim-batol,288,monk,mistweaver,6,3,3
Zyrosmonk,blackmoore,288,monk,mistweaver,6,3,3
Koba,frostwolf,288,monk,mistweaver,6,3,3
Píco,gorgonnash,288,monk,mistweaver,6,3,3
Lassador,onyxia,288,monk,mistweaver,6,3,3
Leifjuster,stormscale,288,monk,mistweaver,6,3,3
Shoskio,chamber-of-aspects,288,monk,mistweaver,6,3,3
Mecin,ragnaros,288,monk,mistweaver,6,3,3
Vejbz,blackmoore,288,monk,mistweaver,6,3,3
Ilsalumiere,nemesis,288,monk,mistweaver,6,3,3
Norbii,twisting-nether,288,monk,mistweaver,6,3,3
Rípple,alakir,288,monk,mistweaver,6,3,3
Elmun,draenor,288,monk,mistweaver,6,3,3
Friidam,lightbringer,288,monk,mistweaver,6,3,3
Crommul,burning-legion,288,monk,mistweaver,6,3,3
Badwithnames,stormscale,288,monk,mistweaver,6,3,3
Kaizenthor,runetotem,288,monk,mistweaver,6,3,3
Mädravën,ragnaros,288,monk,mistweaver,6,3,3
Askmeout,ravencrest,288,monk,mistweaver,7,3,4
Alilith,drakthul,288,monk,mistweaver,12,3,9
Xvll,kaelthas,288,monk,mistweaver,12,3,9
Jinora,theradras,288,monk,mistweaver,12,3,9
Rolegsweep,arathor,288,monk,mistweaver,12,3,9
Monkiky,hyjal,288,monk,mistweaver,12,3,9
Staane,hyjal,288,monk,mistweaver,12,3,9
Incapfull,archimonde,288,monk,mistweaver,12,3,9
Drunklee,aegwynn,288,monk,mistweaver,12,3,9
Whinestein,the-venture-co,288,monk,mistweaver,12,3,9
Mîyüki,dalaran,288,monk,mistweaver,12,3,9
Justfistyoux,archimonde,288,monk,mistweaver,12,3,9
Leøni,malfurion,288,monk,mistweaver,12,3,9
Danèè,defias-brotherhood,288,monk,mistweaver,12,3,9
Gaehitmonlee,ravencrest,288,monk,mistweaver,12,3,9
Qúázu,silvermoon,288,monk,mistweaver,12,3,9
Koreanbullet,archimonde,288,monk,mistweaver,12,3,9
Monkenya,kazzak,288,monk,mistweaver,12,3,9
Brewdooms,laughing-skull,288,monk,mistweaver,12,3,9
Olîvê,ravencrest,288,monk,mistweaver,12,3,9
Albertã,doomhammer,288,monk,mistweaver,12,3,9
Irorii,silvermoon,288,monk,mistweaver,12,3,9
Lottelita,tarren-mill,288,monk,mistweaver,12,3,9
Lonechi,sylvanas,288,monk,mistweaver,12,3,9
Phínez,thunderhorn,288,monk,mistweaver,18,3,15
Velita,dun-modr,288,monk,mistweaver,18,3,15
Munkeguden,ravencrest,288,monk,mistweaver,22,3,19
Playboicarti,frostwolf,287,monk,mistweaver,6,3,3
Athëlyn,hyjal,287,monk,mistweaver,6,3,3
Nosrewolwer,burning-legion,287,monk,mistweaver,6,3,3
Bo,malorne,287,monk,mistweaver,6,3,3
Мастерхилфу,ashenvale,287,monk,mistweaver,16,7,9
Edenbllow,twisting-nether,287,monk,mistweaver,12,3,9
Hanumahn,kilrogg,287,monk,mistweaver,12,3,9
Shorebreak,argent-dawn,286,monk,mistweaver,6,3,3
Spinosa,zirkel-des-cenarius,271,monk,mistweaver,12,3,9
Mossadjr,blackmoore,256,monk,mistweaver,4,4,0
Xarii,aegwynn,256,monk,mistweaver,4,4,0
Maharaj,terenas,255,monk,mistweaver,11,3,8
Moonloxe,silvermoon,239,monk,mistweaver,5,3,2
Tidox,burning-legion,239,monk,mistweaver,5,3,2
Nypö,hyjal,234,monk,mistweaver,10,4,6
Mouhous,hellscream,234,monk,mistweaver,13,4,9
Арнольдовна,blackscar,234,monk,mistweaver,17,4,13
Colita,kazzak,233,monk,mistweaver,16,5,11
Mynaira,tarren-mill,208,monk,mistweaver,25,3,22
Злюкшо,howling-fjord,192,monk,mistweaver,10,4,6
Jadefain,argent-dawn,192,monk,mistweaver,6,2,4
Justacomma,outland,192,monk,mistweaver,6,2,4
Jolifine,alleria,192,monk,mistweaver,6,2,4
Âechlz,malfurion,192,monk,mistweaver,6,2,4
Люсилью,howling-fjord,192,monk,mistweaver,6,2,4
Fènja,kult-der-verdammten,192,monk,mistweaver,6,2,4
Kûngfu,tarren-mill,192,monk,mistweaver,6,2,4
Dennismansix,sylvanas,192,monk,mistweaver,6,2,4
Xialongbao,khaz-modan,192,monk,mistweaver,6,2,4
Mutai,tarren-mill,192,monk,mistweaver,6,2,4
Fisterxd,blackrock,192,monk,mistweaver,6,2,4
Wilymonka,dalaran,192,monk,mistweaver,6,2,4
Dazll,twisting-nether,192,monk,mistweaver,6,2,4
Watermelon,laughing-skull,192,monk,mistweaver,6,2,4
Fettucini,anubarak,192,monk,mistweaver,6,2,4
Liluzi,aszune,192,monk,mistweaver,6,2,4
Хере,soulflayer,192,monk,mistweaver,6,2,4
Sînge,archimonde,192,monk,mistweaver,6,2,4
Brewsmaster,archimonde,192,monk,mistweaver,6,2,4
Auaaua,ravencrest,192,monk,mistweaver,6,2,4
Toxicvxpe,archimonde,192,monk,mistweaver,6,2,4
Ahaa,kazzak,192,monk,mistweaver,6,2,4
Laesh,archimonde,192,monk,mistweaver,6,2,4
Trippyv,ragnaros,192,monk,mistweaver,6,2,4
Karatemooves,kazzak,192,monk,mistweaver,6,2,4
Nashli,kazzak,192,monk,mistweaver,6,2,4
Chegweaver,ravencrest,192,monk,mistweaver,6,2,4
Jetsweep,kazzak,192,monk,mistweaver,6,2,4
Altairan,ragnaros,192,monk,mistweaver,6,2,4
Ïnaho,hyjal,192,monk,mistweaver,6,2,4
Shinyin,outland,192,monk,mistweaver,6,2,4
Obeliskbrew,kazzak,192,monk,mistweaver,6,2,4
Шиншири,gordunni,192,monk,mistweaver,6,2,4
Starwalkin,silvermoon,192,monk,mistweaver,6,2,4
Монкпех,gordunni,192,monk,mistweaver,6,2,4
Menazera,antonidas,192,monk,mistweaver,6,2,4
Scorpìon,blackrock,192,monk,mistweaver,6,2,4
Âsmoran,blackmoore,192,monk,mistweaver,6,2,4
Nephi,kirin-tor,192,monk,mistweaver,6,2,4
Леронтас,gordunni,192,monk,mistweaver,6,2,4
Brogenhagen,silvermoon,192,monk,mistweaver,6,2,4
Acbcz,draenor,192,monk,mistweaver,6,2,4
Shanokee,blackrock,192,monk,mistweaver,6,2,4
Xùen,blackrock,192,monk,mistweaver,6,2,4
Зараз,gordunni,192,monk,mistweaver,6,2,4
Shynlee,frostwhisper,192,monk,mistweaver,6,2,4
Bankmw,nordrassil,192,monk,mistweaver,6,2,4
Domingovivas,dun-modr,192,monk,mistweaver,6,2,4
Shaosshoshin,exodar,192,monk,mistweaver,6,2,4
Axan,drekthar,192,monk,mistweaver,6,2,4
Flyingraven,magtheridon,192,monk,mistweaver,6,2,4
Faustíne,blackmoore,192,monk,mistweaver,6,2,4
Mystize,shattered-hand,192,monk,mistweaver,6,2,4
Skâte,dun-modr,192,monk,mistweaver,6,2,4
Merlyñ,blackmoore,192,monk,mistweaver,6,2,4
Dalaipyjama,quelthalas,192,monk,mistweaver,6,2,4
Sashun,blackmoore,192,monk,mistweaver,6,2,4
Shanlle,dun-modr,192,monk,mistweaver,6,2,4
Wifeeagro,doomhammer,192,monk,mistweaver,6,2,4
Izzana,onyxia,192,monk,mistweaver,6,2,4
Loveít,blackrock,192,monk,mistweaver,6,2,4
Espectrå,dun-modr,192,monk,mistweaver,6,2,4
Beriberi,tichondrius,192,monk,mistweaver,7,2,5
Stonkss,ragnaros,192,monk,mistweaver,10,2,8
Clonaz,silvermoon,192,monk,mistweaver,12,2,10
Brixelol,kazzak,192,monk,mistweaver,12,2,10
Anifurry,tarren-mill,192,monk,mistweaver,12,2,10
Ascrem,ragnaros,192,monk,mistweaver,12,2,10
Johnsôn,blackmoore,192,monk,mistweaver,12,2,10
Alexandrovic,hyjal,192,monk,mistweaver,12,2,10
Chîca,ysondre,192,monk,mistweaver,12,2,10
Headakzar,kazzak,192,monk,mistweaver,12,2,10
Kinoshíta,draenor,192,monk,mistweaver,12,2,10
Jacksbäro,zirkel-des-cenarius,192,monk,mistweaver,12,2,10
Sargnorak,dalaran,191,monk,mistweaver,6,2,4
Чвка,booty-bay,191,monk,mistweaver,6,2,4
Hisagi,khaz-modan,191,monk,mistweaver,6,2,4
Gokentu,silvermoon,191,monk,mistweaver,12,2,10
Arukoru,kazzak,191,monk,mistweaver,18,2,16
Andrah,blackmoore,185,monk,mistweaver,14,4,10
Swiftmonky,azuremyst,159,monk,mistweaver,5,2,3
Мирксимонк,soulflayer,144,monk,mistweaver,3,3,0
Зрти,gordunni,138,monk,mistweaver,12,4,8
Ostarikyttä,stormscale,138,monk,mistweaver,10,3,7
Ghettomonk,blackmoore,138,monk,mistweaver,11,3,8
Спартаннка,gordunni,137,monk,mistweaver,8,3,5
Wraq,tarren-mill,128,monk,mistweaver,4,2,2
Monkolben,blackmoore,96,monk,mistweaver,6,1,5
Ytjin,draenor,96,monk,mistweaver,6,1,5
Cbamonk,tarren-mill,96,monk,mistweaver,6,1,5
Toté,kazzak,96,monk,mistweaver,6,1,5
Monkinator,stormreaver,96,monk,mistweaver,6,1,5
Glivilalis,drekthar,96,monk,mistweaver,6,1,5
Mezz,ahnqiraj,96,monk,mistweaver,6,1,5
Jusex,stormreaver,96,monk,mistweaver,6,1,5
Bruslie,cthun,96,monk,mistweaver,6,1,5
Butrinto,hellfire,96,monk,mistweaver,6,1,5
Rostick,drakthul,96,monk,mistweaver,6,1,5
Duvelmonk,dragonblight,96,monk,mistweaver,6,1,5
Missblack,zuljin,96,monk,mistweaver,6,1,5
Mailyne,blackmoore,96,monk,mistweaver,6,1,5
Aequïtas,nemesis,96,monk,mistweaver,6,1,5
Fapmaster,aegwynn,96,monk,mistweaver,6,1,5
Bænkai,naxxramas,96,monk,mistweaver,6,1,5
Brandy,kazzak,96,monk,mistweaver,6,1,5
Nikosonkush,archimonde,96,monk,mistweaver,6,1,5
Itxelita,zuljin,96,monk,mistweaver,6,1,5
Lìlíy,taerar,96,monk,mistweaver,6,1,5
Sooyung,kazzak,96,monk,mistweaver,6,1,5
Jessiemonk,blackhand,96,monk,mistweaver,6,1,5
Àómìñêdâìkí,lightnings-blade,96,monk,mistweaver,6,1,5
Botsmw,kazzak,96,monk,mistweaver,6,1,5
Worldfamous,stormscale,96,monk,mistweaver,6,1,5
Havefunguys,alakir,96,monk,mistweaver,6,1,5
Yeanwoo,burning-legion,96,monk,mistweaver,6,1,5
Shîïna,ysondre,96,monk,mistweaver,6,1,5
Legpunch,the-maelstrom,96,monk,mistweaver,6,1,5
Bumbiere,outland,96,monk,mistweaver,6,1,5
Smlpp,kazzak,96,monk,mistweaver,6,1,5
Mongretod,ravencrest,96,monk,mistweaver,6,1,5
Skadchi,blackhand,96,monk,mistweaver,6,1,5
Moorf,ravencrest,96,monk,mistweaver,6,1,5
Aang,blackrock,96,monk,mistweaver,6,1,5
Brewbunnyqt,thrall,96,monk,mistweaver,6,1,5
Кукуныч,deathguard,96,monk,mistweaver,6,1,5
Cai,blackrock,96,monk,mistweaver,6,1,5
Pream,blackrock,96,monk,mistweaver,6,1,5
Claptone,blackrock,96,monk,mistweaver,6,1,5
Capos,wrathbringer,96,monk,mistweaver,11,1,10
Upbringer,ragnaros,96,monk,mistweaver,12,1,11
Xiâomèi,dun-modr,96,monk,mistweaver,12,1,11
Jayline,kazzak,96,monk,mistweaver,12,1,11
Sigournémist,silvermoon,96,monk,mistweaver,12,1,11
Marrów,chamber-of-aspects,96,monk,mistweaver,14,1,13
Trlmøna,gorgonnash,90,monk,mistweaver,11,4,7
Woguo,drakthul,84,monk,mistweaver,10,4,6
Jackíechen,draenor,84,monk,mistweaver,25,4,21
Sneptichitz,draenor,79,monk,mistweaver,5,1,4
Griffens,argent-dawn,79,monk,mistweaver,5,1,4
Barendhoff,sylvanas,64,monk,mistweaver,4,1,3
Бязь,gordunni,63,monk,mistweaver,2,2,0
Fae,kirin-tor,63,monk,mistweaver,14,2,12
Johnnybgood,tarren-mill,42,monk,mistweaver,10,3,7
Axilane,outland,42,monk,mistweaver,7,2,5
Флокэ,soulflayer,42,monk,mistweaver,9,2,7
Monkeykung,defias-brotherhood,40,monk,mistweaver,16,3,13
Sinpho,ahnqiraj,1190,monk,brewmaster,42,16,26
Winchun,ravencrest,820,monk,brewmaster,32,14,18
Padawang,twisting-nether,767,monk,brewmaster,24,8,16
Комбатпро,borean-tundra,764,monk,brewmaster,70,30,40
Jademyst,outland,671,monk,brewmaster,18,7,11
Shirôhige,zirkel-des-cenarius,288,monk,brewmaster,6,3,3
Tauroné,draenor,288,monk,brewmaster,12,3,9
Zerendir,magtheridon,192,monk,brewmaster,6,2,4
Fullzi,dalaran,192,monk,brewmaster,6,2,4
Tayoo,aegwynn,192,monk,brewmaster,6,2,4
Youkaii,alexstrasza,192,monk,brewmaster,12,2,10
Badcøwboy,archimonde,96,monk,brewmaster,6,1,5
Yeanwoo,burning-legion,96,monk,brewmaster,6,1,5
Mezz,ahnqiraj,96,monk,brewmaster,6,1,5
Lubeï,kirin-tor,96,monk,brewmaster,6,1,5
Tylee,tarren-mill,96,monk,brewmaster,6,1,5
Lòthbar,confrérie-du-thorium,63,monk,brewmaster,2,2,0
Sîxmonths,stormscale,2347,monk,windwalker,90,60,30
Queteapie,stormscale,2337,monk,windwalker,106,63,43
Fistyw,stormscale,2313,monk,windwalker,104,60,44
Ewynamonk,silvermoon,2257,monk,windwalker,126,68,58
Ilovehim,antonidas,2237,monk,windwalker,102,58,44
Unpruneable,stormscale,2216,monk,windwalker,190,98,92
Faxax,draenor,2209,monk,windwalker,132,67,65
Rmtexter,ravencrest,2204,monk,windwalker,137,72,65
Senretsu,shattered-halls,2177,monk,windwalker,102,54,48
Plaww,dalaran,2172,monk,windwalker,120,75,45
Monkmeta,frostwolf,2171,monk,windwalker,114,70,44
Щищ,gordunni,2170,monk,windwalker,198,114,84
Edenmonk,dun-morogh,2152,monk,windwalker,72,42,30
Snusochnocco,the-maelstrom,2145,monk,windwalker,96,49,47
Daosh,nemesis,2137,monk,windwalker,91,48,43
Ladderfiend,stormscale,2128,monk,windwalker,161,80,81
Fistenjoyer,outland,2126,monk,windwalker,149,80,69
Tabetai,tarren-mill,2125,monk,windwalker,90,46,44
Elinalia,burning-legion,2124,monk,windwalker,120,62,58
Keeferslover,dun-morogh,2123,monk,windwalker,60,35,25
Lilcatlife,tyrande,2123,monk,windwalker,66,36,30
Redundänt,kazzak,2122,monk,windwalker,78,43,35
Theoww,dragonblight,2122,monk,windwalker,126,64,62
Brñ,twisting-nether,2121,monk,windwalker,72,39,33
Edenwalker,dun-morogh,2121,monk,windwalker,96,46,50
Váinz,ravencrest,2112,monk,windwalker,78,41,37
Rivaz,archimonde,2110,monk,windwalker,84,45,39
Rivazsunkick,archimonde,2104,monk,windwalker,208,103,105
Leppix,outland,2103,monk,windwalker,66,35,31
Deretrox,twisting-nether,2097,monk,windwalker,101,54,47
Pichouhuahua,elune,2096,monk,windwalker,120,63,57
Hitsuwalker,archimonde,2083,monk,windwalker,210,117,93
Wonkeed,hyjal,2067,monk,windwalker,137,77,60
Fistinguhuhu,outland,2067,monk,windwalker,84,45,39
Troopmonk,ravencrest,2046,monk,windwalker,211,109,102
Fabrina,blackrock,2038,monk,windwalker,96,52,44
Shrimpcawk,alonsus,2033,monk,windwalker,179,103,76
Rismonk,twisting-nether,2033,monk,windwalker,132,70,62
Hefners,grim-batol,2028,monk,windwalker,71,36,35
Sayozz,hyjal,2024,monk,windwalker,215,114,101
Stepsyzz,stormscale,2021,monk,windwalker,137,65,72
Ванфист,gordunni,2009,monk,windwalker,184,108,76
Нелегитимный,howling-fjord,2006,monk,windwalker,379,193,186
Ilovealicia,ragnaros,2005,monk,windwalker,89,47,42
Gyto,archimonde,1998,monk,windwalker,71,39,32
Balia,blackrock,1997,monk,windwalker,78,39,39
Enerchi,ravencrest,1988,monk,windwalker,72,42,30
Минимонахх,blackscar,1985,monk,windwalker,99,46,53
Мистмастер,soulflayer,1984,monk,windwalker,48,30,18
Rismonk,frostmane,1982,monk,windwalker,54,29,25
Niamix,archimonde,1978,monk,windwalker,194,96,98
Orkamonka,burning-legion,1977,monk,windwalker,54,31,23
Erazhen,blackrock,1977,monk,windwalker,60,31,29
Eth,nagrand,1975,monk,windwalker,84,42,42
Venuki,blackrock,1973,monk,windwalker,84,52,32
Санварион,eversong,1971,monk,windwalker,114,60,54
Bulluh,blackmoore,1964,monk,windwalker,59,31,28
Juujika,ravencrest,1961,monk,windwalker,53,31,22
Pandamoniun,aggra-português,1957,monk,windwalker,236,119,117
Vixia,outland,1956,monk,windwalker,35,21,14
Nicesky,ravencrest,1955,monk,windwalker,120,61,59
Stÿvww,archimonde,1951,monk,windwalker,59,34,25
Tianzu,twisting-nether,1944,monk,windwalker,126,63,63
Sørann,drekthar,1943,monk,windwalker,100,55,45
Zukatan,tarren-mill,1940,monk,windwalker,145,74,71
Ztl,twisting-nether,1931,monk,windwalker,185,103,82
Fotmwalker,ragnaros,1931,monk,windwalker,329,169,160
Dänÿww,elune,1926,monk,windwalker,62,32,30
Jájsemshadow,drakthul,1922,monk,windwalker,72,37,35
Ревенджж,howling-fjord,1921,monk,windwalker,58,30,28
Shînøbi,dalaran,1918,monk,windwalker,84,42,42
Имортарион,howling-fjord,1916,monk,windwalker,90,43,47
Melyda,ravencrest,1915,monk,windwalker,180,95,85
Инрэйджинкап,soulflayer,1915,monk,windwalker,192,95,97
Dêsmî,ravencrest,1913,monk,windwalker,34,25,9
Sobadzlolz,alexstrasza,1911,monk,windwalker,184,104,80
Trendyroxy,blackrock,1908,monk,windwalker,103,51,52
Muix,draenor,1906,monk,windwalker,30,20,10
Riskcapcap,dentarg,1905,monk,windwalker,72,37,35
Devilmønk,thrall,1903,monk,windwalker,102,54,48
Pitball,ravencrest,1898,monk,windwalker,72,36,36
Милыйколян,soulflayer,1898,monk,windwalker,66,33,33
Stillwater,thrall,1896,monk,windwalker,196,101,95
Ksâin,ravencrest,1896,monk,windwalker,66,34,32
Ratslayerz,dun-modr,1893,monk,windwalker,66,39,27
Oberháupt,blackrock,1893,monk,windwalker,78,43,35
Копытька,gordunni,1889,monk,windwalker,63,35,28
Муррчалкин,howling-fjord,1880,monk,windwalker,48,28,20
Rorkito,sanguino,1880,monk,windwalker,92,49,43
Ellipirelli,doomhammer,1880,monk,windwalker,70,30,40
Vexíllum,sylvanas,1876,monk,windwalker,96,51,45
Yassøux,archimonde,1876,monk,windwalker,288,145,143
Аррани,thermaplugg,1874,monk,windwalker,58,33,25
Pelou,culte-de-la-rive-noire,1871,monk,windwalker,121,71,50
Shpunk,ravencrest,1870,monk,windwalker,132,64,68
Тихийпук,deathguard,1869,monk,windwalker,176,99,77
Rêshi,draenor,1868,monk,windwalker,108,69,39
Beernie,tarren-mill,1867,monk,windwalker,72,44,28
Këftêmé,kazzak,1866,monk,windwalker,48,33,15
Эльморо,goldrinn,1865,monk,windwalker,54,30,24
Ãmaterasû,kazzak,1864,monk,windwalker,61,30,31
Цеска,howling-fjord,1863,monk,windwalker,60,33,27
Hurricrane,kazzak,1861,monk,windwalker,232,115,117
Ninadobrév,stormscale,1860,monk,windwalker,162,91,71
Эльторо,goldrinn,1860,monk,windwalker,60,29,31
Krothus,tarren-mill,1856,monk,windwalker,72,46,26
Hôllowx,archimonde,1856,monk,windwalker,51,30,21
Hôllowx,throkferoth,1856,monk,windwalker,54,26,28
Маруты,soulflayer,1855,monk,windwalker,88,35,53
Wolmachégodx,archimonde,1854,monk,windwalker,42,25,17
Adrianchase,ravencrest,1854,monk,windwalker,60,35,25
Shaolinthug,stormscale,1854,monk,windwalker,72,32,40
Mosch,blackrock,1853,monk,windwalker,54,33,21
Carbozø,archimonde,1850,monk,windwalker,107,64,43
Kokushibo,cthun,1850,monk,windwalker,54,28,26
Яагрессивный,howling-fjord,1850,monk,windwalker,74,36,38
Doktormonk,blackrock,1846,monk,windwalker,190,107,83
Gararasu,eredar,1846,monk,windwalker,42,22,20
Boostarevine,stormscale,1842,monk,windwalker,59,38,21
Gorguts,stormscale,1842,monk,windwalker,72,39,33
Soulja,bloodfeather,1838,monk,windwalker,356,180,176
Teressah,argent-dawn,1838,monk,windwalker,48,24,24
Brüshïë,kazzak,1837,monk,windwalker,35,20,15
Джэкичача,soulflayer,1837,monk,windwalker,56,29,27
Santanax,ravencrest,1834,monk,windwalker,42,27,15
Zéroneufsix,silvermoon,1834,monk,windwalker,68,31,37
Kungfuhkyou,tarren-mill,1833,monk,windwalker,36,23,13
Kitcheneer,twisting-nether,1832,monk,windwalker,65,37,28
Niyka,silvermoon,1832,monk,windwalker,78,44,34
Linuxx,ravencrest,1832,monk,windwalker,90,45,45
Chucknorrîs,doomhammer,1831,monk,windwalker,79,47,32
Toyless,ravencrest,1831,monk,windwalker,54,27,27
Freehelper,stormscale,1831,monk,windwalker,66,28,38
Iløvealicia,ravencrest,1830,monk,windwalker,58,28,30
Xinxanxonxin,zuljin,1829,monk,windwalker,54,25,29
Диванн,howling-fjord,1827,monk,windwalker,53,27,26
Sàitama,hyjal,1827,monk,windwalker,58,29,29
Jinpachi,ravencrest,1826,monk,windwalker,48,23,25
Reõ,argent-dawn,1825,monk,windwalker,107,64,43
Iceym,stormscale,1825,monk,windwalker,81,41,40
Monkini,kazzak,1823,monk,windwalker,54,27,27
Bwayn,blackhand,1823,monk,windwalker,72,32,40
Venrea,archimonde,1822,monk,windwalker,57,33,24
Sororicide,stormscale,1822,monk,windwalker,161,81,80
Broner,dunemaul,1820,monk,windwalker,46,26,20
Blïss,kazzak,1820,monk,windwalker,84,47,37
Iminzww,ravencrest,1819,monk,windwalker,90,45,45
Denjasftw,culte-de-la-rive-noire,1818,monk,windwalker,42,27,15
Tinjihn,magtheridon,1818,monk,windwalker,110,53,57
Атммо,soulflayer,1817,monk,windwalker,60,32,28
Domww,outland,1816,monk,windwalker,126,66,60
Дезмимонк,ashenvale,1816,monk,windwalker,43,21,22
Monkees,twisting-nether,1815,monk,windwalker,65,33,32
Дуэльныйчел,howling-fjord,1814,monk,windwalker,128,67,61
Калестонз,howling-fjord,1811,monk,windwalker,54,31,23
Lullerull,silvermoon,1810,monk,windwalker,51,31,20
Mónkâs,tarren-mill,1810,monk,windwalker,72,32,40
Рэйвх,howling-fjord,1808,monk,windwalker,36,19,17
Sushiroll,stormrage,1808,monk,windwalker,111,55,56
Эвэйжион,gordunni,1807,monk,windwalker,84,54,30
Baltimore,stormscale,1806,monk,windwalker,36,25,11
Arachmk,drakthul,1806,monk,windwalker,78,36,42
Mynokxu,blackmoore,1805,monk,windwalker,92,54,38
Peaceweaver,ravencrest,1805,monk,windwalker,106,58,48
Mebrin,ragnaros,1805,monk,windwalker,71,37,34
Åbyssgòd,kazzak,1805,monk,windwalker,60,24,36
Möîne,arathi,1804,monk,windwalker,84,44,40
Unangebracht,silvermoon,1803,monk,windwalker,227,121,106
Pandafuki,ravencrest,1803,monk,windwalker,62,33,29
Saltotriks,tarren-mill,1802,monk,windwalker,62,28,34
Notmelo,dun-modr,1801,monk,windwalker,48,25,23
Windwanker,eredar,1800,monk,windwalker,36,22,14
Fln,blackrock,1800,monk,windwalker,58,33,25
Yacum,blackrock,1795,monk,windwalker,71,32,39
Kåýðø,archimonde,1794,monk,windwalker,62,34,28
Twinny,drakthul,1793,monk,windwalker,90,52,38
Akuuji,silvermoon,1793,monk,windwalker,60,32,28
Karmaisabich,ragnaros,1792,monk,windwalker,30,19,11
Yukfou,tarren-mill,1792,monk,windwalker,59,28,31
Kaijam,argent-dawn,1792,monk,windwalker,78,33,45
Healbotzweik,frostwolf,1788,monk,windwalker,60,26,34
Pàrádìsé,ravencrest,1787,monk,windwalker,119,60,59
Projectasura,draenor,1786,monk,windwalker,191,97,94
Madelnheaven,burning-legion,1784,monk,windwalker,59,31,28
Megatazz,hyjal,1783,monk,windwalker,82,47,35
Mionoor,aegwynn,1782,monk,windwalker,261,131,130
Tommypistol,runetotem,1782,monk,windwalker,214,106,108
Форгетх,soulflayer,1780,monk,windwalker,48,26,22
Ampm,ravencrest,1779,monk,windwalker,56,27,29
Skailzkrt,hyjal,1779,monk,windwalker,48,22,26
Sponkas,tarren-mill,1768,monk,windwalker,42,20,22
Klumpenx,draenor,1766,monk,windwalker,86,44,42
Shoura,blackmoore,1766,monk,windwalker,60,29,31
Ароба,blackscar,1766,monk,windwalker,90,42,48
Pwaff,kazzak,1765,monk,windwalker,84,44,40
Mikedcrybaby,tarren-mill,1765,monk,windwalker,149,77,72
Heran,ravencrest,1761,monk,windwalker,111,50,61
Moultsou,hyjal,1758,monk,windwalker,66,33,33
Тэсти,blackscar,1758,monk,windwalker,64,32,32
Flunkefar,defias-brotherhood,1758,monk,windwalker,102,45,57
Zandoy,draenor,1756,monk,windwalker,82,46,36
Mcflaïe,ysondre,1754,monk,windwalker,48,27,21
Ackken,twisting-nether,1748,monk,windwalker,51,26,25
Ellevance,draenor,1747,monk,windwalker,36,19,17
Фодз,soulflayer,1743,monk,windwalker,81,33,48
Кианасоломид,gordunni,1738,monk,windwalker,206,105,101
Dwdw,aerie-peak,1737,monk,windwalker,54,28,26
Lonechi,sylvanas,1733,monk,windwalker,36,21,15
Korié,ravencrest,1732,monk,windwalker,59,32,27
Shoenk,blackhand,1732,monk,windwalker,48,26,22
Лазанья,grom,1731,monk,windwalker,72,33,39
Inkegomonk,draenor,1730,monk,windwalker,78,37,41
Salvaje,stormscale,1727,monk,windwalker,132,75,57
Виндволкерша,gordunni,1725,monk,windwalker,54,31,23
Däemon,twisting-nether,1725,monk,windwalker,45,20,25
Locotommy,blackrock,1721,monk,windwalker,42,21,21
Roidcarry,blackrock,1720,monk,windwalker,83,45,38
Omnibar,kazzak,1719,monk,windwalker,36,21,15
Varis,stormreaver,1718,monk,windwalker,39,19,20
Jiya,blackmoore,1717,monk,windwalker,114,54,60
Трэйци,blackscar,1716,monk,windwalker,39,23,16
Narstie,kazzak,1714,monk,windwalker,71,36,35
Виноипиво,soulflayer,1713,monk,windwalker,60,30,30
Ютуми,soulflayer,1712,monk,windwalker,48,24,24
Димакарма,howling-fjord,1712,monk,windwalker,101,45,56
Béarly,outland,1710,monk,windwalker,36,18,18
Aslêyia,antonidas,1709,monk,windwalker,49,26,23
Dansaam,tarren-mill,1706,monk,windwalker,24,18,6
Cheethfu,ragnaros,1705,monk,windwalker,42,29,13
Yungdrippy,eredar,1705,monk,windwalker,52,26,26
Лагвай,gordunni,1705,monk,windwalker,42,21,21
Moistpocket,stormscale,1705,monk,windwalker,54,22,32
Тхэгык,soulflayer,1704,monk,windwalker,42,18,24
Karateboy,dun-modr,1703,monk,windwalker,42,25,17
Pili,aegwynn,1702,monk,windwalker,42,25,17
Reelaxyyz,outland,1701,monk,windwalker,42,23,19
Hunkfur,ravencrest,1700,monk,windwalker,50,29,21
Bugrika,tarren-mill,1700,monk,windwalker,48,24,24
Saadx,ravencrest,1698,monk,windwalker,49,29,20
Osalot,ravencrest,1698,monk,windwalker,66,33,33
Helloimfrank,tarren-mill,1698,monk,windwalker,36,18,18
Spectré,outland,1697,monk,windwalker,42,23,19
Zéroneufsizz,silvermoon,1697,monk,windwalker,42,21,21
Меняубило,howling-fjord,1696,monk,windwalker,78,37,41
Fistingbull,grim-batol,1695,monk,windwalker,60,33,27
Testmonial,hyjal,1694,monk,windwalker,48,21,27
Catchmee,agamaggan,1693,monk,windwalker,36,21,15
Gresmar,defias-brotherhood,1691,monk,windwalker,41,22,19
Idiot,outland,1691,monk,windwalker,60,31,29
Ashânti,eredar,1691,monk,windwalker,62,30,32
Waaks,archimonde,1690,monk,windwalker,54,32,22
Ugabugash,silvermoon,1689,monk,windwalker,36,25,11
Cranekickbot,ravencrest,1689,monk,windwalker,83,36,47
Шотгар,howling-fjord,1688,monk,windwalker,54,25,29
Bnî,blackmoore,1687,monk,windwalker,75,47,28
Ravelbaby,blackrock,1687,monk,windwalker,51,25,26
Lørðbrøñkø,blackrock,1686,monk,windwalker,102,56,46
Heyami,ravencrest,1686,monk,windwalker,42,21,21
Greenshortea,aegwynn,1684,monk,windwalker,36,18,18
Jjslag,stormscale,1684,monk,windwalker,90,41,49
Jafandmeja,tarren-mill,1683,monk,windwalker,106,65,41
Сугробикк,soulflayer,1683,monk,windwalker,66,24,42
Sesi,drakthul,1682,monk,windwalker,66,28,38
Khrylx,twisting-nether,1681,monk,windwalker,40,25,15
Tenshinhann,outland,1681,monk,windwalker,78,37,41
Tisaki,blackhand,1680,monk,windwalker,41,25,16
Hilzaxsub,archimonde,1679,monk,windwalker,47,29,18
Pazü,ysondre,1679,monk,windwalker,119,57,62
Senguro,frostwolf,1677,monk,windwalker,30,18,12
Шейдла,soulflayer,1677,monk,windwalker,69,37,32
Holmwalker,twisting-nether,1677,monk,windwalker,70,31,39
Donvishas,aegwynn,1676,monk,windwalker,71,36,35
Fistofrage,ravencrest,1675,monk,windwalker,54,31,23
Rerowine,magtheridon,1675,monk,windwalker,65,27,38
Charlett,the-venture-co,1673,monk,windwalker,51,33,18
Mikz,ravencrest,1673,monk,windwalker,66,41,25
Mädic,outland,1673,monk,windwalker,42,22,20
Tubørg,ravencrest,1669,monk,windwalker,48,23,25
Такюн,howling-fjord,1665,monk,windwalker,329,164,165
Morslee,burning-legion,1664,monk,windwalker,127,61,66
Vtx,blackrock,1662,monk,windwalker,30,18,12
Янакаблуках,howling-fjord,1662,monk,windwalker,293,160,133
Chaospilot,sylvanas,1662,monk,windwalker,164,77,87
Shagzy,ravencrest,1660,monk,windwalker,35,22,13
Драконзмей,soulflayer,1660,monk,windwalker,55,23,32
Ijji,argent-dawn,1660,monk,windwalker,54,21,33
Hazzat,nordrassil,1659,monk,windwalker,60,35,25
Mollytov,tarren-mill,1659,monk,windwalker,53,22,31
Geeér,outland,1658,monk,windwalker,42,24,18
Gonkun,outland,1658,monk,windwalker,91,46,45
Nightingalê,silvermoon,1656,monk,windwalker,48,23,25
Базилмнк,howling-fjord,1655,monk,windwalker,35,22,13
Shardonay,ravencrest,1655,monk,windwalker,42,26,16
Wuux,tarren-mill,1655,monk,windwalker,66,37,29
Saduh,thrall,1653,monk,windwalker,44,20,24
Минагороси,galakrond,1652,monk,windwalker,54,31,23
Mîsts,aszune,1650,monk,windwalker,45,23,22
Shirkán,ragnaros,1649,monk,windwalker,36,21,15
Thérez,les-sentinelles,1648,monk,windwalker,42,22,20
Yiannischan,draenor,1647,monk,windwalker,110,56,54
Бадхидхаарма,booty-bay,1647,monk,windwalker,78,32,46
Bonepalm,kazzak,1646,monk,windwalker,23,18,5
Кишмякмонк,howling-fjord,1646,monk,windwalker,60,31,29
Xiâomèi,dun-modr,1646,monk,windwalker,108,48,60
Гуппер,howling-fjord,1646,monk,windwalker,54,23,31
Capedbaldy,blackhand,1645,monk,windwalker,29,18,11
Sweeneyboo,outland,1645,monk,windwalker,54,29,25
Meineaugen,blackhand,1644,monk,windwalker,29,19,10
Leadgen,tarren-mill,1644,monk,windwalker,60,31,29
Faustux,blackmoore,1644,monk,windwalker,60,28,32
Fapmaster,aegwynn,1643,monk,windwalker,42,18,24
Gaehitmonlee,ravencrest,1642,monk,windwalker,247,133,114
Alkanphel,kazzak,1641,monk,windwalker,30,20,10
Miløøx,silvermoon,1641,monk,windwalker,76,40,36
Tea,arathor,1640,monk,windwalker,116,62,54
Жъёь,howling-fjord,1639,monk,windwalker,41,22,19
Циорех,gordunni,1638,monk,windwalker,51,30,21
Kármo,thrall,1638,monk,windwalker,41,20,21
Мионелолл,goldrinn,1637,monk,windwalker,48,28,20
Schøcker,blackmoore,1637,monk,windwalker,72,33,39
Zenothar,ravencrest,1635,monk,windwalker,36,24,12
Mefîsto,blackrock,1634,monk,windwalker,69,38,31
Zenified,ragnaros,1633,monk,windwalker,48,24,24
Yeratel,argent-dawn,1633,monk,windwalker,90,39,51
Атакцуки,gordunni,1630,monk,windwalker,42,25,17
Anhox,ragnaros,1629,monk,windwalker,54,27,27
Shypanda,thrall,1628,monk,windwalker,96,59,37
Sylicia,alleria,1628,monk,windwalker,108,52,56
Bloodfist,zuljin,1627,monk,windwalker,40,24,16
Пекинес,gordunni,1626,monk,windwalker,42,22,20
Løllapalooza,ragnaros,1626,monk,windwalker,57,29,28
Yobo,archimonde,1626,monk,windwalker,47,23,24
Akhlÿs,ysondre,1624,monk,windwalker,30,17,13
Thyf,drakthul,1624,monk,windwalker,54,22,32
Anteric,sylvanas,1623,monk,windwalker,30,20,10
Bossdog,mugthol,1623,monk,windwalker,33,21,12
Дыня,gordunni,1621,monk,windwalker,24,18,6
Монкигодхх,howling-fjord,1621,monk,windwalker,31,21,10
Uwuhehe,ravencrest,1621,monk,windwalker,36,21,15
Wwisalright,burning-legion,1621,monk,windwalker,50,28,22
Hybridtheory,doomhammer,1620,monk,windwalker,159,81,78
Iastyn,kazzak,1620,monk,windwalker,99,50,49
Sérrè,tarren-mill,1618,monk,windwalker,48,25,23
Qwizqwak,twisting-nether,1618,monk,windwalker,48,22,26
Монголгодх,howling-fjord,1617,monk,windwalker,192,110,82
Erenaar,nemesis,1614,monk,windwalker,60,43,17
Fijiwater,draenor,1613,monk,windwalker,24,17,7
Тринх,ashenvale,1613,monk,windwalker,54,31,23
Saisha,defias-brotherhood,1613,monk,windwalker,36,20,16
Notsmol,quelthalas,1613,monk,windwalker,54,26,28
Owalker,ravencrest,1611,monk,windwalker,24,17,7
Tauti,dun-morogh,1610,monk,windwalker,36,21,15
Гладастар,soulflayer,1610,monk,windwalker,120,59,61
Гкдшка,blackscar,1609,monk,windwalker,45,20,25
Karmachi,ravencrest,1609,monk,windwalker,71,30,41
Steros,die-aldor,1608,monk,windwalker,42,21,21
Nigu,dun-modr,1606,monk,windwalker,67,38,29
Тайммуайтай,howling-fjord,1606,monk,windwalker,90,50,40
Chigre,hyjal,1606,monk,windwalker,60,30,30
Vayarah,antonidas,1605,monk,windwalker,54,28,26
Акумах,blackscar,1605,monk,windwalker,99,48,51
Antomamonk,ravencrest,1605,monk,windwalker,63,29,34
Thungara,emerald-dream,1604,monk,windwalker,42,22,20
Valduri,stormscale,1604,monk,windwalker,60,27,33
Fistu,silvermoon,1602,monk,windwalker,31,18,13
Мандаирины,gordunni,1602,monk,windwalker,30,17,13
Faustix,blackmoore,1602,monk,windwalker,78,42,36
Blizò,tarren-mill,1601,monk,windwalker,36,19,17
Lycké,silvermoon,1599,monk,windwalker,72,43,29
Lemmeportbk,ravencrest,1599,monk,windwalker,56,24,32
Stormymonk,blackrock,1599,monk,windwalker,53,21,32
Jeppehmonk,stormscale,1596,monk,windwalker,36,19,17
Ktrina,ravencrest,1594,monk,windwalker,39,22,17
Sugura,dethecus,1594,monk,windwalker,36,19,17
Naschitüte,blackrock,1594,monk,windwalker,387,195,192
Ròux,blackmoore,1589,monk,windwalker,53,27,26
Pêterpump,blackrock,1589,monk,windwalker,54,24,30
Bluumorc,ravencrest,1580,monk,windwalker,30,20,10
Skiplegsweeb,stormscale,1579,monk,windwalker,30,21,9
Jeydi,ravencrest,1579,monk,windwalker,90,55,35
Soxx,arthas,1579,monk,windwalker,91,50,41
Bastos,blackrock,1579,monk,windwalker,328,168,160
Pawsgodx,ragnaros,1577,monk,windwalker,34,18,16
Belobe,stormscale,1577,monk,windwalker,42,22,20
Samantonah,nemesis,1572,monk,windwalker,51,32,19
Vandamme,archimonde,1570,monk,windwalker,38,18,20
Сандерстрайк,howling-fjord,1567,monk,windwalker,51,28,23
Fablemayfly,tarren-mill,1566,monk,windwalker,83,42,41
Djshady,sylvanas,1566,monk,windwalker,60,30,30
Монашкасюэ,howling-fjord,1564,monk,windwalker,30,21,9
Vuzashiji,argent-dawn,1562,monk,windwalker,54,29,25
Chulli,stormscale,1558,monk,windwalker,39,21,18
Трайтубайтми,gordunni,1556,monk,windwalker,39,18,21
Permagone,argent-dawn,1555,monk,windwalker,54,30,24
Ocëane,sanguino,1554,monk,windwalker,124,59,65
Gdkz,tarren-mill,1552,monk,windwalker,54,21,33
Bubjuu,ravencrest,1551,monk,windwalker,36,17,19
Sòftx,stormscale,1549,monk,windwalker,34,22,12
Shaokïng,exodar,1547,monk,windwalker,42,19,23
Rayokhen,kazzak,1546,monk,windwalker,30,17,13
Kirkeý,ravencrest,1546,monk,windwalker,85,42,43
Xullon,dragonblight,1542,monk,windwalker,60,27,33
Urgoll,silvermoon,1538,monk,windwalker,54,28,26
Dankiron,darksorrow,1537,monk,windwalker,38,17,21
Fistedx,twisting-nether,1537,monk,windwalker,87,36,51
Анпапаяя,galakrond,1535,monk,windwalker,53,30,23
Хекмуги,borean-tundra,1535,monk,windwalker,91,44,47
Ryle,forscherliga,1534,monk,windwalker,42,21,21
Thighdiver,emeriss,1532,monk,windwalker,60,40,20
Miyagisensei,ravencrest,1532,monk,windwalker,36,19,17
Chireapz,blackrock,1532,monk,windwalker,48,25,23
Луэнн,gordunni,1531,monk,windwalker,144,75,69
Хзт,howling-fjord,1531,monk,windwalker,75,31,44
Тшейши,howling-fjord,1526,monk,windwalker,54,28,26
Scribzw,twisting-nether,1524,monk,windwalker,24,16,8
Ролитта,gordunni,1523,monk,windwalker,48,30,18
Такиера,gordunni,1523,monk,windwalker,30,16,14
Saodiseng,outland,1522,monk,windwalker,78,37,41
Mezz,ahnqiraj,1522,monk,windwalker,36,16,20
Eonyzi,kazzak,1521,monk,windwalker,48,24,24
Рокебайбейби,howling-fjord,1521,monk,windwalker,161,79,82
Jogiemonk,ravencrest,1520,monk,windwalker,24,16,8
Байтли,gordunni,1520,monk,windwalker,54,28,26
Nhola,sanguino,1519,monk,windwalker,48,28,20
Elpuncho,dentarg,1517,monk,windwalker,78,42,36
Jolbucheron,hyjal,1517,monk,windwalker,99,52,47
Litenværen,tarren-mill,1515,monk,windwalker,24,16,8
Feyzmonk,ysondre,1513,monk,windwalker,30,16,14
Doobly,kazzak,1512,monk,windwalker,173,91,82
Kaztruman,draenor,1510,monk,windwalker,33,18,15
Траблы,howling-fjord,1507,monk,windwalker,30,16,14
Дивипи,blackscar,1506,monk,windwalker,54,24,30
Ànklar,blackrock,1504,monk,windwalker,57,26,31
Bîmbâmboom,blackmoore,1504,monk,windwalker,60,25,35
Artharox,anachronos,1501,monk,windwalker,36,22,14
Wakmo,bladefist,1501,monk,windwalker,85,47,38
Ñinjakick,outland,1501,monk,windwalker,48,18,30
Yipmaan,kazzak,1498,monk,windwalker,30,16,14
Nggz,archimonde,1495,monk,windwalker,121,73,48
Kukazamura,silvermoon,1495,monk,windwalker,83,41,42
Муайтайец,howling-fjord,1495,monk,windwalker,59,25,34
Реброперо,gordunni,1494,monk,windwalker,63,27,36
Zahj,ysondre,1493,monk,windwalker,25,16,9
Embodimonk,twisting-nether,1493,monk,windwalker,138,70,68
Gotmonkon,tarren-mill,1490,monk,windwalker,36,18,18
Annamonk,tarren-mill,1489,monk,windwalker,48,16,32
Дайкиаомине,gordunni,1482,monk,windwalker,35,18,17
Plsnerfmemor,hyjal,1480,monk,windwalker,64,32,32
Toúch,blackmoore,1479,monk,windwalker,60,23,37
Awesomebrah,the-maelstrom,1478,monk,windwalker,36,19,17
ßibip,hyjal,1475,monk,windwalker,38,25,13
Bèrïth,kazzak,1475,monk,windwalker,102,48,54
Bakash,ysondre,1473,monk,windwalker,325,160,165
Xuuan,argent-dawn,1472,monk,windwalker,107,60,47
Mynaira,tarren-mill,1471,monk,windwalker,43,18,25
Senshí,stormscale,1468,monk,windwalker,42,20,22
Galaxyfists,blackhand,1467,monk,windwalker,132,68,64
Ìnconnu,dalaran,1466,monk,windwalker,124,63,61
Agitoyamissj,burning-legion,1466,monk,windwalker,139,66,73
Goldenww,sanguino,1463,monk,windwalker,36,23,13
Крутотимс,howling-fjord,1463,monk,windwalker,47,18,29
Hosh,ysondre,1461,monk,windwalker,69,33,36
Fungamelol,blackhand,1459,monk,windwalker,30,19,11
Fantazero,burning-legion,1459,monk,windwalker,35,16,19
Dòrâ,archimonde,1459,monk,windwalker,51,22,29
Sagewhisper,ravencrest,1458,monk,windwalker,57,27,30
Prototypx,blackmoore,1457,monk,windwalker,24,17,7
Jackywayne,blackmoore,1457,monk,windwalker,65,33,32
Enjàz,sylvanas,1456,monk,windwalker,47,26,21
Gorskie,silvermoon,1454,monk,windwalker,33,17,16
Räudiger,nazjatar,1454,monk,windwalker,203,103,100
Andyww,doomhammer,1454,monk,windwalker,54,17,37
Monzziess,draenor,1453,monk,windwalker,36,17,19
Boxpunchkick,kazzak,1452,monk,windwalker,62,30,32
Gatyz,archimonde,1450,monk,windwalker,69,31,38
Keberathom,stormscale,1445,monk,windwalker,59,26,33
Mcsmack,argent-dawn,1444,monk,windwalker,54,33,21
Nikchi,destromath,1444,monk,windwalker,66,30,36
Spinntowin,blackmoore,1442,monk,windwalker,114,57,57
Häshbulla,ragnaros,1439,monk,windwalker,24,15,9
Зестус,galakrond,1438,monk,windwalker,30,15,15
Пампич,borean-tundra,1438,monk,windwalker,36,17,19
Брэгандерт,gordunni,1438,monk,windwalker,52,24,28
Артемиоксх,blackscar,1437,monk,windwalker,37,15,22
Ðâvàizskÿ,ysondre,1436,monk,windwalker,30,15,15
Såliten,tarren-mill,1435,monk,windwalker,30,15,15
Dévíllíá,ragnaros,1435,monk,windwalker,36,15,21
Флурсон,gordunni,1434,monk,windwalker,24,15,9
Rãkan,kazzak,1433,monk,windwalker,66,37,29
Cander,stormscale,1433,monk,windwalker,30,15,15
Niyatî,draenor,1433,monk,windwalker,34,16,18
Flowér,auchindoun,1433,monk,windwalker,36,15,21
Denji,kargath,1432,monk,windwalker,24,15,9
Домудароги,gordunni,1431,monk,windwalker,60,29,31
Vivvy,argent-dawn,1427,monk,windwalker,41,22,19
Blwh,stormscale,1427,monk,windwalker,30,15,15
Jukei,blackmoore,1425,monk,windwalker,30,15,15
Hymek,defias-brotherhood,1424,monk,windwalker,24,15,9
Azato,hyjal,1423,monk,windwalker,54,27,27
Pandarok,argent-dawn,1423,monk,windwalker,54,24,30
Greytail,argent-dawn,1422,monk,windwalker,48,22,26
Fratznkicker,blackhand,1421,monk,windwalker,119,63,56
Chígoku,grim-batol,1421,monk,windwalker,140,68,72
Løwping,blackmoore,1421,monk,windwalker,95,41,54
Misutò,tarren-mill,1414,monk,windwalker,48,28,20
Анике,howling-fjord,1413,monk,windwalker,33,16,17
Mirôku,onyxia,1412,monk,windwalker,48,27,21
Mink,uldum,1412,monk,windwalker,30,15,15
Votbo,kazzak,1412,monk,windwalker,60,25,35
Dræk,twisting-nether,1410,monk,windwalker,116,60,56
Гномкия,gordunni,1408,monk,windwalker,30,15,15
Ноупэйн,soulflayer,1408,monk,windwalker,36,15,21
Vibé,blackmoore,1407,monk,windwalker,30,17,13
Euronymesis,silvermoon,1403,monk,windwalker,55,27,28
Белено,deathguard,1402,monk,windwalker,30,15,15
Добраядушка,gordunni,1400,monk,windwalker,36,19,17
Fymvy,ravencrest,1400,monk,windwalker,30,15,15
Ívó,ragnaros,1400,monk,windwalker,48,20,28
Akÿo,archimonde,1399,monk,windwalker,35,15,20
Pipatvs,drakthul,1398,monk,windwalker,31,21,10
Nodzomi,shadowsong,1397,monk,windwalker,76,41,35
Cac,argent-dawn,1396,monk,windwalker,123,55,68
Бладмонки,soulflayer,1395,monk,windwalker,42,18,24
Fífrelin,archimonde,1394,monk,windwalker,54,27,27
Orkuuddiu,pozzo-delleternità,1394,monk,windwalker,90,41,49
Kyraxs,silvermoon,1392,monk,windwalker,53,26,27
Tempestu,twisting-nether,1390,monk,windwalker,48,21,27
Wazari,nemesis,1389,monk,windwalker,79,39,40
Монахнехилит,howling-fjord,1389,monk,windwalker,66,27,39
Exikûsh,frostwolf,1386,monk,windwalker,51,27,24
Kîngjungeîle,dalaran,1384,monk,windwalker,30,17,13
Thekaj,kazzak,1381,monk,windwalker,36,23,13
Кюзичка,gordunni,1379,monk,windwalker,83,38,45
Nolo,outland,1379,monk,windwalker,99,43,56
Swiftmonky,azuremyst,1376,monk,windwalker,48,27,21
Kyujushigu,silvermoon,1375,monk,windwalker,72,39,33
Чвка,booty-bay,1375,monk,windwalker,108,58,50
Recklusa,stormscale,1374,monk,windwalker,69,39,30
Darré,sylvanas,1373,monk,windwalker,199,93,106
Kneecapper,ravencrest,1372,monk,windwalker,86,41,45
Odelagga,draenor,1371,monk,windwalker,36,19,17
Простогаля,howling-fjord,1370,monk,windwalker,78,41,37
Lucaspires,sylvanas,1370,monk,windwalker,72,25,47
Îrønfist,blackmoore,1368,monk,windwalker,41,23,18
Bænkai,naxxramas,1368,monk,windwalker,47,24,23
Mycki,dalaran,1364,monk,windwalker,65,32,33
Blutáar,khazgoroth,1363,monk,windwalker,48,19,29
Йетисан,gordunni,1359,monk,windwalker,137,63,74
Bandiya,archimonde,1358,monk,windwalker,61,28,33
Fantasiløs,twisting-nether,1349,monk,windwalker,30,16,14
Boutarzi,hyjal,1347,monk,windwalker,54,25,29
Risomonk,blackrock,1346,monk,windwalker,33,16,17
Intensivee,silvermoon,1345,monk,windwalker,77,36,41
Icecoldish,tarren-mill,1344,monk,windwalker,78,41,37
Traxxus,sanguino,1344,monk,windwalker,42,20,22
Astriz,outland,1343,monk,windwalker,24,14,10
Monkgol,stormscale,1341,monk,windwalker,36,19,17
Schmidti,kazzak,1340,monk,windwalker,30,14,16
Arsonists,argent-dawn,1339,monk,windwalker,24,14,10
Domiqx,blackhand,1339,monk,windwalker,30,14,16
Томтью,gordunni,1338,monk,windwalker,119,57,62
Soleriasbrew,blackhand,1338,monk,windwalker,78,34,44
Bobbyknuckls,ravencrest,1336,monk,windwalker,185,87,98
Piedliés,ravencrest,1336,monk,windwalker,30,14,16
Undefinedid,ravencrest,1335,monk,windwalker,110,57,53
Matlahon,kazzak,1333,monk,windwalker,113,54,59
Lesauceboss,kazzak,1332,monk,windwalker,30,14,16
Кримсон,blackscar,1323,monk,windwalker,30,20,10
Âdonis,twisting-nether,1323,monk,windwalker,24,14,10
Øbamakush,archimonde,1323,monk,windwalker,36,17,19
Монкфейс,howling-fjord,1323,monk,windwalker,42,16,26
Nèlvár,blackhand,1322,monk,windwalker,24,14,10
Коркирас,howling-fjord,1322,monk,windwalker,90,50,40
Fûràxx,hyjal,1314,monk,windwalker,60,31,29
Czvibuh,drakthul,1309,monk,windwalker,66,32,34
Yuffîe,sanguino,1306,monk,windwalker,37,16,21
Sarmal,nemesis,1305,monk,windwalker,62,29,33
Брысьли,howling-fjord,1300,monk,windwalker,50,23,27
Огненныйкит,blackscar,1299,monk,windwalker,45,23,22
Kungfumite,twisting-nether,1296,monk,windwalker,95,49,46
Miyaghï,dun-modr,1296,monk,windwalker,91,46,45
Djînns,blackmoore,1296,monk,windwalker,30,15,15
Vulvie,ysondre,1292,monk,windwalker,50,26,24
Xialongbao,khaz-modan,1291,monk,windwalker,47,19,28
Hampocket,ravencrest,1290,monk,windwalker,38,15,23
Cptfist,argent-dawn,1289,monk,windwalker,29,14,15
Phyllochinon,blackrock,1288,monk,windwalker,52,32,20
Óó,los-errantes,1287,monk,windwalker,57,28,29
Roptoglad,hyjal,1283,monk,windwalker,35,14,21
Sajin,la-croisade-écarlate,1279,monk,windwalker,29,14,15
Ketrie,argent-dawn,1279,monk,windwalker,60,26,34
Scedadle,outland,1277,monk,windwalker,27,14,13
Fatlazypanda,argent-dawn,1273,monk,windwalker,56,33,23
Пивондэполо,gordunni,1271,monk,windwalker,46,22,24
Mønkeydluffy,blackmoore,1269,monk,windwalker,66,33,33
Des,bronzebeard,1265,monk,windwalker,20,14,6
Maino,dalaran,1262,monk,windwalker,30,19,11
Вагонюлеера,howling-fjord,1260,monk,windwalker,28,14,14
Яшкациган,howling-fjord,1260,monk,windwalker,82,36,46
Kylerøne,hyjal,1253,monk,windwalker,47,22,25
Malutkie,defias-brotherhood,1252,monk,windwalker,144,68,76
Klapptoast,blackmoore,1251,monk,windwalker,30,15,15
Thänkky,kazzak,1247,monk,windwalker,18,13,5
Vajawalkerx,twisting-nether,1247,monk,windwalker,18,13,5
Fistyfast,hyjal,1247,monk,windwalker,24,13,11
Djpunchable,blackrock,1247,monk,windwalker,24,13,11
Monk,shattered-hand,1247,monk,windwalker,36,13,23
Moonkeeye,stormscale,1246,monk,windwalker,114,59,55
Фортрен,deepholm,1244,monk,windwalker,30,13,17
Blyatfist,draenor,1243,monk,windwalker,24,13,11
Brandy,kazzak,1242,monk,windwalker,30,13,17
Pacimaru,silvermoon,1242,monk,windwalker,30,13,17
Fullzi,dalaran,1241,monk,windwalker,24,13,11
Monkeystar,archimonde,1240,monk,windwalker,18,13,5
Shapzxd,archimonde,1240,monk,windwalker,24,13,11
Yesman,quelthalas,1240,monk,windwalker,169,88,81
Нэдэлин,greymane,1238,monk,windwalker,18,13,5
Pandermann,antonidas,1238,monk,windwalker,30,16,14
Fisty,lightbringer,1238,monk,windwalker,30,13,17
Defrinol,grim-batol,1237,monk,windwalker,24,13,11
Ketakarlsson,tarren-mill,1237,monk,windwalker,220,113,107
Кирокко,gordunni,1235,monk,windwalker,30,20,10
Kouradoskylo,twisting-nether,1234,monk,windwalker,29,16,13
Panzeerotto,nemesis,1234,monk,windwalker,60,26,34
Meltfistqt,ravencrest,1234,monk,windwalker,30,13,17
Gúerrilla,tarren-mill,1233,monk,windwalker,105,58,47
Blyatfast,draenor,1233,monk,windwalker,24,13,11
Lumpero,stormreaver,1232,monk,windwalker,24,16,8
Bal,tyrande,1232,monk,windwalker,33,20,13
Янасру,gordunni,1232,monk,windwalker,273,136,137
Kegrøll,doomhammer,1231,monk,windwalker,42,21,21
Merilwyn,argent-dawn,1229,monk,windwalker,22,14,8
Phesxm,sylvanas,1229,monk,windwalker,23,13,10
Hazmad,archimonde,1229,monk,windwalker,60,28,32
Jesmander,kazzak,1224,monk,windwalker,30,16,14
Лаодзы,deathguard,1220,monk,windwalker,36,13,23
Ayyee,blackmoore,1216,monk,windwalker,36,13,23
Bruzuh,outland,1215,monk,windwalker,31,15,16
Vushao,blackmoore,1215,monk,windwalker,174,81,93
Néroburnsred,eredar,1215,monk,windwalker,39,16,23
Клепер,soulflayer,1213,monk,windwalker,24,14,10
Joshxao,blackmoore,1211,monk,windwalker,36,13,23
Kanõ,outland,1210,monk,windwalker,81,40,41
Likethat,hyjal,1210,monk,windwalker,77,34,43
Keskonriz,ysondre,1209,monk,windwalker,108,46,62
Kaipo,ragnaros,1206,monk,windwalker,34,14,20
Imvengeance,stormscale,1205,monk,windwalker,46,22,24
Joaquuin,sylvanas,1204,monk,windwalker,54,27,27
Билльбо,fordragon,1203,monk,windwalker,132,65,67
Blumonk,argent-dawn,1203,monk,windwalker,164,80,84
Lòthbar,confrérie-du-thorium,1201,monk,windwalker,59,31,28
Yøøps,dalaran,1191,monk,windwalker,71,33,38
Bâmbêlvî,tyrande,1186,monk,windwalker,27,15,12
Smørc,the-maelstrom,1186,monk,windwalker,32,14,18
Bogey,ragnaros,1182,monk,windwalker,26,13,13
Omoi,twisting-nether,1180,monk,windwalker,54,18,36
Malarie,magtheridon,1178,monk,windwalker,152,82,70
Vercya,dun-morogh,1173,monk,windwalker,43,22,21
Trunks,turalyon,1164,monk,windwalker,42,20,22
Djstepmom,ravencrest,1152,monk,windwalker,12,12,0
Bellarika,nemesis,1152,monk,windwalker,12,12,0
Wajoba,blackhand,1152,monk,windwalker,18,12,6
Stronkman,frostwhisper,1151,monk,windwalker,30,20,10
Tðptier,drakthul,1151,monk,windwalker,18,12,6
Çhina,twisting-nether,1151,monk,windwalker,24,12,12
Enju,tarren-mill,1150,monk,windwalker,18,12,6
Bigfistah,tarren-mill,1150,monk,windwalker,24,12,12
Coollann,drakthul,1150,monk,windwalker,30,12,18
Elfisto,baelgun,1149,monk,windwalker,26,13,13
Monk,dun-modr,1148,monk,windwalker,24,12,12
Brorsantuck,frostmane,1147,monk,windwalker,18,12,6
Goldengem,silvermoon,1146,monk,windwalker,30,12,18
Silvrt,tarren-mill,1145,monk,windwalker,24,12,12
Kagëra,ysondre,1145,monk,windwalker,24,12,12
Купейчик,gordunni,1144,monk,windwalker,30,12,18
Lottelita,tarren-mill,1143,monk,windwalker,26,12,14
Blickx,draenor,1141,monk,windwalker,28,13,15
Mistbeever,ragnaros,1136,monk,windwalker,24,12,12
Thichquang,sylvanas,1134,monk,windwalker,18,12,6
Халиосфа,gordunni,1129,monk,windwalker,30,12,18
Емопацан,gordunni,1126,monk,windwalker,24,13,11
Gorfax,sanguino,1125,monk,windwalker,24,12,12
Monktoon,doomhammer,1124,monk,windwalker,24,12,12
Azangar,kazzak,1114,monk,windwalker,22,12,10
Djbuttholex,tarren-mill,1114,monk,windwalker,23,12,11
Wodniuch,defias-brotherhood,1114,monk,windwalker,23,12,11
Noodlesauce,silvermoon,1100,monk,windwalker,15,12,3
Chæli,tarren-mill,1094,monk,windwalker,23,12,11
Непорядочная,gordunni,1094,monk,windwalker,42,17,25
Ехерех,blackscar,1084,monk,windwalker,36,21,15
Martial,arthas,1081,monk,windwalker,59,26,33
Dionee,twisting-nether,1076,monk,windwalker,39,20,19
Jayline,kazzak,1069,monk,windwalker,54,21,33
Kusid,ragnaros,1066,monk,windwalker,21,12,9
Daybaobao,the-maelstrom,1062,monk,windwalker,22,12,10
Одиниз,gordunni,1059,monk,windwalker,54,34,20
Monkiatsu,turalyon,1059,monk,windwalker,38,22,16
Ørlandéa,archimonde,1057,monk,windwalker,35,20,15
Hàtéppl,ravencrest,1056,monk,windwalker,18,11,7
Wrizz,area-52,1056,monk,windwalker,18,11,7
Monksea,ravencrest,1056,monk,windwalker,24,11,13
Padawang,twisting-nether,1056,monk,windwalker,24,11,13
Tecisharmony,ravencrest,1055,monk,windwalker,18,11,7
Mabkww,ravencrest,1055,monk,windwalker,18,11,7
Runefists,twisting-nether,1055,monk,windwalker,18,11,7
Cirixx,outland,1055,monk,windwalker,18,11,7
Weezé,outland,1055,monk,windwalker,18,11,7
Melaz,ravencrest,1054,monk,windwalker,18,11,7
Leolilu,ravencrest,1054,monk,windwalker,18,11,7
Garlä,archimonde,1054,monk,windwalker,18,11,7
Turbofistsqt,kazzak,1054,monk,windwalker,18,11,7
Вэилэй,gordunni,1054,monk,windwalker,24,11,13
Futtefut,ravencrest,1054,monk,windwalker,30,11,19
Tiaqa,aegwynn,1053,monk,windwalker,12,11,1
Cleør,blackmoore,1052,monk,windwalker,18,11,7
Degentz,alakir,1051,monk,windwalker,21,12,9
Kryzu,ragnaros,1051,monk,windwalker,24,11,13
Realiaze,tichondrius,1051,monk,windwalker,30,11,19
Cowboy,veknilash,1050,monk,windwalker,24,11,13
Вамптолкер,howling-fjord,1049,monk,windwalker,18,11,7
Sêssai,outland,1049,monk,windwalker,18,11,7
Dokuziq,twisting-nether,1046,monk,windwalker,28,12,16
Нежненький,gordunni,1045,monk,windwalker,24,11,13
Jgma,auchindoun,1039,monk,windwalker,79,30,49
Ekincheng,twisting-nether,1024,monk,windwalker,36,20,16
Napqi,malganis,1023,monk,windwalker,17,11,6
Шоты,soulflayer,1019,monk,windwalker,18,11,7
Diefist,ravencrest,1007,monk,windwalker,17,11,6
Secretmonk,ravencrest,1007,monk,windwalker,23,11,12
Laggedfist,kazzak,1007,monk,windwalker,27,11,16
Kebabvevaren,twisting-nether,1005,monk,windwalker,21,12,9
Buggaa,dalaran,996,monk,windwalker,23,11,12
Marcianorock,archimonde,987,monk,windwalker,30,13,17
Myiio,khaz-modan,987,monk,windwalker,42,12,30
Agress,sanguino,984,monk,windwalker,72,33,39
Pïpöu,archimonde,960,monk,windwalker,12,10,2
Votix,tarren-mill,960,monk,windwalker,12,10,2
Elfisto,eredar,960,monk,windwalker,12,10,2
Senniñ,ravencrest,960,monk,windwalker,18,10,8
Sqoobie,tarren-mill,960,monk,windwalker,18,10,8
Ilovefreddy,stormscale,960,monk,windwalker,18,10,8
Mcscrub,ragnaros,960,monk,windwalker,18,10,8
Martur,bronzebeard,960,monk,windwalker,18,10,8
Drýton,blackrock,960,monk,windwalker,18,10,8
Rìnox,blackmoore,960,monk,windwalker,18,10,8
Plånck,archimonde,960,monk,windwalker,18,10,8
Ðävàizskó,ysondre,960,monk,windwalker,18,10,8
Wreckpuss,tarren-mill,960,monk,windwalker,18,10,8
Tuulijäbä,stormreaver,960,monk,windwalker,18,10,8
Волкейн,soulflayer,960,monk,windwalker,24,10,14
Balance,laughing-skull,960,monk,windwalker,24,10,14
Kåtsumi,sanguino,960,monk,windwalker,24,10,14
Sebikm,ravencrest,959,monk,windwalker,12,10,2
Nycea,blackrock,959,monk,windwalker,18,10,8
Saikø,silvermoon,959,monk,windwalker,18,10,8
Eggroll,archimonde,959,monk,windwalker,18,10,8
Lassith,ravencrest,959,monk,windwalker,18,10,8
Hypern,twisting-nether,959,monk,windwalker,18,10,8
Vark,bloodscalp,959,monk,windwalker,18,10,8
Såsha,sanguino,959,monk,windwalker,18,10,8
Джобишоп,howling-fjord,959,monk,windwalker,21,11,10
Miridius,silvermoon,959,monk,windwalker,24,10,14
Rulliya,kazzak,959,monk,windwalker,24,10,14
Crewladal,arakarahm,959,monk,windwalker,30,10,20
Symaro,aegwynn,958,monk,windwalker,24,10,14
Sigath,emeriss,958,monk,windwalker,36,10,26
Heffertonne,eredar,957,monk,windwalker,18,10,8
Nerd,argent-dawn,957,monk,windwalker,18,10,8
Михот,eversong,957,monk,windwalker,30,15,15
Doreese,moonglade,955,monk,windwalker,18,10,8
Duches,tarren-mill,955,monk,windwalker,24,10,14
Màrlux,kazzak,954,monk,windwalker,24,10,14
Orcword,ragnaros,953,monk,windwalker,18,10,8
Chlamydious,silvermoon,951,monk,windwalker,120,52,68
Tysonwonka,thrall,948,monk,windwalker,18,10,8
Runny,sanguino,930,monk,windwalker,36,10,26
Sebbii,twisting-nether,927,monk,windwalker,23,10,13
Yuchiiro,hyjal,922,monk,windwalker,18,10,8
Sîstâhfîstâh,kazzak,912,monk,windwalker,15,10,5
Chilleê,blackmoore,909,monk,windwalker,17,10,7
Arshy,silvermoon,905,monk,windwalker,23,10,13
Концептуалик,gordunni,896,monk,windwalker,21,11,10
Gidmonk,darkspear,894,monk,windwalker,24,12,12
Rollah,ravencrest,885,monk,windwalker,22,10,12
Linocence,draenor,879,monk,windwalker,107,54,53
Апесиинка,gordunni,874,monk,windwalker,23,11,12
Broussly,voljin,871,monk,windwalker,36,15,21
Larsowns,ragnaros,864,monk,windwalker,12,9,3
Bläckijackï,hyjal,864,monk,windwalker,12,9,3
Pattafixcrin,blackrock,864,monk,windwalker,12,9,3
Skriptzy,blackmoore,864,monk,windwalker,18,9,9
Snookzlol,aegwynn,864,monk,windwalker,18,9,9
Lrizz,argent-dawn,864,monk,windwalker,18,9,9
Gankplank,nemesis,864,monk,windwalker,18,9,9
Brols,dalaran,864,monk,windwalker,18,9,9
Zmile,ragnaros,864,monk,windwalker,18,9,9
Notadrâgon,sylvanas,864,monk,windwalker,18,9,9
Weaverman,ragnaros,864,monk,windwalker,18,9,9
Øåæøæøåæ,ravencrest,864,monk,windwalker,18,9,9
Daltailr,silvermoon,864,monk,windwalker,21,9,12
Deathmøøn,tyrande,864,monk,windwalker,24,9,15
Qtk,arthas,864,monk,windwalker,24,9,15
Alandriai,blackmoore,863,monk,windwalker,12,9,3
Otp,hyjal,863,monk,windwalker,18,9,9
Barneyzan,tarren-mill,863,monk,windwalker,18,9,9
Wâgwân,hyjal,863,monk,windwalker,18,9,9
Kàrmà,aegwynn,863,monk,windwalker,18,9,9
Gálaxyfist,blackhand,863,monk,windwalker,24,9,15
Thawy,sargeras,863,monk,windwalker,24,9,15
Krtinse,ravencrest,862,monk,windwalker,18,9,9
Sûûn,hyjal,862,monk,windwalker,18,9,9
Nouraxo,kazzak,862,monk,windwalker,18,9,9
Teztouza,kazzak,861,monk,windwalker,18,9,9
Tylavie,silvermoon,861,monk,windwalker,18,9,9
Lin,nathrezim,861,monk,windwalker,18,9,9
Авентусс,howling-fjord,861,monk,windwalker,24,9,15
Franziskanus,das-syndikat,860,monk,windwalker,24,9,15
Rhift,draenor,859,monk,windwalker,18,9,9
Iluvatareru,twisting-nether,859,monk,windwalker,18,9,9
Monkariuz,antonidas,859,monk,windwalker,26,9,17
Sinziana,silvermoon,858,monk,windwalker,12,9,3
Tetetete,silvermoon,858,monk,windwalker,18,9,9
Velita,dun-modr,858,monk,windwalker,27,9,18
Somonks,twisting-nether,857,monk,windwalker,18,9,9
Zoyrac,malygos,856,monk,windwalker,18,9,9
Meff,hyjal,855,monk,windwalker,16,10,6
Patadademijo,tarren-mill,855,monk,windwalker,24,9,15
Mozzaks,doomhammer,852,monk,windwalker,12,9,3
Goltigald,archimonde,838,monk,windwalker,23,9,14
Apprentice,ravencrest,815,monk,windwalker,17,9,8
Yamo,blackrock,814,monk,windwalker,17,9,8
Pyto,sanguino,810,monk,windwalker,18,10,8
Migg,burning-legion,799,monk,windwalker,22,9,13
Okilexsan,sanguino,797,monk,windwalker,11,9,2
Karatiy,doomhammer,795,monk,windwalker,99,33,66
Mórrid,draenor,791,monk,windwalker,27,9,18
Monkiki,hyjal,784,monk,windwalker,25,9,16
Mäismz,stormscale,768,monk,windwalker,12,8,4
Gøøgodx,tarren-mill,768,monk,windwalker,12,8,4
Seyley,tarren-mill,768,monk,windwalker,12,8,4
Wladqz,stormscale,768,monk,windwalker,12,8,4
Karels,archimonde,768,monk,windwalker,12,8,4
Ðìør,kazzak,768,monk,windwalker,12,8,4
Gojò,outland,768,monk,windwalker,12,8,4
Stormsong,arthas,768,monk,windwalker,12,8,4
Slayh,archimonde,768,monk,windwalker,12,8,4
Styxmk,blackhand,768,monk,windwalker,12,8,4
Астрал,soulflayer,768,monk,windwalker,12,8,4
Rma,twisting-nether,768,monk,windwalker,12,8,4
Wheelchairqt,stormscale,768,monk,windwalker,12,8,4
Socialxty,dun-modr,768,monk,windwalker,12,8,4
Sultanofrizz,draenor,768,monk,windwalker,12,8,4
Arisua,blackhand,768,monk,windwalker,12,8,4
Luckyjones,tarren-mill,768,monk,windwalker,18,8,10
Melombus,dun-modr,768,monk,windwalker,18,8,10
Cptschneider,blackmoore,768,monk,windwalker,18,8,10
Jamiedhism,ravencrest,768,monk,windwalker,18,8,10
Cuteshygirl,shattrath,768,monk,windwalker,18,8,10
Таайлиньх,gordunni,768,monk,windwalker,23,8,15
Marksanuwu,kilrogg,767,monk,windwalker,12,8,4
Nízra,archimonde,767,monk,windwalker,12,8,4
Earendil,culte-de-la-rive-noire,767,monk,windwalker,12,8,4
Yungbaren,frostwolf,767,monk,windwalker,12,8,4
Daizz,magtheridon,767,monk,windwalker,12,8,4
Pimahz,aggra-português,767,monk,windwalker,12,8,4
Vyneth,draenor,767,monk,windwalker,20,10,10
Qdwdwqerdads,ravencrest,767,monk,windwalker,18,8,10
Kunjo,earthen-ring,767,monk,windwalker,18,8,10
Alurymnk,blackrock,767,monk,windwalker,18,8,10
Johnsôn,blackmoore,767,monk,windwalker,18,8,10
Ameri,burning-steppes,767,monk,windwalker,18,8,10
Lellaccio,pozzo-delleternità,767,monk,windwalker,18,8,10
Bansheerrz,hyjal,767,monk,windwalker,18,8,10
Válkyrìe,ravencrest,767,monk,windwalker,24,8,16
Plsnerfrogue,tarren-mill,766,monk,windwalker,12,8,4
Wilywolxx,silvermoon,766,monk,windwalker,12,8,4
Pocaa,arakarahm,766,monk,windwalker,18,8,10
Crockzy,twisting-nether,766,monk,windwalker,18,8,10
Umagon,chogall,766,monk,windwalker,18,8,10
Verfa,twisting-nether,765,monk,windwalker,18,8,10
Xen,uldum,764,monk,windwalker,12,8,4
Chiroidz,kazzak,764,monk,windwalker,18,8,10
Krâr,onyxia,763,monk,windwalker,18,8,10
Ørgasm,magtheridon,763,monk,windwalker,24,8,16
Brevduwan,ragnaros,762,monk,windwalker,18,8,10
Rangomind,silvermoon,761,monk,windwalker,12,8,4
Jawofiron,quelthalas,751,monk,windwalker,17,8,9
Wallky,burning-blade,743,monk,windwalker,30,8,22
Kûma,echsenkessel,735,monk,windwalker,16,8,8
Dianly,ravencrest,735,monk,windwalker,29,8,21
Trolleurz,archimonde,725,monk,windwalker,26,9,17
Elayja,twisting-nether,717,monk,windwalker,17,8,9
Takapotku,silvermoon,703,monk,windwalker,16,8,8
Zledriasa,ravencrest,703,monk,windwalker,20,8,12
Fredder,blackrock,701,monk,windwalker,23,8,15
Jujujitsu,archimonde,685,monk,windwalker,23,8,15
Мягкийпо,howling-fjord,672,monk,windwalker,12,7,5
Hästgodx,the-maelstrom,672,monk,windwalker,12,7,5
Chryan,marécage-de-zangar,672,monk,windwalker,12,7,5
Chanzey,silvermoon,672,monk,windwalker,12,7,5
Balanceqt,ravencrest,672,monk,windwalker,12,7,5
Jekkar,uldum,672,monk,windwalker,12,7,5
Dopi,frostmane,672,monk,windwalker,12,7,5
Sàlêxz,ysondre,672,monk,windwalker,12,7,5
Despéradø,archimonde,672,monk,windwalker,12,7,5
Pawsy,twisting-nether,672,monk,windwalker,12,7,5
Кунгфурер,lich-king,672,monk,windwalker,12,7,5
Potsymist,twisting-nether,672,monk,windwalker,12,7,5
Tortasauro,sanguino,672,monk,windwalker,12,7,5
Chiscake,blackrock,672,monk,windwalker,12,7,5
Dmeenmonk,kazzak,672,monk,windwalker,12,7,5
Arthanaar,drakthul,672,monk,windwalker,12,7,5
Breezzmonka,twisting-nether,672,monk,windwalker,12,7,5
Bryggarn,draenor,672,monk,windwalker,12,7,5
Shoelaren,ragnaros,672,monk,windwalker,12,7,5
Vixiatwo,outland,672,monk,windwalker,12,7,5
Wowweaver,outland,672,monk,windwalker,12,7,5
Dennismansix,sylvanas,672,monk,windwalker,12,7,5
Njursten,twilights-hammer,672,monk,windwalker,12,7,5
Saburo,archimonde,672,monk,windwalker,12,7,5
Jakkeez,twisting-nether,672,monk,windwalker,12,7,5
Мишадуротар,borean-tundra,672,monk,windwalker,19,9,10
Ráây,blackrock,672,monk,windwalker,18,7,11
Jkmonkyo,blackrock,672,monk,windwalker,18,7,11
Winifspin,twisting-nether,672,monk,windwalker,18,7,11
Bonkboi,tarren-mill,672,monk,windwalker,18,7,11
Çùçé,dalaran,672,monk,windwalker,18,7,11
Risingspud,frostmane,672,monk,windwalker,18,7,11
Zymonks,silvermoon,672,monk,windwalker,18,7,11
Márliene,twisting-nether,672,monk,windwalker,18,7,11
Elababe,ravencrest,672,monk,windwalker,18,7,11
Джийви,goldrinn,672,monk,windwalker,18,7,11
Galexuz,blackrock,672,monk,windwalker,18,7,11
Sungødx,blackrock,672,monk,windwalker,18,7,11
Qtv,arthas,672,monk,windwalker,18,7,11
Mayliene,stormscale,672,monk,windwalker,18,7,11
Quï,hyjal,672,monk,windwalker,18,7,11
Frictional,ravencrest,672,monk,windwalker,20,7,13
Iluvfistinjk,sylvanas,671,monk,windwalker,12,7,5
Räws,kirin-tor,671,monk,windwalker,12,7,5
Dubhira,blackmoore,671,monk,windwalker,12,7,5
Tayoo,aegwynn,671,monk,windwalker,12,7,5
Azouko,onyxia,671,monk,windwalker,12,7,5
Bierdame,blackhand,671,monk,windwalker,12,7,5
Maelea,ysondre,671,monk,windwalker,12,7,5
Sonofelrond,twisting-nether,671,monk,windwalker,12,7,5
Mystikmonk,blackrock,671,monk,windwalker,12,7,5
Эзархадон,lich-king,671,monk,windwalker,12,7,5
Discosean,frostmane,671,monk,windwalker,18,7,11
Kharnael,hyjal,670,monk,windwalker,12,7,5
Zhiothe,argent-dawn,670,monk,windwalker,12,7,5
Mwoinesamdi,hyjal,670,monk,windwalker,18,7,11
Xamaan,sanguino,670,monk,windwalker,18,7,11
Dummars,ragnaros,670,monk,windwalker,18,7,11
Shaol,stormreaver,669,monk,windwalker,12,7,5
Digô,malganis,669,monk,windwalker,12,7,5
Рочч,gordunni,668,monk,windwalker,12,7,5
Kirara,talnivarr,668,monk,windwalker,12,7,5
Brucilli,dalaran,666,monk,windwalker,12,7,5
Undgrund,burning-legion,661,monk,windwalker,18,7,11
Humpenpower,blackhand,655,monk,windwalker,17,7,10
Хосэ,gordunni,639,monk,windwalker,17,7,10
Fusetonww,tarren-mill,623,monk,windwalker,11,7,4
Ahlu,argent-dawn,623,monk,windwalker,21,7,14
Pïpöu,kirin-tor,607,monk,windwalker,11,7,4
Sori,mazrigos,592,monk,windwalker,19,7,12
Rezuz,draenor,576,monk,windwalker,6,6,0
Koreangirlx,archimonde,576,monk,windwalker,6,6,0
Whoszeus,archimonde,576,monk,windwalker,12,6,6
Hitsuww,archimonde,576,monk,windwalker,12,6,6
Rigbone,kazzak,576,monk,windwalker,12,6,6
Doyoubleed,twisting-nether,576,monk,windwalker,12,6,6
Yeol,ravencrest,576,monk,windwalker,12,6,6
Ogelele,twisting-nether,576,monk,windwalker,12,6,6
Nyrkkikylpy,ravencrest,576,monk,windwalker,12,6,6
Pabu,emeriss,576,monk,windwalker,12,6,6
Geezer,the-maelstrom,576,monk,windwalker,12,6,6
Rainymonday,ravencrest,576,monk,windwalker,12,6,6
Gramkin,ravencrest,576,monk,windwalker,12,6,6
Homelanderxx,tarren-mill,576,monk,windwalker,12,6,6
Shanokee,blackrock,576,monk,windwalker,12,6,6
Fistingfury,burning-blade,576,monk,windwalker,12,6,6
Ilovecravmag,draenor,576,monk,windwalker,12,6,6
Fistweavs,ravencrest,576,monk,windwalker,12,6,6
Worasemonk,hyjal,576,monk,windwalker,12,6,6
Tenszangetsu,ragnaros,576,monk,windwalker,12,6,6
Kiial,blackmoore,576,monk,windwalker,12,6,6
Jam,aerie-peak,576,monk,windwalker,12,6,6
Jollyzug,blackrock,576,monk,windwalker,12,6,6
Rationis,blackmoore,576,monk,windwalker,12,6,6
Ferree,tarren-mill,576,monk,windwalker,12,6,6
Муаннуар,soulflayer,576,monk,windwalker,12,6,6
Gîø,blackmoore,576,monk,windwalker,12,6,6
Gamerboydude,silvermoon,576,monk,windwalker,12,6,6
Xàrslòulolz,kazzak,576,monk,windwalker,12,6,6
Serizawã,hyjal,576,monk,windwalker,12,6,6
Rhâzalgûl,khaz-modan,576,monk,windwalker,12,6,6
Naynayrb,draenor,576,monk,windwalker,12,6,6
Мэрджик,soulflayer,576,monk,windwalker,12,6,6
Fiddyy,outland,576,monk,windwalker,12,6,6
Mcgregors,aszune,576,monk,windwalker,12,6,6
Lîlilîlîlîlí,stormscale,576,monk,windwalker,12,6,6
Níko,korgall,576,monk,windwalker,12,6,6
Bbcmonkinc,aegwynn,576,monk,windwalker,16,7,9
Пропесочило,gordunni,576,monk,windwalker,16,7,9
Glorïagaynor,archimonde,576,monk,windwalker,18,6,12
Norgamx,alakir,576,monk,windwalker,18,6,12
Fiststowin,blackrock,576,monk,windwalker,18,6,12
Desmî,ravencrest,576,monk,windwalker,18,6,12
Xoconut,ravencrest,576,monk,windwalker,18,6,12
Magharald,das-syndikat,575,monk,windwalker,12,6,6
Okpm,marécage-de-zangar,575,monk,windwalker,12,6,6
Woknroll,draenor,575,monk,windwalker,12,6,6
Gozgoya,doomhammer,575,monk,windwalker,12,6,6
Tofast,darksorrow,575,monk,windwalker,12,6,6
Raychi,draenor,575,monk,windwalker,12,6,6
Woalter,silvermoon,575,monk,windwalker,12,6,6
Trizeth,grim-batol,575,monk,windwalker,12,6,6
Xem,azjolnerub,575,monk,windwalker,12,6,6
Teetoor,argent-dawn,575,monk,windwalker,12,6,6
Kykymbappe,archimonde,575,monk,windwalker,12,6,6
Hôók,blackhand,575,monk,windwalker,12,6,6
Sixqtn,blackrock,575,monk,windwalker,18,6,12
Крэйзимедвед,howling-fjord,575,monk,windwalker,18,6,12
Mongole,hellscream,575,monk,windwalker,18,6,12
Sanshiro,defias-brotherhood,575,monk,windwalker,22,7,15
Senkaihero,nemesis,574,monk,windwalker,12,6,6
Jaylée,thrall,574,monk,windwalker,12,6,6
Veila,the-maelstrom,573,monk,windwalker,12,6,6
Mönchdog,blackmoore,573,monk,windwalker,12,6,6
Izabell,bronzebeard,573,monk,windwalker,18,6,12
Mullan,eonar,573,monk,windwalker,24,6,18
Монкуем,gordunni,567,monk,windwalker,12,6,6
Жарптыца,gordunni,559,monk,windwalker,17,6,11
Yamqt,thrall,528,monk,windwalker,15,6,9
Døwe,archimonde,527,monk,windwalker,11,6,5
Merjis,stormscale,527,monk,windwalker,11,6,5
Armutschkerl,blackhand,522,monk,windwalker,23,8,15
Kungfupandy,blackmoore,512,monk,windwalker,22,6,16
Everydayrain,ravencrest,511,monk,windwalker,14,6,8
Eaghor,draenor,510,monk,windwalker,10,6,4
Жекадобряк,howling-fjord,503,monk,windwalker,15,7,8
Quasarmonk,ravencrest,480,monk,windwalker,6,5,1
Päjcsi,ragnaros,480,monk,windwalker,6,5,1
Loordcraft,silvermoon,480,monk,windwalker,6,5,1
Монкигодх,howling-fjord,480,monk,windwalker,6,5,1
Nastyvibes,dun-modr,480,monk,windwalker,6,5,1
Kapud,twisting-nether,480,monk,windwalker,6,5,1
Emptyeyés,kazzak,480,monk,windwalker,6,5,1
Энвишь,soulflayer,480,monk,windwalker,6,5,1
Boxarnsgrabb,shattered-hand,480,monk,windwalker,6,5,1
Killabees,stormscale,480,monk,windwalker,6,5,1
Threevthree,kazzak,480,monk,windwalker,7,5,2
Killthemonk,rajaxx,480,monk,windwalker,12,5,7
Bigdickmonk,blackmoore,480,monk,windwalker,12,5,7
Diagmonk,kazzak,480,monk,windwalker,12,5,7
Fistus,dentarg,480,monk,windwalker,12,5,7
Grintilif,malygos,480,monk,windwalker,12,5,7
Áutumnfalls,stormscale,480,monk,windwalker,12,5,7
Käsefäuste,azshara,480,monk,windwalker,12,5,7
Klotsobunidi,kazzak,480,monk,windwalker,12,5,7
Plingpong,sylvanas,480,monk,windwalker,12,5,7
Кунфумастер,gordunni,480,monk,windwalker,12,5,7
Sermuonelis,kazzak,480,monk,windwalker,12,5,7
Betelgeuse,jaedenar,480,monk,windwalker,12,5,7
Nevertouch,blackrock,480,monk,windwalker,12,5,7
Emejzy,draenor,480,monk,windwalker,12,5,7
Amislish,draenor,480,monk,windwalker,12,5,7
Bimberta,argent-dawn,480,monk,windwalker,12,5,7
Мяуки,soulflayer,480,monk,windwalker,12,5,7
Onlypressw,tarren-mill,480,monk,windwalker,12,5,7
Dertekk,archimonde,480,monk,windwalker,12,5,7
Øåæøæøåæ,kazzak,480,monk,windwalker,12,5,7
Kenjibsen,blackhand,480,monk,windwalker,12,5,7
Szoney,blackhand,480,monk,windwalker,12,5,7
Aljabbar,ravencrest,480,monk,windwalker,12,5,7
Udon,argent-dawn,480,monk,windwalker,12,5,7
Krazylegs,sanguino,480,monk,windwalker,12,5,7
Drfistalot,blackrock,480,monk,windwalker,12,5,7
Badcøwboy,archimonde,480,monk,windwalker,12,5,7
Pîna,onyxia,480,monk,windwalker,12,5,7
Popox,stormreaver,480,monk,windwalker,12,5,7
Tonikor,kazzak,480,monk,windwalker,12,5,7
Yaxleyx,dragonblight,480,monk,windwalker,12,5,7
Gødxq,hyjal,480,monk,windwalker,12,5,7
Archnun,stormscale,480,monk,windwalker,12,5,7
Monkenio,stormscale,480,monk,windwalker,12,5,7
Расселкроу,galakrond,480,monk,windwalker,12,5,7
Npkwalker,outland,480,monk,windwalker,12,5,7
Enrookiejr,aegwynn,480,monk,windwalker,12,5,7
Mickjabber,aegwynn,480,monk,windwalker,12,5,7
Kaelwind,burning-legion,480,monk,windwalker,12,5,7
Investing,silvermoon,480,monk,windwalker,12,5,7
Babyfax,draenor,480,monk,windwalker,12,5,7
Sneptichitz,draenor,480,monk,windwalker,12,5,7
Salderlol,stormscale,480,monk,windwalker,18,5,13
Elmonkx,onyxia,480,monk,windwalker,18,5,13
Немонахх,howling-fjord,480,monk,windwalker,18,5,13
Draxaxa,hyjal,480,monk,windwalker,18,5,13
Nicetrybuddy,draenor,480,monk,windwalker,18,5,13
Диксэш,ashenvale,479,monk,windwalker,12,5,7
Askarg,khaz-modan,479,monk,windwalker,12,5,7
Sdk,silvermoon,479,monk,windwalker,12,5,7
Alopécida,voljin,479,monk,windwalker,15,6,9
Øñ,cthun,479,monk,windwalker,18,5,13
Effeots,blackrock,479,monk,windwalker,18,5,13
Tjukkas,bloodhoof,479,monk,windwalker,24,5,19
Nichonne,khaz-modan,478,monk,windwalker,12,5,7
Blackdu,drakthul,477,monk,windwalker,16,6,10
Sadwhi,turalyon,472,monk,windwalker,12,5,7
Lqp,outland,447,monk,windwalker,11,5,6
Grìzzly,stormreaver,447,monk,windwalker,14,6,8
Iamzra,kazzak,431,monk,windwalker,17,5,12
Samh,twisting-nether,430,monk,windwalker,11,5,6
Crokmoche,archimonde,428,monk,windwalker,12,7,5
Dushimonk,runetotem,416,monk,windwalker,10,5,5
Twdabuser,tarren-mill,415,monk,windwalker,8,5,3
Камагами,howling-fjord,400,monk,windwalker,7,5,2
Theoalt,dragonblight,399,monk,windwalker,5,5,0
Rugys,ravenholdt,384,monk,windwalker,6,4,2
Милосердие,eversong,384,monk,windwalker,6,4,2
Karatemonk,stormscale,384,monk,windwalker,6,4,2
Karrin,ghostlands,384,monk,windwalker,6,4,2
Twinkletoe,twisting-nether,384,monk,windwalker,6,4,2
Jetcee,kazzak,384,monk,windwalker,6,4,2
Wingwalker,twisting-nether,384,monk,windwalker,6,4,2
Vetocorleone,kazzak,384,monk,windwalker,6,4,2
Кокпанчер,soulflayer,384,monk,windwalker,6,4,2
Larrý,sylvanas,384,monk,windwalker,6,4,2
Venersere,eitrigg,384,monk,windwalker,6,4,2
Пашаскороход,gordunni,384,monk,windwalker,6,4,2
Soulspar,ragnaros,384,monk,windwalker,6,4,2
Alâkhai,nerzhul,384,monk,windwalker,6,4,2
Baisi,blackhand,384,monk,windwalker,6,4,2
Wushin,antonidas,384,monk,windwalker,6,4,2
Karya,chogall,384,monk,windwalker,6,4,2
Kurtfu,ravencrest,384,monk,windwalker,6,4,2
Sepi,hellfire,384,monk,windwalker,6,4,2
Monkflexi,draenor,384,monk,windwalker,6,4,2
Clìtfister,silvermoon,384,monk,windwalker,6,4,2
Jériícho,khaz-modan,384,monk,windwalker,6,4,2
Tàlo,anachronos,384,monk,windwalker,6,4,2
Hertel,boulderfist,384,monk,windwalker,6,4,2
Vjelan,forscherliga,384,monk,windwalker,6,4,2
Yeanwoo,burning-legion,384,monk,windwalker,6,4,2
Ввмонкпбогх,gordunni,384,monk,windwalker,6,4,2
Orênda,silvermoon,384,monk,windwalker,6,4,2
Ровк,howling-fjord,384,monk,windwalker,6,4,2
Blazeuu,drakthul,384,monk,windwalker,6,4,2
Onn,outland,384,monk,windwalker,6,4,2
Sprizzfuaz,blackmoore,384,monk,windwalker,6,4,2
Ilcooljay,ravencrest,384,monk,windwalker,6,4,2
Palarîns,dalaran,384,monk,windwalker,6,4,2
Nicomonk,ravencrest,384,monk,windwalker,6,4,2
Orenichi,antonidas,384,monk,windwalker,6,4,2
Willempie,stormreaver,384,monk,windwalker,6,4,2
Trample,stormscale,384,monk,windwalker,6,4,2
Windvibes,antonidas,384,monk,windwalker,6,4,2
Windstormcro,ragnaros,384,monk,windwalker,6,4,2
Diagmonk,arathi,384,monk,windwalker,6,4,2
Sholean,die-aldor,384,monk,windwalker,6,4,2
Silcet,stormscale,384,monk,windwalker,6,4,2
Disciprín,tarren-mill,384,monk,windwalker,6,4,2
Dadrael,argent-dawn,384,monk,windwalker,6,4,2
Ubap,emeriss,384,monk,windwalker,6,4,2
Wwfastsoloq,zenedar,384,monk,windwalker,6,4,2
Sæ,kazzak,384,monk,windwalker,6,4,2
Elahn,outland,384,monk,windwalker,6,4,2
Pandaria,bronze-dragonflight,384,monk,windwalker,6,4,2
Tharaën,archimonde,384,monk,windwalker,6,4,2
Màlydôr,outland,384,monk,windwalker,6,4,2
Dorks,sanguino,384,monk,windwalker,6,4,2
Møønkëy,archimonde,384,monk,windwalker,6,4,2
Àyoörts,archimonde,384,monk,windwalker,6,4,2
Piednuques,archimonde,384,monk,windwalker,6,4,2
Fattony,bronzebeard,384,monk,windwalker,10,5,5
Aesthetìc,draenor,384,monk,windwalker,12,4,8
Goremancey,draenor,384,monk,windwalker,12,4,8
Psyhooz,burning-legion,384,monk,windwalker,12,4,8
Andrah,blackmoore,384,monk,windwalker,12,4,8
Кириешек,deathguard,384,monk,windwalker,12,4,8
Kushvendorx,silvermoon,384,monk,windwalker,12,4,8
Вамдампощам,blackscar,384,monk,windwalker,12,4,8
Ragobd,argent-dawn,384,monk,windwalker,12,4,8
Hoøo,hyjal,384,monk,windwalker,12,4,8
Fueradeserie,dun-modr,384,monk,windwalker,12,4,8
Räyh,outland,384,monk,windwalker,12,4,8
Dëvilliä,ragnaros,384,monk,windwalker,12,4,8
Showmeskillz,blackmoore,384,monk,windwalker,12,4,8
Azia,bronzebeard,384,monk,windwalker,12,4,8
Fishweaver,ravencrest,384,monk,windwalker,12,4,8
Løkî,culte-de-la-rive-noire,384,monk,windwalker,12,4,8
Bluum,ravencrest,384,monk,windwalker,12,4,8
Bigkim,khadgar,384,monk,windwalker,12,4,8
Гарчи,azuregos,384,monk,windwalker,12,4,8
Ожиганов,soulflayer,384,monk,windwalker,12,4,8
Аоепуп,soulflayer,384,monk,windwalker,12,4,8
Axan,drekthar,384,monk,windwalker,12,4,8
Keisy,kazzak,384,monk,windwalker,12,4,8
Jessie,bloodscalp,384,monk,windwalker,12,4,8
Scribzz,twisting-nether,384,monk,windwalker,12,4,8
Ledoz,ravencrest,384,monk,windwalker,12,4,8
Deuxmonk,outland,384,monk,windwalker,18,4,14
Bbinzu,lothar,383,monk,windwalker,6,4,2
Югэн,azuregos,383,monk,windwalker,12,4,8
Slight,ragnaros,352,monk,windwalker,10,4,6
Youngmonk,tarren-mill,351,monk,windwalker,23,4,19
Benkkei,ysondre,336,monk,windwalker,15,4,11
Shamarinator,kazzak,330,monk,windwalker,15,5,10
Choje,blackmoore,319,monk,windwalker,5,4,1
Alë,argent-dawn,319,monk,windwalker,8,4,4
Shàllýn,antonidas,304,monk,windwalker,13,4,9
Tjmnk,ravencrest,288,monk,windwalker,6,3,3
Zelraqt,burning-steppes,288,monk,windwalker,6,3,3
Xpobak,ravencrest,288,monk,windwalker,6,3,3
Рендикаое,soulflayer,288,monk,windwalker,6,3,3
Lokregar,blackmoore,288,monk,windwalker,6,3,3
Zéná,gilneas,288,monk,windwalker,6,3,3
Monkelibonk,ravencrest,288,monk,windwalker,6,3,3
Kungf,twisting-nether,288,monk,windwalker,6,3,3
Cribling,stormscale,288,monk,windwalker,6,3,3
Soraora,twisting-nether,288,monk,windwalker,6,3,3
Пингкин,deathweaver,288,monk,windwalker,6,3,3
Velduin,dun-modr,288,monk,windwalker,6,3,3
Chakkal,twisting-nether,288,monk,windwalker,6,3,3
Realfighter,arathor,288,monk,windwalker,6,3,3
Billyebbasta,nemesis,288,monk,windwalker,6,3,3
Nüffelbüffel,blackrock,288,monk,windwalker,6,3,3
Yunà,twisting-nether,288,monk,windwalker,6,3,3
Psychovirgîn,archimonde,288,monk,windwalker,6,3,3
Månkey,ahnqiraj,288,monk,windwalker,6,3,3
Stonkss,ragnaros,288,monk,windwalker,6,3,3
Jonnyboxer,ravencrest,288,monk,windwalker,6,3,3
Grippen,ragnaros,288,monk,windwalker,6,3,3
Koot,ragnaros,288,monk,windwalker,6,3,3
Tossen,ragnaros,288,monk,windwalker,6,3,3
Jakfuki,ragnaros,288,monk,windwalker,6,3,3
Heavensåway,ysondre,288,monk,windwalker,6,3,3
Dasjinso,blackhand,288,monk,windwalker,6,3,3
Adewelee,dalaran,288,monk,windwalker,6,3,3
Veline,dun-modr,288,monk,windwalker,6,3,3
Ðoom,sylvanas,288,monk,windwalker,6,3,3
Междунамиад,gordunni,288,monk,windwalker,6,3,3
Monkacek,drakthul,288,monk,windwalker,6,3,3
Дзинкс,howling-fjord,288,monk,windwalker,6,3,3
Bg,blackhand,288,monk,windwalker,6,3,3
Räpeltäjä,stormreaver,288,monk,windwalker,6,3,3
Testibuul,archimonde,288,monk,windwalker,6,3,3
Бреэйн,howling-fjord,288,monk,windwalker,6,3,3
Jweise,tarren-mill,288,monk,windwalker,6,3,3
Zìnko,eredar,288,monk,windwalker,6,3,3
Aaronm,tarren-mill,288,monk,windwalker,6,3,3
Celimbrimbor,eredar,288,monk,windwalker,6,3,3
Бичмэн,deathguard,288,monk,windwalker,6,3,3
Doash,nemesis,288,monk,windwalker,6,3,3
Møngøwéávé,argent-dawn,288,monk,windwalker,6,3,3
Droozy,silvermoon,288,monk,windwalker,6,3,3
Atrøciøus,ravencrest,288,monk,windwalker,6,3,3
Señorzayo,ravencrest,288,monk,windwalker,6,3,3
Bobblasfists,tarren-mill,288,monk,windwalker,6,3,3
Blyadislav,ravencrest,288,monk,windwalker,6,3,3
Exòar,ravencrest,288,monk,windwalker,6,3,3
Twoßastard,kazzak,288,monk,windwalker,6,3,3
Ybnobama,outland,288,monk,windwalker,6,3,3
Vultzm,draenor,288,monk,windwalker,6,3,3
Sizok,blackmoore,288,monk,windwalker,6,3,3
Ratfacè,outland,288,monk,windwalker,6,3,3
Mushush,draenor,288,monk,windwalker,6,3,3
Tshajek,hyjal,288,monk,windwalker,6,3,3
Ctrlqx,garona,288,monk,windwalker,6,3,3
Zunixxww,terrordar,288,monk,windwalker,6,3,3
Marcjess,kazzak,288,monk,windwalker,6,3,3
Street,nethersturm,288,monk,windwalker,7,3,4
Balkanbeastt,draenor,288,monk,windwalker,10,4,6
Koreanswap,nordrassil,288,monk,windwalker,9,3,6
Cøbrakaï,archimonde,288,monk,windwalker,12,3,9
Mönchfatih,blackhand,288,monk,windwalker,12,3,9
Yunxi,stormreaver,288,monk,windwalker,12,3,9
Xiæo,moonglade,288,monk,windwalker,12,3,9
Geliôs,kazzak,288,monk,windwalker,12,3,9
Howkong,archimonde,288,monk,windwalker,12,3,9
Clamps,darkspear,288,monk,windwalker,12,3,9
Amatara,blackrock,288,monk,windwalker,12,3,9
Ikasama,culte-de-la-rive-noire,288,monk,windwalker,12,3,9
Barylen,outland,288,monk,windwalker,12,3,9
Roxmonk,ravencrest,288,monk,windwalker,12,3,9
Kajï,frostmane,288,monk,windwalker,12,3,9
Xingji,antonidas,288,monk,windwalker,12,3,9
Мистерхюй,gordunni,288,monk,windwalker,18,3,15
Monkwins,turalyon,287,monk,windwalker,6,3,3
Baazoka,blackmoore,287,monk,windwalker,6,3,3
Lewimoäne,khaz-modan,287,monk,windwalker,6,3,3
Соловьюх,gordunni,286,monk,windwalker,12,3,9
Syaóran,exodar,286,monk,windwalker,12,3,9
Touchgodx,blackrock,256,monk,windwalker,8,4,4
Пкмлкм,gordunni,255,monk,windwalker,11,3,8
Dolkenm,tarren-mill,240,monk,windwalker,9,4,5
Zerno,archimonde,239,monk,windwalker,5,3,2
Bignessb,draenor,192,monk,windwalker,4,3,1
Idointcare,ravencrest,192,monk,windwalker,4,3,1
Wickly,stormscale,192,monk,windwalker,10,4,6
Kano,burning-legion,192,monk,windwalker,9,3,6
Bludclart,outland,192,monk,windwalker,6,2,4
Dumbbell,magtheridon,192,monk,windwalker,6,2,4
Emå,nemesis,192,monk,windwalker,6,2,4
Dodoglad,hyjal,192,monk,windwalker,6,2,4
Yaevinn,burning-legion,192,monk,windwalker,6,2,4
Wahrye,hyjal,192,monk,windwalker,6,2,4
Манамба,blackscar,192,monk,windwalker,6,2,4
Charlês,outland,192,monk,windwalker,6,2,4
Youruba,dun-modr,192,monk,windwalker,6,2,4
Нагиботар,thermaplugg,192,monk,windwalker,6,2,4
Madinsane,thrall,192,monk,windwalker,6,2,4
Freebîrd,shattered-hand,192,monk,windwalker,6,2,4
Lilßaby,archimonde,192,monk,windwalker,6,2,4
Loorda,neptulon,192,monk,windwalker,6,2,4
Khirazim,ysondre,192,monk,windwalker,6,2,4
Friidam,lightbringer,192,monk,windwalker,6,2,4
Musclorww,ysondre,192,monk,windwalker,6,2,4
Akazuki,frostwolf,192,monk,windwalker,6,2,4
Stenhård,azjolnerub,192,monk,windwalker,6,2,4
Adis,nerathor,192,monk,windwalker,6,2,4
Bobthewild,draenor,192,monk,windwalker,6,2,4
Joachi,outland,192,monk,windwalker,6,2,4
Jackonk,eredar,192,monk,windwalker,6,2,4
Псилоцибин,gordunni,192,monk,windwalker,6,2,4
Paykø,antonidas,192,monk,windwalker,6,2,4
Lildaddymonk,ravencrest,192,monk,windwalker,6,2,4
Latify,todeswache,192,monk,windwalker,6,2,4
Беглыйлаваш,gordunni,192,monk,windwalker,6,2,4
Loriodas,tarren-mill,192,monk,windwalker,6,2,4
Monkkr,argent-dawn,192,monk,windwalker,6,2,4
Buffwwx,silvermoon,192,monk,windwalker,6,2,4
Walterwayne,blackrock,192,monk,windwalker,6,2,4
Entropî,tarren-mill,192,monk,windwalker,6,2,4
Tyrastel,dalaran,192,monk,windwalker,6,2,4
Mtmonk,tarren-mill,192,monk,windwalker,6,2,4
Savecdfornxt,blackmoore,192,monk,windwalker,6,2,4
Îreful,tarren-mill,192,monk,windwalker,6,2,4
Bensil,ravencrest,192,monk,windwalker,6,2,4
Mychigun,ravencrest,192,monk,windwalker,6,2,4
Драгслер,howling-fjord,192,monk,windwalker,6,2,4
Shyriu,kazzak,192,monk,windwalker,6,2,4
Panicfist,stormscale,192,monk,windwalker,6,2,4
Jakamstar,ravencrest,192,monk,windwalker,6,2,4
Майамибитч,howling-fjord,192,monk,windwalker,6,2,4
Manniche,kazzak,192,monk,windwalker,6,2,4
Пекник,gordunni,192,monk,windwalker,6,2,4
Karradine,khaz-modan,192,monk,windwalker,6,2,4
Panzerfall,hyjal,192,monk,windwalker,6,2,4
Lxq,blackhand,192,monk,windwalker,6,2,4
Brewroll,ravencrest,192,monk,windwalker,6,2,4
Frajer,auchindoun,192,monk,windwalker,6,2,4
Knupi,dalaran,192,monk,windwalker,6,2,4
Niborc,doomhammer,192,monk,windwalker,6,2,4
Icaena,ravencrest,192,monk,windwalker,6,2,4
Eynodiggity,blackmoore,192,monk,windwalker,6,2,4
Subsul,sylvanas,192,monk,windwalker,6,2,4
Deathpùlse,ravencrest,192,monk,windwalker,6,2,4
Bloodychi,ravencrest,192,monk,windwalker,6,2,4
Спортикус,galakrond,192,monk,windwalker,6,2,4
Lollonko,kazzak,192,monk,windwalker,6,2,4
Shïma,sargeras,192,monk,windwalker,6,2,4
Bamboosnack,kazzak,192,monk,windwalker,6,2,4
Priosia,ragnaros,192,monk,windwalker,6,2,4
Påiñ,silvermoon,192,monk,windwalker,6,2,4
Zýru,ragnaros,192,monk,windwalker,6,2,4
Geochi,tarren-mill,192,monk,windwalker,6,2,4
Nebelpanda,ravencrest,192,monk,windwalker,6,2,4
Mezeko,stormscale,192,monk,windwalker,6,2,4
Gabbah,blackrock,192,monk,windwalker,6,2,4
Чистыйбаер,soulflayer,192,monk,windwalker,6,2,4
Akkadianx,ravencrest,192,monk,windwalker,6,2,4
Fístfillet,twisting-nether,192,monk,windwalker,6,2,4
Miamausebär,blackmoore,192,monk,windwalker,6,2,4
Дедизшишки,soulflayer,192,monk,windwalker,6,2,4
Píkachuu,ragnaros,192,monk,windwalker,9,2,7
Lilotus,ragnaros,192,monk,windwalker,12,2,10
Гнидожор,booty-bay,192,monk,windwalker,12,2,10
Pawpipe,ravencrest,192,monk,windwalker,12,2,10
Schneewase,blackrock,192,monk,windwalker,12,2,10
Grîmjaw,nordrassil,192,monk,windwalker,12,2,10
Tongat,ravencrest,192,monk,windwalker,12,2,10
Shaow,hyjal,192,monk,windwalker,12,2,10
Mashalar,ravencrest,191,monk,windwalker,6,2,4
Yianjih,blackmoore,191,monk,windwalker,6,2,4
Jlamonja,dun-modr,159,monk,windwalker,5,2,3
Marqinio,archimonde,138,monk,windwalker,9,4,5
Yanmonk,silvermoon,138,monk,windwalker,8,3,5
Uftis,thrall,127,monk,windwalker,8,2,6
Astmönk,archimonde,127,monk,windwalker,8,2,6
Lîlpumpx,outland,96,monk,windwalker,6,1,5
Тиронфлакс,soulflayer,96,monk,windwalker,6,1,5
Jakaron,kazzak,96,monk,windwalker,6,1,5
Mjaweaver,stormscale,96,monk,windwalker,6,1,5
Cabbagés,outland,96,monk,windwalker,6,1,5
Doneithné,stormscale,96,monk,windwalker,6,1,5
Синнэрли,soulflayer,96,monk,windwalker,6,1,5
Konnîchîwa,kazzak,96,monk,windwalker,6,1,5
Kaizenthor,runetotem,96,monk,windwalker,6,1,5
Dudulinda,silvermoon,96,monk,windwalker,6,1,5
Masbrew,ravencrest,96,monk,windwalker,6,1,5
Butrinto,hellfire,96,monk,windwalker,6,1,5
Chucknøørys,archimonde,96,monk,windwalker,6,1,5
Monkenya,kazzak,96,monk,windwalker,6,1,5
Zugzuwg,ahnqiraj,96,monk,windwalker,6,1,5
Dadeldo,blackrock,96,monk,windwalker,6,1,5
Draina,archimonde,96,monk,windwalker,6,1,5
Jongoatjones,outland,96,monk,windwalker,6,1,5
Yvètte,ravencrest,96,monk,windwalker,6,1,5
Olympeá,silvermoon,96,monk,windwalker,6,1,5
Kinføu,hyjal,96,monk,windwalker,6,1,5
Harislkwamk,aegwynn,96,monk,windwalker,6,1,5
Kazéshini,doomhammer,96,monk,windwalker,6,1,5
Sînge,archimonde,96,monk,windwalker,6,1,5
Chimail,blackrock,96,monk,windwalker,6,1,5
Nightninja,drakthul,96,monk,windwalker,6,1,5
Musaya,chamber-of-aspects,96,monk,windwalker,6,1,5
Fistyouslow,kazzak,96,monk,windwalker,6,1,5
Smâsh,blackhand,96,monk,windwalker,6,1,5
Umbrâsyl,ravencrest,96,monk,windwalker,6,1,5
Tooweezé,outland,96,monk,windwalker,6,1,5
Cumspiller,ravencrest,96,monk,windwalker,6,1,5
Родиер,gordunni,96,monk,windwalker,6,1,5
Kickboxer,burning-legion,96,monk,windwalker,6,1,5
Бумчака,blackscar,96,monk,windwalker,6,1,5
Rileyweed,hellscream,96,monk,windwalker,6,1,5
Mìcrøb,blackmoore,96,monk,windwalker,6,1,5
Мяяумяу,gordunni,96,monk,windwalker,6,1,5
Bâsarä,archimonde,96,monk,windwalker,6,1,5
Gøsù,antonidas,96,monk,windwalker,6,1,5
Drlightorc,tarren-mill,96,monk,windwalker,6,1,5
Castrø,argent-dawn,96,monk,windwalker,6,1,5
Dìó,tarren-mill,96,monk,windwalker,6,1,5
Gilario,silvermoon,96,monk,windwalker,6,1,5
Faulpelz,onyxia,96,monk,windwalker,6,1,5
Випик,gordunni,96,monk,windwalker,6,1,5
Olgachocolat,blackmoore,96,monk,windwalker,6,1,5
Jihaaz,nemesis,96,monk,windwalker,7,1,6
Onisakebi,nemesis,96,monk,windwalker,10,1,9
Chifù,silvermoon,96,monk,windwalker,10,1,9
Araey,argent-dawn,89,monk,windwalker,9,3,6
Aennie,zuljin,84,monk,windwalker,13,4,9
Xtcc,kazzak,79,monk,windwalker,5,1,4
Odanobunaga,ravencrest,79,monk,windwalker,5,1,4
Tenzen,dun-modr,79,monk,windwalker,11,1,10
Xámell,ravencrest,48,monk,windwalker,3,1,2
Monkinko,tarren-mill,42,monk,windwalker,10,2,8
Makïi,archimonde,31,monk,windwalker,2,1,1
Pjetro,draenor,31,monk,windwalker,2,1,1
Åbx,argent-dawn,2191,paladin,holy,113,59,54
Wiriday,draenor,2139,paladin,holy,353,183,170
Crewxdlolz,frostmane,2123,paladin,holy,211,118,93
Likkik,ravencrest,2121,paladin,holy,86,42,44
Royki,the-maelstrom,2111,paladin,holy,70,38,32
Алексендлер,howling-fjord,2061,paladin,holy,356,194,162
Ranchiek,ravencrest,2019,paladin,holy,60,31,29
Trusttp,ravencrest,2007,paladin,holy,53,38,15
Lickssi,outland,2001,paladin,holy,94,56,38
Nemesisbot,dun-modr,1965,paladin,holy,102,59,43
Jìmjim,ysondre,1960,paladin,holy,120,58,62
Måvé,tarren-mill,1945,paladin,holy,108,63,45
Peacerainer,stormscale,1915,paladin,holy,72,32,40
Zabrok,outland,1914,paladin,holy,82,46,36
Odrareg,kazzak,1913,paladin,holy,173,81,92
Rïzé,ravencrest,1911,paladin,holy,54,26,28
Seabrook,stormscale,1895,paladin,holy,111,49,62
Galaxys,blackhand,1887,paladin,holy,145,74,71
Aww,anachronos,1874,paladin,holy,150,77,73
Goyimslayer,ravencrest,1864,paladin,holy,144,73,71
Pointguard,blackrock,1862,paladin,holy,54,28,26
Richiks,outland,1861,paladin,holy,42,26,16
Kyoma,burning-legion,1858,paladin,holy,161,75,86
Tipmax,ravencrest,1856,paladin,holy,61,37,24
Welivewewin,defias-brotherhood,1855,paladin,holy,181,95,86
Goodpeace,kazzak,1855,paladin,holy,73,35,38
Niwariel,silvermoon,1852,paladin,holy,60,37,23
Типмакс,howling-fjord,1851,paladin,holy,42,25,17
Áftershøck,ravencrest,1850,paladin,holy,60,32,28
Powertilt,ravencrest,1848,paladin,holy,159,77,82
Гигашмяк,howling-fjord,1845,paladin,holy,251,135,116
Wheelybin,argent-dawn,1843,paladin,holy,53,23,30
Shufflenjoyr,argent-dawn,1837,paladin,holy,131,67,64
Optîmuslîme,veklor,1835,paladin,holy,42,27,15
Insanez,stormscale,1834,paladin,holy,48,25,23
Rickstone,kazzak,1834,paladin,holy,66,31,35
Svyata,twisting-nether,1825,paladin,holy,125,61,64
Phalphlingo,stormscale,1824,paladin,holy,84,40,44
Wokyo,tarren-mill,1823,paladin,holy,231,134,97
Jeø,stormscale,1823,paladin,holy,54,28,26
Eldorín,blackmoore,1823,paladin,holy,54,20,34
Kianpal,silvermoon,1818,paladin,holy,158,89,69
Danipaladin,tarren-mill,1817,paladin,holy,88,51,37
Neverlostx,ravencrest,1816,paladin,holy,48,31,17
Popecrusade,archimonde,1813,paladin,holy,107,66,41
Ránchìek,ravencrest,1812,paladin,holy,54,26,28
Majör,ysondre,1809,paladin,holy,66,34,32
Vaîjin,aegwynn,1807,paladin,holy,194,95,99
Wontbubblejk,tarren-mill,1807,paladin,holy,60,26,34
Runtheshôw,tarren-mill,1795,paladin,holy,184,89,95
Flouzz,blackmoore,1783,paladin,holy,54,24,30
Callístó,amanthul,1778,paladin,holy,372,191,181
Jûliâ,archimonde,1777,paladin,holy,100,55,45
Гола,gordunni,1771,paladin,holy,97,44,53
Reckx,argent-dawn,1766,paladin,holy,53,26,27
Holylightxz,runetotem,1765,paladin,holy,93,46,47
Pêacerainer,stormscale,1765,paladin,holy,186,78,108
Макстипчик,howling-fjord,1758,paladin,holy,63,29,34
Ajani,la-croisade-écarlate,1750,paladin,holy,54,23,31
Holysacx,aegwynn,1745,paladin,holy,42,25,17
Rettyfield,blackrock,1744,paladin,holy,42,23,19
Wollymolly,ravencrest,1741,paladin,holy,60,30,30
Everflame,blackmoore,1739,paladin,holy,84,50,34
Dbblou,draenor,1739,paladin,holy,42,20,22
Jüther,pozzo-delleternità,1736,paladin,holy,35,19,16
Vindîcator,defias-brotherhood,1736,paladin,holy,191,91,100
Pignonn,dalaran,1734,paladin,holy,197,100,97
Thaderyl,auchindoun,1717,paladin,holy,176,88,88
Skyf,outland,1717,paladin,holy,239,116,123
Valia,argent-dawn,1715,paladin,holy,75,40,35
Tyrsa,defias-brotherhood,1715,paladin,holy,53,23,30
Haylø,archimonde,1714,paladin,holy,45,24,21
Stratarxis,kazzak,1714,paladin,holy,82,43,39
Kwinn,aggra-português,1713,paladin,holy,36,18,18
Думгохан,howling-fjord,1709,paladin,holy,69,31,38
Pigpiss,ravencrest,1707,paladin,holy,46,19,27
Акунделар,gordunni,1706,paladin,holy,125,63,62
Аришалисичка,blackscar,1704,paladin,holy,76,38,38
Beefcrusher,outland,1704,paladin,holy,42,18,24
Gloonî,blackmoore,1699,paladin,holy,53,24,29
Ðelusion,sanguino,1697,paladin,holy,35,19,16
Rekieuna,archimonde,1695,paladin,holy,520,259,261
Emlight,kazzak,1693,paladin,holy,53,32,21
Фьюжндрайв,gordunni,1693,paladin,holy,36,18,18
Dàrckness,ravencrest,1690,paladin,holy,341,183,158
Moeixu,kazzak,1689,paladin,holy,45,20,25
Drohim,aegwynn,1688,paladin,holy,46,23,23
Andûrîl,tarren-mill,1686,paladin,holy,113,58,55
Tibælius,ravencrest,1683,paladin,holy,65,33,32
Xaérulus,draenor,1682,paladin,holy,47,26,21
Faíren,mugthol,1678,paladin,holy,72,38,34
Lycerax,antonidas,1677,paladin,holy,42,24,18
Voklane,tarren-mill,1676,paladin,holy,48,23,25
Мылонеуроних,deathguard,1675,paladin,holy,54,26,28
Narkal,archimonde,1672,paladin,holy,99,51,48
Holysac,aegwynn,1669,paladin,holy,48,26,22
Isøri,antonidas,1667,paladin,holy,114,58,56
Holylightxz,archimonde,1666,paladin,holy,48,23,25
Diffay,tarren-mill,1662,paladin,holy,42,23,19
Kristelle,argent-dawn,1660,paladin,holy,120,67,53
Shabbyy,bronzebeard,1659,paladin,holy,102,58,44
Emloses,outland,1653,paladin,holy,330,168,162
Mðnsterz,archimonde,1653,paladin,holy,78,37,41
Thaderÿl,auchindoun,1647,paladin,holy,48,27,21
Chosenlight,darkspear,1646,paladin,holy,181,87,94
Kakii,gorgonnash,1645,paladin,holy,59,24,35
Profundus,zuluhed,1644,paladin,holy,42,23,19
Tibelious,ravencrest,1644,paladin,holy,156,71,85
Spinne,tarren-mill,1642,paladin,holy,142,71,71
Itsjulie,sylvanas,1642,paladin,holy,94,46,48
Alphaøne,stormscale,1642,paladin,holy,42,20,22
Lexó,ravencrest,1641,paladin,holy,48,22,26
Celébriel,twisting-nether,1638,paladin,holy,131,74,57
Powarpufgirl,blackrock,1638,paladin,holy,42,22,20
Хегия,gordunni,1633,paladin,holy,48,28,20
Wíw,kazzak,1633,paladin,holy,142,73,69
Мускатер,gordunni,1633,paladin,holy,58,26,32
Святстраж,gordunni,1631,paladin,holy,50,23,27
Baazil,ragnaros,1631,paladin,holy,84,38,46
Chowo,argent-dawn,1631,paladin,holy,63,26,37
Lrnz,tarren-mill,1629,paladin,holy,54,22,32
Derpe,hellscream,1628,paladin,holy,30,17,13
Insanevegan,ravencrest,1628,paladin,holy,66,33,33
Marcope,kazzak,1628,paladin,holy,36,17,19
Holeck,aegwynn,1627,paladin,holy,66,26,40
Máttés,antonidas,1626,paladin,holy,59,21,38
Chryme,thrall,1625,paladin,holy,66,36,30
Jeromesavile,tarren-mill,1625,paladin,holy,143,68,75
Holydeals,silvermoon,1624,paladin,holy,36,20,16
Lofé,drakthul,1623,paladin,holy,44,22,22
Jambbo,twisting-nether,1622,paladin,holy,148,81,67
Dewastor,veklor,1619,paladin,holy,48,25,23
Jcbubs,xavius,1619,paladin,holy,180,91,89
Arysur,defias-brotherhood,1619,paladin,holy,360,178,182
Nezâ,blackhand,1619,paladin,holy,58,26,32
Blazerlolz,kazzak,1616,paladin,holy,60,33,27
Athenewins,tarren-mill,1616,paladin,holy,400,210,190
Crankaess,tarren-mill,1616,paladin,holy,73,37,36
Lexolex,ravencrest,1616,paladin,holy,36,17,19
Papasito,tarren-mill,1616,paladin,holy,48,17,31
Vxqt,blackrock,1614,paladin,holy,53,25,28
Faíren,blackrock,1613,paladin,holy,54,24,30
Percocetx,tarren-mill,1613,paladin,holy,54,24,30
Buntqt,kazzak,1612,paladin,holy,100,54,46
Jinyssa,silvermoon,1610,paladin,holy,42,25,17
Crucifiction,balnazzar,1610,paladin,holy,72,34,38
ßestsacjk,kazzak,1610,paladin,holy,54,22,32
Zondãn,blackrock,1608,paladin,holy,95,51,44
Kaputs,twisting-nether,1606,paladin,holy,31,18,13
Острит,gordunni,1605,paladin,holy,78,45,33
Dömötörp,ragnaros,1604,paladin,holy,135,71,64
Джонниджага,blackscar,1604,paladin,holy,58,28,30
Fleshgraft,silvermoon,1603,paladin,holy,66,33,33
Smightypal,silvermoon,1602,paladin,holy,129,66,63
Stepsislana,tarren-mill,1601,paladin,holy,30,17,13
Judgejuryexe,kazzak,1600,paladin,holy,92,44,48
Xray,ahnqiraj,1598,paladin,holy,53,27,26
Лайтпалочка,soulflayer,1596,paladin,holy,340,167,173
Easypala,blackrock,1595,paladin,holy,114,50,64
Дарксайгн,gordunni,1593,paladin,holy,48,17,31
Ìschtarsdad,blackrock,1591,paladin,holy,192,96,96
Сэлфхил,gordunni,1591,paladin,holy,107,47,60
Edelarøs,ysondre,1590,paladin,holy,63,29,34
Erathoor,grim-batol,1589,paladin,holy,66,32,34
Astollfo,hyjal,1588,paladin,holy,42,26,16
Enemylosers,stormscale,1588,paladin,holy,216,118,98
Holychît,sanguino,1586,paladin,holy,117,54,63
Леонящер,gordunni,1583,paladin,holy,294,163,131
Xenyaa,arygos,1581,paladin,holy,103,53,50
Пчелодин,howling-fjord,1581,paladin,holy,36,17,19
Louiepal,outland,1580,paladin,holy,41,25,16
Swâpxy,proudmoore,1578,paladin,holy,36,22,14
Fourshaw,ravencrest,1578,paladin,holy,167,87,80
Myssa,uldum,1577,paladin,holy,42,21,21
Dathróhán,silvermoon,1576,paladin,holy,345,177,168
Holysac,kazzak,1576,paladin,holy,36,18,18
Fannypoo,sylvanas,1574,paladin,holy,215,105,110
Аронасхе,blackscar,1573,paladin,holy,89,39,50
Umirinbruv,zenedar,1573,paladin,holy,50,20,30
Потокденег,howling-fjord,1563,paladin,holy,152,71,81
Nîkå,ravencrest,1561,paladin,holy,109,62,47
Femaleelf,eredar,1561,paladin,holy,48,20,28
Ретриксвета,eversong,1559,paladin,holy,48,31,17
Bhlessings,ravencrest,1556,paladin,holy,56,24,32
Rookbeef,eredar,1554,paladin,holy,66,37,29
Erao,the-maelstrom,1554,paladin,holy,48,24,24
Skurly,ragnaros,1551,paladin,holy,42,19,23
Irefutabila,stormscale,1550,paladin,holy,65,29,36
Pablok,minahonda,1548,paladin,holy,48,17,31
Fløcki,blackhand,1547,paladin,holy,100,54,46
Drdeus,kazzak,1547,paladin,holy,166,85,81
Алукартик,deathguard,1546,paladin,holy,89,44,45
Mistsx,kazzak,1546,paladin,holy,60,27,33
Spårvagn,draenor,1544,paladin,holy,48,25,23
Strûgglebûs,outland,1543,paladin,holy,47,25,22
Срувтапкизз,blackscar,1543,paladin,holy,89,32,57
Рэймондх,gordunni,1541,paladin,holy,59,25,34
Lastaid,azshara,1540,paladin,holy,222,115,107
Cozm,silvermoon,1540,paladin,holy,60,31,29
Тошанич,soulflayer,1539,paladin,holy,54,24,30
Gasilol,frostwolf,1537,paladin,holy,81,41,40
Andronar,blackmoore,1536,paladin,holy,66,29,37
Elsewhere,archimonde,1536,paladin,holy,53,21,32
Nstea,zuljin,1534,paladin,holy,30,16,14
Xsÿde,archimonde,1534,paladin,holy,110,50,60
Pisr,draenor,1533,paladin,holy,60,24,36
Бирко,blackscar,1532,paladin,holy,57,24,33
Lóde,silvermoon,1530,paladin,holy,148,77,71
Pooncy,ragnaros,1530,paladin,holy,60,27,33
Sncx,ravencrest,1528,paladin,holy,42,22,20
Рустиктоп,gordunni,1528,paladin,holy,36,16,20
Факофф,gordunni,1527,paladin,holy,96,51,45
Бадбх,howling-fjord,1527,paladin,holy,90,39,51
Búbblicioús,ravencrest,1524,paladin,holy,84,49,35
Devinèqt,tarren-mill,1523,paladin,holy,91,51,40
Foxywild,aszune,1523,paladin,holy,78,37,41
Всехилящий,gordunni,1520,paladin,holy,78,36,42
Fúrion,burning-blade,1520,paladin,holy,60,26,34
Marygueguete,archimonde,1518,paladin,holy,108,53,55
Сашафистинг,gordunni,1515,paladin,holy,249,128,121
Sweetjane,deathwing,1513,paladin,holy,53,28,25
Asenae,draenor,1512,paladin,holy,78,31,47
Sorfalinka,silvermoon,1511,paladin,holy,24,17,7
Rotana,eredar,1511,paladin,holy,36,24,12
Selphii,twisting-nether,1511,paladin,holy,40,22,18
Линвэль,gordunni,1511,paladin,holy,45,24,21
Powerpufgirl,blackrock,1511,paladin,holy,36,19,17
Wizqy,ravencrest,1511,paladin,holy,47,21,26
Sofishoida,blackmoore,1508,paladin,holy,78,47,31
Nefarius,malganis,1507,paladin,holy,30,16,14
Sonil,les-sentinelles,1507,paladin,holy,57,24,33
Ironmikë,outland,1505,paladin,holy,42,24,18
Fatmidget,kazzak,1503,paladin,holy,66,43,23
Sorfalik,silvermoon,1502,paladin,holy,30,18,12
Tuoppi,steamwheedle-cartel,1502,paladin,holy,108,52,56
Astarox,kazzak,1501,paladin,holy,173,74,99
Hawki,blackmoore,1500,paladin,holy,42,23,19
Aese,dun-modr,1499,paladin,holy,102,51,51
Эндемичный,soulflayer,1498,paladin,holy,48,28,20
Rùfus,tarren-mill,1497,paladin,holy,162,84,78
Sübôvîñ,ravencrest,1497,paladin,holy,135,69,66
Pamee,blackrock,1497,paladin,holy,42,20,22
Delmothounet,ysondre,1496,paladin,holy,46,28,18
Delicztwo,der-rat-von-dalaran,1490,paladin,holy,30,16,14
Norandel,turalyon,1490,paladin,holy,78,31,47
Emistesía,stormscale,1488,paladin,holy,54,24,30
Crystal,thrall,1487,paladin,holy,30,20,10
Hirolde,zenedar,1487,paladin,holy,128,61,67
Shaevira,ravencrest,1487,paladin,holy,66,30,36
Stepsisbro,twisting-nether,1486,paladin,holy,36,20,16
Мифариан,blackscar,1486,paladin,holy,135,67,68
Флэшкапро,soulflayer,1485,paladin,holy,214,105,109
Брилз,soulflayer,1484,paladin,holy,124,60,64
Rëtnuhka,drakthul,1483,paladin,holy,62,29,33
Drzärc,sanguino,1481,paladin,holy,66,31,35
Ирестли,azuregos,1480,paladin,holy,78,39,39
Снупарь,blackscar,1479,paladin,holy,198,100,98
Hairybabe,outland,1478,paladin,holy,54,33,21
Эллиарэй,gordunni,1478,paladin,holy,95,46,49
Kfcmanager,archimonde,1478,paladin,holy,36,16,20
Nerdpallyx,tarren-mill,1477,paladin,holy,147,72,75
Nåmï,culte-de-la-rive-noire,1475,paladin,holy,48,26,22
Louiepalmoo,outland,1475,paladin,holy,46,22,24
Böllerbarbie,silvermoon,1473,paladin,holy,65,39,26
Skinstructor,silvermoon,1473,paladin,holy,72,37,35
Холиэвил,gordunni,1472,paladin,holy,42,23,19
Stidi,frostmane,1472,paladin,holy,94,40,54
Aiyäna,argent-dawn,1470,paladin,holy,89,41,48
Холлихэйт,howling-fjord,1469,paladin,holy,63,27,36
Alphä,auchindoun,1468,paladin,holy,36,19,17
Deodas,kazzak,1468,paladin,holy,340,166,174
Крусейдор,soulflayer,1467,paladin,holy,115,53,62
Кизарыч,galakrond,1467,paladin,holy,51,18,33
Veléxis,outland,1464,paladin,holy,87,45,42
Arenalena,sylvanas,1464,paladin,holy,181,88,93
Iwillbeing,ragnaros,1464,paladin,holy,84,40,44
Этосальвабро,lich-king,1464,paladin,holy,56,18,38
Curufin,grim-batol,1460,paladin,holy,149,80,69
Jajmentx,kazzak,1459,paladin,holy,78,40,38
Injection,khaz-modan,1458,paladin,holy,105,50,55
Nemesi,archimonde,1455,paladin,holy,42,20,22
Chocòbon,archimonde,1454,paladin,holy,86,46,40
Lugnals,hyjal,1454,paladin,holy,202,103,99
Konane,drekthar,1454,paladin,holy,37,17,20
Divinetollen,ravencrest,1454,paladin,holy,62,26,36
Realpalla,ravenholdt,1452,paladin,holy,126,62,64
Archaegis,silvermoon,1452,paladin,holy,48,19,29
Luxxorr,outland,1451,paladin,holy,21,17,4
Emistesia,stormscale,1448,paladin,holy,47,22,25
Scrimple,stormscale,1447,paladin,holy,73,35,38
Волнысвета,howling-fjord,1446,paladin,holy,110,59,51
Jaesa,lordaeron,1445,paladin,holy,97,43,54
Juicycheeks,frostwolf,1444,paladin,holy,60,22,38
Mercedes,arthas,1443,paladin,holy,35,20,15
Alessaqas,ravencrest,1443,paladin,holy,63,28,35
Présidential,grim-batol,1441,paladin,holy,59,28,31
Коварное,borean-tundra,1440,paladin,holy,52,25,27
Паладинас,lich-king,1440,paladin,holy,64,21,43
Thaifo,silvermoon,1439,paladin,holy,33,20,13
Глиндес,gordunni,1439,paladin,holy,168,80,88
Сатангодх,gordunni,1438,paladin,holy,90,33,57
Fjorhvor,draenor,1436,paladin,holy,42,24,18
Уретроград,soulflayer,1436,paladin,holy,72,36,36
Askmy,stormscale,1435,paladin,holy,30,16,14
Hpal,aegwynn,1435,paladin,holy,123,55,68
Beecq,tarren-mill,1432,paladin,holy,60,35,25
Holydawnx,kazzak,1432,paladin,holy,62,30,32
Tiffanyqt,frostwolf,1428,paladin,holy,24,16,8
Toohotty,archimonde,1428,paladin,holy,53,22,31
Sacbøt,stormscale,1427,paladin,holy,259,132,127
Ekzykes,ravencrest,1427,paladin,holy,48,21,27
Séphiran,hyjal,1426,paladin,holy,53,28,25
Slezz,tarren-mill,1426,paladin,holy,356,184,172
Kwenu,tarren-mill,1423,paladin,holy,72,38,34
Taiso,alonsus,1422,paladin,holy,132,64,68
Badckes,sylvanas,1422,paladin,holy,128,62,66
Lofotof,silvermoon,1419,paladin,holy,30,17,13
Phalex,outland,1416,paladin,holy,36,23,13
Îiî,archimonde,1415,paladin,holy,54,27,27
Bécasszelium,varimathras,1414,paladin,holy,165,82,83
Mamporro,dun-modr,1413,paladin,holy,36,19,17
Zilu,kazzak,1413,paladin,holy,47,24,23
Maitrelampe,argent-dawn,1413,paladin,holy,84,42,42
Wepalapvpbop,ravencrest,1413,paladin,holy,30,15,15
Aíe,draenor,1412,paladin,holy,98,49,49
Keltinne,ysondre,1411,paladin,holy,63,41,22
Blazeberg,tirion,1411,paladin,holy,36,20,16
Nimeron,ravencrest,1411,paladin,holy,72,30,42
Curtfizzle,kazzak,1411,paladin,holy,65,26,39
Wingcomandêr,aegwynn,1411,paladin,holy,42,16,26
Nano,veknilash,1410,paladin,holy,78,33,45
Vadomar,emerald-dream,1409,paladin,holy,78,33,45
Superalt,archimonde,1408,paladin,holy,24,15,9
Ðenlox,destromath,1408,paladin,holy,104,53,51
Дифицит,blackscar,1407,paladin,holy,87,50,37
Rekolon,antonidas,1407,paladin,holy,273,145,128
Gzerloth,ragnaros,1407,paladin,holy,36,15,21
Кельдерик,howling-fjord,1406,paladin,holy,45,24,21
Blessedpapi,draenor,1406,paladin,holy,72,32,40
Aachenbrand,blackhand,1405,paladin,holy,167,73,94
Diamir,rajaxx,1404,paladin,holy,75,55,20
Dimetrix,stormscale,1403,paladin,holy,30,15,15
Alciera,silvermoon,1402,paladin,holy,54,24,30
Аяпал,blackscar,1401,paladin,holy,72,39,33
Xenaké,kazzak,1399,paladin,holy,191,85,106
Deathsfate,defias-brotherhood,1397,paladin,holy,39,18,21
Грор,galakrond,1395,paladin,holy,79,35,44
Витёнокь,howling-fjord,1394,paladin,holy,44,29,15
Hazø,silvermoon,1394,paladin,holy,48,26,22
Cerinae,tarren-mill,1393,paladin,holy,87,41,46
Stinkepieet,blackmoore,1390,paladin,holy,48,20,28
Реколори,gordunni,1389,paladin,holy,167,91,76
Эверейс,howling-fjord,1389,paladin,holy,47,22,25
Borndark,stormscale,1389,paladin,holy,60,24,36
Kantfyrste,ravencrest,1388,paladin,holy,139,59,80
Бэнкли,soulflayer,1387,paladin,holy,78,45,33
Expot,blackmoore,1387,paladin,holy,60,34,26
Fenye,twisting-nether,1386,paladin,holy,68,32,36
Эскейпми,howling-fjord,1385,paladin,holy,35,18,17
Locofatguy,drakthul,1385,paladin,holy,149,70,79
Dlfî,hyjal,1384,paladin,holy,85,49,36
Enyol,stormscale,1384,paladin,holy,98,53,45
Noliferx,ravencrest,1383,paladin,holy,82,49,33
Rullstolen,the-maelstrom,1382,paladin,holy,48,28,20
Artherius,silvermoon,1381,paladin,holy,60,34,26
Cykadin,dun-modr,1380,paladin,holy,72,30,42
Jackieb,dun-modr,1380,paladin,holy,51,19,32
Danepala,defias-brotherhood,1378,paladin,holy,59,29,30
Zycqo,silvermoon,1377,paladin,holy,174,84,90
Elvandara,blackmoore,1377,paladin,holy,65,23,42
Scholzpala,twisting-nether,1376,paladin,holy,54,33,21
Gabriev,twisting-nether,1376,paladin,holy,49,25,24
Gimch,magtheridon,1375,paladin,holy,24,15,9
Салфеточник,thermaplugg,1375,paladin,holy,96,41,55
Pullheavy,silvermoon,1374,paladin,holy,119,54,65
Pokébowl,outland,1372,paladin,holy,60,36,24
Paakz,stormscale,1372,paladin,holy,126,69,57
Lithera,outland,1372,paladin,holy,48,22,26
Døgstømper,outland,1370,paladin,holy,29,15,14
Vivalabeef,stormscale,1367,paladin,holy,60,26,34
Unpal,ravencrest,1366,paladin,holy,42,18,24
Mecah,hyjal,1365,paladin,holy,42,21,21
Kapikøoqt,suramar,1364,paladin,holy,169,92,77
Эсерпи,gordunni,1364,paladin,holy,305,152,153
Xelqt,draenor,1361,paladin,holy,36,15,21
Goodbit,dentarg,1360,paladin,holy,59,36,23
Ramos,aggra-português,1360,paladin,holy,60,22,38
Vuup,silvermoon,1358,paladin,holy,73,42,31
Ассантийка,deathguard,1358,paladin,holy,45,21,24
Ostardo,blackhand,1357,paladin,holy,24,15,9
Flowerbud,tarren-mill,1357,paladin,holy,48,23,25
Hÿrrøkk,ysondre,1356,paladin,holy,96,62,34
Listina,twisting-nether,1356,paladin,holy,35,18,17
Aebî,dalaran,1355,paladin,holy,42,24,18
Shakalol,dun-modr,1355,paladin,holy,60,23,37
Swungling,outland,1353,paladin,holy,30,18,12
Heilgaharald,blackrock,1351,paladin,holy,110,51,59
Honeygodx,antonidas,1350,paladin,holy,45,24,21
Mikemyers,blackhand,1350,paladin,holy,42,20,22
Paiadinho,malganis,1350,paladin,holy,107,46,61
Talimañ,kazzak,1349,paladin,holy,42,23,19
Pennyxx,outland,1346,paladin,holy,23,15,8
Demonskiller,alakir,1346,paladin,holy,89,47,42
Rookzter,sylvanas,1346,paladin,holy,126,66,60
Кольт,borean-tundra,1346,paladin,holy,79,40,39
Европпа,soulflayer,1346,paladin,holy,93,30,63
Pussdocta,ravencrest,1345,paladin,holy,89,48,41
Naylaeh,draenor,1345,paladin,holy,30,15,15
Arlette,moonglade,1345,paladin,holy,72,32,40
Nudzolini,tarren-mill,1344,paladin,holy,36,22,14
Grimbold,hellfire,1343,paladin,holy,36,22,14
Jerryhârvey,kazzak,1342,paladin,holy,24,14,10
Keele,stormscale,1341,paladin,holy,69,32,37
Expander,draenor,1341,paladin,holy,36,14,22
Claudîax,kazzak,1340,paladin,holy,99,41,58
Shamoo,archimonde,1338,paladin,holy,24,14,10
Rivanii,kazzak,1338,paladin,holy,165,86,79
Itsgossiplol,twisting-nether,1338,paladin,holy,205,104,101
Freaak,dethecus,1337,paladin,holy,60,24,36
Necrocursed,blackrock,1336,paladin,holy,30,14,16
Holypapa,argent-dawn,1336,paladin,holy,60,27,33
Elians,outland,1336,paladin,holy,54,22,32
Sangriul,outland,1336,paladin,holy,93,37,56
Лимфома,goldrinn,1334,paladin,holy,65,25,40
Anythíng,kazzak,1333,paladin,holy,115,58,57
Alldo,drakthul,1333,paladin,holy,124,58,66
Ztiina,tarren-mill,1332,paladin,holy,60,27,33
Ugolf,kazzak,1331,paladin,holy,90,49,41
Steggeh,argent-dawn,1331,paladin,holy,126,51,75
Pappipala,tarren-mill,1330,paladin,holy,60,28,32
Snigglz,blackhand,1329,paladin,holy,24,14,10
Defnotsikaan,blackhand,1329,paladin,holy,30,14,16
Sixtynien,outland,1327,paladin,holy,72,36,36
Lightbrîng,hyjal,1327,paladin,holy,59,29,30
Shiøn,zuljin,1327,paladin,holy,52,21,31
Бэдмэн,deathguard,1327,paladin,holy,53,16,37
Eline,zenedar,1326,paladin,holy,48,18,30
Wrathlol,ravencrest,1325,paladin,holy,195,97,98
Arand,blackrock,1324,paladin,holy,69,42,27
Watras,drakthul,1324,paladin,holy,72,26,46
Abroxis,alleria,1321,paladin,holy,24,15,9
Imapala,tarren-mill,1321,paladin,holy,24,14,10
Aytu,blackmoore,1321,paladin,holy,39,19,20
Nde,silvermoon,1320,paladin,holy,47,20,27
Holynstuff,auchindoun,1319,paladin,holy,37,26,11
Даниэль,howling-fjord,1319,paladin,holy,66,36,30
Alard,sanguino,1319,paladin,holy,96,42,54
Maxôr,norgannon,1317,paladin,holy,48,27,21
Öbedö,malganis,1316,paladin,holy,69,34,35
Dogmatic,blackmoore,1316,paladin,holy,30,14,16
Lazyknight,silvermoon,1316,paladin,holy,60,25,35
Crusherpala,laughing-skull,1316,paladin,holy,83,33,50
Holyfrick,kazzak,1315,paladin,holy,60,28,32
Neyd,hyjal,1314,paladin,holy,60,21,39
Necrozi,stormscale,1311,paladin,holy,60,35,25
Agadin,ysondre,1310,paladin,holy,35,19,16
Noskillze,ravencrest,1309,paladin,holy,48,25,23
Bigfailure,blackmoore,1309,paladin,holy,65,21,44
Bagull,zuljin,1308,paladin,holy,94,45,49
Mitsaklas,grim-batol,1308,paladin,holy,160,69,91
Rookx,stormscale,1308,paladin,holy,66,23,43
Mythsion,blackmoore,1307,paladin,holy,36,16,20
Daizen,blackrock,1306,paladin,holy,67,45,22
Skengdaddy,ragnaros,1306,paladin,holy,84,39,45
Рэймета,soulflayer,1306,paladin,holy,42,16,26
Hezerothys,draenor,1305,paladin,holy,30,15,15
Raleknrnr,hyjal,1304,paladin,holy,30,14,16
Подлыйдим,fordragon,1303,paladin,holy,84,34,50
Croaton,burning-legion,1301,paladin,holy,24,14,10
Ärinváyá,defias-brotherhood,1301,paladin,holy,69,40,29
Ballantine,thunderhorn,1301,paladin,holy,60,31,29
Evo,drakthul,1301,paladin,holy,55,25,30
Shaggybeard,frostmane,1301,paladin,holy,36,15,21
Wyllian,grim-batol,1300,paladin,holy,83,44,39
Bubblig,silvermoon,1300,paladin,holy,30,14,16
Wellmet,stormreaver,1300,paladin,holy,30,14,16
Malodos,archimonde,1299,paladin,holy,62,33,29
Bladê,kazzak,1299,paladin,holy,66,26,40
Bovinequeef,twisting-nether,1298,paladin,holy,42,21,21
Æmiø,blackmoore,1298,paladin,holy,59,27,32
Lapew,eredar,1297,paladin,holy,27,16,11
Vonat,outland,1297,paladin,holy,54,20,34
Hîfi,blackmoore,1295,paladin,holy,147,80,67
Wernøw,archimonde,1294,paladin,holy,27,14,13
Matagladis,dun-modr,1294,paladin,holy,84,42,42
Kerven,doomhammer,1293,paladin,holy,54,22,32
Perfero,kazzak,1292,paladin,holy,42,16,26
Kocovic,tarren-mill,1289,paladin,holy,48,24,24
Judgealdo,sylvanas,1287,paladin,holy,31,16,15
Dedy,frostwhisper,1286,paladin,holy,47,24,23
Zeratris,defias-brotherhood,1286,paladin,holy,43,20,23
Gegge,kazzak,1285,paladin,holy,50,19,31
Equablex,argent-dawn,1284,paladin,holy,66,37,29
Алекхей,gordunni,1282,paladin,holy,66,28,38
Åsaruki,emerald-dream,1281,paladin,holy,48,20,28
Paellysuir,blackmoore,1280,paladin,holy,38,19,19
Ggiwastheret,kazzak,1277,paladin,holy,23,14,9
Tyktyk,draenor,1275,paladin,holy,42,24,18
Hellphrodite,aegwynn,1275,paladin,holy,27,15,12
Holyppower,frostmane,1275,paladin,holy,35,14,21
Taligon,arathor,1272,paladin,holy,42,21,21
Albertina,silvermoon,1271,paladin,holy,38,19,19
Mifuttoasort,draenor,1270,paladin,holy,54,26,28
Raeven,arygos,1270,paladin,holy,45,15,30
Gucix,sylvanas,1269,paladin,holy,89,37,52
Toradin,thunderhorn,1268,paladin,holy,49,22,27
Haros,xavius,1267,paladin,holy,43,23,20
Делатор,gordunni,1267,paladin,holy,48,22,26
Polydeukis,stormscale,1267,paladin,holy,90,34,56
Trisunonvaki,khazgoroth,1266,paladin,holy,144,78,66
Кузнейц,borean-tundra,1264,paladin,holy,52,18,34
Tíep,blackmoore,1262,paladin,holy,71,36,35
Marik,argent-dawn,1262,paladin,holy,53,24,29
Pajtash,doomhammer,1261,paladin,holy,59,29,30
Arkkipiispa,outland,1260,paladin,holy,78,40,38
Bloodsoldier,twisting-nether,1258,paladin,holy,88,45,43
Hotub,twisting-nether,1258,paladin,holy,123,57,66
Bulten,twilights-hammer,1257,paladin,holy,58,18,40
Strudell,terrordar,1254,paladin,holy,60,31,29
Kaitlyne,tarren-mill,1254,paladin,holy,97,49,48
Seinz,talnivarr,1252,paladin,holy,90,46,44
Анбели,gordunni,1252,paladin,holy,60,24,36
Reeley,drakthul,1251,paladin,holy,107,53,54
Ginbeam,aegwynn,1251,paladin,holy,100,48,52
Hogma,hyjal,1250,paladin,holy,36,14,22
Luraa,drakthul,1249,paladin,holy,42,21,21
Iovä,twisting-nether,1249,paladin,holy,225,104,121
Alastrr,hyjal,1248,paladin,holy,73,44,29
Opopoï,dalaran,1247,paladin,holy,24,15,9
Crispydixx,draenor,1247,paladin,holy,96,51,45
Mercuria,dun-modr,1247,paladin,holy,48,25,23
Небулариум,howling-fjord,1246,paladin,holy,30,13,17
Sheroo,rexxar,1244,paladin,holy,18,13,5
Pupsihasi,kelthuzad,1244,paladin,holy,35,19,16
Valkhana,draenor,1244,paladin,holy,58,29,29
Pegason,twisting-nether,1242,paladin,holy,55,30,25
Cmelacek,wildhammer,1241,paladin,holy,42,25,17
Djspresty,ravencrest,1241,paladin,holy,24,13,11
Tommoffwarrs,archimonde,1241,paladin,holy,73,35,38
Нинтендо,grom,1241,paladin,holy,156,69,87
Вертуосгодх,soulflayer,1240,paladin,holy,49,24,25
Zerafic,sylvanas,1240,paladin,holy,42,13,29
Зондарк,booty-bay,1239,paladin,holy,65,23,42
Neithi,twisting-nether,1238,paladin,holy,42,20,22
Mønargøras,blackrock,1238,paladin,holy,30,13,17
Tepowze,twisting-nether,1237,paladin,holy,30,17,13
Aelly,hyjal,1237,paladin,holy,112,56,56
Runtheshow,deathwing,1237,paladin,holy,28,14,14
Skailzpal,hyjal,1236,paladin,holy,36,21,15
Alesiah,blackhand,1235,paladin,holy,61,26,35
Kîsyhrâ,aegwynn,1234,paladin,holy,30,13,17
Nitrous,zuljin,1232,paladin,holy,36,22,14
Jaezlin,tarren-mill,1232,paladin,holy,130,70,60
Galaxxumi,ragnaros,1231,paladin,holy,32,15,17
Reudi,argent-dawn,1230,paladin,holy,54,28,26
Farata,ravencrest,1230,paladin,holy,160,78,82
Madlightsxd,dun-modr,1228,paladin,holy,36,13,23
Padraic,scarshield-legion,1227,paladin,holy,24,13,11
Ashbrìnger,aegwynn,1227,paladin,holy,24,13,11
Cowvid,grim-batol,1225,paladin,holy,30,13,17
Naenel,dun-modr,1225,paladin,holy,37,16,21
Talies,ravencrest,1224,paladin,holy,24,14,10
Aranael,nemesis,1224,paladin,holy,64,27,37
Emilíá,kazzak,1223,paladin,holy,24,13,11
Regis,dragonblight,1223,paladin,holy,74,40,34
Schrikii,archimonde,1221,paladin,holy,66,27,39
Ðeswynd,hyjal,1220,paladin,holy,83,35,48
Lightmachine,kirin-tor,1218,paladin,holy,54,36,18
Lianndrin,blackhand,1218,paladin,holy,58,25,33
Baubble,silvermoon,1216,paladin,holy,49,28,21
Beavatott,ragnaros,1216,paladin,holy,24,13,11
Калекомобиль,gordunni,1216,paladin,holy,25,13,12
Degods,ravencrest,1216,paladin,holy,36,17,19
Fleny,thrall,1215,paladin,holy,24,13,11
Preyy,eredar,1215,paladin,holy,59,30,29
Paladins,archimonde,1214,paladin,holy,38,20,18
Weserwehr,laughing-skull,1214,paladin,holy,54,27,27
Lightmamba,draenor,1214,paladin,holy,48,16,32
Babybeater,outland,1212,paladin,holy,77,36,41
Lucá,silvermoon,1211,paladin,holy,23,13,10
Ромерл,gordunni,1210,paladin,holy,223,103,120
Johnnydeeps,blackrock,1210,paladin,holy,35,13,22
Johnaggro,outland,1209,paladin,holy,46,23,23
Johnnÿsins,hyjal,1209,paladin,holy,63,28,35
Stuzzyy,ravencrest,1209,paladin,holy,36,16,20
Ragequitter,frostmane,1206,paladin,holy,18,13,5
Guidone,sylvanas,1206,paladin,holy,42,20,22
Omhz,ravencrest,1206,paladin,holy,30,14,16
Mestgone,dalaran,1206,paladin,holy,69,30,39
Rébél,argent-dawn,1206,paladin,holy,42,17,25
Skarn,pozzo-delleternità,1205,paladin,holy,37,15,22
Satipal,sargeras,1205,paladin,holy,116,45,71
Warkyria,sanguino,1204,paladin,holy,31,15,16
Faildin,arathor,1204,paladin,holy,101,48,53
Míxu,stormreaver,1204,paladin,holy,59,26,33
Mjabubble,stormscale,1203,paladin,holy,90,51,39
Skolisse,kazzak,1202,paladin,holy,146,75,71
Aéther,quelthalas,1201,paladin,holy,26,15,11
Xastur,rexxar,1201,paladin,holy,33,17,16
Майдмен,gordunni,1200,paladin,holy,66,37,29
Demecir,twisting-nether,1198,paladin,holy,204,96,108
Trastos,wildhammer,1197,paladin,holy,78,40,38
Tucibi,hyjal,1196,paladin,holy,42,24,18
Nobodycanxit,twisting-nether,1194,paladin,holy,36,16,20
Trístesse,tarren-mill,1193,paladin,holy,173,89,84
Shoby,silvermoon,1192,paladin,holy,36,17,19
Angioh,twisting-nether,1190,paladin,holy,36,16,20
Lightaldo,bladefist,1188,paladin,holy,24,14,10
Holymax,gorgonnash,1188,paladin,holy,45,25,20
Сашокс,gordunni,1188,paladin,holy,54,23,31
Ikbenmani,tarren-mill,1187,paladin,holy,36,20,16
Кейлол,soulflayer,1186,paladin,holy,71,31,40
Ninko,sylvanas,1185,paladin,holy,60,31,29
Boric,bloodhoof,1184,paladin,holy,29,16,13
Keryann,argent-dawn,1183,paladin,holy,108,53,55
Pisdez,malganis,1183,paladin,holy,54,24,30
Longa,kazzak,1181,paladin,holy,26,14,12
Skwáru,burning-legion,1179,paladin,holy,77,30,47
Фэрплэйн,gordunni,1178,paladin,holy,48,22,26
Kayndornek,ravencrest,1178,paladin,holy,78,35,43
Shiidori,aegwynn,1175,paladin,holy,57,23,34
Kiyam,kelthuzad,1174,paladin,holy,18,13,5
Battosaix,aegwynn,1174,paladin,holy,24,13,11
Holycoomer,silvermoon,1174,paladin,holy,26,13,13
Rôlfzukowzky,guldan,1173,paladin,holy,30,14,16
Verianer,shadowsong,1172,paladin,holy,70,42,28
Ithealy,twisting-nether,1172,paladin,holy,66,34,32
Неиспоримый,soulflayer,1172,paladin,holy,30,13,17
Ritiv,stormreaver,1172,paladin,holy,123,52,71
Rhulana,blackrock,1171,paladin,holy,67,41,26
Affiicous,silvermoon,1171,paladin,holy,60,19,41
Dawnforged,stormscale,1170,paladin,holy,78,34,44
Manole,ravencrest,1168,paladin,holy,35,17,18
Цитология,borean-tundra,1166,paladin,holy,39,15,24
Golldy,burning-legion,1165,paladin,holy,27,15,12
Puiçanpal,archimonde,1163,paladin,holy,30,15,15
Elohim,echsenkessel,1163,paladin,holy,154,71,83
Moobykin,stormscale,1161,paladin,holy,30,13,17
Ырбис,soulflayer,1159,paladin,holy,34,13,21
Taraniah,argent-dawn,1154,paladin,holy,71,36,35
Arcanïk,archimonde,1153,paladin,holy,43,16,27
Kaki,gorgonnash,1151,paladin,holy,18,12,6
Dompèrignon,stormscale,1151,paladin,holy,24,12,12
Wedervärdig,twilights-hammer,1151,paladin,holy,54,23,31
Алексендлерх,soulflayer,1149,paladin,holy,18,12,6
Ondx,silvermoon,1147,paladin,holy,18,12,6
Strykar,aggra-português,1147,paladin,holy,60,30,30
Holydano,stormscale,1145,paladin,holy,21,13,8
Archîmondê,marécage-de-zangar,1144,paladin,holy,36,12,24
Eskorbuto,dun-modr,1143,paladin,holy,51,24,27
Med,malganis,1143,paladin,holy,60,25,35
Trolladincho,twisting-nether,1141,paladin,holy,54,25,29
Gromezrael,elune,1141,paladin,holy,42,19,23
Eoox,outland,1140,paladin,holy,24,12,12
Thickets,argent-dawn,1140,paladin,holy,38,18,20
Mccrit,ravencrest,1139,paladin,holy,43,25,18
Kambood,twisting-nether,1138,paladin,holy,165,72,93
Мэйр,howling-fjord,1137,paladin,holy,42,17,25
Yonì,thrall,1136,paladin,holy,18,12,6
Minouminou,archimonde,1136,paladin,holy,24,13,11
Lezoom,draenor,1136,paladin,holy,79,40,39
Даняхгод,gordunni,1136,paladin,holy,30,13,17
Milesteris,medivh,1134,paladin,holy,24,14,10
Sepha,eonar,1134,paladin,holy,42,24,18
Cadila,silvermoon,1134,paladin,holy,54,25,29
Mirabol,hyjal,1133,paladin,holy,42,16,26
Holdmybible,the-maelstrom,1132,paladin,holy,24,12,12
Jasiv,draenor,1132,paladin,holy,36,14,22
Palix,dalaran,1132,paladin,holy,36,12,24
Ниссида,blackscar,1131,paladin,holy,65,32,33
Slistrash,outland,1130,paladin,holy,83,42,41
Hellwave,stormscale,1129,paladin,holy,24,13,11
Spankmeproof,kazzak,1128,paladin,holy,30,12,18
Paxiffs,eredar,1128,paladin,holy,36,12,24
Psycholas,ysondre,1127,paladin,holy,35,18,17
Doomheart,drakthul,1127,paladin,holy,47,21,26
Alextrazite,kazzak,1123,paladin,holy,24,12,12
Yaj,magtheridon,1122,paladin,holy,59,27,32
Zebramann,silvermoon,1121,paladin,holy,48,20,28
Zodshock,stormscale,1121,paladin,holy,30,12,18
Санэрдин,soulflayer,1120,paladin,holy,28,13,15
Uzuriel,chogall,1119,paladin,holy,404,187,217
Zerfleddern,aegwynn,1118,paladin,holy,149,73,76
Striike,drakthul,1117,paladin,holy,29,12,17
Echooes,ravencrest,1116,paladin,holy,237,101,136
Gaskohle,blackmoore,1115,paladin,holy,23,12,11
Kanina,outland,1114,paladin,holy,58,23,35
Tscheba,kazzak,1109,paladin,holy,82,42,40
Unithral,durotan,1107,paladin,holy,24,12,12
Mozzie,archimonde,1105,paladin,holy,207,91,116
Kaleto,ragnaros,1102,paladin,holy,65,38,27
Paidi,die-todeskrallen,1101,paladin,holy,74,34,40
Джонигодх,gordunni,1100,paladin,holy,21,12,9
Minui,onyxia,1100,paladin,holy,30,12,18
Ланиакеа,deathguard,1098,paladin,holy,51,26,25
Truthbearer,darksorrow,1098,paladin,holy,134,62,72
Leon,veknilash,1098,paladin,holy,126,52,74
Eastranspal,ravencrest,1096,paladin,holy,36,13,23
Dryntee,blackmoore,1095,paladin,holy,21,13,8
Ymô,archimonde,1095,paladin,holy,24,12,12
Darkironpala,argent-dawn,1095,paladin,holy,59,28,31
Кукусяшка,gordunni,1094,paladin,holy,32,12,20
Kirilux,dun-modr,1093,paladin,holy,24,12,12
Yokurolel,sanguino,1092,paladin,holy,48,29,19
Debts,aggramar,1092,paladin,holy,40,13,27
Baixinho,aggra-português,1090,paladin,holy,43,20,23
Stonebeard,ahnqiraj,1088,paladin,holy,81,48,33
Ampoula,ravencrest,1088,paladin,holy,28,12,16
Nosn,ravencrest,1087,paladin,holy,66,34,32
Tentacruel,dalaran,1087,paladin,holy,24,12,12
Kherathan,argent-dawn,1086,paladin,holy,52,26,26
Dabstar,antonidas,1086,paladin,holy,88,41,47
Макспал,lich-king,1085,paladin,holy,22,14,8
Bígpumprz,archimonde,1085,paladin,holy,35,17,18
Rejst,drakthul,1085,paladin,holy,35,12,23
Ларенси,gordunni,1084,paladin,holy,41,18,23
Perpon,exodar,1082,paladin,holy,48,21,27
Ragua,tarren-mill,1082,paladin,holy,66,23,43
Paladzor,twisting-nether,1082,paladin,holy,38,13,25
Masuroc,antonidas,1081,paladin,holy,24,12,12
Neverbuble,archimonde,1081,paladin,holy,79,34,45
Poundcake,stormscale,1080,paladin,holy,86,43,43
Darvius,auchindoun,1080,paladin,holy,93,44,49
Ashmaden,tarren-mill,1077,paladin,holy,87,49,38
Новирка,deathguard,1077,paladin,holy,60,25,35
Dunka,twisting-nether,1076,paladin,holy,154,77,77
Mscrabtree,aggramar,1076,paladin,holy,30,13,17
Ðuïvel,grim-batol,1076,paladin,holy,28,12,16
Naliax,ravencrest,1072,paladin,holy,29,12,17
Jessìca,ravenholdt,1070,paladin,holy,60,31,29
Elisiell,turalyon,1070,paladin,holy,36,15,21
Zeret,twisting-nether,1068,paladin,holy,35,15,20
Bàldur,dalaran,1067,paladin,holy,42,22,20
Paliat,silvermoon,1066,paladin,holy,31,12,19
Luzcian,zuljin,1065,paladin,holy,64,24,40
Ýâðæßêæßðæðð,ragnaros,1064,paladin,holy,28,14,14
Palidi,tarren-mill,1064,paladin,holy,42,16,26
Молотуля,howling-fjord,1063,paladin,holy,29,12,17
Barundarr,arthas,1061,paladin,holy,27,12,15
Загадзуга,howling-fjord,1060,paladin,holy,23,17,6
Vintar,quelthalas,1058,paladin,holy,57,31,26
Feldrøider,nemesis,1057,paladin,holy,60,32,28
Mowik,archimonde,1056,paladin,holy,78,36,42
Djaléxx,kazzak,1056,paladin,holy,36,11,25
Flashyplays,silvermoon,1055,paladin,holy,36,26,10
Casmira,blackrock,1055,paladin,holy,18,11,7
Yimnotprot,ravencrest,1055,paladin,holy,18,11,7
Palanolmal,dun-modr,1055,paladin,holy,45,22,23
Безбабла,soulflayer,1055,paladin,holy,36,15,21
Zendæ,archimonde,1054,paladin,holy,18,11,7
Palasaadka,dun-modr,1054,paladin,holy,18,11,7
Palaadschin,festung-der-stürme,1054,paladin,holy,54,25,29
Misarosh,drakthul,1054,paladin,holy,24,11,13
Brutalmate,burning-blade,1054,paladin,holy,33,14,19
Polixeni,draenor,1054,paladin,holy,42,11,31
Dylodin,silvermoon,1053,paladin,holy,24,11,13
Obviously,echsenkessel,1053,paladin,holy,30,11,19
Kaktuszfüge,ragnaros,1052,paladin,holy,58,35,23
Nicewar,silvermoon,1052,paladin,holy,58,29,29
Penth,doomhammer,1052,paladin,holy,24,11,13
Дезоиль,gordunni,1052,paladin,holy,30,11,19
Thaliasword,sylvanas,1052,paladin,holy,30,11,19
Billkop,silvermoon,1051,paladin,holy,49,24,25
Whatisapalla,ragnaros,1051,paladin,holy,30,11,19
Impro,archimonde,1051,paladin,holy,30,11,19
Скайлайтх,soulflayer,1050,paladin,holy,24,11,13
Pâmê,kazzak,1049,paladin,holy,30,12,18
Missfez,the-maelstrom,1049,paladin,holy,30,11,19
Thraìn,ravencrest,1049,paladin,holy,30,11,19
Mvppaladin,thrall,1048,paladin,holy,12,11,1
Serim,dun-modr,1048,paladin,holy,149,67,82
Rdypaladin,ravencrest,1047,paladin,holy,24,11,13
Inuyashiki,blackmoore,1047,paladin,holy,30,11,19
Dimeric,outland,1044,paladin,holy,24,11,13
Cmen,silvermoon,1043,paladin,holy,109,54,55
Паландис,howling-fjord,1042,paladin,holy,54,23,31
Niechepala,grim-batol,1042,paladin,holy,30,11,19
Fearleß,malganis,1041,paladin,holy,18,11,7
Fract,aggramar,1041,paladin,holy,63,32,31
Lènnja,baelgun,1041,paladin,holy,24,11,13
Healslol,aegwynn,1041,paladin,holy,37,12,25
Swormp,aggra-português,1039,paladin,holy,24,11,13
Kuhs,eredar,1038,paladin,holy,59,23,36
Burkaal,antonidas,1037,paladin,holy,30,12,18
Satip,archimonde,1036,paladin,holy,48,31,17
Stelara,ravencrest,1036,paladin,holy,30,13,17
Holÿbeard,ravencrest,1036,paladin,holy,31,12,19
Grimsz,ysondre,1036,paladin,holy,36,11,25
Starfula,archimonde,1035,paladin,holy,18,11,7
Гуэргос,gordunni,1034,paladin,holy,24,11,13
Sheldon,sylvanas,1034,paladin,holy,35,14,21
Çrúsader,frostmane,1032,paladin,holy,36,18,18
Фломастер,gordunni,1031,paladin,holy,66,28,38
Koreanpistol,aegwynn,1030,paladin,holy,55,21,34
Syrenia,die-silberne-hand,1029,paladin,holy,58,17,41
Кардеро,gordunni,1027,paladin,holy,24,11,13
Crusadelight,alakir,1026,paladin,holy,134,65,69
Mjølnîr,eredar,1025,paladin,holy,36,12,24
Purificatoru,draenor,1024,paladin,holy,54,26,28
Galadørn,elune,1022,paladin,holy,30,11,19
Ugurpala,sylvanas,1016,paladin,holy,24,11,13
Hörse,outland,1014,paladin,holy,18,11,7
Darhuun,antonidas,1012,paladin,holy,60,23,37
Palir,ysondre,1010,paladin,holy,24,11,13
Paliester,stormscale,1007,paladin,holy,18,12,6
Himmelsfuror,proudmoore,1007,paladin,holy,29,12,17
Høpé,malganis,1004,paladin,holy,92,43,49
Zetla,khaz-modan,1001,paladin,holy,40,18,22
Crsader,antonidas,999,paladin,holy,48,25,23
Флаила,ashenvale,999,paladin,holy,36,18,18
Hëüss,suramar,998,paladin,holy,23,11,12
Droseros,sylvanas,997,paladin,holy,35,11,24
Пегая,soulflayer,994,paladin,holy,24,13,11
Buddy,conseil-des-ombres,988,paladin,holy,50,24,26
Ryuzu,khazgoroth,985,paladin,holy,41,20,21
Áfx,blackmoore,985,paladin,holy,44,17,27
Первыйпал,blackscar,982,paladin,holy,91,48,43
Cerseï,frostmane,979,paladin,holy,41,13,28
Kpunkpam,dun-modr,976,paladin,holy,44,24,20
Ubiquitous,kazzak,975,paladin,holy,29,11,18
Ирэуль,gordunni,972,paladin,holy,36,13,23
Fleshoflight,arathor,972,paladin,holy,74,26,48
Selenaluna,turalyon,967,paladin,holy,48,17,31
Øsirix,archimonde,966,paladin,holy,66,26,40
Rapidforce,kazzak,965,paladin,holy,102,51,51
Ударник,soulflayer,964,paladin,holy,54,30,24
Rafox,malygos,964,paladin,holy,42,17,25
Byoß,ravencrest,960,paladin,holy,18,10,8
Skydor,silvermoon,960,paladin,holy,99,39,60
Юмэйнару,deepholm,959,paladin,holy,18,10,8
Ozzuum,twisting-nether,959,paladin,holy,18,10,8
Cptlighter,draenor,959,paladin,holy,30,10,20
Herayo,aegwynn,958,paladin,holy,24,10,14
Kapsloch,twisting-nether,958,paladin,holy,36,10,26
Whórainzóne,eredar,958,paladin,holy,36,10,26
Demytxx,silvermoon,957,paladin,holy,30,10,20
Rubadubskrub,silvermoon,957,paladin,holy,54,17,37
Cahirs,ravencrest,957,paladin,holy,36,10,26
Ellisdee,kazzak,956,paladin,holy,12,10,2
Crashband,bronzebeard,956,paladin,holy,18,10,8
Ayuwings,ravencrest,956,paladin,holy,24,10,14
Shockhoe,tarren-mill,955,paladin,holy,24,10,14
Paluladin,turalyon,954,paladin,holy,18,10,8
Zymotíx,stormscale,954,paladin,holy,30,10,20
Pb,twilights-hammer,953,paladin,holy,18,10,8
Brøadway,eredar,953,paladin,holy,19,10,9
Roshï,tarren-mill,953,paladin,holy,30,10,20
Cenox,antonidas,952,paladin,holy,30,14,16
Iauna,tarren-mill,952,paladin,holy,30,10,20
Runeington,silvermoon,951,paladin,holy,18,10,8
Dánn,outland,950,paladin,holy,18,10,8
Tömmÿ,draenor,950,paladin,holy,52,24,28
Dunutunicorn,argent-dawn,950,paladin,holy,24,10,14
Bcrp,ragnaros,950,paladin,holy,30,10,20
Оберинмартел,blackscar,949,paladin,holy,48,25,23
Випанк,howling-fjord,949,paladin,holy,155,60,95
Savitri,drakthul,948,paladin,holy,24,10,14
Churrucuca,minahonda,948,paladin,holy,33,13,20
Алекссис,blackscar,948,paladin,holy,78,30,48
Enslar,sanguino,947,paladin,holy,12,10,2
Legenda,grim-batol,946,paladin,holy,48,20,28
Tmàc,twisting-nether,946,paladin,holy,36,10,26
Datz,nerathor,943,paladin,holy,24,10,14
Groove,colinas-pardas,941,paladin,holy,34,11,23
Yasmira,frostmourne,940,paladin,holy,36,19,17
Messîah,outland,939,paladin,holy,43,19,24
Colpadeltank,kazzak,939,paladin,holy,54,15,39
Holyhooves,thrall,936,paladin,holy,18,10,8
Clerik,eredar,936,paladin,holy,88,42,46
Avengilo,silvermoon,936,paladin,holy,24,11,13
Holiguy,twisting-nether,935,paladin,holy,18,10,8
Tärkan,chogall,935,paladin,holy,24,10,14
Синрайчик,gordunni,934,paladin,holy,36,16,20
Paladons,darksorrow,933,paladin,holy,41,22,19
Silvers,steamwheedle-cartel,932,paladin,holy,118,44,74
Catali,sanguino,931,paladin,holy,115,54,61
Khaerhadur,argent-dawn,930,paladin,holy,89,28,61
Ázot,burning-legion,929,paladin,holy,48,19,29
Djalexx,kazzak,927,paladin,holy,23,10,13
Ridethelight,nemesis,922,paladin,holy,30,15,15
Santtox,dun-modr,919,paladin,holy,34,11,23
Menagron,tarren-mill,917,paladin,holy,43,19,24
Imaturtle,darksorrow,915,paladin,holy,41,10,31
Divinelightz,kazzak,914,paladin,holy,25,14,11
Fifisztos,burning-legion,911,paladin,holy,27,13,14
Scumbakitty,ysondre,911,paladin,holy,29,10,19
Óverdóse,nagrand,909,paladin,holy,43,22,21
Reeceboss,ravencrest,906,paladin,holy,29,12,17
Cøllinz,ragnaros,904,paladin,holy,21,10,11
Palolog,burning-legion,904,paladin,holy,55,12,43
Heyley,twisting-nether,903,paladin,holy,21,11,10
Mýv,archimonde,902,paladin,holy,72,28,44
Паблойд,deathguard,896,paladin,holy,23,10,13
Sweestance,minahonda,895,paladin,holy,230,100,130
Ашкаил,fordragon,895,paladin,holy,34,10,24
Eledhwen,mannoroth,893,paladin,holy,24,11,13
Autyzmterror,silvermoon,893,paladin,holy,44,12,32
Shakziva,draenor,892,paladin,holy,35,14,21
Amolan,drakthul,888,paladin,holy,115,63,52
Яполковник,gordunni,887,paladin,holy,53,30,23
Theisixtus,drakthul,883,paladin,holy,23,12,11
Àkí,blackmoore,883,paladin,holy,35,14,21
Даурия,soulflayer,883,paladin,holy,28,10,18
Nykothpn,ghostlands,881,paladin,holy,59,19,40
Karnwield,kirin-tor,875,paladin,holy,38,16,22
Likkik,tarren-mill,864,paladin,holy,12,9,3
Sorfalix,silvermoon,864,paladin,holy,12,9,3
Æffy,nemesis,864,paladin,holy,12,9,3
Криптонитх,blackscar,864,paladin,holy,18,9,9
Лайхтни,gordunni,864,paladin,holy,18,9,9
Rezvaya,tarren-mill,864,paladin,holy,24,9,15
Catpoopnacho,blackmoore,863,paladin,holy,12,9,3
Cunix,draenor,863,paladin,holy,12,9,3
Móeixü,silvermoon,863,paladin,holy,18,9,9
Waynex,twisting-nether,863,paladin,holy,18,9,9
Bossedin,aszune,863,paladin,holy,18,9,9
Дэнриэль,howling-fjord,863,paladin,holy,24,9,15
Évo,drakthul,863,paladin,holy,24,9,15
Язвавгорле,soulflayer,863,paladin,holy,24,9,15
Yoanie,draenor,862,paladin,holy,12,9,3
Висперок,soulflayer,862,paladin,holy,12,9,3
Solazola,blackmoore,862,paladin,holy,18,9,9
Ванябублгам,soulflayer,861,paladin,holy,24,9,15
Mohamedx,tarren-mill,861,paladin,holy,24,9,15
Niou,alleria,861,paladin,holy,24,9,15
Firetorch,twisting-nether,861,paladin,holy,30,9,21
Nusbie,argent-dawn,861,paladin,holy,30,9,21
Инблумхх,blackscar,860,paladin,holy,18,9,9
Calipse,outland,860,paladin,holy,24,9,15
Elfaza,uldum,860,paladin,holy,36,9,27
Bjammin,burning-legion,859,paladin,holy,48,18,30
Fotmfactory,burning-blade,859,paladin,holy,24,9,15
Toxicmo,kazzak,858,paladin,holy,12,9,3
Smirk,aggra-português,857,paladin,holy,12,9,3
Truko,frostwolf,857,paladin,holy,24,9,15
Dalfor,aggramar,856,paladin,holy,12,9,3
Elganor,hyjal,856,paladin,holy,18,9,9
Lurdz,sylvanas,855,paladin,holy,20,11,9
Ауё,blackscar,855,paladin,holy,24,9,15
Nezrus,dun-modr,855,paladin,holy,24,9,15
Ðãwën,uldaman,854,paladin,holy,18,9,9
Kraajp,stormscale,853,paladin,holy,24,9,15
Holyherb,the-maelstrom,852,paladin,holy,18,9,9
Clegâne,antonidas,847,paladin,holy,12,9,3
Qyrija,malganis,845,paladin,holy,18,9,9
Jargot,antonidas,844,paladin,holy,30,13,17
Vanghelie,doomhammer,843,paladin,holy,24,11,13
Omnimus,draenor,842,paladin,holy,12,9,3
Tarhal,guldan,841,paladin,holy,18,9,9
Nemebotddos,dun-modr,831,paladin,holy,23,9,14
Veelris,kazzak,825,paladin,holy,72,33,39
Миллагрессия,soulflayer,824,paladin,holy,143,59,84
Odensson,sylvanas,823,paladin,holy,30,9,21
Chantal,gilneas,822,paladin,holy,42,18,24
Mustangs,archimonde,821,paladin,holy,45,15,30
Arabicbomb,archimonde,819,paladin,holy,23,9,14
Salubrifie,archimonde,817,paladin,holy,18,9,9
Pepegasensei,ravencrest,805,paladin,holy,19,10,9
Trudi,arthas,805,paladin,holy,21,10,11
Marcosaurio,stormscale,800,paladin,holy,28,9,19
Bbcanalyzed,blackmoore,798,paladin,holy,32,10,22
Lèonarth,pozzo-delleternità,794,paladin,holy,22,10,12
Pölark,archimonde,790,paladin,holy,41,14,27
Palafrugell,sanguino,789,paladin,holy,32,13,19
Oscardrei,norgannon,786,paladin,holy,30,10,20
Халлейя,gordunni,768,paladin,holy,12,8,4
Meldi,dalaran,768,paladin,holy,12,8,4
Ayepal,grim-batol,768,paladin,holy,12,8,4
Fashiôn,sylvanas,768,paladin,holy,18,8,10
Gayestpala,ravencrest,768,paladin,holy,18,8,10
Tyralia,archimonde,767,paladin,holy,12,8,4
Ivailo,outland,767,paladin,holy,12,8,4
Otush,blackmoore,767,paladin,holy,12,8,4
Darkoulipal,ravencrest,767,paladin,holy,12,8,4
Demytx,burning-legion,767,paladin,holy,16,9,7
Ethurospal,tarren-mill,767,paladin,holy,18,8,10
Micrøsi,thrall,767,paladin,holy,18,8,10
Qpax,twisting-nether,767,paladin,holy,18,8,10
Eky,stormreaver,767,paladin,holy,36,8,28
Kilogosa,frostmane,766,paladin,holy,12,8,4
Bjôrnstad,ravencrest,766,paladin,holy,12,8,4
Heimdalen,moonglade,766,paladin,holy,18,8,10
Tytharion,silvermoon,766,paladin,holy,18,8,10
Bezvakost,thunderhorn,766,paladin,holy,18,8,10
Бебралом,howling-fjord,766,paladin,holy,18,8,10
Thudor,ravencrest,766,paladin,holy,27,9,18
Môdhân,archimonde,765,paladin,holy,12,8,4
Анофарин,gordunni,765,paladin,holy,18,8,10
Bighammerx,ravencrest,765,paladin,holy,18,8,10
Coopz,defias-brotherhood,765,paladin,holy,18,8,10
Chewwaka,bloodhoof,765,paladin,holy,23,8,15
Спэнсэр,gordunni,764,paladin,holy,12,8,4
Syfaria,eldrethalas,761,paladin,holy,18,8,10
Synoh,silvermoon,761,paladin,holy,24,8,16
Wrede,the-maelstrom,760,paladin,holy,24,8,16
Radhya,sargeras,757,paladin,holy,24,8,16
Эвердрим,soulflayer,756,paladin,holy,30,12,18
Amnésía,twisting-nether,728,paladin,holy,23,8,15
Anemonaa,argent-dawn,722,paladin,holy,18,8,10
Thiccmixy,stormscale,719,paladin,holy,17,8,9
Pallnatoke,silvermoon,711,paladin,holy,29,9,20
Kubrat,eredar,709,paladin,holy,96,31,65
Lacertosus,nemesis,687,paladin,holy,17,8,9
Kárlsberg,aegwynn,683,paladin,holy,32,13,19
Аидахо,gordunni,679,paladin,holy,31,12,19
Sínístèr,kazzak,672,paladin,holy,12,7,5
Gtgpiscine,kirin-tor,672,paladin,holy,12,7,5
Babaluga,blackrock,672,paladin,holy,12,7,5
Gigajudge,blackrock,672,paladin,holy,12,7,5
Mearsheimer,ysondre,672,paladin,holy,12,7,5
Электрокинг,lich-king,672,paladin,holy,12,7,5
Minpaladin,aegwynn,672,paladin,holy,16,8,8
Djalex,kazzak,672,paladin,holy,18,7,11
Istani,twisting-nether,672,paladin,holy,18,7,11
Léinãd,kazzak,672,paladin,holy,18,7,11
Нетораре,howling-fjord,672,paladin,holy,18,7,11
Achtfufzig,eredar,672,paladin,holy,18,7,11
Вивай,howling-fjord,672,paladin,holy,18,7,11
Holyazzwhup,aegwynn,671,paladin,holy,12,7,5
Daddysiliam,ravencrest,671,paladin,holy,12,7,5
Rápunzél,blackmoore,671,paladin,holy,12,7,5
Цианат,eversong,671,paladin,holy,18,7,11
Skatiaringos,silvermoon,671,paladin,holy,18,7,11
Ämkaz,archimonde,671,paladin,holy,18,7,11
Хоулик,howling-fjord,671,paladin,holy,18,7,11
Hampoof,blackrock,671,paladin,holy,18,7,11
Yrony,gorgonnash,671,paladin,holy,18,7,11
Linnea,kazzak,671,paladin,holy,24,7,17
Thorosus,nathrezim,670,paladin,holy,12,7,5
Hølymaid,blackmoore,670,paladin,holy,12,7,5
Ownkas,kazzak,670,paladin,holy,12,7,5
Pârabellum,the-maelstrom,670,paladin,holy,18,7,11
Tyrallan,ragnaros,670,paladin,holy,24,7,17
Videogame,twilights-hammer,669,paladin,holy,12,7,5
Avengers,sylvanas,669,paladin,holy,12,7,5
Бладиполи,soulflayer,669,paladin,holy,18,7,11
Luckies,drakthul,668,paladin,holy,12,7,5
Wäsabi,khaz-modan,668,paladin,holy,18,7,11
Luminix,ragnaros,667,paladin,holy,12,7,5
Edwín,tichondrius,667,paladin,holy,12,7,5
Митреса,howling-fjord,667,paladin,holy,12,7,5
Unkillablee,stormscale,667,paladin,holy,24,7,17
Ventrue,hyjal,666,paladin,holy,18,7,11
Mbp,blackmoore,665,paladin,holy,12,7,5
Рамго,grom,665,paladin,holy,12,7,5
Leadfoot,argent-dawn,665,paladin,holy,24,7,17
Juicemachine,silvermoon,663,paladin,holy,12,7,5
Düster,frostwolf,662,paladin,holy,18,7,11
Oswoldio,ravencrest,659,paladin,holy,24,7,17
Langibo,malfurion,658,paladin,holy,12,7,5
Sagaruki,emerald-dream,654,paladin,holy,23,7,16
Strugglebusx,outland,650,paladin,holy,19,9,10
Finpála,kul-tiras,648,paladin,holy,13,9,4
Rezilience,archimonde,639,paladin,holy,10,7,3
Selì,die-aldor,639,paladin,holy,22,7,15
Kansenbass,outland,637,paladin,holy,17,7,10
Xe,kaelthas,637,paladin,holy,22,7,15
Торсгард,howling-fjord,622,paladin,holy,15,8,7
Meive,sanguino,622,paladin,holy,17,7,10
Yezel,dalaran,621,paladin,holy,17,7,10
Bonsamedi,garona,620,paladin,holy,27,8,19
Djozeeph,burning-legion,618,paladin,holy,11,7,4
Fluentx,ravencrest,618,paladin,holy,22,8,14
Gunshøtx,archimonde,616,paladin,holy,28,10,18
Пауэрлайт,blackscar,610,paladin,holy,34,9,25
Catsnek,darksorrow,590,paladin,holy,19,7,12
Superpopa,twisting-nether,590,paladin,holy,19,7,12
Дантепаладос,soulflayer,583,paladin,holy,49,7,42
Verlinya,archimonde,576,paladin,holy,12,6,6
Iîvîl,ravencrest,576,paladin,holy,12,6,6
Kiingen,ragnaros,576,paladin,holy,12,6,6
Bapêe,thrall,576,paladin,holy,12,6,6
Dyslexineef,defias-brotherhood,576,paladin,holy,12,6,6
Хохахо,howling-fjord,576,paladin,holy,12,6,6
Vôltuxx,outland,576,paladin,holy,12,6,6
Жухолова,howling-fjord,576,paladin,holy,12,6,6
Heilbuch,durotan,576,paladin,holy,12,6,6
Tereyan,draenor,576,paladin,holy,12,6,6
Holyfuchsia,ravencrest,576,paladin,holy,12,6,6
Держинский,gordunni,576,paladin,holy,12,6,6
Ajany,blackmoore,576,paladin,holy,12,6,6
Nádrüstál,kazzak,576,paladin,holy,12,6,6
Ben,ghostlands,576,paladin,holy,12,6,6
Rane,arthas,576,paladin,holy,12,6,6
Kanketo,korgall,576,paladin,holy,12,6,6
Roqu,nathrezim,576,paladin,holy,12,6,6
Idontknow,nemesis,576,paladin,holy,12,6,6
Fahqmeh,thrall,576,paladin,holy,18,6,12
Westranspal,ravencrest,576,paladin,holy,18,6,12
Youngkiwi,blackrock,576,paladin,holy,18,6,12
Êzekiel,draenor,576,paladin,holy,18,6,12
Ecormcpx,eredar,576,paladin,holy,18,6,12
Averagepala,stormscale,576,paladin,holy,18,6,12
Демига,ashenvale,576,paladin,holy,18,6,12
Semtexx,antonidas,576,paladin,holy,24,6,18
Amôn,outland,576,paladin,holy,28,6,22
Heldarim,ysondre,576,paladin,holy,36,6,30
Juliebee,blackmoore,575,paladin,holy,12,6,6
Rohanan,blackrock,575,paladin,holy,12,6,6
Gulyas,tarren-mill,575,paladin,holy,12,6,6
Omgsoholy,stormscale,575,paladin,holy,12,6,6
Friendadin,chamber-of-aspects,575,paladin,holy,12,6,6
Cóól,cthun,575,paladin,holy,12,6,6
Ramels,hyjal,575,paladin,holy,12,6,6
Rektalinfekt,malganis,575,paladin,holy,12,6,6
Dragonwingz,kazzak,575,paladin,holy,12,6,6
Taengoo,frostwhisper,575,paladin,holy,12,6,6
Pussas,burning-legion,575,paladin,holy,18,6,12
Snajajin,dethecus,575,paladin,holy,18,6,12
Lichbörnè,outland,575,paladin,holy,18,6,12
Jeyløl,antonidas,574,paladin,holy,12,6,6
Elsirosel,dun-modr,574,paladin,holy,12,6,6
Vulgati,kazzak,574,paladin,holy,24,6,18
Darthdin,stormscale,572,paladin,holy,12,6,6
Rosemary,mugthol,570,paladin,holy,12,6,6
Alearai,ravenholdt,533,paladin,holy,22,8,14
Kone,drakthul,528,paladin,holy,9,7,2
Nam,culte-de-la-rive-noire,527,paladin,holy,11,6,5
Heavel,thrall,527,paladin,holy,17,6,11
Elp,ysondre,526,paladin,holy,15,6,9
Böömie,blackmoore,523,paladin,holy,21,6,15
Dragg,kirin-tor,522,paladin,holy,17,8,9
Hearten,outland,512,paladin,holy,10,6,4
Teksor,frostmourne,480,paladin,holy,6,5,1
Vänëssä,sylvanas,480,paladin,holy,6,5,1
Athàs,ysondre,480,paladin,holy,6,5,1
Wârlørd,sylvanas,480,paladin,holy,6,5,1
Deliveröö,silvermoon,480,paladin,holy,6,5,1
Tejbzx,blackmoore,480,paladin,holy,6,5,1
Înphy,cthun,480,paladin,holy,12,5,7
Lezin,thrall,480,paladin,holy,12,5,7
Ксайлэти,gordunni,480,paladin,holy,12,5,7
Zaphiri,pozzo-delleternità,480,paladin,holy,12,5,7
Холишоок,gordunni,480,paladin,holy,12,5,7
Dimdon,silvermoon,480,paladin,holy,12,5,7
Chodegobbler,draenor,480,paladin,holy,12,5,7
Ornosh,draenor,480,paladin,holy,12,5,7
Alennya,dalaran,480,paladin,holy,12,5,7
Zunis,jaedenar,480,paladin,holy,12,5,7
Astridx,kazzak,480,paladin,holy,12,5,7
Sumecbtw,aegwynn,480,paladin,holy,12,5,7
Jínnx,outland,480,paladin,holy,12,5,7
Justix,arathor,480,paladin,holy,12,5,7
Glassbaren,draenor,480,paladin,holy,12,5,7
Padrak,eredar,480,paladin,holy,12,5,7
Monkeyclass,blackmoore,480,paladin,holy,12,5,7
Docoùla,twisting-nether,480,paladin,holy,12,5,7
Shinesalot,kazzak,480,paladin,holy,12,5,7
Аффикстинка,soulflayer,480,paladin,holy,12,5,7
Braînbug,blackmoore,480,paladin,holy,12,5,7
Flanderspal,ravencrest,480,paladin,holy,12,5,7
Plaeschrmaex,aegwynn,480,paladin,holy,12,5,7
Ÿani,argent-dawn,480,paladin,holy,12,5,7
Yzzy,ravencrest,480,paladin,holy,12,5,7
Fluv,ravencrest,480,paladin,holy,12,5,7
Morthiel,burning-blade,480,paladin,holy,12,5,7
Kroghct,tarren-mill,480,paladin,holy,12,5,7
Dohmie,twisting-nether,480,paladin,holy,12,5,7
Stierchen,aegwynn,480,paladin,holy,12,5,7
Drdeus,silvermoon,480,paladin,holy,12,5,7
Snoogléface,grim-batol,480,paladin,holy,14,5,9
Дюве,blackscar,480,paladin,holy,18,5,13
Katsümï,archimonde,480,paladin,holy,18,5,13
Screws,dun-modr,480,paladin,holy,18,5,13
Ãgra,hyjal,480,paladin,holy,18,5,13
Conker,malganis,480,paladin,holy,18,5,13
Holydhanas,outland,480,paladin,holy,18,5,13
Palagrom,kazzak,480,paladin,holy,18,5,13
Flamabella,argent-dawn,480,paladin,holy,18,5,13
Холидугги,howling-fjord,480,paladin,holy,18,5,13
Omgimapala,kazzak,480,paladin,holy,20,5,15
Superp,sanguino,479,paladin,holy,6,5,1
Vilcochon,kaelthas,479,paladin,holy,6,5,1
Dreamwatcher,outland,479,paladin,holy,12,5,7
Axpala,ragnaros,479,paladin,holy,12,5,7
Shenzoo,rajaxx,479,paladin,holy,12,5,7
Spacepal,archimonde,479,paladin,holy,12,5,7
Kejnen,eredar,479,paladin,holy,12,5,7
Stinkytoes,draenor,479,paladin,holy,12,5,7
Cabritâ,antonidas,479,paladin,holy,12,5,7
Руслаанеш,soulflayer,479,paladin,holy,12,5,7
Лазуриса,deathguard,479,paladin,holy,12,5,7
Gavril,bloodfeather,479,paladin,holy,12,5,7
Малимон,soulflayer,479,paladin,holy,12,5,7
Erthelios,silvermoon,479,paladin,holy,17,5,12
Encod,magtheridon,479,paladin,holy,18,5,13
Sultaani,ravencrest,479,paladin,holy,18,5,13
Bellamy,vashj,479,paladin,holy,18,5,13
Zypala,silvermoon,479,paladin,holy,18,5,13
Hùrikan,hyjal,479,paladin,holy,18,5,13
Brölin,sanguino,479,paladin,holy,18,5,13
Daneyholy,ravencrest,479,paladin,holy,18,5,13
Khalicies,archimonde,479,paladin,holy,36,5,31
Bubblegum,dentarg,478,paladin,holy,18,5,13
Lionpic,nemesis,477,paladin,holy,18,5,13
Котейкинус,blackscar,477,paladin,holy,18,5,13
Kaedena,kaelthas,476,paladin,holy,12,5,7
Grayscale,dun-morogh,476,paladin,holy,18,5,13
Styflor,dalaran,476,paladin,holy,18,5,13
Palabel,blackrock,475,paladin,holy,24,5,19
Alone,sporeggar,473,paladin,holy,12,5,7
Лералучшая,gordunni,464,paladin,holy,19,7,12
Tadjmahal,ravencrest,447,paladin,holy,11,5,6
Árcangel,minahonda,447,paladin,holy,17,5,12
Arshlicht,frostwolf,446,paladin,holy,17,5,12
Sanguiniûs,kirin-tor,445,paladin,holy,11,5,6
Unstobubblex,burning-blade,431,paladin,holy,11,5,6
Bämbunga,madmortem,426,paladin,holy,16,6,10
Memewings,tarren-mill,426,paladin,holy,23,7,16
Тейдехан,gordunni,426,paladin,holy,21,6,15
Battalgazi,azjolnerub,423,paladin,holy,23,7,16
Ralo,shattrath,415,paladin,holy,16,5,11
Exødus,defias-brotherhood,414,paladin,holy,14,5,9
Wiffy,ravencrest,384,paladin,holy,6,4,2
Pastabianco,ravencrest,384,paladin,holy,6,4,2
Bloednicht,dentarg,384,paladin,holy,6,4,2
Rikiji,ravencrest,384,paladin,holy,6,4,2
Kesq,ravencrest,384,paladin,holy,6,4,2
Leekai,stormscale,384,paladin,holy,6,4,2
Альфапушка,soulflayer,384,paladin,holy,6,4,2
Ринрэи,howling-fjord,384,paladin,holy,6,4,2
Touchpally,ravencrest,384,paladin,holy,6,4,2
Visersion,tarren-mill,384,paladin,holy,12,4,8
Tyrø,ravencrest,384,paladin,holy,12,4,8
Tharelion,twisting-nether,384,paladin,holy,12,4,8
Akazâ,ysondre,384,paladin,holy,12,4,8
Victwo,burning-legion,384,paladin,holy,12,4,8
Sebatrøz,ravencrest,384,paladin,holy,12,4,8
Mooderna,ravencrest,384,paladin,holy,12,4,8
Divinemove,stormscale,384,paladin,holy,12,4,8
Csalóka,bloodscalp,384,paladin,holy,12,4,8
Fedaikin,stormscale,384,paladin,holy,12,4,8
Freý,ravencrest,384,paladin,holy,12,4,8
Waldpaladin,malganis,384,paladin,holy,12,4,8
Sacredx,tarren-mill,384,paladin,holy,12,4,8
Jokkepaappa,darksorrow,384,paladin,holy,12,4,8
Lancelotx,darksorrow,384,paladin,holy,12,4,8
Экстазируй,howling-fjord,384,paladin,holy,12,4,8
Hutson,drakthul,384,paladin,holy,12,4,8
Hammarfall,ravencrest,384,paladin,holy,12,4,8
Shívah,auchindoun,384,paladin,holy,12,4,8
Pristín,blackhand,384,paladin,holy,12,4,8
Geesus,eredar,384,paladin,holy,12,4,8
Psikatchuu,hyjal,384,paladin,holy,12,4,8
Imitrex,hyjal,384,paladin,holy,12,4,8
Vânwêêd,thrall,384,paladin,holy,12,4,8
Superkudden,kazzak,384,paladin,holy,12,4,8
Shaleq,cthun,384,paladin,holy,12,4,8
Chopocrisp,dun-modr,384,paladin,holy,12,4,8
Drident,die-nachtwache,384,paladin,holy,12,4,8
Êggsy,grim-batol,384,paladin,holy,12,4,8
Padisonmeth,blackmoore,384,paladin,holy,12,4,8
Brüllt,dun-modr,384,paladin,holy,12,4,8
Bimylover,archimonde,384,paladin,holy,12,4,8
Shockadin,khazgoroth,384,paladin,holy,12,4,8
Sterklight,draenor,384,paladin,holy,12,4,8
Crazyclass,outland,384,paladin,holy,14,4,10
Лортремар,howling-fjord,384,paladin,holy,18,4,14
Bjaï,hyjal,384,paladin,holy,18,4,14
Elfaza,dun-modr,384,paladin,holy,18,4,14
Талрэн,howling-fjord,384,paladin,holy,18,4,14
Gardaken,draenor,384,paladin,holy,18,4,14
Сакон,borean-tundra,384,paladin,holy,18,4,14
Гниленький,razuvious,384,paladin,holy,24,4,20
Taxpayer,aegwynn,384,paladin,holy,24,4,20
Tôra,hyjal,383,paladin,holy,6,4,2
Anfe,silvermoon,383,paladin,holy,12,4,8
Caumon,los-errantes,383,paladin,holy,12,4,8
Grafes,sanguino,383,paladin,holy,12,4,8
Thorhum,moonglade,383,paladin,holy,12,4,8
Angellinä,ragnaros,383,paladin,holy,12,4,8
Uoloop,kazzak,383,paladin,holy,12,4,8
Duine,the-venture-co,383,paladin,holy,12,4,8
Ênmâ,archimonde,383,paladin,holy,12,4,8
Allesandra,antonidas,383,paladin,holy,12,4,8
Кэлви,blackscar,383,paladin,holy,12,4,8
Aggressìon,twisting-nether,383,paladin,holy,12,4,8
Nostromus,antonidas,383,paladin,holy,12,4,8
Scissors,dun-morogh,383,paladin,holy,18,4,14
Nyryon,ysondre,383,paladin,holy,18,4,14
Superpaladin,draenor,383,paladin,holy,18,4,14
Mortalitis,tarren-mill,383,paladin,holy,30,4,26
Овахус,soulflayer,382,paladin,holy,12,4,8
Nêkro,dun-modr,382,paladin,holy,18,4,14
Thranduïl,tarren-mill,382,paladin,holy,18,4,14
Konpala,blackmoore,367,paladin,holy,11,4,7
Preamx,blackrock,367,paladin,holy,11,4,7
Justyowx,archimonde,352,paladin,holy,16,5,11
Browario,burning-legion,351,paladin,holy,11,4,7
Soulskin,sylvanas,350,paladin,holy,11,4,7
Liadry,sylvanas,329,paladin,holy,16,5,11
Ysnee,sanguino,320,paladin,holy,16,4,12
Holydin,argent-dawn,319,paladin,holy,5,4,1
Гиркин,ashenvale,288,paladin,holy,6,3,3
Zunis,ravencrest,288,paladin,holy,6,3,3
Íva,twisting-nether,288,paladin,holy,6,3,3
Slâyerous,draenor,288,paladin,holy,6,3,3
Naiconpala,kazzak,288,paladin,holy,6,3,3
Solumon,gorgonnash,288,paladin,holy,6,3,3
Dacilez,ravencrest,288,paladin,holy,6,3,3
Jogging,thrall,288,paladin,holy,6,3,3
Unhittable,draenor,288,paladin,holy,6,3,3
Присвет,blackscar,288,paladin,holy,6,3,3
Holynoby,kazzak,288,paladin,holy,6,3,3
Nikcsy,ragnaros,288,paladin,holy,6,3,3
Tacodin,blackrock,288,paladin,holy,6,3,3
Neoz,ravencrest,288,paladin,holy,6,3,3
Penthxoxo,outland,288,paladin,holy,6,3,3
Bandrogina,shattered-hand,288,paladin,holy,6,3,3
Josefu,blackmoore,288,paladin,holy,6,3,3
Lunalovesyou,blackmoore,288,paladin,holy,6,3,3
Belzepal,blackrock,288,paladin,holy,6,3,3
Gahar,grim-batol,288,paladin,holy,6,3,3
Rudirumms,die-aldor,288,paladin,holy,6,3,3
Nidaime,zuljin,288,paladin,holy,6,3,3
Tyn,dragonmaw,288,paladin,holy,6,3,3
Yungboii,kazzak,288,paladin,holy,6,3,3
Kiwia,burning-legion,288,paladin,holy,6,3,3
Lògàn,pozzo-delleternità,288,paladin,holy,9,3,6
Bigdamjudge,argent-dawn,288,paladin,holy,12,3,9
Nÿwa,temple-noir,288,paladin,holy,12,3,9
Zerohour,kilrogg,288,paladin,holy,12,3,9
Breez,die-aldor,288,paladin,holy,12,3,9
Баблейми,gordunni,288,paladin,holy,12,3,9
Vissticks,nagrand,288,paladin,holy,12,3,9
Monaatamis,kazzak,288,paladin,holy,12,3,9
Tyraïa,archimonde,288,paladin,holy,12,3,9
Telarii,die-nachtwache,288,paladin,holy,12,3,9
Jctp,ravencrest,288,paladin,holy,12,3,9
Kelmarr,blackmoore,288,paladin,holy,12,3,9
Linxo,argent-dawn,288,paladin,holy,12,3,9
Redeem,nemesis,288,paladin,holy,12,3,9
Nhum,destromath,288,paladin,holy,12,3,9
Azthin,outland,288,paladin,holy,12,3,9
Klumie,silvermoon,288,paladin,holy,12,3,9
Krayzier,nordrassil,288,paladin,holy,12,3,9
Arbuzno,draenor,288,paladin,holy,12,3,9
Chusterb,draenor,288,paladin,holy,12,3,9
Влажныйбоб,soulflayer,288,paladin,holy,12,3,9
Lifthorn,twisting-nether,288,paladin,holy,12,3,9
Hotchíck,outland,288,paladin,holy,12,3,9
Гигаиисус,gordunni,288,paladin,holy,12,3,9
Sâfcon,eredar,288,paladin,holy,12,3,9
Kastiël,hyjal,288,paladin,holy,18,3,15
Màti,burning-legion,288,paladin,holy,18,3,15
Glooni,blackmoore,288,paladin,holy,18,3,15
Kaelorian,silvermoon,288,paladin,holy,18,3,15
Averyholycow,the-maelstrom,287,paladin,holy,6,3,3
Kcore,blackrock,287,paladin,holy,12,3,9
Toxií,argent-dawn,287,paladin,holy,12,3,9
Jellish,argent-dawn,287,paladin,holy,12,3,9
Faustan,rexxar,287,paladin,holy,12,3,9
Järnkroken,tarren-mill,287,paladin,holy,13,3,10
Auliæ,chogall,287,paladin,holy,18,3,15
Мерасфард,howling-fjord,287,paladin,holy,18,3,15
Biót,tarren-mill,287,paladin,holy,18,3,15
Belgblue,ravenholdt,286,paladin,holy,6,3,3
Zàrílâ,dun-morogh,286,paladin,holy,6,3,3
Jeunepadawan,dalaran,286,paladin,holy,12,3,9
Lorithias,sargeras,286,paladin,holy,12,3,9
Ланиева,gordunni,240,paladin,holy,15,4,11
Flamxd,blackmoore,234,paladin,holy,10,5,5
Тамерланх,gordunni,234,paladin,holy,9,4,5
Xila,blackrock,234,paladin,holy,9,4,5
Shivèns,archimonde,234,paladin,holy,17,5,12
Mustardio,tarren-mill,234,paladin,holy,14,4,10
Dewastør,blackmoore,234,paladin,holy,15,4,11
Хепипал,soulflayer,234,paladin,holy,16,4,12
Zeiserig,antonidas,234,paladin,holy,17,4,13
Faranume,sylvanas,233,paladin,holy,16,4,12
Yoshreddi,malganis,200,paladin,holy,16,5,11
Realdeal,argent-dawn,192,paladin,holy,6,2,4
Skølir,rashgarroth,192,paladin,holy,6,2,4
Eim,moonglade,192,paladin,holy,6,2,4
Galadrion,dun-modr,192,paladin,holy,6,2,4
Alisonquínn,defias-brotherhood,192,paladin,holy,6,2,4
Rulîx,blackmoore,192,paladin,holy,6,2,4
Poonky,dun-modr,192,paladin,holy,6,2,4
Durnell,sylvanas,192,paladin,holy,6,2,4
Elrack,blackhand,192,paladin,holy,6,2,4
Прожектор,gordunni,192,paladin,holy,6,2,4
Xirôs,zirkel-des-cenarius,192,paladin,holy,6,2,4
Schukka,azshara,192,paladin,holy,6,2,4
Teflonmagìc,ravencrest,192,paladin,holy,6,2,4
Andokaî,blackrock,192,paladin,holy,6,2,4
Thoarin,blackmoore,192,paladin,holy,6,2,4
Kapigentil,suramar,192,paladin,holy,6,2,4
Lafrogge,culte-de-la-rive-noire,192,paladin,holy,6,2,4
Lxvideoscom,blackrock,192,paladin,holy,6,2,4
Keyla,los-errantes,192,paladin,holy,6,2,4
Wvwwvwvwvwwv,ravencrest,192,paladin,holy,6,2,4
Edgï,confrérie-du-thorium,192,paladin,holy,6,2,4
Yuz,archimonde,192,paladin,holy,6,2,4
Herrmannelig,arthas,192,paladin,holy,6,2,4
Атомщица,deathguard,192,paladin,holy,6,2,4
Pátish,terenas,192,paladin,holy,6,2,4
Tsomoo,antonidas,192,paladin,holy,6,2,4
Pagadi,blackhand,192,paladin,holy,6,2,4
Lompe,karazhan,192,paladin,holy,6,2,4
Dafukx,ragnaros,192,paladin,holy,6,2,4
Bígmachine,draenor,192,paladin,holy,6,2,4
Benedikt,stormscale,192,paladin,holy,6,2,4
Envli,ragnaros,192,paladin,holy,6,2,4
Freijam,ravencrest,192,paladin,holy,6,2,4
Galad,exodar,192,paladin,holy,6,2,4
Palaneuía,antonidas,192,paladin,holy,6,2,4
Rävnev,twisting-nether,192,paladin,holy,6,2,4
Rawshatter,kiljaeden,192,paladin,holy,6,2,4
Ришардебюр,soulflayer,192,paladin,holy,6,2,4
Böbble,twisting-nether,192,paladin,holy,6,2,4
Nirvanä,drakthul,192,paladin,holy,6,2,4
Fruitschaal,moonglade,192,paladin,holy,6,2,4
Defianze,tarren-mill,192,paladin,holy,6,2,4
Yeetadin,silvermoon,192,paladin,holy,6,2,4
Edyk,silvermoon,192,paladin,holy,6,2,4
Twoßiased,kazzak,192,paladin,holy,6,2,4
Botaref,kazzak,192,paladin,holy,6,2,4
Bàrlo,kazzak,192,paladin,holy,6,2,4
Shredyopala,tarren-mill,192,paladin,holy,10,3,7
Superpiniouf,archimonde,192,paladin,holy,7,2,5
Honey,quelthalas,192,paladin,holy,16,3,13
Flavitwink,hyjal,192,paladin,holy,12,2,10
Kÿsse,hyjal,192,paladin,holy,12,2,10
Iamheal,blackhand,192,paladin,holy,12,2,10
Eyesore,malganis,192,paladin,holy,12,2,10
Theodun,xavius,192,paladin,holy,12,2,10
Ucu,terokkar,192,paladin,holy,12,2,10
Krièr,aggra-português,192,paladin,holy,12,2,10
Týr,forscherliga,192,paladin,holy,12,2,10
Aienest,ragnaros,192,paladin,holy,12,2,10
Bala,ravenholdt,192,paladin,holy,12,2,10
Uldurin,ravencrest,192,paladin,holy,12,2,10
Zeleron,darksorrow,192,paladin,holy,12,2,10
Cykond,aegwynn,192,paladin,holy,12,2,10
Вишенций,howling-fjord,192,paladin,holy,12,2,10
Lianowar,nemesis,192,paladin,holy,12,2,10
Awer,magtheridon,192,paladin,holy,12,2,10
Tsukaima,uldaman,192,paladin,holy,12,2,10
Keft,twisting-nether,192,paladin,holy,12,2,10
Croptol,dun-modr,192,paladin,holy,12,2,10
Essina,argent-dawn,192,paladin,holy,12,2,10
Pichuflor,sanguino,192,paladin,holy,12,2,10
Кирюшафридом,gordunni,192,paladin,holy,13,2,11
Bjutiful,silvermoon,192,paladin,holy,15,2,13
Blancucky,kazzak,192,paladin,holy,18,2,16
Paintdafence,kazzak,192,paladin,holy,18,2,16
Getblessed,rexxar,192,paladin,holy,18,2,16
Harycon,thrall,192,paladin,holy,24,2,22
Zuplex,deathwing,191,paladin,holy,6,2,4
Aodren,varimathras,191,paladin,holy,6,2,4
Akilës,dun-modr,191,paladin,holy,6,2,4
Tiboeufpéi,archimonde,191,paladin,holy,6,2,4
Showjustice,blackmoore,191,paladin,holy,12,2,10
Chasie,antonidas,191,paladin,holy,12,2,10
Pyhälehmä,alakir,190,paladin,holy,12,2,10
Orogerrabbit,archimonde,144,paladin,holy,3,3,0
Freyjä,turalyon,138,paladin,holy,9,4,5
Drylink,kazzak,138,paladin,holy,11,3,8
Pïñkñætðøðÿ,tarren-mill,138,paladin,holy,14,3,11
Visaria,twisting-nether,96,paladin,holy,6,1,5
Xephiroxus,the-venture-co,96,paladin,holy,6,1,5
Palariaan,defias-brotherhood,96,paladin,holy,6,1,5
Kirane,hyjal,96,paladin,holy,6,1,5
Razztafari,tarren-mill,96,paladin,holy,6,1,5
Хочусметанки,howling-fjord,96,paladin,holy,6,1,5
Синерина,blackscar,96,paladin,holy,6,1,5
Mybadvibes,tarren-mill,96,paladin,holy,6,1,5
Водомафия,greymane,96,paladin,holy,6,1,5
Reøl,blackmoore,96,paladin,holy,6,1,5
Lyciha,blackrock,96,paladin,holy,6,1,5
Mínara,drakthul,96,paladin,holy,6,1,5
Пепсекольный,soulflayer,96,paladin,holy,6,1,5
Bubbleheart,ahnqiraj,96,paladin,holy,6,1,5
Rehtu,malganis,96,paladin,holy,6,1,5
Holyfalls,blackmoore,96,paladin,holy,6,1,5
Tacita,nazjatar,96,paladin,holy,6,1,5
Enriel,temple-noir,96,paladin,holy,6,1,5
Bittersweex,stormscale,96,paladin,holy,6,1,5
Wingcomander,aegwynn,96,paladin,holy,6,1,5
Bubblebun,kazzak,96,paladin,holy,6,1,5
Nôxi,garona,96,paladin,holy,6,1,5
Kimozabie,ravencrest,96,paladin,holy,6,1,5
Regista,ravencrest,96,paladin,holy,6,1,5
Fugll,ravencrest,96,paladin,holy,6,1,5
Belgradee,silvermoon,96,paladin,holy,6,1,5
Fükdîscláss,ravencrest,96,paladin,holy,6,1,5
Iamyellow,silvermoon,96,paladin,holy,6,1,5
Playprist,aegwynn,96,paladin,holy,6,1,5
Xzarat,kazzak,96,paladin,holy,6,1,5
Dobbygotsock,kazzak,96,paladin,holy,6,1,5
Switchflip,frostmane,96,paladin,holy,6,1,5
Noanoshy,eredar,96,paladin,holy,6,1,5
Agorasieya,frostwolf,96,paladin,holy,6,1,5
Minirempart,khaz-modan,96,paladin,holy,6,1,5
Atkm,aggramar,96,paladin,holy,6,1,5
Mg,kul-tiras,96,paladin,holy,6,1,5
Whatapity,silvermoon,96,paladin,holy,6,1,5
Buladin,darkspear,96,paladin,holy,6,1,5
Kyarï,culte-de-la-rive-noire,96,paladin,holy,6,1,5
Tønyx,les-clairvoyants,96,paladin,holy,6,1,5
Eàrànël,les-clairvoyants,96,paladin,holy,6,1,5
Whiskeypal,draenor,96,paladin,holy,6,1,5
Dedicatèd,draenor,96,paladin,holy,6,1,5
Shanik,zuljin,96,paladin,holy,6,1,5
Therador,dun-morogh,96,paladin,holy,6,1,5
Holysheto,sanguino,96,paladin,holy,6,1,5
Pjmoncrack,outland,96,paladin,holy,6,1,5
Flashhèart,draenor,96,paladin,holy,6,1,5
Andrøiz,dun-modr,96,paladin,holy,6,1,5
Fatalism,draenor,96,paladin,holy,6,1,5
Лейфи,howling-fjord,96,paladin,holy,12,1,11
Mathelac,argent-dawn,96,paladin,holy,12,1,11
Pigma,outland,96,paladin,holy,12,1,11
Hasler,drakthul,96,paladin,holy,12,1,11
Goldenstern,blackhand,96,paladin,holy,12,1,11
Ahronius,stormscale,96,paladin,holy,12,1,11
Lunaary,antonidas,96,paladin,holy,12,1,11
Fonz,ysondre,96,paladin,holy,12,1,11
Byakkospal,tarren-mill,96,paladin,holy,12,1,11
Ganadorie,twisting-nether,96,paladin,holy,12,1,11
Veest,doomhammer,96,paladin,holy,12,1,11
Tpaxocvetka,ravencrest,96,paladin,holy,18,1,17
Hancipapa,ragnaros,95,paladin,holy,6,1,5
Callon,das-syndikat,95,paladin,holy,6,1,5
Laidevon,twisting-nether,84,paladin,holy,21,6,15
Shaxxzii,kazzak,79,paladin,holy,5,1,4
Защешот,gordunni,79,paladin,holy,5,1,4
Firfiris,twisting-nether,64,paladin,holy,4,1,3
Hitaki,tarren-mill,64,paladin,holy,4,1,3
Jâybee,ravencrest,42,paladin,holy,8,2,6
Holymerda,grim-batol,42,paladin,holy,8,2,6
Waltgyubeef,argent-dawn,42,paladin,holy,9,2,7
Xonika,outland,42,paladin,holy,9,2,7
Xpurcica,twisting-nether,42,paladin,holy,10,2,8
Acongojante,zuljin,42,paladin,holy,15,2,13
Syruplol,blackrock,2257,paladin,retribution,147,81,66
Kjn,tarren-mill,2238,paladin,retribution,128,70,58
Stracciatell,archimonde,2227,paladin,retribution,115,85,30
Pïkachû,ravencrest,2213,paladin,retribution,84,45,39
Ctierpala,ravencrest,2161,paladin,retribution,90,47,43
Cosmicstâr,kazzak,2135,paladin,retribution,173,88,85
Ðâny,elune,2128,paladin,retribution,135,68,67
Suprisexd,ravencrest,2127,paladin,retribution,90,46,44
Royki,the-maelstrom,2127,paladin,retribution,186,95,91
Drkp,blackrock,2126,paladin,retribution,61,42,19
Отловщик,gordunni,2123,paladin,retribution,82,43,39
Âlßêdø,ravencrest,2118,paladin,retribution,201,102,99
Elypsia,tarren-mill,2116,paladin,retribution,110,57,53
Herrius,ravencrest,2116,paladin,retribution,90,45,45
Mcweedy,aegwynn,2108,paladin,retribution,84,42,42
Аеррис,gordunni,2106,paladin,retribution,113,57,56
Bakawolf,burning-legion,2103,paladin,retribution,89,46,43
Steelsuit,argent-dawn,2100,paladin,retribution,290,154,136
Miilicium,archimonde,2091,paladin,retribution,83,41,42
Sacredwrath,burning-legion,2089,paladin,retribution,65,35,30
Ricexoxo,blackhand,2066,paladin,retribution,98,48,50
Sonne,tarren-mill,2058,paladin,retribution,102,52,50
Legodudex,ravencrest,2050,paladin,retribution,93,44,49
Mýstíc,ravencrest,2049,paladin,retribution,118,56,62
Qshadow,frostwhisper,2047,paladin,retribution,154,77,77
Swahadon,stormscale,2037,paladin,retribution,84,41,43
Davewins,dragonblight,2033,paladin,retribution,42,34,8
Daybreak,kazzak,2030,paladin,retribution,116,54,62
Fkadin,kazzak,2028,paladin,retribution,137,77,60
Мевар,gordunni,2024,paladin,retribution,96,45,51
Альмор,blackscar,2023,paladin,retribution,54,28,26
Vatix,trollbane,2023,paladin,retribution,78,38,40
Pâsla,hyjal,2021,paladin,retribution,215,115,100
Franclovis,hyjal,2019,paladin,retribution,63,28,35
Jowanno,stormscale,2015,paladin,retribution,119,63,56
Стимулин,howling-fjord,2012,paladin,retribution,178,92,86
Bernhoftxd,ravencrest,2010,paladin,retribution,260,126,134
Tròth,twisting-nether,2004,paladin,retribution,66,33,33
Nîhil,silvermoon,2004,paladin,retribution,88,43,45
Xourens,twisting-nether,2003,paladin,retribution,73,33,40
Rankoneretri,arathor,2002,paladin,retribution,54,30,24
Kazuroo,blackmoore,2002,paladin,retribution,108,59,49
Pallyprinces,dentarg,1990,paladin,retribution,78,35,43
Courage,stormscale,1988,paladin,retribution,83,46,37
Fullsendbro,ravencrest,1987,paladin,retribution,131,75,56
Retwar,ravencrest,1986,paladin,retribution,77,49,28
Peiker,blackrock,1984,paladin,retribution,172,81,91
Нейтхигерс,howling-fjord,1981,paladin,retribution,86,45,41
Агинон,gordunni,1981,paladin,retribution,60,30,30
Yungboihoj,twisting-nether,1978,paladin,retribution,269,138,131
Синодх,eversong,1978,paladin,retribution,119,55,64
Miriokekw,archimonde,1974,paladin,retribution,114,52,62
Аполодориан,gordunni,1972,paladin,retribution,120,64,56
Msharix,kazzak,1972,paladin,retribution,132,67,65
Nedith,pozzo-delleternità,1969,paladin,retribution,186,96,90
Shinøaa,wrathbringer,1968,paladin,retribution,194,101,93
Vabz,blackrock,1968,paladin,retribution,65,30,35
Sitekx,burning-legion,1968,paladin,retribution,99,45,54
Mcret,ravencrest,1965,paladin,retribution,82,38,44
Milipal,hyjal,1961,paladin,retribution,66,31,35
Galaadh,archimonde,1960,paladin,retribution,78,35,43
Bigspin,ravencrest,1958,paladin,retribution,208,103,105
Timmes,blackhand,1958,paladin,retribution,66,31,35
Yungboii,kazzak,1957,paladin,retribution,101,65,36
Xillindion,blackhand,1955,paladin,retribution,314,158,156
Ufø,magtheridon,1955,paladin,retribution,150,72,78
Gluttön,tarren-mill,1954,paladin,retribution,83,42,41
Greywords,silvermoon,1952,paladin,retribution,53,30,23
Wingsteak,draenor,1952,paladin,retribution,81,44,37
Tj,dun-modr,1952,paladin,retribution,120,55,65
Beautýbeast,ravencrest,1950,paladin,retribution,125,65,60
Martoretard,archimonde,1949,paladin,retribution,358,181,177
Prex,dun-modr,1948,paladin,retribution,72,39,33
Мрч,howling-fjord,1947,paladin,retribution,60,31,29
Harridin,ravencrest,1943,paladin,retribution,226,109,117
Günykoloke,blackrock,1939,paladin,retribution,60,33,27
Синодушка,blackscar,1939,paladin,retribution,64,35,29
Kriszi,burning-legion,1938,paladin,retribution,90,39,51
Mezor,dun-modr,1937,paladin,retribution,214,107,107
Bigdblaster,twisting-nether,1935,paladin,retribution,102,49,53
Запалтосик,blackscar,1934,paladin,retribution,36,23,13
Doomsoom,kazzak,1931,paladin,retribution,46,34,12
Spacknas,blackmoore,1931,paladin,retribution,110,62,48
Esito,draenor,1929,paladin,retribution,58,32,26
Freshreroll,tarren-mill,1925,paladin,retribution,54,33,21
Nastalia,elune,1921,paladin,retribution,113,61,52
Kírin,drakthul,1921,paladin,retribution,66,32,34
Nabbi,ravencrest,1921,paladin,retribution,72,30,42
Холиврас,gordunni,1920,paladin,retribution,60,31,29
Retbùll,stormscale,1919,paladin,retribution,37,29,8
Ромерл,gordunni,1917,paladin,retribution,143,81,62
Rùuru,archimonde,1917,paladin,retribution,174,81,93
Milkyavenger,sylvanas,1915,paladin,retribution,107,71,36
Réfractio,die-aldor,1915,paladin,retribution,96,49,47
Exolix,archimonde,1914,paladin,retribution,48,27,21
Smilé,sylvanas,1911,paladin,retribution,84,44,40
Реальныйпал,gordunni,1911,paladin,retribution,90,46,44
Nam,culte-de-la-rive-noire,1908,paladin,retribution,54,30,24
Carlá,silvermoon,1908,paladin,retribution,79,39,40
Chyve,tarren-mill,1908,paladin,retribution,126,60,66
Mélli,eredar,1907,paladin,retribution,99,55,44
Tazken,tarren-mill,1906,paladin,retribution,96,48,48
Gìne,archimonde,1905,paladin,retribution,92,44,48
Стьюпидбой,howling-fjord,1901,paladin,retribution,216,111,105
Mayhemx,ravencrest,1901,paladin,retribution,331,164,167
Tadashì,aegwynn,1901,paladin,retribution,78,35,43
Jualom,colinas-pardas,1900,paladin,retribution,68,35,33
Rígel,silvermoon,1899,paladin,retribution,58,35,23
Ðeathron,blackmoore,1898,paladin,retribution,128,62,66
Opettaja,ravencrest,1896,paladin,retribution,72,34,38
Byths,blackmoore,1896,paladin,retribution,127,56,71
Холирайз,gordunni,1894,paladin,retribution,42,21,21
Лиспорий,gordunni,1894,paladin,retribution,60,29,31
Хадакур,howling-fjord,1893,paladin,retribution,66,32,34
Zscrew,nemesis,1892,paladin,retribution,42,24,18
Brassaren,stormscale,1890,paladin,retribution,67,36,31
Eysn,blackrock,1890,paladin,retribution,60,30,30
Pancakee,the-maelstrom,1889,paladin,retribution,66,32,34
Phix,outland,1888,paladin,retribution,201,100,101
Sloug,archimonde,1888,paladin,retribution,60,29,31
Hojinson,blackrock,1883,paladin,retribution,60,39,21
Kamata,kazzak,1883,paladin,retribution,57,28,29
Biggerspin,ravencrest,1882,paladin,retribution,24,20,4
Модрит,soulflayer,1882,paladin,retribution,70,47,23
Bersercute,sylvanas,1882,paladin,retribution,124,60,64
Ilealstras,twisting-nether,1882,paladin,retribution,56,23,33
Толвард,gordunni,1881,paladin,retribution,25,21,4
Jedzy,ragnaros,1881,paladin,retribution,42,24,18
Tj,sanguino,1881,paladin,retribution,42,20,22
Хохахо,howling-fjord,1880,paladin,retribution,54,32,22
Меварх,howling-fjord,1878,paladin,retribution,42,22,20
Ranitwo,tarren-mill,1878,paladin,retribution,46,23,23
Melantus,eredar,1878,paladin,retribution,83,41,42
Mhehø,hyjal,1877,paladin,retribution,285,144,141
Umîrînbrah,twisting-nether,1876,paladin,retribution,87,53,34
Saygexx,draenor,1875,paladin,retribution,57,34,23
Apolloos,grim-batol,1873,paladin,retribution,89,40,49
Crysania,twisting-nether,1872,paladin,retribution,60,27,33
Hódle,silvermoon,1870,paladin,retribution,78,46,32
Zerørespect,ravencrest,1868,paladin,retribution,113,51,62
Дэнискарз,gordunni,1866,paladin,retribution,48,26,22
Holyhäätz,aegwynn,1866,paladin,retribution,69,35,34
Thyrec,blackmoore,1865,paladin,retribution,54,32,22
Sumecbtw,aegwynn,1865,paladin,retribution,49,24,25
Ibnkrook,archimonde,1864,paladin,retribution,60,31,29
Марчи,howling-fjord,1864,paladin,retribution,143,66,77
Hammarfall,ravencrest,1863,paladin,retribution,156,88,68
Nellyrld,stormscale,1863,paladin,retribution,77,32,45
Zubxp,ravencrest,1862,paladin,retribution,100,53,47
Davoss,outland,1862,paladin,retribution,63,29,34
Smirk,aggra-português,1860,paladin,retribution,102,46,56
Baxuz,draenor,1859,paladin,retribution,70,35,35
Ðeusvult,draenor,1856,paladin,retribution,54,29,25
Crîîngêr,blackhand,1856,paladin,retribution,50,26,24
Ollebala,ravencrest,1854,paladin,retribution,103,64,39
Vanthael,chamber-of-aspects,1853,paladin,retribution,201,115,86
Alphaladin,stormscale,1852,paladin,retribution,54,31,23
Hammerzemall,tarren-mill,1852,paladin,retribution,65,34,31
Galenhad,kazzak,1852,paladin,retribution,84,41,43
Loratheon,stormscale,1852,paladin,retribution,60,27,33
Jicob,ravencrest,1851,paladin,retribution,48,30,18
Zion,runetotem,1851,paladin,retribution,42,25,17
Dasar,twisting-nether,1851,paladin,retribution,72,31,41
Súnshìne,blackhand,1850,paladin,retribution,42,29,13
Clessington,die-aldor,1850,paladin,retribution,63,33,30
Pog,azshara,1850,paladin,retribution,63,30,33
Bajheeroth,kazzak,1849,paladin,retribution,100,64,36
Elganor,hyjal,1849,paladin,retribution,113,72,41
Pætter,aggra-português,1849,paladin,retribution,60,34,26
Агинон,howling-fjord,1849,paladin,retribution,60,34,26
Yana,blackrock,1848,paladin,retribution,55,32,23
Caladys,silvermoon,1848,paladin,retribution,135,76,59
Wingzy,hyjal,1847,paladin,retribution,78,39,39
Shârâs,kazzak,1847,paladin,retribution,60,28,32
Торсгард,howling-fjord,1847,paladin,retribution,138,62,76
Valkûn,rexxar,1846,paladin,retribution,66,32,34
Exolia,archimonde,1845,paladin,retribution,54,30,24
Dibzi,argent-dawn,1845,paladin,retribution,54,27,27
Risingfi,kult-der-verdammten,1844,paladin,retribution,78,47,31
Tsunà,antonidas,1844,paladin,retribution,54,26,28
Valnyr,the-maelstrom,1843,paladin,retribution,84,47,37
Анофарин,gordunni,1843,paladin,retribution,165,82,83
Palior,sylvanas,1841,paladin,retribution,54,31,23
Allenn,tarren-mill,1841,paladin,retribution,41,21,20
Retforlife,sylvanas,1839,paladin,retribution,42,26,16
Hornyret,kazzak,1839,paladin,retribution,96,46,50
Wingsmode,kazzak,1839,paladin,retribution,90,36,54
Ablaa,blackhand,1838,paladin,retribution,42,24,18
Zóran,kazzak,1838,paladin,retribution,78,38,40
Enîgmä,ravencrest,1838,paladin,retribution,76,31,45
Surian,kazzak,1835,paladin,retribution,72,45,27
Antimov,twisting-nether,1835,paladin,retribution,156,77,79
Ophillan,draenor,1835,paladin,retribution,72,34,38
Murkyxd,sanguino,1835,paladin,retribution,66,30,36
Neiiz,ragnaros,1834,paladin,retribution,94,43,51
Littlelíght,silvermoon,1833,paladin,retribution,95,45,50
Yuber,ravencrest,1833,paladin,retribution,78,34,44
Сотранокинг,soulflayer,1832,paladin,retribution,36,20,16
Riyo,twisting-nether,1832,paladin,retribution,48,21,27
Skyf,outland,1832,paladin,retribution,80,33,47
Miju,blackmoore,1831,paladin,retribution,51,28,23
Hýpærpøp,ravencrest,1831,paladin,retribution,37,20,17
Ilòvekris,draenor,1831,paladin,retribution,195,99,96
Maxes,twisting-nether,1830,paladin,retribution,72,35,37
Декионзхц,howling-fjord,1830,paladin,retribution,78,29,49
Ðaegos,blackmoore,1829,paladin,retribution,107,49,58
Lübu,archimonde,1829,paladin,retribution,66,30,36
Exolis,archimonde,1827,paladin,retribution,54,26,28
Nizzlee,eredar,1827,paladin,retribution,96,46,50
Denastys,nemesis,1827,paladin,retribution,72,31,41
Monkeytm,archimonde,1827,paladin,retribution,86,36,50
Dréamypie,silvermoon,1827,paladin,retribution,65,26,39
Holzer,azshara,1826,paladin,retribution,65,35,30
Lättäkamerus,ravencrest,1826,paladin,retribution,80,32,48
Draìgo,nemesis,1825,paladin,retribution,52,28,24
Tremelay,silvermoon,1825,paladin,retribution,240,122,118
Eimaqt,stormscale,1825,paladin,retribution,70,33,37
Zagwan,ravencrest,1824,paladin,retribution,90,51,39
Игры,gordunni,1823,paladin,retribution,76,39,37
Cqt,ravencrest,1823,paladin,retribution,66,30,36
Keinah,silvermoon,1822,paladin,retribution,54,36,18
Ríppex,kazzak,1822,paladin,retribution,66,33,33
Iagö,argent-dawn,1822,paladin,retribution,71,32,39
Xairo,twisting-nether,1821,paladin,retribution,60,29,31
Lorex,grim-batol,1821,paladin,retribution,54,26,28
Ërzã,outland,1821,paladin,retribution,72,31,41
Elisight,ravencrest,1820,paladin,retribution,78,41,37
Muhnnin,archimonde,1820,paladin,retribution,72,37,35
Vadya,ravencrest,1820,paladin,retribution,283,142,141
Foreskinx,draenor,1819,paladin,retribution,42,25,17
Номос,soulflayer,1819,paladin,retribution,72,41,31
Arígato,argent-dawn,1819,paladin,retribution,173,95,78
Дюрьвючыф,razuvious,1819,paladin,retribution,143,74,69
Âtlas,ragnaros,1819,paladin,retribution,48,24,24
Heavensfang,outland,1819,paladin,retribution,60,28,32
Nìcky,stormscale,1819,paladin,retribution,83,37,46
Bulkpwders,burning-legion,1818,paladin,retribution,42,20,22
Wingsgodx,archimonde,1818,paladin,retribution,60,28,32
Xsÿde,archimonde,1818,paladin,retribution,108,50,58
Jessrabit,tarren-mill,1818,paladin,retribution,60,27,33
Кошкотяночка,ashenvale,1818,paladin,retribution,54,23,31
Nikkibenzqt,blackmoore,1818,paladin,retribution,84,35,49
Taurski,sylvanas,1817,paladin,retribution,48,35,13
Quelän,draenor,1817,paladin,retribution,47,29,18
Hirako,nemesis,1817,paladin,retribution,72,39,33
Thedarksteel,ravencrest,1817,paladin,retribution,70,34,36
Durenai,aegwynn,1817,paladin,retribution,188,88,100
Astragore,archimonde,1817,paladin,retribution,71,30,41
Кхабелех,howling-fjord,1817,paladin,retribution,78,32,46
Фэйсрол,gordunni,1817,paladin,retribution,93,37,56
Jacadin,sunstrider,1816,paladin,retribution,54,34,20
Шакиори,gordunni,1816,paladin,retribution,64,35,29
Angryturk,ravencrest,1816,paladin,retribution,36,19,17
Батллграунд,soulflayer,1815,paladin,retribution,90,50,40
Соулерт,ashenvale,1815,paladin,retribution,54,28,26
Madmartigane,ysondre,1815,paladin,retribution,114,48,66
Wellick,ravencrest,1814,paladin,retribution,35,20,15
Фемдом,blackscar,1814,paladin,retribution,48,27,21
Wickedwings,silvermoon,1814,paladin,retribution,47,23,24
Morri,ravencrest,1814,paladin,retribution,171,83,88
Ганка,blackscar,1814,paladin,retribution,83,31,52
Déna,draenor,1813,paladin,retribution,52,29,23
Ktk,ravencrest,1813,paladin,retribution,121,67,54
Staticdeath,ravencrest,1813,paladin,retribution,258,136,122
Rekktadin,grim-batol,1813,paladin,retribution,155,79,76
Granfort,argent-dawn,1813,paladin,retribution,114,55,59
Calaestra,twisting-nether,1813,paladin,retribution,78,37,41
Малиновыйбох,gordunni,1812,paladin,retribution,123,70,53
Bangßros,archimonde,1812,paladin,retribution,54,30,24
Cheradin,ragnaros,1812,paladin,retribution,55,25,30
Losër,ravencrest,1812,paladin,retribution,66,27,39
Ykzy,hyjal,1811,paladin,retribution,36,24,12
Elbígotes,dun-modr,1811,paladin,retribution,72,40,32
Kiriel,dun-modr,1811,paladin,retribution,96,41,55
Деленка,gordunni,1810,paladin,retribution,118,68,50
Коварное,borean-tundra,1810,paladin,retribution,66,36,30
Alloüt,outland,1809,paladin,retribution,37,20,17
Ironquist,doomhammer,1809,paladin,retribution,42,22,20
Bätïk,blackmoore,1809,paladin,retribution,60,30,30
Purgebop,ravencrest,1808,paladin,retribution,45,30,15
Mâttyy,stormscale,1808,paladin,retribution,66,29,37
Ças,quelthalas,1808,paladin,retribution,72,30,42
Kêkbûrâgol,kazzak,1807,paladin,retribution,42,26,16
Wannabis,twisting-nether,1807,paladin,retribution,113,66,47
Exolie,archimonde,1807,paladin,retribution,48,25,23
Васапрагиб,howling-fjord,1806,paladin,retribution,60,35,25
Bregowine,doomhammer,1806,paladin,retribution,243,137,106
Malthred,ravenholdt,1806,paladin,retribution,171,91,80
Weekly,outland,1806,paladin,retribution,36,19,17
Аниф,ashenvale,1806,paladin,retribution,210,110,100
Lightlogic,ravencrest,1806,paladin,retribution,71,35,36
Réaxon,archimonde,1806,paladin,retribution,69,30,39
Bigbuffdaddy,draenor,1805,paladin,retribution,370,189,181
Matriarchxd,kazzak,1805,paladin,retribution,48,24,24
Vhardan,archimonde,1805,paladin,retribution,143,71,72
Geneundreitt,dethecus,1805,paladin,retribution,54,26,28
Îiî,archimonde,1805,paladin,retribution,45,21,24
Магрейм,gordunni,1805,paladin,retribution,77,35,42
Taneren,argent-dawn,1804,paladin,retribution,48,29,19
Heiimdal,dun-morogh,1804,paladin,retribution,46,26,20
Tsorig,tarren-mill,1804,paladin,retribution,177,98,79
Skyrose,ravencrest,1804,paladin,retribution,174,93,81
Zarrex,blackrock,1804,paladin,retribution,54,28,26
Делимнаноль,blackscar,1804,paladin,retribution,183,92,91
Netharia,antonidas,1804,paladin,retribution,120,59,61
Блэканус,blackscar,1804,paladin,retribution,60,28,32
Aqualisse,hyjal,1804,paladin,retribution,66,30,36
Gimly,anachronos,1804,paladin,retribution,96,40,56
Qpala,quelthalas,1803,paladin,retribution,36,19,17
Thun,azjolnerub,1803,paladin,retribution,60,31,29
Flaapz,hyjal,1802,paladin,retribution,112,69,43
Selina,burning-legion,1802,paladin,retribution,111,59,52
Атмх,soulflayer,1802,paladin,retribution,54,28,26
Antou,twisting-nether,1802,paladin,retribution,211,108,103
Meruem,blackrock,1802,paladin,retribution,53,26,27
Karadøc,archimonde,1802,paladin,retribution,90,41,49
Brõw,hyjal,1801,paladin,retribution,42,21,21
Ryxxii,ravencrest,1801,paladin,retribution,72,35,37
Lesterqt,thrall,1801,paladin,retribution,114,54,60
Delgato,kazzak,1800,paladin,retribution,152,80,72
Zachäus,kirin-tor,1800,paladin,retribution,114,57,57
Tauskiz,sylvanas,1800,paladin,retribution,48,19,29
Мидэас,gordunni,1798,paladin,retribution,96,44,52
Gladiator,die-aldor,1796,paladin,retribution,54,30,24
Icekissz,hyjal,1795,paladin,retribution,24,19,5
Телканапалке,blackscar,1795,paladin,retribution,48,35,13
Pepehands,nazjatar,1795,paladin,retribution,54,27,27
Papichuló,aegwynn,1794,paladin,retribution,96,45,51
Zialo,ravencrest,1792,paladin,retribution,99,44,55
Møøgødx,bronzebeard,1792,paladin,retribution,120,49,71
Djstompyamom,stormscale,1791,paladin,retribution,105,48,57
Pestomp,tarren-mill,1789,paladin,retribution,65,28,37
Charcoalman,argent-dawn,1788,paladin,retribution,24,19,5
Pridehammer,stormscale,1788,paladin,retribution,48,31,17
Ниашес,howling-fjord,1788,paladin,retribution,65,29,36
Киото,gordunni,1788,paladin,retribution,48,19,29
Simjon,defias-brotherhood,1787,paladin,retribution,181,102,79
Elitest,hyjal,1787,paladin,retribution,73,34,39
Guilt,aegwynn,1787,paladin,retribution,69,30,39
ßlacklight,archimonde,1787,paladin,retribution,66,26,40
Astilia,sylvanas,1785,paladin,retribution,90,44,46
Kayllan,ravencrest,1784,paladin,retribution,113,65,48
Кухонныйвор,howling-fjord,1784,paladin,retribution,54,29,25
Тардариус,gordunni,1784,paladin,retribution,60,28,32
Xinze,ravencrest,1781,paladin,retribution,54,30,24
Whitebronco,tarren-mill,1777,paladin,retribution,48,23,25
Апония,gordunni,1776,paladin,retribution,75,29,46
Posttal,aggra-português,1775,paladin,retribution,42,19,23
Deriøt,dun-modr,1773,paladin,retribution,96,52,44
Goofymits,twisting-nether,1772,paladin,retribution,60,32,28
Bigducc,draenor,1772,paladin,retribution,59,27,32
Vankwok,stormscale,1771,paladin,retribution,33,20,13
Akoumb,twisting-nether,1769,paladin,retribution,132,71,61
Riares,darkspear,1768,paladin,retribution,103,53,50
Valin,frostmane,1768,paladin,retribution,96,48,48
Dalemiar,ravencrest,1767,paladin,retribution,117,55,62
ßancu,ragnaros,1767,paladin,retribution,54,22,32
Babyboo,aggra-português,1766,paladin,retribution,48,24,24
Алепос,soulflayer,1766,paladin,retribution,54,21,33
Утипутя,goldrinn,1765,paladin,retribution,72,35,37
Алекхей,gordunni,1763,paladin,retribution,86,34,52
Sigmud,turalyon,1762,paladin,retribution,48,27,21
Holysiah,kazzak,1762,paladin,retribution,114,51,63
Nein,blackhand,1762,paladin,retribution,128,57,71
Refuse,blackrock,1761,paladin,retribution,89,43,46
Релаин,gordunni,1761,paladin,retribution,68,32,36
Ослепителен,eversong,1761,paladin,retribution,60,26,34
Sofhiya,silvermoon,1759,paladin,retribution,42,24,18
Опгоп,gordunni,1758,paladin,retribution,89,45,44
Tanny,kazzak,1758,paladin,retribution,66,29,37
Extremnäsa,outland,1758,paladin,retribution,102,43,59
Tcret,sanguino,1757,paladin,retribution,47,25,22
Xòtrios,argent-dawn,1757,paladin,retribution,60,30,30
Obackbarama,outland,1757,paladin,retribution,54,27,27
Naneno,silvermoon,1754,paladin,retribution,63,30,33
Мува,soulflayer,1751,paladin,retribution,68,31,37
Вайлдбебриз,eversong,1749,paladin,retribution,82,51,31
Dacilez,ravencrest,1748,paladin,retribution,129,63,66
Ноулайфир,eversong,1747,paladin,retribution,54,30,24
Hýox,malganis,1745,paladin,retribution,55,27,28
Darkkissret,lightbringer,1745,paladin,retribution,66,28,38
Cursedd,sanguino,1742,paladin,retribution,36,23,13
Justyowx,archimonde,1740,paladin,retribution,42,20,22
Kriszaa,burning-legion,1740,paladin,retribution,54,23,31
Denounce,defias-brotherhood,1740,paladin,retribution,69,27,42
Хемминг,gordunni,1738,paladin,retribution,61,39,22
Jíyü,blackmoore,1737,paladin,retribution,42,23,19
Plarbo,blackmoore,1737,paladin,retribution,66,32,34
Valterus,burning-legion,1737,paladin,retribution,90,42,48
Halevia,kazzak,1737,paladin,retribution,71,32,39
Zarispal,tarren-mill,1736,paladin,retribution,45,27,18
Cloudlight,argent-dawn,1735,paladin,retribution,50,31,19
Liendry,antonidas,1735,paladin,retribution,53,28,25
Солошафл,howling-fjord,1735,paladin,retribution,48,24,24
Gùtz,xavius,1735,paladin,retribution,63,31,32
Ruath,xavius,1734,paladin,retribution,112,58,54
Сандалар,gordunni,1734,paladin,retribution,66,32,34
Kanyewesh,dalaran,1733,paladin,retribution,54,27,27
Verbrännter,grim-batol,1732,paladin,retribution,64,31,33
Лакостик,howling-fjord,1732,paladin,retribution,66,31,35
Zazalamel,hyjal,1731,paladin,retribution,48,28,20
Ÿani,argent-dawn,1730,paladin,retribution,42,25,17
Justivo,tarren-mill,1730,paladin,retribution,67,39,28
Johannx,tarren-mill,1730,paladin,retribution,228,111,117
Vanques,burning-legion,1730,paladin,retribution,59,28,31
Claymore,ravenholdt,1730,paladin,retribution,59,24,35
Memororo,stormscale,1729,paladin,retribution,56,25,31
Runhexi,silvermoon,1728,paladin,retribution,169,91,78
Arayël,archimonde,1728,paladin,retribution,114,61,53
Чупаа,howling-fjord,1728,paladin,retribution,88,47,41
Джедай,blackscar,1728,paladin,retribution,60,25,35
Honorkill,silvermoon,1727,paladin,retribution,244,135,109
Пинкпуссибой,howling-fjord,1727,paladin,retribution,58,32,26
Inkzen,silvermoon,1727,paladin,retribution,42,22,20
Roostersucka,stormreaver,1726,paladin,retribution,60,26,34
Sántouryu,ravencrest,1725,paladin,retribution,269,135,134
Pingla,argent-dawn,1724,paladin,retribution,79,46,33
Mouku,stormreaver,1724,paladin,retribution,78,35,43
Mimð,kazzak,1723,paladin,retribution,42,24,18
Tpainjr,kazzak,1723,paladin,retribution,42,22,20
Эйзенхорн,grom,1722,paladin,retribution,54,30,24
Trølled,aegwynn,1722,paladin,retribution,174,84,90
Лайтфури,gordunni,1722,paladin,retribution,42,19,23
Данхайк,gordunni,1721,paladin,retribution,132,76,56
Sübôvîñ,ravencrest,1721,paladin,retribution,71,40,31
Djrayk,archimonde,1721,paladin,retribution,36,18,18
Зондарк,booty-bay,1721,paladin,retribution,82,37,45
Ultrabenzo,ravencrest,1720,paladin,retribution,55,24,31
Miru,defias-brotherhood,1719,paladin,retribution,30,18,12
Dankin,pozzo-delleternità,1719,paladin,retribution,58,31,27
Harbiter,ravencrest,1719,paladin,retribution,72,30,42
Drownlord,eredar,1718,paladin,retribution,34,19,15
Ezetrol,xavius,1718,paladin,retribution,42,20,22
Xeaa,tarren-mill,1718,paladin,retribution,42,18,24
Highfivè,ravencrest,1717,paladin,retribution,48,28,20
Bobjohnny,bloodfeather,1716,paladin,retribution,36,18,18
Larnbert,argent-dawn,1715,paladin,retribution,54,27,27
Beigerbala,blackrock,1715,paladin,retribution,42,18,24
Русэльф,howling-fjord,1714,paladin,retribution,111,59,52
Testør,ragnaros,1714,paladin,retribution,123,55,68
Ague,spinebreaker,1713,paladin,retribution,66,30,36
Fullflavor,bladefist,1713,paladin,retribution,90,39,51
Panicmaker,ravencrest,1712,paladin,retribution,48,34,14
Батллграунт,soulflayer,1712,paladin,retribution,131,82,49
Darkkissx,lightbringer,1712,paladin,retribution,36,18,18
Modeladin,ragnaros,1712,paladin,retribution,76,37,39
Répo,twisting-nether,1712,paladin,retribution,48,23,25
Odin,silvermoon,1711,paladin,retribution,77,41,36
Wingsuit,eredar,1711,paladin,retribution,80,34,46
Lazaraat,antonidas,1711,paladin,retribution,65,25,40
Kinvqt,tarren-mill,1710,paladin,retribution,76,36,40
Matinacc,tarren-mill,1709,paladin,retribution,30,18,12
Дохлаяженах,gordunni,1709,paladin,retribution,42,24,18
Slapmedaddy,die-ewige-wacht,1709,paladin,retribution,54,29,25
Данбро,borean-tundra,1709,paladin,retribution,66,33,33
Ayylmeow,tarren-mill,1709,paladin,retribution,56,28,28
Deidâra,blackhand,1709,paladin,retribution,42,18,24
Shockashy,stormscale,1708,paladin,retribution,56,31,25
Starcker,sanguino,1708,paladin,retribution,78,27,51
Wickedret,kazzak,1707,paladin,retribution,30,18,12
Babaluga,blackrock,1706,paladin,retribution,42,21,21
Dainan,blackmoore,1706,paladin,retribution,151,73,78
Gwynel,argent-dawn,1705,paladin,retribution,66,31,35
Яидваклоуна,soulflayer,1703,paladin,retribution,36,18,18
Scorebit,draenor,1703,paladin,retribution,47,21,26
Dominikcro,sylvanas,1702,paladin,retribution,30,18,12
Nutqtgodx,archimonde,1702,paladin,retribution,36,21,15
Katanaclówn,eredar,1702,paladin,retribution,269,139,130
Refléx,zirkel-des-cenarius,1702,paladin,retribution,42,19,23
Pârabellum,the-maelstrom,1702,paladin,retribution,93,40,53
Витурус,howling-fjord,1702,paladin,retribution,72,28,44
Winkz,rajaxx,1701,paladin,retribution,36,18,18
Cowwithspell,stormscale,1701,paladin,retribution,122,60,62
Mirøku,silvermoon,1701,paladin,retribution,79,37,42
Baraya,archimonde,1701,paladin,retribution,41,19,22
Блэкхарм,gordunni,1701,paladin,retribution,60,21,39
Thórvaldr,argent-dawn,1700,paladin,retribution,54,30,24
Поласс,gordunni,1699,paladin,retribution,47,26,21
Ðenlox,destromath,1699,paladin,retribution,72,29,43
Estellar,bronze-dragonflight,1698,paladin,retribution,42,27,15
Laptop,aegwynn,1698,paladin,retribution,48,27,21
Холихит,gordunni,1698,paladin,retribution,100,50,50
Goüstà,ysondre,1698,paladin,retribution,48,22,26
Smirky,silvermoon,1697,paladin,retribution,42,20,22
Rullatôrsven,stormscale,1697,paladin,retribution,48,18,30
Mefrandie,frostwolf,1696,paladin,retribution,42,24,18
Qarak,argent-dawn,1695,paladin,retribution,71,32,39
Zayaka,ragnaros,1695,paladin,retribution,90,32,58
Shakkur,varimathras,1694,paladin,retribution,42,24,18
Dragonwingz,kazzak,1693,paladin,retribution,40,24,16
Salti,magtheridon,1693,paladin,retribution,142,77,65
Starworkal,ragnaros,1693,paladin,retribution,70,36,34
Socx,outland,1693,paladin,retribution,77,28,49
Uliko,twisting-nether,1692,paladin,retribution,72,42,30
Аилерия,howling-fjord,1692,paladin,retribution,293,158,135
Охоху,gordunni,1692,paladin,retribution,131,69,62
Сводимиаое,soulflayer,1692,paladin,retribution,52,24,28
Вэндрик,azuregos,1692,paladin,retribution,60,27,33
Tolgerias,twisting-nether,1692,paladin,retribution,48,20,28
Rli,twisting-nether,1691,paladin,retribution,80,41,39
Инфернох,howling-fjord,1691,paladin,retribution,161,81,80
Эвангер,gordunni,1691,paladin,retribution,48,22,26
Almighty,ravencrest,1690,paladin,retribution,66,28,38
Waneis,ravencrest,1689,paladin,retribution,60,31,29
Jout,tarren-mill,1689,paladin,retribution,144,73,71
Мегопалл,blackscar,1689,paladin,retribution,124,53,71
Bubbleteâ,blackhand,1688,paladin,retribution,78,35,43
Lightsaint,kazzak,1687,paladin,retribution,66,37,29
Holyshet,blackrock,1686,paladin,retribution,79,44,35
Ertheus,argent-dawn,1686,paladin,retribution,54,25,29
Oliverrar,blackrock,1686,paladin,retribution,54,25,29
Molgran,defias-brotherhood,1686,paladin,retribution,108,46,62
Zeroeffect,blackhand,1684,paladin,retribution,54,28,26
Yo,azshara,1684,paladin,retribution,66,34,32
Neverdeath,stormscale,1684,paladin,retribution,48,22,26
Mistérion,archimonde,1683,paladin,retribution,66,27,39
Thàø,chants-éternels,1682,paladin,retribution,58,30,28
Yséria,kirin-tor,1682,paladin,retribution,72,35,37
Guskey,draenor,1681,paladin,retribution,102,53,49
Mythsion,blackmoore,1680,paladin,retribution,48,25,23
Ilikejudge,blackmoore,1680,paladin,retribution,114,51,63
Атикинс,gordunni,1679,paladin,retribution,138,69,69
Varunyyo,blackrock,1679,paladin,retribution,82,40,42
Møg,blackrock,1679,paladin,retribution,59,24,35
Dudjaw,stormscale,1679,paladin,retribution,96,38,58
Blaîzer,archimonde,1679,paladin,retribution,48,18,30
Reito,eredar,1678,paladin,retribution,84,41,43
Boomboomciao,draenor,1676,paladin,retribution,84,56,28
Blakethorn,silvermoon,1676,paladin,retribution,36,18,18
Joniopala,stormreaver,1675,paladin,retribution,59,25,34
Saintys,sylvanas,1674,paladin,retribution,74,40,34
Alatie,dentarg,1674,paladin,retribution,108,56,52
Mcfëë,ysondre,1673,paladin,retribution,95,50,45
Lílou,blackmoore,1673,paladin,retribution,57,30,27
Diccari,stormreaver,1673,paladin,retribution,60,26,34
Bjornulfr,ravencrest,1673,paladin,retribution,107,46,61
Wootschi,arthas,1672,paladin,retribution,59,30,29
Eldrial,argent-dawn,1672,paladin,retribution,65,32,33
Иев,howling-fjord,1672,paladin,retribution,65,30,35
Shanice,twilights-hammer,1671,paladin,retribution,42,23,19
Mâterîa,antonidas,1671,paladin,retribution,108,59,49
Tyri,silvermoon,1671,paladin,retribution,96,50,46
Дракула,howling-fjord,1671,paladin,retribution,102,53,49
Грайндсет,galakrond,1671,paladin,retribution,41,18,23
Ксандэр,soulflayer,1670,paladin,retribution,29,18,11
Mainôs,ravencrest,1670,paladin,retribution,42,22,20
Kaileena,archimonde,1669,paladin,retribution,42,25,17
Robdob,kazzak,1669,paladin,retribution,54,30,24
Thesavage,magtheridon,1669,paladin,retribution,59,32,27
Bullsy,kazzak,1669,paladin,retribution,62,32,30
Merkury,sanguino,1669,paladin,retribution,48,21,27
Xciepo,rexxar,1669,paladin,retribution,66,28,38
Bubbls,laughing-skull,1668,paladin,retribution,30,18,12
Saintseiya,pozzo-delleternità,1667,paladin,retribution,36,23,13
Ajkulaa,kazzak,1667,paladin,retribution,80,40,40
Scralet,tarren-mill,1667,paladin,retribution,41,19,22
Youmistpew,antonidas,1667,paladin,retribution,48,19,29
Sorannian,hyjal,1667,paladin,retribution,60,20,40
Xyzl,argent-dawn,1666,paladin,retribution,144,82,62
Holymerda,grim-batol,1666,paladin,retribution,47,23,24
Hèllkeepêr,archimonde,1666,paladin,retribution,41,20,21
Kýríl,antonidas,1666,paladin,retribution,50,20,30
Hojacat,ravencrest,1665,paladin,retribution,36,20,16
Misú,ravencrest,1665,paladin,retribution,36,19,17
Misako,sanguino,1665,paladin,retribution,148,74,74
Bancu,outland,1665,paladin,retribution,41,20,21
Korendil,frostmane,1665,paladin,retribution,60,25,35
Keft,twisting-nether,1664,paladin,retribution,47,25,22
Zeggayodax,nemesis,1663,paladin,retribution,42,22,20
Ivarladin,draenor,1663,paladin,retribution,66,30,36
Vickdicator,stormscale,1663,paladin,retribution,68,30,38
Deadholland,ravencrest,1662,paladin,retribution,140,73,67
Serjudge,kazzak,1662,paladin,retribution,52,26,26
Pruntadin,silvermoon,1661,paladin,retribution,78,36,42
Аргонис,gordunni,1661,paladin,retribution,54,24,30
Sünlight,nemesis,1660,paladin,retribution,116,54,62
Менетиил,galakrond,1660,paladin,retribution,76,33,43
Bumaye,tarren-mill,1659,paladin,retribution,42,24,18
Focuspally,outland,1659,paladin,retribution,54,29,25
Âyasê,blackhand,1659,paladin,retribution,100,49,51
Wakke,outland,1658,paladin,retribution,38,26,12
Blakkjack,xavius,1658,paladin,retribution,35,22,13
Meìster,blackmoore,1658,paladin,retribution,63,30,33
Limitles,nemesis,1658,paladin,retribution,51,19,32
Drakingsang,blackhand,1657,paladin,retribution,84,35,49
Gulinborsti,aegwynn,1656,paladin,retribution,72,48,24
Auriuss,defias-brotherhood,1656,paladin,retribution,177,95,82
Dannyvye,outland,1656,paladin,retribution,66,28,38
Warmâchiine,burning-legion,1655,paladin,retribution,143,75,68
Telionrootan,die-aldor,1655,paladin,retribution,58,29,29
Кхарнх,soulflayer,1655,paladin,retribution,42,20,22
Novania,perenolde,1655,paladin,retribution,69,32,37
Ёйхйё,blackscar,1654,paladin,retribution,109,62,47
Graeme,ysondre,1654,paladin,retribution,54,29,25
Niou,alleria,1654,paladin,retribution,53,27,26
Crusshqt,silvermoon,1654,paladin,retribution,138,70,68
Сёмаигрок,soulflayer,1654,paladin,retribution,54,26,28
Rulîx,blackmoore,1654,paladin,retribution,120,57,63
Lecutus,sunstrider,1654,paladin,retribution,107,44,63
Aylion,blackrock,1653,paladin,retribution,42,28,14
Арагонис,howling-fjord,1653,paladin,retribution,36,23,13
Earendìl,blackmoore,1653,paladin,retribution,54,31,23
Zynuwu,blackmoore,1653,paladin,retribution,42,22,20
Koly,dun-modr,1653,paladin,retribution,74,38,36
Ruotollo,ravencrest,1653,paladin,retribution,51,23,28
Irondawg,rajaxx,1653,paladin,retribution,56,21,35
Райтивуд,howling-fjord,1652,paladin,retribution,110,58,52
Гуэргос,gordunni,1652,paladin,retribution,48,20,28
Xila,blackrock,1652,paladin,retribution,60,24,36
Gaalarr,burning-legion,1650,paladin,retribution,60,32,28
Palwig,tarren-mill,1650,paladin,retribution,148,78,70
Harlequina,argent-dawn,1650,paladin,retribution,40,20,20
Tekåpal,tarren-mill,1650,paladin,retribution,84,37,47
Zuveron,the-maelstrom,1650,paladin,retribution,54,23,31
Screws,dun-modr,1650,paladin,retribution,54,22,32
Unschúld,blackrock,1649,paladin,retribution,127,71,56
Aederec,argent-dawn,1649,paladin,retribution,78,42,36
Shenwarr,twisting-nether,1649,paladin,retribution,36,19,17
Хаспадин,gordunni,1649,paladin,retribution,42,21,21
Crohnox,nemesis,1648,paladin,retribution,70,36,34
Andrejz,sylvanas,1648,paladin,retribution,42,21,21
Elisabeth,kazzak,1648,paladin,retribution,72,31,41
Spegepølse,silvermoon,1647,paladin,retribution,74,42,32
Testament,antonidas,1647,paladin,retribution,66,33,33
Namapala,silvermoon,1647,paladin,retribution,95,46,49
Athená,baelgun,1646,paladin,retribution,29,22,7
Exoblade,twisting-nether,1646,paladin,retribution,72,40,32
Instaquez,stormscale,1646,paladin,retribution,121,60,61
Kouyhalaide,hyjal,1646,paladin,retribution,60,29,31
Batteldin,blackmoore,1644,paladin,retribution,152,89,63
Eruth,ravencrest,1644,paladin,retribution,54,31,23
Cîzzar,burning-legion,1644,paladin,retribution,153,85,68
Bubbledøtcøm,blackmoore,1644,paladin,retribution,60,29,31
Nukkss,silvermoon,1644,paladin,retribution,48,18,30
Rugila,ragnaros,1643,paladin,retribution,188,105,83
Aresdin,blackmoore,1643,paladin,retribution,42,23,19
Threathor,outland,1643,paladin,retribution,141,76,65
Mordar,ravencrest,1643,paladin,retribution,73,34,39
Arkk,blackrock,1643,paladin,retribution,54,23,31
Darkdeal,tarren-mill,1642,paladin,retribution,44,24,20
Ysell,sargeras,1642,paladin,retribution,62,31,31
Nøvå,ravencrest,1642,paladin,retribution,78,36,42
Всеволорд,howling-fjord,1642,paladin,retribution,48,22,26
Bikkuz,kazzak,1641,paladin,retribution,42,28,14
Gigasack,ravencrest,1641,paladin,retribution,36,23,13
Ogpullava,sylvanas,1641,paladin,retribution,42,23,19
Саймум,blackscar,1641,paladin,retribution,57,29,28
Шэйкер,blackscar,1641,paladin,retribution,85,40,45
Cappy,twisting-nether,1640,paladin,retribution,38,22,16
Powerpuffret,antonidas,1640,paladin,retribution,72,40,32
Tyrael,darksorrow,1639,paladin,retribution,203,102,101
Димасгачи,gordunni,1638,paladin,retribution,42,32,10
Boëndil,ravencrest,1638,paladin,retribution,71,41,30
Xtekz,tarren-mill,1638,paladin,retribution,74,38,36
Аскеттх,gordunni,1638,paladin,retribution,66,33,33
Bsepal,silvermoon,1637,paladin,retribution,194,105,89
Redex,tarren-mill,1637,paladin,retribution,111,60,51
Zaaen,burning-legion,1637,paladin,retribution,84,45,39
Brabop,zirkel-des-cenarius,1637,paladin,retribution,42,22,20
Tîrana,ysondre,1637,paladin,retribution,69,31,38
Nlyrld,magtheridon,1636,paladin,retribution,42,21,21
Dízeltekurva,ragnaros,1636,paladin,retribution,42,21,21
Badbuññy,sylvanas,1636,paladin,retribution,54,24,30
Skoopey,twisting-nether,1636,paladin,retribution,54,23,31
Toxií,argent-dawn,1636,paladin,retribution,58,22,36
Trenvendor,ravencrest,1635,paladin,retribution,33,22,11
Mácá,outland,1635,paladin,retribution,30,20,10
Santaclaus,zuljin,1635,paladin,retribution,66,43,23
Naexea,archimonde,1635,paladin,retribution,60,28,32
Arturius,ravencrest,1634,paladin,retribution,60,30,30
Djandja,blackrock,1634,paladin,retribution,59,29,30
Breakdøwñ,blackrock,1634,paladin,retribution,148,63,85
Palagray,blackmoore,1633,paladin,retribution,173,100,73
Твойвайб,gordunni,1633,paladin,retribution,114,63,51
Lisma,bloodfeather,1633,paladin,retribution,59,32,27
Retaxx,outland,1633,paladin,retribution,36,19,17
Прожектор,gordunni,1633,paladin,retribution,48,25,23
Nanisunda,thrall,1633,paladin,retribution,138,67,71
Theladrie,blackhand,1632,paladin,retribution,48,24,24
Хилерскийхил,soulflayer,1632,paladin,retribution,69,33,36
Flipzz,blackrock,1631,paladin,retribution,26,18,8
Needel,argent-dawn,1631,paladin,retribution,47,26,21
Кавайнекс,azuregos,1631,paladin,retribution,134,67,67
Draizor,twisting-nether,1631,paladin,retribution,89,42,47
Galadrion,dun-modr,1631,paladin,retribution,46,21,25
Emostylex,draenor,1631,paladin,retribution,107,45,62
Justyferr,nemesis,1631,paladin,retribution,111,45,66
Ibuc,blackrock,1630,paladin,retribution,36,21,15
Djcurry,archimonde,1630,paladin,retribution,30,17,13
Кельритос,soulflayer,1630,paladin,retribution,64,28,36
Antsh,nemesis,1629,paladin,retribution,36,22,14
Bobiwan,ravencrest,1629,paladin,retribution,30,17,13
Krîstal,aegwynn,1629,paladin,retribution,41,20,21
Glàdiator,outland,1629,paladin,retribution,93,41,52
Ønlyfâns,dragonblight,1629,paladin,retribution,78,34,44
Mudos,burning-legion,1628,paladin,retribution,24,18,6
Gilet,argent-dawn,1628,paladin,retribution,30,18,12
Бэйгреон,gordunni,1628,paladin,retribution,154,86,68
Draeymora,thrall,1628,paladin,retribution,85,47,38
Йосяфлексер,howling-fjord,1628,paladin,retribution,138,76,62
Wyllian,grim-batol,1628,paladin,retribution,48,23,25
Братстепина,gordunni,1628,paladin,retribution,60,28,32
Grìmmjøw,silvermoon,1628,paladin,retribution,45,21,24
Коссандра,greymane,1628,paladin,retribution,47,21,26
Таптыгин,gordunni,1628,paladin,retribution,54,23,31
Lifepower,nemesis,1627,paladin,retribution,34,21,13
Vuup,silvermoon,1627,paladin,retribution,78,37,41
Торсгад,gordunni,1626,paladin,retribution,42,23,19
Unzufrieden,silvermoon,1626,paladin,retribution,48,25,23
Оззмо,howling-fjord,1626,paladin,retribution,189,96,93
Zeusp,archimonde,1626,paladin,retribution,42,21,21
Zarron,blackrock,1626,paladin,retribution,42,20,22
Nukss,silvermoon,1626,paladin,retribution,78,35,43
Serratus,thunderhorn,1626,paladin,retribution,50,22,28
Bluehustler,tarren-mill,1626,paladin,retribution,123,51,72
Maloumnik,stormscale,1625,paladin,retribution,24,17,7
Kasualwrath,stormscale,1625,paladin,retribution,30,17,13
Strykar,aggra-português,1625,paladin,retribution,42,19,23
Wyzpal,archimonde,1624,paladin,retribution,42,24,18
Akaasix,stormscale,1624,paladin,retribution,57,31,26
Vakaza,cthun,1624,paladin,retribution,42,22,20
Nyxbane,kazzak,1624,paladin,retribution,42,17,25
Nfxx,argent-dawn,1623,paladin,retribution,75,47,28
Blazeer,pozzo-delleternità,1623,paladin,retribution,42,23,19
Leoxander,outland,1623,paladin,retribution,66,33,33
Notpitball,kazzak,1623,paladin,retribution,48,23,25
Krivonis,tarren-mill,1623,paladin,retribution,53,25,28
Käyle,alakir,1623,paladin,retribution,48,22,26
Brecs,frostmourne,1623,paladin,retribution,84,36,48
Ghosti,festung-der-stürme,1622,paladin,retribution,30,17,13
Nînaninja,silvermoon,1622,paladin,retribution,93,51,42
Ливх,blackscar,1622,paladin,retribution,79,42,37
Zïlda,archimonde,1622,paladin,retribution,90,47,43
Relius,outland,1622,paladin,retribution,73,28,45
Gøretterøg,archimonde,1621,paladin,retribution,30,18,12
Kraakz,sanguino,1621,paladin,retribution,35,18,17
Анастэриан,thermaplugg,1621,paladin,retribution,78,39,39
Dreamwatcher,outland,1621,paladin,retribution,48,21,27
Elendor,shadowsong,1620,paladin,retribution,36,20,16
Paakz,stormscale,1620,paladin,retribution,190,96,94
Valhella,stormscale,1619,paladin,retribution,137,70,67
Combinecka,chamber-of-aspects,1619,paladin,retribution,118,60,58
Holmat,twisting-nether,1619,paladin,retribution,48,24,24
Enlightendz,ravencrest,1619,paladin,retribution,54,23,31
Kaleyra,argent-dawn,1619,paladin,retribution,48,20,28
Rullatorsvèn,stormscale,1619,paladin,retribution,42,17,25
Charmxx,stormscale,1618,paladin,retribution,30,18,12
Kedaris,antonidas,1618,paladin,retribution,72,40,32
Lonesolo,sylvanas,1618,paladin,retribution,36,20,16
Havefunzqt,archimonde,1618,paladin,retribution,120,62,58
Menephannt,outland,1618,paladin,retribution,39,18,21
Sletlana,burning-blade,1618,paladin,retribution,48,21,27
Djuwuu,twisting-nether,1618,paladin,retribution,48,20,28
Bloodsworn,stormrage,1617,paladin,retribution,90,58,32
Ultret,silvermoon,1617,paladin,retribution,37,23,14
Argentø,ravencrest,1617,paladin,retribution,191,101,90
Фатумм,howling-fjord,1617,paladin,retribution,36,18,18
Okcså,ragnaros,1617,paladin,retribution,64,25,39
Onevr,tarren-mill,1616,paladin,retribution,80,47,33
Milkadìn,twisting-nether,1616,paladin,retribution,78,40,38
Typhadin,sylvanas,1616,paladin,retribution,42,20,22
Ассайоу,soulflayer,1616,paladin,retribution,60,21,39
Mommyret,draenor,1615,paladin,retribution,84,45,39
Holyblast,archimonde,1615,paladin,retribution,42,22,20
Bloodaxjr,archimonde,1614,paladin,retribution,178,95,83
Kayøz,aegwynn,1614,paladin,retribution,84,42,42
Хексали,soulflayer,1614,paladin,retribution,51,25,26
Budgetcara,stormscale,1613,paladin,retribution,35,19,16
Bloodyret,outland,1613,paladin,retribution,89,45,44
Асканиэль,howling-fjord,1613,paladin,retribution,96,44,52
Vanithar,thrall,1613,paladin,retribution,66,28,38
Аностазия,ashenvale,1613,paladin,retribution,84,33,51
Holyzero,ravencrest,1612,paladin,retribution,24,17,7
Mangz,ysondre,1612,paladin,retribution,36,25,11
Briman,neptulon,1612,paladin,retribution,60,37,23
Topzin,argent-dawn,1612,paladin,retribution,49,30,19
Johnßlake,dun-modr,1612,paladin,retribution,95,51,44
Puers,burning-blade,1612,paladin,retribution,41,21,20
Nergigante,drekthar,1612,paladin,retribution,48,23,25
Paradoxiâ,thrall,1612,paladin,retribution,60,28,32
Ragen,kazzak,1612,paladin,retribution,60,26,34
Lyraestra,hyjal,1612,paladin,retribution,66,28,38
Willmot,stormscale,1611,paladin,retribution,28,19,9
Wellmetqt,aegwynn,1611,paladin,retribution,95,40,55
Karyouka,archimonde,1610,paladin,retribution,54,33,21
Мяумяухх,soulflayer,1610,paladin,retribution,196,104,92
Discølove,blackmoore,1610,paladin,retribution,43,21,22
Saedrick,nemesis,1610,paladin,retribution,57,22,35
Grimstark,argent-dawn,1609,paladin,retribution,36,23,13
Promise,dun-modr,1609,paladin,retribution,60,32,28
Bíceron,sanguino,1609,paladin,retribution,64,32,32
Lazone,ysondre,1609,paladin,retribution,46,22,24
Racduck,dunemaul,1609,paladin,retribution,64,30,34
Snødunkern,outland,1609,paladin,retribution,96,41,55
Scillá,aegwynn,1609,paladin,retribution,48,20,28
Rettalius,ravencrest,1609,paladin,retribution,99,41,58
Mystixd,talnivarr,1608,paladin,retribution,42,31,11
Hølypowah,tarren-mill,1608,paladin,retribution,24,17,7
Alammar,burning-legion,1608,paladin,retribution,30,18,12
Ämÿcüs,zuljin,1608,paladin,retribution,72,41,31
Яправ,borean-tundra,1608,paladin,retribution,78,41,37
Vodax,argent-dawn,1608,paladin,retribution,72,37,35
Elohim,echsenkessel,1608,paladin,retribution,75,36,39
Рикшак,howling-fjord,1608,paladin,retribution,42,17,25
Biggboii,twisting-nether,1608,paladin,retribution,48,19,29
Кинбул,ashenvale,1607,paladin,retribution,30,17,13
Ревирант,gordunni,1607,paladin,retribution,39,21,18
Thmas,tarren-mill,1607,paladin,retribution,90,48,42
Ттиаматт,howling-fjord,1607,paladin,retribution,36,17,19
Эллесар,blackscar,1607,paladin,retribution,132,62,70
Swàyz,archimonde,1607,paladin,retribution,138,64,74
Джагадаптер,gordunni,1606,paladin,retribution,176,99,77
Fisslol,kazzak,1606,paladin,retribution,66,31,35
Далходж,soulflayer,1606,paladin,retribution,77,33,44
Saiyaan,silvermoon,1606,paladin,retribution,54,21,33
Arosyr,alleria,1605,paladin,retribution,60,36,24
Asærý,blackmoore,1605,paladin,retribution,51,26,25
Torvik,eredar,1605,paladin,retribution,96,46,50
Frankostyle,sanguino,1605,paladin,retribution,59,28,31
Anesthesiax,ravencrest,1605,paladin,retribution,59,24,35
Bázer,antonidas,1605,paladin,retribution,46,18,28
Saabnaab,outland,1604,paladin,retribution,218,126,92
Elesmerias,dalaran,1604,paladin,retribution,65,36,29
Tìtan,ravencrest,1604,paladin,retribution,48,25,23
Кронкс,howling-fjord,1604,paladin,retribution,141,73,68
Emìnem,kazzak,1604,paladin,retribution,128,66,62
Tinyandy,blackrock,1604,paladin,retribution,48,21,27
Майлайт,gordunni,1603,paladin,retribution,100,59,41
Kayback,archimonde,1603,paladin,retribution,40,22,18
Maybach,onyxia,1602,paladin,retribution,84,42,42
Hargreeve,ravencrest,1602,paladin,retribution,48,24,24
Fordragon,twisting-nether,1602,paladin,retribution,54,21,33
Quasimod,ravencrest,1601,paladin,retribution,30,17,13
Pappnas,aegwynn,1601,paladin,retribution,30,17,13
Flashyo,archimonde,1601,paladin,retribution,36,20,16
Zey,auchindoun,1601,paladin,retribution,36,19,17
Nashret,kazzak,1601,paladin,retribution,54,28,26
ßean,dun-modr,1601,paladin,retribution,40,20,20
Zwergicus,alexstrasza,1601,paladin,retribution,71,33,38
Моррзито,soulflayer,1601,paladin,retribution,60,27,33
Guccishock,twisting-nether,1600,paladin,retribution,85,48,37
Skippadin,ravencrest,1600,paladin,retribution,59,30,29
Elyox,ravencrest,1600,paladin,retribution,42,21,21
Retdead,nordrassil,1600,paladin,retribution,42,20,22
Реализатор,howling-fjord,1600,paladin,retribution,41,17,24
Carlash,draenor,1599,paladin,retribution,96,53,43
Djcrusade,twisting-nether,1599,paladin,retribution,140,77,63
Daoht,ysondre,1599,paladin,retribution,54,28,26
Рамзеса,soulflayer,1599,paladin,retribution,48,22,26
Baxxster,blackhand,1599,paladin,retribution,66,28,38
Holyinvictus,twisting-nether,1598,paladin,retribution,54,27,27
Azlaya,sargeras,1598,paladin,retribution,135,65,70
Eniste,silvermoon,1598,paladin,retribution,110,52,58
Wuzzle,azshara,1597,paladin,retribution,36,22,14
Íbossít,doomhammer,1594,paladin,retribution,78,40,38
Orti,sanguino,1593,paladin,retribution,71,41,30
Imaturtle,darksorrow,1593,paladin,retribution,60,21,39
Kuhfleisch,eredar,1592,paladin,retribution,103,62,41
Siorraidh,archimonde,1592,paladin,retribution,42,23,19
Trendragon,argent-dawn,1592,paladin,retribution,65,28,37
Dabeefchief,outland,1590,paladin,retribution,28,21,7
Pallidino,antonidas,1590,paladin,retribution,47,20,27
Mearsheimer,ysondre,1590,paladin,retribution,48,19,29
Ratklng,ravencrest,1589,paladin,retribution,84,50,34
Фэрплэйн,gordunni,1589,paladin,retribution,36,19,17
Sstalowy,silvermoon,1589,paladin,retribution,151,74,77
Ahpoual,archimonde,1588,paladin,retribution,64,39,25
Владыкасвета,borean-tundra,1588,paladin,retribution,120,64,56
Raoun,archimonde,1588,paladin,retribution,48,23,25
Shaylaru,tarren-mill,1587,paladin,retribution,41,22,19
Altundrdel,ravencrest,1587,paladin,retribution,60,31,29
Yaldly,dun-modr,1586,paladin,retribution,36,18,18
Джамбит,howling-fjord,1584,paladin,retribution,42,22,20
Девствениица,gordunni,1583,paladin,retribution,60,34,26
Cilise,bronzebeard,1583,paladin,retribution,54,24,30
Vylnoa,twisting-nether,1583,paladin,retribution,151,67,84
Isora,twisting-nether,1583,paladin,retribution,98,42,56
Slump,ravencrest,1582,paladin,retribution,79,41,38
Aerieon,draenor,1582,paladin,retribution,42,21,21
Талрэн,howling-fjord,1582,paladin,retribution,66,32,34
Дезоиль,gordunni,1582,paladin,retribution,42,19,23
Irenita,kazzak,1582,paladin,retribution,54,23,31
Sunhalo,twisting-nether,1582,paladin,retribution,47,20,27
Mazekiel,archimonde,1581,paladin,retribution,42,25,17
Belnadris,eredar,1580,paladin,retribution,88,48,40
Retstarr,draenor,1580,paladin,retribution,114,57,57
Vitacé,burning-legion,1580,paladin,retribution,84,41,43
Диманватикан,howling-fjord,1580,paladin,retribution,66,27,39
Gangb,ravencrest,1579,paladin,retribution,36,20,16
Xëlâ,archimonde,1579,paladin,retribution,75,40,35
Phalex,outland,1579,paladin,retribution,42,19,23
Búbbles,nerathor,1577,paladin,retribution,36,20,16
Addwyr,blackrock,1577,paladin,retribution,72,37,35
Divinenoob,ravencrest,1576,paladin,retribution,36,23,13
Bagok,drakthul,1576,paladin,retribution,42,26,16
Elektek,archimonde,1576,paladin,retribution,30,18,12
Pinx,kazzak,1576,paladin,retribution,54,25,29
Наспидах,grom,1575,paladin,retribution,55,20,35
Báldür,silvermoon,1574,paladin,retribution,60,30,30
Brianxd,tarren-mill,1574,paladin,retribution,54,26,28
Opsyoudie,kazzak,1573,paladin,retribution,111,51,60
Seductîve,kazzak,1572,paladin,retribution,108,63,45
Heallgodxx,ragnaros,1572,paladin,retribution,30,17,13
Zaatar,stormscale,1572,paladin,retribution,53,30,23
Jaro,alleria,1571,paladin,retribution,51,26,25
Nexzz,outland,1570,paladin,retribution,35,26,9
Gucix,sylvanas,1570,paladin,retribution,36,21,15
Itsgossiplol,twisting-nether,1570,paladin,retribution,92,37,55
Irhoy,dalaran,1568,paladin,retribution,34,23,11
Luhae,archimonde,1568,paladin,retribution,72,44,28
Биоразлагаем,gordunni,1568,paladin,retribution,78,41,37
Spéos,archimonde,1568,paladin,retribution,64,31,33
Paellysuir,blackmoore,1567,paladin,retribution,108,54,54
Ïdø,hyjal,1567,paladin,retribution,114,48,66
Rimva,alleria,1566,paladin,retribution,48,30,18
Aethelwold,ragnaros,1565,paladin,retribution,132,56,76
Okroschka,blackrock,1564,paladin,retribution,30,18,12
Askenor,blackrock,1564,paladin,retribution,41,18,23
Kathí,kazzak,1563,paladin,retribution,24,18,6
Rimlod,saurfang,1563,paladin,retribution,102,56,46
Trixzie,blackhand,1563,paladin,retribution,36,18,18
Сэдвиг,gordunni,1563,paladin,retribution,35,17,18
Joekickass,madmortem,1562,paladin,retribution,29,18,11
Альфазеро,howling-fjord,1562,paladin,retribution,77,38,39
Лакоста,ashenvale,1562,paladin,retribution,66,31,35
Qïkarï,antonidas,1561,paladin,retribution,61,35,26
Galevar,argent-dawn,1561,paladin,retribution,156,81,75
Duno,archimonde,1560,paladin,retribution,28,17,11
Eiennoai,argent-dawn,1560,paladin,retribution,32,19,13
Farata,ravencrest,1560,paladin,retribution,148,79,69
Lysander,antonidas,1560,paladin,retribution,36,17,19
Нормвал,gordunni,1560,paladin,retribution,49,21,28
Копаю,gordunni,1559,paladin,retribution,138,79,59
Forja,silvermoon,1559,paladin,retribution,80,40,40
Gigajudge,ravencrest,1559,paladin,retribution,54,27,27
Créo,draenor,1558,paladin,retribution,42,20,22
Bailleya,drakthul,1558,paladin,retribution,66,27,39
Blówout,tarren-mill,1557,paladin,retribution,42,23,19
Seraphyonhd,blackmoore,1556,paladin,retribution,82,44,38
Akrobatka,sanguino,1556,paladin,retribution,96,41,55
Синодушка,howling-fjord,1556,paladin,retribution,42,17,25
Røck,aggra-português,1555,paladin,retribution,131,72,59
Giroud,dalaran,1555,paladin,retribution,36,17,19
Салутан,thermaplugg,1555,paladin,retribution,112,52,60
Спидфрик,blackscar,1554,paladin,retribution,62,35,27
Ùthér,sylvanas,1554,paladin,retribution,43,22,21
Shatar,culte-de-la-rive-noire,1554,paladin,retribution,61,25,36
Deadlydawn,kazzak,1554,paladin,retribution,72,23,49
Каштоуны,soulflayer,1553,paladin,retribution,62,28,34
Taiso,alonsus,1552,paladin,retribution,59,30,29
Ketherian,blutkessel,1552,paladin,retribution,52,20,32
Cauze,ravencrest,1551,paladin,retribution,144,75,69
Drylands,ravencrest,1551,paladin,retribution,54,28,26
Snackzy,twisting-nether,1551,paladin,retribution,78,38,40
Yæø,archimonde,1550,paladin,retribution,36,22,14
Zayonix,amanthul,1549,paladin,retribution,37,25,12
Naree,stormreaver,1549,paladin,retribution,42,21,21
Gîn,aszune,1549,paladin,retribution,36,18,18
Rudî,sanguino,1547,paladin,retribution,58,43,15
Cos,stormscale,1547,paladin,retribution,40,23,17
Дорогаснега,gordunni,1547,paladin,retribution,42,23,19
Codindio,silvermoon,1547,paladin,retribution,88,46,42
Цитрон,blackscar,1546,paladin,retribution,24,17,7
Лаитнем,gordunni,1546,paladin,retribution,66,40,26
Zneeks,shattered-hand,1545,paladin,retribution,30,19,11
Trisunonvaki,khazgoroth,1545,paladin,retribution,125,70,55
Letharen,argent-dawn,1545,paladin,retribution,32,17,15
Dalbo,aegwynn,1543,paladin,retribution,34,24,10
Мизуриэль,howling-fjord,1543,paladin,retribution,42,24,18
Беспощадие,gordunni,1543,paladin,retribution,45,21,24
Lawtõn,argent-dawn,1542,paladin,retribution,150,78,72
Pav,eredar,1542,paladin,retribution,59,29,30
Blader,darksorrow,1542,paladin,retribution,98,47,51
Kènpachî,blackrock,1542,paladin,retribution,48,22,26
Interop,tarren-mill,1541,paladin,retribution,54,30,24
Эеомли,blackscar,1541,paladin,retribution,51,25,26
Nîcolascage,stormscale,1541,paladin,retribution,42,19,23
Obsidyen,outland,1541,paladin,retribution,38,17,21
Гневнебес,howling-fjord,1541,paladin,retribution,84,36,48
Zeldalòl,outland,1541,paladin,retribution,59,25,34
Ceccil,dun-modr,1540,paladin,retribution,84,49,35
Arrious,frostmane,1540,paladin,retribution,47,25,22
Сангвиний,howling-fjord,1540,paladin,retribution,180,84,96
Thazyru,frostmane,1539,paladin,retribution,48,32,16
Волатбай,gordunni,1539,paladin,retribution,60,36,24
Deloréane,archimonde,1539,paladin,retribution,62,30,32
Lycasia,hyjal,1538,paladin,retribution,66,27,39
Nocleanse,argent-dawn,1536,paladin,retribution,42,31,11
Runcarsnwpen,kazzak,1536,paladin,retribution,41,27,14
Lavawraith,argent-dawn,1536,paladin,retribution,34,17,17
Catar,arathor,1535,paladin,retribution,169,95,74
Apolytos,laughing-skull,1535,paladin,retribution,109,49,60
Theodór,antonidas,1535,paladin,retribution,95,42,53
Drdo,blackrock,1534,paladin,retribution,18,16,2
Insanepvplol,archimonde,1534,paladin,retribution,24,16,8
Vleisboom,ravencrest,1534,paladin,retribution,42,23,19
Byakkospal,tarren-mill,1534,paladin,retribution,114,58,56
Рапсодихх,gordunni,1533,paladin,retribution,80,41,39
Руказакона,deathguard,1533,paladin,retribution,67,32,35
Zerad,quelthalas,1533,paladin,retribution,80,32,48
Sikthorlan,ravencrest,1532,paladin,retribution,42,22,20
Mommy,darksorrow,1532,paladin,retribution,84,38,46
Rqd,blackrock,1532,paladin,retribution,36,16,20
Poohsie,ravencrest,1531,paladin,retribution,48,30,18
Mofawilli,blackrock,1531,paladin,retribution,60,35,25
Hanksolos,drakthul,1531,paladin,retribution,40,22,18
Jorhall,antonidas,1531,paladin,retribution,103,54,49
Хеллкик,howling-fjord,1531,paladin,retribution,62,27,35
Salelol,ravencrest,1531,paladin,retribution,66,23,43
Bullstorm,burning-legion,1530,paladin,retribution,36,19,17
Tharizod,nagrand,1530,paladin,retribution,68,34,34
Riskha,archimonde,1529,paladin,retribution,45,31,14
Kawabanga,the-maelstrom,1529,paladin,retribution,46,25,21
Beefdaddyy,kazzak,1529,paladin,retribution,71,36,35
Krakr,ravencrest,1529,paladin,retribution,42,20,22
Júdger,twisting-nether,1528,paladin,retribution,77,38,39
Борссалино,gordunni,1528,paladin,retribution,99,48,51
Ришардебюр,soulflayer,1528,paladin,retribution,71,34,37
Tyristrum,kilrogg,1528,paladin,retribution,42,17,25
Воркаллес,gordunni,1527,paladin,retribution,90,55,35
Myridan,bloodhoof,1527,paladin,retribution,48,23,25
Apokalipsnik,drakthul,1527,paladin,retribution,48,22,26
Мётод,howling-fjord,1526,paladin,retribution,42,22,20
Artal,tarren-mill,1526,paladin,retribution,36,18,18
Knøp,outland,1526,paladin,retribution,38,17,21
Lamohru,argent-dawn,1526,paladin,retribution,66,29,37
Pný,silvermoon,1525,paladin,retribution,42,20,22
Gashqx,hyjal,1524,paladin,retribution,51,35,16
Valkyrjai,silvermoon,1523,paladin,retribution,71,32,39
Hülä,antonidas,1523,paladin,retribution,42,17,25
Mograine,die-aldor,1522,paladin,retribution,106,55,51
Shroomez,frostmane,1522,paladin,retribution,46,23,23
Stazo,drakthul,1522,paladin,retribution,36,16,20
Deathlyblaze,draenor,1521,paladin,retribution,60,33,27
Dantrag,eredar,1521,paladin,retribution,60,24,36
Imreallybadx,blackrock,1520,paladin,retribution,55,31,24
Lightwitcher,silvermoon,1520,paladin,retribution,120,53,67
Supergallows,shattered-hand,1520,paladin,retribution,54,22,32
Buyamazon,kazzak,1519,paladin,retribution,36,17,19
Varathraz,ravencrest,1519,paladin,retribution,42,16,26
Timal,eitrigg,1518,paladin,retribution,133,67,66
Adiútrix,silvermoon,1517,paladin,retribution,48,30,18
Decain,twisting-nether,1517,paladin,retribution,30,16,14
Azûl,archimonde,1517,paladin,retribution,144,71,73
Романтик,deathweaver,1517,paladin,retribution,60,28,32
Wohx,archimonde,1516,paladin,retribution,24,16,8
Летвамар,gordunni,1516,paladin,retribution,36,16,20
Omaw,ragnaros,1515,paladin,retribution,30,16,14
Grobididi,malygos,1515,paladin,retribution,161,85,76
Rapwnzel,sylvanas,1515,paladin,retribution,60,30,30
Hys,stormscale,1514,paladin,retribution,42,23,19
Bubblebuttx,ghostlands,1514,paladin,retribution,83,44,39
Shufflee,drakthul,1514,paladin,retribution,54,25,29
Kptayn,archimonde,1513,paladin,retribution,36,19,17
Пурджпал,soulflayer,1512,paladin,retribution,66,38,28
Puré,festung-der-stürme,1512,paladin,retribution,59,28,31
Io,frostwolf,1512,paladin,retribution,161,75,86
Jcpd,drakthul,1512,paladin,retribution,46,18,28
Akâshi,dalaran,1511,paladin,retribution,48,28,20
Nataii,argent-dawn,1511,paladin,retribution,30,16,14
Lawlight,frostmane,1511,paladin,retribution,81,42,39
Вэис,borean-tundra,1510,paladin,retribution,53,29,24
Стальгор,ashenvale,1510,paladin,retribution,30,16,14
Impaross,shattrath,1509,paladin,retribution,159,87,72
Mooses,stormscale,1509,paladin,retribution,66,34,32
Lestaf,the-maelstrom,1509,paladin,retribution,80,40,40
Clamjam,sylvanas,1509,paladin,retribution,72,28,44
Vedaar,dun-modr,1508,paladin,retribution,30,24,6
Günselsen,antonidas,1507,paladin,retribution,228,119,109
Ínvi,aegwynn,1507,paladin,retribution,57,29,28
Ксенджин,gordunni,1507,paladin,retribution,58,29,29
Iljanaqt,blackrock,1507,paladin,retribution,70,31,39
Истенен,blackscar,1507,paladin,retribution,90,39,51
Темплеар,gordunni,1507,paladin,retribution,96,37,59
Росиель,soulflayer,1506,paladin,retribution,80,40,40
Igrael,argent-dawn,1506,paladin,retribution,60,29,31
Morninnstaar,kazzak,1506,paladin,retribution,42,20,22
Ulrhik,nemesis,1506,paladin,retribution,75,30,45
Paradoax,quelthalas,1505,paladin,retribution,30,16,14
Шоринг,gordunni,1505,paladin,retribution,54,28,26
Tazkaz,archimonde,1505,paladin,retribution,56,27,29
Fítzgerald,antonidas,1504,paladin,retribution,58,31,27
Лусейд,howling-fjord,1503,paladin,retribution,47,32,15
Séanors,archimonde,1502,paladin,retribution,22,17,5
Zélix,bronzebeard,1502,paladin,retribution,95,51,44
Elrandil,kazzak,1501,paladin,retribution,78,35,43
Enveador,garrosh,1500,paladin,retribution,60,35,25
Mííss,silvermoon,1499,paladin,retribution,78,41,37
Jathx,silvermoon,1498,paladin,retribution,62,36,26
Ralphias,tarren-mill,1498,paladin,retribution,72,32,40
Rafflesia,sanguino,1498,paladin,retribution,47,16,31
Válé,silvermoon,1497,paladin,retribution,92,42,50
Shmndr,kazzak,1496,paladin,retribution,46,25,21
Mattiesko,kazzak,1496,paladin,retribution,139,72,67
Násty,twisting-nether,1496,paladin,retribution,143,71,72
Колсет,soulflayer,1496,paladin,retribution,43,20,23
Eärendil,drakthul,1496,paladin,retribution,72,32,40
Dananas,draenor,1496,paladin,retribution,72,27,45
Варблэйз,gordunni,1495,paladin,retribution,30,16,14
Azhrei,archimonde,1495,paladin,retribution,36,16,20
Hornybìlly,stormscale,1494,paladin,retribution,42,16,26
Notdeadfred,silvermoon,1493,paladin,retribution,60,33,27
Тьёрн,gordunni,1493,paladin,retribution,48,26,22
Xawier,ghostlands,1493,paladin,retribution,72,36,36
Avalindro,wrathbringer,1493,paladin,retribution,60,26,34
Ben,ghostlands,1492,paladin,retribution,24,16,8
Диваин,gordunni,1492,paladin,retribution,90,51,39
Astolfia,silvermoon,1492,paladin,retribution,43,24,19
Галиор,soulflayer,1491,paladin,retribution,40,24,16
Jimrogier,argent-dawn,1491,paladin,retribution,60,28,32
Gllorya,ragnaros,1491,paladin,retribution,52,21,31
Малоко,thermaplugg,1490,paladin,retribution,36,18,18
Holyshied,silvermoon,1490,paladin,retribution,42,19,23
Slayfer,dun-modr,1490,paladin,retribution,72,31,41
Eleuterus,bloodfeather,1490,paladin,retribution,48,19,29
Cassandrina,kazzak,1489,paladin,retribution,59,32,27
Selaphíel,kazzak,1489,paladin,retribution,150,78,72
Riukÿ,nemesis,1489,paladin,retribution,53,27,26
Sonarix,blackrock,1488,paladin,retribution,51,26,25
Azryn,kazzak,1487,paladin,retribution,32,18,14
Paulìe,draenor,1487,paladin,retribution,48,24,24
Qpalax,outland,1487,paladin,retribution,38,17,21
Yømø,antonidas,1486,paladin,retribution,54,28,26
Jiraaqi,silvermoon,1486,paladin,retribution,83,40,43
Humphry,vashj,1485,paladin,retribution,54,27,27
Lightbrîng,hyjal,1485,paladin,retribution,150,71,79
Indye,hyjal,1484,paladin,retribution,30,19,11
Baldivar,silvermoon,1484,paladin,retribution,66,38,28
Renaseh,twisting-nether,1484,paladin,retribution,35,16,19
Мистеравадон,gordunni,1484,paladin,retribution,158,71,87
Неффко,howling-fjord,1483,paladin,retribution,48,24,24
Neêsoldr,blackmoore,1483,paladin,retribution,71,35,36
Drivenlight,twisting-nether,1482,paladin,retribution,42,22,20
Koami,blackmoore,1481,paladin,retribution,98,51,47
Osïrïs,kazzak,1481,paladin,retribution,81,35,46
Блатш,greymane,1481,paladin,retribution,61,19,42
Holymunt,sylvanas,1480,paladin,retribution,24,16,8
Uxxer,sanguino,1479,paladin,retribution,41,23,18
Wrathlight,nemesis,1479,paladin,retribution,42,23,19
Holyhi,silvermoon,1479,paladin,retribution,64,35,29
Portgas,hyjal,1479,paladin,retribution,48,24,24
Ruftadin,ragnaros,1479,paladin,retribution,54,25,29
Râoh,arathi,1476,paladin,retribution,78,38,40
Zoltes,twisting-nether,1476,paladin,retribution,93,45,48
Раффаэло,borean-tundra,1476,paladin,retribution,120,56,64
Bloodpaly,silvermoon,1476,paladin,retribution,64,27,37
Angelisho,zuljin,1476,paladin,retribution,103,41,62
Savitri,drakthul,1475,paladin,retribution,48,27,21
Fatâl,antonidas,1475,paladin,retribution,45,20,25
Níthag,ragnaros,1473,paladin,retribution,30,16,14
Snibsxpala,silvermoon,1473,paladin,retribution,41,20,21
Ranish,aegwynn,1473,paladin,retribution,45,17,28
Veckra,kazzak,1472,paladin,retribution,65,34,31
Wadey,tarren-mill,1472,paladin,retribution,65,31,34
Sebatrøz,ravencrest,1470,paladin,retribution,36,20,16
Arfeniel,stormscale,1470,paladin,retribution,66,27,39
Myrieni,silvermoon,1469,paladin,retribution,48,22,26
Enolaer,ragnaros,1468,paladin,retribution,51,24,27
Craaw,archimonde,1468,paladin,retribution,71,28,43
Ippî,blackmoore,1467,paladin,retribution,37,23,14
Legendaryxw,drakthul,1467,paladin,retribution,69,36,33
Jonquiillee,dalaran,1467,paladin,retribution,35,17,18
Schôck,eredar,1467,paladin,retribution,33,16,17
Ярослэйв,howling-fjord,1467,paladin,retribution,92,39,53
Annyaiva,outland,1467,paladin,retribution,66,27,39
Scarabeus,ravencrest,1466,paladin,retribution,52,30,22
Essenz,eredar,1466,paladin,retribution,80,32,48
Bubblefett,ysera,1465,paladin,retribution,36,18,18
Stelanâal,archimonde,1465,paladin,retribution,104,51,53
Tracsiee,twisting-nether,1465,paladin,retribution,38,17,21
Llaynn,argent-dawn,1465,paladin,retribution,66,24,42
Тарйья,gordunni,1464,paladin,retribution,25,16,9
Leeroyjinks,twisting-nether,1464,paladin,retribution,36,21,15
Gazïel,kaelthas,1464,paladin,retribution,60,32,28
Маркант,gordunni,1463,paladin,retribution,108,59,49
Медверус,gordunni,1463,paladin,retribution,47,24,23
Neltix,blackrock,1463,paladin,retribution,82,39,43
Tarenath,aegwynn,1463,paladin,retribution,35,16,19
Majk,hellscream,1463,paladin,retribution,85,36,49
Gymly,kazzak,1462,paladin,retribution,156,87,69
Петуретрик,gordunni,1461,paladin,retribution,112,57,55
Albz,laughing-skull,1461,paladin,retribution,36,17,19
Whatapity,silvermoon,1461,paladin,retribution,42,17,25
Wälläce,sanguino,1461,paladin,retribution,41,16,25
Khouvec,tarren-mill,1460,paladin,retribution,30,19,11
Holÿbeard,ravencrest,1460,paladin,retribution,60,36,24
Malemanlad,silvermoon,1460,paladin,retribution,132,67,65
Teryanna,ragnaros,1460,paladin,retribution,74,29,45
Цитология,borean-tundra,1459,paladin,retribution,108,63,45
Tuppo,argent-dawn,1459,paladin,retribution,163,78,85
Хамили,gordunni,1459,paladin,retribution,78,35,43
Zanreti,outland,1458,paladin,retribution,110,57,53
Deathlaf,argent-dawn,1458,paladin,retribution,42,19,23
Molenko,rexxar,1458,paladin,retribution,72,30,42
Ojn,tarren-mill,1457,paladin,retribution,42,28,14
Leroya,blackrock,1457,paladin,retribution,35,18,17
Geilershrimp,blackrock,1457,paladin,retribution,48,16,32
Ветрум,gordunni,1456,paladin,retribution,36,18,18
Moodý,ragnaros,1455,paladin,retribution,88,43,45
Elinmogz,kazzak,1454,paladin,retribution,26,16,10
Грузор,gordunni,1454,paladin,retribution,48,28,20
Timôro,archimonde,1454,paladin,retribution,42,23,19
Холишокович,deathweaver,1454,paladin,retribution,66,29,37
Кузькинамать,greymane,1454,paladin,retribution,108,44,64
Atemes,malorne,1453,paladin,retribution,27,17,10
Whitebreeze,sanguino,1453,paladin,retribution,70,37,33
Тэлматос,soulflayer,1453,paladin,retribution,66,30,36
Хентайбогиня,ashenvale,1453,paladin,retribution,44,19,25
Windsor,argent-dawn,1452,paladin,retribution,78,40,38
Сенлеида,gordunni,1452,paladin,retribution,86,43,43
Samueel,blackmoore,1451,paladin,retribution,78,43,35
Ficsuur,ragnaros,1451,paladin,retribution,205,103,102
Davidas,drakthul,1451,paladin,retribution,43,19,24
Айэмбомб,howling-fjord,1450,paladin,retribution,40,20,20
Тюрр,lich-king,1450,paladin,retribution,49,23,26
Ramro,magtheridon,1449,paladin,retribution,36,23,13
Жанож,gordunni,1449,paladin,retribution,48,26,22
Oldsqlmofu,blackrock,1448,paladin,retribution,36,17,19
Splasher,grim-batol,1448,paladin,retribution,96,45,51
Àræs,archimonde,1448,paladin,retribution,66,27,39
Hanknpank,quelthalas,1447,paladin,retribution,36,22,14
Logikoma,tarren-mill,1447,paladin,retribution,54,30,24
Ðivine,stormscale,1447,paladin,retribution,82,44,38
Angelcore,tarren-mill,1447,paladin,retribution,187,95,92
Асшура,howling-fjord,1447,paladin,retribution,40,20,20
Dimes,argent-dawn,1446,paladin,retribution,25,18,7
Aaes,argent-dawn,1446,paladin,retribution,25,18,7
Boabux,draenor,1446,paladin,retribution,104,55,49
Хиккудоджер,eversong,1446,paladin,retribution,232,122,110
Teìltaus,eredar,1446,paladin,retribution,60,28,32
Сакермвп,howling-fjord,1445,paladin,retribution,36,23,13
Рипкарт,gordunni,1445,paladin,retribution,30,18,12
Finñ,sylvanas,1445,paladin,retribution,65,32,33
Lerie,ravencrest,1444,paladin,retribution,39,19,20
Feelmylight,tarren-mill,1444,paladin,retribution,35,16,19
Frutte,malganis,1443,paladin,retribution,48,27,21
Hehtmonghour,sanguino,1443,paladin,retribution,54,29,25
Valarians,nemesis,1443,paladin,retribution,30,16,14
Pliscken,kazzak,1443,paladin,retribution,47,20,27
Neverknõw,draenor,1442,paladin,retribution,38,21,17
Кариил,blackscar,1442,paladin,retribution,29,16,13
Protos,ambossar,1442,paladin,retribution,54,27,27
Torpala,burning-legion,1441,paladin,retribution,36,18,18
Nothonnest,archimonde,1440,paladin,retribution,34,23,11
Rèmi,pozzo-delleternità,1440,paladin,retribution,29,18,11
Hugins,chamber-of-aspects,1440,paladin,retribution,36,17,19
Pak,amanthul,1440,paladin,retribution,45,18,27
Soossi,silvermoon,1439,paladin,retribution,24,15,9
Naethan,malganis,1439,paladin,retribution,48,24,24
Андерлайт,azuregos,1439,paladin,retribution,41,19,22
Æthëlflæd,ravencrest,1438,paladin,retribution,83,53,30
Zebramann,silvermoon,1438,paladin,retribution,81,45,36
Hogan,blackmoore,1438,paladin,retribution,42,23,19
Dinønuggets,ravencrest,1438,paladin,retribution,30,15,15
Knigh,draenor,1438,paladin,retribution,102,48,54
Нэксти,howling-fjord,1438,paladin,retribution,59,27,32
Dijkie,boulderfist,1438,paladin,retribution,36,16,20
Amburet,kazzak,1438,paladin,retribution,36,15,21
Chíllpills,silvermoon,1437,paladin,retribution,60,25,35
Mezzí,aegwynn,1436,paladin,retribution,48,27,21
Exceed,blackmoore,1436,paladin,retribution,30,15,15
Джибути,soulflayer,1436,paladin,retribution,105,51,54
Shröömïë,silvermoon,1435,paladin,retribution,140,69,71
Aumium,sunstrider,1435,paladin,retribution,112,51,61
Destroyer,archimonde,1435,paladin,retribution,36,15,21
Крода,deepholm,1434,paladin,retribution,36,18,18
Lipsvirgin,kazzak,1433,paladin,retribution,30,15,15
Doxynator,silvermoon,1433,paladin,retribution,53,23,30
Lezira,ravencrest,1433,paladin,retribution,36,15,21
Drhammerdin,antonidas,1433,paladin,retribution,36,15,21
Vanyon,malganis,1432,paladin,retribution,26,16,10
Артреал,blackscar,1432,paladin,retribution,96,56,40
Lightstrike,stormrage,1432,paladin,retribution,30,17,13
Aasimar,twilights-hammer,1432,paladin,retribution,203,106,97
Jac,nemesis,1432,paladin,retribution,134,65,69
Erasdin,silvermoon,1431,paladin,retribution,24,15,9
Kyrokonserve,blackmoore,1431,paladin,retribution,73,38,35
Alithyra,earthen-ring,1431,paladin,retribution,85,42,43
Lovetospoonn,ravencrest,1430,paladin,retribution,36,23,13
Tavil,sylvanas,1430,paladin,retribution,24,15,9
Logossh,dun-modr,1430,paladin,retribution,26,16,10
Steakenstein,nathrezim,1429,paladin,retribution,101,57,44
Jøøs,sargeras,1429,paladin,retribution,105,56,49
Aroyul,silvermoon,1428,paladin,retribution,24,15,9
Хоулик,howling-fjord,1427,paladin,retribution,69,37,32
Милостьрока,gordunni,1427,paladin,retribution,48,24,24
Qzoveca,steamwheedle-cartel,1427,paladin,retribution,42,18,24
Сазар,gordunni,1426,paladin,retribution,51,21,30
Swânn,sanguino,1425,paladin,retribution,24,15,9
Turskah,shattered-hand,1425,paladin,retribution,30,15,15
Lostfire,sinstralis,1425,paladin,retribution,30,15,15
Komen,dalaran,1424,paladin,retribution,24,15,9
Кериас,gordunni,1424,paladin,retribution,24,15,9
Aisolôn,thrall,1424,paladin,retribution,48,27,21
Zehnya,grim-batol,1424,paladin,retribution,210,108,102
Rhyvar,outland,1424,paladin,retribution,30,15,15
Адвакаад,soulflayer,1424,paladin,retribution,30,15,15
Stavrosy,outland,1424,paladin,retribution,42,15,27
Uraraka,burning-blade,1423,paladin,retribution,36,24,12
Toompaa,ravencrest,1423,paladin,retribution,36,23,13
Cracish,ragnaros,1422,paladin,retribution,30,15,15
Palantex,drakthul,1422,paladin,retribution,60,28,32
Террорх,blackscar,1422,paladin,retribution,54,22,32
Nillenkäse,antonidas,1421,paladin,retribution,24,15,9
Термотравка,grom,1421,paladin,retribution,192,88,104
Slipmax,eredar,1421,paladin,retribution,42,17,25
Flaweldin,ravencrest,1420,paladin,retribution,18,15,3
Jâybee,ravencrest,1420,paladin,retribution,48,25,23
Shtaladin,sylvanas,1420,paladin,retribution,124,58,66
Aurroraa,doomhammer,1420,paladin,retribution,57,26,31
Fredas,hyjal,1419,paladin,retribution,78,42,36
Eken,hyjal,1419,paladin,retribution,36,18,18
Tobzin,argent-dawn,1419,paladin,retribution,60,29,31
Пивняк,eversong,1418,paladin,retribution,63,37,26
Fluppy,the-maelstrom,1418,paladin,retribution,36,16,20
Olivaresx,ravencrest,1418,paladin,retribution,54,19,35
Hydrath,ysondre,1417,paladin,retribution,90,41,49
Diamir,rajaxx,1417,paladin,retribution,51,20,31
Fryl,quelthalas,1416,paladin,retribution,66,37,29
Aisnil,twilights-hammer,1416,paladin,retribution,107,54,53
Offa,draenor,1416,paladin,retribution,48,23,25
Ljumá,kazzak,1416,paladin,retribution,114,54,60
Светонносец,gordunni,1416,paladin,retribution,98,45,53
Madman,drakthul,1416,paladin,retribution,36,15,21
Fumaça,dun-modr,1415,paladin,retribution,113,64,49
Найдэкер,gordunni,1415,paladin,retribution,42,15,27
Unogym,dragonblight,1414,paladin,retribution,30,16,14
Emet,twisting-nether,1414,paladin,retribution,32,17,15
Hàsbulla,khaz-modan,1414,paladin,retribution,142,72,70
Ханпаладин,howling-fjord,1413,paladin,retribution,54,34,20
Primle,thrall,1413,paladin,retribution,82,46,36
Denlow,silvermoon,1413,paladin,retribution,72,37,35
Valerionn,blackmoore,1413,paladin,retribution,37,19,18
Devilsangel,antonidas,1413,paladin,retribution,46,17,29
Vaako,blackrock,1412,paladin,retribution,36,19,17
Inkuboss,nemesis,1412,paladin,retribution,36,18,18
Blooregard,nathrezim,1412,paladin,retribution,30,15,15
Malianterø,ravencrest,1412,paladin,retribution,138,62,76
Auryel,nemesis,1412,paladin,retribution,62,27,35
Синфуледи,gordunni,1412,paladin,retribution,66,23,43
Novania,teldrassil,1411,paladin,retribution,24,16,8
Lukeus,the-maelstrom,1411,paladin,retribution,84,45,39
Kaitlyne,tarren-mill,1411,paladin,retribution,271,129,142
Pállis,ravencrest,1410,paladin,retribution,24,16,8
Iklohz,sanguino,1410,paladin,retribution,76,43,33
Horgar,nagrand,1410,paladin,retribution,100,51,49
Izolated,aegwynn,1410,paladin,retribution,78,34,44
Kaelthir,bladefist,1409,paladin,retribution,47,30,17
Квемсис,ashenvale,1409,paladin,retribution,99,62,37
Vangottwald,drakthul,1409,paladin,retribution,66,32,34
Freedomwinds,kazzak,1409,paladin,retribution,36,15,21
Йзериль,howling-fjord,1408,paladin,retribution,18,15,3
Наолина,gordunni,1408,paladin,retribution,59,28,31
Celiath,draenor,1408,paladin,retribution,36,16,20
Holyblast,shattered-hand,1407,paladin,retribution,30,23,7
Melior,skullcrusher,1407,paladin,retribution,175,88,87
Penknife,ravencrest,1407,paladin,retribution,56,27,29
Afhvahj,tichondrius,1407,paladin,retribution,182,85,97
Taiiki,archimonde,1406,paladin,retribution,72,42,30
Grapaladin,sanguino,1406,paladin,retribution,44,23,21
Hammertime,guldan,1406,paladin,retribution,72,33,39
Ваэлин,deathweaver,1406,paladin,retribution,40,16,24
Ëlësilf,sanguino,1405,paladin,retribution,54,30,24
Aguerx,alleria,1405,paladin,retribution,36,15,21
Maltazar,arygos,1404,paladin,retribution,24,15,9
Fleshoflight,arathor,1404,paladin,retribution,45,27,18
Hagën,minahonda,1404,paladin,retribution,47,26,21
Keladen,burning-legion,1404,paladin,retribution,36,19,17
Ashent,stormscale,1404,paladin,retribution,76,38,38
Noxxiê,blackmoore,1404,paladin,retribution,42,21,21
Spartain,draenor,1404,paladin,retribution,42,19,23
Quordthor,sanguino,1404,paladin,retribution,42,19,23
Doomgape,alakir,1404,paladin,retribution,88,35,53
Traýan,blackmoore,1403,paladin,retribution,24,15,9
Dvouklik,burning-blade,1403,paladin,retribution,53,29,24
Crazzylight,kazzak,1403,paladin,retribution,74,35,39
Блуудс,howling-fjord,1403,paladin,retribution,55,25,30
Sickbolt,eredar,1402,paladin,retribution,108,57,51
Sødaz,hyjal,1402,paladin,retribution,96,49,47
Loscar,silvermoon,1402,paladin,retribution,30,15,15
Somixd,ragnaros,1402,paladin,retribution,212,102,110
Swan,chogall,1402,paladin,retribution,48,23,25
Dd,blackmoore,1402,paladin,retribution,82,39,43
Evililz,kazzak,1401,paladin,retribution,109,54,55
Nomurabeta,naxxramas,1401,paladin,retribution,50,24,26
Zeyz,defias-brotherhood,1400,paladin,retribution,48,26,22
Ðøñe,draenor,1400,paladin,retribution,40,19,21
Кветирон,soulflayer,1400,paladin,retribution,102,46,56
Баблспула,soulflayer,1399,paladin,retribution,109,51,58
Benno,dun-modr,1398,paladin,retribution,106,47,59
Aderos,sylvanas,1397,paladin,retribution,24,15,9
Ekzykes,ravencrest,1397,paladin,retribution,24,15,9
Argonak,sanguino,1397,paladin,retribution,78,40,38
Jeriiret,khaz-modan,1396,paladin,retribution,60,28,32
Sangiorgio,nemesis,1396,paladin,retribution,54,24,30
Vendikor,nemesis,1396,paladin,retribution,156,69,87
Jackub,draenor,1395,paladin,retribution,50,27,23
Vâskt,dun-modr,1395,paladin,retribution,114,60,54
Eulion,burning-legion,1394,paladin,retribution,18,15,3
Valerner,argent-dawn,1394,paladin,retribution,30,17,13
Lééroÿ,sylvanas,1394,paladin,retribution,90,44,46
Sîlversun,grim-batol,1394,paladin,retribution,36,15,21
Vorber,darksorrow,1393,paladin,retribution,35,15,20
Velikor,dun-modr,1392,paladin,retribution,30,16,14
Yaoiri,argent-dawn,1392,paladin,retribution,47,25,22
Töphuria,silvermoon,1392,paladin,retribution,65,34,31
Barakisback,silvermoon,1391,paladin,retribution,46,28,18
Buddabob,antonidas,1391,paladin,retribution,96,33,63
Humangüy,kazzak,1391,paladin,retribution,47,15,32
Trefino,blackrock,1390,paladin,retribution,24,15,9
Thrinea,blackrock,1390,paladin,retribution,36,18,18
Софилион,gordunni,1389,paladin,retribution,57,30,27
Blekadin,ragnaros,1388,paladin,retribution,80,37,43
Wisupl,silvermoon,1387,paladin,retribution,42,29,13
Booyaahh,ravencrest,1387,paladin,retribution,48,26,22
Wøømy,hyjal,1387,paladin,retribution,64,30,34
Блейзерфайт,eversong,1387,paladin,retribution,42,19,23
Frequencer,ragnaros,1387,paladin,retribution,36,15,21
Shrøømz,antonidas,1386,paladin,retribution,48,25,23
Zandorath,argent-dawn,1386,paladin,retribution,54,24,30
Alvagur,zirkel-des-cenarius,1385,paladin,retribution,52,28,24
Paajaxd,drakthul,1385,paladin,retribution,30,15,15
Mimsy,dalaran,1385,paladin,retribution,141,66,75
Càrláßrùní,hyjal,1384,paladin,retribution,30,20,10
Jagen,tyrande,1384,paladin,retribution,75,40,35
Unkillablee,stormscale,1384,paladin,retribution,64,34,30
Støøk,shendralar,1383,paladin,retribution,95,50,45
Parlma,naxxramas,1383,paladin,retribution,49,24,25
Держимордва,razuvious,1383,paladin,retribution,36,16,20
Ayàhuazka,ysondre,1381,paladin,retribution,96,43,53
Dmytropal,draenor,1380,paladin,retribution,36,17,19
Teenage,colinas-pardas,1379,paladin,retribution,23,15,8
Palyx,cthun,1379,paladin,retribution,24,15,9
Илюшагодх,gordunni,1379,paladin,retribution,54,30,24
Flawx,blackmoore,1379,paladin,retribution,53,27,26
Perrinaybull,magtheridon,1379,paladin,retribution,50,21,29
Vlodthar,uldum,1378,paladin,retribution,30,18,12
Aury,mannoroth,1377,paladin,retribution,30,19,11
Мизиола,galakrond,1377,paladin,retribution,108,57,51
Tríbunus,blackmoore,1376,paladin,retribution,31,17,14
Retgaffeooku,conseil-des-ombres,1376,paladin,retribution,66,35,31
Straxotia,twisting-nether,1375,paladin,retribution,48,26,22
Walladin,stormscale,1375,paladin,retribution,93,45,48
Xavios,eredar,1375,paladin,retribution,42,18,24
Morniarn,argent-dawn,1374,paladin,retribution,54,29,25
Diviney,twisting-nether,1374,paladin,retribution,29,15,14
Мэднессх,howling-fjord,1374,paladin,retribution,32,15,17
Darnero,blackrock,1373,paladin,retribution,24,16,8
Nozgot,chromaggus,1373,paladin,retribution,30,15,15
Бэдбой,howling-fjord,1373,paladin,retribution,48,23,25
Bezúziusz,ragnaros,1372,paladin,retribution,56,30,26
Ashernos,tarren-mill,1372,paladin,retribution,35,17,18
Aleixodolphi,argent-dawn,1372,paladin,retribution,197,86,111
Telredor,rexxar,1372,paladin,retribution,42,15,27
Lerîan,dun-modr,1371,paladin,retribution,36,18,18
Hazorarh,argent-dawn,1370,paladin,retribution,31,17,14
Mexou,la-croisade-écarlate,1370,paladin,retribution,42,20,22
Tóxicpaladín,kazzak,1369,paladin,retribution,109,48,61
Beyma,twisting-nether,1368,paladin,retribution,29,15,14
Goldhand,vashj,1368,paladin,retribution,72,34,38
Uwelist,arathor,1368,paladin,retribution,73,34,39
Hydarr,twisting-nether,1367,paladin,retribution,68,38,30
Panthalassá,argent-dawn,1367,paladin,retribution,54,28,26
Teho,dragonblight,1367,paladin,retribution,167,85,82
Svetijuju,kazzak,1367,paladin,retribution,66,32,34
Архэла,gordunni,1367,paladin,retribution,65,29,36
Judgement,the-maelstrom,1366,paladin,retribution,30,16,14
Andocay,das-syndikat,1366,paladin,retribution,66,32,34
Серёжблондин,gordunni,1366,paladin,retribution,54,26,28
Rodakinos,outland,1365,paladin,retribution,52,30,22
Bladê,kazzak,1365,paladin,retribution,33,19,14
Algoric,suramar,1365,paladin,retribution,66,26,40
Burstyléz,silvermoon,1364,paladin,retribution,30,18,12
Dhb,darksorrow,1364,paladin,retribution,37,16,21
Святорусс,gordunni,1364,paladin,retribution,88,36,52
Синдикатх,soulflayer,1363,paladin,retribution,125,66,59
Ямыч,ashenvale,1362,paladin,retribution,34,17,17
Викиллер,grom,1361,paladin,retribution,72,37,35
Kreyvin,argent-dawn,1361,paladin,retribution,83,39,44
Pascual,magtheridon,1360,paladin,retribution,56,27,29
Vorsip,tarren-mill,1360,paladin,retribution,42,19,23
Orzix,sylvanas,1359,paladin,retribution,53,30,23
Эзарх,gordunni,1359,paladin,retribution,58,29,29
Obé,argent-dawn,1358,paladin,retribution,249,136,113
Ahnaa,argent-dawn,1358,paladin,retribution,137,70,67
Azaël,illidan,1358,paladin,retribution,34,17,17
Тромбб,soulflayer,1358,paladin,retribution,36,15,21
Lukinio,silvermoon,1358,paladin,retribution,43,17,26
Storpixpala,drakthul,1357,paladin,retribution,48,27,21
Хочучерешни,lich-king,1357,paladin,retribution,32,18,14
Juliea,aegwynn,1357,paladin,retribution,84,39,45
Джекадамс,gordunni,1357,paladin,retribution,225,94,131
Brigholm,argent-dawn,1357,paladin,retribution,74,30,44
Archibäld,silvermoon,1356,paladin,retribution,25,15,10
Pratt,deathwing,1356,paladin,retribution,26,15,11
Remthas,argent-dawn,1356,paladin,retribution,87,45,42
Feelinara,blackmoore,1356,paladin,retribution,42,21,21
Гучив,howling-fjord,1354,paladin,retribution,48,27,21
Apolomaeuz,blackhand,1354,paladin,retribution,36,20,16
Âlßêdø,silvermoon,1354,paladin,retribution,84,43,41
Chimurei,silvermoon,1354,paladin,retribution,42,20,22
Bloodlord,twisting-nether,1354,paladin,retribution,55,24,31
Hegazy,darkmoon-faire,1354,paladin,retribution,60,21,39
Curtwizz,silvermoon,1353,paladin,retribution,39,19,20
Рэгнволд,deathguard,1352,paladin,retribution,52,25,27
Raerk,dalaran,1351,paladin,retribution,85,49,36
Iamnami,earthen-ring,1351,paladin,retribution,58,23,35
Troublebuble,silvermoon,1350,paladin,retribution,68,30,38
Sacredlol,blackmoore,1350,paladin,retribution,48,15,33
Raerion,ragnaros,1348,paladin,retribution,42,31,11
Хоулишит,blackscar,1348,paladin,retribution,48,31,17
Sanduciorba,chamber-of-aspects,1348,paladin,retribution,32,19,13
Crawladin,eonar,1348,paladin,retribution,42,17,25
Tønyx,les-clairvoyants,1346,paladin,retribution,38,16,22
Молотоборец,gordunni,1345,paladin,retribution,92,52,40
Duckiboy,ragnaros,1345,paladin,retribution,126,67,59
Sparrda,dun-modr,1345,paladin,retribution,54,28,26
Таурусс,booty-bay,1344,paladin,retribution,54,24,30
Budweison,silvermoon,1344,paladin,retribution,54,22,32
Anatollia,silvermoon,1343,paladin,retribution,24,14,10
Mashijudge,blackhand,1343,paladin,retribution,60,31,29
Suge,azjolnerub,1343,paladin,retribution,48,24,24
Prosteprazak,ragnaros,1343,paladin,retribution,45,20,25
Защешот,gordunni,1343,paladin,retribution,36,14,22
Якунии,blackscar,1342,paladin,retribution,24,14,10
Limitlez,blackhand,1342,paladin,retribution,24,14,10
Vhalkur,dun-modr,1342,paladin,retribution,24,14,10
Маразоточка,howling-fjord,1342,paladin,retribution,35,17,18
Hislifelmao,kazzak,1342,paladin,retribution,36,14,22
Ðox,frostmane,1341,paladin,retribution,18,14,4
Notsomuch,alakir,1341,paladin,retribution,57,30,27
Тайронх,soulflayer,1341,paladin,retribution,30,14,16
Chocbear,tarren-mill,1341,paladin,retribution,30,14,16
Синерина,blackscar,1341,paladin,retribution,59,27,32
Gigap,ragnaros,1341,paladin,retribution,48,20,28
Wordup,senjin,1341,paladin,retribution,36,14,22
Kreozz,destromath,1341,paladin,retribution,39,14,25
Hella,dunemaul,1340,paladin,retribution,53,28,25
Тэмплари,galakrond,1340,paladin,retribution,93,48,45
Radamanthes,ysondre,1340,paladin,retribution,72,35,37
Rùfus,tarren-mill,1340,paladin,retribution,30,14,16
Brölin,sanguino,1340,paladin,retribution,48,22,26
Dwangl,silvermoon,1339,paladin,retribution,36,18,18
Monkeylight,ambossar,1339,paladin,retribution,52,25,27
Xinxin,azshara,1339,paladin,retribution,30,14,16
Нижмубабл,soulflayer,1339,paladin,retribution,33,15,18
Destya,eredar,1339,paladin,retribution,36,14,22
Asunea,silvermoon,1338,paladin,retribution,40,22,18
Ljusbågen,silvermoon,1338,paladin,retribution,31,16,15
Kaní,eredar,1338,paladin,retribution,36,14,22
Screâm,eredar,1338,paladin,retribution,42,14,28
Ahzut,rashgarroth,1337,paladin,retribution,30,15,15
Mustach,aggra-português,1337,paladin,retribution,41,20,21
Deltapower,archimonde,1337,paladin,retribution,30,14,16
Razrpal,tarren-mill,1337,paladin,retribution,30,14,16
Blâzer,hyjal,1337,paladin,retribution,36,14,22
Mezø,silvermoon,1337,paladin,retribution,36,14,22
Proximo,burning-legion,1336,paladin,retribution,24,14,10
Proletardk,draenor,1336,paladin,retribution,102,51,51
Dodgerwilly,outland,1336,paladin,retribution,30,14,16
Эледвен,howling-fjord,1336,paladin,retribution,36,14,22
Неиспоримый,soulflayer,1335,paladin,retribution,18,14,4
Дджаб,booty-bay,1335,paladin,retribution,64,28,36
Мэибибэиби,howling-fjord,1335,paladin,retribution,36,14,22
Zipoohun,arathor,1334,paladin,retribution,97,52,45
Serkunkoira,emeriss,1334,paladin,retribution,36,19,17
Кранштейн,gordunni,1334,paladin,retribution,36,17,19
Neithi,twisting-nether,1334,paladin,retribution,30,14,16
Medieh,ravencrest,1334,paladin,retribution,33,15,18
Methires,burning-legion,1333,paladin,retribution,35,21,14
Hisblade,emerald-dream,1333,paladin,retribution,30,17,13
Vaníos,nazjatar,1333,paladin,retribution,34,19,15
Fløcki,blackhand,1333,paladin,retribution,30,14,16
Râkim,malganis,1333,paladin,retribution,30,14,16
Garthoronir,antonidas,1333,paladin,retribution,39,15,24
Disadin,sylvanas,1332,paladin,retribution,24,14,10
Ùthër,silvermoon,1332,paladin,retribution,42,22,20
Cerfica,drakthul,1331,paladin,retribution,24,14,10
Forneus,nemesis,1331,paladin,retribution,90,49,41
Romfis,arathor,1331,paladin,retribution,42,22,20
Белкоксю,booty-bay,1331,paladin,retribution,90,42,48
Dàrkùsh,archimonde,1330,paladin,retribution,35,21,14
Esdras,sanguino,1330,paladin,retribution,90,43,47
Sieghard,aegwynn,1330,paladin,retribution,176,83,93
Sharkayne,anubarak,1330,paladin,retribution,42,14,28
Imoss,hyjal,1329,paladin,retribution,36,22,14
Baé,drakthul,1329,paladin,retribution,37,15,22
Unohana,shattered-halls,1329,paladin,retribution,100,40,60
Ædrenn,archimonde,1329,paladin,retribution,42,14,28
Egx,draenor,1328,paladin,retribution,36,15,21
Stellartois,thunderhorn,1328,paladin,retribution,37,14,23
Yngild,antonidas,1327,paladin,retribution,30,14,16
Endar,drakthul,1327,paladin,retribution,48,21,27
Milojcica,kazzak,1325,paladin,retribution,22,15,7
Olaghkan,dun-modr,1325,paladin,retribution,32,16,16
Dehanath,draenor,1325,paladin,retribution,59,29,30
Doubtfire,tarren-mill,1325,paladin,retribution,30,14,16
Arthuriân,outland,1325,paladin,retribution,48,21,27
Кливерти,gordunni,1325,paladin,retribution,36,14,22
Xinti,silvermoon,1324,paladin,retribution,23,14,9
Revinox,silvermoon,1324,paladin,retribution,47,28,19
Enriel,temple-noir,1324,paladin,retribution,30,16,14
Yull,twisting-nether,1324,paladin,retribution,65,32,33
Chelan,thrall,1324,paladin,retribution,36,14,22
Érléuchtas,kazzak,1323,paladin,retribution,40,21,19
Jojomann,stormscale,1323,paladin,retribution,42,19,23
Stfortt,ragnaros,1322,paladin,retribution,54,30,24
Mantinel,hellfire,1321,paladin,retribution,38,24,14
Vvaarok,blackmoore,1320,paladin,retribution,77,33,44
Groelin,frostmane,1318,paladin,retribution,36,21,15
Sagittaxx,kazzak,1318,paladin,retribution,86,43,43
Belldog,tarren-mill,1318,paladin,retribution,48,22,26
Analnydarek,silvermoon,1318,paladin,retribution,33,14,19
Klittsurf,bloodhoof,1317,paladin,retribution,66,39,27
Karthvitall,kaelthas,1316,paladin,retribution,24,14,10
Rosallyn,argent-dawn,1316,paladin,retribution,77,26,51
Palladain,draenor,1314,paladin,retribution,52,29,23
Nessùm,hyjal,1314,paladin,retribution,84,37,47
Äthénâ,archimonde,1314,paladin,retribution,41,16,25
Valaeryanae,nemesis,1313,paladin,retribution,42,18,24
Howard,dalaran,1313,paladin,retribution,36,14,22
Foxare,burning-legion,1312,paladin,retribution,53,29,24
Пепсекольный,soulflayer,1312,paladin,retribution,48,25,23
Animouse,drakthul,1311,paladin,retribution,23,17,6
Viiri,burning-legion,1311,paladin,retribution,71,40,31
Арморих,gordunni,1310,paladin,retribution,28,14,14
Balthassar,kirin-tor,1310,paladin,retribution,66,30,36
Gojesi,silvermoon,1310,paladin,retribution,88,38,50
Watie,thunderhorn,1309,paladin,retribution,26,18,8
Mendril,malorne,1309,paladin,retribution,36,23,13
Angarx,draenor,1309,paladin,retribution,75,38,37
Nardindindou,ysondre,1309,paladin,retribution,164,83,81
Blodin,silvermoon,1308,paladin,retribution,36,14,22
Erin,wildhammer,1307,paladin,retribution,56,28,28
Ryozupala,frostwolf,1306,paladin,retribution,24,15,9
Atanasum,dun-modr,1306,paladin,retribution,26,15,11
Zethadin,kazzak,1306,paladin,retribution,27,15,12
Kaizêr,silvermoon,1306,paladin,retribution,97,46,51
Palangel,eldrethalas,1306,paladin,retribution,132,61,71
Slageth,argent-dawn,1306,paladin,retribution,42,17,25
Mataleo,archimonde,1305,paladin,retribution,66,41,25
Cyclope,frostmane,1305,paladin,retribution,91,44,47
Syracx,blackhand,1305,paladin,retribution,83,36,47
Quaterbâck,antonidas,1305,paladin,retribution,44,18,26
Беймикс,gordunni,1303,paladin,retribution,78,39,39
Кетран,howling-fjord,1303,paladin,retribution,54,24,30
Gavril,bloodfeather,1302,paladin,retribution,126,61,65
Блэквилл,howling-fjord,1302,paladin,retribution,120,57,63
Адирон,booty-bay,1301,paladin,retribution,18,14,4
Darhuun,antonidas,1299,paladin,retribution,99,47,52
Nevermoore,doomhammer,1299,paladin,retribution,42,19,23
Lightheartx,argent-dawn,1299,paladin,retribution,61,24,37
Jackypala,ravencrest,1298,paladin,retribution,48,25,23
Yunax,silvermoon,1297,paladin,retribution,46,26,20
Truezero,draenor,1297,paladin,retribution,42,23,19
Lìmier,ysondre,1296,paladin,retribution,30,14,16
Elení,thrall,1296,paladin,retribution,37,15,22
Ретриванлав,gordunni,1296,paladin,retribution,72,24,48
Флаила,ashenvale,1295,paladin,retribution,83,45,38
Aeyalana,ragnaros,1295,paladin,retribution,41,17,24
Raweo,kilrogg,1294,paladin,retribution,78,47,31
Варасса,grom,1293,paladin,retribution,30,14,16
Хен,blackscar,1292,paladin,retribution,50,26,24
Orseis,anubarak,1291,paladin,retribution,29,15,14
Købìtø,archimonde,1291,paladin,retribution,48,21,27
Zâre,sanguino,1289,paladin,retribution,101,51,50
Ahramanyu,blackrock,1289,paladin,retribution,48,23,25
Icearth,pozzo-delleternità,1288,paladin,retribution,164,79,85
Чотут,howling-fjord,1287,paladin,retribution,54,22,32
Tomiris,twisting-nether,1286,paladin,retribution,36,16,20
Epoke,archimonde,1285,paladin,retribution,36,21,15
Angrykorean,blackmoore,1284,paladin,retribution,59,28,31
Thëone,exodar,1283,paladin,retribution,34,20,14
Holylimx,draenor,1283,paladin,retribution,114,56,58
Корсаро,deepholm,1283,paladin,retribution,109,53,56
Miqee,burning-legion,1283,paladin,retribution,47,20,27
Aipal,silvermoon,1282,paladin,retribution,36,14,22
Trollarage,confrérie-du-thorium,1281,paladin,retribution,54,28,26
Greald,argent-dawn,1281,paladin,retribution,32,16,16
Mughena,kazzak,1281,paladin,retribution,36,16,20
Bjoorrn,hyjal,1280,paladin,retribution,31,15,16
Malagat,die-todeskrallen,1280,paladin,retribution,53,21,32
Dieversity,stormscale,1280,paladin,retribution,41,16,25
Nazdarvole,drakthul,1279,paladin,retribution,54,29,25
Aikm,tarren-mill,1279,paladin,retribution,74,36,38
Светлыйкит,blackscar,1276,paladin,retribution,54,31,23
Zulem,grim-batol,1276,paladin,retribution,36,17,19
Ïnata,khaz-modan,1276,paladin,retribution,50,22,28
Snowydin,tarren-mill,1275,paladin,retribution,36,22,14
Fizzyy,ragnaros,1275,paladin,retribution,29,14,15
Ludø,ysondre,1275,paladin,retribution,38,18,20
Aegend,antonidas,1275,paladin,retribution,169,79,90
Goosybumpy,draenor,1273,paladin,retribution,36,14,22
Lightmonger,drakthul,1271,paladin,retribution,30,17,13
Лейфи,howling-fjord,1271,paladin,retribution,48,23,25
Deathzinger,aszune,1271,paladin,retribution,48,23,25
Hammexõr,sylvanas,1271,paladin,retribution,87,39,48
Hornox,ragnaros,1270,paladin,retribution,54,27,27
Plésmo,blackmoore,1269,paladin,retribution,41,20,21
Кенториус,soulflayer,1268,paladin,retribution,30,21,9
Ventsi,kazzak,1268,paladin,retribution,182,93,89
Боевикс,ashenvale,1268,paladin,retribution,42,21,21
Эльбабло,lich-king,1268,paladin,retribution,45,21,24
Перизкопец,gordunni,1267,paladin,retribution,32,17,15
Auditõr,argent-dawn,1267,paladin,retribution,85,32,53
Conserva,jaedenar,1265,paladin,retribution,52,32,20
Irinor,rashgarroth,1265,paladin,retribution,48,24,24
Fintros,silvermoon,1265,paladin,retribution,36,17,19
Mootaindew,tarren-mill,1263,paladin,retribution,36,25,11
Масачусетсс,gordunni,1263,paladin,retribution,54,28,26
Палочка,howling-fjord,1263,paladin,retribution,102,50,52
Dragonous,darkmoon-faire,1263,paladin,retribution,120,54,66
Kurøneko,hyjal,1261,paladin,retribution,28,14,14
Splendida,festung-der-stürme,1260,paladin,retribution,17,14,3
Owiganowi,ulduar,1260,paladin,retribution,36,22,14
Shuler,silvermoon,1260,paladin,retribution,64,37,27
Demsi,ravencrest,1259,paladin,retribution,26,14,12
Hemdâl,kirin-tor,1259,paladin,retribution,60,31,29
Uragan,blackmoore,1259,paladin,retribution,80,39,41
Takaret,hyjal,1259,paladin,retribution,151,71,80
Soulglo,ragnaros,1259,paladin,retribution,72,29,43
Бинур,eversong,1258,paladin,retribution,30,14,16
Émøùki,dalaran,1258,paladin,retribution,41,19,22
Bärghest,sanguino,1256,paladin,retribution,48,29,19
Вессори,blackscar,1256,paladin,retribution,26,14,12
Palaur,silvermoon,1256,paladin,retribution,42,15,27
Carpetcummer,ravencrest,1255,paladin,retribution,36,15,21
Lightppl,outland,1254,paladin,retribution,54,28,26
Миоцуки,gordunni,1254,paladin,retribution,82,37,45
Манддалорец,howling-fjord,1254,paladin,retribution,100,44,56
Faithsmemory,silvermoon,1254,paladin,retribution,74,31,43
Derian,antonidas,1253,paladin,retribution,48,18,30
Hollylady,outland,1251,paladin,retribution,42,25,17
Kyríé,tarren-mill,1250,paladin,retribution,30,14,16
Gxdéon,hyjal,1249,paladin,retribution,69,39,30
Snottybrat,draenor,1249,paladin,retribution,86,45,41
Yrgin,ravencrest,1249,paladin,retribution,173,86,87
Barqin,ragnaros,1249,paladin,retribution,55,27,28
Patriok,moonglade,1248,paladin,retribution,24,15,9
Swagged,kazzak,1248,paladin,retribution,58,28,30
Eagleone,shattrath,1248,paladin,retribution,44,21,23
Asorte,chants-éternels,1248,paladin,retribution,96,40,56
Retdream,nemesis,1247,paladin,retribution,18,13,5
Liadrineá,burning-blade,1247,paladin,retribution,24,13,11
Xanrian,kazzak,1247,paladin,retribution,24,13,11
Nissesolsken,outland,1247,paladin,retribution,24,13,11
Gonhilda,kazzak,1247,paladin,retribution,54,27,27
Leyawin,sanguino,1247,paladin,retribution,48,24,24
Leelemon,frostmane,1247,paladin,retribution,38,17,21
Retrehsacul,blackrock,1247,paladin,retribution,30,13,17
Paladiodinos,hyjal,1247,paladin,retribution,42,16,26
Khoping,silvermoon,1246,paladin,retribution,18,13,5
Нурти,gordunni,1246,paladin,retribution,18,13,5
Luckyman,aszune,1246,paladin,retribution,24,13,11
Lightstorm,voljin,1246,paladin,retribution,36,13,23
Nikibrahboi,outland,1246,paladin,retribution,36,13,23
Noxaer,archimonde,1245,paladin,retribution,18,13,5
Тутн,gordunni,1245,paladin,retribution,24,13,11
Terrozina,stormscale,1245,paladin,retribution,24,13,11
Сынбогов,gordunni,1245,paladin,retribution,24,13,11
Leith,neptulon,1245,paladin,retribution,46,24,22
Daerthe,twisting-nether,1245,paladin,retribution,30,13,17
Gromzed,ravencrest,1245,paladin,retribution,30,13,17
Hito,sylvanas,1245,paladin,retribution,30,13,17
Varioon,antonidas,1244,paladin,retribution,30,13,17
Marthawise,eredar,1244,paladin,retribution,30,13,17
Sukinsin,aegwynn,1244,paladin,retribution,30,13,17
Proxidus,blackmoore,1244,paladin,retribution,41,16,25
Fufth,pozzo-delleternità,1243,paladin,retribution,30,13,17
Alatàríèl,dalaran,1243,paladin,retribution,30,13,17
Mattüsälëmm,sanguino,1242,paladin,retribution,33,22,11
Faxi,outland,1242,paladin,retribution,24,13,11
Círuq,eredar,1242,paladin,retribution,30,13,17
Jannene,draenor,1242,paladin,retribution,36,13,23
Arkura,nozdormu,1241,paladin,retribution,24,14,10
Thaldrael,colinas-pardas,1241,paladin,retribution,24,13,11
Blessedpapi,draenor,1241,paladin,retribution,24,13,11
Joelosteen,neptulon,1241,paladin,retribution,54,29,25
Palabido,nemesis,1241,paladin,retribution,280,134,146
Lightsbreath,ragnaros,1240,paladin,retribution,24,13,11
Tidus,conseil-des-ombres,1240,paladin,retribution,30,14,16
Llighthand,ravencrest,1240,paladin,retribution,32,13,19
Jdizzy,tarren-mill,1239,paladin,retribution,24,13,11
Deldrina,nozdormu,1239,paladin,retribution,42,17,25
Эйтэр,howling-fjord,1239,paladin,retribution,42,13,29
Nowitzki,sanguino,1238,paladin,retribution,18,13,5
Mïnnîe,ysondre,1238,paladin,retribution,24,13,11
Moraru,neptulon,1238,paladin,retribution,75,28,47
Dragon,zenedar,1237,paladin,retribution,24,13,11
Karnage,zenedar,1237,paladin,retribution,62,29,33
Sházen,silvermoon,1237,paladin,retribution,30,13,17
Cianna,shattered-hand,1237,paladin,retribution,40,13,27
Æe,blackmoore,1236,paladin,retribution,37,22,15
Милликсайс,howling-fjord,1236,paladin,retribution,24,13,11
Thyrna,alleria,1236,paladin,retribution,26,14,12
Singedth,defias-brotherhood,1236,paladin,retribution,57,28,29
Teliriyon,blackrock,1236,paladin,retribution,32,14,18
Sorciex,blackmoore,1235,paladin,retribution,24,13,11
Khaelor,frostwolf,1235,paladin,retribution,24,13,11
Lewp,tarren-mill,1234,paladin,retribution,18,13,5
Anatorka,drakthul,1234,paladin,retribution,78,39,39
Skénder,kazzak,1234,paladin,retribution,78,29,49
Akelad,arathor,1234,paladin,retribution,48,13,35
Гермесиус,deepholm,1233,paladin,retribution,41,21,20
Valpen,veknilash,1233,paladin,retribution,30,15,15
Gaveren,ravencrest,1233,paladin,retribution,30,13,17
Jerremia,silvermoon,1233,paladin,retribution,30,13,17
Glückskreuza,die-aldor,1232,paladin,retribution,24,13,11
Rothmans,aggra-português,1232,paladin,retribution,54,26,28
Zhaz,blackmoore,1232,paladin,retribution,84,38,46
Émilia,frostwolf,1232,paladin,retribution,40,14,26
Цвандр,gordunni,1231,paladin,retribution,64,30,34
Ликанн,soulflayer,1231,paladin,retribution,54,20,34
Mystíque,die-todeskrallen,1230,paladin,retribution,80,45,35
Bornir,khaz-modan,1230,paladin,retribution,71,33,38
Gerin,ulduar,1230,paladin,retribution,36,15,21
Wumbo,sinstralis,1229,paladin,retribution,36,19,17
Thoorval,silvermoon,1229,paladin,retribution,64,30,34
Наваляка,deathguard,1228,paladin,retribution,24,13,11
Uthelf,ragnaros,1228,paladin,retribution,36,16,20
Ulderoth,dun-modr,1228,paladin,retribution,42,16,26
Painshield,outland,1228,paladin,retribution,41,13,28
Walorez,ragnaros,1227,paladin,retribution,23,13,10
Tillak,draenor,1227,paladin,retribution,24,13,11
Llya,blackrock,1227,paladin,retribution,26,14,12
Roxter,burning-legion,1227,paladin,retribution,30,13,17
Вандиир,soulflayer,1226,paladin,retribution,24,13,11
Troj,ahnqiraj,1226,paladin,retribution,89,47,42
Atomicbubble,balnazzar,1225,paladin,retribution,54,26,28
Juozas,argent-dawn,1225,paladin,retribution,30,13,17
Shorella,malganis,1224,paladin,retribution,53,29,24
Pytha,nozdormu,1224,paladin,retribution,79,43,36
Nollieflip,tarren-mill,1224,paladin,retribution,30,15,15
Ðarkjøjø,hyjal,1224,paladin,retribution,36,17,19
Toruk,burning-legion,1224,paladin,retribution,33,15,18
Petitê,blackmoore,1223,paladin,retribution,59,32,27
Bootybanger,thrall,1223,paladin,retribution,24,13,11
Мильфорд,eversong,1223,paladin,retribution,96,45,51
Patsani,twilights-hammer,1222,paladin,retribution,54,31,23
Åriel,uldum,1222,paladin,retribution,32,13,19
Cinderlight,aszune,1221,paladin,retribution,24,15,9
Velkar,frostmane,1221,paladin,retribution,56,29,27
Bàroo,twisting-nether,1221,paladin,retribution,71,28,43
Janky,draenor,1221,paladin,retribution,42,16,26
Энилейт,lich-king,1220,paladin,retribution,70,44,26
Öwai,dun-modr,1220,paladin,retribution,47,28,19
Юлец,galakrond,1220,paladin,retribution,30,13,17
Lightstormi,norgannon,1219,paladin,retribution,18,13,5
Акерсарин,gordunni,1219,paladin,retribution,43,24,19
Asthellis,kazzak,1219,paladin,retribution,66,32,34
Lagaminë,dalaran,1219,paladin,retribution,111,53,58
Nëphilim,arakarahm,1219,paladin,retribution,30,13,17
Línke,sanguino,1218,paladin,retribution,55,32,23
Dinøx,archimonde,1218,paladin,retribution,152,73,79
Ragnarük,khaz-modan,1217,paladin,retribution,42,20,22
Гацкан,gordunni,1216,paladin,retribution,40,21,19
Helmed,tarren-mill,1215,paladin,retribution,57,31,26
Clementine,spinebreaker,1215,paladin,retribution,35,14,21
Гарраж,howling-fjord,1215,paladin,retribution,36,14,22
Бьюттасттл,howling-fjord,1215,paladin,retribution,35,13,22
Rilledread,stormscale,1214,paladin,retribution,114,57,57
Джагашарага,soulflayer,1214,paladin,retribution,29,13,16
Platanid,doomhammer,1210,paladin,retribution,62,35,27
Ghallandre,khaz-modan,1210,paladin,retribution,36,19,17
Эезекииль,howling-fjord,1210,paladin,retribution,68,34,34
Lynaé,blackhand,1208,paladin,retribution,25,13,12
Bonzai,blackrock,1208,paladin,retribution,127,60,67
Didtaras,terokkar,1208,paladin,retribution,42,13,29
Kýrp,stormreaver,1207,paladin,retribution,43,16,27
Artplex,ravencrest,1206,paladin,retribution,39,23,16
Diøstemplar,dun-modr,1206,paladin,retribution,70,36,34
Thyalon,ragnaros,1206,paladin,retribution,48,23,25
Hypothalamus,silvermoon,1206,paladin,retribution,36,17,19
Fëanôr,tarren-mill,1205,paladin,retribution,248,130,118
Cästiël,arathor,1205,paladin,retribution,77,37,40
Teogrim,blackmoore,1204,paladin,retribution,78,42,36
Greyeyed,kazzak,1203,paladin,retribution,38,14,24
Thorold,earthen-ring,1202,paladin,retribution,63,36,27
Proteiin,drakthul,1201,paladin,retribution,24,13,11
Ocgynle,alonsus,1201,paladin,retribution,225,117,108
Sinnerknight,silvermoon,1201,paladin,retribution,38,17,21
Pitusá,dun-modr,1201,paladin,retribution,54,20,34
Edyk,silvermoon,1200,paladin,retribution,95,51,44
Rayshield,tarren-mill,1200,paladin,retribution,53,28,25
Judgemented,turalyon,1200,paladin,retribution,72,34,38
Лютыйчпок,fordragon,1200,paladin,retribution,76,34,42
Ramsay,arthas,1199,paladin,retribution,25,15,10
Flashyplays,silvermoon,1197,paladin,retribution,24,16,8
Tivv,blackhand,1197,paladin,retribution,29,13,16
Zoomzoom,sylvanas,1196,paladin,retribution,40,16,24
Ironstealman,shattered-hand,1196,paladin,retribution,42,13,29
Ustex,argent-dawn,1195,paladin,retribution,29,13,16
Siuras,blackmoore,1194,paladin,retribution,23,13,10
Самерваль,borean-tundra,1194,paladin,retribution,91,47,44
Sertoli,frostwhisper,1194,paladin,retribution,30,15,15
Stahlmann,argent-dawn,1193,paladin,retribution,36,15,21
Bucaxin,cthun,1192,paladin,retribution,24,14,10
Badpal,blackhand,1192,paladin,retribution,27,13,14
Mma,sylvanas,1192,paladin,retribution,65,31,34
Yanisx,burning-legion,1191,paladin,retribution,43,21,22
Moløk,ysondre,1191,paladin,retribution,62,29,33
Hïto,dun-modr,1189,paladin,retribution,24,14,10
Flòope,destromath,1188,paladin,retribution,60,33,27
Мистерху,gordunni,1188,paladin,retribution,145,73,72
Keith,dragonmaw,1188,paladin,retribution,42,17,25
Stepamusicz,stormreaver,1187,paladin,retribution,54,28,26
Toshvarak,turalyon,1187,paladin,retribution,60,29,31
Syng,garona,1186,paladin,retribution,36,14,22
Рашенс,gordunni,1185,paladin,retribution,68,27,41
Nözderg,archimonde,1183,paladin,retribution,36,14,22
Perfectum,burning-legion,1182,paladin,retribution,28,13,15
Unboostable,archimonde,1181,paladin,retribution,36,17,19
Neijih,blackrock,1181,paladin,retribution,32,13,19
Trainingdumy,aszune,1179,paladin,retribution,30,16,14
Raê,hyjal,1179,paladin,retribution,66,26,40
Айронс,ashenvale,1177,paladin,retribution,30,19,11
Ylvannka,blackmoore,1177,paladin,retribution,48,23,25
Palitard,turalyon,1176,paladin,retribution,48,27,21
Freyjä,turalyon,1176,paladin,retribution,138,64,74
Tomkü,burning-legion,1174,paladin,retribution,34,15,19
Exiztant,ravencrest,1173,paladin,retribution,60,32,28
Seigi,tarren-mill,1173,paladin,retribution,42,20,22
Spanzer,dun-modr,1172,paladin,retribution,30,16,14
Антисеептик,gordunni,1172,paladin,retribution,69,35,34
Mirauda,nemesis,1171,paladin,retribution,66,23,43
Æternäl,arathor,1170,paladin,retribution,90,42,48
Jelcz,burning-legion,1170,paladin,retribution,36,14,22
Reiwyn,archimonde,1170,paladin,retribution,34,13,21
Pastaflwras,twisting-nether,1169,paladin,retribution,26,13,13
Paillasson,nerzhul,1167,paladin,retribution,52,31,21
Lumino,twilights-hammer,1166,paladin,retribution,47,20,27
Anamary,ravencrest,1165,paladin,retribution,69,34,35
Whiffy,silvermoon,1165,paladin,retribution,60,24,36
Zemoss,kazzak,1164,paladin,retribution,24,14,10
Пропала,greymane,1161,paladin,retribution,60,28,32
Vallorum,ravencrest,1161,paladin,retribution,35,13,22
Holybubo,tarren-mill,1160,paladin,retribution,66,34,32
Beastyblodne,sylvanas,1160,paladin,retribution,36,18,18
Khrotos,draenor,1160,paladin,retribution,96,45,51
Sufrion,outland,1159,paladin,retribution,42,18,24
Judgement,quelthalas,1158,paladin,retribution,30,20,10
Mosih,bloodfeather,1158,paladin,retribution,56,33,23
Vrgingamer,kazzak,1158,paladin,retribution,48,16,32
Pery,malganis,1157,paladin,retribution,48,28,20
Messîah,outland,1156,paladin,retribution,218,112,106
Assyr,blackmoore,1155,paladin,retribution,23,13,10
Vörtëx,tarren-mill,1155,paladin,retribution,29,15,14
Ixøne,kazzak,1152,paladin,retribution,18,12,6
Necorínex,silvermoon,1152,paladin,retribution,18,12,6
Donwone,aegwynn,1152,paladin,retribution,18,12,6
Kilô,sylvanas,1152,paladin,retribution,24,12,12
Noreturn,kazzak,1152,paladin,retribution,24,12,12
Bighugg,draenor,1152,paladin,retribution,30,12,18
Tepowze,twisting-nether,1151,paladin,retribution,18,12,6
Aflogistina,sylvanas,1151,paladin,retribution,18,12,6
Vorthir,khaz-modan,1151,paladin,retribution,32,16,16
Валандор,gordunni,1151,paladin,retribution,24,12,12
Ретриксвета,eversong,1151,paladin,retribution,24,12,12
Monaatamis,kazzak,1151,paladin,retribution,24,12,12
Jaing,magtheridon,1151,paladin,retribution,24,12,12
Memeadinxx,ravencrest,1151,paladin,retribution,30,12,18
Rizzdaddy,outland,1151,paladin,retribution,30,12,18
Crascch,blackmoore,1150,paladin,retribution,18,12,6
Строу,blackscar,1150,paladin,retribution,18,12,6
Cigyal,hyjal,1150,paladin,retribution,54,28,26
Kelaiah,argent-dawn,1150,paladin,retribution,24,12,12
Konardos,burning-legion,1150,paladin,retribution,30,12,18
Knusern,dunemaul,1150,paladin,retribution,30,12,18
Missoii,khaz-modan,1149,paladin,retribution,18,12,6
Jkøø,sanguino,1149,paladin,retribution,24,12,12
Хитвэйв,soulflayer,1149,paladin,retribution,24,12,12
Purjolöken,tarren-mill,1149,paladin,retribution,38,14,24
Thormentâ,sanguino,1148,paladin,retribution,18,14,4
Mìssaahh,archimonde,1148,paladin,retribution,19,13,6
Badjake,stormscale,1148,paladin,retribution,18,12,6
Spooder,xavius,1148,paladin,retribution,29,12,17
Vivike,silvermoon,1148,paladin,retribution,30,12,18
Nykothpn,ghostlands,1147,paladin,retribution,17,16,1
Hippiehuman,darkspear,1147,paladin,retribution,18,12,6
Themlstake,kazzak,1147,paladin,retribution,24,15,9
Paidien,twisting-nether,1147,paladin,retribution,23,12,11
Kirkmeister,terokkar,1147,paladin,retribution,43,19,24
Думклиф,gordunni,1147,paladin,retribution,36,12,24
Nebrii,doomhammer,1146,paladin,retribution,36,19,17
Athain,sanguino,1146,paladin,retribution,24,12,12
Judgedude,stormscale,1146,paladin,retribution,24,12,12
Хельдотер,howling-fjord,1146,paladin,retribution,25,12,13
Retenki,silvermoon,1146,paladin,retribution,30,12,18
Kreselia,ravencrest,1146,paladin,retribution,30,12,18
Иродиада,gordunni,1146,paladin,retribution,30,12,18
Ampxd,ravencrest,1145,paladin,retribution,30,12,18
Jynxedxoxo,blackrock,1144,paladin,retribution,48,19,29
Hutimeni,turalyon,1143,paladin,retribution,18,12,6
Glarcouf,eldrethalas,1143,paladin,retribution,29,16,13
Rînedaman,ysondre,1143,paladin,retribution,24,12,12
Eleiktra,suramar,1143,paladin,retribution,36,15,21
Bigdamjudge,argent-dawn,1142,paladin,retribution,18,12,6
Ночнаябуря,gordunni,1142,paladin,retribution,24,13,11
Hèmera,archimonde,1141,paladin,retribution,24,12,12
Eywinn,silvermoon,1141,paladin,retribution,30,12,18
Stocks,burning-blade,1139,paladin,retribution,24,12,12
Yúlía,ravencrest,1138,paladin,retribution,30,15,15
Serethor,blackrock,1137,paladin,retribution,24,12,12
Évert,twisting-nether,1135,paladin,retribution,18,12,6
Névér,steamwheedle-cartel,1134,paladin,retribution,24,12,12
Хампал,howling-fjord,1134,paladin,retribution,29,12,17
Cpsuper,azuremyst,1133,paladin,retribution,24,14,10
Krïstâlùlz,archimonde,1132,paladin,retribution,58,30,28
Lorthaél,karazhan,1132,paladin,retribution,27,13,14
Mimkoo,wildhammer,1130,paladin,retribution,27,16,11
Questos,burning-legion,1130,paladin,retribution,45,25,20
Pyronort,eredar,1128,paladin,retribution,24,12,12
Nelasson,eredar,1126,paladin,retribution,26,13,13
Sunsaiy,doomhammer,1125,paladin,retribution,119,63,56
Djpalacinka,drakthul,1125,paladin,retribution,42,17,25
Ayba,defias-brotherhood,1124,paladin,retribution,35,17,18
Duralyon,marécage-de-zangar,1123,paladin,retribution,48,23,25
Адептустер,gordunni,1123,paladin,retribution,38,17,21
Gotra,stormscale,1122,paladin,retribution,33,13,20
Aistor,burning-legion,1122,paladin,retribution,60,23,37
Сенторин,borean-tundra,1122,paladin,retribution,39,14,25
Buckfizz,ysondre,1121,paladin,retribution,36,22,14
Bulle,the-venture-co,1121,paladin,retribution,24,12,12
Paladie,dalaran,1120,paladin,retribution,298,154,144
Nála,boulderfist,1119,paladin,retribution,31,22,9
Joti,proudmoore,1119,paladin,retribution,30,12,18
Spóntaneous,ravencrest,1116,paladin,retribution,26,13,13
Janie,dalaran,1115,paladin,retribution,30,16,14
Fremuduin,argent-dawn,1114,paladin,retribution,24,12,12
Makiwara,emeriss,1113,paladin,retribution,91,44,47
Mírato,blackhand,1113,paladin,retribution,48,23,25
Dafe,zuluhed,1113,paladin,retribution,50,21,29
Amoxapine,hyjal,1112,paladin,retribution,36,13,23
Mindoxlawlz,sanguino,1111,paladin,retribution,36,12,24
Glotzkowski,kelthuzad,1106,paladin,retribution,30,15,15
Dewios,silvermoon,1106,paladin,retribution,60,28,32
Fauel,burning-legion,1106,paladin,retribution,29,12,17
Shädyss,hyjal,1105,paladin,retribution,76,34,42
Prínce,blackmoore,1105,paladin,retribution,32,12,20
Sylazz,blackrock,1104,paladin,retribution,130,60,70
Таурмакус,howling-fjord,1104,paladin,retribution,48,20,28
Nenenita,cthun,1102,paladin,retribution,151,77,74
Javalie,sanguino,1099,paladin,retribution,21,12,9
Akeemys,ragnaros,1099,paladin,retribution,23,12,11
Baldarlyset,tarren-mill,1099,paladin,retribution,39,13,26
Kaljir,archimonde,1098,paladin,retribution,21,13,8
Quoque,turalyon,1098,paladin,retribution,69,37,32
Миссйеллоу,gordunni,1097,paladin,retribution,23,12,11
Xflye,khaz-modan,1096,paladin,retribution,41,22,19
Runkpaladin,kazzak,1096,paladin,retribution,60,32,28
Veshnu,blackrock,1095,paladin,retribution,56,23,33
Gnarlds,doomhammer,1094,paladin,retribution,42,24,18
Thardran,ravencrest,1094,paladin,retribution,48,24,24
Retrystyle,ragnaros,1093,paladin,retribution,53,24,29
Palladinz,ravencrest,1092,paladin,retribution,30,15,15
Fortplus,pozzo-delleternità,1091,paladin,retribution,40,21,19
Jebenatreba,sporeggar,1091,paladin,retribution,29,12,17
Irini,sylvanas,1089,paladin,retribution,25,14,11
Antidrasi,turalyon,1087,paladin,retribution,43,15,28
Sunrazor,kazzak,1086,paladin,retribution,32,14,18
Opgezwolle,draenor,1085,paladin,retribution,56,35,21
Phaenre,pozzo-delleternità,1085,paladin,retribution,52,26,26
Azzael,thrall,1085,paladin,retribution,95,35,60
Kaezerg,khaz-modan,1084,paladin,retribution,32,18,14
Aludra,twisting-nether,1083,paladin,retribution,71,40,31
Ксамо,howling-fjord,1081,paladin,retribution,17,12,5
Valgar,ragnaros,1081,paladin,retribution,17,12,5
Sandorr,area-52,1079,paladin,retribution,30,17,13
Aerathil,nethersturm,1079,paladin,retribution,41,22,19
Böb,garona,1078,paladin,retribution,42,17,25
Goungokuhrbo,doomhammer,1077,paladin,retribution,40,24,16
Azlan,nagrand,1076,paladin,retribution,28,14,14
Atírpákja,doomhammer,1076,paladin,retribution,45,21,24
Samail,malganis,1076,paladin,retribution,30,13,17
Pelaghia,tarren-mill,1075,paladin,retribution,18,13,5
Gerannan,kirin-tor,1074,paladin,retribution,54,28,26
Ghostfacê,khaz-modan,1074,paladin,retribution,48,22,26
Gropleindsup,ysondre,1074,paladin,retribution,42,16,26
Coelslaw,azjolnerub,1074,paladin,retribution,35,12,23
Zelphyr,pozzo-delleternità,1073,paladin,retribution,50,28,22
Starstríder,aszune,1073,paladin,retribution,24,12,12
Matikosik,steamwheedle-cartel,1072,paladin,retribution,36,15,21
Dronora,silvermoon,1072,paladin,retribution,44,17,27
Pepsimaxpvp,blackmoore,1071,paladin,retribution,31,12,19
Êxood,archimonde,1071,paladin,retribution,47,18,29
Gaizilla,burning-blade,1068,paladin,retribution,27,13,14
Palakag,blackhand,1066,paladin,retribution,48,14,34
Wexo,frostwolf,1065,paladin,retribution,40,12,28
Apoffis,burning-legion,1064,paladin,retribution,36,19,17
Atreyu,stormscale,1063,paladin,retribution,24,12,12
Durwin,mazrigos,1063,paladin,retribution,55,23,32
Kanot,outland,1062,paladin,retribution,24,13,11
Lliissaa,kazzak,1059,paladin,retribution,54,31,23
Хеллпанч,howling-fjord,1059,paladin,retribution,54,29,25
Lytza,frostwolf,1059,paladin,retribution,30,15,15
Doban,shattered-hand,1057,paladin,retribution,27,14,13
Ункаль,ashenvale,1057,paladin,retribution,168,76,92
Thebestpala,tarren-mill,1057,paladin,retribution,31,12,19
Akakaboto,draenor,1057,paladin,retribution,36,13,23
Йёкипавер,gordunni,1056,paladin,retribution,16,12,4
Camusax,kazzak,1056,paladin,retribution,18,11,7
Sølitude,kazzak,1056,paladin,retribution,18,11,7
Fabsy,frostwolf,1056,paladin,retribution,18,11,7
Ngel,marécage-de-zangar,1056,paladin,retribution,24,11,13
Tìberias,blackmoore,1056,paladin,retribution,24,11,13
Dornu,tarren-mill,1056,paladin,retribution,24,11,13
Сакон,borean-tundra,1056,paladin,retribution,24,11,13
ßßæßßæßß,stormscale,1056,paladin,retribution,24,11,13
Franzîskûs,blackmoore,1056,paladin,retribution,24,11,13
Phaewingsftw,kazzak,1056,paladin,retribution,24,11,13
Pia,twisting-nether,1056,paladin,retribution,24,11,13
Chuy,burning-legion,1056,paladin,retribution,24,11,13
Djmontana,archimonde,1056,paladin,retribution,30,11,19
Evölution,frostmane,1056,paladin,retribution,30,11,19
Holydhanas,outland,1055,paladin,retribution,18,11,7
Eléndrên,blackrock,1055,paladin,retribution,18,11,7
Testør,outland,1055,paladin,retribution,18,11,7
Stukker,silvermoon,1055,paladin,retribution,24,11,13
Vvsdiamonds,archimonde,1055,paladin,retribution,24,11,13
Zondãn,blackrock,1055,paladin,retribution,24,11,13
Palandiade,draenor,1055,paladin,retribution,24,11,13
Шульц,borean-tundra,1055,paladin,retribution,24,11,13
Takezop,dun-modr,1055,paladin,retribution,24,11,13
Mîakhalîfa,tarren-mill,1055,paladin,retribution,24,11,13
Spiritbreak,archimonde,1055,paladin,retribution,24,11,13
Kalimgor,theradras,1055,paladin,retribution,24,11,13
Blademasteer,jaedenar,1055,paladin,retribution,24,11,13
Ijudgeppl,stormscale,1055,paladin,retribution,24,11,13
Зена,gordunni,1055,paladin,retribution,24,11,13
Hetrox,silvermoon,1054,paladin,retribution,18,11,7
Zzloud,darksorrow,1054,paladin,retribution,18,11,7
Tylaerion,magtheridon,1054,paladin,retribution,18,11,7
Sinthoràs,shattered-hand,1054,paladin,retribution,36,20,16
Blademàster,twisting-nether,1054,paladin,retribution,22,12,10
Lightpal,dentarg,1054,paladin,retribution,24,13,11
Palidos,blackrock,1054,paladin,retribution,24,11,13
Hazura,blackmoore,1054,paladin,retribution,24,11,13
Redeem,nemesis,1054,paladin,retribution,30,11,19
Этокомедия,howling-fjord,1054,paladin,retribution,30,11,19
Fleckige,nethersturm,1054,paladin,retribution,30,11,19
Piti,burning-legion,1054,paladin,retribution,30,11,19
Kæycc,blackmoore,1054,paladin,retribution,33,12,21
Sorkohoho,silvermoon,1053,paladin,retribution,18,11,7
Хилоретка,blackscar,1053,paladin,retribution,18,11,7
Vendil,tarren-mill,1053,paladin,retribution,18,11,7
Ridethelight,nemesis,1053,paladin,retribution,21,12,9
Némesis,frostmane,1053,paladin,retribution,24,11,13
Deceneü,kazzak,1053,paladin,retribution,24,11,13
Trollilolz,eredar,1053,paladin,retribution,24,11,13
Moarcry,outland,1053,paladin,retribution,24,11,13
Mufuqa,ragnaros,1053,paladin,retribution,24,11,13
Bartelemeus,draenor,1053,paladin,retribution,24,11,13
Bobilous,twisting-nether,1053,paladin,retribution,30,11,19
Palaradis,doomhammer,1052,paladin,retribution,18,11,7
Kirlight,blackrock,1052,paladin,retribution,18,11,7
Ryaz,blackrock,1052,paladin,retribution,18,11,7
Hideinlight,hellscream,1052,paladin,retribution,24,11,13
Alard,sanguino,1052,paladin,retribution,30,11,19
Phorios,agamaggan,1052,paladin,retribution,36,11,25
Dramaking,the-maelstrom,1051,paladin,retribution,18,11,7
Widj,silvermoon,1051,paladin,retribution,24,11,13
Rinocerb,ravencrest,1051,paladin,retribution,30,11,19
Омникнайтх,howling-fjord,1051,paladin,retribution,36,11,25
Voyén,tarren-mill,1050,paladin,retribution,18,11,7
Ratedge,hyjal,1050,paladin,retribution,18,11,7
Dufftroll,kazzak,1050,paladin,retribution,24,11,13
Lóyal,kazzak,1049,paladin,retribution,18,11,7
Plato,arthas,1049,paladin,retribution,30,16,14
Илонка,gordunni,1049,paladin,retribution,24,11,13
Malleius,ravencrest,1049,paladin,retribution,30,11,19
Justïce,twisting-nether,1049,paladin,retribution,30,11,19
Freetimer,norgannon,1049,paladin,retribution,30,11,19
Cornfalke,silvermoon,1048,paladin,retribution,18,11,7
Âchîle,garona,1048,paladin,retribution,55,31,24
Huhuu,outland,1048,paladin,retribution,24,11,13
Raptasenda,archimonde,1048,paladin,retribution,68,27,41
Arhu,stormscale,1047,paladin,retribution,42,23,19
Crazybones,marécage-de-zangar,1047,paladin,retribution,36,16,20
Slipoj,blackhand,1046,paladin,retribution,24,11,13
Mareshki,outland,1046,paladin,retribution,30,11,19
Spizz,dun-modr,1046,paladin,retribution,30,11,19
Krustenkaese,kelthuzad,1045,paladin,retribution,18,11,7
Merkurial,sylvanas,1045,paladin,retribution,18,11,7
Leilak,draenor,1045,paladin,retribution,44,26,18
Daicic,kazzak,1045,paladin,retribution,19,11,8
Kaelron,sanguino,1044,paladin,retribution,18,11,7
Jooki,drakthul,1044,paladin,retribution,18,11,7
Traqnbilkarq,stormscale,1044,paladin,retribution,24,12,12
Shadderkpal,draenor,1042,paladin,retribution,30,11,19
Haquiles,shendralar,1041,paladin,retribution,34,19,15
Harycon,thrall,1041,paladin,retribution,30,11,19
Pzdr,tarren-mill,1040,paladin,retribution,30,13,17
Dildotbagins,argent-dawn,1039,paladin,retribution,58,34,24
Keol,sanguino,1039,paladin,retribution,25,12,13
Bigdamjudgee,outland,1039,paladin,retribution,23,11,12
Sinalia,shattrath,1039,paladin,retribution,24,11,13
Killa,stormrage,1038,paladin,retribution,24,11,13
Kollak,dun-modr,1038,paladin,retribution,63,25,38
Labier,tarren-mill,1038,paladin,retribution,36,11,25
Rêmo,blackrock,1037,paladin,retribution,28,17,11
Bitether,burning-legion,1037,paladin,retribution,24,11,13
Lowen,deathwing,1037,paladin,retribution,41,11,30
Sherulz,sylvanas,1036,paladin,retribution,18,11,7
Mickeyvorace,archimonde,1036,paladin,retribution,27,13,14
Эллессар,howling-fjord,1036,paladin,retribution,30,12,18
Kaedena,kaelthas,1035,paladin,retribution,18,11,7
Saró,ravencrest,1035,paladin,retribution,22,12,10
Celdrin,silvermoon,1035,paladin,retribution,23,12,11
Лефша,soulflayer,1034,paladin,retribution,18,11,7
Nasdaq,la-croisade-écarlate,1034,paladin,retribution,18,11,7
Bandaga,sanguino,1032,paladin,retribution,18,11,7
Фокспро,lich-king,1032,paladin,retribution,24,11,13
Gôdfâthér,kazzak,1031,paladin,retribution,23,11,12
Rileys,turalyon,1030,paladin,retribution,132,59,73
Hazeman,colinas-pardas,1026,paladin,retribution,12,11,1
Khveasir,argent-dawn,1026,paladin,retribution,36,11,25
Hateless,tarren-mill,1024,paladin,retribution,28,11,17
Justrhino,kazzak,1023,paladin,retribution,29,11,18
Crazypits,silvermoon,1022,paladin,retribution,42,18,24
Notholy,defias-brotherhood,1021,paladin,retribution,24,11,13
Ратомир,howling-fjord,1021,paladin,retribution,29,12,17
Arathorin,ravencrest,1016,paladin,retribution,30,15,15
Gélan,stormscale,1015,paladin,retribution,42,11,31
Quasimotto,turalyon,1014,paladin,retribution,36,13,23
Mettã,hyjal,1012,paladin,retribution,31,11,20
Crynó,blackmoore,1010,paladin,retribution,30,13,17
Thehuish,blades-edge,1009,paladin,retribution,21,12,9
Danneris,sanguino,1008,paladin,retribution,31,15,16
Morhgain,kazzak,1007,paladin,retribution,42,21,21
Kipperb,kazzak,1007,paladin,retribution,23,11,12
ßrav,hyjal,1007,paladin,retribution,27,12,15
Bomsamdi,draenor,1007,paladin,retribution,85,37,48
Bryllks,die-todeskrallen,1005,paladin,retribution,54,31,23
Rdmhrvojehr,tarren-mill,1005,paladin,retribution,31,15,16
Dadpally,shattered-hand,1005,paladin,retribution,60,27,33
Ilovemylay,area-52,1004,paladin,retribution,27,11,16
Харт,fordragon,1001,paladin,retribution,21,15,6
Монбиин,soulflayer,1001,paladin,retribution,24,12,12
Sheïkka,hyjal,1001,paladin,retribution,68,30,38
Loire,blackmoore,1000,paladin,retribution,17,11,6
Uoloop,kazzak,1000,paladin,retribution,23,11,12
Сверхпаладин,howling-fjord,999,paladin,retribution,18,11,7
Tomales,aggramar,998,paladin,retribution,36,18,18
Killtauren,kazzak,998,paladin,retribution,78,36,42
Эксвайп,howling-fjord,997,paladin,retribution,23,11,12
Kealen,nemesis,997,paladin,retribution,85,34,51
Almohalhil,tarren-mill,993,paladin,retribution,30,17,13
Lgbtqlover,kazzak,991,paladin,retribution,17,11,6
Zanathos,onyxia,991,paladin,retribution,36,22,14
Timesover,doomhammer,991,paladin,retribution,24,11,13
Zerohour,kilrogg,987,paladin,retribution,34,11,23
Jenyu,sanguino,986,paladin,retribution,29,13,16
Palladxx,twilights-hammer,985,paladin,retribution,28,16,12
Бунча,gordunni,985,paladin,retribution,72,27,45
Vibeer,ravencrest,983,paladin,retribution,140,71,69
Cydor,khaz-modan,983,paladin,retribution,36,13,23
Vonryan,defias-brotherhood,980,paladin,retribution,57,22,35
Ukey,sanguino,978,paladin,retribution,48,27,21
Ressurection,outland,976,paladin,retribution,101,48,53
Aégon,archimonde,974,paladin,retribution,66,27,39
Summuno,eredar,973,paladin,retribution,150,59,91
Supou,twisting-nether,972,paladin,retribution,24,14,10
Ârthâstrâs,terrordar,968,paladin,retribution,30,17,13
Fannii,ravencrest,968,paladin,retribution,24,11,13
Nazaninez,tarren-mill,967,paladin,retribution,36,17,19
Eltruite,archimonde,962,paladin,retribution,60,25,35
Fîzè,blackmoore,960,paladin,retribution,16,11,5
Navayo,frostmourne,960,paladin,retribution,18,10,8
Reth,tarren-mill,960,paladin,retribution,18,10,8
Blazerlolz,kazzak,960,paladin,retribution,18,10,8
Abukasol,kazzak,960,paladin,retribution,18,10,8
Nzmamba,burning-legion,960,paladin,retribution,18,10,8
Roklim,blackhand,960,paladin,retribution,18,10,8
Hipo,zuljin,960,paladin,retribution,18,10,8
Rubína,aegwynn,960,paladin,retribution,20,10,10
Валькирия,grom,960,paladin,retribution,24,10,14
Байстр,soulflayer,960,paladin,retribution,24,10,14
Sulask,argent-dawn,960,paladin,retribution,24,10,14
Smithx,kazzak,960,paladin,retribution,24,10,14
Paterymon,ravencrest,960,paladin,retribution,24,10,14
Artaxiad,sylvanas,960,paladin,retribution,24,10,14
Sucsii,outland,960,paladin,retribution,24,10,14
Dioxius,stormscale,960,paladin,retribution,24,10,14
Daveboss,dragonblight,960,paladin,retribution,24,10,14
Styxpl,blackhand,960,paladin,retribution,30,10,20
Садистка,soulflayer,960,paladin,retribution,30,10,20
Атласс,gordunni,960,paladin,retribution,30,10,20
Saulencio,zuljin,960,paladin,retribution,36,10,26
Fexulï,outland,959,paladin,retribution,12,10,2
Sileria,kazzak,959,paladin,retribution,18,10,8
Peterholy,hyjal,959,paladin,retribution,18,10,8
Silverglaze,defias-brotherhood,959,paladin,retribution,18,10,8
Lonesoul,tarren-mill,959,paladin,retribution,18,10,8
Bunurata,silvermoon,959,paladin,retribution,18,10,8
Pawelinus,blackrock,959,paladin,retribution,18,10,8
Shénggi,kazzak,959,paladin,retribution,18,10,8
Makakí,twisting-nether,959,paladin,retribution,18,10,8
Sweyz,archimonde,959,paladin,retribution,18,10,8
Падаетслезаа,howling-fjord,959,paladin,retribution,18,10,8
Malapal,hyjal,959,paladin,retribution,18,10,8
Vindicatê,stormscale,959,paladin,retribution,18,10,8
Dìe,silvermoon,959,paladin,retribution,18,10,8
Mullinsilmä,stormreaver,959,paladin,retribution,18,10,8
Naenel,dun-modr,959,paladin,retribution,24,10,14
Milkzaddy,kazzak,959,paladin,retribution,24,10,14
Croptol,dun-modr,959,paladin,retribution,24,10,14
Ретридор,soulflayer,959,paladin,retribution,24,10,14
Thaddios,burning-blade,959,paladin,retribution,24,10,14
Armas,stormscale,959,paladin,retribution,28,11,17
Teshkipowa,kazzak,959,paladin,retribution,30,10,20
Dollicia,outland,959,paladin,retribution,30,10,20
Annurra,quelthalas,959,paladin,retribution,30,10,20
Mögräine,grim-batol,959,paladin,retribution,30,10,20
Razzim,eredar,959,paladin,retribution,30,10,20
Coralinê,sanguino,958,paladin,retribution,12,10,2
Eosan,argent-dawn,958,paladin,retribution,12,10,2
Nyren,guldan,958,paladin,retribution,12,10,2
Béhèlit,sargeras,958,paladin,retribution,18,10,8
Arcardi,dun-morogh,958,paladin,retribution,18,10,8
Vetron,drakthul,958,paladin,retribution,18,10,8
Søal,blackrock,958,paladin,retribution,18,10,8
Sheldon,sylvanas,958,paladin,retribution,18,10,8
Антрасс,soulflayer,958,paladin,retribution,18,10,8
Balderstomp,jaedenar,958,paladin,retribution,18,10,8
Valanysa,blackmoore,958,paladin,retribution,18,10,8
Maegli,thrall,958,paladin,retribution,18,10,8
Jeyløl,antonidas,958,paladin,retribution,18,10,8
Skinriper,stormscale,958,paladin,retribution,24,10,14
Леаркус,blackscar,958,paladin,retribution,24,10,14
Zader,ravencrest,958,paladin,retribution,24,10,14
Tehacê,blackrock,958,paladin,retribution,24,10,14
Wankerjim,ghostlands,958,paladin,retribution,30,10,20
Keógh,kazzak,957,paladin,retribution,12,10,2
Xalthan,defias-brotherhood,957,paladin,retribution,18,10,8
Dimdon,silvermoon,957,paladin,retribution,24,10,14
Winterwall,sylvanas,957,paladin,retribution,24,10,14
Жёстиксхилер,howling-fjord,957,paladin,retribution,24,10,14
Snowlyi,stormscale,957,paladin,retribution,24,10,14
Holaa,blackrock,957,paladin,retribution,24,10,14
Кадаврициан,howling-fjord,957,paladin,retribution,24,10,14
Aston,sylvanas,957,paladin,retribution,24,10,14
Feenux,drakthul,956,paladin,retribution,16,11,5
Malodos,archimonde,956,paladin,retribution,18,10,8
Ayoub,argent-dawn,956,paladin,retribution,18,10,8
Mílkme,antonidas,956,paladin,retribution,18,10,8
Injustice,chamber-of-aspects,956,paladin,retribution,25,11,14
Szaporító,ragnaros,956,paladin,retribution,24,10,14
Mugraine,ravencrest,956,paladin,retribution,24,10,14
Diaéna,kirin-tor,956,paladin,retribution,30,10,20
Танси,fordragon,955,paladin,retribution,26,16,10
Løøktår,ysondre,955,paladin,retribution,18,10,8
Sneptica,draenor,955,paladin,retribution,19,10,9
Fishnchips,twisting-nether,955,paladin,retribution,24,10,14
Pappipala,tarren-mill,955,paladin,retribution,24,10,14
Holypurger,shattered-hand,955,paladin,retribution,25,10,15
Calluk,turalyon,955,paladin,retribution,29,11,18
Dasvidania,uldum,955,paladin,retribution,30,11,19
Roostei,shattered-hand,953,paladin,retribution,18,10,8
Palahôlika,antonidas,953,paladin,retribution,18,10,8
Skrýmir,marécage-de-zangar,953,paladin,retribution,18,10,8
Iqso,argent-dawn,953,paladin,retribution,18,10,8
Palädörette,dalaran,951,paladin,retribution,17,11,6
Myradur,burning-legion,950,paladin,retribution,18,10,8
Grynd,blackmoore,949,paladin,retribution,12,10,2
Cáli,forscherliga,949,paladin,retribution,18,10,8
Gottfrid,sunstrider,949,paladin,retribution,18,10,8
Blessmedaddy,tarren-mill,949,paladin,retribution,24,10,14
Óldgreg,magtheridon,949,paladin,retribution,24,10,14
Lighttitan,ravencrest,948,paladin,retribution,24,10,14
Rondel,dalaran,947,paladin,retribution,18,10,8
Xemoth,kazzak,947,paladin,retribution,18,10,8
Olwie,argent-dawn,947,paladin,retribution,18,10,8
Bierkapítän,blackrock,946,paladin,retribution,12,10,2
Ziggyz,kul-tiras,945,paladin,retribution,19,10,9
Sessian,bronze-dragonflight,942,paladin,retribution,82,42,40
Donttaskwhy,sylvanas,942,paladin,retribution,30,10,20
Nitay,blades-edge,942,paladin,retribution,34,10,24
Kawakii,outland,940,paladin,retribution,18,10,8
Vexxus,blackrock,937,paladin,retribution,54,27,27
Bugo,drakthul,933,paladin,retribution,23,10,13
Virusee,doomhammer,931,paladin,retribution,18,10,8
Meneth,elune,930,paladin,retribution,55,15,40
Josuaa,ragnaros,929,paladin,retribution,80,36,44
Itiswhatitis,blackmoore,927,paladin,retribution,14,11,3
Wolya,blackrock,927,paladin,retribution,21,11,10
Ghéttørèt,das-konsortium,927,paladin,retribution,26,11,15
Evilerpaly,stormscale,924,paladin,retribution,23,13,10
Lightblaze,doomhammer,924,paladin,retribution,54,18,36
Eatfasteatas,doomhammer,923,paladin,retribution,12,10,2
Моррдочка,soulflayer,921,paladin,retribution,72,31,41
Zingler,norgannon,920,paladin,retribution,30,16,14
Atacan,twisting-nether,920,paladin,retribution,48,23,25
Ressler,tichondrius,919,paladin,retribution,27,12,15
Klikas,twisting-nether,918,paladin,retribution,36,18,18
Mhorcain,silvermoon,918,paladin,retribution,24,10,14
Caleel,nemesis,910,paladin,retribution,21,11,10
Схемас,gordunni,910,paladin,retribution,36,14,22
Snakedubaby,blackrock,910,paladin,retribution,41,10,31
Rustig,talnivarr,906,paladin,retribution,17,10,7
Thiccfreak,tarren-mill,904,paladin,retribution,26,12,14
Snaty,khaz-modan,901,paladin,retribution,84,44,40
Moodypala,doomhammer,900,paladin,retribution,18,10,8
Gurutze,ragnaros,896,paladin,retribution,16,10,6
Nomeel,twisting-nether,896,paladin,retribution,199,98,101
Nordiusek,drakthul,896,paladin,retribution,28,10,18
Krisbull,kazzak,895,paladin,retribution,22,10,12
Tigerherz,antonidas,895,paladin,retribution,28,10,18
Lògàn,pozzo-delleternità,894,paladin,retribution,20,10,10
Lolladin,blackmoore,894,paladin,retribution,26,10,16
Legâin,twisting-nether,894,paladin,retribution,42,10,32
Milicos,sylvanas,891,paladin,retribution,48,24,24
Scrambler,grim-batol,890,paladin,retribution,26,10,16
Tánk,twilights-hammer,888,paladin,retribution,48,22,26
Patzi,die-todeskrallen,886,paladin,retribution,91,43,48
Romkaq,silvermoon,884,paladin,retribution,18,11,7
Рэдиенс,howling-fjord,878,paladin,retribution,13,10,3
Celébriel,twisting-nether,877,paladin,retribution,19,10,9
Fardahr,ravencrest,877,paladin,retribution,24,10,14
Куоширо,goldrinn,865,paladin,retribution,42,17,25
Stitchup,argent-dawn,864,paladin,retribution,12,9,3
Preamx,blackrock,864,paladin,retribution,12,9,3
Eazybubble,blackhand,864,paladin,retribution,12,9,3
Îs,draenor,864,paladin,retribution,12,9,3
Camusa,kazzak,864,paladin,retribution,12,9,3
Holysnickers,tarren-mill,864,paladin,retribution,12,9,3
Фэнон,gordunni,864,paladin,retribution,12,9,3
Kìngeh,tarren-mill,864,paladin,retribution,12,9,3
Сиаобэла,gordunni,864,paladin,retribution,12,9,3
Horran,archimonde,864,paladin,retribution,12,9,3
Unleashed,antonidas,864,paladin,retribution,12,9,3
Libertum,silvermoon,864,paladin,retribution,12,9,3
Subzie,archimonde,864,paladin,retribution,12,9,3
Loani,dalaran,864,paladin,retribution,18,9,9
Ollepala,draenor,864,paladin,retribution,18,9,9
Cùpìdstunt,draenor,864,paladin,retribution,18,9,9
Pesterci,draenor,864,paladin,retribution,18,9,9
Retgodx,eredar,864,paladin,retribution,18,9,9
Yourredead,shadowsong,864,paladin,retribution,18,9,9
Püshup,archimonde,864,paladin,retribution,18,9,9
Mitsoû,archimonde,864,paladin,retribution,18,9,9
Noxy,thrall,864,paladin,retribution,18,9,9
Hølypwnjk,forscherliga,864,paladin,retribution,18,9,9
Reckonin,nagrand,864,paladin,retribution,18,9,9
Jicekaa,archimonde,864,paladin,retribution,18,9,9
Gulyas,tarren-mill,864,paladin,retribution,18,9,9
Extasey,ravencrest,864,paladin,retribution,18,9,9
Eldrack,defias-brotherhood,864,paladin,retribution,18,9,9
Ruggero,stormscale,864,paladin,retribution,18,9,9
Kaarsius,defias-brotherhood,864,paladin,retribution,18,9,9
Hotchíck,outland,864,paladin,retribution,18,9,9
Shuukz,blackmoore,864,paladin,retribution,24,9,15
Evelisyze,twisting-nether,864,paladin,retribution,24,9,15
Lagrops,chants-éternels,864,paladin,retribution,24,9,15
Lindrone,aggra-português,864,paladin,retribution,24,9,15
Thoriz,elune,864,paladin,retribution,24,9,15
Veldora,zuljin,864,paladin,retribution,24,9,15
Runhil,nemesis,864,paladin,retribution,24,9,15
Святстраж,gordunni,864,paladin,retribution,27,10,17
Âtom,outland,864,paladin,retribution,30,9,21
Krýptø,ravencrest,864,paladin,retribution,30,9,21
Umirinbruv,zenedar,864,paladin,retribution,30,9,21
Tosá,antonidas,864,paladin,retribution,30,9,21
Døgpaladin,outland,864,paladin,retribution,30,9,21
Váliant,tarren-mill,863,paladin,retribution,12,9,3
Aksios,kazzak,863,paladin,retribution,12,9,3
Azanah,turalyon,863,paladin,retribution,12,9,3
Ohmega,defias-brotherhood,863,paladin,retribution,12,9,3
Esköll,hyjal,863,paladin,retribution,12,9,3
Vootele,draenor,863,paladin,retribution,12,9,3
Overheals,blackmoore,863,paladin,retribution,12,9,3
Nakedholy,draenor,863,paladin,retribution,12,9,3
Koltop,ravencrest,863,paladin,retribution,12,9,3
Dälaghetto,kilrogg,863,paladin,retribution,18,9,9
Windwings,drakthul,863,paladin,retribution,18,9,9
Fujszi,arathor,863,paladin,retribution,18,9,9
Veejxo,silvermoon,863,paladin,retribution,18,9,9
Зольвинталь,deathguard,863,paladin,retribution,18,9,9
Sildrit,draenor,863,paladin,retribution,18,9,9
Kobleda,ravencrest,863,paladin,retribution,18,9,9
Durnell,sylvanas,863,paladin,retribution,18,9,9
Nordkreuz,aegwynn,863,paladin,retribution,18,9,9
Bonkkar,antonidas,863,paladin,retribution,18,9,9
Розовыйужас,howling-fjord,863,paladin,retribution,18,9,9
Добегуубью,thermaplugg,863,paladin,retribution,21,10,11
Galerian,twilights-hammer,863,paladin,retribution,24,9,15
Axone,ravencrest,863,paladin,retribution,24,9,15
Celerius,trollbane,863,paladin,retribution,24,9,15
Nobo,hellfire,863,paladin,retribution,24,9,15
Дэвсон,greymane,863,paladin,retribution,24,9,15
Kirikoro,blackmoore,863,paladin,retribution,24,9,15
Khantaro,twisting-nether,863,paladin,retribution,24,9,15
Palarezz,ysondre,863,paladin,retribution,24,9,15
Asgardietis,kazzak,863,paladin,retribution,27,10,17
Tapsgg,silvermoon,863,paladin,retribution,30,9,21
Pikoman,hellfire,863,paladin,retribution,30,9,21
Саламанлдрыч,soulflayer,863,paladin,retribution,42,9,33
Wtyou,blackhand,862,paladin,retribution,12,9,3
Kabóm,kazzak,862,paladin,retribution,12,9,3
Paduj,kazzak,862,paladin,retribution,12,9,3
Ephialtis,hyjal,862,paladin,retribution,12,9,3
Blatrix,kazzak,862,paladin,retribution,12,9,3
Darkenorr,silvermoon,862,paladin,retribution,18,9,9
Stinkytoes,draenor,862,paladin,retribution,18,9,9
Dáimion,defias-brotherhood,862,paladin,retribution,18,9,9
Sunwalker,bronzebeard,862,paladin,retribution,18,9,9
Alâkir,kazzak,862,paladin,retribution,18,9,9
Quarrel,kul-tiras,862,paladin,retribution,24,9,15
Роллита,gordunni,862,paladin,retribution,24,9,15
Ллосла,howling-fjord,862,paladin,retribution,36,9,27
Skittlespala,twisting-nether,861,paladin,retribution,12,9,3
Viffi,darkspear,861,paladin,retribution,12,9,3
Zenfret,kazzak,861,paladin,retribution,16,10,6
Muradun,aegwynn,861,paladin,retribution,18,9,9
Jpally,ravencrest,861,paladin,retribution,18,9,9
Lothacia,blackmoore,861,paladin,retribution,18,9,9
Saviourself,silvermoon,861,paladin,retribution,18,9,9
Retributon,madmortem,861,paladin,retribution,18,9,9
Karnator,eldrethalas,861,paladin,retribution,18,9,9
Paraðox,ysondre,861,paladin,retribution,24,9,15
Лурири,gordunni,860,paladin,retribution,12,9,3
Catsnek,darksorrow,860,paladin,retribution,18,9,9
Kerchal,dalaran,860,paladin,retribution,18,9,9
Humungus,sylvanas,860,paladin,retribution,18,9,9
Sölaria,silvermoon,860,paladin,retribution,18,9,9
Goodfail,sanguino,860,paladin,retribution,21,10,11
Crêuyf,elune,860,paladin,retribution,22,10,12
Banister,eredar,860,paladin,retribution,24,9,15
Каридин,galakrond,860,paladin,retribution,30,9,21
Exirtius,haomarush,859,paladin,retribution,18,9,9
Artorya,outland,859,paladin,retribution,18,9,9
Jêzus,blackrock,858,paladin,retribution,12,9,3
Кс,greymane,858,paladin,retribution,18,9,9
Rètbull,blackhand,858,paladin,retribution,18,9,9
Ènyalius,silvermoon,858,paladin,retribution,24,9,15
Taylerr,drakthul,857,paladin,retribution,18,9,9
Anndersen,aszune,857,paladin,retribution,24,9,15
Gljeto,tarren-mill,856,paladin,retribution,12,9,3
Ayoitsme,twisting-nether,856,paladin,retribution,18,9,9
Holytrol,kazzak,855,paladin,retribution,18,9,9
Immortalkrux,archimonde,855,paladin,retribution,101,38,63
Denathar,draenor,855,paladin,retribution,24,9,15
Сапфирия,galakrond,855,paladin,retribution,30,9,21
Legiønr,ravencrest,854,paladin,retribution,12,9,3
Benkenoah,ragnaros,854,paladin,retribution,42,15,27
Askimo,twisting-nether,853,paladin,retribution,18,9,9
Bubblemama,aegwynn,853,paladin,retribution,18,9,9
Duris,drakthul,853,paladin,retribution,18,9,9
Fortination,dalaran,853,paladin,retribution,18,9,9
Goldmamax,stormscale,851,paladin,retribution,18,9,9
Fløki,blackrock,848,paladin,retribution,20,10,10
Eldelapala,zuljin,848,paladin,retribution,24,9,15
Bellùm,archimonde,846,paladin,retribution,20,9,11
Ericafontës,kazzak,846,paladin,retribution,23,9,14
Knygnesys,silvermoon,844,paladin,retribution,21,11,10
Paxillustral,twisting-nether,844,paladin,retribution,18,9,9
Othersideof,twisting-nether,841,paladin,retribution,24,10,14
Jesophar,archimonde,839,paladin,retribution,24,9,15
Orelius,guldan,838,paladin,retribution,42,16,26
Ordain,senjin,834,paladin,retribution,44,21,23
Fufenzee,stormscale,834,paladin,retribution,149,62,87
Тельбрук,gordunni,832,paladin,retribution,22,9,13
Драгун,gordunni,830,paladin,retribution,61,27,34
Dôrä,ysondre,830,paladin,retribution,23,9,14
Pàlàthor,khaz-modan,826,paladin,retribution,18,9,9
Kolam,khaz-modan,825,paladin,retribution,24,10,14
Spánkit,stormscale,825,paladin,retribution,26,10,16
Vuzetevacabo,doomhammer,823,paladin,retribution,114,51,63
Bonvivant,ragnaros,815,paladin,retribution,15,10,5
Sàbèr,blackmoore,815,paladin,retribution,23,9,14
Naru,ravenholdt,814,paladin,retribution,17,9,8
Æïs,blackrock,813,paladin,retribution,15,9,6
Mckellen,antonidas,810,paladin,retribution,15,10,5
Valaudu,stormscale,810,paladin,retribution,17,9,8
Ararion,tarren-mill,809,paladin,retribution,18,10,8
Khadet,draenor,809,paladin,retribution,22,10,12
Fumatelo,tyrande,808,paladin,retribution,18,9,9
Gustavus,emeriss,808,paladin,retribution,34,10,24
Choyoki,blackmoore,802,paladin,retribution,26,9,17
Melnes,draenor,801,paladin,retribution,23,12,11
Eufenia,tarren-mill,800,paladin,retribution,18,9,9
Юримия,blackscar,798,paladin,retribution,17,9,8
Altrazel,archimonde,795,paladin,retribution,20,10,10
Guckzu,malganis,794,paladin,retribution,25,10,15
Pyrogon,malorne,791,paladin,retribution,177,80,97
Ragnàr,aggra-português,791,paladin,retribution,24,9,15
Gundahar,das-syndikat,788,paladin,retribution,28,11,17
Kubrat,eredar,788,paladin,retribution,42,16,26
Хэппипала,soulflayer,783,paladin,retribution,19,9,10
Legitpower,silvermoon,783,paladin,retribution,46,19,27
Сильвернайт,soulflayer,779,paladin,retribution,29,10,19
Баблыч,borean-tundra,771,paladin,retribution,42,17,25
Sunfather,twilights-hammer,769,paladin,retribution,77,35,42
Bramonier,blackmoore,768,paladin,retribution,12,8,4
Odisea,burning-blade,768,paladin,retribution,12,8,4
Sariäza,argent-dawn,768,paladin,retribution,12,8,4
Herô,drakthul,768,paladin,retribution,12,8,4
Biqmac,mugthol,768,paladin,retribution,12,8,4
Enanon,zuljin,768,paladin,retribution,12,8,4
Небестворлд,gordunni,768,paladin,retribution,12,8,4
Pakór,blackrock,768,paladin,retribution,12,8,4
Khyleancbum,sanguino,768,paladin,retribution,12,8,4
Фантаззер,soulflayer,768,paladin,retribution,12,8,4
Minpala,kazzak,768,paladin,retribution,12,8,4
Touch,vashj,768,paladin,retribution,12,8,4
Solntsepek,ravencrest,768,paladin,retribution,12,8,4
Superhick,veknilash,768,paladin,retribution,12,8,4
Jïncks,anachronos,768,paladin,retribution,12,8,4
Øttøø,outland,768,paladin,retribution,12,8,4
Zeackzs,rajaxx,768,paladin,retribution,12,8,4
Xoriun,norgannon,768,paladin,retribution,12,8,4
Mooriel,burning-legion,768,paladin,retribution,15,9,6
Ласковыйкуфа,howling-fjord,768,paladin,retribution,15,9,6
Blacked,baelgun,768,paladin,retribution,16,9,7
Valiscar,antonidas,768,paladin,retribution,18,8,10
Hijh,tarren-mill,768,paladin,retribution,18,8,10
Rétalin,blackhand,768,paladin,retribution,18,8,10
Vikingensven,silvermoon,768,paladin,retribution,18,8,10
Retlikeme,ravencrest,768,paladin,retribution,18,8,10
Holzkern,blackmoore,768,paladin,retribution,18,8,10
Sekztokio,blackmoore,768,paladin,retribution,18,8,10
Témpézt,ravencrest,768,paladin,retribution,18,8,10
Shorykezu,kazzak,768,paladin,retribution,18,8,10
Pxæn,archimonde,768,paladin,retribution,18,8,10
Retrigodx,ragnaros,768,paladin,retribution,18,8,10
Кисаммэ,howling-fjord,768,paladin,retribution,18,8,10
Ббпп,howling-fjord,768,paladin,retribution,18,8,10
Iiwar,silvermoon,768,paladin,retribution,18,8,10
Piratalpha,thrall,768,paladin,retribution,18,8,10
Bloodbeard,twisting-nether,768,paladin,retribution,18,8,10
Пчелодин,howling-fjord,768,paladin,retribution,18,8,10
Bubblor,ravencrest,768,paladin,retribution,18,8,10
Lechita,darksorrow,768,paladin,retribution,18,8,10
Чемеряк,gordunni,768,paladin,retribution,18,8,10
Phazio,twisting-nether,768,paladin,retribution,18,8,10
Postî,eredar,768,paladin,retribution,18,8,10
Endavour,ravencrest,768,paladin,retribution,18,8,10
Enmà,archimonde,768,paladin,retribution,18,8,10
Deresos,anetheron,768,paladin,retribution,18,8,10
Palamag,grim-batol,768,paladin,retribution,18,8,10
Jÿnxx,hyjal,768,paladin,retribution,18,8,10
Getpawned,rexxar,768,paladin,retribution,18,8,10
Bâbass,sargeras,768,paladin,retribution,18,8,10
Легейнда,soulflayer,768,paladin,retribution,18,8,10
Abbendis,twisting-nether,768,paladin,retribution,18,8,10
Эйнис,goldrinn,768,paladin,retribution,18,8,10
Karnabahar,twisting-nether,768,paladin,retribution,18,8,10
Mudan,stormscale,768,paladin,retribution,18,8,10
Holyinstinct,bronze-dragonflight,768,paladin,retribution,18,8,10
Hydrolic,blackrock,768,paladin,retribution,18,8,10
Laaserjörö,outland,768,paladin,retribution,18,8,10
Dadyolimp,kazzak,768,paladin,retribution,18,8,10
Sinclo,hyjal,768,paladin,retribution,20,8,12
Vpl,ravencrest,768,paladin,retribution,20,8,12
Shownómercy,stormscale,768,paladin,retribution,24,8,16
Azrpal,kazzak,768,paladin,retribution,24,8,16
Vilayesyo,ravencrest,768,paladin,retribution,24,8,16
Ashmaker,khaz-modan,768,paladin,retribution,24,8,16
Benzimus,ragnaros,768,paladin,retribution,24,8,16
Redmoo,tarren-mill,768,paladin,retribution,24,8,16
Tjabo,burning-blade,768,paladin,retribution,24,8,16
Powerphally,outland,768,paladin,retribution,24,8,16
Mythorpala,dun-modr,768,paladin,retribution,24,8,16
Bóokah,blackhand,768,paladin,retribution,24,8,16
Murodin,twisting-nether,768,paladin,retribution,24,8,16
Aliceredlips,dun-modr,768,paladin,retribution,30,8,22
Acp,twisting-nether,767,paladin,retribution,12,8,4
Kompot,dun-morogh,767,paladin,retribution,12,8,4
Angeal,ysondre,767,paladin,retribution,12,8,4
Ландри,greymane,767,paladin,retribution,12,8,4
Crossfaded,azjolnerub,767,paladin,retribution,12,8,4
Elaidja,illidan,767,paladin,retribution,12,8,4
Luzmortal,zuljin,767,paladin,retribution,12,8,4
Blagori,blackhand,767,paladin,retribution,12,8,4
Szelena,outland,767,paladin,retribution,12,8,4
Mistyweavey,grim-batol,767,paladin,retribution,12,8,4
Spinzr,draenor,767,paladin,retribution,12,8,4
Lightblaster,argent-dawn,767,paladin,retribution,12,8,4
Unforsakenx,silvermoon,767,paladin,retribution,12,8,4
Serenityxo,twisting-nether,767,paladin,retribution,12,8,4
Quuri,frostwolf,767,paladin,retribution,12,8,4
Dawnnslayer,kazzak,767,paladin,retribution,12,8,4
Lieris,twisting-nether,767,paladin,retribution,12,8,4
Londonn,silvermoon,767,paladin,retribution,12,8,4
Pitux,dun-modr,767,paladin,retribution,16,9,7
Яшкино,soulflayer,767,paladin,retribution,18,8,10
Baxteria,dun-modr,767,paladin,retribution,18,8,10
Retgrets,kazzak,767,paladin,retribution,18,8,10
Бальтазёрыч,soulflayer,767,paladin,retribution,18,8,10
Nicolae,colinas-pardas,767,paladin,retribution,18,8,10
Dideta,colinas-pardas,767,paladin,retribution,18,8,10
Hordiienko,silvermoon,767,paladin,retribution,18,8,10
Banderovez,silvermoon,767,paladin,retribution,18,8,10
Néero,defias-brotherhood,767,paladin,retribution,18,8,10
Missybugla,turalyon,767,paladin,retribution,18,8,10
Spikiz,kazzak,767,paladin,retribution,18,8,10
Atabaí,antonidas,767,paladin,retribution,18,8,10
One,grim-batol,767,paladin,retribution,18,8,10
Phlakorn,blackhand,767,paladin,retribution,18,8,10
Belight,burning-legion,767,paladin,retribution,18,8,10
Xersys,draenor,767,paladin,retribution,18,8,10
Retenki,draenor,767,paladin,retribution,18,8,10
Palachdinka,drakthul,767,paladin,retribution,18,8,10
Hôrrible,ravencrest,767,paladin,retribution,18,8,10
Samuel,ahnqiraj,767,paladin,retribution,18,8,10
Assÿria,ravencrest,767,paladin,retribution,18,8,10
Artonus,sylvanas,767,paladin,retribution,20,8,12
Cheesus,argent-dawn,767,paladin,retribution,27,9,18
Saath,malfurion,767,paladin,retribution,24,8,16
Freeloliipop,darksorrow,767,paladin,retribution,24,8,16
Тевтонец,goldrinn,767,paladin,retribution,24,8,16
Blazehammer,drakthul,767,paladin,retribution,24,8,16
Brightgrove,silvermoon,767,paladin,retribution,24,8,16
Lusugo,alakir,767,paladin,retribution,24,8,16
Hermmes,alakir,767,paladin,retribution,24,8,16
Uweósas,aegwynn,767,paladin,retribution,24,8,16
Киръпич,grom,767,paladin,retribution,24,8,16
Thoreas,perenolde,767,paladin,retribution,24,8,16
Konithis,doomhammer,766,paladin,retribution,12,8,4
Laugan,ysondre,766,paladin,retribution,12,8,4
Méény,archimonde,766,paladin,retribution,18,8,10
Valoren,todeswache,766,paladin,retribution,18,8,10
Beefbombs,blackmoore,766,paladin,retribution,18,8,10
Bpontes,aggra-português,766,paladin,retribution,18,8,10
Jezrien,khazgoroth,765,paladin,retribution,18,8,10
Wtfudo,sylvanas,765,paladin,retribution,18,8,10
Liardin,draenor,765,paladin,retribution,18,8,10
Mikipaki,tarren-mill,765,paladin,retribution,18,8,10
Reticles,ravencrest,765,paladin,retribution,24,8,16
Retroon,doomhammer,764,paladin,retribution,18,8,10
Trøllørd,shattrath,764,paladin,retribution,18,8,10
Edwards,sanguino,764,paladin,retribution,18,8,10
Luridity,argent-dawn,764,paladin,retribution,24,8,16
Lewanor,tarren-mill,763,paladin,retribution,12,8,4
Ahritea,blackrock,763,paladin,retribution,12,8,4
Wingedguard,ragnaros,763,paladin,retribution,12,8,4
Skimer,outland,763,paladin,retribution,13,8,5
Dorian,durotan,763,paladin,retribution,24,8,16
Nauriell,blackmoore,762,paladin,retribution,12,8,4
Стекловатный,gordunni,762,paladin,retribution,12,8,4
Tank,uldum,762,paladin,retribution,12,8,4
Цабля,gordunni,762,paladin,retribution,18,8,10
Aue,blackmoore,761,paladin,retribution,12,8,4
Holyreckonin,silvermoon,761,paladin,retribution,18,8,10
Vondarkmoor,magtheridon,761,paladin,retribution,18,8,10
Mámmon,arthas,761,paladin,retribution,24,8,16
Maxelx,doomhammer,760,paladin,retribution,12,8,4
Torczy,frostwhisper,760,paladin,retribution,12,8,4
Ilanyll,silvermoon,760,paladin,retribution,18,8,10
Tripani,twisting-nether,760,paladin,retribution,18,8,10
Käylä,silvermoon,760,paladin,retribution,18,8,10
Rivela,bloodhoof,758,paladin,retribution,18,8,10
Oheiligster,kult-der-verdammten,755,paladin,retribution,18,8,10
Purpleháze,drekthar,754,paladin,retribution,34,18,16
Grundgron,burning-legion,753,paladin,retribution,27,8,19
Luxor,sporeggar,752,paladin,retribution,27,14,13
Kreathor,eredar,752,paladin,retribution,21,9,12
Лонса,soulflayer,751,paladin,retribution,17,8,9
Choppychop,defias-brotherhood,751,paladin,retribution,24,8,16
Lawrence,deathwing,748,paladin,retribution,24,8,16
Ryüü,uldaman,748,paladin,retribution,42,13,29
Uriziel,the-shatar,742,paladin,retribution,24,9,15
Prelates,argent-dawn,736,paladin,retribution,16,8,8
Grayparser,silvermoon,735,paladin,retribution,14,9,5
Nollieflipx,tarren-mill,735,paladin,retribution,17,8,9
Helvirya,defias-brotherhood,735,paladin,retribution,224,94,130
Galodina,blackmoore,732,paladin,retribution,17,8,9
Ragnarauc,elune,720,paladin,retribution,15,8,7
Kelianna,drakthul,719,paladin,retribution,18,9,9
Ritoru,drekthar,719,paladin,retribution,17,8,9
Serawyn,twisting-nether,718,paladin,retribution,15,8,7
Депреседмодх,soulflayer,717,paladin,retribution,15,9,6
Unbreakable,eredar,717,paladin,retribution,15,8,7
Darkironpala,argent-dawn,717,paladin,retribution,21,8,13
Люфтер,gordunni,717,paladin,retribution,23,8,15
Áramor,blackmoore,716,paladin,retribution,17,8,9
Ilililì,silvermoon,704,paladin,retribution,16,8,8
Caps,the-venture-co,704,paladin,retribution,22,8,14
Aelthir,kazzak,703,paladin,retribution,11,8,3
Óoc,outland,703,paladin,retribution,11,8,3
Myxas,tarren-mill,702,paladin,retribution,14,8,6
Jobsu,defias-brotherhood,702,paladin,retribution,15,8,7
Ericpala,turalyon,702,paladin,retribution,17,8,9
Angelepetit,hyjal,701,paladin,retribution,16,8,8
Veliios,silvermoon,701,paladin,retribution,25,9,16
Marnaø,ysondre,700,paladin,retribution,20,8,12
Rafistor,khaz-modan,696,paladin,retribution,35,11,24
Milisha,the-maelstrom,696,paladin,retribution,32,8,24
Derbrècher,azshara,688,paladin,retribution,16,8,8
Sawier,ragnaros,688,paladin,retribution,19,8,11
Luveria,der-rat-von-dalaran,687,paladin,retribution,13,8,5
Gradepal,drakthul,687,paladin,retribution,19,8,11
Psykoosi,defias-brotherhood,680,paladin,retribution,23,9,14
Валендил,gordunni,672,paladin,retribution,12,7,5
Lìdspridaren,xavius,672,paladin,retribution,12,7,5
Arkhàn,ravencrest,672,paladin,retribution,12,7,5
Néméssisx,ravencrest,672,paladin,retribution,12,7,5
Лиривель,howling-fjord,672,paladin,retribution,12,7,5
Curt,sanguino,672,paladin,retribution,12,7,5
Ellünca,ravencrest,672,paladin,retribution,12,7,5
Deckardpain,shattered-hand,672,paladin,retribution,12,7,5
Yasuomid,sanguino,672,paladin,retribution,12,7,5
Fatherabdul,ravencrest,672,paladin,retribution,12,7,5
Noiwings,sanguino,672,paladin,retribution,12,7,5
Uriens,zuljin,672,paladin,retribution,12,7,5
Лантана,howling-fjord,672,paladin,retribution,12,7,5
Leónardo,kazzak,672,paladin,retribution,12,7,5
Pratiarch,kazzak,672,paladin,retribution,12,7,5
Juicyhammers,ragnaros,672,paladin,retribution,12,7,5
Шефлион,soulflayer,672,paladin,retribution,12,7,5
Matsuna,blackrock,672,paladin,retribution,12,7,5
Noskillxd,kragjin,672,paladin,retribution,12,7,5
Нефростинг,gordunni,672,paladin,retribution,12,7,5
Shjami,rexxar,672,paladin,retribution,12,7,5
Sismast,argent-dawn,672,paladin,retribution,12,7,5
Блудиз,howling-fjord,672,paladin,retribution,12,7,5
Ginka,blackrock,672,paladin,retribution,12,7,5
Vircy,outland,672,paladin,retribution,12,7,5
Amycus,zuljin,672,paladin,retribution,12,7,5
Rent,sylvanas,672,paladin,retribution,12,7,5
Даракар,deathguard,672,paladin,retribution,12,7,5
Ryuzu,khazgoroth,672,paladin,retribution,12,7,5
Mâlâk,dun-modr,672,paladin,retribution,12,7,5
Solanarion,burning-legion,672,paladin,retribution,12,7,5
Purrifire,sylvanas,672,paladin,retribution,12,7,5
Lighteousnes,blackmoore,672,paladin,retribution,12,7,5
Проверялка,thermaplugg,672,paladin,retribution,12,7,5
Punlac,draenor,672,paladin,retribution,12,7,5
Röcc,draenor,672,paladin,retribution,12,7,5
Sunblazer,draenor,672,paladin,retribution,12,7,5
Pallygân,thrall,672,paladin,retribution,12,7,5
Израф,borean-tundra,672,paladin,retribution,12,7,5
Ceca,lightnings-blade,672,paladin,retribution,12,7,5
Skycraft,kazzak,672,paladin,retribution,12,7,5
Kikipoti,ravenholdt,672,paladin,retribution,12,7,5
Neicha,trollbane,672,paladin,retribution,12,7,5
Nøradin,argent-dawn,672,paladin,retribution,12,7,5
Negash,archimonde,672,paladin,retribution,12,7,5
Veganbeefman,draenor,672,paladin,retribution,12,7,5
Xônia,sylvanas,672,paladin,retribution,12,7,5
Davè,blackmoore,672,paladin,retribution,12,7,5
Petsadin,ravencrest,672,paladin,retribution,12,7,5
Миллиционер,razuvious,672,paladin,retribution,12,7,5
Miriem,twisting-nether,672,paladin,retribution,12,7,5
Megadef,twisting-nether,672,paladin,retribution,12,7,5
Ilpreside,nemesis,672,paladin,retribution,12,7,5
Lightham,nemesis,672,paladin,retribution,12,7,5
Yuri,voljin,672,paladin,retribution,16,8,8
Holymolee,blackmoore,672,paladin,retribution,15,7,8
Waks,dalaran,672,paladin,retribution,18,7,11
Alersia,twisting-nether,672,paladin,retribution,18,7,11
Lïnea,aegwynn,672,paladin,retribution,18,7,11
Mawrâ,twisting-nether,672,paladin,retribution,18,7,11
Trýhærd,ragnaros,672,paladin,retribution,18,7,11
Arethos,twisting-nether,672,paladin,retribution,18,7,11
Nicklovsofia,silvermoon,672,paladin,retribution,18,7,11
Hännó,malganis,672,paladin,retribution,18,7,11
Norganpala,die-aldor,672,paladin,retribution,18,7,11
Ranelly,blackmoore,672,paladin,retribution,18,7,11
Melyntholdra,argent-dawn,672,paladin,retribution,18,7,11
Himboqueenxo,argent-dawn,672,paladin,retribution,18,7,11
Littlenight,emerald-dream,672,paladin,retribution,18,7,11
Oldsurehand,blackmoore,672,paladin,retribution,18,7,11
Frazyl,kilrogg,672,paladin,retribution,18,7,11
Calliopes,tarren-mill,672,paladin,retribution,18,7,11
Smackhammer,tarren-mill,672,paladin,retribution,18,7,11
Seekêr,tarren-mill,672,paladin,retribution,18,7,11
Kjobergen,tarren-mill,672,paladin,retribution,18,7,11
Атмта,razuvious,672,paladin,retribution,18,7,11
Tezmodian,antonidas,672,paladin,retribution,18,7,11
Мериатас,soulflayer,672,paladin,retribution,18,7,11
Blickyman,arathor,672,paladin,retribution,18,7,11
Бэкворд,soulflayer,672,paladin,retribution,18,7,11
Elyrax,nemesis,672,paladin,retribution,18,7,11
Pappnas,blackmoore,672,paladin,retribution,18,7,11
Palamauka,kazzak,672,paladin,retribution,18,7,11
Emíly,dun-morogh,672,paladin,retribution,18,7,11
Pìnkyy,draenor,672,paladin,retribution,18,7,11
Trixbunny,arathor,672,paladin,retribution,18,7,11
Arbuzno,draenor,672,paladin,retribution,18,7,11
Vonadams,ysondre,672,paladin,retribution,18,7,11
Holybubble,stormscale,672,paladin,retribution,18,7,11
Sharn,ravencrest,672,paladin,retribution,18,7,11
Títanîa,blackmoore,672,paladin,retribution,18,7,11
Lommeuld,auchindoun,672,paladin,retribution,18,7,11
Azapala,kazzak,672,paladin,retribution,18,7,11
Apocalypsé,twisting-nether,672,paladin,retribution,18,7,11
Scairtin,ravencrest,672,paladin,retribution,18,7,11
Matchstick,defias-brotherhood,672,paladin,retribution,18,7,11
Ritaora,aggramar,672,paladin,retribution,18,7,11
Алепос,gordunni,672,paladin,retribution,18,7,11
Destaen,kazzak,672,paladin,retribution,18,7,11
Drident,die-nachtwache,672,paladin,retribution,18,7,11
Arshiaa,ravencrest,672,paladin,retribution,21,8,13
Глаймис,gordunni,672,paladin,retribution,22,8,14
Chiriner,drakthul,672,paladin,retribution,21,7,14
Nôva,stormscale,672,paladin,retribution,23,7,16
Астта,fordragon,672,paladin,retribution,24,7,17
Ящеры,gordunni,672,paladin,retribution,24,7,17
Zerlat,twisting-nether,672,paladin,retribution,24,7,17
Lancelotas,defias-brotherhood,672,paladin,retribution,24,7,17
Yaloh,sylvanas,672,paladin,retribution,24,7,17
Boscho,argent-dawn,672,paladin,retribution,24,7,17
Manole,ravencrest,672,paladin,retribution,24,7,17
Cáranthír,draenor,672,paladin,retribution,24,7,17
ßlitzkrieg,blackmoore,672,paladin,retribution,24,7,17
Myrmidan,magtheridon,672,paladin,retribution,24,7,17
Ашилолпро,soulflayer,672,paladin,retribution,24,7,17
Nurix,dun-modr,672,paladin,retribution,24,7,17
Jaegeer,draenor,672,paladin,retribution,24,7,17
Aranael,nemesis,672,paladin,retribution,30,7,23
Zycqo,silvermoon,672,paladin,retribution,31,7,24
Gbejr,xavius,671,paladin,retribution,12,7,5
Timoxas,kazzak,671,paladin,retribution,12,7,5
Milkâ,burning-legion,671,paladin,retribution,12,7,5
Lanny,blackhand,671,paladin,retribution,12,7,5
Isotun,kazzak,671,paladin,retribution,12,7,5
Gindolon,blackhand,671,paladin,retribution,12,7,5
Enkir,sanguino,671,paladin,retribution,12,7,5
Liamisi,blackhand,671,paladin,retribution,12,7,5
Retzzo,ravencrest,671,paladin,retribution,12,7,5
Киэрсис,howling-fjord,671,paladin,retribution,12,7,5
Gavain,blackhand,671,paladin,retribution,12,7,5
Архемор,ashenvale,671,paladin,retribution,12,7,5
Zpock,archimonde,671,paladin,retribution,12,7,5
Sixqti,blackrock,671,paladin,retribution,12,7,5
Amatar,ravencrest,671,paladin,retribution,12,7,5
Wolfpala,drakthul,671,paladin,retribution,12,7,5
Раикерс,gordunni,671,paladin,retribution,12,7,5
Titoturixd,dun-modr,671,paladin,retribution,12,7,5
Baltyros,thrall,671,paladin,retribution,12,7,5
Sakred,hellscream,671,paladin,retribution,12,7,5
Bahamamama,ambossar,671,paladin,retribution,12,7,5
Selerin,draenor,671,paladin,retribution,12,7,5
Mýv,archimonde,671,paladin,retribution,12,7,5
Tharis,burning-legion,671,paladin,retribution,12,7,5
Odregon,draenor,671,paladin,retribution,12,7,5
Bronan,draenor,671,paladin,retribution,12,7,5
Ralfx,ragnaros,671,paladin,retribution,12,7,5
Kolts,ragnaros,671,paladin,retribution,12,7,5
Roskof,archimonde,671,paladin,retribution,12,7,5
Каншеом,gordunni,671,paladin,retribution,12,7,5
Granadir,doomhammer,671,paladin,retribution,12,7,5
Liliána,ragnaros,671,paladin,retribution,12,7,5
Ôrâ,archimonde,671,paladin,retribution,15,8,7
Тайела,gordunni,671,paladin,retribution,16,8,8
Тешеус,gordunni,671,paladin,retribution,17,7,10
Антитеррор,greymane,671,paladin,retribution,18,7,11
Альбусор,galakrond,671,paladin,retribution,18,7,11
Tunaonion,draenor,671,paladin,retribution,18,7,11
Alvíss,sanguino,671,paladin,retribution,18,7,11
Giglix,twisting-nether,671,paladin,retribution,18,7,11
Рогафайти,goldrinn,671,paladin,retribution,18,7,11
Disconnector,aegwynn,671,paladin,retribution,18,7,11
Sytrexxer,frostwolf,671,paladin,retribution,18,7,11
Кесару,goldrinn,671,paladin,retribution,18,7,11
Krullfar,ravencrest,671,paladin,retribution,18,7,11
Boaz,norgannon,671,paladin,retribution,18,7,11
Testovasara,ravencrest,671,paladin,retribution,18,7,11
Erethes,magtheridon,671,paladin,retribution,18,7,11
Adnachiel,blackhand,671,paladin,retribution,18,7,11
Qtek,draenor,671,paladin,retribution,18,7,11
Ardalìon,archimonde,671,paladin,retribution,18,7,11
Sheaps,les-sentinelles,671,paladin,retribution,18,7,11
Nézuko,frostwhisper,671,paladin,retribution,18,7,11
Konori,mannoroth,671,paladin,retribution,18,7,11
Laenira,nemesis,671,paladin,retribution,18,7,11
Eldrielle,culte-de-la-rive-noire,671,paladin,retribution,24,7,17
Öbedö,malganis,671,paladin,retribution,24,7,17
Paladson,burning-blade,671,paladin,retribution,24,7,17
Galath,drakthul,671,paladin,retribution,24,7,17
Zyklôn,antonidas,671,paladin,retribution,30,7,23
Onestone,wrathbringer,671,paladin,retribution,30,7,23
Retxmode,ravencrest,670,paladin,retribution,12,7,5
Edb,silvermoon,670,paladin,retribution,12,7,5
Bettemý,tarren-mill,670,paladin,retribution,12,7,5
Atrexie,lightbringer,670,paladin,retribution,12,7,5
Ahreesh,blackrock,670,paladin,retribution,18,7,11
Perícles,the-maelstrom,670,paladin,retribution,18,7,11
Prótpál,the-maelstrom,670,paladin,retribution,18,7,11
Mjoky,the-maelstrom,670,paladin,retribution,18,7,11
Judgearnold,kul-tiras,670,paladin,retribution,18,7,11
Thandoro,amanthul,670,paladin,retribution,18,7,11
Babajõ,twisting-nether,669,paladin,retribution,12,7,5
Solarouz,draenor,669,paladin,retribution,12,7,5
Øybiornz,stormscale,669,paladin,retribution,12,7,5
Gredain,argent-dawn,669,paladin,retribution,12,7,5
Zvirblis,chamber-of-aspects,669,paladin,retribution,15,8,7
Baymanda,tarren-mill,669,paladin,retribution,18,7,11
Rangorian,defias-brotherhood,669,paladin,retribution,24,7,17
Гёрди,fordragon,668,paladin,retribution,13,7,6
Эррор,azuregos,668,paladin,retribution,18,7,11
Konst,argent-dawn,667,paladin,retribution,12,7,5
Stêx,anubarak,667,paladin,retribution,12,7,5
Shennzo,wildhammer,667,paladin,retribution,12,7,5
Tobebryant,eonar,667,paladin,retribution,12,7,5
Megara,bronze-dragonflight,667,paladin,retribution,12,7,5
Willmasmashn,blackmoore,667,paladin,retribution,18,7,11
Bubbelish,doomhammer,667,paladin,retribution,18,7,11
Cúraga,ravencrest,667,paladin,retribution,24,7,17
Bedrock,kirin-tor,666,paladin,retribution,12,7,5
Rocaviva,sanguino,666,paladin,retribution,12,7,5
Ксинем,howling-fjord,666,paladin,retribution,16,8,8
Шелволк,eversong,665,paladin,retribution,18,7,11
Pallido,exodar,664,paladin,retribution,12,7,5
Trondalohr,ambossar,664,paladin,retribution,12,7,5
Zealotic,doomhammer,664,paladin,retribution,12,7,5
Chikaz,archimonde,664,paladin,retribution,20,10,10
Halimox,terokkar,664,paladin,retribution,18,7,11
Blinklys,ragnaros,664,paladin,retribution,18,7,11
Purpledurple,twisting-nether,663,paladin,retribution,18,7,11
Nhum,destromath,663,paladin,retribution,18,7,11
Роклэс,gordunni,662,paladin,retribution,12,7,5
Ruffus,magtheridon,662,paladin,retribution,12,7,5
Sarinise,draenor,662,paladin,retribution,12,7,5
Thebøss,blackmoore,662,paladin,retribution,18,7,11
Mechoka,auchindoun,661,paladin,retribution,13,7,6
Belzed,draenor,660,paladin,retribution,15,8,7
Келлен,gordunni,660,paladin,retribution,18,7,11
Azherok,archimonde,658,paladin,retribution,12,7,5
Сашок,gordunni,657,paladin,retribution,12,7,5
Ядб,gordunni,655,paladin,retribution,18,7,11
Bogrács,silvermoon,655,paladin,retribution,23,7,16
Demool,the-maelstrom,654,paladin,retribution,17,7,10
Sindur,perenolde,651,paladin,retribution,18,7,11
Bebcho,turalyon,646,paladin,retribution,27,9,18
Alë,sanguino,639,paladin,retribution,11,7,4
Keele,stormscale,639,paladin,retribution,17,7,10
Breezpal,twisting-nether,639,paladin,retribution,17,7,10
Rîex,alleria,639,paladin,retribution,26,8,18
Trístesse,tarren-mill,639,paladin,retribution,23,7,16
Arear,kazzak,624,paladin,retribution,15,8,7
Samànta,nemesis,623,paladin,retribution,11,7,4
Gwynbleyd,twisting-nether,622,paladin,retribution,11,7,4
Маефис,gordunni,622,paladin,retribution,24,8,16
Iñgkara,tarren-mill,622,paladin,retribution,23,7,16
Nybrash,sanguino,620,paladin,retribution,15,7,8
Séphiran,hyjal,618,paladin,retribution,15,9,6
Goofyaf,ravencrest,618,paladin,retribution,16,9,7
Скадих,soulflayer,618,paladin,retribution,22,8,14
Hurrier,outland,617,paladin,retribution,21,8,13
Pelbo,ravencrest,617,paladin,retribution,21,8,13
Mariaremarc,silvermoon,617,paladin,retribution,25,8,17
Авереон,gordunni,617,paladin,retribution,29,8,21
Ренегадер,thermaplugg,615,paladin,retribution,12,8,4
Shrelia,eredar,615,paladin,retribution,21,9,12
Retriot,silvermoon,607,paladin,retribution,14,7,7
Leouric,argent-dawn,607,paladin,retribution,20,7,13
Lightswrath,thunderhorn,606,paladin,retribution,12,7,5
Farriborz,silvermoon,606,paladin,retribution,14,7,7
Амнон,goldrinn,591,paladin,retribution,23,8,15
Алланор,fordragon,584,paladin,retribution,13,8,5
Classicheroo,stormscale,576,paladin,retribution,6,6,0
Twomog,ravencrest,576,paladin,retribution,6,6,0
Бигшор,soulflayer,576,paladin,retribution,6,6,0
Zatoxi,frostmane,576,paladin,retribution,6,6,0
Venepal,eredar,576,paladin,retribution,6,6,0
Модрес,soulflayer,576,paladin,retribution,6,6,0
Starkgaryen,dun-modr,576,paladin,retribution,6,6,0
Cycodin,garrosh,576,paladin,retribution,12,6,6
Tuplavv,dunemaul,576,paladin,retribution,12,6,6
Elrondyl,magtheridon,576,paladin,retribution,12,6,6
Таймкил,gordunni,576,paladin,retribution,12,6,6
Ôrus,minahonda,576,paladin,retribution,12,6,6
Иомос,soulflayer,576,paladin,retribution,12,6,6
Ineffable,dun-modr,576,paladin,retribution,12,6,6
Gabrîel,sanguino,576,paladin,retribution,12,6,6
Ibanez,lightnings-blade,576,paladin,retribution,12,6,6
Baldrheim,culte-de-la-rive-noire,576,paladin,retribution,12,6,6
Raceper,the-maelstrom,576,paladin,retribution,12,6,6
Упругийтуз,gordunni,576,paladin,retribution,12,6,6
Grzegzolnik,twisting-nether,576,paladin,retribution,12,6,6
Layonpants,twisting-nether,576,paladin,retribution,12,6,6
Rothus,bronze-dragonflight,576,paladin,retribution,12,6,6
Akcope,thunderhorn,576,paladin,retribution,12,6,6
Drdax,wildhammer,576,paladin,retribution,12,6,6
Mekluba,twisting-nether,576,paladin,retribution,12,6,6
Argeltal,auchindoun,576,paladin,retribution,12,6,6
Athoman,nagrand,576,paladin,retribution,12,6,6
Mingyao,sanguino,576,paladin,retribution,12,6,6
Éllé,der-rat-von-dalaran,576,paladin,retribution,12,6,6
Локопоезд,greymane,576,paladin,retribution,12,6,6
Стифаний,booty-bay,576,paladin,retribution,12,6,6
Escanør,anetheron,576,paladin,retribution,12,6,6
Cildan,talnivarr,576,paladin,retribution,12,6,6
Vysavo,draenor,576,paladin,retribution,12,6,6
Elendíl,azjolnerub,576,paladin,retribution,12,6,6
Aldio,pozzo-delleternità,576,paladin,retribution,12,6,6
Miscodepala,twisting-nether,576,paladin,retribution,12,6,6
Eletha,senjin,576,paladin,retribution,12,6,6
Ashery,elune,576,paladin,retribution,12,6,6
Vuutnëx,twisting-nether,576,paladin,retribution,12,6,6
Stève,ravencrest,576,paladin,retribution,12,6,6
Yurinovsky,aggra-português,576,paladin,retribution,12,6,6
Диджейнобабл,howling-fjord,576,paladin,retribution,12,6,6
Plainrage,blackrock,576,paladin,retribution,12,6,6
Daizen,blackrock,576,paladin,retribution,12,6,6
Erthelios,silvermoon,576,paladin,retribution,12,6,6
Xanesha,archimonde,576,paladin,retribution,12,6,6
Moossolin,tarren-mill,576,paladin,retribution,12,6,6
Pallachyrk,kazzak,576,paladin,retribution,12,6,6
Raleknrnr,hyjal,576,paladin,retribution,12,6,6
Keineshoe,argent-dawn,576,paladin,retribution,12,6,6
Керантий,gordunni,576,paladin,retribution,12,6,6
Téralus,ravencrest,576,paladin,retribution,12,6,6
Luciter,silvermoon,576,paladin,retribution,12,6,6
Shailwo,ysondre,576,paladin,retribution,12,6,6
Matuth,arthas,576,paladin,retribution,12,6,6
Sämaelia,ysondre,576,paladin,retribution,12,6,6
Blubbajoe,blackmoore,576,paladin,retribution,12,6,6
Бордюрчег,howling-fjord,576,paladin,retribution,12,6,6
Lbj,eredar,576,paladin,retribution,12,6,6
Glorfindel,tarren-mill,576,paladin,retribution,12,6,6
Retqt,eredar,576,paladin,retribution,12,6,6
Скварлетх,howling-fjord,576,paladin,retribution,12,6,6
Kjellus,tarren-mill,576,paladin,retribution,12,6,6
Divineovic,ravencrest,576,paladin,retribution,12,6,6
Kamaska,antonidas,576,paladin,retribution,12,6,6
Bigdaddypump,ravencrest,576,paladin,retribution,12,6,6
Pabló,azshara,576,paladin,retribution,12,6,6
Бляля,gordunni,576,paladin,retribution,12,6,6
Seothor,argent-dawn,576,paladin,retribution,12,6,6
Arilend,grim-batol,576,paladin,retribution,12,6,6
Vnti,outland,576,paladin,retribution,12,6,6
Drekio,blackrock,576,paladin,retribution,12,6,6
Greko,ysera,576,paladin,retribution,12,6,6
Tharduk,outland,576,paladin,retribution,12,6,6
Lévrone,alexstrasza,576,paladin,retribution,12,6,6
Milner,stormreaver,576,paladin,retribution,12,6,6
Lightmyst,outland,576,paladin,retribution,12,6,6
Wingdude,ysera,576,paladin,retribution,12,6,6
Waaynejudgeu,blackhand,576,paladin,retribution,12,6,6
Pöm,khaz-modan,576,paladin,retribution,12,6,6
Notnerb,outland,576,paladin,retribution,12,6,6
Palamanyaka,kazzak,576,paladin,retribution,12,6,6
Paliax,outland,576,paladin,retribution,12,6,6
Qotro,ravencrest,576,paladin,retribution,12,6,6
Snowife,drakthul,576,paladin,retribution,12,6,6
Reyhann,ravencrest,576,paladin,retribution,12,6,6
Госпелька,blackscar,576,paladin,retribution,12,6,6
Nesquikudder,kazzak,576,paladin,retribution,12,6,6
Blindhoj,ravencrest,576,paladin,retribution,12,6,6
Holyjugs,outland,576,paladin,retribution,12,6,6
Crusxder,kazzak,576,paladin,retribution,12,6,6
Noforgivenes,kazzak,576,paladin,retribution,12,6,6
Азов,thermaplugg,576,paladin,retribution,12,6,6
Mouncake,archimonde,576,paladin,retribution,12,6,6
Mansoureagle,kazzak,576,paladin,retribution,12,6,6
Плётка,howling-fjord,576,paladin,retribution,12,6,6
Teahero,doomhammer,576,paladin,retribution,12,6,6
Sienna,kazzak,576,paladin,retribution,12,6,6
Armion,stormscale,576,paladin,retribution,12,6,6
Stankow,kazzak,576,paladin,retribution,12,6,6
Texxi,blackrock,576,paladin,retribution,12,6,6
Ultimatix,stormscale,576,paladin,retribution,12,6,6
Aalbringer,blackmoore,576,paladin,retribution,12,6,6
Ærîo,dalaran,576,paladin,retribution,12,6,6
Nanduil,stormscale,576,paladin,retribution,12,6,6
Søulréaper,stormscale,576,paladin,retribution,12,6,6
Emlo,thrall,576,paladin,retribution,12,6,6
Askmy,stormscale,576,paladin,retribution,12,6,6
Tereth,kazzak,576,paladin,retribution,12,6,6
Holycowe,kazzak,576,paladin,retribution,12,6,6
Asfen,archimonde,576,paladin,retribution,12,6,6
Quasarxx,ravencrest,576,paladin,retribution,12,6,6
Melverti,kazzak,576,paladin,retribution,12,6,6
Aimee,draenor,576,paladin,retribution,16,7,9
Hammertom,stormscale,576,paladin,retribution,16,7,9
Кольт,borean-tundra,576,paladin,retribution,16,6,10
Mooderna,ravencrest,576,paladin,retribution,18,6,12
Mâêdhrøsx,ravencrest,576,paladin,retribution,18,6,12
Ironkra,stormscale,576,paladin,retribution,18,6,12
Esebenjamin,dun-modr,576,paladin,retribution,18,6,12
Lowsonzretri,doomhammer,576,paladin,retribution,18,6,12
Saht,silvermoon,576,paladin,retribution,18,6,12
Korneta,sanguino,576,paladin,retribution,18,6,12
Mathrixo,silvermoon,576,paladin,retribution,18,6,12
Dunklerzwerg,the-maelstrom,576,paladin,retribution,18,6,12
Вартэгпал,blackscar,576,paladin,retribution,18,6,12
Byczorek,turalyon,576,paladin,retribution,18,6,12
Gunpowderx,silvermoon,576,paladin,retribution,18,6,12
Vazayo,ravencrest,576,paladin,retribution,18,6,12
Kelduril,draenor,576,paladin,retribution,18,6,12
Анфлераж,gordunni,576,paladin,retribution,18,6,12
Phannelle,ysondre,576,paladin,retribution,18,6,12
Bigfatpig,ravencrest,576,paladin,retribution,18,6,12
Bothways,stormscale,576,paladin,retribution,18,6,12
Zala,culte-de-la-rive-noire,576,paladin,retribution,18,6,12
Thickets,argent-dawn,576,paladin,retribution,18,6,12
Brinkz,argent-dawn,576,paladin,retribution,18,6,12
Îshybî,archimonde,576,paladin,retribution,18,6,12
Goatmode,echsenkessel,576,paladin,retribution,18,6,12
Генатрамбон,howling-fjord,576,paladin,retribution,18,6,12
Meldø,drakthul,576,paladin,retribution,18,6,12
Mipendz,draenor,576,paladin,retribution,18,6,12
Topoholy,tarren-mill,576,paladin,retribution,18,6,12
Exfire,daggerspine,576,paladin,retribution,18,6,12
Teebxu,outland,576,paladin,retribution,18,6,12
Czachadymii,defias-brotherhood,576,paladin,retribution,18,6,12
Illythia,anachronos,576,paladin,retribution,18,6,12
Dobbygotsock,kazzak,576,paladin,retribution,18,6,12
Mylilholy,twisting-nether,576,paladin,retribution,24,6,18
Badtrip,bloodscalp,576,paladin,retribution,24,6,18
Actionjack,area-52,576,paladin,retribution,24,6,18
Vokesh,silvermoon,576,paladin,retribution,24,6,18
Huevo,frostmane,576,paladin,retribution,24,6,18
Ethurospal,tarren-mill,576,paladin,retribution,24,6,18
Lôrelei,blackrock,576,paladin,retribution,24,6,18
Berethas,darksorrow,575,paladin,retribution,6,6,0
Greatme,frostmane,575,paladin,retribution,12,6,6
Blazix,kazzak,575,paladin,retribution,12,6,6
Monchéri,stormscale,575,paladin,retribution,12,6,6
Vymer,ravencrest,575,paladin,retribution,12,6,6
Mustaach,grim-batol,575,paladin,retribution,12,6,6
Nishe,earthen-ring,575,paladin,retribution,12,6,6
Ustnivkusni,kazzak,575,paladin,retribution,12,6,6
Bcrp,ragnaros,575,paladin,retribution,12,6,6
Phillipe,illidan,575,paladin,retribution,12,6,6
Kendomendo,ravencrest,575,paladin,retribution,12,6,6
Тамплиир,gordunni,575,paladin,retribution,12,6,6
Faventu,ragnaros,575,paladin,retribution,12,6,6
Vandorin,dun-morogh,575,paladin,retribution,12,6,6
Tehdark,outland,575,paladin,retribution,12,6,6
Labadin,darkspear,575,paladin,retribution,12,6,6
Ysunna,magtheridon,575,paladin,retribution,12,6,6
Rohb,blackmoore,575,paladin,retribution,12,6,6
Poutoux,archimonde,575,paladin,retribution,12,6,6
Antón,dun-modr,575,paladin,retribution,12,6,6
Sæsh,die-aldor,575,paladin,retribution,12,6,6
Ньюзеропал,howling-fjord,575,paladin,retribution,12,6,6
Kishijoten,archimonde,575,paladin,retribution,12,6,6
Luxeliel,zuljin,575,paladin,retribution,12,6,6
Eyebluee,tarren-mill,575,paladin,retribution,12,6,6
Helson,draenor,575,paladin,retribution,12,6,6
Йенфира,gordunni,575,paladin,retribution,12,6,6
Mbp,blackmoore,575,paladin,retribution,12,6,6
Protson,burning-legion,575,paladin,retribution,12,6,6
Holycide,twisting-nether,575,paladin,retribution,12,6,6
Hylion,kirin-tor,575,paladin,retribution,12,6,6
Eldivin,hyjal,575,paladin,retribution,12,6,6
Skieras,draenor,575,paladin,retribution,12,6,6
Pewpews,twisting-nether,575,paladin,retribution,12,6,6
Kimberveils,blackrock,575,paladin,retribution,12,6,6
Ráikou,sylvanas,575,paladin,retribution,12,6,6
Celsia,blackrock,575,paladin,retribution,12,6,6
Retornot,silvermoon,575,paladin,retribution,12,6,6
Oûtplâyêd,blackmoore,575,paladin,retribution,12,6,6
Andrõs,argent-dawn,575,paladin,retribution,15,7,8
Szuberto,silvermoon,575,paladin,retribution,18,6,12
Solcustos,tarren-mill,575,paladin,retribution,18,6,12
Alcadeias,nefarian,575,paladin,retribution,18,6,12
Edathar,argent-dawn,575,paladin,retribution,24,6,18
Roxian,burning-blade,574,paladin,retribution,12,6,6
Mormazor,outland,574,paladin,retribution,12,6,6
Dönki,hyjal,574,paladin,retribution,12,6,6
Легионор,galakrond,574,paladin,retribution,12,6,6
Goouse,marécage-de-zangar,574,paladin,retribution,12,6,6
Babarush,nozdormu,574,paladin,retribution,18,6,12
Humaladi,draenor,574,paladin,retribution,18,6,12
Gatsßy,archimonde,574,paladin,retribution,18,6,12
Benø,malganis,574,paladin,retribution,18,6,12
Draarks,archimonde,573,paladin,retribution,12,6,6
Baddibubble,argent-dawn,573,paladin,retribution,12,6,6
Windîr,draenor,573,paladin,retribution,18,6,12
Moriex,drakthul,573,paladin,retribution,24,6,18
Chidorengan,burning-legion,572,paladin,retribution,12,6,6
Beefix,blackmoore,572,paladin,retribution,12,6,6
Fatique,twisting-nether,572,paladin,retribution,12,6,6
Renalex,ravencrest,572,paladin,retribution,12,6,6
Авроравайт,gordunni,571,paladin,retribution,12,6,6
Taomeba,runetotem,571,paladin,retribution,12,6,6
Boaka,outland,571,paladin,retribution,18,6,12
Hrubo,drakthul,570,paladin,retribution,12,6,6
Elannor,sylvanas,569,paladin,retribution,12,6,6
Nicgr,nemesis,566,paladin,retribution,12,6,6
Vengryn,turalyon,566,paladin,retribution,37,8,29
Årés,sanguino,565,paladin,retribution,12,6,6
Shendis,uldaman,565,paladin,retribution,12,6,6
Севенола,galakrond,565,paladin,retribution,18,6,12
Нероблр,gordunni,560,paladin,retribution,19,7,12
Иусто,howling-fjord,559,paladin,retribution,17,6,11
Ràwx,twisting-nether,559,paladin,retribution,23,6,17
Tavyy,sylvanas,551,paladin,retribution,15,9,6
Ковбаскаа,gordunni,543,paladin,retribution,14,7,7
Ретроградий,howling-fjord,543,paladin,retribution,16,6,10
Goatti,lightnings-blade,543,paladin,retribution,17,6,11
Wlåð,archimonde,543,paladin,retribution,17,6,11
Darkliight,kazzak,542,paladin,retribution,14,7,7
Yornoc,argent-dawn,528,paladin,retribution,15,6,9
Kurasame,eredar,527,paladin,retribution,11,6,5
Optì,eredar,527,paladin,retribution,11,6,5
Ichimaru,burning-legion,527,paladin,retribution,11,6,5
Mozg,silvermoon,527,paladin,retribution,17,6,11
Abellá,silvermoon,527,paladin,retribution,23,6,17
Plsdøntusemd,ravencrest,522,paladin,retribution,17,8,9
Митахо,gordunni,522,paladin,retribution,21,7,14
Окилан,gordunni,522,paladin,retribution,21,7,14
Тошши,soulflayer,522,paladin,retribution,28,8,20
Uriel,scarshield-legion,520,paladin,retribution,16,8,8
Råckamoo,emerald-dream,512,paladin,retribution,22,6,16
Vell,bronze-dragonflight,511,paladin,retribution,11,6,5
Babypic,ambossar,511,paladin,retribution,14,6,8
Faldrinx,hyjal,511,paladin,retribution,14,6,8
Hajzlbaba,outland,511,paladin,retribution,14,6,8
Негропаладин,soulflayer,510,paladin,retribution,14,6,8
Hanterus,antonidas,507,paladin,retribution,14,6,8
Rockymarcian,hyjal,506,paladin,retribution,16,6,10
Briggybomb,outland,506,paladin,retribution,19,7,12
Prínce,earthen-ring,495,paladin,retribution,13,6,7
Markomir,frostmourne,495,paladin,retribution,13,6,7
Sabríel,ragnaros,480,paladin,retribution,6,5,1
Feaná,silvermoon,480,paladin,retribution,6,5,1
Neldöwn,dalaran,480,paladin,retribution,6,5,1
Antajesús,thrall,480,paladin,retribution,6,5,1
Salladín,stormscale,480,paladin,retribution,6,5,1
Henklord,jaedenar,480,paladin,retribution,6,5,1
Nurti,kazzak,480,paladin,retribution,6,5,1
Voycetwo,frostwolf,480,paladin,retribution,6,5,1
Demecir,twisting-nether,480,paladin,retribution,6,5,1
Rmpzeroskill,argent-dawn,480,paladin,retribution,6,5,1
Elastuc,silvermoon,480,paladin,retribution,6,5,1
Violetex,blackmoore,480,paladin,retribution,6,5,1
Римидал,howling-fjord,480,paladin,retribution,6,5,1
Rallerexi,silvermoon,480,paladin,retribution,6,5,1
Unholybeefs,draenor,480,paladin,retribution,6,5,1
Percocetx,tarren-mill,480,paladin,retribution,6,5,1
Tryggt,the-shatar,480,paladin,retribution,6,5,1
Yezitzme,blackrock,480,paladin,retribution,6,5,1
Decive,outland,480,paladin,retribution,6,5,1
Daj,draenor,480,paladin,retribution,6,5,1
Mclovinn,hyjal,480,paladin,retribution,6,5,1
Palapix,tarren-mill,480,paladin,retribution,6,5,1
Chocodin,drakthul,480,paladin,retribution,6,5,1
Тенькопыт,howling-fjord,480,paladin,retribution,6,5,1
Daminika,das-syndikat,480,paladin,retribution,6,5,1
Zïons,hyjal,480,paladin,retribution,6,5,1
Licht,sanguino,480,paladin,retribution,6,5,1
Holyfatherr,draenor,480,paladin,retribution,6,5,1
Paradok,thrall,480,paladin,retribution,6,5,1
Taurantes,garona,480,paladin,retribution,6,5,1
Röland,sanguino,480,paladin,retribution,6,5,1
Vardin,sanguino,480,paladin,retribution,6,5,1
Melvòó,blackrock,480,paladin,retribution,9,6,3
Ryanretnolds,stormscale,480,paladin,retribution,10,6,4
Pigma,outland,480,paladin,retribution,13,7,6
Sweetkick,archimonde,480,paladin,retribution,12,5,7
Himèji,pozzo-delleternità,480,paladin,retribution,12,5,7
Yournoboddy,turalyon,480,paladin,retribution,12,5,7
Shanderhilo,pozzo-delleternità,480,paladin,retribution,12,5,7
Lyan,archimonde,480,paladin,retribution,12,5,7
Свётаякорова,thermaplugg,480,paladin,retribution,12,5,7
Sìlver,conseil-des-ombres,480,paladin,retribution,12,5,7
Ênma,archimonde,480,paladin,retribution,12,5,7
Гниленький,razuvious,480,paladin,retribution,12,5,7
Valunajhnwar,azuremyst,480,paladin,retribution,12,5,7
Хам,razuvious,480,paladin,retribution,12,5,7
Milenia,nemesis,480,paladin,retribution,12,5,7
Kaähz,archimonde,480,paladin,retribution,12,5,7
Lyliananl,argent-dawn,480,paladin,retribution,12,5,7
Fannypoo,sylvanas,480,paladin,retribution,12,5,7
Blazkowicz,twisting-nether,480,paladin,retribution,12,5,7
Necadin,ravencrest,480,paladin,retribution,12,5,7
Morsadin,burning-legion,480,paladin,retribution,12,5,7
Trixiee,twisting-nether,480,paladin,retribution,12,5,7
Ашурыч,gordunni,480,paladin,retribution,12,5,7
Chillmachine,stormscale,480,paladin,retribution,12,5,7
Truman,draenor,480,paladin,retribution,12,5,7
Gambá,stormscale,480,paladin,retribution,12,5,7
Arator,terenas,480,paladin,retribution,12,5,7
Quelly,das-syndikat,480,paladin,retribution,12,5,7
Сладупся,gordunni,480,paladin,retribution,12,5,7
Ksama,ysondre,480,paladin,retribution,12,5,7
Syjinora,teldrassil,480,paladin,retribution,12,5,7
Darnito,blackmoore,480,paladin,retribution,12,5,7
Hifyve,kazzak,480,paladin,retribution,12,5,7
Dêstî,silvermoon,480,paladin,retribution,12,5,7
Ichessepopel,blackrock,480,paladin,retribution,12,5,7
Рукибудды,soulflayer,480,paladin,retribution,12,5,7
Retdemption,ravencrest,480,paladin,retribution,12,5,7
Swapxyr,aegwynn,480,paladin,retribution,12,5,7
Yuvile,destromath,480,paladin,retribution,12,5,7
Valonforth,magtheridon,480,paladin,retribution,12,5,7
Kylaz,die-ewige-wacht,480,paladin,retribution,12,5,7
Bacilla,archimonde,480,paladin,retribution,12,5,7
Clubpaladin,kazzak,480,paladin,retribution,12,5,7
Пашштет,gordunni,480,paladin,retribution,12,5,7
Célésté,ravencrest,480,paladin,retribution,12,5,7
Danrock,ravencrest,480,paladin,retribution,12,5,7
Zethhx,stormscale,480,paladin,retribution,12,5,7
Бортовский,ashenvale,480,paladin,retribution,12,5,7
Equityy,burning-legion,480,paladin,retribution,12,5,7
Prâtox,blackmoore,480,paladin,retribution,12,5,7
Retzrik,kazzak,480,paladin,retribution,12,5,7
Froxies,drakthul,480,paladin,retribution,12,5,7
Эрогот,gordunni,480,paladin,retribution,12,5,7
Whuarro,cthun,480,paladin,retribution,12,5,7
Holysznajt,burning-legion,480,paladin,retribution,12,5,7
Crupth,outland,480,paladin,retribution,12,5,7
Cêa,blackrock,480,paladin,retribution,12,5,7
Ðesolace,twisting-nether,480,paladin,retribution,12,5,7
Takálus,eredar,480,paladin,retribution,12,5,7
Malakbel,ragnaros,480,paladin,retribution,12,5,7
Petrzajonc,outland,480,paladin,retribution,12,5,7
Holycowqt,eredar,480,paladin,retribution,12,5,7
Скидульф,blackscar,480,paladin,retribution,12,5,7
Palladia,rexxar,480,paladin,retribution,12,5,7
Биллирэй,gordunni,480,paladin,retribution,12,5,7
Ëhra,hyjal,480,paladin,retribution,12,5,7
Pawlouf,hyjal,480,paladin,retribution,12,5,7
Fotmfactory,stormscale,480,paladin,retribution,12,5,7
Deathseekerv,saurfang,480,paladin,retribution,12,5,7
Zaopink,blackhand,480,paladin,retribution,12,5,7
Cølalight,aegwynn,480,paladin,retribution,12,5,7
Adalric,silvermoon,480,paladin,retribution,12,5,7
Pianiste,sinstralis,480,paladin,retribution,12,5,7
Schukow,blackhand,480,paladin,retribution,12,5,7
Greckoe,blackhand,480,paladin,retribution,12,5,7
Karatus,ravencrest,480,paladin,retribution,12,5,7
Fotoniy,kazzak,480,paladin,retribution,12,5,7
Emloses,outland,480,paladin,retribution,12,5,7
Palá,dun-modr,480,paladin,retribution,12,5,7
Alus,blackmoore,480,paladin,retribution,12,5,7
Arakir,ragnaros,480,paladin,retribution,12,5,7
Боремир,borean-tundra,480,paladin,retribution,12,5,7
Mecah,hyjal,480,paladin,retribution,12,5,7
Bormann,burning-legion,480,paladin,retribution,12,5,7
Palacetámol,gorgonnash,480,paladin,retribution,12,5,7
Bopstar,tarren-mill,480,paladin,retribution,12,5,7
Ньюфи,deathguard,480,paladin,retribution,12,5,7
Instaraid,blackmoore,480,paladin,retribution,12,5,7
Måxrajoy,dun-modr,480,paladin,retribution,12,5,7
Cameron,taerar,480,paladin,retribution,12,5,7
Kewell,dun-modr,480,paladin,retribution,12,5,7
Onishu,blackhand,480,paladin,retribution,12,5,7
Timias,silvermoon,480,paladin,retribution,12,5,7
Mikalia,aegwynn,480,paladin,retribution,12,5,7
Нойззмс,gordunni,480,paladin,retribution,12,5,7
Roflemente,bladefist,480,paladin,retribution,12,5,7
Docoùla,twisting-nether,480,paladin,retribution,12,5,7
Danaklies,dragonblight,480,paladin,retribution,12,5,7
Eisenbiaga,blackmoore,480,paladin,retribution,12,5,7
Morggann,drakthul,480,paladin,retribution,12,5,7
Bascelik,outland,480,paladin,retribution,12,5,7
Palafrugell,sanguino,480,paladin,retribution,12,5,7
Angelynor,ysondre,480,paladin,retribution,12,5,7
Poporfour,archimonde,480,paladin,retribution,12,5,7
Harakiri,kargath,480,paladin,retribution,12,5,7
Vaalé,aegwynn,480,paladin,retribution,12,5,7
Enviniv,tarren-mill,480,paladin,retribution,12,5,7
Evohammer,silvermoon,480,paladin,retribution,12,5,7
Pompée,dalaran,480,paladin,retribution,12,5,7
Blokeedaro,sanguino,480,paladin,retribution,12,5,7
Scoobywooby,sanguino,480,paladin,retribution,12,5,7
Pallajalla,the-maelstrom,480,paladin,retribution,12,5,7
Bassutei,outland,480,paladin,retribution,12,5,7
Холивеник,gordunni,480,paladin,retribution,12,5,7
Skølir,rashgarroth,480,paladin,retribution,12,5,7
Тевеон,gordunni,480,paladin,retribution,12,5,7
Mozaiczny,burning-legion,480,paladin,retribution,12,5,7
Panzerberg,blackrock,480,paladin,retribution,12,5,7
Héphäistos,silvermoon,480,paladin,retribution,12,5,7
Роллерблэйд,gordunni,480,paladin,retribution,12,5,7
Meriween,ravencrest,480,paladin,retribution,12,5,7
Prd,grim-batol,480,paladin,retribution,12,5,7
Víii,outland,480,paladin,retribution,15,6,9
Immortality,outland,480,paladin,retribution,15,6,9
Aresian,burning-legion,480,paladin,retribution,13,5,8
Npkk,outland,480,paladin,retribution,16,5,11
Juicycheeks,frostwolf,480,paladin,retribution,18,5,13
Retisfine,silvermoon,480,paladin,retribution,18,5,13
Destroyér,blackmoore,480,paladin,retribution,18,5,13
Мэркес,fordragon,480,paladin,retribution,18,5,13
Valarïs,outland,480,paladin,retribution,18,5,13
Nalaea,arathor,480,paladin,retribution,18,5,13
Копранесса,soulflayer,480,paladin,retribution,18,5,13
Fatalism,draenor,480,paladin,retribution,18,5,13
Ijego,silvermoon,480,paladin,retribution,18,5,13
Cøctab,kirin-tor,480,paladin,retribution,18,5,13
Авараан,galakrond,480,paladin,retribution,18,5,13
Boyard,silvermoon,480,paladin,retribution,18,5,13
Cøygonne,archimonde,480,paladin,retribution,18,5,13
Xiuya,dun-modr,480,paladin,retribution,18,5,13
Ramhal,stormscale,480,paladin,retribution,18,5,13
Ashbi,dun-modr,480,paladin,retribution,18,5,13
Хэймердингер,howling-fjord,480,paladin,retribution,18,5,13
Shassera,ravencrest,480,paladin,retribution,18,5,13
Зеппели,gordunni,480,paladin,retribution,18,5,13
Холигор,deathguard,480,paladin,retribution,18,5,13
Bumboombeem,stormscale,480,paladin,retribution,18,5,13
Âgreë,frostwhisper,480,paladin,retribution,18,5,13
Ywrow,burning-blade,480,paladin,retribution,18,5,13
Strätholme,drakthul,480,paladin,retribution,18,5,13
Powericius,drakthul,480,paladin,retribution,18,5,13
Notingvar,doomhammer,480,paladin,retribution,18,5,13
Øsgar,dun-modr,480,paladin,retribution,19,5,14
Cadearas,antonidas,480,paladin,retribution,24,5,19
Exobyte,stormscale,480,paladin,retribution,24,5,19
Korgant,burning-legion,480,paladin,retribution,30,5,25
Nosliw,frostwolf,479,paladin,retribution,6,5,1
Phlek,drakthul,479,paladin,retribution,6,5,1
Lightsblood,outland,479,paladin,retribution,12,5,7
Dayr,sylvanas,479,paladin,retribution,12,5,7
Aryza,hellfire,479,paladin,retribution,12,5,7
Даркхолмь,howling-fjord,479,paladin,retribution,12,5,7
Missti,azjolnerub,479,paladin,retribution,12,5,7
Rettarded,draenor,479,paladin,retribution,12,5,7
Bakasnoop,hyjal,479,paladin,retribution,12,5,7
Gaab,aggra-português,479,paladin,retribution,12,5,7
Brammers,doomhammer,479,paladin,retribution,12,5,7
Sorâ,archimonde,479,paladin,retribution,12,5,7
Сасмен,blackscar,479,paladin,retribution,12,5,7
Майнстер,gordunni,479,paladin,retribution,12,5,7
Deyvan,dalaran,479,paladin,retribution,12,5,7
Taffz,burning-legion,479,paladin,retribution,12,5,7
Dykopala,doomhammer,479,paladin,retribution,12,5,7
Tomforøl,aggramar,479,paladin,retribution,12,5,7
Subzerox,ravenholdt,479,paladin,retribution,12,5,7
Кэшбэкер,fordragon,479,paladin,retribution,12,5,7
Solyra,blackhand,479,paladin,retribution,12,5,7
Angelwings,nefarian,479,paladin,retribution,12,5,7
Grannybash,silvermoon,479,paladin,retribution,12,5,7
Vcd,kazzak,479,paladin,retribution,12,5,7
Bullser,anubarak,479,paladin,retribution,12,5,7
Gryan,stormscale,479,paladin,retribution,12,5,7
Nasrudan,ravenholdt,479,paladin,retribution,18,5,13
Aion,chamber-of-aspects,479,paladin,retribution,18,5,13
Klumie,silvermoon,479,paladin,retribution,18,5,13
Drestaen,drakthul,479,paladin,retribution,18,5,13
Aelaris,dunemaul,479,paladin,retribution,18,5,13
Eriesh,cthun,479,paladin,retribution,18,5,13
Pipiczek,outland,479,paladin,retribution,23,5,18
Drizuc,bloodhoof,479,paladin,retribution,24,5,19
Mysticlight,sylvanas,478,paladin,retribution,18,8,10
Mirelaw,drakthul,478,paladin,retribution,12,5,7
Aluken,nemesis,478,paladin,retribution,12,5,7
Shrékhead,hellfire,478,paladin,retribution,12,5,7
Nerdcore,blackrock,478,paladin,retribution,12,5,7
Четкийчервь,soulflayer,478,paladin,retribution,18,5,13
Имраил,gordunni,478,paladin,retribution,18,5,13
Chofre,thunderhorn,477,paladin,retribution,18,5,13
Luciiano,malygos,476,paladin,retribution,12,5,7
Zantria,alleria,476,paladin,retribution,12,5,7
Lysân,eredar,475,paladin,retribution,12,5,7
Izri,hellscream,475,paladin,retribution,12,5,7
Magott,doomhammer,475,paladin,retribution,12,5,7
ßell,antonidas,475,paladin,retribution,12,5,7
Умберто,howling-fjord,474,paladin,retribution,12,5,7
Parkla,twisting-nether,473,paladin,retribution,12,5,7
Hateze,kazzak,472,paladin,retribution,12,5,7
Yeohinyiu,khaz-modan,472,paladin,retribution,12,5,7
Yeretria,krasus,472,paladin,retribution,12,5,7
Stunheallol,blackrock,448,paladin,retribution,10,5,5
Slayton,twisting-nether,447,paladin,retribution,11,5,6
Гкм,howling-fjord,447,paladin,retribution,11,5,6
Sacro,quelthalas,447,paladin,retribution,11,5,6
Эсканор,galakrond,447,paladin,retribution,14,6,8
Davairabotai,kazzak,447,paladin,retribution,20,6,14
Kevlar,frostmane,446,paladin,retribution,12,6,6
Аркрум,gordunni,446,paladin,retribution,17,5,12
Leköngen,ravencrest,432,paladin,retribution,9,5,4
Åvra,ysondre,432,paladin,retribution,15,5,10
Sunnyboy,tarren-mill,431,paladin,retribution,11,5,6
Theodun,xavius,430,paladin,retribution,11,5,6
Siirrinna,tarren-mill,426,paladin,retribution,12,6,6
Бэнсон,ashenvale,426,paladin,retribution,15,6,9
Geak,tarren-mill,415,paladin,retribution,14,5,9
Zell,silvermoon,414,paladin,retribution,16,5,11
Zouppis,ravencrest,400,paladin,retribution,7,5,2
Oriath,draenor,384,paladin,retribution,6,4,2
Гераций,howling-fjord,384,paladin,retribution,6,4,2
Tigurius,zuljin,384,paladin,retribution,6,4,2
Mariahuana,sanguino,384,paladin,retribution,6,4,2
Deworld,tarren-mill,384,paladin,retribution,6,4,2
Atkm,aggramar,384,paladin,retribution,6,4,2
Volkai,zuljin,384,paladin,retribution,6,4,2
Elenia,baelgun,384,paladin,retribution,6,4,2
Æmiø,blackmoore,384,paladin,retribution,6,4,2
Referee,blackrock,384,paladin,retribution,6,4,2
Jøløz,hyjal,384,paladin,retribution,6,4,2
Exley,blackmoore,384,paladin,retribution,6,4,2
Cake,alakir,384,paladin,retribution,6,4,2
Zhàø,ysondre,384,paladin,retribution,6,4,2
Zùlka,krasus,384,paladin,retribution,6,4,2
Kraco,tarren-mill,384,paladin,retribution,6,4,2
Вэйсспал,howling-fjord,384,paladin,retribution,6,4,2
Pâlâpâm,blackmoore,384,paladin,retribution,6,4,2
Rømpelukt,auchindoun,384,paladin,retribution,6,4,2
Miskok,twisting-nether,384,paladin,retribution,6,4,2
Dragongîrl,lothar,384,paladin,retribution,6,4,2
Кукусяшка,gordunni,384,paladin,retribution,6,4,2
Rölfchen,frostwolf,384,paladin,retribution,6,4,2
Naizem,dun-modr,384,paladin,retribution,6,4,2
Maýlin,das-konsortium,384,paladin,retribution,6,4,2
Судья,greymane,384,paladin,retribution,6,4,2
Firfiris,twisting-nether,384,paladin,retribution,6,4,2
Jungergot,aegwynn,384,paladin,retribution,6,4,2
Raluz,kazzak,384,paladin,retribution,6,4,2
Uhtrèd,turalyon,384,paladin,retribution,6,4,2
Imtheßoss,pozzo-delleternità,384,paladin,retribution,6,4,2
Òlymp,blackhand,384,paladin,retribution,6,4,2
Sunstrider,quelthalas,384,paladin,retribution,6,4,2
Лиадринель,howling-fjord,384,paladin,retribution,6,4,2
Zeportpala,archimonde,384,paladin,retribution,6,4,2
Rektardin,quelthalas,384,paladin,retribution,6,4,2
Jiricech,tarren-mill,384,paladin,retribution,6,4,2
Jâuche,blackhand,384,paladin,retribution,6,4,2
Veléxis,outland,384,paladin,retribution,6,4,2
Unhittable,draenor,384,paladin,retribution,6,4,2
Léona,hyjal,384,paladin,retribution,6,4,2
Masgan,eredar,384,paladin,retribution,6,4,2
Idin,nemesis,384,paladin,retribution,6,4,2
Sabriaña,silvermoon,384,paladin,retribution,6,4,2
Missmyhoj,archimonde,384,paladin,retribution,6,4,2
Marmotaxx,dun-modr,384,paladin,retribution,6,4,2
Arcillus,stormscale,384,paladin,retribution,6,4,2
Keem,aszune,384,paladin,retribution,6,4,2
Nezgrôs,hyjal,384,paladin,retribution,6,4,2
Alciera,silvermoon,384,paladin,retribution,6,4,2
Slyper,dun-modr,384,paladin,retribution,6,4,2
Phiana,blackmoore,384,paladin,retribution,6,4,2
Watermans,azjolnerub,384,paladin,retribution,6,4,2
Kralenko,archimonde,384,paladin,retribution,6,4,2
Хашон,gordunni,384,paladin,retribution,6,4,2
Jaime,magtheridon,384,paladin,retribution,6,4,2
Pressthere,tarren-mill,384,paladin,retribution,6,4,2
Zeggayoda,nemesis,384,paladin,retribution,6,4,2
Paladoom,magtheridon,384,paladin,retribution,6,4,2
Джиблэйд,gordunni,384,paladin,retribution,6,4,2
Zacharis,drakthul,384,paladin,retribution,6,4,2
Драгмитухел,gordunni,384,paladin,retribution,6,4,2
Бабичпал,soulflayer,384,paladin,retribution,6,4,2
Nouhada,archimonde,384,paladin,retribution,6,4,2
Morgoth,daggerspine,384,paladin,retribution,6,4,2
Aprânax,twisting-nether,384,paladin,retribution,6,4,2
Любитель,azuregos,384,paladin,retribution,6,4,2
Wiither,argent-dawn,384,paladin,retribution,6,4,2
Соргосош,gordunni,384,paladin,retribution,6,4,2
Raratina,draenor,384,paladin,retribution,6,4,2
Colpadeltank,kazzak,384,paladin,retribution,6,4,2
Corrâ,blackmoore,384,paladin,retribution,6,4,2
Фоггихохо,gordunni,384,paladin,retribution,6,4,2
Kazui,lordaeron,384,paladin,retribution,6,4,2
Cattelsaan,hyjal,384,paladin,retribution,6,4,2
Udrik,proudmoore,384,paladin,retribution,6,4,2
Madarä,arathi,384,paladin,retribution,6,4,2
Chobb,thunderhorn,384,paladin,retribution,6,4,2
Haudrupp,blackmoore,384,paladin,retribution,6,4,2
Peacekeep,stormscale,384,paladin,retribution,6,4,2
Rikimâro,kazzak,384,paladin,retribution,6,4,2
Позабытый,deathweaver,384,paladin,retribution,6,4,2
Souzzi,kazzak,384,paladin,retribution,6,4,2
Gunnhilde,stormscale,384,paladin,retribution,6,4,2
Giggs,turalyon,384,paladin,retribution,6,4,2
Mcrunt,ravencrest,384,paladin,retribution,6,4,2
Tdchopa,ravencrest,384,paladin,retribution,6,4,2
Spartacøn,kazzak,384,paladin,retribution,6,4,2
Raek,stormscale,384,paladin,retribution,6,4,2
Hiloqtpala,blackmoore,384,paladin,retribution,6,4,2
Shevøçk,ravencrest,384,paladin,retribution,6,4,2
Mcnnuggets,ravencrest,384,paladin,retribution,6,4,2
Daddyolimpp,kazzak,384,paladin,retribution,6,4,2
Jamzypaladin,kazzak,384,paladin,retribution,6,4,2
Crussaden,stormscale,384,paladin,retribution,7,4,3
Ashengelm,silvermoon,384,paladin,retribution,9,5,4
Lotarios,tarren-mill,384,paladin,retribution,9,5,4
Stooti,ragnaros,384,paladin,retribution,8,4,4
Shoogle,alonsus,384,paladin,retribution,9,4,5
Хилвкд,blackscar,384,paladin,retribution,11,4,7
Erebir,burning-blade,384,paladin,retribution,11,4,7
Athênâ,azjolnerub,384,paladin,retribution,15,5,10
Турбобит,gordunni,384,paladin,retribution,12,4,8
Pecar,stormscale,384,paladin,retribution,12,4,8
Mystràs,khaz-modan,384,paladin,retribution,12,4,8
Ruttodidio,outland,384,paladin,retribution,12,4,8
Arkkipiispa,outland,384,paladin,retribution,12,4,8
Yasfy,stormscale,384,paladin,retribution,12,4,8
Highcrown,argent-dawn,384,paladin,retribution,12,4,8
Eîon,argent-dawn,384,paladin,retribution,12,4,8
Kielonpala,kazzak,384,paladin,retribution,12,4,8
Gilgadlor,stormscale,384,paladin,retribution,12,4,8
Sunforged,bloodhoof,384,paladin,retribution,12,4,8
Palapaye,archimonde,384,paladin,retribution,12,4,8
Hasart,tarren-mill,384,paladin,retribution,12,4,8
Лаунесса,gordunni,384,paladin,retribution,12,4,8
Liléa,hyjal,384,paladin,retribution,12,4,8
Lightbreaker,alleria,384,paladin,retribution,12,4,8
Blockitp,stormscale,384,paladin,retribution,12,4,8
Ragonas,mannoroth,384,paladin,retribution,12,4,8
Failhammer,tarren-mill,384,paladin,retribution,12,4,8
Zlatniq,kazzak,384,paladin,retribution,12,4,8
Øazimutø,archimonde,384,paladin,retribution,12,4,8
Yakuron,blackhand,384,paladin,retribution,12,4,8
Киилаа,gordunni,384,paladin,retribution,12,4,8
Розовыйбабл,gordunni,384,paladin,retribution,12,4,8
Curélien,argent-dawn,384,paladin,retribution,12,4,8
Perxx,stormscale,384,paladin,retribution,12,4,8
Mîskine,archimonde,384,paladin,retribution,12,4,8
Neverdiex,blackrock,384,paladin,retribution,12,4,8
Sorkara,argent-dawn,384,paladin,retribution,12,4,8
Æfhm,blackrock,384,paladin,retribution,12,4,8
Touchpally,ravencrest,384,paladin,retribution,12,4,8
Myû,die-aldor,384,paladin,retribution,12,4,8
Ревирант,howling-fjord,384,paladin,retribution,12,4,8
Kÿsse,hyjal,384,paladin,retribution,12,4,8
Ðrisk,defias-brotherhood,384,paladin,retribution,12,4,8
Бладриус,howling-fjord,384,paladin,retribution,12,4,8
Brolaf,drakthul,384,paladin,retribution,12,4,8
Strongman,twilights-hammer,384,paladin,retribution,12,4,8
Nexo,bloodscalp,384,paladin,retribution,12,4,8
Minfa,argent-dawn,384,paladin,retribution,12,4,8
Popelarr,burning-blade,384,paladin,retribution,12,4,8
Lástchaos,madmortem,384,paladin,retribution,12,4,8
Бойкийкот,eversong,384,paladin,retribution,12,4,8
Xerya,dun-modr,384,paladin,retribution,12,4,8
Рокстум,gordunni,384,paladin,retribution,12,4,8
Cafa,turalyon,384,paladin,retribution,12,4,8
Madeofsteel,silvermoon,384,paladin,retribution,12,4,8
Zhroomxx,blackmoore,384,paladin,retribution,12,4,8
Lionknight,sylvanas,384,paladin,retribution,12,4,8
Rèdjàck,nemesis,384,paladin,retribution,12,4,8
Alawdi,ysondre,384,paladin,retribution,12,4,8
Sgiach,draenor,384,paladin,retribution,12,4,8
Lûvmølly,silvermoon,384,paladin,retribution,12,4,8
Pålegg,emerald-dream,384,paladin,retribution,12,4,8
Dennyboy,sylvanas,384,paladin,retribution,12,4,8
Retfull,sylvanas,384,paladin,retribution,12,4,8
Meatslice,boulderfist,384,paladin,retribution,12,4,8
Etzann,draenor,384,paladin,retribution,12,4,8
Suavé,ravencrest,384,paladin,retribution,12,4,8
Bugohoss,nathrezim,384,paladin,retribution,12,4,8
Zarifence,ragnaros,384,paladin,retribution,12,4,8
Grymbol,boulderfist,384,paladin,retribution,12,4,8
Cørleena,eredar,384,paladin,retribution,12,4,8
Yeetholy,ragnaros,384,paladin,retribution,12,4,8
Lullabye,runetotem,384,paladin,retribution,12,4,8
Astamye,ysondre,384,paladin,retribution,12,4,8
Heidfield,draenor,384,paladin,retribution,12,4,8
Bìzzan,ravencrest,384,paladin,retribution,12,4,8
Æternal,arathor,384,paladin,retribution,12,4,8
Aleya,arathor,384,paladin,retribution,12,4,8
Karsini,arathor,384,paladin,retribution,12,4,8
Cartell,dun-morogh,384,paladin,retribution,12,4,8
Elyeasia,silvermoon,384,paladin,retribution,12,4,8
Kimozabie,ravencrest,384,paladin,retribution,12,4,8
Cheerrios,arathor,384,paladin,retribution,12,4,8
Encoreret,kilrogg,384,paladin,retribution,12,4,8
Lucretius,kilrogg,384,paladin,retribution,12,4,8
Gellmar,the-maelstrom,384,paladin,retribution,12,4,8
Valzyffs,twisting-nether,384,paladin,retribution,12,4,8
Ríék,lightbringer,384,paladin,retribution,12,4,8
Дрейв,soulflayer,384,paladin,retribution,12,4,8
Cyborg,ysondre,384,paladin,retribution,12,4,8
Ambîorix,dun-modr,384,paladin,retribution,12,4,8
Trefata,kazzak,384,paladin,retribution,12,4,8
Jericcho,dun-modr,384,paladin,retribution,12,4,8
Gahar,grim-batol,384,paladin,retribution,12,4,8
Trainors,chamber-of-aspects,384,paladin,retribution,12,4,8
Ippex,silvermoon,384,paladin,retribution,12,4,8
Эсмория,gordunni,384,paladin,retribution,12,4,8
Serim,dun-modr,384,paladin,retribution,12,4,8
Thiccdeeps,aegwynn,384,paladin,retribution,12,4,8
Beefdaddykuu,ravencrest,384,paladin,retribution,12,4,8
Aal,eredar,384,paladin,retribution,12,4,8
Garzad,ravencrest,384,paladin,retribution,12,4,8
Stjusmussel,ragnaros,384,paladin,retribution,12,4,8
Vhestas,dun-modr,384,paladin,retribution,12,4,8
Adevald,silvermoon,384,paladin,retribution,12,4,8
Beefcake,bladefist,384,paladin,retribution,12,4,8
Зираэлис,gordunni,384,paladin,retribution,12,4,8
Nicolae,saurfang,384,paladin,retribution,12,4,8
Поддыхдам,gordunni,384,paladin,retribution,12,4,8
Avengence,dragonblight,384,paladin,retribution,12,4,8
Crowdev,zuljin,384,paladin,retribution,12,4,8
Kyrín,onyxia,384,paladin,retribution,12,4,8
Artoriaz,ravencrest,384,paladin,retribution,12,4,8
Reedaa,shattered-hand,384,paladin,retribution,12,4,8
Hyduriak,lightnings-blade,384,paladin,retribution,12,4,8
Stoneð,antonidas,384,paladin,retribution,12,4,8
Cherenpetur,neptulon,384,paladin,retribution,12,4,8
Louxoxo,ravencrest,384,paladin,retribution,12,4,8
Cyban,twisting-nether,384,paladin,retribution,12,4,8
Somaxpala,burning-legion,384,paladin,retribution,12,4,8
Халва,deathguard,384,paladin,retribution,12,4,8
Bundagains,silvermoon,384,paladin,retribution,12,4,8
Chïefen,twisting-nether,384,paladin,retribution,12,4,8
Ekber,ravencrest,384,paladin,retribution,12,4,8
Lopal,silvermoon,384,paladin,retribution,12,4,8
Катсес,eversong,384,paladin,retribution,12,4,8
Dêadgame,aegwynn,384,paladin,retribution,12,4,8
Douglazz,tarren-mill,384,paladin,retribution,13,4,9
Sâfcon,eredar,384,paladin,retribution,13,4,9
Caedîs,antonidas,384,paladin,retribution,13,4,9
Scoundrell,the-maelstrom,384,paladin,retribution,18,4,14
Galaerøn,elune,384,paladin,retribution,18,4,14
Caribbean,outland,384,paladin,retribution,18,4,14
Загошслакер,howling-fjord,384,paladin,retribution,18,4,14
Masuroc,antonidas,384,paladin,retribution,18,4,14
Tirral,ravencrest,384,paladin,retribution,18,4,14
Forthy,drakthul,384,paladin,retribution,18,4,14
Orbia,draenor,384,paladin,retribution,18,4,14
Астарин,gordunni,384,paladin,retribution,18,4,14
Pepegasensei,ravencrest,384,paladin,retribution,18,4,14
Wftw,draenor,384,paladin,retribution,18,4,14
Neyd,hyjal,384,paladin,retribution,18,4,14
Kaatha,archimonde,384,paladin,retribution,18,4,14
Synáx,blackhand,384,paladin,retribution,18,4,14
Trismegistos,bloodhoof,384,paladin,retribution,18,4,14
Ezbonk,kazzak,384,paladin,retribution,18,4,14
Halldòr,ravencrest,384,paladin,retribution,18,4,14
Крутикрит,goldrinn,384,paladin,retribution,19,4,15
Veriø,dun-modr,384,paladin,retribution,23,4,19
Supersnubben,grim-batol,383,paladin,retribution,6,4,2
Lancelhot,archimonde,383,paladin,retribution,6,4,2
Цитри,borean-tundra,383,paladin,retribution,6,4,2
Myralions,burning-legion,383,paladin,retribution,6,4,2
Рукаф,soulflayer,383,paladin,retribution,6,4,2
Krögerelf,garrosh,383,paladin,retribution,6,4,2
Buddy,conseil-des-ombres,383,paladin,retribution,9,5,4
Chunpala,silvermoon,383,paladin,retribution,12,4,8
Donfilippo,burning-legion,383,paladin,retribution,12,4,8
Ashreaver,burning-legion,383,paladin,retribution,12,4,8
Hilkisen,ragnaros,383,paladin,retribution,12,4,8
Paladoon,ravencrest,383,paladin,retribution,12,4,8
Haggís,blackrock,383,paladin,retribution,12,4,8
Syrenia,die-silberne-hand,383,paladin,retribution,12,4,8
Elvyri,silvermoon,383,paladin,retribution,12,4,8
Giuliagirod,kazzak,383,paladin,retribution,12,4,8
Omixlis,ragnaros,383,paladin,retribution,12,4,8
Ságé,thrall,383,paladin,retribution,16,4,12
Lavacalistar,turalyon,383,paladin,retribution,21,5,16
Sèrgàs,blackhand,383,paladin,retribution,18,4,14
Shurikèn,khaz-modan,382,paladin,retribution,6,4,2
Larth,the-maelstrom,382,paladin,retribution,6,4,2
Leifleur,silvermoon,382,paladin,retribution,22,7,15
Kauto,aggra-português,382,paladin,retribution,18,4,14
Kulgan,aerie-peak,380,paladin,retribution,12,4,8
Anyhra,forscherliga,380,paladin,retribution,12,4,8
Palastratos,turalyon,379,paladin,retribution,12,4,8
Quantox,frostwolf,379,paladin,retribution,12,4,8
Bellight,sinstralis,376,paladin,retribution,19,4,15
Бомбящая,howling-fjord,367,paladin,retribution,11,4,7
Errn,ragnaros,367,paladin,retribution,11,4,7
Emakk,darksorrow,351,paladin,retribution,8,5,3
Madzy,archimonde,351,paladin,retribution,11,4,7
Joeintkaa,ragnaros,351,paladin,retribution,11,4,7
Taigetos,draenor,351,paladin,retribution,11,4,7
Kantfyrste,ravencrest,351,paladin,retribution,11,4,7
Hàppy,malfurion,351,paladin,retribution,11,4,7
Олегсудья,howling-fjord,351,paladin,retribution,11,4,7
Strcker,sylvanas,336,paladin,retribution,9,4,5
Freemain,doomhammer,336,paladin,retribution,9,4,5
Нимбоо,soulflayer,335,paladin,retribution,11,4,7
Sunsera,blackrock,330,paladin,retribution,8,5,3
Alanore,tarren-mill,330,paladin,retribution,13,6,7
Aïzo,archimonde,330,paladin,retribution,15,5,10
Enary,zuljin,330,paladin,retribution,15,5,10
Каплясвета,gordunni,330,paladin,retribution,15,5,10
Matharr,kazzak,330,paladin,retribution,19,5,14
Respen,trollbane,330,paladin,retribution,22,5,17
Alïstia,archimonde,330,paladin,retribution,22,5,17
Stonebeard,ahnqiraj,329,paladin,retribution,25,5,20
Bafbaf,arathi,329,paladin,retribution,30,5,25
Glâdiatør,blackrock,320,paladin,retribution,10,4,6
Donkahonk,argent-dawn,319,paladin,retribution,5,4,1
Kyazar,sylvanas,319,paladin,retribution,5,4,1
Vermilia,blackmoore,319,paladin,retribution,8,4,4
Strìke,ragnaros,319,paladin,retribution,8,4,4
Артуроэльф,eversong,318,paladin,retribution,11,4,7
Ønyxqt,archimonde,304,paladin,retribution,7,4,3
Tosuro,sunstrider,302,paladin,retribution,13,4,9
Skìðåððlè,antonidas,288,paladin,retribution,6,3,3
Nakariâ,antonidas,288,paladin,retribution,6,3,3
Evenja,ambossar,288,paladin,retribution,6,3,3
Sakulchan,antonidas,288,paladin,retribution,6,3,3
Aoldur,ragnaros,288,paladin,retribution,6,3,3
Lóde,silvermoon,288,paladin,retribution,6,3,3
Sparckqt,nemesis,288,paladin,retribution,6,3,3
Thunderwoman,ragnaros,288,paladin,retribution,6,3,3
Rômtone,dalaran,288,paladin,retribution,6,3,3
Animegifx,ragnaros,288,paladin,retribution,6,3,3
Sírväs,stormscale,288,paladin,retribution,6,3,3
Xirac,antonidas,288,paladin,retribution,6,3,3
Noanoshy,eredar,288,paladin,retribution,6,3,3
Moolurk,stormscale,288,paladin,retribution,6,3,3
Thomususholy,silvermoon,288,paladin,retribution,6,3,3
Daemøs,antonidas,288,paladin,retribution,6,3,3
Khredo,eredar,288,paladin,retribution,6,3,3
Tørque,archimonde,288,paladin,retribution,6,3,3
Hondur,blackmoore,288,paladin,retribution,6,3,3
Strangerx,blackrock,288,paladin,retribution,6,3,3
Epipheny,frostmane,288,paladin,retribution,6,3,3
Dezaster,dentarg,288,paladin,retribution,6,3,3
Dédoniste,archimonde,288,paladin,retribution,6,3,3
Amq,blackhand,288,paladin,retribution,6,3,3
Баблвгкд,soulflayer,288,paladin,retribution,6,3,3
Grial,eredar,288,paladin,retribution,6,3,3
Nympa,sylvanas,288,paladin,retribution,6,3,3
Lotheirid,antonidas,288,paladin,retribution,6,3,3
Skullangel,illidan,288,paladin,retribution,6,3,3
Hyroshima,archimonde,288,paladin,retribution,6,3,3
Камверин,soulflayer,288,paladin,retribution,6,3,3
Hione,burning-legion,288,paladin,retribution,6,3,3
Myrtîllê,archimonde,288,paladin,retribution,6,3,3
Partysyster,defias-brotherhood,288,paladin,retribution,6,3,3
Areiia,antonidas,288,paladin,retribution,6,3,3
Niyahnie,kazzak,288,paladin,retribution,6,3,3
Juicydips,blackrock,288,paladin,retribution,6,3,3
Kalaraja,dunemaul,288,paladin,retribution,6,3,3
Bryelle,dalaran,288,paladin,retribution,6,3,3
Holyshot,sylvanas,288,paladin,retribution,6,3,3
Sobolanu,ravencrest,288,paladin,retribution,6,3,3
Мортлайт,soulflayer,288,paladin,retribution,6,3,3
Synexy,kazzak,288,paladin,retribution,6,3,3
Ïrönhämmër,argent-dawn,288,paladin,retribution,6,3,3
Sixtêên,silvermoon,288,paladin,retribution,6,3,3
Drstomp,ravencrest,288,paladin,retribution,6,3,3
Hidån,archimonde,288,paladin,retribution,6,3,3
Paladiaz,blackhand,288,paladin,retribution,6,3,3
Varreran,argent-dawn,288,paladin,retribution,6,3,3
Guko,frostwolf,288,paladin,retribution,6,3,3
Rhadamentes,ysondre,288,paladin,retribution,6,3,3
Andriâ,blackhand,288,paladin,retribution,6,3,3
Astralenigma,hyjal,288,paladin,retribution,6,3,3
Tyranius,bronzebeard,288,paladin,retribution,6,3,3
Raketenreiko,blackrock,288,paladin,retribution,6,3,3
Helloim,tarren-mill,288,paladin,retribution,6,3,3
Vîdelle,eldrethalas,288,paladin,retribution,6,3,3
Белоус,howling-fjord,288,paladin,retribution,6,3,3
Exero,frostmane,288,paladin,retribution,6,3,3
Belåkor,silvermoon,288,paladin,retribution,6,3,3
Faté,madmortem,288,paladin,retribution,6,3,3
Novà,ravencrest,288,paladin,retribution,6,3,3
Ufø,thrall,288,paladin,retribution,6,3,3
Phystos,culte-de-la-rive-noire,288,paladin,retribution,6,3,3
Ruben,kirin-tor,288,paladin,retribution,6,3,3
Dominoeffect,sylvanas,288,paladin,retribution,6,3,3
Ñusret,aegwynn,288,paladin,retribution,6,3,3
Høllý,ravencrest,288,paladin,retribution,6,3,3
Môdhân,archimonde,288,paladin,retribution,6,3,3
Макракура,gordunni,288,paladin,retribution,6,3,3
Veo,sylvanas,288,paladin,retribution,6,3,3
Împala,twisting-nether,288,paladin,retribution,6,3,3
Fogell,ravencrest,288,paladin,retribution,6,3,3
Watchmestomp,draenor,288,paladin,retribution,6,3,3
Cilodin,blackrock,288,paladin,retribution,6,3,3
Lyrïcs,ysondre,288,paladin,retribution,6,3,3
Golgel,turalyon,288,paladin,retribution,6,3,3
Кузнейц,borean-tundra,288,paladin,retribution,6,3,3
Blookedaro,sanguino,288,paladin,retribution,6,3,3
Laycie,kazzak,288,paladin,retribution,6,3,3
Лайсен,gordunni,288,paladin,retribution,6,3,3
Dyonisøs,archimonde,288,paladin,retribution,6,3,3
Sekoran,sunstrider,288,paladin,retribution,6,3,3
Kelsumi,draenor,288,paladin,retribution,6,3,3
Septèmber,draenor,288,paladin,retribution,6,3,3
Valeantz,draenor,288,paladin,retribution,6,3,3
Goofyret,ravencrest,288,paladin,retribution,6,3,3
Xirôs,zirkel-des-cenarius,288,paladin,retribution,6,3,3
Ozen,blackrock,288,paladin,retribution,6,3,3
Paladus,laughing-skull,288,paladin,retribution,6,3,3
Artasia,kul-tiras,288,paladin,retribution,6,3,3
Wingz,trollbane,288,paladin,retribution,6,3,3
Krístjan,silvermoon,288,paladin,retribution,6,3,3
Heyley,twisting-nether,288,paladin,retribution,6,3,3
Sralana,malfurion,288,paladin,retribution,6,3,3
Ênmâ,archimonde,288,paladin,retribution,6,3,3
Anmila,anetheron,288,paladin,retribution,6,3,3
Alekks,silvermoon,288,paladin,retribution,6,3,3
Môôses,kazzak,288,paladin,retribution,6,3,3
Hium,zuljin,288,paladin,retribution,6,3,3
Рамстафарай,gordunni,288,paladin,retribution,6,3,3
Palapouffe,khaz-modan,288,paladin,retribution,6,3,3
Reinvigorate,alleria,288,paladin,retribution,6,3,3
Stárchy,terenas,288,paladin,retribution,6,3,3
Sixtynien,outland,288,paladin,retribution,6,3,3
Nubalas,kazzak,288,paladin,retribution,6,3,3
Seráphím,ravencrest,288,paladin,retribution,6,3,3
Fumbz,alakir,288,paladin,retribution,6,3,3
Taukkï,kazzak,288,paladin,retribution,6,3,3
Holyshêêt,draenor,288,paladin,retribution,6,3,3
Wonkans,draenor,288,paladin,retribution,6,3,3
Bootysmasher,silvermoon,288,paladin,retribution,6,3,3
Bämschi,blackrock,288,paladin,retribution,6,3,3
Isgarot,pozzo-delleternità,288,paladin,retribution,6,3,3
Feliora,magtheridon,288,paladin,retribution,6,3,3
Muieiulica,twisting-nether,288,paladin,retribution,6,3,3
Shealby,thrall,288,paladin,retribution,6,3,3
Swäagg,hyjal,288,paladin,retribution,6,3,3
Asshhbringer,burning-legion,288,paladin,retribution,6,3,3
Aklime,blackmoore,288,paladin,retribution,6,3,3
Tonynox,hyjal,288,paladin,retribution,6,3,3
Volsen,blackmoore,288,paladin,retribution,6,3,3
Partur,stormreaver,288,paladin,retribution,6,3,3
Бигтедо,gordunni,288,paladin,retribution,6,3,3
Sérath,twisting-nether,288,paladin,retribution,6,3,3
Reøl,blackmoore,288,paladin,retribution,6,3,3
Lolsurprise,twisting-nether,288,paladin,retribution,6,3,3
Henrolos,sanguino,288,paladin,retribution,6,3,3
Trovlie,aegwynn,288,paladin,retribution,6,3,3
Hatoms,hyjal,288,paladin,retribution,6,3,3
Londrette,kazzak,288,paladin,retribution,6,3,3
Holydeath,aegwynn,288,paladin,retribution,6,3,3
Pastabianco,ravencrest,288,paladin,retribution,6,3,3
Véngeance,twilights-hammer,288,paladin,retribution,6,3,3
Freakks,twisting-nether,288,paladin,retribution,6,3,3
Yoggsaron,dun-modr,288,paladin,retribution,6,3,3
Shaká,ravencrest,288,paladin,retribution,6,3,3
Vaciusta,silvermoon,288,paladin,retribution,6,3,3
Синтел,eversong,288,paladin,retribution,6,3,3
Tyn,dragonmaw,288,paladin,retribution,6,3,3
Azzaelea,tarren-mill,288,paladin,retribution,6,3,3
Minirempart,khaz-modan,288,paladin,retribution,6,3,3
Dolleboy,twisting-nether,288,paladin,retribution,6,3,3
Paladikt,teldrassil,288,paladin,retribution,6,3,3
Lightfôrce,blackmoore,288,paladin,retribution,6,3,3
Ðåøóýöøðí,ravencrest,288,paladin,retribution,6,3,3
Bobshock,twisting-nether,288,paladin,retribution,6,3,3
Blessbabe,tarren-mill,288,paladin,retribution,6,3,3
Shawn,archimonde,288,paladin,retribution,6,3,3
Astralz,aegwynn,288,paladin,retribution,6,3,3
Teronk,terokkar,288,paladin,retribution,6,3,3
Редрот,gordunni,288,paladin,retribution,6,3,3
Zeltose,uldaman,288,paladin,retribution,6,3,3
Paidi,die-todeskrallen,288,paladin,retribution,6,3,3
Vultrix,tarren-mill,288,paladin,retribution,6,3,3
Steínsgate,ravencrest,288,paladin,retribution,6,3,3
Synthesis,uldum,288,paladin,retribution,6,3,3
Retroxy,stormreaver,288,paladin,retribution,6,3,3
Grozdanus,ravencrest,288,paladin,retribution,6,3,3
Khrogan,bronzebeard,288,paladin,retribution,6,3,3
Thalyia,neptulon,288,paladin,retribution,6,3,3
Mayhem,area-52,288,paladin,retribution,6,3,3
Reptoglad,archimonde,288,paladin,retribution,6,3,3
Lixîa,hyjal,288,paladin,retribution,6,3,3
Senteha,stormscale,288,paladin,retribution,6,3,3
Svipdag,quelthalas,288,paladin,retribution,6,3,3
Zetnic,kazzak,288,paladin,retribution,6,3,3
Lightbinders,ragnaros,288,paladin,retribution,6,3,3
Puffington,tarren-mill,288,paladin,retribution,6,3,3
Drwings,drakthul,288,paladin,retribution,6,3,3
Ráydrax,dun-modr,288,paladin,retribution,6,3,3
Fahrèl,hyjal,288,paladin,retribution,6,3,3
Razztafari,tarren-mill,288,paladin,retribution,6,3,3
Neoz,ravencrest,288,paladin,retribution,6,3,3
Meezu,ravencrest,288,paladin,retribution,6,3,3
Divinemove,stormscale,288,paladin,retribution,6,3,3
Брюхатая,howling-fjord,288,paladin,retribution,6,3,3
Vérdugo,quelthalas,288,paladin,retribution,6,3,3
Sarunan,ravencrest,288,paladin,retribution,6,3,3
Holythore,shadowsong,288,paladin,retribution,6,3,3
Gipas,quelthalas,288,paladin,retribution,6,3,3
Dathrohan,sanguino,288,paladin,retribution,6,3,3
Crazydiamond,garona,288,paladin,retribution,6,3,3
Tjú,mannoroth,288,paladin,retribution,6,3,3
Bashx,outland,288,paladin,retribution,6,3,3
Taeran,dun-modr,288,paladin,retribution,6,3,3
Illmindofyou,twisting-nether,288,paladin,retribution,6,3,3
Dorlen,argent-dawn,288,paladin,retribution,10,4,6
Alexii,azjolnerub,288,paladin,retribution,10,4,6
Songg,zuljin,288,paladin,retribution,8,3,5
Aenhel,zuljin,288,paladin,retribution,11,4,7
Tastán,aegwynn,288,paladin,retribution,9,3,6
Dragg,kirin-tor,288,paladin,retribution,10,3,7
Gabe,aggra-português,288,paladin,retribution,15,4,11
Xrilled,stormreaver,288,paladin,retribution,12,3,9
Светлолик,eversong,288,paladin,retribution,12,3,9
Amadeo,genjuros,288,paladin,retribution,12,3,9
Lucyd,stormscale,288,paladin,retribution,12,3,9
Каадзуто,eversong,288,paladin,retribution,12,3,9
Skuzee,archimonde,288,paladin,retribution,12,3,9
Çolette,silvermoon,288,paladin,retribution,12,3,9
Holyispro,kazzak,288,paladin,retribution,12,3,9
Deholyloa,frostwhisper,288,paladin,retribution,12,3,9
Blecheîmer,aegwynn,288,paladin,retribution,12,3,9
Forder,drakthul,288,paladin,retribution,12,3,9
Ахелеззик,gordunni,288,paladin,retribution,12,3,9
Trollpaladin,blackmoore,288,paladin,retribution,12,3,9
Azmocore,blackhand,288,paladin,retribution,12,3,9
Wolluna,frostwolf,288,paladin,retribution,12,3,9
Flogiston,burning-legion,288,paladin,retribution,12,3,9
Izelv,dalaran,288,paladin,retribution,12,3,9
Xzpal,silvermoon,288,paladin,retribution,12,3,9
Rocheford,silvermoon,288,paladin,retribution,12,3,9
Whórainzóne,eredar,288,paladin,retribution,12,3,9
Fuyúrí,burning-legion,288,paladin,retribution,12,3,9
Strikè,stormscale,288,paladin,retribution,12,3,9
Kerplonk,burning-legion,288,paladin,retribution,12,3,9
Sacrémounf,archimonde,288,paladin,retribution,12,3,9
Radeto,outland,288,paladin,retribution,12,3,9
Sangaro,ragnaros,288,paladin,retribution,12,3,9
Jámíe,kul-tiras,288,paladin,retribution,12,3,9
Shneéz,blackmoore,288,paladin,retribution,12,3,9
Artemes,malorne,288,paladin,retribution,12,3,9
Аладушок,gordunni,288,paladin,retribution,12,3,9
Simsaii,stormscale,288,paladin,retribution,12,3,9
Pokexx,ragnaros,288,paladin,retribution,12,3,9
Harvel,outland,288,paladin,retribution,12,3,9
Liquêdor,blackrock,288,paladin,retribution,12,3,9
Aurasis,archimonde,288,paladin,retribution,12,3,9
Mandingbull,stormscale,288,paladin,retribution,12,3,9
Reivah,silvermoon,288,paladin,retribution,12,3,9
Souror,blackmoore,288,paladin,retribution,12,3,9
Turbopal,burning-blade,288,paladin,retribution,12,3,9
Staturos,burning-legion,288,paladin,retribution,12,3,9
Healsgoodman,twisting-nether,288,paladin,retribution,12,3,9
Leoniidas,cthun,288,paladin,retribution,12,3,9
Câlon,twisting-nether,288,paladin,retribution,12,3,9
Dathea,aegwynn,288,paladin,retribution,12,3,9
Taptreus,antonidas,288,paladin,retribution,12,3,9
Dalaly,kazzak,288,paladin,retribution,12,3,9
Slaaneesh,zuljin,288,paladin,retribution,12,3,9
Иретис,gordunni,288,paladin,retribution,12,3,9
Cigoveth,sylvanas,288,paladin,retribution,12,3,9
Gala,archimonde,288,paladin,retribution,12,3,9
Thærõck,thrall,288,paladin,retribution,12,3,9
Proskillver,twisting-nether,288,paladin,retribution,12,3,9
Coldcuts,sylvanas,288,paladin,retribution,12,3,9
Darkham,nemesis,288,paladin,retribution,12,3,9
Lylennâ,argent-dawn,288,paladin,retribution,12,3,9
Inmortality,sanguino,288,paladin,retribution,12,3,9
Daveskylark,ravencrest,288,paladin,retribution,12,3,9
Stonetide,argent-dawn,288,paladin,retribution,12,3,9
Ардел,grom,288,paladin,retribution,12,3,9
Dmascus,blackrock,288,paladin,retribution,12,3,9
Ультравишня,howling-fjord,288,paladin,retribution,12,3,9
Harnêlia,marécage-de-zangar,288,paladin,retribution,12,3,9
Steelrose,auchindoun,288,paladin,retribution,12,3,9
Daddysiliam,ravencrest,288,paladin,retribution,12,3,9
Iradiues,defias-brotherhood,288,paladin,retribution,12,3,9
Tecknó,ragnaros,288,paladin,retribution,12,3,9
Cilla,kult-der-verdammten,288,paladin,retribution,12,3,9
Trwwsano,stormscale,288,paladin,retribution,12,3,9
Notnding,draenor,288,paladin,retribution,12,3,9
Popolelo,dun-modr,288,paladin,retribution,12,3,9
Kypamop,argent-dawn,288,paladin,retribution,12,3,9
Kiytrew,ravencrest,288,paladin,retribution,12,3,9
Refjâsk,drekthar,288,paladin,retribution,12,3,9
Samewórld,hyjal,288,paladin,retribution,12,3,9
Tpaktopuct,kazzak,288,paladin,retribution,12,3,9
Shinonorba,draenor,288,paladin,retribution,12,3,9
Тайронх,gordunni,288,paladin,retribution,12,3,9
Schoolbus,blackrock,288,paladin,retribution,12,3,9
Liquesco,draenor,288,paladin,retribution,12,3,9
Japsee,runetotem,288,paladin,retribution,12,3,9
Галлионн,gordunni,288,paladin,retribution,12,3,9
Arthàs,blackmoore,288,paladin,retribution,12,3,9
Vacalistarr,los-errantes,288,paladin,retribution,12,3,9
Бетте,gordunni,288,paladin,retribution,12,3,9
Ауё,blackscar,288,paladin,retribution,12,3,9
Althalanor,drekthar,288,paladin,retribution,15,3,12
Agrkan,defias-brotherhood,288,paladin,retribution,17,3,14
Skemfar,sanguino,288,paladin,retribution,18,3,15
Paintdafence,kazzak,288,paladin,retribution,18,3,15
Fenik,dun-modr,288,paladin,retribution,18,3,15
Sztat,burning-legion,288,paladin,retribution,18,3,15
Lacrossé,kazzak,288,paladin,retribution,18,3,15
Paladinslaye,dun-modr,288,paladin,retribution,18,3,15
Símp,grim-batol,288,paladin,retribution,18,3,15
Mêyra,blackhand,288,paladin,retribution,20,3,17
Ïwâ,hyjal,287,paladin,retribution,6,3,3
Sìegfrìed,sargeras,287,paladin,retribution,6,3,3
Arthane,frostmane,287,paladin,retribution,6,3,3
Malzj,garrosh,287,paladin,retribution,6,3,3
Psihar,kazzak,287,paladin,retribution,6,3,3
Shiheki,anetheron,287,paladin,retribution,6,3,3
Nicopala,khaz-modan,287,paladin,retribution,6,3,3
Neftys,aegwynn,287,paladin,retribution,12,3,9
Bore,culte-de-la-rive-noire,287,paladin,retribution,12,3,9
Trevorion,argent-dawn,287,paladin,retribution,12,3,9
Aggipala,blackhand,287,paladin,retribution,12,3,9
Cajikpal,drakthul,287,paladin,retribution,12,3,9
Voraxpa,draenor,287,paladin,retribution,12,3,9
Purgator,sanguino,287,paladin,retribution,18,3,15
Kûlu,alakir,286,paladin,retribution,6,3,3
Rsanchez,frostwolf,286,paladin,retribution,6,3,3
Корвинхорн,soulflayer,281,paladin,retribution,18,6,12
Brictom,tarren-mill,271,paladin,retribution,11,3,8
Рбгхил,howling-fjord,271,paladin,retribution,11,3,8
Tofrus,kazzak,271,paladin,retribution,11,3,8
Стилбич,gordunni,256,paladin,retribution,10,3,7
Msammus,kazzak,255,paladin,retribution,11,3,8
Bloodl,hakkar,255,paladin,retribution,11,3,8
Dodgemyhoj,kazzak,240,paladin,retribution,21,3,18
Alohaloa,blackrock,239,paladin,retribution,5,3,2
Aufstapelnx,hyjal,239,paladin,retribution,5,3,2
Gõm,aegwynn,239,paladin,retribution,5,3,2
Erannor,kirin-tor,239,paladin,retribution,5,3,2
Cheriedamour,ysondre,239,paladin,retribution,5,3,2
Pooncy,ragnaros,239,paladin,retribution,5,3,2
Manyouk,kazzak,239,paladin,retribution,5,3,2
Papel,kul-tiras,239,paladin,retribution,5,3,2
Tÿy,sylvanas,234,paladin,retribution,8,4,4
Tuxa,blackrock,234,paladin,retribution,8,4,4
Dørvâp,culte-de-la-rive-noire,234,paladin,retribution,11,4,7
Millianoxys,norgannon,234,paladin,retribution,14,4,10
Andrøiz,dun-modr,234,paladin,retribution,15,4,11
Abroxis,alleria,224,paladin,retribution,10,3,7
Bigwings,stormscale,208,paladin,retribution,7,3,4
Casiimuero,los-errantes,192,paladin,retribution,4,3,1
Denko,ravencrest,192,paladin,retribution,4,3,1
Тазикчая,soulflayer,192,paladin,retribution,4,3,1
Valteryl,argent-dawn,192,paladin,retribution,4,3,1
Sharth,dalaran,192,paladin,retribution,4,3,1
Агранна,soulflayer,192,paladin,retribution,6,2,4
Kamas,antonidas,192,paladin,retribution,6,2,4
Soxsnort,twisting-nether,192,paladin,retribution,6,2,4
Месатил,deathguard,192,paladin,retribution,6,2,4
Boonner,burning-legion,192,paladin,retribution,6,2,4
Grømit,drakthul,192,paladin,retribution,6,2,4
Kael,darkspear,192,paladin,retribution,6,2,4
Leidykiler,minahonda,192,paladin,retribution,6,2,4
Azraise,stormscale,192,paladin,retribution,6,2,4
Elites,arathor,192,paladin,retribution,6,2,4
Alto,nordrassil,192,paladin,retribution,6,2,4
Galica,kazzak,192,paladin,retribution,6,2,4
Faithsealer,nordrassil,192,paladin,retribution,6,2,4
Dàk,grim-batol,192,paladin,retribution,6,2,4
Xoconuttv,ravencrest,192,paladin,retribution,6,2,4
Logmár,sanguino,192,paladin,retribution,6,2,4
Ksiladin,emeriss,192,paladin,retribution,6,2,4
Скруддж,howling-fjord,192,paladin,retribution,6,2,4
Загадзуга,howling-fjord,192,paladin,retribution,6,2,4
Daviaa,silvermoon,192,paladin,retribution,6,2,4
Crownroyal,twisting-nether,192,paladin,retribution,6,2,4
Halori,ragnaros,192,paladin,retribution,6,2,4
Hekta,wildhammer,192,paladin,retribution,6,2,4
Malbi,kazzak,192,paladin,retribution,6,2,4
Paradice,ragnaros,192,paladin,retribution,6,2,4
Rhonda,tarren-mill,192,paladin,retribution,6,2,4
Arndt,lightbringer,192,paladin,retribution,6,2,4
Arthacalan,silvermoon,192,paladin,retribution,6,2,4
Brihgiul,archimonde,192,paladin,retribution,6,2,4
Сотраногод,soulflayer,192,paladin,retribution,6,2,4
Hølly,twisting-nether,192,paladin,retribution,6,2,4
Ainnamash,twisting-nether,192,paladin,retribution,6,2,4
Lùthér,argent-dawn,192,paladin,retribution,6,2,4
Пепескарлет,howling-fjord,192,paladin,retribution,6,2,4
Вишенций,howling-fjord,192,paladin,retribution,6,2,4
Crispydixx,draenor,192,paladin,retribution,6,2,4
Lightsimper,silvermoon,192,paladin,retribution,6,2,4
Cjis,kazzak,192,paladin,retribution,6,2,4
Zixxo,outland,192,paladin,retribution,6,2,4
Debzpala,twisting-nether,192,paladin,retribution,6,2,4
Loseyourmind,burning-legion,192,paladin,retribution,6,2,4
Liféféar,tarren-mill,192,paladin,retribution,6,2,4
Palabrux,colinas-pardas,192,paladin,retribution,6,2,4
Xesta,tarren-mill,192,paladin,retribution,6,2,4
Blindevotion,the-maelstrom,192,paladin,retribution,6,2,4
Waramo,eredar,192,paladin,retribution,6,2,4
Paladéán,malganis,192,paladin,retribution,6,2,4
Escanoir,azshara,192,paladin,retribution,6,2,4
Ðeswynd,hyjal,192,paladin,retribution,6,2,4
Tusti,tarren-mill,192,paladin,retribution,6,2,4
Apokalypson,draenor,192,paladin,retribution,6,2,4
Tézzé,khaz-modan,192,paladin,retribution,6,2,4
Stupidgame,outland,192,paladin,retribution,6,2,4
Кизайрус,soulflayer,192,paladin,retribution,6,2,4
Tópgee,ravencrest,192,paladin,retribution,6,2,4
Seradawn,ravencrest,192,paladin,retribution,6,2,4
Aemind,dun-modr,192,paladin,retribution,6,2,4
Athomos,pozzo-delleternità,192,paladin,retribution,6,2,4
Heiligeeule,azshara,192,paladin,retribution,6,2,4
Elfiama,draenor,192,paladin,retribution,6,2,4
Altoangelo,outland,192,paladin,retribution,6,2,4
Shirohige,pozzo-delleternità,192,paladin,retribution,6,2,4
Tsomoo,antonidas,192,paladin,retribution,6,2,4
Pryzmath,burning-legion,192,paladin,retribution,6,2,4
Aksoû,hyjal,192,paladin,retribution,6,2,4
Allihans,antonidas,192,paladin,retribution,6,2,4
Zbykmasta,burning-legion,192,paladin,retribution,6,2,4
Panomecon,magtheridon,192,paladin,retribution,6,2,4
Coome,argent-dawn,192,paladin,retribution,6,2,4
Вольфрамтанк,soulflayer,192,paladin,retribution,6,2,4
Vrotkarpala,azjolnerub,192,paladin,retribution,6,2,4
Antitodas,argent-dawn,192,paladin,retribution,6,2,4
Frías,zuljin,192,paladin,retribution,6,2,4
Ivarlordbroc,hyjal,192,paladin,retribution,6,2,4
Ejoz,suramar,192,paladin,retribution,6,2,4
Iamdurumrush,outland,192,paladin,retribution,6,2,4
Yaxz,ravencrest,192,paladin,retribution,6,2,4
Marihuána,ragnaros,192,paladin,retribution,6,2,4
Holyape,argent-dawn,192,paladin,retribution,6,2,4
Lemarobebsi,draenor,192,paladin,retribution,6,2,4
Kapaeus,aggramar,192,paladin,retribution,6,2,4
Svåger,stormscale,192,paladin,retribution,6,2,4
Эйлара,howling-fjord,192,paladin,retribution,6,2,4
Tríckfoot,argent-dawn,192,paladin,retribution,6,2,4
Marshmallów,silvermoon,192,paladin,retribution,6,2,4
Ibus,silvermoon,192,paladin,retribution,6,2,4
Flashhèart,draenor,192,paladin,retribution,6,2,4
Aragonm,outland,192,paladin,retribution,6,2,4
Naylaeh,draenor,192,paladin,retribution,6,2,4
Flamabella,argent-dawn,192,paladin,retribution,6,2,4
Trainwréck,ravencrest,192,paladin,retribution,6,2,4
Radiantblood,ravencrest,192,paladin,retribution,6,2,4
Doormat,stormreaver,192,paladin,retribution,6,2,4
Palacheatlol,ysondre,192,paladin,retribution,6,2,4
Finnstrong,aegwynn,192,paladin,retribution,6,2,4
Theorien,silvermoon,192,paladin,retribution,6,2,4
Alberix,tarren-mill,192,paladin,retribution,6,2,4
Rdypaladin,ravencrest,192,paladin,retribution,6,2,4
Pipifeng,silvermoon,192,paladin,retribution,6,2,4
Bigolcritty,silvermoon,192,paladin,retribution,6,2,4
Csvepanszul,ragnaros,192,paladin,retribution,6,2,4
Yumhi,dun-modr,192,paladin,retribution,6,2,4
Kårnaj,archimonde,192,paladin,retribution,6,2,4
Drjudge,draenor,192,paladin,retribution,6,2,4
Tiduqt,antonidas,192,paladin,retribution,6,2,4
Lightshedder,twisting-nether,192,paladin,retribution,6,2,4
Shápzx,draenor,192,paladin,retribution,6,2,4
Fufuw,ysondre,192,paladin,retribution,6,2,4
Kíamhalifa,twisting-nether,192,paladin,retribution,6,2,4
Palek,burning-legion,192,paladin,retribution,6,2,4
Thaldriel,la-croisade-écarlate,192,paladin,retribution,6,2,4
Présidential,grim-batol,192,paladin,retribution,6,2,4
Maxunius,antonidas,192,paladin,retribution,6,2,4
Cripxoo,sanguino,192,paladin,retribution,6,2,4
Skolux,silvermoon,192,paladin,retribution,6,2,4
Necrozi,stormscale,192,paladin,retribution,6,2,4
Liana,alexstrasza,192,paladin,retribution,6,2,4
Retrikuc,stormscale,192,paladin,retribution,6,2,4
Salthar,dun-modr,192,paladin,retribution,6,2,4
Wingsftw,blackhand,192,paladin,retribution,6,2,4
Thelinara,antonidas,192,paladin,retribution,6,2,4
Nickko,ysondre,192,paladin,retribution,6,2,4
Kathly,madmortem,192,paladin,retribution,6,2,4
Krhamos,archimonde,192,paladin,retribution,6,2,4
Drasir,nemesis,192,paladin,retribution,6,2,4
Almiraj,conseil-des-ombres,192,paladin,retribution,6,2,4
Saliver,frostwolf,192,paladin,retribution,6,2,4
Chizpal,silvermoon,192,paladin,retribution,6,2,4
Starr,confrérie-du-thorium,192,paladin,retribution,6,2,4
Ashariah,die-aldor,192,paladin,retribution,6,2,4
Zuldekk,sanguino,192,paladin,retribution,6,2,4
Tybrain,blackhand,192,paladin,retribution,6,2,4
Светочпок,howling-fjord,192,paladin,retribution,6,2,4
Гачипаладинн,galakrond,192,paladin,retribution,6,2,4
Héraclèss,marécage-de-zangar,192,paladin,retribution,6,2,4
Razarus,sylvanas,192,paladin,retribution,6,2,4
Ráyøn,antonidas,192,paladin,retribution,6,2,4
Breakafly,doomhammer,192,paladin,retribution,6,2,4
Kova,sylvanas,192,paladin,retribution,6,2,4
Valanyr,kazzak,192,paladin,retribution,6,2,4
Peachead,archimonde,192,paladin,retribution,6,2,4
Blinkdrink,ragnaros,192,paladin,retribution,6,2,4
Legrandnain,archimonde,192,paladin,retribution,6,2,4
Malvax,ragnaros,192,paladin,retribution,6,2,4
Clerik,eredar,192,paladin,retribution,6,2,4
Canihavesome,sylvanas,192,paladin,retribution,6,2,4
Quennten,grim-batol,192,paladin,retribution,6,2,4
Slymm,archimonde,192,paladin,retribution,6,2,4
Афликтшаман,howling-fjord,192,paladin,retribution,6,2,4
Tindal,stormscale,192,paladin,retribution,6,2,4
Everessa,sylvanas,192,paladin,retribution,6,2,4
Hompra,outland,192,paladin,retribution,6,2,4
Zephale,sunstrider,192,paladin,retribution,6,2,4
Wzzy,ravencrest,192,paladin,retribution,6,2,4
Spellcrow,argent-dawn,192,paladin,retribution,6,2,4
Palalightdfq,dalaran,192,paladin,retribution,6,2,4
Samypalouf,naxxramas,192,paladin,retribution,6,2,4
Léks,arathi,192,paladin,retribution,6,2,4
Strøb,antonidas,192,paladin,retribution,6,2,4
Дэвайнэвил,gordunni,192,paladin,retribution,6,2,4
Maxximuss,drekthar,192,paladin,retribution,6,2,4
Onys,onyxia,192,paladin,retribution,6,2,4
Blazeê,blackrock,192,paladin,retribution,6,2,4
Сильверный,gordunni,192,paladin,retribution,6,2,4
Yami,blackrock,192,paladin,retribution,6,2,4
Румоур,gordunni,192,paladin,retribution,6,2,4
Димаходж,blackscar,192,paladin,retribution,6,2,4
Blurengo,blackrock,192,paladin,retribution,6,2,4
Xephiroxus,the-venture-co,192,paladin,retribution,6,2,4
Eneomaos,blackrock,192,paladin,retribution,6,2,4
Элестаге,gordunni,192,paladin,retribution,6,2,4
Pallyman,arthas,192,paladin,retribution,6,2,4
Gottesbann,blackrock,192,paladin,retribution,6,2,4
Vans,nazjatar,192,paladin,retribution,6,2,4
Потрепал,blackscar,192,paladin,retribution,6,2,4
Туларион,grom,192,paladin,retribution,6,2,4
Heilgaharald,blackrock,192,paladin,retribution,6,2,4
Raigun,sylvanas,192,paladin,retribution,6,2,4
Gornim,die-nachtwache,192,paladin,retribution,6,2,4
Sangrèin,nerathor,192,paladin,retribution,6,2,4
Colloss,blackmoore,192,paladin,retribution,6,2,4
Kerstyxd,blackrock,192,paladin,retribution,6,2,4
Tâmâki,thrall,192,paladin,retribution,6,2,4
Soralî,dethecus,192,paladin,retribution,6,2,4
Boturak,blackrock,192,paladin,retribution,6,2,4
Xîndra,blackmoore,192,paladin,retribution,6,2,4
Aranel,kaelthas,192,paladin,retribution,6,2,4
Никитаберс,gordunni,192,paladin,retribution,6,2,4
Gnomestomper,blackmoore,192,paladin,retribution,6,2,4
Blauerwürger,blackmoore,192,paladin,retribution,6,2,4
Pava,blackmoore,192,paladin,retribution,6,2,4
Ярлд,gordunni,192,paladin,retribution,6,2,4
Djstompyasis,blackmoore,192,paladin,retribution,6,2,4
Bozznamaan,thrall,192,paladin,retribution,6,2,4
Плат,gordunni,192,paladin,retribution,7,2,5
Votiones,tarren-mill,192,paladin,retribution,7,2,5
Damelu,frostwhisper,192,paladin,retribution,8,2,6
Samious,draenor,192,paladin,retribution,12,2,10
Chitanta,sylvanas,192,paladin,retribution,12,2,10
Kesra,die-todeskrallen,192,paladin,retribution,12,2,10
Muuclear,twisting-nether,192,paladin,retribution,12,2,10
Docdoolittle,magtheridon,192,paladin,retribution,12,2,10
Stefàn,sylvanas,192,paladin,retribution,12,2,10
Posidin,nemesis,192,paladin,retribution,12,2,10
Lihli,wildhammer,192,paladin,retribution,12,2,10
Hupson,dun-modr,192,paladin,retribution,12,2,10
Cunix,draenor,192,paladin,retribution,12,2,10
Tyrallan,ragnaros,192,paladin,retribution,12,2,10
Lâlexâ,blackrock,192,paladin,retribution,12,2,10
Beiluoshimen,archimonde,192,paladin,retribution,12,2,10
Larialaya,thrall,192,paladin,retribution,12,2,10
Svddendeäthx,ragnaros,192,paladin,retribution,12,2,10
Tressðr,dun-modr,192,paladin,retribution,12,2,10
Палагэнг,howling-fjord,192,paladin,retribution,12,2,10
Tamilekimono,archimonde,192,paladin,retribution,12,2,10
Heavenfist,stormscale,192,paladin,retribution,12,2,10
Remedios,archimonde,192,paladin,retribution,12,2,10
Verix,thrall,192,paladin,retribution,12,2,10
Kyrion,gilneas,192,paladin,retribution,12,2,10
Imperiius,stormscale,192,paladin,retribution,12,2,10
Reinwaltz,the-maelstrom,192,paladin,retribution,12,2,10
Lowfi,argent-dawn,192,paladin,retribution,12,2,10
Pârâsite,hyjal,192,paladin,retribution,12,2,10
Ashenbeast,tarren-mill,192,paladin,retribution,12,2,10
Ragneal,hyjal,192,paladin,retribution,12,2,10
Crawini,ragnaros,192,paladin,retribution,12,2,10
Erathör,sanguino,192,paladin,retribution,12,2,10
Khalyon,hyjal,192,paladin,retribution,12,2,10
Мунрейм,gordunni,192,paladin,retribution,12,2,10
Wigbilly,tarren-mill,192,paladin,retribution,12,2,10
Slayerq,outland,192,paladin,retribution,12,2,10
Berenguer,outland,192,paladin,retribution,12,2,10
Bergalerga,frostmane,192,paladin,retribution,12,2,10
Djasuo,burning-blade,192,paladin,retribution,12,2,10
Ultravíolett,kargath,192,paladin,retribution,12,2,10
Lightian,twisting-nether,192,paladin,retribution,12,2,10
Лимфома,goldrinn,192,paladin,retribution,12,2,10
Lunarrider,ravencrest,192,paladin,retribution,12,2,10
Hordium,doomhammer,192,paladin,retribution,12,2,10
Leriell,ravencrest,192,paladin,retribution,12,2,10
Séntúrús,kazzak,192,paladin,retribution,12,2,10
Angeliqué,alakir,192,paladin,retribution,12,2,10
Stormtrooper,azuremyst,192,paladin,retribution,12,2,10
Holythings,kazzak,192,paladin,retribution,12,2,10
Jacare,ravencrest,192,paladin,retribution,12,2,10
Mariuhûna,blackmoore,192,paladin,retribution,12,2,10
Bubblekanta,antonidas,192,paladin,retribution,12,2,10
Rhyua,eredar,192,paladin,retribution,12,2,10
Marex,antonidas,192,paladin,retribution,12,2,10
Zimmt,blackmoore,192,paladin,retribution,12,2,10
Poloqq,burning-legion,192,paladin,retribution,12,2,10
Ciscó,ragnaros,192,paladin,retribution,12,2,10
Snorrï,ravencrest,192,paladin,retribution,13,2,11
Kökslaktarn,sylvanas,192,paladin,retribution,21,3,18
Stillgard,ghostlands,192,paladin,retribution,15,2,13
Dawner,defias-brotherhood,192,paladin,retribution,18,2,16
Ibubbleqt,outland,192,paladin,retribution,18,2,16
Cyxanacma,silvermoon,192,paladin,retribution,18,2,16
Palakuchi,uldaman,191,paladin,retribution,6,2,4
Srdepri,sanguino,191,paladin,retribution,6,2,4
Zerocar,minahonda,191,paladin,retribution,6,2,4
Palazs,ravencrest,191,paladin,retribution,6,2,4
Duckula,ravenholdt,191,paladin,retribution,6,2,4
Zuklaus,hyjal,191,paladin,retribution,6,2,4
Dunarella,chogall,191,paladin,retribution,6,2,4
Broziopath,blackrock,191,paladin,retribution,6,2,4
Skullreaper,mannoroth,185,paladin,retribution,12,4,8
Maitrelampe,argent-dawn,180,paladin,retribution,29,7,22
Thelronis,kelthuzad,175,paladin,retribution,11,2,9
Hegolas,terrordar,175,paladin,retribution,17,2,15
Vâlthenea,dun-modr,159,paladin,retribution,5,2,3
Alerorn,kazzak,159,paladin,retribution,5,2,3
Blundd,tarren-mill,159,paladin,retribution,5,2,3
Geronimooh,vashj,159,paladin,retribution,5,2,3
Hm,argent-dawn,159,paladin,retribution,5,2,3
Heiemdall,azuremyst,159,paladin,retribution,5,2,3
Shoqzix,korgall,159,paladin,retribution,5,2,3
Serita,archimonde,159,paladin,retribution,11,2,9
Tayun,blackmoore,144,paladin,retribution,21,2,19
Еребор,howling-fjord,143,paladin,retribution,15,2,13
Braiinafk,thrall,138,paladin,retribution,6,3,3
Скелфер,soulflayer,138,paladin,retribution,8,3,5
Gerisha,blackrock,138,paladin,retribution,9,3,6
Jesamine,blackmoore,138,paladin,retribution,9,3,6
Luzk,sanguino,138,paladin,retribution,22,4,18
Qpax,twisting-nether,128,paladin,retribution,4,2,2
Kaydou,the-maelstrom,128,paladin,retribution,4,2,2
Mouzimaru,tarren-mill,128,paladin,retribution,10,2,8
Zenfuki,draenor,96,paladin,retribution,3,2,1
Aalyaah,zirkel-des-cenarius,96,paladin,retribution,3,2,1
Старыйграф,gordunni,96,paladin,retribution,6,1,5
Serberen,ravencrest,96,paladin,retribution,6,1,5
Dänie,silvermoon,96,paladin,retribution,6,1,5
Dildodin,ravencrest,96,paladin,retribution,6,1,5
Bwser,silvermoon,96,paladin,retribution,6,1,5
Vittosbubu,ravencrest,96,paladin,retribution,6,1,5
Ansonia,ravencrest,96,paladin,retribution,6,1,5
Zanszul,blackmoore,96,paladin,retribution,6,1,5
Brechtje,nagrand,96,paladin,retribution,6,1,5
Dumbala,ravencrest,96,paladin,retribution,6,1,5
Traxxces,ravencrest,96,paladin,retribution,6,1,5
Battlelord,terokkar,96,paladin,retribution,6,1,5
Блейзр,ashenvale,96,paladin,retribution,6,1,5
Hafniadin,ravencrest,96,paladin,retribution,6,1,5
Lezoom,draenor,96,paladin,retribution,6,1,5
Xôpâl,kazzak,96,paladin,retribution,6,1,5
Humbatäterä,blackmoore,96,paladin,retribution,6,1,5
Highlòrd,silvermoon,96,paladin,retribution,6,1,5
Päyback,nagrand,96,paladin,retribution,6,1,5
Безбабла,soulflayer,96,paladin,retribution,6,1,5
Ellisdee,kazzak,96,paladin,retribution,6,1,5
Tacktic,defias-brotherhood,96,paladin,retribution,6,1,5
Kefalas,ravencrest,96,paladin,retribution,6,1,5
Xblaj,draenor,96,paladin,retribution,6,1,5
Friemelaar,silvermoon,96,paladin,retribution,6,1,5
Joect,minahonda,96,paladin,retribution,6,1,5
Rekkt,ravenholdt,96,paladin,retribution,6,1,5
Palamaister,stormscale,96,paladin,retribution,6,1,5
Хулсс,deathguard,96,paladin,retribution,6,1,5
Ashtyn,kilrogg,96,paladin,retribution,6,1,5
Miawyn,blackmoore,96,paladin,retribution,6,1,5
Fraubest,antonidas,96,paladin,retribution,6,1,5
Brightboy,bronze-dragonflight,96,paladin,retribution,6,1,5
Tibiscovus,silvermoon,96,paladin,retribution,6,1,5
Tíríón,nethersturm,96,paladin,retribution,6,1,5
Omor,silvermoon,96,paladin,retribution,6,1,5
Гигаиисус,gordunni,96,paladin,retribution,6,1,5
Винзерг,ashenvale,96,paladin,retribution,6,1,5
Kambood,twisting-nether,96,paladin,retribution,6,1,5
Пилоттыч,gordunni,96,paladin,retribution,6,1,5
Жмышенко,gordunni,96,paladin,retribution,6,1,5
Oepabakkez,burning-legion,96,paladin,retribution,6,1,5
Светлаясторо,gordunni,96,paladin,retribution,6,1,5
Starcheto,silvermoon,96,paladin,retribution,6,1,5
Hølyshøckz,blackmoore,96,paladin,retribution,6,1,5
Késha,malganis,96,paladin,retribution,6,1,5
Blitskikker,kazzak,96,paladin,retribution,6,1,5
Cazzanova,draenor,96,paladin,retribution,6,1,5
Devastation,blackhand,96,paladin,retribution,6,1,5
Náira,blackrock,96,paladin,retribution,6,1,5
Naska,nemesis,96,paladin,retribution,6,1,5
Raul,silvermoon,96,paladin,retribution,6,1,5
Slainer,zuljin,96,paladin,retribution,6,1,5
Nijówka,burning-legion,96,paladin,retribution,6,1,5
Évo,drakthul,96,paladin,retribution,6,1,5
Holyherb,the-maelstrom,96,paladin,retribution,6,1,5
Týrone,blackrock,96,paladin,retribution,6,1,5
Plasmadieter,blackrock,96,paladin,retribution,6,1,5
Кэйно,soulflayer,96,paladin,retribution,6,1,5
Pripravka,burning-blade,96,paladin,retribution,6,1,5
Unkxd,outland,96,paladin,retribution,6,1,5
Diggs,draenor,96,paladin,retribution,6,1,5
Palkek,drakthul,96,paladin,retribution,6,1,5
Pussas,burning-legion,96,paladin,retribution,6,1,5
Hyggë,sanguino,96,paladin,retribution,6,1,5
Styleez,blackrock,96,paladin,retribution,6,1,5
Zlätän,outland,96,paladin,retribution,6,1,5
Jily,suramar,96,paladin,retribution,6,1,5
Sfantull,spinebreaker,96,paladin,retribution,6,1,5
Rataxes,stormreaver,96,paladin,retribution,6,1,5
Hiilton,silvermoon,96,paladin,retribution,6,1,5
Bobsing,silvermoon,96,paladin,retribution,6,1,5
Apodyktyczny,outland,96,paladin,retribution,6,1,5
Thaderyl,auchindoun,96,paladin,retribution,6,1,5
Neuverse,tarren-mill,96,paladin,retribution,6,1,5
Dunksunk,draenor,96,paladin,retribution,6,1,5
Tubie,draenor,96,paladin,retribution,6,1,5
Хилтонепта,gordunni,96,paladin,retribution,6,1,5
Omranator,stormscale,96,paladin,retribution,6,1,5
Ookleb,tarren-mill,96,paladin,retribution,6,1,5
Akagami,ysondre,96,paladin,retribution,6,1,5
Zeroskills,tarren-mill,96,paladin,retribution,6,1,5
Skankkhunt,hyjal,96,paladin,retribution,6,1,5
Эльтарус,soulflayer,96,paladin,retribution,6,1,5
Alextrazite,kazzak,96,paladin,retribution,6,1,5
Paladzor,twisting-nether,96,paladin,retribution,6,1,5
Kanollaras,tarren-mill,96,paladin,retribution,6,1,5
Killomall,defias-brotherhood,96,paladin,retribution,6,1,5
Tifer,sanguino,96,paladin,retribution,6,1,5
Liqudic,bloodscalp,96,paladin,retribution,6,1,5
Monmo,emerald-dream,96,paladin,retribution,6,1,5
Румпа,eversong,96,paladin,retribution,6,1,5
Dawnbringer,stormscale,96,paladin,retribution,6,1,5
Wingzko,draenor,96,paladin,retribution,6,1,5
Kurå,sargeras,96,paladin,retribution,6,1,5
Skarium,hyjal,96,paladin,retribution,6,1,5
Sínístre,hyjal,96,paladin,retribution,6,1,5
Nôxi,garona,96,paladin,retribution,6,1,5
Édèn,les-sentinelles,96,paladin,retribution,6,1,5
Galad,exodar,96,paladin,retribution,6,1,5
Tularet,les-clairvoyants,96,paladin,retribution,6,1,5
Shanilia,argent-dawn,96,paladin,retribution,6,1,5
Tozzey,defias-brotherhood,96,paladin,retribution,6,1,5
Røse,argent-dawn,96,paladin,retribution,6,1,5
Aluzza,sylvanas,96,paladin,retribution,6,1,5
Equalizer,kilrogg,96,paladin,retribution,6,1,5
Shiakaron,terenas,96,paladin,retribution,6,1,5
Donpascualo,dun-modr,96,paladin,retribution,6,1,5
Sanctùs,argent-dawn,96,paladin,retribution,6,1,5
Taraniah,argent-dawn,96,paladin,retribution,6,1,5
Holyloa,laughing-skull,96,paladin,retribution,6,1,5
Thozne,cthun,96,paladin,retribution,6,1,5
Graphpora,argent-dawn,96,paladin,retribution,6,1,5
Zefiehd,dun-modr,96,paladin,retribution,6,1,5
Holyhannes,blackmoore,96,paladin,retribution,6,1,5
Palabrüx,dun-modr,96,paladin,retribution,6,1,5
Tazsol,kazzak,96,paladin,retribution,6,1,5
Notanother,ravencrest,96,paladin,retribution,6,1,5
Молотуля,howling-fjord,96,paladin,retribution,6,1,5
Vindorus,archimonde,96,paladin,retribution,6,1,5
Pilowpallo,kazzak,96,paladin,retribution,6,1,5
Stabilisator,blackrock,96,paladin,retribution,6,1,5
Subzery,blackrock,96,paladin,retribution,6,1,5
Jûliâ,archimonde,96,paladin,retribution,6,1,5
Bráders,thunderhorn,96,paladin,retribution,6,1,5
Shabbyy,bronzebeard,96,paladin,retribution,6,1,5
Syfaria,eldrethalas,96,paladin,retribution,6,1,5
Karo,wildhammer,96,paladin,retribution,6,1,5
Ilaris,amanthul,96,paladin,retribution,6,1,5
Zandathor,chamber-of-aspects,96,paladin,retribution,6,1,5
Светиздырки,howling-fjord,96,paladin,retribution,6,1,5
Tamuz,chamber-of-aspects,96,paladin,retribution,6,1,5
Galaxxumi,ragnaros,96,paladin,retribution,6,1,5
Xarssia,thrall,96,paladin,retribution,6,1,5
Mewlight,aggra-português,96,paladin,retribution,6,1,5
Methynox,khaz-modan,96,paladin,retribution,6,1,5
Palatarlouze,khaz-modan,96,paladin,retribution,6,1,5
Isseiikun,archimonde,96,paladin,retribution,6,1,5
Mèlow,dalaran,96,paladin,retribution,6,1,5
Bôomayé,archimonde,96,paladin,retribution,6,1,5
Amnell,marécage-de-zangar,96,paladin,retribution,6,1,5
Bigorbøøbs,archimonde,96,paladin,retribution,6,1,5
Pétaìn,archimonde,96,paladin,retribution,6,1,5
Wiiso,grim-batol,96,paladin,retribution,6,1,5
Istani,twisting-nether,96,paladin,retribution,6,1,5
Pyhätkonstit,twisting-nether,96,paladin,retribution,6,1,5
Монспьет,borean-tundra,96,paladin,retribution,6,1,5
Thalarion,twisting-nether,96,paladin,retribution,6,1,5
Jehovaa,ragnaros,96,paladin,retribution,6,1,5
Eylina,ragnaros,96,paladin,retribution,6,1,5
Ragie,twisting-nether,96,paladin,retribution,6,1,5
Zpartaz,ragnaros,96,paladin,retribution,6,1,5
Aggressìon,twisting-nether,96,paladin,retribution,6,1,5
Lionie,grim-batol,96,paladin,retribution,6,1,5
Defuzes,twisting-nether,96,paladin,retribution,6,1,5
Borons,silvermoon,96,paladin,retribution,9,1,8
Xvoodoo,antonidas,96,paladin,retribution,11,1,10
Kavíár,kazzak,96,paladin,retribution,12,1,11
Jayce,durotan,96,paladin,retribution,12,1,11
Malvado,blackhand,96,paladin,retribution,12,1,11
Stealop,malfurion,96,paladin,retribution,12,1,11
Zerosixsix,silvermoon,96,paladin,retribution,12,1,11
Elisun,twisting-nether,96,paladin,retribution,12,1,11
Vali,burning-blade,96,paladin,retribution,12,1,11
Anemonaa,argent-dawn,96,paladin,retribution,12,1,11
Dondadajr,ysondre,96,paladin,retribution,12,1,11
Lokinder,pozzo-delleternità,96,paladin,retribution,12,1,11
Hout,archimonde,96,paladin,retribution,12,1,11
Lylu,aggramar,96,paladin,retribution,12,1,11
Nauy,korgall,96,paladin,retribution,12,1,11
Ляпкин,fordragon,96,paladin,retribution,12,1,11
Rajden,ravencrest,96,paladin,retribution,12,1,11
Kaelorian,silvermoon,96,paladin,retribution,12,1,11
Wârlørd,sylvanas,96,paladin,retribution,12,1,11
Создаюволны,gordunni,96,paladin,retribution,12,1,11
Jaexpaladin,draenor,96,paladin,retribution,12,1,11
Akinret,twisting-nether,96,paladin,retribution,12,1,11
Brengier,dun-morogh,96,paladin,retribution,24,1,23
Leon,veknilash,95,paladin,retribution,3,2,1
Charlybrown,archimonde,95,paladin,retribution,6,1,5
Mittyswag,kazzak,84,paladin,retribution,15,4,11
Rhauk,dun-modr,79,paladin,retribution,5,1,4
Albertina,silvermoon,79,paladin,retribution,5,1,4
Quietus,archimonde,64,paladin,retribution,4,1,3
Snobypala,onyxia,64,paladin,retribution,4,1,3
Чиленикс,soulflayer,63,paladin,retribution,2,2,0
Lafrogge,culte-de-la-rive-noire,48,paladin,retribution,3,1,2
Níthrael,ragnaros,48,paladin,retribution,3,1,2
Reliikt,blackrock,48,paladin,retribution,3,1,2
Варкуш,soulflayer,48,paladin,retribution,3,1,2
Doruk,stormscale,48,paladin,retribution,9,1,8
Bálerion,bronze-dragonflight,42,paladin,retribution,11,3,8
Aldèbaràn,pozzo-delleternità,42,paladin,retribution,12,3,9
Блейзблю,howling-fjord,42,paladin,retribution,8,2,6
Izõu,aegwynn,42,paladin,retribution,9,2,7
Böserbube,tarren-mill,42,paladin,retribution,13,2,11
Melkmy,laughing-skull,31,paladin,retribution,2,1,1
Exødius,sinstralis,16,paladin,retribution,1,1,0
Lightsile,silvermoon,16,paladin,retribution,1,1,0
Ornsein,sylvanas,16,paladin,retribution,1,1,0
Паланр,fordragon,16,paladin,retribution,1,1,0
Arbuzno,draenor,1955,paladin,protection,72,53,19
Hoodnachoz,outland,1842,paladin,protection,36,30,6
Âmba,blackrock,1751,paladin,protection,69,45,24
Sterben,aegwynn,1750,paladin,protection,72,35,37
Sartshield,aerie-peak,1734,paladin,protection,54,34,20
Leotheron,boulderfist,1733,paladin,protection,283,194,89
Гниленький,razuvious,1712,paladin,protection,29,20,9
Arkhàn,ravencrest,1708,paladin,protection,113,74,39
Justífiéd,kazzak,1683,paladin,protection,42,20,22
Statscowski,thrall,1678,paladin,protection,43,25,18
Maximumtaste,ravencrest,1662,paladin,protection,30,22,8
Collinnawin,aegwynn,1661,paladin,protection,255,124,131
Tippressure,ravencrest,1630,paladin,protection,40,26,14
Sonnywalkman,twisting-nether,1620,paladin,protection,18,17,1
Timbadin,frostwolf,1608,paladin,protection,47,32,15
Elitest,hyjal,1560,paladin,protection,195,75,120
Schrikii,archimonde,1556,paladin,protection,72,44,28
Bariy,auchindoun,1550,paladin,protection,53,34,19
Phlakorn,blackhand,1525,paladin,protection,48,29,19
Craft,frostwolf,1524,paladin,protection,58,28,30
Mocnyreka,silvermoon,1503,paladin,protection,71,40,31
Силугор,soulflayer,1498,paladin,protection,48,26,22
Gabubex,tarren-mill,1482,paladin,protection,153,93,60
Supremerage,silvermoon,1474,paladin,protection,80,42,38
Uswieconyra,silvermoon,1470,paladin,protection,77,37,40
Neopronouns,minahonda,1465,paladin,protection,30,20,10
Ðizzmo,bloodfeather,1462,paladin,protection,88,48,40
Oldsqlmofu,blackrock,1461,paladin,protection,31,22,9
Sìlver,conseil-des-ombres,1461,paladin,protection,42,21,21
Haringoth,argent-dawn,1459,paladin,protection,66,35,31
Vivalabeef,stormscale,1431,paladin,protection,24,15,9
Маиэр,gordunni,1420,paladin,protection,24,15,9
Galevar,argent-dawn,1416,paladin,protection,134,65,69
Youness,ysondre,1403,paladin,protection,243,127,116
Ponce,los-errantes,1400,paladin,protection,42,19,23
Баибар,soulflayer,1378,paladin,protection,162,89,73
Swiatlomiecz,silvermoon,1378,paladin,protection,48,18,30
Medium,frostwolf,1362,paladin,protection,29,15,14
Ðivine,stormscale,1359,paladin,protection,130,60,70
Lóu,hyjal,1340,paladin,protection,92,45,47
Vangorn,burning-legion,1334,paladin,protection,58,29,29
Shybia,kirin-tor,1327,paladin,protection,35,19,16
Galadrion,dun-modr,1321,paladin,protection,23,14,9
Helladin,haomarush,1317,paladin,protection,78,29,49
Bobilous,twisting-nether,1310,paladin,protection,23,14,9
Velkar,frostmane,1310,paladin,protection,124,63,61
Zerhakz,ysondre,1310,paladin,protection,84,41,43
Бранв,gordunni,1305,paladin,protection,54,30,24
Dolff,argent-dawn,1301,paladin,protection,30,14,16
Flakkson,stormscale,1300,paladin,protection,185,69,116
Jûstice,kirin-tor,1298,paladin,protection,134,63,71
Gaffel,dethecus,1288,paladin,protection,41,19,22
Leadfoot,argent-dawn,1286,paladin,protection,51,32,19
Trufetteuh,hyjal,1283,paladin,protection,178,90,88
Yunalêsca,mugthol,1283,paladin,protection,131,59,72
Manupierre,ysondre,1270,paladin,protection,48,22,26
Ragonas,mannoroth,1255,paladin,protection,36,15,21
Milliemaître,elune,1253,paladin,protection,90,41,49
Krispce,bloodhoof,1246,paladin,protection,36,18,18
Elkka,azjolnerub,1246,paladin,protection,47,15,32
Ichbin,sanguino,1237,paladin,protection,231,94,137
Faranume,sylvanas,1227,paladin,protection,24,16,8
Augroni,antonidas,1227,paladin,protection,117,50,67
Хэбит,soulflayer,1208,paladin,protection,78,36,42
Valeriu,stormreaver,1205,paladin,protection,36,14,22
Sutbeyaz,twisting-nether,1201,paladin,protection,20,14,6
Xrules,blackhand,1201,paladin,protection,47,21,26
Butchertom,ravencrest,1184,paladin,protection,23,14,9
Celyne,kirin-tor,1180,paladin,protection,36,14,22
Проц,soulflayer,1179,paladin,protection,54,20,34
Антоним,gordunni,1143,paladin,protection,18,12,6
Whiteraven,rexxar,1126,paladin,protection,24,12,12
Tíríón,nethersturm,1124,paladin,protection,24,12,12
Rudra,kiljaeden,1086,paladin,protection,29,12,17
Yruqrem,ravencrest,1055,paladin,protection,18,11,7
Шмыгапал,eversong,1049,paladin,protection,26,11,15
Vladium,argent-dawn,1046,paladin,protection,24,11,13
Lotheriem,argent-dawn,992,paladin,protection,42,11,31
Толинель,soulflayer,990,paladin,protection,17,11,6
Savión,silvermoon,957,paladin,protection,12,10,2
Maeltesar,kult-der-verdammten,955,paladin,protection,13,10,3
Thrinea,blackrock,944,paladin,protection,24,10,14
Vader,arygos,795,paladin,protection,22,9,13
Thraliss,hyjal,767,paladin,protection,12,8,4
Fumbz,alakir,767,paladin,protection,12,8,4
Eriellè,kazzak,766,paladin,protection,12,8,4
Lägolas,thrall,701,paladin,protection,17,8,9
Mørfi,antonidas,687,paladin,protection,11,8,3
Kraljevic,silvermoon,672,paladin,protection,12,7,5
Comic,frostwolf,672,paladin,protection,12,7,5
Ванябублгам,soulflayer,672,paladin,protection,18,7,11
Figustyle,archimonde,605,paladin,protection,16,7,9
Emistesia,stormscale,576,paladin,protection,6,6,0
Marihuána,ragnaros,576,paladin,protection,18,6,12
Casstiel,anetheron,575,paladin,protection,12,6,6
Ekenpala,kazzak,575,paladin,protection,12,6,6
Exion,ravenholdt,543,paladin,protection,11,6,5
Furiosio,ysondre,543,paladin,protection,15,7,8
Arkera,blackrock,494,paladin,protection,19,6,13
Кельдерик,howling-fjord,480,paladin,protection,6,5,1
Emakk,darksorrow,480,paladin,protection,12,5,7
Emistesía,stormscale,480,paladin,protection,12,5,7
Кооениксз,blackscar,480,paladin,protection,18,5,13
Lithera,outland,480,paladin,protection,24,5,19
Onefrostyboi,defias-brotherhood,479,paladin,protection,12,5,7
Xairios,blackhand,479,paladin,protection,12,5,7
Такуан,fordragon,479,paladin,protection,12,5,7
Quantox,frostwolf,478,paladin,protection,24,5,19
Aarrb,sylvanas,438,paladin,protection,27,8,19
Testos,ulduar,384,paladin,protection,6,4,2
Æåæxâëæ,dun-modr,384,paladin,protection,6,4,2
Inqontrol,burning-legion,384,paladin,protection,6,4,2
Fleshoflight,arathor,384,paladin,protection,6,4,2
Røse,argent-dawn,384,paladin,protection,12,4,8
Palan,cthun,384,paladin,protection,12,4,8
Снайпик,azuregos,384,paladin,protection,12,4,8
Astragore,archimonde,384,paladin,protection,18,4,14
Valädar,sanguino,351,paladin,protection,11,4,7
Дюве,blackscar,351,paladin,protection,11,4,7
Æero,blackhand,288,paladin,protection,6,3,3
Babaluga,blackrock,288,paladin,protection,6,3,3
Рустиктоп,gordunni,288,paladin,protection,6,3,3
Swäagg,hyjal,288,paladin,protection,6,3,3
Bloodynox,dentarg,288,paladin,protection,6,3,3
Zuplex,deathwing,288,paladin,protection,6,3,3
Aümagad,confrérie-du-thorium,288,paladin,protection,6,3,3
Duxbellorum,the-maelstrom,288,paladin,protection,12,3,9
Slainer,zuljin,288,paladin,protection,12,3,9
Biffle,korgall,288,paladin,protection,12,3,9
Crimsons,draenor,288,paladin,protection,12,3,9
Kawakai,blackrock,287,paladin,protection,12,3,9
Meneth,elune,240,paladin,protection,9,3,6
Yourmomz,kazzak,239,paladin,protection,5,3,2
Gornim,die-nachtwache,192,paladin,protection,6,2,4
Zinetp,tarren-mill,192,paladin,protection,6,2,4
Derina,silvermoon,192,paladin,protection,6,2,4
Синерина,blackscar,192,paladin,protection,6,2,4
Khrak,conseil-des-ombres,192,paladin,protection,12,2,10
Palacaplaca,cthun,175,paladin,protection,11,2,9
Soxsnort,twisting-nether,159,paladin,protection,5,2,3
Чиксапомойка,gordunni,96,paladin,protection,6,1,5
Taptreus,antonidas,96,paladin,protection,6,1,5
Bugo,drakthul,96,paladin,protection,6,1,5
Thôrwald,les-sentinelles,96,paladin,protection,12,1,11
Lokinder,pozzo-delleternità,96,paladin,protection,12,1,11
Солошафл,howling-fjord,42,paladin,protection,12,4,8
Candrä,archimonde,2213,priest,holy,96,52,44
Køzukï,ravencrest,2167,priest,holy,275,144,131
Itsmeminglee,ravencrest,2143,priest,holy,132,68,64
Leadeur,kazzak,2104,priest,holy,283,145,138
Lmnsqzy,ravencrest,2087,priest,holy,130,69,61
Yhoundey,blackrock,2045,priest,holy,87,44,43
Yötönyö,ravencrest,2043,priest,holy,60,32,28
Peisetti,stormscale,2024,priest,holy,84,42,42
Кальвейт,deathweaver,2020,priest,holy,181,92,89
Ladá,stormscale,1993,priest,holy,180,96,84
Testdeath,ravencrest,1963,priest,holy,90,52,38
Tangent,ravencrest,1945,priest,holy,265,144,121
Cosines,ravencrest,1944,priest,holy,137,73,64
Шотыказау,blackscar,1942,priest,holy,173,91,82
Výra,der-rat-von-dalaran,1926,priest,holy,101,61,40
Carlitastock,eredar,1926,priest,holy,65,32,33
Boonlai,ravencrest,1897,priest,holy,47,25,22
Grafius,stormscale,1885,priest,holy,48,26,22
Tmnstrtw,alakir,1879,priest,holy,126,63,63
Feararenaone,outland,1868,priest,holy,42,23,19
Zuniya,tarren-mill,1868,priest,holy,60,30,30
Nakkenils,tarren-mill,1867,priest,holy,52,26,26
Fleischesser,ravencrest,1862,priest,holy,62,33,29
Beatrixz,twisting-nether,1852,priest,holy,384,199,185
Weezing,ysondre,1851,priest,holy,132,66,66
Rippertmepls,ravencrest,1850,priest,holy,124,73,51
Servêy,twisting-nether,1845,priest,holy,42,22,20
Лоаресс,gordunni,1843,priest,holy,102,47,55
Finizkram,sylvanas,1840,priest,holy,48,25,23
Thelunara,sanguino,1838,priest,holy,98,53,45
Dmnz,blackrock,1836,priest,holy,87,39,48
Kaiikoo,ravencrest,1824,priest,holy,54,31,23
Yateh,blackmoore,1824,priest,holy,62,32,30
Катккат,soulflayer,1823,priest,holy,48,27,21
Гоплзнекст,gordunni,1823,priest,holy,465,236,229
Jim,saurfang,1818,priest,holy,286,146,140
Møhammed,wrathbringer,1817,priest,holy,353,181,172
Ancientalien,khadgar,1817,priest,holy,66,29,37
Dogshtpriest,ravencrest,1815,priest,holy,126,74,52
Sayne,arathor,1815,priest,holy,168,91,77
Maruh,malganis,1812,priest,holy,113,60,53
Dmnz,antonidas,1811,priest,holy,40,22,18
Eriónd,ravencrest,1811,priest,holy,66,34,32
Muchos,blackrock,1811,priest,holy,132,61,71
Kaalu,frostmane,1809,priest,holy,254,131,123
Lenyp,sanguino,1809,priest,holy,168,82,86
Lîrana,ravencrest,1803,priest,holy,136,82,54
Soulwordpain,ragnaros,1802,priest,holy,60,29,31
Verycute,argent-dawn,1801,priest,holy,36,24,12
Teatime,aegwynn,1800,priest,holy,84,42,42
Найтингеилл,gordunni,1797,priest,holy,78,38,40
Kunen,sanguino,1789,priest,holy,138,77,61
Друмги,gordunni,1787,priest,holy,173,80,93
Psi,hakkar,1782,priest,holy,348,188,160
Dranbor,argent-dawn,1773,priest,holy,226,124,102
Stanyú,tarren-mill,1770,priest,holy,48,21,27
Bigwik,tarren-mill,1764,priest,holy,77,36,41
Servey,twisting-nether,1764,priest,holy,48,20,28
Basilette,hyjal,1761,priest,holy,48,27,21
Holyholy,stormscale,1761,priest,holy,62,24,38
Myste,nemesis,1751,priest,holy,103,55,48
Harmónia,outland,1744,priest,holy,193,102,91
Weezïng,ysondre,1742,priest,holy,108,60,48
Siign,ravencrest,1740,priest,holy,72,32,40
Wèèzing,ysondre,1733,priest,holy,102,59,43
Sàweetie,archimonde,1721,priest,holy,54,27,27
Alpháømegá,outland,1719,priest,holy,129,68,61
Marcopp,kazzak,1713,priest,holy,66,28,38
Anníng,tarren-mill,1708,priest,holy,186,108,78
Pigdestroyin,frostmane,1708,priest,holy,71,41,30
Dolens,argent-dawn,1699,priest,holy,112,55,57
Sisko,stormscale,1699,priest,holy,66,32,34
Jinxa,draenor,1692,priest,holy,54,21,33
Jâde,bloodhoof,1690,priest,holy,138,78,60
Calithria,kazzak,1689,priest,holy,202,109,93
Shizzlol,silvermoon,1683,priest,holy,396,192,204
Meanbabe,argent-dawn,1683,priest,holy,48,22,26
Кэрия,blackscar,1680,priest,holy,107,56,51
Phobò,blackrock,1678,priest,holy,89,42,47
Gladíator,blackhand,1677,priest,holy,102,58,44
Gokumødex,outland,1676,priest,holy,54,24,30
Каткааткат,soulflayer,1674,priest,holy,48,23,25
Kÿokó,ravencrest,1670,priest,holy,72,40,32
Limeslayerx,veklor,1668,priest,holy,48,35,13
Ilenna,dun-morogh,1665,priest,holy,108,60,48
Gigotdagneau,dalaran,1663,priest,holy,47,20,27
Stickpas,ysondre,1661,priest,holy,41,18,23
Stinkydog,kazzak,1660,priest,holy,346,173,173
Fízwow,stormscale,1659,priest,holy,88,38,50
Jiffie,twisting-nether,1655,priest,holy,54,23,31
Oide,area-52,1653,priest,holy,54,28,26
Gigamind,blackrock,1650,priest,holy,36,23,13
Bzzdontplay,ravencrest,1650,priest,holy,126,64,62
Swd,burning-blade,1650,priest,holy,40,18,22
Simpadisco,ravencrest,1649,priest,holy,48,24,24
Rankonejames,silvermoon,1647,priest,holy,41,20,21
Câlyr,ragnaros,1647,priest,holy,48,21,27
Xzklolz,twisting-nether,1646,priest,holy,95,51,44
Sausageboy,tarren-mill,1640,priest,holy,123,54,69
Caihla,silvermoon,1639,priest,holy,42,22,20
Gøkumodex,tarren-mill,1639,priest,holy,46,22,24
Løøney,kazzak,1638,priest,holy,48,30,18
Xianxia,twisting-nether,1636,priest,holy,154,77,77
Эльдиремонт,gordunni,1631,priest,holy,124,56,68
Çhéåtçødé,ravencrest,1627,priest,holy,84,42,42
Инзора,gordunni,1624,priest,holy,135,74,61
Wåtrux,alakir,1624,priest,holy,435,228,207
Budgetdp,archimonde,1622,priest,holy,90,39,51
Sïxsïxsïx,ravencrest,1620,priest,holy,49,24,25
Malaki,ysondre,1618,priest,holy,62,34,28
Ksn,silvermoon,1618,priest,holy,110,58,52
Gnomemonk,stormscale,1618,priest,holy,150,74,76
Adare,sanguino,1618,priest,holy,48,22,26
Xxmybaxxo,archimonde,1617,priest,holy,30,21,9
Alchemïst,ravencrest,1617,priest,holy,46,21,25
Smïlë,ravencrest,1616,priest,holy,204,102,102
Ysun,tarren-mill,1616,priest,holy,48,20,28
Lupinx,terokkar,1615,priest,holy,60,38,22
Coolwnbnamex,ravencrest,1614,priest,holy,36,19,17
Affro,drakthul,1613,priest,holy,54,27,27
Shanya,thrall,1613,priest,holy,257,127,130
Нубстрим,gordunni,1611,priest,holy,60,28,32
Xzklol,twisting-nether,1610,priest,holy,74,39,35
Alizeé,nazjatar,1609,priest,holy,179,100,79
Ysalute,sylvanas,1608,priest,holy,33,18,15
Ghettothug,darksorrow,1608,priest,holy,72,31,41
Преттисмайл,gordunni,1607,priest,holy,223,104,119
Salvatíon,sanguino,1607,priest,holy,106,46,60
Prëdz,stormscale,1606,priest,holy,238,129,109
Dìsclol,draenor,1605,priest,holy,93,50,43
Anabananaa,ravencrest,1604,priest,holy,88,50,38
Мамкалол,soulflayer,1604,priest,holy,228,109,119
Eox,kazzak,1602,priest,holy,42,23,19
Joeasaurs,ragnaros,1602,priest,holy,106,51,55
Zxø,ravencrest,1601,priest,holy,160,88,72
Imbitterx,stormscale,1600,priest,holy,41,26,15
Cleoana,blackhand,1600,priest,holy,42,23,19
Anaqt,silvermoon,1593,priest,holy,101,56,45
Eleutheria,grim-batol,1592,priest,holy,75,36,39
Dairox,blackrock,1584,priest,holy,143,77,66
Koíré,defias-brotherhood,1582,priest,holy,368,193,175
Drunkshufler,stormscale,1581,priest,holy,78,43,35
Goytka,tarren-mill,1576,priest,holy,66,31,35
Aykò,blackmoore,1574,priest,holy,114,54,60
Dény,ravencrest,1573,priest,holy,102,56,46
Icybae,archimonde,1572,priest,holy,48,34,14
Jukester,stormscale,1572,priest,holy,44,23,21
Cølï,ravencrest,1572,priest,holy,55,25,30
Highn,anetheron,1570,priest,holy,60,33,27
Gratcrug,stormrage,1570,priest,holy,48,26,22
Camina,shattered-hand,1569,priest,holy,141,76,65
Sehlia,kazzak,1565,priest,holy,283,146,137
Goofdookie,outland,1563,priest,holy,36,20,16
Overdosedtw,die-aldor,1561,priest,holy,36,24,12
Xïâ,hyjal,1561,priest,holy,42,19,23
Rozå,argent-dawn,1560,priest,holy,84,48,36
Nastylex,magtheridon,1559,priest,holy,36,21,15
Eddíémorphin,kazzak,1558,priest,holy,36,19,17
Elmaestrø,aegwynn,1558,priest,holy,48,25,23
Kubbarn,stormscale,1549,priest,holy,255,141,114
Смайткен,gordunni,1549,priest,holy,42,19,23
Troedelsuppe,destromath,1546,priest,holy,42,19,23
Phobò,antonidas,1545,priest,holy,170,79,91
Маквиэлла,howling-fjord,1542,priest,holy,36,24,12
Senkín,aegwynn,1542,priest,holy,161,78,83
Isadriel,madmortem,1541,priest,holy,52,31,21
Èlysium,grim-batol,1540,priest,holy,48,28,20
Evabae,the-maelstrom,1537,priest,holy,54,29,25
Hyonra,kazzak,1536,priest,holy,66,34,32
Hwren,auchindoun,1535,priest,holy,186,101,85
Vregoa,twisting-nether,1532,priest,holy,36,17,19
Aethanira,ravencrest,1532,priest,holy,60,27,33
Justheal,stormscale,1530,priest,holy,60,28,32
Seeyae,archimonde,1528,priest,holy,36,17,19
Womanwonderf,ravencrest,1521,priest,holy,83,40,43
Divinetouch,ravencrest,1516,priest,holy,78,35,43
Кодис,gordunni,1515,priest,holy,18,16,2
Dokkaebì,kazzak,1514,priest,holy,135,67,68
Voodoo,the-maelstrom,1510,priest,holy,114,50,64
Cartøøns,ravencrest,1506,priest,holy,66,39,27
Pleistex,sylvanas,1506,priest,holy,48,27,21
Thalane,das-konsortium,1504,priest,holy,48,23,25
Wilby,archimonde,1503,priest,holy,48,21,27
Kotipope,silvermoon,1502,priest,holy,74,38,36
Dogfacex,ravencrest,1501,priest,holy,54,24,30
Karpiest,stormscale,1500,priest,holy,119,65,54
Fjonnski,blackmoore,1500,priest,holy,61,33,28
Xnda,ravencrest,1500,priest,holy,78,33,45
Msmsmsm,frostwhisper,1496,priest,holy,42,24,18
Usw,outland,1496,priest,holy,69,23,46
Заволончик,blackscar,1494,priest,holy,102,48,54
Malkàv,hyjal,1493,priest,holy,54,28,26
Краббожий,greymane,1493,priest,holy,53,22,31
Эилинг,gordunni,1492,priest,holy,234,127,107
Draster,blackrock,1490,priest,holy,53,28,25
Rines,thrall,1488,priest,holy,183,92,91
Mylini,silvermoon,1476,priest,holy,216,121,95
Zlejkadlec,drakthul,1476,priest,holy,93,47,46
Willxzz,silvermoon,1475,priest,holy,42,16,26
Sïlvëräzz,drekthar,1472,priest,holy,53,25,28
Pprxd,ysondre,1472,priest,holy,54,25,29
Maah,defias-brotherhood,1471,priest,holy,80,46,34
Fatherliam,emerald-dream,1469,priest,holy,54,24,30
Xytael,burning-legion,1466,priest,holy,120,67,53
Fabs,laughing-skull,1465,priest,holy,73,47,26
Hmanco,burning-legion,1465,priest,holy,335,178,157
Symbolofhope,ravencrest,1465,priest,holy,201,105,96
Sixtyseven,blackhand,1464,priest,holy,78,39,39
Ptiteminette,archimonde,1462,priest,holy,44,25,19
Isilros,dalaran,1460,priest,holy,52,28,24
Liquoriced,tarren-mill,1460,priest,holy,43,23,20
Suxino,stormscale,1455,priest,holy,185,94,91
Пингзеро,soulflayer,1454,priest,holy,190,95,95
Mcdeady,tarren-mill,1454,priest,holy,42,19,23
Snåttabaias,stormscale,1451,priest,holy,35,19,16
Mezegis,draenor,1449,priest,holy,48,26,22
Ilkar,archimonde,1447,priest,holy,90,43,47
Иссатея,galakrond,1443,priest,holy,66,33,33
Angrk,kazzak,1441,priest,holy,84,51,33
Jaisuu,ravencrest,1439,priest,holy,30,15,15
Elessee,the-maelstrom,1439,priest,holy,101,49,52
Sqwabblepee,stormscale,1438,priest,holy,53,27,26
Lylska,stormreaver,1437,priest,holy,36,15,21
Fomstable,outland,1435,priest,holy,54,34,20
Slakkieslak,archimonde,1435,priest,holy,67,39,28
Momopriesto,draenor,1435,priest,holy,47,20,27
Maerlene,nemesis,1433,priest,holy,54,31,23
Hoeneygodx,antonidas,1432,priest,holy,36,16,20
Tavra,stormscale,1428,priest,holy,84,38,46
Fizzlesp,tarren-mill,1425,priest,holy,30,15,15
Alphacub,ragnaros,1425,priest,holy,82,36,46
Алеброн,gordunni,1421,priest,holy,36,19,17
Bilbobanging,aggramar,1419,priest,holy,30,15,15
Kbakå,kazzak,1419,priest,holy,78,37,41
Geilerheiler,dalvengyr,1416,priest,holy,24,15,9
Lómesilme,dun-modr,1416,priest,holy,235,122,113
Eliíah,outland,1415,priest,holy,24,15,9
Virginmaris,sanguino,1415,priest,holy,113,64,49
Penvon,ravencrest,1415,priest,holy,66,22,44
Hyonzy,silvermoon,1412,priest,holy,177,91,86
Markianos,silvermoon,1412,priest,holy,114,58,56
Ròka,ysondre,1410,priest,holy,54,24,30
Мектран,gordunni,1408,priest,holy,54,27,27
Hara,elune,1407,priest,holy,47,20,27
Zellita,ravencrest,1406,priest,holy,96,39,57
Bifs,blackmoore,1405,priest,holy,50,32,18
Scartay,outland,1405,priest,holy,29,15,14
Blacklemons,thrall,1403,priest,holy,48,26,22
Scrxppe,twisting-nether,1402,priest,holy,42,26,16
Вакидзачи,gordunni,1402,priest,holy,209,105,104
Dødy,hyjal,1400,priest,holy,24,15,9
Neoark,archimonde,1397,priest,holy,164,83,81
Certe,twisting-nether,1396,priest,holy,133,66,67
Rägà,archimonde,1388,priest,holy,85,46,39
Lädi,ravencrest,1388,priest,holy,102,55,47
Penitence,drekthar,1385,priest,holy,44,18,26
Vitae,gorgonnash,1384,priest,holy,32,16,16
Lasuora,nemesis,1378,priest,holy,78,37,41
Cøvu,draenor,1378,priest,holy,94,41,53
Nou,aegwynn,1375,priest,holy,54,26,28
Mindconrol,twisting-nether,1374,priest,holy,42,21,21
Insaner,ahnqiraj,1374,priest,holy,45,19,26
Bubbleup,defias-brotherhood,1373,priest,holy,162,85,77
Veurjin,uldaman,1373,priest,holy,53,25,28
Skíps,sylvanas,1372,priest,holy,46,25,21
Daftî,twisting-nether,1372,priest,holy,84,42,42
Madcole,blackhand,1371,priest,holy,85,43,42
Hiimgreen,blackhand,1371,priest,holy,142,67,75
Чёбушек,gordunni,1369,priest,holy,41,24,17
Konstigadan,twisting-nether,1369,priest,holy,56,26,30
Lazheal,khaz-modan,1367,priest,holy,112,64,48
Phénylanine,khaz-modan,1364,priest,holy,278,141,137
Nomakprst,sanguino,1362,priest,holy,60,31,29
Góldfinger,norgannon,1361,priest,holy,241,116,125
Elunos,blackrock,1358,priest,holy,130,65,65
Tëmärï,ravencrest,1356,priest,holy,72,46,26
Возхд,soulflayer,1356,priest,holy,48,27,21
Mashimaro,blackhand,1356,priest,holy,108,57,51
Zorea,twisting-nether,1356,priest,holy,153,76,77
Dazé,ravencrest,1355,priest,holy,84,45,39
Davìna,sunstrider,1354,priest,holy,73,36,37
Ebolaidman,ravencrest,1353,priest,holy,24,15,9
Tyene,voljin,1351,priest,holy,113,62,51
Owait,tarren-mill,1351,priest,holy,36,17,19
Judâspriest,twisting-nether,1351,priest,holy,72,33,39
Delphina,archimonde,1350,priest,holy,225,118,107
Pridepriest,twisting-nether,1346,priest,holy,84,42,42
Prencø,sanguino,1345,priest,holy,34,16,18
Chibrausorus,archimonde,1344,priest,holy,118,61,57
Papadrak,kazzak,1343,priest,holy,101,55,46
Blazekk,sylvanas,1343,priest,holy,54,19,35
Выдокбля,soulflayer,1342,priest,holy,84,44,40
Seladine,ravencrest,1338,priest,holy,164,82,82
Nálá,nethersturm,1335,priest,holy,115,59,56
Nino,gorgonnash,1335,priest,holy,66,30,36
Tyrhaa,blackmoore,1334,priest,holy,163,81,82
Demonhunt,stormscale,1332,priest,holy,35,21,14
Moirgana,minahonda,1331,priest,holy,54,26,28
Ангеланика,gordunni,1330,priest,holy,29,18,11
Fedorah,ragnaros,1330,priest,holy,114,63,51
Nbeewwannabe,silvermoon,1327,priest,holy,71,40,31
Orcid,chogall,1327,priest,holy,146,75,71
Alú,draenor,1327,priest,holy,153,73,80
Kolto,ravencrest,1327,priest,holy,30,14,16
Luxtrii,blackrock,1326,priest,holy,48,20,28
Рилия,howling-fjord,1324,priest,holy,30,14,16
Libetha,ysondre,1323,priest,holy,41,23,18
Eazzyy,kazzak,1321,priest,holy,85,41,44
Велост,gordunni,1319,priest,holy,60,31,29
Jaz,ysondre,1319,priest,holy,58,29,29
Bobitä,ravencrest,1318,priest,holy,30,15,15
Byzzi,draenor,1318,priest,holy,215,107,108
Hereticroka,ysondre,1318,priest,holy,80,35,45
Zrada,dalaran,1315,priest,holy,30,15,15
Alros,elune,1315,priest,holy,60,28,32
Aïmée,ravencrest,1313,priest,holy,55,26,29
Juco,draenor,1310,priest,holy,90,42,48
Ezechiel,twisting-nether,1308,priest,holy,59,33,26
Spamplague,stormscale,1308,priest,holy,62,28,34
Jannolapin,ysondre,1305,priest,holy,30,14,16
Cherron,argent-dawn,1305,priest,holy,61,27,34
Stàrlîght,chants-éternels,1300,priest,holy,30,17,13
Melodyn,silvermoon,1299,priest,holy,40,16,24
Eurydike,blackrock,1297,priest,holy,64,37,27
Åluneth,kazzak,1297,priest,holy,162,80,82
Mianxpriest,tarren-mill,1296,priest,holy,78,36,42
Маракеда,soulflayer,1295,priest,holy,41,18,23
Бредяка,gordunni,1288,priest,holy,42,23,19
Hølýðéåthjçç,tarren-mill,1285,priest,holy,41,21,20
Haineko,burning-legion,1285,priest,holy,48,19,29
Sodatsu,cthun,1284,priest,holy,30,15,15
Midycine,ysondre,1282,priest,holy,199,98,101
Holydolly,doomhammer,1281,priest,holy,54,32,22
Rhäenÿra,hyjal,1280,priest,holy,36,26,10
Evílz,tarren-mill,1280,priest,holy,39,14,25
Síuu,kazzak,1277,priest,holy,72,35,37
Tomassur,drakthul,1276,priest,holy,103,52,51
Speltmor,stormscale,1276,priest,holy,73,33,40
Bierbändiger,blackhand,1273,priest,holy,132,59,73
Draconux,terenas,1273,priest,holy,54,21,33
Wintercurse,twisting-nether,1272,priest,holy,52,24,28
Djdesha,tarren-mill,1272,priest,holy,35,16,19
Zakhun,stormrage,1271,priest,holy,82,42,40
Pasqualz,ravencrest,1271,priest,holy,89,40,49
Asare,outland,1269,priest,holy,124,66,58
Emipriest,tarren-mill,1267,priest,holy,139,65,74
Ethery,argent-dawn,1266,priest,holy,65,33,32
Lykarion,argent-dawn,1265,priest,holy,72,37,35
Ashrod,stormscale,1264,priest,holy,29,17,12
Elynä,silvermoon,1261,priest,holy,70,44,26
Tudiiheals,frostwolf,1261,priest,holy,91,48,43
Ankî,aegwynn,1261,priest,holy,32,16,16
Migam,kazzak,1261,priest,holy,102,47,55
Vickepriest,stormreaver,1260,priest,holy,48,23,25
Dôppler,archimonde,1256,priest,holy,23,14,9
Yuhé,elune,1256,priest,holy,26,14,12
Soapie,defias-brotherhood,1253,priest,holy,48,25,23
Nosgot,earthen-ring,1251,priest,holy,66,32,34
Zên,argent-dawn,1248,priest,holy,21,14,7
Ayess,aegwynn,1248,priest,holy,47,24,23
Avelynn,ravencrest,1248,priest,holy,85,38,47
Jaytî,ravencrest,1247,priest,holy,18,13,5
Prästera,draenor,1247,priest,holy,36,18,18
Misscure,draenor,1247,priest,holy,130,59,71
Vocolieth,argent-dawn,1247,priest,holy,66,27,39
Letmehêal,archimonde,1246,priest,holy,36,14,22
Sohryø,drekthar,1245,priest,holy,60,34,26
Maybelline,ravencrest,1245,priest,holy,48,23,25
Charlotten,shattered-hand,1243,priest,holy,30,13,17
Catstretch,ravencrest,1243,priest,holy,95,39,56
Boomixed,twisting-nether,1242,priest,holy,24,13,11
Ksn,argent-dawn,1240,priest,holy,30,13,17
Shanny,kazzak,1239,priest,holy,24,13,11
Badguymike,ragnaros,1239,priest,holy,24,13,11
Бенигана,soulflayer,1239,priest,holy,48,25,23
Ludriel,turalyon,1235,priest,holy,70,35,35
Åzjol,magtheridon,1235,priest,holy,30,13,17
Nerfnerf,kazzak,1232,priest,holy,51,27,24
Скартэикс,howling-fjord,1231,priest,holy,48,24,24
Kiånå,teldrassil,1231,priest,holy,163,75,88
Gummi,blackhand,1230,priest,holy,72,31,41
Асггард,borean-tundra,1229,priest,holy,75,46,29
Ihavewings,kazzak,1228,priest,holy,30,13,17
Cagedforlife,draenor,1227,priest,holy,30,13,17
Fareeya,thrall,1223,priest,holy,36,16,20
Nakali,the-maelstrom,1221,priest,holy,48,20,28
Dètox,twisting-nether,1220,priest,holy,68,29,39
Sapphos,ravencrest,1216,priest,holy,47,23,24
Elf,tarren-mill,1216,priest,holy,42,15,27
Neenä,ravencrest,1214,priest,holy,50,25,25
Dúréx,sanguino,1212,priest,holy,42,28,14
Atiyesh,arthas,1210,priest,holy,219,116,103
Sak,uldaman,1206,priest,holy,94,38,56
Slimemarther,nordrassil,1204,priest,holy,76,30,46
Omnissiiah,silvermoon,1203,priest,holy,30,13,17
Хилтихон,howling-fjord,1200,priest,holy,42,26,16
Dathlight,argent-dawn,1200,priest,holy,113,57,56
Elián,silvermoon,1198,priest,holy,30,15,15
Testdeex,ravencrest,1197,priest,holy,23,13,10
Bowie,frostwhisper,1196,priest,holy,72,30,42
Josephr,blackmoore,1193,priest,holy,24,13,11
Kbakå,stormscale,1193,priest,holy,65,27,38
Benificent,argent-dawn,1192,priest,holy,76,38,38
Fuloo,stormscale,1191,priest,holy,66,28,38
Angelsdust,ravencrest,1190,priest,holy,34,14,20
Lhyria,baelgun,1189,priest,holy,48,21,27
Ripjuice,sylvanas,1186,priest,holy,84,44,40
Холимыша,blackscar,1182,priest,holy,63,32,31
Карнотит,howling-fjord,1182,priest,holy,48,16,32
Хасгерион,gordunni,1180,priest,holy,66,27,39
Morrydin,stormreaver,1177,priest,holy,78,31,47
Nykah,antonidas,1177,priest,holy,73,26,47
Ниеса,lich-king,1174,priest,holy,110,52,58
Jarnary,blackmoore,1171,priest,holy,75,33,42
Голнар,deathguard,1168,priest,holy,32,15,17
Torcena,garrosh,1166,priest,holy,141,70,71
Meatyshaft,doomhammer,1166,priest,holy,51,19,32
Killtrew,ravencrest,1165,priest,holy,39,13,26
Kímbérléy,argent-dawn,1162,priest,holy,123,65,58
Gloxina,argent-dawn,1160,priest,holy,96,43,53
Nemista,hyjal,1160,priest,holy,70,26,44
Voreno,alonsus,1160,priest,holy,65,24,41
Matdd,arthas,1154,priest,holy,31,15,16
Tëst,ravencrest,1151,priest,holy,18,12,6
Квваззар,gordunni,1151,priest,holy,24,12,12
Lúthien,outland,1150,priest,holy,18,12,6
Seanoob,turalyon,1150,priest,holy,24,12,12
Lyla,frostwolf,1149,priest,holy,48,27,21
Tansk,stormscale,1147,priest,holy,24,12,12
Kusé,anubarak,1145,priest,holy,30,12,18
Avtarra,ravencrest,1144,priest,holy,93,45,48
Køzøxîä,dalaran,1144,priest,holy,42,12,30
Kyokaze,silvermoon,1140,priest,holy,30,12,18
Ахмох,gordunni,1139,priest,holy,30,13,17
Иннерон,soulflayer,1137,priest,holy,239,117,122
Morphuz,tarren-mill,1137,priest,holy,144,66,78
Domerick,outland,1136,priest,holy,30,12,18
Rastafaja,doomhammer,1133,priest,holy,83,34,49
Elëkträ,dalaran,1131,priest,holy,24,12,12
Andreel,ravencrest,1131,priest,holy,24,12,12
Larisä,uldum,1131,priest,holy,111,48,63
Cazzîe,eredar,1129,priest,holy,18,12,6
Meowcakes,stormscale,1127,priest,holy,54,30,24
Hydraximus,garrosh,1126,priest,holy,725,354,371
Nicksiz,silvermoon,1126,priest,holy,34,13,21
Sücre,dalaran,1125,priest,holy,30,16,14
Quatorze,voljin,1124,priest,holy,34,19,15
Like,frostwolf,1114,priest,holy,24,12,12
Mundwerk,malganis,1107,priest,holy,60,22,38
Crimatoriá,rajaxx,1105,priest,holy,66,36,30
Copperplume,ravenholdt,1104,priest,holy,132,58,74
Dotterin,draenor,1102,priest,holy,24,12,12
Anàriel,elune,1100,priest,holy,48,19,29
Balin,veklor,1096,priest,holy,27,12,15
Shaniqua,saurfang,1093,priest,holy,104,53,51
Holypowér,twisting-nether,1088,priest,holy,30,17,13
Ломаюключики,gordunni,1081,priest,holy,45,22,23
Nightwemet,kirin-tor,1080,priest,holy,42,21,21
Tákú,blackmoore,1080,priest,holy,110,53,57
Eile,doomhammer,1079,priest,holy,30,16,14
Pryna,dunemaul,1076,priest,holy,30,12,18
Deeforce,argent-dawn,1072,priest,holy,97,53,44
Zen,talnivarr,1056,priest,holy,24,11,13
Луилэнс,howling-fjord,1055,priest,holy,18,11,7
Миррен,gordunni,1055,priest,holy,18,11,7
Laewen,die-aldor,1055,priest,holy,51,25,26
Narwarion,die-aldor,1055,priest,holy,66,31,35
Celliapriest,antonidas,1055,priest,holy,24,11,13
Pandakhlys,ysondre,1055,priest,holy,24,11,13
Штанга,blackscar,1055,priest,holy,29,12,17
Cãlyr,ragnaros,1055,priest,holy,30,11,19
Hotforus,silvermoon,1054,priest,holy,18,11,7
Тевтонка,goldrinn,1054,priest,holy,74,35,39
Рейеан,soulflayer,1054,priest,holy,24,11,13
Rehnstek,wildhammer,1054,priest,holy,30,11,19
Uro,tirion,1053,priest,holy,30,11,19
Крайл,blackscar,1051,priest,holy,111,37,74
Calïxløve,der-rat-von-dalaran,1050,priest,holy,13,11,2
Elinaa,die-aldor,1050,priest,holy,24,11,13
Syhndel,draenor,1049,priest,holy,24,11,13
Ageo,sanguino,1046,priest,holy,18,11,7
Xxanthos,ysondre,1045,priest,holy,187,101,86
Harlemsfnest,blackrock,1042,priest,holy,24,13,11
Yinyangyø,eredar,1039,priest,holy,30,11,19
Qazar,draenor,1036,priest,holy,18,11,7
Türapea,draenor,1036,priest,holy,42,22,20
Applecrumßle,ragnaros,1032,priest,holy,47,25,22
Beatla,khaz-modan,1032,priest,holy,48,23,25
Leyea,kazzak,1029,priest,holy,49,24,25
Naieli,antonidas,1028,priest,holy,56,28,28
Nathamo,archimonde,1028,priest,holy,24,11,13
Haregnor,gorgonnash,1028,priest,holy,42,16,26
Dwano,balnazzar,1027,priest,holy,18,11,7
Baabaak,frostmane,1026,priest,holy,57,34,23
Kæos,blackrock,1026,priest,holy,78,32,46
Valdos,hyjal,1026,priest,holy,48,16,32
Orcü,tarren-mill,1024,priest,holy,66,30,36
Tolteck,ravencrest,1021,priest,holy,24,11,13
Touddixz,blackrock,1020,priest,holy,32,12,20
Sickheals,doomhammer,1018,priest,holy,62,35,27
Brigied,turalyon,1018,priest,holy,99,43,56
Ankhepope,outland,1013,priest,holy,56,33,23
Lobogaust,kargath,1012,priest,holy,60,32,28
Asraje,eredar,1007,priest,holy,21,16,5
Tezzi,azjolnerub,1006,priest,holy,47,19,28
Dampfwalze,nozdormu,1002,priest,holy,38,19,19
Zerula,outland,990,priest,holy,42,21,21
Covidios,twisting-nether,990,priest,holy,93,43,50
Sâtânica,kelthuzad,990,priest,holy,128,54,74
Hipnotika,nemesis,988,priest,holy,53,18,35
Valtessian,medivh,983,priest,holy,69,33,36
Siarai,pozzo-delleternità,964,priest,holy,43,21,22
Maxý,ravencrest,963,priest,holy,42,18,24
Yamai,thrall,960,priest,holy,24,10,14
Десемин,deathguard,960,priest,holy,47,18,29
Mcmuffin,runetotem,959,priest,holy,21,13,8
Imaut,emerald-dream,959,priest,holy,18,10,8
Dqt,ragnaros,959,priest,holy,18,10,8
Padisonpain,blackmoore,959,priest,holy,18,10,8
Рагзел,howling-fjord,959,priest,holy,18,10,8
Jawjie,tarren-mill,959,priest,holy,30,10,20
Xlhealscptn,arathor,959,priest,holy,60,19,41
Mesticore,nethersturm,958,priest,holy,24,10,14
Lenneyqt,blackmoore,958,priest,holy,24,10,14
Bigpinkballs,tarren-mill,956,priest,holy,12,10,2
Byebee,stormscale,956,priest,holy,12,10,2
Rennic,stormscale,955,priest,holy,18,10,8
Casconero,nemesis,955,priest,holy,32,14,18
Wildjaevel,grim-batol,953,priest,holy,18,10,8
Melancholly,thunderhorn,951,priest,holy,41,19,22
Velenthan,ragnaros,949,priest,holy,24,10,14
Zloop,tarren-mill,947,priest,holy,18,10,8
Aureï,khaz-modan,938,priest,holy,24,10,14
Discxqt,ysondre,924,priest,holy,14,11,3
Protegee,draenor,922,priest,holy,69,23,46
Hodza,frostmane,919,priest,holy,72,38,34
Brightharp,argent-dawn,919,priest,holy,28,10,18
Archangel,terokkar,916,priest,holy,60,30,30
Авэнсис,howling-fjord,913,priest,holy,36,14,22
Thingsy,draenor,912,priest,holy,59,27,32
Chaendral,darkmoon-faire,911,priest,holy,32,11,21
Hegêan,argent-dawn,906,priest,holy,71,32,39
Infinitiy,sylvanas,905,priest,holy,36,18,18
Angelsdust,stormscale,905,priest,holy,22,11,11
Zêlestia,antonidas,905,priest,holy,22,11,11
Lockmold,tarren-mill,905,priest,holy,26,11,15
Ламедрис,gordunni,904,priest,holy,41,10,31
Fatherted,nagrand,900,priest,holy,60,17,43
Rahela,sanguino,897,priest,holy,23,11,12
Widok,kazzak,889,priest,holy,65,33,32
Sîanah,archimonde,886,priest,holy,28,11,17
Kanki,haomarush,884,priest,holy,72,33,39
Æäõ,turalyon,864,priest,holy,18,9,9
Rhæveth,ravencrest,864,priest,holy,18,9,9
Сказочки,gordunni,864,priest,holy,18,9,9
Azeeza,stormscale,863,priest,holy,12,9,3
Âlolexx,archimonde,863,priest,holy,12,9,3
Altarboy,dun-modr,863,priest,holy,24,9,15
Kalkudis,blackmoore,862,priest,holy,18,9,9
Poulet,sylvanas,862,priest,holy,18,9,9
Oxiièmort,khaz-modan,862,priest,holy,24,9,15
Swdjack,blackrock,862,priest,holy,24,9,15
Faelvirin,aegwynn,861,priest,holy,18,9,9
Kaleycuoco,blackhand,860,priest,holy,18,9,9
Marey,blackmoore,860,priest,holy,24,9,15
Athissa,draenor,857,priest,holy,18,9,9
Cemiing,drakthul,857,priest,holy,18,9,9
Shannywen,nemesis,857,priest,holy,36,9,27
Xal,drekthar,854,priest,holy,162,66,96
Ayahuascarli,ravencrest,847,priest,holy,17,9,8
Safiira,argent-dawn,841,priest,holy,54,25,29
Fivequeens,tarren-mill,838,priest,holy,18,9,9
Cherrih,argent-dawn,829,priest,holy,23,9,14
Eglantinna,ravencrest,809,priest,holy,14,10,4
Cånniekekw,tarren-mill,808,priest,holy,21,10,11
Gertie,blackhand,807,priest,holy,28,9,19
Nokizzle,antonidas,795,priest,holy,14,9,5
Zongiz,azjolnerub,786,priest,holy,22,9,13
Methmakka,kazzak,778,priest,holy,19,10,9
Cheeséd,ravencrest,768,priest,holy,12,8,4
Vyrá,der-rat-von-dalaran,768,priest,holy,12,8,4
Dotzey,outland,768,priest,holy,12,8,4
Dès,ravencrest,768,priest,holy,12,8,4
Melzas,the-shatar,768,priest,holy,12,8,4
Flyffi,tarren-mill,768,priest,holy,12,8,4
Просодик,blackscar,768,priest,holy,12,8,4
Ltmp,ravencrest,768,priest,holy,18,8,10
Suili,twisting-nether,768,priest,holy,18,8,10
Heilop,kazzak,768,priest,holy,23,8,15
Ÿolo,nemesis,768,priest,holy,24,8,16
Ábomínatíøn,ravencrest,767,priest,holy,12,8,4
Malizia,ragnaros,766,priest,holy,12,8,4
Weedony,hyjal,766,priest,holy,18,8,10
Knóld,draenor,766,priest,holy,24,8,16
Krilight,sargeras,765,priest,holy,24,8,16
Melissasky,ragnaros,760,priest,holy,60,22,38
Båbak,frostmane,759,priest,holy,12,8,4
Chyen,kult-der-verdammten,758,priest,holy,18,8,10
Fratio,krasus,758,priest,holy,18,8,10
Avinci,blackrock,757,priest,holy,18,8,10
Besmrtna,saurfang,749,priest,holy,23,8,15
Eternitiy,auchindoun,744,priest,holy,18,8,10
Blaulienchen,proudmoore,737,priest,holy,30,9,21
Englishheart,auchindoun,734,priest,holy,17,8,9
Adenisia,hyjal,733,priest,holy,19,9,10
Valentinus,dragonmaw,702,priest,holy,26,8,18
Mélínâ,blackmoore,691,priest,holy,28,9,19
Ladderpolice,blackmoore,672,priest,holy,12,7,5
Ðoxy,frostmane,672,priest,holy,12,7,5
Ainadaxz,ravencrest,672,priest,holy,12,7,5
Макстин,howling-fjord,672,priest,holy,12,7,5
Jedimind,kazzak,672,priest,holy,12,7,5
Arabpriest,draenor,672,priest,holy,12,7,5
Grindgames,pozzo-delleternità,672,priest,holy,12,7,5
Darkoul,conseil-des-ombres,672,priest,holy,12,7,5
Iiamx,antonidas,672,priest,holy,12,7,5
Гшд,gordunni,672,priest,holy,12,7,5
Willzah,outland,672,priest,holy,12,7,5
Solacé,frostmourne,672,priest,holy,12,7,5
Naïcos,dun-modr,672,priest,holy,18,7,11
Valinoru,silvermoon,672,priest,holy,18,7,11
Aspertina,outland,672,priest,holy,18,7,11
Sehrhübsch,malygos,672,priest,holy,18,7,11
Russianpvp,outland,672,priest,holy,18,7,11
Ticklypriest,outland,672,priest,holy,18,7,11
Mctastý,outland,671,priest,holy,12,7,5
Gintøníc,blackmoore,671,priest,holy,12,7,5
Dãrkmedic,silvermoon,671,priest,holy,12,7,5
Painlêss,eredar,671,priest,holy,12,7,5
Vibby,moonglade,671,priest,holy,18,7,11
Avïlia,dalaran,671,priest,holy,18,7,11
Stigmátá,ravencrest,671,priest,holy,18,7,11
Kineila,dun-morogh,671,priest,holy,24,7,17
Piizzdiica,twisting-nether,670,priest,holy,12,7,5
Smolbøi,tarren-mill,670,priest,holy,24,7,17
Pretzioso,nemesis,668,priest,holy,18,7,11
Zinary,silvermoon,667,priest,holy,18,7,11
Isiriah,archimonde,666,priest,holy,12,7,5
Ларуса,gordunni,662,priest,holy,15,8,7
Yayaxoxo,archimonde,660,priest,holy,26,10,16
Ledarz,dun-morogh,658,priest,holy,18,7,11
Sarafîsthole,ysondre,655,priest,holy,18,7,11
Naid,exodar,654,priest,holy,24,7,17
Iliridan,pozzo-delleternità,641,priest,holy,139,43,96
Killtrewerty,stormscale,638,priest,holy,17,7,10
Åshlol,ravencrest,617,priest,holy,21,8,13
Waycrest,ravencrest,614,priest,holy,14,8,6
Kirvane,outland,610,priest,holy,15,8,7
Gonker,malganis,591,priest,holy,11,7,4
Blâdes,gorgonnash,589,priest,holy,17,7,10
Babá,argent-dawn,576,priest,holy,6,6,0
Ahilarry,tarren-mill,576,priest,holy,12,6,6
Redy,drakthul,576,priest,holy,12,6,6
Taksus,alexstrasza,576,priest,holy,12,6,6
Alaelis,burning-legion,576,priest,holy,12,6,6
Resuscitator,spinebreaker,576,priest,holy,12,6,6
Priestok,archimonde,576,priest,holy,12,6,6
Shadowkym,blackrock,576,priest,holy,12,6,6
Tribz,kargath,576,priest,holy,12,6,6
Ixxmp,blackrock,576,priest,holy,12,6,6
Bij,outland,576,priest,holy,12,6,6
Nyygalease,burning-legion,576,priest,holy,12,6,6
Darkoul,ravencrest,576,priest,holy,12,6,6
Nancey,draenor,576,priest,holy,12,6,6
Danina,outland,576,priest,holy,12,6,6
Zoophobîa,stormscale,576,priest,holy,12,6,6
Мотд,gordunni,576,priest,holy,18,6,12
Rankoneprazt,stormscale,576,priest,holy,18,6,12
Lifeisgg,draenor,576,priest,holy,24,6,18
Gød,magtheridon,576,priest,holy,24,6,18
Wasfürsaft,tarren-mill,575,priest,holy,12,6,6
Secundis,silvermoon,575,priest,holy,12,6,6
Waters,lightbringer,575,priest,holy,12,6,6
Healiea,outland,575,priest,holy,18,6,12
Lasanka,sylvanas,575,priest,holy,18,6,12
Dokurochan,tarren-mill,575,priest,holy,24,6,18
Juicedmaboi,tarren-mill,574,priest,holy,12,6,6
Saara,daggerspine,574,priest,holy,18,6,12
Кинвартиль,gordunni,574,priest,holy,18,6,12
Skatman,aggramar,574,priest,holy,27,6,21
Cayden,bloodfeather,573,priest,holy,12,6,6
Xver,dun-morogh,573,priest,holy,18,6,12
Moriou,dun-morogh,571,priest,holy,12,6,6
Spàgno,nemesis,571,priest,holy,18,6,12
Proxypriest,the-maelstrom,571,priest,holy,20,6,14
Drop,los-errantes,569,priest,holy,12,6,6
Valves,saurfang,569,priest,holy,12,6,6
Carbonic,khaz-modan,568,priest,holy,20,10,10
Bloodelfoula,draenor,563,priest,holy,18,6,12
Alloktonos,ravencrest,544,priest,holy,101,44,57
Priestxx,twilights-hammer,543,priest,holy,11,6,5
Winilo,ravencrest,527,priest,holy,11,6,5
Rezzurrectum,doomhammer,527,priest,holy,15,6,9
Ulrach,hyjal,526,priest,holy,15,7,8
Dotreveal,ravencrest,521,priest,holy,20,7,13
Madvortexe,kazzak,496,priest,holy,19,6,13
Ralek,hyjal,495,priest,holy,17,6,11
Эйттёрналинь,fordragon,480,priest,holy,6,5,1
Felaenna,argent-dawn,480,priest,holy,6,5,1
Shinesomnya,aegwynn,480,priest,holy,6,5,1
Fléxed,burning-legion,480,priest,holy,6,5,1
Tokkzz,ragnaros,480,priest,holy,6,5,1
Nenku,minahonda,480,priest,holy,6,5,1
Grandpatea,silvermoon,480,priest,holy,6,5,1
Caz,cthun,480,priest,holy,12,5,7
Bamboleon,blackrock,480,priest,holy,12,5,7
Quiwzx,blackrock,480,priest,holy,12,5,7
Pharli,stormscale,480,priest,holy,12,5,7
Nýkah,antonidas,480,priest,holy,12,5,7
Mneme,aggramar,480,priest,holy,12,5,7
Mazeari,sylvanas,480,priest,holy,12,5,7
Ogiez,sylvanas,480,priest,holy,12,5,7
Neeyø,blackhand,480,priest,holy,12,5,7
Shâru,frostmourne,480,priest,holy,12,5,7
Hepakko,stormscale,480,priest,holy,12,5,7
Darkoulito,dalaran,480,priest,holy,12,5,7
Purist,arthas,480,priest,holy,12,5,7
Velfchurch,draenor,480,priest,holy,12,5,7
Onixa,tarren-mill,480,priest,holy,12,5,7
Другподруг,soulflayer,480,priest,holy,12,5,7
Лайхтни,howling-fjord,480,priest,holy,12,5,7
Holymamba,silvermoon,480,priest,holy,12,5,7
Enèr,hyjal,480,priest,holy,12,5,7
Razamdi,drakthul,480,priest,holy,12,5,7
Mönster,cthun,480,priest,holy,13,5,8
Mayalolz,chogall,480,priest,holy,14,5,9
Jagardoden,stormscale,480,priest,holy,18,5,13
Minimalist,ravencrest,480,priest,holy,18,5,13
Noukeé,blackrock,480,priest,holy,18,5,13
Vannax,arygos,479,priest,holy,6,5,1
Двакамня,soulflayer,479,priest,holy,12,5,7
Cocolasticot,garona,479,priest,holy,12,5,7
Inzané,doomhammer,479,priest,holy,12,5,7
Chabbe,ragnaros,479,priest,holy,12,5,7
Datek,silvermoon,479,priest,holy,12,5,7
Novella,kult-der-verdammten,479,priest,holy,12,5,7
Árcadoom,quelthalas,479,priest,holy,12,5,7
Гидранист,soulflayer,479,priest,holy,18,5,13
Alaeddin,kazzak,479,priest,holy,24,5,19
Ларуся,soulflayer,478,priest,holy,12,5,7
Amemiya,ragnaros,478,priest,holy,12,5,7
Laxara,arthas,478,priest,holy,12,5,7
Monetaria,das-syndikat,477,priest,holy,18,5,13
Xaeo,burning-legion,477,priest,holy,26,5,21
Azaza,burning-legion,472,priest,holy,12,5,7
Majdas,ravencrest,447,priest,holy,8,6,2
Кариелла,fordragon,425,priest,holy,17,7,10
Nannymcfee,stormscale,414,priest,holy,11,5,6
Tavaera,antonidas,400,priest,holy,13,5,8
Wixzyx,ravencrest,384,priest,holy,6,4,2
Yanclown,tarren-mill,384,priest,holy,6,4,2
Даймэн,gordunni,384,priest,holy,6,4,2
Indrades,blackmoore,384,priest,holy,6,4,2
Пристотян,gordunni,384,priest,holy,6,4,2
Arithon,blackrock,384,priest,holy,6,4,2
Burnesenbois,chogall,384,priest,holy,6,4,2
Tyog,khazgoroth,384,priest,holy,6,4,2
Experimentix,silvermoon,384,priest,holy,6,4,2
Yredias,dalaran,384,priest,holy,6,4,2
Æsthëtìçgødx,exodar,384,priest,holy,6,4,2
Disillusíon,tarren-mill,384,priest,holy,12,4,8
Discomelk,stormscale,384,priest,holy,12,4,8
Ripperdepip,magtheridon,384,priest,holy,12,4,8
Sayash,chamber-of-aspects,384,priest,holy,12,4,8
Alterlight,twisting-nether,384,priest,holy,12,4,8
Alshah,emerald-dream,384,priest,holy,12,4,8
Zarez,stormscale,384,priest,holy,12,4,8
Flurri,tarren-mill,384,priest,holy,12,4,8
Missdemerè,nemesis,384,priest,holy,12,4,8
Egozyp,kazzak,384,priest,holy,12,4,8
Sinf,sanguino,384,priest,holy,12,4,8
Adäm,grim-batol,384,priest,holy,12,4,8
Clergy,hellfire,384,priest,holy,12,4,8
Bebwaz,kazzak,384,priest,holy,12,4,8
Narinelepen,culte-de-la-rive-noire,384,priest,holy,12,4,8
Øbz,sylvanas,384,priest,holy,12,4,8
Aladriela,exodar,384,priest,holy,12,4,8
Mydicine,ysondre,384,priest,holy,12,4,8
Bloodie,drakthul,384,priest,holy,12,4,8
Skytheory,eredar,384,priest,holy,13,4,9
Virgosenpai,silvermoon,384,priest,holy,18,4,14
Ðlcz,blackrock,384,priest,holy,18,4,14
Eihran,stormscale,384,priest,holy,18,4,14
Кэндимен,gordunni,384,priest,holy,18,4,14
Ømegagødx,outland,384,priest,holy,18,4,14
Kheenah,argent-dawn,383,priest,holy,6,4,2
Hemmiz,archimonde,383,priest,holy,6,4,2
Allwhitte,confrérie-du-thorium,383,priest,holy,6,4,2
Taint,khadgar,383,priest,holy,6,4,2
Ruebi,blackmoore,383,priest,holy,12,4,8
Ynnaria,blackmoore,383,priest,holy,12,4,8
Proteco,antonidas,383,priest,holy,12,4,8
Harukaa,aggra-português,383,priest,holy,12,4,8
Blackwidow,chromaggus,383,priest,holy,12,4,8
Lunne,les-clairvoyants,382,priest,holy,6,4,2
Itstooney,doomhammer,382,priest,holy,12,4,8
Centauria,burning-legion,381,priest,holy,30,4,26
Amanthus,draenor,377,priest,holy,16,6,10
Nevermd,blackrock,372,priest,holy,31,7,24
Silverfate,outland,367,priest,holy,11,4,7
Эгнерия,eversong,367,priest,holy,17,4,13
Nxtlvl,stormscale,352,priest,holy,10,5,5
Pínacoladáqt,stormscale,352,priest,holy,10,4,6
Apuessii,dun-modr,351,priest,holy,11,4,7
Sinetrax,tarren-mill,320,priest,holy,10,4,6
Shyvi,ravencrest,319,priest,holy,5,4,1
Vídel,cthun,319,priest,holy,8,4,4
Zahadoom,stormscale,319,priest,holy,12,5,7
Inà,thrall,288,priest,holy,6,3,3
Góli,argent-dawn,288,priest,holy,6,3,3
Dathanosp,outland,288,priest,holy,6,3,3
Tebzy,ravencrest,288,priest,holy,6,3,3
Badhêalz,aegwynn,288,priest,holy,6,3,3
Фионыч,blackscar,288,priest,holy,6,3,3
Aruna,ravencrest,288,priest,holy,6,3,3
Tsuser,blackrock,288,priest,holy,6,3,3
Adssdfhjgh,outland,288,priest,holy,6,3,3
Mcx,stormscale,288,priest,holy,6,3,3
Hellhámmer,azshara,288,priest,holy,6,3,3
Bambus,shattered-hand,288,priest,holy,6,3,3
Холихэйт,howling-fjord,288,priest,holy,6,3,3
Perrý,archimonde,288,priest,holy,6,3,3
Nimsi,ravencrest,288,priest,holy,6,3,3
Shmoly,stormscale,288,priest,holy,6,3,3
Prisht,ravencrest,288,priest,holy,6,3,3
Gimeurgold,destromath,288,priest,holy,6,3,3
Drdiscospec,tarren-mill,288,priest,holy,6,3,3
Pyropenance,twisting-nether,288,priest,holy,6,3,3
Йефа,gordunni,288,priest,holy,6,3,3
Шанэкс,howling-fjord,288,priest,holy,6,3,3
Ashp,shattered-halls,288,priest,holy,6,3,3
Aevery,onyxia,288,priest,holy,6,3,3
Zyrusen,sanguino,288,priest,holy,6,3,3
Holyheartx,argent-dawn,288,priest,holy,6,3,3
Разрухаз,gordunni,288,priest,holy,6,3,3
Jeboc,ravencrest,288,priest,holy,6,3,3
Aiewn,elune,288,priest,holy,6,3,3
Salzholy,malygos,288,priest,holy,6,3,3
Vanadii,blackhand,288,priest,holy,6,3,3
Xelivia,draenor,288,priest,holy,6,3,3
Hilerki,draenor,288,priest,holy,6,3,3
ßestworld,draenor,288,priest,holy,6,3,3
Ðøntßetøxic,kazzak,288,priest,holy,6,3,3
Подчинись,ashenvale,288,priest,holy,6,3,3
Хексорик,howling-fjord,288,priest,holy,6,3,3
Catrex,draenor,288,priest,holy,6,3,3
Ariyia,argent-dawn,288,priest,holy,6,3,3
Аржан,soulflayer,288,priest,holy,6,3,3
Asolan,drakthul,288,priest,holy,6,3,3
Lynéssa,silvermoon,288,priest,holy,6,3,3
Carnacia,tarren-mill,288,priest,holy,6,3,3
Egî,azshara,288,priest,holy,6,3,3
Namsolo,kazzak,288,priest,holy,6,3,3
Atremius,dragonmaw,288,priest,holy,6,3,3
Sebbepriest,twisting-nether,288,priest,holy,10,3,7
Parzivál,argent-dawn,288,priest,holy,12,3,9
Daenaerys,dun-morogh,288,priest,holy,12,3,9
Quami,dun-modr,288,priest,holy,12,3,9
Lurri,tarren-mill,288,priest,holy,12,3,9
Люблюкофе,deathguard,288,priest,holy,12,3,9
Alentissar,nemesis,288,priest,holy,12,3,9
Javvi,sylvanas,288,priest,holy,12,3,9
Drminduskâ,ysondre,288,priest,holy,12,3,9
Faol,the-venture-co,288,priest,holy,12,3,9
Vaporfly,deathwing,288,priest,holy,12,3,9
Farae,arathor,288,priest,holy,24,3,21
Satyâ,kult-der-verdammten,287,priest,holy,6,3,3
Clerìc,argent-dawn,255,priest,holy,11,3,8
Elthrone,kazzak,240,priest,holy,9,4,5
Lr,aszune,240,priest,holy,9,3,6
Azrpr,ravencrest,239,priest,holy,5,3,2
Outcast,korgall,224,priest,holy,10,3,7
Shidolah,antonidas,192,priest,holy,6,2,4
Burnex,thrall,192,priest,holy,6,2,4
Yukirito,drakthul,192,priest,holy,6,2,4
Arianaglandé,hyjal,192,priest,holy,6,2,4
Eyllise,ragnaros,192,priest,holy,6,2,4
Ihefyehvjrm,ravencrest,192,priest,holy,6,2,4
Sînálà,antonidas,192,priest,holy,6,2,4
Tinypump,silvermoon,192,priest,holy,6,2,4
Frvrfridayy,stormscale,192,priest,holy,6,2,4
Lahammy,kazzak,192,priest,holy,6,2,4
Dîakon,antonidas,192,priest,holy,6,2,4
Djingischan,twisting-nether,192,priest,holy,6,2,4
Skryllette,archimonde,192,priest,holy,6,2,4
Marrisa,khaz-modan,192,priest,holy,6,2,4
Shkzz,hyjal,192,priest,holy,6,2,4
Dertar,archimonde,192,priest,holy,6,2,4
Kanketopries,korgall,192,priest,holy,6,2,4
Hunfall,stormscale,192,priest,holy,6,2,4
Zenholy,kazzak,192,priest,holy,6,2,4
Utsuro,stormscale,192,priest,holy,6,2,4
Buzzy,twisting-nether,192,priest,holy,6,2,4
Ibunnyqt,aegwynn,192,priest,holy,6,2,4
Llounal,silvermoon,192,priest,holy,6,2,4
Plåtpriest,twisting-nether,192,priest,holy,6,2,4
Prästpojken,frostwhisper,192,priest,holy,6,2,4
Notatrap,outland,192,priest,holy,6,2,4
Келебриана,deepholm,192,priest,holy,6,2,4
Jinxies,twisting-nether,192,priest,holy,6,2,4
Absórb,quelthalas,192,priest,holy,6,2,4
Krematorio,twisting-nether,192,priest,holy,6,2,4
Dangerfred,stormscale,192,priest,holy,6,2,4
Nathyxqt,archimonde,192,priest,holy,6,2,4
Korzec,dun-modr,192,priest,holy,6,2,4
Soül,sylvanas,192,priest,holy,6,2,4
Lutzki,the-maelstrom,192,priest,holy,6,2,4
Tygstycke,tarren-mill,192,priest,holy,6,2,4
Луножрец,gordunni,192,priest,holy,6,2,4
Solaclypsa,destromath,192,priest,holy,6,2,4
Асуартхас,gordunni,192,priest,holy,6,2,4
Haxxøn,die-nachtwache,192,priest,holy,6,2,4
Dinma,argent-dawn,192,priest,holy,6,2,4
Dami,defias-brotherhood,192,priest,holy,6,2,4
Priesless,sylvanas,192,priest,holy,6,2,4
Crackbär,blackmoore,192,priest,holy,6,2,4
Sigor,hellfire,192,priest,holy,6,2,4
Tiphereth,blackmoore,192,priest,holy,6,2,4
Grøums,blackmoore,192,priest,holy,6,2,4
Cheefto,blackmoore,192,priest,holy,6,2,4
Wyez,blackmoore,192,priest,holy,6,2,4
Киторик,blackscar,192,priest,holy,6,2,4
Micix,tarren-mill,192,priest,holy,6,2,4
Бранлор,howling-fjord,192,priest,holy,8,2,6
Nøfear,tarren-mill,192,priest,holy,11,2,9
Discobrill,silvermoon,192,priest,holy,12,2,10
Twh,outland,192,priest,holy,12,2,10
Authentic,dalaran,192,priest,holy,12,2,10
Elenie,frostwolf,192,priest,holy,12,2,10
Ittei,stormscale,192,priest,holy,12,2,10
Hónòr,sylvanas,192,priest,holy,12,2,10
Daedarkis,twisting-nether,192,priest,holy,12,2,10
Злыденькая,gordunni,192,priest,holy,12,2,10
Meynola,ysondre,191,priest,holy,6,2,4
Yacrablo,medivh,191,priest,holy,6,2,4
Bianchi,los-errantes,191,priest,holy,6,2,4
Riogas,khaz-modan,191,priest,holy,12,2,10
Pinkfloydx,lightbringer,138,priest,holy,9,4,5
Pristern,tarren-mill,138,priest,holy,9,4,5
Spae,twisting-nether,138,priest,holy,11,4,7
Alicewhydel,blackhand,138,priest,holy,9,3,6
Paterlurki,blackhand,138,priest,holy,10,3,7
Пейлон,howling-fjord,137,priest,holy,10,4,6
Mavisqt,draenor,128,priest,holy,4,2,2
Mîssandé,blackhand,127,priest,holy,14,2,12
Anòther,the-maelstrom,96,priest,holy,3,2,1
Ûñrêpørtablë,outland,96,priest,holy,3,2,1
Eloundir,dalaran,96,priest,holy,6,1,5
Elvedâ,blackhand,96,priest,holy,6,1,5
Lujka,outland,96,priest,holy,6,1,5
Shicu,blackmoore,96,priest,holy,6,1,5
Нуннчи,howling-fjord,96,priest,holy,6,1,5
Peg,talnivarr,96,priest,holy,6,1,5
Chê,sanguino,96,priest,holy,6,1,5
Ylenae,twisting-nether,96,priest,holy,6,1,5
Isendriel,outland,96,priest,holy,6,1,5
Decimerad,kazzak,96,priest,holy,6,1,5
Kipnuggetz,burning-legion,96,priest,holy,6,1,5
Yaoshih,draenor,96,priest,holy,6,1,5
Iirina,draenor,96,priest,holy,6,1,5
Fadchod,outland,96,priest,holy,6,1,5
Wrongwrong,draenor,96,priest,holy,6,1,5
Яестькенни,soulflayer,96,priest,holy,6,1,5
Эллвинг,howling-fjord,96,priest,holy,6,1,5
Draobwýn,blackrock,96,priest,holy,6,1,5
Valyreon,outland,96,priest,holy,6,1,5
Laadyybirkee,blackhand,96,priest,holy,6,1,5
Slêq,antonidas,96,priest,holy,6,1,5
Blastor,ravencrest,96,priest,holy,6,1,5
Jaatjak,ravencrest,96,priest,holy,6,1,5
Pattie,ragnaros,96,priest,holy,6,1,5
Lâughing,ravencrest,96,priest,holy,6,1,5
Nuph,ravencrest,96,priest,holy,6,1,5
Mauralin,zirkel-des-cenarius,96,priest,holy,6,1,5
Superdude,stormscale,96,priest,holy,6,1,5
Remkoja,blackrock,96,priest,holy,6,1,5
Батлджес,gordunni,96,priest,holy,6,1,5
Kakuzuke,nemesis,96,priest,holy,6,1,5
Ximenia,eredar,96,priest,holy,6,1,5
Сакредлайв,gordunni,96,priest,holy,6,1,5
Jaesabøyx,twisting-nether,96,priest,holy,6,1,5
Wísp,die-aldor,96,priest,holy,6,1,5
Vierfingerjo,eredar,96,priest,holy,6,1,5
Venomrush,ravencrest,96,priest,holy,6,1,5
Spoc,blackrock,96,priest,holy,6,1,5
Herwin,twisting-nether,96,priest,holy,6,1,5
Borá,twisting-nether,96,priest,holy,6,1,5
Saheila,defias-brotherhood,96,priest,holy,6,1,5
Myrrha,les-sentinelles,96,priest,holy,6,1,5
Systerstål,twisting-nether,96,priest,holy,6,1,5
Lãnat,ravencrest,96,priest,holy,6,1,5
Разрухаовнз,gordunni,96,priest,holy,6,1,5
Elfhelp,ravencrest,96,priest,holy,6,1,5
Goupillou,hyjal,96,priest,holy,6,1,5
Мишатемный,gordunni,96,priest,holy,6,1,5
Tÿona,hyjal,96,priest,holy,6,1,5
Kasáya,thrall,96,priest,holy,14,2,12
Onlyfans,burning-steppes,96,priest,holy,12,1,11
Kæzm,blackrock,96,priest,holy,12,1,11
Takros,blackrock,96,priest,holy,12,1,11
Felvytwo,stormscale,96,priest,holy,12,1,11
Doublehealix,argent-dawn,96,priest,holy,12,1,11
Åme,kirin-tor,96,priest,holy,12,1,11
Lunabärchi,ravencrest,96,priest,holy,12,1,11
Plaguestrike,darkspear,96,priest,holy,12,1,11
Frékiatya,ravenholdt,95,priest,holy,6,1,5
Mswagner,outland,79,priest,holy,5,1,4
Xaey,ravencrest,48,priest,holy,3,1,2
Freshpope,ravencrest,48,priest,holy,3,1,2
Sos,nethersturm,42,priest,holy,9,3,6
Darkyos,azshara,42,priest,holy,6,2,4
Tabítha,blackrock,42,priest,holy,9,2,7
Priestyo,blackrock,42,priest,holy,10,2,8
Bøij,pozzo-delleternità,42,priest,holy,10,2,8
Jitters,lightnings-blade,31,priest,holy,2,1,1
Prêtresacré,archimonde,2244,priest,discipline,89,52,37
Gaalonikus,blackmoore,2235,priest,discipline,92,54,38
Vanostsp,kazzak,2230,priest,discipline,102,56,46
Jayti,ravencrest,2205,priest,discipline,115,65,50
Primayodbain,archimonde,2185,priest,discipline,82,47,35
Flao,ravencrest,2180,priest,discipline,88,47,41
Èfflux,ravencrest,2172,priest,discipline,86,54,32
Hukkuvahirvi,ravencrest,2168,priest,discipline,111,58,53
Jackiqt,nemesis,2161,priest,discipline,119,77,42
Bedfirez,ravencrest,2161,priest,discipline,211,122,89
Jidammy,ravencrest,2159,priest,discipline,86,45,41
Gudóngmae,ravencrest,2144,priest,discipline,60,36,24
Saentainen,kazzak,2133,priest,discipline,95,68,27
Cylizx,stormscale,2133,priest,discipline,114,62,52
Ltr,tarren-mill,2132,priest,discipline,61,39,22
Moonriver,archimonde,2132,priest,discipline,66,39,27
Thelïght,ravencrest,2132,priest,discipline,189,96,93
Jaywie,twisting-nether,2132,priest,discipline,156,79,77
Artle,sanguino,2131,priest,discipline,83,44,39
Izzý,antonidas,2129,priest,discipline,90,57,33
Efflúx,ravencrest,2128,priest,discipline,124,71,53
Azrpr,ravencrest,2128,priest,discipline,82,45,37
Klonyaryk,ravencrest,2125,priest,discipline,96,56,40
Релакз,soulflayer,2124,priest,discipline,120,66,54
Cringê,ravencrest,2124,priest,discipline,89,46,43
Rébörn,tarren-mill,2123,priest,discipline,71,44,27
Vengefulmaze,ravencrest,2123,priest,discipline,132,70,62
Asanti,die-aldor,2122,priest,discipline,252,145,107
Unréål,ravencrest,2122,priest,discipline,198,102,96
Duckiethot,twisting-nether,2120,priest,discipline,196,99,97
Aist,ragnaros,2118,priest,discipline,120,62,58
Деадхостх,soulflayer,2117,priest,discipline,72,46,26
Jacknapier,kazzak,2117,priest,discipline,66,39,27
Rñd,ravencrest,2117,priest,discipline,78,40,38
Jagardoden,stormscale,2116,priest,discipline,123,73,50
Jawake,twisting-nether,2116,priest,discipline,66,36,30
Hemmis,ravencrest,2115,priest,discipline,72,39,33
Voxtwo,blackrock,2114,priest,discipline,66,41,25
Råcòøñ,ravencrest,2110,priest,discipline,109,55,54
Loaffeh,ragnaros,2107,priest,discipline,72,42,30
Artístx,twisting-nether,2107,priest,discipline,89,50,39
Sfÿ,ysondre,2106,priest,discipline,84,43,41
Swdswdswdswd,blackmoore,2105,priest,discipline,100,55,45
Мамкалол,soulflayer,2105,priest,discipline,306,159,147
Wetnpuffy,ravencrest,2104,priest,discipline,274,145,129
Neverdome,ravencrest,2100,priest,discipline,405,218,187
Øbserverx,stormscale,2100,priest,discipline,114,61,53
Dripcheck,draenor,2096,priest,discipline,397,204,193
Chasx,ravencrest,2092,priest,discipline,136,67,69
Jtî,ravencrest,2082,priest,discipline,78,48,30
Loví,twisting-nether,2081,priest,discipline,107,53,54
Prästpåven,stormscale,2078,priest,discipline,66,40,26
Luxurygirl,nemesis,2076,priest,discipline,54,35,19
Kangaroogodx,ravencrest,2070,priest,discipline,126,62,64
Sèco,sylvanas,2068,priest,discipline,126,64,62
Ðontargueok,blackmoore,2066,priest,discipline,138,76,62
Twinkboyx,ragnaros,2060,priest,discipline,129,66,63
Mentalboom,emerald-dream,2060,priest,discipline,185,94,91
Ilumiinatrix,dun-modr,2056,priest,discipline,773,385,388
Yânux,aegwynn,2053,priest,discipline,121,67,54
Holypoppa,ravencrest,2051,priest,discipline,295,146,149
Plsdontnerf,onyxia,2039,priest,discipline,95,55,40
Imprøved,outland,2036,priest,discipline,102,70,32
Lloreen,ravencrest,2035,priest,discipline,131,72,59
Rhâpsødy,ravencrest,2033,priest,discipline,107,65,42
Blessedmix,korgall,2029,priest,discipline,108,57,51
Bindw,tarren-mill,2025,priest,discipline,41,22,19
Reflector,sunstrider,2025,priest,discipline,99,47,52
Rlyeh,argent-dawn,2024,priest,discipline,71,39,32
Faithz,ragnaros,2023,priest,discipline,84,39,45
Leahbtw,ravencrest,2020,priest,discipline,216,114,102
Dakystepmom,stormreaver,2017,priest,discipline,119,57,62
Гопикзашквар,blackscar,2017,priest,discipline,104,47,57
Priestqtx,kelthuzad,2016,priest,discipline,60,34,26
Sacerdotini,outland,2016,priest,discipline,49,23,26
Wet,twisting-nether,2015,priest,discipline,90,41,49
Gerryqt,draenor,2013,priest,discipline,72,38,34
Flongoletta,xavius,2012,priest,discipline,210,111,99
Villagebike,shadowsong,2012,priest,discipline,42,22,20
Разрухаз,gordunni,2011,priest,discipline,95,48,47
Deadsloth,hyjal,2010,priest,discipline,113,60,53
Indulgence,eredar,2010,priest,discipline,199,105,94
Synxii,ravencrest,2010,priest,discipline,100,50,50
Trialight,ravencrest,2009,priest,discipline,89,57,32
Shadothat,turalyon,2008,priest,discipline,173,93,80
Фастэксп,razuvious,2008,priest,discipline,269,138,131
Nêxt,ravencrest,2007,priest,discipline,102,67,35
Timbsheal,tarren-mill,2007,priest,discipline,150,77,73
Ävbmârsík,kazzak,2006,priest,discipline,143,80,63
Duckiethotx,ragnaros,2005,priest,discipline,108,53,55
Фанпау,soulflayer,2005,priest,discipline,84,39,45
Tanlytwo,ravencrest,2003,priest,discipline,76,38,38
Underdogx,eredar,2002,priest,discipline,551,282,269
Sathie,ravencrest,2000,priest,discipline,126,66,60
Vajadisc,twisting-nether,2000,priest,discipline,136,59,77
Schattenface,blackmoore,1998,priest,discipline,260,142,118
Nothappy,ragnaros,1996,priest,discipline,66,32,34
Psyheea,stormscale,1996,priest,discipline,155,74,81
Rhauru,tyrande,1996,priest,discipline,194,92,102
Semagdnim,aggra-português,1993,priest,discipline,93,49,44
Билетлолпро,borean-tundra,1992,priest,discipline,285,139,146
Stavfel,stormscale,1990,priest,discipline,123,66,57
Shmoly,stormscale,1986,priest,discipline,103,52,51
Shøy,nemesis,1986,priest,discipline,246,122,124
Dabalthazar,ravencrest,1985,priest,discipline,163,83,80
Soloshuffle,draenor,1984,priest,discipline,142,76,66
Cener,ravencrest,1981,priest,discipline,92,65,27
Dpriesta,aegwynn,1979,priest,discipline,88,52,36
Painchampion,draenor,1978,priest,discipline,88,43,45
Acondisc,ravencrest,1977,priest,discipline,76,43,33
Boltygnome,blades-edge,1977,priest,discipline,96,52,44
Ekman,twisting-nether,1977,priest,discipline,128,67,61
Mentalist,dun-modr,1977,priest,discipline,207,99,108
Oioiio,kazzak,1975,priest,discipline,84,42,42
Mavisqt,draenor,1974,priest,discipline,127,67,60
Sinetrax,tarren-mill,1973,priest,discipline,96,57,39
Clapped,ravencrest,1973,priest,discipline,78,38,40
Trashedd,outland,1972,priest,discipline,165,82,83
Убикрофт,soulflayer,1971,priest,discipline,85,52,33
Mercilégion,sargeras,1971,priest,discipline,66,34,32
Prådâshådëzz,blackmoore,1970,priest,discipline,59,36,23
Sleepypriest,frostmane,1970,priest,discipline,54,31,23
Хомячпочка,gordunni,1970,priest,discipline,82,42,40
Lyrvanax,ravencrest,1968,priest,discipline,241,119,122
Ziknait,sargeras,1967,priest,discipline,54,34,20
Nolnilian,archimonde,1966,priest,discipline,72,41,31
Crinji,blackmoore,1966,priest,discipline,217,105,112
Comedii,blackmoore,1965,priest,discipline,477,247,230
Eukmassus,archimonde,1964,priest,discipline,82,43,39
Wernou,archimonde,1963,priest,discipline,60,36,24
Djsüssi,frostwolf,1963,priest,discipline,163,76,87
Tazn,thrall,1962,priest,discipline,54,28,26
Eestpr,tarren-mill,1961,priest,discipline,81,43,38
Potatojuicer,argent-dawn,1961,priest,discipline,195,100,95
Kâiøxx,outland,1958,priest,discipline,228,120,108
Spinebuster,frostwolf,1958,priest,discipline,78,38,40
Líluqt,sanguino,1957,priest,discipline,93,46,47
Fearxyz,aegwynn,1956,priest,discipline,72,38,34
Incaflamesex,sanguino,1955,priest,discipline,89,47,42
Asdfgfhtjy,stormscale,1955,priest,discipline,84,40,44
Klered,ragnaros,1953,priest,discipline,94,57,37
Krawnz,dun-modr,1953,priest,discipline,54,29,25
Eau,quelthalas,1952,priest,discipline,184,90,94
Нтти,soulflayer,1949,priest,discipline,102,57,45
Secø,sylvanas,1948,priest,discipline,48,26,22
Salvinia,kelthuzad,1948,priest,discipline,114,57,57
Místerbiceps,outland,1947,priest,discipline,101,51,50
Artle,dun-modr,1945,priest,discipline,88,61,27
Хомяктьмы,gordunni,1945,priest,discipline,114,58,56
Kleot,ragnaros,1944,priest,discipline,463,237,226
Mainputa,pozzo-delleternità,1943,priest,discipline,113,54,59
Kekkons,sylvanas,1941,priest,discipline,119,61,58
Ebuglatatrov,ravencrest,1941,priest,discipline,120,57,63
Concetto,nazjatar,1939,priest,discipline,48,27,21
Puckhorde,outland,1938,priest,discipline,96,59,37
Lyrvatwo,ravencrest,1938,priest,discipline,55,33,22
Mysterymucus,draenor,1938,priest,discipline,102,61,41
Porkhunt,stormscale,1938,priest,discipline,90,52,38
Scortie,blackrock,1938,priest,discipline,78,41,37
Senga,kazzak,1937,priest,discipline,78,38,40
Summerfinn,ravencrest,1937,priest,discipline,99,47,52
Tjackpanda,kazzak,1935,priest,discipline,54,30,24
Бенджаминлол,blackscar,1934,priest,discipline,60,27,33
Uwuslayerx,stormscale,1933,priest,discipline,143,73,70
Джагонх,soulflayer,1932,priest,discipline,72,40,32
Zularia,rexxar,1932,priest,discipline,132,70,62
Rngånxiety,ravencrest,1931,priest,discipline,148,75,73
Невертрикахд,gordunni,1931,priest,discipline,113,52,61
Healseri,defias-brotherhood,1929,priest,discipline,222,114,108
Goldensp,sanguino,1926,priest,discipline,93,55,38
Mswagner,outland,1926,priest,discipline,65,36,29
Йеэгер,soulflayer,1926,priest,discipline,121,55,66
Лёнятреппер,blackscar,1925,priest,discipline,183,102,81
Infamoussftw,drakthul,1924,priest,discipline,378,185,193
Azoran,dentarg,1922,priest,discipline,78,39,39
Akaria,kelthuzad,1922,priest,discipline,66,30,36
Arthezz,ravencrest,1920,priest,discipline,92,50,42
ßlinkytwinky,outland,1920,priest,discipline,48,25,23
Sharkouly,blackmoore,1920,priest,discipline,54,27,27
Justdänce,hyjal,1919,priest,discipline,70,35,35
Sheelah,ravencrest,1918,priest,discipline,100,47,53
Алинкалол,howling-fjord,1916,priest,discipline,192,110,82
Mgx,defias-brotherhood,1916,priest,discipline,75,38,37
Niniell,blackmoore,1915,priest,discipline,66,43,23
Xutira,silvermoon,1915,priest,discipline,213,123,90
Делреона,blackscar,1914,priest,discipline,102,58,44
Nirvz,silvermoon,1913,priest,discipline,78,56,22
Dermaul,kazzak,1913,priest,discipline,42,24,18
Ayoutbt,ravencrest,1913,priest,discipline,96,52,44
Listrix,frostmane,1912,priest,discipline,204,103,101
Deneris,ravencrest,1912,priest,discipline,59,27,32
Ananous,hyjal,1910,priest,discipline,204,107,97
Justyø,archimonde,1909,priest,discipline,290,166,124
Verti,outland,1907,priest,discipline,124,59,65
Malfredx,stormscale,1905,priest,discipline,39,25,14
Bonzu,ravencrest,1904,priest,discipline,60,30,30
Georgeshxx,ravencrest,1903,priest,discipline,95,50,45
Pheen,kazzak,1903,priest,discipline,298,152,146
Kenzah,ysondre,1902,priest,discipline,48,28,20
Kevinsorbo,destromath,1899,priest,discipline,66,35,31
Bigextendo,blackmoore,1899,priest,discipline,144,76,68
Donvyto,blackmoore,1899,priest,discipline,48,24,24
Shinjicum,kazzak,1898,priest,discipline,267,150,117
Maxfly,archimonde,1898,priest,discipline,54,29,25
Notnøw,silvermoon,1897,priest,discipline,59,36,23
Лайбаси,howling-fjord,1897,priest,discipline,126,64,62
Rîeka,antonidas,1897,priest,discipline,83,40,43
Tacochrist,kazzak,1895,priest,discipline,192,105,87
Галюхах,soulflayer,1895,priest,discipline,48,25,23
Kêkwshádêzz,blackmoore,1895,priest,discipline,54,27,27
Citadelle,blackmoore,1894,priest,discipline,83,48,35
Discishârd,ravencrest,1893,priest,discipline,117,60,57
Alsalty,stormscale,1892,priest,discipline,107,48,59
Kripteksx,ravencrest,1891,priest,discipline,89,45,44
Разорлайтх,gordunni,1890,priest,discipline,29,21,8
Evpisces,archimonde,1889,priest,discipline,405,201,204
Önnÿ,dun-modr,1889,priest,discipline,161,79,82
ßrb,sylvanas,1888,priest,discipline,174,98,76
Wangewover,ravencrest,1888,priest,discipline,147,82,65
Hampådenbååd,kazzak,1888,priest,discipline,63,30,33
Xghj,sylvanas,1887,priest,discipline,72,36,36
Soziy,silvermoon,1882,priest,discipline,45,24,21
Yzïam,ravencrest,1882,priest,discipline,139,74,65
Melphixia,stormscale,1882,priest,discipline,53,25,28
Voideffsucks,stormscale,1881,priest,discipline,60,32,28
Merylle,ragnaros,1880,priest,discipline,60,29,31
Superbianka,stormscale,1879,priest,discipline,75,36,39
Пэрдёж,howling-fjord,1878,priest,discipline,41,21,20
Donipriest,ravencrest,1875,priest,discipline,180,104,76
Yeetedmycat,stormscale,1873,priest,discipline,72,37,35
Faderfarbror,tarren-mill,1872,priest,discipline,109,68,41
Wóllo,stormscale,1872,priest,discipline,72,42,30
Elethia,blackmoore,1872,priest,discipline,38,21,17
Onyoureyebal,vashj,1872,priest,discipline,132,61,71
Imsaltyxd,tarren-mill,1871,priest,discipline,66,39,27
Maybeexp,ravencrest,1871,priest,discipline,42,23,19
Cdïs,tyrande,1870,priest,discipline,54,36,18
Rpriest,outland,1870,priest,discipline,60,34,26
Egî,azshara,1870,priest,discipline,42,20,22
Depridolens,argent-dawn,1869,priest,discipline,42,27,15
Limerençe,ravencrest,1869,priest,discipline,44,25,19
Интеллиджент,gordunni,1868,priest,discipline,42,24,18
Zhadow,outland,1868,priest,discipline,150,78,72
Свэпи,blackscar,1868,priest,discipline,71,34,37
Nalakis,archimonde,1866,priest,discipline,115,67,48
Elsuzette,hyjal,1866,priest,discipline,58,30,28
Saniqt,kazzak,1865,priest,discipline,57,35,22
Phosdia,festung-der-stürme,1864,priest,discipline,36,24,12
Tweely,drakthul,1864,priest,discipline,117,60,57
Ihefyehvjrm,ravencrest,1864,priest,discipline,125,64,61
Moyoo,kazzak,1864,priest,discipline,100,45,55
Jellypie,blackrock,1863,priest,discipline,48,31,17
Negativeapm,archimonde,1863,priest,discipline,41,24,17
Asdfghqwezxc,twisting-nether,1863,priest,discipline,65,35,30
Neffty,aegwynn,1863,priest,discipline,138,73,65
Прощайдуде,gordunni,1863,priest,discipline,65,34,31
Drlovke,stormscale,1863,priest,discipline,138,67,71
Smallsmilesx,blackrock,1863,priest,discipline,66,27,39
Asyncx,ravencrest,1862,priest,discipline,68,35,33
Duelistfied,blackrock,1862,priest,discipline,74,35,39
Kaori,zenedar,1861,priest,discipline,71,38,33
Бенджаминлол,deathguard,1861,priest,discipline,66,33,33
Карпинчо,soulflayer,1861,priest,discipline,192,95,97
Свдпро,soulflayer,1861,priest,discipline,150,70,80
Pricemg,thrall,1860,priest,discipline,48,29,19
Spatzdom,malygos,1860,priest,discipline,120,67,53
Debeo,ragnaros,1860,priest,discipline,133,74,59
Кошечка,deathguard,1860,priest,discipline,41,21,20
Thalanas,ravencrest,1859,priest,discipline,158,90,68
Sublab,kazzak,1859,priest,discipline,60,33,27
Artìst,ravencrest,1858,priest,discipline,30,20,10
Мефодийприст,howling-fjord,1858,priest,discipline,102,62,40
Cdplz,archimonde,1858,priest,discipline,119,59,60
Monopolygoat,arathor,1858,priest,discipline,181,84,97
Фрайонель,gordunni,1857,priest,discipline,42,32,10
Syreet,silvermoon,1857,priest,discipline,464,236,228
Trevorlahey,draenor,1856,priest,discipline,213,118,95
Entenpanda,kazzak,1855,priest,discipline,122,66,56
Гоплзнекст,gordunni,1855,priest,discipline,119,63,56
Ðènnis,argent-dawn,1855,priest,discipline,139,71,68
Unfaithful,twisting-nether,1854,priest,discipline,70,43,27
Cellia,antonidas,1853,priest,discipline,42,25,17
Enilion,draenor,1853,priest,discipline,56,29,27
Dieterdose,tarren-mill,1852,priest,discipline,44,29,15
Priestdos,sanguino,1852,priest,discipline,55,35,20
Crushmyballs,ravencrest,1852,priest,discipline,60,36,24
Eolîn,draenor,1852,priest,discipline,60,35,25
Лэсивэснэс,soulflayer,1852,priest,discipline,72,30,42
Junglemafia,nemesis,1851,priest,discipline,65,37,28
Zêxy,stormscale,1851,priest,discipline,101,53,48
Rihx,ysondre,1850,priest,discipline,97,71,26
Djswdgodx,twisting-nether,1850,priest,discipline,84,43,41
Drillin,ravencrest,1849,priest,discipline,93,43,50
Rynnegan,zuljin,1849,priest,discipline,72,31,41
Йуп,ashenvale,1848,priest,discipline,58,35,23
Çhåosgòddess,kazzak,1848,priest,discipline,42,25,17
Cnqz,archimonde,1848,priest,discipline,90,44,46
Shonsized,argent-dawn,1847,priest,discipline,154,88,66
Pristern,tarren-mill,1847,priest,discipline,122,67,55
Çiione,archimonde,1847,priest,discipline,71,34,37
Aédeira,blackhand,1847,priest,discipline,83,34,49
Flokè,stormscale,1846,priest,discipline,42,26,16
Andrë,ragnaros,1845,priest,discipline,46,29,17
Nyàh,stormscale,1845,priest,discipline,36,22,14
Gothicpriest,blackrock,1844,priest,discipline,65,41,24
Terno,sylvanas,1844,priest,discipline,672,347,325
Aiwass,twisting-nether,1844,priest,discipline,66,32,34
Саммерфинн,gordunni,1844,priest,discipline,64,30,34
Coldyxz,blackrock,1843,priest,discipline,54,31,23
Soyloverjuan,auchindoun,1843,priest,discipline,52,27,25
Аэтпио,soulflayer,1843,priest,discipline,126,64,62
Bæsts,ravencrest,1842,priest,discipline,47,35,12
Minilove,ravencrest,1842,priest,discipline,36,22,14
Maulerion,tarren-mill,1842,priest,discipline,92,53,39
Ostrogami,silvermoon,1842,priest,discipline,615,303,312
Indîcâ,outland,1842,priest,discipline,72,33,39
Kianprie,silvermoon,1842,priest,discipline,101,46,55
Trolldý,outland,1841,priest,discipline,54,33,21
Yro,gorgonnash,1841,priest,discipline,71,38,33
Mend,tarren-mill,1841,priest,discipline,77,34,43
Danglar,defias-brotherhood,1840,priest,discipline,102,58,44
Луилэнс,howling-fjord,1840,priest,discipline,82,46,36
Райлоу,azuregos,1840,priest,discipline,60,32,28
Twinkerz,ravencrest,1839,priest,discipline,114,70,44
Kàrèm,blutkessel,1839,priest,discipline,48,28,20
Shîn,zirkel-des-cenarius,1839,priest,discipline,72,32,40
Втильте,blackscar,1838,priest,discipline,138,77,61
Kolerps,ravencrest,1838,priest,discipline,54,25,29
Jeanprêtre,ysondre,1838,priest,discipline,72,32,40
Notnowelf,silvermoon,1838,priest,discipline,78,33,45
Xíøn,draenor,1837,priest,discipline,48,28,20
Fitu,drakthul,1837,priest,discipline,167,86,81
Krematorio,twisting-nether,1837,priest,discipline,59,27,32
Duqes,stormreaver,1836,priest,discipline,57,44,13
Virulence,twisting-nether,1836,priest,discipline,223,124,99
Drillinx,tarren-mill,1836,priest,discipline,107,54,53
Aeogon,kazzak,1836,priest,discipline,179,79,100
Nevercared,aegwynn,1835,priest,discipline,30,25,5
Некронево,howling-fjord,1835,priest,discipline,51,30,21
Indrades,blackmoore,1835,priest,discipline,54,31,23
Xraid,blackmoore,1835,priest,discipline,62,35,27
Giatros,kazzak,1835,priest,discipline,89,48,41
Sdn,twisting-nether,1835,priest,discipline,124,64,60
Zyzx,blackrock,1835,priest,discipline,72,32,40
Видзар,blackscar,1834,priest,discipline,42,27,15
Alwaysøøm,kazzak,1834,priest,discipline,120,77,43
Смотривнебоь,soulflayer,1834,priest,discipline,194,103,91
Luvdisc,ysondre,1834,priest,discipline,68,34,34
Ксенонх,gordunni,1834,priest,discipline,66,30,36
Azaciúx,sylvanas,1832,priest,discipline,48,29,19
Feeqamikka,ragnaros,1832,priest,discipline,61,32,29
Frida,blackrock,1832,priest,discipline,66,33,33
Filthyzx,argent-dawn,1831,priest,discipline,60,31,29
Sazuki,sylvanas,1830,priest,discipline,119,71,48
Discberg,kazzak,1830,priest,discipline,54,29,25
Лизагодх,howling-fjord,1830,priest,discipline,306,161,145
Stazqt,conseil-des-ombres,1830,priest,discipline,328,167,161
Nasdaq,ravencrest,1830,priest,discipline,79,38,41
Swiftdemise,sylvanas,1830,priest,discipline,202,97,105
Kaizza,burning-legion,1829,priest,discipline,48,30,18
Alusiepriest,ravencrest,1829,priest,discipline,164,102,62
Qhub,sylvanas,1829,priest,discipline,225,123,102
Minipõppy,ravencrest,1829,priest,discipline,250,132,118
Aliciaiscute,ravencrest,1829,priest,discipline,52,27,25
Bijaqt,blackmoore,1829,priest,discipline,54,27,27
Akeno,sylvanas,1829,priest,discipline,70,31,39
Парадайси,gordunni,1828,priest,discipline,53,35,18
Pradrak,eredar,1828,priest,discipline,54,31,23
Illuminarexo,sylvanas,1828,priest,discipline,145,82,63
Chivalryy,argent-dawn,1828,priest,discipline,119,64,55
Ingelosi,eredar,1828,priest,discipline,220,118,102
Seherbazqt,twisting-nether,1828,priest,discipline,202,108,94
Jconnelly,antonidas,1828,priest,discipline,62,32,30
Itayyxd,doomhammer,1828,priest,discipline,66,34,32
Poulet,sylvanas,1827,priest,discipline,52,30,22
Blazingad,kazzak,1827,priest,discipline,173,93,80
Fainttnt,stormscale,1827,priest,discipline,78,39,39
Noelretsof,jaedenar,1827,priest,discipline,62,31,31
Ltmp,ravencrest,1827,priest,discipline,48,24,24
Whýççpèrx,ravencrest,1826,priest,discipline,60,33,27
Nadøney,hyjal,1826,priest,discipline,172,87,85
Nissha,stormscale,1826,priest,discipline,66,32,34
Двачх,soulflayer,1826,priest,discipline,66,32,34
Sinetrax,draenor,1825,priest,discipline,48,30,18
Асверай,howling-fjord,1825,priest,discipline,90,55,35
Theythem,stormscale,1825,priest,discipline,42,25,17
Bebydaniwey,eredar,1825,priest,discipline,48,27,21
Moglimeister,blackrock,1825,priest,discipline,72,40,32
Myggsparv,stormscale,1825,priest,discipline,72,39,33
Nothic,blackmoore,1825,priest,discipline,196,105,91
Gimeurgold,destromath,1825,priest,discipline,66,32,34
Chechenkata,ravencrest,1825,priest,discipline,57,27,30
Undeathy,ravencrest,1825,priest,discipline,60,28,32
Charlotten,shattered-hand,1825,priest,discipline,238,109,129
Yourholynes,nemesis,1824,priest,discipline,39,24,15
Ayõu,ravencrest,1824,priest,discipline,60,36,24
Йефа,gordunni,1824,priest,discipline,124,71,53
Src,ravencrest,1824,priest,discipline,95,54,41
Collinna,aegwynn,1824,priest,discipline,105,57,48
Kirtarah,aegwynn,1824,priest,discipline,238,124,114
Bølzer,blackrock,1824,priest,discipline,372,185,187
Holó,stormscale,1824,priest,discipline,54,25,29
Lanata,blackrock,1823,priest,discipline,60,34,26
Мухаглот,soulflayer,1823,priest,discipline,71,37,34
Sovereignp,aegwynn,1823,priest,discipline,60,28,32
Imahipstaqt,eredar,1822,priest,discipline,57,32,25
Mamaa,stormscale,1822,priest,discipline,72,40,32
Spodermen,ravencrest,1822,priest,discipline,73,39,34
Tecc,draenor,1822,priest,discipline,130,65,65
Touchmypink,ragnaros,1822,priest,discipline,258,124,134
Xandrial,blackmoore,1822,priest,discipline,66,30,36
Mèlindra,tarren-mill,1821,priest,discipline,35,28,7
Hélp,stormscale,1821,priest,discipline,96,63,33
Билет,borean-tundra,1821,priest,discipline,42,26,16
Aâraks,khaz-modan,1821,priest,discipline,134,82,52
Tribz,kargath,1821,priest,discipline,36,22,14
Cyabish,twisting-nether,1821,priest,discipline,263,142,121
Miklós,die-aldor,1821,priest,discipline,54,28,26
Scaryolol,blackmoore,1821,priest,discipline,161,83,78
Yamai,thrall,1820,priest,discipline,42,24,18
Eliriya,thrall,1820,priest,discipline,302,154,148
Tingoess,silvermoon,1820,priest,discipline,150,75,75
Svakkanxd,kazzak,1820,priest,discipline,100,46,54
Dotzey,outland,1820,priest,discipline,101,43,58
Yunusgødx,kazzak,1819,priest,discipline,102,65,37
Силесттиль,gordunni,1819,priest,discipline,77,49,28
Øk,draenor,1819,priest,discipline,125,73,52
Омилая,gordunni,1819,priest,discipline,42,24,18
Изишвд,gordunni,1819,priest,discipline,59,33,26
Дорогасмеха,howling-fjord,1819,priest,discipline,72,39,33
Felaenna,argent-dawn,1819,priest,discipline,139,75,64
Ðês,ravencrest,1819,priest,discipline,120,62,58
Ilovelily,antonidas,1819,priest,discipline,60,30,30
Vibéz,outland,1819,priest,discipline,54,27,27
Karmasmom,kazzak,1819,priest,discipline,66,32,34
Прристуха,gordunni,1819,priest,discipline,108,51,57
Wiguwigu,blackrock,1819,priest,discipline,90,42,48
Lucyx,antonidas,1818,priest,discipline,36,25,11
Jaesabøyx,twisting-nether,1818,priest,discipline,168,100,68
Kimspriest,ragnaros,1818,priest,discipline,42,24,18
Dendegodx,kazzak,1818,priest,discipline,120,64,56
Egi,lothar,1818,priest,discipline,51,27,24
Cæsífer,senjin,1818,priest,discipline,78,41,37
Monsterzx,outland,1818,priest,discipline,90,44,46
Sakulus,malganis,1818,priest,discipline,66,31,35
Spiritina,darkmoon-faire,1817,priest,discipline,76,52,24
Tattum,ragnaros,1817,priest,discipline,96,64,32
Lovdisc,ysondre,1817,priest,discipline,54,34,20
Inhibitor,tarren-mill,1817,priest,discipline,48,29,19
Holycuddles,ysondre,1817,priest,discipline,78,47,31
Williamz,ravencrest,1817,priest,discipline,57,31,26
Ashenflexj,draenor,1817,priest,discipline,226,115,111
Ferpy,ragnaros,1817,priest,discipline,66,31,35
Chekkó,blackrock,1817,priest,discipline,77,35,42
Deadandugly,eredar,1817,priest,discipline,84,36,48
Swd,dun-morogh,1816,priest,discipline,36,23,13
Hanniri,archimonde,1816,priest,discipline,48,28,20
Aenon,argent-dawn,1816,priest,discipline,129,72,57
Saygg,ysondre,1816,priest,discipline,120,63,57
Соникида,gordunni,1816,priest,discipline,76,39,37
Приствалера,howling-fjord,1816,priest,discipline,488,249,239
Nedex,thrall,1816,priest,discipline,55,28,27
Semper,sylvanas,1816,priest,discipline,52,26,26
Thaeres,stormscale,1816,priest,discipline,65,31,34
Sebbi,ragnaros,1816,priest,discipline,72,34,38
Оченьнеочень,howling-fjord,1816,priest,discipline,72,33,39
Psychout,ravencrest,1816,priest,discipline,66,30,36
Fandac,sylvanas,1815,priest,discipline,60,39,21
Jowaba,ravencrest,1815,priest,discipline,60,38,22
Milamati,kazzak,1815,priest,discipline,90,50,40
Виллавелл,blackscar,1815,priest,discipline,48,24,24
Løs,argent-dawn,1815,priest,discipline,108,53,55
Skitspill,ravencrest,1815,priest,discipline,216,104,112
Trickyteè,tarren-mill,1815,priest,discipline,48,22,26
Fabzen,grim-batol,1815,priest,discipline,84,38,46
Menarille,kazzak,1814,priest,discipline,30,25,5
Jannejanne,ravencrest,1814,priest,discipline,30,19,11
Анстахоуп,grom,1814,priest,discipline,192,121,71
Noserenity,outland,1814,priest,discipline,47,28,19
Níghty,ravencrest,1814,priest,discipline,90,50,40
Bizqit,tarren-mill,1814,priest,discipline,311,168,143
Awön,stormscale,1814,priest,discipline,58,31,27
Alexpriest,twisting-nether,1814,priest,discipline,539,283,256
Discusting,anachronos,1814,priest,discipline,78,40,38
Mobcal,twisting-nether,1814,priest,discipline,66,28,38
Daniweyy,eredar,1813,priest,discipline,30,19,11
Ilovecala,ravencrest,1813,priest,discipline,42,25,17
Dzyxx,ravencrest,1813,priest,discipline,66,37,29
Iwariel,blackmoore,1813,priest,discipline,102,55,47
Architectx,ravencrest,1813,priest,discipline,119,60,59
Cæsifer,area-52,1813,priest,discipline,54,27,27
Dhassy,sanguino,1812,priest,discipline,71,44,27
Viiu,eredar,1812,priest,discipline,45,25,20
Eedazap,argent-dawn,1812,priest,discipline,58,32,26
Bandulskii,twisting-nether,1812,priest,discipline,427,214,213
Discoqt,aegwynn,1812,priest,discipline,60,30,30
Isalvation,stormscale,1812,priest,discipline,78,38,40
Mïserygødx,nemesis,1811,priest,discipline,84,57,27
Maxmoto,blackrock,1811,priest,discipline,92,56,36
Антошашвп,azuregos,1811,priest,discipline,42,25,17
Ascendedpwnz,silvermoon,1811,priest,discipline,75,44,31
Cæsifer,blackrock,1811,priest,discipline,100,55,45
Leahuwu,ravencrest,1811,priest,discipline,72,37,35
Miraña,kazzak,1810,priest,discipline,24,19,5
Xians,alakir,1810,priest,discipline,36,22,14
Holyshiiet,stormscale,1810,priest,discipline,138,81,57
Gaussqt,ravencrest,1810,priest,discipline,120,62,58
Spaanseslof,silvermoon,1810,priest,discipline,192,93,99
Xrq,stormscale,1809,priest,discipline,36,27,9
Delftware,tarren-mill,1809,priest,discipline,36,27,9
Thedisco,kazzak,1809,priest,discipline,84,56,28
Abdcefgihljk,tarren-mill,1809,priest,discipline,48,27,21
Leahx,dalvengyr,1809,priest,discipline,46,25,21
Øpra,nemesis,1809,priest,discipline,72,38,34
Qzrx,draenor,1809,priest,discipline,84,44,40
Kuxk,stormscale,1809,priest,discipline,48,24,24
Størmblaze,stormreaver,1809,priest,discipline,66,32,34
Заак,howling-fjord,1809,priest,discipline,42,19,23
Fønss,sanguino,1809,priest,discipline,77,34,43
Ðøñtårmørýmë,der-abyssische-rat,1809,priest,discipline,56,23,33
Stola,archimonde,1809,priest,discipline,101,41,60
Niagarafalls,ragnaros,1808,priest,discipline,231,128,103
Ohlinsqt,outland,1808,priest,discipline,66,36,30
Уровеньб,soulflayer,1808,priest,discipline,114,60,54
Prips,bladefist,1808,priest,discipline,223,117,106
Lolylights,tarren-mill,1808,priest,discipline,222,110,112
Ellinha,tarren-mill,1808,priest,discipline,71,34,37
Aprilfalls,blackmoore,1808,priest,discipline,54,25,29
Кв,blackscar,1808,priest,discipline,72,25,47
Ðézø,twisting-nether,1807,priest,discipline,108,71,37
Ÿolo,nemesis,1807,priest,discipline,80,47,33
Кирюшасэмпай,gordunni,1807,priest,discipline,159,86,73
Вашачесть,gordunni,1807,priest,discipline,156,84,72
Immortalled,twisting-nether,1807,priest,discipline,144,77,67
Cucurulla,sanguino,1807,priest,discipline,90,47,43
Raw,dragonblight,1807,priest,discipline,72,36,36
Seasonf,tarren-mill,1807,priest,discipline,60,28,32
Hexybtw,stormscale,1806,priest,discipline,30,19,11
Zarahard,draenor,1806,priest,discipline,120,65,55
Zeruhphin,eredar,1806,priest,discipline,54,28,26
Lucksy,antonidas,1806,priest,discipline,60,31,29
Karmev,twisting-nether,1806,priest,discipline,53,26,27
Brigittë,ravencrest,1806,priest,discipline,66,29,37
Jamienism,ravencrest,1806,priest,discipline,82,33,49
Youngfade,twisting-nether,1806,priest,discipline,76,30,46
Светжрец,blackscar,1805,priest,discipline,36,26,10
Артфуул,howling-fjord,1805,priest,discipline,78,43,35
Поршкаенн,gordunni,1805,priest,discipline,60,32,28
Andaar,ravencrest,1805,priest,discipline,60,32,28
Bunnydisc,outland,1805,priest,discipline,104,52,52
Ipâ,hyjal,1805,priest,discipline,417,207,210
Ssjfoxyo,sylvanas,1805,priest,discipline,143,69,74
Neems,twisting-nether,1805,priest,discipline,42,19,23
Ïcön,ravencrest,1804,priest,discipline,60,43,17
Ljusmor,silvermoon,1804,priest,discipline,99,62,37
Bennyjamin,kazzak,1804,priest,discipline,74,45,29
Floyyd,kazzak,1804,priest,discipline,42,24,18
Шэдоура,gordunni,1804,priest,discipline,135,76,59
Needsboorst,ravencrest,1804,priest,discipline,66,36,30
Nooxid,eredar,1804,priest,discipline,159,86,73
Rezzdar,lightnings-blade,1804,priest,discipline,121,62,59
Remkoja,blackrock,1804,priest,discipline,102,52,50
Altruistx,ravencrest,1804,priest,discipline,78,39,39
Aêalama,argent-dawn,1804,priest,discipline,54,27,27
Chochoo,argent-dawn,1804,priest,discipline,60,25,35
Fogel,turalyon,1803,priest,discipline,96,82,14
Laonar,silvermoon,1803,priest,discipline,181,115,66
Frëija,ravencrest,1803,priest,discipline,59,37,22
Muncett,dun-modr,1803,priest,discipline,89,55,34
Lasêr,kazzak,1803,priest,discipline,133,73,60
Lunatique,shadowsong,1803,priest,discipline,56,28,28
Gehrke,silvermoon,1803,priest,discipline,105,51,54
Hamsicam,frostwolf,1803,priest,discipline,176,83,93
Deoxx,kazzak,1803,priest,discipline,126,58,68
Ebiso,ravencrest,1803,priest,discipline,90,41,49
Rainbowroll,kazzak,1803,priest,discipline,82,37,45
Assiduous,stormreaver,1802,priest,discipline,40,25,15
Ronnyvandamm,destromath,1802,priest,discipline,136,78,58
Zoophobîa,stormscale,1802,priest,discipline,96,54,42
Bassepriest,tarren-mill,1802,priest,discipline,101,53,48
Jpucciù,ysondre,1802,priest,discipline,66,31,35
Ytsal,stormscale,1802,priest,discipline,72,32,40
Mcpriestgodx,blackrock,1802,priest,discipline,67,28,39
Cx,mazrigos,1801,priest,discipline,65,42,23
Shínx,illidan,1801,priest,discipline,90,52,38
Rabbai,twisting-nether,1801,priest,discipline,66,37,29
Батлджес,gordunni,1801,priest,discipline,54,29,25
Naivah,dun-modr,1801,priest,discipline,229,122,107
Reckxp,twisting-nether,1801,priest,discipline,114,52,62
Зулфар,razuvious,1800,priest,discipline,48,36,12
Wardshield,ravencrest,1800,priest,discipline,29,20,9
Felwy,stormscale,1800,priest,discipline,48,31,17
Hasnoaim,dun-morogh,1800,priest,discipline,66,41,25
Doublefreak,draenor,1800,priest,discipline,84,51,33
Mautiya,blackrock,1800,priest,discipline,96,52,44
Mpßx,tarren-mill,1800,priest,discipline,39,21,18
Enzineum,twisting-nether,1800,priest,discipline,54,28,26
Zuniqa,die-aldor,1800,priest,discipline,221,112,109
Cätälin,twisting-nether,1800,priest,discipline,386,195,191
Некрогуро,gordunni,1800,priest,discipline,54,27,27
Lazyx,tarren-mill,1800,priest,discipline,59,29,30
Mcdodgens,auchindoun,1800,priest,discipline,233,112,121
Stahpit,twisting-nether,1800,priest,discipline,65,31,34
Discisiipeli,sylvanas,1799,priest,discipline,72,42,30
Øxxgodx,blackrock,1798,priest,discipline,129,69,60
Jâde,bloodhoof,1798,priest,discipline,189,92,97
Фенджидисплх,blackscar,1798,priest,discipline,114,54,60
Dokwhite,blackrock,1797,priest,discipline,41,20,21
Sùzy,ravencrest,1797,priest,discipline,72,30,42
Gladiav,hyjal,1796,priest,discipline,42,27,15
Alessana,antonidas,1796,priest,discipline,47,30,17
Georgesheenx,ravencrest,1796,priest,discipline,190,90,100
Seankingkong,ravencrest,1795,priest,discipline,37,23,14
Siezlababo,blackrock,1795,priest,discipline,35,21,14
Lobbygriefer,ravencrest,1795,priest,discipline,562,295,267
Bigballer,stormscale,1795,priest,discipline,51,26,25
Fatalx,grim-batol,1794,priest,discipline,82,42,40
Keijunâ,ravencrest,1794,priest,discipline,41,21,20
Сайдвиндер,blackscar,1792,priest,discipline,115,59,56
Racecar,executus,1792,priest,discipline,144,71,73
Flensu,stormscale,1790,priest,discipline,100,55,45
Grouptherpst,draenor,1790,priest,discipline,340,168,172
Owrly,bladefist,1789,priest,discipline,178,89,89
Jimpah,outland,1789,priest,discipline,159,72,87
Phyxiusx,stormscale,1788,priest,discipline,96,53,43
Nakenhäst,ravencrest,1787,priest,discipline,42,19,23
Ýbëzz,ravencrest,1786,priest,discipline,30,19,11
Elataqt,silvermoon,1786,priest,discipline,97,53,44
Amtoxic,stormscale,1786,priest,discipline,467,239,228
Alicanx,silvermoon,1785,priest,discipline,129,78,51
Holyholy,stormscale,1784,priest,discipline,60,40,20
Talbyslegacý,blackmoore,1784,priest,discipline,108,60,48
Traxtoor,tarren-mill,1782,priest,discipline,241,129,112
Sdlman,nemesis,1781,priest,discipline,171,87,84
Maikzky,stormreaver,1780,priest,discipline,36,19,17
Zèl,blackmoore,1780,priest,discipline,52,26,26
Mafakor,ravencrest,1780,priest,discipline,399,196,203
Emryth,blackhand,1779,priest,discipline,294,152,142
Plåtpriest,twisting-nether,1777,priest,discipline,288,160,128
Mindx,sylvanas,1777,priest,discipline,191,98,93
Eliana,blackrock,1777,priest,discipline,151,77,74
Stormmyy,kazzak,1777,priest,discipline,42,21,21
Ilovepmr,outland,1777,priest,discipline,44,21,23
Alexsmite,twisting-nether,1777,priest,discipline,41,19,22
Tiphereth,blackmoore,1776,priest,discipline,60,29,31
Chaxxpriest,blackrock,1776,priest,discipline,137,63,74
Lakeworth,argent-dawn,1776,priest,discipline,134,61,73
Mndvx,sylvanas,1775,priest,discipline,140,70,70
Prsx,ravencrest,1775,priest,discipline,132,65,67
Tanly,outland,1774,priest,discipline,102,45,57
Vespbruv,kazzak,1773,priest,discipline,36,25,11
Wodpriest,ravencrest,1772,priest,discipline,30,20,10
Hellhammer,stormreaver,1772,priest,discipline,154,82,72
Chnechnechne,outland,1772,priest,discipline,70,37,33
Отклонен,soulflayer,1772,priest,discipline,66,32,34
Aelíth,archimonde,1771,priest,discipline,54,27,27
Galpriest,tarren-mill,1770,priest,discipline,41,21,20
Blâdéira,ravencrest,1770,priest,discipline,165,80,85
Леддигага,gordunni,1769,priest,discipline,48,27,21
Ironqt,malfurion,1769,priest,discipline,136,61,75
Hopesallgone,stormscale,1768,priest,discipline,134,77,57
Jaytï,ravencrest,1766,priest,discipline,42,26,16
Noviriel,argent-dawn,1766,priest,discipline,112,58,54
Magetrainer,tarren-mill,1765,priest,discipline,60,42,18
Denunciation,argent-dawn,1765,priest,discipline,215,115,100
Тёмныйвид,soulflayer,1765,priest,discipline,84,37,47
Ohiofromntty,ravencrest,1764,priest,discipline,24,20,4
Hyw,hyjal,1764,priest,discipline,39,22,17
Kàalyx,archimonde,1764,priest,discipline,119,59,60
Midzoado,ragnaros,1764,priest,discipline,66,30,36
Shdwxy,blackrock,1763,priest,discipline,120,69,51
Nameit,eredar,1763,priest,discipline,194,91,103
Gajos,frostwolf,1762,priest,discipline,132,75,57
Pieceoftrash,stormscale,1762,priest,discipline,101,55,46
Gødsfåvørite,blackrock,1762,priest,discipline,298,155,143
Aridarpriest,silvermoon,1762,priest,discipline,86,37,49
Twizl,hyjal,1761,priest,discipline,102,54,48
Aruna,ravencrest,1761,priest,discipline,70,35,35
Ladderpolice,blackmoore,1761,priest,discipline,54,26,28
Kuusistöö,kazzak,1760,priest,discipline,164,82,82
Susaj,tarren-mill,1759,priest,discipline,41,23,18
Furtnajebany,tarren-mill,1758,priest,discipline,75,34,41
Legiondisc,blackmoore,1758,priest,discipline,157,71,86
Rogeron,blackrock,1758,priest,discipline,100,45,55
Aelisendi,draenor,1757,priest,discipline,83,46,37
Sekker,silvermoon,1757,priest,discipline,303,161,142
Élsias,blackmoore,1757,priest,discipline,63,30,33
Arendt,blackhand,1757,priest,discipline,66,30,36
Тыкофка,gordunni,1756,priest,discipline,254,128,126
Шкурюклады,gordunni,1756,priest,discipline,90,40,50
Андерприст,soulflayer,1755,priest,discipline,192,98,94
Roshmanoff,stormscale,1755,priest,discipline,54,27,27
Dreifearfünf,arygos,1754,priest,discipline,90,50,40
Khristo,illidan,1753,priest,discipline,84,36,48
Gravebrain,draenor,1752,priest,discipline,286,149,137
Dès,ravencrest,1752,priest,discipline,165,80,85
ßçøûzýìñ,ravencrest,1751,priest,discipline,28,21,7
Merylle,outland,1751,priest,discipline,41,27,14
Destinychild,norgannon,1751,priest,discipline,64,34,30
Brutapriestx,stormscale,1751,priest,discipline,53,23,30
Kîlo,sylvanas,1750,priest,discipline,42,19,23
Isuckmattsd,aggramar,1749,priest,discipline,30,21,9
Healêl,sanguino,1749,priest,discipline,81,40,41
Таравера,soulflayer,1748,priest,discipline,125,60,65
Iloveilka,madmortem,1747,priest,discipline,29,19,10
Holyblóod,kazzak,1747,priest,discipline,56,34,22
Pikaboom,the-maelstrom,1747,priest,discipline,48,27,21
Uo,kilrogg,1747,priest,discipline,141,79,62
Elvibeast,twisting-nether,1747,priest,discipline,54,27,27
Дъикиймвп,deepholm,1747,priest,discipline,48,24,24
Heavensfire,twisting-nether,1747,priest,discipline,53,25,28
Lunærÿ,hyjal,1747,priest,discipline,54,23,31
Kèvin,das-syndikat,1746,priest,discipline,89,54,35
Devoura,sylvanas,1746,priest,discipline,48,23,25
Nazzghul,silvermoon,1745,priest,discipline,88,52,36
Mystz,dun-modr,1744,priest,discipline,63,34,29
Rippertmepls,ravencrest,1744,priest,discipline,101,52,49
Nancey,draenor,1744,priest,discipline,42,21,21
Rngamer,silvermoon,1743,priest,discipline,30,23,7
Ampara,thrall,1743,priest,discipline,102,52,50
Zéntius,twisting-nether,1743,priest,discipline,53,25,28
Dnsxx,thrall,1742,priest,discipline,1051,541,510
Cedifanboyx,archimonde,1742,priest,discipline,72,37,35
Ðårkìnlol,ravencrest,1741,priest,discipline,23,19,4
Tricavla,frostmane,1741,priest,discipline,120,65,55
Lethalhealz,outland,1741,priest,discipline,446,231,215
Demora,ysondre,1741,priest,discipline,206,100,106
Alpháømegá,outland,1741,priest,discipline,88,40,48
Sosûke,archimonde,1740,priest,discipline,60,34,26
Abømination,hyjal,1740,priest,discipline,123,69,54
Yugemilkers,kazzak,1740,priest,discipline,209,109,100
Holytop,aegwynn,1740,priest,discipline,48,25,23
Echonic,aegwynn,1740,priest,discipline,258,130,128
Pâww,kazzak,1740,priest,discipline,54,26,28
Savta,ravencrest,1740,priest,discipline,42,19,23
Xeldrania,azshara,1739,priest,discipline,41,22,19
Darktemplarx,magtheridon,1739,priest,discipline,165,83,82
Rytmusqt,outland,1739,priest,discipline,54,26,28
Zeröone,silvermoon,1739,priest,discipline,107,48,59
Lyrina,twisting-nether,1738,priest,discipline,364,199,165
Sheeash,kazzak,1738,priest,discipline,54,27,27
Holyblóod,ravencrest,1738,priest,discipline,73,35,38
Massbimba,tarren-mill,1737,priest,discipline,289,161,128
Антошашвп,gordunni,1737,priest,discipline,48,25,23
Krolox,blackhand,1737,priest,discipline,102,51,51
Zërøx,ysondre,1737,priest,discipline,95,39,56
Sydnex,blackmoore,1734,priest,discipline,77,45,32
Sausageboy,tarren-mill,1734,priest,discipline,54,30,24
Aetas,hyjal,1732,priest,discipline,72,41,31
Lilypalmer,stormscale,1731,priest,discipline,72,36,36
Jøjmenejøj,ravencrest,1731,priest,discipline,150,73,77
Vigoria,stormreaver,1731,priest,discipline,101,49,52
Finalprayer,silvermoon,1730,priest,discipline,95,63,32
Tÿona,hyjal,1730,priest,discipline,182,104,78
Mitha,tarren-mill,1730,priest,discipline,80,45,35
Csúforck,ragnaros,1730,priest,discipline,58,32,26
Yungblessing,stormscale,1730,priest,discipline,60,30,30
Preme,blackhand,1730,priest,discipline,78,37,41
Snuskong,kazzak,1730,priest,discipline,54,25,29
Betatasty,dalaran,1729,priest,discipline,30,22,8
Brownhammer,ravencrest,1729,priest,discipline,58,32,26
Enteja,outland,1729,priest,discipline,1027,516,511
Noukeé,blackrock,1729,priest,discipline,54,25,29
Mamabeer,draenor,1727,priest,discipline,150,91,59
Teradros,blackhand,1727,priest,discipline,53,28,25
Nihpolz,ragnaros,1726,priest,discipline,105,59,46
Darkshdwbrst,malorne,1726,priest,discipline,271,148,123
Zwu,antonidas,1726,priest,discipline,70,38,32
Namîxoxo,ysondre,1726,priest,discipline,66,33,33
Yzina,archimonde,1726,priest,discipline,60,28,32
Kirobreika,twisting-nether,1725,priest,discipline,36,25,11
Gailiugà,kazzak,1725,priest,discipline,40,26,14
Savagex,dun-modr,1725,priest,discipline,256,136,120
Roylian,ravencrest,1725,priest,discipline,45,23,22
Felvytwo,stormscale,1725,priest,discipline,48,24,24
Hoses,twisting-nether,1725,priest,discipline,229,114,115
Keypo,khaz-modan,1725,priest,discipline,59,26,33
Ranchikswp,ravencrest,1724,priest,discipline,30,18,12
Leåh,ravencrest,1724,priest,discipline,60,34,26
Kuraimb,the-maelstrom,1724,priest,discipline,87,43,44
Lucìanà,blackmoore,1723,priest,discipline,30,18,12
Mentaldeadp,draenor,1723,priest,discipline,147,88,59
Rickerstrike,stormscale,1723,priest,discipline,143,71,72
Аскеронх,howling-fjord,1723,priest,discipline,87,41,46
Scarylol,blackmoore,1722,priest,discipline,36,19,17
Plsdontcry,blackrock,1722,priest,discipline,54,27,27
Skevitche,hyjal,1721,priest,discipline,208,108,100
Bengtas,ravencrest,1721,priest,discipline,230,112,118
Neliica,silvermoon,1721,priest,discipline,90,37,53
Gwinzy,blackmoore,1720,priest,discipline,36,22,14
Legitha,blackmoore,1720,priest,discipline,45,26,19
Folelli,ysondre,1720,priest,discipline,113,58,55
Pinipom,kazzak,1719,priest,discipline,38,26,12
Leffie,outland,1719,priest,discipline,51,26,25
Haveboorst,twisting-nether,1719,priest,discipline,42,21,21
Jempi,argent-dawn,1718,priest,discipline,153,88,65
Devotedape,draenor,1718,priest,discipline,89,50,39
Kekkonh,sylvanas,1718,priest,discipline,47,23,24
Holymoly,talnivarr,1718,priest,discipline,120,55,65
Neska,antonidas,1718,priest,discipline,42,18,24
Сандейрейн,gordunni,1717,priest,discipline,41,23,18
Cctw,archimonde,1717,priest,discipline,102,52,50
Brutalmaze,archimonde,1717,priest,discipline,42,21,21
Touddixz,blackrock,1716,priest,discipline,30,19,11
Irefutåbil,stormscale,1716,priest,discipline,138,79,59
Spìrít,ghostlands,1716,priest,discipline,48,24,24
Smiteyoudown,blackrock,1716,priest,discipline,42,21,21
Flào,draenor,1716,priest,discipline,48,21,27
Looney,shadowsong,1715,priest,discipline,36,25,11
Pehmoinen,korgall,1715,priest,discipline,147,75,72
Jarvinia,blackmoore,1715,priest,discipline,88,44,44
Pestmorran,sylvanas,1715,priest,discipline,318,153,165
Flipflops,kirin-tor,1714,priest,discipline,42,25,17
Holysjodin,tarren-mill,1714,priest,discipline,36,18,18
Sadsadsad,ravencrest,1714,priest,discipline,42,18,24
Lowhealing,kazzak,1713,priest,discipline,48,29,19
Watchmedark,ravencrest,1713,priest,discipline,48,24,24
Baptized,baelgun,1712,priest,discipline,102,47,55
Lótus,outland,1712,priest,discipline,65,27,38
Hannirï,archimonde,1711,priest,discipline,89,62,27
Kæzm,blackrock,1711,priest,discipline,83,47,36
Mythaaz,archimonde,1711,priest,discipline,45,18,27
Paterfisl,ragnaros,1710,priest,discipline,78,43,35
Klugzy,silvermoon,1710,priest,discipline,132,55,77
Rivíía,drakthul,1709,priest,discipline,47,29,18
Ðarkan,kaelthas,1709,priest,discipline,132,76,56
Trashpriest,blackrock,1708,priest,discipline,47,19,28
Kijhun,uldaman,1707,priest,discipline,72,40,32
Obie,exodar,1707,priest,discipline,46,19,27
Nyxoqtxd,ravencrest,1706,priest,discipline,94,54,40
Uivi,azjolnerub,1706,priest,discipline,42,22,20
Patriamore,jaedenar,1706,priest,discipline,64,30,34
Syntaria,pozzo-delleternità,1705,priest,discipline,48,28,20
Finiskram,sylvanas,1705,priest,discipline,42,24,18
Fulgus,sanguino,1705,priest,discipline,254,127,127
Yukasa,silvermoon,1705,priest,discipline,78,34,44
Kaldhor,ysondre,1705,priest,discipline,71,29,42
Tygstycke,tarren-mill,1704,priest,discipline,36,24,12
Sokratina,ragnaros,1704,priest,discipline,88,58,30
Smitelay,alleria,1704,priest,discipline,42,27,15
Splf,blackrock,1704,priest,discipline,90,56,34
Dállas,ravencrest,1704,priest,discipline,72,41,31
Drée,hyjal,1704,priest,discipline,54,28,26
Sills,twisting-nether,1704,priest,discipline,70,34,36
Babibayle,arakarahm,1704,priest,discipline,60,24,36
Lorimac,dun-modr,1703,priest,discipline,201,101,100
Lîke,shattrath,1703,priest,discipline,36,18,18
Calling,nozdormu,1702,priest,discipline,65,37,28
Женяшилд,howling-fjord,1702,priest,discipline,283,146,137
Bockx,ragnaros,1702,priest,discipline,66,27,39
Anotu,tarren-mill,1701,priest,discipline,48,28,20
Фокусшвд,soulflayer,1701,priest,discipline,144,73,71
Bekznfiend,ragnaros,1701,priest,discipline,48,22,26
Mythasz,archimonde,1701,priest,discipline,58,26,32
Noxr,ravencrest,1701,priest,discipline,68,28,40
Kapts,twisting-nether,1700,priest,discipline,30,18,12
Дардж,blackscar,1700,priest,discipline,48,28,20
Healbotmvp,ravencrest,1700,priest,discipline,42,24,18
Chîllipriest,draenor,1700,priest,discipline,109,59,50
Saniss,tarren-mill,1700,priest,discipline,90,48,42
Nimb,blackrock,1700,priest,discipline,66,33,33
Fancytrash,ravencrest,1700,priest,discipline,157,78,79
Ðeep,archimonde,1700,priest,discipline,48,23,25
Roxeal,archimonde,1699,priest,discipline,210,115,95
Verjin,kazzak,1699,priest,discipline,90,36,54
Sîena,ravencrest,1698,priest,discipline,36,27,9
Shieldyman,silvermoon,1698,priest,discipline,48,25,23
Jämar,archimonde,1698,priest,discipline,60,29,31
Закс,blackscar,1698,priest,discipline,48,22,26
Dqt,ragnaros,1698,priest,discipline,71,31,40
Kevokko,silvermoon,1698,priest,discipline,60,25,35
Unstopp,blackhand,1697,priest,discipline,29,20,9
Areyqt,ravencrest,1697,priest,discipline,36,22,14
Jumby,outland,1697,priest,discipline,46,24,22
Gòldfinger,norgannon,1697,priest,discipline,162,76,86
Døppëlápfèl,tarren-mill,1696,priest,discipline,30,20,10
Holyasprin,sylvanas,1696,priest,discipline,84,48,36
Kahir,ravencrest,1696,priest,discipline,98,52,46
Ssjx,ravencrest,1696,priest,discipline,48,25,23
Kolinamenuss,dun-morogh,1696,priest,discipline,60,27,33
Cptisus,draenor,1696,priest,discipline,72,31,41
Mixoo,throkferoth,1696,priest,discipline,95,40,55
Veryfine,draenor,1695,priest,discipline,142,73,69
Fizzy,arthas,1695,priest,discipline,82,42,40
Swdommeil,aegwynn,1695,priest,discipline,48,24,24
Mcdeady,tarren-mill,1695,priest,discipline,72,34,38
Эвэргарден,eversong,1695,priest,discipline,108,45,63
Mopriest,eredar,1694,priest,discipline,56,36,20
Seemedotin,aegwynn,1694,priest,discipline,41,23,18
Tjackmackann,kazzak,1694,priest,discipline,42,23,19
Eyllise,ragnaros,1694,priest,discipline,476,250,226
Angrypiex,stormscale,1694,priest,discipline,83,38,45
Luxør,blackrock,1694,priest,discipline,42,18,24
Arlekin,ravencrest,1693,priest,discipline,114,70,44
Kyderr,blackrock,1693,priest,discipline,108,59,49
Windywendy,blackrock,1693,priest,discipline,141,75,66
Beabanane,aegwynn,1693,priest,discipline,197,103,94
Scarified,aggramar,1693,priest,discipline,78,38,40
Сонясоукьют,gordunni,1693,priest,discipline,54,26,28
Samaya,blackrock,1693,priest,discipline,147,68,79
Yroe,gorgonnash,1693,priest,discipline,48,22,26
Verweven,twisting-nether,1692,priest,discipline,47,26,21
Kavrack,dalaran,1692,priest,discipline,41,22,19
Pierrebourne,blackmoore,1692,priest,discipline,48,23,25
Шаастраха,gordunni,1692,priest,discipline,97,44,53
Xulgarath,silvermoon,1691,priest,discipline,52,35,17
Shadowlander,dun-modr,1691,priest,discipline,87,46,41
Luckystar,grim-batol,1691,priest,discipline,141,73,68
Nidetha,draenor,1691,priest,discipline,42,18,24
Priestlol,outland,1690,priest,discipline,177,94,83
Priewyn,ragnaros,1690,priest,discipline,311,163,148
Akzar,blackrock,1690,priest,discipline,474,240,234
Lexìì,archimonde,1690,priest,discipline,36,18,18
Waaqa,outland,1690,priest,discipline,152,72,80
Còsmo,ravencrest,1690,priest,discipline,48,20,28
Шестьнадцать,gordunni,1689,priest,discipline,107,60,47
Voided,nemesis,1689,priest,discipline,61,34,27
Naphell,outland,1689,priest,discipline,126,63,63
Utrd,kazzak,1689,priest,discipline,292,138,154
Pixe,argent-dawn,1689,priest,discipline,66,27,39
Биркох,blackscar,1688,priest,discipline,107,73,34
Ninxy,sylvanas,1688,priest,discipline,30,18,12
Eagrh,ravencrest,1688,priest,discipline,328,185,143
Wérrýxs,kazzak,1688,priest,discipline,148,83,65
Афганский,gordunni,1688,priest,discipline,46,24,22
Voidbone,stormscale,1687,priest,discipline,42,22,20
Berseenreikä,the-venture-co,1687,priest,discipline,60,29,31
Dorkama,silvermoon,1686,priest,discipline,30,18,12
Taslight,stormscale,1686,priest,discipline,156,91,65
Lesse,ravencrest,1686,priest,discipline,42,22,20
Walkmydome,twisting-nether,1686,priest,discipline,213,110,103
Dispelgodxx,eredar,1686,priest,discipline,60,27,33
Zychopriest,antonidas,1686,priest,discipline,48,21,27
Freddyprinze,ravencrest,1685,priest,discipline,87,50,37
Pflanzenmann,nozdormu,1685,priest,discipline,72,40,32
Mantra,blackmoore,1684,priest,discipline,294,146,148
Hinorist,kazzak,1684,priest,discipline,154,74,80
Бэнжэминг,gordunni,1684,priest,discipline,113,53,60
Traicklebron,antonidas,1683,priest,discipline,33,21,12
Tabaç,stormscale,1683,priest,discipline,42,26,16
Zzbleh,stormscale,1683,priest,discipline,96,53,43
Пристижнаяя,gordunni,1683,priest,discipline,99,52,47
Barackomana,blackrock,1683,priest,discipline,120,56,64
Oscoolytb,archimonde,1683,priest,discipline,138,63,75
Aerael,auchindoun,1682,priest,discipline,36,22,14
Mythrixia,draenor,1682,priest,discipline,99,54,45
Efeslol,dun-modr,1682,priest,discipline,214,107,107
Krautfunding,blackrock,1682,priest,discipline,48,24,24
Eitukaeitai,outland,1682,priest,discipline,48,22,26
Doorix,nethersturm,1682,priest,discipline,68,31,37
Abomïnàtîon,ysondre,1681,priest,discipline,43,33,10
Prc,stormscale,1681,priest,discipline,60,41,19
Reticlel,kazzak,1681,priest,discipline,158,89,69
Jumpàxx,archimonde,1681,priest,discipline,48,22,26
Marôs,antonidas,1681,priest,discipline,60,26,34
Deathgodx,archimonde,1680,priest,discipline,154,85,69
Артжрец,soulflayer,1680,priest,discipline,82,45,37
Nexìan,ravencrest,1680,priest,discipline,60,32,28
Swdommeil,blackrock,1680,priest,discipline,36,19,17
ßrûm,archimonde,1679,priest,discipline,48,23,25
Goodra,sylvanas,1678,priest,discipline,36,23,13
Ruckusxz,ravencrest,1678,priest,discipline,41,23,18
Céira,malganis,1678,priest,discipline,42,23,19
Sloee,kazzak,1677,priest,discipline,42,24,18
Майти,gordunni,1677,priest,discipline,172,98,74
Шайтсунг,soulflayer,1677,priest,discipline,56,30,26
Goky,kazzak,1677,priest,discipline,48,23,25
Iyannà,blackrock,1676,priest,discipline,42,28,14
Premierex,stormscale,1676,priest,discipline,48,27,21
Necronidas,burning-legion,1676,priest,discipline,97,53,44
Drë,daggerspine,1676,priest,discipline,64,31,33
Clownspec,twisting-nether,1676,priest,discipline,54,26,28
Holytopp,aegwynn,1675,priest,discipline,42,25,17
Glyss,draenor,1675,priest,discipline,72,40,32
Apuessii,dun-modr,1675,priest,discipline,83,36,47
Файкахохо,soulflayer,1675,priest,discipline,59,24,35
Kaksel,blackrock,1674,priest,discipline,120,62,58
Meltmvp,thrall,1674,priest,discipline,66,33,33
Уэйнестелл,booty-bay,1674,priest,discipline,54,24,30
Geforcès,archimonde,1674,priest,discipline,113,45,68
Hodscha,aegwynn,1674,priest,discipline,63,24,39
Разрухаовнз,gordunni,1673,priest,discipline,36,22,14
Forcedtoheal,sylvanas,1673,priest,discipline,85,51,34
Mèix,ysondre,1673,priest,discipline,72,42,30
Scurrp,aegwynn,1673,priest,discipline,72,36,36
Awcute,kazzak,1673,priest,discipline,370,181,189
Xianstwo,alakir,1673,priest,discipline,54,24,30
Tmnetwo,ravencrest,1673,priest,discipline,42,18,24
Goldeagle,archimonde,1673,priest,discipline,60,25,35
Splís,ravencrest,1673,priest,discipline,75,30,45
Neverlandx,bladefist,1672,priest,discipline,70,41,29
Malapriest,dalaran,1672,priest,discipline,96,54,42
Ggbenis,ragnaros,1672,priest,discipline,42,23,19
Cpzach,tarren-mill,1672,priest,discipline,184,95,89
Jasty,nemesis,1672,priest,discipline,59,23,36
Byef,kazzak,1671,priest,discipline,56,31,25
Voleck,aegwynn,1671,priest,discipline,48,23,25
Owpex,outland,1670,priest,discipline,36,22,14
Swoptoplong,blackhand,1670,priest,discipline,503,263,240
Mysticmäc,aegwynn,1670,priest,discipline,66,33,33
Сосиска,deathguard,1670,priest,discipline,41,20,21
Swkunz,dun-modr,1670,priest,discipline,154,71,83
Assacine,aegwynn,1669,priest,discipline,68,36,32
Cestrial,sylvanas,1669,priest,discipline,104,55,49
Psjk,blackrock,1669,priest,discipline,100,51,49
Corrâ,aegwynn,1668,priest,discipline,42,24,18
Anbish,burning-legion,1668,priest,discipline,200,113,87
Cultaken,kazzak,1668,priest,discipline,82,45,37
Pokahonta,silvermoon,1668,priest,discipline,249,131,118
Títarie,aegwynn,1668,priest,discipline,42,22,20
Bilbobanging,aggramar,1668,priest,discipline,54,27,27
Sologrifer,sylvanas,1668,priest,discipline,39,19,20
Zzoska,burning-legion,1668,priest,discipline,83,40,43
Holyarnold,silvermoon,1668,priest,discipline,189,86,103
Lindvorm,tarren-mill,1667,priest,discipline,120,61,59
Toxp,kazzak,1667,priest,discipline,178,85,93
Hadis,tarren-mill,1667,priest,discipline,108,49,59
Dribbler,ragnaros,1666,priest,discipline,36,24,12
Eluveitieq,kazzak,1666,priest,discipline,172,91,81
Cylantharia,eredar,1666,priest,discipline,159,84,75
Lavendertown,tarren-mill,1666,priest,discipline,116,61,55
Coqa,blackrock,1666,priest,discipline,42,21,21
Salvatíon,sanguino,1666,priest,discipline,236,105,131
Matmonp,hyjal,1666,priest,discipline,59,25,34
Trntypr,senjin,1665,priest,discipline,84,48,36
Rêstlêss,blackrock,1665,priest,discipline,89,46,43
Obbdasknob,ravencrest,1665,priest,discipline,100,51,49
Ecg,silvermoon,1665,priest,discipline,60,29,31
Fsnx,sylvanas,1664,priest,discipline,40,26,14
Painxd,stormscale,1664,priest,discipline,63,38,25
Gehrketwo,silvermoon,1664,priest,discipline,42,24,18
Abudhabi,blackhand,1664,priest,discipline,409,206,203
Smilézz,eredar,1664,priest,discipline,168,81,87
Emopunkgodx,draenor,1663,priest,discipline,124,76,48
Lymhk,blackrock,1663,priest,discipline,54,27,27
Sinnestrike,tarren-mill,1663,priest,discipline,46,22,24
Elsieexø,ravencrest,1663,priest,discipline,102,47,55
Alahkazam,alakir,1663,priest,discipline,56,24,32
Fäke,dunemaul,1662,priest,discipline,185,108,77
Sikaanyo,blackhand,1662,priest,discipline,72,38,34
Dìsclol,draenor,1662,priest,discipline,55,28,27
Deepsea,kazzak,1662,priest,discipline,509,253,256
Alterlight,twisting-nether,1662,priest,discipline,543,269,274
Enzysama,sanguino,1662,priest,discipline,91,45,46
Ислейн,howling-fjord,1662,priest,discipline,59,24,35
Twirlylocks,emerald-dream,1662,priest,discipline,47,18,29
Yûnalescá,blackmoore,1661,priest,discipline,88,48,40
Xaeroow,archimonde,1660,priest,discipline,61,34,27
Элишана,deathguard,1660,priest,discipline,147,73,74
Alicewhydel,blackhand,1660,priest,discipline,52,25,27
Бонзайка,blackscar,1660,priest,discipline,53,25,28
Алеброн,gordunni,1660,priest,discipline,54,25,29
Wikpriest,ravencrest,1660,priest,discipline,58,26,32
Zurlyne,ravencrest,1659,priest,discipline,45,27,18
Teengirl,ravencrest,1659,priest,discipline,166,94,72
Krystynal,archimonde,1659,priest,discipline,47,24,23
Xzep,archimonde,1659,priest,discipline,422,208,214
Aloegarten,ravencrest,1659,priest,discipline,101,48,53
Жентельмен,deathguard,1659,priest,discipline,96,41,55
Двелегитоп,howling-fjord,1658,priest,discipline,48,27,21
Athelsta,alleria,1658,priest,discipline,93,51,42
Seranà,hyjal,1658,priest,discipline,96,51,45
Азмоддан,azuregos,1658,priest,discipline,179,85,94
Ew,shattered-halls,1658,priest,discipline,58,26,32
Phamy,antonidas,1657,priest,discipline,53,30,23
Мэдсанван,howling-fjord,1657,priest,discipline,251,137,114
Darkprofit,aegwynn,1657,priest,discipline,167,90,77
Krottus,antonidas,1657,priest,discipline,53,28,25
Krokkete,archimonde,1657,priest,discipline,36,19,17
Вакариия,soulflayer,1657,priest,discipline,35,18,17
Littlehelper,shendralar,1657,priest,discipline,69,35,34
Nocdsusage,draenor,1657,priest,discipline,214,107,107
Virdeo,aegwynn,1657,priest,discipline,54,26,28
Supemi,stormscale,1657,priest,discipline,48,21,27
Nyrziâ,archimonde,1656,priest,discipline,36,23,13
Cluelesstwo,ravencrest,1656,priest,discipline,29,18,11
Valadaris,outland,1656,priest,discipline,114,61,53
Mald,ravencrest,1656,priest,discipline,108,57,51
Feniyxa,die-aldor,1656,priest,discipline,42,22,20
Violentha,kazzak,1656,priest,discipline,232,118,114
Healdeal,stormscale,1656,priest,discipline,280,140,140
Såra,ravencrest,1656,priest,discipline,116,57,59
Obnoxious,sunstrider,1656,priest,discipline,174,84,90
Kaleycuoco,blackrock,1656,priest,discipline,78,36,42
Wonderdispel,ragnaros,1656,priest,discipline,83,34,49
Striderz,outland,1655,priest,discipline,42,26,16
Дефаенс,soulflayer,1655,priest,discipline,34,21,13
Øxx,blackrock,1655,priest,discipline,36,19,17
Gurgaue,argent-dawn,1655,priest,discipline,94,42,52
Padregianni,nemesis,1655,priest,discipline,60,23,37
Purplex,aggra-português,1654,priest,discipline,48,26,22
Фалд,gordunni,1654,priest,discipline,42,21,21
Wasnezov,blackhand,1654,priest,discipline,82,39,43
Prästmåns,tarren-mill,1654,priest,discipline,102,48,54
Reäzx,archimonde,1653,priest,discipline,102,66,36
Hexonite,burning-legion,1653,priest,discipline,42,25,17
Bebwaz,kazzak,1653,priest,discipline,141,76,65
Kavrack,sargeras,1653,priest,discipline,42,22,20
Fuzzymerge,ravencrest,1653,priest,discipline,82,42,40
Lowery,argent-dawn,1653,priest,discipline,48,22,26
Zaak,kazzak,1653,priest,discipline,71,31,40
Sutenör,kazzak,1653,priest,discipline,162,69,93
Soraløl,stormscale,1652,priest,discipline,77,44,33
Ðiiez,ysondre,1652,priest,discipline,85,40,45
Tryhàrdx,stormscale,1652,priest,discipline,54,25,29
Blackbertha,ravencrest,1652,priest,discipline,144,66,78
Yeahr,kazzak,1652,priest,discipline,101,41,60
Pouffi,garona,1651,priest,discipline,30,18,12
Amun,blackmoore,1651,priest,discipline,36,21,15
Danina,outland,1651,priest,discipline,76,44,32
Evõmax,sylvanas,1651,priest,discipline,387,204,183
Оналкин,gordunni,1651,priest,discipline,48,25,23
Nooblygaming,nemesis,1651,priest,discipline,52,27,25
Gepeitschter,frostwolf,1651,priest,discipline,310,160,150
Aòo,twisting-nether,1651,priest,discipline,97,48,49
Covidisc,outland,1651,priest,discipline,78,33,45
Danucd,ragnaros,1650,priest,discipline,206,124,82
Hrtbrxkn,ravencrest,1650,priest,discipline,70,41,29
Неох,gordunni,1650,priest,discipline,54,29,25
Анклфрост,gordunni,1650,priest,discipline,54,24,30
Dathanosp,outland,1649,priest,discipline,48,25,23
Deliriumxd,ravencrest,1649,priest,discipline,50,24,26
Gobblestick,draenor,1649,priest,discipline,53,25,28
Chèéks,kazzak,1648,priest,discipline,72,43,29
Maryjanè,twisting-nether,1648,priest,discipline,36,19,17
Пустотность,gordunni,1648,priest,discipline,351,172,179
Maerlene,nemesis,1648,priest,discipline,92,39,53
Joeelz,blackmoore,1647,priest,discipline,36,25,11
Ðæððÿsgïrl,ravencrest,1647,priest,discipline,171,89,82
Выдокбля,soulflayer,1646,priest,discipline,58,41,17
Følísh,hyjal,1646,priest,discipline,54,38,16
Strawhât,eredar,1646,priest,discipline,53,31,22
Bloodanglee,outland,1646,priest,discipline,36,21,15
Tøxicboy,ravencrest,1646,priest,discipline,89,48,41
Urizal,defias-brotherhood,1646,priest,discipline,36,18,18
Кхарли,howling-fjord,1645,priest,discipline,42,21,21
Qpapi,quelthalas,1645,priest,discipline,36,18,18
Zyrean,bronzebeard,1645,priest,discipline,52,25,27
Ptipotam,archimonde,1645,priest,discipline,72,27,45
Gødisc,blackrock,1644,priest,discipline,36,23,13
Smitemachine,ysondre,1644,priest,discipline,33,19,14
Rmt,darksorrow,1644,priest,discipline,42,23,19
Naberus,ragnaros,1644,priest,discipline,85,45,40
Feedergodx,dun-modr,1644,priest,discipline,42,21,21
Рнкх,lich-king,1644,priest,discipline,52,23,29
Aphroditê,blackrock,1643,priest,discipline,46,26,20
Эридия,soulflayer,1643,priest,discipline,84,43,41
Hwren,auchindoun,1643,priest,discipline,146,66,80
Muradawg,nemesis,1643,priest,discipline,53,23,30
Dapope,drakthul,1643,priest,discipline,53,23,30
Нед,greymane,1642,priest,discipline,297,160,137
Shadowbread,tarren-mill,1642,priest,discipline,90,47,43
Gød,magtheridon,1642,priest,discipline,215,105,110
Cinnamoroll,ravencrest,1642,priest,discipline,54,26,28
Nakenhäst,stormscale,1642,priest,discipline,48,22,26
Hialdo,bladefist,1642,priest,discipline,54,23,31
Kuqezi,archimonde,1641,priest,discipline,96,53,43
Репабликуес,gordunni,1641,priest,discipline,36,18,18
Märlborö,aggra-português,1641,priest,discipline,72,31,41
Xtracheesy,ragnaros,1640,priest,discipline,72,45,27
Пеппаслав,soulflayer,1640,priest,discipline,120,71,49
Fluvnidi,ravencrest,1640,priest,discipline,66,38,28
Prästbaazil,ragnaros,1640,priest,discipline,72,40,32
Yuuvi,ravencrest,1640,priest,discipline,240,132,108
Azrella,ravencrest,1640,priest,discipline,48,25,23
Phucme,deathwing,1640,priest,discipline,54,23,31
Cvp,twisting-nether,1640,priest,discipline,54,22,32
Pentøs,archimonde,1639,priest,discipline,32,18,14
Кошкаенот,blackscar,1639,priest,discipline,53,22,31
Discipleotl,stormscale,1638,priest,discipline,107,69,38
Vigodis,alleria,1638,priest,discipline,150,83,67
Slimcharles,ravencrest,1638,priest,discipline,219,116,103
Dîablø,eredar,1638,priest,discipline,141,72,69
Eliverax,outland,1638,priest,discipline,122,58,64
Zanshin,ravencrest,1637,priest,discipline,29,18,11
Nätrix,tarren-mill,1637,priest,discipline,30,18,12
Tuitio,blackmoore,1637,priest,discipline,83,46,37
Discih,ragnaros,1637,priest,discipline,51,25,26
Schlämpie,blackmoore,1637,priest,discipline,73,32,41
Randmbare,nemesis,1636,priest,discipline,36,21,15
Valfore,eldrethalas,1636,priest,discipline,64,37,27
Priestqt,kelthuzad,1636,priest,discipline,63,36,27
Voidtouched,drakthul,1636,priest,discipline,41,21,20
Ванальная,soulflayer,1636,priest,discipline,42,21,21
Milania,ravencrest,1636,priest,discipline,118,57,61
Mohammedx,tarren-mill,1636,priest,discipline,125,58,67
Systerstål,twisting-nether,1635,priest,discipline,136,78,58
Nintendó,sylvanas,1635,priest,discipline,90,46,44
Izanamì,ragnaros,1635,priest,discipline,47,23,24
Scarletstory,ravencrest,1635,priest,discipline,154,71,83
Шатолюгран,soulflayer,1634,priest,discipline,136,82,54
Holycrapx,chromaggus,1634,priest,discipline,147,77,70
Аая,blackscar,1634,priest,discipline,96,49,47
Wraithtrippz,stormscale,1634,priest,discipline,210,105,105
Sickboy,nordrassil,1633,priest,discipline,46,26,20
Jhaazx,nemesis,1633,priest,discipline,272,144,128
Eyecry,sylvanas,1633,priest,discipline,93,49,44
Lendoril,blackhand,1633,priest,discipline,64,33,31
Giggí,malganis,1633,priest,discipline,95,48,47
Anzee,tarren-mill,1633,priest,discipline,72,35,37
Acidrops,hyjal,1633,priest,discipline,54,25,29
Itsdiscobaby,auchindoun,1633,priest,discipline,58,26,32
Yameru,stormreaver,1633,priest,discipline,60,22,38
Misántropo,dun-modr,1632,priest,discipline,59,38,21
Симпоз,howling-fjord,1632,priest,discipline,92,44,48
Yungmazikeen,archimonde,1631,priest,discipline,24,17,7
Babywayn,onyxia,1631,priest,discipline,194,105,89
Nooway,kazzak,1631,priest,discipline,108,55,53
Snutz,draenor,1631,priest,discipline,42,21,21
Сатанчикгод,howling-fjord,1631,priest,discipline,53,26,27
Ankus,tarren-mill,1631,priest,discipline,48,23,25
Pøsæ,uldaman,1630,priest,discipline,38,24,14
Freezeage,stormscale,1630,priest,discipline,48,29,19
Pilgram,twilights-hammer,1630,priest,discipline,71,36,35
Kaelena,steamwheedle-cartel,1630,priest,discipline,42,21,21
Choron,kult-der-verdammten,1630,priest,discipline,107,50,57
Burnesenbois,chogall,1630,priest,discipline,47,18,29
Kovexpulthul,sunstrider,1629,priest,discipline,35,25,10
Лютаяшиза,gordunni,1629,priest,discipline,83,51,32
Blaelel,dun-modr,1629,priest,discipline,54,32,22
Kolinamenus,dun-morogh,1629,priest,discipline,142,73,69
Milchzáhn,frostwolf,1629,priest,discipline,88,45,43
Onaltnoqs,silvermoon,1629,priest,discipline,46,22,24
Cadierna,argent-dawn,1629,priest,discipline,60,28,32
Frojka,outland,1629,priest,discipline,42,19,23
Superdude,stormscale,1629,priest,discipline,59,26,33
Japral,blackhand,1628,priest,discipline,36,25,11
Réquell,twisting-nether,1628,priest,discipline,42,24,18
Leviakerman,blackrock,1628,priest,discipline,42,18,24
Bambus,shattered-hand,1627,priest,discipline,48,28,20
Фруктовыйса,gordunni,1627,priest,discipline,80,42,38
Lauriinda,culte-de-la-rive-noire,1627,priest,discipline,219,113,106
Krazuk,theradras,1627,priest,discipline,54,27,27
Нз,soulflayer,1627,priest,discipline,47,23,24
Kaiikoo,ravencrest,1627,priest,discipline,36,17,19
Aleluia,alonsus,1627,priest,discipline,99,43,56
Aldebrand,dun-modr,1627,priest,discipline,66,27,39
Misspingle,sunstrider,1626,priest,discipline,42,28,14
Ðæthshaðow,dalaran,1626,priest,discipline,41,26,15
Epa,zuljin,1626,priest,discipline,54,32,22
Tylér,stormscale,1626,priest,discipline,90,52,38
Skaliq,tarren-mill,1626,priest,discipline,201,108,93
Inoru,stormreaver,1626,priest,discipline,198,104,94
Хомие,soulflayer,1626,priest,discipline,85,44,41
Raesd,argent-dawn,1626,priest,discipline,94,47,47
Seanoob,turalyon,1626,priest,discipline,43,18,25
Chrïskz,archimonde,1626,priest,discipline,66,23,43
Måzikeen,stormscale,1625,priest,discipline,24,17,7
Discxqt,ysondre,1625,priest,discipline,83,51,32
Asgà,stormscale,1625,priest,discipline,30,17,13
Alesthion,silvermoon,1625,priest,discipline,116,64,52
Возрождающее,soulflayer,1625,priest,discipline,196,107,89
Wiwzi,outland,1625,priest,discipline,84,43,41
Простосори,gordunni,1625,priest,discipline,540,267,273
Chabih,ravencrest,1625,priest,discipline,54,23,31
Morgíon,azshara,1624,priest,discipline,30,24,6
Labadudala,aegwynn,1624,priest,discipline,84,54,30
Garsdal,tarren-mill,1624,priest,discipline,78,43,35
Fuzzybae,ravencrest,1624,priest,discipline,78,41,37
Syntara,twisting-nether,1624,priest,discipline,466,242,224
Hâlez,antonidas,1624,priest,discipline,410,212,198
Darktheu,sanguino,1624,priest,discipline,39,20,19
Uppiediscyo,ravencrest,1624,priest,discipline,634,324,310
Znàdix,silvermoon,1624,priest,discipline,252,128,124
Blerd,eredar,1624,priest,discipline,146,71,75
Tepevelf,dun-modr,1624,priest,discipline,366,177,189
Deazypriest,blackrock,1624,priest,discipline,42,19,23
Farae,arathor,1624,priest,discipline,44,19,25
Petitogré,silvermoon,1623,priest,discipline,24,17,7
Spbosse,aszune,1623,priest,discipline,54,33,21
Artist,outland,1623,priest,discipline,30,17,13
Kedrack,draenor,1623,priest,discipline,78,41,37
Yîrâ,antonidas,1623,priest,discipline,227,114,113
Cnqx,archimonde,1623,priest,discipline,48,21,27
Nelielto,stormscale,1622,priest,discipline,28,21,7
Djleffe,stormscale,1622,priest,discipline,39,23,16
Babloche,archimonde,1622,priest,discipline,95,55,40
Mnu,blackrock,1622,priest,discipline,52,30,22
Lerión,ravencrest,1622,priest,discipline,108,62,46
Feed,burning-legion,1622,priest,discipline,84,45,39
Gûardianwisp,ravencrest,1622,priest,discipline,223,117,106
Кролс,gordunni,1622,priest,discipline,42,22,20
Grimdream,ragnaros,1622,priest,discipline,206,105,101
Waffur,twisting-nether,1622,priest,discipline,47,23,24
Fiskpung,draenor,1621,priest,discipline,66,43,23
Eyesønyou,nemesis,1621,priest,discipline,33,19,14
Grêy,dun-modr,1621,priest,discipline,86,48,38
Sicarium,aegwynn,1621,priest,discipline,102,56,46
Babybelle,arakarahm,1621,priest,discipline,61,33,28
Tansk,stormscale,1621,priest,discipline,258,139,119
Sotriggered,sylvanas,1621,priest,discipline,36,17,19
Nàlak,archimonde,1621,priest,discipline,76,35,41
Mindfiend,stormscale,1621,priest,discipline,81,37,44
Dêmôn,stormscale,1620,priest,discipline,24,17,7
Pewpewpew,krasus,1620,priest,discipline,42,29,13
Shallteár,doomhammer,1620,priest,discipline,192,94,98
Soloqbob,kazzak,1620,priest,discipline,48,22,26
Outtloor,twisting-nether,1619,priest,discipline,39,25,14
Wifta,ravencrest,1619,priest,discipline,54,30,24
Roxxes,kazzak,1619,priest,discipline,42,23,19
Szelén,ragnaros,1619,priest,discipline,54,29,25
Llamamepadre,dun-modr,1619,priest,discipline,84,42,42
Quïzzler,ragnaros,1619,priest,discipline,47,23,24
Naripriest,eredar,1619,priest,discipline,48,22,26
Melord,thunderhorn,1618,priest,discipline,44,27,17
Yoii,nemesis,1618,priest,discipline,64,38,26
Mønsterx,kazzak,1618,priest,discipline,64,37,27
Sosabgd,azjolnerub,1618,priest,discipline,42,23,19
Atothéèx,outland,1618,priest,discipline,48,26,22
Skynoxx,ragnaros,1618,priest,discipline,126,64,62
Deathblind,blackmoore,1618,priest,discipline,36,17,19
Medipack,khaz-modan,1617,priest,discipline,54,38,16
Stargal,blackmoore,1617,priest,discipline,30,21,9
Prost,aerie-peak,1617,priest,discipline,71,47,24
Данягантеля,gordunni,1617,priest,discipline,66,37,29
Caramello,stormscale,1617,priest,discipline,78,43,35
Ödriaell,the-venture-co,1617,priest,discipline,150,72,78
Asherá,kazzak,1617,priest,discipline,94,41,53
Mikeypi,laughing-skull,1616,priest,discipline,36,25,11
Isweariheal,twisting-nether,1616,priest,discipline,58,37,21
Xaey,ravencrest,1616,priest,discipline,234,119,115
Интенси,gordunni,1616,priest,discipline,119,59,60
Binder,tarren-mill,1616,priest,discipline,60,26,34
Aureliones,drakthul,1615,priest,discipline,42,31,11
Ñíò,archimonde,1615,priest,discipline,48,27,21
Èightsix,draenor,1615,priest,discipline,161,88,73
Softie,zuljin,1615,priest,discipline,120,65,55
Spirítbox,argent-dawn,1615,priest,discipline,249,134,115
Wencis,kazzak,1615,priest,discipline,96,50,46
Woodywoodpkr,senjin,1614,priest,discipline,94,55,39
Absôlutvôdka,twisting-nether,1614,priest,discipline,66,37,29
Deadwen,stormscale,1614,priest,discipline,258,144,114
Jmp,tarren-mill,1614,priest,discipline,40,21,19
Feardotexe,frostwolf,1614,priest,discipline,163,82,81
Parzivál,argent-dawn,1614,priest,discipline,122,58,64
Cøvu,draenor,1613,priest,discipline,39,25,14
Xaerroow,archimonde,1613,priest,discipline,54,33,21
Gnzysan,blackrock,1613,priest,discipline,66,39,27
Микаса,howling-fjord,1613,priest,discipline,30,17,13
Appuesi,dun-modr,1613,priest,discipline,30,17,13
Zsg,draenor,1613,priest,discipline,84,47,37
Shyria,argent-dawn,1613,priest,discipline,91,47,44
Pshan,blackmoore,1613,priest,discipline,206,105,101
Carnegi,burning-legion,1613,priest,discipline,170,86,84
Jp,gorgonnash,1613,priest,discipline,42,21,21
Lerdameur,arakarahm,1613,priest,discipline,242,116,126
Swdjack,blackrock,1613,priest,discipline,192,92,100
Louiepr,outland,1613,priest,discipline,54,22,32
Nwo,twisting-nether,1612,priest,discipline,36,23,13
Tgz,ravencrest,1612,priest,discipline,42,25,17
Garbins,stormscale,1612,priest,discipline,47,26,21
Discgodx,ravencrest,1612,priest,discipline,108,59,49
Xoxogg,burning-blade,1611,priest,discipline,108,69,39
Soupriest,ysondre,1611,priest,discipline,63,37,26
Matwucss,outland,1611,priest,discipline,48,28,20
Verminous,ravencrest,1611,priest,discipline,68,38,30
Shadowboness,twisting-nether,1611,priest,discipline,58,31,27
Exoduz,stormscale,1611,priest,discipline,377,190,187
Диспайзх,gordunni,1611,priest,discipline,204,97,107
Judgementdaý,kazzak,1610,priest,discipline,30,20,10
Менестрели,gordunni,1610,priest,discipline,321,179,142
Estrecho,sanguino,1610,priest,discipline,47,24,23
Jibrael,draenor,1610,priest,discipline,84,40,44
Ivÿx,ravencrest,1610,priest,discipline,113,52,61
Viu,eredar,1610,priest,discipline,51,22,29
Pleadz,tarren-mill,1610,priest,discipline,77,31,46
Rylpriest,blackmoore,1609,priest,discipline,36,21,15
Holyshiz,stormrage,1609,priest,discipline,42,24,18
Kdot,drakthul,1609,priest,discipline,86,48,38
Vregoa,twisting-nether,1609,priest,discipline,89,49,40
Fazzy,nagrand,1609,priest,discipline,76,41,35
Egî,lothar,1609,priest,discipline,42,21,21
Fishler,tarren-mill,1609,priest,discipline,58,28,30
Vardogz,tirion,1609,priest,discipline,155,73,82
Türsteherxxl,mannoroth,1608,priest,discipline,36,21,15
Tremrfinger,dun-modr,1608,priest,discipline,104,60,44
Dotreveal,ravencrest,1608,priest,discipline,113,58,55
Aclass,outland,1608,priest,discipline,110,55,55
Berstkraft,blackmoore,1608,priest,discipline,36,18,18
Fakecats,sargeras,1608,priest,discipline,51,22,29
Monataamis,kazzak,1608,priest,discipline,47,20,27
Reign,ragnaros,1608,priest,discipline,42,17,25
Mightnáre,tarren-mill,1607,priest,discipline,36,21,15
Suxino,stormscale,1607,priest,discipline,264,149,115
Zehakky,tarren-mill,1607,priest,discipline,151,85,66
Eîkro,blackmoore,1607,priest,discipline,54,30,24
Шмэтар,gordunni,1607,priest,discipline,48,25,23
Aurosa,argent-dawn,1607,priest,discipline,123,64,59
Zloyvrach,ravencrest,1607,priest,discipline,126,60,66
Zýgzäg,hyjal,1607,priest,discipline,190,90,100
Fricia,zuljin,1606,priest,discipline,82,45,37
Solaçe,antonidas,1606,priest,discipline,48,26,22
Спсчтоживой,blackscar,1606,priest,discipline,126,66,60
Towelie,stormscale,1606,priest,discipline,96,48,48
Stampo,draenor,1606,priest,discipline,75,35,40
Anabølixx,ravencrest,1605,priest,discipline,36,23,13
Dtpe,kazzak,1605,priest,discipline,93,59,34
Føxy,emerald-dream,1605,priest,discipline,41,23,18
Tsumu,archimonde,1605,priest,discipline,43,24,19
Valnor,pozzo-delleternità,1605,priest,discipline,63,33,30
Mjamc,stormscale,1605,priest,discipline,157,78,79
Tárget,frostwolf,1605,priest,discipline,48,22,26
Shadowfishey,grim-batol,1605,priest,discipline,76,33,43
Tritíana,blackrock,1604,priest,discipline,192,110,82
Flurri,tarren-mill,1604,priest,discipline,160,91,69
Neverswap,blackmoore,1604,priest,discipline,44,25,19
Saénna,burning-legion,1604,priest,discipline,44,22,22
Zofiiee,tarren-mill,1604,priest,discipline,80,38,42
Lizka,kazzak,1604,priest,discipline,96,43,53
Thejambura,ragnaros,1603,priest,discipline,116,71,45
Ostberger,twisting-nether,1603,priest,discipline,227,130,97
Acidpills,hyjal,1603,priest,discipline,118,64,54
Tiragosaure,arakarahm,1603,priest,discipline,48,26,22
Няжик,azuregos,1603,priest,discipline,78,39,39
Dreythan,alakir,1603,priest,discipline,42,21,21
Nadoreille,hyjal,1603,priest,discipline,280,139,141
Troedelsuppe,destromath,1603,priest,discipline,282,130,152
Хилботгодикс,borean-tundra,1602,priest,discipline,42,32,10
Syniixp,aegwynn,1602,priest,discipline,30,20,10
Shadowzrip,twilights-hammer,1602,priest,discipline,30,17,13
Хеликси,gordunni,1602,priest,discipline,235,127,108
Horrðr,kazzak,1602,priest,discipline,108,58,50
Luziaa,outland,1602,priest,discipline,95,46,49
Kathja,outland,1602,priest,discipline,48,22,26
Flygar,outland,1602,priest,discipline,60,27,33
Jackboss,draenor,1602,priest,discipline,74,31,43
Mástermínd,kazzak,1601,priest,discipline,81,52,29
Hannïri,archimonde,1601,priest,discipline,78,48,30
Ashuramaru,drakthul,1601,priest,discipline,47,24,23
Psíquica,sanguino,1601,priest,discipline,113,57,56
Мастди,ashenvale,1601,priest,discipline,41,20,21
Smitebone,tarren-mill,1601,priest,discipline,90,40,50
Киллус,ashenvale,1601,priest,discipline,72,29,43
Lgbtgodx,archimonde,1600,priest,discipline,61,45,16
Ellfle,kazzak,1600,priest,discipline,42,26,16
Trì,thrall,1600,priest,discipline,35,20,15
Tynsxd,silvermoon,1600,priest,discipline,233,131,102
Dêrbómbêr,guldan,1600,priest,discipline,54,30,24
Sinîra,frostwolf,1600,priest,discipline,110,59,51
Darkprist,sanguino,1600,priest,discipline,66,34,32
Старлайтх,gordunni,1600,priest,discipline,35,18,17
Tinypump,silvermoon,1600,priest,discipline,41,21,20
Shalvy,aegwynn,1600,priest,discipline,218,111,107
Xangha,burning-legion,1600,priest,discipline,264,133,131
Mirupriest,sanguino,1600,priest,discipline,42,20,22
Foh,antonidas,1600,priest,discipline,36,17,19
Shento,blackhand,1600,priest,discipline,48,21,27
Marícanqt,tarren-mill,1599,priest,discipline,30,23,7
Géèk,alakir,1599,priest,discipline,100,52,48
Blindmymind,malganis,1599,priest,discipline,87,44,43
Целитель,gordunni,1599,priest,discipline,86,43,43
Ahpøual,archimonde,1599,priest,discipline,186,90,96
Worldgamer,blackrock,1599,priest,discipline,220,106,114
Waafa,kazzak,1599,priest,discipline,54,21,33
Norganp,die-aldor,1598,priest,discipline,124,64,60
Nyxém,blackmoore,1598,priest,discipline,42,19,23
Fatherlou,outland,1597,priest,discipline,48,24,24
Raffá,blackhand,1597,priest,discipline,98,43,55
Sebikpri,ravencrest,1596,priest,discipline,60,34,26
Shadowmend,aegwynn,1596,priest,discipline,59,32,27
Cav,archimonde,1596,priest,discipline,137,70,67
Баблби,soulflayer,1596,priest,discipline,169,73,96
Alèxy,tarren-mill,1596,priest,discipline,48,19,29
Floorpovx,blackmoore,1595,priest,discipline,36,21,15
Dush,draenor,1595,priest,discipline,56,31,25
Radiancekey,sanguino,1595,priest,discipline,48,24,24
Faintly,emeriss,1595,priest,discipline,48,23,25
Эскирия,gordunni,1595,priest,discipline,48,17,31
Papkalácss,hellfire,1594,priest,discipline,38,25,13
Astralscare,outland,1594,priest,discipline,145,84,61
Légít,argent-dawn,1594,priest,discipline,108,46,62
Haakon,tarren-mill,1593,priest,discipline,30,17,13
Døgfîsh,stormscale,1593,priest,discipline,78,41,37
Mommymilkrx,argent-dawn,1593,priest,discipline,365,175,190
Øbz,sylvanas,1593,priest,discipline,78,34,44
Padisonfire,blackmoore,1593,priest,discipline,48,19,29
Estelle,silvermoon,1592,priest,discipline,78,49,29
Серью,booty-bay,1592,priest,discipline,47,28,19
Whopzi,blackmoore,1592,priest,discipline,48,28,20
Bercxu,ragnaros,1592,priest,discipline,105,53,52
Badorange,kazzak,1592,priest,discipline,59,29,30
Ijzerehenk,outland,1591,priest,discipline,209,98,111
Grishnat,ragnaros,1590,priest,discipline,30,19,11
Farnese,archimonde,1590,priest,discipline,395,212,183
Burningheatx,kazzak,1589,priest,discipline,89,56,33
Oecgreg,ysondre,1588,priest,discipline,76,41,35
Arvonpenaali,defias-brotherhood,1587,priest,discipline,42,25,17
Yassjr,archimonde,1587,priest,discipline,50,25,25
Hodgins,bloodscalp,1587,priest,discipline,36,18,18
Vänskap,kazzak,1587,priest,discipline,132,65,67
Rizzlerx,blackmoore,1586,priest,discipline,72,44,28
Angemir,nemesis,1586,priest,discipline,30,17,13
Omgitshuux,blackmoore,1586,priest,discipline,78,36,42
Ralph,kazzak,1586,priest,discipline,48,20,28
Polymonkey,stormscale,1586,priest,discipline,41,17,24
Mtbalt,tarren-mill,1585,priest,discipline,132,79,53
Toba,hellscream,1585,priest,discipline,113,65,48
Sahorie,archimonde,1584,priest,discipline,141,82,59
Copperpriest,draenor,1584,priest,discipline,74,38,36
Dreythan,stormrage,1584,priest,discipline,74,33,41
Blackbox,burning-legion,1583,priest,discipline,205,102,103
Rankoneprazt,stormscale,1583,priest,discipline,89,41,48
Соулвардинг,soulflayer,1583,priest,discipline,60,26,34
Logath,archimonde,1582,priest,discipline,30,17,13
Hamati,blackhand,1582,priest,discipline,210,111,99
Lekken,kazzak,1582,priest,discipline,69,36,33
Arima,kargath,1581,priest,discipline,144,75,69
Амберис,gordunni,1581,priest,discipline,54,27,27
Чилюнахиле,gordunni,1581,priest,discipline,71,23,48
Rhæveth,ravencrest,1580,priest,discipline,42,25,17
Babybeyle,arakarahm,1580,priest,discipline,197,92,105
Slikjar,stormscale,1580,priest,discipline,58,24,34
Colèy,blackhand,1579,priest,discipline,204,111,93
Kyseki,ravencrest,1579,priest,discipline,502,258,244
Twosugars,sylvanas,1579,priest,discipline,144,74,70
Targolina,argent-dawn,1579,priest,discipline,501,251,250
Ínsäníty,outland,1578,priest,discipline,36,27,9
Holineß,burning-blade,1578,priest,discipline,84,51,33
Qtdorr,ravencrest,1578,priest,discipline,76,46,30
Toiga,lightnings-blade,1578,priest,discipline,60,35,25
Rightx,outland,1578,priest,discipline,233,129,104
Riptile,outland,1578,priest,discipline,70,33,37
Saturno,chogall,1578,priest,discipline,54,21,33
Tâmshi,dun-modr,1577,priest,discipline,54,26,28
Maccz,hyjal,1577,priest,discipline,68,32,36
Keryin,draenor,1577,priest,discipline,156,63,93
Sølvfox,stormscale,1576,priest,discipline,48,26,22
Макимасама,gordunni,1576,priest,discipline,49,26,23
Флафика,deathguard,1575,priest,discipline,78,45,33
Шарадин,gordunni,1575,priest,discipline,169,95,74
Skyløl,dun-modr,1575,priest,discipline,36,19,17
Вилайф,galakrond,1575,priest,discipline,76,40,36
Pepeflex,draenor,1575,priest,discipline,155,74,81
Botstyleswdx,ravencrest,1575,priest,discipline,190,88,102
Angelofdeàth,kazzak,1574,priest,discipline,132,76,56
Árî,dun-modr,1574,priest,discipline,159,88,71
Leyasu,eredar,1574,priest,discipline,57,31,26
Limeslayerx,veklor,1574,priest,discipline,48,26,22
Avaichquirit,tarren-mill,1574,priest,discipline,130,70,60
Люблюкофе,deathguard,1574,priest,discipline,89,44,45
Brilho,frostmane,1574,priest,discipline,253,122,131
Xîz,silvermoon,1574,priest,discipline,72,34,38
Olurin,rajaxx,1574,priest,discipline,78,30,48
Фотосз,soulflayer,1573,priest,discipline,35,19,16
Ptrspriest,twisting-nether,1573,priest,discipline,207,101,106
Aia,tyrande,1573,priest,discipline,88,41,47
Biophyzix,aegwynn,1573,priest,discipline,41,18,23
Остроухх,howling-fjord,1572,priest,discipline,132,73,59
Amysantiàgo,sylvanas,1572,priest,discipline,193,102,91
Foobi,the-maelstrom,1572,priest,discipline,409,215,194
Nyarlatothep,boulderfist,1572,priest,discipline,148,77,71
Мплехибои,gordunni,1572,priest,discipline,66,34,32
Anheduanna,outland,1572,priest,discipline,1015,508,507
Jpjp,gorgonnash,1571,priest,discipline,47,34,13
Nûttz,stormscale,1571,priest,discipline,72,45,27
Acrio,die-ewige-wacht,1571,priest,discipline,78,39,39
Aguerran,spinebreaker,1571,priest,discipline,48,22,26
Miikkap,blackhand,1570,priest,discipline,60,29,31
Bubbelchên,blackhand,1570,priest,discipline,72,32,40
Illiest,ravencrest,1569,priest,discipline,36,26,10
Wâneis,stormscale,1569,priest,discipline,65,38,27
Xaeron,eredar,1569,priest,discipline,42,24,18
Holysheett,magtheridon,1569,priest,discipline,102,58,44
Nomorelight,stormscale,1569,priest,discipline,187,106,81
Ичисанчик,howling-fjord,1569,priest,discipline,42,21,21
Sicknp,sylvanas,1569,priest,discipline,42,20,22
Nzothapostle,baelgun,1569,priest,discipline,279,130,149
Hèmera,tichondrius,1568,priest,discipline,55,41,14
Pipperxp,ravencrest,1568,priest,discipline,48,31,17
Ripperdepip,magtheridon,1568,priest,discipline,213,120,93
Nightreaver,argent-dawn,1568,priest,discipline,105,57,48
Nerfpriest,tarren-mill,1568,priest,discipline,204,102,102
Piperxp,ravencrest,1568,priest,discipline,48,24,24
Тоориал,howling-fjord,1568,priest,discipline,102,50,52
Dreê,hyjal,1568,priest,discipline,42,19,23
Numi,blackmoore,1567,priest,discipline,169,98,71
Yënâs,hyjal,1567,priest,discipline,109,63,46
Wynda,outland,1567,priest,discipline,34,19,15
Alinone,uldum,1567,priest,discipline,123,65,58
Southyz,stormscale,1566,priest,discipline,111,61,50
Snusprällen,sylvanas,1566,priest,discipline,65,31,34
Denyz,blackrock,1566,priest,discipline,54,21,33
Этотьмадетка,howling-fjord,1565,priest,discipline,42,26,16
Aternia,draenor,1565,priest,discipline,89,48,41
Holygustavo,blackmoore,1565,priest,discipline,42,22,20
Srakabot,burning-legion,1565,priest,discipline,206,101,105
Ftiersp,ravencrest,1565,priest,discipline,60,27,33
Whattson,colinas-pardas,1564,priest,discipline,35,17,18
Intentoso,nemesis,1564,priest,discipline,48,23,25
Redøm,stormreaver,1563,priest,discipline,42,23,19
Yacine,blackrock,1563,priest,discipline,126,60,66
Alicanx,twisting-nether,1563,priest,discipline,84,37,47
Unfaker,drakthul,1562,priest,discipline,36,23,13
Надийя,gordunni,1562,priest,discipline,150,84,66
Марабудх,soulflayer,1562,priest,discipline,104,57,47
Altargirl,defias-brotherhood,1562,priest,discipline,42,21,21
Pvpalt,argent-dawn,1562,priest,discipline,69,33,36
Макстин,howling-fjord,1562,priest,discipline,191,91,100
Shadowkym,blackrock,1561,priest,discipline,42,30,12
Nightsøul,ragnaros,1561,priest,discipline,60,37,23
Хилкорлеоне,soulflayer,1561,priest,discipline,54,29,25
Refrenn,kazzak,1560,priest,discipline,30,18,12
Veltrag,sanguino,1560,priest,discipline,66,37,29
Saintpri,twisting-nether,1560,priest,discipline,123,67,56
Raezi,defias-brotherhood,1560,priest,discipline,196,105,91
Cizer,kazzak,1560,priest,discipline,128,61,67
Рвотка,gordunni,1559,priest,discipline,124,68,56
Atax,kazzak,1559,priest,discipline,56,28,28
Aêbi,dalaran,1558,priest,discipline,48,28,20
Eördög,ragnaros,1558,priest,discipline,96,54,42
Лин,howling-fjord,1557,priest,discipline,34,21,13
Daddydisc,tarren-mill,1557,priest,discipline,34,18,16
Lishado,twisting-nether,1557,priest,discipline,96,49,47
Олдмэнсэйд,soulflayer,1557,priest,discipline,134,68,66
Олегстразза,howling-fjord,1557,priest,discipline,237,120,117
Shielddanke,blackmoore,1557,priest,discipline,84,40,44
Пальтишко,howling-fjord,1557,priest,discipline,96,45,51
Raawri,blackmoore,1557,priest,discipline,54,24,30
Lïnkz,kazzak,1556,priest,discipline,72,41,31
Tamy,draenor,1556,priest,discipline,62,33,29
Enimao,tarren-mill,1556,priest,discipline,55,29,26
Träskfarfar,tarren-mill,1556,priest,discipline,42,20,22
Ecrisis,twisting-nether,1556,priest,discipline,128,57,71
Priestin,dun-modr,1555,priest,discipline,47,26,21
Vhim,hyjal,1555,priest,discipline,52,24,28
Fearadelia,thrall,1554,priest,discipline,24,18,6
Cathocrasty,draenor,1554,priest,discipline,123,69,54
Hötchick,outland,1554,priest,discipline,210,106,104
Eßola,silvermoon,1554,priest,discipline,88,44,44
Zíria,outland,1554,priest,discipline,48,24,24
Frednshield,tarren-mill,1554,priest,discipline,69,34,35
Вайфими,gordunni,1554,priest,discipline,72,34,38
Mustatomi,stormreaver,1554,priest,discipline,39,17,22
Shkzz,hyjal,1553,priest,discipline,54,37,17
Armward,twisting-nether,1553,priest,discipline,46,29,17
Rher,blackmoore,1553,priest,discipline,85,52,33
Nielar,onyxia,1553,priest,discipline,42,24,18
Mautijr,blackrock,1553,priest,discipline,308,162,146
Sháady,ravencrest,1553,priest,discipline,78,41,37
Рэйкар,razuvious,1553,priest,discipline,65,33,32
Ojh,defias-brotherhood,1553,priest,discipline,71,34,37
Khâléd,kazzak,1553,priest,discipline,36,17,19
Artì,kazzak,1553,priest,discipline,125,56,69
Luuña,ravencrest,1552,priest,discipline,190,103,87
Juggster,bloodhoof,1552,priest,discipline,174,91,83
Ranevskiy,kazzak,1552,priest,discipline,201,102,99
Cresellia,twisting-nether,1552,priest,discipline,176,84,92
Deathspren,stormscale,1552,priest,discipline,42,19,23
Wedoburgers,ravencrest,1551,priest,discipline,24,17,7
Трэй,deathguard,1551,priest,discipline,158,88,70
Блексебет,soulflayer,1551,priest,discipline,166,89,77
Meganx,ravencrest,1551,priest,discipline,36,18,18
Расспутана,howling-fjord,1551,priest,discipline,320,158,162
Soraal,argent-dawn,1551,priest,discipline,79,39,40
Redpriestess,kazzak,1550,priest,discipline,41,24,17
Anetalol,zuluhed,1550,priest,discipline,36,20,16
Makesnosense,kilrogg,1550,priest,discipline,66,36,30
Jandice,blackrock,1550,priest,discipline,36,18,18
Mojmir,drakthul,1550,priest,discipline,78,38,40
Zastyx,drakthul,1550,priest,discipline,42,20,22
Xaerah,blackmoore,1549,priest,discipline,78,41,37
Nêlumar,aegwynn,1549,priest,discipline,82,42,40
Arkkinunna,outland,1549,priest,discipline,124,59,65
Колдрексх,deathguard,1549,priest,discipline,72,31,41
Paìnz,blackhand,1548,priest,discipline,80,48,32
Elegosht,sanguino,1548,priest,discipline,101,57,44
Húlda,auchindoun,1548,priest,discipline,48,24,24
Sctheal,outland,1548,priest,discipline,75,37,38
Runekpriest,tarren-mill,1548,priest,discipline,51,25,26
Sonics,antonidas,1548,priest,discipline,66,31,35
Babyx,stormscale,1548,priest,discipline,56,25,31
Aevery,onyxia,1547,priest,discipline,30,19,11
Máv,tarren-mill,1546,priest,discipline,64,42,22
Zxèlá,tarren-mill,1546,priest,discipline,71,45,26
Валифа,gordunni,1546,priest,discipline,86,50,36
Anarame,silvermoon,1546,priest,discipline,45,24,21
Èzì,burning-legion,1546,priest,discipline,173,89,84
Dyliz,stormscale,1546,priest,discipline,396,202,194
Poonies,silvermoon,1546,priest,discipline,124,61,63
Zymai,ravencrest,1546,priest,discipline,48,17,31
Alphabreyf,tarren-mill,1545,priest,discipline,83,43,40
Trénboloné,tarren-mill,1545,priest,discipline,90,44,46
Rezzurrectum,doomhammer,1545,priest,discipline,105,51,54
Pandalulz,turalyon,1544,priest,discipline,93,55,38
Aasgard,frostwolf,1544,priest,discipline,90,46,44
Disillusíon,tarren-mill,1544,priest,discipline,144,70,74
Diszi,norgannon,1544,priest,discipline,58,28,30
Prencø,sanguino,1543,priest,discipline,36,23,13
Jesuispasbon,hyjal,1543,priest,discipline,30,17,13
Kitanai,silvermoon,1543,priest,discipline,54,29,25
Arjak,stormscale,1543,priest,discipline,41,20,21
Mêmphìs,twisting-nether,1543,priest,discipline,83,38,45
Алуан,blackscar,1543,priest,discipline,66,23,43
Admiration,eredar,1542,priest,discipline,47,23,24
Tarîs,archimonde,1542,priest,discipline,102,48,54
Khrtp,silvermoon,1542,priest,discipline,66,30,36
Батямелднул,blackscar,1541,priest,discipline,60,36,24
Buan,blackmoore,1541,priest,discipline,104,59,45
Bublelicious,silvermoon,1541,priest,discipline,90,48,42
Senosaurus,tarren-mill,1541,priest,discipline,89,45,44
Cinri,argent-dawn,1541,priest,discipline,259,126,133
Аркприст,gordunni,1540,priest,discipline,30,22,8
Jakeow,auchindoun,1540,priest,discipline,93,52,41
Boostpriest,archimonde,1540,priest,discipline,147,80,67
Tjat,silvermoon,1540,priest,discipline,66,34,32
Vicwix,draenor,1540,priest,discipline,59,30,29
Whiskie,twisting-nether,1540,priest,discipline,60,30,30
Psi,hakkar,1540,priest,discipline,36,18,18
Pxescalol,aegwynn,1540,priest,discipline,41,20,21
Grzmocillaa,burning-legion,1540,priest,discipline,54,26,28
Lahammy,kazzak,1539,priest,discipline,68,36,32
Keyfear,kazzak,1539,priest,discipline,87,44,43
Grautesk,chogall,1539,priest,discipline,48,23,25
Влажныйшп,soulflayer,1538,priest,discipline,66,37,29
Cé,magtheridon,1537,priest,discipline,108,58,50
Fantästic,kazzak,1537,priest,discipline,215,113,102
Джахия,soulflayer,1537,priest,discipline,307,161,146
Ptsd,argent-dawn,1537,priest,discipline,96,46,50
Dench,azjolnerub,1537,priest,discipline,72,33,39
Nextvbestapp,ravencrest,1537,priest,discipline,70,32,38
Karanas,archimonde,1537,priest,discipline,88,38,50
Troedel,destromath,1536,priest,discipline,79,47,32
Natapriest,antonidas,1536,priest,discipline,266,145,121
Celiara,argent-dawn,1536,priest,discipline,171,92,79
Styilepriest,twisting-nether,1536,priest,discipline,36,18,18
Interrupted,kazzak,1536,priest,discipline,132,61,71
Franciscus,bladefist,1535,priest,discipline,30,17,13
Treen,silvermoon,1535,priest,discipline,110,60,50
Keijuñâ,tarren-mill,1535,priest,discipline,30,16,14
Lurri,tarren-mill,1535,priest,discipline,198,102,96
Hérune,outland,1535,priest,discipline,80,41,39
Sonyl,les-sentinelles,1535,priest,discipline,54,27,27
Chamelthoe,the-maelstrom,1535,priest,discipline,114,54,60
Mcdced,archimonde,1535,priest,discipline,108,51,57
Yuukii,kult-der-verdammten,1535,priest,discipline,36,17,19
Goblex,hyjal,1535,priest,discipline,63,28,35
Майндоф,howling-fjord,1534,priest,discipline,60,34,26
Obeng,tarren-mill,1534,priest,discipline,30,16,14
Незерхэвэн,soulflayer,1534,priest,discipline,30,16,14
Pmh,kazzak,1534,priest,discipline,120,60,60
Tinre,ravenholdt,1533,priest,discipline,48,23,25
Voidsnitch,antonidas,1533,priest,discipline,96,44,52
Deadlyhealer,draenor,1533,priest,discipline,48,22,26
Xvpr,trollbane,1532,priest,discipline,36,23,13
Mysticforces,silvermoon,1532,priest,discipline,78,34,44
Володябигуди,howling-fjord,1531,priest,discipline,64,36,28
Winnever,dun-modr,1531,priest,discipline,320,173,147
Sebekklawl,wrathbringer,1531,priest,discipline,97,52,45
Фыбра,soulflayer,1531,priest,discipline,30,16,14
Elämäntypy,stormscale,1531,priest,discipline,120,60,60
Wiildsy,tarren-mill,1531,priest,discipline,53,24,29
Glaedahr,blackmoore,1531,priest,discipline,66,26,40
Asmodeux,alakir,1530,priest,discipline,24,19,5
Амбракадабра,blackscar,1530,priest,discipline,36,26,10
Psnextxp,eredar,1530,priest,discipline,87,51,36
Cartøøns,ravencrest,1530,priest,discipline,42,23,19
Cptatonement,draenor,1530,priest,discipline,106,56,50
Tutoress,stormscale,1530,priest,discipline,48,23,25
Swallowship,twisting-nether,1530,priest,discipline,36,16,20
Remkojatwo,blackrock,1529,priest,discipline,30,16,14
Remlos,der-rat-von-dalaran,1529,priest,discipline,108,53,55
Onelovexx,thrall,1529,priest,discipline,60,28,32
Insekta,ragnaros,1528,priest,discipline,217,108,109
Nevor,nemesis,1528,priest,discipline,124,57,67
Sordag,lordaeron,1528,priest,discipline,48,22,26
Biscuits,ravencrest,1528,priest,discipline,84,25,59
Infamous,stormscale,1527,priest,discipline,18,16,2
Delarus,perenolde,1527,priest,discipline,90,55,35
Zinzor,archimonde,1527,priest,discipline,77,41,36
Ohbenji,ravencrest,1527,priest,discipline,140,67,73
Eleatros,blackrock,1526,priest,discipline,106,52,54
Sethp,hyjal,1525,priest,discipline,30,21,9
Huffinctus,tarren-mill,1525,priest,discipline,112,59,53
Shînnøk,silvermoon,1525,priest,discipline,141,74,67
Dreamscapez,tarren-mill,1525,priest,discipline,73,37,36
Sørcedote,dun-modr,1525,priest,discipline,36,16,20
Nurbanu,ravencrest,1524,priest,discipline,77,49,28
Skylar,xavius,1524,priest,discipline,48,29,19
Enoriya,blackrock,1524,priest,discipline,259,140,119
Fatishcribe,twisting-nether,1524,priest,discipline,303,159,144
Мэдмод,gordunni,1524,priest,discipline,189,90,99
Zoe,aegwynn,1523,priest,discipline,213,112,101
Licktheheal,outland,1523,priest,discipline,126,64,62
Виспх,eversong,1523,priest,discipline,269,120,149
Jackyz,tarren-mill,1523,priest,discipline,60,21,39
Kenobai,kazzak,1522,priest,discipline,30,16,14
Raeratwo,archimonde,1522,priest,discipline,30,16,14
Tashziehn,blackrock,1522,priest,discipline,146,74,72
Dìsc,ravencrest,1522,priest,discipline,96,47,49
Deadthicc,hyjal,1521,priest,discipline,50,33,17
Ishande,los-errantes,1521,priest,discipline,143,87,56
Greyanna,twisting-nether,1521,priest,discipline,48,23,25
Prästpojken,frostwhisper,1521,priest,discipline,137,65,72
Yonkerz,frostmane,1521,priest,discipline,222,104,118
Mezan,tarren-mill,1521,priest,discipline,113,50,63
Êvîlêvê,blackmoore,1520,priest,discipline,76,47,29
Drxz,twilights-hammer,1520,priest,discipline,46,24,22
Mamis,anetheron,1520,priest,discipline,48,22,26
Benau,aegwynn,1519,priest,discipline,60,38,22
Sadkitten,sylvanas,1519,priest,discipline,313,174,139
Dalylla,aggra-português,1519,priest,discipline,100,55,45
Dairox,blackrock,1519,priest,discipline,157,86,71
Lilpi,rexxar,1519,priest,discipline,105,56,49
Hateyeleison,burning-legion,1519,priest,discipline,72,34,38
Effectx,ravencrest,1519,priest,discipline,90,42,48
Ssol,tarren-mill,1518,priest,discipline,66,38,28
Durmadanbas,ravencrest,1518,priest,discipline,51,28,23
Трихоманиаз,ashenvale,1518,priest,discipline,48,23,25
Phasmöphobia,zuljin,1518,priest,discipline,150,70,80
Freaki,blackrock,1517,priest,discipline,48,28,20
Lemontea,frostwolf,1517,priest,discipline,48,27,21
Iløvelena,ravencrest,1517,priest,discipline,57,28,29
Gojó,outland,1517,priest,discipline,57,25,32
Zackshock,sanguino,1517,priest,discipline,78,27,51
Meiyah,draenor,1516,priest,discipline,78,42,36
Neagica,kazzak,1516,priest,discipline,209,107,102
Deki,outland,1516,priest,discipline,66,32,34
Bornxgood,kazzak,1516,priest,discipline,42,18,24
Vemix,ravencrest,1515,priest,discipline,42,29,13
Utsuro,stormscale,1515,priest,discipline,42,22,20
Axxul,blackrock,1515,priest,discipline,42,20,22
Olio,outland,1515,priest,discipline,82,39,43
Лилатэль,blackscar,1515,priest,discipline,138,62,76
Péntagón,festung-der-stürme,1515,priest,discipline,54,24,30
Jcnun,xavius,1514,priest,discipline,132,69,63
Lukéy,silvermoon,1514,priest,discipline,66,33,33
Burnex,thrall,1514,priest,discipline,108,53,55
Zealtron,darksorrow,1514,priest,discipline,68,30,38
Hiddenhealz,blackrock,1514,priest,discipline,60,25,35
Ticklypriest,outland,1513,priest,discipline,30,17,13
Kratzîgel,blackmoore,1512,priest,discipline,120,69,51
Mindfreakxx,twisting-nether,1512,priest,discipline,42,24,18
Хахеха,gordunni,1512,priest,discipline,42,23,19
Badhêalz,aegwynn,1512,priest,discipline,163,84,79
Erupyks,archimonde,1512,priest,discipline,36,18,18
Helalolsun,archimonde,1512,priest,discipline,97,48,49
Buerak,tarren-mill,1511,priest,discipline,34,20,14
Ciri,die-aldor,1511,priest,discipline,31,18,13
Golletz,twisting-nether,1511,priest,discipline,84,48,36
Kuivatmaat,ravencrest,1511,priest,discipline,30,16,14
Pumpmenow,drakthul,1511,priest,discipline,54,27,27
Aestina,silvermoon,1511,priest,discipline,120,58,62
Blazekk,sylvanas,1511,priest,discipline,127,56,71
Woukitos,drekthar,1511,priest,discipline,60,24,36
Doomey,ravencrest,1510,priest,discipline,41,26,15
Kirchhoffina,die-nachtwache,1510,priest,discipline,49,26,23
Исусиприст,deepholm,1510,priest,discipline,54,26,28
Pumpkin,aggramar,1509,priest,discipline,30,19,11
Discomarcel,burning-legion,1509,priest,discipline,48,27,21
Aéríthx,ravencrest,1509,priest,discipline,153,78,75
Johen,terenas,1509,priest,discipline,144,72,72
Фриерли,howling-fjord,1508,priest,discipline,30,21,9
Ledania,aegwynn,1508,priest,discipline,37,25,12
Knazh,twisting-nether,1508,priest,discipline,36,20,16
Arkatina,outland,1508,priest,discipline,70,38,32
Ethaz,twisting-nether,1508,priest,discipline,30,16,14
Axla,stormscale,1508,priest,discipline,59,29,30
Gulch,blackmoore,1508,priest,discipline,84,40,44
Лоео,ashenvale,1508,priest,discipline,60,26,34
Rîhanna,sanguino,1507,priest,discipline,33,22,11
Crims,twisting-nether,1507,priest,discipline,108,62,46
Healicious,teldrassil,1507,priest,discipline,30,16,14
Тэтэшник,ashenvale,1507,priest,discipline,206,107,99
Goldgot,tarren-mill,1507,priest,discipline,54,28,26
Kurt,blackrock,1507,priest,discipline,136,66,70
Derylium,kazzak,1506,priest,discipline,69,45,24
Mylini,silvermoon,1506,priest,discipline,177,95,82
Edoran,ragnaros,1506,priest,discipline,115,59,56
Апититька,soulflayer,1506,priest,discipline,126,64,62
Safemode,ravencrest,1505,priest,discipline,47,25,22
Dêxter,hyjal,1505,priest,discipline,132,68,64
Смайтвайфу,howling-fjord,1505,priest,discipline,54,27,27
Mortarz,ragnaros,1505,priest,discipline,71,31,40
Getötet,blackrock,1504,priest,discipline,78,47,31
Jumperlawl,khaz-modan,1504,priest,discipline,54,30,24
Akemmì,sylvanas,1504,priest,discipline,162,82,80
Аферона,soulflayer,1504,priest,discipline,48,24,24
Makemyday,dun-modr,1504,priest,discipline,76,36,40
Supernal,twisting-nether,1504,priest,discipline,72,34,38
Ykiotonegawa,twisting-nether,1504,priest,discipline,129,53,76
Heilerharry,blackmoore,1503,priest,discipline,34,19,15
Antainis,silvermoon,1503,priest,discipline,185,99,86
Телоури,galakrond,1503,priest,discipline,263,131,132
Бленди,howling-fjord,1503,priest,discipline,47,18,29
Jamii,kazzak,1502,priest,discipline,95,62,33
Spoggle,kazzak,1502,priest,discipline,131,67,64
Sundæ,antonidas,1502,priest,discipline,42,18,24
Maskinjundre,bronzebeard,1502,priest,discipline,51,21,30
Ciqua,frostmane,1501,priest,discipline,30,21,9
Fartsponge,ragnaros,1501,priest,discipline,31,17,14
Jaatjak,ravencrest,1501,priest,discipline,95,52,43
Kobri,gilneas,1501,priest,discipline,126,65,61
Watchmedeath,sargeras,1501,priest,discipline,43,21,22
Бархомелфой,gordunni,1500,priest,discipline,57,32,25
Sickwill,blackrock,1500,priest,discipline,52,29,23
Мьюсх,deathguard,1500,priest,discipline,77,42,35
Priesticchi,stormscale,1500,priest,discipline,222,119,103
Sláin,outland,1500,priest,discipline,221,106,115
Dreamhatcher,deathwing,1500,priest,discipline,42,18,24
Elwing,darkmoon-faire,1500,priest,discipline,48,18,30
Bromine,twisting-nether,1499,priest,discipline,39,29,10
Cursedme,blackrock,1499,priest,discipline,42,24,18
Ræpriestx,ragnaros,1499,priest,discipline,117,66,51
Mzpriest,dalaran,1499,priest,discipline,106,57,49
Discomacka,twisting-nether,1499,priest,discipline,59,30,29
Anaqt,silvermoon,1499,priest,discipline,317,160,157
Neoni,blackmoore,1499,priest,discipline,228,114,114
Архиэрей,soulflayer,1499,priest,discipline,51,24,27
Schockerjr,blackmoore,1499,priest,discipline,60,27,33
Ixdeadxl,stormscale,1498,priest,discipline,79,48,31
Massasax,kazzak,1498,priest,discipline,60,36,24
Bloodie,drakthul,1498,priest,discipline,30,18,12
Pøwêr,hyjal,1498,priest,discipline,48,21,27
Doktoritca,kazzak,1498,priest,discipline,72,31,41
Diarolz,sanguino,1497,priest,discipline,81,46,35
Nahni,teldrassil,1497,priest,discipline,255,119,136
Loliheal,blackmoore,1497,priest,discipline,52,23,29
Íhðly,silvermoon,1496,priest,discipline,174,88,86
Холиблэк,blackscar,1496,priest,discipline,36,16,20
Hopepriest,magtheridon,1496,priest,discipline,66,29,37
Shockpriest,grim-batol,1496,priest,discipline,42,16,26
Холишитс,gordunni,1495,priest,discipline,151,88,63
Nubso,aegwynn,1495,priest,discipline,54,25,29
Aïezn,culte-de-la-rive-noire,1495,priest,discipline,206,93,113
Faouzia,argent-dawn,1495,priest,discipline,36,16,20
Шимату,howling-fjord,1495,priest,discipline,72,25,47
Onetwo,silvermoon,1494,priest,discipline,30,18,12
Drawun,burning-legion,1494,priest,discipline,116,67,49
Ballsbrawlz,sylvanas,1494,priest,discipline,42,24,18
Aeternethy,ravencrest,1494,priest,discipline,48,27,21
Sheshan,destromath,1494,priest,discipline,53,29,24
Hïstërïä,silvermoon,1494,priest,discipline,57,28,29
Laërhia,archimonde,1494,priest,discipline,211,100,111
Sebbepriest,twisting-nether,1493,priest,discipline,48,31,17
Tallzoné,ravencrest,1493,priest,discipline,98,55,43
Анааким,soulflayer,1493,priest,discipline,110,61,49
Kamiyasa,blackmoore,1493,priest,discipline,145,73,72
Vorynax,silvermoon,1493,priest,discipline,86,40,46
Tinpr,sanguino,1492,priest,discipline,111,50,61
Аидкабтв,gordunni,1491,priest,discipline,30,17,13
Squidlicker,twisting-nether,1491,priest,discipline,58,31,27
Waramoly,eredar,1490,priest,discipline,54,33,21
Mapples,antonidas,1490,priest,discipline,144,82,62
Littleflash,lightbringer,1490,priest,discipline,87,43,44
Chuckline,eredar,1490,priest,discipline,96,47,49
Migaz,runetotem,1489,priest,discipline,97,56,41
Bleedingeyes,tarren-mill,1489,priest,discipline,51,27,24
Göblinpriest,the-maelstrom,1489,priest,discipline,34,18,16
Prezica,stormscale,1489,priest,discipline,167,88,79
Nastynina,frostwhisper,1489,priest,discipline,88,42,46
Loverxz,dun-modr,1489,priest,discipline,42,20,22
Dadheal,dalaran,1489,priest,discipline,48,21,27
Saintsense,outland,1488,priest,discipline,78,44,34
Thiela,ravencrest,1488,priest,discipline,32,17,15
Ceraghk,tichondrius,1488,priest,discipline,144,76,68
Kinkykaren,kazzak,1488,priest,discipline,139,72,67
Liviúss,draenor,1488,priest,discipline,162,80,82
Khazidhea,frostwolf,1488,priest,discipline,87,41,46
Luznywiesiek,burning-legion,1487,priest,discipline,66,38,28
Xypri,nordrassil,1487,priest,discipline,143,74,69
Céph,sylvanas,1487,priest,discipline,42,21,21
Radegast,jaedenar,1487,priest,discipline,204,100,104
Iqr,blackmoore,1487,priest,discipline,42,20,22
Spánkproof,kazzak,1486,priest,discipline,42,22,20
Chocoly,tarren-mill,1486,priest,discipline,104,54,50
Гизамуррис,howling-fjord,1486,priest,discipline,48,24,24
Triuna,sylvanas,1486,priest,discipline,41,20,21
Nomakprst,sanguino,1486,priest,discipline,130,63,67
Yugata,archimonde,1486,priest,discipline,121,53,68
Lythi,eredar,1486,priest,discipline,126,55,71
Mewpew,azjolnerub,1486,priest,discipline,54,23,31
Dímension,ragnaros,1485,priest,discipline,110,64,46
Loreleì,sylvanas,1485,priest,discipline,42,23,19
Viì,ravencrest,1485,priest,discipline,30,16,14
Senpumara,malganis,1485,priest,discipline,300,150,150
Cbsad,madmortem,1484,priest,discipline,90,49,41
Nimbtwink,silvermoon,1483,priest,discipline,41,26,15
Daddyfinger,argent-dawn,1483,priest,discipline,109,63,46
Tarellia,argent-dawn,1483,priest,discipline,227,130,97
Heindl,ravencrest,1483,priest,discipline,36,16,20
Darknun,aggra-português,1483,priest,discipline,113,49,64
Mêduse,ravencrest,1483,priest,discipline,81,28,53
Enzyme,drakthul,1482,priest,discipline,36,24,12
Woid,aegwynn,1482,priest,discipline,36,19,17
Nuraschka,antonidas,1482,priest,discipline,36,18,18
Джулибуба,borean-tundra,1482,priest,discipline,63,29,34
Alshah,emerald-dream,1482,priest,discipline,36,16,20
Jetlìfe,ysondre,1482,priest,discipline,42,18,24
Ihaveibs,doomhammer,1481,priest,discipline,77,36,41
Lokíe,ragnaros,1481,priest,discipline,36,16,20
Walúpe,draenor,1480,priest,discipline,36,25,11
Rikipope,ravencrest,1480,priest,discipline,42,25,17
Крутосанка,blackscar,1480,priest,discipline,48,26,22
Velles,nazjatar,1480,priest,discipline,628,323,305
Averagenoob,ragnaros,1480,priest,discipline,81,35,46
Sehek,sanguino,1480,priest,discipline,72,31,41
Subha,drakthul,1479,priest,discipline,34,25,9
Byebee,stormscale,1479,priest,discipline,30,21,9
Mâdowk,los-errantes,1479,priest,discipline,66,35,31
Gingerflexay,archimonde,1479,priest,discipline,48,24,24
Blackheall,nemesis,1479,priest,discipline,46,23,23
Phipham,frostwolf,1479,priest,discipline,36,17,19
Toratorap,burning-legion,1479,priest,discipline,90,41,49
Джелесана,gordunni,1479,priest,discipline,99,45,54
Ømñyx,outland,1479,priest,discipline,36,16,20
Tech,shattered-hand,1479,priest,discipline,59,24,35
Soulreapper,blackhand,1478,priest,discipline,237,126,111
Myrmz,archimonde,1478,priest,discipline,36,19,17
Лимью,soulflayer,1478,priest,discipline,62,26,36
Yhraeliaegh,defias-brotherhood,1478,priest,discipline,69,26,43
Kollis,twilights-hammer,1477,priest,discipline,251,125,126
Scréam,eredar,1477,priest,discipline,72,33,39
Chrispriest,argent-dawn,1477,priest,discipline,56,24,32
Pristerline,antonidas,1476,priest,discipline,37,24,13
Fluba,thrall,1476,priest,discipline,65,39,26
Zhenni,ravencrest,1476,priest,discipline,30,16,14
Scodây,blackmoore,1476,priest,discipline,324,169,155
Ilovedisc,kazzak,1476,priest,discipline,56,29,27
Rennic,stormscale,1476,priest,discipline,48,23,25
Gorti,ravencrest,1475,priest,discipline,30,16,14
Keewix,ysondre,1475,priest,discipline,95,46,49
Klemi,dun-modr,1474,priest,discipline,42,26,16
Hailor,blackmoore,1474,priest,discipline,48,29,19
Battra,argent-dawn,1474,priest,discipline,84,45,39
Buzzy,twisting-nether,1474,priest,discipline,144,75,69
Cainactor,drakthul,1474,priest,discipline,72,37,35
Gotikaa,blackrock,1474,priest,discipline,120,60,60
Hunfall,stormscale,1474,priest,discipline,70,34,36
Tinteolo,blackrock,1474,priest,discipline,45,21,24
Holymöly,archimonde,1474,priest,discipline,49,20,29
Localmadlad,draenor,1473,priest,discipline,67,43,24
Thorhammer,turalyon,1473,priest,discipline,60,37,23
Санггвиний,soulflayer,1473,priest,discipline,108,55,53
Sannti,twisting-nether,1473,priest,discipline,48,24,24
Sorrybowtdat,tarren-mill,1473,priest,discipline,120,56,64
Baloopriest,grim-batol,1473,priest,discipline,48,21,27
Chîlliz,draenor,1472,priest,discipline,40,25,15
Miileys,arthas,1472,priest,discipline,67,39,28
Chimara,eredar,1472,priest,discipline,166,89,77
Acik,bladefist,1472,priest,discipline,59,27,32
Марина,howling-fjord,1472,priest,discipline,84,36,48
Cottyx,outland,1471,priest,discipline,172,100,72
Rasha,kazzak,1471,priest,discipline,111,60,51
Noobpriest,blackrock,1471,priest,discipline,136,65,71
Themistia,kazzak,1471,priest,discipline,151,70,81
Clapclap,frostmourne,1471,priest,discipline,57,26,31
Veilon,defias-brotherhood,1471,priest,discipline,60,24,36
Isuckpriest,aegwynn,1471,priest,discipline,60,24,36
Вичкрафт,howling-fjord,1471,priest,discipline,60,23,37
Porklifer,tarren-mill,1470,priest,discipline,54,32,22
Maneipriest,drakthul,1470,priest,discipline,65,35,30
Mercies,kazzak,1470,priest,discipline,51,27,24
Loarderonx,stormscale,1470,priest,discipline,35,16,19
Karoopi,ysondre,1469,priest,discipline,203,105,98
Mackópriest,ragnaros,1469,priest,discipline,169,77,92
Virulent,nemesis,1469,priest,discipline,48,21,27
Laxímink,sylvanas,1469,priest,discipline,107,45,62
Agatioxd,dun-modr,1468,priest,discipline,48,31,17
Unpsofablé,outland,1468,priest,discipline,52,27,25
Pewkz,draenor,1468,priest,discipline,164,83,81
Goosebot,stormscale,1468,priest,discipline,42,20,22
Chankilolx,dun-modr,1468,priest,discipline,187,88,99
Niholie,sinstralis,1468,priest,discipline,78,32,46
Drwlad,archimonde,1468,priest,discipline,66,26,40
Prioheal,hyjal,1467,priest,discipline,84,44,40
Shaov,archimonde,1467,priest,discipline,42,22,20
Властьтени,gordunni,1467,priest,discipline,175,87,88
Ёджих,blackscar,1467,priest,discipline,133,65,68
Jimmymcgill,ravencrest,1467,priest,discipline,34,16,18
Mazzekeen,burning-legion,1467,priest,discipline,49,23,26
Emon,nemesis,1466,priest,discipline,54,32,22
Aurunea,blackrock,1466,priest,discipline,69,40,29
Vanadii,blackhand,1466,priest,discipline,78,43,35
Sameec,drakthul,1466,priest,discipline,141,69,72
Мненосина,goldrinn,1466,priest,discipline,70,32,38
Yákizå,darksorrow,1466,priest,discipline,72,30,42
Doctep,sargeras,1465,priest,discipline,70,41,29
Khaag,korgall,1465,priest,discipline,54,27,27
Bottemg,defias-brotherhood,1465,priest,discipline,54,25,29
Kanî,eredar,1465,priest,discipline,78,35,43
Ashérs,ravencrest,1464,priest,discipline,111,66,45
Sochnaochen,outland,1464,priest,discipline,84,48,36
ßabylexa,ravencrest,1464,priest,discipline,140,65,75
Syrell,sanguino,1464,priest,discipline,35,16,19
Geierlol,blackrock,1464,priest,discipline,42,17,25
Ghostroller,pozzo-delleternità,1463,priest,discipline,96,51,45
Bandgap,antonidas,1463,priest,discipline,223,113,110
Scade,kazzak,1463,priest,discipline,98,47,51
Асуартхас,gordunni,1463,priest,discipline,211,101,110
Хербоб,howling-fjord,1463,priest,discipline,202,95,107
Galadrielkä,drakthul,1462,priest,discipline,121,67,54
Ботхесатва,deepholm,1462,priest,discipline,77,35,42
Amoxkys,nemesis,1462,priest,discipline,86,39,47
Unsáinted,stormscale,1461,priest,discipline,24,16,8
Krayziest,tarren-mill,1461,priest,discipline,42,26,16
Zoose,defias-brotherhood,1461,priest,discipline,44,25,19
Suaakypriest,tyrande,1461,priest,discipline,48,24,24
Käji,silvermoon,1461,priest,discipline,60,28,32
Лэрикус,howling-fjord,1461,priest,discipline,36,16,20
Goodgirl,frostmane,1460,priest,discipline,40,27,13
Elizabéth,blackrock,1460,priest,discipline,43,26,17
Cydira,eredar,1460,priest,discipline,42,25,17
Вайтбласт,howling-fjord,1460,priest,discipline,36,21,15
Syro,defias-brotherhood,1459,priest,discipline,57,33,24
Ðiscobiscuit,argent-dawn,1459,priest,discipline,104,55,49
Bananensuppe,kult-der-verdammten,1459,priest,discipline,102,50,52
Zarozina,pozzo-delleternità,1459,priest,discipline,48,23,25
Nÿpô,hyjal,1459,priest,discipline,89,40,49
Elfarity,tarren-mill,1458,priest,discipline,35,21,14
Ivysaurus,ravencrest,1458,priest,discipline,74,42,32
Joyfu,archimonde,1458,priest,discipline,60,34,26
Yvaini,xavius,1458,priest,discipline,90,49,41
Crowdd,turalyon,1458,priest,discipline,160,87,73
Leerzeichen,aegwynn,1458,priest,discipline,48,24,24
Могулас,soulflayer,1458,priest,discipline,519,258,261
Ruly,ragnaros,1458,priest,discipline,51,25,26
Moarein,twisting-nether,1458,priest,discipline,72,32,40
Дюшапинанс,soulflayer,1456,priest,discipline,56,33,23
Stargóddess,kazzak,1456,priest,discipline,202,113,89
Жариха,gordunni,1456,priest,discipline,84,45,39
Enigam,alakir,1456,priest,discipline,78,41,37
Selenee,scarshield-legion,1456,priest,discipline,180,89,91
Nyxalia,silvermoon,1455,priest,discipline,30,18,12
Sémi,twisting-nether,1455,priest,discipline,60,34,26
Kåstå,archimonde,1455,priest,discipline,92,51,41
Сашадвасм,gordunni,1455,priest,discipline,117,64,53
Teladorne,ravencrest,1455,priest,discipline,36,17,19
Ysharrj,hyjal,1454,priest,discipline,48,27,21
Kayeen,tarren-mill,1454,priest,discipline,174,91,83
Juîcycheeks,frostwolf,1454,priest,discipline,144,75,69
Фейкай,blackscar,1454,priest,discipline,54,28,26
Apøcalypso,antonidas,1454,priest,discipline,138,71,67
Disturbdtwo,archimonde,1454,priest,discipline,66,31,35
Avgenjoyer,kazzak,1454,priest,discipline,186,85,101
Panoio,aggra-português,1454,priest,discipline,95,41,54
Pedopräst,stormscale,1453,priest,discipline,83,42,41
Sînálà,antonidas,1453,priest,discipline,86,43,43
Dealtime,ysondre,1453,priest,discipline,32,16,16
Алуриэлия,gordunni,1453,priest,discipline,83,40,43
Mvce,outland,1452,priest,discipline,30,20,10
Mvuu,kazzak,1452,priest,discipline,42,25,17
Troublemaker,durotan,1452,priest,discipline,72,40,32
Otuschpriest,blackmoore,1452,priest,discipline,36,20,16
Okeymokey,malganis,1452,priest,discipline,163,83,80
Fearmongerer,tarren-mill,1451,priest,discipline,29,19,10
Shilôz,hyjal,1451,priest,discipline,174,93,81
Vilanae,hyjal,1451,priest,discipline,118,63,55
Энвиньяттар,howling-fjord,1451,priest,discipline,78,40,38
Benificent,argent-dawn,1451,priest,discipline,225,114,111
Kätsulol,ysondre,1451,priest,discipline,48,24,24
Boarheals,blackmoore,1451,priest,discipline,59,28,31
Ryuuzaki,stormscale,1451,priest,discipline,35,16,19
Auntbessy,outland,1450,priest,discipline,42,21,21
Snuifje,azjolnerub,1450,priest,discipline,214,106,108
Rachelsz,ravencrest,1450,priest,discipline,36,17,19
Ylvanna,arthas,1450,priest,discipline,52,21,31
Holywann,argent-dawn,1449,priest,discipline,35,22,13
Chigreru,uldum,1449,priest,discipline,29,16,13
Ahree,sargeras,1449,priest,discipline,333,170,163
Dotdotggwp,stormscale,1449,priest,discipline,102,47,55
Ninetzz,tarren-mill,1448,priest,discipline,42,30,12
Frekio,eitrigg,1448,priest,discipline,173,88,85
Kimozabi,ravencrest,1448,priest,discipline,50,25,25
Schmatzy,blackmoore,1448,priest,discipline,48,24,24
Vanillå,silvermoon,1448,priest,discipline,84,41,43
Holycrit,aszune,1448,priest,discipline,65,30,35
Spiochpr,burning-legion,1447,priest,discipline,180,97,83
Adolin,onyxia,1447,priest,discipline,47,24,23
Angelic,ragnaros,1447,priest,discipline,191,92,99
Mysticks,kirin-tor,1447,priest,discipline,36,17,19
Raphyx,blackhand,1447,priest,discipline,54,16,38
Mòly,archimonde,1446,priest,discipline,27,17,10
Æsia,archimonde,1446,priest,discipline,45,25,20
Toorree,stormscale,1446,priest,discipline,137,70,67
Klosso,anachronos,1445,priest,discipline,78,42,36
Rosalina,ravencrest,1445,priest,discipline,303,161,142
Ahmnesia,archimonde,1445,priest,discipline,238,122,116
Mungam,draenor,1445,priest,discipline,86,41,45
Solaqt,tarren-mill,1445,priest,discipline,48,19,29
Серыйлог,galakrond,1444,priest,discipline,90,49,41
Jazzmind,stormscale,1444,priest,discipline,150,77,73
Hypernym,eredar,1443,priest,discipline,32,20,12
Noodlesoup,daggerspine,1443,priest,discipline,187,98,89
Arkkupiispa,stormreaver,1443,priest,discipline,459,228,231
Trekztwo,archimonde,1443,priest,discipline,66,32,34
Holyshart,magtheridon,1443,priest,discipline,89,42,47
Calonex,kazzak,1443,priest,discipline,43,20,23
Дармирэль,gordunni,1443,priest,discipline,76,35,41
Arctoczax,ravencrest,1443,priest,discipline,66,27,39
Ectria,ravencrest,1443,priest,discipline,95,38,57
Lâughing,ravencrest,1442,priest,discipline,42,27,15
Vaetrilla,doomhammer,1442,priest,discipline,43,24,19
Sombralúz,sanguino,1442,priest,discipline,36,20,16
Verzeichnis,thrall,1442,priest,discipline,148,81,67
Aizakku,frostmane,1442,priest,discipline,36,19,17
Shanny,kazzak,1442,priest,discipline,89,43,46
Chibrausorus,archimonde,1442,priest,discipline,66,30,36
Aeritha,blackmoore,1441,priest,discipline,30,19,11
Barcodes,kazzak,1441,priest,discipline,106,58,48
Baybe,ravencrest,1441,priest,discipline,147,80,67
Anotherdisc,aegwynn,1441,priest,discipline,280,134,146
Laurent,sanguino,1441,priest,discipline,36,16,20
Pinkyladdy,argent-dawn,1441,priest,discipline,53,23,30
Svistis,ravencrest,1440,priest,discipline,28,20,8
Смегмачет,soulflayer,1440,priest,discipline,122,63,59
Hardcode,twisting-nether,1440,priest,discipline,108,53,55
Tazting,stormscale,1440,priest,discipline,54,25,29
Txz,kazzak,1439,priest,discipline,48,28,20
Yesdaddypls,draenor,1439,priest,discipline,36,21,15
Lyés,uldaman,1439,priest,discipline,247,141,106
Malyzion,draenor,1439,priest,discipline,154,87,67
Voxqt,blackrock,1439,priest,discipline,30,15,15
Zeraphïn,eredar,1439,priest,discipline,30,15,15
Bedkara,ravencrest,1439,priest,discipline,30,15,15
Sinfulmaze,outland,1439,priest,discipline,30,15,15
Cáss,archimonde,1439,priest,discipline,30,15,15
Zedrus,azshara,1439,priest,discipline,111,53,58
Arrlina,magtheridon,1439,priest,discipline,83,39,44
Аркада,blackscar,1438,priest,discipline,30,15,15
Optiprime,ravencrest,1438,priest,discipline,30,15,15
Jerzay,hyjal,1438,priest,discipline,124,59,65
Hopeso,silvermoon,1437,priest,discipline,18,15,3
Åshbé,archimonde,1437,priest,discipline,18,15,3
Endlin,silvermoon,1437,priest,discipline,54,34,20
Zooster,pozzo-delleternità,1437,priest,discipline,48,29,19
Helikipope,kazzak,1437,priest,discipline,30,17,13
Evilangèl,ravenholdt,1437,priest,discipline,109,59,50
Чилюотферала,eversong,1437,priest,discipline,30,15,15
Mainhunter,aegwynn,1437,priest,discipline,30,15,15
Exorcitador,shendralar,1437,priest,discipline,40,18,22
Yøløswagg,silvermoon,1437,priest,discipline,116,49,67
Fotmape,stormscale,1437,priest,discipline,36,15,21
Bubblebuddy,draenor,1437,priest,discipline,42,15,27
Tony,agamaggan,1436,priest,discipline,71,38,33
Gerrylol,draenor,1436,priest,discipline,30,15,15
Rmpriest,blackhand,1436,priest,discipline,30,15,15
Gbpjr,xavius,1436,priest,discipline,218,106,112
Dzoo,kazzak,1436,priest,discipline,58,27,31
Kbakå,stormscale,1436,priest,discipline,84,37,47
Jàckîe,aegwynn,1436,priest,discipline,40,17,23
Pakmopriest,ragnaros,1436,priest,discipline,42,16,26
Xayrin,thrall,1435,priest,discipline,78,43,35
Darkoze,kazzak,1435,priest,discipline,54,29,25
Pàndoràh,nemesis,1435,priest,discipline,42,22,20
Carolyna,ravencrest,1435,priest,discipline,36,15,21
Mindcrackr,stormscale,1434,priest,discipline,36,22,14
Xubeqi,kazzak,1434,priest,discipline,213,112,101
Mqsx,stormscale,1434,priest,discipline,30,15,15
Kæyc,blackmoore,1434,priest,discipline,71,35,36
Anniegelic,ravencrest,1434,priest,discipline,42,19,23
Cajolîne,archimonde,1434,priest,discipline,162,73,89
Bawsy,blackrock,1433,priest,discipline,42,28,14
Villagegirlx,stormscale,1433,priest,discipline,30,18,12
Rhäenÿra,hyjal,1433,priest,discipline,30,18,12
Ylivoima,stormscale,1433,priest,discipline,54,31,23
Selëne,blackrock,1433,priest,discipline,42,22,20
Simplesam,ravencrest,1433,priest,discipline,94,49,45
Prayxlol,outland,1433,priest,discipline,30,15,15
Nirsis,dun-modr,1433,priest,discipline,93,45,48
Ascendare,tarren-mill,1433,priest,discipline,95,42,53
Bochonok,stormrage,1433,priest,discipline,36,15,21
Bigwik,tarren-mill,1433,priest,discipline,42,15,27
Dimsim,kazzak,1432,priest,discipline,24,15,9
Elderiel,turalyon,1432,priest,discipline,331,173,158
Bøts,ravencrest,1432,priest,discipline,172,86,86
Мдзшка,gordunni,1432,priest,discipline,932,461,471
Xet,outland,1432,priest,discipline,68,30,38
Swera,twisting-nether,1431,priest,discipline,24,15,9
Letmehêal,archimonde,1431,priest,discipline,48,28,20
Nazhara,hyjal,1431,priest,discipline,30,15,15
Scràppy,malganis,1431,priest,discipline,30,15,15
Sbeecha,argent-dawn,1431,priest,discipline,126,57,69
Altar,grim-batol,1430,priest,discipline,125,72,53
Гачибунта,blackscar,1430,priest,discipline,142,79,63
Cúrt,sanguino,1430,priest,discipline,66,29,37
Inzàné,kazzak,1430,priest,discipline,60,25,35
Delinsx,outland,1430,priest,discipline,36,15,21
Trixtrex,aegwynn,1430,priest,discipline,36,15,21
Mírá,burning-blade,1429,priest,discipline,42,29,13
Lanaineuwu,archimonde,1429,priest,discipline,32,22,10
Icutebiker,nagrand,1429,priest,discipline,41,28,13
Eladri,silvermoon,1429,priest,discipline,24,15,9
Эмжи,howling-fjord,1429,priest,discipline,24,15,9
Lalgorithme,hyjal,1429,priest,discipline,30,18,12
Yomominmedm,draenor,1429,priest,discipline,42,25,17
Dankopriest,drakthul,1429,priest,discipline,66,36,30
ßrain,garona,1429,priest,discipline,30,15,15
Yurrij,thrall,1428,priest,discipline,39,23,16
Zlejkadlec,drakthul,1428,priest,discipline,147,82,65
Noany,ravencrest,1428,priest,discipline,116,60,56
Lucidluke,blackmoore,1428,priest,discipline,55,25,30
Søkariss,elune,1427,priest,discipline,36,21,15
Diddlefiddle,stormscale,1427,priest,discipline,64,36,28
Putinkuilo,outland,1427,priest,discipline,48,25,23
Azarseth,exodar,1427,priest,discipline,48,24,24
Klituriis,twisting-nether,1427,priest,discipline,89,44,45
Spèrman,frostwolf,1427,priest,discipline,102,50,52
Invexx,tarren-mill,1427,priest,discipline,292,138,154
Holydreed,ragnaros,1427,priest,discipline,36,17,19
Randomm,shadowsong,1427,priest,discipline,66,26,40
Ylenae,twisting-nether,1427,priest,discipline,42,15,27
Amanojakü,ravencrest,1426,priest,discipline,48,34,14
Neddeadlius,outland,1426,priest,discipline,72,37,35
Joeasaurs,ragnaros,1426,priest,discipline,33,16,17
Viagrà,outland,1426,priest,discipline,120,53,67
Emala,hyjal,1426,priest,discipline,35,15,20
Massdispell,silvermoon,1425,priest,discipline,40,23,17
Нэилшери,gordunni,1425,priest,discipline,48,25,23
Jael,frostmane,1425,priest,discipline,62,30,32
Miris,ysondre,1425,priest,discipline,48,21,27
Maidie,stormscale,1424,priest,discipline,66,41,25
Дыффян,gordunni,1424,priest,discipline,54,30,24
Whiskeyhaze,burning-legion,1424,priest,discipline,78,42,36
Devot,outland,1424,priest,discipline,132,69,63
Ebashuvkashu,stormscale,1424,priest,discipline,88,46,42
Kâltak,aegwynn,1424,priest,discipline,72,35,37
Хальтэнис,gordunni,1424,priest,discipline,48,23,25
Урголиафа,howling-fjord,1424,priest,discipline,87,41,46
Grabenkrieg,blackrock,1424,priest,discipline,54,25,29
Gødsmack,blackhand,1424,priest,discipline,36,15,21
Hónòr,sylvanas,1424,priest,discipline,59,20,39
Кэндимен,gordunni,1423,priest,discipline,321,165,156
Vanillahaze,sylvanas,1422,priest,discipline,57,37,20
Huhu,defias-brotherhood,1422,priest,discipline,36,21,15
Юлечка,blackscar,1422,priest,discipline,54,28,26
Phreyst,draenor,1422,priest,discipline,177,91,86
Sabaxdxd,dun-modr,1422,priest,discipline,230,116,114
Yörüichi,kazzak,1422,priest,discipline,30,15,15
Sáshagrey,arathor,1422,priest,discipline,61,29,32
Stevep,tarren-mill,1422,priest,discipline,78,37,41
Pìkachù,stormscale,1422,priest,discipline,60,28,32
Defineless,outland,1422,priest,discipline,189,86,103
Тесира,blackscar,1421,priest,discipline,54,30,24
Galadríel,malganis,1421,priest,discipline,29,16,13
Jeuhy,talnivarr,1421,priest,discipline,175,94,81
Птист,azuregos,1421,priest,discipline,42,17,25
Halastrâ,tarren-mill,1420,priest,discipline,50,33,17
Lapinvicieux,archimonde,1420,priest,discipline,60,32,28
Тенсаи,howling-fjord,1420,priest,discipline,76,40,36
Anyndra,twisting-nether,1420,priest,discipline,78,39,39
Bride,burning-legion,1420,priest,discipline,30,15,15
Sâtânica,kelthuzad,1420,priest,discipline,195,97,98
Yorap,blackrock,1420,priest,discipline,36,17,19
Пнух,soulflayer,1420,priest,discipline,66,26,40
Zarez,stormscale,1420,priest,discipline,50,17,33
Nudavbrne,drakthul,1419,priest,discipline,23,18,5
Jagersmite,twisting-nether,1419,priest,discipline,144,80,64
Сафири,blackscar,1419,priest,discipline,30,15,15
Vividots,draenor,1419,priest,discipline,47,23,24
Meanazer,antonidas,1419,priest,discipline,66,30,36
Alianza,hellfire,1418,priest,discipline,36,25,11
Voltáren,blackmoore,1418,priest,discipline,50,33,17
Noreal,twisting-nether,1418,priest,discipline,36,23,13
Нэстикус,gordunni,1418,priest,discipline,30,16,14
Luuniisboost,blackmoore,1418,priest,discipline,30,15,15
Медиив,deepholm,1418,priest,discipline,66,32,34
Unholyfield,draenor,1418,priest,discipline,156,75,81
Banshzz,ragnaros,1418,priest,discipline,89,37,52
Eagleess,silvermoon,1417,priest,discipline,42,25,17
Sprutch,kazzak,1417,priest,discipline,56,30,26
Hexenmeister,laughing-skull,1417,priest,discipline,33,17,16
Шпангл,gordunni,1417,priest,discipline,228,114,114
Тучанх,greymane,1417,priest,discipline,49,24,25
Alaeddin,kazzak,1416,priest,discipline,500,248,252
Fetmeister,drakthul,1416,priest,discipline,42,20,22
Ryazz,blackrock,1416,priest,discipline,72,32,40
Dragthal,malganis,1416,priest,discipline,56,22,34
Deicidex,blackrock,1416,priest,discipline,42,15,27
Hlyhoe,silvermoon,1415,priest,discipline,72,41,31
Zivy,silvermoon,1415,priest,discipline,110,61,49
Mertérésa,hyjal,1415,priest,discipline,67,36,31
Sjhzzkl,blackrock,1415,priest,discipline,102,53,49
Cryksî,eredar,1415,priest,discipline,96,46,50
Рейсина,gordunni,1415,priest,discipline,36,15,21
Теньраа,soulflayer,1415,priest,discipline,54,21,33
Bakony,ravencrest,1414,priest,discipline,60,41,19
Yukíø,antonidas,1414,priest,discipline,30,18,12
Praybro,blackmoore,1414,priest,discipline,41,24,17
Kâmy,archimonde,1414,priest,discipline,84,48,36
Aiewn,elune,1414,priest,discipline,122,68,54
Ministry,tirion,1414,priest,discipline,54,27,27
Arize,dun-modr,1414,priest,discipline,126,60,66
Vynivan,korgall,1414,priest,discipline,54,24,30
Lucéa,antonidas,1413,priest,discipline,38,26,12
Îlkari,hyjal,1413,priest,discipline,35,22,13
Kaeldara,ysondre,1413,priest,discipline,24,15,9
Deathchicka,draenor,1413,priest,discipline,64,37,27
Shzuna,archimonde,1413,priest,discipline,90,46,44
Zïn,silvermoon,1413,priest,discipline,58,29,29
Юлих,booty-bay,1413,priest,discipline,226,110,116
Indicta,darksorrow,1413,priest,discipline,33,16,17
Joseantuan,sanguino,1412,priest,discipline,30,18,12
Vqny,archimonde,1412,priest,discipline,153,85,68
Castalia,ravencrest,1412,priest,discipline,101,48,53
Ayumcd,ravencrest,1411,priest,discipline,24,17,7
Bekareth,archimonde,1411,priest,discipline,119,65,54
Mortex,nemesis,1411,priest,discipline,66,36,30
Nolosme,blackrock,1411,priest,discipline,54,26,28
Rwaphouu,ysondre,1410,priest,discipline,66,39,27
Ецци,howling-fjord,1410,priest,discipline,44,23,21
Faelvirin,aegwynn,1410,priest,discipline,41,21,20
Shanya,thrall,1410,priest,discipline,42,20,22
Jóhnnybravó,kazzak,1410,priest,discipline,36,16,20
Krasawìtch,onyxia,1410,priest,discipline,113,50,63
Вутитути,howling-fjord,1410,priest,discipline,36,15,21
Èlysium,grim-batol,1410,priest,discipline,54,21,33
Asprine,kazzak,1409,priest,discipline,142,82,60
Cring,kirin-tor,1409,priest,discipline,138,77,61
Undeabniss,nathrezim,1409,priest,discipline,29,16,13
Бомжскадилом,gordunni,1409,priest,discipline,237,125,112
Dunderprälle,outland,1409,priest,discipline,30,15,15
Ggsus,outland,1409,priest,discipline,106,52,54
Vadhänder,the-maelstrom,1409,priest,discipline,66,32,34
Kaliboom,archimonde,1408,priest,discipline,41,23,18
Lévention,stormscale,1408,priest,discipline,36,20,16
Пакетикдот,gordunni,1408,priest,discipline,297,163,134
Tifa,ravencrest,1408,priest,discipline,123,66,57
Дядяврач,howling-fjord,1408,priest,discipline,206,103,103
Cooriolis,sylvanas,1407,priest,discipline,27,20,7
Tarana,mannoroth,1407,priest,discipline,32,18,14
Ensamstående,twisting-nether,1407,priest,discipline,108,57,51
Korzec,dun-modr,1407,priest,discipline,114,60,54
Sensor,kazzak,1407,priest,discipline,105,52,53
Sppid,sanguino,1407,priest,discipline,350,170,180
Jeez,twilights-hammer,1407,priest,discipline,72,33,39
Clescy,ravencrest,1406,priest,discipline,35,23,12
Gothixs,draenor,1406,priest,discipline,44,26,18
Garfriest,aggra-português,1406,priest,discipline,78,46,32
Carlye,stormreaver,1406,priest,discipline,30,17,13
Tyrhaa,blackmoore,1406,priest,discipline,30,16,14
Щещенская,gordunni,1406,priest,discipline,42,19,23
Hellsaya,ysondre,1405,priest,discipline,60,34,26
Medivs,blackmoore,1405,priest,discipline,30,17,13
Elosen,darkspear,1405,priest,discipline,48,27,21
Valeriana,stormreaver,1405,priest,discipline,192,102,90
Kappa,darksorrow,1405,priest,discipline,54,28,26
Vogelfrau,ravencrest,1405,priest,discipline,122,60,62
Holysquirt,twisting-nether,1405,priest,discipline,42,18,24
Cherrih,argent-dawn,1405,priest,discipline,54,17,37
Priesturz,aggramar,1404,priest,discipline,36,20,16
Трезида,gordunni,1404,priest,discipline,48,24,24
Madkes,ravencrest,1404,priest,discipline,192,95,97
Orophar,antonidas,1404,priest,discipline,287,142,145
Holymøly,earthen-ring,1404,priest,discipline,93,46,47
Летиин,gordunni,1404,priest,discipline,83,40,43
Dragovic,chogall,1404,priest,discipline,80,38,42
Óói,outland,1404,priest,discipline,37,15,22
Divinekat,tarren-mill,1403,priest,discipline,52,34,18
Sílvana,nordrassil,1403,priest,discipline,160,86,74
Chilie,ravencrest,1403,priest,discipline,44,23,21
Nemrtvaa,draenor,1403,priest,discipline,30,15,15
Пэйтен,deathguard,1403,priest,discipline,30,15,15
Eileengu,silvermoon,1402,priest,discipline,70,42,28
Jodge,ravencrest,1402,priest,discipline,66,38,28
Ùçù,dalaran,1402,priest,discipline,70,40,30
Sweetxq,tarren-mill,1402,priest,discipline,153,82,71
Laadyybirkee,blackhand,1402,priest,discipline,182,91,91
Kalestharia,blackmoore,1402,priest,discipline,192,90,102
Kbakå,kazzak,1402,priest,discipline,32,15,17
Dejica,kult-der-verdammten,1402,priest,discipline,102,46,56
Dysko,alakir,1401,priest,discipline,30,15,15
Synoé,la-croisade-écarlate,1401,priest,discipline,101,49,52
Durinko,thunderhorn,1401,priest,discipline,72,31,41
Tsipaz,outland,1401,priest,discipline,35,15,20
Dènna,eldrethalas,1401,priest,discipline,54,22,32
Missdreavus,draenor,1400,priest,discipline,66,41,25
Тодохил,gordunni,1400,priest,discipline,167,80,87
Атэистотбога,gordunni,1400,priest,discipline,48,22,26
Höfi,ragnaros,1400,priest,discipline,140,64,76
Рукатёмная,soulflayer,1400,priest,discipline,83,37,46
Вурти,howling-fjord,1400,priest,discipline,65,28,37
Broer,twisting-nether,1399,priest,discipline,30,18,12
Matsipri,sylvanas,1399,priest,discipline,137,74,63
Pocketsimp,stormscale,1399,priest,discipline,92,47,45
Healinrbglol,blackmoore,1399,priest,discipline,36,18,18
Tntbigheal,silvermoon,1398,priest,discipline,53,31,22
Quetraxz,chogall,1398,priest,discipline,36,19,17
Diva,malfurion,1398,priest,discipline,52,24,28
Avázàr,stormscale,1398,priest,discipline,36,16,20
Cöpahue,sanguino,1397,priest,discipline,30,19,11
Fiilaaja,stormreaver,1397,priest,discipline,42,26,16
Vrynna,kazzak,1397,priest,discipline,138,74,64
Menda,eredar,1397,priest,discipline,130,68,62
Ventorina,die-aldor,1397,priest,discipline,62,32,30
Yunggoth,eredar,1397,priest,discipline,50,24,26
Marryisme,twisting-nether,1397,priest,discipline,102,46,56
Preachyjeg,ravencrest,1397,priest,discipline,132,55,77
Sebatröz,ravencrest,1396,priest,discipline,42,23,19
Морикаа,lich-king,1396,priest,discipline,30,16,14
Crimsõn,kazzak,1396,priest,discipline,48,24,24
Hellscon,kazzak,1396,priest,discipline,42,21,21
Rahan,stormscale,1396,priest,discipline,93,46,47
Darkest,ysondre,1396,priest,discipline,83,37,46
Rixis,la-croisade-écarlate,1396,priest,discipline,72,32,40
Dionegativ,draenor,1396,priest,discipline,66,24,42
Calisé,argent-dawn,1395,priest,discipline,24,15,9
Deadpxlz,ravencrest,1395,priest,discipline,30,17,13
Artymox,sylvanas,1395,priest,discipline,47,17,30
Holybunny,blackrock,1394,priest,discipline,116,65,51
Adrodda,kazzak,1394,priest,discipline,35,18,17
Alakkiria,ravencrest,1394,priest,discipline,77,38,39
Marllen,twisting-nether,1394,priest,discipline,383,187,196
Fåtkidx,ravencrest,1394,priest,discipline,79,35,44
Kroa,ragnaros,1393,priest,discipline,24,15,9
Nightfearqt,outland,1393,priest,discipline,62,31,31
Littleheal,ghostlands,1393,priest,discipline,49,24,25
Bolflo,khaz-modan,1392,priest,discipline,147,79,68
Arthyria,archimonde,1392,priest,discipline,54,28,26
Shadowsig,silvermoon,1392,priest,discipline,178,91,87
Oxborn,thrall,1392,priest,discipline,95,45,50
Aliciakeys,twilights-hammer,1392,priest,discipline,46,18,28
Skarnir,uldaman,1392,priest,discipline,105,40,65
Xarxis,twisting-nether,1392,priest,discipline,54,20,34
Thaiboimby,veknilash,1391,priest,discipline,110,61,49
Salyisra,draenor,1391,priest,discipline,137,71,66
Exila,rashgarroth,1391,priest,discipline,37,18,19
Animepfp,stormreaver,1391,priest,discipline,140,67,73
Anzil,dun-modr,1391,priest,discipline,146,67,79
Blaçkout,ravencrest,1391,priest,discipline,67,29,38
Pètunia,ravencrest,1390,priest,discipline,356,186,170
Эски,howling-fjord,1390,priest,discipline,94,47,47
Kaémon,twisting-nether,1390,priest,discipline,154,71,83
Zthul,draenor,1390,priest,discipline,39,17,22
Flaskandeux,tarren-mill,1390,priest,discipline,218,87,131
Zombîe,draenor,1390,priest,discipline,42,16,26
Janclod,pozzo-delleternità,1389,priest,discipline,36,25,11
Judine,kazzak,1389,priest,discipline,23,15,8
Paine,pozzo-delleternità,1389,priest,discipline,65,38,27
Youkounkoun,garona,1389,priest,discipline,117,62,55
Сайларс,howling-fjord,1389,priest,discipline,66,32,34
Меинбиг,gordunni,1389,priest,discipline,52,21,31
Fapfapjohn,sylvanas,1389,priest,discipline,41,15,26
Hashoko,draenor,1388,priest,discipline,30,22,8
Aaron,aegwynn,1388,priest,discipline,31,20,11
Amnesztia,ragnaros,1388,priest,discipline,53,28,25
Cheja,ravencrest,1388,priest,discipline,114,60,54
Ruderali,blackmoore,1388,priest,discipline,327,168,159
Уноханагодх,howling-fjord,1388,priest,discipline,92,46,46
Taiyöshin,silvermoon,1388,priest,discipline,106,52,54
Juco,draenor,1388,priest,discipline,36,17,19
Isadian,kazzak,1388,priest,discipline,39,18,21
Dwel,bloodfeather,1388,priest,discipline,41,16,25
Hidr,nemesis,1387,priest,discipline,84,46,38
Vyrá,der-rat-von-dalaran,1386,priest,discipline,27,15,12
Nakali,the-maelstrom,1386,priest,discipline,30,16,14
Grravehheart,kazzak,1386,priest,discipline,85,45,40
Альфреска,gordunni,1386,priest,discipline,94,48,46
Illüminaty,sylvanas,1386,priest,discipline,121,61,60
Pyropenance,twisting-nether,1386,priest,discipline,83,35,48
Гшд,gordunni,1385,priest,discipline,78,43,35
Munchies,scarshield-legion,1385,priest,discipline,54,28,26
Paulina,auchindoun,1385,priest,discipline,36,15,21
Akril,silvermoon,1384,priest,discipline,41,24,17
Atremius,dragonmaw,1384,priest,discipline,54,24,30
Snuffanious,ragnaros,1384,priest,discipline,60,26,34
Borrex,sanguino,1383,priest,discipline,19,16,3
Bynd,blackrock,1383,priest,discipline,24,16,8
Vendormeq,darkspear,1383,priest,discipline,30,16,14
Gïanna,archimonde,1383,priest,discipline,150,75,75
Holynelph,kazzak,1383,priest,discipline,32,16,16
Predpriest,twisting-nether,1383,priest,discipline,43,16,27
Tintapri,aszune,1382,priest,discipline,122,62,60
Aisha,rajaxx,1382,priest,discipline,117,57,60
Radizzel,thrall,1382,priest,discipline,46,20,26
Naïlu,hyjal,1381,priest,discipline,66,38,28
Lekadolplusc,doomhammer,1381,priest,discipline,420,222,198
Jupiter,silvermoon,1381,priest,discipline,193,97,96
Chôrdi,aegwynn,1381,priest,discipline,190,88,102
Cyberlunatic,antonidas,1381,priest,discipline,220,98,122
Dibelo,eredar,1381,priest,discipline,47,20,27
Tiktokdancér,kazzak,1380,priest,discipline,132,72,60
Морисгринх,gordunni,1380,priest,discipline,48,24,24
Knøw,ravencrest,1380,priest,discipline,104,49,55
Lasebeak,ravencrest,1379,priest,discipline,28,17,11
Lucîd,ravencrest,1379,priest,discipline,48,27,21
Lothyf,archimonde,1379,priest,discipline,52,29,23
Micobra,dalaran,1379,priest,discipline,41,22,19
Elderath,eredar,1379,priest,discipline,116,55,61
Phèbz,archimonde,1378,priest,discipline,48,29,19
Vaewyn,ravencrest,1378,priest,discipline,79,42,37
Лимоняшечка,soulflayer,1378,priest,discipline,110,58,52
Keltalador,zuljin,1378,priest,discipline,53,26,27
Streety,nethersturm,1378,priest,discipline,90,43,47
Bubidiblumpr,twisting-nether,1377,priest,discipline,84,47,37
Gangreana,kazzak,1377,priest,discipline,78,42,36
Carnacia,tarren-mill,1376,priest,discipline,84,48,36
Эстрогенс,gordunni,1376,priest,discipline,60,22,38
Wortgottes,blackrock,1375,priest,discipline,52,32,20
Dolifrius,dalaran,1375,priest,discipline,50,30,20
Khai,tarren-mill,1375,priest,discipline,110,60,50
Ompala,shattered-hand,1375,priest,discipline,43,23,20
Skardumi,blackmoore,1375,priest,discipline,52,26,26
Discobrill,silvermoon,1375,priest,discipline,90,38,52
Synteria,gilneas,1375,priest,discipline,78,31,47
Symeria,sylvanas,1374,priest,discipline,78,43,35
Qïx,ravencrest,1374,priest,discipline,45,24,21
Psyfir,outland,1374,priest,discipline,224,117,107
Spiriman,zuljin,1374,priest,discipline,30,15,15
Absórb,quelthalas,1374,priest,discipline,60,28,32
Otheym,the-maelstrom,1374,priest,discipline,39,18,21
Goodwin,draenor,1374,priest,discipline,84,37,47
Санёквиртуоз,soulflayer,1374,priest,discipline,42,16,26
Hydrôlic,blackrock,1373,priest,discipline,36,26,10
Floofz,auchindoun,1373,priest,discipline,41,27,14
Pocketissue,ravencrest,1373,priest,discipline,32,21,11
Bacberon,skullcrusher,1373,priest,discipline,66,39,27
Blackheal,sanguino,1373,priest,discipline,68,29,39
Juliane,trollbane,1373,priest,discipline,90,35,55
Veecna,the-maelstrom,1372,priest,discipline,174,92,82
Majinme,kazzak,1372,priest,discipline,60,31,29
Rabbît,stormscale,1372,priest,discipline,82,42,40
Svevo,ravencrest,1372,priest,discipline,147,71,76
Híppokrates,dethecus,1372,priest,discipline,119,55,64
Hiereia,khadgar,1372,priest,discipline,139,61,78
Geesuz,outland,1372,priest,discipline,39,16,23
Argaar,burning-legion,1371,priest,discipline,88,51,37
Bomzhik,silvermoon,1371,priest,discipline,253,138,115
Zenholy,kazzak,1371,priest,discipline,60,29,31
Скизма,gordunni,1370,priest,discipline,42,25,17
Fireflowers,silvermoon,1370,priest,discipline,132,64,68
Eclaír,blackhand,1370,priest,discipline,42,17,25
Nûwa,draenor,1369,priest,discipline,77,45,32
Иварэкзарх,gordunni,1369,priest,discipline,70,36,34
Черныйсписок,gordunni,1369,priest,discipline,232,117,115
Holypepper,outland,1369,priest,discipline,137,69,68
Lunegrise,archimonde,1369,priest,discipline,60,27,33
Paulinka,auchindoun,1368,priest,discipline,48,19,29
Zászàsmaster,kazzak,1367,priest,discipline,36,21,15
Saiki,sanguino,1367,priest,discipline,52,28,24
Annisa,kazzak,1367,priest,discipline,161,86,75
Joxdox,archimonde,1367,priest,discipline,42,20,22
Aethana,ravencrest,1367,priest,discipline,40,18,22
Speltmor,stormscale,1367,priest,discipline,42,18,24
Burtarul,argent-dawn,1366,priest,discipline,27,16,11
Suchetto,kazzak,1366,priest,discipline,48,25,23
Nattramnone,blackmoore,1366,priest,discipline,40,20,20
Mamaoh,ravencrest,1366,priest,discipline,69,34,35
Minsie,silvermoon,1366,priest,discipline,59,26,33
Valythria,blackhand,1365,priest,discipline,74,38,36
Berrylee,twisting-nether,1365,priest,discipline,61,26,35
Elûnä,ysondre,1364,priest,discipline,340,179,161
Carcaz,blackmoore,1364,priest,discipline,59,27,32
Hidary,ysondre,1364,priest,discipline,67,30,37
Durness,argent-dawn,1363,priest,discipline,84,42,42
Raî,durotan,1363,priest,discipline,48,24,24
Manuba,antonidas,1363,priest,discipline,36,17,19
Øtîs,aegwynn,1363,priest,discipline,38,16,22
Guerilagusto,draenor,1363,priest,discipline,48,20,28
Priszt,arathor,1363,priest,discipline,36,15,21
Poxqt,thrall,1362,priest,discipline,60,36,24
Экспл,lich-king,1362,priest,discipline,28,15,13
ßowforme,aegwynn,1362,priest,discipline,72,38,34
Созвонимся,gordunni,1362,priest,discipline,103,50,53
Xyfas,azshara,1362,priest,discipline,54,25,29
Joniop,stormreaver,1362,priest,discipline,72,33,39
Bjornqt,ragnaros,1362,priest,discipline,86,35,51
Albibak,hyjal,1361,priest,discipline,41,22,19
Dirtydoc,area-52,1361,priest,discipline,66,35,31
Rzpa,blackhand,1361,priest,discipline,93,48,45
Grausami,zuluhed,1361,priest,discipline,48,24,24
Wish,blackmoore,1361,priest,discipline,134,65,69
Krìnzy,illidan,1361,priest,discipline,108,49,59
Liaru,aegwynn,1361,priest,discipline,84,32,52
Darkweed,twilights-hammer,1360,priest,discipline,72,42,30
Carrhyks,archimonde,1360,priest,discipline,108,56,52
Morerespect,lothar,1360,priest,discipline,30,15,15
Zzero,kazzak,1359,priest,discipline,24,16,8
Jazzek,burning-legion,1359,priest,discipline,44,22,22
Dooga,draenor,1359,priest,discipline,30,15,15
Lynû,frostwolf,1359,priest,discipline,54,22,32
Ÿë,stormreaver,1359,priest,discipline,37,15,22
Aykò,blackmoore,1359,priest,discipline,56,20,36
Kenzaiq,aegwynn,1358,priest,discipline,60,31,29
Prellish,draenor,1358,priest,discipline,72,33,39
Priesless,sylvanas,1357,priest,discipline,34,20,14
Shæzè,antonidas,1357,priest,discipline,48,26,22
Простойа,deathguard,1357,priest,discipline,134,71,63
Slasherh,ravencrest,1357,priest,discipline,207,100,107
Libido,outland,1356,priest,discipline,179,96,83
Весенняя,gordunni,1356,priest,discipline,117,57,60
Опрометчивый,soulflayer,1356,priest,discipline,53,24,29
Castpenance,blackrock,1356,priest,discipline,215,96,119
Äkvä,ragnaros,1356,priest,discipline,66,26,40
Deadonmyscrn,ravencrest,1355,priest,discipline,36,29,7
Dànè,defias-brotherhood,1355,priest,discipline,30,21,9
Cntrl,frostmane,1355,priest,discipline,179,95,84
Ilostmybible,runetotem,1355,priest,discipline,52,23,29
Køsi,silvermoon,1355,priest,discipline,42,18,24
Эйвиг,blackscar,1355,priest,discipline,81,34,47
Paterpaisios,kazzak,1355,priest,discipline,54,20,34
Nésha,dun-modr,1354,priest,discipline,41,21,20
Byxoph,sanguino,1354,priest,discipline,95,47,48
Miabelle,argent-dawn,1354,priest,discipline,58,27,31
Evolís,blackmoore,1354,priest,discipline,72,31,41
Idontknow,sanguino,1354,priest,discipline,55,23,32
Sphero,kazzak,1353,priest,discipline,54,30,24
Thrakoun,twilights-hammer,1353,priest,discipline,260,128,132
Solarïah,garona,1352,priest,discipline,32,19,13
Söultaker,ravencrest,1352,priest,discipline,39,23,16
Priestige,spinebreaker,1352,priest,discipline,36,21,15
Cárith,nemesis,1352,priest,discipline,64,35,29
Nerul,twisting-nether,1352,priest,discipline,88,48,40
Adev,drakthul,1352,priest,discipline,71,35,36
Chealsey,thrall,1351,priest,discipline,57,36,21
Shîn,aegwynn,1351,priest,discipline,90,44,46
Brelett,the-maelstrom,1351,priest,discipline,36,16,20
Давалкасвета,gordunni,1351,priest,discipline,74,32,42
Torî,blackrock,1351,priest,discipline,66,26,40
Маимморта,howling-fjord,1350,priest,discipline,72,39,33
Bublies,silvermoon,1349,priest,discipline,43,24,19
Джороко,howling-fjord,1349,priest,discipline,54,30,24
Levy,azuremyst,1349,priest,discipline,37,20,17
Sytawa,blackmoore,1349,priest,discipline,104,55,49
Mércíless,ravencrest,1349,priest,discipline,95,50,45
Anubisones,uldum,1349,priest,discipline,89,43,46
Девственен,soulflayer,1349,priest,discipline,54,26,28
Smilyface,sylvanas,1349,priest,discipline,80,37,43
Jerichó,blackmoore,1348,priest,discipline,58,38,20
Styrbjörn,shattered-hand,1348,priest,discipline,91,48,43
Крашдайс,soulflayer,1348,priest,discipline,115,53,62
Dstars,archimonde,1348,priest,discipline,42,16,26
Gobie,sunstrider,1347,priest,discipline,44,21,23
Greedyaf,stormscale,1347,priest,discipline,101,48,53
Brênos,blackmoore,1346,priest,discipline,29,17,12
Хаварь,gordunni,1346,priest,discipline,134,71,63
Chowhone,archimonde,1346,priest,discipline,142,74,68
Holyfussell,antonidas,1346,priest,discipline,80,38,42
Iamfrosty,draenor,1346,priest,discipline,66,31,35
Chaosxo,draenor,1346,priest,discipline,114,53,61
Kreador,twisting-nether,1346,priest,discipline,84,37,47
Pestaso,shendralar,1345,priest,discipline,54,29,25
Pwjetlifelol,grim-batol,1345,priest,discipline,97,52,45
Brickles,thrall,1345,priest,discipline,48,25,23
Hugeaf,antonidas,1344,priest,discipline,43,27,16
Gothandor,der-rat-von-dalaran,1344,priest,discipline,42,22,20
Дэтметал,grom,1344,priest,discipline,254,127,127
Alz,rashgarroth,1344,priest,discipline,147,71,76
Удзумукец,howling-fjord,1344,priest,discipline,124,57,67
Batsu,hyjal,1344,priest,discipline,94,43,51
Nëw,los-errantes,1343,priest,discipline,24,14,10
Alexsmite,tarren-mill,1343,priest,discipline,24,14,10
Buan,outland,1343,priest,discipline,24,14,10
Зиибак,soulflayer,1343,priest,discipline,38,22,16
Аришвд,gordunni,1343,priest,discipline,50,26,24
Rptr,ravencrest,1342,priest,discipline,18,14,4
Chuckbarry,kazzak,1342,priest,discipline,24,15,9
Boulotpas,hyjal,1342,priest,discipline,142,84,58
Zaradana,tarren-mill,1342,priest,discipline,96,51,45
Soupana,darksorrow,1342,priest,discipline,121,63,58
Amädeuss,tarren-mill,1342,priest,discipline,84,42,42
Xdthe,tarren-mill,1342,priest,discipline,180,86,94
Поднялбабки,deathguard,1342,priest,discipline,36,14,22
Hauntzer,veknilash,1342,priest,discipline,60,23,37
Rukiä,chogall,1341,priest,discipline,24,14,10
Nerfnerf,kazzak,1341,priest,discipline,574,291,283
Zamurak,outland,1341,priest,discipline,112,54,58
Soreboners,stormscale,1341,priest,discipline,30,14,16
Nietzsche,area-52,1341,priest,discipline,128,59,69
Sytrix,frostwolf,1340,priest,discipline,42,29,13
Некроликон,grom,1340,priest,discipline,65,33,32
Cutename,burning-blade,1340,priest,discipline,36,18,18
Fakebob,draenor,1340,priest,discipline,42,20,22
Далайна,galakrond,1340,priest,discipline,36,14,22
Kotipope,silvermoon,1339,priest,discipline,89,51,38
Staatsfeind,blackmoore,1339,priest,discipline,77,44,33
Salzgehalt,antonidas,1339,priest,discipline,152,84,68
Coolestguy,ravencrest,1339,priest,discipline,30,16,14
Casic,blackhand,1338,priest,discipline,18,14,4
Spoc,blackrock,1338,priest,discipline,89,50,39
Батлграунтт,soulflayer,1338,priest,discipline,80,43,37
Slemso,stormscale,1337,priest,discipline,18,14,4
Ginebra,archimonde,1337,priest,discipline,60,35,25
Skelica,ragnaros,1337,priest,discipline,24,14,10
Yaoz,sanguino,1337,priest,discipline,24,14,10
Flickos,twisting-nether,1337,priest,discipline,24,14,10
Tumlaa,ravencrest,1337,priest,discipline,56,31,25
Gimcho,magtheridon,1337,priest,discipline,42,23,19
Артэта,blackscar,1337,priest,discipline,30,16,14
Earnzy,outland,1337,priest,discipline,53,28,25
Îwi,archimonde,1337,priest,discipline,30,14,16
Sariss,ravencrest,1336,priest,discipline,24,14,10
Halysis,chamber-of-aspects,1336,priest,discipline,28,14,14
Lovely,silvermoon,1336,priest,discipline,48,23,25
Fractu,tarren-mill,1336,priest,discipline,36,14,22
Patoon,ravencrest,1335,priest,discipline,18,14,4
Makkesfil,stormscale,1335,priest,discipline,24,14,10
Nestélle,drakthul,1335,priest,discipline,208,107,101
Kojee,blackrock,1335,priest,discipline,48,18,30
Ràthaløs,sanguino,1334,priest,discipline,70,41,29
Злюкыч,gordunni,1334,priest,discipline,120,65,55
Convulsiveq,silvermoon,1334,priest,discipline,317,156,161
Noneedpriest,stormscale,1333,priest,discipline,24,14,10
Memoniia,ravencrest,1333,priest,discipline,48,27,21
Gøðlìke,aegwynn,1333,priest,discipline,121,59,62
Radiance,emeriss,1333,priest,discipline,40,15,25
Teedye,ravencrest,1332,priest,discipline,18,14,4
Fabs,laughing-skull,1332,priest,discipline,28,17,11
Herapeutic,argent-dawn,1331,priest,discipline,53,31,22
Pmake,ravencrest,1331,priest,discipline,24,14,10
Sasabsi,malorne,1331,priest,discipline,54,29,25
Praizejeebus,auchindoun,1331,priest,discipline,42,22,20
Nerfy,tarren-mill,1331,priest,discipline,89,42,47
Miliane,twisting-nether,1331,priest,discipline,30,14,16
Шруня,howling-fjord,1331,priest,discipline,132,57,75
Лакукарача,howling-fjord,1331,priest,discipline,82,34,48
Clergy,hellfire,1330,priest,discipline,108,71,37
Amambo,chamber-of-aspects,1330,priest,discipline,66,38,28
Щявыхилим,howling-fjord,1330,priest,discipline,91,52,39
Happyprocs,dun-modr,1330,priest,discipline,29,15,14
Valaç,turalyon,1330,priest,discipline,149,76,73
Nuph,ravencrest,1330,priest,discipline,62,29,33
Баптисто,gordunni,1329,priest,discipline,24,14,10
Tyog,khazgoroth,1329,priest,discipline,31,16,15
Xieen,outland,1329,priest,discipline,198,100,98
Merkabah,azjolnerub,1329,priest,discipline,48,23,25
Giily,archimonde,1329,priest,discipline,30,14,16
Buszeekk,outland,1328,priest,discipline,40,22,18
Cleancf,blackhand,1328,priest,discipline,250,115,135
Peersh,ahnqiraj,1327,priest,discipline,18,14,4
Arashana,hyjal,1327,priest,discipline,24,15,9
Starnote,auchindoun,1327,priest,discipline,36,18,18
Centaurio,nemesis,1327,priest,discipline,171,84,87
Jimmbosmite,stormscale,1327,priest,discipline,54,26,28
Prinyatel,tarren-mill,1327,priest,discipline,30,14,16
Jävlarottá,ravencrest,1327,priest,discipline,30,14,16
Lanthypriest,hyjal,1327,priest,discipline,30,14,16
Gudrinieks,shattered-halls,1327,priest,discipline,44,20,24
Саня,razuvious,1327,priest,discipline,36,16,20
Nou,aegwynn,1327,priest,discipline,36,14,22
Tigrok,burning-legion,1326,priest,discipline,119,63,56
Esüna,ysondre,1326,priest,discipline,36,19,17
Фрустрациия,soulflayer,1326,priest,discipline,40,21,19
Fathermaxii,stormrage,1325,priest,discipline,35,22,13
Ximenia,eredar,1325,priest,discipline,43,25,18
Seinaruki,emerald-dream,1325,priest,discipline,34,18,16
Baddly,silvermoon,1325,priest,discipline,304,147,157
Zoose,silvermoon,1325,priest,discipline,30,14,16
Skrnz,turalyon,1325,priest,discipline,59,26,33
Nidrana,drakthul,1325,priest,discipline,36,14,22
Índica,stormreaver,1324,priest,discipline,53,33,20
Германий,deathguard,1324,priest,discipline,35,21,14
Chodia,silvermoon,1324,priest,discipline,89,48,41
Kalisy,ravencrest,1324,priest,discipline,52,27,25
Oikus,minahonda,1324,priest,discipline,48,24,24
Kangkong,ravencrest,1324,priest,discipline,33,16,17
Anaalipeura,stormreaver,1324,priest,discipline,84,35,49
Calsote,sanguino,1324,priest,discipline,60,25,35
Snylia,blackrock,1324,priest,discipline,36,14,22
Сендрагон,blackscar,1323,priest,discipline,48,28,20
Reìdood,stormscale,1323,priest,discipline,110,59,51
Орклекарь,soulflayer,1323,priest,discipline,30,16,14
Mukake,burning-legion,1323,priest,discipline,145,74,71
Lexojam,ravencrest,1323,priest,discipline,29,14,15
Bakër,dalaran,1323,priest,discipline,51,23,28
Avengëd,nagrand,1323,priest,discipline,54,24,30
Chilltcaster,blackrock,1323,priest,discipline,38,15,23
Buttafly,archimonde,1322,priest,discipline,42,23,19
Aeo,twisting-nether,1322,priest,discipline,128,67,61
Smålbenör,stormreaver,1322,priest,discipline,63,32,31
Tanjaspano,twisting-nether,1322,priest,discipline,30,14,16
Sqizz,antonidas,1322,priest,discipline,54,24,30
Mercîlezz,eredar,1321,priest,discipline,18,14,4
Katrynax,ravencrest,1321,priest,discipline,191,96,95
Tech,draenor,1321,priest,discipline,36,18,18
Crazyname,outland,1321,priest,discipline,241,119,122
Lenanitro,blackrock,1321,priest,discipline,41,19,22
Ghorfindel,kaelthas,1320,priest,discipline,59,31,28
Nirvánabang,sylvanas,1320,priest,discipline,42,21,21
Выхилютебя,galakrond,1320,priest,discipline,57,27,30
Докторпэйн,howling-fjord,1320,priest,discipline,128,60,68
Punkrockgirl,destromath,1320,priest,discipline,84,39,45
Элизабетшорт,soulflayer,1320,priest,discipline,96,44,52
Disconsick,vashj,1320,priest,discipline,130,50,80
Nygel,kazzak,1319,priest,discipline,75,43,32
Aszneê,proudmoore,1319,priest,discipline,54,28,26
Damnatíon,ravencrest,1318,priest,discipline,18,14,4
Shidori,dalaran,1318,priest,discipline,48,24,24
Марджелла,howling-fjord,1318,priest,discipline,46,22,24
Mandarinee,blackmoore,1318,priest,discipline,190,90,100
Eldrathir,burning-legion,1318,priest,discipline,66,27,39
Babbúb,tarren-mill,1318,priest,discipline,35,14,21
Ødelia,anubarak,1317,priest,discipline,24,15,9
Holydisease,tarren-mill,1317,priest,discipline,24,14,10
Papynou,garona,1317,priest,discipline,24,14,10
Варинган,howling-fjord,1317,priest,discipline,40,21,19
Apeist,outland,1317,priest,discipline,98,51,47
Doncamïllo,blackrock,1317,priest,discipline,59,29,30
Phobica,frostmane,1317,priest,discipline,30,14,16
Nyù,kazzak,1317,priest,discipline,30,14,16
Гандболист,soulflayer,1317,priest,discipline,42,18,24
Varrês,kazzak,1316,priest,discipline,107,46,61
Lizium,kazzak,1316,priest,discipline,42,16,26
Ziaz,the-maelstrom,1315,priest,discipline,58,28,30
Comple,kazzak,1315,priest,discipline,30,14,16
Radulfus,stormrage,1314,priest,discipline,24,14,10
Hewwo,sylvanas,1314,priest,discipline,162,83,79
Aboû,archimonde,1314,priest,discipline,51,26,25
Sçumbåg,sylvanas,1314,priest,discipline,42,17,25
Yugo,outland,1314,priest,discipline,41,15,26
Орбит,blackscar,1314,priest,discipline,54,18,36
Nabira,pozzo-delleternità,1313,priest,discipline,31,21,10
Senorvåc,ravencrest,1313,priest,discipline,149,75,74
Dotctor,ysondre,1312,priest,discipline,67,39,28
Nukksch,antonidas,1312,priest,discipline,271,131,140
Relaxmom,bloodhoof,1312,priest,discipline,30,14,16
Форсибучи,soulflayer,1312,priest,discipline,66,30,36
Kelsy,zuljin,1311,priest,discipline,24,14,10
Yourmann,quelthalas,1311,priest,discipline,78,40,38
Ассарх,lich-king,1311,priest,discipline,78,39,39
Makimaqt,ravencrest,1311,priest,discipline,41,18,23
Lothbruke,twisting-nether,1311,priest,discipline,60,25,35
Svartylol,outland,1310,priest,discipline,60,36,24
Lalola,tarren-mill,1310,priest,discipline,107,59,48
Suzziee,silvermoon,1310,priest,discipline,48,25,23
Violentha,silvermoon,1310,priest,discipline,30,15,15
Snoopqt,dalaran,1310,priest,discipline,100,46,54
Étesech,zuljin,1310,priest,discipline,66,25,41
Akadras,blackmoore,1309,priest,discipline,39,23,16
Empí,sanguino,1309,priest,discipline,42,23,19
Clua,draenor,1309,priest,discipline,66,35,31
Têhïcâ,dun-modr,1309,priest,discipline,74,34,40
Æç,malganis,1308,priest,discipline,53,37,16
Manî,quelthalas,1308,priest,discipline,24,14,10
Khato,rexxar,1308,priest,discipline,63,35,28
Curanders,sanguino,1308,priest,discipline,54,26,28
Эннхэтэуэй,soulflayer,1308,priest,discipline,84,39,45
Alliora,dalaran,1308,priest,discipline,158,68,90
Eowins,blackmoore,1307,priest,discipline,76,40,36
Mirelaw,stormscale,1307,priest,discipline,125,65,60
Zerotorone,stormscale,1306,priest,discipline,24,15,9
Chukapi,stormscale,1306,priest,discipline,54,31,23
Gîpsyjoe,ragnaros,1306,priest,discipline,42,21,21
Grimveil,sylvanas,1306,priest,discipline,53,26,27
Tlc,dragonmaw,1306,priest,discipline,103,50,53
Xelivia,draenor,1306,priest,discipline,185,89,96
Claudefrollo,the-maelstrom,1306,priest,discipline,127,57,70
Juiccyluccy,ravencrest,1306,priest,discipline,35,14,21
Floodey,defias-brotherhood,1306,priest,discipline,36,14,22
Faderken,tarren-mill,1305,priest,discipline,66,42,24
Zergo,karazhan,1305,priest,discipline,94,43,51
Skuhlx,blackrock,1305,priest,discipline,90,39,51
Séfaron,blackmoore,1304,priest,discipline,46,30,16
Подчинись,ashenvale,1304,priest,discipline,172,93,79
Ангеланика,gordunni,1304,priest,discipline,42,22,20
Kutjeskopper,silvermoon,1304,priest,discipline,96,46,50
Fkup,twisting-nether,1302,priest,discipline,36,20,16
Babambaba,sylvanas,1302,priest,discipline,28,15,13
Filtro,eredar,1302,priest,discipline,322,159,163
Appox,amanthul,1302,priest,discipline,36,16,20
Feelmypainn,kazzak,1301,priest,discipline,102,51,51
Genthus,kazzak,1301,priest,discipline,96,47,49
Sephìrøth,malganis,1301,priest,discipline,78,37,41
Quisira,aegwynn,1300,priest,discipline,36,21,15
Curlo,ravencrest,1300,priest,discipline,42,20,22
Хъи,gordunni,1299,priest,discipline,24,16,8
Keimohansio,twisting-nether,1299,priest,discipline,102,57,45
Sykra,magtheridon,1299,priest,discipline,172,91,81
Widöw,cthun,1299,priest,discipline,66,30,36
Рискаль,borean-tundra,1299,priest,discipline,58,26,32
Fatherliam,emerald-dream,1299,priest,discipline,54,24,30
Kidri,kilrogg,1298,priest,discipline,36,20,16
Agorasii,frostwolf,1298,priest,discipline,42,22,20
Voidvania,drakthul,1298,priest,discipline,35,18,17
Chocopríest,blackmoore,1298,priest,discipline,52,25,27
Tiefergelegt,arthas,1298,priest,discipline,30,14,16
Nimuëh,ragnaros,1298,priest,discipline,52,24,28
Lalock,grim-batol,1298,priest,discipline,36,14,22
Quecum,draenor,1297,priest,discipline,42,19,23
Chryses,teldrassil,1297,priest,discipline,69,31,38
Matiagmenh,stormscale,1297,priest,discipline,42,18,24
Шкуропльот,gordunni,1296,priest,discipline,88,46,42
Levimm,turalyon,1296,priest,discipline,159,83,76
Hekro,thrall,1296,priest,discipline,91,46,45
Relöaded,kazzak,1296,priest,discipline,84,34,50
Eloapriest,blackhand,1295,priest,discipline,24,14,10
Nâmîz,blackrock,1295,priest,discipline,27,14,13
Nérôck,frostwolf,1295,priest,discipline,45,22,23
Nøitra,blackrock,1295,priest,discipline,29,14,15
Ciordel,draenor,1295,priest,discipline,59,28,31
Vannax,arygos,1295,priest,discipline,78,35,43
Voidwaffel,blackmoore,1295,priest,discipline,38,17,21
Enduring,darksorrow,1295,priest,discipline,90,39,51
Никорете,soulflayer,1294,priest,discipline,62,34,28
Schlúckunweg,antonidas,1294,priest,discipline,60,27,33
Powerless,blackmoore,1293,priest,discipline,33,22,11
Duaijhutari,outland,1293,priest,discipline,52,30,22
Oohopeoo,blackmoore,1293,priest,discipline,42,23,19
Tritonis,draenor,1293,priest,discipline,41,21,20
Várósh,blackmoore,1293,priest,discipline,63,32,31
Hensynsløs,draenor,1293,priest,discipline,48,24,24
Credor,blackrock,1293,priest,discipline,42,19,23
Smitey,terenas,1292,priest,discipline,162,85,77
Blackchrist,uldum,1292,priest,discipline,113,56,57
Nikotyna,doomhammer,1292,priest,discipline,107,51,56
Onicolla,terokkar,1292,priest,discipline,126,60,66
Khoria,drakthul,1292,priest,discipline,30,14,16
Blondi,darksorrow,1292,priest,discipline,46,20,26
Lighter,dragonblight,1291,priest,discipline,88,55,33
Фурлена,blackscar,1291,priest,discipline,109,56,53
Nashára,defias-brotherhood,1291,priest,discipline,136,66,70
Dotterin,draenor,1291,priest,discipline,180,83,97
Aeternuz,tarren-mill,1291,priest,discipline,73,28,45
Rotzpippn,blackhand,1291,priest,discipline,66,23,43
Viroxian,outland,1290,priest,discipline,62,36,26
Lilycat,silvermoon,1290,priest,discipline,59,32,27
Killerkende,ragnaros,1290,priest,discipline,64,33,31
Phórkys,kazzak,1290,priest,discipline,837,420,417
Aká,kazzak,1290,priest,discipline,48,22,26
Eros,illidan,1290,priest,discipline,42,18,24
Alfaböna,outland,1289,priest,discipline,122,66,56
Navid,ravencrest,1289,priest,discipline,45,24,21
Makariotatos,xavius,1289,priest,discipline,36,19,17
Иванпугачев,soulflayer,1289,priest,discipline,54,23,31
Brainwash,darksorrow,1289,priest,discipline,53,18,35
Henreita,darksorrow,1288,priest,discipline,42,23,19
Ebolaidman,ravencrest,1288,priest,discipline,48,24,24
Ульзана,soulflayer,1288,priest,discipline,54,25,29
Codeincindy,blackhand,1288,priest,discipline,71,29,42
Tristar,nethersturm,1287,priest,discipline,35,19,16
Veýýon,blackmoore,1287,priest,discipline,66,35,31
Biblebabe,tarren-mill,1287,priest,discipline,42,22,20
Nuklash,burning-legion,1287,priest,discipline,57,24,33
Diçkhëad,ravencrest,1286,priest,discipline,103,54,49
Keppas,doomhammer,1286,priest,discipline,81,42,39
Pvpriestess,silvermoon,1286,priest,discipline,162,81,81
Lydrian,argent-dawn,1286,priest,discipline,44,21,23
Sneed,moonglade,1286,priest,discipline,60,22,38
Pulttipiispa,ravencrest,1285,priest,discipline,47,24,23
Битуну,fordragon,1285,priest,discipline,84,40,44
Jaheim,tarren-mill,1285,priest,discipline,75,33,42
Judâspriest,twisting-nether,1284,priest,discipline,42,25,17
Liliashet,sanguino,1284,priest,discipline,69,39,30
Pregrip,twisting-nether,1284,priest,discipline,236,116,120
Ruîzz,sanguino,1284,priest,discipline,176,84,92
Ufos,stormscale,1284,priest,discipline,62,25,37
Тэвиель,gordunni,1284,priest,discipline,90,36,54
Azazzel,nathrezim,1284,priest,discipline,36,14,22
Feriant,argent-dawn,1283,priest,discipline,53,31,22
Ghøstyx,blackrock,1283,priest,discipline,83,42,41
Flayin,kazzak,1282,priest,discipline,51,26,25
Mynameisebe,twisting-nether,1282,priest,discipline,42,18,24
Gilfir,stormscale,1282,priest,discipline,71,29,42
Glärë,burning-legion,1281,priest,discipline,81,50,31
Jimmyhoffa,stormscale,1281,priest,discipline,54,32,22
Nioubèy,archimonde,1281,priest,discipline,41,24,17
Mcnuuggets,ravencrest,1281,priest,discipline,28,16,12
Skyggepraest,stormscale,1281,priest,discipline,44,24,20
Makrophage,mannoroth,1281,priest,discipline,28,15,13
Goldenapples,ravencrest,1281,priest,discipline,54,28,26
Déspaír,silvermoon,1281,priest,discipline,197,100,97
Fixyou,aggra-português,1281,priest,discipline,120,60,60
Инстенли,howling-fjord,1281,priest,discipline,60,25,35
Superfelyn,ragnaros,1280,priest,discipline,51,27,24
Miralou,ravencrest,1280,priest,discipline,446,231,215
Olereo,blackhand,1280,priest,discipline,84,39,45
Alexnator,malganis,1280,priest,discipline,60,26,34
Purityn,blackhand,1280,priest,discipline,42,14,28
Ûbér,darksorrow,1279,priest,discipline,28,15,13
Доминантрикс,soulflayer,1279,priest,discipline,67,34,33
Extralite,stormscale,1279,priest,discipline,48,24,24
Elasund,silvermoon,1279,priest,discipline,30,15,15
Gagai,ravencrest,1279,priest,discipline,36,14,22
Vzã,krasus,1278,priest,discipline,74,37,37
Jokaël,ysondre,1278,priest,discipline,114,48,66
Kïmbo,kazzak,1278,priest,discipline,65,26,39
Spaghettoni,tarren-mill,1278,priest,discipline,35,14,21
Ilvia,antonidas,1277,priest,discipline,28,19,9
Freshpope,ravencrest,1277,priest,discipline,53,31,22
Selenar,neptulon,1277,priest,discipline,60,35,25
Плут,blackscar,1277,priest,discipline,48,28,20
Токсичка,howling-fjord,1277,priest,discipline,36,19,17
Aíushtha,frostmane,1277,priest,discipline,126,65,61
Svartochelak,stormscale,1277,priest,discipline,48,19,29
Pändöræ,archimonde,1277,priest,discipline,54,18,36
Juhduss,tarren-mill,1276,priest,discipline,35,20,15
Скорлупкина,gordunni,1276,priest,discipline,47,26,21
Fullymetalz,defias-brotherhood,1276,priest,discipline,64,34,30
Оуаы,soulflayer,1276,priest,discipline,141,73,68
Asuriyan,ravenholdt,1276,priest,discipline,69,34,35
Zenoo,argent-dawn,1275,priest,discipline,36,22,14
Sinnzz,ysondre,1275,priest,discipline,30,14,16
Yinyangyø,eredar,1275,priest,discipline,36,16,20
Jeanpipe,khaz-modan,1274,priest,discipline,29,21,8
Capriestun,hellfire,1274,priest,discipline,34,20,14
Jezlung,frostmane,1274,priest,discipline,105,59,46
Топчикс,gordunni,1274,priest,discipline,100,51,49
Harume,argent-dawn,1273,priest,discipline,24,14,10
Aladorius,la-croisade-écarlate,1273,priest,discipline,52,28,24
Æternadead,nemesis,1273,priest,discipline,185,94,91
Voidjutsu,draenor,1273,priest,discipline,182,92,90
Vedina,bronze-dragonflight,1273,priest,discipline,96,46,50
Nuvie,ravencrest,1273,priest,discipline,60,28,32
Koskice,moonglade,1272,priest,discipline,18,15,3
Zolfiqar,tarren-mill,1272,priest,discipline,30,22,8
Styleexdd,ragnaros,1272,priest,discipline,74,40,34
Overshadowed,kazzak,1272,priest,discipline,175,80,95
Имудонка,gordunni,1272,priest,discipline,48,18,30
Пристяо,howling-fjord,1271,priest,discipline,42,26,16
Fùkøff,stormscale,1271,priest,discipline,44,24,20
Асади,gordunni,1271,priest,discipline,112,57,55
Filit,hyjal,1271,priest,discipline,36,15,21
Jerolol,sanguino,1271,priest,discipline,80,33,47
Skarn,blackmoore,1270,priest,discipline,48,31,17
Mishas,draenor,1270,priest,discipline,42,24,18
Drsmort,blackrock,1270,priest,discipline,90,47,43
Priestpvp,dun-modr,1270,priest,discipline,77,38,39
Вестайс,gordunni,1270,priest,discipline,87,41,46
Zùt,ysondre,1269,priest,discipline,48,28,20
Holycowheals,the-maelstrom,1269,priest,discipline,119,67,52
Outcast,korgall,1269,priest,discipline,60,30,30
Haligato,archimonde,1269,priest,discipline,106,51,55
Mallkie,ysondre,1268,priest,discipline,36,21,15
Buzzingg,tarren-mill,1268,priest,discipline,65,36,29
Cherrycat,doomhammer,1268,priest,discipline,71,36,35
Дюрэкс,soulflayer,1268,priest,discipline,48,22,26
Vokuheala,tarren-mill,1267,priest,discipline,35,20,15
Howaya,la-croisade-écarlate,1267,priest,discipline,78,42,36
Holyswift,dun-morogh,1267,priest,discipline,179,95,84
Talbädar,draenor,1267,priest,discipline,32,16,16
Holyschidt,amanthul,1267,priest,discipline,415,205,210
Rodshun,dun-modr,1267,priest,discipline,146,67,79
Пофанчику,gordunni,1266,priest,discipline,58,27,31
Amaloo,ravencrest,1266,priest,discipline,66,29,37
Blagovesta,ravencrest,1266,priest,discipline,42,14,28
Bilgecan,silvermoon,1265,priest,discipline,37,23,14
Мидэрка,howling-fjord,1265,priest,discipline,108,55,53
Pl,sunstrider,1265,priest,discipline,48,24,24
Hêsêkiêl,eredar,1265,priest,discipline,48,23,25
Carlolol,blackmoore,1265,priest,discipline,58,25,33
Cezzar,kazzak,1264,priest,discipline,23,14,9
Shadowpeste,aggra-português,1264,priest,discipline,156,86,70
Maylà,aegwynn,1264,priest,discipline,106,43,63
Levinson,zuljin,1263,priest,discipline,96,54,42
Palitox,kazzak,1263,priest,discipline,54,30,24
Акктуальная,deepholm,1263,priest,discipline,54,28,26
Yante,ragnaros,1263,priest,discipline,75,38,37
Stígmata,sanguino,1263,priest,discipline,72,35,37
Kaktosz,ragnaros,1263,priest,discipline,66,26,40
Deneye,thunderhorn,1262,priest,discipline,90,52,38
Drioz,ysondre,1262,priest,discipline,134,74,60
Дайбчик,gordunni,1261,priest,discipline,74,42,32
Dinma,argent-dawn,1261,priest,discipline,207,110,97
Rhåenyra,ravencrest,1260,priest,discipline,36,23,13
Kijul,ragnaros,1260,priest,discipline,41,21,20
Virgosenpai,silvermoon,1260,priest,discipline,57,28,29
Euphorius,blackmoore,1260,priest,discipline,66,32,34
Liasanya,kelthuzad,1259,priest,discipline,30,18,12
Dùsty,archimonde,1259,priest,discipline,30,16,14
Shomäre,ysondre,1259,priest,discipline,72,38,34
Lílíana,thrall,1259,priest,discipline,76,37,39
Popelings,twisting-nether,1259,priest,discipline,54,20,34
Evangíline,stormreaver,1258,priest,discipline,29,16,13
Luxumbra,quelthalas,1258,priest,discipline,39,15,24
Аэрэта,deathguard,1257,priest,discipline,60,36,24
Flokz,archimonde,1257,priest,discipline,24,14,10
Rog,norgannon,1257,priest,discipline,30,17,13
Añgêl,ravencrest,1257,priest,discipline,195,99,96
Blasfemo,nemesis,1257,priest,discipline,30,14,16
Jordí,darkspear,1257,priest,discipline,191,88,103
Piitixd,burning-legion,1257,priest,discipline,48,22,26
Øwlsoo,confrérie-du-thorium,1256,priest,discipline,136,70,66
Brach,nazjatar,1255,priest,discipline,90,47,43
Shieldyblaze,frostwolf,1255,priest,discipline,125,64,61
Marylin,senjin,1255,priest,discipline,225,112,113
Míllerzz,ragnaros,1255,priest,discipline,54,22,32
Praystatîon,dragonblight,1254,priest,discipline,132,80,52
Brunestùd,pozzo-delleternità,1254,priest,discipline,83,45,38
Verrottênd,frostwolf,1254,priest,discipline,100,44,56
Mournus,defias-brotherhood,1253,priest,discipline,47,35,12
Buckless,kazzak,1253,priest,discipline,30,17,13
Isoris,hyjal,1253,priest,discipline,34,18,16
Одинокаягора,gordunni,1253,priest,discipline,72,36,36
Enerpriest,ysondre,1253,priest,discipline,42,21,21
Slitenprest,kazzak,1252,priest,discipline,42,24,18
Стиллх,blackscar,1252,priest,discipline,48,24,24
Torcena,garrosh,1252,priest,discipline,48,16,32
Shaydi,todeswache,1251,priest,discipline,24,18,6
Kelras,grim-batol,1251,priest,discipline,104,63,41
Elyradp,dun-modr,1251,priest,discipline,78,43,35
Pindakong,dragonblight,1251,priest,discipline,55,28,27
Даркфолс,soulflayer,1251,priest,discipline,59,30,29
Fericul,argent-dawn,1251,priest,discipline,126,62,64
Eksel,silvermoon,1251,priest,discipline,72,33,39
Triksas,sylvanas,1250,priest,discipline,66,42,24
Pixelpriest,argent-dawn,1250,priest,discipline,86,54,32
Nicku,nerathor,1250,priest,discipline,32,17,15
Vempress,neptulon,1250,priest,discipline,79,41,38
Seneth,twisting-nether,1250,priest,discipline,35,15,20
Lzmad,archimonde,1249,priest,discipline,60,34,26
Arenarooky,eredar,1249,priest,discipline,42,22,20
Suprenext,draenor,1248,priest,discipline,24,13,11
Mazikeen,stormscale,1248,priest,discipline,24,13,11
Dpxd,tarren-mill,1248,priest,discipline,36,16,20
Møldark,silvermoon,1248,priest,discipline,146,63,83
Stmichael,silvermoon,1248,priest,discipline,38,15,23
Møelester,antonidas,1247,priest,discipline,18,13,5
Niíall,skullcrusher,1247,priest,discipline,18,13,5
Lánî,blackmoore,1247,priest,discipline,20,13,7
Zathada,twisting-nether,1247,priest,discipline,30,19,11
Swdömmel,aegwynn,1247,priest,discipline,24,13,11
Krokkete,hyjal,1247,priest,discipline,24,13,11
Sissi,blackmoore,1247,priest,discipline,114,54,60
Iluras,thunderhorn,1247,priest,discipline,30,14,16
Garie,thrall,1247,priest,discipline,80,35,45
Эсминза,gordunni,1247,priest,discipline,30,13,17
Lasyran,outland,1247,priest,discipline,30,13,17
Xourin,blackrock,1247,priest,discipline,34,14,20
Ørrak,hyjal,1246,priest,discipline,24,14,10
Джастха,soulflayer,1246,priest,discipline,24,13,11
Exola,outland,1246,priest,discipline,24,13,11
Bottom,blackmoore,1246,priest,discipline,24,13,11
Hardloker,ravencrest,1246,priest,discipline,90,40,50
Quepimquepam,tarren-mill,1246,priest,discipline,41,18,23
Ishkà,stormscale,1246,priest,discipline,30,13,17
Arklim,burning-blade,1246,priest,discipline,80,32,48
Deliâz,aegwynn,1246,priest,discipline,36,14,22
Kitågåwå,ravencrest,1245,priest,discipline,18,13,5
Педаньтяйка,gordunni,1245,priest,discipline,264,148,116
Yllaenia,twisting-nether,1245,priest,discipline,24,13,11
Mindhøven,veklor,1245,priest,discipline,24,13,11
Умом,gordunni,1245,priest,discipline,30,13,17
Prestigé,vashj,1245,priest,discipline,30,13,17
Drïxit,illidan,1245,priest,discipline,36,13,23
Undeadpriest,aegwynn,1245,priest,discipline,36,13,23
Theycmedotin,blackhand,1245,priest,discipline,42,13,29
Hotdog,kult-der-verdammten,1244,priest,discipline,30,17,13
Kovács,tarren-mill,1244,priest,discipline,105,59,46
Teirok,ambossar,1244,priest,discipline,114,61,53
Amanojaku,archimonde,1244,priest,discipline,36,16,20
Decimerad,kazzak,1244,priest,discipline,30,13,17
Doombrew,blackmoore,1244,priest,discipline,30,13,17
Tackerjoè,eredar,1244,priest,discipline,48,20,28
Шадоухоррор,gordunni,1244,priest,discipline,57,23,34
Takeoff,dun-morogh,1243,priest,discipline,36,23,13
Tjackballé,tarren-mill,1243,priest,discipline,24,13,11
Новокшан,soulflayer,1243,priest,discipline,45,23,22
Wärtheur,sanguino,1243,priest,discipline,208,101,107
Hurtless,ravencrest,1243,priest,discipline,33,13,20
Negcntsm,aegwynn,1242,priest,discipline,47,27,20
Gumer,antonidas,1242,priest,discipline,24,13,11
Shadowburst,archimonde,1242,priest,discipline,24,13,11
Мсикатана,gordunni,1242,priest,discipline,24,13,11
Jessijones,gorgonnash,1242,priest,discipline,24,13,11
Zofa,sunstrider,1242,priest,discipline,62,29,33
Rrdisc,kazzak,1242,priest,discipline,69,31,38
Дцевгений,gordunni,1242,priest,discipline,36,13,23
Romero,sylvanas,1241,priest,discipline,18,13,5
Akeejprix,ravencrest,1241,priest,discipline,24,13,11
Deyxq,lothar,1241,priest,discipline,24,13,11
Mediumheals,tarren-mill,1241,priest,discipline,131,64,67
Disconight,kazzak,1241,priest,discipline,30,13,17
Valyreon,outland,1241,priest,discipline,42,13,29
Eustâche,suramar,1240,priest,discipline,18,13,5
Floory,twisting-nether,1240,priest,discipline,211,105,106
Æzy,burning-blade,1240,priest,discipline,54,26,28
Qoryn,ravencrest,1240,priest,discipline,30,13,17
Dartheon,twisting-nether,1240,priest,discipline,101,43,58
Aptz,twisting-nether,1240,priest,discipline,36,13,23
Rmp,stormscale,1240,priest,discipline,39,13,26
Madreöscura,cthun,1239,priest,discipline,75,32,43
Mamasmilk,draenor,1238,priest,discipline,40,25,15
Курумничек,gordunni,1238,priest,discipline,29,18,11
Lanfear,shadowsong,1238,priest,discipline,24,13,11
Fxd,talnivarr,1238,priest,discipline,24,13,11
Apèx,blackrock,1238,priest,discipline,78,40,38
Türapea,draenor,1238,priest,discipline,122,61,61
Moonsalt,doomhammer,1238,priest,discipline,36,17,19
Crop,nemesis,1238,priest,discipline,54,21,33
Rashyd,sylvanas,1237,priest,discipline,54,34,20
Mandible,aggramar,1237,priest,discipline,42,26,16
Tephutes,ravencrest,1237,priest,discipline,27,14,13
Zerula,outland,1237,priest,discipline,248,127,121
Holydoughnut,stormscale,1237,priest,discipline,54,25,29
Sazo,drakthul,1237,priest,discipline,38,16,22
Djchinoix,archimonde,1236,priest,discipline,18,13,5
Myrmeen,silvermoon,1236,priest,discipline,151,76,75
Héntai,argent-dawn,1236,priest,discipline,30,15,15
Sahu,kult-der-verdammten,1236,priest,discipline,44,21,23
Bldnl,ragnaros,1236,priest,discipline,49,22,27
Hélgå,kazzak,1236,priest,discipline,30,13,17
Crazypablito,burning-legion,1236,priest,discipline,59,25,34
Velix,outland,1235,priest,discipline,18,13,5
Jyncs,auchindoun,1235,priest,discipline,54,32,22
Jbte,silvermoon,1235,priest,discipline,102,57,45
Smellypecker,argent-dawn,1235,priest,discipline,42,22,20
Discovery,aggra-português,1235,priest,discipline,54,28,26
Щакактрахнем,gordunni,1235,priest,discipline,132,63,69
Mivale,aszune,1234,priest,discipline,26,15,11
Housty,chamber-of-aspects,1234,priest,discipline,24,13,11
Perimortal,norgannon,1234,priest,discipline,63,31,32
Аматури,soulflayer,1234,priest,discipline,30,13,17
Brøwney,blackmoore,1234,priest,discipline,48,19,29
Divaz,eredar,1234,priest,discipline,48,18,30
Maetena,archimonde,1233,priest,discipline,30,18,12
Angusbeêf,blackrock,1233,priest,discipline,272,138,134
Soehzz,khaz-modan,1233,priest,discipline,90,45,45
Самурайко,booty-bay,1233,priest,discipline,48,21,27
Pretee,nemesis,1233,priest,discipline,30,13,17
Anotherlife,stormscale,1232,priest,discipline,18,13,5
Felanris,blackmoore,1232,priest,discipline,42,26,16
Neytirinqt,doomhammer,1232,priest,discipline,108,56,52
Glaces,archimonde,1232,priest,discipline,47,24,23
Зашохэйт,soulflayer,1232,priest,discipline,47,23,24
Janinw,sylvanas,1232,priest,discipline,30,13,17
Samtig,malganis,1232,priest,discipline,57,23,34
Nogz,rashgarroth,1231,priest,discipline,56,34,22
Akingodxz,twisting-nether,1231,priest,discipline,24,13,11
Galilea,sanguino,1231,priest,discipline,24,13,11
Barracuda,burning-legion,1231,priest,discipline,121,62,59
Monstretpr,dragonblight,1231,priest,discipline,30,13,17
Whiteshadöw,archimonde,1231,priest,discipline,66,25,41
Rqx,stormscale,1230,priest,discipline,23,13,10
Lucianßk,sanguino,1230,priest,discipline,48,27,21
Asnur,argent-dawn,1230,priest,discipline,48,24,24
Drtickomaru,drakthul,1230,priest,discipline,38,19,19
Gibbons,chogall,1230,priest,discipline,30,13,17
Darkheall,sanguino,1230,priest,discipline,81,35,46
Aroghul,eredar,1230,priest,discipline,108,46,62
Omnissiiah,silvermoon,1230,priest,discipline,42,14,28
Héternel,ysondre,1229,priest,discipline,80,39,41
Taiz,los-errantes,1229,priest,discipline,36,14,22
Пенансиня,gordunni,1229,priest,discipline,36,13,23
Deathstrike,blackrock,1228,priest,discipline,36,15,21
Felerman,kazzak,1228,priest,discipline,36,13,23
Compact,blackrock,1228,priest,discipline,48,15,33
Holybestie,eredar,1227,priest,discipline,30,18,12
Мазка,galakrond,1227,priest,discipline,54,23,31
Bòóni,ravencrest,1226,priest,discipline,18,13,5
Фрит,lich-king,1226,priest,discipline,99,53,46
Seum,ravencrest,1226,priest,discipline,92,48,44
Gacoo,silvermoon,1226,priest,discipline,150,70,80
Pugnatorius,archimonde,1226,priest,discipline,51,23,28
Vishnia,defias-brotherhood,1226,priest,discipline,52,22,30
Aquillon,outland,1225,priest,discipline,24,13,11
Mcbooee,outland,1225,priest,discipline,60,32,28
Netomv,kazzak,1225,priest,discipline,41,21,20
Duem,kazzak,1225,priest,discipline,54,27,27
Iskáral,frostmourne,1225,priest,discipline,72,22,50
Saat,dalaran,1224,priest,discipline,32,21,11
Baglet,ravencrest,1224,priest,discipline,24,13,11
Chuwbakka,kazzak,1224,priest,discipline,100,53,47
Drennaria,draenor,1224,priest,discipline,65,31,34
Therezzer,burning-legion,1224,priest,discipline,36,16,20
Prodan,frostmane,1223,priest,discipline,66,37,29
Stambuff,ragnaros,1223,priest,discipline,24,13,11
Ästûr,sanguino,1223,priest,discipline,84,43,41
Bangrinu,chamber-of-aspects,1223,priest,discipline,51,23,28
Miraev,argent-dawn,1223,priest,discipline,30,13,17
Elenyel,thunderhorn,1222,priest,discipline,18,13,5
Dazé,ravencrest,1222,priest,discipline,60,43,17
Dosentti,ragnaros,1222,priest,discipline,24,14,10
Nswqt,kazzak,1222,priest,discipline,44,25,19
Csiillux,ragnaros,1222,priest,discipline,42,22,20
Imda,ravencrest,1222,priest,discipline,30,13,17
Дракулесса,gordunni,1221,priest,discipline,63,31,32
Sinatra,sylvanas,1221,priest,discipline,41,18,23
Сегуната,howling-fjord,1221,priest,discipline,36,13,23
Stigy,auchindoun,1220,priest,discipline,120,62,58
Vès,stormscale,1220,priest,discipline,72,37,35
Aerosoll,drakthul,1220,priest,discipline,42,21,21
Æisa,blackmoore,1220,priest,discipline,48,23,25
Obeliskprist,kazzak,1220,priest,discipline,36,16,20
Myskou,ragnaros,1219,priest,discipline,18,16,2
Hopsalopsa,argent-dawn,1219,priest,discipline,18,13,5
Holyrage,frostwhisper,1219,priest,discipline,24,13,11
Карнотит,howling-fjord,1219,priest,discipline,180,82,98
Bigfnatlund,silvermoon,1219,priest,discipline,41,18,23
Elusivv,blackhand,1219,priest,discipline,30,13,17
Скумизарг,gordunni,1219,priest,discipline,30,13,17
Arasos,drakthul,1218,priest,discipline,47,33,14
Джейнкелли,borean-tundra,1218,priest,discipline,210,119,91
Xghazo,sylvanas,1218,priest,discipline,45,25,20
Talonjean,conseil-des-ombres,1218,priest,discipline,24,13,11
Лолиэль,soulflayer,1218,priest,discipline,63,34,29
Монесса,howling-fjord,1218,priest,discipline,68,32,36
Залупский,gordunni,1218,priest,discipline,41,19,22
Дэкспрут,soulflayer,1218,priest,discipline,30,13,17
Shadowhawke,argent-dawn,1218,priest,discipline,35,15,20
Rickermortis,defias-brotherhood,1218,priest,discipline,47,19,28
Odysseuz,nazjatar,1217,priest,discipline,24,16,8
Bzets,jaedenar,1217,priest,discipline,77,45,32
Eremit,silvermoon,1217,priest,discipline,115,58,57
Allotment,silvermoon,1217,priest,discipline,48,24,24
Attenna,ravencrest,1217,priest,discipline,81,34,47
Nìak,ysondre,1217,priest,discipline,100,39,61
Tiïnstrument,khaz-modan,1216,priest,discipline,46,27,19
Капляболи,gordunni,1216,priest,discipline,51,28,23
Mukkin,tarren-mill,1216,priest,discipline,26,13,13
Osyrîss,garona,1216,priest,discipline,30,13,17
Xail,blackrock,1216,priest,discipline,54,23,31
Templanzaa,cthun,1215,priest,discipline,30,18,12
Rngq,burning-blade,1215,priest,discipline,23,13,10
Pleistras,magtheridon,1215,priest,discipline,198,109,89
Patoroch,terokkar,1215,priest,discipline,48,26,22
Elfdarkholme,stormscale,1215,priest,discipline,48,26,22
Nøheall,ysondre,1215,priest,discipline,144,64,80
Shadoomed,kazzak,1215,priest,discipline,72,29,43
Feydottir,draenor,1214,priest,discipline,36,19,17
Prstenskråka,ragnaros,1214,priest,discipline,36,19,17
Valnaya,draenor,1214,priest,discipline,146,77,69
Healsquad,draenor,1214,priest,discipline,106,53,53
Isore,culte-de-la-rive-noire,1214,priest,discipline,175,84,91
Аквариусс,gordunni,1214,priest,discipline,94,45,49
Флэнсер,soulflayer,1214,priest,discipline,276,131,145
Roosy,malganis,1214,priest,discipline,41,16,25
Noroelle,drakthul,1213,priest,discipline,36,23,13
Firstkiss,rexxar,1213,priest,discipline,54,31,23
Nymrasus,ravencrest,1213,priest,discipline,24,13,11
Sandaal,drakthul,1213,priest,discipline,72,36,36
Jessrabbit,drakthul,1213,priest,discipline,38,19,19
Littleabs,the-maelstrom,1213,priest,discipline,77,38,39
Antiexhile,kazzak,1213,priest,discipline,41,20,21
Lãwh,hyjal,1213,priest,discipline,89,43,46
Gutfroy,conseil-des-ombres,1212,priest,discipline,28,17,11
Imbadancer,turalyon,1212,priest,discipline,78,42,36
Gsync,drakthul,1211,priest,discipline,24,13,11
Allisandre,hellscream,1211,priest,discipline,30,15,15
Ðøð,dalaran,1210,priest,discipline,54,33,21
Nixxaa,drakthul,1210,priest,discipline,36,16,20
Swaggerboy,alakir,1210,priest,discipline,41,13,28
Rizeup,darksorrow,1209,priest,discipline,44,29,15
Jeuwls,argent-dawn,1209,priest,discipline,121,64,57
Whitehusky,antonidas,1209,priest,discipline,42,21,21
Yojoyo,draenor,1209,priest,discipline,183,87,96
Vèrcs,silvermoon,1209,priest,discipline,30,14,16
Thimble,blackhand,1209,priest,discipline,37,17,20
Iømÿnudir,archimonde,1208,priest,discipline,115,57,58
Satzuki,sylvanas,1207,priest,discipline,23,13,10
Confess,archimonde,1207,priest,discipline,36,20,16
Voodoo,the-maelstrom,1207,priest,discipline,24,13,11
Dúréx,sanguino,1207,priest,discipline,39,19,20
Nëophytë,zuljin,1207,priest,discipline,72,35,37
Healyourmum,stormscale,1207,priest,discipline,120,57,63
Жрицазла,soulflayer,1207,priest,discipline,60,28,32
Petitcaca,outland,1207,priest,discipline,99,45,54
Garevar,antonidas,1207,priest,discipline,30,13,17
Joebando,ravencrest,1206,priest,discipline,86,43,43
Thyrandis,dragonblight,1206,priest,discipline,34,14,20
Smooky,arakarahm,1206,priest,discipline,56,22,34
Nostramo,kirin-tor,1206,priest,discipline,54,19,35
Nethenielle,malganis,1205,priest,discipline,42,20,22
Texstil,blackmoore,1205,priest,discipline,30,14,16
Norlyset,silvermoon,1205,priest,discipline,102,46,56
Deshaz,tarren-mill,1205,priest,discipline,64,26,38
Julianpriest,nethersturm,1205,priest,discipline,58,17,41
Linara,frostmane,1204,priest,discipline,18,13,5
Asolan,drakthul,1204,priest,discipline,192,98,94
Crazyhemsire,twisting-nether,1203,priest,discipline,30,19,11
Nazo,sylvanas,1203,priest,discipline,83,46,37
Novilas,thrall,1203,priest,discipline,42,21,21
Werita,frostmane,1203,priest,discipline,122,54,68
Мерсициглер,gordunni,1203,priest,discipline,36,14,22
Umbraya,blackhand,1203,priest,discipline,78,26,52
Beaglep,blackrock,1203,priest,discipline,53,13,40
Calah,frostwhisper,1202,priest,discipline,36,13,23
Pontifex,baelgun,1201,priest,discipline,126,73,53
Xyrël,blackrock,1200,priest,discipline,24,13,11
Mädmän,draenor,1200,priest,discipline,84,45,39
Pasalacabra,zuljin,1200,priest,discipline,30,15,15
Perdítá,thrall,1200,priest,discipline,219,107,112
Dementzia,argent-dawn,1200,priest,discipline,89,43,46
Balhlin,argent-dawn,1200,priest,discipline,88,38,50
Мегаствол,howling-fjord,1200,priest,discipline,66,28,38
Saru,uldaman,1199,priest,discipline,70,38,32
Leprie,draenor,1199,priest,discipline,39,15,24
Dotsin,kazzak,1198,priest,discipline,277,138,139
Manita,archimonde,1197,priest,discipline,26,15,11
Arwen,azjolnerub,1197,priest,discipline,72,38,34
Astraniaa,blackmoore,1197,priest,discipline,54,24,30
Celina,quelthalas,1197,priest,discipline,42,13,29
Ksiadzrydzyk,draenor,1196,priest,discipline,42,23,19
Sisdenna,doomhammer,1196,priest,discipline,272,141,131
Sacerfull,sanguino,1196,priest,discipline,100,46,54
Wynkx,zuljin,1196,priest,discipline,66,24,42
Äncient,ragnaros,1195,priest,discipline,60,28,32
Eník,blackrock,1195,priest,discipline,85,39,46
Raptichou,hyjal,1194,priest,discipline,24,14,10
Bicepvein,sylvanas,1193,priest,discipline,21,13,8
Barbiemeth,silvermoon,1193,priest,discipline,198,95,103
Kiropap,silvermoon,1193,priest,discipline,103,47,56
Ahgnus,silvermoon,1193,priest,discipline,66,28,38
Pure,kazzak,1192,priest,discipline,24,14,10
Lyim,stormscale,1192,priest,discipline,23,13,10
Kiieevv,blackrock,1192,priest,discipline,230,111,119
Якакиисус,gordunni,1192,priest,discipline,136,65,71
Achillesheal,alakir,1192,priest,discipline,30,13,17
Kínson,the-maelstrom,1191,priest,discipline,73,41,32
Xakala,cthun,1191,priest,discipline,93,52,41
Príester,rexxar,1191,priest,discipline,70,38,32
Elronmcbông,ravencrest,1191,priest,discipline,72,32,40
Salves,blackmoore,1190,priest,discipline,53,24,29
Uro,tirion,1190,priest,discipline,41,14,27
Kochepri,archimonde,1189,priest,discipline,42,22,20
Zabajona,burning-legion,1189,priest,discipline,48,22,26
Megalodön,draenor,1187,priest,discipline,45,17,28
Oversole,kazzak,1186,priest,discipline,30,13,17
Lillthya,kazzak,1186,priest,discipline,58,24,34
Søs,eldrethalas,1185,priest,discipline,66,38,28
Devîlcry,nordrassil,1184,priest,discipline,96,55,41
Ticklebell,ravencrest,1184,priest,discipline,267,138,129
Obito,outland,1183,priest,discipline,23,13,10
Freezydot,silvermoon,1183,priest,discipline,87,49,38
Sickz,blackrock,1183,priest,discipline,42,15,27
Камшотхил,gordunni,1182,priest,discipline,70,38,32
Малмортис,soulflayer,1182,priest,discipline,60,32,28
Тварьгосподя,gordunni,1182,priest,discipline,356,173,183
Holydörte,aegwynn,1182,priest,discipline,99,47,52
Wyroofear,ragnaros,1182,priest,discipline,29,13,16
Výra,der-rat-von-dalaran,1182,priest,discipline,32,13,19
Taili,ysondre,1182,priest,discipline,38,14,24
Adeeva,ravencrest,1181,priest,discipline,87,50,37
Ysharg,sinstralis,1181,priest,discipline,24,13,11
Dezriah,tarren-mill,1181,priest,discipline,157,81,76
Praywingsebb,nazjatar,1181,priest,discipline,30,14,16
Zellia,frostmane,1181,priest,discipline,106,49,57
Swtt,sanguino,1180,priest,discipline,84,41,43
Unleet,sylvanas,1180,priest,discipline,75,36,39
Fleamana,stormscale,1180,priest,discipline,72,31,41
Dopemine,ragnaros,1179,priest,discipline,36,18,18
Kenton,ysondre,1179,priest,discipline,30,14,16
Medycus,blackrock,1179,priest,discipline,60,25,35
Zranda,magtheridon,1178,priest,discipline,90,42,48
Wandéline,arathi,1178,priest,discipline,71,30,41
Riseandshine,draenor,1178,priest,discipline,36,15,21
Jaimeê,der-rat-von-dalaran,1177,priest,discipline,31,16,15
Nnaoy,ysondre,1177,priest,discipline,26,13,13
Whitepitch,doomhammer,1177,priest,discipline,89,39,50
Zentro,turalyon,1177,priest,discipline,79,34,45
Шуали,grom,1176,priest,discipline,54,28,26
Vrêth,blackmoore,1176,priest,discipline,39,15,24
Fimor,die-nachtwache,1175,priest,discipline,48,26,22
Susee,nozdormu,1175,priest,discipline,39,18,21
Вартэг,blackscar,1175,priest,discipline,36,13,23
Скорояпомощь,gordunni,1174,priest,discipline,107,58,49
Loetharion,archimonde,1174,priest,discipline,71,36,35
Nelvor,silvermoon,1174,priest,discipline,42,21,21
Silvdarr,hyjal,1174,priest,discipline,101,48,53
Darkpræcher,hyjal,1173,priest,discipline,56,34,22
Xkv,blackmoore,1173,priest,discipline,42,24,18
Iloa,dun-morogh,1173,priest,discipline,95,54,41
Забвениеждёт,gordunni,1173,priest,discipline,83,37,46
Gesucristò,pozzo-delleternità,1172,priest,discipline,24,14,10
Парикнахер,soulflayer,1171,priest,discipline,36,23,13
Captn,draenor,1171,priest,discipline,54,22,32
Cøøbrà,hyjal,1170,priest,discipline,70,38,32
Petshopboi,sylvanas,1170,priest,discipline,27,14,13
Lightbulp,draenor,1170,priest,discipline,36,18,18
Àri,magtheridon,1170,priest,discipline,41,15,26
Diff,thrall,1169,priest,discipline,237,115,122
Сайннз,howling-fjord,1169,priest,discipline,180,86,94
Ноубадди,howling-fjord,1169,priest,discipline,67,32,35
Robiee,twisting-nether,1169,priest,discipline,30,13,17
Gertie,blackhand,1168,priest,discipline,100,52,48
Seras,bloodfeather,1168,priest,discipline,191,92,99
Elclasico,blackrock,1168,priest,discipline,68,28,40
Simbaba,archimonde,1167,priest,discipline,105,51,54
Nupzie,stormscale,1166,priest,discipline,75,39,36
Айболитова,grom,1166,priest,discipline,33,15,18
Ezrox,neptulon,1166,priest,discipline,36,16,20
Cupcakes,ahnqiraj,1166,priest,discipline,60,26,34
Wakeybakey,tarren-mill,1166,priest,discipline,78,33,45
Ðæßi,hyjal,1165,priest,discipline,55,27,28
Szeky,ragnaros,1165,priest,discipline,36,13,23
Gooldan,draenor,1164,priest,discipline,66,39,27
Blååb,draenor,1164,priest,discipline,25,13,12
Свапмиплиз,gordunni,1164,priest,discipline,175,81,94
Khomic,archimonde,1164,priest,discipline,29,13,16
Elfhelp,ravencrest,1164,priest,discipline,80,33,47
Redblue,onyxia,1163,priest,discipline,42,26,16
Overhealzz,blackmoore,1163,priest,discipline,141,67,74
Bellanote,dalaran,1163,priest,discipline,203,96,107
Olîra,hyjal,1163,priest,discipline,30,14,16
Andhoras,dalaran,1163,priest,discipline,35,13,22
Søînx,archimonde,1162,priest,discipline,43,24,19
Darknëss,malganis,1162,priest,discipline,27,14,13
Ribbins,outland,1162,priest,discipline,54,22,32
Побьюкадилом,gordunni,1162,priest,discipline,37,15,22
Klaura,blackmoore,1161,priest,discipline,30,15,15
Flyingdutch,tarren-mill,1160,priest,discipline,263,123,140
Milessa,steamwheedle-cartel,1160,priest,discipline,66,29,37
Déxguard,silvermoon,1160,priest,discipline,70,26,44
Luedieniel,draenor,1159,priest,discipline,41,20,21
Magnificito,silvermoon,1159,priest,discipline,30,14,16
Vilda,argent-dawn,1159,priest,discipline,36,15,21
Акимбопушка,howling-fjord,1159,priest,discipline,74,27,47
Javvi,sylvanas,1158,priest,discipline,78,44,34
Worldjudge,kazzak,1158,priest,discipline,77,39,38
Vebbysor,sylvanas,1158,priest,discipline,30,15,15
Гуляль,howling-fjord,1157,priest,discipline,76,43,33
Kizzorde,ragnaros,1157,priest,discipline,128,64,64
Kenderke,ragnaros,1157,priest,discipline,41,16,25
Mjölkpelle,twisting-nether,1156,priest,discipline,24,18,6
Réborn,tarren-mill,1156,priest,discipline,36,19,17
Qyi,the-maelstrom,1156,priest,discipline,36,18,18
Dâhliá,blackmoore,1156,priest,discipline,43,20,23
Vecaya,blackrock,1155,priest,discipline,42,22,20
Døline,hyjal,1155,priest,discipline,29,13,16
Xyliqa,aegwynn,1155,priest,discipline,35,14,21
Chega,malganis,1154,priest,discipline,84,34,50
Popegoat,ragnaros,1153,priest,discipline,65,43,22
Гундяй,soulflayer,1153,priest,discipline,51,28,23
Karellian,silvermoon,1153,priest,discipline,36,17,19
Fkitweball,argent-dawn,1152,priest,discipline,18,12,6
Lidlpriest,frostwolf,1152,priest,discipline,18,12,6
Oldnbad,archimonde,1152,priest,discipline,18,12,6
Tobadforglad,khaz-modan,1152,priest,discipline,18,12,6
Nstp,zuljin,1152,priest,discipline,24,12,12
Proxsjr,ravencrest,1152,priest,discipline,24,12,12
Heab,aegwynn,1152,priest,discipline,24,12,12
Donpedrila,kazzak,1152,priest,discipline,24,12,12
Djros,magtheridon,1152,priest,discipline,24,12,12
Найтингеилл,gordunni,1152,priest,discipline,24,12,12
Lastchance,ravencrest,1152,priest,discipline,30,12,18
Djokui,uldum,1152,priest,discipline,30,12,18
Djrussia,tarren-mill,1152,priest,discipline,30,12,18
Shakalol,kazzak,1152,priest,discipline,33,13,20
Flax,the-maelstrom,1151,priest,discipline,12,12,0
Biggestpass,kazzak,1151,priest,discipline,12,12,0
Faenei,draenor,1151,priest,discipline,18,12,6
Yarok,anubarak,1151,priest,discipline,18,12,6
Uncreative,ravencrest,1151,priest,discipline,18,12,6
Bellrøck,nemesis,1151,priest,discipline,18,12,6
Árnyékfing,ragnaros,1151,priest,discipline,47,24,23
Arythc,ahnqiraj,1151,priest,discipline,24,12,12
Пусясвета,gordunni,1151,priest,discipline,24,12,12
Shadeblaze,draenor,1151,priest,discipline,38,16,22
Ykwah,kazzak,1151,priest,discipline,30,12,18
Aspertina,outland,1151,priest,discipline,30,12,18
Narisia,alakir,1151,priest,discipline,30,12,18
Oesterput,stormscale,1151,priest,discipline,30,12,18
Shììnx,hyjal,1151,priest,discipline,30,12,18
Imoz,antonidas,1150,priest,discipline,18,12,6
Wortmonster,malganis,1150,priest,discipline,18,12,6
Кисашвд,gordunni,1150,priest,discipline,18,12,6
Хильдинда,soulflayer,1150,priest,discipline,54,27,27
Davóss,outland,1150,priest,discipline,24,12,12
Acarru,stormscale,1150,priest,discipline,24,12,12
Fléxéd,burning-legion,1150,priest,discipline,24,12,12
Naomirussell,sylvanas,1150,priest,discipline,24,12,12
Reclue,silvermoon,1150,priest,discipline,24,12,12
Blàckângel,blackrock,1150,priest,discipline,336,167,169
Celliapriest,antonidas,1150,priest,discipline,30,12,18
Alptoxlôl,blackhand,1150,priest,discipline,36,14,22
Nuriva,frostmane,1150,priest,discipline,36,12,24
Dogfx,blackhand,1150,priest,discipline,42,12,30
Roskva,archimonde,1149,priest,discipline,21,13,8
Чупатаявошь,soulflayer,1149,priest,discipline,84,43,41
Denarne,blackrock,1149,priest,discipline,24,12,12
Ghoul,destromath,1149,priest,discipline,24,12,12
Beocca,sanguino,1149,priest,discipline,24,12,12
Ronlimonkek,dun-modr,1149,priest,discipline,24,12,12
Dhalsim,the-shatar,1148,priest,discipline,18,12,6
Discmoo,kazzak,1148,priest,discipline,20,12,8
Rokil,ravencrest,1148,priest,discipline,24,12,12
Skinandbones,sylvanas,1148,priest,discipline,36,12,24
Isendth,archimonde,1148,priest,discipline,42,12,30
Layster,chants-éternels,1147,priest,discipline,24,12,12
Ribberull,burning-blade,1147,priest,discipline,24,12,12
Hydroxizine,ragnaros,1147,priest,discipline,24,12,12
Desperion,ragnaros,1147,priest,discipline,160,76,84
Уртримас,gordunni,1147,priest,discipline,128,59,69
Nack,marécage-de-zangar,1147,priest,discipline,30,12,18
Zêlða,ravencrest,1147,priest,discipline,30,12,18
Touchmé,blackmoore,1147,priest,discipline,35,12,23
Badguymike,ragnaros,1146,priest,discipline,18,12,6
Tyrial,outland,1146,priest,discipline,18,12,6
Cyliaa,aegwynn,1146,priest,discipline,18,12,6
Ünholy,burning-legion,1146,priest,discipline,39,22,17
Adrigodx,malganis,1146,priest,discipline,24,12,12
Джоега,grom,1146,priest,discipline,41,12,29
Resgan,archimonde,1145,priest,discipline,22,13,9
Яестькенни,soulflayer,1145,priest,discipline,48,24,24
Фикспрайз,gordunni,1145,priest,discipline,24,12,12
Saitani,stormscale,1145,priest,discipline,24,12,12
Impecabllo,outland,1145,priest,discipline,24,12,12
Docpower,twisting-nether,1145,priest,discipline,24,12,12
Zielonymisiu,burning-legion,1145,priest,discipline,54,26,28
Freazi,burning-blade,1144,priest,discipline,24,14,10
Johnnypleb,blackrock,1144,priest,discipline,114,58,56
Blacklemons,thrall,1144,priest,discipline,24,12,12
Dêrp,frostwolf,1144,priest,discipline,24,12,12
Ache,defias-brotherhood,1144,priest,discipline,24,12,12
Karzin,aggra-português,1144,priest,discipline,78,38,40
Штецель,howling-fjord,1144,priest,discipline,30,12,18
Bænzoni,pozzo-delleternità,1144,priest,discipline,36,12,24
Hellmione,blackmoore,1144,priest,discipline,43,13,30
Bährnchen,blackrock,1143,priest,discipline,19,13,6
Ilovechildrn,silvermoon,1143,priest,discipline,18,12,6
Renesmè,archimonde,1143,priest,discipline,30,14,16
Morava,tarren-mill,1142,priest,discipline,36,20,16
Plaguetale,archimonde,1142,priest,discipline,65,35,30
Джаджафирз,howling-fjord,1142,priest,discipline,24,12,12
Johnblack,dun-morogh,1142,priest,discipline,24,12,12
Iqy,kazzak,1142,priest,discipline,27,13,14
Manau,culte-de-la-rive-noire,1142,priest,discipline,30,12,18
Vésph,draenor,1142,priest,discipline,75,28,47
Talyie,argent-dawn,1141,priest,discipline,18,12,6
Barnicha,grim-batol,1141,priest,discipline,18,12,6
Noskan,silvermoon,1141,priest,discipline,21,13,8
Kinn,kaelthas,1141,priest,discipline,36,18,18
Trasslarn,tarren-mill,1141,priest,discipline,24,12,12
Aviz,tarren-mill,1141,priest,discipline,24,12,12
Chayz,thrall,1140,priest,discipline,18,12,6
Daesa,defias-brotherhood,1140,priest,discipline,24,14,10
Убивал,soulflayer,1140,priest,discipline,24,12,12
Энлинна,soulflayer,1140,priest,discipline,24,12,12
Dunkelseele,ahnqiraj,1140,priest,discipline,24,12,12
Dizpel,stormscale,1140,priest,discipline,35,13,22
Canthms,twisting-nether,1139,priest,discipline,42,25,17
Healmebaby,kiljaeden,1139,priest,discipline,24,12,12
Morenetä,dun-modr,1139,priest,discipline,24,12,12
Voldream,ravencrest,1139,priest,discipline,36,12,24
Kaydenkross,eredar,1139,priest,discipline,42,12,30
Bauscia,nemesis,1138,priest,discipline,24,12,12
Quinax,shattered-hand,1138,priest,discipline,24,12,12
Soed,defias-brotherhood,1137,priest,discipline,24,12,12
Chankro,sanguino,1137,priest,discipline,24,12,12
Æøí,blackmoore,1137,priest,discipline,31,15,16
Osteograhm,eldrethalas,1137,priest,discipline,30,12,18
Drüdkh,tarren-mill,1137,priest,discipline,36,12,24
Pilip,dragonmaw,1136,priest,discipline,29,16,13
Nekros,agamaggan,1136,priest,discipline,26,13,13
Zenitsu,khadgar,1136,priest,discipline,76,35,41
Chaosweavèr,outland,1136,priest,discipline,30,12,18
Рыск,grom,1135,priest,discipline,21,18,3
Drissz,archimonde,1135,priest,discipline,24,12,12
Dafemboi,ravencrest,1134,priest,discipline,18,12,6
Neremin,argent-dawn,1134,priest,discipline,54,30,24
Neosix,sanguino,1134,priest,discipline,48,24,24
Froboz,the-venture-co,1134,priest,discipline,24,12,12
Jazty,sanguino,1134,priest,discipline,24,12,12
Antibiotic,auchindoun,1134,priest,discipline,130,62,68
Латрам,greymane,1134,priest,discipline,94,39,55
Dtqs,grim-batol,1133,priest,discipline,18,12,6
Joncartagena,sanguino,1133,priest,discipline,24,12,12
Velosp,defias-brotherhood,1133,priest,discipline,30,12,18
Deliverme,frostmane,1132,priest,discipline,18,12,6
Ожившийприст,soulflayer,1132,priest,discipline,123,64,59
Dyrios,drakthul,1132,priest,discipline,30,13,17
Vrenel,burning-legion,1131,priest,discipline,29,15,14
Zák,sylvanas,1131,priest,discipline,24,12,12
Хельмут,soulflayer,1130,priest,discipline,24,12,12
Vrom,draenor,1130,priest,discipline,24,12,12
Шелоу,deathguard,1130,priest,discipline,33,13,20
Izaa,silvermoon,1130,priest,discipline,36,13,23
Gromalia,hyjal,1129,priest,discipline,24,12,12
Uncleben,grim-batol,1129,priest,discipline,31,14,17
Lightmyshimy,silvermoon,1129,priest,discipline,36,12,24
Hasnaa,silvermoon,1128,priest,discipline,21,15,6
Bandäid,ravencrest,1128,priest,discipline,24,12,12
Акриас,gordunni,1128,priest,discipline,108,52,56
Pnokos,ravencrest,1128,priest,discipline,54,22,32
Paparockatos,sylvanas,1127,priest,discipline,36,24,12
Priestagon,azjolnerub,1127,priest,discipline,24,12,12
Domínika,ravencrest,1127,priest,discipline,29,14,15
Nhajÿ,hyjal,1127,priest,discipline,30,12,18
Santocerdote,sanguino,1127,priest,discipline,36,12,24
Carlotta,dalaran,1126,priest,discipline,69,32,37
Хилогайка,howling-fjord,1126,priest,discipline,45,20,25
Таймыр,gordunni,1125,priest,discipline,173,79,94
Frittê,anetheron,1124,priest,discipline,57,29,28
Klaniara,silvermoon,1124,priest,discipline,106,52,54
Áphrodite,outland,1123,priest,discipline,24,12,12
Enaches,twisting-nether,1123,priest,discipline,61,30,31
Spookyfive,blackhand,1123,priest,discipline,73,26,47
Brillich,tarren-mill,1121,priest,discipline,36,18,18
Kurtse,archimonde,1121,priest,discipline,28,14,14
Xmassdispel,tarren-mill,1120,priest,discipline,42,18,24
Fordead,krasus,1120,priest,discipline,72,22,50
Satyxian,draenor,1119,priest,discipline,36,20,16
Jeus,malganis,1118,priest,discipline,36,14,22
Spooka,ravencrest,1117,priest,discipline,23,12,11
Boyraz,argent-dawn,1117,priest,discipline,66,30,36
Pèrejoe,arathi,1117,priest,discipline,42,15,27
Vdel,draenor,1116,priest,discipline,18,12,6
Devilscousin,aggra-português,1116,priest,discipline,25,16,9
Yoloh,sanguino,1116,priest,discipline,63,26,37
Nyell,silvermoon,1115,priest,discipline,22,12,10
Mocnymaco,burning-blade,1115,priest,discipline,211,109,102
Bigwoopsie,stormscale,1114,priest,discipline,24,14,10
Mewdewrewrx,arathor,1114,priest,discipline,84,46,38
Teleriah,blackmoore,1114,priest,discipline,59,21,38
Påske,hellfire,1113,priest,discipline,42,26,16
Ehrmantràut,draenor,1113,priest,discipline,31,17,14
Bluxon,kazzak,1113,priest,discipline,22,12,10
Draenera,silvermoon,1113,priest,discipline,93,46,47
Prognosis,frostwhisper,1112,priest,discipline,48,25,23
Maskia,sanguino,1112,priest,discipline,30,12,18
Гролгул,eversong,1111,priest,discipline,24,12,12
Dalyn,zuljin,1110,priest,discipline,24,12,12
Aetherah,outland,1110,priest,discipline,42,17,25
Nykothp,ghostlands,1110,priest,discipline,30,12,18
Attiny,draenor,1110,priest,discipline,48,14,34
Nynren,doomhammer,1109,priest,discipline,98,49,49
Zeuws,kazzak,1109,priest,discipline,36,13,23
Стаминабаф,gordunni,1108,priest,discipline,21,13,8
Moritura,nefarian,1108,priest,discipline,24,13,11
Kreem,frostmane,1107,priest,discipline,24,14,10
Dilbert,twilights-hammer,1107,priest,discipline,70,29,41
Nigellä,azjolnerub,1107,priest,discipline,36,12,24
Deckardkain,pozzo-delleternità,1105,priest,discipline,60,33,27
Thörbjorn,confrérie-du-thorium,1105,priest,discipline,30,15,15
Valente,twisting-nether,1105,priest,discipline,60,22,38
Zeslash,suramar,1105,priest,discipline,35,12,23
Lãnat,ravencrest,1104,priest,discipline,27,12,15
Elyssez,thrall,1104,priest,discipline,61,22,39
Fetuz,ravenholdt,1103,priest,discipline,76,34,42
Aliasus,archimonde,1102,priest,discipline,23,12,11
Lydîâ,blackhand,1102,priest,discipline,23,12,11
Scotpriest,draenor,1101,priest,discipline,24,12,12
Bepbepp,archimonde,1101,priest,discipline,26,12,14
Wagz,burning-legion,1100,priest,discipline,18,12,6
Plagegeist,blutkessel,1100,priest,discipline,24,12,12
Velenthøs,argent-dawn,1100,priest,discipline,24,12,12
Möd,ragnaros,1100,priest,discipline,30,13,17
Tutenhamonek,outland,1099,priest,discipline,36,17,19
Chane,blackmoore,1099,priest,discipline,32,13,19
Enlîl,zuljin,1098,priest,discipline,65,33,32
Imsöbäd,archimonde,1098,priest,discipline,30,12,18
Whysomadx,stormscale,1097,priest,discipline,115,46,69
Vaurork,stormscale,1096,priest,discipline,23,12,11
Chaendral,darkmoon-faire,1096,priest,discipline,30,14,16
Marces,blutkessel,1095,priest,discipline,17,12,5
Numatrash,stormscale,1095,priest,discipline,38,17,21
Zbll,ragnaros,1095,priest,discipline,36,15,21
Lísan,ravencrest,1094,priest,discipline,42,20,22
Crizto,argent-dawn,1094,priest,discipline,54,22,32
Мояродная,howling-fjord,1091,priest,discipline,43,13,30
Lerissea,argent-dawn,1088,priest,discipline,22,12,10
Szalsza,arathor,1088,priest,discipline,84,39,45
Healy,blackrock,1088,priest,discipline,138,60,78
Tristessê,tarren-mill,1088,priest,discipline,193,77,116
Sildane,kirin-tor,1087,priest,discipline,35,15,20
Casconero,nemesis,1087,priest,discipline,43,16,27
Sanbucone,pozzo-delleternità,1086,priest,discipline,42,20,22
Avischi,blackrock,1086,priest,discipline,62,27,35
Заплетальщик,howling-fjord,1085,priest,discipline,66,38,28
Fåye,ravencrest,1085,priest,discipline,22,12,10
Necromania,cthun,1085,priest,discipline,219,106,113
Святаядухота,soulflayer,1085,priest,discipline,36,15,21
Эрьеро,gordunni,1085,priest,discipline,48,17,31
Clutchp,blackmoore,1084,priest,discipline,21,13,8
Partyanimal,blackrock,1083,priest,discipline,23,12,11
Absinthamos,eredar,1082,priest,discipline,28,12,16
Reagy,kazzak,1081,priest,discipline,24,16,8
Goatz,ragnaros,1081,priest,discipline,36,23,13
Mundwerk,malganis,1081,priest,discipline,57,21,36
Nellytaa,dalaran,1080,priest,discipline,33,17,16
Waxosc,silvermoon,1080,priest,discipline,68,28,40
Salskagripme,ragnaros,1079,priest,discipline,18,12,6
Bojestvena,neptulon,1079,priest,discipline,46,25,21
Гомотряс,howling-fjord,1079,priest,discipline,102,54,48
Kikoke,sanguino,1078,priest,discipline,21,12,9
Bálíé,blackmoore,1078,priest,discipline,72,35,37
Yelowsnowman,burning-legion,1078,priest,discipline,48,22,26
Jediminds,tarren-mill,1076,priest,discipline,22,12,10
Lapeür,archimonde,1076,priest,discipline,24,12,12
Mambanero,nemesis,1076,priest,discipline,223,102,121
Lunacarle,zuljin,1075,priest,discipline,44,24,20
Pénancé,defias-brotherhood,1075,priest,discipline,36,13,23
Amphôra,archimonde,1074,priest,discipline,50,22,28
Alesdia,eredar,1074,priest,discipline,34,12,22
Deathspawn,hellscream,1073,priest,discipline,69,37,32
Makrit,outland,1073,priest,discipline,69,28,41
Dafúq,draenor,1072,priest,discipline,22,12,10
Deppara,twisting-nether,1070,priest,discipline,38,23,15
Bishope,dalaran,1070,priest,discipline,54,21,33
Hambol,tarren-mill,1070,priest,discipline,36,13,23
Kalì,thrall,1069,priest,discipline,24,17,7
Discoprillan,twisting-nether,1069,priest,discipline,43,23,20
Dinamix,tarren-mill,1069,priest,discipline,66,34,32
Maxhima,defias-brotherhood,1069,priest,discipline,42,20,22
Lunairess,silvermoon,1069,priest,discipline,84,28,56
Гальционна,gordunni,1068,priest,discipline,31,13,18
Deeforce,argent-dawn,1067,priest,discipline,74,29,45
Elpitiimigré,sinstralis,1066,priest,discipline,42,22,20
Malîken,silvermoon,1066,priest,discipline,30,15,15
Эйнрив,howling-fjord,1066,priest,discipline,113,53,60
Юкич,soulflayer,1065,priest,discipline,34,12,22
Healheal,outland,1063,priest,discipline,99,51,48
Celero,silvermoon,1063,priest,discipline,54,23,31
Avor,hellfire,1062,priest,discipline,24,16,8
Prazefin,twisting-nether,1060,priest,discipline,22,13,9
Ãbømînåtîøn,blackrock,1059,priest,discipline,28,22,6
Lamovtabrood,kazzak,1059,priest,discipline,65,22,43
Norah,kirin-tor,1058,priest,discipline,35,15,20
Yânùx,aegwynn,1056,priest,discipline,12,11,1
Swpain,argent-dawn,1056,priest,discipline,12,11,1
Bindww,tarren-mill,1056,priest,discipline,18,11,7
Daskemaskinx,the-maelstrom,1056,priest,discipline,18,11,7
Cazã,archimonde,1056,priest,discipline,18,11,7
Wasserbache,antonidas,1056,priest,discipline,18,11,7
Jaytî,ravencrest,1056,priest,discipline,18,11,7
Schwypsvnr,garona,1056,priest,discipline,18,11,7
Lmnsqzy,ravencrest,1056,priest,discipline,18,11,7
Fatyoyo,frostwolf,1056,priest,discipline,18,11,7
Surfingbird,ragnaros,1056,priest,discipline,18,11,7
Meganxx,ravencrest,1056,priest,discipline,18,11,7
Abcdefghijk,sanguino,1056,priest,discipline,18,11,7
Drnoob,tarren-mill,1056,priest,discipline,50,25,25
Ðanilosp,dun-modr,1056,priest,discipline,24,11,13
Onceup,thrall,1056,priest,discipline,24,11,13
Dexlolo,stormscale,1056,priest,discipline,24,11,13
Carpathîan,blackhand,1056,priest,discipline,72,25,47
Nelyø,destromath,1055,priest,discipline,18,11,7
Павук,gordunni,1055,priest,discipline,18,11,7
Zælÿ,archimonde,1055,priest,discipline,18,11,7
Балантайсх,soulflayer,1055,priest,discipline,18,11,7
Narinelepen,culte-de-la-rive-noire,1055,priest,discipline,24,11,13
Diminishing,ragnaros,1055,priest,discipline,24,11,13
Pureàngel,ravencrest,1055,priest,discipline,24,11,13
Squishylol,tarren-mill,1055,priest,discipline,24,11,13
Haffination,frostmane,1055,priest,discipline,24,11,13
Manäka,hyjal,1055,priest,discipline,24,11,13
Ahun,taerar,1055,priest,discipline,24,11,13
Redempt,nemesis,1055,priest,discipline,24,11,13
Deshka,tarren-mill,1055,priest,discipline,30,11,19
Dubai,silvermoon,1055,priest,discipline,36,11,25
Артекриожрец,gordunni,1054,priest,discipline,18,11,7
Slowinmotion,twisting-nether,1054,priest,discipline,18,11,7
Blutleid,malfurion,1054,priest,discipline,18,11,7
Leleg,blackhand,1054,priest,discipline,18,11,7
Ræwïllûñgøðx,ravencrest,1054,priest,discipline,18,11,7
Nithraw,kazzak,1054,priest,discipline,24,11,13
Arya,dunemaul,1054,priest,discipline,24,11,13
Giesix,frostwolf,1054,priest,discipline,24,11,13
Hòllymèdx,blackmoore,1054,priest,discipline,24,11,13
Bäckay,silvermoon,1054,priest,discipline,24,11,13
Kalisya,ravencrest,1054,priest,discipline,30,11,19
Auroree,stormscale,1054,priest,discipline,30,11,19
Peg,talnivarr,1054,priest,discipline,30,11,19
Szycho,burning-legion,1054,priest,discipline,36,11,25
ßeau,outland,1053,priest,discipline,18,11,7
Zeatt,ysera,1053,priest,discipline,18,11,7
Coldsigil,argent-dawn,1053,priest,discipline,18,11,7
Gandzaa,silvermoon,1053,priest,discipline,33,19,14
Tsunadesaama,silvermoon,1053,priest,discipline,24,11,13
Jacksonz,blackmoore,1053,priest,discipline,24,11,13
Manethø,twisting-nether,1053,priest,discipline,24,11,13
Залик,soulflayer,1053,priest,discipline,29,12,17
Aléhyl,la-croisade-écarlate,1053,priest,discipline,72,28,44
Stepsisstuck,ragnaros,1053,priest,discipline,30,11,19
Drwho,zuljin,1053,priest,discipline,33,12,21
Challengepro,burning-legion,1052,priest,discipline,18,11,7
Docter,talnivarr,1052,priest,discipline,24,11,13
Købzar,tarren-mill,1052,priest,discipline,30,11,19
Justys,twisting-nether,1052,priest,discipline,30,11,19
Chokmâh,sanguino,1051,priest,discipline,18,11,7
Пристохилю,gordunni,1051,priest,discipline,24,14,10
Maistuu,tarren-mill,1051,priest,discipline,19,11,8
Bunetu,blackmoore,1051,priest,discipline,36,17,19
Nevermyndz,blackmoore,1051,priest,discipline,24,11,13
Tryingtomc,archimonde,1051,priest,discipline,24,11,13
Bejud,tarren-mill,1051,priest,discipline,24,11,13
Sensimiya,dalaran,1051,priest,discipline,24,11,13
Hèlp,sanguino,1051,priest,discipline,30,13,17
Clæude,tarren-mill,1051,priest,discipline,30,11,19
Ритуалист,deepholm,1051,priest,discipline,42,11,31
Fakéy,draenor,1050,priest,discipline,12,11,1
Iiamx,antonidas,1050,priest,discipline,18,11,7
Cahuña,thrall,1050,priest,discipline,33,19,14
Kyrédan,dalaran,1050,priest,discipline,207,104,103
Junglepriest,ravencrest,1050,priest,discipline,24,11,13
Smokäy,blackhand,1050,priest,discipline,24,11,13
Mylox,blackrock,1050,priest,discipline,24,11,13
Lighttorch,burning-legion,1050,priest,discipline,28,12,16
Celadriel,ravencrest,1050,priest,discipline,30,11,19
Zatón,dun-modr,1050,priest,discipline,30,11,19
Lacrum,ragnaros,1049,priest,discipline,26,15,11
Ungeheuer,taerar,1049,priest,discipline,54,25,29
Nimiqt,tarren-mill,1049,priest,discipline,24,11,13
Immutable,twisting-nether,1049,priest,discipline,24,11,13
Holyshifts,silvermoon,1049,priest,discipline,24,11,13
Grimor,talnivarr,1049,priest,discipline,24,11,13
Madilim,kazzak,1049,priest,discipline,29,13,16
Merendir,scarshield-legion,1049,priest,discipline,42,11,31
Icyc,outland,1049,priest,discipline,42,11,31
Nøwénna,ravencrest,1049,priest,discipline,42,11,31
Sophoula,silvermoon,1048,priest,discipline,18,11,7
Ehther,dun-modr,1048,priest,discipline,18,11,7
Sanril,ragnaros,1048,priest,discipline,24,11,13
Diskogoblin,drakthul,1048,priest,discipline,24,11,13
Axewound,neptulon,1048,priest,discipline,25,11,14
Redlight,ysondre,1048,priest,discipline,30,11,19
Rredss,ravencrest,1047,priest,discipline,22,14,8
Neseig,blutkessel,1047,priest,discipline,18,11,7
Drumont,kelthuzad,1047,priest,discipline,24,11,13
Shelyndra,doomhammer,1047,priest,discipline,30,11,19
Derathon,eredar,1046,priest,discipline,18,11,7
Мерседулька,howling-fjord,1046,priest,discipline,22,12,10
Ichpvpeuch,eredar,1046,priest,discipline,24,11,13
Lightless,baelgun,1046,priest,discipline,84,38,46
Болътвоя,gordunni,1045,priest,discipline,18,11,7
Aemi,draenor,1045,priest,discipline,18,11,7
Vædan,drakthul,1045,priest,discipline,18,11,7
Billypriest,argent-dawn,1044,priest,discipline,18,11,7
Mufza,draenor,1044,priest,discipline,18,11,7
Pescá,cthun,1044,priest,discipline,25,13,12
Needmana,hyjal,1044,priest,discipline,36,15,21
Kaos,anetheron,1043,priest,discipline,15,13,2
Hëýîmvégâñ,ravencrest,1043,priest,discipline,18,11,7
Ráka,earthen-ring,1043,priest,discipline,26,13,13
Holydani,blackrock,1043,priest,discipline,134,65,69
Wanah,ravencrest,1043,priest,discipline,60,23,37
Zembowae,drakthul,1042,priest,discipline,18,11,7
Эллвинг,howling-fjord,1042,priest,discipline,23,12,11
Malíficent,draenor,1042,priest,discipline,24,11,13
Yusepmikel,cthun,1041,priest,discipline,18,11,7
Rhésùs,archimonde,1041,priest,discipline,44,25,19
Holyskull,magtheridon,1041,priest,discipline,124,51,73
Whitemané,argent-dawn,1040,priest,discipline,56,28,28
Prïstië,drakthul,1040,priest,discipline,62,29,33
Jonnyklebrig,aegwynn,1040,priest,discipline,47,18,29
Kranrekan,archimonde,1040,priest,discipline,54,18,36
Shadowgov,ravencrest,1039,priest,discipline,18,11,7
Swdscript,drakthul,1039,priest,discipline,24,11,13
Worstdisceu,draenor,1039,priest,discipline,24,11,13
Scarlovni,archimonde,1039,priest,discipline,30,11,19
Montane,wrathbringer,1038,priest,discipline,24,11,13
Priestar,madmortem,1038,priest,discipline,24,11,13
Fingerblast,sanguino,1037,priest,discipline,24,12,12
Sadira,malganis,1037,priest,discipline,24,11,13
Sphard,ysondre,1037,priest,discipline,104,39,65
Пропитал,booty-bay,1036,priest,discipline,30,11,19
Лилсейнтс,gordunni,1036,priest,discipline,42,11,31
Metapri,blackhand,1035,priest,discipline,41,20,21
Prifoxx,ravencrest,1034,priest,discipline,42,24,18
Inaeries,argent-dawn,1034,priest,discipline,41,22,19
Heliya,doomhammer,1033,priest,discipline,27,13,14
Dorisdiesel,ravencrest,1033,priest,discipline,30,11,19
Трахмэйстер,gordunni,1032,priest,discipline,23,17,6
Prigart,sylvanas,1032,priest,discipline,24,11,13
Battleprey,the-maelstrom,1031,priest,discipline,18,11,7
Tokushiro,sylvanas,1031,priest,discipline,24,11,13
Anethron,ragnaros,1030,priest,discipline,126,63,63
Biigy,hyjal,1030,priest,discipline,24,11,13
Zdrowíé,todeswache,1029,priest,discipline,78,45,33
Rydzyk,laughing-skull,1028,priest,discipline,24,13,11
Liimbo,dun-morogh,1028,priest,discipline,30,11,19
Checke,outland,1027,priest,discipline,18,11,7
Marryjade,ragnaros,1026,priest,discipline,32,14,18
Aprima,culte-de-la-rive-noire,1026,priest,discipline,54,22,32
Leønix,malfurion,1025,priest,discipline,21,12,9
Buzzard,frostmourne,1024,priest,discipline,36,22,14
Bakris,twisting-nether,1024,priest,discipline,24,11,13
Undeadv,twisting-nether,1023,priest,discipline,52,19,33
Tmnewho,outland,1022,priest,discipline,22,12,10
Tori,marécage-de-zangar,1021,priest,discipline,20,12,8
Mydianá,aegwynn,1021,priest,discipline,20,12,8
Свежага,howling-fjord,1021,priest,discipline,80,33,47
Sharae,malfurion,1020,priest,discipline,77,41,36
Psychoboris,outland,1020,priest,discipline,127,67,60
Fusiroxx,thrall,1020,priest,discipline,28,12,16
Äwësömë,aggra-português,1019,priest,discipline,66,34,32
Shnookfour,agamaggan,1019,priest,discipline,58,29,29
Nilera,frostwolf,1019,priest,discipline,26,12,14
Sòsò,archimonde,1018,priest,discipline,60,25,35
Grgovan,kazzak,1017,priest,discipline,15,12,3
Voix,earthen-ring,1017,priest,discipline,26,11,15
Rexxár,aszune,1016,priest,discipline,121,58,63
Avriar,ragnaros,1015,priest,discipline,23,14,9
Verxalas,stormscale,1014,priest,discipline,16,12,4
Tavóx,blackmoore,1014,priest,discipline,36,15,21
Xanndro,argent-dawn,1014,priest,discipline,34,13,21
Gronni,argent-dawn,1012,priest,discipline,30,15,15
Pabli,argent-dawn,1012,priest,discipline,30,11,19
Lumartos,ungoro,1010,priest,discipline,169,83,86
Howlscastie,stormscale,1010,priest,discipline,60,26,34
Morrydin,stormreaver,1009,priest,discipline,22,11,11
Trimégiste,hyjal,1009,priest,discipline,145,72,73
Yøzø,blackhand,1009,priest,discipline,63,27,36
Gammelkörper,perenolde,1008,priest,discipline,97,50,47
Awien,kazzak,1008,priest,discipline,27,12,15
Gerher,draenor,1008,priest,discipline,27,12,15
Аоимонстр,soulflayer,1007,priest,discipline,21,12,9
Discoruzki,ravencrest,1007,priest,discipline,23,11,12
Priestør,onyxia,1006,priest,discipline,19,12,7
Zuigen,lightbringer,1006,priest,discipline,21,12,9
Kårejonny,tarren-mill,1005,priest,discipline,66,30,36
Boomhilde,aegwynn,1004,priest,discipline,218,108,110
Kallsen,ravencrest,1002,priest,discipline,45,28,17
Stahj,sanguino,1002,priest,discipline,23,11,12
Sixeus,outland,1002,priest,discipline,26,12,14
Slufse,alakir,1001,priest,discipline,29,13,16
Moeshy,kazzak,1001,priest,discipline,28,12,16
Dirim,silvermoon,1001,priest,discipline,90,32,58
Undercöverbr,ravencrest,1001,priest,discipline,42,11,31
Steadyog,doomhammer,1000,priest,discipline,24,16,8
Nobbisnice,drakthul,1000,priest,discipline,88,36,52
Rrpriest,silvermoon,998,priest,discipline,68,23,45
Îndura,drakthul,997,priest,discipline,99,44,55
Крайне,soulflayer,996,priest,discipline,66,27,39
Вальдемарс,howling-fjord,996,priest,discipline,29,11,18
Chê,sanguino,992,priest,discipline,36,20,16
Itachiuchiha,bloodfeather,992,priest,discipline,82,32,50
Shymouni,norgannon,988,priest,discipline,19,12,7
Stclemens,defias-brotherhood,988,priest,discipline,87,39,48
Góldfinger,norgannon,988,priest,discipline,27,11,16
Røläck,ragnaros,987,priest,discipline,59,22,37
Minnaq,burning-legion,984,priest,discipline,33,14,19
Alminä,archimonde,983,priest,discipline,37,20,17
Hinkelstein,defias-brotherhood,983,priest,discipline,44,23,21
Huzlin,kazzak,983,priest,discipline,28,11,17
Lichtelaaie,quelthalas,980,priest,discipline,24,15,9
Shalacho,blackrock,979,priest,discipline,69,32,37
Ccatchme,sylvanas,978,priest,discipline,115,53,62
Junkz,eredar,977,priest,discipline,42,19,23
Satanspawn,neptulon,977,priest,discipline,64,23,41
Арабет,galakrond,975,priest,discipline,107,57,50
Дисайплес,gordunni,974,priest,discipline,107,48,59
Yoóngí,ravencrest,973,priest,discipline,17,11,6
Havanna,dethecus,973,priest,discipline,30,18,12
Mijuuk,zuljin,973,priest,discipline,42,25,17
Dyatlöv,conseil-des-ombres,973,priest,discipline,45,22,23
Therealopa,blackmoore,973,priest,discipline,116,54,62
Vepa,blackrock,972,priest,discipline,52,27,25
Sigor,hellfire,970,priest,discipline,35,16,19
Васпохилить,howling-fjord,969,priest,discipline,32,15,17
Yummelol,dun-modr,969,priest,discipline,26,12,14
Chaniu,throkferoth,967,priest,discipline,30,11,19
Priincess,ragnaros,966,priest,discipline,34,14,20
Rosilana,blackrock,966,priest,discipline,54,20,34
Teyranamin,defias-brotherhood,965,priest,discipline,25,11,14
Nunnis,kazzak,964,priest,discipline,277,142,135
Roshanac,argent-dawn,964,priest,discipline,122,62,60
Lubdub,drakthul,964,priest,discipline,54,23,31
Priezeke,aggramar,962,priest,discipline,66,36,30
Morgoh,die-arguswacht,962,priest,discipline,162,81,81
Qsandria,ravencrest,962,priest,discipline,50,24,26
Holyheartx,argent-dawn,962,priest,discipline,34,12,22
Presbyter,mazrigos,961,priest,discipline,21,11,10
Didinini,outland,961,priest,discipline,46,24,22
Lanat,ravencrest,960,priest,discipline,12,10,2
Ghettonelf,sylvanas,960,priest,discipline,12,10,2
Twaryuka,outland,960,priest,discipline,12,10,2
Piccolamorte,ysondre,960,priest,discipline,12,10,2
Smiteweaver,drakthul,960,priest,discipline,18,10,8
Зетш,soulflayer,960,priest,discipline,18,10,8
Wyrofear,ragnaros,960,priest,discipline,18,10,8
Пухлаясвинка,fordragon,960,priest,discipline,18,10,8
Lerrapriest,eredar,960,priest,discipline,18,10,8
Ilovesumecx,aegwynn,960,priest,discipline,18,10,8
Ordeal,tarren-mill,960,priest,discipline,18,10,8
Asýnc,ravencrest,960,priest,discipline,18,10,8
Løokbeheind,kazzak,960,priest,discipline,18,10,8
Nelakya,blackmoore,960,priest,discipline,18,10,8
Vespbruh,kazzak,960,priest,discipline,18,10,8
Ринкуку,howling-fjord,960,priest,discipline,18,10,8
Brainerror,outland,960,priest,discipline,21,11,10
Dxlkekss,blackmoore,960,priest,discipline,24,10,14
Némx,stormscale,960,priest,discipline,24,10,14
Theblank,pozzo-delleternità,960,priest,discipline,24,10,14
Hængøver,blackmoore,960,priest,discipline,24,10,14
ßestworld,draenor,960,priest,discipline,24,10,14
Ballepresten,outland,960,priest,discipline,24,10,14
Tmnstrtw,alakir,960,priest,discipline,30,10,20
Leykop,ravencrest,960,priest,discipline,36,10,26
Shassun,blackrock,959,priest,discipline,12,10,2
Brobert,nerathor,959,priest,discipline,12,10,2
Рыжаякискис,soulflayer,959,priest,discipline,18,10,8
Kemari,aegwynn,959,priest,discipline,18,10,8
Yadif,tarren-mill,959,priest,discipline,18,10,8
Zelyxoxo,blackrock,959,priest,discipline,18,10,8
Dunderpriest,silvermoon,959,priest,discipline,18,10,8
Animalrescue,draenor,959,priest,discipline,18,10,8
Anticorona,twisting-nether,959,priest,discipline,18,10,8
Ðaala,blackrock,959,priest,discipline,18,10,8
Lèss,ysondre,959,priest,discipline,18,10,8
Mindgamez,tarren-mill,959,priest,discipline,18,10,8
Døtgdx,archimonde,959,priest,discipline,18,10,8
Alìsa,ravencrest,959,priest,discipline,24,10,14
Notpetya,kazzak,959,priest,discipline,24,10,14
Râây,blackrock,959,priest,discipline,24,10,14
Vate,aszune,959,priest,discipline,24,10,14
Aurorä,burning-legion,959,priest,discipline,24,10,14
Ârth,kirin-tor,959,priest,discipline,24,10,14
Grimezot,ragnaros,959,priest,discipline,24,10,14
Jimski,stormscale,959,priest,discipline,33,11,22
Surpsgodx,ravencrest,959,priest,discipline,30,10,20
Bulgy,archimonde,959,priest,discipline,30,10,20
Phucu,the-maelstrom,959,priest,discipline,30,10,20
Gedzie,silvermoon,958,priest,discipline,12,10,2
Awakenedmyth,draenor,958,priest,discipline,12,10,2
Sadgelands,outland,958,priest,discipline,18,10,8
Vo,dentarg,958,priest,discipline,18,10,8
Nhaisu,silvermoon,958,priest,discipline,18,10,8
Баночкадури,deathguard,958,priest,discipline,18,10,8
Florey,ragnaros,958,priest,discipline,18,10,8
Elinaa,die-aldor,958,priest,discipline,18,10,8
Ezcobar,twilights-hammer,958,priest,discipline,18,10,8
Eronnsalis,burning-legion,958,priest,discipline,102,45,57
Faíht,blackrock,958,priest,discipline,24,10,14
Thicolascage,draenor,958,priest,discipline,24,10,14
Narkofashist,sanguino,958,priest,discipline,84,33,51
Бичиотаке,azuregos,958,priest,discipline,30,10,20
Exaneo,ragnaros,958,priest,discipline,30,10,20
Adallon,blackmoore,958,priest,discipline,30,10,20
Reivno,ravencrest,957,priest,discipline,12,10,2
Sws,throkferoth,957,priest,discipline,12,10,2
Discönnect,kazzak,957,priest,discipline,12,10,2
Bougetonboul,archimonde,957,priest,discipline,18,10,8
Vaßpera,tarren-mill,957,priest,discipline,18,10,8
Napriest,kazzak,957,priest,discipline,18,10,8
Lunatrix,sanguino,957,priest,discipline,18,10,8
Awalneczarem,magtheridon,957,priest,discipline,24,10,14
Dexodus,sylvanas,957,priest,discipline,24,10,14
Hazedoktor,twisting-nether,957,priest,discipline,24,10,14
Limpopon,doomhammer,957,priest,discipline,98,39,59
Anankea,malganis,957,priest,discipline,27,10,17
Вейтарен,gordunni,957,priest,discipline,30,10,20
Uzü,ysondre,956,priest,discipline,12,10,2
Белыйшеколад,blackscar,956,priest,discipline,12,10,2
Cidrea,saurfang,956,priest,discipline,18,10,8
Myzaree,silvermoon,956,priest,discipline,18,10,8
Sarrâh,ysondre,956,priest,discipline,18,10,8
Zaein,malganis,956,priest,discipline,18,10,8
Shedzinty,tarren-mill,956,priest,discipline,18,10,8
Techipriest,ravencrest,955,priest,discipline,12,10,2
Willenskraft,outland,955,priest,discipline,24,10,14
Abdibio,twisting-nether,955,priest,discipline,24,10,14
Evangelyne,tarren-mill,955,priest,discipline,24,10,14
Kättare,stormscale,955,priest,discipline,24,10,14
Zyrexan,defias-brotherhood,955,priest,discipline,30,10,20
Slight,aggra-português,954,priest,discipline,18,10,8
Hempukka,spinebreaker,954,priest,discipline,24,10,14
Kyuuma,ravencrest,954,priest,discipline,24,10,14
Lezz,ragnaros,954,priest,discipline,24,10,14
Юбич,soulflayer,953,priest,discipline,18,10,8
Paradigma,outland,953,priest,discipline,77,40,37
Moinmeister,frostmourne,953,priest,discipline,71,34,37
Kashmirweed,ravencrest,953,priest,discipline,78,34,44
Подорваный,gordunni,953,priest,discipline,30,10,20
Votiqt,tarren-mill,952,priest,discipline,18,10,8
Pandiha,xavius,952,priest,discipline,18,10,8
Abî,frostwolf,952,priest,discipline,21,11,10
Саксесфул,howling-fjord,952,priest,discipline,24,10,14
Kaleshiry,kazzak,952,priest,discipline,24,10,14
Sarkamer,auchindoun,952,priest,discipline,33,11,22
Hugerage,stormreaver,952,priest,discipline,42,10,32
Maiel,die-aldor,951,priest,discipline,24,10,14
Boniesmack,stormscale,951,priest,discipline,24,10,14
Obscurus,kaelthas,951,priest,discipline,24,10,14
Фионыч,blackscar,951,priest,discipline,24,10,14
Nasirjones,outland,950,priest,discipline,18,10,8
Немашка,blackscar,950,priest,discipline,18,10,8
Guérissolog,kaelthas,950,priest,discipline,24,10,14
Gaidy,ravencrest,949,priest,discipline,18,10,8
Chris,laughing-skull,948,priest,discipline,12,10,2
Nîtarà,silvermoon,948,priest,discipline,42,19,23
Sprife,ragnaros,948,priest,discipline,28,11,17
Perxonx,twisting-nether,946,priest,discipline,12,10,2
Pínx,nerathor,946,priest,discipline,24,10,14
Chukwundi,ravencrest,946,priest,discipline,90,33,57
Ментэс,gordunni,945,priest,discipline,18,10,8
Jimcarre,eredar,945,priest,discipline,24,11,13
Sacristy,aggra-português,945,priest,discipline,62,23,39
Joblob,guldan,944,priest,discipline,20,10,10
Ксержик,gordunni,943,priest,discipline,24,10,14
Sygarius,silvermoon,943,priest,discipline,36,10,26
Biierlip,twisting-nether,943,priest,discipline,42,10,32
Lucina,zuljin,942,priest,discipline,30,15,15
Mønti,onyxia,942,priest,discipline,35,17,18
Omened,nemesis,942,priest,discipline,23,10,13
Vatizinium,veklor,942,priest,discipline,23,10,13
Togx,silvermoon,942,priest,discipline,24,10,14
Søb,silvermoon,942,priest,discipline,29,10,19
Lèviåthån,stormscale,942,priest,discipline,29,10,19
Аргла,soulflayer,941,priest,discipline,120,54,66
Perlo,sanguino,940,priest,discipline,89,47,42
Discokuken,outland,938,priest,discipline,23,10,13
Nienni,mannoroth,937,priest,discipline,30,11,19
Docoktokok,guldan,935,priest,discipline,36,18,18
Энтанант,gordunni,935,priest,discipline,30,15,15
Felbs,defias-brotherhood,935,priest,discipline,69,25,44
Bolíngbroke,argent-dawn,935,priest,discipline,47,12,35
Lhh,blackmoore,934,priest,discipline,26,12,14
Sednâ,conseil-des-ombres,931,priest,discipline,23,10,13
Ifkströmsund,stormscale,928,priest,discipline,18,10,8
Skycity,silvermoon,926,priest,discipline,16,11,5
Pavyone,twisting-nether,926,priest,discipline,23,10,13
Senghe,argent-dawn,924,priest,discipline,48,19,29
Meodor,antonidas,923,priest,discipline,24,14,10
Flaylol,stormscale,923,priest,discipline,23,10,13
Shadøwtikkas,archimonde,923,priest,discipline,58,25,33
Fordöbroo,ragnaros,921,priest,discipline,39,16,23
Esthea,malganis,917,priest,discipline,35,12,23
Goldische,dun-morogh,917,priest,discipline,56,18,38
Daemoxia,ravencrest,916,priest,discipline,16,11,5
Elba,defias-brotherhood,916,priest,discipline,24,10,14
Beellzo,sylvanas,915,priest,discipline,119,51,68
Arondir,defias-brotherhood,914,priest,discipline,22,11,11
Rasko,balnazzar,912,priest,discipline,42,18,24
Дезминд,howling-fjord,911,priest,discipline,17,10,7
Cesiom,culte-de-la-rive-noire,911,priest,discipline,54,29,25
Kolsäck,twilights-hammer,911,priest,discipline,23,10,13
Clergy,nagrand,910,priest,discipline,30,11,19
Titibolls,sanguino,908,priest,discipline,23,10,13
Immórtal,tarren-mill,908,priest,discipline,30,10,20
Дигмана,soulflayer,907,priest,discipline,23,10,13
Koderpl,burning-legion,906,priest,discipline,93,45,48
Stórmén,kazzak,906,priest,discipline,34,11,23
Zéphyrin,archimonde,905,priest,discipline,53,25,28
Seidel,aggramar,904,priest,discipline,34,17,17
Theunknown,stormscale,903,priest,discipline,29,11,18
Rousse,kazzak,899,priest,discipline,30,10,20
Wørmiexz,stormscale,895,priest,discipline,20,10,10
Amoxí,blackmoore,892,priest,discipline,18,10,8
Eleveno,ravencrest,892,priest,discipline,60,27,33
Nosgot,earthen-ring,889,priest,discipline,30,14,16
Abstauberin,blackrock,889,priest,discipline,28,11,17
Sáro,ravencrest,888,priest,discipline,72,35,37
Caprice,kelthuzad,888,priest,discipline,48,19,29
Wisdoms,thrall,887,priest,discipline,55,14,41
Adolosh,thrall,886,priest,discipline,24,12,12
Chandria,veknilash,886,priest,discipline,54,24,30
Darzul,conseil-des-ombres,883,priest,discipline,20,10,10
Mefeon,draenor,882,priest,discipline,27,12,15
Sétsukó,aegwynn,880,priest,discipline,16,10,6
Chabi,stormscale,879,priest,discipline,21,10,11
Chillx,blackmoore,878,priest,discipline,85,45,40
Танасир,eversong,876,priest,discipline,25,10,15
Madvortexe,kazzak,874,priest,discipline,19,10,9
Saskiaa,doomhammer,874,priest,discipline,60,28,32
Daria,teldrassil,871,priest,discipline,213,104,109
Borgír,burning-legion,871,priest,discipline,27,11,16
Toks,stormscale,871,priest,discipline,45,10,35
Elfiontko,burning-legion,870,priest,discipline,24,11,13
Durell,blackrock,867,priest,discipline,60,24,36
Hðly,doomhammer,865,priest,discipline,23,12,11
Skillir,der-abyssische-rat,864,priest,discipline,12,9,3
Ratapain,argent-dawn,864,priest,discipline,12,9,3
Goblingøs,ravencrest,864,priest,discipline,12,9,3
Zyç,der-rat-von-dalaran,864,priest,discipline,12,9,3
Moonacky,bronze-dragonflight,864,priest,discipline,12,9,3
Pohja,veknilash,864,priest,discipline,12,9,3
Littledoc,blackmoore,864,priest,discipline,12,9,3
Cyúxyúvteea,ravencrest,864,priest,discipline,12,9,3
Priestyboyuk,tarren-mill,864,priest,discipline,12,9,3
Ðeeptherapy,ragnaros,864,priest,discipline,12,9,3
Byzzi,draenor,864,priest,discipline,12,9,3
Cbbigbape,thrall,864,priest,discipline,12,9,3
Finalvirus,draenor,864,priest,discipline,12,9,3
Slovak,stormscale,864,priest,discipline,12,9,3
Chimpanzoo,kazzak,864,priest,discipline,12,9,3
Tridus,eitrigg,864,priest,discipline,12,9,3
Bukakëlover,sanguino,864,priest,discipline,12,9,3
Monflouz,archimonde,864,priest,discipline,12,9,3
Priéstitude,kazzak,864,priest,discipline,12,9,3
Ðågéståñ,draenor,864,priest,discipline,12,9,3
Donvasco,kazzak,864,priest,discipline,18,9,9
Tia,mannoroth,864,priest,discipline,18,9,9
Laceylol,anubarak,864,priest,discipline,18,9,9
Sûzy,ravencrest,864,priest,discipline,18,9,9
Svetozarov,wildhammer,864,priest,discipline,18,9,9
Ynys,dentarg,864,priest,discipline,18,9,9
Infandus,pozzo-delleternità,864,priest,discipline,18,9,9
Jtep,ravencrest,864,priest,discipline,18,9,9
Ycvdfghrkynu,sylvanas,864,priest,discipline,18,9,9
Ahilarry,tarren-mill,864,priest,discipline,18,9,9
Thaykza,blackmoore,864,priest,discipline,18,9,9
Muant,twisting-nether,864,priest,discipline,18,9,9
Buchânân,archimonde,864,priest,discipline,18,9,9
Shaneya,silvermoon,864,priest,discipline,18,9,9
Lâñàt,ravencrest,864,priest,discipline,18,9,9
Gloffoló,ragnaros,864,priest,discipline,18,9,9
Fatalyse,ysondre,864,priest,discipline,84,39,45
Siign,ravencrest,864,priest,discipline,22,10,12
Teresie,argent-dawn,864,priest,discipline,24,9,15
Frígídhealz,outland,864,priest,discipline,24,9,15
Péntagon,festung-der-stürme,864,priest,discipline,24,9,15
Azymi,ravencrest,864,priest,discipline,24,9,15
Víd,dun-morogh,864,priest,discipline,24,9,15
Romei,tarren-mill,864,priest,discipline,24,9,15
Падлез,howling-fjord,864,priest,discipline,24,9,15
Próxs,ravencrest,864,priest,discipline,24,9,15
Chocomiette,archimonde,864,priest,discipline,25,9,16
Neverswapx,kazzak,864,priest,discipline,30,9,21
Devastris,ravencrest,864,priest,discipline,30,9,21
Evabae,the-maelstrom,864,priest,discipline,30,9,21
Spezzato,nemesis,864,priest,discipline,30,9,21
Grainbames,sylvanas,863,priest,discipline,12,9,3
Poc,burning-legion,863,priest,discipline,12,9,3
Grandpatea,silvermoon,863,priest,discipline,12,9,3
Toasttwo,kazzak,863,priest,discipline,12,9,3
Magicdisco,nemesis,863,priest,discipline,12,9,3
Весёлыйкоил,gordunni,863,priest,discipline,12,9,3
Simza,azuremyst,863,priest,discipline,12,9,3
Naivegnome,draenor,863,priest,discipline,12,9,3
Qjju,blackmoore,863,priest,discipline,12,9,3
Justtpro,twisting-nether,863,priest,discipline,12,9,3
Lehava,archimonde,863,priest,discipline,13,9,4
Kikixo,ghostlands,863,priest,discipline,16,10,6
Чотки,deepholm,863,priest,discipline,18,9,9
Pollution,ragnaros,863,priest,discipline,18,9,9
Ромиопвп,gordunni,863,priest,discipline,18,9,9
Ratingfeeder,tarren-mill,863,priest,discipline,18,9,9
Blights,ravencrest,863,priest,discipline,18,9,9
Sonoja,blackhand,863,priest,discipline,18,9,9
Fabuliciøus,blackrock,863,priest,discipline,18,9,9
Mïxa,eitrigg,863,priest,discipline,18,9,9
Coldxzera,tarren-mill,863,priest,discipline,18,9,9
Markianos,silvermoon,863,priest,discipline,18,9,9
Laceylee,anubarak,863,priest,discipline,18,9,9
Soloqhero,chamber-of-aspects,863,priest,discipline,18,9,9
Lqd,blackrock,863,priest,discipline,18,9,9
Sacreth,ragnaros,863,priest,discipline,18,9,9
Senza,ysondre,863,priest,discipline,24,9,15
Góli,argent-dawn,863,priest,discipline,24,9,15
Mojoo,aggramar,863,priest,discipline,24,9,15
Униакт,gordunni,863,priest,discipline,24,9,15
Capslk,ravencrest,863,priest,discipline,30,9,21
Shadokzor,ragnaros,863,priest,discipline,30,9,21
Mari,die-aldor,862,priest,discipline,12,9,3
Gidy,blackmoore,862,priest,discipline,12,9,3
Kildöre,hyjal,862,priest,discipline,12,9,3
Chaospilotén,sylvanas,862,priest,discipline,12,9,3
Vandansk,kazzak,862,priest,discipline,12,9,3
Eshania,frostwolf,862,priest,discipline,12,9,3
Vizire,ravencrest,862,priest,discipline,12,9,3
Rawelf,ravencrest,862,priest,discipline,12,9,3
Joeshmoex,blackrock,862,priest,discipline,12,9,3
Gnomeeater,silvermoon,862,priest,discipline,12,9,3
Jána,argent-dawn,862,priest,discipline,12,9,3
Hymn,defias-brotherhood,862,priest,discipline,12,9,3
Hiimpinxî,ragnaros,862,priest,discipline,18,9,9
Skyalpha,silvermoon,862,priest,discipline,18,9,9
Sandcastles,ravencrest,862,priest,discipline,18,9,9
Бахчи,thermaplugg,862,priest,discipline,18,9,9
Чтоподелать,soulflayer,862,priest,discipline,18,9,9
Bonzux,dethecus,862,priest,discipline,18,9,9
Shidolah,antonidas,862,priest,discipline,60,26,34
Солнцева,greymane,862,priest,discipline,24,9,15
Kämels,ravencrest,862,priest,discipline,24,9,15
Mxcey,ravencrest,862,priest,discipline,24,9,15
Рокрон,galakrond,862,priest,discipline,24,9,15
Wrapadoro,sanguino,862,priest,discipline,24,9,15
Merrysmiting,ravencrest,862,priest,discipline,30,9,21
Ghostee,twisting-nether,861,priest,discipline,12,9,3
Vierfingerjo,eredar,861,priest,discipline,18,9,9
Clastro,outland,861,priest,discipline,24,9,15
Retardé,tarren-mill,860,priest,discipline,12,9,3
Xyal,outland,860,priest,discipline,15,10,5
Bhlad,silvermoon,860,priest,discipline,18,9,9
Sorrop,sanguino,860,priest,discipline,18,9,9
Ximya,kazzak,860,priest,discipline,18,9,9
Xharyo,ravencrest,860,priest,discipline,22,9,13
Rafikii,eredar,860,priest,discipline,24,9,15
Maâti,kazzak,860,priest,discipline,30,9,21
Saltfeskball,tarren-mill,859,priest,discipline,18,9,9
Morgrith,twisting-nether,859,priest,discipline,18,9,9
ßlowska,hyjal,859,priest,discipline,24,9,15
Myxeh,ravencrest,859,priest,discipline,24,9,15
Àlucárd,blackhand,858,priest,discipline,18,9,9
Dotmaker,sanguino,858,priest,discipline,24,9,15
Plzhealme,stormscale,857,priest,discipline,12,9,3
Märx,conseil-des-ombres,857,priest,discipline,12,9,3
Теарка,howling-fjord,857,priest,discipline,18,9,9
Healpapa,blackhand,857,priest,discipline,18,9,9
Warhalla,sanguino,857,priest,discipline,25,9,16
Хомячише,lich-king,857,priest,discipline,30,9,21
Stormééz,bronzebeard,857,priest,discipline,38,11,27
Slyntan,ragnaros,856,priest,discipline,18,9,9
Ellianore,les-sentinelles,856,priest,discipline,24,9,15
Facemelterx,azjolnerub,856,priest,discipline,24,9,15
Byshadow,silvermoon,855,priest,discipline,18,9,9
Lunarg,die-ewige-wacht,855,priest,discipline,18,9,9
Calenberhtil,burning-legion,855,priest,discipline,18,9,9
Шадия,ashenvale,852,priest,discipline,21,12,9
Tykhe,burning-blade,851,priest,discipline,12,9,3
Абсорберша,gordunni,851,priest,discipline,18,9,9
Orbea,sinstralis,850,priest,discipline,12,9,3
Reighl,drakthul,850,priest,discipline,18,9,9
Míjagí,blackhand,850,priest,discipline,31,11,20
Prgkek,sanguino,849,priest,discipline,30,9,21
Tacko,tarren-mill,849,priest,discipline,30,9,21
Drgrey,archimonde,849,priest,discipline,37,9,28
Ruebi,blackmoore,848,priest,discipline,18,9,9
Lierie,kazzak,848,priest,discipline,42,10,32
Drynte,blackmoore,847,priest,discipline,23,9,14
Arîbeth,antonidas,846,priest,discipline,48,9,39
Kilrog,blackrock,845,priest,discipline,31,13,18
Kêllôggss,azshara,841,priest,discipline,12,9,3
Seiigops,ysondre,839,priest,discipline,12,9,3
Yeeni,doomhammer,839,priest,discipline,30,10,20
Kenyka,silvermoon,838,priest,discipline,73,25,48
Evastemplar,turalyon,836,priest,discipline,24,9,15
Valinoru,silvermoon,831,priest,discipline,17,9,8
Mílérí,ravencrest,830,priest,discipline,23,9,14
Figoluh,hyjal,829,priest,discipline,17,9,8
Тэслос,howling-fjord,829,priest,discipline,23,9,14
Lightofsuny,alakir,828,priest,discipline,35,11,24
Waikiki,ambossar,827,priest,discipline,16,10,6
Feoss,kaelthas,826,priest,discipline,16,10,6
Yoloswaglørd,blackmoore,822,priest,discipline,26,11,15
Ladá,stormscale,815,priest,discipline,19,9,10
Craquylx,hyjal,815,priest,discipline,23,9,14
Xxoo,antonidas,814,priest,discipline,17,9,8
Sedaip,twisting-nether,813,priest,discipline,23,9,14
Solaní,antonidas,808,priest,discipline,26,11,15
Попячебрило,gordunni,807,priest,discipline,90,45,45
Floydovka,ragnaros,804,priest,discipline,32,11,21
Majestíc,blackmoore,802,priest,discipline,27,10,17
Seniya,argent-dawn,801,priest,discipline,33,10,23
Rhanira,aegwynn,800,priest,discipline,17,9,8
Pb,stormscale,799,priest,discipline,11,9,2
Pillian,nordrassil,799,priest,discipline,16,9,7
Rallzken,stormscale,799,priest,discipline,35,12,23
Shikibu,sylvanas,798,priest,discipline,11,9,2
Svetidjordje,tarren-mill,795,priest,discipline,17,9,8
Roqu,ravencrest,792,priest,discipline,15,10,5
Bartolómeo,hellfire,792,priest,discipline,38,9,29
Duwendu,drakthul,791,priest,discipline,17,9,8
Jashmin,eredar,790,priest,discipline,57,19,38
Hugokatt,silvermoon,784,priest,discipline,13,9,4
Протомуу,gordunni,783,priest,discipline,11,9,2
Sapieha,burning-legion,783,priest,discipline,17,9,8
Homxcxde,ravencrest,777,priest,discipline,26,10,16
Zkæ,ravencrest,768,priest,discipline,12,8,4
Dotînc,blackrock,768,priest,discipline,12,8,4
Boogereater,kazzak,768,priest,discipline,12,8,4
Mewdi,outland,768,priest,discipline,12,8,4
Jesster,sylvanas,768,priest,discipline,12,8,4
Noxoth,amanthul,768,priest,discipline,12,8,4
Purebollox,twisting-nether,768,priest,discipline,12,8,4
Arnn,hyjal,768,priest,discipline,12,8,4
Bammerr,stormscale,768,priest,discipline,12,8,4
Lytoro,ravencrest,768,priest,discipline,12,8,4
Junglepls,burning-blade,768,priest,discipline,12,8,4
Nitroze,stormscale,768,priest,discipline,12,8,4
Apostas,ragnaros,768,priest,discipline,12,8,4
Alexuwu,kazzak,768,priest,discipline,12,8,4
Sethrial,ragnaros,768,priest,discipline,12,8,4
Celopital,archimonde,768,priest,discipline,12,8,4
Orkanwal,ravencrest,768,priest,discipline,12,8,4
Appraiser,draenor,768,priest,discipline,12,8,4
Soylaleche,ravencrest,768,priest,discipline,12,8,4
Zerovision,nemesis,768,priest,discipline,12,8,4
Dezless,tarren-mill,768,priest,discipline,12,8,4
Zône,hyjal,768,priest,discipline,12,8,4
Joeblowx,blackrock,768,priest,discipline,12,8,4
Ewamlf,drakthul,768,priest,discipline,12,8,4
Ewalouvia,drakthul,768,priest,discipline,12,8,4
Malisè,ravencrest,768,priest,discipline,12,8,4
Spectriums,twisting-nether,768,priest,discipline,12,8,4
Ilovebenji,antonidas,768,priest,discipline,12,8,4
Jesslol,archimonde,768,priest,discipline,12,8,4
Killafoolx,silvermoon,768,priest,discipline,12,8,4
Goofdookie,outland,768,priest,discipline,12,8,4
Anabølix,ravencrest,768,priest,discipline,12,8,4
Iljvjll,blackrock,768,priest,discipline,12,8,4
Krecik,deathwing,768,priest,discipline,12,8,4
Tycho,stormscale,768,priest,discipline,12,8,4
Meldgodx,das-konsortium,768,priest,discipline,12,8,4
Røylian,ravencrest,768,priest,discipline,12,8,4
Katleiya,ysondre,768,priest,discipline,12,8,4
Poolkadot,stormscale,768,priest,discipline,12,8,4
Bellrock,nemesis,768,priest,discipline,16,9,7
Jezaja,sylvanas,768,priest,discipline,18,8,10
Azpr,ravencrest,768,priest,discipline,18,8,10
Chrònos,das-konsortium,768,priest,discipline,18,8,10
Cheeséd,ravencrest,768,priest,discipline,18,8,10
Skjelett,stormscale,768,priest,discipline,18,8,10
Ttmlht,alakir,768,priest,discipline,18,8,10
Zoof,eldrethalas,768,priest,discipline,18,8,10
Finizkram,sylvanas,768,priest,discipline,18,8,10
Фростингшп,goldrinn,768,priest,discipline,18,8,10
Têmplârx,stormscale,768,priest,discipline,18,8,10
Tobijara,proudmoore,768,priest,discipline,18,8,10
Kristianburn,arathi,768,priest,discipline,18,8,10
Uanna,ravencrest,768,priest,discipline,18,8,10
Alexwinkwink,kazzak,768,priest,discipline,18,8,10
Stealtsøul,outland,768,priest,discipline,18,8,10
Yokaja,aegwynn,768,priest,discipline,18,8,10
Mercila,drakthul,768,priest,discipline,18,8,10
Skyrojo,ravencrest,768,priest,discipline,22,8,14
Черныйплюс,blackscar,768,priest,discipline,24,8,16
Shyiox,frostwolf,768,priest,discipline,24,8,16
Avp,the-maelstrom,768,priest,discipline,24,8,16
Mindblown,arthas,768,priest,discipline,24,8,16
Brainbadly,aegwynn,768,priest,discipline,24,8,16
Zackher,dun-modr,768,priest,discipline,24,8,16
Ðelftware,tarren-mill,767,priest,discipline,12,8,4
Sunfire,twisting-nether,767,priest,discipline,12,8,4
Kletroll,archimonde,767,priest,discipline,12,8,4
Vynie,antonidas,767,priest,discipline,12,8,4
Jappsolut,outland,767,priest,discipline,12,8,4
Szerelmi,ragnaros,767,priest,discipline,12,8,4
Ingvár,blackrock,767,priest,discipline,12,8,4
Kinkylee,drakthul,767,priest,discipline,12,8,4
Aexlius,silvermoon,767,priest,discipline,12,8,4
Unckus,defias-brotherhood,767,priest,discipline,12,8,4
Eotlin,shattered-hand,767,priest,discipline,12,8,4
Leçke,ravencrest,767,priest,discipline,12,8,4
Zordochpräst,ravencrest,767,priest,discipline,12,8,4
Diszis,antonidas,767,priest,discipline,12,8,4
Петрушка,gordunni,767,priest,discipline,12,8,4
Reeta,stormscale,767,priest,discipline,12,8,4
Sýmo,kazzak,767,priest,discipline,12,8,4
Freyalas,dun-morogh,767,priest,discipline,12,8,4
Neeti,kazzak,767,priest,discipline,12,8,4
Srysx,nazjatar,767,priest,discipline,12,8,4
Évà,twisting-nether,767,priest,discipline,12,8,4
Стромъяр,gordunni,767,priest,discipline,12,8,4
Perfectsétup,ravencrest,767,priest,discipline,18,8,10
Xytael,burning-legion,767,priest,discipline,18,8,10
Luminouzilla,tarren-mill,767,priest,discipline,18,8,10
Zelensky,stormscale,767,priest,discipline,18,8,10
Peterhrivnak,tarren-mill,767,priest,discipline,18,8,10
Tothegrave,draenor,767,priest,discipline,18,8,10
Dfourc,blackhand,767,priest,discipline,18,8,10
Stajp,blackrock,767,priest,discipline,18,8,10
Imaut,emerald-dream,767,priest,discipline,18,8,10
Miinerrva,silvermoon,767,priest,discipline,18,8,10
Saurap,uldum,767,priest,discipline,18,8,10
Célaz,blackmoore,767,priest,discipline,18,8,10
Missandeí,frostmane,767,priest,discipline,18,8,10
Dathanosx,outland,767,priest,discipline,18,8,10
Arwén,zuljin,767,priest,discipline,18,8,10
Joex,arathor,767,priest,discipline,18,8,10
Oneheal,rexxar,767,priest,discipline,24,8,16
Disclol,aegwynn,767,priest,discipline,24,8,16
Ìstarï,sylvanas,767,priest,discipline,24,8,16
Anadyia,aegwynn,767,priest,discipline,24,8,16
Bialun,argent-dawn,767,priest,discipline,24,8,16
Priestyo,blackrock,767,priest,discipline,24,8,16
Cinjá,thrall,767,priest,discipline,25,8,17
Healenax,ravencrest,767,priest,discipline,30,8,22
Sameasal,kazzak,766,priest,discipline,12,8,4
Eurocodex,antonidas,766,priest,discipline,12,8,4
Okfartpå,ravencrest,766,priest,discipline,12,8,4
Chrissirr,culte-de-la-rive-noire,766,priest,discipline,12,8,4
Liaril,sanguino,766,priest,discipline,12,8,4
Xandrqt,sanguino,766,priest,discipline,12,8,4
Celrin,chamber-of-aspects,766,priest,discipline,12,8,4
Yoshimuri,twisting-nether,766,priest,discipline,12,8,4
Kurdish,hyjal,766,priest,discipline,12,8,4
Schustraja,blackrock,766,priest,discipline,12,8,4
Mitø,ravencrest,766,priest,discipline,12,8,4
Elyra,the-shatar,766,priest,discipline,12,8,4
Snickwomen,silvermoon,766,priest,discipline,14,8,6
Кфень,soulflayer,766,priest,discipline,16,9,7
Toljénpr,twisting-nether,766,priest,discipline,18,8,10
Chuntriest,shadowsong,766,priest,discipline,18,8,10
Хилмил,soulflayer,766,priest,discipline,18,8,10
Børisheal,draenor,766,priest,discipline,18,8,10
Alaarys,hyjal,766,priest,discipline,18,8,10
Upo,kazzak,766,priest,discipline,18,8,10
Lianny,sylvanas,766,priest,discipline,18,8,10
Shimajo,steamwheedle-cartel,766,priest,discipline,18,8,10
Ezor,dalvengyr,766,priest,discipline,18,8,10
Metabeta,shattered-hand,766,priest,discipline,24,8,16
Thesunbeam,silvermoon,766,priest,discipline,24,8,16
Addickted,defias-brotherhood,765,priest,discipline,12,8,4
Tormanos,argent-dawn,765,priest,discipline,12,8,4
Larialool,malorne,765,priest,discipline,12,8,4
Regenerous,bloodhoof,765,priest,discipline,22,11,11
Djmouniax,archimonde,765,priest,discipline,18,8,10
Schnikki,mannoroth,765,priest,discipline,18,8,10
Нахилета,soulflayer,765,priest,discipline,24,8,16
Thakjing,bladefist,765,priest,discipline,24,8,16
Ноатоэль,gordunni,765,priest,discipline,24,8,16
Zoynaw,blackmoore,765,priest,discipline,24,8,16
Priesterious,blackrock,765,priest,discipline,24,8,16
Demorog,stormscale,764,priest,discipline,12,8,4
Uglypriest,grim-batol,764,priest,discipline,12,8,4
Bendforpi,outland,764,priest,discipline,18,8,10
Irenedwen,silvermoon,764,priest,discipline,18,8,10
Shalnorei,drakthul,764,priest,discipline,18,8,10
Sastry,drakthul,764,priest,discipline,18,8,10
Aurea,deathwing,764,priest,discipline,18,8,10
Sarafîsthole,ysondre,764,priest,discipline,18,8,10
Itokkzhul,draenor,763,priest,discipline,18,8,10
Hmanco,burning-legion,763,priest,discipline,18,8,10
Inoy,dun-modr,763,priest,discipline,18,8,10
Кравос,soulflayer,763,priest,discipline,18,8,10
Rollingpork,burning-legion,763,priest,discipline,21,9,12
Estarôn,antonidas,763,priest,discipline,24,8,16
Mwxz,ravencrest,763,priest,discipline,24,8,16
Adizeww,kazzak,763,priest,discipline,30,8,22
Nyuu,aggra-português,762,priest,discipline,12,8,4
Nightshådøw,silvermoon,762,priest,discipline,22,10,12
Razonuke,ravencrest,762,priest,discipline,18,8,10
Tëmärï,ravencrest,762,priest,discipline,18,8,10
Лилинтель,gordunni,762,priest,discipline,42,8,34
Pownme,blackmoore,761,priest,discipline,12,8,4
Urticaire,arathi,761,priest,discipline,18,8,10
Fillî,antonidas,761,priest,discipline,18,8,10
Могвайи,soulflayer,761,priest,discipline,18,8,10
Velanrous,kazzak,760,priest,discipline,18,8,10
Tarik,nemesis,760,priest,discipline,19,8,11
Келебриана,deepholm,759,priest,discipline,12,8,4
Enchanttress,burning-legion,759,priest,discipline,12,8,4
Keerah,frostmourne,758,priest,discipline,18,8,10
Socratés,antonidas,758,priest,discipline,90,33,57
Sîanah,archimonde,754,priest,discipline,12,8,4
Morcana,gorgonnash,754,priest,discipline,18,8,10
Shattow,ravencrest,751,priest,discipline,17,8,9
Insaner,ahnqiraj,751,priest,discipline,17,8,9
Pestas,ysondre,751,priest,discipline,18,8,10
Tïniebla,dun-modr,750,priest,discipline,18,8,10
Annéfetamine,ragnaros,749,priest,discipline,25,9,16
Seypercillo,dun-modr,746,priest,discipline,24,8,16
Lazzariah,ravencrest,742,priest,discipline,18,8,10
Nilsatis,grim-batol,741,priest,discipline,71,26,45
Hombre,anetheron,734,priest,discipline,22,9,13
Blorpan,tarren-mill,734,priest,discipline,26,9,17
Bälöö,archimonde,733,priest,discipline,22,8,14
Amoorâ,twisting-nether,732,priest,discipline,11,8,3
Kipnuggetz,burning-legion,732,priest,discipline,17,8,9
Killermoon,rexxar,728,priest,discipline,16,8,8
Cthultist,dun-modr,728,priest,discipline,26,9,17
Ortarn,defias-brotherhood,727,priest,discipline,25,10,15
Dumstrut,twisting-nether,726,priest,discipline,23,9,14
Pnsl,dun-morogh,723,priest,discipline,36,11,25
Shádøwx,ravencrest,720,priest,discipline,21,9,12
Coldyx,blackrock,719,priest,discipline,11,8,3
Otacon,burning-legion,719,priest,discipline,15,8,7
Frenchpriest,archimonde,719,priest,discipline,17,8,9
Incorporeal,eredar,719,priest,discipline,17,8,9
Quintanaro,thrall,719,priest,discipline,33,8,25
Oprahpriest,ragnaros,718,priest,discipline,11,8,3
Discpower,kazzak,718,priest,discipline,17,8,9
Barbwife,outland,717,priest,discipline,18,8,10
Sméctà,marécage-de-zangar,713,priest,discipline,16,9,7
Косн,razuvious,713,priest,discipline,22,9,13
Дакимакурах,gordunni,713,priest,discipline,23,9,14
Zubrowkâ,kazzak,712,priest,discipline,27,9,18
Theboulshìts,ravencrest,712,priest,discipline,27,9,18
Telpriest,blackrock,710,priest,discipline,25,9,16
Anariell,ravencrest,706,priest,discipline,19,9,10
Greenlizard,stormreaver,704,priest,discipline,22,8,14
Nällytq,nefarian,703,priest,discipline,11,8,3
Chazka,ravencrest,703,priest,discipline,11,8,3
Zakuula,burning-legion,702,priest,discipline,16,8,8
Willibad,executus,692,priest,discipline,30,8,22
Sevika,twisting-nether,688,priest,discipline,13,8,5
Sollante,onyxia,686,priest,discipline,11,8,3
Wintersônne,kult-der-verdammten,684,priest,discipline,13,8,5
Trixix,ragnaros,684,priest,discipline,14,8,6
Holymoni,ragnaros,680,priest,discipline,16,8,8
Johnrainbow,blackmoore,672,priest,discipline,10,8,2
Zenfangirlx,kazzak,672,priest,discipline,12,7,5
Discobeb,les-clairvoyants,672,priest,discipline,12,7,5
Cringelørd,alakir,672,priest,discipline,12,7,5
Sapholie,kirin-tor,672,priest,discipline,12,7,5
Gronning,grim-batol,672,priest,discipline,12,7,5
Ранзегодх,soulflayer,672,priest,discipline,12,7,5
Pliagonosic,drakthul,672,priest,discipline,12,7,5
Ganakenp,tarren-mill,672,priest,discipline,12,7,5
Excell,hellfire,672,priest,discipline,12,7,5
Moppriest,twisting-nether,672,priest,discipline,12,7,5
Wurstpriest,silvermoon,672,priest,discipline,12,7,5
Seeyae,ravencrest,672,priest,discipline,12,7,5
Xethh,stormscale,672,priest,discipline,12,7,5
Shadowdinner,kazzak,672,priest,discipline,12,7,5
Amélianna,dalaran,672,priest,discipline,12,7,5
Womanwonderf,ravencrest,672,priest,discipline,12,7,5
Evypriest,draenor,672,priest,discipline,12,7,5
Zelaxp,stormscale,672,priest,discipline,12,7,5
Chéry,archimonde,672,priest,discipline,12,7,5
Bunnygxrl,ravencrest,672,priest,discipline,12,7,5
Laurens,tarren-mill,672,priest,discipline,12,7,5
Longheals,stormscale,672,priest,discipline,12,7,5
Peeveeéee,ravencrest,672,priest,discipline,12,7,5
Tafsirí,stormscale,672,priest,discipline,12,7,5
Agms,sanguino,672,priest,discipline,12,7,5
Pattie,ragnaros,672,priest,discipline,12,7,5
Néantine,ysondre,672,priest,discipline,12,7,5
Holymamba,silvermoon,672,priest,discipline,12,7,5
Shuya,archimonde,672,priest,discipline,12,7,5
Skallya,ysondre,672,priest,discipline,12,7,5
Zsozsopapa,tarren-mill,672,priest,discipline,12,7,5
Nishto,twisting-nether,672,priest,discipline,12,7,5
Barbïelolz,sargeras,672,priest,discipline,12,7,5
Magiclands,twisting-nether,672,priest,discipline,12,7,5
Ziz,outland,672,priest,discipline,12,7,5
Lipoatrofia,sanguino,672,priest,discipline,12,7,5
Ranocchio,the-maelstrom,672,priest,discipline,12,7,5
Leronia,stormscale,672,priest,discipline,12,7,5
Rixfoulah,ysondre,672,priest,discipline,12,7,5
Kosa,tarren-mill,672,priest,discipline,12,7,5
Ahrimal,turalyon,672,priest,discipline,12,7,5
Discmachinex,stormscale,672,priest,discipline,12,7,5
Bonzuu,ravencrest,672,priest,discipline,12,7,5
Shenkt,ravenholdt,672,priest,discipline,12,7,5
Tortellìno,stormscale,672,priest,discipline,12,7,5
Monkeywave,stormscale,672,priest,discipline,12,7,5
Ajioli,frostwolf,672,priest,discipline,12,7,5
Отменяю,howling-fjord,672,priest,discipline,12,7,5
Touchypunk,ravencrest,672,priest,discipline,12,7,5
Gudjon,dragonblight,672,priest,discipline,12,7,5
Staj,blackrock,672,priest,discipline,12,7,5
Healywealy,stormrage,672,priest,discipline,12,7,5
Somai,aegwynn,672,priest,discipline,12,7,5
Dashxzz,silvermoon,672,priest,discipline,12,7,5
Лилтёрти,soulflayer,672,priest,discipline,12,7,5
Fortítude,draenor,672,priest,discipline,12,7,5
Mdmaster,stormreaver,672,priest,discipline,12,7,5
Noonex,hakkar,672,priest,discipline,12,7,5
Picsagøðx,ragnaros,672,priest,discipline,12,7,5
Scaared,malganis,672,priest,discipline,12,7,5
Gladíator,blackhand,672,priest,discipline,12,7,5
Dombili,frostmane,672,priest,discipline,12,7,5
Binkx,tarren-mill,672,priest,discipline,12,7,5
Morphics,silvermoon,672,priest,discipline,12,7,5
Dîàna,archimonde,672,priest,discipline,12,7,5
Sneboldìs,sylvanas,672,priest,discipline,12,7,5
Deluxgodx,kazzak,672,priest,discipline,12,7,5
Plåster,dunemaul,672,priest,discipline,12,7,5
Priestedy,ravencrest,672,priest,discipline,12,7,5
Uadedez,tarren-mill,672,priest,discipline,13,7,6
Ominoushell,twisting-nether,672,priest,discipline,15,7,8
Solerona,blackmoore,672,priest,discipline,18,7,11
Misa,ravencrest,672,priest,discipline,18,7,11
Bij,outland,672,priest,discipline,18,7,11
Venitate,kazzak,672,priest,discipline,18,7,11
Sardine,ravencrest,672,priest,discipline,18,7,11
Heatti,darksorrow,672,priest,discipline,18,7,11
Ábomínatíøn,ravencrest,672,priest,discipline,18,7,11
Byez,kazzak,672,priest,discipline,18,7,11
Pdead,kazzak,672,priest,discipline,18,7,11
Toxicx,aegwynn,672,priest,discipline,18,7,11
Люциусмелфой,howling-fjord,672,priest,discipline,18,7,11
Djplay,aegwynn,672,priest,discipline,18,7,11
Kaltasar,guldan,672,priest,discipline,18,7,11
Cház,sanguino,672,priest,discipline,18,7,11
Moonsaint,stormscale,672,priest,discipline,18,7,11
Malpractîce,draenor,672,priest,discipline,18,7,11
Mindgames,the-maelstrom,672,priest,discipline,18,7,11
Danri,ravencrest,672,priest,discipline,18,7,11
Yulez,malganis,672,priest,discipline,18,7,11
Djariisimp,tarren-mill,672,priest,discipline,18,7,11
Айрогуэл,grom,672,priest,discipline,18,7,11
Bebsenpai,hyjal,672,priest,discipline,18,7,11
Zivl,blackrock,672,priest,discipline,18,7,11
Yaaoz,dun-modr,672,priest,discipline,24,7,17
Cptmoigx,antonidas,672,priest,discipline,24,7,17
Хексорик,howling-fjord,672,priest,discipline,24,7,17
Sweity,dun-modr,672,priest,discipline,24,7,17
Sàvia,pozzo-delleternità,672,priest,discipline,24,7,17
Greenlizzard,emerald-dream,672,priest,discipline,24,7,17
Sbubbi,ravencrest,672,priest,discipline,24,7,17
Smiteyoudown,aegwynn,672,priest,discipline,24,7,17
Ezhealing,ravencrest,671,priest,discipline,12,7,5
Yillva,darkspear,671,priest,discipline,12,7,5
Köftemcc,blackrock,671,priest,discipline,12,7,5
Rines,thrall,671,priest,discipline,12,7,5
Furinatko,drakthul,671,priest,discipline,12,7,5
Exorcizamus,khaz-modan,671,priest,discipline,12,7,5
Reól,blackmoore,671,priest,discipline,12,7,5
Schnîttchen,blackrock,671,priest,discipline,12,7,5
Boomboxk,darksorrow,671,priest,discipline,12,7,5
Атинка,gordunni,671,priest,discipline,12,7,5
Taksí,tarren-mill,671,priest,discipline,12,7,5
Flode,draenor,671,priest,discipline,12,7,5
Depleeky,blackmoore,671,priest,discipline,12,7,5
Шэпахан,soulflayer,671,priest,discipline,12,7,5
Löspajen,stormscale,671,priest,discipline,12,7,5
Liljohnny,silvermoon,671,priest,discipline,12,7,5
Æsthëtìçgødx,exodar,671,priest,discipline,12,7,5
Fargall,eonar,671,priest,discipline,12,7,5
Hardbowl,teldrassil,671,priest,discipline,12,7,5
Spicebags,draenor,671,priest,discipline,12,7,5
Halps,silvermoon,671,priest,discipline,12,7,5
Taxprayer,blackmoore,671,priest,discipline,12,7,5
Роа,soulflayer,671,priest,discipline,12,7,5
Highpriestqt,pozzo-delleternità,671,priest,discipline,12,7,5
Колабезгаза,howling-fjord,671,priest,discipline,12,7,5
Phoskitos,sanguino,671,priest,discipline,12,7,5
Dannebrog,eonar,671,priest,discipline,12,7,5
Lish,dun-modr,671,priest,discipline,12,7,5
Szederina,outland,671,priest,discipline,12,7,5
Кармелитас,gordunni,671,priest,discipline,12,7,5
Giggidee,tarren-mill,671,priest,discipline,12,7,5
Fedosia,kazzak,671,priest,discipline,13,7,6
Zazeriño,dun-modr,671,priest,discipline,13,7,6
Shãdowlãght,antonidas,671,priest,discipline,14,7,7
Ziap,dentarg,671,priest,discipline,20,8,12
Tekåpriest,tarren-mill,671,priest,discipline,18,7,11
Cronershadow,stormscale,671,priest,discipline,18,7,11
Pixa,dalaran,671,priest,discipline,18,7,11
Pharli,stormscale,671,priest,discipline,18,7,11
Текилашотёп,soulflayer,671,priest,discipline,18,7,11
Маджори,azuregos,671,priest,discipline,18,7,11
Débthèønë,ravencrest,671,priest,discipline,18,7,11
Botoxo,zirkel-des-cenarius,671,priest,discipline,18,7,11
Lysium,sylvanas,671,priest,discipline,18,7,11
Убийцаорчат,lich-king,671,priest,discipline,18,7,11
Kasuny,outland,671,priest,discipline,18,7,11
Lillaego,ragnaros,671,priest,discipline,18,7,11
Психоз,gordunni,671,priest,discipline,18,7,11
Холигард,grom,671,priest,discipline,18,7,11
Holykebab,defias-brotherhood,671,priest,discipline,24,7,17
Взрывмозга,howling-fjord,671,priest,discipline,24,7,17
Kyojin,pozzo-delleternità,671,priest,discipline,24,7,17
Encablossa,outland,671,priest,discipline,24,7,17
Pandariel,argent-dawn,671,priest,discipline,24,7,17
Fictus,tarren-mill,671,priest,discipline,30,7,23
Хемех,soulflayer,670,priest,discipline,12,7,5
Këkhtaräkh,tarren-mill,670,priest,discipline,12,7,5
Exo,blackmoore,670,priest,discipline,12,7,5
Noralía,die-aldor,670,priest,discipline,12,7,5
Orqz,anetheron,670,priest,discipline,12,7,5
Ремкомплект,soulflayer,670,priest,discipline,12,7,5
Elysandra,sanguino,670,priest,discipline,12,7,5
Cheesegód,outland,670,priest,discipline,12,7,5
Tilah,azjolnerub,670,priest,discipline,12,7,5
Kellen,burning-blade,670,priest,discipline,12,7,5
Reizer,argent-dawn,670,priest,discipline,12,7,5
Любительница,galakrond,670,priest,discipline,23,10,13
Каратэк,howling-fjord,670,priest,discipline,17,7,10
Olikharma,archimonde,670,priest,discipline,18,7,11
Foxeh,argent-dawn,670,priest,discipline,18,7,11
Blaumeaux,eredar,670,priest,discipline,18,7,11
Halinor,archimonde,670,priest,discipline,18,7,11
Aggresivdisc,hyjal,670,priest,discipline,18,7,11
Cabuto,darksorrow,670,priest,discipline,18,7,11
Makkalisser,kazzak,670,priest,discipline,24,7,17
Eentii,twisting-nether,669,priest,discipline,12,7,5
Freeak,hellfire,669,priest,discipline,12,7,5
Belithia,argent-dawn,669,priest,discipline,12,7,5
Kangkong,burning-legion,669,priest,discipline,18,7,11
Dizdae,rashgarroth,669,priest,discipline,18,7,11
Дэйвора,ashenvale,669,priest,discipline,18,7,11
Йениферх,gordunni,669,priest,discipline,24,7,17
Пакспамир,gordunni,668,priest,discipline,12,7,5
Ikarus,kragjin,668,priest,discipline,18,7,11
Mescaminator,blackmoore,668,priest,discipline,18,7,11
Уворобей,gordunni,668,priest,discipline,18,7,11
Lacaena,deathwing,668,priest,discipline,18,7,11
Mglhero,stormscale,668,priest,discipline,18,7,11
Хавейл,gordunni,668,priest,discipline,18,7,11
Szakalor,burning-legion,668,priest,discipline,24,7,17
Дуззер,howling-fjord,667,priest,discipline,12,7,5
Emolate,aggramar,667,priest,discipline,12,7,5
Shyktar,sanguino,667,priest,discipline,12,7,5
Traitor,alakir,666,priest,discipline,12,7,5
Romelu,archimonde,666,priest,discipline,18,7,11
Nondi,frostmane,666,priest,discipline,18,7,11
Timmemeep,outland,663,priest,discipline,18,7,11
Холисшит,gordunni,662,priest,discipline,18,7,11
Camellight,stormscale,661,priest,discipline,18,7,11
Hiliom,ahnqiraj,660,priest,discipline,38,12,26
Mëstre,sanguino,658,priest,discipline,12,7,5
Атентат,gordunni,654,priest,discipline,17,7,10
Injahla,thrall,650,priest,discipline,18,7,11
Jaein,thrall,640,priest,discipline,16,8,8
Samimnot,ravencrest,639,priest,discipline,14,8,6
Yazzyz,eredar,639,priest,discipline,23,7,16
Chooser,stormscale,638,priest,discipline,20,8,12
Nepheliel,ysondre,628,priest,discipline,12,8,4
Ysteriagødx,twisting-nether,624,priest,discipline,15,8,7
Yourholiness,rexxar,624,priest,discipline,15,7,8
Submexoxo,archimonde,624,priest,discipline,15,7,8
Badballs,doomhammer,623,priest,discipline,11,7,4
Zénack,stormscale,622,priest,discipline,17,7,10
Vikuskija,das-syndikat,622,priest,discipline,17,7,10
Darktattoo,twisting-nether,621,priest,discipline,21,8,13
Blastor,ravencrest,621,priest,discipline,21,7,14
Argôs,ravencrest,620,priest,discipline,14,8,6
Voilencia,kazzak,620,priest,discipline,21,7,14
Giibboo,emerald-dream,618,priest,discipline,22,9,13
Kasáya,thrall,617,priest,discipline,24,8,16
Jumbe,eredar,607,priest,discipline,11,7,4
Blablaxd,aggramar,607,priest,discipline,16,7,9
Brainðead,aegwynn,606,priest,discipline,11,7,4
Atibarát,hellfire,605,priest,discipline,16,7,9
Пофанчику,soulflayer,597,priest,discipline,35,14,21
Schmetter,tarren-mill,592,priest,discipline,13,7,6
Diccen,twilights-hammer,592,priest,discipline,13,7,6
Schnüschnü,blackmoore,592,priest,discipline,25,7,18
Стронгвумен,gordunni,591,priest,discipline,13,7,6
Ameezy,bloodfeather,591,priest,discipline,20,7,13
Sjerenìty,stormscale,576,priest,discipline,6,6,0
Mühü,stormreaver,576,priest,discipline,6,6,0
Scrubydoo,ravencrest,576,priest,discipline,6,6,0
Бычацентнер,soulflayer,576,priest,discipline,6,6,0
Pøcketsåge,blackrock,576,priest,discipline,6,6,0
Nòvã,kazzak,576,priest,discipline,6,6,0
Táliss,arthas,576,priest,discipline,6,6,0
Nemex,jaedenar,576,priest,discipline,6,6,0
Tezqt,ravencrest,576,priest,discipline,6,6,0
Flanderspri,ravencrest,576,priest,discipline,6,6,0
Willzah,outland,576,priest,discipline,6,6,0
Arianaglandé,hyjal,576,priest,discipline,6,6,0
Brainwashed,malorne,576,priest,discipline,10,7,3
Melcarth,blades-edge,576,priest,discipline,12,6,6
Ðèvì,ravencrest,576,priest,discipline,12,6,6
Jogug,mannoroth,576,priest,discipline,12,6,6
Eviscerätor,draenor,576,priest,discipline,12,6,6
Данке,soulflayer,576,priest,discipline,12,6,6
Dusktide,ravencrest,576,priest,discipline,12,6,6
Nogsn,kazzak,576,priest,discipline,12,6,6
Abyl,nethersturm,576,priest,discipline,12,6,6
Saehnx,blackrock,576,priest,discipline,12,6,6
Wumtris,ragnaros,576,priest,discipline,12,6,6
Aethanira,silvermoon,576,priest,discipline,12,6,6
Kaylaylaylay,draenor,576,priest,discipline,12,6,6
Randpriets,nemesis,576,priest,discipline,12,6,6
Мариона,gordunni,576,priest,discipline,12,6,6
Шарлизх,gordunni,576,priest,discipline,12,6,6
Lectrá,kazzak,576,priest,discipline,12,6,6
Ènma,archimonde,576,priest,discipline,12,6,6
Apeminister,nemesis,576,priest,discipline,12,6,6
Stuhlgänger,blackhand,576,priest,discipline,12,6,6
Ранзерот,soulflayer,576,priest,discipline,12,6,6
Sejká,malganis,576,priest,discipline,12,6,6
Steelbird,ravencrest,576,priest,discipline,12,6,6
Whynolove,ragnaros,576,priest,discipline,12,6,6
Вакидзачи,gordunni,576,priest,discipline,12,6,6
Popor,archimonde,576,priest,discipline,12,6,6
Seemywatch,ungoro,576,priest,discipline,12,6,6
Chalecø,dun-modr,576,priest,discipline,12,6,6
Pukkadtfasz,ragnaros,576,priest,discipline,12,6,6
Vhis,ragnaros,576,priest,discipline,12,6,6
Aveix,silvermoon,576,priest,discipline,12,6,6
Becknarbritt,stormscale,576,priest,discipline,12,6,6
Emancipation,outland,576,priest,discipline,12,6,6
Wush,tarren-mill,576,priest,discipline,12,6,6
Zeksii,kazzak,576,priest,discipline,12,6,6
Tâssên,kazzak,576,priest,discipline,12,6,6
Chafrufru,kazzak,576,priest,discipline,12,6,6
Tifrahat,the-maelstrom,576,priest,discipline,12,6,6
Sleepzqt,blackrock,576,priest,discipline,12,6,6
Oddarne,twisting-nether,576,priest,discipline,12,6,6
Grovebranch,outland,576,priest,discipline,12,6,6
Samerika,tarren-mill,576,priest,discipline,12,6,6
Giygas,malganis,576,priest,discipline,12,6,6
Chira,thunderhorn,576,priest,discipline,12,6,6
Teyna,alakir,576,priest,discipline,12,6,6
Фуллхд,soulflayer,576,priest,discipline,12,6,6
Nerfthat,thunderhorn,576,priest,discipline,12,6,6
Wispyx,kazzak,576,priest,discipline,12,6,6
Notthatbad,draenor,576,priest,discipline,12,6,6
Ndrumj,sylvanas,576,priest,discipline,12,6,6
Ranagöl,ragnaros,576,priest,discipline,12,6,6
Quasarberg,ravencrest,576,priest,discipline,12,6,6
Pigo,tarren-mill,576,priest,discipline,12,6,6
Hirokumi,archimonde,576,priest,discipline,12,6,6
Sehnsucht,kazzak,576,priest,discipline,12,6,6
Nestiah,hyjal,576,priest,discipline,12,6,6
Belfu,twisting-nether,576,priest,discipline,12,6,6
Lafap,eredar,576,priest,discipline,12,6,6
Idisck,kazzak,576,priest,discipline,12,6,6
Vorsie,tarren-mill,576,priest,discipline,12,6,6
Shttygame,nazjatar,576,priest,discipline,12,6,6
Inánis,argent-dawn,576,priest,discipline,12,6,6
Ascindra,ravencrest,576,priest,discipline,12,6,6
Jaylove,frostwolf,576,priest,discipline,12,6,6
Nicolovato,draenor,576,priest,discipline,12,6,6
Ahyha,ravencrest,576,priest,discipline,12,6,6
Schalaba,frostwolf,576,priest,discipline,12,6,6
Vallstwo,zuljin,576,priest,discipline,12,6,6
Caliadan,kazzak,576,priest,discipline,12,6,6
Nyxara,outland,576,priest,discipline,12,6,6
Dødy,hyjal,576,priest,discipline,12,6,6
Pøh,kilrogg,576,priest,discipline,12,6,6
Hardstylewtf,chromaggus,576,priest,discipline,12,6,6
Jaduheart,ravencrest,576,priest,discipline,12,6,6
Редженерэйшн,gordunni,576,priest,discipline,12,6,6
Laddets,ravencrest,576,priest,discipline,12,6,6
Kankstery,kazzak,576,priest,discipline,12,6,6
Resuscitator,spinebreaker,576,priest,discipline,12,6,6
Aritrosp,kargath,576,priest,discipline,12,6,6
Zyzzforever,grim-batol,576,priest,discipline,12,6,6
Binobly,outland,576,priest,discipline,12,6,6
Menjo,silvermoon,576,priest,discipline,12,6,6
Kintsugí,ragnaros,576,priest,discipline,12,6,6
Vulreth,culte-de-la-rive-noire,576,priest,discipline,12,6,6
Vinopure,turalyon,576,priest,discipline,12,6,6
Billybay,argent-dawn,576,priest,discipline,12,6,6
Fästrak,dalaran,576,priest,discipline,12,6,6
Peign,eredar,576,priest,discipline,12,6,6
Moonpry,twisting-nether,576,priest,discipline,12,6,6
Ryyne,ravencrest,576,priest,discipline,12,6,6
Obifearnooby,blackhand,576,priest,discipline,12,6,6
Qirkocz,drakthul,576,priest,discipline,12,6,6
Zøid,ysondre,576,priest,discipline,12,6,6
Visàge,silvermoon,576,priest,discipline,12,6,6
Boysa,earthen-ring,576,priest,discipline,12,6,6
Димавампирик,howling-fjord,576,priest,discipline,12,6,6
Jesper,outland,576,priest,discipline,12,6,6
Крэкслингер,howling-fjord,576,priest,discipline,12,6,6
Msbald,shattered-hand,576,priest,discipline,12,6,6
Zyreenx,blackrock,576,priest,discipline,12,6,6
Holishiit,xavius,576,priest,discipline,12,6,6
Unfayth,sylvanas,576,priest,discipline,12,6,6
Фруктег,howling-fjord,576,priest,discipline,12,6,6
Steroidkidx,ravencrest,576,priest,discipline,12,6,6
Stee,sylvanas,576,priest,discipline,12,6,6
Rune,ravencrest,576,priest,discipline,12,6,6
Eiw,drakthul,576,priest,discipline,12,6,6
Çhéåtçødé,ravencrest,576,priest,discipline,12,6,6
Pallimpallam,blackrock,576,priest,discipline,12,6,6
Vladhealsyou,outland,576,priest,discipline,12,6,6
Mitasdi,stormscale,576,priest,discipline,12,6,6
Felon,burning-legion,576,priest,discipline,12,6,6
Ballarr,burning-legion,576,priest,discipline,12,6,6
Йодтс,soulflayer,576,priest,discipline,12,6,6
Densen,burning-legion,576,priest,discipline,12,6,6
Roxxurios,khazgoroth,576,priest,discipline,12,6,6
Whitemask,kazzak,576,priest,discipline,12,6,6
Saturnqt,archimonde,576,priest,discipline,12,6,6
Свао,howling-fjord,576,priest,discipline,12,6,6
Mârcwel,burning-legion,576,priest,discipline,12,6,6
Родохрозит,blackscar,576,priest,discipline,12,6,6
Rotulos,stormrage,576,priest,discipline,12,6,6
Ранзерито,soulflayer,576,priest,discipline,17,8,9
Naìt,ragnaros,576,priest,discipline,15,7,8
Chrisdorner,archimonde,576,priest,discipline,15,6,9
Wixzyx,ravencrest,576,priest,discipline,16,6,10
Волия,gordunni,576,priest,discipline,17,6,11
Oide,area-52,576,priest,discipline,18,6,12
Лиэся,gordunni,576,priest,discipline,18,6,12
Balthe,defias-brotherhood,576,priest,discipline,18,6,12
Prarch,sylvanas,576,priest,discipline,18,6,12
Velri,runetotem,576,priest,discipline,18,6,12
Декорий,soulflayer,576,priest,discipline,18,6,12
Limbas,dun-modr,576,priest,discipline,18,6,12
ßøunty,dun-modr,576,priest,discipline,18,6,12
Deadbishop,kazzak,576,priest,discipline,18,6,12
Unsaintedd,kazzak,576,priest,discipline,18,6,12
Francés,kazzak,576,priest,discipline,18,6,12
Broksigar,the-maelstrom,576,priest,discipline,18,6,12
Jph,thrall,576,priest,discipline,18,6,12
Венэма,azuregos,576,priest,discipline,18,6,12
Respectwømen,ravencrest,576,priest,discipline,18,6,12
Zinzo,frostwolf,576,priest,discipline,18,6,12
Thielaxx,ravencrest,576,priest,discipline,18,6,12
Rabbai,ravencrest,576,priest,discipline,18,6,12
Priestadorie,ravencrest,576,priest,discipline,18,6,12
Alros,elune,576,priest,discipline,18,6,12
Abusalt,stormscale,576,priest,discipline,18,6,12
Сашашвд,howling-fjord,576,priest,discipline,18,6,12
Sosionomi,argent-dawn,576,priest,discipline,18,6,12
Stvilde,ragnaros,576,priest,discipline,18,6,12
Швдшка,howling-fjord,576,priest,discipline,18,6,12
Könde,argent-dawn,576,priest,discipline,18,6,12
Abrakahudder,tarren-mill,576,priest,discipline,18,6,12
Achardia,argent-dawn,576,priest,discipline,18,6,12
Twisty,malganis,576,priest,discipline,19,6,13
Dunbaltaris,blackrock,576,priest,discipline,24,6,18
Illuzian,silvermoon,576,priest,discipline,24,6,18
Alwiel,kazzak,576,priest,discipline,24,6,18
Syedi,drakthul,2353,priest,shadow,345,179,166
Hanic,kazzak,2326,priest,shadow,92,57,35
Permafeetup,aegwynn,2324,priest,shadow,102,59,43
Хедмэнмвп,gordunni,2316,priest,shadow,270,139,131
Медовыедотки,soulflayer,2297,priest,shadow,143,78,65
Shåmssv,kazzak,2243,priest,shadow,102,56,46
Yggdra,ragnaros,2229,priest,shadow,66,44,22
Dbeezy,tarren-mill,2217,priest,shadow,100,53,47
Польскийбуль,gordunni,2215,priest,shadow,96,53,43
Даняпампгодх,soulflayer,2211,priest,shadow,247,126,121
Standtall,blackrock,2188,priest,shadow,144,78,66
Rrj,ravencrest,2175,priest,shadow,118,70,48
Шадоупуз,soulflayer,2174,priest,shadow,107,58,49
Deathlý,blackrock,2169,priest,shadow,114,62,52
Notsoholy,blackmoore,2155,priest,shadow,126,69,57
Tentoumushi,ravencrest,2153,priest,shadow,72,42,30
Dollyboo,tarren-mill,2152,priest,shadow,125,77,48
Ilovemycat,silvermoon,2152,priest,shadow,78,47,31
Yuzuflex,hyjal,2151,priest,shadow,87,46,41
Cheesecake,defias-brotherhood,2147,priest,shadow,114,62,52
Безрассудица,howling-fjord,2147,priest,shadow,91,49,42
Devoura,sylvanas,2146,priest,shadow,87,51,36
Walterwhite,stormscale,2145,priest,shadow,96,51,45
Randyrhoads,kazzak,2138,priest,shadow,71,41,30
Slimcharles,ravencrest,2137,priest,shadow,185,107,78
Crainoo,ravencrest,2137,priest,shadow,158,80,78
Blacktrain,burning-blade,2136,priest,shadow,118,60,58
Хьёх,blackscar,2130,priest,shadow,78,49,29
Talbatex,blackmoore,2130,priest,shadow,114,57,57
Синфал,blackscar,2128,priest,shadow,340,173,167
Darthlie,draenor,2127,priest,shadow,226,111,115
Raikup,ravencrest,2125,priest,shadow,83,41,42
Mérce,kazzak,2123,priest,shadow,78,43,35
Xsß,dun-modr,2116,priest,shadow,107,59,48
Èxtêrmìnätör,kazzak,2114,priest,shadow,84,47,37
Bréézee,ravencrest,2114,priest,shadow,107,58,49
Voidfi,kult-der-verdammten,2111,priest,shadow,114,64,50
Infernión,tarren-mill,2110,priest,shadow,78,42,36
Rzkp,eredar,2110,priest,shadow,93,50,43
Даняпимпгадх,soulflayer,2109,priest,shadow,72,45,27
Pepeshadow,twisting-nether,2106,priest,shadow,169,89,80
Thanatae,kazzak,2105,priest,shadow,85,50,35
Dippy,blackrock,2101,priest,shadow,64,39,25
Sphero,earthen-ring,2101,priest,shadow,130,73,57
Amtoxic,stormscale,2100,priest,shadow,89,48,41
Pu,outland,2097,priest,shadow,137,69,68
Ekkfwiedrice,ragnaros,2084,priest,shadow,96,54,42
Bidraget,ravencrest,2083,priest,shadow,100,60,40
Minblock,sanguino,2079,priest,shadow,168,89,79
Donenigma,stormscale,2076,priest,shadow,174,105,69
Purpl,tarren-mill,2076,priest,shadow,138,75,63
Сделайсам,gordunni,2072,priest,shadow,117,63,54
Swdjkbad,kazzak,2063,priest,shadow,72,42,30
Léandrä,magtheridon,2059,priest,shadow,111,61,50
Nousey,twisting-nether,2059,priest,shadow,160,86,74
Sinthaa,mannoroth,2053,priest,shadow,72,36,36
Önnÿ,dun-modr,2049,priest,shadow,84,45,39
Infuséd,aegwynn,2047,priest,shadow,66,36,30
Rzktwo,eredar,2039,priest,shadow,65,37,28
Stjärtsten,tarren-mill,2034,priest,shadow,243,135,108
Бвонсаамди,soulflayer,2032,priest,shadow,164,90,74
Nanna,agamaggan,2028,priest,shadow,196,106,90
Genjutzux,kazzak,2026,priest,shadow,72,40,32
Melábufeis,dun-modr,2025,priest,shadow,78,45,33
Dhurza,shendralar,2024,priest,shadow,84,51,33
Cornflays,outland,2024,priest,shadow,67,36,31
Zodzín,ragnaros,2023,priest,shadow,60,30,30
Zoodiacp,blackrock,2012,priest,shadow,130,64,66
Liptonolda,blackhand,2010,priest,shadow,220,114,106
Миладиель,gordunni,2008,priest,shadow,137,69,68
Destinyhero,aegwynn,2007,priest,shadow,93,47,46
Енотхд,soulflayer,2004,priest,shadow,90,50,40
Ondskabsfuld,kazzak,2004,priest,shadow,78,37,41
Zhadum,stormscale,2000,priest,shadow,136,72,64
Cizer,kazzak,1999,priest,shadow,149,80,69
Waltergoblin,sylvanas,1990,priest,shadow,36,27,9
Lâughing,ravencrest,1989,priest,shadow,147,79,68
Nabøøbies,blackmoore,1986,priest,shadow,68,39,29
Sethÿr,sanguino,1983,priest,shadow,150,78,72
Huffle,argent-dawn,1964,priest,shadow,39,28,11
Akibom,drakthul,1963,priest,shadow,95,55,40
Rnkz,sanguino,1961,priest,shadow,66,41,25
Prøphetx,thrall,1961,priest,shadow,213,110,103
Ottii,thrall,1960,priest,shadow,125,68,57
Velence,ravencrest,1954,priest,shadow,119,70,49
Moretti,ravencrest,1953,priest,shadow,54,32,22
Bönfire,silvermoon,1952,priest,shadow,334,165,169
Voldemort,blackrock,1951,priest,shadow,42,26,16
Rýzera,aegwynn,1950,priest,shadow,36,25,11
Evazhang,outland,1950,priest,shadow,54,31,23
Justtpro,twisting-nether,1950,priest,shadow,205,117,88
Qoryn,ravencrest,1950,priest,shadow,102,56,46
Гучии,gordunni,1949,priest,shadow,35,21,14
Bluxon,kazzak,1946,priest,shadow,249,136,113
Perché,silvermoon,1945,priest,shadow,66,48,18
Smxkÿÿ,eredar,1939,priest,shadow,53,36,17
Physxd,blackrock,1938,priest,shadow,54,38,16
Duzurîx,burning-blade,1938,priest,shadow,54,29,25
Rãpidi,hyjal,1932,priest,shadow,89,56,33
Hansmaul,thrall,1930,priest,shadow,42,22,20
Buøbuarns,sanguino,1930,priest,shadow,63,31,32
Айсиоу,howling-fjord,1929,priest,shadow,42,26,16
Yaboyboompie,blackrock,1929,priest,shadow,81,38,43
Máv,tarren-mill,1927,priest,shadow,131,81,50
Бхонсамди,blackscar,1926,priest,shadow,101,60,41
Elnyashka,ravencrest,1922,priest,shadow,121,72,49
Demølishes,ravencrest,1922,priest,shadow,72,41,31
Dianaxd,dun-modr,1922,priest,shadow,53,30,23
Yoe,twisting-nether,1921,priest,shadow,60,31,29
Dogstav,kazzak,1915,priest,shadow,54,31,23
Manofonéway,outland,1913,priest,shadow,78,41,37
Estragon,quelthalas,1912,priest,shadow,75,40,35
Räke,blackrock,1912,priest,shadow,78,39,39
Птумерианец,gordunni,1910,priest,shadow,119,65,54
Weekfortyone,blackhand,1910,priest,shadow,116,56,60
Ezlife,blackrock,1906,priest,shadow,84,48,36
Shadowvoice,outland,1905,priest,shadow,48,30,18
Hoesfavorite,onyxia,1905,priest,shadow,157,94,63
Djalex,ravencrest,1905,priest,shadow,89,48,41
Uselessxasel,sanguino,1902,priest,shadow,60,34,26
Cathrix,kazzak,1900,priest,shadow,72,45,27
Heal,hyjal,1900,priest,shadow,248,137,111
Некрозмх,soulflayer,1899,priest,shadow,30,20,10
Mímou,kazzak,1897,priest,shadow,107,60,47
Simôc,eredar,1894,priest,shadow,72,38,34
Newkidx,draenor,1892,priest,shadow,48,27,21
Pizzagigante,kazzak,1890,priest,shadow,60,35,25
Døubtful,kazzak,1890,priest,shadow,36,20,16
Эсдаль,howling-fjord,1889,priest,shadow,60,41,19
Shádówý,kazzak,1889,priest,shadow,36,20,16
ßrb,sylvanas,1887,priest,shadow,82,42,40
Термидор,booty-bay,1886,priest,shadow,113,68,45
Tankeløs,kazzak,1884,priest,shadow,48,29,19
Ûñträînablê,outland,1882,priest,shadow,60,42,18
Vaccineboost,silvermoon,1876,priest,shadow,114,53,61
Crowny,ysondre,1873,priest,shadow,36,20,16
Depridolens,argent-dawn,1871,priest,shadow,67,39,28
Ølle,ravencrest,1869,priest,shadow,84,51,33
Shuturmouth,ravencrest,1869,priest,shadow,108,63,45
Gymbró,kazzak,1869,priest,shadow,66,35,31
Drarianna,nemesis,1868,priest,shadow,30,22,8
Actionjezuz,shattered-hand,1868,priest,shadow,96,53,43
Vilayetko,ravencrest,1868,priest,shadow,48,25,23
Waina,defias-brotherhood,1868,priest,shadow,201,104,97
Knútx,stormscale,1867,priest,shadow,60,30,30
Râvyn,silvermoon,1866,priest,shadow,44,35,9
Heffer,outland,1866,priest,shadow,129,76,53
Pandacore,frostmane,1864,priest,shadow,54,28,26
Mehtz,ravencrest,1864,priest,shadow,311,160,151
Billybay,argent-dawn,1863,priest,shadow,32,28,4
Voideffsucks,stormscale,1863,priest,shadow,30,21,9
Sepharis,runetotem,1863,priest,shadow,209,124,85
Zuhä,twisting-nether,1861,priest,shadow,60,34,26
Satin,twilights-hammer,1859,priest,shadow,57,37,20
Moonword,archimonde,1859,priest,shadow,36,21,15
Tbs,sylvanas,1858,priest,shadow,123,74,49
Xayona,argent-dawn,1858,priest,shadow,54,26,28
Криптика,soulflayer,1856,priest,shadow,48,30,18
Milkysmite,twisting-nether,1856,priest,shadow,52,32,20
Iodjsaiojoij,kazzak,1856,priest,shadow,54,30,24
Angsty,blackrock,1855,priest,shadow,133,66,67
Rockness,blackmoore,1854,priest,shadow,137,91,46
Theunknown,thrall,1852,priest,shadow,48,33,15
Liloz,eredar,1852,priest,shadow,59,34,25
Víppe,stormreaver,1850,priest,shadow,83,53,30
Ageyr,ragnaros,1848,priest,shadow,89,57,32
Dingopriest,blackrock,1848,priest,shadow,78,46,32
Zahadoom,stormscale,1848,priest,shadow,142,83,59
Either,kazzak,1848,priest,shadow,65,36,29
Mafiasnipers,ravencrest,1847,priest,shadow,36,21,15
Blindöts,tarren-mill,1847,priest,shadow,47,27,20
Rýzera,tarren-mill,1847,priest,shadow,35,20,15
Animesenpai,kazzak,1847,priest,shadow,60,32,28
Versio,dalvengyr,1847,priest,shadow,54,28,26
Ecquidozx,ravencrest,1845,priest,shadow,53,27,26
Pipf,blackmoore,1844,priest,shadow,65,41,24
Dreamhatcher,deathwing,1844,priest,shadow,90,51,39
Akolyte,blackmoore,1843,priest,shadow,36,22,14
Trisks,ravencrest,1843,priest,shadow,34,20,14
Backpedaling,kazzak,1843,priest,shadow,90,46,44
Voidgodx,blackrock,1842,priest,shadow,41,24,17
Lebronjay,ravencrest,1842,priest,shadow,94,53,41
Пристатеист,howling-fjord,1842,priest,shadow,72,35,37
Absolution,stormscale,1841,priest,shadow,281,156,125
Lløthx,ravencrest,1841,priest,shadow,72,39,33
Zerovision,nemesis,1839,priest,shadow,66,41,25
Insanious,skullcrusher,1839,priest,shadow,83,45,38
Hiddenhealz,blackrock,1838,priest,shadow,93,56,37
Erenndriel,twisting-nether,1838,priest,shadow,132,74,58
Arendt,blackhand,1837,priest,shadow,48,29,19
Wérrýxs,kazzak,1836,priest,shadow,130,81,49
Johnnybanana,argent-dawn,1835,priest,shadow,36,26,10
Sadix,ravencrest,1835,priest,shadow,66,38,28
Marbellexd,pozzo-delleternità,1834,priest,shadow,163,95,68
Mýxir,burning-legion,1834,priest,shadow,89,45,44
Najany,archimonde,1833,priest,shadow,54,31,23
Холихэйт,howling-fjord,1831,priest,shadow,51,30,21
Shucks,stormscale,1830,priest,shadow,44,22,22
Shadowmate,silvermoon,1829,priest,shadow,56,31,25
Tupal,ysondre,1829,priest,shadow,78,43,35
Schmetter,tarren-mill,1829,priest,shadow,65,29,36
Buan,blackmoore,1827,priest,shadow,95,60,35
Mørphics,ravencrest,1827,priest,shadow,42,26,16
Tacøgxd,ravencrest,1827,priest,shadow,72,44,28
Selëne,blackrock,1827,priest,shadow,72,43,29
Megamann,dun-morogh,1827,priest,shadow,54,32,22
Sÿrax,ysondre,1827,priest,shadow,61,34,27
Игорянатакуе,eversong,1826,priest,shadow,154,86,68
Rakamain,ravencrest,1825,priest,shadow,48,31,17
Zindrix,silvermoon,1825,priest,shadow,84,50,34
Anateoris,turalyon,1825,priest,shadow,76,43,33
Mirill,tarren-mill,1825,priest,shadow,211,116,95
Ансор,lich-king,1825,priest,shadow,95,52,43
Quezaris,stormscale,1825,priest,shadow,48,23,25
Holyshadów,azjolnerub,1824,priest,shadow,114,68,46
Kujiua,ravencrest,1824,priest,shadow,129,73,56
Shøana,archimonde,1824,priest,shadow,66,29,37
Clori,argent-dawn,1823,priest,shadow,36,26,10
Cantsqell,silvermoon,1823,priest,shadow,48,34,14
Cnsnn,ysondre,1823,priest,shadow,114,76,38
Morseeii,baelgun,1823,priest,shadow,56,31,25
Трейдарк,blackscar,1823,priest,shadow,60,31,29
Whynolove,ragnaros,1822,priest,shadow,101,69,32
Тарренмилл,gordunni,1822,priest,shadow,92,53,39
Староезло,gordunni,1821,priest,shadow,68,33,35
Yirico,argent-dawn,1820,priest,shadow,47,31,16
Edoran,ragnaros,1820,priest,shadow,59,31,28
Djzerøgodx,frostwolf,1820,priest,shadow,65,33,32
Sqwabblepee,stormscale,1819,priest,shadow,137,82,55
Zabpriest,blackhand,1819,priest,shadow,60,35,25
Blóódfart,kazzak,1819,priest,shadow,89,43,46
Энмунд,borean-tundra,1818,priest,shadow,243,141,102
Voidshuffle,laughing-skull,1818,priest,shadow,42,24,18
Jeppehpräst,stormscale,1817,priest,shadow,66,40,26
Диспайзх,gordunni,1817,priest,shadow,66,38,28
Omedo,stormscale,1816,priest,shadow,36,19,17
Facemeltina,kiljaeden,1816,priest,shadow,48,25,23
Magicalme,kult-der-verdammten,1815,priest,shadow,42,26,16
Physx,blackrock,1814,priest,shadow,30,19,11
Øctawtöuch,kazzak,1814,priest,shadow,88,53,35
Genjutzu,kazzak,1814,priest,shadow,36,19,17
Cutepangolin,khaz-modan,1813,priest,shadow,42,29,13
Kylähullu,ravencrest,1813,priest,shadow,80,46,34
Stèálth,sylvanas,1812,priest,shadow,24,19,5
Nøwmäck,archimonde,1812,priest,shadow,60,32,28
Ninjajane,sylvanas,1811,priest,shadow,71,43,28
Namsolo,kazzak,1811,priest,shadow,78,42,36
Heilsarmee,blackhand,1811,priest,shadow,129,68,61
Shiannâ,malganis,1810,priest,shadow,44,24,20
Skillmåsterx,ravencrest,1810,priest,shadow,54,29,25
Drvoidit,blackrock,1809,priest,shadow,48,28,20
Magicstarss,the-maelstrom,1809,priest,shadow,78,42,36
Фростингшп,goldrinn,1808,priest,shadow,42,31,11
Luvlyrah,draenor,1808,priest,shadow,105,64,41
Yoii,nemesis,1808,priest,shadow,66,34,32
Meatyshaft,doomhammer,1807,priest,shadow,99,64,35
Salkerer,stormscale,1807,priest,shadow,30,19,11
Stümpý,ravencrest,1807,priest,shadow,52,29,23
Megajuicy,blackmoore,1807,priest,shadow,258,143,115
Реврос,gordunni,1807,priest,shadow,60,32,28
Spklooril,hyjal,1807,priest,shadow,366,192,174
Lr,aszune,1806,priest,shadow,36,25,11
Синатро,deathguard,1806,priest,shadow,190,119,71
Debbski,tarren-mill,1806,priest,shadow,48,30,18
Snarks,sylvanas,1806,priest,shadow,36,20,16
Ымц,gordunni,1806,priest,shadow,90,44,46
Claritycraft,twisting-nether,1805,priest,shadow,36,22,14
Galatea,les-sentinelles,1805,priest,shadow,78,44,34
Vajainap,outland,1804,priest,shadow,30,19,11
Aliocha,dalaran,1804,priest,shadow,54,27,27
Петушшара,gordunni,1804,priest,shadow,63,31,32
Solaclypsa,destromath,1803,priest,shadow,36,26,10
Mataî,kazzak,1803,priest,shadow,84,49,35
Felaenna,argent-dawn,1803,priest,shadow,36,19,17
Jpd,outland,1803,priest,shadow,48,25,23
Stazia,ravencrest,1802,priest,shadow,36,22,14
Becknarbritt,stormscale,1802,priest,shadow,298,166,132
Alfredosauce,ravencrest,1802,priest,shadow,64,34,30
Margots,kazzak,1802,priest,shadow,42,22,20
Mizulol,ravencrest,1801,priest,shadow,80,42,38
Akroama,archimonde,1801,priest,shadow,92,46,46
Maedhrós,ravencrest,1800,priest,shadow,30,24,6
Sleypriest,draenor,1800,priest,shadow,48,32,16
Томрэдл,blackscar,1800,priest,shadow,88,49,39
Erdine,ravencrest,1800,priest,shadow,96,53,43
Nyotux,blackrock,1794,priest,shadow,72,47,25
Homxcxde,ravencrest,1793,priest,shadow,48,26,22
Raisedbyrap,blackrock,1791,priest,shadow,60,33,27
Ptxd,alakir,1789,priest,shadow,75,41,34
Helín,hellfire,1786,priest,shadow,102,60,42
Theoniss,draenor,1784,priest,shadow,155,84,71
Тоних,deathguard,1784,priest,shadow,42,21,21
Babarøga,blackrock,1783,priest,shadow,59,33,26
Fläschheal,aegwynn,1781,priest,shadow,36,24,12
Свдпрох,soulflayer,1781,priest,shadow,51,26,25
Yêl,thrall,1779,priest,shadow,283,153,130
Necrofeel,silvermoon,1777,priest,shadow,36,22,14
Нед,greymane,1775,priest,shadow,76,45,31
Andreel,ravencrest,1773,priest,shadow,102,55,47
Умора,razuvious,1772,priest,shadow,53,31,22
Maryhugette,archimonde,1770,priest,shadow,156,75,81
Ikaytsym,ravencrest,1769,priest,shadow,90,53,37
Мистериум,howling-fjord,1769,priest,shadow,89,50,39
Tremrfinger,dun-modr,1769,priest,shadow,98,53,45
Adub,tarren-mill,1769,priest,shadow,48,25,23
Geløpr,eredar,1768,priest,shadow,108,62,46
Llothx,ravencrest,1766,priest,shadow,80,49,31
Schizophrens,outland,1766,priest,shadow,48,28,20
Vibéz,outland,1765,priest,shadow,48,24,24
Dreadest,blackhand,1763,priest,shadow,60,35,25
Zultor,ragnaros,1762,priest,shadow,49,28,21
Garycash,outland,1762,priest,shadow,111,57,54
Шандресса,deepholm,1761,priest,shadow,48,31,17
Fakecastguru,ravencrest,1761,priest,shadow,66,37,29
Sandcastles,ravencrest,1758,priest,shadow,116,74,42
Xiä,archimonde,1758,priest,shadow,72,37,35
Skeida,bloodhoof,1758,priest,shadow,77,39,38
Darthmantle,silvermoon,1758,priest,shadow,59,29,30
Sonâkî,archimonde,1757,priest,shadow,36,21,15
Ревентонх,howling-fjord,1756,priest,shadow,236,130,106
Peprama,stormscale,1754,priest,shadow,96,57,39
Hypnocat,blackrock,1754,priest,shadow,64,36,28
Ксерф,soulflayer,1753,priest,shadow,120,62,58
Keypo,khaz-modan,1751,priest,shadow,49,26,23
Иннрей,soulflayer,1751,priest,shadow,69,29,40
Mindtyson,dun-morogh,1749,priest,shadow,54,34,20
Spamplague,stormscale,1749,priest,shadow,78,42,36
Staljon,burning-legion,1745,priest,shadow,78,44,34
Voodkaa,drakthul,1743,priest,shadow,69,42,27
Lostcause,alakir,1743,priest,shadow,84,48,36
Spherics,ravencrest,1743,priest,shadow,54,27,27
Anabølix,ravencrest,1741,priest,shadow,48,27,21
Ризорпанда,soulflayer,1740,priest,shadow,30,19,11
Sakuyasp,blackrock,1740,priest,shadow,174,89,85
Zeythz,ravencrest,1737,priest,shadow,179,100,79
Daisyduke,veknilash,1733,priest,shadow,75,41,34
Ittei,stormscale,1732,priest,shadow,117,75,42
Lindp,stormreaver,1732,priest,shadow,66,42,24
Wixzyx,ravencrest,1732,priest,shadow,48,26,22
Hasa,stormreaver,1730,priest,shadow,66,36,30
Barthólomew,doomhammer,1730,priest,shadow,120,64,56
Zhyn,turalyon,1729,priest,shadow,110,65,45
Carmechanic,defias-brotherhood,1728,priest,shadow,94,49,45
Nadoreille,hyjal,1724,priest,shadow,49,31,18
Ounxx,blackrock,1723,priest,shadow,71,42,29
Казуямисима,gordunni,1723,priest,shadow,170,93,77
Jynii,eredar,1720,priest,shadow,42,25,17
Been,ravencrest,1720,priest,shadow,48,26,22
Flexzpriest,destromath,1720,priest,shadow,108,58,50
Miruh,malganis,1718,priest,shadow,161,101,60
Кломми,gordunni,1718,priest,shadow,84,45,39
Nukyo,blackmoore,1718,priest,shadow,44,21,23
Ктулсотум,soulflayer,1717,priest,shadow,46,28,18
Перекованный,soulflayer,1716,priest,shadow,129,69,60
Всезнайка,soulflayer,1715,priest,shadow,114,61,53
Tekdogx,blackmoore,1715,priest,shadow,54,24,30
Ðrßøtÿcûs,la-croisade-écarlate,1714,priest,shadow,30,18,12
Ktulsotum,twisting-nether,1713,priest,shadow,48,26,22
Phucu,the-maelstrom,1712,priest,shadow,60,36,24
Æßsåløønå,la-croisade-écarlate,1712,priest,shadow,30,18,12
Скайвэйуокер,howling-fjord,1712,priest,shadow,71,42,29
Fueguchi,anubarak,1710,priest,shadow,102,55,47
Iessei,outland,1710,priest,shadow,102,52,50
Массаракъш,razuvious,1709,priest,shadow,24,18,6
Dakotapriest,ravencrest,1706,priest,shadow,30,18,12
Трубишоп,howling-fjord,1706,priest,shadow,130,68,62
Djops,outland,1705,priest,shadow,108,53,55
Dümbledore,aggra-português,1704,priest,shadow,24,18,6
Voidlink,kazzak,1704,priest,shadow,36,21,15
Xangha,burning-legion,1704,priest,shadow,144,82,62
Ankî,aegwynn,1703,priest,shadow,84,44,40
Milania,ravencrest,1701,priest,shadow,42,33,9
Elishîa,ragnaros,1701,priest,shadow,82,38,44
Daspyen,silvermoon,1700,priest,shadow,67,37,30
Ансарм,gordunni,1699,priest,shadow,258,136,122
Hizumi,stormreaver,1699,priest,shadow,36,18,18
Фиброз,blackscar,1697,priest,shadow,120,68,52
Kiesp,tarren-mill,1697,priest,shadow,198,105,93
Miraçlê,kazzak,1696,priest,shadow,36,25,11
Соргоху,gordunni,1695,priest,shadow,54,32,22
Azæriø,rashgarroth,1695,priest,shadow,101,55,46
Христианин,gordunni,1694,priest,shadow,102,59,43
Statìk,outland,1690,priest,shadow,159,86,73
Rumbo,lightnings-blade,1689,priest,shadow,59,34,25
Пурпле,soulflayer,1684,priest,shadow,53,22,31
Фримекс,soulflayer,1683,priest,shadow,36,24,12
Rubín,sylvanas,1683,priest,shadow,44,28,16
Framesxøxø,ravencrest,1683,priest,shadow,48,29,19
Клаима,soulflayer,1683,priest,shadow,71,41,30
Rasha,kazzak,1683,priest,shadow,74,42,32
Sleeg,tarren-mill,1681,priest,shadow,35,19,16
Бомжскадилом,gordunni,1679,priest,shadow,162,88,74
Sonah,der-abyssische-rat,1678,priest,shadow,38,22,16
Файерин,soulflayer,1676,priest,shadow,48,21,27
Syntara,twisting-nether,1675,priest,shadow,51,31,20
Cthultist,dun-modr,1675,priest,shadow,108,52,56
Пампнавечерх,blackscar,1674,priest,shadow,65,35,30
Yngp,blackmoore,1673,priest,shadow,66,36,30
Sadskîx,dun-modr,1672,priest,shadow,51,34,17
Raspberrypíe,silvermoon,1672,priest,shadow,84,49,35
Reapzbolt,blackrock,1672,priest,shadow,60,28,32
Papie,kazzak,1670,priest,shadow,42,23,19
Tsunadesaama,silvermoon,1668,priest,shadow,63,32,31
Niketn,aegwynn,1667,priest,shadow,60,32,28
Флэшх,soulflayer,1666,priest,shadow,76,44,32
Mcdced,archimonde,1665,priest,shadow,61,38,23
Levitation,alakir,1665,priest,shadow,72,42,30
Covidisc,outland,1663,priest,shadow,35,20,15
Raitwo,kazzak,1663,priest,shadow,101,55,46
Jóhnnybravó,kazzak,1662,priest,shadow,34,23,11
Chokipoki,twisting-nether,1662,priest,shadow,66,44,22
Goodsuck,tarren-mill,1662,priest,shadow,54,29,25
Tosem,antonidas,1661,priest,shadow,30,19,11
Snoopý,dun-modr,1661,priest,shadow,108,57,51
Eupz,argent-dawn,1659,priest,shadow,73,39,34
Киндзер,blackscar,1658,priest,shadow,54,29,25
Øxytøcin,ravencrest,1658,priest,shadow,168,87,81
Buffholy,dun-modr,1657,priest,shadow,66,39,27
Mentax,kazzak,1657,priest,shadow,42,24,18
Kamish,twisting-nether,1657,priest,shadow,174,91,83
Moodzlol,eredar,1656,priest,shadow,48,28,20
Dotreveal,ravencrest,1656,priest,shadow,48,26,22
Strunkiin,defias-brotherhood,1654,priest,shadow,148,80,68
Mackings,the-maelstrom,1654,priest,shadow,148,77,71
Anexxia,outland,1654,priest,shadow,42,20,22
Виталябард,gordunni,1654,priest,shadow,66,30,36
Lavidu,antonidas,1653,priest,shadow,54,31,23
Imaut,emerald-dream,1653,priest,shadow,62,33,29
Healzonwiilz,tarren-mill,1652,priest,shadow,30,18,12
Essumies,stormreaver,1651,priest,shadow,44,30,14
Galadrielkä,drakthul,1651,priest,shadow,42,24,18
Финдовский,gordunni,1649,priest,shadow,102,54,48
Ruhe,silvermoon,1648,priest,shadow,48,27,21
Cdplz,archimonde,1647,priest,shadow,30,20,10
Чикхоп,blackscar,1647,priest,shadow,120,76,44
Priestgrade,darkspear,1647,priest,shadow,41,24,17
Brøwnyez,zuljin,1647,priest,shadow,72,35,37
Malaíka,silvermoon,1645,priest,shadow,41,25,16
Nûtqt,archimonde,1645,priest,shadow,106,56,50
Jegred,draenor,1644,priest,shadow,54,36,18
Bigblackdot,grim-batol,1644,priest,shadow,36,19,17
Atahalni,argent-dawn,1644,priest,shadow,156,71,85
Djariisimp,tarren-mill,1643,priest,shadow,36,21,15
Rházael,blackrock,1642,priest,shadow,42,20,22
Chinko,blackmoore,1640,priest,shadow,92,58,34
Weebi,silvermoon,1640,priest,shadow,65,39,26
Milo,argent-dawn,1640,priest,shadow,102,61,41
Bownsamdi,tarren-mill,1640,priest,shadow,39,23,16
Jacep,kazzak,1639,priest,shadow,36,23,13
Driptoohard,archimonde,1638,priest,shadow,25,19,6
Priestfive,stormscale,1638,priest,shadow,48,28,20
Violatio,aegwynn,1638,priest,shadow,126,69,57
Aaj,twisting-nether,1638,priest,shadow,57,29,28
Mikizu,die-aldor,1638,priest,shadow,42,21,21
Momomomomomo,blackrock,1637,priest,shadow,118,61,57
Belialzs,blackrock,1636,priest,shadow,45,24,21
Dezerta,nozdormu,1636,priest,shadow,74,39,35
Asterixsu,sylvanas,1635,priest,shadow,42,28,14
Pewkz,draenor,1635,priest,shadow,78,49,29
Undefined,chamber-of-aspects,1634,priest,shadow,40,28,12
Mojibien,burning-legion,1633,priest,shadow,134,73,61
Дикаях,gordunni,1633,priest,shadow,106,51,55
Bigdogone,arathor,1632,priest,shadow,52,29,23
Milamati,kazzak,1632,priest,shadow,72,36,36
Sosûke,archimonde,1631,priest,shadow,36,22,14
Vaßpera,tarren-mill,1631,priest,shadow,117,63,54
Muyhuman,eredar,1630,priest,shadow,24,17,7
Jaimë,ravencrest,1630,priest,shadow,30,17,13
Chas,argent-dawn,1630,priest,shadow,51,23,28
Ðanilox,dun-modr,1629,priest,shadow,24,17,7
Shåmssp,kazzak,1628,priest,shadow,18,17,1
Skerduddle,stormscale,1628,priest,shadow,60,37,23
Baldracca,shendralar,1628,priest,shadow,108,58,50
Ахаххааха,gordunni,1628,priest,shadow,60,32,28
Shreedx,stormscale,1627,priest,shadow,60,35,25
Билетлолпро,borean-tundra,1627,priest,shadow,30,17,13
Cyrená,ravencrest,1625,priest,shadow,24,17,7
Марриаза,blackscar,1625,priest,shadow,48,23,25
Cooldgreyjoy,archimonde,1625,priest,shadow,46,22,24
Lênax,arthas,1624,priest,shadow,46,25,21
Jønnybanana,blackrock,1623,priest,shadow,39,20,19
Affex,tarren-mill,1622,priest,shadow,30,18,12
Valirda,twisting-nether,1622,priest,shadow,152,80,72
Emala,hyjal,1622,priest,shadow,36,17,19
Pennywïse,kargath,1622,priest,shadow,108,50,58
Kuddles,hyjal,1621,priest,shadow,188,109,79
Luphriest,ravencrest,1621,priest,shadow,36,17,19
Makethemstop,bronzebeard,1619,priest,shadow,78,54,24
Shyasianpr,area-52,1619,priest,shadow,42,23,19
Rakkha,ravencrest,1619,priest,shadow,102,51,51
Sheto,burning-legion,1619,priest,shadow,240,119,121
Malip,ragnaros,1619,priest,shadow,39,19,20
Rubzler,ravencrest,1618,priest,shadow,36,18,18
Pedopräst,stormscale,1617,priest,shadow,74,44,30
Morsy,alleria,1617,priest,shadow,74,42,32
Амбрелка,fordragon,1617,priest,shadow,193,98,95
Toesxcker,stormscale,1616,priest,shadow,35,21,14
Priestazie,madmortem,1616,priest,shadow,96,57,39
Sweetepi,blackmoore,1616,priest,shadow,42,24,18
Педрец,howling-fjord,1616,priest,shadow,60,32,28
Cielavinja,aszune,1616,priest,shadow,44,23,21
Алурелис,blackscar,1615,priest,shadow,30,17,13
Otecduchovny,burning-blade,1615,priest,shadow,30,17,13
Mukkin,tarren-mill,1614,priest,shadow,60,35,25
Knoffp,blackhand,1614,priest,shadow,72,41,31
Шпх,howling-fjord,1614,priest,shadow,36,20,16
Neitter,zuljin,1613,priest,shadow,72,40,32
Widdlprest,sylvanas,1613,priest,shadow,36,17,19
Marsheil,blackhand,1612,priest,shadow,54,31,23
Asträlaws,archimonde,1611,priest,shadow,64,34,30
Ihu,nazjatar,1611,priest,shadow,131,62,69
Bubidiblumpr,twisting-nether,1610,priest,shadow,84,56,28
Basxcbxtchx,ravencrest,1610,priest,shadow,36,21,15
Адскийприст,gordunni,1610,priest,shadow,36,17,19
Fearocity,outland,1609,priest,shadow,42,23,19
Lenneyqt,blackmoore,1609,priest,shadow,48,26,22
Charmebolzen,blackrock,1609,priest,shadow,120,62,58
Quezaris,kazzak,1607,priest,shadow,23,20,3
Tùcøcø,archimonde,1607,priest,shadow,48,21,27
Agotax,outland,1606,priest,shadow,30,18,12
Hòllymèdx,blackmoore,1605,priest,shadow,33,21,12
Waycrest,ravencrest,1605,priest,shadow,71,45,26
Horrðr,kazzak,1605,priest,shadow,44,26,18
Shadowsig,silvermoon,1605,priest,shadow,98,52,46
Øhlø,ysondre,1604,priest,shadow,27,19,8
Æäõ,turalyon,1604,priest,shadow,36,19,17
Bubbleup,defias-brotherhood,1603,priest,shadow,61,40,21
Рейвор,gordunni,1603,priest,shadow,53,31,22
Trancemaster,dun-modr,1602,priest,shadow,30,18,12
Jonesy,blackmoore,1602,priest,shadow,82,46,36
Sudeki,blackmoore,1601,priest,shadow,42,20,22
Caera,blackrock,1600,priest,shadow,36,21,15
Toba,hellscream,1600,priest,shadow,42,23,19
Willzah,outland,1600,priest,shadow,38,20,18
Cifhilis,ravencrest,1600,priest,shadow,66,32,34
Syam,dun-morogh,1600,priest,shadow,42,17,25
Ephara,outland,1599,priest,shadow,71,39,32
Shyvi,ravencrest,1598,priest,shadow,30,20,10
Fandac,sylvanas,1598,priest,shadow,36,20,16
Everdark,twisting-nether,1598,priest,shadow,172,92,80
Terrored,ravencrest,1598,priest,shadow,48,20,28
Энвиньяттар,howling-fjord,1597,priest,shadow,47,32,15
Zapreyy,kazzak,1596,priest,shadow,30,17,13
Babarøqa,blackmoore,1596,priest,shadow,310,165,145
Мизостигма,gordunni,1594,priest,shadow,47,23,24
Selaria,magtheridon,1593,priest,shadow,54,24,30
Филяфан,gordunni,1592,priest,shadow,84,43,41
Саксесфул,howling-fjord,1591,priest,shadow,121,67,54
Kagarr,kazzak,1588,priest,shadow,81,49,32
Даркфолс,soulflayer,1588,priest,shadow,48,29,19
Kimosabee,kazzak,1588,priest,shadow,48,25,23
Pombär,ragnaros,1587,priest,shadow,54,36,18
Genthus,kazzak,1586,priest,shadow,78,41,37
Axelbre,blackrock,1585,priest,shadow,30,19,11
Meshen,ysondre,1585,priest,shadow,274,150,124
Tarantos,uldum,1584,priest,shadow,57,31,26
Faminé,outland,1584,priest,shadow,65,29,36
ßelfy,twisting-nether,1583,priest,shadow,43,26,17
Klosso,anachronos,1583,priest,shadow,256,118,138
Poposy,hyjal,1582,priest,shadow,42,25,17
Zyzzforever,ragnaros,1580,priest,shadow,30,17,13
Lothlórien,dun-modr,1579,priest,shadow,48,35,13
Imøteph,ragnaros,1579,priest,shadow,83,47,36
Cryptoflame,silvermoon,1579,priest,shadow,45,25,20
Офелла,howling-fjord,1579,priest,shadow,454,234,220
Hemaplex,dun-modr,1578,priest,shadow,59,35,24
Vittelk,stormscale,1578,priest,shadow,65,37,28
Lilakaii,chamber-of-aspects,1578,priest,shadow,98,53,45
Jonig,blackmoore,1577,priest,shadow,82,41,41
Sakanade,twisting-nether,1576,priest,shadow,42,34,8
Vatikanet,ravencrest,1576,priest,shadow,117,67,50
Ðòóm,archimonde,1576,priest,shadow,79,44,35
Healiea,outland,1576,priest,shadow,101,45,56
Basicpr,ravencrest,1575,priest,shadow,63,38,25
Supahot,sylvanas,1575,priest,shadow,101,57,44
Tradeforheal,hyjal,1574,priest,shadow,48,26,22
Unicycle,emerald-dream,1574,priest,shadow,36,18,18
Iamfrosty,draenor,1570,priest,shadow,112,62,50
Vavulya,blackhand,1570,priest,shadow,165,90,75
Kêrrýgold,blackrock,1570,priest,shadow,115,62,53
Baihoi,twilights-hammer,1569,priest,shadow,132,77,55
Ankus,tarren-mill,1568,priest,shadow,108,60,48
Phplaravel,tarren-mill,1568,priest,shadow,63,31,32
Kantar,ragnaros,1567,priest,shadow,106,58,48
Beonin,tarren-mill,1565,priest,shadow,61,37,24
Sopsy,stormscale,1563,priest,shadow,54,28,26
Insaniro,argent-dawn,1562,priest,shadow,66,34,32
Simularcum,tarren-mill,1559,priest,shadow,48,24,24
Рэнфан,fordragon,1558,priest,shadow,52,35,17
Callmegød,archimonde,1557,priest,shadow,54,30,24
Zayden,ragnaros,1557,priest,shadow,83,41,42
Kwolinger,norgannon,1557,priest,shadow,54,26,28
Эззи,soulflayer,1556,priest,shadow,90,50,40
Shivaja,aegwynn,1555,priest,shadow,30,17,13
Thawx,stormscale,1553,priest,shadow,42,22,20
Corruptx,ysondre,1550,priest,shadow,36,18,18
Anathemas,draenor,1548,priest,shadow,42,30,12
Gooflord,ravencrest,1548,priest,shadow,30,17,13
Diapösitiv,draenor,1546,priest,shadow,42,26,16
Cannapriest,frostwolf,1546,priest,shadow,54,31,23
Lowisa,sylvanas,1546,priest,shadow,88,50,38
Kättare,stormscale,1546,priest,shadow,78,41,37
Sebbepriest,twisting-nether,1544,priest,shadow,173,93,80
Lynseanna,ravencrest,1543,priest,shadow,46,26,20
Malisna,argent-dawn,1543,priest,shadow,41,22,19
Coupdekaraté,sylvanas,1543,priest,shadow,36,18,18
Xooxl,ragnaros,1542,priest,shadow,102,60,42
Cederpriest,tarren-mill,1542,priest,shadow,63,25,38
Inferius,shadowsong,1542,priest,shadow,46,18,28
Hâicu,antonidas,1540,priest,shadow,60,38,22
Амгар,galakrond,1540,priest,shadow,125,69,56
Hellscon,kazzak,1538,priest,shadow,125,62,63
Solaní,antonidas,1535,priest,shadow,144,77,67
Babydark,ravencrest,1535,priest,shadow,30,16,14
Ankhh,bloodscalp,1535,priest,shadow,108,51,57
Apèx,blackrock,1535,priest,shadow,40,18,22
Bøts,ravencrest,1534,priest,shadow,55,27,28
Ormarn,twisting-nether,1533,priest,shadow,66,38,28
Putríd,sylvanas,1532,priest,shadow,30,19,11
Smålbenör,stormreaver,1532,priest,shadow,47,26,21
Zekonja,doomhammer,1532,priest,shadow,82,42,40
Massbimba,tarren-mill,1531,priest,shadow,71,36,35
Lightform,twisting-nether,1530,priest,shadow,69,43,26
Sypnos,zuljin,1530,priest,shadow,42,25,17
Kightz,twisting-nether,1530,priest,shadow,63,32,31
Ðrwiz,ravencrest,1528,priest,shadow,30,16,14
Whocare,tarren-mill,1528,priest,shadow,57,29,28
Stiankrokås,silvermoon,1524,priest,shadow,42,22,20
Psycos,kazzak,1523,priest,shadow,66,33,33
Rexonaqq,kazzak,1522,priest,shadow,36,16,20
Cykdwojeczka,burning-legion,1521,priest,shadow,110,54,56
Мишатемный,gordunni,1520,priest,shadow,54,31,23
Прыст,howling-fjord,1519,priest,shadow,24,16,8
Nahyra,dalaran,1519,priest,shadow,119,61,58
Miruvai,tarren-mill,1518,priest,shadow,42,22,20
Gerase,blackrock,1517,priest,shadow,48,31,17
Chrønös,hyjal,1517,priest,shadow,131,68,63
Leckpriest,sanguino,1517,priest,shadow,100,49,51
Rynsym,ravencrest,1517,priest,shadow,47,20,27
Xyo,alleria,1515,priest,shadow,120,58,62
Stölpen,ravencrest,1515,priest,shadow,48,22,26
Warplague,argent-dawn,1515,priest,shadow,46,20,26
Lathas,bloodfeather,1514,priest,shadow,60,42,18
Flyp,stormscale,1514,priest,shadow,60,29,31
Discknight,kazzak,1514,priest,shadow,42,16,26
Umbralx,ragnaros,1513,priest,shadow,77,45,32
Hecaté,blackhand,1511,priest,shadow,97,58,39
Fumiiko,stormscale,1511,priest,shadow,50,20,30
Jingling,kazzak,1509,priest,shadow,24,16,8
Zászàsmaster,kazzak,1509,priest,shadow,96,55,41
Voidis,hyjal,1509,priest,shadow,30,16,14
Skypray,burning-legion,1507,priest,shadow,99,50,49
Cylantharia,eredar,1506,priest,shadow,30,16,14
Brighty,sylvanas,1505,priest,shadow,114,59,55
Hinorist,kazzak,1503,priest,shadow,29,17,12
Dyshexia,bronze-dragonflight,1503,priest,shadow,78,39,39
Деплитфофан,gordunni,1502,priest,shadow,83,50,33
Shadowplay,theradras,1502,priest,shadow,64,30,34
Sevtwo,tarren-mill,1500,priest,shadow,24,17,7
Sunehxp,blackrock,1500,priest,shadow,77,30,47
Varjomies,ragnaros,1499,priest,shadow,96,50,46
Йоййо,gordunni,1499,priest,shadow,142,73,69
Джианитто,borean-tundra,1498,priest,shadow,24,16,8
Odium,alakir,1498,priest,shadow,98,57,41
Thmas,outland,1498,priest,shadow,77,34,43
Кхэрри,goldrinn,1496,priest,shadow,47,26,21
Êttân,ravencrest,1496,priest,shadow,62,32,30
Fiftyfives,hyjal,1496,priest,shadow,51,25,26
Элдерле,gordunni,1494,priest,shadow,48,27,21
Hiyahen,silvermoon,1493,priest,shadow,90,50,40
Thoryän,ragnaros,1493,priest,shadow,48,26,22
Äiri,blackmoore,1492,priest,shadow,30,17,13
Blasphemiia,outland,1491,priest,shadow,72,44,28
Токиото,gordunni,1491,priest,shadow,42,19,23
Kajifoxi,frostmane,1490,priest,shadow,60,38,22
Skûggpräst,silvermoon,1490,priest,shadow,53,28,25
Даняпампх,soulflayer,1489,priest,shadow,212,112,100
Bercxu,ragnaros,1487,priest,shadow,60,34,26
Bierbändiger,blackhand,1487,priest,shadow,30,17,13
Kourroucé,archimonde,1487,priest,shadow,154,83,71
Lëshder,sanguino,1487,priest,shadow,107,55,52
Aereza,darkspear,1487,priest,shadow,72,37,35
Juxtapose,argent-dawn,1485,priest,shadow,30,23,7
Veryssra,archimonde,1484,priest,shadow,54,41,13
Ryik,ravencrest,1484,priest,shadow,68,36,32
Вэйворс,blackscar,1483,priest,shadow,58,32,26
Castêr,silvermoon,1483,priest,shadow,54,29,25
Зонкк,thermaplugg,1481,priest,shadow,174,92,82
Zeto,blackmoore,1479,priest,shadow,51,31,20
Липоскай,howling-fjord,1479,priest,shadow,42,22,20
Shinesomnya,aegwynn,1478,priest,shadow,40,23,17
Kertith,argent-dawn,1478,priest,shadow,183,96,87
Mightyfool,aegwynn,1478,priest,shadow,106,51,55
Apfelrisotta,outland,1478,priest,shadow,69,33,36
Akris,ragnaros,1476,priest,shadow,66,35,31
Galilea,sanguino,1475,priest,shadow,20,17,3
Pregrip,twisting-nether,1475,priest,shadow,67,34,33
Ialoricha,dun-modr,1475,priest,shadow,61,26,35
Oblivita,twisting-nether,1474,priest,shadow,41,21,20
Nbayoungboy,the-maelstrom,1473,priest,shadow,32,18,14
Hælmenøw,archimonde,1472,priest,shadow,54,28,26
Kisala,kazzak,1470,priest,shadow,47,32,15
Iløvescärlet,khaz-modan,1470,priest,shadow,29,17,12
Ðivinà,archimonde,1470,priest,shadow,54,30,24
Adaseth,tarren-mill,1469,priest,shadow,78,51,27
Beasteaksx,thrall,1468,priest,shadow,54,27,27
Wingufreebrø,sanguino,1468,priest,shadow,76,36,40
Voidjeanzqt,blackmoore,1467,priest,shadow,66,40,26
Люблюкофе,deathguard,1467,priest,shadow,92,51,41
Ðotgød,nemesis,1466,priest,shadow,52,34,18
Sháady,ravencrest,1466,priest,shadow,60,29,31
Kirrako,tarren-mill,1466,priest,shadow,36,17,19
Youguessedit,twisting-nether,1466,priest,shadow,36,16,20
Spideypap,ragnaros,1464,priest,shadow,58,33,25
Squîzz,archimonde,1464,priest,shadow,75,39,36
Mozahn,ragnaros,1464,priest,shadow,39,20,19
Kayeen,tarren-mill,1464,priest,shadow,136,67,69
Svettvrede,sylvanas,1463,priest,shadow,77,36,41
Ariyáh,antonidas,1462,priest,shadow,138,72,66
Карбираторх,gordunni,1462,priest,shadow,59,30,29
Seneth,twisting-nether,1462,priest,shadow,106,52,54
Tyene,voljin,1461,priest,shadow,70,40,30
Старкстрим,gordunni,1461,priest,shadow,78,41,37
Vilhiil,darksorrow,1461,priest,shadow,43,22,21
Erkay,kazzak,1459,priest,shadow,54,30,24
Nomorelight,stormscale,1458,priest,shadow,48,23,25
Xîneâ,outland,1456,priest,shadow,30,16,14
Дикрия,eversong,1456,priest,shadow,114,59,55
Venomspawn,ragnaros,1456,priest,shadow,36,18,18
Celz,kazzak,1455,priest,shadow,36,21,15
Îndura,drakthul,1455,priest,shadow,50,29,21
Xceliann,stormscale,1455,priest,shadow,36,20,16
Psycoscream,blackmoore,1455,priest,shadow,71,35,36
Hemovoid,nagrand,1454,priest,shadow,24,17,7
Kendea,silvermoon,1454,priest,shadow,151,82,69
Smâshëd,stormscale,1454,priest,shadow,84,42,42
Vedina,bronze-dragonflight,1453,priest,shadow,105,49,56
Абсорб,gordunni,1452,priest,shadow,42,27,15
Lousp,tarren-mill,1452,priest,shadow,42,17,25
Ammp,outland,1451,priest,shadow,166,90,76
Iamreaper,outland,1450,priest,shadow,42,22,20
Chaddius,stormscale,1450,priest,shadow,122,63,59
Baptizer,nemesis,1449,priest,shadow,122,74,48
Lëgolux,chogall,1448,priest,shadow,54,30,24
Самаэльз,blackscar,1448,priest,shadow,62,31,31
Kurzik,zuljin,1447,priest,shadow,46,30,16
Vhayna,kazzak,1447,priest,shadow,77,45,32
Dípp,ravencrest,1447,priest,shadow,36,18,18
Thebesp,ravencrest,1446,priest,shadow,42,19,23
Isusgaspodi,argent-dawn,1445,priest,shadow,109,62,47
Nygel,kazzak,1445,priest,shadow,112,59,53
Galle,frostmane,1444,priest,shadow,32,20,12
Nálá,nethersturm,1444,priest,shadow,29,18,11
Meloo,dalaran,1444,priest,shadow,139,77,62
Cinaedus,stormreaver,1444,priest,shadow,63,33,30
Tigrok,burning-legion,1442,priest,shadow,29,17,12
Lapinvicieux,archimonde,1442,priest,shadow,58,29,29
Cringelørd,alakir,1441,priest,shadow,70,41,29
Lichtl,ysera,1440,priest,shadow,54,28,26
Peep,emerald-dream,1439,priest,shadow,24,15,9
Palitox,kazzak,1439,priest,shadow,70,38,32
Afrophobia,archimonde,1436,priest,shadow,108,57,51
Taeraz,archimonde,1435,priest,shadow,24,15,9
Jlox,stormscale,1433,priest,shadow,39,16,23
Valdiona,tarren-mill,1431,priest,shadow,36,22,14
Nekemtenee,magtheridon,1430,priest,shadow,41,26,15
Smiles,burning-steppes,1430,priest,shadow,36,20,16
Hörror,twisting-nether,1430,priest,shadow,42,21,21
Astangia,nemesis,1429,priest,shadow,183,99,84
Skypez,blackhand,1427,priest,shadow,105,54,51
Gyom,sargeras,1426,priest,shadow,24,15,9
Nemw,chamber-of-aspects,1426,priest,shadow,46,28,18
Lamaovic,archimonde,1426,priest,shadow,59,31,28
Johnnysp,eredar,1425,priest,shadow,48,31,17
Jaimee,zirkel-des-cenarius,1425,priest,shadow,24,15,9
Xbeau,bronze-dragonflight,1425,priest,shadow,60,31,29
Forhandleren,draenor,1425,priest,shadow,157,75,82
Kìckurâss,aegwynn,1423,priest,shadow,47,24,23
Fnúggí,kazzak,1423,priest,shadow,42,21,21
Yaoshih,draenor,1420,priest,shadow,71,36,35
Sharmidix,kazzak,1419,priest,shadow,30,15,15
Zeawee,frostmane,1418,priest,shadow,24,15,9
Claudefrollo,the-maelstrom,1418,priest,shadow,49,26,23
Vøidtheorem,ragnaros,1417,priest,shadow,36,15,21
Говорун,grom,1416,priest,shadow,24,15,9
Mylini,silvermoon,1416,priest,shadow,101,54,47
Fordöbroo,ragnaros,1416,priest,shadow,216,113,103
Thudre,ravencrest,1415,priest,shadow,38,18,20
Søcrax,blackrock,1414,priest,shadow,60,34,26
Zinxe,ravencrest,1413,priest,shadow,55,32,23
Ladouce,archimonde,1413,priest,shadow,45,22,23
Khäñ,ravencrest,1413,priest,shadow,48,17,31
Îzî,sanguino,1412,priest,shadow,42,23,19
Shopify,nagrand,1412,priest,shadow,30,15,15
Xelathor,twisting-nether,1412,priest,shadow,82,39,43
Simplesam,ravencrest,1412,priest,shadow,76,35,41
Icyîce,kazzak,1411,priest,shadow,24,15,9
Flayin,kazzak,1411,priest,shadow,48,29,19
Saintethérez,archimonde,1410,priest,shadow,45,30,15
Velenthan,stormrage,1410,priest,shadow,42,28,14
Dotsin,kazzak,1406,priest,shadow,124,61,63
Mojoo,aggramar,1405,priest,shadow,26,16,10
Багбери,eversong,1404,priest,shadow,412,214,198
Niecheqt,tarren-mill,1403,priest,shadow,44,24,20
Tazera,boulderfist,1403,priest,shadow,66,33,33
Experimentix,silvermoon,1402,priest,shadow,30,16,14
Voidbro,grim-batol,1401,priest,shadow,29,15,14
Daltheria,daggerspine,1400,priest,shadow,89,52,37
Fosil,xavius,1400,priest,shadow,36,18,18
Sanebassoff,kazzak,1399,priest,shadow,208,110,98
Nicorøbin,uldum,1398,priest,shadow,62,37,25
Nightshådøw,silvermoon,1398,priest,shadow,122,64,58
Lamess,drakthul,1397,priest,shadow,49,30,19
Xíøn,draenor,1397,priest,shadow,35,16,19
Divledann,lightnings-blade,1395,priest,shadow,36,21,15
Kharòn,grim-batol,1395,priest,shadow,30,16,14
Sxynix,thrall,1394,priest,shadow,41,24,17
Shinígamí,frostmane,1394,priest,shadow,72,37,35
Dopey,kazzak,1393,priest,shadow,30,19,11
Сариандра,gordunni,1393,priest,shadow,88,50,38
Даркхон,howling-fjord,1393,priest,shadow,76,39,37
Zevulós,ravencrest,1393,priest,shadow,71,26,45
Хоозяин,blackscar,1392,priest,shadow,24,18,6
Миссклик,goldrinn,1391,priest,shadow,52,31,21
Дэспира,howling-fjord,1391,priest,shadow,28,16,12
Pãst,pozzo-delleternità,1391,priest,shadow,30,16,14
Fish,arathor,1390,priest,shadow,88,38,50
Voidpbody,nerathor,1388,priest,shadow,29,16,13
Superdude,stormscale,1386,priest,shadow,37,17,20
Kellen,burning-blade,1385,priest,shadow,344,176,168
Hek,sylvanas,1384,priest,shadow,72,36,36
Daenie,elune,1383,priest,shadow,42,21,21
Ohboy,eredar,1383,priest,shadow,64,30,34
Damyo,eredar,1381,priest,shadow,54,29,25
Hans,thrall,1380,priest,shadow,30,18,12
ßeastx,nethersturm,1378,priest,shadow,41,23,18
Nairima,argent-dawn,1377,priest,shadow,30,15,15
Rogmisa,cthun,1376,priest,shadow,60,33,27
Shizo,blutkessel,1370,priest,shadow,47,29,18
Shdwmeld,ravencrest,1370,priest,shadow,35,15,20
Shadowsister,burning-blade,1369,priest,shadow,60,30,30
Singularity,ravencrest,1367,priest,shadow,60,31,29
Низара,deathguard,1367,priest,shadow,60,24,36
Весенняя,gordunni,1365,priest,shadow,50,29,21
Gauge,frostmane,1365,priest,shadow,156,82,74
Eryxial,antonidas,1365,priest,shadow,47,22,25
Synexia,sylvanas,1364,priest,shadow,99,56,43
Bimboxo,argent-dawn,1363,priest,shadow,137,78,59
Sucukpriest,blackrock,1363,priest,shadow,42,23,19
Maxhima,defias-brotherhood,1360,priest,shadow,113,56,57
Bonbonici,sylvanas,1359,priest,shadow,60,40,20
Bromiaris,dun-morogh,1356,priest,shadow,54,25,29
Redoubtablee,kazzak,1356,priest,shadow,48,20,28
Morgoh,die-arguswacht,1355,priest,shadow,109,58,51
Exörcíst,outland,1354,priest,shadow,27,19,8
Имморталрё,galakrond,1354,priest,shadow,42,29,13
Офинсия,deathguard,1354,priest,shadow,47,18,29
Вексион,goldrinn,1353,priest,shadow,36,19,17
Силесттиль,gordunni,1353,priest,shadow,58,29,29
Spinggwin,burning-legion,1351,priest,shadow,42,33,9
Aleetheia,silvermoon,1350,priest,shadow,155,77,78
Сашашвд,howling-fjord,1350,priest,shadow,48,23,25
Ulquiørra,blackmoore,1349,priest,shadow,60,31,29
Nyróx,malganis,1345,priest,shadow,122,59,63
Prìestìalìty,draenor,1344,priest,shadow,29,17,12
Нинаврач,howling-fjord,1344,priest,shadow,24,14,10
Gumayusi,ravencrest,1344,priest,shadow,24,14,10
Wundervoid,silvermoon,1343,priest,shadow,29,18,11
Syreet,silvermoon,1342,priest,shadow,24,14,10
Alexwinkwink,kazzak,1342,priest,shadow,24,14,10
Amazingame,tarren-mill,1342,priest,shadow,30,14,16
Возрождающее,soulflayer,1342,priest,shadow,30,14,16
Maysiex,twisting-nether,1341,priest,shadow,24,14,10
Vtspam,stormscale,1341,priest,shadow,24,14,10
Slimshadey,malganis,1341,priest,shadow,24,14,10
Øxyzën,marécage-de-zangar,1340,priest,shadow,36,20,16
Apuessii,dun-modr,1340,priest,shadow,59,31,28
Velenthøs,argent-dawn,1338,priest,shadow,41,23,18
Wtrix,stormscale,1337,priest,shadow,24,14,10
Rrobaqepesi,twisting-nether,1337,priest,shadow,24,14,10
Atheniss,drakthul,1337,priest,shadow,66,36,30
Emilyvvillis,outland,1337,priest,shadow,36,14,22
Шаасит,soulflayer,1336,priest,shadow,30,17,13
Seni,gilneas,1336,priest,shadow,55,26,29
Sleepyshadow,drakthul,1335,priest,shadow,60,29,31
Gød,magtheridon,1335,priest,shadow,30,14,16
Settemsen,tarren-mill,1334,priest,shadow,18,14,4
Rätzah,silvermoon,1334,priest,shadow,48,20,28
Goodison,outland,1333,priest,shadow,30,14,16
Terenal,ysondre,1332,priest,shadow,52,33,19
Вайзмейстер,blackscar,1332,priest,shadow,24,14,10
Inei,doomhammer,1331,priest,shadow,48,25,23
Donkyrobert,tarren-mill,1331,priest,shadow,30,14,16
Adägïo,dun-modr,1329,priest,shadow,96,41,55
Giruga,eredar,1327,priest,shadow,24,14,10
Chillx,blackmoore,1327,priest,shadow,179,100,79
Dumámày,silvermoon,1326,priest,shadow,24,17,7
Dysko,alakir,1326,priest,shadow,30,17,13
Grouptherpst,draenor,1323,priest,shadow,24,14,10
Mellandoh,tarren-mill,1322,priest,shadow,53,31,22
Joniop,stormreaver,1322,priest,shadow,24,14,10
Khalphus,argent-dawn,1322,priest,shadow,36,15,21
Сэлунна,goldrinn,1321,priest,shadow,36,14,22
Kdot,drakthul,1317,priest,shadow,24,16,8
Clergy,hellfire,1317,priest,shadow,55,33,22
Littlebugger,argent-dawn,1317,priest,shadow,63,28,35
Priztar,nazjatar,1315,priest,shadow,37,18,19
Míjagí,blackhand,1314,priest,shadow,59,30,29
Saviour,spinebreaker,1311,priest,shadow,42,23,19
Prästpojken,frostwhisper,1311,priest,shadow,36,19,17
Lurmus,outland,1311,priest,shadow,30,15,15
Xxede,dun-modr,1310,priest,shadow,81,37,44
Kasyrra,sylvanas,1309,priest,shadow,79,42,37
Kíssme,archimonde,1307,priest,shadow,36,25,11
Battlefog,turalyon,1307,priest,shadow,54,29,25
Kristiflicka,kazzak,1305,priest,shadow,48,30,18
Secundis,silvermoon,1305,priest,shadow,30,16,14
Kåstå,archimonde,1304,priest,shadow,35,17,18
Kåz,argent-dawn,1301,priest,shadow,35,21,14
Phycobabe,sylvanas,1301,priest,shadow,66,29,37
Inzàné,kazzak,1300,priest,shadow,100,55,45
Дроус,borean-tundra,1300,priest,shadow,42,21,21
Unerfedsp,archimonde,1297,priest,shadow,139,66,73
Aíushtha,frostmane,1295,priest,shadow,36,14,22
Røst,ravencrest,1294,priest,shadow,23,14,9
Shifune,blackhand,1293,priest,shadow,54,25,29
Hexmon,tarren-mill,1292,priest,shadow,30,21,9
Slenderdoom,stormscale,1291,priest,shadow,24,14,10
Цитамин,deathguard,1291,priest,shadow,85,39,46
Boomboxk,darksorrow,1290,priest,shadow,24,15,9
Абасали,howling-fjord,1290,priest,shadow,54,22,32
Васпохилить,howling-fjord,1289,priest,shadow,90,39,51
Froffzy,tarren-mill,1289,priest,shadow,36,15,21
Eytrhfb,stormscale,1288,priest,shadow,24,14,10
Piixld,aegwynn,1288,priest,shadow,54,28,26
Nagatary,blackmoore,1286,priest,shadow,68,37,31
Prøfesor,nemesis,1284,priest,shadow,33,15,18
Jawoflash,antonidas,1281,priest,shadow,33,15,18
Ggdoll,twisting-nether,1280,priest,shadow,197,99,98
Eslo,outland,1280,priest,shadow,38,17,21
Bigorna,frostmane,1279,priest,shadow,60,31,29
Psystorm,frostmane,1279,priest,shadow,36,18,18
Неймхичгодх,gordunni,1277,priest,shadow,28,15,13
Chowhone,archimonde,1277,priest,shadow,42,14,28
Bonifacio,la-croisade-écarlate,1276,priest,shadow,30,14,16
Ðizzi,dun-modr,1275,priest,shadow,27,16,11
Montane,wrathbringer,1275,priest,shadow,36,20,16
Voidlord,hyjal,1275,priest,shadow,60,31,29
Fåith,twilights-hammer,1275,priest,shadow,90,46,44
Shaaq,stormscale,1274,priest,shadow,18,15,3
Oöm,hyjal,1271,priest,shadow,30,20,10
Seehz,ysondre,1271,priest,shadow,35,14,21
Абракабра,howling-fjord,1270,priest,shadow,36,16,20
Kuusistöö,kazzak,1268,priest,shadow,25,15,10
Hoon,destromath,1268,priest,shadow,75,36,39
Daretox,turalyon,1268,priest,shadow,34,15,19
Нудная,galakrond,1268,priest,shadow,46,19,27
Nûwa,draenor,1265,priest,shadow,24,18,6
Adssdfhjgh,outland,1264,priest,shadow,44,25,19
Dazé,ravencrest,1263,priest,shadow,45,22,23
Evilspel,ravencrest,1261,priest,shadow,33,18,15
Mundwerk,malganis,1260,priest,shadow,153,70,83
Mariosee,wrathbringer,1256,priest,shadow,30,17,13
Hëllokitty,sanguino,1253,priest,shadow,86,42,44
Evna,chogall,1251,priest,shadow,36,14,22
Powna,blackrock,1249,priest,shadow,54,28,26
Soulsuckerr,silvermoon,1249,priest,shadow,48,24,24
Balthe,defias-brotherhood,1248,priest,shadow,18,13,5
Bensherman,dalaran,1248,priest,shadow,18,13,5
Gbc,emerald-dream,1248,priest,shadow,24,13,11
Xktr,aggra-português,1247,priest,shadow,18,13,5
Bizzlebabe,lightbringer,1247,priest,shadow,18,13,5
Sadgepriest,draenor,1247,priest,shadow,24,13,11
Rippeep,emerald-dream,1247,priest,shadow,24,13,11
Testorwp,ragnaros,1245,priest,shadow,48,30,18
Majinmadara,ravencrest,1245,priest,shadow,28,14,14
Gorali,the-venture-co,1245,priest,shadow,28,14,14
Bozia,chamber-of-aspects,1245,priest,shadow,36,17,19
Because,nemesis,1244,priest,shadow,18,13,5
Nightchime,silvermoon,1244,priest,shadow,29,18,11
Déép,nazjatar,1244,priest,shadow,26,13,13
Hîlaryduff,dun-modr,1243,priest,shadow,24,13,11
Scade,kazzak,1243,priest,shadow,30,13,17
Henaheals,ragnaros,1242,priest,shadow,18,13,5
Drakzx,kazzak,1242,priest,shadow,18,13,5
Пристаболик,gordunni,1242,priest,shadow,18,13,5
Shîn,aegwynn,1242,priest,shadow,139,68,71
Ruojatar,stormreaver,1241,priest,shadow,18,13,5
Greyford,blackhand,1240,priest,shadow,18,13,5
Peikkousva,twisting-nether,1240,priest,shadow,24,13,11
Lilyrosemary,arathor,1239,priest,shadow,24,13,11
Darkangél,forscherliga,1239,priest,shadow,30,13,17
Harkøn,draenor,1237,priest,shadow,24,14,10
Söörpriest,the-maelstrom,1237,priest,shadow,61,35,26
Ravenbell,chamber-of-aspects,1237,priest,shadow,24,13,11
Каспера,galakrond,1236,priest,shadow,24,13,11
Szalsza,arathor,1236,priest,shadow,41,18,23
Pehmoinen,korgall,1233,priest,shadow,24,13,11
Omnissiiah,silvermoon,1232,priest,shadow,54,24,30
Umayyaa,sylvanas,1231,priest,shadow,30,13,17
Булькозавр,razuvious,1230,priest,shadow,36,22,14
Spwin,silvermoon,1230,priest,shadow,48,26,22
Адария,booty-bay,1229,priest,shadow,24,13,11
Держимоепиво,blackscar,1229,priest,shadow,24,13,11
Delaiya,antonidas,1227,priest,shadow,60,27,33
Shadowchunks,argent-dawn,1222,priest,shadow,26,13,13
Enemypriest,argent-dawn,1222,priest,shadow,61,30,31
Blååb,draenor,1220,priest,shadow,30,13,17
Controlled,tarren-mill,1219,priest,shadow,83,39,44
Seum,ravencrest,1218,priest,shadow,30,13,17
Tesz,perenolde,1217,priest,shadow,36,16,20
Yonaka,amanthul,1216,priest,shadow,102,44,58
Skuggzter,outland,1215,priest,shadow,42,26,16
Xanelor,tarren-mill,1213,priest,shadow,30,17,13
Wewo,drakthul,1213,priest,shadow,33,14,19
Damnedangel,drakthul,1212,priest,shadow,30,13,17
Mirelaw,stormscale,1210,priest,shadow,84,53,31
Ваккарий,gordunni,1210,priest,shadow,130,65,65
Neychen,blackrock,1209,priest,shadow,30,13,17
Antigospa,kazzak,1208,priest,shadow,48,20,28
Cptnahab,blackmoore,1206,priest,shadow,49,35,14
Zedrus,azshara,1206,priest,shadow,29,13,16
Ayuntamiento,proudmoore,1202,priest,shadow,36,23,13
Tiinia,hyjal,1202,priest,shadow,46,17,29
Mylox,blackrock,1200,priest,shadow,22,14,8
Gaidemar,blackmoore,1200,priest,shadow,48,24,24
Lasdrael,dun-modr,1199,priest,shadow,72,39,33
Medovina,silvermoon,1196,priest,shadow,24,13,11
Farseerx,ravencrest,1194,priest,shadow,135,74,61
Veshania,blackhand,1194,priest,shadow,56,25,31
Alaeddin,kazzak,1190,priest,shadow,126,61,65
Onskansmoder,shattered-hand,1189,priest,shadow,87,39,48
Mydianá,aegwynn,1187,priest,shadow,29,16,13
Zák,sylvanas,1186,priest,shadow,42,27,15
Ælîta,blackhand,1186,priest,shadow,42,26,16
Smõke,tarren-mill,1186,priest,shadow,48,21,27
Supermacy,eredar,1184,priest,shadow,30,14,16
Classy,drakthul,1182,priest,shadow,45,15,30
Morteous,twisting-nether,1181,priest,shadow,267,136,131
Foxiekitten,tarren-mill,1178,priest,shadow,22,13,9
Cottyx,outland,1176,priest,shadow,22,13,9
Cronershadow,stormscale,1176,priest,shadow,32,15,17
Broncos,twisting-nether,1174,priest,shadow,60,33,27
Crishroc,stormreaver,1172,priest,shadow,54,29,25
Hârlequin,draenor,1171,priest,shadow,317,160,157
Thergozar,stormscale,1170,priest,shadow,67,41,26
Azade,silvermoon,1168,priest,shadow,18,13,5
Divinefilth,kazzak,1168,priest,shadow,34,14,20
Karnatia,burning-legion,1165,priest,shadow,30,13,17
Mynithir,chants-éternels,1163,priest,shadow,36,18,18
Holymonstah,sanguino,1161,priest,shadow,46,24,22
Лайкшеди,soulflayer,1160,priest,shadow,30,18,12
Avatars,kirin-tor,1159,priest,shadow,70,35,35
Sayash,chamber-of-aspects,1158,priest,shadow,26,13,13
Scaryman,ravencrest,1157,priest,shadow,23,14,9
Vanzl,ravencrest,1153,priest,shadow,24,14,10
Aritrosp,kargath,1152,priest,shadow,24,12,12
Hotdog,kult-der-verdammten,1152,priest,shadow,42,20,22
Julîane,aegwynn,1151,priest,shadow,18,12,6
Мсикатана,gordunni,1151,priest,shadow,18,12,6
Grayraven,azjolnerub,1151,priest,shadow,36,12,24
Deethraa,argent-dawn,1150,priest,shadow,18,12,6
Tailjob,silvermoon,1150,priest,shadow,18,12,6
Sinsofmany,ragnaros,1150,priest,shadow,18,12,6
Dingqt,chogall,1150,priest,shadow,24,12,12
Psychø,kazzak,1149,priest,shadow,24,12,12
Onlyfansp,ravencrest,1149,priest,shadow,30,12,18
Pórt,kazzak,1148,priest,shadow,21,13,8
Zakkonnik,burning-legion,1148,priest,shadow,30,14,16
Harukaa,aggra-português,1147,priest,shadow,24,19,5
Zetapp,argent-dawn,1147,priest,shadow,24,12,12
Tweenitopg,les-clairvoyants,1146,priest,shadow,18,12,6
Unreal,nagrand,1146,priest,shadow,24,12,12
Puresaint,the-maelstrom,1146,priest,shadow,24,12,12
Turbosucc,burning-blade,1146,priest,shadow,30,12,18
Отчепадре,gordunni,1145,priest,shadow,24,12,12
Abjure,silvermoon,1144,priest,shadow,24,12,12
Eriezel,shattered-halls,1144,priest,shadow,24,12,12
Garock,archimonde,1144,priest,shadow,48,19,29
Shendilka,drakthul,1143,priest,shadow,21,13,8
Cabalist,silvermoon,1143,priest,shadow,144,74,70
Gesees,ravencrest,1141,priest,shadow,24,12,12
Vo,dentarg,1141,priest,shadow,30,12,18
Томба,ashenvale,1139,priest,shadow,18,12,6
Qsandria,ravencrest,1139,priest,shadow,24,12,12
Kumpi,azjolnerub,1138,priest,shadow,18,12,6
Дитеприста,greymane,1138,priest,shadow,24,15,9
Дикосвет,howling-fjord,1137,priest,shadow,48,15,33
Eliana,blackrock,1136,priest,shadow,18,12,6
Санятруу,blackscar,1136,priest,shadow,96,54,42
Seenoend,neptulon,1136,priest,shadow,24,12,12
Suurona,die-aldor,1135,priest,shadow,54,26,28
Fuzzydude,ravencrest,1135,priest,shadow,36,12,24
Evypriest,draenor,1133,priest,shadow,24,12,12
Phasmofobia,ragnaros,1131,priest,shadow,44,26,18
Cerbero,doomhammer,1128,priest,shadow,18,12,6
Byzzi,draenor,1128,priest,shadow,18,12,6
Семмэр,gordunni,1125,priest,shadow,73,31,42
Maximandreic,kazzak,1124,priest,shadow,42,13,29
Zildjiana,archimonde,1122,priest,shadow,30,12,18
Atelstan,drakthul,1117,priest,shadow,96,44,52
Ocastia,antonidas,1116,priest,shadow,18,12,6
Druska,ragnaros,1116,priest,shadow,42,23,19
Лапушок,borean-tundra,1114,priest,shadow,54,32,22
Shidoya,tarren-mill,1114,priest,shadow,23,12,11
Ziglinde,shattrath,1113,priest,shadow,30,16,14
Phïljr,ravencrest,1112,priest,shadow,24,14,10
Уртримас,gordunni,1110,priest,shadow,42,18,24
Юбизумо,gordunni,1108,priest,shadow,26,13,13
Angleka,argent-dawn,1105,priest,shadow,101,45,56
Nellytaa,dalaran,1103,priest,shadow,35,18,17
Yuhé,elune,1100,priest,shadow,24,16,8
Sáro,ravencrest,1099,priest,shadow,24,13,11
Акциуми,howling-fjord,1097,priest,shadow,76,43,33
Bonka,sanguino,1093,priest,shadow,24,13,11
Ixdeadxl,stormscale,1093,priest,shadow,30,13,17
Cthulou,tarren-mill,1092,priest,shadow,200,100,100
Alsyidan,khaz-modan,1091,priest,shadow,19,17,2
Hellena,neptulon,1089,priest,shadow,48,24,24
Equalìzer,ravencrest,1087,priest,shadow,14,12,2
Kraanocska,outland,1085,priest,shadow,21,13,8
Brainwash,darksorrow,1084,priest,shadow,28,12,16
Sodomix,tarren-mill,1083,priest,shadow,226,111,115
Frëyha,archimonde,1082,priest,shadow,49,28,21
Ниомана,gordunni,1077,priest,shadow,28,17,11
Valdemar,alakir,1075,priest,shadow,33,18,15
Ðarcø,archimonde,1075,priest,shadow,38,14,24
Sacher,shendralar,1074,priest,shadow,72,34,38
Тэтсу,greymane,1073,priest,shadow,36,22,14
Некросиний,eversong,1072,priest,shadow,25,14,11
Løxi,blackmoore,1070,priest,shadow,19,13,6
Syfl,defias-brotherhood,1060,priest,shadow,30,13,17
Mistaké,the-maelstrom,1059,priest,shadow,60,28,32
Brainmuscle,ravencrest,1057,priest,shadow,24,14,10
Kishoengi,ravencrest,1056,priest,shadow,12,11,1
Gladinbedirl,ravencrest,1056,priest,shadow,12,11,1
Littlefräu,ravencrest,1056,priest,shadow,16,12,4
Fabulicious,blackrock,1056,priest,shadow,18,11,7
Draryanna,nemesis,1056,priest,shadow,18,11,7
Mindseven,emeriss,1056,priest,shadow,18,11,7
Príêstjklòl,stormscale,1056,priest,shadow,24,11,13
Lësstat,hyjal,1055,priest,shadow,12,11,1
Häst,the-maelstrom,1055,priest,shadow,15,12,3
Noyam,dun-morogh,1055,priest,shadow,24,11,13
Elyziz,tarren-mill,1054,priest,shadow,18,11,7
Tartaroula,twisting-nether,1054,priest,shadow,18,11,7
Laradiel,dun-modr,1054,priest,shadow,18,11,7
Uzü,ysondre,1054,priest,shadow,28,12,16
Khålyst,archimonde,1054,priest,shadow,30,11,19
Шанэкс,howling-fjord,1053,priest,shadow,12,11,1
Peaksp,stormscale,1053,priest,shadow,18,11,7
Umyqt,ragnaros,1053,priest,shadow,18,11,7
Dexploit,frostwolf,1053,priest,shadow,18,11,7
Yoggies,tarren-mill,1053,priest,shadow,21,12,9
Fluffedup,twisting-nether,1053,priest,shadow,24,11,13
Påsøk,stormscale,1053,priest,shadow,24,11,13
Portvin,terenas,1052,priest,shadow,74,34,40
Ayhuasca,blackmoore,1052,priest,shadow,24,11,13
Jadæ,ragnaros,1052,priest,shadow,24,11,13
Phobò,blackrock,1050,priest,shadow,24,11,13
Vardrium,antonidas,1050,priest,shadow,24,11,13
Gstah,taerar,1049,priest,shadow,24,11,13
Dardinio,ravencrest,1049,priest,shadow,30,11,19
Deshaz,tarren-mill,1049,priest,shadow,30,11,19
Sundae,nemesis,1048,priest,shadow,30,11,19
Arwen,azjolnerub,1047,priest,shadow,18,11,7
Амфетаминная,howling-fjord,1047,priest,shadow,56,29,27
Corpsemaw,silvermoon,1047,priest,shadow,24,11,13
Xatori,arthas,1047,priest,shadow,24,11,13
Chibz,twisting-nether,1047,priest,shadow,30,11,19
Намдандар,howling-fjord,1044,priest,shadow,24,13,11
Zubrowkâ,kazzak,1043,priest,shadow,24,11,13
Dotterin,draenor,1041,priest,shadow,12,11,1
Missadventur,skullcrusher,1041,priest,shadow,18,11,7
Holypowér,twisting-nether,1041,priest,shadow,24,11,13
Sigor,hellfire,1039,priest,shadow,29,12,17
Umbrazoid,sanguino,1030,priest,shadow,36,11,25
Блюмсик,blackscar,1025,priest,shadow,36,20,16
Серебрия,gordunni,1024,priest,shadow,75,42,33
Festiz,tichondrius,1024,priest,shadow,30,14,16
Кинраналь,eversong,1021,priest,shadow,30,17,13
Mimox,kaelthas,1017,priest,shadow,24,14,10
Bodeeney,hellfire,1015,priest,shadow,68,28,40
Shíàpríést,kazzak,1015,priest,shadow,35,11,24
Tarissa,ravenholdt,1008,priest,shadow,24,12,12
Lisua,blackmoore,1008,priest,shadow,48,15,33
Belìal,thrall,1006,priest,shadow,23,11,12
Iceys,stormscale,1005,priest,shadow,17,11,6
Fanberra,the-venture-co,1001,priest,shadow,24,11,13
Beellzo,sylvanas,997,priest,shadow,57,21,36
Caballococo,dun-modr,994,priest,shadow,114,50,64
Pipen,stormscale,990,priest,shadow,29,11,18
Asdaprice,hellfire,986,priest,shadow,18,12,6
Minabonxx,silvermoon,984,priest,shadow,93,34,59
Zargoss,sylvanas,974,priest,shadow,19,11,8
Мргорсан,eversong,974,priest,shadow,30,16,14
Рикимарочка,gordunni,972,priest,shadow,26,11,15
Theythem,stormscale,960,priest,shadow,12,10,2
Reimagined,sylvanas,960,priest,shadow,12,10,2
Drë,daggerspine,960,priest,shadow,18,10,8
Achára,ravencrest,960,priest,shadow,18,10,8
Cometopastor,skullcrusher,960,priest,shadow,18,10,8
Swl,blackrock,960,priest,shadow,22,11,11
Tribz,kargath,959,priest,shadow,12,10,2
Aiewn,elune,959,priest,shadow,18,12,6
Gwyneth,archimonde,959,priest,shadow,24,14,10
Seankingkong,ravencrest,959,priest,shadow,18,10,8
Ciqua,frostmane,958,priest,shadow,16,11,5
Diha,argent-dawn,958,priest,shadow,18,10,8
Shadowleech,ragnaros,958,priest,shadow,18,10,8
Qiandra,argent-dawn,958,priest,shadow,24,10,14
Lethaa,twisting-nether,957,priest,shadow,18,10,8
Deekon,argent-dawn,957,priest,shadow,18,10,8
Taxthepoor,blackhand,955,priest,shadow,24,10,14
Kilmmiis,defias-brotherhood,954,priest,shadow,18,10,8
Twisty,malganis,953,priest,shadow,26,15,11
Lunatica,stormscale,953,priest,shadow,18,10,8
Unpretetroll,nemesis,952,priest,shadow,18,10,8
Otheym,the-maelstrom,948,priest,shadow,24,10,14
Иннй,howling-fjord,947,priest,shadow,24,11,13
Szpinx,stormscale,942,priest,shadow,30,10,20
Эсттелла,gordunni,941,priest,shadow,72,33,39
Papadiax,twilights-hammer,938,priest,shadow,18,10,8
Ruhoniy,ysondre,934,priest,shadow,30,17,13
Abrakahudder,tarren-mill,927,priest,shadow,17,10,7
Endchor,eredar,927,priest,shadow,96,45,51
Умом,gordunni,927,priest,shadow,26,11,15
Xartasfen,archimonde,926,priest,shadow,20,11,9
Силабездны,deathguard,926,priest,shadow,67,34,33
Aezef,ysondre,926,priest,shadow,26,11,15
Satànâs,twisting-nether,919,priest,shadow,17,10,7
Kloown,conseil-des-ombres,917,priest,shadow,59,31,28
Dayowe,antonidas,916,priest,shadow,166,80,86
Fârge,elune,911,priest,shadow,17,10,7
Csksablanca,sargeras,911,priest,shadow,17,10,7
Priestoll,draenor,911,priest,shadow,21,10,11
Valaç,turalyon,910,priest,shadow,21,10,11
Lildiggy,outland,894,priest,shadow,20,10,10
Reckpump,twisting-nether,891,priest,shadow,23,10,13
Triinkett,doomhammer,881,priest,shadow,75,31,44
Pneumay,tarren-mill,878,priest,shadow,18,10,8
Karabin,culte-de-la-rive-noire,876,priest,shadow,24,12,12
Døtgdx,archimonde,864,priest,shadow,12,9,3
Alinfinito,ravencrest,864,priest,shadow,12,9,3
Anabølixx,ravencrest,864,priest,shadow,12,9,3
Morgá,draenor,864,priest,shadow,12,9,3
Hanyk,kazzak,864,priest,shadow,12,9,3
Raffá,blackhand,864,priest,shadow,12,9,3
Tylb,tarren-mill,864,priest,shadow,12,9,3
Maxonos,blackmoore,864,priest,shadow,12,9,3
Honeydots,ravencrest,864,priest,shadow,12,9,3
Manyus,archimonde,864,priest,shadow,18,9,9
Brobox,blackmoore,864,priest,shadow,18,9,9
Æåeåeåé,twisting-nether,864,priest,shadow,18,9,9
Spyrono,kazzak,864,priest,shadow,18,9,9
Лайфстилх,blackscar,864,priest,shadow,18,9,9
Cruncher,ravencrest,864,priest,shadow,18,9,9
Svagis,draenor,864,priest,shadow,18,9,9
Fjonnski,blackmoore,864,priest,shadow,21,10,11
Schmatzy,blackmoore,864,priest,shadow,24,9,15
Ok,blackrock,864,priest,shadow,24,9,15
Joeqt,stormscale,864,priest,shadow,30,9,21
Atropin,silvermoon,863,priest,shadow,12,9,3
Klayjamin,draenor,863,priest,shadow,12,9,3
Späxxi,amanthul,863,priest,shadow,12,9,3
Potati,defias-brotherhood,863,priest,shadow,12,9,3
Cynthi,arthas,863,priest,shadow,12,9,3
Hollywoôd,draenor,863,priest,shadow,12,9,3
Viánná,sylvanas,863,priest,shadow,16,10,6
Cloudfactory,ravencrest,863,priest,shadow,18,9,9
Qzrx,outland,863,priest,shadow,18,9,9
Darkyy,alleria,863,priest,shadow,18,9,9
Talandra,drakthul,863,priest,shadow,18,9,9
Azsaryn,magtheridon,863,priest,shadow,18,9,9
Наярда,howling-fjord,863,priest,shadow,18,9,9
Alterspflege,eredar,863,priest,shadow,18,9,9
Txypii,dun-modr,863,priest,shadow,18,9,9
Ràthaløs,sanguino,863,priest,shadow,18,9,9
Tygstycke,tarren-mill,863,priest,shadow,18,9,9
Truereligion,tarren-mill,863,priest,shadow,24,9,15
Cythie,antonidas,863,priest,shadow,24,9,15
Prodan,frostmane,862,priest,shadow,12,9,3
Kaleycuoco,blackrock,862,priest,shadow,12,9,3
Skaliq,tarren-mill,862,priest,shadow,12,9,3
Pangoffy,burning-legion,862,priest,shadow,12,9,3
Drakharys,dun-modr,862,priest,shadow,18,9,9
Ilostmybible,runetotem,862,priest,shadow,24,9,15
Dívíne,ravenholdt,861,priest,shadow,12,9,3
Aelwïn,ysondre,861,priest,shadow,12,9,3
Dutchstuff,karazhan,861,priest,shadow,18,9,9
Kavie,ravencrest,861,priest,shadow,18,9,9
Pristara,bloodhoof,860,priest,shadow,12,9,3
Priëstitute,stormscale,860,priest,shadow,12,9,3
Plimpi,blackmoore,860,priest,shadow,18,9,9
Rèd,antonidas,860,priest,shadow,30,9,21
Лиройгеморой,gordunni,857,priest,shadow,18,9,9
Elfriede,twisting-nether,856,priest,shadow,12,9,3
Orcpriest,hellfire,856,priest,shadow,24,9,15
Farilight,draenor,850,priest,shadow,12,9,3
Ethalia,kirin-tor,849,priest,shadow,18,9,9
Madizuluka,aggra-português,849,priest,shadow,27,10,17
Ftiersp,ravencrest,847,priest,shadow,17,9,8
Trencharse,draenor,845,priest,shadow,23,9,14
Alesdia,eredar,843,priest,shadow,23,9,14
Дзинкз,howling-fjord,831,priest,shadow,16,10,6
Shaddyr,thrall,828,priest,shadow,17,9,8
Kasimobbel,alexstrasza,822,priest,shadow,91,29,62
Happychap,stormreaver,815,priest,shadow,21,9,12
Boomhilde,aegwynn,813,priest,shadow,23,9,14
Supriest,alakir,809,priest,shadow,27,10,17
Stoffig,aggramar,806,priest,shadow,18,9,9
Raylinae,die-aldor,799,priest,shadow,16,9,7
Bäckay,silvermoon,799,priest,shadow,16,9,7
Õðæßìùa,kazzak,799,priest,shadow,17,9,8
Arunp,magtheridon,799,priest,shadow,26,9,17
Alicanx,silvermoon,798,priest,shadow,17,9,8
Deadlymoda,zenedar,797,priest,shadow,20,9,11
Calor,nemesis,792,priest,shadow,16,9,7
Drynte,blackmoore,768,priest,shadow,12,8,4
Inavea,hyjal,768,priest,shadow,12,8,4
Notthatbad,draenor,768,priest,shadow,12,8,4
Westminster,tarren-mill,768,priest,shadow,12,8,4
Báh,tarren-mill,768,priest,shadow,12,8,4
Диградейшен,gordunni,768,priest,shadow,12,8,4
Vitapriest,silvermoon,768,priest,shadow,12,8,4
Drákxo,kazzak,768,priest,shadow,12,8,4
Шадоуприст,blackscar,768,priest,shadow,12,8,4
Raëkon,nemesis,768,priest,shadow,12,8,4
Spriestisbad,hyjal,768,priest,shadow,12,8,4
Waruum,outland,768,priest,shadow,12,8,4
Shadowirl,ravencrest,768,priest,shadow,12,8,4
Nätrix,tarren-mill,768,priest,shadow,12,8,4
Djstache,tarren-mill,768,priest,shadow,12,8,4
Evílshadows,tarren-mill,768,priest,shadow,12,8,4
Strvnge,stormreaver,768,priest,shadow,17,8,9
Gomor,mannoroth,768,priest,shadow,18,8,10
Hilerki,draenor,768,priest,shadow,18,8,10
Oniakusa,outland,768,priest,shadow,18,8,10
Ahle,darkspear,768,priest,shadow,18,8,10
Jellypie,blackrock,768,priest,shadow,18,8,10
Jaanny,defias-brotherhood,768,priest,shadow,18,8,10
Хелектро,deathweaver,768,priest,shadow,18,8,10
Svenskabarn,twisting-nether,768,priest,shadow,18,8,10
Ларчшп,gordunni,768,priest,shadow,24,8,16
Бравер,soulflayer,767,priest,shadow,12,8,4
Zappikpriest,silvermoon,767,priest,shadow,12,8,4
Pharli,stormscale,767,priest,shadow,12,8,4
Холиспирт,deathguard,767,priest,shadow,12,8,4
Holineß,burning-blade,767,priest,shadow,12,8,4
Grimgodx,ravencrest,767,priest,shadow,12,8,4
Superböck,aggra-português,767,priest,shadow,12,8,4
Septembér,draenor,767,priest,shadow,12,8,4
ßest,archimonde,767,priest,shadow,12,8,4
Симпоз,howling-fjord,767,priest,shadow,12,8,4
Leleg,blackhand,767,priest,shadow,15,9,6
Xuzilul,antonidas,767,priest,shadow,18,8,10
Urfkncringe,sylvanas,767,priest,shadow,18,8,10
Bigdumber,kazzak,767,priest,shadow,18,8,10
Созвонимся,gordunni,767,priest,shadow,18,8,10
Marcellina,argent-dawn,767,priest,shadow,18,8,10
Dimorinny,silvermoon,767,priest,shadow,18,8,10
Jyugins,alonsus,767,priest,shadow,18,8,10
Maela,uldum,767,priest,shadow,18,8,10
Волкановская,eversong,767,priest,shadow,18,8,10
Voidgasm,kazzak,767,priest,shadow,18,8,10
Maskinjundre,bronzebeard,767,priest,shadow,24,8,16
Priestlolx,aegwynn,767,priest,shadow,24,8,16
Mavaai,burning-legion,766,priest,shadow,12,8,4
Aducanpea,blackmoore,766,priest,shadow,12,8,4
Ехереу,blackscar,766,priest,shadow,12,8,4
Deadspace,hyjal,766,priest,shadow,12,8,4
Ihaveibs,doomhammer,766,priest,shadow,19,9,10
Comptonzity,outland,766,priest,shadow,18,8,10
Dvärg,ravencrest,766,priest,shadow,18,8,10
Несущийсерп,soulflayer,766,priest,shadow,18,8,10
Darkmayham,silvermoon,766,priest,shadow,18,8,10
Pæìn,malganis,766,priest,shadow,24,8,16
Ичисанчик,howling-fjord,766,priest,shadow,24,8,16
Derl,pozzo-delleternità,765,priest,shadow,12,8,4
Géèk,alakir,765,priest,shadow,19,8,11
Holyface,twisting-nether,764,priest,shadow,12,8,4
Shalnorei,drakthul,764,priest,shadow,12,8,4
Silverfate,outland,764,priest,shadow,18,8,10
Каратэк,howling-fjord,763,priest,shadow,12,8,4
Sammel,moonglade,763,priest,shadow,18,8,10
Zathada,twisting-nether,763,priest,shadow,18,8,10
Ruad,blackrock,762,priest,shadow,12,8,4
Никорете,soulflayer,759,priest,shadow,18,8,10
Святаятряпка,fordragon,754,priest,shadow,18,8,10
Treasons,tarren-mill,752,priest,shadow,30,8,22
Barcodes,kazzak,749,priest,shadow,20,9,11
Wàks,dalaran,747,priest,shadow,17,9,8
Teleriah,blackmoore,735,priest,shadow,17,8,9
Xavyos,eredar,734,priest,shadow,22,8,14
Aeo,twisting-nether,732,priest,shadow,17,8,9
Zennen,ragnaros,720,priest,shadow,19,9,10
Herro,thrall,719,priest,shadow,11,8,3
Anshes,draenor,713,priest,shadow,16,9,7
Fathedead,stormreaver,713,priest,shadow,30,10,20
Raetwo,stormscale,703,priest,shadow,14,8,6
Fleshcraft,ravencrest,703,priest,shadow,14,8,6
Grootts,burning-blade,702,priest,shadow,14,8,6
Манддалорец,gordunni,702,priest,shadow,22,8,14
Reptika,tichondrius,696,priest,shadow,16,8,8
Мараес,howling-fjord,686,priest,shadow,14,8,6
Shendiva,nathrezim,681,priest,shadow,13,8,5
Coffíndodger,magtheridon,672,priest,shadow,10,8,2
Dolens,argent-dawn,672,priest,shadow,12,7,5
Mcdutchy,arygos,672,priest,shadow,12,7,5
Nordrenalin,tarren-mill,672,priest,shadow,12,7,5
Arondir,defias-brotherhood,672,priest,shadow,12,7,5
Deform,argent-dawn,672,priest,shadow,12,7,5
Vladï,conseil-des-ombres,672,priest,shadow,12,7,5
Simisimi,twisting-nether,672,priest,shadow,12,7,5
Imdeadxd,twisting-nether,672,priest,shadow,12,7,5
Systerstål,twisting-nether,672,priest,shadow,12,7,5
Stevenfly,outland,672,priest,shadow,12,7,5
Xùÿø,culte-de-la-rive-noire,672,priest,shadow,12,7,5
Viperbites,tarren-mill,672,priest,shadow,12,7,5
Desti,darkmoon-faire,672,priest,shadow,12,7,5
Teríyaki,blackrock,672,priest,shadow,12,7,5
Mindboorst,kazzak,672,priest,shadow,12,7,5
Extazia,ravencrest,672,priest,shadow,12,7,5
Cskgbénébéné,garona,672,priest,shadow,12,7,5
Uria,moonglade,672,priest,shadow,12,7,5
Azazoth,sylvanas,672,priest,shadow,12,7,5
Fairylite,outland,672,priest,shadow,12,7,5
Mórok,silvermoon,672,priest,shadow,12,7,5
Stac,hyjal,672,priest,shadow,12,7,5
Kíguwu,draenor,672,priest,shadow,12,7,5
Yrr,draenor,672,priest,shadow,12,7,5
Миррен,gordunni,672,priest,shadow,12,7,5
Medtner,stormscale,672,priest,shadow,12,7,5
Stepmama,kazzak,672,priest,shadow,12,7,5
Libstik,hyjal,672,priest,shadow,12,7,5
Roastie,frostmane,672,priest,shadow,12,7,5
Leggat,draenor,672,priest,shadow,15,8,7
Memelordqt,silvermoon,672,priest,shadow,18,7,11
Crazyname,outland,672,priest,shadow,18,7,11
Heygoogle,ravencrest,672,priest,shadow,18,7,11
Рэйам,fordragon,672,priest,shadow,18,7,11
Talbatexx,blackmoore,672,priest,shadow,18,7,11
Majinbuù,sargeras,672,priest,shadow,18,7,11
Клаенз,fordragon,672,priest,shadow,18,7,11
Korzec,dun-modr,672,priest,shadow,18,7,11
Irlfatguy,ravencrest,672,priest,shadow,20,7,13
Serayhx,blackrock,672,priest,shadow,24,7,17
Valkyråe,ravencrest,671,priest,shadow,9,8,1
Qiguai,outland,671,priest,shadow,12,7,5
Lagbugdcx,ravencrest,671,priest,shadow,12,7,5
Scorbute,conseil-des-ombres,671,priest,shadow,12,7,5
Kogarrashi,aegwynn,671,priest,shadow,12,7,5
Badomens,draenor,671,priest,shadow,12,7,5
Syntára,blackhand,671,priest,shadow,12,7,5
Elarya,zenedar,671,priest,shadow,12,7,5
Xæe,blackrock,671,priest,shadow,12,7,5
Мариаглорум,gordunni,671,priest,shadow,12,7,5
Cryptoniite,kazzak,671,priest,shadow,12,7,5
Lainie,burning-legion,671,priest,shadow,12,7,5
Shiekma,norgannon,671,priest,shadow,12,7,5
Allanna,talnivarr,671,priest,shadow,12,7,5
Слышуфонк,howling-fjord,671,priest,shadow,12,7,5
Neeyø,blackhand,671,priest,shadow,12,7,5
Bazazath,thrall,671,priest,shadow,15,8,7
Freshpope,ravencrest,671,priest,shadow,16,8,8
Neggan,chamber-of-aspects,671,priest,shadow,18,7,11
Nostramu,argent-dawn,671,priest,shadow,18,7,11
Jerolol,sanguino,671,priest,shadow,18,7,11
Deriont,argent-dawn,671,priest,shadow,18,7,11
Elfer,dalaran,671,priest,shadow,18,7,11
Solanaelle,archimonde,671,priest,shadow,18,7,11
Idontmind,eredar,671,priest,shadow,18,7,11
Chaarronn,drakthul,671,priest,shadow,18,7,11
Кибержрица,soulflayer,671,priest,shadow,18,7,11
Wivienne,defias-brotherhood,671,priest,shadow,26,8,18
Grimer,talnivarr,670,priest,shadow,12,7,5
Copperplume,ravenholdt,670,priest,shadow,12,7,5
Hiela,outland,670,priest,shadow,12,7,5
Rétestészta,arathor,670,priest,shadow,12,7,5
Voina,ravencrest,670,priest,shadow,12,7,5
Вегельдэрс,gordunni,670,priest,shadow,12,7,5
Kitasia,tarren-mill,670,priest,shadow,12,7,5
Haxxøn,die-nachtwache,670,priest,shadow,12,7,5
Maayhem,blackrock,670,priest,shadow,16,8,8
Infliction,auchindoun,670,priest,shadow,24,7,17
Ансин,azuregos,669,priest,shadow,12,7,5
Liliashet,sanguino,669,priest,shadow,12,7,5
Hotsanddots,auchindoun,668,priest,shadow,12,7,5
Newik,burning-legion,667,priest,shadow,12,7,5
Hulluh,tarren-mill,665,priest,shadow,12,7,5
Nerfnerf,kazzak,663,priest,shadow,22,10,12
Redfield,frostmane,663,priest,shadow,24,7,17
Spaghettoni,tarren-mill,662,priest,shadow,12,7,5
Irrtum,nozdormu,659,priest,shadow,12,7,5
Sai,draenor,655,priest,shadow,17,7,10
Swarzie,outland,653,priest,shadow,17,7,10
Vregoa,twisting-nether,639,priest,shadow,17,7,10
Lashana,die-aldor,639,priest,shadow,17,7,10
Kavius,kazzak,639,priest,shadow,21,7,14
Llounal,silvermoon,637,priest,shadow,17,7,10
Reeflix,blackmoore,607,priest,shadow,17,8,9
Lipzip,twisting-nether,591,priest,shadow,19,7,12
Deadandugly,eredar,576,priest,shadow,6,6,0
Shacoat,draenor,576,priest,shadow,6,6,0
Iamsadstory,sylvanas,576,priest,shadow,6,6,0
Brìtneyfears,ravencrest,576,priest,shadow,6,6,0
Noggorran,teldrassil,576,priest,shadow,10,7,3
Farotep,tarren-mill,576,priest,shadow,12,6,6
Бранлор,howling-fjord,576,priest,shadow,12,6,6
Grapemachine,dentarg,576,priest,shadow,12,6,6
Cluelêss,blackrock,576,priest,shadow,12,6,6
Sselycrem,dun-morogh,576,priest,shadow,12,6,6
Skillmåster,ravencrest,576,priest,shadow,12,6,6
Englestøv,stormreaver,576,priest,shadow,12,6,6
Submeplz,stormscale,576,priest,shadow,12,6,6
Fluffieh,ravencrest,576,priest,shadow,12,6,6
Saliâ,blackmoore,576,priest,shadow,12,6,6
Pepitzaftw,sylvanas,576,priest,shadow,12,6,6
Prästjäväln,stormscale,576,priest,shadow,12,6,6
Averye,kazzak,576,priest,shadow,12,6,6
Keijuna,kazzak,576,priest,shadow,12,6,6
Shadowpdots,sargeras,576,priest,shadow,12,6,6
Темняк,gordunni,576,priest,shadow,12,6,6
Ellfle,kazzak,576,priest,shadow,12,6,6
Dboi,tarren-mill,576,priest,shadow,12,6,6
Сакта,howling-fjord,576,priest,shadow,12,6,6
Mephiras,kult-der-verdammten,576,priest,shadow,12,6,6
Madpandax,blackmoore,576,priest,shadow,12,6,6
Kunayu,ravencrest,576,priest,shadow,12,6,6
Loldawg,stormscale,576,priest,shadow,12,6,6
Lilsayx,blackrock,576,priest,shadow,12,6,6
Buttbob,ravencrest,576,priest,shadow,12,6,6
Yixi,blackmoore,576,priest,shadow,12,6,6
Vogthon,aggra-português,576,priest,shadow,12,6,6
Старлайтх,gordunni,576,priest,shadow,12,6,6
Dakystepmom,stormreaver,576,priest,shadow,12,6,6
Noreal,twisting-nether,576,priest,shadow,12,6,6
Lovelessp,stormscale,576,priest,shadow,12,6,6
Wakizashi,ravencrest,576,priest,shadow,12,6,6
Toxxjq,sylvanas,576,priest,shadow,12,6,6
Sebrøk,nemesis,576,priest,shadow,12,6,6
Arratør,ysondre,576,priest,shadow,12,6,6
Shadoxx,malganis,576,priest,shadow,12,6,6
Despéri,ysondre,576,priest,shadow,12,6,6
Skyfour,blackmoore,576,priest,shadow,12,6,6
Ztrolol,archimonde,576,priest,shadow,12,6,6
Elenie,frostwolf,576,priest,shadow,12,6,6
Landliebe,outland,576,priest,shadow,12,6,6
Rekson,alleria,576,priest,shadow,12,6,6
Cultist,defias-brotherhood,576,priest,shadow,12,6,6
Безмездная,gordunni,576,priest,shadow,12,6,6
Шучунекошмар,soulflayer,576,priest,shadow,12,6,6
Cocolasticot,garona,576,priest,shadow,12,6,6
Balan,argent-dawn,576,priest,shadow,12,6,6
Ràvèn,dun-modr,576,priest,shadow,18,6,12
Purplex,aggra-português,576,priest,shadow,18,6,12
Styxpr,blackhand,576,priest,shadow,18,6,12
Øro,ysondre,576,priest,shadow,24,6,18
Нитровина,howling-fjord,575,priest,shadow,12,6,6
Nasurans,ravencrest,575,priest,shadow,12,6,6
Lexivenera,silvermoon,575,priest,shadow,12,6,6
Sliey,blackrock,575,priest,shadow,12,6,6
Princéssà,aegwynn,575,priest,shadow,12,6,6
Attaxx,dragonmaw,575,priest,shadow,12,6,6
Нефрида,gordunni,575,priest,shadow,12,6,6
Арабески,galakrond,575,priest,shadow,12,6,6
Torquemad,sunstrider,575,priest,shadow,12,6,6
Xxon,blackrock,575,priest,shadow,12,6,6
Husqvarnasåg,tarren-mill,575,priest,shadow,21,7,14
Wintercurse,twisting-nether,575,priest,shadow,18,6,12
Prepodobna,ravencrest,575,priest,shadow,18,6,12
Sanctimo,stormscale,574,priest,shadow,12,6,6
Luxumbra,pozzo-delleternità,574,priest,shadow,12,6,6
Azshanna,argent-dawn,574,priest,shadow,12,6,6
Zerim,blackmoore,574,priest,shadow,24,6,18
Sacreth,ragnaros,574,priest,shadow,24,6,18
Сендрагон,blackscar,572,priest,shadow,18,6,12
Karmapollys,silvermoon,570,priest,shadow,12,6,6
Clubhavana,blackrock,568,priest,shadow,30,6,24
Zepesch,dalvengyr,559,priest,shadow,17,6,11
Notcute,the-maelstrom,543,priest,shadow,11,6,5
Yvaru,der-mithrilorden,543,priest,shadow,11,6,5
Oggiz,archimonde,542,priest,shadow,17,6,11
Easyc,gorgonnash,480,priest,shadow,6,5,1
Pâww,kazzak,480,priest,shadow,6,5,1
Shadowkenia,ysondre,480,priest,shadow,6,5,1
Boniesmack,stormscale,480,priest,shadow,6,5,1
Gladíator,blackhand,480,priest,shadow,6,5,1
Attilerg,stormscale,480,priest,shadow,6,5,1
Genjorss,pozzo-delleternità,480,priest,shadow,6,5,1
Nøskillzz,nemesis,480,priest,shadow,6,5,1
Rinkahands,silvermoon,480,priest,shadow,6,5,1
Graveyards,tarren-mill,480,priest,shadow,6,5,1
Azrpr,ravencrest,480,priest,shadow,6,5,1
Алуриэлия,gordunni,480,priest,shadow,6,5,1
Disillusíon,tarren-mill,480,priest,shadow,6,5,1
Зоргдаркнесс,howling-fjord,480,priest,shadow,6,5,1
Скизма,gordunni,480,priest,shadow,6,5,1
Darkqt,ravencrest,480,priest,shadow,6,5,1
Qúetee,silvermoon,480,priest,shadow,10,6,4
Slitenprest,kazzak,480,priest,shadow,12,6,6
Cmonbro,hyjal,480,priest,shadow,12,5,7
Löspajen,stormscale,480,priest,shadow,12,5,7
Lillclubbina,stormscale,480,priest,shadow,12,5,7
Dpyo,ravencrest,480,priest,shadow,12,5,7
Elixier,frostmane,480,priest,shadow,12,5,7
Darrianna,outland,480,priest,shadow,12,5,7
Stickyjamxx,frostmane,480,priest,shadow,12,5,7
Tokkz,kelthuzad,480,priest,shadow,12,5,7
Mondiie,drakthul,480,priest,shadow,12,5,7
Mahist,ravencrest,480,priest,shadow,12,5,7
Shadowful,drakthul,480,priest,shadow,12,5,7
Blackout,nemesis,480,priest,shadow,12,5,7
Rokil,ravencrest,480,priest,shadow,12,5,7
Lyssandre,stormreaver,480,priest,shadow,12,5,7
Taikki,stormreaver,480,priest,shadow,12,5,7
Frv,tarren-mill,480,priest,shadow,12,5,7
Sheerzo,twisting-nether,480,priest,shadow,12,5,7
Kwhy,twisting-nether,480,priest,shadow,12,5,7
Хенели,blackscar,480,priest,shadow,12,5,7
Môrtïciâ,tarren-mill,480,priest,shadow,12,5,7
Dejica,kult-der-verdammten,480,priest,shadow,12,5,7
Rovensin,ravencrest,480,priest,shadow,12,5,7
Megadima,norgannon,480,priest,shadow,12,5,7
Nolsrcp,outland,480,priest,shadow,12,5,7
Neverfade,dun-modr,480,priest,shadow,12,5,7
Speedfraek,kazzak,480,priest,shadow,12,5,7
Kidkuddo,blackmoore,480,priest,shadow,12,5,7
Qwertyuioasd,ravencrest,480,priest,shadow,12,5,7
Нимрана,deathguard,480,priest,shadow,12,5,7
Prayypray,eredar,480,priest,shadow,12,5,7
Jarkk,ysondre,480,priest,shadow,12,5,7
Appraiser,draenor,480,priest,shadow,12,5,7
Bonsoin,kirin-tor,480,priest,shadow,12,5,7
Darkmus,quelthalas,480,priest,shadow,12,5,7
Voidkäfer,ravencrest,480,priest,shadow,12,5,7
Lubudu,burning-legion,480,priest,shadow,12,5,7
Haiduka,burning-legion,480,priest,shadow,12,5,7
Дакимакурах,gordunni,480,priest,shadow,12,5,7
Xpy,kazzak,480,priest,shadow,12,5,7
Moogie,archimonde,480,priest,shadow,18,5,13
Eosar,blackhand,479,priest,shadow,12,5,7
Xieraxe,ravencrest,479,priest,shadow,12,5,7
Gimcho,magtheridon,479,priest,shadow,12,5,7
Tøucher,silvermoon,479,priest,shadow,12,5,7
Блэксикер,greymane,479,priest,shadow,12,5,7
Балзик,blackscar,479,priest,shadow,12,5,7
Howlscastie,stormscale,479,priest,shadow,12,5,7
Rehpotsirhc,blackrock,479,priest,shadow,12,5,7
Heinricht,ragnaros,479,priest,shadow,12,5,7
Tronixcs,boulderfist,479,priest,shadow,12,5,7
Chandria,veknilash,479,priest,shadow,12,5,7
Лейля,goldrinn,479,priest,shadow,18,5,13
Yhullgord,nazjatar,478,priest,shadow,18,5,13
Falbäla,suramar,473,priest,shadow,12,5,7
Chïefpapi,twisting-nether,463,priest,shadow,11,5,6
Immurrtal,arathor,447,priest,shadow,8,6,2
Sàd,thrall,447,priest,shadow,11,5,6
Celina,quelthalas,432,priest,shadow,21,6,15
Bloodimand,terenas,422,priest,shadow,12,6,6
Elderath,eredar,409,priest,shadow,23,6,17
Éllipses,kazzak,384,priest,shadow,6,4,2
Шуддзуми,gordunni,384,priest,shadow,6,4,2
Grainbames,sylvanas,384,priest,shadow,6,4,2
Трихоманиаз,ashenvale,384,priest,shadow,6,4,2
Beástyqt,thrall,384,priest,shadow,6,4,2
Floodey,defias-brotherhood,384,priest,shadow,6,4,2
Shdwfizk,ravencrest,384,priest,shadow,6,4,2
Текл,blackscar,384,priest,shadow,6,4,2
Êlectron,ravencrest,384,priest,shadow,6,4,2
Àæn,blackrock,384,priest,shadow,6,4,2
Ylenae,twisting-nether,384,priest,shadow,6,4,2
Aliy,aegwynn,384,priest,shadow,6,4,2
Syrïal,hyjal,384,priest,shadow,6,4,2
Fögel,twisting-nether,384,priest,shadow,6,4,2
Lumex,aegwynn,384,priest,shadow,6,4,2
Sekeios,sanguino,384,priest,shadow,6,4,2
Cheryli,alleria,384,priest,shadow,6,4,2
Secretagentx,kazzak,384,priest,shadow,6,4,2
Elunnes,the-maelstrom,384,priest,shadow,6,4,2
Jdotp,silvermoon,384,priest,shadow,6,4,2
Jesuispasbon,hyjal,384,priest,shadow,6,4,2
Вэстервилли,howling-fjord,384,priest,shadow,6,4,2
Rutah,the-maelstrom,384,priest,shadow,6,4,2
Torino,kazzak,384,priest,shadow,6,4,2
Pinkfloydx,lightbringer,384,priest,shadow,6,4,2
Suqmyx,ragnaros,384,priest,shadow,6,4,2
Looó,los-errantes,384,priest,shadow,6,4,2
Lysium,sylvanas,384,priest,shadow,6,4,2
Víxie,frostmane,384,priest,shadow,6,4,2
Chamelthoe,the-maelstrom,384,priest,shadow,6,4,2
Mjamc,stormscale,384,priest,shadow,6,4,2
Virtualworld,ragnaros,384,priest,shadow,6,4,2
Happyfeis,sanguino,384,priest,shadow,6,4,2
Spum,ravencrest,384,priest,shadow,6,4,2
Vantek,antonidas,384,priest,shadow,6,4,2
Metabeta,shattered-hand,384,priest,shadow,6,4,2
Seniya,argent-dawn,384,priest,shadow,6,4,2
Torpedobæver,silvermoon,384,priest,shadow,6,4,2
Daftî,twisting-nether,384,priest,shadow,6,4,2
Tekrs,tarren-mill,384,priest,shadow,6,4,2
Spae,twisting-nether,384,priest,shadow,6,4,2
Jpxoxo,blackhand,384,priest,shadow,6,4,2
Edgybro,kazzak,384,priest,shadow,6,4,2
Dairox,blackrock,384,priest,shadow,6,4,2
Lxz,twisting-nether,384,priest,shadow,6,4,2
Инфесия,deathweaver,384,priest,shadow,6,4,2
Awator,ysondre,384,priest,shadow,6,4,2
Clungeslag,argent-dawn,384,priest,shadow,6,4,2
Napriest,kazzak,384,priest,shadow,6,4,2
Thogrey,archimonde,384,priest,shadow,6,4,2
Дюшапинанс,soulflayer,384,priest,shadow,6,4,2
Nebunia,twisting-nether,384,priest,shadow,6,4,2
Coqa,blackrock,384,priest,shadow,6,4,2
Lorthonor,silvermoon,384,priest,shadow,6,4,2
Олдмэнсэйд,soulflayer,384,priest,shadow,6,4,2
Majestíc,blackmoore,384,priest,shadow,6,4,2
Zypriest,silvermoon,384,priest,shadow,6,4,2
Sheid,zuljin,384,priest,shadow,6,4,2
Shadowboness,twisting-nether,384,priest,shadow,6,4,2
Alusiepriest,ravencrest,384,priest,shadow,6,4,2
Trac,twisting-nether,384,priest,shadow,6,4,2
Kobiden,stormreaver,384,priest,shadow,6,4,2
Calsote,sanguino,384,priest,shadow,6,4,2
Goldenapples,ravencrest,384,priest,shadow,6,4,2
Tøm,silvermoon,384,priest,shadow,6,4,2
Høly,chogall,384,priest,shadow,6,4,2
Bragokexx,tarren-mill,384,priest,shadow,6,4,2
Alicanx,twisting-nether,384,priest,shadow,6,4,2
Usw,outland,384,priest,shadow,6,4,2
Stonymontana,ravencrest,384,priest,shadow,6,4,2
Mønzie,stormscale,384,priest,shadow,6,4,2
Mysticforces,silvermoon,384,priest,shadow,6,4,2
Rajip,azjolnerub,384,priest,shadow,6,4,2
Hotdoge,zenedar,384,priest,shadow,6,4,2
Dokurochan,tarren-mill,384,priest,shadow,6,4,2
Temtem,ravencrest,384,priest,shadow,9,4,5
Nìak,ysondre,384,priest,shadow,15,5,10
Miradil,argent-dawn,384,priest,shadow,12,4,8
Zzoska,burning-legion,384,priest,shadow,12,4,8
Shroomza,blackmoore,384,priest,shadow,12,4,8
Самоэль,gordunni,384,priest,shadow,12,4,8
Dælirium,antonidas,384,priest,shadow,12,4,8
Darkoze,kazzak,384,priest,shadow,12,4,8
Helheïm,chants-éternels,384,priest,shadow,12,4,8
Preodek,kazzak,384,priest,shadow,12,4,8
Niikki,blackrock,384,priest,shadow,12,4,8
Dotmaster,darkspear,384,priest,shadow,12,4,8
Залакджин,howling-fjord,384,priest,shadow,12,4,8
Skilled,stormscale,384,priest,shadow,12,4,8
Râây,blackrock,384,priest,shadow,12,4,8
Thyrena,twisting-nether,384,priest,shadow,12,4,8
Obscurity,burning-steppes,384,priest,shadow,12,4,8
Voidknight,darkspear,384,priest,shadow,12,4,8
Bacovia,tarren-mill,384,priest,shadow,12,4,8
Crimatoriá,rajaxx,384,priest,shadow,12,4,8
Datscrazi,ravencrest,384,priest,shadow,12,4,8
Fùkøff,stormscale,384,priest,shadow,12,4,8
Zaoza,dentarg,384,priest,shadow,12,4,8
Elpsycongoro,aegwynn,384,priest,shadow,12,4,8
Kirtách,dun-modr,384,priest,shadow,12,4,8
Dpriesta,aegwynn,384,priest,shadow,12,4,8
Lfgarcatraz,aegwynn,384,priest,shadow,12,4,8
Swoptoplong,blackhand,384,priest,shadow,12,4,8
Арлектакль,blackscar,384,priest,shadow,12,4,8
Barbiemeth,silvermoon,384,priest,shadow,12,4,8
Xalgâzor,zuljin,384,priest,shadow,12,4,8
Morzâr,outland,384,priest,shadow,12,4,8
Æro,malganis,384,priest,shadow,12,4,8
Gonorreolga,tarren-mill,384,priest,shadow,12,4,8
Bilalhassâni,archimonde,384,priest,shadow,12,4,8
Baubsy,ghostlands,384,priest,shadow,12,4,8
Dellarien,stormscale,384,priest,shadow,12,4,8
Shadøwz,grim-batol,384,priest,shadow,12,4,8
Xaphen,kirin-tor,384,priest,shadow,12,4,8
Chlorohhkine,chogall,384,priest,shadow,13,4,9
Iamshadow,blackrock,384,priest,shadow,17,4,13
Tobirama,stormscale,384,priest,shadow,17,4,13
Абрасд,gordunni,384,priest,shadow,18,4,14
Alreadylost,ragnaros,383,priest,shadow,6,4,2
Mattá,stormscale,383,priest,shadow,6,4,2
Orochimaruh,pozzo-delleternità,383,priest,shadow,6,4,2
Словаболь,gordunni,383,priest,shadow,6,4,2
Хароки,howling-fjord,383,priest,shadow,6,4,2
Abnórmus,tarren-mill,383,priest,shadow,6,4,2
Darettii,blackrock,383,priest,shadow,7,4,3
Shikamarudmx,burning-legion,383,priest,shadow,15,5,10
Sphard,ysondre,383,priest,shadow,12,4,8
Ðex,chromaggus,383,priest,shadow,12,4,8
Sýmo,kazzak,383,priest,shadow,12,4,8
Anglaran,hellscream,383,priest,shadow,18,4,14
Perchédue,silvermoon,367,priest,shadow,11,4,7
Asob,tarren-mill,351,priest,shadow,11,4,7
Levitating,argent-dawn,336,priest,shadow,9,5,4
Tweediertie,argent-dawn,335,priest,shadow,11,4,7
Reallittle,kazzak,330,priest,shadow,10,5,5
Raeratwo,archimonde,330,priest,shadow,12,5,7
Verbs,kazzak,330,priest,shadow,15,5,10
Zetara,archimonde,320,priest,shadow,10,4,6
Mindgames,the-maelstrom,319,priest,shadow,5,4,1
Shagoku,blackmoore,319,priest,shadow,8,4,4
Discmaskinen,aggramar,288,priest,shadow,6,3,3
Prastas,archimonde,288,priest,shadow,6,3,3
Xaviá,blackrock,288,priest,shadow,6,3,3
Yukíø,antonidas,288,priest,shadow,6,3,3
Slight,aggra-português,288,priest,shadow,6,3,3
Wizarxmentar,stormscale,288,priest,shadow,6,3,3
Tåbðøtgøðx,archimonde,288,priest,shadow,6,3,3
Vampiro,blackhand,288,priest,shadow,6,3,3
Kaius,mannoroth,288,priest,shadow,6,3,3
Злыденькая,gordunni,288,priest,shadow,6,3,3
Miikkap,blackhand,288,priest,shadow,6,3,3
Voilencia,kazzak,288,priest,shadow,6,3,3
Nitza,silvermoon,288,priest,shadow,6,3,3
Морпехжнец,gordunni,288,priest,shadow,6,3,3
Roxfer,ysondre,288,priest,shadow,6,3,3
Poonies,silvermoon,288,priest,shadow,6,3,3
ßumbleßeeqt,frostmane,288,priest,shadow,6,3,3
Resgan,archimonde,288,priest,shadow,6,3,3
Shomäre,ysondre,288,priest,shadow,6,3,3
Ggsus,outland,288,priest,shadow,6,3,3
Salzgehalt,antonidas,288,priest,shadow,6,3,3
Abyssonmind,dun-modr,288,priest,shadow,6,3,3
Synaxia,blackrock,288,priest,shadow,6,3,3
Taklamakan,alakir,288,priest,shadow,6,3,3
Matrus,arthas,288,priest,shadow,6,3,3
Fionsacré,archimonde,288,priest,shadow,6,3,3
Linara,frostmane,288,priest,shadow,6,3,3
Kallsen,ravencrest,288,priest,shadow,6,3,3
Hasnaa,silvermoon,288,priest,shadow,6,3,3
Némonix,outland,288,priest,shadow,6,3,3
Plagegeist,blutkessel,288,priest,shadow,6,3,3
Buszeekk,outland,288,priest,shadow,6,3,3
Pbwser,silvermoon,288,priest,shadow,6,3,3
Whýççpèrx,ravencrest,288,priest,shadow,6,3,3
Sofuny,neptulon,288,priest,shadow,6,3,3
Zøid,ysondre,288,priest,shadow,6,3,3
Presbyter,mazrigos,288,priest,shadow,6,3,3
Hélp,stormscale,288,priest,shadow,6,3,3
Eldrathir,burning-legion,288,priest,shadow,6,3,3
Tschacoo,malganis,288,priest,shadow,6,3,3
Divinetouch,ravencrest,288,priest,shadow,6,3,3
Eiqu,eredar,288,priest,shadow,6,3,3
Elreâ,blackrock,288,priest,shadow,6,3,3
Holybestie,eredar,288,priest,shadow,6,3,3
Runristad,ravencrest,288,priest,shadow,6,3,3
Neopriest,stormscale,288,priest,shadow,6,3,3
Shasdöw,hyjal,288,priest,shadow,6,3,3
Freezydot,silvermoon,288,priest,shadow,6,3,3
Chuckbarry,kazzak,288,priest,shadow,6,3,3
Truta,ravencrest,288,priest,shadow,6,3,3
Nhajÿ,hyjal,288,priest,shadow,6,3,3
Sàyaa,draenor,288,priest,shadow,6,3,3
Sweedensp,hyjal,288,priest,shadow,6,3,3
Stinkycreep,executus,288,priest,shadow,6,3,3
Trinnity,drakthul,288,priest,shadow,6,3,3
Sîçkzømßiê,kazzak,288,priest,shadow,6,3,3
Нечавкай,deathweaver,288,priest,shadow,6,3,3
Bhlad,silvermoon,288,priest,shadow,6,3,3
Shannannanna,darkspear,288,priest,shadow,6,3,3
Неприст,ashenvale,288,priest,shadow,6,3,3
Ksiadzrydzyk,draenor,288,priest,shadow,6,3,3
Thimble,blackhand,288,priest,shadow,6,3,3
Lirrydoz,ravencrest,288,priest,shadow,6,3,3
Grocx,kazzak,288,priest,shadow,6,3,3
Worwp,burning-blade,288,priest,shadow,6,3,3
Cé,magtheridon,288,priest,shadow,6,3,3
Noskillzz,nemesis,288,priest,shadow,6,3,3
Забвениеждёт,gordunni,288,priest,shadow,6,3,3
Lutzki,the-maelstrom,288,priest,shadow,6,3,3
Yazh,argent-dawn,288,priest,shadow,6,3,3
Skymning,tarren-mill,288,priest,shadow,6,3,3
Imadîa,dalaran,288,priest,shadow,6,3,3
Ragwitch,draenor,288,priest,shadow,6,3,3
Vividots,draenor,288,priest,shadow,6,3,3
Snoopydawgs,blackmoore,288,priest,shadow,6,3,3
Shaydi,todeswache,288,priest,shadow,6,3,3
Cðsima,blackmoore,288,priest,shadow,6,3,3
Xotz,thrall,288,priest,shadow,6,3,3
Wkid,draenor,288,priest,shadow,6,3,3
Susaj,tarren-mill,288,priest,shadow,6,3,3
Yaloxyz,blackmoore,288,priest,shadow,6,3,3
Aéltess,kirin-tor,288,priest,shadow,6,3,3
Joë,tarren-mill,288,priest,shadow,6,3,3
Smerenia,tarren-mill,288,priest,shadow,6,3,3
Momet,defias-brotherhood,288,priest,shadow,6,3,3
Eyvvah,twisting-nether,288,priest,shadow,6,3,3
Canthms,twisting-nether,288,priest,shadow,6,3,3
Смегмачет,soulflayer,288,priest,shadow,6,3,3
Деняприст,gordunni,288,priest,shadow,6,3,3
Флэнсер,soulflayer,288,priest,shadow,6,3,3
Nahtod,blackmoore,288,priest,shadow,6,3,3
Пристотян,gordunni,288,priest,shadow,6,3,3
Dunkelseele,ahnqiraj,288,priest,shadow,6,3,3
Papynou,garona,288,priest,shadow,6,3,3
Stepsisstuck,ragnaros,288,priest,shadow,6,3,3
Дюрэкс,soulflayer,288,priest,shadow,6,3,3
Zagazag,ragnaros,288,priest,shadow,6,3,3
Mysticks,kirin-tor,288,priest,shadow,6,3,3
Hvidsteen,argent-dawn,288,priest,shadow,6,3,3
Notra,shattrath,288,priest,shadow,6,3,3
Mgx,defias-brotherhood,288,priest,shadow,6,3,3
Kopfsache,blackmoore,288,priest,shadow,7,3,4
Tronixxcs,argent-dawn,288,priest,shadow,9,3,6
Anariell,ravencrest,288,priest,shadow,12,3,9
Aaluvor,blackmoore,288,priest,shadow,12,3,9
Shreedz,blackmoore,288,priest,shadow,12,3,9
Preast,aegwynn,288,priest,shadow,12,3,9
Nesar,stormscale,288,priest,shadow,12,3,9
Alanar,ragnaros,288,priest,shadow,12,3,9
Beckett,outland,288,priest,shadow,12,3,9
Elumi,the-maelstrom,288,priest,shadow,12,3,9
Powergodz,exodar,288,priest,shadow,12,3,9
Øzya,kirin-tor,288,priest,shadow,12,3,9
Simorflay,kazzak,288,priest,shadow,12,3,9
Hâstur,ravencrest,288,priest,shadow,12,3,9
Avowed,stormscale,288,priest,shadow,12,3,9
Gammelkörper,perenolde,288,priest,shadow,12,3,9
Nathalio,twisting-nether,288,priest,shadow,12,3,9
Goldische,dun-morogh,288,priest,shadow,12,3,9
Kaenlin,the-maelstrom,288,priest,shadow,18,3,15
Xrystal,wrathbringer,288,priest,shadow,18,3,15
Jês,thrall,287,priest,shadow,6,3,3
Rulna,die-aldor,287,priest,shadow,12,3,9
Nuger,tarren-mill,286,priest,shadow,6,3,3
Жруля,ashenvale,286,priest,shadow,18,3,15
Czikibriki,ravenholdt,256,priest,shadow,4,4,0
Shadepencoin,silvermoon,256,priest,shadow,10,3,7
Szelén,ragnaros,256,priest,shadow,10,3,7
Smoothiejoe,stormscale,255,priest,shadow,4,4,0
Бледноват,ashenvale,255,priest,shadow,8,4,4
Guccimaane,twisting-nether,239,priest,shadow,5,3,2
Caski,stormreaver,239,priest,shadow,5,3,2
Deeforce,argent-dawn,234,priest,shadow,6,4,2
Фьюриреидж,soulflayer,234,priest,shadow,8,4,4
Ainoa,grim-batol,234,priest,shadow,9,4,5
Ylaya,garrosh,192,priest,shadow,4,3,1
Shadowflamè,outland,192,priest,shadow,4,3,1
Szycho,burning-legion,192,priest,shadow,9,3,6
Calïxløve,der-rat-von-dalaran,192,priest,shadow,6,2,4
Esthea,malganis,192,priest,shadow,6,2,4
Ompala,shattered-hand,192,priest,shadow,6,2,4
Deternity,stormscale,192,priest,shadow,6,2,4
Wsp,tarren-mill,192,priest,shadow,6,2,4
Makemyday,dun-modr,192,priest,shadow,6,2,4
Shmoly,stormscale,192,priest,shadow,6,2,4
Misántropo,dun-modr,192,priest,shadow,6,2,4
Crzzy,dun-modr,192,priest,shadow,6,2,4
Kaleshiry,kazzak,192,priest,shadow,6,2,4
Dvy,azjolnerub,192,priest,shadow,6,2,4
Xaeroow,archimonde,192,priest,shadow,6,2,4
Notdespo,kazzak,192,priest,shadow,6,2,4
Pleshiv,sanguino,192,priest,shadow,6,2,4
Шиписс,soulflayer,192,priest,shadow,6,2,4
Omejan,frostmane,192,priest,shadow,6,2,4
Rallzken,stormscale,192,priest,shadow,6,2,4
Velansera,argent-dawn,192,priest,shadow,6,2,4
Nõlîfer,archimonde,192,priest,shadow,6,2,4
Lèviåthån,stormscale,192,priest,shadow,6,2,4
Lollithu,argent-dawn,192,priest,shadow,6,2,4
Clemexyo,stormscale,192,priest,shadow,6,2,4
Lythra,burning-legion,192,priest,shadow,6,2,4
Sephìrøth,malganis,192,priest,shadow,6,2,4
Kizzorde,ragnaros,192,priest,shadow,6,2,4
Purplereign,stormscale,192,priest,shadow,6,2,4
Wiglere,argent-dawn,192,priest,shadow,6,2,4
Crâzycatlady,blackmoore,192,priest,shadow,6,2,4
Våfflán,silvermoon,192,priest,shadow,6,2,4
Harleyquiñ,burning-legion,192,priest,shadow,6,2,4
Holycrapx,chromaggus,192,priest,shadow,6,2,4
Tuljan,twisting-nether,192,priest,shadow,6,2,4
Rustyroll,stormscale,192,priest,shadow,6,2,4
Blàze,tarren-mill,192,priest,shadow,6,2,4
Unhealing,tarren-mill,192,priest,shadow,6,2,4
Célaz,blackmoore,192,priest,shadow,6,2,4
Гундяй,soulflayer,192,priest,shadow,6,2,4
Piizzdiica,twisting-nether,192,priest,shadow,6,2,4
Andérsón,magtheridon,192,priest,shadow,6,2,4
Yugata,archimonde,192,priest,shadow,6,2,4
Alpharîus,argent-dawn,192,priest,shadow,6,2,4
Elthrone,kazzak,192,priest,shadow,6,2,4
Hadsup,stormscale,192,priest,shadow,6,2,4
Reïny,tarren-mill,192,priest,shadow,6,2,4
Jarnary,blackmoore,192,priest,shadow,6,2,4
Mømmymilkers,archimonde,192,priest,shadow,6,2,4
Smø,kazzak,192,priest,shadow,6,2,4
Zaop,blackhand,192,priest,shadow,6,2,4
Turah,the-maelstrom,192,priest,shadow,6,2,4
Сайннз,howling-fjord,192,priest,shadow,6,2,4
Abî,frostwolf,192,priest,shadow,6,2,4
Sïfën,tarren-mill,192,priest,shadow,6,2,4
Joezero,the-maelstrom,192,priest,shadow,6,2,4
Lugburzz,draenor,192,priest,shadow,6,2,4
Dionegativ,draenor,192,priest,shadow,6,2,4
Debiloid,ravencrest,192,priest,shadow,6,2,4
Nomarak,drakthul,192,priest,shadow,6,2,4
Livster,chamber-of-aspects,192,priest,shadow,6,2,4
Ximenia,eredar,192,priest,shadow,6,2,4
Ørbänvîktôrx,ragnaros,192,priest,shadow,6,2,4
Sethp,hyjal,192,priest,shadow,6,2,4
Shokkapriest,draenor,192,priest,shadow,6,2,4
Putoeinstein,sylvanas,192,priest,shadow,6,2,4
Prigart,sylvanas,192,priest,shadow,6,2,4
Priath,magtheridon,192,priest,shadow,6,2,4
Amáni,die-aldor,192,priest,shadow,6,2,4
Дашажмитучу,howling-fjord,192,priest,shadow,6,2,4
Pliagonosic,drakthul,192,priest,shadow,6,2,4
Lúthien,outland,192,priest,shadow,6,2,4
Bandgap,antonidas,192,priest,shadow,6,2,4
Сорвиголов,howling-fjord,192,priest,shadow,6,2,4
Bòóny,ravencrest,192,priest,shadow,6,2,4
Oknelim,blackmoore,192,priest,shadow,6,2,4
Elëctra,vashj,192,priest,shadow,6,2,4
Phobò,antonidas,192,priest,shadow,6,2,4
Getitoffme,auchindoun,192,priest,shadow,6,2,4
Voidreaver,stormscale,192,priest,shadow,6,2,4
Zikár,kazzak,192,priest,shadow,6,2,4
Sotriggered,sylvanas,192,priest,shadow,6,2,4
Vengigodxx,ravencrest,192,priest,shadow,6,2,4
Gidy,blackmoore,192,priest,shadow,6,2,4
Grimor,talnivarr,192,priest,shadow,6,2,4
Zootx,magtheridon,192,priest,shadow,6,2,4
Illordz,nemesis,192,priest,shadow,6,2,4
Funstopshere,ravencrest,192,priest,shadow,6,2,4
Aruna,ravencrest,192,priest,shadow,6,2,4
Daven,ysondre,192,priest,shadow,6,2,4
Wasgehtjungs,blackrock,192,priest,shadow,6,2,4
Жрецдуши,gordunni,192,priest,shadow,6,2,4
Мемфисминни,blackscar,192,priest,shadow,6,2,4
Встанислав,gordunni,192,priest,shadow,6,2,4
Siezlababo,blackrock,192,priest,shadow,6,2,4
Шестьнадцать,gordunni,192,priest,shadow,6,2,4
Cto,gorgonnash,192,priest,shadow,6,2,4
Shalacho,blackrock,192,priest,shadow,6,2,4
Fqú,wrathbringer,192,priest,shadow,6,2,4
Шарадин,gordunni,192,priest,shadow,6,2,4
Zaqsn,blackrock,192,priest,shadow,6,2,4
Madclownz,blackrock,192,priest,shadow,6,2,4
Chekkó,blackrock,192,priest,shadow,6,2,4
Периссвет,thermaplugg,192,priest,shadow,6,2,4
Noobpriest,blackrock,192,priest,shadow,6,2,4
Indrades,blackmoore,192,priest,shadow,9,2,7
Бихар,gordunni,192,priest,shadow,10,2,8
Simpsmasher,kazzak,192,priest,shadow,11,2,9
Nelpriest,hyjal,192,priest,shadow,12,2,10
Noir,nemesis,192,priest,shadow,12,2,10
Miniøndëëps,hyjal,192,priest,shadow,12,2,10
Господствуй,gordunni,192,priest,shadow,12,2,10
Wortmonster,malganis,192,priest,shadow,12,2,10
Chibrausorus,archimonde,192,priest,shadow,12,2,10
Tryagain,ravencrest,192,priest,shadow,12,2,10
Awcute,kazzak,192,priest,shadow,12,2,10
Hûndling,blackrock,192,priest,shadow,12,2,10
Nefertum,alakir,192,priest,shadow,12,2,10
Andorelya,blackhand,191,priest,shadow,6,2,4
Tabítha,blackrock,159,priest,shadow,5,2,3
Girlidlion,twisting-nether,159,priest,shadow,5,2,3
Luziz,blackmoore,159,priest,shadow,5,2,3
Qku,ravencrest,144,priest,shadow,9,3,6
Føxy,emerald-dream,138,priest,shadow,7,3,4
Alswynn,draenor,138,priest,shadow,13,3,10
Yologrumples,tarren-mill,128,priest,shadow,4,2,2
Heeyø,drakthul,128,priest,shadow,4,2,2
Tremblè,outland,121,priest,shadow,20,3,17
Vampirski,kazzak,96,priest,shadow,3,2,1
Aureï,khaz-modan,96,priest,shadow,3,2,1
Uwucatgir,silvermoon,96,priest,shadow,6,1,5
Enduring,darksorrow,96,priest,shadow,6,1,5
Adlareg,silvermoon,96,priest,shadow,6,1,5
Deicidex,blackrock,96,priest,shadow,6,1,5
Nextdawn,kazzak,96,priest,shadow,6,1,5
Мегаствол,howling-fjord,96,priest,shadow,6,1,5
Spárrowhawk,silvermoon,96,priest,shadow,6,1,5
Абсорбиболь,howling-fjord,96,priest,shadow,6,1,5
Maddøc,die-aldor,96,priest,shadow,6,1,5
Winstõn,sanguino,96,priest,shadow,6,1,5
Adizeww,kazzak,96,priest,shadow,6,1,5
Tinypump,silvermoon,96,priest,shadow,6,1,5
Míllerzz,ragnaros,96,priest,shadow,6,1,5
Милотанин,gordunni,96,priest,shadow,6,1,5
Drioz,ysondre,96,priest,shadow,6,1,5
Gòldfinger,norgannon,96,priest,shadow,6,1,5
Kianprie,silvermoon,96,priest,shadow,6,1,5
Bädx,silvermoon,96,priest,shadow,6,1,5
Soulmedic,draenor,96,priest,shadow,6,1,5
Попячебрило,gordunni,96,priest,shadow,6,1,5
Chimara,eredar,96,priest,shadow,6,1,5
Löô,archimonde,96,priest,shadow,6,1,5
Hampådenbååd,kazzak,96,priest,shadow,6,1,5
Caliadan,kazzak,96,priest,shadow,6,1,5
Arliston,draenor,96,priest,shadow,6,1,5
Nukksch,antonidas,96,priest,shadow,6,1,5
Катранасс,eversong,96,priest,shadow,6,1,5
Skitcy,ghostlands,96,priest,shadow,6,1,5
Serach,ravencrest,96,priest,shadow,6,1,5
Vexxdd,outland,96,priest,shadow,6,1,5
Baltrom,ravencrest,96,priest,shadow,6,1,5
Corefusion,blackrock,96,priest,shadow,6,1,5
Aretiel,the-maelstrom,96,priest,shadow,6,1,5
Infâme,culte-de-la-rive-noire,96,priest,shadow,6,1,5
Zukatana,tarren-mill,96,priest,shadow,6,1,5
Higgle,argent-dawn,96,priest,shadow,6,1,5
Izarath,outland,96,priest,shadow,6,1,5
Vtqt,outland,96,priest,shadow,6,1,5
Bij,outland,96,priest,shadow,6,1,5
Prostamolle,conseil-des-ombres,96,priest,shadow,6,1,5
Endlin,silvermoon,96,priest,shadow,6,1,5
Aerîs,veknilash,96,priest,shadow,6,1,5
Abudhabi,blackhand,96,priest,shadow,6,1,5
Чупатаявошь,soulflayer,96,priest,shadow,6,1,5
Vès,stormscale,96,priest,shadow,6,1,5
Nestélle,drakthul,96,priest,shadow,6,1,5
Faol,the-venture-co,96,priest,shadow,6,1,5
Radenox,stormscale,96,priest,shadow,6,1,5
Elfouf,rashgarroth,96,priest,shadow,6,1,5
Stola,archimonde,96,priest,shadow,6,1,5
Shonsized,argent-dawn,96,priest,shadow,6,1,5
Kales,grim-batol,96,priest,shadow,6,1,5
Exila,rashgarroth,96,priest,shadow,6,1,5
Barbïelolz,sargeras,96,priest,shadow,6,1,5
Ghostroller,pozzo-delleternità,96,priest,shadow,6,1,5
Fictus,tarren-mill,96,priest,shadow,6,1,5
Jakepriest,twisting-nether,96,priest,shadow,6,1,5
Rines,thrall,96,priest,shadow,6,1,5
Adev,drakthul,96,priest,shadow,6,1,5
Gobie,sunstrider,96,priest,shadow,6,1,5
Daphne,thunderhorn,96,priest,shadow,6,1,5
Koíré,defias-brotherhood,96,priest,shadow,6,1,5
Scrotoepalle,nemesis,96,priest,shadow,6,1,5
Ölümsüz,blackmoore,96,priest,shadow,6,1,5
Rastuvius,twisting-nether,96,priest,shadow,6,1,5
Câtryona,sylvanas,96,priest,shadow,12,1,11
Darkspeech,arygos,96,priest,shadow,12,1,11
Tiras,argent-dawn,96,priest,shadow,12,1,11
Jannire,dun-modr,96,priest,shadow,12,1,11
Néfarius,forscherliga,95,priest,shadow,3,2,1
Prästisjag,kazzak,84,priest,shadow,10,5,5
Peesussy,kazzak,79,priest,shadow,5,1,4
Gandals,shadowsong,64,priest,shadow,4,1,3
Bellumsana,frostmane,64,priest,shadow,4,1,3
Xharyo,ravencrest,64,priest,shadow,4,1,3
Møldark,silvermoon,48,priest,shadow,3,1,2
Achesita,sylvanas,48,priest,shadow,3,1,2
Yshaarjy,silvermoon,42,priest,shadow,8,2,6
Psyp,kazzak,42,priest,shadow,8,2,6
Hayvo,blackmoore,42,priest,shadow,11,2,9
Holyhigh,baelgun,31,priest,shadow,2,1,1
Mjuk,tarren-mill,16,priest,shadow,1,1,0
Rãz,stormscale,2130,rogue,outlaw,66,36,30
Макевин,gordunni,1869,rogue,outlaw,124,61,63
Krixor,ravencrest,1827,rogue,outlaw,146,71,75
Rivso,auchindoun,1821,rogue,outlaw,64,26,38
Dêlaral,der-rat-von-dalaran,1814,rogue,outlaw,52,31,21
Drdaggerstwo,outland,1802,rogue,outlaw,44,26,18
Kekuriix,vashj,1796,rogue,outlaw,130,66,64
Феинт,galakrond,1739,rogue,outlaw,48,19,29
Déjávu,ravencrest,1732,rogue,outlaw,60,32,28
Yessa,argent-dawn,1721,rogue,outlaw,36,18,18
Koopa,argent-dawn,1699,rogue,outlaw,66,33,33
Kreayx,ysondre,1666,rogue,outlaw,42,19,23
Radiogodx,stormscale,1660,rogue,outlaw,169,82,87
Jalsket,tarren-mill,1637,rogue,outlaw,48,25,23
Scotlander,argent-dawn,1627,rogue,outlaw,60,34,26
Kreay,ysondre,1620,rogue,outlaw,42,20,22
Дизелюжн,howling-fjord,1618,rogue,outlaw,356,172,184
Lidiaubaro,ravencrest,1614,rogue,outlaw,404,202,202
Bonelesschic,silvermoon,1609,rogue,outlaw,245,134,111
Banaulikode,twisting-nether,1605,rogue,outlaw,30,17,13
Ålûñàhlulz,kilrogg,1604,rogue,outlaw,48,30,18
Izzmonab,blackmoore,1604,rogue,outlaw,36,21,15
Estriil,dalaran,1603,rogue,outlaw,42,24,18
Kreay,tarren-mill,1576,rogue,outlaw,40,29,11
Syrn,ravencrest,1559,rogue,outlaw,66,31,35
Alizwood,aegwynn,1558,rogue,outlaw,36,22,14
Bannedfrigid,outland,1533,rogue,outlaw,81,34,47
Nèwt,aggramar,1528,rogue,outlaw,132,68,64
Ранконх,lich-king,1528,rogue,outlaw,54,20,34
Chillo,ravencrest,1525,rogue,outlaw,52,25,27
Terya,ragnaros,1524,rogue,outlaw,66,29,37
Зувер,blackscar,1494,rogue,outlaw,106,57,49
Deevoll,tarren-mill,1481,rogue,outlaw,102,45,57
Sigleif,argent-dawn,1471,rogue,outlaw,111,57,54
Shinõbikék,outland,1458,rogue,outlaw,45,21,24
Shredfngrz,garona,1455,rogue,outlaw,44,22,22
Loubina,silvermoon,1446,rogue,outlaw,36,16,20
Delrøq,draenor,1435,rogue,outlaw,76,40,36
Zbojník,ravencrest,1434,rogue,outlaw,36,15,21
Röguetönerö,dun-modr,1429,rogue,outlaw,77,28,49
Arathir,ravencrest,1422,rogue,outlaw,62,29,33
Carvyn,defias-brotherhood,1386,rogue,outlaw,117,60,57
Kirby,kaelthas,1385,rogue,outlaw,42,19,23
Джулт,soulflayer,1380,rogue,outlaw,84,36,48
Veil,ravencrest,1373,rogue,outlaw,60,31,29
Åråmsëß,grim-batol,1370,rogue,outlaw,31,19,12
Pistolpete,grim-batol,1343,rogue,outlaw,30,14,16
Callmerose,ravencrest,1334,rogue,outlaw,24,14,10
Rasponi,ragnaros,1334,rogue,outlaw,88,49,39
Dritzdourden,dun-modr,1333,rogue,outlaw,30,15,15
Маллестар,ashenvale,1332,rogue,outlaw,34,20,14
Zep,auchindoun,1332,rogue,outlaw,24,14,10
Dimmu,haomarush,1329,rogue,outlaw,65,33,32
Murkyy,gilneas,1329,rogue,outlaw,32,16,16
Djeud,archimonde,1325,rogue,outlaw,64,34,30
Tidløs,dun-morogh,1324,rogue,outlaw,71,30,41
Örog,hyjal,1288,rogue,outlaw,47,26,21
Badabôôm,wrathbringer,1271,rogue,outlaw,48,23,25
Jasolo,silvermoon,1269,rogue,outlaw,408,212,196
Mawrat,mazrigos,1248,rogue,outlaw,30,13,17
Ðaegr,ravencrest,1226,rogue,outlaw,74,36,38
Sqz,archimonde,1222,rogue,outlaw,30,18,12
Zapunk,argent-dawn,1221,rogue,outlaw,53,19,34
Cipusan,kazzak,1219,rogue,outlaw,24,13,11
Шторкаа,gordunni,1216,rogue,outlaw,45,25,20
Jinzou,blackmoore,1214,rogue,outlaw,75,39,36
Omgjkgtfo,ravencrest,1207,rogue,outlaw,30,13,17
Faoil,defias-brotherhood,1196,rogue,outlaw,30,13,17
Xsanji,kazzak,1140,rogue,outlaw,30,12,18
Pasarelo,dun-modr,1137,rogue,outlaw,59,26,33
Thyrosi,shattered-halls,1133,rogue,outlaw,24,12,12
Pidroseus,argent-dawn,1133,rogue,outlaw,30,13,17
Drunks,aegwynn,1122,rogue,outlaw,29,13,16
Alatheril,argent-dawn,1101,rogue,outlaw,62,28,34
Mirajen,archimonde,1080,rogue,outlaw,35,13,22
Lättja,hyjal,1066,rogue,outlaw,30,14,16
Bxtchslayer,blackmoore,1044,rogue,outlaw,35,21,14
Mol,defias-brotherhood,1043,rogue,outlaw,18,11,7
Génn,silvermoon,1041,rogue,outlaw,44,21,23
Svddendeath,ragnaros,1034,rogue,outlaw,24,11,13
Тимареканец,eversong,1027,rogue,outlaw,66,28,38
Melahl,kazzak,1021,rogue,outlaw,77,42,35
Spiochrr,burning-legion,1020,rogue,outlaw,84,35,49
Soothinqq,emerald-dream,963,rogue,outlaw,23,15,8
Lïke,frostwolf,960,rogue,outlaw,18,10,8
Foulsteel,stormscale,951,rogue,outlaw,18,10,8
Cigarette,emeriss,950,rogue,outlaw,18,10,8
Riviele,argent-dawn,913,rogue,outlaw,20,11,9
Neolamer,pozzo-delleternità,898,rogue,outlaw,74,31,43
Omuspan,magtheridon,881,rogue,outlaw,66,28,38
Sneakysteve,bloodfeather,864,rogue,outlaw,18,9,9
Rogiko,twisting-nether,864,rogue,outlaw,24,9,15
Yoghurtx,ravencrest,863,rogue,outlaw,12,9,3
Practicex,blackhand,863,rogue,outlaw,18,9,9
Knifeyknifey,ravencrest,862,rogue,outlaw,18,9,9
Жижель,howling-fjord,859,rogue,outlaw,18,9,9
Masteez,ahnqiraj,855,rogue,outlaw,59,28,31
Mcgora,doomhammer,822,rogue,outlaw,36,15,21
Hânnäh,hyjal,805,rogue,outlaw,42,18,24
Blàckbèàrd,silvermoon,788,rogue,outlaw,42,17,25
Фораст,gordunni,768,rogue,outlaw,12,8,4
Bikrut,hyjal,768,rogue,outlaw,12,8,4
Gerzy,drakthul,768,rogue,outlaw,18,8,10
Vokhun,outland,768,rogue,outlaw,18,8,10
Swaeard,ravencrest,767,rogue,outlaw,18,8,10
Gotfrey,darkspear,762,rogue,outlaw,18,8,10
Alena,arathi,761,rogue,outlaw,12,8,4
Okani,hyjal,761,rogue,outlaw,18,8,10
Dredge,kaelthas,761,rogue,outlaw,24,8,16
Shichi,archimonde,751,rogue,outlaw,23,8,15
Viligar,kazzak,687,rogue,outlaw,21,8,13
Backstabjr,blackmoore,672,rogue,outlaw,12,7,5
Dían,ravencrest,672,rogue,outlaw,12,7,5
Kidneyou,ragnaros,672,rogue,outlaw,18,7,11
Trixnaz,silvermoon,671,rogue,outlaw,18,7,11
Skygann,burning-legion,670,rogue,outlaw,12,7,5
Mycki,voljin,667,rogue,outlaw,18,7,11
Redfinshadow,stormrage,661,rogue,outlaw,17,8,9
Cornvus,burning-legion,658,rogue,outlaw,12,7,5
Фофламидзе,gordunni,611,rogue,outlaw,15,7,8
Shåð,zuljin,576,rogue,outlaw,12,6,6
Noodlegoose,tarren-mill,575,rogue,outlaw,12,6,6
Anom,kargath,575,rogue,outlaw,12,6,6
Ружнуар,gordunni,575,rogue,outlaw,18,6,12
Кингксу,gordunni,575,rogue,outlaw,24,6,18
Rã,archimonde,574,rogue,outlaw,12,6,6
Haewhi,kazzak,574,rogue,outlaw,12,6,6
Helax,turalyon,569,rogue,outlaw,24,6,18
Aaronblade,aggra-português,557,rogue,outlaw,18,6,12
Gloomykenny,tarren-mill,543,rogue,outlaw,17,6,11
Геопанк,howling-fjord,528,rogue,outlaw,15,7,8
Tipok,tarren-mill,515,rogue,outlaw,23,7,16
Barisso,burning-legion,511,rogue,outlaw,14,6,8
Zômbiê,blackrock,491,rogue,outlaw,13,6,7
Tåxic,sylvanas,480,rogue,outlaw,6,5,1
Акаарикс,gordunni,480,rogue,outlaw,6,5,1
Featfawkes,ragnaros,480,rogue,outlaw,12,5,7
Cox,nagrand,480,rogue,outlaw,12,5,7
Fivepoint,blackmoore,480,rogue,outlaw,12,5,7
Ладжо,gordunni,480,rogue,outlaw,18,5,13
Rujo,magtheridon,479,rogue,outlaw,12,5,7
Vinziboo,hyjal,479,rogue,outlaw,12,5,7
Nocrath,blades-edge,479,rogue,outlaw,12,5,7
Toxîne,archimonde,479,rogue,outlaw,12,5,7
Djsapblindx,archimonde,479,rogue,outlaw,18,5,13
Hosenpinkler,lordaeron,478,rogue,outlaw,12,5,7
Kedrus,turalyon,468,rogue,outlaw,18,5,13
Darkchomeur,archimonde,384,rogue,outlaw,6,4,2
Synexo,sylvanas,384,rogue,outlaw,12,4,8
Кортикос,gordunni,384,rogue,outlaw,12,4,8
Machmacan,thrall,384,rogue,outlaw,12,4,8
Mïta,blackmoore,383,rogue,outlaw,6,4,2
Minimælk,saurfang,383,rogue,outlaw,6,4,2
Yoruichì,kazzak,383,rogue,outlaw,12,4,8
Groendienst,quelthalas,381,rogue,outlaw,12,4,8
Trímønâ,gorgonnash,351,rogue,outlaw,11,4,7
Odingg,dun-modr,288,rogue,outlaw,6,3,3
Onlyluvhurt,dun-modr,288,rogue,outlaw,6,3,3
Kuribo,gorgonnash,288,rogue,outlaw,6,3,3
Spiike,culte-de-la-rive-noire,288,rogue,outlaw,6,3,3
Shadxwstep,ravencrest,288,rogue,outlaw,6,3,3
Играючестно,howling-fjord,288,rogue,outlaw,6,3,3
Szpachela,burning-legion,288,rogue,outlaw,12,3,9
Heulleise,die-ewige-wacht,288,rogue,outlaw,12,3,9
Cobaka,blackrock,288,rogue,outlaw,12,3,9
Finisher,sanguino,288,rogue,outlaw,12,3,9
Ванэйти,gordunni,287,rogue,outlaw,6,3,3
Blackmetall,aegwynn,286,rogue,outlaw,12,3,9
Biefstuk,burning-blade,286,rogue,outlaw,18,3,15
Ceule,sanguino,255,rogue,outlaw,11,3,8
Сереф,gordunni,239,rogue,outlaw,11,3,8
Cardsharkjoe,argent-dawn,223,rogue,outlaw,14,3,11
Zyhmø,archimonde,192,rogue,outlaw,6,2,4
Rashaz,blackhand,192,rogue,outlaw,6,2,4
Zind,dalaran,192,rogue,outlaw,6,2,4
Invisage,grim-batol,192,rogue,outlaw,6,2,4
Razaah,ravencrest,192,rogue,outlaw,6,2,4
Snøv,outland,192,rogue,outlaw,6,2,4
Paralisis,zuljin,192,rogue,outlaw,6,2,4
Stunlock,silvermoon,192,rogue,outlaw,6,2,4
Shåggy,vashj,192,rogue,outlaw,6,2,4
Nyxal,argent-dawn,192,rogue,outlaw,6,2,4
Dawnsaber,argent-dawn,192,rogue,outlaw,6,2,4
Berneo,burning-legion,192,rogue,outlaw,6,2,4
Cheapshotwin,nethersturm,192,rogue,outlaw,6,2,4
Nomota,sanguino,192,rogue,outlaw,6,2,4
Salakelmi,sylvanas,192,rogue,outlaw,6,2,4
Оргельна,gordunni,192,rogue,outlaw,6,2,4
Vyze,blackmoore,192,rogue,outlaw,12,2,10
Stabkanta,antonidas,192,rogue,outlaw,12,2,10
Alvoriace,hyjal,192,rogue,outlaw,12,2,10
Daelilthron,blackmoore,192,rogue,outlaw,12,2,10
Nasíapamatar,colinas-pardas,192,rogue,outlaw,13,2,11
Valtesse,medivh,159,rogue,outlaw,5,2,3
Piperx,ravencrest,159,rogue,outlaw,11,2,9
Zyreanxy,blackrock,138,rogue,outlaw,10,3,7
Ñøway,archimonde,96,rogue,outlaw,3,2,1
Natillaa,dun-modr,96,rogue,outlaw,6,1,5
Øníxßtw,eitrigg,96,rogue,outlaw,6,1,5
Аутянин,soulflayer,96,rogue,outlaw,6,1,5
Ciaordel,sylvanas,96,rogue,outlaw,6,1,5
Mallaurya,dalaran,96,rogue,outlaw,6,1,5
Yüm,burning-blade,96,rogue,outlaw,6,1,5
Леронда,deepholm,96,rogue,outlaw,6,1,5
Sty,aerie-peak,96,rogue,outlaw,6,1,5
Ótsutsukí,kazzak,96,rogue,outlaw,6,1,5
Akira,outland,96,rogue,outlaw,6,1,5
Vaze,ravencrest,96,rogue,outlaw,6,1,5
Jester,bladefist,96,rogue,outlaw,12,1,11
Feucht,argent-dawn,96,rogue,outlaw,18,1,17
Tiltman,dun-morogh,79,rogue,outlaw,5,1,4
Nabatean,magtheridon,48,rogue,outlaw,3,1,2
Getbleeded,stormscale,31,rogue,outlaw,2,1,1
Howton,archimonde,2424,rogue,subtlety,86,57,29
Pridå,thrall,2380,rogue,subtlety,126,73,53
Ncroxd,ravencrest,2316,rogue,subtlety,72,56,16
Shoxy,ravencrest,2307,rogue,subtlety,94,56,38
Pridå,ravencrest,2299,rogue,subtlety,106,58,48
Ncrø,aszune,2254,rogue,subtlety,109,64,45
Naláa,ravencrest,2228,rogue,subtlety,228,121,107
Sunø,archimonde,2221,rogue,subtlety,270,139,131
Cazzette,ravencrest,2204,rogue,subtlety,81,48,33
Asumah,ravencrest,2200,rogue,subtlety,90,55,35
Pulvèr,dalaran,2159,rogue,subtlety,90,52,38
Лолелт,borean-tundra,2131,rogue,subtlety,104,53,51
Nothingleft,draenor,2130,rogue,subtlety,173,99,74
Ewynarog,silvermoon,2129,rogue,subtlety,65,37,28
Пожилойпупь,gordunni,2122,rogue,subtlety,65,42,23
Nàsklolz,hyjal,2117,rogue,subtlety,84,45,39
Lfgenjoyer,tarren-mill,2114,rogue,subtlety,126,77,49
Änanké,outland,2108,rogue,subtlety,90,47,43
Denjinx,culte-de-la-rive-noire,2107,rogue,subtlety,78,43,35
Vulkos,lightbringer,2101,rogue,subtlety,117,61,56
Babøønx,burning-legion,2100,rogue,subtlety,96,54,42
Elnyasha,ravencrest,2098,rogue,subtlety,75,39,36
Лолелт,howling-fjord,2074,rogue,subtlety,89,51,38
Smøkyyx,eredar,2073,rogue,subtlety,94,50,44
Tracersxrude,ravencrest,2056,rogue,subtlety,215,108,107
Løre,blackrock,2041,rogue,subtlety,84,43,41
Asm,the-maelstrom,2025,rogue,subtlety,142,70,72
Vensq,drakthul,2021,rogue,subtlety,78,44,34
Xyúmopjoßblú,ravencrest,2021,rogue,subtlety,78,40,38
Эмилилавс,galakrond,2015,rogue,subtlety,182,107,75
Baboonx,burning-legion,2014,rogue,subtlety,54,37,17
Fîññ,ravencrest,2014,rogue,subtlety,60,35,25
Iqws,ravencrest,2014,rogue,subtlety,90,49,41
Aythusha,twisting-nether,2003,rogue,subtlety,60,34,26
Troxerboxer,tarren-mill,2000,rogue,subtlety,60,32,28
Lkzx,archimonde,1984,rogue,subtlety,173,83,90
Смертьвсмоке,gordunni,1981,rogue,subtlety,284,141,143
Chatbann,blackrock,1971,rogue,subtlety,214,120,94
Lówskill,outland,1967,rogue,subtlety,259,137,122
Çvß,kazzak,1966,rogue,subtlety,66,36,30
Guççí,blackrock,1960,rogue,subtlety,161,87,74
Drydamage,kazzak,1957,rogue,subtlety,137,72,65
Máuul,ravencrest,1956,rogue,subtlety,78,36,42
Makethemrog,archimonde,1954,rogue,subtlety,172,83,89
Magepèt,tarren-mill,1946,rogue,subtlety,130,73,57
Сильфитт,gordunni,1945,rogue,subtlety,76,44,32
Nahj,ravencrest,1941,rogue,subtlety,54,33,21
Флексити,soulflayer,1939,rogue,subtlety,114,59,55
Иждолк,gordunni,1937,rogue,subtlety,168,94,74
Rímen,archimonde,1935,rogue,subtlety,78,35,43
Kallelelel,tarren-mill,1933,rogue,subtlety,42,26,16
Terrorman,ravencrest,1932,rogue,subtlety,60,34,26
Sfyr,ysondre,1918,rogue,subtlety,166,94,72
Unìque,sylvanas,1918,rogue,subtlety,96,51,45
Physic,silvermoon,1916,rogue,subtlety,76,42,34
Rãz,stormscale,1901,rogue,subtlety,51,33,18
Zuqzwang,outland,1901,rogue,subtlety,54,30,24
Meowkek,kazzak,1896,rogue,subtlety,84,46,38
Çåñçér,sylvanas,1895,rogue,subtlety,84,41,43
Clawdíte,blackrock,1893,rogue,subtlety,60,27,33
Illmatíc,ravencrest,1892,rogue,subtlety,62,32,30
Chatdisabled,drakthul,1889,rogue,subtlety,243,126,117
Shadezlöl,ravencrest,1889,rogue,subtlety,286,145,141
Çhimaev,ravencrest,1886,rogue,subtlety,28,21,7
Márto,archimonde,1886,rogue,subtlety,184,104,80
Kenjí,silvermoon,1881,rogue,subtlety,179,94,85
Ålleyézonme,ravencrest,1881,rogue,subtlety,376,187,189
Социалистсс,gordunni,1880,rogue,subtlety,97,52,45
Amén,sanguino,1873,rogue,subtlety,78,37,41
Престиж,greymane,1871,rogue,subtlety,42,23,19
Randomidiot,ravencrest,1868,rogue,subtlety,60,36,24
Ладжо,gordunni,1867,rogue,subtlety,114,59,55
Sapécomejaja,archimonde,1866,rogue,subtlety,38,24,14
Critmakër,outland,1865,rogue,subtlety,107,57,50
Sunøbrain,archimonde,1861,rogue,subtlety,58,31,27
Liquidité,azuremyst,1860,rogue,subtlety,236,128,108
Brensø,nemesis,1857,rogue,subtlety,99,60,39
Âkame,argent-dawn,1853,rogue,subtlety,59,32,27
Teskes,tyrande,1851,rogue,subtlety,120,67,53
Lhitriân,saurfang,1850,rogue,subtlety,79,45,34
Leanadle,hyjal,1848,rogue,subtlety,70,44,26
Slapshot,das-konsortium,1845,rogue,subtlety,54,28,26
Lilaven,turalyon,1841,rogue,subtlety,156,80,76
Calestrian,tarren-mill,1839,rogue,subtlety,174,90,84
Plsðõntcry,ravencrest,1837,rogue,subtlety,144,83,61
Moroz,ravencrest,1837,rogue,subtlety,141,75,66
Røper,blackmoore,1834,rogue,subtlety,54,25,29
Nøctürnë,archimonde,1829,rogue,subtlety,42,26,16
Bleakhøuse,ravencrest,1829,rogue,subtlety,58,29,29
Sariena,sylvanas,1828,rogue,subtlety,206,109,97
Dêlaral,der-mithrilorden,1828,rogue,subtlety,72,36,36
Lízåriñ,ravencrest,1827,rogue,subtlety,48,38,10
Chizué,sylvanas,1824,rogue,subtlety,54,34,20
Noraex,silvermoon,1822,rogue,subtlety,81,47,34
Asterisyup,silvermoon,1822,rogue,subtlety,107,61,46
Тохуо,lich-king,1822,rogue,subtlety,42,20,22
Xiro,dalaran,1822,rogue,subtlety,102,48,54
Погибайдуде,gordunni,1821,rogue,subtlety,41,34,7
Whaazlysnipz,tarren-mill,1821,rogue,subtlety,24,19,5
Crøweta,argent-dawn,1821,rogue,subtlety,66,34,32
Sbx,alakir,1820,rogue,subtlety,188,102,86
Radiogodx,stormscale,1817,rogue,subtlety,60,31,29
Nippzy,twisting-nether,1816,rogue,subtlety,180,110,70
Cheapshotwin,nethersturm,1816,rogue,subtlety,58,34,24
Holaszemed,ragnaros,1816,rogue,subtlety,183,96,87
Abej,malygos,1813,rogue,subtlety,48,23,25
Salakelmi,sylvanas,1812,rogue,subtlety,60,38,22
Kekful,defias-brotherhood,1811,rogue,subtlety,36,26,10
Jljr,twisting-nether,1811,rogue,subtlety,54,31,23
Ipøuli,quelthalas,1811,rogue,subtlety,54,29,25
Deevoll,tarren-mill,1810,rogue,subtlety,95,58,37
Keophz,tarren-mill,1809,rogue,subtlety,140,90,50
Keeganx,tarren-mill,1808,rogue,subtlety,71,39,32
Grindz,ravencrest,1807,rogue,subtlety,487,263,224
Gløøm,ravencrest,1806,rogue,subtlety,42,23,19
Лайнэл,deathweaver,1805,rogue,subtlety,89,51,38
Ooqu,silvermoon,1804,rogue,subtlety,30,23,7
Læffgøðx,stormscale,1804,rogue,subtlety,63,38,25
Whøråcle,tarren-mill,1803,rogue,subtlety,71,37,34
Zzemzza,kazzak,1802,rogue,subtlety,65,40,25
Knutten,wildhammer,1802,rogue,subtlety,123,72,51
Bruckmann,ragnaros,1801,rogue,subtlety,118,60,58
Releaserage,draenor,1800,rogue,subtlety,49,26,23
Insomnla,silvermoon,1796,rogue,subtlety,126,67,59
Subzerõ,archimonde,1792,rogue,subtlety,262,124,138
Sly,emerald-dream,1789,rogue,subtlety,66,36,30
Jáckz,twisting-nether,1788,rogue,subtlety,56,34,22
Featfawkes,ragnaros,1787,rogue,subtlety,78,41,37
Stonyhavana,ravencrest,1785,rogue,subtlety,84,49,35
Màrto,archimonde,1783,rogue,subtlety,113,69,44
Dancex,kazzak,1777,rogue,subtlety,72,48,24
Locgog,argent-dawn,1774,rogue,subtlety,36,25,11
Denjastwo,archimonde,1774,rogue,subtlety,36,25,11
Sodarogue,blackrock,1759,rogue,subtlety,50,29,21
Namelless,twisting-nether,1758,rogue,subtlety,137,72,65
Deadraw,aegwynn,1756,rogue,subtlety,66,33,33
Noxxy,archimonde,1753,rogue,subtlety,45,26,19
Stråwberrý,archimonde,1753,rogue,subtlety,57,28,29
Tanssy,ragnaros,1752,rogue,subtlety,68,42,26
Rinj,antonidas,1750,rogue,subtlety,66,34,32
Trîçk,aegwynn,1747,rogue,subtlety,78,43,35
Sábros,ravencrest,1742,rogue,subtlety,126,60,66
Инфера,lich-king,1741,rogue,subtlety,72,33,39
Путьказаха,gordunni,1737,rogue,subtlety,54,31,23
Venom,stormscale,1737,rogue,subtlety,52,27,25
Cheapshôt,archimonde,1734,rogue,subtlety,166,90,76
Starfighter,pozzo-delleternità,1732,rogue,subtlety,121,67,54
Azirios,kazzak,1730,rogue,subtlety,147,78,69
Ccedox,stormscale,1729,rogue,subtlety,30,20,10
Krida,archimonde,1727,rogue,subtlety,72,35,37
Knoffchad,blackhand,1726,rogue,subtlety,188,99,89
Grifika,outland,1725,rogue,subtlety,87,56,31
Китей,howling-fjord,1723,rogue,subtlety,78,40,38
Susquehanna,ragnaros,1722,rogue,subtlety,156,82,74
Ninjaassasin,aegwynn,1719,rogue,subtlety,118,69,49
Läêkz,archimonde,1719,rogue,subtlety,36,18,18
Naïmitsu,hyjal,1717,rogue,subtlety,108,56,52
Ennvi,defias-brotherhood,1713,rogue,subtlety,60,32,28
Хавиа,gordunni,1712,rogue,subtlety,59,37,22
Морхалл,gordunni,1712,rogue,subtlety,72,39,33
Рели,blackscar,1711,rogue,subtlety,72,37,35
Monero,thrall,1710,rogue,subtlety,97,60,37
Zayøn,outland,1710,rogue,subtlety,42,25,17
Ziqqi,thrall,1708,rogue,subtlety,120,64,56
Rîzer,ravencrest,1707,rogue,subtlety,60,29,31
Tïnderhoe,dalaran,1705,rogue,subtlety,30,25,5
Râpidø,elune,1704,rogue,subtlety,119,56,63
Lânnïster,kazzak,1703,rogue,subtlety,96,49,47
Architeggt,eredar,1700,rogue,subtlety,102,47,55
Yumiee,arygos,1697,rogue,subtlety,80,44,36
Кишмякх,gordunni,1695,rogue,subtlety,51,30,21
Notôríous,ravencrest,1695,rogue,subtlety,60,33,27
Rhayesh,silvermoon,1694,rogue,subtlety,106,51,55
Rindar,dun-modr,1690,rogue,subtlety,251,133,118
Ishízu,exodar,1690,rogue,subtlety,90,44,46
Whîspyr,blackmoore,1689,rogue,subtlety,54,28,26
Kickcake,ravencrest,1688,rogue,subtlety,98,53,45
Lotorr,burning-legion,1687,rogue,subtlety,120,64,56
Роземсти,gordunni,1685,rogue,subtlety,210,105,105
Nihilix,dalaran,1684,rogue,subtlety,167,86,81
Malasap,archimonde,1684,rogue,subtlety,355,180,175
Dópamine,hyjal,1683,rogue,subtlety,52,29,23
Røgger,ragnaros,1677,rogue,subtlety,190,94,96
Rantie,eredar,1675,rogue,subtlety,30,18,12
Xtoyo,zuljin,1674,rogue,subtlety,96,45,51
Anr,burning-legion,1673,rogue,subtlety,82,44,38
Бладстейн,blackscar,1673,rogue,subtlety,172,91,81
Exi,elune,1670,rogue,subtlety,62,26,36
Xzr,stormscale,1668,rogue,subtlety,36,27,9
Akwaaba,ravencrest,1668,rogue,subtlety,105,56,49
Ámbush,sylvanas,1668,rogue,subtlety,91,45,46
Воронкхал,ashenvale,1668,rogue,subtlety,60,29,31
Memphismp,drakthul,1667,rogue,subtlety,35,18,17
Oczku,burning-legion,1666,rogue,subtlety,36,20,16
Ccedolol,stormscale,1666,rogue,subtlety,71,38,33
Dìsørderx,ravencrest,1665,rogue,subtlety,88,49,39
Mâêl,blackmoore,1659,rogue,subtlety,173,88,85
Sniiky,kazzak,1658,rogue,subtlety,144,82,62
Redcutter,silvermoon,1658,rogue,subtlety,72,40,32
Fivepoint,blackmoore,1652,rogue,subtlety,30,20,10
Zerotyluv,silvermoon,1652,rogue,subtlety,30,20,10
Брайнз,gordunni,1651,rogue,subtlety,119,71,48
Handuil,blackmoore,1647,rogue,subtlety,205,108,97
Subsònik,tarren-mill,1645,rogue,subtlety,52,31,21
Текин,howling-fjord,1645,rogue,subtlety,137,79,58
Rylie,garona,1644,rogue,subtlety,43,21,22
Txm,argent-dawn,1643,rogue,subtlety,42,22,20
Renhri,burning-legion,1643,rogue,subtlety,314,158,156
Søllek,culte-de-la-rive-noire,1642,rogue,subtlety,36,22,14
Getschwîfty,ravencrest,1639,rogue,subtlety,27,18,9
Smílèy,ravencrest,1638,rogue,subtlety,42,21,21
Bahi,ysondre,1638,rogue,subtlety,96,47,49
Кишмякх,howling-fjord,1638,rogue,subtlety,108,43,65
Эдкенуэй,gordunni,1636,rogue,subtlety,131,77,54
Dawnsaber,argent-dawn,1635,rogue,subtlety,48,28,20
Ratirl,kult-der-verdammten,1635,rogue,subtlety,71,41,30
Azziinoth,ragnaros,1635,rogue,subtlety,48,20,28
Rakzena,ravencrest,1634,rogue,subtlety,36,21,15
Tinylol,dun-morogh,1634,rogue,subtlety,73,42,31
Pheq,ravencrest,1634,rogue,subtlety,72,37,35
Shreddera,ravencrest,1633,rogue,subtlety,66,40,26
Ryvz,ravencrest,1633,rogue,subtlety,48,23,25
Дэмайо,gordunni,1632,rogue,subtlety,42,25,17
Slimshadyqt,terokkar,1631,rogue,subtlety,48,25,23
Ач,gordunni,1630,rogue,subtlety,54,27,27
Stoff,archimonde,1629,rogue,subtlety,64,37,27
Bizzarerogue,tarren-mill,1628,rogue,subtlety,36,21,15
Doritomix,dun-modr,1628,rogue,subtlety,50,29,21
Arathir,ravencrest,1626,rogue,subtlety,62,39,23
Sÿkz,hyjal,1626,rogue,subtlety,62,29,33
Sinterklaas,earthen-ring,1625,rogue,subtlety,42,26,16
Shoamunj,archimonde,1625,rogue,subtlety,36,21,15
Stealthi,stormscale,1625,rogue,subtlety,42,17,25
Weird,blackmoore,1624,rogue,subtlety,40,27,13
Zømbië,kazzak,1624,rogue,subtlety,218,108,110
Mortecieca,ravencrest,1624,rogue,subtlety,36,17,19
Pcessleia,twisting-nether,1622,rogue,subtlety,30,17,13
Shadowprank,ravencrest,1617,rogue,subtlety,87,45,42
Stormhardt,stormscale,1616,rogue,subtlety,51,21,30
Rmp,khaz-modan,1616,rogue,subtlety,54,21,33
Jëllyxøxø,twisting-nether,1614,rogue,subtlety,164,89,75
Kasualasf,stormscale,1613,rogue,subtlety,30,17,13
Doxxei,draenor,1613,rogue,subtlety,195,109,86
Served,twisting-nether,1611,rogue,subtlety,30,17,13
Солевыегубки,gordunni,1610,rogue,subtlety,46,29,17
Krsty,antonidas,1609,rogue,subtlety,36,20,16
Roguestuff,silvermoon,1608,rogue,subtlety,24,17,7
Meccura,silvermoon,1607,rogue,subtlety,93,53,40
Trapstar,stormscale,1607,rogue,subtlety,131,68,63
Arkblenderx,silvermoon,1606,rogue,subtlety,61,33,28
Åluñahtøpg,azjolnerub,1606,rogue,subtlety,54,23,31
Vizifyx,ravencrest,1604,rogue,subtlety,24,17,7
Háttori,twisting-nether,1604,rogue,subtlety,42,24,18
Nitroxygen,outland,1603,rogue,subtlety,79,43,36
Морзо,howling-fjord,1602,rogue,subtlety,83,48,35
Haikyu,blackhand,1602,rogue,subtlety,54,25,29
Aszaryn,magtheridon,1601,rogue,subtlety,54,32,22
Insidióus,sylvanas,1601,rogue,subtlety,42,21,21
Sunå,archimonde,1600,rogue,subtlety,36,19,17
Mecu,ravencrest,1600,rogue,subtlety,42,22,20
Хасилей,booty-bay,1596,rogue,subtlety,122,62,60
Zourkan,archimonde,1595,rogue,subtlety,337,185,152
Ÿøßø,archimonde,1593,rogue,subtlety,72,38,34
Exiv,ragnaros,1593,rogue,subtlety,64,28,36
Cøntrøl,stormreaver,1587,rogue,subtlety,120,66,54
Evivalarte,burning-legion,1585,rogue,subtlety,61,34,27
Baldoh,kazzak,1584,rogue,subtlety,36,24,12
Вр,blackscar,1582,rogue,subtlety,30,18,12
Ripcurll,grim-batol,1582,rogue,subtlety,77,42,35
Oxyrog,ravencrest,1580,rogue,subtlety,42,22,20
Chipicaua,silvermoon,1578,rogue,subtlety,42,19,23
Кеонетво,howling-fjord,1577,rogue,subtlety,30,18,12
Nyzx,blackhand,1577,rogue,subtlety,30,18,12
Nitelite,outland,1577,rogue,subtlety,36,17,19
Denjas,archimonde,1574,rogue,subtlety,43,21,22
Hoodrogue,blackrock,1573,rogue,subtlety,92,50,42
Kleptomancy,sylvanas,1572,rogue,subtlety,30,17,13
Shyy,dun-modr,1572,rogue,subtlety,54,26,28
Madisonivyqt,blackmoore,1570,rogue,subtlety,88,46,42
Старллесс,gordunni,1569,rogue,subtlety,298,159,139
Venøøm,eredar,1568,rogue,subtlety,116,66,50
Bursthilde,blackmoore,1568,rogue,subtlety,75,40,35
Djswaghetti,stormscale,1566,rogue,subtlety,36,18,18
Säxnthecrity,blackmoore,1565,rogue,subtlety,360,183,177
Зорго,deathguard,1564,rogue,subtlety,60,34,26
Carvyn,defias-brotherhood,1563,rogue,subtlety,30,17,13
Onlyluvhurt,dun-modr,1563,rogue,subtlety,118,66,52
Bloodsmell,outland,1561,rogue,subtlety,149,82,67
Злойкиллер,howling-fjord,1561,rogue,subtlety,48,24,24
Ramses,onyxia,1561,rogue,subtlety,78,37,41
Opaska,ravencrest,1560,rogue,subtlety,106,55,51
Reezr,stormscale,1559,rogue,subtlety,78,33,45
Xkebyzlobg,outland,1558,rogue,subtlety,35,21,14
Deok,tarren-mill,1557,rogue,subtlety,30,19,11
Azovrouge,terokkar,1557,rogue,subtlety,189,107,82
Сармонн,howling-fjord,1556,rogue,subtlety,60,41,19
Kidneyou,ragnaros,1555,rogue,subtlety,58,32,26
Liarø,archimonde,1555,rogue,subtlety,151,76,75
Кумоо,gordunni,1553,rogue,subtlety,42,20,22
Гэнт,soulflayer,1550,rogue,subtlety,54,28,26
Frequenzalfa,silvermoon,1549,rogue,subtlety,52,26,26
Pfourtwenty,eredar,1547,rogue,subtlety,36,18,18
Voki,dalaran,1546,rogue,subtlety,105,58,47
Shadystabby,stormscale,1543,rogue,subtlety,101,55,46
Droomprins,stormscale,1541,rogue,subtlety,54,29,25
Jaikka,archimonde,1539,rogue,subtlety,36,24,12
Meldee,burning-legion,1539,rogue,subtlety,42,21,21
Silesi,kazzak,1538,rogue,subtlety,24,17,7
Mxx,stormscale,1537,rogue,subtlety,151,89,62
Ilrunne,silvermoon,1536,rogue,subtlety,82,43,39
Gøldzahn,antonidas,1536,rogue,subtlety,36,18,18
Alexandra,kazzak,1534,rogue,subtlety,90,42,48
Tripleníne,silvermoon,1532,rogue,subtlety,65,39,26
Unsullièd,kazzak,1532,rogue,subtlety,60,31,29
Párbajkároj,ragnaros,1532,rogue,subtlety,36,16,20
Filiduttpvp,ravencrest,1531,rogue,subtlety,48,30,18
Sinist,twisting-nether,1531,rogue,subtlety,50,23,27
Quq,kazzak,1530,rogue,subtlety,165,88,77
Zilemjr,stormscale,1529,rogue,subtlety,122,67,55
Adskydroch,ravencrest,1528,rogue,subtlety,30,17,13
Нэйлио,deepholm,1527,rogue,subtlety,24,16,8
Augustina,draenor,1526,rogue,subtlety,36,18,18
Súpremé,ravencrest,1525,rogue,subtlety,103,60,43
Îüçkÿmêñ,outland,1524,rogue,subtlety,72,40,32
Ipresskidney,tarren-mill,1523,rogue,subtlety,158,84,74
Fivepointx,blackmoore,1523,rogue,subtlety,66,33,33
Royalflüx,grim-batol,1522,rogue,subtlety,81,41,40
Kidknee,outland,1522,rogue,subtlety,36,18,18
Rogueas,stormscale,1521,rogue,subtlety,41,25,16
Skýfire,ravencrest,1519,rogue,subtlety,60,28,32
Killvision,kul-tiras,1517,rogue,subtlety,24,16,8
Шадовкилер,blackscar,1517,rogue,subtlety,90,48,42
Бэрнии,howling-fjord,1517,rogue,subtlety,176,89,87
Naiikaii,antonidas,1515,rogue,subtlety,29,16,13
Zodracir,scarshield-legion,1512,rogue,subtlety,36,17,19
Roanz,stormreaver,1511,rogue,subtlety,61,31,30
Xãwé,kazzak,1509,rogue,subtlety,45,26,19
Shinzaoh,khaz-modan,1509,rogue,subtlety,64,33,31
Yourexwifey,ravencrest,1508,rogue,subtlety,92,52,40
Diazz,aegwynn,1507,rogue,subtlety,78,42,36
Sombredagues,ysondre,1504,rogue,subtlety,87,46,41
Вагнеса,howling-fjord,1504,rogue,subtlety,89,46,43
Falewyn,ragnaros,1503,rogue,subtlety,24,16,8
Smo,kargath,1502,rogue,subtlety,38,20,18
Sapperinö,sylvanas,1500,rogue,subtlety,287,149,138
Vögue,burning-legion,1500,rogue,subtlety,61,27,34
Kyssme,archimonde,1500,rogue,subtlety,42,18,24
Críppléz,ravencrest,1494,rogue,subtlety,90,47,43
Belwarx,darksorrow,1494,rogue,subtlety,85,31,54
Эвисирейт,gordunni,1492,rogue,subtlety,71,39,32
Dígga,nemesis,1490,rogue,subtlety,102,51,51
Wraithh,minahonda,1489,rogue,subtlety,96,55,41
Dødgez,cthun,1489,rogue,subtlety,28,16,12
Cander,kazzak,1489,rogue,subtlety,33,18,15
Dölf,archimonde,1487,rogue,subtlety,170,92,78
Абисиан,soulflayer,1487,rogue,subtlety,96,51,45
Xok,draenor,1487,rogue,subtlety,52,26,26
Шпилля,gordunni,1487,rogue,subtlety,77,38,39
Daggerdashx,ravencrest,1486,rogue,subtlety,461,248,213
Miiløx,silvermoon,1484,rogue,subtlety,47,20,27
Shízzel,blackhand,1482,rogue,subtlety,78,40,38
Midoa,nerathor,1481,rogue,subtlety,86,52,34
Jaydeeñ,ravencrest,1479,rogue,subtlety,42,18,24
Kire,daggerspine,1478,rogue,subtlety,65,30,35
Ruck,madmortem,1476,rogue,subtlety,36,22,14
Zerozsub,tarren-mill,1475,rogue,subtlety,123,71,52
Maroshko,argent-dawn,1475,rogue,subtlety,36,20,16
Shabu,nemesis,1475,rogue,subtlety,42,16,26
Ömme,archimonde,1474,rogue,subtlety,84,44,40
Exanimu,ravencrest,1472,rogue,subtlety,171,75,96
Счастливое,howling-fjord,1471,rogue,subtlety,116,58,58
Jqmie,ravencrest,1470,rogue,subtlety,50,28,22
Shâdowfreeze,onyxia,1470,rogue,subtlety,78,41,37
Распяздяй,gordunni,1469,rogue,subtlety,48,30,18
Spr,malfurion,1468,rogue,subtlety,106,58,48
Panigalex,veknilash,1468,rogue,subtlety,75,41,34
Neirdà,hyjal,1468,rogue,subtlety,43,19,24
Альназир,howling-fjord,1465,rogue,subtlety,59,29,30
Veryscaryguý,twisting-nether,1464,rogue,subtlety,54,33,21
Jenz,blackmoore,1462,rogue,subtlety,42,18,24
Röguelol,outland,1460,rogue,subtlety,42,20,22
Leepz,outland,1458,rogue,subtlety,72,43,29
Ænutz,ysondre,1458,rogue,subtlety,33,18,15
Пусякиллерх,gordunni,1457,rogue,subtlety,42,24,18
Sashikorosu,archimonde,1457,rogue,subtlety,116,65,51
Jaqenhghar,pozzo-delleternità,1457,rogue,subtlety,115,61,54
Absol,hellscream,1456,rogue,subtlety,48,29,19
Doperog,antonidas,1456,rogue,subtlety,84,49,35
Txf,aegwynn,1456,rogue,subtlety,48,24,24
Deathcvlt,hyjal,1455,rogue,subtlety,238,120,118
Norlix,ravencrest,1455,rogue,subtlety,66,30,36
Morgan,argent-dawn,1454,rogue,subtlety,72,42,30
Johnnyprep,ravencrest,1454,rogue,subtlety,54,29,25
Faytun,kult-der-verdammten,1453,rogue,subtlety,40,25,15
Zôuloulou,archimonde,1453,rogue,subtlety,75,39,36
Inyria,outland,1453,rogue,subtlety,166,86,80
Dedka,hyjal,1451,rogue,subtlety,42,18,24
Sacrehptit,naxxramas,1450,rogue,subtlety,42,26,16
Nightq,tarren-mill,1450,rogue,subtlety,57,34,23
Helloimjohn,darksorrow,1449,rogue,subtlety,47,25,22
Loopermann,silvermoon,1449,rogue,subtlety,146,72,74
Critmaker,outland,1448,rogue,subtlety,24,16,8
Johnyqt,hyjal,1448,rogue,subtlety,30,18,12
Nínjutsu,ravencrest,1448,rogue,subtlety,44,21,23
Peechiyy,blackmoore,1447,rogue,subtlety,69,39,30
Shaeni,silvermoon,1447,rogue,subtlety,205,105,100
Местьбучи,howling-fjord,1446,rogue,subtlety,78,42,36
Nìghtwalker,ravencrest,1445,rogue,subtlety,136,71,65
Sumsarx,ravencrest,1445,rogue,subtlety,101,52,49
Ворейн,howling-fjord,1444,rogue,subtlety,137,70,67
Pérplèxîty,thrall,1443,rogue,subtlety,73,39,34
Mortnoïre,naxxramas,1443,rogue,subtlety,72,36,36
Mont,nemesis,1443,rogue,subtlety,72,36,36
Nâzaar,antonidas,1441,rogue,subtlety,96,54,42
Rat,mazrigos,1440,rogue,subtlety,24,15,9
Winwin,silvermoon,1440,rogue,subtlety,166,99,67
Ghøstkid,blackrock,1440,rogue,subtlety,138,69,69
Grzech,burning-legion,1440,rogue,subtlety,88,43,45
Xalupa,dun-modr,1440,rogue,subtlety,66,30,36
Actualcarry,dentarg,1439,rogue,subtlety,68,39,29
Calpic,sanguino,1439,rogue,subtlety,148,79,69
Aläen,ravencrest,1437,rogue,subtlety,37,20,17
Roguebot,draenor,1437,rogue,subtlety,124,67,57
Dêlaral,blackhand,1437,rogue,subtlety,30,15,15
Тира,grom,1436,rogue,subtlety,30,15,15
Лютьер,soulflayer,1435,rogue,subtlety,120,62,58
Axroa,blackmoore,1435,rogue,subtlety,36,15,21
Trashbàg,alakir,1432,rogue,subtlety,30,15,15
Achterom,tarren-mill,1432,rogue,subtlety,128,59,69
Rêve,the-maelstrom,1431,rogue,subtlety,40,23,17
Critys,drakthul,1430,rogue,subtlety,24,15,9
Strangeboy,ravencrest,1430,rogue,subtlety,24,15,9
Chipson,kazzak,1429,rogue,subtlety,48,24,24
Coolbassoff,kazzak,1429,rogue,subtlety,64,28,36
Mâtâtâ,die-ewige-wacht,1428,rogue,subtlety,77,42,35
Tonaxstab,ragnaros,1428,rogue,subtlety,48,23,25
Nopzs,outland,1427,rogue,subtlety,60,30,30
Svartesven,auchindoun,1426,rogue,subtlety,36,17,19
Ibizå,ravencrest,1423,rogue,subtlety,82,39,43
Дернирог,howling-fjord,1421,rogue,subtlety,79,41,38
Zx,frostmane,1420,rogue,subtlety,36,17,19
Reprouvette,dalaran,1419,rogue,subtlety,33,20,13
Sùbzerø,archimonde,1419,rogue,subtlety,36,18,18
Grimdoll,tarren-mill,1418,rogue,subtlety,193,108,85
Lechatbotté,tarren-mill,1417,rogue,subtlety,59,36,23
Сабик,howling-fjord,1417,rogue,subtlety,53,31,22
Nairobii,tarren-mill,1417,rogue,subtlety,54,30,24
Vorsix,tarren-mill,1416,rogue,subtlety,91,53,38
Ibizà,ravencrest,1415,rogue,subtlety,42,20,22
Elfreyja,archimonde,1414,rogue,subtlety,75,36,39
Жабоклик,gordunni,1412,rogue,subtlety,92,47,45
Морнер,howling-fjord,1412,rogue,subtlety,59,30,29
Jinxy,outland,1411,rogue,subtlety,18,15,3
Самерон,howling-fjord,1411,rogue,subtlety,36,24,12
Янигугулак,soulflayer,1411,rogue,subtlety,24,15,9
Xulem,silvermoon,1411,rogue,subtlety,58,34,24
Spyzie,hyjal,1409,rogue,subtlety,30,15,15
Lyroth,silvermoon,1408,rogue,subtlety,59,29,30
Râáy,blackrock,1408,rogue,subtlety,114,52,62
Yokze,ravencrest,1407,rogue,subtlety,60,31,29
Jamzyrogue,emerald-dream,1405,rogue,subtlety,36,19,17
Teba,cthun,1404,rogue,subtlety,40,19,21
Orestes,pozzo-delleternità,1402,rogue,subtlety,27,16,11
Эбиб,soulflayer,1401,rogue,subtlety,34,17,17
Südh,sanguino,1401,rogue,subtlety,36,15,21
Pidroseus,argent-dawn,1400,rogue,subtlety,70,37,33
Ванэйти,gordunni,1400,rogue,subtlety,358,181,177
Rlwlwlwrogue,twisting-nether,1400,rogue,subtlety,33,16,17
Decoyed,sylvanas,1400,rogue,subtlety,36,17,19
Evi,korgall,1399,rogue,subtlety,30,15,15
Maláika,silvermoon,1399,rogue,subtlety,44,21,23
Darkxenojiva,blackmoore,1398,rogue,subtlety,69,29,40
Jáyjay,antonidas,1395,rogue,subtlety,66,28,38
Galathea,turalyon,1394,rogue,subtlety,90,46,44
Zeiden,sanguino,1393,rogue,subtlety,48,23,25
Exbandit,sanguino,1392,rogue,subtlety,54,36,18
Rhûlf,ravencrest,1392,rogue,subtlety,55,27,28
Cortzy,stormscale,1391,rogue,subtlety,40,15,25
Sâybyëbæ,dun-modr,1390,rogue,subtlety,36,15,21
Subzy,burning-legion,1389,rogue,subtlety,163,89,74
Vanquishz,arathor,1389,rogue,subtlety,54,21,33
Ðàrx,archimonde,1388,rogue,subtlety,36,17,19
Daekrun,argent-dawn,1387,rogue,subtlety,56,30,26
Бэтх,soulflayer,1386,rogue,subtlety,54,32,22
Смекрус,soulflayer,1386,rogue,subtlety,117,59,58
Decrios,outland,1386,rogue,subtlety,42,16,26
Rexore,ravencrest,1385,rogue,subtlety,30,15,15
Tinyshank,drakthul,1382,rogue,subtlety,56,29,27
Jaffar,mannoroth,1382,rogue,subtlety,60,24,36
Tripoid,draenor,1381,rogue,subtlety,54,25,29
Дакоока,soulflayer,1378,rogue,subtlety,24,16,8
Zélla,twisting-nether,1378,rogue,subtlety,42,21,21
Óoo,outland,1377,rogue,subtlety,36,18,18
Xblackhole,tarren-mill,1377,rogue,subtlety,110,54,56
Trímønâ,gorgonnash,1374,rogue,subtlety,36,16,20
Crimatoria,rajaxx,1373,rogue,subtlety,51,23,28
Binbág,draenor,1372,rogue,subtlety,108,62,46
Ryzem,archimonde,1371,rogue,subtlety,411,215,196
Анивиана,howling-fjord,1371,rogue,subtlety,134,64,70
Lêmon,argent-dawn,1370,rogue,subtlety,52,31,21
Givilwtf,eredar,1370,rogue,subtlety,102,50,52
Appatras,tarren-mill,1369,rogue,subtlety,23,15,8
Kryptonite,nemesis,1368,rogue,subtlety,58,30,28
Behindü,frostmane,1368,rogue,subtlety,84,42,42
Subhub,ragnaros,1366,rogue,subtlety,48,21,27
Ванябигпуш,blackscar,1364,rogue,subtlety,60,29,31
Gankbang,frostmane,1363,rogue,subtlety,78,35,43
Svddendeath,ragnaros,1362,rogue,subtlety,65,31,34
Dàwn,boulderfist,1361,rogue,subtlety,58,32,26
Evasión,aegwynn,1361,rogue,subtlety,65,34,31
Ассаин,gordunni,1359,rogue,subtlety,49,26,23
Эйфуча,gordunni,1359,rogue,subtlety,82,43,39
Sedái,twisting-nether,1359,rogue,subtlety,38,16,22
Fullblind,tarren-mill,1357,rogue,subtlety,87,43,44
Yamajinzu,blackmoore,1356,rogue,subtlety,126,65,61
Feinted,kazzak,1354,rogue,subtlety,80,40,40
Vexior,argent-dawn,1354,rogue,subtlety,57,25,32
Зенофар,soulflayer,1353,rogue,subtlety,190,88,102
Gamezcorex,aegwynn,1353,rogue,subtlety,52,22,30
Кэйтлис,howling-fjord,1353,rogue,subtlety,42,17,25
Соважь,soulflayer,1352,rogue,subtlety,36,17,19
Trimøná,gorgonnash,1351,rogue,subtlety,24,15,9
Huffim,tarren-mill,1349,rogue,subtlety,36,21,15
Sajina,kazzak,1346,rogue,subtlety,30,15,15
Эквалири,gordunni,1345,rogue,subtlety,71,33,38
Lilrookie,argent-dawn,1344,rogue,subtlety,110,61,49
Akroshalolz,outland,1343,rogue,subtlety,24,14,10
Såj,tarren-mill,1343,rogue,subtlety,30,14,16
Asukabed,ravencrest,1342,rogue,subtlety,24,14,10
Lilbubblegum,emerald-dream,1342,rogue,subtlety,24,14,10
Akira,outland,1342,rogue,subtlety,102,59,43
Akyô,archimonde,1340,rogue,subtlety,24,14,10
Tripx,ravencrest,1340,rogue,subtlety,121,64,57
Sénsorium,draenor,1339,rogue,subtlety,125,64,61
Simsub,tarren-mill,1337,rogue,subtlety,30,14,16
Yakio,silvermoon,1334,rogue,subtlety,48,19,29
Káríc,draenor,1332,rogue,subtlety,40,20,20
Ñavy,archimonde,1332,rogue,subtlety,84,36,48
Maam,ravencrest,1331,rogue,subtlety,48,26,22
Gingahboy,doomhammer,1330,rogue,subtlety,203,112,91
Пораменяться,gordunni,1328,rogue,subtlety,117,55,62
Qiiss,stormscale,1327,rogue,subtlety,54,30,24
Knifeparty,silvermoon,1326,rogue,subtlety,32,18,14
Isucu,burning-legion,1326,rogue,subtlety,102,55,47
Guiseppe,grim-batol,1325,rogue,subtlety,48,26,22
Bleeds,thrall,1324,rogue,subtlety,47,24,23
Edaniel,draenor,1323,rogue,subtlety,36,19,17
Кверест,howling-fjord,1320,rogue,subtlety,24,14,10
Shuo,blackrock,1317,rogue,subtlety,24,14,10
Æsthaetic,silvermoon,1317,rogue,subtlety,52,21,31
Mercyã,outland,1316,rogue,subtlety,54,29,25
Billybang,outland,1316,rogue,subtlety,112,58,54
Saptrinket,stormscale,1316,rogue,subtlety,337,154,183
Strangeboyxx,ravencrest,1312,rogue,subtlety,36,14,22
Ambushmike,gorgonnash,1310,rogue,subtlety,123,64,59
Ultriz,twisting-nether,1310,rogue,subtlety,35,15,20
Boorza,silvermoon,1309,rogue,subtlety,30,16,14
Йаяга,soulflayer,1308,rogue,subtlety,30,16,14
Coaraze,eldrethalas,1308,rogue,subtlety,48,24,24
Ultraviølett,gorgonnash,1308,rogue,subtlety,46,20,26
Геопанк,howling-fjord,1307,rogue,subtlety,24,14,10
Ракфорн,howling-fjord,1306,rogue,subtlety,179,87,92
Levíeus,blackrock,1305,rogue,subtlety,132,73,59
Bloodwraith,stormscale,1305,rogue,subtlety,36,14,22
Scrumptious,darksorrow,1303,rogue,subtlety,30,14,16
Kãlí,blackmoore,1303,rogue,subtlety,49,21,28
Káji,frostmane,1302,rogue,subtlety,18,14,4
Monoxid,eredar,1302,rogue,subtlety,63,31,32
Jimaal,stormscale,1301,rogue,subtlety,45,23,22
Sicariø,argent-dawn,1301,rogue,subtlety,53,25,28
Luckeri,antonidas,1300,rogue,subtlety,66,32,34
Deathwalkxr,silvermoon,1295,rogue,subtlety,24,14,10
Duzhel,kazzak,1294,rogue,subtlety,35,17,18
Моямайя,eversong,1293,rogue,subtlety,53,25,28
Интерфи,blackscar,1293,rogue,subtlety,68,31,37
Bandèra,ragnaros,1293,rogue,subtlety,48,19,29
Ripblindsap,ragnaros,1291,rogue,subtlety,24,15,9
Freemmr,draenor,1291,rogue,subtlety,85,41,44
Swiftshank,grim-batol,1290,rogue,subtlety,72,29,43
Machmacan,thrall,1288,rogue,subtlety,23,14,9
Kouru,outland,1287,rogue,subtlety,42,20,22
Cataleýa,outland,1286,rogue,subtlety,36,21,15
Rhytmic,drakthul,1286,rogue,subtlety,30,14,16
Cnac,stormscale,1286,rogue,subtlety,52,21,31
Callboy,turalyon,1285,rogue,subtlety,48,24,24
Yasu,outland,1285,rogue,subtlety,66,31,35
Йзвинись,howling-fjord,1284,rogue,subtlety,42,21,21
Aikaza,blackmoore,1284,rogue,subtlety,30,14,16
Althieves,ravencrest,1283,rogue,subtlety,106,55,51
Прошмандэ,gordunni,1282,rogue,subtlety,30,15,15
Xoxoxoxoxoxö,archimonde,1282,rogue,subtlety,35,16,19
Тучёна,soulflayer,1281,rogue,subtlety,60,35,25
Aati,the-maelstrom,1281,rogue,subtlety,66,32,34
Fugly,ragnaros,1281,rogue,subtlety,37,14,23
Swâggerino,kazzak,1280,rogue,subtlety,62,32,30
Xeggy,turalyon,1279,rogue,subtlety,196,107,89
Thelones,antonidas,1278,rogue,subtlety,23,14,9
Zanaken,stormscale,1278,rogue,subtlety,210,105,105
Niapro,dun-morogh,1277,rogue,subtlety,42,21,21
Лофиан,gordunni,1275,rogue,subtlety,60,28,32
Backcracker,thunderhorn,1274,rogue,subtlety,30,15,15
Мипракн,fordragon,1273,rogue,subtlety,36,25,11
Latscholol,malorne,1273,rogue,subtlety,126,66,60
Mizoy,blackmoore,1273,rogue,subtlety,40,15,25
Ouvrebwate,archimonde,1272,rogue,subtlety,23,14,9
Vanéry,ravencrest,1272,rogue,subtlety,30,15,15
Guiltythief,stormscale,1272,rogue,subtlety,37,18,19
Petsakos,ravencrest,1272,rogue,subtlety,33,15,18
Янимагу,soulflayer,1271,rogue,subtlety,55,24,31
Скримшейд,gordunni,1268,rogue,subtlety,36,18,18
Шикорро,soulflayer,1266,rogue,subtlety,36,18,18
Smeyra,magtheridon,1262,rogue,subtlety,114,63,51
Kïdney,stormscale,1259,rogue,subtlety,66,36,30
Usainßreak,chogall,1258,rogue,subtlety,24,14,10
Adwl,archimonde,1258,rogue,subtlety,177,85,92
Shrèéd,blackmoore,1257,rogue,subtlety,53,25,28
Gansull,nemesis,1257,rogue,subtlety,36,16,20
Фирмиана,howling-fjord,1253,rogue,subtlety,66,35,31
Лиргенвард,deathguard,1251,rogue,subtlety,88,38,50
Misantropia,nemesis,1250,rogue,subtlety,108,48,60
Pixelrogue,argent-dawn,1249,rogue,subtlety,46,25,21
Beefboss,neptulon,1248,rogue,subtlety,18,13,5
Axelaz,ravencrest,1247,rogue,subtlety,24,13,11
Missesinvis,blackmoore,1246,rogue,subtlety,18,13,5
Arrzhan,silvermoon,1245,rogue,subtlety,86,51,35
Huprâ,ravencrest,1245,rogue,subtlety,24,13,11
Bartolomew,hellscream,1244,rogue,subtlety,39,17,22
Зити,blackscar,1243,rogue,subtlety,24,13,11
Mealy,auchindoun,1243,rogue,subtlety,72,36,36
Ézzah,blackhand,1243,rogue,subtlety,128,55,73
Masanari,die-nachtwache,1243,rogue,subtlety,38,15,23
Cørek,blackhand,1241,rogue,subtlety,24,13,11
Лэйкиро,gordunni,1239,rogue,subtlety,24,13,11
Audiotronic,blackmoore,1239,rogue,subtlety,47,21,26
Cowmbat,tarren-mill,1238,rogue,subtlety,32,14,18
Злайа,blackscar,1238,rogue,subtlety,42,17,25
Ултра,gordunni,1237,rogue,subtlety,159,77,82
Stabymoose,draenor,1237,rogue,subtlety,30,14,16
Tyrly,ravencrest,1235,rogue,subtlety,118,55,63
Neymar,ysondre,1232,rogue,subtlety,36,17,19
Siktiritos,malganis,1232,rogue,subtlety,66,30,36
Sheldowws,tarren-mill,1231,rogue,subtlety,24,13,11
Nexieane,ravencrest,1231,rogue,subtlety,160,79,81
Alekkush,silvermoon,1231,rogue,subtlety,30,13,17
Jugalos,ravencrest,1230,rogue,subtlety,35,13,22
Муфдшы,gordunni,1229,rogue,subtlety,40,24,16
Djeud,archimonde,1229,rogue,subtlety,76,45,31
Cesârion,antonidas,1229,rogue,subtlety,285,137,148
Shiréz,blackmoore,1228,rogue,subtlety,101,50,51
Sambä,sanguino,1228,rogue,subtlety,66,32,34
Bultars,argent-dawn,1228,rogue,subtlety,42,17,25
Jechijr,silvermoon,1227,rogue,subtlety,24,13,11
Silnce,outland,1227,rogue,subtlety,78,36,42
Трикстэд,soulflayer,1226,rogue,subtlety,30,18,12
Suikastman,silvermoon,1225,rogue,subtlety,22,14,8
Exine,sanguino,1224,rogue,subtlety,24,13,11
Zhadowên,outland,1224,rogue,subtlety,60,26,34
Wøølfgang,archimonde,1222,rogue,subtlety,83,39,44
Пузэн,howling-fjord,1221,rogue,subtlety,72,48,24
Рестинписер,soulflayer,1220,rogue,subtlety,210,104,106
Inextricabil,stormscale,1217,rogue,subtlety,30,14,16
Asine,boulderfist,1217,rogue,subtlety,30,13,17
Optoo,ragnaros,1216,rogue,subtlety,35,17,18
Zvarka,drakthul,1214,rogue,subtlety,24,17,7
Buttonsfly,silvermoon,1214,rogue,subtlety,74,49,25
Eriksonn,drakthul,1214,rogue,subtlety,43,19,24
Jäshin,hyjal,1213,rogue,subtlety,36,13,23
Ксионас,gordunni,1212,rogue,subtlety,82,36,46
Zavebe,nathrezim,1212,rogue,subtlety,33,14,19
Stin,blackrock,1212,rogue,subtlety,94,39,55
Иннхотеп,howling-fjord,1211,rogue,subtlety,26,15,11
Zergroidz,kazzak,1208,rogue,subtlety,169,82,87
Theriaeu,ravencrest,1207,rogue,subtlety,51,26,25
Avøry,antonidas,1207,rogue,subtlety,71,29,42
Darkral,nemesis,1205,rogue,subtlety,42,15,27
Jomoama,norgannon,1203,rogue,subtlety,48,21,27
Ganker,antonidas,1202,rogue,subtlety,30,15,15
Heulleise,die-ewige-wacht,1201,rogue,subtlety,27,15,12
Xaiko,baelgun,1196,rogue,subtlety,38,23,15
Unreallx,silvermoon,1196,rogue,subtlety,134,66,68
Chãøs,silvermoon,1196,rogue,subtlety,60,29,31
Billgatez,blackrock,1195,rogue,subtlety,21,13,8
Erenyeagerx,kazzak,1194,rogue,subtlety,89,41,48
Cantseeme,anachronos,1194,rogue,subtlety,48,18,30
Эрихард,howling-fjord,1191,rogue,subtlety,41,18,23
Zelìx,frostmane,1190,rogue,subtlety,54,32,22
Тайнушка,soulflayer,1190,rogue,subtlety,66,35,31
Skillissuex,tarren-mill,1190,rogue,subtlety,334,171,163
Чайрлайн,blackscar,1190,rogue,subtlety,40,17,23
Neoly,outland,1184,rogue,subtlety,30,21,9
Cesar,blackhand,1183,rogue,subtlety,70,44,26
Hashlund,stormscale,1181,rogue,subtlety,38,17,21
Валанбалас,soulflayer,1179,rogue,subtlety,48,25,23
Попочке,soulflayer,1175,rogue,subtlety,36,23,13
Thehand,eonar,1175,rogue,subtlety,72,39,33
Syneth,drakthul,1174,rogue,subtlety,25,16,9
Shuffeyrt,frostmane,1172,rogue,subtlety,48,26,22
Сладкийперец,borean-tundra,1172,rogue,subtlety,52,24,28
Rogueseanne,blackrock,1171,rogue,subtlety,72,32,40
Jisz,doomhammer,1170,rogue,subtlety,90,45,45
Chïnaski,sargeras,1169,rogue,subtlety,25,14,11
Mckk,tarren-mill,1168,rogue,subtlety,71,36,35
Киржик,soulflayer,1163,rogue,subtlety,48,23,25
Oboejoe,burning-legion,1163,rogue,subtlety,63,30,33
Энбонни,gordunni,1162,rogue,subtlety,25,13,12
Maxtnulaujeu,archimonde,1162,rogue,subtlety,65,31,34
Ropedrink,stormscale,1161,rogue,subtlety,21,13,8
Heskmad,kazzak,1161,rogue,subtlety,50,22,28
Ðarëk,dun-modr,1159,rogue,subtlety,48,19,29
Darkan,kaelthas,1158,rogue,subtlety,66,38,28
Instealth,draenor,1158,rogue,subtlety,120,51,69
Tootskie,outland,1154,rogue,subtlety,30,18,12
Flambî,dalaran,1153,rogue,subtlety,82,41,41
Скорпеон,deathguard,1152,rogue,subtlety,48,32,16
Nasklagattv,hyjal,1152,rogue,subtlety,18,12,6
Skitzo,ravencrest,1152,rogue,subtlety,24,12,12
Roguegutten,quelthalas,1152,rogue,subtlety,32,15,17
Озхоггер,gordunni,1151,rogue,subtlety,18,12,6
Lemaroxd,tarren-mill,1151,rogue,subtlety,18,12,6
Мейсадисс,gordunni,1151,rogue,subtlety,30,12,18
Зеротулав,gordunni,1151,rogue,subtlety,30,12,18
Phøñkðånçér,ravencrest,1151,rogue,subtlety,30,12,18
Нойсеен,gordunni,1150,rogue,subtlety,24,12,12
Stepdancer,blackmoore,1150,rogue,subtlety,24,12,12
Hængøvèr,antonidas,1150,rogue,subtlety,30,12,18
Chimmee,draenor,1150,rogue,subtlety,30,12,18
Byebyé,ravencrest,1149,rogue,subtlety,24,12,12
Amms,ragnaros,1148,rogue,subtlety,18,12,6
Narar,stormscale,1147,rogue,subtlety,36,23,13
Bonelesschic,silvermoon,1146,rogue,subtlety,24,12,12
Teralala,kazzak,1146,rogue,subtlety,24,12,12
Коффемолка,ashenvale,1146,rogue,subtlety,66,26,40
Buffdh,eredar,1145,rogue,subtlety,24,12,12
Ddhelpra,blackrock,1144,rogue,subtlety,30,12,18
Aahz,tarren-mill,1142,rogue,subtlety,24,12,12
Mitaktika,silvermoon,1140,rogue,subtlety,18,12,6
Lovetospoon,ravencrest,1140,rogue,subtlety,43,22,21
Alltaïr,ravencrest,1139,rogue,subtlety,78,40,38
Turrok,ravencrest,1139,rogue,subtlety,36,17,19
Smoothiè,twisting-nether,1138,rogue,subtlety,82,37,45
Dägorath,dun-modr,1136,rogue,subtlety,22,13,9
Taniwa,archimonde,1136,rogue,subtlety,66,28,38
Zhopsy,nemesis,1135,rogue,subtlety,48,18,30
Sokillu,silvermoon,1134,rogue,subtlety,24,12,12
Ланароудсс,gordunni,1134,rogue,subtlety,24,12,12
Ithilyien,blackmoore,1134,rogue,subtlety,62,21,41
Niinim,draenor,1133,rogue,subtlety,212,115,97
Berneo,burning-legion,1133,rogue,subtlety,36,13,23
Lêgòlàs,blackmoore,1130,rogue,subtlety,107,58,49
Tsvetomir,doomhammer,1128,rogue,subtlety,24,12,12
Raglaron,draenor,1127,rogue,subtlety,30,12,18
Thedarkness,sylvanas,1125,rogue,subtlety,18,12,6
Vrederun,blackrock,1125,rogue,subtlety,24,12,12
Anala,stormreaver,1123,rogue,subtlety,24,14,10
Jorppe,kazzak,1122,rogue,subtlety,36,21,15
Faelylanea,argent-dawn,1122,rogue,subtlety,36,16,20
Paveli,ravencrest,1122,rogue,subtlety,78,34,44
Sebik,ravencrest,1118,rogue,subtlety,23,12,11
Mysies,ysondre,1117,rogue,subtlety,29,13,16
Coronababy,argent-dawn,1111,rogue,subtlety,24,13,11
Lånaya,sylvanas,1111,rogue,subtlety,42,17,25
Deprress,silvermoon,1109,rogue,subtlety,18,12,6
Vampor,sylvanas,1109,rogue,subtlety,73,29,44
Obsçuritý,ragnaros,1106,rogue,subtlety,56,31,25
Shëîk,hyjal,1103,rogue,subtlety,31,17,14
Fibpatrool,ravencrest,1100,rogue,subtlety,23,12,11
Stuxothug,silvermoon,1097,rogue,subtlety,61,33,28
Knifeex,ravencrest,1094,rogue,subtlety,32,13,19
Jailkaz,thrall,1093,rogue,subtlety,29,13,16
Koutzai,stormscale,1090,rogue,subtlety,53,20,33
Беточка,gordunni,1087,rogue,subtlety,54,31,23
Ithru,twisting-nether,1087,rogue,subtlety,283,143,140
Yüm,burning-blade,1087,rogue,subtlety,59,25,34
Blantek,defias-brotherhood,1083,rogue,subtlety,30,16,14
Gimliwitdega,doomhammer,1083,rogue,subtlety,231,122,109
Теньглуши,gordunni,1079,rogue,subtlety,27,12,15
Dallrend,stormscale,1078,rogue,subtlety,36,16,20
Fastspectre,ravencrest,1077,rogue,subtlety,54,29,25
Stâr,archimonde,1077,rogue,subtlety,28,13,15
Underarmor,kul-tiras,1075,rogue,subtlety,69,26,43
Pepperbox,twisting-nether,1074,rogue,subtlety,30,15,15
Gpóínt,blackmoore,1074,rogue,subtlety,24,12,12
Зацеп,gordunni,1073,rogue,subtlety,36,22,14
Zenajlz,outland,1073,rogue,subtlety,22,12,10
Streîk,hyjal,1072,rogue,subtlety,72,32,40
Brunhityx,ravencrest,1071,rogue,subtlety,17,12,5
Löka,amanthul,1071,rogue,subtlety,117,59,58
Псиихооз,eversong,1070,rogue,subtlety,25,13,12
Idrîl,rashgarroth,1068,rogue,subtlety,36,19,17
Benvagin,hyjal,1067,rogue,subtlety,32,12,20
Jacktripper,blackrock,1066,rogue,subtlety,30,12,18
Розбэйник,gordunni,1065,rogue,subtlety,42,23,19
Kucheenstab,blackrock,1065,rogue,subtlety,30,13,17
Valiéna,dun-morogh,1064,rogue,subtlety,64,23,41
Copoka,dun-morogh,1063,rogue,subtlety,30,16,14
Pummra,kul-tiras,1063,rogue,subtlety,30,15,15
Freddybst,twisting-nether,1058,rogue,subtlety,26,15,11
Zkittlez,blackhand,1056,rogue,subtlety,18,11,7
Sátyrícon,ravencrest,1056,rogue,subtlety,24,11,13
Roundrobin,ravencrest,1056,rogue,subtlety,30,11,19
Xyzonk,kazzak,1055,rogue,subtlety,18,11,7
Amazindante,burning-legion,1055,rogue,subtlety,18,11,7
Kopka,draenor,1055,rogue,subtlety,18,11,7
Like,aegwynn,1055,rogue,subtlety,21,12,9
Сабанутый,howling-fjord,1055,rogue,subtlety,96,52,44
Aouron,archimonde,1055,rogue,subtlety,25,13,12
Xdd,frostmane,1055,rogue,subtlety,24,11,13
Флеймсфорт,gordunni,1055,rogue,subtlety,35,16,19
Hersuub,blackmoore,1055,rogue,subtlety,41,18,23
Hollowized,silvermoon,1054,rogue,subtlety,18,11,7
Kneiv,frostwhisper,1053,rogue,subtlety,24,11,13
Режупополам,howling-fjord,1052,rogue,subtlety,18,11,7
Murkyy,gilneas,1052,rogue,subtlety,18,11,7
Hookäh,chants-éternels,1052,rogue,subtlety,24,11,13
Zappsarap,onyxia,1052,rogue,subtlety,24,11,13
Bamsejuicee,kazzak,1050,rogue,subtlety,18,11,7
Zep,auchindoun,1050,rogue,subtlety,18,11,7
Shirá,hyjal,1049,rogue,subtlety,18,11,7
Tripletwenty,ravencrest,1049,rogue,subtlety,18,11,7
Йованов,gordunni,1048,rogue,subtlety,18,11,7
Catthief,ravencrest,1047,rogue,subtlety,18,11,7
Галиновна,soulflayer,1047,rogue,subtlety,97,42,55
Floorjansen,sylvanas,1046,rogue,subtlety,18,11,7
Celendyl,ravencrest,1045,rogue,subtlety,24,13,11
Kurichu,archimonde,1044,rogue,subtlety,24,11,13
Meshay,kazzak,1043,rogue,subtlety,19,11,8
Вишнуизм,gordunni,1043,rogue,subtlety,30,11,19
Фордрэн,deathguard,1042,rogue,subtlety,22,12,10
Sicario,aegwynn,1041,rogue,subtlety,24,11,13
Snack,burning-legion,1040,rogue,subtlety,27,12,15
Fodepalmas,sanguino,1040,rogue,subtlety,59,25,34
Mantîs,tarren-mill,1038,rogue,subtlety,53,24,29
Mojojina,theradras,1037,rogue,subtlety,24,12,12
Doomdagger,chamber-of-aspects,1036,rogue,subtlety,23,11,12
Drakaess,archimonde,1032,rogue,subtlety,24,11,13
Protolink,zuljin,1032,rogue,subtlety,64,25,39
Горланг,ashenvale,1031,rogue,subtlety,29,15,14
Calyon,hyjal,1031,rogue,subtlety,47,12,35
ßøß,ysondre,1030,rogue,subtlety,74,32,42
Finkle,blackmoore,1027,rogue,subtlety,30,11,19
Nirvána,outland,1026,rogue,subtlety,73,35,38
Byonics,durotan,1024,rogue,subtlety,18,11,7
Зебол,howling-fjord,1024,rogue,subtlety,36,17,19
Yamoshí,sanguino,1024,rogue,subtlety,34,15,19
Рэйбэк,howling-fjord,1024,rogue,subtlety,30,11,19
Blades,blackmoore,1019,rogue,subtlety,18,11,7
Умбрен,lich-king,1016,rogue,subtlety,36,21,15
Mercìles,kazzak,1011,rogue,subtlety,43,25,18
Sassasine,amanthul,1008,rogue,subtlety,67,31,36
Вайлиция,ashenvale,1007,rogue,subtlety,39,21,18
Whaiipy,ravencrest,1007,rogue,subtlety,119,64,55
Райан,fordragon,1006,rogue,subtlety,29,11,18
Ratolí,dun-modr,1005,rogue,subtlety,24,16,8
Shibaii,archimonde,1003,rogue,subtlety,96,37,59
Skankky,ragnaros,1000,rogue,subtlety,18,12,6
Sênsus,antonidas,999,rogue,subtlety,92,33,59
Leylaris,argent-dawn,998,rogue,subtlety,30,12,18
Axeldarq,draenor,998,rogue,subtlety,39,11,28
Cuckboy,chogall,997,rogue,subtlety,55,31,24
Drakhez,sanguino,995,rogue,subtlety,18,12,6
Pitmaster,burning-legion,992,rogue,subtlety,71,35,36
Mïta,blackmoore,991,rogue,subtlety,30,11,19
Anklash,blackrock,989,rogue,subtlety,39,12,27
Charbiya,silvermoon,986,rogue,subtlety,24,12,12
Fizgaroth,argent-dawn,982,rogue,subtlety,67,37,30
Thicck,twisting-nether,980,rogue,subtlety,48,13,35
Roóty,ravencrest,978,rogue,subtlety,24,11,13
Alvoriace,hyjal,976,rogue,subtlety,21,13,8
Sycko,alakir,976,rogue,subtlety,48,28,20
Dainhek,gilneas,975,rogue,subtlety,55,31,24
Dudemar,ravencrest,975,rogue,subtlety,24,11,13
Duo,karazhan,974,rogue,subtlety,78,25,53
Reginlief,argent-dawn,972,rogue,subtlety,47,21,26
Zervi,silvermoon,972,rogue,subtlety,41,18,23
Mallaurya,dalaran,971,rogue,subtlety,24,14,10
Mannheim,kazzak,968,rogue,subtlety,42,23,19
Mishana,thrall,966,rogue,subtlety,24,11,13
Ripuli,alakir,960,rogue,subtlety,18,10,8
Katarïnä,khaz-modan,960,rogue,subtlety,36,19,17
Garretygdar,nazjatar,960,rogue,subtlety,36,16,20
Sxpped,stormscale,960,rogue,subtlety,24,10,14
Proilas,draenor,960,rogue,subtlety,24,10,14
Mestarikélmi,ravencrest,960,rogue,subtlety,27,10,17
Rnghero,blackmoore,960,rogue,subtlety,30,10,20
Noboorstsub,ravencrest,959,rogue,subtlety,12,10,2
Spykee,culte-de-la-rive-noire,959,rogue,subtlety,12,10,2
Danori,grim-batol,959,rogue,subtlety,18,10,8
Reichy,ravencrest,959,rogue,subtlety,24,10,14
Mamutyo,kazzak,958,rogue,subtlety,12,10,2
Jussylol,stormscale,958,rogue,subtlety,18,10,8
Jdç,tarren-mill,958,rogue,subtlety,18,10,8
Dimidimi,wildhammer,958,rogue,subtlety,18,10,8
Bountyhunter,malygos,958,rogue,subtlety,18,10,8
Sshaka,tarren-mill,958,rogue,subtlety,18,10,8
Ruckusxx,ravencrest,957,rogue,subtlety,15,11,4
Clinz,ravencrest,956,rogue,subtlety,24,10,14
Dredge,kaelthas,955,rogue,subtlety,18,10,8
Ilyrya,azuremyst,955,rogue,subtlety,18,10,8
Øê,ravencrest,955,rogue,subtlety,21,10,11
Zordochrog,kazzak,955,rogue,subtlety,24,10,14
Psg,argent-dawn,955,rogue,subtlety,25,10,15
Zëkke,sanguino,954,rogue,subtlety,16,11,5
Helcof,emerald-dream,951,rogue,subtlety,24,10,14
Souldreader,draenor,950,rogue,subtlety,12,10,2
Bzuco,tarren-mill,950,rogue,subtlety,12,10,2
Baldim,silvermoon,949,rogue,subtlety,19,10,9
Gìngèr,kazzak,948,rogue,subtlety,18,10,8
Zakarïa,draenor,944,rogue,subtlety,18,10,8
Mídnight,khaz-modan,943,rogue,subtlety,24,10,14
Синграйм,soulflayer,942,rogue,subtlety,48,26,22
Prøven,archimonde,940,rogue,subtlety,30,10,20
Mishøna,kazzak,939,rogue,subtlety,73,41,32
Ramone,ravencrest,935,rogue,subtlety,19,11,8
Rêdbello,dun-morogh,934,rogue,subtlety,75,39,36
Аутянин,soulflayer,934,rogue,subtlety,43,10,33
Sheyrrà,aegwynn,931,rogue,subtlety,30,10,20
Sentaria,argent-dawn,930,rogue,subtlety,60,31,29
Omeger,thrall,927,rogue,subtlety,23,10,13
Owoaho,eonar,926,rogue,subtlety,24,14,10
Снарки,booty-bay,925,rogue,subtlety,64,31,33
Banginghard,dunemaul,923,rogue,subtlety,22,11,11
Kalstab,silvermoon,922,rogue,subtlety,20,11,9
Kidneyqt,thrall,921,rogue,subtlety,23,10,13
Oshä,dalaran,919,rogue,subtlety,18,10,8
Thenotorious,shadowsong,917,rogue,subtlety,28,10,18
Strikes,eredar,915,rogue,subtlety,30,16,14
Juuzou,outland,910,rogue,subtlety,23,10,13
Hemorhoid,outland,909,rogue,subtlety,102,52,50
Sensule,darkspear,908,rogue,subtlety,23,10,13
Shaadowz,ragnaros,905,rogue,subtlety,38,20,18
Oazo,ysondre,904,rogue,subtlety,77,31,46
Wìzléy,ravencrest,901,rogue,subtlety,63,32,31
Cabalion,draenor,900,rogue,subtlety,30,16,14
Sødø,silvermoon,900,rogue,subtlety,42,21,21
Trinchö,sanguino,894,rogue,subtlety,56,25,31
Lenwe,blackmoore,892,rogue,subtlety,24,10,14
Saroumani,eitrigg,891,rogue,subtlety,30,16,14
Эренх,gordunni,887,rogue,subtlety,151,76,75
Snake,nethersturm,884,rogue,subtlety,51,15,36
Lolblizard,gorgonnash,881,rogue,subtlety,21,12,9
Liquidgaba,ravencrest,878,rogue,subtlety,78,37,41
Davshadows,magtheridon,876,rogue,subtlety,48,22,26
Ракельяр,blackscar,875,rogue,subtlety,15,11,4
Mortdorei,argent-dawn,866,rogue,subtlety,97,47,50
Гаротка,razuvious,864,rogue,subtlety,12,9,3
Kostik,ravencrest,864,rogue,subtlety,12,9,3
Фрозенденс,gordunni,864,rogue,subtlety,12,9,3
Sneakysáp,ravencrest,864,rogue,subtlety,12,9,3
Анми,gordunni,864,rogue,subtlety,12,9,3
Hængøver,antonidas,864,rogue,subtlety,12,9,3
Geá,ravencrest,864,rogue,subtlety,18,9,9
Ðéstr,ravencrest,864,rogue,subtlety,18,9,9
Nasklagatv,rashgarroth,864,rogue,subtlety,18,9,9
Rúckus,ravencrest,864,rogue,subtlety,18,9,9
Draytonlove,nemesis,864,rogue,subtlety,18,9,9
Dagyhy,the-maelstrom,864,rogue,subtlety,24,9,15
Visegrád,aggra-português,863,rogue,subtlety,12,9,3
Ambulances,kazzak,863,rogue,subtlety,12,9,3
Behêmoth,hyjal,863,rogue,subtlety,12,9,3
Astereex,sylvanas,863,rogue,subtlety,12,9,3
Gserog,chamber-of-aspects,863,rogue,subtlety,12,9,3
Рэкрейвон,gordunni,863,rogue,subtlety,18,9,9
Buffassa,ravencrest,863,rogue,subtlety,18,9,9
Skullboy,blackmoore,863,rogue,subtlety,18,9,9
Alleyezonme,stormscale,863,rogue,subtlety,18,9,9
Monstermads,kazzak,863,rogue,subtlety,18,9,9
Tonu,sanguino,863,rogue,subtlety,18,9,9
Lenani,blackrock,863,rogue,subtlety,18,9,9
Stabbingpunk,ravencrest,863,rogue,subtlety,18,9,9
Oguru,eredar,863,rogue,subtlety,18,9,9
Cozu,stormrage,863,rogue,subtlety,104,51,53
Vennomous,darkspear,862,rogue,subtlety,18,9,9
Oldschool,sanguino,862,rogue,subtlety,18,9,9
Asdfqwerty,ravencrest,862,rogue,subtlety,24,9,15
Neverdyingx,ragnaros,862,rogue,subtlety,24,9,15
Crixor,blackrock,861,rogue,subtlety,12,9,3
Isodad,kazzak,861,rogue,subtlety,18,9,9
Duffbeer,silvermoon,861,rogue,subtlety,18,9,9
Fwizk,twisting-nether,861,rogue,subtlety,18,9,9
Lêvi,outland,861,rogue,subtlety,18,9,9
Hajdit,frostmourne,860,rogue,subtlety,15,10,5
Shinkillua,archimonde,860,rogue,subtlety,18,9,9
Eightball,frostmane,859,rogue,subtlety,18,9,9
Schärrehänd,blackrock,859,rogue,subtlety,18,9,9
Pøpsmoke,outland,858,rogue,subtlety,18,9,9
Куцитар,gordunni,858,rogue,subtlety,18,9,9
Sequoja,blackrock,858,rogue,subtlety,24,9,15
Omêrta,blackmoore,855,rogue,subtlety,24,9,15
Антиппод,razuvious,854,rogue,subtlety,15,10,5
Тучс,gordunni,853,rogue,subtlety,19,9,10
Goldenblitz,blackmoore,853,rogue,subtlety,30,9,21
Djinnx,malganis,850,rogue,subtlety,30,9,21
Rouge,der-rat-von-dalaran,849,rogue,subtlety,18,9,9
Waluuz,silvermoon,847,rogue,subtlety,23,9,14
Shababe,tirion,846,rogue,subtlety,12,9,3
Kikkshifter,zuluhed,845,rogue,subtlety,24,11,13
Vanquish,laughing-skull,844,rogue,subtlety,12,9,3
Onemine,sanguino,831,rogue,subtlety,17,10,7
Пандафей,deathweaver,831,rogue,subtlety,24,9,15
Lastkiss,aggramar,828,rogue,subtlety,17,9,8
Aeønaxx,hyjal,827,rogue,subtlety,76,32,44
Tnk,twisting-nether,817,rogue,subtlety,18,10,8
Энтерсэндман,blackscar,815,rogue,subtlety,17,9,8
Roguevatar,quelthalas,814,rogue,subtlety,24,9,15
Jabbo,silvermoon,809,rogue,subtlety,29,9,20
Тираэлюшка,thermaplugg,799,rogue,subtlety,16,9,7
Ashâa,hyjal,799,rogue,subtlety,18,9,9
Jénny,sylvanas,799,rogue,subtlety,74,34,40
Hahårry,ravencrest,797,rogue,subtlety,20,9,11
Singularität,silvermoon,796,rogue,subtlety,27,11,16
Houston,aegwynn,792,rogue,subtlety,20,9,11
Ergaviota,colinas-pardas,790,rogue,subtlety,54,12,42
Ecray,burning-legion,784,rogue,subtlety,74,34,40
Kerim,antonidas,768,rogue,subtlety,12,8,4
Tilikum,pozzo-delleternità,768,rogue,subtlety,12,8,4
Devourswine,argent-dawn,768,rogue,subtlety,12,8,4
Digmore,drakthul,768,rogue,subtlety,12,8,4
Фрозенблейдс,gordunni,768,rogue,subtlety,12,8,4
Rogxy,blackrock,768,rogue,subtlety,12,8,4
Rannec,der-rat-von-dalaran,768,rogue,subtlety,12,8,4
Djdillá,kazzak,768,rogue,subtlety,12,8,4
Whoton,archimonde,768,rogue,subtlety,16,9,7
Misttrogue,hyjal,768,rogue,subtlety,18,8,10
Lesbinan,kazzak,768,rogue,subtlety,18,8,10
Zoodiac,khazgoroth,768,rogue,subtlety,18,8,10
Slonerbrah,ravencrest,768,rogue,subtlety,18,8,10
Sapco,ravencrest,768,rogue,subtlety,18,8,10
Zygzäg,hyjal,768,rogue,subtlety,18,8,10
Ðelvin,dalaran,768,rogue,subtlety,18,8,10
Amuini,magtheridon,768,rogue,subtlety,18,8,10
Nîllá,blackmoore,768,rogue,subtlety,18,8,10
Slayered,burning-legion,768,rogue,subtlety,24,8,16
Ferrãof,aggra-português,767,rogue,subtlety,12,8,4
Huro,aggramar,767,rogue,subtlety,12,8,4
Neyokqt,blackrock,767,rogue,subtlety,12,8,4
Bízkit,stormscale,767,rogue,subtlety,12,8,4
Missàh,archimonde,767,rogue,subtlety,12,8,4
Cirell,tarren-mill,767,rogue,subtlety,18,8,10
Mdadx,stormreaver,767,rogue,subtlety,18,8,10
Unbanmepls,ravencrest,767,rogue,subtlety,18,8,10
Ðrxy,outland,767,rogue,subtlety,18,8,10
Rekki,terokkar,767,rogue,subtlety,18,8,10
Yunalescax,outland,767,rogue,subtlety,18,8,10
Whîspêr,ravencrest,767,rogue,subtlety,24,8,16
Mns,drakthul,767,rogue,subtlety,24,8,16
Хаймох,gordunni,767,rogue,subtlety,30,8,22
Batskcab,blackmoore,767,rogue,subtlety,30,8,22
Chazsakaï,chogall,766,rogue,subtlety,12,8,4
Фалвир,howling-fjord,766,rogue,subtlety,12,8,4
Baradiir,defias-brotherhood,766,rogue,subtlety,12,8,4
Чернабаев,soulflayer,766,rogue,subtlety,12,8,4
Ytaku,stormscale,766,rogue,subtlety,13,8,5
Jkrx,draenor,766,rogue,subtlety,18,8,10
Faptastíc,blackmoore,766,rogue,subtlety,18,8,10
Dræmz,twisting-nether,765,rogue,subtlety,12,8,4
Cenvadois,blackmoore,765,rogue,subtlety,18,8,10
Azg,chogall,765,rogue,subtlety,18,8,10
Лоулайф,soulflayer,765,rogue,subtlety,18,8,10
Poughkeepsie,outland,765,rogue,subtlety,18,8,10
Люняшка,booty-bay,765,rogue,subtlety,18,8,10
Lupos,anubarak,765,rogue,subtlety,24,8,16
Behiq,aggramar,764,rogue,subtlety,12,8,4
Pirry,sanguino,764,rogue,subtlety,12,8,4
Purexrogue,dragonblight,764,rogue,subtlety,18,8,10
Kruuv,dun-morogh,764,rogue,subtlety,18,8,10
Chuckloriss,garona,764,rogue,subtlety,18,8,10
Johncéná,stormscale,764,rogue,subtlety,18,8,10
Ojisanx,outland,764,rogue,subtlety,24,8,16
Rúgur,twisting-nether,762,rogue,subtlety,12,8,4
Akcell,silvermoon,762,rogue,subtlety,12,8,4
Lylestra,neptulon,762,rogue,subtlety,24,8,16
Stabwøund,the-maelstrom,761,rogue,subtlety,12,8,4
Haregan,gorgonnash,756,rogue,subtlety,12,8,4
Abomïñatïøñ,ravencrest,754,rogue,subtlety,72,25,47
Rifinou,archimonde,753,rogue,subtlety,12,8,4
Всечтобыло,howling-fjord,748,rogue,subtlety,12,8,4
Yenzie,dragonblight,745,rogue,subtlety,18,8,10
Shurkan,antonidas,744,rogue,subtlety,18,8,10
Madnessbg,tarren-mill,743,rogue,subtlety,15,9,6
Zobrak,twisting-nether,731,rogue,subtlety,18,10,8
Skene,sanguino,725,rogue,subtlety,46,16,30
Азунайт,ashenvale,718,rogue,subtlety,17,8,9
Gizr,haomarush,717,rogue,subtlety,47,17,30
Briggo,silvermoon,714,rogue,subtlety,23,9,14
Natekoti,kazzak,714,rogue,subtlety,42,10,32
Nakli,antonidas,713,rogue,subtlety,21,9,12
Faable,silvermoon,709,rogue,subtlety,59,19,40
Zygzåg,hyjal,703,rogue,subtlety,11,8,3
Allchatoff,drakthul,703,rogue,subtlety,11,8,3
Loax,archimonde,703,rogue,subtlety,17,8,9
Войенх,gordunni,703,rogue,subtlety,22,8,14
Naiikaii,aegwynn,688,rogue,subtlety,14,8,6
Skimpy,stormscale,672,rogue,subtlety,12,7,5
Corpsbeau,ysondre,672,rogue,subtlety,12,7,5
Kolto,argent-dawn,672,rogue,subtlety,12,7,5
Liquidcity,ravencrest,672,rogue,subtlety,12,7,5
Zyggz,hyjal,672,rogue,subtlety,12,7,5
Cucumber,laughing-skull,672,rogue,subtlety,12,7,5
Caípi,frostwolf,672,rogue,subtlety,12,7,5
Триплсап,howling-fjord,672,rogue,subtlety,12,7,5
Lovethighs,argent-dawn,672,rogue,subtlety,12,7,5
Steal,nemesis,672,rogue,subtlety,12,7,5
Gavranovski,ravencrest,672,rogue,subtlety,12,7,5
Gigasoyboy,auchindoun,672,rogue,subtlety,12,7,5
Sparrowxd,aegwynn,672,rogue,subtlety,12,7,5
Qira,burning-blade,672,rogue,subtlety,12,7,5
Natillaa,dun-modr,672,rogue,subtlety,12,7,5
Fatnutsac,eredar,672,rogue,subtlety,18,7,11
Zappdaddy,frostwolf,672,rogue,subtlety,18,7,11
Rantie,onyxia,672,rogue,subtlety,18,7,11
Kohakugawa,kazzak,672,rogue,subtlety,18,7,11
Rukiia,blackrock,672,rogue,subtlety,18,7,11
Käz,argent-dawn,672,rogue,subtlety,18,7,11
Odrey,aegwynn,671,rogue,subtlety,12,7,5
Zyhmø,archimonde,671,rogue,subtlety,12,7,5
Erx,ragnaros,671,rogue,subtlety,12,7,5
Hyake,zuljin,671,rogue,subtlety,12,7,5
Клоуняша,gordunni,671,rogue,subtlety,12,7,5
Dàgé,twisting-nether,671,rogue,subtlety,12,7,5
Codens,kazzak,671,rogue,subtlety,12,7,5
Cøntfarmer,stormscale,671,rogue,subtlety,12,7,5
Казутора,lich-king,671,rogue,subtlety,12,7,5
Epi,stormrage,671,rogue,subtlety,12,7,5
Qylu,argent-dawn,671,rogue,subtlety,12,7,5
Smörkniven,argent-dawn,671,rogue,subtlety,18,7,11
Later,saurfang,671,rogue,subtlety,18,7,11
Totentánz,silvermoon,671,rogue,subtlety,18,7,11
Roronao,sanguino,671,rogue,subtlety,18,7,11
Shadowgraph,eredar,671,rogue,subtlety,18,7,11
Tybiereus,argent-dawn,671,rogue,subtlety,18,7,11
Guzirogue,azshara,671,rogue,subtlety,18,7,11
Akazuki,alleria,671,rogue,subtlety,18,7,11
Ellira,stormscale,671,rogue,subtlety,18,7,11
Senzus,twisting-nether,671,rogue,subtlety,18,7,11
Evadeez,tarren-mill,671,rogue,subtlety,18,7,11
Késs,aegwynn,671,rogue,subtlety,18,7,11
Сабстил,soulflayer,671,rogue,subtlety,18,7,11
Daggoth,kiljaeden,671,rogue,subtlety,24,7,17
Nøtiçe,kazzak,671,rogue,subtlety,24,7,17
Princip,drakthul,671,rogue,subtlety,24,7,17
Rekaens,sylvanas,670,rogue,subtlety,18,7,11
Shâdow,ravenholdt,670,rogue,subtlety,24,7,17
Takeitèásy,blackrock,670,rogue,subtlety,24,7,17
Пникекс,soulflayer,669,rogue,subtlety,12,7,5
Lepreuchan,archimonde,669,rogue,subtlety,12,7,5
Mozzart,ragnaros,669,rogue,subtlety,18,7,11
Drbackstab,hellfire,669,rogue,subtlety,18,7,11
Elnos,conseil-des-ombres,668,rogue,subtlety,12,7,5
Grinfester,stormscale,668,rogue,subtlety,24,7,17
Niceplan,frostmane,667,rogue,subtlety,13,9,4
Путаюсь,gordunni,667,rogue,subtlety,12,7,5
Shanos,ravencrest,667,rogue,subtlety,12,7,5
Kunigunde,shattered-hand,667,rogue,subtlety,18,7,11
Malfeasance,argent-dawn,667,rogue,subtlety,18,7,11
Cacucoxpahu,kazzak,666,rogue,subtlety,12,7,5
Spinetapper,ravencrest,666,rogue,subtlety,18,7,11
Энвитио,gordunni,665,rogue,subtlety,12,7,5
Celadríe,argent-dawn,665,rogue,subtlety,12,7,5
Bset,zuljin,664,rogue,subtlety,18,7,11
Posaydon,malorne,664,rogue,subtlety,18,7,11
Azkiel,archimonde,663,rogue,subtlety,18,7,11
Eagleyetr,karazhan,662,rogue,subtlety,12,7,5
Misscash,ragnaros,661,rogue,subtlety,12,7,5
Dellya,twisting-nether,660,rogue,subtlety,18,7,11
Snogri,burning-legion,648,rogue,subtlety,24,7,17
Nineball,frostmane,638,rogue,subtlety,17,7,10
Brancovich,magtheridon,638,rogue,subtlety,17,7,10
Шмарамышь,soulflayer,637,rogue,subtlety,14,8,6
Drspectres,tarren-mill,626,rogue,subtlety,78,20,58
Wurzelzepp,blackrock,622,rogue,subtlety,17,7,10
Найсгодх,gordunni,618,rogue,subtlety,17,7,10
Ccrogue,nemesis,618,rogue,subtlety,18,7,11
Иордани,gordunni,617,rogue,subtlety,28,8,20
Biianca,sylvanas,608,rogue,subtlety,16,7,9
Alyannå,culte-de-la-rive-noire,607,rogue,subtlety,11,7,4
Kosmonaut,pozzo-delleternità,607,rogue,subtlety,11,7,4
Øks,culte-de-la-rive-noire,607,rogue,subtlety,16,7,9
Кийян,howling-fjord,606,rogue,subtlety,11,7,4
Фогус,greymane,601,rogue,subtlety,14,8,6
Thiranor,cthun,583,rogue,subtlety,13,7,6
Dixylebanit,outland,576,rogue,subtlety,6,6,0
Wítchblades,ravencrest,576,rogue,subtlety,6,6,0
Radgaa,draenor,576,rogue,subtlety,12,6,6
Àlleyezonme,ravencrest,576,rogue,subtlety,12,6,6
Feradelia,thrall,576,rogue,subtlety,12,6,6
Nícks,tarren-mill,576,rogue,subtlety,12,6,6
Killmani,ravencrest,576,rogue,subtlety,12,6,6
Wtbmeld,tarren-mill,576,rogue,subtlety,12,6,6
Kasualaf,stormscale,576,rogue,subtlety,12,6,6
Nerfalliance,ravencrest,576,rogue,subtlety,12,6,6
Zenone,marécage-de-zangar,576,rogue,subtlety,12,6,6
Уммиикк,goldrinn,576,rogue,subtlety,12,6,6
Akamee,temple-noir,576,rogue,subtlety,12,6,6
Rmp,outland,576,rogue,subtlety,12,6,6
Nephology,ravencrest,576,rogue,subtlety,12,6,6
Prky,doomhammer,576,rogue,subtlety,12,6,6
Джокэссиди,blackscar,576,rogue,subtlety,12,6,6
Ghøßt,outland,576,rogue,subtlety,12,6,6
Gødmõdë,outland,576,rogue,subtlety,12,6,6
Marcel,blackrock,576,rogue,subtlety,12,6,6
Сенямбус,gordunni,576,rogue,subtlety,12,6,6
Deceptionz,ravencrest,576,rogue,subtlety,12,6,6
Cortyup,ravencrest,576,rogue,subtlety,12,6,6
Jabbz,blackhand,576,rogue,subtlety,12,6,6
Wraiith,chogall,576,rogue,subtlety,12,6,6
Veronkierto,stormreaver,576,rogue,subtlety,12,6,6
Ewlynaisbad,ragnaros,576,rogue,subtlety,12,6,6
Leanderrisin,ragnaros,576,rogue,subtlety,12,6,6
Ciosy,blackrock,576,rogue,subtlety,12,6,6
Shinti,eredar,576,rogue,subtlety,12,6,6
Buú,kazzak,576,rogue,subtlety,12,6,6
Daichi,onyxia,576,rogue,subtlety,12,6,6
Hazero,frostmane,576,rogue,subtlety,12,6,6
Soulriver,kelthuzad,576,rogue,subtlety,15,7,8
Whiteløtûs,dun-modr,576,rogue,subtlety,18,6,12
Cêline,silvermoon,576,rogue,subtlety,18,6,12
Andrizle,blackmoore,576,rogue,subtlety,18,6,12
Kerìon,nemesis,576,rogue,subtlety,18,6,12
Cobrâk,archimonde,576,rogue,subtlety,18,6,12
Åvírøñgðd,ravencrest,576,rogue,subtlety,18,6,12
Kleptomaniac,aggra-português,576,rogue,subtlety,18,6,12
Isteria,sylvanas,576,rogue,subtlety,18,6,12
Dîspatchx,defias-brotherhood,576,rogue,subtlety,18,6,12
Celadrie,kazzak,576,rogue,subtlety,18,6,12
Blihhubba,silvermoon,576,rogue,subtlety,24,6,18
Øzs,argent-dawn,576,rogue,subtlety,24,6,18
Jøwy,archimonde,575,rogue,subtlety,12,6,6
Crispflake,frostwolf,575,rogue,subtlety,12,6,6
Melfîce,blackhand,575,rogue,subtlety,12,6,6
Kalix,agamaggan,575,rogue,subtlety,12,6,6
Botnet,blackmoore,575,rogue,subtlety,12,6,6
Snustjuven,stormscale,575,rogue,subtlety,12,6,6
Knivestikker,twisting-nether,575,rogue,subtlety,12,6,6
Eup,outland,575,rogue,subtlety,12,6,6
Igel,antonidas,575,rogue,subtlety,12,6,6
Thatsdmg,blackmoore,575,rogue,subtlety,12,6,6
Kaleigh,grim-batol,575,rogue,subtlety,12,6,6
Bananashow,aegwynn,575,rogue,subtlety,12,6,6
Tason,argent-dawn,575,rogue,subtlety,12,6,6
Lookbehîndu,aegwynn,575,rogue,subtlety,18,6,12
Coolspot,archimonde,575,rogue,subtlety,18,6,12
Lesyria,blackrock,575,rogue,subtlety,18,6,12
Girlname,the-maelstrom,575,rogue,subtlety,18,6,12
Varne,les-sentinelles,575,rogue,subtlety,18,6,12
Zëd,draenor,574,rogue,subtlety,12,6,6
Pavlo,nathrezim,574,rogue,subtlety,19,7,12
Rojiel,die-todeskrallen,574,rogue,subtlety,24,6,18
Sylvielle,azshara,573,rogue,subtlety,12,6,6
Eviroz,culte-de-la-rive-noire,573,rogue,subtlety,12,6,6
Graymyst,outland,573,rogue,subtlety,18,6,12
Wolffgang,dalaran,571,rogue,subtlety,12,6,6
Leukhra,dun-modr,570,rogue,subtlety,12,6,6
Demonrok,stormscale,569,rogue,subtlety,12,6,6
Lêvî,sanguino,569,rogue,subtlety,12,6,6
Gobygoby,naxxramas,568,rogue,subtlety,18,6,12
Drakusus,azshara,567,rogue,subtlety,18,6,12
Grikra,argent-dawn,566,rogue,subtlety,12,6,6
Frézzer,tirion,566,rogue,subtlety,12,6,6
Geroge,sylvanas,566,rogue,subtlety,12,6,6
Rhaacvar,magtheridon,566,rogue,subtlety,12,6,6
Auarg,argent-dawn,565,rogue,subtlety,12,6,6
Rizzardx,ravencrest,565,rogue,subtlety,12,6,6
Rookierook,draenor,565,rogue,subtlety,24,6,18
Sephika,chants-éternels,563,rogue,subtlety,26,9,17
Kaynasi,hyjal,560,rogue,subtlety,36,6,30
Owlcat,argent-dawn,559,rogue,subtlety,18,6,12
Grekén,bronze-dragonflight,558,rogue,subtlety,17,6,11
Puge,norgannon,557,rogue,subtlety,23,6,17
Sizzurp,kargath,555,rogue,subtlety,36,6,30
Пупичудо,howling-fjord,543,rogue,subtlety,17,6,11
Marryhim,blackhand,543,rogue,subtlety,17,6,11
Notwhaazz,ravencrest,528,rogue,subtlety,9,7,2
Malignance,drakthul,511,rogue,subtlety,14,7,7
Saanka,eredar,511,rogue,subtlety,14,6,8
Marcnk,stormscale,511,rogue,subtlety,16,6,10
Stealthr,silvermoon,495,rogue,subtlety,11,6,5
Ripinpiece,outland,494,rogue,subtlety,19,6,13
Øníxßtw,eitrigg,480,rogue,subtlety,6,5,1
Rnkx,dun-modr,480,rogue,subtlety,6,5,1
Madboo,kazzak,480,rogue,subtlety,6,5,1
Araniana,kazzak,480,rogue,subtlety,6,5,1
Sozokujin,ysondre,480,rogue,subtlety,6,5,1
Ðoppex,blackmoore,480,rogue,subtlety,6,5,1
Penetrantos,eredar,480,rogue,subtlety,6,5,1
Фэйкуои,gordunni,480,rogue,subtlety,6,5,1
Mastrmind,twisting-nether,480,rogue,subtlety,6,5,1
Бонястелс,gordunni,480,rogue,subtlety,6,5,1
Deinorsin,outland,480,rogue,subtlety,6,5,1
Rngkillaz,archimonde,480,rogue,subtlety,6,5,1
Storsnasen,frostmane,480,rogue,subtlety,6,5,1
Nightnelly,archimonde,480,rogue,subtlety,9,5,4
Рюджик,soulflayer,480,rogue,subtlety,12,5,7
Protpaladin,sylvanas,480,rogue,subtlety,12,5,7
Fragmint,aggra-português,480,rogue,subtlety,12,5,7
Кмска,soulflayer,480,rogue,subtlety,12,5,7
Mzaa,ravencrest,480,rogue,subtlety,12,5,7
Кашеварить,gordunni,480,rogue,subtlety,12,5,7
Srtumor,zuljin,480,rogue,subtlety,12,5,7
Muzkek,argent-dawn,480,rogue,subtlety,12,5,7
Lurk,saurfang,480,rogue,subtlety,12,5,7
Darkveil,xavius,480,rogue,subtlety,12,5,7
Slicéndicé,wildhammer,480,rogue,subtlety,12,5,7
Øptì,ravencrest,480,rogue,subtlety,12,5,7
Tashunkosapa,xavius,480,rogue,subtlety,12,5,7
Khepaso,sanguino,480,rogue,subtlety,12,5,7
Звиздаттый,blackscar,480,rogue,subtlety,12,5,7
Lëmönhäzë,dun-modr,480,rogue,subtlety,12,5,7
Okiboo,silvermoon,480,rogue,subtlety,12,5,7
Shènz,ysondre,480,rogue,subtlety,12,5,7
Soufraki,tarren-mill,480,rogue,subtlety,12,5,7
Thriva,blackmoore,480,rogue,subtlety,12,5,7
Nhonhonho,silvermoon,480,rogue,subtlety,12,5,7
Фрозеншедов,gordunni,480,rogue,subtlety,12,5,7
Стеллакокс,howling-fjord,480,rogue,subtlety,12,5,7
Киднитучер,fordragon,480,rogue,subtlety,12,5,7
Khazren,ravencrest,480,rogue,subtlety,12,5,7
Takenòtes,nemesis,480,rogue,subtlety,12,5,7
Альтушкаа,gordunni,480,rogue,subtlety,12,5,7
Olivares,ravencrest,480,rogue,subtlety,12,5,7
Prseven,blackmoore,480,rogue,subtlety,12,5,7
Aluneran,silvermoon,480,rogue,subtlety,12,5,7
Xatra,hyjal,480,rogue,subtlety,12,5,7
Blazestórm,stormscale,480,rogue,subtlety,12,5,7
Waakø,todeswache,480,rogue,subtlety,12,5,7
Rsksrb,tarren-mill,480,rogue,subtlety,12,5,7
Menajerie,outland,480,rogue,subtlety,12,5,7
ßuha,stormscale,480,rogue,subtlety,12,5,7
Poizen,steamwheedle-cartel,480,rogue,subtlety,12,5,7
Lanewuquvi,alonsus,480,rogue,subtlety,12,5,7
Loznah,outland,480,rogue,subtlety,12,5,7
Janx,aegwynn,480,rogue,subtlety,12,5,7
Rbgdowngrade,ravencrest,480,rogue,subtlety,12,5,7
Ðefsmøkêz,tyrande,480,rogue,subtlety,18,5,13
Ajwenx,ravencrest,480,rogue,subtlety,18,5,13
Typhoo,ravencrest,480,rogue,subtlety,30,5,25
Andayn,shattered-hand,479,rogue,subtlety,6,5,1
Nanary,blackrock,479,rogue,subtlety,12,5,7
Ryxon,arathor,479,rogue,subtlety,12,5,7
Nøxia,hyjal,479,rogue,subtlety,12,5,7
Raizø,argent-dawn,479,rogue,subtlety,12,5,7
Emìlia,tarren-mill,479,rogue,subtlety,12,5,7
Abrhykoo,hyjal,479,rogue,subtlety,12,5,7
Shiverbane,sargeras,479,rogue,subtlety,12,5,7
Grocco,doomhammer,479,rogue,subtlety,12,5,7
Giftdolken,outland,479,rogue,subtlety,12,5,7
Tsakaloss,doomhammer,479,rogue,subtlety,12,5,7
Ôzzi,draenor,479,rogue,subtlety,12,5,7
Tøxykø,archimonde,479,rogue,subtlety,12,5,7
Sutisong,dun-modr,479,rogue,subtlety,12,5,7
Smorcoolio,stormscale,479,rogue,subtlety,12,5,7
Smøth,ysondre,479,rogue,subtlety,15,6,9
Sayy,nemesis,479,rogue,subtlety,18,5,13
Zyklvn,zuljin,479,rogue,subtlety,18,5,13
Zeroshadow,burning-legion,479,rogue,subtlety,18,5,13
Yuunr,kazzak,478,rogue,subtlety,12,5,7
Чекдесаута,gordunni,478,rogue,subtlety,12,5,7
Soulreapeer,twisting-nether,478,rogue,subtlety,21,6,15
Mozenn,draenor,478,rogue,subtlety,19,5,14
Liirja,twisting-nether,478,rogue,subtlety,30,5,25
Эльтаэрон,gordunni,477,rogue,subtlety,12,5,7
Приколдэсса,gordunni,477,rogue,subtlety,18,5,13
Injux,blackmoore,476,rogue,subtlety,12,5,7
Skeeto,blackmoore,476,rogue,subtlety,18,5,13
Scratcheye,twisting-nether,465,rogue,subtlety,24,5,19
Кумаме,howling-fjord,447,rogue,subtlety,11,5,6
Maitrefurtif,argent-dawn,446,rogue,subtlety,11,5,6
Сексикаесу,soulflayer,431,rogue,subtlety,11,5,6
Iwillberone,ravencrest,431,rogue,subtlety,17,5,12
Asäp,archimonde,426,rogue,subtlety,15,7,8
Itsforme,kazzak,415,rogue,subtlety,14,5,9
Yakku,drakthul,415,rogue,subtlety,20,5,15
Bystroscy,silvermoon,398,rogue,subtlety,10,5,5
Algopyrin,ragnaros,396,rogue,subtlety,13,5,8
Rubberducky,argent-dawn,384,rogue,subtlety,6,4,2
Choclatéosol,archimonde,384,rogue,subtlety,6,4,2
Grens,kazzak,384,rogue,subtlety,6,4,2
Stabmaster,outland,384,rogue,subtlety,6,4,2
Redewolf,argent-dawn,384,rogue,subtlety,6,4,2
Talayr,argent-dawn,384,rogue,subtlety,6,4,2
Körtel,tarren-mill,384,rogue,subtlety,6,4,2
Yörgs,eredar,384,rogue,subtlety,6,4,2
Евриклол,soulflayer,384,rogue,subtlety,6,4,2
Lulune,frostmane,384,rogue,subtlety,6,4,2
Джеанит,gordunni,384,rogue,subtlety,6,4,2
Nacknschelle,thrall,384,rogue,subtlety,6,4,2
Vganzyborg,ravencrest,384,rogue,subtlety,6,4,2
Takiya,ysondre,384,rogue,subtlety,6,4,2
Ocklol,archimonde,384,rogue,subtlety,6,4,2
Letmeplay,ravencrest,384,rogue,subtlety,6,4,2
Djnelly,stormreaver,384,rogue,subtlety,6,4,2
Артимидушка,gordunni,384,rogue,subtlety,6,4,2
Seeralex,anetheron,384,rogue,subtlety,6,4,2
Supremacy,sylvanas,384,rogue,subtlety,6,4,2
Kppz,burning-legion,384,rogue,subtlety,6,4,2
Siele,twisting-nether,384,rogue,subtlety,6,4,2
Ayami,blackhand,384,rogue,subtlety,6,4,2
Rakuwata,the-maelstrom,384,rogue,subtlety,6,4,2
Blckrogue,bloodfeather,384,rogue,subtlety,6,4,2
Тенероби,soulflayer,384,rogue,subtlety,6,4,2
Kilabre,twisting-nether,384,rogue,subtlety,6,4,2
Snýz,darksorrow,384,rogue,subtlety,6,4,2
Zujàz,frostwhisper,384,rogue,subtlety,6,4,2
Wrestlér,sylvanas,384,rogue,subtlety,6,4,2
Ënd,ravencrest,384,rogue,subtlety,6,4,2
Elyndri,archimonde,384,rogue,subtlety,6,4,2
Mol,defias-brotherhood,384,rogue,subtlety,6,4,2
Darx,sunstrider,384,rogue,subtlety,6,4,2
Pirateboi,blades-edge,384,rogue,subtlety,6,4,2
Crystallake,dun-morogh,384,rogue,subtlety,6,4,2
Лолнайт,blackscar,384,rogue,subtlety,6,4,2
Nxnja,silvermoon,384,rogue,subtlety,6,4,2
Møgzu,blackmoore,384,rogue,subtlety,6,4,2
Ðazzrog,archimonde,384,rogue,subtlety,6,4,2
Cawzi,silvermoon,384,rogue,subtlety,6,4,2
Shreya,blackrock,384,rogue,subtlety,6,4,2
Shadowstrìke,silvermoon,384,rogue,subtlety,6,4,2
Irugä,dun-modr,384,rogue,subtlety,6,4,2
Damiian,colinas-pardas,384,rogue,subtlety,6,4,2
Mega,nordrassil,384,rogue,subtlety,6,4,2
Дракакула,blackscar,384,rogue,subtlety,9,5,4
Havitýx,ravencrest,384,rogue,subtlety,9,5,4
Nîmaj,hyjal,384,rogue,subtlety,12,6,6
Vii,defias-brotherhood,384,rogue,subtlety,8,4,4
Kénzos,silvermoon,384,rogue,subtlety,12,4,8
Shnuppah,sylvanas,384,rogue,subtlety,12,4,8
Xanders,draenor,384,rogue,subtlety,12,4,8
Вуцз,gordunni,384,rogue,subtlety,12,4,8
Taishani,thrall,384,rogue,subtlety,12,4,8
Battousai,burning-legion,384,rogue,subtlety,12,4,8
Intrix,draenor,384,rogue,subtlety,12,4,8
Szabina,outland,384,rogue,subtlety,12,4,8
Asmodal,antonidas,384,rogue,subtlety,12,4,8
Nïhal,suramar,384,rogue,subtlety,12,4,8
Aznare,silvermoon,384,rogue,subtlety,12,4,8
Firekry,stormscale,384,rogue,subtlety,12,4,8
Vanisha,outland,384,rogue,subtlety,12,4,8
Disagre,kazzak,384,rogue,subtlety,12,4,8
Skaúr,malganis,384,rogue,subtlety,12,4,8
Saryotv,silvermoon,384,rogue,subtlety,12,4,8
Даняпрекринж,azuregos,384,rogue,subtlety,12,4,8
Нунас,soulflayer,384,rogue,subtlety,12,4,8
Retardèad,darksorrow,384,rogue,subtlety,12,4,8
Misamia,nemesis,384,rogue,subtlety,12,4,8
Skaterboy,stormscale,384,rogue,subtlety,12,4,8
Hyrule,onyxia,384,rogue,subtlety,12,4,8
Senorino,tarren-mill,384,rogue,subtlety,12,4,8
Скэлд,ashenvale,384,rogue,subtlety,12,4,8
Mndx,sylvanas,384,rogue,subtlety,12,4,8
Mînz,twisting-nether,384,rogue,subtlety,12,4,8
Ýýçyka,kazzak,384,rogue,subtlety,12,4,8
Бейнс,howling-fjord,384,rogue,subtlety,12,4,8
Макимак,howling-fjord,384,rogue,subtlety,12,4,8
Fatedancer,outland,384,rogue,subtlety,12,4,8
Noshivz,ragnaros,384,rogue,subtlety,12,4,8
Dévi,twisting-nether,384,rogue,subtlety,12,4,8
Bagirä,sylvanas,384,rogue,subtlety,15,4,11
Backstabjr,blackmoore,384,rogue,subtlety,18,4,14
Subzhero,draenor,384,rogue,subtlety,18,4,14
Очч,blackscar,384,rogue,subtlety,18,4,14
Бллейз,gordunni,384,rogue,subtlety,18,4,14
Plot,zenedar,384,rogue,subtlety,18,4,14
Galore,azjolnerub,384,rogue,subtlety,18,4,14
Vaelaestra,argent-dawn,384,rogue,subtlety,18,4,14
Grris,stormscale,384,rogue,subtlety,24,4,20
Бекро,gordunni,383,rogue,subtlety,6,4,2
Vanishdotcom,blackrock,383,rogue,subtlety,6,4,2
Alovina,stormscale,383,rogue,subtlety,6,4,2
Саулите,deathguard,383,rogue,subtlety,10,4,6
Nomota,sanguino,383,rogue,subtlety,12,4,8
Helsperd,draenor,383,rogue,subtlety,12,4,8
Kalona,ravencrest,383,rogue,subtlety,12,4,8
Grenouillard,chogall,383,rogue,subtlety,18,4,14
Delenor,stormscale,383,rogue,subtlety,18,4,14
Sødï,khaz-modan,382,rogue,subtlety,6,4,2
Belina,draenor,382,rogue,subtlety,6,4,2
Allurinea,silvermoon,382,rogue,subtlety,6,4,2
Twinkyzzö,archimonde,382,rogue,subtlety,12,4,8
Adelr,onyxia,382,rogue,subtlety,12,4,8
Nekros,chromaggus,379,rogue,subtlety,12,4,8
Acronia,ragnaros,367,rogue,subtlety,11,4,7
Shdlens,argent-dawn,351,rogue,subtlety,11,4,7
Mordis,outland,335,rogue,subtlety,11,4,7
Xeløe,hyjal,330,rogue,subtlety,14,5,9
Viiltäjäjack,stormscale,319,rogue,subtlety,8,4,4
Kanilol,eredar,319,rogue,subtlety,8,4,4
Стэйм,gordunni,303,rogue,subtlety,7,4,3
Opiïum,ysondre,303,rogue,subtlety,7,4,3
Synthaetic,draenor,288,rogue,subtlety,6,3,3
Crû,silvermoon,288,rogue,subtlety,6,3,3
Кейнилин,gordunni,288,rogue,subtlety,6,3,3
Mekóz,draenor,288,rogue,subtlety,6,3,3
Vultzy,draenor,288,rogue,subtlety,6,3,3
Tidløs,dun-morogh,288,rogue,subtlety,6,3,3
Iöny,silvermoon,288,rogue,subtlety,6,3,3
Фуфломет,gordunni,288,rogue,subtlety,6,3,3
Sweetcc,amanthul,288,rogue,subtlety,6,3,3
Jawen,silvermoon,288,rogue,subtlety,6,3,3
Vexxey,magtheridon,288,rogue,subtlety,6,3,3
Элисандресса,gordunni,288,rogue,subtlety,6,3,3
Babyrogy,aggra-português,288,rogue,subtlety,6,3,3
Shythairogue,area-52,288,rogue,subtlety,6,3,3
Sethr,blackmoore,288,rogue,subtlety,6,3,3
Gvcci,aegwynn,288,rogue,subtlety,6,3,3
Nerica,kazzak,288,rogue,subtlety,6,3,3
Sâitama,zuljin,288,rogue,subtlety,6,3,3
Klexor,sylvanas,288,rogue,subtlety,6,3,3
Arydir,quelthalas,288,rogue,subtlety,6,3,3
Izzyb,auchindoun,288,rogue,subtlety,6,3,3
Sadgexd,draenor,288,rogue,subtlety,6,3,3
Swiftyfan,silvermoon,288,rogue,subtlety,6,3,3
Checkormate,aegwynn,288,rogue,subtlety,6,3,3
Ezk,eredar,288,rogue,subtlety,6,3,3
Natsukage,blackmoore,288,rogue,subtlety,6,3,3
Sáp,blackmoore,288,rogue,subtlety,6,3,3
Hallogenic,silvermoon,288,rogue,subtlety,6,3,3
Ragroh,burning-legion,288,rogue,subtlety,6,3,3
Beyzqt,antonidas,288,rogue,subtlety,6,3,3
Waakie,frostmane,288,rogue,subtlety,6,3,3
Runár,proudmoore,288,rogue,subtlety,6,3,3
Shadxwstep,ravencrest,288,rogue,subtlety,6,3,3
Finanzamtlg,blackrock,288,rogue,subtlety,6,3,3
Читэри,soulflayer,288,rogue,subtlety,6,3,3
Dumámày,kazzak,288,rogue,subtlety,6,3,3
Horvathzu,ravencrest,288,rogue,subtlety,6,3,3
Кеспул,soulflayer,288,rogue,subtlety,6,3,3
Smäshiboy,blackrock,288,rogue,subtlety,6,3,3
Jèlly,outland,288,rogue,subtlety,6,3,3
Disembowel,ravencrest,288,rogue,subtlety,6,3,3
Nezukóchan,ravencrest,288,rogue,subtlety,6,3,3
Dezirae,silvermoon,288,rogue,subtlety,6,3,3
Candyshot,thrall,288,rogue,subtlety,6,3,3
Cylizr,stormscale,288,rogue,subtlety,6,3,3
Royalflux,grim-batol,288,rogue,subtlety,6,3,3
Marwyn,laughing-skull,288,rogue,subtlety,6,3,3
Redork,twisting-nether,288,rogue,subtlety,6,3,3
Synergize,stormreaver,288,rogue,subtlety,6,3,3
Xhemil,tarren-mill,288,rogue,subtlety,6,3,3
Nhèl,stormscale,288,rogue,subtlety,6,3,3
Brzlik,stormscale,288,rogue,subtlety,6,3,3
Garou,blackhand,288,rogue,subtlety,6,3,3
Vïn,anachronos,288,rogue,subtlety,6,3,3
Seregolas,argent-dawn,288,rogue,subtlety,6,3,3
Vanisshh,hyjal,288,rogue,subtlety,6,3,3
Roguanal,hyjal,288,rogue,subtlety,6,3,3
Røguøross,archimonde,288,rogue,subtlety,6,3,3
Jeanklanche,archimonde,288,rogue,subtlety,6,3,3
Peeon,drakthul,288,rogue,subtlety,6,3,3
Unkempt,argent-dawn,288,rogue,subtlety,6,3,3
Lorinthel,argent-dawn,288,rogue,subtlety,6,3,3
Pretylo,marécage-de-zangar,288,rogue,subtlety,6,3,3
Pocketpaw,stormreaver,288,rogue,subtlety,6,3,3
Skrbke,tarren-mill,288,rogue,subtlety,6,3,3
Ãkz,hyjal,288,rogue,subtlety,6,3,3
Ssjblacklolz,kaelthas,288,rogue,subtlety,9,4,5
Uareincombat,drakthul,288,rogue,subtlety,11,3,8
Kongnognog,ragnaros,288,rogue,subtlety,12,3,9
Cbrook,sylvanas,288,rogue,subtlety,12,3,9
Rufinol,twisting-nether,288,rogue,subtlety,12,3,9
Vancleéf,sylvanas,288,rogue,subtlety,12,3,9
Ристоврация,gordunni,288,rogue,subtlety,12,3,9
Воробнальщик,soulflayer,288,rogue,subtlety,12,3,9
Izame,archimonde,288,rogue,subtlety,12,3,9
Bú,nemesis,288,rogue,subtlety,12,3,9
Kïbs,dalaran,288,rogue,subtlety,12,3,9
Тарний,gordunni,288,rogue,subtlety,12,3,9
Kenchio,elune,288,rogue,subtlety,12,3,9
Volyavolume,ravencrest,288,rogue,subtlety,12,3,9
Zappdead,frostwolf,288,rogue,subtlety,12,3,9
Faded,terokkar,288,rogue,subtlety,12,3,9
Nÿst,khaz-modan,288,rogue,subtlety,12,3,9
Ñú,ravencrest,288,rogue,subtlety,12,3,9
Alexius,kazzak,288,rogue,subtlety,12,3,9
Envenoman,ravencrest,288,rogue,subtlety,12,3,9
Hertyso,outland,288,rogue,subtlety,12,3,9
Kiksi,ravencrest,288,rogue,subtlety,12,3,9
Byaow,ravencrest,288,rogue,subtlety,12,3,9
Zoldyck,bloodhoof,288,rogue,subtlety,12,3,9
Bîgbîzeps,thrall,288,rogue,subtlety,12,3,9
Razcallz,arthas,288,rogue,subtlety,12,3,9
Skíll,sanguino,288,rogue,subtlety,12,3,9
Cabbagerolls,argent-dawn,288,rogue,subtlety,12,3,9
Snøv,outland,288,rogue,subtlety,12,3,9
Donchichi,archimonde,288,rogue,subtlety,12,3,9
Chililôl,dun-modr,288,rogue,subtlety,12,3,9
Luigitama,dun-modr,288,rogue,subtlety,12,3,9
Pestctrl,argent-dawn,288,rogue,subtlety,12,3,9
Nohks,blackmoore,288,rogue,subtlety,12,3,9
Carnagè,dentarg,288,rogue,subtlety,12,3,9
Hikorust,drakthul,288,rogue,subtlety,12,3,9
Xéshon,tarren-mill,288,rogue,subtlety,12,3,9
Sinxgødx,outland,288,rogue,subtlety,18,3,15
Surinamort,voljin,288,rogue,subtlety,18,3,15
Shåkø,tarren-mill,287,rogue,subtlety,6,3,3
Téhashcéé,archimonde,287,rogue,subtlety,6,3,3
Rálvius,blackrock,287,rogue,subtlety,6,3,3
Styggvanas,tarren-mill,287,rogue,subtlety,15,4,11
Боузи,howling-fjord,287,rogue,subtlety,12,3,9
Котуй,borean-tundra,287,rogue,subtlety,12,3,9
Darkolive,defias-brotherhood,287,rogue,subtlety,13,3,10
Djsapblindx,archimonde,287,rogue,subtlety,18,3,15
Furrooscuro,sanguino,287,rogue,subtlety,18,3,15
Celenium,chogall,287,rogue,subtlety,24,3,21
Jontor,deathwing,286,rogue,subtlety,12,3,9
Raneya,antonidas,286,rogue,subtlety,18,3,15
Rafax,cthun,285,rogue,subtlety,12,3,9
Cälisto,drakthul,271,rogue,subtlety,9,5,4
Madlain,jaedenar,255,rogue,subtlety,8,4,4
Pis,nagrand,255,rogue,subtlety,8,4,4
Trinketeflag,archimonde,239,rogue,subtlety,5,3,2
Pinnar,blackmoore,234,rogue,subtlety,8,4,4
Shadôwcraft,outland,234,rogue,subtlety,8,4,4
Boornys,burning-legion,224,rogue,subtlety,10,3,7
Piperx,ravencrest,223,rogue,subtlety,8,3,5
Ggyoulowbro,blackmoore,208,rogue,subtlety,7,3,4
Songoro,tirion,192,rogue,subtlety,9,3,6
Loom,sylvanas,192,rogue,subtlety,9,3,6
Imnotnice,terenas,192,rogue,subtlety,9,3,6
Le,stormreaver,192,rogue,subtlety,6,2,4
Lenây,blackmoore,192,rogue,subtlety,6,2,4
Nichrome,silvermoon,192,rogue,subtlety,6,2,4
Sigleif,argent-dawn,192,rogue,subtlety,6,2,4
Psajcho,ragnaros,192,rogue,subtlety,6,2,4
Pottomzola,ragnaros,192,rogue,subtlety,6,2,4
Wrathed,stormreaver,192,rogue,subtlety,6,2,4
Revisiôn,tarren-mill,192,rogue,subtlety,6,2,4
Hàze,sargeras,192,rogue,subtlety,6,2,4
Brinvilliers,aegwynn,192,rogue,subtlety,6,2,4
Stealthyist,darkmoon-faire,192,rogue,subtlety,6,2,4
Malvaxxs,tarren-mill,192,rogue,subtlety,6,2,4
Knezr,silvermoon,192,rogue,subtlety,6,2,4
Voices,dentarg,192,rogue,subtlety,6,2,4
Fumai,blackmoore,192,rogue,subtlety,6,2,4
Censørd,steamwheedle-cartel,192,rogue,subtlety,6,2,4
Giftknirps,silvermoon,192,rogue,subtlety,6,2,4
Enoìla,blackmoore,192,rogue,subtlety,6,2,4
Вэндиго,deathweaver,192,rogue,subtlety,6,2,4
Ksunq,hyjal,192,rogue,subtlety,6,2,4
Recondite,doomhammer,192,rogue,subtlety,6,2,4
Leviathann,doomhammer,192,rogue,subtlety,6,2,4
Kyupi,hyjal,192,rogue,subtlety,6,2,4
Illmindofboo,twisting-nether,192,rogue,subtlety,6,2,4
Røxxilly,blackmoore,192,rogue,subtlety,6,2,4
Feylia,terenas,192,rogue,subtlety,6,2,4
Selecta,bloodhoof,192,rogue,subtlety,6,2,4
Etro,argent-dawn,192,rogue,subtlety,6,2,4
Syniel,conseil-des-ombres,192,rogue,subtlety,6,2,4
Rehab,draenor,192,rogue,subtlety,6,2,4
Steálth,silvermoon,192,rogue,subtlety,6,2,4
Caská,blackhand,192,rogue,subtlety,6,2,4
Гамбиит,gordunni,192,rogue,subtlety,6,2,4
Inviscuz,draenor,192,rogue,subtlety,6,2,4
Møve,blackhand,192,rogue,subtlety,6,2,4
Ackyrogue,ysondre,192,rogue,subtlety,6,2,4
Рикимартини,gordunni,192,rogue,subtlety,6,2,4
Sêrgi,minahonda,192,rogue,subtlety,6,2,4
Canelitae,minahonda,192,rogue,subtlety,6,2,4
Schadostep,archimonde,192,rogue,subtlety,6,2,4
Голадриель,gordunni,192,rogue,subtlety,6,2,4
Blóodless,stormscale,192,rogue,subtlety,6,2,4
Miisterkaka,stormscale,192,rogue,subtlety,6,2,4
Грустныйрог,gordunni,192,rogue,subtlety,6,2,4
Ноумингод,gordunni,192,rogue,subtlety,6,2,4
Медиивэл,deepholm,192,rogue,subtlety,6,2,4
Sizzla,die-nachtwache,192,rogue,subtlety,6,2,4
Azulérà,elune,192,rogue,subtlety,6,2,4
Nefqq,stormscale,192,rogue,subtlety,6,2,4
Унижака,deathguard,192,rogue,subtlety,6,2,4
Yulitz,dun-modr,192,rogue,subtlety,6,2,4
Sohnisch,azshara,192,rogue,subtlety,6,2,4
Renyth,argent-dawn,192,rogue,subtlety,6,2,4
Stigh,twisting-nether,192,rogue,subtlety,6,2,4
Epidemic,stormscale,192,rogue,subtlety,6,2,4
Elthalulz,illidan,192,rogue,subtlety,6,2,4
Ît,stormscale,192,rogue,subtlety,6,2,4
Gosleep,stormscale,192,rogue,subtlety,6,2,4
Trytocapnoob,stormscale,192,rogue,subtlety,6,2,4
Fálke,dun-modr,192,rogue,subtlety,6,2,4
Hade,stormscale,192,rogue,subtlety,6,2,4
Скиррона,gordunni,192,rogue,subtlety,6,2,4
Mdvmachines,nemesis,192,rogue,subtlety,6,2,4
Jæto,ravencrest,192,rogue,subtlety,6,2,4
Bendegúzz,ravencrest,192,rogue,subtlety,6,2,4
Aëlynn,la-croisade-écarlate,192,rogue,subtlety,6,2,4
Louier,outland,192,rogue,subtlety,6,2,4
Deadchivalry,argent-dawn,192,rogue,subtlety,6,2,4
Navaton,sanguino,192,rogue,subtlety,6,2,4
Dhayna,shendralar,192,rogue,subtlety,6,2,4
Zte,frostmane,192,rogue,subtlety,6,2,4
Ежикх,soulflayer,192,rogue,subtlety,6,2,4
Ayatsuji,nemesis,192,rogue,subtlety,6,2,4
Misimisi,sanguino,192,rogue,subtlety,6,2,4
Gameøvr,sanguino,192,rogue,subtlety,6,2,4
Дзендэр,soulflayer,192,rogue,subtlety,6,2,4
Achterom,outland,192,rogue,subtlety,6,2,4
Выебузадницу,soulflayer,192,rogue,subtlety,6,2,4
Ibz,kazzak,192,rogue,subtlety,6,2,4
Chokee,blackrock,192,rogue,subtlety,6,2,4
Rilöded,ravencrest,192,rogue,subtlety,6,2,4
Liix,ravencrest,192,rogue,subtlety,6,2,4
Mècr,outland,192,rogue,subtlety,6,2,4
Sqc,ravencrest,192,rogue,subtlety,6,2,4
Каверзати,howling-fjord,192,rogue,subtlety,6,2,4
Bleix,sanguino,192,rogue,subtlety,6,2,4
Subaslaw,ravencrest,192,rogue,subtlety,6,2,4
Kylìemirogue,blackrock,192,rogue,subtlety,6,2,4
Katara,antonidas,192,rogue,subtlety,6,2,4
Kìnsley,archimonde,192,rogue,subtlety,6,2,4
Reyzumi,antonidas,192,rogue,subtlety,6,2,4
Колстар,howling-fjord,192,rogue,subtlety,6,2,4
Evilbiscuit,quelthalas,192,rogue,subtlety,6,2,4
Creepydude,burning-legion,192,rogue,subtlety,6,2,4
Рогаупорога,howling-fjord,192,rogue,subtlety,6,2,4
Pøggerhontas,antonidas,192,rogue,subtlety,6,2,4
Hellborne,alakir,192,rogue,subtlety,6,2,4
Lilsalad,ravencrest,192,rogue,subtlety,6,2,4
Psychørogue,antonidas,192,rogue,subtlety,6,2,4
Isseen,burning-legion,192,rogue,subtlety,6,2,4
Botsrogue,kazzak,192,rogue,subtlety,6,2,4
Sykin,eredar,192,rogue,subtlety,6,2,4
Breuss,elune,192,rogue,subtlety,6,2,4
Greiskull,cthun,192,rogue,subtlety,15,3,12
Cøsmøz,dalaran,192,rogue,subtlety,12,2,10
Pandagonstab,shadowsong,192,rogue,subtlety,12,2,10
Zongshroud,archimonde,192,rogue,subtlety,12,2,10
Shènzo,tarren-mill,192,rogue,subtlety,12,2,10
Shaklyn,antonidas,192,rogue,subtlety,12,2,10
Destrektor,kazzak,192,rogue,subtlety,12,2,10
Refundlands,kazzak,192,rogue,subtlety,12,2,10
Падинайди,howling-fjord,192,rogue,subtlety,12,2,10
Bauwten,ravencrest,192,rogue,subtlety,12,2,10
Gorkamorki,stormscale,192,rogue,subtlety,12,2,10
Acheravar,antonidas,192,rogue,subtlety,12,2,10
Verk,twilights-hammer,192,rogue,subtlety,12,2,10
Waistêd,ravencrest,192,rogue,subtlety,12,2,10
Deróthus,arathor,192,rogue,subtlety,12,2,10
Мутина,galakrond,192,rogue,subtlety,12,2,10
Könän,dalaran,192,rogue,subtlety,12,2,10
Килрилон,lich-king,192,rogue,subtlety,12,2,10
Nomad,sylvanas,192,rogue,subtlety,12,2,10
Tàazz,archimonde,192,rogue,subtlety,12,2,10
Кингксу,gordunni,192,rogue,subtlety,12,2,10
Thurgodd,silvermoon,192,rogue,subtlety,12,2,10
Erèlenn,draenor,192,rogue,subtlety,12,2,10
Jackpot,sargeras,192,rogue,subtlety,12,2,10
Бигсмурф,gordunni,192,rogue,subtlety,12,2,10
Verstopt,azjolnerub,192,rogue,subtlety,12,2,10
Кизо,blackscar,192,rogue,subtlety,12,2,10
Cramzes,defias-brotherhood,192,rogue,subtlety,12,2,10
Shacopaco,zuljin,192,rogue,subtlety,12,2,10
Grogun,tyrande,192,rogue,subtlety,14,2,12
Afrodittan,dun-modr,192,rogue,subtlety,16,2,14
Moustache,outland,191,rogue,subtlety,6,2,4
Mamus,tarren-mill,191,rogue,subtlety,6,2,4
Roxley,der-mithrilorden,191,rogue,subtlety,12,2,10
Killboom,rexxar,191,rogue,subtlety,12,2,10
Røsenstërn,ravencrest,191,rogue,subtlety,12,2,10
Гароона,blackscar,159,rogue,subtlety,5,2,3
Julekos,ravenholdt,159,rogue,subtlety,5,2,3
Cutscene,argent-dawn,159,rogue,subtlety,5,2,3
Biggut,khadgar,144,rogue,subtlety,3,3,0
Paranoiaqt,outland,144,rogue,subtlety,9,2,7
Sicu,malganis,138,rogue,subtlety,10,4,6
Projectindex,malganis,138,rogue,subtlety,10,4,6
Macon,arthas,138,rogue,subtlety,18,4,14
Fatzaky,turalyon,138,rogue,subtlety,14,3,11
Núb,burning-blade,138,rogue,subtlety,15,3,12
Earnedblood,kazzak,128,rogue,subtlety,4,2,2
Vanthir,drakthul,128,rogue,subtlety,4,2,2
Pzylol,anetheron,96,rogue,subtlety,3,2,1
Daunt,antonidas,96,rogue,subtlety,6,1,5
Fintex,ravencrest,96,rogue,subtlety,6,1,5
Maybejaydeen,ravencrest,96,rogue,subtlety,6,1,5
Menzo,ravencrest,96,rogue,subtlety,6,1,5
Тимкок,soulflayer,96,rogue,subtlety,6,1,5
Jokis,uldum,96,rogue,subtlety,6,1,5
Letheus,stormscale,96,rogue,subtlety,6,1,5
Loulina,outland,96,rogue,subtlety,6,1,5
Tyranoxoth,stormscale,96,rogue,subtlety,6,1,5
Øpti,ravencrest,96,rogue,subtlety,6,1,5
Sumcrit,ravencrest,96,rogue,subtlety,6,1,5
Proesis,ravencrest,96,rogue,subtlety,6,1,5
Tebzr,ravencrest,96,rogue,subtlety,6,1,5
Новиччокк,gordunni,96,rogue,subtlety,6,1,5
Lotthbrok,uldum,96,rogue,subtlety,6,1,5
Invisage,grim-batol,96,rogue,subtlety,6,1,5
Hellhydra,draenor,96,rogue,subtlety,6,1,5
Gögel,draenor,96,rogue,subtlety,6,1,5
Malborko,ravencrest,96,rogue,subtlety,6,1,5
Schleichor,aegwynn,96,rogue,subtlety,6,1,5
Lookbehindu,stormscale,96,rogue,subtlety,6,1,5
Гламурятина,gordunni,96,rogue,subtlety,6,1,5
Depleter,outland,96,rogue,subtlety,6,1,5
Ðarkbleeds,ravencrest,96,rogue,subtlety,6,1,5
Neskagrall,aegwynn,96,rogue,subtlety,6,1,5
Retaya,draenor,96,rogue,subtlety,6,1,5
Àrléngødx,kazzak,96,rogue,subtlety,6,1,5
Настябэкстаб,gordunni,96,rogue,subtlety,6,1,5
Clownsap,blackhand,96,rogue,subtlety,6,1,5
Dáydreamín,draenor,96,rogue,subtlety,6,1,5
Durret,aggra-português,96,rogue,subtlety,6,1,5
Førtñîtégøðx,eredar,96,rogue,subtlety,6,1,5
Une,quelthalas,96,rogue,subtlety,6,1,5
Genesiz,sylvanas,96,rogue,subtlety,6,1,5
Theone,sanguino,96,rogue,subtlety,6,1,5
Sprayze,doomhammer,96,rogue,subtlety,6,1,5
Ótsutsukí,kazzak,96,rogue,subtlety,6,1,5
Стронг,soulflayer,96,rogue,subtlety,6,1,5
Chøsen,stormscale,96,rogue,subtlety,6,1,5
Outride,outland,96,rogue,subtlety,6,1,5
Slashendash,outland,96,rogue,subtlety,6,1,5
Sørä,ragnaros,96,rogue,subtlety,6,1,5
Darkkstep,blackmoore,96,rogue,subtlety,6,1,5
Элонли,gordunni,96,rogue,subtlety,6,1,5
Teldruil,illidan,96,rogue,subtlety,6,1,5
Trxë,twisting-nether,96,rogue,subtlety,6,1,5
Qikerip,drekthar,96,rogue,subtlety,6,1,5
Nixze,tarren-mill,96,rogue,subtlety,6,1,5
Vellira,khaz-modan,96,rogue,subtlety,6,1,5
Faso,thunderhorn,96,rogue,subtlety,6,1,5
Grinchfurtif,hyjal,96,rogue,subtlety,6,1,5
Аквик,howling-fjord,96,rogue,subtlety,6,1,5
Щасбудетвайп,howling-fjord,96,rogue,subtlety,6,1,5
Kødäy,hyjal,96,rogue,subtlety,6,1,5
Selfcut,blackmoore,96,rogue,subtlety,6,1,5
Мадарец,howling-fjord,96,rogue,subtlety,6,1,5
Малиноф,borean-tundra,96,rogue,subtlety,6,1,5
Sît,twisting-nether,96,rogue,subtlety,6,1,5
Klingo,defias-brotherhood,96,rogue,subtlety,6,1,5
Sanykrugo,ragnaros,96,rogue,subtlety,6,1,5
Aasy,silvermoon,96,rogue,subtlety,6,1,5
Deccosneak,defias-brotherhood,96,rogue,subtlety,6,1,5
Sneakachu,thunderhorn,96,rogue,subtlety,6,1,5
Korteina,darkmoon-faire,96,rogue,subtlety,6,1,5
Dancewithme,arthas,96,rogue,subtlety,6,1,5
Synsinte,silvermoon,96,rogue,subtlety,6,1,5
Nyhana,blackmoore,96,rogue,subtlety,6,1,5
Yaelynn,argent-dawn,96,rogue,subtlety,6,1,5
Тварьебаная,howling-fjord,96,rogue,subtlety,6,1,5
Kkraken,dalaran,96,rogue,subtlety,6,1,5
Nerkmind,ragnaros,96,rogue,subtlety,6,1,5
Sæqq,blackmoore,96,rogue,subtlety,6,1,5
Stepbaack,silvermoon,96,rogue,subtlety,8,1,7
Stabie,twisting-nether,96,rogue,subtlety,12,1,11
Nønchalan,twisting-nether,96,rogue,subtlety,12,1,11
Azzineth,silvermoon,96,rogue,subtlety,12,1,11
Calmrusgirl,ravenholdt,96,rogue,subtlety,12,1,11
Imbazed,azshara,96,rogue,subtlety,12,1,11
Nullname,ragnaros,96,rogue,subtlety,12,1,11
Gífti,norgannon,96,rogue,subtlety,12,1,11
Альдинг,howling-fjord,96,rogue,subtlety,12,1,11
Alefon,sanguino,96,rogue,subtlety,12,1,11
Critneyspear,runetotem,96,rogue,subtlety,12,1,11
Xý,ysondre,96,rogue,subtlety,18,1,17
Swexlairone,outland,95,rogue,subtlety,12,1,11
Deadlybrew,twisting-nether,79,rogue,subtlety,5,1,4
Digmorre,drakthul,79,rogue,subtlety,5,1,4
Nesth,silvermoon,79,rogue,subtlety,5,1,4
Domiqs,blackhand,63,rogue,subtlety,2,2,0
Albumx,archimonde,58,rogue,subtlety,8,3,5
Ddlcmg,drakthul,48,rogue,subtlety,3,1,2
Âtrâlês,azshara,48,rogue,subtlety,3,1,2
Ридлли,soulflayer,48,rogue,subtlety,3,1,2
Shadowhelm,silvermoon,31,rogue,subtlety,8,1,7
Tukie,blackhand,16,rogue,subtlety,13,1,12
Vlkyria,silvermoon,16,rogue,subtlety,13,1,12
Bestjkbetter,ravencrest,2155,rogue,assassination,111,57,54
Fánsly,silvermoon,2152,rogue,assassination,84,45,39
Shadenax,ravencrest,2149,rogue,assassination,78,42,36
Shadeniz,ravencrest,2137,rogue,assassination,113,57,56
Heavý,argent-dawn,2135,rogue,assassination,133,71,62
Sub,kazzak,2129,rogue,assassination,120,59,61
Aæ,stormscale,2112,rogue,assassination,125,65,60
Rightplay,outland,2112,rogue,assassination,90,45,45
Naláa,ravencrest,2107,rogue,assassination,88,45,43
Shadenox,ravencrest,2104,rogue,assassination,329,164,165
Ewyna,silvermoon,2055,rogue,assassination,99,51,48
Mortecieca,ravencrest,2050,rogue,assassination,131,63,68
Mentol,stormscale,2025,rogue,assassination,65,48,17
Shadeco,ravencrest,2020,rogue,assassination,96,46,50
Vayyel,silvermoon,1985,rogue,assassination,320,160,160
Shadekin,ravencrest,1969,rogue,assassination,105,56,49
Visuáls,antonidas,1950,rogue,assassination,81,38,43
Watchmeyoe,ravencrest,1918,rogue,assassination,83,47,36
Grøax,ragnaros,1912,rogue,assassination,72,37,35
Tyreall,drakthul,1912,rogue,assassination,172,84,88
Vulrin,argent-dawn,1899,rogue,assassination,77,44,33
Buffassa,ravencrest,1887,rogue,assassination,143,81,62
Chínerox,thunderhorn,1884,rogue,assassination,310,154,156
Stråt,ysondre,1879,rogue,assassination,66,30,36
Venomblood,sanguino,1872,rogue,assassination,65,29,36
Изифаза,deathguard,1858,rogue,assassination,61,33,28
Ålùnæh,azjolnerub,1849,rogue,assassination,54,28,26
Babøønx,burning-legion,1848,rogue,assassination,89,41,48
Asàd,draenor,1841,rogue,assassination,47,30,17
Prei,hyjal,1839,rogue,assassination,96,49,47
Baboonx,burning-legion,1839,rogue,assassination,72,31,41
Lastsight,burning-legion,1833,rogue,assassination,77,43,34
Oggish,tarren-mill,1832,rogue,assassination,90,35,55
Bytoku,chants-éternels,1829,rogue,assassination,62,30,32
Cntrlld,ravencrest,1829,rogue,assassination,66,30,36
Stepchildx,uldum,1828,rogue,assassination,170,109,61
Aknana,vashj,1828,rogue,assassination,60,28,32
Snøv,outland,1825,rogue,assassination,132,56,76
Inly,ysondre,1823,rogue,assassination,110,58,52
Скварлет,howling-fjord,1818,rogue,assassination,66,30,36
Botsrogue,kazzak,1814,rogue,assassination,36,20,16
Sadgexd,draenor,1814,rogue,assassination,52,26,26
Afto,argent-dawn,1813,rogue,assassination,66,29,37
Пожилойпуп,gordunni,1811,rogue,assassination,54,26,28
Pyridoxin,blackmoore,1810,rogue,assassination,60,29,31
Shipshot,blackrock,1809,rogue,assassination,62,37,25
Çhïñêsémøñkè,argent-dawn,1808,rogue,assassination,238,128,110
Civarea,blackrock,1808,rogue,assassination,57,26,31
Lookåtme,ravencrest,1808,rogue,assassination,48,20,28
Eiscreme,blackmoore,1802,rogue,assassination,95,50,45
Kidneyou,ragnaros,1801,rogue,assassination,54,33,21
Ohdaesu,aegwynn,1798,rogue,assassination,114,49,65
Ридлли,soulflayer,1783,rogue,assassination,59,29,30
Dáydreamín,draenor,1772,rogue,assassination,60,27,33
Иллвилл,soulflayer,1769,rogue,assassination,42,23,19
Семёнтус,gordunni,1767,rogue,assassination,54,30,24
Pheq,ravencrest,1765,rogue,assassination,83,33,50
Deadlybrew,twisting-nether,1761,rogue,assassination,66,29,37
Tsoupoma,tarren-mill,1756,rogue,assassination,36,20,16
Zlah,ravencrest,1752,rogue,assassination,54,22,32
Naiikaii,antonidas,1751,rogue,assassination,54,23,31
Goshîmoshî,stormscale,1747,rogue,assassination,70,29,41
Lacusdark,draenor,1738,rogue,assassination,65,33,32
Limítless,tarren-mill,1737,rogue,assassination,48,31,17
Getownédyo,aggramar,1735,rogue,assassination,109,45,64
Fìíp,drakthul,1734,rogue,assassination,75,31,44
Пашавернись,gordunni,1728,rogue,assassination,71,25,46
Riskyx,draenor,1727,rogue,assassination,49,19,30
Awakeaf,outland,1723,rogue,assassination,60,27,33
Rajigagi,silvermoon,1717,rogue,assassination,61,33,28
Youcrymydear,outland,1711,rogue,assassination,66,31,35
Слаадкий,gordunni,1708,rogue,assassination,123,57,66
Blindlol,emerald-dream,1703,rogue,assassination,161,81,80
Kreamy,tarren-mill,1694,rogue,assassination,95,42,53
Moneylake,stormscale,1693,rogue,assassination,48,28,20
Røler,ravencrest,1693,rogue,assassination,42,18,24
Rinj,antonidas,1693,rogue,assassination,89,37,52
Акиоми,gordunni,1691,rogue,assassination,102,57,45
Mazeken,kazzak,1688,rogue,assassination,53,21,32
Играючестно,howling-fjord,1686,rogue,assassination,30,19,11
Ваася,gordunni,1679,rogue,assassination,75,34,41
Awaaylol,stormscale,1673,rogue,assassination,190,90,100
Винестрий,soulflayer,1671,rogue,assassination,54,27,27
Gøldzahn,antonidas,1670,rogue,assassination,136,61,75
Sumiftw,drakthul,1668,rogue,assassination,66,27,39
Twitchful,kazzak,1665,rogue,assassination,54,25,29
Fíìp,drakthul,1663,rogue,assassination,246,115,131
Trollmeat,twisting-nether,1663,rogue,assassination,66,25,41
Brunhityx,ravencrest,1661,rogue,assassination,29,18,11
Peeon,drakthul,1659,rogue,assassination,73,26,47
Йа,gordunni,1658,rogue,assassination,63,33,30
Ândrey,ravencrest,1657,rogue,assassination,54,31,23
Juxtapose,ravencrest,1655,rogue,assassination,60,26,34
Dnee,ravencrest,1654,rogue,assassination,23,18,5
Yopti,tarren-mill,1647,rogue,assassination,90,32,58
Wâter,silvermoon,1645,rogue,assassination,60,23,37
Капитанпитон,howling-fjord,1643,rogue,assassination,54,24,30
Justkiddning,blackmoore,1641,rogue,assassination,102,60,42
Ockzy,archimonde,1639,rogue,assassination,105,56,49
Skali,tarren-mill,1639,rogue,assassination,92,45,47
Ocklol,archimonde,1637,rogue,assassination,99,55,44
Drenched,turalyon,1637,rogue,assassination,246,119,127
Monski,ravencrest,1631,rogue,assassination,54,21,33
Precious,sylvanas,1628,rogue,assassination,324,157,167
Томасмразь,blackscar,1627,rogue,assassination,36,17,19
Кэпс,blackscar,1625,rogue,assassination,66,39,27
Howfastiam,ravencrest,1624,rogue,assassination,108,55,53
Icdeadpixelz,ysondre,1624,rogue,assassination,42,17,25
Мистеркрэпс,howling-fjord,1624,rogue,assassination,47,19,28
Костялом,howling-fjord,1623,rogue,assassination,36,17,19
Кайсити,gordunni,1619,rogue,assassination,42,23,19
Keeke,outland,1619,rogue,assassination,60,31,29
Shikamouflé,archimonde,1619,rogue,assassination,148,74,74
Shookyz,zuljin,1615,rogue,assassination,54,27,27
Iwillcapyou,twisting-nether,1614,rogue,assassination,54,25,29
Únk,dalaran,1611,rogue,assassination,63,32,31
Ру,galakrond,1610,rogue,assassination,42,22,20
Войенх,gordunni,1610,rogue,assassination,242,116,126
Amý,grim-batol,1610,rogue,assassination,57,27,30
Vâleera,kazzak,1610,rogue,assassination,54,24,30
Zerocell,kazzak,1609,rogue,assassination,122,73,49
Richï,outland,1609,rogue,assassination,134,57,77
Гесху,eversong,1608,rogue,assassination,41,23,18
Cander,kazzak,1607,rogue,assassination,107,49,58
Warbell,ravencrest,1606,rogue,assassination,96,35,61
Lelíth,ravencrest,1602,rogue,assassination,107,61,46
Ач,gordunni,1602,rogue,assassination,78,37,41
Fatnutsac,eredar,1602,rogue,assassination,54,21,33
Tiazx,outland,1600,rogue,assassination,36,19,17
Nîllá,blackmoore,1600,rogue,assassination,42,18,24
Sotro,dun-modr,1600,rogue,assassination,84,32,52
Загляденье,gordunni,1598,rogue,assassination,54,21,33
Liøø,antonidas,1592,rogue,assassination,59,31,28
Sadìra,echsenkessel,1590,rogue,assassination,65,29,36
Hoodrogue,blackrock,1580,rogue,assassination,53,29,24
Yepuwuyepowo,defias-brotherhood,1577,rogue,assassination,42,19,23
Misttrogue,hyjal,1576,rogue,assassination,72,33,39
Мастдаггер,goldrinn,1575,rogue,assassination,184,94,90
Emergence,ravencrest,1574,rogue,assassination,36,18,18
Heartripper,ravencrest,1574,rogue,assassination,75,37,38
ßênz,archimonde,1572,rogue,assassination,126,65,61
Kãlí,blackmoore,1570,rogue,assassination,271,135,136
Synergize,stormreaver,1569,rogue,assassination,151,74,77
Hopejé,ravencrest,1568,rogue,assassination,74,42,32
Axlrows,doomhammer,1568,rogue,assassination,54,30,24
Shøz,kazzak,1567,rogue,assassination,200,93,107
Ритор,deathguard,1561,rogue,assassination,60,31,29
Kannibalex,blackrock,1560,rogue,assassination,51,21,30
Miiløx,silvermoon,1558,rogue,assassination,54,30,24
Ридх,soulflayer,1556,rogue,assassination,48,18,30
Lannon,sylvanas,1552,rogue,assassination,93,41,52
Sussulto,nemesis,1551,rogue,assassination,29,17,12
Effectz,ravencrest,1545,rogue,assassination,101,59,42
Sid,dentarg,1539,rogue,assassination,62,31,31
Silesi,kazzak,1538,rogue,assassination,154,81,73
Стеллакокс,howling-fjord,1536,rogue,assassination,86,40,46
Nitröx,tarren-mill,1534,rogue,assassination,65,25,40
Stunco,ravencrest,1529,rogue,assassination,30,16,14
Knutten,wildhammer,1526,rogue,assassination,102,47,55
Зоти,lich-king,1525,rogue,assassination,56,27,29
Shaokiz,sylvanas,1523,rogue,assassination,54,29,25
Асиксх,blackscar,1519,rogue,assassination,149,79,70
Npkx,outland,1519,rogue,assassination,60,26,34
Lildretch,dun-morogh,1517,rogue,assassination,33,17,16
Ilrunne,silvermoon,1515,rogue,assassination,132,62,70
Flogue,area-52,1514,rogue,assassination,79,30,49
Tez,malganis,1511,rogue,assassination,59,29,30
Weakrat,kult-der-verdammten,1508,rogue,assassination,36,22,14
Artésia,archimonde,1507,rogue,assassination,57,32,25
Ñerøblacks,dun-modr,1507,rogue,assassination,30,16,14
Argapu,stormscale,1503,rogue,assassination,78,32,46
Zaintsas,tarren-mill,1500,rogue,assassination,62,31,31
Stepbrogue,tarren-mill,1499,rogue,assassination,36,17,19
Intecto,twisting-nether,1498,rogue,assassination,88,51,37
Nùgz,area-52,1498,rogue,assassination,119,65,54
Пусякиллерх,gordunni,1497,rogue,assassination,127,54,73
Somaliapirat,eredar,1490,rogue,assassination,30,16,14
Reyzumi,antonidas,1488,rogue,assassination,54,27,27
Hidinginash,twisting-nether,1486,rogue,assassination,56,31,25
Søsaboy,nemesis,1483,rogue,assassination,60,29,31
Трисися,gordunni,1483,rogue,assassination,48,23,25
Варэль,borean-tundra,1482,rogue,assassination,227,108,119
Minjeaca,silvermoon,1482,rogue,assassination,102,46,56
Hanzo,vashj,1482,rogue,assassination,83,30,53
Элирэй,fordragon,1480,rogue,assassination,69,33,36
Candycc,burning-legion,1475,rogue,assassination,67,38,29
Diazz,aegwynn,1473,rogue,assassination,119,56,63
Poughkeepsie,outland,1464,rogue,assassination,60,32,28
Vanisha,outland,1463,rogue,assassination,128,67,61
Ppollito,hyjal,1459,rogue,assassination,108,56,52
Arkblenderx,silvermoon,1455,rogue,assassination,106,55,51
Шмарамышь,soulflayer,1454,rogue,assassination,95,45,50
Ethèrnal,twisting-nether,1454,rogue,assassination,72,31,41
Редфилд,blackscar,1452,rogue,assassination,54,28,26
Волнорес,eversong,1451,rogue,assassination,100,50,50
Eizan,outland,1450,rogue,assassination,54,29,25
Ynohtna,blackhand,1445,rogue,assassination,86,43,43
Grzech,burning-legion,1443,rogue,assassination,82,44,38
Erion,silvermoon,1441,rogue,assassination,150,71,79
Intrix,draenor,1438,rogue,assassination,48,16,32
Rivia,stormscale,1434,rogue,assassination,30,15,15
Alnaddafrog,outland,1433,rogue,assassination,58,36,22
Axoic,ravencrest,1433,rogue,assassination,48,23,25
Negrim,dun-modr,1433,rogue,assassination,161,77,84
Tmpkboo,stormscale,1433,rogue,assassination,36,15,21
Dé,ragnaros,1432,rogue,assassination,36,16,20
Soxo,dun-modr,1429,rogue,assassination,104,44,60
Nìghtwalker,ravencrest,1426,rogue,assassination,70,34,36
Luftpumpe,blackrock,1425,rogue,assassination,63,35,28
Teseiga,aegwynn,1425,rogue,assassination,134,58,76
Belsazar,azshara,1418,rogue,assassination,138,67,71
Pieksig,blackmoore,1417,rogue,assassination,96,44,52
Xeeana,ravencrest,1416,rogue,assassination,156,79,77
Vennomous,darkspear,1414,rogue,assassination,231,115,116
Recondite,doomhammer,1412,rogue,assassination,71,40,31
Ropedrink,stormscale,1409,rogue,assassination,36,22,14
Koreanrogue,archimonde,1406,rogue,assassination,24,15,9
Yokze,ravencrest,1404,rogue,assassination,145,72,73
Аренамастерх,blackscar,1402,rogue,assassination,24,15,9
Caská,blackhand,1402,rogue,assassination,83,36,47
Synthaetic,draenor,1401,rogue,assassination,130,69,61
Лёнтролль,blackscar,1401,rogue,assassination,87,40,47
Ocktwo,archimonde,1398,rogue,assassination,41,15,26
Ванэйти,gordunni,1396,rogue,assassination,108,54,54
Ambushgirl,ravencrest,1395,rogue,assassination,50,19,31
Freemmr,draenor,1391,rogue,assassination,118,61,57
Finanzamtlg,blackrock,1388,rogue,assassination,48,25,23
Watodoo,kazzak,1388,rogue,assassination,62,31,31
Yassu,archimonde,1385,rogue,assassination,36,18,18
Umciz,archimonde,1381,rogue,assassination,42,15,27
Roguening,tarren-mill,1381,rogue,assassination,65,23,42
Bambush,bronze-dragonflight,1380,rogue,assassination,86,45,41
Piñotxo,sanguino,1377,rogue,assassination,41,17,24
Pizzayamyam,aegwynn,1373,rogue,assassination,48,21,27
Ciaordel,sylvanas,1372,rogue,assassination,75,36,39
Unshaken,dun-modr,1370,rogue,assassination,42,15,27
Crípplé,ravencrest,1369,rogue,assassination,30,15,15
Роземсти,gordunni,1366,rogue,assassination,128,69,59
Nuguri,blackrock,1359,rogue,assassination,45,23,22
Givewallet,ravencrest,1359,rogue,assassination,36,18,18
Mascarpone,sanguino,1358,rogue,assassination,46,19,27
Icedoutoak,antonidas,1356,rogue,assassination,24,15,9
Orcrogue,khadgar,1356,rogue,assassination,29,15,14
Raiyqyu,archimonde,1355,rogue,assassination,141,71,70
Haikyu,blackhand,1354,rogue,assassination,72,31,41
Синигурай,soulflayer,1353,rogue,assassination,36,18,18
Dreathefox,drakthul,1352,rogue,assassination,48,20,28
Yvÿ,archimonde,1351,rogue,assassination,100,54,46
Dirtyz,dun-modr,1351,rogue,assassination,67,35,32
Cýphia,amanthul,1351,rogue,assassination,69,32,37
Эксплис,ashenvale,1350,rogue,assassination,29,16,13
Education,aegwynn,1350,rogue,assassination,48,18,30
Batsu,alleria,1348,rogue,assassination,66,30,36
Djnelly,stormreaver,1345,rogue,assassination,81,48,33
Gorgeousred,aegwynn,1343,rogue,assassination,30,14,16
Lôre,blackrock,1342,rogue,assassination,42,14,28
Mâriejânee,nozdormu,1338,rogue,assassination,35,20,15
Lixht,the-maelstrom,1332,rogue,assassination,54,30,24
Stabbinu,burning-legion,1332,rogue,assassination,30,14,16
Nightnelly,archimonde,1331,rogue,assassination,30,14,16
Bensollo,tarren-mill,1330,rogue,assassination,35,16,19
Koopa,argent-dawn,1330,rogue,assassination,54,14,40
Винерджи,gordunni,1329,rogue,assassination,50,23,27
Markø,twisting-nether,1329,rogue,assassination,94,42,52
Саэрас,howling-fjord,1329,rogue,assassination,36,14,22
Совечица,gordunni,1327,rogue,assassination,30,14,16
Zobrak,twisting-nether,1322,rogue,assassination,110,53,57
Stôrpîx,drakthul,1315,rogue,assassination,60,28,32
Jaxck,sylvanas,1314,rogue,assassination,24,14,10
Nællya,archimonde,1313,rogue,assassination,54,30,24
Траста,fordragon,1310,rogue,assassination,78,25,53
Sigleif,argent-dawn,1309,rogue,assassination,61,28,33
Lírìa,argent-dawn,1306,rogue,assassination,30,14,16
Dîspatchx,defias-brotherhood,1301,rogue,assassination,48,20,28
Sneakysloth,ravencrest,1300,rogue,assassination,57,21,36
Имилиона,blackscar,1298,rogue,assassination,31,18,13
Сасасин,soulflayer,1297,rogue,assassination,56,29,27
Shadôwcraft,outland,1297,rogue,assassination,57,29,28
Pathicus,stormreaver,1297,rogue,assassination,64,32,32
Tarox,eredar,1297,rogue,assassination,65,30,35
Sisoi,kazzak,1297,rogue,assassination,59,27,32
Gadûz,kazzak,1295,rogue,assassination,44,17,27
Flawlesser,kazzak,1294,rogue,assassination,39,19,20
Патайчик,soulflayer,1294,rogue,assassination,91,44,47
Davotroz,dun-modr,1288,rogue,assassination,32,18,14
Анми,gordunni,1288,rogue,assassination,35,14,21
Éllen,outland,1287,rogue,assassination,78,30,48
Petsakos,ravencrest,1287,rogue,assassination,59,22,37
Röllz,ysondre,1286,rogue,assassination,54,22,32
Zizmo,deathwing,1278,rogue,assassination,72,26,46
Skrbke,tarren-mill,1276,rogue,assassination,144,75,69
Trollohlol,malganis,1276,rogue,assassination,60,30,30
Келгар,soulflayer,1273,rogue,assassination,33,15,18
Фикция,greymane,1270,rogue,assassination,37,15,22
Менрэйз,gordunni,1267,rogue,assassination,36,15,21
Izze,thrall,1265,rogue,assassination,48,17,31
Кайдарра,eversong,1263,rogue,assassination,72,33,39
Akira,outland,1262,rogue,assassination,69,34,35
Veronkierto,stormreaver,1259,rogue,assassination,78,42,36
Narzaván,ravencrest,1258,rogue,assassination,72,29,43
Nopz,outland,1256,rogue,assassination,48,29,19
Snulle,ravencrest,1248,rogue,assassination,24,13,11
Сайгакк,galakrond,1248,rogue,assassination,58,30,28
Евгенийильич,gordunni,1247,rogue,assassination,24,13,11
Rubberducky,argent-dawn,1245,rogue,assassination,18,13,5
Mtb,ravencrest,1245,rogue,assassination,30,13,17
Stabdbyvegan,ragnaros,1245,rogue,assassination,79,31,48
Nojdobra,tarren-mill,1244,rogue,assassination,61,25,36
Freijasap,ravencrest,1243,rogue,assassination,30,13,17
Satiiva,terokkar,1242,rogue,assassination,66,29,37
Droomprins,stormscale,1242,rogue,assassination,36,13,23
Лестреа,goldrinn,1240,rogue,assassination,24,13,11
Mexxn,antonidas,1240,rogue,assassination,43,20,23
Stonecold,twilights-hammer,1240,rogue,assassination,46,16,30
Dime,silvermoon,1239,rogue,assassination,90,47,43
Næylá,kult-der-verdammten,1236,rogue,assassination,54,27,27
Synsinte,silvermoon,1234,rogue,assassination,24,14,10
Mewen,sanguino,1233,rogue,assassination,30,13,17
Sáinz,malganis,1233,rogue,assassination,35,15,20
Stellaä,ragnaros,1233,rogue,assassination,36,13,23
Raetoc,turalyon,1230,rogue,assassination,30,15,15
Streetx,nethersturm,1226,rogue,assassination,48,25,23
Gankbang,frostmane,1225,rogue,assassination,54,21,33
Nukubu,draenor,1224,rogue,assassination,88,35,53
Nàrutò,thrall,1223,rogue,assassination,62,21,41
Ноубрэйкс,blackscar,1221,rogue,assassination,60,29,31
Mystykal,twisting-nether,1221,rogue,assassination,48,19,29
Behörnchen,eredar,1218,rogue,assassination,53,23,30
Sneakypeeki,sylvanas,1217,rogue,assassination,29,13,16
Мечтавелена,howling-fjord,1216,rogue,assassination,78,31,47
Horvathzu,ravencrest,1215,rogue,assassination,38,16,22
Kronin,arakarahm,1213,rogue,assassination,42,15,27
Свёклапро,gordunni,1210,rogue,assassination,118,60,58
Ripgore,sylvanas,1210,rogue,assassination,35,13,22
Pitøu,outland,1205,rogue,assassination,48,23,25
Kariinthuul,aegwynn,1205,rogue,assassination,48,20,28
Bennyweth,argent-dawn,1205,rogue,assassination,42,16,26
Nargun,archimonde,1204,rogue,assassination,30,18,12
Килларан,howling-fjord,1200,rogue,assassination,29,16,13
Dalailamer,gorgonnash,1198,rogue,assassination,44,15,29
Maelithas,archimonde,1197,rogue,assassination,83,38,45
Lovetospoon,ravencrest,1196,rogue,assassination,90,51,39
Davosslol,outland,1196,rogue,assassination,36,13,23
Narsoule,ysondre,1194,rogue,assassination,30,16,14
Фуллблайнд,gordunni,1194,rogue,assassination,33,13,20
Тимкок,soulflayer,1190,rogue,assassination,90,39,51
Sùbzerø,archimonde,1186,rogue,assassination,23,13,10
Madlain,jaedenar,1182,rogue,assassination,32,14,18
Noxxra,blackhand,1181,rogue,assassination,59,21,38
Gigarogue,defias-brotherhood,1179,rogue,assassination,47,23,24
Wedgyrog,stormscale,1179,rogue,assassination,42,17,25
Экичу,howling-fjord,1177,rogue,assassination,48,28,20
Azovrouge,terokkar,1172,rogue,assassination,30,18,12
Jumbovanish,tarren-mill,1168,rogue,assassination,27,15,12
Цилана,gordunni,1166,rogue,assassination,51,28,23
Zeduxino,outland,1156,rogue,assassination,28,17,11
Jeruna,veklor,1152,rogue,assassination,24,12,12
Sâtýr,ravencrest,1150,rogue,assassination,18,12,6
Djpiglet,outland,1149,rogue,assassination,18,12,6
Нарежудольки,howling-fjord,1147,rogue,assassination,30,12,18
Uzrigu,tarren-mill,1146,rogue,assassination,24,12,12
Unterweger,die-aldor,1145,rogue,assassination,23,13,10
Кэйлфрут,gordunni,1145,rogue,assassination,48,22,26
Поздоровайся,howling-fjord,1142,rogue,assassination,79,38,41
Rîg,draenor,1139,rogue,assassination,30,12,18
Носопыра,blackscar,1138,rogue,assassination,77,39,38
Bonejaw,tarren-mill,1137,rogue,assassination,30,14,16
Kuttunga,ravencrest,1134,rogue,assassination,85,39,46
Zokush,archimonde,1134,rogue,assassination,39,15,24
Daggerz,outland,1128,rogue,assassination,24,12,12
Tootskie,outland,1128,rogue,assassination,126,59,67
Скулипёс,howling-fjord,1124,rogue,assassination,23,15,8
Phaîne,outland,1124,rogue,assassination,24,12,12
Ingesa,blackhand,1120,rogue,assassination,74,35,39
Krimos,archimonde,1119,rogue,assassination,54,30,24
Missesinvis,blackmoore,1118,rogue,assassination,25,14,11
Elysm,stormscale,1112,rogue,assassination,41,21,20
Jæto,ravencrest,1110,rogue,assassination,33,17,16
Sênsus,antonidas,1110,rogue,assassination,54,21,33
Edaniel,draenor,1109,rogue,assassination,24,12,12
Rundarz,tyrande,1108,rogue,assassination,29,12,17
Finisher,sanguino,1107,rogue,assassination,30,14,16
Gamôra,arygos,1105,rogue,assassination,77,37,40
Дисхар,soulflayer,1103,rogue,assassination,28,15,13
Oshä,dalaran,1102,rogue,assassination,30,13,17
Jupitor,argent-dawn,1100,rogue,assassination,90,45,45
Elûnè,silvermoon,1097,rogue,assassination,30,14,16
Azonaticus,hyjal,1096,rogue,assassination,34,16,18
Swarge,silvermoon,1088,rogue,assassination,318,152,166
Gravestam,sunstrider,1085,rogue,assassination,36,17,19
Shoshomoo,lightnings-blade,1085,rogue,assassination,27,12,15
Практикиней,grom,1083,rogue,assassination,42,16,26
Horrogue,aggramar,1082,rogue,assassination,24,13,11
Nevelon,chogall,1082,rogue,assassination,108,50,58
Tubes,dun-morogh,1076,rogue,assassination,27,20,7
Undîsputed,blackmoore,1074,rogue,assassination,45,15,30
Лунари,blackscar,1071,rogue,assassination,54,22,32
Мелеша,blackscar,1071,rogue,assassination,31,12,19
Mol,defias-brotherhood,1070,rogue,assassination,38,12,26
Nighteshift,silvermoon,1064,rogue,assassination,36,14,22
Boskönigt,ragnaros,1062,rogue,assassination,70,36,34
Dezxxyox,dun-modr,1058,rogue,assassination,80,43,37
Firekry,stormscale,1057,rogue,assassination,30,12,18
Wayñe,ravencrest,1056,rogue,assassination,30,11,19
Undxrwrld,sylvanas,1055,rogue,assassination,18,11,7
Meldbroken,tarren-mill,1055,rogue,assassination,24,11,13
Ladixy,archimonde,1054,rogue,assassination,38,11,27
Gutter,sylvanas,1053,rogue,assassination,24,11,13
Ноумингод,gordunni,1053,rogue,assassination,36,11,25
Бонасера,blackscar,1052,rogue,assassination,24,11,13
Keltaru,ravencrest,1051,rogue,assassination,24,11,13
Jimaal,stormscale,1051,rogue,assassination,30,11,19
Йоио,howling-fjord,1047,rogue,assassination,24,11,13
Zélla,twisting-nether,1044,rogue,assassination,24,11,13
Pasarelo,dun-modr,1041,rogue,assassination,95,45,50
Колдрейдж,soulflayer,1039,rogue,assassination,18,11,7
Sæqq,blackmoore,1038,rogue,assassination,54,22,32
Subyo,eredar,1038,rogue,assassination,30,11,19
Chiàntì,blackrock,1037,rogue,assassination,185,88,97
Alpinestars,dun-modr,1037,rogue,assassination,29,12,17
Vengígodx,outland,1037,rogue,assassination,36,14,22
Jamesdarmody,twisting-nether,1034,rogue,assassination,33,12,21
Sladen,ghostlands,1032,rogue,assassination,24,11,13
Julyshadows,kazzak,1031,rogue,assassination,36,15,21
Chalkbag,blackrock,1031,rogue,assassination,35,12,23
Tre,eredar,1030,rogue,assassination,47,22,25
Оскархартман,gordunni,1027,rogue,assassination,24,12,12
Seleyese,draenor,1027,rogue,assassination,36,15,21
Imissmop,darkspear,1026,rogue,assassination,30,11,19
Мяуровани,eversong,1025,rogue,assassination,30,16,14
Leÿji,archimonde,1024,rogue,assassination,24,11,13
Rogunelf,stormreaver,1021,rogue,assassination,56,28,28
Dykumah,sanguino,1016,rogue,assassination,24,11,13
Maroshko,argent-dawn,1015,rogue,assassination,23,11,12
Helax,turalyon,1014,rogue,assassination,30,13,17
Epidemic,stormscale,1013,rogue,assassination,133,54,79
Griveous,kazzak,1007,rogue,assassination,20,12,8
Alltaïr,ravencrest,1007,rogue,assassination,151,76,75
Lesale,turalyon,1005,rogue,assassination,48,22,26
Beistrichbob,terrordar,1003,rogue,assassination,24,13,11
Havox,darksorrow,1003,rogue,assassination,24,11,13
Refundlands,kazzak,1001,rogue,assassination,27,12,15
Джоннималыш,eversong,999,rogue,assassination,66,30,36
Чернаясоска,eversong,994,rogue,assassination,95,50,45
Haregan,gorgonnash,991,rogue,assassination,24,14,10
Grris,stormscale,991,rogue,assassination,22,11,11
Imdma,defias-brotherhood,991,rogue,assassination,60,29,31
Майндтрикс,blackscar,991,rogue,assassination,26,11,15
Sorea,twisting-nether,987,rogue,assassination,75,32,43
Zzippi,blackmoore,987,rogue,assassination,49,20,29
Kampon,sanguino,974,rogue,assassination,29,11,18
Modulok,ulduar,965,rogue,assassination,42,20,22
Veliza,twisting-nether,962,rogue,assassination,91,37,54
Паштетмашин,booty-bay,960,rogue,assassination,24,13,11
Deceptio,gilneas,960,rogue,assassination,52,25,27
Shadowprank,ravencrest,960,rogue,assassination,21,10,11
Ежикх,soulflayer,960,rogue,assassination,30,10,20
Madisonivyqt,blackmoore,960,rogue,assassination,30,10,20
Quoicoubeh,drekthar,959,rogue,assassination,12,10,2
Czêro,grim-batol,959,rogue,assassination,18,10,8
Blawann,argent-dawn,959,rogue,assassination,18,10,8
Ладжо,gordunni,959,rogue,assassination,30,10,20
Miistermaen,outland,959,rogue,assassination,30,10,20
Xlongman,blackhand,959,rogue,assassination,36,11,25
Tallac,drekthar,958,rogue,assassination,24,10,14
Xalupa,dun-modr,957,rogue,assassination,24,10,14
Eightball,frostmane,954,rogue,assassination,18,10,8
Gârrík,blackhand,954,rogue,assassination,18,10,8
Szabina,outland,953,rogue,assassination,18,10,8
Skids,ravencrest,952,rogue,assassination,18,10,8
Yoruichì,kazzak,951,rogue,assassination,18,10,8
Джэкман,soulflayer,950,rogue,assassination,12,10,2
Mahistt,archimonde,947,rogue,assassination,18,10,8
Tirgo,aegwynn,946,rogue,assassination,138,67,71
Madita,frostmourne,942,rogue,assassination,42,11,31
Kaigodd,twisting-nether,939,rogue,assassination,51,29,22
Myk,xavius,928,rogue,assassination,22,11,11
Eniyah,tarren-mill,927,rogue,assassination,17,10,7
Coastguard,twisting-nether,927,rogue,assassination,62,30,32
Cbrook,sylvanas,920,rogue,assassination,29,10,19
Snakeshiv,ravenholdt,919,rogue,assassination,24,12,12
Dredge,kaelthas,919,rogue,assassination,43,14,29
Tranxéne,hyjal,913,rogue,assassination,42,21,21
Прнхабочка,gordunni,909,rogue,assassination,42,22,20
Zeuzo,xavius,907,rogue,assassination,17,10,7
Pinchoto,sanguino,907,rogue,assassination,66,31,35
Макггара,soulflayer,907,rogue,assassination,170,78,92
Dmfd,darksorrow,899,rogue,assassination,260,122,138
Krymziàâ,hyjal,899,rogue,assassination,45,18,27
Jústina,die-aldor,897,rogue,assassination,66,28,38
Márto,archimonde,896,rogue,assassination,22,10,12
Mythicog,twisting-nether,895,rogue,assassination,60,24,36
Ороти,greymane,891,rogue,assassination,20,12,8
Darkkstep,blackmoore,890,rogue,assassination,24,11,13
Jacktripper,blackrock,888,rogue,assassination,44,13,31
Blackone,nemesis,883,rogue,assassination,24,10,14
Løuvees,archimonde,881,rogue,assassination,64,29,35
Dallrend,stormscale,875,rogue,assassination,60,22,38
Lilze,ravencrest,871,rogue,assassination,78,35,43
Вотымразь,howling-fjord,870,rogue,assassination,65,29,36
Sïdr,marécage-de-zangar,869,rogue,assassination,59,26,33
Bauwten,ravencrest,866,rogue,assassination,24,12,12
Skýhigh,ravencrest,864,rogue,assassination,12,9,3
Killnoobs,kazzak,864,rogue,assassination,18,9,9
Watergirlx,ravencrest,864,rogue,assassination,18,9,9
Jáckz,twisting-nether,864,rogue,assassination,24,9,15
Sotri,dun-modr,864,rogue,assassination,24,9,15
Аязлаая,blackscar,864,rogue,assassination,24,9,15
Angeldarky,silvermoon,864,rogue,assassination,24,9,15
Moratz,blackmoore,864,rogue,assassination,36,9,27
Cloak,blackrock,863,rogue,assassination,18,9,9
Леронда,deepholm,863,rogue,assassination,36,17,19
Fálke,dun-modr,863,rogue,assassination,30,9,21
Фанфистинга,gordunni,863,rogue,assassination,36,9,27
Lycosidae,doomhammer,862,rogue,assassination,18,9,9
Жесть,howling-fjord,862,rogue,assassination,18,9,9
Runár,proudmoore,860,rogue,assassination,16,10,6
Purplereign,frostmane,860,rogue,assassination,84,40,44
Вальпургина,borean-tundra,859,rogue,assassination,42,19,23
Drillss,ravencrest,858,rogue,assassination,40,10,30
Babysteps,the-maelstrom,856,rogue,assassination,18,9,9
Silksneak,kazzak,856,rogue,assassination,18,9,9
Norlix,ravencrest,856,rogue,assassination,18,9,9
Vathié,twisting-nether,856,rogue,assassination,24,9,15
Felvengeance,stormscale,855,rogue,assassination,30,9,21
Elfikill,elune,852,rogue,assassination,40,21,19
Reginlief,argent-dawn,852,rogue,assassination,56,28,28
Kuxion,zuljin,847,rogue,assassination,24,10,14
Blades,blackmoore,843,rogue,assassination,24,9,15
Ressputini,emeriss,841,rogue,assassination,17,9,8
Rossaporcona,nemesis,840,rogue,assassination,60,20,40
Knockyz,khaz-modan,838,rogue,assassination,49,22,27
Îlihad,zuljin,838,rogue,assassination,48,19,29
Dæadly,archimonde,828,rogue,assassination,23,9,14
Yeehaaman,stormreaver,828,rogue,assassination,24,9,15
Mackíe,antonidas,828,rogue,assassination,27,10,17
Lorena,ravencrest,826,rogue,assassination,17,9,8
Tc,doomhammer,824,rogue,assassination,18,9,9
Yuffi,ysondre,803,rogue,assassination,29,11,18
Hadúr,stormscale,802,rogue,assassination,28,11,17
Areldis,drakthul,800,rogue,assassination,20,10,10
Folzen,archimonde,799,rogue,assassination,22,9,13
Mores,anetheron,781,rogue,assassination,24,9,15
Sospiro,nemesis,779,rogue,assassination,22,9,13
Fumai,blackmoore,777,rogue,assassination,42,16,26
Gillette,guldan,773,rogue,assassination,78,29,49
Кьюксе,gordunni,768,rogue,assassination,12,8,4
Axelaz,ravencrest,768,rogue,assassination,12,8,4
Myk,frostmane,768,rogue,assassination,12,8,4
Kynra,culte-de-la-rive-noire,768,rogue,assassination,12,8,4
Brñ,ravencrest,768,rogue,assassination,12,8,4
Attylaria,rexxar,768,rogue,assassination,18,8,10
Netreck,dun-modr,768,rogue,assassination,18,8,10
Фешнподпивом,gordunni,768,rogue,assassination,21,8,13
Onlyluvhurt,dun-modr,768,rogue,assassination,24,8,16
Lipschitz,outland,768,rogue,assassination,24,8,16
Форсгодх,gordunni,768,rogue,assassination,24,8,16
Piperx,ravencrest,768,rogue,assassination,30,8,22
Spky,ravencrest,768,rogue,assassination,30,8,22
Bläde,outland,767,rogue,assassination,12,8,4
Babouill,ysondre,767,rogue,assassination,12,8,4
Nevagonagiv,archimonde,767,rogue,assassination,18,8,10
Imsweet,burning-legion,767,rogue,assassination,18,8,10
Shadowcralls,blackmoore,767,rogue,assassination,18,8,10
Röguelol,outland,767,rogue,assassination,18,8,10
Meldee,burning-legion,767,rogue,assassination,18,8,10
Hasansabbah,twisting-nether,767,rogue,assassination,18,8,10
Milenia,thrall,767,rogue,assassination,18,8,10
Skiff,argent-dawn,767,rogue,assassination,18,8,10
Serpez,anachronos,766,rogue,assassination,12,8,4
Raikyo,argent-dawn,766,rogue,assassination,57,29,28
Nhonhonho,silvermoon,766,rogue,assassination,18,8,10
Bronxbomber,tarren-mill,766,rogue,assassination,18,8,10
Flaskan,tarren-mill,766,rogue,assassination,18,8,10
Obsçuritý,ragnaros,765,rogue,assassination,16,9,7
Kuzmin,die-aldor,765,rogue,assassination,24,8,16
Satmera,silvermoon,765,rogue,assassination,24,8,16
Orochi,ravencrest,764,rogue,assassination,12,8,4
Revelith,nemesis,764,rogue,assassination,17,8,9
Rhak,malganis,764,rogue,assassination,24,8,16
Donjules,silvermoon,764,rogue,assassination,24,8,16
Gðrdø,blackrock,763,rogue,assassination,24,8,16
Jimzopf,eredar,762,rogue,assassination,18,8,10
Artyzoo,tarren-mill,760,rogue,assassination,18,8,10
Giftknirps,silvermoon,758,rogue,assassination,18,8,10
Parker,frostmane,758,rogue,assassination,24,8,16
Куррвабобер,borean-tundra,756,rogue,assassination,18,8,10
Utis,kazzak,756,rogue,assassination,24,8,16
Thedarkness,sylvanas,755,rogue,assassination,18,8,10
Trashcarlitâ,eredar,751,rogue,assassination,17,8,9
Энвитио,gordunni,751,rogue,assassination,18,8,10
Matarocho,ravencrest,751,rogue,assassination,24,8,16
Scorpionkk,blackrock,746,rogue,assassination,210,94,116
Sabrera,ravencrest,746,rogue,assassination,24,8,16
Рогнарек,blackscar,745,rogue,assassination,44,17,27
Кейтллинн,galakrond,738,rogue,assassination,42,16,26
Медиивэл,deepholm,737,rogue,assassination,23,8,15
Breattick,blackmoore,735,rogue,assassination,42,11,31
Замлур,booty-bay,734,rogue,assassination,14,9,5
Síns,runetotem,734,rogue,assassination,16,8,8
Deragur,antonidas,733,rogue,assassination,18,8,10
Rahes,stormscale,731,rogue,assassination,35,8,27
Azotix,archimonde,722,rogue,assassination,38,14,24
Ghøßt,outland,714,rogue,assassination,23,10,13
Ninieu,kirin-tor,686,rogue,assassination,13,8,5
Ghøstkid,blackrock,686,rogue,assassination,22,8,14
Silass,marécage-de-zangar,672,rogue,assassination,12,7,5
Bluntyblades,silvermoon,672,rogue,assassination,12,7,5
Pekszcze,ravencrest,672,rogue,assassination,12,7,5
Rindar,dun-modr,672,rogue,assassination,12,7,5
Лиринэлла,soulflayer,672,rogue,assassination,12,7,5
Obstechhawi,argent-dawn,672,rogue,assassination,12,7,5
Speedhackarn,jaedenar,672,rogue,assassination,12,7,5
Nightyx,blackmoore,672,rogue,assassination,12,7,5
Ogc,draenor,672,rogue,assassination,18,7,11
Scørp,ravencrest,672,rogue,assassination,18,7,11
Zilemjr,stormscale,672,rogue,assassination,18,7,11
Eeros,kazzak,672,rogue,assassination,18,7,11
Soulriver,kelthuzad,672,rogue,assassination,18,7,11
Like,aegwynn,672,rogue,assassination,18,7,11
Zwarciowa,burning-legion,672,rogue,assassination,18,7,11
Köna,archimonde,672,rogue,assassination,18,7,11
Styxro,blackhand,672,rogue,assassination,18,7,11
Patryk,silvermoon,672,rogue,assassination,21,8,13
Jaqenhghar,pozzo-delleternità,672,rogue,assassination,24,7,17
Saboteur,antonidas,672,rogue,assassination,24,7,17
Featfawkes,ragnaros,672,rogue,assassination,24,7,17
Chokee,blackrock,672,rogue,assassination,24,7,17
Luketherogue,twisting-nether,672,rogue,assassination,24,7,17
Ámbush,sylvanas,672,rogue,assassination,30,7,23
Rikdy,kazzak,672,rogue,assassination,30,7,23
Jupezii,stormreaver,671,rogue,assassination,12,7,5
Роггбог,howling-fjord,671,rogue,assassination,12,7,5
Pookzy,blackhand,671,rogue,assassination,12,7,5
Verresa,sylvanas,671,rogue,assassination,12,7,5
Brazi,dalaran,671,rogue,assassination,18,7,11
Loubina,silvermoon,671,rogue,assassination,18,7,11
Хулиганнчег,galakrond,671,rogue,assassination,18,7,11
Friter,stormscale,671,rogue,assassination,18,7,11
Nïhal,suramar,671,rogue,assassination,18,7,11
Psychoxygen,nemesis,671,rogue,assassination,18,7,11
Ticklzepickl,silvermoon,671,rogue,assassination,18,7,11
Stealthaldo,sylvanas,671,rogue,assassination,18,7,11
Renaai,defias-brotherhood,671,rogue,assassination,18,7,11
Oboraddon,blackrock,671,rogue,assassination,18,7,11
Bødýchëck,blackmoore,670,rogue,assassination,12,7,5
Shadowspike,sanguino,670,rogue,assassination,18,7,11
Malvaxxs,tarren-mill,670,rogue,assassination,18,7,11
Barkai,kazzak,670,rogue,assassination,18,7,11
Valdengard,antonidas,669,rogue,assassination,12,7,5
Waltër,tyrande,669,rogue,assassination,30,7,23
Shinigamî,nemesis,668,rogue,assassination,12,7,5
Fizzkhalifa,zuljin,667,rogue,assassination,25,9,16
Opiïum,ysondre,666,rogue,assassination,12,7,5
Ashami,genjuros,666,rogue,assassination,18,7,11
Háshírama,ravencrest,665,rogue,assassination,22,8,14
Rwaphou,ysondre,664,rogue,assassination,12,7,5
Blueberry,sargeras,662,rogue,assassination,25,9,16
Azkiel,archimonde,660,rogue,assassination,12,7,5
Némésiss,archimonde,660,rogue,assassination,18,7,11
Twotimess,stormscale,658,rogue,assassination,12,7,5
Sanzoo,blackmoore,655,rogue,assassination,17,7,10
Onetwo,aggra-português,655,rogue,assassination,18,7,11
Sessanali,silvermoon,655,rogue,assassination,30,7,23
Niapro,dun-morogh,653,rogue,assassination,17,7,10
Rêdbello,dun-morogh,651,rogue,assassination,18,7,11
Rezzi,ravencrest,647,rogue,assassination,19,8,11
Якунька,soulflayer,637,rogue,assassination,17,7,10
Gaius,zuljin,623,rogue,assassination,15,7,8
Windhawkz,silvermoon,623,rogue,assassination,17,7,10
Chcksothrsty,ragnaros,622,rogue,assassination,11,7,4
Mozenn,draenor,622,rogue,assassination,15,7,8
Милеса,soulflayer,620,rogue,assassination,17,7,10
Suley,blackrock,616,rogue,assassination,17,7,10
Kahsorog,draenor,597,rogue,assassination,14,7,7
Parawietje,twilights-hammer,576,rogue,assassination,12,6,6
Tyranoxoth,stormscale,576,rogue,assassination,12,6,6
Rilodedcoach,kazzak,576,rogue,assassination,12,6,6
Ralffy,auchindoun,576,rogue,assassination,12,6,6
Незблах,gordunni,576,rogue,assassination,12,6,6
Blade,stormscale,576,rogue,assassination,12,6,6
Necroli,kazzak,576,rogue,assassination,12,6,6
Voetdown,blackmoore,576,rogue,assassination,12,6,6
Schníttchen,antonidas,576,rogue,assassination,12,6,6
Wrestlér,sylvanas,576,rogue,assassination,12,6,6
Remindful,ravencrest,576,rogue,assassination,12,6,6
Diagnoze,silvermoon,576,rogue,assassination,12,6,6
Лиргенвард,deathguard,576,rogue,assassination,12,6,6
Mollyperph,ravencrest,576,rogue,assassination,12,6,6
Gamer,aggramar,576,rogue,assassination,12,6,6
Myk,ravencrest,576,rogue,assassination,12,6,6
Grimv,frostmane,576,rogue,assassination,12,6,6
Nekhâ,hyjal,576,rogue,assassination,12,6,6
Flopsy,archimonde,576,rogue,assassination,12,6,6
Sachsun,outland,576,rogue,assassination,12,6,6
Бейнс,howling-fjord,576,rogue,assassination,12,6,6
Liraia,eredar,576,rogue,assassination,18,6,12
Shredbull,ravencrest,576,rogue,assassination,18,6,12
Zte,frostmane,576,rogue,assassination,18,6,12
Dnw,ravencrest,576,rogue,assassination,18,6,12
Blooddance,ragnaros,576,rogue,assassination,18,6,12
Blackmøré,argent-dawn,575,rogue,assassination,12,6,6
Ракфорн,howling-fjord,575,rogue,assassination,12,6,6
Peqpen,ravencrest,575,rogue,assassination,12,6,6
Zyrogue,silvermoon,575,rogue,assassination,12,6,6
Rbgdowngrade,ravencrest,575,rogue,assassination,12,6,6
Shènz,ysondre,575,rogue,assassination,18,6,12
Invisage,grim-batol,575,rogue,assassination,18,6,12
Hmwow,kazzak,575,rogue,assassination,18,6,12
Wééselby,blackrock,575,rogue,assassination,18,6,12
Engetiran,defias-brotherhood,575,rogue,assassination,24,6,18
Fkuwu,dalaran,575,rogue,assassination,24,6,18
Жинпес,gordunni,574,rogue,assassination,12,6,6
Yasmineskye,silvermoon,574,rogue,assassination,12,6,6
Outofstuns,earthen-ring,574,rogue,assassination,18,7,11
Dahlinska,ravencrest,574,rogue,assassination,18,6,12
Whiss,blackmoore,573,rogue,assassination,12,6,6
Letheus,stormscale,573,rogue,assassination,18,6,12
Whiz,alexstrasza,572,rogue,assassination,21,7,14
Ninjaops,ravencrest,571,rogue,assassination,12,6,6
Ranjual,blackhand,571,rogue,assassination,12,6,6
Симус,lich-king,568,rogue,assassination,12,6,6
Juweetwelwie,twisting-nether,567,rogue,assassination,12,6,6
Clapslap,blackmoore,565,rogue,assassination,12,6,6
Dimah,blackmoore,563,rogue,assassination,18,6,12
Наджийа,lich-king,560,rogue,assassination,18,6,12
Givilwtf,eredar,543,rogue,assassination,17,6,11
Nÿst,khaz-modan,543,rogue,assassination,17,6,11
Stælf,argent-dawn,543,rogue,assassination,22,6,16
Ûltraaxx,ysondre,528,rogue,assassination,15,6,9
Snigmorder,silvermoon,528,rogue,assassination,16,6,10
Stonyhavana,ravencrest,527,rogue,assassination,11,6,5
Vaeira,ravencrest,527,rogue,assassination,17,6,11
Sjûkdøm,silvermoon,527,rogue,assassination,18,6,12
Гарднэр,soulflayer,511,rogue,assassination,8,6,2
Bamboozledx,draenor,511,rogue,assassination,11,6,5
Стронг,soulflayer,511,rogue,assassination,15,6,9
Gereon,drakthul,510,rogue,assassination,16,6,10
Ðescartes,antonidas,480,rogue,assassination,6,5,1
Pwoned,frostmourne,480,rogue,assassination,6,5,1
Anhduy,blackrock,480,rogue,assassination,12,5,7
Lämä,stormreaver,480,rogue,assassination,12,5,7
Ghðst,stormscale,480,rogue,assassination,12,5,7
Morgan,argent-dawn,480,rogue,assassination,12,5,7
Letmeplay,ravencrest,480,rogue,assassination,12,5,7
Hì,bronzebeard,480,rogue,assassination,12,5,7
Rylie,garona,480,rogue,assassination,12,5,7
Backstabjr,blackmoore,480,rogue,assassination,12,5,7
Snurry,tarren-mill,480,rogue,assassination,12,5,7
Эрихард,howling-fjord,480,rogue,assassination,12,5,7
Aikaza,blackmoore,480,rogue,assassination,12,5,7
Heftychonk,doomhammer,480,rogue,assassination,12,5,7
Exiv,ragnaros,480,rogue,assassination,12,5,7
Æsthaetic,silvermoon,480,rogue,assassination,12,5,7
Kidalica,auchindoun,480,rogue,assassination,12,5,7
Shabakftw,twisting-nether,480,rogue,assassination,12,5,7
Reáper,frostwolf,480,rogue,assassination,12,5,7
Fixsap,aegwynn,480,rogue,assassination,12,5,7
Protpaladin,sylvanas,480,rogue,assassination,12,5,7
Nippzy,twisting-nether,480,rogue,assassination,12,5,7
Trickfulz,stormscale,480,rogue,assassination,12,5,7
Sholace,blackrock,480,rogue,assassination,12,5,7
Kendyx,kirin-tor,480,rogue,assassination,12,5,7
Erdin,ravencrest,480,rogue,assassination,12,5,7
Qwneêr,tarren-mill,480,rogue,assassination,12,5,7
Рэкрейвон,gordunni,480,rogue,assassination,12,5,7
Gögel,draenor,480,rogue,assassination,12,5,7
Zajii,eredar,480,rogue,assassination,12,5,7
Кишмякх,howling-fjord,480,rogue,assassination,12,5,7
Malatang,thrall,480,rogue,assassination,12,5,7
Psg,argent-dawn,480,rogue,assassination,12,5,7
Злобность,gordunni,480,rogue,assassination,12,5,7
Calve,tarren-mill,480,rogue,assassination,12,5,7
Stealthi,stormscale,480,rogue,assassination,18,5,13
Exanimu,ravencrest,480,rogue,assassination,18,5,13
Republicano,cthun,480,rogue,assassination,18,5,13
Kenjí,silvermoon,480,rogue,assassination,18,5,13
Fawkkes,la-croisade-écarlate,480,rogue,assassination,18,5,13
Wrathed,stormreaver,480,rogue,assassination,18,5,13
Ykw,tarren-mill,480,rogue,assassination,18,5,13
Søtez,ravencrest,480,rogue,assassination,18,5,13
Dilemma,zuljin,480,rogue,assassination,18,5,13
Noxxy,archimonde,480,rogue,assassination,24,5,19
Vizifyx,ravencrest,480,rogue,assassination,24,5,19
Хэресс,soulflayer,479,rogue,assassination,6,5,1
Saptember,blackhand,479,rogue,assassination,6,5,1
Ganzord,dun-modr,479,rogue,assassination,12,5,7
Lescud,illidan,479,rogue,assassination,12,5,7
Dahlin,stormscale,479,rogue,assassination,12,5,7
Tossmysaladx,silvermoon,479,rogue,assassination,12,5,7
Дамид,gordunni,479,rogue,assassination,12,5,7
Shadowfangs,ravencrest,479,rogue,assassination,12,5,7
Jaymo,saurfang,479,rogue,assassination,12,5,7
Некролз,gordunni,479,rogue,assassination,13,5,8
Hallogenic,silvermoon,479,rogue,assassination,18,5,13
Howhigh,stormscale,479,rogue,assassination,18,5,13
Sît,twisting-nether,479,rogue,assassination,24,5,19
Astefion,dalaran,479,rogue,assassination,24,5,19
Dravenfoot,defias-brotherhood,477,rogue,assassination,12,5,7
Jacksoon,dun-morogh,477,rogue,assassination,18,5,13
Lubor,thrall,476,rogue,assassination,12,5,7
Magok,ysondre,476,rogue,assassination,12,5,7
Owlcat,argent-dawn,475,rogue,assassination,12,5,7
Razboy,dun-morogh,475,rogue,assassination,12,5,7
Eljana,amanthul,472,rogue,assassination,20,7,13
Deevoll,tarren-mill,447,rogue,assassination,20,6,14
Элиссенда,deathguard,446,rogue,assassination,11,5,6
Sørä,ragnaros,444,rogue,assassination,10,5,5
Jimmybrä,draenor,431,rogue,assassination,11,5,6
Bhabì,uldaman,431,rogue,assassination,11,5,6
Rhâpsødýx,twisting-nether,426,rogue,assassination,14,6,8
Mâêl,blackmoore,426,rogue,assassination,16,6,10
Rohalds,silvermoon,426,rogue,assassination,20,6,14
Bluehell,sanguino,415,rogue,assassination,10,5,5
Horóz,antonidas,400,rogue,assassination,7,5,2
Døpegame,ravencrest,400,rogue,assassination,13,5,8
Зайт,howling-fjord,392,rogue,assassination,21,6,15
Imatrickster,draenor,384,rogue,assassination,6,4,2
Мёртвыйанарх,soulflayer,384,rogue,assassination,6,4,2
Spolly,frostwolf,384,rogue,assassination,6,4,2
Ebayscammer,ravencrest,384,rogue,assassination,6,4,2
Áq,ravencrest,384,rogue,assassination,6,4,2
Дикийминус,howling-fjord,384,rogue,assassination,6,4,2
Rodjin,hyjal,384,rogue,assassination,6,4,2
Sîccarîus,ravencrest,384,rogue,assassination,6,4,2
Obscuritys,nemesis,384,rogue,assassination,6,4,2
Meccura,silvermoon,384,rogue,assassination,6,4,2
Neyloa,kazzak,384,rogue,assassination,6,4,2
Sayianwho,ravencrest,384,rogue,assassination,6,4,2
Путьказаха,gordunni,384,rogue,assassination,6,4,2
Bwònsàmdì,twisting-nether,384,rogue,assassination,6,4,2
Vögue,burning-legion,384,rogue,assassination,6,4,2
Tebzr,ravencrest,384,rogue,assassination,6,4,2
Gâla,elune,384,rogue,assassination,6,4,2
Mïkasa,ysondre,384,rogue,assassination,6,4,2
Whosmanz,ragnaros,384,rogue,assassination,6,4,2
Mouchess,hyjal,384,rogue,assassination,6,4,2
Jinxy,outland,384,rogue,assassination,6,4,2
Красаа,soulflayer,384,rogue,assassination,6,4,2
Eltitoedu,dun-modr,384,rogue,assassination,6,4,2
Fûckínggød,outland,384,rogue,assassination,6,4,2
Painkeeper,stormscale,384,rogue,assassination,6,4,2
Sparv,jaedenar,384,rogue,assassination,6,4,2
Yuunr,kazzak,384,rogue,assassination,6,4,2
Биокарлик,soulflayer,384,rogue,assassination,6,4,2
Mituxararr,blackrock,384,rogue,assassination,6,4,2
Leviathann,doomhammer,384,rogue,assassination,6,4,2
Ðoppex,blackmoore,384,rogue,assassination,6,4,2
Nineball,frostmane,384,rogue,assassination,6,4,2
Ùmbræ,hyjal,384,rogue,assassination,12,4,8
Ра,gordunni,384,rogue,assassination,12,4,8
Obernik,draenor,384,rogue,assassination,12,4,8
Wickness,dun-modr,384,rogue,assassination,12,4,8
Bijâ,aegwynn,384,rogue,assassination,12,4,8
Doomdagger,chamber-of-aspects,384,rogue,assassination,12,4,8
Norpz,aggra-português,384,rogue,assassination,12,4,8
Meimei,sanguino,384,rogue,assassination,12,4,8
Xanyy,bloodfeather,384,rogue,assassination,12,4,8
Ryxon,arathor,384,rogue,assassination,12,4,8
Röguetönerö,dun-modr,384,rogue,assassination,12,4,8
Barisso,burning-legion,384,rogue,assassination,12,4,8
Izzyb,auchindoun,384,rogue,assassination,12,4,8
Галиновна,soulflayer,384,rogue,assassination,12,4,8
Níterush,eredar,384,rogue,assassination,12,4,8
Kinntama,twisting-nether,384,rogue,assassination,12,4,8
Stepkickgodx,blackmoore,384,rogue,assassination,12,4,8
Ланароудсс,gordunni,384,rogue,assassination,12,4,8
Lilrookie,argent-dawn,384,rogue,assassination,12,4,8
Sharkøo,eredar,384,rogue,assassination,12,4,8
Yakii,eredar,384,rogue,assassination,12,4,8
Honeycakes,ravencrest,384,rogue,assassination,12,4,8
Mysmullig,ragnaros,384,rogue,assassination,12,4,8
Zence,blackrock,384,rogue,assassination,12,4,8
Гранетанцор,blackscar,384,rogue,assassination,12,4,8
Nitroxygen,outland,384,rogue,assassination,12,4,8
Gämèøvërkíd,archimonde,384,rogue,assassination,12,4,8
Ddhelpra,blackrock,384,rogue,assassination,12,4,8
Kïdney,stormscale,384,rogue,assassination,12,4,8
Ксяосупдупао,howling-fjord,384,rogue,assassination,12,4,8
Zerfex,eredar,384,rogue,assassination,12,4,8
Paidaki,kazzak,384,rogue,assassination,12,4,8
Kallelelel,tarren-mill,384,rogue,assassination,12,4,8
Эстанга,grom,384,rogue,assassination,12,4,8
Артфулр,howling-fjord,384,rogue,assassination,12,4,8
Jevo,kazzak,384,rogue,assassination,12,4,8
Achterom,tarren-mill,384,rogue,assassination,12,4,8
Feucht,argent-dawn,384,rogue,assassination,12,4,8
Crimatoria,rajaxx,384,rogue,assassination,12,4,8
Redcutter,silvermoon,384,rogue,assassination,12,4,8
Darkchomeur,archimonde,384,rogue,assassination,12,4,8
Katakuri,stormscale,384,rogue,assassination,18,4,14
Gorgeousréd,aegwynn,384,rogue,assassination,18,4,14
Lefthook,argent-dawn,384,rogue,assassination,18,4,14
Sythex,archimonde,384,rogue,assassination,18,4,14
Ibizà,ravencrest,384,rogue,assassination,18,4,14
Mindset,eredar,384,rogue,assassination,18,4,14
Lïke,frostwolf,384,rogue,assassination,18,4,14
Rnghero,blackmoore,384,rogue,assassination,18,4,14
Zerö,tarren-mill,384,rogue,assassination,18,4,14
Елианора,gordunni,384,rogue,assassination,18,4,14
Лайнэл,deathweaver,384,rogue,assassination,18,4,14
Ристоврация,gordunni,384,rogue,assassination,18,4,14
Tedko,dun-modr,383,rogue,assassination,6,4,2
Vexedancer,stormscale,383,rogue,assassination,6,4,2
Ppogg,pozzo-delleternità,383,rogue,assassination,12,4,8
Белунчус,howling-fjord,383,rogue,assassination,12,4,8
Kyzzo,dalaran,383,rogue,assassination,12,4,8
Obbexd,outland,383,rogue,assassination,12,4,8
Algopyrin,ragnaros,383,rogue,assassination,12,4,8
Töbïï,sylvanas,383,rogue,assassination,12,4,8
Zhafira,magtheridon,383,rogue,assassination,12,4,8
Ксенорф,ashenvale,383,rogue,assassination,15,4,11
Twinkyzzö,archimonde,382,rogue,assassination,12,4,8
Бамболейлоо,grom,381,rogue,assassination,12,4,8
Pumpy,blades-edge,381,rogue,assassination,12,4,8
Møkkagnom,darkspear,381,rogue,assassination,12,4,8
Easy,kult-der-verdammten,376,rogue,assassination,18,4,14
Iwilsucceed,argent-dawn,376,rogue,assassination,30,5,25
Stealtheous,arathor,367,rogue,assassination,11,4,7
Altaár,dun-modr,367,rogue,assassination,29,4,25
Lilbubblegum,emerald-dream,351,rogue,assassination,11,4,7
Стелсочка,gordunni,351,rogue,assassination,11,4,7
Клозо,galakrond,351,rogue,assassination,17,4,13
Морзо,howling-fjord,351,rogue,assassination,17,4,13
Voraq,blackhand,350,rogue,assassination,11,4,7
Arathir,ravencrest,330,rogue,assassination,15,5,10
Benh,ysondre,319,rogue,assassination,8,4,4
Fz,chants-éternels,319,rogue,assassination,16,5,11
Lättja,hyjal,288,rogue,assassination,6,3,3
Охотникведьм,soulflayer,288,rogue,assassination,6,3,3
Олддеадроб,soulflayer,288,rogue,assassination,6,3,3
Stroògz,ysondre,288,rogue,assassination,6,3,3
Jackpackáge,sylvanas,288,rogue,assassination,6,3,3
Labronka,sanguino,288,rogue,assassination,6,3,3
Ultraxette,ysondre,288,rogue,assassination,6,3,3
Doxxei,draenor,288,rogue,assassination,6,3,3
Tasster,frostwolf,288,rogue,assassination,6,3,3
Deadraw,aegwynn,288,rogue,assassination,6,3,3
Aska,antonidas,288,rogue,assassination,6,3,3
Keexy,ravencrest,288,rogue,assassination,6,3,3
Darák,thrall,288,rogue,assassination,6,3,3
Stealthyist,darkmoon-faire,288,rogue,assassination,6,3,3
Lïhtêñßërg,ravencrest,288,rogue,assassination,6,3,3
Zigaretz,ravencrest,288,rogue,assassination,6,3,3
Illmindofboo,twisting-nether,288,rogue,assassination,6,3,3
Râizo,archimonde,288,rogue,assassination,6,3,3
Nevazutu,twisting-nether,288,rogue,assassination,6,3,3
Reaventis,ravencrest,288,rogue,assassination,6,3,3
Laojin,kiljaeden,288,rogue,assassination,6,3,3
Зорго,deathguard,288,rogue,assassination,6,3,3
Nezukóchan,ravencrest,288,rogue,assassination,6,3,3
Ximenidriel,ravencrest,288,rogue,assassination,6,3,3
Langneurr,archimonde,288,rogue,assassination,6,3,3
Ordwin,silvermoon,288,rogue,assassination,6,3,3
Ацилия,galakrond,288,rogue,assassination,6,3,3
Myxx,ravencrest,288,rogue,assassination,6,3,3
Darkknïght,silvermoon,288,rogue,assassination,6,3,3
Kaylí,kazzak,288,rogue,assassination,6,3,3
Sorashna,agamaggan,288,rogue,assassination,6,3,3
Solomid,ravencrest,288,rogue,assassination,6,3,3
Xãwé,kazzak,288,rogue,assassination,6,3,3
Jsprxo,stormscale,288,rogue,assassination,6,3,3
Smorcoolio,stormscale,288,rogue,assassination,6,3,3
Mazokisti,outland,288,rogue,assassination,6,3,3
Лорб,howling-fjord,288,rogue,assassination,6,3,3
Gitguduwu,tarren-mill,288,rogue,assassination,6,3,3
Luciferx,stormscale,288,rogue,assassination,6,3,3
Mordred,stormscale,288,rogue,assassination,6,3,3
Котянкахд,howling-fjord,288,rogue,assassination,6,3,3
Rodént,argent-dawn,288,rogue,assassination,6,3,3
Batta,drakthul,288,rogue,assassination,6,3,3
Steálth,silvermoon,288,rogue,assassination,6,3,3
Ðaemøn,archimonde,288,rogue,assassination,12,4,8
Vyllaftw,hyjal,288,rogue,assassination,10,3,7
Psybelette,khaz-modan,288,rogue,assassination,15,4,11
Terya,ragnaros,288,rogue,assassination,12,3,9
Курога,howling-fjord,288,rogue,assassination,12,3,9
Teldã,archimonde,288,rogue,assassination,12,3,9
Bleubleute,hyjal,288,rogue,assassination,12,3,9
Persës,outland,288,rogue,assassination,12,3,9
Redork,twisting-nether,288,rogue,assassination,12,3,9
Maløcøxysse,dalaran,288,rogue,assassination,12,3,9
Gløck,die-aldor,288,rogue,assassination,12,3,9
Smokeyx,outland,288,rogue,assassination,12,3,9
Ryurfy,archimonde,288,rogue,assassination,12,3,9
Азунайт,ashenvale,288,rogue,assassination,12,3,9
Vessel,tarren-mill,288,rogue,assassination,12,3,9
Poerta,burning-blade,288,rogue,assassination,12,3,9
Nezuko,gilneas,288,rogue,assassination,12,3,9
Narutø,sylvanas,288,rogue,assassination,12,3,9
Rôst,ravencrest,288,rogue,assassination,12,3,9
Kylìemirogue,blackrock,288,rogue,assassination,12,3,9
Eriksonn,drakthul,288,rogue,assassination,12,3,9
Mxrbid,defias-brotherhood,288,rogue,assassination,12,3,9
Zip,alleria,288,rogue,assassination,12,3,9
Defiasrogue,blackmoore,288,rogue,assassination,12,3,9
Hersuub,blackmoore,288,rogue,assassination,12,3,9
Sickko,stormscale,288,rogue,assassination,12,3,9
Bumaqt,silvermoon,288,rogue,assassination,12,3,9
Poguemahone,ravencrest,288,rogue,assassination,12,3,9
Bakalan,dun-modr,288,rogue,assassination,12,3,9
Zeiden,sanguino,288,rogue,assassination,12,3,9
Fushimi,ravencrest,288,rogue,assassination,12,3,9
Yakku,drakthul,288,rogue,assassination,12,3,9
Hardkølle,ravencrest,288,rogue,assassination,12,3,9
Kyropth,eredar,288,rogue,assassination,12,3,9
Hamer,eredar,288,rogue,assassination,12,3,9
Turbocandle,ravencrest,288,rogue,assassination,12,3,9
Onedance,blackrock,288,rogue,assassination,14,3,11
Jáyjay,antonidas,288,rogue,assassination,18,3,15
Crittylohan,blackrock,288,rogue,assassination,18,3,15
Memphismp,drakthul,288,rogue,assassination,18,3,15
Jiraishin,blackmoore,288,rogue,assassination,24,3,21
Гламурятина,gordunni,287,rogue,assassination,6,3,3
Wizzo,onyxia,287,rogue,assassination,6,3,3
Yubleeding,kazzak,287,rogue,assassination,6,3,3
Vv,terokkar,287,rogue,assassination,6,3,3
Killboom,rexxar,287,rogue,assassination,6,3,3
Умбрен,lich-king,287,rogue,assassination,6,3,3
Willin,kazzak,287,rogue,assassination,6,3,3
Vendox,defias-brotherhood,287,rogue,assassination,12,3,9
Saleanos,die-aldor,287,rogue,assassination,12,3,9
Nastyrogue,burning-legion,287,rogue,assassination,12,3,9
Bondina,nemesis,286,rogue,assassination,6,3,3
Фоксивнир,soulflayer,286,rogue,assassination,6,3,3
Adewale,kazzak,286,rogue,assassination,12,3,9
Derrieretoî,archimonde,285,rogue,assassination,12,3,9
Ecilaa,conseil-des-ombres,285,rogue,assassination,12,3,9
Verbb,turalyon,284,rogue,assassination,12,3,9
Bobydrift,khaz-modan,284,rogue,assassination,12,3,9
Layson,les-clairvoyants,271,rogue,assassination,11,3,8
Bloodhand,blackmoore,255,rogue,assassination,11,3,8
Candise,ysondre,253,rogue,assassination,11,3,8
Blckrogue,bloodfeather,240,rogue,assassination,9,3,6
Stashin,stormscale,240,rogue,assassination,10,3,7
Dmr,aegwynn,239,rogue,assassination,5,3,2
Starkad,archimonde,239,rogue,assassination,5,3,2
Asdfqwerty,ravencrest,223,rogue,assassination,8,3,5
Kebabgodx,sanguino,223,rogue,assassination,8,3,5
Eazmode,outland,192,rogue,assassination,6,2,4
Venom,stormscale,192,rogue,assassination,6,2,4
Henlh,turalyon,192,rogue,assassination,6,2,4
Китей,howling-fjord,192,rogue,assassination,6,2,4
Bloodwraith,stormscale,192,rogue,assassination,6,2,4
Xeggy,turalyon,192,rogue,assassination,6,2,4
Rãz,stormscale,192,rogue,assassination,6,2,4
Helcof,emerald-dream,192,rogue,assassination,6,2,4
Bórgós,blackrock,192,rogue,assassination,6,2,4
Fredge,stormscale,192,rogue,assassination,6,2,4
Grinfester,stormscale,192,rogue,assassination,6,2,4
Alicanbey,silvermoon,192,rogue,assassination,6,2,4
Diliu,doomhammer,192,rogue,assassination,6,2,4
Mallaurya,dalaran,192,rogue,assassination,6,2,4
Bangerstab,draenor,192,rogue,assassination,6,2,4
Redrumx,outland,192,rogue,assassination,6,2,4
Warbell,stormscale,192,rogue,assassination,6,2,4
Кашеварить,gordunni,192,rogue,assassination,6,2,4
Ikaze,kazzak,192,rogue,assassination,6,2,4
Syrn,ravencrest,192,rogue,assassination,6,2,4
Pixeling,ravencrest,192,rogue,assassination,6,2,4
Renyth,argent-dawn,192,rogue,assassination,6,2,4
Reichy,ravencrest,192,rogue,assassination,6,2,4
Hertyso,outland,192,rogue,assassination,6,2,4
Garou,blackhand,192,rogue,assassination,6,2,4
Grüeßseebach,todeswache,192,rogue,assassination,6,2,4
Люняшка,booty-bay,192,rogue,assassination,6,2,4
Warrdenn,draenor,192,rogue,assassination,6,2,4
Mobrac,silvermoon,192,rogue,assassination,6,2,4
Kersatos,silvermoon,192,rogue,assassination,6,2,4
Laciecute,silvermoon,192,rogue,assassination,6,2,4
Robtherobber,kazzak,192,rogue,assassination,6,2,4
Althieves,ravencrest,192,rogue,assassination,6,2,4
Acronia,ragnaros,192,rogue,assassination,6,2,4
Maxrizzx,ravencrest,192,rogue,assassination,6,2,4
Sokillu,silvermoon,192,rogue,assassination,6,2,4
Ichiegoichie,draenor,192,rogue,assassination,6,2,4
Саулите,deathguard,192,rogue,assassination,6,2,4
Хемофилия,grom,192,rogue,assassination,6,2,4
Zyphion,ragnaros,192,rogue,assassination,6,2,4
Sycko,alakir,192,rogue,assassination,6,2,4
Hideout,ravencrest,192,rogue,assassination,6,2,4
Sêrgi,minahonda,192,rogue,assassination,6,2,4
Saix,blackrock,192,rogue,assassination,6,2,4
Selfcut,blackmoore,192,rogue,assassination,6,2,4
Нойсеен,gordunni,192,rogue,assassination,6,2,4
Sanzsa,ravencrest,192,rogue,assassination,6,2,4
Новиччокк,gordunni,192,rogue,assassination,6,2,4
Tinta,aszune,192,rogue,assassination,6,2,4
Ðelvin,dalaran,192,rogue,assassination,6,2,4
Maedyv,magtheridon,192,rogue,assassination,6,2,4
Xanders,draenor,192,rogue,assassination,6,2,4
Nudelholz,blackrock,192,rogue,assassination,6,2,4
Synexo,sylvanas,192,rogue,assassination,6,2,4
Revisiôn,tarren-mill,192,rogue,assassination,6,2,4
Tofix,tarren-mill,192,rogue,assassination,6,2,4
Jonewrld,ravencrest,192,rogue,assassination,6,2,4
Gladßreakz,dun-modr,192,rogue,assassination,6,2,4
Fälke,dun-modr,192,rogue,assassination,6,2,4
Katara,antonidas,192,rogue,assassination,6,2,4
Niagram,dun-modr,192,rogue,assassination,6,2,4
Fîst,antonidas,192,rogue,assassination,6,2,4
Díddz,tarren-mill,192,rogue,assassination,6,2,4
Habba,dragonblight,192,rogue,assassination,6,2,4
Brazzersx,antonidas,192,rogue,assassination,6,2,4
Goldenblitz,blackmoore,192,rogue,assassination,6,2,4
Naí,zuljin,192,rogue,assassination,6,2,4
Сабстрайк,soulflayer,192,rogue,assassination,6,2,4
Gane,sanguino,192,rogue,assassination,6,2,4
Аренатрюки,soulflayer,192,rogue,assassination,6,2,4
Highz,zenedar,192,rogue,assassination,6,2,4
Weird,blackmoore,192,rogue,assassination,6,2,4
Doktorrog,blackrock,192,rogue,assassination,6,2,4
Noilek,sylvanas,192,rogue,assassination,6,2,4
Zømbië,kazzak,192,rogue,assassination,6,2,4
Rearmer,burning-legion,192,rogue,assassination,6,2,4
Kikitaklk,uldum,192,rogue,assassination,6,2,4
Аутянин,soulflayer,192,rogue,assassination,6,2,4
Yanlu,ysondre,192,rogue,assassination,6,2,4
Сильфитт,gordunni,192,rogue,assassination,6,2,4
Oczku,burning-legion,192,rogue,assassination,6,2,4
Shúrae,blackmoore,192,rogue,assassination,6,2,4
Ленчюня,soulflayer,192,rogue,assassination,6,2,4
Isucu,burning-legion,192,rogue,assassination,6,2,4
Sunbra,hyjal,192,rogue,assassination,6,2,4
Иннхотеп,howling-fjord,192,rogue,assassination,6,2,4
Totentánz,silvermoon,192,rogue,assassination,15,3,12
Withoutlove,drakthul,192,rogue,assassination,12,2,10
Hitogoroshi,hyjal,192,rogue,assassination,12,2,10
Vezinia,ravencrest,192,rogue,assassination,12,2,10
Romiel,ravencrest,192,rogue,assassination,12,2,10
Sylvanshadow,nemesis,192,rogue,assassination,12,2,10
Rasponi,ragnaros,192,rogue,assassination,12,2,10
Mingzhu,ravencrest,192,rogue,assassination,12,2,10
Yüm,burning-blade,192,rogue,assassination,12,2,10
Ôrígìnälnezo,drakthul,192,rogue,assassination,12,2,10
Ayatsuji,nemesis,192,rogue,assassination,12,2,10
Sheyrrà,aegwynn,192,rogue,assassination,12,2,10
Skilz,sylvanas,192,rogue,assassination,12,2,10
Nesä,hyjal,192,rogue,assassination,12,2,10
Skuggdunkarn,draenor,192,rogue,assassination,12,2,10
Cacucoxpahu,kazzak,192,rogue,assassination,12,2,10
Лэйкиро,gordunni,192,rogue,assassination,12,2,10
Bolesnirogue,draenor,192,rogue,assassination,12,2,10
Neirdà,hyjal,192,rogue,assassination,12,2,10
Hanteran,magtheridon,192,rogue,assassination,12,2,10
Параножей,howling-fjord,192,rogue,assassination,12,2,10
Sneakzy,sylvanas,192,rogue,assassination,12,2,10
Azzmodia,aegwynn,192,rogue,assassination,12,2,10
Coopér,argent-dawn,192,rogue,assassination,18,2,16
Drexxo,drakthul,191,rogue,assassination,6,2,4
Nhot,kazzak,191,rogue,assassination,6,2,4
Токссиси,gordunni,191,rogue,assassination,6,2,4
Thugore,thunderhorn,191,rogue,assassination,6,2,4
Mersible,blackrock,191,rogue,assassination,6,2,4
Midô,dun-morogh,191,rogue,assassination,12,2,10
Вангельм,gordunni,191,rogue,assassination,12,2,10
Murant,twisting-nether,190,rogue,assassination,12,2,10
Snikrot,karazhan,190,rogue,assassination,12,2,10
Icyicé,kazzak,175,rogue,assassination,11,2,9
Nià,argent-dawn,158,rogue,assassination,10,2,8
Rascall,anetheron,138,rogue,assassination,8,3,5
Shâdowfreeze,onyxia,138,rogue,assassination,22,4,18
Рестинписер,soulflayer,96,rogue,assassination,6,1,5
Macix,zuljin,96,rogue,assassination,6,1,5
Asmodal,antonidas,96,rogue,assassination,6,1,5
Buffdh,eredar,96,rogue,assassination,6,1,5
Shåkø,tarren-mill,96,rogue,assassination,6,1,5
Natillaa,dun-modr,96,rogue,assassination,6,1,5
Natkatje,azjolnerub,96,rogue,assassination,6,1,5
Gordous,ysondre,96,rogue,assassination,6,1,5
Normbutt,outland,96,rogue,assassination,6,1,5
Takiya,ysondre,96,rogue,assassination,6,1,5
Thiranor,cthun,96,rogue,assassination,6,1,5
Finfcyn,burning-legion,96,rogue,assassination,6,1,5
Penetrantos,eredar,96,rogue,assassination,6,1,5
Бларефул,eversong,96,rogue,assassination,6,1,5
Flêxô,antonidas,96,rogue,assassination,6,1,5
Bizzarerogue,tarren-mill,96,rogue,assassination,6,1,5
Asasina,los-errantes,96,rogue,assassination,6,1,5
Yörgs,eredar,96,rogue,assassination,6,1,5
Msrogue,eredar,96,rogue,assassination,6,1,5
Roronao,sanguino,96,rogue,assassination,6,1,5
Kilabre,twisting-nether,96,rogue,assassination,6,1,5
Nelji,archimonde,96,rogue,assassination,6,1,5
Mekóz,draenor,96,rogue,assassination,6,1,5
Метаболикх,gordunni,96,rogue,assassination,6,1,5
Tokyotears,ravencrest,96,rogue,assassination,6,1,5
Vanisshh,hyjal,96,rogue,assassination,6,1,5
Yamoshí,sanguino,96,rogue,assassination,6,1,5
Nexieane,ravencrest,96,rogue,assassination,6,1,5
Иордани,gordunni,96,rogue,assassination,6,1,5
Møtivate,ragnaros,96,rogue,assassination,6,1,5
Ohmydotz,archimonde,96,rogue,assassination,6,1,5
Deceptionz,ravencrest,96,rogue,assassination,6,1,5
Knive,marécage-de-zangar,96,rogue,assassination,6,1,5
Faso,thunderhorn,96,rogue,assassination,6,1,5
Hendrikske,aggramar,96,rogue,assassination,6,1,5
Vexior,argent-dawn,96,rogue,assassination,6,1,5
Royalflüx,grim-batol,96,rogue,assassination,6,1,5
Wøølfgang,archimonde,96,rogue,assassination,6,1,5
Дизелюжн,howling-fjord,96,rogue,assassination,6,1,5
Кейнилин,gordunni,96,rogue,assassination,6,1,5
Chøsen,stormscale,96,rogue,assassination,6,1,5
Frequenzalfa,silvermoon,96,rogue,assassination,6,1,5
Geludor,alonsus,96,rogue,assassination,6,1,5
Hallowéén,turalyon,96,rogue,assassination,6,1,5
Dachdagger,malfurion,96,rogue,assassination,6,1,5
Guzirogue,azshara,96,rogue,assassination,6,1,5
Janx,aegwynn,96,rogue,assassination,6,1,5
Pfaded,steamwheedle-cartel,96,rogue,assassination,6,1,5
Roguy,wildhammer,96,rogue,assassination,6,1,5
Sbx,alakir,96,rogue,assassination,6,1,5
Ravenom,sylvanas,96,rogue,assassination,6,1,5
Yamajinzu,blackmoore,96,rogue,assassination,6,1,5
Ñavy,archimonde,96,rogue,assassination,6,1,5
Tyzla,blackrock,96,rogue,assassination,6,1,5
Jamzyrogue,emerald-dream,96,rogue,assassination,6,1,5
Sly,emerald-dream,96,rogue,assassination,6,1,5
Dayanir,aggra-português,96,rogue,assassination,6,1,5
Dieschönheit,kazzak,96,rogue,assassination,6,1,5
Inquiétude,archimonde,96,rogue,assassination,6,1,5
Ðiè,frostmane,96,rogue,assassination,6,1,5
Kenko,aerie-peak,96,rogue,assassination,6,1,5
Salitra,die-aldor,96,rogue,assassination,6,1,5
Mortdorei,argent-dawn,96,rogue,assassination,6,1,5
Goblindrill,blackmoore,96,rogue,assassination,6,1,5
Miamalkova,zuluhed,96,rogue,assassination,6,1,5
Гриксон,blackscar,96,rogue,assassination,6,1,5
Lorinthel,argent-dawn,96,rogue,assassination,6,1,5
Missàh,archimonde,96,rogue,assassination,6,1,5
Куллтро,blackscar,96,rogue,assassination,6,1,5
Роудхог,blackscar,96,rogue,assassination,6,1,5
Expositiv,blackmoore,96,rogue,assassination,6,1,5
Pjotre,mannoroth,96,rogue,assassination,6,1,5
Распяздяй,gordunni,96,rogue,assassination,7,1,6
Proilas,draenor,96,rogue,assassination,11,1,10
Мипанка,gordunni,96,rogue,assassination,12,1,11
Роророл,gordunni,96,rogue,assassination,12,1,11
Sanguinea,minahonda,96,rogue,assassination,12,1,11
Tybiereus,argent-dawn,96,rogue,assassination,12,1,11
Триплсап,howling-fjord,96,rogue,assassination,12,1,11
Kyoukaî,archimonde,96,rogue,assassination,12,1,11
Ønlylovcindy,drekthar,96,rogue,assassination,12,1,11
Barbuniarz,shadowsong,96,rogue,assassination,12,1,11
Engles,twisting-nether,96,rogue,assassination,12,1,11
Diededlmao,ragnaros,96,rogue,assassination,12,1,11
Jawen,silvermoon,96,rogue,assassination,12,1,11
Calyon,hyjal,96,rogue,assassination,18,1,17
Allydede,blackmoore,96,rogue,assassination,18,1,17
Crispflake,frostwolf,96,rogue,assassination,18,1,17
Ravéñ,silvermoon,96,rogue,assassination,24,1,23
Vicenzo,archimonde,95,rogue,assassination,3,2,1
Belina,draenor,95,rogue,assassination,6,1,5
Elvís,chamber-of-aspects,95,rogue,assassination,6,1,5
Аморалез,deathweaver,95,rogue,assassination,6,1,5
Vound,tarren-mill,64,rogue,assassination,4,1,3
Elgande,stormrage,63,rogue,assassination,2,2,0
Rûzk,frostwolf,48,rogue,assassination,3,1,2
Vanquishz,arathor,48,rogue,assassination,3,1,2
Latscholol,malorne,42,rogue,assassination,12,3,9
Kanilol,eredar,42,rogue,assassination,8,2,6
Nightbláde,burning-legion,42,rogue,assassination,10,2,8
Sýn,eredar,42,rogue,assassination,10,2,8
Kkraken,dalaran,41,rogue,assassination,10,2,8
Trashgame,kazzak,2159,shaman,restoration,131,73,58
Hímars,ragnaros,2151,shaman,restoration,101,52,49
Somethingnew,azuremyst,2139,shaman,restoration,142,74,68
Мефодийшаман,howling-fjord,2126,shaman,restoration,142,88,54
Shadrak,eredar,2123,shaman,restoration,84,46,38
Mininini,ravencrest,2120,shaman,restoration,133,70,63
Josë,twisting-nether,2119,shaman,restoration,137,73,64
Терату,howling-fjord,2118,shaman,restoration,84,46,38
Crnine,pozzo-delleternità,2112,shaman,restoration,75,49,26
Domo,stormscale,2112,shaman,restoration,132,64,68
Navajito,tarren-mill,2102,shaman,restoration,54,39,15
Jackypink,ragnaros,2083,shaman,restoration,261,135,126
Libanô,archimonde,2079,shaman,restoration,991,488,503
Unbrokeñ,stormscale,2077,shaman,restoration,99,49,50
Rogerscruton,blades-edge,2073,shaman,restoration,72,40,32
Ultrahound,twisting-nether,2057,shaman,restoration,48,39,9
Chäväman,archimonde,2049,shaman,restoration,162,80,82
Swineflowing,ysondre,2042,shaman,restoration,102,56,46
Benpai,eredar,2028,shaman,restoration,82,40,42
Jelincic,ravencrest,2027,shaman,restoration,96,52,44
Кодитян,gordunni,2026,shaman,restoration,78,41,37
Ggnore,kazzak,2017,shaman,restoration,176,107,69
Greggyb,twisting-nether,2009,shaman,restoration,54,33,21
Вишняблэйз,soulflayer,2007,shaman,restoration,77,44,33
Nickygodx,stormscale,2007,shaman,restoration,77,40,37
Keenxd,burning-legion,2000,shaman,restoration,101,55,46
Daretodream,blackrock,1996,shaman,restoration,53,29,24
Lavalavalava,blackrock,1993,shaman,restoration,447,244,203
Драгенхз,gordunni,1983,shaman,restoration,387,195,192
Frshprn,hyjal,1982,shaman,restoration,90,51,39
Skreewu,outland,1977,shaman,restoration,102,52,50
Carlpeant,drakthul,1969,shaman,restoration,197,102,95
Kisshots,the-maelstrom,1960,shaman,restoration,162,87,75
Ltmsham,ravencrest,1959,shaman,restoration,54,28,26
Дольчих,deathguard,1957,shaman,restoration,308,147,161
Deepwithyou,blackhand,1953,shaman,restoration,159,86,73
Epsylone,kazzak,1953,shaman,restoration,101,51,50
Yararsiz,twisting-nether,1950,shaman,restoration,267,140,127
Ripperdoc,stormreaver,1950,shaman,restoration,78,38,40
Linkx,stormscale,1948,shaman,restoration,40,22,18
Fotmherøqtx,ravencrest,1946,shaman,restoration,144,81,63
Bobanrajovic,silvermoon,1943,shaman,restoration,48,31,17
Söd,dun-morogh,1943,shaman,restoration,84,42,42
Tallyx,ravencrest,1940,shaman,restoration,119,60,59
Adroda,kazzak,1939,shaman,restoration,117,66,51
Трс,razuvious,1939,shaman,restoration,188,105,83
Zhull,ravencrest,1938,shaman,restoration,429,213,216
Hugox,outland,1936,shaman,restoration,662,328,334
Valko,hellfire,1931,shaman,restoration,42,27,15
Lavelover,tarren-mill,1927,shaman,restoration,66,41,25
Цукерок,soulflayer,1922,shaman,restoration,119,72,47
Эоя,howling-fjord,1921,shaman,restoration,254,135,119
Señordoge,kazzak,1917,shaman,restoration,54,28,26
Shamidrak,eredar,1914,shaman,restoration,66,34,32
Lunarsloths,hyjal,1907,shaman,restoration,54,33,21
Killrogge,kazzak,1906,shaman,restoration,55,46,9
Swkx,dun-modr,1902,shaman,restoration,106,60,46
Vivaldi,varimathras,1899,shaman,restoration,56,29,27
Carlitosham,eredar,1899,shaman,restoration,68,33,35
Котенокмур,soulflayer,1899,shaman,restoration,48,20,28
Stensham,stormreaver,1896,shaman,restoration,66,37,29
Inspektør,kazzak,1885,shaman,restoration,71,44,27
Fufupartyxx,blackrock,1883,shaman,restoration,60,37,23
Chokelord,archimonde,1882,shaman,restoration,36,22,14
Брфф,gordunni,1882,shaman,restoration,48,26,22
Thunderrock,stormreaver,1880,shaman,restoration,211,102,109
Sèfìx,tarren-mill,1879,shaman,restoration,38,21,17
Kïllard,archimonde,1872,shaman,restoration,80,40,40
Кенкерх,gordunni,1871,shaman,restoration,84,38,46
Timide,ravencrest,1870,shaman,restoration,48,28,20
Rheax,tarren-mill,1868,shaman,restoration,60,27,33
Gigawashed,archimonde,1867,shaman,restoration,35,24,11
Owrly,stormscale,1866,shaman,restoration,136,65,71
Keén,burning-legion,1865,shaman,restoration,51,29,22
Izir,archimonde,1864,shaman,restoration,258,131,127
Вавувоух,howling-fjord,1863,shaman,restoration,54,27,27
Онеоне,deathweaver,1861,shaman,restoration,71,41,30
Louler,ragnaros,1860,shaman,restoration,124,69,55
Мефодийшама,howling-fjord,1860,shaman,restoration,192,93,99
Милфшама,blackscar,1859,shaman,restoration,323,169,154
Lontarita,tarren-mill,1858,shaman,restoration,36,27,9
Kalypsø,arthas,1858,shaman,restoration,77,44,33
Wíllz,ravencrest,1858,shaman,restoration,54,29,25
Yachiru,sylvanas,1854,shaman,restoration,73,59,14
Ghettero,ragnaros,1851,shaman,restoration,39,25,14
Slimthug,sylvanas,1850,shaman,restoration,33,20,13
Arathoir,ravencrest,1850,shaman,restoration,42,25,17
Natasz,burning-legion,1849,shaman,restoration,218,119,99
Sugarfreé,ragnaros,1848,shaman,restoration,48,26,22
Zaru,sanguino,1846,shaman,restoration,63,31,32
Finaltotem,draenor,1844,shaman,restoration,60,28,32
Cæsífer,blackrock,1844,shaman,restoration,72,32,40
Hexewar,kazzak,1842,shaman,restoration,133,72,61
Iloveléa,ravencrest,1842,shaman,restoration,89,48,41
Shiranoye,blackrock,1842,shaman,restoration,144,77,67
Sentûn,blackrock,1842,shaman,restoration,138,68,70
Harmony,outland,1839,shaman,restoration,48,35,13
Сладкийстас,soulflayer,1839,shaman,restoration,72,34,38
Akwa,stormscale,1839,shaman,restoration,44,20,24
Cherepaha,stormscale,1838,shaman,restoration,70,32,38
Cellfury,kazzak,1837,shaman,restoration,46,36,10
Twkupe,tarren-mill,1837,shaman,restoration,42,24,18
Wernøz,archimonde,1837,shaman,restoration,80,37,43
Johncoltrane,archimonde,1835,shaman,restoration,132,84,48
Epsy,magtheridon,1834,shaman,restoration,66,46,20
Shockmelone,blackrock,1834,shaman,restoration,103,55,48
Слишкомпох,howling-fjord,1831,shaman,restoration,42,23,19
Alanus,draenor,1831,shaman,restoration,63,33,30
Sinzzu,ragnaros,1831,shaman,restoration,241,123,118
Gargro,kazzak,1831,shaman,restoration,109,54,55
Jawje,tarren-mill,1831,shaman,restoration,102,49,53
Westide,conseil-des-ombres,1830,shaman,restoration,48,26,22
Shamuunn,ravencrest,1830,shaman,restoration,54,28,26
Garuga,dun-morogh,1829,shaman,restoration,48,26,22
Велоун,soulflayer,1828,shaman,restoration,86,44,42
Fitnessdavid,ravencrest,1826,shaman,restoration,53,29,24
Hexe,kazzak,1826,shaman,restoration,81,37,44
Askagain,sylvanas,1825,shaman,restoration,52,28,24
Zergønk,ravencrest,1824,shaman,restoration,42,28,14
Kreamcake,bladefist,1824,shaman,restoration,170,81,89
Asynchund,ravencrest,1821,shaman,restoration,42,26,16
Centralc,twisting-nether,1820,shaman,restoration,47,28,19
Árés,sanguino,1820,shaman,restoration,63,34,29
Иними,soulflayer,1820,shaman,restoration,306,149,157
Ize,sylvanas,1818,shaman,restoration,213,122,91
Светшамка,howling-fjord,1817,shaman,restoration,30,19,11
Moistpuss,kazzak,1817,shaman,restoration,96,60,36
Shamrockx,outland,1816,shaman,restoration,83,42,41
Sûckmytotem,ragnaros,1815,shaman,restoration,72,35,37
Apexe,outland,1815,shaman,restoration,76,27,49
Bladeyx,ragnaros,1813,shaman,restoration,231,129,102
Ixxmre,blackrock,1813,shaman,restoration,189,104,85
Meöw,nemesis,1813,shaman,restoration,232,120,112
Bunyie,ragnaros,1812,shaman,restoration,90,48,42
Carpetmaster,ragnaros,1812,shaman,restoration,51,27,24
Нойзблок,gordunni,1811,shaman,restoration,36,19,17
Ghostlights,doomhammer,1811,shaman,restoration,68,31,37
Reidzls,kazzak,1810,shaman,restoration,36,22,14
Bezixx,ravencrest,1810,shaman,restoration,210,119,91
Awcchampion,stormscale,1810,shaman,restoration,287,160,127
Tidepog,ravencrest,1810,shaman,restoration,60,28,32
Rexatar,blackrock,1809,shaman,restoration,201,113,88
Triplewhoppa,thrall,1809,shaman,restoration,76,40,36
Dàazle,ravencrest,1809,shaman,restoration,42,19,23
Remony,pozzo-delleternità,1808,shaman,restoration,128,83,45
Fuzzynuts,ravencrest,1808,shaman,restoration,132,74,58
Yannkee,ravencrest,1808,shaman,restoration,48,24,24
Tùiðhânâ,ravencrest,1807,shaman,restoration,197,107,90
Xelgrin,silvermoon,1807,shaman,restoration,66,30,36
Bmbx,archimonde,1806,shaman,restoration,622,310,312
Nübs,aegwynn,1806,shaman,restoration,107,51,56
Cylantarus,blackrock,1804,shaman,restoration,187,97,90
Fee,silvermoon,1803,shaman,restoration,45,25,20
Voodoonerd,twisting-nether,1803,shaman,restoration,47,24,23
Neou,archimonde,1803,shaman,restoration,54,27,27
Viinny,dun-modr,1803,shaman,restoration,102,48,54
Bytheway,aegwynn,1802,shaman,restoration,127,56,71
Мимигор,razuvious,1801,shaman,restoration,35,27,8
Eras,ragnaros,1801,shaman,restoration,30,19,11
Kiansham,silvermoon,1801,shaman,restoration,47,26,21
Rckfeller,burning-legion,1801,shaman,restoration,60,31,29
Squixi,tarren-mill,1799,shaman,restoration,60,33,27
Nokster,twisting-nether,1798,shaman,restoration,138,87,51
Stylia,twisting-nether,1795,shaman,restoration,54,32,22
Sethrøllins,hyjal,1793,shaman,restoration,120,55,65
Luckymê,blackrock,1790,shaman,restoration,80,41,39
Midgetfizzle,kazzak,1787,shaman,restoration,365,180,185
Gønuts,sylvanas,1786,shaman,restoration,60,36,24
Teldathree,archimonde,1783,shaman,restoration,175,91,84
Shànnón,kazzak,1782,shaman,restoration,35,19,16
Sprühkot,aegwynn,1781,shaman,restoration,46,28,18
Lilililil,sanguino,1778,shaman,restoration,207,115,92
Numbs,tarren-mill,1778,shaman,restoration,42,19,23
Nestre,kazzak,1777,shaman,restoration,60,28,32
Aioñ,kazzak,1776,shaman,restoration,69,31,38
Holytidezx,aegwynn,1775,shaman,restoration,40,26,14
Orcshaman,khadgar,1771,shaman,restoration,48,24,24
Szellento,darksorrow,1769,shaman,restoration,96,47,49
Скарфэйсх,soulflayer,1768,shaman,restoration,48,24,24
Shamolili,stormscale,1764,shaman,restoration,141,70,71
Дыркавауре,soulflayer,1764,shaman,restoration,54,23,31
Daubidaubi,kazzak,1763,shaman,restoration,140,87,53
Kraksham,ravencrest,1763,shaman,restoration,130,70,60
Bstr,frostmane,1763,shaman,restoration,60,30,30
Ihealbro,blackrock,1762,shaman,restoration,66,41,25
Crymemore,stormscale,1760,shaman,restoration,47,24,23
Windfúhrèr,tarren-mill,1759,shaman,restoration,60,26,34
Eurocad,draenor,1758,shaman,restoration,42,22,20
Thyroideus,argent-dawn,1757,shaman,restoration,282,160,122
Бунтх,howling-fjord,1753,shaman,restoration,38,20,18
Morkyy,thrall,1750,shaman,restoration,44,21,23
Learningsham,destromath,1749,shaman,restoration,48,29,19
Kyogre,auchindoun,1749,shaman,restoration,96,53,43
Есперадох,blackscar,1749,shaman,restoration,47,22,25
Aboveaverage,stormscale,1749,shaman,restoration,54,20,34
Variablelol,outland,1746,shaman,restoration,64,43,21
Karakoram,ysondre,1741,shaman,restoration,155,82,73
Phaynozx,cthun,1741,shaman,restoration,96,39,57
Donv,blackmoore,1739,shaman,restoration,42,26,16
Helloiamdoni,ravencrest,1739,shaman,restoration,125,71,54
Rottulos,stormrage,1739,shaman,restoration,65,35,30
Imbatlys,blackmoore,1738,shaman,restoration,42,24,18
Squixi,ravencrest,1738,shaman,restoration,59,33,26
Waramors,eredar,1738,shaman,restoration,131,65,66
Чинанрук,howling-fjord,1737,shaman,restoration,125,63,62
Purgeluxe,aegwynn,1733,shaman,restoration,125,65,60
Machmacan,argent-dawn,1731,shaman,restoration,127,68,59
Fersok,zuljin,1731,shaman,restoration,42,22,20
Reäz,archimonde,1731,shaman,restoration,54,26,28
Jíkkz,aegwynn,1729,shaman,restoration,66,32,34
Darnast,draenor,1727,shaman,restoration,70,31,39
Агентхолинки,gordunni,1726,shaman,restoration,24,18,6
Tentacruel,sylvanas,1726,shaman,restoration,91,56,35
Bullezno,kazzak,1725,shaman,restoration,111,66,45
Arslos,twisting-nether,1723,shaman,restoration,30,24,6
Sheargodx,blackmoore,1723,shaman,restoration,42,21,21
Agnøt,khaz-modan,1722,shaman,restoration,120,70,50
Snusy,stormscale,1722,shaman,restoration,36,18,18
Wess,archimonde,1722,shaman,restoration,36,18,18
Torxii,antonidas,1720,shaman,restoration,177,100,77
Elmezz,aggra-português,1719,shaman,restoration,36,21,15
Слишкомплох,howling-fjord,1715,shaman,restoration,48,24,24
Светшам,howling-fjord,1715,shaman,restoration,47,23,24
Whiskiy,kazzak,1714,shaman,restoration,35,24,11
Mltx,twilights-hammer,1714,shaman,restoration,44,19,25
Dmgaddict,kazzak,1712,shaman,restoration,54,32,22
Lahey,draenor,1711,shaman,restoration,140,73,67
Тафельшпиц,soulflayer,1710,shaman,restoration,58,27,31
Eniesz,archimonde,1709,shaman,restoration,44,25,19
Bummexx,twisting-nether,1709,shaman,restoration,78,42,36
Totembaws,blackmoore,1708,shaman,restoration,54,26,28
Holytidez,aegwynn,1707,shaman,restoration,48,24,24
Lsdhero,stormscale,1706,shaman,restoration,24,18,6
Nizzarrathur,argent-dawn,1706,shaman,restoration,30,18,12
Palfe,khaz-modan,1706,shaman,restoration,212,104,108
Mamacitá,eredar,1706,shaman,restoration,500,242,258
Hexur,archimonde,1705,shaman,restoration,47,28,19
Hydrolîc,blackrock,1705,shaman,restoration,66,36,30
Végàs,ysondre,1705,shaman,restoration,48,25,23
Earthhulk,thrall,1704,shaman,restoration,104,64,40
Connecting,hyjal,1704,shaman,restoration,39,21,18
Trbhlk,blackrock,1704,shaman,restoration,48,24,24
Vajaele,twisting-nether,1703,shaman,restoration,113,56,57
Wamarï,draenor,1701,shaman,restoration,72,43,29
Incase,burning-legion,1701,shaman,restoration,53,30,23
Ларкуш,howling-fjord,1701,shaman,restoration,118,61,57
Мвнз,soulflayer,1700,shaman,restoration,54,22,32
Faridstreng,blackmoore,1697,shaman,restoration,105,59,46
Wawawoowee,archimonde,1696,shaman,restoration,54,27,27
Djtidex,conseil-des-ombres,1696,shaman,restoration,48,24,24
Bloodvaron,zuljin,1696,shaman,restoration,95,46,49
Ганинапална,soulflayer,1696,shaman,restoration,60,24,36
Nêmônin,perenolde,1694,shaman,restoration,44,28,16
Turboeddy,blackmoore,1694,shaman,restoration,105,60,45
Igly,antonidas,1694,shaman,restoration,42,21,21
Dóómhammer,jaedenar,1693,shaman,restoration,142,74,68
Сорит,blackscar,1692,shaman,restoration,57,34,23
Wacomtablet,kazzak,1690,shaman,restoration,24,18,6
Redomsh,stormreaver,1689,shaman,restoration,54,28,26
Googleme,veklor,1688,shaman,restoration,64,30,34
Goeller,stormscale,1687,shaman,restoration,54,29,25
Reinu,ragnaros,1687,shaman,restoration,54,29,25
Nellytko,aegwynn,1686,shaman,restoration,81,44,37
Виелетта,gordunni,1684,shaman,restoration,30,18,12
Hexmeqt,frostwolf,1684,shaman,restoration,137,78,59
Lexos,ravencrest,1682,shaman,restoration,54,32,22
Ohatzu,blackhand,1681,shaman,restoration,38,27,11
Simiann,outland,1678,shaman,restoration,30,22,8
Ewrecked,frostwhisper,1678,shaman,restoration,28,19,9
Shoqt,les-sentinelles,1678,shaman,restoration,30,18,12
Lexxthree,blackrock,1677,shaman,restoration,36,23,13
Teldatwo,archimonde,1676,shaman,restoration,29,19,10
Fapmasterz,eredar,1675,shaman,restoration,60,29,31
Keisser,ravencrest,1674,shaman,restoration,48,26,22
Mbembe,blackhand,1674,shaman,restoration,48,26,22
Mefl,tarren-mill,1674,shaman,restoration,83,42,41
Yakee,doomhammer,1674,shaman,restoration,56,28,28
Сёмабро,ashenvale,1672,shaman,restoration,567,307,260
Wyrt,burning-legion,1672,shaman,restoration,48,24,24
Tommin,silvermoon,1671,shaman,restoration,48,24,24
Skrewu,stormscale,1671,shaman,restoration,79,39,40
Snickersx,blackrock,1670,shaman,restoration,78,46,32
Кикподхвост,soulflayer,1670,shaman,restoration,54,26,28
Wotan,ysondre,1669,shaman,restoration,54,32,22
Porkzzila,aggra-português,1669,shaman,restoration,72,40,32
Jkoreanx,archimonde,1667,shaman,restoration,54,22,32
Loltotem,outland,1666,shaman,restoration,42,26,16
Sanamaxx,colinas-pardas,1666,shaman,restoration,62,36,26
Littletrall,outland,1666,shaman,restoration,60,34,26
Mishoshamana,tarren-mill,1664,shaman,restoration,30,20,10
Rapedtide,thrall,1664,shaman,restoration,136,63,73
Atwâ,ravencrest,1663,shaman,restoration,51,31,20
Brandiløve,nemesis,1663,shaman,restoration,36,19,17
Alnaddaf,outland,1663,shaman,restoration,48,23,25
Necrodog,blackrock,1662,shaman,restoration,36,25,11
Mýthaz,archimonde,1662,shaman,restoration,48,31,17
Лехадабстеп,deathguard,1662,shaman,restoration,42,23,19
Bombasthicc,ravencrest,1660,shaman,restoration,48,24,24
Questionable,antonidas,1660,shaman,restoration,54,24,30
Колбаскофф,gordunni,1660,shaman,restoration,48,21,27
Karlurban,outland,1660,shaman,restoration,45,18,27
Phoenííx,twisting-nether,1657,shaman,restoration,353,171,182
Snobas,kazzak,1657,shaman,restoration,41,18,23
Djtomp,kazzak,1656,shaman,restoration,42,20,22
Мвнзх,gordunni,1656,shaman,restoration,54,24,30
Bâbbub,tarren-mill,1654,shaman,restoration,51,28,23
Jenkem,hyjal,1654,shaman,restoration,66,32,34
Bioleta,twisting-nether,1654,shaman,restoration,48,19,29
Рамаксбосс,gordunni,1651,shaman,restoration,36,22,14
Discoranger,ravencrest,1650,shaman,restoration,312,160,152
Levarázsol,outland,1648,shaman,restoration,48,27,21
Awumbahway,outland,1647,shaman,restoration,48,25,23
Prizærn,tarren-mill,1647,shaman,restoration,96,44,52
Cynthila,stormreaver,1645,shaman,restoration,30,20,10
Prîce,blackmoore,1644,shaman,restoration,36,22,14
Héxdóctór,ravencrest,1644,shaman,restoration,92,50,42
Holyshamixz,dun-modr,1644,shaman,restoration,53,24,29
Reitar,burning-blade,1643,shaman,restoration,108,48,60
Allysidewtf,archimonde,1642,shaman,restoration,34,23,11
Bonshaman,ahnqiraj,1642,shaman,restoration,120,55,65
Coöld,archimonde,1640,shaman,restoration,36,19,17
Foxy,alakir,1638,shaman,restoration,126,66,60
Maestralink,aegwynn,1638,shaman,restoration,47,24,23
Jps,gorgonnash,1638,shaman,restoration,89,42,47
Octon,dun-modr,1637,shaman,restoration,46,23,23
Eddiemorphin,kazzak,1636,shaman,restoration,47,32,15
Indeed,frostmourne,1635,shaman,restoration,48,28,20
Rxs,thunderhorn,1635,shaman,restoration,54,28,26
Velkin,thrall,1634,shaman,restoration,153,83,70
Kharvo,draenor,1633,shaman,restoration,70,34,36
Nexian,kazzak,1631,shaman,restoration,71,41,30
Oldandslow,sylvanas,1631,shaman,restoration,42,21,21
Invadé,stormscale,1630,shaman,restoration,30,17,13
Batmanmain,twisting-nether,1629,shaman,restoration,34,21,13
Elmie,outland,1629,shaman,restoration,30,17,13
Pøwertoto,dalaran,1629,shaman,restoration,78,36,42
Draáx,ravencrest,1628,shaman,restoration,30,19,11
Yemo,alonsus,1628,shaman,restoration,123,76,47
Averya,blackmoore,1628,shaman,restoration,52,27,25
Yomuchacha,dun-modr,1628,shaman,restoration,112,57,55
Søtêx,ravencrest,1627,shaman,restoration,35,23,12
Nqz,ysondre,1627,shaman,restoration,55,35,20
Zorcs,silvermoon,1627,shaman,restoration,183,93,90
Xclusiveqt,archimonde,1626,shaman,restoration,30,17,13
Papaver,zirkel-des-cenarius,1626,shaman,restoration,48,19,29
Putzè,blackrock,1625,shaman,restoration,61,38,23
Teldarian,archimonde,1625,shaman,restoration,30,17,13
Shamimüll,twisting-nether,1624,shaman,restoration,42,29,13
Urshak,alleria,1624,shaman,restoration,30,20,10
Tarchoanvahg,ragnaros,1624,shaman,restoration,77,43,34
Xhanon,kazzak,1624,shaman,restoration,36,20,16
Évileye,silvermoon,1624,shaman,restoration,54,28,26
Lyricks,outland,1624,shaman,restoration,54,24,30
Labûche,chogall,1623,shaman,restoration,36,24,12
Shocklet,twisting-nether,1622,shaman,restoration,36,29,7
Shamansh,draenor,1622,shaman,restoration,76,49,27
Shman,blackrock,1621,shaman,restoration,64,42,22
Atomstrom,frostwolf,1621,shaman,restoration,62,34,28
Ðenlos,destromath,1620,shaman,restoration,186,92,94
Tether,twisting-nether,1619,shaman,restoration,48,26,22
Тубалкайн,soulflayer,1619,shaman,restoration,36,17,19
Tupato,kazzak,1618,shaman,restoration,110,57,53
Itselectric,ravencrest,1617,shaman,restoration,217,116,101
Junpi,shattered-hand,1617,shaman,restoration,69,30,39
Murmaiderz,draenor,1616,shaman,restoration,172,96,76
Пекубулких,soulflayer,1615,shaman,restoration,42,25,17
Froslack,zuljin,1614,shaman,restoration,48,25,23
Maelynda,argent-dawn,1614,shaman,restoration,42,18,24
Urzza,stormscale,1611,shaman,restoration,24,20,4
Shoxý,draenor,1611,shaman,restoration,42,21,21
Djosershamy,draenor,1611,shaman,restoration,111,53,58
Ugáa,malganis,1611,shaman,restoration,78,33,45
Vemvardetsom,stormreaver,1610,shaman,restoration,113,65,48
Dimront,gorgonnash,1610,shaman,restoration,36,20,16
Koruga,frostwolf,1610,shaman,restoration,48,26,22
Makkalisse,kazzak,1609,shaman,restoration,24,17,7
Blowlips,argent-dawn,1609,shaman,restoration,42,17,25
Jenyo,alakir,1608,shaman,restoration,54,30,24
Инкуль,howling-fjord,1608,shaman,restoration,60,28,32
Kardris,nemesis,1607,shaman,restoration,52,25,27
Ezilol,blackhand,1606,shaman,restoration,77,46,31
Eksi,ahnqiraj,1606,shaman,restoration,40,23,17
Wåvex,archimonde,1606,shaman,restoration,140,69,71
Bullfox,aszune,1606,shaman,restoration,90,42,48
Greenswag,drakthul,1605,shaman,restoration,48,31,17
Hypéra,kazzak,1605,shaman,restoration,216,112,104
Skanda,frostwolf,1604,shaman,restoration,24,17,7
Хужик,gordunni,1604,shaman,restoration,36,21,15
Blowxd,aegwynn,1604,shaman,restoration,134,75,59
Xtremeshaman,blackmoore,1604,shaman,restoration,42,22,20
Schamaster,antonidas,1604,shaman,restoration,120,59,61
Tôrcal,hyjal,1604,shaman,restoration,42,18,24
Healeugene,ravencrest,1603,shaman,restoration,49,23,26
Turbobaboon,hyjal,1602,shaman,restoration,121,74,47
Lebis,outland,1602,shaman,restoration,60,35,25
Wíwi,kazzak,1602,shaman,restoration,36,20,16
Khroni,tarren-mill,1602,shaman,restoration,66,35,31
Upisi,burning-legion,1601,shaman,restoration,156,78,78
Zetricek,drakthul,1601,shaman,restoration,48,21,27
Mjukiz,tarren-mill,1600,shaman,restoration,350,194,156
Hjod,outland,1598,shaman,restoration,132,69,63
Martuscielöl,drakthul,1598,shaman,restoration,88,32,56
Kuxoriu,stormscale,1597,shaman,restoration,140,76,64
Jawj,tarren-mill,1597,shaman,restoration,53,19,34
Startdie,kazzak,1595,shaman,restoration,143,64,79
Incredibade,stormscale,1594,shaman,restoration,42,20,22
Defibrillata,blackrock,1593,shaman,restoration,171,88,83
Mydpsrbad,stormscale,1592,shaman,restoration,160,89,71
Hexbeforesex,kazzak,1591,shaman,restoration,383,198,185
Splashgodx,frostwolf,1590,shaman,restoration,41,22,19
Bîlunder,arygos,1590,shaman,restoration,83,37,46
Voodoluudo,korgall,1589,shaman,restoration,36,19,17
Thorenal,blackmoore,1588,shaman,restoration,67,41,26
Charquanda,argent-dawn,1587,shaman,restoration,72,34,38
Bezixx,argent-dawn,1587,shaman,restoration,126,58,68
Shamandoino,wildhammer,1587,shaman,restoration,234,106,128
Superthomas,archimonde,1587,shaman,restoration,65,29,36
Vaweñ,ravencrest,1587,shaman,restoration,48,21,27
Firenanajkm,dun-modr,1586,shaman,restoration,48,28,20
Paidactor,kazzak,1586,shaman,restoration,239,126,113
Arshak,stormscale,1586,shaman,restoration,45,21,24
Wibra,nagrand,1585,shaman,restoration,36,17,19
Traickosham,eredar,1584,shaman,restoration,30,21,9
Soffsittaren,kazzak,1584,shaman,restoration,34,17,17
Pakxø,malganis,1584,shaman,restoration,144,68,76
Vioception,blackrock,1584,shaman,restoration,48,19,29
Вардоус,soulflayer,1582,shaman,restoration,30,17,13
Louiesham,outland,1582,shaman,restoration,41,21,20
Nêôô,blackrock,1582,shaman,restoration,59,24,35
Juyina,ravencrest,1579,shaman,restoration,44,22,22
Groundingbtw,tarren-mill,1579,shaman,restoration,42,20,22
Yzeldan,hyjal,1578,shaman,restoration,248,142,106
Cakedeux,grim-batol,1577,shaman,restoration,81,48,33
Dmgccbot,outland,1576,shaman,restoration,42,17,25
Melàniewalsh,archimonde,1575,shaman,restoration,96,52,44
Niesel,ravencrest,1575,shaman,restoration,78,40,38
Tjpimp,draenor,1574,shaman,restoration,41,25,16
Var,varimathras,1573,shaman,restoration,60,34,26
Боргирх,soulflayer,1572,shaman,restoration,42,17,25
Meneswave,blackhand,1571,shaman,restoration,54,19,35
Sixtyone,stormscale,1569,shaman,restoration,75,42,33
Totoswich,tarren-mill,1567,shaman,restoration,30,19,11
Bahane,frostwolf,1567,shaman,restoration,108,53,55
Шсаваннх,blackscar,1566,shaman,restoration,165,83,82
Shockair,frostwolf,1566,shaman,restoration,115,54,61
Zwergmann,blackrock,1565,shaman,restoration,60,37,23
Thald,ragnaros,1565,shaman,restoration,120,68,52
Madytz,eredar,1564,shaman,restoration,36,21,15
Zinjk,nemesis,1564,shaman,restoration,344,175,169
Blakelivelyx,blackrock,1564,shaman,restoration,42,17,25
Abercrômbx,blackmoore,1563,shaman,restoration,45,26,19
Kuis,sanguino,1563,shaman,restoration,72,33,39
Pacho,alakir,1563,shaman,restoration,48,21,27
Koraél,dun-modr,1561,shaman,restoration,84,33,51
Radrizzle,tichondrius,1559,shaman,restoration,66,36,30
Exolnard,twisting-nether,1558,shaman,restoration,119,59,60
Iphosham,twisting-nether,1558,shaman,restoration,42,18,24
Shneems,twisting-nether,1557,shaman,restoration,41,27,14
Cobbel,argent-dawn,1557,shaman,restoration,168,92,76
Lechii,stormscale,1557,shaman,restoration,107,55,52
Lazerboy,twisting-nether,1557,shaman,restoration,47,22,25
Lzzo,ravencrest,1555,shaman,restoration,42,24,18
Rejax,blackmoore,1553,shaman,restoration,60,26,34
Aesa,dun-modr,1552,shaman,restoration,36,20,16
Zoolza,kirin-tor,1552,shaman,restoration,53,22,31
Zimoneris,blackmoore,1551,shaman,restoration,36,17,19
Grende,sylvanas,1551,shaman,restoration,65,24,41
Sêrø,eredar,1550,shaman,restoration,48,23,25
Cuzzer,drakthul,1548,shaman,restoration,109,59,50
Beastmodex,eredar,1548,shaman,restoration,263,134,129
Seasick,frostmane,1548,shaman,restoration,112,56,56
Noneedshaman,stormscale,1547,shaman,restoration,35,18,17
Ninetzj,tarren-mill,1547,shaman,restoration,54,26,28
Zanezu,stormscale,1547,shaman,restoration,102,45,57
Apocadwarf,auchindoun,1546,shaman,restoration,45,27,18
Lilcake,ravencrest,1546,shaman,restoration,60,31,29
Reilah,drakthul,1546,shaman,restoration,66,33,33
Märthalouise,twisting-nether,1546,shaman,restoration,43,18,25
Linknvm,thrall,1544,shaman,restoration,135,87,48
Korvsnärten,outland,1544,shaman,restoration,237,109,128
Ridemytotem,blackrock,1543,shaman,restoration,39,18,21
Lustmasterx,grim-batol,1542,shaman,restoration,257,135,122
Zilheal,ysondre,1542,shaman,restoration,106,41,65
Кичисанчик,howling-fjord,1541,shaman,restoration,126,57,69
Nonotsikaan,blackhand,1540,shaman,restoration,42,24,18
Biggiebig,ravencrest,1540,shaman,restoration,114,62,52
Sérx,sanguino,1540,shaman,restoration,119,52,67
Denastyo,nemesis,1539,shaman,restoration,89,44,45
Mypakypa,outland,1539,shaman,restoration,58,25,33
Optitem,hyjal,1538,shaman,restoration,83,57,26
Отчима,howling-fjord,1537,shaman,restoration,125,67,58
Grumhild,blackmoore,1537,shaman,restoration,62,28,34
Banilikum,tarren-mill,1537,shaman,restoration,58,25,33
Багсбанних,soulflayer,1537,shaman,restoration,84,35,49
Shamins,outland,1536,shaman,restoration,166,95,71
Horokeu,blackrock,1535,shaman,restoration,77,40,37
Coldlean,haomarush,1535,shaman,restoration,200,98,102
Daykên,kazzak,1534,shaman,restoration,86,39,47
Uzze,drakthul,1534,shaman,restoration,90,39,51
Xerinas,eredar,1534,shaman,restoration,63,20,43
Soger,mannoroth,1533,shaman,restoration,36,18,18
Ugard,burning-legion,1532,shaman,restoration,73,36,37
Reezex,silvermoon,1531,shaman,restoration,86,45,41
Jochenzulauf,blackrock,1530,shaman,restoration,42,27,15
Tllz,kargath,1529,shaman,restoration,90,58,32
Collînna,aegwynn,1529,shaman,restoration,62,34,28
Anöuchkâ,ysondre,1529,shaman,restoration,192,94,98
Kacamaz,twisting-nether,1529,shaman,restoration,75,34,41
Pädagogeig,antonidas,1528,shaman,restoration,66,36,30
Redoms,stormreaver,1527,shaman,restoration,105,55,50
Thog,drakthul,1527,shaman,restoration,60,28,32
Bumblebeec,tarren-mill,1526,shaman,restoration,60,32,28
Nassîî,antonidas,1526,shaman,restoration,140,59,81
Dêblâzê,thrall,1525,shaman,restoration,30,16,14
Bordellgast,thrall,1525,shaman,restoration,95,50,45
Laskopivo,doomhammer,1525,shaman,restoration,172,90,82
Bzglsnkh,ravencrest,1525,shaman,restoration,36,16,20
Bénathon,ravencrest,1524,shaman,restoration,51,35,16
Fridafrog,malganis,1524,shaman,restoration,155,84,71
Yarali,argent-dawn,1524,shaman,restoration,30,16,14
Mìcrøs,thrall,1524,shaman,restoration,77,41,36
Gjernhard,stormreaver,1524,shaman,restoration,78,38,40
Zakuun,kazzak,1524,shaman,restoration,54,19,35
Captaínduck,garrosh,1523,shaman,restoration,142,82,60
Emika,archimonde,1523,shaman,restoration,50,21,29
Remkoo,blackrock,1522,shaman,restoration,30,20,10
Ilovejamie,sylvanas,1522,shaman,restoration,54,30,24
Monstacookie,stormreaver,1520,shaman,restoration,72,32,40
Sixinchwilly,outland,1519,shaman,restoration,36,25,11
Schain,eredar,1518,shaman,restoration,36,24,12
Onlytides,doomhammer,1518,shaman,restoration,72,36,36
Jazzrod,stormscale,1517,shaman,restoration,252,129,123
Ebøbøla,terokkar,1517,shaman,restoration,193,88,105
Teckan,tarren-mill,1517,shaman,restoration,36,16,20
Wernøzer,archimonde,1516,shaman,restoration,24,16,8
Alëxx,hyjal,1516,shaman,restoration,30,16,14
Kuhnedy,blackrock,1516,shaman,restoration,160,82,78
Bomjspomoiki,outland,1516,shaman,restoration,35,16,19
Thecallviper,blackmoore,1515,shaman,restoration,61,33,28
Greatørc,tarren-mill,1512,shaman,restoration,52,29,23
Mvvp,stormscale,1512,shaman,restoration,90,47,43
Costakislolz,twisting-nether,1511,shaman,restoration,24,18,6
Bloodseeker,tarren-mill,1511,shaman,restoration,53,29,24
Crazypop,outland,1511,shaman,restoration,130,69,61
Тагхорн,soulflayer,1511,shaman,restoration,49,26,23
Pacio,alakir,1511,shaman,restoration,111,58,53
Warpig,alakir,1511,shaman,restoration,118,58,60
Fluuges,tarren-mill,1508,shaman,restoration,48,28,20
Gronash,sunstrider,1507,shaman,restoration,30,23,7
Waterwendy,blackrock,1507,shaman,restoration,30,22,8
Shøckbot,blackhand,1507,shaman,restoration,30,16,14
Nogag,kazzak,1507,shaman,restoration,72,35,37
Huux,blackmoore,1507,shaman,restoration,54,24,30
Enzopotenzo,blackrock,1506,shaman,restoration,42,22,20
Zulsham,sargeras,1505,shaman,restoration,54,28,26
Vaizii,silvermoon,1505,shaman,restoration,53,26,27
Cleansing,nemesis,1504,shaman,restoration,46,32,14
Miesepeter,mannoroth,1504,shaman,restoration,63,38,25
Sarkathi,kazzak,1504,shaman,restoration,30,16,14
Духсалата,grom,1503,shaman,restoration,59,29,30
Threshðld,dun-modr,1502,shaman,restoration,42,21,21
Нитрочка,soulflayer,1501,shaman,restoration,51,27,24
Skullår,tarren-mill,1500,shaman,restoration,48,25,23
Cannotdoit,burning-legion,1499,shaman,restoration,59,32,27
Criæ,blackrock,1496,shaman,restoration,30,21,9
Johnblånn,stormscale,1496,shaman,restoration,142,79,63
Vallhur,burning-legion,1495,shaman,restoration,96,50,46
Mcktavish,silvermoon,1495,shaman,restoration,89,46,43
Jarona,twisting-nether,1495,shaman,restoration,183,87,96
Crmx,blackrock,1494,shaman,restoration,72,31,41
Хэйзл,ashenvale,1492,shaman,restoration,74,32,42
Cuchullaín,blackmoore,1491,shaman,restoration,24,17,7
Иоч,soulflayer,1491,shaman,restoration,35,18,17
Muddy,argent-dawn,1489,shaman,restoration,30,16,14
Чанголист,soulflayer,1489,shaman,restoration,65,28,37
Crasherz,sanguino,1488,shaman,restoration,91,51,40
Kalaris,stormscale,1488,shaman,restoration,36,20,16
Hopper,sylvanas,1488,shaman,restoration,61,30,31
Neovim,trollbane,1488,shaman,restoration,62,28,34
Psychototem,twisting-nether,1486,shaman,restoration,96,31,65
Kekerrot,ragnaros,1485,shaman,restoration,110,72,38
Tartorno,antonidas,1485,shaman,restoration,71,26,45
Exhale,archimonde,1484,shaman,restoration,42,25,17
Groundcslol,kazzak,1482,shaman,restoration,26,17,9
Flowèn,twisting-nether,1482,shaman,restoration,111,60,51
Dremlok,burning-legion,1480,shaman,restoration,24,16,8
Firestormx,drakthul,1480,shaman,restoration,47,28,19
Enharvest,stormscale,1478,shaman,restoration,46,29,17
Drumx,aegwynn,1478,shaman,restoration,30,17,13
Виспепешам,gordunni,1478,shaman,restoration,236,118,118
Kaminarí,antonidas,1478,shaman,restoration,42,18,24
Kataclysm,nemesis,1477,shaman,restoration,71,35,36
Sucøre,die-nachtwache,1476,shaman,restoration,58,31,27
Wolkî,aegwynn,1476,shaman,restoration,33,16,17
Bumbersham,stormscale,1475,shaman,restoration,72,35,37
Xintenggege,silvermoon,1474,shaman,restoration,70,36,34
Gützli,blackmoore,1474,shaman,restoration,93,35,58
Wylly,aegwynn,1473,shaman,restoration,156,88,68
Orcshaman,the-maelstrom,1472,shaman,restoration,68,39,29
Cleptocracy,draenor,1472,shaman,restoration,35,18,17
Schamazon,tarren-mill,1471,shaman,restoration,57,32,25
Diix,archimonde,1471,shaman,restoration,84,35,49
Фоэксген,deathguard,1470,shaman,restoration,26,19,7
Tow,der-rat-von-dalaran,1470,shaman,restoration,24,17,7
Shuzman,emeriss,1470,shaman,restoration,103,49,54
Enïgma,sylvanas,1469,shaman,restoration,94,54,40
Shaloxe,silvermoon,1469,shaman,restoration,29,16,13
Gehrké,silvermoon,1468,shaman,restoration,30,20,10
Kêêqo,blackrock,1468,shaman,restoration,48,23,25
Ivøryz,arthas,1467,shaman,restoration,42,24,18
Eisei,stormscale,1467,shaman,restoration,42,23,19
Greenfatding,kazzak,1467,shaman,restoration,36,19,17
Andról,stormscale,1467,shaman,restoration,54,25,29
Mouraïne,eredar,1466,shaman,restoration,58,37,21
Smørbar,kazzak,1465,shaman,restoration,72,49,23
Ünknownz,archimonde,1464,shaman,restoration,71,37,34
Sebubu,twisting-nether,1463,shaman,restoration,68,34,34
Courtney,sylvanas,1462,shaman,restoration,240,114,126
Àbs,archimonde,1462,shaman,restoration,95,43,52
Theshammy,vashj,1459,shaman,restoration,60,32,28
Yasharshammy,tarren-mill,1459,shaman,restoration,60,28,32
Diosberi,tichondrius,1458,shaman,restoration,24,18,6
Chéatèr,bloodfeather,1458,shaman,restoration,78,41,37
Skrimisher,draenor,1456,shaman,restoration,65,37,28
Schamfxx,blackrock,1456,shaman,restoration,96,49,47
Setac,stormscale,1456,shaman,restoration,39,18,21
Qjie,argent-dawn,1455,shaman,restoration,224,129,95
Шарюпокд,soulflayer,1455,shaman,restoration,48,24,24
Zlingx,auchindoun,1454,shaman,restoration,48,22,26
Denyx,blackmoore,1452,shaman,restoration,28,16,12
Ларисашерсть,blackscar,1452,shaman,restoration,47,26,21
Ronell,argent-dawn,1452,shaman,restoration,132,69,63
Clickmeh,runetotem,1452,shaman,restoration,48,23,25
Артёмлобов,gordunni,1450,shaman,restoration,77,37,40
Breadtotem,tarren-mill,1449,shaman,restoration,54,24,30
Mcbloob,kazzak,1448,shaman,restoration,68,33,35
Pilinham,aggra-português,1448,shaman,restoration,68,25,43
Gspót,twisting-nether,1447,shaman,restoration,98,47,51
Djxyoloswag,silvermoon,1445,shaman,restoration,99,44,55
Noxazar,kazzak,1444,shaman,restoration,65,28,37
Jimtrespies,dun-modr,1443,shaman,restoration,42,21,21
Bonraptor,kirin-tor,1443,shaman,restoration,41,20,21
Тирануксис,blackscar,1441,shaman,restoration,35,22,13
Nøný,gorgonnash,1441,shaman,restoration,66,33,33
Schweízer,blackrock,1441,shaman,restoration,102,45,57
Lavjar,stormscale,1441,shaman,restoration,69,29,40
Бомжмувис,howling-fjord,1440,shaman,restoration,24,15,9
Helloitsmee,thrall,1439,shaman,restoration,40,20,20
Nyzo,tarren-mill,1438,shaman,restoration,30,15,15
Kelvok,kazzak,1438,shaman,restoration,42,19,23
Боунсе,howling-fjord,1438,shaman,restoration,36,15,21
Shamhingo,stormscale,1438,shaman,restoration,48,19,29
Vioceptîon,blackrock,1437,shaman,restoration,30,22,8
Kalvei,draenor,1437,shaman,restoration,41,22,19
Kunsum,twisting-nether,1437,shaman,restoration,87,37,50
Cjay,dunemaul,1436,shaman,restoration,36,23,13
Roineé,draenor,1436,shaman,restoration,30,15,15
Electrífied,outland,1436,shaman,restoration,54,26,28
Амальтейх,soulflayer,1436,shaman,restoration,54,23,31
Okdar,stormscale,1435,shaman,restoration,54,34,20
Shamnox,blackrock,1435,shaman,restoration,57,34,23
Emochka,ravencrest,1435,shaman,restoration,130,60,70
Whitefoxy,stormscale,1434,shaman,restoration,30,16,14
Stòrmbreakèr,nemesis,1434,shaman,restoration,93,44,49
Strïvïse,ysondre,1434,shaman,restoration,47,22,25
Мокос,howling-fjord,1434,shaman,restoration,42,16,26
Kataretic,kazzak,1433,shaman,restoration,24,17,7
Htagagain,archimonde,1433,shaman,restoration,24,15,9
Zaiyoxgodx,thrall,1433,shaman,restoration,49,26,23
Raznys,defias-brotherhood,1433,shaman,restoration,42,15,27
Odiuum,draenor,1432,shaman,restoration,87,46,41
Sadfemecraft,aggramar,1432,shaman,restoration,165,74,91
Hexalicius,sylvanas,1432,shaman,restoration,36,15,21
Threnesham,kazzak,1432,shaman,restoration,42,15,27
Mendiing,kazzak,1431,shaman,restoration,63,30,33
Gards,sylvanas,1431,shaman,restoration,61,29,32
Kaptt,twisting-nether,1431,shaman,restoration,36,15,21
Kickmeheal,dalaran,1430,shaman,restoration,30,18,12
Назульчике,razuvious,1430,shaman,restoration,59,30,29
Здрахарь,howling-fjord,1430,shaman,restoration,33,15,18
Arigato,eonar,1428,shaman,restoration,46,23,23
Дагод,booty-bay,1427,shaman,restoration,48,32,16
Шоплифтер,gordunni,1427,shaman,restoration,48,27,21
Pcr,archimonde,1427,shaman,restoration,111,53,58
Mightgethexd,tarren-mill,1426,shaman,restoration,39,21,18
Vickeshaman,stormreaver,1426,shaman,restoration,55,23,32
Nonnative,stormscale,1426,shaman,restoration,66,27,39
Малекулакота,soulflayer,1425,shaman,restoration,53,25,28
Amaizin,stormscale,1424,shaman,restoration,32,19,13
Ptiloup,varimathras,1423,shaman,restoration,48,22,26
Yois,nemesis,1422,shaman,restoration,84,47,37
Crymere,chamber-of-aspects,1420,shaman,restoration,296,154,142
Кислаябуба,howling-fjord,1420,shaman,restoration,172,81,91
Ripstorm,sylvanas,1420,shaman,restoration,37,16,21
Craisaz,nemesis,1419,shaman,restoration,101,35,66
Jotashaman,sanguino,1418,shaman,restoration,30,16,14
Dawop,ravencrest,1418,shaman,restoration,30,15,15
Венжии,soulflayer,1418,shaman,restoration,54,18,36
Winøxiide,archimonde,1415,shaman,restoration,29,16,13
Dewasham,blackrock,1415,shaman,restoration,54,25,29
Goldhand,ravencrest,1415,shaman,restoration,69,24,45
Onkens,ravencrest,1414,shaman,restoration,57,29,28
Robcurly,blackmoore,1414,shaman,restoration,30,15,15
Straehne,malganis,1414,shaman,restoration,94,43,51
Imshocky,burning-legion,1413,shaman,restoration,83,47,36
Tèysh,ysondre,1413,shaman,restoration,132,68,64
Deadstill,ysondre,1412,shaman,restoration,24,15,9
Dergat,pozzo-delleternità,1412,shaman,restoration,44,21,23
Wôdân,blackrock,1412,shaman,restoration,54,21,33
Apaorkaxyz,ragnaros,1411,shaman,restoration,267,127,140
Fuzzywaagh,silvermoon,1411,shaman,restoration,58,26,32
Smukkere,twisting-nether,1410,shaman,restoration,24,15,9
Umbraverfaa,twisting-nether,1410,shaman,restoration,77,41,36
Patuljak,outland,1409,shaman,restoration,91,48,43
Zhulnaar,hyjal,1409,shaman,restoration,42,21,21
Rawillman,kazzak,1408,shaman,restoration,24,16,8
Goodieesham,burning-blade,1408,shaman,restoration,30,18,12
Mestgonee,draenor,1408,shaman,restoration,48,24,24
Glopper,ravencrest,1407,shaman,restoration,101,48,53
Jazzcore,twisting-nether,1405,shaman,restoration,23,15,8
Antey,ravencrest,1404,shaman,restoration,169,87,82
Xánin,thrall,1404,shaman,restoration,66,31,35
Гарантийный,lich-king,1404,shaman,restoration,36,15,21
Дердан,soulflayer,1402,shaman,restoration,30,17,13
Vuls,blackmoore,1402,shaman,restoration,150,83,67
Gaelic,frostmourne,1402,shaman,restoration,84,43,41
Mclóvín,twisting-nether,1401,shaman,restoration,42,21,21
Тандерфак,ashenvale,1401,shaman,restoration,38,18,20
Shambulancex,tarren-mill,1400,shaman,restoration,30,15,15
Trustlemac,onyxia,1399,shaman,restoration,50,30,20
Beyp,sylvanas,1399,shaman,restoration,67,38,29
Slingz,auchindoun,1396,shaman,restoration,30,15,15
Shemanrolf,outland,1395,shaman,restoration,99,46,53
Pocahøntas,archimonde,1395,shaman,restoration,56,22,34
Swahilishock,the-maelstrom,1394,shaman,restoration,36,15,21
Waterboi,blackmoore,1394,shaman,restoration,80,32,48
Canhealu,nemesis,1393,shaman,restoration,268,139,129
Гвинневра,azuregos,1392,shaman,restoration,125,74,51
Ххвхд,soulflayer,1391,shaman,restoration,66,40,26
Sjamanisme,silvermoon,1390,shaman,restoration,114,60,54
Elombrion,destromath,1387,shaman,restoration,42,21,21
Ярусскийй,howling-fjord,1387,shaman,restoration,247,118,129
Geneazytwo,silvermoon,1384,shaman,restoration,32,19,13
Фридомх,gordunni,1383,shaman,restoration,35,17,18
Gnackbretzn,eredar,1383,shaman,restoration,95,46,49
Dubìff,hyjal,1382,shaman,restoration,21,16,5
Götveren,eredar,1380,shaman,restoration,47,20,27
Pasjeop,ravencrest,1380,shaman,restoration,53,21,32
Badkidney,alakir,1379,shaman,restoration,60,37,23
Джонпсинаа,gordunni,1379,shaman,restoration,36,18,18
Saamira,pozzo-delleternità,1377,shaman,restoration,66,32,34
Ironkraw,stormscale,1377,shaman,restoration,90,33,57
Tonifo,nemesis,1376,shaman,restoration,23,18,5
Brigantino,burning-legion,1376,shaman,restoration,49,26,23
Axemodels,archimonde,1376,shaman,restoration,32,16,16
Roverlos,blackrock,1375,shaman,restoration,129,70,59
Warianis,ravencrest,1374,shaman,restoration,51,27,24
Damex,thunderhorn,1374,shaman,restoration,143,56,87
Alishie,outland,1373,shaman,restoration,117,64,53
Lindemánn,blackhand,1373,shaman,restoration,54,21,33
Elamentaly,draenor,1371,shaman,restoration,54,29,25
Phêbz,archimonde,1371,shaman,restoration,48,25,23
Noulol,aegwynn,1371,shaman,restoration,35,16,19
Xoxoheal,eredar,1368,shaman,restoration,36,15,21
Шиока,borean-tundra,1365,shaman,restoration,59,33,26
Lupisregina,silvermoon,1365,shaman,restoration,41,19,22
Hulcky,grim-batol,1363,shaman,restoration,48,27,21
Acidtrip,hyjal,1363,shaman,restoration,48,24,24
Vorkanyx,ysondre,1362,shaman,restoration,106,51,55
Lilshamano,ravencrest,1360,shaman,restoration,228,130,98
Akrobata,silvermoon,1360,shaman,restoration,180,83,97
Gunhyld,hyjal,1359,shaman,restoration,47,20,27
Кураж,howling-fjord,1358,shaman,restoration,47,20,27
Zallyy,tarren-mill,1357,shaman,restoration,48,27,21
Subaki,die-aldor,1355,shaman,restoration,34,20,14
Ruvxy,twisting-nether,1354,shaman,restoration,65,38,27
Slowtem,draenor,1354,shaman,restoration,101,52,49
Vanquïsh,archimonde,1353,shaman,restoration,48,21,27
Ketzersend,alleria,1351,shaman,restoration,30,18,12
Krovogor,silvermoon,1351,shaman,restoration,60,34,26
Nosql,draenor,1351,shaman,restoration,28,15,13
Zenzua,twisting-nether,1350,shaman,restoration,41,27,14
Räyznx,nozdormu,1350,shaman,restoration,24,15,9
Daboó,vashj,1350,shaman,restoration,115,63,52
Skreppa,kazzak,1349,shaman,restoration,30,19,11
Эрутеон,deathguard,1349,shaman,restoration,108,49,59
Stylix,tarren-mill,1347,shaman,restoration,93,44,49
Xogor,kazzak,1347,shaman,restoration,55,20,35
Zevissh,outland,1346,shaman,restoration,54,28,26
Purgerkìng,tarren-mill,1344,shaman,restoration,18,14,4
Сновидений,soulflayer,1344,shaman,restoration,49,23,26
Invade,darkspear,1343,shaman,restoration,18,14,4
Intoxed,sylvanas,1343,shaman,restoration,48,27,21
Shinds,archimonde,1343,shaman,restoration,72,32,40
Shrekcho,twisting-nether,1342,shaman,restoration,36,25,11
Henchtotem,draenor,1342,shaman,restoration,56,31,25
Showman,archimonde,1342,shaman,restoration,323,161,162
Healelele,frostwolf,1342,shaman,restoration,30,14,16
Beoka,dun-modr,1342,shaman,restoration,33,15,18
Diya,karazhan,1342,shaman,restoration,96,42,54
Schïps,kirin-tor,1339,shaman,restoration,54,31,23
Maburst,silvermoon,1339,shaman,restoration,30,17,13
Начилибосе,gordunni,1339,shaman,restoration,170,88,82
Abx,draenor,1339,shaman,restoration,48,24,24
Amrgl,earthen-ring,1339,shaman,restoration,36,15,21
Sørum,grim-batol,1339,shaman,restoration,36,14,22
Fußpilzmann,blackmoore,1338,shaman,restoration,139,76,63
Thunderson,daggerspine,1338,shaman,restoration,104,45,59
Brokgar,ragnaros,1337,shaman,restoration,24,14,10
Átòmíc,eredar,1337,shaman,restoration,30,14,16
Shapperdin,darksorrow,1336,shaman,restoration,24,14,10
Bíìerlip,twisting-nether,1336,shaman,restoration,47,25,22
Chamika,dentarg,1336,shaman,restoration,60,24,36
Freizeitler,antonidas,1335,shaman,restoration,78,37,41
Lorko,twisting-nether,1335,shaman,restoration,30,14,16
Shamanash,kazzak,1335,shaman,restoration,30,14,16
Flikus,aggra-português,1335,shaman,restoration,42,16,26
Bresidendo,frostwhisper,1334,shaman,restoration,95,39,56
Ongewasgone,defias-brotherhood,1333,shaman,restoration,30,16,14
Bloodburst,stormscale,1332,shaman,restoration,48,29,19
Lariralol,malorne,1332,shaman,restoration,67,37,30
Ксмо,gordunni,1331,shaman,restoration,24,14,10
Хотдевил,gordunni,1331,shaman,restoration,59,32,27
Swedishmeat,kazzak,1331,shaman,restoration,185,95,90
Beardling,auchindoun,1329,shaman,restoration,24,15,9
Powerhq,thrall,1329,shaman,restoration,24,14,10
Purgérkíng,silvermoon,1329,shaman,restoration,50,27,23
Alàstor,kazzak,1329,shaman,restoration,55,24,31
Drohx,ysondre,1327,shaman,restoration,24,14,10
Братишкапинг,soulflayer,1327,shaman,restoration,110,56,54
Energised,alonsus,1327,shaman,restoration,48,21,27
Jarvís,gilneas,1327,shaman,restoration,50,19,31
Deadwoodz,tarren-mill,1326,shaman,restoration,142,70,72
Flambusier,hyjal,1324,shaman,restoration,207,122,85
Magma,kazzak,1323,shaman,restoration,18,14,4
Stivishamy,blackmoore,1323,shaman,restoration,40,25,15
Cloovster,magtheridon,1323,shaman,restoration,36,17,19
Schaname,rajaxx,1323,shaman,restoration,30,14,16
Sdkpwns,draenor,1322,shaman,restoration,36,16,20
Georgieboi,sylvanas,1321,shaman,restoration,24,14,10
Bedouín,draenor,1321,shaman,restoration,91,51,40
Lerosh,twisting-nether,1321,shaman,restoration,54,30,24
Mjöllnir,blackrock,1321,shaman,restoration,108,56,52
Mjahex,stormscale,1321,shaman,restoration,60,28,32
Vaaggu,stormreaver,1321,shaman,restoration,36,14,22
Nybz,sylvanas,1320,shaman,restoration,120,61,59
Yegera,stormscale,1320,shaman,restoration,30,14,16
Роджермур,howling-fjord,1319,shaman,restoration,30,14,16
Shimmyja,draenor,1317,shaman,restoration,72,34,38
Corintho,blackmoore,1316,shaman,restoration,46,25,21
Ironmack,outland,1316,shaman,restoration,42,19,23
Boneyka,ragnaros,1316,shaman,restoration,110,44,66
Lickmytôtem,frostmane,1314,shaman,restoration,30,14,16
Виртуосгодх,soulflayer,1313,shaman,restoration,54,25,29
Жижелье,howling-fjord,1312,shaman,restoration,128,68,60
Kbakasham,ravencrest,1312,shaman,restoration,56,27,29
Keräx,cthun,1311,shaman,restoration,24,14,10
Awwey,stormscale,1310,shaman,restoration,18,14,4
Navezi,twisting-nether,1310,shaman,restoration,72,41,31
Obêlixx,blackmoore,1310,shaman,restoration,78,40,38
Ønepåc,hyjal,1309,shaman,restoration,29,14,15
Шаманутый,gordunni,1308,shaman,restoration,73,40,33
Düsterlotus,dalvengyr,1308,shaman,restoration,196,106,90
Крэгнор,gordunni,1308,shaman,restoration,135,70,65
Shamingu,arathor,1308,shaman,restoration,152,77,75
Aceofraphy,thrall,1308,shaman,restoration,125,53,72
Tingyspanky,twisting-nether,1308,shaman,restoration,39,15,24
Panicsc,twisting-nether,1307,shaman,restoration,254,125,129
Thaarley,blackmoore,1305,shaman,restoration,34,22,12
Shafallen,tarren-mill,1305,shaman,restoration,40,24,16
Iamnyka,blackrock,1304,shaman,restoration,72,42,30
Durek,aerie-peak,1304,shaman,restoration,24,14,10
Bíllý,onyxia,1303,shaman,restoration,24,14,10
Laykablue,blackhand,1303,shaman,restoration,55,26,29
Санрэйн,soulflayer,1302,shaman,restoration,54,32,22
Samantouz,archimonde,1302,shaman,restoration,132,62,70
Monstermunch,ravencrest,1301,shaman,restoration,110,50,60
Orcinterface,tarren-mill,1300,shaman,restoration,104,49,55
Quiec,kazzak,1300,shaman,restoration,60,21,39
Marrakei,aegwynn,1300,shaman,restoration,44,15,29
Panicblast,stormscale,1299,shaman,restoration,44,27,17
Kfcmanagerzz,archimonde,1299,shaman,restoration,29,14,15
Шаеман,soulflayer,1298,shaman,restoration,36,20,16
Ærthgød,stormscale,1297,shaman,restoration,24,17,7
Reyja,draenor,1297,shaman,restoration,24,15,9
Kìra,darkmoon-faire,1296,shaman,restoration,51,28,23
Harptwo,eredar,1295,shaman,restoration,47,28,19
Rhakhatheckh,nemesis,1295,shaman,restoration,58,26,32
Fernashaman,aggra-português,1295,shaman,restoration,42,18,24
Heyzal,aegwynn,1295,shaman,restoration,38,14,24
Fünkchn,zuluhed,1293,shaman,restoration,46,24,22
Shamanmode,twisting-nether,1292,shaman,restoration,42,17,25
Shioni,ravencrest,1291,shaman,restoration,139,64,75
Eduorde,silvermoon,1290,shaman,restoration,37,22,15
Zujaz,stormscale,1289,shaman,restoration,30,14,16
Shamanaman,stormscale,1287,shaman,restoration,24,14,10
Seyfüce,archimonde,1287,shaman,restoration,53,27,26
Semrix,blackhand,1286,shaman,restoration,134,63,71
Mêkyra,blackmoore,1286,shaman,restoration,58,27,31
Xamic,twisting-nether,1286,shaman,restoration,59,27,32
Kneggebrot,blackmoore,1286,shaman,restoration,96,39,57
Ríko,argent-dawn,1285,shaman,restoration,70,37,33
Chadshaman,antonidas,1284,shaman,restoration,55,24,31
Chilliajin,tarren-mill,1284,shaman,restoration,59,25,34
Cudntreskobe,kazzak,1283,shaman,restoration,40,20,20
Nwäar,archimonde,1283,shaman,restoration,144,71,73
Horiun,sanguino,1282,shaman,restoration,31,15,16
Cømedian,ragnaros,1281,shaman,restoration,51,25,26
Bluefacebaby,nemesis,1280,shaman,restoration,173,82,91
Rokatotem,ysondre,1279,shaman,restoration,27,14,13
Morty,tarren-mill,1279,shaman,restoration,59,27,32
Praise,auchindoun,1278,shaman,restoration,53,24,29
Kraugug,archimonde,1277,shaman,restoration,44,24,20
Patlangoi,outland,1277,shaman,restoration,74,38,36
Ghorall,ragnaros,1277,shaman,restoration,30,15,15
Asaakira,blackmoore,1276,shaman,restoration,51,32,19
Deaslow,hyjal,1276,shaman,restoration,40,25,15
Shago,archimonde,1276,shaman,restoration,124,54,70
Tenny,haomarush,1276,shaman,restoration,54,20,34
Foximus,blackhand,1275,shaman,restoration,48,23,25
Vodoochild,hyjal,1275,shaman,restoration,79,33,46
Фистинктотем,soulflayer,1273,shaman,restoration,80,42,38
Alisàn,teldrassil,1272,shaman,restoration,163,77,86
Vengatrox,antonidas,1272,shaman,restoration,81,37,44
Áchilleus,kazzak,1272,shaman,restoration,54,23,31
Shôk,ravencrest,1271,shaman,restoration,74,37,37
Kivra,burning-legion,1271,shaman,restoration,107,46,61
Шайнинлайт,soulflayer,1271,shaman,restoration,107,42,65
Yslìn,khaz-modan,1271,shaman,restoration,41,14,27
Elendig,blackmoore,1270,shaman,restoration,31,18,13
Формацепт,ashenvale,1270,shaman,restoration,102,51,51
Ishkadar,twisting-nether,1270,shaman,restoration,33,15,18
Aldron,tirion,1269,shaman,restoration,57,30,27
Stormcaster,argent-dawn,1267,shaman,restoration,70,34,36
Shyrel,burning-legion,1267,shaman,restoration,202,96,106
Xerijan,pozzo-delleternità,1265,shaman,restoration,66,33,33
Asumix,illidan,1263,shaman,restoration,89,44,45
Yuliy,arathor,1263,shaman,restoration,108,50,58
Størmbølt,draenor,1263,shaman,restoration,54,24,30
Kelshaj,thrall,1262,shaman,restoration,33,15,18
Dregú,draenor,1261,shaman,restoration,81,44,37
Azifox,hyjal,1260,shaman,restoration,25,14,11
Эртирон,howling-fjord,1260,shaman,restoration,234,120,114
Кразтор,howling-fjord,1259,shaman,restoration,161,71,90
Дрекрош,howling-fjord,1257,shaman,restoration,71,28,43
Îolar,aegwynn,1254,shaman,restoration,90,36,54
Thundersioux,ravencrest,1253,shaman,restoration,81,44,37
Jimmybuffett,kazzak,1253,shaman,restoration,122,62,60
Ogrilza,uldaman,1252,shaman,restoration,136,74,62
Ðøminantx,stormscale,1249,shaman,restoration,55,28,27
Viallinen,stormreaver,1249,shaman,restoration,37,15,22
Jävlajävel,draenor,1248,shaman,restoration,76,45,31
Chävaman,archimonde,1248,shaman,restoration,24,13,11
Shamtrix,drakthul,1248,shaman,restoration,77,34,43
Wyrolink,ragnaros,1247,shaman,restoration,24,13,11
Palarins,dalaran,1247,shaman,restoration,24,13,11
Mandoloriana,sylvanas,1247,shaman,restoration,108,50,58
Bìnary,ravencrest,1247,shaman,restoration,30,13,17
Pogchampz,nemesis,1247,shaman,restoration,30,13,17
Bluesteel,bladefist,1247,shaman,restoration,53,16,37
Reparagos,sanguino,1246,shaman,restoration,25,14,11
Puffeh,emeriss,1246,shaman,restoration,30,13,17
Руикси,howling-fjord,1246,shaman,restoration,30,13,17
Вилкойвухо,howling-fjord,1246,shaman,restoration,38,13,25
Linkedink,tarren-mill,1245,shaman,restoration,29,17,12
Shamiinn,ravencrest,1245,shaman,restoration,24,13,11
Smøul,sanguino,1245,shaman,restoration,30,13,17
Kryuxs,blackrock,1244,shaman,restoration,66,31,35
Khattla,outland,1243,shaman,restoration,42,23,19
Shamdude,archimonde,1243,shaman,restoration,24,13,11
Watashij,outland,1243,shaman,restoration,69,36,33
Kvolt,ysondre,1243,shaman,restoration,30,13,17
Nabo,archimonde,1243,shaman,restoration,40,16,24
Absot,dun-morogh,1242,shaman,restoration,24,13,11
Shammychris,argent-dawn,1242,shaman,restoration,30,13,17
Dgshîtdwarf,ravencrest,1242,shaman,restoration,30,13,17
Honorqi,sylvanas,1242,shaman,restoration,57,20,37
Anlaki,silvermoon,1241,shaman,restoration,18,13,5
Leunam,draenor,1241,shaman,restoration,52,26,26
Makaria,emerald-dream,1241,shaman,restoration,237,114,123
Djschamihaar,blackrock,1240,shaman,restoration,18,13,5
Spitta,ysondre,1240,shaman,restoration,24,13,11
Manitus,sylvanas,1240,shaman,restoration,64,33,31
Туурукк,soulflayer,1240,shaman,restoration,30,13,17
Elijaá,nordrassil,1239,shaman,restoration,77,42,35
Plutonx,stormscale,1239,shaman,restoration,24,13,11
Bufuxx,kazzak,1238,shaman,restoration,18,13,5
Riptider,draenor,1238,shaman,restoration,36,13,23
Sîggý,eredar,1237,shaman,restoration,24,13,11
Davihla,grim-batol,1236,shaman,restoration,24,13,11
Bomboclat,azjolnerub,1236,shaman,restoration,64,32,32
Woade,silvermoon,1236,shaman,restoration,60,28,32
Перегной,ashenvale,1236,shaman,restoration,99,43,56
Shameari,sylvanas,1234,shaman,restoration,18,13,5
Корольшомен,gordunni,1234,shaman,restoration,24,14,10
Èxé,stormscale,1234,shaman,restoration,36,18,18
Kaletore,ragnaros,1233,shaman,restoration,60,34,26
Iziisham,outland,1233,shaman,restoration,62,30,32
Asschick,outland,1233,shaman,restoration,36,13,23
Blackone,destromath,1232,shaman,restoration,24,13,11
Aébi,dalaran,1232,shaman,restoration,24,13,11
Althayr,blackmoore,1232,shaman,restoration,28,14,14
Kyaz,ravencrest,1231,shaman,restoration,30,15,15
Carnágé,blackrock,1230,shaman,restoration,42,24,18
Anakkynu,sylvanas,1230,shaman,restoration,31,14,17
Hephaisto,defias-brotherhood,1229,shaman,restoration,30,17,13
Doriana,dalaran,1229,shaman,restoration,72,29,43
Zìik,draenor,1229,shaman,restoration,36,13,23
Táyy,stormscale,1228,shaman,restoration,24,13,11
Sugardad,khaz-modan,1228,shaman,restoration,189,90,99
Shpankproof,kazzak,1228,shaman,restoration,30,13,17
Kuddjah,twisting-nether,1227,shaman,restoration,48,24,24
Lumirecia,shadowsong,1227,shaman,restoration,30,13,17
Bigayak,blackrock,1226,shaman,restoration,21,14,7
Alexmiamosch,thrall,1226,shaman,restoration,78,48,30
Nftkal,emerald-dream,1226,shaman,restoration,47,25,22
Nintotemxo,stormscale,1226,shaman,restoration,30,13,17
Merkàba,pozzo-delleternità,1225,shaman,restoration,61,31,30
Clearwaters,tarren-mill,1225,shaman,restoration,40,14,26
Læh,archimonde,1225,shaman,restoration,66,20,46
Bullit,zuljin,1222,shaman,restoration,56,26,30
Kavyzyoyo,twisting-nether,1222,shaman,restoration,71,31,40
Flameshock,tarren-mill,1222,shaman,restoration,30,13,17
Fulminare,ravencrest,1221,shaman,restoration,78,39,39
Energized,twilights-hammer,1221,shaman,restoration,30,15,15
Murmelï,stormreaver,1220,shaman,restoration,99,46,53
Schnessert,silvermoon,1220,shaman,restoration,30,13,17
Dinosaurer,outland,1219,shaman,restoration,18,13,5
Ошибся,deathguard,1219,shaman,restoration,36,19,17
Jéhil,hyjal,1219,shaman,restoration,30,14,16
Индигула,soulflayer,1219,shaman,restoration,59,18,41
Bigrambo,draenor,1218,shaman,restoration,65,37,28
Юляукраинка,gordunni,1216,shaman,restoration,55,24,31
Sickbrain,silvermoon,1216,shaman,restoration,45,19,26
Mosler,thunderhorn,1215,shaman,restoration,55,29,26
Kèlls,la-croisade-écarlate,1215,shaman,restoration,60,27,33
Sizzurp,mugthol,1214,shaman,restoration,24,13,11
Suze,hellfire,1214,shaman,restoration,60,25,35
Wieszcz,kazzak,1212,shaman,restoration,51,21,30
Lavafrans,kazzak,1211,shaman,restoration,18,13,5
Thuknala,tarren-mill,1210,shaman,restoration,46,26,20
Sorcerus,burning-legion,1210,shaman,restoration,72,27,45
Быковат,booty-bay,1209,shaman,restoration,152,78,74
Kickvando,blackmoore,1209,shaman,restoration,44,22,22
Shèshe,uldaman,1208,shaman,restoration,36,20,16
Shammynox,draenor,1208,shaman,restoration,30,14,16
Tilixs,draenor,1207,shaman,restoration,81,27,54
Ephase,burning-blade,1207,shaman,restoration,55,16,39
Loppish,silvermoon,1206,shaman,restoration,24,16,8
Xetri,ragnaros,1206,shaman,restoration,41,22,19
Morttes,burning-legion,1205,shaman,restoration,27,14,13
Jimkopf,eredar,1205,shaman,restoration,46,23,23
Nakenfeigy,stormreaver,1204,shaman,restoration,29,16,13
Бичпак,howling-fjord,1203,shaman,restoration,56,25,31
Huldi,kazzak,1202,shaman,restoration,48,28,20
Icozy,stormscale,1202,shaman,restoration,51,27,24
Mya,frostwolf,1201,shaman,restoration,29,14,15
Shamaam,burning-legion,1201,shaman,restoration,30,13,17
Roxxo,frostwolf,1200,shaman,restoration,30,16,14
Skenflewds,alakir,1200,shaman,restoration,117,47,70
Blöödfist,drakthul,1200,shaman,restoration,35,14,21
Mazu,spinebreaker,1200,shaman,restoration,41,15,26
Нолькастов,soulflayer,1199,shaman,restoration,17,13,4
Lechirurgien,elune,1198,shaman,restoration,137,68,69
Teccatwo,outland,1198,shaman,restoration,100,48,52
Croku,thrall,1197,shaman,restoration,120,65,55
Новогор,soulflayer,1197,shaman,restoration,48,23,25
Corbo,ysondre,1196,shaman,restoration,126,68,58
Chamon,grim-batol,1195,shaman,restoration,42,19,23
Lolafløres,dun-modr,1194,shaman,restoration,53,37,16
Gauss,agamaggan,1192,shaman,restoration,31,14,17
Sarenity,hellfire,1190,shaman,restoration,41,24,17
Silko,wrathbringer,1189,shaman,restoration,63,24,39
Buzzingsham,tarren-mill,1188,shaman,restoration,42,23,19
Shockjob,kazzak,1188,shaman,restoration,32,14,18
Yasunari,sanguino,1188,shaman,restoration,42,16,26
Флафен,howling-fjord,1185,shaman,restoration,25,14,11
Hunorth,stormscale,1185,shaman,restoration,46,23,23
Elwynnpolice,argent-dawn,1183,shaman,restoration,28,13,15
Oldrym,blackrock,1183,shaman,restoration,64,25,39
Baboss,blutkessel,1182,shaman,restoration,35,15,20
Târrocke,nethersturm,1181,shaman,restoration,54,24,30
Shexy,the-maelstrom,1181,shaman,restoration,72,25,47
Bigschamlipp,blackhand,1180,shaman,restoration,23,13,10
Biztor,jaedenar,1178,shaman,restoration,48,26,22
Weraeth,drakthul,1178,shaman,restoration,91,47,44
Darnok,quelthalas,1178,shaman,restoration,66,32,34
Thundrkrakn,blackhand,1177,shaman,restoration,77,39,38
Egí,azshara,1177,shaman,restoration,38,14,24
Shacharcaspi,blackmoore,1177,shaman,restoration,55,20,35
Mwnci,anachronos,1176,shaman,restoration,141,72,69
Kvekkis,argent-dawn,1175,shaman,restoration,30,17,13
Iltis,nazjatar,1172,shaman,restoration,52,23,29
Максибончик,soulflayer,1170,shaman,restoration,42,18,24
Goodmañ,eonar,1170,shaman,restoration,122,52,70
Kuiji,stormreaver,1168,shaman,restoration,94,55,39
Tegellera,ravencrest,1168,shaman,restoration,53,27,26
Ibkdalen,stormscale,1167,shaman,restoration,48,26,22
Proxysham,the-maelstrom,1166,shaman,restoration,18,13,5
Dwarfofwar,ravencrest,1165,shaman,restoration,80,43,37
Cromosoma,dun-modr,1162,shaman,restoration,68,41,27
Moonbotico,blackrock,1161,shaman,restoration,127,61,66
Bèx,twisting-nether,1159,shaman,restoration,30,13,17
Эйвуа,gordunni,1158,shaman,restoration,81,43,38
Pituu,tarren-mill,1158,shaman,restoration,36,15,21
Shinui,twisting-nether,1157,shaman,restoration,51,26,25
Knasta,malygos,1156,shaman,restoration,42,20,22
Paniio,stormscale,1156,shaman,restoration,48,20,28
Дисмон,ashenvale,1155,shaman,restoration,48,24,24
Mostachin,dun-modr,1155,shaman,restoration,64,28,36
Undin,burning-legion,1154,shaman,restoration,90,50,40
Alcam,twisting-nether,1154,shaman,restoration,77,33,44
Saviothewise,aggra-português,1153,shaman,restoration,24,15,9
Littledorf,ravencrest,1153,shaman,restoration,99,51,48
Кодишам,howling-fjord,1152,shaman,restoration,18,12,6
Rostislav,ravencrest,1152,shaman,restoration,18,12,6
Olînours,archimonde,1152,shaman,restoration,36,20,16
Терату,gordunni,1152,shaman,restoration,24,12,12
Dôppel,archimonde,1152,shaman,restoration,24,12,12
Pepegahex,blackmoore,1152,shaman,restoration,24,12,12
Kalhoznik,ravencrest,1152,shaman,restoration,24,12,12
Sërka,cthun,1152,shaman,restoration,38,16,22
Snovii,drakthul,1152,shaman,restoration,30,12,18
Thabolter,burning-legion,1151,shaman,restoration,18,12,6
Totembeard,frostmourne,1151,shaman,restoration,18,12,6
Snackerella,blackrock,1151,shaman,restoration,18,12,6
Giuliah,ravencrest,1151,shaman,restoration,24,12,12
Scriptx,blackmoore,1151,shaman,restoration,24,12,12
Hohedichte,amanthul,1150,shaman,restoration,18,12,6
Souqixo,drakthul,1150,shaman,restoration,18,12,6
Zelent,thrall,1150,shaman,restoration,18,12,6
Chimey,frostmane,1150,shaman,restoration,24,12,12
Sparkygrill,eredar,1150,shaman,restoration,24,12,12
Poggsham,twisting-nether,1150,shaman,restoration,68,32,36
Lolalovexo,kazzak,1150,shaman,restoration,30,14,16
Killatotem,kazzak,1150,shaman,restoration,30,12,18
Balthasa,blackhand,1149,shaman,restoration,18,12,6
Rëazx,archimonde,1149,shaman,restoration,24,12,12
Kissmepls,tarren-mill,1149,shaman,restoration,24,12,12
Ампулаикс,gordunni,1149,shaman,restoration,24,12,12
Kaherad,antonidas,1148,shaman,restoration,72,33,39
Enzymex,sanguino,1148,shaman,restoration,36,12,24
Xêra,burning-legion,1147,shaman,restoration,22,13,9
Kärríegold,blackrock,1146,shaman,restoration,18,12,6
Kemh,nemesis,1146,shaman,restoration,30,12,18
Vælcya,archimonde,1145,shaman,restoration,24,12,12
Ophís,ambossar,1145,shaman,restoration,24,12,12
Phobophobia,archimonde,1145,shaman,restoration,24,12,12
Stormdrágon,kazzak,1145,shaman,restoration,30,12,18
Tvättpåse,tarren-mill,1144,shaman,restoration,18,12,6
Unraedorc,twisting-nether,1144,shaman,restoration,30,12,18
Kuse,anubarak,1144,shaman,restoration,30,12,18
Кайрн,gordunni,1144,shaman,restoration,30,12,18
Drman,shattered-hand,1143,shaman,restoration,60,33,27
Lynesse,ragnaros,1142,shaman,restoration,18,12,6
Bliksem,tarren-mill,1142,shaman,restoration,24,12,12
Pòcho,kazzak,1142,shaman,restoration,41,12,29
Lumière,alonsus,1141,shaman,restoration,24,12,12
Rêêza,blackhand,1140,shaman,restoration,54,28,26
Nafay,lordaeron,1140,shaman,restoration,78,39,39
Shadî,kiljaeden,1139,shaman,restoration,30,14,16
Guayotta,sanguino,1139,shaman,restoration,30,12,18
Macchiavelli,blades-edge,1137,shaman,restoration,131,57,74
Nephylim,grim-batol,1136,shaman,restoration,24,12,12
Laïnàà,archimonde,1136,shaman,restoration,65,27,38
Mosterx,stormscale,1135,shaman,restoration,75,41,34
Spaceboy,archimonde,1133,shaman,restoration,30,12,18
Chaminoune,sargeras,1132,shaman,restoration,24,12,12
Nextlvlplz,draenor,1132,shaman,restoration,79,38,41
Omgodofwar,burning-blade,1132,shaman,restoration,90,33,57
Suntpraf,kazzak,1131,shaman,restoration,35,14,21
Arabesk,arygos,1130,shaman,restoration,108,50,58
Shamanlynx,ravencrest,1128,shaman,restoration,18,12,6
Aviearn,ragnaros,1128,shaman,restoration,42,23,19
Zkalman,kazzak,1128,shaman,restoration,29,15,14
Ricid,nerathor,1128,shaman,restoration,30,12,18
Profylax,arathor,1127,shaman,restoration,48,24,24
Bruhin,ravencrest,1127,shaman,restoration,36,13,23
Anyxxia,aegwynn,1126,shaman,restoration,30,12,18
Riverwin,silvermoon,1124,shaman,restoration,42,23,19
Selrin,blackrock,1122,shaman,restoration,96,37,59
Bendimina,chogall,1120,shaman,restoration,18,12,6
Nesjâ,blackhand,1120,shaman,restoration,30,12,18
Temeres,drakthul,1119,shaman,restoration,30,15,15
Ulfom,silvermoon,1118,shaman,restoration,58,27,31
Tâkeda,blackmoore,1118,shaman,restoration,29,12,17
Tonda,stormscale,1116,shaman,restoration,22,13,9
Khanokekw,twisting-nether,1116,shaman,restoration,118,64,54
Smyke,magtheridon,1116,shaman,restoration,96,51,45
Vimra,blackhand,1116,shaman,restoration,41,14,27
Nazantìa,hyjal,1115,shaman,restoration,35,17,18
Grimnyr,onyxia,1115,shaman,restoration,30,12,18
Raincaller,archimonde,1115,shaman,restoration,35,12,23
Shámpaín,outland,1114,shaman,restoration,44,17,27
Aveet,kazzak,1113,shaman,restoration,24,12,12
Понбарон,gordunni,1113,shaman,restoration,46,19,27
Hayvack,hyjal,1112,shaman,restoration,56,28,28
Spørc,ragnaros,1110,shaman,restoration,83,40,43
Säphïr,hyjal,1105,shaman,restoration,22,13,9
Polystrath,silvermoon,1104,shaman,restoration,48,22,26
Sáltý,ravencrest,1103,shaman,restoration,21,12,9
Ivaccineyou,blackmoore,1099,shaman,restoration,24,12,12
Thenasil,stormscale,1097,shaman,restoration,64,28,36
Ominos,stormscale,1096,shaman,restoration,24,13,11
Klamen,kazzak,1095,shaman,restoration,24,12,12
Sanktyx,blackhand,1094,shaman,restoration,28,13,15
Rusbeermen,silvermoon,1094,shaman,restoration,47,13,34
Fivezax,tarren-mill,1093,shaman,restoration,42,23,19
Thuns,stormscale,1093,shaman,restoration,29,14,15
Alakan,saurfang,1093,shaman,restoration,140,65,75
Zerwurster,thrall,1091,shaman,restoration,36,16,20
Waskoelement,archimonde,1090,shaman,restoration,48,27,21
Hazufel,kaelthas,1090,shaman,restoration,50,23,27
Gotreck,zuljin,1086,shaman,restoration,36,13,23
Mufzo,draenor,1086,shaman,restoration,47,16,31
Baelee,sylvanas,1085,shaman,restoration,108,47,61
Aénéas,twisting-nether,1084,shaman,restoration,30,12,18
Spartecøbra,dalaran,1083,shaman,restoration,36,16,20
Arienus,turalyon,1081,shaman,restoration,22,12,10
Vulkan,kirin-tor,1081,shaman,restoration,42,20,22
Bennycooch,silvermoon,1081,shaman,restoration,107,42,65
Maflas,dun-modr,1080,shaman,restoration,31,19,12
Kasálla,aegwynn,1080,shaman,restoration,28,14,14
Akimboo,kilrogg,1076,shaman,restoration,42,13,29
Shamandeadly,aggra-português,1075,shaman,restoration,24,12,12
Shamone,stormreaver,1070,shaman,restoration,35,16,19
Holshammy,nemesis,1069,shaman,restoration,96,40,56
Totemkin,stormscale,1069,shaman,restoration,60,13,47
Xoxoxoxoa,twisting-nether,1068,shaman,restoration,71,22,49
Dpgsevenk,kazzak,1066,shaman,restoration,23,12,11
Quîn,defias-brotherhood,1066,shaman,restoration,102,48,54
Zuggerberg,defias-brotherhood,1063,shaman,restoration,33,12,21
Broner,ravencrest,1061,shaman,restoration,68,36,32
Hikigane,marécage-de-zangar,1061,shaman,restoration,48,17,31
Thunderjax,laughing-skull,1057,shaman,restoration,34,19,15
Чоколав,howling-fjord,1057,shaman,restoration,60,32,28
Mantoon,doomhammer,1057,shaman,restoration,42,17,25
Elmezz,outland,1056,shaman,restoration,18,11,7
Socialfailur,archimonde,1056,shaman,restoration,18,11,7
Rôwdy,kazzak,1056,shaman,restoration,24,11,13
Wisplola,ravencrest,1056,shaman,restoration,24,11,13
Boruggshaman,kazzak,1056,shaman,restoration,24,11,13
Magmera,argent-dawn,1056,shaman,restoration,138,58,80
Recov,draenor,1056,shaman,restoration,28,11,17
Zuly,grim-batol,1055,shaman,restoration,18,11,7
Yashëa,ysondre,1055,shaman,restoration,18,11,7
Drmanathan,garona,1055,shaman,restoration,18,11,7
Lòómit,anetheron,1055,shaman,restoration,71,35,36
Infinitetide,doomhammer,1055,shaman,restoration,24,11,13
Blipster,tarren-mill,1055,shaman,restoration,24,11,13
Icecold,grim-batol,1055,shaman,restoration,24,11,13
Gromaburst,stormscale,1055,shaman,restoration,24,11,13
Krolhok,hyjal,1055,shaman,restoration,24,11,13
Lanzatotems,dun-modr,1055,shaman,restoration,93,42,51
Miikkas,blackhand,1054,shaman,restoration,18,11,7
Quòr,antonidas,1054,shaman,restoration,59,34,25
Shakgor,draenor,1054,shaman,restoration,48,27,21
Ehrling,ysondre,1054,shaman,restoration,30,16,14
Elshamino,ravencrest,1054,shaman,restoration,24,11,13
Mêrowinger,blackhand,1054,shaman,restoration,24,11,13
Ixthus,varimathras,1054,shaman,restoration,24,11,13
Nyfario,marécage-de-zangar,1054,shaman,restoration,24,11,13
Sweetpea,antonidas,1054,shaman,restoration,24,11,13
Blóúb,blackmoore,1054,shaman,restoration,24,11,13
Protv,ravencrest,1053,shaman,restoration,24,18,6
Tiddles,arathor,1053,shaman,restoration,18,11,7
Тотембот,soulflayer,1053,shaman,restoration,24,11,13
Sehn,arathor,1053,shaman,restoration,24,11,13
Salatmayoo,alakir,1053,shaman,restoration,27,12,15
Pinácoladáqt,stormscale,1053,shaman,restoration,30,11,19
Hyflex,alakir,1053,shaman,restoration,30,11,19
Manush,aszune,1052,shaman,restoration,36,16,20
Muril,argent-dawn,1052,shaman,restoration,30,11,19
Kelvok,silvermoon,1051,shaman,restoration,18,11,7
Rouwa,korgall,1051,shaman,restoration,18,11,7
Zackboing,thrall,1051,shaman,restoration,75,38,37
Ðevi,ravencrest,1051,shaman,restoration,24,11,13
Voitek,sargeras,1051,shaman,restoration,24,11,13
Aliates,sanguino,1051,shaman,restoration,24,11,13
Bigwa,dun-morogh,1050,shaman,restoration,41,26,15
Kíkjo,aegwynn,1050,shaman,restoration,18,11,7
Gadula,burning-legion,1050,shaman,restoration,18,11,7
Quizx,blackrock,1050,shaman,restoration,24,11,13
Оперочек,howling-fjord,1050,shaman,restoration,42,12,30
Demelena,silvermoon,1049,shaman,restoration,108,59,49
Fatotato,outland,1049,shaman,restoration,24,11,13
Шаманнутая,gordunni,1048,shaman,restoration,24,11,13
Zahké,stormscale,1048,shaman,restoration,24,11,13
Hastabasta,sylvanas,1048,shaman,restoration,42,11,31
Bakuga,ragnaros,1047,shaman,restoration,18,11,7
Kanuw,kilrogg,1046,shaman,restoration,40,26,14
Oscar,khaz-modan,1046,shaman,restoration,18,11,7
Tyralià,draenor,1046,shaman,restoration,18,11,7
Chokeonme,blackrock,1046,shaman,restoration,63,37,26
Hexyasf,ravencrest,1046,shaman,restoration,24,11,13
Анашишка,borean-tundra,1046,shaman,restoration,30,11,19
Megumín,darksorrow,1045,shaman,restoration,18,11,7
Towokk,kazzak,1045,shaman,restoration,54,31,23
Zenjo,the-maelstrom,1045,shaman,restoration,36,11,25
Adubsham,tarren-mill,1043,shaman,restoration,12,11,1
Tosaá,antonidas,1042,shaman,restoration,18,11,7
Grîzzou,les-clairvoyants,1042,shaman,restoration,42,25,17
Пончо,booty-bay,1042,shaman,restoration,113,53,60
Sneggels,wrathbringer,1042,shaman,restoration,39,16,23
Umgrall,archimonde,1042,shaman,restoration,66,27,39
Mystico,sanguino,1041,shaman,restoration,30,11,19
Begeshaman,sylvanas,1040,shaman,restoration,396,184,212
Munjar,korgall,1039,shaman,restoration,24,11,13
Syreer,silvermoon,1038,shaman,restoration,32,14,18
Silktotems,kazzak,1038,shaman,restoration,66,25,41
Idkteam,stormscale,1037,shaman,restoration,24,11,13
Qusek,turalyon,1036,shaman,restoration,187,97,90
Slutie,stormscale,1036,shaman,restoration,23,11,12
Кислыйсоус,gordunni,1035,shaman,restoration,60,28,32
Binslagala,zuljin,1033,shaman,restoration,18,11,7
Gushgush,draenor,1032,shaman,restoration,18,11,7
Moglibard,grim-batol,1028,shaman,restoration,18,11,7
Totembse,silvermoon,1028,shaman,restoration,30,11,19
Jeezy,blackhand,1027,shaman,restoration,30,11,19
Kundi,nazjatar,1026,shaman,restoration,24,11,13
Лялори,gordunni,1025,shaman,restoration,60,28,32
Ипа,thermaplugg,1023,shaman,restoration,59,16,43
Pstpstpsst,azjolnerub,1022,shaman,restoration,29,11,18
Snidge,kazzak,1021,shaman,restoration,36,23,13
Daseus,malygos,1021,shaman,restoration,30,14,16
Рёнтар,howling-fjord,1021,shaman,restoration,30,13,17
Hexinreflect,silvermoon,1021,shaman,restoration,96,41,55
Lemontea,burning-blade,1020,shaman,restoration,84,32,52
Checkpoint,defias-brotherhood,1019,shaman,restoration,54,25,29
Вашнюхтоптал,howling-fjord,1018,shaman,restoration,30,17,13
Магмарончик,gordunni,1017,shaman,restoration,60,24,36
Сорнинай,soulflayer,1013,shaman,restoration,65,28,37
Jhaky,dun-modr,1013,shaman,restoration,30,11,19
Garifus,dun-modr,1011,shaman,restoration,174,89,85
Cukkerberg,ragnaros,1010,shaman,restoration,48,19,29
Totemglad,drakthul,1007,shaman,restoration,15,12,3
Blainehammer,arathor,1006,shaman,restoration,30,12,18
Saamjai,turalyon,1005,shaman,restoration,30,17,13
Storqix,drakthul,1005,shaman,restoration,53,13,40
Ironbeard,daggerspine,1004,shaman,restoration,41,16,25
Bluelasso,ysondre,1002,shaman,restoration,35,11,24
Darkkshammy,silvermoon,1001,shaman,restoration,24,12,12
Grøzel,illidan,997,shaman,restoration,23,11,12
Skunazo,sanguino,995,shaman,restoration,18,14,4
Jänis,ragnaros,995,shaman,restoration,22,12,10
Shinigamy,kazzak,995,shaman,restoration,68,35,33
Мезонет,soulflayer,992,shaman,restoration,24,13,11
Valdraxx,ravencrest,992,shaman,restoration,201,101,100
Trixsham,ragnaros,990,shaman,restoration,29,13,16
Haginathor,twisting-nether,989,shaman,restoration,78,41,37
Kéimohansio,draenor,988,shaman,restoration,168,64,104
Mearu,bronze-dragonflight,987,shaman,restoration,42,25,17
Thaun,blackrock,981,shaman,restoration,36,14,22
Teada,aegwynn,980,shaman,restoration,34,12,22
Ambrosioss,kazzak,975,shaman,restoration,30,17,13
Patites,twisting-nether,974,shaman,restoration,36,20,16
Saarroo,ravencrest,973,shaman,restoration,71,24,47
Schamannen,outland,970,shaman,restoration,43,23,20
Xenda,blackrock,970,shaman,restoration,30,13,17
Hemsihammer,ysondre,965,shaman,restoration,23,11,12
Tomtefaan,sylvanas,963,shaman,restoration,24,13,11
Deviantsham,tarren-mill,962,shaman,restoration,66,23,43
Милжон,soulflayer,961,shaman,restoration,31,17,14
Dasce,sylvanas,961,shaman,restoration,36,15,21
Qobq,ravencrest,960,shaman,restoration,12,10,2
Çare,drakthul,960,shaman,restoration,18,10,8
Снупдоггидог,howling-fjord,960,shaman,restoration,24,10,14
Còób,ravencrest,960,shaman,restoration,27,10,17
Aylookitsgam,magtheridon,959,shaman,restoration,12,10,2
Sunjay,frostwolf,959,shaman,restoration,12,10,2
Kaátori,eredar,959,shaman,restoration,12,10,2
Hyperieon,antonidas,959,shaman,restoration,12,10,2
Fourtwogodx,kazzak,959,shaman,restoration,12,10,2
Ðtxkeks,onyxia,959,shaman,restoration,13,10,3
Crysisx,sanguino,959,shaman,restoration,18,10,8
Cahyr,ravencrest,959,shaman,restoration,18,10,8
Kilazz,twisting-nether,959,shaman,restoration,18,10,8
Bananis,outland,959,shaman,restoration,18,10,8
Ånny,blackmoore,959,shaman,restoration,18,10,8
Modder,ragnaros,959,shaman,restoration,18,10,8
Friski,silvermoon,959,shaman,restoration,18,10,8
Qoleck,aegwynn,959,shaman,restoration,18,10,8
Frise,archimonde,959,shaman,restoration,24,12,12
Shivanea,blackrock,959,shaman,restoration,24,10,14
Loay,blackrock,959,shaman,restoration,24,10,14
Amnéshaman,ysondre,959,shaman,restoration,24,10,14
Zombilyk,burning-legion,958,shaman,restoration,18,10,8
Bosskwtt,kazzak,958,shaman,restoration,18,10,8
Páracetamol,blackmoore,958,shaman,restoration,18,10,8
Clips,frostmane,958,shaman,restoration,18,10,8
Jilyu,blackmoore,958,shaman,restoration,18,10,8
Shamanistick,grim-batol,958,shaman,restoration,18,10,8
Prøxxy,ravencrest,958,shaman,restoration,18,10,8
Nozer,arathor,958,shaman,restoration,44,22,22
Чаиро,howling-fjord,958,shaman,restoration,24,10,14
Arîya,blackrock,958,shaman,restoration,33,11,22
Nerdshammyx,tarren-mill,957,shaman,restoration,12,10,2
Samant,neptulon,957,shaman,restoration,36,17,19
Insanebölt,ravencrest,956,shaman,restoration,24,10,14
Drakahaar,burning-blade,956,shaman,restoration,30,10,20
Durekk,tarren-mill,955,shaman,restoration,18,10,8
Nøxylol,veklor,955,shaman,restoration,24,10,14
Zulwin,hyjal,954,shaman,restoration,18,10,8
Rhun,garona,954,shaman,restoration,18,10,8
Shagrax,anubarak,954,shaman,restoration,24,10,14
Kasjer,ravencrest,953,shaman,restoration,24,10,14
Xadishaman,blackrock,951,shaman,restoration,18,10,8
Tauridus,blackrock,951,shaman,restoration,24,10,14
Shámpain,antonidas,950,shaman,restoration,18,10,8
Titavio,twisting-nether,950,shaman,restoration,18,10,8
Hacyria,archimonde,949,shaman,restoration,36,20,16
Mcdz,blackrock,948,shaman,restoration,24,13,11
Outerspace,silvermoon,947,shaman,restoration,24,10,14
Дартарион,gordunni,947,shaman,restoration,38,14,24
Lorthargol,chamber-of-aspects,947,shaman,restoration,30,10,20
Similar,the-maelstrom,946,shaman,restoration,30,12,18
Lowhpqt,blackrock,943,shaman,restoration,12,10,2
Avattar,twisting-nether,942,shaman,restoration,18,10,8
Xilquid,darksorrow,941,shaman,restoration,24,10,14
Эрэвия,gordunni,939,shaman,restoration,24,13,11
Тутулиб,howling-fjord,937,shaman,restoration,42,10,32
Smö,kazzak,931,shaman,restoration,18,10,8
Bullvai,dun-morogh,929,shaman,restoration,74,34,40
Goldva,outland,928,shaman,restoration,79,42,37
Zeidek,nemesis,922,shaman,restoration,60,33,27
Killeras,deathwing,920,shaman,restoration,43,21,22
Asashi,blackhand,917,shaman,restoration,23,12,11
Xpone,blackrock,914,shaman,restoration,24,12,12
Ntø,ravencrest,912,shaman,restoration,15,11,4
Jabena,draenor,910,shaman,restoration,106,48,58
Kircos,blackrock,904,shaman,restoration,27,11,16
Quigon,burning-legion,902,shaman,restoration,42,22,20
Suculenta,zuljin,902,shaman,restoration,41,19,22
Georgianaa,skullcrusher,900,shaman,restoration,84,40,44
Nîckîî,aegwynn,899,shaman,restoration,17,10,7
Nexolok,alleria,899,shaman,restoration,60,32,28
Алимика,deathguard,899,shaman,restoration,24,12,12
Thunderberg,antonidas,896,shaman,restoration,30,12,18
Notlinus,argent-dawn,895,shaman,restoration,14,10,4
Foxfyre,tarren-mill,893,shaman,restoration,18,10,8
Ухмылк,azuregos,892,shaman,restoration,201,106,95
Whatsup,aggramar,892,shaman,restoration,28,11,17
Isìs,norgannon,891,shaman,restoration,100,39,61
Kwitnac,silvermoon,889,shaman,restoration,20,10,10
Ominouslove,twisting-nether,887,shaman,restoration,113,52,61
Deesham,blackmoore,885,shaman,restoration,26,10,16
Vukroth,argent-dawn,879,shaman,restoration,72,34,38
Hañìaránì,draenor,877,shaman,restoration,15,11,4
Fashess,sunstrider,875,shaman,restoration,18,10,8
Yàra,throkferoth,866,shaman,restoration,66,31,35
Nstéa,zuljin,864,shaman,restoration,12,9,3
Sniege,outland,864,shaman,restoration,12,9,3
Coldain,zuljin,864,shaman,restoration,12,9,3
Mysterqt,nemesis,864,shaman,restoration,12,9,3
Enviø,sylvanas,864,shaman,restoration,12,9,3
Bauch,tichondrius,864,shaman,restoration,12,9,3
Shiliwhip,the-maelstrom,864,shaman,restoration,12,9,3
Фатнир,soulflayer,864,shaman,restoration,18,9,9
Nothexy,stormscale,864,shaman,restoration,18,9,9
Metamorflord,ravencrest,864,shaman,restoration,18,9,9
Феанорситх,gordunni,864,shaman,restoration,18,9,9
Defonceboby,archimonde,864,shaman,restoration,18,9,9
Nimbs,tarren-mill,864,shaman,restoration,18,9,9
Shounx,hyjal,864,shaman,restoration,18,9,9
Thrallmom,ravencrest,864,shaman,restoration,18,9,9
Zergonk,twisting-nether,864,shaman,restoration,18,9,9
Bigdamshear,outland,864,shaman,restoration,24,9,15
Stateside,outland,864,shaman,restoration,24,9,15
Thefirebird,blackhand,864,shaman,restoration,24,9,15
Oningodx,drakthul,864,shaman,restoration,24,9,15
Shamantistik,ravencrest,863,shaman,restoration,12,9,3
Есю,howling-fjord,863,shaman,restoration,12,9,3
Blamy,auchindoun,863,shaman,restoration,12,9,3
Gorrissen,sylvanas,863,shaman,restoration,12,9,3
Geminate,stormscale,863,shaman,restoration,12,9,3
Dréa,draenor,863,shaman,restoration,18,9,9
Bobaléh,ravencrest,863,shaman,restoration,18,9,9
Alroq,blackrock,863,shaman,restoration,18,9,9
Дочьшефа,gordunni,863,shaman,restoration,18,9,9
Bigfatjay,stormscale,863,shaman,restoration,18,9,9
Stormfreg,quelthalas,863,shaman,restoration,18,9,9
Loktarogar,sunstrider,863,shaman,restoration,24,9,15
Floki,emerald-dream,863,shaman,restoration,24,9,15
Zyphiz,twisting-nether,863,shaman,restoration,24,9,15
Thanasiss,kazzak,863,shaman,restoration,24,9,15
Fatmikex,stormreaver,863,shaman,restoration,30,9,21
Naphe,ysondre,863,shaman,restoration,30,9,21
Милыйдед,gordunni,863,shaman,restoration,36,9,27
Rugludalli,dragonblight,862,shaman,restoration,12,9,3
Aredin,ysera,862,shaman,restoration,12,9,3
Frecky,blackhand,862,shaman,restoration,12,9,3
Spammail,argent-dawn,862,shaman,restoration,12,9,3
Бронепароход,soulflayer,862,shaman,restoration,12,9,3
Lillkrutarn,tarren-mill,862,shaman,restoration,12,9,3
Andrewbéelko,drakthul,862,shaman,restoration,18,9,9
Onionz,stormreaver,862,shaman,restoration,18,9,9
Алтезка,blackscar,862,shaman,restoration,18,9,9
Kaffekask,stormscale,862,shaman,restoration,18,9,9
Pprx,tarren-mill,862,shaman,restoration,24,9,15
Salmôn,twisting-nether,862,shaman,restoration,24,9,15
Дрфэка,soulflayer,862,shaman,restoration,51,14,37
Эндипёсель,ashenvale,861,shaman,restoration,12,9,3
Yánux,aegwynn,861,shaman,restoration,12,9,3
Matsudah,ragnaros,861,shaman,restoration,18,9,9
Shamanopaf,tarren-mill,861,shaman,restoration,18,9,9
Boljin,conseil-des-ombres,861,shaman,restoration,24,9,15
Honollulu,drakthul,860,shaman,restoration,12,9,3
Bïgdaddy,twisting-nether,860,shaman,restoration,18,9,9
Amu,ravencrest,860,shaman,restoration,18,9,9
Mansquidgoat,darksorrow,859,shaman,restoration,15,10,5
Orchal,defias-brotherhood,859,shaman,restoration,18,9,9
Kosur,kazzak,859,shaman,restoration,18,9,9
Stkk,ravencrest,859,shaman,restoration,98,46,52
Schläck,outland,859,shaman,restoration,24,9,15
Sunsham,illidan,858,shaman,restoration,18,9,9
Thym,argent-dawn,857,shaman,restoration,135,53,82
Kamichami,sanguino,857,shaman,restoration,24,9,15
Xavií,blackmoore,857,shaman,restoration,29,9,20
Wayoa,defias-brotherhood,856,shaman,restoration,12,9,3
Chartersham,silvermoon,856,shaman,restoration,12,9,3
Wakka,wildhammer,856,shaman,restoration,42,12,30
Gleggy,turalyon,854,shaman,restoration,12,9,3
Zendrox,aegwynn,854,shaman,restoration,18,9,9
Aiuto,archimonde,854,shaman,restoration,18,9,9
Picklechris,tarren-mill,851,shaman,restoration,24,10,14
Psyforce,argent-dawn,850,shaman,restoration,12,9,3
Arles,dun-modr,849,shaman,restoration,24,9,15
Buchânan,archimonde,847,shaman,restoration,23,9,14
Duodin,defias-brotherhood,839,shaman,restoration,18,9,9
Gerlo,thrall,838,shaman,restoration,30,13,17
Robgon,aggra-português,833,shaman,restoration,41,15,26
Numdog,stormreaver,831,shaman,restoration,17,9,8
Ayesapik,dalaran,831,shaman,restoration,52,24,28
Jeqs,twisting-nether,830,shaman,restoration,14,10,4
Mysapphie,kazzak,830,shaman,restoration,22,10,12
Soramat,aegwynn,830,shaman,restoration,23,9,14
Killhorn,malganis,827,shaman,restoration,36,13,23
Stormzug,twisting-nether,826,shaman,restoration,20,10,10
Lillitthya,elune,826,shaman,restoration,51,20,31
Madrävëngodx,ragnaros,826,shaman,restoration,29,9,20
Pfannakuacha,alleria,824,shaman,restoration,14,10,4
Marranota,cthun,821,shaman,restoration,21,10,11
Lk,twilights-hammer,815,shaman,restoration,15,10,5
Randomshamx,ravencrest,815,shaman,restoration,17,9,8
Aspên,archimonde,815,shaman,restoration,17,9,8
Kuubskii,ravencrest,815,shaman,restoration,17,9,8
Tolatide,blackhand,815,shaman,restoration,21,9,12
Bountiti,dun-modr,810,shaman,restoration,18,10,8
Crixuss,argent-dawn,809,shaman,restoration,17,9,8
Pvegame,tarren-mill,809,shaman,restoration,20,10,10
Neejtjak,ravencrest,808,shaman,restoration,25,10,15
Jecastyle,sanguino,803,shaman,restoration,20,10,10
Jojos,eredar,799,shaman,restoration,16,9,7
Feizhousa,outland,799,shaman,restoration,26,9,17
Smugleaf,frostmane,793,shaman,restoration,30,9,21
Greenguard,argent-dawn,787,shaman,restoration,94,31,63
Abøriginal,kazzak,783,shaman,restoration,11,9,2
Shàwyn,sylvanas,782,shaman,restoration,17,9,8
Ongedierte,tarren-mill,774,shaman,restoration,18,10,8
Waldo,blackmoore,768,shaman,restoration,12,8,4
Pank,kazzak,768,shaman,restoration,12,8,4
Vulthog,draenor,768,shaman,restoration,12,8,4
Vibesham,outland,768,shaman,restoration,12,8,4
Vërÿßåðxd,silvermoon,768,shaman,restoration,12,8,4
Öyama,sinstralis,768,shaman,restoration,12,8,4
Alorrii,tarren-mill,768,shaman,restoration,12,8,4
Yacuzwerg,blackrock,768,shaman,restoration,12,8,4
Cgjúng,ravencrest,768,shaman,restoration,12,8,4
Ivnashaman,drakthul,768,shaman,restoration,12,8,4
Orcié,twisting-nether,768,shaman,restoration,12,8,4
Enchancement,ragnaros,768,shaman,restoration,12,8,4
Leykosh,ravencrest,768,shaman,restoration,12,8,4
Mustabrutus,tarren-mill,768,shaman,restoration,16,9,7
Nøraa,ravencrest,768,shaman,restoration,18,8,10
Linkxz,sylvanas,768,shaman,restoration,18,8,10
Зачикинимся,howling-fjord,768,shaman,restoration,18,8,10
Tâvôry,aegwynn,768,shaman,restoration,18,8,10
Qoekke,uldum,768,shaman,restoration,18,8,10
Dosenöffner,gorgonnash,768,shaman,restoration,21,9,12
Radjus,kazzak,768,shaman,restoration,24,8,16
Taste,cthun,768,shaman,restoration,24,8,16
Dapawz,defias-brotherhood,767,shaman,restoration,12,8,4
Berasham,dalaran,767,shaman,restoration,12,8,4
Aeldrid,argent-dawn,767,shaman,restoration,12,8,4
Хъюстэн,gordunni,767,shaman,restoration,12,8,4
Айскримтрак,gordunni,767,shaman,restoration,12,8,4
Karezza,azjolnerub,767,shaman,restoration,12,8,4
Mentaldead,draenor,767,shaman,restoration,12,8,4
Gungo,deathwing,767,shaman,restoration,18,8,10
Zeewzblast,silvermoon,767,shaman,restoration,18,8,10
Hàrdstûkgødx,uldaman,767,shaman,restoration,18,8,10
Quinlàn,ravencrest,767,shaman,restoration,18,8,10
Aliatës,sanguino,767,shaman,restoration,18,8,10
Iwaa,dalaran,767,shaman,restoration,18,8,10
Zappyhog,turalyon,767,shaman,restoration,18,8,10
Rakân,ysondre,767,shaman,restoration,24,8,16
Lycburst,twisting-nether,767,shaman,restoration,24,8,16
Sniipy,blackmoore,767,shaman,restoration,24,8,16
Джоукх,howling-fjord,766,shaman,restoration,12,8,4
Finetime,blackmoore,766,shaman,restoration,12,8,4
Eero,darksorrow,766,shaman,restoration,12,8,4
Robbie,dentarg,766,shaman,restoration,12,8,4
Pakasschami,frostwolf,765,shaman,restoration,18,8,10
Mvrik,argent-dawn,765,shaman,restoration,18,8,10
Naargie,outland,765,shaman,restoration,20,8,12
Ablasmaasu,dentarg,765,shaman,restoration,30,8,22
Ironspine,sylvanas,764,shaman,restoration,18,8,10
Punjabi,nemesis,764,shaman,restoration,24,8,16
Laftershamy,cthun,764,shaman,restoration,30,8,22
Raphaeey,blackrock,764,shaman,restoration,31,8,23
Rawtex,draenor,764,shaman,restoration,32,8,24
Eveeöe,outland,763,shaman,restoration,18,8,10
Gundersen,stormscale,763,shaman,restoration,18,8,10
Karash,twisting-nether,763,shaman,restoration,18,8,10
Mcslammer,kazzak,763,shaman,restoration,24,8,16
Isak,ravencrest,763,shaman,restoration,30,8,22
Shyyfu,kazzak,762,shaman,restoration,12,8,4
Rhastasha,archimonde,762,shaman,restoration,18,8,10
Rórekk,aegwynn,761,shaman,restoration,18,8,10
Jogabonita,kaelthas,761,shaman,restoration,18,8,10
Bolski,stormreaver,755,shaman,restoration,24,8,16
Sakoon,twisting-nether,751,shaman,restoration,18,8,10
Øzy,sanguino,749,shaman,restoration,14,8,6
Amarök,nerzhul,749,shaman,restoration,18,8,10
Дарьюша,fordragon,744,shaman,restoration,12,8,4
Thce,burning-legion,735,shaman,restoration,18,8,10
Jakesmistake,stormscale,727,shaman,restoration,17,11,6
Muntark,thrall,719,shaman,restoration,27,8,19
Razeroø,ysondre,717,shaman,restoration,23,8,15
Scàráth,eredar,717,shaman,restoration,27,8,19
Агмень,howling-fjord,717,shaman,restoration,39,8,31
Katzubushi,pozzo-delleternità,715,shaman,restoration,38,11,27
Shäman,burning-blade,714,shaman,restoration,21,9,12
Stolen,skullcrusher,712,shaman,restoration,15,9,6
Kswíss,outland,710,shaman,restoration,15,9,6
Lauree,terokkar,710,shaman,restoration,23,9,14
Penumbrah,kazzak,709,shaman,restoration,108,27,81
Карбонатрикс,soulflayer,703,shaman,restoration,16,8,8
Thangog,ragnaros,703,shaman,restoration,16,8,8
Тотемвуман,soulflayer,703,shaman,restoration,22,8,14
Грейсаша,howling-fjord,695,shaman,restoration,22,8,14
Turbohulk,blackrock,688,shaman,restoration,13,8,5
Cumulichan,ragnaros,687,shaman,restoration,11,8,3
Эксициум,soulflayer,672,shaman,restoration,12,7,5
Qicholardon,archimonde,672,shaman,restoration,12,7,5
Vann,the-shatar,672,shaman,restoration,12,7,5
Boltkesh,draenor,672,shaman,restoration,12,7,5
Weandras,draenor,672,shaman,restoration,12,7,5
Nezug,ysondre,672,shaman,restoration,12,7,5
Nansmasher,draenor,672,shaman,restoration,12,7,5
Raintlordx,twisting-nether,672,shaman,restoration,12,7,5
Lêêmo,outland,672,shaman,restoration,12,7,5
Esher,frostwolf,672,shaman,restoration,12,7,5
Doubleshamz,the-maelstrom,672,shaman,restoration,12,7,5
Mílénâqt,aegwynn,672,shaman,restoration,12,7,5
Snogane,ravencrest,672,shaman,restoration,12,7,5
Winshear,twisting-nether,672,shaman,restoration,12,7,5
Tjocknacke,tarren-mill,672,shaman,restoration,12,7,5
Smightys,kazzak,672,shaman,restoration,12,7,5
Shamounf,archimonde,672,shaman,restoration,12,7,5
Spiirit,tarren-mill,672,shaman,restoration,12,7,5
Teldariane,archimonde,672,shaman,restoration,12,7,5
Popopopopor,archimonde,672,shaman,restoration,12,7,5
Fupx,the-maelstrom,672,shaman,restoration,12,7,5
Iamshamon,kazzak,672,shaman,restoration,12,7,5
Sunysham,darkmoon-faire,672,shaman,restoration,12,7,5
Berly,stormscale,672,shaman,restoration,12,7,5
Майайс,gordunni,672,shaman,restoration,12,7,5
Namestaljka,stormscale,672,shaman,restoration,12,7,5
Blackbeardxd,stormscale,672,shaman,restoration,12,7,5
Sümsük,twisting-nether,672,shaman,restoration,12,7,5
Fjås,stormscale,672,shaman,restoration,16,8,8
Idroptotems,drakthul,672,shaman,restoration,18,7,11
Horkxina,frostmourne,672,shaman,restoration,18,7,11
Zulylol,outland,672,shaman,restoration,18,7,11
Kimsshaman,ragnaros,672,shaman,restoration,18,7,11
Papskalla,ravencrest,672,shaman,restoration,18,7,11
Thesenate,blackmoore,672,shaman,restoration,18,7,11
Raiden,aegwynn,672,shaman,restoration,18,7,11
Barbebiendur,archimonde,672,shaman,restoration,18,7,11
Reticlol,kazzak,672,shaman,restoration,18,7,11
Sháme,azjolnerub,672,shaman,restoration,18,7,11
Agrok,jaedenar,672,shaman,restoration,18,7,11
Nosno,ravencrest,672,shaman,restoration,18,7,11
Horiq,kazzak,672,shaman,restoration,18,7,11
Nailos,dun-modr,672,shaman,restoration,18,7,11
Horcsog,ravencrest,672,shaman,restoration,18,7,11
Крэйвхх,howling-fjord,672,shaman,restoration,18,7,11
Сёмапурж,howling-fjord,672,shaman,restoration,18,7,11
Çøynx,aegwynn,672,shaman,restoration,20,7,13
Alikir,outland,672,shaman,restoration,24,7,17
Totemchief,stormscale,672,shaman,restoration,24,7,17
Cragouz,archimonde,672,shaman,restoration,24,7,17
Adrixxøn,burning-legion,672,shaman,restoration,30,7,23
Cølo,ravencrest,672,shaman,restoration,30,7,23
Gimzx,magtheridon,671,shaman,restoration,12,7,5
Bajslys,kazzak,671,shaman,restoration,12,7,5
Lingz,auchindoun,671,shaman,restoration,12,7,5
Cred,the-venture-co,671,shaman,restoration,12,7,5
Bbc,dalaran,671,shaman,restoration,12,7,5
Grosgourdin,la-croisade-écarlate,671,shaman,restoration,12,7,5
Rooske,draenor,671,shaman,restoration,12,7,5
Elshimano,ravencrest,671,shaman,restoration,12,7,5
Frozenshield,ravencrest,671,shaman,restoration,12,7,5
Karrisha,tarren-mill,671,shaman,restoration,12,7,5
Dominatorix,xavius,671,shaman,restoration,13,7,6
Brocksamson,dentarg,671,shaman,restoration,14,7,7
Jedsham,stormscale,671,shaman,restoration,18,7,11
Maab,arathor,671,shaman,restoration,18,7,11
Zippidizap,ulduar,671,shaman,restoration,18,7,11
Nïshä,twisting-nether,671,shaman,restoration,18,7,11
Xentic,kazzak,671,shaman,restoration,18,7,11
Shâdôwlîght,antonidas,671,shaman,restoration,18,7,11
Deadshammyx,ravencrest,671,shaman,restoration,18,7,11
Rokxa,burning-legion,671,shaman,restoration,18,7,11
Indennacken,blackmoore,671,shaman,restoration,18,7,11
Skullføck,argent-dawn,671,shaman,restoration,21,8,13
Eaglesteaam,silvermoon,671,shaman,restoration,20,7,13
Mòónz,kazzak,671,shaman,restoration,24,7,17
Dreadness,runetotem,671,shaman,restoration,24,7,17
Стамма,borean-tundra,670,shaman,restoration,12,7,5
Bjorhuk,ravencrest,670,shaman,restoration,12,7,5
Tidors,burning-legion,670,shaman,restoration,12,7,5
Plùx,antonidas,670,shaman,restoration,12,7,5
Викодиншама,howling-fjord,670,shaman,restoration,12,7,5
Инкарнатор,deathguard,670,shaman,restoration,12,7,5
Jollyhip,stormscale,670,shaman,restoration,12,7,5
Nonie,arthas,670,shaman,restoration,18,7,11
Irachal,rexxar,670,shaman,restoration,18,7,11
Bandyy,magtheridon,670,shaman,restoration,18,7,11
Aluweckerl,eredar,670,shaman,restoration,24,7,17
Kledorchick,twisting-nether,670,shaman,restoration,33,7,26
Shamaxwell,blackhand,669,shaman,restoration,12,7,5
Woew,tarren-mill,669,shaman,restoration,12,7,5
Scamander,draenor,669,shaman,restoration,14,7,7
Brâshô,frostwolf,669,shaman,restoration,15,7,8
Линчон,soulflayer,669,shaman,restoration,18,7,11
Simph,uldum,669,shaman,restoration,24,7,17
Brutalxl,tarren-mill,669,shaman,restoration,24,7,17
Bloggurt,tarren-mill,668,shaman,restoration,18,7,11
Raikage,elune,668,shaman,restoration,18,7,11
Sorontar,twisting-nether,668,shaman,restoration,18,7,11
Iebaznis,draenor,667,shaman,restoration,12,7,5
Millacki,blackrock,667,shaman,restoration,18,7,11
Omeletteoeuf,silvermoon,666,shaman,restoration,12,7,5
Zelgore,frostwhisper,666,shaman,restoration,18,7,11
Briindead,archimonde,665,shaman,restoration,12,7,5
Ftsckpower,blackhand,665,shaman,restoration,24,7,17
Emansh,twisting-nether,664,shaman,restoration,24,7,17
Shøckz,azjolnerub,663,shaman,restoration,12,7,5
Jøw,dun-modr,661,shaman,restoration,12,7,5
Raketenrieke,blackrock,659,shaman,restoration,25,12,13
Bogmagnus,the-maelstrom,659,shaman,restoration,39,13,26
Lillink,stormscale,655,shaman,restoration,9,9,0
Draredemolen,archimonde,655,shaman,restoration,17,7,10
Mjollnier,stormscale,640,shaman,restoration,10,8,2
Неерззул,soulflayer,639,shaman,restoration,17,7,10
Nojiko,blackrock,638,shaman,restoration,17,7,10
Altesh,die-todeskrallen,634,shaman,restoration,16,7,9
Drakhrar,pozzo-delleternità,633,shaman,restoration,14,8,6
Habibe,the-maelstrom,623,shaman,restoration,15,8,7
Realiz,ysondre,622,shaman,restoration,16,7,9
Disharmony,outland,618,shaman,restoration,12,8,4
Енотикусь,soulflayer,618,shaman,restoration,12,8,4
Chîllkrötè,blackmoore,618,shaman,restoration,12,8,4
Mambokïngs,sanguino,617,shaman,restoration,16,8,8
Randomuwu,stormscale,616,shaman,restoration,22,8,14
Мке,howling-fjord,615,shaman,restoration,29,11,18
Martiinii,dragonmaw,606,shaman,restoration,11,7,4
Amatero,drakthul,591,shaman,restoration,13,7,6
Narvalus,throkferoth,590,shaman,restoration,13,7,6
Zhead,aggramar,584,shaman,restoration,16,9,7
Lerra,zirkel-des-cenarius,576,shaman,restoration,6,6,0
Imdarat,hyjal,576,shaman,restoration,6,6,0
Ethixx,outland,576,shaman,restoration,6,6,0
Oldveteran,eredar,576,shaman,restoration,6,6,0
Neverqueue,defias-brotherhood,576,shaman,restoration,12,6,6
Gamixyx,magtheridon,576,shaman,restoration,12,6,6
Glücksbarren,die-aldor,576,shaman,restoration,12,6,6
Tuorak,eredar,576,shaman,restoration,12,6,6
Shmøn,outland,576,shaman,restoration,12,6,6
Kameltotem,balnazzar,576,shaman,restoration,12,6,6
Djsheargødx,twisting-nether,576,shaman,restoration,12,6,6
Rhêz,kazzak,576,shaman,restoration,12,6,6
Lmnn,ravencrest,576,shaman,restoration,12,6,6
Thaw,sylvanas,576,shaman,restoration,12,6,6
Chudygôdx,drakthul,576,shaman,restoration,12,6,6
Dreamon,culte-de-la-rive-noire,576,shaman,restoration,12,6,6
Kilninshape,archimonde,576,shaman,restoration,12,6,6
Kocaina,kazzak,576,shaman,restoration,12,6,6
Ambuu,kazzak,576,shaman,restoration,12,6,6
Contraire,blackrock,576,shaman,restoration,12,6,6
Брайбах,howling-fjord,576,shaman,restoration,12,6,6
Juicyy,ravencrest,576,shaman,restoration,12,6,6
Hablibubli,kazzak,576,shaman,restoration,12,6,6
Penatus,outland,576,shaman,restoration,12,6,6
Гоэл,ashenvale,576,shaman,restoration,12,6,6
Чиллаут,howling-fjord,576,shaman,restoration,12,6,6
Kaluna,outland,576,shaman,restoration,12,6,6
Thatstheswag,blackmoore,576,shaman,restoration,12,6,6
Goodevening,tarren-mill,576,shaman,restoration,12,6,6
Tsugu,kazzak,576,shaman,restoration,12,6,6
Khidon,silvermoon,576,shaman,restoration,12,6,6
Холинкаалло,deathguard,576,shaman,restoration,12,6,6
Tusseladden,tarren-mill,576,shaman,restoration,12,6,6
Wintradezki,tarren-mill,576,shaman,restoration,12,6,6
Skottkärrà,ravencrest,576,shaman,restoration,12,6,6
Jodel,tarren-mill,576,shaman,restoration,12,6,6
Zûgzûg,ragnaros,576,shaman,restoration,12,6,6
Lunarsloth,hyjal,576,shaman,restoration,12,6,6
Purgecleave,dalvengyr,576,shaman,restoration,12,6,6
Канамаш,borean-tundra,576,shaman,restoration,12,6,6
Oroastbeef,archimonde,576,shaman,restoration,12,6,6
Runbrorun,hyjal,576,shaman,restoration,12,6,6
Homsin,stormscale,576,shaman,restoration,12,6,6
Gamixy,magtheridon,576,shaman,restoration,12,6,6
Graoulelou,hyjal,576,shaman,restoration,12,6,6
Thornyberrý,outland,576,shaman,restoration,12,6,6
Heatti,doomhammer,576,shaman,restoration,12,6,6
Groquick,dalaran,576,shaman,restoration,12,6,6
Ruffin,stormscale,576,shaman,restoration,12,6,6
Bigdaddyxo,tarren-mill,576,shaman,restoration,12,6,6
Ikeadamen,alakir,576,shaman,restoration,12,6,6
Chamanox,dalaran,576,shaman,restoration,12,6,6
Lvj,blackrock,576,shaman,restoration,12,6,6
Артэкриошам,soulflayer,576,shaman,restoration,12,6,6
Хоупосх,gordunni,576,shaman,restoration,12,6,6
Annoying,archimonde,576,shaman,restoration,12,6,6
Тирона,howling-fjord,576,shaman,restoration,12,6,6
Enoughh,the-maelstrom,576,shaman,restoration,12,6,6
Qwázú,silvermoon,576,shaman,restoration,12,6,6
Erepmad,ravencrest,576,shaman,restoration,12,6,6
Løktarøgàr,archimonde,576,shaman,restoration,12,6,6
Komodski,kazzak,576,shaman,restoration,12,6,6
Hamgroof,blackrock,576,shaman,restoration,12,6,6
Gotta,dethecus,576,shaman,restoration,12,6,6
Sunnyisup,sylvanas,576,shaman,restoration,12,6,6
Katwio,hyjal,576,shaman,restoration,12,6,6
Cardeâ,blackhand,576,shaman,restoration,12,6,6
Lortihalsen,outland,576,shaman,restoration,12,6,6
Lågertha,sanguino,576,shaman,restoration,12,6,6
Greenone,stormscale,576,shaman,restoration,12,6,6
Monamour,twisting-nether,576,shaman,restoration,12,6,6
Embodiment,blackrock,576,shaman,restoration,12,6,6
Zalamlól,kazzak,576,shaman,restoration,12,6,6
Artîe,archimonde,576,shaman,restoration,12,6,6
Tonnii,tarren-mill,576,shaman,restoration,18,6,12
Soyun,frostwhisper,576,shaman,restoration,18,6,12
Pjotrasmus,mannoroth,576,shaman,restoration,18,6,12
Happyjuice,silvermoon,576,shaman,restoration,18,6,12
Mëowth,ragnaros,576,shaman,restoration,18,6,12
Embèr,silvermoon,576,shaman,restoration,18,6,12
Salaithen,alakir,576,shaman,restoration,18,6,12
Patsham,wildhammer,576,shaman,restoration,18,6,12
Reallygdnewb,silvermoon,576,shaman,restoration,18,6,12
Cottoneyejoe,alexstrasza,576,shaman,restoration,18,6,12
Kioterasham,conseil-des-ombres,576,shaman,restoration,18,6,12
Lifestorm,hyjal,576,shaman,restoration,18,6,12
Krugx,draenor,576,shaman,restoration,18,6,12
Adzkímo,tarren-mill,576,shaman,restoration,18,6,12
Pyxton,kazzak,575,shaman,restoration,12,6,6
Grytha,argent-dawn,575,shaman,restoration,12,6,6
Stortvloed,twisting-nether,575,shaman,restoration,12,6,6
Zyrou,arthas,575,shaman,restoration,12,6,6
Flurpz,outland,575,shaman,restoration,12,6,6
Buböta,sanguino,575,shaman,restoration,12,6,6
Lokkum,blackhand,575,shaman,restoration,12,6,6
Shazefin,twisting-nether,575,shaman,restoration,12,6,6
Безрукан,howling-fjord,575,shaman,restoration,12,6,6
Ghoraddu,drakthul,575,shaman,restoration,12,6,6
Sjearthen,defias-brotherhood,575,shaman,restoration,12,6,6
Vascodagama,twisting-nether,575,shaman,restoration,12,6,6
Conor,kult-der-verdammten,575,shaman,restoration,12,6,6
Brandbombe,frostwolf,575,shaman,restoration,12,6,6
Sikro,frostwolf,575,shaman,restoration,12,6,6
Bufi,sanguino,575,shaman,restoration,12,6,6
Cristhor,nemesis,575,shaman,restoration,12,6,6
Qona,emerald-dream,575,shaman,restoration,12,6,6
Karlsensham,stormscale,575,shaman,restoration,12,6,6
Cadierno,argent-dawn,575,shaman,restoration,12,6,6
Mortly,draenor,575,shaman,restoration,12,6,6
Aesonis,kazzak,575,shaman,restoration,14,6,8
Дохаку,booty-bay,575,shaman,restoration,17,6,11
Джусипуси,gordunni,575,shaman,restoration,18,6,12
Аскирия,soulflayer,575,shaman,restoration,18,6,12
Liferqt,nemesis,575,shaman,restoration,18,6,12
Турелька,blackscar,575,shaman,restoration,18,6,12
Bepinfame,pozzo-delleternità,575,shaman,restoration,30,6,24
Kongapenes,tarren-mill,574,shaman,restoration,12,6,6
Tidushears,thrall,574,shaman,restoration,12,6,6
Turbokrapka,tarren-mill,574,shaman,restoration,12,6,6
Alvastis,moonglade,574,shaman,restoration,18,6,12
Pépón,dun-modr,574,shaman,restoration,18,6,12
Musii,argent-dawn,574,shaman,restoration,18,6,12
Notwhoheals,executus,574,shaman,restoration,18,6,12
Elemsegara,arakarahm,574,shaman,restoration,24,6,18
Dobbi,dethecus,573,shaman,restoration,12,6,6
Muschi,culte-de-la-rive-noire,573,shaman,restoration,16,7,9
Omnivamp,kazzak,573,shaman,restoration,18,6,12
Shammzy,mannoroth,573,shaman,restoration,24,6,18
Морпат,soulflayer,571,shaman,restoration,10,7,3
Alïsyo,nemesis,570,shaman,restoration,18,6,12
Enco,kilrogg,568,shaman,restoration,12,6,6
Bunnîe,kazzak,565,shaman,restoration,18,6,12
Triplezug,archimonde,558,shaman,restoration,11,6,5
Divazena,drakthul,542,shaman,restoration,11,6,5
Cotêaz,thrall,541,shaman,restoration,16,6,10
Ghafo,norgannon,540,shaman,restoration,11,6,5
Whibbler,ravencrest,528,shaman,restoration,21,7,14
Télapou,ragnaros,527,shaman,restoration,11,6,5
Манрото,soulflayer,526,shaman,restoration,9,6,3
Glak,draenor,521,shaman,restoration,21,7,14
Ntaris,blackmoore,512,shaman,restoration,10,6,4
Arigolds,twilights-hammer,511,shaman,restoration,11,6,5
Zordox,zirkel-des-cenarius,511,shaman,restoration,16,6,10
Vanostbzt,kazzak,480,shaman,restoration,6,5,1
Helloimblue,blackmoore,480,shaman,restoration,6,5,1
Nøfap,kazzak,480,shaman,restoration,6,5,1
Kontza,argent-dawn,480,shaman,restoration,6,5,1
Deesbi,khaz-modan,480,shaman,restoration,6,5,1
Qwauzinator,silvermoon,480,shaman,restoration,6,5,1
Shamsteaks,thrall,480,shaman,restoration,6,5,1
Ub,garona,480,shaman,restoration,6,5,1
Joeexotictv,tarren-mill,480,shaman,restoration,6,5,1
Keiro,burning-blade,480,shaman,restoration,6,5,1
Ranenmuija,outland,480,shaman,restoration,6,5,1
Meeq,deathwing,480,shaman,restoration,6,5,1
Mynutz,outland,480,shaman,restoration,6,5,1
Riptidegodx,archimonde,480,shaman,restoration,12,5,7
Shamania,grim-batol,480,shaman,restoration,12,5,7
Totemiclol,aegwynn,480,shaman,restoration,12,5,7
Shadowmove,bronzebeard,480,shaman,restoration,12,5,7
Maïtregïms,archimonde,480,shaman,restoration,12,5,7
Shamarco,nemesis,480,shaman,restoration,12,5,7
Flùffy,nemesis,480,shaman,restoration,12,5,7
Burrowabuser,nemesis,480,shaman,restoration,12,5,7
Бьерн,deepholm,480,shaman,restoration,12,5,7
Lontarsdaddy,twisting-nether,480,shaman,restoration,12,5,7
Lilalime,arthas,480,shaman,restoration,12,5,7
Libano,archimonde,480,shaman,restoration,12,5,7
Maybeyes,twisting-nether,480,shaman,restoration,12,5,7
Lausimhaus,blackrock,480,shaman,restoration,12,5,7
Zæus,ragnaros,480,shaman,restoration,12,5,7
Herru,blackrock,480,shaman,restoration,12,5,7
Demeri,blackrock,480,shaman,restoration,12,5,7
Kemmi,dalaran,480,shaman,restoration,12,5,7
Hexftw,khaz-modan,480,shaman,restoration,12,5,7
Leafplsx,blackrock,480,shaman,restoration,12,5,7
Саулос,howling-fjord,480,shaman,restoration,12,5,7
Boltar,die-aldor,480,shaman,restoration,12,5,7
Hogmodig,tarren-mill,480,shaman,restoration,12,5,7
Hakunax,twisting-nether,480,shaman,restoration,12,5,7
Kempfer,blackrock,480,shaman,restoration,12,5,7
Tooltip,tarren-mill,480,shaman,restoration,12,5,7
Ræi,drakthul,480,shaman,restoration,12,5,7
Tobbey,tarren-mill,480,shaman,restoration,12,5,7
Nevagonalink,archimonde,480,shaman,restoration,12,5,7
Markboymint,earthen-ring,480,shaman,restoration,12,5,7
Daboo,the-venture-co,480,shaman,restoration,12,5,7
Volwerin,blackhand,480,shaman,restoration,12,5,7
Uanl,stormscale,480,shaman,restoration,12,5,7
Klouds,stormscale,480,shaman,restoration,12,5,7
Nerowinger,stormscale,480,shaman,restoration,12,5,7
Thyeori,stormscale,480,shaman,restoration,12,5,7
Flandersx,ravencrest,480,shaman,restoration,12,5,7
Aeknor,ravencrest,480,shaman,restoration,12,5,7
Eggshock,ravencrest,480,shaman,restoration,12,5,7
Unleashme,sylvanas,480,shaman,restoration,12,5,7
Jakeir,auchindoun,480,shaman,restoration,12,5,7
Qishwilu,ravencrest,480,shaman,restoration,12,5,7
Cheerz,ravencrest,480,shaman,restoration,12,5,7
Mbx,ravencrest,480,shaman,restoration,12,5,7
Sojee,ysondre,480,shaman,restoration,12,5,7
Reinssay,ysondre,480,shaman,restoration,12,5,7
Jeffreyson,burning-legion,480,shaman,restoration,12,5,7
Nùggets,garona,480,shaman,restoration,12,5,7
Egor,alakir,480,shaman,restoration,12,5,7
Ravenshock,bloodfeather,480,shaman,restoration,12,5,7
Kïtten,tarren-mill,480,shaman,restoration,12,5,7
Windie,drakthul,480,shaman,restoration,12,5,7
Caliqueños,sanguino,480,shaman,restoration,12,5,7
Athankatouch,draenor,480,shaman,restoration,12,5,7
Medistød,draenor,480,shaman,restoration,12,5,7
Sliiderr,draenor,480,shaman,restoration,12,5,7
Zougzy,uldaman,480,shaman,restoration,12,5,7
Søljar,draenor,480,shaman,restoration,12,5,7
Biçi,steamwheedle-cartel,480,shaman,restoration,12,5,7
Tigo,tarren-mill,480,shaman,restoration,12,5,7
Hesitant,kazzak,480,shaman,restoration,12,5,7
Stibs,silvermoon,480,shaman,restoration,12,5,7
Nakertaako,kazzak,480,shaman,restoration,12,5,7
Schamimen,malganis,480,shaman,restoration,18,5,13
Elepumper,outland,480,shaman,restoration,18,5,13
Bruho,mazrigos,480,shaman,restoration,18,5,13
Кенниарт,howling-fjord,480,shaman,restoration,18,5,13
Evííl,tarren-mill,480,shaman,restoration,18,5,13
Slasket,bloodscalp,480,shaman,restoration,18,5,13
Krayton,tarren-mill,480,shaman,restoration,18,5,13
Styllz,uldaman,480,shaman,restoration,18,5,13
Peremptor,alleria,480,shaman,restoration,18,5,13
Селфлессх,soulflayer,480,shaman,restoration,18,5,13
Nêgan,ravencrest,480,shaman,restoration,22,5,17
Savan,darkspear,480,shaman,restoration,24,5,19
Sakar,auchindoun,479,shaman,restoration,12,5,7
Hydrototem,archimonde,479,shaman,restoration,12,5,7
Earthliving,zuljin,479,shaman,restoration,12,5,7
Babyboomz,bronze-dragonflight,479,shaman,restoration,12,5,7
Eaglhex,silvermoon,479,shaman,restoration,12,5,7
Axéron,blackhand,479,shaman,restoration,12,5,7
Manolaz,kazzak,479,shaman,restoration,12,5,7
Gelaende,thrall,479,shaman,restoration,12,5,7
Dzseksz,ragnaros,479,shaman,restoration,12,5,7
Amnistia,ragnaros,479,shaman,restoration,12,5,7
Joaléine,khaz-modan,479,shaman,restoration,12,5,7
Donnerbubele,aegwynn,479,shaman,restoration,12,5,7
Róbbàn,agamaggan,479,shaman,restoration,12,5,7
Bloodfist,drakthul,479,shaman,restoration,12,5,7
Kyousek,drakthul,479,shaman,restoration,12,5,7
Weho,kazzak,479,shaman,restoration,12,5,7
Babyshamy,kazzak,479,shaman,restoration,12,5,7
Scoobsz,thrall,479,shaman,restoration,15,5,10
Autarky,silvermoon,479,shaman,restoration,18,5,13
Darthshox,outland,478,shaman,restoration,16,6,10
Rixxa,stormscale,478,shaman,restoration,18,5,13
Кезара,razuvious,478,shaman,restoration,18,5,13
Jotuna,argent-dawn,478,shaman,restoration,18,5,13
Rebekca,twisting-nether,478,shaman,restoration,18,5,13
Thrallallero,pozzo-delleternità,477,shaman,restoration,12,5,7
Darkstrong,alakir,477,shaman,restoration,12,5,7
Porch,doomhammer,476,shaman,restoration,12,5,7
Wanryoku,kaelthas,472,shaman,restoration,12,5,7
Jamienisme,ravencrest,463,shaman,restoration,11,5,6
Shamanarama,sylvanas,463,shaman,restoration,23,5,18
Tøøpåc,hyjal,462,shaman,restoration,13,6,7
Shinäla,twisting-nether,447,shaman,restoration,11,5,6
Heothix,outland,447,shaman,restoration,11,5,6
Marcöø,argent-dawn,447,shaman,restoration,16,6,10
Kortgat,kilrogg,431,shaman,restoration,17,5,12
Shamakerr,tarren-mill,426,shaman,restoration,17,7,10
Äppelpaj,earthen-ring,426,shaman,restoration,15,6,9
Quïzzly,ragnaros,426,shaman,restoration,18,6,12
Etabeta,shattered-hand,415,shaman,restoration,8,5,3
Ulrichh,twisting-nether,415,shaman,restoration,8,5,3
Blixtlasse,magtheridon,400,shaman,restoration,13,5,8
Доргорн,grom,396,shaman,restoration,11,5,6
Thriveqt,nemesis,384,shaman,restoration,6,4,2
Bandulski,twisting-nether,384,shaman,restoration,6,4,2
Xabat,nemesis,384,shaman,restoration,6,4,2
Førcemajeure,kazzak,384,shaman,restoration,6,4,2
Электро,thermaplugg,384,shaman,restoration,6,4,2
Stormjvj,twisting-nether,384,shaman,restoration,6,4,2
Ravd,outland,384,shaman,restoration,6,4,2
Glóbal,sylvanas,384,shaman,restoration,6,4,2
Alexialul,silvermoon,384,shaman,restoration,6,4,2
Volvíc,tichondrius,384,shaman,restoration,6,4,2
Happyfart,thrall,384,shaman,restoration,6,4,2
Пакни,gordunni,384,shaman,restoration,6,4,2
Grimn,burning-legion,384,shaman,restoration,6,4,2
Laserra,sylvanas,384,shaman,restoration,6,4,2
Waterboy,tarren-mill,384,shaman,restoration,6,4,2
Shàyâ,ysondre,384,shaman,restoration,6,4,2
Imdax,hyjal,384,shaman,restoration,6,4,2
Chiio,draenor,384,shaman,restoration,6,4,2
Амг,booty-bay,384,shaman,restoration,6,4,2
Mole,jaedenar,384,shaman,restoration,6,4,2
Toasterbread,kazzak,384,shaman,restoration,6,4,2
Yozgatlilan,aegwynn,384,shaman,restoration,6,4,2
Тимтярра,gordunni,384,shaman,restoration,6,4,2
Hamuksha,nerathor,384,shaman,restoration,6,4,2
Ысч,ashenvale,384,shaman,restoration,6,4,2
Purgelord,tarren-mill,384,shaman,restoration,6,4,2
Skeltar,gilneas,384,shaman,restoration,6,4,2
Minisham,drakthul,384,shaman,restoration,6,4,2
Kundt,dalaran,384,shaman,restoration,6,4,2
Chadhealer,thrall,384,shaman,restoration,6,4,2
Salsissimous,azjolnerub,384,shaman,restoration,6,4,2
Totemtri,thrall,384,shaman,restoration,6,4,2
Снобу,gordunni,384,shaman,restoration,6,4,2
Irônmaxx,antonidas,384,shaman,restoration,6,4,2
Sakulis,ravencrest,384,shaman,restoration,6,4,2
Фредуизли,howling-fjord,384,shaman,restoration,6,4,2
Громкеш,howling-fjord,384,shaman,restoration,6,4,2
Bluetide,ravencrest,384,shaman,restoration,6,4,2
Drahka,kazzak,384,shaman,restoration,6,4,2
Leyliner,blackhand,384,shaman,restoration,6,4,2
Grimdonut,argent-dawn,384,shaman,restoration,6,4,2
Johnnysîns,blackhand,384,shaman,restoration,6,4,2
Blyxuhm,argent-dawn,384,shaman,restoration,6,4,2
Kekke,uldum,384,shaman,restoration,6,4,2
Fapwap,sylvanas,384,shaman,restoration,6,4,2
Prup,tarren-mill,384,shaman,restoration,6,4,2
Criticalx,eredar,384,shaman,restoration,15,5,10
Девлиниум,fordragon,384,shaman,restoration,12,4,8
Shamdren,outland,384,shaman,restoration,12,4,8
Gharn,sanguino,384,shaman,restoration,12,4,8
Faìnt,stormscale,384,shaman,restoration,12,4,8
Drakamaa,ravencrest,384,shaman,restoration,12,4,8
Joeashock,ragnaros,384,shaman,restoration,12,4,8
Serasol,sylvanas,384,shaman,restoration,12,4,8
Enkou,blackmoore,384,shaman,restoration,12,4,8
Saksyl,zuljin,384,shaman,restoration,12,4,8
Mammyshammy,twisting-nether,384,shaman,restoration,12,4,8
Pyrotoad,blackmoore,384,shaman,restoration,12,4,8
Mystraas,khaz-modan,384,shaman,restoration,12,4,8
Wagaluu,ravencrest,384,shaman,restoration,12,4,8
Horïons,dalaran,384,shaman,restoration,12,4,8
Lanze,blackrock,384,shaman,restoration,12,4,8
Degoblin,draenor,384,shaman,restoration,12,4,8
Zídané,antonidas,384,shaman,restoration,12,4,8
Lavababe,blackmoore,384,shaman,restoration,12,4,8
Kerfo,ragnaros,384,shaman,restoration,12,4,8
Vey,hyjal,384,shaman,restoration,12,4,8
Sempaihentai,draenor,384,shaman,restoration,12,4,8
Bolg,veklor,384,shaman,restoration,12,4,8
Swart,hyjal,384,shaman,restoration,12,4,8
Archsha,burning-legion,384,shaman,restoration,12,4,8
Tteïl,archimonde,384,shaman,restoration,12,4,8
Kashnar,tarren-mill,384,shaman,restoration,12,4,8
Runeshock,turalyon,384,shaman,restoration,12,4,8
Kuyamii,blackrock,384,shaman,restoration,12,4,8
Kelonar,aegwynn,384,shaman,restoration,12,4,8
Râpzz,aegwynn,384,shaman,restoration,12,4,8
Voodz,nathrezim,384,shaman,restoration,12,4,8
Insînîus,archimonde,384,shaman,restoration,12,4,8
ßiggie,garona,384,shaman,restoration,12,4,8
Энхай,azuregos,384,shaman,restoration,12,4,8
Abdegor,burning-legion,384,shaman,restoration,12,4,8
Porke,moonglade,384,shaman,restoration,12,4,8
Ishin,burning-legion,384,shaman,restoration,12,4,8
Maluch,burning-legion,384,shaman,restoration,12,4,8
Mystycos,burning-legion,384,shaman,restoration,12,4,8
Ранняяпташка,soulflayer,384,shaman,restoration,12,4,8
Daklickshamy,blackmoore,384,shaman,restoration,12,4,8
Staxoman,daggerspine,384,shaman,restoration,12,4,8
Smahamtwo,stormscale,384,shaman,restoration,12,4,8
Меготип,deathweaver,384,shaman,restoration,12,4,8
Mauî,twisting-nether,384,shaman,restoration,18,4,14
Zourià,archimonde,384,shaman,restoration,18,4,14
Ohheck,outland,384,shaman,restoration,18,4,14
Theodorix,silvermoon,384,shaman,restoration,18,4,14
Wtbtoes,ravencrest,384,shaman,restoration,18,4,14
Trünk,arathi,384,shaman,restoration,24,4,20
Chunkss,argent-dawn,384,shaman,restoration,24,4,20
Nizty,tarren-mill,384,shaman,restoration,24,4,20
Frosthamer,ragnaros,383,shaman,restoration,6,4,2
Abuzay,medivh,383,shaman,restoration,6,4,2
Sleyvarian,chamber-of-aspects,383,shaman,restoration,12,4,8
Drizzird,argent-dawn,383,shaman,restoration,12,4,8
Cisd,tarren-mill,383,shaman,restoration,12,4,8
Arixxë,twisting-nether,383,shaman,restoration,12,4,8
Rayitoss,tyrande,383,shaman,restoration,16,4,12
Doomkiss,silvermoon,383,shaman,restoration,18,4,14
Shamanet,kazzak,383,shaman,restoration,18,4,14
Зултира,gordunni,383,shaman,restoration,24,4,20
Raiñdrops,silvermoon,382,shaman,restoration,6,4,2
Avatarroku,blackhand,382,shaman,restoration,12,4,8
Koko,frostwhisper,382,shaman,restoration,12,4,8
Slippyjim,azshara,382,shaman,restoration,12,4,8
Fettbrot,garrosh,382,shaman,restoration,24,4,20
Zeiger,minahonda,381,shaman,restoration,24,4,20
Fessel,auchindoun,379,shaman,restoration,12,4,8
Icytide,kazzak,378,shaman,restoration,18,7,11
Mycameltotem,ravencrest,372,shaman,restoration,26,8,18
Shamtime,aegwynn,371,shaman,restoration,24,7,17
Zboubii,archimonde,351,shaman,restoration,17,4,13
Grübxxgg,frostmane,335,shaman,restoration,17,4,13
Agatiø,dun-modr,330,shaman,restoration,7,5,2
Antikahraman,blackrock,330,shaman,restoration,8,5,3
Schamitwo,twisting-nether,319,shaman,restoration,5,4,1
Couldar,stormscale,319,shaman,restoration,5,4,1
Murog,dalaran,319,shaman,restoration,8,4,4
ßreoxxi,blackmoore,319,shaman,restoration,15,4,11
Chainbeef,blackmoore,288,shaman,restoration,6,3,3
Prepegahex,blackmoore,288,shaman,restoration,6,3,3
Origins,archimonde,288,shaman,restoration,6,3,3
Tebzs,ravencrest,288,shaman,restoration,6,3,3
Ñx,ravencrest,288,shaman,restoration,6,3,3
Cmzyy,ravencrest,288,shaman,restoration,6,3,3
Klösbräda,stormscale,288,shaman,restoration,6,3,3
Totemeistér,silvermoon,288,shaman,restoration,6,3,3
Bharudor,antonidas,288,shaman,restoration,6,3,3
Haract,outland,288,shaman,restoration,6,3,3
Soulsh,die-ewige-wacht,288,shaman,restoration,6,3,3
Oldmanrena,stormscale,288,shaman,restoration,6,3,3
Nohealtilt,stormscale,288,shaman,restoration,6,3,3
Pokspoks,stormscale,288,shaman,restoration,6,3,3
Eslu,blackhand,288,shaman,restoration,6,3,3
Bûttâ,archimonde,288,shaman,restoration,6,3,3
Shockndawe,kazzak,288,shaman,restoration,6,3,3
Downiesham,kazzak,288,shaman,restoration,6,3,3
Cøkka,hyjal,288,shaman,restoration,6,3,3
Jäckö,archimonde,288,shaman,restoration,6,3,3
Shamoobob,archimonde,288,shaman,restoration,6,3,3
Hyamala,chamber-of-aspects,288,shaman,restoration,6,3,3
Wealey,drakthul,288,shaman,restoration,6,3,3
Crazywitcho,archimonde,288,shaman,restoration,6,3,3
Ïllïïllïï,shadowsong,288,shaman,restoration,6,3,3
Balúr,thrall,288,shaman,restoration,6,3,3
Mikesinatra,tarren-mill,288,shaman,restoration,6,3,3
Statikznba,outland,288,shaman,restoration,6,3,3
Shamatto,nemesis,288,shaman,restoration,6,3,3
Goldou,archimonde,288,shaman,restoration,6,3,3
Snakeeyéss,kazzak,288,shaman,restoration,6,3,3
Bandiitti,darksorrow,288,shaman,restoration,6,3,3
Surge,darksorrow,288,shaman,restoration,6,3,3
Testoshaman,ravencrest,288,shaman,restoration,6,3,3
Votie,tarren-mill,288,shaman,restoration,6,3,3
Totemboyuk,tarren-mill,288,shaman,restoration,6,3,3
Rustfeather,sanguino,288,shaman,restoration,6,3,3
Blboz,grim-batol,288,shaman,restoration,6,3,3
Healhooper,hyjal,288,shaman,restoration,6,3,3
Shamamamin,argent-dawn,288,shaman,restoration,6,3,3
Zapyboye,grim-batol,288,shaman,restoration,6,3,3
Asstroy,sanguino,288,shaman,restoration,6,3,3
Majinbeb,hyjal,288,shaman,restoration,6,3,3
Abalenn,kazzak,288,shaman,restoration,6,3,3
Ticutashaman,argent-dawn,288,shaman,restoration,6,3,3
Gemexi,kazzak,288,shaman,restoration,6,3,3
Ýípìÿøû,dun-modr,288,shaman,restoration,6,3,3
Toteemikylpy,argent-dawn,288,shaman,restoration,6,3,3
Rndshaman,thrall,288,shaman,restoration,6,3,3
Rkeev,blackrock,288,shaman,restoration,6,3,3
Richtigfies,kazzak,288,shaman,restoration,6,3,3
Ragnesch,aegwynn,288,shaman,restoration,6,3,3
Misstremmers,outland,288,shaman,restoration,6,3,3
Solotov,bronzebeard,288,shaman,restoration,6,3,3
Tarzh,dalaran,288,shaman,restoration,6,3,3
Diffrinity,tarren-mill,288,shaman,restoration,6,3,3
Tenror,ragnaros,288,shaman,restoration,6,3,3
Calamito,ragnaros,288,shaman,restoration,6,3,3
Kimunamatata,draenor,288,shaman,restoration,6,3,3
Yarvin,draenor,288,shaman,restoration,6,3,3
Stinkyfînger,draenor,288,shaman,restoration,6,3,3
Shohmon,silvermoon,288,shaman,restoration,6,3,3
Wurrzág,outland,288,shaman,restoration,6,3,3
Rna,ragnaros,288,shaman,restoration,6,3,3
Vaîjîn,aegwynn,288,shaman,restoration,6,3,3
Moowfmoo,ragnaros,288,shaman,restoration,6,3,3
Intèrfectá,aegwynn,288,shaman,restoration,6,3,3
Corlysvelary,doomhammer,288,shaman,restoration,6,3,3
Draugrinns,tarren-mill,288,shaman,restoration,6,3,3
Tezeret,silvermoon,288,shaman,restoration,6,3,3
Bingo,tarren-mill,288,shaman,restoration,6,3,3
Кхуздуфар,blackscar,288,shaman,restoration,6,3,3
Видсон,soulflayer,288,shaman,restoration,6,3,3
Tarkxi,sylvanas,288,shaman,restoration,6,3,3
Бриз,blackscar,288,shaman,restoration,6,3,3
Bronin,sylvanas,288,shaman,restoration,6,3,3
Вэллкомм,gordunni,288,shaman,restoration,6,3,3
Моралсидней,blackscar,288,shaman,restoration,6,3,3
Ханикс,blackscar,288,shaman,restoration,6,3,3
Шамкасамка,gordunni,288,shaman,restoration,6,3,3
Ранкодин,soulflayer,288,shaman,restoration,6,3,3
Аалрия,goldrinn,288,shaman,restoration,6,3,3
Елемчикх,gordunni,288,shaman,restoration,6,3,3
Драмкул,soulflayer,288,shaman,restoration,6,3,3
Kalinn,sylvanas,288,shaman,restoration,6,3,3
Гарантииный,lich-king,288,shaman,restoration,6,3,3
Jellyg,outland,288,shaman,restoration,11,3,8
Thundertail,ragnaros,288,shaman,restoration,12,3,9
Mahoni,malganis,288,shaman,restoration,12,3,9
Ghanex,tarren-mill,288,shaman,restoration,12,3,9
Shamgott,silvermoon,288,shaman,restoration,12,3,9
Бэкдафакапп,blackscar,288,shaman,restoration,12,3,9
Hobblefoot,stormscale,288,shaman,restoration,12,3,9
Noxl,gorgonnash,288,shaman,restoration,12,3,9
Keb,gorgonnash,288,shaman,restoration,12,3,9
Nynuken,silvermoon,288,shaman,restoration,12,3,9
Lamarrus,malganis,288,shaman,restoration,12,3,9
Hagelbrakan,stormscale,288,shaman,restoration,12,3,9
Kiliathsham,silvermoon,288,shaman,restoration,12,3,9
Thorsteinar,kazzak,288,shaman,restoration,12,3,9
Zamn,silvermoon,288,shaman,restoration,12,3,9
Kandrox,blackmoore,288,shaman,restoration,12,3,9
Ríleyx,twisting-nether,288,shaman,restoration,12,3,9
Carthis,silvermoon,288,shaman,restoration,12,3,9
Schamanskaya,antonidas,288,shaman,restoration,12,3,9
Geifmeat,kazzak,288,shaman,restoration,12,3,9
Thísisrestø,sanguino,288,shaman,restoration,12,3,9
Cpthex,draenor,288,shaman,restoration,12,3,9
Kuzsham,archimonde,288,shaman,restoration,12,3,9
Magicflames,draenor,288,shaman,restoration,12,3,9
Nixxy,magtheridon,288,shaman,restoration,12,3,9
Shammyenh,burning-legion,288,shaman,restoration,12,3,9
Thrallotido,sanguino,288,shaman,restoration,12,3,9
Flameshock,area-52,288,shaman,restoration,12,3,9
Myks,sylvanas,288,shaman,restoration,12,3,9
ßasìkz,hyjal,288,shaman,restoration,12,3,9
Billburr,aegwynn,288,shaman,restoration,12,3,9
Eomsham,magtheridon,288,shaman,restoration,12,3,9
Shamerific,magtheridon,288,shaman,restoration,12,3,9
Афтршок,soulflayer,288,shaman,restoration,12,3,9
Yukmôuth,stormscale,288,shaman,restoration,13,3,10
Oggyoggyoggy,outland,288,shaman,restoration,18,3,15
Shankka,ragnaros,288,shaman,restoration,18,3,15
Shaminista,ravencrest,288,shaman,restoration,18,3,15
Deeblu,nemesis,287,shaman,restoration,12,3,9
Rbghêâl,blackrock,287,shaman,restoration,18,3,15
Leftand,arathor,287,shaman,restoration,18,3,15
Янешаманка,goldrinn,285,shaman,restoration,12,3,9
Mimsy,hyjal,285,shaman,restoration,12,3,9
Mitica,ravencrest,276,shaman,restoration,16,7,9
Shâm,kazzak,271,shaman,restoration,11,3,8
Jocãsta,silvermoon,255,shaman,restoration,8,4,4
Localicious,ragnaros,255,shaman,restoration,11,3,8
Crazypurgeqt,arathor,255,shaman,restoration,17,3,14
Yang,der-rat-von-dalaran,240,shaman,restoration,9,4,5
Elliesham,kazzak,239,shaman,restoration,5,3,2
Kongx,blackhand,239,shaman,restoration,5,3,2
Jaxsh,blackmoore,239,shaman,restoration,5,3,2
Skoddy,blackmoore,234,shaman,restoration,8,5,3
Silden,thrall,234,shaman,restoration,10,5,5
Soyungordoqt,sanguino,234,shaman,restoration,8,4,4
Æxs,archimonde,234,shaman,restoration,8,4,4
Yukîmøn,hyjal,234,shaman,restoration,11,4,7
Guccishadezz,blackmoore,234,shaman,restoration,17,5,12
Ikó,kazzak,234,shaman,restoration,22,6,16
Drøgøs,dun-modr,234,shaman,restoration,18,4,14
Урахарочка,soulflayer,192,shaman,restoration,6,2,4
Okrall,twisting-nether,192,shaman,restoration,6,2,4
Shalolx,twisting-nether,192,shaman,restoration,6,2,4
Srøgg,archimonde,192,shaman,restoration,6,2,4
Jacquisham,archimonde,192,shaman,restoration,6,2,4
Agatons,twisting-nether,192,shaman,restoration,6,2,4
Fuchserl,aegwynn,192,shaman,restoration,6,2,4
Wåe,outland,192,shaman,restoration,6,2,4
Брбртолетчик,soulflayer,192,shaman,restoration,6,2,4
Hóonda,twisting-nether,192,shaman,restoration,6,2,4
Rihi,twisting-nether,192,shaman,restoration,6,2,4
Bram,aggra-português,192,shaman,restoration,6,2,4
Mikhey,archimonde,192,shaman,restoration,6,2,4
Qoshi,archimonde,192,shaman,restoration,6,2,4
Trillebelly,outland,192,shaman,restoration,6,2,4
Oladoda,archimonde,192,shaman,restoration,6,2,4
Renátosz,ragnaros,192,shaman,restoration,6,2,4
Marjorie,archimonde,192,shaman,restoration,6,2,4
Saymynamee,ragnaros,192,shaman,restoration,6,2,4
Демианна,eversong,192,shaman,restoration,6,2,4
Ludiböris,kazzak,192,shaman,restoration,6,2,4
Anteja,kazzak,192,shaman,restoration,6,2,4
Sëídhr,arathi,192,shaman,restoration,6,2,4
Nuarishaman,kazzak,192,shaman,restoration,6,2,4
Noriqt,kazzak,192,shaman,restoration,6,2,4
Berascendz,argent-dawn,192,shaman,restoration,6,2,4
Chaac,bloodscalp,192,shaman,restoration,6,2,4
Элементаликс,ashenvale,192,shaman,restoration,6,2,4
Zinlay,tarren-mill,192,shaman,restoration,6,2,4
Pûrge,tarren-mill,192,shaman,restoration,6,2,4
Elektrikci,silvermoon,192,shaman,restoration,6,2,4
Nutqt,archimonde,192,shaman,restoration,6,2,4
Chêlëx,silvermoon,192,shaman,restoration,6,2,4
Pumanii,silvermoon,192,shaman,restoration,6,2,4
Pip,outland,192,shaman,restoration,6,2,4
Джейджона,soulflayer,192,shaman,restoration,6,2,4
Totemino,silvermoon,192,shaman,restoration,6,2,4
Booga,tarren-mill,192,shaman,restoration,6,2,4
Wahya,stormscale,192,shaman,restoration,6,2,4
Lêss,ysondre,192,shaman,restoration,6,2,4
Cyklopx,ravencrest,192,shaman,restoration,6,2,4
Doflamingo,aszune,192,shaman,restoration,6,2,4
Bavalurst,doomhammer,192,shaman,restoration,6,2,4
Hapkin,defias-brotherhood,192,shaman,restoration,6,2,4
Jsham,blackmoore,192,shaman,restoration,6,2,4
Ikdra,medivh,192,shaman,restoration,6,2,4
Mitochondria,drakthul,192,shaman,restoration,6,2,4
Shupp,stormscale,192,shaman,restoration,6,2,4
Chatbanned,blackmoore,192,shaman,restoration,6,2,4
Voodude,blackrock,192,shaman,restoration,6,2,4
Proccazu,draenor,192,shaman,restoration,6,2,4
Smorclelx,khadgar,192,shaman,restoration,6,2,4
Pebble,blackrock,192,shaman,restoration,6,2,4
Bluéshirtguy,blackhand,192,shaman,restoration,6,2,4
Naneunsanai,jaedenar,192,shaman,restoration,6,2,4
Kevox,malganis,192,shaman,restoration,6,2,4
Ünnä,sanguino,192,shaman,restoration,6,2,4
Nassîî,blackhand,192,shaman,restoration,6,2,4
Wiev,blackmoore,192,shaman,restoration,6,2,4
Marrondevil,blackhand,192,shaman,restoration,6,2,4
Joshan,frostmourne,192,shaman,restoration,6,2,4
Gevitomeraw,sylvanas,192,shaman,restoration,6,2,4
Schmamane,blutkessel,192,shaman,restoration,6,2,4
Тотемо,gordunni,192,shaman,restoration,6,2,4
Narevoqi,madmortem,192,shaman,restoration,6,2,4
Kossborax,blackhand,192,shaman,restoration,6,2,4
Lexus,nordrassil,192,shaman,restoration,6,2,4
Bumbummann,blackmoore,192,shaman,restoration,6,2,4
Vyrá,onyxia,192,shaman,restoration,6,2,4
Southpaw,kult-der-verdammten,192,shaman,restoration,6,2,4
Ðiezz,ysondre,192,shaman,restoration,6,2,4
Hìrnfrost,blackrock,192,shaman,restoration,6,2,4
Hagridheals,silvermoon,192,shaman,restoration,6,2,4
Khayac,ravencrest,192,shaman,restoration,6,2,4
Matsish,sylvanas,192,shaman,restoration,6,2,4
Biggucci,sylvanas,192,shaman,restoration,6,2,4
Sanxon,blackrock,192,shaman,restoration,6,2,4
Basegrandpa,ravencrest,192,shaman,restoration,6,2,4
Mordshamanx,draenor,192,shaman,restoration,6,2,4
Huibäm,eredar,192,shaman,restoration,6,2,4
Kärmá,lightbringer,192,shaman,restoration,6,2,4
Пучмек,gordunni,192,shaman,restoration,6,2,4
Imbahlink,draenor,192,shaman,restoration,6,2,4
Olmaz,ravencrest,192,shaman,restoration,6,2,4
Cynmaticsx,kargath,192,shaman,restoration,6,2,4
Agorasiya,frostwolf,192,shaman,restoration,6,2,4
Sablolix,ravencrest,192,shaman,restoration,6,2,4
Sàs,zuljin,192,shaman,restoration,6,2,4
Kàji,ravencrest,192,shaman,restoration,6,2,4
Ninffø,dun-modr,192,shaman,restoration,20,4,16
Dvärgenkajsa,stormreaver,192,shaman,restoration,10,2,8
Caméltótem,kazzak,192,shaman,restoration,12,2,10
Samisu,blackmoore,192,shaman,restoration,12,2,10
Bruzzla,kiljaeden,192,shaman,restoration,12,2,10
Delvanjus,blackrock,192,shaman,restoration,12,2,10
Gïzmö,tarren-mill,192,shaman,restoration,12,2,10
Barean,ravencrest,192,shaman,restoration,12,2,10
Cptnkirby,malganis,192,shaman,restoration,12,2,10
Hájoon,tarren-mill,192,shaman,restoration,12,2,10
Zënga,kazzak,192,shaman,restoration,12,2,10
Ekxr,kazzak,192,shaman,restoration,12,2,10
Zeltron,grim-batol,192,shaman,restoration,12,2,10
Dagdush,blackhand,192,shaman,restoration,12,2,10
Fatflop,sylvanas,192,shaman,restoration,12,2,10
Epicoverlord,tarren-mill,192,shaman,restoration,12,2,10
Otuschsham,blackmoore,192,shaman,restoration,12,2,10
Masham,darkspear,192,shaman,restoration,12,2,10
Ozzlac,thrall,192,shaman,restoration,12,2,10
Ezpz,frostmourne,192,shaman,restoration,12,2,10
Ibicc,twisting-nether,192,shaman,restoration,12,2,10
Thunderjudge,twisting-nether,192,shaman,restoration,12,2,10
Nuekx,sanguino,192,shaman,restoration,12,2,10
Zarschu,burning-legion,192,shaman,restoration,12,2,10
Yolototem,drakthul,192,shaman,restoration,15,2,13
Wuchtzwerg,terrordar,192,shaman,restoration,18,2,16
Tûrbø,ravencrest,192,shaman,restoration,18,2,16
Erscreamiko,zuljin,192,shaman,restoration,18,2,16
Valuriya,blackhand,191,shaman,restoration,6,2,4
Koothe,dun-modr,191,shaman,restoration,6,2,4
Geishablue,defias-brotherhood,191,shaman,restoration,12,2,10
Avajana,silvermoon,191,shaman,restoration,12,2,10
Андумиэль,soulflayer,190,shaman,restoration,12,2,10
Chaotikos,ravencrest,178,shaman,restoration,12,8,4
Krootox,sunstrider,170,shaman,restoration,18,4,14
Zhangliyi,ravencrest,169,shaman,restoration,9,5,4
Icecrêam,stormreaver,159,shaman,restoration,5,2,3
Nockedly,ragnaros,144,shaman,restoration,9,3,6
Ruzgork,nerzhul,138,shaman,restoration,9,3,6
Mcgrêgor,aegwynn,138,shaman,restoration,15,4,11
Volstorm,ysondre,138,shaman,restoration,12,3,9
Sörén,lothar,138,shaman,restoration,13,3,10
Elunaxcc,eredar,137,shaman,restoration,11,4,7
Cardenus,los-errantes,137,shaman,restoration,15,3,12
Belldandý,archimonde,128,shaman,restoration,4,2,2
Крто,thermaplugg,128,shaman,restoration,4,2,2
Feetsniffax,outland,128,shaman,restoration,4,2,2
Shamaray,stormscale,127,shaman,restoration,8,2,6
Fuchifu,eredar,96,shaman,restoration,6,1,5
Stonetone,silvermoon,96,shaman,restoration,6,1,5
Elchivo,blackrock,96,shaman,restoration,6,1,5
Hotstorm,bronzebeard,96,shaman,restoration,6,1,5
Eclaîr,thrall,96,shaman,restoration,6,1,5
Касьянкочка,blackscar,96,shaman,restoration,6,1,5
Moonlanced,aegwynn,96,shaman,restoration,6,1,5
Таззикшок,soulflayer,96,shaman,restoration,6,1,5
Stormreach,ragnaros,96,shaman,restoration,6,1,5
Cptcutíe,antonidas,96,shaman,restoration,6,1,5
Zethh,antonidas,96,shaman,restoration,6,1,5
Shoar,twisting-nether,96,shaman,restoration,6,1,5
Aguero,aegwynn,96,shaman,restoration,6,1,5
Dvrg,antonidas,96,shaman,restoration,6,1,5
Kimpa,minahonda,96,shaman,restoration,6,1,5
Rahuna,darksorrow,96,shaman,restoration,6,1,5
Jawoburst,antonidas,96,shaman,restoration,6,1,5
Swepx,ravencrest,96,shaman,restoration,6,1,5
Cirøsham,ravencrest,96,shaman,restoration,6,1,5
Earthvixen,ravencrest,96,shaman,restoration,6,1,5
Try,zuluhed,96,shaman,restoration,6,1,5
Металорд,howling-fjord,96,shaman,restoration,6,1,5
Getahex,draenor,96,shaman,restoration,6,1,5
Präsi,die-aldor,96,shaman,restoration,6,1,5
Apolomaeuz,frostwolf,96,shaman,restoration,6,1,5
Proxjj,stormscale,96,shaman,restoration,6,1,5
Grumpystorm,agamaggan,96,shaman,restoration,6,1,5
Сатангодхх,howling-fjord,96,shaman,restoration,6,1,5
Кермдрог,gordunni,96,shaman,restoration,6,1,5
Lekyzx,archimonde,96,shaman,restoration,6,1,5
Dälon,thrall,96,shaman,restoration,6,1,5
Tinyboiler,stormscale,96,shaman,restoration,6,1,5
Ниарата,greymane,96,shaman,restoration,6,1,5
Reflux,outland,96,shaman,restoration,6,1,5
Zimzalabling,kazzak,96,shaman,restoration,6,1,5
Neterö,la-croisade-écarlate,96,shaman,restoration,6,1,5
Efdemin,blackmoore,96,shaman,restoration,6,1,5
Jaeslin,tarren-mill,96,shaman,restoration,6,1,5
Poliez,outland,96,shaman,restoration,6,1,5
Anieszka,malganis,96,shaman,restoration,6,1,5
Cupído,malganis,96,shaman,restoration,6,1,5
Ader,outland,96,shaman,restoration,6,1,5
Dashakk,frostwhisper,96,shaman,restoration,6,1,5
Kostex,rexxar,96,shaman,restoration,6,1,5
Smorcxx,kazzak,96,shaman,restoration,6,1,5
Justweirdaf,blackmoore,96,shaman,restoration,6,1,5
Diabolous,drakthul,96,shaman,restoration,6,1,5
Trymytotems,drakthul,96,shaman,restoration,6,1,5
Greenbo,burning-blade,96,shaman,restoration,6,1,5
Cy,aszune,96,shaman,restoration,6,1,5
Ulfuz,silvermoon,96,shaman,restoration,6,1,5
Chênoya,blackrock,96,shaman,restoration,6,1,5
Yuimhi,sanguino,96,shaman,restoration,7,1,6
Xicez,sanguino,96,shaman,restoration,12,1,11
Anstra,colinas-pardas,96,shaman,restoration,12,1,11
Íss,cthun,96,shaman,restoration,12,1,11
Топмахвелл,soulflayer,96,shaman,restoration,12,1,11
Tiamât,culte-de-la-rive-noire,96,shaman,restoration,12,1,11
Hugzy,argent-dawn,96,shaman,restoration,12,1,11
Ikeaboy,eredar,96,shaman,restoration,12,1,11
Porre,zuljin,96,shaman,restoration,12,1,11
Akuha,dun-modr,96,shaman,restoration,12,1,11
Freeleys,silvermoon,96,shaman,restoration,12,1,11
Garulf,twisting-nether,96,shaman,restoration,12,1,11
Rohek,tarren-mill,96,shaman,restoration,18,1,17
Kvelertak,guldan,96,shaman,restoration,18,1,17
Hairball,turalyon,95,shaman,restoration,6,2,4
Twotwozero,defias-brotherhood,95,shaman,restoration,6,1,5
Taiki,sylvanas,90,shaman,restoration,13,4,9
Kungachunga,pozzo-delleternità,79,shaman,restoration,5,1,4
Bursthand,sanguino,79,shaman,restoration,11,1,10
Destrosoul,kazzak,64,shaman,restoration,4,1,3
Rookwave,eredar,64,shaman,restoration,4,1,3
Drê,daggerspine,64,shaman,restoration,4,1,3
Nowái,tarren-mill,64,shaman,restoration,4,1,3
Zourhia,garona,48,shaman,restoration,3,1,2
Oyuun,rajaxx,42,shaman,restoration,11,3,8
Ånný,blackmoore,42,shaman,restoration,11,3,8
Icanbreathe,ravencrest,42,shaman,restoration,9,2,7
Pandatrials,turalyon,42,shaman,restoration,10,2,8
Strikerz,aggra-português,42,shaman,restoration,11,2,9
Shammez,ravencrest,42,shaman,restoration,11,2,9
Søpse,stormscale,42,shaman,restoration,15,2,13
Rngo,blackrock,2366,shaman,elemental,120,73,47
Elejizz,kazzak,2356,shaman,elemental,96,56,40
Silden,thrall,2303,shaman,elemental,121,72,49
Eupra,archimonde,2291,shaman,elemental,150,82,68
Reibanit,twisting-nether,2284,shaman,elemental,147,86,61
Rungõo,blackrock,2281,shaman,elemental,174,101,73
Nyed,hyjal,2261,shaman,elemental,114,65,49
Shiggenbasta,kazzak,2255,shaman,elemental,90,52,38
Drshock,blackmoore,2243,shaman,elemental,119,62,57
Mcmxcvi,ravencrest,2228,shaman,elemental,148,88,60
Proccit,blackrock,2226,shaman,elemental,90,50,40
Ghostwolfgg,archimonde,2205,shaman,elemental,132,72,60
Маигваза,soulflayer,2198,shaman,elemental,66,46,20
Lavaole,blackrock,2185,shaman,elemental,78,42,36
Wisplol,ravencrest,2172,shaman,elemental,267,142,125
Connecting,hyjal,2171,shaman,elemental,108,56,52
Bärtigeberta,aegwynn,2170,shaman,elemental,102,54,48
Tommybanger,kazzak,2158,shaman,elemental,75,49,26
Shamanazor,twisting-nether,2153,shaman,elemental,66,41,25
Baldcreep,blackrock,2147,shaman,elemental,54,35,19
Dakyele,ravencrest,2147,shaman,elemental,89,47,42
Space,stormscale,2144,shaman,elemental,126,66,60
Båkka,ysondre,2142,shaman,elemental,60,37,23
Trickful,kazzak,2136,shaman,elemental,60,42,18
Uselesslaso,sanguino,2136,shaman,elemental,117,59,58
Edshearen,stormscale,2127,shaman,elemental,68,42,26
Blyatifulday,malganis,2127,shaman,elemental,96,53,43
Theglue,kilrogg,2124,shaman,elemental,60,36,24
Lexila,doomhammer,2122,shaman,elemental,490,255,235
Matmodir,hyjal,2119,shaman,elemental,96,48,48
Mjorè,twisting-nether,2118,shaman,elemental,109,60,49
Autopanne,malganis,2117,shaman,elemental,78,48,30
Ìløvêxÿú,ravencrest,2117,shaman,elemental,146,84,62
Guzzelinare,tarren-mill,2115,shaman,elemental,48,30,18
Smorchamp,sanguino,2110,shaman,elemental,84,44,40
Jøhnnwick,archimonde,2106,shaman,elemental,83,47,36
Jøhnwick,ysondre,2103,shaman,elemental,72,39,33
Euprâ,archimonde,2101,shaman,elemental,71,39,32
Бпокбастэр,gordunni,2098,shaman,elemental,87,50,37
Shrmful,dun-modr,2083,shaman,elemental,59,40,19
Teslashock,outland,2083,shaman,elemental,71,46,25
Pleasehealme,ravencrest,2067,shaman,elemental,42,33,9
Thriveqt,nemesis,2057,shaman,elemental,90,43,47
Kenaz,outland,2049,shaman,elemental,67,36,31
Mèåtbåll,ravencrest,2042,shaman,elemental,71,44,27
Woof,culte-de-la-rive-noire,2037,shaman,elemental,60,32,28
Sïmp,blackrock,2035,shaman,elemental,84,53,31
Langedinho,stormscale,2030,shaman,elemental,120,61,59
Dsgrc,tarren-mill,2028,shaman,elemental,54,28,26
Lavayoshi,kazzak,2026,shaman,elemental,72,48,24
Iavalavalava,tarren-mill,2025,shaman,elemental,96,46,50
Haumx,blackrock,2021,shaman,elemental,111,59,52
Elegodx,ravencrest,2017,shaman,elemental,77,42,35
Agrero,auchindoun,2012,shaman,elemental,138,71,67
Satisfya,ambossar,2006,shaman,elemental,286,150,136
Eyi,ambossar,2005,shaman,elemental,92,50,42
Suldarissham,aegwynn,2001,shaman,elemental,41,25,16
Punished,blackrock,2000,shaman,elemental,107,62,45
Rottulos,stormrage,2000,shaman,elemental,60,33,27
Blackyx,cthun,1996,shaman,elemental,72,46,26
Ryysham,ravencrest,1996,shaman,elemental,122,68,54
Шутках,gordunni,1986,shaman,elemental,42,24,18
Nowmack,archimonde,1981,shaman,elemental,48,32,16
Nokster,twisting-nether,1978,shaman,elemental,134,78,56
Onceinalife,ambossar,1978,shaman,elemental,155,83,72
Starelement,draenor,1975,shaman,elemental,78,34,44
Kärríegold,blackrock,1972,shaman,elemental,351,184,167
Raintlordx,twisting-nether,1971,shaman,elemental,36,30,6
Matmons,hyjal,1969,shaman,elemental,55,30,25
Thyeori,stormscale,1969,shaman,elemental,54,29,25
Murdá,ravencrest,1969,shaman,elemental,96,45,51
Suldaro,aegwynn,1964,shaman,elemental,73,39,34
Jelvin,tarren-mill,1963,shaman,elemental,84,43,41
Houmpf,hyjal,1962,shaman,elemental,60,33,27
Pipousham,blackhand,1954,shaman,elemental,47,26,21
Pheazka,outland,1950,shaman,elemental,71,37,34
Élé,twisting-nether,1950,shaman,elemental,72,37,35
Obryss,tarren-mill,1939,shaman,elemental,54,30,24
Nevershearx,blackrock,1934,shaman,elemental,54,28,26
Айвимэдисон,howling-fjord,1933,shaman,elemental,58,33,25
Nekhros,sargeras,1931,shaman,elemental,193,104,89
Paulbaniel,alonsus,1922,shaman,elemental,78,38,40
Штормкрашер,howling-fjord,1910,shaman,elemental,90,50,40
Anqe,twisting-nether,1910,shaman,elemental,114,62,52
Çð,ravencrest,1909,shaman,elemental,36,20,16
Matmonai,hyjal,1908,shaman,elemental,72,34,38
Owrly,stormscale,1904,shaman,elemental,263,133,130
Totemlié,ravencrest,1887,shaman,elemental,42,27,15
Gungo,deathwing,1880,shaman,elemental,36,20,16
Eppîx,lightnings-blade,1877,shaman,elemental,64,31,33
Psyku,outland,1875,shaman,elemental,42,20,22
Lavaproc,burning-legion,1874,shaman,elemental,54,33,21
Хеллбат,howling-fjord,1869,shaman,elemental,36,24,12
Midgetnatty,ravencrest,1867,shaman,elemental,70,39,31
Jacklupin,ravencrest,1867,shaman,elemental,48,25,23
Naskezz,kazzak,1863,shaman,elemental,131,66,65
Cïgänää,archimonde,1862,shaman,elemental,44,26,18
Monsuunibaba,tarren-mill,1861,shaman,elemental,57,31,26
Borbor,argent-dawn,1858,shaman,elemental,46,23,23
Flanax,hyjal,1852,shaman,elemental,78,44,34
Nëllaqt,archimonde,1849,shaman,elemental,54,30,24
Tellý,blackmoore,1846,shaman,elemental,53,31,22
Dretch,dun-morogh,1844,shaman,elemental,42,22,20
Georgewhat,defias-brotherhood,1843,shaman,elemental,75,39,36
Feetenjoyerx,kazzak,1843,shaman,elemental,68,34,34
Lilmarco,stormreaver,1843,shaman,elemental,72,35,37
Sajma,silvermoon,1842,shaman,elemental,57,40,17
Eledelede,blackhand,1842,shaman,elemental,54,30,24
Tasoro,sanguino,1840,shaman,elemental,71,34,37
Qualitydoge,kazzak,1838,shaman,elemental,42,26,16
Preshear,twisting-nether,1835,shaman,elemental,35,26,9
Doyah,eredar,1834,shaman,elemental,54,33,21
Bambustic,kazzak,1833,shaman,elemental,41,25,16
Dräpàrn,sylvanas,1833,shaman,elemental,60,32,28
Pxsquals,ravencrest,1831,shaman,elemental,78,42,36
Crazyshaman,ravencrest,1829,shaman,elemental,53,26,27
Hugebuttman,silvermoon,1829,shaman,elemental,78,37,41
Slogic,tarren-mill,1828,shaman,elemental,71,34,37
Crespó,alakir,1827,shaman,elemental,54,25,29
Transcendent,malorne,1826,shaman,elemental,84,63,21
Hazardhenry,argent-dawn,1826,shaman,elemental,42,30,12
Sourens,twisting-nether,1826,shaman,elemental,92,48,44
Healyoa,blackmoore,1824,shaman,elemental,201,99,102
Kæzx,blackrock,1822,shaman,elemental,78,45,33
Ejx,arthas,1821,shaman,elemental,52,30,22
Vandouille,archimonde,1820,shaman,elemental,45,29,16
Novoz,ysondre,1819,shaman,elemental,59,31,28
Инимал,deathweaver,1817,shaman,elemental,36,21,15
Valgø,twisting-nether,1817,shaman,elemental,192,108,84
Raknoxye,blackrock,1816,shaman,elemental,36,28,8
Achtungblitz,blackrock,1813,shaman,elemental,42,33,9
Rungozvs,blackrock,1813,shaman,elemental,48,28,20
Stickix,malganis,1812,shaman,elemental,54,32,22
Korvsnärten,outland,1811,shaman,elemental,87,46,41
Chamel,draenor,1808,shaman,elemental,30,19,11
Sayokô,grim-batol,1808,shaman,elemental,36,21,15
Kailash,defias-brotherhood,1808,shaman,elemental,54,26,28
Procc,nordrassil,1807,shaman,elemental,42,28,14
Faridstreng,blackmoore,1807,shaman,elemental,60,39,21
Smorclelx,khadgar,1807,shaman,elemental,158,83,75
Fellatia,baelgun,1805,shaman,elemental,78,53,25
Mércander,kazzak,1805,shaman,elemental,54,31,23
Nykhara,sanguino,1805,shaman,elemental,54,30,24
Bûsta,ravencrest,1804,shaman,elemental,48,25,23
Muscade,silvermoon,1803,shaman,elemental,54,37,17
Barbarra,stormscale,1802,shaman,elemental,54,28,26
Lianitus,tarren-mill,1802,shaman,elemental,58,30,28
Nyzo,tarren-mill,1802,shaman,elemental,48,23,25
Firella,the-maelstrom,1801,shaman,elemental,40,23,17
Burstraze,tarren-mill,1801,shaman,elemental,58,32,26
Spajry,drakthul,1800,shaman,elemental,48,32,16
Nalaadu,stormscale,1800,shaman,elemental,42,26,16
Йодаримару,howling-fjord,1796,shaman,elemental,42,22,20
Lavalars,blackhand,1791,shaman,elemental,42,26,16
Psÿkz,kazzak,1790,shaman,elemental,57,25,32
ßakingsoda,tarren-mill,1788,shaman,elemental,48,30,18
Зэстус,soulflayer,1788,shaman,elemental,101,59,42
Cismine,twisting-nether,1782,shaman,elemental,54,35,19
Pitsamestari,frostmane,1780,shaman,elemental,122,68,54
Suirz,dun-modr,1774,shaman,elemental,59,40,19
Çð,twisting-nether,1772,shaman,elemental,47,28,19
Zaledria,argent-dawn,1770,shaman,elemental,54,35,19
Spruehkot,aegwynn,1767,shaman,elemental,33,22,11
Hothand,thrall,1764,shaman,elemental,42,21,21
Volcanò,outland,1763,shaman,elemental,193,95,98
Elexuz,blackrock,1760,shaman,elemental,60,39,21
Oneßuttøn,ravencrest,1759,shaman,elemental,60,28,32
Sunsong,twisting-nether,1757,shaman,elemental,90,52,38
Agreró,auchindoun,1756,shaman,elemental,39,25,14
Шумноватт,howling-fjord,1753,shaman,elemental,48,23,25
Voydetesto,sanguino,1753,shaman,elemental,84,39,45
Lsdx,silvermoon,1752,shaman,elemental,66,37,29
Sheamanus,ravencrest,1749,shaman,elemental,59,36,23
Seriux,twisting-nether,1744,shaman,elemental,60,40,20
Bigschamlipp,blackhand,1739,shaman,elemental,31,26,5
Earthhulk,thrall,1739,shaman,elemental,42,27,15
Earthtjockis,ragnaros,1739,shaman,elemental,41,20,21
Solosüper,ravencrest,1738,shaman,elemental,54,29,25
Xereús,kazzak,1738,shaman,elemental,46,23,23
Карбонатрикс,soulflayer,1736,shaman,elemental,53,30,23
Mishoshamana,tarren-mill,1733,shaman,elemental,95,54,41
Yiiro,argent-dawn,1730,shaman,elemental,48,26,22
Ungabungha,stormscale,1728,shaman,elemental,157,88,69
Hanatopikeur,grim-batol,1728,shaman,elemental,35,19,16
Djlavaburst,malganis,1728,shaman,elemental,281,138,143
Daubidaubi,kazzak,1722,shaman,elemental,39,26,13
Starpior,stormscale,1721,shaman,elemental,65,30,35
Anøüchkä,ysondre,1720,shaman,elemental,70,40,30
Lavatherapy,grim-batol,1719,shaman,elemental,84,47,37
Fakehex,blackrock,1716,shaman,elemental,74,45,29
Ronfroggo,kazzak,1716,shaman,elemental,52,28,24
Braíntas,norgannon,1715,shaman,elemental,96,46,50
Jamzyshaman,emerald-dream,1713,shaman,elemental,30,19,11
Totemlyhot,blackrock,1713,shaman,elemental,48,28,20
Shocknrun,sylvanas,1712,shaman,elemental,54,27,27
Obesisham,outland,1711,shaman,elemental,72,30,42
Nöyrä,argent-dawn,1710,shaman,elemental,36,25,11
Mariomental,draenor,1710,shaman,elemental,81,38,43
Prêxy,kazzak,1710,shaman,elemental,61,27,34
Xtremeshaman,blackmoore,1709,shaman,elemental,24,18,6
Cylantarus,blackrock,1705,shaman,elemental,36,25,11
Дашажмихекс,howling-fjord,1704,shaman,elemental,42,24,18
Чойсе,deathguard,1704,shaman,elemental,102,50,52
Lantbruk,twisting-nether,1703,shaman,elemental,49,28,21
Farùk,ravencrest,1701,shaman,elemental,39,24,15
Wàve,stormscale,1695,shaman,elemental,72,38,34
Namè,kazzak,1693,shaman,elemental,30,20,10
Horizons,the-maelstrom,1692,shaman,elemental,30,18,12
Касикандрэра,soulflayer,1689,shaman,elemental,368,196,172
Shiranoye,blackrock,1689,shaman,elemental,42,20,22
Wátermélon,stormscale,1687,shaman,elemental,36,24,12
Ogrodi,burning-legion,1685,shaman,elemental,60,34,26
Ðreamz,kaelthas,1685,shaman,elemental,48,23,25
Chênoya,blackrock,1684,shaman,elemental,73,30,43
Кирагаз,gordunni,1682,shaman,elemental,76,39,37
Sáàd,ravencrest,1681,shaman,elemental,42,20,22
Sheherezeday,aegwynn,1681,shaman,elemental,60,27,33
Mendiing,kazzak,1680,shaman,elemental,36,19,17
Kohnân,hyjal,1675,shaman,elemental,84,42,42
Гивми,blackscar,1674,shaman,elemental,73,38,35
Exxco,aegwynn,1671,shaman,elemental,35,23,12
Xelphia,frostmane,1670,shaman,elemental,53,22,31
Vanrake,ravencrest,1669,shaman,elemental,109,62,47
Milotem,ysondre,1669,shaman,elemental,48,26,22
Козаностро,howling-fjord,1668,shaman,elemental,30,19,11
Regnever,draenor,1667,shaman,elemental,131,56,75
Esal,blackrock,1665,shaman,elemental,31,21,10
Smashz,stormscale,1661,shaman,elemental,81,44,37
Elrayitos,shendralar,1659,shaman,elemental,114,63,51
Fabslx,archimonde,1659,shaman,elemental,123,51,72
Daemp,draenor,1658,shaman,elemental,24,18,6
Rawside,thrall,1658,shaman,elemental,52,26,26
Davinshhe,kazzak,1657,shaman,elemental,66,25,41
Kapïtão,aggra-português,1656,shaman,elemental,48,27,21
Lavalava,blackmoore,1656,shaman,elemental,60,33,27
Shamatto,nemesis,1654,shaman,elemental,64,42,22
Mö,ragnaros,1652,shaman,elemental,249,140,109
Мэморисс,gordunni,1652,shaman,elemental,44,23,21
Hotsincezero,archimonde,1651,shaman,elemental,53,36,17
Deeck,ravencrest,1651,shaman,elemental,83,53,30
Malybou,ysondre,1651,shaman,elemental,36,18,18
Электро,thermaplugg,1648,shaman,elemental,47,24,23
Афтршок,soulflayer,1643,shaman,elemental,51,26,25
Zest,hyjal,1643,shaman,elemental,59,28,31
Axahavregryn,kazzak,1640,shaman,elemental,66,40,26
Urshak,alleria,1639,shaman,elemental,36,24,12
Zaarok,voljin,1639,shaman,elemental,91,41,50
Liluzivert,mannoroth,1638,shaman,elemental,77,40,37
Mezzoblu,sanguino,1638,shaman,elemental,216,112,104
Reignisover,silvermoon,1637,shaman,elemental,51,32,19
Thorleíf,silvermoon,1636,shaman,elemental,90,42,48
Enamo,blackrock,1634,shaman,elemental,35,20,15
Cloony,khaz-modan,1633,shaman,elemental,45,31,14
Diaba,sylvanas,1633,shaman,elemental,40,23,17
Proccq,twisting-nether,1632,shaman,elemental,34,18,16
Tteïl,archimonde,1629,shaman,elemental,54,30,24
Hotis,onyxia,1629,shaman,elemental,88,43,45
Rrtyui,twisting-nether,1628,shaman,elemental,30,17,13
Shåmssagat,kazzak,1627,shaman,elemental,36,17,19
Murmelï,stormreaver,1625,shaman,elemental,30,20,10
Huyø,stormscale,1625,shaman,elemental,90,40,50
Adamyo,stormscale,1623,shaman,elemental,60,26,34
Dzielnysham,silvermoon,1621,shaman,elemental,50,28,22
Testpapi,twisting-nether,1618,shaman,elemental,75,42,33
Løun,archimonde,1618,shaman,elemental,78,43,35
Máui,korgall,1618,shaman,elemental,132,71,61
Gojõ,dun-modr,1618,shaman,elemental,48,22,26
Vivaldi,varimathras,1618,shaman,elemental,96,42,54
Pórçé,shattered-hand,1617,shaman,elemental,174,98,76
Microb,blackmoore,1617,shaman,elemental,54,29,25
Wylly,aegwynn,1616,shaman,elemental,140,72,68
Vamali,draenor,1614,shaman,elemental,48,23,25
Basiletta,hyjal,1613,shaman,elemental,49,34,15
Lokasakke,tarren-mill,1613,shaman,elemental,34,19,15
Zengã,kazzak,1613,shaman,elemental,71,30,41
Targoel,blackmoore,1612,shaman,elemental,169,82,87
Ânuk,blackrock,1612,shaman,elemental,162,78,84
Blastersondy,outland,1611,shaman,elemental,37,23,14
Ангустиа,galakrond,1610,shaman,elemental,29,20,9
Hanakokô,grim-batol,1610,shaman,elemental,30,17,13
Kemurus,kazzak,1610,shaman,elemental,77,42,35
Gammeldunder,shattered-hand,1610,shaman,elemental,53,22,31
Nachtary,blackmoore,1609,shaman,elemental,71,40,31
Мистеркутёж,gordunni,1607,shaman,elemental,114,60,54
Headthirst,ragnaros,1606,shaman,elemental,50,28,22
Sházz,dun-modr,1606,shaman,elemental,53,28,25
Кислаябуба,howling-fjord,1606,shaman,elemental,36,17,19
Bigfrigid,outland,1606,shaman,elemental,54,24,30
Aviciix,sanguino,1605,shaman,elemental,84,36,48
Drainergødx,ragnaros,1604,shaman,elemental,54,29,25
Зиленый,soulflayer,1604,shaman,elemental,42,22,20
Replicusele,doomhammer,1603,shaman,elemental,30,19,11
Vorteas,burning-blade,1603,shaman,elemental,36,20,16
Mcbloob,kazzak,1602,shaman,elemental,70,36,34
Naphe,ysondre,1602,shaman,elemental,59,27,32
Byma,burning-legion,1601,shaman,elemental,30,21,9
Baarona,neptulon,1599,shaman,elemental,57,34,23
Fotmglad,blackrock,1599,shaman,elemental,60,27,33
Kilazz,twisting-nether,1598,shaman,elemental,36,19,17
Neotrax,outland,1597,shaman,elemental,78,41,37
Elektron,malganis,1597,shaman,elemental,90,46,44
Jâydizzle,draenor,1594,shaman,elemental,101,42,59
Ogkûshgödx,sylvanas,1593,shaman,elemental,30,18,12
Aureo,dun-modr,1593,shaman,elemental,40,20,20
Gúîtårgøð,sanguino,1592,shaman,elemental,42,21,21
Johncoltrane,archimonde,1589,shaman,elemental,30,23,7
Faydasizsham,twisting-nether,1586,shaman,elemental,74,43,31
Wilson,twisting-nether,1586,shaman,elemental,48,27,21
Ryhèn,stormscale,1586,shaman,elemental,54,30,24
Zðhan,azshara,1586,shaman,elemental,55,27,28
Гудлаик,soulflayer,1584,shaman,elemental,70,38,32
Ронхот,soulflayer,1584,shaman,elemental,60,22,38
Essneces,burning-legion,1583,shaman,elemental,42,23,19
Porthex,kazzak,1582,shaman,elemental,30,18,12
Kankxx,stormscale,1580,shaman,elemental,30,18,12
Chinozukems,sanguino,1576,shaman,elemental,78,40,38
Shibol,ravencrest,1575,shaman,elemental,61,29,32
Brugdar,tarren-mill,1574,shaman,elemental,30,22,8
Shammyammy,tarren-mill,1574,shaman,elemental,111,61,50
Mikecrybaby,tarren-mill,1573,shaman,elemental,42,20,22
Wlãdoo,archimonde,1572,shaman,elemental,26,18,8
Twiva,silvermoon,1572,shaman,elemental,76,45,31
Blízzilassø,malygos,1572,shaman,elemental,179,93,86
Ezala,blackhand,1569,shaman,elemental,84,44,40
Qwilfish,blackmoore,1566,shaman,elemental,65,34,31
Valunii,lordaeron,1566,shaman,elemental,279,136,143
Robofat,ravencrest,1564,shaman,elemental,36,21,15
Тессельхоф,howling-fjord,1564,shaman,elemental,46,23,23
Ласара,eversong,1563,shaman,elemental,54,25,29
Naorgot,uldaman,1563,shaman,elemental,138,61,77
Òoòoòoòoòoòo,silvermoon,1559,shaman,elemental,54,24,30
Harod,suramar,1558,shaman,elemental,72,37,35
Hapkin,defias-brotherhood,1558,shaman,elemental,54,27,27
Canjo,aegwynn,1557,shaman,elemental,69,36,33
Хэйзл,ashenvale,1554,shaman,elemental,110,60,50
Jímmy,frostwhisper,1548,shaman,elemental,54,34,20
Fattmorte,hyjal,1547,shaman,elemental,27,19,8
Waaghbozz,eredar,1547,shaman,elemental,66,38,28
Eleurii,burning-blade,1547,shaman,elemental,72,34,38
Rennji,argent-dawn,1545,shaman,elemental,125,63,62
Kristhebrave,twisting-nether,1544,shaman,elemental,72,35,37
Incredibade,stormscale,1542,shaman,elemental,36,20,16
Acces,stormscale,1541,shaman,elemental,36,23,13
Xorron,archimonde,1539,shaman,elemental,195,88,107
Ринфан,fordragon,1538,shaman,elemental,58,28,30
Batan,kazzak,1535,shaman,elemental,71,31,40
Grende,sylvanas,1534,shaman,elemental,69,37,32
Bzezz,archimonde,1534,shaman,elemental,30,16,14
Retuu,uldaman,1533,shaman,elemental,30,16,14
Akukuu,kazzak,1530,shaman,elemental,72,31,41
Lavabelly,twisting-nether,1526,shaman,elemental,78,31,47
Дестройбэйби,gordunni,1525,shaman,elemental,120,67,53
Manaphi,arthas,1524,shaman,elemental,36,17,19
Думсия,gordunni,1522,shaman,elemental,54,27,27
Zimtmann,teldrassil,1521,shaman,elemental,36,22,14
Végàs,ysondre,1517,shaman,elemental,48,19,29
Fúth,ysondre,1516,shaman,elemental,64,34,30
Waâagh,kirin-tor,1515,shaman,elemental,36,21,15
Plebzgodxkto,nemesis,1513,shaman,elemental,49,29,20
Zna,archimonde,1513,shaman,elemental,94,48,46
Minasa,saurfang,1513,shaman,elemental,54,20,34
Belsazar,frostwolf,1511,shaman,elemental,48,20,28
Милфшама,blackscar,1509,shaman,elemental,70,35,35
Тыщатристах,howling-fjord,1505,shaman,elemental,56,38,18
Deepdamp,blackrock,1502,shaman,elemental,22,17,5
Ulfax,argent-dawn,1496,shaman,elemental,76,35,41
Naturexz,silvermoon,1495,shaman,elemental,32,18,14
Zoomar,tarren-mill,1495,shaman,elemental,74,33,41
Voltyum,zuljin,1490,shaman,elemental,93,38,55
Magnetoe,ravencrest,1488,shaman,elemental,135,70,65
Thebomber,guldan,1488,shaman,elemental,48,17,31
Amanishama,twisting-nether,1482,shaman,elemental,90,51,39
Oldaang,ravencrest,1481,shaman,elemental,36,26,10
Aldonatello,blackrock,1481,shaman,elemental,138,77,61
Haasshaman,ravencrest,1480,shaman,elemental,121,50,71
Тмх,ashenvale,1479,shaman,elemental,106,55,51
Thazra,zirkel-des-cenarius,1478,shaman,elemental,47,24,23
Shaakez,kazzak,1476,shaman,elemental,35,17,18
Crysenshocks,blackrock,1475,shaman,elemental,72,35,37
Крушам,gordunni,1472,shaman,elemental,36,17,19
Superkee,kazzak,1469,shaman,elemental,233,129,104
Ralokar,blackrock,1465,shaman,elemental,48,25,23
Yang,der-rat-von-dalaran,1462,shaman,elemental,30,19,11
Smort,frostwolf,1462,shaman,elemental,36,17,19
Crazypop,outland,1461,shaman,elemental,30,17,13
Vulcainn,marécage-de-zangar,1460,shaman,elemental,105,68,37
Bigrambo,draenor,1460,shaman,elemental,41,20,21
Faeldar,sanguino,1459,shaman,elemental,42,19,23
Teccatwo,outland,1458,shaman,elemental,52,28,24
Гексанол,soulflayer,1457,shaman,elemental,58,30,28
Cracklord,outland,1456,shaman,elemental,42,23,19
Шамвкроксах,gordunni,1456,shaman,elemental,36,19,17
Grimtol,magtheridon,1455,shaman,elemental,47,20,27
Sniffix,ysondre,1454,shaman,elemental,147,71,76
Alwaysangry,silvermoon,1453,shaman,elemental,84,41,43
Ríleyx,twisting-nether,1451,shaman,elemental,89,57,32
Gorpdorp,ravencrest,1451,shaman,elemental,189,98,91
Makaria,emerald-dream,1448,shaman,elemental,65,23,42
Томёрк,gordunni,1446,shaman,elemental,130,61,69
Dawzed,hyjal,1443,shaman,elemental,36,21,15
Coñfrico,tarren-mill,1442,shaman,elemental,75,38,37
Lêmberger,eredar,1440,shaman,elemental,48,26,22
Lizoo,ravencrest,1439,shaman,elemental,18,15,3
Экслайнер,deathweaver,1439,shaman,elemental,65,28,37
Hemradi,blackmoore,1438,shaman,elemental,48,28,20
Flubberman,blackrock,1438,shaman,elemental,51,28,23
Scot,blackhand,1436,shaman,elemental,43,23,20
Newsham,draenor,1436,shaman,elemental,36,15,21
Luchø,drakthul,1435,shaman,elemental,24,15,9
Файербурст,soulflayer,1435,shaman,elemental,36,22,14
Thëtis,chogall,1434,shaman,elemental,28,16,12
Ædshearan,blackmoore,1434,shaman,elemental,60,30,30
Tukino,burning-legion,1433,shaman,elemental,24,15,9
Pieski,stormscale,1433,shaman,elemental,30,15,15
Ашьф,gordunni,1433,shaman,elemental,39,17,22
Anubisll,hyjal,1431,shaman,elemental,46,24,22
Rekhtar,burning-legion,1430,shaman,elemental,145,81,64
Skrbkic,tarren-mill,1429,shaman,elemental,91,48,43
Nolawii,ragnaros,1426,shaman,elemental,42,23,19
Aspên,archimonde,1426,shaman,elemental,30,15,15
Тагтар,howling-fjord,1426,shaman,elemental,45,19,26
Ulfuz,silvermoon,1425,shaman,elemental,34,18,16
Sgf,stormscale,1425,shaman,elemental,89,45,44
Aylar,zenedar,1424,shaman,elemental,24,15,9
Сепич,gordunni,1422,shaman,elemental,60,36,24
Tempest,kul-tiras,1421,shaman,elemental,51,31,20
Краоми,soulflayer,1420,shaman,elemental,36,23,13
Chøurøx,hyjal,1419,shaman,elemental,61,35,26
Alèks,forscherliga,1418,shaman,elemental,107,62,45
Лартисс,howling-fjord,1417,shaman,elemental,30,15,15
Shôcopan,los-errantes,1412,shaman,elemental,61,24,37
Zanyun,burning-legion,1411,shaman,elemental,44,17,27
Tvådje,silvermoon,1407,shaman,elemental,29,16,13
Gensehaut,aegwynn,1407,shaman,elemental,48,22,26
Xesti,twisting-nether,1405,shaman,elemental,105,54,51
Støya,archimonde,1400,shaman,elemental,48,18,30
Athul,theradras,1399,shaman,elemental,49,24,25
Ðãvê,veknilash,1399,shaman,elemental,42,17,25
Lafia,blackrock,1396,shaman,elemental,96,38,58
Elshifotrem,throkferoth,1394,shaman,elemental,76,43,33
Kimpa,minahonda,1393,shaman,elemental,78,44,34
Torouk,rashgarroth,1393,shaman,elemental,30,16,14
Lavastriker,archimonde,1393,shaman,elemental,83,44,39
Rharhahra,archimonde,1393,shaman,elemental,66,23,43
Apolomaeuz,frostwolf,1388,shaman,elemental,83,45,38
Couldar,stormscale,1386,shaman,elemental,48,26,22
Furrymane,blackmoore,1382,shaman,elemental,51,27,24
Urinja,outland,1380,shaman,elemental,54,30,24
Yezu,medivh,1380,shaman,elemental,66,32,34
Ludo,lothar,1377,shaman,elemental,40,25,15
Whome,aegwynn,1377,shaman,elemental,42,22,20
Клоуннашаме,gordunni,1376,shaman,elemental,30,18,12
Rohknar,ragnaros,1374,shaman,elemental,30,17,13
Carusø,thrall,1373,shaman,elemental,67,42,25
Lechirurgien,elune,1367,shaman,elemental,196,101,95
Девлиниум,fordragon,1365,shaman,elemental,30,17,13
Cleandann,stormscale,1365,shaman,elemental,39,16,23
Xhahal,hyjal,1364,shaman,elemental,30,21,9
Смоуктли,howling-fjord,1362,shaman,elemental,30,17,13
Teslasenpai,outland,1361,shaman,elemental,48,16,32
Sojee,ysondre,1356,shaman,elemental,48,21,27
Kirak,anetheron,1354,shaman,elemental,189,95,94
Elemefayo,outland,1353,shaman,elemental,60,29,31
Raigetsu,kazzak,1352,shaman,elemental,56,31,25
Sunraiser,blackmoore,1349,shaman,elemental,67,36,31
Руннольв,galakrond,1347,shaman,elemental,36,17,19
Blancc,kazzak,1346,shaman,elemental,84,47,37
Tâsty,blackmoore,1343,shaman,elemental,24,14,10
Volhalo,blackmoore,1343,shaman,elemental,24,14,10
Totemtilda,tarren-mill,1342,shaman,elemental,24,14,10
Bâllz,anetheron,1342,shaman,elemental,171,82,89
Херург,soulflayer,1342,shaman,elemental,30,14,16
Billybatman,argent-dawn,1341,shaman,elemental,18,14,4
Vladraxes,draenor,1341,shaman,elemental,36,22,14
Kraksham,ravencrest,1340,shaman,elemental,18,14,4
Iraterrørist,kazzak,1340,shaman,elemental,30,14,16
Electronova,magtheridon,1340,shaman,elemental,41,15,26
Флоррэт,gordunni,1338,shaman,elemental,126,57,69
Sshaasam,tarren-mill,1337,shaman,elemental,24,14,10
Альтегро,blackscar,1337,shaman,elemental,55,29,26
Fâro,dun-modr,1335,shaman,elemental,41,18,23
Ananasen,eonar,1333,shaman,elemental,42,23,19
Poosnortgodx,ravencrest,1331,shaman,elemental,24,14,10
Saqerr,kazzak,1330,shaman,elemental,53,20,33
Olawizard,draenor,1328,shaman,elemental,49,22,27
Champïx,archimonde,1328,shaman,elemental,81,34,47
Nerekiclej,ravencrest,1327,shaman,elemental,47,23,24
Voymir,kazzak,1323,shaman,elemental,24,15,9
Alfang,turalyon,1320,shaman,elemental,93,42,51
Healocalypse,azuremyst,1319,shaman,elemental,24,14,10
Thordes,forscherliga,1318,shaman,elemental,36,14,22
Талиесин,grom,1317,shaman,elemental,32,19,13
Novka,eredar,1317,shaman,elemental,53,23,30
Navyblue,sylvanas,1311,shaman,elemental,30,14,16
Doneteasy,blackrock,1310,shaman,elemental,52,24,28
Сосмыслом,howling-fjord,1310,shaman,elemental,48,20,28
Pakwa,drakthul,1306,shaman,elemental,34,15,19
Djent,outland,1304,shaman,elemental,36,17,19
Klicken,tarren-mill,1302,shaman,elemental,23,14,9
Screwz,archimonde,1302,shaman,elemental,97,46,51
Dropdattotem,stormscale,1292,shaman,elemental,54,23,31
Griins,ravencrest,1289,shaman,elemental,36,20,16
Peaksh,stormscale,1287,shaman,elemental,36,16,20
Hatyatya,ragnaros,1284,shaman,elemental,30,16,14
Snusyy,ravencrest,1279,shaman,elemental,26,14,12
Xfiles,garona,1278,shaman,elemental,48,24,24
Tiqle,blackmoore,1277,shaman,elemental,65,31,34
Thorsteinar,kazzak,1273,shaman,elemental,23,14,9
Крто,thermaplugg,1273,shaman,elemental,185,97,88
Tiji,eredar,1271,shaman,elemental,28,16,12
Destructør,norgannon,1270,shaman,elemental,54,26,28
Леланай,blackscar,1270,shaman,elemental,32,15,17
Ankzul,exodar,1264,shaman,elemental,73,29,44
Zbysiu,ravencrest,1258,shaman,elemental,51,28,23
Élémentyum,archimonde,1258,shaman,elemental,66,28,38
Leash,blackmoore,1257,shaman,elemental,30,14,16
Zapper,blackrock,1256,shaman,elemental,36,15,21
Цет,soulflayer,1255,shaman,elemental,23,15,8
Mynutz,outland,1255,shaman,elemental,54,18,36
Noyá,argent-dawn,1252,shaman,elemental,57,27,30
Ehlaina,outland,1248,shaman,elemental,18,13,5
Blackyx,dun-modr,1247,shaman,elemental,18,13,5
Сарцек,howling-fjord,1247,shaman,elemental,60,35,25
Bloodseeker,tarren-mill,1247,shaman,elemental,24,13,11
Plazmorc,stormscale,1247,shaman,elemental,24,13,11
Suntaria,stormscale,1247,shaman,elemental,24,13,11
Blush,blackhand,1247,shaman,elemental,33,14,19
Rolftheswine,defias-brotherhood,1246,shaman,elemental,18,13,5
Kelvok,silvermoon,1246,shaman,elemental,24,13,11
Xiomora,argent-dawn,1246,shaman,elemental,27,14,13
Quizx,blackrock,1245,shaman,elemental,60,25,35
Fullavaids,grim-batol,1243,shaman,elemental,24,13,11
Djogg,sunstrider,1241,shaman,elemental,30,13,17
Pomegranate,arthas,1241,shaman,elemental,30,13,17
Reburdacoxis,sanguino,1240,shaman,elemental,24,13,11
Maggoshishi,blackmoore,1240,shaman,elemental,140,72,68
Dumpaman,frostmane,1239,shaman,elemental,24,13,11
Gagné,hyjal,1239,shaman,elemental,24,13,11
Maino,archimonde,1238,shaman,elemental,60,32,28
Pawsh,dun-modr,1238,shaman,elemental,51,24,27
Makgoa,ysondre,1237,shaman,elemental,18,13,5
Kønat,blackmoore,1236,shaman,elemental,30,13,17
Лукаджун,howling-fjord,1231,shaman,elemental,18,13,5
Zëngä,outland,1231,shaman,elemental,24,13,11
Screwd,defias-brotherhood,1230,shaman,elemental,30,15,15
Shellex,kazzak,1229,shaman,elemental,95,53,42
Denadrios,blackhand,1228,shaman,elemental,82,34,48
Zalitz,sanguino,1227,shaman,elemental,42,22,20
Smooz,silvermoon,1226,shaman,elemental,24,13,11
Бумбумпаузр,borean-tundra,1226,shaman,elemental,42,13,29
Kungfuali,antonidas,1224,shaman,elemental,46,19,27
Bigheal,quelthalas,1222,shaman,elemental,30,13,17
Magath,nethersturm,1221,shaman,elemental,42,21,21
Shamíz,draenor,1219,shaman,elemental,36,21,15
Waterboi,blackmoore,1219,shaman,elemental,24,13,11
Rakzhaza,blackmoore,1219,shaman,elemental,66,28,38
Jumbototem,tarren-mill,1216,shaman,elemental,48,29,19
Эфирад,blackscar,1216,shaman,elemental,169,84,85
Foxxyluv,stormscale,1215,shaman,elemental,20,14,6
Tiamât,culte-de-la-rive-noire,1215,shaman,elemental,66,34,32
Kronoxd,tarren-mill,1214,shaman,elemental,29,13,16
Ххенеси,soulflayer,1213,shaman,elemental,36,16,20
Tehpielover,bladefist,1211,shaman,elemental,28,15,13
Меменосный,gordunni,1211,shaman,elemental,42,20,22
Saarroo,ravencrest,1210,shaman,elemental,48,22,26
Hairypotter,rajaxx,1209,shaman,elemental,27,14,13
Skeiilz,hyjal,1208,shaman,elemental,36,13,23
Roxìe,blackmoore,1207,shaman,elemental,18,13,5
Vajinga,aerie-peak,1203,shaman,elemental,30,15,15
Bigboisham,outland,1202,shaman,elemental,65,28,37
Charliiejoh,stormscale,1196,shaman,elemental,101,46,55
Pvpshaman,aszune,1195,shaman,elemental,29,13,16
Märthalouise,twisting-nether,1191,shaman,elemental,29,15,14
Valdera,dun-morogh,1189,shaman,elemental,24,14,10
Chispa,darkmoon-faire,1187,shaman,elemental,23,13,10
Sniffa,ysondre,1187,shaman,elemental,42,20,22
Motorbreath,silvermoon,1186,shaman,elemental,60,22,38
Mòra,silvermoon,1184,shaman,elemental,74,35,39
Boiblaster,argent-dawn,1182,shaman,elemental,17,13,4
Формацепт,ashenvale,1182,shaman,elemental,39,16,23
Zerodown,outland,1181,shaman,elemental,84,38,46
Scurvy,malganis,1179,shaman,elemental,128,66,62
Amarök,nerzhul,1177,shaman,elemental,65,30,35
Blackmuamba,tarren-mill,1173,shaman,elemental,120,60,60
Szvapotluk,ravencrest,1173,shaman,elemental,30,14,16
Nabo,archimonde,1173,shaman,elemental,32,13,19
Aslakki,turalyon,1169,shaman,elemental,65,27,38
Bangou,archimonde,1167,shaman,elemental,95,46,49
Zhinjo,kazzak,1166,shaman,elemental,36,19,17
Фистинктотем,soulflayer,1162,shaman,elemental,35,16,19
Амброски,gordunni,1161,shaman,elemental,42,28,14
Велгур,soulflayer,1161,shaman,elemental,50,23,27
Dwarfracial,blackrock,1152,shaman,elemental,18,12,6
Azmerloth,outland,1152,shaman,elemental,18,12,6
Leavemeàlone,ysondre,1151,shaman,elemental,12,12,0
Дудивтф,soulflayer,1151,shaman,elemental,24,12,12
Neverplayele,kazzak,1151,shaman,elemental,24,12,12
Mélb,eredar,1151,shaman,elemental,30,13,17
Nobrac,rajaxx,1150,shaman,elemental,24,12,12
Stromdi,azshara,1149,shaman,elemental,22,13,9
Haarold,sylvanas,1149,shaman,elemental,24,12,12
Goromar,kirin-tor,1148,shaman,elemental,115,53,62
Justweirdaf,blackmoore,1148,shaman,elemental,45,20,25
Eðualc,hyjal,1147,shaman,elemental,18,12,6
Legended,tarren-mill,1147,shaman,elemental,24,12,12
Beefnale,bladefist,1147,shaman,elemental,42,14,28
Утебяпожар,blackscar,1147,shaman,elemental,36,12,24
Eustodia,minahonda,1146,shaman,elemental,18,14,4
Дзод,deathweaver,1146,shaman,elemental,24,12,12
Kabà,aegwynn,1143,shaman,elemental,19,14,5
Дваллинн,gordunni,1142,shaman,elemental,30,12,18
Unding,azshara,1138,shaman,elemental,42,12,30
Boxo,frostwolf,1137,shaman,elemental,70,38,32
Bahuq,antonidas,1134,shaman,elemental,18,12,6
Kapplos,gorgonnash,1134,shaman,elemental,29,12,17
Umbraverfaa,twisting-nether,1130,shaman,elemental,18,12,6
Дрекрош,howling-fjord,1126,shaman,elemental,103,45,58
Shamanns,lordaeron,1124,shaman,elemental,102,37,65
Zham,kul-tiras,1124,shaman,elemental,36,12,24
Bowtenstorm,ravencrest,1120,shaman,elemental,25,16,9
Ironbuttrfly,magtheridon,1120,shaman,elemental,24,12,12
Homesickx,blackrock,1109,shaman,elemental,23,12,11
Gnark,dun-modr,1105,shaman,elemental,59,32,27
Jagblade,neptulon,1097,shaman,elemental,58,29,29
Бвансамдив,gordunni,1097,shaman,elemental,66,30,36
Шоу,gordunni,1097,shaman,elemental,33,13,20
Onlyfansmod,uldum,1096,shaman,elemental,69,28,41
Mohàwk,eredar,1093,shaman,elemental,54,25,29
Озверею,goldrinn,1090,shaman,elemental,24,14,10
Kneggebrot,blackmoore,1090,shaman,elemental,27,13,14
Earthvixenz,ravencrest,1089,shaman,elemental,29,18,11
Grommalgue,hyjal,1089,shaman,elemental,40,19,21
Dando,silvermoon,1085,shaman,elemental,30,12,18
Dëlkö,ravencrest,1078,shaman,elemental,119,54,65
Pedrototem,silvermoon,1071,shaman,elemental,30,19,11
Гленкуллен,blackscar,1069,shaman,elemental,54,25,29
Lavalampa,magtheridon,1067,shaman,elemental,30,18,12
Fàkecast,outland,1064,shaman,elemental,34,12,22
Procdaddy,eredar,1063,shaman,elemental,56,15,41
Thunderrbob,darkspear,1059,shaman,elemental,24,14,10
Trixxsham,twisting-nether,1056,shaman,elemental,18,11,7
Tornado,ravencrest,1056,shaman,elemental,18,11,7
Garythos,drakthul,1056,shaman,elemental,18,11,7
Øwlïshâm,archimonde,1056,shaman,elemental,18,11,7
Блокбастзр,gordunni,1056,shaman,elemental,18,11,7
Dòrfy,silvermoon,1056,shaman,elemental,18,11,7
Chirmani,blackrock,1055,shaman,elemental,12,11,1
Mehboul,hyjal,1055,shaman,elemental,24,11,13
Furthehorde,frostmane,1054,shaman,elemental,18,11,7
Zënga,kazzak,1053,shaman,elemental,18,11,7
Yraxara,draenor,1053,shaman,elemental,18,11,7
Èrò,blackhand,1053,shaman,elemental,24,11,13
Elkyrie,alakir,1052,shaman,elemental,24,11,13
Trastamar,dun-modr,1051,shaman,elemental,18,11,7
Whizjy,sanguino,1051,shaman,elemental,18,11,7
Totemkahmun,kazzak,1051,shaman,elemental,24,11,13
Chrached,kargath,1051,shaman,elemental,24,11,13
Louler,ragnaros,1049,shaman,elemental,24,11,13
Kylas,die-ewige-wacht,1047,shaman,elemental,18,11,7
Hugzy,argent-dawn,1046,shaman,elemental,53,31,22
Эртирон,howling-fjord,1044,shaman,elemental,24,11,13
Tpainx,kazzak,1043,shaman,elemental,24,11,13
Djbruggìe,bloodhoof,1043,shaman,elemental,30,11,19
Totempoo,the-maelstrom,1041,shaman,elemental,18,11,7
Loserlol,das-syndikat,1041,shaman,elemental,59,29,30
Rhastafarian,stormscale,1037,shaman,elemental,24,11,13
Thrallotido,sanguino,1037,shaman,elemental,36,11,25
Laquium,blackmoore,1032,shaman,elemental,37,15,22
Oddsocks,stormscale,1032,shaman,elemental,61,21,40
Dðt,stormscale,1031,shaman,elemental,95,42,53
Ormanthep,hyjal,1029,shaman,elemental,18,11,7
Flochy,argent-dawn,1027,shaman,elemental,53,31,22
Zjindi,shattered-hand,1027,shaman,elemental,24,11,13
Avarela,argent-dawn,1023,shaman,elemental,42,12,30
Thunderstryk,sylvanas,1021,shaman,elemental,60,30,30
Bluéshirtguy,blackhand,1016,shaman,elemental,54,26,28
Treizelol,ysondre,1014,shaman,elemental,24,11,13
Ximid,doomhammer,1008,shaman,elemental,170,85,85
Nehehehehehe,drakthul,1007,shaman,elemental,21,11,10
Azovprime,terokkar,1007,shaman,elemental,24,11,13
Магмарончик,gordunni,1005,shaman,elemental,66,23,43
Demelena,silvermoon,1003,shaman,elemental,18,11,7
Aesstras,hyjal,1003,shaman,elemental,21,12,9
Ragnadim,silvermoon,1003,shaman,elemental,30,11,19
Mecct,ravencrest,984,shaman,elemental,28,11,17
Kobeye,thrall,982,shaman,elemental,58,31,27
Thatamazing,korgall,979,shaman,elemental,32,15,17
Pararrayøs,sanguino,975,shaman,elemental,29,11,18
Lavadrak,eredar,960,shaman,elemental,12,10,2
Roskan,archimonde,960,shaman,elemental,18,10,8
Strór,twisting-nether,960,shaman,elemental,18,10,8
Elemayó,tarren-mill,960,shaman,elemental,18,10,8
Iddoz,outland,960,shaman,elemental,18,10,8
Sgroppino,stormscale,960,shaman,elemental,18,10,8
Theodorix,silvermoon,960,shaman,elemental,24,10,14
Dshaman,aegwynn,960,shaman,elemental,24,10,14
Biccon,silvermoon,959,shaman,elemental,18,10,8
Thundergødx,nemesis,959,shaman,elemental,24,10,14
Blover,drakthul,958,shaman,elemental,12,10,2
Rokils,silvermoon,958,shaman,elemental,18,10,8
Naathir,magtheridon,958,shaman,elemental,18,10,8
Rockstéady,outland,958,shaman,elemental,18,10,8
Raïgo,hyjal,957,shaman,elemental,18,10,8
Jazzrod,stormscale,957,shaman,elemental,24,10,14
Atuaßëlha,grim-batol,957,shaman,elemental,24,10,14
Elevlach,drakthul,957,shaman,elemental,30,10,20
Гидрокорыто,gordunni,956,shaman,elemental,18,10,8
Drahka,kazzak,955,shaman,elemental,24,10,14
Klunkespiser,stormscale,955,shaman,elemental,30,10,20
Hardsmoker,antonidas,952,shaman,elemental,30,10,20
Unangemessen,silvermoon,951,shaman,elemental,18,10,8
Джанндис,booty-bay,951,shaman,elemental,24,10,14
Chilliajin,tarren-mill,950,shaman,elemental,24,10,14
Babathar,ysondre,949,shaman,elemental,24,10,14
Блэкмаршал,howling-fjord,948,shaman,elemental,30,10,20
Камам,gordunni,947,shaman,elemental,30,10,20
Lukyjos,drakthul,946,shaman,elemental,18,10,8
Nïà,kaelthas,946,shaman,elemental,56,20,36
Шейпан,gordunni,940,shaman,elemental,42,20,22
Óõ,dun-modr,938,shaman,elemental,18,10,8
Smorcxx,kazzak,934,shaman,elemental,30,10,20
Orishimaru,blackrock,932,shaman,elemental,23,10,13
Kiirø,ysondre,929,shaman,elemental,18,10,8
Kortgat,kilrogg,924,shaman,elemental,48,23,25
Федосик,galakrond,922,shaman,elemental,36,15,21
Monstermunch,ravencrest,903,shaman,elemental,34,11,23
ßaraky,kazzak,864,shaman,elemental,12,9,3
Captaînhuge,dunemaul,864,shaman,elemental,12,9,3
Zeúz,the-maelstrom,864,shaman,elemental,12,9,3
Jeelypink,dalaran,864,shaman,elemental,12,9,3
Lighttfeet,hyjal,864,shaman,elemental,12,9,3
Kwanah,kaelthas,864,shaman,elemental,18,9,9
Elvalya,archimonde,864,shaman,elemental,18,9,9
Nitronigi,malganis,864,shaman,elemental,24,9,15
Buzz,stormscale,864,shaman,elemental,24,9,15
Terobux,culte-de-la-rive-noire,864,shaman,elemental,24,9,15
Krahg,garona,863,shaman,elemental,16,10,6
Terranator,sanguino,863,shaman,elemental,18,9,9
Штрайхен,blackscar,863,shaman,elemental,18,9,9
Luzzilol,garrosh,863,shaman,elemental,18,9,9
Dûmah,sanguino,863,shaman,elemental,25,10,15
Тайорн,howling-fjord,863,shaman,elemental,24,9,15
Pvegame,tarren-mill,863,shaman,elemental,24,9,15
Рэйвантотем,soulflayer,862,shaman,elemental,18,9,9
Gomoth,kazzak,862,shaman,elemental,18,9,9
Shkook,archimonde,862,shaman,elemental,24,9,15
Bunnz,kazzak,861,shaman,elemental,12,9,3
Cloudborne,draenor,861,shaman,elemental,18,9,9
Скиц,gordunni,861,shaman,elemental,18,9,9
Drækthør,thrall,860,shaman,elemental,19,11,8
Brassefrasse,shattered-hand,860,shaman,elemental,18,9,9
Штормбайт,azuregos,858,shaman,elemental,12,9,3
Naix,silvermoon,858,shaman,elemental,24,9,15
Asiorr,silvermoon,843,shaman,elemental,23,9,14
Бронзород,grom,840,shaman,elemental,12,9,3
Slk,blackrock,839,shaman,elemental,18,9,9
Mimbar,thunderhorn,835,shaman,elemental,18,9,9
Незнаком,booty-bay,811,shaman,elemental,30,12,18
Lavaburstx,antonidas,810,shaman,elemental,28,10,18
Holdafstand,tarren-mill,798,shaman,elemental,14,9,5
Poppelo,silvermoon,795,shaman,elemental,20,9,11
Pappashaman,tarren-mill,768,shaman,elemental,10,9,1
Palpazerr,archimonde,768,shaman,elemental,12,8,4
Gødsplan,tarren-mill,768,shaman,elemental,12,8,4
Vygak,tarren-mill,768,shaman,elemental,12,8,4
Grapefruit,blackmoore,768,shaman,elemental,12,8,4
Jåime,ravencrest,768,shaman,elemental,12,8,4
Rokils,tarren-mill,768,shaman,elemental,12,8,4
Atiix,eredar,768,shaman,elemental,12,8,4
Bumblebetuna,stormscale,768,shaman,elemental,12,8,4
Visboer,stormscale,768,shaman,elemental,12,8,4
Stoîc,stormscale,768,shaman,elemental,12,8,4
Macroburst,archimonde,768,shaman,elemental,12,8,4
Flam,outland,768,shaman,elemental,12,8,4
Gravépàct,blackrock,768,shaman,elemental,18,8,10
Totemly,alakir,768,shaman,elemental,18,8,10
Exereon,ravencrest,768,shaman,elemental,18,8,10
Nerdshockz,blackhand,768,shaman,elemental,18,8,10
Windspêaker,outland,768,shaman,elemental,18,8,10
Breezzkingg,twisting-nether,768,shaman,elemental,18,8,10
Lathisi,zenedar,768,shaman,elemental,19,8,11
Clickerboy,ravencrest,768,shaman,elemental,24,8,16
Thorunir,sylvanas,768,shaman,elemental,24,8,16
Bourdieu,thrall,767,shaman,elemental,12,8,4
Hobblefoot,stormscale,767,shaman,elemental,12,8,4
Minimalist,stormscale,767,shaman,elemental,12,8,4
Beven,stormscale,767,shaman,elemental,18,8,10
Sinirli,ravencrest,767,shaman,elemental,18,8,10
Freizeitler,antonidas,767,shaman,elemental,18,8,10
Stonetone,silvermoon,767,shaman,elemental,18,8,10
Renegad,archimonde,767,shaman,elemental,24,8,16
Lavaz,blackmoore,767,shaman,elemental,35,8,27
Gaerth,aggramar,766,shaman,elemental,12,8,4
Forrak,argent-dawn,766,shaman,elemental,18,8,10
Jólla,twisting-nether,766,shaman,elemental,18,8,10
Grambozz,blackrock,765,shaman,elemental,12,8,4
Runetera,ravencrest,765,shaman,elemental,12,8,4
Parthon,ravencrest,765,shaman,elemental,12,8,4
Strife,argent-dawn,765,shaman,elemental,18,8,10
Hexlettin,twisting-nether,763,shaman,elemental,18,8,10
Fûchsí,blackhand,761,shaman,elemental,12,8,4
Itsnasty,blackmoore,753,shaman,elemental,18,8,10
Arabesk,arygos,748,shaman,elemental,23,8,15
Соленый,booty-bay,744,shaman,elemental,110,45,65
Ztraz,blackhand,735,shaman,elemental,14,9,5
Kíá,silvermoon,734,shaman,elemental,24,8,16
Könsneutral,tarren-mill,719,shaman,elemental,17,8,9
Encourager,daggerspine,710,shaman,elemental,18,8,10
Wacomtablet,kazzak,703,shaman,elemental,11,8,3
Baschúrr,blackrock,702,shaman,elemental,17,9,8
Stoned,sporeggar,699,shaman,elemental,23,8,15
Шиока,borean-tundra,685,shaman,elemental,13,9,4
Guccifootjob,defias-brotherhood,672,shaman,elemental,12,7,5
Preciousxo,auchindoun,672,shaman,elemental,12,7,5
Slit,quelthalas,672,shaman,elemental,12,7,5
Экспатриот,greymane,672,shaman,elemental,12,7,5
Madeej,burning-legion,672,shaman,elemental,12,7,5
Eneru,nemesis,672,shaman,elemental,12,7,5
Rokils,ravencrest,672,shaman,elemental,12,7,5
Bonsaigodx,twisting-nether,672,shaman,elemental,12,7,5
Thunderman,the-maelstrom,672,shaman,elemental,12,7,5
Robcurly,blackmoore,672,shaman,elemental,12,7,5
Kæde,dun-morogh,672,shaman,elemental,12,7,5
Jehae,archimonde,672,shaman,elemental,12,7,5
Гарбаджи,galakrond,672,shaman,elemental,12,7,5
Shamandoino,wildhammer,672,shaman,elemental,12,7,5
Wamah,sargeras,672,shaman,elemental,12,7,5
Labûche,chogall,672,shaman,elemental,12,7,5
Cuddleball,moonglade,672,shaman,elemental,12,7,5
Dynamodanny,blackmoore,672,shaman,elemental,12,7,5
Isvk,ravencrest,672,shaman,elemental,12,7,5
Bosslikex,ravencrest,672,shaman,elemental,12,7,5
Hekzen,tarren-mill,672,shaman,elemental,12,7,5
Kiirín,drakthul,672,shaman,elemental,12,7,5
Wulkanus,drakthul,672,shaman,elemental,12,7,5
Glibbins,sylvanas,672,shaman,elemental,12,7,5
Bigblué,tarren-mill,672,shaman,elemental,12,7,5
Koífish,ravencrest,672,shaman,elemental,12,7,5
Bhargonen,silvermoon,672,shaman,elemental,12,7,5
Шамвкроксах,howling-fjord,672,shaman,elemental,12,7,5
Dócshock,blackmoore,672,shaman,elemental,12,7,5
Shammehboi,auchindoun,672,shaman,elemental,15,8,7
Paidactor,kazzak,672,shaman,elemental,18,7,11
Velkin,thrall,672,shaman,elemental,18,7,11
Турелька,blackscar,672,shaman,elemental,18,7,11
Rexonaone,silvermoon,672,shaman,elemental,18,7,11
Боузета,soulflayer,672,shaman,elemental,18,7,11
Caro,tarren-mill,672,shaman,elemental,18,7,11
Reäz,archimonde,672,shaman,elemental,18,7,11
Blakelivelyx,blackrock,672,shaman,elemental,18,7,11
Endry,elune,672,shaman,elemental,18,7,11
Феномх,deathguard,671,shaman,elemental,12,7,5
Ruvxy,twisting-nether,671,shaman,elemental,12,7,5
Pandamoniumm,moonglade,671,shaman,elemental,12,7,5
Schockbunny,blackrock,671,shaman,elemental,18,7,11
Dogfrog,silvermoon,671,shaman,elemental,18,7,11
Maruno,stormscale,671,shaman,elemental,18,7,11
Practicetwo,argent-dawn,671,shaman,elemental,18,7,11
Lethal,darksorrow,671,shaman,elemental,18,7,11
Саг,gordunni,671,shaman,elemental,18,7,11
Konodíoda,nemesis,671,shaman,elemental,24,7,17
Рокутаро,gordunni,670,shaman,elemental,12,7,5
Hboni,chamber-of-aspects,670,shaman,elemental,18,7,11
Raoult,ravencrest,670,shaman,elemental,18,7,11
Layonne,ysondre,670,shaman,elemental,18,7,11
Fosterzz,ravencrest,668,shaman,elemental,21,8,13
Coton,grim-batol,667,shaman,elemental,12,7,5
Eratore,xavius,666,shaman,elemental,18,7,11
Sevk,ravencrest,665,shaman,elemental,12,7,5
Zarakuda,magtheridon,663,shaman,elemental,34,9,25
Aljorf,dun-modr,662,shaman,elemental,12,7,5
Watson,conseil-des-ombres,660,shaman,elemental,18,7,11
Takkenuma,hyjal,640,shaman,elemental,22,7,15
Stormseven,emeriss,639,shaman,elemental,17,7,10
Blyátmán,twisting-nether,638,shaman,elemental,14,8,6
Yalac,archimonde,637,shaman,elemental,14,8,6
Kbds,outland,623,shaman,elemental,17,7,10
Вудвин,soulflayer,621,shaman,elemental,26,7,19
Easyplay,kazzak,607,shaman,elemental,14,7,7
Wurstblinker,ravencrest,606,shaman,elemental,11,7,4
Elfenomeno,archimonde,576,shaman,elemental,6,6,0
Lavelover,tarren-mill,576,shaman,elemental,6,6,0
Zimoneris,blackmoore,576,shaman,elemental,6,6,0
Ugáa,malganis,576,shaman,elemental,12,6,6
Есю,howling-fjord,576,shaman,elemental,12,6,6
Localicious,ragnaros,576,shaman,elemental,12,6,6
Näis,hyjal,576,shaman,elemental,12,6,6
Лучшийшаман,soulflayer,576,shaman,elemental,12,6,6
Fholst,draenor,576,shaman,elemental,12,6,6
Дагод,booty-bay,576,shaman,elemental,12,6,6
Kärdyo,archimonde,576,shaman,elemental,12,6,6
Шлолка,gordunni,576,shaman,elemental,12,6,6
Muertin,tarren-mill,576,shaman,elemental,12,6,6
Eddiemorphin,kazzak,576,shaman,elemental,12,6,6
Yzeldan,hyjal,576,shaman,elemental,12,6,6
Реалайзер,blackscar,576,shaman,elemental,12,6,6
Gàtsby,archimonde,576,shaman,elemental,12,6,6
Windfúhrèr,tarren-mill,576,shaman,elemental,12,6,6
Shayal,defias-brotherhood,576,shaman,elemental,12,6,6
Simppe,stormreaver,576,shaman,elemental,12,6,6
Shamanirl,tarren-mill,576,shaman,elemental,12,6,6
Веег,deathweaver,576,shaman,elemental,12,6,6
Vix,argent-dawn,576,shaman,elemental,12,6,6
Jíkkz,aegwynn,576,shaman,elemental,12,6,6
Linshock,tarren-mill,576,shaman,elemental,12,6,6
Mûhzala,blackmoore,576,shaman,elemental,18,6,12
Хыйь,howling-fjord,576,shaman,elemental,18,6,12
Inyra,eredar,576,shaman,elemental,18,6,12
Elchivo,blackrock,576,shaman,elemental,18,6,12
Chenoyaa,blackrock,576,shaman,elemental,18,6,12
Äijä,chromaggus,576,shaman,elemental,24,6,18
Krakatoa,dunemaul,576,shaman,elemental,24,6,18
Helloitsmee,thrall,575,shaman,elemental,12,6,6
Syndia,das-konsortium,575,shaman,elemental,12,6,6
Dobär,madmortem,575,shaman,elemental,12,6,6
Бурехлест,howling-fjord,575,shaman,elemental,12,6,6
Shlby,blackrock,575,shaman,elemental,12,6,6
Tholdrin,outland,575,shaman,elemental,12,6,6
Beastee,blackmoore,575,shaman,elemental,12,6,6
Lampard,magtheridon,575,shaman,elemental,17,6,11
Derblitz,baelgun,574,shaman,elemental,12,6,6
Zuman,the-maelstrom,573,shaman,elemental,12,6,6
Fimir,archimonde,573,shaman,elemental,12,6,6
Louisvgaal,kazzak,572,shaman,elemental,12,6,6
Shachira,silvermoon,571,shaman,elemental,12,6,6
Attm,twisting-nether,570,shaman,elemental,20,10,10
Disharmony,outland,554,shaman,elemental,17,8,9
Isheartears,outland,543,shaman,elemental,11,6,5
Trosy,burning-blade,540,shaman,elemental,14,7,7
Saintlyjin,kult-der-verdammten,527,shaman,elemental,11,6,5
Rezervoir,bladefist,522,shaman,elemental,15,9,6
Turbokrapka,tarren-mill,522,shaman,elemental,17,8,9
Obêlixx,blackmoore,511,shaman,elemental,14,6,8
Highfaî,tarren-mill,480,shaman,elemental,6,5,1
Hexina,ragnaros,480,shaman,elemental,6,5,1
Тандерхх,howling-fjord,480,shaman,elemental,6,5,1
Autopanne,draenor,480,shaman,elemental,6,5,1
Bumstead,ragnaros,480,shaman,elemental,6,5,1
Shaggé,tarren-mill,480,shaman,elemental,6,5,1
Squixi,tarren-mill,480,shaman,elemental,6,5,1
Zujaz,stormscale,480,shaman,elemental,6,5,1
Plsdontpress,stormscale,480,shaman,elemental,6,5,1
Fahrlos,eredar,480,shaman,elemental,6,5,1
Jarreau,turalyon,480,shaman,elemental,6,5,1
Ggnore,kazzak,480,shaman,elemental,6,5,1
Phobiatics,thrall,480,shaman,elemental,6,5,1
Efdemin,blackmoore,480,shaman,elemental,6,5,1
Rhonix,blackmoore,480,shaman,elemental,6,5,1
Twists,sylvanas,480,shaman,elemental,6,5,1
Elemane,kazzak,480,shaman,elemental,6,5,1
Silverpanne,silvermoon,480,shaman,elemental,6,5,1
Izosha,hyjal,480,shaman,elemental,6,5,1
Shambulançe,silvermoon,480,shaman,elemental,6,5,1
Lovelyshaman,silvermoon,480,shaman,elemental,7,5,2
Pianoforte,stormscale,480,shaman,elemental,10,6,4
Rykarn,eredar,480,shaman,elemental,12,5,7
Синнити,blackscar,480,shaman,elemental,12,5,7
Cptcutíe,antonidas,480,shaman,elemental,12,5,7
Smashsmash,the-maelstrom,480,shaman,elemental,12,5,7
Youngnastyx,blackrock,480,shaman,elemental,12,5,7
Наладчик,gordunni,480,shaman,elemental,12,5,7
Shamanisme,twisting-nether,480,shaman,elemental,12,5,7
Харно,gordunni,480,shaman,elemental,12,5,7
Noru,ravencrest,480,shaman,elemental,12,5,7
Stòrm,ravencrest,480,shaman,elemental,12,5,7
Maddskull,argent-dawn,480,shaman,elemental,12,5,7
Wûcs,silvermoon,480,shaman,elemental,12,5,7
Oprawinfury,ravencrest,480,shaman,elemental,12,5,7
Téwa,hyjal,480,shaman,elemental,12,5,7
Skullføck,argent-dawn,480,shaman,elemental,12,5,7
Sykx,hyjal,480,shaman,elemental,12,5,7
Cloovster,magtheridon,480,shaman,elemental,12,5,7
Swapxy,outland,480,shaman,elemental,12,5,7
Thàrin,archimonde,480,shaman,elemental,12,5,7
Greur,twisting-nether,480,shaman,elemental,12,5,7
Bldyhatesyou,blackmoore,480,shaman,elemental,12,5,7
Raaborio,blackmoore,480,shaman,elemental,12,5,7
Havoc,boulderfist,480,shaman,elemental,12,5,7
Arigato,eonar,480,shaman,elemental,12,5,7
Neystee,archimonde,480,shaman,elemental,12,5,7
Flaskmus,haomarush,480,shaman,elemental,12,5,7
Shockleted,stormscale,480,shaman,elemental,12,5,7
Amcin,stormreaver,480,shaman,elemental,12,5,7
Lindemánn,blackhand,480,shaman,elemental,12,5,7
Dregú,draenor,480,shaman,elemental,12,5,7
Shamwowpow,stormscale,480,shaman,elemental,12,5,7
Loshohealva,stormscale,480,shaman,elemental,12,5,7
Azariasz,twisting-nether,480,shaman,elemental,12,5,7
Bahane,frostwolf,480,shaman,elemental,15,6,9
Talg,defias-brotherhood,480,shaman,elemental,15,5,10
Квелси,gordunni,480,shaman,elemental,18,5,13
Nagyrakéta,ragnaros,480,shaman,elemental,18,5,13
Magmamartin,antonidas,480,shaman,elemental,18,5,13
Apád,ragnaros,479,shaman,elemental,12,5,7
Taboune,illidan,479,shaman,elemental,12,5,7
Burnprof,nethersturm,479,shaman,elemental,12,5,7
Фурэн,soulflayer,479,shaman,elemental,12,5,7
Albedøo,ragnaros,479,shaman,elemental,18,5,13
Zaappyboii,azjolnerub,479,shaman,elemental,20,5,15
Sinwithin,ravencrest,478,shaman,elemental,12,5,7
Rayitoss,tyrande,456,shaman,elemental,18,7,11
Yukîmøn,hyjal,447,shaman,elemental,8,6,2
Skengshammy,ragnaros,446,shaman,elemental,11,5,6
Charth,ravencrest,428,shaman,elemental,9,5,4
Envergur,eitrigg,417,shaman,elemental,13,6,7
Zakuun,kazzak,415,shaman,elemental,14,5,9
Bèx,twisting-nether,400,shaman,elemental,13,5,8
Blùé,tarren-mill,399,shaman,elemental,5,5,0
Shafallen,tarren-mill,384,shaman,elemental,6,4,2
Zippidizap,ulduar,384,shaman,elemental,6,4,2
Myngo,thrall,384,shaman,elemental,6,4,2
Jacc,sunstrider,384,shaman,elemental,6,4,2
Bkdgoodz,aegwynn,384,shaman,elemental,6,4,2
Sebubu,twisting-nether,384,shaman,elemental,6,4,2
Pvpmax,blackhand,384,shaman,elemental,6,4,2
Rahuna,darksorrow,384,shaman,elemental,6,4,2
Schamîx,blackrock,384,shaman,elemental,6,4,2
Bobobygunz,stormscale,384,shaman,elemental,6,4,2
Xatis,aegwynn,384,shaman,elemental,6,4,2
Teckan,tarren-mill,384,shaman,elemental,6,4,2
Yacuzwerg,blackrock,384,shaman,elemental,6,4,2
Alëxx,hyjal,384,shaman,elemental,6,4,2
Chocshock,tarren-mill,384,shaman,elemental,6,4,2
Tonifo,nemesis,384,shaman,elemental,6,4,2
Drýtón,blackrock,384,shaman,elemental,6,4,2
Greenswag,drakthul,384,shaman,elemental,6,4,2
Hispanoxd,sanguino,384,shaman,elemental,6,4,2
Procbly,tarren-mill,384,shaman,elemental,6,4,2
Føxï,pozzo-delleternità,384,shaman,elemental,6,4,2
Aleshade,argent-dawn,384,shaman,elemental,6,4,2
Kévinn,draenor,384,shaman,elemental,6,4,2
Hardleft,stormscale,384,shaman,elemental,6,4,2
Euprathree,archimonde,384,shaman,elemental,6,4,2
Trustlemac,onyxia,384,shaman,elemental,6,4,2
Míza,ravencrest,384,shaman,elemental,6,4,2
Ybbarcs,eredar,384,shaman,elemental,6,4,2
Yerlas,burning-legion,384,shaman,elemental,6,4,2
Selonthyx,ravencrest,384,shaman,elemental,6,4,2
Windberg,ysondre,384,shaman,elemental,6,4,2
Tóuka,uldum,384,shaman,elemental,6,4,2
Shamurky,kazzak,384,shaman,elemental,6,4,2
Finpower,kul-tiras,384,shaman,elemental,6,4,2
Вашнюхтоптал,howling-fjord,384,shaman,elemental,6,4,2
Hunteronpc,twisting-nether,384,shaman,elemental,6,4,2
Lyrashaman,draenor,384,shaman,elemental,6,4,2
Shantero,draenor,384,shaman,elemental,12,4,8
Zoolza,kirin-tor,384,shaman,elemental,12,4,8
Swart,hyjal,384,shaman,elemental,12,4,8
Cùn,blackmoore,384,shaman,elemental,12,4,8
Nùrsegemy,nemesis,384,shaman,elemental,12,4,8
Stlakañ,chants-éternels,384,shaman,elemental,12,4,8
Xyckas,terrordar,384,shaman,elemental,12,4,8
Boomfanboy,tarren-mill,384,shaman,elemental,12,4,8
Kookaboo,blackrock,384,shaman,elemental,12,4,8
Saggrox,kazzak,384,shaman,elemental,12,4,8
Jäck,ravencrest,384,shaman,elemental,12,4,8
Eskìmo,malganis,384,shaman,elemental,12,4,8
Hí,bronzebeard,384,shaman,elemental,12,4,8
Tism,stormscale,384,shaman,elemental,12,4,8
Snusy,stormscale,384,shaman,elemental,12,4,8
Rocktopus,outland,384,shaman,elemental,12,4,8
Rompelukt,auchindoun,384,shaman,elemental,12,4,8
Вензеро,howling-fjord,384,shaman,elemental,12,4,8
Mawae,thrall,384,shaman,elemental,12,4,8
Бернтутрэп,soulflayer,384,shaman,elemental,12,4,8
Magicmekoz,draenor,384,shaman,elemental,12,4,8
Momine,stormscale,384,shaman,elemental,12,4,8
Elothar,earthen-ring,384,shaman,elemental,12,4,8
Réläx,kazzak,384,shaman,elemental,12,4,8
Ogmehu,stormreaver,384,shaman,elemental,12,4,8
Пса,fordragon,384,shaman,elemental,12,4,8
Styxsm,blackhand,384,shaman,elemental,12,4,8
Goitbate,azuremyst,384,shaman,elemental,12,4,8
Апинсмок,soulflayer,384,shaman,elemental,12,4,8
Karissah,silvermoon,384,shaman,elemental,12,4,8
Tanillopzz,dun-modr,384,shaman,elemental,12,4,8
Setac,stormscale,384,shaman,elemental,12,4,8
Khankayn,kilrogg,384,shaman,elemental,12,4,8
Zæus,ragnaros,384,shaman,elemental,18,4,14
Zokah,emeriss,383,shaman,elemental,6,4,2
Zandali,tarren-mill,383,shaman,elemental,6,4,2
Разодран,gordunni,383,shaman,elemental,6,4,2
Dudoras,doomhammer,383,shaman,elemental,18,4,14
Kennyo,uldum,379,shaman,elemental,12,4,8
Santy,silvermoon,352,shaman,elemental,10,4,6
Schamaster,antonidas,336,shaman,elemental,9,4,5
Roxxo,frostwolf,335,shaman,elemental,11,4,7
Khalamity,ravencrest,330,shaman,elemental,14,6,8
Roastý,blackrock,330,shaman,elemental,16,5,11
ßaßystärz,hyjal,319,shaman,elemental,5,4,1
Yasaburo,silvermoon,319,shaman,elemental,5,4,1
Gigawats,sylvanas,319,shaman,elemental,5,4,1
Dareos,anetheron,288,shaman,elemental,6,3,3
Дбр,howling-fjord,288,shaman,elemental,6,3,3
Онеоне,deathweaver,288,shaman,elemental,6,3,3
Brandbombe,frostwolf,288,shaman,elemental,6,3,3
Bharudor,antonidas,288,shaman,elemental,6,3,3
Suldarissha,aegwynn,288,shaman,elemental,6,3,3
Kapristylez,outland,288,shaman,elemental,6,3,3
Yashëa,ysondre,288,shaman,elemental,6,3,3
Whatsup,aggramar,288,shaman,elemental,6,3,3
Putrìfy,ravencrest,288,shaman,elemental,6,3,3
Vukroth,argent-dawn,288,shaman,elemental,6,3,3
Фанковарнесы,gordunni,288,shaman,elemental,6,3,3
Ghettero,ragnaros,288,shaman,elemental,6,3,3
Nurychic,twisting-nether,288,shaman,elemental,6,3,3
Тотемныйчад,gordunni,288,shaman,elemental,6,3,3
Родохрозид,blackscar,288,shaman,elemental,6,3,3
Shamanshow,eredar,288,shaman,elemental,6,3,3
Whyisitspicy,kazzak,288,shaman,elemental,6,3,3
Faroh,ravencrest,288,shaman,elemental,6,3,3
Shaulic,ravencrest,288,shaman,elemental,6,3,3
Susais,outland,288,shaman,elemental,6,3,3
Jinbao,ravencrest,288,shaman,elemental,6,3,3
Volvíc,tichondrius,288,shaman,elemental,6,3,3
Symy,draenor,288,shaman,elemental,6,3,3
Rokxa,burning-legion,288,shaman,elemental,6,3,3
Khaleeya,blackmoore,288,shaman,elemental,6,3,3
Amu,ravencrest,288,shaman,elemental,6,3,3
Filigran,ragnaros,288,shaman,elemental,6,3,3
Hethne,kazzak,288,shaman,elemental,6,3,3
Another,hakkar,288,shaman,elemental,6,3,3
Ironmack,outland,288,shaman,elemental,6,3,3
Neirdae,thunderhorn,288,shaman,elemental,6,3,3
Dünnbier,blackhand,288,shaman,elemental,6,3,3
Shamanmans,grim-batol,288,shaman,elemental,6,3,3
Crysham,tarren-mill,288,shaman,elemental,6,3,3
Shoewalker,ragnaros,288,shaman,elemental,6,3,3
Gorgath,dunemaul,288,shaman,elemental,6,3,3
Clappagobzz,kazzak,288,shaman,elemental,6,3,3
Nosno,ravencrest,288,shaman,elemental,6,3,3
Kónjo,kazzak,288,shaman,elemental,6,3,3
Ezrasian,ragnaros,288,shaman,elemental,6,3,3
Weåfy,outland,288,shaman,elemental,6,3,3
Joeyexe,outland,288,shaman,elemental,6,3,3
Hugox,outland,288,shaman,elemental,6,3,3
Thundersioux,ravencrest,288,shaman,elemental,6,3,3
Bammë,archimonde,288,shaman,elemental,6,3,3
Begeshaman,sylvanas,288,shaman,elemental,6,3,3
Sëídhr,arathi,288,shaman,elemental,6,3,3
Penesecco,nemesis,288,shaman,elemental,6,3,3
Bas,nagrand,288,shaman,elemental,6,3,3
Nastysham,blackrock,288,shaman,elemental,6,3,3
Dreadness,runetotem,288,shaman,elemental,6,3,3
Alphà,stormscale,288,shaman,elemental,6,3,3
Natureabuser,kazzak,288,shaman,elemental,6,3,3
Qenninka,drakthul,288,shaman,elemental,6,3,3
Dagra,twisting-nether,288,shaman,elemental,6,3,3
Mjukiz,tarren-mill,288,shaman,elemental,6,3,3
Gissary,drakthul,288,shaman,elemental,6,3,3
Царьбер,soulflayer,288,shaman,elemental,6,3,3
Fufupartyxx,blackrock,288,shaman,elemental,6,3,3
Exolnard,twisting-nether,288,shaman,elemental,6,3,3
Estexxsham,kazzak,288,shaman,elemental,6,3,3
Pooch,archimonde,288,shaman,elemental,6,3,3
Mogzu,blackmoore,288,shaman,elemental,6,3,3
Shamuzan,malfurion,288,shaman,elemental,6,3,3
Xye,bloodfeather,288,shaman,elemental,6,3,3
Nightingäle,silvermoon,288,shaman,elemental,6,3,3
Kaptt,twisting-nether,288,shaman,elemental,6,3,3
Nokosi,doomhammer,288,shaman,elemental,6,3,3
Lefita,drakthul,288,shaman,elemental,6,3,3
Voodoodoouu,stormscale,288,shaman,elemental,6,3,3
Peneapunta,nemesis,288,shaman,elemental,6,3,3
Peaktrim,tarren-mill,288,shaman,elemental,6,3,3
Oroastbeef,archimonde,288,shaman,elemental,6,3,3
Lunarsloth,hyjal,288,shaman,elemental,6,3,3
Ramuthra,sanguino,288,shaman,elemental,6,3,3
Херургх,soulflayer,288,shaman,elemental,6,3,3
Фарраон,deathguard,288,shaman,elemental,6,3,3
Энхай,azuregos,288,shaman,elemental,6,3,3
Санрэйн,soulflayer,288,shaman,elemental,6,3,3
Irønythar,drakthul,288,shaman,elemental,6,3,3
Tiâna,archimonde,288,shaman,elemental,6,3,3
Hotstorm,bronzebeard,288,shaman,elemental,6,3,3
Bigpinkpig,thunderhorn,288,shaman,elemental,7,3,4
Woolysocks,draenor,288,shaman,elemental,12,3,9
Elemania,mugthol,288,shaman,elemental,12,3,9
Fatyoe,eredar,288,shaman,elemental,12,3,9
Samlik,antonidas,288,shaman,elemental,12,3,9
Tonto,frostmane,288,shaman,elemental,12,3,9
Qwunjin,ragnaros,288,shaman,elemental,12,3,9
Jaeslin,tarren-mill,288,shaman,elemental,12,3,9
Shourx,ravencrest,288,shaman,elemental,12,3,9
Allfathêr,ragnaros,288,shaman,elemental,12,3,9
Berith,spinebreaker,288,shaman,elemental,12,3,9
Opaque,doomhammer,288,shaman,elemental,12,3,9
Throkal,blackhand,288,shaman,elemental,12,3,9
Чтозабред,gordunni,288,shaman,elemental,12,3,9
Tir,auchindoun,288,shaman,elemental,12,3,9
Joeculdacier,hyjal,288,shaman,elemental,12,3,9
Rätxs,blackhand,288,shaman,elemental,12,3,9
Fouchin,outland,288,shaman,elemental,12,3,9
Corlysvelary,doomhammer,288,shaman,elemental,12,3,9
Iceshockz,sylvanas,288,shaman,elemental,12,3,9
Gethrok,rajaxx,288,shaman,elemental,12,3,9
Bónkas,kazzak,288,shaman,elemental,12,3,9
Megaherz,sanguino,287,shaman,elemental,6,3,3
Kcarlina,uldum,287,shaman,elemental,6,3,3
Bogatyrk,twisting-nether,287,shaman,elemental,6,3,3
Twotwozero,defias-brotherhood,286,shaman,elemental,6,3,3
Zalacrass,sanguino,286,shaman,elemental,6,3,3
Вещун,deathguard,284,shaman,elemental,12,3,9
Thytor,blackmoore,239,shaman,elemental,5,3,2
Thordahr,hyjal,239,shaman,elemental,5,3,2
Mareaspibas,zuljin,239,shaman,elemental,5,3,2
Hothex,tarren-mill,234,shaman,elemental,20,7,13
Beautie,sylvanas,234,shaman,elemental,14,4,10
Ohhmm,ravencrest,223,shaman,elemental,14,3,11
Stíckíx,malganis,192,shaman,elemental,4,3,1
Dormido,sanguino,192,shaman,elemental,6,2,4
Éàsy,blackmoore,192,shaman,elemental,6,2,4
Krovogor,silvermoon,192,shaman,elemental,6,2,4
Nuekx,sanguino,192,shaman,elemental,6,2,4
Cptsham,blackrock,192,shaman,elemental,6,2,4
Durinlaso,sanguino,192,shaman,elemental,6,2,4
Schockolade,blackmoore,192,shaman,elemental,6,2,4
Tates,jaedenar,192,shaman,elemental,6,2,4
Bjerknes,draenor,192,shaman,elemental,6,2,4
Бахмара,soulflayer,192,shaman,elemental,6,2,4
Seyumi,draenor,192,shaman,elemental,6,2,4
Лаваяшка,gordunni,192,shaman,elemental,6,2,4
Rindenmulch,eredar,192,shaman,elemental,6,2,4
Beletili,chogall,192,shaman,elemental,6,2,4
Firsttime,alakir,192,shaman,elemental,6,2,4
Yarøu,antonidas,192,shaman,elemental,6,2,4
Albatroz,the-maelstrom,192,shaman,elemental,6,2,4
Garakh,argent-dawn,192,shaman,elemental,6,2,4
Kayden,uldum,192,shaman,elemental,6,2,4
Ishkadar,twisting-nether,192,shaman,elemental,6,2,4
Зуфар,howling-fjord,192,shaman,elemental,6,2,4
Zulululul,burning-blade,192,shaman,elemental,6,2,4
Ratatakéas,archimonde,192,shaman,elemental,6,2,4
Kappatotem,silvermoon,192,shaman,elemental,6,2,4
Macetoyaface,darksorrow,192,shaman,elemental,6,2,4
Dodododfewal,stormscale,192,shaman,elemental,6,2,4
Wawawoowee,archimonde,192,shaman,elemental,6,2,4
Димасечка,galakrond,192,shaman,elemental,6,2,4
Fuzzbolt,silvermoon,192,shaman,elemental,6,2,4
Melliska,silvermoon,192,shaman,elemental,6,2,4
Thomz,aggra-português,192,shaman,elemental,6,2,4
Шаеман,soulflayer,192,shaman,elemental,6,2,4
Purgegødxx,aegwynn,192,shaman,elemental,6,2,4
Сновидений,soulflayer,192,shaman,elemental,6,2,4
Squixi,ravencrest,192,shaman,elemental,6,2,4
Patites,twisting-nether,192,shaman,elemental,6,2,4
Exílium,tarren-mill,192,shaman,elemental,6,2,4
Djxyoloswag,silvermoon,192,shaman,elemental,6,2,4
Baxz,twisting-nether,192,shaman,elemental,6,2,4
Zinlay,tarren-mill,192,shaman,elemental,6,2,4
Tuksy,darkspear,192,shaman,elemental,6,2,4
Papskalla,ravencrest,192,shaman,elemental,6,2,4
Rakermän,dun-modr,192,shaman,elemental,6,2,4
Hanakô,grim-batol,192,shaman,elemental,6,2,4
Ahrim,argent-dawn,192,shaman,elemental,6,2,4
Remkoo,blackrock,192,shaman,elemental,6,2,4
Nnekalol,twisting-nether,192,shaman,elemental,6,2,4
Rok,darkspear,192,shaman,elemental,6,2,4
Stormzug,twisting-nether,192,shaman,elemental,6,2,4
Yiyi,boulderfist,192,shaman,elemental,6,2,4
Amonshokz,tarren-mill,192,shaman,elemental,6,2,4
Mehex,tarren-mill,192,shaman,elemental,6,2,4
Keisys,kazzak,192,shaman,elemental,6,2,4
Stivishamy,blackmoore,192,shaman,elemental,6,2,4
Undae,ravencrest,192,shaman,elemental,6,2,4
Littletrall,outland,192,shaman,elemental,6,2,4
Oldbuttgold,archimonde,192,shaman,elemental,6,2,4
Tuncha,runetotem,192,shaman,elemental,6,2,4
Zackyboi,tarren-mill,192,shaman,elemental,6,2,4
Elshamino,ravencrest,192,shaman,elemental,6,2,4
Драгенхз,gordunni,192,shaman,elemental,6,2,4
Quartodebue,nemesis,192,shaman,elemental,6,2,4
Тандерхем,gordunni,192,shaman,elemental,6,2,4
Nuvet,argent-dawn,192,shaman,elemental,6,2,4
Präsi,die-aldor,192,shaman,elemental,6,2,4
Kolchidyalah,la-croisade-écarlate,192,shaman,elemental,6,2,4
Tigro,burning-legion,192,shaman,elemental,6,2,4
Cöökiekeeper,twisting-nether,192,shaman,elemental,6,2,4
Checkpoint,defias-brotherhood,192,shaman,elemental,6,2,4
Tolk,thrall,192,shaman,elemental,6,2,4
Casterzajx,kazzak,192,shaman,elemental,6,2,4
Shàmeonyou,dun-morogh,192,shaman,elemental,6,2,4
Hogmodig,tarren-mill,192,shaman,elemental,7,2,5
Shockbestie,eredar,192,shaman,elemental,7,2,5
Nakenfeigy,stormreaver,192,shaman,elemental,12,2,10
Максобман,howling-fjord,192,shaman,elemental,12,2,10
Неерззул,soulflayer,192,shaman,elemental,12,2,10
Ærö,outland,192,shaman,elemental,12,2,10
Thornyberrý,outland,192,shaman,elemental,12,2,10
Kossborax,blackhand,192,shaman,elemental,12,2,10
Lycburst,twisting-nether,192,shaman,elemental,12,2,10
Zíp,archimonde,192,shaman,elemental,12,2,10
Sweetcåndy,stormscale,192,shaman,elemental,12,2,10
Виспепешам,gordunni,192,shaman,elemental,12,2,10
Ghostx,nemesis,192,shaman,elemental,18,2,16
Zeiger,minahonda,192,shaman,elemental,24,2,22
Aspirio,ravencrest,175,shaman,elemental,11,2,9
Precíous,sporeggar,159,shaman,elemental,5,2,3
Thalgryn,twisting-nether,159,shaman,elemental,8,3,5
Kortën,khaz-modan,159,shaman,elemental,10,2,8
Disneyplus,tarren-mill,138,shaman,elemental,8,3,5
Amiashaman,stormscale,138,shaman,elemental,16,3,13
Shakgor,draenor,128,shaman,elemental,4,2,2
Корсика,gordunni,128,shaman,elemental,4,2,2
Thorcasso,azuremyst,96,shaman,elemental,3,2,1
Bram,aggra-português,96,shaman,elemental,3,2,1
Zadrams,argent-dawn,96,shaman,elemental,3,2,1
Simpledream,tarren-mill,96,shaman,elemental,3,2,1
Nopivøt,hyjal,96,shaman,elemental,7,2,5
Depucova,silvermoon,96,shaman,elemental,6,1,5
Ämbientador,sanguino,96,shaman,elemental,6,1,5
Bärtigbaron,thrall,96,shaman,elemental,6,1,5
Korbas,burning-legion,96,shaman,elemental,6,1,5
Rakat,twisting-nether,96,shaman,elemental,6,1,5
Pasjeop,ravencrest,96,shaman,elemental,6,1,5
Killhorn,malganis,96,shaman,elemental,6,1,5
Монамур,deathguard,96,shaman,elemental,6,1,5
Dergat,pozzo-delleternità,96,shaman,elemental,6,1,5
Vorkanyx,ysondre,96,shaman,elemental,6,1,5
Fatflop,sylvanas,96,shaman,elemental,6,1,5
Kilruk,ravencrest,96,shaman,elemental,6,1,5
Brryantblaks,colinas-pardas,96,shaman,elemental,6,1,5
Пэппивкашке,howling-fjord,96,shaman,elemental,6,1,5
Shamsteaks,ysera,96,shaman,elemental,6,1,5
Aguero,aegwynn,96,shaman,elemental,6,1,5
Сентес,soulflayer,96,shaman,elemental,6,1,5
Muisak,culte-de-la-rive-noire,96,shaman,elemental,6,1,5
Shamira,nethersturm,96,shaman,elemental,6,1,5
Dwarfofwar,ravencrest,96,shaman,elemental,6,1,5
Izir,archimonde,96,shaman,elemental,6,1,5
Hagelbrakan,stormscale,96,shaman,elemental,6,1,5
Flurpz,outland,96,shaman,elemental,6,1,5
Châmanco,dun-modr,96,shaman,elemental,6,1,5
Growlêy,draenor,96,shaman,elemental,6,1,5
Elijaá,nordrassil,96,shaman,elemental,6,1,5
Shaminista,ravencrest,96,shaman,elemental,6,1,5
Cazzari,thrall,96,shaman,elemental,6,1,5
Felcrushed,stormscale,96,shaman,elemental,6,1,5
Ânne,blackrock,96,shaman,elemental,6,1,5
Dizhkameduu,terokkar,96,shaman,elemental,6,1,5
Mittyzap,kazzak,96,shaman,elemental,6,1,5
Bonestompamc,blackmoore,96,shaman,elemental,6,1,5
Nìtratx,archimonde,96,shaman,elemental,6,1,5
Freexx,aegwynn,96,shaman,elemental,6,1,5
Bonjwa,eitrigg,96,shaman,elemental,6,1,5
Heheheyup,ravencrest,96,shaman,elemental,6,1,5
Papaver,zirkel-des-cenarius,96,shaman,elemental,6,1,5
Vodoochild,hyjal,96,shaman,elemental,6,1,5
Hästdvärg,the-maelstrom,96,shaman,elemental,6,1,5
Zaffyboi,draenor,96,shaman,elemental,6,1,5
Lik,nethersturm,96,shaman,elemental,6,1,5
Stiflersmôm,antonidas,96,shaman,elemental,6,1,5
Happyjuice,silvermoon,96,shaman,elemental,6,1,5
Skailzcham,hyjal,96,shaman,elemental,6,1,5
Moglibard,grim-batol,96,shaman,elemental,6,1,5
Newÿorc,dalaran,96,shaman,elemental,6,1,5
Zerim,taerar,96,shaman,elemental,6,1,5
Samisu,blackmoore,96,shaman,elemental,6,1,5
Jabena,draenor,96,shaman,elemental,6,1,5
Amaizin,stormscale,96,shaman,elemental,12,1,11
Zappypewpew,drakthul,96,shaman,elemental,12,1,11
Kyst,elune,95,shaman,elemental,6,1,5
Torxii,antonidas,79,shaman,elemental,5,1,4
Torepåsporet,deathwing,79,shaman,elemental,5,1,4
Rãgnãr,frostwolf,64,shaman,elemental,4,1,3
Agnøt,khaz-modan,63,shaman,elemental,2,2,0
Tarzh,dalaran,63,shaman,elemental,2,2,0
Realiz,ysondre,48,shaman,elemental,4,1,3
Shammolino,nemesis,41,shaman,elemental,7,3,4
Gushgush,draenor,31,shaman,elemental,2,1,1
Memourian,drakthul,16,shaman,elemental,7,1,6
Bredare,ravencrest,2406,shaman,enhancement,136,104,32
Blaukraut,stormscale,2375,shaman,enhancement,115,75,40
Mûnch,kazzak,2369,shaman,enhancement,110,73,37
Avines,twisting-nether,2295,shaman,enhancement,236,125,111
Дудивтф,soulflayer,2244,shaman,enhancement,194,105,89
Китрасст,soulflayer,2239,shaman,enhancement,78,43,35
Strippzz,stormscale,2238,shaman,enhancement,102,62,40
Fatpig,stormscale,2238,shaman,enhancement,83,47,36
Axdn,ravencrest,2229,shaman,enhancement,80,47,33
Acidtrips,thrall,2226,shaman,enhancement,90,47,43
Крааули,soulflayer,2210,shaman,enhancement,376,194,182
Kweng,stormreaver,2208,shaman,enhancement,193,109,84
Joeyexe,outland,2206,shaman,enhancement,107,62,45
Hermerejildo,stormscale,2200,shaman,enhancement,126,66,60
Dennismanone,tarren-mill,2195,shaman,enhancement,102,53,49
Shadiqt,stormscale,2194,shaman,enhancement,96,51,45
Azifox,hyjal,2183,shaman,enhancement,132,67,65
Buffdraventy,archimonde,2176,shaman,enhancement,96,56,40
Treyway,dun-modr,2174,shaman,enhancement,96,64,32
Lizoo,ravencrest,2169,shaman,enhancement,102,66,36
Fckumen,blackmoore,2155,shaman,enhancement,124,71,53
Stribbzz,stormscale,2149,shaman,enhancement,274,156,118
Baconbazooka,tarren-mill,2147,shaman,enhancement,101,60,41
Áä,stormscale,2146,shaman,enhancement,48,42,6
Qnanen,blackmoore,2131,shaman,enhancement,104,68,36
Lovèless,stormscale,2130,shaman,enhancement,42,27,15
Shïnnkøk,stormscale,2130,shaman,enhancement,72,43,29
Mustakrakish,terokkar,2127,shaman,enhancement,78,53,25
Møldør,tarren-mill,2127,shaman,enhancement,126,82,44
Smorcshamyy,kazzak,2127,shaman,enhancement,111,63,48
Æerømachine,outland,2125,shaman,enhancement,81,42,39
Chancè,tarren-mill,2124,shaman,enhancement,84,50,34
Shadi,stormscale,2119,shaman,enhancement,84,44,40
Shamanyxx,tarren-mill,2118,shaman,enhancement,167,90,77
Maelstrom,eredar,2113,shaman,enhancement,300,167,133
Бафамет,blackscar,2108,shaman,enhancement,66,39,27
Syllaas,ysondre,2108,shaman,enhancement,144,74,70
Voodoodoouu,stormscale,2106,shaman,enhancement,173,93,80
Sparkygødx,twisting-nether,2104,shaman,enhancement,54,33,21
Автозакзак,soulflayer,2104,shaman,enhancement,89,45,44
Китраст,soulflayer,2102,shaman,enhancement,69,37,32
Sparkyxd,twisting-nether,2102,shaman,enhancement,84,40,44
Etox,darksorrow,2101,shaman,enhancement,108,57,51
Critonian,twisting-nether,2100,shaman,enhancement,81,44,37
Trulylove,tarren-mill,2085,shaman,enhancement,66,34,32
Swapxy,ravencrest,2084,shaman,enhancement,54,33,21
Feetaddict,kazzak,2083,shaman,enhancement,157,88,69
Yashëa,ysondre,2069,shaman,enhancement,73,59,14
Zró,blackrock,2065,shaman,enhancement,162,86,76
Wóllff,archimonde,2064,shaman,enhancement,105,59,46
Ruffepuffe,twisting-nether,2057,shaman,enhancement,276,146,130
Milheroj,tarren-mill,2045,shaman,enhancement,165,89,76
Shukhevych,kazzak,2043,shaman,enhancement,95,57,38
Myguns,silvermoon,2043,shaman,enhancement,176,92,84
Shambolicc,kazzak,2042,shaman,enhancement,120,62,58
Gúîtårgøð,sanguino,2042,shaman,enhancement,89,44,45
Enhahaha,tarren-mill,2041,shaman,enhancement,66,39,27
Noboorst,stormscale,2030,shaman,enhancement,72,40,32
Plsdontpress,stormscale,2029,shaman,enhancement,121,70,51
Alterem,kazzak,2028,shaman,enhancement,186,103,83
Oldveteran,eredar,2026,shaman,enhancement,102,63,39
Horelio,sanguino,2020,shaman,enhancement,177,104,73
Asaakira,blackmoore,2018,shaman,enhancement,211,112,99
Hexmex,stormreaver,2015,shaman,enhancement,142,77,65
Sillaas,ysondre,2014,shaman,enhancement,132,61,71
Arslos,twisting-nether,2010,shaman,enhancement,50,39,11
Читорра,gordunni,2006,shaman,enhancement,102,53,49
Uhøfligeulf,draenor,1997,shaman,enhancement,71,36,35
Karpsham,stormscale,1997,shaman,enhancement,138,68,70
Nuarishaman,kazzak,1993,shaman,enhancement,48,33,15
Stensham,stormreaver,1989,shaman,enhancement,59,37,22
Chakafuyo,dun-modr,1986,shaman,enhancement,62,37,25
Инсэйнгод,soulflayer,1983,shaman,enhancement,63,32,31
Viablous,ravencrest,1982,shaman,enhancement,166,105,61
Nopre,blackrock,1978,shaman,enhancement,232,125,107
Turbostruck,ravencrest,1977,shaman,enhancement,102,46,56
Corvux,tarren-mill,1976,shaman,enhancement,78,42,36
Wishsteen,stormscale,1973,shaman,enhancement,95,52,43
Babalahziz,ysondre,1972,shaman,enhancement,101,70,31
Hermerejildo,tarren-mill,1965,shaman,enhancement,60,35,25
Shambolicc,ravencrest,1963,shaman,enhancement,82,39,43
Xa,blackrock,1962,shaman,enhancement,129,72,57
Mëditåtïøñ,blackrock,1958,shaman,enhancement,54,26,28
Shadijr,stormscale,1956,shaman,enhancement,54,32,22
Ниу,thermaplugg,1949,shaman,enhancement,54,32,22
Pusspatrol,kazzak,1949,shaman,enhancement,72,35,37
Skullstorm,talnivarr,1945,shaman,enhancement,73,44,29
Yüri,stormscale,1942,shaman,enhancement,271,133,138
Frankone,outland,1941,shaman,enhancement,186,106,80
Krónm,dun-modr,1940,shaman,enhancement,77,50,27
Tosemist,stormscale,1932,shaman,enhancement,64,38,26
Shamarach,sylvanas,1931,shaman,enhancement,60,38,22
Jtouni,outland,1926,shaman,enhancement,90,48,42
Brokenguyman,defias-brotherhood,1924,shaman,enhancement,52,31,21
Zulmalis,twisting-nether,1919,shaman,enhancement,112,65,47
Tâktoukâ,archimonde,1916,shaman,enhancement,136,77,59
Нарленд,gordunni,1915,shaman,enhancement,132,67,65
Trulylove,outland,1913,shaman,enhancement,77,36,41
Lokes,drakthul,1912,shaman,enhancement,226,119,107
Testosterone,dun-modr,1908,shaman,enhancement,77,44,33
Тандервульф,howling-fjord,1905,shaman,enhancement,125,68,57
Тиидишам,blackscar,1905,shaman,enhancement,143,72,71
Kulefesk,grim-batol,1904,shaman,enhancement,72,38,34
Nnele,sanguino,1904,shaman,enhancement,88,44,44
Arhitopg,silvermoon,1903,shaman,enhancement,120,64,56
Curioustowel,kazzak,1902,shaman,enhancement,42,26,16
Taktouka,archimonde,1902,shaman,enhancement,65,31,34
Metamorflord,ravencrest,1895,shaman,enhancement,60,39,21
Flappey,stormscale,1894,shaman,enhancement,78,48,30
Panzarkamp,stormscale,1894,shaman,enhancement,95,58,37
Gottiy,blackhand,1893,shaman,enhancement,102,50,52
Gromzog,twisting-nether,1890,shaman,enhancement,48,31,17
Altarian,nemesis,1890,shaman,enhancement,81,46,35
Enhshamanop,draenor,1883,shaman,enhancement,204,102,102
Morguk,zuljin,1882,shaman,enhancement,97,54,43
Rëalg,zuljin,1881,shaman,enhancement,108,67,41
Ohhmm,ravencrest,1881,shaman,enhancement,42,20,22
Yombaï,archimonde,1880,shaman,enhancement,138,65,73
Blitzmann,outland,1879,shaman,enhancement,54,30,24
Shïnnøk,stormscale,1879,shaman,enhancement,514,256,258
Matchstíck,draenor,1875,shaman,enhancement,60,31,29
Вацунвец,goldrinn,1874,shaman,enhancement,163,86,77
Badmojø,silvermoon,1874,shaman,enhancement,76,36,40
Daybidaybi,stormscale,1871,shaman,enhancement,106,53,53
Tordenlars,ragnaros,1870,shaman,enhancement,47,27,20
Херургх,soulflayer,1868,shaman,enhancement,80,52,28
Ятебясмету,gordunni,1867,shaman,enhancement,48,32,16
Javaburst,ragnaros,1867,shaman,enhancement,138,79,59
Jäy,twisting-nether,1867,shaman,enhancement,58,31,27
Ниокумибейт,soulflayer,1866,shaman,enhancement,52,34,18
Вудумастер,gordunni,1866,shaman,enhancement,107,62,45
Бренненд,howling-fjord,1865,shaman,enhancement,128,71,57
Falseshepard,kazzak,1863,shaman,enhancement,54,29,25
Disciplé,blackmoore,1862,shaman,enhancement,65,34,31
Пеклоь,soulflayer,1862,shaman,enhancement,189,93,96
Teknorave,dun-modr,1860,shaman,enhancement,60,32,28
Turbostuck,ravencrest,1860,shaman,enhancement,54,28,26
Hezdnalien,aegwynn,1859,shaman,enhancement,113,66,47
Ganachimby,zuljin,1858,shaman,enhancement,47,34,13
Mittyzap,kazzak,1858,shaman,enhancement,102,59,43
Naochí,silvermoon,1857,shaman,enhancement,35,23,12
Hanrej,draenor,1856,shaman,enhancement,60,37,23
Shamhaár,blackmoore,1856,shaman,enhancement,100,61,39
Deaslow,hyjal,1855,shaman,enhancement,154,84,70
Radåhn,outland,1854,shaman,enhancement,72,44,28
Zarkab,ysondre,1852,shaman,enhancement,70,50,20
Klintxbob,hyjal,1852,shaman,enhancement,36,20,16
Xôàrqt,eredar,1850,shaman,enhancement,296,158,138
Chatbanned,blackmoore,1849,shaman,enhancement,42,25,17
Spaltbart,blackmoore,1848,shaman,enhancement,102,60,42
Bikdig,dun-modr,1845,shaman,enhancement,84,49,35
Рэггдолл,soulflayer,1845,shaman,enhancement,102,47,55
Bullx,magtheridon,1843,shaman,enhancement,84,47,37
Totemofgreed,rexxar,1843,shaman,enhancement,84,40,44
Мсет,soulflayer,1841,shaman,enhancement,35,23,12
Dhedge,draenor,1841,shaman,enhancement,96,56,40
Сахарокь,soulflayer,1840,shaman,enhancement,42,27,15
Matrixxer,aegwynn,1839,shaman,enhancement,45,33,12
Shrektar,outland,1839,shaman,enhancement,36,22,14
Androck,tarren-mill,1839,shaman,enhancement,64,36,28
Ozilie,khaz-modan,1838,shaman,enhancement,77,50,27
Boombastíc,ravencrest,1838,shaman,enhancement,118,59,59
Jamdah,stormscale,1835,shaman,enhancement,43,32,11
Tzivati,draenor,1835,shaman,enhancement,59,34,25
Actionhank,area-52,1834,shaman,enhancement,57,30,27
Zetorgg,burning-legion,1832,shaman,enhancement,71,36,35
Wacomtablet,kazzak,1830,shaman,enhancement,42,24,18
Друггрумилей,soulflayer,1828,shaman,enhancement,42,24,18
Mírídíuss,silvermoon,1827,shaman,enhancement,35,25,10
Salvadr,zuljin,1827,shaman,enhancement,70,39,31
Stormkiler,defias-brotherhood,1826,shaman,enhancement,83,36,47
Шаманмиша,gordunni,1825,shaman,enhancement,36,25,11
Lavadelrey,drakthul,1824,shaman,enhancement,48,25,23
Moini,eredar,1824,shaman,enhancement,60,31,29
Pumpcok,durotan,1823,shaman,enhancement,48,33,15
Shamflurry,ravencrest,1823,shaman,enhancement,48,33,15
Ananasanax,twisting-nether,1823,shaman,enhancement,114,63,51
Floorislava,culte-de-la-rive-noire,1822,shaman,enhancement,84,43,41
Lexyiasz,kazzak,1820,shaman,enhancement,94,68,26
Høwlstørmx,ravencrest,1820,shaman,enhancement,43,31,12
Phobiatics,thrall,1820,shaman,enhancement,41,28,13
Ódicen,dun-modr,1819,shaman,enhancement,45,26,19
Senroxx,blackrock,1818,shaman,enhancement,48,32,16
Пэппивкашке,howling-fjord,1818,shaman,enhancement,38,23,15
Argotan,drakthul,1817,shaman,enhancement,71,43,28
Thunberg,ravencrest,1817,shaman,enhancement,107,61,46
Mckoy,kazzak,1816,shaman,enhancement,40,27,13
Løne,sylvanas,1815,shaman,enhancement,108,64,44
Marohk,uldum,1815,shaman,enhancement,42,22,20
Слакербэдбой,gordunni,1814,shaman,enhancement,78,35,43
Stormasaurus,anachronos,1813,shaman,enhancement,52,34,18
Shds,blackmoore,1812,shaman,enhancement,90,53,37
Gelthan,zuljin,1812,shaman,enhancement,212,116,96
Mèátßãllgøðx,kazzak,1812,shaman,enhancement,129,65,64
Рыганский,blackscar,1812,shaman,enhancement,48,21,27
Eysns,blackrock,1811,shaman,enhancement,70,42,28
Zulren,draenor,1811,shaman,enhancement,42,23,19
Вацустайл,goldrinn,1810,shaman,enhancement,48,32,16
Dshaman,aegwynn,1810,shaman,enhancement,36,23,13
Sangoma,frostmane,1810,shaman,enhancement,196,96,100
Wishstêên,stormscale,1809,shaman,enhancement,64,29,35
Pumpzuat,khadgar,1808,shaman,enhancement,24,20,4
Roxâm,hyjal,1808,shaman,enhancement,34,20,14
Xestil,blackmoore,1808,shaman,enhancement,67,36,31
Voodoodocter,kazzak,1808,shaman,enhancement,141,75,66
Blastoiselol,ragnaros,1807,shaman,enhancement,52,34,18
Medistød,draenor,1805,shaman,enhancement,134,83,51
Vargen,arygos,1804,shaman,enhancement,42,30,12
Реактиватор,soulflayer,1803,shaman,enhancement,47,27,20
Dóómd,kazzak,1803,shaman,enhancement,106,56,50
Raidwhipper,twisting-nether,1802,shaman,enhancement,114,72,42
Spicemélange,archimonde,1802,shaman,enhancement,64,37,27
Eselwindzorn,blackrock,1801,shaman,enhancement,35,24,11
Sozetwo,tarren-mill,1801,shaman,enhancement,40,24,16
Sybred,twisting-nether,1800,shaman,enhancement,126,76,50
Calvey,magtheridon,1799,shaman,enhancement,82,37,45
Proccq,twisting-nether,1795,shaman,enhancement,48,24,24
Veloudinos,twisting-nether,1794,shaman,enhancement,113,74,39
Azrs,ravencrest,1794,shaman,enhancement,102,57,45
Kishock,tarren-mill,1793,shaman,enhancement,30,19,11
Acivich,frostmane,1793,shaman,enhancement,84,50,34
Сидог,soulflayer,1792,shaman,enhancement,36,25,11
Shammyenh,burning-legion,1792,shaman,enhancement,48,31,17
Shockxy,norgannon,1792,shaman,enhancement,46,23,23
Talrall,twisting-nether,1790,shaman,enhancement,78,40,38
Shamtard,frostwhisper,1790,shaman,enhancement,169,85,84
Toteemikylpy,argent-dawn,1789,shaman,enhancement,90,54,36
Toobiib,culte-de-la-rive-noire,1789,shaman,enhancement,60,30,30
Stormfíst,tarren-mill,1788,shaman,enhancement,78,46,32
Lassolasse,sylvanas,1787,shaman,enhancement,42,27,15
Вандерласт,howling-fjord,1786,shaman,enhancement,108,62,46
Pumanii,silvermoon,1786,shaman,enhancement,84,48,36
Yacu,blackrock,1786,shaman,enhancement,77,43,34
Schoølbøyq,blackrock,1784,shaman,enhancement,30,19,11
Robzn,blackrock,1783,shaman,enhancement,50,32,18
Stormlash,shattered-halls,1782,shaman,enhancement,72,46,26
Purgerooni,haomarush,1781,shaman,enhancement,64,41,23
Kwengi,stormreaver,1781,shaman,enhancement,42,24,18
Basz,aegwynn,1781,shaman,enhancement,58,33,25
Calveyy,magtheridon,1780,shaman,enhancement,45,28,17
Wúh,twisting-nether,1779,shaman,enhancement,114,65,49
Satanloveme,stormscale,1777,shaman,enhancement,42,22,20
Nevergroundx,perenolde,1776,shaman,enhancement,42,27,15
Pýthøn,silvermoon,1772,shaman,enhancement,54,27,27
Dzandell,silvermoon,1772,shaman,enhancement,68,32,36
Канамаш,borean-tundra,1770,shaman,enhancement,66,44,22
Vayshibro,turalyon,1770,shaman,enhancement,66,36,30
Elèon,blackrock,1770,shaman,enhancement,179,92,87
Ryhèn,stormscale,1769,shaman,enhancement,198,111,87
Obrijames,tarren-mill,1765,shaman,enhancement,94,55,39
Экспл,ashenvale,1765,shaman,enhancement,66,31,35
Trixey,mazrigos,1764,shaman,enhancement,40,21,19
Барракудах,razuvious,1762,shaman,enhancement,138,68,70
Meatballspam,stormscale,1760,shaman,enhancement,77,36,41
Sígrun,aegwynn,1758,shaman,enhancement,42,28,14
Ðrshock,blackmoore,1758,shaman,enhancement,48,28,20
Grende,sylvanas,1756,shaman,enhancement,137,71,66
Видарх,soulflayer,1756,shaman,enhancement,42,20,22
Ðreamz,kaelthas,1750,shaman,enhancement,151,81,70
Ñøs,blackrock,1749,shaman,enhancement,102,55,47
Chehkhan,archimonde,1748,shaman,enhancement,46,24,22
Recaim,outland,1748,shaman,enhancement,47,24,23
Echoingshock,argent-dawn,1746,shaman,enhancement,48,32,16
Botism,draenor,1746,shaman,enhancement,102,59,43
Кинговели,soulflayer,1745,shaman,enhancement,227,120,107
Майндшторм,blackscar,1743,shaman,enhancement,36,23,13
Ázøk,stormscale,1743,shaman,enhancement,202,101,101
Stormdrak,eredar,1741,shaman,enhancement,42,29,13
Максобман,howling-fjord,1741,shaman,enhancement,48,27,21
Zutemaster,stormscale,1740,shaman,enhancement,64,37,27
Faxsham,draenor,1738,shaman,enhancement,66,41,25
Agathoulis,burning-legion,1738,shaman,enhancement,72,39,33
Одтагад,gordunni,1737,shaman,enhancement,190,104,86
Narevoqi,madmortem,1736,shaman,enhancement,40,28,12
Getahex,ravencrest,1735,shaman,enhancement,23,19,4
Totemilokum,stormscale,1732,shaman,enhancement,48,28,20
Tobanga,malganis,1730,shaman,enhancement,48,29,19
Чаапалах,blackscar,1730,shaman,enhancement,204,99,105
Cch,kazzak,1729,shaman,enhancement,60,34,26
Sonnestorm,tarren-mill,1728,shaman,enhancement,42,26,16
Rabalalaha,twisting-nether,1728,shaman,enhancement,187,96,91
Халльбьерн,howling-fjord,1726,shaman,enhancement,60,36,24
Sswf,kazzak,1725,shaman,enhancement,24,18,6
Obryss,tarren-mill,1725,shaman,enhancement,29,19,10
Kynaz,sanguino,1725,shaman,enhancement,171,83,88
Zerocarè,tarren-mill,1723,shaman,enhancement,24,18,6
Madboys,kazzak,1723,shaman,enhancement,72,39,33
Grytkungen,daggerspine,1722,shaman,enhancement,62,39,23
Архивоитель,soulflayer,1722,shaman,enhancement,40,24,16
Dalgia,tarren-mill,1722,shaman,enhancement,42,25,17
Onepatchman,silvermoon,1722,shaman,enhancement,72,38,34
Lersham,the-maelstrom,1721,shaman,enhancement,65,38,27
Khamo,twisting-nether,1719,shaman,enhancement,83,43,40
Snëakyboom,stormscale,1717,shaman,enhancement,96,46,50
Nachosauce,tarren-mill,1716,shaman,enhancement,30,18,12
Ваншотстайлз,soulflayer,1716,shaman,enhancement,64,34,30
Тралси,howling-fjord,1715,shaman,enhancement,24,18,6
Jaimæ,ravencrest,1715,shaman,enhancement,24,18,6
Lavarage,kazzak,1715,shaman,enhancement,45,30,15
Yogan,dun-modr,1714,shaman,enhancement,68,38,30
Voodoohexman,kazzak,1712,shaman,enhancement,214,117,97
Griins,ravencrest,1711,shaman,enhancement,97,60,37
Stormbreáker,twisting-nether,1711,shaman,enhancement,172,101,71
Babae,draenor,1711,shaman,enhancement,60,25,35
Djsnéak,blackrock,1710,shaman,enhancement,36,18,18
Ludwigson,tarren-mill,1709,shaman,enhancement,104,62,42
Tito,stormscale,1708,shaman,enhancement,72,31,41
Enhx,ravencrest,1707,shaman,enhancement,36,23,13
Nerfrets,malganis,1705,shaman,enhancement,102,62,40
Joanna,frostwolf,1705,shaman,enhancement,66,31,35
Groyaboý,blackrock,1704,shaman,enhancement,24,18,6
Fotmburstwin,blackmoore,1704,shaman,enhancement,42,27,15
Fözk,outland,1704,shaman,enhancement,42,24,18
Akhlýzz,ysondre,1703,shaman,enhancement,51,32,19
Шанья,gordunni,1702,shaman,enhancement,132,65,67
Маелштромс,soulflayer,1699,shaman,enhancement,54,26,28
Caelx,ragnaros,1698,shaman,enhancement,24,18,6
Monamour,twisting-nether,1698,shaman,enhancement,66,40,26
Isucklasso,aegwynn,1698,shaman,enhancement,60,36,24
Pontifhkas,ragnaros,1698,shaman,enhancement,99,58,41
Bluetide,ravencrest,1697,shaman,enhancement,57,38,19
Aswøg,kazzak,1695,shaman,enhancement,30,21,9
Skilltissue,executus,1694,shaman,enhancement,78,42,36
Khrin,blackmoore,1693,shaman,enhancement,42,27,15
Kaimountain,defias-brotherhood,1693,shaman,enhancement,42,26,16
Ostosmvp,ravencrest,1693,shaman,enhancement,42,20,22
Thorâ,frostmane,1692,shaman,enhancement,82,56,26
Typhoön,sanguino,1691,shaman,enhancement,253,131,122
Халльбиорн,gordunni,1691,shaman,enhancement,67,32,35
Царьбер,soulflayer,1690,shaman,enhancement,80,45,35
Lëvi,archimonde,1689,shaman,enhancement,36,25,11
Painshock,outland,1687,shaman,enhancement,123,66,57
Volvíc,tichondrius,1687,shaman,enhancement,42,22,20
Vartarius,arthas,1687,shaman,enhancement,102,53,49
Xxloon,blackrock,1686,shaman,enhancement,182,106,76
Людоед,thermaplugg,1686,shaman,enhancement,136,76,60
Láynert,dun-modr,1685,shaman,enhancement,300,150,150
Ripstorm,sylvanas,1685,shaman,enhancement,48,24,24
Mehex,tarren-mill,1685,shaman,enhancement,54,26,28
Siphem,stormscale,1684,shaman,enhancement,31,23,8
Boltar,die-aldor,1684,shaman,enhancement,44,26,18
Chêlëx,silvermoon,1684,shaman,enhancement,188,101,87
Ekinoz,outland,1683,shaman,enhancement,56,27,29
Skyróxx,blackrock,1682,shaman,enhancement,51,30,21
Tinysalmon,hyjal,1681,shaman,enhancement,30,18,12
Взалходил,soulflayer,1680,shaman,enhancement,41,21,20
Hassebolt,draenor,1678,shaman,enhancement,42,25,17
Akimó,ravencrest,1678,shaman,enhancement,65,34,31
Spetsnazz,archimonde,1678,shaman,enhancement,230,114,116
Gønêxt,ravencrest,1677,shaman,enhancement,33,23,10
Wheygodx,ravencrest,1677,shaman,enhancement,111,58,53
Kedall,archimonde,1676,shaman,enhancement,66,32,34
Athe,conseil-des-ombres,1675,shaman,enhancement,77,42,35
Doomëd,drakthul,1675,shaman,enhancement,48,24,24
Ewion,dalvengyr,1674,shaman,enhancement,54,40,14
Пойдипокури,howling-fjord,1674,shaman,enhancement,126,72,54
Greythunda,archimonde,1672,shaman,enhancement,36,23,13
Shamerific,magtheridon,1672,shaman,enhancement,72,45,27
Гоэл,ashenvale,1672,shaman,enhancement,42,26,16
Blubbers,magtheridon,1671,shaman,enhancement,30,20,10
Lurkmon,twisting-nether,1669,shaman,enhancement,118,62,56
Чифсоса,soulflayer,1668,shaman,enhancement,54,26,28
Jabaraklol,stormscale,1665,shaman,enhancement,103,64,39
Cåmilis,archimonde,1664,shaman,enhancement,60,33,27
Neurax,sanguino,1663,shaman,enhancement,88,47,41
Khelyyn,tarren-mill,1662,shaman,enhancement,76,39,37
Rayoton,burning-legion,1662,shaman,enhancement,72,35,37
Darkning,kazzak,1661,shaman,enhancement,48,29,19
Амфеминка,gordunni,1661,shaman,enhancement,75,34,41
Wafflë,ragnaros,1660,shaman,enhancement,87,46,41
Nibblez,aegwynn,1659,shaman,enhancement,78,50,28
Nînadobrevx,stormscale,1659,shaman,enhancement,147,83,64
Pvegame,tarren-mill,1659,shaman,enhancement,120,65,55
Statikznba,outland,1656,shaman,enhancement,30,18,12
Cheetooth,ragnaros,1652,shaman,enhancement,69,39,30
Лолимин,borean-tundra,1651,shaman,enhancement,51,33,18
Toxicnux,nemesis,1651,shaman,enhancement,60,35,25
Kilomanjaro,bloodfeather,1651,shaman,enhancement,60,32,28
Funkins,hyjal,1651,shaman,enhancement,55,29,26
Tdogfx,blackhand,1650,shaman,enhancement,42,26,16
Purgelord,tarren-mill,1650,shaman,enhancement,80,49,31
Trenhard,wildhammer,1648,shaman,enhancement,65,46,19
Элементи,gordunni,1647,shaman,enhancement,267,144,123
Ïï,archimonde,1647,shaman,enhancement,213,113,100
Testogodx,defias-brotherhood,1646,shaman,enhancement,93,51,42
Turbopuddi,kazzak,1646,shaman,enhancement,89,45,44
Plockepinn,ravencrest,1646,shaman,enhancement,84,38,46
Mulf,darksorrow,1645,shaman,enhancement,88,43,45
Onebutton,archimonde,1644,shaman,enhancement,30,21,9
Hayvaan,blackrock,1644,shaman,enhancement,201,115,86
Ecclîpce,archimonde,1643,shaman,enhancement,84,49,35
Makaar,blackrock,1643,shaman,enhancement,54,28,26
Purada,blackrock,1643,shaman,enhancement,46,23,23
Defiaz,stormscale,1642,shaman,enhancement,52,38,14
Stalkun,elune,1642,shaman,enhancement,54,29,25
Spacelazers,twisting-nether,1641,shaman,enhancement,29,19,10
Энха,howling-fjord,1641,shaman,enhancement,36,21,15
Yobro,archimonde,1639,shaman,enhancement,72,42,30
Порнёреф,howling-fjord,1638,shaman,enhancement,165,98,67
Tornis,terokkar,1638,shaman,enhancement,114,61,53
Kachori,eredar,1638,shaman,enhancement,102,49,53
Zouk,ysondre,1637,shaman,enhancement,30,21,9
Shambamm,stormscale,1637,shaman,enhancement,54,31,23
Fotmglad,blackrock,1637,shaman,enhancement,54,30,24
Чесп,ashenvale,1636,shaman,enhancement,66,36,30
Шаманутый,soulflayer,1635,shaman,enhancement,176,83,93
Ашхикиган,howling-fjord,1634,shaman,enhancement,150,69,81
Elemoont,tarren-mill,1633,shaman,enhancement,48,28,20
Paintball,kazzak,1633,shaman,enhancement,138,74,64
Ойрхин,greymane,1633,shaman,enhancement,54,27,27
Legitbro,ravencrest,1633,shaman,enhancement,48,22,26
Arkîmonde,silvermoon,1632,shaman,enhancement,101,51,50
Alwaysangry,silvermoon,1631,shaman,enhancement,51,29,22
Argarok,argent-dawn,1630,shaman,enhancement,36,22,14
Sswfx,kazzak,1630,shaman,enhancement,30,17,13
Shamrún,sylvanas,1629,shaman,enhancement,60,37,23
Tailin,nozdormu,1629,shaman,enhancement,36,22,14
Sêarix,aegwynn,1628,shaman,enhancement,72,44,28
Lilmozart,twisting-nether,1628,shaman,enhancement,35,18,17
Îzanami,ravencrest,1627,shaman,enhancement,156,88,68
Tartakos,ravencrest,1627,shaman,enhancement,73,41,32
Vann,the-shatar,1627,shaman,enhancement,44,21,23
Johncoltrane,archimonde,1626,shaman,enhancement,54,36,18
Ùseless,archimonde,1626,shaman,enhancement,36,20,16
Traktorchox,draenor,1626,shaman,enhancement,45,24,21
Эбгерсон,soulflayer,1625,shaman,enhancement,222,119,103
Lavalordd,tarren-mill,1625,shaman,enhancement,36,19,17
Chamkalix,sanguino,1623,shaman,enhancement,72,37,35
Reparagos,sanguino,1622,shaman,enhancement,47,27,20
Secramas,ragnaros,1622,shaman,enhancement,145,80,65
Úpli,blackmoore,1621,shaman,enhancement,30,18,12
Twists,sylvanas,1621,shaman,enhancement,36,21,15
Hailele,argent-dawn,1620,shaman,enhancement,38,25,13
Ennuii,blackrock,1620,shaman,enhancement,30,17,13
Oldstorm,ravencrest,1619,shaman,enhancement,40,21,19
Ferconex,kazzak,1619,shaman,enhancement,136,70,66
Пучмек,gordunni,1618,shaman,enhancement,48,35,13
Gøretterøg,ysondre,1618,shaman,enhancement,39,24,15
Shaakez,kazzak,1618,shaman,enhancement,53,30,23
Krishun,blackmoore,1618,shaman,enhancement,55,25,30
Зэбой,howling-fjord,1616,shaman,enhancement,50,33,17
Kæzx,blackrock,1616,shaman,enhancement,66,34,32
Commadore,korgall,1616,shaman,enhancement,42,20,22
Werdup,sunstrider,1616,shaman,enhancement,44,19,25
Sházam,destromath,1615,shaman,enhancement,30,21,9
Arkaos,exodar,1615,shaman,enhancement,67,42,25
Ibicc,twisting-nether,1615,shaman,enhancement,49,26,23
Kagurja,blackmoore,1614,shaman,enhancement,30,21,9
Kilnih,archimonde,1614,shaman,enhancement,30,20,10
Иннреи,howling-fjord,1614,shaman,enhancement,75,46,29
Björnbritta,outland,1614,shaman,enhancement,41,23,18
Heeze,doomhammer,1613,shaman,enhancement,226,123,103
Царьколтрэйн,blackscar,1613,shaman,enhancement,107,56,51
Electricgødx,tarren-mill,1611,shaman,enhancement,30,19,11
Ореганно,howling-fjord,1611,shaman,enhancement,72,40,32
Galthazar,silvermoon,1611,shaman,enhancement,64,35,29
Jondil,das-syndikat,1611,shaman,enhancement,71,37,34
Djimin,sanguino,1611,shaman,enhancement,72,37,35
Чухансмент,gordunni,1610,shaman,enhancement,63,33,30
Лапища,soulflayer,1609,shaman,enhancement,103,62,41
Selticxz,blackrock,1609,shaman,enhancement,30,17,13
Benderbub,blackhand,1609,shaman,enhancement,130,70,60
Totemticks,aegwynn,1609,shaman,enhancement,48,25,23
Шокмужик,gordunni,1608,shaman,enhancement,60,28,32
Voodooms,laughing-skull,1607,shaman,enhancement,77,47,30
Cealdlynn,blackmoore,1607,shaman,enhancement,41,24,17
Elémenta,turalyon,1607,shaman,enhancement,54,30,24
Nuclearjohny,eredar,1607,shaman,enhancement,66,35,31
Mõrax,ysondre,1607,shaman,enhancement,163,82,81
Reisti,stormscale,1606,shaman,enhancement,36,26,10
Ancestro,kazzak,1606,shaman,enhancement,60,32,28
Хаммерн,gordunni,1605,shaman,enhancement,60,32,28
Veteroth,argent-dawn,1605,shaman,enhancement,78,40,38
Palmalecki,ravencrest,1605,shaman,enhancement,60,27,33
Grrud,draenor,1604,shaman,enhancement,42,23,19
Shocktopussi,stormscale,1603,shaman,enhancement,51,32,19
Kohnân,hyjal,1602,shaman,enhancement,71,48,23
Bourdieu,thrall,1602,shaman,enhancement,75,45,30
Фарраон,deathguard,1602,shaman,enhancement,114,66,48
Тандеркок,soulflayer,1602,shaman,enhancement,126,64,62
Draabada,stormscale,1602,shaman,enhancement,81,37,44
Moaxtyr,blackmoore,1601,shaman,enhancement,42,29,13
Boradinn,hyjal,1601,shaman,enhancement,36,21,15
Vulkân,silvermoon,1601,shaman,enhancement,176,97,79
Venomos,kazzak,1601,shaman,enhancement,39,18,21
Tijae,ravencrest,1600,shaman,enhancement,24,19,5
Buuddha,drakthul,1600,shaman,enhancement,71,39,32
Buzz,stormscale,1600,shaman,enhancement,36,19,17
Mmsalatik,nemesis,1600,shaman,enhancement,36,19,17
Amelie,burning-steppes,1597,shaman,enhancement,42,24,18
Kosface,tarren-mill,1597,shaman,enhancement,160,85,75
Faltygo,drakthul,1597,shaman,enhancement,42,22,20
Sndheal,kazzak,1596,shaman,enhancement,24,19,5
Loshohealva,stormscale,1596,shaman,enhancement,48,26,22
Kooda,hyjal,1596,shaman,enhancement,54,29,25
Patsham,wildhammer,1595,shaman,enhancement,125,72,53
Alexmahone,dun-morogh,1595,shaman,enhancement,30,17,13
Razzuan,kazzak,1594,shaman,enhancement,48,26,22
Runeksham,tarren-mill,1592,shaman,enhancement,54,34,20
Belroc,ravencrest,1591,shaman,enhancement,36,19,17
Joanno,aegwynn,1587,shaman,enhancement,24,19,5
Convîcted,grim-batol,1587,shaman,enhancement,71,41,30
Vforvendeta,defias-brotherhood,1585,shaman,enhancement,90,48,42
Shamspam,arathor,1583,shaman,enhancement,36,33,3
Kammek,tarren-mill,1583,shaman,enhancement,81,48,33
Sitkosham,burning-blade,1583,shaman,enhancement,71,42,29
Krassus,drakthul,1583,shaman,enhancement,53,31,22
Äijä,chromaggus,1582,shaman,enhancement,96,51,45
Smozze,grim-batol,1582,shaman,enhancement,201,102,99
Chaeemerok,dun-modr,1582,shaman,enhancement,76,34,42
Brenhilda,blackmoore,1578,shaman,enhancement,78,49,29
Garulf,twisting-nether,1578,shaman,enhancement,87,43,44
Masztaar,ragnaros,1578,shaman,enhancement,152,74,78
Medoje,argent-dawn,1577,shaman,enhancement,30,24,6
Tzaish,blackmoore,1577,shaman,enhancement,46,21,25
Kættmæck,tarren-mill,1576,shaman,enhancement,72,37,35
Kardyo,archimonde,1575,shaman,enhancement,27,17,10
Megazz,drakthul,1575,shaman,enhancement,54,30,24
Ubies,silvermoon,1573,shaman,enhancement,81,45,36
Naïda,conseil-des-ombres,1573,shaman,enhancement,240,116,124
Madmadbro,tarren-mill,1572,shaman,enhancement,204,107,97
Wertih,burning-legion,1570,shaman,enhancement,56,35,21
Slímshámmy,twisting-nether,1570,shaman,enhancement,38,20,18
Urub,draenor,1570,shaman,enhancement,71,36,35
Nøxz,blackmoore,1570,shaman,enhancement,36,18,18
Xwitchdoctor,draenor,1568,shaman,enhancement,77,41,36
Depucova,silvermoon,1566,shaman,enhancement,48,31,17
Juniyaa,blackrock,1566,shaman,enhancement,53,29,24
Azzizael,argent-dawn,1566,shaman,enhancement,108,55,53
Zakgar,ysondre,1564,shaman,enhancement,86,44,42
Thrâwl,kazzak,1563,shaman,enhancement,24,19,5
Tescriamelio,ysondre,1561,shaman,enhancement,30,19,11
Ubramovitch,hyjal,1561,shaman,enhancement,48,25,23
Sûmmêrz,ravencrest,1560,shaman,enhancement,36,22,14
Стихиябороды,gordunni,1560,shaman,enhancement,54,32,22
Freyrr,tarren-mill,1560,shaman,enhancement,59,30,29
Pyrabolt,ravencrest,1560,shaman,enhancement,51,25,26
Ромчи,gordunni,1559,shaman,enhancement,30,17,13
Groumgard,hyjal,1559,shaman,enhancement,62,33,29
Epicenter,bloodscalp,1559,shaman,enhancement,60,29,31
Элетеми,soulflayer,1558,shaman,enhancement,83,45,38
Earthhulk,thrall,1558,shaman,enhancement,55,28,27
Bumbummann,blackmoore,1558,shaman,enhancement,112,55,57
Madzÿ,archimonde,1556,shaman,enhancement,30,18,12
Reverbx,outland,1556,shaman,enhancement,54,27,27
Gnubbzer,antonidas,1556,shaman,enhancement,48,24,24
Yelawolf,shattered-hand,1555,shaman,enhancement,48,29,19
Drshockit,blackrock,1555,shaman,enhancement,48,25,23
Rehgar,frostwhisper,1553,shaman,enhancement,90,45,45
Tiuzzo,alakir,1552,shaman,enhancement,42,23,19
Shawck,ravencrest,1552,shaman,enhancement,46,25,21
Jeki,ysondre,1552,shaman,enhancement,180,87,93
Raveell,defias-brotherhood,1552,shaman,enhancement,112,53,59
Windshockah,tarren-mill,1551,shaman,enhancement,35,21,14
Bozzclqwnx,aegwynn,1550,shaman,enhancement,44,28,16
Estasham,stormscale,1549,shaman,enhancement,156,84,72
Zayliha,ravencrest,1547,shaman,enhancement,36,20,16
Apexpredlol,blackmoore,1546,shaman,enhancement,96,45,51
Kutipaperi,stormscale,1545,shaman,enhancement,65,36,29
Windstørm,tarren-mill,1541,shaman,enhancement,33,19,14
Porphy,kazzak,1541,shaman,enhancement,51,27,24
Soomx,hyjal,1539,shaman,enhancement,86,45,41
Explôsive,silvermoon,1539,shaman,enhancement,96,48,48
Mesrines,archimonde,1536,shaman,enhancement,42,22,20
Kuzsham,archimonde,1534,shaman,enhancement,39,18,21
Плаглорд,howling-fjord,1533,shaman,enhancement,84,47,37
Naturfury,ravencrest,1532,shaman,enhancement,42,30,12
Florgegoyd,eredar,1532,shaman,enhancement,78,53,25
Politemanner,stormscale,1532,shaman,enhancement,30,16,14
Kàffkalafká,blackrock,1531,shaman,enhancement,40,20,20
Онеоне,deathweaver,1530,shaman,enhancement,36,17,19
Дефибо,howling-fjord,1529,shaman,enhancement,204,105,99
Mcbloob,kazzak,1529,shaman,enhancement,111,56,55
Gerethor,burning-legion,1529,shaman,enhancement,105,51,54
Xilz,twisting-nether,1528,shaman,enhancement,113,60,53
Thalir,aegwynn,1526,shaman,enhancement,67,30,37
Axilary,tarren-mill,1525,shaman,enhancement,24,16,8
Cripxo,sanguino,1523,shaman,enhancement,18,16,2
Szublime,stormscale,1523,shaman,enhancement,72,38,34
Veronikka,dalaran,1523,shaman,enhancement,44,19,25
Rubmehtotem,silvermoon,1522,shaman,enhancement,24,16,8
Ревашторм,howling-fjord,1521,shaman,enhancement,36,20,16
Alethea,frostmane,1521,shaman,enhancement,90,46,44
Krovn,aszune,1521,shaman,enhancement,60,27,33
Thralgr,sylvanas,1521,shaman,enhancement,42,18,24
Флэшмэн,blackscar,1520,shaman,enhancement,24,19,5
Mudwalker,ravencrest,1520,shaman,enhancement,33,17,16
Shyne,vashj,1519,shaman,enhancement,48,25,23
Dunî,tarren-mill,1517,shaman,enhancement,48,32,16
Lupisregina,silvermoon,1517,shaman,enhancement,24,16,8
Puumbaa,defias-brotherhood,1517,shaman,enhancement,54,28,26
Pepernootje,sylvanas,1517,shaman,enhancement,70,34,36
Ghobi,blackrock,1516,shaman,enhancement,66,31,35
Wylly,aegwynn,1515,shaman,enhancement,30,16,14
Irønythar,drakthul,1514,shaman,enhancement,53,27,26
Filiduttsham,ravencrest,1513,shaman,enhancement,24,16,8
Cowfeelings,ravencrest,1513,shaman,enhancement,30,16,14
Silden,thrall,1511,shaman,enhancement,18,16,2
Kuubskii,ravencrest,1511,shaman,enhancement,24,16,8
Kijin,kirin-tor,1511,shaman,enhancement,114,57,57
Духсалата,grom,1511,shaman,enhancement,36,16,20
Totemlover,draenor,1510,shaman,enhancement,106,62,44
Tarantan,eredar,1510,shaman,enhancement,61,32,29
Жуксик,greymane,1509,shaman,enhancement,66,31,35
Miriam,stormreaver,1507,shaman,enhancement,48,28,20
Lekthar,draenor,1505,shaman,enhancement,77,43,34
Цс,azuregos,1503,shaman,enhancement,152,79,73
Axahavregryn,kazzak,1503,shaman,enhancement,44,22,22
Асцэндэд,lich-king,1501,shaman,enhancement,36,17,19
Oronakgladx,ravencrest,1500,shaman,enhancement,90,46,44
Bolgrath,blackmoore,1500,shaman,enhancement,115,58,57
Hexwife,archimonde,1500,shaman,enhancement,127,62,65
Гексанол,soulflayer,1499,shaman,enhancement,66,36,30
Imbaone,karazhan,1496,shaman,enhancement,54,31,23
Ashmantle,twisting-nether,1494,shaman,enhancement,48,27,21
Earthshot,magtheridon,1494,shaman,enhancement,52,25,27
Gandy,the-maelstrom,1494,shaman,enhancement,138,66,72
Kurdhran,blackmoore,1493,shaman,enhancement,93,50,43
Chendra,scarshield-legion,1493,shaman,enhancement,125,59,66
Zenka,burning-legion,1492,shaman,enhancement,30,21,9
Пивототем,gordunni,1492,shaman,enhancement,44,25,19
Freadorn,uldaman,1491,shaman,enhancement,24,16,8
Kanaky,hyjal,1491,shaman,enhancement,79,36,43
Nargrul,tarren-mill,1490,shaman,enhancement,56,34,22
Nexdown,archimonde,1490,shaman,enhancement,57,28,29
Atée,silvermoon,1490,shaman,enhancement,87,42,45
Electrify,aegwynn,1489,shaman,enhancement,30,21,9
Tóyzz,ravencrest,1489,shaman,enhancement,48,29,19
Yasaburo,silvermoon,1488,shaman,enhancement,30,18,12
Vascodagama,twisting-nether,1488,shaman,enhancement,48,28,20
Stromkek,eredar,1488,shaman,enhancement,59,33,26
Proccazu,draenor,1487,shaman,enhancement,60,37,23
Fatflop,sylvanas,1486,shaman,enhancement,96,51,45
Kazing,outland,1485,shaman,enhancement,29,16,13
Boulggour,chogall,1485,shaman,enhancement,48,26,22
Rockjuices,twisting-nether,1484,shaman,enhancement,84,50,34
Arashi,rashgarroth,1484,shaman,enhancement,60,32,28
Barthølømew,kazzak,1483,shaman,enhancement,30,18,12
Romacherry,aegwynn,1483,shaman,enhancement,137,74,63
Nyxoqtx,draenor,1481,shaman,enhancement,30,25,5
Juicewillis,defias-brotherhood,1481,shaman,enhancement,84,50,34
Хастурыч,gordunni,1481,shaman,enhancement,66,36,30
Rakermän,dun-modr,1480,shaman,enhancement,40,21,19
Hulcky,grim-batol,1479,shaman,enhancement,60,32,28
Shyrion,onyxia,1478,shaman,enhancement,72,33,39
Skut,zuljin,1476,shaman,enhancement,36,18,18
Trendsetter,frostmane,1475,shaman,enhancement,44,26,18
Souljaman,silvermoon,1475,shaman,enhancement,34,20,14
Chimp,lightnings-blade,1475,shaman,enhancement,36,21,15
Rutil,blackhand,1475,shaman,enhancement,30,17,13
Shooktide,blackrock,1475,shaman,enhancement,30,16,14
Justweirdaf,blackmoore,1475,shaman,enhancement,83,44,39
Rocktopus,outland,1475,shaman,enhancement,57,27,30
Mjjx,blackrock,1471,shaman,enhancement,48,30,18
Enigmar,stormscale,1471,shaman,enhancement,93,43,50
Jawoburst,antonidas,1470,shaman,enhancement,71,35,36
Otacboziji,sylvanas,1470,shaman,enhancement,54,23,31
Vrontes,kazzak,1468,shaman,enhancement,48,29,19
Roovenhance,aegwynn,1467,shaman,enhancement,40,27,13
Шампуньхан,blackscar,1467,shaman,enhancement,82,34,48
Tanjîrø,archimonde,1466,shaman,enhancement,36,20,16
Амг,booty-bay,1465,shaman,enhancement,74,45,29
Дромгрон,howling-fjord,1463,shaman,enhancement,42,22,20
Apekeeper,silvermoon,1461,shaman,enhancement,66,29,37
Stlakañ,chants-éternels,1460,shaman,enhancement,24,20,4
Nubokesel,ragnaros,1460,shaman,enhancement,125,65,60
Itswoland,tarren-mill,1459,shaman,enhancement,40,21,19
Nwäar,archimonde,1457,shaman,enhancement,54,25,29
Твалор,soulflayer,1455,shaman,enhancement,104,56,48
Blackibird,garona,1455,shaman,enhancement,81,39,42
Pilcosham,frostwhisper,1453,shaman,enhancement,77,35,42
Рокмару,soulflayer,1453,shaman,enhancement,41,18,23
Шторсонг,gordunni,1451,shaman,enhancement,74,48,26
Shockthat,draenor,1451,shaman,enhancement,130,73,57
Crowness,ragnaros,1451,shaman,enhancement,71,37,34
Айспик,ashenvale,1451,shaman,enhancement,53,18,35
Pelorta,zuljin,1449,shaman,enhancement,23,16,7
Моктрогтар,ashenvale,1449,shaman,enhancement,54,32,22
Suicidesheep,grim-batol,1447,shaman,enhancement,30,18,12
Filigran,ragnaros,1447,shaman,enhancement,100,54,46
Yaar,alleria,1446,shaman,enhancement,88,51,37
Shaayys,archimonde,1446,shaman,enhancement,125,58,67
Alphas,draenor,1445,shaman,enhancement,44,26,18
Elesilf,sanguino,1445,shaman,enhancement,48,26,22
Dirtymiké,tarren-mill,1444,shaman,enhancement,41,16,25
Barbebiendur,archimonde,1443,shaman,enhancement,48,20,28
Exolnard,twisting-nether,1442,shaman,enhancement,73,42,31
Furrymane,blackmoore,1439,shaman,enhancement,36,24,12
Shamxd,kazzak,1439,shaman,enhancement,71,35,36
Donkingkong,ravencrest,1438,shaman,enhancement,30,16,14
Perunya,tarren-mill,1438,shaman,enhancement,53,27,26
Splat,burning-blade,1437,shaman,enhancement,30,18,12
Ðezûga,antonidas,1437,shaman,enhancement,178,90,88
Jasnäh,ysondre,1437,shaman,enhancement,72,33,39
Jaykelul,frostmane,1436,shaman,enhancement,18,15,3
Valaya,archimonde,1436,shaman,enhancement,128,72,56
Kyshka,tarren-mill,1436,shaman,enhancement,30,15,15
Айбывайбы,howling-fjord,1436,shaman,enhancement,35,17,18
Shámi,gilneas,1435,shaman,enhancement,30,15,15
Stratholmee,drakthul,1432,shaman,enhancement,48,27,21
Лаваяшка,gordunni,1430,shaman,enhancement,48,19,29
Tism,stormscale,1429,shaman,enhancement,28,16,12
Axemodels,archimonde,1429,shaman,enhancement,30,15,15
Arabesk,arygos,1428,shaman,enhancement,102,61,41
Dcanne,outland,1428,shaman,enhancement,99,52,47
Yurkën,uldum,1428,shaman,enhancement,60,29,31
Erupted,draenor,1428,shaman,enhancement,48,20,28
Ират,howling-fjord,1427,shaman,enhancement,42,31,11
Mcslammer,kazzak,1427,shaman,enhancement,114,54,60
Wolfwesti,outland,1426,shaman,enhancement,42,28,14
Джаабб,booty-bay,1426,shaman,enhancement,85,38,47
Twam,outland,1425,shaman,enhancement,30,19,11
Lehit,outland,1424,shaman,enhancement,30,15,15
Rether,nemesis,1424,shaman,enhancement,83,38,45
Durek,sylvanas,1423,shaman,enhancement,59,36,23
Kezron,aegwynn,1422,shaman,enhancement,24,15,9
Darhgan,argent-dawn,1421,shaman,enhancement,36,20,16
Mazokuu,ragnaros,1421,shaman,enhancement,157,85,72
Løktarøgàr,archimonde,1421,shaman,enhancement,59,30,29
Shamãn,draenor,1421,shaman,enhancement,78,36,42
Procctor,kazzak,1420,shaman,enhancement,18,15,3
Zuvx,ravencrest,1420,shaman,enhancement,66,38,28
Жезуш,galakrond,1419,shaman,enhancement,35,21,14
Mèshuggáh,ravencrest,1419,shaman,enhancement,36,17,19
Барракудах,gordunni,1418,shaman,enhancement,170,76,94
Frostýx,draenor,1418,shaman,enhancement,45,20,25
Enkzäm,archimonde,1417,shaman,enhancement,83,47,36
Nejbegrov,ravencrest,1417,shaman,enhancement,66,29,37
Mhoriaak,stormscale,1416,shaman,enhancement,42,22,20
Deathshamãn,stormscale,1415,shaman,enhancement,52,22,30
Xzan,tarren-mill,1414,shaman,enhancement,42,15,27
Hanumanas,kazzak,1412,shaman,enhancement,25,18,7
Атл,deathguard,1411,shaman,enhancement,74,46,28
Jameo,drakthul,1407,shaman,enhancement,114,49,65
Propanengtmr,stormscale,1406,shaman,enhancement,29,15,14
Tyrox,kirin-tor,1406,shaman,enhancement,80,41,39
Язма,grom,1404,shaman,enhancement,54,31,23
Promethxis,silvermoon,1404,shaman,enhancement,30,15,15
Курси,gordunni,1403,shaman,enhancement,198,95,103
Andrewbéelko,drakthul,1402,shaman,enhancement,30,17,13
Noiduttu,tarren-mill,1401,shaman,enhancement,88,55,33
Кесмар,soulflayer,1401,shaman,enhancement,42,23,19
Басари,gordunni,1401,shaman,enhancement,57,29,28
Ðelenis,dun-modr,1401,shaman,enhancement,78,34,44
Lesnitt,kazzak,1401,shaman,enhancement,39,17,22
Pïdòrás,kazzak,1400,shaman,enhancement,23,15,8
Kpåshaman,tarren-mill,1400,shaman,enhancement,30,17,13
Enormo,eredar,1400,shaman,enhancement,36,19,17
Khanaky,hyjal,1399,shaman,enhancement,30,15,15
Lumii,azshara,1399,shaman,enhancement,48,21,27
Bobonbu,forscherliga,1396,shaman,enhancement,29,15,14
Procdaddy,eredar,1396,shaman,enhancement,54,25,29
Дрегтан,howling-fjord,1396,shaman,enhancement,95,42,53
Ghostkod,burning-legion,1395,shaman,enhancement,82,45,37
Экспатриот,greymane,1395,shaman,enhancement,60,31,29
Argonautt,drakthul,1394,shaman,enhancement,119,52,67
Neptun,twisting-nether,1393,shaman,enhancement,107,53,54
Laix,khaz-modan,1392,shaman,enhancement,36,17,19
Kenseienh,kazzak,1391,shaman,enhancement,231,121,110
Cràfty,blackrock,1391,shaman,enhancement,32,16,16
Ягном,soulflayer,1390,shaman,enhancement,41,18,23
Tacøshock,ravencrest,1389,shaman,enhancement,20,16,4
Shockbot,blackmoore,1388,shaman,enhancement,30,20,10
Kïngmuntje,sylvanas,1388,shaman,enhancement,60,32,28
Tornadozzer,burning-legion,1385,shaman,enhancement,86,49,37
Priora,argent-dawn,1383,shaman,enhancement,52,33,19
Kolbászlelkü,ragnaros,1382,shaman,enhancement,30,15,15
Rodneymullen,tarren-mill,1381,shaman,enhancement,35,17,18
Raíndra,twisting-nether,1381,shaman,enhancement,59,24,35
Хрофайс,soulflayer,1379,shaman,enhancement,30,20,10
Igniis,frostmane,1374,shaman,enhancement,42,28,14
Hellskon,silvermoon,1374,shaman,enhancement,23,15,8
Tahsus,blackmoore,1372,shaman,enhancement,42,20,22
Cahuna,stormscale,1371,shaman,enhancement,63,24,39
Outerspace,silvermoon,1370,shaman,enhancement,30,18,12
Бигмамуля,booty-bay,1369,shaman,enhancement,49,26,23
Hatchum,les-sentinelles,1367,shaman,enhancement,78,34,44
Gurtok,drakthul,1366,shaman,enhancement,48,29,19
Watzocham,archimonde,1366,shaman,enhancement,48,22,26
Panicblast,stormscale,1366,shaman,enhancement,35,15,20
Nøve,nemesis,1365,shaman,enhancement,24,16,8
Foulecamp,archimonde,1365,shaman,enhancement,77,34,43
Notoxus,antonidas,1364,shaman,enhancement,78,39,39
Кгб,greymane,1364,shaman,enhancement,102,48,54
Гусан,booty-bay,1361,shaman,enhancement,169,79,90
Zaeh,antonidas,1359,shaman,enhancement,21,16,5
Chämalö,archimonde,1354,shaman,enhancement,151,78,73
Тленозавр,gordunni,1352,shaman,enhancement,93,46,47
Nakenfeigy,stormreaver,1349,shaman,enhancement,54,32,22
Рыргаск,howling-fjord,1349,shaman,enhancement,28,16,12
Exysen,kazzak,1344,shaman,enhancement,24,14,10
Enh,archimonde,1343,shaman,enhancement,24,14,10
Powercolor,aegwynn,1343,shaman,enhancement,24,14,10
Reggard,drakthul,1343,shaman,enhancement,36,20,16
Faydé,stormscale,1343,shaman,enhancement,30,14,16
Даблпамп,howling-fjord,1343,shaman,enhancement,35,16,19
Shockybalbóa,blackmoore,1343,shaman,enhancement,46,19,27
Shamaray,stormscale,1342,shaman,enhancement,119,65,54
Casualhex,argent-dawn,1340,shaman,enhancement,155,71,84
Relampago,eredar,1339,shaman,enhancement,41,19,22
Nyrat,tarren-mill,1338,shaman,enhancement,24,14,10
Chamel,draenor,1337,shaman,enhancement,30,14,16
Jarrek,draenor,1337,shaman,enhancement,54,23,31
Залатар,howling-fjord,1337,shaman,enhancement,63,26,37
Fingor,tarren-mill,1336,shaman,enhancement,24,17,7
Ørgus,aegwynn,1335,shaman,enhancement,317,170,147
Bacheebg,darksorrow,1335,shaman,enhancement,125,66,59
Sûckmytotem,ragnaros,1334,shaman,enhancement,24,14,10
Éàsy,blackmoore,1333,shaman,enhancement,38,20,18
Lavashnikov,burning-legion,1333,shaman,enhancement,168,87,81
Boidarbre,sargeras,1331,shaman,enhancement,42,15,27
Welgor,kult-der-verdammten,1330,shaman,enhancement,42,30,12
Реалайзер,blackscar,1330,shaman,enhancement,24,14,10
Oneshotunía,burning-legion,1330,shaman,enhancement,24,14,10
Shreks,frostmane,1330,shaman,enhancement,48,26,22
Trîkill,hyjal,1329,shaman,enhancement,66,30,36
Палачок,eversong,1328,shaman,enhancement,84,43,41
Moodoo,antonidas,1328,shaman,enhancement,53,20,33
Orshan,draenor,1327,shaman,enhancement,54,30,24
Bærserker,blackmoore,1327,shaman,enhancement,28,15,13
Шрамуля,soulflayer,1326,shaman,enhancement,36,22,14
Magmamonster,tarren-mill,1326,shaman,enhancement,30,14,16
Thundergun,defias-brotherhood,1325,shaman,enhancement,30,18,12
Chamirox,ysondre,1325,shaman,enhancement,54,22,32
Stub,nemesis,1323,shaman,enhancement,28,19,9
Iicks,blackrock,1323,shaman,enhancement,48,21,27
Kanabi,darkspear,1322,shaman,enhancement,30,14,16
Лайтхальзен,howling-fjord,1322,shaman,enhancement,54,22,32
Elektrikci,silvermoon,1321,shaman,enhancement,72,32,40
Tharma,blackmoore,1320,shaman,enhancement,24,14,10
Ошиндра,gordunni,1320,shaman,enhancement,28,15,13
Wârmachiine,burning-legion,1320,shaman,enhancement,84,35,49
Clembute,cthun,1319,shaman,enhancement,48,28,20
Hïgør,hyjal,1319,shaman,enhancement,24,14,10
Пакни,gordunni,1318,shaman,enhancement,30,14,16
Trollomatic,das-syndikat,1317,shaman,enhancement,72,38,34
Hopefully,eredar,1316,shaman,enhancement,24,14,10
Btray,ravencrest,1315,shaman,enhancement,24,14,10
Likesx,ravencrest,1315,shaman,enhancement,30,15,15
Varagun,argent-dawn,1315,shaman,enhancement,45,17,28
Shamanite,drakthul,1314,shaman,enhancement,57,29,28
Treizelol,ysondre,1312,shaman,enhancement,47,25,22
Шабыч,deathguard,1312,shaman,enhancement,60,25,35
Thogrin,bladefist,1311,shaman,enhancement,30,14,16
Maajo,tarren-mill,1309,shaman,enhancement,60,24,36
Lahur,blackmoore,1306,shaman,enhancement,30,19,11
Opráwindfury,stormscale,1305,shaman,enhancement,68,33,35
Qauter,hellfire,1305,shaman,enhancement,30,14,16
Легендашам,soulflayer,1304,shaman,enhancement,30,14,16
Draugrinns,tarren-mill,1302,shaman,enhancement,42,21,21
Blautorkel,amanthul,1302,shaman,enhancement,65,31,34
Groundead,alakir,1300,shaman,enhancement,40,16,24
Rhastasho,archimonde,1299,shaman,enhancement,84,45,39
Åkra,kazzak,1297,shaman,enhancement,28,14,14
Akimboo,kilrogg,1297,shaman,enhancement,78,35,43
Thormarg,archimonde,1296,shaman,enhancement,60,29,31
Trent,tarren-mill,1295,shaman,enhancement,22,15,7
Earthquaker,the-maelstrom,1294,shaman,enhancement,24,14,10
Sunetee,kazzak,1294,shaman,enhancement,54,23,31
Verlas,kazzak,1293,shaman,enhancement,52,26,26
Madppl,outland,1291,shaman,enhancement,37,16,21
Hexd,defias-brotherhood,1291,shaman,enhancement,66,28,38
Kpvn,blackrock,1290,shaman,enhancement,44,20,24
Shambambum,blackrock,1289,shaman,enhancement,113,48,65
Ивми,gordunni,1288,shaman,enhancement,23,14,9
Goatsandoats,doomhammer,1287,shaman,enhancement,24,15,9
Pocahøntas,archimonde,1287,shaman,enhancement,33,15,18
Wedís,outland,1285,shaman,enhancement,60,31,29
Haldrim,blackmoore,1284,shaman,enhancement,27,15,12
Киллдрак,howling-fjord,1283,shaman,enhancement,36,19,17
Срувтапкии,deathguard,1282,shaman,enhancement,54,29,25
Persaunne,archimonde,1282,shaman,enhancement,54,28,26
Juliaroberts,ragnaros,1282,shaman,enhancement,93,46,47
Zandali,tarren-mill,1280,shaman,enhancement,78,44,34
Yeemayne,outland,1279,shaman,enhancement,24,16,8
Idxbi,kazzak,1279,shaman,enhancement,120,66,54
Manrod,tarren-mill,1279,shaman,enhancement,66,34,32
Капарис,deathweaver,1279,shaman,enhancement,76,36,40
Броаркар,razuvious,1277,shaman,enhancement,106,56,50
Cool,tarren-mill,1270,shaman,enhancement,45,18,27
Delgagalduos,kazzak,1267,shaman,enhancement,48,25,23
Vukroth,argent-dawn,1267,shaman,enhancement,54,28,26
Женяшилдх,howling-fjord,1266,shaman,enhancement,23,14,9
Шалман,thermaplugg,1262,shaman,enhancement,325,162,163
Shamaneo,outland,1260,shaman,enhancement,39,26,13
Апинсмок,soulflayer,1260,shaman,enhancement,81,38,43
Baineoof,tarren-mill,1259,shaman,enhancement,41,18,23
Kunancementa,ravencrest,1258,shaman,enhancement,81,34,47
Psychobarbie,outland,1255,shaman,enhancement,23,14,9
Плюжка,greymane,1255,shaman,enhancement,134,73,61
Puncochar,zuljin,1255,shaman,enhancement,30,14,16
Адичал,soulflayer,1253,shaman,enhancement,36,20,16
Gõðzilla,blackmoore,1253,shaman,enhancement,34,17,17
Cavir,burning-blade,1253,shaman,enhancement,48,21,27
Агмень,howling-fjord,1253,shaman,enhancement,139,60,79
Simularcum,kazzak,1252,shaman,enhancement,36,18,18
Тоннимонтана,howling-fjord,1250,shaman,enhancement,26,15,11
Тенав,blackscar,1249,shaman,enhancement,54,28,26
Darkstrong,alakir,1248,shaman,enhancement,30,17,13
Интендо,soulflayer,1247,shaman,enhancement,39,19,20
Guqin,ravencrest,1247,shaman,enhancement,40,19,21
Eclaîr,thrall,1247,shaman,enhancement,30,13,17
Kenjaiir,twisting-nether,1246,shaman,enhancement,18,13,5
Worstshamy,sanguino,1246,shaman,enhancement,18,13,5
Dumbasha,ravencrest,1245,shaman,enhancement,24,13,11
Holten,outland,1245,shaman,enhancement,66,31,35
Ishokyou,thrall,1245,shaman,enhancement,55,24,31
Tauridus,blackrock,1244,shaman,enhancement,18,13,5
Murdá,ravencrest,1244,shaman,enhancement,24,13,11
Alainralso,archimonde,1243,shaman,enhancement,22,14,8
Tryor,darksorrow,1242,shaman,enhancement,24,13,11
Громовойбро,blackscar,1242,shaman,enhancement,24,13,11
Виндфуриа,gordunni,1242,shaman,enhancement,72,36,36
Hichibane,archimonde,1242,shaman,enhancement,30,13,17
Sector,silvermoon,1242,shaman,enhancement,30,13,17
Nêmônin,perenolde,1241,shaman,enhancement,18,13,5
Morkyy,thrall,1241,shaman,enhancement,18,13,5
Ql,twisting-nether,1241,shaman,enhancement,24,13,11
Enoughh,the-maelstrom,1241,shaman,enhancement,24,13,11
Noxstorm,frostwolf,1241,shaman,enhancement,48,23,25
Roastbeef,blackrock,1240,shaman,enhancement,38,21,17
Litenrolixd,tarren-mill,1240,shaman,enhancement,24,13,11
Lava,haomarush,1240,shaman,enhancement,24,13,11
Шамвкроксах,howling-fjord,1240,shaman,enhancement,24,13,11
Beletili,chogall,1240,shaman,enhancement,65,27,38
Trollden,silvermoon,1239,shaman,enhancement,24,13,11
Izaarleus,argent-dawn,1239,shaman,enhancement,44,22,22
Maddogxz,frostwolf,1238,shaman,enhancement,18,13,5
Podoroschnik,blackmoore,1238,shaman,enhancement,30,13,17
Níkíta,hyjal,1237,shaman,enhancement,18,13,5
Kíngzo,archimonde,1237,shaman,enhancement,66,29,37
Рскувосемь,soulflayer,1237,shaman,enhancement,30,13,17
Чёкнутое,soulflayer,1236,shaman,enhancement,45,26,19
Hodir,bronzebeard,1236,shaman,enhancement,40,20,20
Movex,arathor,1235,shaman,enhancement,24,13,11
Volltinus,tarren-mill,1235,shaman,enhancement,36,13,23
Бицэпс,gordunni,1234,shaman,enhancement,24,13,11
Видсон,soulflayer,1234,shaman,enhancement,30,14,16
Tholdrin,outland,1234,shaman,enhancement,30,13,17
Kargos,stormscale,1234,shaman,enhancement,30,13,17
Velkin,thrall,1233,shaman,enhancement,18,13,5
Shoockwave,twisting-nether,1233,shaman,enhancement,24,13,11
Lokresh,azjolnerub,1233,shaman,enhancement,64,32,32
Prømetheüs,sanguino,1231,shaman,enhancement,70,40,30
Ogmehu,stormreaver,1231,shaman,enhancement,57,24,33
Shamomo,hyjal,1230,shaman,enhancement,109,48,61
Lilbantu,ravencrest,1229,shaman,enhancement,48,29,19
Cowkiller,minahonda,1229,shaman,enhancement,42,23,19
Элетар,gordunni,1228,shaman,enhancement,60,26,34
Rätxs,blackhand,1227,shaman,enhancement,24,13,11
Soteuudistus,silvermoon,1227,shaman,enhancement,24,13,11
Stormrex,magtheridon,1226,shaman,enhancement,78,44,34
Другалёк,howling-fjord,1226,shaman,enhancement,70,36,34
Skólt,blackrock,1226,shaman,enhancement,74,36,38
Blitzviech,aegwynn,1226,shaman,enhancement,29,14,15
Silko,wrathbringer,1226,shaman,enhancement,55,24,31
Эйнхарий,howling-fjord,1226,shaman,enhancement,30,13,17
Khorrax,malygos,1224,shaman,enhancement,36,18,18
Slaphappy,hellscream,1221,shaman,enhancement,27,14,13
Bachetobg,darksorrow,1220,shaman,enhancement,59,30,29
Shockaibo,drakthul,1219,shaman,enhancement,30,13,17
Zerandolix,blackrock,1218,shaman,enhancement,44,22,22
Kuse,blackmoore,1218,shaman,enhancement,36,13,23
Korzo,amanthul,1217,shaman,enhancement,34,23,11
Katastrofuss,stormscale,1217,shaman,enhancement,65,34,31
Patites,twisting-nether,1217,shaman,enhancement,60,31,29
Ulvur,blackhand,1216,shaman,enhancement,30,13,17
Тандерхем,gordunni,1215,shaman,enhancement,30,15,15
Dendyre,outland,1214,shaman,enhancement,29,13,16
Dropbax,khaz-modan,1214,shaman,enhancement,54,21,33
Greatthrall,kazzak,1213,shaman,enhancement,38,19,19
Théar,ravencrest,1212,shaman,enhancement,30,15,15
Rhakhatheckh,nemesis,1208,shaman,enhancement,30,13,17
Biglynx,sanguino,1207,shaman,enhancement,132,76,56
Sg,la-croisade-écarlate,1203,shaman,enhancement,55,30,25
Vaesk,auchindoun,1201,shaman,enhancement,60,32,28
Чернышус,soulflayer,1200,shaman,enhancement,50,21,29
Литлсмурф,gordunni,1200,shaman,enhancement,51,21,30
Шамяра,blackscar,1199,shaman,enhancement,18,13,5
Tashunka,twisting-nether,1198,shaman,enhancement,118,54,64
Saduria,antonidas,1194,shaman,enhancement,78,44,34
Gárrok,nerathor,1193,shaman,enhancement,24,13,11
Arcura,twisting-nether,1193,shaman,enhancement,60,31,29
Windfury,sylvanas,1192,shaman,enhancement,69,36,33
Sinkero,hellscream,1192,shaman,enhancement,44,17,27
Allakbarz,stormscale,1190,shaman,enhancement,94,39,55
Hedjin,argent-dawn,1187,shaman,enhancement,66,35,31
Humming,sanguino,1187,shaman,enhancement,63,33,30
Talf,tarren-mill,1186,shaman,enhancement,23,13,10
Ponzu,silvermoon,1184,shaman,enhancement,24,14,10
Sshaasam,tarren-mill,1182,shaman,enhancement,24,15,9
Tênzo,ysondre,1182,shaman,enhancement,30,13,17
Mahlga,argent-dawn,1180,shaman,enhancement,129,62,67
Shamarre,executus,1179,shaman,enhancement,29,13,16
Магмарончик,gordunni,1177,shaman,enhancement,74,36,38
Быковат,booty-bay,1176,shaman,enhancement,42,16,26
Heálmaster,sanguino,1174,shaman,enhancement,34,19,15
Grimtøtem,defias-brotherhood,1173,shaman,enhancement,42,18,24
Fika,the-venture-co,1172,shaman,enhancement,42,25,17
Wolfshade,aggra-português,1172,shaman,enhancement,23,13,10
Tunae,azjolnerub,1170,shaman,enhancement,28,15,13
Maulstrom,pozzo-delleternità,1169,shaman,enhancement,26,17,9
Exinos,sylvanas,1169,shaman,enhancement,35,15,20
Jeppoh,tarren-mill,1168,shaman,enhancement,22,14,8
Nòrgan,die-aldor,1167,shaman,enhancement,13,13,0
Tremuchamy,tyrande,1166,shaman,enhancement,51,28,23
Thossa,draenor,1163,shaman,enhancement,94,49,45
Quartodebue,nemesis,1162,shaman,enhancement,24,13,11
Glibnica,draenor,1160,shaman,enhancement,27,13,14
Волкк,soulflayer,1154,shaman,enhancement,43,21,22
Nurychic,twisting-nether,1154,shaman,enhancement,63,24,39
Fyrkaz,aegwynn,1152,shaman,enhancement,18,12,6
Gorogoró,kazzak,1152,shaman,enhancement,18,12,6
Uselesstwo,archimonde,1152,shaman,enhancement,24,12,12
Тыпроиграл,gordunni,1152,shaman,enhancement,24,12,12
Shootinguard,kazzak,1151,shaman,enhancement,18,12,6
Blyxuhm,argent-dawn,1151,shaman,enhancement,18,12,6
Cløke,stormscale,1151,shaman,enhancement,18,12,6
Seçretweapøn,kazzak,1151,shaman,enhancement,18,12,6
Sangvinus,outland,1151,shaman,enhancement,56,22,34
Brotein,blackmoore,1150,shaman,enhancement,18,12,6
Altotem,blackmoore,1150,shaman,enhancement,18,12,6
Munnar,dalaran,1150,shaman,enhancement,36,16,20
Mustang,twilights-hammer,1150,shaman,enhancement,74,29,45
Scherolol,aegwynn,1149,shaman,enhancement,18,12,6
Jaszczurka,stormrage,1149,shaman,enhancement,18,12,6
Dmgaddict,kazzak,1149,shaman,enhancement,24,12,12
Shamira,nethersturm,1148,shaman,enhancement,30,12,18
Famepolîce,blackrock,1147,shaman,enhancement,18,12,6
Jmpapa,tarren-mill,1147,shaman,enhancement,24,12,12
Kirtach,dun-modr,1146,shaman,enhancement,18,12,6
Sherlokholms,ravencrest,1146,shaman,enhancement,24,12,12
Дректаш,soulflayer,1146,shaman,enhancement,24,12,12
Dianè,stormscale,1145,shaman,enhancement,19,13,6
Zevissh,outland,1144,shaman,enhancement,24,12,12
Cillysha,ravencrest,1143,shaman,enhancement,18,12,6
Shamananas,antonidas,1143,shaman,enhancement,48,17,31
Maurrigan,rashgarroth,1142,shaman,enhancement,18,12,6
Ðexx,stormscale,1141,shaman,enhancement,18,12,6
Yasan,kazzak,1141,shaman,enhancement,73,32,41
Scottish,auchindoun,1140,shaman,enhancement,29,17,12
Бирхэпнс,blackscar,1140,shaman,enhancement,37,15,22
Brooce,sylvanas,1140,shaman,enhancement,30,12,18
Capsoul,ravencrest,1138,shaman,enhancement,24,12,12
Sounoukfrit,dalaran,1138,shaman,enhancement,51,24,27
Ipbar,blackrock,1137,shaman,enhancement,24,13,11
Cementatar,burning-blade,1136,shaman,enhancement,30,15,15
Бурехлест,howling-fjord,1134,shaman,enhancement,24,12,12
Zzadoxor,doomhammer,1134,shaman,enhancement,24,12,12
Pøllemodex,frostwhisper,1132,shaman,enhancement,25,13,12
Madbud,stormscale,1129,shaman,enhancement,23,12,11
Rehgan,ragnaros,1129,shaman,enhancement,24,12,12
Philcallings,tarren-mill,1127,shaman,enhancement,27,13,14
Свистт,fordragon,1127,shaman,enhancement,100,42,58
Yabadabadoo,burning-legion,1127,shaman,enhancement,30,12,18
Даркгрон,thermaplugg,1126,shaman,enhancement,42,17,25
Lumpp,kazzak,1125,shaman,enhancement,42,13,29
Gibspark,twisting-nether,1124,shaman,enhancement,30,17,13
Ðragaø,kazzak,1122,shaman,enhancement,24,12,12
Jaykezap,kazzak,1118,shaman,enhancement,23,12,11
Ипа,thermaplugg,1118,shaman,enhancement,59,30,29
Precíous,sporeggar,1116,shaman,enhancement,40,22,18
Bumm,twisting-nether,1115,shaman,enhancement,36,15,21
Акер,deathguard,1108,shaman,enhancement,24,14,10
Тотемныйчад,gordunni,1104,shaman,enhancement,28,13,15
Боргрим,eversong,1104,shaman,enhancement,46,17,29
Dakotasham,ravencrest,1102,shaman,enhancement,17,12,5
Eneruswag,draenor,1098,shaman,enhancement,29,14,15
Kireekoura,tarren-mill,1097,shaman,enhancement,33,14,19
Лэнгипас,gordunni,1096,shaman,enhancement,159,79,80
Бойкийкот,gordunni,1096,shaman,enhancement,48,22,26
Isladinks,draenor,1096,shaman,enhancement,87,38,49
Janserey,burning-legion,1090,shaman,enhancement,30,12,18
Bantzer,twisting-nether,1089,shaman,enhancement,22,13,9
Kertunsisko,emeriss,1089,shaman,enhancement,48,18,30
Kringspierce,twisting-nether,1086,shaman,enhancement,55,34,21
Eleboss,frostwolf,1082,shaman,enhancement,42,24,18
Эсфира,ashenvale,1082,shaman,enhancement,47,23,24
Хмелецкий,soulflayer,1080,shaman,enhancement,48,27,21
Tookaageeroo,burning-legion,1078,shaman,enhancement,32,15,17
Snoc,guldan,1077,shaman,enhancement,57,26,31
Bábbajaggí,blackrock,1077,shaman,enhancement,30,13,17
Esciamano,nemesis,1074,shaman,enhancement,41,27,14
Анашишка,borean-tundra,1069,shaman,enhancement,42,16,26
Zmech,chamber-of-aspects,1068,shaman,enhancement,25,12,13
Namrdak,quelthalas,1065,shaman,enhancement,54,26,28
Hororka,drakthul,1062,shaman,enhancement,36,12,24
Харрум,soulflayer,1061,shaman,enhancement,56,29,27
Rorenth,blackhand,1061,shaman,enhancement,74,38,36
Zugzie,draenor,1061,shaman,enhancement,48,21,27
Daelements,shadowsong,1059,shaman,enhancement,27,13,14
Vàlentina,blackmoore,1057,shaman,enhancement,111,56,55
Oddsocks,stormscale,1057,shaman,enhancement,108,49,59
Jinckks,anachronos,1056,shaman,enhancement,12,11,1
Axiiom,draenor,1056,shaman,enhancement,18,11,7
Shaddoo,stormscale,1056,shaman,enhancement,18,11,7
Kärmá,stormscale,1056,shaman,enhancement,18,11,7
Fòóxi,ravencrest,1056,shaman,enhancement,156,82,74
Napoulion,khaz-modan,1055,shaman,enhancement,18,11,7
Юрахафанбой,blackscar,1055,shaman,enhancement,18,11,7
Ghostwolfe,ravencrest,1055,shaman,enhancement,18,11,7
Kelvok,silvermoon,1055,shaman,enhancement,18,11,7
Pay,stormscale,1055,shaman,enhancement,18,11,7
Иллюминэйшн,soulflayer,1055,shaman,enhancement,24,11,13
Blutschrei,tarren-mill,1055,shaman,enhancement,93,35,58
Trobø,ravencrest,1055,shaman,enhancement,33,12,21
Ramaka,aegwynn,1054,shaman,enhancement,18,11,7
Berserked,emeriss,1054,shaman,enhancement,18,11,7
Миддей,blackscar,1054,shaman,enhancement,18,11,7
Eliaap,antonidas,1054,shaman,enhancement,153,71,82
Ooupsjr,tarren-mill,1054,shaman,enhancement,24,11,13
Halorah,argent-dawn,1054,shaman,enhancement,39,16,23
Drexx,thrall,1053,shaman,enhancement,18,11,7
Kral,defias-brotherhood,1053,shaman,enhancement,18,11,7
Razush,draenor,1053,shaman,enhancement,18,11,7
Hitmeagain,blackhand,1053,shaman,enhancement,24,11,13
Othu,ragnaros,1053,shaman,enhancement,24,11,13
Onefurall,ragnaros,1052,shaman,enhancement,24,11,13
Wòóshy,ravencrest,1052,shaman,enhancement,24,11,13
Swooch,shattered-hand,1051,shaman,enhancement,12,11,1
Satisfya,ambossar,1051,shaman,enhancement,18,11,7
Gorrissen,sylvanas,1050,shaman,enhancement,24,11,13
Apócalypsee,ravencrest,1050,shaman,enhancement,24,11,13
Xélania,argent-dawn,1050,shaman,enhancement,24,11,13
Щцц,soulflayer,1047,shaman,enhancement,18,11,7
Burstorama,alleria,1047,shaman,enhancement,18,11,7
Navy,frostwolf,1046,shaman,enhancement,18,11,7
Orakl,tarren-mill,1046,shaman,enhancement,24,11,13
Aquæ,suramar,1045,shaman,enhancement,156,83,73
Shamrøck,archimonde,1045,shaman,enhancement,36,18,18
Шамвкроксах,gordunni,1043,shaman,enhancement,24,11,13
Rykon,teldrassil,1043,shaman,enhancement,24,11,13
Wargriman,kelthuzad,1042,shaman,enhancement,35,19,16
Blueberrÿ,grim-batol,1041,shaman,enhancement,24,11,13
Lottery,ragnaros,1041,shaman,enhancement,24,11,13
Totkodem,twisting-nether,1039,shaman,enhancement,38,16,22
Burghezu,magtheridon,1038,shaman,enhancement,36,20,16
Murog,dalaran,1035,shaman,enhancement,19,12,7
Chronochrome,chamber-of-aspects,1034,shaman,enhancement,90,49,41
Cerita,bloodhoof,1029,shaman,enhancement,30,11,19
Wioda,silvermoon,1025,shaman,enhancement,47,27,20
Hyamala,chamber-of-aspects,1021,shaman,enhancement,33,18,15
Øzy,sanguino,1020,shaman,enhancement,24,15,9
Tuzep,bloodscalp,1020,shaman,enhancement,24,12,12
Ironsidé,ragnaros,1020,shaman,enhancement,30,11,19
Broxh,sanguino,1017,shaman,enhancement,56,18,38
Practicetwo,argent-dawn,1015,shaman,enhancement,29,11,18
Kushme,silvermoon,1014,shaman,enhancement,84,36,48
Грейсаша,howling-fjord,1012,shaman,enhancement,20,13,7
Xarozz,blackmoore,1011,shaman,enhancement,60,27,33
Chamtroulku,ysondre,1001,shaman,enhancement,23,11,12
Crespouu,doomhammer,1001,shaman,enhancement,79,36,43
Vegà,thrall,1000,shaman,enhancement,21,13,8
Whizjy,sanguino,993,shaman,enhancement,34,14,20
Freizeitler,antonidas,988,shaman,enhancement,17,11,6
Нуишам,soulflayer,976,shaman,enhancement,18,12,6
Yunero,argent-dawn,975,shaman,enhancement,19,11,8
Krux,burning-blade,967,shaman,enhancement,42,15,27
Malvik,tarren-mill,966,shaman,enhancement,23,11,12
Miøn,kazzak,960,shaman,enhancement,12,10,2
Tätschentim,blackrock,960,shaman,enhancement,12,10,2
Dumhuvud,stormscale,960,shaman,enhancement,12,10,2
Billburr,aegwynn,960,shaman,enhancement,12,10,2
Gixor,silvermoon,960,shaman,enhancement,12,10,2
Махош,blackscar,960,shaman,enhancement,18,10,8
Биттерлинкс,blackscar,960,shaman,enhancement,18,10,8
Likê,aegwynn,960,shaman,enhancement,18,10,8
Crysis,sanguino,960,shaman,enhancement,18,10,8
Bullet,blackmoore,960,shaman,enhancement,18,10,8
Dwarfstil,blackmoore,960,shaman,enhancement,21,11,10
Ræi,drakthul,959,shaman,enhancement,12,10,2
Акаварри,gordunni,959,shaman,enhancement,12,10,2
Flameshock,stormreaver,959,shaman,enhancement,12,10,2
Sìberiano,pozzo-delleternità,959,shaman,enhancement,18,10,8
Atis,the-maelstrom,959,shaman,enhancement,18,10,8
Elevotor,kult-der-verdammten,959,shaman,enhancement,18,10,8
Windypops,tarren-mill,959,shaman,enhancement,18,10,8
Asçele,kazzak,959,shaman,enhancement,18,10,8
Hariboo,arthas,959,shaman,enhancement,18,10,8
Fernik,sanguino,959,shaman,enhancement,24,10,14
Bakakas,outland,959,shaman,enhancement,24,10,14
Lightning,aszune,959,shaman,enhancement,24,10,14
Ugory,die-aldor,958,shaman,enhancement,12,10,2
Numeschnäu,eredar,958,shaman,enhancement,12,10,2
Evííl,tarren-mill,958,shaman,enhancement,12,10,2
Колаэнжоер,soulflayer,958,shaman,enhancement,23,13,10
Hurb,malorne,958,shaman,enhancement,18,10,8
Myngo,thrall,958,shaman,enhancement,18,10,8
Moosavi,kazzak,958,shaman,enhancement,18,10,8
Stormkëëpër,stormscale,958,shaman,enhancement,51,19,32
Ironlionzion,ragnaros,957,shaman,enhancement,21,11,10
Таиров,soulflayer,956,shaman,enhancement,12,10,2
Shockndawe,kazzak,956,shaman,enhancement,18,10,8
Pushs,archimonde,956,shaman,enhancement,18,10,8
Towi,krasus,955,shaman,enhancement,12,10,2
Ybbarcs,eredar,955,shaman,enhancement,18,10,8
Krakennm,dalaran,955,shaman,enhancement,61,28,33
Nâs,kazzak,955,shaman,enhancement,24,10,14
Pureflame,silvermoon,955,shaman,enhancement,24,10,14
Tufftnamn,frostmane,955,shaman,enhancement,24,10,14
Charth,ravencrest,954,shaman,enhancement,49,18,31
Carcksn,nerathor,951,shaman,enhancement,18,10,8
Nazma,blackhand,949,shaman,enhancement,12,10,2
Rushfabi,aegwynn,948,shaman,enhancement,24,10,14
Wuchtzwerg,terrordar,945,shaman,enhancement,12,10,2
Nezuka,turalyon,944,shaman,enhancement,22,11,11
Sìrenia,tarren-mill,934,shaman,enhancement,20,12,8
Чухмандос,gordunni,932,shaman,enhancement,23,11,12
Nethershock,blackmoore,928,shaman,enhancement,84,44,40
Drocthar,defias-brotherhood,928,shaman,enhancement,24,10,14
Elrayitos,shendralar,927,shaman,enhancement,22,10,12
Cimer,sargeras,921,shaman,enhancement,89,39,50
Chamanauzore,hyjal,920,shaman,enhancement,30,10,20
Gruldo,tarren-mill,915,shaman,enhancement,35,10,25
Sardemar,defias-brotherhood,914,shaman,enhancement,24,13,11
Eomsham,magtheridon,912,shaman,enhancement,21,10,11
Twotwozero,defias-brotherhood,908,shaman,enhancement,35,14,21
Тыщатристах,howling-fjord,903,shaman,enhancement,18,11,7
Stubby,nagrand,903,shaman,enhancement,31,14,17
Ultaz,ravencrest,901,shaman,enhancement,34,10,24
Ластыч,borean-tundra,900,shaman,enhancement,30,13,17
Mendoz,nazjatar,898,shaman,enhancement,92,45,47
Ryujìñjakka,culte-de-la-rive-noire,892,shaman,enhancement,36,16,20
Awsomo,ravencrest,891,shaman,enhancement,29,10,19
Hammerkiller,kilrogg,888,shaman,enhancement,26,10,16
Bimms,eredar,879,shaman,enhancement,19,10,9
Mimsy,hyjal,876,shaman,enhancement,53,21,32
Rylidare,khaz-modan,865,shaman,enhancement,65,28,37
Faroh,ravencrest,864,shaman,enhancement,12,9,3
Turbothea,blackmoore,864,shaman,enhancement,12,9,3
Hexftw,khaz-modan,864,shaman,enhancement,12,9,3
Shockkanta,antonidas,864,shaman,enhancement,12,9,3
Йодаримару,howling-fjord,864,shaman,enhancement,12,9,3
Blackyx,dun-modr,864,shaman,enhancement,12,9,3
Khylejenner,kazzak,864,shaman,enhancement,12,9,3
Martini,tichondrius,864,shaman,enhancement,15,10,5
Procdaddy,stormscale,864,shaman,enhancement,18,9,9
Dwarfovic,ravencrest,864,shaman,enhancement,18,9,9
Deadwôlf,stormscale,864,shaman,enhancement,18,9,9
Eshami,tarren-mill,864,shaman,enhancement,18,9,9
Tswiftx,tarren-mill,864,shaman,enhancement,18,9,9
Gopimusprime,twisting-nether,864,shaman,enhancement,18,9,9
Шамунчез,gordunni,863,shaman,enhancement,12,9,3
Dolkoditch,outland,863,shaman,enhancement,12,9,3
Zðhan,azshara,863,shaman,enhancement,18,9,9
Nazgréll,tarren-mill,863,shaman,enhancement,18,9,9
Fabz,twisting-nether,863,shaman,enhancement,18,9,9
Réläx,kazzak,863,shaman,enhancement,18,9,9
Shockrates,pozzo-delleternità,863,shaman,enhancement,18,9,9
Nëÿrën,drakthul,863,shaman,enhancement,18,9,9
Taraesh,blackhand,863,shaman,enhancement,18,9,9
Nìno,azshara,863,shaman,enhancement,18,9,9
Keisys,kazzak,863,shaman,enhancement,18,9,9
Purgey,ravencrest,863,shaman,enhancement,18,9,9
Jhagy,archimonde,863,shaman,enhancement,18,9,9
Bloodlusts,archimonde,863,shaman,enhancement,19,9,10
Sgtspyke,ragnaros,863,shaman,enhancement,24,9,15
Jabja,antonidas,862,shaman,enhancement,18,9,9
Tuncha,runetotem,862,shaman,enhancement,18,9,9
Azrodas,defias-brotherhood,862,shaman,enhancement,18,9,9
Mástà,onyxia,862,shaman,enhancement,18,9,9
Pissluffer,tarren-mill,862,shaman,enhancement,18,9,9
Еонса,howling-fjord,862,shaman,enhancement,18,9,9
Brigantino,burning-legion,862,shaman,enhancement,18,9,9
Gagné,hyjal,862,shaman,enhancement,18,9,9
Jaydc,silvermoon,862,shaman,enhancement,22,9,13
Ордосус,gordunni,862,shaman,enhancement,24,9,15
Elemefayoh,tarren-mill,862,shaman,enhancement,24,9,15
Wolfmane,twisting-nether,862,shaman,enhancement,30,9,21
Seriux,twisting-nether,860,shaman,enhancement,15,10,5
Messedmyself,outland,860,shaman,enhancement,18,9,9
Rashtar,ravencrest,860,shaman,enhancement,18,9,9
Jockin,tarren-mill,860,shaman,enhancement,24,9,15
Gälädhan,ysondre,859,shaman,enhancement,24,12,12
Laghärta,dun-modr,859,shaman,enhancement,24,12,12
Doclava,twisting-nether,859,shaman,enhancement,18,9,9
Hexrated,draenor,859,shaman,enhancement,21,10,11
Justblow,twisting-nether,859,shaman,enhancement,19,9,10
Çaycî,blackhand,858,shaman,enhancement,12,9,3
Jorny,burning-legion,858,shaman,enhancement,30,9,21
Loko,terokkar,857,shaman,enhancement,18,9,9
Furioous,ravencrest,857,shaman,enhancement,18,9,9
Yzeed,argent-dawn,856,shaman,enhancement,18,9,9
Shamsterr,karazhan,852,shaman,enhancement,18,9,9
Kassyoh,hyjal,852,shaman,enhancement,18,9,9
Mcbayn,tarren-mill,852,shaman,enhancement,30,9,21
Slavazsu,draenor,851,shaman,enhancement,18,9,9
Shamaniak,tarren-mill,851,shaman,enhancement,30,9,21
Earthvixen,ravencrest,850,shaman,enhancement,29,14,15
Biphrost,nemesis,847,shaman,enhancement,42,18,24
Рэйпушка,gordunni,847,shaman,enhancement,23,9,14
Shaminista,ravencrest,836,shaman,enhancement,18,9,9
Мигнтз,soulflayer,831,shaman,enhancement,17,9,8
Buldozar,blackmoore,831,shaman,enhancement,28,9,19
Lamoulastorm,chogall,828,shaman,enhancement,17,9,8
Blackmuamba,tarren-mill,828,shaman,enhancement,24,10,14
Deeblu,nemesis,821,shaman,enhancement,24,9,15
Paschol,aegwynn,816,shaman,enhancement,21,9,12
Aeisey,archimonde,814,shaman,enhancement,17,9,8
Exereon,ravencrest,808,shaman,enhancement,20,11,9
Мамонтшам,howling-fjord,808,shaman,enhancement,17,9,8
Dami,die-aldor,808,shaman,enhancement,21,11,10
Ìkarus,eredar,804,shaman,enhancement,40,17,23
Elcoustillou,throkferoth,800,shaman,enhancement,52,16,36
Vix,argent-dawn,799,shaman,enhancement,14,9,5
Тмх,ashenvale,799,shaman,enhancement,22,9,13
Xakum,stormscale,794,shaman,enhancement,14,10,4
Nuluadroguri,twisting-nether,793,shaman,enhancement,22,9,13
Hamstéole,hyjal,784,shaman,enhancement,16,9,7
Razgriz,confrérie-du-thorium,784,shaman,enhancement,19,9,10
Koiru,argent-dawn,782,shaman,enhancement,19,9,10
Maksimon,blackrock,768,shaman,enhancement,12,8,4
Sleven,twisting-nether,768,shaman,enhancement,12,8,4
Mowjo,la-croisade-écarlate,768,shaman,enhancement,12,8,4
Blimblau,stormrage,768,shaman,enhancement,12,8,4
Khorgam,twisting-nether,768,shaman,enhancement,12,8,4
Cocolopez,tichondrius,768,shaman,enhancement,12,8,4
Shamroyce,blackhand,768,shaman,enhancement,12,8,4
Qätär,ravencrest,768,shaman,enhancement,12,8,4
Tàvèrnellø,nemesis,768,shaman,enhancement,12,8,4
Achtungblitz,blackrock,768,shaman,enhancement,12,8,4
Sødeskat,twisting-nether,768,shaman,enhancement,12,8,4
Dêblâzê,thrall,768,shaman,enhancement,12,8,4
Бурапи,howling-fjord,768,shaman,enhancement,12,8,4
Thunderdøme,stormscale,768,shaman,enhancement,12,8,4
Casymi,ravencrest,768,shaman,enhancement,12,8,4
Драгенхз,gordunni,768,shaman,enhancement,12,8,4
Hapkin,defias-brotherhood,768,shaman,enhancement,12,8,4
Flamii,burning-legion,768,shaman,enhancement,12,8,4
Trankilo,silvermoon,768,shaman,enhancement,12,8,4
Healníx,ravencrest,768,shaman,enhancement,12,8,4
Olej,burning-legion,768,shaman,enhancement,12,8,4
Trulor,stormscale,768,shaman,enhancement,12,8,4
Bufalan,uldum,768,shaman,enhancement,12,8,4
Drade,aegwynn,768,shaman,enhancement,14,8,6
Neystee,archimonde,768,shaman,enhancement,18,8,10
Aspên,archimonde,768,shaman,enhancement,18,8,10
Bmtotem,twisting-nether,768,shaman,enhancement,18,8,10
Gnomecake,vashj,768,shaman,enhancement,18,8,10
Babal,outland,768,shaman,enhancement,24,8,16
Naahma,hyjal,768,shaman,enhancement,24,8,16
Complete,hyjal,767,shaman,enhancement,12,8,4
Wonderman,jaedenar,767,shaman,enhancement,12,8,4
Fakeyy,draenor,767,shaman,enhancement,12,8,4
Ericlomax,frostwhisper,767,shaman,enhancement,12,8,4
Ichboxdich,madmortem,767,shaman,enhancement,12,8,4
Wawawoowee,archimonde,767,shaman,enhancement,12,8,4
Carlos,magtheridon,767,shaman,enhancement,18,8,10
Vemvardetsom,stormreaver,767,shaman,enhancement,18,8,10
Barneyflight,ravencrest,767,shaman,enhancement,18,8,10
Pinkylol,stormscale,767,shaman,enhancement,18,8,10
Tschacô,malganis,767,shaman,enhancement,18,8,10
Qzaah,garona,767,shaman,enhancement,18,8,10
Gonzprime,burning-legion,767,shaman,enhancement,18,8,10
Szamanito,turalyon,767,shaman,enhancement,18,8,10
Tonifo,nemesis,767,shaman,enhancement,18,8,10
Zaappyboii,azjolnerub,767,shaman,enhancement,18,8,10
Ratnandez,outland,767,shaman,enhancement,18,8,10
Neroty,blackmoore,767,shaman,enhancement,18,8,10
Rázzìm,eredar,767,shaman,enhancement,18,8,10
Nínive,zuljin,767,shaman,enhancement,18,8,10
Nahkasika,defias-brotherhood,767,shaman,enhancement,18,8,10
Нимххе,borean-tundra,766,shaman,enhancement,12,8,4
Snuskilaban,tarren-mill,766,shaman,enhancement,12,8,4
Икзок,soulflayer,766,shaman,enhancement,18,8,10
Târu,blackrock,766,shaman,enhancement,24,8,16
Niveamann,eredar,765,shaman,enhancement,12,8,4
Rosewall,twisting-nether,765,shaman,enhancement,12,8,4
Elektekk,blackrock,765,shaman,enhancement,16,9,7
Lôù,archimonde,765,shaman,enhancement,18,8,10
Dillerfranz,stormscale,765,shaman,enhancement,18,8,10
Энхким,soulflayer,765,shaman,enhancement,32,8,24
Ronctaha,blackrock,764,shaman,enhancement,12,8,4
Strygwyrl,doomhammer,764,shaman,enhancement,18,8,10
Carusø,thrall,764,shaman,enhancement,18,8,10
Fashess,sunstrider,764,shaman,enhancement,18,8,10
Vilberoo,ravencrest,764,shaman,enhancement,24,8,16
Зулкунд,soulflayer,763,shaman,enhancement,18,8,10
Hectoraïus,ysondre,763,shaman,enhancement,18,8,10
Fourbevent,archimonde,762,shaman,enhancement,12,8,4
Jangal,die-nachtwache,762,shaman,enhancement,13,8,5
Màverìck,nemesis,761,shaman,enhancement,12,8,4
Sifu,ragnaros,761,shaman,enhancement,12,8,4
Тилливилли,howling-fjord,761,shaman,enhancement,12,8,4
Йовва,soulflayer,760,shaman,enhancement,12,8,4
Azabi,defias-brotherhood,756,shaman,enhancement,24,8,16
Шамблабла,soulflayer,756,shaman,enhancement,30,8,22
Grommalgue,hyjal,750,shaman,enhancement,18,8,10
Fotmslave,laughing-skull,749,shaman,enhancement,15,10,5
Asogg,archimonde,743,shaman,enhancement,24,9,15
Залазани,soulflayer,735,shaman,enhancement,18,8,10
Argueaner,eonar,721,shaman,enhancement,28,9,19
Negårn,tarren-mill,719,shaman,enhancement,11,8,3
Macoox,drakthul,719,shaman,enhancement,15,8,7
Xereús,kazzak,718,shaman,enhancement,23,8,15
Ihealbro,blackrock,714,shaman,enhancement,16,11,5
Teyshtwö,archimonde,714,shaman,enhancement,20,9,11
Pospodrol,ragnaros,704,shaman,enhancement,16,8,8
Faridstreng,blackmoore,703,shaman,enhancement,11,8,3
Spajry,drakthul,702,shaman,enhancement,14,8,6
Lavashock,tarren-mill,700,shaman,enhancement,28,8,20
Chàrlord,twisting-nether,688,shaman,enhancement,19,8,11
Tiamât,culte-de-la-rive-noire,685,shaman,enhancement,19,8,11
Bärtigeberta,aegwynn,672,shaman,enhancement,10,8,2
Proper,tichondrius,672,shaman,enhancement,12,7,5
Relentlessqt,aegwynn,672,shaman,enhancement,12,7,5
Sparkii,kazzak,672,shaman,enhancement,12,7,5
Djonebutton,kazzak,672,shaman,enhancement,12,7,5
Roineé,draenor,672,shaman,enhancement,12,7,5
Turbosaab,draenor,672,shaman,enhancement,12,7,5
Blazingfiré,tarren-mill,672,shaman,enhancement,12,7,5
Primez,twilights-hammer,672,shaman,enhancement,12,7,5
Raketsven,dentarg,672,shaman,enhancement,12,7,5
Cloùt,the-maelstrom,672,shaman,enhancement,12,7,5
Magharro,kazzak,672,shaman,enhancement,12,7,5
Fudgekek,ravencrest,672,shaman,enhancement,12,7,5
Эоя,howling-fjord,672,shaman,enhancement,12,7,5
Инсэйнгодх,soulflayer,672,shaman,enhancement,12,7,5
Shamohd,ravencrest,672,shaman,enhancement,12,7,5
Runè,azjolnerub,672,shaman,enhancement,12,7,5
Metalbeef,xavius,672,shaman,enhancement,12,7,5
Virrogs,argent-dawn,672,shaman,enhancement,12,7,5
Kickapoo,outland,672,shaman,enhancement,12,7,5
Âlphan,silvermoon,672,shaman,enhancement,12,7,5
Akatuseiwah,blackrock,672,shaman,enhancement,12,7,5
Preams,blackrock,672,shaman,enhancement,12,7,5
Vutututututu,ragnaros,672,shaman,enhancement,12,7,5
Faeroox,ravencrest,672,shaman,enhancement,12,7,5
Нерезшок,soulflayer,672,shaman,enhancement,18,7,11
Horiq,kazzak,672,shaman,enhancement,18,7,11
Élisabethtwo,culte-de-la-rive-noire,672,shaman,enhancement,18,7,11
Irmax,stormscale,672,shaman,enhancement,18,7,11
Ghettocheff,blackmoore,672,shaman,enhancement,18,7,11
Ðeron,dun-modr,672,shaman,enhancement,18,7,11
Cryrothx,outland,672,shaman,enhancement,18,7,11
Shougaku,blackrock,672,shaman,enhancement,18,7,11
Boulestraan,silvermoon,672,shaman,enhancement,18,7,11
Fiskätarn,kazzak,672,shaman,enhancement,21,8,13
Swoltz,argent-dawn,672,shaman,enhancement,24,7,17
Фастэра,soulflayer,672,shaman,enhancement,24,7,17
Meangreen,stormscale,671,shaman,enhancement,12,7,5
Balfalor,antonidas,671,shaman,enhancement,12,7,5
Stormfury,balnazzar,671,shaman,enhancement,12,7,5
Okmogar,khaz-modan,671,shaman,enhancement,12,7,5
Napwak,hyjal,671,shaman,enhancement,12,7,5
Outhell,sylvanas,671,shaman,enhancement,12,7,5
Dénekha,zuljin,671,shaman,enhancement,12,7,5
Wiev,blackmoore,671,shaman,enhancement,12,7,5
Dwarfofwar,ravencrest,671,shaman,enhancement,12,7,5
Kejazal,blackrock,671,shaman,enhancement,12,7,5
Birnenpfeffi,malfurion,671,shaman,enhancement,12,7,5
Джоннси,howling-fjord,671,shaman,enhancement,12,7,5
Phookov,ravencrest,671,shaman,enhancement,12,7,5
Mícheller,ravencrest,671,shaman,enhancement,12,7,5
Lorios,boulderfist,671,shaman,enhancement,12,7,5
Thalmorius,argent-dawn,671,shaman,enhancement,12,7,5
Gyuksz,arathor,671,shaman,enhancement,15,7,8
Sajma,silvermoon,671,shaman,enhancement,18,7,11
Atixz,blackmoore,671,shaman,enhancement,18,7,11
Teenx,auchindoun,671,shaman,enhancement,18,7,11
Tonitøtem,onyxia,671,shaman,enhancement,18,7,11
Götveren,eredar,671,shaman,enhancement,18,7,11
Agrok,jaedenar,671,shaman,enhancement,18,7,11
Cbshaman,sylvanas,671,shaman,enhancement,18,7,11
Lafia,blackrock,671,shaman,enhancement,18,7,11
Bigmassage,blackmoore,671,shaman,enhancement,18,7,11
Fanatroka,ravencrest,671,shaman,enhancement,18,7,11
Mørwayn,ysondre,670,shaman,enhancement,12,7,5
Polarboy,blackmoore,670,shaman,enhancement,12,7,5
Shockýbalboa,ragnaros,670,shaman,enhancement,18,7,11
Elijaá,nordrassil,670,shaman,enhancement,18,7,11
Phizzik,ravencrest,670,shaman,enhancement,18,7,11
Sacrx,dalaran,670,shaman,enhancement,24,7,17
Spirites,drakthul,667,shaman,enhancement,12,7,5
Viandehachee,dalaran,667,shaman,enhancement,12,7,5
Wartay,doomhammer,667,shaman,enhancement,12,7,5
Orli,aszune,667,shaman,enhancement,18,7,11
Zoghzog,elune,667,shaman,enhancement,18,7,11
Weaslêy,frostwolf,660,shaman,enhancement,18,7,11
Shelara,drakthul,658,shaman,enhancement,12,7,5
Фролыч,deathguard,645,shaman,enhancement,23,9,14
Maskiimon,blackrock,639,shaman,enhancement,14,8,6
Hemradi,blackmoore,638,shaman,enhancement,11,7,4
Tianoele,drakthul,624,shaman,enhancement,9,8,1
Zerodown,outland,614,shaman,enhancement,20,8,12
Skillxdxdxd,outland,608,shaman,enhancement,16,7,9
Watchmeplz,archimonde,608,shaman,enhancement,16,7,9
Перегной,ashenvale,607,shaman,enhancement,22,7,15
Buffmepls,sanguino,607,shaman,enhancement,24,7,17
Silataf,hyjal,576,shaman,enhancement,10,6,4
Thundersioux,ravencrest,576,shaman,enhancement,12,6,6
Thunderwill,sanguino,576,shaman,enhancement,12,6,6
Berethar,burning-blade,576,shaman,enhancement,12,6,6
Detestable,eredar,576,shaman,enhancement,12,6,6
Dabbadabba,silvermoon,576,shaman,enhancement,12,6,6
Kärmá,lightbringer,576,shaman,enhancement,12,6,6
Furystrikez,frostwolf,576,shaman,enhancement,12,6,6
Searfang,korgall,576,shaman,enhancement,12,6,6
Shamazam,ravencrest,576,shaman,enhancement,12,6,6
Buffresto,kazzak,576,shaman,enhancement,12,6,6
Gruggosh,argent-dawn,576,shaman,enhancement,12,6,6
Proccity,stormscale,576,shaman,enhancement,12,6,6
Биттерлинкс,soulflayer,576,shaman,enhancement,12,6,6
Sebikzap,ravencrest,576,shaman,enhancement,12,6,6
Sciulz,nemesis,576,shaman,enhancement,12,6,6
Bichîk,archimonde,576,shaman,enhancement,12,6,6
Totemtrine,ravencrest,576,shaman,enhancement,12,6,6
Вайгачи,soulflayer,576,shaman,enhancement,12,6,6
Lurtax,outland,576,shaman,enhancement,12,6,6
Remkoo,blackrock,576,shaman,enhancement,12,6,6
Thëhêxfäçtør,tarren-mill,576,shaman,enhancement,12,6,6
Thunderhøøf,blackhand,576,shaman,enhancement,12,6,6
Szelenamoonx,outland,576,shaman,enhancement,12,6,6
Leasysham,antonidas,576,shaman,enhancement,12,6,6
Noneedshaman,stormscale,576,shaman,enhancement,12,6,6
Degstaerian,ysera,576,shaman,enhancement,12,6,6
ßaßystärz,hyjal,576,shaman,enhancement,12,6,6
Imotii,burning-legion,576,shaman,enhancement,12,6,6
Zerak,twisting-nether,576,shaman,enhancement,15,7,8
Rejrax,ravencrest,576,shaman,enhancement,18,6,12
Dagoahgra,sanguino,576,shaman,enhancement,18,6,12
Stephelord,blackmoore,576,shaman,enhancement,18,6,12
Haasshaman,ravencrest,576,shaman,enhancement,18,6,12
Deadwölf,outland,576,shaman,enhancement,18,6,12
Dökowski,nemesis,576,shaman,enhancement,24,6,18
Ударбуридуде,howling-fjord,576,shaman,enhancement,24,6,18
Gnark,dun-modr,575,shaman,enhancement,9,7,2
Apolomaeuz,frostwolf,575,shaman,enhancement,12,6,6
Finni,hyjal,575,shaman,enhancement,12,6,6
Rink,frostmane,575,shaman,enhancement,12,6,6
Dergat,pozzo-delleternità,575,shaman,enhancement,12,6,6
Сакмастер,howling-fjord,575,shaman,enhancement,12,6,6
Nabq,hyjal,575,shaman,enhancement,12,6,6
Mefhaman,tarren-mill,575,shaman,enhancement,12,6,6
Carakh,archimonde,575,shaman,enhancement,12,6,6
Энхолет,soulflayer,575,shaman,enhancement,12,6,6
Tatyabis,drekthar,575,shaman,enhancement,12,6,6
Rykarn,eredar,575,shaman,enhancement,15,7,8
Shawnmendes,kazzak,575,shaman,enhancement,15,7,8
Darkcleaver,drakthul,575,shaman,enhancement,18,6,12
Sturmbréchér,area-52,575,shaman,enhancement,18,6,12
Ashgar,drakthul,575,shaman,enhancement,18,6,12
Saulty,archimonde,575,shaman,enhancement,18,6,12
Yousainlbolt,blackrock,575,shaman,enhancement,24,6,18
Tholatir,silvermoon,575,shaman,enhancement,24,6,18
Amonshokz,tarren-mill,574,shaman,enhancement,18,6,12
Chamaiko,kaelthas,574,shaman,enhancement,18,6,12
Zuziki,argent-dawn,573,shaman,enhancement,12,6,6
Thormyr,dalaran,573,shaman,enhancement,18,6,12
Дядяшаман,gordunni,573,shaman,enhancement,24,6,18
Nicesky,antonidas,572,shaman,enhancement,12,6,6
Vainerish,malygos,571,shaman,enhancement,12,6,6
Zeuuss,zuljin,565,shaman,enhancement,12,6,6
Агирук,goldrinn,564,shaman,enhancement,13,6,7
Hurtigtotem,ravencrest,558,shaman,enhancement,15,7,8
Xhahal,hyjal,521,shaman,enhancement,19,7,12
Johnyexe,drakthul,515,shaman,enhancement,14,7,7
Guzguzguz,blackhand,511,shaman,enhancement,14,6,8
Ruintotems,twisting-nether,510,shaman,enhancement,11,7,4
Synergizer,kazzak,480,shaman,enhancement,6,5,1
Genrok,burning-blade,480,shaman,enhancement,6,5,1
Ðevi,ravencrest,480,shaman,enhancement,6,5,1
Drímé,ravencrest,480,shaman,enhancement,6,5,1
Nargaz,burning-legion,480,shaman,enhancement,6,5,1
Епуклопов,soulflayer,480,shaman,enhancement,6,5,1
Bârtmân,blackmoore,480,shaman,enhancement,6,5,1
Whïtewïdøw,ysondre,480,shaman,enhancement,6,5,1
Øutfox,silvermoon,480,shaman,enhancement,6,5,1
Wooyoungsham,sylvanas,480,shaman,enhancement,6,5,1
Windsòng,stormscale,480,shaman,enhancement,6,5,1
Svetosham,wildhammer,480,shaman,enhancement,6,5,1
Seaview,silvermoon,480,shaman,enhancement,6,5,1
Jumborumbo,quelthalas,480,shaman,enhancement,6,5,1
Torcok,sanguino,480,shaman,enhancement,6,5,1
Dianshaman,ravencrest,480,shaman,enhancement,10,6,4
Deådwolf,stormscale,480,shaman,enhancement,11,6,5
Xoul,aegwynn,480,shaman,enhancement,12,5,7
Chiwas,outland,480,shaman,enhancement,12,5,7
Getahex,draenor,480,shaman,enhancement,12,5,7
Fiden,drakthul,480,shaman,enhancement,12,5,7
Djosershamy,draenor,480,shaman,enhancement,12,5,7
Смокдог,razuvious,480,shaman,enhancement,12,5,7
Hurik,sylvanas,480,shaman,enhancement,12,5,7
Teaboï,hyjal,480,shaman,enhancement,12,5,7
Дротчим,soulflayer,480,shaman,enhancement,12,5,7
Masatø,hyjal,480,shaman,enhancement,12,5,7
Rahtafary,sanguino,480,shaman,enhancement,12,5,7
Bram,aggra-português,480,shaman,enhancement,12,5,7
Jonnykaye,outland,480,shaman,enhancement,12,5,7
Xelphia,frostmane,480,shaman,enhancement,12,5,7
Skrewu,stormscale,480,shaman,enhancement,12,5,7
Ацитра,gordunni,480,shaman,enhancement,12,5,7
Grosgourdin,la-croisade-écarlate,480,shaman,enhancement,12,5,7
Batan,kazzak,480,shaman,enhancement,12,5,7
Эрхус,soulflayer,480,shaman,enhancement,12,5,7
Laserra,sylvanas,480,shaman,enhancement,12,5,7
Gwout,burning-legion,480,shaman,enhancement,12,5,7
Grolifer,archimonde,480,shaman,enhancement,12,5,7
Tempóralex,blackhand,480,shaman,enhancement,12,5,7
Hobblefoot,stormscale,480,shaman,enhancement,12,5,7
Volcanò,outland,480,shaman,enhancement,12,5,7
Thorcc,kazzak,480,shaman,enhancement,12,5,7
Thunderpath,ragnaros,480,shaman,enhancement,12,5,7
Feetsniffax,outland,480,shaman,enhancement,12,5,7
Lilmarco,stormreaver,480,shaman,enhancement,12,5,7
Mistahbeard,stormscale,480,shaman,enhancement,12,5,7
Treâzin,the-maelstrom,480,shaman,enhancement,12,5,7
Florex,kazzak,480,shaman,enhancement,12,5,7
Duhdelido,ravencrest,480,shaman,enhancement,12,5,7
Ñax,silvermoon,480,shaman,enhancement,12,5,7
Shuyö,kazzak,480,shaman,enhancement,12,5,7
Xssanimo,draenor,480,shaman,enhancement,12,5,7
Pank,kazzak,480,shaman,enhancement,12,5,7
Guzz,cthun,480,shaman,enhancement,12,5,7
Åkee,kazzak,480,shaman,enhancement,12,5,7
Kabard,silvermoon,480,shaman,enhancement,12,5,7
Рэкквием,howling-fjord,480,shaman,enhancement,12,5,7
Bowtenstorm,ravencrest,480,shaman,enhancement,12,5,7
Sinwithin,ravencrest,480,shaman,enhancement,12,5,7
Shockinghell,sylvanas,480,shaman,enhancement,12,5,7
Zarosh,los-errantes,480,shaman,enhancement,12,5,7
Zows,kazzak,480,shaman,enhancement,12,5,7
Lavalew,lightbringer,480,shaman,enhancement,18,5,13
Johnisplay,tarren-mill,480,shaman,enhancement,18,5,13
Bananaspliit,stormscale,480,shaman,enhancement,18,5,13
Solverna,der-mithrilorden,480,shaman,enhancement,18,5,13
Hiron,sylvanas,480,shaman,enhancement,18,5,13
Crilath,ysondre,480,shaman,enhancement,18,5,13
Indan,kazzak,480,shaman,enhancement,18,5,13
Halliane,ysondre,480,shaman,enhancement,24,5,19
Brassefrasse,shattered-hand,479,shaman,enhancement,6,5,1
Aznan,burning-legion,479,shaman,enhancement,12,5,7
Durotansan,ragnaros,479,shaman,enhancement,12,5,7
Kaareh,frostmourne,479,shaman,enhancement,12,5,7
Chamrøck,hyjal,479,shaman,enhancement,12,5,7
Elementarxss,blackmoore,479,shaman,enhancement,18,5,13
Electricmon,stormscale,478,shaman,enhancement,6,5,1
Kaybiel,magtheridon,478,shaman,enhancement,12,5,7
Asstroy,sanguino,477,shaman,enhancement,6,5,1
Rockymarciia,dalaran,477,shaman,enhancement,6,5,1
Shockdx,dun-modr,463,shaman,enhancement,11,5,6
Zaffyboi,draenor,448,shaman,enhancement,16,5,11
Ayrá,ulduar,447,shaman,enhancement,8,6,2
Vicinitysham,twisting-nether,447,shaman,enhancement,11,5,6
Bigpapi,azjolnerub,447,shaman,enhancement,11,5,6
Monstermunch,ravencrest,432,shaman,enhancement,15,5,10
Warjuice,stormscale,430,shaman,enhancement,11,5,6
Electrical,kazzak,426,shaman,enhancement,15,6,9
Doomburger,darksorrow,400,shaman,enhancement,7,5,2
Gatraem,drakthul,400,shaman,enhancement,13,5,8
Gigamuscle,ravencrest,400,shaman,enhancement,13,5,8
Thoshir,silvermoon,399,shaman,enhancement,5,5,0
Олешао,howling-fjord,384,shaman,enhancement,6,4,2
Thornaim,hyjal,384,shaman,enhancement,6,4,2
Нийрагонго,gordunni,384,shaman,enhancement,6,4,2
Hairball,turalyon,384,shaman,enhancement,6,4,2
Mustabrutus,tarren-mill,384,shaman,enhancement,6,4,2
Kaingar,ravencrest,384,shaman,enhancement,6,4,2
Tornado,ravencrest,384,shaman,enhancement,6,4,2
Vønhørk,dalaran,384,shaman,enhancement,6,4,2
Shamanman,kazzak,384,shaman,enhancement,6,4,2
Xalta,eldrethalas,384,shaman,enhancement,6,4,2
Procbly,tarren-mill,384,shaman,enhancement,6,4,2
Piripolkka,defias-brotherhood,384,shaman,enhancement,6,4,2
Алимика,deathguard,384,shaman,enhancement,6,4,2
Rage,quelthalas,384,shaman,enhancement,6,4,2
Mikesinatra,tarren-mill,384,shaman,enhancement,6,4,2
Taroc,nethersturm,384,shaman,enhancement,6,4,2
Krytonian,twisting-nether,384,shaman,enhancement,6,4,2
Vallchan,kazzak,384,shaman,enhancement,6,4,2
Watchmechoke,twisting-nether,384,shaman,enhancement,6,4,2
Raindx,draenor,384,shaman,enhancement,6,4,2
Rèxxar,stormscale,384,shaman,enhancement,6,4,2
Burzum,twisting-nether,384,shaman,enhancement,6,4,2
Baldurr,sylvanas,384,shaman,enhancement,6,4,2
Abordoga,twisting-nether,384,shaman,enhancement,6,4,2
Россаврн,galakrond,384,shaman,enhancement,6,4,2
Нэдсон,greymane,384,shaman,enhancement,6,4,2
Weåfy,outland,384,shaman,enhancement,6,4,2
Элемуэль,soulflayer,384,shaman,enhancement,6,4,2
Gameblast,thunderhorn,384,shaman,enhancement,6,4,2
Frrostshockk,outland,384,shaman,enhancement,6,4,2
Carrywho,blackrock,384,shaman,enhancement,6,4,2
Totems,the-venture-co,384,shaman,enhancement,6,4,2
Aitch,blackmoore,384,shaman,enhancement,6,4,2
Zenzua,twisting-nether,384,shaman,enhancement,6,4,2
Urrshock,archimonde,384,shaman,enhancement,6,4,2
Richtigfies,kazzak,384,shaman,enhancement,6,4,2
Abdegor,burning-legion,384,shaman,enhancement,6,4,2
Dimno,burning-blade,384,shaman,enhancement,6,4,2
Hextazy,archimonde,384,shaman,enhancement,6,4,2
Ilkim,hyjal,384,shaman,enhancement,6,4,2
Aloeverayo,defias-brotherhood,384,shaman,enhancement,6,4,2
Мистерэнх,soulflayer,384,shaman,enhancement,6,4,2
Lethz,hyjal,384,shaman,enhancement,6,4,2
Yeruna,arthas,384,shaman,enhancement,6,4,2
Isogrind,archimonde,384,shaman,enhancement,6,4,2
Trünk,arathi,384,shaman,enhancement,6,4,2
Êvø,draenor,384,shaman,enhancement,6,4,2
Redderss,silvermoon,384,shaman,enhancement,6,4,2
Sgbich,khaz-modan,384,shaman,enhancement,12,4,8
Shunder,earthen-ring,384,shaman,enhancement,12,4,8
Courtney,sylvanas,384,shaman,enhancement,12,4,8
Kiwanuká,draenor,384,shaman,enhancement,12,4,8
Votie,tarren-mill,384,shaman,enhancement,12,4,8
Türak,tarren-mill,384,shaman,enhancement,12,4,8
Sheldoww,tarren-mill,384,shaman,enhancement,12,4,8
Shôcopan,los-errantes,384,shaman,enhancement,12,4,8
Smallwiik,hyjal,384,shaman,enhancement,12,4,8
Beefythunder,draenor,384,shaman,enhancement,12,4,8
Tetóm,draenor,384,shaman,enhancement,12,4,8
Vasuman,khaz-modan,384,shaman,enhancement,12,4,8
Limech,dalaran,384,shaman,enhancement,12,4,8
Nagyrakéta,ragnaros,384,shaman,enhancement,12,4,8
Крепуксх,soulflayer,384,shaman,enhancement,12,4,8
Sourens,twisting-nether,384,shaman,enhancement,12,4,8
Дюнволкер,razuvious,384,shaman,enhancement,12,4,8
Waterboi,blackmoore,384,shaman,enhancement,12,4,8
Zabojad,stormscale,384,shaman,enhancement,12,4,8
Powder,tichondrius,384,shaman,enhancement,12,4,8
Discoshort,kazzak,384,shaman,enhancement,12,4,8
Kayalii,silvermoon,384,shaman,enhancement,12,4,8
Jaéto,ravencrest,384,shaman,enhancement,12,4,8
Purgérkíng,silvermoon,384,shaman,enhancement,12,4,8
Claodze,stormscale,384,shaman,enhancement,12,4,8
Blitzboss,eredar,384,shaman,enhancement,12,4,8
Charuzo,stormscale,384,shaman,enhancement,12,4,8
Cptcutíe,antonidas,384,shaman,enhancement,12,4,8
Blixtnedslag,shattered-hand,384,shaman,enhancement,12,4,8
Скерлайн,blackscar,384,shaman,enhancement,18,4,14
Fàkecast,outland,384,shaman,enhancement,18,4,14
Wkretarka,burning-legion,384,shaman,enhancement,18,4,14
Domiro,ravencrest,384,shaman,enhancement,18,4,14
Derryo,silvermoon,384,shaman,enhancement,18,4,14
Yasunari,sanguino,384,shaman,enhancement,18,4,14
Shafallen,tarren-mill,383,shaman,enhancement,6,4,2
Goblaman,pozzo-delleternità,383,shaman,enhancement,6,4,2
Bubbschock,antonidas,383,shaman,enhancement,6,4,2
Wolkano,zuljin,383,shaman,enhancement,10,5,5
Châmanco,dun-modr,383,shaman,enhancement,12,4,8
Джусипуси,gordunni,383,shaman,enhancement,12,4,8
Аеесо,gordunni,383,shaman,enhancement,12,4,8
Зуфар,howling-fjord,383,shaman,enhancement,12,4,8
Hightotem,sanguino,383,shaman,enhancement,12,4,8
Rioshammy,kazzak,383,shaman,enhancement,14,4,10
Blutshock,zuluhed,382,shaman,enhancement,12,4,8
Nalàar,hyjal,368,shaman,enhancement,11,6,5
Piaoliang,ravencrest,336,shaman,enhancement,9,4,5
Akash,culte-de-la-rive-noire,336,shaman,enhancement,15,4,11
Mecct,ravencrest,335,shaman,enhancement,11,4,7
Vollt,kazzak,320,shaman,enhancement,13,4,9
Macchiavelli,blades-edge,319,shaman,enhancement,8,4,4
Weltr,drakthul,288,shaman,enhancement,6,3,3
Lilkazamm,blackrock,288,shaman,enhancement,6,3,3
Demonshamy,silvermoon,288,shaman,enhancement,6,3,3
Zackyboi,tarren-mill,288,shaman,enhancement,6,3,3
Samyishamy,tarren-mill,288,shaman,enhancement,6,3,3
Erscreamiko,zuljin,288,shaman,enhancement,6,3,3
Saro,destromath,288,shaman,enhancement,6,3,3
Karazrok,draenor,288,shaman,enhancement,6,3,3
Foxfyre,tarren-mill,288,shaman,enhancement,6,3,3
Neterö,la-croisade-écarlate,288,shaman,enhancement,6,3,3
Pelicius,sanguino,288,shaman,enhancement,6,3,3
Zokah,emeriss,288,shaman,enhancement,6,3,3
Renjín,tarren-mill,288,shaman,enhancement,6,3,3
Ednard,silvermoon,288,shaman,enhancement,6,3,3
Borbor,argent-dawn,288,shaman,enhancement,6,3,3
Kemurus,kazzak,288,shaman,enhancement,6,3,3
Vaexi,doomhammer,288,shaman,enhancement,6,3,3
Omnivamp,kazzak,288,shaman,enhancement,6,3,3
Ostbumsdirne,stormscale,288,shaman,enhancement,6,3,3
Kulho,stormscale,288,shaman,enhancement,6,3,3
Ragnarspung,kazzak,288,shaman,enhancement,6,3,3
Zerwurster,thrall,288,shaman,enhancement,6,3,3
Wakoteh,quelthalas,288,shaman,enhancement,6,3,3
Stormess,zuljin,288,shaman,enhancement,6,3,3
Yacuzwerg,blackrock,288,shaman,enhancement,6,3,3
Groundedx,ravencrest,288,shaman,enhancement,6,3,3
Мэлик,howling-fjord,288,shaman,enhancement,6,3,3
Danthesham,draenor,288,shaman,enhancement,6,3,3
Имфеллиар,howling-fjord,288,shaman,enhancement,6,3,3
Millesabords,dun-morogh,288,shaman,enhancement,6,3,3
Läzy,sanguino,288,shaman,enhancement,6,3,3
Kafese,uldaman,288,shaman,enhancement,6,3,3
Nightmurpf,defias-brotherhood,288,shaman,enhancement,6,3,3
Hystérik,chogall,288,shaman,enhancement,6,3,3
Surge,darksorrow,288,shaman,enhancement,6,3,3
Spørc,ragnaros,288,shaman,enhancement,6,3,3
Chrisbrownx,outland,288,shaman,enhancement,6,3,3
Notgood,blackhand,288,shaman,enhancement,6,3,3
Bluemyst,outland,288,shaman,enhancement,6,3,3
Shoewalker,ragnaros,288,shaman,enhancement,6,3,3
Xfiles,garona,288,shaman,enhancement,6,3,3
Whyisitspicy,kazzak,288,shaman,enhancement,6,3,3
Daubidaubi,kazzak,288,shaman,enhancement,6,3,3
Maino,archimonde,288,shaman,enhancement,6,3,3
Hansdieter,antonidas,288,shaman,enhancement,6,3,3
Nojiko,blackrock,288,shaman,enhancement,6,3,3
Uomae,dun-modr,288,shaman,enhancement,6,3,3
Magosh,blackmoore,288,shaman,enhancement,6,3,3
Ønlýsîn,eredar,288,shaman,enhancement,6,3,3
Zahadumia,blackrock,288,shaman,enhancement,6,3,3
Xesti,twisting-nether,288,shaman,enhancement,6,3,3
Varion,tichondrius,288,shaman,enhancement,6,3,3
Ric,nemesis,288,shaman,enhancement,6,3,3
Freekster,die-ewige-wacht,288,shaman,enhancement,6,3,3
Wûcs,silvermoon,288,shaman,enhancement,6,3,3
Yerlas,burning-legion,288,shaman,enhancement,6,3,3
Ñtk,dun-modr,288,shaman,enhancement,6,3,3
Wfgoesbrbr,blackrock,288,shaman,enhancement,6,3,3
Tidalflow,stormscale,288,shaman,enhancement,6,3,3
Malcolmhex,ysondre,288,shaman,enhancement,6,3,3
Moebius,hellscream,288,shaman,enhancement,6,3,3
Håõkåh,hyjal,288,shaman,enhancement,6,3,3
Làvagdx,archimonde,288,shaman,enhancement,6,3,3
Venterlofeu,archimonde,288,shaman,enhancement,6,3,3
Fattywopwop,alakir,288,shaman,enhancement,6,3,3
Mästerruv,the-maelstrom,288,shaman,enhancement,6,3,3
Vainzxsham,ravencrest,288,shaman,enhancement,6,3,3
Totoostoy,burning-legion,288,shaman,enhancement,6,3,3
Azagtoth,tarren-mill,288,shaman,enhancement,6,3,3
Mohammed,kilrogg,288,shaman,enhancement,6,3,3
Sodor,laughing-skull,288,shaman,enhancement,6,3,3
Тотембот,soulflayer,288,shaman,enhancement,6,3,3
Неутолимыйх,blackscar,288,shaman,enhancement,6,3,3
Lothepus,balnazzar,288,shaman,enhancement,6,3,3
Odelagga,sylvanas,288,shaman,enhancement,6,3,3
Ccedtodeath,sylvanas,288,shaman,enhancement,6,3,3
Рокутаро,gordunni,288,shaman,enhancement,6,3,3
Сюсуй,blackscar,288,shaman,enhancement,6,3,3
Айбьорн,gordunni,288,shaman,enhancement,6,3,3
Нерфшок,gordunni,288,shaman,enhancement,6,3,3
Suaaktt,tyrande,288,shaman,enhancement,12,3,9
Kappatotem,silvermoon,288,shaman,enhancement,12,3,9
Kobzol,draenor,288,shaman,enhancement,12,3,9
Titiprosop,stormscale,288,shaman,enhancement,12,3,9
Bonestompamc,blackmoore,288,shaman,enhancement,12,3,9
Brunütansol,sylvanas,288,shaman,enhancement,12,3,9
Dastarus,archimonde,288,shaman,enhancement,12,3,9
Garash,draenor,288,shaman,enhancement,12,3,9
Lorthargol,chamber-of-aspects,288,shaman,enhancement,12,3,9
Sturmfürsti,antonidas,288,shaman,enhancement,12,3,9
Georgewhat,defias-brotherhood,288,shaman,enhancement,12,3,9
Talgru,aegwynn,288,shaman,enhancement,12,3,9
Занги,soulflayer,288,shaman,enhancement,12,3,9
Æskalatiøn,aegwynn,288,shaman,enhancement,12,3,9
Hurbi,twisting-nether,288,shaman,enhancement,12,3,9
Satishamz,ravencrest,288,shaman,enhancement,12,3,9
Teldathree,archimonde,288,shaman,enhancement,12,3,9
Avattar,twisting-nether,288,shaman,enhancement,12,3,9
Shambamty,thrall,288,shaman,enhancement,12,3,9
Maybeyes,twisting-nether,288,shaman,enhancement,12,3,9
Сторниер,howling-fjord,288,shaman,enhancement,12,3,9
Лорикок,grom,288,shaman,enhancement,18,3,15
Golfrick,hyjal,288,shaman,enhancement,18,3,15
Nothìnto,pozzo-delleternità,287,shaman,enhancement,6,3,3
Стакок,soulflayer,287,shaman,enhancement,6,3,3
Heliosz,stormscale,287,shaman,enhancement,6,3,3
Slappybag,ravencrest,287,shaman,enhancement,6,3,3
Trotzig,aegwynn,287,shaman,enhancement,6,3,3
Kaátori,eredar,239,shaman,enhancement,5,3,2
Jehae,archimonde,239,shaman,enhancement,5,3,2
Буряя,blackscar,234,shaman,enhancement,12,4,8
Nefasti,stormscale,223,shaman,enhancement,8,3,5
Mooshock,balnazzar,223,shaman,enhancement,8,3,5
Styxsm,blackhand,208,shaman,enhancement,7,3,4
Yompo,archimonde,192,shaman,enhancement,6,2,4
Kohzen,outland,192,shaman,enhancement,6,2,4
Dogfrog,silvermoon,192,shaman,enhancement,6,2,4
Argomir,kazzak,192,shaman,enhancement,6,2,4
Türzumachen,outland,192,shaman,enhancement,6,2,4
Santy,silvermoon,192,shaman,enhancement,6,2,4
Destroilleur,archimonde,192,shaman,enhancement,6,2,4
Lokkrag,archimonde,192,shaman,enhancement,6,2,4
Rûngard,aegwynn,192,shaman,enhancement,6,2,4
Ogshaman,archimonde,192,shaman,enhancement,6,2,4
Locosonik,kazzak,192,shaman,enhancement,6,2,4
Keysersozey,zuluhed,192,shaman,enhancement,6,2,4
Chuckystrike,arthas,192,shaman,enhancement,6,2,4
Vaalè,aegwynn,192,shaman,enhancement,6,2,4
Totemeistér,silvermoon,192,shaman,enhancement,6,2,4
Kwitnac,silvermoon,192,shaman,enhancement,6,2,4
Zelenchovek,kazzak,192,shaman,enhancement,6,2,4
Shiggenbasta,kazzak,192,shaman,enhancement,6,2,4
Azzizael,chamber-of-aspects,192,shaman,enhancement,6,2,4
Shámyé,silvermoon,192,shaman,enhancement,6,2,4
Штурвальный,blackscar,192,shaman,enhancement,6,2,4
Schamikraut,silvermoon,192,shaman,enhancement,6,2,4
Бьерн,deepholm,192,shaman,enhancement,6,2,4
Lovros,kazzak,192,shaman,enhancement,6,2,4
Galvarod,silvermoon,192,shaman,enhancement,6,2,4
Bennycooch,silvermoon,192,shaman,enhancement,6,2,4
Schamitwo,twisting-nether,192,shaman,enhancement,6,2,4
Shoar,twisting-nether,192,shaman,enhancement,6,2,4
Kaptt,twisting-nether,192,shaman,enhancement,6,2,4
Elementhor,archimonde,192,shaman,enhancement,6,2,4
Трупелмен,soulflayer,192,shaman,enhancement,6,2,4
Nìtratx,archimonde,192,shaman,enhancement,6,2,4
Cptnbbl,blackmoore,192,shaman,enhancement,6,2,4
Mycameltotem,ravencrest,192,shaman,enhancement,6,2,4
Gundsthunder,ravencrest,192,shaman,enhancement,6,2,4
Wertu,ragnaros,192,shaman,enhancement,6,2,4
Shamalamadi,ragnaros,192,shaman,enhancement,6,2,4
Bladeyx,ragnaros,192,shaman,enhancement,6,2,4
Palarins,dalaran,192,shaman,enhancement,6,2,4
Thunderstørm,chogall,192,shaman,enhancement,6,2,4
Aubesombre,dalaran,192,shaman,enhancement,6,2,4
Holybrolyy,malfurion,192,shaman,enhancement,6,2,4
Museum,khaz-modan,192,shaman,enhancement,6,2,4
Cleptocracy,draenor,192,shaman,enhancement,6,2,4
Rodfrugten,draenor,192,shaman,enhancement,6,2,4
Diya,karazhan,192,shaman,enhancement,6,2,4
Пончо,booty-bay,192,shaman,enhancement,6,2,4
Shaxall,draenor,192,shaman,enhancement,6,2,4
Dalgorr,magtheridon,192,shaman,enhancement,6,2,4
Какашисан,howling-fjord,192,shaman,enhancement,6,2,4
Саксаул,fordragon,192,shaman,enhancement,6,2,4
Fufupartyxx,blackrock,192,shaman,enhancement,6,2,4
Spiritualx,argent-dawn,192,shaman,enhancement,6,2,4
Orcazm,argent-dawn,192,shaman,enhancement,6,2,4
Dykumlol,sanguino,192,shaman,enhancement,6,2,4
Råkk,argent-dawn,192,shaman,enhancement,6,2,4
Bonethugdex,bladefist,192,shaman,enhancement,6,2,4
Hugzy,argent-dawn,192,shaman,enhancement,6,2,4
Снюсн,blackscar,192,shaman,enhancement,6,2,4
Stormcaster,argent-dawn,192,shaman,enhancement,6,2,4
Skullføck,argent-dawn,192,shaman,enhancement,6,2,4
Pulvêrizêr,agamaggan,192,shaman,enhancement,6,2,4
Pewz,twilights-hammer,192,shaman,enhancement,6,2,4
Crazo,tarren-mill,192,shaman,enhancement,6,2,4
Olayan,zenedar,192,shaman,enhancement,6,2,4
Родохрозид,blackscar,192,shaman,enhancement,6,2,4
Savan,darkspear,192,shaman,enhancement,6,2,4
Korbas,burning-legion,192,shaman,enhancement,6,2,4
Ironkin,tarren-mill,192,shaman,enhancement,6,2,4
Snapbábe,blackmoore,192,shaman,enhancement,6,2,4
Volkar,auchindoun,192,shaman,enhancement,6,2,4
Restmuell,blackmoore,192,shaman,enhancement,6,2,4
Bloodfist,drakthul,192,shaman,enhancement,6,2,4
Turbinká,burning-legion,192,shaman,enhancement,6,2,4
Élement,burning-legion,192,shaman,enhancement,6,2,4
Urshak,alleria,192,shaman,enhancement,6,2,4
Yezu,medivh,192,shaman,enhancement,6,2,4
Rúnar,proudmoore,192,shaman,enhancement,6,2,4
Mahoni,malganis,192,shaman,enhancement,6,2,4
Thoráck,stormscale,192,shaman,enhancement,6,2,4
Tâw,blackhand,192,shaman,enhancement,6,2,4
Ольтез,gordunni,192,shaman,enhancement,6,2,4
Gaerth,aggramar,192,shaman,enhancement,6,2,4
Ctrlv,blackhand,192,shaman,enhancement,6,2,4
Sgf,stormscale,192,shaman,enhancement,6,2,4
Layonne,ysondre,192,shaman,enhancement,6,2,4
Acces,stormscale,192,shaman,enhancement,6,2,4
Khon,eredar,192,shaman,enhancement,6,2,4
Pakasschami,frostwolf,192,shaman,enhancement,6,2,4
Shocknrun,sylvanas,192,shaman,enhancement,6,2,4
Søló,stormscale,192,shaman,enhancement,6,2,4
Manushamanu,stormscale,192,shaman,enhancement,6,2,4
Louvreparis,frostwolf,192,shaman,enhancement,6,2,4
Soozkovic,blackmoore,192,shaman,enhancement,6,2,4
Peaksh,stormscale,192,shaman,enhancement,6,2,4
Xharnel,defias-brotherhood,192,shaman,enhancement,6,2,4
Haugren,eredar,192,shaman,enhancement,6,2,4
Ðøminantx,stormscale,192,shaman,enhancement,6,2,4
Дортманшам,gordunni,192,shaman,enhancement,6,2,4
Elé,ravenholdt,192,shaman,enhancement,6,2,4
Starik,ravencrest,192,shaman,enhancement,6,2,4
Antomadorf,ravencrest,192,shaman,enhancement,6,2,4
Bizsham,ravencrest,192,shaman,enhancement,6,2,4
Cuchullaín,blackmoore,192,shaman,enhancement,6,2,4
Shalý,antonidas,192,shaman,enhancement,6,2,4
Stiflersmôm,antonidas,192,shaman,enhancement,6,2,4
Oprawinfury,ravencrest,192,shaman,enhancement,6,2,4
Tapatak,antonidas,192,shaman,enhancement,6,2,4
Iloveléa,ravencrest,192,shaman,enhancement,6,2,4
Vorkanyx,ysondre,192,shaman,enhancement,7,2,5
Stormstriker,arathor,192,shaman,enhancement,12,2,10
Pachamane,archimonde,192,shaman,enhancement,12,2,10
Shÿmä,dalaran,192,shaman,enhancement,12,2,10
Khakazis,ravencrest,192,shaman,enhancement,12,2,10
Veeq,ravencrest,192,shaman,enhancement,12,2,10
Elsassi,ravencrest,192,shaman,enhancement,12,2,10
Плюювшкафы,ashenvale,192,shaman,enhancement,12,2,10
Xpv,silvermoon,192,shaman,enhancement,12,2,10
Zarakuda,magtheridon,192,shaman,enhancement,12,2,10
Sïlvek,sanguino,192,shaman,enhancement,12,2,10
Cudderisback,blackmoore,192,shaman,enhancement,12,2,10
Afterlife,alakir,192,shaman,enhancement,12,2,10
Borindor,silvermoon,192,shaman,enhancement,12,2,10
Nuao,perenolde,138,shaman,enhancement,9,3,6
Theshame,ravencrest,128,shaman,enhancement,4,2,2
Bux,khaz-modan,127,shaman,enhancement,10,2,8
Urubus,kazzak,96,shaman,enhancement,6,1,5
Zoogang,ragnaros,96,shaman,enhancement,6,1,5
Hexbeforesex,kazzak,96,shaman,enhancement,6,1,5
Xhøxy,outland,96,shaman,enhancement,6,1,5
Sgroppino,stormscale,96,shaman,enhancement,6,1,5
Trokag,hyjal,96,shaman,enhancement,6,1,5
Sekane,archimonde,96,shaman,enhancement,6,1,5
Харно,gordunni,96,shaman,enhancement,6,1,5
Porthex,kazzak,96,shaman,enhancement,6,1,5
Baaruch,kazzak,96,shaman,enhancement,6,1,5
Élémentyum,archimonde,96,shaman,enhancement,6,1,5
Maskinett,stormscale,96,shaman,enhancement,6,1,5
Malabestia,archimonde,96,shaman,enhancement,6,1,5
Patateatotem,archimonde,96,shaman,enhancement,6,1,5
Gewieft,azshara,96,shaman,enhancement,6,1,5
Hollster,moonglade,96,shaman,enhancement,6,1,5
Shåmssagat,kazzak,96,shaman,enhancement,6,1,5
Invòkèr,kazzak,96,shaman,enhancement,6,1,5
Goldhand,ravencrest,96,shaman,enhancement,6,1,5
Shaamz,tarren-mill,96,shaman,enhancement,6,1,5
Thoreign,burning-legion,96,shaman,enhancement,6,1,5
Tosaá,antonidas,96,shaman,enhancement,6,1,5
Шамманидзе,gordunni,96,shaman,enhancement,6,1,5
Разодран,gordunni,96,shaman,enhancement,6,1,5
Mikecrybaby,tarren-mill,96,shaman,enhancement,6,1,5
Rækwon,tarren-mill,96,shaman,enhancement,6,1,5
Ghaargrim,tarren-mill,96,shaman,enhancement,6,1,5
Celeby,nemesis,96,shaman,enhancement,6,1,5
Shøckz,azjolnerub,96,shaman,enhancement,6,1,5
Preshear,twisting-nether,96,shaman,enhancement,6,1,5
Gotreck,zuljin,96,shaman,enhancement,6,1,5
Winiepuuh,antonidas,96,shaman,enhancement,6,1,5
Ramuthra,sanguino,96,shaman,enhancement,6,1,5
Keräx,cthun,96,shaman,enhancement,6,1,5
Sigmaz,twisting-nether,96,shaman,enhancement,6,1,5
Bambustic,kazzak,96,shaman,enhancement,6,1,5
Ragnadim,silvermoon,96,shaman,enhancement,6,1,5
Stòrm,ravencrest,96,shaman,enhancement,6,1,5
Hóonda,twisting-nether,96,shaman,enhancement,6,1,5
Hazles,ragnaros,96,shaman,enhancement,6,1,5
Lawdjeezes,draenor,96,shaman,enhancement,6,1,5
Thoranis,kazzak,96,shaman,enhancement,6,1,5
Vladraxes,draenor,96,shaman,enhancement,6,1,5
Mou,the-maelstrom,96,shaman,enhancement,6,1,5
Цукерок,soulflayer,96,shaman,enhancement,6,1,5
Epicoverlord,tarren-mill,96,shaman,enhancement,6,1,5
Cryptotem,ragnaros,96,shaman,enhancement,6,1,5
Zoélement,nerzhul,96,shaman,enhancement,6,1,5
Amarök,nerzhul,96,shaman,enhancement,6,1,5
Grabmytotemz,tarren-mill,96,shaman,enhancement,6,1,5
Leetajz,dunemaul,96,shaman,enhancement,6,1,5
Gschmack,blackrock,96,shaman,enhancement,6,1,5
Hí,bronzebeard,96,shaman,enhancement,6,1,5
Eneel,blackmoore,96,shaman,enhancement,6,1,5
Casarú,arthas,96,shaman,enhancement,6,1,5
Criæ,blackrock,96,shaman,enhancement,6,1,5
Freexx,aegwynn,96,shaman,enhancement,8,1,7
Дваллинн,gordunni,96,shaman,enhancement,11,1,10
Nervuus,burning-legion,96,shaman,enhancement,12,1,11
Volgue,kaelthas,96,shaman,enhancement,12,1,11
Хэллшам,howling-fjord,96,shaman,enhancement,12,1,11
Sycophant,stormscale,96,shaman,enhancement,12,1,11
Эншам,blackscar,96,shaman,enhancement,12,1,11
Sÿfrôw,hyjal,96,shaman,enhancement,12,1,11
Ymiras,argent-dawn,96,shaman,enhancement,12,1,11
Reyax,aegwynn,96,shaman,enhancement,12,1,11
Jacklupin,ravencrest,79,shaman,enhancement,5,1,4
Choltaj,burning-legion,79,shaman,enhancement,7,1,6
Malizious,ravencrest,63,shaman,enhancement,2,2,0
Daboo,the-venture-co,48,shaman,enhancement,3,1,2
Biggie,pozzo-delleternità,48,shaman,enhancement,3,1,2
Wenesday,ysondre,48,shaman,enhancement,3,1,2
Rký,outland,48,shaman,enhancement,3,1,2
Адскийсон,gordunni,42,shaman,enhancement,9,2,7
Klât,archimonde,42,shaman,enhancement,11,2,9
Aleshade,argent-dawn,31,shaman,enhancement,2,1,1
Luqas,burning-legion,31,shaman,enhancement,2,1,1
Kimkold,twisting-nether,2247,warlock,demonology,144,84,60
Rikkërt,draenor,2207,warlock,demonology,89,49,40
Dotjürgen,blackrock,2205,warlock,demonology,84,48,36
Dæhli,argent-dawn,2189,warlock,demonology,114,62,52
Амеаль,eversong,2181,warlock,demonology,369,193,176
Voldby,kazzak,2177,warlock,demonology,67,39,28
Whøknøws,twisting-nether,2176,warlock,demonology,84,45,39
Cònq,tarren-mill,2175,warlock,demonology,90,50,40
Setyouinfear,ravencrest,2174,warlock,demonology,106,63,43
Tuskawl,stormreaver,2173,warlock,demonology,97,55,42
Nayolana,argent-dawn,2156,warlock,demonology,90,55,35
Firochektro,ravencrest,2141,warlock,demonology,69,42,27
Neverfearjk,aegwynn,2140,warlock,demonology,74,53,21
Sad,lightnings-blade,2134,warlock,demonology,178,97,81
Maintarget,blackrock,2131,warlock,demonology,159,85,74
Ambitions,hyjal,2126,warlock,demonology,117,63,54
Favorizlmp,archimonde,2123,warlock,demonology,107,74,33
Locktrainer,tarren-mill,2122,warlock,demonology,235,118,117
Lankycheese,kazzak,2121,warlock,demonology,83,46,37
Wspolnax,ravencrest,2119,warlock,demonology,72,41,31
Onlylock,outland,2118,warlock,demonology,72,44,28
Syntaxzwo,blackmoore,2116,warlock,demonology,78,44,34
Dotyboi,tarren-mill,2115,warlock,demonology,72,44,28
Rumour,sunstrider,2115,warlock,demonology,72,39,33
Jimboneutron,stormscale,2113,warlock,demonology,53,30,23
Supergeîl,blackrock,2112,warlock,demonology,71,38,33
Xerkh,thrall,2111,warlock,demonology,78,43,35
Krøl,nemesis,2110,warlock,demonology,66,40,26
Pogbõss,kazzak,2110,warlock,demonology,198,100,98
Shablagoo,twisting-nether,2106,warlock,demonology,126,71,55
Malddog,turalyon,2103,warlock,demonology,108,61,47
Млечный,blackscar,2097,warlock,demonology,243,126,117
Britneÿ,stormscale,2096,warlock,demonology,90,46,44
Smdtwo,drakthul,2079,warlock,demonology,65,36,29
Anthh,doomhammer,2076,warlock,demonology,66,36,30
Dispeluapls,blackmoore,2072,warlock,demonology,84,42,42
Ogrez,nemesis,2060,warlock,demonology,89,43,46
Purplemonkey,burning-blade,2058,warlock,demonology,68,37,31
Nyotu,antonidas,2058,warlock,demonology,72,39,33
Firochek,ravencrest,2052,warlock,demonology,84,44,40
Cørpse,burning-legion,2037,warlock,demonology,106,59,47
Thardik,azuremyst,2037,warlock,demonology,84,42,42
Zerulian,ragnaros,2035,warlock,demonology,78,48,30
Smaúg,archimonde,2032,warlock,demonology,150,74,76
Droguri,darkspear,2021,warlock,demonology,108,68,40
Synthiax,silvermoon,2018,warlock,demonology,84,47,37
Capsloq,la-croisade-écarlate,2017,warlock,demonology,90,48,42
Ðïÿëñbïëñfüû,suramar,2014,warlock,demonology,147,75,72
Bibiflexberg,eredar,2011,warlock,demonology,47,30,17
ßualock,sylvanas,2010,warlock,demonology,66,37,29
Britneý,stormscale,2008,warlock,demonology,118,58,60
Хаосболик,gordunni,2002,warlock,demonology,84,45,39
Raspalakuja,kazzak,2002,warlock,demonology,66,32,34
Keybump,outland,1985,warlock,demonology,96,63,33
Dabezdwl,outland,1973,warlock,demonology,84,48,36
Badapow,stormscale,1971,warlock,demonology,54,29,25
Адво,howling-fjord,1968,warlock,demonology,71,37,34
Rïñ,ravencrest,1968,warlock,demonology,60,28,32
Аоепампгодх,howling-fjord,1967,warlock,demonology,36,24,12
Jackyfalls,blackmoore,1960,warlock,demonology,72,42,30
Ишла,gordunni,1959,warlock,demonology,77,41,36
Wârlðck,twisting-nether,1957,warlock,demonology,30,25,5
Khavar,antonidas,1957,warlock,demonology,88,50,38
Zàk,twisting-nether,1956,warlock,demonology,60,41,19
Neinbosa,tarren-mill,1955,warlock,demonology,66,35,31
Конидэмико,blackscar,1954,warlock,demonology,83,38,45
Онлидемон,gordunni,1946,warlock,demonology,56,33,23
Alotami,frostwolf,1942,warlock,demonology,48,30,18
Ffpiiras,dunemaul,1942,warlock,demonology,119,59,60
Døwz,ysondre,1932,warlock,demonology,60,30,30
Xenastro,silvermoon,1931,warlock,demonology,54,30,24
Apple,scarshield-legion,1930,warlock,demonology,133,69,64
Djmäkish,outland,1929,warlock,demonology,54,28,26
Stankaemayne,blackhand,1927,warlock,demonology,61,35,26
Lokmonji,perenolde,1923,warlock,demonology,60,34,26
Фламмэнх,soulflayer,1920,warlock,demonology,49,28,21
Vultzbolt,draenor,1920,warlock,demonology,66,36,30
Арон,soulflayer,1920,warlock,demonology,59,31,28
Juicybolt,chogall,1917,warlock,demonology,76,43,33
Dontargetme,draenor,1916,warlock,demonology,50,33,17
Makkez,outland,1916,warlock,demonology,36,23,13
Igõr,draenor,1912,warlock,demonology,30,20,10
Kamorilock,blackhand,1912,warlock,demonology,36,20,16
Skillførçé,kazzak,1911,warlock,demonology,36,26,10
Demoner,tarren-mill,1910,warlock,demonology,108,52,56
Shadowvirus,auchindoun,1908,warlock,demonology,41,23,18
Viscius,ysondre,1908,warlock,demonology,36,20,16
Тьмазвёздная,gordunni,1907,warlock,demonology,93,51,42
Infïnitýx,silvermoon,1903,warlock,demonology,44,29,15
Годнодх,gordunni,1902,warlock,demonology,54,29,25
Anúki,kazzak,1900,warlock,demonology,25,21,4
Ravendoor,grim-batol,1900,warlock,demonology,76,39,37
Indrâxx,hyjal,1899,warlock,demonology,36,31,5
Bonnieparkêr,onyxia,1898,warlock,demonology,48,26,22
Тёмабиль,gordunni,1896,warlock,demonology,372,197,175
Nerfhunter,executus,1895,warlock,demonology,54,27,27
Désolaté,kazzak,1893,warlock,demonology,47,29,18
Stafar,kazzak,1891,warlock,demonology,66,34,32
Дёмын,howling-fjord,1890,warlock,demonology,96,46,50
Шекигами,gordunni,1874,warlock,demonology,48,33,15
Höfmänn,kazzak,1865,warlock,demonology,39,25,14
Mty,bronze-dragonflight,1864,warlock,demonology,36,20,16
Zouglougou,archimonde,1864,warlock,demonology,78,37,41
Delius,eitrigg,1863,warlock,demonology,67,47,20
Tyrantlol,sylvanas,1862,warlock,demonology,54,32,22
Bluh,twisting-nether,1860,warlock,demonology,36,22,14
Weso,grim-batol,1859,warlock,demonology,60,31,29
Htaedfo,tarren-mill,1859,warlock,demonology,98,46,52
Оброссыш,gordunni,1855,warlock,demonology,60,34,26
Dhärc,sanguino,1854,warlock,demonology,54,31,23
Blacklock,argent-dawn,1854,warlock,demonology,72,39,33
Dâedra,argent-dawn,1851,warlock,demonology,66,39,27
Stalowwy,silvermoon,1849,warlock,demonology,108,59,49
Ägony,blackrock,1848,warlock,demonology,54,31,23
Jopasiski,draenor,1848,warlock,demonology,54,28,26
Höfmänn,grim-batol,1847,warlock,demonology,48,31,17
Shakuroz,frostwolf,1847,warlock,demonology,68,41,27
Динодотз,howling-fjord,1847,warlock,demonology,54,27,27
Gv,ragnaros,1845,warlock,demonology,42,22,20
Артисона,gordunni,1842,warlock,demonology,48,27,21
Attritiona,stormscale,1838,warlock,demonology,60,32,28
Инфезиус,deathweaver,1834,warlock,demonology,59,33,26
Purplereîgn,stormscale,1834,warlock,demonology,57,31,26
Outofcurses,earthen-ring,1834,warlock,demonology,83,42,41
Tamaduitoru,dragonblight,1827,warlock,demonology,78,51,27
Санявахтовик,blackscar,1827,warlock,demonology,72,39,33
Benne,stormscale,1825,warlock,demonology,49,31,18
Malificus,silvermoon,1823,warlock,demonology,114,67,47
Moffguldan,sanguino,1821,warlock,demonology,60,36,24
Azthral,nemesis,1821,warlock,demonology,171,97,74
Этожедру,howling-fjord,1820,warlock,demonology,59,41,18
Kennyfõx,ysondre,1819,warlock,demonology,24,19,5
Ismenia,silvermoon,1819,warlock,demonology,60,39,21
Cellfear,kazzak,1818,warlock,demonology,42,24,18
Scaevóla,ravencrest,1818,warlock,demonology,299,162,137
Skrana,kazzak,1818,warlock,demonology,53,28,25
Musallat,argent-dawn,1818,warlock,demonology,65,34,31
Fiveyearque,sylvanas,1817,warlock,demonology,54,33,21
Adafbhf,tichondrius,1817,warlock,demonology,59,33,26
Hellguards,silvermoon,1817,warlock,demonology,60,33,27
Ravenglass,argent-dawn,1817,warlock,demonology,54,25,29
Warth,silvermoon,1816,warlock,demonology,42,28,14
Painowgee,kazzak,1816,warlock,demonology,36,20,16
Crathar,kazzak,1816,warlock,demonology,76,38,38
Bualock,tarren-mill,1815,warlock,demonology,36,22,14
Devilfluffy,blackhand,1815,warlock,demonology,59,35,24
Cigänä,archimonde,1815,warlock,demonology,36,19,17
Blackdog,argent-dawn,1814,warlock,demonology,48,23,25
Malzeva,ravencrest,1813,warlock,demonology,71,33,38
Zypzanti,antonidas,1810,warlock,demonology,155,97,58
Kopfkissen,azshara,1810,warlock,demonology,51,29,22
Grimmwald,stormreaver,1810,warlock,demonology,70,36,34
Кварий,howling-fjord,1810,warlock,demonology,401,200,201
Commas,outland,1810,warlock,demonology,82,39,43
Tagzi,ravencrest,1809,warlock,demonology,47,29,18
Zoreck,uldum,1809,warlock,demonology,48,26,22
Cuteyess,shadowsong,1808,warlock,demonology,30,19,11
Smâûhg,blackrock,1807,warlock,demonology,42,28,14
Nécron,ysondre,1806,warlock,demonology,59,32,27
Lúcìfér,stormscale,1806,warlock,demonology,66,34,32
Фэлмор,howling-fjord,1805,warlock,demonology,54,33,21
Thugsupreme,ravencrest,1805,warlock,demonology,65,36,29
Fearrari,ragnaros,1805,warlock,demonology,126,66,60
Nerigo,senjin,1805,warlock,demonology,48,24,24
Nemwl,draenor,1804,warlock,demonology,66,36,30
Splicer,eredar,1803,warlock,demonology,49,29,20
Киёкка,howling-fjord,1803,warlock,demonology,90,53,37
Arkanyks,dalaran,1802,warlock,demonology,72,32,40
Dharc,dun-modr,1800,warlock,demonology,24,19,5
Мутгодх,soulflayer,1800,warlock,demonology,30,19,11
Кайзершлафен,fordragon,1800,warlock,demonology,58,28,30
Дьяволзаплач,howling-fjord,1793,warlock,demonology,48,26,22
Hexdrix,thrall,1793,warlock,demonology,57,29,28
Lïñglïñg,twisting-nether,1791,warlock,demonology,36,25,11
Mustasheen,stormscale,1790,warlock,demonology,36,21,15
Äåäåäåäåäåäå,ravencrest,1789,warlock,demonology,47,26,21
Immaginare,sylvanas,1783,warlock,demonology,102,48,54
Помечте,soulflayer,1781,warlock,demonology,106,49,57
Proßlock,kazzak,1780,warlock,demonology,123,73,50
Malowix,outland,1772,warlock,demonology,48,24,24
Сильвиос,howling-fjord,1772,warlock,demonology,57,27,30
Shadowflamez,argent-dawn,1771,warlock,demonology,30,27,3
Kolskegg,doomhammer,1767,warlock,demonology,126,67,59
Glavy,burning-legion,1765,warlock,demonology,131,71,60
Zehirisalari,twisting-nether,1761,warlock,demonology,42,24,18
Louên,dun-modr,1758,warlock,demonology,54,26,28
Omnípotens,silvermoon,1755,warlock,demonology,60,33,27
Егосяхаос,soulflayer,1755,warlock,demonology,144,78,66
Alphalock,mannoroth,1755,warlock,demonology,72,35,37
Fedpikkefar,kazzak,1754,warlock,demonology,55,24,31
Catchlock,tarren-mill,1752,warlock,demonology,36,20,16
Císuh,stormreaver,1747,warlock,demonology,56,30,26
Froschhaxen,blackhand,1745,warlock,demonology,41,26,15
Sanguinis,theradras,1738,warlock,demonology,112,58,54
Synlockiax,silvermoon,1737,warlock,demonology,62,42,20
Naarnust,defias-brotherhood,1737,warlock,demonology,48,30,18
Kennÿfõx,ysondre,1732,warlock,demonology,24,19,5
Zezo,stormscale,1731,warlock,demonology,29,21,8
Nâzgrel,tarren-mill,1731,warlock,demonology,84,42,42
Dalamon,draenor,1721,warlock,demonology,48,24,24
Храбзар,gordunni,1721,warlock,demonology,112,51,61
Dadcrush,antonidas,1720,warlock,demonology,84,42,42
Myliege,kilrogg,1713,warlock,demonology,56,28,28
Пухи,blackscar,1712,warlock,demonology,66,27,39
Zelieknight,ysondre,1711,warlock,demonology,60,28,32
Icq,ravencrest,1710,warlock,demonology,45,26,19
Despépêche,garona,1709,warlock,demonology,42,24,18
Зажиженный,soulflayer,1707,warlock,demonology,40,26,14
Фортэр,ashenvale,1705,warlock,demonology,60,31,29
Gazdruul,culte-de-la-rive-noire,1701,warlock,demonology,30,20,10
Slockoló,ragnaros,1701,warlock,demonology,54,21,33
Drerlord,tarren-mill,1699,warlock,demonology,48,21,27
Kuloo,blackmoore,1698,warlock,demonology,30,18,12
Izhi,ragnaros,1697,warlock,demonology,78,44,34
Zezca,draenor,1697,warlock,demonology,64,35,29
Nàughty,ragnaros,1696,warlock,demonology,68,35,33
Totephia,kazzak,1696,warlock,demonology,72,33,39
Rune,aegwynn,1695,warlock,demonology,52,29,23
Tjockoloco,tarren-mill,1695,warlock,demonology,170,92,78
Kazzy,grim-batol,1693,warlock,demonology,30,21,9
Zatella,ravencrest,1693,warlock,demonology,84,45,39
Honetia,ravencrest,1693,warlock,demonology,83,42,41
Бриант,gordunni,1689,warlock,demonology,47,19,28
Yamadea,stormscale,1686,warlock,demonology,48,25,23
Eluinees,silvermoon,1684,warlock,demonology,36,25,11
Pipoûc,archimonde,1682,warlock,demonology,36,20,16
Jinusek,burning-legion,1682,warlock,demonology,43,23,20
Æyna,thrall,1681,warlock,demonology,30,18,12
Grêenbull,eredar,1680,warlock,demonology,49,27,22
Варикай,gordunni,1678,warlock,demonology,42,27,15
Жериновсский,gordunni,1677,warlock,demonology,36,18,18
Fandirxd,draenor,1672,warlock,demonology,120,57,63
Iskieel,ravencrest,1671,warlock,demonology,44,26,18
Lockned,outland,1670,warlock,demonology,30,19,11
Bloodlock,onyxia,1670,warlock,demonology,42,22,20
Positivitywl,stormscale,1669,warlock,demonology,42,24,18
Osbaa,bladefist,1668,warlock,demonology,42,22,20
Snackstickz,twisting-nether,1665,warlock,demonology,54,33,21
Hltbárgrïèfx,tarren-mill,1662,warlock,demonology,54,31,23
Анрали,soulflayer,1662,warlock,demonology,41,23,18
Xtyran,blackmoore,1661,warlock,demonology,42,20,22
Noobgg,kazzak,1660,warlock,demonology,29,18,11
Lockmex,outland,1658,warlock,demonology,42,26,16
Kemel,thrall,1655,warlock,demonology,30,21,9
Нафлэпил,gordunni,1655,warlock,demonology,54,31,23
Гурджес,soulflayer,1655,warlock,demonology,98,52,46
Niyyu,blackmoore,1654,warlock,demonology,48,22,26
Shugglock,draenor,1653,warlock,demonology,42,23,19
Deamonsmith,silvermoon,1652,warlock,demonology,58,36,22
Sokyra,tarren-mill,1651,warlock,demonology,60,30,30
Mjor,twisting-nether,1650,warlock,demonology,30,18,12
Chromagnus,drakthul,1649,warlock,demonology,36,21,15
Xanatas,nemesis,1647,warlock,demonology,48,29,19
Ájszmen,ravencrest,1646,warlock,demonology,129,68,61
Utsus,tarren-mill,1645,warlock,demonology,36,23,13
Smadrekas,ravencrest,1644,warlock,demonology,36,22,14
Terrorrize,draenor,1642,warlock,demonology,72,39,33
Tekron,blackhand,1639,warlock,demonology,54,36,18
Requeims,outland,1638,warlock,demonology,48,22,26
Fîgøk,conseil-des-ombres,1638,warlock,demonology,48,21,27
Darkenlock,burning-legion,1637,warlock,demonology,66,33,33
Tiffyilock,blackrock,1637,warlock,demonology,42,20,22
Scottware,draenor,1635,warlock,demonology,38,23,15
Darcîa,destromath,1633,warlock,demonology,100,56,44
Règis,antonidas,1633,warlock,demonology,42,22,20
Sörlewiis,the-maelstrom,1632,warlock,demonology,58,36,22
Tenshirou,blackrock,1631,warlock,demonology,35,21,14
Zzooxx,silvermoon,1631,warlock,demonology,30,17,13
Impaler,tarren-mill,1631,warlock,demonology,224,108,116
Лвнг,gordunni,1628,warlock,demonology,48,29,19
Dimmybyrger,stormreaver,1627,warlock,demonology,30,17,13
Abdelkarime,khaz-modan,1627,warlock,demonology,42,23,19
Summonit,blackmoore,1627,warlock,demonology,54,29,25
Interceptêr,blackrock,1627,warlock,demonology,42,22,20
Neuth,draenor,1627,warlock,demonology,50,21,29
Hellbboy,azjolnerub,1626,warlock,demonology,91,52,39
Thorky,blackrock,1625,warlock,demonology,48,22,26
Erkai,kazzak,1624,warlock,demonology,45,24,21
Evalya,archimonde,1623,warlock,demonology,24,17,7
Dasda,defias-brotherhood,1623,warlock,demonology,89,49,40
Мешшугга,howling-fjord,1623,warlock,demonology,38,20,18
Dualla,aegwynn,1623,warlock,demonology,36,17,19
Nachtreich,thrall,1622,warlock,demonology,30,17,13
Элси,howling-fjord,1622,warlock,demonology,30,17,13
Capsloq,sargeras,1622,warlock,demonology,33,18,15
Нэкрил,howling-fjord,1621,warlock,demonology,35,22,13
Icò,ravencrest,1620,warlock,demonology,36,17,19
Hypotax,ragnaros,1619,warlock,demonology,66,38,28
Golborg,draenor,1619,warlock,demonology,75,33,42
Kûraiko,blackrock,1614,warlock,demonology,30,17,13
Vêzor,twisting-nether,1612,warlock,demonology,34,19,15
Eroszakolock,ragnaros,1611,warlock,demonology,24,17,7
Kody,blackmoore,1609,warlock,demonology,24,17,7
Môrgán,draenor,1609,warlock,demonology,228,114,114
Felsturm,twisting-nether,1606,warlock,demonology,48,34,14
Ahollic,frostwolf,1606,warlock,demonology,30,19,11
Lottopallo,arathor,1606,warlock,demonology,139,84,55
Shuggul,draenor,1606,warlock,demonology,37,22,15
Hâres,anetheron,1606,warlock,demonology,253,124,129
Tamatóax,tarren-mill,1605,warlock,demonology,51,26,25
Demonjoker,blackhand,1604,warlock,demonology,51,31,20
Deaddydoo,kazzak,1604,warlock,demonology,42,20,22
Malumbra,argent-dawn,1603,warlock,demonology,51,23,28
Havexis,tichondrius,1602,warlock,demonology,42,32,10
Prekt,ragnaros,1601,warlock,demonology,36,19,17
Марэд,howling-fjord,1600,warlock,demonology,34,22,12
Zzooxxie,silvermoon,1600,warlock,demonology,42,19,23
Djshyasiañ,perenolde,1599,warlock,demonology,176,90,86
Гвоздяшка,blackscar,1597,warlock,demonology,47,22,25
Mendozaah,kazzak,1594,warlock,demonology,206,100,106
Харакула,fordragon,1593,warlock,demonology,36,24,12
Eleriya,argent-dawn,1591,warlock,demonology,92,45,47
Ryks,terrordar,1591,warlock,demonology,39,18,21
Yumiblood,tarren-mill,1589,warlock,demonology,47,25,22
Sublînê,blackmoore,1582,warlock,demonology,82,41,41
Potatowl,ravencrest,1582,warlock,demonology,36,18,18
Míkæ,ravencrest,1582,warlock,demonology,72,34,38
Insídíous,tarren-mill,1581,warlock,demonology,36,19,17
Malkoran,sylvanas,1581,warlock,demonology,36,18,18
Мамхаус,howling-fjord,1579,warlock,demonology,36,22,14
Bunne,twisting-nether,1579,warlock,demonology,42,19,23
Endherkonk,sanguino,1578,warlock,demonology,60,31,29
Solidwarlock,archimonde,1575,warlock,demonology,24,18,6
Gulzot,turalyon,1575,warlock,demonology,48,31,17
Gigoberto,kazzak,1575,warlock,demonology,36,18,18
Филоняша,gordunni,1574,warlock,demonology,54,31,23
Thralka,burning-legion,1574,warlock,demonology,84,45,39
Шимара,eversong,1573,warlock,demonology,27,18,9
Kalinowa,burning-legion,1573,warlock,demonology,95,53,42
Erøne,archimonde,1569,warlock,demonology,217,111,106
Шэдоубёрн,soulflayer,1567,warlock,demonology,101,58,43
Evalin,aggra-português,1566,warlock,demonology,59,40,19
Agâshh,blackrock,1565,warlock,demonology,32,20,12
Silenozz,ragnaros,1564,warlock,demonology,91,49,42
Gemors,ravenholdt,1562,warlock,demonology,83,42,41
Dotsyoudown,kelthuzad,1560,warlock,demonology,36,18,18
Beloezoloto,deathwing,1559,warlock,demonology,42,20,22
Itspoint,draenor,1558,warlock,demonology,65,33,32
Fsandtwo,ravencrest,1557,warlock,demonology,36,17,19
Evanore,burning-legion,1556,warlock,demonology,55,29,26
Tonin,antonidas,1553,warlock,demonology,65,38,27
Agathaharkne,minahonda,1553,warlock,demonology,36,19,17
Panic,stormrage,1550,warlock,demonology,150,84,66
Камнилока,booty-bay,1549,warlock,demonology,101,61,40
Carlss,sanguino,1549,warlock,demonology,30,18,12
Nürgle,stormscale,1548,warlock,demonology,28,18,10
Костикк,howling-fjord,1546,warlock,demonology,37,21,16
Greeylock,blackhand,1546,warlock,demonology,36,18,18
Hamnam,blackrock,1543,warlock,demonology,42,23,19
Benzakenta,sylvanas,1541,warlock,demonology,42,26,16
Ayóó,doomhammer,1539,warlock,demonology,430,221,209
Nerzhull,stormscale,1539,warlock,demonology,87,44,43
Stormytrumpy,twisting-nether,1537,warlock,demonology,33,18,15
Redshíne,hyjal,1537,warlock,demonology,54,24,30
Xjms,darksorrow,1536,warlock,demonology,30,17,13
Nuwdles,tarren-mill,1535,warlock,demonology,42,23,19
Oggelock,tarren-mill,1534,warlock,demonology,24,16,8
Repah,doomhammer,1534,warlock,demonology,30,17,13
Mundunugu,sanguino,1533,warlock,demonology,25,18,7
Kaamosliha,frostwhisper,1532,warlock,demonology,101,51,50
Altffeer,blackmoore,1531,warlock,demonology,47,27,20
Wëndigo,stormscale,1530,warlock,demonology,41,19,22
Áutísm,silvermoon,1527,warlock,demonology,35,24,11
Longdickie,ravencrest,1523,warlock,demonology,54,27,27
Tochka,archimonde,1523,warlock,demonology,36,18,18
Sïlïthuss,ravencrest,1522,warlock,demonology,111,58,53
Acererak,thunderhorn,1515,warlock,demonology,53,25,28
Skitless,blackmoore,1514,warlock,demonology,39,19,20
Зарлог,soulflayer,1511,warlock,demonology,54,26,28
Seriasa,blackmoore,1511,warlock,demonology,66,27,39
Хитбэйн,soulflayer,1511,warlock,demonology,45,17,28
Fearhändig,aegwynn,1510,warlock,demonology,24,16,8
Грешъник,gordunni,1508,warlock,demonology,37,19,18
Theolock,ragnaros,1508,warlock,demonology,60,28,32
Zoulgania,antonidas,1506,warlock,demonology,73,35,38
Æternallock,nemesis,1505,warlock,demonology,48,32,16
Lockaria,zuljin,1505,warlock,demonology,53,29,24
Felburrn,twisting-nether,1505,warlock,demonology,101,50,51
Rafael,stormscale,1503,warlock,demonology,60,33,27
Iovol,korgall,1496,warlock,demonology,72,39,33
Bß,argent-dawn,1495,warlock,demonology,53,31,22
Ijixed,ravencrest,1495,warlock,demonology,50,23,27
Srhal,blackmoore,1492,warlock,demonology,102,56,46
Solitariøus,arathi,1492,warlock,demonology,72,34,38
Morgan,jaedenar,1491,warlock,demonology,66,28,38
Stormblast,azshara,1489,warlock,demonology,48,33,15
Чернаяскала,howling-fjord,1488,warlock,demonology,84,40,44
Baloc,kirin-tor,1486,warlock,demonology,30,19,11
Эволюционист,gordunni,1483,warlock,demonology,42,22,20
Absúrd,turalyon,1481,warlock,demonology,228,127,101
Ппинг,soulflayer,1481,warlock,demonology,96,44,52
Khalkazar,darkspear,1477,warlock,demonology,30,16,14
Roedin,tarren-mill,1477,warlock,demonology,124,49,75
Мормир,deathguard,1473,warlock,demonology,46,23,23
Béastmodex,eredar,1470,warlock,demonology,33,18,15
Иллугис,gordunni,1468,warlock,demonology,36,17,19
Mephysteroth,dalaran,1462,warlock,demonology,30,16,14
Enviroq,burning-legion,1454,warlock,demonology,42,25,17
Papilena,turalyon,1454,warlock,demonology,37,21,16
Deprecated,burning-blade,1453,warlock,demonology,29,17,12
Валентинчик,galakrond,1452,warlock,demonology,57,32,25
Jondi,blackmoore,1452,warlock,demonology,43,23,20
Sedryn,turalyon,1451,warlock,demonology,756,382,374
Ädarä,cthun,1443,warlock,demonology,90,48,42
Нгага,howling-fjord,1443,warlock,demonology,227,111,116
Dayan,stormreaver,1440,warlock,demonology,45,23,22
Razzguul,blackmoore,1439,warlock,demonology,34,19,15
Bigbagelbob,archimonde,1438,warlock,demonology,24,15,9
Priszcilla,twisting-nether,1438,warlock,demonology,108,59,49
Benvyx,twisting-nether,1438,warlock,demonology,30,15,15
Rektube,sanguino,1437,warlock,demonology,18,15,3
Easycheasy,ravencrest,1437,warlock,demonology,30,15,15
Jesez,aegwynn,1436,warlock,demonology,24,15,9
Indiasummerx,turalyon,1436,warlock,demonology,58,29,29
Чутьчутьзлая,gordunni,1436,warlock,demonology,54,25,29
Guldchan,drakthul,1433,warlock,demonology,24,15,9
Ganjubass,tarren-mill,1432,warlock,demonology,24,15,9
Паникс,gordunni,1432,warlock,demonology,48,20,28
Kukcaryfuk,drakthul,1431,warlock,demonology,54,27,27
Wåfa,kazzak,1430,warlock,demonology,129,73,56
Dhraven,thrall,1427,warlock,demonology,42,21,21
Corbiejr,tarren-mill,1425,warlock,demonology,70,29,41
Algolagniac,stormscale,1424,warlock,demonology,24,15,9
Сладкийпир,soulflayer,1422,warlock,demonology,54,27,27
Hyphonos,blackmoore,1422,warlock,demonology,30,15,15
Ruinovino,outland,1422,warlock,demonology,42,18,24
Kawapow,azjolnerub,1420,warlock,demonology,48,29,19
Auxi,the-maelstrom,1420,warlock,demonology,105,57,48
Джердхаус,fordragon,1419,warlock,demonology,30,15,15
Épidémie,outland,1419,warlock,demonology,47,18,29
Nattû,outland,1415,warlock,demonology,30,15,15
Lunden,drakthul,1414,warlock,demonology,46,22,24
Malganas,sylvanas,1414,warlock,demonology,95,42,53
Chedipes,stormscale,1414,warlock,demonology,39,16,23
Smallpee,kazzak,1413,warlock,demonology,42,20,22
Denzeal,argent-dawn,1413,warlock,demonology,54,21,33
Гнильсен,borean-tundra,1412,warlock,demonology,24,16,8
Shalazar,dun-modr,1412,warlock,demonology,60,36,24
Nomakqlock,dun-modr,1410,warlock,demonology,24,17,7
Героуд,howling-fjord,1407,warlock,demonology,30,15,15
Кайрана,blackscar,1404,warlock,demonology,42,24,18
Qullnius,kazzak,1402,warlock,demonology,42,24,18
Tudii,frostwolf,1401,warlock,demonology,54,32,22
Esgül,draenor,1401,warlock,demonology,94,48,46
Morgána,outland,1401,warlock,demonology,30,15,15
Søcraqt,blackrock,1399,warlock,demonology,31,15,16
Famíliar,tarren-mill,1398,warlock,demonology,75,30,45
Profylaxis,arathor,1396,warlock,demonology,46,23,23
Dedalus,zuluhed,1395,warlock,demonology,154,89,65
Bonemetz,blackmoore,1393,warlock,demonology,30,16,14
Dabulock,blackmoore,1393,warlock,demonology,69,31,38
Peremi,grim-batol,1388,warlock,demonology,30,15,15
Бельведерчи,blackscar,1388,warlock,demonology,138,68,70
Sineko,twisting-nether,1387,warlock,demonology,190,91,99
Rpez,archimonde,1379,warlock,demonology,226,116,110
Kikeriki,blackhand,1375,warlock,demonology,20,15,5
Расмурът,soulflayer,1375,warlock,demonology,42,23,19
Nagash,zuljin,1370,warlock,demonology,23,16,7
Wítchær,blackhand,1370,warlock,demonology,48,28,20
Bobkeso,sylvanas,1368,warlock,demonology,36,15,21
Sevastus,argent-dawn,1363,warlock,demonology,106,53,53
Гулдарий,howling-fjord,1362,warlock,demonology,219,112,107
Ilarizium,ysondre,1360,warlock,demonology,89,44,45
Tsumde,dalaran,1358,warlock,demonology,60,27,33
Чингинсхан,howling-fjord,1357,warlock,demonology,35,25,10
Mesîkatayut,outland,1351,warlock,demonology,75,43,32
Cahoa,archimonde,1349,warlock,demonology,24,15,9
Olsel,draenor,1349,warlock,demonology,36,16,20
Cròwly,area-52,1347,warlock,demonology,22,15,7
Scallington,shattered-hand,1344,warlock,demonology,24,14,10
Beebs,aegwynn,1343,warlock,demonology,18,14,4
Афинц,deathguard,1343,warlock,demonology,24,14,10
Quadraxer,antonidas,1342,warlock,demonology,24,14,10
Lacape,dalaran,1340,warlock,demonology,28,15,13
Dabeastysx,sanguino,1339,warlock,demonology,18,14,4
Thorash,moonglade,1339,warlock,demonology,24,16,8
Ahkan,argent-dawn,1339,warlock,demonology,30,14,16
Xartul,tarren-mill,1337,warlock,demonology,18,14,4
Gattlingan,eredar,1337,warlock,demonology,24,14,10
Evilbuba,burning-legion,1337,warlock,demonology,58,30,28
Fujiitøra,ysondre,1336,warlock,demonology,73,41,32
Nimh,azjolnerub,1336,warlock,demonology,63,33,30
Døtzz,blackmoore,1335,warlock,demonology,24,14,10
Tomlingen,terenas,1335,warlock,demonology,48,25,23
Kosoki,burning-legion,1335,warlock,demonology,30,14,16
Darkdagor,blackrock,1334,warlock,demonology,24,14,10
Ruhuen,stormscale,1332,warlock,demonology,24,14,10
Vanskor,argent-dawn,1331,warlock,demonology,100,42,58
Skailzlock,hyjal,1329,warlock,demonology,18,14,4
Kharless,kazzak,1327,warlock,demonology,38,19,19
Letzman,ravencrest,1321,warlock,demonology,25,16,9
Kwanzaa,ravencrest,1319,warlock,demonology,24,14,10
Gulldan,bloodfeather,1315,warlock,demonology,54,27,27
Дуклок,howling-fjord,1313,warlock,demonology,70,37,33
Forthewin,stormreaver,1313,warlock,demonology,30,15,15
Waltrude,conseil-des-ombres,1310,warlock,demonology,60,23,37
Valadair,sanguino,1309,warlock,demonology,211,109,102
Dominvs,silvermoon,1306,warlock,demonology,162,80,82
Trellaras,bloodfeather,1300,warlock,demonology,41,19,22
Kalhija,medivh,1298,warlock,demonology,24,14,10
Cmzdalock,ravencrest,1279,warlock,demonology,36,23,13
Инсип,blackscar,1256,warlock,demonology,42,18,24
Eatherial,twilights-hammer,1255,warlock,demonology,30,18,12
Vreeth,blackrock,1248,warlock,demonology,18,13,5
Rikkért,draenor,1248,warlock,demonology,24,13,11
Lywov,stormscale,1248,warlock,demonology,24,13,11
Bibilockbert,aegwynn,1247,warlock,demonology,18,13,5
Skyrender,argent-dawn,1247,warlock,demonology,30,13,17
Void,pozzo-delleternità,1246,warlock,demonology,70,32,38
Déus,forscherliga,1245,warlock,demonology,155,70,85
Tarilinwelli,les-sentinelles,1242,warlock,demonology,24,13,11
Стокыч,soulflayer,1241,warlock,demonology,36,13,23
Netcownt,silvermoon,1239,warlock,demonology,37,18,19
Azaêl,azshara,1237,warlock,demonology,30,13,17
Lokko,nemesis,1237,warlock,demonology,65,26,39
Jag,neptulon,1232,warlock,demonology,50,29,21
Andid,frostwolf,1231,warlock,demonology,38,18,20
Sargaerot,draenor,1230,warlock,demonology,72,33,39
Dernaxz,argent-dawn,1225,warlock,demonology,26,15,11
Xanatar,blackhand,1225,warlock,demonology,36,13,23
Mefistosx,draenor,1224,warlock,demonology,30,13,17
Армдэд,galakrond,1222,warlock,demonology,30,13,17
Narayan,ysondre,1221,warlock,demonology,18,14,4
Bíü,tarren-mill,1219,warlock,demonology,30,13,17
Gnometefurax,hyjal,1218,warlock,demonology,30,14,16
Rüwel,mannoroth,1214,warlock,demonology,47,20,27
Tunrîda,illidan,1206,warlock,demonology,33,14,19
Lugdan,blackmoore,1198,warlock,demonology,36,13,23
Lifesteal,auchindoun,1196,warlock,demonology,42,18,24
Azraëlle,drekthar,1195,warlock,demonology,21,14,7
Vreyax,aegwynn,1195,warlock,demonology,29,13,16
Nekrosd,tarren-mill,1193,warlock,demonology,27,14,13
Rngmåchinêx,ravencrest,1183,warlock,demonology,22,13,9
Vorgoth,argent-dawn,1179,warlock,demonology,28,13,15
Filø,dalaran,1173,warlock,demonology,47,14,33
Decayez,thrall,1168,warlock,demonology,19,13,6
Jomitoisback,nemesis,1152,warlock,demonology,12,12,0
Syntax,blackmoore,1152,warlock,demonology,18,12,6
Lyndi,nerathor,1152,warlock,demonology,18,12,6
Boltimoore,magtheridon,1152,warlock,demonology,18,12,6
Ðåñtåy,ravencrest,1152,warlock,demonology,18,12,6
Isanê,blackrock,1152,warlock,demonology,24,12,12
Glooness,burning-legion,1152,warlock,demonology,24,12,12
Gyzmo,outland,1152,warlock,demonology,24,12,12
Aköyh,kazzak,1151,warlock,demonology,12,12,0
Инфес,deathweaver,1151,warlock,demonology,18,12,6
Nargøf,outland,1151,warlock,demonology,24,12,12
Парачо,eversong,1151,warlock,demonology,24,12,12
Topmodelx,eredar,1150,warlock,demonology,18,12,6
Morwëk,ysondre,1150,warlock,demonology,36,12,24
Нистл,gordunni,1149,warlock,demonology,18,12,6
Ароматныйх,howling-fjord,1149,warlock,demonology,24,12,12
Truckpunch,defias-brotherhood,1148,warlock,demonology,60,24,36
Desolador,tyrande,1148,warlock,demonology,30,12,18
Sizezero,tarren-mill,1147,warlock,demonology,18,12,6
Hubba,earthen-ring,1147,warlock,demonology,18,12,6
Lamboo,tarren-mill,1147,warlock,demonology,24,12,12
Édøras,archimonde,1146,warlock,demonology,30,12,18
Ashzu,quelthalas,1145,warlock,demonology,24,12,12
Penske,sanguino,1143,warlock,demonology,30,12,18
Brryant,colinas-pardas,1141,warlock,demonology,18,12,6
Szetbaszlock,ragnaros,1137,warlock,demonology,18,12,6
Rövsmärta,ragnaros,1135,warlock,demonology,21,13,8
Aldhelm,draenor,1130,warlock,demonology,28,13,15
Warlockyo,blackrock,1118,warlock,demonology,23,12,11
Erwynna,conseil-des-ombres,1118,warlock,demonology,30,12,18
Wanderingowl,blackmoore,1103,warlock,demonology,18,12,6
Screamo,sylvanas,1103,warlock,demonology,30,16,14
Scarly,nordrassil,1103,warlock,demonology,41,21,20
Tripleshache,elune,1101,warlock,demonology,66,33,33
Sabiocalvo,dun-modr,1097,warlock,demonology,81,40,41
Cwyn,ravencrest,1088,warlock,demonology,30,13,17
Flocca,archimonde,1085,warlock,demonology,26,12,14
Силаскверна,deathguard,1065,warlock,demonology,54,20,34
Sipsirica,ragnaros,1061,warlock,demonology,42,15,27
Bicuriousdad,tarren-mill,1056,warlock,demonology,12,11,1
Absurdity,twisting-nether,1056,warlock,demonology,16,12,4
Dotosgyörgy,ragnaros,1056,warlock,demonology,18,11,7
Adellara,draenor,1056,warlock,demonology,18,11,7
Oldasianman,blackrock,1056,warlock,demonology,24,11,13
Nazw,ravencrest,1056,warlock,demonology,24,11,13
Dirtytyrant,sanguino,1055,warlock,demonology,18,11,7
Werzel,frostmane,1055,warlock,demonology,18,11,7
Syñdrome,ragnaros,1055,warlock,demonology,18,11,7
Lonelock,blackrock,1055,warlock,demonology,24,11,13
Naze,aegwynn,1055,warlock,demonology,24,11,13
Tiendi,blackhand,1055,warlock,demonology,24,11,13
Tìdùs,nethersturm,1054,warlock,demonology,12,11,1
Dàrksoul,thrall,1054,warlock,demonology,18,11,7
Demosteaks,thrall,1054,warlock,demonology,18,11,7
Ilililii,ravencrest,1054,warlock,demonology,18,11,7
Dull,ravencrest,1054,warlock,demonology,18,11,7
Idezis,ragnaros,1054,warlock,demonology,18,11,7
Katâra,tarren-mill,1054,warlock,demonology,24,11,13
Shînîgamî,draenor,1053,warlock,demonology,18,11,7
Fenrixlol,zuljin,1052,warlock,demonology,18,11,7
Евнухоидизм,gordunni,1051,warlock,demonology,20,11,9
Емс,gordunni,1051,warlock,demonology,24,11,13
Törtidotcom,blackrock,1051,warlock,demonology,24,11,13
Remthorn,frostmane,1050,warlock,demonology,65,35,30
Zanzarismo,nemesis,1049,warlock,demonology,21,12,9
Ambralia,blackmoore,1048,warlock,demonology,24,12,12
Дулаан,blackscar,1042,warlock,demonology,18,11,7
Themengh,stormscale,1038,warlock,demonology,45,14,31
Krushell,sanguino,1021,warlock,demonology,18,11,7
Shadowppl,outland,1021,warlock,demonology,26,12,14
Imadovich,silvermoon,1018,warlock,demonology,47,22,25
Demonfaris,turalyon,1007,warlock,demonology,21,11,10
Dreamnyâsha,tarren-mill,1002,warlock,demonology,21,13,8
Майдум,soulflayer,1000,warlock,demonology,23,13,10
Stormiq,kazzak,1000,warlock,demonology,29,14,15
Discomugg,stormscale,991,warlock,demonology,17,11,6
Мембер,thermaplugg,990,warlock,demonology,26,11,15
Fuark,teldrassil,987,warlock,demonology,17,11,6
Zaross,khaz-modan,986,warlock,demonology,32,15,17
Ixal,hyjal,961,warlock,demonology,48,25,23
Rmpfarmer,kazzak,960,warlock,demonology,12,10,2
Veganlifter,ravencrest,960,warlock,demonology,12,10,2
Cappaoww,ravencrest,960,warlock,demonology,12,10,2
Ðrrøßøticus,la-croisade-écarlate,960,warlock,demonology,16,11,5
Демоник,deathguard,960,warlock,demonology,18,10,8
Sêrø,aegwynn,960,warlock,demonology,18,10,8
Кьютсанни,howling-fjord,960,warlock,demonology,24,10,14
Jegfaller,wildhammer,960,warlock,demonology,24,10,14
Velativ,silvermoon,959,warlock,demonology,12,10,2
Oozi,tarren-mill,959,warlock,demonology,12,10,2
Nainbusdemil,dalaran,959,warlock,demonology,18,10,8
Нэваблэйз,howling-fjord,959,warlock,demonology,18,10,8
Cadavrus,arakarahm,959,warlock,demonology,18,10,8
Teflondione,stormreaver,958,warlock,demonology,18,10,8
Ipetsincl,kazzak,958,warlock,demonology,18,10,8
Astéfion,dalaran,958,warlock,demonology,18,10,8
Davyjonessx,twisting-nether,958,warlock,demonology,18,10,8
Øupas,ysondre,958,warlock,demonology,24,10,14
Boxxybabee,blackhand,956,warlock,demonology,12,10,2
Boldielocks,tarren-mill,956,warlock,demonology,12,10,2
Баммес,galakrond,955,warlock,demonology,30,10,20
Güulran,les-clairvoyants,954,warlock,demonology,18,10,8
Degdeehei,draenor,953,warlock,demonology,12,10,2
Dedobozhe,ravencrest,953,warlock,demonology,18,10,8
Bewbys,draenor,949,warlock,demonology,30,10,20
Немножковуду,soulflayer,945,warlock,demonology,18,10,8
Ablas,bladefist,940,warlock,demonology,35,10,25
Thyron,gorgonnash,938,warlock,demonology,24,10,14
Fearmydear,alleria,926,warlock,demonology,17,10,7
Agonyzed,argent-dawn,923,warlock,demonology,16,11,5
Acuacx,drakthul,909,warlock,demonology,17,10,7
Mmorgana,sanguino,906,warlock,demonology,27,10,17
Dbolic,ravencrest,904,warlock,demonology,19,11,8
Djadizpunish,stormscale,894,warlock,demonology,15,11,4
Snoggä,antonidas,885,warlock,demonology,36,17,19
Migyardondup,exodar,873,warlock,demonology,81,41,40
Kënnyfõx,ysondre,864,warlock,demonology,12,9,3
Dadylock,silvermoon,864,warlock,demonology,12,9,3
Dogdrakex,tarren-mill,864,warlock,demonology,12,9,3
Öbsury,hyjal,864,warlock,demonology,12,9,3
Простохаос,howling-fjord,864,warlock,demonology,12,9,3
Aladèèn,tarren-mill,864,warlock,demonology,12,9,3
Magicisback,nemesis,864,warlock,demonology,12,9,3
Ooroothothz,frostwolf,864,warlock,demonology,12,9,3
Stafar,outland,864,warlock,demonology,12,9,3
Yazurí,ravencrest,864,warlock,demonology,12,9,3
Youseenbølt,veklor,864,warlock,demonology,12,9,3
Rikmeyzter,burning-blade,864,warlock,demonology,18,9,9
Boomlok,tarren-mill,864,warlock,demonology,18,9,9
Nekrofille,outland,864,warlock,demonology,18,9,9
Nunhesh,defias-brotherhood,864,warlock,demonology,18,9,9
Darksoll,hyjal,864,warlock,demonology,24,9,15
Zèlêph,archimonde,863,warlock,demonology,12,9,3
Nastýføxÿ,ysondre,863,warlock,demonology,12,9,3
Cardinall,drakthul,863,warlock,demonology,18,9,9
Fedra,steamwheedle-cartel,863,warlock,demonology,18,9,9
Kritrouilles,sargeras,863,warlock,demonology,18,9,9
Nosoulnoprob,sylvanas,863,warlock,demonology,24,9,15
Xoky,argent-dawn,861,warlock,demonology,18,9,9
Allotropìa,ravencrest,861,warlock,demonology,24,9,15
Kazzulina,ravenholdt,861,warlock,demonology,24,9,15
Аттропа,gordunni,859,warlock,demonology,66,34,32
Haitech,dalaran,858,warlock,demonology,12,9,3
Nikhusadark,draenor,856,warlock,demonology,19,9,10
Диффиндо,galakrond,854,warlock,demonology,12,9,3
Yamajii,krasus,845,warlock,demonology,30,13,17
Jendzababa,burning-legion,827,warlock,demonology,17,9,8
Дакиса,gordunni,815,warlock,demonology,17,9,8
Гупперлок,howling-fjord,810,warlock,demonology,27,12,15
Бирел,soulflayer,799,warlock,demonology,16,9,7
Простоседой,gordunni,798,warlock,demonology,23,9,14
Йотунхейм,ashenvale,792,warlock,demonology,20,9,11
Gilfhaunter,malganis,768,warlock,demonology,12,8,4
Rozn,ravencrest,768,warlock,demonology,12,8,4
Absoul,defias-brotherhood,768,warlock,demonology,12,8,4
Killning,medivh,768,warlock,demonology,12,8,4
Hannen,blackrock,768,warlock,demonology,12,8,4
Cappaoow,ravencrest,768,warlock,demonology,12,8,4
Meshekinoqua,tarren-mill,768,warlock,demonology,12,8,4
Hyòkà,kazzak,768,warlock,demonology,12,8,4
Devildodo,elune,768,warlock,demonology,12,8,4
Hyöká,kazzak,768,warlock,demonology,12,8,4
Staenkymayne,blackhand,768,warlock,demonology,12,8,4
Аскамардва,gordunni,768,warlock,demonology,12,8,4
Maevoni,blackmoore,768,warlock,demonology,12,8,4
Yvonita,chamber-of-aspects,768,warlock,demonology,12,8,4
Narsok,blackrock,768,warlock,demonology,18,8,10
Koldarr,blackmoore,768,warlock,demonology,18,8,10
Ívânguldán,twisting-nether,768,warlock,demonology,18,8,10
Biest,drakthul,768,warlock,demonology,18,8,10
Eviloverlord,silvermoon,768,warlock,demonology,18,8,10
Noytan,nemesis,768,warlock,demonology,18,8,10
Jarodshadow,stormscale,768,warlock,demonology,18,8,10
Уанбаттон,gordunni,768,warlock,demonology,18,8,10
Котрх,gordunni,768,warlock,demonology,18,8,10
Djezzick,stormscale,768,warlock,demonology,18,8,10
Melfos,blackmoore,768,warlock,demonology,18,8,10
Dryaxc,frostwolf,768,warlock,demonology,18,8,10
Idkdot,ravencrest,768,warlock,demonology,18,8,10
Themus,twisting-nether,767,warlock,demonology,12,8,4
Tojezlo,drakthul,767,warlock,demonology,12,8,4
Likeqtz,thrall,767,warlock,demonology,12,8,4
Ðelðish,draenor,767,warlock,demonology,12,8,4
Eizon,tarren-mill,767,warlock,demonology,12,8,4
Mandafni,blackmoore,767,warlock,demonology,12,8,4
Sovrìn,blackrock,767,warlock,demonology,12,8,4
Chimera,mugthol,767,warlock,demonology,18,8,10
Alotadot,ravencrest,767,warlock,demonology,18,8,10
Otemlock,sanguino,766,warlock,demonology,12,8,4
Lethellin,antonidas,766,warlock,demonology,12,8,4
Guccie,ravencrest,766,warlock,demonology,17,10,7
Zeddy,draenor,766,warlock,demonology,18,8,10
Britneyféars,emeriss,766,warlock,demonology,18,8,10
Merzavka,kazzak,765,warlock,demonology,12,8,4
Bachmut,ravencrest,765,warlock,demonology,18,8,10
Njutbar,ragnaros,765,warlock,demonology,18,8,10
Gúldn,outland,763,warlock,demonology,30,8,22
Ясяшотлав,soulflayer,761,warlock,demonology,22,11,11
Stregone,chogall,760,warlock,demonology,12,8,4
Lokisi,die-aldor,752,warlock,demonology,24,8,16
Nedivh,stormscale,751,warlock,demonology,23,8,15
Cazul,archimonde,735,warlock,demonology,14,9,5
Akumako,stormscale,719,warlock,demonology,17,8,9
Dotwhat,ravencrest,719,warlock,demonology,17,8,9
Ромаколдун,howling-fjord,704,warlock,demonology,16,8,8
Lifetap,tarren-mill,703,warlock,demonology,14,8,6
Ponçeur,ysondre,687,warlock,demonology,19,9,10
Líí,burning-blade,672,warlock,demonology,12,7,5
Evilonion,outland,672,warlock,demonology,12,7,5
Dwoorf,ravencrest,672,warlock,demonology,12,7,5
Zagreos,tarren-mill,672,warlock,demonology,12,7,5
Ballerlock,ravencrest,672,warlock,demonology,12,7,5
Dzodeep,kazzak,672,warlock,demonology,12,7,5
Spongebobx,kazzak,672,warlock,demonology,12,7,5
Mythoman,ravencrest,672,warlock,demonology,12,7,5
Marador,drakthul,672,warlock,demonology,12,7,5
Plâytïmè,stormscale,672,warlock,demonology,12,7,5
Styxwl,blackhand,672,warlock,demonology,12,7,5
Kosfáce,tarren-mill,672,warlock,demonology,12,7,5
Slurvefar,kazzak,672,warlock,demonology,12,7,5
Külebra,uldum,672,warlock,demonology,12,7,5
Sialri,burning-legion,672,warlock,demonology,12,7,5
Framelock,draenor,672,warlock,demonology,12,7,5
Кале,goldrinn,672,warlock,demonology,12,7,5
Kerídiin,twisting-nether,672,warlock,demonology,12,7,5
Дядяджонн,gordunni,672,warlock,demonology,12,7,5
Immolleria,frostmane,672,warlock,demonology,12,7,5
Plague,twisting-nether,672,warlock,demonology,12,7,5
Likilaka,draenor,672,warlock,demonology,12,7,5
Circe,draenor,672,warlock,demonology,12,7,5
Flamidien,archimonde,672,warlock,demonology,12,7,5
Fearfearfear,archimonde,672,warlock,demonology,12,7,5
Lickyicky,twisting-nether,672,warlock,demonology,12,7,5
Hannens,blackrock,672,warlock,demonology,12,7,5
Wiitchdoktor,twisting-nether,672,warlock,demonology,12,7,5
Thereya,dun-morogh,672,warlock,demonology,12,7,5
Blekspel,outland,672,warlock,demonology,12,7,5
Officialysx,dun-modr,672,warlock,demonology,12,7,5
Mindzsonghó,ragnaros,672,warlock,demonology,12,7,5
Khaleth,dun-modr,672,warlock,demonology,12,7,5
Youseenbolt,ravencrest,672,warlock,demonology,21,9,12
Fearu,kazzak,672,warlock,demonology,18,7,11
Xfz,stormscale,672,warlock,demonology,18,7,11
Amerihell,pozzo-delleternità,672,warlock,demonology,18,7,11
Cringetamer,silvermoon,672,warlock,demonology,18,7,11
Дрын,gordunni,672,warlock,demonology,18,7,11
Baldazar,dun-modr,672,warlock,demonology,18,7,11
Shortyi,thrall,672,warlock,demonology,18,7,11
Klaab,hyjal,672,warlock,demonology,18,7,11
Lacus,voljin,672,warlock,demonology,24,7,17
Сч,ashenvale,671,warlock,demonology,12,7,5
Адилея,howling-fjord,671,warlock,demonology,12,7,5
Indifférence,archimonde,671,warlock,demonology,18,7,11
Pestilus,thrall,671,warlock,demonology,18,7,11
Muninnus,archimonde,670,warlock,demonology,21,8,13
Williamford,dun-modr,669,warlock,demonology,18,7,11
Gunca,sylvanas,669,warlock,demonology,18,7,11
Etherbit,burning-legion,669,warlock,demonology,24,7,17
Darlanis,draenor,668,warlock,demonology,12,7,5
Thanàthos,pozzo-delleternità,668,warlock,demonology,12,7,5
Farasuflet,burning-steppes,658,warlock,demonology,12,7,5
Кингпинг,soulflayer,655,warlock,demonology,17,7,10
Унаросс,deathguard,655,warlock,demonology,23,7,16
Raez,burning-blade,654,warlock,demonology,23,7,16
Sourpatchkid,the-maelstrom,639,warlock,demonology,17,7,10
Kavalierr,stormscale,624,warlock,demonology,21,8,13
Kïng,elune,622,warlock,demonology,15,8,7
Warlockxx,ravencrest,607,warlock,demonology,11,7,4
Sethtarr,draenor,607,warlock,demonology,14,7,7
Ukjjkhj,frostmane,592,warlock,demonology,19,7,12
Тапкидеда,gordunni,576,warlock,demonology,6,6,0
Lockimon,silvermoon,576,warlock,demonology,6,6,0
Fearbót,kazzak,576,warlock,demonology,6,6,0
Labreego,aggra-português,576,warlock,demonology,6,6,0
Onewarlock,kazzak,576,warlock,demonology,6,6,0
Cresen,tarren-mill,576,warlock,demonology,12,6,6
Lifedriller,drakthul,576,warlock,demonology,12,6,6
Vîmø,antonidas,576,warlock,demonology,12,6,6
Deflagrate,kazzak,576,warlock,demonology,12,6,6
Ðêmøñîc,ravencrest,576,warlock,demonology,12,6,6
Devour,magtheridon,576,warlock,demonology,12,6,6
Dracsu,dun-modr,576,warlock,demonology,12,6,6
Исверон,howling-fjord,576,warlock,demonology,12,6,6
Øbéydêmøn,silvermoon,576,warlock,demonology,12,6,6
Wacamolymojo,tarren-mill,576,warlock,demonology,12,6,6
Líely,ravencrest,576,warlock,demonology,12,6,6
Rîas,hyjal,576,warlock,demonology,12,6,6
Gruldran,khaz-modan,576,warlock,demonology,12,6,6
Kasztyk,grim-batol,576,warlock,demonology,12,6,6
Zerx,malganis,576,warlock,demonology,12,6,6
Ilovebronko,blackrock,576,warlock,demonology,12,6,6
Nephystø,archimonde,576,warlock,demonology,12,6,6
Mombo,the-maelstrom,576,warlock,demonology,12,6,6
Rivmuu,argent-dawn,576,warlock,demonology,12,6,6
Darcol,archimonde,576,warlock,demonology,12,6,6
Lashyra,aszune,576,warlock,demonology,12,6,6
Malathrom,garona,576,warlock,demonology,12,6,6
Hyóká,kazzak,576,warlock,demonology,12,6,6
Тевон,gordunni,576,warlock,demonology,12,6,6
Oloki,kazzak,576,warlock,demonology,12,6,6
Фэлдред,soulflayer,576,warlock,demonology,18,6,12
Манапчик,soulflayer,576,warlock,demonology,18,6,12
Эссминет,soulflayer,576,warlock,demonology,18,6,12
Haillun,twisting-nether,576,warlock,demonology,18,6,12
Æßçåløønå,ravencrest,576,warlock,demonology,18,6,12
Yeatso,blackmoore,576,warlock,demonology,18,6,12
Скиифул,howling-fjord,576,warlock,demonology,24,6,18
Deadleth,blackrock,575,warlock,demonology,10,7,3
Feyras,turalyon,575,warlock,demonology,12,6,6
Факлок,gordunni,575,warlock,demonology,12,6,6
Сквордин,gordunni,575,warlock,demonology,12,6,6
Heximexi,malganis,575,warlock,demonology,18,6,12
Kropi,blackhand,575,warlock,demonology,18,6,12
Xerxia,blackrock,575,warlock,demonology,18,6,12
Ахпорбес,gordunni,574,warlock,demonology,10,7,3
Ragedrop,malygos,574,warlock,demonology,12,6,6
Methmuncher,twisting-nether,574,warlock,demonology,24,6,18
Petrosk,sanguino,569,warlock,demonology,12,6,6
Absurdd,turalyon,568,warlock,demonology,14,9,5
Кхадгард,howling-fjord,544,warlock,demonology,16,6,10
Gutras,ragnaros,527,warlock,demonology,11,6,5
Tvmpzwl,ravencrest,527,warlock,demonology,17,6,11
Shazem,tarren-mill,522,warlock,demonology,12,7,5
Mudwalkin,ravencrest,480,warlock,demonology,6,5,1
Felgødx,nemesis,480,warlock,demonology,6,5,1
Chromex,dentarg,480,warlock,demonology,6,5,1
Boomloc,tarren-mill,480,warlock,demonology,6,5,1
Hiloqtlock,blackmoore,480,warlock,demonology,6,5,1
Racursed,outland,480,warlock,demonology,6,5,1
Vitalyk,sanguino,480,warlock,demonology,6,5,1
Köftemec,blackrock,480,warlock,demonology,6,5,1
Saganelle,hyjal,480,warlock,demonology,6,5,1
Voídzero,hyjal,480,warlock,demonology,6,5,1
Олимта,blackscar,480,warlock,demonology,6,5,1
Swagzz,silvermoon,480,warlock,demonology,6,5,1
Фирвебало,soulflayer,480,warlock,demonology,6,5,1
Deadmanwlkin,aggra-português,480,warlock,demonology,6,5,1
Miauwu,stormscale,480,warlock,demonology,6,5,1
Xarica,garona,480,warlock,demonology,6,5,1
Mércé,stormscale,480,warlock,demonology,6,5,1
Jinxme,tarren-mill,480,warlock,demonology,6,5,1
Joinx,tarren-mill,480,warlock,demonology,6,5,1
Лираума,howling-fjord,480,warlock,demonology,9,6,3
Hogheru,kazzak,480,warlock,demonology,12,5,7
Durátor,ravencrest,480,warlock,demonology,12,5,7
Khâmélÿa,culte-de-la-rive-noire,480,warlock,demonology,12,5,7
Gulderrf,kirin-tor,480,warlock,demonology,12,5,7
Rinnieeqt,outland,480,warlock,demonology,12,5,7
Qzkimp,hyjal,480,warlock,demonology,12,5,7
Anturia,garona,480,warlock,demonology,12,5,7
Telyfol,ragnaros,480,warlock,demonology,12,5,7
Landii,ragnaros,480,warlock,demonology,12,5,7
Agaton,twisting-nether,480,warlock,demonology,12,5,7
Moslock,kazzak,480,warlock,demonology,12,5,7
Purepkbob,quelthalas,480,warlock,demonology,12,5,7
Nastychâtøn,ysondre,480,warlock,demonology,12,5,7
Tepelkwastje,twisting-nether,480,warlock,demonology,12,5,7
Morshax,ysondre,480,warlock,demonology,12,5,7
Nécromancér,doomhammer,480,warlock,demonology,12,5,7
Furchtnervt,thrall,480,warlock,demonology,12,5,7
Yoplen,drakthul,480,warlock,demonology,12,5,7
Векстах,gordunni,480,warlock,demonology,12,5,7
Irnx,tarren-mill,480,warlock,demonology,12,5,7
Msßeckinsale,tarren-mill,480,warlock,demonology,12,5,7
Destroc,blackrock,480,warlock,demonology,12,5,7
Zoodaddy,grim-batol,480,warlock,demonology,12,5,7
Rushkush,ravencrest,480,warlock,demonology,13,5,8
Délidumrul,stormscale,480,warlock,demonology,18,5,13
Ascètic,kazzak,480,warlock,demonology,18,5,13
Vanmorgoth,nazjatar,480,warlock,demonology,18,5,13
Zartax,kazzak,480,warlock,demonology,18,5,13
Brodoh,dun-modr,480,warlock,demonology,18,5,13
Déemón,draenor,480,warlock,demonology,18,5,13
Kedrat,die-aldor,479,warlock,demonology,6,5,1
Limfus,terokkar,479,warlock,demonology,6,5,1
Ezekîél,blackhand,479,warlock,demonology,6,5,1
Oblutak,draenor,479,warlock,demonology,12,5,7
Lewd,dragonblight,479,warlock,demonology,12,5,7
Aluy,blackmoore,479,warlock,demonology,12,5,7
Xydama,blackrock,479,warlock,demonology,12,5,7
Bionic,eredar,447,warlock,demonology,11,5,6
Neffy,sinstralis,426,warlock,demonology,15,6,9
Broxsz,blackrock,415,warlock,demonology,8,5,3
Xuloth,ravencrest,384,warlock,demonology,6,4,2
Sanas,blackhand,384,warlock,demonology,6,4,2
Vornex,sporeggar,384,warlock,demonology,6,4,2
Freyzul,twisting-nether,384,warlock,demonology,6,4,2
Zàkx,silvermoon,384,warlock,demonology,6,4,2
Menescurse,blackhand,384,warlock,demonology,6,4,2
Cleyandra,arathor,384,warlock,demonology,6,4,2
Nekhar,twisting-nether,384,warlock,demonology,6,4,2
Llilithh,draenor,384,warlock,demonology,6,4,2
Tropìcal,grim-batol,384,warlock,demonology,6,4,2
Náwwk,blackmoore,384,warlock,demonology,6,4,2
Lémonz,stormscale,384,warlock,demonology,6,4,2
Nêverse,archimonde,384,warlock,demonology,6,4,2
Bitshlog,draenor,384,warlock,demonology,6,4,2
Sep,aegwynn,384,warlock,demonology,6,4,2
Lökjävel,twisting-nether,384,warlock,demonology,6,4,2
Колмидедди,gordunni,384,warlock,demonology,6,4,2
Flxzshort,kazzak,384,warlock,demonology,6,4,2
Zakuri,blackmoore,384,warlock,demonology,6,4,2
Phoenixwrath,malfurion,384,warlock,demonology,6,4,2
Cosec,silvermoon,384,warlock,demonology,6,4,2
Bluenote,colinas-pardas,384,warlock,demonology,6,4,2
Meningitis,tyrande,384,warlock,demonology,6,4,2
Lockmybllz,baelgun,384,warlock,demonology,6,4,2
Komet,der-rat-von-dalaran,384,warlock,demonology,6,4,2
Slerpmami,ragnaros,384,warlock,demonology,6,4,2
Ahollic,antonidas,384,warlock,demonology,6,4,2
Gödisdëäd,sanguino,384,warlock,demonology,6,4,2
Nicetime,nefarian,384,warlock,demonology,6,4,2
Cannolix,blackhand,384,warlock,demonology,6,4,2
Bankstair,stormscale,384,warlock,demonology,6,4,2
Mayden,uldum,384,warlock,demonology,6,4,2
Cardyw,ravencrest,384,warlock,demonology,6,4,2
Roglash,eredar,384,warlock,demonology,6,4,2
Aniq,eredar,384,warlock,demonology,6,4,2
Âlîce,blackmoore,384,warlock,demonology,6,4,2
Exitlock,thrall,384,warlock,demonology,6,4,2
Imissbolt,outland,384,warlock,demonology,6,4,2
Àmæla,thrall,384,warlock,demonology,6,4,2
Lagynka,wildhammer,384,warlock,demonology,6,4,2
Itrix,aegwynn,384,warlock,demonology,6,4,2
Gryme,dalaran,384,warlock,demonology,6,4,2
Keibo,drakthul,384,warlock,demonology,6,4,2
Dèsaad,stormscale,384,warlock,demonology,6,4,2
Abnørmus,tarren-mill,384,warlock,demonology,6,4,2
Maleficious,silvermoon,384,warlock,demonology,6,4,2
Незерлок,soulflayer,384,warlock,demonology,6,4,2
Fredé,kazzak,384,warlock,demonology,6,4,2
Súícìdèbøy,colinas-pardas,384,warlock,demonology,6,4,2
Skizofrenia,zuljin,384,warlock,demonology,6,4,2
Felhaen,silvermoon,384,warlock,demonology,6,4,2
Ôlo,rajaxx,384,warlock,demonology,6,4,2
Drogoon,blackmoore,384,warlock,demonology,9,5,4
Куськысь,gordunni,384,warlock,demonology,9,5,4
Kemuruss,kazzak,384,warlock,demonology,10,5,5
Hsp,dun-modr,384,warlock,demonology,12,4,8
Tuz,blackrock,384,warlock,demonology,12,4,8
Nulo,aggra-português,384,warlock,demonology,12,4,8
Heexmex,blackmoore,384,warlock,demonology,12,4,8
Krútéús,perenolde,384,warlock,demonology,12,4,8
Gorgôk,culte-de-la-rive-noire,384,warlock,demonology,12,4,8
Tolgaa,draenor,384,warlock,demonology,12,4,8
Vextos,draenor,384,warlock,demonology,12,4,8
Focalorx,tarren-mill,384,warlock,demonology,12,4,8
Babayagâ,sanguino,384,warlock,demonology,12,4,8
Erèss,hyjal,384,warlock,demonology,12,4,8
Graveshaker,quelthalas,384,warlock,demonology,12,4,8
Fallendex,eredar,384,warlock,demonology,12,4,8
Kfo,ragnaros,384,warlock,demonology,12,4,8
Lagyna,wildhammer,384,warlock,demonology,12,4,8
Prestoc,wrathbringer,384,warlock,demonology,12,4,8
Xvron,tarren-mill,384,warlock,demonology,12,4,8
Ðârk,silvermoon,384,warlock,demonology,18,4,14
Alucena,silvermoon,384,warlock,demonology,18,4,14
Déadwish,ravencrest,384,warlock,demonology,18,4,14
Millhaus,gorgonnash,384,warlock,demonology,18,4,14
Myxâ,tarren-mill,383,warlock,demonology,6,4,2
Monroé,hellfire,367,warlock,demonology,11,4,7
Suucc,draenor,352,warlock,demonology,10,4,6
Nili,dethecus,351,warlock,demonology,11,4,7
Hadrianor,sanguino,336,warlock,demonology,9,4,5
Amrafel,draenor,335,warlock,demonology,15,5,10
Floriae,silvermoon,329,warlock,demonology,13,5,8
Shadaw,kilrogg,319,warlock,demonology,5,4,1
Ghachi,draenor,319,warlock,demonology,5,4,1
Sidragasoss,drakthul,288,warlock,demonology,6,3,3
Ronniee,moonglade,288,warlock,demonology,6,3,3
Pidka,drakthul,288,warlock,demonology,6,3,3
Mattihoh,rexxar,288,warlock,demonology,6,3,3
Hasselbalch,azshara,288,warlock,demonology,6,3,3
Waîdo,blackhand,288,warlock,demonology,6,3,3
Sánas,blackhand,288,warlock,demonology,6,3,3
Infernion,stormscale,288,warlock,demonology,6,3,3
Gyroib,stormscale,288,warlock,demonology,6,3,3
Eredun,stormscale,288,warlock,demonology,6,3,3
Mingingclass,stormscale,288,warlock,demonology,6,3,3
Manithedøg,stormscale,288,warlock,demonology,6,3,3
Talindra,stormscale,288,warlock,demonology,6,3,3
Oniarc,ravencrest,288,warlock,demonology,6,3,3
Afflimoomoo,tarren-mill,288,warlock,demonology,6,3,3
Theronas,tarren-mill,288,warlock,demonology,6,3,3
Karädoc,chogall,288,warlock,demonology,6,3,3
Журанайсбой,blackscar,288,warlock,demonology,6,3,3
Аркейнмизери,howling-fjord,288,warlock,demonology,6,3,3
Philat,antonidas,288,warlock,demonology,6,3,3
Wendetta,stormreaver,288,warlock,demonology,6,3,3
Yerslock,twisting-nether,288,warlock,demonology,6,3,3
Локистраик,borean-tundra,288,warlock,demonology,6,3,3
Cthxil,frostwolf,288,warlock,demonology,6,3,3
Cptdotalot,tarren-mill,288,warlock,demonology,6,3,3
Ноанс,howling-fjord,288,warlock,demonology,6,3,3
Bono,frostwhisper,288,warlock,demonology,6,3,3
Larina,neptulon,288,warlock,demonology,6,3,3
Drainurlife,zenedar,288,warlock,demonology,6,3,3
Askanios,twisting-nether,288,warlock,demonology,6,3,3
Bëllatrïx,zuljin,288,warlock,demonology,6,3,3
Antuan,sanguino,288,warlock,demonology,6,3,3
Гвадривер,howling-fjord,288,warlock,demonology,6,3,3
Áiram,the-maelstrom,288,warlock,demonology,6,3,3
Väladar,sanguino,288,warlock,demonology,6,3,3
Комочеро,soulflayer,288,warlock,demonology,6,3,3
Лысыйлокоть,soulflayer,288,warlock,demonology,6,3,3
Miazmii,ragnaros,288,warlock,demonology,6,3,3
Teemzen,tarren-mill,288,warlock,demonology,6,3,3
Дотботх,howling-fjord,288,warlock,demonology,6,3,3
Plocke,aegwynn,288,warlock,demonology,6,3,3
Legiozock,draenor,288,warlock,demonology,6,3,3
Vladov,ravencrest,288,warlock,demonology,6,3,3
Сантизи,gordunni,288,warlock,demonology,6,3,3
Moelock,frostmane,288,warlock,demonology,6,3,3
Dispelpls,dun-morogh,288,warlock,demonology,6,3,3
Osyx,ravencrest,288,warlock,demonology,6,3,3
Cainn,kilrogg,288,warlock,demonology,6,3,3
Buserella,eredar,288,warlock,demonology,6,3,3
Wombsa,blackmoore,288,warlock,demonology,6,3,3
Shjzzkl,blackmoore,288,warlock,demonology,6,3,3
Drarken,sylvanas,288,warlock,demonology,6,3,3
Ezy,auchindoun,288,warlock,demonology,6,3,3
Elmîr,blackmoore,288,warlock,demonology,6,3,3
Syrax,darkmoon-faire,288,warlock,demonology,6,3,3
Nerdbane,blackrock,288,warlock,demonology,6,3,3
Xalé,blackrock,288,warlock,demonology,6,3,3
Lebaa,burning-steppes,288,warlock,demonology,6,3,3
Horststenzl,blackrock,288,warlock,demonology,6,3,3
Рашчер,gordunni,288,warlock,demonology,6,3,3
Matheus,zenedar,288,warlock,demonology,6,3,3
Sleethy,destromath,288,warlock,demonology,6,3,3
Zloezlo,ravencrest,288,warlock,demonology,6,3,3
Xenq,ravencrest,288,warlock,demonology,6,3,3
Xiraq,nathrezim,288,warlock,demonology,6,3,3
Sofias,tarren-mill,288,warlock,demonology,6,3,3
Opiumers,kazzak,288,warlock,demonology,6,3,3
Nineinchlock,silvermoon,288,warlock,demonology,6,3,3
Hotdogvendor,kazzak,288,warlock,demonology,6,3,3
Lockydotty,silvermoon,288,warlock,demonology,6,3,3
Slytofhandio,silvermoon,288,warlock,demonology,6,3,3
Zìì,silvermoon,288,warlock,demonology,6,3,3
Darkpush,outland,288,warlock,demonology,6,3,3
Silås,hyjal,288,warlock,demonology,6,3,3
Zeromaker,kazzak,288,warlock,demonology,6,3,3
Alcringe,kazzak,288,warlock,demonology,6,3,3
Tathyanna,archimonde,288,warlock,demonology,6,3,3
Ïvar,ysondre,288,warlock,demonology,12,3,9
Kamí,sanguino,288,warlock,demonology,12,3,9
Chaosbolts,balnazzar,288,warlock,demonology,12,3,9
Ohnoitsnepss,chamber-of-aspects,288,warlock,demonology,12,3,9
Surgelock,draenor,288,warlock,demonology,12,3,9
Jkz,blackrock,288,warlock,demonology,12,3,9
Clef,blackmoore,288,warlock,demonology,12,3,9
Cassen,outland,288,warlock,demonology,12,3,9
Laveau,outland,288,warlock,demonology,12,3,9
Ftpete,argent-dawn,288,warlock,demonology,12,3,9
Ønyzukral,hyjal,288,warlock,demonology,12,3,9
Dardec,hyjal,288,warlock,demonology,12,3,9
Hartee,argent-dawn,288,warlock,demonology,18,3,15
Ydidntuwait,ragnaros,288,warlock,demonology,18,3,15
Lìlitu,malfurion,287,warlock,demonology,6,3,3
Wieczek,doomhammer,287,warlock,demonology,12,3,9
Dust,argent-dawn,287,warlock,demonology,12,3,9
Hasla,stormreaver,256,warlock,demonology,10,3,7
Calypso,korgall,239,warlock,demonology,5,3,2
Ánderx,dun-modr,239,warlock,demonology,5,3,2
Hokoreuw,echsenkessel,234,warlock,demonology,9,4,5
Watii,stormscale,234,warlock,demonology,10,4,6
Никошо,gordunni,223,warlock,demonology,8,3,5
Streganni,nemesis,192,warlock,demonology,4,3,1
Fortheend,twisting-nether,192,warlock,demonology,6,2,4
Fatkkroth,ravencrest,192,warlock,demonology,6,2,4
Liwerno,dunemaul,192,warlock,demonology,6,2,4
Azgaroth,kazzak,192,warlock,demonology,6,2,4
Pufulet,sylvanas,192,warlock,demonology,6,2,4
Belzedan,blackrock,192,warlock,demonology,6,2,4
Luckylocked,kazzak,192,warlock,demonology,6,2,4
Branduir,ragnaros,192,warlock,demonology,6,2,4
Surfingbirdz,ragnaros,192,warlock,demonology,6,2,4
Nècrøphila,kazzak,192,warlock,demonology,6,2,4
Lokelicious,ragnaros,192,warlock,demonology,6,2,4
Händerå,ragnaros,192,warlock,demonology,6,2,4
Necronem,thrall,192,warlock,demonology,6,2,4
Junakot,silvermoon,192,warlock,demonology,6,2,4
Salvatoríy,outland,192,warlock,demonology,6,2,4
Incesticide,ragnaros,192,warlock,demonology,6,2,4
Cräwley,ragnaros,192,warlock,demonology,6,2,4
Kaobolt,archimonde,192,warlock,demonology,6,2,4
Selur,ragnaros,192,warlock,demonology,6,2,4
Лоредо,howling-fjord,192,warlock,demonology,6,2,4
Maleesh,ravenholdt,192,warlock,demonology,6,2,4
Скверногрик,fordragon,192,warlock,demonology,6,2,4
Andrealphus,outland,192,warlock,demonology,6,2,4
Fløkee,blackmoore,192,warlock,demonology,6,2,4
Hodille,argent-dawn,192,warlock,demonology,6,2,4
Happysrme,thrall,192,warlock,demonology,6,2,4
Ribbed,frostmane,192,warlock,demonology,6,2,4
Cali,ahnqiraj,192,warlock,demonology,6,2,4
Retrosatanas,archimonde,192,warlock,demonology,6,2,4
Вериберри,gordunni,192,warlock,demonology,6,2,4
Vitrolizz,twilights-hammer,192,warlock,demonology,6,2,4
Ekispekis,tarren-mill,192,warlock,demonology,6,2,4
Artys,tarren-mill,192,warlock,demonology,6,2,4
Azurma,tarren-mill,192,warlock,demonology,6,2,4
Kumamoto,tarren-mill,192,warlock,demonology,6,2,4
Morgainé,arygos,192,warlock,demonology,6,2,4
Анрали,deathguard,192,warlock,demonology,6,2,4
Jiy,senjin,192,warlock,demonology,6,2,4
Darkdax,dethecus,192,warlock,demonology,6,2,4
Tàkaz,drekthar,192,warlock,demonology,6,2,4
Xedras,aegwynn,192,warlock,demonology,6,2,4
Oldasiangirl,blackrock,192,warlock,demonology,6,2,4
Nachoodude,blackrock,192,warlock,demonology,6,2,4
Bu,zirkel-des-cenarius,192,warlock,demonology,6,2,4
Drith,blades-edge,192,warlock,demonology,6,2,4
Бешентумай,goldrinn,192,warlock,demonology,6,2,4
Epoku,stormscale,192,warlock,demonology,6,2,4
Pablø,silvermoon,192,warlock,demonology,6,2,4
Gtxtreme,kazzak,192,warlock,demonology,6,2,4
Малдрацит,gordunni,192,warlock,demonology,6,2,4
Stromzii,silvermoon,192,warlock,demonology,6,2,4
Assaabloy,stormscale,192,warlock,demonology,6,2,4
Iblis,grim-batol,192,warlock,demonology,6,2,4
Gammalgubbe,stormscale,192,warlock,demonology,6,2,4
Neijihbolt,blackrock,192,warlock,demonology,6,2,4
Хэлласс,blackscar,192,warlock,demonology,6,2,4
Seldonn,pozzo-delleternità,192,warlock,demonology,6,2,4
Nerfwarriors,stormscale,192,warlock,demonology,6,2,4
Minidiction,ravencrest,192,warlock,demonology,6,2,4
Paintherapy,blackrock,192,warlock,demonology,6,2,4
Omegachad,draenor,192,warlock,demonology,6,2,4
Sneptics,draenor,192,warlock,demonology,6,2,4
Médeâ,ravencrest,192,warlock,demonology,6,2,4
Кощун,goldrinn,192,warlock,demonology,6,2,4
Flatwolenzy,blackrock,192,warlock,demonology,6,2,4
Bowti,ravencrest,192,warlock,demonology,6,2,4
Democraft,the-maelstrom,192,warlock,demonology,6,2,4
Hèrmit,kazzak,192,warlock,demonology,6,2,4
Slowfatlock,ravencrest,192,warlock,demonology,6,2,4
Dotcha,ravencrest,192,warlock,demonology,6,2,4
Charmerx,kazzak,192,warlock,demonology,6,2,4
Yôi,nemesis,192,warlock,demonology,6,2,4
Fearlessgødx,ravencrest,192,warlock,demonology,6,2,4
Baradür,sanguino,192,warlock,demonology,6,2,4
Cadrega,nemesis,192,warlock,demonology,6,2,4
Ohanze,antonidas,192,warlock,demonology,6,2,4
Zyréx,eredar,192,warlock,demonology,6,2,4
Nastychãtøn,ysondre,192,warlock,demonology,6,2,4
Àbraxàs,nemesis,192,warlock,demonology,6,2,4
Prestige,nemesis,192,warlock,demonology,6,2,4
Cencible,twisting-nether,192,warlock,demonology,7,2,5
Chram,uldum,192,warlock,demonology,7,2,5
Wòóni,ravencrest,192,warlock,demonology,12,2,10
Saruna,azshara,192,warlock,demonology,12,2,10
Henriett,ravencrest,192,warlock,demonology,12,2,10
Portmachine,draenor,192,warlock,demonology,12,2,10
Arciam,kazzak,192,warlock,demonology,12,2,10
Rayanna,twisting-nether,192,warlock,demonology,18,2,16
Letzterlude,thrall,159,warlock,demonology,5,2,3
Svnlpowpow,kazzak,159,warlock,demonology,5,2,3
Myskul,burning-legion,138,warlock,demonology,10,4,6
Omaleinfluch,antonidas,138,warlock,demonology,9,3,6
Happycadaver,blackrock,96,warlock,demonology,3,2,1
Myristica,die-todeskrallen,96,warlock,demonology,3,2,1
Nethros,ragnaros,96,warlock,demonology,6,1,5
Messire,ragnaros,96,warlock,demonology,6,1,5
Emethia,darksorrow,96,warlock,demonology,6,1,5
Diseased,darksorrow,96,warlock,demonology,6,1,5
Elyraah,hyjal,96,warlock,demonology,6,1,5
Аффликатор,soulflayer,96,warlock,demonology,6,1,5
Sshhaaddooww,outland,96,warlock,demonology,6,1,5
Marann,dun-morogh,96,warlock,demonology,6,1,5
Tid,burning-legion,96,warlock,demonology,6,1,5
Bolt,stormscale,96,warlock,demonology,6,1,5
Zebauron,twisting-nether,96,warlock,demonology,6,1,5
Darkbazul,burning-legion,96,warlock,demonology,6,1,5
Lovromalt,kazzak,96,warlock,demonology,6,1,5
Utuklululu,archimonde,96,warlock,demonology,6,1,5
Catherine,garrosh,96,warlock,demonology,6,1,5
Burzak,azshara,96,warlock,demonology,6,1,5
Jawoxoxo,rexxar,96,warlock,demonology,6,1,5
Necroless,shadowsong,96,warlock,demonology,6,1,5
Chuntlock,shadowsong,96,warlock,demonology,6,1,5
Jopil,stormreaver,96,warlock,demonology,6,1,5
Divvaa,tarren-mill,96,warlock,demonology,6,1,5
Ruvy,twisting-nether,96,warlock,demonology,6,1,5
Маверрикк,gordunni,96,warlock,demonology,6,1,5
Militianu,sylvanas,96,warlock,demonology,6,1,5
Ðßøhßäøùí,blackmoore,96,warlock,demonology,6,1,5
Бестий,fordragon,96,warlock,demonology,6,1,5
Yourdeaath,ravencrest,96,warlock,demonology,6,1,5
Zardonixz,stormscale,96,warlock,demonology,6,1,5
Méetoo,thrall,96,warlock,demonology,6,1,5
Gnimoz,silvermoon,96,warlock,demonology,6,1,5
Árkan,thrall,96,warlock,demonology,6,1,5
Wolramir,thrall,96,warlock,demonology,12,1,11
Kàiser,sanguino,96,warlock,demonology,12,1,11
Tchytcha,archimonde,79,warlock,demonology,5,1,4
Waryald,dun-modr,64,warlock,demonology,4,1,3
Boccu,magtheridon,64,warlock,demonology,4,1,3
Кусокплети,grom,63,warlock,demonology,2,2,0
Tequendama,ysera,42,warlock,demonology,10,3,7
Xydar,stormscale,42,warlock,demonology,10,2,8
Lollock,teldrassil,31,warlock,demonology,2,1,1
Агрессивная,soulflayer,31,warlock,demonology,2,1,1
Hellâna,kirin-tor,31,warlock,demonology,2,1,1
Berris,argent-dawn,31,warlock,demonology,2,1,1
Wartix,nathrezim,31,warlock,demonology,2,1,1
Loghit,ravencrest,16,warlock,demonology,1,1,0
Ravenmore,kazzak,16,warlock,demonology,1,1,0
Creatúre,drakthul,2446,warlock,destruction,66,53,13
Inferniøn,ravencrest,2422,warlock,destruction,93,68,25
Erutaerc,drakthul,2379,warlock,destruction,114,72,42
Tópdogg,twisting-nether,2356,warlock,destruction,78,60,18
Jâzggz,twisting-nether,2351,warlock,destruction,96,64,32
Фаерморн,blackscar,2345,warlock,destruction,132,83,49
Infý,ravencrest,2332,warlock,destruction,130,83,47
Steckenpferd,blackmoore,2325,warlock,destruction,66,45,21
Brokenearman,defias-brotherhood,2308,warlock,destruction,53,44,9
Umbraz,blackmoore,2304,warlock,destruction,120,70,50
Canabolic,stormscale,2288,warlock,destruction,102,63,39
Geluwu,tarren-mill,2284,warlock,destruction,90,52,38
Lopari,aegwynn,2275,warlock,destruction,106,65,41
Lzoo,ravencrest,2271,warlock,destruction,66,50,16
Indraxx,hyjal,2266,warlock,destruction,110,60,50
Acentro,stormscale,2246,warlock,destruction,77,47,30
Bualock,stormscale,2246,warlock,destruction,77,45,32
Боуман,howling-fjord,2243,warlock,destruction,96,56,40
Tjl,kazzak,2239,warlock,destruction,221,126,95
Xeremas,blackrock,2237,warlock,destruction,83,62,21
Anihli,kazzak,2237,warlock,destruction,251,136,115
Zélroth,argent-dawn,2230,warlock,destruction,192,111,81
Snapperz,stormscale,2217,warlock,destruction,156,85,71
Azurma,tarren-mill,2211,warlock,destruction,78,47,31
Yùna,frostwolf,2209,warlock,destruction,72,48,24
Veganlifter,ravencrest,2207,warlock,destruction,54,42,12
Lhestér,outland,2207,warlock,destruction,93,58,35
Dæhli,argent-dawn,2204,warlock,destruction,102,56,46
Alphazero,zuluhed,2203,warlock,destruction,148,84,64
Yúnalesca,aegwynn,2200,warlock,destruction,125,80,45
Voldby,kazzak,2198,warlock,destruction,208,109,99
Rootzlx,ravencrest,2197,warlock,destruction,120,70,50
Тагочи,gordunni,2197,warlock,destruction,134,71,63
Amdead,sylvanas,2186,warlock,destruction,114,77,37
Absurdity,twisting-nether,2184,warlock,destruction,119,62,57
Ìpen,bloodfeather,2179,warlock,destruction,89,52,37
Senkai,kelthuzad,2173,warlock,destruction,66,45,21
Boltilicious,kazzak,2173,warlock,destruction,102,60,42
Fsandtwo,ravencrest,2170,warlock,destruction,125,77,48
Фримех,soulflayer,2169,warlock,destruction,77,57,20
Кириланскил,gordunni,2167,warlock,destruction,72,41,31
Lywov,stormscale,2165,warlock,destruction,72,38,34
Handicapped,burning-legion,2158,warlock,destruction,78,47,31
Zilalol,sylvanas,2158,warlock,destruction,114,65,49
Kuckacocucka,outland,2156,warlock,destruction,113,70,43
Chromosomex,dentarg,2154,warlock,destruction,66,47,19
Zèlêph,archimonde,2154,warlock,destruction,192,120,72
Legionlockxd,twisting-nether,2154,warlock,destruction,94,52,42
Glooness,burning-legion,2151,warlock,destruction,78,43,35
Sterlock,sylvanas,2149,warlock,destruction,79,44,35
Johanan,ravencrest,2148,warlock,destruction,53,35,18
Varaxxis,twisting-nether,2147,warlock,destruction,126,73,53
Tekrowdy,blackmoore,2144,warlock,destruction,48,33,15
Ilovemimi,hyjal,2144,warlock,destruction,65,38,27
Soulboltx,ragnaros,2144,warlock,destruction,84,46,38
Kimkold,twisting-nether,2144,warlock,destruction,96,50,46
Koisk,tarren-mill,2142,warlock,destruction,82,47,35
Телола,gordunni,2141,warlock,destruction,102,61,41
Боумонн,howling-fjord,2140,warlock,destruction,54,40,14
Zila,sylvanas,2138,warlock,destruction,95,52,43
Velv,nagrand,2138,warlock,destruction,114,58,56
Veganlifter,blackhand,2136,warlock,destruction,72,45,27
Dogdrakex,tarren-mill,2133,warlock,destruction,81,47,34
Císuh,stormreaver,2133,warlock,destruction,120,69,51
Tàkaz,drekthar,2132,warlock,destruction,136,83,53
Lockisbadx,draenor,2132,warlock,destruction,72,43,29
Эвилакс,gordunni,2131,warlock,destruction,78,50,28
Fyxs,talnivarr,2129,warlock,destruction,60,42,18
Xxjz,ravencrest,2128,warlock,destruction,150,86,64
Bäle,stormreaver,2125,warlock,destruction,112,65,47
Шархихохо,gordunni,2125,warlock,destruction,102,53,49
Balding,blackhand,2124,warlock,destruction,60,37,23
Рашчер,gordunni,2122,warlock,destruction,107,61,46
Nògg,frostwhisper,2120,warlock,destruction,66,42,24
Кобре,howling-fjord,2120,warlock,destruction,84,52,32
Gulwer,blackmoore,2120,warlock,destruction,66,40,26
Vîmø,antonidas,2120,warlock,destruction,203,123,80
Wotlkenjoyer,ravencrest,2119,warlock,destruction,60,42,18
Rune,aegwynn,2118,warlock,destruction,72,51,21
Dayken,silvermoon,2117,warlock,destruction,63,44,19
Блакхен,blackscar,2117,warlock,destruction,66,38,28
Bóbtown,stormscale,2116,warlock,destruction,300,166,134
Lyâ,ravencrest,2116,warlock,destruction,66,35,31
Onekxz,blackrock,2115,warlock,destruction,56,45,11
Djmcwarlock,kazzak,2115,warlock,destruction,68,40,28
Zâyo,ravencrest,2114,warlock,destruction,72,46,26
Зеленаямразь,soulflayer,2112,warlock,destruction,85,43,42
Boltzer,archimonde,2111,warlock,destruction,113,71,42
Bluefungirl,stormscale,2111,warlock,destruction,120,73,47
Whakkx,blackrock,2111,warlock,destruction,114,66,48
Кериген,gordunni,2111,warlock,destruction,72,38,34
Рауваскх,howling-fjord,2110,warlock,destruction,53,31,22
Motcha,kazzak,2110,warlock,destruction,66,38,28
Cryzzbad,stormscale,2109,warlock,destruction,36,29,7
Nellyvato,eredar,2109,warlock,destruction,90,53,37
Drdoit,blackrock,2109,warlock,destruction,84,46,38
Силорий,howling-fjord,2108,warlock,destruction,85,54,31
Jadesud,archimonde,2107,warlock,destruction,66,43,23
Vregor,twisting-nether,2106,warlock,destruction,54,38,16
Инферналках,gordunni,2106,warlock,destruction,71,48,23
Panda,aegwynn,2106,warlock,destruction,60,36,24
Armellixd,dun-modr,2106,warlock,destruction,86,46,40
Nògg,kazzak,2106,warlock,destruction,66,35,31
Bankstair,stormscale,2105,warlock,destruction,66,44,22
Hladankurac,twisting-nether,2105,warlock,destruction,60,35,25
Drainsouls,stormscale,2105,warlock,destruction,189,105,84
Skillførçé,kazzak,2102,warlock,destruction,54,41,13
Wldot,ravencrest,2102,warlock,destruction,84,53,31
Wester,blackmoore,2102,warlock,destruction,108,61,47
Артик,gordunni,2101,warlock,destruction,48,37,11
Kamoriwl,blackhand,2101,warlock,destruction,78,45,33
Gorillabolts,tarren-mill,2101,warlock,destruction,102,51,51
Påsqúåls,ravencrest,2100,warlock,destruction,108,63,45
Bfaexpert,ravencrest,2099,warlock,destruction,48,29,19
Haedache,tarren-mill,2099,warlock,destruction,113,65,48
Djdampening,bloodhoof,2096,warlock,destruction,178,107,71
Sehk,stormreaver,2093,warlock,destruction,66,44,22
Djwarlock,kazzak,2091,warlock,destruction,124,66,58
Тевон,gordunni,2082,warlock,destruction,105,68,37
Vitus,malganis,2082,warlock,destruction,210,117,93
Omegazero,zuluhed,2079,warlock,destruction,84,50,34
Dabzw,twisting-nether,2075,warlock,destruction,67,43,24
Rexløck,nozdormu,2075,warlock,destruction,195,115,80
Kerídiin,twisting-nether,2075,warlock,destruction,114,63,51
Xesh,kiljaeden,2072,warlock,destruction,162,87,75
Deezbolts,kazzak,2070,warlock,destruction,72,41,31
Pørtal,aggra-português,2069,warlock,destruction,119,66,53
Bualock,sylvanas,2068,warlock,destruction,60,33,27
Vileclass,ravencrest,2066,warlock,destruction,92,51,41
Ánderxyo,dun-modr,2065,warlock,destruction,42,32,10
Portlock,kazzak,2064,warlock,destruction,126,69,57
Arfdispo,hyjal,2064,warlock,destruction,149,77,72
Блудгэнг,blackscar,2062,warlock,destruction,90,60,30
Bewegen,frostwolf,2061,warlock,destruction,90,50,40
Válýrá,blackhand,2057,warlock,destruction,65,43,22
Malddog,turalyon,2056,warlock,destruction,126,72,54
Простишутках,gordunni,2051,warlock,destruction,48,30,18
Паилка,galakrond,2051,warlock,destruction,157,84,73
Dsï,outland,2051,warlock,destruction,95,48,47
Rhüd,twisting-nether,2050,warlock,destruction,95,54,41
Faermorn,kazzak,2046,warlock,destruction,66,39,27
Мспечень,howling-fjord,2044,warlock,destruction,60,41,19
Héffer,outland,2044,warlock,destruction,121,80,41
Xiraq,nathrezim,2044,warlock,destruction,78,46,32
Ez,emeriss,2042,warlock,destruction,61,45,16
Èlton,tarren-mill,2041,warlock,destruction,168,100,68
Whatamellown,aegwynn,2037,warlock,destruction,60,37,23
Anniefuchsia,ravencrest,2036,warlock,destruction,81,45,36
Stefcheto,twilights-hammer,2035,warlock,destruction,120,67,53
Deßra,stormscale,2033,warlock,destruction,72,42,30
Necromanya,ravencrest,2029,warlock,destruction,192,108,84
Онлидемон,gordunni,2028,warlock,destruction,159,84,75
Corbbolt,drakthul,2027,warlock,destruction,90,51,39
Чудастрх,azuregos,2025,warlock,destruction,96,53,43
Кишмякхб,howling-fjord,2024,warlock,destruction,91,47,44
Влицотьмой,gordunni,2023,warlock,destruction,66,37,29
Superlocken,ragnaros,2022,warlock,destruction,65,37,28
Osîrîs,aegwynn,2021,warlock,destruction,96,49,47
Nëismz,hyjal,2019,warlock,destruction,54,32,22
Кенгарь,howling-fjord,2019,warlock,destruction,132,72,60
Felcamino,outland,2019,warlock,destruction,72,36,36
Avenueat,kazzak,2018,warlock,destruction,63,35,28
Exitlock,thrall,2017,warlock,destruction,84,52,32
Bigbolt,arathor,2017,warlock,destruction,113,61,52
Andtheysay,outland,2016,warlock,destruction,266,149,117
Miauwu,stormscale,2015,warlock,destruction,53,38,15
Ryûsuke,dun-modr,2015,warlock,destruction,96,55,41
Pepitogodx,khaz-modan,2013,warlock,destruction,78,53,25
Laedreth,argent-dawn,2011,warlock,destruction,230,126,104
Dersdog,twisting-nether,2010,warlock,destruction,57,34,23
Блейдап,razuvious,2009,warlock,destruction,72,39,33
Epzi,outland,2008,warlock,destruction,47,27,20
Простишуткаь,gordunni,2007,warlock,destruction,30,21,9
Achluophobiå,ravencrest,2007,warlock,destruction,73,44,29
Nyiks,blackhand,2007,warlock,destruction,64,36,28
Magonyth,ravencrest,2007,warlock,destruction,203,109,94
Жасминдос,blackscar,2006,warlock,destruction,63,42,21
Decimus,darkspear,2006,warlock,destruction,138,81,57
Chaosbuster,magtheridon,2002,warlock,destruction,155,90,65
Guciflipflop,twisting-nether,2002,warlock,destruction,120,64,56
Gøzù,antonidas,2001,warlock,destruction,60,33,27
Bryanz,sanguino,2000,warlock,destruction,100,50,50
Mangolicious,twisting-nether,1995,warlock,destruction,170,90,80
Salvabolter,outland,1994,warlock,destruction,66,42,24
Rockbèll,blackmoore,1992,warlock,destruction,48,36,12
Stopdaddyplz,ravencrest,1992,warlock,destruction,42,30,12
Stankaemayne,blackhand,1990,warlock,destruction,60,35,25
Obrusik,burning-legion,1989,warlock,destruction,107,52,55
Nyotu,antonidas,1988,warlock,destruction,131,73,58
Alxor,archimonde,1985,warlock,destruction,132,77,55
Kwoleriker,norgannon,1985,warlock,destruction,70,39,31
Logicdotexé,tarren-mill,1983,warlock,destruction,67,42,25
Onuurbro,kult-der-verdammten,1982,warlock,destruction,60,41,19
Shangalar,burning-legion,1980,warlock,destruction,90,51,39
Supergeîl,blackrock,1980,warlock,destruction,84,46,38
Tuplajekku,sylvanas,1980,warlock,destruction,77,37,40
Gregwyn,hellscream,1979,warlock,destruction,60,36,24
Sqx,veklor,1978,warlock,destruction,60,39,21
Beebs,aegwynn,1977,warlock,destruction,58,40,18
Rmpfarmer,kazzak,1976,warlock,destruction,36,23,13
Wällaar,ragnaros,1976,warlock,destruction,84,50,34
Feardotbye,stormscale,1976,warlock,destruction,61,36,25
Sjödin,tarren-mill,1975,warlock,destruction,36,27,9
Klnr,ravencrest,1975,warlock,destruction,116,70,46
Hotdoghomie,tarren-mill,1974,warlock,destruction,36,28,8
Xwíng,stormscale,1974,warlock,destruction,48,35,13
Acanthis,outland,1974,warlock,destruction,66,34,32
Deadpapi,outland,1973,warlock,destruction,65,44,21
Gnargamehl,nemesis,1973,warlock,destruction,66,39,27
Tarilinwelli,les-sentinelles,1970,warlock,destruction,46,42,4
Bladey,ragnaros,1969,warlock,destruction,155,89,66
Rohyna,archimonde,1968,warlock,destruction,48,34,14
Asáel,blackrock,1968,warlock,destruction,84,47,37
Gogmorok,dunemaul,1968,warlock,destruction,335,171,164
Якурюимнепох,gordunni,1967,warlock,destruction,243,132,111
Боуманн,howling-fjord,1967,warlock,destruction,66,33,33
Exhäle,archimonde,1966,warlock,destruction,59,37,22
Veridy,kazzak,1966,warlock,destruction,118,68,50
Valthorion,arthas,1965,warlock,destruction,66,35,31
Avogeiñ,tarren-mill,1963,warlock,destruction,59,29,30
Zarisya,blackmoore,1961,warlock,destruction,48,29,19
Drowlý,twisting-nether,1961,warlock,destruction,54,32,22
Rêctûmsêêkêr,ravencrest,1959,warlock,destruction,66,36,30
Suprezz,sylvanas,1958,warlock,destruction,72,43,29
Взорг,soulflayer,1957,warlock,destruction,114,62,52
Тьмазвёздная,gordunni,1956,warlock,destruction,96,63,33
Looneytoonz,blackrock,1956,warlock,destruction,84,50,34
Osbaa,ravencrest,1955,warlock,destruction,68,43,25
Malgarøth,tarren-mill,1955,warlock,destruction,60,28,32
Сумракк,gordunni,1954,warlock,destruction,66,35,31
Nayolana,argent-dawn,1954,warlock,destruction,87,45,42
Freddaxd,outland,1953,warlock,destruction,76,48,28
Hømïcîðæl,ravencrest,1953,warlock,destruction,72,45,27
Tikondrus,ravencrest,1952,warlock,destruction,42,28,14
Ashlÿn,draenor,1952,warlock,destruction,47,31,16
Davyjonessx,twisting-nether,1951,warlock,destruction,110,52,58
Kumamoto,tarren-mill,1950,warlock,destruction,48,32,16
Tschapatalpi,blackhand,1947,warlock,destruction,70,35,35
Rabasta,blackmoore,1945,warlock,destruction,60,33,27
Benne,stormscale,1944,warlock,destruction,63,39,24
Jøkèr,stormscale,1943,warlock,destruction,30,21,9
Drerlord,tarren-mill,1943,warlock,destruction,89,55,34
Сильвиос,howling-fjord,1943,warlock,destruction,100,49,51
Kelthedral,tarren-mill,1942,warlock,destruction,103,53,50
Brødo,dun-modr,1941,warlock,destruction,57,34,23
Badloljk,stormscale,1940,warlock,destruction,52,34,18
Madridistaß,outland,1939,warlock,destruction,211,105,106
Fearo,kazzak,1937,warlock,destruction,82,48,34
Howtofake,doomhammer,1936,warlock,destruction,60,35,25
Ashmodéus,defias-brotherhood,1935,warlock,destruction,53,32,21
Bónz,outland,1935,warlock,destruction,60,31,29
Wankdiesel,der-rat-von-dalaran,1933,warlock,destruction,198,103,95
Cujo,draenor,1933,warlock,destruction,172,86,86
Fakegodx,ravencrest,1932,warlock,destruction,48,31,17
Isuckwarlock,aegwynn,1930,warlock,destruction,78,37,41
Elyö,dalaran,1929,warlock,destruction,359,182,177
Staenkymayne,blackhand,1927,warlock,destruction,28,21,7
Fornaio,nemesis,1927,warlock,destruction,36,24,12
Kitchiarû,uldaman,1925,warlock,destruction,48,30,18
Ethiq,blackrock,1925,warlock,destruction,42,24,18
Macchíato,ragnaros,1925,warlock,destruction,84,44,40
Isodjdojk,ravencrest,1924,warlock,destruction,41,33,8
Хастла,ashenvale,1924,warlock,destruction,66,39,27
Габана,gordunni,1923,warlock,destruction,48,33,15
Fîgøk,conseil-des-ombres,1923,warlock,destruction,108,63,45
Mxdojsrvqxzq,ravencrest,1923,warlock,destruction,231,120,111
Limoges,archimonde,1922,warlock,destruction,41,30,11
Deathfløw,draenor,1920,warlock,destruction,108,69,39
Гивмисоул,soulflayer,1918,warlock,destruction,60,36,24
Blakstorm,archimonde,1915,warlock,destruction,60,35,25
Doturanal,blackmoore,1913,warlock,destruction,66,36,30
Zàkx,silvermoon,1913,warlock,destruction,313,168,145
Lsr,argent-dawn,1912,warlock,destruction,77,44,33
Fercon,kazzak,1912,warlock,destruction,98,54,44
Wäisted,ravencrest,1911,warlock,destruction,42,26,16
Ffpiiras,dunemaul,1911,warlock,destruction,99,53,46
Drututt,the-maelstrom,1910,warlock,destruction,54,30,24
Mohihi,ravencrest,1910,warlock,destruction,60,31,29
Mýlìfêbélike,kazzak,1909,warlock,destruction,40,29,11
Necorinexx,silvermoon,1909,warlock,destruction,30,20,10
Zelieknight,ysondre,1909,warlock,destruction,180,103,77
Djhanzó,outland,1907,warlock,destruction,45,28,17
Xfz,stormscale,1906,warlock,destruction,54,30,24
Спаводах,soulflayer,1905,warlock,destruction,35,25,10
Raepist,terokkar,1905,warlock,destruction,78,46,32
Zoodíac,blackrock,1904,warlock,destruction,48,32,16
Carelock,chamber-of-aspects,1904,warlock,destruction,60,36,24
Healylockx,stormscale,1904,warlock,destruction,48,28,20
Габаныч,soulflayer,1901,warlock,destruction,48,33,15
Xunzu,drakthul,1901,warlock,destruction,60,30,30
Buâlock,stormscale,1900,warlock,destruction,24,20,4
Nineinchlock,silvermoon,1900,warlock,destruction,72,33,39
Kayloo,archimonde,1899,warlock,destruction,66,41,25
Bono,frostwhisper,1898,warlock,destruction,104,66,38
Файрик,blackscar,1897,warlock,destruction,42,26,16
Rúbs,sylvanas,1897,warlock,destruction,102,55,47
Smaúg,archimonde,1897,warlock,destruction,166,84,82
Mxxmmllm,kargath,1896,warlock,destruction,101,62,39
Kaktakto,ravencrest,1895,warlock,destruction,54,30,24
Бауглирх,howling-fjord,1895,warlock,destruction,107,59,48
Бжк,gordunni,1895,warlock,destruction,210,115,95
Kurono,silvermoon,1894,warlock,destruction,78,41,37
Laolife,twisting-nether,1894,warlock,destruction,96,47,49
Wlistoohard,stormscale,1893,warlock,destruction,112,63,49
Kikeri,blackhand,1893,warlock,destruction,78,43,35
Hellíc,kazzak,1892,warlock,destruction,48,30,18
Laokoon,blackmoore,1891,warlock,destruction,66,42,24
Sad,lightnings-blade,1891,warlock,destruction,96,57,39
Ganjubass,tarren-mill,1891,warlock,destruction,142,82,60
Исверон,howling-fjord,1891,warlock,destruction,72,41,31
Aestheatic,draenor,1890,warlock,destruction,293,151,142
Twisted,malganis,1888,warlock,destruction,114,63,51
Juhpz,blackrock,1888,warlock,destruction,52,24,28
Djfearbot,kazzak,1887,warlock,destruction,84,53,31
Whøîäm,kazzak,1883,warlock,destruction,42,31,11
Hânex,ravencrest,1883,warlock,destruction,42,28,14
Immaginare,sylvanas,1883,warlock,destruction,114,66,48
Wewondak,drakthul,1882,warlock,destruction,202,116,86
Someonepro,tarren-mill,1882,warlock,destruction,89,41,48
Shadowrey,blackrock,1881,warlock,destruction,52,29,23
Inflicts,frostmane,1880,warlock,destruction,42,23,19
Chaosbolt,kelthuzad,1879,warlock,destruction,48,31,17
Henmur,stormscale,1879,warlock,destruction,64,37,27
Entropyboost,stormscale,1879,warlock,destruction,66,38,28
Соргосор,gordunni,1879,warlock,destruction,59,33,26
Theronas,tarren-mill,1878,warlock,destruction,54,34,20
Noomaca,drakthul,1878,warlock,destruction,157,84,73
Lifetapped,tarren-mill,1878,warlock,destruction,59,30,29
Kalagorn,azshara,1876,warlock,destruction,42,30,12
Chaoscrit,eredar,1876,warlock,destruction,97,55,42
Alphå,blackmoore,1875,warlock,destruction,36,28,8
Eboyclass,twisting-nether,1875,warlock,destruction,33,23,10
Véstheim,saurfang,1875,warlock,destruction,114,69,45
Kenachaos,twisting-nether,1875,warlock,destruction,167,96,71
Ulora,zirkel-des-cenarius,1875,warlock,destruction,59,33,26
Sarthrax,argent-dawn,1873,warlock,destruction,72,43,29
Mafteryo,blackrock,1872,warlock,destruction,96,50,46
Noobgg,kazzak,1871,warlock,destruction,101,61,40
Variu,blackhand,1871,warlock,destruction,176,106,70
Brodoh,dun-modr,1871,warlock,destruction,42,22,20
Twork,tarren-mill,1871,warlock,destruction,54,28,26
Ðènnis,tarren-mill,1870,warlock,destruction,42,28,14
Fluugew,tarren-mill,1870,warlock,destruction,66,35,31
Garlan,dun-modr,1870,warlock,destruction,268,141,127
Èmøgøðqt,ravencrest,1870,warlock,destruction,54,28,26
Dooms,antonidas,1868,warlock,destruction,42,31,11
Jamb,bloodfeather,1867,warlock,destruction,42,27,15
Аоепампгодх,howling-fjord,1866,warlock,destruction,82,58,24
Extingul,tarren-mill,1865,warlock,destruction,59,38,21
Plâytïmè,stormscale,1865,warlock,destruction,78,39,39
Sëngir,drakthul,1865,warlock,destruction,176,86,90
Nekrosd,tarren-mill,1864,warlock,destruction,165,88,77
Spookytouch,draenor,1864,warlock,destruction,94,47,47
Чернокок,blackscar,1864,warlock,destruction,72,35,37
Sheitana,ysondre,1863,warlock,destruction,60,39,21
Rokkarn,kazzak,1863,warlock,destruction,48,29,19
Nekrofille,outland,1863,warlock,destruction,42,25,17
Vøid,hellscream,1863,warlock,destruction,113,54,59
Conditions,tarren-mill,1861,warlock,destruction,287,142,145
Xarfoul,grim-batol,1859,warlock,destruction,48,33,15
Phoyk,blackmoore,1859,warlock,destruction,48,29,19
Koldarr,blackmoore,1859,warlock,destruction,170,96,74
Шрэкс,blackscar,1859,warlock,destruction,48,25,23
Çamille,ulduar,1858,warlock,destruction,103,59,44
Homerbamboom,hyjal,1857,warlock,destruction,41,32,9
Holiax,archimonde,1856,warlock,destruction,48,29,19
Hebbxw,kazzak,1856,warlock,destruction,158,89,69
Cmdxo,malganis,1856,warlock,destruction,71,38,33
Anomen,sanguino,1855,warlock,destruction,135,73,62
Pôhzz,archimonde,1854,warlock,destruction,30,21,9
Aniq,eredar,1854,warlock,destruction,60,29,31
Darksoll,hyjal,1853,warlock,destruction,41,31,10
Junakot,silvermoon,1852,warlock,destruction,54,30,24
Johnylock,draenor,1850,warlock,destruction,116,71,45
Debbskidjur,tarren-mill,1850,warlock,destruction,85,49,36
Depressedkid,ravencrest,1850,warlock,destruction,60,30,30
Corano,ravencrest,1849,warlock,destruction,42,28,14
Thorolock,blackhand,1848,warlock,destruction,60,36,24
Visceris,ravencrest,1848,warlock,destruction,66,29,37
Руктал,howling-fjord,1847,warlock,destruction,54,34,20
Gloon,burning-legion,1847,warlock,destruction,54,30,24
Ayperos,tyrande,1847,warlock,destruction,72,38,34
Vvj,ravencrest,1847,warlock,destruction,168,83,85
Fearoclock,nemesis,1844,warlock,destruction,36,20,16
Gis,laughing-skull,1843,warlock,destruction,54,31,23
Rumour,sunstrider,1843,warlock,destruction,54,30,24
Exephia,laughing-skull,1843,warlock,destruction,60,30,30
Hifiz,grim-batol,1842,warlock,destruction,36,25,11
Imforcedtowl,aegwynn,1842,warlock,destruction,48,32,16
Ragdoll,twisting-nether,1842,warlock,destruction,52,32,20
Malame,hyjal,1842,warlock,destruction,142,80,62
Dogoon,sylvanas,1842,warlock,destruction,185,103,82
Артисона,gordunni,1842,warlock,destruction,54,27,27
Silmerion,twilights-hammer,1841,warlock,destruction,90,54,36
Andrewdaniel,twisting-nether,1841,warlock,destruction,60,31,29
Kalaslars,draenor,1840,warlock,destruction,60,34,26
Attilergg,stormscale,1839,warlock,destruction,32,23,9
Ecoxx,aegwynn,1839,warlock,destruction,48,34,14
Fiddyp,kazzak,1839,warlock,destruction,42,28,14
Ñila,ravencrest,1839,warlock,destruction,36,23,13
Ripnsew,ravencrest,1839,warlock,destruction,41,26,15
Syviwl,outland,1839,warlock,destruction,53,30,23
Ty,earthen-ring,1838,warlock,destruction,60,41,19
Tokodi,ragnaros,1838,warlock,destruction,72,39,33
Nutyx,twisting-nether,1838,warlock,destruction,78,40,38
Tharaqt,kazzak,1837,warlock,destruction,41,26,15
Angst,tarren-mill,1836,warlock,destruction,42,30,12
Ispankmysuc,korgall,1836,warlock,destruction,69,42,27
Ñøêssä,outland,1836,warlock,destruction,48,28,20
Bloodworth,arathor,1836,warlock,destruction,114,64,50
Yukokotier,archimonde,1836,warlock,destruction,209,115,94
Sharhý,kazzak,1835,warlock,destruction,40,24,16
Belial,minahonda,1835,warlock,destruction,63,36,27
Bobop,sanguino,1834,warlock,destruction,106,60,46
Médeâ,ravencrest,1834,warlock,destruction,76,42,34
Кром,howling-fjord,1834,warlock,destruction,48,26,22
Sluba,stormscale,1834,warlock,destruction,115,61,54
Giantape,argent-dawn,1832,warlock,destruction,48,34,14
Asyncbuddy,azjolnerub,1832,warlock,destruction,48,32,16
Oldasianman,blackrock,1832,warlock,destruction,30,20,10
Kiwibob,defias-brotherhood,1832,warlock,destruction,65,41,24
Skarløck,blackmoore,1832,warlock,destruction,42,26,16
Acilock,outland,1832,warlock,destruction,54,31,23
Temnamagna,silvermoon,1832,warlock,destruction,147,80,67
Lémonz,stormscale,1831,warlock,destruction,52,26,26
Worgonzolâ,madmortem,1830,warlock,destruction,221,134,87
Shadöwmäre,draenor,1830,warlock,destruction,54,31,23
Tõyz,twilights-hammer,1829,warlock,destruction,45,34,11
Veríty,kazzak,1829,warlock,destruction,30,20,10
Trainindummy,ravencrest,1828,warlock,destruction,89,64,25
Ícekíss,hyjal,1828,warlock,destruction,48,33,15
Smegwlock,tarren-mill,1828,warlock,destruction,78,50,28
Pprwl,tarren-mill,1828,warlock,destruction,126,77,49
Latia,argent-dawn,1828,warlock,destruction,46,28,18
Хэлмок,howling-fjord,1827,warlock,destruction,42,31,11
Coilxo,ravencrest,1827,warlock,destruction,52,36,16
Plaguee,outland,1827,warlock,destruction,68,40,28
Envizer,ravencrest,1827,warlock,destruction,42,24,18
Brainac,blackrock,1826,warlock,destruction,36,24,12
Osbaa,bladefist,1826,warlock,destruction,59,35,24
Bambkin,twisting-nether,1826,warlock,destruction,84,47,37
Voidstim,stormscale,1826,warlock,destruction,58,32,26
Oggelock,tarren-mill,1825,warlock,destruction,79,45,34
Saffíe,ravencrest,1825,warlock,destruction,70,39,31
Juanwick,grim-batol,1824,warlock,destruction,43,33,10
Sushilock,stormrage,1824,warlock,destruction,60,43,17
Asilock,eredar,1824,warlock,destruction,48,32,16
Ìambottger,silvermoon,1824,warlock,destruction,48,30,18
Dualla,aegwynn,1824,warlock,destruction,120,68,52
Tôpsecret,aegwynn,1823,warlock,destruction,36,29,7
Worse,kazzak,1823,warlock,destruction,48,29,19
Limity,nozdormu,1823,warlock,destruction,90,54,36
Coeurnichon,archimonde,1823,warlock,destruction,58,32,26
Maderto,burning-legion,1823,warlock,destruction,185,101,84
Watchdots,blackrock,1822,warlock,destruction,66,37,29
Ràzek,kazzak,1822,warlock,destruction,113,60,53
Røiheenøk,archimonde,1822,warlock,destruction,156,80,76
Кале,goldrinn,1821,warlock,destruction,136,87,49
Killáksi,ravencrest,1821,warlock,destruction,42,26,16
Juïcylucy,kazzak,1821,warlock,destruction,122,74,48
Atmosfèar,silvermoon,1821,warlock,destruction,66,37,29
Likeqtz,thrall,1821,warlock,destruction,80,43,37
Stepwarlock,kazzak,1821,warlock,destruction,81,42,39
Framelock,draenor,1820,warlock,destruction,48,37,11
Korupcijax,kazzak,1820,warlock,destruction,36,21,15
Hauntit,chogall,1820,warlock,destruction,36,21,15
Merçedesa,tarren-mill,1820,warlock,destruction,35,20,15
Qaripidia,ravencrest,1820,warlock,destruction,46,26,20
Fiddlestickz,gilneas,1820,warlock,destruction,89,50,39
Eltharis,burning-legion,1820,warlock,destruction,72,40,32
Gorthunz,kazzak,1820,warlock,destruction,59,28,31
Châmp,stormscale,1819,warlock,destruction,29,22,7
Trashløckx,blackrock,1819,warlock,destruction,42,30,12
Mocha,ravencrest,1819,warlock,destruction,48,31,17
Plocke,aegwynn,1819,warlock,destruction,30,19,11
Reznör,archimonde,1819,warlock,destruction,30,19,11
Incesticide,ragnaros,1819,warlock,destruction,60,37,23
Aljohno,twisting-nether,1819,warlock,destruction,53,32,21
Juppi,blackrock,1819,warlock,destruction,138,82,56
Ôlo,rajaxx,1819,warlock,destruction,54,30,24
Fearing,malganis,1819,warlock,destruction,101,51,50
Fizzydark,malganis,1819,warlock,destruction,60,30,30
Selassie,blackmoore,1818,warlock,destruction,78,48,30
Nqa,outland,1818,warlock,destruction,47,26,21
Кюратор,howling-fjord,1818,warlock,destruction,57,30,27
Ðeface,nefarian,1818,warlock,destruction,126,66,60
Lockróck,silvermoon,1817,warlock,destruction,30,22,8
Ziigouigouii,archimonde,1817,warlock,destruction,42,28,14
Jupp,blackrock,1817,warlock,destruction,48,29,19
Richerdgir,ravencrest,1817,warlock,destruction,45,26,19
Uddze,pozzo-delleternità,1817,warlock,destruction,83,45,38
Srkzlol,durotan,1817,warlock,destruction,66,35,31
Nëismz,azuremyst,1816,warlock,destruction,36,25,11
Alcringe,kazzak,1816,warlock,destruction,158,90,68
Porchpirate,draenor,1816,warlock,destruction,72,41,31
Kerway,outland,1816,warlock,destruction,102,57,45
Empra,stormscale,1816,warlock,destruction,54,28,26
Matsuei,tarren-mill,1816,warlock,destruction,48,23,25
Barneyboi,tarren-mill,1815,warlock,destruction,87,59,28
Louloudots,ragnaros,1815,warlock,destruction,36,22,14
Kivilock,dun-modr,1815,warlock,destruction,79,48,31
Tehkorrum,archimonde,1815,warlock,destruction,53,30,23
Magicsin,aerie-peak,1814,warlock,destruction,36,31,5
Jappér,silvermoon,1814,warlock,destruction,36,30,6
Olsel,draenor,1814,warlock,destruction,47,30,17
Manhart,burning-legion,1814,warlock,destruction,58,33,25
Nemwl,draenor,1814,warlock,destruction,66,31,35
Shadock,scarshield-legion,1813,warlock,destruction,48,31,17
Doodle,the-maelstrom,1813,warlock,destruction,66,38,28
Habdruck,blackmoore,1813,warlock,destruction,279,156,123
Фейкгодх,soulflayer,1813,warlock,destruction,54,30,24
Neoe,stormscale,1813,warlock,destruction,76,40,36
Makîø,hyjal,1813,warlock,destruction,166,80,86
Tbs,blackhand,1813,warlock,destruction,54,25,29
Slytherim,stormscale,1812,warlock,destruction,87,57,30
Todesgurke,alleria,1812,warlock,destruction,36,22,14
Whisperer,defias-brotherhood,1812,warlock,destruction,54,29,25
Linuviel,argent-dawn,1811,warlock,destruction,41,29,12
Ðemonsoul,stormscale,1811,warlock,destruction,340,173,167
Araqt,thrall,1810,warlock,destruction,35,26,9
Jaimstar,ravencrest,1810,warlock,destruction,35,25,10
Boterham,kilrogg,1809,warlock,destruction,54,38,16
Fiearstyle,tarren-mill,1808,warlock,destruction,30,23,7
Senbolts,tarren-mill,1808,warlock,destruction,42,27,15
Pederpan,stormscale,1808,warlock,destruction,30,19,11
Чупачупакаб,soulflayer,1808,warlock,destruction,59,34,25
Dotshok,aegwynn,1808,warlock,destruction,66,38,28
Darkleci,archimonde,1808,warlock,destruction,60,34,26
Purexlock,dragonblight,1807,warlock,destruction,53,34,19
Titimon,tarren-mill,1806,warlock,destruction,94,52,42
Abbzey,tarren-mill,1806,warlock,destruction,132,70,62
Rûttna,kazzak,1806,warlock,destruction,53,27,26
Pumpelumpe,twisting-nether,1806,warlock,destruction,45,20,25
Yøshinø,wildhammer,1805,warlock,destruction,48,36,12
Rünek,tarren-mill,1805,warlock,destruction,36,26,10
Justfamous,archimonde,1805,warlock,destruction,60,41,19
Lockchonk,kazzak,1805,warlock,destruction,84,52,32
Rivmuu,argent-dawn,1805,warlock,destruction,130,78,52
Mallevs,outland,1805,warlock,destruction,102,61,41
Delumia,tarren-mill,1805,warlock,destruction,113,64,49
Sïeur,archimonde,1804,warlock,destruction,113,69,44
Kasualdot,stormscale,1804,warlock,destruction,42,25,17
Wintheirl,argent-dawn,1804,warlock,destruction,142,78,64
Фирбог,soulflayer,1804,warlock,destruction,60,31,29
Ниезвестнно,soulflayer,1804,warlock,destruction,47,24,23
Ertogrul,draenor,1802,warlock,destruction,24,19,5
Loel,blackrock,1802,warlock,destruction,36,23,13
Pornhubx,stormscale,1802,warlock,destruction,48,30,18
Pilock,stormscale,1802,warlock,destruction,36,22,14
Morcey,sylvanas,1801,warlock,destruction,79,49,30
Моргоника,howling-fjord,1801,warlock,destruction,109,59,50
Tuskawl,stormreaver,1800,warlock,destruction,36,22,14
Skrana,kazzak,1800,warlock,destruction,65,39,26
Демоник,deathguard,1800,warlock,destruction,48,26,22
Lashyra,aszune,1800,warlock,destruction,48,24,24
Kawanoski,kazzak,1799,warlock,destruction,24,19,5
Anabolicbaby,draenor,1799,warlock,destruction,30,23,7
Amited,drakthul,1798,warlock,destruction,77,47,30
Аймох,gordunni,1798,warlock,destruction,48,29,19
Kavalierr,stormscale,1798,warlock,destruction,56,31,25
Daubi,ravencrest,1796,warlock,destruction,48,28,20
Micheller,ravencrest,1794,warlock,destruction,48,30,18
Hachishaku,ravencrest,1794,warlock,destruction,82,50,32
Bàbyløck,archimonde,1792,warlock,destruction,78,44,34
Robertóó,burning-legion,1792,warlock,destruction,64,34,30
Pixelz,twisting-nether,1792,warlock,destruction,89,46,43
Tierzxc,ravencrest,1791,warlock,destruction,48,28,20
Айхопъюдай,blackscar,1791,warlock,destruction,36,21,15
Slipx,aegwynn,1791,warlock,destruction,60,34,26
Rotangel,ragnaros,1791,warlock,destruction,60,33,27
Инсинирейтх,gordunni,1790,warlock,destruction,42,30,12
Bianchii,stormscale,1790,warlock,destruction,38,27,11
Høliax,archimonde,1790,warlock,destruction,48,33,15
Raverboyy,blackrock,1789,warlock,destruction,84,43,41
Daeyon,ravencrest,1788,warlock,destruction,44,22,22
Ditàà,archimonde,1787,warlock,destruction,59,37,22
Deadlyrust,ragnaros,1787,warlock,destruction,141,65,76
Whøknøws,twisting-nether,1786,warlock,destruction,36,25,11
Ignittes,ragnaros,1785,warlock,destruction,54,37,17
Ërîkå,ravencrest,1785,warlock,destruction,99,59,40
Marador,drakthul,1785,warlock,destruction,83,43,40
Keybump,outland,1784,warlock,destruction,146,83,63
Кейкегенкай,gordunni,1783,warlock,destruction,135,72,63
Бонибеннет,gordunni,1782,warlock,destruction,62,37,25
Knoxwhite,stormscale,1781,warlock,destruction,42,28,14
Felerok,drakthul,1780,warlock,destruction,30,22,8
Nunomendes,archimonde,1780,warlock,destruction,48,28,20
Шеизла,borean-tundra,1778,warlock,destruction,108,67,41
Хихихи,blackscar,1778,warlock,destruction,42,23,19
Cwz,ysondre,1775,warlock,destruction,26,20,6
Xerxeus,drakthul,1775,warlock,destruction,36,27,9
Themut,draenor,1775,warlock,destruction,82,49,33
Warlockoloco,blackmoore,1774,warlock,destruction,125,75,50
Halaïa,outland,1773,warlock,destruction,40,27,13
Vultzbolt,draenor,1773,warlock,destruction,165,93,72
Tajit,eredar,1773,warlock,destruction,66,32,34
Sunjal,stormscale,1772,warlock,destruction,36,24,12
Crse,antonidas,1772,warlock,destruction,79,52,27
Fiveyearque,sylvanas,1772,warlock,destruction,64,36,28
Zxò,twisting-nether,1771,warlock,destruction,135,71,64
Shádóws,nagrand,1770,warlock,destruction,196,107,89
Fredé,kazzak,1770,warlock,destruction,59,28,31
Demoner,tarren-mill,1769,warlock,destruction,156,90,66
Kmeta,twilights-hammer,1769,warlock,destruction,54,27,27
Ondarian,grim-batol,1768,warlock,destruction,56,37,19
Онлифан,soulflayer,1765,warlock,destruction,64,40,24
Кишмякхб,gordunni,1765,warlock,destruction,65,29,36
Pöhz,archimonde,1764,warlock,destruction,48,27,21
Olympïe,archimonde,1763,warlock,destruction,70,44,26
Autocannon,stormscale,1763,warlock,destruction,60,32,28
Helldoom,drakthul,1763,warlock,destruction,247,122,125
Sololock,ravencrest,1762,warlock,destruction,82,49,33
Nëismz,ravencrest,1761,warlock,destruction,37,23,14
Løckwood,blackrock,1761,warlock,destruction,34,21,13
Jïñ,ravencrest,1759,warlock,destruction,39,30,9
Fullxlock,hyjal,1758,warlock,destruction,46,29,17
Мишастрах,gordunni,1756,warlock,destruction,36,24,12
Trîppîn,blackrock,1756,warlock,destruction,60,32,28
Razek,eredar,1754,warlock,destruction,47,27,20
Mikthelock,nemesis,1753,warlock,destruction,53,31,22
Artys,tarren-mill,1752,warlock,destruction,36,25,11
Bufflockspls,outland,1750,warlock,destruction,48,31,17
Warlockery,argent-dawn,1750,warlock,destruction,84,48,36
Хирацука,howling-fjord,1749,warlock,destruction,45,31,14
Рипхард,soulflayer,1749,warlock,destruction,57,31,26
Destinyz,dun-modr,1748,warlock,destruction,42,31,11
Jazggzkekw,twisting-nether,1748,warlock,destruction,30,22,8
Kalwyn,stormscale,1748,warlock,destruction,30,22,8
Mércé,stormscale,1748,warlock,destruction,30,22,8
Shlipshlap,ravencrest,1748,warlock,destruction,36,23,13
Hydrôlîc,blackrock,1748,warlock,destruction,36,20,16
Diablist,kazzak,1748,warlock,destruction,124,66,58
Lockostock,kazzak,1747,warlock,destruction,131,65,66
Хйу,galakrond,1747,warlock,destruction,42,20,22
Brodir,aszune,1746,warlock,destruction,48,28,20
Грань,ashenvale,1746,warlock,destruction,248,138,110
Flatwolenzy,blackrock,1745,warlock,destruction,36,21,15
Muleerox,kazzak,1745,warlock,destruction,48,27,21
Fatburner,draenor,1743,warlock,destruction,48,28,20
Fearfearfear,archimonde,1743,warlock,destruction,84,41,43
Gjallarbrù,archimonde,1742,warlock,destruction,51,29,22
Spectarlock,tarren-mill,1742,warlock,destruction,48,25,23
Guldån,twisting-nether,1741,warlock,destruction,42,24,18
Хауда,gordunni,1741,warlock,destruction,159,83,76
Cetreros,minahonda,1740,warlock,destruction,30,20,10
Shadeisblack,tarren-mill,1740,warlock,destruction,36,22,14
Бриант,gordunni,1740,warlock,destruction,42,24,18
Wÿvërnn,archimonde,1736,warlock,destruction,109,60,49
Сумракз,soulflayer,1736,warlock,destruction,36,19,17
Dotalike,kazzak,1734,warlock,destruction,42,22,20
Dótstuff,draenor,1733,warlock,destruction,36,22,14
Десло,thermaplugg,1731,warlock,destruction,42,25,17
Wismer,kazzak,1730,warlock,destruction,30,20,10
Lichlolock,outland,1730,warlock,destruction,78,48,30
Acrion,blackrock,1730,warlock,destruction,39,20,19
Asbest,blackrock,1730,warlock,destruction,82,42,40
Jegfaller,wildhammer,1730,warlock,destruction,254,128,126
Brugo,zuljin,1729,warlock,destruction,60,36,24
Upsahl,twisting-nether,1729,warlock,destruction,110,61,49
Vmorghuliss,sanguino,1729,warlock,destruction,114,52,62
Imbalockzwei,aegwynn,1728,warlock,destruction,36,25,11
Märtas,burning-blade,1728,warlock,destruction,113,60,53
Jûgøbænned,aegwynn,1727,warlock,destruction,45,33,12
Тумнуктхай,gordunni,1727,warlock,destruction,42,27,15
Depressor,ragnaros,1727,warlock,destruction,90,44,46
Ghachi,draenor,1727,warlock,destruction,90,42,48
Thesnakë,ravencrest,1726,warlock,destruction,24,18,6
Жизньтлён,gordunni,1726,warlock,destruction,60,35,25
Vankraken,silvermoon,1725,warlock,destruction,72,41,31
Gharloch,argent-dawn,1725,warlock,destruction,66,34,32
Boccebelle,pozzo-delleternità,1724,warlock,destruction,24,18,6
Precogbtw,ravencrest,1724,warlock,destruction,33,20,13
Ceu,tarren-mill,1724,warlock,destruction,135,72,63
Мерседэсс,gordunni,1723,warlock,destruction,48,30,18
Äåäåäåäåäåäå,ravencrest,1723,warlock,destruction,30,18,12
Scherzinger,archimonde,1722,warlock,destruction,30,18,12
Spõk,ysondre,1722,warlock,destruction,226,125,101
Orgebixx,blackmoore,1722,warlock,destruction,60,33,27
Sznyes,ragnaros,1721,warlock,destruction,36,19,17
Jawoxoxo,rexxar,1721,warlock,destruction,60,21,39
Killerbolt,blackmoore,1720,warlock,destruction,42,28,14
Fulcanelli,sargeras,1720,warlock,destruction,45,23,22
Лордандрюха,soulflayer,1719,warlock,destruction,36,23,13
Bellicus,tarren-mill,1718,warlock,destruction,47,30,17
Shutupkid,ravencrest,1718,warlock,destruction,60,36,24
Salvatoríy,outland,1716,warlock,destruction,47,25,22
Ashykal,aegwynn,1716,warlock,destruction,60,30,30
Luccifer,ravencrest,1715,warlock,destruction,24,18,6
Secretx,kazzak,1715,warlock,destruction,30,18,12
Öbsury,hyjal,1715,warlock,destruction,49,26,23
Precogdiet,draenor,1714,warlock,destruction,24,18,6
Kasualix,ravencrest,1714,warlock,destruction,76,44,32
Belastiz,blackmoore,1714,warlock,destruction,96,54,42
Nybbx,frostmane,1714,warlock,destruction,201,100,101
Reidonk,blackrock,1713,warlock,destruction,30,18,12
Блэклаш,soulflayer,1713,warlock,destruction,30,18,12
Mephaisto,kelthuzad,1713,warlock,destruction,36,20,16
Urururustyle,hyjal,1713,warlock,destruction,78,42,36
Mekanix,kazzak,1712,warlock,destruction,36,21,15
Berkobaggins,ravencrest,1712,warlock,destruction,88,47,41
Korbendallas,anubarak,1711,warlock,destruction,30,21,9
Soundmagic,silvermoon,1711,warlock,destruction,36,22,14
Cørpse,burning-legion,1710,warlock,destruction,58,39,19
Hupet,ragnaros,1710,warlock,destruction,36,21,15
Fløkee,blackmoore,1710,warlock,destruction,36,19,17
Stickdüse,eredar,1708,warlock,destruction,54,29,25
Trooverx,ravencrest,1707,warlock,destruction,35,25,10
Boumbye,ysondre,1707,warlock,destruction,38,23,15
Uzzi,dun-modr,1707,warlock,destruction,141,77,64
Læsy,archimonde,1706,warlock,destruction,24,18,6
Lokmonji,perenolde,1706,warlock,destruction,45,27,18
Gigachaos,outland,1706,warlock,destruction,137,82,55
Коилсестры,blackscar,1702,warlock,destruction,39,24,15
Börsenborisq,aegwynn,1702,warlock,destruction,47,26,21
Ftpete,argent-dawn,1702,warlock,destruction,110,59,51
Enragelock,tarren-mill,1701,warlock,destruction,71,47,24
Djfearfullx,archimonde,1701,warlock,destruction,66,36,30
Zuldanius,stormscale,1700,warlock,destruction,30,18,12
Tîllz,kargath,1698,warlock,destruction,24,22,2
Алистрен,fordragon,1698,warlock,destruction,125,67,58
Ketzu,hyjal,1698,warlock,destruction,83,43,40
Æhtrex,blackrock,1697,warlock,destruction,69,44,25
Twiseqtt,stormscale,1697,warlock,destruction,30,18,12
Brainwashed,the-maelstrom,1697,warlock,destruction,141,73,68
Calli,blackrock,1696,warlock,destruction,34,23,11
Wilog,silvermoon,1696,warlock,destruction,55,33,22
Alexindorf,silvermoon,1696,warlock,destruction,30,18,12
Forcas,archimonde,1696,warlock,destruction,172,95,77
Pelea,silvermoon,1694,warlock,destruction,54,31,23
Flyingjakob,argent-dawn,1694,warlock,destruction,36,20,16
Chibbe,twisting-nether,1694,warlock,destruction,40,22,18
Limecqt,dun-morogh,1694,warlock,destruction,40,19,21
Локдлячепухи,soulflayer,1693,warlock,destruction,36,25,11
Славеномен,howling-fjord,1693,warlock,destruction,198,106,92
Døtàndrun,archimonde,1692,warlock,destruction,48,28,20
Marti,blackrock,1691,warlock,destruction,42,27,15
Ødräcïe,twisting-nether,1691,warlock,destruction,36,18,18
Sargus,drakthul,1691,warlock,destruction,158,75,83
Ванадий,soulflayer,1691,warlock,destruction,83,39,44
Ðôtgøðx,ravencrest,1691,warlock,destruction,60,28,32
Ekispekis,tarren-mill,1690,warlock,destruction,36,22,14
Misleev,pozzo-delleternità,1690,warlock,destruction,36,18,18
Väladar,sanguino,1690,warlock,destruction,47,23,24
Cóffee,ravencrest,1689,warlock,destruction,36,22,14
Dzey,drakthul,1689,warlock,destruction,81,49,32
Boyyano,tarren-mill,1688,warlock,destruction,30,18,12
Веномзхх,lich-king,1688,warlock,destruction,35,18,17
Fearu,kazzak,1686,warlock,destruction,24,18,6
Инфезиус,deathweaver,1686,warlock,destruction,30,18,12
Strikeførce,ravencrest,1686,warlock,destruction,81,46,35
Rénio,stormrage,1685,warlock,destruction,32,22,10
Noahh,kazzak,1685,warlock,destruction,137,82,55
Ilovebronko,blackrock,1685,warlock,destruction,101,53,48
Jopil,stormreaver,1685,warlock,destruction,46,24,22
Fêâr,dun-modr,1684,warlock,destruction,28,21,7
Saloninus,argent-dawn,1684,warlock,destruction,60,35,25
Krestox,blackmoore,1684,warlock,destruction,77,44,33
Exorbïtant,blackrock,1684,warlock,destruction,265,140,125
Spcnz,stormscale,1684,warlock,destruction,75,39,36
Opiumers,kazzak,1684,warlock,destruction,119,61,58
Kêkèkékêk,kazzak,1683,warlock,destruction,31,25,6
Despayr,tarren-mill,1683,warlock,destruction,90,46,44
Büm,kazzak,1683,warlock,destruction,108,53,55
Critchlock,tarren-mill,1682,warlock,destruction,53,29,24
Lolock,archimonde,1681,warlock,destruction,32,19,13
Ludé,eredar,1680,warlock,destruction,105,54,51
Mizxxta,zuljin,1679,warlock,destruction,35,23,12
Tanón,sanguino,1679,warlock,destruction,73,45,28
Jamié,ragnaros,1679,warlock,destruction,57,31,26
Redshíne,hyjal,1678,warlock,destruction,30,20,10
Bruzzlbube,blackhand,1678,warlock,destruction,42,23,19
Óop,outland,1678,warlock,destruction,54,28,26
Loulou,nagrand,1678,warlock,destruction,42,20,22
Darlih,ravencrest,1678,warlock,destruction,192,90,102
Pinacholadá,norgannon,1678,warlock,destruction,78,35,43
Whiteðevil,draenor,1677,warlock,destruction,36,21,15
Morathy,drekthar,1676,warlock,destruction,28,19,9
Testoorc,frostwolf,1676,warlock,destruction,104,55,49
Acidmvp,ravencrest,1676,warlock,destruction,72,38,34
Danidelarge,aegwynn,1676,warlock,destruction,70,36,34
Шедон,soulflayer,1675,warlock,destruction,30,22,8
Trâsto,cthun,1675,warlock,destruction,30,18,12
Badguldan,blackmoore,1675,warlock,destruction,73,39,34
Xuthil,korgall,1674,warlock,destruction,104,55,49
Rádiz,blackhand,1674,warlock,destruction,48,25,23
Wåfa,kazzak,1673,warlock,destruction,24,18,6
Freezme,tarren-mill,1673,warlock,destruction,36,23,13
Babáyàgá,blackhand,1673,warlock,destruction,134,83,51
Kaijim,aegwynn,1673,warlock,destruction,169,99,70
Lockdest,outland,1673,warlock,destruction,71,39,32
Fearlessgødx,ravencrest,1673,warlock,destruction,112,59,53
Neirah,stormscale,1672,warlock,destruction,47,26,21
Danishpistol,draenor,1672,warlock,destruction,57,29,28
Boomsparkle,blackrock,1671,warlock,destruction,36,23,13
Ltheory,aegwynn,1671,warlock,destruction,66,39,27
Gogonash,ravencrest,1670,warlock,destruction,48,20,28
Curzed,emerald-dream,1669,warlock,destruction,56,32,24
Schøkøbasher,blackrock,1669,warlock,destruction,42,24,18
Колодун,gordunni,1669,warlock,destruction,36,20,16
Mønarch,argent-dawn,1669,warlock,destruction,85,46,39
Гвоздяшка,blackscar,1669,warlock,destruction,66,33,33
Lockukaracha,malganis,1667,warlock,destruction,57,38,19
Plsbuffme,ravencrest,1666,warlock,destruction,54,31,23
Âkâl,ravencrest,1665,warlock,destruction,69,42,27
Lokic,draenor,1665,warlock,destruction,52,24,28
Orcwarlock,khadgar,1664,warlock,destruction,66,35,31
Hairyporta,blackmoore,1664,warlock,destruction,197,100,97
Dotsfired,aegwynn,1664,warlock,destruction,72,34,38
Aajora,malganis,1662,warlock,destruction,84,53,31
Danidelarge,kazzak,1662,warlock,destruction,38,23,15
Mayev,garrosh,1662,warlock,destruction,76,37,39
Unstablemind,nemesis,1661,warlock,destruction,33,19,14
Дэнаа,fordragon,1661,warlock,destruction,227,117,110
Беллулар,howling-fjord,1660,warlock,destruction,36,22,14
Palihatschi,eredar,1660,warlock,destruction,59,24,35
Síggýy,eredar,1659,warlock,destruction,41,21,20
Chaosxd,outland,1658,warlock,destruction,30,20,10
Eviil,tarren-mill,1658,warlock,destruction,36,22,14
Pestílentía,silvermoon,1657,warlock,destruction,60,39,21
Gash,malganis,1657,warlock,destruction,49,30,19
Chaozvx,kazzak,1656,warlock,destruction,71,41,30
Vicktorious,stormscale,1656,warlock,destruction,168,96,72
Avogein,tarren-mill,1656,warlock,destruction,36,19,17
Sxtynine,outland,1655,warlock,destruction,54,33,21
Miller,stormscale,1655,warlock,destruction,48,29,19
Enyras,nemesis,1655,warlock,destruction,42,22,20
Rustos,ravencrest,1654,warlock,destruction,36,21,15
Lugnalennart,tarren-mill,1654,warlock,destruction,156,81,75
Nijva,silvermoon,1653,warlock,destruction,60,29,31
Peacedust,grim-batol,1652,warlock,destruction,36,28,8
Bløødwins,burning-legion,1652,warlock,destruction,29,21,8
Magonyth,tarren-mill,1652,warlock,destruction,31,22,9
Dotbotx,grim-batol,1652,warlock,destruction,30,21,9
Kärme,archimonde,1652,warlock,destruction,30,19,11
Finsterfluch,conseil-des-ombres,1652,warlock,destruction,54,30,24
Deathcoîl,the-maelstrom,1652,warlock,destruction,42,22,20
Verixdots,antonidas,1651,warlock,destruction,50,31,19
Sleethy,destromath,1651,warlock,destruction,54,27,27
Jisera,kiljaeden,1651,warlock,destruction,42,19,23
Koffey,kazzak,1650,warlock,destruction,36,25,11
Hathatchi,sylvanas,1650,warlock,destruction,54,29,25
Kaspersdame,ravencrest,1650,warlock,destruction,47,24,23
Profesorr,defias-brotherhood,1650,warlock,destruction,42,21,21
Murdee,kazzak,1650,warlock,destruction,54,22,32
Søulcä,uldum,1649,warlock,destruction,30,23,7
Паинбрингер,soulflayer,1649,warlock,destruction,30,18,12
Quarimathras,antonidas,1649,warlock,destruction,66,34,32
Lichlolocked,outland,1649,warlock,destruction,78,40,38
Psýcholoc,kazzak,1648,warlock,destruction,38,25,13
Adacheezzee,tyrande,1648,warlock,destruction,30,19,11
Lyconidas,magtheridon,1648,warlock,destruction,30,19,11
Jawdrop,blackrock,1648,warlock,destruction,51,31,20
Schrimz,blackrock,1648,warlock,destruction,57,26,31
Oldasiangirl,blackrock,1647,warlock,destruction,30,20,10
Marieejoana,nozdormu,1646,warlock,destruction,72,41,31
Ðemise,antonidas,1646,warlock,destruction,54,29,25
Domdon,stormscale,1646,warlock,destruction,72,37,35
Zekarat,blackrock,1646,warlock,destruction,60,30,30
Fearbîtch,ravencrest,1645,warlock,destruction,24,21,3
Dragkur,sanguino,1645,warlock,destruction,53,29,24
Pumpfake,ravencrest,1644,warlock,destruction,23,18,5
Xenq,ravencrest,1644,warlock,destruction,60,35,25
Øßey,magtheridon,1644,warlock,destruction,36,21,15
Fatzké,kargath,1644,warlock,destruction,131,64,67
Jetsetmehmet,aegwynn,1644,warlock,destruction,60,29,31
Slf,the-maelstrom,1644,warlock,destruction,54,23,31
Yoplen,drakthul,1643,warlock,destruction,104,61,43
Simony,ravencrest,1643,warlock,destruction,36,21,15
Killning,medivh,1643,warlock,destruction,210,107,103
Flocca,archimonde,1642,warlock,destruction,65,35,30
Cigarrette,draenor,1642,warlock,destruction,42,21,21
Skyamino,hyjal,1641,warlock,destruction,42,27,15
Lovromalt,kazzak,1641,warlock,destruction,48,29,19
Ayrefik,kazzak,1641,warlock,destruction,108,55,53
Дуэлистка,soulflayer,1640,warlock,destruction,41,28,13
Shérlock,ravencrest,1640,warlock,destruction,42,22,20
Муза,gordunni,1639,warlock,destruction,42,26,16
Brútality,nethersturm,1639,warlock,destruction,102,45,57
Dotxalot,blackrock,1638,warlock,destruction,52,37,15
Akumako,stormscale,1638,warlock,destruction,36,21,15
Evylock,draenor,1638,warlock,destruction,36,18,18
Хеельхейм,gordunni,1637,warlock,destruction,60,36,24
Ìzanamí,archimonde,1636,warlock,destruction,96,58,38
Flawzo,blackmoore,1636,warlock,destruction,48,29,19
Shugglock,draenor,1636,warlock,destruction,42,23,19
Nerfmebro,tarren-mill,1635,warlock,destruction,24,19,5
Dotrulez,nemesis,1634,warlock,destruction,31,18,13
Warlololock,malganis,1634,warlock,destruction,42,24,18
Nerfwarriors,stormscale,1633,warlock,destruction,70,41,29
Sepulturá,thrall,1633,warlock,destruction,54,31,23
Elvània,eredar,1633,warlock,destruction,54,31,23
Maikus,stormscale,1632,warlock,destruction,36,24,12
Lonelock,blackrock,1632,warlock,destruction,50,32,18
Kaeb,archimonde,1631,warlock,destruction,24,17,7
Простшутка,gordunni,1630,warlock,destruction,24,17,7
Gruggenbach,twisting-nether,1630,warlock,destruction,24,17,7
Agaton,twisting-nether,1630,warlock,destruction,24,17,7
Чернаяскала,howling-fjord,1630,warlock,destruction,36,21,15
Augge,tarren-mill,1630,warlock,destruction,58,33,25
Fandirxd,draenor,1630,warlock,destruction,94,52,42
Таксидермия,gordunni,1630,warlock,destruction,180,92,88
Funcky,terokkar,1630,warlock,destruction,48,19,29
Vaimex,stormscale,1629,warlock,destruction,30,20,10
Telodotto,nemesis,1629,warlock,destruction,30,17,13
Smoudini,blackrock,1629,warlock,destruction,30,17,13
Xoraith,runetotem,1629,warlock,destruction,42,23,19
Worro,eredar,1629,warlock,destruction,54,28,26
Invoke,burning-blade,1628,warlock,destruction,24,20,4
Wreky,thrall,1628,warlock,destruction,24,17,7
Raxan,stormscale,1628,warlock,destruction,29,19,10
Порртвейн,howling-fjord,1628,warlock,destruction,29,18,11
Happsõr,eredar,1628,warlock,destruction,36,21,15
Aspas,outland,1628,warlock,destruction,77,43,34
Scallington,shattered-hand,1628,warlock,destruction,36,20,16
Nherthul,sanguino,1628,warlock,destruction,261,133,128
Hepheisto,blackmoore,1627,warlock,destruction,37,20,17
Kigro,burning-legion,1627,warlock,destruction,72,38,34
Litox,twisting-nether,1627,warlock,destruction,63,32,31
Kyliân,blackmoore,1627,warlock,destruction,36,18,18
Bailerlock,antonidas,1627,warlock,destruction,36,17,19
Edrahil,lordaeron,1626,warlock,destruction,66,37,29
Starlok,nemesis,1626,warlock,destruction,35,19,16
Fluch,area-52,1626,warlock,destruction,60,26,34
Соикулейн,gordunni,1625,warlock,destruction,29,23,6
Mobikagodx,drakthul,1625,warlock,destruction,27,19,8
Luwuock,twisting-nether,1625,warlock,destruction,30,21,9
Wryy,nemesis,1624,warlock,destruction,44,29,15
Bmblockerina,blackrock,1624,warlock,destruction,54,35,19
Khoug,blackmoore,1624,warlock,destruction,60,27,33
Анрали,deathguard,1623,warlock,destruction,24,17,7
Nekros,archimonde,1623,warlock,destruction,54,34,20
Stazox,drakthul,1623,warlock,destruction,30,18,12
Quickccast,draenor,1623,warlock,destruction,97,58,39
Thebigsuck,tarren-mill,1623,warlock,destruction,96,53,43
Weso,grim-batol,1623,warlock,destruction,55,28,27
Isata,blackhand,1622,warlock,destruction,36,20,16
Bk,alexstrasza,1621,warlock,destruction,24,20,4
Kasztyk,grim-batol,1621,warlock,destruction,47,27,20
Ламэ,gordunni,1621,warlock,destruction,54,30,24
Essealaes,stormscale,1621,warlock,destruction,35,18,17
Мураса,grom,1620,warlock,destruction,35,22,13
Nimbin,taerar,1620,warlock,destruction,165,92,73
Zebauron,twisting-nether,1620,warlock,destruction,36,20,16
Kìmar,amanthul,1620,warlock,destruction,78,42,36
Neburlock,dun-modr,1620,warlock,destruction,42,21,21
Beåtrìce,archimonde,1620,warlock,destruction,57,28,29
Reeween,argent-dawn,1619,warlock,destruction,30,18,12
Denasty,nemesis,1619,warlock,destruction,38,22,16
Надсх,soulflayer,1619,warlock,destruction,30,17,13
Whitebøy,hyjal,1619,warlock,destruction,45,25,20
Chaosbørn,twisting-nether,1618,warlock,destruction,34,24,10
Delru,aegwynn,1618,warlock,destruction,30,20,10
Xtkeks,blackmoore,1618,warlock,destruction,41,27,14
Zikozor,ravencrest,1618,warlock,destruction,28,18,10
Stavrogina,ravencrest,1618,warlock,destruction,30,17,13
Boglock,argent-dawn,1618,warlock,destruction,36,19,17
Crueliadevil,stormscale,1618,warlock,destruction,62,32,30
Aspass,kazzak,1617,warlock,destruction,89,47,42
Krøl,nemesis,1616,warlock,destruction,30,20,10
Husaì,laughing-skull,1616,warlock,destruction,88,58,30
Wisdomness,aszune,1616,warlock,destruction,78,41,37
Nøl,sargeras,1616,warlock,destruction,345,174,171
Candleburner,khaz-modan,1615,warlock,destruction,26,20,6
Nerfbolts,archimonde,1615,warlock,destruction,24,17,7
Turbonion,archimonde,1615,warlock,destruction,72,40,32
Laciewaifu,silvermoon,1615,warlock,destruction,36,20,16
Biest,drakthul,1615,warlock,destruction,36,17,19
Adellaragg,draenor,1614,warlock,destruction,18,17,1
Uralya,kazzak,1613,warlock,destruction,36,20,16
Toliver,drakthul,1612,warlock,destruction,36,26,10
Smíkz,blackhand,1612,warlock,destruction,53,32,21
Gusvitori,sanguino,1612,warlock,destruction,36,20,16
Inoculum,xavius,1612,warlock,destruction,59,32,27
Tóuché,aegwynn,1612,warlock,destruction,96,51,45
Teezeye,ragnaros,1612,warlock,destruction,35,17,18
Pelkopeelo,tarren-mill,1611,warlock,destruction,77,43,34
Jinxme,tarren-mill,1611,warlock,destruction,119,66,53
Neg,sylvanas,1611,warlock,destruction,35,19,16
Jamzywarlock,kazzak,1611,warlock,destruction,47,23,24
Siyruz,eredar,1610,warlock,destruction,48,29,19
Marenov,kazzak,1610,warlock,destruction,72,40,32
Nerdlockx,tarren-mill,1609,warlock,destruction,24,17,7
Meatbot,tarren-mill,1609,warlock,destruction,46,31,15
Lockyswag,draenor,1609,warlock,destruction,66,37,29
Nitmoredots,dun-modr,1609,warlock,destruction,48,24,24
Skrabblel,tarren-mill,1609,warlock,destruction,36,18,18
Shaterz,dun-modr,1608,warlock,destruction,27,21,6
Ryssäbotti,stormscale,1608,warlock,destruction,31,23,8
Spykoosi,stormscale,1608,warlock,destruction,40,24,16
Esmuel,argent-dawn,1608,warlock,destruction,77,46,31
Ketamol,ravencrest,1608,warlock,destruction,57,32,25
Селикта,gordunni,1607,warlock,destruction,30,17,13
Zéphon,blades-edge,1607,warlock,destruction,106,52,54
Maxlox,tarren-mill,1607,warlock,destruction,35,17,18
Kognah,defias-brotherhood,1606,warlock,destruction,30,21,9
Гурджес,soulflayer,1606,warlock,destruction,42,29,13
Zoradiale,twisting-nether,1606,warlock,destruction,36,24,12
Мицуру,howling-fjord,1606,warlock,destruction,100,59,41
Ðêmøñîc,ravencrest,1606,warlock,destruction,30,17,13
Märkähuikka,stormreaver,1605,warlock,destruction,24,17,7
Холичорт,howling-fjord,1605,warlock,destruction,69,37,32
Мегаклещ,soulflayer,1605,warlock,destruction,42,22,20
Docik,kazzak,1605,warlock,destruction,61,31,30
Felttofel,stormscale,1604,warlock,destruction,49,28,21
Garbageclass,outland,1604,warlock,destruction,36,20,16
Moelock,frostmane,1604,warlock,destruction,135,74,61
Bonemetz,blackmoore,1604,warlock,destruction,174,92,82
Zeinth,sanguino,1603,warlock,destruction,36,23,13
Sotapen,ragnaros,1603,warlock,destruction,92,56,36
Striks,ragnaros,1603,warlock,destruction,82,44,38
Dreamnyâsha,tarren-mill,1603,warlock,destruction,42,19,23
Gishor,burning-legion,1602,warlock,destruction,24,19,5
Михасяпевпев,gordunni,1602,warlock,destruction,33,20,13
Salazaros,die-silberne-hand,1602,warlock,destruction,84,48,36
Xtleonidas,uldum,1602,warlock,destruction,78,41,37
Sickening,twilights-hammer,1601,warlock,destruction,55,38,17
Skrikipanik,kazzak,1601,warlock,destruction,36,21,15
Wumz,sylvanas,1601,warlock,destruction,53,27,26
Dastey,stormscale,1601,warlock,destruction,36,18,18
Rensayy,ysondre,1600,warlock,destruction,30,21,9
Letswreck,outland,1600,warlock,destruction,90,46,44
Kenthal,nemesis,1600,warlock,destruction,63,31,32
Sneptics,draenor,1597,warlock,destruction,169,95,74
Golgir,draenor,1596,warlock,destruction,106,59,47
Napoloen,kazzak,1596,warlock,destruction,36,19,17
Zetsubo,drakthul,1595,warlock,destruction,55,34,21
Sibora,eredar,1595,warlock,destruction,48,26,22
Willthehoe,alonsus,1595,warlock,destruction,41,21,20
Felcollíns,ravencrest,1593,warlock,destruction,30,19,11
Liqûid,destromath,1593,warlock,destruction,118,69,49
Ðîâblô,silvermoon,1593,warlock,destruction,80,41,39
Vimb,archimonde,1592,warlock,destruction,54,25,29
Enzyw,drakthul,1591,warlock,destruction,36,27,9
Bolt,stormscale,1591,warlock,destruction,82,50,32
Nèrfxløl,ragnaros,1590,warlock,destruction,42,34,8
Doomwrath,tarren-mill,1589,warlock,destruction,48,20,28
Kerthan,malorne,1587,warlock,destruction,155,87,68
Plamena,neptulon,1586,warlock,destruction,55,36,19
Réxz,ravencrest,1586,warlock,destruction,72,36,36
Hexdoctor,ravencrest,1586,warlock,destruction,48,18,30
Dödkärringx,auchindoun,1585,warlock,destruction,30,19,11
Pouletmicuie,archimonde,1585,warlock,destruction,56,30,26
Uneedtherapy,silvermoon,1584,warlock,destruction,54,33,21
Gimlidota,tarren-mill,1584,warlock,destruction,83,48,35
Shadowcaller,sylvanas,1584,warlock,destruction,39,20,19
Kenjix,blackrock,1584,warlock,destruction,54,23,31
Unethicalx,ragnaros,1583,warlock,destruction,36,20,16
Banishedone,stormreaver,1583,warlock,destruction,92,51,41
Kkomradee,kazzak,1583,warlock,destruction,37,19,18
Voidzero,hyjal,1583,warlock,destruction,41,19,22
Hellguards,silvermoon,1583,warlock,destruction,83,38,45
Sneps,azshara,1582,warlock,destruction,30,19,11
Aloof,outland,1582,warlock,destruction,201,105,96
Icritmore,stormscale,1582,warlock,destruction,72,37,35
Oz,uldum,1581,warlock,destruction,78,49,29
Atraped,zuljin,1581,warlock,destruction,152,82,70
Иренхх,gordunni,1581,warlock,destruction,72,34,38
Boltonez,outland,1581,warlock,destruction,72,31,41
Idfearthat,ragnaros,1580,warlock,destruction,48,28,20
Onono,eredar,1580,warlock,destruction,54,29,25
Articfox,outland,1580,warlock,destruction,116,61,55
Afflimoomoo,tarren-mill,1580,warlock,destruction,84,41,43
Mihø,hyjal,1579,warlock,destruction,86,44,42
Stromzii,silvermoon,1579,warlock,destruction,120,58,62
Verson,silvermoon,1578,warlock,destruction,97,53,44
Shóx,blackmoore,1578,warlock,destruction,36,19,17
Slàsh,hyjal,1576,warlock,destruction,54,36,18
Kìnvaras,tarren-mill,1576,warlock,destruction,34,19,15
Mariahscary,auchindoun,1575,warlock,destruction,36,21,15
Bh,ragnaros,1575,warlock,destruction,87,43,44
Babakrake,alleria,1573,warlock,destruction,36,22,14
Ánárchy,stormscale,1572,warlock,destruction,42,22,20
Sûdh,sanguino,1571,warlock,destruction,60,37,23
Naslock,twisting-nether,1571,warlock,destruction,30,17,13
Spoíl,tarren-mill,1571,warlock,destruction,48,27,21
Rakshazza,eredar,1571,warlock,destruction,102,53,49
Kicx,blackrock,1570,warlock,destruction,35,21,14
Hellfire,haomarush,1570,warlock,destruction,30,18,12
Áutísm,silvermoon,1570,warlock,destruction,138,71,67
Nerzhull,stormscale,1570,warlock,destruction,218,111,107
Sirmic,hyjal,1570,warlock,destruction,101,51,50
Dotsyoudown,kelthuzad,1568,warlock,destruction,97,52,45
Visable,kazzak,1568,warlock,destruction,36,19,17
Woòkz,argent-dawn,1566,warlock,destruction,154,85,69
Fatkkroth,ravencrest,1565,warlock,destruction,49,30,19
Грэтиэн,howling-fjord,1565,warlock,destruction,126,67,59
Акэти,borean-tundra,1565,warlock,destruction,42,21,21
Necrobtch,quelthalas,1564,warlock,destruction,30,19,11
Hokmor,blutkessel,1563,warlock,destruction,54,30,24
Drakedoge,draenor,1562,warlock,destruction,94,51,43
Helvetica,darksorrow,1562,warlock,destruction,58,28,30
Konradcurz,silvermoon,1562,warlock,destruction,45,20,25
Аркейнмизери,howling-fjord,1561,warlock,destruction,34,23,11
Mignetto,nemesis,1561,warlock,destruction,30,19,11
Nagassh,arathor,1560,warlock,destruction,23,17,6
Histeria,tarren-mill,1560,warlock,destruction,30,18,12
Contemtus,frostwhisper,1559,warlock,destruction,30,19,11
Vegetita,stormscale,1558,warlock,destruction,218,120,98
Нгага,howling-fjord,1558,warlock,destruction,333,171,162
Azthral,nemesis,1558,warlock,destruction,259,129,130
Rohlikov,drakthul,1557,warlock,destruction,30,18,12
Morgan,jaedenar,1557,warlock,destruction,90,51,39
Rackare,darksorrow,1556,warlock,destruction,27,19,8
Britneyfears,burning-legion,1556,warlock,destruction,36,18,18
Beepbepp,grim-batol,1555,warlock,destruction,52,37,15
Ajgreedyy,grim-batol,1555,warlock,destruction,60,30,30
Chaøs,thrall,1554,warlock,destruction,30,22,8
Zexan,drakthul,1554,warlock,destruction,48,34,14
Blackmagic,stormscale,1554,warlock,destruction,188,97,91
Kresnyk,kazzak,1553,warlock,destruction,47,27,20
Joemontana,blackrock,1552,warlock,destruction,36,17,19
Drainurlife,stormscale,1551,warlock,destruction,51,31,20
Helgorak,ragnaros,1551,warlock,destruction,48,23,25
Jumbodot,tarren-mill,1549,warlock,destruction,50,27,23
Lókkíi,silvermoon,1548,warlock,destruction,169,92,77
Päwzy,kazzak,1548,warlock,destruction,66,34,32
Chaosboltlol,ravencrest,1547,warlock,destruction,36,22,14
Lysanruth,la-croisade-écarlate,1547,warlock,destruction,96,47,49
Morrowgleam,outland,1546,warlock,destruction,26,17,9
Necradin,defias-brotherhood,1546,warlock,destruction,45,25,20
Isata,ravencrest,1545,warlock,destruction,98,58,40
Chubson,tarren-mill,1545,warlock,destruction,56,26,30
Robertóoo,burning-legion,1544,warlock,destruction,89,48,41
Demojun,silvermoon,1543,warlock,destruction,87,44,43
Gulleigh,draenor,1543,warlock,destruction,40,19,21
Rawsauce,outland,1542,warlock,destruction,20,17,3
Bigbadgoblin,kazzak,1542,warlock,destruction,30,20,10
Бомбшелл,soulflayer,1542,warlock,destruction,44,19,25
Beerdurschd,antonidas,1541,warlock,destruction,35,24,11
Fearster,twisting-nether,1540,warlock,destruction,77,47,30
Frilante,terokkar,1537,warlock,destruction,86,55,31
Nasiegboch,frostwolf,1537,warlock,destruction,54,28,26
Deathscréam,burning-legion,1537,warlock,destruction,96,48,48
Депрессыш,gordunni,1537,warlock,destruction,42,21,21
Enei,drakthul,1536,warlock,destruction,36,20,16
Banelock,dentarg,1536,warlock,destruction,36,17,19
Alucena,silvermoon,1536,warlock,destruction,46,21,25
Guldinfy,outland,1535,warlock,destruction,18,16,2
Anderxyo,sanguino,1535,warlock,destruction,24,16,8
Nkwango,blackmoore,1535,warlock,destruction,24,16,8
Chãn,ravencrest,1535,warlock,destruction,24,16,8
Cronice,ravencrest,1535,warlock,destruction,86,40,46
Potatowl,ravencrest,1534,warlock,destruction,18,16,2
Bustabrinka,aggra-português,1534,warlock,destruction,18,16,2
Dslap,grim-batol,1534,warlock,destruction,24,16,8
Shortyi,thrall,1533,warlock,destruction,24,16,8
Calypso,korgall,1533,warlock,destruction,30,16,14
Zloezlo,ravencrest,1533,warlock,destruction,124,63,61
Ánderx,dun-modr,1533,warlock,destruction,36,16,20
Zamahell,marécage-de-zangar,1532,warlock,destruction,24,17,7
Höfmänn,kazzak,1532,warlock,destruction,55,35,20
Debz,twisting-nether,1531,warlock,destruction,25,16,9
Unrealia,hyjal,1530,warlock,destruction,132,71,61
Kvanmor,kaelthas,1530,warlock,destruction,60,29,31
Блэкфлэймх,gordunni,1530,warlock,destruction,36,16,20
Notben,outland,1529,warlock,destruction,18,16,2
Aoea,draenor,1529,warlock,destruction,24,16,8
Chyther,ragnaros,1528,warlock,destruction,42,26,16
Slëydark,sanguino,1528,warlock,destruction,32,17,15
Mcdonkus,chamber-of-aspects,1528,warlock,destruction,33,17,16
Merdotz,outland,1527,warlock,destruction,34,22,12
Cursedotexe,ragnaros,1527,warlock,destruction,60,32,28
Nospamcliqu,ysondre,1527,warlock,destruction,30,16,14
Mooncrushed,stormscale,1526,warlock,destruction,24,18,6
Kiros,ravencrest,1526,warlock,destruction,24,16,8
Hajslaktarn,twisting-nether,1526,warlock,destruction,30,17,13
Шекигами,gordunni,1526,warlock,destruction,30,16,14
Nøxxlock,blackhand,1525,warlock,destruction,107,57,50
Яжбатько,howling-fjord,1525,warlock,destruction,48,25,23
Reuhn,kazzak,1523,warlock,destruction,24,16,8
Nÿhf,kirin-tor,1523,warlock,destruction,47,21,26
Empod,ragnaros,1523,warlock,destruction,41,17,24
Nàchtt,archimonde,1522,warlock,destruction,66,33,33
Мамкадгара,howling-fjord,1522,warlock,destruction,35,17,18
Sadixxqt,ravencrest,1521,warlock,destruction,24,16,8
Инкубычь,gordunni,1521,warlock,destruction,24,16,8
Bisacodyl,outland,1521,warlock,destruction,101,53,48
Hongkonger,kazzak,1521,warlock,destruction,344,177,167
Сорзи,thermaplugg,1521,warlock,destruction,41,20,21
Malinki,silvermoon,1521,warlock,destruction,42,20,22
Proßlock,kazzak,1521,warlock,destruction,116,54,62
Zombpunk,sanguino,1520,warlock,destruction,45,28,17
Boccu,magtheridon,1520,warlock,destruction,79,44,35
Cencible,twisting-nether,1520,warlock,destruction,91,49,42
Exiled,dragonblight,1519,warlock,destruction,28,17,11
Vincewl,ravencrest,1519,warlock,destruction,90,49,41
Героуд,howling-fjord,1519,warlock,destruction,141,75,66
Horridum,draenor,1519,warlock,destruction,76,33,43
Flaming,ravencrest,1518,warlock,destruction,30,16,14
Fatbëlly,argent-dawn,1518,warlock,destruction,97,47,50
Rozibolt,draenor,1517,warlock,destruction,24,16,8
Mogwaï,blackhand,1517,warlock,destruction,69,34,35
Hasibe,ravencrest,1516,warlock,destruction,36,24,12
Yazurí,ravencrest,1516,warlock,destruction,24,16,8
Zeelotko,drakthul,1515,warlock,destruction,90,54,36
ßenäfflock,ragnaros,1514,warlock,destruction,30,16,14
Lottopallo,arathor,1514,warlock,destruction,30,16,14
Lockteb,tarren-mill,1513,warlock,destruction,29,18,11
Falock,tarren-mill,1513,warlock,destruction,48,28,20
Usianbølts,blackmoore,1513,warlock,destruction,30,16,14
Darkeds,dun-modr,1513,warlock,destruction,54,27,27
Маларгас,soulflayer,1512,warlock,destruction,132,72,60
Maevax,stormscale,1512,warlock,destruction,30,16,14
Holeraa,stormscale,1511,warlock,destruction,149,80,69
Mellisandre,hellfire,1510,warlock,destruction,42,25,17
Kirillkaá,blackhand,1508,warlock,destruction,24,18,6
Artannas,elune,1508,warlock,destruction,31,19,12
Pipêz,blackmoore,1508,warlock,destruction,83,50,33
Алхун,razuvious,1508,warlock,destruction,90,47,43
Mortuáry,drakthul,1508,warlock,destruction,42,21,21
Dreameater,twilights-hammer,1508,warlock,destruction,36,18,18
Darcîa,destromath,1507,warlock,destruction,30,19,11
Sertdene,ravencrest,1507,warlock,destruction,54,31,23
Rhaelgar,kazzak,1507,warlock,destruction,36,20,16
Xerthula,blackmoore,1507,warlock,destruction,30,16,14
Пъё,howling-fjord,1507,warlock,destruction,101,46,55
Kasuni,sanguino,1507,warlock,destruction,72,30,42
Sylvxgodx,kazzak,1506,warlock,destruction,60,37,23
Samyoung,kazzak,1506,warlock,destruction,72,42,30
Чернокнжник,soulflayer,1506,warlock,destruction,42,22,20
Perius,zuluhed,1505,warlock,destruction,54,23,31
Ностра,gordunni,1504,warlock,destruction,66,34,32
Kwoh,saurfang,1504,warlock,destruction,33,17,16
Hipiwl,silvermoon,1504,warlock,destruction,72,37,35
Abnørmus,tarren-mill,1503,warlock,destruction,78,46,32
Leídernein,blutkessel,1503,warlock,destruction,42,22,20
Blackiouz,stormscale,1503,warlock,destruction,187,96,91
Deruud,defias-brotherhood,1503,warlock,destruction,92,46,46
Alexutzu,sylvanas,1501,warlock,destruction,36,22,14
Zoh,archimonde,1501,warlock,destruction,84,41,43
Tzeeñtch,tarren-mill,1501,warlock,destruction,65,31,34
Dôtski,kazzak,1499,warlock,destruction,72,48,24
Voidislife,alakir,1499,warlock,destruction,201,104,97
Jaimê,thrall,1498,warlock,destruction,106,57,49
Nicodemo,tarren-mill,1498,warlock,destruction,30,16,14
Lînden,magtheridon,1496,warlock,destruction,30,16,14
Interceptêr,blackrock,1496,warlock,destruction,36,18,18
Naemys,archimonde,1495,warlock,destruction,57,36,21
Marklock,drakthul,1495,warlock,destruction,62,38,24
Kolosh,twisting-nether,1495,warlock,destruction,30,18,12
Diåbló,stormscale,1495,warlock,destruction,126,72,54
Nebulus,lightnings-blade,1495,warlock,destruction,91,46,45
Kïng,elune,1494,warlock,destruction,66,34,32
Balgo,blackmoore,1493,warlock,destruction,54,30,24
Dotzéro,ravencrest,1493,warlock,destruction,42,21,21
Warlocat,the-maelstrom,1493,warlock,destruction,72,34,38
Белвет,blackscar,1493,warlock,destruction,63,29,34
Bivör,blackmoore,1493,warlock,destruction,56,24,32
Falel,das-konsortium,1492,warlock,destruction,24,19,5
Ðârk,silvermoon,1492,warlock,destruction,52,23,29
Cørleen,eredar,1492,warlock,destruction,94,40,54
Ноубрейкс,blackscar,1491,warlock,destruction,52,33,19
Magicstick,eredar,1491,warlock,destruction,83,39,44
Ketriicken,argent-dawn,1490,warlock,destruction,96,51,45
Колдунишка,fordragon,1490,warlock,destruction,117,62,55
Chaosprophet,argent-dawn,1489,warlock,destruction,50,28,22
Brokengodx,dun-modr,1489,warlock,destruction,30,16,14
Htaedfo,tarren-mill,1489,warlock,destruction,114,48,66
Zerøskil,blackrock,1488,warlock,destruction,24,16,8
Bowti,ravencrest,1488,warlock,destruction,100,63,37
Valcan,ragnaros,1488,warlock,destruction,85,49,36
Quebone,tarren-mill,1487,warlock,destruction,33,22,11
Kamí,sanguino,1487,warlock,destruction,65,30,35
Blackwizard,theradras,1486,warlock,destruction,111,59,52
Scaevóla,ravencrest,1486,warlock,destruction,252,129,123
Sopingsop,chants-éternels,1485,warlock,destruction,30,18,12
Diabló,outland,1485,warlock,destruction,36,18,18
Gigabolt,turalyon,1484,warlock,destruction,36,22,14
Azaêl,azshara,1483,warlock,destruction,78,34,44
Xârtôr,blackrock,1482,warlock,destruction,176,96,80
Cronai,silvermoon,1482,warlock,destruction,33,18,15
Bazoo,nathrezim,1482,warlock,destruction,147,70,77
Bottmbolt,blackhand,1481,warlock,destruction,31,17,14
Czx,twisting-nether,1479,warlock,destruction,36,22,14
Ammathrel,moonglade,1479,warlock,destruction,54,27,27
Crokorc,ysondre,1477,warlock,destruction,66,32,34
Kiritsugi,aszune,1476,warlock,destruction,65,38,27
Иванфаков,soulflayer,1475,warlock,destruction,29,17,12
Zeddy,draenor,1475,warlock,destruction,120,67,53
Kaedinx,twisting-nether,1475,warlock,destruction,411,209,202
Farlier,draenor,1474,warlock,destruction,95,47,48
Waandi,ravencrest,1473,warlock,destruction,40,25,15
Егосяхаос,soulflayer,1472,warlock,destruction,84,42,42
Törtidotcom,blackrock,1472,warlock,destruction,42,20,22
Раздирающая,gordunni,1471,warlock,destruction,46,30,16
Noctiz,pozzo-delleternità,1471,warlock,destruction,103,55,48
Horsewarlock,stormscale,1467,warlock,destruction,107,51,56
Kartanos,stormscale,1466,warlock,destruction,23,16,7
Адоха,howling-fjord,1466,warlock,destruction,66,34,32
Wedlock,stormscale,1465,warlock,destruction,60,36,24
Mazaear,stormscale,1465,warlock,destruction,69,36,33
Onetwobolt,archimonde,1465,warlock,destruction,139,70,69
Holaw,tarren-mill,1464,warlock,destruction,84,41,43
Miseryfull,archimonde,1463,warlock,destruction,24,16,8
Mvpðøtx,ravencrest,1463,warlock,destruction,45,28,17
Veoxohr,argent-dawn,1462,warlock,destruction,105,64,41
Snackstickz,twisting-nether,1461,warlock,destruction,48,25,23
Vitrolizz,twilights-hammer,1460,warlock,destruction,38,16,22
Cazzo,burning-blade,1459,warlock,destruction,114,57,57
Spaså,kazzak,1458,warlock,destruction,42,23,19
Peardrax,draenor,1458,warlock,destruction,73,38,35
Моориус,soulflayer,1458,warlock,destruction,48,23,25
Nedivh,stormscale,1458,warlock,destruction,47,22,25
Кулутха,soulflayer,1457,warlock,destruction,37,21,16
Sherrÿ,ragnaros,1457,warlock,destruction,54,29,25
Nokickplz,nemesis,1457,warlock,destruction,42,22,20
Adoy,tarren-mill,1456,warlock,destruction,78,46,32
Naavii,bloodscalp,1456,warlock,destruction,54,29,25
Zöyarüm,outland,1454,warlock,destruction,36,19,17
Koonlock,kazzak,1454,warlock,destruction,55,29,26
Aleê,twisting-nether,1454,warlock,destruction,47,23,24
Dotacy,kazzak,1454,warlock,destruction,59,28,31
Lockybàlboa,tarren-mill,1453,warlock,destruction,48,29,19
Moonpoxlock,nerathor,1453,warlock,destruction,38,20,18
Shaxlock,draenor,1451,warlock,destruction,82,43,39
Геролин,goldrinn,1451,warlock,destruction,61,30,31
Wicherson,burning-legion,1451,warlock,destruction,37,18,19
Banshore,ysondre,1450,warlock,destruction,47,29,18
Rotinhell,kazzak,1450,warlock,destruction,135,63,72
Backdrip,ragnaros,1449,warlock,destruction,49,28,21
Emalinne,argent-dawn,1449,warlock,destruction,48,22,26
Lobotomic,argent-dawn,1446,warlock,destruction,39,23,16
Baz,frostmane,1446,warlock,destruction,120,61,59
Swagzz,silvermoon,1445,warlock,destruction,42,27,15
Trickyy,azjolnerub,1444,warlock,destruction,39,25,14
Gyroib,stormscale,1443,warlock,destruction,41,23,18
Helkásh,tarren-mill,1443,warlock,destruction,66,31,35
Stürmer,thrall,1442,warlock,destruction,60,32,28
Jpjpjp,gorgonnash,1441,warlock,destruction,30,20,10
Eatmabolt,alleria,1441,warlock,destruction,39,22,17
Letmecast,sylvanas,1439,warlock,destruction,24,15,9
Uelimueli,onyxia,1439,warlock,destruction,71,35,36
Nitecro,blackmoore,1439,warlock,destruction,98,48,50
Fearbeachx,ravencrest,1438,warlock,destruction,24,15,9
Mowxll,blackrock,1438,warlock,destruction,24,15,9
Dzimmi,kazzak,1438,warlock,destruction,42,22,20
Ignorantduck,sunstrider,1438,warlock,destruction,51,25,26
Dahisx,ravencrest,1437,warlock,destruction,18,15,3
Gilfhaunter,malganis,1437,warlock,destruction,18,15,3
Igneutz,twisting-nether,1437,warlock,destruction,24,15,9
Навидд,howling-fjord,1437,warlock,destruction,24,15,9
Nádjá,ravencrest,1437,warlock,destruction,24,15,9
Thugsupreme,ravencrest,1437,warlock,destruction,78,41,37
Zarastro,sunstrider,1437,warlock,destruction,183,87,96
Dxfive,tarren-mill,1436,warlock,destruction,42,23,19
Iriepathie,nozdormu,1436,warlock,destruction,30,16,14
Elldialock,draenor,1436,warlock,destruction,30,15,15
Rhss,stormscale,1436,warlock,destruction,30,15,15
Metaslave,sunstrider,1435,warlock,destruction,18,15,3
Dràghel,grim-batol,1435,warlock,destruction,24,15,9
Impmuncher,twisting-nether,1434,warlock,destruction,30,15,15
Fynxo,blackmoore,1433,warlock,destruction,24,16,8
Amyw,magtheridon,1433,warlock,destruction,44,23,21
Noxsix,gorgonnash,1433,warlock,destruction,54,28,26
Азерок,howling-fjord,1433,warlock,destruction,60,31,29
Vulluin,blackrock,1433,warlock,destruction,30,15,15
Datendariza,kazzak,1432,warlock,destruction,110,56,54
Deadmoneyz,twisting-nether,1431,warlock,destruction,18,15,3
Flockyy,draenor,1431,warlock,destruction,28,16,12
Гуслин,soulflayer,1431,warlock,destruction,70,38,32
Gacknur,zuljin,1431,warlock,destruction,30,15,15
Oldefar,ravencrest,1430,warlock,destruction,24,15,9
Slavecry,silvermoon,1430,warlock,destruction,24,15,9
Softcøre,blackmoore,1430,warlock,destruction,48,29,19
Cráxx,onyxia,1430,warlock,destruction,181,92,89
Какойтолок,blackscar,1429,warlock,destruction,49,29,20
Cardinall,drakthul,1429,warlock,destruction,64,37,27
Antoniolm,cthun,1429,warlock,destruction,54,27,27
Pufulet,sylvanas,1428,warlock,destruction,96,51,45
Sublînê,blackmoore,1427,warlock,destruction,129,74,55
Сайзэр,soulflayer,1427,warlock,destruction,147,71,76
Gango,outland,1426,warlock,destruction,29,18,11
Lewdrumpslap,kazzak,1425,warlock,destruction,48,31,17
Kàjah,outland,1425,warlock,destruction,24,15,9
Gengada,blackhand,1425,warlock,destruction,48,26,22
Nosoulnoprob,sylvanas,1425,warlock,destruction,48,24,24
Makaspam,stormscale,1425,warlock,destruction,76,36,40
Puppylover,outland,1424,warlock,destruction,30,21,9
Shufflous,ghostlands,1424,warlock,destruction,28,16,12
Bte,draenor,1424,warlock,destruction,34,19,15
Loptous,dunemaul,1424,warlock,destruction,31,17,14
Krukke,tarren-mill,1424,warlock,destruction,54,28,26
Sesoumaru,azshara,1424,warlock,destruction,42,16,26
Julsey,kazzak,1423,warlock,destruction,29,19,10
Shêrlöck,stormscale,1423,warlock,destruction,60,28,32
Belnea,draenor,1421,warlock,destruction,24,15,9
Nibblez,shadowsong,1421,warlock,destruction,119,65,54
Ablas,bladefist,1421,warlock,destruction,118,53,65
Лоредо,howling-fjord,1421,warlock,destruction,50,21,29
Covariance,nemesis,1421,warlock,destruction,60,25,35
Demonkïng,archimonde,1420,warlock,destruction,60,32,28
Сатенекс,soulflayer,1419,warlock,destruction,59,36,23
Diablotiin,hyjal,1419,warlock,destruction,239,122,117
Drarken,sylvanas,1418,warlock,destruction,18,15,3
Mty,bronze-dragonflight,1417,warlock,destruction,53,28,25
Diablesse,dun-modr,1417,warlock,destruction,62,30,32
Elhäbedehä,blackrock,1416,warlock,destruction,30,19,11
Rakoru,blackmoore,1416,warlock,destruction,30,15,15
Wauwish,stormscale,1415,warlock,destruction,47,27,20
Midnigthh,sanguino,1415,warlock,destruction,30,16,14
Scrim,laughing-skull,1413,warlock,destruction,56,36,20
Galardodric,outland,1413,warlock,destruction,36,18,18
Línkéd,blackmoore,1413,warlock,destruction,72,32,40
Buddyparty,blackrock,1412,warlock,destruction,40,26,14
Barro,das-syndikat,1410,warlock,destruction,32,17,15
Holodream,stormreaver,1410,warlock,destruction,78,38,40
Бирел,soulflayer,1409,warlock,destruction,24,15,9
Corbiejr,tarren-mill,1409,warlock,destruction,134,82,52
Azzoaa,defias-brotherhood,1408,warlock,destruction,60,29,31
Chroll,nerathor,1407,warlock,destruction,46,32,14
Natsume,ragnaros,1407,warlock,destruction,43,21,22
Kumas,hyjal,1406,warlock,destruction,30,16,14
Xârdâs,blackrock,1406,warlock,destruction,30,15,15
Zlohell,drakthul,1405,warlock,destruction,48,30,18
Kospar,dun-morogh,1405,warlock,destruction,93,50,43
Evaksiá,draenor,1405,warlock,destruction,48,23,25
Wurdulock,silvermoon,1405,warlock,destruction,54,25,29
Smadrekas,ravencrest,1404,warlock,destruction,58,25,33
Enydible,frostmane,1403,warlock,destruction,24,15,9
Proctolock,garona,1403,warlock,destruction,34,20,14
Skruios,anetheron,1403,warlock,destruction,64,35,29
Greeylock,blackhand,1400,warlock,destruction,18,15,3
Гупперлок,howling-fjord,1400,warlock,destruction,48,21,27
Faro,trollbane,1398,warlock,destruction,98,42,56
Kar,haomarush,1398,warlock,destruction,48,20,28
Nomakqlock,dun-modr,1397,warlock,destruction,36,23,13
Вроман,fordragon,1397,warlock,destruction,80,47,33
Khano,twisting-nether,1397,warlock,destruction,87,46,41
Birimbau,outland,1396,warlock,destruction,73,34,39
Dhraven,thrall,1395,warlock,destruction,96,53,43
Dobonard,sylvanas,1395,warlock,destruction,38,19,19
Islazoldyck,draenor,1395,warlock,destruction,90,41,49
Tomiaa,burning-legion,1395,warlock,destruction,36,15,21
Chaoxz,outland,1393,warlock,destruction,66,37,29
Satanizm,silvermoon,1393,warlock,destruction,95,46,49
Çhãøsførÿã,blackmoore,1392,warlock,destruction,90,43,47
Warlockholms,archimonde,1391,warlock,destruction,24,15,9
Pogrom,burning-legion,1391,warlock,destruction,36,21,15
Craynos,die-arguswacht,1391,warlock,destruction,71,37,34
Шелруа,howling-fjord,1390,warlock,destruction,52,31,21
Zollon,norgannon,1389,warlock,destruction,23,17,6
Zivalelia,silvermoon,1389,warlock,destruction,102,49,53
Hellraiserir,twisting-nether,1388,warlock,destruction,22,16,6
Eotlid,shattered-hand,1388,warlock,destruction,30,17,13
Арцах,soulflayer,1388,warlock,destruction,60,29,31
Lynchian,draenor,1387,warlock,destruction,49,26,23
Cooldowns,ravencrest,1386,warlock,destruction,37,19,18
Gehirnwäsche,frostwolf,1385,warlock,destruction,28,18,10
Dracsu,dun-modr,1383,warlock,destruction,49,26,23
Мирмех,gordunni,1383,warlock,destruction,60,29,31
Unkash,zuljin,1382,warlock,destruction,102,57,45
Boomlock,dun-morogh,1382,warlock,destruction,42,17,25
Калестонх,soulflayer,1380,warlock,destruction,48,28,20
Dreadnogg,tarren-mill,1380,warlock,destruction,100,50,50
Shadowscurse,sylvanas,1379,warlock,destruction,36,16,20
Тиранчухан,howling-fjord,1378,warlock,destruction,33,16,17
Gentoo,xavius,1377,warlock,destruction,30,15,15
Kosfáce,tarren-mill,1377,warlock,destruction,77,35,42
Lockboom,kazzak,1376,warlock,destruction,30,17,13
Ðrussi,hyjal,1374,warlock,destruction,44,24,20
Dwoorf,ravencrest,1372,warlock,destruction,23,15,8
Pliixme,ysondre,1372,warlock,destruction,29,15,14
Lucifa,arthas,1371,warlock,destruction,36,17,19
Lazyblue,hyjal,1371,warlock,destruction,55,20,35
Fandusttwo,drakthul,1370,warlock,destruction,42,20,22
Demirchayan,twisting-nether,1369,warlock,destruction,84,52,32
Pookabee,ravencrest,1369,warlock,destruction,36,19,17
Зюзерг,soulflayer,1369,warlock,destruction,49,24,25
Zzombie,sylvanas,1369,warlock,destruction,50,23,27
Cahetel,nemesis,1368,warlock,destruction,47,24,23
Biotic,dun-modr,1366,warlock,destruction,36,16,20
Эот,soulflayer,1365,warlock,destruction,27,16,11
Crazybolt,archimonde,1363,warlock,destruction,42,22,20
Vakgu,blackmoore,1362,warlock,destruction,47,28,19
Hamskurken,silvermoon,1362,warlock,destruction,28,15,13
Nyriat,tarren-mill,1361,warlock,destruction,24,16,8
Quasimodó,aegwynn,1361,warlock,destruction,48,29,19
Salastro,ragnaros,1361,warlock,destruction,27,15,12
Gricorby,drakthul,1360,warlock,destruction,23,16,7
Rizzbolt,ravencrest,1359,warlock,destruction,135,72,63
Lockedaway,ravencrest,1359,warlock,destruction,42,22,20
Quentex,antonidas,1359,warlock,destruction,30,15,15
Xoram,kult-der-verdammten,1356,warlock,destruction,36,20,16
Dérbombér,guldan,1355,warlock,destruction,30,15,15
Demoz,sanguino,1354,warlock,destruction,70,40,30
Líok,eredar,1354,warlock,destruction,41,18,23
Voltadol,dun-modr,1353,warlock,destruction,126,65,61
Emalk,tarren-mill,1353,warlock,destruction,36,15,21
Patirass,sanguino,1352,warlock,destruction,43,26,17
Boltexpert,twisting-nether,1351,warlock,destruction,30,15,15
Pommeslock,blackmoore,1350,warlock,destruction,53,24,29
Auxi,the-maelstrom,1349,warlock,destruction,41,27,14
Mîjagî,blackhand,1349,warlock,destruction,60,36,24
Soulgünter,blackmoore,1348,warlock,destruction,40,27,13
Disrupted,blackmoore,1348,warlock,destruction,30,16,14
Hell,twisting-nether,1347,warlock,destruction,54,22,32
Bankley,khaz-modan,1346,warlock,destruction,42,21,21
Talindra,stormscale,1345,warlock,destruction,50,28,22
Шархилол,gordunni,1344,warlock,destruction,18,14,4
Jazggzkxx,twisting-nether,1344,warlock,destruction,18,14,4
Nerokin,blackrock,1344,warlock,destruction,60,41,19
Potatowl,ragnaros,1344,warlock,destruction,24,14,10
Maxiabe,hyjal,1344,warlock,destruction,54,27,27
Kokainas,dun-modr,1344,warlock,destruction,36,18,18
Dotloca,draenor,1344,warlock,destruction,30,15,15
Freshademic,tarren-mill,1343,warlock,destruction,18,14,4
Watchmecutt,terenas,1343,warlock,destruction,18,14,4
Bedep,sanguino,1343,warlock,destruction,24,14,10
Anthraxus,argent-dawn,1343,warlock,destruction,24,14,10
Fivestars,tarren-mill,1343,warlock,destruction,58,29,29
Mudwalkin,ravencrest,1343,warlock,destruction,36,17,19
Hlÿ,kazzak,1343,warlock,destruction,30,14,16
Setyouinfear,ravencrest,1343,warlock,destruction,30,14,16
Britnèyfears,twisting-nether,1343,warlock,destruction,30,14,16
Sinofbum,stormscale,1342,warlock,destruction,18,14,4
Ghastlyy,aggra-português,1342,warlock,destruction,18,14,4
Nanotrik,draenor,1342,warlock,destruction,24,14,10
Badapow,stormscale,1342,warlock,destruction,24,14,10
Cigänä,archimonde,1342,warlock,destruction,24,14,10
Odenbest,silvermoon,1342,warlock,destruction,24,14,10
Verderbnis,malganis,1341,warlock,destruction,53,31,22
Gravemxney,tarren-mill,1341,warlock,destruction,24,14,10
Haltros,stormscale,1341,warlock,destruction,24,14,10
Baalthazar,jaedenar,1341,warlock,destruction,54,30,24
Mompets,stormscale,1341,warlock,destruction,36,14,22
Anicetus,ravencrest,1340,warlock,destruction,18,14,4
Zacurse,kazzak,1340,warlock,destruction,48,28,20
Sidragasoss,drakthul,1340,warlock,destruction,36,17,19
Love,alexstrasza,1339,warlock,destruction,30,18,12
Dimmybyrger,stormreaver,1339,warlock,destruction,30,14,16
Maevex,stormscale,1339,warlock,destruction,30,14,16
Tentigo,blackmoore,1339,warlock,destruction,36,14,22
Wazze,azuremyst,1338,warlock,destruction,25,15,10
Tmoney,stormscale,1338,warlock,destruction,24,14,10
Ryurans,cthun,1338,warlock,destruction,98,49,49
Кварий,howling-fjord,1337,warlock,destruction,36,14,22
Melyagang,hyjal,1336,warlock,destruction,18,14,4
Supermaus,blackrock,1336,warlock,destruction,24,14,10
Greenpeas,blackrock,1336,warlock,destruction,36,14,22
Cyanur,silvermoon,1335,warlock,destruction,24,14,10
Falakros,ravencrest,1335,warlock,destruction,42,18,24
Misscringe,silvermoon,1335,warlock,destruction,66,26,40
Póssiblyreef,silvermoon,1334,warlock,destruction,24,14,10
Rúbedo,thrall,1334,warlock,destruction,24,14,10
Warlockgødx,silvermoon,1332,warlock,destruction,96,51,45
Ghostflame,tarren-mill,1332,warlock,destruction,58,29,29
Sathanas,antonidas,1331,warlock,destruction,30,15,15
Talriun,kazzak,1330,warlock,destruction,38,16,22
Inportal,kazzak,1329,warlock,destruction,29,18,11
Ínsidióus,tarren-mill,1329,warlock,destruction,24,14,10
Pensiblesie,runetotem,1329,warlock,destruction,525,260,265
Carthagî,blackmoore,1328,warlock,destruction,66,39,27
Hyrai,sylvanas,1328,warlock,destruction,24,14,10
Dieger,thunderhorn,1328,warlock,destruction,24,14,10
Äsmødée,dalaran,1328,warlock,destruction,54,31,23
Nàughty,ragnaros,1328,warlock,destruction,67,28,39
Stonysalami,turalyon,1327,warlock,destruction,41,28,13
Benzakenta,sylvanas,1327,warlock,destruction,24,14,10
Bondejohn,ravencrest,1327,warlock,destruction,24,14,10
Palmangel,draenor,1327,warlock,destruction,30,14,16
Asmodaî,anubarak,1325,warlock,destruction,85,46,39
Asmonmald,stormscale,1325,warlock,destruction,220,109,111
Hôjâm,twisting-nether,1324,warlock,destruction,30,17,13
Skâald,senjin,1324,warlock,destruction,42,21,21
Demoslik,hyjal,1324,warlock,destruction,30,14,16
Xshay,dun-modr,1324,warlock,destruction,45,16,29
Mohawkyz,chamber-of-aspects,1323,warlock,destruction,41,22,19
Melow,sanguino,1323,warlock,destruction,44,21,23
Микурочка,gordunni,1323,warlock,destruction,59,25,34
Эннинотбэд,howling-fjord,1322,warlock,destruction,29,14,15
Kromosonen,ravencrest,1322,warlock,destruction,36,15,21
Faitless,stormscale,1321,warlock,destruction,36,20,16
Lowkeyfed,stormscale,1320,warlock,destruction,18,14,4
Nhéon,archimonde,1319,warlock,destruction,24,14,10
Amakusa,archimonde,1319,warlock,destruction,52,25,27
Ymersai,stormscale,1318,warlock,destruction,71,36,35
Mempricious,ravencrest,1318,warlock,destruction,30,14,16
Хелентесс,goldrinn,1317,warlock,destruction,30,18,12
Exitumos,eredar,1316,warlock,destruction,24,14,10
Tuz,blackrock,1316,warlock,destruction,90,40,50
Plööp,malganis,1315,warlock,destruction,92,47,45
Gillgarres,twisting-nether,1314,warlock,destruction,126,60,66
Олдхалапеньо,soulflayer,1314,warlock,destruction,54,24,30
Zesekk,blackmoore,1314,warlock,destruction,72,28,44
Ghostfiend,tarren-mill,1313,warlock,destruction,21,15,6
Pcbbwarlock,sylvanas,1313,warlock,destruction,36,15,21
Chram,uldum,1311,warlock,destruction,53,33,20
Problemchild,sunstrider,1309,warlock,destruction,54,31,23
Kaamosliha,frostwhisper,1309,warlock,destruction,75,43,32
Somanydots,twisting-nether,1309,warlock,destruction,90,44,46
Seya,azuremyst,1309,warlock,destruction,30,14,16
Inagony,twisting-nether,1308,warlock,destruction,23,14,9
Hyòx,aegwynn,1308,warlock,destruction,59,26,33
Биохозард,deathguard,1307,warlock,destruction,93,48,45
Terris,khaz-modan,1307,warlock,destruction,93,47,46
Altffeer,blackmoore,1307,warlock,destruction,30,14,16
Блэкмайндер,howling-fjord,1306,warlock,destruction,38,23,15
Sinsemilla,turalyon,1305,warlock,destruction,47,24,23
Kïrah,ysondre,1305,warlock,destruction,68,27,41
Realshady,kazzak,1303,warlock,destruction,24,14,10
Shadeshanox,blackmoore,1302,warlock,destruction,36,23,13
Gastkäft,shadowsong,1302,warlock,destruction,30,19,11
Lokajci,outland,1302,warlock,destruction,37,22,15
Øpaco,khazgoroth,1302,warlock,destruction,42,17,25
Sateerik,draenor,1300,warlock,destruction,30,14,16
Janemba,ysondre,1300,warlock,destruction,30,14,16
Fêars,blackrock,1299,warlock,destruction,62,34,28
Кискатёмная,blackscar,1299,warlock,destruction,72,35,37
Lodem,darksorrow,1298,warlock,destruction,36,15,21
Sîlverdîze,thrall,1297,warlock,destruction,53,29,24
Azrail,anubarak,1297,warlock,destruction,84,40,44
Dexterr,sylvanas,1295,warlock,destruction,110,55,55
Èrmes,eldrethalas,1295,warlock,destruction,83,37,46
Ädarä,cthun,1294,warlock,destruction,60,30,30
Cháos,forscherliga,1293,warlock,destruction,54,21,33
Proflock,drakthul,1292,warlock,destruction,54,28,26
Míkæ,ravencrest,1291,warlock,destruction,114,56,58
Arnoediad,twisting-nether,1291,warlock,destruction,39,18,21
Cängrë,dun-modr,1290,warlock,destruction,24,15,9
Galath,wrathbringer,1289,warlock,destruction,64,32,32
Меркус,howling-fjord,1288,warlock,destruction,42,18,24
Гулдарий,howling-fjord,1287,warlock,destruction,142,76,66
Карьерщица,booty-bay,1287,warlock,destruction,85,45,40
Useidûm,ravencrest,1287,warlock,destruction,30,14,16
Sorxez,thrall,1287,warlock,destruction,54,25,29
Turbofamilly,hyjal,1282,warlock,destruction,23,14,9
Сеннир,ashenvale,1281,warlock,destruction,30,14,16
Soulshift,blackmoore,1281,warlock,destruction,54,22,32
Парачо,eversong,1280,warlock,destruction,34,15,19
Seagelock,silvermoon,1279,warlock,destruction,102,44,58
Gdkw,tarren-mill,1279,warlock,destruction,36,15,21
Southylol,stormscale,1278,warlock,destruction,17,14,3
Nopower,dun-morogh,1277,warlock,destruction,35,20,15
Krokator,draenor,1276,warlock,destruction,51,28,23
Demohoror,stormscale,1276,warlock,destruction,42,20,22
Felbunni,silvermoon,1276,warlock,destruction,69,31,38
Easybolt,blackrock,1276,warlock,destruction,32,14,18
Chaotìc,nemesis,1275,warlock,destruction,24,18,6
Ocaya,kazzak,1275,warlock,destruction,30,16,14
Гринлайм,howling-fjord,1274,warlock,destruction,33,19,14
Dreamage,exodar,1274,warlock,destruction,54,27,27
Dìablò,sylvanas,1272,warlock,destruction,72,40,32
Divvaa,tarren-mill,1272,warlock,destruction,112,53,59
Делегент,deathguard,1272,warlock,destruction,84,34,50
Shinamna,tarren-mill,1270,warlock,destruction,30,15,15
Запрещаю,galakrond,1268,warlock,destruction,90,43,47
Firinmalazor,blackrock,1266,warlock,destruction,66,33,33
Mavelya,blackmoore,1266,warlock,destruction,40,17,23
Hárdí,tarren-mill,1265,warlock,destruction,24,15,9
Чиназис,gordunni,1265,warlock,destruction,102,49,53
Sovrìn,blackrock,1264,warlock,destruction,20,14,6
Apôpis,archimonde,1264,warlock,destruction,36,21,15
Tsumde,dalaran,1264,warlock,destruction,86,43,43
Tabarnak,archimonde,1264,warlock,destruction,30,14,16
Jossim,outland,1263,warlock,destruction,66,38,28
Necrolock,tarren-mill,1263,warlock,destruction,47,23,24
Гангстахохо,soulflayer,1263,warlock,destruction,40,16,24
Regularbag,ravencrest,1261,warlock,destruction,30,15,15
Voiyane,silvermoon,1261,warlock,destruction,30,14,16
Sindown,the-maelstrom,1261,warlock,destruction,38,16,22
Хиёрис,eversong,1260,warlock,destruction,51,29,22
Дольпико,howling-fjord,1260,warlock,destruction,36,19,17
Symbiosis,kazzak,1260,warlock,destruction,102,50,52
Sylrathas,burning-legion,1259,warlock,destruction,81,43,38
Üserper,chamber-of-aspects,1259,warlock,destruction,143,64,79
Mefistto,drakthul,1258,warlock,destruction,24,14,10
Локкрис,blackscar,1258,warlock,destruction,86,45,41
Cleoputra,sylvanas,1258,warlock,destruction,30,15,15
Kriplock,twisting-nether,1257,warlock,destruction,53,21,32
Zuyox,silvermoon,1256,warlock,destruction,53,22,31
Blackjackk,tarren-mill,1256,warlock,destruction,72,27,45
Nicolino,doomhammer,1255,warlock,destruction,60,35,25
Вешка,azuregos,1254,warlock,destruction,21,14,7
Maveri,tarren-mill,1254,warlock,destruction,33,16,17
Untactful,tarren-mill,1253,warlock,destruction,53,31,22
Jobbymancer,twisting-nether,1252,warlock,destruction,42,25,17
Askanios,twisting-nether,1252,warlock,destruction,61,34,27
Dededimons,stormscale,1252,warlock,destruction,98,49,49
Ðestrucko,burning-legion,1251,warlock,destruction,59,24,35
Dubbzy,outland,1250,warlock,destruction,39,19,20
Oxsen,hyjal,1249,warlock,destruction,60,29,31
Kaakmasta,der-abyssische-rat,1248,warlock,destruction,18,13,5
Sêro,aegwynn,1248,warlock,destruction,18,13,5
Deflagrate,kazzak,1248,warlock,destruction,24,13,11
Dotg,blackrock,1247,warlock,destruction,24,13,11
Shiammetrý,kazzak,1247,warlock,destruction,24,13,11
Dobromír,kazzak,1247,warlock,destruction,24,13,11
Lokibra,antonidas,1247,warlock,destruction,90,42,48
Kresyda,dun-modr,1247,warlock,destruction,30,13,17
Datty,grim-batol,1246,warlock,destruction,18,13,5
Blazed,dentarg,1246,warlock,destruction,24,13,11
Osyx,ravencrest,1246,warlock,destruction,28,15,13
Hardnes,kazzak,1246,warlock,destruction,30,13,17
Shutdown,sylvanas,1245,warlock,destruction,48,29,19
Boltgodx,thrall,1245,warlock,destruction,24,13,11
Pherlet,sylvanas,1245,warlock,destruction,24,13,11
Withered,nagrand,1244,warlock,destruction,18,13,5
Krachol,emeriss,1244,warlock,destruction,24,13,11
Fidlesticks,ragnaros,1244,warlock,destruction,33,15,18
Shena,chogall,1244,warlock,destruction,30,13,17
Dreggsow,blackmoore,1243,warlock,destruction,18,13,5
Hannahowo,garona,1243,warlock,destruction,24,13,11
Aznel,nemesis,1242,warlock,destruction,25,14,11
Cajnik,sylvanas,1242,warlock,destruction,24,13,11
Filianore,azjolnerub,1242,warlock,destruction,61,28,33
Salouppio,archimonde,1242,warlock,destruction,30,13,17
Lacape,dalaran,1241,warlock,destruction,18,13,5
Cursecannon,outland,1241,warlock,destruction,18,13,5
Pyroplasmic,tarren-mill,1241,warlock,destruction,65,40,25
Wushi,aggra-português,1240,warlock,destruction,18,13,5
Анкхзул,howling-fjord,1240,warlock,destruction,24,13,11
Furchtnervt,thrall,1240,warlock,destruction,24,13,11
Drfóx,draenor,1240,warlock,destruction,41,16,25
Ragequit,xavius,1238,warlock,destruction,24,13,11
Mootay,drekthar,1237,warlock,destruction,24,13,11
Møärdötd,aggra-português,1236,warlock,destruction,18,13,5
Annihilatîon,aegwynn,1235,warlock,destruction,24,13,11
Thorenss,medivh,1235,warlock,destruction,78,38,40
Ez,frostmane,1233,warlock,destruction,18,13,5
Dotys,sanguino,1233,warlock,destruction,18,13,5
Seymor,amanthul,1233,warlock,destruction,42,20,22
Zhoxx,outland,1233,warlock,destruction,30,13,17
Drillingsdad,dun-morogh,1233,warlock,destruction,47,20,27
Wildo,grim-batol,1232,warlock,destruction,42,24,18
Crysy,confrérie-du-thorium,1232,warlock,destruction,30,13,17
Niszoght,dun-modr,1231,warlock,destruction,83,51,32
Инсип,blackscar,1230,warlock,destruction,24,14,10
Левсекси,eversong,1230,warlock,destruction,27,14,13
Mumbay,ragnaros,1229,warlock,destruction,35,17,18
Keibo,drakthul,1228,warlock,destruction,30,13,17
Rottend,aggra-português,1228,warlock,destruction,81,35,46
Wolferand,argent-dawn,1228,warlock,destruction,42,17,25
Stunspectoo,turalyon,1227,warlock,destruction,30,20,10
Trollgubbe,twilights-hammer,1225,warlock,destruction,18,13,5
Байронет,gordunni,1225,warlock,destruction,30,13,17
Гулдас,thermaplugg,1221,warlock,destruction,42,21,21
Diseased,darksorrow,1219,warlock,destruction,96,57,39
Chickoz,eredar,1219,warlock,destruction,103,54,49
Babayagâ,sanguino,1218,warlock,destruction,24,14,10
Westfaliu,blackhand,1217,warlock,destruction,66,24,42
Borrìs,blackhand,1216,warlock,destruction,160,83,77
Yumala,frostmourne,1216,warlock,destruction,30,15,15
Oldemoilépti,hyjal,1216,warlock,destruction,30,14,16
Gigoberto,kazzak,1214,warlock,destruction,23,13,10
Vâgg,blackmoore,1214,warlock,destruction,36,13,23
Эктос,soulflayer,1213,warlock,destruction,18,13,5
Puiia,draenor,1212,warlock,destruction,33,20,13
Artyrus,burning-legion,1212,warlock,destruction,96,49,47
Guntok,tarren-mill,1211,warlock,destruction,37,22,15
Senaida,sylvanas,1211,warlock,destruction,70,40,30
Ganesha,sanguino,1210,warlock,destruction,35,16,19
Vulgrim,kirin-tor,1208,warlock,destruction,57,27,30
Kneereap,antonidas,1207,warlock,destruction,33,19,14
Oxypvp,ravencrest,1207,warlock,destruction,51,19,32
Fredysimo,silvermoon,1206,warlock,destruction,18,13,5
Oloki,kazzak,1206,warlock,destruction,68,34,34
Sargal,sylvanas,1206,warlock,destruction,30,13,17
Àsh,dun-modr,1206,warlock,destruction,35,14,21
Keilahkang,aerie-peak,1206,warlock,destruction,42,13,29
Lokko,nemesis,1205,warlock,destruction,42,23,19
Xhartus,argent-dawn,1205,warlock,destruction,30,13,17
Valkiá,earthen-ring,1203,warlock,destruction,42,20,22
Ayóó,doomhammer,1202,warlock,destruction,107,58,49
Pekkoperkele,ravenholdt,1202,warlock,destruction,66,29,37
Aurelíá,ravencrest,1201,warlock,destruction,29,13,16
Sicktir,aerie-peak,1200,warlock,destruction,46,22,24
Hyphonos,blackmoore,1199,warlock,destruction,26,14,12
Íntikam,blackrock,1198,warlock,destruction,30,15,15
Bloodyknight,draenor,1197,warlock,destruction,36,24,12
Присесть,razuvious,1196,warlock,destruction,45,23,22
Zenondoros,arthas,1195,warlock,destruction,21,13,8
Lomis,wrathbringer,1194,warlock,destruction,43,19,24
Maxxilla,twisting-nether,1191,warlock,destruction,185,90,95
Grumrah,argent-dawn,1191,warlock,destruction,48,18,30
Emoriy,blackmoore,1190,warlock,destruction,64,34,30
Plague,twisting-nether,1188,warlock,destruction,27,14,13
Binkybabes,outland,1188,warlock,destruction,57,27,30
Neffy,sinstralis,1188,warlock,destruction,76,31,45
Tommies,die-nachtwache,1185,warlock,destruction,24,14,10
Neetlock,suramar,1185,warlock,destruction,30,14,16
Dominvs,silvermoon,1185,warlock,destruction,66,28,38
Idleglance,outland,1181,warlock,destruction,17,13,4
Nuckki,antonidas,1180,warlock,destruction,185,86,99
Чпокерша,deepholm,1180,warlock,destruction,35,15,20
Dotcha,ravencrest,1179,warlock,destruction,36,24,12
Insanely,kazzak,1179,warlock,destruction,81,45,36
Kääk,sylvanas,1178,warlock,destruction,60,29,31
Kaeos,ravencrest,1176,warlock,destruction,24,15,9
Bèkshà,blackrock,1176,warlock,destruction,26,13,13
Тарналор,gordunni,1175,warlock,destruction,30,14,16
Lovrog,twisting-nether,1169,warlock,destruction,21,13,8
Yasa,khaz-modan,1161,warlock,destruction,35,13,22
Saereda,kazzak,1160,warlock,destruction,42,20,22
Kritcheq,alakir,1156,warlock,destruction,98,48,50
Modzal,kazzak,1155,warlock,destruction,24,13,11
Noskillfox,outland,1152,warlock,destruction,18,12,6
Syntax,blackmoore,1152,warlock,destruction,18,12,6
Youngtyrant,blackrock,1152,warlock,destruction,18,12,6
Dotjürgen,blackrock,1152,warlock,destruction,18,12,6
Feemers,thrall,1152,warlock,destruction,18,12,6
Hulagirl,ravencrest,1152,warlock,destruction,18,12,6
Ekàti,ravencrest,1152,warlock,destruction,24,12,12
Bionic,eredar,1152,warlock,destruction,24,12,12
Ðotbot,grim-batol,1152,warlock,destruction,24,12,12
Teiser,nemesis,1152,warlock,destruction,24,12,12
Purplemafia,burning-blade,1152,warlock,destruction,24,12,12
Консидёро,gordunni,1152,warlock,destruction,30,12,18
Вайнпрессх,gordunni,1152,warlock,destruction,30,12,18
Leman,sylvanas,1151,warlock,destruction,18,12,6
Cloud,kazzak,1151,warlock,destruction,18,12,6
Элси,howling-fjord,1151,warlock,destruction,18,12,6
Hasselbalch,azshara,1151,warlock,destruction,18,12,6
Jkz,blackrock,1151,warlock,destruction,21,13,8
Wspolnax,ravencrest,1151,warlock,destruction,24,12,12
Wìtçhßlåðes,ysondre,1151,warlock,destruction,24,12,12
Nightìngale,silvermoon,1151,warlock,destruction,24,12,12
Estefanía,tarren-mill,1150,warlock,destruction,18,12,6
Kikaikek,stormscale,1150,warlock,destruction,18,12,6
Монтадон,howling-fjord,1150,warlock,destruction,18,12,6
Zenii,nemesis,1150,warlock,destruction,18,12,6
Shazem,tarren-mill,1150,warlock,destruction,18,12,6
Tastemyzbay,hyjal,1150,warlock,destruction,24,12,12
Warlockxx,ravencrest,1150,warlock,destruction,24,12,12
Scadar,kazzak,1149,warlock,destruction,18,12,6
Steelock,kazzak,1149,warlock,destruction,21,13,8
Felgød,ravencrest,1149,warlock,destruction,24,12,12
Boohyakka,tarren-mill,1149,warlock,destruction,24,12,12
Thigh,burning-legion,1149,warlock,destruction,24,12,12
Irwene,argent-dawn,1149,warlock,destruction,24,12,12
Gravedîgger,aggra-português,1149,warlock,destruction,24,12,12
Joopz,ravencrest,1147,warlock,destruction,28,17,11
Felhaen,silvermoon,1147,warlock,destruction,24,12,12
Chapo,alleria,1147,warlock,destruction,24,12,12
Sædotern,stormscale,1147,warlock,destruction,24,12,12
Dispelpls,dun-morogh,1147,warlock,destruction,24,12,12
Flumez,stormscale,1146,warlock,destruction,12,12,0
Favorizlmp,archimonde,1146,warlock,destruction,24,12,12
Solomohn,steamwheedle-cartel,1145,warlock,destruction,18,13,5
Postymalony,kazzak,1145,warlock,destruction,18,12,6
Sippe,laughing-skull,1145,warlock,destruction,24,12,12
Ezdotggwp,stormscale,1145,warlock,destruction,24,12,12
Puujäbäxd,stormscale,1145,warlock,destruction,30,12,18
Murishani,durotan,1144,warlock,destruction,18,12,6
Jinxzed,frostwhisper,1143,warlock,destruction,18,12,6
Smileyfacè,silvermoon,1143,warlock,destruction,42,12,30
Cárloz,aegwynn,1142,warlock,destruction,18,12,6
Зажиженный,soulflayer,1142,warlock,destruction,21,12,9
Воттоваара,azuregos,1142,warlock,destruction,24,12,12
Hurn,thunderhorn,1141,warlock,destruction,36,19,17
Хубаскис,soulflayer,1141,warlock,destruction,24,12,12
Xanth,eldrethalas,1141,warlock,destruction,30,13,17
Hymirr,arathor,1140,warlock,destruction,31,12,19
Ltany,drakthul,1139,warlock,destruction,18,12,6
Trivalis,frostwolf,1139,warlock,destruction,24,12,12
Вериберри,gordunni,1139,warlock,destruction,24,12,12
Parley,frostmane,1138,warlock,destruction,30,12,18
Soldmygranny,kazzak,1137,warlock,destruction,21,13,8
Halacska,arathor,1137,warlock,destruction,24,12,12
Скул,soulflayer,1137,warlock,destruction,30,12,18
Kamehamehaa,stormscale,1136,warlock,destruction,18,12,6
Féar,doomhammer,1136,warlock,destruction,24,12,12
Mystereo,bloodscalp,1135,warlock,destruction,18,12,6
Rampelnicka,burning-blade,1135,warlock,destruction,24,12,12
Arkatraz,blackhand,1133,warlock,destruction,48,21,27
Mîtskî,argent-dawn,1132,warlock,destruction,38,17,21
Harrykan,blackrock,1130,warlock,destruction,18,12,6
Boltgodx,blackrock,1130,warlock,destruction,30,15,15
Toffifae,argent-dawn,1129,warlock,destruction,18,12,6
Fiendy,tarren-mill,1129,warlock,destruction,24,12,12
Panicbolt,ravencrest,1129,warlock,destruction,24,12,12
Ainzlok,tarren-mill,1126,warlock,destruction,30,18,12
Whiskeycola,blackmoore,1124,warlock,destruction,18,12,6
Стейн,soulflayer,1123,warlock,destruction,39,15,24
Marann,dun-morogh,1122,warlock,destruction,38,25,13
Darkà,rexxar,1121,warlock,destruction,24,13,11
Soultwist,twisting-nether,1120,warlock,destruction,30,12,18
Shagrab,nemesis,1119,warlock,destruction,33,17,16
Paranoid,sylvanas,1119,warlock,destruction,24,12,12
Fiddlock,draenor,1117,warlock,destruction,22,13,9
Amon,suramar,1116,warlock,destruction,49,27,22
Бутабой,soulflayer,1114,warlock,destruction,33,16,17
Lánfeár,draenor,1114,warlock,destruction,29,12,17
Yhwäch,archimonde,1114,warlock,destruction,30,12,18
Omnigul,grim-batol,1110,warlock,destruction,80,39,41
Shadowbolt,outland,1104,warlock,destruction,27,12,15
Salvatoriy,outland,1103,warlock,destruction,23,12,11
Règis,antonidas,1102,warlock,destruction,21,13,8
Schöp,der-rat-von-dalaran,1101,warlock,destruction,34,16,18
Orisess,bronze-dragonflight,1094,warlock,destruction,119,63,56
Fromfuneral,anetheron,1093,warlock,destruction,107,60,47
Ragïa,archimonde,1092,warlock,destruction,18,13,5
Cozyboi,thrall,1091,warlock,destruction,165,82,83
Dollmak,hyjal,1088,warlock,destruction,63,32,31
Batráz,tarren-mill,1088,warlock,destruction,84,35,49
Слававдвх,blackscar,1087,warlock,destruction,24,17,7
Öyo,outland,1087,warlock,destruction,144,70,74
Уставок,soulflayer,1087,warlock,destruction,42,20,22
Korne,nemesis,1087,warlock,destruction,54,16,38
Buserella,eredar,1085,warlock,destruction,30,12,18
Atruruz,antonidas,1084,warlock,destruction,65,32,33
Naniika,blackmoore,1083,warlock,destruction,42,28,14
Vendømlørd,archimonde,1083,warlock,destruction,36,12,24
Бигтедок,gordunni,1079,warlock,destruction,164,83,81
Ruul,sanguino,1079,warlock,destruction,50,20,30
Tchytcha,archimonde,1078,warlock,destruction,30,17,13
Pff,emeriss,1074,warlock,destruction,41,22,19
Jinckslock,anachronos,1072,warlock,destruction,13,12,1
Wuhdun,burning-legion,1072,warlock,destruction,29,12,17
Thicklock,twisting-nether,1071,warlock,destruction,24,12,12
Whitebanshee,turalyon,1069,warlock,destruction,36,21,15
Riitaall,khaz-modan,1069,warlock,destruction,72,28,44
Jimbrown,eredar,1066,warlock,destruction,22,12,10
Condalini,runetotem,1060,warlock,destruction,30,17,13
Babidí,blackmoore,1058,warlock,destruction,18,12,6
Äbsalom,hyjal,1057,warlock,destruction,128,69,59
Ahuicommem,hyjal,1056,warlock,destruction,12,11,1
Hexiønløck,archimonde,1056,warlock,destruction,12,11,1
Charmine,tarren-mill,1056,warlock,destruction,19,12,7
Tessalizz,aegwynn,1056,warlock,destruction,18,11,7
Oarz,blackrock,1056,warlock,destruction,18,11,7
Catchlock,tarren-mill,1056,warlock,destruction,18,11,7
Kankbae,stormscale,1056,warlock,destruction,18,11,7
Flayør,ravencrest,1056,warlock,destruction,18,11,7
Fjutta,outland,1056,warlock,destruction,18,11,7
Rénna,twisting-nether,1056,warlock,destruction,18,11,7
Sizexl,silvermoon,1056,warlock,destruction,18,11,7
Незерлок,soulflayer,1056,warlock,destruction,18,11,7
Frèija,ravencrest,1056,warlock,destruction,18,11,7
Кремация,blackscar,1056,warlock,destruction,18,11,7
Teemzen,tarren-mill,1056,warlock,destruction,24,11,13
Hædês,antonidas,1056,warlock,destruction,24,11,13
Rüjï,sanguino,1056,warlock,destruction,54,19,35
Halfwai,ravencrest,1055,warlock,destruction,12,11,1
Resterx,blackhand,1055,warlock,destruction,12,11,1
Minicielle,ravencrest,1055,warlock,destruction,18,11,7
Raknoxyeyeye,blackrock,1055,warlock,destruction,18,11,7
Веберх,howling-fjord,1055,warlock,destruction,18,11,7
Cräwley,ragnaros,1055,warlock,destruction,18,11,7
Лешабетон,gordunni,1055,warlock,destruction,18,11,7
Straydots,grim-batol,1055,warlock,destruction,18,11,7
Collectiòn,kazzak,1055,warlock,destruction,18,11,7
Razzalock,eredar,1055,warlock,destruction,18,11,7
Царьдарк,soulflayer,1055,warlock,destruction,24,11,13
Dalyvan,blackrock,1055,warlock,destruction,24,11,13
Kieman,tarren-mill,1055,warlock,destruction,30,11,19
Ronniee,moonglade,1054,warlock,destruction,18,11,7
Sfwicked,tarren-mill,1054,warlock,destruction,18,11,7
Archí,twisting-nether,1054,warlock,destruction,18,11,7
Jørdanna,blackrock,1054,warlock,destruction,18,11,7
Sleive,ravencrest,1054,warlock,destruction,18,11,7
Highimhi,kazzak,1054,warlock,destruction,18,11,7
Коломо,soulflayer,1054,warlock,destruction,18,11,7
Onyw,onyxia,1054,warlock,destruction,18,11,7
Finlock,kult-der-verdammten,1054,warlock,destruction,21,12,9
Mentalx,outland,1054,warlock,destruction,24,11,13
Xydar,stormscale,1054,warlock,destruction,30,12,18
Shblakk,outland,1053,warlock,destruction,18,11,7
Asreaël,uldum,1053,warlock,destruction,18,11,7
Trickslock,kazzak,1053,warlock,destruction,18,11,7
Shadowthrone,ragnaros,1053,warlock,destruction,24,11,13
Yenex,blackhand,1053,warlock,destruction,32,14,18
Костикк,howling-fjord,1052,warlock,destruction,18,11,7
Jasdemonly,stormscale,1052,warlock,destruction,24,11,13
Harrydóttár,draenor,1052,warlock,destruction,24,11,13
Бигбрейн,soulflayer,1051,warlock,destruction,18,11,7
Hejhana,drakthul,1051,warlock,destruction,102,39,63
Katâra,tarren-mill,1051,warlock,destruction,30,11,19
Peterpaîn,blackmoore,1050,warlock,destruction,22,14,8
Willibolt,blackhand,1050,warlock,destruction,24,11,13
Gâlvâtorix,frostmourne,1050,warlock,destruction,58,26,32
Whine,uldum,1050,warlock,destruction,54,24,30
Gåylørd,ravencrest,1050,warlock,destruction,30,11,19
Setta,argent-dawn,1050,warlock,destruction,36,11,25
Bangbrös,stormscale,1049,warlock,destruction,18,11,7
Jynni,blackhand,1048,warlock,destruction,18,11,7
Margincalled,kazzak,1048,warlock,destruction,24,11,13
Rylewl,draenor,1048,warlock,destruction,30,11,19
Yénnéfér,ravencrest,1046,warlock,destruction,33,11,22
Diavoletta,pozzo-delleternità,1046,warlock,destruction,42,11,31
Surfot,kazzak,1041,warlock,destruction,30,11,19
Raggnarlock,ravencrest,1035,warlock,destruction,30,11,19
Heximexi,malganis,1029,warlock,destruction,24,11,13
Àtreyù,daggerspine,1029,warlock,destruction,98,40,58
Profylaxis,arathor,1028,warlock,destruction,24,11,13
Sitosa,todeswache,1027,warlock,destruction,18,11,7
Demonoulis,bloodhoof,1026,warlock,destruction,18,11,7
Flisiakm,exodar,1026,warlock,destruction,42,25,17
Woudstok,ysondre,1026,warlock,destruction,23,12,11
Ileeo,kazzak,1024,warlock,destruction,54,28,26
Nava,stormscale,1024,warlock,destruction,28,12,16
Vinilio,kazzak,1019,warlock,destruction,56,21,35
Avati,sargeras,1018,warlock,destruction,30,14,16
Klasikas,kazzak,1016,warlock,destruction,27,12,15
Tarot,terokkar,1015,warlock,destruction,24,11,13
Kharzug,alakir,1015,warlock,destruction,27,12,15
Orcboltz,tarren-mill,1014,warlock,destruction,42,18,24
Zardøx,khaz-modan,1009,warlock,destruction,18,12,6
Gødprotøtýpe,ragnaros,1008,warlock,destruction,25,13,12
Ðæthpäct,dalaran,1007,warlock,destruction,23,11,12
Satyrilian,tarren-mill,1006,warlock,destruction,17,11,6
Bossmanluke,defias-brotherhood,1006,warlock,destruction,17,11,6
Esthrella,thrall,1006,warlock,destruction,25,14,11
Jaqqy,blackmoore,1005,warlock,destruction,18,12,6
Ванфирмен,gordunni,1004,warlock,destruction,24,11,13
Tarhatar,tarren-mill,1003,warlock,destruction,23,11,12
Llilith,bronzebeard,1003,warlock,destruction,24,11,13
Babayagaa,drakthul,1002,warlock,destruction,26,11,15
Baskakov,zuljin,1001,warlock,destruction,21,11,10
Iltharian,die-todeskrallen,1000,warlock,destruction,17,11,6
Loveløck,blackrock,991,warlock,destruction,29,11,18
Petrosk,sanguino,990,warlock,destruction,24,11,13
Rasputia,thunderhorn,989,warlock,destruction,22,12,10
Yudy,burning-legion,987,warlock,destruction,20,11,9
Lynchéd,argent-dawn,986,warlock,destruction,17,11,6
Fathernurgle,hellfire,985,warlock,destruction,87,45,42
Llilithh,draenor,983,warlock,destruction,16,11,5
Шайтанарба,blackscar,977,warlock,destruction,42,17,25
Шейп,fordragon,977,warlock,destruction,36,11,25
Scrabblee,dun-morogh,976,warlock,destruction,30,11,19
Thorins,sinstralis,972,warlock,destruction,30,12,18
Troyana,chants-éternels,967,warlock,destruction,74,39,35
Demox,arathor,962,warlock,destruction,26,11,15
Hopéléss,aggra-português,960,warlock,destruction,12,10,2
Joinx,tarren-mill,960,warlock,destruction,12,10,2
Garb,stormreaver,960,warlock,destruction,12,10,2
Graystache,blackhand,960,warlock,destruction,12,10,2
Nefariousz,bloodfeather,960,warlock,destruction,12,10,2
Kozaras,tarren-mill,960,warlock,destruction,12,10,2
Stecksen,blackmoore,960,warlock,destruction,12,10,2
Flxzshort,kazzak,960,warlock,destruction,12,10,2
Aritrosyo,ravencrest,960,warlock,destruction,12,10,2
Ñia,ravencrest,960,warlock,destruction,12,10,2
Sakkrethxd,hyjal,960,warlock,destruction,12,10,2
Måracujå,kazzak,960,warlock,destruction,12,10,2
Slomg,sylvanas,960,warlock,destruction,12,10,2
Korialstraz,sylvanas,960,warlock,destruction,12,10,2
Nerfmeplz,archimonde,960,warlock,destruction,12,10,2
Harefrøken,ravencrest,960,warlock,destruction,12,10,2
Isco,ysondre,960,warlock,destruction,12,10,2
Jamuhlee,der-abyssische-rat,960,warlock,destruction,12,10,2
Giñtama,ravencrest,960,warlock,destruction,12,10,2
Destrolockz,tarren-mill,960,warlock,destruction,16,11,5
Imissbfa,stormscale,960,warlock,destruction,16,11,5
Gödisdëäd,sanguino,960,warlock,destruction,18,10,8
Toutanpapier,ysondre,960,warlock,destruction,18,10,8
Lìmè,silvermoon,960,warlock,destruction,18,10,8
Gutrass,ragnaros,960,warlock,destruction,18,10,8
Turdy,sylvanas,960,warlock,destruction,18,10,8
Adoxilock,twisting-nether,960,warlock,destruction,18,10,8
Irukandji,chants-éternels,960,warlock,destruction,18,10,8
Abuu,ravencrest,960,warlock,destruction,18,10,8
Lillemarkus,tarren-mill,960,warlock,destruction,18,10,8
Penorr,silvermoon,960,warlock,destruction,18,10,8
Golansobolt,sanguino,960,warlock,destruction,18,10,8
Trickytée,tarren-mill,960,warlock,destruction,18,10,8
Ммоохх,gordunni,960,warlock,destruction,18,10,8
Chaotick,burning-legion,960,warlock,destruction,18,10,8
Britneÿ,stormscale,960,warlock,destruction,18,10,8
Meepx,nordrassil,960,warlock,destruction,18,10,8
Mirenli,kazzak,960,warlock,destruction,18,10,8
Anyfears,outland,960,warlock,destruction,18,10,8
Dst,ravencrest,960,warlock,destruction,18,10,8
Kyiüû,archimonde,960,warlock,destruction,22,12,10
Flatulenzus,blackrock,960,warlock,destruction,24,10,14
Pämppää,stormscale,960,warlock,destruction,24,10,14
Ammilock,aszune,959,warlock,destruction,12,10,2
Zízýéró,sylvanas,959,warlock,destruction,12,10,2
Cringelord,vashj,959,warlock,destruction,12,10,2
Demonqueens,kazzak,959,warlock,destruction,12,10,2
Dpsforehead,draenor,959,warlock,destruction,13,10,3
Kekbólt,twisting-nether,959,warlock,destruction,18,10,8
Shayexen,tarren-mill,959,warlock,destruction,18,10,8
Balatonsound,ragnaros,959,warlock,destruction,18,10,8
Dotáhoe,twisting-nether,959,warlock,destruction,18,10,8
Vät,kirin-tor,959,warlock,destruction,18,10,8
Raddikal,archimonde,959,warlock,destruction,18,10,8
Dübêl,gorgonnash,959,warlock,destruction,18,10,8
Deathpoid,draenor,959,warlock,destruction,18,10,8
Storloz,argent-dawn,959,warlock,destruction,18,10,8
Vactor,stormscale,959,warlock,destruction,18,10,8
Positivitywl,stormscale,959,warlock,destruction,18,10,8
Pushedover,outland,959,warlock,destruction,21,11,10
Vexsir,kazzak,959,warlock,destruction,21,11,10
Колмидедди,gordunni,959,warlock,destruction,24,10,14
Chaosborn,ravencrest,959,warlock,destruction,24,10,14
Adipure,blackrock,959,warlock,destruction,24,10,14
Slâyâ,blackrock,958,warlock,destruction,12,10,2
Shadaw,kilrogg,958,warlock,destruction,12,10,2
Danzil,silvermoon,958,warlock,destruction,18,10,8
Vanmorgoth,nazjatar,958,warlock,destruction,18,10,8
Numidia,tarren-mill,958,warlock,destruction,18,10,8
Kwei,nemesis,958,warlock,destruction,18,10,8
Banette,sylvanas,958,warlock,destruction,18,10,8
Revhy,ravencrest,958,warlock,destruction,18,10,8
Narzisså,dalaran,958,warlock,destruction,18,10,8
Адво,howling-fjord,958,warlock,destruction,18,10,8
Релента,gordunni,958,warlock,destruction,18,10,8
Ottu,thrall,958,warlock,destruction,18,10,8
Drainurlife,zenedar,958,warlock,destruction,18,10,8
Phît,kilrogg,958,warlock,destruction,18,10,8
Kenybalajze,the-maelstrom,958,warlock,destruction,18,10,8
Cryks,blackmoore,958,warlock,destruction,21,11,10
Dèv,draenor,958,warlock,destruction,24,10,14
Zorlon,frostmane,957,warlock,destruction,12,10,2
Baloc,kirin-tor,957,warlock,destruction,18,10,8
Hexdoc,alakir,957,warlock,destruction,18,10,8
Klimsonxd,burning-legion,957,warlock,destruction,18,10,8
Schmexer,blutkessel,957,warlock,destruction,18,10,8
Nimmyjewtron,tarren-mill,957,warlock,destruction,18,10,8
Inhúman,kazzak,957,warlock,destruction,18,10,8
Allêgrâ,blackrock,957,warlock,destruction,20,10,10
Whippet,nemesis,956,warlock,destruction,12,10,2
Adriankolock,sylvanas,956,warlock,destruction,13,10,3
Ромаколдун,howling-fjord,956,warlock,destruction,24,10,14
Lisànna,nemesis,956,warlock,destruction,24,10,14
Narstia,archimonde,956,warlock,destruction,27,10,17
Absurdd,turalyon,955,warlock,destruction,16,11,5
Darklobos,aggra-português,955,warlock,destruction,18,10,8
Банкапевка,howling-fjord,955,warlock,destruction,24,10,14
Thranerm,ravencrest,955,warlock,destruction,24,10,14
Nexpoze,drakthul,955,warlock,destruction,24,10,14
Chlöê,hyjal,954,warlock,destruction,18,10,8
Izhi,ragnaros,954,warlock,destruction,21,10,11
Phántom,frostmane,954,warlock,destruction,24,10,14
Sehere,ragnaros,953,warlock,destruction,18,10,8
Gerart,tarren-mill,953,warlock,destruction,18,10,8
Devoto,stormscale,953,warlock,destruction,28,11,17
Scandalfogel,frostmane,952,warlock,destruction,18,10,8
Millhaus,gorgonnash,952,warlock,destruction,18,10,8
Fearhändig,aegwynn,952,warlock,destruction,24,10,14
Tzimice,hyjal,952,warlock,destruction,24,10,14
Aftxrlife,arathor,951,warlock,destruction,16,11,5
Skitless,blackmoore,951,warlock,destruction,24,10,14
Zow,dun-modr,950,warlock,destruction,24,10,14
Drthc,kazzak,949,warlock,destruction,18,10,8
Synnox,blackrock,949,warlock,destruction,24,11,13
Eisenkiefer,thrall,949,warlock,destruction,79,28,51
Fbomber,ravencrest,948,warlock,destruction,12,10,2
Rikkai,anubarak,948,warlock,destruction,18,10,8
Nirây,thrall,945,warlock,destruction,37,10,27
Vraduk,malygos,944,warlock,destruction,20,11,9
Крутизол,fordragon,944,warlock,destruction,25,11,14
Dakc,kazzak,941,warlock,destruction,24,10,14
Johntrabolta,chogall,937,warlock,destruction,26,13,13
Äzarel,khaz-modan,933,warlock,destruction,12,10,2
Снчч,soulflayer,933,warlock,destruction,23,10,13
Silkgates,kazzak,933,warlock,destruction,29,10,19
Demowlition,archimonde,931,warlock,destruction,42,14,28
Britneyfear,aegwynn,927,warlock,destruction,14,11,3
Racursed,outland,927,warlock,destruction,16,10,6
Архидрако,gordunni,925,warlock,destruction,44,17,27
Wizdoom,outland,924,warlock,destruction,22,11,11
Hêxêr,terrordar,923,warlock,destruction,18,10,8
Arlu,blackrock,920,warlock,destruction,58,28,30
Smithlock,blackrock,912,warlock,destruction,21,11,10
Фламмэнх,soulflayer,911,warlock,destruction,23,10,13
Cruckz,nathrezim,910,warlock,destruction,15,10,5
Telaldrah,argent-dawn,906,warlock,destruction,17,10,7
Zøhaz,burning-legion,898,warlock,destruction,66,26,40
Delen,ravencrest,896,warlock,destruction,22,10,12
Чернокай,gordunni,895,warlock,destruction,16,10,6
Реалсамка,gordunni,895,warlock,destruction,17,10,7
Lyaru,blackrock,895,warlock,destruction,26,11,15
Gangleader,ravencrest,894,warlock,destruction,17,10,7
Würrzag,kazzak,894,warlock,destruction,17,10,7
Felcollins,sylvanas,892,warlock,destruction,20,10,10
Blâckmagíc,thrall,887,warlock,destruction,16,10,6
Narkstzhki,kazzak,866,warlock,destruction,20,11,9
Chaosboba,silvermoon,864,warlock,destruction,12,9,3
Trashxø,tarren-mill,864,warlock,destruction,12,9,3
Qwyncess,archimonde,864,warlock,destruction,12,9,3
Niiaa,archimonde,864,warlock,destruction,12,9,3
Boltmaster,burning-legion,864,warlock,destruction,12,9,3
Mêgasn,blackhand,864,warlock,destruction,12,9,3
Lcollector,outland,864,warlock,destruction,12,9,3
Bigdambolt,blackrock,864,warlock,destruction,12,9,3
Skippity,ravencrest,864,warlock,destruction,12,9,3
Menocast,archimonde,864,warlock,destruction,12,9,3
Zakazal,argent-dawn,864,warlock,destruction,12,9,3
Reizouka,twisting-nether,864,warlock,destruction,12,9,3
Projectlock,draenor,864,warlock,destruction,12,9,3
Osclo,ravencrest,864,warlock,destruction,12,9,3
Ahollic,frostwolf,864,warlock,destruction,12,9,3
Trimar,archimonde,864,warlock,destruction,12,9,3
Chàsx,archimonde,864,warlock,destruction,12,9,3
Ilbidello,nemesis,864,warlock,destruction,12,9,3
Peon,blackrock,864,warlock,destruction,12,9,3
Jackalabrute,dalaran,864,warlock,destruction,12,9,3
Mìzengard,eredar,864,warlock,destruction,12,9,3
Веномхх,lich-king,864,warlock,destruction,12,9,3
Elmáestro,aegwynn,864,warlock,destruction,12,9,3
Predlocktwo,twisting-nether,864,warlock,destruction,12,9,3
Vamanos,stormscale,864,warlock,destruction,12,9,3
Dualipa,arathor,864,warlock,destruction,12,9,3
Ðreaðlock,stormscale,864,warlock,destruction,12,9,3
Darkwíngduck,aegwynn,864,warlock,destruction,12,9,3
Beltazhor,kazzak,864,warlock,destruction,16,10,6
Demonbot,kazzak,864,warlock,destruction,15,9,6
Aggressivé,twisting-nether,864,warlock,destruction,17,9,8
Köftemec,blackrock,864,warlock,destruction,18,9,9
Ashh,ravencrest,864,warlock,destruction,18,9,9
Joleptem,outland,864,warlock,destruction,18,9,9
Southylolz,stormscale,864,warlock,destruction,18,9,9
Gulzot,turalyon,864,warlock,destruction,18,9,9
Gremmus,outland,864,warlock,destruction,18,9,9
Fearfearfear,blackhand,864,warlock,destruction,18,9,9
Phicon,silvermoon,863,warlock,destruction,12,9,3
Fearpuss,dun-modr,863,warlock,destruction,12,9,3
Narzok,kazzak,863,warlock,destruction,12,9,3
Locque,kazzak,863,warlock,destruction,12,9,3
Elissa,skullcrusher,863,warlock,destruction,12,9,3
Psykokwette,kirin-tor,863,warlock,destruction,12,9,3
Zelyx,archimonde,863,warlock,destruction,12,9,3
Voukserys,tarren-mill,863,warlock,destruction,12,9,3
Disgraced,stormscale,863,warlock,destruction,12,9,3
Mawdogger,ravencrest,863,warlock,destruction,12,9,3
Bergerac,archimonde,863,warlock,destruction,12,9,3
Höglund,twisting-nether,863,warlock,destruction,12,9,3
Elerodril,ysondre,863,warlock,destruction,12,9,3
Demonslayer,khaz-modan,863,warlock,destruction,12,9,3
Sarajaylock,kazzak,863,warlock,destruction,18,9,9
Mjuklock,ravencrest,863,warlock,destruction,18,9,9
Andrealphus,outland,863,warlock,destruction,18,9,9
Burningdemon,kazzak,863,warlock,destruction,18,9,9
Тарои,howling-fjord,863,warlock,destruction,18,9,9
Nazrõth,stormscale,863,warlock,destruction,18,9,9
Nobodyknows,outland,863,warlock,destruction,18,9,9
Moardotts,ravencrest,863,warlock,destruction,19,9,10
Uezzalock,nemesis,863,warlock,destruction,24,9,15
Meningitis,tyrande,863,warlock,destruction,24,9,15
Getfeared,draenor,863,warlock,destruction,24,9,15
Bíggun,outland,862,warlock,destruction,12,9,3
Lanmarieberg,stormscale,862,warlock,destruction,12,9,3
Krastey,malfurion,862,warlock,destruction,12,9,3
Miltuast,blackrock,862,warlock,destruction,12,9,3
Biihz,ysondre,862,warlock,destruction,12,9,3
Otemlock,sanguino,862,warlock,destruction,18,9,9
Deamions,ravencrest,862,warlock,destruction,18,9,9
Voidllynx,sylvanas,862,warlock,destruction,18,9,9
Wormies,doomhammer,862,warlock,destruction,18,9,9
Girldoom,silvermoon,862,warlock,destruction,24,9,15
Grol,terokkar,861,warlock,destruction,18,11,7
Darkremorsez,alakir,861,warlock,destruction,24,9,15
Xeró,quelthalas,860,warlock,destruction,12,9,3
Pederlock,defias-brotherhood,860,warlock,destruction,30,9,21
Глянемче,deathguard,859,warlock,destruction,18,9,9
Acohab,draenor,859,warlock,destruction,18,9,9
Adafbhf,tichondrius,859,warlock,destruction,18,9,9
Zakuri,blackmoore,859,warlock,destruction,18,9,9
Mÿxin,blackhand,859,warlock,destruction,24,9,15
Лобарык,soulflayer,859,warlock,destruction,24,9,15
Schluépfêr,blackrock,858,warlock,destruction,18,9,9
Rafael,stormscale,856,warlock,destruction,25,9,16
Castingsmth,draenor,855,warlock,destruction,15,11,4
Skybert,sunstrider,854,warlock,destruction,12,9,3
Fearmex,turalyon,854,warlock,destruction,18,9,9
Müdür,burning-legion,854,warlock,destruction,18,9,9
Ternisia,draenor,846,warlock,destruction,20,10,10
Oddchap,magtheridon,846,warlock,destruction,77,32,45
Tid,burning-legion,830,warlock,destruction,17,9,8
Lorelèi,silvermoon,829,warlock,destruction,14,10,4
Lokelicious,ragnaros,829,warlock,destruction,23,9,14
Dÿf,kazzak,828,warlock,destruction,16,9,7
Армдэд,galakrond,826,warlock,destruction,29,9,20
Bribon,sanguino,825,warlock,destruction,35,9,26
Zengrow,ravencrest,815,warlock,destruction,15,10,5
Ðiavel,kazzak,815,warlock,destruction,17,9,8
Indynamo,blackrock,815,warlock,destruction,17,9,8
Shakuroz,frostwolf,815,warlock,destruction,27,10,17
Merloc,magtheridon,801,warlock,destruction,20,10,10
Slerpmami,ragnaros,799,warlock,destruction,14,10,4
Aelvur,tarren-mill,799,warlock,destruction,20,9,11
Sacmaboltz,kazzak,797,warlock,destruction,22,9,13
Sladurana,eredar,785,warlock,destruction,37,15,22
Infernion,stormscale,768,warlock,destruction,10,9,1
Côr,twisting-nether,768,warlock,destruction,12,8,4
Nephystø,archimonde,768,warlock,destruction,12,8,4
Gravewatcher,twisting-nether,768,warlock,destruction,12,8,4
Vezmollo,stormscale,768,warlock,destruction,12,8,4
Nodavé,stormscale,768,warlock,destruction,12,8,4
Crunel,ragnaros,768,warlock,destruction,12,8,4
Wårlørd,ragnaros,768,warlock,destruction,12,8,4
Overbuffed,wildhammer,768,warlock,destruction,12,8,4
Hydock,twisting-nether,768,warlock,destruction,12,8,4
Aket,kazzak,768,warlock,destruction,12,8,4
Zwockeý,ravencrest,768,warlock,destruction,12,8,4
Nasalies,grim-batol,768,warlock,destruction,12,8,4
Trembly,alakir,768,warlock,destruction,12,8,4
Muyutrix,eredar,768,warlock,destruction,12,8,4
Doublebolt,the-maelstrom,768,warlock,destruction,12,8,4
Psychoduck,stormscale,768,warlock,destruction,12,8,4
Sebikqt,ravencrest,768,warlock,destruction,12,8,4
Gebkan,hyjal,768,warlock,destruction,12,8,4
Файрусх,soulflayer,768,warlock,destruction,12,8,4
Tharaya,ravencrest,768,warlock,destruction,12,8,4
Benafflock,veknilash,768,warlock,destruction,12,8,4
Fogboi,tarren-mill,768,warlock,destruction,12,8,4
Topmidbusta,draenor,768,warlock,destruction,12,8,4
Sniffy,stormreaver,768,warlock,destruction,12,8,4
Firecast,kazzak,768,warlock,destruction,12,8,4
Ogiez,draenor,768,warlock,destruction,12,8,4
Острогриф,gordunni,768,warlock,destruction,12,8,4
Gambos,kazzak,768,warlock,destruction,12,8,4
Phobilock,guldan,768,warlock,destruction,12,8,4
Detoxa,outland,768,warlock,destruction,12,8,4
Psychofear,kazzak,768,warlock,destruction,12,8,4
Dmonlock,hyjal,768,warlock,destruction,12,8,4
Dbwl,kazzak,768,warlock,destruction,12,8,4
Rikuu,ravencrest,768,warlock,destruction,12,8,4
Maenas,ravencrest,768,warlock,destruction,12,8,4
Миражлок,gordunni,768,warlock,destruction,12,8,4
Антетак,soulflayer,768,warlock,destruction,12,8,4
Bigpoodleman,twisting-nether,768,warlock,destruction,12,8,4
Dadylock,silvermoon,768,warlock,destruction,12,8,4
Namarin,die-aldor,768,warlock,destruction,12,8,4
Dejin,tarren-mill,768,warlock,destruction,12,8,4
Emolord,ravencrest,768,warlock,destruction,12,8,4
Miniparanoik,silvermoon,768,warlock,destruction,12,8,4
Traicklock,eredar,768,warlock,destruction,12,8,4
Ullalol,magtheridon,768,warlock,destruction,12,8,4
Квейдсан,howling-fjord,768,warlock,destruction,12,8,4
Фаердирка,blackscar,768,warlock,destruction,12,8,4
Maedx,outland,768,warlock,destruction,15,9,6
Mosskok,kazzak,768,warlock,destruction,16,9,7
Asper,ragnaros,768,warlock,destruction,18,8,10
Drestar,ragnaros,768,warlock,destruction,18,8,10
Némésiø,archimonde,768,warlock,destruction,18,8,10
Tseva,aggra-português,768,warlock,destruction,18,8,10
Tenkem,dun-modr,768,warlock,destruction,18,8,10
Horststenzl,blackrock,768,warlock,destruction,18,8,10
Melforius,tarren-mill,768,warlock,destruction,18,8,10
Xarica,garona,768,warlock,destruction,18,8,10
Стоишьвфире,gordunni,768,warlock,destruction,18,8,10
Dirtyjoe,doomhammer,768,warlock,destruction,18,8,10
Lilkit,kazzak,768,warlock,destruction,18,8,10
Ромзесхх,howling-fjord,767,warlock,destruction,12,8,4
Яичнаялапша,soulflayer,767,warlock,destruction,12,8,4
Nili,dethecus,767,warlock,destruction,12,8,4
Azaïdun,khaz-modan,767,warlock,destruction,12,8,4
Mentaldeadw,draenor,767,warlock,destruction,12,8,4
Goodclass,tarren-mill,767,warlock,destruction,12,8,4
Экспло,ashenvale,767,warlock,destruction,12,8,4
Gimmê,dun-morogh,767,warlock,destruction,12,8,4
Redroach,doomhammer,767,warlock,destruction,12,8,4
Aribethion,draenor,767,warlock,destruction,12,8,4
Xoregar,nemesis,767,warlock,destruction,12,8,4
Chía,thunderhorn,767,warlock,destruction,12,8,4
Unkid,tarren-mill,767,warlock,destruction,12,8,4
Shadowburst,outland,767,warlock,destruction,12,8,4
Palatical,terokkar,767,warlock,destruction,12,8,4
Melkorh,twisting-nether,767,warlock,destruction,12,8,4
Áéé,kazzak,767,warlock,destruction,15,9,6
Toryon,archimonde,767,warlock,destruction,17,8,9
Xcstacy,kazzak,767,warlock,destruction,18,8,10
Chochliko,silvermoon,767,warlock,destruction,18,8,10
Ráklock,ragnaros,767,warlock,destruction,18,8,10
Darkironhuan,blackrock,767,warlock,destruction,18,8,10
Ebolara,aegwynn,767,warlock,destruction,18,8,10
Wichtl,die-ewige-wacht,767,warlock,destruction,18,8,10
Debex,ravencrest,767,warlock,destruction,18,8,10
Surt,la-croisade-écarlate,767,warlock,destruction,18,8,10
Stopfëar,ysondre,767,warlock,destruction,18,8,10
Kontanthjælp,tarren-mill,767,warlock,destruction,18,8,10
Facépalm,draenor,767,warlock,destruction,24,8,16
Donmajor,amanthul,767,warlock,destruction,24,8,16
Sharion,silvermoon,766,warlock,destruction,12,8,4
Келебрах,howling-fjord,766,warlock,destruction,12,8,4
Discordîân,twisting-nether,766,warlock,destruction,12,8,4
Hydrochloric,emerald-dream,766,warlock,destruction,12,8,4
Légréy,blackmoore,766,warlock,destruction,12,8,4
Wajiggity,ravencrest,766,warlock,destruction,18,8,10
Yôi,nemesis,766,warlock,destruction,18,8,10
Shindubelore,aggra-português,766,warlock,destruction,18,8,10
Pallma,tarren-mill,766,warlock,destruction,18,8,10
Jillyãen,hyjal,766,warlock,destruction,18,8,10
Warlockout,ravencrest,766,warlock,destruction,22,9,13
Lorock,rajaxx,766,warlock,destruction,24,8,16
Bravehearrt,burning-legion,765,warlock,destruction,12,8,4
Рисли,deathweaver,765,warlock,destruction,12,8,4
Dregx,twisting-nether,765,warlock,destruction,12,8,4
Darkspit,draenor,765,warlock,destruction,12,8,4
Drestan,twisting-nether,765,warlock,destruction,18,8,10
Hexahydraten,draenor,764,warlock,destruction,18,8,10
Luckynòób,ravencrest,764,warlock,destruction,24,8,16
Ezekîél,blackhand,764,warlock,destruction,24,8,16
Urgool,ravencrest,763,warlock,destruction,12,8,4
Xfear,blackrock,763,warlock,destruction,12,8,4
Staynecro,malfurion,763,warlock,destruction,18,8,10
Юникна,gordunni,763,warlock,destruction,24,8,16
Smuutil,drakthul,762,warlock,destruction,12,8,4
Chaosboltfm,silvermoon,762,warlock,destruction,23,8,15
Lagoren,draenor,761,warlock,destruction,18,8,10
Ramurox,rexxar,759,warlock,destruction,22,9,13
Oonz,sylvanas,759,warlock,destruction,24,8,16
Hulyekotsog,ragnaros,757,warlock,destruction,18,8,10
Happysrme,thrall,756,warlock,destruction,36,8,28
Sweetlõck,ravencrest,750,warlock,destruction,17,8,9
Góblér,blackrock,746,warlock,destruction,17,8,9
Mádará,tarren-mill,735,warlock,destruction,14,9,5
Shaodul,stormscale,735,warlock,destruction,17,8,9
Шадофлок,deathweaver,735,warlock,destruction,17,8,9
Xaok,dun-modr,732,warlock,destruction,23,8,15
Kárdur,blackmoore,731,warlock,destruction,14,9,5
Кореопсис,azuregos,718,warlock,destruction,11,8,3
Kelek,anachronos,718,warlock,destruction,11,8,3
Даркинсоул,soulflayer,718,warlock,destruction,15,9,6
Mïllâïneeqtx,archimonde,714,warlock,destruction,13,10,3
Ironserious,blackrock,714,warlock,destruction,16,9,7
Тёмабиль,gordunni,714,warlock,destruction,23,10,13
Warlocklordx,ravencrest,713,warlock,destruction,22,9,13
Rikta,stormscale,703,warlock,destruction,11,8,3
Джастсак,gordunni,703,warlock,destruction,11,8,3
Kycknosa,archimonde,703,warlock,destruction,20,8,12
Gomezz,dalaran,702,warlock,destruction,22,8,14
Saleus,argent-dawn,701,warlock,destruction,16,8,8
Saladoor,draenor,672,warlock,destruction,12,7,5
Aoeenjoer,tarren-mill,672,warlock,destruction,12,7,5
Abraðolf,blackrock,672,warlock,destruction,12,7,5
Galeriana,twilights-hammer,672,warlock,destruction,12,7,5
Gruldran,khaz-modan,672,warlock,destruction,12,7,5
Kashdrakor,twisting-nether,672,warlock,destruction,12,7,5
Archimitros,blackmoore,672,warlock,destruction,12,7,5
Jaleels,kazzak,672,warlock,destruction,12,7,5
Fellord,chants-éternels,672,warlock,destruction,12,7,5
Мэрджис,soulflayer,672,warlock,destruction,12,7,5
Boltsofdoom,kazzak,672,warlock,destruction,12,7,5
Zilthon,dragonblight,672,warlock,destruction,12,7,5
Numwiki,draenor,672,warlock,destruction,12,7,5
Nmmnmmnnmnmm,blackmoore,672,warlock,destruction,12,7,5
Psykøø,shendralar,672,warlock,destruction,12,7,5
Hehexd,steamwheedle-cartel,672,warlock,destruction,12,7,5
Sneltjej,draenor,672,warlock,destruction,12,7,5
Aunsá,archimonde,672,warlock,destruction,12,7,5
Defenestros,ravencrest,672,warlock,destruction,12,7,5
Abdulrahim,archimonde,672,warlock,destruction,12,7,5
Sötsugen,argent-dawn,672,warlock,destruction,12,7,5
Çüñ,shattered-hand,672,warlock,destruction,12,7,5
Wimbii,outland,672,warlock,destruction,12,7,5
Kradrog,nemesis,672,warlock,destruction,12,7,5
Wacastwo,tarren-mill,672,warlock,destruction,12,7,5
Anicetuslol,lightnings-blade,672,warlock,destruction,12,7,5
Lobbo,ravencrest,672,warlock,destruction,12,7,5
Filippö,eredar,672,warlock,destruction,12,7,5
Pukemistress,tarren-mill,672,warlock,destruction,12,7,5
Nürgle,stormscale,672,warlock,destruction,12,7,5
Demonälskare,kazzak,672,warlock,destruction,12,7,5
Itiswhatitis,ravencrest,672,warlock,destruction,12,7,5
Qumbaja,alleria,672,warlock,destruction,12,7,5
Skipperw,blackmoore,672,warlock,destruction,12,7,5
Cappaoww,ravencrest,672,warlock,destruction,12,7,5
Boomdalf,silvermoon,672,warlock,destruction,12,7,5
Матрикспз,soulflayer,672,warlock,destruction,12,7,5
Lockismymain,eredar,672,warlock,destruction,12,7,5
Numlockz,jaedenar,672,warlock,destruction,12,7,5
Hèrmit,kazzak,672,warlock,destruction,12,7,5
Purplemonkey,burning-blade,672,warlock,destruction,12,7,5
Kronesx,tarren-mill,672,warlock,destruction,12,7,5
Zharae,thrall,672,warlock,destruction,12,7,5
Vilenia,doomhammer,672,warlock,destruction,12,7,5
Demodan,aegwynn,672,warlock,destruction,12,7,5
Xjay,malorne,672,warlock,destruction,12,7,5
Scud,frostwolf,672,warlock,destruction,12,7,5
Lúcìfér,stormscale,672,warlock,destruction,12,7,5
Fraky,frostwhisper,672,warlock,destruction,12,7,5
Lestebbes,frostwolf,672,warlock,destruction,12,7,5
Destroylol,draenor,672,warlock,destruction,12,7,5
Lilbolty,outland,672,warlock,destruction,12,7,5
Хэлласс,blackscar,672,warlock,destruction,12,7,5
Arakaali,dentarg,672,warlock,destruction,12,7,5
Vixlock,tarren-mill,672,warlock,destruction,15,8,7
Xjms,darksorrow,672,warlock,destruction,15,7,8
Apokalyps,eldrethalas,672,warlock,destruction,18,7,11
Haedri,kazzak,672,warlock,destruction,18,7,11
Skali,stormrage,672,warlock,destruction,18,7,11
Локизло,gordunni,672,warlock,destruction,18,7,11
Геоматика,gordunni,672,warlock,destruction,18,7,11
Topmodelx,eredar,672,warlock,destruction,18,7,11
Chromagnus,drakthul,672,warlock,destruction,18,7,11
Mocfernando,ravencrest,672,warlock,destruction,18,7,11
Bitshlog,draenor,672,warlock,destruction,18,7,11
Mewarlock,bronze-dragonflight,672,warlock,destruction,18,7,11
Belakh,draenor,672,warlock,destruction,18,7,11
Smallpee,kazzak,672,warlock,destruction,18,7,11
Lêxia,shattrath,672,warlock,destruction,18,7,11
Argenus,khazgoroth,672,warlock,destruction,18,7,11
Milfhaunter,aegwynn,672,warlock,destruction,18,7,11
Hungtwink,argent-dawn,672,warlock,destruction,18,7,11
Haccu,ragnaros,672,warlock,destruction,18,7,11
Mixu,hakkar,672,warlock,destruction,21,8,13
Spikemasterd,doomhammer,672,warlock,destruction,24,7,17
Marripa,sanguino,672,warlock,destruction,24,7,17
Barbyqueue,kazzak,671,warlock,destruction,10,8,2
Gnimoz,silvermoon,671,warlock,destruction,12,7,5
Bkp,dun-modr,671,warlock,destruction,12,7,5
Fireburner,der-mithrilorden,671,warlock,destruction,12,7,5
Xlara,argent-dawn,671,warlock,destruction,12,7,5
Zillinzy,frostmane,671,warlock,destruction,12,7,5
Amadéth,twisting-nether,671,warlock,destruction,12,7,5
Minniemøuse,silvermoon,671,warlock,destruction,12,7,5
Hargart,ysondre,671,warlock,destruction,12,7,5
Fauxshow,ravencrest,671,warlock,destruction,12,7,5
Raddock,ysondre,671,warlock,destruction,12,7,5
Drexo,drakthul,671,warlock,destruction,12,7,5
Baladas,nemesis,671,warlock,destruction,12,7,5
Saadq,draenor,671,warlock,destruction,12,7,5
Poulebar,ysondre,671,warlock,destruction,12,7,5
Cømps,blackrock,671,warlock,destruction,12,7,5
Vech,blackmoore,671,warlock,destruction,12,7,5
Zaruman,turalyon,671,warlock,destruction,12,7,5
Afflicted,trollbane,671,warlock,destruction,12,7,5
Silås,hyjal,671,warlock,destruction,12,7,5
Aîds,kazzak,671,warlock,destruction,12,7,5
Sourpatchkid,the-maelstrom,671,warlock,destruction,15,8,7
Hampter,blackmoore,671,warlock,destruction,18,7,11
Waîdo,blackhand,671,warlock,destruction,18,7,11
Ziloc,silvermoon,671,warlock,destruction,18,7,11
Tce,ravencrest,671,warlock,destruction,18,7,11
Rosebëaf,archimonde,671,warlock,destruction,18,7,11
Гнумосятина,booty-bay,671,warlock,destruction,18,7,11
Cancerdotcom,kazzak,671,warlock,destruction,18,7,11
Vengidotcom,outland,671,warlock,destruction,18,7,11
Фтор,soulflayer,671,warlock,destruction,21,8,13
Kàiser,sanguino,671,warlock,destruction,23,7,16
Eriken,tarren-mill,671,warlock,destruction,24,7,17
Cjnaz,twisting-nether,670,warlock,destruction,12,7,5
Kâzs,dun-modr,670,warlock,destruction,12,7,5
Olilock,drakthul,670,warlock,destruction,12,7,5
Qloss,burning-legion,670,warlock,destruction,12,7,5
Ekatherini,blackhand,670,warlock,destruction,12,7,5
Нафлэпил,gordunni,670,warlock,destruction,12,7,5
Bahlrok,burning-legion,670,warlock,destruction,12,7,5
Зародыш,razuvious,670,warlock,destruction,18,7,11
Mângo,thunderhorn,669,warlock,destruction,12,7,5
Lünatix,archimonde,669,warlock,destruction,18,7,11
Sheshii,argent-dawn,669,warlock,destruction,24,7,17
Peggybrown,turalyon,669,warlock,destruction,24,7,17
Samigina,argent-dawn,669,warlock,destruction,24,7,17
Подликерная,howling-fjord,668,warlock,destruction,12,7,5
Mortori,tarren-mill,668,warlock,destruction,12,7,5
Сатаната,deepholm,668,warlock,destruction,12,7,5
Адомать,lich-king,668,warlock,destruction,18,7,11
Мракодел,deathguard,668,warlock,destruction,18,7,11
Hodille,argent-dawn,668,warlock,destruction,18,7,11
Drdotalot,twisting-nether,668,warlock,destruction,18,7,11
Buzztoon,doomhammer,668,warlock,destruction,24,7,17
Vladlevad,argent-dawn,667,warlock,destruction,12,7,5
Fadila,aegwynn,667,warlock,destruction,12,7,5
Garbagebarge,krasus,666,warlock,destruction,12,7,5
Easymeat,silvermoon,666,warlock,destruction,12,7,5
Bësly,khaz-modan,665,warlock,destruction,12,7,5
Lefttorot,garrosh,665,warlock,destruction,16,8,8
Мааверш,soulflayer,665,warlock,destruction,24,7,17
Wxl,kazzak,662,warlock,destruction,12,7,5
Ахпорбес,gordunni,661,warlock,destruction,12,7,5
Destri,blackmoore,660,warlock,destruction,12,7,5
Janneraut,terokkar,660,warlock,destruction,18,7,11
Dorothy,steamwheedle-cartel,658,warlock,destruction,12,7,5
Vinet,burning-legion,657,warlock,destruction,12,7,5
Bowhite,silvermoon,655,warlock,destruction,15,8,7
Dalfgan,wildhammer,647,warlock,destruction,24,7,17
Fguldan,zuljin,640,warlock,destruction,10,7,3
Avoidsun,kazzak,639,warlock,destruction,16,8,8
Saucewalka,stormscale,638,warlock,destruction,11,7,4
Shreklock,burning-blade,623,warlock,destruction,11,7,4
Alsseharr,blackhand,623,warlock,destruction,11,7,4
Dikkdickens,ravencrest,623,warlock,destruction,15,7,8
Thaidakar,thrall,623,warlock,destruction,18,7,11
Tydra,die-aldor,618,warlock,destruction,20,8,12
Garimberas,silvermoon,618,warlock,destruction,20,8,12
Érunali,archimonde,607,warlock,destruction,11,7,4
Shadowppl,outland,606,warlock,destruction,20,7,13
Ammitra,argent-dawn,591,warlock,destruction,13,7,6
Xanatas,nemesis,576,warlock,destruction,6,6,0
Felgibson,destromath,576,warlock,destruction,6,6,0
Skuvee,archimonde,576,warlock,destruction,6,6,0
Sulnar,burning-legion,576,warlock,destruction,6,6,0
Hibachi,twisting-nether,576,warlock,destruction,6,6,0
Mamasitica,ravencrest,576,warlock,destruction,6,6,0
Zìì,silvermoon,576,warlock,destruction,6,6,0
Zepsy,twisting-nether,576,warlock,destruction,6,6,0
Kennyfõx,ysondre,576,warlock,destruction,6,6,0
Kyiûu,archimonde,576,warlock,destruction,6,6,0
Cafardcancer,archimonde,576,warlock,destruction,6,6,0
Xute,ragnaros,576,warlock,destruction,6,6,0
Zevranøss,dalaran,576,warlock,destruction,6,6,0
Longdickie,ravencrest,576,warlock,destruction,6,6,0
Baked,outland,576,warlock,destruction,6,6,0
Menescurse,blackhand,576,warlock,destruction,6,6,0
Anihlix,kazzak,576,warlock,destruction,6,6,0
Solosuperr,ravencrest,576,warlock,destruction,6,6,0
Ceryss,argent-dawn,576,warlock,destruction,6,6,0
Popecandy,archimonde,576,warlock,destruction,6,6,0
Dragonlvrx,kazzak,576,warlock,destruction,6,6,0
Whaii,ravencrest,576,warlock,destruction,6,6,0
Agonymaster,twisting-nether,576,warlock,destruction,6,6,0
Wîse,archimonde,576,warlock,destruction,6,6,0
Nighttusk,burning-legion,576,warlock,destruction,6,6,0
Yamadea,stormscale,576,warlock,destruction,6,6,0
Klaier,dun-modr,576,warlock,destruction,9,7,2
Liwerno,dunemaul,576,warlock,destruction,12,6,6
Slonertw,ragnaros,576,warlock,destruction,12,6,6
Ilikebolts,blackmoore,576,warlock,destruction,12,6,6
Ilovethena,hyjal,576,warlock,destruction,12,6,6
Herador,draenor,576,warlock,destruction,12,6,6
Issyl,kazzak,576,warlock,destruction,12,6,6
Mozo,stormscale,576,warlock,destruction,12,6,6
Koramu,blackrock,576,warlock,destruction,12,6,6
Tøtøf,sargeras,576,warlock,destruction,12,6,6
Pantry,tarren-mill,576,warlock,destruction,12,6,6
Noobtamer,kazzak,576,warlock,destruction,12,6,6
Boltyboi,chamber-of-aspects,576,warlock,destruction,12,6,6
Embercurse,ravencrest,576,warlock,destruction,12,6,6
Nutopia,stormreaver,576,warlock,destruction,12,6,6
Bigtastybacn,blackmoore,576,warlock,destruction,12,6,6
Ooze,kazzak,576,warlock,destruction,12,6,6
Felrazer,silvermoon,576,warlock,destruction,12,6,6
Jjejo,ragnaros,576,warlock,destruction,12,6,6
Fearbót,kazzak,576,warlock,destruction,12,6,6
Kraayn,blackhand,576,warlock,destruction,12,6,6
Ralyz,archimonde,576,warlock,destruction,12,6,6
Larrydotter,burning-legion,576,warlock,destruction,12,6,6
Súícìdèbøy,colinas-pardas,576,warlock,destruction,12,6,6
Mothor,blackrock,576,warlock,destruction,12,6,6
Syñdrome,ragnaros,576,warlock,destruction,12,6,6
Fazol,terokkar,576,warlock,destruction,12,6,6
Hasigome,blackmoore,576,warlock,destruction,12,6,6
Lotud,drakthul,576,warlock,destruction,12,6,6
Mosslock,silvermoon,576,warlock,destruction,12,6,6
Селфдестракт,howling-fjord,576,warlock,destruction,12,6,6
Erimdur,sanguino,576,warlock,destruction,12,6,6
Ðuß,nemesis,576,warlock,destruction,12,6,6
Laanik,twisting-nether,576,warlock,destruction,12,6,6
Нежныйафлик,gordunni,576,warlock,destruction,12,6,6
Cali,ahnqiraj,576,warlock,destruction,12,6,6
Boltez,twisting-nether,576,warlock,destruction,12,6,6
Goosebumps,aggramar,576,warlock,destruction,12,6,6
Севербрянск,soulflayer,576,warlock,destruction,12,6,6
Thieulock,twisting-nether,576,warlock,destruction,12,6,6
Chaudor,archimonde,576,warlock,destruction,12,6,6
Эпсизануда,soulflayer,576,warlock,destruction,12,6,6
Warlockyo,blackrock,576,warlock,destruction,12,6,6
Мерзея,soulflayer,576,warlock,destruction,12,6,6
Wagwann,argent-dawn,576,warlock,destruction,12,6,6
Bountyqt,outland,576,warlock,destruction,12,6,6
Dmnw,antonidas,576,warlock,destruction,12,6,6
Mayden,uldum,576,warlock,destruction,12,6,6
Celphboss,twisting-nether,576,warlock,destruction,12,6,6
Tropìcal,grim-batol,576,warlock,destruction,12,6,6
Sécret,blackmoore,576,warlock,destruction,12,6,6
Chaostrain,sylvanas,576,warlock,destruction,12,6,6
Ðåñtåy,ravencrest,576,warlock,destruction,12,6,6
Chafir,kazzak,576,warlock,destruction,12,6,6
Diabolics,twisting-nether,576,warlock,destruction,12,6,6
Zordochlock,kazzak,576,warlock,destruction,12,6,6
Xyrønia,aegwynn,576,warlock,destruction,12,6,6
Kukkojapallo,ravencrest,576,warlock,destruction,12,6,6
Zardonixz,stormscale,576,warlock,destruction,12,6,6
Edgyrpname,argent-dawn,576,warlock,destruction,12,6,6
Enaio,mannoroth,576,warlock,destruction,12,6,6
Forgepower,ghostlands,576,warlock,destruction,12,6,6
Seyzz,eredar,576,warlock,destruction,12,6,6
Gatewatcher,argent-dawn,576,warlock,destruction,12,6,6
Cokelight,thrall,576,warlock,destruction,12,6,6
Petitcayou,archimonde,576,warlock,destruction,12,6,6
Silenozz,ragnaros,576,warlock,destruction,12,6,6
Krebares,draenor,576,warlock,destruction,12,6,6
Bwc,aegwynn,576,warlock,destruction,12,6,6
Staudi,eredar,576,warlock,destruction,12,6,6
Aranax,thrall,576,warlock,destruction,12,6,6
Drainforlife,blackrock,576,warlock,destruction,12,6,6
Zemial,draenor,576,warlock,destruction,12,6,6
Shakaxz,kazzak,576,warlock,destruction,15,7,8
Спанчгэри,soulflayer,576,warlock,destruction,15,7,8
Телкадрейнх,gordunni,576,warlock,destruction,15,7,8
Shreedlock,blackmoore,576,warlock,destruction,18,6,12
Jörd,ravencrest,576,warlock,destruction,18,6,12
Naitix,argent-dawn,576,warlock,destruction,18,6,12
Fearmighty,kazzak,576,warlock,destruction,18,6,12
Icq,ravencrest,576,warlock,destruction,18,6,12
Alexcurse,draenor,576,warlock,destruction,18,6,12
Zartax,kazzak,576,warlock,destruction,18,6,12
Kriemias,malygos,576,warlock,destruction,18,6,12
Morwëk,ysondre,576,warlock,destruction,18,6,12
Azmondan,ahnqiraj,576,warlock,destruction,18,6,12
Tartaros,bronzebeard,576,warlock,destruction,18,6,12
Zerx,malganis,576,warlock,destruction,18,6,12
Мглавечная,soulflayer,576,warlock,destruction,25,6,19
Zevil,emerald-dream,575,warlock,destruction,12,6,6
Sweetfire,ragnaros,575,warlock,destruction,12,6,6
Дракшара,soulflayer,575,warlock,destruction,12,6,6
Dottad,silvermoon,575,warlock,destruction,12,6,6
Cocottee,la-croisade-écarlate,575,warlock,destruction,12,6,6
Elayjalock,twisting-nether,575,warlock,destruction,12,6,6
Ariyala,alleria,575,warlock,destruction,12,6,6
Warlockzor,auchindoun,575,warlock,destruction,12,6,6
Huaraches,stormscale,575,warlock,destruction,12,6,6
Necromanccer,mazrigos,575,warlock,destruction,12,6,6
Rhaznor,frostwolf,575,warlock,destruction,12,6,6
Brarvile,zuljin,575,warlock,destruction,12,6,6
Klone,die-todeskrallen,575,warlock,destruction,18,6,12
Евнухоидизм,gordunni,575,warlock,destruction,18,6,12
Nemssy,dun-modr,575,warlock,destruction,18,6,12
Killerbeez,burning-blade,575,warlock,destruction,18,6,12
Yasagoth,chamber-of-aspects,575,warlock,destruction,24,6,18
Xolìe,azshara,574,warlock,destruction,12,6,6
Валак,greymane,574,warlock,destruction,15,7,8
Nathgar,drakthul,574,warlock,destruction,18,6,12
Haysang,khaz-modan,574,warlock,destruction,18,6,12
Goghlock,silvermoon,574,warlock,destruction,18,6,12
Attrappe,eredar,573,warlock,destruction,26,6,20
Taxalias,draenor,572,warlock,destruction,12,6,6
Грашек,soulflayer,570,warlock,destruction,12,6,6
Nizha,sanguino,566,warlock,destruction,12,6,6
Trathos,minahonda,565,warlock,destruction,12,6,6
Олимта,blackscar,558,warlock,destruction,23,6,17
Weexi,kazzak,543,warlock,destruction,8,7,1
Hasábqtja,ragnaros,543,warlock,destruction,11,6,5
Srbritoboy,burning-legion,540,warlock,destruction,11,6,5
Ruvy,twisting-nether,528,warlock,destruction,15,6,9
Rozn,ravencrest,527,warlock,destruction,11,6,5
Стафилокок,deepholm,527,warlock,destruction,11,6,5
Diemilch,blackmoore,522,warlock,destruction,14,7,7
Брузир,gordunni,522,warlock,destruction,15,7,8
Тива,lich-king,522,warlock,destruction,21,7,14
Боррисовна,deathguard,512,warlock,destruction,16,6,10
Wanhëda,tarren-mill,511,warlock,destruction,11,6,5
Diddia,malganis,511,warlock,destruction,11,6,5
Baxiaz,kazzak,511,warlock,destruction,11,6,5
Evilhippie,kazzak,511,warlock,destruction,11,6,5
Noskillclass,stormscale,511,warlock,destruction,14,6,8
Watchlock,burning-legion,488,warlock,destruction,19,6,13
Lokki,xavius,480,warlock,destruction,6,5,1
Sêrø,aegwynn,480,warlock,destruction,6,5,1
Sâlty,stormscale,480,warlock,destruction,6,5,1
Ампе,blackscar,480,warlock,destruction,6,5,1
Dogbolt,stormscale,480,warlock,destruction,6,5,1
Омикс,gordunni,480,warlock,destruction,6,5,1
Yzzie,drakthul,480,warlock,destruction,6,5,1
Hinsu,the-maelstrom,480,warlock,destruction,6,5,1
Inflamis,stormscale,480,warlock,destruction,6,5,1
Mellown,blackrock,480,warlock,destruction,6,5,1
Jmë,outland,480,warlock,destruction,6,5,1
Shallý,antonidas,480,warlock,destruction,6,5,1
Avadakèdavra,kazzak,480,warlock,destruction,6,5,1
Sénsemann,madmortem,480,warlock,destruction,6,5,1
Mazuto,outland,480,warlock,destruction,6,5,1
Hannens,blackrock,480,warlock,destruction,6,5,1
Mannemus,tarren-mill,480,warlock,destruction,6,5,1
Verminosiss,stormscale,480,warlock,destruction,6,5,1
Ashid,chamber-of-aspects,480,warlock,destruction,6,5,1
Sizezero,tarren-mill,480,warlock,destruction,6,5,1
Ingwert,frostwolf,480,warlock,destruction,6,5,1
Shazalock,frostmane,480,warlock,destruction,6,5,1
Журанайсбой,blackscar,480,warlock,destruction,6,5,1
Lyndi,nerathor,480,warlock,destruction,6,5,1
Shoøt,dalaran,480,warlock,destruction,6,5,1
Djløckgødx,ravencrest,480,warlock,destruction,6,5,1
Xtasyslock,archimonde,480,warlock,destruction,6,5,1
Kirtaçh,dun-modr,480,warlock,destruction,6,5,1
Ionesdot,ravencrest,480,warlock,destruction,6,5,1
Doomdog,hyjal,480,warlock,destruction,6,5,1
Hotdogvendor,kazzak,480,warlock,destruction,6,5,1
ßualock,sylvanas,480,warlock,destruction,6,5,1
Levinbrz,ravencrest,480,warlock,destruction,6,5,1
Sumstone,kazzak,480,warlock,destruction,6,5,1
Höfmänn,grim-batol,480,warlock,destruction,6,5,1
Lísbeth,sylvanas,480,warlock,destruction,6,5,1
Demonmilf,ysondre,480,warlock,destruction,6,5,1
Lazytown,silvermoon,480,warlock,destruction,6,5,1
Carlitall,ravencrest,480,warlock,destruction,6,5,1
Altfdrölf,blackhand,480,warlock,destruction,6,5,1
Darkbasilet,hyjal,480,warlock,destruction,6,5,1
Bigdondi,ravencrest,480,warlock,destruction,6,5,1
Saganelle,hyjal,480,warlock,destruction,6,5,1
Jûnkz,ysondre,480,warlock,destruction,6,5,1
Sep,aegwynn,480,warlock,destruction,6,5,1
Низвестнно,soulflayer,480,warlock,destruction,6,5,1
Necromonger,blackrock,480,warlock,destruction,6,5,1
Sgait,ravencrest,480,warlock,destruction,6,5,1
Buffdemolock,executus,480,warlock,destruction,6,5,1
Failtráin,blackhand,480,warlock,destruction,6,5,1
Náwwk,blackmoore,480,warlock,destruction,6,5,1
Djolagourde,archimonde,480,warlock,destruction,6,5,1
Bánánbánd,draenor,480,warlock,destruction,6,5,1
Destrodmitri,blackmoore,480,warlock,destruction,6,5,1
Garbrandt,tarren-mill,480,warlock,destruction,6,5,1
Андаинг,soulflayer,480,warlock,destruction,6,5,1
Zeralia,nemesis,480,warlock,destruction,6,5,1
Era,stormscale,480,warlock,destruction,6,5,1
Zurael,mannoroth,480,warlock,destruction,6,5,1
Sgaitxd,ravencrest,480,warlock,destruction,6,5,1
Bojjisama,silvermoon,480,warlock,destruction,6,5,1
Kevinbolter,kult-der-verdammten,480,warlock,destruction,6,5,1
Rikudoua,malfurion,480,warlock,destruction,12,5,7
Lyleath,ravencrest,480,warlock,destruction,12,5,7
Southyx,stormscale,480,warlock,destruction,12,5,7
Ïori,hyjal,480,warlock,destruction,12,5,7
Atomik,drakthul,480,warlock,destruction,12,5,7
Langeklunker,outland,480,warlock,destruction,12,5,7
Braegnok,ravencrest,480,warlock,destruction,12,5,7
Snoreghast,tarren-mill,480,warlock,destruction,12,5,7
Кайдзуки,howling-fjord,480,warlock,destruction,12,5,7
Zlok,silvermoon,480,warlock,destruction,12,5,7
Icony,blackhand,480,warlock,destruction,12,5,7
Pliagaa,drakthul,480,warlock,destruction,12,5,7
Капризх,blackscar,480,warlock,destruction,12,5,7
Жижакабра,soulflayer,480,warlock,destruction,12,5,7
Fluxlight,frostmourne,480,warlock,destruction,12,5,7
Pewmlock,antonidas,480,warlock,destruction,12,5,7
Ivannadie,outland,480,warlock,destruction,12,5,7
Zerozwolf,tarren-mill,480,warlock,destruction,12,5,7
Sôlon,azshara,480,warlock,destruction,12,5,7
Yokûjin,twisting-nether,480,warlock,destruction,12,5,7
Динодотз,howling-fjord,480,warlock,destruction,12,5,7
Bajsibyx,tarren-mill,480,warlock,destruction,12,5,7
Tiwtera,draenor,480,warlock,destruction,12,5,7
Zêngâ,kazzak,480,warlock,destruction,12,5,7
Justlock,tarren-mill,480,warlock,destruction,12,5,7
Käristäjä,outland,480,warlock,destruction,12,5,7
Zeanort,zuljin,480,warlock,destruction,12,5,7
Feardotfive,frostwolf,480,warlock,destruction,12,5,7
Elnïa,conseil-des-ombres,480,warlock,destruction,12,5,7
Destrovid,stormscale,480,warlock,destruction,12,5,7
Corruptcoil,argent-dawn,480,warlock,destruction,12,5,7
Локомания,gordunni,480,warlock,destruction,12,5,7
Voodooskull,kazzak,480,warlock,destruction,12,5,7
Longchamp,stormscale,480,warlock,destruction,12,5,7
Sokyra,tarren-mill,480,warlock,destruction,12,5,7
Ciesare,draenor,480,warlock,destruction,12,5,7
Toutseul,eitrigg,480,warlock,destruction,12,5,7
Nefalya,hyjal,480,warlock,destruction,12,5,7
Franjah,alleria,480,warlock,destruction,12,5,7
Infïnitýx,silvermoon,480,warlock,destruction,12,5,7
Kimwexler,ravencrest,480,warlock,destruction,12,5,7
Miezexy,aegwynn,480,warlock,destruction,12,5,7
Elmetro,ragnaros,480,warlock,destruction,12,5,7
Branduir,ragnaros,480,warlock,destruction,12,5,7
Graveshaker,quelthalas,480,warlock,destruction,12,5,7
Cursè,stormscale,480,warlock,destruction,12,5,7
Bricktot,ragnaros,480,warlock,destruction,12,5,7
Thorky,blackrock,480,warlock,destruction,12,5,7
Xsydewarlock,archimonde,480,warlock,destruction,12,5,7
Sidius,archimonde,480,warlock,destruction,12,5,7
Vreyax,aegwynn,480,warlock,destruction,12,5,7
Vyku,burning-legion,480,warlock,destruction,12,5,7
Sadisticlól,burning-legion,480,warlock,destruction,12,5,7
Dabolt,archimonde,480,warlock,destruction,12,5,7
Claralock,silvermoon,480,warlock,destruction,12,5,7
Arthesia,archimonde,480,warlock,destruction,12,5,7
Axapnon,ragnaros,480,warlock,destruction,12,5,7
Ratnu,ragnaros,480,warlock,destruction,12,5,7
Cerberus,anetheron,480,warlock,destruction,12,5,7
Rhev,trollbane,480,warlock,destruction,14,5,9
Maledictio,blackrock,480,warlock,destruction,18,5,13
Händerå,ragnaros,480,warlock,destruction,18,5,13
Infectius,kazzak,480,warlock,destruction,18,5,13
Lockned,outland,480,warlock,destruction,18,5,13
Rumpelelse,blackrock,479,warlock,destruction,12,5,7
Kokonix,defias-brotherhood,479,warlock,destruction,12,5,7
Dimkeldor,kazzak,479,warlock,destruction,12,5,7
Сенсация,ashenvale,479,warlock,destruction,12,5,7
Archélion,silvermoon,479,warlock,destruction,12,5,7
Hunbeliever,ragnaros,479,warlock,destruction,12,5,7
Fesse,draenor,479,warlock,destruction,18,5,13
Intina,dragonblight,479,warlock,destruction,18,5,13
Bope,the-maelstrom,479,warlock,destruction,18,5,13
Yenkorov,blackmoore,479,warlock,destruction,18,5,13
Лавамес,eversong,478,warlock,destruction,10,6,4
Soulsdeads,sylvanas,478,warlock,destruction,12,5,7
Yourdeaath,ravencrest,478,warlock,destruction,18,5,13
Safirae,blackmoore,478,warlock,destruction,19,5,14
Espilocka,dun-modr,477,warlock,destruction,6,5,1
Ohanze,antonidas,477,warlock,destruction,12,5,7
Nukeem,karazhan,475,warlock,destruction,12,5,7
Helikopter,shattered-hand,463,warlock,destruction,12,6,6
Lokicica,karazhan,463,warlock,destruction,17,5,12
Favris,antonidas,447,warlock,destruction,11,5,6
Hahahahah,draenor,447,warlock,destruction,11,5,6
Winterx,argent-dawn,447,warlock,destruction,11,5,6
Primdåhl,ravencrest,447,warlock,destruction,17,5,12
Hilfhëim,cthun,445,warlock,destruction,11,5,6
Secretninja,silvermoon,432,warlock,destruction,15,5,10
Силксонг,soulflayer,431,warlock,destruction,11,5,6
Chornota,ravencrest,431,warlock,destruction,17,5,12
Snowflakesxs,draenor,425,warlock,destruction,12,6,6
Qliimax,blackrock,416,warlock,destruction,10,5,5
Skadz,blackmoore,416,warlock,destruction,10,5,5
Hønneyjckk,hyjal,415,warlock,destruction,8,5,3
Waöld,sylvanas,398,warlock,destruction,16,5,11
Fearylia,aegwynn,393,warlock,destruction,11,8,3
Traickolock,antonidas,384,warlock,destruction,6,4,2
Труупыч,gordunni,384,warlock,destruction,6,4,2
Smittorisk,stormscale,384,warlock,destruction,6,4,2
Aldiac,aegwynn,384,warlock,destruction,6,4,2
Ahylleslook,antonidas,384,warlock,destruction,6,4,2
Трудзастафф,gordunni,384,warlock,destruction,6,4,2
Cappaoow,ravencrest,384,warlock,destruction,6,4,2
Zaratraz,guldan,384,warlock,destruction,6,4,2
Vêzor,twisting-nether,384,warlock,destruction,6,4,2
Анрали,soulflayer,384,warlock,destruction,6,4,2
Uqrlock,twisting-nether,384,warlock,destruction,6,4,2
Born,ravencrest,384,warlock,destruction,6,4,2
Darkwìngduck,ravencrest,384,warlock,destruction,6,4,2
Nilsa,eredar,384,warlock,destruction,6,4,2
Элнуар,soulflayer,384,warlock,destruction,6,4,2
Kurioula,twisting-nether,384,warlock,destruction,6,4,2
Bellatrìxx,madmortem,384,warlock,destruction,6,4,2
Критокнижник,lich-king,384,warlock,destruction,6,4,2
Rngmåchinêx,ravencrest,384,warlock,destruction,6,4,2
Cadrega,nemesis,384,warlock,destruction,6,4,2
Notloveless,stormscale,384,warlock,destruction,6,4,2
Egiriefo,twisting-nether,384,warlock,destruction,6,4,2
Siyaa,eredar,384,warlock,destruction,6,4,2
Taon,ravencrest,384,warlock,destruction,6,4,2
Кичи,gordunni,384,warlock,destruction,6,4,2
Dotforgold,blackmoore,384,warlock,destruction,6,4,2
Fatbaldold,ravencrest,384,warlock,destruction,6,4,2
Botrotation,ravencrest,384,warlock,destruction,6,4,2
Døxz,blackrock,384,warlock,destruction,6,4,2
Apeliction,eredar,384,warlock,destruction,6,4,2
Iulu,sylvanas,384,warlock,destruction,6,4,2
Lickyicky,twisting-nether,384,warlock,destruction,6,4,2
Shaarak,blackrock,384,warlock,destruction,6,4,2
Gemja,onyxia,384,warlock,destruction,6,4,2
Cursier,blackmoore,384,warlock,destruction,6,4,2
Sïlïthuss,ravencrest,384,warlock,destruction,6,4,2
Dampini,ravencrest,384,warlock,destruction,6,4,2
Warchilly,twisting-nether,384,warlock,destruction,6,4,2
Yifu,ravencrest,384,warlock,destruction,6,4,2
Fearco,ravencrest,384,warlock,destruction,6,4,2
Watchmecut,terenas,384,warlock,destruction,6,4,2
Droguri,darkspear,384,warlock,destruction,6,4,2
Déemón,draenor,384,warlock,destruction,6,4,2
Pujatia,tarren-mill,384,warlock,destruction,6,4,2
Fearlólz,stormscale,384,warlock,destruction,6,4,2
Lindastotch,kazzak,384,warlock,destruction,6,4,2
Malthiria,silvermoon,384,warlock,destruction,6,4,2
Deathmahed,kazzak,384,warlock,destruction,6,4,2
Zaerea,ravenholdt,384,warlock,destruction,6,4,2
Nãshor,kazzak,384,warlock,destruction,6,4,2
Rayfears,draenor,384,warlock,destruction,6,4,2
Jelessa,lordaeron,384,warlock,destruction,6,4,2
Nosferatia,kult-der-verdammten,384,warlock,destruction,6,4,2
Dashirø,drakthul,384,warlock,destruction,6,4,2
Quanchí,kazzak,384,warlock,destruction,6,4,2
Devørør,stormscale,384,warlock,destruction,6,4,2
Voídzero,hyjal,384,warlock,destruction,6,4,2
Drshegs,darkspear,384,warlock,destruction,6,4,2
Auchaos,argent-dawn,384,warlock,destruction,6,4,2
Nechli,malganis,384,warlock,destruction,6,4,2
Zorphu,quelthalas,384,warlock,destruction,6,4,2
Azae,outland,384,warlock,destruction,6,4,2
Ineri,hyjal,384,warlock,destruction,6,4,2
Shílda,silvermoon,384,warlock,destruction,6,4,2
Hiloqtlock,blackmoore,384,warlock,destruction,6,4,2
Hirasawa,archimonde,384,warlock,destruction,6,4,2
Suicidekings,draenor,384,warlock,destruction,6,4,2
Xskyrov,blackmoore,384,warlock,destruction,6,4,2
Grixius,argent-dawn,384,warlock,destruction,6,4,2
Sunlicht,kazzak,384,warlock,destruction,6,4,2
Пчелокнижник,howling-fjord,384,warlock,destruction,6,4,2
Unfeared,blackhand,384,warlock,destruction,6,4,2
Techlord,tarren-mill,384,warlock,destruction,6,4,2
Vae,doomhammer,384,warlock,destruction,6,4,2
Feyreah,blackmoore,384,warlock,destruction,6,4,2
Varend,drakthul,384,warlock,destruction,6,4,2
Jägerlock,draenor,384,warlock,destruction,6,4,2
Cokkà,dalaran,384,warlock,destruction,6,4,2
Xenastro,silvermoon,384,warlock,destruction,6,4,2
Krekk,ragnaros,384,warlock,destruction,6,4,2
Ðênnis,tarren-mill,384,warlock,destruction,6,4,2
Mcdotnálds,thrall,384,warlock,destruction,6,4,2
Slyghtéria,dalaran,384,warlock,destruction,6,4,2
Blyskawicar,silvermoon,384,warlock,destruction,6,4,2
Zzooxxie,silvermoon,384,warlock,destruction,6,4,2
Zéik,archimonde,384,warlock,destruction,6,4,2
Äri,blackmoore,384,warlock,destruction,6,4,2
Dotritos,tarren-mill,384,warlock,destruction,6,4,2
Spacecarry,archimonde,384,warlock,destruction,6,4,2
Дыханиетени,soulflayer,384,warlock,destruction,7,4,3
Mèsmerize,tarren-mill,384,warlock,destruction,9,5,4
Рыжевласочка,eversong,384,warlock,destruction,9,5,4
Omnípotens,silvermoon,384,warlock,destruction,12,6,6
Darthvder,sylvanas,384,warlock,destruction,12,4,8
Чиззихаос,soulflayer,384,warlock,destruction,12,4,8
Cirihexer,area-52,384,warlock,destruction,12,4,8
Azzra,kazzak,384,warlock,destruction,12,4,8
Lonestar,sanguino,384,warlock,destruction,12,4,8
Locknroll,terokkar,384,warlock,destruction,12,4,8
Atúm,auchindoun,384,warlock,destruction,12,4,8
Nahamma,tarren-mill,384,warlock,destruction,12,4,8
Ieatfel,archimonde,384,warlock,destruction,12,4,8
Harrydotterx,alakir,384,warlock,destruction,12,4,8
Darkmaw,drakthul,384,warlock,destruction,12,4,8
Nicetime,nefarian,384,warlock,destruction,12,4,8
Demofox,ragnaros,384,warlock,destruction,12,4,8
Стокыч,soulflayer,384,warlock,destruction,12,4,8
Kaobolt,archimonde,384,warlock,destruction,12,4,8
Vsmna,ragnaros,384,warlock,destruction,12,4,8
Sellinia,culte-de-la-rive-noire,384,warlock,destruction,12,4,8
Ksenìa,khaz-modan,384,warlock,destruction,12,4,8
Tdoggydog,ragnaros,384,warlock,destruction,12,4,8
Tilliâ,blackhand,384,warlock,destruction,12,4,8
Прадедка,howling-fjord,384,warlock,destruction,12,4,8
Kubbÿ,drakthul,384,warlock,destruction,12,4,8
Chäös,outland,384,warlock,destruction,12,4,8
Марэд,howling-fjord,384,warlock,destruction,12,4,8
Selok,outland,384,warlock,destruction,12,4,8
Legiozock,draenor,384,warlock,destruction,12,4,8
Lockpup,draenor,384,warlock,destruction,12,4,8
Guldãn,silvermoon,384,warlock,destruction,12,4,8
Hheavens,ragnaros,384,warlock,destruction,12,4,8
Shadowflare,blackmoore,384,warlock,destruction,12,4,8
Уфц,grom,384,warlock,destruction,12,4,8
Roedin,tarren-mill,384,warlock,destruction,12,4,8
Vextalock,drakthul,384,warlock,destruction,12,4,8
Scheprick,twisting-nether,384,warlock,destruction,12,4,8
Hòbó,outland,384,warlock,destruction,12,4,8
Бешентумай,goldrinn,384,warlock,destruction,12,4,8
Лоллиторпеда,gordunni,384,warlock,destruction,12,4,8
Novkan,eredar,384,warlock,destruction,12,4,8
Oimera,frostwolf,384,warlock,destruction,12,4,8
Tiitz,blackmoore,384,warlock,destruction,12,4,8
Мазаффак,gordunni,384,warlock,destruction,12,4,8
Tekron,blackhand,384,warlock,destruction,12,4,8
Codeincody,blackhand,384,warlock,destruction,12,4,8
Closetlock,the-maelstrom,384,warlock,destruction,12,4,8
Mustalol,outland,384,warlock,destruction,12,4,8
Waryald,dun-modr,384,warlock,destruction,12,4,8
Demoncius,dun-modr,384,warlock,destruction,12,4,8
Impvader,argent-dawn,384,warlock,destruction,12,4,8
Yandihimir,silvermoon,384,warlock,destruction,12,4,8
Southy,stormscale,384,warlock,destruction,12,4,8
Zvinto,the-maelstrom,384,warlock,destruction,12,4,8
Vanskor,argent-dawn,384,warlock,destruction,12,4,8
Axy,dun-modr,384,warlock,destruction,12,4,8
Lîlu,hyjal,384,warlock,destruction,12,4,8
Muninnus,archimonde,384,warlock,destruction,12,4,8
Warth,silvermoon,384,warlock,destruction,12,4,8
Andrewtaint,twisting-nether,384,warlock,destruction,18,4,14
Dreadbøt,blackrock,384,warlock,destruction,18,4,14
Thinio,argent-dawn,384,warlock,destruction,18,4,14
Nazmordith,argent-dawn,384,warlock,destruction,18,4,14
Angrynoob,silvermoon,383,warlock,destruction,6,4,2
Неиставая,deathguard,383,warlock,destruction,6,4,2
Okulus,quelthalas,383,warlock,destruction,6,4,2
Injecter,stormscale,383,warlock,destruction,6,4,2
Wildlily,aggramar,383,warlock,destruction,6,4,2
Sanguinis,theradras,383,warlock,destruction,6,4,2
Avel,dun-morogh,383,warlock,destruction,15,5,10
Dathos,ragnaros,383,warlock,destruction,12,4,8
Olympos,draenor,383,warlock,destruction,12,4,8
Negoda,defias-brotherhood,383,warlock,destruction,18,4,14
Pidka,drakthul,382,warlock,destruction,6,4,2
Сатари,blackscar,378,warlock,destruction,20,9,11
Драуктар,eversong,365,warlock,destruction,11,4,7
Tolgaa,draenor,352,warlock,destruction,17,4,13
Easymode,archimonde,351,warlock,destruction,11,4,7
Boltsnhoes,drakthul,351,warlock,destruction,11,4,7
Afrolock,antonidas,336,warlock,destruction,9,5,4
Damßalla,cthun,330,warlock,destruction,11,8,3
Destroc,blackrock,330,warlock,destruction,11,5,6
Рейнджр,eversong,330,warlock,destruction,15,6,9
Velativ,silvermoon,330,warlock,destruction,16,5,11
Lockpz,sylvanas,330,warlock,destruction,18,5,13
Fujiitøra,ysondre,329,warlock,destruction,11,5,6
Лвнг,gordunni,320,warlock,destruction,10,4,6
Malganas,sylvanas,320,warlock,destruction,16,4,12
Sapheâ,burning-legion,319,warlock,destruction,5,4,1
Chev,nemesis,319,warlock,destruction,5,4,1
Dragmetohêll,blackhand,288,warlock,destruction,6,3,3
Brolter,blackhand,288,warlock,destruction,6,3,3
Ogrez,nemesis,288,warlock,destruction,6,3,3
Darnax,pozzo-delleternità,288,warlock,destruction,6,3,3
Ðanilock,dun-modr,288,warlock,destruction,6,3,3
Belite,archimonde,288,warlock,destruction,6,3,3
Kírth,blackmoore,288,warlock,destruction,6,3,3
Friendlylock,quelthalas,288,warlock,destruction,6,3,3
Velgart,dun-modr,288,warlock,destruction,6,3,3
Lulokko,nemesis,288,warlock,destruction,6,3,3
Marakh,stormscale,288,warlock,destruction,6,3,3
Cpump,twisting-nether,288,warlock,destruction,6,3,3
Soulslugger,twisting-nether,288,warlock,destruction,6,3,3
Djshyasiañ,perenolde,288,warlock,destruction,6,3,3
Dmger,twisting-nether,288,warlock,destruction,6,3,3
Sodadogpìn,nemesis,288,warlock,destruction,6,3,3
Palmtri,stormscale,288,warlock,destruction,6,3,3
Epoku,stormscale,288,warlock,destruction,6,3,3
Drith,blades-edge,288,warlock,destruction,6,3,3
Seldonn,pozzo-delleternità,288,warlock,destruction,6,3,3
Ghosthound,stormscale,288,warlock,destruction,6,3,3
Tschiko,blackrock,288,warlock,destruction,6,3,3
Lemuriel,arthas,288,warlock,destruction,6,3,3
Zaklinator,twisting-nether,288,warlock,destruction,6,3,3
Givënchy,archimonde,288,warlock,destruction,6,3,3
Whitemagic,nemesis,288,warlock,destruction,6,3,3
Læssêkøñgð,twisting-nether,288,warlock,destruction,6,3,3
Huaian,darksorrow,288,warlock,destruction,6,3,3
Skizofrenia,zuljin,288,warlock,destruction,6,3,3
Annkî,aegwynn,288,warlock,destruction,6,3,3
Nêstêe,archimonde,288,warlock,destruction,6,3,3
Kaîdö,archimonde,288,warlock,destruction,6,3,3
Ìí,blackmoore,288,warlock,destruction,6,3,3
Гвадривер,howling-fjord,288,warlock,destruction,6,3,3
Awon,aegwynn,288,warlock,destruction,6,3,3
Dement,sanguino,288,warlock,destruction,6,3,3
Flamespitter,stormscale,288,warlock,destruction,6,3,3
Bluh,twisting-nether,288,warlock,destruction,6,3,3
Cthulhul,stormscale,288,warlock,destruction,6,3,3
Ароматныйх,howling-fjord,288,warlock,destruction,6,3,3
Cálamity,magtheridon,288,warlock,destruction,6,3,3
Chedipes,stormscale,288,warlock,destruction,6,3,3
Hiroyukí,frostmane,288,warlock,destruction,6,3,3
Thepl,dalaran,288,warlock,destruction,6,3,3
Saymore,ragnaros,288,warlock,destruction,6,3,3
Tibzx,stormscale,288,warlock,destruction,6,3,3
Mvplock,magtheridon,288,warlock,destruction,6,3,3
Adreal,burning-legion,288,warlock,destruction,6,3,3
Hairylock,outland,288,warlock,destruction,6,3,3
Fearylicious,burning-legion,288,warlock,destruction,6,3,3
Некусайсасай,galakrond,288,warlock,destruction,6,3,3
Volontáry,stormscale,288,warlock,destruction,6,3,3
Jiruga,blackrock,288,warlock,destruction,6,3,3
Slem,aerie-peak,288,warlock,destruction,6,3,3
Rokudaime,stormscale,288,warlock,destruction,6,3,3
Ninmockasin,stormscale,288,warlock,destruction,6,3,3
Akdan,ragnaros,288,warlock,destruction,6,3,3
Darkpush,outland,288,warlock,destruction,6,3,3
Fearhealer,blackmoore,288,warlock,destruction,6,3,3
Исусилок,deathguard,288,warlock,destruction,6,3,3
Zizzbrah,ragnaros,288,warlock,destruction,6,3,3
Øprøx,sanguino,288,warlock,destruction,6,3,3
Nethros,ragnaros,288,warlock,destruction,6,3,3
Lik,forscherliga,288,warlock,destruction,6,3,3
Винстролман,blackscar,288,warlock,destruction,6,3,3
Pekenina,outland,288,warlock,destruction,6,3,3
Jazggzgirl,blackmoore,288,warlock,destruction,6,3,3
Impsgalore,ravencrest,288,warlock,destruction,6,3,3
Данябандит,soulflayer,288,warlock,destruction,6,3,3
Gïzzmo,tarren-mill,288,warlock,destruction,6,3,3
Ремайка,gordunni,288,warlock,destruction,6,3,3
Anniemoon,silvermoon,288,warlock,destruction,6,3,3
Elmîr,blackmoore,288,warlock,destruction,6,3,3
Loriene,trollbane,288,warlock,destruction,6,3,3
Hazzikosby,ravencrest,288,warlock,destruction,6,3,3
Nerreboltz,tarren-mill,288,warlock,destruction,6,3,3
Biancalawson,argent-dawn,288,warlock,destruction,6,3,3
Mindfreak,turalyon,288,warlock,destruction,6,3,3
Calistria,argent-dawn,288,warlock,destruction,6,3,3
Safewagwan,auchindoun,288,warlock,destruction,6,3,3
Goatpuss,stormrage,288,warlock,destruction,6,3,3
Viclock,kazzak,288,warlock,destruction,6,3,3
Флорэтт,gordunni,288,warlock,destruction,6,3,3
Taylorg,blackmoore,288,warlock,destruction,6,3,3
Soulnia,defias-brotherhood,288,warlock,destruction,6,3,3
Aches,sylvanas,288,warlock,destruction,6,3,3
Kuntdotz,draenor,288,warlock,destruction,6,3,3
Neveah,festung-der-stürme,288,warlock,destruction,6,3,3
Widot,ravencrest,288,warlock,destruction,6,3,3
Rutena,ravencrest,288,warlock,destruction,6,3,3
Jeepsee,outland,288,warlock,destruction,6,3,3
Dexterlol,blackmoore,288,warlock,destruction,6,3,3
Lubomirek,turalyon,288,warlock,destruction,6,3,3
Динодотх,gordunni,288,warlock,destruction,6,3,3
Løvesøsa,ravencrest,288,warlock,destruction,6,3,3
Bestwarlock,ravencrest,288,warlock,destruction,6,3,3
Ascètic,kazzak,288,warlock,destruction,6,3,3
Toskanoamani,blackmoore,288,warlock,destruction,6,3,3
Rindo,conseil-des-ombres,288,warlock,destruction,6,3,3
Глотающий,gordunni,288,warlock,destruction,6,3,3
Amdownbad,kazzak,288,warlock,destruction,6,3,3
Darkspiros,tarren-mill,288,warlock,destruction,6,3,3
Maquan,blackmoore,288,warlock,destruction,6,3,3
Dekawa,ravencrest,288,warlock,destruction,6,3,3
Дядяджонн,gordunni,288,warlock,destruction,6,3,3
Рипхард,gordunni,288,warlock,destruction,6,3,3
Zozano,draenor,288,warlock,destruction,6,3,3
Besthun,drakthul,288,warlock,destruction,6,3,3
Yippz,kazzak,288,warlock,destruction,6,3,3
Ruinovino,outland,288,warlock,destruction,6,3,3
Lamboo,tarren-mill,288,warlock,destruction,6,3,3
Zabani,das-syndikat,288,warlock,destruction,6,3,3
Imatión,sylvanas,288,warlock,destruction,6,3,3
Нэрфир,soulflayer,288,warlock,destruction,6,3,3
Пачимучка,gordunni,288,warlock,destruction,6,3,3
Vladov,ravencrest,288,warlock,destruction,6,3,3
Frankieboi,drakthul,288,warlock,destruction,6,3,3
Demónfire,sylvanas,288,warlock,destruction,6,3,3
Lxié,ravencrest,288,warlock,destruction,6,3,3
Húxy,silvermoon,288,warlock,destruction,6,3,3
Demonologyz,ravencrest,288,warlock,destruction,6,3,3
Hammern,haomarush,288,warlock,destruction,6,3,3
Nargøf,outland,288,warlock,destruction,6,3,3
Brudergottes,blackmoore,288,warlock,destruction,6,3,3
Deamheòlas,ravencrest,288,warlock,destruction,6,3,3
Ðiablð,tarren-mill,288,warlock,destruction,6,3,3
Lockskalle,tarren-mill,288,warlock,destruction,6,3,3
Ubinaz,blackmoore,288,warlock,destruction,6,3,3
Drozhna,kaelthas,288,warlock,destruction,6,3,3
Omaleinfluch,antonidas,288,warlock,destruction,6,3,3
Zzooxx,silvermoon,288,warlock,destruction,6,3,3
Уанбаттон,gordunni,288,warlock,destruction,6,3,3
Lokdok,draenor,288,warlock,destruction,6,3,3
Aghmar,ravencrest,288,warlock,destruction,6,3,3
Mightnáré,tarren-mill,288,warlock,destruction,6,3,3
Mindzsonghó,ragnaros,288,warlock,destruction,7,3,4
Lostmind,doomhammer,288,warlock,destruction,11,3,8
Phéar,deathwing,288,warlock,destruction,12,3,9
Skyrender,argent-dawn,288,warlock,destruction,12,3,9
Dotzillâ,blackhand,288,warlock,destruction,12,3,9
Aloxer,sanguino,288,warlock,destruction,12,3,9
Киёкка,howling-fjord,288,warlock,destruction,12,3,9
Shelbys,tyrande,288,warlock,destruction,12,3,9
Маверрикк,gordunni,288,warlock,destruction,12,3,9
Пучкова,azuregos,288,warlock,destruction,12,3,9
Svartalfen,outland,288,warlock,destruction,12,3,9
Tiffyilock,blackrock,288,warlock,destruction,12,3,9
Heldis,outland,288,warlock,destruction,12,3,9
Xrathis,thunderhorn,288,warlock,destruction,12,3,9
Truckpunch,defias-brotherhood,288,warlock,destruction,12,3,9
Демирус,gordunni,288,warlock,destruction,12,3,9
Mitrela,ravencrest,288,warlock,destruction,12,3,9
Fear,outland,288,warlock,destruction,12,3,9
Варикай,gordunni,288,warlock,destruction,12,3,9
Tíktik,blackhand,288,warlock,destruction,12,3,9
Gooey,magtheridon,288,warlock,destruction,12,3,9
Rogzon,eredar,288,warlock,destruction,12,3,9
Leatherfvce,blackmoore,288,warlock,destruction,12,3,9
Jaír,turalyon,288,warlock,destruction,12,3,9
Werlock,sanguino,288,warlock,destruction,12,3,9
Faustes,alakir,288,warlock,destruction,12,3,9
Voib,silvermoon,288,warlock,destruction,12,3,9
Ladodida,darkspear,288,warlock,destruction,12,3,9
Kharless,kazzak,288,warlock,destruction,12,3,9
Merelock,eonar,288,warlock,destruction,12,3,9
Tepelkwastje,twisting-nether,288,warlock,destruction,12,3,9
Arizyoxot,twisting-nether,288,warlock,destruction,12,3,9
Valgg,tarren-mill,288,warlock,destruction,12,3,9
Swoksáar,blackmoore,288,warlock,destruction,12,3,9
Matheus,zenedar,288,warlock,destruction,12,3,9
Sebi,kirin-tor,288,warlock,destruction,12,3,9
Quief,silvermoon,288,warlock,destruction,12,3,9
Lillithx,stormscale,288,warlock,destruction,12,3,9
Daeneerys,skullcrusher,288,warlock,destruction,12,3,9
Brambam,stormrage,288,warlock,destruction,12,3,9
Nímdaa,stormscale,288,warlock,destruction,12,3,9
Jaines,forscherliga,288,warlock,destruction,12,3,9
Naginii,sanguino,288,warlock,destruction,18,3,15
Fewton,eonar,288,warlock,destruction,18,3,15
Нагибатель,howling-fjord,288,warlock,destruction,18,3,15
Imbasimba,sylvanas,287,warlock,destruction,8,4,4
Galagoat,archimonde,287,warlock,destruction,6,3,3
Wegart,sylvanas,287,warlock,destruction,6,3,3
Lárgo,chamber-of-aspects,271,warlock,destruction,11,3,8
Absúrd,turalyon,240,warlock,destruction,9,3,6
Insertchaos,draenor,239,warlock,destruction,5,3,2
Brushiè,kazzak,239,warlock,destruction,5,3,2
Chimera,mugthol,239,warlock,destruction,11,3,8
Darthdotz,outland,234,warlock,destruction,7,4,3
Sineko,twisting-nether,233,warlock,destruction,11,6,5
Kemuruss,kazzak,208,warlock,destruction,7,3,4
Ðankan,aegwynn,192,warlock,destruction,4,3,1
Vortëxx,tarren-mill,192,warlock,destruction,9,3,6
Grandulf,ravencrest,192,warlock,destruction,6,2,4
Werkx,archimonde,192,warlock,destruction,6,2,4
Kleing,dragonblight,192,warlock,destruction,6,2,4
Dødheim,malganis,192,warlock,destruction,6,2,4
Snoggä,antonidas,192,warlock,destruction,6,2,4
Ívânguldán,twisting-nether,192,warlock,destruction,6,2,4
Somalidog,ravencrest,192,warlock,destruction,6,2,4
Hacknator,aegwynn,192,warlock,destruction,6,2,4
Malfari,zuljin,192,warlock,destruction,6,2,4
Degdeehei,draenor,192,warlock,destruction,6,2,4
Lightswitchz,ravencrest,192,warlock,destruction,6,2,4
Revvolt,tarren-mill,192,warlock,destruction,6,2,4
Angrythots,draenor,192,warlock,destruction,6,2,4
Chuntlock,shadowsong,192,warlock,destruction,6,2,4
Merengue,uldum,192,warlock,destruction,6,2,4
Houndread,kazzak,192,warlock,destruction,6,2,4
Meshekinoqua,tarren-mill,192,warlock,destruction,6,2,4
Spiciously,antonidas,192,warlock,destruction,6,2,4
Хоратхе,soulflayer,192,warlock,destruction,6,2,4
Sôshy,thrall,192,warlock,destruction,6,2,4
Piouturass,hyjal,192,warlock,destruction,6,2,4
Omnipótent,moonglade,192,warlock,destruction,6,2,4
Coviddotter,stormscale,192,warlock,destruction,6,2,4
Öhö,blackrock,192,warlock,destruction,6,2,4
Tragus,ghostlands,192,warlock,destruction,6,2,4
Mákas,draenor,192,warlock,destruction,6,2,4
Sanwich,dun-modr,192,warlock,destruction,6,2,4
Agonux,twisting-nether,192,warlock,destruction,6,2,4
Bloodysûgar,blackmoore,192,warlock,destruction,6,2,4
Локеда,deathguard,192,warlock,destruction,6,2,4
Belzedan,blackrock,192,warlock,destruction,6,2,4
Splojf,the-maelstrom,192,warlock,destruction,6,2,4
Nedhriix,drakthul,192,warlock,destruction,6,2,4
Smoulville,sanguino,192,warlock,destruction,6,2,4
Kabowie,twisting-nether,192,warlock,destruction,6,2,4
Shuggul,draenor,192,warlock,destruction,6,2,4
Jaliyah,outland,192,warlock,destruction,6,2,4
Guldän,quelthalas,192,warlock,destruction,6,2,4
Kuzimu,aerie-peak,192,warlock,destruction,6,2,4
Jöhanan,twisting-nether,192,warlock,destruction,6,2,4
Майдум,soulflayer,192,warlock,destruction,6,2,4
Cptdotalot,tarren-mill,192,warlock,destruction,6,2,4
Semhein,twisting-nether,192,warlock,destruction,6,2,4
Fixwarlock,blackmoore,192,warlock,destruction,6,2,4
Nazw,ravencrest,192,warlock,destruction,6,2,4
Purplehelmet,argent-dawn,192,warlock,destruction,6,2,4
Necrofearz,sylvanas,192,warlock,destruction,6,2,4
Øupas,ysondre,192,warlock,destruction,6,2,4
Nâzgrel,tarren-mill,192,warlock,destruction,6,2,4
Taralle,ysondre,192,warlock,destruction,6,2,4
Astralvoid,outland,192,warlock,destruction,6,2,4
Cobràk,stormscale,192,warlock,destruction,6,2,4
Dinolock,antonidas,192,warlock,destruction,6,2,4
Haxs,ravencrest,192,warlock,destruction,6,2,4
Nerflocks,aggra-português,192,warlock,destruction,6,2,4
Siìre,ravencrest,192,warlock,destruction,6,2,4
Sinlockz,tarren-mill,192,warlock,destruction,6,2,4
Prydzor,archimonde,192,warlock,destruction,6,2,4
Whórélóck,ravencrest,192,warlock,destruction,6,2,4
Zagana,neptulon,192,warlock,destruction,6,2,4
Drfresh,dun-modr,192,warlock,destruction,6,2,4
Prestige,nemesis,192,warlock,destruction,6,2,4
Lockerby,kazzak,192,warlock,destruction,6,2,4
Шэдоубёрн,soulflayer,192,warlock,destruction,6,2,4
Efekentli,frostwolf,192,warlock,destruction,6,2,4
Zigfipszen,blackmoore,192,warlock,destruction,6,2,4
Ðaddyy,stormscale,192,warlock,destruction,6,2,4
Kemel,thrall,192,warlock,destruction,6,2,4
Шизуи,borean-tundra,192,warlock,destruction,6,2,4
Zhulthan,ravencrest,192,warlock,destruction,6,2,4
Benztruck,blackhand,192,warlock,destruction,6,2,4
Levitibus,argent-dawn,192,warlock,destruction,6,2,4
Zòóf,stormscale,192,warlock,destruction,6,2,4
Toshiku,aggra-português,192,warlock,destruction,6,2,4
Durátor,ravencrest,192,warlock,destruction,6,2,4
Letor,sanguino,192,warlock,destruction,6,2,4
Creamcleaner,tarren-mill,192,warlock,destruction,6,2,4
Æyna,thrall,192,warlock,destruction,6,2,4
Incubith,ravencrest,192,warlock,destruction,6,2,4
Aváne,outland,192,warlock,destruction,6,2,4
Cindela,eredar,192,warlock,destruction,6,2,4
Хашонмвп,gordunni,192,warlock,destruction,6,2,4
Dêmön,arathi,192,warlock,destruction,6,2,4
Repah,doomhammer,192,warlock,destruction,6,2,4
Grilljédén,blackrock,192,warlock,destruction,6,2,4
Bulgyeøng,archimonde,192,warlock,destruction,6,2,4
Vextos,draenor,192,warlock,destruction,6,2,4
Meapx,ragnaros,192,warlock,destruction,6,2,4
Ravendoor,grim-batol,192,warlock,destruction,6,2,4
Ralys,draenor,192,warlock,destruction,6,2,4
Kwanzaa,ravencrest,192,warlock,destruction,6,2,4
Емс,gordunni,192,warlock,destruction,6,2,4
Necrochiller,tarren-mill,192,warlock,destruction,6,2,4
Zenaidaa,doomhammer,192,warlock,destruction,6,2,4
Elfex,ragnaros,192,warlock,destruction,6,2,4
Ght,outland,192,warlock,destruction,6,2,4
Kedrat,die-aldor,192,warlock,destruction,6,2,4
Laynih,blackrock,192,warlock,destruction,6,2,4
Saabnoolock,ragnaros,192,warlock,destruction,6,2,4
Zmataryn,doomhammer,192,warlock,destruction,6,2,4
Selur,ragnaros,192,warlock,destruction,6,2,4
Whydidudotha,ravencrest,192,warlock,destruction,6,2,4
Rojas,trollbane,192,warlock,destruction,6,2,4
Карамбут,fordragon,192,warlock,destruction,6,2,4
Wezen,stormscale,192,warlock,destruction,6,2,4
Ангебор,howling-fjord,192,warlock,destruction,6,2,4
Caiiden,kazzak,192,warlock,destruction,6,2,4
Zkrwl,kazzak,192,warlock,destruction,6,2,4
Cosec,silvermoon,192,warlock,destruction,6,2,4
Qullnius,kazzak,192,warlock,destruction,6,2,4
Ashhlock,silvermoon,192,warlock,destruction,6,2,4
Bubalock,silvermoon,192,warlock,destruction,6,2,4
Cuufi,silvermoon,192,warlock,destruction,6,2,4
Kathrose,silvermoon,192,warlock,destruction,6,2,4
Thîras,tarren-mill,192,warlock,destruction,7,2,5
Lockydavé,outland,192,warlock,destruction,12,2,10
Bigusdicus,aszune,192,warlock,destruction,12,2,10
Punishteens,blackmoore,192,warlock,destruction,12,2,10
Kopfkissen,azshara,192,warlock,destruction,12,2,10
Necrophagus,outland,192,warlock,destruction,12,2,10
Nimwyn,argent-dawn,192,warlock,destruction,12,2,10
Srhal,blackmoore,192,warlock,destruction,12,2,10
Наруту,gordunni,192,warlock,destruction,12,2,10
Agathaharkne,minahonda,192,warlock,destruction,12,2,10
Themits,executus,192,warlock,destruction,12,2,10
Нэйрокризиз,howling-fjord,192,warlock,destruction,12,2,10
Michtv,hyjal,192,warlock,destruction,12,2,10
Amnésïa,eldrethalas,192,warlock,destruction,12,2,10
Sarómán,ravencrest,192,warlock,destruction,12,2,10
Titoss,archimonde,192,warlock,destruction,12,2,10
Kiriforce,blackmoore,192,warlock,destruction,12,2,10
Mambra,sylvanas,192,warlock,destruction,12,2,10
Shallän,dun-modr,192,warlock,destruction,12,2,10
Àbraxàs,nemesis,192,warlock,destruction,12,2,10
Skratti,lightnings-blade,192,warlock,destruction,12,2,10
Zùrghan,elune,191,warlock,destruction,4,3,1
Migyardondup,exodar,191,warlock,destruction,6,2,4
Ribtic,draenor,191,warlock,destruction,6,2,4
Karjarock,hyjal,191,warlock,destruction,12,2,10
Gaios,skullcrusher,191,warlock,destruction,18,2,16
Lockbubs,draenor,175,warlock,destruction,11,2,9
Jiltoks,blackmoore,159,warlock,destruction,5,2,3
Grimlòck,antonidas,159,warlock,destruction,5,2,3
Dony,dun-morogh,159,warlock,destruction,5,2,3
Hp,ysondre,159,warlock,destruction,5,2,3
Lemonzx,stormscale,159,warlock,destruction,5,2,3
Culetto,the-venture-co,159,warlock,destruction,5,2,3
Pewnedmpx,archimonde,159,warlock,destruction,5,2,3
Smolpussgodx,ragnaros,144,warlock,destruction,3,3,0
Dusken,kazzak,144,warlock,destruction,3,3,0
Kalilumpa,festung-der-stürme,144,warlock,destruction,9,2,7
Talt,dalaran,138,warlock,destruction,9,5,4
Jabalock,mazrigos,138,warlock,destruction,9,5,4
Lockki,blades-edge,138,warlock,destruction,7,3,4
Vahk,uldum,138,warlock,destruction,7,3,4
Rb,anachronos,138,warlock,destruction,8,3,5
Wdauwg,nazjatar,138,warlock,destruction,9,3,6
Hhogyoku,dentarg,138,warlock,destruction,10,3,7
Belzzebuth,silvermoon,128,warlock,destruction,10,2,8
Перегном,blackscar,127,warlock,destruction,8,2,6
Neijihbolt,blackrock,112,warlock,destruction,7,2,5
Mqsxw,stormscale,112,warlock,destruction,7,2,5
Mergon,ravencrest,96,warlock,destruction,3,2,1
Mulimarus,die-todeskrallen,96,warlock,destruction,3,2,1
Dannyboi,drakthul,96,warlock,destruction,3,2,1
Tiig,blackrock,96,warlock,destruction,6,1,5
Цетрелисс,gordunni,96,warlock,destruction,6,1,5
Kærastan,sylvanas,96,warlock,destruction,6,1,5
Паникс,gordunni,96,warlock,destruction,6,1,5
Ackorax,kilrogg,96,warlock,destruction,6,1,5
Fuglylock,the-maelstrom,96,warlock,destruction,6,1,5
Язлаякиска,soulflayer,96,warlock,destruction,6,1,5
Vîerdotcom,blackrock,96,warlock,destruction,6,1,5
Камнилока,booty-bay,96,warlock,destruction,6,1,5
Enmakorogi,twisting-nether,96,warlock,destruction,6,1,5
Shompaqzan,kazzak,96,warlock,destruction,6,1,5
Maidson,blackrock,96,warlock,destruction,6,1,5
Yerslock,twisting-nether,96,warlock,destruction,6,1,5
Blëssed,aegwynn,96,warlock,destruction,6,1,5
Aenygma,jaedenar,96,warlock,destruction,6,1,5
Isanê,blackrock,96,warlock,destruction,6,1,5
Mursha,auchindoun,96,warlock,destruction,6,1,5
Нотимба,gordunni,96,warlock,destruction,6,1,5
Indifférence,archimonde,96,warlock,destruction,6,1,5
Wt,twisting-nether,96,warlock,destruction,6,1,5
Иммолэйтх,gordunni,96,warlock,destruction,6,1,5
Redî,kazzak,96,warlock,destruction,6,1,5
Utuklululu,archimonde,96,warlock,destruction,6,1,5
Сквиртонитх,howling-fjord,96,warlock,destruction,6,1,5
Gendo,twisting-nether,96,warlock,destruction,6,1,5
Wolramir,thrall,96,warlock,destruction,6,1,5
Kärringjävel,chamber-of-aspects,96,warlock,destruction,6,1,5
Eleriya,argent-dawn,96,warlock,destruction,6,1,5
Kathuum,outland,96,warlock,destruction,6,1,5
Musallat,argent-dawn,96,warlock,destruction,6,1,5
Discolocken,outland,96,warlock,destruction,6,1,5
Désolaté,kazzak,96,warlock,destruction,6,1,5
Gutras,ragnaros,96,warlock,destruction,6,1,5
Dabezdwl,outland,96,warlock,destruction,6,1,5
Thaliä,tarren-mill,96,warlock,destruction,6,1,5
Xvron,tarren-mill,96,warlock,destruction,6,1,5
Fell,outland,96,warlock,destruction,6,1,5
Znaj,tarren-mill,96,warlock,destruction,6,1,5
Khandar,aegwynn,96,warlock,destruction,6,1,5
Tanatos,tarren-mill,96,warlock,destruction,6,1,5
Lomendro,blackmoore,96,warlock,destruction,6,1,5
Bytethisx,aggra-português,96,warlock,destruction,6,1,5
Nulo,aggra-português,96,warlock,destruction,6,1,5
Seriasa,blackmoore,96,warlock,destruction,6,1,5
Risujemma,stormreaver,96,warlock,destruction,6,1,5
Cruello,ragnaros,96,warlock,destruction,6,1,5
Sargasus,kazzak,96,warlock,destruction,6,1,5
Walchia,kazzak,96,warlock,destruction,6,1,5
Gulzgan,kazzak,96,warlock,destruction,6,1,5
Azgaroth,kazzak,96,warlock,destruction,6,1,5
Nècrøphila,kazzak,96,warlock,destruction,6,1,5
Zeirat,tarren-mill,96,warlock,destruction,6,1,5
Zapplock,frostwolf,96,warlock,destruction,6,1,5
Mattihoh,rexxar,96,warlock,destruction,6,1,5
Bigbabalock,frostwolf,96,warlock,destruction,6,1,5
Sanghá,frostwolf,96,warlock,destruction,6,1,5
Czteryka,silvermoon,96,warlock,destruction,6,1,5
Ionutmanea,ravencrest,96,warlock,destruction,6,1,5
Snollerboy,antonidas,96,warlock,destruction,6,1,5
Meisterhexe,taerar,96,warlock,destruction,6,1,5
Ezgamebruh,turalyon,96,warlock,destruction,6,1,5
Buyala,stormscale,96,warlock,destruction,6,1,5
Neuth,draenor,96,warlock,destruction,6,1,5
Feliciousx,draenor,96,warlock,destruction,6,1,5
Chaostheory,stormscale,96,warlock,destruction,6,1,5
Jujalari,stormscale,96,warlock,destruction,6,1,5
Lilskunk,draenor,96,warlock,destruction,6,1,5
Harrydôtta,blackmoore,96,warlock,destruction,6,1,5
Krabauf,eredar,96,warlock,destruction,6,1,5
Gothgul,sanguino,96,warlock,destruction,6,1,5
Xuloth,ravencrest,96,warlock,destruction,6,1,5
Harrasmus,ravencrest,96,warlock,destruction,6,1,5
Rigour,silvermoon,96,warlock,destruction,6,1,5
Hivxherpes,ravencrest,96,warlock,destruction,6,1,5
Pablø,silvermoon,96,warlock,destruction,6,1,5
Hørcrux,ravencrest,96,warlock,destruction,6,1,5
Mahishi,ravencrest,96,warlock,destruction,6,1,5
Raest,arygos,96,warlock,destruction,6,1,5
Infinitefire,ravencrest,96,warlock,destruction,6,1,5
Növnöv,madmortem,96,warlock,destruction,6,1,5
Mortvivants,kirin-tor,96,warlock,destruction,6,1,5
Dadcrush,antonidas,96,warlock,destruction,6,1,5
Ramuhn,antonidas,96,warlock,destruction,6,1,5
Chaotick,bronze-dragonflight,96,warlock,destruction,6,1,5
Omnath,alakir,96,warlock,destruction,6,1,5
Löck,kirin-tor,96,warlock,destruction,6,1,5
Pichwise,draenor,96,warlock,destruction,6,1,5
Ipme,sanguino,96,warlock,destruction,6,1,5
Reiukh,frostwolf,96,warlock,destruction,6,1,5
Satânius,les-sentinelles,96,warlock,destruction,6,1,5
Trinox,teldrassil,96,warlock,destruction,6,1,5
Tyranuzz,norgannon,96,warlock,destruction,6,1,5
Daemonic,shattered-hand,96,warlock,destruction,6,1,5
Ozzycrøwly,illidan,96,warlock,destruction,15,2,13
Methmuncher,twisting-nether,96,warlock,destruction,8,1,7
Alithia,sylvanas,96,warlock,destruction,12,1,11
Deathdawning,draenor,96,warlock,destruction,12,1,11
Gainel,exodar,96,warlock,destruction,12,1,11
Malagate,sylvanas,96,warlock,destruction,12,1,11
Democraft,the-maelstrom,96,warlock,destruction,12,1,11
Wuahlock,doomhammer,96,warlock,destruction,12,1,11
Реймей,blackscar,96,warlock,destruction,12,1,11
Grêenbull,eredar,96,warlock,destruction,15,1,14
Magosnik,archimonde,79,warlock,destruction,5,1,4
Mesîkatayut,outland,79,warlock,destruction,11,1,10
Tranas,ragnaros,64,warlock,destruction,4,1,3
Néca,blackmoore,64,warlock,destruction,4,1,3
Malariaa,defias-brotherhood,63,warlock,destruction,2,2,0
Coblac,outland,48,warlock,destruction,3,1,2
Colevid,blackmoore,42,warlock,destruction,6,2,4
Anthor,tarren-mill,42,warlock,destruction,8,2,6
Obichamcici,tarren-mill,42,warlock,destruction,8,2,6
Stonedup,alonsus,42,warlock,destruction,8,2,6
Rockstarr,dalaran,42,warlock,destruction,10,2,8
Kotihoitaja,stormreaver,42,warlock,destruction,10,2,8
Zuldiá,stormscale,32,warlock,destruction,2,2,0
Chandelierh,kazzak,31,warlock,destruction,2,1,1
Kiraxplode,nemesis,31,warlock,destruction,2,1,1
Reconnected,drakthul,31,warlock,destruction,2,1,1
Orkamorfin,silvermoon,16,warlock,destruction,1,1,0
Kemmler,steamwheedle-cartel,16,warlock,destruction,1,1,0
Níkâ,aegwynn,16,warlock,destruction,1,1,0
Langneur,ysondre,2225,warlock,affliction,102,56,46
Bualock,sylvanas,2167,warlock,affliction,84,52,32
Härèsß,dun-modr,2131,warlock,affliction,108,64,44
Tágsy,ravencrest,2130,warlock,affliction,90,47,43
Fruits,ysondre,2108,warlock,affliction,89,44,45
Angryfránk,outland,2100,warlock,affliction,197,105,92
Micol,doomhammer,2091,warlock,affliction,90,44,46
Arukekz,blackmoore,2058,warlock,affliction,84,43,41
Boogeyboyx,stormscale,2056,warlock,affliction,101,59,42
Chobitas,ravencrest,2045,warlock,affliction,132,68,64
Darksooul,xavius,2015,warlock,affliction,84,51,33
Southylolz,stormscale,2015,warlock,affliction,71,36,35
Hædês,antonidas,1990,warlock,affliction,132,67,65
Nickrosh,terokkar,1989,warlock,affliction,66,39,27
Arussj,blackrock,1984,warlock,affliction,62,33,29
Тагочи,gordunni,1979,warlock,affliction,77,37,40
Rutena,ravencrest,1972,warlock,affliction,78,41,37
Magonyth,tarren-mill,1963,warlock,affliction,71,41,30
Celebí,blackmoore,1959,warlock,affliction,66,40,26
Gulzot,turalyon,1952,warlock,affliction,95,52,43
Мрорбит,howling-fjord,1944,warlock,affliction,54,27,27
Kärme,archimonde,1932,warlock,affliction,323,162,161
Southyx,stormscale,1928,warlock,affliction,77,40,37
Steckenpferd,blackmoore,1924,warlock,affliction,48,27,21
Qyburn,drekthar,1923,warlock,affliction,66,40,26
Southy,stormscale,1918,warlock,affliction,48,25,23
Mïta,hyjal,1904,warlock,affliction,48,27,21
Infernion,stormscale,1891,warlock,affliction,51,33,18
Nesme,sylvanas,1890,warlock,affliction,59,28,31
Gezer,tarren-mill,1880,warlock,affliction,98,54,44
Skrumpis,draenor,1880,warlock,affliction,209,106,103
Kaspersdame,ravencrest,1870,warlock,affliction,207,101,106
Debz,twisting-nether,1864,warlock,affliction,118,71,47
Plsdîe,twisting-nether,1862,warlock,affliction,65,37,28
Perpetual,eredar,1857,warlock,affliction,42,23,19
Fsandtwo,ravencrest,1848,warlock,affliction,62,33,29
Блудгэнг,blackscar,1847,warlock,affliction,48,21,27
Buffdemo,blackmoore,1845,warlock,affliction,30,21,9
Kasoy,doomhammer,1837,warlock,affliction,160,84,76
Xfz,stormscale,1835,warlock,affliction,102,57,45
Cassen,outland,1833,warlock,affliction,60,31,29
Getfaked,nordrassil,1832,warlock,affliction,54,28,26
Bäle,stormreaver,1831,warlock,affliction,48,29,19
Пчелокнижник,howling-fjord,1831,warlock,affliction,42,25,17
Oarz,blackrock,1828,warlock,affliction,101,61,40
Southylol,stormscale,1828,warlock,affliction,96,47,49
Mediumpotato,blackhand,1824,warlock,affliction,48,26,22
Sad,lightnings-blade,1821,warlock,affliction,82,32,50
Xvq,twisting-nether,1819,warlock,affliction,106,67,39
Malddog,turalyon,1813,warlock,affliction,131,75,56
Hladankurac,twisting-nether,1813,warlock,affliction,56,31,25
Nightìngale,silvermoon,1813,warlock,affliction,98,54,44
Limoges,archimonde,1809,warlock,affliction,66,41,25
Nêverse,archimonde,1805,warlock,affliction,30,19,11
Wldot,ravencrest,1802,warlock,affliction,42,24,18
Monsterz,archimonde,1801,warlock,affliction,88,47,41
Alliyâh,archimonde,1795,warlock,affliction,118,54,64
Garebigger,blackrock,1785,warlock,affliction,182,84,98
Bankstair,stormscale,1779,warlock,affliction,105,58,47
Infïnitýx,silvermoon,1732,warlock,affliction,89,46,43
Архкингсдум,galakrond,1732,warlock,affliction,64,31,33
Vîmø,antonidas,1726,warlock,affliction,112,63,49
Zodiiacc,ravencrest,1723,warlock,affliction,66,32,34
Trâshxd,sanguino,1719,warlock,affliction,66,42,24
Baz,anubarak,1717,warlock,affliction,56,24,32
Brainsoup,burning-blade,1716,warlock,affliction,132,70,62
Neoe,stormscale,1707,warlock,affliction,161,81,80
Ммоохх,gordunni,1702,warlock,affliction,42,18,24
Фламмэнх,soulflayer,1701,warlock,affliction,48,27,21
Graveflesh,burning-blade,1700,warlock,affliction,191,93,98
Oldboy,auchindoun,1682,warlock,affliction,96,50,46
Fear,auchindoun,1676,warlock,affliction,41,22,19
Demonkïng,archimonde,1667,warlock,affliction,114,57,57
Lurkkis,ravencrest,1661,warlock,affliction,47,22,25
Emreys,argent-dawn,1656,warlock,affliction,139,73,66
Yokûjin,twisting-nether,1650,warlock,affliction,49,22,27
Nekrosd,tarren-mill,1646,warlock,affliction,84,46,38
Smøkê,tarren-mill,1646,warlock,affliction,314,170,144
Локбезног,soulflayer,1639,warlock,affliction,48,30,18
Zeinth,sanguino,1636,warlock,affliction,78,43,35
Олимта,blackscar,1634,warlock,affliction,124,66,58
Dondot,frostmane,1630,warlock,affliction,66,39,27
Навидд,howling-fjord,1626,warlock,affliction,60,36,24
Termss,ravencrest,1626,warlock,affliction,320,164,156
Ketzu,hyjal,1626,warlock,affliction,118,59,59
Rottndot,stormscale,1624,warlock,affliction,72,40,32
Prelest,arathor,1620,warlock,affliction,24,17,7
Ржоммба,soulflayer,1618,warlock,affliction,66,38,28
Kajanova,stormscale,1618,warlock,affliction,90,49,41
Acentro,stormscale,1615,warlock,affliction,51,32,19
Pinacholadá,norgannon,1614,warlock,affliction,30,22,8
Shannzo,stormscale,1614,warlock,affliction,30,17,13
Ashhlock,silvermoon,1613,warlock,affliction,42,24,18
Сзот,howling-fjord,1612,warlock,affliction,42,22,20
Разъелвал,blackscar,1611,warlock,affliction,126,76,50
Mortvivants,kirin-tor,1610,warlock,affliction,79,43,36
Мокито,grom,1609,warlock,affliction,36,18,18
Orsoyopoyo,nemesis,1607,warlock,affliction,30,20,10
Mîná,ravencrest,1607,warlock,affliction,51,30,21
Apathia,stormscale,1603,warlock,affliction,24,17,7
Magonyth,ravencrest,1600,warlock,affliction,30,19,11
Асальвэйд,gordunni,1600,warlock,affliction,64,35,29
Нэрфир,soulflayer,1600,warlock,affliction,42,22,20
Jaines,forscherliga,1599,warlock,affliction,41,25,16
Журанайсбой,blackscar,1598,warlock,affliction,30,21,9
Shayexen,tarren-mill,1596,warlock,affliction,47,28,19
Methroz,burning-legion,1592,warlock,affliction,60,28,32
Ремайка,gordunni,1577,warlock,affliction,146,73,73
Modernmisery,kazzak,1574,warlock,affliction,186,93,93
Rottenbooty,argent-dawn,1571,warlock,affliction,59,33,26
Jlcreverso,eredar,1563,warlock,affliction,28,18,10
Htaedfo,tarren-mill,1561,warlock,affliction,72,39,33
Corbbolt,drakthul,1559,warlock,affliction,50,26,24
Trevium,nemesis,1555,warlock,affliction,76,43,33
Soezzlock,archimonde,1551,warlock,affliction,153,83,70
Lollock,teldrassil,1549,warlock,affliction,24,17,7
Farzokonan,archimonde,1549,warlock,affliction,138,75,63
Оксси,fordragon,1549,warlock,affliction,48,24,24
Yosiya,draenor,1546,warlock,affliction,69,34,35
Candyman,bronze-dragonflight,1543,warlock,affliction,156,80,76
Винстролман,blackscar,1540,warlock,affliction,114,69,45
Lánfeár,draenor,1539,warlock,affliction,335,171,164
Ascètic,kazzak,1536,warlock,affliction,83,42,41
Gneticz,aegwynn,1534,warlock,affliction,42,24,18
Сентимент,gordunni,1534,warlock,affliction,59,29,30
Osyx,ravencrest,1534,warlock,affliction,36,16,20
Slf,the-maelstrom,1533,warlock,affliction,58,35,23
Itiswhatitis,ravencrest,1532,warlock,affliction,36,16,20
Marklock,drakthul,1529,warlock,affliction,84,53,31
Kayako,kul-tiras,1529,warlock,affliction,74,32,42
Nerfwarriors,stormscale,1528,warlock,affliction,42,28,14
Vregor,twisting-nether,1527,warlock,affliction,28,17,11
Müdür,burning-legion,1516,warlock,affliction,173,97,76
Nightsnake,deathwing,1516,warlock,affliction,114,50,64
Сайденас,gordunni,1508,warlock,affliction,59,26,33
Saraconnor,burning-legion,1506,warlock,affliction,72,41,31
Dezznut,blackhand,1506,warlock,affliction,89,48,41
Soulslugger,twisting-nether,1506,warlock,affliction,48,23,25
Katâra,tarren-mill,1505,warlock,affliction,80,36,44
Talt,dalaran,1501,warlock,affliction,86,52,34
Soffie,blackrock,1501,warlock,affliction,48,23,25
Olympïe,archimonde,1500,warlock,affliction,42,17,25
Drekkrog,chogall,1490,warlock,affliction,30,16,14
Franta,chromaggus,1488,warlock,affliction,35,21,14
Боризыч,gordunni,1487,warlock,affliction,125,67,58
Tøpdmg,die-aldor,1486,warlock,affliction,47,24,23
Waatschnbaam,eredar,1484,warlock,affliction,60,26,34
Bowti,ravencrest,1484,warlock,affliction,54,20,34
Exorbïtant,blackrock,1477,warlock,affliction,150,76,74
Лысыйлокоть,soulflayer,1475,warlock,affliction,36,18,18
Mty,bronze-dragonflight,1475,warlock,affliction,105,51,54
Belíos,stormscale,1469,warlock,affliction,51,31,20
Spiritawayx,lightbringer,1467,warlock,affliction,24,18,6
Floron,silvermoon,1465,warlock,affliction,67,33,34
Depresive,aggra-português,1463,warlock,affliction,119,66,53
Shaarak,blackrock,1463,warlock,affliction,57,27,30
Влицотьмой,gordunni,1462,warlock,affliction,43,23,20
Адоха,howling-fjord,1460,warlock,affliction,42,22,20
Murphloc,silvermoon,1458,warlock,affliction,76,40,36
Maidson,blackrock,1458,warlock,affliction,44,22,22
Yôi,nemesis,1457,warlock,affliction,36,19,17
Brustlino,nemesis,1455,warlock,affliction,30,17,13
Zakuri,blackmoore,1452,warlock,affliction,48,32,16
Titoss,archimonde,1451,warlock,affliction,78,40,38
Grimus,azuremyst,1447,warlock,affliction,42,18,24
Potterhotter,outland,1446,warlock,affliction,57,30,27
Auxi,the-maelstrom,1442,warlock,affliction,52,34,18
Azurma,tarren-mill,1439,warlock,affliction,24,15,9
Hivxherpes,ravencrest,1439,warlock,affliction,127,60,67
Kresyda,dun-modr,1439,warlock,affliction,36,15,21
Dispellthat,burning-legion,1438,warlock,affliction,31,16,15
Прогнившая,blackscar,1437,warlock,affliction,117,66,51
Dracsu,dun-modr,1436,warlock,affliction,160,82,78
Wezen,stormscale,1435,warlock,affliction,95,50,45
Robertóoo,burning-legion,1435,warlock,affliction,74,38,36
Kakiamagisa,twisting-nether,1431,warlock,affliction,52,35,17
Fredé,outland,1429,warlock,affliction,24,15,9
Zèlêph,archimonde,1428,warlock,affliction,42,26,16
Ebolara,aegwynn,1427,warlock,affliction,47,23,24
Itsfiftycent,outland,1426,warlock,affliction,84,48,36
Dannyel,mazrigos,1426,warlock,affliction,183,94,89
Шизуи,borean-tundra,1425,warlock,affliction,67,41,26
Warlokk,tarren-mill,1425,warlock,affliction,99,54,45
Нафлэпил,gordunni,1425,warlock,affliction,59,32,27
Äsmødée,dalaran,1425,warlock,affliction,175,87,88
Zêngâ,kazzak,1422,warlock,affliction,42,23,19
Demonologyz,ravencrest,1416,warlock,affliction,24,19,5
Gaminex,kazzak,1413,warlock,affliction,96,47,49
Lockwkrok,burning-legion,1412,warlock,affliction,148,73,75
Lokic,draenor,1409,warlock,affliction,42,19,23
Axapnon,ragnaros,1403,warlock,affliction,207,100,107
Tarilinwelli,les-sentinelles,1401,warlock,affliction,116,65,51
Cringetamer,silvermoon,1401,warlock,affliction,48,20,28
Nate,stormscale,1399,warlock,affliction,64,30,34
Белучи,howling-fjord,1393,warlock,affliction,24,16,8
Trythislock,crushridge,1392,warlock,affliction,35,20,15
Murua,silvermoon,1387,warlock,affliction,30,15,15
Dondada,aggra-português,1386,warlock,affliction,55,27,28
Dropxpvp,blackrock,1381,warlock,affliction,54,26,28
Сартеккс,gordunni,1380,warlock,affliction,71,40,31
Kavalierr,stormscale,1377,warlock,affliction,70,35,35
Teddyruineur,khaz-modan,1376,warlock,affliction,42,25,17
Pokifanone,tarren-mill,1376,warlock,affliction,29,16,13
Nhw,archimonde,1374,warlock,affliction,61,34,27
Balgo,blackmoore,1372,warlock,affliction,30,17,13
Киёкка,howling-fjord,1371,warlock,affliction,66,38,28
Колдунишка,fordragon,1370,warlock,affliction,263,142,121
Infectius,kazzak,1367,warlock,affliction,61,30,31
Phelola,sylvanas,1365,warlock,affliction,81,41,40
Délidumrul,stormscale,1364,warlock,affliction,30,20,10
Apokalyps,eldrethalas,1363,warlock,affliction,262,134,128
Лейссина,eversong,1357,warlock,affliction,101,50,51
Øprøx,sanguino,1356,warlock,affliction,17,15,2
Kyyuss,burning-legion,1354,warlock,affliction,36,15,21
Nîghtmare,outland,1353,warlock,affliction,35,20,15
Hòbó,outland,1353,warlock,affliction,51,28,23
Gash,malganis,1353,warlock,affliction,168,86,82
Brútality,nethersturm,1353,warlock,affliction,36,16,20
Akdan,ragnaros,1351,warlock,affliction,50,21,29
Satanizm,silvermoon,1349,warlock,affliction,36,19,17
Hathatchi,sylvanas,1343,warlock,affliction,52,29,23
Hirasawa,archimonde,1343,warlock,affliction,40,15,25
Whaii,ravencrest,1339,warlock,affliction,24,14,10
Anabolicbaby,draenor,1339,warlock,affliction,27,15,12
Degdeehei,draenor,1339,warlock,affliction,58,30,28
Дестроварлок,blackscar,1337,warlock,affliction,24,14,10
Primdåhl,ravencrest,1335,warlock,affliction,64,34,30
Twnia,the-maelstrom,1334,warlock,affliction,30,18,12
Pcbbwarlock,sylvanas,1333,warlock,affliction,192,104,88
Gryme,dalaran,1333,warlock,affliction,72,30,42
Passwoord,kazzak,1330,warlock,affliction,18,14,4
Vivek,grim-batol,1329,warlock,affliction,102,43,59
Bh,ragnaros,1327,warlock,affliction,24,14,10
Sublînê,blackmoore,1326,warlock,affliction,54,21,33
Mayline,kult-der-verdammten,1322,warlock,affliction,30,17,13
Sánas,blackhand,1322,warlock,affliction,54,26,28
Cgane,archimonde,1317,warlock,affliction,34,20,14
Hatenkou,silvermoon,1317,warlock,affliction,66,35,31
Крэдоу,soulflayer,1314,warlock,affliction,30,14,16
Themits,executus,1314,warlock,affliction,34,15,19
Hèrmit,kazzak,1313,warlock,affliction,30,20,10
Перегном,blackscar,1311,warlock,affliction,60,28,32
Датри,grom,1308,warlock,affliction,66,36,30
Getfeared,stormscale,1308,warlock,affliction,36,14,22
Deathpoid,draenor,1307,warlock,affliction,45,17,28
Sleethy,destromath,1306,warlock,affliction,36,18,18
Nesveti,kazzak,1305,warlock,affliction,29,20,9
Roglash,eredar,1304,warlock,affliction,92,50,42
Nihale,arakarahm,1304,warlock,affliction,64,29,35
Jegfaller,wildhammer,1299,warlock,affliction,78,39,39
Xanatas,nemesis,1298,warlock,affliction,24,14,10
Scaevóla,ravencrest,1297,warlock,affliction,42,24,18
Bästkusten,kazzak,1294,warlock,affliction,28,16,12
Assuz,eredar,1294,warlock,affliction,68,34,34
Urssul,kazzak,1289,warlock,affliction,24,16,8
Irnx,tarren-mill,1277,warlock,affliction,50,26,24
Izyguldamn,blackmoore,1276,warlock,affliction,48,16,32
Voost,aegwynn,1275,warlock,affliction,43,15,28
Phenolock,blackhand,1273,warlock,affliction,40,19,21
Zetsubo,drakthul,1270,warlock,affliction,105,55,50
Helventti,sylvanas,1269,warlock,affliction,28,14,14
Ukicha,burning-blade,1268,warlock,affliction,48,22,26
Inani,ragnaros,1265,warlock,affliction,36,15,21
Diseez,bronzebeard,1262,warlock,affliction,45,24,21
Mooncrásh,blackrock,1261,warlock,affliction,66,32,34
Самантаглу,blackscar,1260,warlock,affliction,58,33,25
Øzze,ysondre,1258,warlock,affliction,66,36,30
Tiwtera,draenor,1252,warlock,affliction,36,14,22
Ketem,zuljin,1251,warlock,affliction,126,63,63
Стафилокок,deepholm,1248,warlock,affliction,36,19,17
ßualock,sylvanas,1247,warlock,affliction,24,13,11
Kitingguru,stormscale,1247,warlock,affliction,24,13,11
Рашчер,gordunni,1247,warlock,affliction,30,13,17
Exoldboss,outland,1247,warlock,affliction,30,13,17
Yamadea,stormscale,1246,warlock,affliction,24,13,11
Ðïÿëñbïëñfüû,suramar,1246,warlock,affliction,30,13,17
Fearing,malganis,1239,warlock,affliction,30,13,17
Sïeur,archimonde,1238,warlock,affliction,24,13,11
Kerthan,malorne,1237,warlock,affliction,68,31,37
Actelia,the-venture-co,1237,warlock,affliction,38,15,23
Yowifeinmedm,draenor,1234,warlock,affliction,36,13,23
Shakuroz,frostwolf,1229,warlock,affliction,28,14,14
Dotieks,draenor,1228,warlock,affliction,114,58,56
Моргррет,soulflayer,1227,warlock,affliction,30,17,13
Soultire,ravencrest,1227,warlock,affliction,66,29,37
Drozhna,kaelthas,1222,warlock,affliction,36,13,23
Бенлоел,borean-tundra,1220,warlock,affliction,36,13,23
Vîerdotcom,blackrock,1215,warlock,affliction,18,13,5
Локистраик,borean-tundra,1214,warlock,affliction,47,19,28
Tsumde,dalaran,1207,warlock,affliction,44,16,28
Xerxia,blackrock,1205,warlock,affliction,42,25,17
Etsanctum,blackmoore,1204,warlock,affliction,48,17,31
Draklack,turalyon,1202,warlock,affliction,66,34,32
Бауглирх,howling-fjord,1199,warlock,affliction,29,13,16
Solitariøus,arathi,1198,warlock,affliction,66,31,35
Grimréaper,outland,1196,warlock,affliction,30,13,17
Âkâl,ravencrest,1194,warlock,affliction,23,13,10
Kyiüû,archimonde,1194,warlock,affliction,27,14,13
Nexyra,silvermoon,1194,warlock,affliction,195,95,100
Vaukras,stormscale,1194,warlock,affliction,62,29,33
Qena,outland,1194,warlock,affliction,42,18,24
Malagate,sylvanas,1190,warlock,affliction,48,20,28
Blackmagic,stormscale,1189,warlock,affliction,143,72,71
Lockyy,karazhan,1187,warlock,affliction,26,14,12
Swagzz,silvermoon,1185,warlock,affliction,60,33,27
Lockinasock,stormscale,1183,warlock,affliction,30,16,14
Sunetta,silvermoon,1182,warlock,affliction,68,34,34
Ainos,twisting-nether,1178,warlock,affliction,35,18,17
Nydek,cthun,1178,warlock,affliction,36,16,20
Luzi,arthas,1172,warlock,affliction,30,14,16
Wedlock,stormscale,1171,warlock,affliction,29,19,10
Huaian,darksorrow,1170,warlock,affliction,56,26,30
Hiimsûso,dun-modr,1170,warlock,affliction,65,30,35
Robodot,eredar,1166,warlock,affliction,42,17,25
Лютыйглад,blackscar,1157,warlock,affliction,57,26,31
Sluba,stormscale,1155,warlock,affliction,24,14,10
Toppluva,shattered-hand,1151,warlock,affliction,21,13,8
Xskyrov,blackmoore,1151,warlock,affliction,24,12,12
Sehk,stormreaver,1151,warlock,affliction,24,12,12
Dhraven,thrall,1151,warlock,affliction,87,41,46
Thereya,dun-morogh,1150,warlock,affliction,24,12,12
Darkrorr,drakthul,1150,warlock,affliction,24,12,12
Томрэдл,howling-fjord,1150,warlock,affliction,324,161,163
Cdztuwu,outland,1147,warlock,affliction,18,12,6
Walchia,kazzak,1147,warlock,affliction,83,44,39
Midgetlockx,ravencrest,1147,warlock,affliction,24,12,12
Trinox,teldrassil,1144,warlock,affliction,24,15,9
Yasa,khaz-modan,1142,warlock,affliction,51,31,20
Suskive,kaelthas,1141,warlock,affliction,24,12,12
Hacklock,silvermoon,1141,warlock,affliction,96,44,52
Asmonmald,stormscale,1139,warlock,affliction,120,52,68
Zeotrixie,stormscale,1138,warlock,affliction,24,12,12
Whocarezlock,stormscale,1135,warlock,affliction,27,13,14
Darkwootex,draenor,1131,warlock,affliction,21,13,8
Gamunkul,destromath,1129,warlock,affliction,61,22,39
Mendozaah,kazzak,1122,warlock,affliction,88,35,53
Requeims,outland,1119,warlock,affliction,22,12,10
Squadala,kaelthas,1115,warlock,affliction,30,15,15
Slowfatlock,ravencrest,1115,warlock,affliction,24,12,12
Dontargetme,draenor,1114,warlock,affliction,20,13,7
Felboar,quelthalas,1113,warlock,affliction,24,15,9
Toké,blackmoore,1106,warlock,affliction,28,14,14
Nicetime,nefarian,1102,warlock,affliction,24,13,11
Lockíe,twisting-nether,1093,warlock,affliction,23,12,11
Dótcom,draenor,1093,warlock,affliction,60,30,30
Cahoa,archimonde,1093,warlock,affliction,39,17,22
Горенджо,eversong,1092,warlock,affliction,26,13,13
Fraky,frostwhisper,1087,warlock,affliction,23,16,7
Глянемче,deathguard,1086,warlock,affliction,33,18,15
Консидёро,gordunni,1086,warlock,affliction,26,12,14
Мракодел,deathguard,1083,warlock,affliction,33,18,15
Ladodida,darkspear,1081,warlock,affliction,30,17,13
Diegomojes,silvermoon,1080,warlock,affliction,98,53,45
Sesshouin,alakir,1079,warlock,affliction,30,12,18
Modéus,ysondre,1074,warlock,affliction,72,33,39
Yahata,nethersturm,1072,warlock,affliction,42,22,20
Аксиманд,howling-fjord,1069,warlock,affliction,35,17,18
Rhyana,sylvanas,1065,warlock,affliction,28,12,16
Cokoladuocka,silvermoon,1063,warlock,affliction,60,26,34
Xakhmet,hellscream,1061,warlock,affliction,19,12,7
Mowxll,blackrock,1056,warlock,affliction,24,11,13
Dededot,ysondre,1055,warlock,affliction,18,11,7
Fräddan,draenor,1054,warlock,affliction,12,11,1
Miazmii,ragnaros,1054,warlock,affliction,18,11,7
Bigdamndots,twisting-nether,1054,warlock,affliction,18,11,7
Mjabowf,outland,1054,warlock,affliction,18,11,7
Beleghost,sylvanas,1054,warlock,affliction,24,11,13
Císuh,stormreaver,1053,warlock,affliction,24,11,13
Bulgyeøng,archimonde,1052,warlock,affliction,18,11,7
Boglock,argent-dawn,1052,warlock,affliction,24,11,13
Дотдозор,howling-fjord,1051,warlock,affliction,24,11,13
Mykóla,terokkar,1051,warlock,affliction,24,11,13
Lemuriel,arthas,1051,warlock,affliction,33,15,18
Favris,antonidas,1049,warlock,affliction,140,71,69
Azkarr,defias-brotherhood,1049,warlock,affliction,24,11,13
Zevil,emerald-dream,1047,warlock,affliction,24,11,13
Hodille,argent-dawn,1046,warlock,affliction,18,11,7
Vahgaz,burning-legion,1046,warlock,affliction,154,76,78
Vladov,ravencrest,1045,warlock,affliction,24,11,13
Møärdötd,aggra-português,1044,warlock,affliction,24,11,13
Fealer,magtheridon,1041,warlock,affliction,216,109,107
Blaizen,outland,1038,warlock,affliction,22,12,10
Тафуби,deathweaver,1037,warlock,affliction,18,11,7
Selenene,norgannon,1036,warlock,affliction,51,25,26
Nerdbane,blackrock,1033,warlock,affliction,18,11,7
Backblech,wrathbringer,1031,warlock,affliction,27,12,15
Xlara,argent-dawn,1027,warlock,affliction,130,63,67
Klone,die-todeskrallen,1026,warlock,affliction,27,12,15
Шайтанарба,blackscar,1025,warlock,affliction,42,25,17
Mæphysto,blackrock,1023,warlock,affliction,115,54,61
Gate,blackrock,1022,warlock,affliction,17,11,6
Cutt,chogall,1018,warlock,affliction,53,23,30
Bësly,khaz-modan,1013,warlock,affliction,18,12,6
Олдриг,ashenvale,1013,warlock,affliction,39,18,21
Ашимал,soulflayer,1010,warlock,affliction,20,12,8
Smuutil,drakthul,1009,warlock,affliction,25,12,13
Venoc,kazzak,1007,warlock,affliction,108,54,54
Oonz,sylvanas,1006,warlock,affliction,56,28,28
Skufi,uldum,1004,warlock,affliction,42,20,22
Vendømlørd,archimonde,1003,warlock,affliction,31,17,14
Bluenote,colinas-pardas,1002,warlock,affliction,48,24,24
Sovrìn,blackrock,1002,warlock,affliction,23,11,12
Prekt,ragnaros,1001,warlock,affliction,17,11,6
Zxcursed,doomhammer,1000,warlock,affliction,17,11,6
Korlox,antonidas,991,warlock,affliction,30,16,14
Araphel,twisting-nether,990,warlock,affliction,60,27,33
Бестий,fordragon,989,warlock,affliction,14,11,3
Сувала,soulflayer,988,warlock,affliction,35,17,18
Brítneyfears,azjolnerub,986,warlock,affliction,17,11,6
Bu,zirkel-des-cenarius,982,warlock,affliction,17,11,6
Principle,dunemaul,974,warlock,affliction,41,24,17
Qullnius,kazzak,971,warlock,affliction,34,12,22
Peonpedro,malganis,960,warlock,affliction,12,10,2
Dreamnyâsha,tarren-mill,960,warlock,affliction,18,10,8
Murdee,kazzak,960,warlock,affliction,18,10,8
Likee,eredar,960,warlock,affliction,30,10,20
Дагира,booty-bay,959,warlock,affliction,12,10,2
Balding,blackhand,959,warlock,affliction,18,10,8
Санявахтовик,blackscar,959,warlock,affliction,18,10,8
Hannen,blackrock,959,warlock,affliction,24,10,14
Drstyx,anetheron,959,warlock,affliction,30,10,20
Azaïdun,khaz-modan,958,warlock,affliction,18,10,8
Flyps,stormscale,958,warlock,affliction,18,10,8
Коплюнапони,blackscar,958,warlock,affliction,18,10,8
Снэйк,deathguard,956,warlock,affliction,18,10,8
Dxz,silvermoon,956,warlock,affliction,30,10,20
Dotloca,draenor,955,warlock,affliction,12,10,2
Omnath,alakir,955,warlock,affliction,24,10,14
Sylrathas,burning-legion,953,warlock,affliction,24,10,14
Prickster,kazzak,952,warlock,affliction,18,10,8
Аркейнмизери,howling-fjord,951,warlock,affliction,12,10,2
Waryald,dun-modr,945,warlock,affliction,30,10,20
Carlman,hyjal,940,warlock,affliction,18,10,8
Loriene,trollbane,940,warlock,affliction,29,11,18
Darkháte,blackhand,936,warlock,affliction,18,10,8
Uthdae,archimonde,933,warlock,affliction,36,13,23
Тэйлок,gordunni,932,warlock,affliction,24,14,10
Дакиса,gordunni,925,warlock,affliction,35,10,25
Richrichy,outland,923,warlock,affliction,42,18,24
Слававдвх,blackscar,914,warlock,affliction,53,25,28
Ashgron,burning-legion,909,warlock,affliction,18,10,8
Rasputia,thunderhorn,906,warlock,affliction,45,24,21
Artyrus,burning-legion,904,warlock,affliction,30,16,14
Letoupet,la-croisade-écarlate,904,warlock,affliction,42,21,21
Nukeem,karazhan,898,warlock,affliction,115,54,61
Парачо,eversong,864,warlock,affliction,12,9,3
Abinsur,drakthul,864,warlock,affliction,12,9,3
Demónfire,sylvanas,864,warlock,affliction,18,9,9
Gøzù,antonidas,864,warlock,affliction,18,9,9
Marcoil,kazzak,863,warlock,affliction,12,9,3
Smaúg,archimonde,863,warlock,affliction,18,9,9
Werkx,archimonde,863,warlock,affliction,18,9,9
Mundunugu,sanguino,863,warlock,affliction,18,9,9
Shyleen,argent-dawn,863,warlock,affliction,18,9,9
Пухи,blackscar,863,warlock,affliction,18,9,9
Luwuock,twisting-nether,863,warlock,affliction,24,9,15
Lipstickx,kul-tiras,863,warlock,affliction,24,9,15
Gaargamelo,blackmoore,863,warlock,affliction,24,9,15
Esmuel,argent-dawn,862,warlock,affliction,18,9,9
Aagon,antonidas,862,warlock,affliction,24,9,15
Tolgaa,draenor,862,warlock,affliction,28,10,18
Hitomitanaká,kazzak,862,warlock,affliction,28,9,19
Ívânguldán,twisting-nether,861,warlock,affliction,12,9,3
Clungesuck,argent-dawn,861,warlock,affliction,18,9,9
Zelhala,draenor,861,warlock,affliction,18,9,9
Mumutoaster,blackrock,860,warlock,affliction,12,9,3
Graell,drakthul,860,warlock,affliction,12,9,3
Iml,grim-batol,859,warlock,affliction,28,10,18
Локомания,gordunni,859,warlock,affliction,30,9,21
Ностра,gordunni,856,warlock,affliction,12,9,3
Cêebêry,frostwolf,856,warlock,affliction,18,9,9
Цзинкэ,gordunni,855,warlock,affliction,18,9,9
Pfizer,varimathras,854,warlock,affliction,18,9,9
Gulgash,blackrock,854,warlock,affliction,18,9,9
Iyna,blackmoore,853,warlock,affliction,18,9,9
Alithia,sylvanas,851,warlock,affliction,12,9,3
Sinsemilla,kazzak,846,warlock,affliction,18,9,9
Luckriel,draenor,839,warlock,affliction,18,9,9
Shazem,tarren-mill,830,warlock,affliction,23,9,14
Sladurana,eredar,829,warlock,affliction,42,18,24
Pøzzi,hyjal,807,warlock,affliction,22,10,12
Pipêz,blackmoore,795,warlock,affliction,28,9,19
Muc,sanguino,793,warlock,affliction,23,9,14
Braneiotqq,kazzak,777,warlock,affliction,26,10,16
Zlomozg,laughing-skull,768,warlock,affliction,12,8,4
Faermorn,kazzak,768,warlock,affliction,12,8,4
Sakkrethxd,hyjal,768,warlock,affliction,12,8,4
Noxtarius,thrall,768,warlock,affliction,12,8,4
Cârmondai,alleria,768,warlock,affliction,12,8,4
Vizour,tarren-mill,768,warlock,affliction,18,8,10
Rtsnmt,alakir,768,warlock,affliction,18,8,10
Decayez,thrall,768,warlock,affliction,18,8,10
Rudikiaz,sanguino,768,warlock,affliction,18,8,10
Демонтёлка,grom,767,warlock,affliction,14,10,4
Pistone,nemesis,767,warlock,affliction,12,8,4
Heavylock,sylvanas,767,warlock,affliction,12,8,4
Kopfschmerz,twisting-nether,767,warlock,affliction,12,8,4
Jinchi,outland,767,warlock,affliction,18,8,10
Avoidsun,kazzak,767,warlock,affliction,18,8,10
Dreggsow,blackmoore,767,warlock,affliction,24,8,16
Weedmaniac,kazzak,766,warlock,affliction,18,8,10
Deamheòlas,ravencrest,765,warlock,affliction,18,8,10
Promethazine,nemesis,764,warlock,affliction,18,8,10
Diåbló,stormscale,764,warlock,affliction,24,8,16
Matheus,zenedar,763,warlock,affliction,18,8,10
Tzimice,hyjal,763,warlock,affliction,18,8,10
Diablotiin,hyjal,763,warlock,affliction,18,8,10
Samigina,argent-dawn,762,warlock,affliction,24,8,16
Warlocker,anachronos,745,warlock,affliction,18,8,10
Wiberglock,ravencrest,735,warlock,affliction,14,9,5
Hellseven,emeriss,735,warlock,affliction,23,8,15
Savith,defias-brotherhood,721,warlock,affliction,24,8,16
Friendlylock,quelthalas,720,warlock,affliction,15,8,7
Diwi,area-52,720,warlock,affliction,102,35,67
Hazelock,draenor,672,warlock,affliction,12,7,5
Ethanolix,burning-blade,672,warlock,affliction,12,7,5
Elleanor,los-errantes,672,warlock,affliction,12,7,5
Yokujîn,twisting-nether,672,warlock,affliction,12,7,5
Мануил,eversong,672,warlock,affliction,12,7,5
Öxygen,outland,672,warlock,affliction,12,7,5
Langneur,archimonde,672,warlock,affliction,12,7,5
Tôpsecret,aegwynn,672,warlock,affliction,12,7,5
Gnargamehl,nemesis,672,warlock,affliction,12,7,5
Abuzyaka,kazzak,672,warlock,affliction,12,7,5
Kimkold,twisting-nether,672,warlock,affliction,12,7,5
Turdy,sylvanas,672,warlock,affliction,12,7,5
Purplemafia,burning-blade,672,warlock,affliction,12,7,5
Йоранс,gordunni,672,warlock,affliction,12,7,5
Ilikebolts,blackmoore,672,warlock,affliction,12,7,5
Chaostrain,sylvanas,672,warlock,affliction,16,8,8
Априфф,soulflayer,672,warlock,affliction,18,7,11
Prestige,nemesis,672,warlock,affliction,18,7,11
Tanón,sanguino,672,warlock,affliction,18,7,11
Mønarch,argent-dawn,672,warlock,affliction,18,7,11
Кокобан,howling-fjord,672,warlock,affliction,18,7,11
Муза,gordunni,672,warlock,affliction,18,7,11
Venaarus,antonidas,672,warlock,affliction,18,7,11
Äri,blackmoore,671,warlock,affliction,12,7,5
Azalock,ragnaros,671,warlock,affliction,12,7,5
Lockgamerx,ravencrest,670,warlock,affliction,12,7,5
Proctolock,garona,670,warlock,affliction,12,7,5
Bakal,vashj,670,warlock,affliction,18,7,11
Eveline,onyxia,670,warlock,affliction,28,8,20
Алануэйк,deathguard,669,warlock,affliction,12,7,5
Нэйрокризиз,howling-fjord,668,warlock,affliction,12,7,5
Greenlock,la-croisade-écarlate,668,warlock,affliction,12,7,5
Juod,frostmane,667,warlock,affliction,12,7,5
Дольпико,howling-fjord,665,warlock,affliction,12,7,5
Vinilio,kazzak,660,warlock,affliction,18,7,11
Morgan,jaedenar,659,warlock,affliction,18,7,11
Arlu,blackrock,645,warlock,affliction,18,7,11
Krismer,silvermoon,618,warlock,affliction,19,8,11
Bwc,aegwynn,618,warlock,affliction,21,8,13
Bäcck,silvermoon,607,warlock,affliction,17,7,10
Stromzii,silvermoon,592,warlock,affliction,13,7,6
Teemzen,tarren-mill,576,warlock,affliction,6,6,0
Feardotbye,stormscale,576,warlock,affliction,6,6,0
Alcringe,kazzak,576,warlock,affliction,12,6,6
Christoph,tichondrius,576,warlock,affliction,12,6,6
Raevax,ravencrest,576,warlock,affliction,12,6,6
Векста,gordunni,576,warlock,affliction,12,6,6
Çüñ,shattered-hand,576,warlock,affliction,12,6,6
Nineinchlock,silvermoon,576,warlock,affliction,12,6,6
Boonzor,ravencrest,576,warlock,affliction,12,6,6
Plâytïmè,stormscale,576,warlock,affliction,12,6,6
Hasla,stormreaver,576,warlock,affliction,12,6,6
Keybump,outland,576,warlock,affliction,12,6,6
Ackorax,kilrogg,576,warlock,affliction,12,6,6
Skuvee,archimonde,576,warlock,affliction,12,6,6
Ongo,frostwolf,576,warlock,affliction,12,6,6
Firochek,ravencrest,576,warlock,affliction,12,6,6
Dimmybyrger,stormreaver,576,warlock,affliction,12,6,6
Purplehasse,draenor,576,warlock,affliction,12,6,6
Snackstickz,twisting-nether,576,warlock,affliction,12,6,6
Multibuyer,tarren-mill,576,warlock,affliction,12,6,6
Nicker,antonidas,576,warlock,affliction,12,6,6
Smoulville,sanguino,576,warlock,affliction,12,6,6
Зензирил,galakrond,576,warlock,affliction,12,6,6
Тьмазвёздная,gordunni,576,warlock,affliction,12,6,6
Aches,sylvanas,576,warlock,affliction,15,7,8
Bëllatrïx,zuljin,576,warlock,affliction,18,6,12
Брилс,grom,575,warlock,affliction,12,6,6
Demonoulis,bloodhoof,575,warlock,affliction,12,6,6
Talindra,stormscale,575,warlock,affliction,12,6,6
Kozhul,argent-dawn,575,warlock,affliction,12,6,6
Tedor,ysondre,575,warlock,affliction,12,6,6
Guccie,ravencrest,575,warlock,affliction,12,6,6
Solomohn,steamwheedle-cartel,575,warlock,affliction,12,6,6
Raggnarlock,ravencrest,575,warlock,affliction,12,6,6
Валлцея,galakrond,575,warlock,affliction,12,6,6
Toskanoamani,blackmoore,575,warlock,affliction,18,6,12
Труупыч,gordunni,575,warlock,affliction,18,6,12
Yourdeaath,ravencrest,575,warlock,affliction,24,6,18
Lulokko,nemesis,574,warlock,affliction,18,6,12
Consfearacy,executus,574,warlock,affliction,24,6,18
Lökjävel,twisting-nether,572,warlock,affliction,12,6,6
ßatt,dalaran,571,warlock,affliction,12,6,6
Цветника,deathguard,569,warlock,affliction,12,6,6
Cencible,twisting-nether,564,warlock,affliction,16,9,7
Parley,frostmane,542,warlock,affliction,16,6,10
Saymore,ragnaros,522,warlock,affliction,13,7,6
Бриант,gordunni,512,warlock,affliction,22,6,16
Скверногрик,fordragon,511,warlock,affliction,10,6,4
Uqrlock,twisting-nether,480,warlock,affliction,6,5,1
Dualla,aegwynn,480,warlock,affliction,6,5,1
Kazyn,archimonde,480,warlock,affliction,6,5,1
Wäisted,ravencrest,480,warlock,affliction,6,5,1
Lolock,archimonde,480,warlock,affliction,6,5,1
Веномхх,lich-king,480,warlock,affliction,6,5,1
Ranchiëk,ravencrest,480,warlock,affliction,6,5,1
Upsahl,twisting-nether,480,warlock,affliction,6,5,1
Dst,ravencrest,480,warlock,affliction,6,5,1
Díablø,blackmoore,480,warlock,affliction,6,5,1
Drarken,sylvanas,480,warlock,affliction,6,5,1
Pumpfake,ravencrest,480,warlock,affliction,12,5,7
Zukau,argent-dawn,480,warlock,affliction,12,5,7
Chaozvx,kazzak,480,warlock,affliction,12,5,7
Iatedora,ahnqiraj,480,warlock,affliction,12,5,7
Hyøsei,hyjal,480,warlock,affliction,12,5,7
Chaøsbølt,archimonde,480,warlock,affliction,12,5,7
Druno,archimonde,480,warlock,affliction,12,5,7
Daubi,ravencrest,480,warlock,affliction,12,5,7
Scheele,twisting-nether,480,warlock,affliction,12,5,7
Kyiûu,archimonde,480,warlock,affliction,12,5,7
Golhok,archimonde,480,warlock,affliction,12,5,7
Ethiq,blackrock,480,warlock,affliction,12,5,7
Wällaar,ragnaros,480,warlock,affliction,12,5,7
Felrazer,silvermoon,480,warlock,affliction,12,5,7
Exerji,twisting-nether,480,warlock,affliction,12,5,7
Kwoleriker,norgannon,480,warlock,affliction,12,5,7
Enzyw,drakthul,480,warlock,affliction,12,5,7
Cyliinia,die-aldor,480,warlock,affliction,12,5,7
Nybbx,frostmane,480,warlock,affliction,12,5,7
Moredøts,blackrock,480,warlock,affliction,14,5,9
Affllction,auchindoun,480,warlock,affliction,18,5,13
Lywov,stormscale,480,warlock,affliction,18,5,13
Muninnus,archimonde,480,warlock,affliction,18,5,13
Wumz,sylvanas,480,warlock,affliction,24,5,19
Lókí,nagrand,479,warlock,affliction,6,5,1
Silås,hyjal,479,warlock,affliction,9,6,3
Dreamage,exodar,479,warlock,affliction,12,5,7
Kiégetlek,ragnaros,479,warlock,affliction,12,5,7
Demonflickan,silvermoon,479,warlock,affliction,12,5,7
Trickyy,azjolnerub,479,warlock,affliction,12,5,7
Jacobí,defias-brotherhood,479,warlock,affliction,12,5,7
Nozzos,zuluhed,479,warlock,affliction,18,5,13
Bobleechaos,darkspear,479,warlock,affliction,18,5,13
Ezhjyr,anubarak,478,warlock,affliction,12,5,7
Lewdrumpslap,kazzak,478,warlock,affliction,15,6,9
Üserper,chamber-of-aspects,478,warlock,affliction,30,5,25
Hunbeliever,ragnaros,477,warlock,affliction,6,5,1
Guttate,chamber-of-aspects,476,warlock,affliction,12,5,7
Dóni,chamber-of-aspects,447,warlock,affliction,11,5,6
Garbrandt,tarren-mill,432,warlock,affliction,9,6,3
Danidelarge,blackmoore,426,warlock,affliction,21,6,15
Migyardondup,exodar,416,warlock,affliction,14,6,8
Lazyblue,hyjal,415,warlock,affliction,14,5,9
Ariyasuke,drakthul,399,warlock,affliction,7,5,2
Hacknator,aegwynn,384,warlock,affliction,6,4,2
Lopari,aegwynn,384,warlock,affliction,6,4,2
Dotritos,tarren-mill,384,warlock,affliction,6,4,2
Jujalari,stormscale,384,warlock,affliction,6,4,2
Enyras,nemesis,384,warlock,affliction,6,4,2
Benafflockk,kirin-tor,384,warlock,affliction,6,4,2
Hopéléss,aggra-português,384,warlock,affliction,6,4,2
Turbonion,archimonde,384,warlock,affliction,6,4,2
Wizdoom,outland,384,warlock,affliction,6,4,2
Dwoorf,ravencrest,384,warlock,affliction,6,4,2
Lockimon,silvermoon,384,warlock,affliction,6,4,2
Tekrowdy,blackmoore,384,warlock,affliction,6,4,2
Deathfløw,draenor,384,warlock,affliction,6,4,2
Noemia,defias-brotherhood,384,warlock,affliction,6,4,2
Tøtøf,sargeras,384,warlock,affliction,6,4,2
Gulgiann,nemesis,384,warlock,affliction,6,4,2
Discordîân,twisting-nether,384,warlock,affliction,6,4,2
Whippet,nemesis,384,warlock,affliction,6,4,2
Pablø,silvermoon,384,warlock,affliction,6,4,2
Talriun,kazzak,384,warlock,affliction,6,4,2
Arizyoxot,twisting-nether,384,warlock,affliction,6,4,2
Хефрак,deathguard,384,warlock,affliction,6,4,2
Thesnakë,ravencrest,384,warlock,affliction,6,4,2
Adotroz,magtheridon,384,warlock,affliction,6,4,2
Евнухоидизм,gordunni,384,warlock,affliction,6,4,2
Aljonah,antonidas,384,warlock,affliction,6,4,2
Патокдрысни,howling-fjord,384,warlock,affliction,6,4,2
Uselèss,die-arguswacht,384,warlock,affliction,6,4,2
Justlock,tarren-mill,384,warlock,affliction,6,4,2
Zerøskil,blackrock,384,warlock,affliction,6,4,2
Мглавечная,soulflayer,384,warlock,affliction,6,4,2
Doompianist,ghostlands,384,warlock,affliction,6,4,2
Фейкгодх,soulflayer,384,warlock,affliction,6,4,2
Psychoduck,stormscale,384,warlock,affliction,7,4,3
Djhanzó,outland,384,warlock,affliction,7,4,3
Freshplanga,kazzak,384,warlock,affliction,10,5,5
Rias,ragnaros,384,warlock,affliction,9,4,5
Purplemonkey,burning-blade,384,warlock,affliction,12,4,8
Zeddy,draenor,384,warlock,affliction,12,4,8
Slàsh,hyjal,384,warlock,affliction,12,4,8
Náwwk,blackmoore,384,warlock,affliction,12,4,8
Pause,ysondre,384,warlock,affliction,12,4,8
Doomkicksin,haomarush,384,warlock,affliction,12,4,8
Малгат,howling-fjord,384,warlock,affliction,12,4,8
Mortibal,dalvengyr,384,warlock,affliction,12,4,8
Demoas,antonidas,384,warlock,affliction,12,4,8
Necroless,shadowsong,384,warlock,affliction,12,4,8
Zoh,archimonde,384,warlock,affliction,12,4,8
Славеномен,howling-fjord,384,warlock,affliction,12,4,8
Eleriya,argent-dawn,384,warlock,affliction,12,4,8
Zatella,ravencrest,384,warlock,affliction,12,4,8
Filianore,azjolnerub,384,warlock,affliction,12,4,8
Xyzzy,silvermoon,384,warlock,affliction,12,4,8
Shazes,blutkessel,384,warlock,affliction,12,4,8
Mazaear,stormscale,384,warlock,affliction,12,4,8
Thepureone,blades-edge,384,warlock,affliction,12,4,8
Сатенекс,soulflayer,384,warlock,affliction,12,4,8
Nokzhul,blackrock,384,warlock,affliction,18,4,14
Sanas,blackhand,384,warlock,affliction,18,4,14
Roedin,tarren-mill,384,warlock,affliction,18,4,14
Warlockyone,silvermoon,383,warlock,affliction,6,4,2
Джигуза,howling-fjord,383,warlock,affliction,6,4,2
Whisperswerd,blackrock,383,warlock,affliction,6,4,2
Phéar,deathwing,383,warlock,affliction,6,4,2
Divvaa,tarren-mill,383,warlock,affliction,12,4,8
Saltybagel,draenor,383,warlock,affliction,12,4,8
Lünatix,archimonde,383,warlock,affliction,18,4,14
Сварожевич,galakrond,383,warlock,affliction,18,4,14
Аннирина,eversong,382,warlock,affliction,6,4,2
Gonzoqt,tarren-mill,352,warlock,affliction,10,5,5
Dotyboi,tarren-mill,351,warlock,affliction,8,5,3
Disrupted,blackmoore,351,warlock,affliction,11,4,7
Fearu,kazzak,336,warlock,affliction,15,4,11
Imbasimba,sylvanas,335,warlock,affliction,11,4,7
Covidbolt,outland,330,warlock,affliction,16,7,9
Dráintráin,burning-blade,330,warlock,affliction,19,5,14
Marakh,stormscale,320,warlock,affliction,10,4,6
Shalazar,dun-modr,319,warlock,affliction,8,4,4
Mjuklock,ravencrest,319,warlock,affliction,14,4,10
Mordonna,blades-edge,304,warlock,affliction,13,4,9
Nainbusdemil,dalaran,304,warlock,affliction,19,4,15
Nøx,quelthalas,297,warlock,affliction,11,6,5
Lubomirek,turalyon,288,warlock,affliction,8,4,4
Imphugger,kazzak,288,warlock,affliction,6,3,3
Nachtreich,thrall,288,warlock,affliction,6,3,3
Vigget,burning-legion,288,warlock,affliction,6,3,3
Madridistaß,outland,288,warlock,affliction,6,3,3
Darksoll,hyjal,288,warlock,affliction,6,3,3
Dabolt,archimonde,288,warlock,affliction,6,3,3
Dubbzy,outland,288,warlock,affliction,6,3,3
Retrosatanas,archimonde,288,warlock,affliction,6,3,3
Rawsauce,outland,288,warlock,affliction,6,3,3
Xristianos,ravencrest,288,warlock,affliction,6,3,3
Dxfive,tarren-mill,288,warlock,affliction,6,3,3
Drainsouls,stormscale,288,warlock,affliction,6,3,3
Nayolana,argent-dawn,288,warlock,affliction,6,3,3
Manikalinka,stormscale,288,warlock,affliction,6,3,3
Absúrd,turalyon,288,warlock,affliction,6,3,3
Anthh,doomhammer,288,warlock,affliction,6,3,3
Databricks,kazzak,288,warlock,affliction,6,3,3
Azmondan,ahnqiraj,288,warlock,affliction,6,3,3
Zélroth,argent-dawn,288,warlock,affliction,6,3,3
Moonpoxlock,nerathor,288,warlock,affliction,6,3,3
Ooze,kazzak,288,warlock,affliction,6,3,3
Môzoc,frostwolf,288,warlock,affliction,6,3,3
Фримех,soulflayer,288,warlock,affliction,6,3,3
Kenthal,nemesis,288,warlock,affliction,6,3,3
Marenov,kazzak,288,warlock,affliction,6,3,3
Джастсак,gordunni,288,warlock,affliction,6,3,3
Damira,blackmoore,288,warlock,affliction,6,3,3
Демоник,deathguard,288,warlock,affliction,6,3,3
Полтарашкаа,blackscar,288,warlock,affliction,6,3,3
Feyreah,blackmoore,288,warlock,affliction,6,3,3
Twisted,malganis,288,warlock,affliction,6,3,3
Sazamia,ravencrest,288,warlock,affliction,6,3,3
Boltsnhoes,tarren-mill,288,warlock,affliction,6,3,3
Mariahscary,auchindoun,288,warlock,affliction,6,3,3
Zzooxx,silvermoon,288,warlock,affliction,6,3,3
Ðæthpäct,dalaran,288,warlock,affliction,6,3,3
Clonia,nemesis,288,warlock,affliction,6,3,3
Slavecry,silvermoon,288,warlock,affliction,6,3,3
Eldrinar,twisting-nether,288,warlock,affliction,6,3,3
Darkgrave,the-maelstrom,288,warlock,affliction,6,3,3
Gigabolt,turalyon,288,warlock,affliction,6,3,3
Siyaa,eredar,288,warlock,affliction,6,3,3
Veoxohr,argent-dawn,288,warlock,affliction,6,3,3
Kumamoto,tarren-mill,288,warlock,affliction,6,3,3
Midnigthh,sanguino,288,warlock,affliction,6,3,3
Babayagâ,sanguino,288,warlock,affliction,6,3,3
Zagren,antonidas,288,warlock,affliction,6,3,3
Шрэкс,blackscar,288,warlock,affliction,6,3,3
Catcalling,die-nachtwache,288,warlock,affliction,6,3,3
Bixik,ravencrest,288,warlock,affliction,8,3,5
Lifedriller,drakthul,288,warlock,affliction,10,3,7
Kotihoitaja,stormreaver,288,warlock,affliction,12,3,9
Ymersai,stormscale,288,warlock,affliction,12,3,9
Этожедру,howling-fjord,288,warlock,affliction,12,3,9
Vorcariel,argent-dawn,288,warlock,affliction,12,3,9
Zìì,silvermoon,288,warlock,affliction,12,3,9
Zdrac,stormscale,288,warlock,affliction,12,3,9
Seadoorxt,sanguino,287,warlock,affliction,6,3,3
Divinehâmmer,hyjal,287,warlock,affliction,6,3,3
Kritcheq,alakir,287,warlock,affliction,6,3,3
Lifesteal,auchindoun,287,warlock,affliction,6,3,3
Priszcilla,twisting-nether,287,warlock,affliction,6,3,3
Tyranuzz,norgannon,287,warlock,affliction,12,3,9
Killerbeez,burning-blade,287,warlock,affliction,18,3,15
Márinho,aggra-português,276,warlock,affliction,16,6,10
Alarmlock,silvermoon,233,warlock,affliction,6,4,2
Snaga,culte-de-la-rive-noire,233,warlock,affliction,15,5,10
Nimmyjewtron,tarren-mill,224,warlock,affliction,10,3,7
Lockas,ravencrest,222,warlock,affliction,8,3,5
Soundmagic,silvermoon,192,warlock,affliction,6,2,4
Vibori,twisting-nether,192,warlock,affliction,6,2,4
Berkobaggins,ravencrest,192,warlock,affliction,6,2,4
Enviroq,burning-legion,192,warlock,affliction,6,2,4
Ruvy,twisting-nether,192,warlock,affliction,6,2,4
Bigbagelbob,archimonde,192,warlock,affliction,6,2,4
Razkann,confrérie-du-thorium,192,warlock,affliction,6,2,4
Хастла,ashenvale,192,warlock,affliction,6,2,4
Сатаната,deepholm,192,warlock,affliction,6,2,4
Elvània,eredar,192,warlock,affliction,6,2,4
Армдэд,galakrond,192,warlock,affliction,6,2,4
Supergeîl,blackrock,192,warlock,affliction,6,2,4
Shore,ragnaros,192,warlock,affliction,6,2,4
Slurvefar,kazzak,192,warlock,affliction,6,2,4
Twistedfate,norgannon,192,warlock,affliction,6,2,4
Kastón,dun-modr,192,warlock,affliction,6,2,4
Therelda,sanguino,192,warlock,affliction,6,2,4
Setharon,burning-legion,192,warlock,affliction,6,2,4
Hellcatherin,ghostlands,192,warlock,affliction,6,2,4
Kortsoet,silvermoon,192,warlock,affliction,6,2,4
Tokarrus,blackmoore,192,warlock,affliction,6,2,4
Healél,sanguino,192,warlock,affliction,6,2,4
Endherkonk,sanguino,192,warlock,affliction,6,2,4
Fredé,kazzak,192,warlock,affliction,6,2,4
Lacruum,ragnaros,192,warlock,affliction,6,2,4
Bowhite,silvermoon,192,warlock,affliction,6,2,4
Potatowl,ravencrest,192,warlock,affliction,6,2,4
Cafardcancer,archimonde,192,warlock,affliction,6,2,4
Wutili,dun-morogh,192,warlock,affliction,6,2,4
Kivilock,dun-modr,192,warlock,affliction,6,2,4
Meisterhexe,taerar,192,warlock,affliction,6,2,4
Norgebrur,draenor,192,warlock,affliction,6,2,4
Recko,zuljin,192,warlock,affliction,6,2,4
Lesgrossman,draenor,192,warlock,affliction,6,2,4
Ðankan,aegwynn,192,warlock,affliction,6,2,4
Dréadful,kazzak,192,warlock,affliction,6,2,4
ßatocko,kazzak,192,warlock,affliction,6,2,4
Born,ravencrest,192,warlock,affliction,6,2,4
Маларгас,soulflayer,192,warlock,affliction,6,2,4
Dotsfired,aegwynn,192,warlock,affliction,6,2,4
Funcky,terokkar,192,warlock,affliction,6,2,4
Бирел,soulflayer,192,warlock,affliction,6,2,4
Мамхаус,howling-fjord,192,warlock,affliction,6,2,4
Tørcal,hyjal,192,warlock,affliction,6,2,4
Чернокнжник,soulflayer,192,warlock,affliction,6,2,4
Shreklock,burning-blade,192,warlock,affliction,6,2,4
Cptdotalot,tarren-mill,192,warlock,affliction,6,2,4
Flockyy,draenor,192,warlock,affliction,6,2,4
Millhaus,gorgonnash,192,warlock,affliction,6,2,4
Legend,trollbane,192,warlock,affliction,6,2,4
Marroux,malganis,192,warlock,affliction,6,2,4
Portyx,archimonde,192,warlock,affliction,6,2,4
Lockingcute,tarren-mill,192,warlock,affliction,6,2,4
Paintherapy,blackrock,192,warlock,affliction,6,2,4
Pichwise,draenor,192,warlock,affliction,6,2,4
Vhordrai,kazzak,192,warlock,affliction,6,2,4
Désolaté,kazzak,192,warlock,affliction,6,2,4
Ozax,doomhammer,192,warlock,affliction,6,2,4
Zartax,kazzak,192,warlock,affliction,6,2,4
Necrolon,senjin,192,warlock,affliction,6,2,4
Dêmön,arathi,192,warlock,affliction,6,2,4
Lakasytos,sanguino,192,warlock,affliction,6,2,4
Yhazel,archimonde,192,warlock,affliction,6,2,4
Гумал,howling-fjord,192,warlock,affliction,6,2,4
Vellerian,twisting-nether,192,warlock,affliction,6,2,4
Imatión,sylvanas,192,warlock,affliction,6,2,4
Кериген,gordunni,192,warlock,affliction,6,2,4
Скверножмых,gordunni,192,warlock,affliction,6,2,4
Жериновсский,gordunni,192,warlock,affliction,6,2,4
Gódríg,sylvanas,192,warlock,affliction,6,2,4
Myristica,die-todeskrallen,192,warlock,affliction,6,2,4
Adafbhf,tichondrius,192,warlock,affliction,8,2,6
Amdownbad,kazzak,192,warlock,affliction,12,2,10
Рыжевласочка,eversong,192,warlock,affliction,12,2,10
Pøx,nemesis,192,warlock,affliction,12,2,10
Djadizpunish,stormscale,192,warlock,affliction,12,2,10
Dupony,antonidas,192,warlock,affliction,12,2,10
Баммес,galakrond,192,warlock,affliction,12,2,10
Müsli,kiljaeden,192,warlock,affliction,12,2,10
Ribtic,draenor,191,warlock,affliction,6,2,4
Trinxs,blackmoore,191,warlock,affliction,12,2,10
Ryurans,cthun,159,warlock,affliction,5,2,3
Overbuffed,wildhammer,159,warlock,affliction,5,2,3
Аоепампгодх,howling-fjord,159,warlock,affliction,11,2,9
Nürgle,stormscale,138,warlock,affliction,8,3,5
Ghachi,draenor,138,warlock,affliction,15,3,12
Malariaa,defias-brotherhood,128,warlock,affliction,4,2,2
Jisera,kiljaeden,128,warlock,affliction,4,2,2
Paveru,tarren-mill,128,warlock,affliction,4,2,2
Hokoreuw,echsenkessel,112,warlock,affliction,7,2,5
Infernó,aerie-peak,96,warlock,affliction,3,2,1
Carelock,chamber-of-aspects,96,warlock,affliction,3,2,1
Mergon,ravencrest,96,warlock,affliction,3,2,1
Laokoon,blackmoore,96,warlock,affliction,3,2,1
Veridy,kazzak,96,warlock,affliction,6,1,5
Werzel,frostmane,96,warlock,affliction,6,1,5
Händerå,ragnaros,96,warlock,affliction,6,1,5
Pederlock,defias-brotherhood,96,warlock,affliction,6,1,5
Belial,minahonda,96,warlock,affliction,6,1,5
Бигсмоук,howling-fjord,96,warlock,affliction,6,1,5
Fearrari,ragnaros,96,warlock,affliction,6,1,5
Goefaz,blackrock,96,warlock,affliction,6,1,5
Irwene,argent-dawn,96,warlock,affliction,6,1,5
Merelock,eonar,96,warlock,affliction,6,1,5
Blackwizard,theradras,96,warlock,affliction,6,1,5
Gemja,onyxia,96,warlock,affliction,6,1,5
Дарунг,greymane,96,warlock,affliction,6,1,5
Noahh,kazzak,96,warlock,affliction,6,1,5
Ottu,thrall,96,warlock,affliction,6,1,5
Fêâr,dun-modr,96,warlock,affliction,6,1,5
Mîjagî,blackhand,96,warlock,affliction,6,1,5
Kretuss,silvermoon,96,warlock,affliction,6,1,5
Усубени,greymane,96,warlock,affliction,6,1,5
Branduir,ragnaros,96,warlock,affliction,6,1,5
Jagerlock,doomhammer,96,warlock,affliction,6,1,5
Nevergladtra,darksorrow,96,warlock,affliction,6,1,5
Vicktorious,stormscale,96,warlock,affliction,6,1,5
Feyras,turalyon,96,warlock,affliction,6,1,5
Icritmore,stormscale,96,warlock,affliction,6,1,5
Zozano,draenor,96,warlock,affliction,6,1,5
Doturanal,blackmoore,96,warlock,affliction,6,1,5
Coilxo,ravencrest,96,warlock,affliction,6,1,5
Вандаллизмэ,blackscar,96,warlock,affliction,6,1,5
Robertóó,burning-legion,96,warlock,affliction,6,1,5
Shadeshanox,blackmoore,96,warlock,affliction,6,1,5
Ðemise,antonidas,96,warlock,affliction,6,1,5
Zxò,twisting-nether,96,warlock,affliction,8,1,7
Adøume,ysondre,96,warlock,affliction,15,1,14
Guldauni,tarren-mill,96,warlock,affliction,18,1,17
Bildimar,drekthar,95,warlock,affliction,3,2,1
Warlockholms,archimonde,79,warlock,affliction,5,1,4
Poulebar,ysondre,64,warlock,affliction,4,1,3
Natpoesje,azjolnerub,64,warlock,affliction,4,1,3
Araqt,thrall,48,warlock,affliction,3,1,2
Nedivh,stormscale,48,warlock,affliction,3,1,2
Petrosk,sanguino,42,warlock,affliction,6,2,4
Omegachad,draenor,31,warlock,affliction,2,1,1
Dailylock,kazzak,31,warlock,affliction,2,1,1
Tepelkwastje,twisting-nether,31,warlock,affliction,8,1,7
Хичхкок,gordunni,16,warlock,affliction,1,1,0
Dyingdog,kazzak,2231,warrior,fury,79,45,34
Wodwod,kazzak,2203,warrior,fury,66,51,15
Syltetballe,kazzak,2203,warrior,fury,84,56,28
Dõxlol,kazzak,2179,warrior,fury,72,45,27
Corvínus,blackrock,2137,warrior,fury,170,93,77
Vitezandro,stormscale,2131,warrior,fury,66,47,19
Gottdustin,lothar,2124,warrior,fury,143,78,65
Uretirips,archimonde,2115,warrior,fury,168,101,67
Thorana,twisting-nether,2113,warrior,fury,436,219,217
Dõxqt,kazzak,2108,warrior,fury,84,50,34
Богвойны,razuvious,2104,warrior,fury,132,77,55
Nodrip,stormscale,2102,warrior,fury,162,98,64
Quanny,die-aldor,2102,warrior,fury,114,67,47
Níghtfúry,ravencrest,2102,warrior,fury,84,43,41
Ðunhammer,blackmoore,2100,warrior,fury,114,67,47
Joeférnandes,ragnaros,2088,warrior,fury,114,59,55
Sockerbagarn,zenedar,2077,warrior,fury,208,112,96
Dyingdogs,kazzak,2071,warrior,fury,72,39,33
Schultze,kazzak,2066,warrior,fury,202,98,104
Høvdingen,outland,2057,warrior,fury,66,44,22
Stephabibi,kazzak,2053,warrior,fury,112,64,48
Blîxtgordon,tarren-mill,2045,warrior,fury,66,40,26
Elsensør,thrall,2022,warrior,fury,165,84,81
Sporctaco,nemesis,1983,warrior,fury,160,87,73
Apacolata,outland,1977,warrior,fury,66,38,28
Elsensor,sylvanas,1974,warrior,fury,107,49,58
Beasterbunny,outland,1973,warrior,fury,157,93,64
Gewyon,ragnaros,1965,warrior,fury,58,36,22
Релайк,gordunni,1965,warrior,fury,72,40,32
Picciocino,nemesis,1960,warrior,fury,131,73,58
Eidzo,tarren-mill,1946,warrior,fury,30,24,6
Ironbound,silvermoon,1942,warrior,fury,42,30,12
Thezug,blackmoore,1935,warrior,fury,96,48,48
Sublex,blackrock,1933,warrior,fury,60,34,26
Hangart,argent-dawn,1920,warrior,fury,54,33,21
Morbaac,archimonde,1919,warrior,fury,54,34,20
Shinychan,silvermoon,1913,warrior,fury,48,30,18
Дахирарг,fordragon,1900,warrior,fury,96,50,46
Ibunnyone,blackrock,1900,warrior,fury,74,38,36
Robycoleman,nemesis,1893,warrior,fury,325,170,155
Faraam,sunstrider,1886,warrior,fury,51,25,26
Gregorez,silvermoon,1883,warrior,fury,120,64,56
Тьмасвятая,gordunni,1882,warrior,fury,78,39,39
Dreasus,ragnaros,1876,warrior,fury,30,20,10
Варплеер,gordunni,1875,warrior,fury,76,39,37
Insanedmg,dun-modr,1864,warrior,fury,72,40,32
Dwarfsteel,stormscale,1864,warrior,fury,42,23,19
Émalkay,tarren-mill,1863,warrior,fury,48,26,22
Bloodhorn,blackhand,1857,warrior,fury,54,36,18
Nitojutsu,blackrock,1856,warrior,fury,54,30,24
Wruxar,bronzebeard,1856,warrior,fury,54,29,25
Zidbi,argent-dawn,1851,warrior,fury,134,73,61
Kwesta,kazzak,1850,warrior,fury,60,34,26
Morganãrogán,ragnaros,1850,warrior,fury,42,23,19
Pòóòóòóòópz,dun-modr,1849,warrior,fury,47,28,19
Stansmash,kazzak,1849,warrior,fury,48,28,20
Yaler,alakir,1847,warrior,fury,48,33,15
Cesr,bloodhoof,1847,warrior,fury,126,71,55
Jeco,tarren-mill,1846,warrior,fury,66,39,27
Ørìgíñälgøðx,archimonde,1845,warrior,fury,54,32,22
Yawalad,stormscale,1845,warrior,fury,66,35,31
Shhimbanned,doomhammer,1844,warrior,fury,54,35,19
Анжинерх,gordunni,1843,warrior,fury,72,42,30
Goorila,kazzak,1843,warrior,fury,60,35,25
Oneoneseven,archimonde,1841,warrior,fury,78,49,29
Arthoc,sanguino,1841,warrior,fury,66,40,26
Risara,outland,1840,warrior,fury,61,40,21
Schlauberg,azshara,1840,warrior,fury,78,44,34
Sublex,aegwynn,1838,warrior,fury,60,36,24
Rocketx,blackrock,1837,warrior,fury,61,33,28
Lair,zuljin,1835,warrior,fury,106,67,39
Elian,ragnaros,1835,warrior,fury,72,36,36
Méido,argent-dawn,1833,warrior,fury,325,172,153
Plackø,draenor,1828,warrior,fury,186,98,88
Anakhas,archimonde,1828,warrior,fury,60,30,30
Durif,argent-dawn,1827,warrior,fury,48,35,13
Imolderthenu,blackrock,1825,warrior,fury,166,91,75
Kenryu,argent-dawn,1825,warrior,fury,60,32,28
Dronikos,ravencrest,1824,warrior,fury,54,35,19
Timewarrior,ravencrest,1824,warrior,fury,54,30,24
Xark,drakthul,1824,warrior,fury,90,49,41
Deatheart,ysondre,1824,warrior,fury,76,41,35
Трэйдар,blackscar,1823,warrior,fury,48,27,21
Mitu,sanguino,1819,warrior,fury,57,34,23
Gladius,blutkessel,1819,warrior,fury,156,80,76
Тиран,howling-fjord,1817,warrior,fury,48,27,21
Letiis,blackrock,1816,warrior,fury,105,57,48
Jaý,draenor,1815,warrior,fury,56,35,21
Gatts,krasus,1814,warrior,fury,96,57,39
Adian,ravencrest,1813,warrior,fury,42,26,16
Badon,burning-legion,1812,warrior,fury,60,39,21
Zednos,twilights-hammer,1812,warrior,fury,184,102,82
Ymaa,argent-dawn,1811,warrior,fury,30,19,11
Злопиканка,gordunni,1811,warrior,fury,67,34,33
Frozenliøn,twisting-nether,1810,warrior,fury,54,34,20
Xzwarr,silvermoon,1810,warrior,fury,38,21,17
Мигнт,howling-fjord,1810,warrior,fury,42,23,19
Hawkman,outland,1809,warrior,fury,41,25,16
Cuzyxtwo,blackrock,1809,warrior,fury,60,35,25
Capitalista,das-konsortium,1809,warrior,fury,90,51,39
Irontouch,draenor,1809,warrior,fury,117,66,51
Clellin,silvermoon,1807,warrior,fury,139,80,59
Leelazero,argent-dawn,1807,warrior,fury,78,44,34
Späns,ragnaros,1807,warrior,fury,71,34,37
Zyalen,stormscale,1806,warrior,fury,60,32,28
Kizzyo,draenor,1804,warrior,fury,96,51,45
Osha,hyjal,1804,warrior,fury,353,183,170
Yserá,auchindoun,1804,warrior,fury,64,29,35
Oogaboogadps,silvermoon,1803,warrior,fury,249,134,115
Nóvamh,draenor,1802,warrior,fury,42,24,18
Heartmemphis,stormscale,1801,warrior,fury,41,24,17
Dreams,auchindoun,1801,warrior,fury,48,28,20
Vykoz,sylvanas,1800,warrior,fury,42,24,18
Sonnylolxd,dun-modr,1800,warrior,fury,54,29,25
Pflanzling,nozdormu,1800,warrior,fury,118,56,62
Käïzën,dun-modr,1798,warrior,fury,29,20,9
Дестингл,gordunni,1797,warrior,fury,42,26,16
Владикчардж,gordunni,1794,warrior,fury,119,70,49
Grulbash,stormscale,1792,warrior,fury,42,22,20
Basiletha,hyjal,1788,warrior,fury,41,20,21
Budgetassa,stormscale,1784,warrior,fury,42,23,19
Castlevania,ravencrest,1784,warrior,fury,73,38,35
Âshnâzgðûr,burning-blade,1776,warrior,fury,99,48,51
Kocmochka,tarren-mill,1775,warrior,fury,72,37,35
Zadirich,burning-blade,1774,warrior,fury,72,38,34
Tóffèl,thrall,1773,warrior,fury,48,32,16
Rïmxøxø,haomarush,1773,warrior,fury,48,32,16
Warrez,azuremyst,1773,warrior,fury,125,72,53
Ryonâgai,aegwynn,1773,warrior,fury,54,30,24
Sonnyzz,sanguino,1773,warrior,fury,60,30,30
Rhynot,argent-dawn,1770,warrior,fury,48,34,14
Luxurious,argent-dawn,1770,warrior,fury,72,40,32
Tanja,bronzebeard,1767,warrior,fury,48,28,20
Geez,burning-blade,1761,warrior,fury,54,28,26
Футжисубо,razuvious,1760,warrior,fury,138,71,67
Biturboo,blackrock,1757,warrior,fury,85,42,43
Sumis,stormreaver,1749,warrior,fury,54,20,34
Løktær,blackmoore,1747,warrior,fury,66,30,36
Rãzmø,hyjal,1746,warrior,fury,96,51,45
Кофесмолоком,ashenvale,1746,warrior,fury,48,24,24
Ampw,ravencrest,1745,warrior,fury,42,28,14
Thundersword,sylvanas,1741,warrior,fury,92,50,42
Köftemecx,blackrock,1736,warrior,fury,169,100,69
Джакир,howling-fjord,1733,warrior,fury,54,29,25
Propanex,kazzak,1730,warrior,fury,66,39,27
Eddíemòrphin,kazzak,1728,warrior,fury,58,34,24
Ёнморт,gordunni,1728,warrior,fury,48,27,21
Едигейй,gordunni,1727,warrior,fury,124,72,52
Хенгард,gordunni,1727,warrior,fury,72,41,31
Pouckette,hyjal,1726,warrior,fury,84,46,38
Juna,hellscream,1726,warrior,fury,91,47,44
Даймонддогс,gordunni,1725,warrior,fury,64,36,28
Emcix,aszune,1723,warrior,fury,60,32,28
Honzakesl,drakthul,1721,warrior,fury,69,40,29
Грамол,soulflayer,1719,warrior,fury,66,36,30
Кавайтити,blackscar,1718,warrior,fury,39,19,20
Варынеопэ,gordunni,1717,warrior,fury,65,35,30
Koljach,sylvanas,1717,warrior,fury,174,93,81
Violentfunky,ravencrest,1717,warrior,fury,90,44,46
Ironmásk,tarren-mill,1716,warrior,fury,42,21,21
Pepegle,argent-dawn,1715,warrior,fury,48,33,15
Silq,zuljin,1713,warrior,fury,36,18,18
Xzurgster,twisting-nether,1707,warrior,fury,76,37,39
Tooski,sylvanas,1707,warrior,fury,65,31,34
Wismerx,kazzak,1706,warrior,fury,30,19,11
Kûno,stormscale,1705,warrior,fury,60,33,27
Soakmybeet,archimonde,1705,warrior,fury,82,42,40
Xåb,dun-morogh,1705,warrior,fury,62,29,33
Ðønøvan,sanguino,1701,warrior,fury,118,65,53
Dangeruos,ragnaros,1700,warrior,fury,42,24,18
Дарккардинал,deathguard,1700,warrior,fury,82,41,41
Oldcockball,argent-dawn,1698,warrior,fury,90,51,39
Discoklaus,blackmoore,1698,warrior,fury,385,195,190
Bigbugatti,draenor,1698,warrior,fury,71,32,39
Wgdx,ravencrest,1696,warrior,fury,66,33,33
Kiha,argent-dawn,1695,warrior,fury,42,24,18
Raynhorn,silvermoon,1695,warrior,fury,54,30,24
Boos,burning-legion,1694,warrior,fury,36,22,14
Çon,ravencrest,1694,warrior,fury,102,55,47
Margon,aegwynn,1692,warrior,fury,48,29,19
Gozgu,stormscale,1692,warrior,fury,32,19,13
Bananapower,aszune,1692,warrior,fury,54,30,24
Ragnaraya,chamber-of-aspects,1692,warrior,fury,67,30,37
Yodabär,blackmoore,1690,warrior,fury,120,62,58
Pivcuga,kazzak,1687,warrior,fury,44,26,18
Balltas,drakthul,1687,warrior,fury,36,18,18
Dödgrävarn,stormscale,1685,warrior,fury,102,57,45
Aramý,argent-dawn,1684,warrior,fury,29,21,8
Flippingout,stormscale,1684,warrior,fury,101,52,49
Дейдулус,soulflayer,1682,warrior,fury,42,23,19
Vesnãpusic,draenor,1680,warrior,fury,63,39,24
Эйримор,gordunni,1679,warrior,fury,161,83,78
Kibb,sylvanas,1678,warrior,fury,56,35,21
Galenthor,ravencrest,1678,warrior,fury,42,24,18
Байсал,gordunni,1677,warrior,fury,127,68,59
Averenx,frostwolf,1675,warrior,fury,117,61,56
Gôrilla,kazzak,1674,warrior,fury,32,19,13
Даркслеерх,howling-fjord,1674,warrior,fury,36,18,18
Протектор,soulflayer,1673,warrior,fury,160,79,81
Neopronouns,stormscale,1672,warrior,fury,36,22,14
Krigarjag,kazzak,1671,warrior,fury,54,38,16
Суицидгодх,howling-fjord,1670,warrior,fury,30,20,10
Luigistar,naxxramas,1670,warrior,fury,160,79,81
Lyrv,ravencrest,1668,warrior,fury,42,24,18
Decapitatëd,outland,1668,warrior,fury,36,19,17
Walexmaryk,ragnaros,1666,warrior,fury,161,87,74
Telrion,silvermoon,1666,warrior,fury,48,24,24
Ranmaru,kazzak,1665,warrior,fury,97,46,51
Aleextrasza,silvermoon,1664,warrior,fury,43,24,19
Xeraaya,kirin-tor,1664,warrior,fury,96,45,51
Crandalius,kazzak,1663,warrior,fury,42,20,22
Элинглир,gordunni,1662,warrior,fury,75,41,34
Берззлой,gordunni,1661,warrior,fury,52,30,22
Bözzy,stormreaver,1661,warrior,fury,240,126,114
Titza,silvermoon,1659,warrior,fury,68,31,37
Bleaja,tarren-mill,1657,warrior,fury,36,25,11
Alexdgreat,tarren-mill,1657,warrior,fury,44,28,16
Hanìbal,ravencrest,1656,warrior,fury,183,94,89
Ranyl,blackmoore,1656,warrior,fury,41,18,23
Slaycon,sanguino,1656,warrior,fury,81,34,47
Iagô,argent-dawn,1655,warrior,fury,60,35,25
Рыгатрон,galakrond,1655,warrior,fury,60,28,32
Jetman,ravencrest,1654,warrior,fury,58,29,29
Toptier,drakthul,1653,warrior,fury,53,30,23
Pizdatos,ravencrest,1653,warrior,fury,54,30,24
Voffsen,tarren-mill,1652,warrior,fury,89,50,39
Роудс,soulflayer,1652,warrior,fury,42,22,20
Очепенец,soulflayer,1652,warrior,fury,129,66,63
Noproblem,ragnaros,1650,warrior,fury,65,34,31
Мамкингерой,howling-fjord,1649,warrior,fury,54,32,22
Harbee,stormscale,1647,warrior,fury,170,96,74
Antismoke,silvermoon,1645,warrior,fury,105,59,46
Zerberos,drakthul,1645,warrior,fury,131,69,62
Jeepzinc,blackmoore,1643,warrior,fury,48,26,22
Monnee,silvermoon,1642,warrior,fury,54,35,19
Zbra,draenor,1639,warrior,fury,93,48,45
Unstopablle,twisting-nether,1638,warrior,fury,96,52,44
Gigatscheb,eredar,1638,warrior,fury,104,53,51
Темнозорь,ashenvale,1638,warrior,fury,61,31,30
Arthagore,archimonde,1637,warrior,fury,42,22,20
Emune,blackhand,1636,warrior,fury,33,20,13
Боссберс,soulflayer,1636,warrior,fury,78,44,34
Большеярости,blackscar,1636,warrior,fury,35,19,16
Хуфхорнс,soulflayer,1636,warrior,fury,39,21,18
Вадло,soulflayer,1635,warrior,fury,54,27,27
Bastquirage,dalaran,1633,warrior,fury,42,24,18
Berré,ragnaros,1633,warrior,fury,60,33,27
Ðènlos,destromath,1632,warrior,fury,84,43,41
Кладбошаа,gordunni,1632,warrior,fury,133,66,67
Ifir,hyjal,1632,warrior,fury,70,33,37
Megabrux,colinas-pardas,1631,warrior,fury,36,18,18
Susugar,ysondre,1631,warrior,fury,72,35,37
Дралк,gordunni,1630,warrior,fury,58,30,28
Wøokz,argent-dawn,1629,warrior,fury,201,104,97
Sanngridr,defias-brotherhood,1629,warrior,fury,66,32,34
Peli,burning-blade,1628,warrior,fury,228,114,114
Nerfrend,stormscale,1627,warrior,fury,30,17,13
Vágópityu,ragnaros,1627,warrior,fury,48,24,24
Megalann,silvermoon,1627,warrior,fury,84,41,43
Miko,ysondre,1626,warrior,fury,36,19,17
Котаче,soulflayer,1626,warrior,fury,142,71,71
Ананаслорд,blackscar,1625,warrior,fury,36,25,11
Gantór,blackrock,1625,warrior,fury,84,40,44
Broley,blackhand,1624,warrior,fury,88,49,39
Вимор,soulflayer,1624,warrior,fury,36,19,17
Гринфинч,galakrond,1624,warrior,fury,148,76,72
Skylexs,burning-legion,1624,warrior,fury,48,22,26
Mybigcow,darkspear,1623,warrior,fury,64,30,34
Swofty,arygos,1622,warrior,fury,24,17,7
Agrias,burning-legion,1622,warrior,fury,114,58,56
Raoh,archimonde,1621,warrior,fury,48,34,14
Металлие,howling-fjord,1621,warrior,fury,48,21,27
Vulcán,aerie-peak,1620,warrior,fury,36,21,15
Jésusiskíng,amanthul,1619,warrior,fury,31,18,13
Níká,bronzebeard,1619,warrior,fury,70,37,33
Savarøx,blackmoore,1618,warrior,fury,42,26,16
Azazelslayer,dethecus,1617,warrior,fury,71,45,26
Flexbot,blackmoore,1617,warrior,fury,38,23,15
Aler,alakir,1617,warrior,fury,30,17,13
Poggsaron,kazzak,1617,warrior,fury,105,52,53
Shilix,twisting-nether,1616,warrior,fury,30,20,10
Nobodyx,tarren-mill,1616,warrior,fury,120,69,51
Vegilhenvin,stormscale,1616,warrior,fury,111,62,49
Råzor,blackhand,1616,warrior,fury,221,118,103
Goomby,argent-dawn,1616,warrior,fury,72,36,36
Discølove,frostwolf,1615,warrior,fury,35,19,16
Êssâ,stormscale,1612,warrior,fury,30,17,13
Dracømort,dalaran,1610,warrior,fury,42,24,18
Monbun,silvermoon,1610,warrior,fury,43,24,19
Féélmyfury,tarren-mill,1609,warrior,fury,29,20,9
Indicaflower,ahnqiraj,1609,warrior,fury,143,75,68
Шлифую,howling-fjord,1609,warrior,fury,72,35,37
Celn,silvermoon,1608,warrior,fury,145,80,65
Неуно,howling-fjord,1607,warrior,fury,66,41,25
Brbtoilet,kazzak,1607,warrior,fury,36,21,15
Svënja,ysondre,1607,warrior,fury,54,30,24
Хёда,eversong,1607,warrior,fury,60,32,28
Wabisabì,silvermoon,1607,warrior,fury,63,33,30
Джоулирэдблу,howling-fjord,1606,warrior,fury,42,22,20
Notvisionary,ravencrest,1606,warrior,fury,36,17,19
Linzao,archimonde,1605,warrior,fury,36,20,16
Sköldpaddor,tarren-mill,1605,warrior,fury,52,28,24
Børomir,silvermoon,1604,warrior,fury,57,33,24
Radamantys,drakthul,1603,warrior,fury,63,34,29
Halalmeat,minahonda,1603,warrior,fury,59,29,30
Бубаигавар,gordunni,1603,warrior,fury,48,22,26
Discordîan,twisting-nether,1602,warrior,fury,30,20,10
Tweegles,argent-dawn,1602,warrior,fury,95,52,43
Esrinx,the-maelstrom,1601,warrior,fury,24,17,7
Легендор,howling-fjord,1601,warrior,fury,24,17,7
Narukeratnik,draenor,1601,warrior,fury,78,45,33
Гронвер,soulflayer,1601,warrior,fury,134,75,59
Явараа,howling-fjord,1600,warrior,fury,72,41,31
Bourbimrgllr,hyjal,1600,warrior,fury,45,25,20
Halfbroken,moonglade,1600,warrior,fury,78,37,41
Ebonheart,argent-dawn,1599,warrior,fury,59,32,27
Æç,argent-dawn,1599,warrior,fury,48,26,22
Rofos,hellscream,1597,warrior,fury,61,32,29
Littlebugger,ravencrest,1597,warrior,fury,42,19,23
Eekz,haomarush,1594,warrior,fury,41,24,17
Abnôrmus,tarren-mill,1594,warrior,fury,114,53,61
Dasdabane,twisting-nether,1593,warrior,fury,64,38,26
Lífelover,tarren-mill,1593,warrior,fury,66,30,36
Zionto,draenor,1593,warrior,fury,98,41,57
Roxxyy,stormreaver,1592,warrior,fury,59,33,26
Methodxd,outland,1592,warrior,fury,78,38,40
Stérkkû,stormscale,1592,warrior,fury,186,90,96
Разплюхан,gordunni,1591,warrior,fury,30,18,12
Микермат,howling-fjord,1589,warrior,fury,48,29,19
Izurritea,tarren-mill,1589,warrior,fury,42,22,20
Читора,blackscar,1588,warrior,fury,89,43,46
Tidarius,twisting-nether,1588,warrior,fury,36,17,19
Borndet,eredar,1587,warrior,fury,75,42,33
Gromex,stormscale,1587,warrior,fury,75,31,44
Тралмош,razuvious,1581,warrior,fury,57,35,22
Bursch,ravencrest,1580,warrior,fury,42,21,21
Илийя,razuvious,1579,warrior,fury,48,21,27
Cortix,blackmoore,1578,warrior,fury,46,29,17
Wornag,argent-dawn,1578,warrior,fury,83,40,43
Тактоядобрый,ashenvale,1578,warrior,fury,47,20,27
Yousainsbolt,blackrock,1577,warrior,fury,68,35,33
Латахо,gordunni,1577,warrior,fury,65,33,32
Imorphius,silvermoon,1576,warrior,fury,54,29,25
Dizzyndumb,draenor,1575,warrior,fury,165,93,72
Hemèra,hyjal,1574,warrior,fury,92,49,43
Ryghar,silvermoon,1574,warrior,fury,66,31,35
Zhenshii,blackmoore,1572,warrior,fury,77,40,37
Hleljuskoos,hyjal,1571,warrior,fury,24,17,7
Asmoche,archimonde,1571,warrior,fury,60,29,31
Uwuwarrior,alleria,1570,warrior,fury,64,35,29
Garlogar,twisting-nether,1569,warrior,fury,108,59,49
Nozuki,archimonde,1568,warrior,fury,208,110,98
Криккс,greymane,1568,warrior,fury,72,33,39
Baldemort,antonidas,1567,warrior,fury,135,73,62
Justsquat,twisting-nether,1566,warrior,fury,49,32,17
Atrôcithy,silvermoon,1566,warrior,fury,28,18,10
Иктиннос,gordunni,1565,warrior,fury,57,21,36
Касюлин,gordunni,1562,warrior,fury,53,31,22
Senshin,sanguino,1561,warrior,fury,92,46,46
Vÿnk,ysondre,1560,warrior,fury,151,77,74
Нордгаар,howling-fjord,1559,warrior,fury,42,27,15
Jinrok,turalyon,1559,warrior,fury,141,78,63
Bønecleaver,blackrock,1558,warrior,fury,110,56,54
Thorken,ragnaros,1557,warrior,fury,59,29,30
Alexandrrior,rexxar,1556,warrior,fury,87,50,37
Сариату,soulflayer,1556,warrior,fury,72,34,38
Hynish,doomhammer,1555,warrior,fury,88,46,42
Вундеркитти,soulflayer,1555,warrior,fury,86,43,43
Mikogød,ravencrest,1553,warrior,fury,54,31,23
Waralert,kazzak,1553,warrior,fury,36,19,17
Craghak,twisting-nether,1549,warrior,fury,124,66,58
Horovoko,kazzak,1548,warrior,fury,30,20,10
Груббоб,booty-bay,1548,warrior,fury,102,53,49
Broksigarr,ragnaros,1546,warrior,fury,48,27,21
Zwareboy,frostmane,1546,warrior,fury,48,20,28
Bloodmyst,kazzak,1544,warrior,fury,86,49,37
Faylania,tarren-mill,1543,warrior,fury,76,46,30
Karentneuf,khaz-modan,1541,warrior,fury,35,23,12
Myrîna,zuluhed,1539,warrior,fury,42,24,18
Bäiley,drakthul,1538,warrior,fury,78,31,47
Stahlhund,silvermoon,1536,warrior,fury,93,49,44
Каосвар,howling-fjord,1534,warrior,fury,18,16,2
Tyrâdus,kiljaeden,1534,warrior,fury,60,37,23
Bráïnléss,silvermoon,1534,warrior,fury,50,27,23
Вменяемый,gordunni,1533,warrior,fury,88,44,44
Белославный,gordunni,1532,warrior,fury,55,38,17
ßbç,ysondre,1532,warrior,fury,84,41,43
Альмас,galakrond,1531,warrior,fury,59,29,30
Bigbibbs,tarren-mill,1531,warrior,fury,74,35,39
Erosdulko,silvermoon,1528,warrior,fury,54,24,30
Spokowar,hyjal,1527,warrior,fury,47,23,24
Тегриско,goldrinn,1527,warrior,fury,72,34,38
Nitheriá,draenor,1526,warrior,fury,30,17,13
Магрейн,grom,1526,warrior,fury,181,92,89
Certavus,antonidas,1525,warrior,fury,66,34,32
Cocojumbo,azuremyst,1523,warrior,fury,48,28,20
Bartins,magtheridon,1523,warrior,fury,72,41,31
Mezen,stormscale,1521,warrior,fury,81,44,37
Bobitybob,ravencrest,1520,warrior,fury,60,36,24
Jeronimoe,blackmoore,1520,warrior,fury,41,24,17
Inconcussae,drakthul,1519,warrior,fury,30,19,11
Mirpz,doomhammer,1519,warrior,fury,47,24,23
Oravedenes,draenor,1518,warrior,fury,122,72,50
Арристокррат,soulflayer,1518,warrior,fury,48,26,22
Hejduk,frostmane,1517,warrior,fury,51,31,20
Nemecic,arathor,1517,warrior,fury,42,21,21
Мундэфэндэр,lich-king,1517,warrior,fury,70,30,40
Zwecko,malganis,1513,warrior,fury,30,16,14
Swayzze,frostwolf,1512,warrior,fury,66,31,35
Djpuggerino,outland,1510,warrior,fury,24,16,8
Pokopo,blackrock,1510,warrior,fury,42,23,19
Wärlør,ravencrest,1509,warrior,fury,78,49,29
Andjuu,doomhammer,1509,warrior,fury,73,32,41
Втораянатура,howling-fjord,1508,warrior,fury,36,22,14
Enzja,nazjatar,1507,warrior,fury,43,24,19
Ènma,ravencrest,1507,warrior,fury,78,40,38
Reider,twisting-nether,1506,warrior,fury,24,16,8
Gids,silvermoon,1506,warrior,fury,34,21,13
Xiny,blackrock,1506,warrior,fury,42,24,18
Truckfury,ravencrest,1504,warrior,fury,88,46,42
Gronos,silvermoon,1504,warrior,fury,74,38,36
Мурмадонио,soulflayer,1503,warrior,fury,78,35,43
Gachiwarri,blackhand,1502,warrior,fury,36,18,18
Zupkaztrópka,burning-legion,1502,warrior,fury,109,54,55
Eygón,silvermoon,1502,warrior,fury,78,36,42
Jarggyül,culte-de-la-rive-noire,1500,warrior,fury,36,21,15
Uwansum,bronzebeard,1500,warrior,fury,99,53,46
Crriminal,ravencrest,1498,warrior,fury,24,16,8
Grâkul,twisting-nether,1498,warrior,fury,275,139,136
Sebastian,ravencrest,1498,warrior,fury,60,29,31
Gely,silvermoon,1495,warrior,fury,30,16,14
Eleborn,tarren-mill,1494,warrior,fury,42,23,19
Bördz,blackhand,1493,warrior,fury,36,20,16
Лазба,gordunni,1493,warrior,fury,58,31,27
Evrybodydown,draenor,1492,warrior,fury,148,77,71
Overgear,twisting-nether,1492,warrior,fury,64,29,35
Xalont,doomhammer,1489,warrior,fury,42,21,21
Zaximos,twisting-nether,1488,warrior,fury,62,30,32
Fizzywarrior,blackmoore,1488,warrior,fury,60,29,31
Лимор,howling-fjord,1488,warrior,fury,42,16,26
Dævedoff,sanguino,1487,warrior,fury,71,36,35
Ärmodäuss,norgannon,1486,warrior,fury,69,34,35
Чиллх,gordunni,1485,warrior,fury,58,33,25
Corrin,frostmourne,1485,warrior,fury,122,68,54
Ууша,soulflayer,1485,warrior,fury,59,29,30
Варрвик,howling-fjord,1484,warrior,fury,69,34,35
Kwedrowar,burning-legion,1484,warrior,fury,151,73,78
Rimvar,alleria,1484,warrior,fury,60,28,32
Жироштемп,gordunni,1483,warrior,fury,58,30,28
Perinel,draenor,1483,warrior,fury,82,32,50
Slidmacka,twisting-nether,1482,warrior,fury,48,28,20
Cemule,doomhammer,1482,warrior,fury,42,24,18
Blaktarr,dunemaul,1482,warrior,fury,51,28,23
Thezug,twisting-nether,1482,warrior,fury,66,32,34
Jorund,archimonde,1482,warrior,fury,54,26,28
Mamox,archimonde,1481,warrior,fury,43,26,17
Rowr,argent-dawn,1478,warrior,fury,36,20,16
Warthur,silvermoon,1478,warrior,fury,36,19,17
Rum,talnivarr,1476,warrior,fury,54,30,24
Чпонькмашина,soulflayer,1474,warrior,fury,92,53,39
Добиватель,howling-fjord,1473,warrior,fury,78,41,37
Wøðhërõhâhåh,kazzak,1473,warrior,fury,33,17,16
Roidspam,outland,1471,warrior,fury,71,28,43
Auglok,twisting-nether,1468,warrior,fury,120,61,59
Bukisan,sylvanas,1467,warrior,fury,119,61,58
Nurti,silvermoon,1465,warrior,fury,36,21,15
Tbones,kazzak,1465,warrior,fury,54,18,36
Mustar,alexstrasza,1463,warrior,fury,94,54,40
Zeliøn,elune,1463,warrior,fury,126,71,55
Straya,malorne,1463,warrior,fury,60,30,30
Thrallhall,kazzak,1463,warrior,fury,148,66,82
Wowbert,frostwolf,1462,warrior,fury,48,25,23
Chrissey,argent-dawn,1462,warrior,fury,45,21,24
Chadgarrosh,tarren-mill,1462,warrior,fury,54,21,33
Анакронокс,howling-fjord,1461,warrior,fury,58,29,29
Hrodulf,moonglade,1461,warrior,fury,83,38,45
Histe,thrall,1460,warrior,fury,30,19,11
Rìsàs,draenor,1460,warrior,fury,168,85,83
Grubshak,burning-legion,1460,warrior,fury,47,22,25
Kobeni,ysondre,1457,warrior,fury,50,30,20
Stratoz,ragnaros,1457,warrior,fury,61,27,34
Bluemango,ragnaros,1454,warrior,fury,36,19,17
Zugbro,stormscale,1454,warrior,fury,60,31,29
Лаинвуд,soulflayer,1454,warrior,fury,57,29,28
Èscøbar,dalaran,1454,warrior,fury,49,23,26
Varyian,sporeggar,1449,warrior,fury,131,71,60
Скехит,blackscar,1449,warrior,fury,66,32,34
Aeyon,burning-blade,1449,warrior,fury,37,17,20
Baluste,culte-de-la-rive-noire,1449,warrior,fury,48,22,26
Lepetitwar,hyjal,1448,warrior,fury,53,26,27
Gìlgamesh,dun-modr,1444,warrior,fury,55,30,25
Céck,ravencrest,1444,warrior,fury,36,19,17
Rîiper,ysondre,1444,warrior,fury,42,22,20
Vandalismee,draenor,1443,warrior,fury,28,19,9
Старопрамен,thermaplugg,1443,warrior,fury,225,119,106
Syfér,grim-batol,1441,warrior,fury,40,23,17
Golias,argent-dawn,1439,warrior,fury,48,30,18
Dajnatarcze,burning-legion,1439,warrior,fury,42,22,20
Rakherus,silvermoon,1437,warrior,fury,42,23,19
Tatabaf,ysondre,1437,warrior,fury,42,23,19
Terisá,blackmoore,1433,warrior,fury,52,28,24
Floppikatten,kazzak,1432,warrior,fury,24,17,7
Drittsekken,sylvanas,1431,warrior,fury,24,15,9
Elénir,dalaran,1431,warrior,fury,42,25,17
Wätras,drakthul,1431,warrior,fury,30,16,14
Спайкуссь,goldrinn,1431,warrior,fury,96,51,45
Enderyx,blackhand,1431,warrior,fury,60,31,29
Honör,sylvanas,1430,warrior,fury,48,23,25
Pinkíe,blackmoore,1428,warrior,fury,30,15,15
Raaoo,blackmoore,1428,warrior,fury,42,18,24
Shadroq,auchindoun,1427,warrior,fury,24,15,9
Fridaax,lightbringer,1427,warrior,fury,24,15,9
Асау,ashenvale,1425,warrior,fury,67,34,33
Toundrâa,archimonde,1424,warrior,fury,187,94,93
Búlldozér,kazzak,1423,warrior,fury,30,16,14
Orwarrio,thrall,1423,warrior,fury,30,15,15
Paynzx,blackrock,1422,warrior,fury,25,16,9
Zenìa,argent-dawn,1422,warrior,fury,35,22,13
Reidunøks,kazzak,1422,warrior,fury,83,44,39
Touguro,aggra-português,1422,warrior,fury,57,26,31
Madaxe,kazzak,1421,warrior,fury,24,15,9
Shadowcacau,aggra-português,1420,warrior,fury,71,35,36
Raoh,malganis,1420,warrior,fury,36,16,20
Profär,archimonde,1419,warrior,fury,30,16,14
Warrouner,khaz-modan,1419,warrior,fury,60,30,30
Divyx,tarren-mill,1419,warrior,fury,54,27,27
Thaddaus,ravencrest,1417,warrior,fury,141,70,71
Wärfäcë,blades-edge,1415,warrior,fury,64,37,27
Flexecutie,silvermoon,1414,warrior,fury,30,17,13
Bravestarrz,ungoro,1414,warrior,fury,92,43,49
Hervor,les-sentinelles,1413,warrior,fury,78,44,34
Unchåined,burning-legion,1413,warrior,fury,87,44,43
Æsterius,blackmoore,1411,warrior,fury,95,47,48
Painswift,blackhand,1410,warrior,fury,48,22,26
Артен,ashenvale,1407,warrior,fury,32,15,17
Achérus,varimathras,1407,warrior,fury,50,22,28
Sonyd,tarren-mill,1405,warrior,fury,36,22,14
Gamepresa,silvermoon,1404,warrior,fury,61,30,31
Qvate,twisting-nether,1403,warrior,fury,45,21,24
Dírectdash,draenor,1403,warrior,fury,39,17,22
Torok,antonidas,1402,warrior,fury,36,25,11
Carljøhnson,dalaran,1402,warrior,fury,30,18,12
Борзило,howling-fjord,1402,warrior,fury,36,21,15
Каган,gordunni,1402,warrior,fury,45,26,19
Borntothis,zuljin,1402,warrior,fury,98,55,43
Krauus,silvermoon,1402,warrior,fury,109,59,50
Freddie,baelgun,1401,warrior,fury,36,17,19
Raoh,blackrock,1400,warrior,fury,24,15,9
Hidaykus,bronzebeard,1399,warrior,fury,70,35,35
Imora,silvermoon,1398,warrior,fury,36,21,15
Botgrinder,blackhand,1398,warrior,fury,173,93,80
Нириэла,howling-fjord,1396,warrior,fury,66,31,35
Midvînter,silvermoon,1396,warrior,fury,69,32,37
Irondahr,silvermoon,1395,warrior,fury,36,15,21
Дедсдрыном,howling-fjord,1393,warrior,fury,209,111,98
Akînos,kazzak,1392,warrior,fury,81,39,42
Ðèxs,ravencrest,1390,warrior,fury,36,23,13
Keriane,garona,1389,warrior,fury,65,33,32
Dríppy,aegwynn,1388,warrior,fury,33,20,13
Штормскейл,soulflayer,1388,warrior,fury,30,16,14
Rëvenge,burning-legion,1387,warrior,fury,100,47,53
Эфириад,soulflayer,1386,warrior,fury,42,24,18
Boostbywar,archimonde,1385,warrior,fury,47,22,25
Dragão,kazzak,1385,warrior,fury,72,32,40
Skefe,archimonde,1383,warrior,fury,46,29,17
Reccey,blackrock,1379,warrior,fury,30,16,14
Ligthblâd,hyjal,1378,warrior,fury,63,34,29
Rèckless,argent-dawn,1377,warrior,fury,24,18,6
Tigron,burning-legion,1377,warrior,fury,54,33,21
Антурим,howling-fjord,1377,warrior,fury,32,17,15
Shán,defias-brotherhood,1375,warrior,fury,60,33,27
Рэкла,grom,1374,warrior,fury,30,16,14
Rommick,guldan,1372,warrior,fury,60,27,33
Thagzar,burning-legion,1371,warrior,fury,162,76,86
Whimbux,stormscale,1371,warrior,fury,51,23,28
Ralzung,twisting-nether,1370,warrior,fury,54,26,28
Васильна,soulflayer,1369,warrior,fury,38,22,16
Чюнилингус,soulflayer,1369,warrior,fury,43,15,28
Лордэнгри,howling-fjord,1367,warrior,fury,33,16,17
Üzzy,dun-modr,1365,warrior,fury,108,63,45
Prîde,kazzak,1364,warrior,fury,48,27,21
Gruttak,aegwynn,1361,warrior,fury,24,16,8
Màrduk,pozzo-delleternità,1361,warrior,fury,42,23,19
Orcarinté,draenor,1361,warrior,fury,45,17,28
Diioxyde,temple-noir,1360,warrior,fury,30,17,13
Килджаеден,deathguard,1358,warrior,fury,34,17,17
Èrzà,sanguino,1358,warrior,fury,82,38,44
Rudor,la-croisade-écarlate,1357,warrior,fury,36,20,16
Darriuso,kazzak,1357,warrior,fury,69,34,35
Ribastur,blackmoore,1355,warrior,fury,168,89,79
Kante,frostmane,1353,warrior,fury,30,19,11
Slaktârn,ragnaros,1351,warrior,fury,39,19,20
Darvi,burning-legion,1351,warrior,fury,36,16,20
Mortalclaw,kazzak,1349,warrior,fury,87,42,45
Gromrigg,draenor,1348,warrior,fury,95,41,54
Somalisktjur,tarren-mill,1347,warrior,fury,60,31,29
Habaneroo,zuljin,1345,warrior,fury,36,15,21
Лимпс,gordunni,1344,warrior,fury,18,14,4
Kastraveci,outland,1343,warrior,fury,96,43,53
Bloodyedge,sanguino,1343,warrior,fury,36,16,20
Zêke,thrall,1342,warrior,fury,24,18,6
Studzianki,argent-dawn,1341,warrior,fury,18,14,4
Коньвпальто,greymane,1341,warrior,fury,27,16,11
Stretch,thrall,1341,warrior,fury,31,15,16
Hatenest,argent-dawn,1341,warrior,fury,198,94,104
Xugzug,blackmoore,1341,warrior,fury,48,22,26
Krieg,garrosh,1341,warrior,fury,61,21,40
Hagoxfit,los-errantes,1338,warrior,fury,62,29,33
Brigitá,argent-dawn,1338,warrior,fury,30,14,16
Connorzqt,ravencrest,1337,warrior,fury,24,14,10
Razza,ravencrest,1337,warrior,fury,31,16,15
Jisoowar,blackhand,1337,warrior,fury,36,15,21
Акози,fordragon,1335,warrior,fury,72,39,33
Врэкклив,gordunni,1335,warrior,fury,71,34,37
Moggorr,nemesis,1334,warrior,fury,46,24,22
Broxshar,shendralar,1333,warrior,fury,24,14,10
Hirbz,silvermoon,1333,warrior,fury,66,34,32
Schuy,silvermoon,1333,warrior,fury,78,40,38
Taoke,ravencrest,1333,warrior,fury,30,14,16
Hobbó,draenor,1333,warrior,fury,78,31,47
Killhound,argent-dawn,1332,warrior,fury,24,14,10
Tharokk,blackmoore,1332,warrior,fury,36,20,16
Unqlolz,kazzak,1332,warrior,fury,27,15,12
Nmwar,turalyon,1332,warrior,fury,39,20,19
Вардеспетчер,razuvious,1331,warrior,fury,36,19,17
Kundrak,blackhand,1330,warrior,fury,67,34,33
Kragar,anetheron,1329,warrior,fury,45,25,20
Skaurmosh,argent-dawn,1329,warrior,fury,60,31,29
Luunk,ravencrest,1329,warrior,fury,72,36,36
Ganaroth,tarren-mill,1328,warrior,fury,42,21,21
Gàbrânth,frostwolf,1327,warrior,fury,24,14,10
Realz,malganis,1327,warrior,fury,108,55,53
Achonar,draenor,1326,warrior,fury,35,17,18
Джелорд,howling-fjord,1326,warrior,fury,30,14,16
Лимэй,blackscar,1326,warrior,fury,39,17,22
Cyruk,blackmoore,1325,warrior,fury,30,14,16
Tweran,drakthul,1323,warrior,fury,29,14,15
Gudvin,terokkar,1322,warrior,fury,47,29,18
Грош,deepholm,1322,warrior,fury,24,14,10
Ochocinco,quelthalas,1322,warrior,fury,51,20,31
Temprament,ravencrest,1320,warrior,fury,78,43,35
Astreimehns,sanguino,1319,warrior,fury,24,14,10
Mvi,frostmane,1319,warrior,fury,34,16,18
Nubá,burning-legion,1318,warrior,fury,84,53,31
Kazzim,blackmoore,1318,warrior,fury,24,14,10
Кроуфури,gordunni,1318,warrior,fury,54,31,23
Buzzingwarr,tarren-mill,1318,warrior,fury,60,29,31
Lasanká,sylvanas,1318,warrior,fury,36,17,19
Usz,thunderhorn,1317,warrior,fury,48,29,19
Svênsk,argent-dawn,1317,warrior,fury,32,17,15
Watntietnn,burning-blade,1317,warrior,fury,61,32,29
Xsasuke,ragnaros,1317,warrior,fury,36,17,19
Nighat,sanguino,1316,warrior,fury,23,18,5
Hellguarrd,silvermoon,1316,warrior,fury,65,29,36
Fortësque,uldaman,1315,warrior,fury,59,22,37
Zíreael,ravencrest,1314,warrior,fury,72,34,38
Мембершримп,howling-fjord,1314,warrior,fury,48,22,26
Kerando,tirion,1314,warrior,fury,35,15,20
Chidòri,tarren-mill,1314,warrior,fury,33,14,19
Вархаус,blackscar,1313,warrior,fury,39,21,18
Göttännadåva,stormscale,1313,warrior,fury,30,14,16
Offpants,drakthul,1313,warrior,fury,48,22,26
Джэкмен,soulflayer,1312,warrior,fury,64,36,28
Bosniakk,ravencrest,1312,warrior,fury,96,46,50
Ælvstan,argent-dawn,1310,warrior,fury,59,30,29
Ryù,dun-modr,1310,warrior,fury,30,14,16
Sway,eonar,1309,warrior,fury,90,47,43
Ikkr,kazzak,1309,warrior,fury,90,45,45
Optimai,kazzak,1309,warrior,fury,116,56,60
Exeter,nagrand,1308,warrior,fury,60,32,28
Onga,frostwolf,1305,warrior,fury,24,14,10
Bigmercy,ragnaros,1305,warrior,fury,47,26,21
Gèrralt,hyjal,1305,warrior,fury,47,18,29
Гаррим,blackscar,1304,warrior,fury,28,14,14
Grimli,burning-legion,1303,warrior,fury,42,24,18
Bigrooster,argent-dawn,1303,warrior,fury,102,52,50
Номер,eversong,1303,warrior,fury,166,81,85
Меняло,fordragon,1302,warrior,fury,41,20,21
Thors,deathwing,1301,warrior,fury,178,93,85
Кровостокхх,gordunni,1301,warrior,fury,42,17,25
Reckless,tarren-mill,1300,warrior,fury,42,22,20
Tragix,hyjal,1300,warrior,fury,42,18,24
Умфи,howling-fjord,1299,warrior,fury,83,46,37
Quigatron,frostmane,1298,warrior,fury,65,38,27
Warinator,ravencrest,1297,warrior,fury,49,28,21
Роконишу,gordunni,1294,warrior,fury,36,20,16
Axislips,draenor,1294,warrior,fury,29,14,15
Теокрафт,howling-fjord,1292,warrior,fury,24,14,10
Kurzen,voljin,1291,warrior,fury,45,26,19
Арестант,soulflayer,1291,warrior,fury,137,69,68
Машамеч,blackscar,1289,warrior,fury,84,42,42
Kllinac,kazzak,1288,warrior,fury,60,32,28
Hazarku,colinas-pardas,1288,warrior,fury,30,15,15
Федорссумкин,gordunni,1288,warrior,fury,62,30,32
Roxxón,teldrassil,1285,warrior,fury,23,14,9
Buzzingorc,tarren-mill,1285,warrior,fury,60,32,28
Sammäel,eldrethalas,1281,warrior,fury,36,19,17
Haewon,burning-legion,1280,warrior,fury,53,25,28
Azëlls,archimonde,1280,warrior,fury,42,19,23
Armirtile,twisting-nether,1277,warrior,fury,36,17,19
Andij,blackmoore,1276,warrior,fury,66,33,33
Trollboii,ravencrest,1274,warrior,fury,27,14,13
Барабумм,soulflayer,1274,warrior,fury,119,61,58
Flaggerware,stormscale,1274,warrior,fury,36,17,19
Exeldians,burning-legion,1273,warrior,fury,20,14,6
Golward,grim-batol,1273,warrior,fury,32,14,18
Fenr,sanguino,1272,warrior,fury,52,34,18
Wariio,khaz-modan,1272,warrior,fury,47,27,20
Runkkusukka,defias-brotherhood,1271,warrior,fury,65,36,29
Bellzter,outland,1271,warrior,fury,67,34,33
Ларджсворд,eversong,1271,warrior,fury,58,29,29
Furyre,ysondre,1271,warrior,fury,37,17,20
Honeymew,draenor,1271,warrior,fury,66,27,39
Pinkvae,doomhammer,1270,warrior,fury,29,14,15
Dènethor,draenor,1269,warrior,fury,82,41,41
Ipes,blackmoore,1268,warrior,fury,55,28,27
Ninja,bronze-dragonflight,1268,warrior,fury,98,46,52
Kurko,blackmoore,1268,warrior,fury,47,20,27
Topfury,stormscale,1267,warrior,fury,36,14,22
Akkamagosh,argent-dawn,1266,warrior,fury,70,31,39
Deusi,garrosh,1265,warrior,fury,60,32,28
Аштау,howling-fjord,1265,warrior,fury,172,81,91
Cokeaddict,argent-dawn,1265,warrior,fury,48,20,28
Azzog,archimonde,1264,warrior,fury,86,48,38
Grák,bronze-dragonflight,1263,warrior,fury,24,14,10
Zerm,draenor,1262,warrior,fury,24,15,9
Jasperr,nemesis,1262,warrior,fury,48,25,23
Gritzi,dragonblight,1262,warrior,fury,60,29,31
Wilæm,argent-dawn,1261,warrior,fury,71,34,37
Бормормуш,gordunni,1261,warrior,fury,73,30,43
Gromaak,draenor,1260,warrior,fury,42,14,28
Taurenboii,ravencrest,1259,warrior,fury,25,14,11
Reylanor,argent-dawn,1259,warrior,fury,58,30,28
Hangovar,thrall,1257,warrior,fury,33,18,15
Saey,malorne,1255,warrior,fury,74,37,37
Drswing,kazzak,1255,warrior,fury,33,15,18
Dundulinka,outland,1255,warrior,fury,46,17,29
Barragan,sanguino,1253,warrior,fury,23,15,8
Toughwar,tarren-mill,1253,warrior,fury,66,35,31
Sørø,sargeras,1252,warrior,fury,24,14,10
Tarrior,shattered-halls,1251,warrior,fury,77,37,40
Unn,ragnaros,1250,warrior,fury,75,36,39
Kvintor,bloodscalp,1249,warrior,fury,28,17,11
Дизроуз,gordunni,1249,warrior,fury,29,15,14
Oughn,silvermoon,1248,warrior,fury,73,34,39
Immørtálx,tarren-mill,1248,warrior,fury,30,13,17
Рагнарульв,gordunni,1248,warrior,fury,36,15,21
Мигнт,blackscar,1247,warrior,fury,18,13,5
Helleon,twisting-nether,1247,warrior,fury,24,13,11
Фктп,blackscar,1247,warrior,fury,24,13,11
Vegansmasher,stormscale,1247,warrior,fury,24,13,11
Stóna,blackmoore,1247,warrior,fury,36,13,23
Immørtalx,area-52,1247,warrior,fury,36,13,23
Agitoyami,defias-brotherhood,1246,warrior,fury,115,62,53
Warrzor,auchindoun,1246,warrior,fury,30,13,17
Moknar,alonsus,1246,warrior,fury,53,22,31
Fraq,tarren-mill,1243,warrior,fury,24,13,11
Mocagressiva,draenor,1243,warrior,fury,42,22,20
Dontrundie,kazzak,1242,warrior,fury,24,13,11
Divinvibra,dalaran,1242,warrior,fury,25,13,12
Ragnurk,draenor,1242,warrior,fury,60,20,40
Motorhead,tirion,1241,warrior,fury,30,16,14
Tàuruss,blackhand,1241,warrior,fury,34,18,16
Рсдрпб,eversong,1241,warrior,fury,30,15,15
Timidman,kazzak,1240,warrior,fury,24,13,11
Crîxús,silvermoon,1240,warrior,fury,24,13,11
Lâmy,khaz-modan,1240,warrior,fury,60,26,34
Слайдус,gordunni,1239,warrior,fury,62,31,31
Alkuwaity,outland,1238,warrior,fury,24,13,11
Shkørwi,drakthul,1238,warrior,fury,30,14,16
Рекиро,blackscar,1236,warrior,fury,24,13,11
Alevucerdaa,draenor,1236,warrior,fury,36,15,21
Деимосин,howling-fjord,1232,warrior,fury,24,13,11
Насувака,deathguard,1231,warrior,fury,53,25,28
Jhaiteiro,dun-modr,1230,warrior,fury,27,14,13
Rarrio,kazzak,1229,warrior,fury,24,13,11
Димаказнь,gordunni,1229,warrior,fury,30,13,17
Larvalis,blackmoore,1229,warrior,fury,37,15,22
Кимиюки,gordunni,1228,warrior,fury,30,13,17
Szpindah,ragnaros,1228,warrior,fury,36,13,23
Ffrostwolff,azjolnerub,1227,warrior,fury,18,13,5
Skullfondler,argent-dawn,1226,warrior,fury,24,13,11
Осгаард,gordunni,1226,warrior,fury,54,24,30
Säl,ragnaros,1225,warrior,fury,67,36,31
Gorroth,chamber-of-aspects,1224,warrior,fury,24,13,11
Noseringer,frostwolf,1223,warrior,fury,21,15,6
Schmetterina,proudmoore,1223,warrior,fury,49,28,21
Fîlzlaus,area-52,1222,warrior,fury,110,48,62
Rayeron,sanguino,1221,warrior,fury,95,47,48
Anubisra,alakir,1220,warrior,fury,26,16,10
Kebra,blackmoore,1220,warrior,fury,87,49,38
Toecutter,defias-brotherhood,1220,warrior,fury,27,14,13
Свободатоп,howling-fjord,1218,warrior,fury,24,13,11
Izmadfurax,archimonde,1218,warrior,fury,77,41,36
Shieldlord,kazzak,1218,warrior,fury,129,59,70
Ouryuu,hyjal,1218,warrior,fury,56,25,31
Fightinghell,stormrage,1215,warrior,fury,24,13,11
Ульданианин,gordunni,1213,warrior,fury,30,15,15
Arnoldalois,neptulon,1210,warrior,fury,30,14,16
Йомхар,howling-fjord,1208,warrior,fury,30,13,17
Goldenarm,doomhammer,1206,warrior,fury,56,29,27
Warriorc,hellfire,1205,warrior,fury,48,26,22
Garmal,nemesis,1205,warrior,fury,30,16,14
Yildiz,kargath,1204,warrior,fury,103,57,46
Saîx,garrosh,1204,warrior,fury,342,171,171
Vivaladirt,argent-dawn,1203,warrior,fury,30,13,17
Djiozz,khaz-modan,1202,warrior,fury,30,13,17
Larrydankin,draenor,1201,warrior,fury,35,21,14
Marklarstar,ragnaros,1201,warrior,fury,60,28,32
Vhy,antonidas,1201,warrior,fury,48,22,26
Toporceanul,kazzak,1201,warrior,fury,41,14,27
Barsok,sanguino,1198,warrior,fury,36,16,20
Jasonnes,argent-dawn,1198,warrior,fury,34,14,20
Отнулядоста,gordunni,1198,warrior,fury,61,25,36
Жужащий,howling-fjord,1197,warrior,fury,74,31,43
Warrmax,darksorrow,1196,warrior,fury,84,43,41
Eliyahu,ghostlands,1195,warrior,fury,36,14,22
Gorgulg,stormscale,1193,warrior,fury,54,28,26
Antraex,zuljin,1193,warrior,fury,36,15,21
Blaying,ravencrest,1192,warrior,fury,23,13,10
Dranosha,nemesis,1192,warrior,fury,23,13,10
Kirkwood,terokkar,1192,warrior,fury,71,34,37
Bolss,silvermoon,1188,warrior,fury,73,28,45
Gardom,doomhammer,1187,warrior,fury,70,41,29
Coyle,eredar,1187,warrior,fury,163,73,90
Fvkundercutt,xavius,1186,warrior,fury,18,13,5
Азктор,soulflayer,1186,warrior,fury,35,15,20
Thibow,hyjal,1185,warrior,fury,30,18,12
Morishcrak,kazzak,1181,warrior,fury,39,14,25
Delinde,cthun,1180,warrior,fury,105,50,55
Illydan,turalyon,1172,warrior,fury,24,13,11
Garstus,die-silberne-hand,1171,warrior,fury,36,13,23
Суммрак,grom,1166,warrior,fury,38,16,22
Tato,frostmourne,1165,warrior,fury,23,13,10
Варёнок,soulflayer,1160,warrior,fury,51,25,26
Drolaret,zuljin,1160,warrior,fury,45,19,26
Ragedotcom,archimonde,1156,warrior,fury,70,34,36
Quadfather,kazzak,1151,warrior,fury,24,12,12
Krazosh,die-aldor,1151,warrior,fury,24,12,12
Damonx,draenor,1151,warrior,fury,60,29,31
Исскатель,gordunni,1150,warrior,fury,12,12,0
Slamborghini,twisting-nether,1150,warrior,fury,18,12,6
Dabliu,burning-legion,1150,warrior,fury,30,13,17
Karny,argent-dawn,1150,warrior,fury,30,12,18
Duarel,blackmoore,1149,warrior,fury,18,12,6
Spitonem,blackrock,1148,warrior,fury,24,12,12
Дерзкаяфурия,gordunni,1148,warrior,fury,29,13,16
Баджераа,soulflayer,1147,warrior,fury,18,12,6
Wotulko,blackrock,1147,warrior,fury,23,13,10
Селттик,grom,1147,warrior,fury,65,36,29
Neoballâc,uldum,1144,warrior,fury,24,12,12
Baoni,hyjal,1144,warrior,fury,30,12,18
Dalibomba,draenor,1143,warrior,fury,81,32,49
Yopa,draenor,1143,warrior,fury,33,13,20
Inflacija,grim-batol,1143,warrior,fury,36,12,24
Shadowfiend,argent-dawn,1142,warrior,fury,24,12,12
Youups,twisting-nether,1142,warrior,fury,24,12,12
Waroworgen,terokkar,1142,warrior,fury,26,12,14
Ragecap,rexxar,1142,warrior,fury,44,18,26
Reinharth,dalaran,1141,warrior,fury,30,17,13
Армсец,howling-fjord,1141,warrior,fury,24,12,12
Инфиль,howling-fjord,1140,warrior,fury,30,12,18
Itchiiz,alonsus,1138,warrior,fury,24,12,12
Bouafia,archimonde,1138,warrior,fury,24,12,12
Moustachu,kirin-tor,1138,warrior,fury,39,19,20
Андервульф,booty-bay,1137,warrior,fury,30,12,18
Madhardy,chamber-of-aspects,1133,warrior,fury,24,12,12
Oxascand,kazzak,1131,warrior,fury,87,36,51
Ranndall,blackrock,1129,warrior,fury,54,26,28
Sekecmazec,turalyon,1129,warrior,fury,63,22,41
Сэч,gordunni,1128,warrior,fury,18,12,6
Pybal,stormscale,1128,warrior,fury,18,12,6
Waltharius,das-syndikat,1126,warrior,fury,48,26,22
Thraxus,azjolnerub,1126,warrior,fury,24,12,12
Mutuh,ravenholdt,1126,warrior,fury,24,12,12
Berseak,dalaran,1125,warrior,fury,31,15,16
Sadjoke,draenor,1125,warrior,fury,30,13,17
Аесоо,gordunni,1123,warrior,fury,275,131,144
Cuuz,outland,1122,warrior,fury,30,12,18
Well,kult-der-verdammten,1121,warrior,fury,24,12,12
Nykyro,draenor,1119,warrior,fury,72,32,40
Téldrus,blackrock,1116,warrior,fury,18,12,6
Daramir,turalyon,1116,warrior,fury,24,12,12
Pahanâ,arygos,1111,warrior,fury,24,12,12
Иллидансер,howling-fjord,1110,warrior,fury,24,12,12
Gabbz,aggra-português,1109,warrior,fury,33,13,20
Houftasir,eredar,1106,warrior,fury,45,19,26
Shabir,sylvanas,1106,warrior,fury,35,13,22
Zetsurin,sylvanas,1105,warrior,fury,66,23,43
Tagavaga,tarren-mill,1104,warrior,fury,42,13,29
Justviktor,ravencrest,1103,warrior,fury,75,32,43
Красемир,deepholm,1097,warrior,fury,47,23,24
Sabrewølf,blackmoore,1096,warrior,fury,48,24,24
Killpieric,krasus,1095,warrior,fury,36,13,23
Exhumator,blackhand,1093,warrior,fury,60,20,40
Shalren,nordrassil,1092,warrior,fury,44,23,21
Grobler,blackhand,1091,warrior,fury,42,16,26
Mistawolf,ravencrest,1090,warrior,fury,30,16,14
Копенгаген,ashenvale,1087,warrior,fury,30,16,14
Sairos,kirin-tor,1086,warrior,fury,96,53,43
Manneen,outland,1086,warrior,fury,83,33,50
Dramiél,tarren-mill,1083,warrior,fury,23,13,10
Evasni,magtheridon,1082,warrior,fury,20,13,7
Corpsecount,stormrage,1078,warrior,fury,36,12,24
Draxxann,ravencrest,1077,warrior,fury,18,13,5
Wrathchild,blackrock,1069,warrior,fury,35,14,21
Getonxnxx,quelthalas,1069,warrior,fury,34,12,22
Giimlii,hyjal,1060,warrior,fury,36,12,24
Luphrek,ysondre,1056,warrior,fury,30,11,19
Зенобий,gordunni,1055,warrior,fury,12,11,1
Sparkzu,twisting-nether,1055,warrior,fury,18,11,7
Alegral,ravencrest,1055,warrior,fury,18,11,7
Эпитафорх,blackscar,1055,warrior,fury,18,11,7
Maroux,malganis,1055,warrior,fury,18,11,7
Prixor,grim-batol,1055,warrior,fury,24,11,13
Kalakalle,twisting-nether,1055,warrior,fury,24,11,13
Мастерион,soulflayer,1054,warrior,fury,18,11,7
Нарезаю,blackscar,1054,warrior,fury,18,11,7
Ciuez,tarren-mill,1054,warrior,fury,18,11,7
Circumcist,dragonblight,1053,warrior,fury,18,11,7
Snuzzygeezer,ravencrest,1053,warrior,fury,18,11,7
Byedriver,kazzak,1053,warrior,fury,24,11,13
Oksimbillah,blackrock,1053,warrior,fury,24,11,13
Takagødx,archimonde,1053,warrior,fury,24,11,13
Стано,booty-bay,1052,warrior,fury,26,13,13
Fromagekipue,draenor,1051,warrior,fury,18,11,7
Aìrwave,blackmoore,1051,warrior,fury,18,11,7
Kridi,stormreaver,1051,warrior,fury,18,11,7
Griffar,malorne,1051,warrior,fury,24,11,13
Bloodwatchêr,kazzak,1051,warrior,fury,24,11,13
Bxnx,aegwynn,1051,warrior,fury,24,11,13
Jesster,blackmoore,1050,warrior,fury,18,11,7
Amagaddon,draenor,1050,warrior,fury,28,12,16
Faithless,azshara,1050,warrior,fury,30,11,19
Sunzí,alakir,1049,warrior,fury,24,11,13
Мастерпве,blackscar,1049,warrior,fury,24,11,13
Драмур,gordunni,1049,warrior,fury,30,11,19
Obox,ravencrest,1048,warrior,fury,18,11,7
Algethar,archimonde,1046,warrior,fury,18,11,7
Buffury,twisting-nether,1045,warrior,fury,18,11,7
Fknmoo,kazzak,1045,warrior,fury,84,44,40
Vazzile,silvermoon,1044,warrior,fury,41,20,21
Whysospicey,lightbringer,1043,warrior,fury,21,12,9
Ragnòk,eredar,1043,warrior,fury,54,20,34
Tiapollo,dun-modr,1043,warrior,fury,40,12,28
Merdé,blackhand,1040,warrior,fury,84,47,37
Romanondo,doomhammer,1039,warrior,fury,18,11,7
Whiteebeardd,draenor,1038,warrior,fury,96,47,49
Златоцветта,gordunni,1034,warrior,fury,24,11,13
Tdanielt,burning-legion,1032,warrior,fury,18,11,7
Anastor,ragnaros,1026,warrior,fury,24,11,13
Khòrne,sanguino,1025,warrior,fury,30,15,15
Moonkak,hyjal,1025,warrior,fury,60,24,36
Valhrann,dalaran,1024,warrior,fury,24,11,13
Помойник,gordunni,1022,warrior,fury,214,113,101
Orcgrim,nozdormu,1019,warrior,fury,42,20,22
Hazl,balnazzar,1018,warrior,fury,50,30,20
Громорашман,grom,1017,warrior,fury,20,12,8
Kratosz,bloodscalp,1016,warrior,fury,139,74,65
Paralel,tarren-mill,1016,warrior,fury,24,11,13
Жиестьдон,soulflayer,1015,warrior,fury,38,17,21
Solidier,archimonde,1011,warrior,fury,30,12,18
Sperta,frostmourne,1009,warrior,fury,47,25,22
Telmó,blackhand,1008,warrior,fury,30,17,13
Рыджеральд,howling-fjord,1008,warrior,fury,51,24,27
Grimic,quelthalas,1004,warrior,fury,27,11,16
Macgull,ysondre,1003,warrior,fury,72,30,42
Niozihex,the-maelstrom,1001,warrior,fury,51,23,28
Greensmash,hyjal,1001,warrior,fury,38,12,26
Zhear,kazzak,999,warrior,fury,29,11,18
Nukêr,dun-modr,995,warrior,fury,41,11,30
Торакусу,gordunni,993,warrior,fury,54,28,26
Edwsan,cthun,990,warrior,fury,42,20,22
Fatspacka,argent-dawn,989,warrior,fury,20,11,9
Dolora,ragnaros,987,warrior,fury,36,18,18
Nicperh,dun-modr,984,warrior,fury,29,12,17
Kabbuki,die-aldor,982,warrior,fury,36,21,15
Lobotomywar,drakthul,981,warrior,fury,18,12,6
Sonnyammo,turalyon,978,warrior,fury,68,30,38
Dj,ragnaros,977,warrior,fury,18,11,7
Krlebajker,tarren-mill,977,warrior,fury,27,14,13
Nogo,nagrand,975,warrior,fury,50,29,21
Seka,nozdormu,975,warrior,fury,186,93,93
Falaliss,elune,975,warrior,fury,56,26,30
Kungeen,silvermoon,968,warrior,fury,180,81,99
Snoopdad,ravencrest,966,warrior,fury,27,15,12
Эребб,howling-fjord,966,warrior,fury,60,29,31
Inexo,blackrock,961,warrior,fury,24,11,13
Pj,sanguino,960,warrior,fury,12,10,2
Ástriax,ravencrest,960,warrior,fury,18,10,8
Nazrihk,ravencrest,960,warrior,fury,18,10,8
Ñegan,proudmoore,960,warrior,fury,24,10,14
Kût,les-sentinelles,959,warrior,fury,12,10,2
Tenicx,ravencrest,959,warrior,fury,18,10,8
Highoverlord,aggra-português,959,warrior,fury,18,10,8
Фомори,howling-fjord,959,warrior,fury,18,10,8
Cøbain,eredar,959,warrior,fury,18,10,8
Solaje,dun-modr,959,warrior,fury,18,10,8
Oowar,burning-legion,959,warrior,fury,18,10,8
Galatan,kazzak,959,warrior,fury,18,10,8
Scelletonx,silvermoon,959,warrior,fury,18,10,8
Raicho,dentarg,959,warrior,fury,18,10,8
Bøgatyr,draenor,959,warrior,fury,24,10,14
Theolcostaud,archimonde,959,warrior,fury,24,10,14
Agoobagoo,alakir,958,warrior,fury,12,10,2
Xurainlol,eredar,958,warrior,fury,12,10,2
Profwar,drakthul,958,warrior,fury,18,10,8
Cromvi,draenor,958,warrior,fury,18,10,8
Гневиболь,gordunni,958,warrior,fury,18,10,8
Punks,ravencrest,958,warrior,fury,18,10,8
Søil,tarren-mill,958,warrior,fury,18,10,8
Taaø,ravencrest,958,warrior,fury,24,10,14
Razoo,stormscale,958,warrior,fury,30,10,20
Etelä,stormreaver,957,warrior,fury,18,10,8
Budwise,stormscale,957,warrior,fury,18,10,8
Leàn,nemesis,957,warrior,fury,18,10,8
Hellocritty,blackmoore,957,warrior,fury,18,10,8
Fortressa,ravencrest,957,warrior,fury,30,10,20
Viviora,blackmoore,956,warrior,fury,12,10,2
Янесними,soulflayer,956,warrior,fury,18,10,8
Settin,silvermoon,956,warrior,fury,18,10,8
Chrobochrot,burning-blade,956,warrior,fury,24,10,14
Kurenn,tarren-mill,956,warrior,fury,30,10,20
Thodak,blackrock,956,warrior,fury,30,10,20
Nætøx,ravencrest,955,warrior,fury,18,10,8
Xienia,dun-morogh,955,warrior,fury,34,11,23
Stormíe,outland,954,warrior,fury,18,10,8
Murgrimm,die-silberne-hand,954,warrior,fury,93,47,46
Thorgaz,blackmoore,954,warrior,fury,24,10,14
Ампутиль,gordunni,953,warrior,fury,18,10,8
Xonnico,ravencrest,953,warrior,fury,30,11,19
Конвержн,howling-fjord,952,warrior,fury,18,10,8
Taurras,nathrezim,952,warrior,fury,86,45,41
Exsomnis,outland,951,warrior,fury,18,10,8
Thebiggreen,twisting-nether,951,warrior,fury,18,10,8
Фейловый,gordunni,951,warrior,fury,24,10,14
Madfu,draenor,950,warrior,fury,18,10,8
Zalumorth,magtheridon,950,warrior,fury,32,15,17
Лизерус,eversong,949,warrior,fury,12,10,2
Gahal,tyrande,948,warrior,fury,24,10,14
Prime,outland,946,warrior,fury,24,10,14
Erenowski,twisting-nether,945,warrior,fury,24,10,14
Bwonsàmdí,ragnaros,945,warrior,fury,36,10,26
Xaturesw,twisting-nether,943,warrior,fury,12,10,2
Warallari,khaz-modan,936,warrior,fury,30,15,15
Pufy,ravencrest,930,warrior,fury,23,10,13
Solatika,alexstrasza,924,warrior,fury,195,99,96
Arzes,draenor,920,warrior,fury,29,10,19
Dirtybugga,nagrand,916,warrior,fury,16,11,5
Rédsonja,chamber-of-aspects,909,warrior,fury,52,25,27
Mïîäm,archimonde,908,warrior,fury,21,10,11
Злопиканкин,gordunni,905,warrior,fury,19,11,8
Лилслайм,gordunni,905,warrior,fury,48,25,23
Ntouziera,silvermoon,905,warrior,fury,30,11,19
Zeppek,dalaran,903,warrior,fury,137,69,68
Ogerit,blackmoore,898,warrior,fury,30,14,16
Gardur,blackrock,895,warrior,fury,15,11,4
Kiljhimari,twisting-nether,894,warrior,fury,20,10,10
Суферна,howling-fjord,894,warrior,fury,27,13,14
Gnompower,archimonde,892,warrior,fury,17,10,7
Bëlzé,les-clairvoyants,887,warrior,fury,38,14,24
Mélin,ravencrest,876,warrior,fury,19,10,9
Jâbs,hyjal,875,warrior,fury,36,11,25
Stroj,aerie-peak,868,warrior,fury,65,32,33
Føxis,aegwynn,864,warrior,fury,12,9,3
Granlach,sunstrider,864,warrior,fury,12,9,3
Licious,outland,864,warrior,fury,12,9,3
Ronipickerin,stormscale,864,warrior,fury,12,9,3
Stronkmon,silvermoon,864,warrior,fury,12,9,3
Двапеченька,soulflayer,864,warrior,fury,12,9,3
Брокскрим,soulflayer,864,warrior,fury,12,9,3
Kihili,twisting-nether,864,warrior,fury,12,9,3
Lzdmfckmeazy,blackmoore,864,warrior,fury,15,10,5
Warzzor,auchindoun,864,warrior,fury,18,9,9
Рэйвисмашина,gordunni,864,warrior,fury,24,9,15
Веоленс,gordunni,863,warrior,fury,12,9,3
Âshkä,ysondre,863,warrior,fury,12,9,3
Нейв,blackscar,863,warrior,fury,18,9,9
Lunätic,sylvanas,863,warrior,fury,18,9,9
Therealskull,grim-batol,863,warrior,fury,18,9,9
Showerfresh,silvermoon,863,warrior,fury,18,9,9
Alcathras,doomhammer,863,warrior,fury,18,9,9
Jkfede,nemesis,863,warrior,fury,18,9,9
Аскагорт,soulflayer,863,warrior,fury,18,9,9
Sodium,pozzo-delleternità,863,warrior,fury,24,9,15
Zyzie,argent-dawn,863,warrior,fury,24,9,15
Синнэр,blackscar,863,warrior,fury,24,9,15
Tandrall,rexxar,863,warrior,fury,24,9,15
Bigpapapap,kazzak,863,warrior,fury,28,9,19
Realstars,tichondrius,862,warrior,fury,12,9,3
Warhero,burning-legion,862,warrior,fury,12,9,3
Exzecute,outland,862,warrior,fury,12,9,3
Cianna,silvermoon,862,warrior,fury,12,9,3
Оркнарос,soulflayer,862,warrior,fury,12,9,3
Grimleaper,twisting-nether,862,warrior,fury,18,9,9
Røronøa,hyjal,862,warrior,fury,18,9,9
Claptheheal,silvermoon,862,warrior,fury,18,9,9
Ederes,silvermoon,862,warrior,fury,18,9,9
Shurubel,outland,862,warrior,fury,18,9,9
Lecorrecteur,archimonde,862,warrior,fury,18,9,9
Axamo,ragnaros,862,warrior,fury,18,9,9
Gypsykìng,darksorrow,862,warrior,fury,18,9,9
Vìbe,archimonde,862,warrior,fury,24,9,15
Denshyel,dun-modr,861,warrior,fury,15,10,5
Throck,drakthul,861,warrior,fury,18,9,9
Валъдемар,gordunni,860,warrior,fury,12,9,3
Firience,silvermoon,860,warrior,fury,18,9,9
Ragecrit,ragnaros,859,warrior,fury,24,9,15
Valkirya,arthas,859,warrior,fury,30,9,21
Килоагр,gordunni,858,warrior,fury,30,9,21
Cogneur,archimonde,857,warrior,fury,24,9,15
Rqyz,tarren-mill,856,warrior,fury,18,9,9
Midly,hellfire,856,warrior,fury,18,9,9
Sinesterá,blackhand,856,warrior,fury,25,11,14
Manfred,burning-legion,855,warrior,fury,12,9,3
Saykage,blackhand,854,warrior,fury,18,9,9
Schildwall,aegwynn,854,warrior,fury,18,9,9
Warfield,draenor,853,warrior,fury,24,9,15
Блиблоб,eversong,852,warrior,fury,18,9,9
Pollverizer,ghostlands,851,warrior,fury,36,16,20
Sparkss,sylvanas,850,warrior,fury,18,9,9
Kharzak,ungoro,849,warrior,fury,18,9,9
Спунжио,ashenvale,848,warrior,fury,18,9,9
Giemb,doomhammer,844,warrior,fury,78,28,50
Tiscanno,nemesis,842,warrior,fury,49,24,25
Amsti,doomhammer,839,warrior,fury,12,9,3
Telamonas,haomarush,839,warrior,fury,18,9,9
Ânaxi,silvermoon,831,warrior,fury,14,10,4
Варгуш,ashenvale,831,warrior,fury,23,9,14
Nainpossible,marécage-de-zangar,825,warrior,fury,18,9,9
Incense,silvermoon,816,warrior,fury,15,9,6
Jøtawarrior,sanguino,815,warrior,fury,17,9,8
Варриорнир,howling-fjord,814,warrior,fury,14,10,4
Miina,blutkessel,802,warrior,fury,18,9,9
Xguildone,magtheridon,802,warrior,fury,44,16,28
Griswarr,draenor,797,warrior,fury,14,9,5
Ocelote,elune,794,warrior,fury,18,9,9
Guinnasse,khaz-modan,794,warrior,fury,21,9,12
Filador,wildhammer,788,warrior,fury,30,12,18
Parteyunques,sanguino,783,warrior,fury,19,9,10
Chelby,argent-dawn,768,warrior,fury,12,8,4
Suduri,drakthul,768,warrior,fury,12,8,4
Grroom,tarren-mill,768,warrior,fury,12,8,4
Jokkul,tarren-mill,768,warrior,fury,12,8,4
Mörkölä,ravencrest,768,warrior,fury,12,8,4
Chaseheal,frostwolf,768,warrior,fury,12,8,4
Skullsmasher,stormscale,768,warrior,fury,12,8,4
Projectchad,draenor,768,warrior,fury,12,8,4
Blizo,tarren-mill,768,warrior,fury,12,8,4
Cathériné,drakthul,768,warrior,fury,12,8,4
Aléxsandra,ravencrest,768,warrior,fury,12,8,4
Dreadoran,voljin,768,warrior,fury,12,8,4
Jengaa,draenor,768,warrior,fury,12,8,4
Stuck,argent-dawn,768,warrior,fury,12,8,4
Zern,draenor,768,warrior,fury,12,8,4
Ironfangs,argent-dawn,768,warrior,fury,12,8,4
Tah,hyjal,768,warrior,fury,12,8,4
Bím,archimonde,768,warrior,fury,12,8,4
Уэсгар,blackscar,768,warrior,fury,12,8,4
Joéfernandés,sylvanas,768,warrior,fury,18,8,10
Untiltèd,ravencrest,768,warrior,fury,18,8,10
Nightvision,skullcrusher,768,warrior,fury,18,8,10
Zimbabakunda,ravencrest,768,warrior,fury,18,8,10
Krathox,kazzak,768,warrior,fury,18,8,10
Alpairx,aegwynn,768,warrior,fury,24,8,16
Míngxuan,tarren-mill,767,warrior,fury,12,8,4
Gimlee,kul-tiras,767,warrior,fury,12,8,4
Báshx,outland,767,warrior,fury,12,8,4
Rooflolly,argent-dawn,767,warrior,fury,12,8,4
Largeblade,kazzak,767,warrior,fury,12,8,4
Schmackes,terrordar,767,warrior,fury,12,8,4
Skeptikal,argent-dawn,767,warrior,fury,12,8,4
Sorryforwhat,stormscale,767,warrior,fury,12,8,4
Skillclapped,ravencrest,767,warrior,fury,15,9,6
Онатолька,eversong,767,warrior,fury,16,9,7
Philatou,antonidas,767,warrior,fury,18,8,10
Dallion,azjolnerub,767,warrior,fury,18,8,10
Ødên,frostmane,767,warrior,fury,18,8,10
Изберг,soulflayer,767,warrior,fury,18,8,10
Ðíscøwârrìør,nethersturm,767,warrior,fury,18,8,10
Elainax,eredar,767,warrior,fury,18,8,10
Thørïn,dun-modr,767,warrior,fury,18,8,10
Rndname,malganis,767,warrior,fury,18,8,10
Фелёр,gordunni,767,warrior,fury,18,8,10
Nozhar,stormscale,767,warrior,fury,18,8,10
Глинм,gordunni,767,warrior,fury,24,8,16
Himä,burning-legion,766,warrior,fury,12,8,4
Fivejee,ravencrest,766,warrior,fury,12,8,4
Hekto,burning-legion,766,warrior,fury,12,8,4
Warriur,silvermoon,766,warrior,fury,12,8,4
Snakewins,stormscale,766,warrior,fury,12,8,4
Ravenpaw,burning-legion,766,warrior,fury,12,8,4
Aldébbarann,archimonde,766,warrior,fury,14,9,5
Deadwaifu,ragnaros,766,warrior,fury,18,8,10
Bealin,the-venture-co,766,warrior,fury,18,8,10
Развалочка,howling-fjord,766,warrior,fury,18,8,10
Eyolf,thunderhorn,766,warrior,fury,24,8,16
Arlan,dragonblight,766,warrior,fury,30,8,22
Torinborison,ysera,765,warrior,fury,12,8,4
Bobzillah,kazzak,765,warrior,fury,12,8,4
Knussnacker,sanguino,765,warrior,fury,12,8,4
Blairne,burning-blade,765,warrior,fury,24,8,16
Malasortë,sylvanas,764,warrior,fury,18,8,10
Roninwar,the-maelstrom,764,warrior,fury,18,8,10
Furginox,argent-dawn,764,warrior,fury,24,8,16
Greatsword,turalyon,763,warrior,fury,12,8,4
Tsu,karazhan,763,warrior,fury,18,8,10
Cazzpowa,frostmane,762,warrior,fury,12,8,4
Kaerz,ysondre,762,warrior,fury,18,8,10
Theunknown,eonar,762,warrior,fury,24,8,16
Khaalo,blackhand,760,warrior,fury,12,8,4
Ремарус,fordragon,759,warrior,fury,12,8,4
Czarian,ragnaros,759,warrior,fury,36,8,28
Солоовей,gordunni,758,warrior,fury,18,8,10
Arta,arthas,757,warrior,fury,18,8,10
Ошинай,gordunni,756,warrior,fury,18,8,10
Uleixoshark,argent-dawn,754,warrior,fury,18,8,10
Zarkos,onyxia,754,warrior,fury,24,8,16
Destrzadora,exodar,750,warrior,fury,18,8,10
Onslaught,pozzo-delleternità,749,warrior,fury,30,8,22
Aedin,ravencrest,734,warrior,fury,17,8,9
Арнвальд,galakrond,728,warrior,fury,18,8,10
Вагранна,soulflayer,719,warrior,fury,17,8,9
Bragush,shattrath,718,warrior,fury,11,8,3
Ентил,gordunni,718,warrior,fury,23,8,15
Pacosky,burning-legion,703,warrior,fury,16,8,8
Jakedo,outland,703,warrior,fury,17,8,9
Manelar,draenor,702,warrior,fury,14,8,6
Kilkov,emeriss,701,warrior,fury,16,8,8
Grekowar,dalaran,700,warrior,fury,17,8,9
Amédé,ysondre,697,warrior,fury,17,8,9
Giltiné,runetotem,687,warrior,fury,13,8,5
Bubbsi,turalyon,674,warrior,fury,24,8,16
Дмидрашх,howling-fjord,672,warrior,fury,10,8,2
Jollypig,stormscale,672,warrior,fury,12,7,5
Где,blackscar,672,warrior,fury,12,7,5
Думслэер,gordunni,672,warrior,fury,12,7,5
Инкула,gordunni,672,warrior,fury,12,7,5
Осадчийофдес,soulflayer,672,warrior,fury,12,7,5
Седунг,gordunni,672,warrior,fury,12,7,5
Slûff,draenor,672,warrior,fury,12,7,5
Fragsonic,stormscale,672,warrior,fury,12,7,5
Seraphys,ravencrest,672,warrior,fury,12,7,5
Ðeadyet,mugthol,672,warrior,fury,12,7,5
Hàssard,outland,672,warrior,fury,12,7,5
Harbor,burning-blade,672,warrior,fury,12,7,5
Googas,aegwynn,672,warrior,fury,12,7,5
Khrtw,silvermoon,672,warrior,fury,12,7,5
Yuuta,ravencrest,672,warrior,fury,12,7,5
Xurainzone,eredar,672,warrior,fury,12,7,5
Avgorcgodx,stormscale,672,warrior,fury,12,7,5
Lildaddypump,ravencrest,672,warrior,fury,12,7,5
Xxeqtr,kazzak,672,warrior,fury,12,7,5
Doronas,der-rat-von-dalaran,672,warrior,fury,12,7,5
Ididntbindit,stormscale,672,warrior,fury,12,7,5
Nerfslam,stormscale,672,warrior,fury,17,8,9
Проводникдуш,gordunni,672,warrior,fury,18,7,11
Agnetta,burning-legion,672,warrior,fury,18,7,11
Foboa,archimonde,672,warrior,fury,18,7,11
Gramrosh,eredar,672,warrior,fury,18,7,11
Учихагодх,howling-fjord,672,warrior,fury,18,7,11
Picklejuicer,argent-dawn,672,warrior,fury,18,7,11
Shintuargar,blackrock,672,warrior,fury,18,7,11
Bobshaggins,stormscale,672,warrior,fury,18,7,11
Omcat,dun-modr,672,warrior,fury,18,7,11
Кэйкан,gordunni,672,warrior,fury,18,7,11
Vàriam,argent-dawn,671,warrior,fury,12,7,5
Kokaspincha,aggra-português,671,warrior,fury,12,7,5
Shayarielle,zirkel-des-cenarius,671,warrior,fury,12,7,5
Broknagar,draenor,671,warrior,fury,12,7,5
Dgyfh,dun-morogh,671,warrior,fury,12,7,5
Pépêloup,archimonde,671,warrior,fury,12,7,5
Arturdayne,sanguino,671,warrior,fury,12,7,5
Blázedblack,twisting-nether,671,warrior,fury,12,7,5
Zehirjin,sargeras,671,warrior,fury,12,7,5
Kåïdø,ravencrest,671,warrior,fury,12,7,5
Showneck,blackmoore,671,warrior,fury,12,7,5
Rryba,blackrock,671,warrior,fury,12,7,5
Sniperwølf,tyrande,671,warrior,fury,12,7,5
Ørkk,pozzo-delleternità,671,warrior,fury,12,7,5
Timmyda,dalaran,671,warrior,fury,12,7,5
Zedori,stormrage,671,warrior,fury,12,7,5
Bruxus,blackhand,671,warrior,fury,12,7,5
Dorya,aegwynn,671,warrior,fury,12,7,5
Sargonas,burning-blade,671,warrior,fury,12,7,5
Septymyya,eredar,671,warrior,fury,15,8,7
Bonnejournée,stormscale,671,warrior,fury,18,7,11
Jaowa,blackmoore,671,warrior,fury,18,7,11
Vhargdrohpee,argent-dawn,671,warrior,fury,18,7,11
Kolxoz,doomhammer,671,warrior,fury,18,7,11
Zonash,kazzak,671,warrior,fury,18,7,11
Têtebruler,archimonde,671,warrior,fury,18,7,11
Mash,hyjal,671,warrior,fury,18,7,11
Otzmokk,blackmoore,671,warrior,fury,21,8,13
Chadchadsson,ravencrest,670,warrior,fury,12,7,5
Vagor,draenor,670,warrior,fury,12,7,5
Obaru,antonidas,670,warrior,fury,12,7,5
Thunderage,stormscale,670,warrior,fury,12,7,5
Drexx,ragnaros,670,warrior,fury,12,7,5
Izrael,alakir,670,warrior,fury,12,7,5
Напутанность,soulflayer,670,warrior,fury,18,7,11
Grahatia,magtheridon,670,warrior,fury,18,7,11
Mouliard,archimonde,670,warrior,fury,18,7,11
Bankaju,burning-legion,669,warrior,fury,18,7,11
Orengo,blackrock,668,warrior,fury,12,7,5
Ganian,stormscale,668,warrior,fury,18,7,11
Garosh,drakthul,666,warrior,fury,12,7,5
Titanhaut,frostwolf,666,warrior,fury,12,7,5
Galdir,ravencrest,665,warrior,fury,12,7,5
Откат,grom,655,warrior,fury,17,7,10
Horymir,ravencrest,655,warrior,fury,17,7,10
Albabhaltair,quelthalas,654,warrior,fury,18,7,11
Shedzo,tarren-mill,639,warrior,fury,14,8,6
Pitii,burning-legion,638,warrior,fury,14,8,6
Autümn,argent-dawn,618,warrior,fury,21,8,13
Klasiùs,outland,608,warrior,fury,16,7,9
Djranji,kazzak,607,warrior,fury,16,7,9
Scofiéld,lordaeron,601,warrior,fury,11,7,4
Lykevil,medivh,598,warrior,fury,20,7,13
Quarantino,ysondre,590,warrior,fury,23,7,16
Thomasman,nerathor,576,warrior,fury,6,6,0
Thighbreaker,silvermoon,576,warrior,fury,6,6,0
Артэкриогг,soulflayer,576,warrior,fury,6,6,0
Cêlty,aegwynn,576,warrior,fury,6,6,0
Dimethefoxx,argent-dawn,576,warrior,fury,6,6,0
Woghard,drakthul,576,warrior,fury,12,6,6
Obitron,argent-dawn,576,warrior,fury,12,6,6
Nallepúh,silvermoon,576,warrior,fury,12,6,6
Асгинор,gordunni,576,warrior,fury,12,6,6
Виртилий,soulflayer,576,warrior,fury,12,6,6
Balthew,defias-brotherhood,576,warrior,fury,12,6,6
Zkb,zuljin,576,warrior,fury,12,6,6
Rudvard,hyjal,576,warrior,fury,12,6,6
Palmexwar,drakthul,576,warrior,fury,12,6,6
Utero,drakthul,576,warrior,fury,12,6,6
Kaveli,tarren-mill,576,warrior,fury,12,6,6
Саркон,ashenvale,576,warrior,fury,12,6,6
Singekipu,hyjal,576,warrior,fury,12,6,6
Sêrên,dun-modr,576,warrior,fury,12,6,6
Bstgame,frostmane,576,warrior,fury,12,6,6
Thogrêy,archimonde,576,warrior,fury,12,6,6
Mulfwarrior,darksorrow,576,warrior,fury,12,6,6
Änvil,tarren-mill,576,warrior,fury,12,6,6
Yenkonov,blackmoore,576,warrior,fury,12,6,6
Filoliha,silvermoon,576,warrior,fury,12,6,6
Lathsmash,zenedar,576,warrior,fury,12,6,6
Каоссвар,howling-fjord,576,warrior,fury,12,6,6
Dhloos,kazzak,576,warrior,fury,12,6,6
Àlexander,ravencrest,576,warrior,fury,12,6,6
Вульрайс,deepholm,576,warrior,fury,12,6,6
Ränchiëk,ravencrest,576,warrior,fury,12,6,6
Bulgrash,blackmoore,576,warrior,fury,12,6,6
Aurélus,rexxar,576,warrior,fury,12,6,6
Рэйлет,gordunni,576,warrior,fury,12,6,6
Виттурус,howling-fjord,576,warrior,fury,12,6,6
Cleaner,blackmoore,576,warrior,fury,12,6,6
Rarcus,chamber-of-aspects,576,warrior,fury,12,6,6
Dollybúrster,aegwynn,576,warrior,fury,12,6,6
Saarhoy,silvermoon,576,warrior,fury,12,6,6
Kristinas,tarren-mill,576,warrior,fury,12,6,6
Rândy,confrérie-du-thorium,576,warrior,fury,12,6,6
Ellissari,tirion,576,warrior,fury,12,6,6
Vatolocoese,dun-morogh,576,warrior,fury,12,6,6
Rylbrah,blackmoore,576,warrior,fury,12,6,6
Engalxsol,tarren-mill,576,warrior,fury,12,6,6
Waterquéen,outland,576,warrior,fury,12,6,6
Nellyqt,draenor,576,warrior,fury,12,6,6
Geckoo,emerald-dream,576,warrior,fury,12,6,6
Gnomet,auchindoun,576,warrior,fury,12,6,6
Timagno,nemesis,576,warrior,fury,12,6,6
Stanfury,sylvanas,576,warrior,fury,12,6,6
Humanboi,ravencrest,576,warrior,fury,12,6,6
Sakumo,sylvanas,576,warrior,fury,12,6,6
Tsé,aegwynn,576,warrior,fury,12,6,6
Massiveape,argent-dawn,576,warrior,fury,18,6,12
Prettyangel,aegwynn,576,warrior,fury,18,6,12
Himarsenko,silvermoon,576,warrior,fury,18,6,12
Mazzkze,silvermoon,576,warrior,fury,18,6,12
Hulkzmash,tarren-mill,576,warrior,fury,18,6,12
Эксихард,gordunni,576,warrior,fury,18,6,12
Throndin,dun-modr,576,warrior,fury,18,6,12
Сталиран,gordunni,576,warrior,fury,18,6,12
Redwraith,stormscale,576,warrior,fury,18,6,12
Ztranger,the-maelstrom,575,warrior,fury,12,6,6
Richymorty,los-errantes,575,warrior,fury,12,6,6
Bloódángel,frostwolf,575,warrior,fury,12,6,6
Durrüti,sanguino,575,warrior,fury,12,6,6
Leorx,draenor,575,warrior,fury,12,6,6
Vmnbgh,aszune,575,warrior,fury,12,6,6
Xenesthis,dun-morogh,575,warrior,fury,12,6,6
Afk,emeriss,575,warrior,fury,12,6,6
Zulien,sanguino,575,warrior,fury,12,6,6
Happyhour,sargeras,575,warrior,fury,12,6,6
Esegryel,argent-dawn,575,warrior,fury,12,6,6
Djayson,hyjal,575,warrior,fury,12,6,6
Jâmâli,malganis,575,warrior,fury,12,6,6
Моргаур,howling-fjord,575,warrior,fury,12,6,6
Ffrancis,eldrethalas,575,warrior,fury,12,6,6
Nihroxis,blackrock,575,warrior,fury,12,6,6
Argomor,stormscale,575,warrior,fury,18,6,12
Juanvaco,tarren-mill,575,warrior,fury,18,6,12
Nidwar,quelthalas,575,warrior,fury,18,6,12
Akäme,ysondre,575,warrior,fury,18,6,12
Murotan,dalaran,575,warrior,fury,24,6,18
Вкусныисыр,soulflayer,574,warrior,fury,12,6,6
Rammaxx,tarren-mill,574,warrior,fury,12,6,6
Bruko,silvermoon,574,warrior,fury,12,6,6
Exødiä,hyjal,574,warrior,fury,12,6,6
Admiràl,azuremyst,573,warrior,fury,12,6,6
Gomblin,blackmoore,573,warrior,fury,12,6,6
Зарган,howling-fjord,573,warrior,fury,24,6,18
Джомалкович,deathweaver,572,warrior,fury,12,6,6
Deushill,sylvanas,570,warrior,fury,12,6,6
Khrund,burning-legion,566,warrior,fury,14,6,8
Grimdur,kirin-tor,552,warrior,fury,32,10,22
Mokwo,chogall,543,warrior,fury,14,7,7
Piinte,naxxramas,536,warrior,fury,14,7,7
Tgabor,ragnaros,528,warrior,fury,9,6,3
Мегамегаогр,howling-fjord,527,warrior,fury,11,6,5
Skeptikal,tarren-mill,527,warrior,fury,11,6,5
Narkololzz,marécage-de-zangar,527,warrior,fury,15,6,9
Balsor,frostmane,526,warrior,fury,11,6,5
Skillissues,argent-dawn,522,warrior,fury,17,9,8
Ausrastus,blackhand,522,warrior,fury,16,7,9
Retmain,draenor,522,warrior,fury,20,8,12
Boxersene,blackmoore,516,warrior,fury,22,7,15
Dreyker,sanguino,510,warrior,fury,14,6,8
Xanatos,khazgoroth,510,warrior,fury,20,6,14
Iamanorc,silvermoon,509,warrior,fury,14,6,8
Blutwar,kazzak,499,warrior,fury,25,11,14
Obîwan,dalaran,480,warrior,fury,6,5,1
Frandor,dalaran,480,warrior,fury,6,5,1
Ézélya,dalaran,480,warrior,fury,6,5,1
Дайбек,howling-fjord,480,warrior,fury,6,5,1
Xtu,kazzak,480,warrior,fury,6,5,1
Juicycrits,ragnaros,480,warrior,fury,6,5,1
Bârney,ravencrest,480,warrior,fury,6,5,1
Röell,draenor,480,warrior,fury,6,5,1
Ptp,argent-dawn,480,warrior,fury,6,5,1
Ishbosheth,stormscale,480,warrior,fury,6,5,1
Вульфычч,gordunni,480,warrior,fury,6,5,1
Dasyana,drakthul,480,warrior,fury,6,5,1
Warsteng,ragnaros,480,warrior,fury,6,5,1
Escapeartíst,ravencrest,480,warrior,fury,6,5,1
Ганахан,soulflayer,480,warrior,fury,6,5,1
Easypoîntsx,tarren-mill,480,warrior,fury,6,5,1
Melted,ravencrest,480,warrior,fury,6,5,1
Gguts,archimonde,480,warrior,fury,6,5,1
Pihvikostaja,stormreaver,480,warrior,fury,8,5,3
Гатал,howling-fjord,480,warrior,fury,12,5,7
Soullmike,drakthul,480,warrior,fury,12,5,7
Vanheimsgard,ragnaros,480,warrior,fury,12,5,7
Marrowhead,ragnaros,480,warrior,fury,12,5,7
Зэрок,howling-fjord,480,warrior,fury,12,5,7
Obersten,stormscale,480,warrior,fury,12,5,7
Lortèn,stormscale,480,warrior,fury,12,5,7
Riac,lothar,480,warrior,fury,12,5,7
Dreadnova,tarren-mill,480,warrior,fury,12,5,7
Petrixens,drakthul,480,warrior,fury,12,5,7
Feydal,thrall,480,warrior,fury,12,5,7
Wåks,dalaran,480,warrior,fury,12,5,7
Трис,fordragon,480,warrior,fury,12,5,7
Terminatòr,pozzo-delleternità,480,warrior,fury,12,5,7
Tanaja,stormscale,480,warrior,fury,12,5,7
Ruixxted,stormreaver,480,warrior,fury,12,5,7
Jhoakim,argent-dawn,480,warrior,fury,12,5,7
Kondomi,stormreaver,480,warrior,fury,12,5,7
Jailegear,archimonde,480,warrior,fury,12,5,7
Darthmalgus,stormscale,480,warrior,fury,12,5,7
Orkoje,argent-dawn,480,warrior,fury,12,5,7
Daymio,twisting-nether,480,warrior,fury,12,5,7
Kagsteelfist,twisting-nether,480,warrior,fury,12,5,7
Eiche,kazzak,480,warrior,fury,12,5,7
Punahabe,draenor,480,warrior,fury,12,5,7
Friendlytwo,quelthalas,480,warrior,fury,12,5,7
Watergate,ysondre,480,warrior,fury,12,5,7
Dauderup,aerie-peak,480,warrior,fury,12,5,7
Rageaholic,blackmoore,480,warrior,fury,12,5,7
Dyspó,sanguino,480,warrior,fury,12,5,7
Stkacha,sanguino,480,warrior,fury,12,5,7
Léonie,arakarahm,480,warrior,fury,12,5,7
Wallach,darkspear,480,warrior,fury,12,5,7
Bløckqt,archimonde,480,warrior,fury,12,5,7
Jugg,emerald-dream,480,warrior,fury,12,5,7
Lánse,ravencrest,480,warrior,fury,12,5,7
Suknur,silvermoon,480,warrior,fury,12,5,7
Korama,emerald-dream,480,warrior,fury,12,5,7
Corlo,uldaman,480,warrior,fury,12,5,7
Donvasto,sylvanas,480,warrior,fury,12,5,7
Кэфтэмэ,soulflayer,480,warrior,fury,12,5,7
Gagatchar,die-silberne-hand,480,warrior,fury,12,5,7
Rohc,kazzak,480,warrior,fury,12,5,7
Forerunner,silvermoon,480,warrior,fury,12,5,7
Bîmbämboom,blackmoore,480,warrior,fury,12,5,7
Áwe,draenor,480,warrior,fury,12,5,7
Damáge,doomhammer,480,warrior,fury,12,5,7
Лысыч,gordunni,480,warrior,fury,12,5,7
Falnah,sargeras,480,warrior,fury,12,5,7
Hofmanntv,alakir,480,warrior,fury,12,5,7
Arthayl,eredar,480,warrior,fury,12,5,7
Dayz,draenor,480,warrior,fury,12,5,7
Ulthrak,archimonde,480,warrior,fury,12,5,7
Beznacaj,outland,480,warrior,fury,12,5,7
Neoni,defias-brotherhood,480,warrior,fury,12,5,7
Nazdrago,draenor,480,warrior,fury,12,5,7
Baleroni,burning-legion,480,warrior,fury,12,5,7
Bíanco,blackrock,480,warrior,fury,12,5,7
Dieselengine,draenor,480,warrior,fury,12,5,7
Mouldyclunge,argent-dawn,480,warrior,fury,17,5,12
Delonathor,drakthul,480,warrior,fury,18,5,13
Bindera,silvermoon,480,warrior,fury,18,5,13
Artheim,silvermoon,480,warrior,fury,18,5,13
Nightmareb,magtheridon,480,warrior,fury,18,5,13
Ukloth,sanguino,480,warrior,fury,18,5,13
Sambucá,blackmoore,480,warrior,fury,18,5,13
Fluffeh,argent-dawn,480,warrior,fury,18,5,13
Haregos,gorgonnash,479,warrior,fury,6,5,1
Porrter,silvermoon,479,warrior,fury,6,5,1
Miotyz,ahnqiraj,479,warrior,fury,12,5,7
Granrubin,dun-modr,479,warrior,fury,12,5,7
Чорныгвард,gordunni,479,warrior,fury,12,5,7
Luciferkhan,twisting-nether,479,warrior,fury,12,5,7
Wilmazutschn,nethersturm,479,warrior,fury,12,5,7
Hynekiller,silvermoon,479,warrior,fury,12,5,7
Cosmoses,mazrigos,479,warrior,fury,12,5,7
Pipsysimp,ragnaros,479,warrior,fury,12,5,7
Quebradita,tyrande,479,warrior,fury,12,5,7
Keaile,tarren-mill,479,warrior,fury,12,5,7
Maidenless,quelthalas,479,warrior,fury,12,5,7
Brutalz,kazzak,479,warrior,fury,12,5,7
Элейд,thermaplugg,479,warrior,fury,12,5,7
Мутобой,soulflayer,479,warrior,fury,18,5,13
Jeembo,blackmoore,479,warrior,fury,18,5,13
Dullegriet,veknilash,478,warrior,fury,19,5,14
Harny,silvermoon,477,warrior,fury,10,6,4
Armoricus,argent-dawn,477,warrior,fury,12,5,7
Hágríd,ragnaros,477,warrior,fury,24,5,19
Roostai,shattered-hand,476,warrior,fury,12,5,7
Mane,thunderhorn,475,warrior,fury,12,5,7
Colluba,frostwolf,472,warrior,fury,12,5,7
Iæ,perenolde,472,warrior,fury,12,5,7
Workout,nemesis,447,warrior,fury,11,5,6
Jiñnx,outland,447,warrior,fury,11,5,6
Branzei,darkspear,447,warrior,fury,16,5,11
Autumnfálls,kazzak,446,warrior,fury,10,6,4
Valrathion,ravencrest,426,warrior,fury,17,8,9
Yugoslav,argent-dawn,426,warrior,fury,16,6,10
Famous,argent-dawn,400,warrior,fury,7,5,2
Balro,blackmoore,398,warrior,fury,11,6,5
Xentos,kirin-tor,396,warrior,fury,15,8,7
Vullgrîm,blackmoore,384,warrior,fury,6,4,2
Avgålöfvén,stormscale,384,warrior,fury,6,4,2
Shuriká,blackmoore,384,warrior,fury,6,4,2
Tweaked,argent-dawn,384,warrior,fury,6,4,2
Suzzon,hyjal,384,warrior,fury,6,4,2
Mórdér,blackmoore,384,warrior,fury,6,4,2
Zeldius,ravencrest,384,warrior,fury,6,4,2
Впижаме,gordunni,384,warrior,fury,6,4,2
Bearimwar,ravencrest,384,warrior,fury,6,4,2
Evilez,ravencrest,384,warrior,fury,6,4,2
Shalahed,outland,384,warrior,fury,6,4,2
Dominikhasek,stormscale,384,warrior,fury,6,4,2
Orkboii,ravencrest,384,warrior,fury,6,4,2
Нерморрог,howling-fjord,384,warrior,fury,6,4,2
Feelmyfúry,ravencrest,384,warrior,fury,6,4,2
Truepassion,outland,384,warrior,fury,6,4,2
Devìlscandy,stormscale,384,warrior,fury,6,4,2
Ffected,blackmoore,384,warrior,fury,6,4,2
Highdive,outland,384,warrior,fury,6,4,2
Slux,outland,384,warrior,fury,6,4,2
Gandosh,blackmoore,384,warrior,fury,6,4,2
Strife,ravencrest,384,warrior,fury,6,4,2
Дугмар,gordunni,384,warrior,fury,6,4,2
Purporcfr,archimonde,384,warrior,fury,6,4,2
Xatit,ravencrest,384,warrior,fury,6,4,2
Daldiee,ravencrest,384,warrior,fury,6,4,2
Zhalm,stormscale,384,warrior,fury,6,4,2
Имбасенпай,howling-fjord,384,warrior,fury,6,4,2
Айфилшок,gordunni,384,warrior,fury,6,4,2
Lôreex,ravencrest,384,warrior,fury,6,4,2
Gotnuub,tarren-mill,384,warrior,fury,6,4,2
Beached,outland,384,warrior,fury,6,4,2
Mélyssia,dalaran,384,warrior,fury,6,4,2
Pierøne,nemesis,384,warrior,fury,6,4,2
Executte,zuljin,384,warrior,fury,6,4,2
Roadsick,outland,384,warrior,fury,6,4,2
Saurens,twisting-nether,384,warrior,fury,6,4,2
Zoink,burning-blade,384,warrior,fury,6,4,2
Swàck,mazrigos,384,warrior,fury,6,4,2
Dregath,uldum,384,warrior,fury,6,4,2
Pistolpenny,stormscale,384,warrior,fury,6,4,2
Eliyel,silvermoon,384,warrior,fury,6,4,2
Satabasse,marécage-de-zangar,384,warrior,fury,6,4,2
Extasceh,turalyon,384,warrior,fury,6,4,2
Humanoç,dun-modr,384,warrior,fury,6,4,2
Stickifrån,darkspear,384,warrior,fury,6,4,2
Cleavnseagal,ravencrest,384,warrior,fury,6,4,2
Infernall,burning-legion,384,warrior,fury,6,4,2
Thôras,anetheron,384,warrior,fury,6,4,2
Madvlad,twisting-nether,384,warrior,fury,6,4,2
Viqi,alleria,384,warrior,fury,6,4,2
Nobelisarius,norgannon,384,warrior,fury,6,4,2
Gonutz,sylvanas,384,warrior,fury,6,4,2
Lôcutus,thrall,384,warrior,fury,6,4,2
Чосо,razuvious,384,warrior,fury,6,4,2
Endro,burning-legion,384,warrior,fury,6,4,2
Hugobugo,anachronos,384,warrior,fury,6,4,2
Warbigboss,draenor,384,warrior,fury,6,4,2
Svinarghulk,twisting-nether,384,warrior,fury,6,4,2
Dollystyle,kazzak,384,warrior,fury,6,4,2
Korghar,xavius,384,warrior,fury,6,4,2
Craíne,antonidas,384,warrior,fury,6,4,2
Trôth,kazzak,384,warrior,fury,6,4,2
Razzani,nathrezim,384,warrior,fury,6,4,2
Strähne,malganis,384,warrior,fury,6,4,2
Zillrog,kazzak,384,warrior,fury,6,4,2
Oluwafunmila,tarren-mill,384,warrior,fury,6,4,2
Hofftor,eredar,384,warrior,fury,6,4,2
Bravest,ragnaros,384,warrior,fury,6,4,2
Luchanka,the-maelstrom,384,warrior,fury,6,4,2
Xecutie,antonidas,384,warrior,fury,6,4,2
Chipstjuven,tarren-mill,384,warrior,fury,6,4,2
Bersurker,draenor,384,warrior,fury,6,4,2
Даювзадницу,soulflayer,384,warrior,fury,6,4,2
Mornog,blackhand,384,warrior,fury,6,4,2
Rageweight,ragnaros,384,warrior,fury,6,4,2
Shará,eredar,384,warrior,fury,6,4,2
Mokate,kazzak,384,warrior,fury,6,4,2
Deamonn,kazzak,384,warrior,fury,6,4,2
Brutalizator,talnivarr,384,warrior,fury,6,4,2
Кайзерчиф,soulflayer,384,warrior,fury,6,4,2
Dominow,ysondre,384,warrior,fury,6,4,2
Изикол,blackscar,384,warrior,fury,9,5,4
Sanhaevel,ravencrest,384,warrior,fury,10,4,6
Utharis,stormscale,384,warrior,fury,12,4,8
Tîrael,antonidas,384,warrior,fury,12,4,8
Råkeff,tarren-mill,384,warrior,fury,12,4,8
Барнетт,gordunni,384,warrior,fury,12,4,8
Asuross,dalaran,384,warrior,fury,12,4,8
Überhase,taerar,384,warrior,fury,12,4,8
Rawne,kirin-tor,384,warrior,fury,12,4,8
Tanalias,outland,384,warrior,fury,12,4,8
Fistawarrior,nemesis,384,warrior,fury,12,4,8
Bastrick,argent-dawn,384,warrior,fury,12,4,8
Grisettê,archimonde,384,warrior,fury,12,4,8
Läskipää,argent-dawn,384,warrior,fury,12,4,8
Akril,kelthuzad,384,warrior,fury,12,4,8
Illmìndofboo,twisting-nether,384,warrior,fury,12,4,8
Yaune,ravencrest,384,warrior,fury,12,4,8
Ganzaésábi,aggra-português,384,warrior,fury,12,4,8
Bulletpants,argent-dawn,384,warrior,fury,12,4,8
Аркашевич,gordunni,384,warrior,fury,12,4,8
Aynerin,silvermoon,384,warrior,fury,12,4,8
Zargala,stormscale,384,warrior,fury,12,4,8
Цикламея,blackscar,384,warrior,fury,12,4,8
Scrin,ravenholdt,384,warrior,fury,12,4,8
Katmos,baelgun,384,warrior,fury,12,4,8
Warfam,twisting-nether,384,warrior,fury,12,4,8
Zorath,sanguino,384,warrior,fury,12,4,8
Причинный,booty-bay,384,warrior,fury,12,4,8
Колобочек,eversong,384,warrior,fury,12,4,8
Poniroula,burning-legion,384,warrior,fury,12,4,8
Suichôken,archimonde,384,warrior,fury,12,4,8
Деспазитыч,fordragon,384,warrior,fury,12,4,8
Blackhêart,shadowsong,384,warrior,fury,12,4,8
Aprilis,thrall,384,warrior,fury,12,4,8
Potátonerd,kazzak,384,warrior,fury,12,4,8
Sabak,archimonde,384,warrior,fury,12,4,8
Tysonfurry,defias-brotherhood,384,warrior,fury,12,4,8
Betonica,burning-legion,384,warrior,fury,12,4,8
Neekero,burning-legion,384,warrior,fury,12,4,8
Sininemunn,alakir,384,warrior,fury,13,4,9
Garradoom,stormscale,384,warrior,fury,17,5,12
Siltiel,marécage-de-zangar,383,warrior,fury,6,4,2
Voa,stormscale,383,warrior,fury,6,4,2
Bulbumbo,twisting-nether,383,warrior,fury,6,4,2
Ronda,nemesis,383,warrior,fury,6,4,2
Subot,frostmane,383,warrior,fury,8,4,4
Basingaa,pozzo-delleternità,383,warrior,fury,12,4,8
Grenad,kazzak,383,warrior,fury,12,4,8
Xhasan,sylvanas,383,warrior,fury,12,4,8
Jún,dun-modr,383,warrior,fury,12,4,8
Tavywar,the-maelstrom,383,warrior,fury,21,5,16
Ruuddy,draenor,382,warrior,fury,12,4,8
Uknowmeh,twisting-nether,380,warrior,fury,9,5,4
Colliderbody,dun-modr,367,warrior,fury,9,5,4
Beogor,grim-batol,367,warrior,fury,11,4,7
Toxîn,dalaran,351,warrior,fury,11,4,7
Hembränt,hellfire,351,warrior,fury,17,4,13
Bossít,doomhammer,336,warrior,fury,9,4,5
Blackseven,ravencrest,330,warrior,fury,9,6,3
Fleshwerk,silvermoon,320,warrior,fury,10,4,6
Zazate,archimonde,319,warrior,fury,5,4,1
Хоркан,blackscar,319,warrior,fury,8,4,4
Phòbos,stormrage,319,warrior,fury,11,4,7
Zeteta,sanguino,319,warrior,fury,14,4,10
Groullomus,archimonde,318,warrior,fury,10,4,6
Anaba,voljin,318,warrior,fury,10,4,6
Blackwólf,bloodhoof,288,warrior,fury,6,3,3
Didgedelik,archimonde,288,warrior,fury,6,3,3
Neíd,malganis,288,warrior,fury,6,3,3
Tidùs,nethersturm,288,warrior,fury,6,3,3
Harimà,antonidas,288,warrior,fury,6,3,3
Padzwarr,kazzak,288,warrior,fury,6,3,3
Xial,ravencrest,288,warrior,fury,6,3,3
Priceswex,ravencrest,288,warrior,fury,6,3,3
Smâllpackage,silvermoon,288,warrior,fury,6,3,3
Frankytank,antonidas,288,warrior,fury,6,3,3
Wärlight,nemesis,288,warrior,fury,6,3,3
Wutraa,kazzak,288,warrior,fury,6,3,3
Lurchusrexus,ysera,288,warrior,fury,6,3,3
Iwts,archimonde,288,warrior,fury,6,3,3
Corychase,ravencrest,288,warrior,fury,6,3,3
Shaanks,archimonde,288,warrior,fury,6,3,3
Wunderwaffle,xavius,288,warrior,fury,6,3,3
Assyriá,ravencrest,288,warrior,fury,6,3,3
Imabeatyoass,kazzak,288,warrior,fury,6,3,3
Gnarrwarr,eredar,288,warrior,fury,6,3,3
Hayahol,kazzak,288,warrior,fury,6,3,3
Ivailowar,ravencrest,288,warrior,fury,6,3,3
Nèssa,outland,288,warrior,fury,6,3,3
Immera,silvermoon,288,warrior,fury,6,3,3
Taeshalach,der-abyssische-rat,288,warrior,fury,6,3,3
Ironlol,ravencrest,288,warrior,fury,6,3,3
Barrocket,aegwynn,288,warrior,fury,6,3,3
Ölaff,ravencrest,288,warrior,fury,6,3,3
Haryssa,blackhand,288,warrior,fury,6,3,3
Peon,eredar,288,warrior,fury,6,3,3
Zarrgash,blackhand,288,warrior,fury,6,3,3
Trìnítÿ,anubarak,288,warrior,fury,6,3,3
Jagannath,stormscale,288,warrior,fury,6,3,3
Döömed,drakthul,288,warrior,fury,6,3,3
Vory,ravencrest,288,warrior,fury,6,3,3
Jaffacakes,kazzak,288,warrior,fury,6,3,3
Cryze,ravencrest,288,warrior,fury,6,3,3
Sathom,hyjal,288,warrior,fury,6,3,3
Sørêy,aegwynn,288,warrior,fury,6,3,3
Drfeelgud,twisting-nether,288,warrior,fury,6,3,3
Arachnoyd,drakthul,288,warrior,fury,6,3,3
Manký,kazzak,288,warrior,fury,6,3,3
Drvx,twisting-nether,288,warrior,fury,6,3,3
Belmønt,archimonde,288,warrior,fury,6,3,3
Azotz,archimonde,288,warrior,fury,6,3,3
Lilenrage,stormscale,288,warrior,fury,6,3,3
Hortswarr,drakthul,288,warrior,fury,6,3,3
Geicoo,dalaran,288,warrior,fury,6,3,3
Xerone,doomhammer,288,warrior,fury,6,3,3
Uncledazzo,quelthalas,288,warrior,fury,6,3,3
Sulemanslay,silvermoon,288,warrior,fury,6,3,3
Lâppön,blackmoore,288,warrior,fury,6,3,3
Oombac,lordaeron,288,warrior,fury,6,3,3
Wárríor,ragnaros,288,warrior,fury,6,3,3
Kopfnusskali,thrall,288,warrior,fury,6,3,3
Mumbojumbo,uldum,288,warrior,fury,6,3,3
Slg,tarren-mill,288,warrior,fury,6,3,3
Auauau,arthas,288,warrior,fury,6,3,3
Васяжелезо,gordunni,288,warrior,fury,6,3,3
Егермейстр,borean-tundra,288,warrior,fury,6,3,3
Cleavyera,tarren-mill,288,warrior,fury,6,3,3
Nifrediel,trollbane,288,warrior,fury,6,3,3
Kronmw,dun-modr,288,warrior,fury,6,3,3
Tequiero,zuljin,288,warrior,fury,6,3,3
Sargul,ragnaros,288,warrior,fury,6,3,3
Berzzerker,tarren-mill,288,warrior,fury,6,3,3
Kapuchino,twisting-nether,288,warrior,fury,6,3,3
Lundehund,dalaran,288,warrior,fury,6,3,3
Зандур,eversong,288,warrior,fury,6,3,3
Affewithwaff,blackmoore,288,warrior,fury,6,3,3
Keffboi,draenor,288,warrior,fury,6,3,3
Elyozz,silvermoon,288,warrior,fury,6,3,3
Âxti,blackrock,288,warrior,fury,6,3,3
Mfdoöm,draenor,288,warrior,fury,6,3,3
Hardlokers,silvermoon,288,warrior,fury,6,3,3
Grinrok,thrall,288,warrior,fury,6,3,3
Zilg,twisting-nether,288,warrior,fury,6,3,3
Whàtsup,stormscale,288,warrior,fury,6,3,3
Uthric,azuremyst,288,warrior,fury,6,3,3
Bernieboi,tarren-mill,288,warrior,fury,6,3,3
Shaxov,draenor,288,warrior,fury,6,3,3
Гацс,soulflayer,288,warrior,fury,6,3,3
Vernoz,sylvanas,288,warrior,fury,6,3,3
Nightmareowl,tarren-mill,288,warrior,fury,6,3,3
Previse,argent-dawn,288,warrior,fury,6,3,3
Rangnarr,doomhammer,288,warrior,fury,6,3,3
Weendslash,draenor,288,warrior,fury,6,3,3
Щекорез,soulflayer,288,warrior,fury,6,3,3
Mentálist,blackmoore,288,warrior,fury,6,3,3
Marlßørø,twisting-nether,288,warrior,fury,6,3,3
Jamiex,marécage-de-zangar,288,warrior,fury,6,3,3
Ijzerekast,sylvanas,288,warrior,fury,6,3,3
Rägnât,dun-modr,288,warrior,fury,6,3,3
Pwndrizle,blackmoore,288,warrior,fury,6,3,3
Tabboonishka,draenor,288,warrior,fury,6,3,3
Iloveit,draenor,288,warrior,fury,6,3,3
Снакихснаки,gordunni,288,warrior,fury,6,3,3
Malvred,eredar,288,warrior,fury,12,3,9
Conânan,blackrock,288,warrior,fury,12,3,9
Slayfox,dun-morogh,288,warrior,fury,12,3,9
Waríos,blackrock,288,warrior,fury,12,3,9
Hördê,zuljin,288,warrior,fury,12,3,9
Skykrow,ysondre,288,warrior,fury,12,3,9
Гхазгхкалл,howling-fjord,288,warrior,fury,12,3,9
Ôrcboi,tarren-mill,288,warrior,fury,12,3,9
Valldi,argent-dawn,288,warrior,fury,12,3,9
Kiryn,draenor,288,warrior,fury,12,3,9
Zercher,tarren-mill,288,warrior,fury,12,3,9
Confliction,outland,288,warrior,fury,12,3,9
Devso,ravencrest,288,warrior,fury,12,3,9
Оболис,galakrond,288,warrior,fury,12,3,9
Daye,zuluhed,288,warrior,fury,12,3,9
Gorkill,bladefist,288,warrior,fury,12,3,9
Джондо,gordunni,288,warrior,fury,12,3,9
Aphae,defias-brotherhood,288,warrior,fury,12,3,9
Urabrask,stormscale,288,warrior,fury,12,3,9
Lyfttokyo,tarren-mill,288,warrior,fury,12,3,9
Noizekick,ragnaros,288,warrior,fury,12,3,9
Pamila,outland,288,warrior,fury,12,3,9
Xeonair,kazzak,288,warrior,fury,12,3,9
Grommer,dentarg,288,warrior,fury,12,3,9
Ireincarnate,argent-dawn,288,warrior,fury,12,3,9
Zyn,outland,288,warrior,fury,12,3,9
Phovoss,stormscale,288,warrior,fury,12,3,9
Bruks,antonidas,288,warrior,fury,12,3,9
Pekknekck,outland,288,warrior,fury,12,3,9
Zwheind,silvermoon,288,warrior,fury,12,3,9
Naspy,stormscale,288,warrior,fury,12,3,9
Arnnau,dun-modr,287,warrior,fury,6,3,3
Atelier,magtheridon,287,warrior,fury,6,3,3
Gartenzwerge,kelthuzad,287,warrior,fury,6,3,3
Shïn,kaelthas,287,warrior,fury,6,3,3
Sjuan,silvermoon,287,warrior,fury,12,3,9
Luw,twisting-nether,287,warrior,fury,12,3,9
Ragghatt,draenor,287,warrior,fury,12,3,9
Agunnai,karazhan,286,warrior,fury,6,3,3
Raffael,pozzo-delleternità,286,warrior,fury,12,3,9
Клифф,gordunni,255,warrior,fury,11,3,8
Kilsorrow,silvermoon,240,warrior,fury,9,4,5
Chonku,draenor,239,warrior,fury,5,3,2
Execute,sanguino,239,warrior,fury,5,3,2
Xgs,archimonde,234,warrior,fury,9,5,4
Zeldaixi,twisting-nether,234,warrior,fury,10,5,5
Xqt,laughing-skull,234,warrior,fury,9,4,5
Fetidoman,zuljin,224,warrior,fury,10,3,7
Iarsonn,drakthul,223,warrior,fury,8,3,5
Флокт,howling-fjord,208,warrior,fury,7,3,4
Цезарь,greymane,192,warrior,fury,4,3,1
Mudryk,burning-blade,192,warrior,fury,4,3,1
Имбанутыйвар,soulflayer,192,warrior,fury,4,3,1
Балласёж,gordunni,192,warrior,fury,9,3,6
Themachine,burning-blade,192,warrior,fury,9,3,6
Sertigan,dun-modr,192,warrior,fury,6,2,4
Akkí,twisting-nether,192,warrior,fury,6,2,4
Nexyycleave,kazzak,192,warrior,fury,6,2,4
Sefty,tarren-mill,192,warrior,fury,6,2,4
Rampage,ghostlands,192,warrior,fury,6,2,4
Xiiver,burning-legion,192,warrior,fury,6,2,4
Souler,burning-legion,192,warrior,fury,6,2,4
Gewaltbereit,malygos,192,warrior,fury,6,2,4
Malalulu,burning-legion,192,warrior,fury,6,2,4
Кунгфурик,soulflayer,192,warrior,fury,6,2,4
Zirvey,tarren-mill,192,warrior,fury,6,2,4
Raizy,frostwolf,192,warrior,fury,6,2,4
Азаргатан,soulflayer,192,warrior,fury,6,2,4
Pemex,stormreaver,192,warrior,fury,6,2,4
Stix,nemesis,192,warrior,fury,6,2,4
Afofaifadx,cthun,192,warrior,fury,6,2,4
Katmai,nemesis,192,warrior,fury,6,2,4
Sudosolo,burning-blade,192,warrior,fury,6,2,4
Tpyñåöädxzd,the-maelstrom,192,warrior,fury,6,2,4
Sebotagelol,twisting-nether,192,warrior,fury,6,2,4
Nokturnâl,silvermoon,192,warrior,fury,6,2,4
Whitescale,silvermoon,192,warrior,fury,6,2,4
Holdemhammer,sanguino,192,warrior,fury,6,2,4
Qiz,silvermoon,192,warrior,fury,6,2,4
Mîcî,tarren-mill,192,warrior,fury,6,2,4
Ragejuice,silvermoon,192,warrior,fury,6,2,4
Lianore,sanguino,192,warrior,fury,6,2,4
Tyranitar,pozzo-delleternità,192,warrior,fury,6,2,4
Massivezug,kazzak,192,warrior,fury,6,2,4
Zalazain,burning-legion,192,warrior,fury,6,2,4
Кентафурик,soulflayer,192,warrior,fury,6,2,4
Descending,xavius,192,warrior,fury,6,2,4
Vikiox,das-konsortium,192,warrior,fury,6,2,4
Ragelust,twisting-nether,192,warrior,fury,6,2,4
Queak,kazzak,192,warrior,fury,6,2,4
Sgàthach,silvermoon,192,warrior,fury,6,2,4
Antilopkräm,kazzak,192,warrior,fury,6,2,4
Yumahee,kult-der-verdammten,192,warrior,fury,6,2,4
Redow,stormreaver,192,warrior,fury,6,2,4
Stapta,kazzak,192,warrior,fury,6,2,4
Gregórry,eredar,192,warrior,fury,6,2,4
Piixxz,hyjal,192,warrior,fury,6,2,4
Fookyoup,stormscale,192,warrior,fury,6,2,4
Optitt,dethecus,192,warrior,fury,6,2,4
Гудмунт,borean-tundra,192,warrior,fury,6,2,4
Dupnica,kazzak,192,warrior,fury,6,2,4
Chrymiiee,blutkessel,192,warrior,fury,6,2,4
Wlâdimir,eredar,192,warrior,fury,6,2,4
Skullxy,talnivarr,192,warrior,fury,6,2,4
Kennzz,ravencrest,192,warrior,fury,6,2,4
Siuzy,blackrock,192,warrior,fury,6,2,4
Karkun,gilneas,192,warrior,fury,6,2,4
Rayyes,stormscale,192,warrior,fury,6,2,4
Martins,doomhammer,192,warrior,fury,6,2,4
Oueban,doomhammer,192,warrior,fury,6,2,4
Evilweraz,turalyon,192,warrior,fury,6,2,4
Maniaco,kazzak,192,warrior,fury,6,2,4
Троммтар,howling-fjord,192,warrior,fury,6,2,4
Deswarr,tarren-mill,192,warrior,fury,6,2,4
Wembley,proudmoore,192,warrior,fury,6,2,4
Demonraze,hyjal,192,warrior,fury,6,2,4
Искристый,howling-fjord,192,warrior,fury,6,2,4
Oxxi,outland,192,warrior,fury,6,2,4
Jriddyzug,ravencrest,192,warrior,fury,6,2,4
Shreedshot,blackmoore,192,warrior,fury,6,2,4
Oglisten,archimonde,192,warrior,fury,6,2,4
Glupakrava,sylvanas,192,warrior,fury,6,2,4
Nabucadnozor,illidan,192,warrior,fury,6,2,4
Elendurel,outland,192,warrior,fury,6,2,4
Cesaro,blackhand,192,warrior,fury,6,2,4
Zugzugcleave,blackrock,192,warrior,fury,6,2,4
Bladestormxx,blackmoore,192,warrior,fury,6,2,4
Like,blackrock,192,warrior,fury,6,2,4
Ellchefe,aggra-português,192,warrior,fury,6,2,4
Fuwy,argent-dawn,192,warrior,fury,6,2,4
Raksor,hyjal,192,warrior,fury,6,2,4
Taÿ,stormscale,192,warrior,fury,6,2,4
Gunnarre,khaz-modan,192,warrior,fury,6,2,4
Даммодар,howling-fjord,192,warrior,fury,6,2,4
Kímbo,tarren-mill,192,warrior,fury,6,2,4
Velgur,ravencrest,192,warrior,fury,6,2,4
Buntstift,thrall,192,warrior,fury,6,2,4
Екзобайт,gordunni,192,warrior,fury,6,2,4
Blæsild,ravencrest,192,warrior,fury,6,2,4
Ezlx,stormscale,192,warrior,fury,6,2,4
Dorwarhoof,ravencrest,192,warrior,fury,6,2,4
Фокатопх,blackscar,192,warrior,fury,6,2,4
Walkers,frostmane,192,warrior,fury,6,2,4
Nallen,the-venture-co,192,warrior,fury,6,2,4
Woddeywar,blackmoore,192,warrior,fury,6,2,4
Alxqt,outland,192,warrior,fury,6,2,4
Deathrazór,stormscale,192,warrior,fury,6,2,4
Onykat,aegwynn,192,warrior,fury,6,2,4
Shownomercy,blackrock,192,warrior,fury,6,2,4
Армгрид,gordunni,192,warrior,fury,6,2,4
Pappasmurfy,outland,192,warrior,fury,6,2,4
Zaddi,blackrock,192,warrior,fury,6,2,4
Crocbait,ravencrest,192,warrior,fury,6,2,4
Versionx,stormscale,192,warrior,fury,6,2,4
Ruz,defias-brotherhood,192,warrior,fury,6,2,4
Jambaz,ravencrest,192,warrior,fury,6,2,4
Kmag,ravencrest,192,warrior,fury,6,2,4
Shíranuí,blackhand,192,warrior,fury,10,3,7
Karmok,hyjal,192,warrior,fury,7,2,5
Schneklinge,blutkessel,192,warrior,fury,8,2,6
Ikaroshi,silvermoon,192,warrior,fury,9,2,7
Thordis,sylvanas,192,warrior,fury,11,2,9
Rampage,azuremyst,192,warrior,fury,12,2,10
Boofhoof,nordrassil,192,warrior,fury,12,2,10
Urruk,archimonde,192,warrior,fury,12,2,10
Angrethar,tarren-mill,192,warrior,fury,12,2,10
Трапсир,gordunni,192,warrior,fury,12,2,10
Altroox,malorne,192,warrior,fury,12,2,10
Pakusrage,defias-brotherhood,192,warrior,fury,12,2,10
Sycon,chamber-of-aspects,192,warrior,fury,12,2,10
Korova,blackrock,192,warrior,fury,12,2,10
Andrjuscha,blackrock,192,warrior,fury,12,2,10
Stonlocked,blackhand,192,warrior,fury,12,2,10
Killingstórm,kazzak,192,warrior,fury,12,2,10
Сажень,blackscar,192,warrior,fury,12,2,10
Rageside,draenor,192,warrior,fury,12,2,10
Davetsiz,burning-legion,192,warrior,fury,12,2,10
Frowenn,ravencrest,192,warrior,fury,12,2,10
Minotaureeni,silvermoon,192,warrior,fury,12,2,10
Dorinaz,die-aldor,191,warrior,fury,6,2,4
Tömahawk,defias-brotherhood,191,warrior,fury,6,2,4
Alvis,nathrezim,191,warrior,fury,6,2,4
Sakaî,temple-noir,191,warrior,fury,6,2,4
Omosha,burning-legion,191,warrior,fury,6,2,4
Loty,drakthul,175,warrior,fury,11,2,9
Кереешка,howling-fjord,175,warrior,fury,11,2,9
Limejuicer,argent-dawn,169,warrior,fury,12,5,7
Brülldozer,kargath,159,warrior,fury,5,2,3
Wrcia,ragnaros,159,warrior,fury,5,2,3
Marranu,cthun,159,warrior,fury,5,2,3
Servion,ravencrest,138,warrior,fury,8,3,5
Vlaax,ravencrest,138,warrior,fury,14,3,11
Æxcoast,ravencrest,128,warrior,fury,4,2,2
Krunchä,ragnaros,96,warrior,fury,3,2,1
Ursakhan,sylvanas,96,warrior,fury,3,2,1
Текайко,eversong,96,warrior,fury,3,2,1
Ög,archimonde,96,warrior,fury,3,2,1
Wanzzeur,hyjal,96,warrior,fury,6,1,5
Callipsa,argent-dawn,96,warrior,fury,6,1,5
Wardruine,dun-modr,96,warrior,fury,6,1,5
Модныйклык,eversong,96,warrior,fury,6,1,5
Diliul,doomhammer,96,warrior,fury,6,1,5
Рагкар,gordunni,96,warrior,fury,6,1,5
Xenowarr,tarren-mill,96,warrior,fury,6,1,5
Stratic,blackmoore,96,warrior,fury,6,1,5
Swordluw,argent-dawn,96,warrior,fury,6,1,5
Høxy,outland,96,warrior,fury,6,1,5
Oxandrolona,argent-dawn,96,warrior,fury,6,1,5
Skîêl,archimonde,96,warrior,fury,6,1,5
Warduvel,dragonblight,96,warrior,fury,6,1,5
Kronstris,veklor,96,warrior,fury,6,1,5
Армапипец,soulflayer,96,warrior,fury,6,1,5
Karreg,hyjal,96,warrior,fury,6,1,5
Kerpi,silvermoon,96,warrior,fury,6,1,5
Raakalainen,vashj,96,warrior,fury,6,1,5
Feltias,drakthul,96,warrior,fury,6,1,5
Gvngx,zuljin,96,warrior,fury,6,1,5
Savedsky,zuljin,96,warrior,fury,6,1,5
Riptide,aggra-português,96,warrior,fury,6,1,5
Wifioffline,silvermoon,96,warrior,fury,6,1,5
Earny,outland,96,warrior,fury,6,1,5
Фиббоначи,deathguard,96,warrior,fury,6,1,5
Elesharde,sanguino,96,warrior,fury,6,1,5
Bababuii,blackmoore,96,warrior,fury,6,1,5
Ðý,silvermoon,96,warrior,fury,6,1,5
Misiaczek,the-maelstrom,96,warrior,fury,6,1,5
Furyfame,darksorrow,96,warrior,fury,6,1,5
Дуухаст,gordunni,96,warrior,fury,6,1,5
Анстасмэш,soulflayer,96,warrior,fury,6,1,5
Marícan,blackmoore,96,warrior,fury,6,1,5
Киссмиплис,gordunni,96,warrior,fury,6,1,5
Azrail,xavius,96,warrior,fury,6,1,5
Stromzy,silvermoon,96,warrior,fury,6,1,5
Lavati,malganis,96,warrior,fury,6,1,5
Тцара,howling-fjord,96,warrior,fury,6,1,5
Dp,area-52,96,warrior,fury,6,1,5
Wiliamwalace,zuljin,96,warrior,fury,6,1,5
Денеур,gordunni,96,warrior,fury,6,1,5
Batourga,marécage-de-zangar,96,warrior,fury,6,1,5
Znorro,trollbane,96,warrior,fury,6,1,5
Bladewound,draenor,96,warrior,fury,6,1,5
Hammerfall,uldum,96,warrior,fury,6,1,5
Jessepinkman,kirin-tor,96,warrior,fury,6,1,5
Bokth,archimonde,96,warrior,fury,6,1,5
Xirár,sylvanas,96,warrior,fury,6,1,5
Malebolia,mugthol,96,warrior,fury,6,1,5
Coldstory,draenor,96,warrior,fury,6,1,5
Elpap,draenor,96,warrior,fury,6,1,5
Narkzsthki,kazzak,96,warrior,fury,6,1,5
Mot,terenas,96,warrior,fury,6,1,5
Greekazi,kazzak,96,warrior,fury,6,1,5
Spacemachine,kazzak,96,warrior,fury,6,1,5
Kaij,draenor,96,warrior,fury,6,1,5
Fraeydís,silvermoon,96,warrior,fury,6,1,5
Raixxon,ragnaros,96,warrior,fury,6,1,5
Aiarm,twisting-nether,96,warrior,fury,6,1,5
Sagethi,blackrock,96,warrior,fury,6,1,5
Fønex,sylvanas,96,warrior,fury,6,1,5
Moldamis,blackhand,96,warrior,fury,6,1,5
Classi,tarren-mill,96,warrior,fury,6,1,5
Gameera,aerie-peak,96,warrior,fury,6,1,5
Jdiggidy,ravencrest,96,warrior,fury,6,1,5
Зоранит,howling-fjord,96,warrior,fury,6,1,5
Sorkk,kazzak,96,warrior,fury,6,1,5
Спаццифика,soulflayer,96,warrior,fury,6,1,5
Hordox,archimonde,96,warrior,fury,6,1,5
Dosenorc,frostwolf,96,warrior,fury,6,1,5
Grimmrock,gorgonnash,96,warrior,fury,6,1,5
Анури,eversong,96,warrior,fury,12,1,11
Quandaledngl,silvermoon,96,warrior,fury,12,1,11
Zarolk,rashgarroth,96,warrior,fury,12,1,11
Kaodes,outland,96,warrior,fury,17,1,16
Bladewolf,khadgar,95,warrior,fury,12,1,11
Frézzér,blackrock,64,warrior,fury,4,1,3
Krachz,draenor,63,warrior,fury,2,2,0
Kellja,aggramar,48,warrior,fury,3,1,2
Elkatar,stormscale,46,warrior,fury,23,6,17
Filéas,silvermoon,41,warrior,fury,9,2,7
Vivrya,silvermoon,31,warrior,fury,2,1,1
Olriksen,dentarg,31,warrior,fury,2,1,1
Threa,drekthar,16,warrior,fury,1,1,0
Illyrish,blackmoore,9,warrior,fury,9,2,7
Marcus,ravencrest,2254,warrior,arms,150,79,71
Réckx,twisting-nether,2233,warrior,arms,93,52,41
Dõxqt,kazzak,2204,warrior,arms,86,49,37
Scardrex,defias-brotherhood,2172,warrior,arms,94,49,45
Sickjackenn,executus,2166,warrior,arms,111,58,53
Midgetdamis,blackhand,2147,warrior,arms,137,87,50
Semmino,nemesis,2137,warrior,arms,84,46,38
Blîxtgordon,tarren-mill,2133,warrior,arms,78,42,36
Elwarroo,dun-modr,2125,warrior,arms,166,93,73
Palianytsia,ravencrest,2125,warrior,arms,77,40,37
Sickjackenx,executus,2121,warrior,arms,222,117,105
Sharpen,chamber-of-aspects,2116,warrior,arms,116,60,56
Noragrets,stormscale,2116,warrior,arms,80,41,39
Tpyñåöädxzd,the-maelstrom,2116,warrior,arms,82,42,40
Кокдиллак,soulflayer,2113,warrior,arms,160,82,78
Скварх,howling-fjord,2112,warrior,arms,120,74,46
Savesta,dalaran,2107,warrior,arms,198,103,95
Соджиро,howling-fjord,2107,warrior,arms,84,43,41
Yorgal,arakarahm,2106,warrior,arms,96,47,49
Grkpwh,silvermoon,2105,warrior,arms,88,48,40
Immørtálx,tarren-mill,2102,warrior,arms,72,38,34
Лёшавор,howling-fjord,2096,warrior,arms,108,55,53
Gabrijel,draenor,2093,warrior,arms,186,92,94
Mastodøntes,hyjal,2090,warrior,arms,102,53,49
Regnarok,sylvanas,2087,warrior,arms,232,128,104
Оркабал,howling-fjord,2081,warrior,arms,177,96,81
Nikkí,naxxramas,2074,warrior,arms,96,50,46
Thomasman,nerathor,2073,warrior,arms,102,48,54
Ðênnis,ravencrest,2062,warrior,arms,54,31,23
Seifcham,ragnaros,2052,warrior,arms,245,120,125
Tozzhug,ragnaros,2051,warrior,arms,105,59,46
Zhrey,stormscale,2048,warrior,arms,137,67,70
Dunecrab,tarren-mill,2042,warrior,arms,113,63,50
Gewyon,ragnaros,2039,warrior,arms,84,45,39
Palmexwar,drakthul,2037,warrior,arms,180,94,86
Kartha,stormscale,2021,warrior,arms,78,41,37
Cerry,ravencrest,2016,warrior,arms,123,63,60
Therealman,kazzak,2015,warrior,arms,73,38,35
Wingüi,dun-modr,2006,warrior,arms,84,40,44
Karny,ravencrest,2002,warrior,arms,108,61,47
Quotx,stormscale,2001,warrior,arms,129,61,68
Manaskhan,tarren-mill,2000,warrior,arms,213,111,102
Ässholedamis,blackhand,1999,warrior,arms,60,46,14
Trâshwarriør,blackhand,1998,warrior,arms,62,27,35
Miniphrek,ravencrest,1997,warrior,arms,54,31,23
Joeférnandes,ragnaros,1996,warrior,arms,77,38,39
Wràthfúl,kazzak,1995,warrior,arms,143,74,69
Galeron,kazzak,1992,warrior,arms,90,42,48
Downpippuri,silvermoon,1991,warrior,arms,114,77,37
Zak,stormscale,1980,warrior,arms,96,43,53
Emix,arygos,1975,warrior,arms,72,39,33
Wargoth,draenor,1971,warrior,arms,87,51,36
Qtcockxx,stormscale,1969,warrior,arms,66,33,33
Ulrid,draenor,1967,warrior,arms,114,57,57
Schaufelørc,blackrock,1966,warrior,arms,78,43,35
Pürporc,archimonde,1963,warrior,arms,76,40,36
Вэшикх,soulflayer,1959,warrior,arms,95,50,45
Mitu,sanguino,1959,warrior,arms,239,120,119
Merked,kazzak,1958,warrior,arms,72,34,38
Shilix,twisting-nether,1956,warrior,arms,139,65,74
Benzemá,sanguino,1955,warrior,arms,124,73,51
Pentagramlol,twisting-nether,1955,warrior,arms,64,34,30
Purporcc,archimonde,1950,warrior,arms,63,32,31
Purporcfr,archimonde,1948,warrior,arms,106,57,49
Bàrbandit,archimonde,1946,warrior,arms,102,52,50
Disarmed,auchindoun,1945,warrior,arms,54,31,23
Schwän,twisting-nether,1943,warrior,arms,60,32,28
Myonmyonmyon,blackmoore,1937,warrior,arms,68,41,27
Markers,twisting-nether,1937,warrior,arms,109,49,60
Джерамин,blackscar,1934,warrior,arms,77,35,42
Dabr,stormscale,1933,warrior,arms,54,29,25
Kwasimodo,blackmoore,1933,warrior,arms,70,30,40
Bigboyx,kazzak,1932,warrior,arms,116,56,60
Velcorn,ravencrest,1931,warrior,arms,54,26,28
Infernion,jaedenar,1930,warrior,arms,48,30,18
Belver,argent-dawn,1929,warrior,arms,38,22,16
Gaav,burning-legion,1928,warrior,arms,77,35,42
Thenx,tarren-mill,1926,warrior,arms,159,78,81
Hulksmsh,hyjal,1925,warrior,arms,71,32,39
Connorzw,blackmoore,1923,warrior,arms,54,30,24
Pawnerlol,mannoroth,1923,warrior,arms,71,34,37
Kapuchino,twisting-nether,1921,warrior,arms,48,27,21
Ønogal,archimonde,1919,warrior,arms,84,40,44
Zugzugcleave,blackrock,1916,warrior,arms,87,48,39
Хэйре,howling-fjord,1915,warrior,arms,220,116,104
Liptonxecute,blackhand,1913,warrior,arms,71,39,32
Loty,drakthul,1913,warrior,arms,159,77,82
Zhoti,outland,1912,warrior,arms,70,36,34
Комочекгнева,howling-fjord,1912,warrior,arms,139,70,69
Timpey,kazzak,1911,warrior,arms,54,30,24
Sagethi,blackrock,1911,warrior,arms,83,41,42
Элетий,soulflayer,1910,warrior,arms,48,26,22
Whýsøsîleñt,ragnaros,1909,warrior,arms,40,29,11
Theryk,sanguino,1909,warrior,arms,171,80,91
Böggzbunny,tarren-mill,1908,warrior,arms,54,32,22
Ragestarved,ragnaros,1908,warrior,arms,83,40,43
Javakt,stormscale,1905,warrior,arms,260,127,133
Apacolata,outland,1903,warrior,arms,57,29,28
Alegral,ravencrest,1902,warrior,arms,271,132,139
Lostday,blackrock,1901,warrior,arms,189,96,93
Кимлий,deathweaver,1900,warrior,arms,78,36,42
Длоордпро,soulflayer,1900,warrior,arms,65,29,36
Ðennis,argent-dawn,1899,warrior,arms,60,40,20
Nedåh,blackrock,1897,warrior,arms,102,53,49
Banîsher,drakthul,1896,warrior,arms,140,70,70
Çatàclysmíc,kazzak,1896,warrior,arms,138,69,69
Mckinseybcg,outland,1895,warrior,arms,143,86,57
Rhâpsodyw,ravencrest,1895,warrior,arms,82,44,38
Hasbullá,kazzak,1895,warrior,arms,308,160,148
Фокатоп,blackscar,1895,warrior,arms,54,28,26
Saurens,twisting-nether,1895,warrior,arms,84,38,46
Messermozart,blackmoore,1894,warrior,arms,54,28,26
Julololo,archimonde,1893,warrior,arms,72,40,32
Rhagnok,archimonde,1893,warrior,arms,108,53,55
Рукзуф,razuvious,1890,warrior,arms,29,21,8
Courageous,ravencrest,1889,warrior,arms,66,39,27
Tsuperman,tarren-mill,1888,warrior,arms,72,37,35
Notthateasy,blackrock,1887,warrior,arms,42,24,18
Kûrûmî,blackmoore,1886,warrior,arms,71,48,23
Лилиофаныч,soulflayer,1886,warrior,arms,53,29,24
Drclapit,blackrock,1884,warrior,arms,42,23,19
Summerkarma,wildhammer,1884,warrior,arms,144,75,69
Pürporcc,archimonde,1884,warrior,arms,103,53,50
Chucho,argent-dawn,1883,warrior,arms,60,34,26
Аэска,deathweaver,1881,warrior,arms,66,31,35
Куесэс,howling-fjord,1880,warrior,arms,36,20,16
Mtctwo,blackrock,1879,warrior,arms,90,44,46
Compétiteub,archimonde,1879,warrior,arms,84,38,46
Gnømércy,stormscale,1878,warrior,arms,42,22,20
Gulläx,burning-legion,1878,warrior,arms,42,20,22
Флагмэн,gordunni,1876,warrior,arms,89,50,39
Cathériné,drakthul,1875,warrior,arms,48,27,21
Purpórc,archimonde,1875,warrior,arms,54,30,24
Бэнчпресс,soulflayer,1875,warrior,arms,60,29,31
Oswáld,defias-brotherhood,1874,warrior,arms,50,37,13
Nukerz,kirin-tor,1874,warrior,arms,78,42,36
Фрейз,blackscar,1874,warrior,arms,70,34,36
Ðöç,argent-dawn,1874,warrior,arms,60,28,32
Doomqt,terokkar,1873,warrior,arms,47,27,20
Endagon,ravencrest,1871,warrior,arms,103,49,54
Хиро,deathweaver,1870,warrior,arms,72,37,35
Regnarøk,sylvanas,1869,warrior,arms,71,44,27
Daredevìl,eredar,1869,warrior,arms,107,53,54
Gguts,archimonde,1867,warrior,arms,97,53,44
Xvlanter,silvermoon,1865,warrior,arms,127,65,62
Mercey,stormscale,1865,warrior,arms,47,24,23
Otp,ravencrest,1865,warrior,arms,120,59,61
Stupidz,hyjal,1865,warrior,arms,54,26,28
Рвбстох,blackscar,1864,warrior,arms,72,38,34
Wasro,norgannon,1864,warrior,arms,118,60,58
Irherklek,stormscale,1863,warrior,arms,47,28,19
Nazrihk,ravencrest,1863,warrior,arms,85,42,43
Екзобайт,gordunni,1862,warrior,arms,95,52,43
Xåb,dun-morogh,1862,warrior,arms,66,28,38
Брокскрим,soulflayer,1861,warrior,arms,60,30,30
Sekwar,twisting-nether,1858,warrior,arms,42,21,21
Louana,outland,1857,warrior,arms,42,30,12
Feckdech,blackrock,1857,warrior,arms,53,32,21
Grimogør,stormscale,1857,warrior,arms,48,27,21
Pivcuga,kazzak,1857,warrior,arms,307,155,152
Europ,silvermoon,1857,warrior,arms,162,78,84
Nstx,dun-modr,1855,warrior,arms,48,29,19
Nitheriá,draenor,1855,warrior,arms,376,193,183
Mirageous,tarren-mill,1854,warrior,arms,83,46,37
Reysleys,mazrigos,1854,warrior,arms,81,38,43
Mômsboy,tarren-mill,1853,warrior,arms,64,33,31
Ланро,gordunni,1853,warrior,arms,65,33,32
Варзила,blackscar,1853,warrior,arms,74,34,40
Prymebeevz,blackmoore,1852,warrior,arms,53,36,17
Àlexander,ravencrest,1852,warrior,arms,35,20,15
Rec,thrall,1851,warrior,arms,42,23,19
Reacôn,twisting-nether,1851,warrior,arms,52,28,24
Balthew,defias-brotherhood,1851,warrior,arms,48,24,24
Skorm,mugthol,1849,warrior,arms,36,27,9
Reckqtw,eredar,1849,warrior,arms,92,50,42
Xxeqtr,kazzak,1849,warrior,arms,95,45,50
Аоетакси,soulflayer,1848,warrior,arms,104,59,45
Valoo,malganis,1847,warrior,arms,98,50,48
Krônm,dun-modr,1847,warrior,arms,78,33,45
Nihe,stormreaver,1846,warrior,arms,66,30,36
Goatie,frostwhisper,1844,warrior,arms,42,30,12
Kaieh,argent-dawn,1844,warrior,arms,48,31,17
Civok,kult-der-verdammten,1844,warrior,arms,66,31,35
Стилерин,gordunni,1844,warrior,arms,54,25,29
Elbutanero,tarren-mill,1843,warrior,arms,54,29,25
Jessicaday,archimonde,1843,warrior,arms,42,21,21
Крипочёк,gordunni,1842,warrior,arms,42,25,17
Istyos,hyjal,1842,warrior,arms,95,47,48
Зотлолпромвп,booty-bay,1842,warrior,arms,89,43,46
Zéox,baelgun,1840,warrior,arms,53,30,23
Jriddyzug,ravencrest,1840,warrior,arms,62,33,29
Enøt,kazzak,1839,warrior,arms,53,25,28
Xiro,hellscream,1838,warrior,arms,70,45,25
Орданис,deathguard,1838,warrior,arms,66,33,33
Демолишеер,howling-fjord,1838,warrior,arms,77,37,40
Hitt,ysondre,1838,warrior,arms,102,49,53
Dominikhasek,stormscale,1837,warrior,arms,52,33,19
Sneakydrm,kazzak,1837,warrior,arms,40,23,17
Eidzo,tarren-mill,1837,warrior,arms,84,45,39
Vvulf,eredar,1836,warrior,arms,71,31,40
Kanté,burning-blade,1834,warrior,arms,41,24,17
Æriø,dalaran,1833,warrior,arms,48,27,21
Сетт,howling-fjord,1833,warrior,arms,54,29,25
Howdoulose,dun-modr,1832,warrior,arms,54,35,19
Karpzug,stormscale,1832,warrior,arms,39,22,17
Trapoulas,kazzak,1832,warrior,arms,107,48,59
Blåvingad,kazzak,1831,warrior,arms,56,34,22
Вуриор,howling-fjord,1831,warrior,arms,120,67,53
Боссберс,soulflayer,1831,warrior,arms,89,44,45
Watrux,outland,1831,warrior,arms,66,31,35
Воинлета,howling-fjord,1830,warrior,arms,101,60,41
Brogre,stormrage,1830,warrior,arms,77,40,37
Qapper,kazzak,1830,warrior,arms,57,28,29
Khÿze,ysondre,1829,warrior,arms,58,39,19
Mirpz,doomhammer,1829,warrior,arms,48,31,17
Klearr,silvermoon,1829,warrior,arms,91,56,35
Nelios,sylvanas,1829,warrior,arms,60,33,27
Njn,argent-dawn,1829,warrior,arms,48,23,25
Shaked,dun-modr,1829,warrior,arms,83,39,44
Kiyomaro,stormscale,1828,warrior,arms,72,39,33
Jengaa,draenor,1828,warrior,arms,138,73,65
Kamked,burning-legion,1828,warrior,arms,107,50,57
Nightmareowl,tarren-mill,1827,warrior,arms,136,76,60
Blazefüry,ravencrest,1827,warrior,arms,61,33,28
Rînus,aegwynn,1827,warrior,arms,54,26,28
Nipes,nozdormu,1827,warrior,arms,84,40,44
Scherø,aegwynn,1826,warrior,arms,42,28,14
Ändrow,dalaran,1826,warrior,arms,78,46,32
Bladrun,frostmane,1826,warrior,arms,120,67,53
Marex,grim-batol,1826,warrior,arms,54,30,24
Wuifly,dun-modr,1826,warrior,arms,69,35,34
Ярыйваряг,soulflayer,1825,warrior,arms,48,30,18
Варбоссец,soulflayer,1825,warrior,arms,66,35,31
Aerês,tarren-mill,1825,warrior,arms,186,93,93
Nurekin,argent-dawn,1825,warrior,arms,66,32,34
Rivah,tarren-mill,1824,warrior,arms,63,34,29
Crawly,aegwynn,1824,warrior,arms,177,95,82
Gigadot,arathor,1824,warrior,arms,192,101,91
Ðezia,tarren-mill,1823,warrior,arms,168,94,74
Ðior,bronze-dragonflight,1822,warrior,arms,53,29,24
Марльин,howling-fjord,1822,warrior,arms,59,29,30
Crîxús,silvermoon,1822,warrior,arms,60,25,35
Badgenius,nemesis,1821,warrior,arms,42,26,16
Seifchamqt,ragnaros,1821,warrior,arms,52,31,21
Escapematrix,kazzak,1821,warrior,arms,95,48,47
Asçrðth,kazzak,1821,warrior,arms,54,26,28
Corvy,ravencrest,1821,warrior,arms,54,25,29
Dortenz,ragnaros,1821,warrior,arms,54,24,30
Куртфорренс,gordunni,1821,warrior,arms,79,31,48
Urmack,ravencrest,1820,warrior,arms,48,37,11
Rngmonster,kazzak,1820,warrior,arms,100,68,32
Uzamaki,bronzebeard,1820,warrior,arms,48,32,16
Knutrex,tarren-mill,1820,warrior,arms,61,35,26
Drahkor,baelgun,1819,warrior,arms,60,39,21
Лимпс,gordunni,1819,warrior,arms,30,19,11
Flinta,blackmoore,1819,warrior,arms,90,51,39
Maarshl,ysondre,1819,warrior,arms,225,121,104
Dwarfdruine,dun-modr,1818,warrior,arms,85,49,36
Hunkz,sylvanas,1818,warrior,arms,65,32,33
Имеравета,gordunni,1818,warrior,arms,150,71,79
Мелькорт,gordunni,1817,warrior,arms,48,29,19
Chaddimus,draenor,1817,warrior,arms,63,36,27
Basemode,twisting-nether,1817,warrior,arms,116,65,51
Nímera,nemesis,1817,warrior,arms,77,37,40
Liferuiner,rexxar,1816,warrior,arms,133,73,60
Экзекьютлол,soulflayer,1816,warrior,arms,47,25,22
Joéfernandés,sylvanas,1816,warrior,arms,36,19,17
Klonyarik,ravencrest,1815,warrior,arms,36,19,17
Шурпач,deathguard,1815,warrior,arms,72,37,35
Dnoire,ravencrest,1815,warrior,arms,60,28,32
Nazgrosh,burning-legion,1815,warrior,arms,66,29,37
Nelthôr,alleria,1814,warrior,arms,156,94,62
Aeyon,burning-blade,1814,warrior,arms,45,27,18
Ranoth,hellfire,1814,warrior,arms,54,30,24
Rbbx,tarren-mill,1814,warrior,arms,56,31,25
Thorana,twisting-nether,1814,warrior,arms,59,32,27
Hellguard,archimonde,1814,warrior,arms,90,48,42
Naskez,kazzak,1814,warrior,arms,81,41,40
Darshan,grim-batol,1814,warrior,arms,66,33,33
Leethal,outland,1814,warrior,arms,60,27,33
Juank,minahonda,1814,warrior,arms,48,21,27
Арма,howling-fjord,1813,warrior,arms,54,39,15
Doloresvp,zuljin,1813,warrior,arms,66,36,30
Mtc,blackrock,1813,warrior,arms,68,34,34
Pummelthru,burning-legion,1813,warrior,arms,65,32,33
Vic,tarren-mill,1813,warrior,arms,47,20,27
Zcell,kazzak,1812,warrior,arms,36,23,13
Xurainzone,eredar,1812,warrior,arms,48,27,21
Mystylez,silvermoon,1812,warrior,arms,60,28,32
Gucciwarrior,blackhand,1812,warrior,arms,90,41,49
Blademir,blackrock,1811,warrior,arms,47,32,15
Axinit,blackrock,1811,warrior,arms,42,23,19
Jenkinzz,stormscale,1811,warrior,arms,120,64,56
Стефанидзе,soulflayer,1811,warrior,arms,42,22,20
Ozrenac,kazzak,1811,warrior,arms,196,100,96
Idiotplay,drekthar,1811,warrior,arms,42,19,23
Johnmeadows,ravencrest,1810,warrior,arms,36,23,13
Artøria,archimonde,1810,warrior,arms,96,54,42
Oktharu,silvermoon,1810,warrior,arms,71,37,34
Ðiscordia,blackhand,1810,warrior,arms,84,43,41
Dragondeznut,ravencrest,1810,warrior,arms,60,30,30
Kragrâu,kazzak,1810,warrior,arms,71,33,38
Jínro,draenor,1810,warrior,arms,48,22,26
Jokkul,tarren-mill,1810,warrior,arms,46,21,25
Bîmbämboom,blackmoore,1809,warrior,arms,148,94,54
Cherserker,ragnaros,1809,warrior,arms,69,41,28
Yarilolx,outland,1808,warrior,arms,49,28,21
Drilley,blackmoore,1807,warrior,arms,50,34,16
Oldchap,nordrassil,1807,warrior,arms,48,31,17
Олдборовс,soulflayer,1807,warrior,arms,53,29,24
Zeddone,drakthul,1807,warrior,arms,90,46,44
Bloodhorn,blackhand,1807,warrior,arms,107,54,53
Nìmera,nemesis,1806,warrior,arms,36,26,10
Yelanx,twisting-nether,1806,warrior,arms,48,34,14
Juggernãut,ravencrest,1806,warrior,arms,102,58,44
Гатсберсерк,gordunni,1806,warrior,arms,167,91,76
Wayneson,tarren-mill,1806,warrior,arms,108,58,50
Книфэк,howling-fjord,1806,warrior,arms,76,40,36
Lexiliuz,twisting-nether,1805,warrior,arms,48,29,19
Дуглимон,gordunni,1805,warrior,arms,65,37,28
Toscothegoat,ravencrest,1804,warrior,arms,36,24,12
Greenblób,kazzak,1804,warrior,arms,66,27,39
Hanìbal,ravencrest,1803,warrior,arms,60,32,28
Ghakra,kazzak,1802,warrior,arms,36,25,11
Westwyde,hyjal,1802,warrior,arms,48,30,18
Drittsekken,sylvanas,1802,warrior,arms,105,60,45
Thyréc,blackmoore,1802,warrior,arms,60,34,26
Fràgile,ravencrest,1802,warrior,arms,113,61,52
Chargeyou,ragnaros,1801,warrior,arms,60,35,25
Мопк,howling-fjord,1801,warrior,arms,84,48,36
Läerezh,ysondre,1801,warrior,arms,66,33,33
Phalek,argent-dawn,1800,warrior,arms,48,28,20
Shortcvnt,ravencrest,1800,warrior,arms,48,28,20
Azudaddy,blackmoore,1800,warrior,arms,59,34,25
Dairøx,blackrock,1800,warrior,arms,60,31,29
Fulgrimu,archimonde,1799,warrior,arms,57,30,27
Ástriax,ravencrest,1799,warrior,arms,159,77,82
Cerßere,archimonde,1798,warrior,arms,120,61,59
Kamatâ,kazzak,1796,warrior,arms,60,32,28
Злопиканка,gordunni,1794,warrior,arms,58,29,29
Заликмортал,soulflayer,1793,warrior,arms,186,100,86
Dõxlol,kazzak,1793,warrior,arms,42,21,21
Blademir,aegwynn,1793,warrior,arms,70,31,39
Atrôcithy,silvermoon,1791,warrior,arms,48,25,23
Kënnyföx,ysondre,1789,warrior,arms,36,19,17
Вокилог,soulflayer,1789,warrior,arms,625,312,313
Røidrage,stormscale,1789,warrior,arms,96,45,51
Saidi,outland,1788,warrior,arms,224,106,118
Oldcockball,argent-dawn,1786,warrior,arms,123,67,56
Фрейз,deathweaver,1785,warrior,arms,48,29,19
Zheaks,kazzak,1785,warrior,arms,95,45,50
Древилгод,gordunni,1783,warrior,arms,57,31,26
Kennyföx,ysondre,1782,warrior,arms,38,24,14
Поршекаен,howling-fjord,1781,warrior,arms,116,56,60
Бодибилдерыч,gordunni,1779,warrior,arms,113,60,53
Andzone,alakir,1779,warrior,arms,42,22,20
Dragnil,twisting-nether,1779,warrior,arms,60,29,31
Selenez,outland,1779,warrior,arms,67,30,37
Avalin,outland,1778,warrior,arms,48,31,17
Venres,blackhand,1777,warrior,arms,88,47,41
Damagz,tarren-mill,1776,warrior,arms,89,44,45
Shookyx,ravencrest,1775,warrior,arms,42,24,18
Троммтар,howling-fjord,1774,warrior,arms,100,44,56
Zombossio,tarren-mill,1773,warrior,arms,74,38,36
Jackyred,silvermoon,1771,warrior,arms,71,31,40
Drxeqtit,blackrock,1770,warrior,arms,53,29,24
Augustus,runetotem,1769,warrior,arms,196,106,90
Kurbá,stormscale,1768,warrior,arms,42,26,16
Lyriae,argent-dawn,1768,warrior,arms,66,39,27
Prøject,archimonde,1768,warrior,arms,54,27,27
Bravopla,silvermoon,1767,warrior,arms,54,28,26
Komissarecks,aegwynn,1767,warrior,arms,63,31,32
Pangowar,elune,1766,warrior,arms,69,38,31
Ехрерау,gordunni,1765,warrior,arms,66,27,39
Craanked,aegwynn,1763,warrior,arms,58,25,33
Anthalar,argent-dawn,1760,warrior,arms,120,61,59
Veav,norgannon,1760,warrior,arms,72,31,41
Акнаранд,soulflayer,1759,warrior,arms,36,20,16
Adzandel,silvermoon,1758,warrior,arms,48,25,23
Okcool,twisting-nether,1757,warrior,arms,42,26,16
Downpipe,twisting-nether,1757,warrior,arms,125,62,63
Brutilda,antonidas,1757,warrior,arms,71,32,39
Flaãy,ravencrest,1756,warrior,arms,142,79,63
Naronnas,drakthul,1756,warrior,arms,170,85,85
Nassir,stormscale,1756,warrior,arms,96,47,49
Grimlok,sylvanas,1756,warrior,arms,99,44,55
Konebankærn,ravencrest,1756,warrior,arms,60,24,36
Allthèwayup,kazzak,1755,warrior,arms,35,19,16
Everdipper,outland,1755,warrior,arms,73,33,40
Khalimov,tarren-mill,1754,warrior,arms,108,54,54
Warounet,hyjal,1753,warrior,arms,54,26,28
Cleaver,tarren-mill,1752,warrior,arms,54,29,25
Pathocend,kazzak,1752,warrior,arms,59,29,30
Оксенфурт,soulflayer,1752,warrior,arms,152,74,78
Ущипнузатитю,deathguard,1752,warrior,arms,66,29,37
Randomdmg,stormscale,1751,warrior,arms,30,22,8
Yosiwa,draenor,1751,warrior,arms,78,45,33
Trôth,kazzak,1750,warrior,arms,36,23,13
Skylåw,archimonde,1750,warrior,arms,109,52,57
Pj,sanguino,1750,warrior,arms,68,30,38
Роули,blackscar,1748,warrior,arms,87,49,38
Vandarms,archimonde,1747,warrior,arms,48,28,20
Малаятварь,gordunni,1746,warrior,arms,52,30,22
Nolóve,archimonde,1746,warrior,arms,72,36,36
Salpaaja,frostwhisper,1746,warrior,arms,54,23,31
Karkatoes,twisting-nether,1745,warrior,arms,62,33,29
Sonnethrash,tarren-mill,1744,warrior,arms,67,29,38
Catrine,drakthul,1744,warrior,arms,60,25,35
Thafold,eredar,1739,warrior,arms,59,31,28
Mojotsche,taerar,1738,warrior,arms,64,36,28
Raley,ragnaros,1738,warrior,arms,184,101,83
Hulkensmash,kazzak,1738,warrior,arms,175,87,88
Cesr,bloodhoof,1738,warrior,arms,106,47,59
Klynd,nemesis,1738,warrior,arms,54,22,32
Cisataker,hyjal,1737,warrior,arms,24,20,4
Rageco,ravencrest,1737,warrior,arms,48,31,17
Raidek,dragonmaw,1737,warrior,arms,82,46,36
Даскул,gordunni,1737,warrior,arms,66,28,38
Puremëtal,silvermoon,1736,warrior,arms,90,47,43
Niiol,burning-blade,1735,warrior,arms,41,21,20
Skyowner,twisting-nether,1734,warrior,arms,39,22,17
Pazùzu,twisting-nether,1733,warrior,arms,60,27,33
ßloodz,hyjal,1732,warrior,arms,102,51,51
Bigboomer,frostmane,1732,warrior,arms,192,86,106
Wake,eredar,1731,warrior,arms,42,23,19
Magnî,auchindoun,1731,warrior,arms,54,29,25
Døkidøki,silvermoon,1731,warrior,arms,80,40,40
Fruiittyy,ravencrest,1730,warrior,arms,114,58,56
Ezøn,aegwynn,1730,warrior,arms,71,35,36
Маклецкий,gordunni,1730,warrior,arms,150,68,82
Kotechnik,ysondre,1729,warrior,arms,54,32,22
Kelhim,blackrock,1728,warrior,arms,114,60,54
Reccey,blackrock,1728,warrior,arms,152,75,77
Perinel,draenor,1727,warrior,arms,177,93,84
Vathaleron,alakir,1727,warrior,arms,69,36,33
Лилиофанныч,soulflayer,1727,warrior,arms,84,36,48
Oluwafunmila,tarren-mill,1726,warrior,arms,68,33,35
Secondwarri,frostwolf,1725,warrior,arms,80,45,35
Старварлорд,soulflayer,1725,warrior,arms,59,28,31
Creativenot,outland,1724,warrior,arms,62,32,30
Krionos,ravencrest,1724,warrior,arms,84,41,43
Штурмгешутц,deathweaver,1723,warrior,arms,138,76,62
Fosler,frostmane,1723,warrior,arms,48,22,26
Oplarxigos,kazzak,1723,warrior,arms,48,20,28
Shchoor,ravencrest,1722,warrior,arms,36,18,18
Dannyp,twisting-nether,1722,warrior,arms,36,18,18
Voxz,stormscale,1722,warrior,arms,207,102,105
Bigdamtosco,ravencrest,1721,warrior,arms,30,18,12
Rexonawarr,kazzak,1720,warrior,arms,30,18,12
Dataçasé,silvermoon,1720,warrior,arms,41,22,19
Naskwar,archimonde,1720,warrior,arms,48,24,24
Skädy,dun-modr,1720,warrior,arms,60,29,31
Fantasý,burning-legion,1720,warrior,arms,71,28,43
Bordi,nemesis,1719,warrior,arms,235,110,125
Mortalfist,stormscale,1718,warrior,arms,67,33,34
Urasli,doomhammer,1717,warrior,arms,42,24,18
Getsmokedjr,ravencrest,1717,warrior,arms,50,25,25
Nonow,silvermoon,1717,warrior,arms,108,53,55
Барсток,soulflayer,1716,warrior,arms,107,53,54
Xendyo,frostmourne,1716,warrior,arms,143,69,74
Yandan,ysondre,1715,warrior,arms,85,44,41
Виттурус,howling-fjord,1714,warrior,arms,48,25,23
Apacho,outland,1714,warrior,arms,42,21,21
Malebolia,mugthol,1713,warrior,arms,247,128,119
Saetásh,argent-dawn,1713,warrior,arms,144,70,74
Lanstus,silvermoon,1712,warrior,arms,108,56,52
Cazaril,kazzak,1712,warrior,arms,166,84,82
Ogurok,frostwolf,1712,warrior,arms,63,29,34
Бисовыйармен,soulflayer,1711,warrior,arms,48,26,22
Quetrax,chogall,1711,warrior,arms,60,22,38
Dógmòdex,stormscale,1710,warrior,arms,48,30,18
Mertik,twisting-nether,1710,warrior,arms,54,31,23
Mintys,sylvanas,1710,warrior,arms,62,33,29
Brizeis,malganis,1710,warrior,arms,145,74,71
Palmsweaty,stormrage,1710,warrior,arms,72,31,41
Karuck,tarren-mill,1709,warrior,arms,30,19,11
Zhangbeihai,ravencrest,1709,warrior,arms,180,88,92
Raikaz,ravencrest,1709,warrior,arms,72,32,40
Steroidkidx,stormscale,1709,warrior,arms,42,18,24
Фктпх,blackscar,1708,warrior,arms,48,29,19
Avalinqt,blackrock,1706,warrior,arms,44,32,12
Goorila,kazzak,1706,warrior,arms,36,18,18
Poolboyx,tarren-mill,1704,warrior,arms,123,63,60
Вандэрбой,howling-fjord,1703,warrior,arms,222,103,119
Thebigshow,the-maelstrom,1702,warrior,arms,94,41,53
Киссмиплис,gordunni,1701,warrior,arms,117,61,56
Туранк,howling-fjord,1701,warrior,arms,181,93,88
Хеликат,soulflayer,1701,warrior,arms,60,27,33
Wrecktal,eredar,1700,warrior,arms,63,35,28
Robou,hyjal,1700,warrior,arms,186,86,100
Klonyarika,ravencrest,1699,warrior,arms,36,20,16
Гримг,lich-king,1699,warrior,arms,69,37,32
Braveorc,kazzak,1698,warrior,arms,24,18,6
Luphrek,ysondre,1697,warrior,arms,36,20,16
Nerfmyrage,hyjal,1697,warrior,arms,96,49,47
Guter,kazzak,1697,warrior,arms,60,28,32
Incendix,stormscale,1696,warrior,arms,99,56,43
Cyruk,blackmoore,1696,warrior,arms,213,109,104
Shiqo,ravencrest,1696,warrior,arms,109,54,55
Ijzerekast,sylvanas,1696,warrior,arms,67,31,36
Хенеар,howling-fjord,1696,warrior,arms,80,37,43
Yellowjuice,stormscale,1695,warrior,arms,156,89,67
Sorkk,kazzak,1694,warrior,arms,86,47,39
Noxeeql,tarren-mill,1693,warrior,arms,113,67,46
Kalacher,draenor,1693,warrior,arms,68,30,38
Donquiexote,ravencrest,1692,warrior,arms,90,49,41
Ítikovan,aegwynn,1692,warrior,arms,174,84,90
Брок,soulflayer,1692,warrior,arms,96,39,57
Snðw,outland,1692,warrior,arms,73,29,44
Odenscolddry,kazzak,1691,warrior,arms,173,87,86
Дайбайхенд,howling-fjord,1691,warrior,arms,60,30,30
Zexa,tarren-mill,1690,warrior,arms,42,21,21
Mazaharine,archimonde,1690,warrior,arms,69,33,36
Vayné,ravencrest,1690,warrior,arms,78,35,43
Оргрриммар,soulflayer,1689,warrior,arms,387,196,191
Cassândrä,dalaran,1689,warrior,arms,66,28,38
Giannizugzug,nemesis,1688,warrior,arms,165,86,79
Keññyfðx,ysondre,1687,warrior,arms,30,21,9
Hangart,argent-dawn,1687,warrior,arms,48,20,28
Preliator,outland,1686,warrior,arms,24,18,6
Æç,argent-dawn,1686,warrior,arms,72,35,37
Spártacus,kazzak,1686,warrior,arms,88,40,48
Xgs,archimonde,1685,warrior,arms,279,142,137
Криккс,greymane,1685,warrior,arms,69,34,35
Rolo,antonidas,1684,warrior,arms,69,35,34
Makgorei,outland,1684,warrior,arms,129,64,65
Nozuki,archimonde,1684,warrior,arms,243,120,123
Азктор,soulflayer,1683,warrior,arms,34,19,15
Nargez,outland,1682,warrior,arms,36,22,14
Eggsecutor,stormscale,1682,warrior,arms,59,32,27
Беренса,howling-fjord,1682,warrior,arms,131,71,60
Huyer,stormscale,1682,warrior,arms,36,18,18
Maldark,scarshield-legion,1682,warrior,arms,153,73,80
Грамикк,howling-fjord,1681,warrior,arms,30,19,11
Skillissues,argent-dawn,1681,warrior,arms,72,39,33
Shooky,blackrock,1681,warrior,arms,41,22,19
Hirurg,thrall,1681,warrior,arms,48,22,26
Bôlufonâ,dun-modr,1680,warrior,arms,125,62,63
Tyrasîà,hyjal,1680,warrior,arms,54,24,30
Kronmw,dun-modr,1680,warrior,arms,54,20,34
Blackbiird,blackmoore,1679,warrior,arms,53,27,26
Zoefernandes,kazzak,1679,warrior,arms,66,28,38
Ридиусх,gordunni,1678,warrior,arms,43,24,19
Воованыч,gordunni,1678,warrior,arms,48,22,26
Bronn,defias-brotherhood,1677,warrior,arms,68,40,28
Fatmikez,aggra-português,1675,warrior,arms,75,44,31
Сажень,blackscar,1675,warrior,arms,74,34,40
Krigipigi,antonidas,1675,warrior,arms,78,34,44
Pyrul,antonidas,1673,warrior,arms,48,22,26
Anakhas,archimonde,1673,warrior,arms,54,22,32
Woobaby,outland,1672,warrior,arms,54,30,24
Gatts,krasus,1671,warrior,arms,282,134,148
Amokdamis,blackhand,1671,warrior,arms,51,23,28
Nîmera,nemesis,1670,warrior,arms,24,19,5
Lîlsaint,dun-morogh,1670,warrior,arms,36,19,17
Дроктул,howling-fjord,1670,warrior,arms,387,193,194
Chromoly,aegwynn,1670,warrior,arms,90,43,47
Кофесмолоком,ashenvale,1670,warrior,arms,59,24,35
Bøklig,stormscale,1669,warrior,arms,54,28,26
Dríx,hyjal,1669,warrior,arms,66,34,32
Karreg,hyjal,1669,warrior,arms,54,26,28
Riyan,lothar,1668,warrior,arms,48,28,20
Shhimbanned,doomhammer,1668,warrior,arms,85,43,42
Aranill,tarren-mill,1667,warrior,arms,50,28,22
Nikoma,silvermoon,1667,warrior,arms,36,20,16
Дугмар,gordunni,1667,warrior,arms,205,102,103
Psychlolz,burning-legion,1666,warrior,arms,54,28,26
Bruxus,blackhand,1665,warrior,arms,214,111,103
Геркавоин,eversong,1665,warrior,arms,96,45,51
Wismerx,kazzak,1665,warrior,arms,54,23,31
Pinkblast,sylvanas,1665,warrior,arms,60,22,38
Олдизаер,soulflayer,1664,warrior,arms,48,25,23
Ignyz,stormscale,1663,warrior,arms,48,27,21
Learningwarr,eredar,1663,warrior,arms,50,26,24
Màkáveli,stormscale,1662,warrior,arms,83,46,37
Nalx,tarren-mill,1661,warrior,arms,117,62,55
Bronix,blackrock,1661,warrior,arms,100,52,48
Arms,earthen-ring,1661,warrior,arms,86,41,45
Naait,draenor,1660,warrior,arms,57,32,25
Reapersrage,twisting-nether,1660,warrior,arms,45,22,23
Maxxiwumms,amanthul,1660,warrior,arms,66,31,35
Huscar,thrall,1659,warrior,arms,58,31,27
Erikeverhard,nathrezim,1659,warrior,arms,42,20,22
Avelyr,pozzo-delleternità,1658,warrior,arms,42,24,18
Zugstorm,outland,1658,warrior,arms,52,26,26
Cyanerd,bronzebeard,1658,warrior,arms,42,21,21
Estarotte,ravencrest,1658,warrior,arms,43,21,22
Béastmødexz,eredar,1657,warrior,arms,53,25,28
Кибервайфу,howling-fjord,1656,warrior,arms,36,22,14
Crandalius,kazzak,1656,warrior,arms,87,51,36
Linkx,lightnings-blade,1656,warrior,arms,48,24,24
Mazutov,outland,1655,warrior,arms,36,25,11
Kawaro,rajaxx,1655,warrior,arms,42,22,20
Asquare,stormscale,1655,warrior,arms,40,18,22
Луновоин,gordunni,1654,warrior,arms,54,35,19
Shadokaa,stormscale,1654,warrior,arms,71,43,28
Facestomper,onyxia,1654,warrior,arms,84,47,37
Седлайккеану,howling-fjord,1654,warrior,arms,177,91,86
Frozenliøn,twisting-nether,1654,warrior,arms,48,21,27
Elder,darkmoon-faire,1653,warrior,arms,191,98,93
Slowann,argent-dawn,1653,warrior,arms,156,77,79
Kookwr,aggra-português,1652,warrior,arms,64,29,35
Бейесличё,deathguard,1652,warrior,arms,81,31,50
Prestà,archimonde,1651,warrior,arms,75,41,34
Донтрелиз,howling-fjord,1651,warrior,arms,64,30,34
Chádtóurps,drakthul,1651,warrior,arms,41,19,22
Rhinobob,kazzak,1651,warrior,arms,50,22,28
Hli,tarren-mill,1650,warrior,arms,42,24,18
Армсег,soulflayer,1650,warrior,arms,56,30,26
Skrawarr,das-syndikat,1650,warrior,arms,156,82,74
Sørêy,aegwynn,1650,warrior,arms,78,39,39
Хирошка,gordunni,1650,warrior,arms,60,28,32
Blayr,tarren-mill,1649,warrior,arms,128,62,66
Smkms,kazzak,1649,warrior,arms,54,26,28
Wardruine,dun-modr,1648,warrior,arms,191,92,99
Badwarr,blackhand,1647,warrior,arms,42,24,18
Nyxz,blackhand,1647,warrior,arms,83,43,40
Asç,kazzak,1647,warrior,arms,42,21,21
Ахиллслэм,howling-fjord,1647,warrior,arms,95,39,56
Blizo,tarren-mill,1646,warrior,arms,42,21,21
Nardoch,archimonde,1646,warrior,arms,162,80,82
Ðowman,blackrock,1646,warrior,arms,50,24,26
Fruitdealer,shattrath,1644,warrior,arms,70,30,40
Morbaac,archimonde,1644,warrior,arms,54,22,32
Нифро,fordragon,1643,warrior,arms,48,29,19
Biscuitoliva,hyjal,1643,warrior,arms,37,19,18
Doksziqqt,ragnaros,1642,warrior,arms,36,22,14
Zaedt,tarren-mill,1642,warrior,arms,47,23,24
Ckz,ysondre,1641,warrior,arms,36,26,10
Фелпир,soulflayer,1641,warrior,arms,185,99,86
Remen,archimonde,1641,warrior,arms,84,37,47
Diamonddogs,draenor,1640,warrior,arms,52,32,20
Togas,silvermoon,1640,warrior,arms,230,123,107
Vôx,sylvanas,1640,warrior,arms,144,66,78
Termonsa,stormscale,1639,warrior,arms,48,29,19
Renwíck,burning-legion,1639,warrior,arms,35,18,17
Bamme,archimonde,1639,warrior,arms,47,24,23
Трешконтент,gordunni,1639,warrior,arms,120,61,59
Фенилэфрин,gordunni,1639,warrior,arms,140,71,69
Planina,ravencrest,1639,warrior,arms,113,55,58
Paranoiás,ragnaros,1639,warrior,arms,50,22,28
Velgrim,ravencrest,1639,warrior,arms,66,29,37
Ironbutter,ravencrest,1638,warrior,arms,80,51,29
Samîr,arthas,1638,warrior,arms,36,21,15
Jambaz,ravencrest,1638,warrior,arms,53,27,26
Reìvah,silvermoon,1638,warrior,arms,87,42,45
Brunodressed,aegwynn,1638,warrior,arms,90,43,47
Витодпс,howling-fjord,1638,warrior,arms,54,24,30
Sefty,tarren-mill,1638,warrior,arms,46,18,28
Pachipachi,blackmoore,1637,warrior,arms,44,23,21
Babovic,aegwynn,1636,warrior,arms,42,29,13
Lizzybigtits,kazzak,1636,warrior,arms,60,40,20
Jøtawarrior,sanguino,1636,warrior,arms,48,27,21
Blackfrosty,stormscale,1636,warrior,arms,74,41,33
Aemox,silvermoon,1636,warrior,arms,83,44,39
Hatestørm,kazzak,1636,warrior,arms,42,22,20
Garthock,stormscale,1636,warrior,arms,42,20,22
Тролльвоен,gordunni,1635,warrior,arms,51,31,20
Sydian,burning-legion,1635,warrior,arms,36,21,15
Tgabor,ragnaros,1635,warrior,arms,77,42,35
Ryofu,stormscale,1635,warrior,arms,42,22,20
Омепразол,gordunni,1635,warrior,arms,250,125,125
Килафх,blackscar,1635,warrior,arms,84,41,43
Off,archimonde,1634,warrior,arms,30,18,12
Meistersykes,silvermoon,1634,warrior,arms,44,21,23
Fattysw,argent-dawn,1634,warrior,arms,61,29,32
Evrybodydown,draenor,1633,warrior,arms,196,102,94
Nazhar,kult-der-verdammten,1633,warrior,arms,54,27,27
Lyroe,blackrock,1633,warrior,arms,42,21,21
Capigo,tarren-mill,1632,warrior,arms,30,19,11
Atlizz,twisting-nether,1632,warrior,arms,90,47,43
Reapo,blackhand,1632,warrior,arms,137,67,70
Yaune,ravencrest,1632,warrior,arms,42,19,23
Orn,tarren-mill,1632,warrior,arms,54,24,30
Zijsû,chogall,1632,warrior,arms,55,23,32
Bastrick,argent-dawn,1631,warrior,arms,122,64,58
Grumpy,lightbringer,1631,warrior,arms,94,49,45
Asenine,sylvanas,1631,warrior,arms,456,223,233
Bélløne,dalaran,1631,warrior,arms,102,49,53
Сабствер,howling-fjord,1631,warrior,arms,60,26,34
Çon,ravencrest,1630,warrior,arms,121,63,58
Acaleus,the-maelstrom,1630,warrior,arms,66,31,35
Aestheticon,burning-blade,1629,warrior,arms,36,21,15
Furanos,blackrock,1629,warrior,arms,65,34,31
Orcassmus,blackrock,1628,warrior,arms,48,29,19
Darksídex,silvermoon,1628,warrior,arms,339,176,163
Watashilfy,ravencrest,1628,warrior,arms,72,36,36
Leeches,aggramar,1628,warrior,arms,42,21,21
Thrux,dalaran,1628,warrior,arms,119,59,60
Héda,tarren-mill,1628,warrior,arms,55,26,29
Mellîødas,blackmoore,1627,warrior,arms,54,30,24
Winabella,tarren-mill,1627,warrior,arms,36,20,16
Gonutz,sylvanas,1627,warrior,arms,36,20,16
Шагах,soulflayer,1627,warrior,arms,176,86,90
Belattor,silvermoon,1627,warrior,arms,36,17,19
Iameconomist,twisting-nether,1627,warrior,arms,36,17,19
Демиорт,howling-fjord,1626,warrior,arms,69,44,25
Klinga,bladefist,1626,warrior,arms,42,24,18
Trust,darksorrow,1626,warrior,arms,54,30,24
Xzm,stormscale,1626,warrior,arms,33,18,15
Chadsmorc,twisting-nether,1626,warrior,arms,161,84,77
Agoobagoo,alakir,1626,warrior,arms,41,20,21
Ebonheart,argent-dawn,1626,warrior,arms,104,50,54
Zirêael,kazzak,1626,warrior,arms,54,21,33
Rootmagnet,twisting-nether,1625,warrior,arms,30,20,10
Кхаррнн,gordunni,1625,warrior,arms,110,56,54
Asipositas,eredar,1625,warrior,arms,42,19,23
Jaythegodx,blackrock,1625,warrior,arms,90,36,54
Beevzyn,blackmoore,1624,warrior,arms,24,17,7
Zufzuf,twisting-nether,1624,warrior,arms,36,22,14
Xiiver,burning-legion,1624,warrior,arms,131,71,60
Sanerion,antonidas,1624,warrior,arms,48,24,24
Wlãð,archimonde,1624,warrior,arms,48,23,25
Xurainlol,eredar,1623,warrior,arms,30,17,13
Midnightrain,archimonde,1623,warrior,arms,30,17,13
Розети,gordunni,1623,warrior,arms,57,30,27
Жестокус,gordunni,1623,warrior,arms,42,22,20
Lusan,sylvanas,1623,warrior,arms,42,21,21
Айфилшок,gordunni,1623,warrior,arms,42,20,22
Høtsky,twisting-nether,1622,warrior,arms,30,18,12
Methodxd,outland,1622,warrior,arms,72,36,36
Фурианка,galakrond,1622,warrior,arms,63,31,32
Spartaz,eredar,1622,warrior,arms,66,30,36
Solaje,dun-modr,1621,warrior,arms,39,22,17
Kût,les-sentinelles,1621,warrior,arms,41,22,19
Shwreck,kazzak,1621,warrior,arms,73,38,35
Hashashyn,stormscale,1620,warrior,arms,35,20,15
Wigsplitterx,twisting-nether,1620,warrior,arms,150,70,80
Rumer,tarren-mill,1620,warrior,arms,83,38,45
Sickslamzyø,ravencrest,1619,warrior,arms,42,17,25
Mxrdvr,kazzak,1618,warrior,arms,54,35,19
Hasmocaru,silvermoon,1618,warrior,arms,66,33,33
Vizn,emerald-dream,1618,warrior,arms,53,21,32
Bj,blackrock,1617,warrior,arms,36,21,15
Meldy,dun-morogh,1617,warrior,arms,42,19,23
Thundranium,kazzak,1616,warrior,arms,37,22,15
Shavoi,die-aldor,1616,warrior,arms,47,21,26
Borthuk,tarren-mill,1616,warrior,arms,107,45,62
Креспекс,soulflayer,1616,warrior,arms,127,51,76
Khireebonk,hyjal,1615,warrior,arms,36,24,12
Рекиро,blackscar,1615,warrior,arms,40,21,19
Gladius,ysera,1615,warrior,arms,86,43,43
Lewh,blackmoore,1615,warrior,arms,73,36,37
Lyarinsky,tyrande,1614,warrior,arms,102,61,41
Daigoro,ravencrest,1614,warrior,arms,30,17,13
Chàrgex,blackrock,1614,warrior,arms,64,30,34
Untiltèd,ravencrest,1613,warrior,arms,89,60,29
Extazsion,stormscale,1613,warrior,arms,35,20,15
Cirenax,draenor,1613,warrior,arms,60,31,29
Hamez,thunderhorn,1613,warrior,arms,70,34,36
Kwaiha,kazzak,1613,warrior,arms,80,37,43
Horsewarrior,stormscale,1613,warrior,arms,47,20,27
Aîdogar,ysondre,1612,warrior,arms,30,18,12
Rabaozi,blackhand,1612,warrior,arms,125,64,61
Maikouyes,archimonde,1612,warrior,arms,125,62,63
Архиватор,gordunni,1611,warrior,arms,120,64,56
Ïnahö,hyjal,1611,warrior,arms,36,19,17
Surthur,magtheridon,1611,warrior,arms,48,24,24
Lockmagewar,burning-legion,1611,warrior,arms,45,22,23
Diô,stormscale,1611,warrior,arms,47,21,26
Kfc,chamber-of-aspects,1610,warrior,arms,36,21,15
Куэсес,howling-fjord,1610,warrior,arms,39,19,20
Strife,ravencrest,1609,warrior,arms,81,51,30
Андреевич,blackscar,1609,warrior,arms,206,105,101
Enzja,nazjatar,1609,warrior,arms,54,25,29
Aixer,archimonde,1609,warrior,arms,40,18,22
Golmmash,draenor,1609,warrior,arms,80,33,47
Mävïs,ravencrest,1608,warrior,arms,84,46,38
Whoosah,ragnaros,1608,warrior,arms,105,54,51
Guts,frostwhisper,1608,warrior,arms,173,83,90
Caméltoe,frostwolf,1608,warrior,arms,149,70,79
Sjozug,tarren-mill,1608,warrior,arms,42,17,25
Jamakun,magtheridon,1607,warrior,arms,42,27,15
Diz,terokkar,1607,warrior,arms,103,64,39
Goldrage,archimonde,1607,warrior,arms,34,20,14
Únkqt,dalaran,1607,warrior,arms,63,35,28
Bursch,ravencrest,1607,warrior,arms,137,69,68
Vallahan,argent-dawn,1607,warrior,arms,291,146,145
Хоркан,blackscar,1607,warrior,arms,60,30,30
Krew,drakthul,1607,warrior,arms,78,38,40
Bigdstance,outland,1607,warrior,arms,72,33,39
Убитаякорова,soulflayer,1606,warrior,arms,36,20,16
Oppressíon,silvermoon,1606,warrior,arms,46,22,24
Takatoa,argent-dawn,1606,warrior,arms,54,23,31
Wasdwarr,aegwynn,1605,warrior,arms,68,39,29
Nameless,ysondre,1605,warrior,arms,72,41,31
Unbrauchbar,silvermoon,1605,warrior,arms,94,53,41
Arnoldr,ysondre,1605,warrior,arms,48,24,24
Nakro,hyjal,1604,warrior,arms,30,21,9
Ayraw,eredar,1604,warrior,arms,36,20,16
Ronoh,kazzak,1604,warrior,arms,42,23,19
Jakim,tarren-mill,1604,warrior,arms,154,77,77
Lazytowl,outland,1604,warrior,arms,130,65,65
Exoblade,silvermoon,1604,warrior,arms,76,35,41
Bigbanz,outland,1604,warrior,arms,66,30,36
Bloodx,archimonde,1603,warrior,arms,36,20,16
Zëhef,hyjal,1603,warrior,arms,132,70,62
Màb,antonidas,1603,warrior,arms,72,38,34
Атаир,deathweaver,1603,warrior,arms,64,32,32
Mypzo,kazzak,1603,warrior,arms,90,44,46
Buckiesøde,twisting-nether,1603,warrior,arms,36,17,19
Eskiler,burning-legion,1603,warrior,arms,54,23,31
Oweiko,blackrock,1602,warrior,arms,72,39,33
Eselhirte,blackmoore,1602,warrior,arms,85,46,39
Miz,dun-modr,1602,warrior,arms,45,23,22
Freelongx,stormscale,1602,warrior,arms,42,17,25
Wítts,ravencrest,1601,warrior,arms,30,20,10
Duncán,auchindoun,1601,warrior,arms,65,36,29
Kupr,outland,1601,warrior,arms,40,21,19
Khanox,twisting-nether,1601,warrior,arms,148,74,74
Crystallake,blackrock,1601,warrior,arms,114,52,62
Wtchmyblade,blackmoore,1600,warrior,arms,94,56,38
Sumprunkare,stormscale,1599,warrior,arms,52,29,23
Breaken,silvermoon,1599,warrior,arms,54,30,24
Jake,rajaxx,1598,warrior,arms,48,21,27
Bloodbrother,blackmoore,1597,warrior,arms,109,58,51
Sepuko,stormscale,1597,warrior,arms,90,44,46
Вагранна,soulflayer,1597,warrior,arms,54,26,28
Морнстар,gordunni,1597,warrior,arms,115,55,60
Кладбошаа,gordunni,1596,warrior,arms,138,70,68
Земибор,soulflayer,1596,warrior,arms,48,20,28
Arandyr,archimonde,1596,warrior,arms,60,24,36
Kobeni,ysondre,1595,warrior,arms,85,40,45
Dreadbanga,blackmoore,1595,warrior,arms,48,22,26
Tenvee,outland,1595,warrior,arms,42,19,23
Каниме,howling-fjord,1594,warrior,arms,24,18,6
Renbaka,marécage-de-zangar,1594,warrior,arms,30,19,11
Бурчун,deathguard,1594,warrior,arms,54,34,20
Богадорога,howling-fjord,1594,warrior,arms,60,31,29
Ayasana,argent-dawn,1593,warrior,arms,36,22,14
Phóó,thrall,1593,warrior,arms,72,32,40
Gargaflike,aggra-português,1593,warrior,arms,72,30,42
Knubbz,ravencrest,1592,warrior,arms,60,30,30
Haanok,ravencrest,1591,warrior,arms,59,34,25
Rankone,bladefist,1591,warrior,arms,41,20,21
Capitalista,das-konsortium,1591,warrior,arms,42,20,22
Troma,archimonde,1591,warrior,arms,53,22,31
Neoballac,uldum,1590,warrior,arms,54,24,30
Cráft,silvermoon,1589,warrior,arms,60,28,32
Rilor,burning-legion,1589,warrior,arms,124,53,71
Noitoved,outland,1589,warrior,arms,44,18,26
Thundersword,sylvanas,1589,warrior,arms,84,30,54
Balltas,drakthul,1588,warrior,arms,116,54,62
Btr,archimonde,1588,warrior,arms,42,19,23
Tyrax,blackrock,1587,warrior,arms,35,20,15
Riptack,anetheron,1587,warrior,arms,217,115,102
Gailko,sanguino,1587,warrior,arms,40,18,22
Endeawour,ravencrest,1586,warrior,arms,213,121,92
Aeldran,argent-dawn,1586,warrior,arms,48,25,23
Blondboomer,neptulon,1586,warrior,arms,48,21,27
Biggerer,blackrock,1586,warrior,arms,60,26,34
Köftemecx,blackrock,1585,warrior,arms,34,21,13
Aizy,blackhand,1585,warrior,arms,36,21,15
Eren,todeswache,1584,warrior,arms,78,42,36
Germantank,ravencrest,1584,warrior,arms,36,19,17
Bufdefstance,kazzak,1584,warrior,arms,86,43,43
Bérsérk,blackmoore,1583,warrior,arms,34,20,14
Fragmeista,ragnaros,1582,warrior,arms,36,17,19
Ragëë,tarren-mill,1581,warrior,arms,78,42,36
Lilgozga,stormscale,1581,warrior,arms,48,20,28
Rogersrage,ragnaros,1580,warrior,arms,72,40,32
Каосвар,howling-fjord,1579,warrior,arms,30,19,11
Solezte,tarren-mill,1579,warrior,arms,102,56,46
Ursakhan,sylvanas,1579,warrior,arms,39,19,20
Cãngo,die-todeskrallen,1578,warrior,arms,42,26,16
Tiwâz,eredar,1578,warrior,arms,93,50,43
Toroespaña,draenor,1578,warrior,arms,163,80,83
Люцц,gordunni,1577,warrior,arms,182,89,93
Денеур,gordunni,1577,warrior,arms,128,52,76
Sýkz,exodar,1577,warrior,arms,53,19,34
Vullgrîm,blackmoore,1576,warrior,arms,102,51,51
Taistelumage,stormreaver,1576,warrior,arms,35,17,18
Deadlyanger,kazzak,1575,warrior,arms,60,32,28
Furukawa,ravencrest,1575,warrior,arms,51,24,27
Oxay,alakir,1575,warrior,arms,70,30,40
Vilass,silvermoon,1574,warrior,arms,54,29,25
Kamilfury,burning-legion,1574,warrior,arms,70,30,40
Erotixboi,blackrock,1573,warrior,arms,48,29,19
Оргнар,ashenvale,1573,warrior,arms,48,27,21
Lpa,stormscale,1573,warrior,arms,71,37,34
Batïk,blackmoore,1573,warrior,arms,83,36,47
Racore,aegwynn,1572,warrior,arms,30,17,13
Анакронокс,howling-fjord,1572,warrior,arms,38,20,18
Чюнилингус,soulflayer,1572,warrior,arms,40,19,21
Vory,ravencrest,1571,warrior,arms,30,19,11
Напутанность,soulflayer,1571,warrior,arms,401,208,193
Reider,twisting-nether,1571,warrior,arms,149,63,86
Monbun,silvermoon,1570,warrior,arms,101,51,50
Мастерион,soulflayer,1570,warrior,arms,96,47,49
Isenstrider,burning-legion,1570,warrior,arms,54,23,31
Natis,drakthul,1570,warrior,arms,78,28,50
Celphboss,tarren-mill,1569,warrior,arms,63,36,27
Jailapatate,khaz-modan,1569,warrior,arms,48,26,22
Rîdler,ravencrest,1569,warrior,arms,193,97,96
Xanco,ravencrest,1569,warrior,arms,54,26,28
Devidz,outland,1569,warrior,arms,48,18,30
Арткес,gordunni,1568,warrior,arms,194,101,93
Jumpilawl,khaz-modan,1568,warrior,arms,116,51,65
Ganzaésábi,aggra-português,1567,warrior,arms,108,57,51
Gely,silvermoon,1566,warrior,arms,119,59,60
Гуорг,howling-fjord,1566,warrior,arms,87,39,48
Дейдулус,soulflayer,1566,warrior,arms,78,33,45
Serastul,rajaxx,1565,warrior,arms,86,42,44
Giganza,outland,1565,warrior,arms,66,29,37
Manoito,argent-dawn,1565,warrior,arms,60,25,35
Едигейй,gordunni,1564,warrior,arms,58,32,26
Ajax,defias-brotherhood,1564,warrior,arms,95,46,49
Letmeteachya,kazzak,1564,warrior,arms,96,46,50
Abrash,ysondre,1564,warrior,arms,90,43,47
Абырабыр,howling-fjord,1563,warrior,arms,30,18,12
Sobii,ravencrest,1563,warrior,arms,53,28,25
Wanzzeur,hyjal,1563,warrior,arms,114,59,55
Herigan,burning-legion,1563,warrior,arms,51,23,28
Cavo,drakthul,1563,warrior,arms,42,18,24
Otzi,sargeras,1563,warrior,arms,71,29,42
Gaisorg,die-aldor,1562,warrior,arms,31,20,11
Stepa,sylvanas,1562,warrior,arms,54,28,26
Lyes,uldaman,1562,warrior,arms,274,136,138
Cleopatra,frostwhisper,1561,warrior,arms,36,22,14
Pepegle,argent-dawn,1561,warrior,arms,54,31,23
Rongh,saurfang,1561,warrior,arms,36,17,19
Néxtlølz,twisting-nether,1561,warrior,arms,62,29,33
Айсиёу,howling-fjord,1561,warrior,arms,50,21,29
Daýz,draenor,1561,warrior,arms,48,18,30
Krîspie,archimonde,1560,warrior,arms,71,38,33
Протектор,soulflayer,1560,warrior,arms,60,29,31
Белхэнд,soulflayer,1560,warrior,arms,175,81,94
Dagouor,twisting-nether,1559,warrior,arms,93,48,45
Хэлслэйтэр,gordunni,1559,warrior,arms,130,65,65
Malgár,argent-dawn,1558,warrior,arms,59,30,29
Imfiñe,outland,1558,warrior,arms,125,60,65
Тише,deathweaver,1557,warrior,arms,60,29,31
Corlo,uldaman,1557,warrior,arms,92,40,52
Frcwar,kazzak,1555,warrior,arms,42,20,22
Громпузан,galakrond,1555,warrior,arms,66,31,35
Hivuka,blackhand,1554,warrior,arms,42,22,20
Mélindà,silvermoon,1553,warrior,arms,63,38,25
Xecutie,antonidas,1553,warrior,arms,77,40,37
Romanul,terokkar,1553,warrior,arms,138,70,68
Lrb,tarren-mill,1552,warrior,arms,121,59,62
Shirøx,blackrock,1550,warrior,arms,78,42,36
Kaîsaschnitt,malganis,1550,warrior,arms,125,67,58
Philatou,antonidas,1549,warrior,arms,53,29,24
Wardrior,stormscale,1549,warrior,arms,38,20,18
Bløødyshøcks,aggra-português,1549,warrior,arms,73,32,41
Шлифую,howling-fjord,1548,warrior,arms,49,31,18
Genjutsubeat,blackmoore,1548,warrior,arms,54,31,23
Shownomercy,blackrock,1547,warrior,arms,54,27,27
Arcreign,kazzak,1547,warrior,arms,96,47,49
Arowbaze,archimonde,1547,warrior,arms,66,28,38
Hortswarr,drakthul,1546,warrior,arms,43,26,17
Donfidel,tarren-mill,1546,warrior,arms,30,17,13
Trenôdeca,stormscale,1546,warrior,arms,48,23,25
Alexandrrior,rexxar,1546,warrior,arms,114,53,61
Sahl,sylvanas,1545,warrior,arms,172,85,87
Morthôr,grim-batol,1545,warrior,arms,69,34,35
Maniackz,tarren-mill,1544,warrior,arms,36,19,17
Massiveape,argent-dawn,1544,warrior,arms,69,35,34
Мираксус,soulflayer,1544,warrior,arms,36,18,18
Warmâchine,burning-legion,1544,warrior,arms,207,95,112
Huullkk,nazjatar,1543,warrior,arms,84,40,44
Lücifer,dun-modr,1542,warrior,arms,48,34,14
Kestialezin,archimonde,1542,warrior,arms,78,50,28
Martins,doomhammer,1542,warrior,arms,75,37,38
Wrynir,archimonde,1541,warrior,arms,78,38,40
Лагалиер,borean-tundra,1540,warrior,arms,27,18,9
Rakuna,tarren-mill,1540,warrior,arms,114,55,59
Jeonsoyeon,argent-dawn,1540,warrior,arms,36,17,19
Nuclearrage,outland,1539,warrior,arms,73,35,38
Farrusco,nemesis,1538,warrior,arms,113,58,55
ßamßam,draenor,1538,warrior,arms,58,29,29
Alexamazing,lordaeron,1538,warrior,arms,79,37,42
Boldinq,ravencrest,1538,warrior,arms,117,51,66
Valíon,outland,1537,warrior,arms,112,64,48
Zhulgar,azjolnerub,1537,warrior,arms,60,32,28
Stancenation,draenor,1537,warrior,arms,70,31,39
Grántor,eredar,1536,warrior,arms,72,38,34
Èzekiel,dalaran,1536,warrior,arms,90,46,44
Kleidaria,stormscale,1536,warrior,arms,44,22,22
Khalen,grim-batol,1536,warrior,arms,36,18,18
Armsbull,twisting-nether,1536,warrior,arms,66,32,34
Skorz,kazzak,1536,warrior,arms,48,22,26
Beanzz,blackmoore,1535,warrior,arms,30,17,13
Bstgame,frostmane,1535,warrior,arms,36,17,19
Hobo,ravencrest,1535,warrior,arms,71,32,39
Gigasmash,pozzo-delleternità,1533,warrior,arms,150,70,80
Hollydeffs,blackmoore,1533,warrior,arms,78,35,43
Бигдэмс,soulflayer,1533,warrior,arms,36,16,20
Pishpy,sylvanas,1532,warrior,arms,38,19,19
Trashman,bronzebeard,1531,warrior,arms,114,55,59
Êphêý,kazzak,1530,warrior,arms,36,16,20
Zøllka,dalaran,1530,warrior,arms,52,23,29
Ssnakeess,silvermoon,1529,warrior,arms,84,46,38
Áäáäáäáä,aegwynn,1529,warrior,arms,30,16,14
Proxxyyqt,blackrock,1529,warrior,arms,68,30,38
Сеш,lich-king,1528,warrior,arms,168,82,86
Waf,hakkar,1527,warrior,arms,108,61,47
Mentôr,sargeras,1527,warrior,arms,41,21,20
Nexpwns,blackhand,1527,warrior,arms,153,78,75
Ragetotem,doomhammer,1527,warrior,arms,38,18,20
Refl,kazzak,1527,warrior,arms,60,27,33
Lollydhur,nemesis,1526,warrior,arms,66,34,32
Bumoletroll,draenor,1526,warrior,arms,33,17,16
Riann,silvermoon,1526,warrior,arms,54,25,29
Skokuxx,silvermoon,1525,warrior,arms,155,73,82
Battlemaster,die-aldor,1525,warrior,arms,40,18,22
Heltslut,tarren-mill,1525,warrior,arms,72,30,42
Лотрранк,gordunni,1525,warrior,arms,60,24,36
Pra,antonidas,1524,warrior,arms,66,40,26
Icekissx,hyjal,1524,warrior,arms,135,69,66
Skullrage,tarren-mill,1523,warrior,arms,53,22,31
Zheq,ragnaros,1522,warrior,arms,30,16,14
Shrekwarr,kazzak,1522,warrior,arms,137,67,70
Stormcoil,stormscale,1521,warrior,arms,47,24,23
Norwegian,silvermoon,1521,warrior,arms,80,37,43
Xorlog,thrall,1520,warrior,arms,41,24,17
Devilpanic,outland,1520,warrior,arms,30,16,14
Greenpanzer,archimonde,1520,warrior,arms,57,30,27
Execútioner,sylvanas,1520,warrior,arms,59,30,29
Gorocpt,doomhammer,1520,warrior,arms,68,33,35
Gervvand,burning-legion,1519,warrior,arms,48,26,22
Мэйрил,lich-king,1519,warrior,arms,190,99,91
Nighat,sanguino,1519,warrior,arms,162,83,79
Hazzael,ravencrest,1519,warrior,arms,126,63,63
Äzathoth,silvermoon,1519,warrior,arms,66,31,35
Стенденсх,howling-fjord,1519,warrior,arms,41,19,22
Marablind,drakthul,1519,warrior,arms,36,16,20
Kekrah,burning-legion,1519,warrior,arms,47,18,29
Authar,tarren-mill,1518,warrior,arms,61,33,28
Elyozz,silvermoon,1518,warrior,arms,78,42,36
Yukizz,ravencrest,1518,warrior,arms,30,16,14
Khemen,kazzak,1517,warrior,arms,54,29,25
Адво,gordunni,1517,warrior,arms,96,50,46
Bullrug,blackrock,1517,warrior,arms,58,29,29
Nàsher,frostwolf,1517,warrior,arms,109,51,58
Savedsky,zuljin,1517,warrior,arms,48,16,32
Trilon,blackrock,1516,warrior,arms,50,21,29
Kèrrysmâsh,blackrock,1515,warrior,arms,66,39,27
Lepka,drakthul,1515,warrior,arms,84,44,40
Spärtan,dun-modr,1515,warrior,arms,66,34,32
Skeletor,draenor,1515,warrior,arms,61,30,31
Gipsyjoe,ragnaros,1515,warrior,arms,82,39,43
Gravityfalls,blackmoore,1514,warrior,arms,114,57,57
Vayndral,kazzak,1514,warrior,arms,78,39,39
Laavapoeg,outland,1514,warrior,arms,48,23,25
Bävling,kazzak,1512,warrior,arms,49,27,22
Mezugzugyou,draenor,1512,warrior,arms,44,23,21
Caltan,wildhammer,1512,warrior,arms,36,18,18
Thaldrys,blackhand,1512,warrior,arms,167,81,86
Скрежет,gordunni,1512,warrior,arms,66,32,34
Бизэмэйкер,gordunni,1512,warrior,arms,36,17,19
Угхпах,soulflayer,1512,warrior,arms,36,16,20
Ødên,frostmane,1511,warrior,arms,30,16,14
Ilovealma,kiljaeden,1511,warrior,arms,65,29,36
Scormash,burning-legion,1510,warrior,arms,36,16,20
Mazzkze,silvermoon,1509,warrior,arms,237,122,115
Gantsrip,stormscale,1509,warrior,arms,52,24,28
Tinkaton,sylvanas,1509,warrior,arms,36,16,20
Zeepp,ravencrest,1509,warrior,arms,66,26,40
Тритиан,soulflayer,1508,warrior,arms,76,38,38
Melliug,ysondre,1508,warrior,arms,48,20,28
Nøsyo,blackrock,1507,warrior,arms,30,18,12
Üs,ravencrest,1507,warrior,arms,65,35,30
Garwarr,twisting-nether,1507,warrior,arms,43,22,21
Miodrag,kazzak,1507,warrior,arms,36,17,19
Sonìe,kazzak,1506,warrior,arms,89,51,38
Notinfa,draenor,1506,warrior,arms,138,73,65
Nyokosuzi,grim-batol,1506,warrior,arms,84,39,45
Ariéz,tarren-mill,1505,warrior,arms,46,25,21
Zergalot,stormscale,1505,warrior,arms,35,17,18
Haraldjuhnke,frostwolf,1505,warrior,arms,76,35,41
Micromachine,argent-dawn,1505,warrior,arms,60,22,38
Ckx,kazzak,1504,warrior,arms,38,24,14
Tweran,drakthul,1504,warrior,arms,30,16,14
Pied,krasus,1504,warrior,arms,36,19,17
Тэйкмисофтли,blackscar,1504,warrior,arms,54,28,26
Мэднас,howling-fjord,1504,warrior,arms,120,62,58
Волрок,howling-fjord,1504,warrior,arms,67,34,33
Pptickler,argent-dawn,1504,warrior,arms,83,41,42
Raakalainen,vashj,1504,warrior,arms,59,29,30
Grezlyk,drakthul,1504,warrior,arms,107,50,57
Bhallts,twisting-nether,1504,warrior,arms,42,16,26
Savh,silvermoon,1503,warrior,arms,48,28,20
Dafrang,kazzak,1503,warrior,arms,72,34,38
Бижек,gordunni,1503,warrior,arms,66,31,35
Дагмар,howling-fjord,1503,warrior,arms,66,31,35
Craghak,twisting-nether,1502,warrior,arms,175,88,87
Geforce,hellscream,1502,warrior,arms,190,94,96
Кизуми,gordunni,1502,warrior,arms,81,38,43
Alyx,mugthol,1501,warrior,arms,104,54,50
Агрегат,goldrinn,1501,warrior,arms,77,34,43
Räzorleaf,kul-tiras,1500,warrior,arms,102,53,49
Derentis,echsenkessel,1500,warrior,arms,216,105,111
Рыгулька,gordunni,1500,warrior,arms,198,96,102
Asuramaru,aegwynn,1499,warrior,arms,89,47,42
Ricovega,kazzak,1498,warrior,arms,30,17,13
Грэйм,gordunni,1498,warrior,arms,64,33,31
Ragnou,tarren-mill,1498,warrior,arms,82,38,44
Crriminal,ravencrest,1498,warrior,arms,48,20,28
Lolpuîk,archimonde,1497,warrior,arms,54,24,30
Pezuñaloca,shendralar,1496,warrior,arms,96,56,40
Дозен,soulflayer,1496,warrior,arms,46,26,20
Wazraf,khaz-modan,1496,warrior,arms,186,92,94
Axetomouth,blackrock,1495,warrior,arms,54,28,26
Grimzot,ragnaros,1495,warrior,arms,66,32,34
Párta,ravencrest,1495,warrior,arms,46,22,24
Blackwólf,bloodhoof,1495,warrior,arms,172,81,91
Arktharion,antonidas,1495,warrior,arms,60,28,32
Киллдекс,gordunni,1495,warrior,arms,96,43,53
Думхаммер,howling-fjord,1494,warrior,arms,77,44,33
Рэмпи,soulflayer,1494,warrior,arms,32,17,15
Thiccbra,burning-legion,1494,warrior,arms,66,34,32
Shadowbôxer,onyxia,1494,warrior,arms,68,35,33
Whátsup,stormscale,1494,warrior,arms,48,24,24
Fáro,ravencrest,1494,warrior,arms,46,19,27
Aurélus,rexxar,1493,warrior,arms,36,22,14
Ardmoo,burning-legion,1493,warrior,arms,59,31,28
Dárkhammer,tarren-mill,1493,warrior,arms,102,50,52
Jonukas,argent-dawn,1493,warrior,arms,54,23,31
Vauster,draenor,1492,warrior,arms,68,37,31
Ммайдаен,goldrinn,1492,warrior,arms,66,32,34
Josgrout,silvermoon,1492,warrior,arms,70,33,37
Starscourge,tarren-mill,1491,warrior,arms,53,43,10
Brutøs,conseil-des-ombres,1491,warrior,arms,48,25,23
Pumpadzhîja,outland,1491,warrior,arms,66,32,34
Каргром,howling-fjord,1491,warrior,arms,39,18,21
Séphi,archimonde,1491,warrior,arms,54,24,30
Picciocino,nemesis,1491,warrior,arms,88,36,52
Hùmøngöúslåm,ravencrest,1490,warrior,arms,30,19,11
Gozga,twisting-nether,1490,warrior,arms,159,79,80
Bucketheadde,thrall,1490,warrior,arms,42,16,26
Hefthyn,sanguino,1489,warrior,arms,42,23,19
Succel,drakthul,1489,warrior,arms,36,18,18
Medaur,frostmane,1488,warrior,arms,102,55,47
Шеломвар,gordunni,1488,warrior,arms,42,17,25
Teronth,burning-legion,1488,warrior,arms,48,17,31
Hindbærsaft,stormscale,1487,warrior,arms,55,32,23
Divyx,tarren-mill,1487,warrior,arms,85,43,42
Bloodrain,twilights-hammer,1487,warrior,arms,68,34,34
Zaurzyfang,burning-legion,1487,warrior,arms,42,21,21
Nukebomb,dun-modr,1487,warrior,arms,60,29,31
Paow,tarren-mill,1487,warrior,arms,41,19,22
Сика,blackscar,1487,warrior,arms,66,30,36
Cryonix,drakthul,1486,warrior,arms,61,33,28
Jimei,temple-noir,1486,warrior,arms,30,16,14
Reider,kazzak,1486,warrior,arms,63,33,30
Conanh,pozzo-delleternità,1486,warrior,arms,164,85,79
Голдибитч,gordunni,1486,warrior,arms,84,41,43
Нунара,eversong,1486,warrior,arms,59,27,32
Lægend,hyjal,1485,warrior,arms,140,74,66
Mfdoöm,draenor,1485,warrior,arms,149,73,76
Nainculay,kaelthas,1485,warrior,arms,48,23,25
Tarkosha,terokkar,1484,warrior,arms,537,268,269
Omgihithard,draenor,1484,warrior,arms,57,28,29
Fizzywarrior,blackmoore,1484,warrior,arms,63,29,34
Golonko,burning-legion,1483,warrior,arms,42,25,17
Lortèn,stormscale,1482,warrior,arms,48,24,24
Grroom,tarren-mill,1482,warrior,arms,59,28,31
Stormfist,tarren-mill,1481,warrior,arms,60,33,27
Runhex,veknilash,1481,warrior,arms,53,26,27
Flawla,blackmoore,1481,warrior,arms,63,29,34
Dragoons,tyrande,1481,warrior,arms,86,37,49
Daelator,ravencrest,1480,warrior,arms,56,30,26
Gramr,silvermoon,1480,warrior,arms,71,36,35
Nurfbolt,kazzak,1480,warrior,arms,41,19,22
Ansi,argent-dawn,1480,warrior,arms,72,31,41
Altimáte,antonidas,1479,warrior,arms,30,18,12
Равахим,soulflayer,1479,warrior,arms,36,18,18
Luffydono,stormscale,1479,warrior,arms,107,47,60
Gromkarg,draenor,1479,warrior,arms,72,27,45
Cryhoof,ragnaros,1478,warrior,arms,117,58,59
Slidmacka,twisting-nether,1478,warrior,arms,109,47,62
Lezgar,ragnaros,1477,warrior,arms,24,18,6
Boshim,ravencrest,1477,warrior,arms,36,20,16
Trajkovic,ravencrest,1477,warrior,arms,214,116,98
Нетконечно,howling-fjord,1477,warrior,arms,38,19,19
Bracki,ysondre,1477,warrior,arms,46,21,25
Trenbullone,kazzak,1476,warrior,arms,51,32,19
Suchasosuck,twisting-nether,1476,warrior,arms,221,118,103
Ràkar,stormscale,1476,warrior,arms,66,32,34
Pajalousta,elune,1476,warrior,arms,102,47,55
Vegilhenvin,stormscale,1476,warrior,arms,57,24,33
Argaskurken,ravencrest,1475,warrior,arms,72,35,37
Reidunøks,kazzak,1474,warrior,arms,131,65,66
Leomance,hyjal,1473,warrior,arms,30,18,12
Chaosedge,terokkar,1473,warrior,arms,48,23,25
Melfis,aegwynn,1471,warrior,arms,40,21,19
Rohc,kazzak,1471,warrior,arms,94,44,50
Vurux,blackrock,1470,warrior,arms,26,17,9
Henco,twisting-nether,1470,warrior,arms,30,16,14
Zyzy,arathor,1470,warrior,arms,48,24,24
Gíu,blackhand,1469,warrior,arms,29,17,12
Marcnky,stormscale,1469,warrior,arms,157,80,77
Maidenlless,ravencrest,1469,warrior,arms,182,90,92
Clellin,silvermoon,1469,warrior,arms,75,37,38
Hellzint,sanguino,1469,warrior,arms,327,158,169
Deadlycalm,blackrock,1469,warrior,arms,132,63,69
Garrodan,doomhammer,1469,warrior,arms,42,17,25
Størpïx,drakthul,1468,warrior,arms,72,42,30
Брюслипве,gordunni,1468,warrior,arms,36,16,20
Monforte,silvermoon,1468,warrior,arms,44,18,26
Pelicos,grim-batol,1467,warrior,arms,36,20,16
Heubba,hyjal,1467,warrior,arms,42,16,26
Drushíí,shattrath,1466,warrior,arms,77,39,38
Crissx,silvermoon,1465,warrior,arms,145,73,72
Jastreb,blackrock,1465,warrior,arms,54,18,36
Заверчу,soulflayer,1464,warrior,arms,66,34,32
Vohnkar,emeriss,1463,warrior,arms,96,43,53
Thâarnar,frostwolf,1463,warrior,arms,48,21,27
Bumbx,kazzak,1462,warrior,arms,64,36,28
Nèssa,outland,1462,warrior,arms,41,16,25
Gorejaws,draenor,1461,warrior,arms,30,19,11
Hôrn,stormscale,1461,warrior,arms,66,37,29
Абабоба,gordunni,1460,warrior,arms,106,55,51
Азаргатан,soulflayer,1460,warrior,arms,62,31,31
Shædøw,archimonde,1460,warrior,arms,40,19,21
Enface,ragnaros,1458,warrior,arms,46,25,21
Bigboibeeper,draenor,1458,warrior,arms,90,45,45
Psixi,stormscale,1458,warrior,arms,36,17,19
Lisztomaniak,outland,1458,warrior,arms,55,22,33
Арбузикхаха,soulflayer,1457,warrior,arms,38,19,19
Ènteqt,antonidas,1456,warrior,arms,61,39,22
Настрамо,gordunni,1456,warrior,arms,30,16,14
Phenowarri,blackhand,1456,warrior,arms,115,60,55
Crangle,draenor,1456,warrior,arms,63,29,34
Phovoss,stormscale,1456,warrior,arms,96,40,56
Лисерк,howling-fjord,1456,warrior,arms,42,16,26
Weareinspace,stormscale,1455,warrior,arms,75,44,31
Zarad,stormreaver,1455,warrior,arms,35,19,16
Bluto,dunemaul,1455,warrior,arms,241,120,121
Velinde,outland,1455,warrior,arms,52,24,28
Mljecho,kazzak,1454,warrior,arms,185,95,90
Dundulinka,outland,1454,warrior,arms,117,59,58
Friskos,dalaran,1454,warrior,arms,124,58,66
Ladoz,ragnaros,1454,warrior,arms,48,22,26
Meistarinn,draenor,1454,warrior,arms,60,22,38
Zaatar,draenor,1453,warrior,arms,202,108,94
Гопниг,deepholm,1453,warrior,arms,119,56,63
Yeahq,kazzak,1453,warrior,arms,144,65,79
Bonnaventure,hyjal,1452,warrior,arms,144,77,67
Calmdownbrú,frostmane,1452,warrior,arms,71,35,36
Liper,silvermoon,1452,warrior,arms,157,77,80
Ollyaa,ravencrest,1451,warrior,arms,42,21,21
Lachandrius,blackhand,1451,warrior,arms,119,57,62
Mecaguarro,dun-modr,1450,warrior,arms,30,20,10
Гардринг,howling-fjord,1450,warrior,arms,102,59,43
Scarloc,archimonde,1450,warrior,arms,92,42,50
Mordeukay,hyjal,1450,warrior,arms,42,18,24
Miko,ysondre,1449,warrior,arms,120,56,64
Audítóre,proudmoore,1449,warrior,arms,48,22,26
Dødsdonny,draenor,1448,warrior,arms,59,36,23
Prolyx,doomhammer,1448,warrior,arms,36,20,16
Peack,ravencrest,1448,warrior,arms,190,99,91
Horizonx,blackrock,1448,warrior,arms,65,33,32
Doba,madmortem,1448,warrior,arms,89,42,47
Wargak,stormscale,1448,warrior,arms,36,16,20
Norinhell,ravencrest,1448,warrior,arms,48,20,28
Jigsar,argent-dawn,1447,warrior,arms,111,63,48
Gakgora,twisting-nether,1447,warrior,arms,36,18,18
Mërkürÿ,draenor,1447,warrior,arms,36,18,18
Billorc,twisting-nether,1447,warrior,arms,117,53,64
Endan,kelthuzad,1446,warrior,arms,66,37,29
Bôris,argent-dawn,1446,warrior,arms,31,17,14
Dokô,twisting-nether,1446,warrior,arms,72,36,36
Megtorló,ragnaros,1445,warrior,arms,80,40,40
Мерсилессх,gordunni,1445,warrior,arms,90,43,47
Zhadsnark,blackrock,1444,warrior,arms,26,16,10
Yoilenno,argent-dawn,1444,warrior,arms,42,23,19
Crayz,twisting-nether,1444,warrior,arms,60,27,33
Разрубателл,soulflayer,1444,warrior,arms,60,27,33
Дообрыйшмель,soulflayer,1443,warrior,arms,51,32,19
Daminia,aegwynn,1443,warrior,arms,36,22,14
Krodunn,argent-dawn,1443,warrior,arms,35,16,19
Рагаксес,blackscar,1443,warrior,arms,82,36,46
Nucleargrab,twilights-hammer,1442,warrior,arms,193,97,96
Raznon,magtheridon,1442,warrior,arms,54,24,30
Jumbodolmen,tarren-mill,1441,warrior,arms,48,26,22
Gnomop,ravencrest,1441,warrior,arms,42,20,22
Эпитафорх,blackscar,1440,warrior,arms,29,16,13
Karimlebrave,hyjal,1440,warrior,arms,68,33,35
Tucomessuelo,cthun,1439,warrior,arms,53,29,24
Greekazi,kazzak,1439,warrior,arms,75,39,36
Tmp,blackrock,1439,warrior,arms,60,30,30
Ricssonz,burning-legion,1439,warrior,arms,60,29,31
Okoru,stormscale,1439,warrior,arms,69,30,39
Makerrw,ravencrest,1438,warrior,arms,50,26,24
Иктиннос,gordunni,1438,warrior,arms,106,52,54
Чпокерз,gordunni,1438,warrior,arms,88,43,45
Sebeastian,ravencrest,1438,warrior,arms,66,32,34
Ríta,silvermoon,1438,warrior,arms,48,22,26
Juggawumba,kazzak,1438,warrior,arms,72,31,41
Pyrit,blackhand,1437,warrior,arms,18,15,3
Мадс,howling-fjord,1437,warrior,arms,18,15,3
Garouzo,hellfire,1437,warrior,arms,64,32,32
Gìlgamesh,dun-modr,1437,warrior,arms,121,59,62
Ryle,anubarak,1437,warrior,arms,136,60,76
Anarki,kaelthas,1437,warrior,arms,50,19,31
Banshe,ragnaros,1437,warrior,arms,48,16,32
Мираккл,borean-tundra,1436,warrior,arms,24,15,9
Aza,burning-blade,1436,warrior,arms,42,23,19
Rutch,hyjal,1436,warrior,arms,66,34,32
Varyian,sporeggar,1436,warrior,arms,131,59,72
Сладкаяхурма,howling-fjord,1436,warrior,arms,42,15,27
Zames,ravencrest,1435,warrior,arms,36,20,16
Alopunch,kazzak,1435,warrior,arms,69,36,33
Hackamore,suramar,1435,warrior,arms,102,49,53
Mograinê,blackmoore,1434,warrior,arms,126,66,60
Ingensan,lightbringer,1434,warrior,arms,92,48,44
Dzvenyhora,darkspear,1434,warrior,arms,96,44,52
Razoo,stormscale,1434,warrior,arms,72,33,39
Dafok,rashgarroth,1434,warrior,arms,42,19,23
Détaire,archimonde,1433,warrior,arms,24,15,9
Буккакеньер,gordunni,1433,warrior,arms,30,15,15
Slunecniq,azjolnerub,1433,warrior,arms,63,28,35
Илди,soulflayer,1433,warrior,arms,36,15,21
Enragemfck,outland,1432,warrior,arms,24,15,9
Luküs,dun-modr,1431,warrior,arms,76,36,40
Хеула,gordunni,1431,warrior,arms,36,15,21
Dragão,kazzak,1431,warrior,arms,42,17,25
Otiep,blackmoore,1430,warrior,arms,36,24,12
Mòrdréd,kazzak,1430,warrior,arms,36,18,18
Wolvéshôwl,aegwynn,1430,warrior,arms,79,33,46
Hellrokk,drakthul,1429,warrior,arms,30,18,12
Spijkerbroek,alakir,1429,warrior,arms,365,181,184
Architectman,twisting-nether,1429,warrior,arms,131,63,68
Irén,hellfire,1429,warrior,arms,69,32,37
Gorzan,dragonmaw,1429,warrior,arms,71,31,40
Ormert,sylvanas,1429,warrior,arms,42,18,24
Hellespont,hellscream,1429,warrior,arms,113,42,71
Garroxx,blackrock,1429,warrior,arms,42,15,27
Варгана,soulflayer,1428,warrior,arms,106,52,54
Keksspec,ungoro,1428,warrior,arms,60,25,35
Spridan,ravencrest,1428,warrior,arms,42,15,27
Âwfulwarriør,blackhand,1427,warrior,arms,24,15,9
Аузерг,soulflayer,1427,warrior,arms,39,21,18
Evosk,drakthul,1427,warrior,arms,30,15,15
Wyes,kazzak,1427,warrior,arms,79,39,40
Кефтеме,fordragon,1427,warrior,arms,159,77,82
Суицидгодх,howling-fjord,1427,warrior,arms,65,31,34
Alinash,aegwynn,1427,warrior,arms,51,24,27
Arreat,chogall,1427,warrior,arms,130,59,71
Лютобор,gordunni,1427,warrior,arms,51,23,28
Hitmanler,frostmane,1426,warrior,arms,48,24,24
Ayelsyssup,silvermoon,1426,warrior,arms,145,72,73
Bráïnléss,silvermoon,1426,warrior,arms,36,17,19
Ugardosh,burning-legion,1426,warrior,arms,46,18,28
Kriegernuss,blackmoore,1425,warrior,arms,49,28,21
Трафалльгар,gordunni,1425,warrior,arms,152,82,70
Rightversion,sylvanas,1425,warrior,arms,30,15,15
Staribrko,outland,1425,warrior,arms,278,137,141
Zerberos,drakthul,1425,warrior,arms,76,37,39
Albwarr,kazzak,1425,warrior,arms,36,15,21
Alpairx,aegwynn,1425,warrior,arms,50,18,32
Raizy,frostwolf,1424,warrior,arms,126,67,59
Ordwinz,silvermoon,1424,warrior,arms,98,50,48
Pakusrage,defias-brotherhood,1424,warrior,arms,86,40,46
Thickslam,argent-dawn,1424,warrior,arms,64,29,35
Lostbull,kazzak,1424,warrior,arms,42,18,24
Инелутабл,eversong,1423,warrior,arms,29,19,10
Deviousjr,ragnaros,1423,warrior,arms,28,16,12
Beelzebuu,blackhand,1423,warrior,arms,109,58,51
Murandin,outland,1423,warrior,arms,36,19,17
Onee,terrordar,1423,warrior,arms,67,35,32
Sorosterv,twisting-nether,1423,warrior,arms,71,37,34
Ball,zirkel-des-cenarius,1423,warrior,arms,131,67,64
Уэсгар,blackscar,1423,warrior,arms,48,15,33
Piksitron,silvermoon,1422,warrior,arms,114,69,45
Petrixens,drakthul,1422,warrior,arms,48,26,22
Ahzrok,draenor,1422,warrior,arms,72,37,35
Dranush,onyxia,1422,warrior,arms,297,152,145
Zkou,wrathbringer,1422,warrior,arms,42,15,27
Smoothbrian,ravencrest,1421,warrior,arms,24,15,9
Judditsbx,draenor,1421,warrior,arms,41,22,19
Tarbhfathach,draenor,1421,warrior,arms,48,25,23
Sanca,naxxramas,1421,warrior,arms,36,15,21
Skumslag,blackmoore,1421,warrior,arms,42,15,27
Fokra,draenor,1420,warrior,arms,54,32,22
Jáson,kazzak,1420,warrior,arms,71,33,38
Gnomeð,blackrock,1420,warrior,arms,39,17,22
Dargonedt,blackrock,1420,warrior,arms,42,18,24
Ähäkutti,frostmane,1419,warrior,arms,77,44,33
Zellxd,stormscale,1418,warrior,arms,36,20,16
Madkill,twisting-nether,1418,warrior,arms,30,16,14
Nyamnyamnyam,blackmoore,1418,warrior,arms,35,15,20
Josem,sanguino,1418,warrior,arms,39,16,23
Jesperharle,ravencrest,1417,warrior,arms,29,15,14
Gridra,dun-morogh,1417,warrior,arms,60,28,32
Hoomeer,sylvanas,1417,warrior,arms,78,36,42
Alborozie,archimonde,1417,warrior,arms,60,27,33
Umadyeh,stormscale,1416,warrior,arms,28,18,10
Nuahka,blackmoore,1416,warrior,arms,28,17,11
Leroxius,ragnaros,1416,warrior,arms,168,86,82
Llestatl,hyjal,1416,warrior,arms,83,42,41
Frams,draenor,1415,warrior,arms,23,15,8
Ciocaboca,draenor,1415,warrior,arms,30,17,13
Informatica,doomhammer,1415,warrior,arms,54,27,27
Markorok,kazzak,1415,warrior,arms,30,15,15
Zugzugernaut,stormscale,1415,warrior,arms,36,16,20
Flurie,sylvanas,1415,warrior,arms,46,20,26
Shoesmith,outland,1415,warrior,arms,144,62,82
Daddie,silvermoon,1415,warrior,arms,51,21,30
Madaxe,kazzak,1414,warrior,arms,24,20,4
Nezruslone,dun-modr,1414,warrior,arms,41,30,11
Pikkemaát,stormscale,1414,warrior,arms,29,17,12
Berzzerker,tarren-mill,1414,warrior,arms,66,35,31
Arithael,dun-modr,1414,warrior,arms,264,134,130
Дзертуф,fordragon,1414,warrior,arms,30,15,15
Moowar,defias-brotherhood,1414,warrior,arms,42,20,22
Shïn,kaelthas,1414,warrior,arms,66,26,40
Nøcturnaqq,silvermoon,1413,warrior,arms,72,34,38
Smashtv,ragnaros,1413,warrior,arms,45,20,25
Oruka,mannoroth,1412,warrior,arms,48,27,21
Hundar,archimonde,1412,warrior,arms,102,56,46
Adzipotlewap,burning-legion,1412,warrior,arms,54,27,27
Orcanism,nozdormu,1411,warrior,arms,113,62,51
Гетрайт,galakrond,1411,warrior,arms,43,23,20
Vratranzhul,kirin-tor,1411,warrior,arms,229,108,121
Латексник,booty-bay,1411,warrior,arms,63,26,37
Kantarion,stormscale,1411,warrior,arms,54,22,32
Пиапиа,gordunni,1410,warrior,arms,24,15,9
Hamonbophis,kirin-tor,1410,warrior,arms,30,17,13
Suksori,kazzak,1410,warrior,arms,30,15,15
Ødräcîë,silvermoon,1410,warrior,arms,30,15,15
Паракур,soulflayer,1410,warrior,arms,84,40,44
Слуфен,galakrond,1410,warrior,arms,42,20,22
Эксихард,gordunni,1409,warrior,arms,78,34,44
Ferpylél,ragnaros,1408,warrior,arms,31,17,14
Malalulu,burning-legion,1408,warrior,arms,169,83,86
Deadyet,mugthol,1407,warrior,arms,24,15,9
Yuriko,onyxia,1407,warrior,arms,48,25,23
Totenkrieger,draenor,1406,warrior,arms,30,15,15
Nocton,blackhand,1406,warrior,arms,72,35,37
Svënja,ysondre,1406,warrior,arms,150,67,83
Spargebuci,draenor,1406,warrior,arms,48,17,31
Juoppó,tarren-mill,1405,warrior,arms,134,68,66
Juicyglutes,turalyon,1405,warrior,arms,30,15,15
Goldins,drakthul,1405,warrior,arms,71,34,37
Esegryel,argent-dawn,1405,warrior,arms,65,26,39
Tealbell,chamber-of-aspects,1404,warrior,arms,155,81,74
Gritch,ysondre,1404,warrior,arms,30,15,15
Ashecröft,sylvanas,1404,warrior,arms,36,15,21
Неосим,gordunni,1403,warrior,arms,48,29,19
Bjösk,stormscale,1403,warrior,arms,45,23,22
Kàinen,nemesis,1403,warrior,arms,60,29,31
Авентадорх,deathguard,1403,warrior,arms,131,58,73
Mgw,blackrock,1402,warrior,arms,30,17,13
Booj,silvermoon,1402,warrior,arms,78,39,39
Cutting,burning-legion,1402,warrior,arms,61,29,32
Fraggiz,auchindoun,1402,warrior,arms,36,16,20
Luusto,stormscale,1402,warrior,arms,60,26,34
Hílfiger,kazzak,1402,warrior,arms,71,29,42
Saofang,twisting-nether,1401,warrior,arms,30,15,15
Андэрс,gordunni,1401,warrior,arms,124,59,65
Северот,deepholm,1401,warrior,arms,35,16,19
Bloodmyst,kazzak,1401,warrior,arms,60,27,33
Strapnslap,argent-dawn,1401,warrior,arms,107,48,59
Tamesulo,silvermoon,1401,warrior,arms,59,26,33
Peldreas,silvermoon,1400,warrior,arms,64,31,33
Казгримм,howling-fjord,1400,warrior,arms,48,23,25
Caelgarn,twisting-nether,1399,warrior,arms,45,27,18
Synrosh,hyjal,1399,warrior,arms,39,23,16
Grimoire,drakthul,1399,warrior,arms,32,17,15
Srbinator,turalyon,1399,warrior,arms,149,74,75
Sidiøøus,hyjal,1399,warrior,arms,66,31,35
Zíreael,ravencrest,1399,warrior,arms,53,22,31
Fion,kult-der-verdammten,1398,warrior,arms,37,17,20
Atälànte,ysondre,1397,warrior,arms,42,25,17
Démigodx,stormscale,1397,warrior,arms,46,19,27
Zarakï,zuljin,1396,warrior,arms,72,31,41
Èscøbar,dalaran,1396,warrior,arms,57,24,33
Doxinator,silvermoon,1396,warrior,arms,81,33,48
Nevergladx,kazzak,1396,warrior,arms,57,23,34
ßladex,azshara,1395,warrior,arms,47,27,20
Orwêll,uldum,1395,warrior,arms,182,91,91
Rodenet,dun-modr,1395,warrior,arms,66,33,33
Mortalgrim,ravencrest,1395,warrior,arms,58,29,29
Zbra,draenor,1395,warrior,arms,65,32,33
Lokkara,blackrock,1395,warrior,arms,44,19,25
Вениамин,deathweaver,1395,warrior,arms,71,29,42
Bládez,ravencrest,1394,warrior,arms,66,36,30
Dolphini,argent-dawn,1394,warrior,arms,52,23,29
Akenrun,eredar,1394,warrior,arms,64,28,36
Royoxo,blackrock,1393,warrior,arms,59,31,28
Hørror,nemesis,1392,warrior,arms,60,30,30
Алексвайтт,gordunni,1391,warrior,arms,47,23,24
Worstplàyer,tarren-mill,1391,warrior,arms,48,22,26
Крискинпи,deathguard,1391,warrior,arms,42,19,23
Astven,blackmoore,1391,warrior,arms,46,18,28
Hradball,twilights-hammer,1390,warrior,arms,60,28,32
Тибат,howling-fjord,1390,warrior,arms,35,16,19
Frankius,ravencrest,1390,warrior,arms,42,19,23
Glakias,silvermoon,1390,warrior,arms,36,16,20
Голдфингер,gordunni,1389,warrior,arms,160,79,81
Ordovis,silvermoon,1388,warrior,arms,30,15,15
Xiszos,ravencrest,1388,warrior,arms,44,21,23
Антурим,howling-fjord,1388,warrior,arms,42,20,22
Nabul,thunderhorn,1387,warrior,arms,48,26,22
Tankdepalo,sanguino,1387,warrior,arms,30,16,14
Binsaueramk,ravencrest,1387,warrior,arms,48,20,28
Icybladez,kazzak,1386,warrior,arms,106,55,51
Matti,magtheridon,1386,warrior,arms,29,15,14
Cbahorde,outland,1386,warrior,arms,85,42,43
Folsack,sanguino,1386,warrior,arms,71,33,38
Knussnacker,sanguino,1386,warrior,arms,97,43,54
Rumbldore,ragnaros,1386,warrior,arms,54,22,32
Oyv,tarren-mill,1385,warrior,arms,36,20,16
Taylorswifty,twisting-nether,1385,warrior,arms,112,60,52
Tolga,draenor,1385,warrior,arms,42,19,23
Акумираг,soulflayer,1385,warrior,arms,84,35,49
Дикийппц,gordunni,1384,warrior,arms,54,30,24
Diástasi,twisting-nether,1384,warrior,arms,90,48,42
Arriess,drakthul,1384,warrior,arms,54,28,26
Казньшалав,gordunni,1384,warrior,arms,111,54,57
Tedbuckland,blackrock,1383,warrior,arms,42,26,16
Kioskmupp,ravencrest,1383,warrior,arms,189,95,94
Vectarrior,eredar,1383,warrior,arms,30,15,15
Рокэнрольщик,fordragon,1383,warrior,arms,30,15,15
Franzbardon,archimonde,1383,warrior,arms,226,112,114
Éls,argent-dawn,1383,warrior,arms,46,22,24
Zetorc,burning-legion,1382,warrior,arms,129,61,68
Cêlty,aegwynn,1382,warrior,arms,100,41,59
Taurosk,burning-legion,1381,warrior,arms,126,65,61
Мастхэв,gordunni,1381,warrior,arms,42,21,21
Niouswar,kazzak,1381,warrior,arms,42,19,23
Auroree,ragnaros,1381,warrior,arms,36,15,21
Faugh,tarren-mill,1380,warrior,arms,54,32,22
Deckluhm,sinstralis,1379,warrior,arms,60,32,28
Orgazam,xavius,1379,warrior,arms,53,26,27
Warrouner,khaz-modan,1377,warrior,arms,151,74,77
Shagara,defias-brotherhood,1377,warrior,arms,36,15,21
Xaheld,blackrock,1376,warrior,arms,30,16,14
Varrig,silvermoon,1376,warrior,arms,30,16,14
Bedryl,burning-legion,1376,warrior,arms,30,15,15
Анманерка,ashenvale,1376,warrior,arms,36,16,20
Temprament,ravencrest,1375,warrior,arms,36,21,15
Dirtyjoe,khaz-modan,1375,warrior,arms,291,149,142
Давилкагеев,howling-fjord,1375,warrior,arms,49,23,26
Ysgrammorr,magtheridon,1375,warrior,arms,42,19,23
Zargor,kazzak,1374,warrior,arms,58,35,23
Yayoflauta,sanguino,1374,warrior,arms,60,29,31
Chakrator,la-croisade-écarlate,1374,warrior,arms,102,49,53
Cléàvage,silvermoon,1374,warrior,arms,81,32,49
Râsk,kazzak,1373,warrior,arms,32,18,14
Youokhun,kazzak,1373,warrior,arms,81,43,38
Iljaana,blackrock,1373,warrior,arms,60,30,30
Раздолбатель,razuvious,1372,warrior,arms,37,21,16
Tsu,karazhan,1372,warrior,arms,43,22,21
Anaxiam,drakthul,1372,warrior,arms,51,24,27
Шпингалетыч,howling-fjord,1372,warrior,arms,42,18,24
Lexras,blackhand,1371,warrior,arms,56,27,29
Oceangg,silvermoon,1371,warrior,arms,69,33,36
Каштоуны,howling-fjord,1371,warrior,arms,36,17,19
Dixo,nathrezim,1370,warrior,arms,18,15,3
Морталвлицо,gordunni,1370,warrior,arms,23,15,8
Mercedesamg,blackmoore,1370,warrior,arms,56,28,28
Qvate,twisting-nether,1370,warrior,arms,71,35,36
Rakwarrior,blackhand,1369,warrior,arms,30,20,10
Зеленыйжмых,thermaplugg,1368,warrior,arms,93,44,49
Sombrenuit,kaelthas,1368,warrior,arms,39,18,21
Evilrage,ravencrest,1367,warrior,arms,47,30,17
Toby,rexxar,1367,warrior,arms,39,23,16
Diablozhørs,ysondre,1367,warrior,arms,36,21,15
Zonash,kazzak,1367,warrior,arms,42,20,22
Drekh,kazzak,1367,warrior,arms,36,16,20
Artheim,silvermoon,1367,warrior,arms,54,23,31
Sinbuay,malygos,1366,warrior,arms,42,18,24
Erzotz,kazzak,1365,warrior,arms,33,20,13
Lyfttokyo,tarren-mill,1365,warrior,arms,90,43,47
Hogu,nemesis,1365,warrior,arms,64,26,38
Vrykhul,silvermoon,1365,warrior,arms,79,31,48
Nobelisarius,norgannon,1364,warrior,arms,53,27,26
Скользкийбро,gordunni,1364,warrior,arms,151,74,77
Gacel,dun-modr,1364,warrior,arms,54,24,30
Qweoamsd,sylvanas,1363,warrior,arms,30,15,15
Ragestick,stormscale,1363,warrior,arms,42,20,22
Rázgriz,argent-dawn,1363,warrior,arms,76,31,45
Шизам,howling-fjord,1363,warrior,arms,60,24,36
Qiz,silvermoon,1362,warrior,arms,140,71,69
Lomu,bloodscalp,1362,warrior,arms,44,22,22
Pokopo,blackrock,1362,warrior,arms,253,122,131
Propanex,kazzak,1361,warrior,arms,42,26,16
Кэфтэмэ,soulflayer,1361,warrior,arms,91,44,47
Farianna,burning-legion,1361,warrior,arms,147,71,76
Hatefury,twisting-nether,1361,warrior,arms,108,51,57
Vølverinwar,thrall,1361,warrior,arms,82,37,45
Xanatos,khazgoroth,1360,warrior,arms,63,23,40
Kosttya,argent-dawn,1359,warrior,arms,71,33,38
Panggy,ragnaros,1359,warrior,arms,36,15,21
Grahatia,magtheridon,1358,warrior,arms,99,54,45
Zarolk,rashgarroth,1358,warrior,arms,48,23,25
Kymari,sanguino,1358,warrior,arms,63,28,35
Kazzuk,dentarg,1358,warrior,arms,35,15,20
Bellator,arakarahm,1357,warrior,arms,83,39,44
Варбаул,soulflayer,1357,warrior,arms,64,29,35
Матумбо,gordunni,1356,warrior,arms,62,28,34
Mëc,twisting-nether,1355,warrior,arms,117,61,56
Banshor,ysondre,1355,warrior,arms,38,18,20
Sixteen,darkmoon-faire,1353,warrior,arms,48,25,23
Агтеррокк,deathweaver,1353,warrior,arms,60,30,30
Akáme,frostwolf,1353,warrior,arms,117,53,64
Duce,kirin-tor,1353,warrior,arms,43,18,25
Eyesonly,blackmoore,1352,warrior,arms,52,28,24
Orquewarrior,stormscale,1352,warrior,arms,42,17,25
Faustà,nemesis,1351,warrior,arms,132,59,73
Mogolaki,twilights-hammer,1349,warrior,arms,126,60,66
Pavard,arakarahm,1349,warrior,arms,36,16,20
Treze,sanguino,1349,warrior,arms,92,37,55
Teljii,blackmoore,1348,warrior,arms,28,16,12
Donátos,aegwynn,1348,warrior,arms,111,56,55
Grolbein,blackhand,1348,warrior,arms,77,38,39
Carras,confrérie-du-thorium,1348,warrior,arms,258,124,134
Брозя,gordunni,1347,warrior,arms,42,19,23
Keshâr,blackhand,1346,warrior,arms,60,28,32
Tazkax,archimonde,1346,warrior,arms,52,23,29
Calel,ravencrest,1346,warrior,arms,44,18,26
Blackblades,defias-brotherhood,1345,warrior,arms,54,33,21
Мускулатор,soulflayer,1345,warrior,arms,126,58,68
Imondiet,ragnaros,1344,warrior,arms,18,14,4
Pummelpete,grim-batol,1344,warrior,arms,24,14,10
Jasperr,nemesis,1344,warrior,arms,127,69,58
Pazl,outland,1344,warrior,arms,36,17,19
Befit,quelthalas,1343,warrior,arms,42,20,22
Tyëlin,elune,1343,warrior,arms,107,50,57
Whýsøsîlêñt,ragnaros,1343,warrior,arms,30,14,16
Colard,ravencrest,1343,warrior,arms,30,14,16
Belfodil,outland,1343,warrior,arms,30,14,16
Galganiec,burning-legion,1342,warrior,arms,30,20,10
Дуухаст,gordunni,1342,warrior,arms,24,14,10
Buyya,ravencrest,1342,warrior,arms,58,31,27
Cássándráh,argent-dawn,1342,warrior,arms,117,57,60
Anahkas,archimonde,1342,warrior,arms,30,14,16
Magmos,terenas,1342,warrior,arms,30,14,16
Kímó,silvermoon,1342,warrior,arms,77,34,43
Отключатель,howling-fjord,1341,warrior,arms,29,18,11
Хазгора,howling-fjord,1341,warrior,arms,106,58,48
Romzz,malganis,1341,warrior,arms,30,16,14
Equality,ragnaros,1341,warrior,arms,88,41,47
Zzeed,auchindoun,1341,warrior,arms,48,19,29
Kyrú,silvermoon,1340,warrior,arms,18,14,4
Gigac,ragnaros,1340,warrior,arms,54,29,25
Mekkagrind,ravencrest,1340,warrior,arms,64,34,30
Pag,hyjal,1339,warrior,arms,23,15,8
Gnarok,archimonde,1339,warrior,arms,69,41,28
Norganw,die-aldor,1339,warrior,arms,24,14,10
Hoxxywar,drakthul,1339,warrior,arms,59,33,26
Nylseana,turalyon,1339,warrior,arms,60,26,34
Анархорок,howling-fjord,1338,warrior,arms,24,14,10
Палачубийца,deathguard,1338,warrior,arms,97,51,46
Kimura,archimonde,1338,warrior,arms,30,14,16
Lahzar,krasus,1338,warrior,arms,72,24,48
Lågærtha,blackmoore,1337,warrior,arms,53,28,25
Kalregg,outland,1337,warrior,arms,66,28,38
Puurplecloud,kazzak,1337,warrior,arms,66,28,38
Srambo,ragnaros,1336,warrior,arms,24,14,10
Littlebugger,ravencrest,1336,warrior,arms,24,14,10
Dimitrow,frostmane,1336,warrior,arms,37,21,16
Neverkind,twisting-nether,1336,warrior,arms,84,47,37
Xmartha,tarren-mill,1336,warrior,arms,54,30,24
Фикпопадешь,lich-king,1336,warrior,arms,69,30,39
Kirowarrior,silvermoon,1335,warrior,arms,90,46,44
Iluwar,ragnaros,1335,warrior,arms,403,196,207
Gorchak,blackmoore,1335,warrior,arms,216,105,111
Matchoo,archimonde,1335,warrior,arms,65,29,36
Kalarar,blackrock,1335,warrior,arms,80,33,47
Bonesz,jaedenar,1334,warrior,arms,141,71,70
Madswarrior,tarren-mill,1334,warrior,arms,35,15,20
Sertigan,dun-modr,1334,warrior,arms,64,26,38
Bjergo,drakthul,1333,warrior,arms,22,15,7
Critwar,silvermoon,1333,warrior,arms,54,25,29
Mortus,baelgun,1333,warrior,arms,52,22,30
Kriticah,sanguino,1333,warrior,arms,54,21,33
Экзекуторх,gordunni,1332,warrior,arms,18,14,4
Brokenqt,ravencrest,1332,warrior,arms,27,16,11
Флэксик,soulflayer,1331,warrior,arms,24,14,10
Багрон,goldrinn,1331,warrior,arms,30,14,16
Bovingus,tarren-mill,1330,warrior,arms,24,16,8
Freutag,azshara,1330,warrior,arms,78,38,40
Газрош,howling-fjord,1330,warrior,arms,82,37,45
Sugmanutz,argent-dawn,1329,warrior,arms,24,14,10
Dariman,aegwynn,1329,warrior,arms,72,32,40
Ismellurfeet,ravencrest,1328,warrior,arms,60,34,26
Shádówfáxí,outland,1328,warrior,arms,30,14,16
Haewon,burning-legion,1328,warrior,arms,42,16,26
Ðrews,kazzak,1326,warrior,arms,24,14,10
Cárbo,silvermoon,1326,warrior,arms,79,44,35
Swefy,sanguino,1326,warrior,arms,139,62,77
Xsann,argent-dawn,1326,warrior,arms,36,16,20
Рестат,soulflayer,1326,warrior,arms,167,74,93
Vagor,aegwynn,1325,warrior,arms,102,49,53
Iuska,malganis,1325,warrior,arms,54,21,33
Bxnx,aegwynn,1324,warrior,arms,42,23,19
Mortalik,silvermoon,1324,warrior,arms,166,77,89
Gëaldýr,kazzak,1324,warrior,arms,112,49,63
Highz,grim-batol,1323,warrior,arms,36,18,18
Yseras,aegwynn,1323,warrior,arms,41,14,27
Kianit,ravencrest,1321,warrior,arms,303,146,157
Джанобу,soulflayer,1321,warrior,arms,30,14,16
Raixxon,ragnaros,1321,warrior,arms,109,49,60
Ashiku,zuljin,1321,warrior,arms,54,23,31
Throck,drakthul,1320,warrior,arms,41,18,23
Мобсто,soulflayer,1320,warrior,arms,53,23,30
Swaxx,ravencrest,1320,warrior,arms,36,14,22
Krigarjag,kazzak,1317,warrior,arms,35,20,15
Martøswarr,uldum,1317,warrior,arms,30,14,16
Narkololzz,marécage-de-zangar,1317,warrior,arms,86,40,46
Adurìn,silvermoon,1317,warrior,arms,48,22,26
Grimhew,argent-dawn,1317,warrior,arms,42,17,25
Kilsorrow,silvermoon,1317,warrior,arms,42,14,28
Dreamkil,archimonde,1316,warrior,arms,205,106,99
Zhenshii,blackmoore,1316,warrior,arms,42,21,21
Gintonnic,sanguino,1316,warrior,arms,36,18,18
Papipulki,zuljin,1316,warrior,arms,86,35,51
Guruntar,kirin-tor,1315,warrior,arms,62,29,33
Chrekk,khaz-modan,1315,warrior,arms,30,14,16
Toxicmade,drakthul,1315,warrior,arms,54,24,30
Ангрол,grom,1315,warrior,arms,47,20,27
Razyk,zuljin,1314,warrior,arms,28,18,10
Ràgnarok,chogall,1314,warrior,arms,72,39,33
Ragark,quelthalas,1314,warrior,arms,111,59,52
Drbanner,hyjal,1314,warrior,arms,50,26,24
Bleckwarrior,ravencrest,1314,warrior,arms,96,46,50
Kmica,khadgar,1314,warrior,arms,61,27,34
Blitz,archimonde,1313,warrior,arms,24,14,10
Elénir,dalaran,1313,warrior,arms,36,20,16
Погоныч,soulflayer,1313,warrior,arms,47,26,21
Eekz,haomarush,1313,warrior,arms,36,19,17
Lácrima,dun-modr,1313,warrior,arms,36,18,18
Zool,madmortem,1313,warrior,arms,131,65,66
Yaggurtz,archimonde,1313,warrior,arms,42,19,23
Roykór,auchindoun,1312,warrior,arms,78,29,49
Ankzz,archimonde,1311,warrior,arms,36,21,15
Кентаныч,howling-fjord,1311,warrior,arms,56,28,28
Leonidæs,frostwolf,1311,warrior,arms,93,43,50
Оморальный,soulflayer,1311,warrior,arms,88,39,49
Nicperh,dun-modr,1310,warrior,arms,78,35,43
Тандэр,borean-tundra,1310,warrior,arms,36,15,21
Lanahan,argent-dawn,1309,warrior,arms,23,14,9
Megatronman,ravencrest,1309,warrior,arms,24,14,10
Ruzbie,silvermoon,1309,warrior,arms,36,15,21
Lø,chogall,1308,warrior,arms,65,32,33
Kaliroll,ysondre,1308,warrior,arms,116,56,60
Neekero,burning-legion,1308,warrior,arms,98,46,52
Anaerion,argent-dawn,1308,warrior,arms,87,40,47
Kronstris,veklor,1308,warrior,arms,36,16,20
Zappstorm,frostwolf,1307,warrior,arms,58,32,26
Колятурбо,gordunni,1307,warrior,arms,49,26,23
Gamöra,kirin-tor,1307,warrior,arms,60,28,32
Fullzugzug,kazzak,1307,warrior,arms,36,14,22
Lanïmal,eitrigg,1306,warrior,arms,24,15,9
Aomen,ravencrest,1306,warrior,arms,24,15,9
Rajä,anubarak,1306,warrior,arms,36,15,21
Lûckystríké,blackmoore,1305,warrior,arms,52,25,27
Wolfgladius,cthun,1305,warrior,arms,42,20,22
Thisguyfax,the-venture-co,1304,warrior,arms,66,34,32
Foxaz,burning-legion,1304,warrior,arms,66,33,33
Манхув,gordunni,1304,warrior,arms,30,14,16
Ludjack,tarren-mill,1304,warrior,arms,39,18,21
Roctah,auchindoun,1303,warrior,arms,52,26,26
Glørïn,hyjal,1303,warrior,arms,66,32,34
Ахе,deathguard,1302,warrior,arms,30,17,13
Warriornrv,ysondre,1302,warrior,arms,83,44,39
Zosska,burning-legion,1302,warrior,arms,81,36,45
Fàlconry,kazzak,1302,warrior,arms,120,51,69
Halsandre,hyjal,1302,warrior,arms,60,23,37
Bossít,doomhammer,1301,warrior,arms,80,44,36
Ragnacore,ravencrest,1301,warrior,arms,53,29,24
Сырилисуп,soulflayer,1301,warrior,arms,86,46,40
Geraltf,tarren-mill,1301,warrior,arms,137,65,72
Zeldaixi,twisting-nether,1300,warrior,arms,34,19,15
Katxirulo,tyrande,1300,warrior,arms,72,34,38
Doragon,nemesis,1300,warrior,arms,30,14,16
Тассэй,eversong,1300,warrior,arms,52,21,31
Kaidewarr,kazzak,1299,warrior,arms,24,16,8
Bolski,ravencrest,1299,warrior,arms,70,38,32
Shuraj,hyjal,1299,warrior,arms,46,24,22
Leopoldx,outland,1299,warrior,arms,52,26,26
Mangonneau,archimonde,1299,warrior,arms,30,14,16
Oneshót,norgannon,1297,warrior,arms,91,45,46
Borga,blackrock,1297,warrior,arms,42,19,23
Tazdingowar,antonidas,1297,warrior,arms,70,29,41
Atlantia,ravencrest,1297,warrior,arms,42,15,27
Армсец,howling-fjord,1296,warrior,arms,42,16,26
Seliasbro,kazzak,1295,warrior,arms,30,15,15
Сэлфиш,lich-king,1295,warrior,arms,29,14,15
Bobloblaww,doomhammer,1295,warrior,arms,30,14,16
Imotekh,eredar,1295,warrior,arms,34,15,19
Chippéd,draenor,1294,warrior,arms,23,14,9
Ральдвин,gordunni,1294,warrior,arms,83,45,38
Avgålöfvén,stormscale,1293,warrior,arms,21,15,6
Zuchtrind,blackrock,1293,warrior,arms,60,34,26
Faløn,archimonde,1293,warrior,arms,62,24,38
Einherjer,burning-legion,1292,warrior,arms,127,65,62
Khilax,ragnaros,1291,warrior,arms,91,49,42
Semanor,aegwynn,1291,warrior,arms,30,16,14
Zeroskllz,outland,1291,warrior,arms,76,36,40
Iarsonn,drakthul,1291,warrior,arms,42,18,24
Inelegant,tarren-mill,1290,warrior,arms,60,32,28
Ghorglukk,lightnings-blade,1290,warrior,arms,60,28,32
Garganelli,tarren-mill,1290,warrior,arms,68,30,38
Téldrus,blackrock,1290,warrior,arms,48,20,28
Elyrax,dun-modr,1290,warrior,arms,36,15,21
Брэмбур,goldrinn,1290,warrior,arms,35,14,21
Euforija,kazzak,1289,warrior,arms,36,16,20
Степанычь,gordunni,1288,warrior,arms,41,22,19
Issatank,frostmane,1288,warrior,arms,114,57,57
Vexxenn,outland,1288,warrior,arms,36,16,20
Arouga,blackrock,1287,warrior,arms,27,14,13
Ninebites,chamber-of-aspects,1287,warrior,arms,125,63,62
Taikyokuken,hyjal,1287,warrior,arms,66,29,37
Roland,earthen-ring,1287,warrior,arms,36,14,22
Olesbawro,ragnaros,1287,warrior,arms,90,34,56
Shehalk,stormscale,1286,warrior,arms,27,16,11
Dutteh,tarren-mill,1286,warrior,arms,30,17,13
Vegäpunk,nemesis,1286,warrior,arms,60,28,32
Gantór,blackrock,1286,warrior,arms,54,23,31
Minoke,antonidas,1286,warrior,arms,36,15,21
Nellyqt,draenor,1286,warrior,arms,40,15,25
Unarde,silvermoon,1285,warrior,arms,227,113,114
Атон,gordunni,1285,warrior,arms,116,57,59
Bootyclapper,runetotem,1285,warrior,arms,31,15,16
Rayguerrero,blackrock,1285,warrior,arms,42,14,28
Soulcleaver,stormreaver,1284,warrior,arms,68,36,32
Klanky,draenor,1284,warrior,arms,68,33,35
Tíabeanie,silvermoon,1283,warrior,arms,30,14,16
Ylana,eldrethalas,1283,warrior,arms,111,48,63
Spodnick,ragnaros,1282,warrior,arms,29,14,15
Bluntsword,twisting-nether,1282,warrior,arms,36,17,19
Почтитайсон,howling-fjord,1282,warrior,arms,32,15,17
Brabüs,kazzak,1282,warrior,arms,56,26,30
Hatethisgame,frostwolf,1282,warrior,arms,93,42,51
Tonifox,nemesis,1281,warrior,arms,42,14,28
Fedevalverde,sanguino,1280,warrior,arms,49,32,17
Wørgenn,hyjal,1280,warrior,arms,44,23,21
Гогрикк,ashenvale,1279,warrior,arms,72,35,37
Malevolént,silvermoon,1279,warrior,arms,66,31,35
Ovcharq,steamwheedle-cartel,1278,warrior,arms,73,36,37
Lëime,ravencrest,1277,warrior,arms,48,25,23
Reichas,ragnaros,1275,warrior,arms,61,31,30
Pacosky,burning-legion,1275,warrior,arms,57,28,29
Kultigin,ravencrest,1275,warrior,arms,122,53,69
Dodgeslam,eredar,1275,warrior,arms,58,23,35
Contrariety,ravencrest,1274,warrior,arms,53,30,23
Mödhan,archimonde,1274,warrior,arms,88,43,45
Carljøhnson,dalaran,1274,warrior,arms,296,137,159
Bhallts,tarren-mill,1274,warrior,arms,32,14,18
Xunaakt,nemesis,1273,warrior,arms,69,34,35
Kolxoz,doomhammer,1273,warrior,arms,36,15,21
Batalius,dalaran,1273,warrior,arms,42,16,26
Sunney,tarren-mill,1272,warrior,arms,23,14,9
Rahaaxhia,kaelthas,1271,warrior,arms,24,15,9
Nakkelam,twisting-nether,1270,warrior,arms,24,14,10
Sigmundsdotr,outland,1270,warrior,arms,54,28,26
Robsuéy,blackmoore,1270,warrior,arms,102,40,62
Джондо,gordunni,1269,warrior,arms,30,14,16
Nårgaí,kargath,1269,warrior,arms,78,36,42
Sphínxx,malfurion,1269,warrior,arms,44,20,24
Shäshken,archimonde,1269,warrior,arms,66,14,52
Yayoqt,sylvanas,1268,warrior,arms,30,17,13
Zøom,ysondre,1268,warrior,arms,106,55,51
Mfull,tarren-mill,1268,warrior,arms,66,31,35
Serakhan,argent-dawn,1267,warrior,arms,120,63,57
Âdept,tarren-mill,1267,warrior,arms,72,27,45
Funknîco,wrathbringer,1266,warrior,arms,55,29,26
Tyragon,thrall,1265,warrior,arms,58,31,27
Grokalus,eredar,1265,warrior,arms,36,14,22
Дрейсен,gordunni,1264,warrior,arms,48,23,25
Aliasus,outland,1264,warrior,arms,36,16,20
Ranran,emerald-dream,1264,warrior,arms,32,14,18
Aiarm,twisting-nether,1263,warrior,arms,222,117,105
Abnôrmus,tarren-mill,1262,warrior,arms,48,25,23
Trundledaddy,silvermoon,1262,warrior,arms,29,14,15
Фогивэн,gordunni,1262,warrior,arms,48,22,26
Geckoo,emerald-dream,1262,warrior,arms,161,71,90
Братишкаа,gordunni,1262,warrior,arms,65,28,37
Xraider,ragnaros,1261,warrior,arms,66,29,37
Rochful,frostwolf,1260,warrior,arms,42,23,19
Tozz,azuremyst,1260,warrior,arms,48,26,22
Vagor,draenor,1260,warrior,arms,46,22,24
Кимиюки,gordunni,1259,warrior,arms,86,41,45
Koliastra,magtheridon,1258,warrior,arms,54,31,23
Pawn,twisting-nether,1258,warrior,arms,42,17,25
Razzimak,eredar,1257,warrior,arms,22,17,5
Ðamokles,silvermoon,1257,warrior,arms,59,30,29
Lebronjones,sylvanas,1257,warrior,arms,84,40,44
Matrafox,stormscale,1257,warrior,arms,73,34,39
Huuln,outland,1257,warrior,arms,44,18,26
Balyndâ,aegwynn,1256,warrior,arms,44,25,19
Silabozija,ravencrest,1255,warrior,arms,88,43,45
Xaqt,die-nachtwache,1255,warrior,arms,29,14,15
Maraximus,ragnaros,1255,warrior,arms,29,14,15
Narox,arathor,1255,warrior,arms,56,26,30
Buntstift,thrall,1254,warrior,arms,42,14,28
Morrzerk,sylvanas,1253,warrior,arms,35,20,15
Lûxn,ragnaros,1253,warrior,arms,211,106,105
Skullcrasher,draenor,1253,warrior,arms,42,19,23
Рейнджровер,howling-fjord,1252,warrior,arms,40,17,23
Kirus,ravencrest,1252,warrior,arms,75,31,44
Ðræms,eldrethalas,1251,warrior,arms,89,42,47
Xyum,pozzo-delleternità,1250,warrior,arms,90,53,37
Obscurìa,argent-dawn,1250,warrior,arms,306,153,153
Dicaprios,silvermoon,1250,warrior,arms,72,36,36
Metawar,blackhand,1249,warrior,arms,36,15,21
Jkarus,die-ewige-wacht,1249,warrior,arms,42,17,25
Brandylover,outland,1248,warrior,arms,32,15,17
Sabøtage,aggra-português,1248,warrior,arms,42,16,26
Wetrx,stormscale,1247,warrior,arms,18,13,5
Agamemnon,frostmane,1247,warrior,arms,56,28,28
Behemothwr,kazzak,1247,warrior,arms,93,43,50
Kásúxøxøw,ravencrest,1247,warrior,arms,30,13,17
Daymio,twisting-nether,1247,warrior,arms,30,13,17
Фокатопх,blackscar,1247,warrior,arms,36,13,23
Perry,proudmoore,1246,warrior,arms,24,14,10
Kloppnîx,blackmoore,1246,warrior,arms,62,36,26
Sfarpi,burning-legion,1246,warrior,arms,66,38,28
Aggamemnus,ravencrest,1246,warrior,arms,68,38,30
Бигдэм,howling-fjord,1246,warrior,arms,24,13,11
Kardinell,blackhand,1246,warrior,arms,66,30,36
Sponkss,tarren-mill,1246,warrior,arms,30,13,17
Shará,eredar,1246,warrior,arms,114,49,65
Luunk,ravencrest,1245,warrior,arms,78,43,35
Dedewawa,ysondre,1245,warrior,arms,24,13,11
Atus,dun-modr,1245,warrior,arms,77,38,39
Grinrok,thrall,1245,warrior,arms,78,36,42
Ken,twisting-nether,1245,warrior,arms,46,14,32
Джагенвард,soulflayer,1244,warrior,arms,42,22,20
Garosh,drakthul,1244,warrior,arms,66,33,33
Weezing,argent-dawn,1244,warrior,arms,48,18,30
Rhazeél,blackrock,1243,warrior,arms,18,13,5
Colosius,stormscale,1243,warrior,arms,66,38,28
Zeryyo,blackrock,1243,warrior,arms,24,13,11
Фалькр,soulflayer,1243,warrior,arms,24,13,11
Kiriwarr,dun-modr,1243,warrior,arms,24,13,11
Zaerna,draenor,1243,warrior,arms,24,13,11
Кунгфурик,soulflayer,1243,warrior,arms,30,14,16
Istenn,stormscale,1243,warrior,arms,30,13,17
Rocktastic,blackrock,1243,warrior,arms,41,16,25
Knego,ragnaros,1242,warrior,arms,56,33,23
Elendurel,outland,1242,warrior,arms,29,17,12
Soundso,blackmoore,1242,warrior,arms,26,15,11
Narcx,kazzak,1242,warrior,arms,24,13,11
Холипротовар,fordragon,1242,warrior,arms,48,22,26
Átlás,blackmoore,1242,warrior,arms,43,19,24
Yakhshar,silvermoon,1242,warrior,arms,30,13,17
Henzelhoff,stormreaver,1241,warrior,arms,34,20,14
Notvisionary,ravencrest,1241,warrior,arms,24,13,11
Eyeslicer,quelthalas,1241,warrior,arms,30,13,17
Getjuiced,tarren-mill,1241,warrior,arms,30,13,17
Cárlsberg,pozzo-delleternità,1241,warrior,arms,58,24,34
Morvar,sanguino,1240,warrior,arms,24,13,11
Yoñtuk,twisting-nether,1240,warrior,arms,24,13,11
Jaru,alleria,1240,warrior,arms,57,30,27
Kravaiski,argent-dawn,1239,warrior,arms,194,93,101
Ghettogødx,outland,1239,warrior,arms,30,13,17
Ironballs,saurfang,1239,warrior,arms,30,13,17
Plt,talnivarr,1238,warrior,arms,64,37,27
Randix,antonidas,1238,warrior,arms,24,13,11
Fiveboy,tarren-mill,1238,warrior,arms,24,13,11
Jésusiskíng,amanthul,1237,warrior,arms,24,13,11
Rorix,blackrock,1237,warrior,arms,24,13,11
Espröc,kazzak,1237,warrior,arms,215,110,105
Redow,stormreaver,1237,warrior,arms,70,29,41
Fractale,kirin-tor,1236,warrior,arms,22,14,8
Smackaroon,draenor,1235,warrior,arms,24,13,11
Crook,doomhammer,1235,warrior,arms,78,33,45
Minitizzr,stormscale,1234,warrior,arms,24,13,11
Earshy,ragnaros,1234,warrior,arms,24,13,11
Apashe,drakthul,1234,warrior,arms,36,14,22
Imorphius,silvermoon,1234,warrior,arms,36,13,23
Drahtalger,hyjal,1233,warrior,arms,30,13,17
Joewahl,ragnaros,1233,warrior,arms,48,15,33
Sudosolo,burning-blade,1232,warrior,arms,84,42,42
Szelenamoon,outland,1232,warrior,arms,32,14,18
Ослаард,gordunni,1232,warrior,arms,30,13,17
Waegon,twisting-nether,1230,warrior,arms,30,13,17
Huor,tarren-mill,1230,warrior,arms,30,13,17
Фоссбро,gordunni,1230,warrior,arms,51,19,32
Vazzle,nethersturm,1230,warrior,arms,36,13,23
Vymd,archimonde,1230,warrior,arms,40,14,26
Axemurdererr,draenor,1229,warrior,arms,24,13,11
Xennor,argent-dawn,1229,warrior,arms,30,13,17
Cramatao,shadowsong,1229,warrior,arms,59,25,34
Thehans,grim-batol,1228,warrior,arms,44,18,26
Gunga,ravenholdt,1227,warrior,arms,24,13,11
Leàn,nemesis,1226,warrior,arms,36,13,23
Välkyries,archimonde,1225,warrior,arms,52,31,21
Элейд,thermaplugg,1225,warrior,arms,47,23,24
Rebiy,ravencrest,1225,warrior,arms,30,13,17
Синнэр,blackscar,1225,warrior,arms,36,13,23
Izestyi,blackrock,1224,warrior,arms,96,42,54
Colq,doomhammer,1224,warrior,arms,53,23,30
Larrydankin,draenor,1224,warrior,arms,78,30,48
Shengu,kazzak,1223,warrior,arms,24,18,6
Erayu,outland,1223,warrior,arms,30,13,17
Solaría,garona,1222,warrior,arms,30,15,15
Energo,drakthul,1222,warrior,arms,36,17,19
Slaughteredd,kazzak,1222,warrior,arms,66,27,39
Phantastix,dun-modr,1221,warrior,arms,48,27,21
Krigsdunken,draenor,1221,warrior,arms,87,40,47
Gachiwarri,blackhand,1221,warrior,arms,30,13,17
Bulduzer,kazzak,1221,warrior,arms,71,30,41
Gèrralt,hyjal,1221,warrior,arms,41,16,25
Garthro,antonidas,1221,warrior,arms,36,14,22
Reb,thunderhorn,1220,warrior,arms,24,13,11
Goldenward,silvermoon,1220,warrior,arms,42,21,21
Nixtor,defias-brotherhood,1220,warrior,arms,61,25,36
Mesmash,uldum,1220,warrior,arms,36,13,23
Клайминг,soulflayer,1219,warrior,arms,48,29,19
Reezax,blackrock,1219,warrior,arms,24,14,10
Asmongnome,ravencrest,1219,warrior,arms,36,16,20
Maggisauce,aegwynn,1218,warrior,arms,100,54,46
Bigtulipe,archimonde,1218,warrior,arms,59,30,29
Jisoowar,blackhand,1217,warrior,arms,54,23,31
Goroth,vashj,1217,warrior,arms,36,14,22
Dianâ,der-abyssische-rat,1216,warrior,arms,30,16,14
Zuggizug,draenor,1215,warrior,arms,60,30,30
Ghostwarx,blackmoore,1215,warrior,arms,38,19,19
Безбожник,eversong,1215,warrior,arms,72,35,37
Вардроу,howling-fjord,1215,warrior,arms,60,28,32
Дэйст,ashenvale,1215,warrior,arms,30,14,16
Takeashower,hyjal,1214,warrior,arms,26,14,12
Crocbait,ravencrest,1214,warrior,arms,36,19,17
Khalghara,dun-modr,1214,warrior,arms,36,14,22
Gallows,blackmoore,1214,warrior,arms,36,13,23
Дрейтон,eversong,1213,warrior,arms,58,31,27
Kallor,burning-legion,1213,warrior,arms,47,23,24
Perkoulator,archimonde,1213,warrior,arms,117,51,66
Shihoh,blackhand,1213,warrior,arms,124,50,74
Sway,eonar,1212,warrior,arms,120,57,63
Ishíì,twisting-nether,1212,warrior,arms,66,29,37
Hofftor,eredar,1211,warrior,arms,31,16,15
Gilettepenge,draenor,1211,warrior,arms,163,80,83
Бруталдэз,deathguard,1211,warrior,arms,36,13,23
Voidteen,argent-dawn,1210,warrior,arms,30,13,17
Tabboonishka,draenor,1209,warrior,arms,22,14,8
Thunderage,stormscale,1209,warrior,arms,30,14,16
Hellspin,argent-dawn,1209,warrior,arms,98,44,54
Ivailowar,ravencrest,1209,warrior,arms,30,13,17
Rawenz,drakthul,1209,warrior,arms,35,13,22
Pepao,zuljin,1209,warrior,arms,42,13,29
Sokarbey,twisting-nether,1208,warrior,arms,34,17,17
Ragébar,tarren-mill,1208,warrior,arms,43,18,25
Рагнарг,goldrinn,1207,warrior,arms,48,26,22
Ordínaryname,blackrock,1207,warrior,arms,544,279,265
Karden,doomhammer,1207,warrior,arms,80,35,45
Xensation,kult-der-verdammten,1207,warrior,arms,35,14,21
Delenia,twisting-nether,1205,warrior,arms,55,26,29
Crotoss,ravencrest,1205,warrior,arms,37,17,20
Rhonack,ragnaros,1205,warrior,arms,50,20,30
Fatbeard,twilights-hammer,1204,warrior,arms,36,18,18
Arowpoint,doomhammer,1203,warrior,arms,29,13,16
Totalterror,ragnaros,1203,warrior,arms,72,31,41
Frézzér,blackrock,1203,warrior,arms,33,14,19
Excutíé,twisting-nether,1202,warrior,arms,30,18,12
Cecill,silvermoon,1202,warrior,arms,29,17,12
Harska,ragnaros,1202,warrior,arms,65,34,31
Крахгал,soulflayer,1201,warrior,arms,159,80,79
Draleckx,sanguino,1201,warrior,arms,184,88,96
Tempii,ragnaros,1201,warrior,arms,42,14,28
Exot,eredar,1200,warrior,arms,66,33,33
Rikistrike,tarren-mill,1200,warrior,arms,40,18,22
Thylegorn,argent-dawn,1199,warrior,arms,25,16,9
Mañtís,argent-dawn,1198,warrior,arms,80,41,39
Clashblood,outland,1198,warrior,arms,27,13,14
Данилатитич,howling-fjord,1198,warrior,arms,57,27,30
Rayeron,sanguino,1198,warrior,arms,39,16,23
Tontonsmoky,hyjal,1197,warrior,arms,94,43,51
Mozterwar,ravencrest,1197,warrior,arms,66,28,38
Mllmmxxm,kargath,1197,warrior,arms,36,13,23
Mifuune,argent-dawn,1196,warrior,arms,56,28,28
Brondir,archimonde,1196,warrior,arms,29,14,15
Sandalwood,wildhammer,1195,warrior,arms,27,16,11
Ферхар,galakrond,1195,warrior,arms,36,20,16
Goragthor,thrall,1195,warrior,arms,24,13,11
Mysteryman,defias-brotherhood,1195,warrior,arms,95,46,49
Berserkpwnz,silvermoon,1194,warrior,arms,60,32,28
Nøiir,malfurion,1194,warrior,arms,30,15,15
Madsizen,ravencrest,1194,warrior,arms,36,14,22
Rèâpèr,kazzak,1193,warrior,arms,42,27,15
Vlader,dun-modr,1193,warrior,arms,75,30,45
Airowar,drakthul,1192,warrior,arms,23,13,10
Крешер,howling-fjord,1191,warrior,arms,110,51,59
Wutend,nemesis,1190,warrior,arms,23,13,10
Opseagull,defias-brotherhood,1189,warrior,arms,30,15,15
Kllinac,kazzak,1189,warrior,arms,71,33,38
Despacitus,burning-legion,1189,warrior,arms,59,22,37
Kerisandra,silvermoon,1188,warrior,arms,37,22,15
Лысыч,gordunni,1188,warrior,arms,33,17,16
Raggnnar,blackrock,1188,warrior,arms,37,18,19
Najjs,eredar,1186,warrior,arms,27,14,13
Kval,kazzak,1185,warrior,arms,30,14,16
Pyret,outland,1185,warrior,arms,40,14,26
Epepseyer,sanguino,1184,warrior,arms,30,14,16
Scrèàm,tarren-mill,1184,warrior,arms,67,29,38
Gathika,arathor,1183,warrior,arms,24,14,10
Киефси,howling-fjord,1183,warrior,arms,72,40,32
Prater,draenor,1182,warrior,arms,27,15,12
Smeshh,burning-legion,1181,warrior,arms,54,31,23
Kriegerkraut,silvermoon,1180,warrior,arms,28,21,7
Neltharon,silvermoon,1179,warrior,arms,27,17,10
Disturbance,eredar,1179,warrior,arms,42,20,22
Pøps,hyjal,1178,warrior,arms,38,21,17
Radîtz,blackmoore,1177,warrior,arms,32,15,17
Ксапур,soulflayer,1177,warrior,arms,62,24,38
Виднокрай,gordunni,1177,warrior,arms,36,13,23
Astrid,rajaxx,1176,warrior,arms,45,21,24
Protecc,burning-legion,1175,warrior,arms,104,48,56
Beans,argent-dawn,1175,warrior,arms,102,42,60
Jagannath,stormscale,1174,warrior,arms,26,13,13
Каутто,howling-fjord,1174,warrior,arms,28,13,15
Elyalol,ragnaros,1174,warrior,arms,33,15,18
Онлихелл,howling-fjord,1173,warrior,arms,64,29,35
Etelä,stormreaver,1172,warrior,arms,37,17,20
Buffettleapx,kazzak,1172,warrior,arms,62,26,36
Nurychïc,twisting-nether,1171,warrior,arms,51,26,25
Wyshh,silvermoon,1171,warrior,arms,125,60,65
Donetenk,silvermoon,1171,warrior,arms,62,29,33
Wâtchmefear,blackrock,1171,warrior,arms,33,14,19
Cremas,cthun,1171,warrior,arms,84,33,51
Jupio,stormscale,1170,warrior,arms,27,15,12
Fargon,ravencrest,1170,warrior,arms,78,30,48
Arinator,les-sentinelles,1170,warrior,arms,45,15,30
Imora,silvermoon,1169,warrior,arms,54,22,32
Белриэль,gordunni,1169,warrior,arms,66,24,42
Бавовник,howling-fjord,1169,warrior,arms,38,13,25
Роккар,gordunni,1168,warrior,arms,42,22,20
Monifes,kazzak,1167,warrior,arms,30,15,15
Whàtsup,stormscale,1166,warrior,arms,36,17,19
Górut,zuljin,1166,warrior,arms,60,27,33
Pesroc,blackmoore,1165,warrior,arms,24,15,9
Sistabossen,magtheridon,1165,warrior,arms,24,13,11
Галактозар,soulflayer,1165,warrior,arms,126,56,70
Daguangming,outland,1165,warrior,arms,59,23,36
Rojobull,stormscale,1165,warrior,arms,42,15,27
Агамемнан,soulflayer,1163,warrior,arms,254,121,133
Voltrim,blackmoore,1162,warrior,arms,30,16,14
Parasite,the-maelstrom,1161,warrior,arms,36,19,17
Pegazón,outland,1161,warrior,arms,73,32,41
Diggawhat,antonidas,1160,warrior,arms,122,55,67
Mågne,tarren-mill,1160,warrior,arms,42,16,26
Claytøn,khaz-modan,1158,warrior,arms,55,25,30
Regna,eredar,1157,warrior,arms,90,42,48
Kydecnick,kazzak,1157,warrior,arms,66,25,41
Rühlsbester,thrall,1154,warrior,arms,71,31,40
Tommia,burning-legion,1154,warrior,arms,30,13,17
Devìlscandy,stormscale,1152,warrior,arms,18,12,6
Belfodiris,stormscale,1152,warrior,arms,18,12,6
Taÿ,stormscale,1152,warrior,arms,24,12,12
Uselessblâme,archimonde,1152,warrior,arms,24,12,12
Azotz,archimonde,1152,warrior,arms,24,12,12
Porsea,ravencrest,1152,warrior,arms,24,12,12
Chilp,archimonde,1152,warrior,arms,79,32,47
Hellthõr,silvermoon,1152,warrior,arms,48,19,29
Shinnok,stormreaver,1151,warrior,arms,48,33,15
Jethiss,ravencrest,1151,warrior,arms,18,12,6
Pryzinstyle,aegwynn,1151,warrior,arms,24,12,12
Tcrujo,uldum,1151,warrior,arms,24,12,12
Quadfather,kazzak,1151,warrior,arms,24,12,12
Aloia,stormscale,1151,warrior,arms,39,16,23
Пробуюстерву,soulflayer,1151,warrior,arms,30,12,18
Tranqtum,ravencrest,1151,warrior,arms,31,12,19
Jackzx,twisting-nether,1150,warrior,arms,18,12,6
Faimy,tarren-mill,1150,warrior,arms,18,12,6
Wutraa,kazzak,1150,warrior,arms,18,12,6
Zidbi,argent-dawn,1150,warrior,arms,24,12,12
Crazykind,kazzak,1150,warrior,arms,24,12,12
Enzylolz,sanguino,1150,warrior,arms,24,12,12
Vajira,blackrock,1150,warrior,arms,30,12,18
Warmegedon,frostmane,1149,warrior,arms,18,12,6
Hoggle,runetotem,1149,warrior,arms,76,43,33
Crushonyou,aegwynn,1149,warrior,arms,24,12,12
Azjolnerub,kazzak,1149,warrior,arms,30,12,18
Kampfente,blackrock,1148,warrior,arms,18,12,6
ßigarms,ravencrest,1148,warrior,arms,18,12,6
Спуллае,soulflayer,1148,warrior,arms,18,12,6
Соловейч,howling-fjord,1148,warrior,arms,24,13,11
Jonalina,gilneas,1148,warrior,arms,84,42,42
Vorri,ravencrest,1148,warrior,arms,24,12,12
Tezzter,malganis,1148,warrior,arms,24,12,12
Firience,silvermoon,1148,warrior,arms,30,12,18
Chillycheesy,blackmoore,1148,warrior,arms,42,12,30
Zwerk,rajaxx,1147,warrior,arms,24,12,12
Tìera,ravencrest,1147,warrior,arms,27,13,14
Ragedotcom,archimonde,1146,warrior,arms,30,16,14
Draemmer,minahonda,1146,warrior,arms,30,15,15
Senshin,sanguino,1146,warrior,arms,24,12,12
Pourfendre,archimonde,1146,warrior,arms,24,12,12
Rieku,kazzak,1146,warrior,arms,36,12,24
Gerrmund,silvermoon,1145,warrior,arms,24,12,12
Nélow,khaz-modan,1145,warrior,arms,42,20,22
Argadea,archimonde,1145,warrior,arms,42,19,23
Gladiatoor,terenas,1145,warrior,arms,30,12,18
Ezop,burning-blade,1145,warrior,arms,30,12,18
Belzebud,kazzak,1145,warrior,arms,36,12,24
Orgi,drakthul,1145,warrior,arms,36,12,24
Shedzo,tarren-mill,1144,warrior,arms,18,12,6
Ratko,blackmoore,1144,warrior,arms,26,15,11
Warriovar,draenor,1144,warrior,arms,24,12,12
Chépérøs,kaelthas,1144,warrior,arms,60,26,34
Aesiva,die-aldor,1144,warrior,arms,30,13,17
Whimbux,stormscale,1144,warrior,arms,32,13,19
Garodis,blackmoore,1144,warrior,arms,30,12,18
Smashu,outland,1143,warrior,arms,18,12,6
Karnacîer,archimonde,1143,warrior,arms,30,19,11
Tddyy,silvermoon,1143,warrior,arms,24,12,12
Sephirotth,burning-legion,1142,warrior,arms,24,12,12
Kurzen,voljin,1142,warrior,arms,65,28,37
Brahlus,frostwolf,1142,warrior,arms,31,13,18
Футжисубо,razuvious,1142,warrior,arms,30,12,18
Monsterborn,bloodhoof,1142,warrior,arms,39,15,24
Freestýlz,archimonde,1141,warrior,arms,18,13,5
Ironsteve,blackmoore,1140,warrior,arms,261,118,143
Alphachadwar,azjolnerub,1140,warrior,arms,30,12,18
Realstars,tichondrius,1139,warrior,arms,33,13,20
Davari,ravencrest,1139,warrior,arms,33,12,21
Xlings,auchindoun,1138,warrior,arms,84,30,54
Баварриор,greymane,1137,warrior,arms,30,12,18
Kromt,shendralar,1136,warrior,arms,24,15,9
Dödslängtan,terokkar,1136,warrior,arms,46,25,21
Azëlls,archimonde,1136,warrior,arms,100,48,52
Mkazy,kirin-tor,1135,warrior,arms,24,12,12
Addy,twisting-nether,1135,warrior,arms,24,12,12
Bravest,ragnaros,1134,warrior,arms,24,12,12
Sankuto,kazzak,1133,warrior,arms,24,12,12
Vandnox,nozdormu,1133,warrior,arms,28,13,15
Medov,outland,1131,warrior,arms,54,23,31
Yolal,twisting-nether,1131,warrior,arms,102,43,59
Някитила,gordunni,1131,warrior,arms,55,22,33
Dübèl,blackrock,1130,warrior,arms,36,20,16
Zogyall,ysondre,1130,warrior,arms,60,26,34
Kratosgr,defias-brotherhood,1129,warrior,arms,24,12,12
Razt,bronze-dragonflight,1129,warrior,arms,24,12,12
Cloudstomper,ravenholdt,1129,warrior,arms,53,23,30
Vasabi,anetheron,1128,warrior,arms,24,12,12
Kugghalfswor,doomhammer,1128,warrior,arms,352,169,183
Joesalamanca,ragnaros,1127,warrior,arms,36,16,20
Katyparry,ragnaros,1127,warrior,arms,36,12,24
Tajiri,alakir,1126,warrior,arms,64,32,32
Varzeluu,sylvanas,1126,warrior,arms,36,15,21
Сифончик,ashenvale,1126,warrior,arms,30,12,18
Xatit,ravencrest,1126,warrior,arms,36,12,24
Methaniwths,twisting-nether,1125,warrior,arms,48,20,28
Ceb,drakthul,1125,warrior,arms,60,21,39
Mellvorr,malganis,1125,warrior,arms,47,12,35
Director,aegwynn,1124,warrior,arms,24,14,10
Nøøbisator,archimonde,1124,warrior,arms,42,20,22
Пифс,soulflayer,1122,warrior,arms,36,21,15
Маллал,soulflayer,1122,warrior,arms,54,18,36
Yüle,uldaman,1121,warrior,arms,30,15,15
Piedbot,archimonde,1121,warrior,arms,51,18,33
Truxiw,silvermoon,1120,warrior,arms,42,19,23
Infusione,nemesis,1119,warrior,arms,18,12,6
Atelier,magtheridon,1117,warrior,arms,54,29,25
Bennybryt,frostmane,1117,warrior,arms,23,12,11
Thiccrich,argent-dawn,1117,warrior,arms,48,25,23
Creezê,blackmoore,1117,warrior,arms,30,12,18
Lazaza,tarren-mill,1117,warrior,arms,43,17,26
Draktul,aegwynn,1116,warrior,arms,24,14,10
Scartle,dun-modr,1116,warrior,arms,24,12,12
Мутобой,soulflayer,1116,warrior,arms,58,25,33
Loosecanon,ravencrest,1116,warrior,arms,29,12,17
Palthor,drakthul,1116,warrior,arms,101,39,62
Carsannies,stormscale,1115,warrior,arms,127,56,71
Ärama,sanguino,1114,warrior,arms,30,16,14
Thorkell,genjuros,1114,warrior,arms,30,15,15
Friedhard,aegwynn,1114,warrior,arms,40,18,22
Muetzchen,blackhand,1110,warrior,arms,60,31,29
Sûgma,blackhand,1108,warrior,arms,44,23,21
Nyu,kirin-tor,1106,warrior,arms,35,19,16
Gnuhl,eredar,1106,warrior,arms,27,13,14
Vojownik,argent-dawn,1106,warrior,arms,30,12,18
Quarantino,ysondre,1105,warrior,arms,110,49,61
Kâine,blackmoore,1105,warrior,arms,86,34,52
Ruppydeluxe,frostwolf,1104,warrior,arms,38,13,25
Prs,defias-brotherhood,1103,warrior,arms,24,12,12
Korvjnus,burning-blade,1103,warrior,arms,66,29,37
Demonraze,hyjal,1102,warrior,arms,24,14,10
Миранир,soulflayer,1102,warrior,arms,62,30,32
Røiivar,hyjal,1102,warrior,arms,169,74,95
Керсантус,gordunni,1101,warrior,arms,17,12,5
Ethem,twisting-nether,1100,warrior,arms,127,70,57
Доминатори,grom,1100,warrior,arms,55,21,34
Difalco,archimonde,1099,warrior,arms,116,58,58
Хьялдэргодр,deathguard,1099,warrior,arms,30,12,18
Tiopollo,sanguino,1099,warrior,arms,30,12,18
Rutrah,ysondre,1099,warrior,arms,30,12,18
Gladiattus,drakthul,1098,warrior,arms,54,26,28
Фастод,greymane,1098,warrior,arms,66,30,36
Rindermett,eredar,1097,warrior,arms,30,12,18
Crixusxx,sanguino,1096,warrior,arms,25,13,12
Chaohz,grim-batol,1096,warrior,arms,29,12,17
Wrtxnexor,blackhand,1095,warrior,arms,34,16,18
Fdmachine,kazzak,1095,warrior,arms,48,21,27
Набосуюногу,gordunni,1095,warrior,arms,29,12,17
Vannié,blackhand,1094,warrior,arms,32,14,18
Sloppychoppy,silvermoon,1094,warrior,arms,59,25,34
Чузен,galakrond,1094,warrior,arms,42,16,26
Чухануспрайм,howling-fjord,1093,warrior,arms,34,13,21
Милославский,gordunni,1092,warrior,arms,58,29,29
Crasher,dentarg,1091,warrior,arms,42,21,21
Копенгаген,ashenvale,1091,warrior,arms,33,13,20
Дикийлёха,soulflayer,1090,warrior,arms,42,22,20
Bulwrak,eredar,1088,warrior,arms,148,68,80
Zuharakì,nemesis,1087,warrior,arms,62,24,38
Beebsy,aegwynn,1085,warrior,arms,20,12,8
Doveloo,kazzak,1085,warrior,arms,42,20,22
Krostapunk,colinas-pardas,1085,warrior,arms,30,13,17
Бежа,gordunni,1083,warrior,arms,66,37,29
Bullburzt,ragnaros,1083,warrior,arms,29,12,17
Uclat,archimonde,1082,warrior,arms,96,42,54
Pwettygal,tarren-mill,1080,warrior,arms,60,25,35
Noomel,twisting-nether,1079,warrior,arms,108,53,55
Cromix,blackrock,1079,warrior,arms,36,16,20
Ezsnacks,blackrock,1078,warrior,arms,62,32,30
Jäime,dun-modr,1078,warrior,arms,28,12,16
Áosr,ravencrest,1076,warrior,arms,82,42,40
Stuble,blackhand,1076,warrior,arms,41,19,22
Addicty,sylvanas,1075,warrior,arms,85,42,43
Jebzmiecza,kazzak,1075,warrior,arms,30,13,17
Frozenevil,kazzak,1075,warrior,arms,48,18,30
Inticam,durotan,1074,warrior,arms,49,26,23
Шарж,greymane,1073,warrior,arms,60,30,30
Корофер,galakrond,1072,warrior,arms,29,17,12
Teraa,the-maelstrom,1072,warrior,arms,54,30,24
Asurian,runetotem,1072,warrior,arms,34,16,18
Тонкрик,goldrinn,1072,warrior,arms,36,16,20
Whitebêârd,antonidas,1072,warrior,arms,46,18,28
Joka,dun-modr,1069,warrior,arms,59,26,33
Tobigforu,draenor,1068,warrior,arms,39,19,20
Вилькария,eversong,1067,warrior,arms,28,12,16
Etharedon,kul-tiras,1067,warrior,arms,94,40,54
Diolucido,shattered-hand,1066,warrior,arms,25,12,13
Optitt,dethecus,1066,warrior,arms,35,12,23
Diliul,doomhammer,1065,warrior,arms,40,18,22
Endermite,magtheridon,1065,warrior,arms,59,26,33
Lynton,sylvanas,1065,warrior,arms,31,12,19
Eragdagh,thrall,1064,warrior,arms,32,12,20
Aylîx,dun-modr,1062,warrior,arms,24,12,12
Katzz,dun-morogh,1061,warrior,arms,44,15,29
Gunka,tarren-mill,1060,warrior,arms,73,34,39
Hammerfall,uldum,1060,warrior,arms,60,24,36
Keksparrow,antonidas,1059,warrior,arms,36,16,20
Neoh,onyxia,1057,warrior,arms,75,38,37
Sufentaniili,frostwhisper,1056,warrior,arms,12,11,1
Рексторм,soulflayer,1056,warrior,arms,12,11,1
Klnrk,ravencrest,1056,warrior,arms,18,11,7
Zodiac,aggra-português,1056,warrior,arms,18,11,7
Strânge,gorgonnash,1056,warrior,arms,24,12,12
Proeliator,argent-dawn,1056,warrior,arms,24,11,13
Proffsét,ravencrest,1056,warrior,arms,24,11,13
Tyrasia,hyjal,1056,warrior,arms,24,11,13
Määh,frostmane,1056,warrior,arms,30,11,19
Recklesnes,kazzak,1056,warrior,arms,30,11,19
Pantsupic,archimonde,1056,warrior,arms,30,11,19
Gotural,ravencrest,1055,warrior,arms,12,11,1
Doritoslove,sanguino,1055,warrior,arms,18,11,7
Ufu,outland,1055,warrior,arms,18,11,7
Asasius,ravencrest,1055,warrior,arms,18,11,7
Hannìbal,ravencrest,1055,warrior,arms,18,11,7
Jayus,stormrage,1055,warrior,arms,18,11,7
Тарартзу,soulflayer,1055,warrior,arms,18,11,7
Maisner,stormscale,1055,warrior,arms,21,12,9
Justyòqt,archimonde,1055,warrior,arms,24,11,13
Taoke,ravencrest,1055,warrior,arms,24,11,13
Quotxwar,stormscale,1055,warrior,arms,24,11,13
Лимор,howling-fjord,1055,warrior,arms,24,11,13
Амаззони,howling-fjord,1055,warrior,arms,24,11,13
Liked,tarren-mill,1055,warrior,arms,24,11,13
Bikgusdickus,drakthul,1055,warrior,arms,24,11,13
Falconer,ravencrest,1055,warrior,arms,36,11,25
Tiimbs,tarren-mill,1054,warrior,arms,18,11,7
Zellóx,stormscale,1054,warrior,arms,18,11,7
Ramlosa,stormscale,1054,warrior,arms,18,11,7
Imglad,ragnaros,1054,warrior,arms,18,11,7
Cliwar,ragnaros,1054,warrior,arms,42,24,18
Артэгиусх,blackscar,1054,warrior,arms,81,40,41
Râmi,perenolde,1054,warrior,arms,24,11,13
Melogranod,nemesis,1054,warrior,arms,24,11,13
Trohr,blackmoore,1054,warrior,arms,24,11,13
Gorelaw,turalyon,1054,warrior,arms,24,11,13
Tinker,crushridge,1054,warrior,arms,24,11,13
Apollos,der-mithrilorden,1054,warrior,arms,30,11,19
Vallenwar,twisting-nether,1053,warrior,arms,18,11,7
Astost,silvermoon,1053,warrior,arms,18,11,7
Fullkraft,tarren-mill,1053,warrior,arms,60,29,31
Skaylulz,ragnaros,1053,warrior,arms,24,11,13
Zuuk,malganis,1053,warrior,arms,24,11,13
Синглдем,gordunni,1053,warrior,arms,24,11,13
Besån,ragnaros,1053,warrior,arms,25,11,14
Khoroc,die-aldor,1053,warrior,arms,30,11,19
Scusi,burning-blade,1053,warrior,arms,30,11,19
Amarthon,sylvanas,1053,warrior,arms,33,12,21
Salamandar,zenedar,1053,warrior,arms,36,11,25
Opticsynfel,argent-dawn,1052,warrior,arms,24,11,13
Polak,tirion,1052,warrior,arms,24,11,13
Swayzze,frostwolf,1052,warrior,arms,30,11,19
Gnomekek,sylvanas,1052,warrior,arms,30,11,19
Deathwingx,azuremyst,1052,warrior,arms,33,12,21
Ramhadat,hyjal,1051,warrior,arms,18,11,7
Blackaxe,sylvanas,1051,warrior,arms,18,11,7
Kundan,antonidas,1051,warrior,arms,24,14,10
Arteem,blackhand,1051,warrior,arms,20,11,9
Hgfe,doomhammer,1051,warrior,arms,24,11,13
Minimcgregor,sanguino,1051,warrior,arms,24,11,13
Bønecleaver,blackrock,1051,warrior,arms,24,11,13
Krônôs,thrall,1051,warrior,arms,24,11,13
Шорпит,howling-fjord,1051,warrior,arms,66,26,40
Âxti,blackrock,1050,warrior,arms,24,11,13
Grimarg,drakthul,1050,warrior,arms,24,11,13
Chocoroko,draenor,1050,warrior,arms,48,21,27
Solatika,alexstrasza,1050,warrior,arms,54,23,31
Бубаигавар,gordunni,1050,warrior,arms,30,11,19
Ironsíde,alakir,1050,warrior,arms,30,11,19
Blackin,blackmoore,1049,warrior,arms,18,11,7
Ètc,ravencrest,1049,warrior,arms,18,11,7
Bämoida,eredar,1049,warrior,arms,24,11,13
Nêithan,dun-modr,1049,warrior,arms,30,12,18
Warrmax,darksorrow,1048,warrior,arms,24,11,13
Akión,zuljin,1047,warrior,arms,24,11,13
Ðjlækker,silvermoon,1047,warrior,arms,24,11,13
Clukao,kazzak,1047,warrior,arms,30,11,19
Darksworn,alleria,1046,warrior,arms,18,11,7
Askawar,sylvanas,1046,warrior,arms,24,11,13
Supersonîc,aegwynn,1046,warrior,arms,24,11,13
Velikan,tarren-mill,1046,warrior,arms,30,11,19
Sàt,kazzak,1045,warrior,arms,18,11,7
Ninja,bronze-dragonflight,1045,warrior,arms,24,11,13
Roponmatsu,draenor,1045,warrior,arms,24,11,13
Midgardsormr,blackrock,1045,warrior,arms,41,15,26
Mladris,outland,1044,warrior,arms,24,11,13
Arkcules,ghostlands,1044,warrior,arms,24,11,13
Darkwa,azjolnerub,1044,warrior,arms,24,11,13
Pitii,burning-legion,1044,warrior,arms,26,11,15
Tuskyr,silvermoon,1044,warrior,arms,30,11,19
Masster,argent-dawn,1043,warrior,arms,18,11,7
Nocturia,archimonde,1043,warrior,arms,30,11,19
Unstorm,drakthul,1043,warrior,arms,36,11,25
Slapface,blackmoore,1042,warrior,arms,26,13,13
Wärfäcë,blades-edge,1042,warrior,arms,24,11,13
Ехасе,gordunni,1042,warrior,arms,34,15,19
Gpointt,lordaeron,1042,warrior,arms,54,19,35
Pips,minahonda,1041,warrior,arms,42,13,29
Talaganos,twisting-nether,1040,warrior,arms,31,17,14
Blufurys,nemesis,1040,warrior,arms,50,22,28
Уравниттель,gordunni,1039,warrior,arms,18,11,7
Stweye,frostmane,1038,warrior,arms,24,11,13
Nokturnâl,silvermoon,1037,warrior,arms,18,11,7
Gutworm,stormscale,1037,warrior,arms,24,11,13
Koorkhan,outland,1036,warrior,arms,24,11,13
Twinblyat,defias-brotherhood,1036,warrior,arms,24,11,13
Mæuzl,draenor,1036,warrior,arms,24,11,13
Stampsalot,deathwing,1036,warrior,arms,24,11,13
Bangbros,archimonde,1033,warrior,arms,18,11,7
Ferrum,sunstrider,1033,warrior,arms,24,11,13
Wargasm,burning-blade,1032,warrior,arms,18,11,7
Zugpump,tarren-mill,1031,warrior,arms,22,12,10
Raldjorn,hyjal,1031,warrior,arms,30,16,14
Ванмак,gordunni,1031,warrior,arms,24,11,13
Kilsera,blackmoore,1030,warrior,arms,18,11,7
Dardi,blackrock,1030,warrior,arms,24,11,13
Tercio,exodar,1030,warrior,arms,103,45,58
Raizø,aegwynn,1030,warrior,arms,31,13,18
Discotrosan,outland,1029,warrior,arms,37,17,20
Brvbert,antonidas,1029,warrior,arms,24,11,13
Executioner,ravencrest,1029,warrior,arms,24,11,13
Kante,frostmane,1029,warrior,arms,24,11,13
Ttz,tarren-mill,1029,warrior,arms,42,17,25
Téarz,blackrock,1029,warrior,arms,54,20,34
Утонаган,fordragon,1029,warrior,arms,30,11,19
Haipaz,draenor,1028,warrior,arms,38,17,21
Beserk,defias-brotherhood,1027,warrior,arms,46,28,18
Merdé,blackhand,1027,warrior,arms,135,67,68
Dariusvolt,argent-dawn,1025,warrior,arms,65,33,32
Konstantin,grim-batol,1024,warrior,arms,36,11,25
Tochka,kazzak,1024,warrior,arms,36,11,25
Sanhaevel,ravencrest,1023,warrior,arms,33,15,18
Lakes,eredar,1023,warrior,arms,35,11,24
Acestrike,defias-brotherhood,1021,warrior,arms,18,11,7
Matthaeos,nemesis,1019,warrior,arms,17,13,4
Mangore,tyrande,1019,warrior,arms,36,15,21
Xxoorrwarr,tarren-mill,1018,warrior,arms,25,13,12
Клавиатурный,soulflayer,1018,warrior,arms,29,11,18
Oralinde,silvermoon,1017,warrior,arms,78,43,35
Ironfists,kilrogg,1017,warrior,arms,24,11,13
Тычо,soulflayer,1016,warrior,arms,48,20,28
Troncodepino,nemesis,1016,warrior,arms,30,11,19
Battall,ysondre,1013,warrior,arms,18,11,7
Rîchy,blackrock,1013,warrior,arms,28,15,13
Rabiolika,sanguino,1012,warrior,arms,23,11,12
Cyniczny,draenor,1011,warrior,arms,27,12,15
Chatoon,elune,1010,warrior,arms,45,24,21
Audelia,sunstrider,1010,warrior,arms,24,11,13
Shinydjuwlz,turalyon,1008,warrior,arms,18,11,7
Зарган,howling-fjord,1007,warrior,arms,59,24,35
Falcowar,minahonda,1006,warrior,arms,24,11,13
Satanås,silvermoon,1005,warrior,arms,78,36,42
Бравурный,gordunni,1005,warrior,arms,24,11,13
Scill,silvermoon,1004,warrior,arms,36,16,20
Antraex,zuljin,1004,warrior,arms,30,13,17
Ezjau,blackmoore,1002,warrior,arms,114,58,56
Athérøs,outland,1002,warrior,arms,29,11,18
Gatlok,kazzak,1001,warrior,arms,24,11,13
Hammerfíst,kazzak,1000,warrior,arms,88,44,44
Dénis,onyxia,1000,warrior,arms,30,15,15
Seraphys,ravencrest,998,warrior,arms,28,12,16
Achsin,eredar,992,warrior,arms,39,17,22
Ugbruk,blackhand,991,warrior,arms,33,14,19
Sepsys,eredar,991,warrior,arms,48,15,33
Dazed,kazzak,989,warrior,arms,32,17,15
Knotteddickk,teldrassil,989,warrior,arms,23,11,12
Larkor,frostwolf,989,warrior,arms,79,31,48
Geicoo,dalaran,988,warrior,arms,56,29,27
Vyctimz,ravencrest,988,warrior,arms,22,11,11
Vorns,silvermoon,984,warrior,arms,22,11,11
Lithanør,silvermoon,984,warrior,arms,32,11,21
Màndø,archimonde,984,warrior,arms,33,11,22
Odonko,blackmoore,982,warrior,arms,42,20,22
Roninwar,the-maelstrom,981,warrior,arms,31,16,15
Dearmooses,stormscale,979,warrior,arms,42,23,19
Oldhatreds,twisting-nether,979,warrior,arms,22,11,11
Эсканорд,gordunni,978,warrior,arms,44,15,29
Fairly,burning-blade,977,warrior,arms,24,12,12
Thewitcher,stormscale,973,warrior,arms,30,11,19
Fknmoo,kazzak,971,warrior,arms,62,31,31
Heavenheart,bronzebeard,970,warrior,arms,22,15,7
Tinkley,quelthalas,969,warrior,arms,21,11,10
Ruga,echsenkessel,969,warrior,arms,73,35,38
Smaugman,nemesis,968,warrior,arms,49,18,31
Gealt,outland,966,warrior,arms,31,11,20
Chipstjuven,tarren-mill,963,warrior,arms,25,11,14
Valtýr,skullcrusher,961,warrior,arms,29,17,12
Dreadshanks,doomhammer,961,warrior,arms,60,31,29
Executeme,sylvanas,961,warrior,arms,36,18,18
Keanew,tarren-mill,960,warrior,arms,12,10,2
Schero,aegwynn,960,warrior,arms,12,10,2
Bigschnäbi,blackhand,960,warrior,arms,12,10,2
Wintertimex,stormscale,960,warrior,arms,12,10,2
Broarextiger,ragnaros,960,warrior,arms,18,10,8
Jà,kazzak,960,warrior,arms,18,10,8
Joelopes,archimonde,960,warrior,arms,18,10,8
Assgar,silvermoon,960,warrior,arms,18,10,8
Milant,antonidas,960,warrior,arms,18,10,8
Phalekxox,twisting-nether,960,warrior,arms,18,10,8
Klonyarikjr,ravencrest,960,warrior,arms,18,10,8
Каоссвар,howling-fjord,960,warrior,arms,18,10,8
Salpaaja,tarren-mill,960,warrior,arms,24,10,14
Andabad,silvermoon,960,warrior,arms,24,10,14
Meovv,saurfang,960,warrior,arms,24,10,14
Tomsom,sanguino,960,warrior,arms,24,10,14
Orthoss,archimonde,960,warrior,arms,24,10,14
Trâshcârlitâ,eredar,960,warrior,arms,24,10,14
Repó,twisting-nether,960,warrior,arms,24,10,14
Sereiz,tarren-mill,960,warrior,arms,30,10,20
Sindrener,ysondre,960,warrior,arms,30,10,20
Anahkäs,archimonde,960,warrior,arms,30,10,20
Mbappé,dragonblight,959,warrior,arms,12,10,2
Trushk,antonidas,959,warrior,arms,18,10,8
Zdi,blackrock,959,warrior,arms,18,10,8
Duckyone,zenedar,959,warrior,arms,18,10,8
Fearmedear,sylvanas,959,warrior,arms,18,10,8
Axxtm,ravencrest,959,warrior,arms,18,10,8
Chadgrave,argent-dawn,959,warrior,arms,18,10,8
Экспла,ashenvale,959,warrior,arms,18,10,8
Fizé,blackmoore,959,warrior,arms,18,10,8
Raul,ravencrest,959,warrior,arms,18,10,8
Bíanco,blackrock,959,warrior,arms,18,10,8
Ym,twisting-nether,959,warrior,arms,18,10,8
Boonur,arthas,959,warrior,arms,18,10,8
Mocomomo,argent-dawn,959,warrior,arms,18,10,8
Garkathar,draenor,959,warrior,arms,18,10,8
Оманко,howling-fjord,959,warrior,arms,24,10,14
Grdez,archimonde,959,warrior,arms,24,10,14
Nashgrim,blackrock,959,warrior,arms,24,10,14
Rookian,blackrock,959,warrior,arms,24,10,14
Легендор,howling-fjord,959,warrior,arms,24,10,14
Warhero,burning-legion,959,warrior,arms,24,10,14
Vlorgboi,drakthul,959,warrior,arms,24,10,14
Gór,area-52,959,warrior,arms,24,10,14
Kryszii,ragnaros,959,warrior,arms,24,10,14
Carksn,blackmoore,959,warrior,arms,28,11,17
Péridotruite,hyjal,959,warrior,arms,30,10,20
Garou,uldum,958,warrior,arms,12,10,2
Bigbmh,tarren-mill,958,warrior,arms,18,10,8
Mashooxd,archimonde,958,warrior,arms,18,10,8
Fiverare,stormscale,958,warrior,arms,18,10,8
Akarakhan,sanguino,958,warrior,arms,18,10,8
Shorrag,outland,958,warrior,arms,18,10,8
Hyogan,malganis,958,warrior,arms,18,10,8
Darlith,azshara,958,warrior,arms,18,10,8
Hanna,argent-dawn,958,warrior,arms,18,10,8
Rswar,archimonde,958,warrior,arms,18,10,8
Betonica,burning-legion,958,warrior,arms,18,10,8
Xilquib,darksorrow,958,warrior,arms,18,10,8
Gorlemar,blackmoore,958,warrior,arms,18,10,8
Braindeady,burning-legion,958,warrior,arms,18,10,8
Blacksliide,blackmoore,958,warrior,arms,18,10,8
Alokar,draenor,958,warrior,arms,18,10,8
Hamilton,bronzebeard,958,warrior,arms,18,10,8
Порицающий,soulflayer,958,warrior,arms,22,11,11
Bavet,sylvanas,958,warrior,arms,25,11,14
Warristyles,arygos,958,warrior,arms,24,10,14
Хамерртайм,goldrinn,958,warrior,arms,24,10,14
Gruxx,ragnaros,958,warrior,arms,24,10,14
Yatõ,blackmoore,958,warrior,arms,24,10,14
Slappcuzz,blackrock,958,warrior,arms,24,10,14
Leapling,blackmoore,958,warrior,arms,24,10,14
Onidrake,nemesis,958,warrior,arms,24,10,14
Adamchen,blackmoore,958,warrior,arms,30,10,20
Geroldius,silvermoon,958,warrior,arms,30,10,20
Rowr,argent-dawn,958,warrior,arms,30,10,20
Дотаветеран,soulflayer,957,warrior,arms,18,10,8
Ruinatiøn,stormscale,957,warrior,arms,18,10,8
Zevlovéx,kazzak,957,warrior,arms,18,10,8
Makote,uldum,957,warrior,arms,18,10,8
Draer,sanguino,957,warrior,arms,23,11,12
Клоузер,blackscar,957,warrior,arms,23,11,12
Testonator,outland,957,warrior,arms,24,10,14
Ðam,kazzak,957,warrior,arms,24,10,14
Becca,rexxar,957,warrior,arms,24,10,14
Sanguìnius,nemesis,957,warrior,arms,30,10,20
Topozugzug,tarren-mill,957,warrior,arms,30,10,20
Cucøriedka,burning-blade,957,warrior,arms,36,10,26
Roshas,twisting-nether,956,warrior,arms,18,10,8
Lucasqt,magtheridon,956,warrior,arms,18,10,8
Berzker,ragnaros,956,warrior,arms,18,10,8
Utero,drakthul,956,warrior,arms,24,10,14
Arenameister,blackmoore,956,warrior,arms,24,10,14
Quihc,outland,956,warrior,arms,24,10,14
Mìsà,ysondre,956,warrior,arms,29,10,19
Асхана,howling-fjord,955,warrior,arms,18,10,8
Deanx,ragnaros,955,warrior,arms,18,10,8
Nightbeard,twisting-nether,955,warrior,arms,18,10,8
Genç,ysondre,955,warrior,arms,24,10,14
Vectus,zuljin,955,warrior,arms,24,10,14
Onefourthree,silvermoon,955,warrior,arms,24,10,14
Xarmog,hyjal,955,warrior,arms,24,10,14
Gramrosh,eredar,955,warrior,arms,24,10,14
Neíd,malganis,955,warrior,arms,30,10,20
Rawne,kirin-tor,954,warrior,arms,18,10,8
Brutalz,kazzak,954,warrior,arms,18,10,8
Smob,ragnaros,954,warrior,arms,18,10,8
Solle,blackrock,954,warrior,arms,18,10,8
Труперсила,howling-fjord,954,warrior,arms,24,10,14
Protecmoo,drakthul,954,warrior,arms,24,10,14
Ôwndbylx,aegwynn,954,warrior,arms,27,11,16
Vlajko,kazzak,954,warrior,arms,36,13,23
Rukkeg,silvermoon,954,warrior,arms,30,10,20
Yngvar,darksorrow,954,warrior,arms,30,10,20
Zelwar,drakthul,953,warrior,arms,19,13,6
Camaon,outland,953,warrior,arms,18,10,8
Spaceløl,archimonde,953,warrior,arms,24,11,13
Vrokoda,quelthalas,953,warrior,arms,24,10,14
Blanchysnow,hyjal,952,warrior,arms,18,10,8
Decreased,dun-modr,952,warrior,arms,18,10,8
Ginò,stormscale,952,warrior,arms,18,10,8
Unkmòr,pozzo-delleternità,952,warrior,arms,42,22,20
Rayenna,dalaran,951,warrior,arms,12,10,2
Думрайт,gordunni,951,warrior,arms,18,10,8
Tchral,burning-legion,951,warrior,arms,24,10,14
Zerm,draenor,949,warrior,arms,18,10,8
Braûsepulver,guldan,949,warrior,arms,66,32,34
Zargala,stormscale,948,warrior,arms,18,10,8
Зуботычник,gordunni,948,warrior,arms,18,10,8
Qvil,sanguino,948,warrior,arms,93,31,62
Obitron,argent-dawn,947,warrior,arms,24,10,14
Omglolnoob,magtheridon,946,warrior,arms,26,10,16
Kreaten,chamber-of-aspects,944,warrior,arms,78,27,51
Jackycoke,blackhand,943,warrior,arms,30,10,20
Rajaka,archimonde,942,warrior,arms,24,11,13
Dorya,aegwynn,942,warrior,arms,23,10,13
Brisky,tarren-mill,942,warrior,arms,24,10,14
Arschal,khaz-modan,941,warrior,arms,20,12,8
Pedergun,defias-brotherhood,940,warrior,arms,18,10,8
Илийя,razuvious,940,warrior,arms,29,10,19
Rogirb,drakthul,938,warrior,arms,24,10,14
Kaerz,ysondre,934,warrior,arms,18,10,8
Иалаи,howling-fjord,934,warrior,arms,20,10,10
Pigleto,ravencrest,933,warrior,arms,45,20,25
Vooice,sylvanas,933,warrior,arms,29,10,19
Глинм,gordunni,932,warrior,arms,129,53,76
Bubciu,burning-legion,932,warrior,arms,30,10,20
Lapyy,drakthul,931,warrior,arms,36,18,18
Йомхар,howling-fjord,931,warrior,arms,30,10,20
Kvanyrius,archimonde,930,warrior,arms,36,10,26
Orchëstre,eitrigg,929,warrior,arms,202,103,99
Bòónki,ravencrest,929,warrior,arms,84,38,46
Ileei,kazzak,929,warrior,arms,30,10,20
Ganik,malganis,927,warrior,arms,23,10,13
Джеймсчейз,blackscar,926,warrior,arms,23,10,13
Léonie,arakarahm,924,warrior,arms,23,10,13
Avïlîa,dalaran,922,warrior,arms,30,10,20
Orcaz,eredar,920,warrior,arms,30,10,20
Tynyas,dalaran,918,warrior,arms,61,31,30
Shãne,ysondre,918,warrior,arms,22,10,12
Abelgf,exodar,918,warrior,arms,32,12,20
Gizmaxe,tarren-mill,916,warrior,arms,20,11,9
Tengriy,wildhammer,915,warrior,arms,14,11,3
Takashia,ravencrest,915,warrior,arms,22,11,11
Zouo,blackhand,911,warrior,arms,23,10,13
Mölntuss,emeriss,911,warrior,arms,29,10,19
Wulfgâr,dun-modr,907,warrior,arms,42,22,20
Justop,ravencrest,907,warrior,arms,23,10,13
Dolforden,burning-legion,907,warrior,arms,23,10,13
Durmithor,silvermoon,906,warrior,arms,35,10,25
Энлами,gordunni,905,warrior,arms,21,10,11
Zêrklatscher,lordaeron,905,warrior,arms,48,12,36
Искристый,howling-fjord,903,warrior,arms,18,11,7
Cryze,ravencrest,903,warrior,arms,21,10,11
Алибастор,galakrond,901,warrior,arms,29,10,19
Cowlunderowl,tarren-mill,900,warrior,arms,32,11,21
Adrï,draenor,898,warrior,arms,100,50,50
Warsky,archimonde,898,warrior,arms,36,18,18
Shtygar,doomhammer,898,warrior,arms,36,13,23
Zalhym,archimonde,898,warrior,arms,33,10,23
Брамон,gordunni,896,warrior,arms,16,10,6
Manymen,outland,896,warrior,arms,66,27,39
Mistawolf,ravencrest,896,warrior,arms,48,14,34
Dreadstyle,burning-legion,895,warrior,arms,21,10,11
Razecraz,ysondre,894,warrior,arms,18,11,7
Gramash,grim-batol,892,warrior,arms,34,11,23
Rapidinhas,aggra-português,890,warrior,arms,16,10,6
Биграма,howling-fjord,890,warrior,arms,26,10,16
Zhønya,aegwynn,889,warrior,arms,23,10,13
Perseó,minahonda,888,warrior,arms,54,16,38
Рагнарульв,gordunni,885,warrior,arms,14,10,4
Авврорра,gordunni,885,warrior,arms,66,34,32
Дотрен,galakrond,883,warrior,arms,42,20,22
Rejectofrage,ragnaros,882,warrior,arms,60,26,34
Обиванкенобя,soulflayer,879,warrior,arms,32,10,22
Cyrø,blackmoore,875,warrior,arms,25,10,15
Spartazo,turalyon,873,warrior,arms,48,18,30
Sangarane,archimonde,868,warrior,arms,27,14,13
Bazsika,ragnaros,865,warrior,arms,66,23,43
Marqinios,archimonde,864,warrior,arms,12,9,3
Gladwfriends,ravencrest,864,warrior,arms,12,9,3
Jhoakim,argent-dawn,864,warrior,arms,12,9,3
Drvx,twisting-nether,864,warrior,arms,12,9,3
Antìcìdè,ravencrest,864,warrior,arms,12,9,3
Zäløøpå,kazzak,864,warrior,arms,12,9,3
Naum,draenor,864,warrior,arms,12,9,3
Zeetx,les-clairvoyants,864,warrior,arms,12,9,3
Necrio,kazzak,864,warrior,arms,18,9,9
Trensexual,twisting-nether,864,warrior,arms,18,9,9
Émalkay,tarren-mill,864,warrior,arms,18,9,9
Джамалли,howling-fjord,864,warrior,arms,18,9,9
Ирклейн,howling-fjord,864,warrior,arms,18,9,9
Тьмасвятая,gordunni,864,warrior,arms,18,9,9
Precel,burning-legion,864,warrior,arms,18,9,9
Vampviv,tarren-mill,864,warrior,arms,18,9,9
Данзетар,howling-fjord,864,warrior,arms,18,9,9
Knoutt,burning-legion,864,warrior,arms,18,9,9
Zorn,blackmoore,864,warrior,arms,18,9,9
Bonza,blackrock,864,warrior,arms,18,9,9
Изикол,blackscar,864,warrior,arms,18,9,9
Jeax,rexxar,864,warrior,arms,18,9,9
Balenciarmor,silvermoon,864,warrior,arms,18,9,9
Khalidax,hyjal,864,warrior,arms,18,9,9
Casty,blackrock,864,warrior,arms,18,9,9
Chestbru,blackrock,864,warrior,arms,18,9,9
Donkeymeta,frostmane,864,warrior,arms,18,9,9
Bâyer,burning-legion,864,warrior,arms,18,9,9
Erickson,tarren-mill,864,warrior,arms,24,9,15
Kzagan,outland,864,warrior,arms,24,9,15
Môtu,aegwynn,864,warrior,arms,24,9,15
Комбобрэйкер,grom,864,warrior,arms,24,9,15
Vikktor,doomhammer,864,warrior,arms,24,9,15
Tenthøusand,sylvanas,864,warrior,arms,24,9,15
Dmgsponge,stormscale,864,warrior,arms,24,9,15
Brigitá,argent-dawn,864,warrior,arms,24,9,15
Ñoxpløde,tarren-mill,863,warrior,arms,12,9,3
Ølolo,stormscale,863,warrior,arms,12,9,3
Bigbosscho,draenor,863,warrior,arms,12,9,3
Bandfør,archimonde,863,warrior,arms,12,9,3
Battleox,stormscale,863,warrior,arms,18,9,9
Alaë,archimonde,863,warrior,arms,18,9,9
Pyrohand,arthas,863,warrior,arms,18,9,9
Theolcostaud,archimonde,863,warrior,arms,18,9,9
Kaloche,hyjal,863,warrior,arms,18,9,9
Mjol,silvermoon,863,warrior,arms,18,9,9
Хастурхотеп,gordunni,863,warrior,arms,18,9,9
Punisherhulk,stormscale,863,warrior,arms,18,9,9
Cebystance,kazzak,863,warrior,arms,18,9,9
Астерио,blackscar,863,warrior,arms,18,9,9
Elpap,draenor,863,warrior,arms,18,9,9
Poyraz,blackrock,863,warrior,arms,18,9,9
Noisey,sanguino,863,warrior,arms,18,9,9
Drøgma,tyrande,863,warrior,arms,18,9,9
Kirzan,silvermoon,863,warrior,arms,18,9,9
Iuliaa,ravencrest,863,warrior,arms,18,9,9
Arenatogo,blackmoore,863,warrior,arms,18,9,9
Wisemanx,draenor,863,warrior,arms,18,9,9
Warbigboss,draenor,863,warrior,arms,18,9,9
Дейниксис,howling-fjord,863,warrior,arms,18,9,9
Shanai,silvermoon,863,warrior,arms,18,9,9
Bladesmiths,argent-dawn,863,warrior,arms,18,9,9
Pexqt,blackmoore,863,warrior,arms,18,9,9
Pacheco,eredar,863,warrior,arms,21,10,11
Valyron,ravencrest,863,warrior,arms,22,9,13
Leroyluca,gilneas,863,warrior,arms,24,9,15
Nârmøra,thrall,863,warrior,arms,24,9,15
Kneecleaver,darksorrow,863,warrior,arms,24,9,15
Hellkau,blackmoore,863,warrior,arms,24,9,15
Bolvarson,malganis,863,warrior,arms,24,9,15
Rhaegon,laughing-skull,863,warrior,arms,24,9,15
Duaig,pozzo-delleternità,863,warrior,arms,24,9,15
Ajhogan,ravencrest,863,warrior,arms,24,9,15
Borndet,eredar,863,warrior,arms,24,9,15
Belmont,doomhammer,863,warrior,arms,24,9,15
Darkblader,dalvengyr,863,warrior,arms,24,9,15
Shiikaa,hyjal,863,warrior,arms,24,9,15
Johnfogerty,twisting-nether,863,warrior,arms,24,9,15
Øzak,outland,863,warrior,arms,24,9,15
Nyxo,argent-dawn,863,warrior,arms,30,9,21
Jashin,hellfire,863,warrior,arms,30,9,21
Adalyn,azjolnerub,862,warrior,arms,12,9,3
Prag,silvermoon,862,warrior,arms,22,11,11
Fidicenz,ysondre,862,warrior,arms,18,9,9
Delarosa,drakthul,862,warrior,arms,18,9,9
Veeg,blackmoore,862,warrior,arms,18,9,9
Tuncis,aszune,862,warrior,arms,18,9,9
Onkra,malganis,862,warrior,arms,18,9,9
Bekkey,lightbringer,862,warrior,arms,24,9,15
Камрадшторм,borean-tundra,862,warrior,arms,24,9,15
Fluffycute,blackhand,862,warrior,arms,24,9,15
Realdrdob,kazzak,862,warrior,arms,24,9,15
Slowfeet,stormscale,861,warrior,arms,12,9,3
Nêgan,stormscale,861,warrior,arms,18,9,9
Wvanp,tarren-mill,861,warrior,arms,18,9,9
Sax,ravencrest,861,warrior,arms,18,9,9
Legendfury,ravencrest,861,warrior,arms,18,9,9
Мономер,soulflayer,861,warrior,arms,24,9,15
Santorro,drakthul,861,warrior,arms,24,9,15
Amar,defias-brotherhood,861,warrior,arms,29,10,19
Bigbaduglyy,twisting-nether,861,warrior,arms,30,9,21
Fløxswarri,blackmoore,860,warrior,arms,18,9,9
Hexzo,ravencrest,860,warrior,arms,18,9,9
Bezark,kazzak,860,warrior,arms,18,9,9
Andoror,nemesis,860,warrior,arms,18,9,9
Schwarzkoviç,hyjal,860,warrior,arms,24,9,15
Казырной,soulflayer,860,warrior,arms,24,9,15
Zersei,los-errantes,860,warrior,arms,24,9,15
Chisco,kazzak,860,warrior,arms,24,9,15
Buncljin,draenor,860,warrior,arms,24,9,15
Woopzi,twisting-nether,860,warrior,arms,36,9,27
Dautis,dun-modr,859,warrior,arms,15,10,5
Stits,chromaggus,859,warrior,arms,18,9,9
Waxxo,frostwolf,859,warrior,arms,18,9,9
Gilgarez,twisting-nether,859,warrior,arms,18,9,9
Маханхет,soulflayer,859,warrior,arms,24,9,15
Isidoro,ravencrest,859,warrior,arms,24,9,15
Brúgar,antonidas,859,warrior,arms,24,9,15
Дрекзот,howling-fjord,858,warrior,arms,15,10,5
Crud,die-silberne-hand,858,warrior,arms,18,9,9
Radge,hyjal,858,warrior,arms,24,9,15
Ozok,blackrock,858,warrior,arms,24,9,15
Kronnosh,tarren-mill,857,warrior,arms,12,9,3
Варбыкмашина,howling-fjord,857,warrior,arms,18,9,9
Ruioz,draenor,857,warrior,arms,24,9,15
Warrgob,outland,857,warrior,arms,24,9,15
Marcusk,thunderhorn,857,warrior,arms,24,9,15
Бларк,goldrinn,857,warrior,arms,30,9,21
Raivorouva,stormreaver,856,warrior,arms,18,9,9
Gids,silvermoon,856,warrior,arms,24,9,15
Chrimo,silvermoon,856,warrior,arms,30,9,21
Wfx,kazzak,855,warrior,arms,18,9,9
Gucix,tarren-mill,855,warrior,arms,18,9,9
Kixx,twisting-nether,855,warrior,arms,30,14,16
Salom,illidan,855,warrior,arms,24,9,15
Lurádin,kargath,855,warrior,arms,24,9,15
Pvpstyle,bloodscalp,855,warrior,arms,24,9,15
Hulkkis,outland,855,warrior,arms,30,9,21
Smkw,kazzak,854,warrior,arms,32,19,13
Bjornn,azjolnerub,854,warrior,arms,18,9,9
Discogoon,twilights-hammer,854,warrior,arms,87,32,55
Ruuster,norgannon,853,warrior,arms,30,9,21
Janeu,nozdormu,852,warrior,arms,18,9,9
Экзекутэр,soulflayer,852,warrior,arms,24,9,15
Syforce,ravencrest,850,warrior,arms,18,9,9
Nakroll,sanguino,850,warrior,arms,24,9,15
Goodvibez,silvermoon,848,warrior,arms,30,9,21
Owarr,grim-batol,847,warrior,arms,12,9,3
Имяужезанято,gordunni,846,warrior,arms,17,9,8
Bashion,ghostlands,846,warrior,arms,30,10,20
Aemirage,doomhammer,842,warrior,arms,54,27,27
Короноварус,greymane,842,warrior,arms,42,19,23
Àke,darksorrow,842,warrior,arms,24,9,15
Badazz,thunderhorn,842,warrior,arms,24,9,15
Xienia,dun-morogh,841,warrior,arms,30,10,20
Îwar,ysondre,837,warrior,arms,42,9,33
Marciano,dalaran,835,warrior,arms,18,9,9
Лесковер,howling-fjord,831,warrior,arms,23,9,14
Leesh,ravenholdt,830,warrior,arms,24,10,14
Deko,magtheridon,829,warrior,arms,14,10,4
Ajgreedy,grim-batol,829,warrior,arms,23,9,14
Watsabe,kazzak,829,warrior,arms,23,9,14
Greeneroi,khaz-modan,829,warrior,arms,35,9,26
Overdose,anetheron,827,warrior,arms,17,10,7
Зед,blackscar,827,warrior,arms,25,13,12
Nelfx,aggra-português,822,warrior,arms,48,21,27
Бургерс,soulflayer,816,warrior,arms,21,9,12
Rødprincê,ravencrest,815,warrior,arms,15,9,6
Tanoras,kazzak,815,warrior,arms,17,9,8
Darkmidgét,silvermoon,815,warrior,arms,21,9,12
Knoxworth,kazzak,814,warrior,arms,17,9,8
Warriotrix,tarren-mill,814,warrior,arms,21,9,12
Андервульф,booty-bay,814,warrior,arms,23,9,14
Erenowski,twisting-nether,813,warrior,arms,18,9,9
Брокксигарр,borean-tundra,812,warrior,arms,23,9,14
Станеслав,gordunni,810,warrior,arms,23,9,14
Математик,razuvious,802,warrior,arms,21,10,11
Naturesfault,ravencrest,799,warrior,arms,14,9,5
Actuallyorc,twisting-nether,799,warrior,arms,14,9,5
Слэймодх,howling-fjord,799,warrior,arms,17,9,8
Skullhammer,burning-legion,799,warrior,arms,24,9,15
Jiñnx,outland,798,warrior,arms,11,9,2
Ahmedmohsen,kazzak,796,warrior,arms,20,9,11
Scud,frostwhisper,796,warrior,arms,22,9,13
Patriotdk,runetotem,796,warrior,arms,87,32,55
Кейнорин,howling-fjord,789,warrior,arms,28,9,19
Finalsmasher,thrall,784,warrior,arms,42,16,26
Kenzai,aegwynn,783,warrior,arms,19,9,10
Panduf,rashgarroth,781,warrior,arms,11,9,2
Brutariz,silvermoon,778,warrior,arms,19,9,10
Dlstroyer,eonar,776,warrior,arms,24,10,14
Yuushi,doomhammer,772,warrior,arms,32,12,20
Sevenheavy,draenor,768,warrior,arms,12,8,4
Piré,tarren-mill,768,warrior,arms,12,8,4
Spiokra,hellscream,768,warrior,arms,12,8,4
Rayner,illidan,768,warrior,arms,12,8,4
Curelia,malganis,768,warrior,arms,12,8,4
Yarilol,aegwynn,768,warrior,arms,12,8,4
Éliøkor,outland,768,warrior,arms,12,8,4
Bulfwart,zuljin,768,warrior,arms,12,8,4
Bigdøngfur,archimonde,768,warrior,arms,12,8,4
Shreedshot,blackmoore,768,warrior,arms,12,8,4
Ryuuzetsu,drakthul,768,warrior,arms,12,8,4
Smorccroms,stormscale,768,warrior,arms,12,8,4
Epyøn,stormscale,768,warrior,arms,12,8,4
Бигбэйбитейп,greymane,768,warrior,arms,12,8,4
Fknslow,ravencrest,768,warrior,arms,12,8,4
Beiskaldí,blackrock,768,warrior,arms,12,8,4
Kultywator,silvermoon,768,warrior,arms,12,8,4
Syjin,antonidas,768,warrior,arms,12,8,4
Отвечай,gordunni,768,warrior,arms,12,8,4
Muyubu,eredar,768,warrior,arms,12,8,4
Psinovich,sylvanas,768,warrior,arms,12,8,4
Ballin,dragonblight,768,warrior,arms,12,8,4
Dagon,gorgonnash,768,warrior,arms,12,8,4
Audrin,twisting-nether,768,warrior,arms,12,8,4
Zamorák,twisting-nether,768,warrior,arms,12,8,4
Mâlitek,archimonde,768,warrior,arms,12,8,4
Меффект,howling-fjord,768,warrior,arms,12,8,4
Chíppéd,draenor,768,warrior,arms,12,8,4
Эсфор,howling-fjord,768,warrior,arms,12,8,4
Rageside,draenor,768,warrior,arms,12,8,4
Astidon,ravencrest,768,warrior,arms,15,9,6
Madßud,ravencrest,768,warrior,arms,14,8,6
Груббоб,booty-bay,768,warrior,arms,18,8,10
Panzerpung,outland,768,warrior,arms,18,8,10
Arsinal,blackhand,768,warrior,arms,18,8,10
Belmønt,archimonde,768,warrior,arms,18,8,10
Tehmountain,ravencrest,768,warrior,arms,18,8,10
Кисямур,soulflayer,768,warrior,arms,18,8,10
Maresur,burning-legion,768,warrior,arms,18,8,10
Visari,kiljaeden,768,warrior,arms,18,8,10
Hønks,antonidas,768,warrior,arms,18,8,10
Notzage,les-sentinelles,768,warrior,arms,18,8,10
Ликано,greymane,768,warrior,arms,18,8,10
Ваншотч,blackscar,768,warrior,arms,18,8,10
Fookyoup,stormscale,768,warrior,arms,18,8,10
Howdoyouløse,stormscale,768,warrior,arms,18,8,10
Vermis,stormscale,768,warrior,arms,18,8,10
Андрюхабш,soulflayer,768,warrior,arms,18,8,10
Xdpromtius,dun-modr,768,warrior,arms,18,8,10
Mkone,ravencrest,768,warrior,arms,18,8,10
Dréngr,blackrock,768,warrior,arms,18,8,10
Aauv,twisting-nether,768,warrior,arms,18,8,10
Гатсх,blackscar,768,warrior,arms,18,8,10
Kehnan,blackrock,768,warrior,arms,18,8,10
Steelride,silvermoon,768,warrior,arms,18,8,10
Styxwr,blackhand,768,warrior,arms,18,8,10
Leavyu,silvermoon,768,warrior,arms,24,8,16
Глейс,gordunni,768,warrior,arms,24,8,16
Galiusx,malganis,768,warrior,arms,24,8,16
Elinyar,aegwynn,768,warrior,arms,24,8,16
Caffeinë,ravencrest,768,warrior,arms,24,8,16
Роглум,blackscar,768,warrior,arms,30,8,22
Фуджитаку,gordunni,768,warrior,arms,36,8,28
Huevon,draenor,767,warrior,arms,12,8,4
Critwar,draenor,767,warrior,arms,12,8,4
Anndersen,defias-brotherhood,767,warrior,arms,12,8,4
Helenius,ravencrest,767,warrior,arms,12,8,4
Smikka,jaedenar,767,warrior,arms,12,8,4
Pílot,ravencrest,767,warrior,arms,12,8,4
Sená,stormscale,767,warrior,arms,12,8,4
Luckyfelix,blackmoore,767,warrior,arms,12,8,4
Barvaron,argent-dawn,767,warrior,arms,12,8,4
Atzex,blackmoore,767,warrior,arms,12,8,4
Dagreenjo,tarren-mill,767,warrior,arms,12,8,4
Dikastis,kul-tiras,767,warrior,arms,15,9,6
Dtraque,kaelthas,767,warrior,arms,18,8,10
Tomhankz,ravencrest,767,warrior,arms,18,8,10
Ericmontana,draenor,767,warrior,arms,18,8,10
Craíne,antonidas,767,warrior,arms,18,8,10
Nadelicious,kazzak,767,warrior,arms,18,8,10
Nabb,outland,767,warrior,arms,18,8,10
Mòrzàr,outland,767,warrior,arms,18,8,10
Litlijón,ravencrest,767,warrior,arms,18,8,10
Hellripper,antonidas,767,warrior,arms,18,8,10
Kunodontas,draenor,767,warrior,arms,18,8,10
Delvirx,draenor,767,warrior,arms,18,8,10
Broxiw,darkspear,767,warrior,arms,18,8,10
Nuhilug,tarren-mill,767,warrior,arms,18,8,10
Tenramar,silvermoon,767,warrior,arms,18,8,10
Akim,ysondre,767,warrior,arms,18,8,10
Whiteowlx,argent-dawn,767,warrior,arms,18,8,10
Hermosse,dalaran,767,warrior,arms,18,8,10
Teg,ravencrest,767,warrior,arms,18,8,10
Oxey,ragnaros,767,warrior,arms,18,8,10
Josimar,kazzak,767,warrior,arms,18,8,10
Scràvity,blackhand,767,warrior,arms,18,8,10
Horseye,eredar,767,warrior,arms,18,8,10
Longy,mazrigos,767,warrior,arms,18,8,10
Барнаул,gordunni,767,warrior,arms,18,8,10
Recklessness,drakthul,767,warrior,arms,18,8,10
Warclodo,la-croisade-écarlate,767,warrior,arms,18,8,10
Jjokkerr,magtheridon,767,warrior,arms,18,8,10
Alexwar,draenor,767,warrior,arms,18,8,10
Kalopsia,drakthul,767,warrior,arms,18,8,10
Бокалпивка,soulflayer,767,warrior,arms,21,9,12
Crizby,twisting-nether,767,warrior,arms,24,8,16
Чевчелиос,deathweaver,767,warrior,arms,24,8,16
Spacemachine,kazzak,767,warrior,arms,24,8,16
Rylbrah,blackmoore,767,warrior,arms,24,8,16
Eohere,der-rat-von-dalaran,767,warrior,arms,24,8,16
Øfè,ysondre,767,warrior,arms,24,8,16
Warbringer,burning-blade,767,warrior,arms,24,8,16
Newgáte,silvermoon,766,warrior,arms,12,8,4
Weedshoter,burning-legion,766,warrior,arms,12,8,4
Dwarphex,outland,766,warrior,arms,12,8,4
Bonkonator,stormscale,766,warrior,arms,12,8,4
Tozzabancøne,nemesis,766,warrior,arms,12,8,4
Celean,darksorrow,766,warrior,arms,12,8,4
Brutalx,twisting-nether,766,warrior,arms,14,8,6
Dréck,aegwynn,766,warrior,arms,18,8,10
Rageaholic,blackmoore,766,warrior,arms,18,8,10
Zerxees,tarren-mill,766,warrior,arms,18,8,10
Gùts,stormreaver,766,warrior,arms,18,8,10
Lydianite,stormrage,766,warrior,arms,18,8,10
Vohok,jaedenar,766,warrior,arms,18,8,10
Byrnjolf,zuljin,766,warrior,arms,18,8,10
Loliclapper,grim-batol,766,warrior,arms,18,8,10
Хэлвид,soulflayer,766,warrior,arms,18,8,10
Beamis,ragnaros,766,warrior,arms,18,8,10
Bjornska,defias-brotherhood,766,warrior,arms,18,8,10
Тевивар,gordunni,766,warrior,arms,18,8,10
Jeronimoe,blackmoore,766,warrior,arms,19,8,11
Нэиро,howling-fjord,766,warrior,arms,24,8,16
Kekzero,kazzak,766,warrior,arms,24,8,16
Alkuwaity,outland,766,warrior,arms,24,8,16
Lîliana,ysondre,765,warrior,arms,12,8,4
Saitäma,burning-legion,765,warrior,arms,12,8,4
Xongoku,blackrock,765,warrior,arms,12,8,4
Bladestorm,dun-morogh,765,warrior,arms,18,8,10
Tidrick,argent-dawn,765,warrior,arms,18,8,10
Fortësque,uldaman,765,warrior,arms,18,8,10
Exeqty,the-maelstrom,765,warrior,arms,18,8,10
Ogvico,stormscale,765,warrior,arms,18,8,10
Smaxi,kazzak,765,warrior,arms,18,8,10
Feydal,thrall,765,warrior,arms,24,8,16
Younes,ravencrest,765,warrior,arms,24,8,16
Hirbus,ravencrest,765,warrior,arms,25,8,17
Kotto,defias-brotherhood,765,warrior,arms,30,8,22
Havooc,ragnaros,764,warrior,arms,12,8,4
Lucciouss,sylvanas,764,warrior,arms,12,8,4
Berree,outland,764,warrior,arms,18,8,10
Okke,thunderhorn,764,warrior,arms,24,8,16
Tinull,silvermoon,764,warrior,arms,24,8,16
Lìón,blackhand,764,warrior,arms,24,8,16
Ireincarnate,argent-dawn,763,warrior,arms,18,8,10
Giggadaddy,tarren-mill,763,warrior,arms,18,8,10
Vurra,zuljin,763,warrior,arms,18,8,10
Lupacha,exodar,763,warrior,arms,18,8,10
Darkchao,madmortem,763,warrior,arms,20,8,12
Gvngx,zuljin,763,warrior,arms,30,8,22
Ripper,scarshield-legion,763,warrior,arms,30,8,22
Leyon,blades-edge,762,warrior,arms,12,8,4
Previse,argent-dawn,762,warrior,arms,18,8,10
Даммодар,howling-fjord,762,warrior,arms,18,8,10
Suolijumppa,stormreaver,762,warrior,arms,18,8,10
Boindal,senjin,762,warrior,arms,18,8,10
Auriwariah,silvermoon,762,warrior,arms,18,8,10
Danoriix,drakthul,762,warrior,arms,24,8,16
Turmund,turalyon,762,warrior,arms,24,8,16
Deasyo,thrall,762,warrior,arms,24,8,16
Øruch,draenor,761,warrior,arms,18,8,10
Warbringer,ravencrest,761,warrior,arms,24,8,16
Grimdorf,frostmane,761,warrior,arms,24,8,16
Encounter,nefarian,760,warrior,arms,12,8,4
Ríght,auchindoun,760,warrior,arms,13,8,5
Alhexander,dun-modr,760,warrior,arms,18,8,10
Alysa,ravencrest,760,warrior,arms,24,8,16
Грруд,galakrond,760,warrior,arms,24,8,16
Glevran,turalyon,760,warrior,arms,24,8,16
Машамеч,blackscar,760,warrior,arms,30,8,22
Ceteris,eredar,759,warrior,arms,12,8,4
Maelvos,ravencrest,758,warrior,arms,18,8,10
Knegt,stormreaver,757,warrior,arms,18,8,10
Upturn,ravencrest,757,warrior,arms,24,8,16
Alothar,khaz-modan,755,warrior,arms,66,27,39
Poluneikos,turalyon,755,warrior,arms,24,8,16
Pappkopf,rexxar,753,warrior,arms,24,8,16
Mathej,drakthul,751,warrior,arms,17,8,9
Calipp,die-aldor,750,warrior,arms,24,8,16
Тэсхард,blackscar,749,warrior,arms,12,8,4
Batourga,marécage-de-zangar,749,warrior,arms,23,8,15
Shadrassil,eonar,747,warrior,arms,18,8,10
Дедсдрыном,howling-fjord,747,warrior,arms,23,8,15
Рф,thermaplugg,745,warrior,arms,26,9,17
Vcorvin,dun-modr,741,warrior,arms,24,8,16
Furraxx,elune,736,warrior,arms,18,8,10
Demonstðrm,silvermoon,735,warrior,arms,22,8,14
Hazzaogx,draenor,735,warrior,arms,23,8,15
Broarexlion,ragnaros,735,warrior,arms,23,8,15
Gaarrossh,kazzak,735,warrior,arms,29,8,21
Eltaré,hyjal,734,warrior,arms,14,9,5
Megaloddon,ravencrest,734,warrior,arms,17,8,9
Grimsong,antonidas,733,warrior,arms,14,9,5
Madict,outland,733,warrior,arms,18,8,10
Imbakarimbá,blackrock,732,warrior,arms,17,8,9
Mugteef,der-rat-von-dalaran,719,warrior,arms,17,8,9
Spoofie,doomhammer,718,warrior,arms,21,8,13
Karbeg,ravencrest,718,warrior,arms,21,8,13
Железныйбард,gordunni,717,warrior,arms,23,8,15
Ahlda,hyjal,716,warrior,arms,27,8,19
Ferv,tarren-mill,703,warrior,arms,17,8,9
Goringbame,draenor,703,warrior,arms,20,8,12
Fürchtenix,blackmoore,703,warrior,arms,20,8,12
Kyösti,defias-brotherhood,702,warrior,arms,14,8,6
Daxhter,sanguino,702,warrior,arms,20,8,12
Isoton,kazzak,702,warrior,arms,20,8,12
Рударим,gordunni,702,warrior,arms,20,8,12
Bàhàmût,anetheron,701,warrior,arms,11,8,3
Shieldwall,norgannon,701,warrior,arms,15,9,6
Parabellum,dun-modr,701,warrior,arms,14,8,6
Stratic,blackmoore,697,warrior,arms,26,8,18
Блэйзерх,gordunni,688,warrior,arms,25,8,17
Melców,eredar,687,warrior,arms,11,8,3
Zecelei,tarren-mill,687,warrior,arms,13,8,5
Pemex,stormreaver,686,warrior,arms,13,8,5
Nukefun,blackrock,684,warrior,arms,16,8,8
Xiennas,stormscale,679,warrior,arms,19,9,10
Morkzul,sanguino,672,warrior,arms,12,7,5
Кросвуд,gordunni,672,warrior,arms,12,7,5
Achîlles,twisting-nether,672,warrior,arms,12,7,5
Unverbal,silvermoon,672,warrior,arms,12,7,5
Utz,blackrock,672,warrior,arms,12,7,5
Creekwarrior,twisting-nether,672,warrior,arms,12,7,5
Ðíñøðøng,ravencrest,672,warrior,arms,12,7,5
Sholong,antonidas,672,warrior,arms,12,7,5
Thomasw,argent-dawn,672,warrior,arms,12,7,5
Tbomb,stormscale,672,warrior,arms,12,7,5
Màrv,ravencrest,672,warrior,arms,12,7,5
Fearmyrage,ragnaros,672,warrior,arms,12,7,5
Orelus,darkspear,672,warrior,arms,12,7,5
Trembolonio,sanguino,672,warrior,arms,12,7,5
Slâkkxz,outland,672,warrior,arms,12,7,5
Skgrimson,stormscale,672,warrior,arms,12,7,5
Hemèra,hyjal,672,warrior,arms,12,7,5
Бардеон,gordunni,672,warrior,arms,12,7,5
Ryse,nemesis,672,warrior,arms,12,7,5
Wtchmyblades,blackmoore,672,warrior,arms,12,7,5
Deathgreyø,nemesis,672,warrior,arms,12,7,5
Lisera,thrall,672,warrior,arms,12,7,5
Ironmásk,tarren-mill,672,warrior,arms,12,7,5
Itsamewario,outland,672,warrior,arms,12,7,5
Iamouz,ravencrest,672,warrior,arms,12,7,5
Hekkarí,kazzak,672,warrior,arms,12,7,5
Cleppepx,blackmoore,672,warrior,arms,12,7,5
Miniwitts,ravencrest,672,warrior,arms,12,7,5
Хашонвар,gordunni,672,warrior,arms,12,7,5
Roadsick,outland,672,warrior,arms,12,7,5
Kayhw,stormscale,672,warrior,arms,12,7,5
Chynora,blackmoore,672,warrior,arms,12,7,5
Djchmogodx,kazzak,672,warrior,arms,12,7,5
Shînsø,dalaran,672,warrior,arms,12,7,5
Bubawarrior,silvermoon,672,warrior,arms,12,7,5
Zlotjko,ravencrest,672,warrior,arms,12,7,5
Smèdbérg,ravencrest,672,warrior,arms,12,7,5
Джераса,borean-tundra,672,warrior,arms,12,7,5
Azarek,blackmoore,672,warrior,arms,12,7,5
Ðalf,sargeras,672,warrior,arms,12,7,5
Ragelol,aegwynn,672,warrior,arms,12,7,5
Динамикс,soulflayer,672,warrior,arms,12,7,5
Whitefirecba,dun-modr,672,warrior,arms,12,7,5
Masakerr,ragnaros,672,warrior,arms,12,7,5
Chazbo,arakarahm,672,warrior,arms,12,7,5
Inhaler,ravencrest,672,warrior,arms,12,7,5
Каррагор,howling-fjord,672,warrior,arms,12,7,5
Jäky,ragnaros,672,warrior,arms,12,7,5
Cleavnseagal,ravencrest,672,warrior,arms,12,7,5
Chuck,ravencrest,672,warrior,arms,12,7,5
Blinkcharge,frostmane,672,warrior,arms,12,7,5
Crøwñd,twisting-nether,672,warrior,arms,12,7,5
Antïsøcial,thrall,672,warrior,arms,12,7,5
Dantius,nemesis,672,warrior,arms,12,7,5
Cruor,stormscale,672,warrior,arms,12,7,5
Sreym,dun-modr,672,warrior,arms,12,7,5
Арсон,soulflayer,672,warrior,arms,12,7,5
Thebigtosco,ravencrest,672,warrior,arms,12,7,5
Neíd,antonidas,672,warrior,arms,12,7,5
Choklatballz,tarren-mill,672,warrior,arms,12,7,5
Eradya,ravencrest,672,warrior,arms,12,7,5
Трэйдар,blackscar,672,warrior,arms,12,7,5
Tandrak,ravencrest,672,warrior,arms,12,7,5
Yoz,uldaman,672,warrior,arms,12,7,5
Engalxsol,tarren-mill,672,warrior,arms,12,7,5
Sezomih,outland,672,warrior,arms,13,7,6
Yazgah,blackmoore,672,warrior,arms,16,8,8
Pända,archimonde,672,warrior,arms,18,7,11
Qwaggie,draenor,672,warrior,arms,18,7,11
Danaüs,twisting-nether,672,warrior,arms,18,7,11
Huxies,draenor,672,warrior,arms,18,7,11
Warbender,twisting-nether,672,warrior,arms,18,7,11
Kennzz,ravencrest,672,warrior,arms,18,7,11
Silencxý,blackrock,672,warrior,arms,18,7,11
Delfrion,pozzo-delleternità,672,warrior,arms,18,7,11
Resttanis,arathor,672,warrior,arms,18,7,11
Qforína,stormscale,672,warrior,arms,18,7,11
Sgbutcher,khaz-modan,672,warrior,arms,18,7,11
Warrieron,stormscale,672,warrior,arms,18,7,11
Маньякубица,howling-fjord,672,warrior,arms,18,7,11
Kiha,argent-dawn,672,warrior,arms,18,7,11
Kieranx,silvermoon,672,warrior,arms,18,7,11
Avelint,burning-blade,672,warrior,arms,18,7,11
Lalilulelo,argent-dawn,672,warrior,arms,18,7,11
Kåïdø,ravencrest,672,warrior,arms,18,7,11
Wallenschöld,kazzak,672,warrior,arms,18,7,11
Manký,kazzak,672,warrior,arms,18,7,11
Kamapulya,ravencrest,672,warrior,arms,18,7,11
Vaaýzx,blackrock,672,warrior,arms,18,7,11
Sóuler,blackhand,672,warrior,arms,18,7,11
Ishi,archimonde,672,warrior,arms,18,7,11
Skullsmasher,stormscale,672,warrior,arms,18,7,11
Darkwaar,hyjal,672,warrior,arms,18,7,11
Warriorri,haomarush,672,warrior,arms,18,7,11
Swàck,mazrigos,672,warrior,arms,18,7,11
Björnd,hyjal,672,warrior,arms,18,7,11
Twoonewin,ragnaros,672,warrior,arms,18,7,11
Luxurious,argent-dawn,672,warrior,arms,27,8,19
Syfér,grim-batol,672,warrior,arms,24,7,17
Vøidwalker,ragnaros,672,warrior,arms,24,7,17
Unßörn,archimonde,672,warrior,arms,24,7,17
Izurritea,tarren-mill,672,warrior,arms,24,7,17
Kaylì,ravencrest,672,warrior,arms,24,7,17
Gôrilla,kazzak,672,warrior,arms,30,7,23
Вбубенбахен,gordunni,671,warrior,arms,12,7,5
Morningstarr,malganis,671,warrior,arms,12,7,5
Dukhe,sanguino,671,warrior,arms,12,7,5
Wårlord,ragnaros,671,warrior,arms,12,7,5
Bendeur,ysondre,671,warrior,arms,12,7,5
Dosenbier,gorgonnash,671,warrior,arms,12,7,5
Hades,kazzak,671,warrior,arms,12,7,5
Pihvikostaja,stormreaver,671,warrior,arms,12,7,5
Fluxerella,azjolnerub,671,warrior,arms,12,7,5
Remylacroix,blackrock,671,warrior,arms,12,7,5
Exether,auchindoun,671,warrior,arms,12,7,5
Lamme,darksorrow,671,warrior,arms,12,7,5
Stèalthy,stormscale,671,warrior,arms,12,7,5
Когарт,gordunni,671,warrior,arms,12,7,5
Vez,arathor,671,warrior,arms,12,7,5
Gamôrà,eitrigg,671,warrior,arms,12,7,5
Сайлентлайтх,soulflayer,671,warrior,arms,12,7,5
Schneklinge,blutkessel,671,warrior,arms,12,7,5
Valí,drakthul,671,warrior,arms,12,7,5
Reykingar,outland,671,warrior,arms,12,7,5
Aëne,kirin-tor,671,warrior,arms,12,7,5
Greifax,eredar,671,warrior,arms,12,7,5
Grudu,la-croisade-écarlate,671,warrior,arms,12,7,5
Yotanwa,aegwynn,671,warrior,arms,12,7,5
Altroox,malorne,671,warrior,arms,12,7,5
Tyranitar,pozzo-delleternità,671,warrior,arms,12,7,5
Schawar,draenor,671,warrior,arms,12,7,5
Escà,archimonde,671,warrior,arms,12,7,5
Svobodabigz,draenor,671,warrior,arms,12,7,5
Sakidx,dun-modr,671,warrior,arms,12,7,5
Дисфория,soulflayer,671,warrior,arms,15,8,7
Akorax,frostwolf,671,warrior,arms,16,8,8
Kishkamen,ravencrest,671,warrior,arms,18,7,11
Kekwd,burning-legion,671,warrior,arms,18,7,11
Qurujaa,kirin-tor,671,warrior,arms,18,7,11
Eyolf,thunderhorn,671,warrior,arms,18,7,11
Donczaszka,turalyon,671,warrior,arms,18,7,11
Haris,malganis,671,warrior,arms,18,7,11
Sydre,nerathor,671,warrior,arms,18,7,11
Grimlyr,twisting-nether,671,warrior,arms,18,7,11
Текайко,eversong,671,warrior,arms,18,7,11
Wãrby,ravencrest,671,warrior,arms,18,7,11
Porkchop,tarren-mill,671,warrior,arms,18,7,11
Salsetti,nemesis,671,warrior,arms,18,7,11
Titanioa,draenor,671,warrior,arms,18,7,11
Darriuso,kazzak,671,warrior,arms,18,7,11
Peppica,draenor,671,warrior,arms,18,7,11
Khara,frostwolf,671,warrior,arms,18,7,11
Segovaxx,twisting-nether,671,warrior,arms,18,7,11
Кассаб,soulflayer,671,warrior,arms,18,7,11
Kattyparry,tarren-mill,671,warrior,arms,18,7,11
Ayawa,silvermoon,671,warrior,arms,18,7,11
Laceysmash,anubarak,671,warrior,arms,24,7,17
Jerololz,dun-modr,671,warrior,arms,24,7,17
Fracto,draenor,671,warrior,arms,24,7,17
Sadex,blackmoore,671,warrior,arms,24,7,17
Bisuko,archimonde,671,warrior,arms,24,7,17
Thorzaram,argent-dawn,671,warrior,arms,24,7,17
Williamx,archimonde,671,warrior,arms,24,7,17
Aeons,darksorrow,671,warrior,arms,24,7,17
Waelkøh,hyjal,670,warrior,arms,13,8,5
Eldfast,bladefist,670,warrior,arms,12,7,5
Lightit,aegwynn,670,warrior,arms,12,7,5
Grunwi,burning-legion,670,warrior,arms,12,7,5
Haymaker,auchindoun,670,warrior,arms,12,7,5
Frankstyle,sanguino,670,warrior,arms,12,7,5
Cortix,blackmoore,670,warrior,arms,16,8,8
Høxy,outland,670,warrior,arms,18,7,11
Pattrock,blackmoore,670,warrior,arms,18,7,11
Zelfire,magtheridon,670,warrior,arms,18,7,11
Tartadwarf,blackhand,670,warrior,arms,18,7,11
Blaackbeard,blackmoore,670,warrior,arms,18,7,11
Therapyst,sylvanas,670,warrior,arms,18,7,11
Sibbo,destromath,670,warrior,arms,18,7,11
Grafted,argent-dawn,670,warrior,arms,18,7,11
Boomxi,burning-legion,670,warrior,arms,24,7,17
Zcratch,silvermoon,670,warrior,arms,24,7,17
Чсвпони,blackscar,670,warrior,arms,24,7,17
Laude,ragnaros,669,warrior,arms,12,7,5
Gakosh,sanguino,669,warrior,arms,12,7,5
Dêrion,blackmoore,669,warrior,arms,16,8,8
Slappie,kiljaeden,669,warrior,arms,18,7,11
Index,tarren-mill,669,warrior,arms,18,7,11
Hietfield,twisting-nether,669,warrior,arms,18,7,11
Mistäke,les-sentinelles,669,warrior,arms,18,7,11
Pyxis,argent-dawn,669,warrior,arms,18,7,11
Kavorkxen,argent-dawn,668,warrior,arms,12,7,5
Méfiat,hyjal,668,warrior,arms,12,7,5
Warclone,ravencrest,668,warrior,arms,12,7,5
Димаджер,razuvious,668,warrior,arms,12,7,5
Árkantos,ravencrest,668,warrior,arms,12,7,5
Demirkol,outland,668,warrior,arms,15,8,7
Releave,draenor,668,warrior,arms,18,7,11
Woukong,blackmoore,668,warrior,arms,18,7,11
Thok,blades-edge,668,warrior,arms,18,7,11
Ianez,nemesis,668,warrior,arms,18,7,11
Láviana,aegwynn,667,warrior,arms,12,7,5
Piixxz,hyjal,667,warrior,arms,12,7,5
Axecuters,frostmane,667,warrior,arms,12,7,5
Papati,twisting-nether,667,warrior,arms,18,7,11
Rèlion,pozzo-delleternità,666,warrior,arms,15,8,7
Djiozz,khaz-modan,666,warrior,arms,30,7,23
Nodance,doomhammer,665,warrior,arms,18,7,11
Kirix,aegwynn,663,warrior,arms,12,7,5
Rimz,blackmoore,663,warrior,arms,18,7,11
Buullz,twisting-nether,662,warrior,arms,18,7,11
Медэвил,deepholm,662,warrior,arms,18,7,11
Robthebruce,ravencrest,660,warrior,arms,18,7,11
Punishers,ysondre,657,warrior,arms,159,55,104
Paaki,archimonde,655,warrior,arms,17,7,10
Turøc,illidan,655,warrior,arms,18,7,11
Koboone,tarren-mill,654,warrior,arms,23,7,16
Thoon,teldrassil,650,warrior,arms,18,7,11
Kelmyst,ragnaros,647,warrior,arms,20,9,11
Mocka,veknilash,640,warrior,arms,16,7,9
Мегаяйца,gordunni,639,warrior,arms,23,7,16
Манарет,gordunni,638,warrior,arms,17,7,10
Xiny,blackrock,638,warrior,arms,17,7,10
Dasbiest,malorne,638,warrior,arms,17,7,10
Rugal,dragonmaw,636,warrior,arms,17,7,10
Боевыещёчки,eversong,627,warrior,arms,22,11,11
Schmelzlord,thrall,624,warrior,arms,15,7,8
Bloodeater,sylvanas,623,warrior,arms,15,7,8
Alqaqa,ragnaros,623,warrior,arms,17,7,10
Grunkor,eldrethalas,623,warrior,arms,17,7,10
Ätreides,sanguino,622,warrior,arms,17,7,10
Indiannaa,draenor,622,warrior,arms,17,7,10
Vaxillium,argent-dawn,621,warrior,arms,17,7,10
Deadwily,twisting-nether,619,warrior,arms,20,8,12
Ragingqawk,outland,608,warrior,arms,16,7,9
Артагор,blackscar,607,warrior,arms,11,7,4
Kwesta,kazzak,607,warrior,arms,11,7,4
Exekz,hyjal,607,warrior,arms,14,7,7
Matatorero,uldum,607,warrior,arms,16,7,9
Arashicage,emeriss,606,warrior,arms,14,7,7
Kegslayer,darksorrow,605,warrior,arms,14,7,7
Rhxy,burning-legion,605,warrior,arms,16,7,9
Nebezpeka,silvermoon,592,warrior,arms,13,7,6
Gromchatte,elune,591,warrior,arms,19,7,12
Olriksen,dentarg,590,warrior,arms,19,8,11
Lubcifer,emeriss,576,warrior,arms,6,6,0
Talión,ravencrest,576,warrior,arms,6,6,0
Autístickid,aegwynn,576,warrior,arms,6,6,0
Gidra,stormscale,576,warrior,arms,6,6,0
Watergate,ysondre,576,warrior,arms,6,6,0
Hornkesh,draenor,576,warrior,arms,6,6,0
Dulex,draenor,576,warrior,arms,6,6,0
Ragebrand,ravencrest,576,warrior,arms,6,6,0
Terisá,blackmoore,576,warrior,arms,12,6,6
Krisusama,ravencrest,576,warrior,arms,12,6,6
Vakios,confrérie-du-thorium,576,warrior,arms,12,6,6
Jammy,dentarg,576,warrior,arms,12,6,6
Greatsword,turalyon,576,warrior,arms,12,6,6
Sïmstärxzy,hakkar,576,warrior,arms,12,6,6
Qvicfrito,ravencrest,576,warrior,arms,12,6,6
Waranach,drakthul,576,warrior,arms,12,6,6
Araxoth,silvermoon,576,warrior,arms,12,6,6
Fonky,sylvanas,576,warrior,arms,12,6,6
Nakedwarrior,silvermoon,576,warrior,arms,12,6,6
Slám,burning-legion,576,warrior,arms,12,6,6
Äsgeïr,archimonde,576,warrior,arms,12,6,6
Brutalizar,draenor,576,warrior,arms,12,6,6
Leetzorz,aszune,576,warrior,arms,12,6,6
Тягуч,howling-fjord,576,warrior,arms,12,6,6
Motx,blackmoore,576,warrior,arms,12,6,6
Сосопав,howling-fjord,576,warrior,arms,12,6,6
Хедтакер,gordunni,576,warrior,arms,12,6,6
Kleckzz,blackmoore,576,warrior,arms,12,6,6
Solairexc,ravencrest,576,warrior,arms,12,6,6
Thanâtøs,kazzak,576,warrior,arms,12,6,6
Dvigar,drakthul,576,warrior,arms,12,6,6
Mogguh,tarren-mill,576,warrior,arms,12,6,6
Shorane,varimathras,576,warrior,arms,12,6,6
Wøokz,argent-dawn,576,warrior,arms,12,6,6
Moldamis,blackhand,576,warrior,arms,12,6,6
Fankululu,kragjin,576,warrior,arms,12,6,6
Belov,hyjal,576,warrior,arms,12,6,6
Slambadicoot,draenor,576,warrior,arms,12,6,6
Neverfear,aegwynn,576,warrior,arms,12,6,6
Deymio,defias-brotherhood,576,warrior,arms,12,6,6
Mauricet,elune,576,warrior,arms,12,6,6
Bourbimrgllr,hyjal,576,warrior,arms,12,6,6
Begotten,stormscale,576,warrior,arms,12,6,6
Coolaa,kazzak,576,warrior,arms,12,6,6
Torgath,kirin-tor,576,warrior,arms,12,6,6
Rianhh,tarren-mill,576,warrior,arms,12,6,6
Pioneer,blackhand,576,warrior,arms,12,6,6
Zaddi,blackrock,576,warrior,arms,12,6,6
Madswarr,tarren-mill,576,warrior,arms,12,6,6
Xqt,laughing-skull,576,warrior,arms,12,6,6
Nørst,draenor,576,warrior,arms,12,6,6
Quáker,stormscale,576,warrior,arms,12,6,6
Rakhaldin,blackhand,576,warrior,arms,12,6,6
Наомирассел,gordunni,576,warrior,arms,12,6,6
Нерморрог,howling-fjord,576,warrior,arms,12,6,6
Devorta,ysondre,576,warrior,arms,12,6,6
Urmankey,kazzak,576,warrior,arms,12,6,6
Màgh,ravencrest,576,warrior,arms,12,6,6
Tùcky,ysondre,576,warrior,arms,12,6,6
Brutarius,scarshield-legion,576,warrior,arms,12,6,6
Oneoneseven,archimonde,576,warrior,arms,12,6,6
Maheri,antonidas,576,warrior,arms,12,6,6
Rageover,outland,576,warrior,arms,12,6,6
Bllué,ravencrest,576,warrior,arms,12,6,6
Wärlør,ravencrest,576,warrior,arms,12,6,6
Toqk,draenor,576,warrior,arms,12,6,6
Reshnak,die-todeskrallen,576,warrior,arms,12,6,6
Víoceptíon,blackrock,576,warrior,arms,12,6,6
Долирия,gordunni,576,warrior,arms,12,6,6
Neoballâc,uldum,576,warrior,arms,12,6,6
Earthshatter,emeriss,576,warrior,arms,12,6,6
Jeqqu,bloodfeather,576,warrior,arms,12,6,6
Skelash,blackhand,576,warrior,arms,12,6,6
Intíkam,alleria,576,warrior,arms,12,6,6
Kházad,proudmoore,576,warrior,arms,12,6,6
Teliese,argent-dawn,576,warrior,arms,12,6,6
Toscow,ravencrest,576,warrior,arms,12,6,6
Fantorgass,drakthul,576,warrior,arms,12,6,6
Радомель,gordunni,576,warrior,arms,12,6,6
Finmajor,frostwhisper,576,warrior,arms,12,6,6
Zabrona,turalyon,576,warrior,arms,12,6,6
Gromvar,draenor,576,warrior,arms,12,6,6
Kirmizikafa,twisting-nether,576,warrior,arms,12,6,6
Rezume,aggramar,576,warrior,arms,12,6,6
Tikej,silvermoon,576,warrior,arms,12,6,6
Thegullet,draenor,576,warrior,arms,12,6,6
Lucywar,ravencrest,576,warrior,arms,12,6,6
Chargekanta,antonidas,576,warrior,arms,12,6,6
Whatabeast,blackmoore,576,warrior,arms,12,6,6
Yuuta,ravencrest,576,warrior,arms,12,6,6
Majestatix,doomhammer,576,warrior,arms,12,6,6
Mîleycyrûs,stormscale,576,warrior,arms,12,6,6
Hycate,blackrock,576,warrior,arms,12,6,6
Psychðtïc,archimonde,576,warrior,arms,12,6,6
Darkseid,burning-legion,576,warrior,arms,12,6,6
Freddio,tarren-mill,576,warrior,arms,12,6,6
Hacci,ragnaros,576,warrior,arms,12,6,6
Vulperizing,draenor,576,warrior,arms,12,6,6
Béarnais,khaz-modan,576,warrior,arms,12,6,6
Nerfelepls,ravencrest,576,warrior,arms,15,7,8
Дестингл,gordunni,576,warrior,arms,15,7,8
Rektdrum,ravencrest,576,warrior,arms,14,6,8
Foxxzorr,aszune,576,warrior,arms,18,6,12
Micromachìne,sanguino,576,warrior,arms,18,6,12
Belgabad,rexxar,576,warrior,arms,18,6,12
Повстер,howling-fjord,576,warrior,arms,18,6,12
Jeriko,archimonde,576,warrior,arms,18,6,12
Реклэсс,blackscar,576,warrior,arms,18,6,12
Йошихироо,howling-fjord,576,warrior,arms,18,6,12
Chazeryu,stormreaver,576,warrior,arms,18,6,12
Kenet,tarren-mill,576,warrior,arms,18,6,12
Bladestormxx,blackmoore,576,warrior,arms,18,6,12
Debiljov,ahnqiraj,576,warrior,arms,18,6,12
Kamïlio,stormscale,576,warrior,arms,18,6,12
Cødi,antonidas,576,warrior,arms,18,6,12
Allmight,gorgonnash,576,warrior,arms,18,6,12
Stillpetao,dun-modr,576,warrior,arms,18,6,12
Maxisback,ysondre,576,warrior,arms,18,6,12
Ój,ravencrest,576,warrior,arms,18,6,12
Progresslol,tarren-mill,576,warrior,arms,18,6,12
Møgwai,sanguino,576,warrior,arms,18,6,12
Ragoar,blackmoore,576,warrior,arms,18,6,12
Autumnfálls,kazzak,576,warrior,arms,18,6,12
Ermòr,ravencrest,576,warrior,arms,24,6,18
Elsinner,ravencrest,576,warrior,arms,24,6,18
Kamblas,la-croisade-écarlate,576,warrior,arms,24,6,18
Khagor,kazzak,576,warrior,arms,24,6,18
Luckysop,chants-éternels,576,warrior,arms,24,6,18
Crocodìle,magtheridon,575,warrior,arms,6,6,0
Stalkom,elune,575,warrior,arms,6,6,0
Беспонятия,blackscar,575,warrior,arms,10,7,3
Pector,grim-batol,575,warrior,arms,12,6,6
Rawi,antonidas,575,warrior,arms,12,6,6
Cogne,illidan,575,warrior,arms,12,6,6
Scârath,eredar,575,warrior,arms,12,6,6
Тханирох,howling-fjord,575,warrior,arms,12,6,6
Мошер,fordragon,575,warrior,arms,12,6,6
Imafk,darksorrow,575,warrior,arms,12,6,6
Rådne,argent-dawn,575,warrior,arms,12,6,6
Thorast,argent-dawn,575,warrior,arms,12,6,6
Bobleeragnar,ravencrest,575,warrior,arms,12,6,6
Tumuerte,dun-modr,575,warrior,arms,12,6,6
Акози,fordragon,575,warrior,arms,12,6,6
Arnnau,dun-modr,575,warrior,arms,12,6,6
Wærriør,argent-dawn,575,warrior,arms,12,6,6
Ràgnàmetàl,tarren-mill,575,warrior,arms,12,6,6
Mokthal,medivh,575,warrior,arms,12,6,6
Thráll,aszune,575,warrior,arms,12,6,6
Soofies,madmortem,575,warrior,arms,12,6,6
Empero,draenor,575,warrior,arms,12,6,6
Fótm,sylvanas,575,warrior,arms,12,6,6
Uwazu,kazzak,575,warrior,arms,12,6,6
Zutto,conseil-des-ombres,575,warrior,arms,12,6,6
Эсвексия,gordunni,575,warrior,arms,12,6,6
Brávéheart,ravencrest,575,warrior,arms,12,6,6
Djpuggerino,outland,575,warrior,arms,12,6,6
Ghostlord,dunemaul,575,warrior,arms,12,6,6
Bzezita,hyjal,575,warrior,arms,12,6,6
Бэдбрэйнс,soulflayer,575,warrior,arms,12,6,6
Lunath,stormscale,575,warrior,arms,12,6,6
Dexter,outland,575,warrior,arms,12,6,6
Cesaro,blackhand,575,warrior,arms,12,6,6
Valus,earthen-ring,575,warrior,arms,12,6,6
Neîka,archimonde,575,warrior,arms,13,6,7
Chakota,runetotem,575,warrior,arms,15,6,9
Кордупэль,gordunni,575,warrior,arms,18,6,12
Fidélgastro,ysondre,575,warrior,arms,18,6,12
Potatoslam,twisting-nether,575,warrior,arms,18,6,12
Bukî,blackmoore,575,warrior,arms,18,6,12
Furymeep,outland,575,warrior,arms,18,6,12
Redcloak,outland,575,warrior,arms,18,6,12
Critycall,drakthul,575,warrior,arms,18,6,12
Haldrium,malganis,575,warrior,arms,18,6,12
Awares,blackmoore,575,warrior,arms,18,6,12
Отнулядоста,gordunni,575,warrior,arms,18,6,12
Гениауч,eversong,575,warrior,arms,18,6,12
Pnizsz,draenor,575,warrior,arms,24,6,18
Nostrawolf,sylvanas,574,warrior,arms,12,6,6
Rézinplin,archimonde,574,warrior,arms,12,6,6
Fugrim,draenor,574,warrior,arms,12,6,6
Greensmash,hyjal,574,warrior,arms,12,6,6
Xaah,dun-modr,574,warrior,arms,18,6,12
Maxeyn,kazzak,574,warrior,arms,27,7,20
Sztixi,silvermoon,574,warrior,arms,24,6,18
Sallcon,khaz-modan,573,warrior,arms,12,6,6
Prôtectore,hyjal,573,warrior,arms,12,6,6
Бачус,eversong,573,warrior,arms,18,6,12
Brandox,defias-brotherhood,573,warrior,arms,18,6,12
Skarnir,blackhand,573,warrior,arms,24,6,18
Kaazzuraa,hyjal,572,warrior,arms,12,6,6
Årxex,stormscale,572,warrior,arms,12,6,6
Oombac,lordaeron,572,warrior,arms,12,6,6
Raduriel,antonidas,571,warrior,arms,12,6,6
Thoròk,antonidas,571,warrior,arms,18,6,12
Xavs,grim-batol,571,warrior,arms,18,6,12
Бланкк,deathweaver,570,warrior,arms,12,6,6
Ispor,shattered-halls,570,warrior,arms,113,49,64
Dj,ragnaros,568,warrior,arms,12,6,6
Gauklerbaron,blackmoore,566,warrior,arms,29,6,23
Wïnqlùlz,archimonde,564,warrior,arms,36,6,30
Rãgè,tarren-mill,559,warrior,arms,17,6,11
Wahney,thrall,543,warrior,arms,8,7,1
Omaahton,magtheridon,543,warrior,arms,11,6,5
Randrion,blackrock,543,warrior,arms,11,6,5
Deci,bronzebeard,543,warrior,arms,16,6,10
Чикенсы,gordunni,543,warrior,arms,16,6,10
Krevó,ragnaros,543,warrior,arms,17,6,11
Eltitoyayo,dun-modr,540,warrior,arms,11,6,5
Cowon,stormscale,539,warrior,arms,14,7,7
Koruds,outland,528,warrior,arms,9,6,3
Kåñéthy,outland,528,warrior,arms,15,7,8
Neaka,archimonde,527,warrior,arms,11,6,5
Imabeatyoass,kazzak,527,warrior,arms,11,6,5
Манндалорец,gordunni,527,warrior,arms,15,6,9
Titanhaut,frostwolf,525,warrior,arms,11,6,5
Glut,drakthul,522,warrior,arms,18,7,11
Ressolwen,silvermoon,522,warrior,arms,23,7,16
Nuckii,antonidas,521,warrior,arms,21,7,14
Креспекс,gordunni,512,warrior,arms,16,6,10
Bujax,onyxia,512,warrior,arms,16,6,10
Dzamtule,ravencrest,511,warrior,arms,8,6,2
Hasira,xavius,511,warrior,arms,10,6,4
Crippaooga,tarren-mill,511,warrior,arms,17,7,10
Sorô,antonidas,511,warrior,arms,16,6,10
Мембершримп,howling-fjord,511,warrior,arms,20,6,14
Myryna,exodar,510,warrior,arms,20,6,14
Lovehope,stormscale,496,warrior,arms,13,6,7
Гневныйвиги,howling-fjord,480,warrior,arms,6,5,1
Lurion,malganis,480,warrior,arms,6,5,1
Hubq,burning-legion,480,warrior,arms,6,5,1
Revoidnvm,blackmoore,480,warrior,arms,6,5,1
Eysnwar,blackrock,480,warrior,arms,6,5,1
Tekmali,archimonde,480,warrior,arms,6,5,1
Tonberry,frostwolf,480,warrior,arms,6,5,1
Ocecute,tarren-mill,480,warrior,arms,6,5,1
Quateh,silvermoon,480,warrior,arms,6,5,1
Dynther,nemesis,480,warrior,arms,6,5,1
Karmaloop,stormscale,480,warrior,arms,6,5,1
Konnith,outland,480,warrior,arms,6,5,1
Rockygifll,sinstralis,480,warrior,arms,6,5,1
Tørrminator,stormscale,480,warrior,arms,6,5,1
Papawaffle,stormscale,480,warrior,arms,6,5,1
Hópbóp,magtheridon,480,warrior,arms,6,5,1
Serbia,blackrock,480,warrior,arms,6,5,1
Tørøg,eredar,480,warrior,arms,6,5,1
Дядядмг,blackscar,480,warrior,arms,6,5,1
Chabonara,blackmoore,480,warrior,arms,6,5,1
Chargelife,sylvanas,480,warrior,arms,6,5,1
Хэрест,gordunni,480,warrior,arms,6,5,1
Drragosh,tarren-mill,480,warrior,arms,6,5,1
Himarsenko,silvermoon,480,warrior,arms,6,5,1
Mumbojumbo,uldum,480,warrior,arms,6,5,1
Slg,tarren-mill,480,warrior,arms,6,5,1
Murp,lightnings-blade,480,warrior,arms,6,5,1
Nalanis,stormreaver,480,warrior,arms,6,5,1
Angrytoddler,silvermoon,480,warrior,arms,6,5,1
Synix,stormreaver,480,warrior,arms,6,5,1
Bashuk,grim-batol,480,warrior,arms,6,5,1
Grímgor,aegwynn,480,warrior,arms,6,5,1
Tishues,kazzak,480,warrior,arms,8,5,3
Tyrag,eredar,480,warrior,arms,12,5,7
ßbç,ysondre,480,warrior,arms,12,5,7
Ernexpóc,silvermoon,480,warrior,arms,12,5,7
Oogaboogadps,silvermoon,480,warrior,arms,12,5,7
Mønsterz,archimonde,480,warrior,arms,12,5,7
Zuroq,antonidas,480,warrior,arms,12,5,7
Hodenhugo,thrall,480,warrior,arms,12,5,7
Bradders,tarren-mill,480,warrior,arms,12,5,7
Loreven,silvermoon,480,warrior,arms,12,5,7
Dampbob,draenor,480,warrior,arms,12,5,7
Baryna,sanguino,480,warrior,arms,12,5,7
Abunai,thrall,480,warrior,arms,12,5,7
Irastah,frostmane,480,warrior,arms,12,5,7
Oplix,antonidas,480,warrior,arms,12,5,7
Xintha,frostwolf,480,warrior,arms,12,5,7
Victôr,silvermoon,480,warrior,arms,12,5,7
Purjon,twilights-hammer,480,warrior,arms,12,5,7
Pablitø,silvermoon,480,warrior,arms,12,5,7
Touthi,archimonde,480,warrior,arms,12,5,7
Вайконд,gordunni,480,warrior,arms,12,5,7
Whysobold,quelthalas,480,warrior,arms,12,5,7
Brasta,malganis,480,warrior,arms,12,5,7
Epicc,alleria,480,warrior,arms,12,5,7
Tryitmaxx,blackmoore,480,warrior,arms,12,5,7
Agres,zuluhed,480,warrior,arms,12,5,7
Êlbæjynløl,ambossar,480,warrior,arms,12,5,7
Kramix,thrall,480,warrior,arms,12,5,7
Mokrakh,blackmoore,480,warrior,arms,12,5,7
Drumsofwar,zuljin,480,warrior,arms,12,5,7
Omgez,grim-batol,480,warrior,arms,12,5,7
Zugzugsmash,thrall,480,warrior,arms,12,5,7
Zonïa,ysondre,480,warrior,arms,12,5,7
Borsha,dalaran,480,warrior,arms,12,5,7
Ràgê,silvermoon,480,warrior,arms,12,5,7
Бейлеор,gordunni,480,warrior,arms,12,5,7
Nardak,blackmoore,480,warrior,arms,12,5,7
Ragingclue,draenor,480,warrior,arms,12,5,7
Thravaeg,draenor,480,warrior,arms,12,5,7
Marleycx,azshara,480,warrior,arms,12,5,7
Анжинерх,gordunni,480,warrior,arms,12,5,7
Bêllator,stormscale,480,warrior,arms,12,5,7
Lüund,ravencrest,480,warrior,arms,12,5,7
Xenör,archimonde,480,warrior,arms,12,5,7
Wardoz,archimonde,480,warrior,arms,12,5,7
Teramuhl,eredar,480,warrior,arms,12,5,7
Strengjahz,ragnaros,480,warrior,arms,12,5,7
Ffz,hyjal,480,warrior,arms,12,5,7
Adamastos,ragnaros,480,warrior,arms,12,5,7
Ginjó,blackhand,480,warrior,arms,12,5,7
Snörlax,the-maelstrom,480,warrior,arms,12,5,7
Vitezandro,stormscale,480,warrior,arms,12,5,7
Buffury,twisting-nether,480,warrior,arms,12,5,7
Topur,defias-brotherhood,480,warrior,arms,12,5,7
Deathbleeder,argent-dawn,480,warrior,arms,12,5,7
Kiukkuné,argent-dawn,480,warrior,arms,12,5,7
Arakhu,blackmoore,480,warrior,arms,12,5,7
Lazypeon,burning-legion,480,warrior,arms,12,5,7
Ansàvage,kazzak,480,warrior,arms,12,5,7
Zion,zenedar,480,warrior,arms,12,5,7
Threnewar,kazzak,480,warrior,arms,12,5,7
Câttiva,blackmoore,480,warrior,arms,12,5,7
Asintended,draenor,480,warrior,arms,12,5,7
Nings,rashgarroth,480,warrior,arms,12,5,7
Lïyah,eldrethalas,480,warrior,arms,12,5,7
Sidekick,earthen-ring,480,warrior,arms,12,5,7
Paralantius,kazzak,480,warrior,arms,12,5,7
Бенчмаркпоу,gordunni,480,warrior,arms,12,5,7
ßzv,veklor,480,warrior,arms,12,5,7
Leelazero,argent-dawn,480,warrior,arms,12,5,7
Humanoç,dun-modr,480,warrior,arms,12,5,7
Nomore,sylvanas,480,warrior,arms,12,5,7
Budwise,stormscale,480,warrior,arms,12,5,7
Matiasek,burning-legion,480,warrior,arms,12,5,7
Schlierkamp,aegwynn,480,warrior,arms,12,5,7
Marothul,dun-modr,480,warrior,arms,12,5,7
Рыгатрон,galakrond,480,warrior,arms,12,5,7
Garradoom,stormscale,480,warrior,arms,12,5,7
Zarrgash,blackhand,480,warrior,arms,12,5,7
Zeneve,auchindoun,480,warrior,arms,12,5,7
Thirtynine,daggerspine,480,warrior,arms,12,5,7
Taskov,tarren-mill,480,warrior,arms,12,5,7
Gorkta,uldaman,480,warrior,arms,12,5,7
Steelian,kazzak,480,warrior,arms,12,5,7
Gothgirlgg,argent-dawn,480,warrior,arms,12,5,7
Matrixer,aegwynn,480,warrior,arms,12,5,7
Arsinal,destromath,480,warrior,arms,12,5,7
Zirriox,wildhammer,480,warrior,arms,12,5,7
Coko,kirin-tor,480,warrior,arms,12,5,7
Сашарбгх,soulflayer,480,warrior,arms,12,5,7
Warricious,outland,480,warrior,arms,12,5,7
Rohäc,drakthul,480,warrior,arms,12,5,7
Vulkân,aerie-peak,480,warrior,arms,12,5,7
Keäghan,kazzak,480,warrior,arms,12,5,7
Stepmomgodx,kazzak,480,warrior,arms,12,5,7
Tharokk,blackmoore,480,warrior,arms,12,5,7
Baxyra,aegwynn,480,warrior,arms,12,5,7
Кэмптон,soulflayer,480,warrior,arms,12,5,7
Djarenn,defias-brotherhood,480,warrior,arms,12,5,7
Síúkanto,blackrock,480,warrior,arms,12,5,7
Шифик,soulflayer,480,warrior,arms,12,5,7
Steelstormz,ravencrest,480,warrior,arms,12,5,7
Bânkai,aegwynn,480,warrior,arms,12,5,7
Cuzyxtwo,blackrock,480,warrior,arms,12,5,7
Karkool,the-maelstrom,480,warrior,arms,12,5,7
Sergra,ysondre,480,warrior,arms,12,5,7
Holloo,destromath,480,warrior,arms,12,5,7
Kaarvx,ysondre,480,warrior,arms,12,5,7
Тэратос,soulflayer,480,warrior,arms,12,5,7
Soe,defias-brotherhood,480,warrior,arms,12,5,7
Боадрог,soulflayer,480,warrior,arms,12,5,7
Gigantous,emerald-dream,480,warrior,arms,12,5,7
Plzdontkite,blackrock,480,warrior,arms,12,5,7
Shredded,stormscale,480,warrior,arms,12,5,7
Снорре,soulflayer,480,warrior,arms,12,5,7
Рэйердан,howling-fjord,480,warrior,arms,12,5,7
Kazos,twisting-nether,480,warrior,arms,15,6,9
Elesharde,sanguino,480,warrior,arms,15,6,9
Испепелитель,howling-fjord,480,warrior,arms,13,5,8
Развалочка,howling-fjord,480,warrior,arms,16,6,10
Exhumator,blackhand,480,warrior,arms,18,5,13
Romic,guldan,480,warrior,arms,18,5,13
Форгерон,howling-fjord,480,warrior,arms,18,5,13
Курящийпро,blackscar,480,warrior,arms,18,5,13
Takagødx,archimonde,480,warrior,arms,18,5,13
Shimslady,outland,480,warrior,arms,18,5,13
Sheñ,antonidas,480,warrior,arms,18,5,13
Solgud,bloodfeather,480,warrior,arms,18,5,13
Kalhmeras,twisting-nether,480,warrior,arms,18,5,13
Heracles,jaedenar,480,warrior,arms,18,5,13
Æxcoast,ravencrest,480,warrior,arms,18,5,13
Stuffed,blackrock,480,warrior,arms,18,5,13
Лафтэйл,soulflayer,480,warrior,arms,18,5,13
Kundrakiz,kazzak,480,warrior,arms,18,5,13
Hurricane,sylvanas,480,warrior,arms,18,5,13
Sebotagelol,twisting-nether,480,warrior,arms,18,5,13
Warriorussy,ravencrest,480,warrior,arms,19,5,14
Масульмэн,howling-fjord,480,warrior,arms,24,5,19
Ludiboro,kazzak,480,warrior,arms,24,5,19
Jorund,archimonde,480,warrior,arms,24,5,19
Gnolimits,antonidas,480,warrior,arms,24,5,19
Vhy,antonidas,480,warrior,arms,25,5,20
Xtu,kazzak,479,warrior,arms,6,5,1
Saey,malorne,479,warrior,arms,6,5,1
Спарттанка,gordunni,479,warrior,arms,12,5,7
Einhérjer,thrall,479,warrior,arms,12,5,7
Relüx,ragnaros,479,warrior,arms,12,5,7
Furius,zuljin,479,warrior,arms,12,5,7
Shpitzu,stormscale,479,warrior,arms,12,5,7
Grèèn,turalyon,479,warrior,arms,12,5,7
Maxilanthis,eonar,479,warrior,arms,12,5,7
Meresin,madmortem,479,warrior,arms,12,5,7
Górgutz,defias-brotherhood,479,warrior,arms,12,5,7
Dúg,tarren-mill,479,warrior,arms,12,5,7
Tötø,archimonde,479,warrior,arms,12,5,7
Fréyaá,blackrock,479,warrior,arms,12,5,7
Voodoowarr,rexxar,479,warrior,arms,12,5,7
Steinsteg,gorgonnash,479,warrior,arms,12,5,7
Dragonforce,blackmoore,479,warrior,arms,12,5,7
Caloomsa,hellfire,479,warrior,arms,12,5,7
Swtparanoid,sylvanas,479,warrior,arms,12,5,7
Svinks,sylvanas,479,warrior,arms,12,5,7
Lezúziuszh,ragnaros,479,warrior,arms,17,7,10
Auggies,outland,479,warrior,arms,18,5,13
Ravedeath,tarren-mill,479,warrior,arms,18,5,13
Ghaze,blackhand,479,warrior,arms,18,5,13
Модныйклык,eversong,479,warrior,arms,18,5,13
Willraxx,draenor,479,warrior,arms,18,5,13
Bitethedust,darkspear,479,warrior,arms,24,5,19
Farxy,dun-modr,478,warrior,arms,12,5,7
Realz,malganis,478,warrior,arms,12,5,7
Nightmareb,magtheridon,478,warrior,arms,12,5,7
Ghorinchai,khazgoroth,478,warrior,arms,12,5,7
Waescanor,ragnaros,478,warrior,arms,12,5,7
Sahaminho,draenor,478,warrior,arms,18,5,13
Swordluw,argent-dawn,478,warrior,arms,18,5,13
Нириэла,howling-fjord,478,warrior,arms,18,5,13
Лидоний,gordunni,477,warrior,arms,12,5,7
Nierninwa,silvermoon,477,warrior,arms,12,5,7
Olagkhan,minahonda,476,warrior,arms,10,6,4
Sheriff,dragonblight,475,warrior,arms,12,5,7
Pillu,stormscale,448,warrior,arms,10,5,5
Duarel,blackmoore,448,warrior,arms,10,5,5
Kviqr,auchindoun,447,warrior,arms,11,5,6
Takethisduck,stormscale,447,warrior,arms,11,5,6
Kôtarô,blackmoore,447,warrior,arms,11,5,6
Armsstrong,blackhand,447,warrior,arms,17,5,12
Чпонькмашина,soulflayer,447,warrior,arms,17,5,12
Kitano,garona,447,warrior,arms,23,5,18
Orkyu,stormrage,444,warrior,arms,11,5,6
Kakahuete,tarren-mill,432,warrior,arms,9,5,4
Mikehawk,les-clairvoyants,431,warrior,arms,11,5,6
Turdgurgler,executus,431,warrior,arms,11,5,6
Warriar,sylvanas,426,warrior,arms,17,7,10
Leizey,stormscale,426,warrior,arms,15,6,9
Bismárck,nathrezim,426,warrior,arms,15,6,9
Knî,archimonde,426,warrior,arms,15,6,9
Goreksson,aegwynn,426,warrior,arms,15,6,9
Rathis,arathor,426,warrior,arms,24,6,18
Ragnarr,ravencrest,416,warrior,arms,16,5,11
Prime,outland,416,warrior,arms,16,5,11
Kìrìtosan,pozzo-delleternità,415,warrior,arms,8,5,3
Kylian,aegwynn,415,warrior,arms,11,5,6
Suduri,drakthul,415,warrior,arms,14,5,9
Danx,culte-de-la-rive-noire,413,warrior,arms,16,5,11
Varkoz,sylvanas,400,warrior,arms,7,5,2
Justah,silvermoon,400,warrior,arms,13,5,8
Жекабустер,borean-tundra,399,warrior,arms,7,5,2
Elsiâs,aegwynn,384,warrior,arms,6,4,2
Abrogatio,emeriss,384,warrior,arms,6,4,2
Rimvar,alleria,384,warrior,arms,6,4,2
Ветросвист,gordunni,384,warrior,arms,6,4,2
Ceen,alakir,384,warrior,arms,6,4,2
Goretterog,ysondre,384,warrior,arms,6,4,2
Galous,burning-blade,384,warrior,arms,6,4,2
Haîltøkîng,alakir,384,warrior,arms,6,4,2
Ddfxz,draenor,384,warrior,arms,6,4,2
Vøs,hyjal,384,warrior,arms,6,4,2
Chmg,kirin-tor,384,warrior,arms,6,4,2
Garad,frostmane,384,warrior,arms,6,4,2
Intrepid,dun-modr,384,warrior,arms,6,4,2
Fitzgibbons,ravencrest,384,warrior,arms,6,4,2
Alaerion,magtheridon,384,warrior,arms,6,4,2
Dzahboss,archimonde,384,warrior,arms,6,4,2
Brittelin,tarren-mill,384,warrior,arms,6,4,2
Thuder,sylvanas,384,warrior,arms,6,4,2
Pappyza,hyjal,384,warrior,arms,6,4,2
Bìgre,la-croisade-écarlate,384,warrior,arms,6,4,2
Beznacaj,outland,384,warrior,arms,6,4,2
Casstageul,archimonde,384,warrior,arms,6,4,2
Haikyuu,blackhand,384,warrior,arms,6,4,2
Dregodym,frostwolf,384,warrior,arms,6,4,2
Rivelan,argent-dawn,384,warrior,arms,6,4,2
Baluste,culte-de-la-rive-noire,384,warrior,arms,6,4,2
Jessepinkman,kirin-tor,384,warrior,arms,6,4,2
Kisoshi,tarren-mill,384,warrior,arms,6,4,2
Riash,hyjal,384,warrior,arms,6,4,2
Ivâar,archimonde,384,warrior,arms,6,4,2
Warzër,archimonde,384,warrior,arms,6,4,2
Sucemabanner,hyjal,384,warrior,arms,6,4,2
Voi,jaedenar,384,warrior,arms,6,4,2
Wïn,silvermoon,384,warrior,arms,6,4,2
Susugar,ysondre,384,warrior,arms,6,4,2
Bindcry,ahnqiraj,384,warrior,arms,6,4,2
Cyférüs,tarren-mill,384,warrior,arms,6,4,2
Xtazen,draenor,384,warrior,arms,6,4,2
Ironrage,frostmane,384,warrior,arms,6,4,2
Virgolibra,grim-batol,384,warrior,arms,6,4,2
Rëvenge,burning-legion,384,warrior,arms,6,4,2
Гигасмэш,gordunni,384,warrior,arms,6,4,2
Sveafy,ravencrest,384,warrior,arms,6,4,2
Forsi,draenor,384,warrior,arms,6,4,2
Kalym,malygos,384,warrior,arms,6,4,2
Легионарус,gordunni,384,warrior,arms,6,4,2
Cmonbrah,ravencrest,384,warrior,arms,6,4,2
Тартолан,gordunni,384,warrior,arms,6,4,2
Littlee,durotan,384,warrior,arms,6,4,2
Swaàg,archimonde,384,warrior,arms,6,4,2
Eytra,ravencrest,384,warrior,arms,6,4,2
Bámf,outland,384,warrior,arms,6,4,2
Eseishard,hyjal,384,warrior,arms,6,4,2
Mayback,pozzo-delleternità,384,warrior,arms,6,4,2
Выбьюглазик,gordunni,384,warrior,arms,6,4,2
Druubak,aggra-português,384,warrior,arms,6,4,2
Tcrunch,dun-modr,384,warrior,arms,6,4,2
Olfik,drakthul,384,warrior,arms,6,4,2
Фиббоначи,deathguard,384,warrior,arms,6,4,2
Рандомвар,howling-fjord,384,warrior,arms,6,4,2
Кринжеверт,howling-fjord,384,warrior,arms,6,4,2
Graumann,dun-morogh,384,warrior,arms,6,4,2
Aliyáhh,blackrock,384,warrior,arms,6,4,2
Unchåined,burning-legion,384,warrior,arms,6,4,2
Thorbjør,silvermoon,384,warrior,arms,6,4,2
Harrypotta,silvermoon,384,warrior,arms,6,4,2
Fleshwerk,silvermoon,384,warrior,arms,6,4,2
Ksusha,silvermoon,384,warrior,arms,6,4,2
Gipsylove,twisting-nether,384,warrior,arms,6,4,2
Dallion,azjolnerub,384,warrior,arms,6,4,2
Роудс,soulflayer,384,warrior,arms,6,4,2
Xladérz,ravencrest,384,warrior,arms,6,4,2
Dräparren,ragnaros,384,warrior,arms,6,4,2
Extreemee,drakthul,384,warrior,arms,6,4,2
Rastaj,defias-brotherhood,384,warrior,arms,6,4,2
Тандеракс,soulflayer,384,warrior,arms,6,4,2
Reckxpeep,twisting-nether,384,warrior,arms,6,4,2
Valibunt,drakthul,384,warrior,arms,6,4,2
Anubisra,alakir,384,warrior,arms,6,4,2
Zeó,silvermoon,384,warrior,arms,6,4,2
Tejkopejko,kazzak,384,warrior,arms,6,4,2
Eyenur,drakthul,384,warrior,arms,6,4,2
Youstupide,drekthar,384,warrior,arms,6,4,2
Zuit,blackmoore,384,warrior,arms,6,4,2
Agrias,burning-legion,384,warrior,arms,6,4,2
Tirex,stormscale,384,warrior,arms,6,4,2
Fîlzlaus,area-52,384,warrior,arms,6,4,2
Swig,twisting-nether,384,warrior,arms,6,4,2
Slante,darksorrow,384,warrior,arms,6,4,2
Kielon,kazzak,384,warrior,arms,6,4,2
Lakri,chants-éternels,384,warrior,arms,6,4,2
Luchanka,the-maelstrom,384,warrior,arms,6,4,2
Боссберс,howling-fjord,384,warrior,arms,6,4,2
Highbuffalo,kazzak,384,warrior,arms,6,4,2
Måydåy,twisting-nether,384,warrior,arms,6,4,2
Kevlarsusan,the-maelstrom,384,warrior,arms,6,4,2
Emmá,neptulon,384,warrior,arms,6,4,2
Sinimfzugzug,eredar,384,warrior,arms,10,5,5
Tweener,azjolnerub,384,warrior,arms,8,4,4
Renatoma,stormscale,384,warrior,arms,9,4,5
Merkakis,argent-dawn,384,warrior,arms,15,5,10
Rdeniro,blackmoore,384,warrior,arms,15,5,10
Axero,drakthul,384,warrior,arms,12,4,8
Альмас,galakrond,384,warrior,arms,12,4,8
Payßack,drakthul,384,warrior,arms,12,4,8
Deathrazór,stormscale,384,warrior,arms,12,4,8
Rearar,burning-legion,384,warrior,arms,12,4,8
Дахирарг,fordragon,384,warrior,arms,12,4,8
Арристокррат,soulflayer,384,warrior,arms,12,4,8
Фаталлес,galakrond,384,warrior,arms,12,4,8
Ceojohnny,ravencrest,384,warrior,arms,12,4,8
Nerfslam,stormscale,384,warrior,arms,12,4,8
Minetaur,burning-legion,384,warrior,arms,12,4,8
Cjak,pozzo-delleternità,384,warrior,arms,12,4,8
Cromash,die-nachtwache,384,warrior,arms,12,4,8
Анусбрейкер,soulflayer,384,warrior,arms,12,4,8
Tentontruck,ragnaros,384,warrior,arms,12,4,8
Booya,zirkel-des-cenarius,384,warrior,arms,12,4,8
Skyrrskyr,blackrock,384,warrior,arms,12,4,8
Stragga,eredar,384,warrior,arms,12,4,8
Huihui,die-aldor,384,warrior,arms,12,4,8
Brokenrage,twisting-nether,384,warrior,arms,12,4,8
Varix,burning-blade,384,warrior,arms,12,4,8
Péter,arathor,384,warrior,arms,12,4,8
Ærion,die-aldor,384,warrior,arms,12,4,8
Iiam,kilrogg,384,warrior,arms,12,4,8
Ouryuu,hyjal,384,warrior,arms,12,4,8
Willadimore,ravencrest,384,warrior,arms,12,4,8
Adorlyna,silvermoon,384,warrior,arms,12,4,8
Ðræberen,kazzak,384,warrior,arms,12,4,8
Pushh,dun-modr,384,warrior,arms,12,4,8
Azdrubal,outland,384,warrior,arms,12,4,8
Testortv,twisting-nether,384,warrior,arms,12,4,8
Apemonkeydk,kazzak,384,warrior,arms,12,4,8
Арбелоа,gordunni,384,warrior,arms,12,4,8
Nameless,malganis,384,warrior,arms,12,4,8
Starkz,hellscream,384,warrior,arms,12,4,8
Фаллопиев,borean-tundra,384,warrior,arms,12,4,8
Stanislav,tarren-mill,384,warrior,arms,12,4,8
Mickyrex,hyjal,384,warrior,arms,12,4,8
Auguston,argent-dawn,384,warrior,arms,12,4,8
Karadayii,blackmoore,384,warrior,arms,12,4,8
Spankprooff,kazzak,384,warrior,arms,12,4,8
Cøbe,arthas,384,warrior,arms,12,4,8
Wildblow,ravencrest,384,warrior,arms,12,4,8
Sublexgg,blackrock,384,warrior,arms,12,4,8
Слоз,gordunni,384,warrior,arms,12,4,8
Rfgpwhfgjawr,ravencrest,384,warrior,arms,12,4,8
Sinkiss,archimonde,384,warrior,arms,12,4,8
Sovax,ravencrest,384,warrior,arms,12,4,8
Rágnør,blackrock,384,warrior,arms,12,4,8
Guarn,archimonde,384,warrior,arms,12,4,8
Rastov,argent-dawn,384,warrior,arms,12,4,8
Instamerk,doomhammer,384,warrior,arms,12,4,8
Raynorwarr,tarren-mill,384,warrior,arms,12,4,8
Eýoe,ragnaros,384,warrior,arms,12,4,8
Linberg,ysondre,384,warrior,arms,12,4,8
Kgx,argent-dawn,384,warrior,arms,12,4,8
Leaply,kazzak,384,warrior,arms,12,4,8
Pillorrior,ambossar,384,warrior,arms,12,4,8
Arrhennius,kazzak,384,warrior,arms,12,4,8
Chadgarrosh,tarren-mill,384,warrior,arms,12,4,8
Schultze,kazzak,384,warrior,arms,12,4,8
Hiraclès,archimonde,384,warrior,arms,12,4,8
Jesuisgaydsl,archimonde,384,warrior,arms,12,4,8
Azurnok,argent-dawn,384,warrior,arms,12,4,8
Молчаньеума,howling-fjord,384,warrior,arms,12,4,8
Ellissari,tirion,384,warrior,arms,12,4,8
Lovkal,twisting-nether,384,warrior,arms,12,4,8
Dataproffs,outland,384,warrior,arms,12,4,8
Сэмвариор,gordunni,384,warrior,arms,12,4,8
Ambraxon,blackmoore,384,warrior,arms,12,4,8
Osteskanken,ravencrest,384,warrior,arms,12,4,8
Rimedalb,aegwynn,384,warrior,arms,12,4,8
Blackzor,ragnaros,384,warrior,arms,12,4,8
Трапсир,gordunni,384,warrior,arms,12,4,8
Farewe,lightbringer,384,warrior,arms,12,4,8
Jólasveinn,saurfang,384,warrior,arms,12,4,8
Rïven,los-errantes,384,warrior,arms,12,4,8
Rngcarrier,sylvanas,384,warrior,arms,12,4,8
Jigs,twisting-nether,384,warrior,arms,12,4,8
Xavari,twisting-nether,384,warrior,arms,12,4,8
Kronner,blackmoore,384,warrior,arms,12,4,8
Borion,blackmoore,384,warrior,arms,12,4,8
Woghard,drakthul,384,warrior,arms,12,4,8
Лайонхартед,soulflayer,384,warrior,arms,12,4,8
Kussetrold,outland,384,warrior,arms,12,4,8
Oglisten,archimonde,384,warrior,arms,12,4,8
Вамвоосна,gordunni,384,warrior,arms,12,4,8
Jeyay,defias-brotherhood,384,warrior,arms,12,4,8
Craftorar,defias-brotherhood,384,warrior,arms,12,4,8
Flugan,vashj,384,warrior,arms,12,4,8
Fzit,kazzak,384,warrior,arms,12,4,8
Gregórry,eredar,384,warrior,arms,12,4,8
Gkhan,draenor,384,warrior,arms,12,4,8
Whyduck,silvermoon,384,warrior,arms,12,4,8
Mórghúlís,aegwynn,384,warrior,arms,12,4,8
Hubusan,blackmoore,384,warrior,arms,12,4,8
Khvor,blackmoore,384,warrior,arms,12,4,8
Misiaczek,the-maelstrom,384,warrior,arms,12,4,8
Oesche,frostmourne,384,warrior,arms,12,4,8
Mârcxb,antonidas,384,warrior,arms,12,4,8
Parriwarr,sanguino,384,warrior,arms,12,4,8
Traziel,blackmoore,384,warrior,arms,12,4,8
Warriortimi,blackhand,384,warrior,arms,12,4,8
Luciferkhan,twisting-nether,384,warrior,arms,12,4,8
Brrochacho,defias-brotherhood,384,warrior,arms,12,4,8
Xállek,veknilash,384,warrior,arms,12,4,8
Sonyd,tarren-mill,384,warrior,arms,12,4,8
Heclatos,hyjal,384,warrior,arms,12,4,8
Sveñor,the-maelstrom,384,warrior,arms,12,4,8
Kasperw,kazzak,384,warrior,arms,12,4,8
Wilko,twisting-nether,384,warrior,arms,12,4,8
Chrid,silvermoon,384,warrior,arms,12,4,8
Speiker,blackhand,384,warrior,arms,12,4,8
Schjøtt,ravencrest,384,warrior,arms,12,4,8
Gorok,culte-de-la-rive-noire,384,warrior,arms,12,4,8
Drazug,defias-brotherhood,384,warrior,arms,12,4,8
Syel,sinstralis,384,warrior,arms,12,4,8
Веоленс,gordunni,384,warrior,arms,12,4,8
Invictàs,hyjal,384,warrior,arms,12,4,8
Serpeiro,ravencrest,384,warrior,arms,12,4,8
Gromock,the-maelstrom,384,warrior,arms,12,4,8
Ryuma,lordaeron,384,warrior,arms,12,4,8
Cryos,destromath,384,warrior,arms,12,4,8
Evermoon,sanguino,384,warrior,arms,12,4,8
Arxnamus,silvermoon,384,warrior,arms,12,4,8
Zeover,ragnaros,384,warrior,arms,12,4,8
Phalek,ravencrest,384,warrior,arms,14,4,10
Executorä,stormscale,384,warrior,arms,15,4,11
Omcat,dun-modr,384,warrior,arms,27,6,21
Ganaroth,tarren-mill,384,warrior,arms,18,4,14
Vandras,hyjal,384,warrior,arms,18,4,14
Xxenaa,drakthul,384,warrior,arms,18,4,14
Erololi,sanguino,384,warrior,arms,18,4,14
Kaij,draenor,384,warrior,arms,18,4,14
Wifioffline,silvermoon,384,warrior,arms,18,4,14
Pwndrizle,blackmoore,384,warrior,arms,18,4,14
Moosewood,draenor,384,warrior,arms,18,4,14
Pulx,dun-modr,384,warrior,arms,18,4,14
Acidumcremor,burning-legion,384,warrior,arms,18,4,14
Vanaxd,blackrock,384,warrior,arms,20,4,16
Ironstep,silvermoon,383,warrior,arms,6,4,2
Adelphi,blackrock,383,warrior,arms,6,4,2
Angrytmyself,silvermoon,383,warrior,arms,6,4,2
Kãzzgot,burning-legion,383,warrior,arms,6,4,2
Реф,gordunni,383,warrior,arms,6,4,2
Красаучик,razuvious,383,warrior,arms,6,4,2
Mashamasha,twisting-nether,383,warrior,arms,9,5,4
Халиоссф,gordunni,383,warrior,arms,9,5,4
Варинуб,soulflayer,383,warrior,arms,12,6,6
Bassenheim,deathwing,383,warrior,arms,12,4,8
Askaed,kirin-tor,383,warrior,arms,12,4,8
Meetto,argent-dawn,383,warrior,arms,12,4,8
Shimy,pozzo-delleternità,383,warrior,arms,12,4,8
Варзибейра,blackscar,383,warrior,arms,12,4,8
Dundee,sanguino,383,warrior,arms,12,4,8
Familyguy,sylvanas,383,warrior,arms,12,4,8
Xonnico,ravencrest,383,warrior,arms,18,4,14
Khaczer,thunderhorn,383,warrior,arms,18,4,14
Brindzema,doomhammer,382,warrior,arms,6,4,2
Aethwa,stormscale,382,warrior,arms,6,4,2
Fatbud,tarren-mill,382,warrior,arms,6,4,2
Maxai,outland,382,warrior,arms,6,4,2
Nuxx,tarren-mill,382,warrior,arms,12,4,8
Epmeowpewpew,turalyon,382,warrior,arms,18,4,14
Аскольд,deathguard,379,warrior,arms,12,4,8
Асстероид,galakrond,379,warrior,arms,12,4,8
Fromagekipue,draenor,372,warrior,arms,21,7,14
Oxascand,kazzak,367,warrior,arms,17,4,13
Отсекатель,howling-fjord,367,warrior,arms,17,4,13
Свинореззка,howling-fjord,352,warrior,arms,10,4,6
Badroch,kazzak,351,warrior,arms,11,4,7
Shînta,hyjal,351,warrior,arms,11,4,7
Mynoona,stormscale,351,warrior,arms,11,4,7
Upholder,xavius,351,warrior,arms,11,4,7
Джокуджо,gordunni,336,warrior,arms,15,4,11
Kriegerlutz,blackmoore,335,warrior,arms,11,4,7
Steels,outland,331,warrior,arms,11,4,7
Zyou,stormscale,330,warrior,arms,23,7,16
Bêlier,hyjal,329,warrior,arms,16,6,10
Scoto,silvermoon,320,warrior,arms,10,4,6
Scarlettjo,outland,320,warrior,arms,10,4,6
Dyingdog,kazzak,320,warrior,arms,10,4,6
Тоштайн,gordunni,319,warrior,arms,5,4,1
Babb,kazzak,319,warrior,arms,5,4,1
Warrez,azuremyst,304,warrior,arms,7,4,3
Savaski,thrall,304,warrior,arms,7,4,3
Ugrlak,drakthul,304,warrior,arms,13,4,9
Dattebane,silvermoon,304,warrior,arms,13,4,9
Stiefbrudah,blackmoore,288,warrior,arms,6,3,3
Crimmwarr,aegwynn,288,warrior,arms,6,3,3
Yuì,blackmoore,288,warrior,arms,6,3,3
Hellevorn,hyjal,288,warrior,arms,6,3,3
Nurfdw,ravencrest,288,warrior,arms,6,3,3
Kampfrausch,blackmoore,288,warrior,arms,6,3,3
Slayermaxx,kazzak,288,warrior,arms,6,3,3
Toleck,aegwynn,288,warrior,arms,6,3,3
Tinydik,stormscale,288,warrior,arms,6,3,3
Venturez,stormscale,288,warrior,arms,6,3,3
Deniosan,blackhand,288,warrior,arms,6,3,3
Dashislay,kazzak,288,warrior,arms,6,3,3
Skullbash,outland,288,warrior,arms,6,3,3
Medborgerlig,twisting-nether,288,warrior,arms,6,3,3
Grók,outland,288,warrior,arms,6,3,3
Inflacija,grim-batol,288,warrior,arms,6,3,3
Nexz,the-shatar,288,warrior,arms,6,3,3
Issus,aggra-português,288,warrior,arms,6,3,3
Alvis,nathrezim,288,warrior,arms,6,3,3
Willywolxx,silvermoon,288,warrior,arms,6,3,3
Razza,ravencrest,288,warrior,arms,6,3,3
Bladoran,hyjal,288,warrior,arms,6,3,3
Îgris,sanguino,288,warrior,arms,6,3,3
Kíngsafa,rexxar,288,warrior,arms,6,3,3
Farnorn,kazzak,288,warrior,arms,6,3,3
Petesnot,outland,288,warrior,arms,6,3,3
Fullfäyä,hyjal,288,warrior,arms,6,3,3
Arachnoyd,drakthul,288,warrior,arms,6,3,3
Aestl,blackhand,288,warrior,arms,6,3,3
Culwyn,frostmane,288,warrior,arms,6,3,3
Pwncallxx,kazzak,288,warrior,arms,6,3,3
Lìcious,outland,288,warrior,arms,6,3,3
Afes,kazzak,288,warrior,arms,6,3,3
Pouckette,hyjal,288,warrior,arms,6,3,3
Ragnärey,voljin,288,warrior,arms,6,3,3
Goinhamx,blackhand,288,warrior,arms,6,3,3
Mønzie,outland,288,warrior,arms,6,3,3
Mòóds,malganis,288,warrior,arms,6,3,3
Meywara,blackhand,288,warrior,arms,6,3,3
Cháeyoung,draenor,288,warrior,arms,6,3,3
Srbooty,kazzak,288,warrior,arms,6,3,3
Soulmatee,aegwynn,288,warrior,arms,6,3,3
Karsul,shendralar,288,warrior,arms,6,3,3
Warriur,outland,288,warrior,arms,6,3,3
Venomflex,sanguino,288,warrior,arms,6,3,3
Mortaal,frostmane,288,warrior,arms,6,3,3
Lawkh,sanguino,288,warrior,arms,6,3,3
Frenzyqt,zuljin,288,warrior,arms,6,3,3
Kelrior,dun-modr,288,warrior,arms,6,3,3
Umamapice,draenor,288,warrior,arms,6,3,3
Cerßêre,archimonde,288,warrior,arms,6,3,3
Raistwar,magtheridon,288,warrior,arms,6,3,3
Sethalach,culte-de-la-rive-noire,288,warrior,arms,6,3,3
Béhrus,blackmoore,288,warrior,arms,6,3,3
Pházéd,kazzak,288,warrior,arms,6,3,3
Risara,outland,288,warrior,arms,6,3,3
Fnoon,taerar,288,warrior,arms,6,3,3
Imherhusband,ravencrest,288,warrior,arms,6,3,3
Saîx,garrosh,288,warrior,arms,6,3,3
Goochi,turalyon,288,warrior,arms,6,3,3
Stahlhund,silvermoon,288,warrior,arms,6,3,3
Zarani,antonidas,288,warrior,arms,6,3,3
Klunkepumper,ravencrest,288,warrior,arms,6,3,3
Lacos,drakthul,288,warrior,arms,6,3,3
Enkö,twisting-nether,288,warrior,arms,6,3,3
Madbert,drakthul,288,warrior,arms,6,3,3
Hydracleave,ravencrest,288,warrior,arms,6,3,3
Thebiggreen,twisting-nether,288,warrior,arms,6,3,3
Morgendämeru,baelgun,288,warrior,arms,6,3,3
Sikowyts,archimonde,288,warrior,arms,6,3,3
Flürix,outland,288,warrior,arms,6,3,3
Sentenzah,arakarahm,288,warrior,arms,6,3,3
Raïgã,hyjal,288,warrior,arms,6,3,3
Vãnquish,archimonde,288,warrior,arms,6,3,3
Exy,kazzak,288,warrior,arms,6,3,3
Tojaraa,kazzak,288,warrior,arms,6,3,3
ßløøððåñcé,ragnaros,288,warrior,arms,6,3,3
Flava,drakthul,288,warrior,arms,6,3,3
Xiphiatwo,ravencrest,288,warrior,arms,6,3,3
Bundo,outland,288,warrior,arms,6,3,3
Überhase,taerar,288,warrior,arms,6,3,3
Drengr,blackhand,288,warrior,arms,6,3,3
Noriela,archimonde,288,warrior,arms,6,3,3
Hatefull,onyxia,288,warrior,arms,6,3,3
Dðni,archimonde,288,warrior,arms,6,3,3
Mobyl,twisting-nether,288,warrior,arms,6,3,3
Airethon,proudmoore,288,warrior,arms,6,3,3
Evís,ragnaros,288,warrior,arms,6,3,3
Contdem,kazzak,288,warrior,arms,6,3,3
Citrok,dun-modr,288,warrior,arms,6,3,3
Retter,ravencrest,288,warrior,arms,6,3,3
Thesituation,onyxia,288,warrior,arms,6,3,3
Sktnsilv,malfurion,288,warrior,arms,6,3,3
Mightyrage,draenor,288,warrior,arms,6,3,3
Jimli,malygos,288,warrior,arms,6,3,3
Koffìe,tarren-mill,288,warrior,arms,6,3,3
Fotmheróqtxd,ravencrest,288,warrior,arms,6,3,3
Warwarsat,ysondre,288,warrior,arms,6,3,3
Тотбывалый,soulflayer,288,warrior,arms,6,3,3
Bleedmuch,silvermoon,288,warrior,arms,6,3,3
Suizix,blackrock,288,warrior,arms,6,3,3
Féélmyfury,tarren-mill,288,warrior,arms,6,3,3
Hanibalbarca,tarren-mill,288,warrior,arms,6,3,3
Grimripper,the-maelstrom,288,warrior,arms,6,3,3
Stãrscream,ysondre,288,warrior,arms,6,3,3
Aedin,ravencrest,288,warrior,arms,6,3,3
Whiskes,silvermoon,288,warrior,arms,6,3,3
Wellus,silvermoon,288,warrior,arms,6,3,3
Elainax,eredar,288,warrior,arms,6,3,3
Luccally,ragnaros,288,warrior,arms,6,3,3
Соплезоид,howling-fjord,288,warrior,arms,6,3,3
Nofêar,anubarak,288,warrior,arms,6,3,3
Somalisktjur,tarren-mill,288,warrior,arms,6,3,3
Naïkø,khaz-modan,288,warrior,arms,6,3,3
Неомх,howling-fjord,288,warrior,arms,6,3,3
Waron,dalaran,288,warrior,arms,6,3,3
Xiom,blackrock,288,warrior,arms,6,3,3
Extrémex,stormscale,288,warrior,arms,6,3,3
Wárríor,ragnaros,288,warrior,arms,6,3,3
Alphyn,veknilash,288,warrior,arms,6,3,3
Daemøn,hellfire,288,warrior,arms,6,3,3
Gylfanders,the-maelstrom,288,warrior,arms,6,3,3
Топлюзаорду,borean-tundra,288,warrior,arms,6,3,3
Robitusin,ragnaros,288,warrior,arms,6,3,3
Малграш,goldrinn,288,warrior,arms,6,3,3
Twelvearmsun,tarren-mill,288,warrior,arms,6,3,3
Фэймстар,soulflayer,288,warrior,arms,6,3,3
Bulgan,thrall,288,warrior,arms,6,3,3
Smásher,thrall,288,warrior,arms,6,3,3
Fantawesome,ragnaros,288,warrior,arms,6,3,3
Ashkandur,antonidas,288,warrior,arms,6,3,3
Tommytorres,stormscale,288,warrior,arms,6,3,3
Stompare,tarren-mill,288,warrior,arms,6,3,3
Kindface,the-maelstrom,288,warrior,arms,6,3,3
Adonispumpus,blackrock,288,warrior,arms,6,3,3
Чтота,gordunni,288,warrior,arms,6,3,3
Ланат,ashenvale,288,warrior,arms,6,3,3
Xsasuke,ragnaros,288,warrior,arms,6,3,3
Mightyzuv,the-maelstrom,288,warrior,arms,6,3,3
Møtomoto,defias-brotherhood,288,warrior,arms,6,3,3
Rasvamaksa,stormscale,288,warrior,arms,6,3,3
Råín,stormscale,288,warrior,arms,6,3,3
Bigmalx,darkspear,288,warrior,arms,6,3,3
Люлябра,soulflayer,288,warrior,arms,6,3,3
Кроуфури,gordunni,288,warrior,arms,6,3,3
Khorgash,ravencrest,288,warrior,arms,6,3,3
Грассфеникс,gordunni,288,warrior,arms,6,3,3
Стальнойорех,gordunni,288,warrior,arms,6,3,3
Sharn,emeriss,288,warrior,arms,6,3,3
Urbanturban,tarren-mill,288,warrior,arms,6,3,3
Cptwheelchr,blackmoore,288,warrior,arms,6,3,3
Teysh,aggramar,288,warrior,arms,6,3,3
Nahkampfnoob,blackmoore,288,warrior,arms,6,3,3
Ilovesara,blackrock,288,warrior,arms,6,3,3
Träglik,thrall,288,warrior,arms,6,3,3
Mauser,thrall,288,warrior,arms,6,3,3
Lotgor,tarren-mill,288,warrior,arms,6,3,3
Zleyni,blackrock,288,warrior,arms,6,3,3
Spearmisser,argent-dawn,288,warrior,arms,6,3,3
Baiganya,neptulon,288,warrior,arms,6,3,3
Klistertejp,argent-dawn,288,warrior,arms,6,3,3
Kyraeth,defias-brotherhood,288,warrior,arms,6,3,3
Vorticher,ravencrest,288,warrior,arms,6,3,3
Сионмагила,gordunni,288,warrior,arms,6,3,3
Gnarrwarr,eredar,288,warrior,arms,6,3,3
Smushbrok,stormscale,288,warrior,arms,6,3,3
Доррин,deathguard,288,warrior,arms,6,3,3
Nêlê,thrall,288,warrior,arms,6,3,3
Сарамортал,howling-fjord,288,warrior,arms,6,3,3
Хэллоуиныч,soulflayer,288,warrior,arms,6,3,3
Virginity,sylvanas,288,warrior,arms,6,3,3
Dekzu,stormscale,288,warrior,arms,6,3,3
Barbatos,saurfang,288,warrior,arms,6,3,3
Ididntbindit,stormscale,288,warrior,arms,6,3,3
Doghxnterx,ravencrest,288,warrior,arms,6,3,3
Ranndall,blackrock,288,warrior,arms,6,3,3
Ragewin,kelthuzad,288,warrior,arms,6,3,3
Суферна,howling-fjord,288,warrior,arms,6,3,3
Moorgoth,ysondre,288,warrior,arms,6,3,3
Xqty,ravencrest,288,warrior,arms,6,3,3
Инкула,gordunni,288,warrior,arms,6,3,3
Щекорез,soulflayer,288,warrior,arms,6,3,3
Xaidos,antonidas,288,warrior,arms,6,3,3
Юргоз,howling-fjord,288,warrior,arms,6,3,3
Lödbrök,dalaran,288,warrior,arms,6,3,3
Ládderx,ravencrest,288,warrior,arms,6,3,3
Onoclus,sylvanas,288,warrior,arms,6,3,3
Свиногуб,soulflayer,288,warrior,arms,6,3,3
Nayàsh,dalaran,288,warrior,arms,6,3,3
Chisatø,ravencrest,288,warrior,arms,6,3,3
Rîiper,ysondre,288,warrior,arms,6,3,3
Bolss,silvermoon,288,warrior,arms,6,3,3
Mukcho,sylvanas,288,warrior,arms,6,3,3
Akkixx,die-aldor,288,warrior,arms,6,3,3
Kheiden,silvermoon,288,warrior,arms,6,3,3
Suwarri,antonidas,288,warrior,arms,9,4,5
Ëlränger,dun-modr,288,warrior,arms,9,4,5
Elkatar,stormscale,288,warrior,arms,9,3,6
Kaîewn,elune,288,warrior,arms,10,3,7
Leonídás,blackhand,288,warrior,arms,15,4,11
Balferenfgt,magtheridon,288,warrior,arms,15,4,11
Thorgaz,blackmoore,288,warrior,arms,12,3,9
Турбобулка,gordunni,288,warrior,arms,12,3,9
Тирхо,gordunni,288,warrior,arms,12,3,9
Danrel,dalaran,288,warrior,arms,12,3,9
Nerdcorex,blackrock,288,warrior,arms,12,3,9
Awewar,crushridge,288,warrior,arms,12,3,9
Stoutsteel,kazzak,288,warrior,arms,12,3,9
Btkayy,tarren-mill,288,warrior,arms,12,3,9
Gorroth,chamber-of-aspects,288,warrior,arms,12,3,9
Gabbz,aggra-português,288,warrior,arms,12,3,9
Амбробенне,soulflayer,288,warrior,arms,12,3,9
Sànkà,pozzo-delleternità,288,warrior,arms,12,3,9
Algazarra,aggra-português,288,warrior,arms,12,3,9
Worcan,blackmoore,288,warrior,arms,12,3,9
Brooktar,sanguino,288,warrior,arms,12,3,9
Snissel,guldan,288,warrior,arms,12,3,9
Lykkee,blackmoore,288,warrior,arms,12,3,9
Ельмара,gordunni,288,warrior,arms,12,3,9
Grodor,alakir,288,warrior,arms,12,3,9
Syruz,malganis,288,warrior,arms,12,3,9
Solol,malganis,288,warrior,arms,12,3,9
Азизос,gordunni,288,warrior,arms,12,3,9
Flexay,archimonde,288,warrior,arms,12,3,9
Warzaph,ravencrest,288,warrior,arms,12,3,9
Nolavvii,ragnaros,288,warrior,arms,12,3,9
Вениамин,fordragon,288,warrior,arms,12,3,9
Jivua,blackrock,288,warrior,arms,12,3,9
Баам,fordragon,288,warrior,arms,12,3,9
Труска,ashenvale,288,warrior,arms,12,3,9
Jimbock,eredar,288,warrior,arms,12,3,9
Mercûry,stormscale,288,warrior,arms,12,3,9
Zhodd,zuljin,288,warrior,arms,12,3,9
Zalameh,sylvanas,288,warrior,arms,12,3,9
Gensur,skullcrusher,288,warrior,arms,12,3,9
Héraclès,ravencrest,288,warrior,arms,12,3,9
Smökey,silvermoon,288,warrior,arms,12,3,9
Gloindal,pozzo-delleternità,288,warrior,arms,12,3,9
Burbidge,silvermoon,288,warrior,arms,12,3,9
Telrion,silvermoon,288,warrior,arms,12,3,9
Ysmay,dun-morogh,288,warrior,arms,12,3,9
Raithwall,stormreaver,288,warrior,arms,12,3,9
Bozwa,silvermoon,288,warrior,arms,12,3,9
Zils,khaz-modan,288,warrior,arms,12,3,9
Lôcutus,thrall,288,warrior,arms,12,3,9
Simplyautism,silvermoon,288,warrior,arms,12,3,9
Laceyiee,anubarak,288,warrior,arms,12,3,9
Rychu,hellfire,288,warrior,arms,12,3,9
Conarconarik,zuluhed,288,warrior,arms,12,3,9
Mino,theradras,288,warrior,arms,12,3,9
Lukkass,ravencrest,288,warrior,arms,12,3,9
Uthric,azuremyst,288,warrior,arms,12,3,9
Mentalysane,outland,288,warrior,arms,12,3,9
Aiwar,tarren-mill,288,warrior,arms,12,3,9
Оверфлок,howling-fjord,288,warrior,arms,12,3,9
Renix,auchindoun,288,warrior,arms,12,3,9
Argean,argent-dawn,288,warrior,arms,12,3,9
Zhalm,stormscale,288,warrior,arms,12,3,9
Blxxwar,blackmoore,288,warrior,arms,12,3,9
Tøytank,twisting-nether,288,warrior,arms,12,3,9
Sorryforwhat,stormscale,288,warrior,arms,12,3,9
Zillrog,kazzak,288,warrior,arms,12,3,9
Qdex,kazzak,288,warrior,arms,12,3,9
Варкрафтор,howling-fjord,288,warrior,arms,12,3,9
Mistafleex,hyjal,288,warrior,arms,12,3,9
Xtylu,cthun,288,warrior,arms,12,3,9
Wardam,terokkar,288,warrior,arms,12,3,9
Currarms,aegwynn,288,warrior,arms,13,3,10
Ervanw,sylvanas,288,warrior,arms,17,3,14
Rokzor,anetheron,288,warrior,arms,18,3,15
Pmk,pozzo-delleternità,288,warrior,arms,18,3,15
Kûno,stormscale,288,warrior,arms,18,3,15
Rimstealer,tarren-mill,288,warrior,arms,18,3,15
Marax,spinebreaker,288,warrior,arms,18,3,15
Cassetibiat,rashgarroth,288,warrior,arms,18,3,15
Старыйклоп,blackscar,288,warrior,arms,18,3,15
Blainebonk,arathor,287,warrior,arms,6,3,3
Ironkee,kazzak,287,warrior,arms,6,3,3
Mercaderx,stormscale,287,warrior,arms,6,3,3
Warrsong,dun-modr,287,warrior,arms,6,3,3
Всемкуяолд,gordunni,287,warrior,arms,6,3,3
Хелледрин,azuregos,287,warrior,arms,6,3,3
Teñseî,archimonde,287,warrior,arms,6,3,3
Silkismooth,twisting-nether,287,warrior,arms,6,3,3
Falaliss,elune,287,warrior,arms,12,3,9
Akawan,ravencrest,287,warrior,arms,12,3,9
Freakzy,blackhand,287,warrior,arms,12,3,9
Ayatolah,kazzak,287,warrior,arms,12,3,9
Ymïrjar,sanguino,287,warrior,arms,12,3,9
Достпучо,gordunni,287,warrior,arms,14,3,11
Kharmog,hyjal,287,warrior,arms,18,3,15
Kokonut,twisting-nether,286,warrior,arms,6,3,3
Rutenos,drakthul,286,warrior,arms,6,3,3
Újorcharcos,ragnaros,286,warrior,arms,12,3,9
Себаст,galakrond,286,warrior,arms,12,3,9
Пунишерс,howling-fjord,286,warrior,arms,12,3,9
Raufí,antonidas,285,warrior,arms,12,3,9
Evèllon,blackmoore,271,warrior,arms,11,3,8
Warbringér,ravencrest,271,warrior,arms,11,3,8
Galidras,nemesis,271,warrior,arms,11,3,8
Gwagonbrabus,twisting-nether,271,warrior,arms,17,3,14
Kanyequest,bloodhoof,266,warrior,arms,15,5,10
Brùtus,exodar,265,warrior,arms,14,5,9
Jvpx,silvermoon,256,warrior,arms,10,3,7
Ranouch,ysondre,256,warrior,arms,16,3,13
Angrethar,tarren-mill,255,warrior,arms,8,4,4
Aleksandar,ravencrest,255,warrior,arms,11,3,8
Uki,kazzak,255,warrior,arms,11,3,8
Nurream,ravencrest,255,warrior,arms,11,3,8
Tenicx,ravencrest,255,warrior,arms,11,3,8
Ânaxi,silvermoon,255,warrior,arms,11,3,8
Pétin,kaelthas,255,warrior,arms,11,3,8
Mightybeastt,the-maelstrom,240,warrior,arms,9,3,6
Legharta,tarren-mill,240,warrior,arms,9,3,6
Sloody,ravencrest,239,warrior,arms,5,3,2
Keffboi,draenor,239,warrior,arms,5,3,2
Ntouziera,silvermoon,239,warrior,arms,5,3,2
Dooguystyle,archimonde,239,warrior,arms,5,3,2
Inselmo,grim-batol,239,warrior,arms,5,3,2
Hidèfromnoob,twisting-nether,239,warrior,arms,5,3,2
Комус,howling-fjord,239,warrior,arms,5,3,2
Mokwo,chogall,239,warrior,arms,5,3,2
Veed,nozdormu,239,warrior,arms,5,3,2
Renji,proudmoore,239,warrior,arms,5,3,2
Sarma,trollbane,239,warrior,arms,5,3,2
Bubidiblumxq,twisting-nether,239,warrior,arms,9,4,5
Porthios,azshara,239,warrior,arms,9,3,6
Xeonair,kazzak,234,warrior,arms,8,4,4
Tstrike,silvermoon,234,warrior,arms,9,4,5
Myshu,ravencrest,234,warrior,arms,14,4,10
Dracos,mannoroth,233,warrior,arms,18,4,14
Bloodrâgê,silvermoon,224,warrior,arms,10,3,7
Artaas,drakthul,223,warrior,arms,8,3,5
Шрекинатор,soulflayer,208,warrior,arms,7,3,4
Rhw,tarren-mill,208,warrior,arms,13,3,10
Sargonas,burning-blade,192,warrior,arms,4,3,1
Toptier,drakthul,192,warrior,arms,4,3,1
Epimeno,tarren-mill,192,warrior,arms,4,3,1
Iclickbutton,kazzak,192,warrior,arms,9,3,6
Scootter,ravencrest,192,warrior,arms,9,3,6
Wowbert,frostwolf,192,warrior,arms,9,3,6
Guttormur,dragonblight,192,warrior,arms,6,2,4
Reckless,saurfang,192,warrior,arms,6,2,4
Gkavlaki,ravencrest,192,warrior,arms,6,2,4
Chloade,burning-legion,192,warrior,arms,6,2,4
Aeres,bladefist,192,warrior,arms,6,2,4
Sxng,deathwing,192,warrior,arms,6,2,4
Jaés,kazzak,192,warrior,arms,6,2,4
Очепенец,soulflayer,192,warrior,arms,6,2,4
Грууш,howling-fjord,192,warrior,arms,6,2,4
Kíllguard,kazzak,192,warrior,arms,6,2,4
Poliam,blackmoore,192,warrior,arms,6,2,4
Bigestdamugr,stormscale,192,warrior,arms,6,2,4
Jaffacakes,kazzak,192,warrior,arms,6,2,4
Chargezon,drakthul,192,warrior,arms,6,2,4
Cäbbs,stormscale,192,warrior,arms,6,2,4
Vexari,twisting-nether,192,warrior,arms,6,2,4
Svepscumata,twisting-nether,192,warrior,arms,6,2,4
Beerew,blackrock,192,warrior,arms,6,2,4
Gretathunb,twisting-nether,192,warrior,arms,6,2,4
Shieldstand,kazzak,192,warrior,arms,6,2,4
Baylis,kazzak,192,warrior,arms,6,2,4
Зад,deathguard,192,warrior,arms,6,2,4
Lockia,chogall,192,warrior,arms,6,2,4
Ghorgutz,kazzak,192,warrior,arms,6,2,4
Zåk,stormscale,192,warrior,arms,6,2,4
Mortano,tarren-mill,192,warrior,arms,6,2,4
Guryn,sanguino,192,warrior,arms,6,2,4
Rezn,kazzak,192,warrior,arms,6,2,4
Panickill,ravencrest,192,warrior,arms,6,2,4
Darkbehemoth,kazzak,192,warrior,arms,6,2,4
Eifachöppis,blackhand,192,warrior,arms,6,2,4
Jurge,twisting-nether,192,warrior,arms,6,2,4
Edurionw,kazzak,192,warrior,arms,6,2,4
Hittanebo,twisting-nether,192,warrior,arms,6,2,4
Орвинг,soulflayer,192,warrior,arms,6,2,4
Weren,blackmoore,192,warrior,arms,6,2,4
Toporceanul,kazzak,192,warrior,arms,6,2,4
Киллиаф,howling-fjord,192,warrior,arms,6,2,4
Moshmuffín,blackmoore,192,warrior,arms,6,2,4
Vearpayne,silvermoon,192,warrior,arms,6,2,4
Skeyzêr,dun-modr,192,warrior,arms,6,2,4
Kirîto,dalaran,192,warrior,arms,6,2,4
Octaniuz,silvermoon,192,warrior,arms,6,2,4
Sxciestlsbin,stormscale,192,warrior,arms,6,2,4
Warrlee,ravencrest,192,warrior,arms,6,2,4
Boji,twisting-nether,192,warrior,arms,6,2,4
Faláfel,zuljin,192,warrior,arms,6,2,4
Eleborn,tarren-mill,192,warrior,arms,6,2,4
Kharabik,silvermoon,192,warrior,arms,6,2,4
Athrea,senjin,192,warrior,arms,6,2,4
Bulbasaur,twisting-nether,192,warrior,arms,6,2,4
Fastnfuryous,antonidas,192,warrior,arms,6,2,4
Pimagnum,stormscale,192,warrior,arms,6,2,4
Niffen,stormscale,192,warrior,arms,6,2,4
Zatirsh,antonidas,192,warrior,arms,6,2,4
Irgar,darkspear,192,warrior,arms,6,2,4
Gamedogo,silvermoon,192,warrior,arms,6,2,4
Апёхэндз,howling-fjord,192,warrior,arms,6,2,4
Discoklaus,blackmoore,192,warrior,arms,6,2,4
Dajnatarcze,burning-legion,192,warrior,arms,6,2,4
Bromaz,blackmoore,192,warrior,arms,6,2,4
Kenhart,silvermoon,192,warrior,arms,6,2,4
Shinychan,silvermoon,192,warrior,arms,6,2,4
Stonlocked,blackhand,192,warrior,arms,6,2,4
Apolyptica,blackmoore,192,warrior,arms,6,2,4
Jatze,sanguino,192,warrior,arms,6,2,4
Xilthy,stormscale,192,warrior,arms,6,2,4
Арестант,soulflayer,192,warrior,arms,6,2,4
Amphie,silvermoon,192,warrior,arms,6,2,4
Granrubin,dun-modr,192,warrior,arms,6,2,4
Retwarbtw,ragnaros,192,warrior,arms,6,2,4
Эгнораш,soulflayer,192,warrior,arms,6,2,4
Yìnkxx,blackmoore,192,warrior,arms,6,2,4
Kogän,ragnaros,192,warrior,arms,6,2,4
Poronga,sanguino,192,warrior,arms,6,2,4
Borntothis,zuljin,192,warrior,arms,6,2,4
Filira,silvermoon,192,warrior,arms,6,2,4
Havkon,twisting-nether,192,warrior,arms,6,2,4
Thatsthepump,silvermoon,192,warrior,arms,6,2,4
Mowglitoo,uldaman,192,warrior,arms,6,2,4
Artemiox,silvermoon,192,warrior,arms,6,2,4
Amazòn,stormscale,192,warrior,arms,6,2,4
Sancari,blackmoore,192,warrior,arms,6,2,4
Lâppön,blackmoore,192,warrior,arms,6,2,4
Кереешка,howling-fjord,192,warrior,arms,6,2,4
Snakééyés,kazzak,192,warrior,arms,6,2,4
Pumse,silvermoon,192,warrior,arms,6,2,4
Sibali,stormreaver,192,warrior,arms,6,2,4
Troover,kazzak,192,warrior,arms,6,2,4
Lildiabeto,darkspear,192,warrior,arms,6,2,4
Laßebluten,blackmoore,192,warrior,arms,6,2,4
Centuriôn,sanguino,192,warrior,arms,6,2,4
Zodiâk,ragnaros,192,warrior,arms,6,2,4
Byedriver,kazzak,192,warrior,arms,6,2,4
Sargul,ragnaros,192,warrior,arms,6,2,4
Кичисан,howling-fjord,192,warrior,arms,6,2,4
Fistawarrior,nemesis,192,warrior,arms,6,2,4
Averenx,frostwolf,192,warrior,arms,6,2,4
Throndin,dun-modr,192,warrior,arms,6,2,4
Røcksteady,festung-der-stürme,192,warrior,arms,6,2,4
Monkaslam,tarren-mill,192,warrior,arms,6,2,4
Sashafierce,tarren-mill,192,warrior,arms,6,2,4
Moolong,nozdormu,192,warrior,arms,6,2,4
Còle,blackrock,192,warrior,arms,6,2,4
ßandit,ravencrest,192,warrior,arms,6,2,4
Nînes,tarren-mill,192,warrior,arms,6,2,4
Æyra,durotan,192,warrior,arms,6,2,4
Athënã,archimonde,192,warrior,arms,6,2,4
Tekà,tarren-mill,192,warrior,arms,6,2,4
Dajkoo,drakthul,192,warrior,arms,6,2,4
Unehuitsept,eredar,192,warrior,arms,6,2,4
Burkek,hyjal,192,warrior,arms,6,2,4
Zigcc,draenor,192,warrior,arms,6,2,4
Ryonâgai,aegwynn,192,warrior,arms,6,2,4
Ptp,argent-dawn,192,warrior,arms,6,2,4
Mightywar,hyjal,192,warrior,arms,6,2,4
Maeselance,dun-modr,192,warrior,arms,6,2,4
Zanzagg,draenor,192,warrior,arms,6,2,4
Aliáto,sanguino,192,warrior,arms,6,2,4
Broley,blackhand,192,warrior,arms,6,2,4
Rastaboo,ravencrest,192,warrior,arms,6,2,4
Pépêloup,archimonde,192,warrior,arms,6,2,4
Yumahee,kult-der-verdammten,192,warrior,arms,6,2,4
Aléxsandra,ravencrest,192,warrior,arms,6,2,4
Connorzqt,ravencrest,192,warrior,arms,6,2,4
Míngxuan,tarren-mill,192,warrior,arms,6,2,4
Rheevan,dun-modr,192,warrior,arms,6,2,4
Brutalizator,talnivarr,192,warrior,arms,6,2,4
Skalì,archimonde,192,warrior,arms,6,2,4
Råzor,blackhand,192,warrior,arms,6,2,4
Arthayl,eredar,192,warrior,arms,6,2,4
Антанта,blackscar,192,warrior,arms,6,2,4
Iperiom,dun-modr,192,warrior,arms,6,2,4
Bicepss,blackhand,192,warrior,arms,6,2,4
Rubeast,draenor,192,warrior,arms,6,2,4
Miotyz,ahnqiraj,192,warrior,arms,6,2,4
Tharoth,dun-modr,192,warrior,arms,6,2,4
Бормормуш,gordunni,192,warrior,arms,6,2,4
Itchiiz,alonsus,192,warrior,arms,6,2,4
Марфитус,borean-tundra,192,warrior,arms,6,2,4
Yoruíchi,sunstrider,192,warrior,arms,6,2,4
Acour,elune,192,warrior,arms,6,2,4
Vrii,eredar,192,warrior,arms,6,2,4
Gucchy,nemesis,192,warrior,arms,6,2,4
Laakes,eredar,192,warrior,arms,6,2,4
Wamse,outland,192,warrior,arms,6,2,4
Redencounter,stormscale,192,warrior,arms,6,2,4
Scheroh,aegwynn,192,warrior,arms,6,2,4
Spaiché,azshara,192,warrior,arms,6,2,4
Woximus,ravencrest,192,warrior,arms,6,2,4
Spankyew,sylvanas,192,warrior,arms,6,2,4
Highoverlord,aggra-português,192,warrior,arms,6,2,4
Берззлой,gordunni,192,warrior,arms,6,2,4
Jares,argent-dawn,192,warrior,arms,6,2,4
Адамз,gordunni,192,warrior,arms,6,2,4
Gardom,doomhammer,192,warrior,arms,6,2,4
Cénz,outland,192,warrior,arms,6,2,4
Дахаэрис,gordunni,192,warrior,arms,6,2,4
Jaeru,archimonde,192,warrior,arms,6,2,4
Iordmatesp,drakthul,192,warrior,arms,6,2,4
Chickengodx,archimonde,192,warrior,arms,6,2,4
Krkn,outland,192,warrior,arms,6,2,4
Téla,frostwolf,192,warrior,arms,6,2,4
Escånør,archimonde,192,warrior,arms,6,2,4
Galenthor,ravencrest,192,warrior,arms,6,2,4
Tigron,burning-legion,192,warrior,arms,6,2,4
Kîsyra,aegwynn,192,warrior,arms,6,2,4
Прикурил,gordunni,192,warrior,arms,6,2,4
Ciuez,tarren-mill,192,warrior,arms,6,2,4
Mundigor,medivh,192,warrior,arms,6,2,4
Truepassion,outland,192,warrior,arms,6,2,4
Zaoclap,blackhand,192,warrior,arms,6,2,4
Gymhan,the-shatar,192,warrior,arms,6,2,4
Syrebral,archimonde,192,warrior,arms,6,2,4
Grimilax,hellscream,192,warrior,arms,6,2,4
Like,blackrock,192,warrior,arms,6,2,4
Гудмунт,borean-tundra,192,warrior,arms,6,2,4
Loutreboite,archimonde,192,warrior,arms,6,2,4
Tyser,blackrock,192,warrior,arms,6,2,4
Ismashu,anubarak,192,warrior,arms,6,2,4
Akkamagosh,argent-dawn,192,warrior,arms,6,2,4
Ratafya,hyjal,192,warrior,arms,6,2,4
Bigpressure,blackhand,192,warrior,arms,6,2,4
Kerando,tirion,192,warrior,arms,6,2,4
Taurôck,archimonde,192,warrior,arms,6,2,4
Gergereja,argent-dawn,192,warrior,arms,6,2,4
Taelgorr,draenor,192,warrior,arms,6,2,4
Angusbully,doomhammer,192,warrior,arms,6,2,4
Karkun,gilneas,192,warrior,arms,6,2,4
Greybâck,alleria,192,warrior,arms,6,2,4
Meìlie,outland,192,warrior,arms,6,2,4
Siberianstag,ravencrest,192,warrior,arms,6,2,4
Fidus,amanthul,192,warrior,arms,6,2,4
Xáníes,draenor,192,warrior,arms,6,2,4
Vulcán,aerie-peak,192,warrior,arms,6,2,4
Kladers,ravencrest,192,warrior,arms,6,2,4
Blæsild,ravencrest,192,warrior,arms,6,2,4
Ивантуз,gordunni,192,warrior,arms,6,2,4
Jdcw,chamber-of-aspects,192,warrior,arms,6,2,4
Shakz,argent-dawn,192,warrior,arms,6,2,4
Fitzer,ravencrest,192,warrior,arms,6,2,4
Bonkors,bronzebeard,192,warrior,arms,6,2,4
Tacco,ravencrest,192,warrior,arms,6,2,4
Noflameøfc,stormscale,192,warrior,arms,6,2,4
Ratnìk,stormscale,192,warrior,arms,6,2,4
Strongøne,draenor,192,warrior,arms,6,2,4
Vernoz,sylvanas,192,warrior,arms,6,2,4
Menelol,ysondre,192,warrior,arms,6,2,4
Luderyo,outland,192,warrior,arms,6,2,4
Владикчардж,gordunni,192,warrior,arms,6,2,4
Därlara,amanthul,192,warrior,arms,6,2,4
Seghrim,drakthul,192,warrior,arms,6,2,4
Abibe,aggra-português,192,warrior,arms,6,2,4
Davidpwrlift,draenor,192,warrior,arms,6,2,4
Neozz,ravencrest,192,warrior,arms,6,2,4
Steggee,argent-dawn,192,warrior,arms,6,2,4
Bloodparade,argent-dawn,192,warrior,arms,6,2,4
Jamoo,magtheridon,192,warrior,arms,6,2,4
Wilæm,argent-dawn,192,warrior,arms,6,2,4
Parts,mazrigos,192,warrior,arms,6,2,4
Katypärry,outland,192,warrior,arms,6,2,4
Bellzter,outland,192,warrior,arms,6,2,4
Нюхниуменя,gordunni,192,warrior,arms,6,2,4
Zenìa,argent-dawn,192,warrior,arms,6,2,4
Grimaced,tarren-mill,192,warrior,arms,6,2,4
Råkeff,tarren-mill,192,warrior,arms,6,2,4
Demolize,sylvanas,192,warrior,arms,6,2,4
Leazin,outland,192,warrior,arms,6,2,4
Cléveland,argent-dawn,192,warrior,arms,10,3,7
Spanker,madmortem,192,warrior,arms,10,3,7
Sillken,ravencrest,192,warrior,arms,7,2,5
Sunzí,alakir,192,warrior,arms,8,2,6
Eriqua,archimonde,192,warrior,arms,8,2,6
Waréx,ravencrest,192,warrior,arms,11,2,9
Wargød,eldrethalas,192,warrior,arms,12,2,10
Meslammin,draenor,192,warrior,arms,12,2,10
Wangalang,ravencrest,192,warrior,arms,12,2,10
Antrøs,quelthalas,192,warrior,arms,12,2,10
Vandraken,draenor,192,warrior,arms,12,2,10
Eumellin,blackmoore,192,warrior,arms,12,2,10
Lzdmfckmeazy,blackmoore,192,warrior,arms,12,2,10
Lepetitwar,hyjal,192,warrior,arms,12,2,10
Actoni,sylvanas,192,warrior,arms,12,2,10
Mumon,burning-legion,192,warrior,arms,12,2,10
Slayerxz,aegwynn,192,warrior,arms,12,2,10
Sambaswiss,kazzak,192,warrior,arms,12,2,10
Phosphonian,outland,192,warrior,arms,12,2,10
Bigflo,illidan,192,warrior,arms,12,2,10
Awan,malygos,192,warrior,arms,12,2,10
Ysaarj,tarren-mill,192,warrior,arms,12,2,10
Osrick,archimonde,192,warrior,arms,12,2,10
Xail,rexxar,192,warrior,arms,12,2,10
Sciuu,blackhand,192,warrior,arms,12,2,10
Klm,stormscale,192,warrior,arms,12,2,10
Phanatic,draenor,192,warrior,arms,12,2,10
Battousai,sanguino,192,warrior,arms,12,2,10
Tyranoth,defias-brotherhood,192,warrior,arms,12,2,10
Blackmoor,argent-dawn,192,warrior,arms,12,2,10
Solidier,archimonde,192,warrior,arms,12,2,10
Unhingéd,stormscale,192,warrior,arms,12,2,10
Furybringer,silvermoon,192,warrior,arms,12,2,10
Pøpeyo,hyjal,192,warrior,arms,12,2,10
Хенминия,blackscar,192,warrior,arms,12,2,10
Karny,argent-dawn,192,warrior,arms,12,2,10
Aedanath,dragonblight,192,warrior,arms,12,2,10
Draskoé,hyjal,192,warrior,arms,12,2,10
Caíne,drakthul,192,warrior,arms,12,2,10
Pwnwarri,aegwynn,192,warrior,arms,12,2,10
Adoum,ysondre,192,warrior,arms,12,2,10
Тревзор,gordunni,192,warrior,arms,12,2,10
Silverhand,terokkar,192,warrior,arms,12,2,10
Savagsh,blackmoore,191,warrior,arms,6,2,4
Hellis,frostmourne,191,warrior,arms,6,2,4
Atrias,stormscale,191,warrior,arms,6,2,4
Fitï,cthun,191,warrior,arms,6,2,4
Laeràzh,archimonde,191,warrior,arms,6,2,4
Касхо,gordunni,191,warrior,arms,12,2,10
Tronhaur,stormscale,191,warrior,arms,18,2,16
Perdition,ghostlands,190,warrior,arms,13,2,11
Hofmanntv,alakir,186,warrior,arms,19,5,14
Eledryel,pozzo-delleternità,185,warrior,arms,15,4,11
Номер,eversong,160,warrior,arms,10,2,8
Nybee,hyjal,159,warrior,arms,5,2,3
Kibb,sylvanas,159,warrior,arms,5,2,3
Tömahawk,defias-brotherhood,159,warrior,arms,5,2,3
Празар,howling-fjord,159,warrior,arms,5,2,3
Димонраз,howling-fjord,159,warrior,arms,5,2,3
Газкон,ashenvale,159,warrior,arms,5,2,3
Frazýl,kilrogg,159,warrior,arms,5,2,3
Lêksi,frostwolf,159,warrior,arms,5,2,3
Broxugar,defias-brotherhood,159,warrior,arms,5,2,3
Phenommenom,tarren-mill,159,warrior,arms,5,2,3
Clubmom,aegwynn,159,warrior,arms,5,2,3
Bloodpyre,nemesis,159,warrior,arms,11,2,9
Amystad,ahnqiraj,144,warrior,arms,9,2,7
Gondyr,quelthalas,144,warrior,arms,15,2,13
Suue,stormscale,143,warrior,arms,3,3,0
Lilsib,outland,138,warrior,arms,7,3,4
Boig,ragnaros,138,warrior,arms,7,3,4
Kuchîoff,uldaman,138,warrior,arms,14,3,11
Killinstinct,zuluhed,137,warrior,arms,13,3,10
Алол,gordunni,128,warrior,arms,4,2,2
Nacko,ravencrest,128,warrior,arms,4,2,2
Ozymandyaz,hyjal,127,warrior,arms,8,2,6
Саркон,ashenvale,127,warrior,arms,8,2,6
Dreadoran,voljin,112,warrior,arms,7,2,5
Bleaja,tarren-mill,112,warrior,arms,7,2,5
Abhorrent,tarren-mill,96,warrior,arms,3,2,1
Rândy,confrérie-du-thorium,96,warrior,arms,3,2,1
Fridaax,lightbringer,96,warrior,arms,3,2,1
Lasttfallen,hyjal,96,warrior,arms,3,2,1
Kyraxe,silvermoon,96,warrior,arms,3,2,1
Nekwar,ravencrest,96,warrior,arms,3,2,1
Вульфычч,gordunni,96,warrior,arms,6,1,5
Headshot,zenedar,96,warrior,arms,6,1,5
Soley,neptulon,96,warrior,arms,6,1,5
Шапканауши,eversong,96,warrior,arms,6,1,5
Whitebeardx,tarren-mill,96,warrior,arms,6,1,5
Снакихснаки,gordunni,96,warrior,arms,6,1,5
Рсдрпб,eversong,96,warrior,arms,6,1,5
Tìbor,stormscale,96,warrior,arms,6,1,5
Blepp,stormscale,96,warrior,arms,6,1,5
Turbotrost,hyjal,96,warrior,arms,6,1,5
Durrüti,sanguino,96,warrior,arms,6,1,5
Galzo,drakthul,96,warrior,arms,6,1,5
Урморн,gordunni,96,warrior,arms,6,1,5
Yoshimang,twisting-nether,96,warrior,arms,6,1,5
Naiph,blackmoore,96,warrior,arms,6,1,5
Ifir,hyjal,96,warrior,arms,6,1,5
Noxx,gorgonnash,96,warrior,arms,6,1,5
Halalmeat,minahonda,96,warrior,arms,6,1,5
Осгаард,gordunni,96,warrior,arms,6,1,5
Whydeadbro,twisting-nether,96,warrior,arms,6,1,5
Васяжелезо,gordunni,96,warrior,arms,6,1,5
Brutannya,argent-dawn,96,warrior,arms,6,1,5
Claymøre,khaz-modan,96,warrior,arms,6,1,5
Nobrainmelee,twisting-nether,96,warrior,arms,6,1,5
Morshak,gorgonnash,96,warrior,arms,6,1,5
Brostorm,magtheridon,96,warrior,arms,6,1,5
Грэймур,gordunni,96,warrior,arms,6,1,5
Kratosz,magtheridon,96,warrior,arms,6,1,5
Дозикк,ashenvale,96,warrior,arms,6,1,5
Romppu,shattered-hand,96,warrior,arms,6,1,5
Ayasaki,argent-dawn,96,warrior,arms,6,1,5
Inimadeleu,tarren-mill,96,warrior,arms,6,1,5
Фьордал,howling-fjord,96,warrior,arms,6,1,5
Deswarr,tarren-mill,96,warrior,arms,6,1,5
Kysse,hyjal,96,warrior,arms,6,1,5
Wârgâsm,argent-dawn,96,warrior,arms,6,1,5
Арленхейтлав,gordunni,96,warrior,arms,6,1,5
Вевеллер,ashenvale,96,warrior,arms,6,1,5
Macgull,ysondre,96,warrior,arms,6,1,5
Letha,twisting-nether,96,warrior,arms,6,1,5
Eiche,kazzak,96,warrior,arms,6,1,5
Spritekoppen,ravencrest,96,warrior,arms,6,1,5
Bigpapapap,kazzak,96,warrior,arms,6,1,5
Bravestarrz,ungoro,96,warrior,arms,6,1,5
Prettyangel,aegwynn,96,warrior,arms,6,1,5
Illuminatûs,blackmoore,96,warrior,arms,6,1,5
Axelitee,draenor,96,warrior,arms,6,1,5
Vexecute,rexxar,96,warrior,arms,6,1,5
Winedru,bronzebeard,96,warrior,arms,6,1,5
Largeblade,kazzak,96,warrior,arms,6,1,5
Warfield,draenor,96,warrior,arms,6,1,5
Beduin,twilights-hammer,96,warrior,arms,6,1,5
Molløtov,sargeras,96,warrior,arms,6,1,5
Dakotafred,ravencrest,96,warrior,arms,6,1,5
Killávalon,kazzak,96,warrior,arms,6,1,5
Rôtor,archimonde,96,warrior,arms,6,1,5
Konoplja,blackmoore,96,warrior,arms,6,1,5
Darkmain,outland,96,warrior,arms,6,1,5
Seriousqt,les-sentinelles,96,warrior,arms,6,1,5
Kamelskum,draenor,96,warrior,arms,6,1,5
Leryswarro,sanguino,96,warrior,arms,6,1,5
Nacindaz,thrall,96,warrior,arms,6,1,5
Humanboi,ravencrest,96,warrior,arms,6,1,5
Hammertorque,silvermoon,96,warrior,arms,6,1,5
Rhynot,argent-dawn,96,warrior,arms,6,1,5
Davidass,drakthul,96,warrior,arms,6,1,5
Onga,frostwolf,96,warrior,arms,6,1,5
Aemdall,chogall,96,warrior,arms,6,1,5
Evilez,ravencrest,96,warrior,arms,6,1,5
Juicer,argent-dawn,96,warrior,arms,6,1,5
Wandore,grim-batol,96,warrior,arms,6,1,5
Klåus,confrérie-du-thorium,96,warrior,arms,6,1,5
Snuusu,blackmoore,96,warrior,arms,6,1,5
Bjurkel,sylvanas,96,warrior,arms,6,1,5
Zaximos,twisting-nether,96,warrior,arms,6,1,5
Sgtzmetek,drakthul,96,warrior,arms,6,1,5
Wigman,shattered-hand,96,warrior,arms,6,1,5
Талейлан,gordunni,96,warrior,arms,6,1,5
Meadivh,auchindoun,96,warrior,arms,6,1,5
Taroom,turalyon,96,warrior,arms,6,1,5
Taukkì,kazzak,96,warrior,arms,6,1,5
Erosdulko,silvermoon,96,warrior,arms,6,1,5
Worgenalpha,garona,96,warrior,arms,6,1,5
Rikkavikki,argent-dawn,96,warrior,arms,6,1,5
Âkbarrash,blackmoore,96,warrior,arms,6,1,5
Poppeyex,silvermoon,96,warrior,arms,6,1,5
Халльборн,howling-fjord,96,warrior,arms,6,1,5
Püp,thrall,96,warrior,arms,6,1,5
Wrcia,ragnaros,96,warrior,arms,6,1,5
Jailbâit,baelgun,96,warrior,arms,6,1,5
Sharrok,blackmoore,96,warrior,arms,6,1,5
Stretch,thrall,96,warrior,arms,6,1,5
Elëndïl,dun-modr,96,warrior,arms,6,1,5
Truckfury,ravencrest,96,warrior,arms,6,1,5
Ytrox,twisting-nether,96,warrior,arms,6,1,5
They,aggramar,96,warrior,arms,6,1,5
Luntee,ragnaros,96,warrior,arms,6,1,5
Siuzy,blackrock,96,warrior,arms,6,1,5
Furyjoe,blackrock,96,warrior,arms,6,1,5
Molsah,draenor,96,warrior,arms,6,1,5
Томмч,soulflayer,96,warrior,arms,6,1,5
Subwaygodx,frostwolf,96,warrior,arms,6,1,5
Faereliah,argent-dawn,96,warrior,arms,6,1,5
Abukrd,turalyon,96,warrior,arms,6,1,5
Rezail,silvermoon,96,warrior,arms,6,1,5
Bigk,burning-legion,96,warrior,arms,6,1,5
Hashyk,burning-legion,96,warrior,arms,6,1,5
Кингкраш,gordunni,96,warrior,arms,6,1,5
Trickzît,silvermoon,96,warrior,arms,6,1,5
Tidùs,nethersturm,96,warrior,arms,6,1,5
Choûbab,archimonde,96,warrior,arms,6,1,5
Schuy,silvermoon,96,warrior,arms,6,1,5
Lúbu,ravencrest,96,warrior,arms,6,1,5
Osopeligroso,outland,96,warrior,arms,6,1,5
Redjaw,twisting-nether,96,warrior,arms,6,1,5
Rägnât,dun-modr,96,warrior,arms,6,1,5
Кустяша,gordunni,96,warrior,arms,6,1,5
Psyph,onyxia,96,warrior,arms,6,1,5
Rinderliebe,thrall,96,warrior,arms,6,1,5
Galatan,kazzak,96,warrior,arms,6,1,5
Gehirnwalze,dethecus,96,warrior,arms,6,1,5
Vardias,pozzo-delleternità,96,warrior,arms,6,1,5
Midvînter,silvermoon,96,warrior,arms,6,1,5
Lilsweép,draenor,96,warrior,arms,6,1,5
Greenbeanx,antonidas,96,warrior,arms,6,1,5
Thekayizer,archimonde,96,warrior,arms,6,1,5
Groullomus,archimonde,96,warrior,arms,6,1,5
Acudam,stormscale,96,warrior,arms,6,1,5
Juanvaco,tarren-mill,96,warrior,arms,6,1,5
Deathsnarl,ragnaros,96,warrior,arms,6,1,5
Schoolbus,outland,96,warrior,arms,6,1,5
Ðeadyet,mugthol,96,warrior,arms,6,1,5
Funkyfresh,ravencrest,96,warrior,arms,6,1,5
Cøbain,eredar,96,warrior,arms,6,1,5
Duriwar,ravencrest,96,warrior,arms,6,1,5
Kormazz,tarren-mill,96,warrior,arms,6,1,5
Nukêr,dun-modr,96,warrior,arms,6,1,5
Wscieklosc,silvermoon,96,warrior,arms,6,1,5
Snugger,ravencrest,96,warrior,arms,6,1,5
Skullxy,talnivarr,96,warrior,arms,6,1,5
Krwms,cthun,96,warrior,arms,6,1,5
Warbek,tarren-mill,96,warrior,arms,6,1,5
Ragecrit,ragnaros,96,warrior,arms,6,1,5
Eléndrèn,blackrock,96,warrior,arms,6,1,5
Sebastian,ravencrest,96,warrior,arms,6,1,5
Càvalry,nemesis,96,warrior,arms,6,1,5
Gärrüsh,dun-modr,96,warrior,arms,6,1,5
Sarkan,ravencrest,96,warrior,arms,6,1,5
Snapped,shadowsong,96,warrior,arms,6,1,5
Ezlive,blackrock,96,warrior,arms,6,1,5
Woosaah,ravencrest,96,warrior,arms,6,1,5
Deauxa,twisting-nether,96,warrior,arms,6,1,5
Суммрак,grom,96,warrior,arms,6,1,5
Üzzy,dun-modr,96,warrior,arms,6,1,5
Keniny,drakthul,96,warrior,arms,6,1,5
Sláughter,forscherliga,96,warrior,arms,6,1,5
Arnowz,stormscale,96,warrior,arms,6,1,5
Feltias,drakthul,96,warrior,arms,6,1,5
Oksimbillah,blackrock,96,warrior,arms,6,1,5
Замесик,blackscar,96,warrior,arms,6,1,5
Habaneroo,zuljin,96,warrior,arms,6,1,5
Guerrino,nemesis,96,warrior,arms,6,1,5
Xlugan,kazzak,96,warrior,arms,6,1,5
Haltwo,archimonde,96,warrior,arms,6,1,5
Lincwar,stormscale,96,warrior,arms,6,1,5
Karyoroo,eredar,96,warrior,arms,6,1,5
Wlâdimir,eredar,96,warrior,arms,6,1,5
Brøxx,garrosh,96,warrior,arms,6,1,5
Armyne,kazzak,96,warrior,arms,6,1,5
Logmmar,sanguino,96,warrior,arms,6,1,5
Murämasä,hyjal,96,warrior,arms,6,1,5
Плечастый,blackscar,96,warrior,arms,6,1,5
Bloodpath,stormrage,96,warrior,arms,6,1,5
Swyklon,stormscale,96,warrior,arms,12,1,11
Enderon,silvermoon,96,warrior,arms,12,1,11
Viana,sylvanas,96,warrior,arms,12,1,11
Grimblade,kazzak,96,warrior,arms,12,1,11
Zarkos,onyxia,96,warrior,arms,12,1,11
Kimchiy,ravencrest,96,warrior,arms,12,1,11
Executê,kazzak,96,warrior,arms,12,1,11
Babæ,ravencrest,96,warrior,arms,12,1,11
Benjarnee,draenor,96,warrior,arms,12,1,11
Chemotox,ragnaros,96,warrior,arms,12,1,11
Mikogød,ravencrest,96,warrior,arms,12,1,11
Moshpít,antonidas,96,warrior,arms,12,1,11
Отпустите,howling-fjord,96,warrior,arms,12,1,11
Mirror,tarren-mill,96,warrior,arms,12,1,11
Helmcleaver,tarren-mill,96,warrior,arms,12,1,11
Шредс,howling-fjord,96,warrior,arms,12,1,11
Saddunkey,doomhammer,96,warrior,arms,14,1,13
Aldébbarann,archimonde,96,warrior,arms,15,1,14
Baldemort,antonidas,96,warrior,arms,24,1,23
Enÿo,stormscale,84,warrior,arms,27,7,20
Agur,ysondre,79,warrior,arms,5,1,4
Kallum,ravencrest,79,warrior,arms,5,1,4
Kimboslice,ragnaros,79,warrior,arms,11,2,9
Sublexgg,blackrock,1868,warrior,protection,43,24,19
Swagenknecht,blackrock,1810,warrior,protection,90,42,48
Blaying,ravencrest,1540,warrior,protection,90,45,45
Doghxnterx,ravencrest,1261,warrior,protection,37,14,23
Narrative,kazzak,1091,warrior,protection,54,20,34
Ferran,sanguino,1061,warrior,protection,73,36,37
Brigitá,argent-dawn,1055,warrior,protection,24,11,13
Tríbún,kult-der-verdammten,993,warrior,protection,65,26,39
Carras,confrérie-du-thorium,937,warrior,protection,42,22,20
Grimurg,drakthul,925,warrior,protection,88,39,49
Флоуби,razuvious,915,warrior,protection,30,12,18
Mandiso,norgannon,866,warrior,protection,70,32,38
Фриегар,deathguard,856,warrior,protection,57,22,35
Extramudna,azjolnerub,762,warrior,protection,18,8,10
Naofumí,arthas,732,warrior,protection,18,8,10
Flinn,die-nachtwache,408,warrior,protection,26,6,20
Tokrika,die-aldor,384,warrior,protection,6,4,2
Драчун,thermaplugg,384,warrior,protection,12,4,8
Гештальтыч,eversong,379,warrior,protection,24,4,20
Bloodparade,argent-dawn,288,warrior,protection,6,3,3
Takautak,kirin-tor,288,warrior,protection,12,3,9
Davetsiz,burning-legion,288,warrior,protection,12,3,9
Трейлхард,howling-fjord,287,warrior,protection,12,3,9
Маллал,soulflayer,192,warrior,protection,6,2,4
Денеур,gordunni,192,warrior,protection,6,2,4
Hofftor,eredar,192,warrior,protection,6,2,4
Asuvia,argent-dawn,127,warrior,protection,14,2,12
Leryswarro,sanguino,96,warrior,protection,6,1,5
Valem,suramar,96,warrior,protection,6,1,5
Warrqury,ravencrest,96,warrior,protection,6,1,5
Jøtas,dun-modr,96,warrior,protection,12,1,11
Callipsa,argent-dawn,96,warrior,protection,12,1,11
