,name,realm,rating,cls,spec,play,win,lose
0,Эваер,blackscar,1506,deathknight,blood,60,29,31
1,Rahbekius,kazzak,1466,deathknight,blood,149,63,86
2,Maylined,antonidas,1316,deathknight,blood,36,16,20
3,Hoggster,kazzak,1237,deathknight,blood,51,14,37
4,Nîghtmáre,ravencrest,1180,deathknight,blood,35,20,15
5,Horrorda,defias-brotherhood,1119,deathknight,blood,27,14,13
6,Minoporc,archimonde,916,deathknight,blood,39,14,25
7,Wickedgray,outland,672,deathknight,blood,12,7,5
8,Оосака,gordunni,573,deathknight,blood,24,6,18
9,Downtoclown,argent-dawn,480,deathknight,blood,12,5,7
10,Ducados,forscherliga,476,deathknight,blood,12,5,7
11,Schiva,eredar,437,deathknight,blood,17,5,12
12,Hellcrosser,blackrock,381,deathknight,blood,12,4,8
13,Pinkish,argent-dawn,379,deathknight,blood,12,4,8
14,Барагган,thermaplugg,288,deathknight,blood,6,3,3
15,Кмамехочу,howling-fjord,288,deathknight,blood,18,3,15
16,Zdan,sylvanas,287,deathknight,blood,6,3,3
17,Airok,proudmoore,191,deathknight,blood,6,2,4
18,Fixmybones,frostmane,96,deathknight,blood,6,1,5
19,Pechugona,zuljin,96,deathknight,blood,12,1,11
20,Хайвейтухэлл,soulflayer,2098,deathknight,unholy,96,48,48
21,Conqueròr,tarren-mill,2083,deathknight,unholy,94,46,48
22,Нишимба,soulflayer,1962,deathknight,unholy,72,36,36
23,Leónid,kazzak,1962,deathknight,unholy,72,36,36
24,Кромгона,soulflayer,1961,deathknight,unholy,112,69,43
25,Bedstemoor,ravencrest,1955,deathknight,unholy,90,47,43
26,Enzy,drakthul,1948,deathknight,unholy,42,26,16
27,Шайбовёрт,gordunni,1946,deathknight,unholy,90,48,42
28,Bóby,ravencrest,1941,deathknight,unholy,213,100,113
29,Дайтоолгоун,gordunni,1937,deathknight,unholy,113,56,57
30,Storhøf,sanguino,1930,deathknight,unholy,54,35,19
31,Shadowdeathj,kazzak,1913,deathknight,unholy,54,27,27
32,Worlviuz,argent-dawn,1905,deathknight,unholy,135,67,68
33,Murky,kazzak,1901,deathknight,unholy,164,79,85
34,Quizon,tarren-mill,1889,deathknight,unholy,72,36,36
35,Hotcherryx,dun-modr,1887,deathknight,unholy,114,56,58
36,Валькейн,blackscar,1883,deathknight,unholy,60,32,28
37,Fxckingmad,ravencrest,1883,deathknight,unholy,72,37,35
38,Akaliz,die-aldor,1876,deathknight,unholy,66,35,31
39,Ipanic,argent-dawn,1875,deathknight,unholy,228,120,108
40,Eyyoo,blackmoore,1875,deathknight,unholy,70,35,35
41,Necrølyte,sylvanas,1874,deathknight,unholy,66,38,28
42,Leomordf,doomhammer,1863,deathknight,unholy,202,113,89
43,Narali,argent-dawn,1859,deathknight,unholy,72,34,38
44,Bøby,kul-tiras,1856,deathknight,unholy,54,26,28
45,Likewise,twisting-nether,1853,deathknight,unholy,48,20,28
46,Vallenhal,twisting-nether,1850,deathknight,unholy,48,23,25
47,Azüla,ysondre,1848,deathknight,unholy,66,30,36
48,Fabricius,blackrock,1847,deathknight,unholy,66,36,30
49,Меланндрис,gordunni,1845,deathknight,unholy,60,44,16
50,Øtherànóther,stormscale,1843,deathknight,unholy,54,30,24
51,Ezlyy,ravencrest,1843,deathknight,unholy,114,60,54
52,Amnésyx,ysondre,1842,deathknight,unholy,64,32,32
53,Nómòre,ravencrest,1839,deathknight,unholy,60,30,30
54,Mockingbirdo,sanguino,1836,deathknight,unholy,36,24,12
55,Аронас,blackscar,1833,deathknight,unholy,83,42,41
56,Lilshiet,stormreaver,1831,deathknight,unholy,66,30,36
57,Namzera,draenor,1827,deathknight,unholy,114,70,44
58,Undeadcell,ravencrest,1826,deathknight,unholy,60,34,26
59,Bíllÿ,kazzak,1822,deathknight,unholy,72,34,38
60,Неондк,eversong,1821,deathknight,unholy,104,53,51
61,Zokko,blackrock,1820,deathknight,unholy,59,31,28
62,Cealdris,blackmoore,1819,deathknight,unholy,30,20,10
63,Обледенение,gordunni,1819,deathknight,unholy,36,19,17
64,Bigdickdk,ragnaros,1819,deathknight,unholy,58,27,31
65,Lutcher,hellfire,1818,deathknight,unholy,36,20,16
66,Rankor,grim-batol,1816,deathknight,unholy,66,36,30
67,Necrofear,grim-batol,1816,deathknight,unholy,126,62,64
68,Jesûsx,ravencrest,1814,deathknight,unholy,78,45,33
69,Andreàs,silvermoon,1813,deathknight,unholy,60,30,30
70,Aryash,silvermoon,1812,deathknight,unholy,66,31,35
71,Аоепупс,gordunni,1809,deathknight,unholy,57,28,29
72,Allmawt,argent-dawn,1808,deathknight,unholy,89,51,38
73,Oscman,silvermoon,1805,deathknight,unholy,123,65,58
74,Лордэскорт,gordunni,1805,deathknight,unholy,78,37,41
75,Køley,draenor,1804,deathknight,unholy,53,30,23
76,Annabolik,ravencrest,1804,deathknight,unholy,36,19,17
77,Icegrin,silvermoon,1803,deathknight,unholy,150,81,69
78,Butthurtx,stormscale,1802,deathknight,unholy,46,27,19
79,Бургер,soulflayer,1802,deathknight,unholy,78,33,45
80,Exoflake,kazzak,1801,deathknight,unholy,64,36,28
81,Inflex,silvermoon,1800,deathknight,unholy,102,51,51
82,Grepetta,argent-dawn,1800,deathknight,unholy,243,121,122
83,Apacstanya,ragnaros,1787,deathknight,unholy,54,23,31
84,Aifam,twisting-nether,1784,deathknight,unholy,92,46,46
85,Дайтоолгоун,deathguard,1783,deathknight,unholy,69,38,31
86,Unhóly,tarren-mill,1782,deathknight,unholy,115,65,50
87,Дэхон,gordunni,1777,deathknight,unholy,79,42,37
88,Fennro,ysondre,1776,deathknight,unholy,288,139,149
89,Argonat,silvermoon,1775,deathknight,unholy,132,72,60
90,Darkknights,archimonde,1774,deathknight,unholy,56,35,21
91,Тхиро,gordunni,1773,deathknight,unholy,83,34,49
92,Bephomet,onyxia,1762,deathknight,unholy,93,39,54
93,Фростинг,gordunni,1757,deathknight,unholy,42,23,19
94,Sélyne,dalaran,1753,deathknight,unholy,54,23,31
95,Vakü,burning-legion,1746,deathknight,unholy,334,157,177
96,Zerachy,blackmoore,1733,deathknight,unholy,30,19,11
97,Shanariel,khaz-modan,1733,deathknight,unholy,102,58,44
98,Змейняша,soulflayer,1729,deathknight,unholy,109,53,56
99,Лордпафос,blackscar,1723,deathknight,unholy,54,28,26
100,Skulm,twisting-nether,1722,deathknight,unholy,48,20,28
101,Inâste,thrall,1719,deathknight,unholy,48,26,22
102,Oj,darkspear,1719,deathknight,unholy,173,89,84
103,Ghostreign,tarren-mill,1719,deathknight,unholy,68,33,35
104,Сантамо,soulflayer,1718,deathknight,unholy,104,55,49
105,Аркёт,howling-fjord,1714,deathknight,unholy,66,34,32
106,Koranderx,argent-dawn,1713,deathknight,unholy,30,18,12
107,Péterpain,antonidas,1712,deathknight,unholy,72,32,40
108,Itreachesout,ravencrest,1710,deathknight,unholy,113,54,59
109,Тыпидо,howling-fjord,1707,deathknight,unholy,66,40,26
110,Faznik,twisting-nether,1707,deathknight,unholy,76,38,38
111,Wôrgenator,kazzak,1704,deathknight,unholy,48,18,30
112,Ràiven,blackmoore,1701,deathknight,unholy,65,31,34
113,Эриданс,gordunni,1696,deathknight,unholy,142,79,63
114,Vainajala,die-aldor,1691,deathknight,unholy,77,46,31
115,Arizon,drakthul,1691,deathknight,unholy,98,40,58
116,Necrotic,blackrock,1690,deathknight,unholy,53,30,23
117,Verminosis,stormscale,1689,deathknight,unholy,54,21,33
118,Dräpârn,sylvanas,1686,deathknight,unholy,66,37,29
119,Ronsôn,terrordar,1685,deathknight,unholy,54,27,27
120,Кулькулегал,ashenvale,1685,deathknight,unholy,54,27,27
121,Sanlex,twisting-nether,1684,deathknight,unholy,115,51,64
122,Happsor,eredar,1684,deathknight,unholy,42,18,24
123,Вирко,eversong,1683,deathknight,unholy,130,67,63
124,Ûñhølýðéåthj,tarren-mill,1683,deathknight,unholy,59,28,31
125,ßankoedno,stormscale,1681,deathknight,unholy,120,62,58
126,Stely,alonsus,1678,deathknight,unholy,36,21,15
127,Wombo,dentarg,1677,deathknight,unholy,57,30,27
128,Lovroo,silvermoon,1677,deathknight,unholy,93,43,50
129,Vatø,tarren-mill,1676,deathknight,unholy,60,27,33
130,Sakiko,thrall,1674,deathknight,unholy,36,18,18
131,Femilista,dun-modr,1671,deathknight,unholy,42,23,19
132,Synthwave,tarren-mill,1666,deathknight,unholy,87,40,47
133,Олинф,deathguard,1664,deathknight,unholy,56,23,33
134,Blazeberg,blackrock,1662,deathknight,unholy,58,33,25
135,Økah,outland,1659,deathknight,unholy,54,25,29
136,Enzÿ,drakthul,1657,deathknight,unholy,48,26,22
137,Thezftw,kazzak,1656,deathknight,unholy,65,27,38
138,Metalmanethé,tarren-mill,1655,deathknight,unholy,205,106,99
139,Fraeya,sunstrider,1652,deathknight,unholy,144,71,73
140,Reann,argent-dawn,1649,deathknight,unholy,55,31,24
141,Aeneriah,tarren-mill,1648,deathknight,unholy,61,36,25
142,Кидер,blackscar,1647,deathknight,unholy,53,29,24
143,Ampdk,ravencrest,1647,deathknight,unholy,36,19,17
144,Äyrenn,draenor,1645,deathknight,unholy,61,35,26
145,Mávé,tarren-mill,1645,deathknight,unholy,64,31,33
146,Yandeäth,chants-éternels,1644,deathknight,unholy,125,66,59
147,Капустас,gordunni,1641,deathknight,unholy,42,24,18
148,Nèrfx,ragnaros,1641,deathknight,unholy,66,30,36
149,Leanâdle,hyjal,1640,deathknight,unholy,80,39,41
150,Creatar,kazzak,1639,deathknight,unholy,53,31,22
151,Pandahapci,ragnaros,1638,deathknight,unholy,42,20,22
152,Çruél,silvermoon,1638,deathknight,unholy,48,21,27
153,Bokrak,norgannon,1637,deathknight,unholy,76,50,26
154,Deathlog,silvermoon,1637,deathknight,unholy,96,48,48
155,Garrinchá,stormscale,1636,deathknight,unholy,48,21,27
156,Kickbot,outland,1634,deathknight,unholy,178,88,90
157,Triffdich,blackrock,1633,deathknight,unholy,78,38,40
158,Sølîta,archimonde,1632,deathknight,unholy,71,39,32
159,Гронташ,howling-fjord,1628,deathknight,unholy,59,30,29
160,Herumor,nerzhul,1627,deathknight,unholy,60,32,28
161,Сгеатог,gordunni,1623,deathknight,unholy,36,17,19
162,Smallbaboon,stormreaver,1623,deathknight,unholy,42,17,25
163,Quetza,twisting-nether,1621,deathknight,unholy,36,17,19
164,Кокосоус,gordunni,1618,deathknight,unholy,36,18,18
165,Gladiadk,ysondre,1618,deathknight,unholy,42,17,25
166,Baltersa,blackhand,1614,deathknight,unholy,48,19,29
167,Pellizquitas,sanguino,1612,deathknight,unholy,30,17,13
168,Lockhead,stormscale,1612,deathknight,unholy,90,50,40
169,Инлакеш,howling-fjord,1611,deathknight,unholy,57,25,32
170,Deathvid,ravencrest,1610,deathknight,unholy,78,43,35
171,Darkertimes,ragnaros,1610,deathknight,unholy,126,57,69
172,Crenshawx,twisting-nether,1610,deathknight,unholy,119,53,66
173,Castlevanía,ravencrest,1609,deathknight,unholy,97,48,49
174,Sugarcakedk,blackrock,1608,deathknight,unholy,71,34,37
175,Слендер,howling-fjord,1606,deathknight,unholy,83,40,43
176,Вондум,howling-fjord,1606,deathknight,unholy,42,18,24
177,Vexxed,magtheridon,1605,deathknight,unholy,87,50,37
178,Notsyndra,nemesis,1603,deathknight,unholy,42,23,19
179,Jiodythyy,archimonde,1602,deathknight,unholy,54,23,31
180,Râke,teldrassil,1601,deathknight,unholy,42,19,23
181,Nazgül,drakthul,1600,deathknight,unholy,110,58,52
182,Aceléss,drakthul,1600,deathknight,unholy,42,20,22
183,Арцевус,gordunni,1596,deathknight,unholy,88,48,40
184,Смердонос,grom,1594,deathknight,unholy,149,84,65
185,Deathcaller,zuljin,1594,deathknight,unholy,65,32,33
186,Linuzbunny,zenedar,1591,deathknight,unholy,24,17,7
187,Yagoora,silvermoon,1588,deathknight,unholy,74,29,45
188,Yusehz,kazzak,1587,deathknight,unholy,47,21,26
189,Kwc,kazzak,1586,deathknight,unholy,117,54,63
190,Bertonilo,burning-legion,1585,deathknight,unholy,36,19,17
191,Lichbørn,ragnaros,1585,deathknight,unholy,54,25,29
192,Branchë,stormscale,1584,deathknight,unholy,87,43,44
193,Zariia,twisting-nether,1582,deathknight,unholy,60,37,23
194,Акамахи,ashenvale,1582,deathknight,unholy,36,20,16
195,Кадавров,gordunni,1582,deathknight,unholy,90,48,42
196,Bredox,ravencrest,1582,deathknight,unholy,63,27,36
197,Dzemoo,drakthul,1580,deathknight,unholy,30,18,12
198,Skórm,burning-legion,1580,deathknight,unholy,36,17,19
199,Ghaloob,draenor,1576,deathknight,unholy,42,20,22
200,Garasu,eredar,1574,deathknight,unholy,48,19,29
201,Ктунец,blackscar,1570,deathknight,unholy,36,19,17
202,Söttguetsi,blackrock,1566,deathknight,unholy,41,23,18
203,Motvinden,stormscale,1566,deathknight,unholy,46,22,24
204,Zoree,draenor,1564,deathknight,unholy,113,60,53
205,Körthazz,hyjal,1563,deathknight,unholy,55,27,28
206,Хорссэ,soulflayer,1562,deathknight,unholy,37,22,15
207,Винерас,soulflayer,1562,deathknight,unholy,66,31,35
208,Emphendk,twisting-nether,1562,deathknight,unholy,43,18,25
209,Вурдулакх,gordunni,1561,deathknight,unholy,96,48,48
210,Derfitt,sanguino,1561,deathknight,unholy,66,32,34
211,Моровой,blackscar,1559,deathknight,unholy,41,20,21
212,Oweiowei,blackrock,1558,deathknight,unholy,30,18,12
213,Qtxi,nozdormu,1552,deathknight,unholy,114,61,53
214,Aleejha,draenor,1551,deathknight,unholy,70,39,31
215,Smörj,aggramar,1551,deathknight,unholy,60,24,36
216,Gargalon,drakthul,1547,deathknight,unholy,72,37,35
217,Turboface,kazzak,1546,deathknight,unholy,60,34,26
218,Apoikos,argent-dawn,1546,deathknight,unholy,36,19,17
219,Évìl,stormscale,1546,deathknight,unholy,33,17,16
220,Utyr,ragnaros,1544,deathknight,unholy,42,22,20
221,Anathela,dalaran,1544,deathknight,unholy,58,28,30
222,Feministi,stormreaver,1544,deathknight,unholy,83,38,45
223,Элекна,deepholm,1541,deathknight,unholy,48,24,24
224,Ullefuz,silvermoon,1537,deathknight,unholy,30,21,9
225,Nysaia,blackmoore,1537,deathknight,unholy,36,17,19
226,Sangíus,blackmoore,1532,deathknight,unholy,293,136,157
227,Nommad,archimonde,1531,deathknight,unholy,119,55,64
228,Алсидис,gordunni,1527,deathknight,unholy,72,29,43
229,Pawcio,argent-dawn,1523,deathknight,unholy,111,62,49
230,Doozz,draenor,1523,deathknight,unholy,42,16,26
231,Рыжаяпедаль,soulflayer,1522,deathknight,unholy,24,16,8
232,Dörfl,antonidas,1521,deathknight,unholy,87,42,45
233,Woddey,blackrock,1520,deathknight,unholy,72,39,33
234,Rizzlerdk,blackhand,1517,deathknight,unholy,90,38,52
235,Маххес,howling-fjord,1517,deathknight,unholy,66,27,39
236,Ahilus,bladefist,1516,deathknight,unholy,49,22,27
237,Hellguy,draenor,1516,deathknight,unholy,183,82,101
238,Торедх,howling-fjord,1516,deathknight,unholy,66,27,39
239,Ganessha,sanguino,1513,deathknight,unholy,39,23,16
240,Greymarker,kirin-tor,1513,deathknight,unholy,66,37,29
241,Calina,frostwolf,1512,deathknight,unholy,66,24,42
242,Manego,eredar,1511,deathknight,unholy,30,18,12
243,Хассандра,galakrond,1511,deathknight,unholy,74,35,39
244,Zff,hyjal,1510,deathknight,unholy,30,20,10
245,Grendul,blackmoore,1509,deathknight,unholy,48,20,28
246,Сванхильда,grom,1507,deathknight,unholy,102,49,53
247,Ardros,eredar,1507,deathknight,unholy,48,23,25
248,Apoikia,argent-dawn,1507,deathknight,unholy,42,19,23
249,Руариди,gordunni,1504,deathknight,unholy,36,18,18
250,Megdeath,silvermoon,1504,deathknight,unholy,90,43,47
251,Prekliatylad,burning-blade,1503,deathknight,unholy,42,17,25
252,Sîck,bladefist,1503,deathknight,unholy,60,22,38
253,Numnuts,alakir,1502,deathknight,unholy,36,21,15
254,Lavonobatas,kazzak,1502,deathknight,unholy,54,27,27
255,Abcdk,sargeras,1501,deathknight,unholy,50,27,23
256,Goreshovel,stormscale,1500,deathknight,unholy,60,33,27
257,Devilknight,dentarg,1500,deathknight,unholy,136,68,68
258,Ахелекус,blackscar,1498,deathknight,unholy,30,17,13
259,Промештейн,gordunni,1497,deathknight,unholy,75,35,40
260,Moko,defias-brotherhood,1495,deathknight,unholy,48,23,25
261,Протосеня,soulflayer,1495,deathknight,unholy,48,21,27
262,Ðiesel,stormscale,1492,deathknight,unholy,75,30,45
263,Recoil,blackrock,1490,deathknight,unholy,26,17,9
264,Gushik,twisting-nether,1490,deathknight,unholy,40,22,18
265,Мёрдерфэйсх,soulflayer,1488,deathknight,unholy,96,49,47
266,Барагган,thermaplugg,1483,deathknight,unholy,90,45,45
267,Riceeater,kazzak,1483,deathknight,unholy,59,29,30
268,Tölp,ravencrest,1482,deathknight,unholy,71,35,36
269,Ceranto,frostwolf,1481,deathknight,unholy,71,44,27
270,Лекъса,gordunni,1481,deathknight,unholy,87,44,43
271,Bloodbane,burning-blade,1481,deathknight,unholy,36,18,18
272,Epoch,azjolnerub,1479,deathknight,unholy,60,28,32
273,Anaralien,ravencrest,1479,deathknight,unholy,89,40,49
274,Salezians,drakthul,1473,deathknight,unholy,65,37,28
275,Deathcam,emerald-dream,1472,deathknight,unholy,71,32,39
276,Hawkthuglife,dun-modr,1471,deathknight,unholy,48,21,27
277,Walkeni,defias-brotherhood,1469,deathknight,unholy,66,32,34
278,Ультерис,deathguard,1468,deathknight,unholy,24,17,7
279,Sorostew,twisting-nether,1467,deathknight,unholy,42,23,19
280,Arxelas,sylvanas,1467,deathknight,unholy,115,60,55
281,Bärdk,forscherliga,1461,deathknight,unholy,95,47,48
282,Athanatøs,archimonde,1461,deathknight,unholy,60,22,38
283,Шифычдк,howling-fjord,1460,deathknight,unholy,60,27,33
284,Blízna,kazzak,1459,deathknight,unholy,96,45,51
285,Nospets,kazzak,1459,deathknight,unholy,54,25,29
286,Manovar,archimonde,1458,deathknight,unholy,101,47,54
287,Gethunts,drakthul,1457,deathknight,unholy,42,25,17
288,Deusmort,ravencrest,1457,deathknight,unholy,66,26,40
289,Thecurator,ragnaros,1456,deathknight,unholy,72,32,40
290,Deadroses,tarren-mill,1453,deathknight,unholy,60,38,22
291,Teljujad,sanguino,1453,deathknight,unholy,92,45,47
292,Facèpalm,ravencrest,1450,deathknight,unholy,59,33,26
293,Дерайв,gordunni,1449,deathknight,unholy,54,23,31
294,Sathmayla,silvermoon,1448,deathknight,unholy,53,32,21
295,Arkaris,blackmoore,1447,deathknight,unholy,32,21,11
296,Борнтудай,borean-tundra,1445,deathknight,unholy,48,17,31
297,Quantumshift,ravencrest,1444,deathknight,unholy,36,23,13
298,Unholy,ragnaros,1444,deathknight,unholy,38,20,18
299,Axram,ravencrest,1443,deathknight,unholy,39,19,20
300,Сенкрул,gordunni,1440,deathknight,unholy,72,48,24
301,Nødder,ragnaros,1440,deathknight,unholy,36,18,18
302,Bloodkatana,drakthul,1435,deathknight,unholy,44,19,25
303,Kratagon,thrall,1435,deathknight,unholy,54,22,32
304,Mîîkkaa,blackhand,1435,deathknight,unholy,42,15,27
305,Вовчан,howling-fjord,1434,deathknight,unholy,30,15,15
306,Assgripper,hyjal,1433,deathknight,unholy,30,21,9
307,Спавни,blackscar,1432,deathknight,unholy,153,71,82
308,Reezeer,stormscale,1431,deathknight,unholy,35,17,18
309,Sendurd,ragnaros,1429,deathknight,unholy,42,15,27
310,Maradk,drakthul,1427,deathknight,unholy,123,61,62
311,Полонит,gordunni,1425,deathknight,unholy,58,25,33
312,Шейзо,soulflayer,1424,deathknight,unholy,39,22,17
313,Моорта,soulflayer,1424,deathknight,unholy,66,34,32
314,Анихиме,howling-fjord,1424,deathknight,unholy,75,37,38
315,Dklékata,archimonde,1424,deathknight,unholy,37,18,19
316,Xado,frostwolf,1423,deathknight,unholy,90,49,41
317,Späwn,ysondre,1422,deathknight,unholy,64,24,40
318,Skøurge,silvermoon,1421,deathknight,unholy,126,64,62
319,Discochoppa,blackmoore,1421,deathknight,unholy,36,15,21
320,Ínví,aegwynn,1418,deathknight,unholy,96,47,49
321,Wallenschøld,kazzak,1418,deathknight,unholy,36,15,21
322,Arxelas,stormscale,1416,deathknight,unholy,72,30,42
323,Pavkata,outland,1415,deathknight,unholy,154,74,80
324,Аирфрост,howling-fjord,1415,deathknight,unholy,48,22,26
325,Mìa,kragjin,1415,deathknight,unholy,73,33,40
326,Джайвана,soulflayer,1414,deathknight,unholy,179,95,84
327,Nilodk,nemesis,1412,deathknight,unholy,198,105,93
328,Reidemorte,minahonda,1410,deathknight,unholy,96,49,47
329,Terren,ravencrest,1409,deathknight,unholy,52,29,23
330,Xirra,tarren-mill,1409,deathknight,unholy,67,33,34
331,Hêalz,ungoro,1408,deathknight,unholy,66,34,32
332,Yamisukehiro,drakthul,1406,deathknight,unholy,42,16,26
333,Metalist,ravencrest,1404,deathknight,unholy,60,29,31
334,Polimeh,draenor,1403,deathknight,unholy,42,21,21
335,Dzwiadke,burning-legion,1403,deathknight,unholy,69,30,39
336,Jalapeñofan,tarren-mill,1402,deathknight,unholy,60,29,31
337,Dkbladet,ravencrest,1400,deathknight,unholy,75,39,36
338,Лапочки,gordunni,1399,deathknight,unholy,30,16,14
339,Deathlïght,nemesis,1399,deathknight,unholy,77,41,36
340,Fýhr,silvermoon,1398,deathknight,unholy,36,18,18
341,Reapocalypse,blackhand,1398,deathknight,unholy,167,79,88
342,Lorvetis,malorne,1395,deathknight,unholy,42,19,23
343,Frostmommy,argent-dawn,1394,deathknight,unholy,87,37,50
344,Blorin,sylvanas,1391,deathknight,unholy,79,35,44
345,Unholycard,argent-dawn,1389,deathknight,unholy,60,31,29
346,Hordak,stormscale,1384,deathknight,unholy,39,15,24
347,Gaurk,aggra-português,1382,deathknight,unholy,42,24,18
348,Halez,antonidas,1382,deathknight,unholy,90,41,49
349,Ithis,zuljin,1379,deathknight,unholy,84,37,47
350,Jäätynyt,zenedar,1374,deathknight,unholy,188,82,106
351,Flawstmourne,kazzak,1374,deathknight,unholy,35,15,20
352,Нарилуне,blackscar,1373,deathknight,unholy,378,186,192
353,Кланки,soulflayer,1373,deathknight,unholy,70,30,40
354,Ziuziu,twisting-nether,1371,deathknight,unholy,48,15,33
355,Draforce,quelthalas,1370,deathknight,unholy,29,17,12
356,Gødofredo,dun-modr,1370,deathknight,unholy,60,30,30
357,Babsyknight,wildhammer,1370,deathknight,unholy,84,33,51
358,Дэбон,howling-fjord,1369,deathknight,unholy,82,39,43
359,Tyvra,blackhand,1369,deathknight,unholy,47,17,30
360,Shabiri,twisting-nether,1368,deathknight,unholy,67,35,32
361,Десхоб,soulflayer,1368,deathknight,unholy,120,43,77
362,Fizzdk,pozzo-delleternità,1366,deathknight,unholy,42,19,23
363,Zegaan,kazzak,1365,deathknight,unholy,78,36,42
364,Дедхо,soulflayer,1365,deathknight,unholy,36,15,21
365,Ahlat,blackmoore,1362,deathknight,unholy,66,43,23
366,Arthrex,twisting-nether,1358,deathknight,unholy,36,21,15
367,Jihm,silvermoon,1344,deathknight,unholy,123,65,58
368,Zeghor,ragnaros,1343,deathknight,unholy,42,15,27
369,Segrim,drakthul,1342,deathknight,unholy,26,15,11
370,Roaredrick,draenor,1342,deathknight,unholy,87,40,47
371,Хейткрю,howling-fjord,1342,deathknight,unholy,48,21,27
372,Брексиен,gordunni,1338,deathknight,unholy,48,14,34
373,Alessia,alonsus,1335,deathknight,unholy,24,14,10
374,Geraltbg,twisting-nether,1334,deathknight,unholy,36,14,22
375,Зибак,soulflayer,1333,deathknight,unholy,30,15,15
376,Aesthaetik,draenor,1332,deathknight,unholy,28,16,12
377,Khalifamia,alonsus,1332,deathknight,unholy,30,14,16
378,Evelys,kazzak,1329,deathknight,unholy,34,17,17
379,Kalantii,draenor,1326,deathknight,unholy,36,19,17
380,Ridire,saurfang,1326,deathknight,unholy,43,22,21
381,Шинратенсеи,howling-fjord,1324,deathknight,unholy,36,18,18
382,Анфалагон,gordunni,1323,deathknight,unholy,42,17,25
383,Msvine,kazzak,1322,deathknight,unholy,60,34,26
384,Teflonphobos,stormreaver,1320,deathknight,unholy,18,14,4
385,Erodevil,kazzak,1320,deathknight,unholy,36,14,22
386,Томиганн,grom,1317,deathknight,unholy,24,14,10
387,Grubbins,kul-tiras,1316,deathknight,unholy,39,18,21
388,Defeated,thrall,1316,deathknight,unholy,48,21,27
389,Detrah,argent-dawn,1315,deathknight,unholy,52,27,25
390,Prænklý,blackrock,1315,deathknight,unholy,42,19,23
391,Negzul,blackmoore,1314,deathknight,unholy,54,26,28
392,Fentanil,elune,1311,deathknight,unholy,166,84,82
393,Sictir,stormscale,1310,deathknight,unholy,188,90,98
394,Akelæ,draenor,1300,deathknight,unholy,70,35,35
395,Mojodango,outland,1299,deathknight,unholy,26,15,11
396,Reportmeplz,ragnaros,1298,deathknight,unholy,42,20,22
397,Endlesspain,burning-legion,1298,deathknight,unholy,53,22,31
398,Крикед,soulflayer,1297,deathknight,unholy,102,55,47
399,Роземайер,ashenvale,1297,deathknight,unholy,60,29,31
400,Züg,draenor,1297,deathknight,unholy,102,46,56
401,Sang,deathwing,1294,deathknight,unholy,21,15,6
402,Táli,tarren-mill,1294,deathknight,unholy,33,14,19
403,Альмон,howling-fjord,1290,deathknight,unholy,42,19,23
404,Ничер,thermaplugg,1289,deathknight,unholy,24,14,10
405,Бреч,gordunni,1285,deathknight,unholy,42,14,28
406,Sarkasm,malganis,1280,deathknight,unholy,60,29,31
407,Zelbørk,medivh,1276,deathknight,unholy,30,17,13
408,Heyabigail,wildhammer,1274,deathknight,unholy,54,20,34
409,Zracul,nordrassil,1272,deathknight,unholy,85,41,44
410,Jöndas,drakthul,1272,deathknight,unholy,42,20,22
411,Tanenoss,kazzak,1270,deathknight,unholy,48,20,28
412,Sorcc,burning-legion,1270,deathknight,unholy,36,14,22
413,Necrozy,aggra-português,1269,deathknight,unholy,84,43,41
414,Morinosei,twisting-nether,1269,deathknight,unholy,59,30,29
415,Necrocancerr,twisting-nether,1269,deathknight,unholy,104,49,55
416,Kaletorn,ragnaros,1265,deathknight,unholy,84,41,43
417,Undtot,azshara,1264,deathknight,unholy,36,16,20
418,Pjthedk,lightbringer,1263,deathknight,unholy,42,21,21
419,Huekun,draenor,1262,deathknight,unholy,23,14,9
420,Drenodur,amanthul,1261,deathknight,unholy,24,14,10
421,Superere,hyjal,1261,deathknight,unholy,36,17,19
422,Dunkàn,silvermoon,1260,deathknight,unholy,30,21,9
423,Таможникс,soulflayer,1260,deathknight,unholy,23,14,9
424,Lobotomia,burning-blade,1259,deathknight,unholy,47,23,24
425,Persefal,nemesis,1259,deathknight,unholy,42,15,27
426,Tesasd,silvermoon,1255,deathknight,unholy,58,26,32
427,Èvíl,stormscale,1248,deathknight,unholy,24,13,11
428,Rottenpete,grim-batol,1247,deathknight,unholy,24,13,11
429,Âlîce,culte-de-la-rive-noire,1247,deathknight,unholy,30,15,15
430,Zpartan,ragnaros,1247,deathknight,unholy,42,15,27
431,Кромгон,soulflayer,1246,deathknight,unholy,30,13,17
432,Raust,xavius,1242,deathknight,unholy,26,13,13
433,Raizhen,ragnaros,1242,deathknight,unholy,30,13,17
434,Elíta,draenor,1242,deathknight,unholy,36,15,21
435,Gothenburger,darksorrow,1239,deathknight,unholy,42,22,20
436,Turkknight,outland,1236,deathknight,unholy,30,13,17
437,Khorag,mannoroth,1235,deathknight,unholy,30,13,17
438,Кристер,lich-king,1234,deathknight,unholy,30,13,17
439,Fluffínator,kazzak,1232,deathknight,unholy,65,32,33
440,Yousaindk,blackrock,1232,deathknight,unholy,30,13,17
441,Tyranus,quelthalas,1227,deathknight,unholy,121,52,69
442,Sveinnhran,kazzak,1226,deathknight,unholy,140,63,77
443,Крус,blackscar,1208,deathknight,unholy,83,36,47
444,Razzvy,darkspear,1208,deathknight,unholy,63,27,36
445,Деркхаус,soulflayer,1206,deathknight,unholy,24,15,9
446,Gegham,ravencrest,1181,deathknight,unholy,28,13,15
447,Darkhallow,thrall,1176,deathknight,unholy,113,58,55
448,Jollíe,tarren-mill,1175,deathknight,unholy,17,13,4
449,Flinsen,blackmoore,1175,deathknight,unholy,47,25,22
450,Abnormus,tarren-mill,1175,deathknight,unholy,45,19,26
451,Klingenblut,blackrock,1172,deathknight,unholy,31,15,16
452,Ezreo,neptulon,1167,deathknight,unholy,31,14,17
453,Fishtruction,tarren-mill,1165,deathknight,unholy,88,43,45
454,Дэдушка,gordunni,1159,deathknight,unholy,23,13,10
455,Ashlëy,kaelthas,1159,deathknight,unholy,120,62,58
456,Fyrkadk,aegwynn,1151,deathknight,unholy,24,12,12
457,Maxto,outland,1151,deathknight,unholy,24,12,12
458,Dklol,dun-morogh,1150,deathknight,unholy,36,14,22
459,Eltorro,ravencrest,1150,deathknight,unholy,36,13,23
460,Numnutz,alakir,1149,deathknight,unholy,25,13,12
461,Auru,tarren-mill,1149,deathknight,unholy,57,28,29
462,Frege,tarren-mill,1149,deathknight,unholy,30,12,18
463,Lurkkiss,ravencrest,1149,deathknight,unholy,30,12,18
464,Линфео,galakrond,1149,deathknight,unholy,36,12,24
465,Zugzugdecay,kazzak,1148,deathknight,unholy,24,12,12
466,Juliean,blackmoore,1148,deathknight,unholy,24,12,12
467,Mawdrym,twisting-nether,1146,deathknight,unholy,24,12,12
468,Mammacitaa,argent-dawn,1146,deathknight,unholy,24,12,12
469,Клиссанг,razuvious,1146,deathknight,unholy,42,12,30
470,Trialist,dun-modr,1143,deathknight,unholy,24,12,12
471,Mãshi,hyjal,1140,deathknight,unholy,59,26,33
472,Sevatar,zuljin,1137,deathknight,unholy,18,12,6
473,Fineral,argent-dawn,1134,deathknight,unholy,24,12,12
474,Jowân,blackmoore,1131,deathknight,unholy,24,13,11
475,Dêku,aegwynn,1130,deathknight,unholy,79,44,35
476,Asakurai,grim-batol,1126,deathknight,unholy,42,22,20
477,Nestia,emerald-dream,1125,deathknight,unholy,37,15,22
478,Gûuts,archimonde,1123,deathknight,unholy,211,106,105
479,Mellowqt,aegwynn,1120,deathknight,unholy,53,25,28
480,Híruzen,blackrock,1115,deathknight,unholy,30,15,15
481,Ârtjom,aegwynn,1106,deathknight,unholy,28,12,16
482,Asakim,tarren-mill,1102,deathknight,unholy,23,12,11
483,Saromón,ravencrest,1101,deathknight,unholy,30,18,12
484,Roykoopa,hyjal,1099,deathknight,unholy,30,13,17
485,Apolyio,outland,1095,deathknight,unholy,35,14,21
486,Ilius,kelthuzad,1092,deathknight,unholy,27,12,15
487,Diatriss,argent-dawn,1078,deathknight,unholy,63,27,36
488,Ennigmá,stormscale,1066,deathknight,unholy,24,13,11
489,Zathron,blackmoore,1062,deathknight,unholy,29,13,16
490,Kixx,bloodfeather,1062,deathknight,unholy,65,27,38
491,Квашонка,howling-fjord,1061,deathknight,unholy,36,12,24
492,Gøretterog,ysondre,1054,deathknight,unholy,18,11,7
493,Karalun,nagrand,1054,deathknight,unholy,60,30,30
494,Synchronic,stormscale,1053,deathknight,unholy,24,11,13
495,Анзорини,gordunni,1053,deathknight,unholy,36,11,25
496,Alti,blackmoore,1051,deathknight,unholy,28,12,16
497,Fosswire,stormscale,1049,deathknight,unholy,18,11,7
498,Нуурргл,howling-fjord,1046,deathknight,unholy,48,19,29
499,Empiu,blackhand,1045,deathknight,unholy,18,11,7
500,Dunklerlord,malfurion,1045,deathknight,unholy,24,11,13
501,Xênôrr,archimonde,1045,deathknight,unholy,24,11,13
502,Rammsteïn,ravencrest,1042,deathknight,unholy,33,12,21
503,Ilovegouàng,khaz-modan,1041,deathknight,unholy,36,15,21
504,Eibon,drakthul,1037,deathknight,unholy,18,11,7
505,Порнпанда,gordunni,1037,deathknight,unholy,24,11,13
506,Gùra,sanguino,1036,deathknight,unholy,30,11,19
507,Охъламон,soulflayer,1033,deathknight,unholy,48,17,31
508,Qmy,outland,1030,deathknight,unholy,34,14,20
509,Мокраявода,soulflayer,1026,deathknight,unholy,94,49,45
510,Taylorswiift,tarren-mill,1023,deathknight,unholy,17,11,6
511,Pamplemouse,burning-blade,1016,deathknight,unholy,79,36,43
512,Galayn,burning-legion,1006,deathknight,unholy,21,11,10
513,Assasínator,tarren-mill,1005,deathknight,unholy,143,73,70
514,Takåtry,archimonde,1004,deathknight,unholy,30,14,16
515,Tyrannus,earthen-ring,1000,deathknight,unholy,23,13,10
516,Gowther,blackmoore,999,deathknight,unholy,30,16,14
517,Chrispbacøn,ragnaros,986,deathknight,unholy,22,11,11
518,Gathalion,the-maelstrom,980,deathknight,unholy,48,28,20
519,Trigárdon,antonidas,968,deathknight,unholy,36,19,17
520,Kaliro,sylvanas,960,deathknight,unholy,18,10,8
521,Бешенсство,soulflayer,960,deathknight,unholy,18,10,8
522,Кромгондк,soulflayer,960,deathknight,unholy,24,10,14
523,Yazga,blackmoore,960,deathknight,unholy,24,10,14
524,Gripbroblem,nemesis,960,deathknight,unholy,30,10,20
525,Slade,blackrock,960,deathknight,unholy,30,10,20
526,Judin,kazzak,959,deathknight,unholy,18,10,8
527,Schweezlord,tarren-mill,959,deathknight,unholy,18,10,8
528,Cheethdoom,ragnaros,959,deathknight,unholy,18,10,8
529,Nasxsy,blackmoore,959,deathknight,unholy,18,10,8
530,Скизм,howling-fjord,959,deathknight,unholy,24,10,14
531,Silvergreed,kazzak,959,deathknight,unholy,24,10,14
532,Xenfos,tarren-mill,959,deathknight,unholy,24,10,14
533,Demrior,hellfire,958,deathknight,unholy,24,10,14
534,Darhma,archimonde,958,deathknight,unholy,30,10,20
535,Estoico,ragnaros,957,deathknight,unholy,18,10,8
536,Exanex,ragnaros,957,deathknight,unholy,18,10,8
537,Funds,kazzak,957,deathknight,unholy,24,10,14
538,Logoz,dun-modr,956,deathknight,unholy,18,10,8
539,Fpsrvg,minahonda,956,deathknight,unholy,53,23,30
540,Syncros,blackrock,955,deathknight,unholy,24,10,14
541,Kérmít,tarren-mill,951,deathknight,unholy,18,10,8
542,Azrìal,agamaggan,951,deathknight,unholy,24,10,14
543,Sigarå,twisting-nether,945,deathknight,unholy,24,10,14
544,Kisenth,doomhammer,927,deathknight,unholy,36,19,17
545,Kaldhan,nemesis,910,deathknight,unholy,24,10,14
546,Nauser,kazzak,906,deathknight,unholy,29,10,19
547,Gravetitan,shattrath,906,deathknight,unholy,67,23,44
548,Cayliadk,tarren-mill,903,deathknight,unholy,26,12,14
549,Grisig,twisting-nether,899,deathknight,unholy,18,10,8
550,Lastdragon,dun-modr,898,deathknight,unholy,36,15,21
551,Лордэнергон,gordunni,888,deathknight,unholy,16,10,6
552,Restodrowd,tarren-mill,888,deathknight,unholy,24,11,13
553,Unzul,twisting-nether,869,deathknight,unholy,18,10,8
554,Orcborg,zuljin,868,deathknight,unholy,25,10,15
555,Gáïà,blackmoore,864,deathknight,unholy,12,9,3
556,Deathgrab,twisting-nether,864,deathknight,unholy,12,9,3
557,Usbdock,stormscale,864,deathknight,unholy,18,9,9
558,Panorboy,tarren-mill,864,deathknight,unholy,18,9,9
559,Catloaf,silvermoon,864,deathknight,unholy,24,9,15
560,Kéréos,hyjal,863,deathknight,unholy,18,9,9
561,Styxdk,blackhand,863,deathknight,unholy,18,9,9
562,Frostplague,aegwynn,863,deathknight,unholy,24,9,15
563,Vrez,argent-dawn,862,deathknight,unholy,24,9,15
564,Izanagii,exodar,861,deathknight,unholy,18,9,9
565,Mamanica,sanguino,861,deathknight,unholy,18,9,9
566,Veçh,turalyon,861,deathknight,unholy,30,9,21
567,Тзинч,soulflayer,859,deathknight,unholy,18,9,9
568,Dzahnecro,archimonde,858,deathknight,unholy,18,9,9
569,Jixcore,draenor,858,deathknight,unholy,30,9,21
570,Кмамехочу,howling-fjord,857,deathknight,unholy,12,9,3
571,Tarfu,kazzak,856,deathknight,unholy,18,9,9
572,Джагат,gordunni,856,deathknight,unholy,30,12,18
573,Nickolass,skullcrusher,854,deathknight,unholy,24,10,14
574,Marcianorock,dalaran,850,deathknight,unholy,18,9,9
575,Deathcleave,burning-legion,845,deathknight,unholy,23,9,14
576,Cryistyx,draenor,828,deathknight,unholy,14,10,4
577,Малп,gordunni,827,deathknight,unholy,18,9,9
578,Oldu,haomarush,825,deathknight,unholy,45,19,26
579,Zot,twisting-nether,814,deathknight,unholy,18,10,8
580,Beinlausi,dalaran,807,deathknight,unholy,15,9,6
581,Flúrrý,ravencrest,799,deathknight,unholy,17,9,8
582,Шмуркич,gordunni,798,deathknight,unholy,23,10,13
583,Некронн,grom,795,deathknight,unholy,17,9,8
584,Jess,blackhand,789,deathknight,unholy,23,10,13
585,Arthursq,stormscale,778,deathknight,unholy,48,19,29
586,Radan,stormscale,768,deathknight,unholy,12,8,4
587,Ravencraft,azjolnerub,768,deathknight,unholy,12,8,4
588,Psychopathz,tarren-mill,768,deathknight,unholy,12,8,4
589,Aladonreith,zenedar,768,deathknight,unholy,12,8,4
590,Critycal,draenor,768,deathknight,unholy,12,8,4
591,Wórzzag,arygos,768,deathknight,unholy,12,8,4
592,Barnëylord,argent-dawn,768,deathknight,unholy,12,8,4
593,Preddktwo,twisting-nether,768,deathknight,unholy,12,8,4
594,Rimda,twisting-nether,768,deathknight,unholy,12,8,4
595,Шадоудез,gordunni,768,deathknight,unholy,12,8,4
596,Sanuky,blackrock,768,deathknight,unholy,18,8,10
597,Мионеелол,goldrinn,768,deathknight,unholy,18,8,10
598,Xisaark,blackrock,768,deathknight,unholy,18,8,10
599,Кромгак,soulflayer,768,deathknight,unholy,18,8,10
600,Abomination,emeriss,768,deathknight,unholy,18,8,10
601,Senkingodx,ravencrest,768,deathknight,unholy,24,8,16
602,Dreshtarg,draenor,768,deathknight,unholy,24,8,16
603,Zatrina,blackrock,768,deathknight,unholy,24,8,16
604,Amelia,ambossar,767,deathknight,unholy,12,8,4
605,Oßitø,ravencrest,767,deathknight,unholy,16,9,7
606,Apocalypse,ravencrest,767,deathknight,unholy,18,8,10
607,Cyliandra,silvermoon,767,deathknight,unholy,27,9,18
608,Nuadar,outland,767,deathknight,unholy,24,8,16
609,Payat,aegwynn,766,deathknight,unholy,12,8,4
610,Krinoe,dalaran,766,deathknight,unholy,18,8,10
611,Zombienatíon,silvermoon,766,deathknight,unholy,24,8,16
612,Zanretxd,outland,764,deathknight,unholy,20,8,12
613,Kazay,madmortem,763,deathknight,unholy,18,8,10
614,Badbrian,draenor,760,deathknight,unholy,12,8,4
615,Rognvald,les-sentinelles,755,deathknight,unholy,17,11,6
616,Ricardiob,argent-dawn,748,deathknight,unholy,16,9,7
617,Aldramil,gorgonnash,726,deathknight,unholy,24,9,15
618,Moonpoxdk,nerathor,672,deathknight,unholy,12,7,5
619,Raziee,twisting-nether,672,deathknight,unholy,12,7,5
620,Bølvar,zuljin,672,deathknight,unholy,12,7,5
621,Charlytango,archimonde,672,deathknight,unholy,12,7,5
622,Hyperflexz,blackrock,672,deathknight,unholy,14,7,7
623,Никнейм,gordunni,672,deathknight,unholy,18,7,11
624,Darkarthás,aegwynn,672,deathknight,unholy,18,7,11
625,Soulchaos,ravencrest,672,deathknight,unholy,18,7,11
626,Катаринья,howling-fjord,672,deathknight,unholy,18,7,11
627,Unholykebab,defias-brotherhood,672,deathknight,unholy,18,7,11
628,Gadres,aegwynn,672,deathknight,unholy,18,7,11
629,Чумазная,howling-fjord,672,deathknight,unholy,18,7,11
630,Sythuss,argent-dawn,672,deathknight,unholy,18,7,11
631,Шуршаня,blackscar,672,deathknight,unholy,18,7,11
632,Dimania,the-maelstrom,672,deathknight,unholy,24,7,17
633,Smightydk,kazzak,671,deathknight,unholy,12,7,5
634,Микелон,gordunni,671,deathknight,unholy,12,7,5
635,Grezak,defias-brotherhood,671,deathknight,unholy,12,7,5
636,Mcrune,ravencrest,671,deathknight,unholy,18,7,11
637,Ráisy,outland,671,deathknight,unholy,24,7,17
638,Crudelias,aegwynn,670,deathknight,unholy,12,7,5
639,Amencore,kazzak,670,deathknight,unholy,14,7,7
640,Feekus,deathwing,669,deathknight,unholy,12,7,5
641,Gothral,doomhammer,665,deathknight,unholy,12,7,5
642,Dekayo,blackrock,640,deathknight,unholy,16,7,9
643,Icyplague,ravencrest,638,deathknight,unholy,14,8,6
644,Ogomegee,ravencrest,638,deathknight,unholy,16,7,9
645,Анкара,ashenvale,622,deathknight,unholy,17,7,10
646,Vargass,darksorrow,598,deathknight,unholy,14,7,7
647,Dasvidania,ragnaros,576,deathknight,unholy,6,6,0
648,Feelmyfuri,mazrigos,576,deathknight,unholy,12,6,6
649,Nephalêm,thrall,576,deathknight,unholy,12,6,6
650,Sfintter,uldum,576,deathknight,unholy,12,6,6
651,Huxleeyys,draenor,576,deathknight,unholy,12,6,6
652,Gigadk,ragnaros,576,deathknight,unholy,12,6,6
653,Myeltior,kazzak,576,deathknight,unholy,12,6,6
654,Lemain,drakthul,576,deathknight,unholy,12,6,6
655,Duriel,stormscale,576,deathknight,unholy,12,6,6
656,Swordkill,drakthul,576,deathknight,unholy,12,6,6
657,Kebabpizza,argent-dawn,576,deathknight,unholy,12,6,6
658,Fatøumatata,archimonde,576,deathknight,unholy,12,6,6
659,Kurían,burning-legion,576,deathknight,unholy,12,6,6
660,Ketnissq,blackrock,576,deathknight,unholy,12,6,6
661,Petardodupy,burning-legion,576,deathknight,unholy,12,6,6
662,Stinglelz,chogall,576,deathknight,unholy,12,6,6
663,Mefhesto,tarren-mill,576,deathknight,unholy,12,6,6
664,Ðavy,silvermoon,576,deathknight,unholy,12,6,6
665,Petergrippin,dragonblight,576,deathknight,unholy,12,6,6
666,Fringles,twisting-nether,576,deathknight,unholy,12,6,6
667,Tombkeeper,silvermoon,576,deathknight,unholy,12,6,6
668,Keet,turalyon,576,deathknight,unholy,15,7,8
669,Critgødx,draenor,576,deathknight,unholy,13,6,7
670,Deathuss,silvermoon,576,deathknight,unholy,18,6,12
671,Armanelo,stormscale,576,deathknight,unholy,18,6,12
672,Valanaari,argent-dawn,576,deathknight,unholy,18,6,12
673,Itokawa,tarren-mill,576,deathknight,unholy,18,6,12
674,Tyranuse,kazzak,576,deathknight,unholy,18,6,12
675,Deathboost,archimonde,576,deathknight,unholy,18,6,12
676,Niex,destromath,576,deathknight,unholy,18,6,12
677,Pestikus,thrall,576,deathknight,unholy,18,6,12
678,Exult,twisting-nether,576,deathknight,unholy,18,6,12
679,Oxxöw,draenor,576,deathknight,unholy,18,6,12
680,Spøøk,defias-brotherhood,576,deathknight,unholy,18,6,12
681,Spom,elune,576,deathknight,unholy,24,6,18
682,Goùlag,culte-de-la-rive-noire,576,deathknight,unholy,24,6,18
683,Pangen,ravencrest,576,deathknight,unholy,36,6,30
684,Havi,thunderhorn,575,deathknight,unholy,12,6,6
685,Dekatos,twisting-nether,575,deathknight,unholy,12,6,6
686,Oldiseas,grim-batol,575,deathknight,unholy,12,6,6
687,Arrakìs,nemesis,575,deathknight,unholy,12,6,6
688,Nekote,silvermoon,575,deathknight,unholy,12,6,6
689,Feugen,hyjal,575,deathknight,unholy,12,6,6
690,Mosscraciun,kazzak,575,deathknight,unholy,12,6,6
691,Zóur,rajaxx,575,deathknight,unholy,12,6,6
692,Puppétmastér,kazzak,575,deathknight,unholy,18,6,12
693,Skeggjold,drakthul,574,deathknight,unholy,12,6,6
694,Nephenty,der-rat-von-dalaran,574,deathknight,unholy,12,6,6
695,Luciferyan,twisting-nether,574,deathknight,unholy,12,6,6
696,Fortinateur,dalaran,573,deathknight,unholy,12,6,6
697,Cervanteso,uldum,571,deathknight,unholy,12,6,6
698,Morssal,outland,559,deathknight,unholy,11,6,5
699,Homunculas,twisting-nether,559,deathknight,unholy,11,6,5
700,Агереро,howling-fjord,543,deathknight,unholy,17,6,11
701,Алкеокол,soulflayer,527,deathknight,unholy,21,6,15
702,Xawias,ulduar,522,deathknight,unholy,14,7,7
703,Deadpòól,twisting-nether,521,deathknight,unholy,33,7,26
704,Nirna,argent-dawn,514,deathknight,unholy,39,6,33
705,Rayliegh,silvermoon,511,deathknight,unholy,11,6,5
706,Seal,lightnings-blade,511,deathknight,unholy,26,9,17
707,Náthrakh,argent-dawn,480,deathknight,unholy,6,5,1
708,Scotty,ravencrest,480,deathknight,unholy,6,5,1
709,Theamine,silvermoon,480,deathknight,unholy,6,5,1
710,Quazy,draenor,480,deathknight,unholy,12,5,7
711,Dêeath,madmortem,480,deathknight,unholy,12,5,7
712,Elliipirelli,doomhammer,480,deathknight,unholy,12,5,7
713,Sipsip,tarren-mill,480,deathknight,unholy,12,5,7
714,Stipemiocic,nemesis,480,deathknight,unholy,12,5,7
715,Дядьдим,soulflayer,480,deathknight,unholy,12,5,7
716,Deathkanta,antonidas,480,deathknight,unholy,12,5,7
717,Luciferon,zenedar,480,deathknight,unholy,12,5,7
718,Kelebglin,silvermoon,480,deathknight,unholy,12,5,7
719,Morgianà,argent-dawn,480,deathknight,unholy,12,5,7
720,Shewoman,stormreaver,480,deathknight,unholy,12,5,7
721,Kaeyz,blackmoore,480,deathknight,unholy,12,5,7
722,Clérora,argent-dawn,480,deathknight,unholy,12,5,7
723,Миракл,howling-fjord,480,deathknight,unholy,12,5,7
724,Wttdmg,kazzak,480,deathknight,unholy,12,5,7
725,Cbalife,ragnaros,480,deathknight,unholy,12,5,7
726,Deathmonsta,auchindoun,480,deathknight,unholy,12,5,7
727,Gigacow,outland,480,deathknight,unholy,12,5,7
728,Шэйп,fordragon,480,deathknight,unholy,12,5,7
729,Zhugzug,ragnaros,480,deathknight,unholy,12,5,7
730,Dejkå,silvermoon,480,deathknight,unholy,12,5,7
731,Frostich,ragnaros,480,deathknight,unholy,12,5,7
732,Rêxaks,dun-modr,480,deathknight,unholy,12,5,7
733,Дкшрёдингера,gordunni,480,deathknight,unholy,12,5,7
734,Christldeath,blackrock,480,deathknight,unholy,12,5,7
735,Shining,blackrock,480,deathknight,unholy,21,6,15
736,Xad,blackrock,480,deathknight,unholy,18,5,13
737,Тоши,fordragon,480,deathknight,unholy,18,5,13
738,Helixsdk,outland,480,deathknight,unholy,20,5,15
739,Maxïmus,argent-dawn,480,deathknight,unholy,24,5,19
740,Skèltòn,rexxar,479,deathknight,unholy,6,5,1
741,Darkqüeen,sanguino,479,deathknight,unholy,12,5,7
742,Crostrike,kazzak,479,deathknight,unholy,12,5,7
743,Mjölnir,sanguino,479,deathknight,unholy,12,5,7
744,Еххел,soulflayer,479,deathknight,unholy,12,5,7
745,Kraken,aerie-peak,479,deathknight,unholy,18,5,13
746,Halohuntress,outland,479,deathknight,unholy,18,5,13
747,Hacknorris,aegwynn,478,deathknight,unholy,12,5,7
748,Mailasse,dalaran,476,deathknight,unholy,10,6,4
749,Jarhèad,grim-batol,476,deathknight,unholy,22,7,15
750,Kailara,draenor,463,deathknight,unholy,11,5,6
751,Ðaserka,blackrock,447,deathknight,unholy,11,5,6
752,Shadowgohst,dun-morogh,440,deathknight,unholy,14,6,8
753,Аданаэль,howling-fjord,425,deathknight,unholy,17,6,11
754,Ezlar,silvermoon,400,deathknight,unholy,7,5,2
755,Mateusz,lightbringer,384,deathknight,unholy,6,4,2
756,Krisigaped,blackhand,384,deathknight,unholy,6,4,2
757,Yggrauthr,argent-dawn,384,deathknight,unholy,6,4,2
758,Wesnoth,ravencrest,384,deathknight,unholy,6,4,2
759,Buldog,laughing-skull,384,deathknight,unholy,6,4,2
760,Neph,sanguino,384,deathknight,unholy,6,4,2
761,Tigros,burning-legion,384,deathknight,unholy,6,4,2
762,Zyôs,blackmoore,384,deathknight,unholy,6,4,2
763,Budgetarthas,arthas,384,deathknight,unholy,6,4,2
764,Stepknìght,draenor,384,deathknight,unholy,6,4,2
765,Sprangers,ravencrest,384,deathknight,unholy,6,4,2
766,Брюшина,gordunni,384,deathknight,unholy,6,4,2
767,Lichkunt,stormscale,384,deathknight,unholy,6,4,2
768,Cówboylayla,stormscale,384,deathknight,unholy,6,4,2
769,Mangemicro,archimonde,384,deathknight,unholy,6,4,2
770,Copium,hyjal,384,deathknight,unholy,6,4,2
771,Kãzan,archimonde,384,deathknight,unholy,6,4,2
772,Kalhyst,archimonde,384,deathknight,unholy,6,4,2
773,Redduck,silvermoon,384,deathknight,unholy,6,4,2
774,Shlongripper,silvermoon,384,deathknight,unholy,6,4,2
775,Helmich,frostmane,384,deathknight,unholy,6,4,2
776,Pängei,frostwolf,384,deathknight,unholy,12,4,8
777,Servein,stormscale,384,deathknight,unholy,12,4,8
778,Derimathras,stormscale,384,deathknight,unholy,12,4,8
779,Dreadmind,blackrock,384,deathknight,unholy,12,4,8
780,Виндрукс,soulflayer,384,deathknight,unholy,12,4,8
781,Volkovitch,archimonde,384,deathknight,unholy,12,4,8
782,Nathriel,stormscale,384,deathknight,unholy,12,4,8
783,Fatuglyrat,kazzak,384,deathknight,unholy,12,4,8
784,Mustakäsi,ravencrest,384,deathknight,unholy,12,4,8
785,Razdig,dun-modr,384,deathknight,unholy,12,4,8
786,Bubbledeath,tarren-mill,384,deathknight,unholy,12,4,8
787,Sekkah,tarren-mill,384,deathknight,unholy,12,4,8
788,Ecormcpz,eredar,384,deathknight,unholy,12,4,8
789,Thoir,ahnqiraj,384,deathknight,unholy,12,4,8
790,Хлопайпопой,howling-fjord,384,deathknight,unholy,12,4,8
791,Колхозник,howling-fjord,384,deathknight,unholy,12,4,8
792,Cervâ,twisting-nether,384,deathknight,unholy,12,4,8
793,Szayestra,draenor,384,deathknight,unholy,12,4,8
794,Сивкабурка,fordragon,384,deathknight,unholy,18,4,14
795,Форнителли,howling-fjord,384,deathknight,unholy,18,4,14
796,Dizin,ravencrest,384,deathknight,unholy,19,4,15
797,Zoombie,draenor,383,deathknight,unholy,6,4,2
798,Bargane,twilights-hammer,383,deathknight,unholy,6,4,2
799,Flippmo,argent-dawn,383,deathknight,unholy,9,5,4
800,Aczheron,argent-dawn,383,deathknight,unholy,12,4,8
801,Хворной,howling-fjord,383,deathknight,unholy,12,4,8
802,Darkangelina,aggra-português,378,deathknight,unholy,12,4,8
803,Варрлнишнс,soulflayer,367,deathknight,unholy,11,4,7
804,Millknight,norgannon,341,deathknight,unholy,15,6,9
805,Väkü,silvermoon,336,deathknight,unholy,9,5,4
806,Saryn,burning-steppes,304,deathknight,unholy,13,4,9
807,Randomdkxd,ravencrest,304,deathknight,unholy,13,4,9
808,Amentet,anetheron,288,deathknight,unholy,10,5,5
809,Gbdk,xavius,288,deathknight,unholy,6,3,3
810,Uridk,sanguino,288,deathknight,unholy,6,3,3
811,Zfeuda,azshara,288,deathknight,unholy,6,3,3
812,Bigbaboon,stormreaver,288,deathknight,unholy,6,3,3
813,Adlian,twisting-nether,288,deathknight,unholy,6,3,3
814,Krozzytwo,draenor,288,deathknight,unholy,6,3,3
815,Frostbone,ravencrest,288,deathknight,unholy,6,3,3
816,Løz,kazzak,288,deathknight,unholy,6,3,3
817,Rävjakt,twisting-nether,288,deathknight,unholy,6,3,3
818,Darknemesis,nemesis,288,deathknight,unholy,6,3,3
819,Masakryczny,burning-legion,288,deathknight,unholy,6,3,3
820,Merekx,emerald-dream,288,deathknight,unholy,6,3,3
821,Ikarack,twisting-nether,288,deathknight,unholy,6,3,3
822,Knoxhult,kazzak,288,deathknight,unholy,6,3,3
823,Grippyb,tarren-mill,288,deathknight,unholy,6,3,3
824,Zathy,twisting-nether,288,deathknight,unholy,6,3,3
825,Mocca,aegwynn,288,deathknight,unholy,6,3,3
826,Jénga,ghostlands,288,deathknight,unholy,6,3,3
827,Taylorswiftz,tarren-mill,288,deathknight,unholy,6,3,3
828,Galgalí,blackmoore,288,deathknight,unholy,6,3,3
829,Krookidk,archimonde,288,deathknight,unholy,6,3,3
830,Израф,soulflayer,288,deathknight,unholy,6,3,3
831,Darkrolexx,blackhand,288,deathknight,unholy,6,3,3
832,Vip,argent-dawn,288,deathknight,unholy,6,3,3
833,Tenzøftw,archimonde,288,deathknight,unholy,6,3,3
834,Альдафьод,howling-fjord,288,deathknight,unholy,6,3,3
835,Адэлина,soulflayer,288,deathknight,unholy,6,3,3
836,Dextroyersx,sanguino,288,deathknight,unholy,6,3,3
837,Wpízdu,aegwynn,288,deathknight,unholy,6,3,3
838,Ecoya,blackrock,288,deathknight,unholy,6,3,3
839,Heresjohny,stormrage,288,deathknight,unholy,6,3,3
840,Тряпьё,galakrond,288,deathknight,unholy,6,3,3
841,Latindvergur,sylvanas,288,deathknight,unholy,6,3,3
842,Fredriksend,argent-dawn,288,deathknight,unholy,6,3,3
843,Dakyforfun,ravencrest,288,deathknight,unholy,6,3,3
844,Babs,sylvanas,288,deathknight,unholy,6,3,3
845,Cyphîllyth,auchindoun,288,deathknight,unholy,6,3,3
846,Zêlëph,archimonde,288,deathknight,unholy,6,3,3
847,Карвалан,eversong,288,deathknight,unholy,6,3,3
848,Joyt,argent-dawn,288,deathknight,unholy,6,3,3
849,Dëmise,ravencrest,288,deathknight,unholy,6,3,3
850,Uvros,bloodhoof,288,deathknight,unholy,6,3,3
851,Небишоп,howling-fjord,288,deathknight,unholy,6,3,3
852,Nmedk,grim-batol,288,deathknight,unholy,15,4,11
853,Alakiah,khaz-modan,288,deathknight,unholy,12,3,9
854,Dagë,twisting-nether,288,deathknight,unholy,12,3,9
855,Морталес,azuregos,288,deathknight,unholy,12,3,9
856,Juicyjayho,stormscale,288,deathknight,unholy,12,3,9
857,Эвессом,goldrinn,288,deathknight,unholy,12,3,9
858,Plaguebones,ravencrest,288,deathknight,unholy,12,3,9
859,Ipanicfart,argent-dawn,288,deathknight,unholy,12,3,9
860,Sulf,burning-legion,288,deathknight,unholy,12,3,9
861,Cleverb,silvermoon,288,deathknight,unholy,12,3,9
862,Benetleilax,bronzebeard,288,deathknight,unholy,12,3,9
863,Worldwiynd,ravencrest,288,deathknight,unholy,12,3,9
864,Lair,shendralar,288,deathknight,unholy,12,3,9
865,Jodure,silvermoon,288,deathknight,unholy,12,3,9
866,Serelis,argent-dawn,288,deathknight,unholy,12,3,9
867,Drraugrinn,tarren-mill,288,deathknight,unholy,12,3,9
868,Ashgôrath,defias-brotherhood,288,deathknight,unholy,12,3,9
869,Whiskine,aggramar,288,deathknight,unholy,12,3,9
870,Zixcommixx,hyjal,288,deathknight,unholy,12,3,9
871,Chains,sanguino,288,deathknight,unholy,12,3,9
872,Kirkster,terokkar,287,deathknight,unholy,12,3,9
873,Каскадёрка,howling-fjord,287,deathknight,unholy,12,3,9
874,Mámmôn,malygos,287,deathknight,unholy,13,3,10
875,Alielib,eredar,287,deathknight,unholy,30,3,27
876,Aguroh,khaz-modan,286,deathknight,unholy,12,3,9
877,Abyad,dalaran,285,deathknight,unholy,12,3,9
878,Hateem,sylvanas,255,deathknight,unholy,11,3,8
879,Narrua,die-aldor,255,deathknight,unholy,11,3,8
880,Difestia,silvermoon,239,deathknight,unholy,5,3,2
881,Даркслэш,howling-fjord,234,deathknight,unholy,17,5,12
882,Charai,blackhand,234,deathknight,unholy,14,4,10
883,Жекабыкует,borean-tundra,223,deathknight,unholy,17,5,12
884,Nexium,outland,192,deathknight,unholy,4,3,1
885,Alameda,nathrezim,192,deathknight,unholy,6,2,4
886,Scareanger,argent-dawn,192,deathknight,unholy,6,2,4
887,Iziqroi,archimonde,192,deathknight,unholy,6,2,4
888,Draghonis,argent-dawn,192,deathknight,unholy,6,2,4
889,Barnalord,dentarg,192,deathknight,unholy,6,2,4
890,Eigrin,argent-dawn,192,deathknight,unholy,6,2,4
891,Letudra,outland,192,deathknight,unholy,6,2,4
892,Deadlyorca,tarren-mill,192,deathknight,unholy,6,2,4
893,Thryndiel,ravencrest,192,deathknight,unholy,6,2,4
894,Engelinä,ysondre,192,deathknight,unholy,6,2,4
895,Bigblackgrip,hyjal,192,deathknight,unholy,6,2,4
896,Mustapha,kazzak,192,deathknight,unholy,6,2,4
897,Haeydez,draenor,192,deathknight,unholy,6,2,4
898,Fdkgotbuffed,tarren-mill,192,deathknight,unholy,6,2,4
899,Valkion,nemesis,192,deathknight,unholy,6,2,4
900,Kacpèr,burning-legion,192,deathknight,unholy,6,2,4
901,Kromas,silvermoon,192,deathknight,unholy,6,2,4
902,Elendren,blackrock,192,deathknight,unholy,6,2,4
903,Unholyysteel,silvermoon,192,deathknight,unholy,6,2,4
904,Hoggster,kazzak,192,deathknight,unholy,6,2,4
905,Аэрит,howling-fjord,192,deathknight,unholy,6,2,4
906,Homelándér,blackmoore,192,deathknight,unholy,6,2,4
907,Glower,burning-blade,192,deathknight,unholy,6,2,4
908,Postura,kazzak,192,deathknight,unholy,6,2,4
909,Bårêlýgød,blackmoore,192,deathknight,unholy,6,2,4
910,Буризан,blackscar,192,deathknight,unholy,6,2,4
911,Njor,twisting-nether,192,deathknight,unholy,6,2,4
912,Clipe,sanguino,192,deathknight,unholy,6,2,4
913,Norux,alonsus,192,deathknight,unholy,6,2,4
914,Гнилец,soulflayer,192,deathknight,unholy,6,2,4
915,Dk,earthen-ring,192,deathknight,unholy,6,2,4
916,Scorbion,kilrogg,192,deathknight,unholy,6,2,4
917,Kaysto,blackrock,192,deathknight,unholy,6,2,4
918,Doubledead,the-maelstrom,192,deathknight,unholy,6,2,4
919,Urukaye,silvermoon,192,deathknight,unholy,6,2,4
920,Trashdk,blackrock,192,deathknight,unholy,6,2,4
921,Eli,dalaran,192,deathknight,unholy,6,2,4
922,Skypowerxx,darkspear,192,deathknight,unholy,6,2,4
923,Feldøøm,nemesis,192,deathknight,unholy,6,2,4
924,Nihilistyx,blackrock,192,deathknight,unholy,6,2,4
925,Lithics,blades-edge,192,deathknight,unholy,6,2,4
926,Amyntasz,twisting-nether,192,deathknight,unholy,6,2,4
927,Azrail,alonsus,192,deathknight,unholy,12,2,10
928,Pottifar,tarren-mill,192,deathknight,unholy,12,2,10
929,Vîrus,kazzak,192,deathknight,unholy,12,2,10
930,Goldins,doomhammer,192,deathknight,unholy,12,2,10
931,Luzifear,bloodscalp,192,deathknight,unholy,12,2,10
932,Carnificis,nefarian,192,deathknight,unholy,12,2,10
933,Arthaslegend,magtheridon,192,deathknight,unholy,12,2,10
934,Nellath,kazzak,192,deathknight,unholy,18,2,16
935,Гадиния,soulflayer,191,deathknight,unholy,4,3,1
936,Àragørn,blackrock,191,deathknight,unholy,6,2,4
937,Ândi,alleria,190,deathknight,unholy,12,2,10
938,Civilredevil,ravencrest,159,deathknight,unholy,5,2,3
939,Calhoun,teldrassil,159,deathknight,unholy,5,2,3
940,Dødsmanna,twisting-nether,144,deathknight,unholy,9,2,7
941,Elite,xavius,138,deathknight,unholy,6,3,3
942,Sämäël,outland,137,deathknight,unholy,8,3,5
943,Auto,hyjal,128,deathknight,unholy,4,2,2
944,Inmau,sanguino,96,deathknight,unholy,3,2,1
945,Yagashi,stormscale,96,deathknight,unholy,6,1,5
946,Gdubet,kazzak,96,deathknight,unholy,6,1,5
947,Rouskkoff,hyjal,96,deathknight,unholy,6,1,5
948,Муунрок,howling-fjord,96,deathknight,unholy,6,1,5
949,Madseason,burning-legion,96,deathknight,unholy,6,1,5
950,Кернесса,blackscar,96,deathknight,unholy,6,1,5
951,Verssatus,archimonde,96,deathknight,unholy,6,1,5
952,Drfatnuts,kazzak,96,deathknight,unholy,6,1,5
953,Grimgôr,kazzak,96,deathknight,unholy,6,1,5
954,Коилкоилкоил,blackscar,96,deathknight,unholy,6,1,5
955,Unholygunnds,ravencrest,96,deathknight,unholy,6,1,5
956,Micaiah,dun-modr,96,deathknight,unholy,6,1,5
957,Dumbclass,wildhammer,96,deathknight,unholy,6,1,5
958,Rongos,norgannon,96,deathknight,unholy,6,1,5
959,Cowsoup,stormscale,96,deathknight,unholy,6,1,5
960,Sìrmooalot,twisting-nether,96,deathknight,unholy,6,1,5
961,Cameltôe,frostwolf,96,deathknight,unholy,6,1,5
962,Auggee,ravencrest,96,deathknight,unholy,6,1,5
963,Antexdk,drakthul,96,deathknight,unholy,6,1,5
964,Dextèr,stormreaver,96,deathknight,unholy,6,1,5
965,Orrengo,blackrock,96,deathknight,unholy,6,1,5
966,Beliall,draenor,96,deathknight,unholy,6,1,5
967,Джеттар,howling-fjord,96,deathknight,unholy,6,1,5
968,Lieven,tarren-mill,96,deathknight,unholy,6,1,5
969,Madsgrip,tarren-mill,96,deathknight,unholy,6,1,5
970,Wavemaker,kazzak,96,deathknight,unholy,6,1,5
971,Peiie,ravencrest,96,deathknight,unholy,6,1,5
972,Bytedk,aggra-português,96,deathknight,unholy,6,1,5
973,Инфлюминс,soulflayer,96,deathknight,unholy,6,1,5
974,Eívór,garrosh,96,deathknight,unholy,6,1,5
975,Skrati,das-syndikat,96,deathknight,unholy,6,1,5
976,Depleterus,blackrock,96,deathknight,unholy,12,1,11
977,Gosting,kirin-tor,96,deathknight,unholy,12,1,11
978,Fixmybones,frostmane,96,deathknight,unholy,12,1,11
979,Fenixflexin,ravencrest,96,deathknight,unholy,12,1,11
980,Buzknight,twisting-nether,96,deathknight,unholy,12,1,11
981,Brasith,outland,96,deathknight,unholy,12,1,11
982,Bestiaccia,nemesis,95,deathknight,unholy,6,1,5
983,Necromedes,kazzak,64,deathknight,unholy,4,1,3
984,Шарабум,howling-fjord,16,deathknight,unholy,7,1,6
985,Никнейм,gordunni,2123,deathknight,frost,102,55,47
986,Garrinchá,stormscale,2040,deathknight,frost,60,36,24
987,Имерсий,gordunni,2033,deathknight,frost,54,33,21
988,Fdkgotbuffed,tarren-mill,2028,deathknight,frost,66,34,32
989,Anotherdkx,ravencrest,1997,deathknight,frost,60,36,24
990,Igetmount,draenor,1939,deathknight,frost,42,23,19
991,Viuff,kazzak,1894,deathknight,frost,42,23,19
992,Murbastic,draenor,1862,deathknight,frost,209,102,107
993,Nellion,kazzak,1845,deathknight,frost,54,21,33
994,Jeanice,blackhand,1833,deathknight,frost,42,23,19
995,Эриданс,gordunni,1806,deathknight,frost,48,32,16
996,Duriel,stormscale,1747,deathknight,frost,91,52,39
997,Малтель,howling-fjord,1724,deathknight,frost,42,22,20
998,Дарргг,ashenvale,1722,deathknight,frost,96,47,49
999,Ayro,aegwynn,1697,deathknight,frost,54,27,27
1000,Mikagoddess,argent-dawn,1668,deathknight,frost,42,22,20
1001,Винкис,gordunni,1641,deathknight,frost,60,36,24
1002,Frostlux,archimonde,1635,deathknight,frost,467,225,242
1003,Rêxaks,dun-modr,1630,deathknight,frost,42,19,23
1004,Geunieve,ysondre,1621,deathknight,frost,60,23,37
1005,Espatula,ravencrest,1619,deathknight,frost,48,23,25
1006,Cyliandra,silvermoon,1615,deathknight,frost,48,27,21
1007,Banishabomb,ragnaros,1615,deathknight,frost,78,39,39
1008,Vidofnir,argent-dawn,1611,deathknight,frost,56,31,25
1009,Xolaani,outland,1596,deathknight,frost,36,20,16
1010,Deucàlyqt,nemesis,1589,deathknight,frost,64,28,36
1011,Selena,blackmoore,1587,deathknight,frost,30,17,13
1012,Arxelas,sylvanas,1580,deathknight,frost,166,86,80
1013,Клиссанг,razuvious,1572,deathknight,frost,30,19,11
1014,Frace,tyrande,1570,deathknight,frost,66,27,39
1015,Kailara,draenor,1556,deathknight,frost,48,26,22
1016,Arxelas,stormscale,1553,deathknight,frost,48,30,18
1017,Gorobijec,drakthul,1550,deathknight,frost,156,73,83
1018,Raylenx,uldaman,1543,deathknight,frost,63,31,32
1019,Deucalyqt,nemesis,1538,deathknight,frost,66,31,35
1020,Diogenisis,arthas,1530,deathknight,frost,36,16,20
1021,Dripgrip,ravencrest,1529,deathknight,frost,77,36,41
1022,Hatriox,outland,1511,deathknight,frost,129,70,59
1023,Маклайкнайт,gordunni,1507,deathknight,frost,140,70,70
1024,Chakko,ravencrest,1503,deathknight,frost,36,16,20
1025,Brawlerbabe,stormscale,1502,deathknight,frost,126,56,70
1026,Regniér,frostwolf,1501,deathknight,frost,128,60,68
1027,Leónid,kazzak,1486,deathknight,frost,33,17,16
1028,Катаринья,howling-fjord,1474,deathknight,frost,57,28,29
1029,Forgive,blackrock,1439,deathknight,frost,46,24,22
1030,Dktroll,blackmoore,1428,deathknight,frost,151,67,84
1031,Stevensdk,darkspear,1427,deathknight,frost,36,17,19
1032,Кулькулегал,ashenvale,1424,deathknight,frost,24,15,9
1033,Neitoperho,frostmane,1422,deathknight,frost,36,15,21
1034,Асаала,soulflayer,1419,deathknight,frost,27,19,8
1035,Furleyc,argent-dawn,1405,deathknight,frost,60,34,26
1036,Düksito,dun-modr,1392,deathknight,frost,63,32,31
1037,Skorice,dalaran,1389,deathknight,frost,48,19,29
1038,Fallenjaina,kazzak,1386,deathknight,frost,173,82,91
1039,Флаттершайдк,booty-bay,1383,deathknight,frost,37,16,21
1040,Фростмаран,soulflayer,1373,deathknight,frost,96,45,51
1041,Ðeucaly,nemesis,1357,deathknight,frost,66,30,36
1042,Mocca,aegwynn,1357,deathknight,frost,52,21,31
1043,Keronaterol,blackhand,1352,deathknight,frost,54,31,23
1044,Reezeer,stormscale,1351,deathknight,frost,30,15,15
1045,Картафилиус,soulflayer,1341,deathknight,frost,36,15,21
1046,Ihatelife,frostwolf,1328,deathknight,frost,78,39,39
1047,Касуляпвнз,gordunni,1324,deathknight,frost,27,15,12
1048,Comehere,norgannon,1321,deathknight,frost,30,19,11
1049,Deucalygodx,nemesis,1301,deathknight,frost,60,22,38
1050,Âlîce,culte-de-la-rive-noire,1297,deathknight,frost,54,26,28
1051,Devilknight,dentarg,1282,deathknight,frost,60,31,29
1052,Spøøk,defias-brotherhood,1270,deathknight,frost,120,55,65
1053,Fixmybones,frostmane,1249,deathknight,frost,30,18,12
1054,Døuffy,hyjal,1248,deathknight,frost,149,72,77
1055,Sonnedeath,tarren-mill,1247,deathknight,frost,22,14,8
1056,Elendren,blackrock,1247,deathknight,frost,24,13,11
1057,Superere,hyjal,1241,deathknight,frost,120,62,58
1058,Düks,dun-modr,1238,deathknight,frost,87,39,48
1059,Arthasuk,dun-modr,1234,deathknight,frost,74,40,34
1060,Twardobaba,burning-legion,1231,deathknight,frost,50,24,26
1061,Satyriasis,twisting-nether,1224,deathknight,frost,28,16,12
1062,Кроуфрост,gordunni,1219,deathknight,frost,48,21,27
1063,Frostmommy,argent-dawn,1214,deathknight,frost,41,16,25
1064,Êbøla,sanguino,1202,deathknight,frost,66,28,38
1065,Krasny,hyjal,1179,deathknight,frost,78,42,36
1066,Abnormus,tarren-mill,1179,deathknight,frost,72,38,34
1067,Cayliadk,tarren-mill,1174,deathknight,frost,167,76,91
1068,Zandruq,twisting-nether,1162,deathknight,frost,52,21,31
1069,Aceléss,drakthul,1150,deathknight,frost,18,12,6
1070,Tenzøftw,archimonde,1148,deathknight,frost,24,12,12
1071,Nôsferatú,amanthul,1145,deathknight,frost,78,39,39
1072,Darkchas,silvermoon,1144,deathknight,frost,24,12,12
1073,Геннош,howling-fjord,1143,deathknight,frost,24,12,12
1074,Zerodude,silvermoon,1142,deathknight,frost,60,30,30
1075,Azrador,frostwolf,1140,deathknight,frost,54,21,33
1076,Sipsip,tarren-mill,1139,deathknight,frost,24,12,12
1077,Morgouse,kazzak,1139,deathknight,frost,89,38,51
1078,Polimeh,draenor,1132,deathknight,frost,66,38,28
1079,Mattesøs,drakthul,1130,deathknight,frost,36,13,23
1080,Barathéøn,les-sentinelles,1118,deathknight,frost,35,12,23
1081,Dkruffos,draenor,1114,deathknight,frost,60,24,36
1082,Alastoras,nemesis,1108,deathknight,frost,37,19,18
1083,Collinná,aegwynn,1104,deathknight,frost,36,13,23
1084,Порция,greymane,1089,deathknight,frost,36,24,12
1085,Thenrys,culte-de-la-rive-noire,1083,deathknight,frost,44,14,30
1086,Woddey,blackrock,1073,deathknight,frost,48,22,26
1087,Вафельнаяфея,blackscar,1073,deathknight,frost,43,17,26
1088,Ivik,the-maelstrom,1058,deathknight,frost,50,30,20
1089,Khelthalas,teldrassil,1053,deathknight,frost,25,18,7
1090,Unaxito,sanguino,1052,deathknight,frost,24,11,13
1091,Monkeydclaus,arathor,1010,deathknight,frost,24,11,13
1092,Quantumshift,ravencrest,1004,deathknight,frost,17,11,6
1093,Sooran,blackhand,994,deathknight,frost,24,16,8
1094,Zioan,jaedenar,962,deathknight,frost,38,17,21
1095,Dakyforfun,ravencrest,960,deathknight,frost,12,10,2
1096,Flúrrý,kazzak,960,deathknight,frost,24,10,14
1097,Kooklynn,aggra-português,955,deathknight,frost,18,10,8
1098,Ubiystvo,kazzak,955,deathknight,frost,18,10,8
1099,Môrgøth,nemesis,952,deathknight,frost,24,10,14
1100,Dursall,thrall,912,deathknight,frost,119,56,63
1101,Mauryr,drakthul,900,deathknight,frost,60,20,40
1102,Нифер,deathguard,894,deathknight,frost,20,10,10
1103,Карвалан,eversong,884,deathknight,frost,36,18,18
1104,Peachvajz,turalyon,882,deathknight,frost,54,27,27
1105,Kixx,bloodfeather,873,deathknight,frost,53,13,40
1106,Fareast,nerathor,865,deathknight,frost,78,36,42
1107,Mellion,ragnaros,864,deathknight,frost,12,9,3
1108,ßambøøzle,draenor,864,deathknight,frost,18,9,9
1109,Løz,kazzak,864,deathknight,frost,18,9,9
1110,Zektal,thrall,864,deathknight,frost,18,9,9
1111,Sinabre,eitrigg,863,deathknight,frost,12,9,3
1112,Wrathlich,tyrande,863,deathknight,frost,18,9,9
1113,Murky,kazzak,863,deathknight,frost,18,9,9
1114,Asphyxias,alleria,863,deathknight,frost,18,9,9
1115,Nymfo,tirion,862,deathknight,frost,12,9,3
1116,Tofin,dunemaul,861,deathknight,frost,18,9,9
1117,Neorteriona,argent-dawn,860,deathknight,frost,18,9,9
1118,Vîrus,kazzak,859,deathknight,frost,18,9,9
1119,Kãra,ysondre,859,deathknight,frost,18,9,9
1120,Deathknight,spinebreaker,859,deathknight,frost,24,9,15
1121,Zuggandk,tarren-mill,857,deathknight,frost,18,9,9
1122,Rogerwaterz,twisting-nether,855,deathknight,frost,12,9,3
1123,Belía,blackmoore,854,deathknight,frost,24,9,15
1124,Deadkilla,stormreaver,851,deathknight,frost,18,9,9
1125,Guillemet,turalyon,830,deathknight,frost,16,10,6
1126,Elbaqwan,the-shatar,827,deathknight,frost,30,13,17
1127,Craftmaker,eonar,816,deathknight,frost,44,19,25
1128,Afadk,kazzak,802,deathknight,frost,48,18,30
1129,Ниффер,deathguard,800,deathknight,frost,22,9,13
1130,Iaccidens,stormscale,791,deathknight,frost,28,9,19
1131,Селес,ashenvale,768,deathknight,frost,12,8,4
1132,Tenzøjr,archimonde,768,deathknight,frost,12,8,4
1133,Salaahadin,darkspear,768,deathknight,frost,18,8,10
1134,Eynoway,blackmoore,768,deathknight,frost,18,8,10
1135,Lylíth,archimonde,767,deathknight,frost,12,8,4
1136,Blácked,draenor,767,deathknight,frost,12,8,4
1137,Frostymel,ravencrest,767,deathknight,frost,24,8,16
1138,Jollíe,tarren-mill,767,deathknight,frost,24,8,16
1139,Zaouros,silvermoon,767,deathknight,frost,30,8,22
1140,Leahthebad,sylvanas,766,deathknight,frost,18,8,10
1141,Zombíe,laughing-skull,765,deathknight,frost,12,8,4
1142,Арнорос,lich-king,764,deathknight,frost,12,8,4
1143,Orcborg,zuljin,764,deathknight,frost,18,8,10
1144,Bari,the-venture-co,763,deathknight,frost,18,8,10
1145,Gageth,shadowsong,763,deathknight,frost,33,9,24
1146,Fullbusterr,hyjal,761,deathknight,frost,12,8,4
1147,Krylow,draenor,760,deathknight,frost,24,8,16
1148,Zerdon,frostmane,756,deathknight,frost,12,8,4
1149,Lichfils,chogall,745,deathknight,frost,27,8,19
1150,Odaijini,archimonde,719,deathknight,frost,17,8,9
1151,Gorefiend,kazzak,672,deathknight,frost,12,7,5
1152,Madseason,burning-legion,672,deathknight,frost,12,7,5
1153,Veneera,emeriss,672,deathknight,frost,12,7,5
1154,Mâxî,hyjal,672,deathknight,frost,12,7,5
1155,Wintersons,tarren-mill,671,deathknight,frost,12,7,5
1156,Halohuntress,outland,671,deathknight,frost,18,7,11
1157,Holîx,kazzak,671,deathknight,frost,30,7,23
1158,Blurek,lordaeron,670,deathknight,frost,12,7,5
1159,Меланндрис,gordunni,669,deathknight,frost,15,8,7
1160,Moosbirne,blackhand,669,deathknight,frost,18,7,11
1161,Gravehammer,sylvanas,663,deathknight,frost,12,7,5
1162,Aczheron,argent-dawn,660,deathknight,frost,24,7,17
1163,Antîlâ,antonidas,658,deathknight,frost,12,7,5
1164,Wildsword,sylvanas,607,deathknight,frost,16,7,9
1165,Diatriss,argent-dawn,584,deathknight,frost,19,8,11
1166,Orangatang,dalaran,576,deathknight,frost,12,6,6
1167,Планус,booty-bay,576,deathknight,frost,12,6,6
1168,Narali,argent-dawn,576,deathknight,frost,12,6,6
1169,Rubbann,ravencrest,576,deathknight,frost,12,6,6
1170,Doping,eredar,576,deathknight,frost,12,6,6
1171,Xeliora,ragnaros,576,deathknight,frost,15,7,8
1172,Deathmike,steamwheedle-cartel,576,deathknight,frost,18,6,12
1173,Worlviuz,argent-dawn,576,deathknight,frost,18,6,12
1174,Rompå,ravencrest,576,deathknight,frost,18,6,12
1175,Parayysite,eredar,576,deathknight,frost,18,6,12
1176,Abadonn,archimonde,576,deathknight,frost,18,6,12
1177,Qus,twisting-nether,576,deathknight,frost,18,6,12
1178,Gotendk,draenor,575,deathknight,frost,12,6,6
1179,Cdp,ragnaros,575,deathknight,frost,12,6,6
1180,Tugarinzmey,tarren-mill,575,deathknight,frost,18,6,12
1181,Фламмивир,gordunni,572,deathknight,frost,12,6,6
1182,Izanagii,exodar,572,deathknight,frost,12,6,6
1183,Tyranuse,kazzak,527,deathknight,frost,17,6,11
1184,Фэйлстрайк,azuregos,510,deathknight,frost,14,6,8
1185,Exodiuss,dalaran,510,deathknight,frost,16,6,10
1186,Deckbulle,blackhand,480,deathknight,frost,6,5,1
1187,Nifllheimr,outland,480,deathknight,frost,6,5,1
1188,Thebangman,ravencrest,480,deathknight,frost,9,6,3
1189,Ûñhølýðéåthj,tarren-mill,480,deathknight,frost,12,5,7
1190,Leonis,arthas,480,deathknight,frost,12,5,7
1191,Justaniceguy,silvermoon,480,deathknight,frost,12,5,7
1192,Mcrune,ravencrest,480,deathknight,frost,12,5,7
1193,Feelmyfuri,mazrigos,480,deathknight,frost,12,5,7
1194,Руин,blackscar,480,deathknight,frost,12,5,7
1195,Runepride,argent-dawn,480,deathknight,frost,12,5,7
1196,Gringly,tarren-mill,480,deathknight,frost,12,5,7
1197,Pestilerous,draenor,480,deathknight,frost,18,5,13
1198,Nathriel,stormscale,479,deathknight,frost,12,5,7
1199,Ostridz,grim-batol,479,deathknight,frost,12,5,7
1200,Hellcrosser,blackrock,479,deathknight,frost,12,5,7
1201,Sindó,blackrock,479,deathknight,frost,12,5,7
1202,Xtream,blackmoore,479,deathknight,frost,12,5,7
1203,Deadpòól,twisting-nether,479,deathknight,frost,18,5,13
1204,Copium,hyjal,477,deathknight,frost,12,5,7
1205,Fishtruction,tarren-mill,476,deathknight,frost,12,5,7
1206,Kejpo,drakthul,473,deathknight,frost,12,5,7
1207,Predatormkdd,ravencrest,429,deathknight,frost,11,5,6
1208,Lemmegetuuh,chogall,384,deathknight,frost,6,4,2
1209,Gauloupin,lightnings-blade,384,deathknight,frost,6,4,2
1210,Indrette,archimonde,384,deathknight,frost,6,4,2
1211,Oldiseas,grim-batol,384,deathknight,frost,6,4,2
1212,Reann,argent-dawn,384,deathknight,frost,6,4,2
1213,Gozuryu,kazzak,384,deathknight,frost,6,4,2
1214,Enzy,drakthul,384,deathknight,frost,6,4,2
1215,Wuurzaag,twisting-nether,384,deathknight,frost,6,4,2
1216,Namzera,draenor,384,deathknight,frost,6,4,2
1217,Вирко,eversong,384,deathknight,frost,9,5,4
1218,Xenake,kazzak,384,deathknight,frost,12,4,8
1219,Buldog,laughing-skull,384,deathknight,frost,12,4,8
1220,Anasûrimbor,tarren-mill,384,deathknight,frost,12,4,8
1221,Pawnzqtie,stormscale,384,deathknight,frost,12,4,8
1222,Doodcraft,tarren-mill,384,deathknight,frost,12,4,8
1223,Æew,kazzak,384,deathknight,frost,12,4,8
1224,Prokszii,turalyon,384,deathknight,frost,12,4,8
1225,Uthn,outland,384,deathknight,frost,12,4,8
1226,Apraxia,ravencrest,384,deathknight,frost,12,4,8
1227,Джайвана,soulflayer,384,deathknight,frost,12,4,8
1228,Raihor,outland,384,deathknight,frost,14,4,10
1229,Кокосоус,gordunni,384,deathknight,frost,17,4,13
1230,Dzengiskhan,draenor,384,deathknight,frost,24,4,20
1231,Beherith,sunstrider,383,deathknight,frost,6,4,2
1232,Tÿnak,der-mithrilorden,383,deathknight,frost,9,4,5
1233,Бранс,gordunni,383,deathknight,frost,12,4,8
1234,Eckodk,aggra-português,383,deathknight,frost,12,4,8
1235,Breeze,xavius,383,deathknight,frost,12,4,8
1236,Arond,arygos,383,deathknight,frost,12,4,8
1237,Гадиния,soulflayer,383,deathknight,frost,12,4,8
1238,Kivo,marécage-de-zangar,383,deathknight,frost,12,4,8
1239,Belâam,archimonde,383,deathknight,frost,24,4,20
1240,Dànté,eitrigg,382,deathknight,frost,6,4,2
1241,Дневнои,howling-fjord,382,deathknight,frost,12,4,8
1242,Vicoperian,stormscale,382,deathknight,frost,12,4,8
1243,Dreadnight,sanguino,351,deathknight,frost,8,5,3
1244,Nîghtmáre,ravencrest,351,deathknight,frost,11,4,7
1245,Dexterlul,blackmoore,288,deathknight,frost,6,3,3
1246,Nexxel,blackhand,288,deathknight,frost,6,3,3
1247,Whippy,ravencrest,288,deathknight,frost,6,3,3
1248,Xanthic,ravencrest,288,deathknight,frost,6,3,3
1249,Ogomegee,ravencrest,288,deathknight,frost,6,3,3
1250,Cptneverdie,stormscale,288,deathknight,frost,6,3,3
1251,Merdenhall,argent-dawn,288,deathknight,frost,6,3,3
1252,Leyc,argent-dawn,288,deathknight,frost,6,3,3
1253,Cyphîllyth,auchindoun,288,deathknight,frost,6,3,3
1254,Vexxed,magtheridon,288,deathknight,frost,6,3,3
1255,Keridíin,twisting-nether,288,deathknight,frost,6,3,3
1256,Hellcrusher,kazzak,288,deathknight,frost,6,3,3
1257,Ahnuk,aggra-português,288,deathknight,frost,6,3,3
1258,Regys,argent-dawn,288,deathknight,frost,6,3,3
1259,Soulrender,kirin-tor,288,deathknight,frost,6,3,3
1260,Шэйп,fordragon,288,deathknight,frost,6,3,3
1261,Persefal,nemesis,288,deathknight,frost,6,3,3
1262,Necrozy,aggra-português,288,deathknight,frost,6,3,3
1263,Madsgrip,tarren-mill,288,deathknight,frost,6,3,3
1264,Vaanor,draenor,288,deathknight,frost,6,3,3
1265,Джеттар,howling-fjord,288,deathknight,frost,6,3,3
1266,Jumbogrip,tarren-mill,288,deathknight,frost,6,3,3
1267,Petardodupy,burning-legion,288,deathknight,frost,6,3,3
1268,Jjayker,kazzak,288,deathknight,frost,6,3,3
1269,Nazgül,drakthul,288,deathknight,frost,6,3,3
1270,Dextroyersx,sanguino,288,deathknight,frost,6,3,3
1271,Modelo,twisting-nether,288,deathknight,frost,6,3,3
1272,Kèén,kazzak,288,deathknight,frost,6,3,3
1273,Moko,defias-brotherhood,288,deathknight,frost,6,3,3
1274,Thilior,silvermoon,288,deathknight,frost,12,3,9
1275,Chifuyu,azjolnerub,288,deathknight,frost,12,3,9
1276,Klingenblut,blackrock,288,deathknight,frost,12,3,9
1277,Тенелла,gordunni,288,deathknight,frost,12,3,9
1278,Prekliatylad,burning-blade,288,deathknight,frost,12,3,9
1279,Discochoppa,blackmoore,288,deathknight,frost,12,3,9
1280,Thedk,voljin,288,deathknight,frost,12,3,9
1281,Dämäger,proudmoore,288,deathknight,frost,12,3,9
1282,Râke,teldrassil,288,deathknight,frost,12,3,9
1283,Zoree,draenor,288,deathknight,frost,12,3,9
1284,Balekouille,eldrethalas,287,deathknight,frost,6,3,3
1285,Dekagramcz,drakthul,287,deathknight,frost,6,3,3
1286,Sawishere,sanguino,287,deathknight,frost,12,3,9
1287,Venthyrgwa,kazzak,284,deathknight,frost,7,5,2
1288,Archdemonio,wildhammer,192,deathknight,frost,6,2,4
1289,Babsyknight,wildhammer,192,deathknight,frost,6,2,4
1290,Inaëlys,medivh,192,deathknight,frost,6,2,4
1291,Bigspider,aggramar,192,deathknight,frost,6,2,4
1292,Аирфрост,howling-fjord,192,deathknight,frost,6,2,4
1293,Notstacy,dragonblight,192,deathknight,frost,6,2,4
1294,Seasonfive,arathor,192,deathknight,frost,6,2,4
1295,Doubledead,the-maelstrom,192,deathknight,frost,6,2,4
1296,Nèrfx,ragnaros,192,deathknight,frost,6,2,4
1297,Dreadmind,blackrock,192,deathknight,frost,6,2,4
1298,Pandahapci,ragnaros,192,deathknight,frost,6,2,4
1299,Vaffe,tarren-mill,192,deathknight,frost,6,2,4
1300,Ilovegouàng,khaz-modan,192,deathknight,frost,6,2,4
1301,Mennal,the-maelstrom,192,deathknight,frost,6,2,4
1302,Сивкабурка,fordragon,192,deathknight,frost,6,2,4
1303,Darksoulk,frostmane,192,deathknight,frost,6,2,4
1304,Ratge,hyjal,192,deathknight,frost,6,2,4
1305,Hordak,stormscale,192,deathknight,frost,6,2,4
1306,Ullefuz,silvermoon,192,deathknight,frost,6,2,4
1307,Royalcrown,stormscale,192,deathknight,frost,6,2,4
1308,Necrossis,stormscale,192,deathknight,frost,6,2,4
1309,Deathcardos,die-aldor,192,deathknight,frost,6,2,4
1310,Køley,draenor,192,deathknight,frost,6,2,4
1311,Ñogg,kazzak,192,deathknight,frost,6,2,4
1312,Merdraut,alakir,192,deathknight,frost,6,2,4
1313,Kane,destromath,192,deathknight,frost,6,2,4
1314,Toffy,anetheron,192,deathknight,frost,6,2,4
1315,Ilaenu,ravencrest,192,deathknight,frost,6,2,4
1316,Doozz,draenor,192,deathknight,frost,6,2,4
1317,Grumpykathi,blackmoore,192,deathknight,frost,6,2,4
1318,Tyró,ravencrest,192,deathknight,frost,6,2,4
1319,Deadlygnome,silvermoon,192,deathknight,frost,12,2,10
1320,Eisentorte,nerathor,192,deathknight,frost,12,2,10
1321,Adreak,defias-brotherhood,192,deathknight,frost,12,2,10
1322,Narrua,die-aldor,192,deathknight,frost,12,2,10
1323,Tüsa,exodar,192,deathknight,frost,18,2,16
1324,Scorbion,kilrogg,191,deathknight,frost,7,2,5
1325,Arthursq,stormscale,190,deathknight,frost,12,2,10
1326,Endlesspain,burning-legion,138,deathknight,frost,8,3,5
1327,Tzunâ,blackmoore,138,deathknight,frost,21,3,18
1328,Бахлыщ,soulflayer,96,deathknight,frost,6,1,5
1329,Veçh,turalyon,96,deathknight,frost,6,1,5
1330,Thyrandre,khaz-modan,96,deathknight,frost,6,1,5
1331,Arrèsted,aegwynn,96,deathknight,frost,6,1,5
1332,Ischozâr,blackmoore,96,deathknight,frost,6,1,5
1333,Feddk,stormscale,96,deathknight,frost,6,1,5
1334,Gotbaked,outland,96,deathknight,frost,6,1,5
1335,Pavkata,outland,96,deathknight,frost,6,1,5
1336,Kaeyz,blackmoore,96,deathknight,frost,6,1,5
1337,Thryndiel,ravencrest,96,deathknight,frost,6,1,5
1338,Gigadk,ragnaros,96,deathknight,frost,6,1,5
1339,Menacê,ravencrest,96,deathknight,frost,6,1,5
1340,Armanelo,stormscale,96,deathknight,frost,6,1,5
1341,Syncros,blackrock,96,deathknight,frost,6,1,5
1342,Hydross,archimonde,96,deathknight,frost,6,1,5
1343,Буризан,blackscar,96,deathknight,frost,6,1,5
1344,Oj,darkspear,96,deathknight,frost,6,1,5
1345,Jenkk,drakthul,96,deathknight,frost,6,1,5
1346,Urukaye,silvermoon,96,deathknight,frost,6,1,5
1347,Nelahh,the-maelstrom,96,deathknight,frost,6,1,5
1348,Ezlar,silvermoon,96,deathknight,frost,6,1,5
1349,Dïkcite,archimonde,96,deathknight,frost,6,1,5
1350,Housemeyster,antonidas,96,deathknight,frost,6,1,5
1351,Thínkk,ysondre,96,deathknight,frost,6,1,5
1352,Slimez,magtheridon,96,deathknight,frost,6,1,5
1353,Cleverb,silvermoon,96,deathknight,frost,6,1,5
1354,Burebistà,eonar,96,deathknight,frost,12,1,11
1355,Nirna,argent-dawn,96,deathknight,frost,18,1,17
1356,Assølid,arathor,42,deathknight,frost,11,2,9
1357,Elswavé,kazzak,2312,demonhunter,havoc,120,72,48
1358,Zslebaans,dun-modr,2217,demonhunter,havoc,194,101,93
1359,Itsdampbaby,kazzak,2211,demonhunter,havoc,115,62,53
1360,Íllìðåñgøðx,twisting-nether,2196,demonhunter,havoc,88,48,40
1361,Guësswho,twisting-nether,2193,demonhunter,havoc,87,47,40
1362,Norgàn,die-aldor,2178,demonhunter,havoc,81,44,37
1363,Ðesz,sanguino,2153,demonhunter,havoc,95,52,43
1364,Enysia,twisting-nether,2127,demonhunter,havoc,122,62,60
1365,Zuklio,ysondre,2125,demonhunter,havoc,146,74,72
1366,Heatx,ysondre,2124,demonhunter,havoc,144,83,61
1367,Melan,sanguino,2116,demonhunter,havoc,108,54,54
1368,Évø,silvermoon,2114,demonhunter,havoc,107,54,53
1369,Лфгхиро,soulflayer,2101,demonhunter,havoc,65,37,28
1370,Razzagall,elune,2101,demonhunter,havoc,54,30,24
1371,Boostbydh,archimonde,2101,demonhunter,havoc,219,115,104
1372,Glìmpsêgøðx,twisting-nether,2057,demonhunter,havoc,65,35,30
1373,Læsy,antonidas,2049,demonhunter,havoc,145,76,69
1374,Badtime,malganis,2035,demonhunter,havoc,170,90,80
1375,Battlebruh,ghostlands,2032,demonhunter,havoc,83,39,44
1376,Demonalpha,stormscale,2018,demonhunter,havoc,61,34,27
1377,Paschli,tarren-mill,2016,demonhunter,havoc,150,80,70
1378,Cuddlypeanut,argent-dawn,2000,demonhunter,havoc,136,65,71
1379,Veon,ravencrest,1988,demonhunter,havoc,281,136,145
1380,Wibez,twisting-nether,1986,demonhunter,havoc,60,39,21
1381,Norgan,die-aldor,1976,demonhunter,havoc,60,33,27
1382,Brawndow,draenor,1976,demonhunter,havoc,99,53,46
1383,Aiean,ravencrest,1973,demonhunter,havoc,162,81,81
1384,Anabbele,kazzak,1968,demonhunter,havoc,96,52,44
1385,Gilletteabdi,argent-dawn,1966,demonhunter,havoc,115,58,57
1386,Ohseri,defias-brotherhood,1963,demonhunter,havoc,162,78,84
1387,Delanoss,blackmoore,1956,demonhunter,havoc,97,55,42
1388,Illislan,darksorrow,1955,demonhunter,havoc,209,109,100
1389,Tyssra,argent-dawn,1955,demonhunter,havoc,192,93,99
1390,Bxdh,outland,1952,demonhunter,havoc,75,36,39
1391,Мортрэд,gordunni,1950,demonhunter,havoc,66,39,27
1392,Sofun,stormscale,1950,demonhunter,havoc,110,56,54
1393,Pipeandy,kazzak,1946,demonhunter,havoc,95,52,43
1394,Battlebruuh,ghostlands,1935,demonhunter,havoc,66,27,39
1395,Çøððøøððøøðð,blackmoore,1934,demonhunter,havoc,132,71,61
1396,Scubaman,tarren-mill,1932,demonhunter,havoc,54,31,23
1397,Iryut,onyxia,1932,demonhunter,havoc,84,45,39
1398,Cydh,auchindoun,1917,demonhunter,havoc,90,45,45
1399,Nèvér,silvermoon,1913,demonhunter,havoc,84,41,43
1400,Damatche,outland,1910,demonhunter,havoc,136,68,68
1401,Gíftig,ravencrest,1900,demonhunter,havoc,53,29,24
1402,Истребитель,blackscar,1894,demonhunter,havoc,216,121,95
1403,Майвэйх,soulflayer,1886,demonhunter,havoc,100,49,51
1404,Skywålker,stormscale,1882,demonhunter,havoc,75,38,37
1405,Ïîï,archimonde,1880,demonhunter,havoc,85,38,47
1406,Walkmyshoes,twisting-nether,1877,demonhunter,havoc,102,51,51
1407,Elipireli,doomhammer,1874,demonhunter,havoc,48,24,24
1408,Mazöku,ravencrest,1873,demonhunter,havoc,86,51,35
1409,Donkeydh,tarren-mill,1868,demonhunter,havoc,54,36,18
1410,Màuul,ravencrest,1866,demonhunter,havoc,195,97,98
1411,Tórstenstøck,ravencrest,1865,demonhunter,havoc,53,36,17
1412,Oldforwow,outland,1865,demonhunter,havoc,174,91,83
1413,Pulsefuzzy,burning-legion,1861,demonhunter,havoc,59,34,25
1414,Betterevoker,outland,1860,demonhunter,havoc,144,75,69
1415,Brolafsen,ravencrest,1859,demonhunter,havoc,66,32,34
1416,Mittÿ,tarren-mill,1858,demonhunter,havoc,65,32,33
1417,Apfelbaum,die-aldor,1857,demonhunter,havoc,60,40,20
1418,Carboen,tarren-mill,1856,demonhunter,havoc,96,52,44
1419,Fiveyearques,sylvanas,1856,demonhunter,havoc,102,49,53
1420,Kebabidin,kazzak,1856,demonhunter,havoc,66,30,36
1421,Mädchen,blackhand,1854,demonhunter,havoc,48,23,25
1422,Smydi,blackmoore,1852,demonhunter,havoc,88,65,23
1423,Dasein,tarren-mill,1852,demonhunter,havoc,54,29,25
1424,Itadora,antonidas,1847,demonhunter,havoc,66,34,32
1425,Аркантт,soulflayer,1847,demonhunter,havoc,183,88,95
1426,Notlars,chamber-of-aspects,1846,demonhunter,havoc,53,31,22
1427,Flyingwhale,terokkar,1846,demonhunter,havoc,75,43,32
1428,Хэллшок,eversong,1843,demonhunter,havoc,48,28,20
1429,Клопобойка,gordunni,1842,demonhunter,havoc,69,37,32
1430,Bloodwatcher,twisting-nether,1842,demonhunter,havoc,54,27,27
1431,Avye,tichondrius,1838,demonhunter,havoc,60,31,29
1432,Fotmdehatwo,blackrock,1837,demonhunter,havoc,61,32,29
1433,Ilovelilith,zuljin,1837,demonhunter,havoc,129,67,62
1434,Nøbodyx,tarren-mill,1837,demonhunter,havoc,66,33,33
1435,Xarôth,eredar,1837,demonhunter,havoc,66,32,34
1436,Minifranger,archimonde,1835,demonhunter,havoc,87,47,40
1437,Ðoksy,archimonde,1835,demonhunter,havoc,60,31,29
1438,Zkrdh,kazzak,1835,demonhunter,havoc,65,33,32
1439,Нэйтиси,soulflayer,1834,demonhunter,havoc,68,36,32
1440,Zeroques,frostmane,1831,demonhunter,havoc,66,33,33
1441,Сасун,galakrond,1831,demonhunter,havoc,69,32,37
1442,Wibergdh,kazzak,1830,demonhunter,havoc,36,24,12
1443,Supay,rexxar,1830,demonhunter,havoc,58,31,27
1444,Charteryo,eredar,1829,demonhunter,havoc,60,35,25
1445,Badtimes,malganis,1829,demonhunter,havoc,237,118,119
1446,Yamehd,stormreaver,1827,demonhunter,havoc,42,26,16
1447,Chxpo,twisting-nether,1826,demonhunter,havoc,89,47,42
1448,Сибу,soulflayer,1825,demonhunter,havoc,48,21,27
1449,Mürh,nordrassil,1824,demonhunter,havoc,54,25,29
1450,Дантеллиан,gordunni,1823,demonhunter,havoc,135,77,58
1451,Hopéless,aggra-português,1821,demonhunter,havoc,42,23,19
1452,Khétí,tarren-mill,1821,demonhunter,havoc,101,53,48
1453,Элизар,howling-fjord,1821,demonhunter,havoc,120,61,59
1454,Dadøw,dun-modr,1820,demonhunter,havoc,66,31,35
1455,Onof,hyjal,1820,demonhunter,havoc,96,43,53
1456,Malignantx,ragnaros,1819,demonhunter,havoc,54,30,24
1457,Razex,kazzak,1819,demonhunter,havoc,111,59,52
1458,Stickidan,malganis,1819,demonhunter,havoc,72,36,36
1459,Krm,dun-modr,1818,demonhunter,havoc,38,23,15
1460,Amnésysx,ysondre,1818,demonhunter,havoc,72,35,37
1461,Boxssabanned,archimonde,1818,demonhunter,havoc,119,56,63
1462,Luwayne,blackmoore,1818,demonhunter,havoc,47,21,26
1463,Dreamslash,tarren-mill,1817,demonhunter,havoc,52,29,23
1464,Airelidari,tyrande,1817,demonhunter,havoc,149,76,73
1465,Perna,ghostlands,1814,demonhunter,havoc,74,34,40
1466,Unseenshadow,ragnaros,1813,demonhunter,havoc,60,25,35
1467,Найтшифт,blackscar,1811,demonhunter,havoc,46,29,17
1468,Elsynn,dalaran,1811,demonhunter,havoc,66,35,31
1469,Vexanic,chamber-of-aspects,1811,demonhunter,havoc,93,49,44
1470,Eyasluna,twisting-nether,1811,demonhunter,havoc,66,30,36
1471,Djratatouill,kazzak,1810,demonhunter,havoc,42,27,15
1472,Хменчик,soulflayer,1809,demonhunter,havoc,97,47,50
1473,Yúki,blackrock,1809,demonhunter,havoc,48,23,25
1474,Ææçëñ,ravencrest,1808,demonhunter,havoc,36,23,13
1475,Çrymemøre,dun-modr,1808,demonhunter,havoc,60,32,28
1476,Mandariâ,blackmoore,1808,demonhunter,havoc,60,32,28
1477,Eurobeat,dun-modr,1807,demonhunter,havoc,102,60,42
1478,Jumpmeister,ragnaros,1806,demonhunter,havoc,42,25,17
1479,Possomhd,kazzak,1804,demonhunter,havoc,126,74,52
1480,Gøat,nemesis,1804,demonhunter,havoc,96,55,41
1481,Cláw,ravencrest,1804,demonhunter,havoc,90,45,45
1482,Jawohunt,rexxar,1803,demonhunter,havoc,108,49,59
1483,Дэн,blackscar,1802,demonhunter,havoc,48,28,20
1484,Batik,blackmoore,1802,demonhunter,havoc,136,69,67
1485,Phesxdh,sylvanas,1801,demonhunter,havoc,122,77,45
1486,Barbarinjo,silvermoon,1800,demonhunter,havoc,36,22,14
1487,Миелион,gordunni,1800,demonhunter,havoc,65,29,36
1488,Kindablind,aggramar,1799,demonhunter,havoc,83,40,43
1489,Ðemøñsåy,blackrock,1798,demonhunter,havoc,107,54,53
1490,Grimjow,arthas,1798,demonhunter,havoc,67,31,36
1491,Icekissl,hyjal,1797,demonhunter,havoc,40,20,20
1492,Rvnx,archimonde,1796,demonhunter,havoc,209,115,94
1493,Mongoose,drakthul,1796,demonhunter,havoc,154,78,76
1494,Lassudan,stormreaver,1796,demonhunter,havoc,47,23,24
1495,Finwe,outland,1795,demonhunter,havoc,51,31,20
1496,Камуи,gordunni,1795,demonhunter,havoc,78,39,39
1497,Anerana,malganis,1794,demonhunter,havoc,54,27,27
1498,Лизарин,gordunni,1792,demonhunter,havoc,71,34,37
1499,Satånist,outland,1789,demonhunter,havoc,114,59,55
1500,Twopumpchump,twisting-nether,1788,demonhunter,havoc,48,28,20
1501,Kostiq,kazzak,1787,demonhunter,havoc,59,30,29
1502,Майотх,gordunni,1783,demonhunter,havoc,113,55,58
1503,Spheria,outland,1780,demonhunter,havoc,123,63,60
1504,Hunee,kazzak,1778,demonhunter,havoc,60,38,22
1505,Çôæ,twisting-nether,1778,demonhunter,havoc,123,63,60
1506,Найтбладия,gordunni,1774,demonhunter,havoc,48,29,19
1507,Funkiller,stormscale,1774,demonhunter,havoc,58,30,28
1508,Írony,draenor,1773,demonhunter,havoc,44,23,21
1509,Felom,garona,1771,demonhunter,havoc,54,32,22
1510,Автокикер,soulflayer,1771,demonhunter,havoc,54,31,23
1511,Demonmatheo,stormscale,1771,demonhunter,havoc,54,31,23
1512,Bojestvena,twisting-nether,1771,demonhunter,havoc,84,39,45
1513,Mojothejojo,ravencrest,1769,demonhunter,havoc,67,37,30
1514,Lagseven,ravencrest,1763,demonhunter,havoc,52,27,25
1515,Jincksdh,kazzak,1762,demonhunter,havoc,49,24,25
1516,Eyecandy,scarshield-legion,1760,demonhunter,havoc,60,29,31
1517,Lelaniae,blackhand,1759,demonhunter,havoc,48,20,28
1518,Мэйзиквин,howling-fjord,1755,demonhunter,havoc,54,31,23
1519,Stazó,drakthul,1754,demonhunter,havoc,115,61,54
1520,Shanaplow,hyjal,1754,demonhunter,havoc,72,33,39
1521,Leýara,blackmoore,1753,demonhunter,havoc,38,23,15
1522,Dhgoddess,kazzak,1752,demonhunter,havoc,42,21,21
1523,Primolover,outland,1751,demonhunter,havoc,66,33,33
1524,Badreal,sylvanas,1750,demonhunter,havoc,42,22,20
1525,Calloww,kazzak,1750,demonhunter,havoc,37,19,18
1526,Ehrin,lightbringer,1748,demonhunter,havoc,70,34,36
1527,Культсмерти,howling-fjord,1748,demonhunter,havoc,66,27,39
1528,Xotourlife,stormscale,1744,demonhunter,havoc,36,22,14
1529,Billyhassan,kazzak,1742,demonhunter,havoc,48,31,17
1530,Chàk,marécage-de-zangar,1741,demonhunter,havoc,83,34,49
1531,Zerinitý,outland,1737,demonhunter,havoc,54,29,25
1532,Stràt,ysondre,1737,demonhunter,havoc,48,20,28
1533,Ranked,drakthul,1737,demonhunter,havoc,75,30,45
1534,Jeannedäsh,archimonde,1736,demonhunter,havoc,48,24,24
1535,Cuirnoir,ravencrest,1734,demonhunter,havoc,36,20,16
1536,Ïfï,archimonde,1734,demonhunter,havoc,147,77,70
1537,Smâshêd,stormscale,1731,demonhunter,havoc,45,30,15
1538,Йактон,soulflayer,1731,demonhunter,havoc,42,20,22
1539,Ewlyna,stormscale,1730,demonhunter,havoc,48,22,26
1540,Daemonax,ragnaros,1729,demonhunter,havoc,48,24,24
1541,Donipwnz,blackrock,1729,demonhunter,havoc,83,35,48
1542,Uldren,defias-brotherhood,1728,demonhunter,havoc,182,90,92
1543,Азместь,howling-fjord,1727,demonhunter,havoc,42,20,22
1544,Trashcarlitô,eredar,1726,demonhunter,havoc,56,30,26
1545,Alundil,ravencrest,1725,demonhunter,havoc,60,32,28
1546,Киттигоплей,soulflayer,1725,demonhunter,havoc,78,41,37
1547,Kinstak,sanguino,1725,demonhunter,havoc,54,27,27
1548,Immørtaldh,tarren-mill,1723,demonhunter,havoc,48,23,25
1549,Balberith,twisting-nether,1722,demonhunter,havoc,81,44,37
1550,Smoothbraiin,ravencrest,1722,demonhunter,havoc,77,41,36
1551,Shadyblady,nemesis,1721,demonhunter,havoc,82,42,40
1552,Zedxx,kazzak,1719,demonhunter,havoc,78,38,40
1553,Врежимеэтти,soulflayer,1718,demonhunter,havoc,52,26,26
1554,Maevê,frostmourne,1712,demonhunter,havoc,37,19,18
1555,Mavorz,blackhand,1709,demonhunter,havoc,30,18,12
1556,Barneeéy,tarren-mill,1708,demonhunter,havoc,59,31,28
1557,Depure,blackrock,1707,demonhunter,havoc,48,24,24
1558,Alythes,stormscale,1706,demonhunter,havoc,73,41,32
1559,Kïallz,hyjal,1706,demonhunter,havoc,277,146,131
1560,Demonmancer,ravencrest,1705,demonhunter,havoc,168,91,77
1561,Neralith,ravencrest,1703,demonhunter,havoc,107,56,51
1562,Fazero,silvermoon,1703,demonhunter,havoc,72,37,35
1563,Авилолз,gordunni,1702,demonhunter,havoc,48,25,23
1564,Faufilé,garona,1701,demonhunter,havoc,115,57,58
1565,Enfy,twisting-nether,1701,demonhunter,havoc,71,35,36
1566,Merelini,twisting-nether,1699,demonhunter,havoc,34,19,15
1567,Haldin,kazzak,1699,demonhunter,havoc,65,33,32
1568,Belákor,twisting-nether,1698,demonhunter,havoc,187,95,92
1569,Fruchtzwerg,tarren-mill,1697,demonhunter,havoc,54,31,23
1570,Tanjero,stormscale,1696,demonhunter,havoc,53,36,17
1571,Máédhros,ravencrest,1695,demonhunter,havoc,46,21,25
1572,Yousaindh,blackrock,1694,demonhunter,havoc,66,29,37
1573,Malabala,grim-batol,1693,demonhunter,havoc,29,19,10
1574,Simshady,stormscale,1692,demonhunter,havoc,48,30,18
1575,Yerla,burning-legion,1691,demonhunter,havoc,42,20,22
1576,Âspen,archimonde,1690,demonhunter,havoc,66,42,24
1577,Zhadrom,ragnaros,1690,demonhunter,havoc,54,24,30
1578,Lanadelbae,teldrassil,1689,demonhunter,havoc,103,54,49
1579,Dxæn,archimonde,1687,demonhunter,havoc,41,24,17
1580,Bokajr,ragnaros,1687,demonhunter,havoc,36,21,15
1581,Alareey,antonidas,1686,demonhunter,havoc,66,33,33
1582,Demonkata,twisting-nether,1684,demonhunter,havoc,80,46,34
1583,Susanoø,eredar,1684,demonhunter,havoc,177,96,81
1584,Slutkitten,ravencrest,1684,demonhunter,havoc,48,21,27
1585,Burchulica,sylvanas,1683,demonhunter,havoc,42,24,18
1586,Soizis,drakthul,1682,demonhunter,havoc,42,23,19
1587,Emurid,les-sentinelles,1682,demonhunter,havoc,54,26,28
1588,Kezumå,tarren-mill,1681,demonhunter,havoc,54,27,27
1589,Kékw,stormscale,1680,demonhunter,havoc,93,60,33
1590,Aethinos,sylvanas,1678,demonhunter,havoc,42,27,15
1591,Demonichanta,azjolnerub,1678,demonhunter,havoc,184,95,89
1592,Зарах,gordunni,1677,demonhunter,havoc,36,18,18
1593,Xekaul,tarren-mill,1676,demonhunter,havoc,211,102,109
1594,Ryänåir,ravencrest,1675,demonhunter,havoc,72,42,30
1595,Weez,kilrogg,1675,demonhunter,havoc,78,36,42
1596,Maytherel,blackhand,1674,demonhunter,havoc,120,51,69
1597,Шахдан,howling-fjord,1673,demonhunter,havoc,76,43,33
1598,Demoncyka,twisting-nether,1673,demonhunter,havoc,60,22,38
1599,Hialdoo,sylvanas,1672,demonhunter,havoc,66,29,37
1600,Sayph,hyjal,1670,demonhunter,havoc,36,20,16
1601,Felwinter,ravencrest,1670,demonhunter,havoc,84,40,44
1602,Imslapping,draenor,1669,demonhunter,havoc,66,37,29
1603,Indral,argent-dawn,1667,demonhunter,havoc,54,30,24
1604,Mêgumi,kirin-tor,1664,demonhunter,havoc,110,59,51
1605,Thingawoop,tarren-mill,1664,demonhunter,havoc,67,33,34
1606,Jolyh,nemesis,1662,demonhunter,havoc,42,27,15
1607,Nolitara,exodar,1662,demonhunter,havoc,70,38,32
1608,Nyalah,eredar,1662,demonhunter,havoc,48,24,24
1609,Nepthýs,blackhand,1662,demonhunter,havoc,57,25,32
1610,Ðisgraze,argent-dawn,1660,demonhunter,havoc,60,35,25
1611,Nuxzhell,tarren-mill,1659,demonhunter,havoc,204,99,105
1612,Shaihulud,sanguino,1658,demonhunter,havoc,181,100,81
1613,Nøvillain,blackrock,1657,demonhunter,havoc,102,59,43
1614,Nyalaah,eredar,1657,demonhunter,havoc,42,23,19
1615,Кейтпрнстарс,howling-fjord,1657,demonhunter,havoc,100,53,47
1616,Netherim,twisting-nether,1657,demonhunter,havoc,92,38,54
1617,Dpsspec,draenor,1657,demonhunter,havoc,48,19,29
1618,Sailen,blackmoore,1656,demonhunter,havoc,48,21,27
1619,Anubias,ravencrest,1654,demonhunter,havoc,60,25,35
1620,Thorair,ravenholdt,1653,demonhunter,havoc,60,31,29
1621,Felski,outland,1653,demonhunter,havoc,49,23,26
1622,Cheetòs,blackmoore,1651,demonhunter,havoc,30,20,10
1623,Xalgalor,silvermoon,1650,demonhunter,havoc,48,29,19
1624,Velysaría,guldan,1650,demonhunter,havoc,46,25,21
1625,Shabalda,dun-morogh,1647,demonhunter,havoc,52,26,26
1626,Gigasloth,outland,1646,demonhunter,havoc,30,23,7
1627,Lhya,tarren-mill,1645,demonhunter,havoc,60,32,28
1628,Aofaye,aegwynn,1645,demonhunter,havoc,77,29,48
1629,Rylqt,blackmoore,1644,demonhunter,havoc,67,33,34
1630,Èfiie,culte-de-la-rive-noire,1644,demonhunter,havoc,41,19,22
1631,Kâsúxôxô,ravencrest,1643,demonhunter,havoc,34,19,15
1632,Azaleia,archimonde,1642,demonhunter,havoc,142,74,68
1633,Cptncucumber,blackmoore,1642,demonhunter,havoc,78,39,39
1634,Felen,zuljin,1642,demonhunter,havoc,136,64,72
1635,Neunelfturbo,ravencrest,1641,demonhunter,havoc,24,21,3
1636,Sepdy,draenor,1639,demonhunter,havoc,86,46,40
1637,Boozlike,tarren-mill,1637,demonhunter,havoc,72,41,31
1638,Picpouc,archimonde,1637,demonhunter,havoc,54,24,30
1639,Rezer,stormscale,1637,demonhunter,havoc,66,29,37
1640,Batx,ravencrest,1636,demonhunter,havoc,48,20,28
1641,ßerdína,tarren-mill,1635,demonhunter,havoc,81,41,40
1642,Riptos,blackhand,1635,demonhunter,havoc,46,22,24
1643,Mazeeken,kazzak,1635,demonhunter,havoc,39,18,21
1644,Azraethx,ravencrest,1633,demonhunter,havoc,60,35,25
1645,Nisirae,argent-dawn,1633,demonhunter,havoc,129,74,55
1646,Shadowjambo,twisting-nether,1633,demonhunter,havoc,51,27,24
1647,Zahadius,silvermoon,1632,demonhunter,havoc,42,28,14
1648,Havocer,burning-legion,1631,demonhunter,havoc,72,40,32
1649,Temac,magtheridon,1630,demonhunter,havoc,42,22,20
1650,Molntuss,ravencrest,1629,demonhunter,havoc,80,36,44
1651,Reckqt,eredar,1628,demonhunter,havoc,30,17,13
1652,Юзлескласс,gordunni,1627,demonhunter,havoc,36,20,16
1653,Оригамушка,gordunni,1627,demonhunter,havoc,48,23,25
1654,Xenits,kazzak,1627,demonhunter,havoc,51,24,27
1655,Крикадский,howling-fjord,1626,demonhunter,havoc,90,54,36
1656,Xetalar,burning-legion,1626,demonhunter,havoc,144,84,60
1657,Despèradø,archimonde,1626,demonhunter,havoc,112,60,52
1658,Omegapump,ravencrest,1626,demonhunter,havoc,36,19,17
1659,Unkqt,dalaran,1625,demonhunter,havoc,36,20,16
1660,Jumboo,tarren-mill,1625,demonhunter,havoc,53,29,24
1661,Lindzor,frostmane,1624,demonhunter,havoc,47,32,15
1662,Quazr,outland,1624,demonhunter,havoc,193,110,83
1663,Drmanaburn,ravencrest,1624,demonhunter,havoc,30,17,13
1664,Dominik,the-maelstrom,1623,demonhunter,havoc,126,73,53
1665,Mentalìst,blackmoore,1623,demonhunter,havoc,69,38,31
1666,Koomaliha,outland,1623,demonhunter,havoc,85,42,43
1667,Edh,dalaran,1623,demonhunter,havoc,59,29,30
1668,Demobob,tarren-mill,1623,demonhunter,havoc,42,20,22
1669,Rabæ,blackhand,1622,demonhunter,havoc,48,23,25
1670,Shtahuntna,tarren-mill,1618,demonhunter,havoc,156,90,66
1671,Пибзянка,howling-fjord,1616,demonhunter,havoc,36,20,16
1672,Ботология,gordunni,1616,demonhunter,havoc,78,37,41
1673,Mønkeyx,kazzak,1614,demonhunter,havoc,24,17,7
1674,Фэсс,soulflayer,1613,demonhunter,havoc,65,35,30
1675,Rxor,eredar,1612,demonhunter,havoc,90,43,47
1676,Thedudex,dunemaul,1612,demonhunter,havoc,44,21,23
1677,Lilfly,twisting-nether,1611,demonhunter,havoc,30,17,13
1678,Демонблэйдс,gordunni,1610,demonhunter,havoc,30,17,13
1679,Gündüzgezen,silvermoon,1610,demonhunter,havoc,59,30,29
1680,Ted,frostwolf,1610,demonhunter,havoc,36,17,19
1681,Destinado,aggra-português,1609,demonhunter,havoc,42,24,18
1682,Дайкиаомине,soulflayer,1609,demonhunter,havoc,36,19,17
1683,Przemson,mazrigos,1607,demonhunter,havoc,42,22,20
1684,Râindra,twisting-nether,1607,demonhunter,havoc,168,87,81
1685,Øctågøñ,blackrock,1607,demonhunter,havoc,92,46,46
1686,Майкелелекек,gordunni,1606,demonhunter,havoc,36,17,19
1687,Glayvie,kazzak,1606,demonhunter,havoc,51,23,28
1688,Ifeeldirty,draenor,1605,demonhunter,havoc,37,20,17
1689,Èstefany,stormscale,1604,demonhunter,havoc,90,49,41
1690,Zevsa,ravencrest,1604,demonhunter,havoc,48,25,23
1691,Zayláh,ravencrest,1604,demonhunter,havoc,87,42,45
1692,Nixzon,thrall,1604,demonhunter,havoc,78,31,47
1693,Trashclass,draenor,1603,demonhunter,havoc,34,18,16
1694,Уполномочен,howling-fjord,1602,demonhunter,havoc,36,20,16
1695,Neverdance,ravencrest,1602,demonhunter,havoc,42,19,23
1696,Zoyle,blackrock,1602,demonhunter,havoc,54,22,32
1697,Nillrogthedh,stormscale,1600,demonhunter,havoc,120,73,47
1698,Jórúnn,twisting-nether,1600,demonhunter,havoc,36,18,18
1699,Ícéìnmývèins,stormscale,1600,demonhunter,havoc,45,20,25
1700,Великаямыша,blackscar,1598,demonhunter,havoc,44,26,18
1701,Gïzmó,tarren-mill,1598,demonhunter,havoc,42,21,21
1702,Speedførce,antonidas,1598,demonhunter,havoc,84,36,48
1703,Kins,dun-modr,1598,demonhunter,havoc,48,19,29
1704,Рейз,howling-fjord,1597,demonhunter,havoc,138,67,71
1705,Illidarisi,auchindoun,1597,demonhunter,havoc,66,32,34
1706,Сосочков,soulflayer,1597,demonhunter,havoc,130,62,68
1707,Deehâ,eredar,1596,demonhunter,havoc,30,17,13
1708,Zamassu,kazzak,1596,demonhunter,havoc,42,21,21
1709,Fellespont,hellscream,1594,demonhunter,havoc,60,27,33
1710,Wyna,aggra-português,1593,demonhunter,havoc,89,39,50
1711,Sebyk,doomhammer,1591,demonhunter,havoc,54,32,22
1712,Akkita,ravencrest,1590,demonhunter,havoc,120,63,57
1713,Hellwynne,archimonde,1587,demonhunter,havoc,23,19,4
1714,Lghdtv,ravencrest,1587,demonhunter,havoc,78,40,38
1715,Evil,uldum,1584,demonhunter,havoc,125,65,60
1716,Camtoe,ravencrest,1583,demonhunter,havoc,131,70,61
1717,Трукейт,gordunni,1582,demonhunter,havoc,56,33,23
1718,Wojtall,silvermoon,1581,demonhunter,havoc,176,89,87
1719,Ethína,kazzak,1577,demonhunter,havoc,42,19,23
1720,Ignasei,archimonde,1576,demonhunter,havoc,59,25,34
1721,Геммула,howling-fjord,1575,demonhunter,havoc,144,70,74
1722,Shylaría,blackhand,1573,demonhunter,havoc,42,20,22
1723,Eréthrus,ravencrest,1572,demonhunter,havoc,36,18,18
1724,Zitx,ravencrest,1568,demonhunter,havoc,102,56,46
1725,Dhqoo,blackrock,1565,demonhunter,havoc,42,18,24
1726,Zireáel,stormscale,1562,demonhunter,havoc,32,18,14
1727,Tamtheone,silvermoon,1562,demonhunter,havoc,90,46,44
1728,Imsickleavme,draenor,1557,demonhunter,havoc,76,39,37
1729,Valarauk,ravencrest,1556,demonhunter,havoc,145,84,61
1730,Incanator,tarren-mill,1556,demonhunter,havoc,60,30,30
1731,Zintu,draenor,1554,demonhunter,havoc,108,53,55
1732,Thkingragnar,sanguino,1553,demonhunter,havoc,36,23,13
1733,Dhzor,twisting-nether,1552,demonhunter,havoc,64,32,32
1734,Luunz,argent-dawn,1552,demonhunter,havoc,54,19,35
1735,Razrsolo,tarren-mill,1550,demonhunter,havoc,35,19,16
1736,Cynmatic,kargath,1549,demonhunter,havoc,36,19,17
1737,Safedaddy,silvermoon,1548,demonhunter,havoc,33,18,15
1738,Lòsâng,sanguino,1546,demonhunter,havoc,56,22,34
1739,Sweetpety,tarren-mill,1544,demonhunter,havoc,82,43,39
1740,Malakbel,nemesis,1544,demonhunter,havoc,157,81,76
1741,Däshgødx,stormscale,1543,demonhunter,havoc,54,31,23
1742,Telarris,twisting-nether,1542,demonhunter,havoc,195,110,85
1743,Pibzya,ravencrest,1542,demonhunter,havoc,39,19,20
1744,Testôdh,blackrock,1542,demonhunter,havoc,48,17,31
1745,Xenca,ravencrest,1540,demonhunter,havoc,71,42,29
1746,Чанпэн,soulflayer,1539,demonhunter,havoc,128,68,60
1747,Ноубрейндыха,gordunni,1539,demonhunter,havoc,100,51,49
1748,Winxclub,ravencrest,1536,demonhunter,havoc,77,44,33
1749,Roaf,twisting-nether,1536,demonhunter,havoc,99,48,51
1750,Турбосвинья,gordunni,1535,demonhunter,havoc,108,54,54
1751,Ambudh,kazzak,1533,demonhunter,havoc,30,16,14
1752,Глефавочко,gordunni,1533,demonhunter,havoc,36,16,20
1753,Exact,throkferoth,1532,demonhunter,havoc,29,17,12
1754,Schejtan,blackmoore,1530,demonhunter,havoc,36,22,14
1755,Цезарий,gordunni,1530,demonhunter,havoc,138,70,68
1756,Akaria,blackrock,1529,demonhunter,havoc,70,46,24
1757,Мишаметапамп,grom,1529,demonhunter,havoc,30,16,14
1758,Sidekiq,silvermoon,1529,demonhunter,havoc,46,24,22
1759,Oniramqt,aegwynn,1528,demonhunter,havoc,36,16,20
1760,Ардатйякши,borean-tundra,1527,demonhunter,havoc,56,20,36
1761,Alcóhon,ravencrest,1526,demonhunter,havoc,35,17,18
1762,Crappyftw,ravencrest,1524,demonhunter,havoc,239,124,115
1763,Glímpse,ravencrest,1524,demonhunter,havoc,66,32,34
1764,Garoteromani,draenor,1523,demonhunter,havoc,72,41,31
1765,Snitchezz,blackmoore,1523,demonhunter,havoc,102,55,47
1766,Yeedhlol,blackmoore,1523,demonhunter,havoc,30,16,14
1767,Азелира,gordunni,1523,demonhunter,havoc,66,35,31
1768,Dânÿ,elune,1522,demonhunter,havoc,30,16,14
1769,Sekørm,ragnaros,1522,demonhunter,havoc,30,16,14
1770,Ranzerg,tarren-mill,1519,demonhunter,havoc,24,17,7
1771,Bestro,tarren-mill,1519,demonhunter,havoc,30,16,14
1772,Shylea,ravencrest,1519,demonhunter,havoc,108,56,52
1773,Shadoss,ravencrest,1519,demonhunter,havoc,60,28,32
1774,Guccibaby,silvermoon,1517,demonhunter,havoc,54,27,27
1775,Ydrael,terokkar,1517,demonhunter,havoc,42,21,21
1776,Jesana,argent-dawn,1515,demonhunter,havoc,120,64,56
1777,Ferihokurva,outland,1515,demonhunter,havoc,30,16,14
1778,Méruème,hyjal,1515,demonhunter,havoc,37,19,18
1779,Azzïnoth,sargeras,1515,demonhunter,havoc,36,17,19
1780,Mephîsto,sylvanas,1514,demonhunter,havoc,78,41,37
1781,Мужичок,soulflayer,1514,demonhunter,havoc,119,62,57
1782,Fullsënd,ragnaros,1514,demonhunter,havoc,110,49,61
1783,Alithy,kazzak,1513,demonhunter,havoc,120,70,50
1784,Vênedri,eredar,1511,demonhunter,havoc,45,26,19
1785,Emerelle,die-aldor,1511,demonhunter,havoc,96,46,50
1786,Slaanaesh,kazzak,1511,demonhunter,havoc,45,17,28
1787,Draxie,turalyon,1509,demonhunter,havoc,28,17,11
1788,Blacklidan,blackrock,1509,demonhunter,havoc,40,17,23
1789,Faytundh,kult-der-verdammten,1508,demonhunter,havoc,36,16,20
1790,Mâlefiz,blackmoore,1507,demonhunter,havoc,48,22,26
1791,Khray,archimonde,1506,demonhunter,havoc,30,16,14
1792,Solarae,silvermoon,1506,demonhunter,havoc,52,27,25
1793,Theaisbae,twisting-nether,1504,demonhunter,havoc,48,22,26
1794,Crylater,twisting-nether,1502,demonhunter,havoc,24,16,8
1795,Geashy,blackmoore,1501,demonhunter,havoc,48,29,19
1796,Цэрри,soulflayer,1501,demonhunter,havoc,60,30,30
1797,Thehûnt,outland,1500,demonhunter,havoc,83,47,36
1798,Íllìðåñgøðx,antonidas,1500,demonhunter,havoc,118,57,61
1799,Bippsy,zuljin,1499,demonhunter,havoc,44,28,16
1800,Nuitrayer,hyjal,1497,demonhunter,havoc,50,33,17
1801,Этмер,soulflayer,1497,demonhunter,havoc,36,19,17
1802,Hauntedseoul,grim-batol,1496,demonhunter,havoc,90,54,36
1803,Dinastye,archimonde,1491,demonhunter,havoc,73,37,36
1804,Øbsessiøn,kazzak,1490,demonhunter,havoc,89,46,43
1805,Iphanaa,frostmane,1489,demonhunter,havoc,49,23,26
1806,Échô,tarren-mill,1489,demonhunter,havoc,40,18,22
1807,Brisingamen,outland,1488,demonhunter,havoc,48,25,23
1808,Métakagoule,ysondre,1488,demonhunter,havoc,87,43,44
1809,Kolrex,ragnaros,1488,demonhunter,havoc,53,26,27
1810,Ziltush,archimonde,1487,demonhunter,havoc,137,69,68
1811,Покахонта,soulflayer,1484,demonhunter,havoc,100,54,46
1812,Pvpabuser,ravencrest,1483,demonhunter,havoc,47,27,20
1813,Kïng,frostmane,1482,demonhunter,havoc,24,17,7
1814,Oonn,outland,1482,demonhunter,havoc,45,21,24
1815,Сложныйдх,howling-fjord,1480,demonhunter,havoc,30,19,11
1816,Misli,stormscale,1480,demonhunter,havoc,54,29,25
1817,Tenawees,blackmoore,1478,demonhunter,havoc,48,27,21
1818,Oggidanbuu,tarren-mill,1478,demonhunter,havoc,49,22,27
1819,Баттлрэп,soulflayer,1473,demonhunter,havoc,74,36,38
1820,Vorbis,twisting-nether,1472,demonhunter,havoc,42,17,25
1821,Treehunter,ravencrest,1470,demonhunter,havoc,30,16,14
1822,Myztiko,hellscream,1470,demonhunter,havoc,140,72,68
1823,Kayzel,argent-dawn,1468,demonhunter,havoc,138,66,72
1824,Jco,kazzak,1466,demonhunter,havoc,32,16,16
1825,Frevee,outland,1464,demonhunter,havoc,113,63,50
1826,Убийца,soulflayer,1463,demonhunter,havoc,53,29,24
1827,Рэгес,howling-fjord,1463,demonhunter,havoc,30,16,14
1828,Darrkdemon,kazzak,1460,demonhunter,havoc,189,92,97
1829,Actuallytrol,argent-dawn,1457,demonhunter,havoc,59,27,32
1830,Фумиан,soulflayer,1457,demonhunter,havoc,64,28,36
1831,Împd,ravencrest,1456,demonhunter,havoc,90,43,47
1832,Sakumi,azshara,1456,demonhunter,havoc,122,54,68
1833,Monkeypox,twisting-nether,1454,demonhunter,havoc,64,31,33
1834,Cantseêyou,blackmoore,1453,demonhunter,havoc,54,29,25
1835,Demøniac,ravencrest,1453,demonhunter,havoc,62,33,29
1836,Мужна,grom,1452,demonhunter,havoc,34,19,15
1837,Enthia,antonidas,1452,demonhunter,havoc,65,32,33
1838,Duffin,doomhammer,1451,demonhunter,havoc,120,57,63
1839,Arnokia,kazzak,1451,demonhunter,havoc,90,42,48
1840,Ülquiorrä,kazzak,1450,demonhunter,havoc,53,34,19
1841,Аянамирейко,blackscar,1450,demonhunter,havoc,60,36,24
1842,Dyamo,sylvanas,1450,demonhunter,havoc,300,146,154
1843,Кирсена,gordunni,1450,demonhunter,havoc,35,17,18
1844,Adapterinput,auchindoun,1447,demonhunter,havoc,86,49,37
1845,Dibo,blackmoore,1446,demonhunter,havoc,71,34,37
1846,Azmodían,silvermoon,1446,demonhunter,havoc,41,17,24
1847,Knùbbz,ravencrest,1444,demonhunter,havoc,63,29,34
1848,Lasaka,stormscale,1442,demonhunter,havoc,48,28,20
1849,Дашажмимету,blackscar,1439,demonhunter,havoc,32,16,16
1850,Chotzbrocke,blackhand,1438,demonhunter,havoc,24,15,9
1851,Ziplar,tarren-mill,1437,demonhunter,havoc,48,26,22
1852,Blizdliksk,outland,1437,demonhunter,havoc,42,22,20
1853,Onlyfangodx,antonidas,1436,demonhunter,havoc,30,15,15
1854,Sturmimon,arthas,1436,demonhunter,havoc,36,15,21
1855,Erzàuwu,silvermoon,1435,demonhunter,havoc,36,15,21
1856,Shõ,twisting-nether,1433,demonhunter,havoc,42,15,27
1857,Easywaay,kazzak,1432,demonhunter,havoc,36,21,15
1858,Flaybalbooll,ragnaros,1432,demonhunter,havoc,132,69,63
1859,Nvampire,draenor,1429,demonhunter,havoc,24,17,7
1860,Afuwarrior,doomhammer,1425,demonhunter,havoc,57,31,26
1861,Broglaive,sylvanas,1423,demonhunter,havoc,30,15,15
1862,Culywurly,silvermoon,1423,demonhunter,havoc,60,28,32
1863,Enhtailo,draenor,1421,demonhunter,havoc,24,15,9
1864,Ilidrax,hyjal,1421,demonhunter,havoc,30,15,15
1865,Tayo,dun-modr,1421,demonhunter,havoc,71,35,36
1866,Cheethless,ragnaros,1420,demonhunter,havoc,48,26,22
1867,Olddemon,ravencrest,1419,demonhunter,havoc,53,35,18
1868,Doomcake,emeriss,1419,demonhunter,havoc,24,15,9
1869,Иллиферрат,blackscar,1419,demonhunter,havoc,104,53,51
1870,Zumei,stormreaver,1419,demonhunter,havoc,38,19,19
1871,Эллий,blackscar,1419,demonhunter,havoc,36,15,21
1872,Toddsnuggles,thrall,1414,demonhunter,havoc,36,23,13
1873,Venatica,twisting-nether,1412,demonhunter,havoc,30,17,13
1874,Illiada,spinebreaker,1411,demonhunter,havoc,30,15,15
1875,Baball,kazzak,1410,demonhunter,havoc,57,31,26
1876,Ibeem,dentarg,1408,demonhunter,havoc,45,31,14
1877,Alury,blackrock,1407,demonhunter,havoc,36,20,16
1878,Бельторо,soulflayer,1407,demonhunter,havoc,69,33,36
1879,Blîndmaster,ravencrest,1407,demonhunter,havoc,82,39,43
1880,Balsza,burning-legion,1406,demonhunter,havoc,30,17,13
1881,Luzifer,ambossar,1406,demonhunter,havoc,147,77,70
1882,Kanéki,sylvanas,1405,demonhunter,havoc,29,22,7
1883,Tkr,zuljin,1404,demonhunter,havoc,96,51,45
1884,Choclatballs,stormscale,1404,demonhunter,havoc,125,59,66
1885,Garretos,senjin,1403,demonhunter,havoc,31,22,9
1886,Felcaller,sylvanas,1403,demonhunter,havoc,54,28,26
1887,Vaynahi,grim-batol,1401,demonhunter,havoc,72,36,36
1888,Даблкорк,soulflayer,1400,demonhunter,havoc,107,63,44
1889,Albunico,draenor,1400,demonhunter,havoc,141,73,68
1890,Mareen,pozzo-delleternità,1400,demonhunter,havoc,42,21,21
1891,Деструкцыя,howling-fjord,1399,demonhunter,havoc,45,24,21
1892,Razziyel,ragnaros,1396,demonhunter,havoc,41,21,20
1893,Дартарин,gordunni,1395,demonhunter,havoc,62,34,28
1894,Aååááååââåâå,arygos,1394,demonhunter,havoc,24,15,9
1895,Immune,aegwynn,1394,demonhunter,havoc,36,17,19
1896,Келадор,soulflayer,1393,demonhunter,havoc,48,20,28
1897,Тарапынька,gordunni,1392,demonhunter,havoc,88,51,37
1898,Beerseewälk,ragnaros,1392,demonhunter,havoc,64,30,34
1899,Läderjoel,ravencrest,1392,demonhunter,havoc,35,16,19
1900,Brunhity,twisting-nether,1390,demonhunter,havoc,29,15,14
1901,Yugsiturath,drakthul,1390,demonhunter,havoc,48,22,26
1902,Adraelia,archimonde,1389,demonhunter,havoc,39,24,15
1903,Thugrøse,blackrock,1389,demonhunter,havoc,126,63,63
1904,Skyborn,tarren-mill,1386,demonhunter,havoc,27,16,11
1905,Trinchensdh,blackhand,1386,demonhunter,havoc,42,18,24
1906,Hatemrankone,outland,1383,demonhunter,havoc,51,23,28
1907,Cptxo,tarren-mill,1382,demonhunter,havoc,35,16,19
1908,Imlegalblind,ragnaros,1378,demonhunter,havoc,73,31,42
1909,Keanujeeves,dentarg,1376,demonhunter,havoc,60,33,27
1910,Daemonai,neptulon,1376,demonhunter,havoc,66,35,31
1911,Itheos,kazzak,1374,demonhunter,havoc,119,59,60
1912,Adalya,stormrage,1373,demonhunter,havoc,82,35,47
1913,Persio,sanguino,1372,demonhunter,havoc,42,18,24
1914,Pówèr,ravencrest,1371,demonhunter,havoc,54,29,25
1915,Anstict,kazzak,1371,demonhunter,havoc,48,22,26
1916,Шмальнуть,gordunni,1371,demonhunter,havoc,44,18,26
1917,Súrinox,blackrock,1367,demonhunter,havoc,83,48,35
1918,Seyran,silvermoon,1367,demonhunter,havoc,30,15,15
1919,Iaml,ravencrest,1366,demonhunter,havoc,49,24,25
1920,Poutanaola,twisting-nether,1365,demonhunter,havoc,30,15,15
1921,Destructs,sylvanas,1364,demonhunter,havoc,37,20,17
1922,Varedisa,kazzak,1363,demonhunter,havoc,47,22,25
1923,Nezruslfive,dun-modr,1361,demonhunter,havoc,36,18,18
1924,Phudi,tarren-mill,1361,demonhunter,havoc,83,36,47
1925,Gonextbg,tarren-mill,1361,demonhunter,havoc,42,18,24
1926,Khalestya,shendralar,1360,demonhunter,havoc,72,33,39
1927,Stellarvore,nemesis,1358,demonhunter,havoc,90,39,51
1928,Остроухйй,blackscar,1358,demonhunter,havoc,36,15,21
1929,Wrakdh,archimonde,1355,demonhunter,havoc,56,34,22
1930,Zakaji,blackmoore,1353,demonhunter,havoc,32,15,17
1931,Агрочика,borean-tundra,1349,demonhunter,havoc,36,16,20
1932,Thalamis,kazzak,1345,demonhunter,havoc,75,33,42
1933,Ларэгар,azuregos,1343,demonhunter,havoc,70,28,42
1934,Dantert,zuljin,1342,demonhunter,havoc,24,14,10
1935,Illídana,azjolnerub,1340,demonhunter,havoc,62,32,30
1936,Древиал,gordunni,1340,demonhunter,havoc,38,18,20
1937,Rehagen,ysondre,1339,demonhunter,havoc,36,14,22
1938,Hawoc,chamber-of-aspects,1334,demonhunter,havoc,42,26,16
1939,Kanabiz,outland,1334,demonhunter,havoc,90,42,48
1940,Soca,ysondre,1334,demonhunter,havoc,60,27,33
1941,Sadzari,burning-legion,1333,demonhunter,havoc,24,14,10
1942,Tylleröwittu,grim-batol,1333,demonhunter,havoc,24,14,10
1943,Orochimaruu,kargath,1332,demonhunter,havoc,63,22,41
1944,Irenzy,twisting-nether,1331,demonhunter,havoc,30,14,16
1945,Notcrashy,eredar,1329,demonhunter,havoc,35,22,13
1946,Checakore,argent-dawn,1329,demonhunter,havoc,66,34,32
1947,Ðraudræm,ravencrest,1329,demonhunter,havoc,83,39,44
1948,Kiirtach,dun-modr,1326,demonhunter,havoc,21,15,6
1949,Louloulou,aegwynn,1326,demonhunter,havoc,93,52,41
1950,Wintalker,nemesis,1324,demonhunter,havoc,30,14,16
1951,Егордемон,soulflayer,1323,demonhunter,havoc,46,25,21
1952,Lozakum,draenor,1323,demonhunter,havoc,60,30,30
1953,Felleaf,ragnaros,1322,demonhunter,havoc,46,18,28
1954,Геннитиро,deathguard,1321,demonhunter,havoc,24,14,10
1955,Kâtsulol,ysondre,1321,demonhunter,havoc,30,14,16
1956,Tharysan,sanguino,1320,demonhunter,havoc,48,31,17
1957,Flowen,stormreaver,1320,demonhunter,havoc,48,21,27
1958,Error,ravencrest,1319,demonhunter,havoc,30,14,16
1959,Fruttidimare,frostwolf,1317,demonhunter,havoc,57,26,31
1960,Yvrig,eredar,1313,demonhunter,havoc,24,14,10
1961,Obey,exodar,1312,demonhunter,havoc,47,22,25
1962,Délyria,blackhand,1311,demonhunter,havoc,54,32,22
1963,Jayhan,chamber-of-aspects,1311,demonhunter,havoc,68,37,31
1964,Obitum,burning-legion,1311,demonhunter,havoc,77,40,37
1965,Bestdemon,tarren-mill,1311,demonhunter,havoc,39,20,19
1966,Icelucard,argent-dawn,1309,demonhunter,havoc,65,31,34
1967,Кельдарк,soulflayer,1309,demonhunter,havoc,106,44,62
1968,Мицлейн,gordunni,1309,demonhunter,havoc,57,21,36
1969,Demonk,nemesis,1308,demonhunter,havoc,31,19,12
1970,Sinninse,blackmoore,1308,demonhunter,havoc,30,18,12
1971,Lilydrop,varimathras,1308,demonhunter,havoc,33,15,18
1972,Slowcuzclick,stormscale,1307,demonhunter,havoc,85,44,41
1973,Luckertwo,tarren-mill,1307,demonhunter,havoc,109,55,54
1974,Экселия,howling-fjord,1306,demonhunter,havoc,24,14,10
1975,Кейсимег,soulflayer,1306,demonhunter,havoc,32,15,17
1976,Yäkku,drakthul,1306,demonhunter,havoc,36,14,22
1977,Breezzdh,twisting-nether,1305,demonhunter,havoc,29,14,15
1978,Lexim,khaz-modan,1303,demonhunter,havoc,66,36,30
1979,Каралас,soulflayer,1301,demonhunter,havoc,36,21,15
1980,Kamaz,twisting-nether,1301,demonhunter,havoc,29,15,14
1981,Chapzi,ragnaros,1300,demonhunter,havoc,42,23,19
1982,Thëos,argent-dawn,1300,demonhunter,havoc,78,39,39
1983,Demonsqueezy,nemesis,1299,demonhunter,havoc,28,16,12
1984,Philona,die-aldor,1296,demonhunter,havoc,99,49,50
1985,Morskivuk,draenor,1294,demonhunter,havoc,20,15,5
1986,Дисофи,soulflayer,1294,demonhunter,havoc,59,26,33
1987,Ayö,draenor,1293,demonhunter,havoc,39,19,20
1988,Сумърак,grom,1292,demonhunter,havoc,61,27,34
1989,Coltender,drakthul,1290,demonhunter,havoc,61,28,33
1990,Gurvan,kazzak,1289,demonhunter,havoc,60,30,30
1991,Kaizzy,twisting-nether,1288,demonhunter,havoc,102,54,48
1992,Bläckdëvïl,uldum,1285,demonhunter,havoc,40,25,15
1993,Momochi,silvermoon,1285,demonhunter,havoc,24,14,10
1994,Сильверган,soulflayer,1284,demonhunter,havoc,120,62,58
1995,Hellboii,kilrogg,1282,demonhunter,havoc,57,37,20
1996,Billidan,eredar,1282,demonhunter,havoc,54,25,29
1997,Ozeey,draenor,1280,demonhunter,havoc,29,14,15
1998,Symbul,blackrock,1279,demonhunter,havoc,42,19,23
1999,Полетела,gordunni,1278,demonhunter,havoc,30,15,15
2000,Nasghul,drakthul,1278,demonhunter,havoc,36,15,21
2001,Pleskdh,malganis,1272,demonhunter,havoc,48,20,28
2002,Даргсайд,gordunni,1269,demonhunter,havoc,36,16,20
2003,Sabe,ravencrest,1267,demonhunter,havoc,23,14,9
2004,Juha,bronze-dragonflight,1267,demonhunter,havoc,43,26,17
2005,Ämi,blackmoore,1267,demonhunter,havoc,76,31,45
2006,Mèlfurion,hyjal,1261,demonhunter,havoc,73,34,39
2007,Schahmiran,kargath,1252,demonhunter,havoc,30,14,16
2008,Nanocsika,twisting-nether,1251,demonhunter,havoc,125,62,63
2009,Jahannam,ysondre,1251,demonhunter,havoc,66,31,35
2010,Demonronin,the-maelstrom,1250,demonhunter,havoc,56,31,25
2011,Дикаяособа,howling-fjord,1248,demonhunter,havoc,27,14,13
2012,Norac,silvermoon,1248,demonhunter,havoc,41,16,25
2013,Illidrax,outland,1245,demonhunter,havoc,36,13,23
2014,Kimberleh,doomhammer,1243,demonhunter,havoc,24,13,11
2015,Thorno,argent-dawn,1243,demonhunter,havoc,36,13,23
2016,Tdh,sanguino,1242,demonhunter,havoc,24,13,11
2017,Itàchì,kazzak,1240,demonhunter,havoc,18,13,5
2018,Felbannedguy,twisting-nether,1240,demonhunter,havoc,24,13,11
2019,Onecho,ragnaros,1239,demonhunter,havoc,24,13,11
2020,Коньх,goldrinn,1238,demonhunter,havoc,65,27,38
2021,Netrisha,ravencrest,1236,demonhunter,havoc,36,13,23
2022,Хингарский,deathguard,1234,demonhunter,havoc,24,13,11
2023,Bøøgý,silvermoon,1234,demonhunter,havoc,42,19,23
2024,Schonevrouw,aszune,1233,demonhunter,havoc,42,25,17
2025,Titanslayyer,azjolnerub,1233,demonhunter,havoc,30,13,17
2026,Ragnirok,deathwing,1232,demonhunter,havoc,120,54,66
2027,Djaris,ghostlands,1228,demonhunter,havoc,18,13,5
2028,Даудаев,gordunni,1225,demonhunter,havoc,36,19,17
2029,Sindweller,arathi,1225,demonhunter,havoc,36,14,22
2030,Hirbs,silvermoon,1222,demonhunter,havoc,61,25,36
2031,Ashrena,ysondre,1218,demonhunter,havoc,18,13,5
2032,Нксин,howling-fjord,1218,demonhunter,havoc,30,14,16
2033,Lùcîfer,hellfire,1215,demonhunter,havoc,60,28,32
2034,Betråyêr,draenor,1213,demonhunter,havoc,38,15,23
2035,Féileacán,kazzak,1212,demonhunter,havoc,30,13,17
2036,Kladius,skullcrusher,1210,demonhunter,havoc,27,15,12
2037,Thegamesucks,ravencrest,1209,demonhunter,havoc,192,93,99
2038,Ìllídán,ravencrest,1208,demonhunter,havoc,56,29,27
2039,Тонниданза,howling-fjord,1208,demonhunter,havoc,30,14,16
2040,Bessus,aggra-português,1207,demonhunter,havoc,48,24,24
2041,Davidastt,drakthul,1207,demonhunter,havoc,35,13,22
2042,Бропинг,soulflayer,1206,demonhunter,havoc,18,13,5
2043,Maltok,ysondre,1206,demonhunter,havoc,43,21,22
2044,Isila,alakir,1202,demonhunter,havoc,89,33,56
2045,Ikari,neptulon,1200,demonhunter,havoc,23,13,10
2046,Embruixada,sanguino,1197,demonhunter,havoc,32,19,13
2047,Bicskas,ragnaros,1197,demonhunter,havoc,38,15,23
2048,Vozol,stormscale,1195,demonhunter,havoc,30,20,10
2049,Munja,hyjal,1195,demonhunter,havoc,176,91,85
2050,Hellarious,ragnaros,1195,demonhunter,havoc,72,30,42
2051,Giace,drakthul,1195,demonhunter,havoc,36,14,22
2052,Aûrelian,kragjin,1189,demonhunter,havoc,33,15,18
2053,Claere,blackhand,1184,demonhunter,havoc,87,45,42
2054,Люцифэйль,gordunni,1184,demonhunter,havoc,32,15,17
2055,Sua,outland,1184,demonhunter,havoc,54,25,29
2056,Demonligos,draenor,1183,demonhunter,havoc,72,36,36
2057,Konydh,outland,1182,demonhunter,havoc,17,13,4
2058,Trekxx,ragnaros,1180,demonhunter,havoc,30,13,17
2059,Fikyx,draenor,1177,demonhunter,havoc,32,14,18
2060,Эндимэн,soulflayer,1172,demonhunter,havoc,44,24,20
2061,Самфор,soulflayer,1172,demonhunter,havoc,84,41,43
2062,Scarebearz,outland,1171,demonhunter,havoc,54,31,23
2063,Änyä,ravencrest,1171,demonhunter,havoc,28,13,15
2064,Kiriall,blackmoore,1166,demonhunter,havoc,78,36,42
2065,Oxydh,ravencrest,1165,demonhunter,havoc,28,13,15
2066,Дитяхаоса,howling-fjord,1165,demonhunter,havoc,42,15,27
2067,Dämokröte,ambossar,1164,demonhunter,havoc,24,14,10
2068,Lagordin,aggramar,1161,demonhunter,havoc,18,14,4
2069,Athoribos,silvermoon,1160,demonhunter,havoc,60,32,28
2070,Yuka,earthen-ring,1157,demonhunter,havoc,36,18,18
2071,Wréckful,ravencrest,1155,demonhunter,havoc,48,17,31
2072,Danedemlia,magtheridon,1154,demonhunter,havoc,43,18,25
2073,Itsukix,stormscale,1153,demonhunter,havoc,36,21,15
2074,Аоешный,howling-fjord,1152,demonhunter,havoc,24,12,12
2075,Brainlessdmg,ragnaros,1151,demonhunter,havoc,18,12,6
2076,Hagana,tirion,1151,demonhunter,havoc,24,12,12
2077,Ûro,dun-modr,1151,demonhunter,havoc,30,12,18
2078,Chïbrøne,archimonde,1151,demonhunter,havoc,36,12,24
2079,Onlyw,ravencrest,1150,demonhunter,havoc,17,13,4
2080,Azzinoth,outland,1150,demonhunter,havoc,57,20,37
2081,Kerog,blackmoore,1149,demonhunter,havoc,18,12,6
2082,Seleverkauft,antonidas,1149,demonhunter,havoc,18,12,6
2083,Bigboychaos,twisting-nether,1149,demonhunter,havoc,36,19,17
2084,Schøck,blackhand,1148,demonhunter,havoc,18,12,6
2085,Blisdon,argent-dawn,1148,demonhunter,havoc,30,16,14
2086,Brodor,alakir,1148,demonhunter,havoc,24,12,12
2087,Sturmovik,ravencrest,1147,demonhunter,havoc,18,12,6
2088,Åelita,burning-legion,1147,demonhunter,havoc,18,12,6
2089,Exceltor,sanguino,1147,demonhunter,havoc,36,12,24
2090,Øhka,outland,1146,demonhunter,havoc,36,12,24
2091,Øutsider,blackmoore,1145,demonhunter,havoc,66,27,39
2092,Satanmanna,twisting-nether,1145,demonhunter,havoc,30,12,18
2093,Джигурдинец,gordunni,1144,demonhunter,havoc,30,17,13
2094,Moonbeàm,kazzak,1144,demonhunter,havoc,24,12,12
2095,Téthis,uldaman,1143,demonhunter,havoc,78,34,44
2096,Anandria,blutkessel,1140,demonhunter,havoc,71,42,29
2097,Fotmfgt,eredar,1139,demonhunter,havoc,24,12,12
2098,Dreggath,doomhammer,1139,demonhunter,havoc,59,29,30
2099,Hornyhexy,stormscale,1139,demonhunter,havoc,30,12,18
2100,Gullveîg,archimonde,1136,demonhunter,havoc,24,12,12
2101,Тушино,lich-king,1135,demonhunter,havoc,18,12,6
2102,Mojois,ravenholdt,1131,demonhunter,havoc,69,37,32
2103,Эридали,gordunni,1130,demonhunter,havoc,24,12,12
2104,Pichkachu,sylvanas,1129,demonhunter,havoc,24,12,12
2105,Gurthalak,alakir,1129,demonhunter,havoc,35,14,21
2106,Бичерезх,soulflayer,1127,demonhunter,havoc,24,12,12
2107,Tursal,dun-morogh,1125,demonhunter,havoc,27,14,13
2108,Zyasea,blackmoore,1125,demonhunter,havoc,36,12,24
2109,Picotea,argent-dawn,1124,demonhunter,havoc,18,12,6
2110,Ávto,stormscale,1120,demonhunter,havoc,30,17,13
2111,Sarissa,dun-modr,1120,demonhunter,havoc,26,14,12
2112,Tokoloshë,ragnaros,1120,demonhunter,havoc,48,22,26
2113,Amatèrasú,kazzak,1119,demonhunter,havoc,23,12,11
2114,Mâdzylîa,archimonde,1118,demonhunter,havoc,23,12,11
2115,Sharhan,sylvanas,1118,demonhunter,havoc,42,16,26
2116,Шалдарон,howling-fjord,1112,demonhunter,havoc,22,12,10
2117,Youjosenki,magtheridon,1111,demonhunter,havoc,23,15,8
2118,Zulthealbino,tarren-mill,1110,demonhunter,havoc,20,13,7
2119,Shizá,burning-legion,1110,demonhunter,havoc,79,34,45
2120,Zengor,twilights-hammer,1109,demonhunter,havoc,28,14,14
2121,Мотек,howling-fjord,1109,demonhunter,havoc,120,57,63
2122,Typhoonxq,tarren-mill,1105,demonhunter,havoc,35,19,16
2123,Lögan,uldum,1103,demonhunter,havoc,30,14,16
2124,Айвэнгос,thermaplugg,1097,demonhunter,havoc,61,35,26
2125,Twistyy,drakthul,1097,demonhunter,havoc,72,41,31
2126,Allalina,draenor,1097,demonhunter,havoc,42,22,20
2127,Нохелет,deepholm,1094,demonhunter,havoc,109,58,51
2128,Аллилания,fordragon,1092,demonhunter,havoc,44,29,15
2129,Kebiz,ragnaros,1090,demonhunter,havoc,23,12,11
2130,Yousif,stormscale,1089,demonhunter,havoc,37,18,19
2131,Eranduur,draenor,1088,demonhunter,havoc,24,13,11
2132,Antrixa,ravencrest,1087,demonhunter,havoc,23,12,11
2133,Âkazza,archimonde,1086,demonhunter,havoc,26,12,14
2134,Tatsukiyuzu,hyjal,1085,demonhunter,havoc,30,22,8
2135,Venøøm,eldrethalas,1084,demonhunter,havoc,90,40,50
2136,Дэрзлорд,fordragon,1082,demonhunter,havoc,23,12,11
2137,Asmedios,twisting-nether,1080,demonhunter,havoc,172,82,90
2138,Stonebanker,turalyon,1079,demonhunter,havoc,23,14,9
2139,Koiskdh,tarren-mill,1071,demonhunter,havoc,22,13,9
2140,Dadicek,drakthul,1069,demonhunter,havoc,18,12,6
2141,Gabquist,argent-dawn,1063,demonhunter,havoc,47,25,22
2142,Dèathless,pozzo-delleternità,1062,demonhunter,havoc,31,13,18
2143,Makkivar,terenas,1060,demonhunter,havoc,36,15,21
2144,Happykx,draenor,1056,demonhunter,havoc,12,11,1
2145,Ayyo,agamaggan,1056,demonhunter,havoc,24,11,13
2146,Véin,stormscale,1056,demonhunter,havoc,30,11,19
2147,Rïmðh,haomarush,1055,demonhunter,havoc,18,11,7
2148,Dhlee,ravencrest,1055,demonhunter,havoc,18,11,7
2149,Håssan,ravencrest,1055,demonhunter,havoc,18,11,7
2150,Dedemøn,ysondre,1055,demonhunter,havoc,18,11,7
2151,Draqula,ravencrest,1055,demonhunter,havoc,24,11,13
2152,Jotaros,ravencrest,1055,demonhunter,havoc,30,11,19
2153,Skippydemon,nozdormu,1055,demonhunter,havoc,30,11,19
2154,Mooty,drekthar,1054,demonhunter,havoc,18,11,7
2155,Maøu,hyjal,1054,demonhunter,havoc,18,11,7
2156,Cappaowx,ravencrest,1054,demonhunter,havoc,18,11,7
2157,Përry,archimonde,1054,demonhunter,havoc,24,11,13
2158,Ultîma,hyjal,1054,demonhunter,havoc,30,11,19
2159,Cayssaelle,argent-dawn,1053,demonhunter,havoc,18,11,7
2160,Dragontwist,sylvanas,1053,demonhunter,havoc,24,11,13
2161,Darktérror,silvermoon,1053,demonhunter,havoc,30,11,19
2162,Никельдон,howling-fjord,1052,demonhunter,havoc,54,33,21
2163,Шавермье,gordunni,1052,demonhunter,havoc,36,11,25
2164,Demonbean,stormscale,1051,demonhunter,havoc,22,12,10
2165,Squan,blackmoore,1050,demonhunter,havoc,20,12,8
2166,Dhsheesh,draenor,1050,demonhunter,havoc,24,11,13
2167,Aphulucky,kazzak,1050,demonhunter,havoc,30,11,19
2168,Muharaar,ravencrest,1047,demonhunter,havoc,16,12,4
2169,Shadowkick,archimonde,1047,demonhunter,havoc,156,76,80
2170,Kainenn,silvermoon,1047,demonhunter,havoc,24,11,13
2171,Äzräël,dun-modr,1047,demonhunter,havoc,30,11,19
2172,Byakugaan,drakthul,1045,demonhunter,havoc,18,11,7
2173,Алькирена,howling-fjord,1045,demonhunter,havoc,24,11,13
2174,Noctilucent,executus,1044,demonhunter,havoc,78,42,36
2175,Metadel,outland,1043,demonhunter,havoc,127,66,61
2176,Ascanius,nemesis,1040,demonhunter,havoc,48,26,22
2177,Kaitlyyn,norgannon,1038,demonhunter,havoc,30,11,19
2178,Byah,kazzak,1037,demonhunter,havoc,85,37,48
2179,Aamonath,tarren-mill,1030,demonhunter,havoc,30,16,14
2180,Azazelkw,ragnaros,1026,demonhunter,havoc,48,23,25
2181,Zy,ahnqiraj,1023,demonhunter,havoc,17,11,6
2182,Cobayashi,der-mithrilorden,1023,demonhunter,havoc,38,21,17
2183,Увиден,eversong,1023,demonhunter,havoc,53,25,28
2184,Guanzho,silvermoon,1021,demonhunter,havoc,93,39,54
2185,Vio,jaedenar,1011,demonhunter,havoc,24,14,10
2186,Milkeyes,ravencrest,1011,demonhunter,havoc,66,32,34
2187,Demontripo,silvermoon,1005,demonhunter,havoc,81,43,38
2188,Флеркенкот,galakrond,1005,demonhunter,havoc,115,59,56
2189,Delfee,twisting-nether,1005,demonhunter,havoc,54,25,29
2190,Darkustos,blackrock,1001,demonhunter,havoc,20,12,8
2191,Viridisignis,silvermoon,995,demonhunter,havoc,42,19,23
2192,Гарнаш,howling-fjord,993,demonhunter,havoc,60,30,30
2193,Teoma,hyjal,993,demonhunter,havoc,108,52,56
2194,Hunterston,twisting-nether,992,demonhunter,havoc,68,38,30
2195,Níghtwing,wildhammer,986,demonhunter,havoc,23,11,12
2196,Straizo,malganis,984,demonhunter,havoc,26,11,15
2197,Ravier,baelgun,980,demonhunter,havoc,63,34,29
2198,Sintoraz,amanthul,975,demonhunter,havoc,36,21,15
2199,Demonhyan,chants-éternels,975,demonhunter,havoc,55,26,29
2200,Silan,kiljaeden,972,demonhunter,havoc,29,16,13
2201,Johncoffèy,ragnaros,960,demonhunter,havoc,12,10,2
2202,Дианист,gordunni,960,demonhunter,havoc,16,11,5
2203,Reckqqt,eredar,960,demonhunter,havoc,18,10,8
2204,Vaiprix,ragnaros,960,demonhunter,havoc,18,10,8
2205,Keýrañe,ragnaros,960,demonhunter,havoc,18,10,8
2206,Анхардх,gordunni,960,demonhunter,havoc,18,10,8
2207,Hawek,madmortem,960,demonhunter,havoc,46,24,22
2208,Krvckhead,hyjal,960,demonhunter,havoc,24,10,14
2209,Iíïììïiíïìïï,alakir,960,demonhunter,havoc,24,10,14
2210,Íamprepared,tarren-mill,960,demonhunter,havoc,30,10,20
2211,Fishmicksh,twisting-nether,959,demonhunter,havoc,12,10,2
2212,Nowhereturun,stormscale,959,demonhunter,havoc,12,10,2
2213,Anzz,kazzak,959,demonhunter,havoc,18,10,8
2214,Гранкрю,blackscar,959,demonhunter,havoc,18,10,8
2215,Катякрылышки,gordunni,959,demonhunter,havoc,18,10,8
2216,Lucianloco,dun-morogh,959,demonhunter,havoc,18,10,8
2217,Völkswagen,dun-modr,959,demonhunter,havoc,18,10,8
2218,Kéftëmé,ravencrest,959,demonhunter,havoc,18,10,8
2219,Márcin,burning-legion,959,demonhunter,havoc,18,10,8
2220,Yumhip,dun-modr,959,demonhunter,havoc,24,10,14
2221,Demonicat,twisting-nether,959,demonhunter,havoc,24,10,14
2222,Darnke,silvermoon,959,demonhunter,havoc,30,10,20
2223,Аитерия,gordunni,958,demonhunter,havoc,12,10,2
2224,Nekkëtsu,archimonde,958,demonhunter,havoc,18,10,8
2225,Zamp,deathwing,958,demonhunter,havoc,18,10,8
2226,Shivarræ,stormreaver,958,demonhunter,havoc,18,10,8
2227,Critlerman,blackmoore,957,demonhunter,havoc,16,11,5
2228,Vìdhar,tarren-mill,957,demonhunter,havoc,18,10,8
2229,Skarvy,bronze-dragonflight,957,demonhunter,havoc,18,10,8
2230,Aedilles,ravencrest,957,demonhunter,havoc,18,10,8
2231,Bobdh,twisting-nether,957,demonhunter,havoc,35,10,25
2232,Drilloz,ravencrest,956,demonhunter,havoc,18,10,8
2233,Такетомии,gordunni,956,demonhunter,havoc,24,10,14
2234,Morphiyy,tarren-mill,955,demonhunter,havoc,18,10,8
2235,Эльгастон,howling-fjord,954,demonhunter,havoc,30,11,19
2236,Argnils,tarren-mill,953,demonhunter,havoc,12,10,2
2237,Эфемерид,howling-fjord,953,demonhunter,havoc,18,10,8
2238,Шэдоуштормх,soulflayer,952,demonhunter,havoc,18,10,8
2239,Цейн,azuregos,952,demonhunter,havoc,39,15,24
2240,Jemoer,twisting-nether,951,demonhunter,havoc,20,13,7
2241,Flamme,amanthul,951,demonhunter,havoc,18,11,7
2242,Demogen,sylvanas,951,demonhunter,havoc,18,10,8
2243,Pijvijie,shattrath,951,demonhunter,havoc,30,10,20
2244,Иллидал,greymane,949,demonhunter,havoc,18,10,8
2245,Никкэс,gordunni,949,demonhunter,havoc,24,10,14
2246,Alandrisz,argent-dawn,949,demonhunter,havoc,30,10,20
2247,Mamazboy,lightnings-blade,946,demonhunter,havoc,18,10,8
2248,Demonpun,the-venture-co,946,demonhunter,havoc,22,11,11
2249,Hannipham,silvermoon,944,demonhunter,havoc,21,11,10
2250,Mcsmackface,hellfire,944,demonhunter,havoc,30,10,20
2251,Ejder,anubarak,943,demonhunter,havoc,36,13,23
2252,Sinthetyx,quelthalas,940,demonhunter,havoc,24,14,10
2253,Shishiro,alakir,937,demonhunter,havoc,24,10,14
2254,Nelairia,tarren-mill,931,demonhunter,havoc,18,10,8
2255,Rockymarcia,archimonde,930,demonhunter,havoc,18,11,7
2256,Zermut,culte-de-la-rive-noire,925,demonhunter,havoc,17,10,7
2257,Maßik,terokkar,922,demonhunter,havoc,21,11,10
2258,Огнод,gordunni,918,demonhunter,havoc,18,10,8
2259,Noire,zuljin,917,demonhunter,havoc,29,10,19
2260,Andij,frostwolf,913,demonhunter,havoc,29,11,18
2261,Taliaa,drakthul,911,demonhunter,havoc,21,10,11
2262,Lorcanmar,draenor,911,demonhunter,havoc,39,16,23
2263,Skylinex,dentarg,909,demonhunter,havoc,66,33,33
2264,Hicgidik,outland,905,demonhunter,havoc,24,11,13
2265,Nuriia,arthas,904,demonhunter,havoc,42,22,20
2266,Иланари,gordunni,903,demonhunter,havoc,17,10,7
2267,Demonzeus,sylvanas,902,demonhunter,havoc,26,11,15
2268,Kroepoeks,mazrigos,894,demonhunter,havoc,30,16,14
2269,Jamule,dun-morogh,889,demonhunter,havoc,36,15,21
2270,Shreddern,ragnaros,883,demonhunter,havoc,25,10,15
2271,Stringsz,ragnaros,874,demonhunter,havoc,17,10,7
2272,Фирулия,goldrinn,871,demonhunter,havoc,74,35,39
2273,Legionek,burning-blade,866,demonhunter,havoc,20,11,9
2274,Folygale,outland,864,demonhunter,havoc,12,9,3
2275,Лфгнехиро,soulflayer,864,demonhunter,havoc,12,9,3
2276,Dripcatchér,ravencrest,864,demonhunter,havoc,12,9,3
2277,Zophý,ragnaros,864,demonhunter,havoc,18,9,9
2278,Chosabreka,zuljin,864,demonhunter,havoc,18,9,9
2279,Thulânn,twisting-nether,864,demonhunter,havoc,18,9,9
2280,Смутсайбот,howling-fjord,864,demonhunter,havoc,18,9,9
2281,Shattre,silvermoon,864,demonhunter,havoc,18,9,9
2282,Эридари,blackscar,864,demonhunter,havoc,18,9,9
2283,Raïley,archimonde,864,demonhunter,havoc,18,9,9
2284,Солфдх,fordragon,864,demonhunter,havoc,18,9,9
2285,Sghemon,pozzo-delleternità,864,demonhunter,havoc,18,9,9
2286,Realtrance,sanguino,864,demonhunter,havoc,18,9,9
2287,Saene,ravencrest,864,demonhunter,havoc,18,9,9
2288,Toschadh,blackmoore,864,demonhunter,havoc,18,9,9
2289,Insaneomg,blackmoore,864,demonhunter,havoc,18,9,9
2290,Fuseton,kazzak,864,demonhunter,havoc,24,9,15
2291,Bignugs,ravencrest,864,demonhunter,havoc,24,9,15
2292,Míàkhãlîfâýð,stormscale,864,demonhunter,havoc,24,9,15
2293,Schrewneil,twisting-nether,864,demonhunter,havoc,30,9,21
2294,Солевыеглефы,gordunni,863,demonhunter,havoc,12,9,3
2295,Sunestaa,kazzak,863,demonhunter,havoc,12,9,3
2296,Lennöx,silvermoon,863,demonhunter,havoc,13,9,4
2297,Guáca,draenor,863,demonhunter,havoc,15,10,5
2298,Õmen,ravencrest,863,demonhunter,havoc,18,9,9
2299,Sutures,ravencrest,863,demonhunter,havoc,18,9,9
2300,Lawus,blackhand,863,demonhunter,havoc,18,9,9
2301,Kenzaii,aegwynn,863,demonhunter,havoc,18,9,9
2302,Illidaia,ravencrest,863,demonhunter,havoc,18,9,9
2303,Ììîîííììîîíí,tarren-mill,863,demonhunter,havoc,18,9,9
2304,Tachala,khaz-modan,863,demonhunter,havoc,18,9,9
2305,Djdhh,draenor,863,demonhunter,havoc,20,9,11
2306,Ruíko,dun-morogh,862,demonhunter,havoc,18,9,9
2307,Bhaz,tichondrius,862,demonhunter,havoc,18,9,9
2308,Zappikdh,silvermoon,862,demonhunter,havoc,18,9,9
2309,Finstergraf,blackmoore,862,demonhunter,havoc,30,14,16
2310,Illidián,chamber-of-aspects,862,demonhunter,havoc,24,9,15
2311,Ilyerias,twisting-nether,862,demonhunter,havoc,24,9,15
2312,Demonstorpix,drakthul,862,demonhunter,havoc,24,9,15
2313,Tzklkn,sylvanas,861,demonhunter,havoc,12,9,3
2314,Toonsdh,kazzak,861,demonhunter,havoc,12,9,3
2315,Тэниан,gordunni,861,demonhunter,havoc,24,9,15
2316,Letidyr,ravencrest,861,demonhunter,havoc,24,9,15
2317,Кайриель,gordunni,860,demonhunter,havoc,18,9,9
2318,Гарражж,howling-fjord,860,demonhunter,havoc,18,9,9
2319,Wrathill,draenor,860,demonhunter,havoc,24,9,15
2320,Овецловец,deathguard,859,demonhunter,havoc,18,9,9
2321,Doobregeesy,burning-legion,859,demonhunter,havoc,21,10,11
2322,Dmgchris,sylvanas,859,demonhunter,havoc,30,9,21
2323,Арат,ashenvale,858,demonhunter,havoc,12,9,3
2324,Deadskill,alexstrasza,858,demonhunter,havoc,54,21,33
2325,Лолбичьпро,blackscar,856,demonhunter,havoc,18,9,9
2326,Ladj,blackmoore,841,demonhunter,havoc,18,9,9
2327,Subelsiu,alakir,840,demonhunter,havoc,63,26,37
2328,Fckmlf,outland,839,demonhunter,havoc,21,12,9
2329,Карнавалыч,gordunni,839,demonhunter,havoc,42,9,33
2330,Backflipgødx,uldaman,832,demonhunter,havoc,22,9,13
2331,Дантавул,gordunni,825,demonhunter,havoc,24,9,15
2332,Dârhma,archimonde,822,demonhunter,havoc,17,9,8
2333,Ataddcay,outland,820,demonhunter,havoc,29,12,17
2334,Illidaniellé,tarren-mill,799,demonhunter,havoc,17,9,8
2335,Blutox,antonidas,797,demonhunter,havoc,25,11,14
2336,Deadhuntor,daggerspine,795,demonhunter,havoc,17,9,8
2337,Xellnaga,twisting-nether,792,demonhunter,havoc,20,9,11
2338,Dombra,kult-der-verdammten,788,demonhunter,havoc,11,9,2
2339,Kundans,antonidas,787,demonhunter,havoc,17,9,8
2340,Brawngodx,draenor,783,demonhunter,havoc,13,9,4
2341,Кусьзакиску,soulflayer,781,demonhunter,havoc,22,9,13
2342,Traumadh,tarren-mill,768,demonhunter,havoc,12,8,4
2343,Enjøybrah,nemesis,768,demonhunter,havoc,12,8,4
2344,Eysndh,blackrock,768,demonhunter,havoc,12,8,4
2345,Dhamp,kazzak,768,demonhunter,havoc,12,8,4
2346,Синтвеив,soulflayer,768,demonhunter,havoc,12,8,4
2347,Mips,ghostlands,768,demonhunter,havoc,18,8,10
2348,Saleny,blackrock,768,demonhunter,havoc,18,8,10
2349,Mollamaija,defias-brotherhood,768,demonhunter,havoc,18,8,10
2350,Nthday,draenor,768,demonhunter,havoc,18,8,10
2351,Stinkymonkey,pozzo-delleternità,768,demonhunter,havoc,18,8,10
2352,Praisethelrd,blackrock,768,demonhunter,havoc,18,8,10
2353,Blæm,archimonde,768,demonhunter,havoc,18,8,10
2354,Vayshi,turalyon,768,demonhunter,havoc,18,8,10
2355,Höllymedx,blackmoore,768,demonhunter,havoc,18,8,10
2356,Thestrength,twisting-nether,768,demonhunter,havoc,18,8,10
2357,Perojeina,draenor,768,demonhunter,havoc,18,8,10
2358,Bichmicher,earthen-ring,768,demonhunter,havoc,24,8,16
2359,Rõb,magtheridon,768,demonhunter,havoc,24,8,16
2360,Ninetzqp,tarren-mill,767,demonhunter,havoc,12,8,4
2361,Grimberg,tarren-mill,767,demonhunter,havoc,12,8,4
2362,Эска,razuvious,767,demonhunter,havoc,12,8,4
2363,Baddxd,ragnaros,767,demonhunter,havoc,14,9,5
2364,Felsbane,argent-dawn,767,demonhunter,havoc,15,9,6
2365,Lilitlovesme,blackmoore,767,demonhunter,havoc,18,8,10
2366,Hcsgötze,dalaran,767,demonhunter,havoc,18,8,10
2367,Shax,hellscream,767,demonhunter,havoc,18,8,10
2368,Onlytwokeys,dun-modr,767,demonhunter,havoc,18,8,10
2369,Zmasteez,ahnqiraj,767,demonhunter,havoc,18,8,10
2370,Bamßi,ragnaros,767,demonhunter,havoc,18,8,10
2371,Kithan,zuljin,767,demonhunter,havoc,18,8,10
2372,Ashcan,tarren-mill,767,demonhunter,havoc,18,8,10
2373,Paindemon,outland,767,demonhunter,havoc,18,8,10
2374,Tyhaxx,ravencrest,767,demonhunter,havoc,18,8,10
2375,Calendith,arathor,767,demonhunter,havoc,21,9,12
2376,Skrelarent,argent-dawn,766,demonhunter,havoc,12,8,4
2377,Varthag,antonidas,766,demonhunter,havoc,18,8,10
2378,Badgyalriri,hyjal,766,demonhunter,havoc,18,8,10
2379,Illidanio,xavius,766,demonhunter,havoc,18,8,10
2380,Demonjay,stormscale,766,demonhunter,havoc,22,9,13
2381,Neiden,deathwing,766,demonhunter,havoc,24,8,16
2382,Akäly,hyjal,765,demonhunter,havoc,19,9,10
2383,Natazia,eredar,765,demonhunter,havoc,18,8,10
2384,Aelzeran,stormscale,765,demonhunter,havoc,24,8,16
2385,Ironjòe,eredar,764,demonhunter,havoc,18,8,10
2386,Saìras,blackhand,763,demonhunter,havoc,18,8,10
2387,Попкасиська,eversong,763,demonhunter,havoc,47,19,28
2388,Covidian,kilrogg,762,demonhunter,havoc,12,8,4
2389,Unsainted,blackhand,762,demonhunter,havoc,18,8,10
2390,Darksink,kazzak,762,demonhunter,havoc,18,8,10
2391,Amaterasù,alleria,761,demonhunter,havoc,18,8,10
2392,Lovzuu,draenor,759,demonhunter,havoc,12,8,4
2393,Цион,soulflayer,757,demonhunter,havoc,18,8,10
2394,Meliòdas,draenor,757,demonhunter,havoc,25,8,17
2395,Maryjane,nordrassil,756,demonhunter,havoc,18,8,10
2396,Roostidh,shattered-hand,753,demonhunter,havoc,18,8,10
2397,Pismanik,drakthul,752,demonhunter,havoc,12,8,4
2398,Butcherr,ulduar,736,demonhunter,havoc,24,8,16
2399,Quavanity,sylvanas,735,demonhunter,havoc,17,8,9
2400,Zealdancer,veknilash,734,demonhunter,havoc,17,8,9
2401,Dutchmadman,aerie-peak,722,demonhunter,havoc,18,8,10
2402,Gushìñgwøuñð,blackmoore,719,demonhunter,havoc,11,8,3
2403,Bezdna,stormrage,718,demonhunter,havoc,15,8,7
2404,Makiu,archimonde,717,demonhunter,havoc,21,8,13
2405,Liondam,pozzo-delleternità,696,demonhunter,havoc,24,8,16
2406,Стрепа,grom,693,demonhunter,havoc,17,8,9
2407,Maddificator,silvermoon,686,demonhunter,havoc,14,8,6
2408,Herzbann,madmortem,676,demonhunter,havoc,19,8,11
2409,Glevenuschii,blackmoore,672,demonhunter,havoc,12,7,5
2410,Lirigizel,hellscream,672,demonhunter,havoc,12,7,5
2411,Ðârksìðê,stormscale,672,demonhunter,havoc,12,7,5
2412,Antrix,ravencrest,672,demonhunter,havoc,12,7,5
2413,Ðêmønìnsìðê,blackmoore,672,demonhunter,havoc,12,7,5
2414,Gandzsä,ragnaros,672,demonhunter,havoc,12,7,5
2415,Ronstoppable,ravencrest,672,demonhunter,havoc,12,7,5
2416,Hextechz,stormscale,672,demonhunter,havoc,12,7,5
2417,Djdeathsweep,blackrock,672,demonhunter,havoc,12,7,5
2418,Weback,ravencrest,672,demonhunter,havoc,12,7,5
2419,Stonedaf,ravencrest,672,demonhunter,havoc,12,7,5
2420,Jaquees,stormscale,672,demonhunter,havoc,12,7,5
2421,Killia,lothar,672,demonhunter,havoc,12,7,5
2422,Alied,burning-blade,672,demonhunter,havoc,12,7,5
2423,Mür,nordrassil,672,demonhunter,havoc,12,7,5
2424,Illyriel,antonidas,672,demonhunter,havoc,12,7,5
2425,Bizl,arygos,672,demonhunter,havoc,12,7,5
2426,Pepenger,kazzak,672,demonhunter,havoc,12,7,5
2427,Atrikagodx,kazzak,672,demonhunter,havoc,12,7,5
2428,Styxdh,blackhand,672,demonhunter,havoc,12,7,5
2429,Esadeáth,ravencrest,672,demonhunter,havoc,12,7,5
2430,Lemiisa,burning-blade,672,demonhunter,havoc,12,7,5
2431,Caronte,los-errantes,672,demonhunter,havoc,12,7,5
2432,Ozu,blackrock,672,demonhunter,havoc,12,7,5
2433,Damnituther,kazzak,672,demonhunter,havoc,12,7,5
2434,Yorxdh,eredar,672,demonhunter,havoc,12,7,5
2435,Kekburagól,kazzak,672,demonhunter,havoc,15,8,7
2436,Abigorien,blackmoore,672,demonhunter,havoc,18,7,11
2437,Yukiz,ravencrest,672,demonhunter,havoc,18,7,11
2438,Onizukadh,archimonde,672,demonhunter,havoc,18,7,11
2439,Meleidar,kazzak,672,demonhunter,havoc,18,7,11
2440,Илизарнный,gordunni,672,demonhunter,havoc,18,7,11
2441,Chrístíe,sanguino,672,demonhunter,havoc,18,7,11
2442,Satti,sargeras,672,demonhunter,havoc,18,7,11
2443,Wrathia,rexxar,672,demonhunter,havoc,18,7,11
2444,Viced,kazzak,672,demonhunter,havoc,18,7,11
2445,Ayimprepared,ragnaros,672,demonhunter,havoc,18,7,11
2446,Gnarpump,emeriss,672,demonhunter,havoc,18,7,11
2447,Muyoni,eredar,672,demonhunter,havoc,18,7,11
2448,Charleyzard,argent-dawn,672,demonhunter,havoc,18,7,11
2449,Veryfunhaha,ravencrest,672,demonhunter,havoc,18,7,11
2450,Крикетх,soulflayer,672,demonhunter,havoc,18,7,11
2451,Келидаррия,soulflayer,672,demonhunter,havoc,18,7,11
2452,Demondulle,kazzak,672,demonhunter,havoc,18,7,11
2453,Jokas,archimonde,672,demonhunter,havoc,24,7,17
2454,Iamayaqt,nemesis,672,demonhunter,havoc,24,7,17
2455,Calcïum,archimonde,672,demonhunter,havoc,24,7,17
2456,Рагнос,goldrinn,672,demonhunter,havoc,30,7,23
2457,Youngboost,blackrock,671,demonhunter,havoc,12,7,5
2458,Nxmpys,sanguino,671,demonhunter,havoc,12,7,5
2459,Nerfy,silvermoon,671,demonhunter,havoc,12,7,5
2460,Elfmonger,ravencrest,671,demonhunter,havoc,12,7,5
2461,Selcan,archimonde,671,demonhunter,havoc,12,7,5
2462,Kvye,archimonde,671,demonhunter,havoc,12,7,5
2463,Ddvh,drakthul,671,demonhunter,havoc,12,7,5
2464,Meji,ravencrest,671,demonhunter,havoc,12,7,5
2465,Gruusha,kazzak,671,demonhunter,havoc,12,7,5
2466,Morvash,nemesis,671,demonhunter,havoc,12,7,5
2467,Rebelion,dun-modr,671,demonhunter,havoc,18,7,11
2468,Lîllîv,wrathbringer,671,demonhunter,havoc,18,7,11
2469,Norebb,sanguino,671,demonhunter,havoc,18,7,11
2470,Хорбелий,deathguard,671,demonhunter,havoc,18,7,11
2471,Corelly,ragnaros,671,demonhunter,havoc,18,7,11
2472,Moojdh,malganis,671,demonhunter,havoc,18,7,11
2473,Abrahêll,dun-modr,671,demonhunter,havoc,18,7,11
2474,Gearuzaki,ghostlands,671,demonhunter,havoc,18,7,11
2475,Aryuna,frostwolf,670,demonhunter,havoc,12,7,5
2476,Милинайт,eversong,670,demonhunter,havoc,12,7,5
2477,Hyunkél,kirin-tor,670,demonhunter,havoc,18,7,11
2478,Cirino,defias-brotherhood,669,demonhunter,havoc,12,7,5
2479,Necrotyle,twisting-nether,669,demonhunter,havoc,21,8,13
2480,Kumoko,burning-legion,669,demonhunter,havoc,21,8,13
2481,Valen,die-aldor,669,demonhunter,havoc,24,7,17
2482,Liisza,blackhand,668,demonhunter,havoc,12,7,5
2483,Nylaria,dethecus,668,demonhunter,havoc,12,7,5
2484,Cassitä,chogall,668,demonhunter,havoc,18,7,11
2485,Дядяэл,fordragon,667,demonhunter,havoc,24,7,17
2486,Danshokudino,kazzak,665,demonhunter,havoc,18,7,11
2487,Rúpél,thrall,664,demonhunter,havoc,24,7,17
2488,Judderzz,bronze-dragonflight,658,demonhunter,havoc,12,7,5
2489,Ёмайл,soulflayer,655,demonhunter,havoc,18,7,11
2490,Kardyö,archimonde,655,demonhunter,havoc,23,7,16
2491,Anishara,die-nachtwache,653,demonhunter,havoc,19,8,11
2492,Kîrîto,nethersturm,639,demonhunter,havoc,29,7,22
2493,Snelle,outland,624,demonhunter,havoc,15,7,8
2494,Аллидариан,howling-fjord,623,demonhunter,havoc,17,7,10
2495,Подкрадунзай,soulflayer,621,demonhunter,havoc,12,9,3
2496,Makhabunda,terokkar,618,demonhunter,havoc,28,8,20
2497,Inolia,argent-dawn,608,demonhunter,havoc,16,7,9
2498,Phalekxox,ravencrest,607,demonhunter,havoc,11,7,4
2499,Nahlendris,darkmoon-faire,596,demonhunter,havoc,16,7,9
2500,Prouser,turalyon,588,demonhunter,havoc,21,8,13
2501,Vengeful,alonsus,576,demonhunter,havoc,6,6,0
2502,Fôns,sanguino,576,demonhunter,havoc,6,6,0
2503,Alasune,twisting-nether,576,demonhunter,havoc,6,6,0
2504,Mímð,ravencrest,576,demonhunter,havoc,6,6,0
2505,Xyrs,draenor,576,demonhunter,havoc,12,6,6
2506,Länika,drakthul,576,demonhunter,havoc,12,6,6
2507,Анавеллка,howling-fjord,576,demonhunter,havoc,12,6,6
2508,Størmrage,sanguino,576,demonhunter,havoc,12,6,6
2509,Нулевыйчел,gordunni,576,demonhunter,havoc,12,6,6
2510,Neonishh,twisting-nether,576,demonhunter,havoc,12,6,6
2511,Desdh,blackmoore,576,demonhunter,havoc,12,6,6
2512,Demonpegasus,draenor,576,demonhunter,havoc,12,6,6
2513,Rhinozerg,kazzak,576,demonhunter,havoc,12,6,6
2514,Lòsêr,ravencrest,576,demonhunter,havoc,12,6,6
2515,Paîmon,hyjal,576,demonhunter,havoc,12,6,6
2516,Friidaadh,lightbringer,576,demonhunter,havoc,12,6,6
2517,Noovedh,ravencrest,576,demonhunter,havoc,12,6,6
2518,Tëvnic,kazzak,576,demonhunter,havoc,12,6,6
2519,Вафлистикус,ashenvale,576,demonhunter,havoc,12,6,6
2520,Notapistol,outland,576,demonhunter,havoc,12,6,6
2521,Муими,soulflayer,576,demonhunter,havoc,12,6,6
2522,Soulmortal,draenor,576,demonhunter,havoc,12,6,6
2523,Jaace,silvermoon,576,demonhunter,havoc,12,6,6
2524,Calicó,draenor,576,demonhunter,havoc,12,6,6
2525,Lanaël,kaelthas,576,demonhunter,havoc,12,6,6
2526,Aeshalla,blackmoore,576,demonhunter,havoc,12,6,6
2527,Stickihunt,malganis,576,demonhunter,havoc,12,6,6
2528,Demonzøku,ravencrest,576,demonhunter,havoc,12,6,6
2529,Lurtéx,kazzak,576,demonhunter,havoc,12,6,6
2530,Lyzzra,blackmoore,576,demonhunter,havoc,12,6,6
2531,Miyxcu,aegwynn,576,demonhunter,havoc,12,6,6
2532,Сихая,howling-fjord,576,demonhunter,havoc,12,6,6
2533,Ðêmønìç,area-52,576,demonhunter,havoc,12,6,6
2534,Pyleá,malganis,576,demonhunter,havoc,12,6,6
2535,Lezzo,tarren-mill,576,demonhunter,havoc,12,6,6
2536,Peacedopice,drakthul,576,demonhunter,havoc,12,6,6
2537,Брилаброви,soulflayer,576,demonhunter,havoc,12,6,6
2538,Kyuzo,sanguino,576,demonhunter,havoc,12,6,6
2539,Mettdaemon,ravencrest,576,demonhunter,havoc,18,6,12
2540,Pinx,archimonde,576,demonhunter,havoc,18,6,12
2541,Zaÿn,antonidas,576,demonhunter,havoc,18,6,12
2542,Riñ,twisting-nether,576,demonhunter,havoc,18,6,12
2543,Nøøßønline,hyjal,576,demonhunter,havoc,18,6,12
2544,Alandiel,twisting-nether,576,demonhunter,havoc,18,6,12
2545,Shyoxdh,twisting-nether,576,demonhunter,havoc,18,6,12
2546,Bämbøué,hyjal,576,demonhunter,havoc,18,6,12
2547,Dèsdemøna,nemesis,576,demonhunter,havoc,18,6,12
2548,Стараятварь,thermaplugg,576,demonhunter,havoc,24,6,18
2549,Redgi,tarren-mill,576,demonhunter,havoc,24,6,18
2550,Pèpsì,kazzak,576,demonhunter,havoc,24,6,18
2551,Shizuuli,outland,576,demonhunter,havoc,30,6,24
2552,Smoochygodx,antonidas,575,demonhunter,havoc,12,6,6
2553,Sayee,drakthul,575,demonhunter,havoc,12,6,6
2554,Saftad,outland,575,demonhunter,havoc,12,6,6
2555,Lailâh,blackmoore,575,demonhunter,havoc,12,6,6
2556,Instinctivee,sylvanas,575,demonhunter,havoc,12,6,6
2557,Daweeo,the-maelstrom,575,demonhunter,havoc,12,6,6
2558,Valshatt,sanguino,575,demonhunter,havoc,12,6,6
2559,Devilord,sanguino,575,demonhunter,havoc,12,6,6
2560,Extraxtreme,ravencrest,575,demonhunter,havoc,12,6,6
2561,Antidevil,kazzak,575,demonhunter,havoc,16,7,9
2562,Wauway,ragnaros,575,demonhunter,havoc,14,6,8
2563,Candylicks,kazzak,575,demonhunter,havoc,18,6,12
2564,Joezus,draenor,575,demonhunter,havoc,18,6,12
2565,Зедю,howling-fjord,575,demonhunter,havoc,18,6,12
2566,Jyzu,festung-der-stürme,575,demonhunter,havoc,24,6,18
2567,Максаналл,soulflayer,574,demonhunter,havoc,12,6,6
2568,Sangita,tarren-mill,574,demonhunter,havoc,12,6,6
2569,Alfazar,pozzo-delleternità,574,demonhunter,havoc,18,6,12
2570,Ôlowain,blackmoore,574,demonhunter,havoc,18,6,12
2571,Klave,argent-dawn,573,demonhunter,havoc,18,6,12
2572,Dântés,silvermoon,572,demonhunter,havoc,24,6,18
2573,Arxaxe,sanguino,571,demonhunter,havoc,12,6,6
2574,Caria,twisting-nether,570,demonhunter,havoc,12,6,6
2575,Bahmut,argent-dawn,569,demonhunter,havoc,12,6,6
2576,Siscia,outland,569,demonhunter,havoc,12,6,6
2577,Glerog,ragnaros,558,demonhunter,havoc,10,7,3
2578,Kranta,blackmoore,544,demonhunter,havoc,16,8,8
2579,Kalr,silvermoon,527,demonhunter,havoc,11,6,5
2580,Хисаго,gordunni,522,demonhunter,havoc,15,7,8
2581,Beraxulus,aegwynn,522,demonhunter,havoc,16,7,9
2582,Алистреель,gordunni,521,demonhunter,havoc,13,7,6
2583,Maurî,tarren-mill,511,demonhunter,havoc,14,6,8
2584,Gnjurac,outland,511,demonhunter,havoc,14,6,8
2585,Asperity,antonidas,511,demonhunter,havoc,18,6,12
2586,Amionisiken,amanthul,496,demonhunter,havoc,13,6,7
2587,Illidancz,thunderhorn,488,demonhunter,havoc,13,6,7
2588,Morrion,blackmoore,480,demonhunter,havoc,6,5,1
2589,Gixota,silvermoon,480,demonhunter,havoc,6,5,1
2590,Táti,blackrock,480,demonhunter,havoc,6,5,1
2591,Qqski,kazzak,480,demonhunter,havoc,6,5,1
2592,Monion,defias-brotherhood,480,demonhunter,havoc,6,5,1
2593,Nanába,draenor,480,demonhunter,havoc,6,5,1
2594,Mouga,hyjal,480,demonhunter,havoc,6,5,1
2595,Jugøbænned,blackrock,480,demonhunter,havoc,6,5,1
2596,Avavidh,blackmoore,480,demonhunter,havoc,6,5,1
2597,Guziel,kazzak,480,demonhunter,havoc,6,5,1
2598,Randydhunt,draenor,480,demonhunter,havoc,6,5,1
2599,Giboo,emerald-dream,480,demonhunter,havoc,6,5,1
2600,Lesamaritain,ysondre,480,demonhunter,havoc,6,5,1
2601,Подэхилла,galakrond,480,demonhunter,havoc,10,6,4
2602,Revérse,stormscale,480,demonhunter,havoc,12,5,7
2603,Tatoos,bronze-dragonflight,480,demonhunter,havoc,12,5,7
2604,Grazax,lightnings-blade,480,demonhunter,havoc,12,5,7
2605,Róxor,twisting-nether,480,demonhunter,havoc,12,5,7
2606,Solrosfrön,stormscale,480,demonhunter,havoc,12,5,7
2607,Lilithxz,blackmoore,480,demonhunter,havoc,12,5,7
2608,Филеровщик,deathguard,480,demonhunter,havoc,12,5,7
2609,Lyanadh,blackhand,480,demonhunter,havoc,12,5,7
2610,Tastyblades,blackmoore,480,demonhunter,havoc,12,5,7
2611,Takad,twisting-nether,480,demonhunter,havoc,12,5,7
2612,Albdh,kazzak,480,demonhunter,havoc,12,5,7
2613,Ferndejar,draenor,480,demonhunter,havoc,12,5,7
2614,Blueformeld,draenor,480,demonhunter,havoc,12,5,7
2615,Eibemme,alleria,480,demonhunter,havoc,12,5,7
2616,Штормдоттэр,howling-fjord,480,demonhunter,havoc,12,5,7
2617,Deathblades,twisting-nether,480,demonhunter,havoc,12,5,7
2618,Khenetai,silvermoon,480,demonhunter,havoc,12,5,7
2619,Giftìg,ravencrest,480,demonhunter,havoc,12,5,7
2620,Нереалочка,blackscar,480,demonhunter,havoc,12,5,7
2621,Tthic,shadowsong,480,demonhunter,havoc,12,5,7
2622,Demondusk,silvermoon,480,demonhunter,havoc,12,5,7
2623,Superchocowo,sanguino,480,demonhunter,havoc,12,5,7
2624,Topg,bladefist,480,demonhunter,havoc,12,5,7
2625,Sokal,dun-modr,480,demonhunter,havoc,12,5,7
2626,Hakakuri,ravencrest,480,demonhunter,havoc,12,5,7
2627,Korrupt,draenor,480,demonhunter,havoc,12,5,7
2628,Zunada,ragnaros,480,demonhunter,havoc,12,5,7
2629,Natzú,ravencrest,480,demonhunter,havoc,12,5,7
2630,Tomkis,ravencrest,480,demonhunter,havoc,12,5,7
2631,Zernoid,kazzak,480,demonhunter,havoc,12,5,7
2632,Gamaö,khaz-modan,480,demonhunter,havoc,12,5,7
2633,Sèptember,draenor,480,demonhunter,havoc,12,5,7
2634,Spitface,aegwynn,480,demonhunter,havoc,12,5,7
2635,Szopóvadász,ragnaros,480,demonhunter,havoc,12,5,7
2636,Glìmpsêgøðx,antonidas,480,demonhunter,havoc,12,5,7
2637,Gwoodza,archimonde,480,demonhunter,havoc,12,5,7
2638,Nagh,archimonde,480,demonhunter,havoc,12,5,7
2639,Nstea,cthun,480,demonhunter,havoc,12,5,7
2640,Innostigma,dalaran,480,demonhunter,havoc,12,5,7
2641,Thelyan,ravencrest,480,demonhunter,havoc,12,5,7
2642,Дракомуфлон,gordunni,480,demonhunter,havoc,12,5,7
2643,Dhaosh,nemesis,480,demonhunter,havoc,12,5,7
2644,Caøtix,blackrock,480,demonhunter,havoc,12,5,7
2645,Blind,kazzak,480,demonhunter,havoc,12,5,7
2646,Shyynedh,grim-batol,480,demonhunter,havoc,15,6,9
2647,Salamihexler,dun-morogh,480,demonhunter,havoc,17,5,12
2648,Кайренсс,howling-fjord,480,demonhunter,havoc,18,5,13
2649,Crushidemon,draenor,480,demonhunter,havoc,18,5,13
2650,Natarásh,blackmoore,480,demonhunter,havoc,18,5,13
2651,Ohshietwadap,twisting-nether,480,demonhunter,havoc,18,5,13
2652,Aelina,area-52,480,demonhunter,havoc,18,5,13
2653,Dübler,gorgonnash,480,demonhunter,havoc,18,5,13
2654,Wajoglaive,blackhand,480,demonhunter,havoc,18,5,13
2655,Lovesong,the-shatar,480,demonhunter,havoc,18,5,13
2656,Talyrîs,aegwynn,480,demonhunter,havoc,18,5,13
2657,Slizer,draenor,480,demonhunter,havoc,18,5,13
2658,Broilerx,balnazzar,480,demonhunter,havoc,18,5,13
2659,Каталейна,howling-fjord,480,demonhunter,havoc,24,5,19
2660,Leloine,trollbane,479,demonhunter,havoc,6,5,1
2661,Sholon,kiljaeden,479,demonhunter,havoc,6,5,1
2662,Sephiris,argent-dawn,479,demonhunter,havoc,6,5,1
2663,Ridweng,ravenholdt,479,demonhunter,havoc,7,5,2
2664,Chàuvequipeu,dalaran,479,demonhunter,havoc,12,5,7
2665,Макай,deathguard,479,demonhunter,havoc,12,5,7
2666,Merilidan,blackrock,479,demonhunter,havoc,12,5,7
2667,Demontevz,outland,479,demonhunter,havoc,12,5,7
2668,Goatcorpse,blackmoore,479,demonhunter,havoc,12,5,7
2669,Marsterkush,malygos,479,demonhunter,havoc,12,5,7
2670,Gryphory,ravencrest,479,demonhunter,havoc,12,5,7
2671,Aruzar,twisting-nether,479,demonhunter,havoc,12,5,7
2672,Hupon,drakthul,479,demonhunter,havoc,12,5,7
2673,Approxis,archimonde,479,demonhunter,havoc,12,5,7
2674,Gigipletosu,ravencrest,479,demonhunter,havoc,18,5,13
2675,Vaenil,hyjal,479,demonhunter,havoc,18,5,13
2676,Скудайвер,gordunni,478,demonhunter,havoc,12,5,7
2677,Besnik,stormscale,478,demonhunter,havoc,18,5,13
2678,Kairidemon,eredar,477,demonhunter,havoc,12,5,7
2679,Ànavar,twisting-nether,477,demonhunter,havoc,15,6,9
2680,Winnztlol,chamber-of-aspects,477,demonhunter,havoc,15,5,10
2681,Гёнке,gordunni,477,demonhunter,havoc,22,6,16
2682,Гачирабыня,lich-king,477,demonhunter,havoc,30,5,25
2683,Vincbengt,tarren-mill,476,demonhunter,havoc,12,5,7
2684,Cometofloki,outland,475,demonhunter,havoc,12,5,7
2685,Illikan,stormscale,474,demonhunter,havoc,12,5,7
2686,Etraidor,turalyon,473,demonhunter,havoc,12,5,7
2687,Omegasyx,dun-modr,448,demonhunter,havoc,10,5,5
2688,Cameclc,hyjal,448,demonhunter,havoc,16,5,11
2689,Slaanesh,xavius,447,demonhunter,havoc,11,5,6
2690,Илнари,soulflayer,447,demonhunter,havoc,11,5,6
2691,Majînßûü,ravencrest,447,demonhunter,havoc,11,5,6
2692,Shaundead,drakthul,447,demonhunter,havoc,11,5,6
2693,Иллианэль,howling-fjord,432,demonhunter,havoc,9,5,4
2694,Bertori,dun-modr,416,demonhunter,havoc,10,5,5
2695,Opmuch,eonar,416,demonhunter,havoc,10,5,5
2696,Thorskinius,ravencrest,414,demonhunter,havoc,20,5,15
2697,Véspé,naxxramas,384,demonhunter,havoc,6,4,2
2698,Memedhbtw,outland,384,demonhunter,havoc,6,4,2
2699,Itsfinee,outland,384,demonhunter,havoc,6,4,2
2700,Lemondehunta,twisting-nether,384,demonhunter,havoc,6,4,2
2701,Garra,chants-éternels,384,demonhunter,havoc,6,4,2
2702,Illíllìllî,twisting-nether,384,demonhunter,havoc,6,4,2
2703,Дезлее,gordunni,384,demonhunter,havoc,6,4,2
2704,Atti,the-maelstrom,384,demonhunter,havoc,6,4,2
2705,Marcellaa,ravencrest,384,demonhunter,havoc,6,4,2
2706,Plagues,quelthalas,384,demonhunter,havoc,6,4,2
2707,Exerzaria,twisting-nether,384,demonhunter,havoc,6,4,2
2708,Adírael,cthun,384,demonhunter,havoc,6,4,2
2709,Verybigdps,aegwynn,384,demonhunter,havoc,6,4,2
2710,Ceyye,blackrock,384,demonhunter,havoc,6,4,2
2711,Onebuttonxd,ravencrest,384,demonhunter,havoc,6,4,2
2712,Maupau,ravencrest,384,demonhunter,havoc,6,4,2
2713,Турботашш,soulflayer,384,demonhunter,havoc,6,4,2
2714,Adexi,twisting-nether,384,demonhunter,havoc,6,4,2
2715,Apsodemon,twisting-nether,384,demonhunter,havoc,6,4,2
2716,Inasyndre,argent-dawn,384,demonhunter,havoc,6,4,2
2717,Miscodedh,ravencrest,384,demonhunter,havoc,6,4,2
2718,Mýg,ravencrest,384,demonhunter,havoc,6,4,2
2719,Kriszidan,arathor,384,demonhunter,havoc,6,4,2
2720,Niellarsc,ravencrest,384,demonhunter,havoc,6,4,2
2721,Akaniiaa,blackmoore,384,demonhunter,havoc,6,4,2
2722,Vidagín,blackmoore,384,demonhunter,havoc,6,4,2
2723,Demonakis,twisting-nether,384,demonhunter,havoc,6,4,2
2724,Талисзора,gordunni,384,demonhunter,havoc,6,4,2
2725,Harha,stormscale,384,demonhunter,havoc,6,4,2
2726,Davdavdh,tarren-mill,384,demonhunter,havoc,6,4,2
2727,Ðevl,blackmoore,384,demonhunter,havoc,6,4,2
2728,Jennyßright,sargeras,384,demonhunter,havoc,6,4,2
2729,Diagonol,ragnaros,384,demonhunter,havoc,6,4,2
2730,Greedsmoke,kazzak,384,demonhunter,havoc,6,4,2
2731,Cielis,outland,384,demonhunter,havoc,6,4,2
2732,Varonx,drakthul,384,demonhunter,havoc,6,4,2
2733,Bud,lightnings-blade,384,demonhunter,havoc,6,4,2
2734,Anklàr,blackrock,384,demonhunter,havoc,6,4,2
2735,Iken,ragnaros,384,demonhunter,havoc,6,4,2
2736,Tzs,blackrock,384,demonhunter,havoc,6,4,2
2737,Милифесена,gordunni,384,demonhunter,havoc,6,4,2
2738,Verrottung,blackhand,384,demonhunter,havoc,6,4,2
2739,Demoncalle,the-maelstrom,384,demonhunter,havoc,6,4,2
2740,Zelidh,korgall,384,demonhunter,havoc,6,4,2
2741,Шизванаденс,gordunni,384,demonhunter,havoc,6,4,2
2742,Arløw,archimonde,384,demonhunter,havoc,10,5,5
2743,Brolycoly,stormscale,384,demonhunter,havoc,10,4,6
2744,Freakerzoid,kazzak,384,demonhunter,havoc,11,4,7
2745,Purpleturtle,blackrock,384,demonhunter,havoc,12,4,8
2746,Dirtydoggy,dun-modr,384,demonhunter,havoc,12,4,8
2747,Ascindra,kazzak,384,demonhunter,havoc,12,4,8
2748,Valkorion,chamber-of-aspects,384,demonhunter,havoc,12,4,8
2749,Cutforshred,zenedar,384,demonhunter,havoc,12,4,8
2750,Хокану,gordunni,384,demonhunter,havoc,12,4,8
2751,Reachfight,lothar,384,demonhunter,havoc,12,4,8
2752,Floridaboy,ravencrest,384,demonhunter,havoc,12,4,8
2753,Blüëräin,draenor,384,demonhunter,havoc,12,4,8
2754,Maeltus,hyjal,384,demonhunter,havoc,12,4,8
2755,Deadrawdh,aegwynn,384,demonhunter,havoc,12,4,8
2756,Nørðìç,nordrassil,384,demonhunter,havoc,12,4,8
2757,Nephylon,draenor,384,demonhunter,havoc,12,4,8
2758,Ninjantiz,antonidas,384,demonhunter,havoc,12,4,8
2759,Daekon,ahnqiraj,384,demonhunter,havoc,12,4,8
2760,Bogren,sylvanas,384,demonhunter,havoc,12,4,8
2761,Dannyp,ravencrest,384,demonhunter,havoc,12,4,8
2762,Rúllio,rexxar,384,demonhunter,havoc,12,4,8
2763,Becknárn,sylvanas,384,demonhunter,havoc,12,4,8
2764,Stormshred,stormscale,384,demonhunter,havoc,12,4,8
2765,Betterdk,twilights-hammer,384,demonhunter,havoc,12,4,8
2766,Артёмблэйдх,blackscar,384,demonhunter,havoc,12,4,8
2767,Deathbydeaf,terenas,384,demonhunter,havoc,12,4,8
2768,Exodlia,silvermoon,384,demonhunter,havoc,12,4,8
2769,Сочняга,gordunni,384,demonhunter,havoc,12,4,8
2770,Mamio,chogall,384,demonhunter,havoc,12,4,8
2771,Alleyezønme,outland,384,demonhunter,havoc,12,4,8
2772,Leylas,nagrand,384,demonhunter,havoc,12,4,8
2773,Innocuouss,twisting-nether,384,demonhunter,havoc,12,4,8
2774,Rivy,magtheridon,384,demonhunter,havoc,12,4,8
2775,Saikamango,blackhand,384,demonhunter,havoc,12,4,8
2776,Akkixy,die-aldor,384,demonhunter,havoc,12,4,8
2777,Saehila,kirin-tor,384,demonhunter,havoc,12,4,8
2778,Frostidh,ysondre,384,demonhunter,havoc,12,4,8
2779,Бистлайк,soulflayer,384,demonhunter,havoc,12,4,8
2780,Лупидолх,soulflayer,384,demonhunter,havoc,12,4,8
2781,Mempaan,magtheridon,384,demonhunter,havoc,12,4,8
2782,Diabloman,stormscale,384,demonhunter,havoc,12,4,8
2783,Одзангейра,blackscar,384,demonhunter,havoc,12,4,8
2784,Хреньещёта,booty-bay,384,demonhunter,havoc,12,4,8
2785,Arkta,kazzak,384,demonhunter,havoc,12,4,8
2786,Valendriel,archimonde,384,demonhunter,havoc,12,4,8
2787,Skajlan,burning-legion,384,demonhunter,havoc,18,4,14
2788,Ekhlipz,ysondre,384,demonhunter,havoc,18,4,14
2789,Sazukè,blackmoore,384,demonhunter,havoc,18,4,14
2790,Némesîs,cthun,383,demonhunter,havoc,6,4,2
2791,Rouzi,defias-brotherhood,383,demonhunter,havoc,6,4,2
2792,Poliex,khaz-modan,383,demonhunter,havoc,6,4,2
2793,Elindoria,dalaran,383,demonhunter,havoc,6,4,2
2794,Сязекть,goldrinn,383,demonhunter,havoc,12,4,8
2795,Vengatoria,cthun,383,demonhunter,havoc,12,4,8
2796,Selvagg,archimonde,383,demonhunter,havoc,12,4,8
2797,Elenastar,kazzak,383,demonhunter,havoc,12,4,8
2798,Шоеррей,gordunni,383,demonhunter,havoc,12,4,8
2799,Demoncancer,kazzak,382,demonhunter,havoc,6,4,2
2800,Nazzan,destromath,382,demonhunter,havoc,6,4,2
2801,Lailat,alexstrasza,381,demonhunter,havoc,10,5,5
2802,Åáäàáåàáäàáå,dun-modr,377,demonhunter,havoc,15,6,9
2803,Deamo,stormscale,367,demonhunter,havoc,11,4,7
2804,Летучий,howling-fjord,351,demonhunter,havoc,8,5,3
2805,Lexxdh,blackmoore,351,demonhunter,havoc,8,5,3
2806,Greyfel,blackhand,351,demonhunter,havoc,12,5,7
2807,Блэйденрифтс,soulflayer,351,demonhunter,havoc,11,4,7
2808,Foxylama,stormscale,336,demonhunter,havoc,9,5,4
2809,Nyxxeria,drakthul,336,demonhunter,havoc,15,4,11
2810,Prismio,ysondre,335,demonhunter,havoc,9,4,5
2811,Zephyrê,blackrock,329,demonhunter,havoc,16,8,8
2812,Hyperflex,blackrock,320,demonhunter,havoc,10,4,6
2813,Felwaifu,tarren-mill,319,demonhunter,havoc,8,4,4
2814,Âstræa,antonidas,288,demonhunter,havoc,6,3,3
2815,Songur,blackhand,288,demonhunter,havoc,6,3,3
2816,Шрэдэр,thermaplugg,288,demonhunter,havoc,6,3,3
2817,Julmia,dragonblight,288,demonhunter,havoc,6,3,3
2818,Deschacke,eredar,288,demonhunter,havoc,6,3,3
2819,Bayerd,burning-legion,288,demonhunter,havoc,6,3,3
2820,Shinnu,antonidas,288,demonhunter,havoc,6,3,3
2821,Periphere,eredar,288,demonhunter,havoc,6,3,3
2822,Дэйнни,blackscar,288,demonhunter,havoc,6,3,3
2823,Неффкодх,howling-fjord,288,demonhunter,havoc,6,3,3
2824,Fantabolous,ragnaros,288,demonhunter,havoc,6,3,3
2825,Nameerr,ragnaros,288,demonhunter,havoc,6,3,3
2826,Makwah,kazzak,288,demonhunter,havoc,6,3,3
2827,Calthmon,shattrath,288,demonhunter,havoc,6,3,3
2828,Dadagodx,kazzak,288,demonhunter,havoc,6,3,3
2829,Dzikalocha,burning-legion,288,demonhunter,havoc,6,3,3
2830,Killaden,ravenholdt,288,demonhunter,havoc,6,3,3
2831,Kritflake,blackrock,288,demonhunter,havoc,6,3,3
2832,Zsídakabra,ragnaros,288,demonhunter,havoc,6,3,3
2833,Youngfelrush,blackrock,288,demonhunter,havoc,6,3,3
2834,Hárald,sanguino,288,demonhunter,havoc,6,3,3
2835,Jellyjoker,malganis,288,demonhunter,havoc,6,3,3
2836,Ravae,burning-legion,288,demonhunter,havoc,6,3,3
2837,Скинр,soulflayer,288,demonhunter,havoc,6,3,3
2838,Mortyb,kazzak,288,demonhunter,havoc,6,3,3
2839,Rustedchurl,draenor,288,demonhunter,havoc,6,3,3
2840,Shaadraz,stormscale,288,demonhunter,havoc,6,3,3
2841,Vaterdenke,defias-brotherhood,288,demonhunter,havoc,6,3,3
2842,Cánoo,blackhand,288,demonhunter,havoc,6,3,3
2843,Cienlowczyni,silvermoon,288,demonhunter,havoc,6,3,3
2844,Medievils,silvermoon,288,demonhunter,havoc,6,3,3
2845,Akhyra,ysondre,288,demonhunter,havoc,6,3,3
2846,Marilu,nathrezim,288,demonhunter,havoc,6,3,3
2847,Lundí,tarren-mill,288,demonhunter,havoc,6,3,3
2848,Xellidan,dun-modr,288,demonhunter,havoc,6,3,3
2849,Lonedh,sylvanas,288,demonhunter,havoc,6,3,3
2850,Yiùna,hyjal,288,demonhunter,havoc,6,3,3
2851,Bossmac,mugthol,288,demonhunter,havoc,6,3,3
2852,Версомния,gordunni,288,demonhunter,havoc,6,3,3
2853,Kyoukaii,kazzak,288,demonhunter,havoc,6,3,3
2854,Neony,blackmoore,288,demonhunter,havoc,6,3,3
2855,Annaboliik,ravencrest,288,demonhunter,havoc,6,3,3
2856,Чубрик,howling-fjord,288,demonhunter,havoc,6,3,3
2857,Koger,twisting-nether,288,demonhunter,havoc,6,3,3
2858,Сангвиннус,howling-fjord,288,demonhunter,havoc,6,3,3
2859,Xénôns,archimonde,288,demonhunter,havoc,6,3,3
2860,Bunzi,sylvanas,288,demonhunter,havoc,6,3,3
2861,Mandemz,nagrand,288,demonhunter,havoc,6,3,3
2862,Myuøu,hyjal,288,demonhunter,havoc,6,3,3
2863,Imvnrcvr,dalaran,288,demonhunter,havoc,6,3,3
2864,Alfaa,outland,288,demonhunter,havoc,6,3,3
2865,Spiriteru,archimonde,288,demonhunter,havoc,6,3,3
2866,Hellboi,dun-modr,288,demonhunter,havoc,6,3,3
2867,Гневныймомон,soulflayer,288,demonhunter,havoc,6,3,3
2868,Dàrknight,azjolnerub,288,demonhunter,havoc,6,3,3
2869,Kätarïnas,confrérie-du-thorium,288,demonhunter,havoc,6,3,3
2870,Extitan,twisting-nether,288,demonhunter,havoc,6,3,3
2871,Schwitte,tichondrius,288,demonhunter,havoc,6,3,3
2872,Posterboy,tarren-mill,288,demonhunter,havoc,6,3,3
2873,Андрюхадх,soulflayer,288,demonhunter,havoc,6,3,3
2874,Sandem,blackrock,288,demonhunter,havoc,6,3,3
2875,Резако,soulflayer,288,demonhunter,havoc,6,3,3
2876,Вскрыша,soulflayer,288,demonhunter,havoc,6,3,3
2877,Hyonzyyesh,silvermoon,288,demonhunter,havoc,6,3,3
2878,Naargof,outland,288,demonhunter,havoc,6,3,3
2879,Izzidan,magtheridon,288,demonhunter,havoc,6,3,3
2880,Cindras,turalyon,288,demonhunter,havoc,6,3,3
2881,Ашерис,deathguard,288,demonhunter,havoc,6,3,3
2882,Норилайнн,gordunni,288,demonhunter,havoc,6,3,3
2883,Demonsushi,tarren-mill,288,demonhunter,havoc,6,3,3
2884,Demonzeus,archimonde,288,demonhunter,havoc,6,3,3
2885,Darkshadow,turalyon,288,demonhunter,havoc,6,3,3
2886,Jyrpä,stormscale,288,demonhunter,havoc,6,3,3
2887,Nehmarath,doomhammer,288,demonhunter,havoc,6,3,3
2888,Zmemroo,magtheridon,288,demonhunter,havoc,6,3,3
2889,Nerudas,blackhand,288,demonhunter,havoc,6,3,3
2890,Sonnefel,tarren-mill,288,demonhunter,havoc,6,3,3
2891,Ittas,archimonde,288,demonhunter,havoc,6,3,3
2892,Aaryaa,archimonde,288,demonhunter,havoc,6,3,3
2893,Cursedblade,archimonde,288,demonhunter,havoc,6,3,3
2894,Froog,frostmane,288,demonhunter,havoc,6,3,3
2895,Cnbâckbb,archimonde,288,demonhunter,havoc,6,3,3
2896,Aethilios,silvermoon,288,demonhunter,havoc,11,3,8
2897,Rapp,nemesis,288,demonhunter,havoc,12,3,9
2898,Феяужаса,soulflayer,288,demonhunter,havoc,12,3,9
2899,Linea,jaedenar,288,demonhunter,havoc,12,3,9
2900,Valø,malganis,288,demonhunter,havoc,12,3,9
2901,Domiinator,sylvanas,288,demonhunter,havoc,12,3,9
2902,Lamello,nemesis,288,demonhunter,havoc,12,3,9
2903,Самадиэль,soulflayer,288,demonhunter,havoc,12,3,9
2904,Metaman,archimonde,288,demonhunter,havoc,12,3,9
2905,Kruthor,taerar,288,demonhunter,havoc,12,3,9
2906,Vulcaan,ravencrest,288,demonhunter,havoc,12,3,9
2907,Bernhoftdh,ravencrest,288,demonhunter,havoc,12,3,9
2908,Artwar,stormscale,288,demonhunter,havoc,12,3,9
2909,Asporos,pozzo-delleternità,288,demonhunter,havoc,12,3,9
2910,Laurana,argent-dawn,288,demonhunter,havoc,12,3,9
2911,Vandazza,argent-dawn,288,demonhunter,havoc,12,3,9
2912,Cmi,tarren-mill,288,demonhunter,havoc,12,3,9
2913,Milanto,antonidas,288,demonhunter,havoc,12,3,9
2914,Deathsnote,marécage-de-zangar,288,demonhunter,havoc,12,3,9
2915,Mordaer,twisting-nether,288,demonhunter,havoc,12,3,9
2916,Illidorie,twisting-nether,288,demonhunter,havoc,12,3,9
2917,Хемах,howling-fjord,288,demonhunter,havoc,12,3,9
2918,Bengleng,draenor,288,demonhunter,havoc,12,3,9
2919,Välhöll,kirin-tor,288,demonhunter,havoc,12,3,9
2920,Tuffêli,turalyon,288,demonhunter,havoc,12,3,9
2921,Ïvø,sargeras,288,demonhunter,havoc,12,3,9
2922,Rurt,sanguino,288,demonhunter,havoc,12,3,9
2923,Nightwalk,blackmoore,288,demonhunter,havoc,12,3,9
2924,Kãzïn,archimonde,288,demonhunter,havoc,12,3,9
2925,Naturalis,die-todeskrallen,288,demonhunter,havoc,12,3,9
2926,Demonwithin,nerathor,288,demonhunter,havoc,12,3,9
2927,Cptgmiasbria,eredar,288,demonhunter,havoc,12,3,9
2928,Tenaebris,silvermoon,288,demonhunter,havoc,12,3,9
2929,Firebringer,silvermoon,288,demonhunter,havoc,12,3,9
2930,Demoan,outland,288,demonhunter,havoc,12,3,9
2931,Jimdh,quelthalas,288,demonhunter,havoc,18,3,15
2932,Lasthija,dun-modr,288,demonhunter,havoc,18,3,15
2933,Devildust,ravencrest,288,demonhunter,havoc,18,3,15
2934,Dimonanta,grim-batol,287,demonhunter,havoc,6,3,3
2935,Fugma,defias-brotherhood,287,demonhunter,havoc,6,3,3
2936,Glaiverush,alakir,287,demonhunter,havoc,6,3,3
2937,Saturnein,stormscale,287,demonhunter,havoc,6,3,3
2938,Mormefiél,twisting-nether,287,demonhunter,havoc,6,3,3
2939,Dethlyn,twisting-nether,287,demonhunter,havoc,6,3,3
2940,Menutzdh,tarren-mill,287,demonhunter,havoc,6,3,3
2941,Sìnbad,khaz-modan,286,demonhunter,havoc,6,3,3
2942,Магнисс,fordragon,286,demonhunter,havoc,6,3,3
2943,Dàrkinette,archimonde,286,demonhunter,havoc,6,3,3
2944,Gêliôs,kazzak,271,demonhunter,havoc,11,3,8
2945,Nithraim,kazzak,240,demonhunter,havoc,9,3,6
2946,Xaro,quelthalas,239,demonhunter,havoc,5,3,2
2947,Itskarmax,outland,239,demonhunter,havoc,5,3,2
2948,Heàvic,outland,239,demonhunter,havoc,5,3,2
2949,Ponn,blackmoore,239,demonhunter,havoc,5,3,2
2950,Ñítøryù,ravencrest,234,demonhunter,havoc,10,4,6
2951,Munamasa,archimonde,234,demonhunter,havoc,11,4,7
2952,Illidankxx,sylvanas,208,demonhunter,havoc,7,3,4
2953,Demoqt,ragnaros,192,demonhunter,havoc,4,3,1
2954,Erenyeagerr,kazzak,192,demonhunter,havoc,4,3,1
2955,Папичгодх,borean-tundra,192,demonhunter,havoc,6,2,4
2956,Люблюмеф,gordunni,192,demonhunter,havoc,6,2,4
2957,Alcadejas,pozzo-delleternità,192,demonhunter,havoc,6,2,4
2958,Тэнсу,borean-tundra,192,demonhunter,havoc,6,2,4
2959,Cíondra,aegwynn,192,demonhunter,havoc,6,2,4
2960,Linkôs,aegwynn,192,demonhunter,havoc,6,2,4
2961,Деорру,gordunni,192,demonhunter,havoc,6,2,4
2962,Dikcitx,archimonde,192,demonhunter,havoc,6,2,4
2963,Andariell,sylvanas,192,demonhunter,havoc,6,2,4
2964,Stifeur,archimonde,192,demonhunter,havoc,6,2,4
2965,Мэлифсб,blackscar,192,demonhunter,havoc,6,2,4
2966,Zxcjklcasdlk,sylvanas,192,demonhunter,havoc,6,2,4
2967,Harrah,archimonde,192,demonhunter,havoc,6,2,4
2968,Grinchdemon,nagrand,192,demonhunter,havoc,6,2,4
2969,Usaïnbolts,archimonde,192,demonhunter,havoc,6,2,4
2970,Wolfex,hellfire,192,demonhunter,havoc,6,2,4
2971,Mayzhi,hyjal,192,demonhunter,havoc,6,2,4
2972,Ybou,archimonde,192,demonhunter,havoc,6,2,4
2973,Datejust,archimonde,192,demonhunter,havoc,6,2,4
2974,Крикетчсв,soulflayer,192,demonhunter,havoc,6,2,4
2975,Беатриз,soulflayer,192,demonhunter,havoc,6,2,4
2976,Zarkhyl,malygos,192,demonhunter,havoc,6,2,4
2977,Янгфрукт,howling-fjord,192,demonhunter,havoc,6,2,4
2978,Demontoolz,outland,192,demonhunter,havoc,6,2,4
2979,Sajr,twisting-nether,192,demonhunter,havoc,6,2,4
2980,Маскитол,soulflayer,192,demonhunter,havoc,6,2,4
2981,Chlorel,arthas,192,demonhunter,havoc,6,2,4
2982,Bhairav,silvermoon,192,demonhunter,havoc,6,2,4
2983,Saphira,laughing-skull,192,demonhunter,havoc,6,2,4
2984,Bhuta,aerie-peak,192,demonhunter,havoc,6,2,4
2985,Шоксенсацияя,howling-fjord,192,demonhunter,havoc,6,2,4
2986,Gnaget,the-maelstrom,192,demonhunter,havoc,6,2,4
2987,Ourius,blackmoore,192,demonhunter,havoc,6,2,4
2988,Ragnarak,amanthul,192,demonhunter,havoc,6,2,4
2989,Riveén,blackhand,192,demonhunter,havoc,6,2,4
2990,Lucziane,blackmoore,192,demonhunter,havoc,6,2,4
2991,Mythisa,blackrock,192,demonhunter,havoc,6,2,4
2992,Râny,blackmoore,192,demonhunter,havoc,6,2,4
2993,Roxxis,mazrigos,192,demonhunter,havoc,6,2,4
2994,Khinn,tyrande,192,demonhunter,havoc,6,2,4
2995,Sephy,argent-dawn,192,demonhunter,havoc,6,2,4
2996,Hamssterek,magtheridon,192,demonhunter,havoc,6,2,4
2997,Dhslayer,magtheridon,192,demonhunter,havoc,6,2,4
2998,Dionyz,magtheridon,192,demonhunter,havoc,6,2,4
2999,Tzigonline,silvermoon,192,demonhunter,havoc,6,2,4
3000,Haveadad,outland,192,demonhunter,havoc,6,2,4
3001,Emkogødx,outland,192,demonhunter,havoc,6,2,4
3002,Tacodhx,ravencrest,192,demonhunter,havoc,6,2,4
3003,Anekk,kazzak,192,demonhunter,havoc,6,2,4
3004,Kibiri,rajaxx,192,demonhunter,havoc,6,2,4
3005,Nanana,doomhammer,192,demonhunter,havoc,6,2,4
3006,Cøldlean,ravencrest,192,demonhunter,havoc,6,2,4
3007,Disconecting,outland,192,demonhunter,havoc,6,2,4
3008,Tvé,ravencrest,192,demonhunter,havoc,6,2,4
3009,Czl,silvermoon,192,demonhunter,havoc,6,2,4
3010,Omegahunterx,ravencrest,192,demonhunter,havoc,6,2,4
3011,Sweåfy,outland,192,demonhunter,havoc,6,2,4
3012,Pablino,darksorrow,192,demonhunter,havoc,6,2,4
3013,Anödyth,kirin-tor,192,demonhunter,havoc,6,2,4
3014,Zenô,antonidas,192,demonhunter,havoc,6,2,4
3015,Jonasdh,antonidas,192,demonhunter,havoc,6,2,4
3016,Barocs,antonidas,192,demonhunter,havoc,6,2,4
3017,Martøsdh,uldum,192,demonhunter,havoc,6,2,4
3018,Aggrodíte,antonidas,192,demonhunter,havoc,6,2,4
3019,Khrum,rajaxx,192,demonhunter,havoc,6,2,4
3020,Noitradh,zuljin,192,demonhunter,havoc,6,2,4
3021,Bratti,kazzak,192,demonhunter,havoc,6,2,4
3022,Scarath,eredar,192,demonhunter,havoc,6,2,4
3023,Aytèè,eredar,192,demonhunter,havoc,6,2,4
3024,Rybn,eredar,192,demonhunter,havoc,6,2,4
3025,Malkyor,ysondre,192,demonhunter,havoc,6,2,4
3026,Бабкамопед,howling-fjord,192,demonhunter,havoc,6,2,4
3027,Sälexz,ysondre,192,demonhunter,havoc,6,2,4
3028,Draneka,argent-dawn,192,demonhunter,havoc,6,2,4
3029,Nörsedh,sanguino,192,demonhunter,havoc,6,2,4
3030,Gorilla,korgall,192,demonhunter,havoc,6,2,4
3031,Palaurx,kazzak,192,demonhunter,havoc,6,2,4
3032,Kryshan,burning-legion,192,demonhunter,havoc,6,2,4
3033,Hicke,burning-legion,192,demonhunter,havoc,6,2,4
3034,Sñüîîâ,kazzak,192,demonhunter,havoc,6,2,4
3035,Талона,fordragon,192,demonhunter,havoc,6,2,4
3036,Мейьибейьи,howling-fjord,192,demonhunter,havoc,6,2,4
3037,Biü,tarren-mill,192,demonhunter,havoc,6,2,4
3038,Malzehar,tarren-mill,192,demonhunter,havoc,6,2,4
3039,Kakovicz,gorgonnash,192,demonhunter,havoc,6,2,4
3040,Sazzox,blackrock,192,demonhunter,havoc,6,2,4
3041,Thilanea,emeriss,192,demonhunter,havoc,6,2,4
3042,Newgens,kazzak,192,demonhunter,havoc,6,2,4
3043,Karpandero,stormreaver,192,demonhunter,havoc,6,2,4
3044,Ambodh,thrall,192,demonhunter,havoc,6,2,4
3045,Jabuzi,drakthul,192,demonhunter,havoc,6,2,4
3046,Zlett,draenor,192,demonhunter,havoc,6,2,4
3047,Lexdh,blackrock,192,demonhunter,havoc,6,2,4
3048,Cowardh,twisting-nether,192,demonhunter,havoc,6,2,4
3049,Juicyglaives,ragnaros,192,demonhunter,havoc,6,2,4
3050,Nairra,blackmoore,192,demonhunter,havoc,6,2,4
3051,Schakalèn,ragnaros,192,demonhunter,havoc,6,2,4
3052,Williamgrant,alonsus,192,demonhunter,havoc,6,2,4
3053,Donstyle,anachronos,192,demonhunter,havoc,6,2,4
3054,Êlva,alleria,192,demonhunter,havoc,6,2,4
3055,Chaeeri,twisting-nether,192,demonhunter,havoc,6,2,4
3056,Razzàl,sinstralis,192,demonhunter,havoc,6,2,4
3057,Uthinare,silvermoon,192,demonhunter,havoc,8,2,6
3058,Deehoh,twisting-nether,192,demonhunter,havoc,12,2,10
3059,Inflection,ravencrest,192,demonhunter,havoc,12,2,10
3060,Gagfordaddy,ravencrest,192,demonhunter,havoc,12,2,10
3061,Tôx,dalaran,192,demonhunter,havoc,12,2,10
3062,Qweasda,stormscale,192,demonhunter,havoc,12,2,10
3063,Парагони,gordunni,192,demonhunter,havoc,12,2,10
3064,Enygamy,frostmane,192,demonhunter,havoc,12,2,10
3065,Badess,malfurion,192,demonhunter,havoc,12,2,10
3066,Zaydra,the-maelstrom,192,demonhunter,havoc,12,2,10
3067,Drâparn,sylvanas,192,demonhunter,havoc,12,2,10
3068,Synistera,trollbane,192,demonhunter,havoc,12,2,10
3069,Anayihh,dun-modr,192,demonhunter,havoc,12,2,10
3070,Ayido,xavius,192,demonhunter,havoc,12,2,10
3071,Gouteça,la-croisade-écarlate,192,demonhunter,havoc,12,2,10
3072,Zynês,draenor,192,demonhunter,havoc,12,2,10
3073,Spideymon,ragnaros,192,demonhunter,havoc,12,2,10
3074,Tbomb,ragnaros,192,demonhunter,havoc,12,2,10
3075,Tapio,burning-legion,192,demonhunter,havoc,18,2,16
3076,Deathniresa,argent-dawn,191,demonhunter,havoc,6,2,4
3077,Hellforce,nemesis,191,demonhunter,havoc,6,2,4
3078,Noorrd,hyjal,191,demonhunter,havoc,12,2,10
3079,Lilarii,argent-dawn,191,demonhunter,havoc,12,2,10
3080,Manjirosano,blackmoore,191,demonhunter,havoc,12,2,10
3081,Onorera,tarren-mill,160,demonhunter,havoc,10,2,8
3082,Galafel,outland,159,demonhunter,havoc,5,2,3
3083,Kélida,dun-modr,144,demonhunter,havoc,9,2,7
3084,Зографос,fordragon,138,demonhunter,havoc,7,3,4
3085,Джэкмэн,soulflayer,138,demonhunter,havoc,23,4,19
3086,Amatèrasu,burning-legion,110,demonhunter,havoc,13,2,11
3087,Ellare,burning-blade,96,demonhunter,havoc,6,1,5
3088,Pkdaemon,draenor,96,demonhunter,havoc,6,1,5
3089,Azkerash,draenor,96,demonhunter,havoc,6,1,5
3090,Reikuel,nemesis,96,demonhunter,havoc,6,1,5
3091,Найлинель,fordragon,96,demonhunter,havoc,6,1,5
3092,Laethas,twisting-nether,96,demonhunter,havoc,6,1,5
3093,Kiô,drakthul,96,demonhunter,havoc,6,1,5
3094,Vrazjababa,dragonmaw,96,demonhunter,havoc,6,1,5
3095,Ghetzlel,draenor,96,demonhunter,havoc,6,1,5
3096,Vaco,la-croisade-écarlate,96,demonhunter,havoc,6,1,5
3097,Malvax,tarren-mill,96,demonhunter,havoc,6,1,5
3098,Cruptiq,kazzak,96,demonhunter,havoc,6,1,5
3099,Burritodh,tarren-mill,96,demonhunter,havoc,6,1,5
3100,Hørnyßæ,drakthul,96,demonhunter,havoc,6,1,5
3101,Sgit,doomhammer,96,demonhunter,havoc,6,1,5
3102,Nairu,doomhammer,96,demonhunter,havoc,6,1,5
3103,Zarafel,hyjal,96,demonhunter,havoc,6,1,5
3104,Askari,lothar,96,demonhunter,havoc,6,1,5
3105,Соларт,howling-fjord,96,demonhunter,havoc,6,1,5
3106,Stormma,kazzak,96,demonhunter,havoc,6,1,5
3107,Максимлолпро,howling-fjord,96,demonhunter,havoc,6,1,5
3108,Дронкрылатый,soulflayer,96,demonhunter,havoc,6,1,5
3109,Azazël,turalyon,96,demonhunter,havoc,6,1,5
3110,Jiínx,kazzak,96,demonhunter,havoc,6,1,5
3111,Dhogus,twisting-nether,96,demonhunter,havoc,6,1,5
3112,Dýlän,argent-dawn,96,demonhunter,havoc,6,1,5
3113,Bradzdh,outland,96,demonhunter,havoc,6,1,5
3114,Flasqo,eredar,96,demonhunter,havoc,6,1,5
3115,Annee,eredar,96,demonhunter,havoc,6,1,5
3116,Zyfu,antonidas,96,demonhunter,havoc,6,1,5
3117,Demongorgon,arathor,96,demonhunter,havoc,6,1,5
3118,Stàmàzza,nemesis,96,demonhunter,havoc,6,1,5
3119,Bröwnye,dun-modr,96,demonhunter,havoc,6,1,5
3120,Clexa,thrall,96,demonhunter,havoc,6,1,5
3121,Ilovesabrina,dun-modr,96,demonhunter,havoc,6,1,5
3122,Bitex,archimonde,96,demonhunter,havoc,6,1,5
3123,Tòd,silvermoon,96,demonhunter,havoc,6,1,5
3124,Saisahan,archimonde,96,demonhunter,havoc,6,1,5
3125,Chancelvie,outland,96,demonhunter,havoc,6,1,5
3126,Esthá,argent-dawn,96,demonhunter,havoc,6,1,5
3127,Dhgoddess,ravencrest,96,demonhunter,havoc,6,1,5
3128,Синнэрлити,soulflayer,96,demonhunter,havoc,6,1,5
3129,Aygael,archimonde,96,demonhunter,havoc,6,1,5
3130,Чесденьгамии,soulflayer,96,demonhunter,havoc,6,1,5
3131,Akron,magtheridon,96,demonhunter,havoc,6,1,5
3132,Ryuhayabusa,stormscale,96,demonhunter,havoc,6,1,5
3133,Äzot,burning-legion,96,demonhunter,havoc,6,1,5
3134,Camotheck,stormscale,96,demonhunter,havoc,6,1,5
3135,Maikko,los-errantes,96,demonhunter,havoc,6,1,5
3136,Illidarios,blackhand,96,demonhunter,havoc,6,1,5
3137,Evlos,hyjal,96,demonhunter,havoc,6,1,5
3138,Elenôy,malganis,96,demonhunter,havoc,6,1,5
3139,Shaelby,archimonde,96,demonhunter,havoc,6,1,5
3140,Blish,blackhand,96,demonhunter,havoc,6,1,5
3141,Vg,blackhand,96,demonhunter,havoc,6,1,5
3142,ßaßayaga,blackhand,96,demonhunter,havoc,6,1,5
3143,Блъя,gordunni,96,demonhunter,havoc,6,1,5
3144,Permachill,blackmoore,96,demonhunter,havoc,6,1,5
3145,Louú,blackmoore,96,demonhunter,havoc,6,1,5
3146,Аззазэль,howling-fjord,96,demonhunter,havoc,6,1,5
3147,Blulake,silvermoon,96,demonhunter,havoc,6,1,5
3148,Спокоивич,soulflayer,96,demonhunter,havoc,6,1,5
3149,Вирбль,gordunni,96,demonhunter,havoc,6,1,5
3150,Ганстапутин,howling-fjord,96,demonhunter,havoc,6,1,5
3151,Tricki,kelthuzad,96,demonhunter,havoc,6,1,5
3152,Niqel,blackrock,96,demonhunter,havoc,6,1,5
3153,Mlecznygolem,silvermoon,96,demonhunter,havoc,6,1,5
3154,Teimotevey,silvermoon,96,demonhunter,havoc,6,1,5
3155,Gucknicht,blackrock,96,demonhunter,havoc,6,1,5
3156,Ripgodx,bronzebeard,96,demonhunter,havoc,6,1,5
3157,Wìxx,blackrock,96,demonhunter,havoc,6,1,5
3158,Snibsxdh,silvermoon,96,demonhunter,havoc,6,1,5
3159,Jásírá,shattrath,96,demonhunter,havoc,12,1,11
3160,Dìus,blackmoore,96,demonhunter,havoc,12,1,11
3161,Ecthelionn,outland,96,demonhunter,havoc,12,1,11
3162,Kurox,drakthul,96,demonhunter,havoc,12,1,11
3163,Babyyéah,sunstrider,96,demonhunter,havoc,12,1,11
3164,Бонятяф,gordunni,96,demonhunter,havoc,12,1,11
3165,Shinarei,silvermoon,95,demonhunter,havoc,6,1,5
3166,Elldarion,blackhand,79,demonhunter,havoc,5,1,4
3167,Caluxe,blackmoore,79,demonhunter,havoc,5,1,4
3168,Devilmonkey,ambossar,72,demonhunter,havoc,36,7,29
3169,Syonis,archimonde,48,demonhunter,havoc,3,1,2
3170,Гадх,gordunni,42,demonhunter,havoc,8,2,6
3171,Buttslapper,silvermoon,42,demonhunter,havoc,8,2,6
3172,Sinjinzoo,blackrock,31,demonhunter,havoc,2,1,1
3173,Vengeancezin,frostwhisper,2031,demonhunter,vengeance,138,74,64
3174,Jedidiah,aggra-português,1518,demonhunter,vengeance,81,35,46
3175,Strqt,archimonde,1509,demonhunter,vengeance,54,29,25
3176,Zarín,outland,1394,demonhunter,vengeance,78,41,37
3177,Paindemon,outland,1034,demonhunter,vengeance,18,11,7
3178,Kubusz,ravencrest,856,demonhunter,vengeance,30,12,18
3179,Kekburagól,kazzak,575,demonhunter,vengeance,12,6,6
3180,Enithy,twisting-nether,573,demonhunter,vengeance,12,6,6
3181,Demonlucy,colinas-pardas,287,demonhunter,vengeance,12,3,9
3182,Askari,lothar,192,demonhunter,vengeance,6,2,4
3183,Геммула,howling-fjord,192,demonhunter,vengeance,6,2,4
3184,Camtoe,ravencrest,192,demonhunter,vengeance,6,2,4
3185,Сумърак,grom,192,demonhunter,vengeance,12,2,10
3186,Arussil,pozzo-delleternità,96,demonhunter,vengeance,6,1,5
3187,Xenits,kazzak,96,demonhunter,vengeance,6,1,5
3188,Zarafel,hyjal,95,demonhunter,vengeance,12,1,11
3189,Hibibi,kazzak,2257,druid,restoration,113,66,47
3190,Kev,elune,2190,druid,restoration,185,102,83
3191,Pegasu,kelthuzad,2182,druid,restoration,114,66,48
3192,Vanostboom,kazzak,2181,druid,restoration,88,50,38
3193,Iloveher,ravencrest,2180,druid,restoration,160,89,71
3194,Miouzy,archimonde,2156,druid,restoration,66,36,30
3195,Unohanâ,archimonde,2103,druid,restoration,108,65,43
3196,Nesedondon,stormscale,2086,druid,restoration,72,50,22
3197,Årt,ravencrest,2071,druid,restoration,168,88,80
3198,Trèes,outland,2059,druid,restoration,246,134,112
3199,Drjmy,silvermoon,2053,druid,restoration,71,54,17
3200,Dendariottvx,sunstrider,2042,druid,restoration,73,44,29
3201,Bambambimbim,draenor,2023,druid,restoration,84,44,40
3202,Afky,stormreaver,2013,druid,restoration,114,59,55
3203,Surfingbirdx,ragnaros,2005,druid,restoration,48,25,23
3204,Yoogy,ravencrest,1995,druid,restoration,60,37,23
3205,Rives,sylvanas,1978,druid,restoration,78,46,32
3206,Bloomitize,ravencrest,1967,druid,restoration,78,43,35
3207,Tjxaxa,ravencrest,1966,druid,restoration,78,38,40
3208,Galadronìa,aegwynn,1960,druid,restoration,65,38,27
3209,Shinöbü,sanguino,1954,druid,restoration,87,49,38
3210,Ovérheal,ravencrest,1953,druid,restoration,94,52,42
3211,Mentallyill,ravencrest,1949,druid,restoration,204,106,98
3212,Thysabtw,archimonde,1947,druid,restoration,65,40,25
3213,Sheippi,stormreaver,1945,druid,restoration,54,31,23
3214,Acondris,kazzak,1944,druid,restoration,126,60,66
3215,Angrykejton,silvermoon,1940,druid,restoration,270,135,135
3216,Håbibi,kazzak,1936,druid,restoration,48,25,23
3217,Thotz,kazzak,1936,druid,restoration,150,73,77
3218,Skrrlock,ravencrest,1923,druid,restoration,108,53,55
3219,Kyomã,burning-legion,1915,druid,restoration,102,49,53
3220,Syví,outland,1912,druid,restoration,59,29,30
3221,Hånukkah,outland,1911,druid,restoration,58,29,29
3222,Lunamimi,argent-dawn,1900,druid,restoration,314,161,153
3223,Maxpojke,ravencrest,1876,druid,restoration,142,88,54
3224,Amaré,burning-legion,1873,druid,restoration,54,28,26
3225,Promethezine,tarren-mill,1872,druid,restoration,170,92,78
3226,Dokixo,kazzak,1870,druid,restoration,41,24,17
3227,Niksidruid,grim-batol,1868,druid,restoration,28,21,7
3228,Ralaa,guldan,1865,druid,restoration,54,29,25
3229,Arthéas,archimonde,1865,druid,restoration,174,89,85
3230,Naffelle,ysondre,1862,druid,restoration,71,34,37
3231,Theatrex,ravencrest,1856,druid,restoration,153,90,63
3232,Druidrak,eredar,1855,druid,restoration,66,32,34
3233,Panigale,dun-modr,1855,druid,restoration,48,22,26
3234,Alolexx,archimonde,1851,druid,restoration,45,27,18
3235,Lalalime,arthas,1851,druid,restoration,64,31,33
3236,Clone,aegwynn,1849,druid,restoration,96,55,41
3237,Nastycat,magtheridon,1849,druid,restoration,179,88,91
3238,Druidello,stormscale,1845,druid,restoration,52,24,28
3239,Åä,ravencrest,1837,druid,restoration,32,20,12
3240,Thebiggest,ravencrest,1836,druid,restoration,42,25,17
3241,Ammare,burning-legion,1834,druid,restoration,72,39,33
3242,Josedudu,twisting-nether,1833,druid,restoration,66,33,33
3243,Nantou,stormscale,1833,druid,restoration,59,28,31
3244,Jmdr,silvermoon,1830,druid,restoration,71,31,40
3245,Kìttÿ,dun-modr,1828,druid,restoration,66,41,25
3246,Spamclone,draenor,1828,druid,restoration,57,30,27
3247,Kanyevotèrx,ravencrest,1828,druid,restoration,54,25,29
3248,Andr,voljin,1828,druid,restoration,78,34,44
3249,Gummysnake,aszune,1823,druid,restoration,42,25,17
3250,Zydrux,outland,1822,druid,restoration,48,36,12
3251,Doodlez,blackrock,1820,druid,restoration,60,27,33
3252,Baawz,blackmoore,1820,druid,restoration,60,25,35
3253,Aesha,los-errantes,1819,druid,restoration,54,26,28
3254,Metagrass,stormscale,1818,druid,restoration,129,59,70
3255,Skadooshee,kazzak,1816,druid,restoration,36,19,17
3256,Køngx,blackhand,1812,druid,restoration,125,64,61
3257,Sorryblya,ravencrest,1809,druid,restoration,60,26,34
3258,Uñsullied,kazzak,1806,druid,restoration,57,31,26
3259,Morkius,ravencrest,1806,druid,restoration,36,19,17
3260,Мафио,blackscar,1805,druid,restoration,48,25,23
3261,Asaj,argent-dawn,1804,druid,restoration,189,106,83
3262,Riplilpeep,grim-batol,1803,druid,restoration,54,28,26
3263,Gaeldeth,silvermoon,1802,druid,restoration,105,63,42
3264,Wraithshape,stormscale,1800,druid,restoration,60,32,28
3265,Hadok,azjolnerub,1795,druid,restoration,155,70,85
3266,Tedel,kazzak,1791,druid,restoration,53,33,20
3267,Jìnró,ravencrest,1782,druid,restoration,129,63,66
3268,Lexopewpew,ravencrest,1779,druid,restoration,47,22,25
3269,Chacopic,archimonde,1777,druid,restoration,132,68,64
3270,Chas,ravencrest,1776,druid,restoration,42,25,17
3271,Jaytiz,ravencrest,1774,druid,restoration,47,22,25
3272,Weezíng,ysondre,1771,druid,restoration,44,27,17
3273,Skrood,kazzak,1771,druid,restoration,54,27,27
3274,Дикаякиара,blackscar,1771,druid,restoration,223,107,116
3275,Threesixnìne,dun-morogh,1768,druid,restoration,138,72,66
3276,Heçtôr,silvermoon,1767,druid,restoration,60,27,33
3277,Reins,silvermoon,1766,druid,restoration,94,49,45
3278,Thugzie,kazzak,1765,druid,restoration,128,56,72
3279,Bëstwôrld,archimonde,1763,druid,restoration,76,39,37
3280,Friedbrocolí,tarren-mill,1762,druid,restoration,42,23,19
3281,Gøðførm,silvermoon,1758,druid,restoration,118,63,55
3282,Wéédmâñ,ravencrest,1756,druid,restoration,45,30,15
3283,Slayced,blackrock,1756,druid,restoration,71,34,37
3284,Cplazi,kazzak,1754,druid,restoration,36,21,15
3285,Joksica,draenor,1751,druid,restoration,47,24,23
3286,Hizzy,burning-legion,1751,druid,restoration,243,119,124
3287,Lamatoes,ravencrest,1750,druid,restoration,59,24,35
3288,Migami,nemesis,1748,druid,restoration,65,27,38
3289,Matteps,outland,1742,druid,restoration,41,19,22
3290,Улдрэйн,deathguard,1739,druid,restoration,66,38,28
3291,Lifelover,outland,1734,druid,restoration,48,23,25
3292,Orayin,ravencrest,1731,druid,restoration,96,65,31
3293,Qjkuug,twisting-nether,1728,druid,restoration,148,87,61
3294,Naraia,aegwynn,1726,druid,restoration,95,49,46
3295,Крашдру,gordunni,1724,druid,restoration,64,38,26
3296,Филавтия,gordunni,1724,druid,restoration,60,32,28
3297,Druidella,stormscale,1716,druid,restoration,30,18,12
3298,Treliuz,twilights-hammer,1710,druid,restoration,226,123,103
3299,Muraebbasta,pozzo-delleternità,1709,druid,restoration,42,18,24
3300,Hólo,blackrock,1706,druid,restoration,72,34,38
3301,Sintiq,silvermoon,1705,druid,restoration,41,24,17
3302,Wraithmoon,stormscale,1705,druid,restoration,36,18,18
3303,Myndrá,varimathras,1695,druid,restoration,42,22,20
3304,Treeførm,ravencrest,1694,druid,restoration,36,25,11
3305,Zonsy,twisting-nether,1693,druid,restoration,42,24,18
3306,Moonbee,burning-blade,1692,druid,restoration,72,41,31
3307,Moondra,outland,1688,druid,restoration,95,39,56
3308,Erika,vashj,1684,druid,restoration,72,38,34
3309,Luhmanish,thunderhorn,1684,druid,restoration,102,52,50
3310,Sangré,suramar,1670,druid,restoration,42,21,21
3311,Praetorian,sylvanas,1668,druid,restoration,174,83,91
3312,Eedaza,argent-dawn,1665,druid,restoration,75,38,37
3313,Funnyjoker,outland,1665,druid,restoration,36,18,18
3314,Fryén,archimonde,1665,druid,restoration,63,27,36
3315,Elayria,blackmoore,1663,druid,restoration,36,19,17
3316,Rozi,draenor,1660,druid,restoration,48,27,21
3317,Builtdiffy,kazzak,1659,druid,restoration,190,98,92
3318,Demerit,aegwynn,1657,druid,restoration,32,18,14
3319,Sélia,sylvanas,1657,druid,restoration,116,57,59
3320,Bâneth,destromath,1656,druid,restoration,60,33,27
3321,Olaphy,elune,1653,druid,restoration,155,77,78
3322,Catgirlx,ravencrest,1652,druid,restoration,42,26,16
3323,Xalio,ravencrest,1652,druid,restoration,113,68,45
3324,Чухх,howling-fjord,1649,druid,restoration,73,39,34
3325,Pogoth,turalyon,1641,druid,restoration,72,38,34
3326,Абраг,soulflayer,1637,druid,restoration,72,36,36
3327,Drøødis,archimonde,1636,druid,restoration,42,24,18
3328,Trèes,draenor,1636,druid,restoration,46,22,24
3329,Adjaara,ravencrest,1635,druid,restoration,115,68,47
3330,Pardus,ambossar,1635,druid,restoration,50,27,23
3331,Rhonir,twisting-nether,1634,druid,restoration,53,22,31
3332,Bellhooks,blackrock,1633,druid,restoration,30,18,12
3333,Rawri,blackmoore,1633,druid,restoration,48,26,22
3334,Рамзес,gordunni,1631,druid,restoration,30,20,10
3335,Mafiasnipe,ravencrest,1630,druid,restoration,24,17,7
3336,Asga,stormscale,1628,druid,restoration,30,17,13
3337,Bêvêrly,ravencrest,1626,druid,restoration,46,26,20
3338,Джелони,soulflayer,1626,druid,restoration,36,17,19
3339,Mortalnight,sinstralis,1625,druid,restoration,194,99,95
3340,Ёу,soulflayer,1624,druid,restoration,161,85,76
3341,Jcpenney,xavius,1623,druid,restoration,181,93,88
3342,Tropjeune,dalaran,1623,druid,restoration,36,17,19
3343,Frances,auchindoun,1622,druid,restoration,51,30,21
3344,Chaboom,hyjal,1622,druid,restoration,60,25,35
3345,Tooclosex,outland,1621,druid,restoration,35,24,11
3346,Bellatrx,darksorrow,1620,druid,restoration,36,21,15
3347,Миледистайпи,gordunni,1619,druid,restoration,32,18,14
3348,Bjútiful,silvermoon,1618,druid,restoration,41,23,18
3349,Elu,eredar,1617,druid,restoration,48,28,20
3350,Haszard,outland,1617,druid,restoration,134,68,66
3351,Nancey,auchindoun,1617,druid,restoration,149,75,74
3352,Wømbat,ravencrest,1616,druid,restoration,36,17,19
3353,Goldrax,outland,1615,druid,restoration,24,17,7
3354,Tåylor,laughing-skull,1615,druid,restoration,41,21,20
3355,Драменбейз,gordunni,1615,druid,restoration,42,20,22
3356,Ooktharg,turalyon,1614,druid,restoration,36,20,16
3357,Kaamirach,blackmoore,1612,druid,restoration,90,64,26
3358,Nímbs,tarren-mill,1612,druid,restoration,35,20,15
3359,Zhosy,shattrath,1612,druid,restoration,61,22,39
3360,Zevana,tarren-mill,1611,druid,restoration,30,18,12
3361,Skipperd,blackmoore,1610,druid,restoration,42,17,25
3362,Xoriauz,archimonde,1609,druid,restoration,78,37,41
3363,Slaugh,zuljin,1608,druid,restoration,48,20,28
3364,Опапенелопа,blackscar,1607,druid,restoration,39,27,12
3365,Monatamis,kazzak,1607,druid,restoration,36,21,15
3366,Велаине,soulflayer,1607,druid,restoration,133,77,56
3367,Bigmeandruid,twisting-nether,1606,druid,restoration,30,17,13
3368,Чекхмеаскохз,gordunni,1604,druid,restoration,36,21,15
3369,Diolives,stormscale,1604,druid,restoration,204,106,98
3370,Bîrke,blackrock,1604,druid,restoration,36,17,19
3371,Diriculous,kazzak,1603,druid,restoration,60,20,40
3372,Soguu,thrall,1601,druid,restoration,30,17,13
3373,Watchmebear,stormscale,1601,druid,restoration,42,23,19
3374,Ðarckness,kazzak,1600,druid,restoration,24,17,7
3375,Swifte,argent-dawn,1600,druid,restoration,48,27,21
3376,Akmón,tarren-mill,1600,druid,restoration,58,20,38
3377,Dïsä,ravencrest,1599,druid,restoration,30,17,13
3378,Davorian,frostmane,1596,druid,restoration,51,28,23
3379,Ittei,korgall,1596,druid,restoration,120,63,57
3380,Hyggefinger,ravencrest,1596,druid,restoration,42,19,23
3381,Lunglung,blutkessel,1585,druid,restoration,42,22,20
3382,Guccicken,garona,1580,druid,restoration,155,87,68
3383,Naridruidx,eredar,1578,druid,restoration,42,26,16
3384,Pawful,malganis,1578,druid,restoration,165,89,76
3385,Øhshift,drakthul,1576,druid,restoration,41,20,21
3386,Директорх,blackscar,1569,druid,restoration,35,19,16
3387,Eyvimel,ravencrest,1569,druid,restoration,219,113,106
3388,Ninadobrev,ragnaros,1568,druid,restoration,33,18,15
3389,Andromedda,twisting-nether,1568,druid,restoration,132,70,62
3390,Nasduck,ravencrest,1564,druid,restoration,88,52,36
3391,Kheazar,blackmoore,1558,druid,restoration,103,61,42
3392,Naturez,sylvanas,1557,druid,restoration,32,20,12
3393,Уэсериктх,blackscar,1557,druid,restoration,45,26,19
3394,Crïn,ravencrest,1553,druid,restoration,36,17,19
3395,Druncha,sunstrider,1553,druid,restoration,189,74,115
3396,Néllä,archimonde,1552,druid,restoration,36,25,11
3397,Zaerox,ambossar,1550,druid,restoration,60,32,28
3398,Bearform,blackhand,1548,druid,restoration,48,23,25
3399,Legyna,ravencrest,1547,druid,restoration,65,40,25
3400,Khunahype,thrall,1546,druid,restoration,88,48,40
3401,Bammedrudu,archimonde,1541,druid,restoration,42,25,17
3402,Атмос,deathguard,1541,druid,restoration,124,72,52
3403,Scorlok,eredar,1538,druid,restoration,62,38,24
3404,Нубстримсс,gordunni,1538,druid,restoration,82,38,44
3405,Tôrmêñtêd,outland,1535,druid,restoration,99,62,37
3406,Arogane,outland,1534,druid,restoration,69,36,33
3407,Utopiah,ravencrest,1533,druid,restoration,30,20,10
3408,Leyô,archimonde,1533,druid,restoration,30,16,14
3409,Devióus,twilights-hammer,1533,druid,restoration,131,68,63
3410,Kundz,dalaran,1530,druid,restoration,148,81,67
3411,Eviscreator,stormscale,1529,druid,restoration,45,27,18
3412,Kætachy,archimonde,1529,druid,restoration,42,16,26
3413,Hasselhoof,eredar,1526,druid,restoration,63,26,37
3414,Deluron,malganis,1525,druid,restoration,113,59,54
3415,Lyvuni,blackmoore,1524,druid,restoration,54,33,21
3416,Bjoernbrudn,ravencrest,1524,druid,restoration,30,16,14
3417,Skillfall,ravencrest,1524,druid,restoration,42,16,26
3418,Floka,archimonde,1523,druid,restoration,60,32,28
3419,Аренатренер,gordunni,1523,druid,restoration,60,25,35
3420,Вексиус,gordunni,1521,druid,restoration,42,24,18
3421,Dwaokut,ravencrest,1514,druid,restoration,47,24,23
3422,Zudwa,twisting-nether,1513,druid,restoration,26,16,10
3423,Asanaria,ravencrest,1513,druid,restoration,56,25,31
3424,Сладуляя,gordunni,1512,druid,restoration,53,23,30
3425,Tînkerbèll,blackmoore,1511,druid,restoration,41,22,19
3426,Bloomies,tarren-mill,1507,druid,restoration,100,59,41
3427,Homek,eredar,1505,druid,restoration,42,24,18
3428,Feelstreeman,twisting-nether,1504,druid,restoration,77,42,35
3429,Lÿter,dun-modr,1502,druid,restoration,60,27,33
3430,Buffbloom,auchindoun,1501,druid,restoration,135,70,65
3431,Ráw,dun-modr,1498,druid,restoration,52,24,28
3432,Setztes,tarren-mill,1494,druid,restoration,61,34,27
3433,Hatecrew,twisting-nether,1494,druid,restoration,53,29,24
3434,Kicki,outland,1494,druid,restoration,66,34,32
3435,Маккаланн,soulflayer,1493,druid,restoration,48,30,18
3436,Zaelitwo,archimonde,1490,druid,restoration,24,16,8
3437,Rougetreize,khaz-modan,1490,druid,restoration,30,16,14
3438,Shiftway,stormscale,1490,druid,restoration,30,16,14
3439,Làhen,ravencrest,1490,druid,restoration,100,50,50
3440,Atôtheex,kazzak,1488,druid,restoration,43,21,22
3441,Reinulfen,blackmoore,1482,druid,restoration,60,33,27
3442,Rytmusdudu,ragnaros,1478,druid,restoration,30,17,13
3443,Supremecat,kazzak,1477,druid,restoration,66,38,28
3444,Pureballs,twisting-nether,1477,druid,restoration,165,93,72
3445,Nyxxz,shattered-hand,1477,druid,restoration,36,19,17
3446,Xôárqt,aegwynn,1477,druid,restoration,72,33,39
3447,Nasgra,malganis,1473,druid,restoration,41,17,24
3448,Sandirion,silvermoon,1472,druid,restoration,434,216,218
3449,Halyconwings,outland,1470,druid,restoration,57,29,28
3450,Delviri,stormreaver,1467,druid,restoration,80,43,37
3451,Trúdl,das-konsortium,1466,druid,restoration,24,18,6
3452,Tunling,ravencrest,1466,druid,restoration,36,25,11
3453,Trollisha,mannoroth,1465,druid,restoration,293,136,157
3454,Drbse,silvermoon,1461,druid,restoration,56,28,28
3455,Jtepdru,ravencrest,1460,druid,restoration,126,63,63
3456,Lukass,drakthul,1459,druid,restoration,128,68,60
3457,Styleexd,ragnaros,1458,druid,restoration,69,39,30
3458,Spliçe,draenor,1458,druid,restoration,42,21,21
3459,Arlandia,drakthul,1458,druid,restoration,42,17,25
3460,Bakicadr,sylvanas,1454,druid,restoration,27,17,10
3461,Cptfalcony,outland,1453,druid,restoration,42,24,18
3462,Ööh,outland,1453,druid,restoration,48,25,23
3463,Warami,eredar,1453,druid,restoration,54,24,30
3464,Eaglefox,aszune,1452,druid,restoration,47,21,26
3465,Euskal,chogall,1451,druid,restoration,42,18,24
3466,Deltalol,blackmoore,1450,druid,restoration,48,25,23
3467,Tamburoo,tarren-mill,1449,druid,restoration,119,52,67
3468,Vashiko,tarren-mill,1446,druid,restoration,83,41,42
3469,Brorsnor,ravencrest,1445,druid,restoration,86,38,48
3470,Flum,darksorrow,1441,druid,restoration,148,77,71
3471,Xyruden,kazzak,1441,druid,restoration,171,69,102
3472,Ûnsullied,kazzak,1438,druid,restoration,30,15,15
3473,Ына,gordunni,1438,druid,restoration,81,39,42
3474,Síggíe,eredar,1436,druid,restoration,30,17,13
3475,Shredzz,ravencrest,1436,druid,restoration,36,15,21
3476,Dartdogg,sanguino,1436,druid,restoration,65,22,43
3477,Блумха,howling-fjord,1435,druid,restoration,66,34,32
3478,Scra,anubarak,1433,druid,restoration,107,55,52
3479,Yunalaa,blackmoore,1432,druid,restoration,32,20,12
3480,Kukisanban,stormscale,1432,druid,restoration,314,168,146
3481,Evílz,kazzak,1431,druid,restoration,24,15,9
3482,Брэвно,gordunni,1430,druid,restoration,225,116,109
3483,Wenciorek,kazzak,1429,druid,restoration,93,47,46
3484,Thanom,auchindoun,1428,druid,restoration,181,92,89
3485,Kittý,terokkar,1427,druid,restoration,156,76,80
3486,Analmonstret,shattered-hand,1427,druid,restoration,35,17,18
3487,Melonmanx,outland,1424,druid,restoration,24,15,9
3488,Weisslogia,aegwynn,1424,druid,restoration,30,15,15
3489,Febricyla,blackmoore,1424,druid,restoration,48,23,25
3490,Filyina,blackrock,1424,druid,restoration,105,46,59
3491,Georn,sylvanas,1423,druid,restoration,36,15,21
3492,Clovér,outland,1422,druid,restoration,47,22,25
3493,Tokifong,kazzak,1419,druid,restoration,36,15,21
3494,Eeivi,argent-dawn,1418,druid,restoration,135,70,65
3495,Mindru,sylvanas,1417,druid,restoration,45,22,23
3496,Lestty,the-maelstrom,1412,druid,restoration,30,19,11
3497,Фапдрим,howling-fjord,1412,druid,restoration,66,32,34
3498,Peerpope,draenor,1411,druid,restoration,122,69,53
3499,Grololotte,dalaran,1411,druid,restoration,120,66,54
3500,Antheiaa,frostmane,1411,druid,restoration,72,32,40
3501,Maethar,stormrage,1410,druid,restoration,105,63,42
3502,Ilyethea,earthen-ring,1408,druid,restoration,447,237,210
3503,Plàntz,tarren-mill,1406,druid,restoration,79,39,40
3504,Béccàbtw,draenor,1402,druid,restoration,30,16,14
3505,Dûdûrînâ,blackrock,1400,druid,restoration,24,15,9
3506,Ghaara,outland,1399,druid,restoration,46,28,18
3507,Hellofresh,silvermoon,1399,druid,restoration,54,21,33
3508,Kooglaash,kazzak,1395,druid,restoration,97,47,50
3509,Wagoneis,grim-batol,1395,druid,restoration,58,28,30
3510,Друлёнышь,eversong,1394,druid,restoration,125,65,60
3511,Shufflê,blackmoore,1392,druid,restoration,125,57,68
3512,Göli,argent-dawn,1390,druid,restoration,30,15,15
3513,Bloompuf,draenor,1384,druid,restoration,60,23,37
3514,Sertris,kazzak,1381,druid,restoration,52,21,31
3515,Gandraste,neptulon,1379,druid,restoration,24,19,5
3516,Азя,blackscar,1379,druid,restoration,54,22,32
3517,Катяблум,gordunni,1375,druid,restoration,60,24,36
3518,Kajiun,silvermoon,1373,druid,restoration,36,21,15
3519,Badbloom,ravencrest,1370,druid,restoration,46,22,24
3520,Erebear,ravencrest,1369,druid,restoration,59,34,25
3521,Solàryx,hyjal,1367,druid,restoration,60,29,31
3522,Мекс,gordunni,1366,druid,restoration,23,15,8
3523,Balanc,ragnaros,1366,druid,restoration,42,22,20
3524,Bägira,sylvanas,1366,druid,restoration,165,86,79
3525,Hideme,tarren-mill,1366,druid,restoration,72,31,41
3526,Pega,archimonde,1365,druid,restoration,41,15,26
3527,Avimoo,tarren-mill,1364,druid,restoration,41,22,19
3528,Bigßoi,stormscale,1364,druid,restoration,84,44,40
3529,Ráay,blackrock,1362,druid,restoration,42,19,23
3530,Cörelly,ravencrest,1358,druid,restoration,187,108,79
3531,Wooshy,kazzak,1358,druid,restoration,40,17,23
3532,Zwierzyniec,jaedenar,1357,druid,restoration,60,27,33
3533,Naruhot,archimonde,1353,druid,restoration,25,15,10
3534,Ивантяй,gordunni,1350,druid,restoration,113,55,58
3535,Althei,argent-dawn,1349,druid,restoration,45,22,23
3536,Wwvwwvwwvwvw,burning-legion,1347,druid,restoration,75,27,48
3537,Rabacki,blackmoore,1346,druid,restoration,78,36,42
3538,Feralgodx,quelthalas,1344,druid,restoration,27,16,11
3539,Zaeli,archimonde,1344,druid,restoration,24,14,10
3540,Cyclonebroo,blackmoore,1344,druid,restoration,29,15,14
3541,Lindémann,blackhand,1343,druid,restoration,36,19,17
3542,Acxaryl,ravencrest,1343,druid,restoration,30,14,16
3543,Mòzat,stormscale,1342,druid,restoration,24,14,10
3544,Asklepion,twisting-nether,1342,druid,restoration,30,14,16
3545,Bibeed,blackmoore,1339,druid,restoration,36,14,22
3546,Badbeliø,hyjal,1338,druid,restoration,76,27,49
3547,Ванечка,razuvious,1337,druid,restoration,36,14,22
3548,Hashtagone,ysondre,1336,druid,restoration,35,15,20
3549,Shifthappénz,draenor,1334,druid,restoration,60,28,32
3550,Вакидзами,gordunni,1331,druid,restoration,48,28,20
3551,Fabsl,archimonde,1330,druid,restoration,30,14,16
3552,Blacksage,dragonmaw,1327,druid,restoration,83,36,47
3553,Scaleo,stormreaver,1326,druid,restoration,42,26,16
3554,Друрашка,soulflayer,1325,druid,restoration,57,28,29
3555,Jikuni,ravencrest,1325,druid,restoration,36,16,20
3556,Knzm,dun-modr,1323,druid,restoration,120,62,58
3557,Koemarkt,sunstrider,1319,druid,restoration,46,29,17
3558,Endoplazmik,silvermoon,1319,druid,restoration,61,36,25
3559,Крайсонг,soulflayer,1316,druid,restoration,36,18,18
3560,Drukae,stormscale,1315,druid,restoration,30,14,16
3561,Idect,silvermoon,1314,druid,restoration,106,55,51
3562,Nizkul,dun-modr,1314,druid,restoration,68,33,35
3563,Yenwe,kazzak,1311,druid,restoration,142,73,69
3564,Nayokô,grim-batol,1310,druid,restoration,30,15,15
3565,Mangy,xavius,1309,druid,restoration,78,39,39
3566,Иггдрассиль,blackscar,1309,druid,restoration,30,15,15
3567,Dafapa,twilights-hammer,1306,druid,restoration,30,14,16
3568,Cultivatedz,twisting-nether,1306,druid,restoration,54,24,30
3569,Basilethe,hyjal,1304,druid,restoration,30,17,13
3570,Glaskål,draenor,1304,druid,restoration,48,17,31
3571,Rrayed,kazzak,1303,druid,restoration,76,39,37
3572,Wazam,kazzak,1302,druid,restoration,116,60,56
3573,Rawillinen,kazzak,1302,druid,restoration,30,14,16
3574,Boomayé,archimonde,1301,druid,restoration,56,34,22
3575,Leliaen,sylvanas,1298,druid,restoration,63,34,29
3576,Nuwell,arathor,1298,druid,restoration,72,31,41
3577,Друидсимба,howling-fjord,1296,druid,restoration,99,52,47
3578,Ekologiskxx,outland,1296,druid,restoration,85,40,45
3579,Wannabanhere,outland,1295,druid,restoration,41,16,25
3580,Callìa,sylvanas,1294,druid,restoration,36,18,18
3581,Shelby,tirion,1291,druid,restoration,69,36,33
3582,Рефикс,gordunni,1289,druid,restoration,97,60,37
3583,Microw,ghostlands,1289,druid,restoration,105,55,50
3584,Varrdru,kazzak,1288,druid,restoration,91,42,49
3585,Feinberg,stormscale,1286,druid,restoration,42,14,28
3586,Хуссипусси,galakrond,1285,druid,restoration,29,14,15
3587,Kattig,grim-batol,1284,druid,restoration,44,21,23
3588,Seikoo,defias-brotherhood,1284,druid,restoration,91,41,50
3589,Yeats,blackmoore,1283,druid,restoration,42,17,25
3590,Paawz,stormscale,1281,druid,restoration,65,33,32
3591,Chinoiserie,aszune,1277,druid,restoration,156,83,73
3592,Cubalitis,tarren-mill,1276,druid,restoration,39,24,15
3593,Zaratras,arathor,1276,druid,restoration,79,39,40
3594,Nøbødy,silvermoon,1276,druid,restoration,29,14,15
3595,Урька,blackscar,1272,druid,restoration,59,26,33
3596,Hanibalector,silvermoon,1269,druid,restoration,39,20,19
3597,Mchots,ragnaros,1267,druid,restoration,95,42,53
3598,Кнесис,howling-fjord,1266,druid,restoration,31,19,12
3599,Nelffie,kazzak,1266,druid,restoration,43,25,18
3600,Walexx,kazzak,1266,druid,restoration,44,25,19
3601,Delmond,sylvanas,1266,druid,restoration,185,93,92
3602,Nalreaa,kazzak,1265,druid,restoration,48,27,21
3603,Lalon,blackrock,1265,druid,restoration,48,24,24
3604,Noxlunaire,ravencrest,1265,druid,restoration,58,25,33
3605,Elainx,thrall,1264,druid,restoration,30,16,14
3606,Дюссельдорф,blackscar,1263,druid,restoration,30,19,11
3607,Обейрин,gordunni,1261,druid,restoration,78,40,38
3608,Cuxorb,rexxar,1259,druid,restoration,48,21,27
3609,Delarion,nemesis,1258,druid,restoration,36,21,15
3610,Lépaw,twisting-nether,1257,druid,restoration,71,36,35
3611,Närthex,kazzak,1253,druid,restoration,24,14,10
3612,Solstrale,ravencrest,1252,druid,restoration,67,29,38
3613,Киберужас,gordunni,1250,druid,restoration,128,62,66
3614,Випера,gordunni,1249,druid,restoration,36,19,17
3615,Liquis,outland,1249,druid,restoration,109,56,53
3616,Loleh,ragnaros,1247,druid,restoration,24,13,11
3617,Deltsur,stormscale,1247,druid,restoration,35,17,18
3618,Xomeboci,draenor,1246,druid,restoration,42,14,28
3619,Doodougie,silvermoon,1245,druid,restoration,30,13,17
3620,Mitnik,stormscale,1244,druid,restoration,122,71,51
3621,Hotlotta,aegwynn,1244,druid,restoration,24,13,11
3622,Naphé,ysondre,1243,druid,restoration,18,13,5
3623,Crep,krasus,1243,druid,restoration,30,21,9
3624,Kittyperry,tarren-mill,1243,druid,restoration,29,14,15
3625,Erdnuckèl,antonidas,1242,druid,restoration,27,18,9
3626,Gnaro,ragnaros,1242,druid,restoration,76,40,36
3627,Bonza,agamaggan,1241,druid,restoration,36,17,19
3628,Basajáun,dun-modr,1240,druid,restoration,48,17,31
3629,Ironveins,ravencrest,1238,druid,restoration,42,28,14
3630,Juicy,stormreaver,1237,druid,restoration,42,26,16
3631,ßløøm,outland,1236,druid,restoration,24,16,8
3632,Vanlise,ravencrest,1236,druid,restoration,54,26,28
3633,Diastra,silvermoon,1232,druid,restoration,120,60,60
3634,Midnightstry,alakir,1231,druid,restoration,259,137,122
3635,Корнерит,gordunni,1229,druid,restoration,82,43,39
3636,Acwi,dun-morogh,1226,druid,restoration,72,36,36
3637,Ninø,gorgonnash,1226,druid,restoration,51,25,26
3638,Weregoon,blackmoore,1225,druid,restoration,191,91,100
3639,Sgtdrood,archimonde,1223,druid,restoration,30,13,17
3640,Fettpumpad,karazhan,1221,druid,restoration,103,59,44
3641,Harei,archimonde,1221,druid,restoration,24,13,11
3642,Cazzette,grim-batol,1220,druid,restoration,40,24,16
3643,Siako,sanguino,1218,druid,restoration,71,32,39
3644,Tommix,ravencrest,1214,druid,restoration,26,14,12
3645,Deretus,blackmoore,1213,druid,restoration,34,13,21
3646,Kattbjörnen,ragnaros,1211,druid,restoration,66,34,32
3647,Dreaddot,archimonde,1210,druid,restoration,24,13,11
3648,Jehtrotull,nemesis,1210,druid,restoration,37,17,20
3649,Autoritär,gilneas,1209,druid,restoration,49,26,23
3650,Trõn,draenor,1208,druid,restoration,42,26,16
3651,Aebí,dalaran,1208,druid,restoration,24,13,11
3652,Shapeshafter,twisting-nether,1207,druid,restoration,114,56,58
3653,Ubbeleg,kazzak,1206,druid,restoration,30,18,12
3654,Zelíx,bronzebeard,1203,druid,restoration,47,29,18
3655,Spacedout,taerar,1202,druid,restoration,55,28,27
3656,Herbiko,turalyon,1201,druid,restoration,99,54,45
3657,Julss,archimonde,1201,druid,restoration,48,21,27
3658,Дилайт,blackscar,1201,druid,restoration,30,13,17
3659,Namenloser,azshara,1200,druid,restoration,72,39,33
3660,Goodzychoo,silvermoon,1199,druid,restoration,36,17,19
3661,Weiden,twisting-nether,1199,druid,restoration,42,19,23
3662,Karlsn,ravencrest,1197,druid,restoration,25,14,11
3663,Amakary,blackrock,1193,druid,restoration,42,19,23
3664,Tsurío,thrall,1191,druid,restoration,24,17,7
3665,Vícvega,ravencrest,1189,druid,restoration,46,24,22
3666,Plsbuffdruid,ravencrest,1189,druid,restoration,28,14,14
3667,Yazari,nathrezim,1188,druid,restoration,36,14,22
3668,Chable,hyjal,1187,druid,restoration,60,31,29
3669,Jiujiteiro,tarren-mill,1184,druid,restoration,47,26,21
3670,Collîî,aegwynn,1183,druid,restoration,44,25,19
3671,Eko,auchindoun,1183,druid,restoration,87,40,47
3672,Arear,frostmane,1183,druid,restoration,73,33,40
3673,Røxhot,archimonde,1182,druid,restoration,23,13,10
3674,Inkeyes,outland,1182,druid,restoration,107,45,62
3675,Papanik,tarren-mill,1179,druid,restoration,54,30,24
3676,Soratess,azshara,1179,druid,restoration,45,19,26
3677,Amberleaff,auchindoun,1178,druid,restoration,31,16,15
3678,Hílarío,sanguino,1174,druid,restoration,38,13,25
3679,Кэлиборн,gordunni,1173,druid,restoration,29,14,15
3680,Skailzdruid,hyjal,1172,druid,restoration,22,16,6
3681,Didi,frostwhisper,1171,druid,restoration,74,33,41
3682,Shinymoomoo,tarren-mill,1169,druid,restoration,27,14,13
3683,Ceapamatii,sylvanas,1167,druid,restoration,36,19,17
3684,Amoreah,silvermoon,1167,druid,restoration,70,28,42
3685,Xdrus,argent-dawn,1166,druid,restoration,50,26,24
3686,Halleyz,hyjal,1163,druid,restoration,135,70,65
3687,Bynxx,antonidas,1163,druid,restoration,118,57,61
3688,Дудумейстер,howling-fjord,1160,druid,restoration,144,60,84
3689,Lucael,blackmoore,1160,druid,restoration,60,22,38
3690,Zillo,stormscale,1159,druid,restoration,44,20,24
3691,Makelsi,tarren-mill,1158,druid,restoration,36,15,21
3692,Røsary,stormscale,1156,druid,restoration,81,43,38
3693,Mochiløxz,tarren-mill,1155,druid,restoration,24,13,11
3694,Walenok,thrall,1155,druid,restoration,185,90,95
3695,Cäsïo,khaz-modan,1154,druid,restoration,54,32,22
3696,Corias,blackmoore,1154,druid,restoration,42,14,28
3697,Stevedru,ravencrest,1152,druid,restoration,18,12,6
3698,Irondruid,silvermoon,1152,druid,restoration,87,46,41
3699,Ÿdrassia,archimonde,1152,druid,restoration,44,17,27
3700,Lfsecondreju,ravencrest,1151,druid,restoration,18,12,6
3701,Mutato,draenor,1151,druid,restoration,174,95,79
3702,Dyloxe,silvermoon,1151,druid,restoration,24,12,12
3703,Hotop,draenor,1151,druid,restoration,30,12,18
3704,Dreathqt,twisting-nether,1150,druid,restoration,24,12,12
3705,Rozt,ravencrest,1150,druid,restoration,24,12,12
3706,Khalec,silvermoon,1149,druid,restoration,34,20,14
3707,Burattino,draenor,1147,druid,restoration,12,12,0
3708,Bigdaddyshay,twisting-nether,1147,druid,restoration,18,12,6
3709,Olympïee,archimonde,1147,druid,restoration,24,12,12
3710,Elmáestró,aegwynn,1146,druid,restoration,24,12,12
3711,Bigbones,frostwolf,1146,druid,restoration,60,22,38
3712,Arazorwyn,ravencrest,1144,druid,restoration,42,27,15
3713,Trànsformer,nemesis,1142,druid,restoration,30,12,18
3714,Clownrad,tarren-mill,1141,druid,restoration,30,12,18
3715,Ipossible,kazzak,1141,druid,restoration,30,12,18
3716,Adiycrazy,outland,1138,druid,restoration,54,22,32
3717,Hót,ravencrest,1138,druid,restoration,42,14,28
3718,Karodoom,twisting-nether,1136,druid,restoration,24,13,11
3719,Golddy,hyjal,1136,druid,restoration,80,38,42
3720,Cliftshifter,outland,1134,druid,restoration,18,12,6
3721,Kbåkå,ravencrest,1134,druid,restoration,24,13,11
3722,Exïlla,archimonde,1134,druid,restoration,24,12,12
3723,Exane,ragnaros,1132,druid,restoration,24,14,10
3724,Spacenoub,archimonde,1130,druid,restoration,24,12,12
3725,Bioházard,blackrock,1129,druid,restoration,30,17,13
3726,Arfedan,kazzak,1128,druid,restoration,60,33,27
3727,Saimdude,blackrock,1128,druid,restoration,30,16,14
3728,Druibe,burning-legion,1127,druid,restoration,56,23,33
3729,Simplydrood,archimonde,1127,druid,restoration,30,12,18
3730,Dadud,twisting-nether,1126,druid,restoration,30,18,12
3731,Zarlaac,ravencrest,1126,druid,restoration,60,26,34
3732,Ковамедведь,borean-tundra,1125,druid,restoration,59,23,36
3733,Tsuteymanga,veknilash,1123,druid,restoration,60,28,32
3734,Maryjuanita,silvermoon,1122,druid,restoration,104,43,61
3735,Vranz,draenor,1120,druid,restoration,67,32,35
3736,Raysa,archimonde,1119,druid,restoration,69,35,34
3737,Moonshîne,arygos,1117,druid,restoration,94,54,40
3738,Kikinho,argent-dawn,1117,druid,restoration,24,12,12
3739,Räysa,archimonde,1116,druid,restoration,196,96,100
3740,Klerosa,moonglade,1114,druid,restoration,42,18,24
3741,Fotmrerollér,darksorrow,1113,druid,restoration,57,34,23
3742,Digestivebis,defias-brotherhood,1112,druid,restoration,85,50,35
3743,Ndnd,drakthul,1112,druid,restoration,82,42,40
3744,Legharta,ravencrest,1111,druid,restoration,84,31,53
3745,Сваткумбрат,eversong,1110,druid,restoration,78,26,52
3746,Mendozä,stormscale,1109,druid,restoration,70,35,35
3747,Zirkuszwei,aegwynn,1102,druid,restoration,29,14,15
3748,Эверих,soulflayer,1102,druid,restoration,28,13,15
3749,Snowrk,hyjal,1101,druid,restoration,42,25,17
3750,Vertymbras,hyjal,1101,druid,restoration,44,25,19
3751,Ankhenature,outland,1100,druid,restoration,71,40,31
3752,Shadowmeld,stormreaver,1100,druid,restoration,32,13,19
3753,Catkayn,stormscale,1100,druid,restoration,36,12,24
3754,Farodiin,blackmoore,1097,druid,restoration,84,43,41
3755,Hopê,burning-legion,1096,druid,restoration,84,52,32
3756,Ccmydcv,archimonde,1095,druid,restoration,25,13,12
3757,Morfer,grim-batol,1093,druid,restoration,24,12,12
3758,Tharandrél,argent-dawn,1092,druid,restoration,72,20,52
3759,Древнина,gordunni,1089,druid,restoration,42,20,22
3760,Mayte,ragnaros,1088,druid,restoration,23,14,9
3761,Relache,twisting-nether,1086,druid,restoration,42,23,19
3762,Petitchät,archimonde,1084,druid,restoration,28,15,13
3763,Betelgues,kazzak,1083,druid,restoration,96,52,44
3764,Арбузир,howling-fjord,1081,druid,restoration,36,13,23
3765,Georn,bladefist,1079,druid,restoration,17,12,5
3766,Vurgyl,hyjal,1079,druid,restoration,54,33,21
3767,Kaod,outland,1078,druid,restoration,30,17,13
3768,Drúídárn,talnivarr,1074,druid,restoration,54,26,28
3769,Bloomly,tarren-mill,1073,druid,restoration,36,18,18
3770,Jagerdog,archimonde,1072,druid,restoration,13,12,1
3771,Алунар,lich-king,1070,druid,restoration,84,39,45
3772,Дремлин,deathguard,1070,druid,restoration,71,31,40
3773,Atsumåsterx,archimonde,1069,druid,restoration,34,13,21
3774,Elanrya,argent-dawn,1066,druid,restoration,53,15,38
3775,Gyvunas,silvermoon,1065,druid,restoration,43,25,18
3776,Аматэррасу,blackscar,1065,druid,restoration,30,15,15
3777,Shadowcat,archimonde,1063,druid,restoration,25,12,13
3778,Mirana,drakthul,1057,druid,restoration,36,19,17
3779,Justforgames,ravencrest,1056,druid,restoration,12,11,1
3780,Degentiuso,alakir,1056,druid,restoration,30,21,9
3781,Kobrá,ravencrest,1056,druid,restoration,18,11,7
3782,Bananadru,stormscale,1056,druid,restoration,18,11,7
3783,Niknoom,azjolnerub,1056,druid,restoration,54,32,22
3784,Lïs,the-maelstrom,1056,druid,restoration,25,14,11
3785,Trolléverte,archimonde,1056,druid,restoration,27,15,12
3786,Taurvid,outland,1056,druid,restoration,24,11,13
3787,Хлайси,gordunni,1056,druid,restoration,24,11,13
3788,Sprøut,drakthul,1056,druid,restoration,24,11,13
3789,Shufflebot,sylvanas,1055,druid,restoration,18,11,7
3790,Badashellm,ravencrest,1055,druid,restoration,18,11,7
3791,Дуггизавр,howling-fjord,1055,druid,restoration,24,11,13
3792,Asøri,antonidas,1055,druid,restoration,30,11,19
3793,Ðezo,stormscale,1055,druid,restoration,30,11,19
3794,Oschlandor,blackmoore,1054,druid,restoration,12,11,1
3795,Shenandoah,hyjal,1054,druid,restoration,30,14,16
3796,Светдру,blackscar,1054,druid,restoration,24,11,13
3797,Solern,ravencrest,1054,druid,restoration,24,11,13
3798,Azchuk,blackmoore,1054,druid,restoration,24,11,13
3799,Wernøs,archimonde,1054,druid,restoration,27,12,15
3800,Тчаёк,gordunni,1052,druid,restoration,21,13,8
3801,Phala,outland,1052,druid,restoration,24,11,13
3802,Djungelgrabb,twisting-nether,1052,druid,restoration,42,19,23
3803,Xenva,blackmoore,1052,druid,restoration,30,13,17
3804,Benjosef,blackmoore,1051,druid,restoration,62,31,31
3805,Druidenbeton,antonidas,1050,druid,restoration,24,13,11
3806,Spidete,sanguino,1049,druid,restoration,78,41,37
3807,Moonfan,darkmoon-faire,1049,druid,restoration,36,14,22
3808,Влажныйдру,soulflayer,1048,druid,restoration,24,11,13
3809,Felfran,ravencrest,1047,druid,restoration,36,13,23
3810,Sodamncute,ravencrest,1046,druid,restoration,24,11,13
3811,Вертуос,soulflayer,1044,druid,restoration,29,12,17
3812,Жолудь,gordunni,1044,druid,restoration,42,15,27
3813,Greengolly,argent-dawn,1042,druid,restoration,30,11,19
3814,Luarbak,kazzak,1041,druid,restoration,18,11,7
3815,Hypnosoad,outland,1039,druid,restoration,82,33,49
3816,Folzenqt,archimonde,1038,druid,restoration,41,15,26
3817,Cárnagè,stormscale,1034,druid,restoration,74,32,42
3818,Xadidruîd,blackrock,1030,druid,restoration,42,11,31
3819,Storpboom,drakthul,1028,druid,restoration,31,13,18
3820,Chéchédroïd,marécage-de-zangar,1027,druid,restoration,64,30,34
3821,Klørfem,draenor,1027,druid,restoration,36,13,23
3822,Davincidru,tarren-mill,1026,druid,restoration,68,32,36
3823,Pudseytree,doomhammer,1025,druid,restoration,60,33,27
3824,Allod,stormscale,1025,druid,restoration,174,92,82
3825,Кишкинахир,razuvious,1025,druid,restoration,33,16,17
3826,Dreäms,ravencrest,1023,druid,restoration,66,37,29
3827,Raysien,doomhammer,1021,druid,restoration,24,13,11
3828,Shanikya,argent-dawn,1021,druid,restoration,44,20,24
3829,Tângo,eredar,1019,druid,restoration,31,15,16
3830,Wyngx,blackrock,1017,druid,restoration,24,14,10
3831,Эмканегодяйк,galakrond,1016,druid,restoration,77,41,36
3832,Омгдру,gordunni,1016,druid,restoration,117,53,64
3833,Дела,eversong,1012,druid,restoration,24,16,8
3834,Dobbmaster,aegwynn,1011,druid,restoration,244,121,123
3835,Флиперкэт,howling-fjord,1010,druid,restoration,36,12,24
3836,Wolfeiy,ravenholdt,1008,druid,restoration,90,50,40
3837,Ukri,ravencrest,1008,druid,restoration,22,11,11
3838,Akuda,blackrock,1004,druid,restoration,21,11,10
3839,Feedbark,stormscale,1002,druid,restoration,23,13,10
3840,Ушастикэ,gordunni,1001,druid,restoration,12,11,1
3841,Zerschmatzen,aegwynn,1001,druid,restoration,63,18,45
3842,Kirkey,terokkar,999,druid,restoration,65,33,32
3843,Inspiredrood,archimonde,990,druid,restoration,71,41,30
3844,Yespapa,kazzak,989,druid,restoration,190,99,91
3845,Sooamazing,korgall,987,druid,restoration,27,15,12
3846,Bearinator,aggramar,985,druid,restoration,57,26,31
3847,Liloè,onyxia,984,druid,restoration,30,16,14
3848,Sinestah,ravencrest,983,druid,restoration,55,24,31
3849,Dirtyhacks,blackmoore,982,druid,restoration,24,12,12
3850,Weremyst,outland,982,druid,restoration,32,11,21
3851,Ellismera,argent-dawn,978,druid,restoration,36,17,19
3852,Robutt,runetotem,976,druid,restoration,22,12,10
3853,Мирафлоресс,booty-bay,973,druid,restoration,60,27,33
3854,Spoco,defias-brotherhood,972,druid,restoration,84,43,41
3855,Sinthorasia,blackrock,972,druid,restoration,28,12,16
3856,Menolao,dun-morogh,970,druid,restoration,32,18,14
3857,Цукерище,gordunni,969,druid,restoration,17,11,6
3858,Jamburapro,sylvanas,964,druid,restoration,42,20,22
3859,Jimmorris,eredar,964,druid,restoration,24,11,13
3860,Wegian,sylvanas,962,druid,restoration,63,36,27
3861,Foxyfeet,outland,960,druid,restoration,18,10,8
3862,Блицклик,gordunni,959,druid,restoration,18,10,8
3863,Snedden,silvermoon,959,druid,restoration,30,15,15
3864,Flåppers,stormscale,959,druid,restoration,24,10,14
3865,Siuo,ravencrest,959,druid,restoration,24,10,14
3866,Zmira,outland,959,druid,restoration,30,10,20
3867,Bäckey,silvermoon,958,druid,restoration,12,10,2
3868,Rînaa,ravencrest,958,druid,restoration,18,10,8
3869,Iqfrags,silvermoon,957,druid,restoration,21,14,7
3870,Çãm,magtheridon,957,druid,restoration,18,10,8
3871,Plúx,antonidas,956,druid,restoration,26,10,16
3872,Элеарсия,gordunni,956,druid,restoration,42,15,27
3873,Маминапуська,soulflayer,955,druid,restoration,18,10,8
3874,Baldurix,blackrock,955,druid,restoration,27,12,15
3875,Moonfetamine,silvermoon,954,druid,restoration,30,10,20
3876,Энчантерес,gordunni,952,druid,restoration,30,10,20
3877,Disclaimed,twisting-nether,951,druid,restoration,24,10,14
3878,Ekaterina,dun-morogh,949,druid,restoration,18,10,8
3879,Thieane,blackhand,948,druid,restoration,18,10,8
3880,Johndru,kazzak,948,druid,restoration,71,26,45
3881,Zêrg,ysondre,946,druid,restoration,18,10,8
3882,Thélon,antonidas,945,druid,restoration,69,35,34
3883,Bazilika,argent-dawn,944,druid,restoration,32,14,18
3884,Cigamt,kazzak,943,druid,restoration,12,10,2
3885,Bonsai,terrordar,943,druid,restoration,24,10,14
3886,Muju,stormscale,942,druid,restoration,48,21,27
3887,Erinark,aegwynn,940,druid,restoration,42,10,32
3888,Zyska,outland,938,druid,restoration,193,83,110
3889,Nimèl,argent-dawn,936,druid,restoration,42,18,24
3890,Fubarmeep,outland,932,druid,restoration,42,22,20
3891,Krollix,dun-morogh,929,druid,restoration,47,25,22
3892,Loumpa,hyjal,928,druid,restoration,24,14,10
3893,Racadruid,antonidas,928,druid,restoration,36,10,26
3894,Maldrýn,stormscale,927,druid,restoration,17,10,7
3895,Gribix,kazzak,927,druid,restoration,18,10,8
3896,Ellinaki,neptulon,927,druid,restoration,84,42,42
3897,Santamonica,blackrock,927,druid,restoration,30,10,20
3898,Schwertlilie,aegwynn,925,druid,restoration,23,10,13
3899,Buffspencer,ragnaros,923,druid,restoration,77,39,38
3900,Missfar,doomhammer,923,druid,restoration,36,13,23
3901,Kkriss,stormscale,918,druid,restoration,22,11,11
3902,Shokazu,blackmoore,917,druid,restoration,64,29,35
3903,Yesco,malganis,912,druid,restoration,33,10,23
3904,Фэйблуд,blackscar,911,druid,restoration,108,51,57
3905,Бехеровка,grom,910,druid,restoration,58,24,34
3906,Kárél,drakthul,906,druid,restoration,24,12,12
3907,Akifumi,archimonde,903,druid,restoration,35,11,24
3908,Lyarx,ragnaros,902,druid,restoration,24,12,12
3909,Sfarcolacul,tarren-mill,902,druid,restoration,52,25,27
3910,Vioboomie,blackrock,901,druid,restoration,21,11,10
3911,Jambonmaster,archimonde,899,druid,restoration,24,12,12
3912,Celéry,silvermoon,896,druid,restoration,16,10,6
3913,Panørax,archimonde,895,druid,restoration,17,10,7
3914,Mw,dun-modr,893,druid,restoration,23,10,13
3915,Feanthur,drakthul,886,druid,restoration,148,72,76
3916,ßlackßåmßå,zuljin,886,druid,restoration,29,13,16
3917,Domsz,dalaran,883,druid,restoration,27,10,17
3918,Draneis,les-sentinelles,881,druid,restoration,32,16,16
3919,Do,alakir,876,druid,restoration,24,10,14
3920,Bunnykiss,kazzak,873,druid,restoration,24,10,14
3921,Ratskrone,alleria,872,druid,restoration,66,30,36
3922,Driiptoohard,turalyon,871,druid,restoration,68,29,39
3923,Merakir,dun-modr,870,druid,restoration,66,22,44
3924,Spaartaa,blackhand,870,druid,restoration,36,10,26
3925,Dokus,grim-batol,866,druid,restoration,30,11,19
3926,Healbrah,burning-blade,865,druid,restoration,54,10,44
3927,Viggez,outland,864,druid,restoration,18,9,9
3928,Иксвовски,gordunni,864,druid,restoration,18,9,9
3929,Tjann,darksorrow,864,druid,restoration,18,9,9
3930,Лабирон,soulflayer,864,druid,restoration,24,9,15
3931,Crìmz,aszune,864,druid,restoration,30,9,21
3932,Stonesight,argent-dawn,863,druid,restoration,12,9,3
3933,Zuuhhl,ravencrest,863,druid,restoration,12,9,3
3934,Elviiradruid,tarren-mill,863,druid,restoration,18,9,9
3935,Místergreen,ravencrest,863,druid,restoration,18,9,9
3936,Madmanul,draenor,863,druid,restoration,18,9,9
3937,Jtsoigne,ysondre,863,druid,restoration,40,19,21
3938,Synapes,outland,863,druid,restoration,24,9,15
3939,Prayx,dalaran,863,druid,restoration,24,9,15
3940,Yandris,argent-dawn,862,druid,restoration,18,9,9
3941,Csmedruid,blackrock,862,druid,restoration,18,9,9
3942,Smucka,ragnaros,861,druid,restoration,24,9,15
3943,Fknmad,burning-blade,860,druid,restoration,12,9,3
3944,Thardruid,stormscale,860,druid,restoration,18,9,9
3945,Suunto,blackrock,859,druid,restoration,18,9,9
3946,Shadraw,arakarahm,857,druid,restoration,24,9,15
3947,Aivy,boulderfist,856,druid,restoration,34,16,18
3948,Blazor,eredar,856,druid,restoration,24,9,15
3949,Relxc,outland,854,druid,restoration,12,9,3
3950,Борзойрог,soulflayer,854,druid,restoration,42,17,25
3951,Happyhoter,blackrock,854,druid,restoration,24,9,15
3952,Nious,kazzak,853,druid,restoration,24,9,15
3953,Lunatrixs,dun-modr,852,druid,restoration,18,9,9
3954,Maxekaxe,sylvanas,852,druid,restoration,24,9,15
3955,Nachtelf,lightbringer,850,druid,restoration,84,29,55
3956,Simouch,archimonde,848,druid,restoration,124,57,67
3957,Theridrax,twisting-nether,846,druid,restoration,20,9,11
3958,Chujogrzmot,kazzak,843,druid,restoration,23,9,14
3959,Iprex,outland,841,druid,restoration,18,10,8
3960,Houwalia,archimonde,840,druid,restoration,42,18,24
3961,Kaydjan,elune,839,druid,restoration,18,10,8
3962,Jagu,blackrock,839,druid,restoration,18,9,9
3963,Triplej,twisting-nether,836,druid,restoration,18,9,9
3964,Woodrla,sylvanas,833,druid,restoration,30,14,16
3965,Lyndruid,sylvanas,833,druid,restoration,72,27,45
3966,Robeala,twisting-nether,832,druid,restoration,42,17,25
3967,Rááy,blackrock,831,druid,restoration,17,9,8
3968,Ånåphorå,archimonde,830,druid,restoration,17,9,8
3969,Malandrin,khazgoroth,830,druid,restoration,24,9,15
3970,Omegaheals,scarshield-legion,826,druid,restoration,30,13,17
3971,Nube,alonsus,826,druid,restoration,66,25,41
3972,Ruap,blackmoore,822,druid,restoration,20,10,10
3973,Blolzz,silvermoon,819,druid,restoration,24,9,15
3974,Sorahe,arthas,818,druid,restoration,14,10,4
3975,Hotouck,hyjal,817,druid,restoration,14,10,4
3976,Metaboss,ravencrest,817,druid,restoration,71,24,47
3977,Karvapersé,argent-dawn,816,druid,restoration,24,10,14
3978,Macanbre,tarren-mill,813,druid,restoration,54,22,32
3979,Droodfist,khaz-modan,805,druid,restoration,54,24,30
3980,Инуараши,ashenvale,800,druid,restoration,32,11,21
3981,Trytargetme,outland,796,druid,restoration,17,9,8
3982,Spiralout,nemesis,789,druid,restoration,150,65,85
3983,Gladyon,ravencrest,785,druid,restoration,24,9,15
3984,Bidodici,nemesis,783,druid,restoration,135,57,78
3985,Lynysae,blackmoore,782,druid,restoration,17,9,8
3986,Buufu,kazzak,780,druid,restoration,19,9,10
3987,Bunzor,sylvanas,768,druid,restoration,12,8,4
3988,Dablol,draenor,768,druid,restoration,12,8,4
3989,Ecological,outland,768,druid,restoration,12,8,4
3990,Jin,the-venture-co,768,druid,restoration,18,8,10
3991,Lyricx,kazzak,768,druid,restoration,18,8,10
3992,Neverfall,aegwynn,768,druid,restoration,24,10,14
3993,Skilloxus,gilneas,768,druid,restoration,105,35,70
3994,Greenlips,ravencrest,768,druid,restoration,24,8,16
3995,Alexialol,silvermoon,767,druid,restoration,12,8,4
3996,Brindefolie,archimonde,767,druid,restoration,18,8,10
3997,Fanboij,kazzak,767,druid,restoration,18,8,10
3998,Jugaia,frostmourne,767,druid,restoration,18,8,10
3999,Exilia,kragjin,767,druid,restoration,18,8,10
4000,Saintbiose,dalaran,766,druid,restoration,12,8,4
4001,Elysea,antonidas,766,druid,restoration,18,8,10
4002,Crydotcom,aegwynn,765,druid,restoration,18,8,10
4003,Memento,kazzak,765,druid,restoration,18,8,10
4004,Ischumekcid,anubarak,765,druid,restoration,18,8,10
4005,Silvyan,silvermoon,765,druid,restoration,21,8,13
4006,Nutzlos,azshara,763,druid,restoration,84,24,60
4007,Димитруа,howling-fjord,761,druid,restoration,18,8,10
4008,Semiflora,silvermoon,757,druid,restoration,24,8,16
4009,Лаегмерил,gordunni,756,druid,restoration,16,9,7
4010,Mandy,spinebreaker,755,druid,restoration,18,8,10
4011,Caturday,terrordar,755,druid,restoration,24,9,15
4012,Nargaí,kargath,753,druid,restoration,18,8,10
4013,Hootymactoot,magtheridon,752,druid,restoration,12,8,4
4014,Karochi,kazzak,751,druid,restoration,12,8,4
4015,Bug,eredar,747,druid,restoration,12,8,4
4016,Foyboy,ravencrest,747,druid,restoration,62,13,49
4017,Frostfox,ghostlands,741,druid,restoration,22,9,13
4018,Haveacoffee,stormscale,739,druid,restoration,54,17,37
4019,Ivysun,auchindoun,734,druid,restoration,20,9,11
4020,Saxondale,aszune,729,druid,restoration,18,8,10
4021,Лордсенка,eversong,721,druid,restoration,18,8,10
4022,Høtbøt,ysera,719,druid,restoration,15,9,6
4023,Yam,thrall,719,druid,restoration,17,8,9
4024,Catman,eredar,717,druid,restoration,15,9,6
4025,Avemonthemus,silvermoon,701,druid,restoration,23,9,14
4026,Sylocin,earthen-ring,699,druid,restoration,16,8,8
4027,Найтед,gordunni,678,druid,restoration,17,10,7
4028,Магараганага,azuregos,675,druid,restoration,25,8,17
4029,Treedog,ravencrest,672,druid,restoration,12,7,5
4030,Bntyx,dun-modr,672,druid,restoration,12,7,5
4031,Dortalon,outland,672,druid,restoration,12,7,5
4032,Icecöld,silvermoon,672,druid,restoration,12,7,5
4033,Maiverdr,ravencrest,672,druid,restoration,12,7,5
4034,Zarune,sanguino,672,druid,restoration,12,7,5
4035,Luuxiå,archimonde,672,druid,restoration,12,7,5
4036,Druidomedio,pozzo-delleternità,672,druid,restoration,12,7,5
4037,Jakeffsake,stormscale,672,druid,restoration,12,7,5
4038,Isitbleedin,silvermoon,672,druid,restoration,12,7,5
4039,Nozome,draenor,672,druid,restoration,18,7,11
4040,Darkyblood,archimonde,672,druid,restoration,18,7,11
4041,Pikkusuhnu,twisting-nether,672,druid,restoration,18,7,11
4042,Drèamer,ravencrest,672,druid,restoration,18,7,11
4043,Jackyblue,silvermoon,672,druid,restoration,18,7,11
4044,Vinniehacker,archimonde,672,druid,restoration,18,7,11
4045,Juhudy,kazzak,672,druid,restoration,18,7,11
4046,Buzzlîghtyea,outland,672,druid,restoration,18,7,11
4047,Smightydr,silvermoon,672,druid,restoration,18,7,11
4048,Стомпбр,gordunni,672,druid,restoration,24,7,17
4049,Yseraheal,drakthul,672,druid,restoration,24,7,17
4050,Champaa,aggra-português,672,druid,restoration,24,7,17
4051,Darktigrou,archimonde,671,druid,restoration,12,7,5
4052,Norkenis,neptulon,671,druid,restoration,12,7,5
4053,Мамамышь,gordunni,671,druid,restoration,12,7,5
4054,Druidorie,ravencrest,671,druid,restoration,12,7,5
4055,Séyla,blackrock,671,druid,restoration,12,7,5
4056,Badballance,outland,671,druid,restoration,12,7,5
4057,Pzyhlol,anetheron,671,druid,restoration,12,7,5
4058,Тое,soulflayer,671,druid,restoration,12,7,5
4059,Pomdöner,echsenkessel,671,druid,restoration,12,7,5
4060,Scuta,sylvanas,671,druid,restoration,18,7,11
4061,Царапкатян,gordunni,671,druid,restoration,18,7,11
4062,Wizår,outland,671,druid,restoration,18,7,11
4063,Zkasnoname,archimonde,671,druid,restoration,18,7,11
4064,Bayerant,burning-legion,671,druid,restoration,24,7,17
4065,Шеданна,gordunni,671,druid,restoration,24,7,17
4066,Wrak,eonar,670,druid,restoration,12,7,5
4067,Buckxxz,nazjatar,670,druid,restoration,12,7,5
4068,Proxis,the-maelstrom,670,druid,restoration,18,7,11
4069,Muffinjump,outland,670,druid,restoration,18,7,11
4070,Soný,aegwynn,670,druid,restoration,18,7,11
4071,Sâty,draenor,669,druid,restoration,18,7,11
4072,Azenoir,ravencrest,669,druid,restoration,18,7,11
4073,Ballosh,hyjal,669,druid,restoration,18,7,11
4074,Gailiûga,kazzak,669,druid,restoration,25,8,17
4075,Ultrassick,kazzak,668,druid,restoration,12,7,5
4076,Kezbaniye,silvermoon,668,druid,restoration,12,7,5
4077,Shäylä,sinstralis,667,druid,restoration,12,7,5
4078,Thaeldres,argent-dawn,667,druid,restoration,18,7,11
4079,Bepanten,azshara,665,druid,restoration,18,7,11
4080,Çhuucky,khaz-modan,663,druid,restoration,30,7,23
4081,Shaorma,ravencrest,661,druid,restoration,12,7,5
4082,Druiddamage,the-maelstrom,660,druid,restoration,18,7,11
4083,Rukashi,die-aldor,659,druid,restoration,12,7,5
4084,Raktav,kazzak,659,druid,restoration,12,7,5
4085,Сутулоерыгло,howling-fjord,658,druid,restoration,20,7,13
4086,Arianator,culte-de-la-rive-noire,652,druid,restoration,18,7,11
4087,Foaqi,aegwynn,639,druid,restoration,16,7,9
4088,Lutzmiller,eredar,637,druid,restoration,39,14,25
4089,Kùrámágødx,ravencrest,624,druid,restoration,17,7,10
4090,Нюхнимедведя,blackscar,623,druid,restoration,11,7,4
4091,Aolynk,twisting-nether,615,druid,restoration,23,8,15
4092,ßïgßúll,twisting-nether,614,druid,restoration,19,8,11
4093,Chainbrake,sylvanas,611,druid,restoration,21,10,11
4094,Heavysmoker,emeriss,607,druid,restoration,11,7,4
4095,Lorucka,die-nachtwache,607,druid,restoration,14,7,7
4096,Метафрея,gordunni,605,druid,restoration,11,7,4
4097,Medreas,argent-dawn,594,druid,restoration,16,7,9
4098,Draxedin,kazzak,576,druid,restoration,6,6,0
4099,Twerkdabooty,azjolnerub,576,druid,restoration,6,6,0
4100,Jnzymiau,blackrock,576,druid,restoration,10,7,3
4101,Ravnac,aegwynn,576,druid,restoration,12,6,6
4102,Ghxsty,silvermoon,576,druid,restoration,12,6,6
4103,Theforest,stormscale,576,druid,restoration,12,6,6
4104,Telpha,onyxia,576,druid,restoration,12,6,6
4105,Thorns,blackrock,576,druid,restoration,12,6,6
4106,Felisin,ravencrest,576,druid,restoration,12,6,6
4107,Kyssope,chants-éternels,576,druid,restoration,12,6,6
4108,Muraglia,pozzo-delleternità,576,druid,restoration,12,6,6
4109,Vacuumcleanr,ravencrest,576,druid,restoration,12,6,6
4110,Cyriaan,eredar,576,druid,restoration,12,6,6
4111,Афклалка,gordunni,576,druid,restoration,12,6,6
4112,Zaelithree,archimonde,576,druid,restoration,12,6,6
4113,Ferraribob,ravencrest,576,druid,restoration,12,6,6
4114,Sakkosækk,ravencrest,576,druid,restoration,12,6,6
4115,Vijaja,aegwynn,576,druid,restoration,12,6,6
4116,Freddyßear,draenor,576,druid,restoration,12,6,6
4117,Jincksdru,ravencrest,576,druid,restoration,12,6,6
4118,Sálty,aegwynn,576,druid,restoration,12,6,6
4119,Jhiun,ragnaros,576,druid,restoration,12,6,6
4120,Vacaleiteira,aggra-português,576,druid,restoration,12,6,6
4121,Layzz,archimonde,576,druid,restoration,12,6,6
4122,Poporseven,archimonde,576,druid,restoration,12,6,6
4123,Bøømerswågxx,twisting-nether,576,druid,restoration,12,6,6
4124,Milkyheals,burning-blade,576,druid,restoration,12,6,6
4125,Caldino,tarren-mill,576,druid,restoration,17,7,10
4126,Pölkky,argent-dawn,576,druid,restoration,18,6,12
4127,Джунали,howling-fjord,576,druid,restoration,18,6,12
4128,Steuerung,twisting-nether,576,druid,restoration,18,6,12
4129,Swisz,bronzebeard,576,druid,restoration,18,6,12
4130,Neverpanic,stormscale,576,druid,restoration,18,6,12
4131,Shaelx,nethersturm,576,druid,restoration,18,6,12
4132,Tjillevippen,tarren-mill,576,druid,restoration,18,6,12
4133,Eluñeãdore,silvermoon,575,druid,restoration,6,6,0
4134,Chicobullz,ysondre,575,druid,restoration,12,6,6
4135,Jinxaran,culte-de-la-rive-noire,575,druid,restoration,12,6,6
4136,Geeorge,stormscale,575,druid,restoration,12,6,6
4137,Eô,antonidas,575,druid,restoration,12,6,6
4138,Лэвиш,blackscar,575,druid,restoration,12,6,6
4139,Afret,kazzak,575,druid,restoration,12,6,6
4140,Garbloom,silvermoon,575,druid,restoration,12,6,6
4141,Mistgone,hyjal,575,druid,restoration,12,6,6
4142,Shylanna,ragnaros,575,druid,restoration,12,6,6
4143,Iamsocute,silvermoon,575,druid,restoration,12,6,6
4144,Lucidor,frostmane,575,druid,restoration,12,6,6
4145,Scarrymonsta,outland,575,druid,restoration,12,6,6
4146,Telaroxx,die-nachtwache,575,druid,restoration,18,6,12
4147,Sartipus,draenor,575,druid,restoration,18,6,12
4148,Avilary,tarren-mill,575,druid,restoration,18,6,12
4149,Pouletqt,archimonde,575,druid,restoration,18,6,12
4150,Indann,kazzak,575,druid,restoration,18,6,12
4151,Séifér,auchindoun,575,druid,restoration,18,6,12
4152,Storfjåset,stormscale,575,druid,restoration,18,6,12
4153,Mascraxx,earthen-ring,575,druid,restoration,18,6,12
4154,Tsihsel,ravencrest,574,druid,restoration,12,6,6
4155,Mcneil,wrathbringer,574,druid,restoration,12,6,6
4156,Ruberg,kazzak,574,druid,restoration,12,6,6
4157,Silverdice,thrall,574,druid,restoration,12,6,6
4158,Spritzer,tarren-mill,574,druid,restoration,12,6,6
4159,Bloomer,stormreaver,574,druid,restoration,18,6,12
4160,Rìften,stormscale,574,druid,restoration,18,6,12
4161,Зервес,gordunni,574,druid,restoration,24,6,18
4162,Goatmeal,draenor,574,druid,restoration,24,6,18
4163,Oaky,alonsus,573,druid,restoration,12,6,6
4164,Dfjguidfg,baelgun,573,druid,restoration,18,6,12
4165,Ragdru,twisting-nether,573,druid,restoration,24,6,18
4166,Nøboorst,ravencrest,571,druid,restoration,12,6,6
4167,Kirïllx,silvermoon,571,druid,restoration,12,6,6
4168,Bearshift,aggra-português,571,druid,restoration,18,6,12
4169,Pussn,twisting-nether,570,druid,restoration,18,6,12
4170,Kelerun,blackhand,570,druid,restoration,24,6,18
4171,Эгерме24FA33,howling-fjord,569,druid,restoration,12,6,6
4172,Essya,earthen-ring,569,druid,restoration,31,7,24
4173,Roséa,ravencrest,568,druid,restoration,18,6,12
4174,Walkao,tarren-mill,566,druid,restoration,12,6,6
4175,Wellsie,blackmoore,565,druid,restoration,18,6,12
4176,Djclonex,archimonde,564,druid,restoration,18,6,12
4177,Trayndaras,drakthul,543,druid,restoration,11,6,5
4178,Vlookup,tarren-mill,543,druid,restoration,17,6,11
4179,Siahra,khaz-modan,534,druid,restoration,48,6,42
4180,Quorn,pozzo-delleternità,527,druid,restoration,13,7,6
4181,Deliveru,outland,527,druid,restoration,17,6,11
4182,Noodledru,tarren-mill,526,druid,restoration,21,6,15
4183,Zagrem,antonidas,522,druid,restoration,16,7,9
4184,Dablolo,ravencrest,521,druid,restoration,12,7,5
4185,Auspicer,moonglade,519,druid,restoration,16,7,9
4186,Nøkki,draenor,517,druid,restoration,21,8,13
4187,Sethdr,hyjal,511,druid,restoration,20,6,14
4188,Laserlars,blackrock,480,druid,restoration,6,5,1
4189,Piñaclo,archimonde,480,druid,restoration,6,5,1
4190,Mykk,ravencrest,480,druid,restoration,6,5,1
4191,Мегабамбук,soulflayer,480,druid,restoration,6,5,1
4192,Quadpulse,ravencrest,480,druid,restoration,6,5,1
4193,Kvalitet,outland,480,druid,restoration,12,5,7
4194,Nightmoon,hellscream,480,druid,restoration,12,5,7
4195,Marmotini,the-maelstrom,480,druid,restoration,12,5,7
4196,Slimp,the-maelstrom,480,druid,restoration,12,5,7
4197,Holybarkz,aegwynn,480,druid,restoration,12,5,7
4198,Druni,blackrock,480,druid,restoration,12,5,7
4199,Higuys,the-maelstrom,480,druid,restoration,12,5,7
4200,Horstyolo,blackrock,480,druid,restoration,12,5,7
4201,Jenovas,argent-dawn,480,druid,restoration,12,5,7
4202,Helløkittyßß,dun-modr,480,druid,restoration,12,5,7
4203,Solutionx,aegwynn,480,druid,restoration,12,5,7
4204,Animaldoh,kazzak,480,druid,restoration,12,5,7
4205,Troc,karazhan,480,druid,restoration,12,5,7
4206,Thatzdmg,blackmoore,480,druid,restoration,12,5,7
4207,Crysís,sanguino,480,druid,restoration,12,5,7
4208,Daisyx,eredar,480,druid,restoration,12,5,7
4209,Duharbrahud,outland,480,druid,restoration,12,5,7
4210,Druidicchi,stormscale,480,druid,restoration,12,5,7
4211,Akasuky,thrall,480,druid,restoration,12,5,7
4212,Skirr,kelthuzad,480,druid,restoration,12,5,7
4213,Napsta,sylvanas,480,druid,restoration,12,5,7
4214,Brosephiné,stormscale,480,druid,restoration,12,5,7
4215,Epicskin,kazzak,480,druid,restoration,12,5,7
4216,Kaher,ravencrest,480,druid,restoration,12,5,7
4217,Solonely,argent-dawn,480,druid,restoration,12,5,7
4218,Devastras,ravencrest,480,druid,restoration,12,5,7
4219,Vaacku,stormreaver,480,druid,restoration,12,5,7
4220,Madshad,draenor,480,druid,restoration,12,5,7
4221,Jebaitor,tarren-mill,480,druid,restoration,12,5,7
4222,Asude,outland,480,druid,restoration,12,5,7
4223,Neshalry,blackhand,480,druid,restoration,13,5,8
4224,Bigbaddream,stormscale,480,druid,restoration,18,5,13
4225,Локотьдрева,gordunni,480,druid,restoration,18,5,13
4226,Åzjôl,magtheridon,480,druid,restoration,18,5,13
4227,Plantpuzzl,silvermoon,480,druid,restoration,18,5,13
4228,Groundpovx,blackmoore,480,druid,restoration,18,5,13
4229,Restaidpvs,wildhammer,480,druid,restoration,18,5,13
4230,Subu,drakthul,480,druid,restoration,18,5,13
4231,Spankproof,kazzak,479,druid,restoration,6,5,1
4232,Клиптыч,soulflayer,479,druid,restoration,6,5,1
4233,Alfrëd,quelthalas,479,druid,restoration,12,5,7
4234,Bhorumir,colinas-pardas,479,druid,restoration,12,5,7
4235,Inspira,teldrassil,479,druid,restoration,12,5,7
4236,Greenthûmbs,sylvanas,479,druid,restoration,12,5,7
4237,Delphina,dun-modr,479,druid,restoration,12,5,7
4238,Reiss,tarren-mill,479,druid,restoration,12,5,7
4239,Epidruid,stormrage,479,druid,restoration,12,5,7
4240,Друоид,howling-fjord,479,druid,restoration,12,5,7
4241,Nissemand,ravencrest,479,druid,restoration,12,5,7
4242,Tanariel,ravencrest,479,druid,restoration,12,5,7
4243,Sieur,archimonde,479,druid,restoration,12,5,7
4244,Wiyah,hyjal,479,druid,restoration,12,5,7
4245,Quiksx,blackrock,479,druid,restoration,13,5,8
4246,Whiskers,emerald-dream,479,druid,restoration,16,6,10
4247,Drix,frostwolf,479,druid,restoration,15,5,10
4248,Jemyd,aegwynn,479,druid,restoration,24,5,19
4249,Pakù,archimonde,478,druid,restoration,6,5,1
4250,Kroshka,sylvanas,478,druid,restoration,12,5,7
4251,Шмыгадру,eversong,478,druid,restoration,12,5,7
4252,Yodox,kazzak,477,druid,restoration,6,5,1
4253,Malfis,the-maelstrom,477,druid,restoration,12,5,7
4254,Sýrês,malganis,475,druid,restoration,12,5,7
4255,Prowlinger,silvermoon,473,druid,restoration,12,5,7
4256,Voodoodrood,draenor,473,druid,restoration,30,5,25
4257,Котанет,gordunni,472,druid,restoration,24,5,19
4258,Iamtheone,ragnaros,463,druid,restoration,17,5,12
4259,Krayzz,tarren-mill,448,druid,restoration,16,5,11
4260,Márron,blackhand,447,druid,restoration,10,6,4
4261,Druidicmorr,sylvanas,447,druid,restoration,10,5,5
4262,Oyoyo,kaelthas,446,druid,restoration,8,6,2
4263,Ambracer,silvermoon,444,druid,restoration,8,6,2
4264,Исмалат,howling-fjord,429,druid,restoration,11,5,6
4265,Pfandmalle,blackrock,426,druid,restoration,14,6,8
4266,Qjkuug,ravencrest,416,druid,restoration,10,5,5
4267,Meridus,thrall,400,druid,restoration,13,5,8
4268,Bartoluca,twisting-nether,393,druid,restoration,34,6,28
4269,Maghh,ravencrest,384,druid,restoration,6,4,2
4270,Jellyxdd,silvermoon,384,druid,restoration,6,4,2
4271,Cerius,drakthul,384,druid,restoration,6,4,2
4272,Xandersito,sanguino,384,druid,restoration,6,4,2
4273,Sensisdruid,blackmoore,384,druid,restoration,6,4,2
4274,Híraad,blackmoore,384,druid,restoration,6,4,2
4275,Mancy,silvermoon,384,druid,restoration,6,4,2
4276,Heathen,defias-brotherhood,384,druid,restoration,6,4,2
4277,Jimmyjam,archimonde,384,druid,restoration,6,4,2
4278,Нагетсмяу,howling-fjord,384,druid,restoration,6,4,2
4279,Stuu,nathrezim,384,druid,restoration,6,4,2
4280,Kapidrooqt,suramar,384,druid,restoration,6,4,2
4281,Druidka,grim-batol,384,druid,restoration,6,4,2
4282,Марголав,gordunni,384,druid,restoration,6,4,2
4283,Bilmo,ragnaros,384,druid,restoration,6,4,2
4284,Stinka,ravencrest,384,druid,restoration,6,4,2
4285,Zeroclones,the-maelstrom,384,druid,restoration,6,4,2
4286,Jìnro,stormscale,384,druid,restoration,6,4,2
4287,Greenberry,eonar,384,druid,restoration,6,4,2
4288,Bigborst,ravencrest,384,druid,restoration,6,4,2
4289,Koala,temple-noir,384,druid,restoration,6,4,2
4290,Farmmygold,dun-modr,384,druid,restoration,12,4,8
4291,Holybarkzqt,aegwynn,384,druid,restoration,12,4,8
4292,Bulldócer,sanguino,384,druid,restoration,12,4,8
4293,Sneedlewøødz,exodar,384,druid,restoration,12,4,8
4294,Wakefields,dun-modr,384,druid,restoration,12,4,8
4295,Hotsexpress,aegwynn,384,druid,restoration,12,4,8
4296,Cumulisama,sylvanas,384,druid,restoration,12,4,8
4297,Xanxiety,outland,384,druid,restoration,12,4,8
4298,Daleen,silvermoon,384,druid,restoration,12,4,8
4299,Swiftlife,blackrock,384,druid,restoration,12,4,8
4300,Irrlycht,blackrock,384,druid,restoration,12,4,8
4301,Vickepicke,stormreaver,384,druid,restoration,12,4,8
4302,Kobra,twilights-hammer,384,druid,restoration,12,4,8
4303,Murlwywy,blackmoore,384,druid,restoration,12,4,8
4304,Toffyfee,anetheron,384,druid,restoration,12,4,8
4305,Найадра,gordunni,384,druid,restoration,12,4,8
4306,Biglet,tarren-mill,384,druid,restoration,12,4,8
4307,Sqoopy,tarren-mill,384,druid,restoration,12,4,8
4308,Ravenfel,argent-dawn,384,druid,restoration,12,4,8
4309,Hotundwech,blackrock,384,druid,restoration,12,4,8
4310,Fiq,silvermoon,384,druid,restoration,12,4,8
4311,Àlec,silvermoon,384,druid,restoration,12,4,8
4312,Farashh,archimonde,384,druid,restoration,12,4,8
4313,Celtimi,antonidas,384,druid,restoration,12,4,8
4314,Nediena,twisting-nether,384,druid,restoration,12,4,8
4315,Baraforet,archimonde,384,druid,restoration,12,4,8
4316,Meowu,twisting-nether,384,druid,restoration,12,4,8
4317,Litany,drakthul,384,druid,restoration,13,4,9
4318,Nezara,kazzak,384,druid,restoration,18,4,14
4319,Hrz,kazzak,384,druid,restoration,18,4,14
4320,Cmfg,blackrock,383,druid,restoration,6,4,2
4321,Growiêlle,ravencrest,383,druid,restoration,6,4,2
4322,Бабазарулем,fordragon,383,druid,restoration,6,4,2
4323,Blackfür,sylvanas,383,druid,restoration,6,4,2
4324,Restopesto,silvermoon,383,druid,restoration,6,4,2
4325,Lathlas,defias-brotherhood,383,druid,restoration,6,4,2
4326,Santoniq,dun-morogh,383,druid,restoration,6,4,2
4327,Jabbah,defias-brotherhood,383,druid,restoration,6,4,2
4328,Noxndruid,blackhand,383,druid,restoration,12,4,8
4329,Arns,kazzak,383,druid,restoration,12,4,8
4330,Mimisiek,burning-legion,383,druid,restoration,12,4,8
4331,Xidenn,quelthalas,383,druid,restoration,12,4,8
4332,Høpè,die-silberne-hand,383,druid,restoration,12,4,8
4333,Semenisback,archimonde,383,druid,restoration,12,4,8
4334,Прожималодру,deathguard,383,druid,restoration,12,4,8
4335,Opla,nethersturm,383,druid,restoration,12,4,8
4336,Leeonore,burning-legion,383,druid,restoration,18,4,14
4337,Itê,dun-morogh,383,druid,restoration,18,4,14
4338,Шикалат,howling-fjord,383,druid,restoration,24,4,20
4339,Mongetout,ravencrest,382,druid,restoration,6,4,2
4340,Nali,arthas,382,druid,restoration,6,4,2
4341,Xele,destromath,382,druid,restoration,6,4,2
4342,Pega,nazjatar,382,druid,restoration,12,4,8
4343,Amalou,ravencrest,381,druid,restoration,12,4,8
4344,Dolob,ragnaros,381,druid,restoration,18,4,14
4345,Tranquillo,outland,379,druid,restoration,12,4,8
4346,Jincksdru,anachronos,367,druid,restoration,11,4,7
4347,Demerit,defias-brotherhood,351,druid,restoration,11,4,7
4348,Biegel,ysera,351,druid,restoration,11,4,7
4349,Fapmasterx,eredar,351,druid,restoration,23,4,19
4350,Lyvaley,dun-modr,350,druid,restoration,16,4,12
4351,Lyhene,outland,339,druid,restoration,32,8,24
4352,Orgazmo,archimonde,335,druid,restoration,11,4,7
4353,Wuppii,blackmoore,329,druid,restoration,10,6,4
4354,Hubek,silvermoon,328,druid,restoration,8,6,2
4355,Néøu,archimonde,288,druid,restoration,6,3,3
4356,Eftersmak,ravencrest,288,druid,restoration,6,3,3
4357,Owldschool,blackmoore,288,druid,restoration,6,3,3
4358,Moonbloom,defias-brotherhood,288,druid,restoration,6,3,3
4359,Miyá,sylvanas,288,druid,restoration,6,3,3
4360,Nohos,blackrock,288,druid,restoration,6,3,3
4361,Ghøstavdruid,ravencrest,288,druid,restoration,6,3,3
4362,Sygko,kazzak,288,druid,restoration,6,3,3
4363,Noobr,ravencrest,288,druid,restoration,6,3,3
4364,Bêlion,dun-modr,288,druid,restoration,6,3,3
4365,Hurutuk,ysondre,288,druid,restoration,6,3,3
4366,Qwopeiqpwoid,kazzak,288,druid,restoration,6,3,3
4367,Magiskeforme,draenor,288,druid,restoration,6,3,3
4368,Skuhlxz,thrall,288,druid,restoration,6,3,3
4369,Faustîno,dun-modr,288,druid,restoration,6,3,3
4370,Wurzeldor,ravencrest,288,druid,restoration,6,3,3
4371,Коляскальяс,howling-fjord,288,druid,restoration,6,3,3
4372,Сайнтификх,gordunni,288,druid,restoration,6,3,3
4373,Drozzie,twisting-nether,288,druid,restoration,6,3,3
4374,Фонш,soulflayer,288,druid,restoration,6,3,3
4375,Дробовик,soulflayer,288,druid,restoration,6,3,3
4376,Vellusdruid,burning-legion,288,druid,restoration,6,3,3
4377,Whitemaine,aggramar,288,druid,restoration,6,3,3
4378,Lèafy,silvermoon,288,druid,restoration,6,3,3
4379,Мехнакиске,howling-fjord,288,druid,restoration,6,3,3
4380,Lolaven,turalyon,288,druid,restoration,6,3,3
4381,Myos,conseil-des-ombres,288,druid,restoration,6,3,3
4382,Biomat,norgannon,288,druid,restoration,6,3,3
4383,Ксенона,gordunni,288,druid,restoration,6,3,3
4384,Танганэку,howling-fjord,288,druid,restoration,6,3,3
4385,Ipsdray,ysondre,288,druid,restoration,6,3,3
4386,Dopadruid,ravencrest,288,druid,restoration,6,3,3
4387,Fatøumatä,archimonde,288,druid,restoration,6,3,3
4388,Zaethul,draenor,288,druid,restoration,6,3,3
4389,Shadowdury,frostwolf,288,druid,restoration,6,3,3
4390,Азазиона,gordunni,288,druid,restoration,6,3,3
4391,Spielmann,ravencrest,288,druid,restoration,6,3,3
4392,Tarshish,outland,288,druid,restoration,6,3,3
4393,Cøwgirl,draenor,288,druid,restoration,6,3,3
4394,Friyiee,stormscale,288,druid,restoration,6,3,3
4395,Mnine,twisting-nether,288,druid,restoration,6,3,3
4396,Milknosugar,tarren-mill,288,druid,restoration,6,3,3
4397,Ripmacmiller,grim-batol,288,druid,restoration,6,3,3
4398,Benzimaax,ragnaros,288,druid,restoration,6,3,3
4399,Razudru,nerathor,288,druid,restoration,6,3,3
4400,Fallken,burning-blade,288,druid,restoration,6,3,3
4401,Malacella,marécage-de-zangar,288,druid,restoration,6,3,3
4402,Shyni,outland,288,druid,restoration,6,3,3
4403,Behemothe,dalaran,288,druid,restoration,6,3,3
4404,Juhato,outland,288,druid,restoration,6,3,3
4405,Зурсага,deathguard,288,druid,restoration,6,3,3
4406,Derie,nazjatar,288,druid,restoration,6,3,3
4407,Rumbus,sanguino,288,druid,restoration,7,3,4
4408,Piñaclonada,archimonde,288,druid,restoration,9,3,6
4409,Smarticle,aegwynn,288,druid,restoration,11,3,8
4410,Draawun,burning-legion,288,druid,restoration,11,3,8
4411,Harrasmoes,ravencrest,288,druid,restoration,12,3,9
4412,Fajia,frostmane,288,druid,restoration,12,3,9
4413,Lemicus,twisting-nether,288,druid,restoration,12,3,9
4414,Jàgër,archimonde,288,druid,restoration,12,3,9
4415,Mchøt,ravencrest,288,druid,restoration,12,3,9
4416,Ezils,silvermoon,288,druid,restoration,12,3,9
4417,Jàgêr,archimonde,288,druid,restoration,12,3,9
4418,Navra,ravencrest,288,druid,restoration,12,3,9
4419,Restodruidx,ravencrest,288,druid,restoration,12,3,9
4420,Trolthelhas,chogall,288,druid,restoration,12,3,9
4421,Nostigon,azshara,288,druid,restoration,12,3,9
4422,Imoen,hyjal,288,druid,restoration,12,3,9
4423,Ajaÿ,sylvanas,288,druid,restoration,12,3,9
4424,Храмульчик,blackscar,288,druid,restoration,12,3,9
4425,Ahuevshiy,wildhammer,288,druid,restoration,12,3,9
4426,Teah,darkmoon-faire,288,druid,restoration,12,3,9
4427,Areidhel,pozzo-delleternità,288,druid,restoration,12,3,9
4428,Dêrbombär,guldan,288,druid,restoration,12,3,9
4429,Taugenîchts,blackmoore,288,druid,restoration,12,3,9
4430,Shiotake,hyjal,288,druid,restoration,12,3,9
4431,Coínlíp,drakthul,288,druid,restoration,12,3,9
4432,Arydan,quelthalas,288,druid,restoration,12,3,9
4433,Eladhria,arakarahm,288,druid,restoration,12,3,9
4434,Amstaffio,blackhand,288,druid,restoration,12,3,9
4435,Lukøu,blackrock,288,druid,restoration,12,3,9
4436,Marryat,argent-dawn,288,druid,restoration,12,3,9
4437,Sharlla,burning-legion,288,druid,restoration,12,3,9
4438,Yøungreidzz,blackrock,288,druid,restoration,18,3,15
4439,Rakuy,thrall,288,druid,restoration,18,3,15
4440,Kuhlheit,der-rat-von-dalaran,287,druid,restoration,6,3,3
4441,Boompjeh,chamber-of-aspects,287,druid,restoration,6,3,3
4442,Smittly,bloodhoof,287,druid,restoration,6,3,3
4443,Taskingoman,twisting-nether,287,druid,restoration,6,3,3
4444,Lundx,ravencrest,287,druid,restoration,6,3,3
4445,Kuokkanen,azuremyst,287,druid,restoration,6,3,3
4446,Krizak,eredar,287,druid,restoration,6,3,3
4447,Wybsalt,dragonblight,287,druid,restoration,12,3,9
4448,Clearwipe,thunderhorn,287,druid,restoration,12,3,9
4449,Papalegba,kilrogg,287,druid,restoration,12,3,9
4450,Seabath,kirin-tor,287,druid,restoration,12,3,9
4451,Xulian,exodar,287,druid,restoration,12,3,9
4452,Wildblu,nemesis,287,druid,restoration,12,3,9
4453,Kebanos,ravencrest,286,druid,restoration,6,3,3
4454,Paniel,amanthul,286,druid,restoration,6,3,3
4455,Elônea,antonidas,285,druid,restoration,12,3,9
4456,Bunga,quelthalas,255,druid,restoration,11,3,8
4457,Duduque,twisting-nether,255,druid,restoration,11,3,8
4458,Yopi,stormscale,240,druid,restoration,15,3,12
4459,Потнаякиса,grom,239,druid,restoration,5,3,2
4460,Amélor,ragnaros,239,druid,restoration,5,3,2
4461,Thornat,chamber-of-aspects,239,druid,restoration,5,3,2
4462,Акетчи,howling-fjord,239,druid,restoration,5,3,2
4463,Òniz,hyjal,239,druid,restoration,6,3,3
4464,Lxz,blackhand,234,druid,restoration,8,4,4
4465,Izhusky,ravencrest,234,druid,restoration,8,4,4
4466,Elsnorro,sylvanas,234,druid,restoration,14,4,10
4467,Beerplusbeer,kazzak,234,druid,restoration,23,6,17
4468,Адорабэль,deathguard,192,druid,restoration,6,2,4
4469,Kkona,silvermoon,192,druid,restoration,6,2,4
4470,Chrisdruid,argent-dawn,192,druid,restoration,6,2,4
4471,Hidras,tarren-mill,192,druid,restoration,6,2,4
4472,Pinkpanda,arthas,192,druid,restoration,6,2,4
4473,Ðon,nemesis,192,druid,restoration,6,2,4
4474,Sickomodê,blackmoore,192,druid,restoration,6,2,4
4475,Drøda,aegwynn,192,druid,restoration,6,2,4
4476,Инский,howling-fjord,192,druid,restoration,6,2,4
4477,Berdix,ragnaros,192,druid,restoration,6,2,4
4478,Palavanus,stormscale,192,druid,restoration,6,2,4
4479,Шокоокулист,gordunni,192,druid,restoration,6,2,4
4480,Traffix,outland,192,druid,restoration,6,2,4
4481,Jyggz,azshara,192,druid,restoration,6,2,4
4482,Zenkillers,outland,192,druid,restoration,6,2,4
4483,Conn,ravencrest,192,druid,restoration,6,2,4
4484,Morphael,ravencrest,192,druid,restoration,6,2,4
4485,Huebbi,blackmoore,192,druid,restoration,6,2,4
4486,Raila,pozzo-delleternità,192,druid,restoration,6,2,4
4487,Nooz,thrall,192,druid,restoration,6,2,4
4488,Gaiaa,kilrogg,192,druid,restoration,6,2,4
4489,Rtxy,hyjal,192,druid,restoration,6,2,4
4490,Nelfurion,twisting-nether,192,druid,restoration,6,2,4
4491,Restoboi,stormscale,192,druid,restoration,6,2,4
4492,Lavague,hyjal,192,druid,restoration,6,2,4
4493,Xanánioma,ravencrest,192,druid,restoration,6,2,4
4494,Midrialis,sinstralis,192,druid,restoration,6,2,4
4495,Sekunden,ravencrest,192,druid,restoration,6,2,4
4496,Revølter,kazzak,192,druid,restoration,6,2,4
4497,Атитока,goldrinn,192,druid,restoration,6,2,4
4498,Tàazz,sargeras,192,druid,restoration,6,2,4
4499,Griminal,norgannon,192,druid,restoration,6,2,4
4500,Moodee,kazzak,192,druid,restoration,6,2,4
4501,Billydruida,sanguino,192,druid,restoration,6,2,4
4502,Hydrochronic,ravencrest,192,druid,restoration,6,2,4
4503,Zhiwé,ravencrest,192,druid,restoration,6,2,4
4504,Громозилка,soulflayer,192,druid,restoration,6,2,4
4505,Príimé,kazzak,192,druid,restoration,6,2,4
4506,Skraks,ysondre,192,druid,restoration,6,2,4
4507,Benjiee,kazzak,192,druid,restoration,6,2,4
4508,Milkmepls,balnazzar,192,druid,restoration,6,2,4
4509,Ymöthep,archimonde,192,druid,restoration,6,2,4
4510,Zhényá,ravencrest,192,druid,restoration,6,2,4
4511,Xerrean,ravencrest,192,druid,restoration,6,2,4
4512,Sajlol,doomhammer,192,druid,restoration,6,2,4
4513,Zadrood,rashgarroth,192,druid,restoration,6,2,4
4514,Skavenlol,zuljin,192,druid,restoration,6,2,4
4515,Fanso,burning-legion,192,druid,restoration,6,2,4
4516,Shaggí,draenor,192,druid,restoration,11,2,9
4517,Kizanimagus,magtheridon,192,druid,restoration,12,2,10
4518,Estariol,auchindoun,192,druid,restoration,12,2,10
4519,Anníe,tarren-mill,192,druid,restoration,12,2,10
4520,Boomdruud,tarren-mill,192,druid,restoration,12,2,10
4521,Álou,dalaran,192,druid,restoration,12,2,10
4522,Piper,culte-de-la-rive-noire,192,druid,restoration,12,2,10
4523,Nakkikastike,magtheridon,192,druid,restoration,12,2,10
4524,Amaree,burning-legion,192,druid,restoration,12,2,10
4525,Tyraloll,ghostlands,192,druid,restoration,12,2,10
4526,Skorpo,blackrock,192,druid,restoration,12,2,10
4527,Amaaja,blackmoore,192,druid,restoration,12,2,10
4528,Салона,deathguard,192,druid,restoration,12,2,10
4529,Lisovamavka,draenor,192,druid,restoration,12,2,10
4530,Imperador,tyrande,192,druid,restoration,12,2,10
4531,Swarmah,draenor,192,druid,restoration,12,2,10
4532,Vertabrain,twilights-hammer,192,druid,restoration,12,2,10
4533,Maceyx,ravencrest,192,druid,restoration,12,2,10
4534,Blâckrök,blackhand,192,druid,restoration,12,2,10
4535,Drâcâ,antonidas,192,druid,restoration,12,2,10
4536,Qocotte,archimonde,192,druid,restoration,12,2,10
4537,Testomake,kazzak,192,druid,restoration,12,2,10
4538,Helpthebear,twisting-nether,192,druid,restoration,12,2,10
4539,Bigstop,kazzak,192,druid,restoration,17,2,15
4540,Quza,lightbringer,192,druid,restoration,18,2,16
4541,Охломон,gordunni,192,druid,restoration,24,2,22
4542,Dahelire,shendralar,191,druid,restoration,6,2,4
4543,Siyoo,thrall,191,druid,restoration,6,2,4
4544,Зулгасилич,howling-fjord,191,druid,restoration,6,2,4
4545,Bingó,blutkessel,191,druid,restoration,6,2,4
4546,Mômmôm,aggra-português,191,druid,restoration,12,2,10
4547,Эхосна,howling-fjord,191,druid,restoration,12,2,10
4548,Charlierunkl,gorgonnash,190,druid,restoration,18,2,16
4549,Stkk,dun-modr,159,druid,restoration,5,2,3
4550,Zayrok,throkferoth,159,druid,restoration,8,3,5
4551,Сугрик,deathweaver,143,druid,restoration,15,2,13
4552,Starcrash,amanthul,138,druid,restoration,6,3,3
4553,Kokanine,ravencrest,138,druid,restoration,9,3,6
4554,Watchmymoon,blackrock,138,druid,restoration,10,3,7
4555,Prettysavage,blackhand,138,druid,restoration,19,3,16
4556,Gargasina,colinas-pardas,136,druid,restoration,7,3,4
4557,Ihatewhales,ravencrest,128,druid,restoration,4,2,2
4558,Lynaee,cthun,128,druid,restoration,4,2,2
4559,Thaiboimbyy,veknilash,127,druid,restoration,4,2,2
4560,Jendiiss,drakthul,127,druid,restoration,4,2,2
4561,Mímír,frostmane,127,druid,restoration,4,2,2
4562,Xneji,sylvanas,111,druid,restoration,13,2,11
4563,Trä,earthen-ring,96,druid,restoration,3,2,1
4564,Kruwkamilka,burning-legion,96,druid,restoration,6,1,5
4565,Elo,dun-morogh,96,druid,restoration,6,1,5
4566,Enfy,lightbringer,96,druid,restoration,6,1,5
4567,Blanoz,ravencrest,96,druid,restoration,6,1,5
4568,Zulk,draenor,96,druid,restoration,6,1,5
4569,Pølïna,ysondre,96,druid,restoration,6,1,5
4570,Ka,the-maelstrom,96,druid,restoration,6,1,5
4571,Zoura,ysondre,96,druid,restoration,6,1,5
4572,Sozu,magtheridon,96,druid,restoration,6,1,5
4573,Effi,aggramar,96,druid,restoration,6,1,5
4574,Tilikum,stormscale,96,druid,restoration,6,1,5
4575,Winstonka,doomhammer,96,druid,restoration,6,1,5
4576,Biebear,sylvanas,96,druid,restoration,6,1,5
4577,Vaizier,defias-brotherhood,96,druid,restoration,6,1,5
4578,Marynlord,dalaran,96,druid,restoration,6,1,5
4579,Sodapop,aszune,96,druid,restoration,6,1,5
4580,Tshungubuäch,eredar,96,druid,restoration,6,1,5
4581,Тианна,razuvious,96,druid,restoration,6,1,5
4582,Teengirl,blackmoore,96,druid,restoration,6,1,5
4583,Gintoni,dun-modr,96,druid,restoration,6,1,5
4584,Nermax,kazzak,96,druid,restoration,6,1,5
4585,Linkin,azshara,96,druid,restoration,6,1,5
4586,Cowárd,blackmoore,96,druid,restoration,6,1,5
4587,Seekíng,blackmoore,96,druid,restoration,6,1,5
4588,Westbeast,doomhammer,96,druid,restoration,6,1,5
4589,Tranduiil,drakthul,96,druid,restoration,6,1,5
4590,Lyj,dalaran,96,druid,restoration,6,1,5
4591,Thaïs,blackmoore,96,druid,restoration,6,1,5
4592,Släshes,stormreaver,96,druid,restoration,6,1,5
4593,Qdrood,quelthalas,96,druid,restoration,6,1,5
4594,Meisterd,aegwynn,96,druid,restoration,6,1,5
4595,Noggerglatze,blackrock,96,druid,restoration,6,1,5
4596,Druidguden,tarren-mill,96,druid,restoration,6,1,5
4597,Евангеллист,soulflayer,96,druid,restoration,6,1,5
4598,Horadruid,silvermoon,96,druid,restoration,6,1,5
4599,Nuggetspøwa,dalaran,96,druid,restoration,6,1,5
4600,Madmoss,twisting-nether,96,druid,restoration,6,1,5
4601,Naturaven,sylvanas,96,druid,restoration,6,1,5
4602,Сейтил,deathguard,96,druid,restoration,6,1,5
4603,Taicoo,outland,96,druid,restoration,6,1,5
4604,Secô,sylvanas,96,druid,restoration,6,1,5
4605,Nanuu,sylvanas,96,druid,restoration,6,1,5
4606,Uuni,sylvanas,96,druid,restoration,6,1,5
4607,Druvian,argent-dawn,96,druid,restoration,6,1,5
4608,Sylindra,argent-dawn,96,druid,restoration,6,1,5
4609,Søfiaa,argent-dawn,96,druid,restoration,6,1,5
4610,Shapeshiptur,argent-dawn,96,druid,restoration,6,1,5
4611,Злодзейка,gordunni,96,druid,restoration,6,1,5
4612,Kerydwen,silvermoon,96,druid,restoration,6,1,5
4613,Haginator,twisting-nether,96,druid,restoration,6,1,5
4614,Xkirtach,dun-modr,96,druid,restoration,6,1,5
4615,Мунпраид,gordunni,96,druid,restoration,6,1,5
4616,Kisyqt,aegwynn,96,druid,restoration,6,1,5
4617,Винш,grom,96,druid,restoration,6,1,5
4618,Келиса,blackscar,96,druid,restoration,12,1,11
4619,Athenex,azshara,96,druid,restoration,12,1,11
4620,Püpply,antonidas,96,druid,restoration,12,1,11
4621,Xilmai,darksorrow,96,druid,restoration,12,1,11
4622,Mariss,chogall,96,druid,restoration,12,1,11
4623,Natur,gorgonnash,96,druid,restoration,12,1,11
4624,Avalora,the-maelstrom,96,druid,restoration,12,1,11
4625,Лапунька,gordunni,96,druid,restoration,12,1,11
4626,Acidbrate,aegwynn,90,druid,restoration,12,3,9
4627,Pobrica,stormscale,79,druid,restoration,5,1,4
4628,Rasserdruid,runetotem,63,druid,restoration,2,2,0
4629,Quizdarude,draenor,42,druid,restoration,10,3,7
4630,Therøn,dun-modr,42,druid,restoration,11,3,8
4631,Growlithe,hellfire,42,druid,restoration,8,2,6
4632,Feráx,doomhammer,42,druid,restoration,9,2,7
4633,Chauntee,draenor,42,druid,restoration,9,2,7
4634,Eceria,the-maelstrom,42,druid,restoration,9,2,7
4635,Noxann,archimonde,42,druid,restoration,10,2,8
4636,Onacor,stormrage,42,druid,restoration,10,2,8
4637,Uniquz,sylvanas,42,druid,restoration,11,2,9
4638,Vanarea,argent-dawn,42,druid,restoration,14,2,12
4639,Druiden,the-maelstrom,31,druid,restoration,2,1,1
4640,Djemdruid,argent-dawn,1585,druid,guardian,42,18,24
4641,Bulleyo,ysondre,1508,druid,guardian,71,37,34
4642,Windythemilf,stormscale,1303,druid,guardian,148,77,71
4643,Rbgbear,blackhand,1156,druid,guardian,36,15,21
4644,Rapatera,argent-dawn,1115,druid,guardian,24,12,12
4645,Сверххищникк,soulflayer,1106,druid,guardian,32,13,19
4646,Reshifted,sunstrider,1013,druid,guardian,30,11,19
4647,Микайо,goldrinn,986,druid,guardian,41,17,24
4648,Avior,eonar,972,druid,guardian,64,25,39
4649,Avisa,blackhand,742,druid,guardian,36,10,26
4650,Lioky,dun-modr,670,druid,guardian,12,7,5
4651,Critter,kargath,661,druid,guardian,24,7,17
4652,Bigdomas,sylvanas,613,druid,guardian,22,7,15
4653,Crazydudu,tarren-mill,550,druid,guardian,27,8,19
4654,Tigerbear,argent-dawn,384,druid,guardian,12,4,8
4655,Horizonline,terokkar,350,druid,guardian,11,4,7
4656,Фэк,eversong,288,druid,guardian,6,3,3
4657,Sároman,ravencrest,192,druid,guardian,6,2,4
4658,Kárrde,balnazzar,192,druid,guardian,6,2,4
4659,Astralcore,stormscale,192,druid,guardian,6,2,4
4660,Zinister,hyjal,192,druid,guardian,6,2,4
4661,Silver,terokkar,192,druid,guardian,12,2,10
4662,Fynvola,anubarak,192,druid,guardian,12,2,10
4663,Nwal,thunderhorn,192,druid,guardian,12,2,10
4664,Pumpick,doomhammer,191,druid,guardian,7,2,5
4665,Pure,kul-tiras,190,druid,guardian,15,3,12
4666,Ксидронис,eversong,127,druid,guardian,4,2,2
4667,Leondir,quelthalas,96,druid,guardian,6,1,5
4668,Almightydudu,draenor,96,druid,guardian,6,1,5
4669,Beteralsjij,frostwhisper,96,druid,guardian,6,1,5
4670,Oõ,aggra-português,96,druid,guardian,6,1,5
4671,Win,hellscream,96,druid,guardian,12,1,11
4672,Ktx,aegwynn,2238,druid,feral,84,50,34
4673,Twinklex,ravencrest,2230,druid,feral,100,52,48
4674,Xercas,outland,2166,druid,feral,65,39,26
4675,Mabkferal,ravencrest,2146,druid,feral,133,67,66
4676,Cataferal,ravencrest,2133,druid,feral,102,56,46
4677,Desenlace,ravencrest,2127,druid,feral,149,82,67
4678,Verycringe,ravencrest,2119,druid,feral,78,41,37
4679,Tael,elune,2119,druid,feral,120,60,60
4680,Dashfull,ravencrest,2112,druid,feral,173,97,76
4681,Bloodyredlyx,ysera,2112,druid,feral,90,46,44
4682,Brutaldamage,ravencrest,2090,druid,feral,78,39,39
4683,Zøte,ravencrest,2083,druid,feral,84,43,41
4684,Jakamx,ravencrest,2072,druid,feral,259,133,126
4685,Crøwnd,twisting-nether,2056,druid,feral,54,34,20
4686,Desenlace,silvermoon,2047,druid,feral,156,77,79
4687,Tomyn,burning-legion,2033,druid,feral,72,43,29
4688,Taladruide,archimonde,2030,druid,feral,78,39,39
4689,Nìm,outland,2028,druid,feral,118,56,62
4690,Uebiwe,silvermoon,2022,druid,feral,84,48,36
4691,Rapatera,argent-dawn,2019,druid,feral,54,30,24
4692,Houmrx,ravencrest,2018,druid,feral,60,33,27
4693,Öøöøöøöøöøöø,anachronos,2003,druid,feral,48,31,17
4694,Lxve,tarren-mill,1999,druid,feral,60,31,29
4695,Djgírlßøssqt,argent-dawn,1997,druid,feral,108,55,53
4696,Trøüpäx,outland,1994,druid,feral,84,43,41
4697,Råñkønêbëår,ravencrest,1982,druid,feral,60,36,24
4698,Mmlprox,burning-legion,1982,druid,feral,73,39,34
4699,Gurranq,argent-dawn,1964,druid,feral,60,32,28
4700,Ромкабикстар,gordunni,1952,druid,feral,60,30,30
4701,Purgatxry,ravencrest,1926,druid,feral,383,192,191
4702,Cløwnferalx,argent-dawn,1921,druid,feral,54,25,29
4703,Lïved,nemesis,1919,druid,feral,48,33,15
4704,Yone,blackmoore,1918,druid,feral,60,33,27
4705,Cåssidy,archimonde,1911,druid,feral,72,32,40
4706,Kàraba,archimonde,1909,druid,feral,94,47,47
4707,Ðevilwhite,nemesis,1902,druid,feral,36,20,16
4708,Nîîght,ravencrest,1895,druid,feral,54,26,28
4709,Iminz,ravencrest,1892,druid,feral,191,88,103
4710,Норланда,gordunni,1884,druid,feral,60,32,28
4711,Опакот,howling-fjord,1879,druid,feral,68,30,38
4712,Trauller,outland,1872,druid,feral,72,30,42
4713,Symbiosa,silvermoon,1870,druid,feral,30,20,10
4714,Alessathrina,argent-dawn,1864,druid,feral,87,44,43
4715,Obeseferal,outland,1859,druid,feral,66,31,35
4716,Boostedbear,ragnaros,1848,druid,feral,65,30,35
4717,Minaervea,antonidas,1846,druid,feral,72,33,39
4718,Kaldorei,nemesis,1843,druid,feral,38,21,17
4719,Kattenvoer,stormscale,1842,druid,feral,36,27,9
4720,Ethryl,ravencrest,1837,druid,feral,90,45,45
4721,Skatch,sylvanas,1836,druid,feral,54,28,26
4722,Elfsu,ravencrest,1833,druid,feral,71,40,31
4723,Февти,gordunni,1828,druid,feral,59,34,25
4724,Блюгилли,ashenvale,1826,druid,feral,86,40,46
4725,Annksunamún,ysondre,1825,druid,feral,213,119,94
4726,Jarethy,dun-modr,1824,druid,feral,111,54,57
4727,Drbeef,sanguino,1823,druid,feral,45,28,17
4728,Zelaron,twisting-nether,1823,druid,feral,42,22,20
4729,Фейкхехе,gordunni,1822,druid,feral,48,27,21
4730,Rheasilvià,silvermoon,1818,druid,feral,54,31,23
4731,Fyrkax,aegwynn,1818,druid,feral,48,26,22
4732,Kroñm,dun-modr,1818,druid,feral,60,25,35
4733,Garbagemonky,amanthul,1814,druid,feral,124,78,46
4734,Fendrïl,varimathras,1814,druid,feral,90,55,35
4735,Nøfåmïly,silvermoon,1814,druid,feral,160,83,77
4736,Nainket,ravencrest,1813,druid,feral,48,22,26
4737,Mortality,proudmoore,1812,druid,feral,65,31,34
4738,Moonkniight,ravencrest,1810,druid,feral,30,22,8
4739,Nfxdruid,argent-dawn,1810,druid,feral,90,54,36
4740,Coineagan,frostmourne,1807,druid,feral,46,20,26
4741,Jhiun,ragnaros,1806,druid,feral,72,40,32
4742,Tilikum,stormscale,1804,druid,feral,311,156,155
4743,Bigangrycatx,ravencrest,1803,druid,feral,62,26,36
4744,Mykk,ravencrest,1802,druid,feral,54,33,21
4745,Ratsimulator,tarren-mill,1802,druid,feral,54,32,22
4746,Skytek,silvermoon,1802,druid,feral,84,41,43
4747,Мелталиора,soulflayer,1800,druid,feral,59,30,29
4748,Jåkeferalta,outland,1787,druid,feral,63,32,31
4749,Mysticalmoon,ravencrest,1784,druid,feral,66,29,37
4750,Ålleyézoffme,ravencrest,1780,druid,feral,77,43,34
4751,Yesbody,tarren-mill,1779,druid,feral,42,21,21
4752,Catkovic,kult-der-verdammten,1777,druid,feral,47,24,23
4753,Каергорн,soulflayer,1766,druid,feral,54,19,35
4754,Kikihoux,ravencrest,1747,druid,feral,41,22,19
4755,Elîas,kazzak,1745,druid,feral,42,25,17
4756,Alexmeow,ravencrest,1739,druid,feral,36,24,12
4757,Moldrokk,ravencrest,1739,druid,feral,52,31,21
4758,Crazydos,tarren-mill,1739,druid,feral,42,22,20
4759,Rubbershark,ravencrest,1737,druid,feral,52,38,14
4760,Apuasaatana,stormreaver,1731,druid,feral,36,20,16
4761,Jukeboks,silvermoon,1726,druid,feral,55,25,30
4762,Yaddas,draenor,1722,druid,feral,48,25,23
4763,Jabbari,outland,1720,druid,feral,138,72,66
4764,Mutaattori,sylvanas,1720,druid,feral,37,18,19
4765,Melsson,stormreaver,1714,druid,feral,48,22,26
4766,Pänthërä,ravencrest,1711,druid,feral,36,18,18
4767,Reward,ragnaros,1711,druid,feral,52,24,28
4768,Degmond,silvermoon,1710,druid,feral,54,24,30
4769,Babynaty,ravencrest,1705,druid,feral,90,41,49
4770,Итильтириэль,gordunni,1704,druid,feral,68,29,39
4771,Pilaf,emerald-dream,1702,druid,feral,103,47,56
4772,Worgenshiftr,kazzak,1697,druid,feral,48,21,27
4773,Ottur,argent-dawn,1695,druid,feral,30,18,12
4774,Blvckðvitchz,ravencrest,1692,druid,feral,36,18,18
4775,Natakis,blades-edge,1688,druid,feral,48,25,23
4776,Shiftydruid,thunderhorn,1688,druid,feral,158,74,84
4777,Doopdroo,tarren-mill,1687,druid,feral,48,20,28
4778,Tangela,stormreaver,1684,druid,feral,24,18,6
4779,Klaerke,tarren-mill,1682,druid,feral,47,20,27
4780,ßgøðx,argent-dawn,1681,druid,feral,79,45,34
4781,Feralwilder,turalyon,1676,druid,feral,159,70,89
4782,Jellytardx,outland,1675,druid,feral,75,41,34
4783,Paranoia,outland,1675,druid,feral,94,46,48
4784,Freyanah,argent-dawn,1675,druid,feral,96,41,55
4785,Zifr,dalaran,1675,druid,feral,66,22,44
4786,Трэвисдог,gordunni,1673,druid,feral,35,18,17
4787,Блиденг,gordunni,1672,druid,feral,51,26,25
4788,Nouin,twisting-nether,1671,druid,feral,100,48,52
4789,Phenova,sargeras,1671,druid,feral,99,41,58
4790,Verbxp,kazzak,1668,druid,feral,30,20,10
4791,Aedui,tarren-mill,1668,druid,feral,38,20,18
4792,Ðrüid,ravencrest,1668,druid,feral,72,34,38
4793,Rbgbot,ragnaros,1667,druid,feral,54,30,24
4794,Dzandel,silvermoon,1667,druid,feral,383,187,196
4795,Jgltrainer,archimonde,1666,druid,feral,53,31,22
4796,Nøkki,draenor,1666,druid,feral,44,25,19
4797,Nasukka,grim-batol,1666,druid,feral,78,42,36
4798,Silksharp,ravencrest,1663,druid,feral,60,31,29
4799,Bernfried,silvermoon,1661,druid,feral,58,25,33
4800,Triluxa,blackmoore,1659,druid,feral,54,28,26
4801,Adabsurdum,kazzak,1659,druid,feral,124,55,69
4802,Unoseeme,outland,1655,druid,feral,66,29,37
4803,Opresse,archimonde,1655,druid,feral,54,23,31
4804,Indann,kazzak,1651,druid,feral,48,19,29
4805,Yongala,archimonde,1650,druid,feral,48,29,19
4806,Fückøff,ravencrest,1649,druid,feral,47,25,22
4807,Sleepykitty,argent-dawn,1644,druid,feral,35,23,12
4808,Kouda,draenor,1642,druid,feral,52,22,30
4809,Simdruid,stormscale,1641,druid,feral,36,19,17
4810,Bulan,ghostlands,1638,druid,feral,66,41,25
4811,Goodtrip,archimonde,1636,druid,feral,104,50,54
4812,Pitchou,karazhan,1633,druid,feral,60,31,29
4813,Ñøpe,ravencrest,1630,druid,feral,30,17,13
4814,Ddru,ravencrest,1629,druid,feral,36,20,16
4815,Kärmä,eldrethalas,1628,druid,feral,71,40,31
4816,Avanah,silvermoon,1628,druid,feral,60,29,31
4817,Котосапенс,howling-fjord,1623,druid,feral,42,23,19
4818,Dubakoo,outland,1617,druid,feral,81,46,35
4819,Skypinho,blackhand,1616,druid,feral,48,22,26
4820,Djmeowxd,blackrock,1616,druid,feral,69,30,39
4821,Rayjinn,dun-modr,1613,druid,feral,36,17,19
4822,Heyiamdan,tarren-mill,1611,druid,feral,124,71,53
4823,Khunahype,thrall,1610,druid,feral,24,17,7
4824,Zaibastus,doomhammer,1610,druid,feral,54,21,33
4825,Hässelhoof,ragnaros,1610,druid,feral,54,18,36
4826,Banzeye,nordrassil,1607,druid,feral,68,35,33
4827,Тётявискас,howling-fjord,1606,druid,feral,36,23,13
4828,Bigpapad,ravencrest,1605,druid,feral,36,19,17
4829,Реалаг,howling-fjord,1604,druid,feral,47,20,27
4830,Evilshade,ravencrest,1604,druid,feral,115,47,68
4831,Raznos,ravencrest,1602,druid,feral,71,43,28
4832,Акиша,deepholm,1602,druid,feral,44,21,23
4833,Mcvøvà,kazzak,1601,druid,feral,30,17,13
4834,Chronoqtxd,ravencrest,1601,druid,feral,52,24,28
4835,Noé,aegwynn,1597,druid,feral,123,76,47
4836,Thørkang,dun-modr,1593,druid,feral,30,19,11
4837,Chiwsy,outland,1591,druid,feral,71,38,33
4838,Narunis,tarren-mill,1583,druid,feral,72,33,39
4839,Vëgâñgøðx,ragnaros,1582,druid,feral,170,90,80
4840,Leylå,ravencrest,1578,druid,feral,42,19,23
4841,Fürfur,ravencrest,1576,druid,feral,36,19,17
4842,Sartipus,draenor,1575,druid,feral,48,24,24
4843,Féral,hyjal,1573,druid,feral,89,43,46
4844,Asçdruid,kazzak,1572,druid,feral,56,24,32
4845,Rami,sylvanas,1567,druid,feral,72,33,39
4846,Stopwatching,outland,1565,druid,feral,42,18,24
4847,Fangornn,outland,1560,druid,feral,89,40,49
4848,Риама,blackscar,1558,druid,feral,78,38,40
4849,Jasperqt,silvermoon,1556,druid,feral,30,18,12
4850,Злодзейка,gordunni,1556,druid,feral,90,43,47
4851,Drylle,argent-dawn,1555,druid,feral,93,50,43
4852,Adastroeolo,sanguino,1551,druid,feral,36,20,16
4853,Smuktøs,twisting-nether,1546,druid,feral,47,28,19
4854,Eranor,archimonde,1541,druid,feral,140,72,68
4855,Clipsy,twilights-hammer,1536,druid,feral,155,77,78
4856,Shyngodx,archimonde,1533,druid,feral,41,17,24
4857,Fluffygoon,azjolnerub,1530,druid,feral,48,21,27
4858,Maccín,draenor,1530,druid,feral,52,18,34
4859,Tani,kazzak,1525,druid,feral,45,22,23
4860,Sekunden,ravencrest,1522,druid,feral,42,21,21
4861,Оудин,blackscar,1521,druid,feral,47,23,24
4862,Kabraxis,silvermoon,1518,druid,feral,42,20,22
4863,Goldrax,outland,1518,druid,feral,36,16,20
4864,Larryburns,nathrezim,1517,druid,feral,65,34,31
4865,Texoria,twisting-nether,1516,druid,feral,78,38,40
4866,Мунпраид,gordunni,1514,druid,feral,72,35,37
4867,Муумуумуу,howling-fjord,1512,druid,feral,108,49,59
4868,Cubswansón,outland,1505,druid,feral,56,30,26
4869,Jerrybeans,ravencrest,1504,druid,feral,120,57,63
4870,Зонкс,gordunni,1501,druid,feral,92,47,45
4871,Phïl,ravencrest,1496,druid,feral,48,22,26
4872,Бобасик,fordragon,1491,druid,feral,54,27,27
4873,Арбузег,gordunni,1491,druid,feral,64,31,33
4874,Rollozuu,blackrock,1483,druid,feral,96,46,50
4875,Màz,blackmoore,1480,druid,feral,140,64,76
4876,Nå,outland,1477,druid,feral,96,47,49
4877,Epicplays,sylvanas,1469,druid,feral,60,35,25
4878,Муунфаер,gordunni,1469,druid,feral,66,31,35
4879,Extracssion,ysondre,1468,druid,feral,44,17,27
4880,Oleander,zuljin,1465,druid,feral,133,66,67
4881,Грязныекогти,gordunni,1464,druid,feral,29,17,12
4882,Hushorde,twisting-nether,1464,druid,feral,47,23,24
4883,Паинтер,blackscar,1462,druid,feral,41,17,24
4884,Zaethul,draenor,1460,druid,feral,30,20,10
4885,Arlina,magtheridon,1454,druid,feral,57,26,31
4886,Margueriti,the-maelstrom,1452,druid,feral,43,17,26
4887,Baerminatør,blackrock,1451,druid,feral,60,26,34
4888,Одряя,soulflayer,1446,druid,feral,42,24,18
4889,Kimpine,kirin-tor,1444,druid,feral,73,41,32
4890,Koumma,archimonde,1442,druid,feral,36,21,15
4891,Bleêds,dun-modr,1438,druid,feral,24,15,9
4892,Docmedlove,aegwynn,1437,druid,feral,36,15,21
4893,Тёмныйзверь,borean-tundra,1435,druid,feral,42,18,24
4894,Boomzter,frostmane,1433,druid,feral,75,36,39
4895,Микайо,goldrinn,1432,druid,feral,167,79,88
4896,Thaelyy,drakthul,1430,druid,feral,54,22,32
4897,Беконайзер,howling-fjord,1427,druid,feral,40,20,20
4898,Tazdino,destromath,1427,druid,feral,48,15,33
4899,Arilíaxo,amanthul,1426,druid,feral,18,15,3
4900,Enjoik,drakthul,1425,druid,feral,119,60,59
4901,Phesxd,sylvanas,1425,druid,feral,42,21,21
4902,Lugtedyr,draenor,1423,druid,feral,59,29,30
4903,Vancis,ravencrest,1421,druid,feral,51,29,22
4904,Mervend,tarren-mill,1420,druid,feral,41,15,26
4905,Ephixa,burning-legion,1418,druid,feral,29,16,13
4906,Calaftayou,ravencrest,1414,druid,feral,48,19,29
4907,Luigina,blackmoore,1400,druid,feral,30,15,15
4908,Bagheera,archimonde,1396,druid,feral,59,26,33
4909,Seyyid,archimonde,1394,druid,feral,36,18,18
4910,Neshalry,blackhand,1392,druid,feral,36,16,20
4911,Sabertoon,argent-dawn,1391,druid,feral,153,67,86
4912,Degentiuso,alakir,1390,druid,feral,90,50,40
4913,Диаболус,gordunni,1390,druid,feral,44,24,20
4914,Котфилин,gordunni,1389,druid,feral,78,44,34
4915,Legitx,dentarg,1385,druid,feral,43,17,26
4916,Tsopúnisher,twisting-nether,1383,druid,feral,46,20,26
4917,Алексина,fordragon,1381,druid,feral,64,37,27
4918,Liqoú,tarren-mill,1380,druid,feral,54,31,23
4919,Ferøsse,hyjal,1374,druid,feral,42,21,21
4920,Pipima,kazzak,1374,druid,feral,48,20,28
4921,Bigdaddytate,kazzak,1372,druid,feral,35,20,15
4922,Vlcák,drakthul,1371,druid,feral,128,62,66
4923,Noxxìe,draenor,1371,druid,feral,32,15,17
4924,Cörelly,ravencrest,1367,druid,feral,90,45,45
4925,Snapzy,sylvanas,1366,druid,feral,18,15,3
4926,Blintschiki,echsenkessel,1363,druid,feral,71,32,39
4927,Эскоф,gordunni,1359,druid,feral,31,17,14
4928,Tyldormeow,tarren-mill,1354,druid,feral,104,47,57
4929,Криашин,goldrinn,1353,druid,feral,45,20,25
4930,Manoestouro,draenor,1353,druid,feral,48,19,29
4931,Carlitto,blackmoore,1351,druid,feral,27,19,8
4932,Druidicmorr,sylvanas,1351,druid,feral,68,30,38
4933,Ripgødx,outland,1350,druid,feral,124,64,60
4934,Biffsteak,blackhand,1349,druid,feral,96,46,50
4935,Chirnaruk,ravencrest,1349,druid,feral,48,21,27
4936,Sÿlph,sylvanas,1348,druid,feral,102,51,51
4937,Grimgoor,burning-legion,1347,druid,feral,94,52,42
4938,Друличч,blackscar,1345,druid,feral,36,16,20
4939,Buffshred,ravencrest,1343,druid,feral,18,14,4
4940,Zechey,stormreaver,1343,druid,feral,24,14,10
4941,Vulko,lightbringer,1343,druid,feral,24,14,10
4942,Nzmdruid,burning-legion,1343,druid,feral,30,14,16
4943,Chepochem,stormscale,1341,druid,feral,38,16,22
4944,Gediminas,argent-dawn,1339,druid,feral,36,14,22
4945,Нимир,soulflayer,1339,druid,feral,42,14,28
4946,Фейк,howling-fjord,1337,druid,feral,36,14,22
4947,Storslev,stormscale,1335,druid,feral,90,37,53
4948,Äcajou,hyjal,1332,druid,feral,48,27,21
4949,Rottweiler,doomhammer,1332,druid,feral,72,30,42
4950,Mooncarnatio,burning-legion,1329,druid,feral,42,14,28
4951,Elitarian,argent-dawn,1327,druid,feral,114,54,60
4952,Starliner,ravencrest,1326,druid,feral,36,14,22
4953,Vanhelsíng,dun-modr,1322,druid,feral,22,15,7
4954,Hugepepega,ravencrest,1318,druid,feral,30,14,16
4955,Crtx,blackhand,1317,druid,feral,54,33,21
4956,Lukeyferalxo,argent-dawn,1317,druid,feral,162,75,87
4957,Балаклаваа,soulflayer,1316,druid,feral,29,18,11
4958,Kodobursto,stormscale,1314,druid,feral,58,33,25
4959,Лякокля,soulflayer,1313,druid,feral,60,33,27
4960,Droodae,hyjal,1313,druid,feral,35,19,16
4961,Majokz,ravencrest,1307,druid,feral,44,23,21
4962,Regelè,sylvanas,1305,druid,feral,86,45,41
4963,Soléda,thrall,1305,druid,feral,90,43,47
4964,Henessi,ragnaros,1302,druid,feral,30,14,16
4965,Carakal,outland,1301,druid,feral,42,19,23
4966,Donoz,ravencrest,1298,druid,feral,36,21,15
4967,ßußßo,ravencrest,1294,druid,feral,24,19,5
4968,Panthéra,ravencrest,1291,druid,feral,186,85,101
4969,Kirmelastas,kazzak,1289,druid,feral,56,29,27
4970,Weydjin,garona,1278,druid,feral,30,16,14
4971,Ghettoven,kazzak,1276,druid,feral,42,18,24
4972,Laguna,ravencrest,1271,druid,feral,41,14,27
4973,Jxst,tarren-mill,1270,druid,feral,48,19,29
4974,Migajde,stormscale,1262,druid,feral,59,35,24
4975,Tîma,blackmoore,1259,druid,feral,144,67,77
4976,Беркамп,howling-fjord,1257,druid,feral,111,45,66
4977,Nalaa,festung-der-stürme,1255,druid,feral,100,43,57
4978,Pepeja,doomhammer,1253,druid,feral,24,15,9
4979,Dougi,argent-dawn,1252,druid,feral,60,28,32
4980,Bignoober,blackrock,1248,druid,feral,29,13,16
4981,Taigarus,aerie-peak,1246,druid,feral,72,34,38
4982,Muckì,alleria,1246,druid,feral,30,13,17
4983,Weedgras,eredar,1244,druid,feral,30,13,17
4984,Shifthappens,dun-modr,1242,druid,feral,24,13,11
4985,Millenia,darkmoon-faire,1239,druid,feral,121,63,58
4986,Salseo,uldum,1239,druid,feral,33,14,19
4987,Shinshìva,twisting-nether,1237,druid,feral,187,94,93
4988,Cheddar,tyrande,1237,druid,feral,29,14,15
4989,Cleandc,blackhand,1234,druid,feral,34,20,14
4990,Кеорл,gordunni,1234,druid,feral,102,43,59
4991,Twyty,khaz-modan,1232,druid,feral,127,61,66
4992,Webla,blackmoore,1231,druid,feral,29,15,14
4993,Deviantdruid,tarren-mill,1231,druid,feral,39,20,19
4994,Bâbusch,blackmoore,1230,druid,feral,24,13,11
4995,Катяблум,gordunni,1230,druid,feral,30,13,17
4996,Shaggery,stormscale,1227,druid,feral,69,27,42
4997,Whísperclaw,ravencrest,1226,druid,feral,41,21,20
4998,Tussenfryd,draenor,1225,druid,feral,126,57,69
4999,Jdogger,tarren-mill,1219,druid,feral,24,13,11
5000,Chouan,marécage-de-zangar,1217,druid,feral,84,41,43
5001,Drudonja,silvermoon,1217,druid,feral,36,15,21
5002,Malfyurion,ragnaros,1216,druid,feral,66,31,35
5003,Azmerloth,antonidas,1214,druid,feral,36,13,23
5004,Смизм,gordunni,1209,druid,feral,38,19,19
5005,Exortas,kazzak,1206,druid,feral,55,26,29
5006,Dudeimgodly,ravencrest,1205,druid,feral,42,13,29
5007,Mônchô,sanguino,1204,druid,feral,75,41,34
5008,Stelthee,silvermoon,1202,druid,feral,54,21,33
5009,Hönör,ysondre,1201,druid,feral,115,60,55
5010,Defløwer,aegwynn,1201,druid,feral,30,15,15
5011,Devonshira,ravencrest,1198,druid,feral,36,14,22
5012,Liionheart,khaz-modan,1197,druid,feral,48,23,25
5013,Богарт,soulflayer,1193,druid,feral,24,14,10
5014,Zeyne,ravencrest,1193,druid,feral,24,14,10
5015,Lorcàn,argent-dawn,1189,druid,feral,52,22,30
5016,Herten,tarren-mill,1185,druid,feral,30,13,17
5017,Shymä,hyjal,1174,druid,feral,79,32,47
5018,Arnwaald,kaelthas,1173,druid,feral,30,16,14
5019,Teacherr,quelthalas,1172,druid,feral,49,15,34
5020,Dadzeus,khaz-modan,1170,druid,feral,23,13,10
5021,Dirtyfantasy,alakir,1170,druid,feral,48,26,22
5022,Kynji,twisting-nether,1169,druid,feral,60,27,33
5023,Kittasek,drakthul,1167,druid,feral,36,23,13
5024,Trusten,nemesis,1162,druid,feral,66,34,32
5025,Nightfáll,tarren-mill,1157,druid,feral,36,13,23
5026,Tl,archimonde,1153,druid,feral,58,25,33
5027,Fzx,aegwynn,1152,druid,feral,24,12,12
5028,Howtonio,archimonde,1151,druid,feral,18,12,6
5029,Cocaqt,nemesis,1151,druid,feral,18,12,6
5030,Lenyl,dun-modr,1151,druid,feral,24,12,12
5031,Zbear,kazzak,1151,druid,feral,36,16,20
5032,Fallken,burning-blade,1149,druid,feral,24,12,12
5033,Drunosio,magtheridon,1147,druid,feral,30,12,18
5034,Alcik,silvermoon,1147,druid,feral,48,12,36
5035,Tibozx,stormscale,1146,druid,feral,36,21,15
5036,Snootxt,blackmoore,1143,druid,feral,42,16,26
5037,Veryfast,blackhand,1142,druid,feral,24,12,12
5038,Hottad,tarren-mill,1140,druid,feral,90,45,45
5039,Feraligator,sanguino,1138,druid,feral,158,75,83
5040,Rootznloots,draenor,1137,druid,feral,36,22,14
5041,Crow,saurfang,1136,druid,feral,26,12,14
5042,Jinxaran,culte-de-la-rive-noire,1135,druid,feral,36,12,24
5043,Blazor,eredar,1132,druid,feral,46,25,21
5044,Moonpuff,kazzak,1131,druid,feral,33,17,16
5045,Koffee,archimonde,1129,druid,feral,24,12,12
5046,Кыцко,soulflayer,1124,druid,feral,24,12,12
5047,Naheliaqt,outland,1121,druid,feral,24,12,12
5048,Swagmode,draenor,1119,druid,feral,49,30,19
5049,Malvakten,kazzak,1112,druid,feral,25,13,12
5050,Jaghut,burning-legion,1109,druid,feral,18,12,6
5051,Mudpie,stormscale,1100,druid,feral,55,23,32
5052,Kintax,drakthul,1099,druid,feral,51,25,26
5053,Mgelolaf,doomhammer,1096,druid,feral,18,12,6
5054,Zivertgodx,argent-dawn,1093,druid,feral,48,23,25
5055,Nicos,elune,1091,druid,feral,29,13,16
5056,Zaltaruk,sanguino,1089,druid,feral,42,19,23
5057,Vidlna,outland,1089,druid,feral,60,26,34
5058,Йонарк,gordunni,1087,druid,feral,41,20,21
5059,Tsajj,stormreaver,1083,druid,feral,39,23,16
5060,Denadu,turalyon,1080,druid,feral,48,12,36
5061,Kageioshi,kazzak,1070,druid,feral,56,28,28
5062,Kyoshî,blackmoore,1062,druid,feral,124,60,64
5063,Owling,antonidas,1061,druid,feral,48,24,24
5064,Yøløswag,naxxramas,1060,druid,feral,71,38,33
5065,Ripndip,eredar,1056,druid,feral,52,25,27
5066,Derzis,eonar,1055,druid,feral,54,25,29
5067,Salviaf,silvermoon,1055,druid,feral,94,43,51
5068,Belsebub,ravencrest,1055,druid,feral,30,11,19
5069,Frighton,ravencrest,1054,druid,feral,30,11,19
5070,Liya,ravencrest,1054,druid,feral,30,11,19
5071,Unreally,drakthul,1051,druid,feral,18,11,7
5072,Togara,kazzak,1050,druid,feral,24,11,13
5073,Amoonaa,kazzak,1049,druid,feral,48,26,22
5074,Weedum,kazzak,1046,druid,feral,24,11,13
5075,Battleray,twisting-nether,1040,druid,feral,57,25,32
5076,Zokix,doomhammer,1040,druid,feral,30,12,18
5077,Mpounia,twilights-hammer,1032,druid,feral,77,40,37
5078,Kermit,die-aldor,1032,druid,feral,81,32,49
5079,Hadesx,blackhand,1028,druid,feral,30,17,13
5080,Eternas,elune,1027,druid,feral,82,37,45
5081,Morfâns,ragnaros,1022,druid,feral,42,19,23
5082,Phanterus,chamber-of-aspects,1012,druid,feral,24,11,13
5083,Carldroid,sylvanas,1009,druid,feral,28,13,15
5084,Lutis,magtheridon,1009,druid,feral,30,11,19
5085,Tatabomba,archimonde,1008,druid,feral,60,30,30
5086,Брэмблс,soulflayer,1008,druid,feral,35,15,20
5087,Отхода,gordunni,1007,druid,feral,23,11,12
5088,Bæghira,draenor,1005,druid,feral,46,25,21
5089,Smittly,bloodhoof,1005,druid,feral,58,23,35
5090,Tranduiil,drakthul,1002,druid,feral,42,23,19
5091,Tyranderawr,ravencrest,999,druid,feral,27,12,15
5092,Moonglade,deathwing,996,druid,feral,27,11,16
5093,Boombassador,stormscale,992,druid,feral,24,14,10
5094,Janjalism,silvermoon,973,druid,feral,63,34,29
5095,Скагуар,blackscar,973,druid,feral,38,11,27
5096,Descendance,ysondre,968,druid,feral,85,42,43
5097,Tjxaxa,ravencrest,960,druid,feral,12,10,2
5098,Cyborgz,archimonde,960,druid,feral,18,10,8
5099,Nîghtz,ravencrest,960,druid,feral,18,10,8
5100,Beerista,tarren-mill,959,druid,feral,24,11,13
5101,Byet,kazzak,959,druid,feral,24,10,14
5102,Hahafun,ravencrest,959,druid,feral,24,10,14
5103,Luphrekfurry,ysondre,959,druid,feral,24,10,14
5104,Nîchtsnutz,blackmoore,958,druid,feral,18,10,8
5105,Cyph,shadowsong,958,druid,feral,18,10,8
5106,Сириль,soulflayer,958,druid,feral,18,10,8
5107,Dipz,frostwolf,958,druid,feral,18,10,8
5108,Unlit,draenor,956,druid,feral,24,10,14
5109,Zjukov,ragnaros,955,druid,feral,24,10,14
5110,Corrupthz,outland,955,druid,feral,24,10,14
5111,Béar,arathor,955,druid,feral,46,16,30
5112,Snøwden,twisting-nether,952,druid,feral,18,10,8
5113,Ефомитстерша,gordunni,952,druid,feral,24,10,14
5114,Друлевой,greymane,948,druid,feral,24,12,12
5115,Реептилоид,soulflayer,942,druid,feral,24,10,14
5116,Paws,dun-modr,942,druid,feral,30,10,20
5117,Käissi,blackmoore,940,druid,feral,24,10,14
5118,Klatro,terokkar,936,druid,feral,18,11,7
5119,Stéely,ravencrest,933,druid,feral,30,14,16
5120,Azenoir,ravencrest,925,druid,feral,33,11,22
5121,Erelae,twisting-nether,924,druid,feral,22,10,12
5122,Rakuy,thrall,917,druid,feral,22,10,12
5123,Teddîursa,kazzak,915,druid,feral,34,10,24
5124,Маветт,blackscar,912,druid,feral,45,19,26
5125,Blacksagex,dragonmaw,910,druid,feral,17,10,7
5126,Джирас,gordunni,909,druid,feral,32,12,20
5127,Phandris,argent-dawn,904,druid,feral,43,22,21
5128,Lohki,eredar,895,druid,feral,21,12,9
5129,Фаллендэл,gordunni,882,druid,feral,18,10,8
5130,Verbat,cthun,878,druid,feral,42,21,21
5131,Mommonga,onyxia,874,druid,feral,38,14,24
5132,Wex,darksorrow,864,druid,feral,12,9,3
5133,Quikahn,outland,864,druid,feral,12,9,3
5134,Urfi,tyrande,864,druid,feral,12,9,3
5135,Cocomojo,outland,864,druid,feral,18,9,9
5136,Fyrka,aegwynn,864,druid,feral,18,9,9
5137,Bignik,tarren-mill,864,druid,feral,18,9,9
5138,Paramore,outland,864,druid,feral,18,9,9
5139,Sixmonthbann,ravencrest,864,druid,feral,18,9,9
5140,Aleatório,grim-batol,864,druid,feral,18,9,9
5141,Furrykruger,the-maelstrom,864,druid,feral,18,9,9
5142,Селфика,gordunni,864,druid,feral,36,9,27
5143,Cjparker,archimonde,863,druid,feral,18,9,9
5144,Deehe,thrall,863,druid,feral,18,9,9
5145,Dureka,tarren-mill,863,druid,feral,18,9,9
5146,Chexdruid,silvermoon,863,druid,feral,21,10,11
5147,Rbg,dun-modr,863,druid,feral,22,10,12
5148,Пиггипоп,soulflayer,863,druid,feral,24,9,15
5149,Олежасутра,howling-fjord,863,druid,feral,30,9,21
5150,Мунфайр,galakrond,862,druid,feral,18,9,9
5151,Dilleydank,ravencrest,862,druid,feral,18,9,9
5152,Кецян,gordunni,862,druid,feral,19,9,10
5153,Snapeshifter,blackhand,859,druid,feral,18,9,9
5154,Caèlas,outland,859,druid,feral,18,9,9
5155,Nalreaa,kazzak,859,druid,feral,18,9,9
5156,Бруан,gordunni,859,druid,feral,24,9,15
5157,Hadespool,sanguino,859,druid,feral,24,9,15
5158,Медверх,gordunni,858,druid,feral,30,9,21
5159,Плагиат,grom,858,druid,feral,36,10,26
5160,Collnaris,ravencrest,857,druid,feral,12,9,3
5161,Noyake,ragnaros,854,druid,feral,24,9,15
5162,Wainl,hyjal,854,druid,feral,30,9,21
5163,Bgam,ravencrest,853,druid,feral,12,9,3
5164,Trikill,hyjal,853,druid,feral,25,9,16
5165,Plingan,argent-dawn,847,druid,feral,17,9,8
5166,Progodd,silvermoon,833,druid,feral,24,9,15
5167,Рефикс,gordunni,827,druid,feral,17,9,8
5168,Kîñg,tarren-mill,821,druid,feral,70,30,40
5169,Théó,grim-batol,818,druid,feral,41,18,23
5170,Snupy,outland,815,druid,feral,17,9,8
5171,Зенза,howling-fjord,815,druid,feral,27,9,18
5172,Zulazain,bladefist,809,druid,feral,84,30,54
5173,Йванныч,gordunni,793,druid,feral,26,9,17
5174,Mikor,aegwynn,768,druid,feral,12,8,4
5175,Snkxo,perenolde,768,druid,feral,12,8,4
5176,Hakuchey,aegwynn,768,druid,feral,12,8,4
5177,Wucherwurzel,eredar,768,druid,feral,18,8,10
5178,Ashtral,kazzak,768,druid,feral,18,8,10
5179,Nédith,archimonde,768,druid,feral,18,8,10
5180,Zurllyn,ravencrest,768,druid,feral,18,8,10
5181,Апвель,gordunni,768,druid,feral,18,8,10
5182,Älênkâ,drakthul,768,druid,feral,24,8,16
5183,Vargall,silvermoon,767,druid,feral,12,8,4
5184,Kørnuto,nemesis,767,druid,feral,12,8,4
5185,Mimir,la-croisade-écarlate,767,druid,feral,12,8,4
5186,Seysso,silvermoon,767,druid,feral,18,8,10
5187,Шэйпшифт,fordragon,767,druid,feral,18,8,10
5188,Стэлларпауэр,gordunni,767,druid,feral,18,8,10
5189,Jeezuschrist,archimonde,767,druid,feral,18,8,10
5190,Laek,chogall,767,druid,feral,24,8,16
5191,Pneuma,xavius,767,druid,feral,24,8,16
5192,Acéré,archimonde,767,druid,feral,24,8,16
5193,Thielyy,blackmoore,766,druid,feral,18,8,10
5194,Dracaan,boulderfist,765,druid,feral,12,8,4
5195,Krvopito,tarren-mill,765,druid,feral,12,8,4
5196,Plankface,ravencrest,765,druid,feral,18,8,10
5197,Koshde,blackrock,765,druid,feral,18,8,10
5198,Chunkeykill,alonsus,765,druid,feral,18,8,10
5199,Bâlou,nathrezim,764,druid,feral,18,8,10
5200,Oblivark,draenor,764,druid,feral,18,8,10
5201,Shuffey,frostmane,763,druid,feral,12,8,4
5202,Dash,the-maelstrom,763,druid,feral,18,8,10
5203,Lemmí,frostwolf,763,druid,feral,18,8,10
5204,Holditorsken,grim-batol,761,druid,feral,18,8,10
5205,Razorleaf,turalyon,761,druid,feral,24,8,16
5206,Ziovris,silvermoon,761,druid,feral,27,8,19
5207,Спэкк,gordunni,758,druid,feral,24,8,16
5208,Terror,agamaggan,756,druid,feral,24,8,16
5209,Jupter,burning-blade,755,druid,feral,18,8,10
5210,Zhosy,shattrath,751,druid,feral,17,8,9
5211,Neischa,das-konsortium,746,druid,feral,18,8,10
5212,Жекакотик,eversong,745,druid,feral,18,8,10
5213,Ytzù,archimonde,719,druid,feral,11,8,3
5214,Cyriaan,eredar,719,druid,feral,17,8,9
5215,Euskal,chogall,703,druid,feral,14,8,6
5216,Xarxius,sanguino,699,druid,feral,32,8,24
5217,Jincksdruid,anachronos,672,druid,feral,12,7,5
5218,Zarc,stormreaver,672,druid,feral,12,7,5
5219,Bomoth,kazzak,672,druid,feral,12,7,5
5220,Kaÿn,tarren-mill,672,druid,feral,12,7,5
5221,Àzà,dun-modr,672,druid,feral,12,7,5
5222,Lolhaha,ravencrest,672,druid,feral,12,7,5
5223,Fíja,blackmoore,672,druid,feral,12,7,5
5224,Starasta,magtheridon,672,druid,feral,12,7,5
5225,Диздру,howling-fjord,672,druid,feral,12,7,5
5226,Goodtrip,hyjal,672,druid,feral,12,7,5
5227,Snkyferalmov,aegwynn,672,druid,feral,12,7,5
5228,Runeclaws,twisting-nether,672,druid,feral,12,7,5
5229,Frs,bladefist,672,druid,feral,12,7,5
5230,Loyoq,elune,672,druid,feral,12,7,5
5231,Фекаллис,soulflayer,672,druid,feral,12,7,5
5232,Druiidou,dalaran,672,druid,feral,18,7,11
5233,Saabeq,hyjal,672,druid,feral,18,7,11
5234,Feytique,aegwynn,672,druid,feral,18,7,11
5235,Luveena,kazzak,672,druid,feral,18,7,11
5236,Flawkin,kazzak,672,druid,feral,18,7,11
5237,Coldkíng,twisting-nether,672,druid,feral,18,7,11
5238,Sethread,ragnaros,672,druid,feral,18,7,11
5239,Oni,kelthuzad,672,druid,feral,18,7,11
5240,Liptonbite,blackhand,672,druid,feral,24,7,17
5241,Sôalôgel,blackrock,671,druid,feral,12,7,5
5242,Smellykitten,ravencrest,671,druid,feral,12,7,5
5243,Enock,hyjal,671,druid,feral,12,7,5
5244,Déme,twisting-nether,671,druid,feral,12,7,5
5245,Druikraut,silvermoon,671,druid,feral,12,7,5
5246,Calîmerô,blackrock,671,druid,feral,12,7,5
5247,Bærbell,blackrock,671,druid,feral,18,7,11
5248,Eltroncazo,sanguino,671,druid,feral,18,7,11
5249,Toron,dalaran,671,druid,feral,18,7,11
5250,Annksunamun,ysondre,671,druid,feral,18,7,11
5251,Lazerbinks,blackmoore,671,druid,feral,24,7,17
5252,Crisspurolss,ysondre,671,druid,feral,24,7,17
5253,Noobbiiee,silvermoon,670,druid,feral,12,7,5
5254,Biorythm,draenor,670,druid,feral,12,7,5
5255,Maylon,darksorrow,670,druid,feral,18,7,11
5256,Cøcøpøpsmøke,archimonde,670,druid,feral,18,7,11
5257,Toredorxy,blackrock,669,druid,feral,12,7,5
5258,Radime,khaz-modan,669,druid,feral,12,7,5
5259,Терамин,howling-fjord,669,druid,feral,18,7,11
5260,Itzferal,durotan,668,druid,feral,15,7,8
5261,Грэкхэк,soulflayer,666,druid,feral,15,8,7
5262,Kovlian,argent-dawn,655,druid,feral,17,7,10
5263,Эвгедент,deathguard,646,druid,feral,30,7,23
5264,Mordpaw,stormscale,639,druid,feral,14,8,6
5265,Nspirit,ravencrest,639,druid,feral,17,7,10
5266,Sìa,frostmane,639,druid,feral,23,7,16
5267,Shalys,archimonde,622,druid,feral,11,7,4
5268,Броодяга,razuvious,607,druid,feral,11,7,4
5269,Nevercloneqt,argent-dawn,607,druid,feral,11,7,4
5270,Àyóorts,archimonde,607,druid,feral,14,7,7
5271,Mistic,twisting-nether,601,druid,feral,17,7,10
5272,Hadoukan,ravencrest,576,druid,feral,6,6,0
5273,Эриэс,gordunni,576,druid,feral,12,6,6
5274,Amandial,silvermoon,576,druid,feral,12,6,6
5275,Даркедес,gordunni,576,druid,feral,12,6,6
5276,Сиэн,ashenvale,576,druid,feral,12,6,6
5277,Hàlunkè,eredar,576,druid,feral,12,6,6
5278,Arlandia,drakthul,576,druid,feral,12,6,6
5279,Асония,deathguard,576,druid,feral,12,6,6
5280,Tonycatmeow,ravencrest,576,druid,feral,12,6,6
5281,Caprïsun,archimonde,576,druid,feral,12,6,6
5282,Ataxyhehe,sylvanas,576,druid,feral,12,6,6
5283,Moskaros,turalyon,576,druid,feral,12,6,6
5284,Baccthana,auchindoun,576,druid,feral,12,6,6
5285,Dragonferal,tarren-mill,576,druid,feral,12,6,6
5286,Snkyexpress,aegwynn,576,druid,feral,12,6,6
5287,Basedgôd,alakir,576,druid,feral,12,6,6
5288,Forrest,bronze-dragonflight,576,druid,feral,12,6,6
5289,Notsad,dun-modr,576,druid,feral,18,6,12
5290,Hasted,kazzak,576,druid,feral,18,6,12
5291,Radauronny,malganis,576,druid,feral,18,6,12
5292,Хокан,deepholm,576,druid,feral,18,6,12
5293,Bilis,nazjatar,576,druid,feral,18,6,12
5294,Svass,ragnaros,576,druid,feral,18,6,12
5295,Teknó,ragnaros,575,druid,feral,6,6,0
5296,Леромейкен,fordragon,575,druid,feral,12,6,6
5297,Broccoliform,eredar,575,druid,feral,12,6,6
5298,Psixx,blackhand,575,druid,feral,12,6,6
5299,Xurta,kazzak,575,druid,feral,12,6,6
5300,Leidbulle,blackrock,575,druid,feral,12,6,6
5301,Chinoiserie,aszune,575,druid,feral,12,6,6
5302,Ivìs,nemesis,575,druid,feral,18,6,12
5303,Скайтибрайдх,gordunni,575,druid,feral,24,6,18
5304,Lunamimi,argent-dawn,574,druid,feral,12,6,6
5305,Tricklou,tarren-mill,574,druid,feral,12,6,6
5306,Hetalia,culte-de-la-rive-noire,571,druid,feral,12,6,6
5307,Christàlyst,garona,559,druid,feral,11,6,5
5308,Whiterun,pozzo-delleternità,555,druid,feral,19,7,12
5309,Spangle,stormscale,554,druid,feral,21,7,14
5310,Диджейкошка,howling-fjord,527,druid,feral,11,6,5
5311,Nuashoa,argent-dawn,521,druid,feral,16,7,9
5312,Lionquokk,azjolnerub,512,druid,feral,10,6,4
5313,Firrothe,die-aldor,480,druid,feral,6,5,1
5314,Ryselol,nemesis,480,druid,feral,6,5,1
5315,Retzerbil,ravencrest,480,druid,feral,10,6,4
5316,Shylovez,aegwynn,480,druid,feral,12,5,7
5317,Оссава,blackscar,480,druid,feral,12,5,7
5318,Hrabioid,burning-legion,480,druid,feral,12,5,7
5319,Miracoplixx,blackrock,480,druid,feral,12,5,7
5320,Siire,ravencrest,480,druid,feral,12,5,7
5321,Erenalby,draenor,480,druid,feral,12,5,7
5322,Hipølita,zuljin,480,druid,feral,12,5,7
5323,Xilmai,darksorrow,480,druid,feral,12,5,7
5324,Flum,darksorrow,480,druid,feral,12,5,7
5325,Bloomly,tarren-mill,480,druid,feral,12,5,7
5326,Hardbasior,burning-legion,480,druid,feral,12,5,7
5327,Redlung,outland,480,druid,feral,12,5,7
5328,Einsfünfkcat,madmortem,480,druid,feral,12,5,7
5329,Шев,blackscar,480,druid,feral,12,5,7
5330,Gató,kazzak,480,druid,feral,12,5,7
5331,Rysejr,nemesis,480,druid,feral,12,5,7
5332,Animålz,archimonde,480,druid,feral,12,5,7
5333,Жеводанский,gordunni,480,druid,feral,12,5,7
5334,Turkus,draenor,480,druid,feral,12,5,7
5335,Sketz,stormscale,480,druid,feral,12,5,7
5336,Arfgtdispo,hyjal,480,druid,feral,12,5,7
5337,Sølaria,kazzak,480,druid,feral,12,5,7
5338,Rapzr,argent-dawn,480,druid,feral,12,5,7
5339,Rímeru,blackmoore,480,druid,feral,12,5,7
5340,Ponshü,hyjal,480,druid,feral,12,5,7
5341,Epidruid,stormrage,480,druid,feral,12,5,7
5342,Pronkson,tarren-mill,480,druid,feral,12,5,7
5343,Kardashìan,ravencrest,480,druid,feral,13,5,8
5344,Yamkar,blackrock,480,druid,feral,18,5,13
5345,Pethebär,tarren-mill,480,druid,feral,18,5,13
5346,Wølveríne,frostmane,480,druid,feral,18,5,13
5347,Derrezzed,stormscale,480,druid,feral,18,5,13
5348,Nefertiti,baelgun,480,druid,feral,18,5,13
5349,Yiradur,stormscale,480,druid,feral,18,5,13
5350,Enylasi,hyjal,480,druid,feral,18,5,13
5351,Mérias,archimonde,480,druid,feral,18,5,13
5352,Outtanowhere,drakthul,480,druid,feral,18,5,13
5353,Cdsxr,outland,480,druid,feral,24,5,19
5354,Papan,sylvanas,479,druid,feral,6,5,1
5355,Poskehh,outland,479,druid,feral,12,5,7
5356,Mambalol,sanguino,479,druid,feral,12,5,7
5357,Shifts,the-maelstrom,479,druid,feral,12,5,7
5358,Telpha,onyxia,479,druid,feral,12,5,7
5359,Шадараф,howling-fjord,479,druid,feral,15,6,9
5360,Менстряк,howling-fjord,479,druid,feral,18,5,13
5361,Alimona,the-venture-co,479,druid,feral,24,5,19
5362,Yorashi,blackhand,478,druid,feral,6,5,1
5363,Cattastrophe,bronzebeard,477,druid,feral,12,5,7
5364,Mitomen,ragnaros,476,druid,feral,12,5,7
5365,Skylarr,alexstrasza,475,druid,feral,12,5,7
5366,Clawdiá,silvermoon,475,druid,feral,18,5,13
5367,Apetino,dun-modr,447,druid,feral,11,5,6
5368,Infêrno,twisting-nether,446,druid,feral,22,5,17
5369,Sároman,ravencrest,431,druid,feral,11,5,6
5370,Zynmeow,lordaeron,416,druid,feral,19,6,13
5371,Бабакошка,gordunni,415,druid,feral,11,5,6
5372,Nipply,ravencrest,415,druid,feral,15,6,9
5373,Symbiosîs,stormscale,415,druid,feral,17,5,12
5374,Sùmmèrz,ravencrest,384,druid,feral,6,4,2
5375,Noxxzar,stormscale,384,druid,feral,6,4,2
5376,Ábomínatíon,draenor,384,druid,feral,6,4,2
5377,Diktus,outland,384,druid,feral,6,4,2
5378,Shapeshifts,kul-tiras,384,druid,feral,6,4,2
5379,Idraly,kirin-tor,384,druid,feral,6,4,2
5380,Faveyo,die-nachtwache,384,druid,feral,6,4,2
5381,Шабашиоргия,soulflayer,384,druid,feral,6,4,2
5382,Osaviciosa,shendralar,384,druid,feral,6,4,2
5383,Lakaport,dun-modr,384,druid,feral,6,4,2
5384,Aslanah,hyjal,384,druid,feral,6,4,2
5385,Knatch,outland,384,druid,feral,6,4,2
5386,Minaye,hyjal,384,druid,feral,6,4,2
5387,Kgn,blackmoore,384,druid,feral,6,4,2
5388,Tróllinger,blackrock,384,druid,feral,6,4,2
5389,Ryáanz,ravencrest,384,druid,feral,6,4,2
5390,Ryseqt,nemesis,384,druid,feral,6,4,2
5391,Seekx,silvermoon,384,druid,feral,6,4,2
5392,Kowtuerz,silvermoon,384,druid,feral,6,4,2
5393,Ведмедив,blackscar,384,druid,feral,6,4,2
5394,Currare,aegwynn,384,druid,feral,6,4,2
5395,Взп,gordunni,384,druid,feral,6,4,2
5396,Takamizy,ysondre,384,druid,feral,6,4,2
5397,Dystaleon,blackrock,384,druid,feral,6,4,2
5398,Blakkowl,drakthul,384,druid,feral,6,4,2
5399,Турбокалясик,gordunni,384,druid,feral,12,4,8
5400,Giaya,turalyon,384,druid,feral,12,4,8
5401,Hydorn,cthun,384,druid,feral,12,4,8
5402,Nibbl,doomhammer,384,druid,feral,12,4,8
5403,Andros,arathor,384,druid,feral,12,4,8
5404,Mbk,kazzak,384,druid,feral,12,4,8
5405,Фдру,eversong,384,druid,feral,12,4,8
5406,Pitý,kaelthas,384,druid,feral,12,4,8
5407,Goatmeal,draenor,384,druid,feral,12,4,8
5408,Milkniatrump,tarren-mill,384,druid,feral,12,4,8
5409,Noxxll,gorgonnash,384,druid,feral,12,4,8
5410,Tenader,draenor,384,druid,feral,12,4,8
5411,ßlackßåmßå,zuljin,384,druid,feral,12,4,8
5412,Ялория,azuregos,384,druid,feral,12,4,8
5413,Shiotake,hyjal,384,druid,feral,12,4,8
5414,Carridwyn,argent-dawn,384,druid,feral,12,4,8
5415,Plandros,draenor,384,druid,feral,18,4,14
5416,Tombenuit,tarren-mill,383,druid,feral,6,4,2
5417,Tsukuyómi,ragnaros,383,druid,feral,6,4,2
5418,Bearshift,aggra-português,383,druid,feral,6,4,2
5419,Nidaalee,thrall,383,druid,feral,6,4,2
5420,Tastyrawr,blackhand,383,druid,feral,12,4,8
5421,Loafy,the-maelstrom,383,druid,feral,12,4,8
5422,Tettsu,silvermoon,383,druid,feral,12,4,8
5423,Bumsbert,teldrassil,382,druid,feral,6,4,2
5424,Altramuz,uldum,382,druid,feral,6,4,2
5425,Viølin,silvermoon,381,druid,feral,12,4,8
5426,Yopi,stormscale,351,druid,feral,11,4,7
5427,Âltashamane,elune,351,druid,feral,11,4,7
5428,Krekigaadzre,draenor,335,druid,feral,9,4,5
5429,Wolfly,ravencrest,329,druid,feral,17,6,11
5430,Halabanaha,silvermoon,319,druid,feral,5,4,1
5431,Lybell,antonidas,319,druid,feral,8,4,4
5432,Ðeathwatch,ravencrest,288,druid,feral,6,3,3
5433,Fuzzylol,haomarush,288,druid,feral,6,3,3
5434,Мивинчик,ashenvale,288,druid,feral,6,3,3
5435,Ацкийдру,gordunni,288,druid,feral,6,3,3
5436,Vãrima,ravencrest,288,druid,feral,6,3,3
5437,Garfield,uldum,288,druid,feral,6,3,3
5438,Aègon,ravencrest,288,druid,feral,6,3,3
5439,Lyrasanna,argent-dawn,288,druid,feral,6,3,3
5440,Fraptal,dalaran,288,druid,feral,6,3,3
5441,Urgrull,baelgun,288,druid,feral,6,3,3
5442,Beckett,aszune,288,druid,feral,6,3,3
5443,Lunanikuya,ravencrest,288,druid,feral,6,3,3
5444,Kørn,drakthul,288,druid,feral,6,3,3
5445,Павлорион,gordunni,288,druid,feral,6,3,3
5446,Nariah,silvermoon,288,druid,feral,6,3,3
5447,Oddform,silvermoon,288,druid,feral,6,3,3
5448,Druidou,kaelthas,288,druid,feral,6,3,3
5449,Dianabigby,silvermoon,288,druid,feral,6,3,3
5450,Ociroza,outland,288,druid,feral,6,3,3
5451,Alkurosa,sylvanas,288,druid,feral,6,3,3
5452,Syniixmeow,ravencrest,288,druid,feral,6,3,3
5453,Nightdruidcz,turalyon,288,druid,feral,6,3,3
5454,Madgazfanboi,ravencrest,288,druid,feral,6,3,3
5455,Hundavidsad,quelthalas,288,druid,feral,6,3,3
5456,Fearthecat,defias-brotherhood,288,druid,feral,6,3,3
5457,Tropicqt,ravencrest,288,druid,feral,6,3,3
5458,Wildthing,blackmoore,288,druid,feral,6,3,3
5459,Mooqt,alexstrasza,288,druid,feral,6,3,3
5460,Golddy,hyjal,288,druid,feral,6,3,3
5461,Biggestnick,ravencrest,288,druid,feral,6,3,3
5462,Yepnesse,khaz-modan,288,druid,feral,6,3,3
5463,Roska,archimonde,288,druid,feral,6,3,3
5464,Reservebär,blackhand,288,druid,feral,6,3,3
5465,Miruush,malganis,288,druid,feral,6,3,3
5466,Хённим,howling-fjord,288,druid,feral,6,3,3
5467,Xercàs,outland,288,druid,feral,6,3,3
5468,Blacknight,aggramar,288,druid,feral,6,3,3
5469,Sylvy,dun-modr,288,druid,feral,6,3,3
5470,Gargnda,tarren-mill,288,druid,feral,6,3,3
5471,Kúùsh,frostwolf,288,druid,feral,6,3,3
5472,Azyol,argent-dawn,288,druid,feral,6,3,3
5473,Druidicchi,stormscale,288,druid,feral,6,3,3
5474,Ferpylul,ragnaros,288,druid,feral,6,3,3
5475,Muffler,ragnaros,288,druid,feral,6,3,3
5476,Zantill,chamber-of-aspects,288,druid,feral,7,3,4
5477,Shingeki,alonsus,288,druid,feral,8,3,5
5478,Zink,sanguino,288,druid,feral,12,3,9
5479,Myex,exodar,288,druid,feral,12,3,9
5480,Lupa,drakthul,288,druid,feral,12,3,9
5481,Kratzbeiß,blackmoore,288,druid,feral,12,3,9
5482,Ferdax,outland,288,druid,feral,12,3,9
5483,Лорья,azuregos,288,druid,feral,12,3,9
5484,Фэк,eversong,288,druid,feral,12,3,9
5485,Psychodeliya,ragnaros,288,druid,feral,12,3,9
5486,Soofyan,kazzak,288,druid,feral,12,3,9
5487,Saltow,archimonde,288,druid,feral,12,3,9
5488,Bénjî,khazgoroth,288,druid,feral,12,3,9
5489,Skywíng,stormscale,288,druid,feral,12,3,9
5490,Vorag,dalaran,288,druid,feral,12,3,9
5491,Tskilli,draenor,288,druid,feral,12,3,9
5492,Kittyclâw,perenolde,288,druid,feral,12,3,9
5493,Drocos,genjuros,288,druid,feral,12,3,9
5494,Phòènìx,twisting-nether,288,druid,feral,12,3,9
5495,Frincessa,burning-legion,288,druid,feral,18,3,15
5496,Knææl,argent-dawn,288,druid,feral,18,3,15
5497,Isaye,archimonde,288,druid,feral,18,3,15
5498,Tallbutshort,stormscale,288,druid,feral,18,3,15
5499,Giosis,stormscale,287,druid,feral,6,3,3
5500,Cemendur,bronzebeard,287,druid,feral,6,3,3
5501,Growshax,nerzhul,287,druid,feral,6,3,3
5502,Khai,argent-dawn,287,druid,feral,6,3,3
5503,Vólotyr,ravencrest,287,druid,feral,12,3,9
5504,Greenfingerz,azjolnerub,287,druid,feral,12,3,9
5505,Kyth,forscherliga,287,druid,feral,12,3,9
5506,Vicendius,drakthul,287,druid,feral,12,3,9
5507,Poxu,eredar,287,druid,feral,18,3,15
5508,Zottelmahne,blackrock,286,druid,feral,6,3,3
5509,Zhabka,silvermoon,286,druid,feral,6,3,3
5510,Puuhalí,stormreaver,286,druid,feral,6,3,3
5511,Bakar,ghostlands,286,druid,feral,6,3,3
5512,Glanis,malorne,271,druid,feral,11,3,8
5513,Bartax,culte-de-la-rive-noire,240,druid,feral,9,3,6
5514,Shifabull,kazzak,239,druid,feral,5,3,2
5515,Лорирэнд,gordunni,239,druid,feral,11,3,8
5516,Anyône,dun-morogh,229,druid,feral,16,4,12
5517,Neyok,blackrock,223,druid,feral,8,3,5
5518,Tommyferal,outland,192,druid,feral,4,3,1
5519,Канвус,gordunni,192,druid,feral,6,2,4
5520,Трясишатай,gordunni,192,druid,feral,6,2,4
5521,Lenzork,thrall,192,druid,feral,6,2,4
5522,Рэво,gordunni,192,druid,feral,6,2,4
5523,Кентухен,gordunni,192,druid,feral,6,2,4
5524,Glyn,earthen-ring,192,druid,feral,6,2,4
5525,Routasydän,shattered-hand,192,druid,feral,6,2,4
5526,Вендьета,blackscar,192,druid,feral,6,2,4
5527,Friidaf,lightbringer,192,druid,feral,6,2,4
5528,Glenn,alakir,192,druid,feral,6,2,4
5529,Nicodruid,ravencrest,192,druid,feral,6,2,4
5530,Dwaokut,ravencrest,192,druid,feral,6,2,4
5531,Lyvaley,dun-modr,192,druid,feral,6,2,4
5532,Snûx,antonidas,192,druid,feral,6,2,4
5533,Catwild,blackmoore,192,druid,feral,6,2,4
5534,Santamonica,blackrock,192,druid,feral,6,2,4
5535,Variolus,dun-modr,192,druid,feral,6,2,4
5536,Metamø,blackrock,192,druid,feral,6,2,4
5537,Melcow,eredar,192,druid,feral,6,2,4
5538,Jokiri,argent-dawn,192,druid,feral,6,2,4
5539,Rimpularaisa,grim-batol,192,druid,feral,6,2,4
5540,Growlithe,hellfire,192,druid,feral,6,2,4
5541,Nelfboyuk,tarren-mill,192,druid,feral,6,2,4
5542,Bóssít,doomhammer,192,druid,feral,6,2,4
5543,Сверххищникк,soulflayer,192,druid,feral,6,2,4
5544,Druiddamage,the-maelstrom,192,druid,feral,6,2,4
5545,Chikiz,ghostlands,192,druid,feral,6,2,4
5546,Lilkâzzam,blackrock,192,druid,feral,6,2,4
5547,Savagehèals,ravencrest,192,druid,feral,6,2,4
5548,Feralsaber,ghostlands,192,druid,feral,6,2,4
5549,Ckelf,ravencrest,192,druid,feral,6,2,4
5550,Astlanes,ysondre,192,druid,feral,6,2,4
5551,Seekíng,blackmoore,192,druid,feral,6,2,4
5552,Garoh,dalaran,192,druid,feral,6,2,4
5553,Citrus,sargeras,192,druid,feral,6,2,4
5554,Rabatout,eitrigg,192,druid,feral,6,2,4
5555,Mcservietsky,chogall,192,druid,feral,6,2,4
5556,Shiningztar,twisting-nether,192,druid,feral,6,2,4
5557,Tøpkittyg,twisting-nether,192,druid,feral,6,2,4
5558,Zyron,sanguino,192,druid,feral,6,2,4
5559,Kiizal,twisting-nether,192,druid,feral,6,2,4
5560,Aryitu,blackrock,192,druid,feral,6,2,4
5561,Samian,turalyon,192,druid,feral,6,2,4
5562,Naetsch,blackrock,192,druid,feral,6,2,4
5563,Erundrood,ysondre,192,druid,feral,6,2,4
5564,Snuggums,argent-dawn,192,druid,feral,6,2,4
5565,Вохако,howling-fjord,192,druid,feral,6,2,4
5566,Voyerka,drakthul,192,druid,feral,6,2,4
5567,Mímír,frostmane,192,druid,feral,6,2,4
5568,Papírzsepi,ragnaros,192,druid,feral,6,2,4
5569,Wuzzington,outland,192,druid,feral,6,2,4
5570,Kisskossa,stormscale,192,druid,feral,6,2,4
5571,Rabacki,blackmoore,192,druid,feral,6,2,4
5572,Papjin,blackhand,192,druid,feral,6,2,4
5573,Treepoloski,stormscale,192,druid,feral,6,2,4
5574,Catbear,kazzak,192,druid,feral,6,2,4
5575,Ringthaw,silvermoon,192,druid,feral,6,2,4
5576,Pitsas,silvermoon,192,druid,feral,6,2,4
5577,Sandirion,silvermoon,192,druid,feral,6,2,4
5578,Nidra,silvermoon,192,druid,feral,6,2,4
5579,Lechaource,silvermoon,192,druid,feral,6,2,4
5580,Swagdemonxd,outland,192,druid,feral,6,2,4
5581,Sheiheda,kazzak,192,druid,feral,6,2,4
5582,Bullhoezerx,silvermoon,192,druid,feral,6,2,4
5583,Jimmyxdd,kazzak,192,druid,feral,6,2,4
5584,Docdruid,outland,192,druid,feral,6,2,4
5585,Jamaican,outland,192,druid,feral,6,2,4
5586,Spidete,sanguino,192,druid,feral,9,2,7
5587,Vanarea,argent-dawn,192,druid,feral,12,2,10
5588,Ellaria,burning-legion,192,druid,feral,12,2,10
5589,Trànsformer,nemesis,192,druid,feral,12,2,10
5590,Speegle,kazzak,192,druid,feral,12,2,10
5591,Gachal,kazzak,192,druid,feral,12,2,10
5592,Naturexbot,silvermoon,192,druid,feral,12,2,10
5593,Erelieva,silvermoon,192,druid,feral,12,2,10
5594,Feralzeus,sylvanas,192,druid,feral,12,2,10
5595,Nicotex,draenor,192,druid,feral,12,2,10
5596,Amoveo,argent-dawn,192,druid,feral,12,2,10
5597,Nkoyi,argent-dawn,192,druid,feral,12,2,10
5598,Yoshia,shadowsong,192,druid,feral,12,2,10
5599,Линнер,lich-king,192,druid,feral,12,2,10
5600,Rasgath,kazzak,192,druid,feral,12,2,10
5601,Affines,the-maelstrom,192,druid,feral,12,2,10
5602,Aaune,argent-dawn,192,druid,feral,12,2,10
5603,Razoremperor,tarren-mill,192,druid,feral,12,2,10
5604,Chrîslol,twisting-nether,192,druid,feral,12,2,10
5605,Tigerroll,kazzak,192,druid,feral,18,2,16
5606,Teám,tarren-mill,192,druid,feral,18,2,16
5607,Jompemanfish,stormscale,191,druid,feral,6,2,4
5608,Muju,stormscale,191,druid,feral,6,2,4
5609,Ôpium,eldrethalas,191,druid,feral,6,2,4
5610,Nayato,draenor,191,druid,feral,12,2,10
5611,Maaghera,silvermoon,191,druid,feral,18,2,16
5612,Loriann,twisting-nether,191,druid,feral,18,2,16
5613,Meuhtéki,hyjal,190,druid,feral,13,3,10
5614,Avisa,blackhand,190,druid,feral,12,2,10
5615,Cosiris,elune,190,druid,feral,12,2,10
5616,Shadøwdruid,silvermoon,190,druid,feral,18,2,16
5617,Ilyethea,earthen-ring,175,druid,feral,11,2,9
5618,Неваляка,gordunni,159,druid,feral,5,2,3
5619,Hiloqtdruid,blackmoore,159,druid,feral,5,2,3
5620,Muryo,der-rat-von-dalaran,159,druid,feral,5,2,3
5621,Korkskruven,draenor,159,druid,feral,5,2,3
5622,Bearfôrceône,blackrock,159,druid,feral,11,2,9
5623,Grawlex,silvermoon,159,druid,feral,11,2,9
5624,Найадра,gordunni,144,druid,feral,9,2,7
5625,Azaría,aegwynn,128,druid,feral,4,2,2
5626,Baniaucygana,draenor,127,druid,feral,4,2,2
5627,Wurnas,silvermoon,121,druid,feral,15,3,12
5628,Epikeks,blackmoore,96,druid,feral,4,2,2
5629,Dèxò,blackmoore,96,druid,feral,11,4,7
5630,Moderntalkin,aegwynn,96,druid,feral,17,4,13
5631,Tshungubuäch,eredar,96,druid,feral,6,1,5
5632,Tael,argent-dawn,96,druid,feral,6,1,5
5633,Strand,ragnaros,96,druid,feral,6,1,5
5634,Арбузир,howling-fjord,96,druid,feral,6,1,5
5635,Awán,aegwynn,96,druid,feral,6,1,5
5636,Kuw,archimonde,96,druid,feral,6,1,5
5637,Горртек,howling-fjord,96,druid,feral,6,1,5
5638,Ãnimal,argent-dawn,96,druid,feral,6,1,5
5639,Sabresheep,twisting-nether,96,druid,feral,6,1,5
5640,Yabooni,ravencrest,96,druid,feral,6,1,5
5641,Jellybra,tarren-mill,96,druid,feral,6,1,5
5642,Steakotaur,chamber-of-aspects,96,druid,feral,6,1,5
5643,Hccl,blackhand,96,druid,feral,6,1,5
5644,Gurudru,tarren-mill,96,druid,feral,6,1,5
5645,Théodên,dalaran,96,druid,feral,6,1,5
5646,Axiu,kazzak,96,druid,feral,6,1,5
5647,Taurendruid,the-maelstrom,96,druid,feral,6,1,5
5648,Benfufu,kazzak,96,druid,feral,6,1,5
5649,Plàntz,tarren-mill,96,druid,feral,6,1,5
5650,Catgirlx,ravencrest,96,druid,feral,6,1,5
5651,Malfurryon,drakthul,96,druid,feral,6,1,5
5652,Пивч,soulflayer,96,druid,feral,6,1,5
5653,Venomjr,bloodhoof,96,druid,feral,6,1,5
5654,Legyna,ravencrest,96,druid,feral,6,1,5
5655,Zinister,hyjal,96,druid,feral,6,1,5
5656,Aahboom,draenor,96,druid,feral,6,1,5
5657,Мурталор,soulflayer,96,druid,feral,6,1,5
5658,Xenrakh,blackhand,96,druid,feral,6,1,5
5659,Majesty,nagrand,96,druid,feral,6,1,5
5660,Haragmancs,arathor,96,druid,feral,6,1,5
5661,Хэрес,gordunni,96,druid,feral,6,1,5
5662,Vaalya,hyjal,96,druid,feral,6,1,5
5663,Mãui,blackhand,96,druid,feral,6,1,5
5664,Seraxi,der-mithrilorden,96,druid,feral,6,1,5
5665,Sempai,hyjal,96,druid,feral,6,1,5
5666,Jamera,stormscale,96,druid,feral,6,1,5
5667,Yarrp,stormscale,96,druid,feral,6,1,5
5668,Cesty,silvermoon,96,druid,feral,6,1,5
5669,Zðe,la-croisade-écarlate,96,druid,feral,6,1,5
5670,Saliencias,kazzak,96,druid,feral,6,1,5
5671,Ayatola,conseil-des-ombres,96,druid,feral,6,1,5
5672,Nidrien,doomhammer,96,druid,feral,6,1,5
5673,Albinoape,doomhammer,96,druid,feral,6,1,5
5674,Ragnai,emerald-dream,96,druid,feral,6,1,5
5675,Thaneo,blackmoore,96,druid,feral,6,1,5
5676,Heav,kiljaeden,96,druid,feral,6,1,5
5677,Sadskia,sanguino,96,druid,feral,6,1,5
5678,Hyza,bronzebeard,96,druid,feral,6,1,5
5679,Imsothorny,genjuros,96,druid,feral,6,1,5
5680,Fabulous,genjuros,96,druid,feral,6,1,5
5681,Maräanhatähr,silvermoon,96,druid,feral,6,1,5
5682,Markuslanz,blackrock,96,druid,feral,6,1,5
5683,Nakkikastike,magtheridon,96,druid,feral,12,1,11
5684,Veyronn,burning-legion,96,druid,feral,12,1,11
5685,Staness,khaz-modan,96,druid,feral,12,1,11
5686,Farnae,kirin-tor,96,druid,feral,12,1,11
5687,Mäywen,ravencrest,96,druid,feral,12,1,11
5688,Taco,eredar,96,druid,feral,12,1,11
5689,Bidodici,nemesis,95,druid,feral,6,1,5
5690,Allîyâ,archimonde,79,druid,feral,5,1,4
5691,Forigiver,draenor,64,druid,feral,4,1,3
5692,Прокси,gordunni,64,druid,feral,4,1,3
5693,Muffinjump,outland,64,druid,feral,4,1,3
5694,Lycal,chogall,63,druid,feral,2,2,0
5695,Aendy,tarren-mill,48,druid,feral,3,1,2
5696,Wadles,draenor,48,druid,feral,3,1,2
5697,Cus,tarren-mill,48,druid,feral,3,1,2
5698,Domänia,onyxia,16,druid,feral,7,1,6
5699,Maroxd,stormscale,2337,druid,balance,94,65,29
5700,Fuséton,tarren-mill,2332,druid,balance,197,120,77
5701,Merceý,ravencrest,2288,druid,balance,87,59,28
5702,Immuz,kazzak,2271,druid,balance,131,73,58
5703,Kaabeedo,ravencrest,2229,druid,balance,90,50,40
5704,Bd,stormscale,2225,druid,balance,83,49,34
5705,Wriong,ravencrest,2224,druid,balance,135,82,53
5706,Batboomie,zuljin,2198,druid,balance,280,156,124
5707,Crippaa,tarren-mill,2185,druid,balance,104,69,35
5708,Wwboomy,kazzak,2185,druid,balance,114,59,55
5709,Norgand,die-aldor,2173,druid,balance,42,33,9
5710,Flanagân,hyjal,2171,druid,balance,60,36,24
5711,Skivesnulle,kazzak,2155,druid,balance,197,100,97
5712,Thelire,silvermoon,2149,druid,balance,298,158,140
5713,Positivîty,stormscale,2142,druid,balance,162,97,65
5714,Sleepyhallow,blackmoore,2142,druid,balance,100,58,42
5715,Eôxxd,blackrock,2135,druid,balance,95,63,32
5716,Deép,nazjatar,2134,druid,balance,90,47,43
5717,Agagagagagag,ravencrest,2129,druid,balance,108,59,49
5718,Vabore,twisting-nether,2128,druid,balance,78,44,34
5719,Isatá,ravencrest,2123,druid,balance,66,42,24
5720,Mopboomkin,twisting-nether,2122,druid,balance,78,45,33
5721,Ackiz,ravencrest,2121,druid,balance,69,42,27
5722,Shayia,aegwynn,2121,druid,balance,119,65,54
5723,Jwrld,stormscale,2121,druid,balance,66,35,31
5724,Bumkin,bloodhoof,2120,druid,balance,72,41,31
5725,Kirexz,blackrock,2118,druid,balance,83,55,28
5726,Feelstreeman,twisting-nether,2115,druid,balance,54,33,21
5727,Ursulaboomer,blackrock,2113,druid,balance,96,55,41
5728,Winkler,kazzak,2109,druid,balance,50,38,12
5729,Broccoliboy,sylvanas,2109,druid,balance,108,58,50
5730,Sadgeconvoke,draenor,2103,druid,balance,166,111,55
5731,Бубаджек,howling-fjord,2102,druid,balance,48,31,17
5732,Gulmi,outland,2088,druid,balance,105,64,41
5733,Tmeister,kazzak,2081,druid,balance,108,62,46
5734,Ôwlnur,kult-der-verdammten,2080,druid,balance,85,50,35
5735,Mephîs,ravencrest,2078,druid,balance,76,49,27
5736,Shåmss,kazzak,2077,druid,balance,48,31,17
5737,Eviscreator,stormscale,2076,druid,balance,120,76,44
5738,Turtleform,blackrock,2063,druid,balance,101,49,52
5739,Rexonadudu,kazzak,2061,druid,balance,147,87,60
5740,Gonyogonyo,blackmoore,2061,druid,balance,66,38,28
5741,Antahka,archimonde,2057,druid,balance,60,34,26
5742,Oskol,tarren-mill,2057,druid,balance,70,37,33
5743,Shivany,twisting-nether,2052,druid,balance,130,66,64
5744,Dudukid,nemesis,2051,druid,balance,126,71,55
5745,Saufeb,stormscale,2045,druid,balance,101,60,41
5746,Hammd,kazzak,2040,druid,balance,113,70,43
5747,Nutsnack,tarren-mill,2039,druid,balance,78,38,40
5748,Рейзакх,howling-fjord,2036,druid,balance,114,63,51
5749,Zødzin,kazzak,2028,druid,balance,84,44,40
5750,Владисзади,gordunni,2024,druid,balance,101,55,46
5751,Dezarden,die-aldor,2022,druid,balance,51,36,15
5752,Akinimod,ravencrest,2017,druid,balance,74,47,27
5753,Méáckós,aegwynn,2016,druid,balance,134,66,68
5754,Dincks,draenor,2015,druid,balance,89,54,35
5755,Rootzxx,ravencrest,2012,druid,balance,96,56,40
5756,Secrägodx,ragnaros,2010,druid,balance,78,48,30
5757,Muhammadali,ravencrest,2010,druid,balance,60,34,26
5758,Shakso,stormscale,2004,druid,balance,66,42,24
5759,Bulla,culte-de-la-rive-noire,2004,druid,balance,118,74,44
5760,Handsoff,stormscale,1997,druid,balance,162,84,78
5761,Newaccount,kazzak,1995,druid,balance,108,67,41
5762,Catchmê,archimonde,1993,druid,balance,62,36,26
5763,Yore,tichondrius,1991,druid,balance,90,61,29
5764,Klimakleber,ravencrest,1991,druid,balance,152,75,77
5765,Bittebads,stormscale,1987,druid,balance,54,35,19
5766,Imperiusx,ravencrest,1972,druid,balance,221,125,96
5767,Karvajyrä,stormreaver,1969,druid,balance,240,135,105
5768,Starsy,frostmane,1966,druid,balance,72,32,40
5769,Win,hellscream,1964,druid,balance,90,50,40
5770,ßa,blackmoore,1960,druid,balance,59,38,21
5771,Uglyrasputin,blackmoore,1960,druid,balance,156,94,62
5772,Pvekek,stormscale,1953,druid,balance,68,45,23
5773,Aggroasian,tarren-mill,1952,druid,balance,263,144,119
5774,Fiskmåsn,twisting-nether,1951,druid,balance,155,92,63
5775,Transmangodx,tarren-mill,1950,druid,balance,78,48,30
5776,Disvikz,outland,1950,druid,balance,66,38,28
5777,Bákhar,ravencrest,1950,druid,balance,101,52,49
5778,Qtkitty,outland,1946,druid,balance,224,127,97
5779,Néllÿ,elune,1942,druid,balance,102,51,51
5780,Narq,sylvanas,1940,druid,balance,78,49,29
5781,Даирлин,gordunni,1940,druid,balance,118,59,59
5782,Ganqb,ravencrest,1939,druid,balance,345,193,152
5783,Didiee,kazzak,1938,druid,balance,102,58,44
5784,Izhusky,ravencrest,1937,druid,balance,67,41,26
5785,Cassiddyy,draenor,1937,druid,balance,78,45,33
5786,Рябчиик,blackscar,1935,druid,balance,146,87,59
5787,Slaugh,zuljin,1935,druid,balance,89,48,41
5788,Wizzlafa,ravencrest,1930,druid,balance,76,44,32
5789,Muufasa,blackmoore,1929,druid,balance,176,92,84
5790,Kruwkamilka,burning-legion,1928,druid,balance,122,68,54
5791,Tommyruin,the-venture-co,1925,druid,balance,70,43,27
5792,Veonski,argent-dawn,1925,druid,balance,105,57,48
5793,Flæppy,blackmoore,1925,druid,balance,151,77,74
5794,Mooskie,draenor,1921,druid,balance,54,37,17
5795,Fredhqt,tarren-mill,1918,druid,balance,59,37,22
5796,Lifeseed,ravencrest,1918,druid,balance,47,26,21
5797,Laker,stormscale,1915,druid,balance,91,52,39
5798,Cmfg,blackrock,1913,druid,balance,56,37,19
5799,Laserchicken,malganis,1913,druid,balance,161,80,81
5800,Greenful,drakthul,1908,druid,balance,78,45,33
5801,Trntydr,senjin,1906,druid,balance,41,30,11
5802,Найттир,gordunni,1905,druid,balance,66,37,29
5803,Moodý,aegwynn,1904,druid,balance,47,33,14
5804,Стомпбр,gordunni,1899,druid,balance,72,44,28
5805,Zendda,hyjal,1896,druid,balance,61,30,31
5806,Эё,howling-fjord,1895,druid,balance,66,44,22
5807,Malex,auchindoun,1895,druid,balance,54,32,22
5808,Knùbz,ravencrest,1895,druid,balance,77,40,37
5809,Rek,sanguino,1893,druid,balance,57,33,24
5810,Votionex,tarren-mill,1891,druid,balance,64,38,26
5811,Hppsr,eredar,1889,druid,balance,66,35,31
5812,Небесныйхант,soulflayer,1887,druid,balance,77,42,35
5813,Ghostpaws,ravencrest,1885,druid,balance,78,42,36
5814,Kankstery,stormscale,1882,druid,balance,65,44,21
5815,Crnkie,sylvanas,1880,druid,balance,60,37,23
5816,Blopstar,stormscale,1879,druid,balance,54,34,20
5817,Mdrgtwo,ravencrest,1877,druid,balance,47,34,13
5818,Grässoppa,tarren-mill,1877,druid,balance,53,29,24
5819,Sentería,sylvanas,1876,druid,balance,60,30,30
5820,Вбг,soulflayer,1873,druid,balance,60,35,25
5821,Øncê,durotan,1871,druid,balance,54,29,25
5822,Rbgkári,draenor,1870,druid,balance,72,45,27
5823,Tobid,blackrock,1869,druid,balance,48,36,12
5824,Boomjutzu,kazzak,1866,druid,balance,42,25,17
5825,Øsbura,silvermoon,1864,druid,balance,48,28,20
5826,Hunkex,frostmane,1862,druid,balance,81,44,37
5827,Punxybear,ravencrest,1861,druid,balance,249,128,121
5828,Millions,tarren-mill,1860,druid,balance,108,70,38
5829,Flanagàn,hyjal,1860,druid,balance,58,31,27
5830,ßoomin,tarren-mill,1859,druid,balance,48,25,23
5831,Maijs,ravencrest,1857,druid,balance,66,31,35
5832,Peaches,aerie-peak,1856,druid,balance,59,41,18
5833,Starbro,grim-batol,1856,druid,balance,48,27,21
5834,Ööh,outland,1855,druid,balance,54,29,25
5835,Emmdru,silvermoon,1854,druid,balance,101,63,38
5836,Snøø,frostwolf,1854,druid,balance,66,40,26
5837,Howgh,destromath,1854,druid,balance,180,94,86
5838,Näela,archimonde,1850,druid,balance,54,27,27
5839,Øhmygød,stormscale,1849,druid,balance,60,32,28
5840,Tzeeni,stormscale,1847,druid,balance,35,28,7
5841,Mesmerizing,ravencrest,1847,druid,balance,60,34,26
5842,Credenz,frostmane,1845,druid,balance,90,52,38
5843,Xora,kazzak,1845,druid,balance,197,106,91
5844,Арадия,gordunni,1843,druid,balance,66,35,31
5845,Gipi,ravencrest,1843,druid,balance,60,31,29
5846,Tuttu,kazzak,1841,druid,balance,60,32,28
5847,Hrz,kazzak,1839,druid,balance,79,50,29
5848,Starfallkey,dun-modr,1839,druid,balance,99,61,38
5849,Pluginbaby,stormscale,1838,druid,balance,64,41,23
5850,Ccoco,aegwynn,1838,druid,balance,66,35,31
5851,Tjillevippen,tarren-mill,1836,druid,balance,36,23,13
5852,Nassii,antonidas,1836,druid,balance,162,99,63
5853,Connydor,stormscale,1836,druid,balance,48,29,19
5854,Metamoo,tarren-mill,1835,druid,balance,47,36,11
5855,Atrosity,ravencrest,1835,druid,balance,66,40,26
5856,Rivella,blackrock,1834,druid,balance,51,29,22
5857,Zuterlø,ragnaros,1834,druid,balance,54,28,26
5858,Jøkèr,outland,1833,druid,balance,53,30,23
5859,Кирукхэ,gordunni,1832,druid,balance,36,28,8
5860,Nuvemone,stormscale,1832,druid,balance,90,51,39
5861,Limme,ravencrest,1831,druid,balance,64,45,19
5862,Tárzáñ,ravencrest,1831,druid,balance,60,37,23
5863,Ezeke,eredar,1830,druid,balance,160,79,81
5864,Kenzia,stormrage,1829,druid,balance,42,28,14
5865,Lóvebeam,ravencrest,1829,druid,balance,42,26,16
5866,Rngmåchinéx,ravencrest,1827,druid,balance,109,74,35
5867,Celtimi,antonidas,1826,druid,balance,30,23,7
5868,Nyndrà,archimonde,1826,druid,balance,135,66,69
5869,Carnivals,twisting-nether,1825,druid,balance,54,31,23
5870,Зетзул,grom,1825,druid,balance,242,131,111
5871,Dizay,xavius,1823,druid,balance,60,40,20
5872,Bearpawzz,kazzak,1823,druid,balance,48,29,19
5873,Faxotium,argent-dawn,1822,druid,balance,30,21,9
5874,Djemdruid,argent-dawn,1822,druid,balance,42,27,15
5875,Kaalil,argent-dawn,1822,druid,balance,72,40,32
5876,Ciucciotutto,nemesis,1821,druid,balance,30,24,6
5877,Kjøttberit,moonglade,1820,druid,balance,36,26,10
5878,Okøë,marécage-de-zangar,1820,druid,balance,42,26,16
5879,Hyac,the-maelstrom,1819,druid,balance,42,29,13
5880,Alxzdru,auchindoun,1819,druid,balance,135,83,52
5881,Хальтенис,gordunni,1819,druid,balance,58,34,24
5882,Травкер,howling-fjord,1818,druid,balance,239,118,121
5883,Sunshinex,silvermoon,1818,druid,balance,96,47,49
5884,Captaïn,twisting-nether,1816,druid,balance,36,27,9
5885,Lunahu,argent-dawn,1816,druid,balance,72,42,30
5886,Astrobazooka,stormreaver,1815,druid,balance,77,48,29
5887,Миртлэкшн,gordunni,1815,druid,balance,71,38,33
5888,Gambós,kazzak,1814,druid,balance,35,24,11
5889,Wrathgodx,aegwynn,1814,druid,balance,36,24,12
5890,Tallu,das-konsortium,1812,druid,balance,60,38,22
5891,Flanders,blackrock,1811,druid,balance,36,25,11
5892,Bashmac,mugthol,1811,druid,balance,72,49,23
5893,Superchïcken,archimonde,1809,druid,balance,36,23,13
5894,Juicypus,ragnaros,1809,druid,balance,48,29,19
5895,Ferawri,draenor,1808,druid,balance,42,24,18
5896,Scaleo,stormreaver,1808,druid,balance,90,48,42
5897,Icek,outland,1806,druid,balance,54,33,21
5898,Gehrkehotter,silvermoon,1805,druid,balance,90,58,32
5899,Meowcry,outland,1804,druid,balance,66,39,27
5900,Solariah,garona,1804,druid,balance,143,84,59
5901,Cøntrol,argent-dawn,1804,druid,balance,60,34,26
5902,Ruetinjeri,blackmoore,1804,druid,balance,73,38,35
5903,Xyzy,burning-legion,1803,druid,balance,84,45,39
5904,Wrldx,twisting-nether,1802,druid,balance,106,61,45
5905,Geîl,blackrock,1801,druid,balance,42,24,18
5906,Daÿdream,ravencrest,1800,druid,balance,60,39,21
5907,Eselhirte,blackhand,1800,druid,balance,45,27,18
5908,Bastodonte,skullcrusher,1799,druid,balance,166,84,82
5909,Klappskaft,outland,1791,druid,balance,35,20,15
5910,Moonhusky,blackrock,1789,druid,balance,60,36,24
5911,Gurru,xavius,1789,druid,balance,131,65,66
5912,Andreud,dunemaul,1788,druid,balance,71,33,38
5913,Ventrìx,alleria,1787,druid,balance,84,43,41
5914,Айрокси,blackscar,1786,druid,balance,42,24,18
5915,Neirdá,hyjal,1785,druid,balance,167,91,76
5916,Longhornjohn,ragnaros,1784,druid,balance,58,33,25
5917,Trekkertt,zuljin,1784,druid,balance,53,28,25
5918,Euphørie,twisting-nether,1783,druid,balance,163,94,69
5919,Dyroxs,twisting-nether,1782,druid,balance,112,56,56
5920,Gudñ,tarren-mill,1781,druid,balance,59,36,23
5921,Morlán,blackmoore,1777,druid,balance,30,19,11
5922,Sylvy,dun-modr,1777,druid,balance,112,62,50
5923,Darktigrou,archimonde,1775,druid,balance,30,21,9
5924,Zkrd,kazzak,1774,druid,balance,61,33,28
5925,Мягкийвисп,howling-fjord,1773,druid,balance,60,37,23
5926,Abyssaldepth,ravencrest,1768,druid,balance,84,58,26
5927,Malvakten,kazzak,1768,druid,balance,164,84,80
5928,Skarbowka,burning-legion,1766,druid,balance,24,20,4
5929,Shiftowl,tarren-mill,1766,druid,balance,36,25,11
5930,Mirynn,elune,1766,druid,balance,127,64,63
5931,Asinistar,ravencrest,1764,druid,balance,56,32,24
5932,Сосисосочка,gordunni,1761,druid,balance,66,32,34
5933,Escaa,stormscale,1757,druid,balance,36,21,15
5934,Taylorshîft,burning-legion,1757,druid,balance,60,31,29
5935,Babynaty,ravencrest,1756,druid,balance,158,77,81
5936,Melyssea,argent-dawn,1751,druid,balance,53,29,24
5937,Pneuma,xavius,1749,druid,balance,117,67,50
5938,Подпивасникх,gordunni,1747,druid,balance,36,24,12
5939,Mqs,stormscale,1746,druid,balance,68,45,23
5940,Ånaðeårmas,outland,1746,druid,balance,77,47,30
5941,Starcowx,ragnaros,1746,druid,balance,63,33,30
5942,Drooshy,ravencrest,1744,druid,balance,27,20,7
5943,Bøøstèdtréè,ravencrest,1743,druid,balance,90,52,38
5944,Mochiløxz,tarren-mill,1741,druid,balance,116,69,47
5945,Meowmf,silvermoon,1739,druid,balance,60,39,21
5946,Dràkàn,dethecus,1739,druid,balance,42,24,18
5947,Gallokiriko,zuljin,1738,druid,balance,66,32,34
5948,Cyriaan,eredar,1737,druid,balance,95,53,42
5949,Qtrly,ravencrest,1737,druid,balance,44,21,23
5950,Zaoow,stormscale,1736,druid,balance,42,26,16
5951,Fuzzylol,haomarush,1736,druid,balance,41,24,17
5952,Leqt,ravencrest,1736,druid,balance,84,49,35
5953,Connorz,blackmoore,1735,druid,balance,42,25,17
5954,Elunælle,les-sentinelles,1733,druid,balance,63,39,24
5955,Bigbaddream,stormscale,1733,druid,balance,60,34,26
5956,Jenovas,argent-dawn,1730,druid,balance,63,32,31
5957,Imaginarý,ravencrest,1729,druid,balance,29,19,10
5958,Трэйкотик,blackscar,1728,druid,balance,71,41,30
5959,Balanc,ragnaros,1727,druid,balance,106,60,46
5960,Kribie,aegwynn,1725,druid,balance,36,25,11
5961,Pultsarí,tarren-mill,1725,druid,balance,39,24,15
5962,Pouletqt,archimonde,1723,druid,balance,42,21,21
5963,Píøøx,tarren-mill,1722,druid,balance,84,53,31
5964,Oommis,outland,1722,druid,balance,48,28,20
5965,Pwnylol,teldrassil,1721,druid,balance,70,46,24
5966,Calê,blackrock,1720,druid,balance,69,44,25
5967,Даена,razuvious,1719,druid,balance,30,24,6
5968,Hugeragê,stormreaver,1719,druid,balance,71,33,38
5969,Kalgarm,burning-legion,1719,druid,balance,66,29,37
5970,Quadpulse,ravencrest,1718,druid,balance,36,18,18
5971,Björnskift,tarren-mill,1717,druid,balance,48,26,22
5972,Elissian,silvermoon,1717,druid,balance,199,106,93
5973,Shakeme,zuljin,1716,druid,balance,48,25,23
5974,Pikatwo,tyrande,1715,druid,balance,24,18,6
5975,Orangeterror,stormscale,1714,druid,balance,48,30,18
5976,Lilpumpz,outland,1714,druid,balance,36,21,15
5977,Онличикен,gordunni,1714,druid,balance,108,54,54
5978,Afret,kazzak,1714,druid,balance,275,136,139
5979,Лёхалепеха,gordunni,1713,druid,balance,60,36,24
5980,Kabuul,dun-modr,1712,druid,balance,119,74,45
5981,Владибой,gordunni,1712,druid,balance,36,18,18
5982,Justyo,archimonde,1711,druid,balance,57,36,21
5983,Bîjaqt,blackmoore,1710,druid,balance,30,18,12
5984,Legitx,dentarg,1710,druid,balance,54,28,26
5985,Ахисса,gordunni,1709,druid,balance,48,24,24
5986,Kørra,dun-modr,1707,druid,balance,73,42,31
5987,Slahnesh,aegwynn,1706,druid,balance,48,26,22
5988,Nizkul,dun-modr,1705,druid,balance,49,30,19
5989,Linkin,azshara,1704,druid,balance,102,53,49
5990,Naturez,sylvanas,1704,druid,balance,74,37,37
5991,Mikhaili,stormreaver,1703,druid,balance,30,18,12
5992,Hyperbêast,aegwynn,1701,druid,balance,23,19,4
5993,Kabôôm,stormscale,1701,druid,balance,36,21,15
5994,Neufcinqq,archimonde,1700,druid,balance,39,26,13
5995,Yinx,darksorrow,1699,druid,balance,42,25,17
5996,Thardruid,stormscale,1699,druid,balance,72,42,30
5997,Blanoz,ravencrest,1699,druid,balance,48,21,27
5998,Htxo,kazzak,1698,druid,balance,30,18,12
5999,Sartipus,draenor,1696,druid,balance,30,19,11
6000,Raykk,culte-de-la-rive-noire,1696,druid,balance,30,18,12
6001,Shàal,ysondre,1696,druid,balance,105,53,52
6002,Låsèrpêwpéw,tarren-mill,1694,druid,balance,36,24,12
6003,Друлякич,gordunni,1694,druid,balance,37,21,16
6004,Pyaw,kazzak,1693,druid,balance,48,30,18
6005,Suprachybre,arathi,1692,druid,balance,42,29,13
6006,Néxct,stormscale,1688,druid,balance,36,22,14
6007,Zerozerosex,archimonde,1686,druid,balance,54,25,29
6008,Güccïmane,twisting-nether,1685,druid,balance,72,53,19
6009,Cowgurl,stormscale,1682,druid,balance,48,27,21
6010,Mäismz,hyjal,1680,druid,balance,54,37,17
6011,Bambye,stormscale,1680,druid,balance,60,39,21
6012,Macron,terokkar,1677,druid,balance,52,30,22
6013,Broflovskii,tarren-mill,1677,druid,balance,54,23,31
6014,Highonfire,grim-batol,1676,druid,balance,60,41,19
6015,Restaidpvs,wildhammer,1676,druid,balance,42,23,19
6016,Boomky,blackmoore,1676,druid,balance,39,19,20
6017,Dotclass,outland,1675,druid,balance,44,25,19
6018,Sylindra,argent-dawn,1673,druid,balance,70,43,27
6019,Horadruid,silvermoon,1673,druid,balance,226,128,98
6020,Угощаюх,howling-fjord,1672,druid,balance,29,22,7
6021,Сибирячечка,greymane,1672,druid,balance,89,48,41
6022,Воому,soulflayer,1668,druid,balance,30,22,8
6023,Мэдикейт,soulflayer,1668,druid,balance,54,33,21
6024,Drcaøs,sanguino,1668,druid,balance,84,47,37
6025,Aleza,tarren-mill,1667,druid,balance,45,26,19
6026,Æøøm,blackmoore,1667,druid,balance,89,48,41
6027,Esrín,the-maelstrom,1667,druid,balance,84,45,39
6028,Taurendruid,the-maelstrom,1664,druid,balance,72,39,33
6029,Ahuevshiy,wildhammer,1662,druid,balance,36,25,11
6030,Слоич,howling-fjord,1661,druid,balance,117,57,60
6031,Brîvaëlle,silvermoon,1660,druid,balance,24,18,6
6032,Яммаккаасии,grom,1660,druid,balance,42,22,20
6033,Shapeshift,sanguino,1659,druid,balance,62,34,28
6034,Møømøø,tarren-mill,1658,druid,balance,30,18,12
6035,Kaïnak,dalaran,1657,druid,balance,48,25,23
6036,Jamzydruid,kazzak,1657,druid,balance,72,37,35
6037,Shaakm,nerathor,1656,druid,balance,54,32,22
6038,Hilom,grim-batol,1656,druid,balance,36,21,15
6039,Jaycutler,archimonde,1655,druid,balance,66,34,32
6040,Svend,kazzak,1653,druid,balance,59,36,23
6041,Settembre,ragnaros,1652,druid,balance,39,25,14
6042,Shreedex,blackmoore,1651,druid,balance,66,41,25
6043,Dreathqt,twisting-nether,1651,druid,balance,66,28,38
6044,Troc,karazhan,1648,druid,balance,30,21,9
6045,Kabòöóm,outland,1647,druid,balance,42,25,17
6046,Grisdrood,draenor,1647,druid,balance,161,82,79
6047,Zevis,outland,1646,druid,balance,90,49,41
6048,Zeptune,tarren-mill,1645,druid,balance,66,28,38
6049,Ampdru,ravencrest,1644,druid,balance,23,18,5
6050,Hyunâ,dalaran,1644,druid,balance,48,30,18
6051,Cantdonothig,ravencrest,1644,druid,balance,203,109,94
6052,Twitchmoney,archimonde,1643,druid,balance,32,24,8
6053,Øffroadz,blackmoore,1643,druid,balance,30,20,10
6054,Мэдикейт,gordunni,1643,druid,balance,48,27,21
6055,Chäz,sanguino,1642,druid,balance,44,34,10
6056,Halouest,archimonde,1642,druid,balance,71,42,29
6057,Pradasurge,ravencrest,1642,druid,balance,149,81,68
6058,Ploho,blackmoore,1642,druid,balance,39,19,20
6059,Goom,rexxar,1641,druid,balance,208,122,86
6060,Фигарофигаро,gordunni,1641,druid,balance,66,35,31
6061,Хотдиллер,howling-fjord,1639,druid,balance,30,20,10
6062,Zapx,hyjal,1639,druid,balance,90,50,40
6063,Drutro,hellfire,1639,druid,balance,54,27,27
6064,Blood,frostwolf,1638,druid,balance,42,24,18
6065,Shiftcaster,ravencrest,1638,druid,balance,48,22,26
6066,Yarinai,blackmoore,1637,druid,balance,54,29,25
6067,Obrys,tarren-mill,1637,druid,balance,42,21,21
6068,Grafíx,blackrock,1636,druid,balance,30,18,12
6069,Derfaï,kaelthas,1636,druid,balance,41,21,20
6070,Deví,twilights-hammer,1634,druid,balance,48,30,18
6071,Bobcup,tarren-mill,1634,druid,balance,91,52,39
6072,Naturalbeef,argent-dawn,1634,druid,balance,40,22,18
6073,Kënzo,ravencrest,1632,druid,balance,55,35,20
6074,Knuffle,eredar,1631,druid,balance,82,52,30
6075,Rekked,alleria,1631,druid,balance,42,23,19
6076,Masakrelol,sanguino,1631,druid,balance,36,18,18
6077,Felysae,kazzak,1630,druid,balance,24,17,7
6078,Squirtdogx,drakthul,1630,druid,balance,30,17,13
6079,Feralenjoyer,drakthul,1630,druid,balance,30,17,13
6080,Hotsincee,stormscale,1629,druid,balance,97,54,43
6081,Èøèøèøèøè,stormscale,1627,druid,balance,18,17,1
6082,Vulkayn,ysondre,1627,druid,balance,42,22,20
6083,Shyngodx,archimonde,1625,druid,balance,48,29,19
6084,Kokslina,sylvanas,1625,druid,balance,41,19,22
6085,Kkona,silvermoon,1624,druid,balance,77,41,36
6086,Лсдспайсы,soulflayer,1623,druid,balance,36,21,15
6087,Çhîñêséðrüîð,kazzak,1623,druid,balance,36,21,15
6088,Durkdriven,kazzak,1623,druid,balance,45,24,21
6089,Kittyexpress,arygos,1623,druid,balance,48,25,23
6090,Мунстрайк,borean-tundra,1622,druid,balance,35,23,12
6091,Храш,gordunni,1622,druid,balance,29,18,11
6092,Светдру,blackscar,1621,druid,balance,24,17,7
6093,Trinket,frostmane,1620,druid,balance,36,26,10
6094,Kåmen,ravenholdt,1620,druid,balance,91,53,38
6095,Moonzysunzy,sylvanas,1620,druid,balance,30,17,13
6096,Landesverrat,kazzak,1619,druid,balance,24,21,3
6097,Nastyclones,kazzak,1619,druid,balance,24,17,7
6098,Døttore,garona,1619,druid,balance,122,63,59
6099,Whisker,outland,1618,druid,balance,24,17,7
6100,Youngdinozzo,dalaran,1618,druid,balance,35,23,12
6101,Damigjat,sylvanas,1618,druid,balance,215,123,92
6102,Mendorin,stormrage,1618,druid,balance,69,36,33
6103,Ícekiss,hyjal,1617,druid,balance,30,24,6
6104,Tâliah,silvermoon,1616,druid,balance,36,23,13
6105,Haanook,ravencrest,1616,druid,balance,54,31,23
6106,Ryuzu,aegwynn,1616,druid,balance,79,45,34
6107,Fabuboomy,blackrock,1616,druid,balance,30,17,13
6108,Panpanqcul,archimonde,1615,druid,balance,52,31,21
6109,Boomykush,twisting-nether,1615,druid,balance,59,35,24
6110,Âlhajillo,dun-modr,1615,druid,balance,30,17,13
6111,Rwq,outland,1614,druid,balance,51,28,23
6112,Stepgødx,twisting-nether,1614,druid,balance,36,17,19
6113,Happybear,outland,1613,druid,balance,63,46,17
6114,Exilara,twisting-nether,1612,druid,balance,61,38,23
6115,Cptnclone,blackmoore,1612,druid,balance,66,33,33
6116,Hornykarenn,bladefist,1611,druid,balance,24,17,7
6117,Rá,outland,1611,druid,balance,32,22,10
6118,Xenuss,kazzak,1611,druid,balance,36,22,14
6119,Pëchy,aggra-português,1611,druid,balance,60,36,24
6120,Åkømo,aegwynn,1610,druid,balance,36,21,15
6121,Аласторвов,deathweaver,1610,druid,balance,60,28,32
6122,Deadmeøw,outland,1609,druid,balance,34,21,13
6123,Yuhor,outland,1609,druid,balance,136,71,65
6124,Större,twisting-nether,1607,druid,balance,42,28,14
6125,Doncy,ragnaros,1607,druid,balance,54,24,30
6126,Sqoopy,tarren-mill,1606,druid,balance,36,27,9
6127,Ryng,nagrand,1606,druid,balance,60,41,19
6128,Porzi,eredar,1606,druid,balance,66,41,25
6129,Lillevän,tarren-mill,1606,druid,balance,30,18,12
6130,ßoom,antonidas,1606,druid,balance,35,19,16
6131,Teaser,dun-modr,1606,druid,balance,48,26,22
6132,Scamlafsen,ragnaros,1606,druid,balance,42,22,20
6133,Milkywáys,draenor,1606,druid,balance,112,58,54
6134,Neverpanic,stormscale,1605,druid,balance,30,21,9
6135,Isylia,twisting-nether,1605,druid,balance,72,36,36
6136,Rode,magtheridon,1604,druid,balance,129,75,54
6137,Fantomasik,drakthul,1604,druid,balance,105,50,55
6138,Memphiswhx,drakthul,1603,druid,balance,42,20,22
6139,Dematos,forscherliga,1602,druid,balance,114,68,46
6140,Eddiethepunk,ravencrest,1601,druid,balance,113,66,47
6141,Mopferal,twisting-nether,1599,druid,balance,36,28,8
6142,Каралесер,gordunni,1598,druid,balance,109,59,50
6143,Bigtouch,draenor,1597,druid,balance,54,31,23
6144,Suevlaki,ragnaros,1596,druid,balance,102,63,39
6145,Eärendir,ravencrest,1595,druid,balance,84,47,37
6146,Pewpewdruid,blackmoore,1595,druid,balance,120,65,55
6147,Hashishi,grim-batol,1594,druid,balance,72,40,32
6148,Malfurien,magtheridon,1593,druid,balance,30,17,13
6149,Gotnaga,silvermoon,1592,druid,balance,24,17,7
6150,Жизэ,galakrond,1591,druid,balance,30,22,8
6151,Saltymoo,tarren-mill,1589,druid,balance,41,24,17
6152,Ôp,aegwynn,1589,druid,balance,65,31,34
6153,Xä,bloodscalp,1587,druid,balance,159,86,73
6154,Veyronn,burning-legion,1586,druid,balance,48,25,23
6155,Vitaex,blackrock,1585,druid,balance,30,20,10
6156,Arecsne,turalyon,1583,druid,balance,44,24,20
6157,Shamerika,tarren-mill,1583,druid,balance,35,18,17
6158,Rhaf,argent-dawn,1582,druid,balance,84,51,33
6159,Iamobito,blackmoore,1582,druid,balance,30,18,12
6160,Kl,archimonde,1577,druid,balance,72,31,41
6161,Goüsta,archimonde,1576,druid,balance,60,35,25
6162,Зенза,howling-fjord,1576,druid,balance,36,19,17
6163,Ittei,korgall,1575,druid,balance,36,22,14
6164,Amoveo,argent-dawn,1574,druid,balance,56,31,25
6165,Deepqt,kargath,1573,druid,balance,36,20,16
6166,Merawr,ravencrest,1573,druid,balance,129,66,63
6167,Сансплэш,lich-king,1572,druid,balance,24,20,4
6168,Rivenx,ravencrest,1570,druid,balance,36,24,12
6169,Alamâ,madmortem,1570,druid,balance,36,17,19
6170,Stinkyicky,sylvanas,1569,druid,balance,36,25,11
6171,Grisdrood,ragnaros,1569,druid,balance,36,21,15
6172,Bôoze,nathrezim,1569,druid,balance,36,19,17
6173,Frikolina,outland,1568,druid,balance,80,41,39
6174,Hirmo,ragnaros,1567,druid,balance,36,20,16
6175,Detü,blackrock,1566,druid,balance,34,20,14
6176,Topfrag,outland,1566,druid,balance,42,22,20
6177,Gretathnberg,ravencrest,1565,druid,balance,32,17,15
6178,Izzi,arathor,1562,druid,balance,48,28,20
6179,Elodìa,antonidas,1561,druid,balance,30,21,9
6180,Hotlife,ravencrest,1559,druid,balance,55,29,26
6181,Starcrash,amanthul,1559,druid,balance,60,28,32
6182,Бонони,booty-bay,1558,druid,balance,48,22,26
6183,Sequisha,tarren-mill,1555,druid,balance,30,17,13
6184,Sweetner,outland,1553,druid,balance,52,34,18
6185,Whiskers,emerald-dream,1553,druid,balance,67,36,31
6186,Урркке,soulflayer,1552,druid,balance,48,29,19
6187,Obsessíon,kazzak,1551,druid,balance,42,21,21
6188,Баттнэйкед,gordunni,1551,druid,balance,83,41,42
6189,Wildmistake,argent-dawn,1550,druid,balance,35,17,18
6190,Potatodru,ragnaros,1549,druid,balance,30,17,13
6191,Грибомания,soulflayer,1548,druid,balance,35,18,17
6192,Кыцко,soulflayer,1546,druid,balance,63,32,31
6193,Xirbtihs,stormscale,1544,druid,balance,26,17,9
6194,Niul,aegwynn,1541,druid,balance,134,75,59
6195,Telbo,ravencrest,1540,druid,balance,68,38,30
6196,Algír,argent-dawn,1539,druid,balance,107,53,54
6197,Batmòn,stormscale,1539,druid,balance,45,18,27
6198,Spaceshift,magtheridon,1537,druid,balance,87,51,36
6199,Lazerbinks,blackmoore,1536,druid,balance,29,18,11
6200,Azurai,blackmoore,1536,druid,balance,60,31,29
6201,Jazzme,aegwynn,1535,druid,balance,24,16,8
6202,Winarchikxxl,tarren-mill,1535,druid,balance,164,86,78
6203,Sagezza,draenor,1534,druid,balance,126,66,60
6204,Druidflight,ravencrest,1534,druid,balance,48,24,24
6205,Seboom,outland,1533,druid,balance,96,56,40
6206,Maaw,tarren-mill,1533,druid,balance,42,23,19
6207,Thaeris,outland,1531,druid,balance,28,17,11
6208,Leathy,eredar,1531,druid,balance,48,29,19
6209,Gstahr,taerar,1529,druid,balance,58,31,27
6210,Monkeynight,ambossar,1529,druid,balance,35,18,17
6211,Majokz,ravencrest,1529,druid,balance,70,34,36
6212,Ljóskan,kazzak,1528,druid,balance,36,16,20
6213,Ðelix,ysera,1527,druid,balance,56,33,23
6214,Schannine,archimonde,1526,druid,balance,35,18,17
6215,Zhof,ravencrest,1524,druid,balance,112,53,59
6216,Lisbethqt,nemesis,1523,druid,balance,24,16,8
6217,Healol,sanguino,1523,druid,balance,57,33,24
6218,Crackfat,stormscale,1521,druid,balance,52,34,18
6219,Бамболони,gordunni,1521,druid,balance,74,46,28
6220,Mjáy,tarren-mill,1521,druid,balance,30,16,14
6221,Chansnax,thrall,1519,druid,balance,52,29,23
6222,Exca,stormscale,1519,druid,balance,54,28,26
6223,Brainjuice,blackrock,1517,druid,balance,30,16,14
6224,Ylmh,archimonde,1516,druid,balance,24,16,8
6225,Elrroir,dun-modr,1516,druid,balance,42,24,18
6226,Brokul,kazzak,1516,druid,balance,48,25,23
6227,Àspro,hyjal,1515,druid,balance,24,16,8
6228,Муниня,gordunni,1515,druid,balance,54,30,24
6229,Beanery,aegwynn,1512,druid,balance,24,16,8
6230,Opla,nethersturm,1510,druid,balance,40,27,13
6231,Loethen,argent-dawn,1509,druid,balance,36,26,10
6232,Notmyfriend,sylvanas,1509,druid,balance,35,24,11
6233,Ðrpressure,blackrock,1508,druid,balance,120,72,48
6234,Aetheris,varimathras,1508,druid,balance,50,24,26
6235,Druidka,grim-batol,1507,druid,balance,42,20,22
6236,Gurudru,tarren-mill,1505,druid,balance,96,41,55
6237,Hollymedx,blackmoore,1504,druid,balance,44,26,18
6238,Zømßie,outland,1500,druid,balance,62,32,30
6239,Trylune,blackmoore,1498,druid,balance,30,17,13
6240,Uptoyou,defias-brotherhood,1497,druid,balance,47,28,19
6241,Brandyballix,twisting-nether,1497,druid,balance,92,45,47
6242,Thcpositiv,aegwynn,1496,druid,balance,42,16,26
6243,Gorthunx,kazzak,1494,druid,balance,28,19,9
6244,Гнетея,howling-fjord,1494,druid,balance,53,30,23
6245,Carismatic,blackmoore,1494,druid,balance,224,116,108
6246,Symbiosa,silvermoon,1491,druid,balance,24,18,6
6247,Diggear,doomhammer,1490,druid,balance,24,16,8
6248,Duskdawn,xavius,1490,druid,balance,48,26,22
6249,Vaizier,defias-brotherhood,1490,druid,balance,113,58,55
6250,Nøny,gorgonnash,1489,druid,balance,48,28,20
6251,Quorn,pozzo-delleternità,1489,druid,balance,59,28,31
6252,Jarko,ysondre,1489,druid,balance,64,30,34
6253,Chouwa,korgall,1488,druid,balance,41,28,13
6254,Cupoftea,drakthul,1488,druid,balance,59,35,24
6255,Duis,twilights-hammer,1488,druid,balance,44,22,22
6256,Jöggel,perenolde,1485,druid,balance,30,21,9
6257,Грандал,howling-fjord,1484,druid,balance,52,22,30
6258,Arkatt,outland,1482,druid,balance,36,24,12
6259,Kolt,rajaxx,1481,druid,balance,62,32,30
6260,Pyqmi,stormscale,1479,druid,balance,36,23,13
6261,Mahist,archimonde,1479,druid,balance,42,26,16
6262,Yiradur,stormscale,1479,druid,balance,90,47,43
6263,Demonbalance,silvermoon,1478,druid,balance,64,39,25
6264,Séxycàt,ravencrest,1476,druid,balance,87,46,41
6265,Moffwastaken,kazzak,1473,druid,balance,90,41,49
6266,Kbdd,outland,1472,druid,balance,36,16,20
6267,Мантоя,gordunni,1471,druid,balance,83,47,36
6268,Kubzii,archimonde,1469,druid,balance,30,16,14
6269,Prinzfarming,mugthol,1469,druid,balance,57,29,28
6270,Muhz,nathrezim,1467,druid,balance,46,24,22
6271,Ziele,the-maelstrom,1465,druid,balance,40,23,17
6272,Chillerin,draenor,1465,druid,balance,42,23,19
6273,Dypas,chogall,1464,druid,balance,24,17,7
6274,Pfandmalle,blackrock,1464,druid,balance,36,24,12
6275,Sefinana,malganis,1463,druid,balance,132,60,72
6276,Meatwallet,defias-brotherhood,1460,druid,balance,41,24,17
6277,Magiskeforme,draenor,1459,druid,balance,32,22,10
6278,Entas,kazzak,1459,druid,balance,36,24,12
6279,Catmøm,blackmoore,1459,druid,balance,46,27,19
6280,Primdâhl,ravencrest,1459,druid,balance,60,31,29
6281,Fiomy,blackhand,1458,druid,balance,47,36,11
6282,Convokeboost,archimonde,1457,druid,balance,126,77,49
6283,Itadorikun,silvermoon,1456,druid,balance,43,29,14
6284,Xyiz,ravencrest,1456,druid,balance,62,35,27
6285,Dabudi,kazzak,1455,druid,balance,57,32,25
6286,Meganfoxdq,sanguino,1454,druid,balance,61,36,25
6287,Шубаиздуба,howling-fjord,1454,druid,balance,54,31,23
6288,Aègon,ravencrest,1454,druid,balance,78,43,35
6289,Viverion,ravencrest,1454,druid,balance,48,25,23
6290,Wildanomaly,argent-dawn,1454,druid,balance,58,29,29
6291,Mianmar,silvermoon,1453,druid,balance,77,50,27
6292,Kuhgucci,blackmoore,1451,druid,balance,30,16,14
6293,Shedzokey,tarren-mill,1450,druid,balance,24,17,7
6294,Aik,gorgonnash,1448,druid,balance,60,30,30
6295,Karolg,tyrande,1448,druid,balance,63,30,33
6296,Tawaraki,outland,1444,druid,balance,156,84,72
6297,Møønhorn,nemesis,1444,druid,balance,74,36,38
6298,Andjuga,doomhammer,1442,druid,balance,64,26,38
6299,Dudana,argent-dawn,1441,druid,balance,48,29,19
6300,Duridlol,nemesis,1439,druid,balance,18,15,3
6301,Lappe,stormreaver,1439,druid,balance,30,15,15
6302,Ferraridudux,ravencrest,1437,druid,balance,18,15,3
6303,Shuffey,frostmane,1437,druid,balance,45,24,21
6304,Hillarious,blackmoore,1435,druid,balance,29,18,11
6305,Karodoom,twisting-nether,1435,druid,balance,71,38,33
6306,Druiddamage,the-maelstrom,1434,druid,balance,206,111,95
6307,Restouz,twisting-nether,1433,druid,balance,57,27,30
6308,Restromide,ravencrest,1432,druid,balance,30,15,15
6309,Skywíng,stormscale,1432,druid,balance,42,19,23
6310,Tøyz,stormscale,1431,druid,balance,18,15,3
6311,Blackfür,sylvanas,1431,druid,balance,80,36,44
6312,Farmerone,tarren-mill,1430,druid,balance,90,53,37
6313,Rasgath,kazzak,1430,druid,balance,250,133,117
6314,Tonutc,sanguino,1430,druid,balance,51,25,26
6315,Ibnform,archimonde,1429,druid,balance,18,15,3
6316,Lxz,blackhand,1429,druid,balance,52,23,29
6317,Kazuid,argent-dawn,1428,druid,balance,38,24,14
6318,Крейзикет,eversong,1427,druid,balance,24,15,9
6319,Seudoz,silvermoon,1425,druid,balance,36,21,15
6320,Däkk,draenor,1425,druid,balance,72,32,40
6321,Eloahdruid,blackhand,1424,druid,balance,33,21,12
6322,Rassia,blackrock,1424,druid,balance,36,20,16
6323,Anabola,frostwhisper,1423,druid,balance,24,15,9
6324,Inghlo,blackmoore,1423,druid,balance,53,29,24
6325,Mørshac,blackrock,1422,druid,balance,24,15,9
6326,Редмун,soulflayer,1422,druid,balance,78,41,37
6327,Wize,pozzo-delleternità,1422,druid,balance,56,27,29
6328,Bàrathrum,blackrock,1421,druid,balance,30,15,15
6329,Dantet,the-maelstrom,1421,druid,balance,30,15,15
6330,Petiteorange,archimonde,1420,druid,balance,24,16,8
6331,Rilak,nordrassil,1419,druid,balance,58,31,27
6332,Fransman,sylvanas,1419,druid,balance,41,19,22
6333,Salseo,uldum,1418,druid,balance,54,38,16
6334,Kanataka,stormscale,1418,druid,balance,54,32,22
6335,Sodapop,aszune,1418,druid,balance,83,46,37
6336,Guthíx,silvermoon,1418,druid,balance,60,26,34
6337,Chrevarraige,saurfang,1417,druid,balance,102,56,46
6338,Skadruid,blackmoore,1417,druid,balance,36,16,20
6339,Levéltetü,ragnaros,1416,druid,balance,24,15,9
6340,Icetep,sargeras,1416,druid,balance,54,28,26
6341,Cptsponksa,tarren-mill,1416,druid,balance,65,33,32
6342,Carebearlol,frostmane,1416,druid,balance,42,17,25
6343,Hypam,archimonde,1413,druid,balance,42,19,23
6344,Pawel,defias-brotherhood,1411,druid,balance,96,45,51
6345,Mogi,pozzo-delleternità,1411,druid,balance,69,32,37
6346,Fruitdealer,antonidas,1410,druid,balance,42,23,19
6347,Whythis,archimonde,1409,druid,balance,88,42,46
6348,Madhatterr,kazzak,1406,druid,balance,48,28,20
6349,Anahots,silvermoon,1406,druid,balance,51,24,27
6350,Strinx,ragnaros,1404,druid,balance,72,45,27
6351,Stìck,archimonde,1402,druid,balance,53,30,23
6352,Pitbull,archimonde,1402,druid,balance,30,15,15
6353,Boomalot,auchindoun,1399,druid,balance,48,25,23
6354,Littleneo,ambossar,1398,druid,balance,41,19,22
6355,Asterism,stormscale,1397,druid,balance,105,57,48
6356,Ramgis,sanguino,1397,druid,balance,36,17,19
6357,Czarnykocur,burning-legion,1396,druid,balance,78,43,35
6358,Kylaaz,die-ewige-wacht,1394,druid,balance,27,16,11
6359,Lyø,draenor,1394,druid,balance,68,38,30
6360,Nujus,kazzak,1394,druid,balance,30,15,15
6361,Almrudi,blackrock,1394,druid,balance,36,16,20
6362,Ddggss,ragnaros,1393,druid,balance,31,18,13
6363,Kénshin,blackhand,1392,druid,balance,30,15,15
6364,Irishdemón,ravencrest,1391,druid,balance,84,45,39
6365,Santoniq,dun-morogh,1388,druid,balance,145,72,73
6366,Keynn,kazzak,1388,druid,balance,36,15,21
6367,Джоннчек,gordunni,1385,druid,balance,40,26,14
6368,Ðiàblos,nemesis,1383,druid,balance,66,39,27
6369,Moonwatcher,blackrock,1382,druid,balance,73,40,33
6370,Mayhh,ragnaros,1379,druid,balance,120,68,52
6371,Rbgbear,blackhand,1379,druid,balance,41,22,19
6372,Rédbull,outland,1379,druid,balance,70,36,34
6373,Rexiehunty,aszune,1376,druid,balance,59,28,31
6374,Тёмныйзверь,borean-tundra,1373,druid,balance,84,43,41
6375,Bløødax,hyjal,1372,druid,balance,130,63,67
6376,Neova,dun-modr,1371,druid,balance,57,29,28
6377,Hackamore,archimonde,1371,druid,balance,36,16,20
6378,Pø,blackrock,1371,druid,balance,59,26,33
6379,Chrîslol,twisting-nether,1370,druid,balance,63,29,34
6380,Darksbear,draenor,1368,druid,balance,24,16,8
6381,Drøøkîé,antonidas,1368,druid,balance,66,37,29
6382,Pøpp,archimonde,1367,druid,balance,23,15,8
6383,Arreton,silvermoon,1365,druid,balance,22,15,7
6384,Shìrò,kelthuzad,1365,druid,balance,48,24,24
6385,Frodds,grim-batol,1363,druid,balance,18,16,2
6386,Heanra,frostmane,1363,druid,balance,35,22,13
6387,Insølitø,sanguino,1363,druid,balance,69,35,34
6388,Hisoca,tarren-mill,1362,druid,balance,61,35,26
6389,Nyetoo,dun-modr,1355,druid,balance,85,38,47
6390,Ennelle,silvermoon,1353,druid,balance,38,23,15
6391,Kørn,drakthul,1353,druid,balance,43,17,26
6392,Zhroomx,blackmoore,1351,druid,balance,44,20,24
6393,Xclonedotcom,aegwynn,1348,druid,balance,42,27,15
6394,Druidere,outland,1348,druid,balance,66,32,34
6395,Chúcky,twisting-nether,1345,druid,balance,37,20,17
6396,Bum,ravencrest,1344,druid,balance,18,14,4
6397,Juicew,stormscale,1343,druid,balance,18,14,4
6398,Divref,tarren-mill,1343,druid,balance,18,14,4
6399,Broxisqt,blackrock,1343,druid,balance,24,14,10
6400,Wenciorek,kazzak,1343,druid,balance,36,17,19
6401,Melby,tarren-mill,1343,druid,balance,30,14,16
6402,Krtt,tarren-mill,1343,druid,balance,105,47,58
6403,Suppencaster,frostwolf,1342,druid,balance,18,14,4
6404,Rosskemp,tarren-mill,1342,druid,balance,18,14,4
6405,Pôpcorn,ragnaros,1342,druid,balance,54,33,21
6406,Стампид,blackscar,1342,druid,balance,70,38,32
6407,Embrangle,silvermoon,1341,druid,balance,18,14,4
6408,Ravneskrig,ravencrest,1340,druid,balance,18,14,4
6409,Druidboss,tarren-mill,1340,druid,balance,72,39,33
6410,Zâe,archimonde,1339,druid,balance,24,14,10
6411,Treesus,blackrock,1339,druid,balance,24,14,10
6412,Huxleyys,draenor,1339,druid,balance,24,14,10
6413,Seysso,silvermoon,1339,druid,balance,66,29,37
6414,Kalthazar,twisting-nether,1338,druid,balance,24,14,10
6415,Hadoukan,ravencrest,1337,druid,balance,35,21,14
6416,Threesixnìne,dun-morogh,1337,druid,balance,36,14,22
6417,Insanexp,antonidas,1336,druid,balance,18,14,4
6418,Arrakiz,sanguino,1336,druid,balance,41,30,11
6419,Nuqa,thrall,1336,druid,balance,21,15,6
6420,Illebra,defias-brotherhood,1336,druid,balance,24,14,10
6421,Heav,kiljaeden,1335,druid,balance,24,16,8
6422,Ketama,sylvanas,1335,druid,balance,48,23,25
6423,Beamgødx,thrall,1333,druid,balance,22,15,7
6424,Забурсчу,howling-fjord,1333,druid,balance,30,20,10
6425,Ххансолл,gordunni,1331,druid,balance,104,57,47
6426,Sheâ,nemesis,1331,druid,balance,103,56,47
6427,Soward,la-croisade-écarlate,1331,druid,balance,38,17,21
6428,Oiseth,tarren-mill,1331,druid,balance,42,18,24
6429,Sanaponic,burning-legion,1329,druid,balance,24,14,10
6430,Kroaxs,draenor,1328,druid,balance,64,36,28
6431,Couleaf,stormscale,1327,druid,balance,25,17,8
6432,Wazam,kazzak,1325,druid,balance,26,19,7
6433,Nømat,defias-brotherhood,1325,druid,balance,72,41,31
6434,Catsgomeow,outland,1325,druid,balance,30,15,15
6435,Экстазиус,borean-tundra,1321,druid,balance,42,14,28
6436,Boomzter,frostmane,1319,druid,balance,36,16,20
6437,Кекичшрекич,soulflayer,1318,druid,balance,54,25,29
6438,Wildthing,blackmoore,1316,druid,balance,44,25,19
6439,Pavesino,nemesis,1315,druid,balance,24,15,9
6440,Megaball,sylvanas,1314,druid,balance,66,39,27
6441,Silvix,blackrock,1314,druid,balance,30,14,16
6442,Bashfui,draenor,1311,druid,balance,24,14,10
6443,Усыильвиры,soulflayer,1309,druid,balance,30,14,16
6444,Альмазар,lich-king,1306,druid,balance,54,27,27
6445,Haginator,twisting-nether,1306,druid,balance,90,43,47
6446,Fouser,shattered-hand,1305,druid,balance,30,14,16
6447,Solarian,ravencrest,1304,druid,balance,42,26,16
6448,Adizero,blackrock,1303,druid,balance,25,15,10
6449,Elonax,eredar,1302,druid,balance,26,17,9
6450,Шадарлогот,gordunni,1300,druid,balance,90,52,38
6451,Droodfarm,hyjal,1300,druid,balance,46,26,20
6452,Velnens,shattered-halls,1299,druid,balance,48,23,25
6453,Zeifana,khaz-modan,1297,druid,balance,30,18,12
6454,Callmev,hyjal,1294,druid,balance,18,14,4
6455,Likwidator,stormscale,1293,druid,balance,41,20,21
6456,Kittenmitten,ragnaros,1293,druid,balance,58,27,31
6457,Buhuu,blackmoore,1290,druid,balance,48,21,27
6458,Quiksx,blackrock,1286,druid,balance,43,20,23
6459,Weisslogia,aegwynn,1286,druid,balance,48,18,30
6460,Ralokian,drakthul,1285,druid,balance,53,34,19
6461,Storpboom,drakthul,1285,druid,balance,66,37,29
6462,Thielyy,blackmoore,1284,druid,balance,24,15,9
6463,Limmiited,ravencrest,1284,druid,balance,42,24,18
6464,Aryitu,blackrock,1282,druid,balance,44,21,23
6465,Fhi,antonidas,1281,druid,balance,42,23,19
6466,Myex,exodar,1280,druid,balance,30,14,16
6467,Астраджет,gordunni,1279,druid,balance,30,15,15
6468,Slurmms,sylvanas,1278,druid,balance,114,70,44
6469,Fluffeh,doomhammer,1277,druid,balance,24,14,10
6470,Кашаган,howling-fjord,1277,druid,balance,33,17,16
6471,Zerofrenzy,hyjal,1277,druid,balance,48,17,31
6472,Corrupthz,outland,1276,druid,balance,23,14,9
6473,Meezy,ragnaros,1273,druid,balance,30,15,15
6474,Rektjin,stormscale,1273,druid,balance,42,17,25
6475,Àsúnâ,eredar,1272,druid,balance,42,15,27
6476,Chugs,draenor,1271,druid,balance,30,16,14
6477,Hardí,tarren-mill,1268,druid,balance,60,28,32
6478,Kunya,tarren-mill,1267,druid,balance,66,28,38
6479,Melyo,blackmoore,1265,druid,balance,36,21,15
6480,Vulyr,outland,1265,druid,balance,42,21,21
6481,Petju,darksorrow,1262,druid,balance,48,21,27
6482,Æîîs,blackrock,1261,druid,balance,36,18,18
6483,Киллиманжаро,howling-fjord,1261,druid,balance,98,47,51
6484,Bambøué,khaz-modan,1260,druid,balance,24,14,10
6485,Ilovedruid,forscherliga,1259,druid,balance,34,15,19
6486,Hushorde,twisting-nether,1259,druid,balance,48,17,31
6487,Makelsi,tarren-mill,1258,druid,balance,24,14,10
6488,Fillet,aggra-português,1257,druid,balance,20,15,5
6489,Rullader,draenor,1255,druid,balance,36,23,13
6490,Нэйроуз,howling-fjord,1254,druid,balance,95,49,46
6491,Medreas,argent-dawn,1253,druid,balance,71,46,25
6492,Xora,aegwynn,1252,druid,balance,29,16,13
6493,Ðãddy,ravencrest,1251,druid,balance,26,17,9
6494,Tygra,blackrock,1248,druid,balance,18,13,5
6495,Whêylon,ragnaros,1247,druid,balance,24,13,11
6496,Rozi,draenor,1247,druid,balance,24,13,11
6497,Valijan,blackrock,1247,druid,balance,28,14,14
6498,Triskelion,burning-legion,1246,druid,balance,18,13,5
6499,Mariss,chogall,1246,druid,balance,30,18,12
6500,Mazalot,kazzak,1246,druid,balance,25,14,11
6501,Ymagyne,frostmane,1246,druid,balance,24,13,11
6502,Výragosa,der-rat-von-dalaran,1246,druid,balance,24,13,11
6503,Xkirtach,dun-modr,1245,druid,balance,24,13,11
6504,Stb,outland,1245,druid,balance,24,13,11
6505,Frenkoz,outland,1244,druid,balance,18,13,5
6506,Hotdóts,outland,1244,druid,balance,18,13,5
6507,Eranor,archimonde,1243,druid,balance,18,13,5
6508,Smittly,bloodhoof,1243,druid,balance,36,17,19
6509,Guccicken,garona,1242,druid,balance,18,13,5
6510,Uglydruid,drakthul,1242,druid,balance,56,32,24
6511,Cioaralba,sylvanas,1242,druid,balance,24,13,11
6512,Sazo,elune,1242,druid,balance,24,13,11
6513,Clonorrhea,tarren-mill,1242,druid,balance,24,13,11
6514,Kittyboomy,burning-blade,1242,druid,balance,63,30,33
6515,Holziger,azshara,1241,druid,balance,18,13,5
6516,Матумбо,razuvious,1240,druid,balance,234,110,124
6517,Fangornn,outland,1239,druid,balance,30,13,17
6518,Smuktøs,twisting-nether,1238,druid,balance,27,17,10
6519,Buurzalbai,drakthul,1236,druid,balance,24,13,11
6520,Yomosh,eredar,1235,druid,balance,30,14,16
6521,Lèafy,silvermoon,1234,druid,balance,25,13,12
6522,Mindruid,kazzak,1233,druid,balance,24,13,11
6523,Amici,eredar,1232,druid,balance,24,13,11
6524,Мунмунмун,gordunni,1229,druid,balance,43,19,24
6525,Patchlølx,blackmoore,1228,druid,balance,21,15,6
6526,Kermit,die-aldor,1228,druid,balance,24,13,11
6527,Psycloniac,ravencrest,1228,druid,balance,24,13,11
6528,Vrill,kazzak,1228,druid,balance,75,38,37
6529,Oxox,defias-brotherhood,1227,druid,balance,24,14,10
6530,Dudmæster,blackmoore,1227,druid,balance,27,14,13
6531,Dêesse,archimonde,1221,druid,balance,36,18,18
6532,Rayðii,archimonde,1219,druid,balance,44,24,20
6533,Àlec,silvermoon,1217,druid,balance,114,61,53
6534,Artío,the-maelstrom,1215,druid,balance,69,32,37
6535,Vasilona,sanguino,1211,druid,balance,24,13,11
6536,Мяурицао,howling-fjord,1210,druid,balance,92,51,41
6537,Antiseptik,ysondre,1210,druid,balance,30,14,16
6538,Cagaboliches,sanguino,1208,druid,balance,30,14,16
6539,Eliaster,ysondre,1204,druid,balance,30,18,12
6540,Bénjî,khazgoroth,1201,druid,balance,30,15,15
6541,Abercrombx,thrall,1199,druid,balance,26,14,12
6542,Shåmssz,kazzak,1194,druid,balance,20,15,5
6543,Suitti,ravencrest,1191,druid,balance,23,13,10
6544,Trollisha,mannoroth,1191,druid,balance,32,17,15
6545,Mascraxx,earthen-ring,1191,druid,balance,67,33,34
6546,Suranaelle,argent-dawn,1190,druid,balance,38,19,19
6547,Fantaclause,tarren-mill,1184,druid,balance,112,52,60
6548,Chulainn,sylvanas,1181,druid,balance,24,18,6
6549,Deadmorph,ysondre,1178,druid,balance,27,14,13
6550,Avior,eonar,1178,druid,balance,47,14,33
6551,Farodiin,blackmoore,1177,druid,balance,48,18,30
6552,Larbre,dalaran,1176,druid,balance,43,29,14
6553,Forestrun,sylvanas,1174,druid,balance,30,17,13
6554,Fey,stormrage,1174,druid,balance,35,13,22
6555,Altix,blackmoore,1172,druid,balance,42,22,20
6556,Cowárd,blackmoore,1172,druid,balance,26,13,13
6557,Toxida,antonidas,1169,druid,balance,52,26,26
6558,Maelinou,archimonde,1168,druid,balance,36,19,17
6559,Сейтил,deathguard,1167,druid,balance,55,23,32
6560,Ærîs,garona,1167,druid,balance,35,14,21
6561,Whísperclaw,ravencrest,1166,druid,balance,24,13,11
6562,Wartôn,blackhand,1161,druid,balance,34,19,15
6563,Certton,arakarahm,1161,druid,balance,69,31,38
6564,Bearcosby,burning-legion,1160,druid,balance,23,13,10
6565,Northstar,sylvanas,1156,druid,balance,18,13,5
6566,Gnotten,thunderhorn,1154,druid,balance,23,13,10
6567,Conn,ravencrest,1153,druid,balance,27,16,11
6568,Clonecity,ravencrest,1152,druid,balance,12,12,0
6569,Lêviàthäñ,blackhand,1152,druid,balance,24,12,12
6570,Minado,outland,1151,druid,balance,12,12,0
6571,Vârima,ravencrest,1151,druid,balance,18,12,6
6572,Øwlkin,ravencrest,1151,druid,balance,24,12,12
6573,Friidaf,lightbringer,1151,druid,balance,24,12,12
6574,Xerlog,thrall,1150,druid,balance,18,12,6
6575,Хрофт,blackscar,1150,druid,balance,27,12,15
6576,Owenwilson,twisting-nether,1149,druid,balance,18,12,6
6577,Hymìr,silvermoon,1149,druid,balance,23,12,11
6578,ßalmain,nethersturm,1148,druid,balance,30,17,13
6579,Deblin,ragnaros,1148,druid,balance,41,23,18
6580,Calambius,blackhand,1148,druid,balance,24,12,12
6581,Leafsandstuf,ragnaros,1147,druid,balance,18,12,6
6582,Wolfhealer,blackmoore,1147,druid,balance,30,16,14
6583,Mnqn,ravencrest,1146,druid,balance,18,12,6
6584,Ashär,kirin-tor,1146,druid,balance,75,33,42
6585,Malammore,burning-legion,1144,druid,balance,48,33,15
6586,Dancingrain,ravencrest,1144,druid,balance,24,12,12
6587,Meuhtéki,hyjal,1143,druid,balance,18,12,6
6588,Criaø,blackrock,1143,druid,balance,24,12,12
6589,Ðoxi,draenor,1143,druid,balance,108,49,59
6590,Requinymph,ravencrest,1141,druid,balance,24,12,12
6591,Loriann,twisting-nether,1141,druid,balance,75,36,39
6592,Jeesman,sylvanas,1140,druid,balance,60,29,31
6593,Ibêx,blackmoore,1139,druid,balance,18,12,6
6594,Gardenstate,silvermoon,1139,druid,balance,30,18,12
6595,Shiotake,hyjal,1139,druid,balance,24,12,12
6596,Zoxen,nefarian,1138,druid,balance,30,12,18
6597,Bztémor,archimonde,1137,druid,balance,24,12,12
6598,Дайтеполено,howling-fjord,1137,druid,balance,58,25,33
6599,Tankis,dalaran,1132,druid,balance,39,25,14
6600,Quoting,ravencrest,1132,druid,balance,29,12,17
6601,Ohndankalan,kazzak,1128,druid,balance,30,12,18
6602,Exactt,blackrock,1119,druid,balance,36,13,23
6603,Tjoepert,azjolnerub,1117,druid,balance,72,28,44
6604,Scottparker,sylvanas,1115,druid,balance,18,12,6
6605,Bluebanana,bronzebeard,1115,druid,balance,31,13,18
6606,Jabah,silvermoon,1111,druid,balance,18,12,6
6607,Braokhull,stormscale,1111,druid,balance,30,14,16
6608,Morlas,kazzak,1111,druid,balance,50,22,28
6609,Hightotem,hakkar,1104,druid,balance,29,16,13
6610,Ooxx,rashgarroth,1104,druid,balance,29,12,17
6611,Rrayed,kazzak,1103,druid,balance,18,12,6
6612,Ruberg,kazzak,1091,druid,balance,21,12,9
6613,Amalou,ravencrest,1091,druid,balance,54,27,27
6614,Бруан,gordunni,1088,druid,balance,41,20,21
6615,Исмалат,howling-fjord,1088,druid,balance,51,24,27
6616,Saabeq,hyjal,1082,druid,balance,20,12,8
6617,Vaacku,stormreaver,1082,druid,balance,22,12,10
6618,Bearhúg,kazzak,1082,druid,balance,29,12,17
6619,Orchard,silvermoon,1080,druid,balance,24,13,11
6620,Dobradoonga,exodar,1072,druid,balance,21,13,8
6621,Alethorn,twisting-nether,1070,druid,balance,13,12,1
6622,Buckshee,doomhammer,1066,druid,balance,47,25,22
6623,Cubir,turalyon,1065,druid,balance,23,12,11
6624,Elmunia,ravencrest,1065,druid,balance,29,14,15
6625,Exiztenz,deathwing,1062,druid,balance,36,18,18
6626,Colibrix,ravencrest,1057,druid,balance,56,20,36
6627,Dakotaboomer,ravencrest,1056,druid,balance,18,11,7
6628,Drmoe,blackmoore,1055,druid,balance,15,12,3
6629,Gigacooker,ravencrest,1055,druid,balance,18,11,7
6630,Høtpøket,ravencrest,1055,druid,balance,18,11,7
6631,Buckmysallz,archimonde,1055,druid,balance,18,11,7
6632,Shiffe,argent-dawn,1055,druid,balance,18,11,7
6633,Píps,ravencrest,1055,druid,balance,18,11,7
6634,Págánxø,kazzak,1054,druid,balance,18,11,7
6635,Thundruid,archimonde,1054,druid,balance,18,11,7
6636,Deetaa,eredar,1054,druid,balance,18,11,7
6637,Teddyxbear,nefarian,1054,druid,balance,18,11,7
6638,Drutiful,outland,1052,druid,balance,24,11,13
6639,Pórts,kazzak,1051,druid,balance,24,11,13
6640,Bigpopp,kazzak,1050,druid,balance,18,11,7
6641,Taylorshift,argent-dawn,1050,druid,balance,18,11,7
6642,Aimwaré,ravencrest,1050,druid,balance,24,11,13
6643,Soguu,thrall,1049,druid,balance,18,11,7
6644,Snedden,silvermoon,1049,druid,balance,24,11,13
6645,Skyphi,silvermoon,1048,druid,balance,18,11,7
6646,Tongá,draenor,1048,druid,balance,24,11,13
6647,Alterejuv,ravencrest,1047,druid,balance,30,11,19
6648,Hengst,laughing-skull,1046,druid,balance,24,11,13
6649,Tchoubouléru,throkferoth,1045,druid,balance,36,13,23
6650,Rorugo,sanguino,1044,druid,balance,18,11,7
6651,Høtbøx,aegwynn,1044,druid,balance,33,11,22
6652,Мутаборец,howling-fjord,1043,druid,balance,32,18,14
6653,Hárty,tarren-mill,1035,druid,balance,24,11,13
6654,Anerol,arthas,1031,druid,balance,36,19,17
6655,Stêvé,silvermoon,1030,druid,balance,18,11,7
6656,Diepauline,aegwynn,1030,druid,balance,42,22,20
6657,Dudukush,eredar,1029,druid,balance,43,19,24
6658,Ronî,arthas,1028,druid,balance,30,11,19
6659,Кулунхе,soulflayer,1027,druid,balance,18,11,7
6660,Smexim,dalaran,1026,druid,balance,47,25,22
6661,Søfiaa,argent-dawn,1022,druid,balance,71,38,33
6662,Bearhugzz,outland,1022,druid,balance,95,50,45
6663,Nightingalee,stormscale,1018,druid,balance,24,12,12
6664,Ambracer,silvermoon,1016,druid,balance,29,12,17
6665,Bullmarkets,kazzak,1013,druid,balance,24,12,12
6666,Лякокля,soulflayer,1013,druid,balance,30,12,18
6667,Медведяра,howling-fjord,1009,druid,balance,35,16,19
6668,Yolobolo,ragnaros,1007,druid,balance,17,11,6
6669,Happysw,thrall,1006,druid,balance,38,11,27
6670,Иггдрасиль,gordunni,1001,druid,balance,17,11,6
6671,Ледруд,gordunni,991,druid,balance,26,11,15
6672,Chadru,magtheridon,988,druid,balance,20,11,9
6673,Skvll,silvermoon,987,druid,balance,26,11,15
6674,Two,silvermoon,982,druid,balance,48,20,28
6675,Bulvai,medivh,979,druid,balance,14,11,3
6676,Nàaz,stormscale,960,druid,balance,12,10,2
6677,Ноунэймбич,blackscar,960,druid,balance,12,10,2
6678,Vamix,aegwynn,960,druid,balance,12,10,2
6679,Bigfeeder,ravencrest,960,druid,balance,12,10,2
6680,Nätsügødxqt,archimonde,960,druid,balance,12,10,2
6681,Djfukface,ravencrest,960,druid,balance,18,10,8
6682,Beutow,archimonde,960,druid,balance,18,10,8
6683,Shroomdoom,ravencrest,960,druid,balance,24,10,14
6684,Feralisser,ravencrest,959,druid,balance,12,10,2
6685,Brovis,sylvanas,959,druid,balance,12,10,2
6686,Ateli,kazzak,959,druid,balance,15,11,4
6687,Ultrapoulet,archimonde,959,druid,balance,18,10,8
6688,Slâkkxz,kazzak,959,druid,balance,18,10,8
6689,Littlecok,blackmoore,959,druid,balance,18,10,8
6690,Crunchtime,ragnaros,959,druid,balance,18,10,8
6691,Tiktokstar,blackrock,959,druid,balance,18,10,8
6692,Zarune,sanguino,959,druid,balance,18,10,8
6693,Stalkdro,elune,959,druid,balance,18,10,8
6694,Alessàsavage,nemesis,959,druid,balance,18,10,8
6695,Veganvapex,draenor,959,druid,balance,18,10,8
6696,Häggrä,dalaran,959,druid,balance,18,10,8
6697,Sün,kazzak,959,druid,balance,18,10,8
6698,Thepuma,dun-modr,958,druid,balance,12,10,2
6699,Gallorath,draenor,958,druid,balance,18,10,8
6700,Pèps,dalaran,958,druid,balance,18,10,8
6701,Éatshiftndie,tarren-mill,958,druid,balance,18,10,8
6702,Nelíno,twisting-nether,958,druid,balance,18,10,8
6703,Barbielolz,archimonde,958,druid,balance,18,10,8
6704,Хастла,galakrond,958,druid,balance,18,10,8
6705,Élán,sylvanas,958,druid,balance,24,10,14
6706,Elatadru,silvermoon,958,druid,balance,24,10,14
6707,Coldleans,kazzak,957,druid,balance,12,10,2
6708,Verenai,bloodfeather,957,druid,balance,12,10,2
6709,Smøuler,sanguino,957,druid,balance,18,10,8
6710,Ykg,twisting-nether,957,druid,balance,18,10,8
6711,Gbq,ravencrest,957,druid,balance,18,10,8
6712,Báco,dun-modr,957,druid,balance,24,10,14
6713,Nefariz,dun-modr,956,druid,balance,18,10,8
6714,Dingeren,stormscale,955,druid,balance,18,10,8
6715,Feral,mazrigos,955,druid,balance,18,10,8
6716,Sajlol,doomhammer,955,druid,balance,18,10,8
6717,Hauntie,kazzak,954,druid,balance,18,10,8
6718,Gluqt,outland,953,druid,balance,18,10,8
6719,Zac,quelthalas,953,druid,balance,18,10,8
6720,Bolskigg,stormreaver,953,druid,balance,24,10,14
6721,Оудин,blackscar,952,druid,balance,18,10,8
6722,Kaspurr,ravencrest,951,druid,balance,12,10,2
6723,Hypnosoad,outland,951,druid,balance,24,10,14
6724,Yeahbuddeh,draenor,951,druid,balance,28,11,17
6725,Yepnesse,khaz-modan,946,druid,balance,18,10,8
6726,Resthunor,draenor,935,druid,balance,18,10,8
6727,Darisom,alexstrasza,931,druid,balance,141,73,68
6728,Naone,silvermoon,929,druid,balance,24,10,14
6729,Kotomer,defias-brotherhood,926,druid,balance,108,38,70
6730,Calistane,silvermoon,926,druid,balance,69,24,45
6731,Numberonebs,silvermoon,925,druid,balance,17,10,7
6732,Жибка,howling-fjord,925,druid,balance,20,11,9
6733,Revølter,kazzak,921,druid,balance,26,11,15
6734,Zindaya,blades-edge,918,druid,balance,20,11,9
6735,Saxondale,aszune,918,druid,balance,30,14,16
6736,Mööñ,hyjal,917,druid,balance,16,11,5
6737,Cöyote,hyjal,916,druid,balance,54,28,26
6738,Kakaiy,shadowsong,916,druid,balance,78,39,39
6739,Суггуторр,howling-fjord,909,druid,balance,87,42,45
6740,Mushröøms,nemesis,904,druid,balance,27,13,14
6741,Древнина,gordunni,901,druid,balance,21,10,11
6742,Dao,aegwynn,893,druid,balance,20,10,10
6743,Aastal,uldaman,876,druid,balance,25,10,15
6744,Aggibääm,blackhand,868,druid,balance,24,12,12
6745,Juvencus,twisting-nether,864,druid,balance,12,9,3
6746,Slaskêt,tarren-mill,864,druid,balance,12,9,3
6747,Lodikum,defias-brotherhood,864,druid,balance,12,9,3
6748,Bakkú,ravencrest,864,druid,balance,12,9,3
6749,Rudabaebey,draenor,864,druid,balance,12,9,3
6750,Yshára,darkmoon-faire,864,druid,balance,12,9,3
6751,Lazermonster,tarren-mill,864,druid,balance,12,9,3
6752,Nevermeldx,blackrock,864,druid,balance,12,9,3
6753,Bmybmybmybmy,outland,864,druid,balance,12,9,3
6754,Rnkx,sanguino,864,druid,balance,12,9,3
6755,Claynoe,blackmoore,864,druid,balance,15,10,5
6756,Cowxoxo,twisting-nether,864,druid,balance,18,9,9
6757,Tronchetto,nemesis,864,druid,balance,24,9,15
6758,Óffstér,kazzak,864,druid,balance,36,9,27
6759,Pezuñera,sanguino,863,druid,balance,12,9,3
6760,Merq,ravencrest,863,druid,balance,12,9,3
6761,Gòrgoth,pozzo-delleternità,863,druid,balance,12,9,3
6762,Füsselviech,frostwolf,863,druid,balance,12,9,3
6763,Óðinn,stormscale,863,druid,balance,12,9,3
6764,Jengá,nagrand,863,druid,balance,12,9,3
6765,Aolynk,twisting-nether,863,druid,balance,12,9,3
6766,Morphael,ravencrest,863,druid,balance,18,9,9
6767,Laødinay,hyjal,863,druid,balance,18,9,9
6768,Croquetoro,sanguino,863,druid,balance,18,9,9
6769,Nönö,tarren-mill,863,druid,balance,18,9,9
6770,Lockied,eredar,863,druid,balance,18,9,9
6771,Empi,sanguino,863,druid,balance,18,9,9
6772,Bxxmkin,draenor,862,druid,balance,12,9,3
6773,Jabbah,defias-brotherhood,862,druid,balance,18,9,9
6774,Ábomínatíon,draenor,862,druid,balance,18,9,9
6775,Metaboss,ravencrest,862,druid,balance,18,9,9
6776,Qocotte,archimonde,862,druid,balance,18,9,9
6777,Mercmydude,ravencrest,862,druid,balance,18,9,9
6778,Angharradh,arthas,862,druid,balance,18,9,9
6779,Амахасла,deathweaver,861,druid,balance,12,9,3
6780,Gúccî,blackrock,861,druid,balance,12,9,3
6781,Кортанус,gordunni,861,druid,balance,15,10,5
6782,Noctilus,steamwheedle-cartel,861,druid,balance,18,9,9
6783,Quza,lightbringer,861,druid,balance,18,9,9
6784,Fruntimmern,sylvanas,861,druid,balance,18,9,9
6785,Maurana,sylvanas,861,druid,balance,24,9,15
6786,Spoco,defias-brotherhood,860,druid,balance,18,9,9
6787,Drocos,genjuros,860,druid,balance,18,9,9
6788,Rumjin,burning-blade,859,druid,balance,18,9,9
6789,Corias,blackmoore,859,druid,balance,36,9,27
6790,Kucsmagoomba,ragnaros,857,druid,balance,28,10,18
6791,Grizzlyhills,silvermoon,856,druid,balance,12,9,3
6792,Lunably,silvermoon,855,druid,balance,18,9,9
6793,Balzàc,ravencrest,853,druid,balance,18,9,9
6794,Trickpotato,terrordar,849,druid,balance,18,9,9
6795,Máximus,blades-edge,844,druid,balance,30,9,21
6796,Tombenuit,tarren-mill,843,druid,balance,18,9,9
6797,Rockymarci,dalaran,840,druid,balance,12,9,3
6798,Katharo,kult-der-verdammten,839,druid,balance,36,9,27
6799,Tarâkings,outland,832,druid,balance,18,9,9
6800,Lasertipu,tarren-mill,830,druid,balance,17,9,8
6801,Théodên,dalaran,830,druid,balance,128,57,71
6802,Сомеваск,deathweaver,830,druid,balance,23,9,14
6803,Eikthyrson,nozdormu,829,druid,balance,16,10,6
6804,Pretender,arathi,829,druid,balance,22,9,13
6805,Tôrmêñtêd,outland,815,druid,balance,17,9,8
6806,Ishaqu,bladefist,815,druid,balance,23,9,14
6807,Nuggetspøwa,dalaran,814,druid,balance,17,9,8
6808,Pikamoo,kazzak,799,druid,balance,17,9,8
6809,Wildrice,blackhand,798,druid,balance,20,9,11
6810,Fréki,ravenholdt,791,druid,balance,20,9,11
6811,Meillaeth,sylvanas,768,druid,balance,12,8,4
6812,Citróne,blackrock,768,druid,balance,12,8,4
6813,Phobidru,thrall,768,druid,balance,12,8,4
6814,Rifthy,nemesis,768,druid,balance,12,8,4
6815,Sifferx,stormscale,768,druid,balance,12,8,4
6816,Ðíør,ravencrest,768,druid,balance,12,8,4
6817,Pjuske,silvermoon,768,druid,balance,12,8,4
6818,Soofiaa,ravencrest,768,druid,balance,12,8,4
6819,Kissaey,emeriss,768,druid,balance,12,8,4
6820,Replicusowl,doomhammer,768,druid,balance,12,8,4
6821,Ethiqd,aegwynn,768,druid,balance,12,8,4
6822,Yiriy,baelgun,768,druid,balance,12,8,4
6823,Positivity,stormscale,768,druid,balance,12,8,4
6824,Elgatos,kazzak,768,druid,balance,12,8,4
6825,Kikïnøu,garona,768,druid,balance,12,8,4
6826,Клыкояр,goldrinn,768,druid,balance,12,8,4
6827,Everdreamx,arathor,768,druid,balance,12,8,4
6828,Jometatile,hyjal,768,druid,balance,12,8,4
6829,Trytargetme,outland,768,druid,balance,12,8,4
6830,Flukeyz,draenor,768,druid,balance,12,8,4
6831,Renzay,ysondre,768,druid,balance,12,8,4
6832,Emochicken,silvermoon,768,druid,balance,15,9,6
6833,Mønrøe,ravencrest,768,druid,balance,15,9,6
6834,Réhagen,archimonde,768,druid,balance,18,8,10
6835,Epicplays,sylvanas,768,druid,balance,18,8,10
6836,Boompjeh,chamber-of-aspects,768,druid,balance,18,8,10
6837,Fabutwo,blackrock,768,druid,balance,18,8,10
6838,Commonsense,kazzak,768,druid,balance,18,8,10
6839,Malolepszy,burning-legion,768,druid,balance,18,8,10
6840,Superpoulet,archimonde,768,druid,balance,18,8,10
6841,Tulleku,azjolnerub,767,druid,balance,12,8,4
6842,Sebikboomie,ravencrest,767,druid,balance,12,8,4
6843,Kheleñ,blackrock,767,druid,balance,14,8,6
6844,Ilovehannah,laughing-skull,767,druid,balance,18,8,10
6845,Loswochos,blackmoore,767,druid,balance,18,8,10
6846,Bigsmoké,die-aldor,767,druid,balance,18,8,10
6847,Arydan,quelthalas,767,druid,balance,18,8,10
6848,Екфта,gordunni,767,druid,balance,18,8,10
6849,Bogahcan,twisting-nether,767,druid,balance,18,8,10
6850,Drazefin,twisting-nether,767,druid,balance,24,8,16
6851,Voorhess,blackmoore,767,druid,balance,24,8,16
6852,Schebäb,blackhand,767,druid,balance,24,8,16
6853,Benzinoid,silvermoon,766,druid,balance,12,8,4
6854,Stormspirit,hellscream,766,druid,balance,12,8,4
6855,Humanoidpt,aggra-português,766,druid,balance,12,8,4
6856,Obois,archimonde,766,druid,balance,18,8,10
6857,Doomkin,tichondrius,766,druid,balance,18,8,10
6858,Wainl,hyjal,766,druid,balance,18,8,10
6859,Lendron,malygos,766,druid,balance,23,8,15
6860,Darthiud,outland,765,druid,balance,12,8,4
6861,Machie,argent-dawn,765,druid,balance,18,8,10
6862,When,kirin-tor,765,druid,balance,18,8,10
6863,Arenshimoon,kazzak,765,druid,balance,18,8,10
6864,Rinjindin,eredar,765,druid,balance,18,8,10
6865,Zaratras,arathor,765,druid,balance,18,8,10
6866,Druice,tyrande,763,druid,balance,12,8,4
6867,Anchoring,argent-dawn,763,druid,balance,22,9,13
6868,Blesya,ravencrest,763,druid,balance,24,8,16
6869,Laiquaril,ravencrest,762,druid,balance,25,8,17
6870,Sároman,ravencrest,761,druid,balance,24,8,16
6871,Kizilbuka,ragnaros,756,druid,balance,12,8,4
6872,Flume,chromaggus,754,druid,balance,18,8,10
6873,Putzé,blackrock,749,druid,balance,20,8,12
6874,Fakers,the-maelstrom,747,druid,balance,12,8,4
6875,Ратататата,blackscar,734,druid,balance,14,9,5
6876,Yaendra,dun-modr,722,druid,balance,17,8,9
6877,Laylie,aegwynn,719,druid,balance,17,8,9
6878,Maw,hellfire,717,druid,balance,11,8,3
6879,Darkillaa,anetheron,717,druid,balance,17,8,9
6880,Cörelly,ravencrest,715,druid,balance,15,9,6
6881,Ohpfo,outland,703,druid,balance,11,8,3
6882,Caltvalai,ravencrest,703,druid,balance,16,8,8
6883,Durtidikdave,kazzak,703,druid,balance,17,8,9
6884,Rønièl,tarren-mill,702,druid,balance,11,8,3
6885,Papalegba,kilrogg,700,druid,balance,14,8,6
6886,Tease,blackrock,672,druid,balance,12,7,5
6887,Qyoon,argent-dawn,672,druid,balance,12,7,5
6888,Mommymìlkers,archimonde,672,druid,balance,12,7,5
6889,Locite,blackrock,672,druid,balance,12,7,5
6890,Амераки,blackscar,672,druid,balance,12,7,5
6891,Thornat,chamber-of-aspects,672,druid,balance,12,7,5
6892,Fatfingerx,blackrock,672,druid,balance,12,7,5
6893,Glúingél,tarren-mill,672,druid,balance,12,7,5
6894,Shapees,sylvanas,672,druid,balance,12,7,5
6895,Rofyx,twisting-nether,672,druid,balance,12,7,5
6896,Hajlol,sylvanas,672,druid,balance,12,7,5
6897,Kÿara,khaz-modan,672,druid,balance,12,7,5
6898,Cotangens,tarren-mill,672,druid,balance,12,7,5
6899,Kosadoodoo,sylvanas,672,druid,balance,12,7,5
6900,Noggelicious,ragnaros,672,druid,balance,12,7,5
6901,Twerkdabooty,azjolnerub,672,druid,balance,12,7,5
6902,Yseraheal,drakthul,672,druid,balance,12,7,5
6903,Trønchetto,nemesis,672,druid,balance,12,7,5
6904,Harrydòtter,eredar,672,druid,balance,12,7,5
6905,Owlcápown,ravencrest,672,druid,balance,12,7,5
6906,Roroa,ravencrest,672,druid,balance,12,7,5
6907,Mythiaran,argent-dawn,672,druid,balance,12,7,5
6908,Deeizm,ravencrest,672,druid,balance,12,7,5
6909,Yungtrappy,stormscale,672,druid,balance,12,7,5
6910,Hïrøshïmå,malganis,672,druid,balance,12,7,5
6911,Lörex,ravencrest,672,druid,balance,12,7,5
6912,Delarion,nemesis,672,druid,balance,12,7,5
6913,Owlbum,grim-batol,672,druid,balance,12,7,5
6914,Sweedrood,hyjal,672,druid,balance,12,7,5
6915,Klørfem,draenor,672,druid,balance,12,7,5
6916,Schneéeule,blackrock,672,druid,balance,12,7,5
6917,Surlax,defias-brotherhood,672,druid,balance,12,7,5
6918,Pansaa,stormscale,672,druid,balance,15,8,7
6919,Núri,lordaeron,672,druid,balance,18,7,11
6920,Merfje,karazhan,672,druid,balance,18,7,11
6921,Yungle,stormscale,672,druid,balance,18,7,11
6922,Нортикус,soulflayer,672,druid,balance,18,7,11
6923,Auches,argent-dawn,672,druid,balance,18,7,11
6924,Avimoo,tarren-mill,672,druid,balance,18,7,11
6925,Skirr,kelthuzad,672,druid,balance,18,7,11
6926,Redyogurt,outland,672,druid,balance,18,7,11
6927,Lilim,culte-de-la-rive-noire,672,druid,balance,18,7,11
6928,Ravenfang,dun-modr,672,druid,balance,18,7,11
6929,Kielorn,stormscale,671,druid,balance,12,7,5
6930,Alexuwu,draenor,671,druid,balance,12,7,5
6931,Rikayn,tarren-mill,671,druid,balance,12,7,5
6932,Найадра,gordunni,671,druid,balance,12,7,5
6933,Jatto,magtheridon,671,druid,balance,12,7,5
6934,Maruuk,argent-dawn,671,druid,balance,12,7,5
6935,Fesenjon,blackhand,671,druid,balance,18,7,11
6936,Sháko,dun-modr,671,druid,balance,18,7,11
6937,Fleq,antonidas,671,druid,balance,18,7,11
6938,Felfran,ravencrest,671,druid,balance,18,7,11
6939,Thunderzeus,mazrigos,671,druid,balance,18,7,11
6940,Pansarbamse,outland,671,druid,balance,19,7,12
6941,Släshes,stormreaver,670,druid,balance,12,7,5
6942,Taskingoman,twisting-nether,670,druid,balance,12,7,5
6943,Bulma,dun-modr,670,druid,balance,18,7,11
6944,Challi,nordrassil,669,druid,balance,18,7,11
6945,Sabresheep,twisting-nether,669,druid,balance,24,7,17
6946,Thyanya,blackmoore,668,druid,balance,18,7,11
6947,Drrestospec,tarren-mill,665,druid,balance,12,7,5
6948,Freshener,antonidas,665,druid,balance,12,7,5
6949,Thrynitie,les-sentinelles,663,druid,balance,12,7,5
6950,Kawaíï,frostwolf,659,druid,balance,26,10,16
6951,Ånåphorå,archimonde,624,druid,balance,15,7,8
6952,Nille,tarren-mill,617,druid,balance,14,8,6
6953,Blazek,sylvanas,617,druid,balance,14,8,6
6954,Kidawi,frostwolf,617,druid,balance,16,8,8
6955,Bubidiblumdr,twisting-nether,605,druid,balance,16,7,9
6956,Rtfz,ravencrest,591,druid,balance,13,7,6
6957,Qpoof,sylvanas,576,druid,balance,6,6,0
6958,Teebeidl,tarren-mill,576,druid,balance,6,6,0
6959,Moler,hyjal,576,druid,balance,6,6,0
6960,Ухухуня,gordunni,576,druid,balance,6,6,0
6961,Jerie,silvermoon,576,druid,balance,6,6,0
6962,Nancey,auchindoun,576,druid,balance,12,6,6
6963,Salvaga,outland,576,druid,balance,12,6,6
6964,Nomilkforyou,steamwheedle-cartel,576,druid,balance,12,6,6
6965,Pælter,draenor,576,druid,balance,12,6,6
6966,Thefudge,silvermoon,576,druid,balance,12,6,6
6967,Naturexbot,silvermoon,576,druid,balance,12,6,6
6968,Kivimon,dun-modr,576,druid,balance,12,6,6
6969,Fishanchips,archimonde,576,druid,balance,12,6,6
6970,Degnosaur,outland,576,druid,balance,12,6,6
6971,Islandbôy,blackrock,576,druid,balance,12,6,6
6972,Зулкхаку,soulflayer,576,druid,balance,12,6,6
6973,Vongihkuhher,blackmoore,576,druid,balance,12,6,6
6974,Inbml,silvermoon,576,druid,balance,12,6,6
6975,Illmíndofboo,twisting-nether,576,druid,balance,12,6,6
6976,Knozylg,kazzak,576,druid,balance,12,6,6
6977,Мунпраид,gordunni,576,druid,balance,12,6,6
6978,Seraxi,der-mithrilorden,576,druid,balance,12,6,6
6979,Teryx,blackmoore,576,druid,balance,12,6,6
6980,Valoruk,ravencrest,576,druid,balance,12,6,6
6981,Kahar,eredar,576,druid,balance,12,6,6
6982,Kamenká,aegwynn,576,druid,balance,12,6,6
6983,Лунныйфилин,deathguard,576,druid,balance,12,6,6
6984,Diolives,stormscale,576,druid,balance,12,6,6
6985,Quinten,ulduar,576,druid,balance,12,6,6
6986,Sarkophag,blackrock,576,druid,balance,12,6,6
6987,Forthis,frostmane,576,druid,balance,12,6,6
6988,Ashkaxx,ragnaros,576,druid,balance,12,6,6
6989,Mentaldead,tarren-mill,576,druid,balance,12,6,6
6990,Clone,aegwynn,576,druid,balance,12,6,6
6991,Wrx,sylvanas,576,druid,balance,12,6,6
6992,Shoca,die-ewige-wacht,576,druid,balance,12,6,6
6993,Layle,argent-dawn,576,druid,balance,12,6,6
6994,Talressian,argent-dawn,576,druid,balance,12,6,6
6995,Dyuuna,hyjal,576,druid,balance,12,6,6
6996,Raízun,blackmoore,576,druid,balance,12,6,6
6997,Bane,dun-modr,576,druid,balance,12,6,6
6998,Featherfeet,kazzak,576,druid,balance,18,6,12
6999,Doncaino,amanthul,576,druid,balance,18,6,12
7000,Smedoge,outland,576,druid,balance,18,6,12
7001,Applestrudle,blackrock,576,druid,balance,24,6,18
7002,Praythysun,khaz-modan,575,druid,balance,12,6,6
7003,Raxona,blackmoore,575,druid,balance,12,6,6
7004,Tekal,vashj,575,druid,balance,12,6,6
7005,Gruvkatt,stormscale,575,druid,balance,12,6,6
7006,Orazien,ravencrest,575,druid,balance,12,6,6
7007,Òniz,hyjal,575,druid,balance,12,6,6
7008,Natoro,outland,575,druid,balance,12,6,6
7009,Robinchwän,archimonde,575,druid,balance,18,6,12
7010,Shag,archimonde,575,druid,balance,18,6,12
7011,Moonsama,twisting-nether,575,druid,balance,18,6,12
7012,Lúthiëñ,silvermoon,575,druid,balance,24,6,18
7013,Momaa,neptulon,574,druid,balance,12,6,6
7014,Shainá,dun-modr,574,druid,balance,12,6,6
7015,Raciness,grim-batol,574,druid,balance,12,6,6
7016,Тиликум,goldrinn,574,druid,balance,12,6,6
7017,Видди,soulflayer,574,druid,balance,18,6,12
7018,Жекакотик,eversong,574,druid,balance,24,6,18
7019,Månljuset,outland,573,druid,balance,12,6,6
7020,Kittasek,drakthul,572,druid,balance,12,6,6
7021,Tarantinonon,kazzak,572,druid,balance,18,6,12
7022,Metamorfurio,arthas,571,druid,balance,12,6,6
7023,Delfin,aerie-peak,563,druid,balance,21,7,14
7024,Thaiboimbyy,veknilash,558,druid,balance,29,10,19
7025,Duwaz,blackmoore,543,druid,balance,14,7,7
7026,Ancientix,burning-legion,543,druid,balance,17,6,11
7027,Aionx,ravencrest,527,druid,balance,11,6,5
7028,Lyøñ,dun-modr,527,druid,balance,11,6,5
7029,Atbõs,stormscale,527,druid,balance,11,6,5
7030,Humizon,silvermoon,522,druid,balance,15,7,8
7031,Bubadruid,silvermoon,512,druid,balance,8,7,1
7032,Khålêd,kazzak,480,druid,balance,6,5,1
7033,Fapmasterx,eredar,480,druid,balance,6,5,1
7034,Hashtagone,ysondre,480,druid,balance,6,5,1
7035,Svartvit,sylvanas,480,druid,balance,6,5,1
7036,Опущеныйкелх,gordunni,480,druid,balance,6,5,1
7037,Maladorf,draenor,480,druid,balance,6,5,1
7038,Smølboi,ravencrest,480,druid,balance,6,5,1
7039,Ferdiboo,draenor,480,druid,balance,6,5,1
7040,Fäcker,blackhand,480,druid,balance,6,5,1
7041,Tubi,darksorrow,480,druid,balance,6,5,1
7042,Súçúkbøømíe,aegwynn,480,druid,balance,6,5,1
7043,Sofiadrood,stormreaver,480,druid,balance,6,5,1
7044,Формен,howling-fjord,480,druid,balance,6,5,1
7045,Tåylor,laughing-skull,480,druid,balance,6,5,1
7046,Хлайси,gordunni,480,druid,balance,6,5,1
7047,Vëgâñgøðx,ragnaros,480,druid,balance,6,5,1
7048,Füllxtrap,hyjal,480,druid,balance,6,5,1
7049,Huayhey,the-maelstrom,480,druid,balance,6,5,1
7050,Stkk,sanguino,480,druid,balance,6,5,1
7051,Cowieowie,draenor,480,druid,balance,6,5,1
7052,Pinkpanda,arthas,480,druid,balance,6,5,1
7053,Xoap,kazzak,480,druid,balance,6,5,1
7054,Bighike,drakthul,480,druid,balance,6,5,1
7055,Murdok,suramar,480,druid,balance,6,5,1
7056,Deepak,nemesis,480,druid,balance,6,5,1
7057,Corkiri,tarren-mill,480,druid,balance,6,5,1
7058,Smøkyyd,eredar,480,druid,balance,6,5,1
7059,Xtremeterror,blackmoore,480,druid,balance,6,5,1
7060,Corkiy,tarren-mill,480,druid,balance,6,5,1
7061,Eñzo,stormscale,480,druid,balance,6,5,1
7062,Felicìty,draenor,480,druid,balance,6,5,1
7063,Doup,alakir,480,druid,balance,12,5,7
7064,Snoxy,wrathbringer,480,druid,balance,12,5,7
7065,Yabbah,blackrock,480,druid,balance,12,5,7
7066,Yunød,silvermoon,480,druid,balance,12,5,7
7067,Grîsh,burning-legion,480,druid,balance,12,5,7
7068,Acwi,dun-morogh,480,druid,balance,12,5,7
7069,Kovalawa,archimonde,480,druid,balance,12,5,7
7070,Mîraculix,dun-morogh,480,druid,balance,12,5,7
7071,Yadon,the-maelstrom,480,druid,balance,12,5,7
7072,Shreddies,the-maelstrom,480,druid,balance,12,5,7
7073,Blark,sylvanas,480,druid,balance,12,5,7
7074,Goated,stormscale,480,druid,balance,12,5,7
7075,Elayria,blackmoore,480,druid,balance,12,5,7
7076,Zomgcow,twisting-nether,480,druid,balance,12,5,7
7077,Lifecycle,nemesis,480,druid,balance,12,5,7
7078,Elrandir,tarren-mill,480,druid,balance,12,5,7
7079,Флексим,soulflayer,480,druid,balance,12,5,7
7080,Лолэтохег,soulflayer,480,druid,balance,12,5,7
7081,Liiandri,khaz-modan,480,druid,balance,12,5,7
7082,Quin,frostwolf,480,druid,balance,12,5,7
7083,Dremdra,draenor,480,druid,balance,12,5,7
7084,Eýesburn,silvermoon,480,druid,balance,12,5,7
7085,Kittyperry,blackmoore,480,druid,balance,12,5,7
7086,Còwgummi,blackhand,480,druid,balance,12,5,7
7087,Bafere,twisting-nether,480,druid,balance,12,5,7
7088,Pròtodrù,twisting-nether,480,druid,balance,12,5,7
7089,Zebår,runetotem,480,druid,balance,12,5,7
7090,Angrykejton,silvermoon,480,druid,balance,12,5,7
7091,Naturina,shattered-hand,480,druid,balance,12,5,7
7092,Fofosdru,kazzak,480,druid,balance,12,5,7
7093,Krathar,kazzak,480,druid,balance,12,5,7
7094,Balanced,blackhand,480,druid,balance,12,5,7
7095,Blueedood,twisting-nether,480,druid,balance,12,5,7
7096,Legyna,ravencrest,480,druid,balance,12,5,7
7097,Vodibull,aegwynn,480,druid,balance,15,6,9
7098,Qïx,outland,480,druid,balance,15,6,9
7099,Lemonjohn,outland,480,druid,balance,14,5,9
7100,Aloraysoda,doomhammer,480,druid,balance,18,5,13
7101,Xaeia,aegwynn,479,druid,balance,6,5,1
7102,Lootmann,die-silberne-hand,479,druid,balance,6,5,1
7103,Trollskee,draenor,479,druid,balance,12,5,7
7104,Larsia,nordrassil,479,druid,balance,12,5,7
7105,Forigiver,draenor,479,druid,balance,12,5,7
7106,Biologie,onyxia,479,druid,balance,12,5,7
7107,Betol,das-konsortium,479,druid,balance,12,5,7
7108,Elfsu,ravencrest,479,druid,balance,12,5,7
7109,Músclébéach,silvermoon,479,druid,balance,18,5,13
7110,Тахикамару,blackscar,479,druid,balance,18,5,13
7111,Lysende,arathor,478,druid,balance,12,5,7
7112,Чепенкос,gordunni,478,druid,balance,12,5,7
7113,Барли,grom,478,druid,balance,16,6,10
7114,Eyune,tarren-mill,478,druid,balance,18,5,13
7115,Druvian,argent-dawn,478,druid,balance,24,5,19
7116,Iamramen,blackmoore,477,druid,balance,30,5,25
7117,Zenkay,naxxramas,476,druid,balance,16,6,10
7118,Iskaarjx,archimonde,463,druid,balance,11,5,6
7119,Chouan,marécage-de-zangar,457,druid,balance,21,7,14
7120,Freakyo,blackrock,447,druid,balance,11,5,6
7121,Пушистаялапа,blackscar,446,druid,balance,10,6,4
7122,Athenã,blackmoore,446,druid,balance,17,5,12
7123,Pine,aggramar,415,druid,balance,8,5,3
7124,Foxîo,frostmane,415,druid,balance,8,5,3
7125,Mlyzioz,ahnqiraj,414,druid,balance,8,5,3
7126,Narkiza,blackhand,384,druid,balance,6,4,2
7127,Fzx,aegwynn,384,druid,balance,6,4,2
7128,Kattbjörnen,ragnaros,384,druid,balance,6,4,2
7129,Ðevilwhite,nemesis,384,druid,balance,6,4,2
7130,Kasugia,aegwynn,384,druid,balance,6,4,2
7131,Izzyb,draenor,384,druid,balance,6,4,2
7132,Vregord,twisting-nether,384,druid,balance,6,4,2
7133,Lolaven,turalyon,384,druid,balance,6,4,2
7134,Sunisan,stormscale,384,druid,balance,6,4,2
7135,Fordragos,ravencrest,384,druid,balance,6,4,2
7136,Seasexsune,antonidas,384,druid,balance,6,4,2
7137,Msb,the-maelstrom,384,druid,balance,6,4,2
7138,Daluria,malganis,384,druid,balance,6,4,2
7139,Мариантус,greymane,384,druid,balance,6,4,2
7140,Borticow,sanguino,384,druid,balance,6,4,2
7141,Mylanqx,ragnaros,384,druid,balance,6,4,2
7142,Kkriss,stormscale,384,druid,balance,6,4,2
7143,Dikc,twisting-nether,384,druid,balance,6,4,2
7144,Bearygrylls,sylvanas,384,druid,balance,6,4,2
7145,Zootxd,ravencrest,384,druid,balance,6,4,2
7146,Buikstuk,kilrogg,384,druid,balance,6,4,2
7147,Pathetik,archimonde,384,druid,balance,6,4,2
7148,Cpt,xavius,384,druid,balance,6,4,2
7149,Oomhammer,darkspear,384,druid,balance,6,4,2
7150,Freshpussyz,ravencrest,384,druid,balance,6,4,2
7151,Rawr,dun-morogh,384,druid,balance,6,4,2
7152,Wotahn,antonidas,384,druid,balance,6,4,2
7153,Drufar,outland,384,druid,balance,6,4,2
7154,Mâlcøm,archimonde,384,druid,balance,6,4,2
7155,Weremyst,outland,384,druid,balance,6,4,2
7156,Amellian,silvermoon,384,druid,balance,6,4,2
7157,Dermegon,outland,384,druid,balance,6,4,2
7158,Anpassad,outland,384,druid,balance,6,4,2
7159,Bigbitez,kazzak,384,druid,balance,6,4,2
7160,Rugsul,kazzak,384,druid,balance,6,4,2
7161,Izzual,tarren-mill,384,druid,balance,6,4,2
7162,Lakersinfive,argent-dawn,384,druid,balance,6,4,2
7163,Vertabrain,twilights-hammer,384,druid,balance,6,4,2
7164,Allîyâ,archimonde,384,druid,balance,6,4,2
7165,Ragingmilker,tarren-mill,384,druid,balance,6,4,2
7166,Xvmon,draenor,384,druid,balance,6,4,2
7167,Ekologiskxx,outland,384,druid,balance,6,4,2
7168,Jeaylqt,archimonde,384,druid,balance,6,4,2
7169,Treebearded,agamaggan,384,druid,balance,6,4,2
7170,Shiftmeow,tarren-mill,384,druid,balance,6,4,2
7171,Druikraut,silvermoon,384,druid,balance,6,4,2
7172,Mahwi,das-konsortium,384,druid,balance,6,4,2
7173,Фамай,howling-fjord,384,druid,balance,8,4,4
7174,Isuckdruid,aegwynn,384,druid,balance,12,4,8
7175,Astralbody,auchindoun,384,druid,balance,12,4,8
7176,Meretrizx,kazzak,384,druid,balance,12,4,8
7177,Tmhaikyu,blackhand,384,druid,balance,12,4,8
7178,Catten,sylvanas,384,druid,balance,12,4,8
7179,Мукару,howling-fjord,384,druid,balance,12,4,8
7180,Ibroninad,ragnaros,384,druid,balance,12,4,8
7181,Yee,twisting-nether,384,druid,balance,12,4,8
7182,Alanpapi,sanguino,384,druid,balance,12,4,8
7183,Veijari,deathwing,384,druid,balance,12,4,8
7184,Hugepepega,ravencrest,384,druid,balance,12,4,8
7185,Tønychopper,sanguino,384,druid,balance,12,4,8
7186,Sixtyinches,burning-blade,384,druid,balance,12,4,8
7187,Piiti,burning-legion,384,druid,balance,12,4,8
7188,Fortuma,eredar,384,druid,balance,12,4,8
7189,Achre,thunderhorn,384,druid,balance,12,4,8
7190,Axrae,ravencrest,384,druid,balance,12,4,8
7191,Màlàkaii,hyjal,384,druid,balance,12,4,8
7192,Lorucka,die-nachtwache,384,druid,balance,12,4,8
7193,Царапкатян,gordunni,384,druid,balance,12,4,8
7194,Феразинария,gordunni,384,druid,balance,12,4,8
7195,Astracat,korgall,384,druid,balance,12,4,8
7196,Druidytrudy,blackrock,384,druid,balance,12,4,8
7197,Губкобоб,galakrond,384,druid,balance,16,4,12
7198,Vigôuróuz,blackmoore,383,druid,balance,6,4,2
7199,Herten,tarren-mill,383,druid,balance,6,4,2
7200,Храмульчик,blackscar,383,druid,balance,6,4,2
7201,Mongwau,blackrock,383,druid,balance,6,4,2
7202,Celebras,chogall,383,druid,balance,6,4,2
7203,Fluke,thrall,383,druid,balance,11,4,7
7204,Moonpouk,archimonde,383,druid,balance,12,4,8
7205,Ondope,blackmoore,383,druid,balance,12,4,8
7206,Summertearz,thrall,383,druid,balance,12,4,8
7207,Blablábla,silvermoon,383,druid,balance,12,4,8
7208,Катафей,deathguard,382,druid,balance,6,4,2
7209,Billybobb,dentarg,377,druid,balance,19,8,11
7210,Ráw,dun-modr,367,druid,balance,11,4,7
7211,Blakemonster,khaz-modan,351,druid,balance,8,5,3
7212,Nightshaðe,argent-dawn,351,druid,balance,11,4,7
7213,Zybri,ragnaros,351,druid,balance,11,4,7
7214,Jaiyen,ravencrest,351,druid,balance,11,4,7
7215,Blownaway,outland,336,druid,balance,9,4,5
7216,Sketit,grim-batol,335,druid,balance,11,4,7
7217,Hilliax,sanguino,330,druid,balance,13,5,8
7218,Martinesämst,outland,320,druid,balance,10,4,6
7219,Eclipße,silvermoon,319,druid,balance,5,4,1
7220,Opathecool,bladefist,319,druid,balance,5,4,1
7221,Holyconvoke,stormscale,319,druid,balance,5,4,1
7222,Mehgyver,ravencrest,319,druid,balance,8,4,4
7223,Chøpzjr,blackrock,288,druid,balance,6,3,3
7224,Ullainho,stormscale,288,druid,balance,6,3,3
7225,Drester,blackrock,288,druid,balance,6,3,3
7226,Ellüna,ravencrest,288,druid,balance,6,3,3
7227,Maelkan,sanguino,288,druid,balance,6,3,3
7228,Блинчек,gordunni,288,druid,balance,6,3,3
7229,Кеорл,gordunni,288,druid,balance,6,3,3
7230,Néøu,archimonde,288,druid,balance,6,3,3
7231,Maldrýn,stormscale,288,druid,balance,6,3,3
7232,Hð,blackmoore,288,druid,balance,6,3,3
7233,Svantte,stormreaver,288,druid,balance,6,3,3
7234,Исканет,gordunni,288,druid,balance,6,3,3
7235,Bäckey,silvermoon,288,druid,balance,6,3,3
7236,Rêdx,archimonde,288,druid,balance,6,3,3
7237,Quinteness,silvermoon,288,druid,balance,6,3,3
7238,Smashella,pozzo-delleternità,288,druid,balance,6,3,3
7239,Kamatea,eredar,288,druid,balance,6,3,3
7240,Вооми,gordunni,288,druid,balance,6,3,3
7241,Sweqt,argent-dawn,288,druid,balance,6,3,3
7242,Ahylles,antonidas,288,druid,balance,6,3,3
7243,Teldrastion,silvermoon,288,druid,balance,6,3,3
7244,Srkameltouss,sanguino,288,druid,balance,6,3,3
7245,Jirenthegrey,antonidas,288,druid,balance,6,3,3
7246,Yeats,blackmoore,288,druid,balance,6,3,3
7247,Leslra,agamaggan,288,druid,balance,6,3,3
7248,Helguard,silvermoon,288,druid,balance,6,3,3
7249,Àyóorts,archimonde,288,druid,balance,6,3,3
7250,Zagrem,antonidas,288,druid,balance,6,3,3
7251,Framoin,archimonde,288,druid,balance,6,3,3
7252,Зонкс,gordunni,288,druid,balance,6,3,3
7253,Barbulloup,hyjal,288,druid,balance,6,3,3
7254,Sucukk,antonidas,288,druid,balance,6,3,3
7255,Cáptnmorgan,blackmoore,288,druid,balance,6,3,3
7256,Junglelist,antonidas,288,druid,balance,6,3,3
7257,Лидир,blackscar,288,druid,balance,6,3,3
7258,Fayn,aggra-português,288,druid,balance,6,3,3
7259,Derie,nazjatar,288,druid,balance,6,3,3
7260,Блиденг,gordunni,288,druid,balance,6,3,3
7261,Катяблум,gordunni,288,druid,balance,6,3,3
7262,Дарзамат,blackscar,288,druid,balance,6,3,3
7263,Garbagemonky,amanthul,288,druid,balance,6,3,3
7264,Flower,aggramar,288,druid,balance,6,3,3
7265,Amakary,blackrock,288,druid,balance,6,3,3
7266,Vandalís,garrosh,288,druid,balance,6,3,3
7267,Coogee,malganis,288,druid,balance,6,3,3
7268,Asura,nozdormu,288,druid,balance,6,3,3
7269,Cryspie,hyjal,288,druid,balance,6,3,3
7270,Lechaource,silvermoon,288,druid,balance,6,3,3
7271,Bámbí,sylvanas,288,druid,balance,6,3,3
7272,Lærken,the-maelstrom,288,druid,balance,6,3,3
7273,Blietmachine,ravencrest,288,druid,balance,6,3,3
7274,Jac,blackhand,288,druid,balance,6,3,3
7275,Woodzey,sylvanas,288,druid,balance,6,3,3
7276,Rbg,dun-modr,288,druid,balance,6,3,3
7277,Аррерон,howling-fjord,288,druid,balance,6,3,3
7278,Pogoth,turalyon,288,druid,balance,6,3,3
7279,Tritit,marécage-de-zangar,288,druid,balance,6,3,3
7280,Halfback,blackhand,288,druid,balance,6,3,3
7281,Neincat,sylvanas,288,druid,balance,6,3,3
7282,Ilus,outland,288,druid,balance,6,3,3
7283,Druidat,kazzak,288,druid,balance,6,3,3
7284,Mirâculixx,dethecus,288,druid,balance,6,3,3
7285,Duhdudu,thrall,288,druid,balance,6,3,3
7286,Hordepwnr,sylvanas,288,druid,balance,6,3,3
7287,Byjiblznuk,kazzak,288,druid,balance,6,3,3
7288,Yezzir,defias-brotherhood,288,druid,balance,6,3,3
7289,Nareeik,tarren-mill,288,druid,balance,6,3,3
7290,Sparkex,ravencrest,288,druid,balance,6,3,3
7291,Djclonebot,kazzak,288,druid,balance,6,3,3
7292,Auden,arathor,288,druid,balance,6,3,3
7293,Veilath,tarren-mill,288,druid,balance,6,3,3
7294,Kooglaash,kazzak,288,druid,balance,6,3,3
7295,Xqzmybleedz,onyxia,288,druid,balance,6,3,3
7296,Fishe,twisting-nether,288,druid,balance,6,3,3
7297,Ciwone,blackrock,288,druid,balance,6,3,3
7298,Siuo,ravencrest,288,druid,balance,6,3,3
7299,Måckïngsx,the-maelstrom,288,druid,balance,6,3,3
7300,Seey,thrall,288,druid,balance,6,3,3
7301,Testopöllö,ravencrest,288,druid,balance,6,3,3
7302,Dabulla,kazzak,288,druid,balance,6,3,3
7303,Lushe,kazzak,288,druid,balance,6,3,3
7304,Motry,tarren-mill,288,druid,balance,6,3,3
7305,Magnusson,shadowsong,288,druid,balance,6,3,3
7306,Furíouz,darksorrow,288,druid,balance,9,4,5
7307,Bootydrooty,thrall,288,druid,balance,9,3,6
7308,Аматэррасу,blackscar,288,druid,balance,12,3,9
7309,Segundø,archimonde,288,druid,balance,12,3,9
7310,Groncowski,blackmoore,288,druid,balance,12,3,9
7311,Tayswiftmend,defias-brotherhood,288,druid,balance,12,3,9
7312,Kivu,blackrock,288,druid,balance,12,3,9
7313,Brujo,azjolnerub,288,druid,balance,12,3,9
7314,Loverace,dun-modr,288,druid,balance,12,3,9
7315,Thaneo,blackmoore,288,druid,balance,12,3,9
7316,Baracüda,draenor,288,druid,balance,12,3,9
7317,Chavinelf,twisting-nether,288,druid,balance,12,3,9
7318,Crywingz,antonidas,288,druid,balance,12,3,9
7319,Astralcaller,kazzak,288,druid,balance,12,3,9
7320,Wardruíd,outland,288,druid,balance,12,3,9
7321,Enolcyc,frostmane,288,druid,balance,12,3,9
7322,Kidow,wrathbringer,288,druid,balance,12,3,9
7323,Toffyfee,anetheron,287,druid,balance,6,3,3
7324,Bigcappa,ahnqiraj,287,druid,balance,6,3,3
7325,Lindémann,blackhand,287,druid,balance,6,3,3
7326,Walkao,tarren-mill,287,druid,balance,6,3,3
7327,Dasgrandeur,kazzak,287,druid,balance,6,3,3
7328,Jhiun,ragnaros,256,druid,balance,4,4,0
7329,Vaea,hyjal,255,druid,balance,14,4,10
7330,Bóssít,doomhammer,255,druid,balance,11,3,8
7331,Chispiwini,cthun,239,druid,balance,5,3,2
7332,Sinyi,arathor,239,druid,balance,11,3,8
7333,Melábufes,dun-modr,208,druid,balance,7,3,4
7334,Euphoríax,ravencrest,192,druid,balance,4,3,1
7335,Qoatazinha,malganis,192,druid,balance,4,3,1
7336,Lïlara,elune,192,druid,balance,6,2,4
7337,Saliencias,kazzak,192,druid,balance,6,2,4
7338,Endoth,blackrock,192,druid,balance,6,2,4
7339,Zuldram,uldaman,192,druid,balance,6,2,4
7340,Rústy,baelgun,192,druid,balance,6,2,4
7341,Снэйк,borean-tundra,192,druid,balance,6,2,4
7342,Jimmyxdd,kazzak,192,druid,balance,6,2,4
7343,Kaamirach,blackmoore,192,druid,balance,6,2,4
7344,Уличныйиисус,azuregos,192,druid,balance,6,2,4
7345,Fiberpäls,magtheridon,192,druid,balance,6,2,4
7346,Hâyâbusa,antonidas,192,druid,balance,6,2,4
7347,Akiíra,twisting-nether,192,druid,balance,6,2,4
7348,Borne,aggra-português,192,druid,balance,6,2,4
7349,Bidochonne,ravencrest,192,druid,balance,6,2,4
7350,Wykked,outland,192,druid,balance,6,2,4
7351,Versality,lightnings-blade,192,druid,balance,6,2,4
7352,Старселлер,gordunni,192,druid,balance,6,2,4
7353,Chupapoya,pozzo-delleternità,192,druid,balance,6,2,4
7354,Canezmvp,blackrock,192,druid,balance,6,2,4
7355,Jaffacakeqt,draenor,192,druid,balance,6,2,4
7356,Nilatsfloda,quelthalas,192,druid,balance,6,2,4
7357,Друнуар,gordunni,192,druid,balance,6,2,4
7358,Duckiethotx,twisting-nether,192,druid,balance,6,2,4
7359,Harrasmoes,ravencrest,192,druid,balance,6,2,4
7360,Erkerkerk,twisting-nether,192,druid,balance,6,2,4
7361,Thruf,nemesis,192,druid,balance,6,2,4
7362,Энокей,gordunni,192,druid,balance,6,2,4
7363,Fanboij,kazzak,192,druid,balance,6,2,4
7364,Ipossible,kazzak,192,druid,balance,6,2,4
7365,Nëko,chamber-of-aspects,192,druid,balance,6,2,4
7366,Blackdrd,archimonde,192,druid,balance,6,2,4
7367,Tadoson,blackmoore,192,druid,balance,6,2,4
7368,Дробовик,soulflayer,192,druid,balance,6,2,4
7369,Катали,soulflayer,192,druid,balance,6,2,4
7370,Nolak,frostwolf,192,druid,balance,6,2,4
7371,Gnoobr,ravencrest,192,druid,balance,6,2,4
7372,Paulskinbak,tarren-mill,192,druid,balance,6,2,4
7373,Tamburoo,tarren-mill,192,druid,balance,6,2,4
7374,Zolduran,archimonde,192,druid,balance,6,2,4
7375,Луноэльф,gordunni,192,druid,balance,6,2,4
7376,Kasiopee,hyjal,192,druid,balance,6,2,4
7377,Héryse,hyjal,192,druid,balance,6,2,4
7378,Leliaen,sylvanas,192,druid,balance,6,2,4
7379,Chzycow,twisting-nether,192,druid,balance,6,2,4
7380,Pawnamera,norgannon,192,druid,balance,6,2,4
7381,Twodaysordie,ravencrest,192,druid,balance,6,2,4
7382,Luveena,kazzak,192,druid,balance,6,2,4
7383,Noou,aegwynn,192,druid,balance,6,2,4
7384,Baccon,ravencrest,192,druid,balance,6,2,4
7385,Маалир,gordunni,192,druid,balance,6,2,4
7386,Wheyproteín,dun-modr,192,druid,balance,6,2,4
7387,Коктявзер,deathweaver,192,druid,balance,6,2,4
7388,Kheluna,the-maelstrom,192,druid,balance,6,2,4
7389,Meatus,ragnaros,192,druid,balance,6,2,4
7390,Spidete,sanguino,192,druid,balance,6,2,4
7391,Tranduiil,drakthul,192,druid,balance,6,2,4
7392,Tallbutshort,stormscale,192,druid,balance,6,2,4
7393,Kwenden,arygos,192,druid,balance,6,2,4
7394,Druidbox,ravencrest,192,druid,balance,6,2,4
7395,Kotkacy,silvermoon,192,druid,balance,6,2,4
7396,Emidrem,ravencrest,192,druid,balance,6,2,4
7397,Hotributionx,ravencrest,192,druid,balance,6,2,4
7398,Димитруа,howling-fjord,192,druid,balance,6,2,4
7399,Dresten,burning-blade,192,druid,balance,6,2,4
7400,Filderah,doomhammer,192,druid,balance,6,2,4
7401,Maxiturbogay,stormscale,192,druid,balance,6,2,4
7402,Trueforms,ravencrest,192,druid,balance,6,2,4
7403,Halfaway,ravencrest,192,druid,balance,6,2,4
7404,Chickenboss,sanguino,192,druid,balance,6,2,4
7405,Blacksage,dragonmaw,192,druid,balance,6,2,4
7406,Rootbeamftw,ravencrest,192,druid,balance,6,2,4
7407,Sorkoxd,silvermoon,192,druid,balance,6,2,4
7408,Epidruid,stormrage,192,druid,balance,6,2,4
7409,Gurranq,argent-dawn,192,druid,balance,11,3,8
7410,Sodniss,aggra-português,192,druid,balance,8,2,6
7411,Aceeu,dalaran,192,druid,balance,9,2,7
7412,Trækvinden,ravencrest,192,druid,balance,12,2,10
7413,Nctmé,tarren-mill,192,druid,balance,12,2,10
7414,Leekroom,forscherliga,192,druid,balance,12,2,10
7415,Fallingmoon,ravencrest,192,druid,balance,12,2,10
7416,Broasted,stormscale,192,druid,balance,12,2,10
7417,Shapeshiptur,argent-dawn,192,druid,balance,12,2,10
7418,Darksthero,draenor,192,druid,balance,12,2,10
7419,Catbear,kazzak,191,druid,balance,6,2,4
7420,Millworgen,norgannon,191,druid,balance,6,2,4
7421,Sumbahe,blackrock,191,druid,balance,6,2,4
7422,Wuki,conseil-des-ombres,191,druid,balance,6,2,4
7423,Silvacustos,teldrassil,191,druid,balance,12,2,10
7424,Arrock,malfurion,191,druid,balance,12,2,10
7425,Drix,frostwolf,175,druid,balance,11,2,9
7426,Vendeqt,aegwynn,159,druid,balance,5,2,3
7427,Иосси,soulflayer,138,druid,balance,9,5,4
7428,Покусаютебя,gordunni,138,druid,balance,10,3,7
7429,Tekilaz,sanguino,128,druid,balance,4,2,2
7430,Ligoz,silvermoon,96,druid,balance,3,2,1
7431,Ischumekcid,anubarak,96,druid,balance,3,2,1
7432,Disclaimed,twisting-nether,96,druid,balance,3,2,1
7433,Сверххищникк,soulflayer,96,druid,balance,6,1,5
7434,Reyk,sunstrider,96,druid,balance,6,1,5
7435,Lemónde,outland,96,druid,balance,6,1,5
7436,Druidja,sylvanas,96,druid,balance,6,1,5
7437,Siahra,khaz-modan,96,druid,balance,6,1,5
7438,Lilkâzzam,blackrock,96,druid,balance,6,1,5
7439,Tykè,outland,96,druid,balance,6,1,5
7440,Cattdamon,outland,96,druid,balance,6,1,5
7441,Bellatrx,darksorrow,96,druid,balance,6,1,5
7442,Variolus,dun-modr,96,druid,balance,6,1,5
7443,Panigale,dun-modr,96,druid,balance,6,1,5
7444,Tigerbalm,ravenholdt,96,druid,balance,6,1,5
7445,Ösdru,tarren-mill,96,druid,balance,6,1,5
7446,Summër,los-errantes,96,druid,balance,6,1,5
7447,Devióus,twilights-hammer,96,druid,balance,6,1,5
7448,Brownny,dun-modr,96,druid,balance,6,1,5
7449,Zaerox,ambossar,96,druid,balance,6,1,5
7450,Tàazz,sargeras,96,druid,balance,6,1,5
7451,Miyá,sylvanas,96,druid,balance,6,1,5
7452,Ayven,kazzak,96,druid,balance,6,1,5
7453,Garudax,blackrock,96,druid,balance,6,1,5
7454,Druidlaba,drakthul,96,druid,balance,6,1,5
7455,Nermax,kazzak,96,druid,balance,6,1,5
7456,Арбузир,howling-fjord,96,druid,balance,6,1,5
7457,Tortugo,dun-modr,96,druid,balance,6,1,5
7458,Asrais,dun-modr,96,druid,balance,6,1,5
7459,Nayemi,blackmoore,96,druid,balance,6,1,5
7460,Маминапуська,soulflayer,96,druid,balance,6,1,5
7461,Spielmann,ravencrest,96,druid,balance,6,1,5
7462,Wolfverine,dentarg,96,druid,balance,6,1,5
7463,Herekitykity,frostmane,96,druid,balance,6,1,5
7464,Kaira,kazzak,96,druid,balance,6,1,5
7465,Samuelito,ravencrest,96,druid,balance,6,1,5
7466,Ãnimal,argent-dawn,96,druid,balance,6,1,5
7467,Hotseîdank,blackrock,96,druid,balance,6,1,5
7468,Eredhion,stormscale,96,druid,balance,6,1,5
7469,Yööi,nemesis,96,druid,balance,6,1,5
7470,Ipsdray,ysondre,96,druid,balance,6,1,5
7471,Xwerzz,stormscale,96,druid,balance,6,1,5
7472,Whelpss,archimonde,96,druid,balance,6,1,5
7473,Razah,ravencrest,96,druid,balance,6,1,5
7474,Blazor,eredar,96,druid,balance,6,1,5
7475,Stuntgirlcat,pozzo-delleternità,96,druid,balance,6,1,5
7476,Scarykejton,draenor,96,druid,balance,6,1,5
7477,Ghxsty,silvermoon,96,druid,balance,6,1,5
7478,Arún,nazjatar,96,druid,balance,6,1,5
7479,Ghostdoggie,stormscale,96,druid,balance,6,1,5
7480,Yosimoo,draenor,96,druid,balance,6,1,5
7481,Liegremmah,blackmoore,96,druid,balance,6,1,5
7482,Plankface,ravencrest,96,druid,balance,13,2,11
7483,Mondino,blackrock,96,druid,balance,12,1,11
7484,Negríno,cthun,95,druid,balance,3,2,1
7485,Revoidý,blackmoore,79,druid,balance,5,1,4
7486,Qb,blackrock,79,druid,balance,5,1,4
7487,Mûcke,kazzak,79,druid,balance,5,1,4
7488,Kodobursto,stormscale,79,druid,balance,6,1,5
7489,Ушастикэ,gordunni,64,druid,balance,4,1,3
7490,Makoes,tarren-mill,63,druid,balance,2,2,0
7491,Madschinken,malganis,42,druid,balance,8,2,6
7492,Melonjuicer,argent-dawn,42,druid,balance,9,2,7
7493,Tiemyrôpe,outland,31,druid,balance,2,1,1
7494,Nalreaa,kazzak,31,druid,balance,8,1,7
7495,Báttlx,blackrock,16,druid,balance,7,1,6
7496,Kankethyr,korgall,2241,evoker,preservation,107,64,43
7497,Гачитварь,galakrond,2194,evoker,preservation,245,126,119
7498,Nesedon,stormscale,2170,evoker,preservation,239,127,112
7499,Bodytypezero,terenas,2169,evoker,preservation,110,62,48
7500,Zychodrac,draenor,2145,evoker,preservation,148,74,74
7501,Néthy,argent-dawn,2131,evoker,preservation,108,60,48
7502,Бедныйгрузин,howling-fjord,2125,evoker,preservation,66,39,27
7503,Sukkmymadnes,draenor,2120,evoker,preservation,79,39,40
7504,Dn,shattered-hand,2111,evoker,preservation,89,46,43
7505,Haxyia,outland,2083,evoker,preservation,120,63,57
7506,Nerfevøker,ragnaros,2063,evoker,preservation,70,38,32
7507,Dragonsweat,hyjal,2007,evoker,preservation,108,57,51
7508,Sinéstrà,antonidas,2005,evoker,preservation,216,111,105
7509,Gardennewt,ravencrest,2001,evoker,preservation,78,39,39
7510,Kronata,sanguino,2000,evoker,preservation,84,36,48
7511,Ripgódx,bronzebeard,1994,evoker,preservation,305,163,142
7512,Drogon,shendralar,1992,evoker,preservation,84,48,36
7513,Xays,ravencrest,1987,evoker,preservation,100,50,50
7514,Theories,blackhand,1977,evoker,preservation,110,54,56
7515,Puzikloh,ravencrest,1973,evoker,preservation,42,23,19
7516,Smellybreath,ravencrest,1961,evoker,preservation,48,27,21
7517,Amadeusx,ravencrest,1960,evoker,preservation,84,45,39
7518,Шафлэнжоер,fordragon,1958,evoker,preservation,30,22,8
7519,Dizablise,burning-legion,1954,evoker,preservation,59,33,26
7520,Onelastdance,ravencrest,1922,evoker,preservation,71,61,10
7521,Rvrsl,outland,1916,evoker,preservation,96,48,48
7522,Waifuwu,blackhand,1900,evoker,preservation,175,85,90
7523,Humòngóus,kazzak,1897,evoker,preservation,42,23,19
7524,Lazey,stormscale,1891,evoker,preservation,54,30,24
7525,Huxleysroar,draenor,1888,evoker,preservation,54,26,28
7526,Ðåñîq,kazzak,1888,evoker,preservation,89,38,51
7527,Phnx,blackrock,1886,evoker,preservation,246,125,121
7528,Matrixslave,tarren-mill,1875,evoker,preservation,81,46,35
7529,Vokedrak,eredar,1875,evoker,preservation,66,32,34
7530,Jamesdéan,twisting-nether,1868,evoker,preservation,54,37,17
7531,Ноубадиаттак,soulflayer,1867,evoker,preservation,90,39,51
7532,Ipho,twisting-nether,1856,evoker,preservation,100,45,55
7533,Bodytypefour,stormscale,1854,evoker,preservation,66,28,38
7534,Dragondaddy,eredar,1853,evoker,preservation,66,35,31
7535,Zimbello,nemesis,1849,evoker,preservation,54,34,20
7536,Podonok,ravencrest,1849,evoker,preservation,72,36,36
7537,Myshagini,ravencrest,1846,evoker,preservation,45,27,18
7538,Æzorahai,area-52,1845,evoker,preservation,72,33,39
7539,Сансетшторм,gordunni,1841,evoker,preservation,52,27,25
7540,Bümber,stormscale,1835,evoker,preservation,129,64,65
7541,Yulinex,argent-dawn,1833,evoker,preservation,160,92,68
7542,Lurkî,blackhand,1831,evoker,preservation,101,49,52
7543,Healevoker,aegwynn,1819,evoker,preservation,129,61,68
7544,Jakelóng,ravencrest,1818,evoker,preservation,52,25,27
7545,Smâûg,silvermoon,1812,evoker,preservation,48,27,21
7546,Mixn,argent-dawn,1812,evoker,preservation,93,41,52
7547,Gneltharion,draenor,1811,evoker,preservation,68,31,37
7548,Infidus,ravencrest,1810,evoker,preservation,145,82,63
7549,Puffthemagic,archimonde,1810,evoker,preservation,60,28,32
7550,Dragonmeta,kazzak,1808,evoker,preservation,36,19,17
7551,Dreamwalk,archimonde,1806,evoker,preservation,24,19,5
7552,Wakûwakû,kazzak,1805,evoker,preservation,135,72,63
7553,Evokis,tarren-mill,1804,evoker,preservation,71,40,31
7554,Cptdrakon,twisting-nether,1802,evoker,preservation,77,43,34
7555,Lerrastrasza,zirkel-des-cenarius,1802,evoker,preservation,48,24,24
7556,Drakela,frostwhisper,1801,evoker,preservation,36,22,14
7557,Talim,terrordar,1800,evoker,preservation,78,37,41
7558,Seafolk,stormscale,1790,evoker,preservation,176,94,82
7559,Лабирон,blackscar,1789,evoker,preservation,54,24,30
7560,Titnoute,archimonde,1778,evoker,preservation,48,19,29
7561,Baiyuekui,blackmoore,1776,evoker,preservation,363,179,184
7562,Swainsupp,archimonde,1776,evoker,preservation,42,19,23
7563,Justyowxs,archimonde,1771,evoker,preservation,67,38,29
7564,Антошадф,gordunni,1760,evoker,preservation,54,29,25
7565,Froststraza,chamber-of-aspects,1758,evoker,preservation,54,27,27
7566,Asyncgosa,ravencrest,1749,evoker,preservation,60,25,35
7567,Najikí,tarren-mill,1748,evoker,preservation,54,27,27
7568,Kalevra,eredar,1737,evoker,preservation,105,56,49
7569,Ezinice,hyjal,1726,evoker,preservation,64,30,34
7570,Camdaddy,magtheridon,1715,evoker,preservation,117,60,57
7571,Трейш,soulflayer,1714,evoker,preservation,72,29,43
7572,Bugdul,twisting-nether,1713,evoker,preservation,74,46,28
7573,Даэдра,gordunni,1712,evoker,preservation,186,94,92
7574,Ранкондракон,lich-king,1712,evoker,preservation,95,42,53
7575,Novvae,hyjal,1704,evoker,preservation,60,32,28
7576,Themasktw,kazzak,1702,evoker,preservation,58,25,33
7577,Nyghtx,sanguino,1698,evoker,preservation,100,45,55
7578,Detdragetid,zenedar,1696,evoker,preservation,90,37,53
7579,Tombeelee,kazzak,1687,evoker,preservation,36,21,15
7580,Nivoker,kazzak,1687,evoker,preservation,51,24,27
7581,Evoxter,twisting-nether,1686,evoker,preservation,36,26,10
7582,Béatér,aegwynn,1686,evoker,preservation,42,21,21
7583,Alusiedrake,ravencrest,1685,evoker,preservation,242,131,111
7584,Ramfurry,kazzak,1684,evoker,preservation,55,24,31
7585,Phyrrax,silvermoon,1678,evoker,preservation,30,18,12
7586,Nakavoker,arygos,1676,evoker,preservation,46,18,28
7587,Sính,ravencrest,1673,evoker,preservation,36,22,14
7588,Häröpallo,stormscale,1669,evoker,preservation,75,44,31
7589,Malboroasted,archimonde,1665,evoker,preservation,48,25,23
7590,Драконсила,gordunni,1663,evoker,preservation,41,21,20
7591,Eryot,aggra-português,1660,evoker,preservation,54,25,29
7592,Setraxia,argent-dawn,1654,evoker,preservation,83,53,30
7593,Branados,argent-dawn,1650,evoker,preservation,30,18,12
7594,Штеци,howling-fjord,1650,evoker,preservation,307,150,157
7595,Roth,stormreaver,1645,evoker,preservation,196,98,98
7596,Devidra,defias-brotherhood,1645,evoker,preservation,111,47,64
7597,Аскми,blackscar,1642,evoker,preservation,84,35,49
7598,Âspên,archimonde,1639,evoker,preservation,51,24,27
7599,Websensation,twisting-nether,1637,evoker,preservation,54,21,33
7600,Nahfr,terenas,1633,evoker,preservation,49,23,26
7601,Shroudflight,draenor,1632,evoker,preservation,54,23,31
7602,Rüllatorsven,stormscale,1631,evoker,preservation,36,21,15
7603,Тирэсплюс,soulflayer,1630,evoker,preservation,30,17,13
7604,Kaipha,ravencrest,1630,evoker,preservation,59,29,30
7605,Bònéz,blackmoore,1629,evoker,preservation,101,48,53
7606,Kackaloch,tarren-mill,1625,evoker,preservation,69,37,32
7607,Dwagonzuv,the-maelstrom,1624,evoker,preservation,60,36,24
7608,Aeste,dun-modr,1624,evoker,preservation,42,23,19
7609,Methamfetami,kazzak,1619,evoker,preservation,72,40,32
7610,Mixoö,throkferoth,1619,evoker,preservation,60,28,32
7611,Akaos,silvermoon,1613,evoker,preservation,38,20,18
7612,Blueaizu,draenor,1612,evoker,preservation,137,78,59
7613,Адоннис,gordunni,1611,evoker,preservation,30,17,13
7614,Scarydragôn,draenor,1610,evoker,preservation,128,75,53
7615,Thèrèse,hyjal,1607,evoker,preservation,36,17,19
7616,Hjucen,twisting-nether,1603,evoker,preservation,90,49,41
7617,Потныйдракон,soulflayer,1603,evoker,preservation,42,20,22
7618,Gardenewt,ravencrest,1602,evoker,preservation,36,19,17
7619,Пидрактир,soulflayer,1602,evoker,preservation,48,23,25
7620,Castytopg,blackrock,1602,evoker,preservation,36,17,19
7621,Bråckie,draenor,1600,evoker,preservation,84,49,35
7622,Malowux,outland,1600,evoker,preservation,36,19,17
7623,Dragnthsnuts,sylvanas,1590,evoker,preservation,50,26,24
7624,Ystarblaze,tarren-mill,1590,evoker,preservation,57,26,31
7625,Эндемический,soulflayer,1582,evoker,preservation,48,21,27
7626,Хронолиса,blackscar,1580,evoker,preservation,186,91,95
7627,Crocodeal,ysondre,1579,evoker,preservation,42,23,19
7628,Ятромантис,gordunni,1576,evoker,preservation,406,210,196
7629,Nahkiainen,darksorrow,1569,evoker,preservation,42,19,23
7630,Kuramir,twisting-nether,1560,evoker,preservation,54,27,27
7631,Eidachsal,antonidas,1558,evoker,preservation,66,24,42
7632,Lytër,sanguino,1555,evoker,preservation,141,75,66
7633,Vydrag,der-rat-von-dalaran,1553,evoker,preservation,29,17,12
7634,Fearawr,malganis,1552,evoker,preservation,63,22,41
7635,Бадикабаер,thermaplugg,1549,evoker,preservation,165,88,77
7636,Fiiery,deathwing,1544,evoker,preservation,56,31,25
7637,Zenvoker,silvermoon,1543,evoker,preservation,101,51,50
7638,Vimoker,trollbane,1543,evoker,preservation,72,35,37
7639,Kitoed,aegwynn,1541,evoker,preservation,36,22,14
7640,Odensbest,silvermoon,1539,evoker,preservation,73,43,30
7641,Antiflexx,ragnaros,1537,evoker,preservation,66,30,36
7642,Valkroth,argent-dawn,1537,evoker,preservation,137,61,76
7643,Нежныйболт,howling-fjord,1536,evoker,preservation,134,68,66
7644,Torae,burning-legion,1535,evoker,preservation,48,23,25
7645,Dârys,kazzak,1531,evoker,preservation,36,16,20
7646,Nekrosdrake,tarren-mill,1529,evoker,preservation,48,24,24
7647,Maxthecar,draenor,1526,evoker,preservation,89,54,35
7648,Kirivoker,dun-modr,1526,evoker,preservation,65,31,34
7649,Kharduk,outland,1525,evoker,preservation,40,19,21
7650,Dragarius,tarren-mill,1521,evoker,preservation,42,16,26
7651,Keñwøød,ysondre,1520,evoker,preservation,30,16,14
7652,Sinistrea,conseil-des-ombres,1514,evoker,preservation,81,47,34
7653,Omac,sylvanas,1510,evoker,preservation,30,16,14
7654,Дарконикс,gordunni,1508,evoker,preservation,98,44,54
7655,Drageye,tarren-mill,1497,evoker,preservation,54,34,20
7656,Tenibris,die-nachtwache,1491,evoker,preservation,143,67,76
7657,Féféledragon,archimonde,1491,evoker,preservation,44,18,26
7658,Tobbebakar,silvermoon,1490,evoker,preservation,48,22,26
7659,Luderx,outland,1489,evoker,preservation,66,38,28
7660,Polzeig,dentarg,1487,evoker,preservation,45,19,26
7661,Lazurius,ravencrest,1485,evoker,preservation,66,26,40
7662,Rgedrake,blackrock,1482,evoker,preservation,28,18,10
7663,Ацидракон,blackscar,1481,evoker,preservation,83,35,48
7664,Sakade,archimonde,1480,evoker,preservation,40,18,22
7665,Ámenó,stormscale,1476,evoker,preservation,48,25,23
7666,Indragon,blackmoore,1471,evoker,preservation,63,29,34
7667,Obbwoke,ravencrest,1471,evoker,preservation,90,37,53
7668,Oldwhiteman,guldan,1465,evoker,preservation,52,25,27
7669,Eagleflow,aszune,1458,evoker,preservation,43,20,23
7670,Fubukinoryuu,frostwolf,1455,evoker,preservation,64,37,27
7671,Madelynxoxo,draenor,1450,evoker,preservation,30,25,5
7672,Dragoncya,archimonde,1447,evoker,preservation,72,33,39
7673,Bigaluga,blackmoore,1446,evoker,preservation,54,22,32
7674,Condrage,grim-batol,1445,evoker,preservation,42,22,20
7675,Шкуроносец,gordunni,1442,evoker,preservation,36,20,16
7676,Dazaar,kazzak,1435,evoker,preservation,30,21,9
7677,Spiragon,ysondre,1434,evoker,preservation,72,37,35
7678,Wernøker,archimonde,1431,evoker,preservation,36,15,21
7679,Sedricae,twisting-nether,1429,evoker,preservation,131,67,64
7680,Dokkàmxk,archimonde,1429,evoker,preservation,36,15,21
7681,Nexxà,archimonde,1425,evoker,preservation,51,36,15
7682,Орехдракона,gordunni,1418,evoker,preservation,30,16,14
7683,Yeatsa,blackmoore,1417,evoker,preservation,24,15,9
7684,Omnipøtens,silvermoon,1416,evoker,preservation,36,23,13
7685,Th,stormscale,1415,evoker,preservation,48,32,16
7686,Beefwing,xavius,1413,evoker,preservation,36,16,20
7687,Lichbõrne,outland,1411,evoker,preservation,42,18,24
7688,Skypov,sylvanas,1410,evoker,preservation,29,17,12
7689,Dragio,blackrock,1410,evoker,preservation,42,23,19
7690,Nanthira,darksorrow,1410,evoker,preservation,74,33,41
7691,Evizard,nagrand,1407,evoker,preservation,53,30,23
7692,Dracanus,bronze-dragonflight,1405,evoker,preservation,42,22,20
7693,Evoketing,tarren-mill,1396,evoker,preservation,24,15,9
7694,Loveheart,die-aldor,1396,evoker,preservation,82,37,45
7695,Scalo,kazzak,1394,evoker,preservation,125,63,62
7696,Динамика,borean-tundra,1391,evoker,preservation,33,17,16
7697,Cragheart,ravencrest,1391,evoker,preservation,60,28,32
7698,Nadoney,hyjal,1389,evoker,preservation,67,42,25
7699,Ammendorn,blackrock,1384,evoker,preservation,46,27,19
7700,Azorgaron,outland,1383,evoker,preservation,60,26,34
7701,Asraestrasz,silvermoon,1380,evoker,preservation,38,24,14
7702,Jamiewing,ravencrest,1380,evoker,preservation,42,25,17
7703,Mortlalune,conseil-des-ombres,1371,evoker,preservation,136,74,62
7704,Badrig,silvermoon,1365,evoker,preservation,134,65,69
7705,Xiomarita,frostmane,1356,evoker,preservation,42,23,19
7706,Matysniak,burning-legion,1355,evoker,preservation,51,24,27
7707,Scalie,ravencrest,1353,evoker,preservation,54,31,23
7708,Sarapakara,burning-blade,1351,evoker,preservation,36,18,18
7709,Liliwood,ravencrest,1349,evoker,preservation,82,38,44
7710,Aêro,malganis,1349,evoker,preservation,38,17,21
7711,Evokazoran,dentarg,1349,evoker,preservation,78,27,51
7712,Choubalo,archimonde,1348,evoker,preservation,60,33,27
7713,Cinquanteuro,hyjal,1347,evoker,preservation,101,45,56
7714,Rescuegirl,blackrock,1345,evoker,preservation,99,50,49
7715,Varkoth,nemesis,1345,evoker,preservation,84,41,43
7716,Breall,tarren-mill,1345,evoker,preservation,230,108,122
7717,Pelington,silvermoon,1343,evoker,preservation,41,19,22
7718,Didii,frostwhisper,1343,evoker,preservation,129,59,70
7719,Cenca,blackmoore,1342,evoker,preservation,162,79,83
7720,Adriia,draenor,1341,evoker,preservation,18,14,4
7721,Drarent,hyjal,1340,evoker,preservation,54,24,30
7722,Profdrake,zuluhed,1337,evoker,preservation,24,14,10
7723,Thyrke,aegwynn,1334,evoker,preservation,53,28,25
7724,Thellon,frostwolf,1329,evoker,preservation,65,34,31
7725,Gissthebuzzy,dun-modr,1326,evoker,preservation,42,24,18
7726,Tarecgosa,sanguino,1325,evoker,preservation,126,53,73
7727,Smrdimipytel,drakthul,1323,evoker,preservation,40,15,25
7728,Sorextrazy,twisting-nether,1318,evoker,preservation,64,27,37
7729,Uroegevoker,twisting-nether,1316,evoker,preservation,68,36,32
7730,Saga,aegwynn,1310,evoker,preservation,143,70,73
7731,Nagimurr,kazzak,1308,evoker,preservation,69,39,30
7732,Xerragon,ravencrest,1306,evoker,preservation,60,20,40
7733,Fredgobrr,tarren-mill,1305,evoker,preservation,102,62,40
7734,Whitelizzard,tarren-mill,1305,evoker,preservation,42,24,18
7735,Wrcdragon,drakthul,1303,evoker,preservation,66,28,38
7736,Geckonen,stormreaver,1299,evoker,preservation,111,61,50
7737,Nonolildrake,ysondre,1297,evoker,preservation,82,46,36
7738,Vahamut,argent-dawn,1297,evoker,preservation,42,22,20
7739,Ludracy,antonidas,1294,evoker,preservation,77,41,36
7740,Nazalath,eonar,1290,evoker,preservation,36,17,19
7741,Aphelïon,dun-modr,1290,evoker,preservation,83,38,45
7742,Flygfjås,stormscale,1288,evoker,preservation,57,28,29
7743,Discodidling,silvermoon,1287,evoker,preservation,63,32,31
7744,Malfø,exodar,1282,evoker,preservation,115,58,57
7745,Draxaer,outland,1278,evoker,preservation,116,60,56
7746,Superflyy,kazzak,1278,evoker,preservation,110,42,68
7747,Lynastrasza,silvermoon,1274,evoker,preservation,147,78,69
7748,Dragonerr,kiljaeden,1273,evoker,preservation,36,20,16
7749,Vaermithor,tarren-mill,1270,evoker,preservation,59,33,26
7750,Vyron,amanthul,1270,evoker,preservation,46,19,27
7751,Drackheal,kaelthas,1269,evoker,preservation,35,21,14
7752,Thundermifln,nemesis,1266,evoker,preservation,48,26,22
7753,Howtodragon,twisting-nether,1262,evoker,preservation,48,26,22
7754,Asinitaris,ravencrest,1259,evoker,preservation,59,31,28
7755,Nagoli,silvermoon,1250,evoker,preservation,55,26,29
7756,Dinotron,uldaman,1249,evoker,preservation,54,27,27
7757,Драгоблуд,soulflayer,1249,evoker,preservation,42,20,22
7758,Jkdrage,stormscale,1247,evoker,preservation,24,13,11
7759,Chasxstrasza,ravencrest,1247,evoker,preservation,36,13,23
7760,Патриотика,howling-fjord,1244,evoker,preservation,95,45,50
7761,Crottedezen,archimonde,1243,evoker,preservation,30,13,17
7762,Apaçi,ravencrest,1243,evoker,preservation,51,19,32
7763,Chronowalker,ragnaros,1242,evoker,preservation,24,13,11
7764,Ithijin,blackmoore,1241,evoker,preservation,59,27,32
7765,Kymura,archimonde,1239,evoker,preservation,30,13,17
7766,Тектрис,howling-fjord,1238,evoker,preservation,126,58,68
7767,Jimmytrivet,archimonde,1237,evoker,preservation,45,20,25
7768,Scarlexo,ravencrest,1237,evoker,preservation,35,14,21
7769,Navilism,kazzak,1234,evoker,preservation,251,131,120
7770,Beenus,doomhammer,1228,evoker,preservation,36,24,12
7771,Âbs,archimonde,1227,evoker,preservation,99,41,58
7772,Stjáuni,ravencrest,1219,evoker,preservation,58,29,29
7773,Мвпгуччи,blackscar,1219,evoker,preservation,36,13,23
7774,Hyggëê,sanguino,1218,evoker,preservation,36,14,22
7775,Shnptyr,ragnaros,1215,evoker,preservation,42,22,20
7776,Lojinevo,twisting-nether,1215,evoker,preservation,95,43,52
7777,Ruinastrasza,silvermoon,1212,evoker,preservation,24,13,11
7778,Varaug,veklor,1211,evoker,preservation,40,25,15
7779,Groovyy,hyjal,1204,evoker,preservation,48,30,18
7780,Muccavok,stormrage,1204,evoker,preservation,42,23,19
7781,Amaterãsu,kazzak,1204,evoker,preservation,49,24,25
7782,Erhvoker,veknilash,1199,evoker,preservation,111,47,64
7783,Lynt,burning-blade,1198,evoker,preservation,48,23,25
7784,Yeetsera,thrall,1195,evoker,preservation,58,25,33
7785,Verithian,kazzak,1188,evoker,preservation,30,15,15
7786,Sibvoker,kazzak,1188,evoker,preservation,108,52,56
7787,Ohcaralho,outland,1188,evoker,preservation,39,16,23
7788,Uztfuzt,blackmoore,1185,evoker,preservation,44,29,15
7789,Evodorie,ravencrest,1182,evoker,preservation,20,13,7
7790,Belkavoker,zirkel-des-cenarius,1177,evoker,preservation,42,14,28
7791,Zethreus,silvermoon,1170,evoker,preservation,58,30,28
7792,Dayandnight,quelthalas,1170,evoker,preservation,60,28,32
7793,Aphi,frostwolf,1170,evoker,preservation,57,26,31
7794,Saucy,sanguino,1166,evoker,preservation,43,26,17
7795,Anso,sanguino,1164,evoker,preservation,53,26,27
7796,Tennin,thrall,1157,evoker,preservation,45,27,18
7797,Jmy,bloodhoof,1152,evoker,preservation,18,12,6
7798,Dracum,kazzak,1152,evoker,preservation,24,12,12
7799,Odiin,dun-modr,1151,evoker,preservation,21,13,8
7800,Mistrßroducr,stormreaver,1151,evoker,preservation,24,12,12
7801,Hehehihihaha,ravencrest,1151,evoker,preservation,24,12,12
7802,Siìre,thrall,1150,evoker,preservation,12,12,0
7803,Elleavo,tarren-mill,1149,evoker,preservation,30,12,18
7804,Natashtrasza,tarren-mill,1148,evoker,preservation,30,12,18
7805,Veryspikes,twisting-nether,1148,evoker,preservation,30,12,18
7806,Dragawn,grim-batol,1147,evoker,preservation,73,41,32
7807,Ladrieth,hyjal,1146,evoker,preservation,35,13,22
7808,Uwudyret,tarren-mill,1145,evoker,preservation,30,12,18
7809,Sinusiitiis,destromath,1142,evoker,preservation,18,12,6
7810,Ryujíin,kazzak,1139,evoker,preservation,23,12,11
7811,Nisiris,doomhammer,1139,evoker,preservation,58,29,29
7812,Голденджо,gordunni,1136,evoker,preservation,35,12,23
7813,Draevil,emerald-dream,1134,evoker,preservation,24,12,12
7814,Donns,frostmane,1125,evoker,preservation,22,13,9
7815,Adnoc,tarren-mill,1124,evoker,preservation,19,13,6
7816,Djolero,silvermoon,1122,evoker,preservation,54,25,29
7817,Jurrassic,defias-brotherhood,1119,evoker,preservation,33,20,13
7818,Drachenglas,antonidas,1112,evoker,preservation,30,13,17
7819,Алекстраса,blackscar,1097,evoker,preservation,30,16,14
7820,Dmn,defias-brotherhood,1097,evoker,preservation,54,24,30
7821,Saphirá,hyjal,1094,evoker,preservation,28,13,15
7822,Wingzy,chogall,1090,evoker,preservation,188,89,99
7823,Asgá,kazzak,1087,evoker,preservation,23,12,11
7824,Antistrasza,argent-dawn,1085,evoker,preservation,42,20,22
7825,Singe,nemesis,1081,evoker,preservation,48,12,36
7826,Drakeish,kazzak,1077,evoker,preservation,29,13,16
7827,Blackli,kazzak,1074,evoker,preservation,33,14,19
7828,Tsukiko,archimonde,1074,evoker,preservation,31,12,19
7829,Pikiscalez,bronzebeard,1072,evoker,preservation,24,12,12
7830,Kurger,twisting-nether,1062,evoker,preservation,53,18,35
7831,Lizardofoz,argent-dawn,1058,evoker,preservation,30,18,12
7832,Вискписк,soulflayer,1056,evoker,preservation,12,11,1
7833,Berlyvoke,stormscale,1056,evoker,preservation,18,11,7
7834,Kremost,sylvanas,1056,evoker,preservation,30,11,19
7835,Srache,frostwolf,1054,evoker,preservation,24,11,13
7836,Samidr,ravencrest,1054,evoker,preservation,30,11,19
7837,Bombrush,ragnaros,1052,evoker,preservation,27,15,12
7838,Alamostrasza,doomhammer,1052,evoker,preservation,24,11,13
7839,Darigo,ravencrest,1050,evoker,preservation,18,11,7
7840,Dragonsimp,archimonde,1047,evoker,preservation,18,11,7
7841,Уконэ,blackscar,1047,evoker,preservation,30,12,18
7842,Nynnaydoth,drakthul,1046,evoker,preservation,18,11,7
7843,Zeigrem,antonidas,1044,evoker,preservation,12,11,1
7844,Predatax,drakthul,1039,evoker,preservation,142,71,71
7845,Morlie,argent-dawn,1036,evoker,preservation,76,36,40
7846,Deadfyre,dun-modr,1034,evoker,preservation,24,13,11
7847,Rafale,the-maelstrom,1031,evoker,preservation,71,35,36
7848,Chrisú,thrall,1029,evoker,preservation,30,12,18
7849,Hios,twisting-nether,1028,evoker,preservation,18,13,5
7850,Athyrstria,blackmoore,1028,evoker,preservation,65,18,47
7851,Шадофдрагон,deathweaver,1027,evoker,preservation,36,24,12
7852,Zathîel,argent-dawn,1026,evoker,preservation,149,64,85
7853,Drazor,blackhand,1021,evoker,preservation,23,11,12
7854,Spirow,archimonde,1019,evoker,preservation,24,14,10
7855,Dreiwyn,kazzak,1017,evoker,preservation,18,12,6
7856,Offering,ravencrest,1015,evoker,preservation,30,11,19
7857,Viseron,zuljin,1010,evoker,preservation,75,25,50
7858,Jaje,nerathor,1006,evoker,preservation,23,11,12
7859,Chronicryder,draenor,1004,evoker,preservation,21,11,10
7860,Dreamiee,kazzak,1004,evoker,preservation,30,11,19
7861,Archont,eredar,999,evoker,preservation,42,12,30
7862,Dragonna,argent-dawn,988,evoker,preservation,87,35,52
7863,Tf,doomhammer,988,evoker,preservation,40,15,25
7864,Palindre,argent-dawn,987,evoker,preservation,29,14,15
7865,Zaverion,nathrezim,977,evoker,preservation,30,13,17
7866,Hool,silvermoon,975,evoker,preservation,120,59,61
7867,Kàzuée,outland,969,evoker,preservation,42,14,28
7868,Мйлкйвей,deathguard,968,evoker,preservation,40,25,15
7869,Reddeaddrago,silvermoon,966,evoker,preservation,44,24,20
7870,Folevo,stormreaver,965,evoker,preservation,151,58,93
7871,Алифсе,howling-fjord,965,evoker,preservation,84,23,61
7872,Drakares,la-croisade-écarlate,962,evoker,preservation,54,19,35
7873,Plogi,twisting-nether,960,evoker,preservation,18,10,8
7874,Yavak,blackmoore,960,evoker,preservation,18,10,8
7875,Ecovoker,outland,960,evoker,preservation,18,10,8
7876,Salamanderx,stormscale,959,evoker,preservation,12,10,2
7877,Mauül,ravencrest,959,evoker,preservation,12,10,2
7878,Sârmikas,blackhand,959,evoker,preservation,18,10,8
7879,Síire,ravencrest,958,evoker,preservation,12,10,2
7880,Drachenlilie,aegwynn,958,evoker,preservation,18,10,8
7881,Baszz,aegwynn,955,evoker,preservation,24,10,14
7882,Kleftra,stormscale,954,evoker,preservation,18,10,8
7883,Thymian,ambossar,951,evoker,preservation,104,48,56
7884,Bobonakia,sylvanas,950,evoker,preservation,24,10,14
7885,Raøug,blackmoore,950,evoker,preservation,30,10,20
7886,Slashlowe,archimonde,948,evoker,preservation,40,18,22
7887,Draklorn,moonglade,947,evoker,preservation,53,25,28
7888,Scaleyfurry,azshara,941,evoker,preservation,21,12,9
7889,Jhoanna,grim-batol,938,evoker,preservation,30,15,15
7890,Lînkôs,aegwynn,938,evoker,preservation,71,35,36
7891,Винтер,azuregos,935,evoker,preservation,19,11,8
7892,Vozzat,stormscale,934,evoker,preservation,24,11,13
7893,Morsan,tichondrius,931,evoker,preservation,36,19,17
7894,Dracnass,silvermoon,930,evoker,preservation,18,10,8
7895,Gilgakek,darksorrow,924,evoker,preservation,30,10,20
7896,Drazikz,archimonde,916,evoker,preservation,46,22,24
7897,Retyss,twisting-nether,916,evoker,preservation,302,144,158
7898,Schenlong,kelthuzad,915,evoker,preservation,24,10,14
7899,Thedrake,aegwynn,914,evoker,preservation,24,17,7
7900,Vores,norgannon,908,evoker,preservation,59,26,33
7901,Cárried,twilights-hammer,902,evoker,preservation,33,11,22
7902,Hems,bronzebeard,900,evoker,preservation,15,11,4
7903,Canitabravar,cthun,898,evoker,preservation,60,30,30
7904,Marasz,silvermoon,893,evoker,preservation,42,22,20
7905,Pigioto,silvermoon,891,evoker,preservation,168,78,90
7906,Eosin,blackrock,890,evoker,preservation,23,10,13
7907,Drakars,kazzak,886,evoker,preservation,62,27,35
7908,Drachi,ambossar,880,evoker,preservation,78,35,43
7909,Drâcarys,destromath,879,evoker,preservation,25,13,12
7910,Mergwahlbark,hyjal,878,evoker,preservation,29,10,19
7911,Dioni,sylvanas,873,evoker,preservation,39,15,24
7912,Абьюз,galakrond,872,evoker,preservation,114,53,61
7913,Jamesdouglas,eredar,867,evoker,preservation,18,10,8
7914,Minikuja,culte-de-la-rive-noire,867,evoker,preservation,56,22,34
7915,Antifightx,kazzak,864,evoker,preservation,12,9,3
7916,Dekaralol,ravencrest,864,evoker,preservation,12,9,3
7917,Drgigapump,blackmoore,864,evoker,preservation,18,9,9
7918,Yayaxoxoxoxo,hyjal,864,evoker,preservation,18,9,9
7919,Moondraka,outland,864,evoker,preservation,18,9,9
7920,Мишанячешуя,gordunni,863,evoker,preservation,12,9,3
7921,Sárkány,ravencrest,863,evoker,preservation,18,9,9
7922,Reptak,stormscale,863,evoker,preservation,18,9,9
7923,Valtion,stormscale,863,evoker,preservation,18,9,9
7924,Nassuada,dalaran,863,evoker,preservation,18,9,9
7925,Cupcâke,dalaran,863,evoker,preservation,18,9,9
7926,Brynesuge,ragnaros,863,evoker,preservation,21,10,11
7927,Lytër,dun-modr,863,evoker,preservation,19,9,10
7928,Anlong,alakir,863,evoker,preservation,23,10,13
7929,Teneja,malganis,863,evoker,preservation,24,9,15
7930,Etier,aegwynn,862,evoker,preservation,18,9,9
7931,Навидх,howling-fjord,862,evoker,preservation,24,9,15
7932,Sissilisko,sylvanas,861,evoker,preservation,12,9,3
7933,Blazeros,sylvanas,861,evoker,preservation,36,15,21
7934,Mistvoke,kazzak,860,evoker,preservation,18,9,9
7935,Lithnxv,bladefist,859,evoker,preservation,18,9,9
7936,Evok,deathwing,858,evoker,preservation,24,10,14
7937,Setoc,blackrock,857,evoker,preservation,19,9,10
7938,Azurewings,argent-dawn,851,evoker,preservation,65,23,42
7939,Javåscript,outland,849,evoker,preservation,18,9,9
7940,Damssx,medivh,847,evoker,preservation,33,13,20
7941,Kuubski,ravencrest,846,evoker,preservation,14,11,3
7942,Sumo,burning-legion,841,evoker,preservation,36,16,20
7943,Тирдде,deathweaver,839,evoker,preservation,84,36,48
7944,Drâkarys,khaz-modan,839,evoker,preservation,35,10,25
7945,Avizz,tarren-mill,837,evoker,preservation,23,12,11
7946,Zerario,blackhand,827,evoker,preservation,23,9,14
7947,Viseriðn,archimonde,827,evoker,preservation,24,9,15
7948,Miumyuki,drakthul,815,evoker,preservation,54,21,33
7949,Мэриджэин,soulflayer,809,evoker,preservation,21,9,12
7950,Aayala,dalaran,806,evoker,preservation,21,9,12
7951,Drgnokn,silvermoon,800,evoker,preservation,14,10,4
7952,Yadormi,sylvanas,795,evoker,preservation,42,16,26
7953,Nochance,dentarg,795,evoker,preservation,127,45,82
7954,Dratheon,dun-modr,794,evoker,preservation,32,10,22
7955,Верметор,soulflayer,773,evoker,preservation,90,27,63
7956,Nhoru,stormscale,768,evoker,preservation,12,8,4
7957,Kanketopg,kazzak,768,evoker,preservation,12,8,4
7958,Zendaë,archimonde,768,evoker,preservation,12,8,4
7959,Zemar,dalaran,768,evoker,preservation,12,8,4
7960,Nst,zuljin,768,evoker,preservation,12,8,4
7961,Ringil,tarren-mill,768,evoker,preservation,18,8,10
7962,Àtòmìc,malorne,768,evoker,preservation,18,8,10
7963,Korialstraz,aegwynn,767,evoker,preservation,12,8,4
7964,Blyatcuka,kazzak,767,evoker,preservation,12,8,4
7965,Drashiku,zuljin,767,evoker,preservation,18,8,10
7966,Мефодийевок,howling-fjord,767,evoker,preservation,18,8,10
7967,Draelaynex,eredar,767,evoker,preservation,24,8,16
7968,Horiz,kazzak,766,evoker,preservation,24,8,16
7969,Stormwing,twilights-hammer,765,evoker,preservation,12,8,4
7970,Daracthyr,arathor,765,evoker,preservation,18,8,10
7971,Mfdragon,grim-batol,765,evoker,preservation,24,8,16
7972,Уполнамоченн,soulflayer,764,evoker,preservation,12,8,4
7973,Mikevoker,aegwynn,763,evoker,preservation,12,8,4
7974,Arecibo,tarren-mill,762,evoker,preservation,12,8,4
7975,Kharalambos,stormscale,761,evoker,preservation,18,8,10
7976,Эфирид,blackscar,760,evoker,preservation,53,17,36
7977,Bestofriendo,eredar,758,evoker,preservation,18,8,10
7978,Dragonrocker,silvermoon,757,evoker,preservation,24,8,16
7979,Дрэгтир,lich-king,755,evoker,preservation,14,8,6
7980,Nicholbolas,nordrassil,690,evoker,preservation,11,8,3
7981,Sunfyres,frostmane,679,evoker,preservation,28,8,20
7982,Blazelt,blackrock,672,evoker,preservation,12,7,5
7983,Fûrý,twisting-nether,672,evoker,preservation,12,7,5
7984,Evyzz,blackmoore,672,evoker,preservation,12,7,5
7985,Stormnn,kazzak,672,evoker,preservation,12,7,5
7986,Elcocodrilo,tarren-mill,672,evoker,preservation,12,7,5
7987,Zarikus,argent-dawn,672,evoker,preservation,12,7,5
7988,Buqxrawrr,antonidas,672,evoker,preservation,16,9,7
7989,Sulführer,sanguino,672,evoker,preservation,18,7,11
7990,Reska,archimonde,672,evoker,preservation,18,7,11
7991,Spacebreath,ravencrest,672,evoker,preservation,18,7,11
7992,Viseriøn,kazzak,672,evoker,preservation,24,7,17
7993,Drakkujjer,twisting-nether,671,evoker,preservation,12,7,5
7994,Dárnast,draenor,671,evoker,preservation,12,7,5
7995,Rhaenîra,twisting-nether,671,evoker,preservation,12,7,5
7996,Draaxy,twisting-nether,671,evoker,preservation,15,8,7
7997,Fusanabide,kazzak,671,evoker,preservation,14,7,7
7998,Karristrasza,silvermoon,671,evoker,preservation,18,7,11
7999,Aezthaza,outland,671,evoker,preservation,18,7,11
8000,Esalisko,kazzak,670,evoker,preservation,12,7,5
8001,Dolphdrago,outland,670,evoker,preservation,12,7,5
8002,Coaxoch,thunderhorn,670,evoker,preservation,12,7,5
8003,Smokitor,kazzak,670,evoker,preservation,12,7,5
8004,Leblon,stormreaver,670,evoker,preservation,12,7,5
8005,Nedflanderss,silvermoon,670,evoker,preservation,12,7,5
8006,Myszostrasza,burning-legion,670,evoker,preservation,12,7,5
8007,Hakuzah,terokkar,670,evoker,preservation,18,7,11
8008,Avemonetemus,silvermoon,669,evoker,preservation,18,7,11
8009,Vatiras,magtheridon,669,evoker,preservation,24,7,17
8010,Lapaneri,sylvanas,669,evoker,preservation,24,7,17
8011,Prikkedøden,grim-batol,668,evoker,preservation,18,7,11
8012,Dractarys,arathi,666,evoker,preservation,12,7,5
8013,Hornbeam,tarren-mill,666,evoker,preservation,18,7,11
8014,Acnologîa,ysondre,665,evoker,preservation,12,7,5
8015,Gihzmo,tarren-mill,664,evoker,preservation,12,7,5
8016,Эбиб,gordunni,664,evoker,preservation,18,7,11
8017,Awfultrash,archimonde,655,evoker,preservation,23,7,16
8018,Snällaldo,bladefist,639,evoker,preservation,10,8,2
8019,Charezard,draenor,638,evoker,preservation,17,7,10
8020,Parodize,thrall,576,evoker,preservation,12,6,6
8021,Bluesaphir,ravencrest,576,evoker,preservation,12,6,6
8022,Iandret,destromath,576,evoker,preservation,12,6,6
8023,Rmplol,twisting-nether,576,evoker,preservation,12,6,6
8024,Mesarin,eredar,576,evoker,preservation,12,6,6
8025,Sindragonk,ravencrest,576,evoker,preservation,12,6,6
8026,Dedx,sylvanas,576,evoker,preservation,12,6,6
8027,Mìnos,drakthul,576,evoker,preservation,12,6,6
8028,Talynn,sylvanas,576,evoker,preservation,12,6,6
8029,Rømmegrøt,tarren-mill,576,evoker,preservation,12,6,6
8030,Theories,aegwynn,576,evoker,preservation,12,6,6
8031,Krayvoker,tarren-mill,576,evoker,preservation,12,6,6
8032,Jacko,nemesis,576,evoker,preservation,12,6,6
8033,Вексалис,gordunni,576,evoker,preservation,12,6,6
8034,Zygumy,hyjal,576,evoker,preservation,12,6,6
8035,Snipy,burning-legion,576,evoker,preservation,12,6,6
8036,Darkevokoul,conseil-des-ombres,576,evoker,preservation,12,6,6
8037,Yesdaddyowo,draenor,576,evoker,preservation,12,6,6
8038,Viodragon,blackrock,576,evoker,preservation,16,6,10
8039,Myntara,tarren-mill,576,evoker,preservation,18,6,12
8040,Enzetrius,argent-dawn,576,evoker,preservation,18,6,12
8041,Lolprevoker,outland,576,evoker,preservation,18,6,12
8042,Discodraken,stormscale,576,evoker,preservation,18,6,12
8043,Lìssàndra,argent-dawn,576,evoker,preservation,24,6,18
8044,Pasqvoker,ravencrest,575,evoker,preservation,12,6,6
8045,Nevara,ragnaros,575,evoker,preservation,12,6,6
8046,Draccaris,silvermoon,575,evoker,preservation,12,6,6
8047,Raegos,ravencrest,575,evoker,preservation,12,6,6
8048,Iscale,twisting-nether,575,evoker,preservation,18,6,12
8049,Nexevo,blackmoore,575,evoker,preservation,18,6,12
8050,Drakpojke,stormscale,574,evoker,preservation,12,6,6
8051,Kujira,draenor,574,evoker,preservation,12,6,6
8052,Tarystrasza,blackrock,574,evoker,preservation,12,6,6
8053,Kutdraak,laughing-skull,574,evoker,preservation,12,6,6
8054,Dracarysfire,kazzak,573,evoker,preservation,12,6,6
8055,Kaiser,trollbane,573,evoker,preservation,18,6,12
8056,Ewings,archimonde,573,evoker,preservation,24,6,18
8057,Steeken,haomarush,572,evoker,preservation,18,6,12
8058,Büsselberg,blackmoore,570,evoker,preservation,12,6,6
8059,Synhtol,ragnaros,564,evoker,preservation,18,6,12
8060,ßëkûsåùrús,ragnaros,559,evoker,preservation,17,6,11
8061,Rasalhague,uldum,522,evoker,preservation,15,6,9
8062,Dracarysx,grim-batol,520,evoker,preservation,15,7,8
8063,Drakthur,terenas,519,evoker,preservation,27,7,20
8064,Tyuz,antonidas,509,evoker,preservation,14,6,8
8065,Cokayn,eonar,496,evoker,preservation,13,6,7
8066,Mugeki,burning-legion,489,evoker,preservation,15,8,7
8067,Stêwpit,blackhand,480,evoker,preservation,6,5,1
8068,Dåseskjuul,kazzak,480,evoker,preservation,6,5,1
8069,Ralfferion,auchindoun,480,evoker,preservation,6,5,1
8070,Diggidydract,silvermoon,480,evoker,preservation,6,5,1
8071,Holyvoker,aegwynn,480,evoker,preservation,6,5,1
8072,Sürion,grim-batol,480,evoker,preservation,6,5,1
8073,Coarraze,eldrethalas,480,evoker,preservation,6,5,1
8074,Jmyzard,tarren-mill,480,evoker,preservation,10,6,4
8075,Flouzzx,blackmoore,480,evoker,preservation,12,5,7
8076,Emeraldcomun,twisting-nether,480,evoker,preservation,12,5,7
8077,Deathwingx,sylvanas,480,evoker,preservation,12,5,7
8078,Corneflex,chogall,480,evoker,preservation,12,5,7
8079,Evoris,frostmane,480,evoker,preservation,12,5,7
8080,Lootharon,blackhand,480,evoker,preservation,12,5,7
8081,Dragonsito,cthun,480,evoker,preservation,12,5,7
8082,Fnom,hyjal,480,evoker,preservation,12,5,7
8083,Óceiros,silvermoon,480,evoker,preservation,12,5,7
8084,Alanikus,silvermoon,480,evoker,preservation,12,5,7
8085,Cheryl,aggra-português,480,evoker,preservation,12,5,7
8086,Катяламизил,howling-fjord,480,evoker,preservation,12,5,7
8087,Iwaavoker,archimonde,480,evoker,preservation,12,5,7
8088,Soupmah,silvermoon,480,evoker,preservation,12,5,7
8089,Evokoloko,outland,480,evoker,preservation,12,5,7
8090,Bigreddragon,outland,480,evoker,preservation,12,5,7
8091,Dzin,burning-legion,480,evoker,preservation,12,5,7
8092,Lacer,minahonda,480,evoker,preservation,12,5,7
8093,Vizdraken,tarren-mill,480,evoker,preservation,12,5,7
8094,Nemrák,blackmoore,480,evoker,preservation,12,5,7
8095,Poporaight,archimonde,480,evoker,preservation,12,5,7
8096,Draakoñ,outland,480,evoker,preservation,18,5,13
8097,Xyphoo,kazzak,480,evoker,preservation,18,5,13
8098,Rise,tarren-mill,480,evoker,preservation,24,5,19
8099,Puffdaddyxd,twisting-nether,479,evoker,preservation,12,5,7
8100,Luftwaffel,blackmoore,479,evoker,preservation,12,5,7
8101,Sudrac,antonidas,479,evoker,preservation,12,5,7
8102,Shosk,chamber-of-aspects,479,evoker,preservation,12,5,7
8103,Dragondisnut,sylvanas,479,evoker,preservation,12,5,7
8104,Scaleflux,argent-dawn,479,evoker,preservation,12,5,7
8105,Kampe,nemesis,479,evoker,preservation,12,5,7
8106,Naloqa,frostwolf,479,evoker,preservation,12,5,7
8107,Zymotîx,stormscale,479,evoker,preservation,18,5,13
8108,Baléryon,archimonde,478,evoker,preservation,6,5,1
8109,Widow,chromaggus,478,evoker,preservation,12,5,7
8110,Haawwt,eredar,478,evoker,preservation,12,5,7
8111,Kärlethos,dun-modr,478,evoker,preservation,12,5,7
8112,Bbuszek,outland,478,evoker,preservation,18,5,13
8113,Fodom,medivh,477,evoker,preservation,12,5,7
8114,Dragorasi,frostwolf,476,evoker,preservation,24,5,19
8115,Гарил,grom,475,evoker,preservation,12,5,7
8116,Fricandela,sanguino,472,evoker,preservation,12,5,7
8117,Missnorway,blackmoore,447,evoker,preservation,11,5,6
8118,Thyriån,kazzak,447,evoker,preservation,11,5,6
8119,Wingard,twisting-nether,447,evoker,preservation,11,5,6
8120,Jcloud,shattered-hand,432,evoker,preservation,15,5,10
8121,Grajade,dun-modr,422,evoker,preservation,15,6,9
8122,Alrakis,kragjin,415,evoker,preservation,16,5,11
8123,Sebek,archimonde,384,evoker,preservation,6,4,2
8124,Flatterhipy,blackrock,384,evoker,preservation,6,4,2
8125,Roastedpig,kazzak,384,evoker,preservation,6,4,2
8126,Drakatha,kazzak,384,evoker,preservation,6,4,2
8127,Aymoreth,argent-dawn,384,evoker,preservation,6,4,2
8128,Malfestio,zuljin,384,evoker,preservation,6,4,2
8129,Pflanz,nozdormu,384,evoker,preservation,6,4,2
8130,Dracthal,blackmoore,384,evoker,preservation,6,4,2
8131,Pe,dalaran,384,evoker,preservation,6,4,2
8132,Zaffira,kazzak,384,evoker,preservation,6,4,2
8133,Snàx,aggra-português,384,evoker,preservation,6,4,2
8134,Krakadayle,archimonde,384,evoker,preservation,6,4,2
8135,Dracronix,the-maelstrom,384,evoker,preservation,6,4,2
8136,Bindrasz,ahnqiraj,384,evoker,preservation,6,4,2
8137,Mirajhti,blackrock,384,evoker,preservation,12,4,8
8138,Toílet,blackmoore,384,evoker,preservation,12,4,8
8139,Галактиг,thermaplugg,384,evoker,preservation,12,4,8
8140,Evokker,antonidas,384,evoker,preservation,12,4,8
8141,Deadwing,eonar,384,evoker,preservation,12,4,8
8142,Feyrbrand,ysera,384,evoker,preservation,12,4,8
8143,Sondosa,twisting-nether,384,evoker,preservation,12,4,8
8144,Killafoolz,kazzak,384,evoker,preservation,12,4,8
8145,Arniye,ravencrest,384,evoker,preservation,12,4,8
8146,Drackarys,tarren-mill,384,evoker,preservation,12,4,8
8147,Маркзук,gordunni,384,evoker,preservation,18,4,14
8148,Fogwing,ravencrest,384,evoker,preservation,18,4,14
8149,Entombevoker,twisting-nether,383,evoker,preservation,6,4,2
8150,Кефтыме,soulflayer,383,evoker,preservation,6,4,2
8151,Doriangray,drakthul,383,evoker,preservation,6,4,2
8152,Timeshifter,stormscale,383,evoker,preservation,6,4,2
8153,Nicnacx,stormscale,383,evoker,preservation,6,4,2
8154,Zahaak,doomhammer,383,evoker,preservation,6,4,2
8155,Ignisaureus,silvermoon,383,evoker,preservation,12,4,8
8156,Drogøn,khaz-modan,383,evoker,preservation,12,4,8
8157,Vereeza,draenor,383,evoker,preservation,12,4,8
8158,Flawxy,blackmoore,383,evoker,preservation,12,4,8
8159,Yaldthion,dun-modr,383,evoker,preservation,18,4,14
8160,Steadyop,doomhammer,382,evoker,preservation,6,4,2
8161,Dontiá,draenor,382,evoker,preservation,12,4,8
8162,Dracwyn,shattrath,381,evoker,preservation,13,5,8
8163,Dolceprada,stormscale,381,evoker,preservation,12,4,8
8164,Valasthor,argent-dawn,379,evoker,preservation,12,4,8
8165,Мизурион,gordunni,379,evoker,preservation,12,4,8
8166,Blackwing,twilights-hammer,351,evoker,preservation,16,4,12
8167,Sinastral,sanguino,350,evoker,preservation,11,4,7
8168,Quewl,blackmoore,319,evoker,preservation,5,4,1
8169,Meezyevo,ragnaros,288,evoker,preservation,6,3,3
8170,Azwel,khaz-modan,288,evoker,preservation,6,3,3
8171,Asrwea,draenor,288,evoker,preservation,6,3,3
8172,Dangai,draenor,288,evoker,preservation,6,3,3
8173,Бунтз,howling-fjord,288,evoker,preservation,6,3,3
8174,Flowerscale,tarren-mill,288,evoker,preservation,6,3,3
8175,Botomforgold,ravencrest,288,evoker,preservation,6,3,3
8176,Distinkd,draenor,288,evoker,preservation,6,3,3
8177,Сулистраза,blackscar,288,evoker,preservation,6,3,3
8178,Jpeo,blackhand,288,evoker,preservation,6,3,3
8179,Tactician,stormreaver,288,evoker,preservation,6,3,3
8180,Escaaboy,stormscale,288,evoker,preservation,6,3,3
8181,Ivokerz,tarren-mill,288,evoker,preservation,6,3,3
8182,Ceroxs,aegwynn,288,evoker,preservation,6,3,3
8183,Keizal,twisting-nether,288,evoker,preservation,6,3,3
8184,Vyore,silvermoon,288,evoker,preservation,6,3,3
8185,Evokimag,grim-batol,288,evoker,preservation,6,3,3
8186,Kanketo,ravencrest,288,evoker,preservation,6,3,3
8187,Soø,kazzak,288,evoker,preservation,6,3,3
8188,Speckjarrow,blackrock,288,evoker,preservation,6,3,3
8189,Mithrandir,marécage-de-zangar,288,evoker,preservation,6,3,3
8190,Pruttburk,draenor,288,evoker,preservation,6,3,3
8191,Моралдракон,soulflayer,288,evoker,preservation,6,3,3
8192,Психея,soulflayer,288,evoker,preservation,6,3,3
8193,Знамядрак,soulflayer,288,evoker,preservation,6,3,3
8194,Dokkamok,hyjal,288,evoker,preservation,6,3,3
8195,Niffdra,twisting-nether,288,evoker,preservation,6,3,3
8196,Renalia,blackrock,288,evoker,preservation,6,3,3
8197,Jmý,tarren-mill,288,evoker,preservation,6,3,3
8198,Espâgnøl,hyjal,288,evoker,preservation,6,3,3
8199,Nêóô,blackrock,288,evoker,preservation,6,3,3
8200,Flâneur,ysondre,288,evoker,preservation,6,3,3
8201,Eurydíke,blackhand,288,evoker,preservation,6,3,3
8202,Icemushu,twisting-nether,288,evoker,preservation,6,3,3
8203,Saphiraa,lightnings-blade,288,evoker,preservation,6,3,3
8204,Rippo,tarren-mill,288,evoker,preservation,6,3,3
8205,Alicendre,hyjal,288,evoker,preservation,6,3,3
8206,Colacorta,zuljin,288,evoker,preservation,6,3,3
8207,Konstraz,kazzak,288,evoker,preservation,6,3,3
8208,Zordrach,quelthalas,288,evoker,preservation,6,3,3
8209,Nezruslfarm,cthun,288,evoker,preservation,6,3,3
8210,Zanarian,defias-brotherhood,288,evoker,preservation,6,3,3
8211,Liroo,hyjal,288,evoker,preservation,6,3,3
8212,Jackarlys,outland,288,evoker,preservation,6,3,3
8213,Elderruan,shattered-hand,288,evoker,preservation,12,3,9
8214,Cadwalader,blades-edge,288,evoker,preservation,12,3,9
8215,Боевойхомякд,howling-fjord,288,evoker,preservation,12,3,9
8216,Sysstrasza,archimonde,288,evoker,preservation,12,3,9
8217,Dreamdoll,tarren-mill,288,evoker,preservation,12,3,9
8218,Taktcik,archimonde,288,evoker,preservation,12,3,9
8219,Monftroglou,archimonde,288,evoker,preservation,12,3,9
8220,Bemil,twisting-nether,288,evoker,preservation,12,3,9
8221,Reelona,silvermoon,288,evoker,preservation,12,3,9
8222,Khaliy,blackrock,288,evoker,preservation,12,3,9
8223,Moltenazo,dun-modr,288,evoker,preservation,13,3,10
8224,Maverickx,nemesis,287,evoker,preservation,6,3,3
8225,Милеис,soulflayer,287,evoker,preservation,6,3,3
8226,Wywill,eitrigg,287,evoker,preservation,6,3,3
8227,Elexatra,hyjal,287,evoker,preservation,12,3,9
8228,Valystrá,die-aldor,285,evoker,preservation,24,3,21
8229,Trellie,die-aldor,255,evoker,preservation,11,3,8
8230,Балрогхаоса,gordunni,254,evoker,preservation,8,4,4
8231,Agnî,sanguino,240,evoker,preservation,9,3,6
8232,Smoochbumble,argent-dawn,240,evoker,preservation,9,3,6
8233,Nêrifiel,hyjal,239,evoker,preservation,5,3,2
8234,Ryujinx,blackhand,239,evoker,preservation,5,3,2
8235,Drakutyr,defias-brotherhood,233,evoker,preservation,8,4,4
8236,Baranzion,twisting-nether,207,evoker,preservation,8,3,5
8237,Voldermort,ravencrest,192,evoker,preservation,6,2,4
8238,Dragonzo,arathor,192,evoker,preservation,6,2,4
8239,Rngmåchinè,ravencrest,192,evoker,preservation,6,2,4
8240,Høt,nemesis,192,evoker,preservation,6,2,4
8241,Язычник,thermaplugg,192,evoker,preservation,6,2,4
8242,Myndragosa,varimathras,192,evoker,preservation,6,2,4
8243,Flipflapflop,twisting-nether,192,evoker,preservation,6,2,4
8244,Burndaddy,dun-modr,192,evoker,preservation,6,2,4
8245,Garussy,draenor,192,evoker,preservation,6,2,4
8246,Vermithors,ravencrest,192,evoker,preservation,6,2,4
8247,Shinad,ravencrest,192,evoker,preservation,6,2,4
8248,Mistime,twisting-nether,192,evoker,preservation,6,2,4
8249,Dno,archimonde,192,evoker,preservation,6,2,4
8250,Freesckretx,archimonde,192,evoker,preservation,6,2,4
8251,Whatisthis,archimonde,192,evoker,preservation,6,2,4
8252,Cousinbetty,defias-brotherhood,192,evoker,preservation,6,2,4
8253,Puzzles,ravencrest,192,evoker,preservation,6,2,4
8254,Adriia,ravencrest,192,evoker,preservation,6,2,4
8255,Pureshot,archimonde,192,evoker,preservation,6,2,4
8256,Crazylucifer,kazzak,192,evoker,preservation,6,2,4
8257,Иванза,howling-fjord,192,evoker,preservation,6,2,4
8258,Glurak,stormscale,192,evoker,preservation,6,2,4
8259,Dragonlol,stormscale,192,evoker,preservation,6,2,4
8260,Cothikos,ysondre,192,evoker,preservation,6,2,4
8261,Arbîter,eredar,192,evoker,preservation,6,2,4
8262,Soondeleted,eredar,192,evoker,preservation,6,2,4
8263,Blamdrake,blackhand,192,evoker,preservation,6,2,4
8264,Dägon,drakthul,192,evoker,preservation,6,2,4
8265,Sheràqt,blackrock,192,evoker,preservation,6,2,4
8266,Youzfull,blackrock,192,evoker,preservation,6,2,4
8267,Azurog,blackmoore,192,evoker,preservation,6,2,4
8268,Змийх,gordunni,192,evoker,preservation,6,2,4
8269,Nordomu,silvermoon,192,evoker,preservation,6,2,4
8270,Invinite,blackrock,192,evoker,preservation,6,2,4
8271,Pico,madmortem,192,evoker,preservation,12,2,10
8272,Margouillax,archimonde,192,evoker,preservation,12,2,10
8273,Suicidel,silvermoon,192,evoker,preservation,12,2,10
8274,Flametender,silvermoon,192,evoker,preservation,12,2,10
8275,Dracipsouk,drakthul,192,evoker,preservation,18,2,16
8276,Touge,varimathras,191,evoker,preservation,6,2,4
8277,Yuyux,sanguino,191,evoker,preservation,6,2,4
8278,Azza,uldum,191,evoker,preservation,12,2,10
8279,Aevon,blackrock,191,evoker,preservation,18,2,16
8280,Draktoros,kazzak,179,evoker,preservation,15,6,9
8281,Eldrax,emerald-dream,159,evoker,preservation,5,2,3
8282,Stinka,blackmoore,138,evoker,preservation,9,5,4
8283,Asharys,argent-dawn,138,evoker,preservation,17,4,13
8284,Primepewpew,ragnaros,138,evoker,preservation,15,3,12
8285,Zzaazaa,argent-dawn,137,evoker,preservation,10,3,7
8286,Huangzhang,burning-legion,96,evoker,preservation,6,1,5
8287,Foldoudoune,archimonde,96,evoker,preservation,6,1,5
8288,Targzæ,hyjal,96,evoker,preservation,6,1,5
8289,Louzard,draenor,96,evoker,preservation,6,1,5
8290,Oogabuga,outland,96,evoker,preservation,6,1,5
8291,Chocodragon,blackmoore,96,evoker,preservation,6,1,5
8292,Brystrasza,quelthalas,96,evoker,preservation,6,1,5
8293,Mulqahdiiv,archimonde,96,evoker,preservation,6,1,5
8294,Hizzo,burning-legion,96,evoker,preservation,6,1,5
8295,Yaboismok,burning-legion,96,evoker,preservation,6,1,5
8296,Dragonpro,kazzak,96,evoker,preservation,6,1,5
8297,Awienz,kazzak,96,evoker,preservation,6,1,5
8298,Belzilian,dalaran,96,evoker,preservation,6,1,5
8299,Tályn,twisting-nether,96,evoker,preservation,6,1,5
8300,Batmanjasii,eredar,96,evoker,preservation,6,1,5
8301,Iblvicanfly,stormscale,96,evoker,preservation,6,1,5
8302,Смехокрыл,deathguard,96,evoker,preservation,6,1,5
8303,Drakenballen,ragnaros,96,evoker,preservation,6,1,5
8304,Drakmool,ysondre,96,evoker,preservation,6,1,5
8305,Ch,ghostlands,96,evoker,preservation,6,1,5
8306,Kaezmasterx,blackrock,96,evoker,preservation,6,1,5
8307,Alphabét,ravencrest,96,evoker,preservation,6,1,5
8308,Lumberdrake,stormscale,96,evoker,preservation,6,1,5
8309,Ceerdrogo,twisting-nether,96,evoker,preservation,9,1,8
8310,Sopollina,draenor,96,evoker,preservation,12,1,11
8311,Dragonban,tarren-mill,96,evoker,preservation,12,1,11
8312,Macdrac,area-52,96,evoker,preservation,12,1,11
8313,Frreeyya,silvermoon,96,evoker,preservation,12,1,11
8314,Vullgred,sylvanas,96,evoker,preservation,12,1,11
8315,Heidrun,ravenholdt,95,evoker,preservation,6,1,5
8316,Kamings,outland,95,evoker,preservation,8,1,7
8317,Fluffykoi,silvermoon,95,evoker,preservation,12,1,11
8318,Gg,wildhammer,79,evoker,preservation,5,2,3
8319,Imend,stormscale,79,evoker,preservation,5,1,4
8320,Sentos,blackmoore,64,evoker,preservation,10,1,9
8321,Drookun,outland,48,evoker,preservation,3,1,2
8322,Taynia,stormscale,48,evoker,preservation,3,1,2
8323,Faijer,blackmoore,42,evoker,preservation,10,3,7
8324,Nickydragonx,stormscale,42,evoker,preservation,10,3,7
8325,Ptipangoevok,dalaran,42,evoker,preservation,10,2,8
8326,Пероник,gordunni,16,evoker,preservation,1,1,0
8327,Rexzstrasza,eredar,2114,evoker,devastation,78,49,29
8328,Sârmikas,blackhand,2113,evoker,devastation,120,67,53
8329,Kàido,ravencrest,2110,evoker,devastation,360,185,175
8330,Heõ,twisting-nether,2061,evoker,devastation,135,65,70
8331,Twodeep,blackrock,2050,evoker,devastation,96,53,43
8332,Babodrake,blackhand,2019,evoker,devastation,55,27,28
8333,Ryujíin,kazzak,2015,evoker,devastation,83,55,28
8334,Dracohfeu,archimonde,1994,evoker,devastation,66,40,26
8335,Claxy,ragnaros,1952,evoker,devastation,72,38,34
8336,Animenorgam,alakir,1940,evoker,devastation,66,51,15
8337,Wexvoker,darksorrow,1936,evoker,devastation,109,59,50
8338,Darkssoul,outland,1932,evoker,devastation,96,52,44
8339,Drakenyasha,tarren-mill,1929,evoker,devastation,165,78,87
8340,Brokz,twisting-nether,1906,evoker,devastation,106,54,52
8341,Ízma,ravencrest,1894,evoker,devastation,192,99,93
8342,Edvoker,twisting-nether,1879,evoker,devastation,102,53,49
8343,Lesgrossman,ravencrest,1870,evoker,devastation,42,26,16
8344,Hehehihihaha,ravencrest,1866,evoker,devastation,54,25,29
8345,Meust,blackrock,1864,evoker,devastation,42,28,14
8346,Eldunaries,argent-dawn,1863,evoker,devastation,90,48,42
8347,Nigesaurus,burning-legion,1862,evoker,devastation,39,21,18
8348,Enzetrius,argent-dawn,1861,evoker,devastation,36,22,14
8349,Atoll,scarshield-legion,1858,evoker,devastation,55,29,26
8350,Нерфсрочно,gordunni,1851,evoker,devastation,168,79,89
8351,Frozendragon,twisting-nether,1849,evoker,devastation,45,32,13
8352,Xzvoker,kazzak,1848,evoker,devastation,134,67,67
8353,Кеннокс,soulflayer,1844,evoker,devastation,60,30,30
8354,Calygosa,antonidas,1843,evoker,devastation,36,23,13
8355,Ipanicsoar,tarren-mill,1840,evoker,devastation,104,51,53
8356,Sagrax,silvermoon,1835,evoker,devastation,68,40,28
8357,Mizamiza,blackrock,1832,evoker,devastation,142,75,67
8358,Korvi,ravencrest,1830,evoker,devastation,44,25,19
8359,Azorgaron,outland,1827,evoker,devastation,36,23,13
8360,Lizardbøi,blackhand,1827,evoker,devastation,66,33,33
8361,Ryuu,mazrigos,1823,evoker,devastation,41,22,19
8362,Драгонтьма,gordunni,1823,evoker,devastation,71,36,35
8363,Irvethius,argent-dawn,1822,evoker,devastation,203,103,100
8364,Дракшотик,soulflayer,1817,evoker,devastation,30,19,11
8365,Jamzyevoker,emerald-dream,1816,evoker,devastation,49,26,23
8366,Ryuujin,outland,1815,evoker,devastation,66,30,36
8367,Amadeusx,ravencrest,1810,evoker,devastation,55,30,25
8368,Valdrakon,doomhammer,1807,evoker,devastation,66,39,27
8369,Apacstrasza,ragnaros,1803,evoker,devastation,98,49,49
8370,Bigmacfrite,ysondre,1794,evoker,devastation,76,38,38
8371,Tremmérz,outland,1794,evoker,devastation,60,30,30
8372,Avë,kazzak,1790,evoker,devastation,77,39,38
8373,Diznutz,kazzak,1781,evoker,devastation,36,21,15
8374,Hanoostrasz,tarren-mill,1771,evoker,devastation,103,61,42
8375,Sawk,archimonde,1762,evoker,devastation,102,63,39
8376,Lidldragon,argent-dawn,1760,evoker,devastation,26,20,6
8377,Famouszorc,sanguino,1760,evoker,devastation,156,92,64
8378,Obbwoke,ravencrest,1760,evoker,devastation,84,44,40
8379,Дарратель,gordunni,1749,evoker,devastation,189,101,88
8380,Hëroinhenry,tarren-mill,1738,evoker,devastation,42,28,14
8381,Cinnannoe,tarren-mill,1729,evoker,devastation,121,72,49
8382,Jeannedebruj,ravencrest,1726,evoker,devastation,117,57,60
8383,Zmej,twisting-nether,1720,evoker,devastation,48,22,26
8384,Oontäälihis,ravencrest,1718,evoker,devastation,121,60,61
8385,Kymaíra,hyjal,1716,evoker,devastation,48,22,26
8386,Melodio,outland,1713,evoker,devastation,60,37,23
8387,Kôlaghan,archimonde,1713,evoker,devastation,35,20,15
8388,Evøkergøðx,outland,1710,evoker,devastation,61,31,30
8389,Jamiewing,ravencrest,1705,evoker,devastation,135,70,65
8390,Rokki,blackrock,1701,evoker,devastation,82,45,37
8391,Hollowbreath,sanguino,1699,evoker,devastation,191,92,99
8392,Хетсв,gordunni,1691,evoker,devastation,96,55,41
8393,Duvahkahr,ragnaros,1683,evoker,devastation,57,28,29
8394,Amnevoker,dalaran,1671,evoker,devastation,30,18,12
8395,Archdragon,argent-dawn,1658,evoker,devastation,79,45,34
8396,Yuhabahha,kazzak,1653,evoker,devastation,166,87,79
8397,Dispelgodx,eredar,1647,evoker,devastation,42,20,22
8398,Wuiflyta,dun-modr,1647,evoker,devastation,41,18,23
8399,Dracoli,eredar,1646,evoker,devastation,85,45,40
8400,Homeoffice,zenedar,1644,evoker,devastation,30,18,12
8401,Ларенил,gordunni,1644,evoker,devastation,54,23,31
8402,Дреадди,soulflayer,1643,evoker,devastation,64,34,30
8403,Sürion,grim-batol,1642,evoker,devastation,60,33,27
8404,Ясъелинеры,gordunni,1640,evoker,devastation,54,31,23
8405,Draxxys,blackmoore,1637,evoker,devastation,66,33,33
8406,Dragonide,draenor,1636,evoker,devastation,35,20,15
8407,Serulyon,draenor,1636,evoker,devastation,84,43,41
8408,Voklath,kazzak,1636,evoker,devastation,61,30,31
8409,Hyperan,twisting-nether,1635,evoker,devastation,82,40,42
8410,Rzektwo,eredar,1634,evoker,devastation,54,24,30
8411,Tezkaz,blackmoore,1633,evoker,devastation,238,122,116
8412,Niddhøgg,ragnaros,1632,evoker,devastation,36,21,15
8413,Piyuli,silvermoon,1632,evoker,devastation,47,27,20
8414,Papayoyo,draenor,1630,evoker,devastation,156,75,81
8415,Crueh,outland,1628,evoker,devastation,36,17,19
8416,Evodraxx,hyjal,1627,evoker,devastation,36,17,19
8417,Eskavoker,kazzak,1623,evoker,devastation,36,22,14
8418,Саммеракс,gordunni,1619,evoker,devastation,60,25,35
8419,Rahzk,twisting-nether,1616,evoker,devastation,30,17,13
8420,Mazaw,burning-legion,1613,evoker,devastation,72,41,31
8421,Batsquatch,argent-dawn,1612,evoker,devastation,36,23,13
8422,Drazam,blackrock,1612,evoker,devastation,94,55,39
8423,Zapaflap,silvermoon,1612,evoker,devastation,119,65,54
8424,Balthinar,argent-dawn,1612,evoker,devastation,42,17,25
8425,Denegos,sylvanas,1606,evoker,devastation,66,40,26
8426,Ludwoker,tarren-mill,1605,evoker,devastation,67,44,23
8427,Lizarduck,tarren-mill,1605,evoker,devastation,52,26,26
8428,Аймбадикабтв,howling-fjord,1605,evoker,devastation,60,29,31
8429,Гневиан,eversong,1603,evoker,devastation,48,23,25
8430,Delorraine,burning-legion,1602,evoker,devastation,30,17,13
8431,Flâneur,ysondre,1601,evoker,devastation,30,17,13
8432,Släshés,ravencrest,1601,evoker,devastation,48,20,28
8433,Мнякуня,howling-fjord,1600,evoker,devastation,46,24,22
8434,Soleric,drakthul,1599,evoker,devastation,121,57,64
8435,Fyndassil,blackrock,1599,evoker,devastation,48,17,31
8436,Sintharion,ravencrest,1597,evoker,devastation,63,28,35
8437,Pêengei,blackrock,1596,evoker,devastation,66,36,30
8438,Gasparievok,sylvanas,1594,evoker,devastation,72,40,32
8439,Shimmerscale,blackhand,1590,evoker,devastation,105,59,46
8440,Krothus,outland,1590,evoker,devastation,124,67,57
8441,Ðø,antonidas,1589,evoker,devastation,35,18,17
8442,Скорукх,gordunni,1576,evoker,devastation,36,22,14
8443,Фиамниэль,gordunni,1574,evoker,devastation,36,18,18
8444,Øxyom,archimonde,1570,evoker,devastation,46,27,19
8445,Инсейнмэн,soulflayer,1569,evoker,devastation,103,54,49
8446,Углекислот,howling-fjord,1564,evoker,devastation,72,31,41
8447,Ocanada,draenor,1563,evoker,devastation,84,45,39
8448,Drakshoff,khaz-modan,1561,evoker,devastation,236,126,110
8449,Touchmywings,ravencrest,1560,evoker,devastation,24,17,7
8450,Ch,ghostlands,1551,evoker,devastation,41,20,21
8451,Cûddles,hyjal,1548,evoker,devastation,132,68,64
8452,Hömeöffice,sylvanas,1545,evoker,devastation,35,19,16
8453,Tetsú,tarren-mill,1541,evoker,devastation,42,23,19
8454,Kayly,twisting-nether,1540,evoker,devastation,42,29,13
8455,Tiganj,silvermoon,1536,evoker,devastation,42,28,14
8456,Dowaa,tarren-mill,1528,evoker,devastation,42,19,23
8457,Ken,la-croisade-écarlate,1527,evoker,devastation,168,88,80
8458,Merkels,blackmoore,1525,evoker,devastation,193,93,100
8459,Hyperflexx,blackrock,1521,evoker,devastation,30,16,14
8460,Phanex,bloodhoof,1520,evoker,devastation,42,17,25
8461,Lilpooper,bloodhoof,1508,evoker,devastation,51,26,25
8462,Tibimbo,blackrock,1506,evoker,devastation,68,39,29
8463,Arbylegion,outland,1506,evoker,devastation,112,61,51
8464,Ironwing,sanguino,1502,evoker,devastation,456,234,222
8465,Bakspek,kilrogg,1498,evoker,devastation,24,16,8
8466,Mommystrasza,dentarg,1493,evoker,devastation,86,43,43
8467,Draghad,blackmoore,1493,evoker,devastation,70,34,36
8468,Kuve,stormscale,1492,evoker,devastation,57,31,26
8469,Ruinastrasza,silvermoon,1490,evoker,devastation,145,71,74
8470,Agnî,sanguino,1490,evoker,devastation,82,40,42
8471,Màlakir,chogall,1489,evoker,devastation,36,17,19
8472,Kaynyxia,argent-dawn,1487,evoker,devastation,45,25,20
8473,Emmagosa,argent-dawn,1484,evoker,devastation,66,35,31
8474,Bodytypechad,ravencrest,1482,evoker,devastation,60,32,28
8475,Dracyan,taerar,1479,evoker,devastation,42,24,18
8476,Chuckyy,archimonde,1476,evoker,devastation,36,21,15
8477,Draakoñ,outland,1473,evoker,devastation,42,18,24
8478,Motloh,ravencrest,1468,evoker,devastation,42,20,22
8479,Yol,bladefist,1468,evoker,devastation,48,21,27
8480,Yála,anetheron,1464,evoker,devastation,220,112,108
8481,Спайрок,gordunni,1464,evoker,devastation,133,61,72
8482,Baroqs,antonidas,1456,evoker,devastation,24,18,6
8483,Nagoli,silvermoon,1456,evoker,devastation,52,27,25
8484,Кунидракон,gordunni,1453,evoker,devastation,80,37,43
8485,Malfoyer,arathor,1452,evoker,devastation,54,30,24
8486,Ghiscar,dentarg,1451,evoker,devastation,102,50,52
8487,Stefanosxios,bloodfeather,1450,evoker,devastation,65,32,33
8488,Parisinka,silvermoon,1444,evoker,devastation,233,120,113
8489,Паунфаунд,eversong,1435,evoker,devastation,96,45,51
8490,Feyrbrand,ysera,1434,evoker,devastation,92,48,44
8491,Bindrasz,ahnqiraj,1433,evoker,devastation,30,15,15
8492,Spýröo,kazzak,1432,evoker,devastation,60,39,21
8493,Drakea,sanguino,1432,evoker,devastation,98,49,49
8494,Pippomale,nemesis,1430,evoker,devastation,42,22,20
8495,Лабриса,galakrond,1428,evoker,devastation,130,61,69
8496,Caliss,archimonde,1427,evoker,devastation,71,38,33
8497,Drákon,dalaran,1425,evoker,devastation,101,47,54
8498,Nazalath,eonar,1418,evoker,devastation,91,46,45
8499,Xtdrakaris,uldum,1417,evoker,devastation,401,199,202
8500,Badrig,silvermoon,1415,evoker,devastation,63,35,28
8501,Solandor,kazzak,1411,evoker,devastation,24,15,9
8502,Flügelnix,blackmoore,1401,evoker,devastation,59,28,31
8503,Драгтир,blackscar,1397,evoker,devastation,67,42,25
8504,Ксдз,soulflayer,1397,evoker,devastation,54,27,27
8505,Avizz,tarren-mill,1396,evoker,devastation,33,18,15
8506,Magmarôs,argent-dawn,1395,evoker,devastation,61,36,25
8507,Yaboismok,burning-legion,1393,evoker,devastation,47,22,25
8508,Øseria,khaz-modan,1392,evoker,devastation,64,37,27
8509,Tályn,twisting-nether,1385,evoker,devastation,48,25,23
8510,Drunkino,aegwynn,1377,evoker,devastation,48,23,25
8511,Nathraakhza,argent-dawn,1375,evoker,devastation,48,26,22
8512,Dratheon,dun-modr,1375,evoker,devastation,39,20,19
8513,Cuufizix,silvermoon,1372,evoker,devastation,58,31,27
8514,Voldermort,ravencrest,1372,evoker,devastation,47,23,24
8515,Honz,antonidas,1370,evoker,devastation,42,19,23
8516,Seryphys,blackhand,1368,evoker,devastation,36,20,16
8517,Sakade,archimonde,1359,evoker,devastation,66,22,44
8518,Darktempest,onyxia,1357,evoker,devastation,54,28,26
8519,Grillkylling,outland,1351,evoker,devastation,51,25,26
8520,Keeqo,silvermoon,1348,evoker,devastation,42,26,16
8521,Thyriån,kazzak,1344,evoker,devastation,42,19,23
8522,Juicyjeffe,blackrock,1341,evoker,devastation,18,14,4
8523,Yoshinora,archimonde,1337,evoker,devastation,30,15,15
8524,Potéto,rashgarroth,1334,evoker,devastation,72,31,41
8525,Fogwing,ravencrest,1330,evoker,devastation,29,15,14
8526,Karnâks,silvermoon,1326,evoker,devastation,30,16,14
8527,Димадракон,gordunni,1321,evoker,devastation,58,37,21
8528,Йормунгандка,soulflayer,1313,evoker,devastation,33,16,17
8529,Dakir,blackmoore,1312,evoker,devastation,38,26,12
8530,Favill,blackhand,1312,evoker,devastation,69,30,39
8531,Snoby,onyxia,1309,evoker,devastation,152,67,85
8532,Childofdawn,blackmoore,1303,evoker,devastation,42,24,18
8533,Draxone,malfurion,1297,evoker,devastation,54,33,21
8534,Tenshà,nemesis,1297,evoker,devastation,34,16,18
8535,Yaldthion,dun-modr,1295,evoker,devastation,42,18,24
8536,Thavion,forscherliga,1291,evoker,devastation,30,14,16
8537,Душнот,fordragon,1286,evoker,devastation,47,26,21
8538,Airbourne,sanguino,1280,evoker,devastation,38,18,20
8539,Dragonaked,silvermoon,1279,evoker,devastation,78,38,40
8540,Sharaxis,blackmoore,1276,evoker,devastation,42,23,19
8541,Драганайт,gordunni,1274,evoker,devastation,94,58,36
8542,Rieper,twisting-nether,1273,evoker,devastation,153,76,77
8543,Steeken,haomarush,1273,evoker,devastation,105,47,58
8544,Shmog,stormscale,1272,evoker,devastation,41,15,26
8545,Rowzy,sylvanas,1269,evoker,devastation,83,43,40
8546,Ppiaxx,dalaran,1263,evoker,devastation,30,15,15
8547,Gharløk,outland,1262,evoker,devastation,50,27,23
8548,Echoker,stormscale,1261,evoker,devastation,31,16,15
8549,Llael,blackhand,1259,evoker,devastation,86,36,50
8550,Shoggoth,chogall,1258,evoker,devastation,126,59,67
8551,Коляомон,gordunni,1256,evoker,devastation,71,38,33
8552,Dragoncloak,blackrock,1248,evoker,devastation,94,55,39
8553,Orazur,hyjal,1247,evoker,devastation,18,13,5
8554,Swapxyevo,ravencrest,1246,evoker,devastation,24,13,11
8555,Veo,aggra-português,1244,evoker,devastation,42,20,22
8556,Flaminghot,stormreaver,1243,evoker,devastation,236,129,107
8557,Доракарис,deathweaver,1243,evoker,devastation,42,20,22
8558,Smegma,norgannon,1239,evoker,devastation,18,13,5
8559,Woasid,outland,1239,evoker,devastation,18,13,5
8560,Папиич,soulflayer,1239,evoker,devastation,41,15,26
8561,Shenronblue,bloodscalp,1237,evoker,devastation,24,13,11
8562,Lagerstrasza,stormreaver,1234,evoker,devastation,30,13,17
8563,Oudwood,onyxia,1229,evoker,devastation,36,13,23
8564,Xendrag,silvermoon,1227,evoker,devastation,96,45,51
8565,Tokzestra,hyjal,1222,evoker,devastation,62,28,34
8566,Шотнутый,soulflayer,1219,evoker,devastation,33,18,15
8567,Isizzu,draenor,1205,evoker,devastation,73,37,36
8568,Xfckd,ragnaros,1199,evoker,devastation,60,28,32
8569,Mesmerìze,khaz-modan,1185,evoker,devastation,30,14,16
8570,Ryújín,blackhand,1183,evoker,devastation,29,13,16
8571,Dragomakry,blackmoore,1176,evoker,devastation,18,14,4
8572,Hazzèr,blackrock,1176,evoker,devastation,28,14,14
8573,Ольменго,fordragon,1175,evoker,devastation,28,13,15
8574,Daboc,tarren-mill,1170,evoker,devastation,58,26,32
8575,Thebigsmoke,lightbringer,1155,evoker,devastation,90,44,46
8576,Sloeez,kazzak,1152,evoker,devastation,30,12,18
8577,Kmzi,twisting-nether,1151,evoker,devastation,24,12,12
8578,Nuvese,tarren-mill,1147,evoker,devastation,24,12,12
8579,Zaralek,stormscale,1145,evoker,devastation,18,12,6
8580,Imwhite,doomhammer,1144,evoker,devastation,48,22,26
8581,Туймаада,soulflayer,1141,evoker,devastation,18,12,6
8582,Kaìdo,tarren-mill,1140,evoker,devastation,24,12,12
8583,Ahiresegyfej,ragnaros,1139,evoker,devastation,54,30,24
8584,Ignisaureus,silvermoon,1133,evoker,devastation,30,13,17
8585,Kirinde,draenor,1132,evoker,devastation,18,12,6
8586,Алыйкиви,howling-fjord,1127,evoker,devastation,27,15,12
8587,Sleepnot,argent-dawn,1121,evoker,devastation,18,12,6
8588,Lektar,eredar,1118,evoker,devastation,29,13,16
8589,Dragis,die-aldor,1116,evoker,devastation,30,15,15
8590,Rytoshi,medivh,1111,evoker,devastation,72,25,47
8591,Ayders,khaz-modan,1110,evoker,devastation,114,49,65
8592,Lago,gorgonnash,1107,evoker,devastation,37,20,17
8593,Theredpepper,outland,1104,evoker,devastation,30,12,18
8594,Lugarius,gilneas,1098,evoker,devastation,33,17,16
8595,Iolite,dun-modr,1087,evoker,devastation,72,35,37
8596,Crygon,outland,1086,evoker,devastation,42,17,25
8597,Padrepì,nemesis,1078,evoker,devastation,18,13,5
8598,Ekko,nethersturm,1076,evoker,devastation,36,19,17
8599,Syraxis,shadowsong,1074,evoker,devastation,22,12,10
8600,Akúda,blackhand,1069,evoker,devastation,42,20,22
8601,Sethos,dalaran,1068,evoker,devastation,36,13,23
8602,Evojøa,tarren-mill,1056,evoker,devastation,18,11,7
8603,Kamehaméha,outland,1055,evoker,devastation,24,11,13
8604,Dragônslayer,amanthul,1054,evoker,devastation,24,14,10
8605,Otr,draenor,1054,evoker,devastation,48,18,30
8606,Jelboen,draenor,1053,evoker,devastation,22,13,9
8607,Pêrcevâl,archimonde,1053,evoker,devastation,24,11,13
8608,Dragonlia,blackrock,1052,evoker,devastation,18,11,7
8609,Lecutos,sunstrider,1052,evoker,devastation,18,11,7
8610,Skywitch,ragnaros,1052,evoker,devastation,30,11,19
8611,Drackial,zuljin,1051,evoker,devastation,24,11,13
8612,Deadlyvok,zenedar,1050,evoker,devastation,18,11,7
8613,Nurilla,twisting-nether,1049,evoker,devastation,18,11,7
8614,Azzul,teldrassil,1046,evoker,devastation,25,14,11
8615,Raagnar,kazzak,1038,evoker,devastation,24,11,13
8616,Yantaî,hyjal,1034,evoker,devastation,18,11,7
8617,Рептилойдина,howling-fjord,1030,evoker,devastation,24,11,13
8618,Elorand,ulduar,1025,evoker,devastation,78,29,49
8619,Canitabravar,cthun,1023,evoker,devastation,48,23,25
8620,Arella,mannoroth,1021,evoker,devastation,71,38,33
8621,Pedogos,outland,1016,evoker,devastation,75,31,44
8622,Emayra,argent-dawn,986,evoker,devastation,17,11,6
8623,Rîncêwind,uldum,965,evoker,devastation,36,20,16
8624,Rhegal,auchindoun,960,evoker,devastation,12,10,2
8625,Spicylizard,stormscale,960,evoker,devastation,18,10,8
8626,Пивнаябошка,soulflayer,960,evoker,devastation,18,10,8
8627,Myxker,burning-legion,960,evoker,devastation,24,10,14
8628,Jinthyr,anachronos,959,evoker,devastation,12,10,2
8629,Lùñe,hyjal,959,evoker,devastation,12,10,2
8630,Terradòr,die-aldor,959,evoker,devastation,18,10,8
8631,Aegón,uldum,959,evoker,devastation,30,10,20
8632,Nochance,dentarg,958,evoker,devastation,12,10,2
8633,Волккейн,soulflayer,958,evoker,devastation,18,10,8
8634,Лечулечу,blackscar,958,evoker,devastation,24,10,14
8635,Evokimag,grim-batol,958,evoker,devastation,24,10,14
8636,Tenkenfutsu,elune,958,evoker,devastation,54,21,33
8637,Maccen,twisting-nether,955,evoker,devastation,18,10,8
8638,Danaval,blackhand,955,evoker,devastation,18,10,8
8639,Enzospatalo,nemesis,955,evoker,devastation,18,10,8
8640,Grajade,dun-modr,954,evoker,devastation,18,10,8
8641,Scalash,drakthul,950,evoker,devastation,36,20,16
8642,Leskano,aegwynn,948,evoker,devastation,24,12,12
8643,Evosker,zuljin,947,evoker,devastation,30,10,20
8644,Алексатэтсуя,ashenvale,945,evoker,devastation,24,10,14
8645,Быковскии,howling-fjord,939,evoker,devastation,60,34,26
8646,Scalo,kazzak,935,evoker,devastation,17,10,7
8647,Stormydude,doomhammer,907,evoker,devastation,24,13,11
8648,Sleipnyr,garrosh,888,evoker,devastation,60,27,33
8649,Donairian,doomhammer,885,evoker,devastation,60,29,31
8650,Shaze,zuljin,879,evoker,devastation,17,10,7
8651,Dragotar,malygos,868,evoker,devastation,64,31,33
8652,Minikuja,culte-de-la-rive-noire,865,evoker,devastation,72,31,41
8653,Deny,frostmane,864,evoker,devastation,12,9,3
8654,Ralfferion,auchindoun,864,evoker,devastation,18,9,9
8655,Yimvoker,blackrock,864,evoker,devastation,18,9,9
8656,Juhadormu,stormreaver,864,evoker,devastation,18,9,9
8657,Krazuntus,argent-dawn,864,evoker,devastation,18,9,9
8658,Pinacóladaqt,stormscale,864,evoker,devastation,18,9,9
8659,Féféledragon,archimonde,863,evoker,devastation,18,9,9
8660,Рогатыйдебик,gordunni,863,evoker,devastation,18,9,9
8661,Storhorn,silvermoon,863,evoker,devastation,30,9,21
8662,Saragoza,kirin-tor,862,evoker,devastation,18,9,9
8663,Abehethan,archimonde,862,evoker,devastation,18,9,9
8664,Dreek,emerald-dream,861,evoker,devastation,12,9,3
8665,Nanderoza,the-maelstrom,861,evoker,devastation,12,9,3
8666,Hornytail,doomhammer,861,evoker,devastation,18,9,9
8667,Ouaitamaman,draenor,861,evoker,devastation,18,9,9
8668,Dschíses,malganis,858,evoker,devastation,18,9,9
8669,Karistrasza,sylvanas,854,evoker,devastation,24,9,15
8670,Elitedraach,tarren-mill,847,evoker,devastation,17,9,8
8671,Oeos,dragonblight,843,evoker,devastation,30,9,21
8672,Флардикас,gordunni,842,evoker,devastation,24,9,15
8673,Vucashi,blackhand,834,evoker,devastation,28,9,19
8674,Xatures,twisting-nether,832,evoker,devastation,24,14,10
8675,Sivaas,arathi,832,evoker,devastation,60,29,31
8676,Dragonhero,arygos,830,evoker,devastation,36,16,20
8677,Thebabayag,kazzak,823,evoker,devastation,24,10,14
8678,Crynerf,ravencrest,817,evoker,devastation,84,39,45
8679,Kiwí,antonidas,768,evoker,devastation,12,8,4
8680,Beeragos,deathwing,768,evoker,devastation,12,8,4
8681,Tsunamì,ysondre,768,evoker,devastation,12,8,4
8682,Gloombloom,emeriss,768,evoker,devastation,13,8,5
8683,Súnny,archimonde,768,evoker,devastation,15,8,7
8684,Zp,kazzak,768,evoker,devastation,18,8,10
8685,Meust,destromath,768,evoker,devastation,18,8,10
8686,Nekrosdrake,tarren-mill,768,evoker,devastation,18,8,10
8687,Garussy,draenor,768,evoker,devastation,18,8,10
8688,Lurkî,blackhand,768,evoker,devastation,18,8,10
8689,Mazakqt,draenor,768,evoker,devastation,18,8,10
8690,Fayral,blackmoore,767,evoker,devastation,12,8,4
8691,Balerioon,draenor,767,evoker,devastation,12,8,4
8692,Deathwingx,sylvanas,767,evoker,devastation,18,8,10
8693,Tooltipshow,ragnaros,767,evoker,devastation,18,8,10
8694,Antistrasza,argent-dawn,766,evoker,devastation,12,8,4
8695,Loveheart,die-aldor,766,evoker,devastation,18,8,10
8696,Flawxy,blackmoore,766,evoker,devastation,18,8,10
8697,Гекаш,soulflayer,765,evoker,devastation,24,8,16
8698,Leyca,outland,764,evoker,devastation,24,8,16
8699,Firebutt,argent-dawn,763,evoker,devastation,12,8,4
8700,Ogienoddech,silvermoon,762,evoker,devastation,18,8,10
8701,Drakenballen,ragnaros,755,evoker,devastation,15,8,7
8702,Mallor,kirin-tor,753,evoker,devastation,24,8,16
8703,Davioncz,thunderhorn,749,evoker,devastation,12,8,4
8704,Drakridarn,kazzak,733,evoker,devastation,17,8,9
8705,Эбиб,gordunni,672,evoker,devastation,12,7,5
8706,Lazurius,ravencrest,672,evoker,devastation,12,7,5
8707,Varagon,rexxar,672,evoker,devastation,12,7,5
8708,Gonzalo,dun-modr,672,evoker,devastation,12,7,5
8709,Arecibo,tarren-mill,672,evoker,devastation,12,7,5
8710,Sebek,archimonde,672,evoker,devastation,12,7,5
8711,Zettaflare,nazjatar,672,evoker,devastation,12,7,5
8712,Flythe,silvermoon,672,evoker,devastation,12,7,5
8713,Styxev,blackhand,672,evoker,devastation,12,7,5
8714,Saintly,kult-der-verdammten,672,evoker,devastation,18,7,11
8715,Glurakk,aegwynn,672,evoker,devastation,18,7,11
8716,Kábutø,antonidas,671,evoker,devastation,12,7,5
8717,Evoslaps,norgannon,671,evoker,devastation,12,7,5
8718,Mijähh,taerar,671,evoker,devastation,18,7,11
8719,Stalkhyr,elune,671,evoker,devastation,18,7,11
8720,Lizzardhero,kazzak,670,evoker,devastation,18,7,11
8721,Enemi,twisting-nether,669,evoker,devastation,14,9,5
8722,Kvothe,malygos,668,evoker,devastation,18,7,11
8723,Ewoky,ravencrest,667,evoker,devastation,12,7,5
8724,Fruhans,tarren-mill,667,evoker,devastation,12,7,5
8725,Аверьятор,fordragon,663,evoker,devastation,18,7,11
8726,Chrysaetor,argent-dawn,657,evoker,devastation,12,7,5
8727,Kayizer,archimonde,657,evoker,devastation,12,7,5
8728,Draknil,ysondre,640,evoker,devastation,16,7,9
8729,Zharas,nemesis,623,evoker,devastation,11,7,4
8730,Серцедраконн,gordunni,622,evoker,devastation,21,7,14
8731,Morsan,tichondrius,619,evoker,devastation,11,7,4
8732,Tendoker,ragnaros,606,evoker,devastation,11,7,4
8733,Dovakin,arathi,601,evoker,devastation,14,7,7
8734,Zpartadraga,ragnaros,584,evoker,devastation,9,8,1
8735,Henmon,defias-brotherhood,576,evoker,devastation,6,6,0
8736,Hodnsak,blackmoore,576,evoker,devastation,6,6,0
8737,Telepathy,ravencrest,576,evoker,devastation,6,6,0
8738,Dracalos,silvermoon,576,evoker,devastation,12,6,6
8739,Xendragon,kazzak,576,evoker,devastation,12,6,6
8740,Mattyastrasz,hyjal,576,evoker,devastation,12,6,6
8741,Charezard,draenor,576,evoker,devastation,12,6,6
8742,Фаламэйн,soulflayer,576,evoker,devastation,12,6,6
8743,Terrorclaw,ragnaros,576,evoker,devastation,12,6,6
8744,Khimari,xavius,576,evoker,devastation,12,6,6
8745,Puffdaddyxd,twisting-nether,576,evoker,devastation,12,6,6
8746,Scathethrel,draenor,576,evoker,devastation,12,6,6
8747,Haltorr,ravencrest,576,evoker,devastation,18,6,12
8748,Shumma,frostmane,576,evoker,devastation,18,6,12
8749,Burnrate,draenor,576,evoker,devastation,20,6,14
8750,Lifestrasza,drakthul,575,evoker,devastation,6,6,0
8751,Chunlooi,baelgun,575,evoker,devastation,12,6,6
8752,Meyowuo,doomhammer,575,evoker,devastation,14,6,8
8753,Snitties,tarren-mill,575,evoker,devastation,18,6,12
8754,Copíum,silvermoon,575,evoker,devastation,18,6,12
8755,Mazzg,blackmoore,574,evoker,devastation,21,7,14
8756,Morph,talnivarr,574,evoker,devastation,18,6,12
8757,Firaxis,kazzak,573,evoker,devastation,12,6,6
8758,Molem,defias-brotherhood,543,evoker,devastation,11,6,5
8759,Филлид,gordunni,543,evoker,devastation,14,7,7
8760,Lilvorki,silvermoon,543,evoker,devastation,17,6,11
8761,Hekatonshire,hyjal,539,evoker,devastation,11,6,5
8762,Ashlàr,earthen-ring,525,evoker,devastation,15,6,9
8763,Rise,tarren-mill,522,evoker,devastation,12,7,5
8764,Elvarg,ragnaros,480,evoker,devastation,6,5,1
8765,Hösh,elune,480,evoker,devastation,6,5,1
8766,Nyedrak,kilrogg,480,evoker,devastation,6,5,1
8767,Tovaro,xavius,480,evoker,devastation,6,5,1
8768,Cooperevoker,blackrock,480,evoker,devastation,12,5,7
8769,Kda,die-nachtwache,480,evoker,devastation,12,5,7
8770,Rekinn,tarren-mill,480,evoker,devastation,12,5,7
8771,Сансетшторм,gordunni,480,evoker,devastation,12,5,7
8772,Skulblakas,blackmoore,480,evoker,devastation,12,5,7
8773,Arbîter,eredar,480,evoker,devastation,12,5,7
8774,Dracnass,silvermoon,480,evoker,devastation,12,5,7
8775,Spyro,bloodfeather,480,evoker,devastation,12,5,7
8776,Pavelito,ysondre,480,evoker,devastation,12,5,7
8777,Drexxe,boulderfist,480,evoker,devastation,12,5,7
8778,Pandagos,archimonde,480,evoker,devastation,12,5,7
8779,Niddhog,antonidas,480,evoker,devastation,12,5,7
8780,Predictrash,archimonde,480,evoker,devastation,12,5,7
8781,Леерустан,howling-fjord,480,evoker,devastation,12,5,7
8782,Tilwahlzok,pozzo-delleternità,480,evoker,devastation,12,5,7
8783,Dopëshow,drakthul,479,evoker,devastation,6,5,1
8784,Vermithors,ravencrest,479,evoker,devastation,12,5,7
8785,Magicae,drakthul,479,evoker,devastation,12,5,7
8786,Кайрэс,gordunni,479,evoker,devastation,12,5,7
8787,Mirazare,khadgar,478,evoker,devastation,12,5,7
8788,Vanima,forscherliga,477,evoker,devastation,6,5,1
8789,Shenrøn,garona,476,evoker,devastation,12,5,7
8790,Acedragniir,khaz-modan,473,evoker,devastation,12,5,7
8791,Julerion,draenor,472,evoker,devastation,12,5,7
8792,Luu,the-maelstrom,384,evoker,devastation,6,4,2
8793,Billyhassan,stormscale,384,evoker,devastation,6,4,2
8794,Deathdream,stormscale,384,evoker,devastation,6,4,2
8795,Iblvicanfly,stormscale,384,evoker,devastation,6,4,2
8796,Bläckrow,tarren-mill,384,evoker,devastation,6,4,2
8797,Dragorus,stormscale,384,evoker,devastation,6,4,2
8798,Theralon,tarren-mill,384,evoker,devastation,6,4,2
8799,Skiora,argent-dawn,384,evoker,devastation,6,4,2
8800,Blamdrake,blackhand,384,evoker,devastation,6,4,2
8801,Scalewind,twisting-nether,384,evoker,devastation,6,4,2
8802,Notadvanced,draenor,384,evoker,devastation,6,4,2
8803,Wurm,shadowsong,384,evoker,devastation,6,4,2
8804,Advancedboy,archimonde,384,evoker,devastation,6,4,2
8805,Штеци,howling-fjord,384,evoker,devastation,6,4,2
8806,Gulimvoker,aegwynn,384,evoker,devastation,6,4,2
8807,Zyevoker,silvermoon,384,evoker,devastation,6,4,2
8808,Spyróò,ravencrest,384,evoker,devastation,12,4,8
8809,Лавеон,gordunni,384,evoker,devastation,12,4,8
8810,Ãbl,silvermoon,384,evoker,devastation,12,4,8
8811,Dracofeuxd,archimonde,384,evoker,devastation,12,4,8
8812,Huangzhang,burning-legion,384,evoker,devastation,12,4,8
8813,Дракарус,soulflayer,384,evoker,devastation,12,4,8
8814,Nynnaydoth,drakthul,384,evoker,devastation,12,4,8
8815,Croker,ravencrest,384,evoker,devastation,12,4,8
8816,Draconz,stormrage,384,evoker,devastation,12,4,8
8817,Bæxo,blackrock,384,evoker,devastation,18,4,14
8818,Jamesdouglas,eredar,383,evoker,devastation,6,4,2
8819,Bombrush,ragnaros,383,evoker,devastation,9,5,4
8820,Ominobari,silvermoon,383,evoker,devastation,18,4,14
8821,Sheego,anetheron,382,evoker,devastation,6,4,2
8822,Мизурион,gordunni,382,evoker,devastation,6,4,2
8823,Calonddraig,turalyon,382,evoker,devastation,6,4,2
8824,Flameclaw,argent-dawn,382,evoker,devastation,6,4,2
8825,Dracsamdi,tarren-mill,367,evoker,devastation,11,4,7
8826,Tremola,twisting-nether,320,evoker,devastation,10,4,6
8827,Belkavoker,zirkel-des-cenarius,319,evoker,devastation,5,4,1
8828,Somntersu,argent-dawn,319,evoker,devastation,5,4,1
8829,Darthagos,outland,288,evoker,devastation,6,3,3
8830,Paizz,tarren-mill,288,evoker,devastation,6,3,3
8831,Навидх,howling-fjord,288,evoker,devastation,6,3,3
8832,Drachenwut,aegwynn,288,evoker,devastation,6,3,3
8833,Flippmoker,argent-dawn,288,evoker,devastation,6,3,3
8834,Rosiash,auchindoun,288,evoker,devastation,6,3,3
8835,Lìshrá,baelgun,288,evoker,devastation,6,3,3
8836,Dalsath,silvermoon,288,evoker,devastation,6,3,3
8837,Dracofion,ravencrest,288,evoker,devastation,6,3,3
8838,Feinerkerl,blackmoore,288,evoker,devastation,6,3,3
8839,Drôgon,archimonde,288,evoker,devastation,6,3,3
8840,Azurog,blackmoore,288,evoker,devastation,6,3,3
8841,Whaazzdragon,tarren-mill,288,evoker,devastation,6,3,3
8842,Bestofriendo,eredar,288,evoker,devastation,6,3,3
8843,Ðragøn,argent-dawn,288,evoker,devastation,6,3,3
8844,Ripgódx,bronzebeard,288,evoker,devastation,6,3,3
8845,Adônis,malorne,288,evoker,devastation,6,3,3
8846,Норус,howling-fjord,288,evoker,devastation,6,3,3
8847,Silvior,outland,288,evoker,devastation,6,3,3
8848,Тектрис,howling-fjord,288,evoker,devastation,6,3,3
8849,Fivebeers,silvermoon,288,evoker,devastation,6,3,3
8850,Malowux,outland,288,evoker,devastation,6,3,3
8851,Драккалис,eversong,288,evoker,devastation,6,3,3
8852,Jrmdragik,kaelthas,288,evoker,devastation,6,3,3
8853,Ughvoker,kazzak,288,evoker,devastation,6,3,3
8854,Lajra,ragnaros,288,evoker,devastation,6,3,3
8855,Jaykvoker,kazzak,288,evoker,devastation,6,3,3
8856,Devoxz,tarren-mill,288,evoker,devastation,6,3,3
8857,Nózdormuwu,argent-dawn,288,evoker,devastation,6,3,3
8858,Alusiedrake,ravencrest,288,evoker,devastation,6,3,3
8859,Drokki,burning-legion,288,evoker,devastation,6,3,3
8860,Merqury,ravencrest,288,evoker,devastation,6,3,3
8861,Nerõ,thrall,288,evoker,devastation,6,3,3
8862,Hateroll,ravencrest,288,evoker,devastation,6,3,3
8863,Azustraza,ysondre,288,evoker,devastation,6,3,3
8864,Azzazed,dun-modr,288,evoker,devastation,6,3,3
8865,Feldrac,ravencrest,288,evoker,devastation,6,3,3
8866,Nørgan,die-aldor,288,evoker,devastation,6,3,3
8867,Louzard,draenor,288,evoker,devastation,6,3,3
8868,Mollÿ,sanguino,288,evoker,devastation,6,3,3
8869,Nerfmeplze,outland,288,evoker,devastation,6,3,3
8870,Geckonen,stormreaver,288,evoker,devastation,6,3,3
8871,Эндемический,soulflayer,288,evoker,devastation,6,3,3
8872,Shindragøsa,ysondre,288,evoker,devastation,12,3,9
8873,Rhel,the-maelstrom,288,evoker,devastation,12,3,9
8874,Valdrakken,anubarak,288,evoker,devastation,12,3,9
8875,Hästdrake,the-maelstrom,288,evoker,devastation,12,3,9
8876,Gailliade,archimonde,288,evoker,devastation,12,3,9
8877,Kirkgon,terokkar,288,evoker,devastation,12,3,9
8878,Tamargon,frostwhisper,288,evoker,devastation,12,3,9
8879,Kharon,garrosh,288,evoker,devastation,18,3,15
8880,Belianf,silvermoon,287,evoker,devastation,6,3,3
8881,Sliimshady,dalaran,287,evoker,devastation,6,3,3
8882,Drks,draenor,287,evoker,devastation,12,4,8
8883,Aegonis,archimonde,287,evoker,devastation,12,3,9
8884,Kirien,blackhand,234,evoker,devastation,22,4,18
8885,Färsia,drakthul,223,evoker,devastation,8,3,5
8886,Lelemion,arathor,192,evoker,devastation,6,2,4
8887,Snàx,aggra-português,192,evoker,devastation,6,2,4
8888,Kandragor,antonidas,192,evoker,devastation,6,2,4
8889,Ellphi,illidan,192,evoker,devastation,6,2,4
8890,Saratharion,argent-dawn,192,evoker,devastation,6,2,4
8891,Митокада,soulflayer,192,evoker,devastation,6,2,4
8892,Bittewhyally,grim-batol,192,evoker,devastation,6,2,4
8893,Batmanjasii,eredar,192,evoker,devastation,6,2,4
8894,Draaxy,twisting-nether,192,evoker,devastation,6,2,4
8895,Adamâs,archimonde,192,evoker,devastation,6,2,4
8896,Azzaanan,kirin-tor,192,evoker,devastation,6,2,4
8897,Vynestria,argent-dawn,192,evoker,devastation,6,2,4
8898,Shellfire,twisting-nether,192,evoker,devastation,6,2,4
8899,Валказар,gordunni,192,evoker,devastation,6,2,4
8900,Drevoker,daggerspine,192,evoker,devastation,6,2,4
8901,Mørningstãr,ragnaros,192,evoker,devastation,6,2,4
8902,Oogabuga,outland,192,evoker,devastation,6,2,4
8903,Fueu,draenor,192,evoker,devastation,6,2,4
8904,Bal,arakarahm,192,evoker,devastation,6,2,4
8905,Reddeaddrago,silvermoon,192,evoker,devastation,6,2,4
8906,Chürbis,blackmoore,192,evoker,devastation,6,2,4
8907,Twokgbananas,blackhand,192,evoker,devastation,6,2,4
8908,Exitelolx,blackrock,192,evoker,devastation,6,2,4
8909,Raøug,blackmoore,192,evoker,devastation,6,2,4
8910,Norskairline,kazzak,192,evoker,devastation,6,2,4
8911,Niluslangbal,stormscale,192,evoker,devastation,6,2,4
8912,Evøcado,blackmoore,192,evoker,devastation,6,2,4
8913,Kroqmoo,drekthar,192,evoker,devastation,7,2,5
8914,Lubyan,pozzo-delleternità,192,evoker,devastation,18,3,15
8915,Jacra,twisting-nether,192,evoker,devastation,12,2,10
8916,Andragosa,confrérie-du-thorium,192,evoker,devastation,12,2,10
8917,Nybxx,frostmane,192,evoker,devastation,12,2,10
8918,Erenhan,archimonde,192,evoker,devastation,12,2,10
8919,Дракомант,eversong,192,evoker,devastation,12,2,10
8920,Czerwonooki,turalyon,192,evoker,devastation,12,2,10
8921,Kraakraa,turalyon,191,evoker,devastation,6,2,4
8922,Deimong,khaz-modan,191,evoker,devastation,6,2,4
8923,Эллъис,gordunni,160,evoker,devastation,22,3,19
8924,Вжухкия,gordunni,159,evoker,devastation,5,2,3
8925,Gypsydrake,tarren-mill,159,evoker,devastation,8,3,5
8926,Rufistraz,burning-legion,96,evoker,devastation,3,2,1
8927,Tneen,stormscale,96,evoker,devastation,3,2,1
8928,Craycry,argent-dawn,96,evoker,devastation,6,1,5
8929,Holdya,archimonde,96,evoker,devastation,6,1,5
8930,Devanthar,argent-dawn,96,evoker,devastation,6,1,5
8931,Zørix,hyjal,96,evoker,devastation,6,1,5
8932,Terrorwings,twisting-nether,96,evoker,devastation,6,1,5
8933,Rawrdragon,twisting-nether,96,evoker,devastation,6,1,5
8934,Asharys,argent-dawn,96,evoker,devastation,6,1,5
8935,Jetfqds,archimonde,96,evoker,devastation,6,1,5
8936,Dracarysfire,kazzak,96,evoker,devastation,6,1,5
8937,Zerario,blackhand,96,evoker,devastation,6,1,5
8938,Jpeo,blackhand,96,evoker,devastation,6,1,5
8939,Vahamut,argent-dawn,96,evoker,devastation,6,1,5
8940,Eosin,blackrock,96,evoker,devastation,6,1,5
8941,Barneyxx,tarren-mill,96,evoker,devastation,6,1,5
8942,Oldlizard,blackrock,96,evoker,devastation,6,1,5
8943,Retyss,twisting-nether,96,evoker,devastation,6,1,5
8944,Ronmanarmy,blackrock,96,evoker,devastation,6,1,5
8945,Skyfire,stormscale,96,evoker,devastation,6,1,5
8946,Мельхиор,booty-bay,96,evoker,devastation,6,1,5
8947,Малесиндра,gordunni,96,evoker,devastation,6,1,5
8948,Suba,tarren-mill,96,evoker,devastation,6,1,5
8949,Spioche,burning-legion,96,evoker,devastation,12,1,11
8950,Setur,outland,96,evoker,devastation,12,1,11
8951,Effrt,ravencrest,96,evoker,devastation,12,1,11
8952,Xidalulz,sylvanas,63,evoker,devastation,2,2,0
8953,Bulydracguir,kazzak,42,evoker,devastation,7,2,5
8954,Abragan,aegwynn,31,evoker,devastation,2,1,1
8955,Âspên,archimonde,31,evoker,devastation,2,1,1
8956,Thundermifln,nemesis,16,evoker,devastation,1,1,0
8957,Pjållistani,ravencrest,2004,hunter,marksmanship,155,85,70
8958,Olyleskotch,ravencrest,1983,hunter,marksmanship,60,31,29
8959,Nennimi,ravencrest,1978,hunter,marksmanship,87,44,43
8960,Alêx,outland,1973,hunter,marksmanship,114,58,56
8961,Yasuohasagi,archimonde,1967,hunter,marksmanship,60,30,30
8962,Stavfel,kazzak,1965,hunter,marksmanship,95,49,46
8963,Мартидэн,howling-fjord,1949,hunter,marksmanship,155,76,79
8964,Drxta,blackrock,1937,hunter,marksmanship,72,36,36
8965,Yezzu,sylvanas,1936,hunter,marksmanship,68,34,34
8966,Wruck,echsenkessel,1930,hunter,marksmanship,114,65,49
8967,Stylez,emeriss,1906,hunter,marksmanship,48,28,20
8968,Huprah,ravencrest,1901,hunter,marksmanship,126,63,63
8969,Matasso,burning-legion,1897,hunter,marksmanship,155,76,79
8970,Ceitronox,argent-dawn,1852,hunter,marksmanship,48,27,21
8971,Aimywinehaus,drakthul,1840,hunter,marksmanship,60,31,29
8972,Душнила,razuvious,1840,hunter,marksmanship,101,51,50
8973,Evacuatur,argent-dawn,1826,hunter,marksmanship,66,33,33
8974,Wildheárt,aegwynn,1824,hunter,marksmanship,66,35,31
8975,Ancalarion,tarren-mill,1824,hunter,marksmanship,54,26,28
8976,Hï,eitrigg,1819,hunter,marksmanship,72,35,37
8977,Cenaa,ragnaros,1816,hunter,marksmanship,25,19,6
8978,Techpoint,silvermoon,1816,hunter,marksmanship,42,27,15
8979,Crôwley,twisting-nether,1816,hunter,marksmanship,54,30,24
8980,Skilachi,stormscale,1814,hunter,marksmanship,66,30,36
8981,Xoarqt,aegwynn,1812,hunter,marksmanship,72,32,40
8982,Áñmy,ravencrest,1804,hunter,marksmanship,53,28,25
8983,Aimshotx,stormscale,1801,hunter,marksmanship,48,28,20
8984,Mogwai,stormscale,1801,hunter,marksmanship,59,29,30
8985,Passalaqua,aegwynn,1783,hunter,marksmanship,72,43,29
8986,Warbringerx,stormscale,1782,hunter,marksmanship,36,19,17
8987,Åíøñs,kazzak,1778,hunter,marksmanship,35,19,16
8988,Myice,twisting-nether,1771,hunter,marksmanship,66,36,30
8989,Buffrøgues,ravencrest,1768,hunter,marksmanship,157,80,77
8990,Bestregards,ravencrest,1767,hunter,marksmanship,83,37,46
8991,Johnreapèr,sylvanas,1751,hunter,marksmanship,71,33,38
8992,Harrianlar,ravenholdt,1750,hunter,marksmanship,60,23,37
8993,Ремонтлицаа,gordunni,1749,hunter,marksmanship,103,62,41
8994,Mógwaí,stormscale,1739,hunter,marksmanship,54,29,25
8995,Lenooby,blades-edge,1736,hunter,marksmanship,72,36,36
8996,Murtagh,khaz-modan,1733,hunter,marksmanship,72,37,35
8997,Лотариель,howling-fjord,1728,hunter,marksmanship,66,34,32
8998,Trashcarlito,eredar,1725,hunter,marksmanship,36,23,13
8999,Onlystuns,sylvanas,1720,hunter,marksmanship,47,22,25
9000,Арамор,blackscar,1715,hunter,marksmanship,46,26,20
9001,Hallé,frostmane,1714,hunter,marksmanship,78,43,35
9002,Strikke,archimonde,1709,hunter,marksmanship,42,18,24
9003,Amistat,kazzak,1699,hunter,marksmanship,84,41,43
9004,Setyouintrap,ravencrest,1698,hunter,marksmanship,42,24,18
9005,Xanter,blackrock,1698,hunter,marksmanship,62,29,33
9006,Huntrag,tarren-mill,1696,hunter,marksmanship,241,119,122
9007,Huntsmart,kazzak,1682,hunter,marksmanship,78,34,44
9008,Lowcaskor,turalyon,1678,hunter,marksmanship,47,26,21
9009,Dis,twilights-hammer,1675,hunter,marksmanship,47,22,25
9010,Velrox,blackmoore,1674,hunter,marksmanship,60,30,30
9011,Podroto,tyrande,1672,hunter,marksmanship,47,19,28
9012,Bearmane,tarren-mill,1670,hunter,marksmanship,82,42,40
9013,Jabela,eredar,1668,hunter,marksmanship,78,35,43
9014,Rizlay,the-maelstrom,1663,hunter,marksmanship,84,38,46
9015,Triggaz,stormscale,1661,hunter,marksmanship,79,38,41
9016,Maticshorter,blackmoore,1660,hunter,marksmanship,29,18,11
9017,Eldrekou,kazzak,1657,hunter,marksmanship,48,22,26
9018,Murkek,drakthul,1653,hunter,marksmanship,42,26,16
9019,Misstrap,drakthul,1652,hunter,marksmanship,35,22,13
9020,Адвентурер,howling-fjord,1652,hunter,marksmanship,96,53,43
9021,Speedhack,argent-dawn,1650,hunter,marksmanship,63,35,28
9022,Xqzmytrapz,blackrock,1650,hunter,marksmanship,36,18,18
9023,Dragnial,kazzak,1649,hunter,marksmanship,47,22,25
9024,Травок,gordunni,1648,hunter,marksmanship,58,32,26
9025,Dexter,ravencrest,1639,hunter,marksmanship,143,67,76
9026,Sindorian,aggra-português,1638,hunter,marksmanship,36,19,17
9027,Evengance,dragonblight,1637,hunter,marksmanship,54,38,16
9028,Naid,lordaeron,1632,hunter,marksmanship,36,20,16
9029,Амореселф,gordunni,1629,hunter,marksmanship,59,25,34
9030,Куфачка,soulflayer,1627,hunter,marksmanship,36,17,19
9031,Аккулэйд,blackscar,1625,hunter,marksmanship,48,21,27
9032,Nidaliyae,archimonde,1624,hunter,marksmanship,42,20,22
9033,Natchell,ysondre,1623,hunter,marksmanship,48,22,26
9034,Ледо,deathguard,1621,hunter,marksmanship,42,19,23
9035,Килофвратх,gordunni,1615,hunter,marksmanship,95,46,49
9036,Jetay,silvermoon,1613,hunter,marksmanship,60,33,27
9037,Играсломана,howling-fjord,1613,hunter,marksmanship,39,21,18
9038,Khregan,aerie-peak,1612,hunter,marksmanship,36,17,19
9039,Дарктеххно,howling-fjord,1611,hunter,marksmanship,30,17,13
9040,Loretta,ragnaros,1609,hunter,marksmanship,47,27,20
9041,Crétin,archimonde,1605,hunter,marksmanship,38,20,18
9042,Streetxpres,nethersturm,1602,hunter,marksmanship,35,19,16
9043,Gugenot,tarren-mill,1589,hunter,marksmanship,56,33,23
9044,Desudi,tarren-mill,1588,hunter,marksmanship,59,30,29
9045,Крой,howling-fjord,1588,hunter,marksmanship,83,40,43
9046,Hotshòt,silvermoon,1587,hunter,marksmanship,96,52,44
9047,Recrent,kazzak,1582,hunter,marksmanship,96,53,43
9048,Nätzz,dun-modr,1581,hunter,marksmanship,43,20,23
9049,Inayah,outland,1571,hunter,marksmanship,121,65,56
9050,Scheixanter,drakthul,1570,hunter,marksmanship,146,72,74
9051,Lebalaffré,arathi,1562,hunter,marksmanship,77,41,36
9052,Лисатия,gordunni,1562,hunter,marksmanship,48,22,26
9053,Minisay,magtheridon,1559,hunter,marksmanship,232,116,116
9054,Vruh,antonidas,1557,hunter,marksmanship,48,28,20
9055,Мизэрица,soulflayer,1556,hunter,marksmanship,66,32,34
9056,Mantinell,hellfire,1553,hunter,marksmanship,36,20,16
9057,Çryneth,ravencrest,1551,hunter,marksmanship,74,38,36
9058,Hardscoped,tarren-mill,1550,hunter,marksmanship,58,27,31
9059,Хальвеген,gordunni,1546,hunter,marksmanship,176,89,87
9060,Миссклик,soulflayer,1544,hunter,marksmanship,54,33,21
9061,Vangeroth,kazzak,1543,hunter,marksmanship,264,137,127
9062,Elja,laughing-skull,1534,hunter,marksmanship,42,25,17
9063,Mînérvá,blackhand,1530,hunter,marksmanship,60,38,22
9064,Jamzyhunter,emerald-dream,1530,hunter,marksmanship,42,17,25
9065,Miladinorc,azjolnerub,1524,hunter,marksmanship,42,26,16
9066,Swïtchz,hyjal,1521,hunter,marksmanship,81,42,39
9067,Kariss,khaz-modan,1521,hunter,marksmanship,143,71,72
9068,Trytoconnect,ravencrest,1516,hunter,marksmanship,48,26,22
9069,Eenel,twisting-nether,1513,hunter,marksmanship,30,16,14
9070,Eferos,quelthalas,1513,hunter,marksmanship,60,26,34
9071,Souljâh,ravencrest,1511,hunter,marksmanship,35,20,15
9072,Deuterium,stormscale,1509,hunter,marksmanship,24,16,8
9073,Jup,elune,1507,hunter,marksmanship,49,17,32
9074,Focushunter,outland,1506,hunter,marksmanship,64,30,34
9075,Ekz,twisting-nether,1504,hunter,marksmanship,40,20,20
9076,Sizemattersx,kazzak,1503,hunter,marksmanship,38,16,22
9077,Pickaboo,defias-brotherhood,1502,hunter,marksmanship,197,99,98
9078,Rattentäter,alexstrasza,1498,hunter,marksmanship,54,28,26
9079,Yarnvid,twisting-nether,1487,hunter,marksmanship,123,62,61
9080,Surtfire,alonsus,1485,hunter,marksmanship,78,40,38
9081,Chaussons,kazzak,1479,hunter,marksmanship,102,51,51
9082,Àfpro,hyjal,1476,hunter,marksmanship,52,24,28
9083,Афигеннски,ashenvale,1473,hunter,marksmanship,66,31,35
9084,Emnia,argent-dawn,1470,hunter,marksmanship,78,37,41
9085,Хжв,ashenvale,1469,hunter,marksmanship,56,28,28
9086,Дисконнэктор,soulflayer,1467,hunter,marksmanship,72,27,45
9087,Короткиствол,gordunni,1463,hunter,marksmanship,48,21,27
9088,Smekminbåge,tarren-mill,1462,hunter,marksmanship,36,16,20
9089,Jurá,perenolde,1457,hunter,marksmanship,47,20,27
9090,Tntabsotrap,silvermoon,1455,hunter,marksmanship,82,44,38
9091,Daela,elune,1455,hunter,marksmanship,77,32,45
9092,Rex,chamber-of-aspects,1454,hunter,marksmanship,39,23,16
9093,Autoturret,eredar,1454,hunter,marksmanship,48,24,24
9094,Mizumo,burning-legion,1450,hunter,marksmanship,109,63,46
9095,Bollo,malganis,1449,hunter,marksmanship,61,29,32
9096,Meinkoenig,frostwolf,1448,hunter,marksmanship,48,30,18
9097,Будкусломаю,grom,1447,hunter,marksmanship,77,35,42
9098,Bapt,blackrock,1447,hunter,marksmanship,42,17,25
9099,Hunsed,sanguino,1445,hunter,marksmanship,42,26,16
9100,Balamut,aegwynn,1445,hunter,marksmanship,83,45,38
9101,Carpante,nemesis,1442,hunter,marksmanship,72,34,38
9102,Asthorio,stormscale,1442,hunter,marksmanship,89,39,50
9103,Keskolica,outland,1441,hunter,marksmanship,42,20,22
9104,Эльк,gordunni,1440,hunter,marksmanship,33,21,12
9105,Barnabaz,skullcrusher,1439,hunter,marksmanship,30,16,14
9106,Nanns,silvermoon,1439,hunter,marksmanship,53,26,27
9107,Джоуе,ashenvale,1437,hunter,marksmanship,30,15,15
9108,Luuszapfae,aegwynn,1436,hunter,marksmanship,29,16,13
9109,Nagu,antonidas,1435,hunter,marksmanship,30,15,15
9110,Skillzone,silvermoon,1432,hunter,marksmanship,36,15,21
9111,Оленнька,howling-fjord,1431,hunter,marksmanship,48,30,18
9112,Jeston,amanthul,1430,hunter,marksmanship,49,23,26
9113,Summa,silvermoon,1424,hunter,marksmanship,60,27,33
9114,Ønske,azjolnerub,1423,hunter,marksmanship,48,25,23
9115,Mfbloom,blackmoore,1423,hunter,marksmanship,30,15,15
9116,Ashimaru,sylvanas,1423,hunter,marksmanship,63,31,32
9117,Lobos,ravencrest,1423,hunter,marksmanship,54,24,30
9118,Shootingbob,blackrock,1421,hunter,marksmanship,42,23,19
9119,Kravên,anubarak,1417,hunter,marksmanship,63,32,31
9120,Zirilan,nemesis,1416,hunter,marksmanship,58,28,30
9121,Kalima,malfurion,1416,hunter,marksmanship,72,28,44
9122,Mindgap,pozzo-delleternità,1415,hunter,marksmanship,80,38,42
9123,Firescorpion,onyxia,1414,hunter,marksmanship,30,19,11
9124,Darts,outland,1414,hunter,marksmanship,30,15,15
9125,Вееном,gordunni,1414,hunter,marksmanship,93,45,48
9126,Аскентр,gordunni,1411,hunter,marksmanship,67,31,36
9127,Elonyr,sanguino,1411,hunter,marksmanship,196,90,106
9128,Имбакласс,howling-fjord,1407,hunter,marksmanship,36,20,16
9129,Scatshot,grim-batol,1401,hunter,marksmanship,24,16,8
9130,Еввнух,gordunni,1401,hunter,marksmanship,72,31,41
9131,Hiðe,archimonde,1399,hunter,marksmanship,56,28,28
9132,Ронингуд,gordunni,1398,hunter,marksmanship,30,16,14
9133,Darm,sunstrider,1398,hunter,marksmanship,36,15,21
9134,Meskette,ravencrest,1396,hunter,marksmanship,24,15,9
9135,Длинноемоджо,soulflayer,1396,hunter,marksmanship,213,100,113
9136,Begøne,draenor,1392,hunter,marksmanship,18,15,3
9137,Ensomnia,silvermoon,1382,hunter,marksmanship,24,19,5
9138,Gilgharsh,rajaxx,1380,hunter,marksmanship,42,20,22
9139,Lincolne,ravencrest,1375,hunter,marksmanship,41,17,24
9140,Stingarrow,stormscale,1374,hunter,marksmanship,42,24,18
9141,Plzdontrun,sylvanas,1374,hunter,marksmanship,36,18,18
9142,Lrr,grim-batol,1370,hunter,marksmanship,18,15,3
9143,Vavabxl,ysondre,1370,hunter,marksmanship,102,47,55
9144,Doncar,stormscale,1367,hunter,marksmanship,87,38,49
9145,Mmaaee,ravencrest,1365,hunter,marksmanship,58,33,25
9146,Aimnfire,anachronos,1363,hunter,marksmanship,46,24,22
9147,Absolutnoob,blackrock,1362,hunter,marksmanship,38,21,17
9148,Cutehuntér,ragnaros,1360,hunter,marksmanship,47,21,26
9149,Slmao,tarren-mill,1357,hunter,marksmanship,60,27,33
9150,Szybky,defias-brotherhood,1354,hunter,marksmanship,60,25,35
9151,Crar,frostwolf,1347,hunter,marksmanship,38,21,17
9152,Bøøgy,silvermoon,1347,hunter,marksmanship,116,60,56
9153,Gromaya,elune,1342,hunter,marksmanship,47,23,24
9154,Adariana,archimonde,1342,hunter,marksmanship,36,16,20
9155,Скартэкс,howling-fjord,1340,hunter,marksmanship,26,18,8
9156,Pekkoe,khaz-modan,1339,hunter,marksmanship,24,17,7
9157,Xalaar,frostwolf,1339,hunter,marksmanship,62,33,29
9158,Røxxilia,blackmoore,1339,hunter,marksmanship,60,26,34
9159,Prodanhunts,frostmane,1336,hunter,marksmanship,66,32,34
9160,Nirn,ravencrest,1335,hunter,marksmanship,30,14,16
9161,Antiork,doomhammer,1335,hunter,marksmanship,48,22,26
9162,Encore,sylvanas,1334,hunter,marksmanship,48,23,25
9163,Rzeezznik,burning-legion,1333,hunter,marksmanship,24,14,10
9164,Шимэйла,gordunni,1333,hunter,marksmanship,67,31,36
9165,Moschtix,forscherliga,1333,hunter,marksmanship,48,20,28
9166,Gunlaugr,defias-brotherhood,1331,hunter,marksmanship,27,14,13
9167,Wmaximoff,tarren-mill,1331,hunter,marksmanship,56,20,36
9168,Deadfire,hyjal,1325,hunter,marksmanship,42,20,22
9169,Diapositiv,draenor,1325,hunter,marksmanship,30,14,16
9170,Maroxy,ragnaros,1325,hunter,marksmanship,35,14,21
9171,Selaesa,chamber-of-aspects,1321,hunter,marksmanship,45,22,23
9172,Amphi,stormscale,1320,hunter,marksmanship,66,36,30
9173,Zirgoo,outland,1320,hunter,marksmanship,66,28,38
9174,Glad,argent-dawn,1320,hunter,marksmanship,77,32,45
9175,Tupalax,outland,1320,hunter,marksmanship,52,20,32
9176,Donneraàn,blackrock,1319,hunter,marksmanship,60,33,27
9177,Abraxan,twisting-nether,1318,hunter,marksmanship,34,22,12
9178,Smitheye,argent-dawn,1314,hunter,marksmanship,129,63,66
9179,Роктджана,deathguard,1314,hunter,marksmanship,52,21,31
9180,Narawinger,silvermoon,1310,hunter,marksmanship,36,21,15
9181,Arrowdoxx,silvermoon,1310,hunter,marksmanship,117,51,66
9182,Pappous,kul-tiras,1309,hunter,marksmanship,56,28,28
9183,Høward,aegwynn,1300,hunter,marksmanship,36,20,16
9184,Samhunt,blackrock,1299,hunter,marksmanship,29,14,15
9185,Bobleearrow,darkspear,1294,hunter,marksmanship,47,22,25
9186,Kyudo,ravencrest,1291,hunter,marksmanship,43,18,25
9187,Yoúmad,draenor,1288,hunter,marksmanship,28,14,14
9188,Rupeebtw,stormscale,1285,hunter,marksmanship,96,43,53
9189,Rabiate,blackrock,1284,hunter,marksmanship,34,16,18
9190,Zushji,ysondre,1284,hunter,marksmanship,51,17,34
9191,Eskubar,burning-legion,1278,hunter,marksmanship,36,20,16
9192,Babclaar,culte-de-la-rive-noire,1277,hunter,marksmanship,24,14,10
9193,Fauda,hellscream,1277,hunter,marksmanship,30,15,15
9194,Doomhorg,quelthalas,1276,hunter,marksmanship,60,30,30
9195,Waltuhwhite,teldrassil,1275,hunter,marksmanship,20,14,6
9196,Iòvól,azuremyst,1274,hunter,marksmanship,82,41,41
9197,Boomkillshot,zuljin,1267,hunter,marksmanship,62,33,29
9198,Silvyina,todeswache,1267,hunter,marksmanship,40,19,21
9199,Zelira,boulderfist,1262,hunter,marksmanship,76,33,43
9200,Klarix,outland,1258,hunter,marksmanship,28,14,14
9201,Хантвкроксах,gordunni,1257,hunter,marksmanship,22,14,8
9202,Феорика,grom,1257,hunter,marksmanship,66,33,33
9203,Booms,eonar,1254,hunter,marksmanship,65,31,34
9204,Mönster,ravenholdt,1248,hunter,marksmanship,27,14,13
9205,Mspt,archimonde,1248,hunter,marksmanship,30,13,17
9206,Lísy,hyjal,1244,hunter,marksmanship,24,13,11
9207,Arung,ravencrest,1244,hunter,marksmanship,24,13,11
9208,Iilac,argent-dawn,1242,hunter,marksmanship,184,104,80
9209,Epheso,daggerspine,1242,hunter,marksmanship,24,13,11
9210,Poatan,outland,1240,hunter,marksmanship,164,86,78
9211,Арийская,gordunni,1238,hunter,marksmanship,59,26,33
9212,Zeanoff,ravencrest,1236,hunter,marksmanship,18,13,5
9213,Хантнерюга,gordunni,1236,hunter,marksmanship,24,13,11
9214,Огнеборик,howling-fjord,1235,hunter,marksmanship,30,13,17
9215,Shedzargo,twisting-nether,1234,hunter,marksmanship,24,13,11
9216,Fränko,ravencrest,1234,hunter,marksmanship,30,13,17
9217,Mainblu,nemesis,1231,hunter,marksmanship,30,14,16
9218,Wowkulaka,kazzak,1228,hunter,marksmanship,24,13,11
9219,Xesih,twisting-nether,1228,hunter,marksmanship,53,23,30
9220,Sivoh,silvermoon,1227,hunter,marksmanship,50,23,27
9221,Rmnsbm,blackmoore,1224,hunter,marksmanship,24,13,11
9222,Andtamed,thunderhorn,1224,hunter,marksmanship,36,16,20
9223,Mânhunt,blackhand,1222,hunter,marksmanship,24,13,11
9224,Travels,tarren-mill,1222,hunter,marksmanship,30,13,17
9225,Одисенс,eversong,1220,hunter,marksmanship,109,55,54
9226,Redneckjoe,draenor,1219,hunter,marksmanship,41,18,23
9227,Swáy,twisting-nether,1216,hunter,marksmanship,250,122,128
9228,Elyxa,ysondre,1211,hunter,marksmanship,54,30,24
9229,Ксидре,eversong,1210,hunter,marksmanship,36,16,20
9230,Эвилтар,soulflayer,1206,hunter,marksmanship,26,14,12
9231,Vïcødïnë,sinstralis,1205,hunter,marksmanship,48,20,28
9232,Jðsi,dalaran,1205,hunter,marksmanship,54,22,32
9233,Arize,quelthalas,1204,hunter,marksmanship,67,32,35
9234,Skohal,draenor,1200,hunter,marksmanship,78,36,42
9235,Хапмьюзик,howling-fjord,1199,hunter,marksmanship,54,20,34
9236,Watty,chogall,1195,hunter,marksmanship,88,45,43
9237,Fetts,silvermoon,1189,hunter,marksmanship,56,29,27
9238,Bigfoot,argent-dawn,1189,hunter,marksmanship,129,56,73
9239,Touscahunter,kazzak,1188,hunter,marksmanship,264,133,131
9240,Féliché,elune,1188,hunter,marksmanship,72,27,45
9241,Blowplac,moonglade,1183,hunter,marksmanship,52,21,31
9242,Opsi,area-52,1182,hunter,marksmanship,60,25,35
9243,Blackas,dun-modr,1180,hunter,marksmanship,60,27,33
9244,Mántîs,argent-dawn,1174,hunter,marksmanship,43,20,23
9245,Каизик,soulflayer,1173,hunter,marksmanship,35,14,21
9246,Naven,minahonda,1170,hunter,marksmanship,36,15,21
9247,Lillynahh,argent-dawn,1169,hunter,marksmanship,127,59,68
9248,Rikishot,ravencrest,1167,hunter,marksmanship,40,18,22
9249,Celtya,archimonde,1166,hunter,marksmanship,135,69,66
9250,Tránsphobic,kilrogg,1162,hunter,marksmanship,36,17,19
9251,Naghtel,die-silberne-hand,1159,hunter,marksmanship,36,22,14
9252,Sâetha,dun-modr,1157,hunter,marksmanship,36,14,22
9253,Taveon,turalyon,1154,hunter,marksmanship,36,13,23
9254,Jodd,ragnaros,1152,hunter,marksmanship,24,12,12
9255,Nharul,blackmoore,1149,hunter,marksmanship,24,12,12
9256,Rêmøórsêlês,outland,1148,hunter,marksmanship,21,13,8
9257,Klinksz,ysondre,1148,hunter,marksmanship,27,13,14
9258,Kendow,blackrock,1148,hunter,marksmanship,60,27,33
9259,Farmerjoee,alakir,1147,hunter,marksmanship,24,13,11
9260,Piit,elune,1146,hunter,marksmanship,24,12,12
9261,Migro,sylvanas,1145,hunter,marksmanship,24,12,12
9262,Bgkrasavec,stormscale,1142,hunter,marksmanship,75,36,39
9263,Белыйатомщик,howling-fjord,1142,hunter,marksmanship,30,12,18
9264,Voitelka,terokkar,1141,hunter,marksmanship,62,32,30
9265,Bæst,elune,1140,hunter,marksmanship,19,12,7
9266,Breier,argent-dawn,1140,hunter,marksmanship,53,25,28
9267,Survivr,frostmane,1139,hunter,marksmanship,24,14,10
9268,Kakadoo,twisting-nether,1131,hunter,marksmanship,36,16,20
9269,Дайпострелят,gordunni,1127,hunter,marksmanship,30,12,18
9270,Anpaytoo,antonidas,1126,hunter,marksmanship,36,14,22
9271,Lightarròw,nordrassil,1122,hunter,marksmanship,30,12,18
9272,Cooroona,stormrage,1119,hunter,marksmanship,24,12,12
9273,Serihu,cthun,1119,hunter,marksmanship,36,12,24
9274,Akyra,runetotem,1115,hunter,marksmanship,30,12,18
9275,Эннабонни,gordunni,1108,hunter,marksmanship,24,12,12
9276,Hollabackgrl,outland,1105,hunter,marksmanship,42,18,24
9277,Snaped,malganis,1105,hunter,marksmanship,29,12,17
9278,Neosmoke,shadowsong,1101,hunter,marksmanship,48,19,29
9279,Neldrassil,blackmoore,1100,hunter,marksmanship,35,18,17
9280,Cpflex,arthas,1097,hunter,marksmanship,35,12,23
9281,Azsräel,dalaran,1094,hunter,marksmanship,56,22,34
9282,Анхантэй,lich-king,1092,hunter,marksmanship,136,69,67
9283,Overhït,hyjal,1090,hunter,marksmanship,77,34,43
9284,Йошумитсу,howling-fjord,1084,hunter,marksmanship,56,29,27
9285,Robìnhood,nemesis,1080,hunter,marksmanship,42,22,20
9286,Thelasiel,aerie-peak,1079,hunter,marksmanship,67,33,34
9287,Лорбан,gordunni,1078,hunter,marksmanship,26,13,13
9288,Bendit,eredar,1076,hunter,marksmanship,42,20,22
9289,Narøs,blackhand,1076,hunter,marksmanship,76,31,45
9290,Retroxia,stormreaver,1075,hunter,marksmanship,26,12,14
9291,Sisilianno,khaz-modan,1073,hunter,marksmanship,124,55,69
9292,Jozsiur,ragnaros,1071,hunter,marksmanship,18,12,6
9293,Chassfurax,hyjal,1067,hunter,marksmanship,48,19,29
9294,Bobihunt,argent-dawn,1066,hunter,marksmanship,24,12,12
9295,Tinlop,ragnaros,1058,hunter,marksmanship,72,29,43
9296,Ispo,frostwolf,1057,hunter,marksmanship,82,40,42
9297,Chindala,zuljin,1056,hunter,marksmanship,24,11,13
9298,Сандабар,borean-tundra,1055,hunter,marksmanship,41,20,21
9299,Suchskill,stormreaver,1055,hunter,marksmanship,24,11,13
9300,Nêzz,tarren-mill,1055,hunter,marksmanship,24,11,13
9301,Vanstro,ragnaros,1055,hunter,marksmanship,24,11,13
9302,Iceyx,stormscale,1055,hunter,marksmanship,30,11,19
9303,Kayvaal,kaelthas,1052,hunter,marksmanship,18,11,7
9304,Lonewolfe,ravencrest,1051,hunter,marksmanship,112,51,61
9305,Kbesagrillo,sanguino,1050,hunter,marksmanship,24,11,13
9306,Artémíss,kazzak,1050,hunter,marksmanship,24,11,13
9307,Lennylynx,garrosh,1049,hunter,marksmanship,24,11,13
9308,Слезыотлука,howling-fjord,1048,hunter,marksmanship,18,11,7
9309,Laskoo,tarren-mill,1047,hunter,marksmanship,18,11,7
9310,Zendar,blackmoore,1047,hunter,marksmanship,33,12,21
9311,Blacksyo,elune,1042,hunter,marksmanship,27,11,16
9312,Винтаж,deepholm,1041,hunter,marksmanship,59,26,33
9313,Cêdric,alleria,1041,hunter,marksmanship,28,12,16
9314,Oatmeal,dun-morogh,1039,hunter,marksmanship,65,33,32
9315,Bélier,hyjal,1033,hunter,marksmanship,50,25,25
9316,Arrown,outland,1033,hunter,marksmanship,29,12,17
9317,Madtony,aegwynn,1029,hunter,marksmanship,24,11,13
9318,Hoody,culte-de-la-rive-noire,1027,hunter,marksmanship,25,13,12
9319,Sinsé,conseil-des-ombres,1026,hunter,marksmanship,22,12,10
9320,Talcaliste,archimonde,1026,hunter,marksmanship,45,16,29
9321,Dentaar,draenor,1025,hunter,marksmanship,101,48,53
9322,Хакаар,grom,1025,hunter,marksmanship,49,20,29
9323,Réja,norgannon,1024,hunter,marksmanship,25,11,14
9324,Olnàk,ysondre,1023,hunter,marksmanship,60,32,28
9325,Slicer,arthas,1023,hunter,marksmanship,73,31,42
9326,Fèhn,krasus,1019,hunter,marksmanship,24,14,10
9327,Noobatala,tarren-mill,1018,hunter,marksmanship,36,17,19
9328,Crní,tarren-mill,1015,hunter,marksmanship,81,37,44
9329,Tungusta,defias-brotherhood,1006,hunter,marksmanship,42,19,23
9330,Nutzz,ragnaros,1006,hunter,marksmanship,41,15,26
9331,Брухлянка,gordunni,1003,hunter,marksmanship,24,12,12
9332,Ashkabous,kazzak,1000,hunter,marksmanship,36,19,17
9333,Gilgalat,drakthul,997,hunter,marksmanship,41,16,25
9334,Agarez,blackrock,996,hunter,marksmanship,36,18,18
9335,Aratoxx,blackmoore,993,hunter,marksmanship,18,11,7
9336,Jaýlah,draenor,991,hunter,marksmanship,54,24,30
9337,Bonquiesha,tarren-mill,991,hunter,marksmanship,25,11,14
9338,Lookmyezzy,ravencrest,990,hunter,marksmanship,20,11,9
9339,Tomtus,aggramar,983,hunter,marksmanship,55,27,28
9340,Hkizzler,kazzak,977,hunter,marksmanship,62,24,38
9341,Ártemide,pozzo-delleternità,975,hunter,marksmanship,33,15,18
9342,Jisila,ravencrest,973,hunter,marksmanship,51,22,29
9343,Bekrepál,outland,960,hunter,marksmanship,18,10,8
9344,Nyxìa,shattered-halls,960,hunter,marksmanship,18,10,8
9345,Квит,blackscar,960,hunter,marksmanship,24,10,14
9346,Littlerat,kult-der-verdammten,959,hunter,marksmanship,18,10,8
9347,Amortên,silvermoon,959,hunter,marksmanship,18,10,8
9348,Velites,aggra-português,959,hunter,marksmanship,18,10,8
9349,Шотнес,gordunni,959,hunter,marksmanship,24,10,14
9350,Тамирка,deathguard,958,hunter,marksmanship,12,10,2
9351,Shaib,kazzak,958,hunter,marksmanship,18,10,8
9352,Everya,ravencrest,958,hunter,marksmanship,18,10,8
9353,Metalbaci,sylvanas,958,hunter,marksmanship,18,10,8
9354,Birgitta,jaedenar,958,hunter,marksmanship,24,10,14
9355,Yelanna,argent-dawn,957,hunter,marksmanship,18,10,8
9356,Zlejkadlec,burning-blade,957,hunter,marksmanship,24,10,14
9357,Huntazt,draenor,956,hunter,marksmanship,18,10,8
9358,Tiidus,burning-legion,955,hunter,marksmanship,18,10,8
9359,Zrijad,draenor,955,hunter,marksmanship,18,10,8
9360,Johnydep,silvermoon,955,hunter,marksmanship,30,10,20
9361,Setis,uldaman,955,hunter,marksmanship,36,10,26
9362,Фузег,deathguard,953,hunter,marksmanship,18,10,8
9363,Rediction,ravencrest,953,hunter,marksmanship,24,10,14
9364,Phillon,blackrock,949,hunter,marksmanship,12,10,2
9365,Aaryel,outland,948,hunter,marksmanship,18,10,8
9366,Azaella,tarren-mill,948,hunter,marksmanship,18,10,8
9367,Yanger,burning-legion,946,hunter,marksmanship,30,10,20
9368,Freezyshinkn,blackrock,945,hunter,marksmanship,18,11,7
9369,Ililivillumi,tarren-mill,945,hunter,marksmanship,24,10,14
9370,Vèreesa,azjolnerub,940,hunter,marksmanship,30,10,20
9371,Sogoru,dun-modr,937,hunter,marksmanship,33,19,14
9372,Ayshæ,tarren-mill,937,hunter,marksmanship,41,21,20
9373,Thauana,los-errantes,934,hunter,marksmanship,18,10,8
9374,Mhood,dun-morogh,931,hunter,marksmanship,56,27,29
9375,Ранбоу,howling-fjord,929,hunter,marksmanship,115,55,60
9376,Wìndrunner,malfurion,922,hunter,marksmanship,83,40,43
9377,Laara,khaz-modan,922,hunter,marksmanship,107,49,58
9378,Madida,ravencrest,916,hunter,marksmanship,29,15,14
9379,Zicko,argent-dawn,908,hunter,marksmanship,41,16,25
9380,Isarnexx,dun-modr,907,hunter,marksmanship,35,16,19
9381,Euphellius,darkmoon-faire,907,hunter,marksmanship,36,15,21
9382,Амобарбиталх,gordunni,901,hunter,marksmanship,33,11,22
9383,Tenkai,cthun,896,hunter,marksmanship,42,21,21
9384,Burondeya,twisting-nether,886,hunter,marksmanship,30,13,17
9385,Adventures,darkmoon-faire,881,hunter,marksmanship,18,10,8
9386,Luckyshooter,nethersturm,877,hunter,marksmanship,71,32,39
9387,Лордввт,howling-fjord,874,hunter,marksmanship,30,14,16
9388,Mimiop,hyjal,872,hunter,marksmanship,42,20,22
9389,Aszasi,azjolnerub,871,hunter,marksmanship,25,10,15
9390,Krøsh,blackmoore,870,hunter,marksmanship,36,16,20
9391,Aliyah,blackmoore,867,hunter,marksmanship,66,33,33
9392,Nyjal,archimonde,864,hunter,marksmanship,12,9,3
9393,Feelmyfurý,tarren-mill,864,hunter,marksmanship,12,9,3
9394,Mòzetonq,ravencrest,864,hunter,marksmanship,18,9,9
9395,Denkstah,tarren-mill,864,hunter,marksmanship,18,9,9
9396,Watchouttah,the-maelstrom,864,hunter,marksmanship,24,9,15
9397,Jeddaj,stormscale,863,hunter,marksmanship,18,9,9
9398,Jayri,ravencrest,863,hunter,marksmanship,18,9,9
9399,Dafhel,hyjal,863,hunter,marksmanship,18,9,9
9400,Какжеплевать,gordunni,862,hunter,marksmanship,12,9,3
9401,Doubletap,ysondre,862,hunter,marksmanship,12,9,3
9402,Mervyl,burning-legion,862,hunter,marksmanship,18,9,9
9403,Шамагута,gordunni,862,hunter,marksmanship,18,9,9
9404,Eilyn,quelthalas,862,hunter,marksmanship,18,9,9
9405,Grolmgar,malganis,862,hunter,marksmanship,18,9,9
9406,Obii,stormscale,862,hunter,marksmanship,18,9,9
9407,Theuzikat,ragnaros,861,hunter,marksmanship,24,9,15
9408,Deathshots,aggra-português,860,hunter,marksmanship,30,9,21
9409,Jalcer,draenor,860,hunter,marksmanship,30,9,21
9410,Джимуха,soulflayer,859,hunter,marksmanship,30,15,15
9411,Gorá,dethecus,858,hunter,marksmanship,12,9,3
9412,Sallina,blutkessel,858,hunter,marksmanship,18,9,9
9413,Bazrzokh,elune,858,hunter,marksmanship,18,9,9
9414,Gwalëndil,hyjal,858,hunter,marksmanship,24,9,15
9415,Honzu,silvermoon,857,hunter,marksmanship,18,9,9
9416,Krippie,dun-modr,857,hunter,marksmanship,36,16,20
9417,Gintønic,blackmoore,857,hunter,marksmanship,36,9,27
9418,Qmbonboni,ravencrest,855,hunter,marksmanship,24,9,15
9419,Baraduh,sylvanas,853,hunter,marksmanship,18,9,9
9420,Baldazr,shadowsong,853,hunter,marksmanship,24,9,15
9421,Rivery,azjolnerub,852,hunter,marksmanship,18,10,8
9422,Eldrilaon,arthas,852,hunter,marksmanship,39,18,21
9423,Zerkarok,draenor,851,hunter,marksmanship,30,9,21
9424,Фридор,deathguard,850,hunter,marksmanship,24,10,14
9425,Omixloua,ragnaros,844,hunter,marksmanship,24,9,15
9426,Ямакасси,thermaplugg,844,hunter,marksmanship,42,9,33
9427,Bluetiger,azshara,842,hunter,marksmanship,22,10,12
9428,Calea,zirkel-des-cenarius,835,hunter,marksmanship,30,13,17
9429,Heavenlyx,area-52,835,hunter,marksmanship,36,9,27
9430,Куфа,blackscar,831,hunter,marksmanship,20,10,10
9431,Jibolad,stormreaver,831,hunter,marksmanship,18,9,9
9432,Faelhorn,archimonde,831,hunter,marksmanship,18,9,9
9433,Hylzen,outland,828,hunter,marksmanship,17,9,8
9434,Rollei,uldum,816,hunter,marksmanship,18,9,9
9435,Killitoss,blackmoore,815,hunter,marksmanship,21,9,12
9436,Grafhunter,antonidas,814,hunter,marksmanship,69,32,37
9437,Ímpulsion,stormscale,799,hunter,marksmanship,20,9,11
9438,Nightshäde,aggra-português,797,hunter,marksmanship,28,9,19
9439,Эксп,ashenvale,784,hunter,marksmanship,25,9,16
9440,Väärä,stormscale,780,hunter,marksmanship,22,9,13
9441,Greel,saurfang,778,hunter,marksmanship,60,24,36
9442,Bøost,stormscale,768,hunter,marksmanship,12,8,4
9443,Luzivar,malganis,768,hunter,marksmanship,12,8,4
9444,Wolfud,pozzo-delleternità,768,hunter,marksmanship,18,8,10
9445,Рбг,blackscar,768,hunter,marksmanship,18,8,10
9446,Carre,twilights-hammer,768,hunter,marksmanship,18,8,10
9447,Lègolas,sylvanas,768,hunter,marksmanship,18,8,10
9448,Celesticx,chamber-of-aspects,768,hunter,marksmanship,18,8,10
9449,Луврен,deepholm,768,hunter,marksmanship,30,8,22
9450,Mareyn,argent-dawn,767,hunter,marksmanship,12,8,4
9451,Llaz,silvermoon,767,hunter,marksmanship,12,8,4
9452,Sylverain,silvermoon,767,hunter,marksmanship,12,8,4
9453,Reyst,moonglade,767,hunter,marksmanship,12,8,4
9454,Кривоватый,galakrond,767,hunter,marksmanship,12,8,4
9455,Screewu,twisting-nether,767,hunter,marksmanship,18,8,10
9456,Thallia,todeswache,767,hunter,marksmanship,18,8,10
9457,Yunalèsca,eredar,767,hunter,marksmanship,18,8,10
9458,Raegal,sanguino,767,hunter,marksmanship,18,8,10
9459,Dasimir,blackrock,767,hunter,marksmanship,18,8,10
9460,Skitari,draenor,767,hunter,marksmanship,18,8,10
9461,Иоссифсталин,soulflayer,767,hunter,marksmanship,24,8,16
9462,Silvyn,pozzo-delleternità,766,hunter,marksmanship,12,8,4
9463,Ëluna,burning-legion,766,hunter,marksmanship,12,8,4
9464,Shoót,blackmoore,766,hunter,marksmanship,18,8,10
9465,Argahnim,azjolnerub,766,hunter,marksmanship,18,8,10
9466,Kokowawaa,kazzak,766,hunter,marksmanship,24,8,16
9467,Makaxx,stormscale,766,hunter,marksmanship,24,8,16
9468,Ixôn,tarren-mill,765,hunter,marksmanship,24,8,16
9469,Aourön,archimonde,764,hunter,marksmanship,18,8,10
9470,Hunterdream,aszune,764,hunter,marksmanship,19,8,11
9471,Juliã,dalaran,763,hunter,marksmanship,12,8,4
9472,Talanar,tarren-mill,762,hunter,marksmanship,12,8,4
9473,Shibai,outland,762,hunter,marksmanship,18,8,10
9474,Серргио,soulflayer,761,hunter,marksmanship,12,8,4
9475,Hunterhouse,draenor,761,hunter,marksmanship,23,8,15
9476,Loca,twilights-hammer,760,hunter,marksmanship,24,8,16
9477,Wetto,ravencrest,759,hunter,marksmanship,18,8,10
9478,Енвина,gordunni,759,hunter,marksmanship,18,8,10
9479,Gorett,kazzak,756,hunter,marksmanship,24,8,16
9480,Thrund,burning-legion,751,hunter,marksmanship,12,8,4
9481,Armoredtiger,grim-batol,748,hunter,marksmanship,18,8,10
9482,Спелла,goldrinn,748,hunter,marksmanship,29,8,21
9483,Erestor,hellfire,747,hunter,marksmanship,12,8,4
9484,Ønur,twisting-nether,747,hunter,marksmanship,18,8,10
9485,Sharpeyezz,ravencrest,728,hunter,marksmanship,29,10,19
9486,Deathøfrats,ravencrest,719,hunter,marksmanship,11,8,3
9487,Загзигзаг,soulflayer,710,hunter,marksmanship,21,9,12
9488,Rèyz,blackhand,703,hunter,marksmanship,16,8,8
9489,Hesuss,kazzak,672,hunter,marksmanship,12,7,5
9490,Merquryh,ravencrest,672,hunter,marksmanship,12,7,5
9491,Monnee,outland,672,hunter,marksmanship,12,7,5
9492,Costner,darksorrow,672,hunter,marksmanship,12,7,5
9493,Гусецап,gordunni,672,hunter,marksmanship,12,7,5
9494,Sùnzí,alakir,672,hunter,marksmanship,12,7,5
9495,Blackbane,ravencrest,672,hunter,marksmanship,12,7,5
9496,Хвоостт,gordunni,672,hunter,marksmanship,12,7,5
9497,Агелетка,gordunni,672,hunter,marksmanship,12,7,5
9498,Dtq,silvermoon,672,hunter,marksmanship,12,7,5
9499,Avaren,archimonde,672,hunter,marksmanship,12,7,5
9500,Fluttershy,terokkar,672,hunter,marksmanship,12,7,5
9501,Thugzilla,auchindoun,672,hunter,marksmanship,12,7,5
9502,Spoonfingers,ravencrest,672,hunter,marksmanship,12,7,5
9503,Xrey,ragnaros,672,hunter,marksmanship,12,7,5
9504,Bigbowyahurd,draenor,672,hunter,marksmanship,12,7,5
9505,Killershadow,twisting-nether,672,hunter,marksmanship,12,7,5
9506,Weilerz,drakthul,672,hunter,marksmanship,12,7,5
9507,Mclooving,runetotem,672,hunter,marksmanship,18,7,11
9508,Трольболь,eversong,672,hunter,marksmanship,18,7,11
9509,Påtrîckbátém,ravencrest,672,hunter,marksmanship,18,7,11
9510,Джарвиз,soulflayer,672,hunter,marksmanship,18,7,11
9511,Ahrtemís,destromath,672,hunter,marksmanship,18,7,11
9512,Землепух,howling-fjord,672,hunter,marksmanship,18,7,11
9513,Medgical,outland,672,hunter,marksmanship,18,7,11
9514,Ixxmhunt,blackrock,672,hunter,marksmanship,18,7,11
9515,Corrupth,outland,672,hunter,marksmanship,21,8,13
9516,Манаррия,soulflayer,672,hunter,marksmanship,24,7,17
9517,Griffithstew,blackmoore,672,hunter,marksmanship,24,7,17
9518,Онкьяр,gordunni,672,hunter,marksmanship,24,7,17
9519,Qiruun,draenor,671,hunter,marksmanship,12,7,5
9520,Халикер,soulflayer,671,hunter,marksmanship,12,7,5
9521,Kaktus,shattered-hand,671,hunter,marksmanship,12,7,5
9522,Rísu,argent-dawn,671,hunter,marksmanship,12,7,5
9523,Недоношенная,howling-fjord,671,hunter,marksmanship,12,7,5
9524,Ôrïøn,archimonde,671,hunter,marksmanship,12,7,5
9525,Maknamara,tarren-mill,671,hunter,marksmanship,12,7,5
9526,Ashrak,frostmourne,671,hunter,marksmanship,18,7,11
9527,Guerrilla,stormscale,671,hunter,marksmanship,18,7,11
9528,Snaptrap,eredar,671,hunter,marksmanship,18,7,11
9529,Aureboby,hyjal,671,hunter,marksmanship,24,7,17
9530,Sjufemman,ravencrest,671,hunter,marksmanship,24,7,17
9531,Faenor,arygos,671,hunter,marksmanship,24,7,17
9532,Pewpewshotz,stormscale,670,hunter,marksmanship,12,7,5
9533,Deathtrapper,bronzebeard,670,hunter,marksmanship,12,7,5
9534,Bulseye,kilrogg,670,hunter,marksmanship,18,7,11
9535,Spêctrâ,sylvanas,670,hunter,marksmanship,18,7,11
9536,Yip,twisting-nether,670,hunter,marksmanship,18,7,11
9537,Helioshin,pozzo-delleternità,670,hunter,marksmanship,18,7,11
9538,Ruppig,nozdormu,669,hunter,marksmanship,18,7,11
9539,Kaudza,archimonde,669,hunter,marksmanship,18,7,11
9540,Jaggatee,senjin,668,hunter,marksmanship,12,7,5
9541,Wishmeweed,kazzak,668,hunter,marksmanship,18,7,11
9542,Panfilmaaj,burning-legion,667,hunter,marksmanship,18,7,11
9543,Nìsalle,argent-dawn,666,hunter,marksmanship,18,7,11
9544,Nezuqo,archimonde,666,hunter,marksmanship,24,7,17
9545,Hanzolo,uldum,664,hunter,marksmanship,24,7,17
9546,Eilaa,ravencrest,662,hunter,marksmanship,18,7,11
9547,Fernetcola,los-errantes,661,hunter,marksmanship,12,7,5
9548,Arkman,malganis,660,hunter,marksmanship,30,7,23
9549,Shokre,silvermoon,657,hunter,marksmanship,12,7,5
9550,Breezhunt,twisting-nether,655,hunter,marksmanship,17,7,10
9551,Есселин,thermaplugg,650,hunter,marksmanship,18,7,11
9552,Aadarshh,turalyon,645,hunter,marksmanship,18,7,11
9553,Lofiv,turalyon,639,hunter,marksmanship,16,7,9
9554,Digsholes,ravencrest,638,hunter,marksmanship,11,7,4
9555,Samuru,auchindoun,623,hunter,marksmanship,17,7,10
9556,Элфй,gordunni,623,hunter,marksmanship,21,7,14
9557,Scark,tarren-mill,621,hunter,marksmanship,11,7,4
9558,Miezuu,ravencrest,620,hunter,marksmanship,15,7,8
9559,Iniduhr,dalaran,617,hunter,marksmanship,21,8,13
9560,Sylasteria,twisting-nether,617,hunter,marksmanship,22,8,14
9561,Zion,kul-tiras,608,hunter,marksmanship,16,7,9
9562,Trachunt,twisting-nether,607,hunter,marksmanship,11,7,4
9563,Weridia,der-rat-von-dalaran,607,hunter,marksmanship,11,7,4
9564,Øßlíck,ysondre,607,hunter,marksmanship,16,7,9
9565,Chizuna,dun-morogh,606,hunter,marksmanship,14,7,7
9566,Connyrövöga,draenor,576,hunter,marksmanship,6,6,0
9567,Ofortuna,silvermoon,576,hunter,marksmanship,6,6,0
9568,Grandiosity,tarren-mill,576,hunter,marksmanship,12,6,6
9569,Axran,ravencrest,576,hunter,marksmanship,12,6,6
9570,Hurion,sanguino,576,hunter,marksmanship,12,6,6
9571,Джинксан,blackscar,576,hunter,marksmanship,12,6,6
9572,Jettraichu,aggra-português,576,hunter,marksmanship,12,6,6
9573,Fantus,sylvanas,576,hunter,marksmanship,12,6,6
9574,Crudeconzept,talnivarr,576,hunter,marksmanship,12,6,6
9575,Djidawn,ysondre,576,hunter,marksmanship,12,6,6
9576,Aenina,kazzak,576,hunter,marksmanship,12,6,6
9577,Gramyr,ysondre,576,hunter,marksmanship,12,6,6
9578,Shína,argent-dawn,576,hunter,marksmanship,12,6,6
9579,Madjia,ravencrest,576,hunter,marksmanship,12,6,6
9580,Stamzer,drakthul,576,hunter,marksmanship,12,6,6
9581,Hunlin,kazzak,576,hunter,marksmanship,12,6,6
9582,Jamesie,ravencrest,576,hunter,marksmanship,12,6,6
9583,Sketana,silvermoon,576,hunter,marksmanship,12,6,6
9584,Vorsia,tarren-mill,576,hunter,marksmanship,12,6,6
9585,Pantero,kazzak,576,hunter,marksmanship,12,6,6
9586,Инкризшот,gordunni,576,hunter,marksmanship,12,6,6
9587,Freexkite,aegwynn,576,hunter,marksmanship,14,6,8
9588,Vandathien,stormrage,576,hunter,marksmanship,18,6,12
9589,Imfiné,outland,576,hunter,marksmanship,18,6,12
9590,Сашатетива,gordunni,576,hunter,marksmanship,18,6,12
9591,Такувами,gordunni,576,hunter,marksmanship,18,6,12
9592,Naizoo,doomhammer,575,hunter,marksmanship,6,6,0
9593,Ina,tarren-mill,575,hunter,marksmanship,12,6,6
9594,Xeragon,frostwolf,575,hunter,marksmanship,12,6,6
9595,Fugass,ragnaros,575,hunter,marksmanship,12,6,6
9596,Чизано,deathguard,575,hunter,marksmanship,12,6,6
9597,Tolkienn,archimonde,575,hunter,marksmanship,12,6,6
9598,Kilölek,ragnaros,575,hunter,marksmanship,12,6,6
9599,Oneeyedjoe,the-maelstrom,575,hunter,marksmanship,12,6,6
9600,Muddí,ravencrest,575,hunter,marksmanship,12,6,6
9601,Pøca,kaelthas,575,hunter,marksmanship,12,6,6
9602,Ruger,hyjal,575,hunter,marksmanship,12,6,6
9603,Elladiel,blackmoore,575,hunter,marksmanship,12,6,6
9604,Noxxen,burning-legion,575,hunter,marksmanship,12,6,6
9605,Dirtydolores,thrall,575,hunter,marksmanship,12,6,6
9606,Deneja,kilrogg,575,hunter,marksmanship,18,6,12
9607,Dritzdòurden,dun-modr,575,hunter,marksmanship,18,6,12
9608,Løløsifredo,ysondre,574,hunter,marksmanship,12,6,6
9609,Longshot,burning-legion,574,hunter,marksmanship,12,6,6
9610,Egy,the-maelstrom,574,hunter,marksmanship,12,6,6
9611,Seariko,draenor,574,hunter,marksmanship,18,6,12
9612,Ixlxlxlxl,kazzak,573,hunter,marksmanship,12,6,6
9613,Orcgun,mugthol,572,hunter,marksmanship,18,6,12
9614,Selini,bloodfeather,570,hunter,marksmanship,12,6,6
9615,Kartouche,culte-de-la-rive-noire,565,hunter,marksmanship,12,6,6
9616,Sauer,stormreaver,564,hunter,marksmanship,18,6,12
9617,Mooj,malganis,559,hunter,marksmanship,11,6,5
9618,Matarmeya,los-errantes,539,hunter,marksmanship,16,7,9
9619,Rockymarciaa,dalaran,527,hunter,marksmanship,21,6,15
9620,Кисяныч,gordunni,522,hunter,marksmanship,15,7,8
9621,Лордорион,gordunni,520,hunter,marksmanship,11,6,5
9622,Фэйсконтроль,azuregos,506,hunter,marksmanship,20,6,14
9623,Toptìérgoðx,drakthul,480,hunter,marksmanship,6,5,1
9624,Ðarrk,tarren-mill,480,hunter,marksmanship,6,5,1
9625,Сальверди,gordunni,480,hunter,marksmanship,6,5,1
9626,Hawkinstinct,tarren-mill,480,hunter,marksmanship,6,5,1
9627,Akkixz,antonidas,480,hunter,marksmanship,6,5,1
9628,Srédder,defias-brotherhood,480,hunter,marksmanship,6,5,1
9629,Elyar,eredar,480,hunter,marksmanship,6,5,1
9630,Ormsliskaren,shattered-hand,480,hunter,marksmanship,6,5,1
9631,Hollyz,auchindoun,480,hunter,marksmanship,6,5,1
9632,Soloist,sylvanas,480,hunter,marksmanship,6,5,1
9633,Îløvémêld,kazzak,480,hunter,marksmanship,6,5,1
9634,Полития,azuregos,480,hunter,marksmanship,9,6,3
9635,Spitchy,kazzak,480,hunter,marksmanship,12,5,7
9636,Huntardös,outland,480,hunter,marksmanship,12,5,7
9637,Brk,dun-modr,480,hunter,marksmanship,12,5,7
9638,Geete,kazzak,480,hunter,marksmanship,12,5,7
9639,Duckling,argent-dawn,480,hunter,marksmanship,12,5,7
9640,Carrilynn,blackrock,480,hunter,marksmanship,12,5,7
9641,Deathmarks,blackrock,480,hunter,marksmanship,12,5,7
9642,Agbaba,twisting-nether,480,hunter,marksmanship,12,5,7
9643,Zajaczek,burning-legion,480,hunter,marksmanship,12,5,7
9644,Кайсго,gordunni,480,hunter,marksmanship,12,5,7
9645,Shieryu,archimonde,480,hunter,marksmanship,12,5,7
9646,Leílah,kazzak,480,hunter,marksmanship,12,5,7
9647,Meetyour,stormscale,480,hunter,marksmanship,12,5,7
9648,Mazhug,stormreaver,480,hunter,marksmanship,12,5,7
9649,Kundra,ravencrest,480,hunter,marksmanship,12,5,7
9650,Donfabio,norgannon,480,hunter,marksmanship,12,5,7
9651,Куников,booty-bay,480,hunter,marksmanship,12,5,7
9652,Jomerin,thrall,480,hunter,marksmanship,12,5,7
9653,Denaik,ravencrest,480,hunter,marksmanship,12,5,7
9654,Fylealaes,ravencrest,480,hunter,marksmanship,12,5,7
9655,Sashobg,aerie-peak,480,hunter,marksmanship,12,5,7
9656,Nothrokh,auchindoun,480,hunter,marksmanship,12,5,7
9657,Galou,ghostlands,480,hunter,marksmanship,12,5,7
9658,Ghøst,madmortem,480,hunter,marksmanship,12,5,7
9659,Lourse,ysondre,480,hunter,marksmanship,12,5,7
9660,Sloee,sylvanas,480,hunter,marksmanship,12,5,7
9661,Scartet,blackmoore,480,hunter,marksmanship,12,5,7
9662,Мафчик,razuvious,480,hunter,marksmanship,12,5,7
9663,Bladewing,archimonde,480,hunter,marksmanship,12,5,7
9664,Tavira,zuljin,480,hunter,marksmanship,12,5,7
9665,Ðõt,ravencrest,480,hunter,marksmanship,12,5,7
9666,Angelcr,uldum,480,hunter,marksmanship,12,5,7
9667,Meghanmarkle,tarren-mill,480,hunter,marksmanship,13,5,8
9668,Hÿyrøk,ysondre,480,hunter,marksmanship,18,5,13
9669,Dramin,defias-brotherhood,480,hunter,marksmanship,18,5,13
9670,Тэуреэль,gordunni,480,hunter,marksmanship,18,5,13
9671,Triggery,ravencrest,480,hunter,marksmanship,18,5,13
9672,Tetiscaza,sanguino,480,hunter,marksmanship,24,5,19
9673,Hitscan,ravencrest,479,hunter,marksmanship,6,5,1
9674,Grimazg,chogall,479,hunter,marksmanship,12,5,7
9675,Nígruløl,arthas,479,hunter,marksmanship,12,5,7
9676,Bicepz,azjolnerub,479,hunter,marksmanship,12,5,7
9677,Zäyk,zuljin,479,hunter,marksmanship,12,5,7
9678,Whereismypet,azjolnerub,479,hunter,marksmanship,12,5,7
9679,Lunalai,antonidas,479,hunter,marksmanship,12,5,7
9680,Зиргус,gordunni,479,hunter,marksmanship,18,5,13
9681,Honilsom,thunderhorn,479,hunter,marksmanship,18,5,13
9682,Nightarrows,ravencrest,478,hunter,marksmanship,6,5,1
9683,Bæbåk,frostmane,478,hunter,marksmanship,6,5,1
9684,Áragorn,frostmane,478,hunter,marksmanship,12,5,7
9685,Tiph,argent-dawn,478,hunter,marksmanship,12,5,7
9686,Thebalrog,korgall,478,hunter,marksmanship,12,5,7
9687,Kliantra,wildhammer,478,hunter,marksmanship,12,5,7
9688,Bloodshot,nethersturm,477,hunter,marksmanship,12,5,7
9689,Miisakaa,antonidas,477,hunter,marksmanship,12,5,7
9690,Klittcrit,bloodhoof,475,hunter,marksmanship,12,5,7
9691,Robros,dentarg,475,hunter,marksmanship,12,5,7
9692,Sixty,rajaxx,474,hunter,marksmanship,18,5,13
9693,Karmios,drakthul,473,hunter,marksmanship,12,5,7
9694,Juki,pozzo-delleternità,472,hunter,marksmanship,12,5,7
9695,Brønkø,azshara,463,hunter,marksmanship,17,5,12
9696,Rdevill,outland,448,hunter,marksmanship,16,5,11
9697,Шэнчи,greymane,447,hunter,marksmanship,11,6,5
9698,Littlenugget,ravencrest,447,hunter,marksmanship,11,5,6
9699,Urith,les-clairvoyants,447,hunter,marksmanship,14,6,8
9700,Haleth,uldum,447,hunter,marksmanship,17,5,12
9701,Thedanchodak,stormrage,440,hunter,marksmanship,11,5,6
9702,Jocitwitch,ragnaros,432,hunter,marksmanship,9,6,3
9703,Crowsza,archimonde,431,hunter,marksmanship,11,5,6
9704,Zaragattas,aggra-português,426,hunter,marksmanship,17,7,10
9705,Quinty,durotan,414,hunter,marksmanship,8,5,3
9706,Пушкабомби,soulflayer,409,hunter,marksmanship,14,5,9
9707,Хантероо,gordunni,384,hunter,marksmanship,6,4,2
9708,Destynarîa,illidan,384,hunter,marksmanship,6,4,2
9709,Earlyspring,ragnaros,384,hunter,marksmanship,6,4,2
9710,Benbutton,antonidas,384,hunter,marksmanship,6,4,2
9711,Unßørn,archimonde,384,hunter,marksmanship,6,4,2
9712,Hntudwn,azshara,384,hunter,marksmanship,6,4,2
9713,Burninghunt,ravencrest,384,hunter,marksmanship,6,4,2
9714,Luzivarus,malganis,384,hunter,marksmanship,6,4,2
9715,Comegetme,auchindoun,384,hunter,marksmanship,6,4,2
9716,Roke,malganis,384,hunter,marksmanship,6,4,2
9717,Gaudio,outland,384,hunter,marksmanship,6,4,2
9718,Сацыви,gordunni,384,hunter,marksmanship,6,4,2
9719,Yuptae,alonsus,384,hunter,marksmanship,6,4,2
9720,Bosseleon,blackrock,384,hunter,marksmanship,6,4,2
9721,Ðæom,outland,384,hunter,marksmanship,6,4,2
9722,Aidsmacka,shattered-hand,384,hunter,marksmanship,6,4,2
9723,Оверман,azuregos,384,hunter,marksmanship,6,4,2
9724,Sandchaton,ragnaros,384,hunter,marksmanship,6,4,2
9725,Zoêva,blackhand,384,hunter,marksmanship,6,4,2
9726,Mendinar,sylvanas,384,hunter,marksmanship,6,4,2
9727,Jägarenen,kazzak,384,hunter,marksmanship,6,4,2
9728,Xzmiq,outland,384,hunter,marksmanship,6,4,2
9729,Intoxd,sylvanas,384,hunter,marksmanship,6,4,2
9730,Tonttulul,draenor,384,hunter,marksmanship,6,4,2
9731,Slo,sylvanas,384,hunter,marksmanship,6,4,2
9732,Metak,auchindoun,384,hunter,marksmanship,6,4,2
9733,Ðøper,hyjal,384,hunter,marksmanship,6,4,2
9734,Bluelol,ravencrest,384,hunter,marksmanship,6,4,2
9735,Likandria,blackmoore,384,hunter,marksmanship,6,4,2
9736,Zulthat,thrall,384,hunter,marksmanship,6,4,2
9737,Øtemløol,sanguino,384,hunter,marksmanship,6,4,2
9738,Myoui,silvermoon,384,hunter,marksmanship,6,4,2
9739,Bøgs,the-maelstrom,384,hunter,marksmanship,6,4,2
9740,Nßatrapper,outland,384,hunter,marksmanship,6,4,2
9741,Kikilirilivi,ysondre,384,hunter,marksmanship,6,4,2
9742,Nöbody,khaz-modan,384,hunter,marksmanship,6,4,2
9743,Thain,stormscale,384,hunter,marksmanship,6,4,2
9744,Сынсема,blackscar,384,hunter,marksmanship,6,4,2
9745,Snipinx,draenor,384,hunter,marksmanship,6,4,2
9746,Kragán,silvermoon,384,hunter,marksmanship,6,4,2
9747,Doloresman,tarren-mill,384,hunter,marksmanship,6,4,2
9748,Dariusmm,silvermoon,384,hunter,marksmanship,6,4,2
9749,Velen,pozzo-delleternità,384,hunter,marksmanship,6,4,2
9750,Niffe,stormscale,384,hunter,marksmanship,6,4,2
9751,Rymous,nemesis,384,hunter,marksmanship,6,4,2
9752,Джеймсфранко,blackscar,384,hunter,marksmanship,6,4,2
9753,Galadris,kirin-tor,384,hunter,marksmanship,6,4,2
9754,Тумбаюмб,howling-fjord,384,hunter,marksmanship,6,4,2
9755,Darllene,kazzak,384,hunter,marksmanship,6,4,2
9756,Yoey,tarren-mill,384,hunter,marksmanship,6,4,2
9757,Draknik,nemesis,384,hunter,marksmanship,10,5,5
9758,Wîldhunt,burning-legion,384,hunter,marksmanship,11,4,7
9759,Noobhuntress,norgannon,384,hunter,marksmanship,12,4,8
9760,Hashaya,hyjal,384,hunter,marksmanship,12,4,8
9761,Абунай,soulflayer,384,hunter,marksmanship,12,4,8
9762,Narziel,die-todeskrallen,384,hunter,marksmanship,12,4,8
9763,Thengill,draenor,384,hunter,marksmanship,12,4,8
9764,Darkshe,dun-modr,384,hunter,marksmanship,12,4,8
9765,Переферия,galakrond,384,hunter,marksmanship,12,4,8
9766,Egodennis,frostwolf,384,hunter,marksmanship,12,4,8
9767,Oròg,hyjal,384,hunter,marksmanship,12,4,8
9768,Fennecshand,colinas-pardas,384,hunter,marksmanship,12,4,8
9769,Shadowxx,silvermoon,384,hunter,marksmanship,12,4,8
9770,Darilli,wildhammer,384,hunter,marksmanship,12,4,8
9771,Vallêria,malganis,384,hunter,marksmanship,12,4,8
9772,Tytoyz,khaz-modan,384,hunter,marksmanship,12,4,8
9773,Jskey,aggramar,384,hunter,marksmanship,12,4,8
9774,Tartaupommes,hyjal,384,hunter,marksmanship,12,4,8
9775,Becoming,burning-legion,384,hunter,marksmanship,12,4,8
9776,Zurzok,blackrock,384,hunter,marksmanship,12,4,8
9777,Йинги,gordunni,384,hunter,marksmanship,12,4,8
9778,Querro,azshara,384,hunter,marksmanship,12,4,8
9779,Spirys,drakthul,384,hunter,marksmanship,12,4,8
9780,Bugspitz,outland,384,hunter,marksmanship,12,4,8
9781,Sharún,sylvanas,384,hunter,marksmanship,12,4,8
9782,Свадебная,gordunni,384,hunter,marksmanship,12,4,8
9783,Naestra,tarren-mill,384,hunter,marksmanship,12,4,8
9784,Peonfarmer,argent-dawn,384,hunter,marksmanship,12,4,8
9785,Dangerousfoe,argent-dawn,384,hunter,marksmanship,12,4,8
9786,Ozaï,eredar,384,hunter,marksmanship,12,4,8
9787,Odyzeus,drakthul,384,hunter,marksmanship,12,4,8
9788,Døømslayer,nemesis,384,hunter,marksmanship,12,4,8
9789,Nyri,drakthul,384,hunter,marksmanship,12,4,8
9790,Kanlina,ravencrest,384,hunter,marksmanship,12,4,8
9791,Deeparrow,stormscale,384,hunter,marksmanship,12,4,8
9792,Rapid,sylvanas,384,hunter,marksmanship,12,4,8
9793,Gødzftw,kazzak,384,hunter,marksmanship,14,4,10
9794,Kêêpsmile,blackmoore,384,hunter,marksmanship,18,4,14
9795,Enÿo,ysondre,384,hunter,marksmanship,18,4,14
9796,Elektrô,blackmoore,384,hunter,marksmanship,21,4,17
9797,Конар,soulflayer,383,hunter,marksmanship,6,4,2
9798,Amiosi,sanguino,383,hunter,marksmanship,10,5,5
9799,Penelopé,darkmoon-faire,383,hunter,marksmanship,12,4,8
9800,Zirriath,mazrigos,383,hunter,marksmanship,12,4,8
9801,Kyéra,kirin-tor,383,hunter,marksmanship,12,4,8
9802,Amsterdamer,sylvanas,383,hunter,marksmanship,12,4,8
9803,Anguerande,khaz-modan,383,hunter,marksmanship,12,4,8
9804,Meletis,stormreaver,383,hunter,marksmanship,12,4,8
9805,Koreic,silvermoon,383,hunter,marksmanship,18,4,14
9806,Agnõr,chants-éternels,382,hunter,marksmanship,6,4,2
9807,Banshees,sylvanas,382,hunter,marksmanship,6,4,2
9808,Bulhumt,draenor,382,hunter,marksmanship,6,4,2
9809,Бурбоньчик,soulflayer,382,hunter,marksmanship,12,4,8
9810,Dødshøt,twisting-nether,382,hunter,marksmanship,12,4,8
9811,Saccä,ysondre,381,hunter,marksmanship,12,4,8
9812,Skapig,frostwolf,381,hunter,marksmanship,12,4,8
9813,Lumidii,burning-legion,379,hunter,marksmanship,12,4,8
9814,Pâthfînder,destromath,379,hunter,marksmanship,12,4,8
9815,Éddiémórphín,kazzak,367,hunter,marksmanship,11,4,7
9816,Boehelientje,defias-brotherhood,351,hunter,marksmanship,11,4,7
9817,Rea,archimonde,350,hunter,marksmanship,16,4,12
9818,Shadoox,argent-dawn,335,hunter,marksmanship,11,4,7
9819,Arwenna,argent-dawn,328,hunter,marksmanship,11,6,5
9820,Bloópy,silvermoon,320,hunter,marksmanship,10,4,6
9821,Lioness,ahnqiraj,288,hunter,marksmanship,6,3,3
9822,Антисерт,ashenvale,288,hunter,marksmanship,6,3,3
9823,Aimshot,ravencrest,288,hunter,marksmanship,6,3,3
9824,Zøk,stormscale,288,hunter,marksmanship,6,3,3
9825,Ев,lich-king,288,hunter,marksmanship,6,3,3
9826,Zugzlug,tarren-mill,288,hunter,marksmanship,6,3,3
9827,Pläpp,stormscale,288,hunter,marksmanship,6,3,3
9828,Aamön,tarren-mill,288,hunter,marksmanship,6,3,3
9829,Kahbe,ravencrest,288,hunter,marksmanship,6,3,3
9830,Ozzaty,drekthar,288,hunter,marksmanship,6,3,3
9831,Ökisek,drakthul,288,hunter,marksmanship,6,3,3
9832,Phinecone,stormscale,288,hunter,marksmanship,6,3,3
9833,Ayiu,argent-dawn,288,hunter,marksmanship,6,3,3
9834,Lani,talnivarr,288,hunter,marksmanship,6,3,3
9835,Яроняютрапу,gordunni,288,hunter,marksmanship,6,3,3
9836,Elonmask,argent-dawn,288,hunter,marksmanship,6,3,3
9837,Экономист,fordragon,288,hunter,marksmanship,6,3,3
9838,Комомура,soulflayer,288,hunter,marksmanship,6,3,3
9839,Dreemshoot,stormscale,288,hunter,marksmanship,6,3,3
9840,Velne,ravencrest,288,hunter,marksmanship,6,3,3
9841,Viséeauto,confrérie-du-thorium,288,hunter,marksmanship,6,3,3
9842,Attileus,ragnaros,288,hunter,marksmanship,6,3,3
9843,Razzét,stormscale,288,hunter,marksmanship,6,3,3
9844,Трапавграунд,howling-fjord,288,hunter,marksmanship,6,3,3
9845,Storphunt,drakthul,288,hunter,marksmanship,6,3,3
9846,Atranex,ravencrest,288,hunter,marksmanship,6,3,3
9847,Snipar,chogall,288,hunter,marksmanship,6,3,3
9848,Neescafe,sylvanas,288,hunter,marksmanship,6,3,3
9849,Eéilin,the-maelstrom,288,hunter,marksmanship,6,3,3
9850,Люблюлюбовь,gordunni,288,hunter,marksmanship,6,3,3
9851,Колякилшот,gordunni,288,hunter,marksmanship,6,3,3
9852,Techpøint,silvermoon,288,hunter,marksmanship,6,3,3
9853,Bocek,silvermoon,288,hunter,marksmanship,6,3,3
9854,Kaminôr,antonidas,288,hunter,marksmanship,6,3,3
9855,Eliune,silvermoon,288,hunter,marksmanship,6,3,3
9856,Kfcmanagerx,silvermoon,288,hunter,marksmanship,6,3,3
9857,Burbutsuluki,silvermoon,288,hunter,marksmanship,6,3,3
9858,Sissnik,thrall,288,hunter,marksmanship,6,3,3
9859,Evelhunter,kargath,288,hunter,marksmanship,6,3,3
9860,Osie,kazzak,288,hunter,marksmanship,6,3,3
9861,Deadluck,kazzak,288,hunter,marksmanship,6,3,3
9862,Лесбиянюсь,gordunni,288,hunter,marksmanship,6,3,3
9863,Oneeyed,kazzak,288,hunter,marksmanship,6,3,3
9864,Barbrady,nethersturm,288,hunter,marksmanship,6,3,3
9865,Каэсс,gordunni,288,hunter,marksmanship,6,3,3
9866,Lithell,kazzak,288,hunter,marksmanship,6,3,3
9867,Snipèr,blackmoore,288,hunter,marksmanship,6,3,3
9868,Threeguns,blackrock,288,hunter,marksmanship,6,3,3
9869,Feyoonxx,blackrock,288,hunter,marksmanship,6,3,3
9870,Huntaloko,outland,288,hunter,marksmanship,6,3,3
9871,Samasukë,grim-batol,288,hunter,marksmanship,6,3,3
9872,Lilsnuss,outland,288,hunter,marksmanship,6,3,3
9873,Dedral,aegwynn,288,hunter,marksmanship,6,3,3
9874,Andrøk,archimonde,288,hunter,marksmanship,6,3,3
9875,ßæro,hyjal,288,hunter,marksmanship,6,3,3
9876,Nerdhark,hyjal,288,hunter,marksmanship,6,3,3
9877,Fize,blackmoore,288,hunter,marksmanship,6,3,3
9878,Ashide,dun-modr,288,hunter,marksmanship,6,3,3
9879,Celebor,sanguino,288,hunter,marksmanship,6,3,3
9880,Djøgi,archimonde,288,hunter,marksmanship,6,3,3
9881,Brûmovitch,archimonde,288,hunter,marksmanship,6,3,3
9882,Nightarrowq,tarren-mill,288,hunter,marksmanship,9,4,5
9883,Amdéa,boulderfist,288,hunter,marksmanship,10,4,6
9884,Beaupapa,archimonde,288,hunter,marksmanship,8,3,5
9885,Нойран,eversong,288,hunter,marksmanship,9,3,6
9886,Secrety,doomhammer,288,hunter,marksmanship,11,3,8
9887,Missdarkness,shattered-hand,288,hunter,marksmanship,12,3,9
9888,Ceres,kaelthas,288,hunter,marksmanship,12,3,9
9889,Ghenter,sargeras,288,hunter,marksmanship,12,3,9
9890,Outkást,sylvanas,288,hunter,marksmanship,12,3,9
9891,Хедшоттер,blackscar,288,hunter,marksmanship,12,3,9
9892,Bowgamerx,ravencrest,288,hunter,marksmanship,12,3,9
9893,Жабра,gordunni,288,hunter,marksmanship,12,3,9
9894,Нэвлоск,gordunni,288,hunter,marksmanship,12,3,9
9895,Fatfrumos,twisting-nether,288,hunter,marksmanship,12,3,9
9896,Oduross,minahonda,288,hunter,marksmanship,12,3,9
9897,Grinfall,archimonde,288,hunter,marksmanship,12,3,9
9898,Haraigoshí,grim-batol,288,hunter,marksmanship,12,3,9
9899,Bgxd,tarren-mill,288,hunter,marksmanship,12,3,9
9900,Deify,grim-batol,288,hunter,marksmanship,12,3,9
9901,Бубунн,howling-fjord,288,hunter,marksmanship,12,3,9
9902,Скадхи,blackscar,288,hunter,marksmanship,12,3,9
9903,Deahtviper,blackmoore,288,hunter,marksmanship,12,3,9
9904,Астериел,blackscar,288,hunter,marksmanship,12,3,9
9905,Thalanel,arthas,288,hunter,marksmanship,12,3,9
9906,Spakster,blackrock,288,hunter,marksmanship,12,3,9
9907,Naaztko,stormscale,288,hunter,marksmanship,12,3,9
9908,Jakis,silvermoon,288,hunter,marksmanship,12,3,9
9909,Augie,kazzak,288,hunter,marksmanship,12,3,9
9910,Ричардн,howling-fjord,288,hunter,marksmanship,12,3,9
9911,Lùchiean,kazzak,288,hunter,marksmanship,12,3,9
9912,Mewithoutyou,ragnaros,288,hunter,marksmanship,12,3,9
9913,Akù,magtheridon,288,hunter,marksmanship,12,3,9
9914,Incompetence,argent-dawn,288,hunter,marksmanship,12,3,9
9915,Zubro,kazzak,288,hunter,marksmanship,12,3,9
9916,Nutshotx,stormscale,288,hunter,marksmanship,12,3,9
9917,Gyldain,argent-dawn,288,hunter,marksmanship,12,3,9
9918,Foxmis,kazzak,288,hunter,marksmanship,12,3,9
9919,Nezekielle,drekthar,288,hunter,marksmanship,12,3,9
9920,Chassuu,khaz-modan,288,hunter,marksmanship,12,3,9
9921,Robingood,alexstrasza,288,hunter,marksmanship,17,4,13
9922,Tsía,ysondre,288,hunter,marksmanship,17,3,14
9923,Apolix,ragnaros,288,hunter,marksmanship,18,3,15
9924,Showdope,drakthul,288,hunter,marksmanship,18,3,15
9925,Marcher,aggra-português,288,hunter,marksmanship,18,3,15
9926,Shademd,ahnqiraj,288,hunter,marksmanship,18,3,15
9927,Enablee,lightbringer,288,hunter,marksmanship,18,3,15
9928,Kilshot,burning-legion,287,hunter,marksmanship,6,3,3
9929,Анариэлль,gordunni,287,hunter,marksmanship,6,3,3
9930,Titanx,sylvanas,287,hunter,marksmanship,6,3,3
9931,Оркос,deathweaver,287,hunter,marksmanship,6,3,3
9932,Мокку,howling-fjord,287,hunter,marksmanship,6,3,3
9933,Turkos,krasus,287,hunter,marksmanship,6,3,3
9934,Pylos,azshara,287,hunter,marksmanship,6,3,3
9935,Dwoas,darkspear,287,hunter,marksmanship,12,3,9
9936,Jomoguin,stormscale,286,hunter,marksmanship,6,3,3
9937,Millhunter,norgannon,284,hunter,marksmanship,12,3,9
9938,Najetazruda,drakthul,255,hunter,marksmanship,10,3,7
9939,Мальберна,eversong,255,hunter,marksmanship,11,3,8
9940,Jaguarundy,dun-modr,239,hunter,marksmanship,5,3,2
9941,Incrediown,tarren-mill,234,hunter,marksmanship,7,4,3
9942,Twinshot,anetheron,234,hunter,marksmanship,10,4,6
9943,Cais,drakthul,234,hunter,marksmanship,12,4,8
9944,Dampfwâlzê,nozdormu,223,hunter,marksmanship,14,3,11
9945,Skarra,zuljin,208,hunter,marksmanship,7,3,4
9946,Darkshàdow,archimonde,192,hunter,marksmanship,6,2,4
9947,Охотуначал,soulflayer,192,hunter,marksmanship,6,2,4
9948,Шергала,soulflayer,192,hunter,marksmanship,6,2,4
9949,Darkstripe,turalyon,192,hunter,marksmanship,6,2,4
9950,Фетсол,soulflayer,192,hunter,marksmanship,6,2,4
9951,Foxhunt,turalyon,192,hunter,marksmanship,6,2,4
9952,Sayn,la-croisade-écarlate,192,hunter,marksmanship,6,2,4
9953,Dola,archimonde,192,hunter,marksmanship,6,2,4
9954,Deadyeyez,doomhammer,192,hunter,marksmanship,6,2,4
9955,Notikâ,aegwynn,192,hunter,marksmanship,6,2,4
9956,Brizza,talnivarr,192,hunter,marksmanship,6,2,4
9957,Зихантер,soulflayer,192,hunter,marksmanship,6,2,4
9958,Rafaela,genjuros,192,hunter,marksmanship,6,2,4
9959,Tórbjorn,argent-dawn,192,hunter,marksmanship,6,2,4
9960,Flick,auchindoun,192,hunter,marksmanship,6,2,4
9961,Zulldek,sanguino,192,hunter,marksmanship,6,2,4
9962,Galintzor,area-52,192,hunter,marksmanship,6,2,4
9963,Aliriana,doomhammer,192,hunter,marksmanship,6,2,4
9964,Bláckheart,doomhammer,192,hunter,marksmanship,6,2,4
9965,Maeba,shendralar,192,hunter,marksmanship,6,2,4
9966,Hapocalypt,pozzo-delleternità,192,hunter,marksmanship,6,2,4
9967,Beletor,medivh,192,hunter,marksmanship,6,2,4
9968,Garrash,teldrassil,192,hunter,marksmanship,6,2,4
9969,Hadto,der-rat-von-dalaran,192,hunter,marksmanship,6,2,4
9970,Хисдед,howling-fjord,192,hunter,marksmanship,6,2,4
9971,Slayman,kazzak,192,hunter,marksmanship,6,2,4
9972,Miracleh,tarren-mill,192,hunter,marksmanship,6,2,4
9973,Sarblade,bronze-dragonflight,192,hunter,marksmanship,6,2,4
9974,Маори,deepholm,192,hunter,marksmanship,6,2,4
9975,Bobshmurda,defias-brotherhood,192,hunter,marksmanship,6,2,4
9976,Jamais02AEE6,stormscale,192,hunter,marksmanship,6,2,4
9977,Corrwus,argent-dawn,192,hunter,marksmanship,6,2,4
9978,Nnoyk,defias-brotherhood,192,hunter,marksmanship,6,2,4
9979,Sebrienne,defias-brotherhood,192,hunter,marksmanship,6,2,4
9980,Doknak,gilneas,192,hunter,marksmanship,6,2,4
9981,Sjins,draenor,192,hunter,marksmanship,6,2,4
9982,Sylverein,silvermoon,192,hunter,marksmanship,6,2,4
9983,Elvyns,silvermoon,192,hunter,marksmanship,6,2,4
9984,Olrik,dentarg,192,hunter,marksmanship,6,2,4
9985,Gotha,festung-der-stürme,192,hunter,marksmanship,6,2,4
9986,Greenstar,twisting-nether,192,hunter,marksmanship,6,2,4
9987,Bowner,frostmane,192,hunter,marksmanship,6,2,4
9988,Traenuss,azuremyst,192,hunter,marksmanship,6,2,4
9989,Domsín,ravencrest,192,hunter,marksmanship,6,2,4
9990,Ecthelione,the-venture-co,192,hunter,marksmanship,6,2,4
9991,Majuli,stormrage,192,hunter,marksmanship,6,2,4
9992,Themehdi,silvermoon,192,hunter,marksmanship,6,2,4
9993,Hvnn,stormscale,192,hunter,marksmanship,6,2,4
9994,Isokrates,das-syndikat,192,hunter,marksmanship,6,2,4
9995,Bóssit,skullcrusher,192,hunter,marksmanship,6,2,4
9996,Nimri,kazzak,192,hunter,marksmanship,6,2,4
9997,Hnut,kazzak,192,hunter,marksmanship,6,2,4
9998,Sloe,sylvanas,192,hunter,marksmanship,6,2,4
9999,Imonér,frostmane,192,hunter,marksmanship,6,2,4
10000,Carioca,blackhand,192,hunter,marksmanship,6,2,4
10001,Chenony,ravencrest,192,hunter,marksmanship,6,2,4
10002,Kodakcrack,draenor,192,hunter,marksmanship,6,2,4
10003,Zinà,naxxramas,192,hunter,marksmanship,6,2,4
10004,Velvett,blackmoore,192,hunter,marksmanship,6,2,4
10005,Трисциллочка,howling-fjord,192,hunter,marksmanship,6,2,4
10006,Tòràk,twisting-nether,192,hunter,marksmanship,6,2,4
10007,Mobshot,twisting-nether,192,hunter,marksmanship,6,2,4
10008,Vâleriaa,blackrock,192,hunter,marksmanship,6,2,4
10009,Slinkywinky,eonar,192,hunter,marksmanship,6,2,4
10010,Bellecoq,arathi,192,hunter,marksmanship,6,2,4
10011,Lilsnipè,outland,192,hunter,marksmanship,6,2,4
10012,Хароко,gordunni,192,hunter,marksmanship,6,2,4
10013,Realme,blackrock,192,hunter,marksmanship,6,2,4
10014,Rhyle,hyjal,192,hunter,marksmanship,6,2,4
10015,Bärberøusse,illidan,192,hunter,marksmanship,6,2,4
10016,Viktorijå,draenor,192,hunter,marksmanship,6,2,4
10017,Frágile,drakthul,192,hunter,marksmanship,6,2,4
10018,Nelf,shattered-hand,192,hunter,marksmanship,6,2,4
10019,Othellö,kazzak,192,hunter,marksmanship,6,2,4
10020,Горгудц,gordunni,192,hunter,marksmanship,6,2,4
10021,Huntbeard,ragnaros,192,hunter,marksmanship,6,2,4
10022,Рэкрэйван,gordunni,192,hunter,marksmanship,6,2,4
10023,Silverinn,turalyon,192,hunter,marksmanship,6,2,4
10024,Rixxâr,blackrock,192,hunter,marksmanship,6,2,4
10025,Aspergun,ragnaros,192,hunter,marksmanship,6,2,4
10026,Corrector,outland,192,hunter,marksmanship,6,2,4
10027,Уайлен,gordunni,192,hunter,marksmanship,6,2,4
10028,Anklar,blackrock,192,hunter,marksmanship,6,2,4
10029,Silenta,outland,192,hunter,marksmanship,6,2,4
10030,Eilosh,outland,192,hunter,marksmanship,6,2,4
10031,Traplørdx,sylvanas,192,hunter,marksmanship,6,2,4
10032,Anoroxx,arthas,192,hunter,marksmanship,6,2,4
10033,Powerofanime,drakthul,192,hunter,marksmanship,6,2,4
10034,Kerrveros,ravencrest,192,hunter,marksmanship,6,2,4
10035,Андреймвп,galakrond,192,hunter,marksmanship,9,2,7
10036,Ghostriders,archimonde,192,hunter,marksmanship,11,2,9
10037,Friskì,draenor,192,hunter,marksmanship,12,2,10
10038,Banglor,shattered-hand,192,hunter,marksmanship,12,2,10
10039,Weedonyhunt,hyjal,192,hunter,marksmanship,12,2,10
10040,Katharyne,argent-dawn,192,hunter,marksmanship,12,2,10
10041,Meläna,ysondre,192,hunter,marksmanship,12,2,10
10042,Krypzit,garona,192,hunter,marksmanship,12,2,10
10043,Headshota,stormscale,192,hunter,marksmanship,12,2,10
10044,Cazaó,sanguino,192,hunter,marksmanship,12,2,10
10045,Dmanite,ravencrest,192,hunter,marksmanship,12,2,10
10046,Muckel,area-52,192,hunter,marksmanship,12,2,10
10047,Ruhen,aegwynn,192,hunter,marksmanship,12,2,10
10048,Explicits,stormscale,192,hunter,marksmanship,12,2,10
10049,Stormhoofd,bloodhoof,191,hunter,marksmanship,6,2,4
10050,Downpipe,shattered-hand,191,hunter,marksmanship,6,2,4
10051,Milandria,antonidas,191,hunter,marksmanship,6,2,4
10052,Rockét,malorne,191,hunter,marksmanship,6,2,4
10053,Sushimän,kaelthas,191,hunter,marksmanship,6,2,4
10054,Chalyto,dun-morogh,191,hunter,marksmanship,12,2,10
10055,Kure,blackrock,191,hunter,marksmanship,12,2,10
10056,Doojas,archimonde,159,hunter,marksmanship,5,2,3
10057,Jaguàr,kazzak,159,hunter,marksmanship,5,2,3
10058,Buttsnipe,sylvanas,159,hunter,marksmanship,5,2,3
10059,Spagooters,argent-dawn,138,hunter,marksmanship,11,3,8
10060,Neremyn,sylvanas,138,hunter,marksmanship,15,3,12
10061,Chrishyh,blackrock,112,hunter,marksmanship,7,2,5
10062,Tryx,darksorrow,96,hunter,marksmanship,3,2,1
10063,Akahr,thrall,96,hunter,marksmanship,3,2,1
10064,Tyrone,saurfang,96,hunter,marksmanship,9,2,7
10065,Tillhunt,kargath,96,hunter,marksmanship,6,1,5
10066,Cléò,kazzak,96,hunter,marksmanship,6,1,5
10067,Oneofus,malygos,96,hunter,marksmanship,6,1,5
10068,Desow,blackrock,96,hunter,marksmanship,6,1,5
10069,Avizi,anachronos,96,hunter,marksmanship,6,1,5
10070,Санзи,howling-fjord,96,hunter,marksmanship,6,1,5
10071,Лсныйпамп,howling-fjord,96,hunter,marksmanship,6,1,5
10072,Almêryck,ysondre,96,hunter,marksmanship,6,1,5
10073,Killzo,sylvanas,96,hunter,marksmanship,6,1,5
10074,Nethria,antonidas,96,hunter,marksmanship,6,1,5
10075,Castbuny,drakthul,96,hunter,marksmanship,6,1,5
10076,Jimbow,blackrock,96,hunter,marksmanship,6,1,5
10077,Deadlymayhem,dragonblight,96,hunter,marksmanship,6,1,5
10078,Коватори,borean-tundra,96,hunter,marksmanship,6,1,5
10079,Metapouk,archimonde,96,hunter,marksmanship,6,1,5
10080,Лиасон,howling-fjord,96,hunter,marksmanship,6,1,5
10081,Наладдчик,howling-fjord,96,hunter,marksmanship,6,1,5
10082,Cendrac,ravencrest,96,hunter,marksmanship,6,1,5
10083,Cxc,dun-modr,96,hunter,marksmanship,6,1,5
10084,Statik,deathwing,96,hunter,marksmanship,6,1,5
10085,Hallem,karazhan,96,hunter,marksmanship,6,1,5
10086,Nalys,argent-dawn,96,hunter,marksmanship,6,1,5
10087,Eowale,outland,96,hunter,marksmanship,6,1,5
10088,Leaxs,onyxia,96,hunter,marksmanship,6,1,5
10089,Faccacamoale,twisting-nether,96,hunter,marksmanship,6,1,5
10090,Ihateyoumore,ravencrest,96,hunter,marksmanship,6,1,5
10091,Kolgrim,temple-noir,96,hunter,marksmanship,6,1,5
10092,Akaname,ravencrest,96,hunter,marksmanship,6,1,5
10093,Crowcifer,argent-dawn,96,hunter,marksmanship,6,1,5
10094,Delanoche,exodar,96,hunter,marksmanship,6,1,5
10095,Гижуна,howling-fjord,96,hunter,marksmanship,6,1,5
10096,Spacenøub,archimonde,96,hunter,marksmanship,6,1,5
10097,Cítyzens,drakthul,96,hunter,marksmanship,6,1,5
10098,Wèdra,hyjal,96,hunter,marksmanship,6,1,5
10099,Roupinol,aggra-português,96,hunter,marksmanship,6,1,5
10100,Wàterloo,marécage-de-zangar,96,hunter,marksmanship,6,1,5
10101,Elaresas,argent-dawn,96,hunter,marksmanship,6,1,5
10102,Badkirves,kazzak,96,hunter,marksmanship,6,1,5
10103,Drolarin,zuljin,96,hunter,marksmanship,6,1,5
10104,Sinplify,emeriss,96,hunter,marksmanship,6,1,5
10105,Raverave,burning-legion,96,hunter,marksmanship,6,1,5
10106,Jiton,grim-batol,96,hunter,marksmanship,6,1,5
10107,Ренектон,soulflayer,96,hunter,marksmanship,6,1,5
10108,Drágø,blackmoore,96,hunter,marksmanship,6,1,5
10109,Хантунец,soulflayer,96,hunter,marksmanship,6,1,5
10110,Syx,amanthul,96,hunter,marksmanship,6,1,5
10111,Fayenia,ravencrest,96,hunter,marksmanship,6,1,5
10112,Xaraimz,ravencrest,96,hunter,marksmanship,6,1,5
10113,Toulouki,silvermoon,96,hunter,marksmanship,6,1,5
10114,Pennymarks,blackhand,96,hunter,marksmanship,6,1,5
10115,Chantalia,ravencrest,96,hunter,marksmanship,6,1,5
10116,Salie,argent-dawn,96,hunter,marksmanship,6,1,5
10117,Камсшотт,gordunni,96,hunter,marksmanship,6,1,5
10118,Nortroll,draenor,96,hunter,marksmanship,6,1,5
10119,Chaydee,stormscale,96,hunter,marksmanship,6,1,5
10120,Wolfmcquade,draenor,96,hunter,marksmanship,6,1,5
10121,Zwerglogan,amanthul,96,hunter,marksmanship,6,1,5
10122,Mexine,dun-morogh,96,hunter,marksmanship,6,1,5
10123,Feedbackloop,silvermoon,96,hunter,marksmanship,6,1,5
10124,Mehtäsika,xavius,96,hunter,marksmanship,6,1,5
10125,Frapt,dalaran,96,hunter,marksmanship,6,1,5
10126,Applix,tarren-mill,96,hunter,marksmanship,6,1,5
10127,Tuljan,ravencrest,96,hunter,marksmanship,6,1,5
10128,Superfacial,twisting-nether,96,hunter,marksmanship,6,1,5
10129,Tesourinho,aggra-português,96,hunter,marksmanship,6,1,5
10130,Hanzú,argent-dawn,96,hunter,marksmanship,6,1,5
10131,Горгонт,blackscar,96,hunter,marksmanship,6,1,5
10132,Pestilencio,shendralar,96,hunter,marksmanship,6,1,5
10133,Cowmelk,stormscale,96,hunter,marksmanship,6,1,5
10134,Фаффурион,gordunni,96,hunter,marksmanship,6,1,5
10135,Tiguy,archimonde,96,hunter,marksmanship,12,1,11
10136,Artexxia,kazzak,96,hunter,marksmanship,12,1,11
10137,Ggproiettili,pozzo-delleternità,96,hunter,marksmanship,12,1,11
10138,Donáldtrúmp,tarren-mill,96,hunter,marksmanship,12,1,11
10139,Sekeh,ragnaros,96,hunter,marksmanship,12,1,11
10140,Kratozs,outland,96,hunter,marksmanship,13,1,12
10141,Denixxia,bronzebeard,95,hunter,marksmanship,3,2,1
10142,Magahra,thrall,95,hunter,marksmanship,6,1,5
10143,Gettóbuxa,arathor,79,hunter,marksmanship,5,1,4
10144,Dréws,kazzak,64,hunter,marksmanship,4,1,3
10145,Draugrinnh,tarren-mill,48,hunter,marksmanship,3,1,2
10146,Nimrod,norgannon,48,hunter,marksmanship,3,1,2
10147,Merveilleux,hyjal,42,hunter,marksmanship,11,3,8
10148,Imortaltroll,kazzak,16,hunter,marksmanship,1,1,0
10149,Elgango,blackrock,16,hunter,marksmanship,1,1,0
10150,Uglybaboon,draenor,2187,hunter,survival,185,94,91
10151,Bonquiesha,tarren-mill,2163,hunter,survival,120,69,51
10152,Gíggí,malganis,2155,hunter,survival,72,40,32
10153,Pridz,archimonde,2137,hunter,survival,150,76,74
10154,Rynex,festung-der-stürme,2134,hunter,survival,78,45,33
10155,Harrianlar,ravenholdt,2128,hunter,survival,166,84,82
10156,Nikzeubii,archimonde,2113,hunter,survival,66,39,27
10157,Corossity,blackmoore,2107,hunter,survival,101,67,34
10158,Pokefangirlx,grim-batol,2107,hunter,survival,209,121,88
10159,Razoorine,blackrock,2102,hunter,survival,156,87,69
10160,Fíng,tarren-mill,2079,hunter,survival,216,109,107
10161,Belaux,archimonde,2038,hunter,survival,149,73,76
10162,Götdelen,kult-der-verdammten,2023,hunter,survival,110,59,51
10163,Yeezu,sylvanas,2009,hunter,survival,66,36,30
10164,Macrolaim,outland,2009,hunter,survival,174,84,90
10165,Jànet,ravencrest,2002,hunter,survival,66,33,33
10166,Mestar,outland,2001,hunter,survival,199,100,99
10167,Huntity,kazzak,1994,hunter,survival,95,51,44
10168,Crucfixion,kazzak,1993,hunter,survival,60,35,25
10169,Mspt,archimonde,1985,hunter,survival,120,59,61
10170,Booxun,sylvanas,1982,hunter,survival,133,68,65
10171,Yemistar,archimonde,1980,hunter,survival,78,43,35
10172,Zhulk,los-errantes,1966,hunter,survival,102,52,50
10173,Gukexa,outland,1965,hunter,survival,66,39,27
10174,Josethepimpo,stormscale,1960,hunter,survival,96,47,49
10175,Лесбиянюсь,gordunni,1945,hunter,survival,126,70,56
10176,Stormblãze,ravencrest,1944,hunter,survival,143,66,77
10177,Hyderr,aegwynn,1939,hunter,survival,42,27,15
10178,Kagrot,silvermoon,1936,hunter,survival,90,46,44
10179,Rayadz,nethersturm,1929,hunter,survival,156,76,80
10180,Dyndns,blackmoore,1927,hunter,survival,72,36,36
10181,Exquisitor,draenor,1910,hunter,survival,157,84,73
10182,Aboleon,ragnaros,1903,hunter,survival,68,36,32
10183,Горгонт,blackscar,1897,hunter,survival,132,72,60
10184,Jackjager,ravencrest,1894,hunter,survival,51,32,19
10185,Sneakyshøt,nemesis,1894,hunter,survival,263,137,126
10186,Momohenní,archimonde,1871,hunter,survival,156,86,70
10187,Scypher,ragnaros,1864,hunter,survival,50,33,17
10188,Lágåta,outland,1864,hunter,survival,53,27,26
10189,Djheartstrng,argent-dawn,1862,hunter,survival,61,36,25
10190,Ryomen,garona,1862,hunter,survival,189,99,90
10191,Øvade,argent-dawn,1861,hunter,survival,67,41,26
10192,Brkh,ravencrest,1857,hunter,survival,54,30,24
10193,Earfalass,twisting-nether,1856,hunter,survival,125,71,54
10194,Mogumogu,blackhand,1848,hunter,survival,54,29,25
10195,Kyosoku,silvermoon,1845,hunter,survival,57,28,29
10196,Madzynette,archimonde,1842,hunter,survival,67,40,27
10197,Feignfisto,draenor,1840,hunter,survival,33,20,13
10198,Djshibalxd,argent-dawn,1840,hunter,survival,54,29,25
10199,Lugnåls,hyjal,1838,hunter,survival,89,46,43
10200,Zerberas,blackrock,1835,hunter,survival,60,32,28
10201,Åíøñs,kazzak,1834,hunter,survival,42,26,16
10202,Квит,blackscar,1832,hunter,survival,30,20,10
10203,Glosendra,ravencrest,1831,hunter,survival,66,41,25
10204,Vunter,malganis,1828,hunter,survival,48,26,22
10205,Dabeszt,draenor,1827,hunter,survival,60,38,22
10206,Avaren,archimonde,1826,hunter,survival,118,61,57
10207,Calesthas,tarren-mill,1825,hunter,survival,84,44,40
10208,Ravebae,silvermoon,1822,hunter,survival,138,69,69
10209,Dackeldustin,norgannon,1821,hunter,survival,42,38,4
10210,Pwon,ravencrest,1811,hunter,survival,236,125,111
10211,Frog,crushridge,1810,hunter,survival,78,46,32
10212,Thugzilla,auchindoun,1810,hunter,survival,71,40,31
10213,Polaqu,burning-legion,1809,hunter,survival,60,37,23
10214,Betarayjinx,kazzak,1804,hunter,survival,51,31,20
10215,Nwnw,tarren-mill,1802,hunter,survival,30,19,11
10216,Zpf,silvermoon,1801,hunter,survival,56,30,26
10217,Lagich,stormscale,1799,hunter,survival,34,24,10
10218,Raelaf,zuljin,1798,hunter,survival,36,19,17
10219,Зеленыйиисус,gordunni,1789,hunter,survival,147,80,67
10220,Fatbushpig,stormscale,1786,hunter,survival,30,19,11
10221,Minibicmex,aegwynn,1784,hunter,survival,59,31,28
10222,Onlylfg,drakthul,1772,hunter,survival,68,35,33
10223,Dreämhäck,ravencrest,1768,hunter,survival,78,47,31
10224,Sneakyshoot,nemesis,1767,hunter,survival,59,31,28
10225,Saliressa,ravencrest,1767,hunter,survival,66,32,34
10226,Akronis,outland,1767,hunter,survival,66,29,37
10227,Летмимейт,howling-fjord,1759,hunter,survival,96,53,43
10228,Cjezka,blackmoore,1757,hunter,survival,54,26,28
10229,Easyclass,hyjal,1756,hunter,survival,78,40,38
10230,Obbnfriends,ravencrest,1749,hunter,survival,66,30,36
10231,Clifton,archimonde,1748,hunter,survival,42,27,15
10232,Eunte,archimonde,1747,hunter,survival,66,34,32
10233,Closeenought,ravencrest,1746,hunter,survival,72,40,32
10234,Burbutsuluki,silvermoon,1739,hunter,survival,42,23,19
10235,Hunjo,quelthalas,1739,hunter,survival,90,40,50
10236,Draxil,archimonde,1737,hunter,survival,58,33,25
10237,Døvah,argent-dawn,1737,hunter,survival,54,30,24
10238,Alexdi,kazzak,1736,hunter,survival,60,25,35
10239,Subha,quelthalas,1731,hunter,survival,48,31,17
10240,Kalthrog,ragnaros,1731,hunter,survival,66,37,29
10241,Svetlanatrap,stormscale,1729,hunter,survival,42,23,19
10242,Avizi,anachronos,1724,hunter,survival,78,41,37
10243,Yosia,draenor,1723,hunter,survival,60,31,29
10244,Иснсейшн,soulflayer,1718,hunter,survival,53,31,22
10245,Curbý,blackhand,1718,hunter,survival,36,20,16
10246,Mmkekw,guldan,1716,hunter,survival,30,22,8
10247,Boops,ragnaros,1714,hunter,survival,30,18,12
10248,Rewgodxq,ravencrest,1713,hunter,survival,84,35,49
10249,Sorozo,aegwynn,1712,hunter,survival,90,47,43
10250,Moustø,archimonde,1710,hunter,survival,35,21,14
10251,Sipsomewater,ravencrest,1707,hunter,survival,36,21,15
10252,Hühneknubbel,blackmoore,1707,hunter,survival,42,24,18
10253,Løvebombing,ravencrest,1706,hunter,survival,24,18,6
10254,Marvelmary,ravencrest,1703,hunter,survival,47,22,25
10255,Леоа,howling-fjord,1703,hunter,survival,54,24,30
10256,Хансбург,howling-fjord,1701,hunter,survival,54,26,28
10257,Razôr,blackhand,1700,hunter,survival,30,18,12
10258,Киссмайпет,howling-fjord,1700,hunter,survival,60,34,26
10259,Разплюханка,howling-fjord,1699,hunter,survival,108,56,52
10260,Оскорбление,howling-fjord,1697,hunter,survival,66,34,32
10261,Rubydacherrý,argent-dawn,1696,hunter,survival,30,21,9
10262,Yazqua,deathwing,1696,hunter,survival,70,42,28
10263,Fusko,ysondre,1695,hunter,survival,54,29,25
10264,Qwèrts,stormscale,1695,hunter,survival,42,21,21
10265,Búddhìst,ravencrest,1694,hunter,survival,48,22,26
10266,Slizzle,sporeggar,1676,hunter,survival,60,33,27
10267,Yemmeth,argent-dawn,1676,hunter,survival,210,108,102
10268,Snippy,sanguino,1674,hunter,survival,108,50,58
10269,Arrcher,thrall,1670,hunter,survival,36,26,10
10270,Ódelagga,sylvanas,1669,hunter,survival,96,55,41
10271,Knokkelmann,outland,1668,hunter,survival,36,24,12
10272,Epicsurvive,ravencrest,1667,hunter,survival,42,22,20
10273,Axehead,outland,1664,hunter,survival,42,22,20
10274,Gedept,blackrock,1663,hunter,survival,62,33,29
10275,Zøk,stormscale,1662,hunter,survival,83,49,34
10276,Kurkelx,ravencrest,1661,hunter,survival,48,30,18
10277,Стингергодх,gordunni,1660,hunter,survival,51,27,24
10278,Lukez,ravencrest,1656,hunter,survival,48,28,20
10279,Бомбетта,grom,1656,hunter,survival,78,37,41
10280,Monkeytrapz,norgannon,1655,hunter,survival,42,23,19
10281,Zäroury,ravencrest,1653,hunter,survival,64,32,32
10282,Nemámponetí,drakthul,1649,hunter,survival,54,33,21
10283,Xiumiune,antonidas,1648,hunter,survival,69,40,29
10284,Ksreport,stormscale,1647,hunter,survival,40,18,22
10285,Бубунн,howling-fjord,1646,hunter,survival,81,47,34
10286,Mewithoutyou,ragnaros,1645,hunter,survival,205,95,110
10287,Чууч,blackscar,1645,hunter,survival,111,51,60
10288,Xamisch,eredar,1644,hunter,survival,34,22,12
10289,Wonkeedx,ravencrest,1641,hunter,survival,42,21,21
10290,Halfogre,draenor,1640,hunter,survival,30,20,10
10291,Майен,thermaplugg,1640,hunter,survival,48,21,27
10292,Zulldek,sanguino,1638,hunter,survival,78,42,36
10293,Fablet,draenor,1637,hunter,survival,42,24,18
10294,Микихаса,galakrond,1636,hunter,survival,69,36,33
10295,Xexhel,twisting-nether,1634,hunter,survival,45,26,19
10296,Robzyhunter,kazzak,1632,hunter,survival,54,32,22
10297,Maiverx,ravencrest,1631,hunter,survival,24,17,7
10298,Tillhunt,kargath,1630,hunter,survival,63,40,23
10299,Renathir,argent-dawn,1628,hunter,survival,50,28,22
10300,Skyh,outland,1628,hunter,survival,101,48,53
10301,Кулерквест,soulflayer,1627,hunter,survival,85,46,39
10302,Véncsótány,ragnaros,1624,hunter,survival,30,18,12
10303,Løwg,drekthar,1622,hunter,survival,36,20,16
10304,Kajtarn,outland,1621,hunter,survival,60,27,33
10305,Копия,azuregos,1619,hunter,survival,42,18,24
10306,Ntwoõ,ravencrest,1615,hunter,survival,65,37,28
10307,Pizzafanatic,blackrock,1614,hunter,survival,49,25,24
10308,Losiané,thrall,1613,hunter,survival,94,48,46
10309,Regale,archimonde,1608,hunter,survival,36,17,19
10310,Ruxhunter,sanguino,1607,hunter,survival,90,50,40
10311,Iceyx,stormscale,1606,hunter,survival,37,21,16
10312,Cira,archimonde,1606,hunter,survival,48,24,24
10313,Гудхантер,blackscar,1605,hunter,survival,66,38,28
10314,Ищименявтени,gordunni,1604,hunter,survival,65,36,29
10315,Raztreadör,dun-modr,1604,hunter,survival,231,122,109
10316,Жэш,howling-fjord,1602,hunter,survival,42,21,21
10317,Сабакаа,borean-tundra,1600,hunter,survival,78,44,34
10318,Субоота,gordunni,1600,hunter,survival,65,32,33
10319,Darllene,kazzak,1599,hunter,survival,101,46,55
10320,Dariusmm,silvermoon,1598,hunter,survival,58,32,26
10321,Lìmpy,stormreaver,1597,hunter,survival,30,17,13
10322,Defjacks,argent-dawn,1597,hunter,survival,62,31,31
10323,Оути,azuregos,1594,hunter,survival,84,49,35
10324,Calyssae,shattered-halls,1591,hunter,survival,99,58,41
10325,Aspergun,ragnaros,1590,hunter,survival,46,22,24
10326,Танчибосс,soulflayer,1589,hunter,survival,92,47,45
10327,Noop,sylvanas,1587,hunter,survival,42,20,22
10328,Sznxøxo,ravencrest,1585,hunter,survival,42,24,18
10329,Saejku,archimonde,1585,hunter,survival,69,36,33
10330,Миаур,gordunni,1583,hunter,survival,42,19,23
10331,Unsáinted,ravencrest,1578,hunter,survival,129,67,62
10332,Ázurâ,blackhand,1578,hunter,survival,116,56,60
10333,Nienel,archimonde,1577,hunter,survival,83,34,49
10334,Свадебная,gordunni,1572,hunter,survival,148,78,70
10335,Хантзер,howling-fjord,1568,hunter,survival,80,39,41
10336,Sunyjuyono,ravencrest,1565,hunter,survival,42,19,23
10337,Suzumebachi,twisting-nether,1562,hunter,survival,54,34,20
10338,Marryme,blackhand,1561,hunter,survival,44,26,18
10339,Næ,kazzak,1561,hunter,survival,97,54,43
10340,Turdy,executus,1559,hunter,survival,40,23,17
10341,Zeer,sylvanas,1558,hunter,survival,105,46,59
10342,Killitoss,blackmoore,1554,hunter,survival,42,23,19
10343,Ðarrk,tarren-mill,1551,hunter,survival,66,35,31
10344,Westcøãst,archimonde,1550,hunter,survival,54,32,22
10345,Âmalphy,ravencrest,1549,hunter,survival,42,17,25
10346,Skydraz,ysondre,1548,hunter,survival,48,25,23
10347,Фломидзе,gordunni,1546,hunter,survival,65,39,26
10348,Rizlay,the-maelstrom,1546,hunter,survival,72,34,38
10349,Смолильщик,gordunni,1542,hunter,survival,45,22,23
10350,Psychotik,stormreaver,1540,hunter,survival,94,50,44
10351,Wikariusz,kazzak,1540,hunter,survival,66,27,39
10352,Sarrow,ravencrest,1535,hunter,survival,69,36,33
10353,Knoxblå,stormscale,1533,hunter,survival,24,16,8
10354,Garxzhunter,tarren-mill,1528,hunter,survival,30,16,14
10355,Sphexya,ravencrest,1528,hunter,survival,30,16,14
10356,Bren,shattrath,1526,hunter,survival,43,20,23
10357,Babûsch,blackmoore,1524,hunter,survival,42,17,25
10358,Глаззалмаз,howling-fjord,1519,hunter,survival,34,21,13
10359,Capd,kazzak,1519,hunter,survival,36,21,15
10360,Albumx,hyjal,1513,hunter,survival,217,108,109
10361,Jakis,silvermoon,1513,hunter,survival,35,17,18
10362,Zacxx,ravencrest,1512,hunter,survival,47,33,14
10363,Fmatzen,the-maelstrom,1503,hunter,survival,30,16,14
10364,Lottemor,tarren-mill,1502,hunter,survival,41,28,13
10365,Jailevaccin,khaz-modan,1500,hunter,survival,73,34,39
10366,Галятрицепс,eversong,1494,hunter,survival,38,19,19
10367,Clicker,runetotem,1494,hunter,survival,54,25,29
10368,Hakkoti,argent-dawn,1486,hunter,survival,66,33,33
10369,Riema,ragnaros,1483,hunter,survival,76,34,42
10370,Lxoh,turalyon,1478,hunter,survival,191,90,101
10371,Urtanis,stormscale,1477,hunter,survival,72,35,37
10372,Rasmi,kazzak,1477,hunter,survival,38,17,21
10373,Horxxa,kul-tiras,1476,hunter,survival,72,43,29
10374,Штынь,gordunni,1471,hunter,survival,36,17,19
10375,Хитвейн,gordunni,1469,hunter,survival,48,20,28
10376,Комомура,soulflayer,1467,hunter,survival,59,31,28
10377,Kürze,silvermoon,1467,hunter,survival,52,26,26
10378,Melissax,silvermoon,1464,hunter,survival,40,17,23
10379,Яшатаю,soulflayer,1463,hunter,survival,39,26,13
10380,Notikâ,aegwynn,1461,hunter,survival,66,33,33
10381,Sayn,la-croisade-écarlate,1460,hunter,survival,44,23,21
10382,Frapt,dalaran,1459,hunter,survival,28,16,12
10383,Clydefrog,outland,1459,hunter,survival,40,16,24
10384,Atalnta,ravencrest,1451,hunter,survival,69,28,41
10385,Gradevine,twisting-nether,1449,hunter,survival,32,20,12
10386,Nalys,argent-dawn,1447,hunter,survival,64,36,28
10387,Makeawish,antonidas,1444,hunter,survival,64,37,27
10388,Olk,stormscale,1439,hunter,survival,24,15,9
10389,Iòvól,azuremyst,1439,hunter,survival,31,17,14
10390,Wastage,draenor,1439,hunter,survival,48,25,23
10391,Islide,ravencrest,1438,hunter,survival,36,15,21
10392,Oggi,draenor,1429,hunter,survival,42,21,21
10393,Kalani,la-croisade-écarlate,1428,hunter,survival,117,55,62
10394,Nurki,the-maelstrom,1427,hunter,survival,30,15,15
10395,Тэуреэль,gordunni,1426,hunter,survival,66,26,40
10396,Hoffen,dentarg,1414,hunter,survival,24,18,6
10397,Тэмплест,howling-fjord,1411,hunter,survival,24,15,9
10398,Arykes,drakthul,1409,hunter,survival,59,27,32
10399,Juniorm,kazzak,1407,hunter,survival,30,15,15
10400,Capullospawn,dun-morogh,1406,hunter,survival,24,15,9
10401,Boggy,outland,1405,hunter,survival,36,19,17
10402,Шадак,soulflayer,1405,hunter,survival,47,24,23
10403,Китас,soulflayer,1404,hunter,survival,80,48,32
10404,Shoty,zuluhed,1402,hunter,survival,106,50,56
10405,Andjelaa,kazzak,1398,hunter,survival,30,15,15
10406,Feignindeath,twisting-nether,1396,hunter,survival,38,23,15
10407,Crème,blackrock,1395,hunter,survival,65,26,39
10408,Ballistix,elune,1394,hunter,survival,30,15,15
10409,Кфоззи,soulflayer,1391,hunter,survival,30,15,15
10410,Йинги,gordunni,1390,hunter,survival,64,34,30
10411,Dorota,auchindoun,1388,hunter,survival,30,16,14
10412,Taurïel,stormscale,1385,hunter,survival,50,28,22
10413,Slagatronic,ragnaros,1378,hunter,survival,96,53,43
10414,Ajko,blackmoore,1378,hunter,survival,60,33,27
10415,Сильвиина,eversong,1372,hunter,survival,36,17,19
10416,Ðrãke,blackmoore,1370,hunter,survival,30,15,15
10417,Hunttes,nagrand,1365,hunter,survival,29,15,14
10418,Shootingu,aegwynn,1364,hunter,survival,96,49,47
10419,Vengefull,draenor,1363,hunter,survival,150,76,74
10420,Suxino,doomhammer,1360,hunter,survival,82,37,45
10421,Zwerghauer,arthas,1358,hunter,survival,30,17,13
10422,Стивстифлер,razuvious,1357,hunter,survival,60,33,27
10423,Tortillia,madmortem,1357,hunter,survival,48,22,26
10424,Мандалорецц,soulflayer,1356,hunter,survival,92,44,48
10425,Santiägø,archimonde,1353,hunter,survival,54,30,24
10426,Abovival,ragnaros,1349,hunter,survival,30,20,10
10427,Skyyw,tarren-mill,1348,hunter,survival,62,34,28
10428,Malgorn,burning-legion,1341,hunter,survival,40,27,13
10429,Icetrapped,eredar,1341,hunter,survival,30,14,16
10430,Xaone,blackrock,1340,hunter,survival,18,14,4
10431,Вандамос,soulflayer,1340,hunter,survival,55,28,27
10432,Killerkatze,outland,1340,hunter,survival,30,14,16
10433,Айхана,gordunni,1337,hunter,survival,53,30,23
10434,Satantrapbot,outland,1337,hunter,survival,30,14,16
10435,Savageone,frostwhisper,1336,hunter,survival,24,14,10
10436,Itchy,das-syndikat,1336,hunter,survival,36,16,20
10437,Kobayashi,arathor,1331,hunter,survival,89,40,49
10438,Jamalinho,silvermoon,1322,hunter,survival,60,38,22
10439,Zaphody,doomhammer,1322,hunter,survival,57,29,28
10440,Карвинн,soulflayer,1321,hunter,survival,30,14,16
10441,Ðoñko,hyjal,1316,hunter,survival,141,65,76
10442,Zehned,ysondre,1316,hunter,survival,57,25,32
10443,Ниалла,thermaplugg,1316,hunter,survival,48,19,29
10444,Bigmøist,ravencrest,1315,hunter,survival,36,17,19
10445,Vâleriaa,blackrock,1314,hunter,survival,30,14,16
10446,Littlhuntard,tarren-mill,1306,hunter,survival,24,14,10
10447,Karabeg,twisting-nether,1301,hunter,survival,53,22,31
10448,Steezowl,kazzak,1297,hunter,survival,47,20,27
10449,Prodanhunts,frostmane,1296,hunter,survival,30,14,16
10450,Wôôdsy,blackrock,1291,hunter,survival,30,14,16
10451,Torrë,sanguino,1289,hunter,survival,29,14,15
10452,Kasperle,frostwolf,1281,hunter,survival,24,14,10
10453,Sasquaczek,burning-legion,1278,hunter,survival,30,17,13
10454,Getsniffarn,sylvanas,1277,hunter,survival,36,18,18
10455,Daweí,draenor,1275,hunter,survival,40,15,25
10456,Tyrone,saurfang,1264,hunter,survival,30,14,16
10457,Pentaboule,archimonde,1263,hunter,survival,78,36,42
10458,Nvukaze,argent-dawn,1262,hunter,survival,33,22,11
10459,Cásper,tarren-mill,1261,hunter,survival,42,20,22
10460,Huntiika,silvermoon,1257,hunter,survival,64,27,37
10461,Куджикс,soulflayer,1248,hunter,survival,18,13,5
10462,Zudith,sanguino,1248,hunter,survival,24,14,10
10463,Spitchy,kazzak,1248,hunter,survival,36,17,19
10464,Jumong,ragnaros,1246,hunter,survival,24,13,11
10465,Vargar,arygos,1245,hunter,survival,24,13,11
10466,Foxyfoxo,guldan,1245,hunter,survival,41,19,22
10467,Guanchin,silvermoon,1245,hunter,survival,42,16,26
10468,Kydérr,aegwynn,1243,hunter,survival,24,13,11
10469,Paxiwtf,eredar,1242,hunter,survival,22,14,8
10470,Bicepspump,dun-morogh,1240,hunter,survival,30,13,17
10471,Hreo,twisting-nether,1234,hunter,survival,24,13,11
10472,Jomoguin,stormscale,1225,hunter,survival,48,23,25
10473,Гаррельд,blackscar,1219,hunter,survival,30,13,17
10474,Thëoden,cthun,1217,hunter,survival,24,13,11
10475,Herubin,doomhammer,1217,hunter,survival,45,20,25
10476,Тике,soulflayer,1215,hunter,survival,38,19,19
10477,Ägris,die-todeskrallen,1212,hunter,survival,41,21,20
10478,Caelas,outland,1210,hunter,survival,24,13,11
10479,Ashablack,argent-dawn,1208,hunter,survival,107,52,55
10480,Bloodxx,ragnaros,1201,hunter,survival,72,33,39
10481,Sainttcc,thrall,1195,hunter,survival,54,25,29
10482,Kazzaak,kazzak,1188,hunter,survival,72,26,46
10483,Ketaminösa,zuljin,1151,hunter,survival,18,12,6
10484,Sláyer,the-shatar,1151,hunter,survival,40,21,19
10485,Ähäkutti,kazzak,1151,hunter,survival,30,12,18
10486,Скадхи,blackscar,1150,hunter,survival,24,12,12
10487,Nkl,archimonde,1150,hunter,survival,24,12,12
10488,Grulog,kazzak,1150,hunter,survival,30,12,18
10489,Skârlock,blackmoore,1149,hunter,survival,24,12,12
10490,Natchell,ysondre,1148,hunter,survival,24,12,12
10491,Rettoo,aszune,1146,hunter,survival,19,12,7
10492,Звериныйпапа,gordunni,1146,hunter,survival,24,12,12
10493,Yake,kazzak,1140,hunter,survival,40,15,25
10494,Gilzog,exodar,1138,hunter,survival,30,12,18
10495,Cabaim,eredar,1137,hunter,survival,18,12,6
10496,Floris,outland,1126,hunter,survival,24,12,12
10497,Cämper,aegwynn,1124,hunter,survival,24,12,12
10498,Gakco,twisting-nether,1120,hunter,survival,24,12,12
10499,Stuckstepbro,silvermoon,1119,hunter,survival,29,12,17
10500,Absolutnoob,blackrock,1100,hunter,survival,38,19,19
10501,Apachy,amanthul,1100,hunter,survival,29,12,17
10502,Aszasi,azjolnerub,1096,hunter,survival,23,12,11
10503,Пятницкий,soulflayer,1092,hunter,survival,21,12,9
10504,Himba,dentarg,1088,hunter,survival,36,18,18
10505,Djsecousse,hyjal,1056,hunter,survival,18,11,7
10506,Guccyfied,blackrock,1056,hunter,survival,18,11,7
10507,Lutza,sanguino,1056,hunter,survival,24,11,13
10508,Dedral,aegwynn,1055,hunter,survival,18,11,7
10509,Djtrápálót,dragonmaw,1055,hunter,survival,18,11,7
10510,Shiceloch,blackmoore,1055,hunter,survival,18,11,7
10511,Аркеро,soulflayer,1054,hunter,survival,24,11,13
10512,Éddiémórphín,kazzak,1053,hunter,survival,24,11,13
10513,Coromant,blackrock,1053,hunter,survival,26,11,15
10514,Cataleýà,outland,1052,hunter,survival,18,11,7
10515,Твояпомощь,gordunni,1052,hunter,survival,18,11,7
10516,Skzu,archimonde,1050,hunter,survival,18,11,7
10517,Jalcer,draenor,1050,hunter,survival,21,12,9
10518,Huntoruu,outland,1041,hunter,survival,101,44,57
10519,Doru,silvermoon,1025,hunter,survival,24,11,13
10520,Dragonflayer,sylvanas,1021,hunter,survival,18,11,7
10521,Szybky,defias-brotherhood,1017,hunter,survival,18,11,7
10522,Voltár,antonidas,1017,hunter,survival,30,11,19
10523,Killdembro,sunstrider,1015,hunter,survival,60,17,43
10524,Giobi,draenor,996,hunter,survival,24,13,11
10525,Animàl,argent-dawn,988,hunter,survival,22,11,11
10526,Änubïs,culte-de-la-rive-noire,973,hunter,survival,28,12,16
10527,Крысюкпифпаф,blackscar,971,hunter,survival,19,11,8
10528,Reviam,ravencrest,960,hunter,survival,12,10,2
10529,Bnak,thrall,960,hunter,survival,12,10,2
10530,Tayu,throkferoth,960,hunter,survival,12,10,2
10531,Kukenisluken,stormscale,960,hunter,survival,18,10,8
10532,Fwaffidack,tarren-mill,960,hunter,survival,18,10,8
10533,Мигнитюша,blackscar,960,hunter,survival,18,10,8
10534,Neddly,draenor,960,hunter,survival,24,10,14
10535,Xallis,outland,959,hunter,survival,18,10,8
10536,Morkahs,dalaran,959,hunter,survival,18,10,8
10537,Terrorduni,tarren-mill,959,hunter,survival,24,10,14
10538,Cadier,argent-dawn,959,hunter,survival,24,10,14
10539,Менстряк,deathguard,958,hunter,survival,18,10,8
10540,Amilienne,nozdormu,958,hunter,survival,27,11,16
10541,Барабаша,deathguard,957,hunter,survival,24,10,14
10542,Mcgloebels,archimonde,956,hunter,survival,21,11,10
10543,Binhoker,argent-dawn,953,hunter,survival,12,10,2
10544,Vorsord,zuljin,952,hunter,survival,24,10,14
10545,Memli,uldaman,950,hunter,survival,18,10,8
10546,Marluxiâ,archimonde,947,hunter,survival,30,11,19
10547,Zipzâp,blackrock,936,hunter,survival,18,10,8
10548,Neilime,marécage-de-zangar,936,hunter,survival,74,33,41
10549,Pechvogel,blackmoore,910,hunter,survival,17,10,7
10550,Ирртой,grom,885,hunter,survival,24,10,14
10551,Nttcoopzz,silvermoon,864,hunter,survival,12,9,3
10552,Ðévi,ravencrest,864,hunter,survival,12,9,3
10553,Urrane,archimonde,864,hunter,survival,12,9,3
10554,Bicmex,ravencrest,864,hunter,survival,14,9,5
10555,Svinrbglol,arygos,864,hunter,survival,18,9,9
10556,Mortybeans,ravencrest,864,hunter,survival,18,9,9
10557,Agnêas,silvermoon,864,hunter,survival,18,9,9
10558,Nooksem,blackrock,864,hunter,survival,18,9,9
10559,Krakenaspect,kazzak,864,hunter,survival,18,9,9
10560,Bùddhíst,ravencrest,864,hunter,survival,18,9,9
10561,Murkek,drakthul,863,hunter,survival,12,9,3
10562,Mileysaures,stormscale,863,hunter,survival,12,9,3
10563,Zapzy,ravencrest,863,hunter,survival,18,9,9
10564,Ashendan,silvermoon,863,hunter,survival,24,9,15
10565,Тиометра,gordunni,862,hunter,survival,12,9,3
10566,Sarttrap,aerie-peak,862,hunter,survival,12,9,3
10567,Крэин,howling-fjord,862,hunter,survival,18,9,9
10568,Skumrask,outland,862,hunter,survival,24,9,15
10569,Rollin,khaz-modan,861,hunter,survival,12,9,3
10570,Вилдфлекс,gordunni,861,hunter,survival,12,9,3
10571,Tôm,ravencrest,860,hunter,survival,12,9,3
10572,Занзуолли,howling-fjord,860,hunter,survival,18,9,9
10573,Норапина,eversong,857,hunter,survival,24,12,12
10574,Бандерака,goldrinn,857,hunter,survival,18,9,9
10575,Milandra,the-maelstrom,851,hunter,survival,18,9,9
10576,Ilovejwrld,dun-modr,810,hunter,survival,22,10,12
10577,Drolig,blackmoore,793,hunter,survival,17,9,8
10578,Maiver,ravencrest,768,hunter,survival,12,8,4
10579,Velen,pozzo-delleternità,768,hunter,survival,12,8,4
10580,Djfortnite,ravencrest,768,hunter,survival,12,8,4
10581,Poggersdaddy,kazzak,768,hunter,survival,12,8,4
10582,Патчхороший,howling-fjord,768,hunter,survival,12,8,4
10583,Erhu,drakthul,768,hunter,survival,12,8,4
10584,Jaggy,hyjal,768,hunter,survival,12,8,4
10585,Bittercoast,stormscale,768,hunter,survival,17,8,9
10586,Фираналь,blackscar,768,hunter,survival,18,8,10
10587,Jäinenool,outland,768,hunter,survival,18,8,10
10588,Рэдхаант,soulflayer,768,hunter,survival,18,8,10
10589,Пьёт,gordunni,768,hunter,survival,18,8,10
10590,Bø,burning-blade,768,hunter,survival,18,8,10
10591,Epicsurvive,kazzak,768,hunter,survival,24,8,16
10592,Øpedro,kirin-tor,767,hunter,survival,12,8,4
10593,Luftikuss,arthas,767,hunter,survival,12,8,4
10594,Nokti,die-ewige-wacht,767,hunter,survival,12,8,4
10595,Тиандриса,soulflayer,767,hunter,survival,12,8,4
10596,Mclooving,runetotem,767,hunter,survival,13,8,5
10597,Akasa,twilights-hammer,767,hunter,survival,18,8,10
10598,Survsen,kazzak,767,hunter,survival,18,8,10
10599,Querro,azshara,767,hunter,survival,24,8,16
10600,Trapfish,dalaran,766,hunter,survival,12,8,4
10601,Bowmasterjay,kazzak,764,hunter,survival,18,8,10
10602,Harmonía,outland,764,hunter,survival,24,8,16
10603,Eledanu,blackmoore,762,hunter,survival,12,8,4
10604,Harrak,ysondre,761,hunter,survival,12,8,4
10605,Хантероо,gordunni,756,hunter,survival,18,8,10
10606,Powerhord,burning-legion,751,hunter,survival,18,8,10
10607,Оверман,azuregos,735,hunter,survival,26,9,17
10608,Ватмано,gordunni,718,hunter,survival,11,8,3
10609,Reefa,the-maelstrom,702,hunter,survival,11,8,3
10610,Bnak,die-ewige-wacht,672,hunter,survival,12,7,5
10611,Gukéx,stormscale,672,hunter,survival,12,7,5
10612,Vincex,ravencrest,672,hunter,survival,12,7,5
10613,Wórldz,dun-modr,672,hunter,survival,12,7,5
10614,Amadia,defias-brotherhood,672,hunter,survival,12,7,5
10615,Motri,tarren-mill,672,hunter,survival,12,7,5
10616,Dauria,blackhand,672,hunter,survival,12,7,5
10617,Xelsera,antonidas,672,hunter,survival,12,7,5
10618,Jamboss,twisting-nether,672,hunter,survival,12,7,5
10619,Snôptas,blackmoore,672,hunter,survival,12,7,5
10620,Глефард,fordragon,672,hunter,survival,12,7,5
10621,Tomorrow,ravencrest,672,hunter,survival,12,7,5
10622,Blvckjvckz,ravencrest,672,hunter,survival,12,7,5
10623,Davidghettô,dalaran,672,hunter,survival,12,7,5
10624,Nulles,ravencrest,672,hunter,survival,12,7,5
10625,Robinbuds,stormscale,672,hunter,survival,12,7,5
10626,Burninghunt,ravencrest,672,hunter,survival,12,7,5
10627,Katzila,outland,672,hunter,survival,12,7,5
10628,Волкорн,gordunni,672,hunter,survival,12,7,5
10629,Ilovemax,archimonde,672,hunter,survival,12,7,5
10630,Neyv,blackmoore,672,hunter,survival,15,8,7
10631,Avashah,ravencrest,672,hunter,survival,16,7,9
10632,Doraxa,sanguino,672,hunter,survival,18,7,11
10633,Niro,argent-dawn,672,hunter,survival,18,7,11
10634,Artemisïa,archimonde,672,hunter,survival,18,7,11
10635,Fyoni,silvermoon,671,hunter,survival,12,7,5
10636,Rolky,silvermoon,671,hunter,survival,12,7,5
10637,Flamehand,kazzak,671,hunter,survival,12,7,5
10638,Raenard,ragnaros,671,hunter,survival,15,8,7
10639,Алестея,gordunni,671,hunter,survival,18,7,11
10640,Виралатта,gordunni,671,hunter,survival,18,7,11
10641,Blackox,zirkel-des-cenarius,670,hunter,survival,12,7,5
10642,Мертвыйпсарь,soulflayer,670,hunter,survival,12,7,5
10643,Renegansnipe,silvermoon,670,hunter,survival,18,7,11
10644,Bairex,magtheridon,666,hunter,survival,12,7,5
10645,Skyythe,dun-morogh,649,hunter,survival,18,7,11
10646,Bowkeeper,kazzak,642,hunter,survival,24,7,17
10647,Wicmex,archimonde,624,hunter,survival,9,8,1
10648,Bugspitz,outland,622,hunter,survival,11,7,4
10649,Onefatalshot,the-maelstrom,617,hunter,survival,14,8,6
10650,Haileyjones,darkmoon-faire,576,hunter,survival,6,6,0
10651,Alissón,aegwynn,576,hunter,survival,6,6,0
10652,Iloveluna,silvermoon,576,hunter,survival,6,6,0
10653,Gitanìlla,dun-modr,576,hunter,survival,6,6,0
10654,Kfcmanagerx,silvermoon,576,hunter,survival,10,7,3
10655,Torelk,dalaran,576,hunter,survival,12,6,6
10656,Mouganstine,archimonde,576,hunter,survival,12,6,6
10657,Nirn,ravencrest,576,hunter,survival,12,6,6
10658,Xxø,ravencrest,576,hunter,survival,12,6,6
10659,Jamoneame,sanguino,576,hunter,survival,12,6,6
10660,Seandeluxe,defias-brotherhood,576,hunter,survival,12,6,6
10661,Uranîa,blackmoore,576,hunter,survival,12,6,6
10662,Snoude,silvermoon,576,hunter,survival,12,6,6
10663,Maddoqx,frostwolf,576,hunter,survival,12,6,6
10664,Autoturret,eredar,576,hunter,survival,12,6,6
10665,Weraxo,ravencrest,576,hunter,survival,12,6,6
10666,Nunziatellà,nemesis,576,hunter,survival,12,6,6
10667,Bicmeks,ravencrest,576,hunter,survival,12,6,6
10668,Jónes,dunemaul,576,hunter,survival,12,6,6
10669,Alibigjungle,ravencrest,576,hunter,survival,12,6,6
10670,Kirax,ravencrest,576,hunter,survival,15,7,8
10671,Куджикс,gordunni,576,hunter,survival,20,7,13
10672,Huntanova,antonidas,576,hunter,survival,18,6,12
10673,Grimazg,chogall,575,hunter,survival,12,6,6
10674,Pãstèque,ravencrest,575,hunter,survival,12,6,6
10675,Nektard,ravencrest,575,hunter,survival,12,6,6
10676,Orcpie,defias-brotherhood,575,hunter,survival,12,6,6
10677,Hevl,silvermoon,575,hunter,survival,12,6,6
10678,Junglez,nagrand,575,hunter,survival,12,6,6
10679,Йеттеринг,deathweaver,575,hunter,survival,15,7,8
10680,Риппер,gordunni,575,hunter,survival,18,6,12
10681,Enistee,silvermoon,575,hunter,survival,18,6,12
10682,Bôbby,kelthuzad,575,hunter,survival,18,6,12
10683,Дондонандон,gordunni,575,hunter,survival,18,6,12
10684,Sekkeh,ragnaros,575,hunter,survival,18,6,12
10685,Amjamh,hyjal,575,hunter,survival,18,6,12
10686,Васябицепс,howling-fjord,574,hunter,survival,18,6,12
10687,Vuloshi,twisting-nether,573,hunter,survival,18,6,12
10688,Санясурв,gordunni,569,hunter,survival,19,11,8
10689,Shanè,blackrock,557,hunter,survival,17,6,11
10690,Mâjôô,blackhand,544,hunter,survival,10,6,4
10691,Боцекабузер,galakrond,543,hunter,survival,11,6,5
10692,Chillibetv,blackrock,543,hunter,survival,16,7,9
10693,Reðrighthånð,throkferoth,528,hunter,survival,9,6,3
10694,Pôîson,kazzak,514,hunter,survival,30,7,23
10695,Hotgrillexde,sylvanas,511,hunter,survival,11,6,5
10696,Musen,draenor,480,hunter,survival,6,5,1
10697,Cenesthesia,draenor,480,hunter,survival,6,5,1
10698,Glama,archimonde,480,hunter,survival,6,5,1
10699,Sebikh,ravencrest,480,hunter,survival,6,5,1
10700,Vilopez,arthas,480,hunter,survival,6,5,1
10701,Mòzetónq,ravencrest,480,hunter,survival,6,5,1
10702,Dheredre,silvermoon,480,hunter,survival,6,5,1
10703,Röwene,argent-dawn,480,hunter,survival,6,5,1
10704,Deek,ysera,480,hunter,survival,6,5,1
10705,Smellygroin,darksorrow,480,hunter,survival,6,5,1
10706,Lísy,hyjal,480,hunter,survival,6,5,1
10707,Coopatron,silvermoon,480,hunter,survival,12,5,7
10708,Baconflips,ravencrest,480,hunter,survival,12,5,7
10709,Ormassey,drakthul,480,hunter,survival,12,5,7
10710,Вкинулматрас,gordunni,480,hunter,survival,12,5,7
10711,Эвилтар,soulflayer,480,hunter,survival,12,5,7
10712,Ector,silvermoon,480,hunter,survival,12,5,7
10713,Unferth,the-venture-co,480,hunter,survival,12,5,7
10714,Abeba,grim-batol,480,hunter,survival,12,5,7
10715,Noneedtotrap,darksorrow,480,hunter,survival,12,5,7
10716,Мэйвиан,gordunni,480,hunter,survival,12,5,7
10717,Yakayoshi,kazzak,480,hunter,survival,12,5,7
10718,Moscowmule,tarren-mill,480,hunter,survival,12,5,7
10719,Аскентр,gordunni,480,hunter,survival,12,5,7
10720,Horku,kazzak,480,hunter,survival,12,5,7
10721,Doloresman,tarren-mill,480,hunter,survival,12,5,7
10722,Grusijohn,executus,480,hunter,survival,12,5,7
10723,Hunterado,burning-legion,480,hunter,survival,12,5,7
10724,Discoråttan,stormscale,480,hunter,survival,12,5,7
10725,Aequitaz,blackhand,480,hunter,survival,18,5,13
10726,Skewdar,hyjal,480,hunter,survival,18,5,13
10727,Badboyxoxo,stormscale,479,hunter,survival,6,5,1
10728,Daltyr,ravencrest,479,hunter,survival,12,5,7
10729,Cazados,shendralar,479,hunter,survival,16,6,10
10730,Сногивкабину,soulflayer,479,hunter,survival,18,5,13
10731,Mahemi,mazrigos,478,hunter,survival,24,5,19
10732,Jabela,eredar,447,hunter,survival,11,5,6
10733,Axiøs,thrall,431,hunter,survival,11,5,6
10734,Azuren,twisting-nether,430,hunter,survival,11,5,6
10735,Куфа,blackscar,384,hunter,survival,6,4,2
10736,Speartusk,blackhand,384,hunter,survival,6,4,2
10737,Shøt,stormreaver,384,hunter,survival,6,4,2
10738,Giggiwho,malganis,384,hunter,survival,6,4,2
10739,Psghunt,argent-dawn,384,hunter,survival,6,4,2
10740,Youngbepse,blackrock,384,hunter,survival,6,4,2
10741,Shenra,argent-dawn,384,hunter,survival,6,4,2
10742,Bièretrand,les-clairvoyants,384,hunter,survival,6,4,2
10743,Аминотоксид,blackscar,384,hunter,survival,6,4,2
10744,Mooj,malganis,384,hunter,survival,6,4,2
10745,Chrønôs,archimonde,384,hunter,survival,6,4,2
10746,Nyxìa,shattered-halls,384,hunter,survival,6,4,2
10747,Repap,defias-brotherhood,384,hunter,survival,6,4,2
10748,Trappewpew,blackmoore,384,hunter,survival,6,4,2
10749,Oldlynx,ravencrest,384,hunter,survival,6,4,2
10750,Ледо,deathguard,384,hunter,survival,6,4,2
10751,Zion,kul-tiras,384,hunter,survival,6,4,2
10752,Double,sylvanas,384,hunter,survival,6,4,2
10753,Trapandstun,aszune,384,hunter,survival,6,4,2
10754,Djøgi,archimonde,384,hunter,survival,6,4,2
10755,Virzion,silvermoon,384,hunter,survival,6,4,2
10756,Thresha,ravenholdt,384,hunter,survival,6,4,2
10757,Хикази,soulflayer,384,hunter,survival,6,4,2
10758,Fyrya,ravencrest,384,hunter,survival,6,4,2
10759,Cinnè,frostwolf,384,hunter,survival,6,4,2
10760,Nomorex,frostwhisper,384,hunter,survival,6,4,2
10761,Shubou,silvermoon,384,hunter,survival,6,4,2
10762,Himpy,twisting-nether,384,hunter,survival,6,4,2
10763,Gogolehunt,archimonde,384,hunter,survival,6,4,2
10764,Vádîazmeý,twisting-nether,384,hunter,survival,6,4,2
10765,Критпояйцам,howling-fjord,384,hunter,survival,6,4,2
10766,Abgeherjoe,antonidas,384,hunter,survival,12,4,8
10767,Salie,argent-dawn,384,hunter,survival,12,4,8
10768,Фурболгов,gordunni,384,hunter,survival,12,4,8
10769,Clicktrap,runetotem,384,hunter,survival,12,4,8
10770,Sharpeyezz,ravencrest,384,hunter,survival,12,4,8
10771,Eâgleêyê,frostwolf,384,hunter,survival,12,4,8
10772,Fíwhale,tarren-mill,384,hunter,survival,12,4,8
10773,Magicnanø,nemesis,384,hunter,survival,12,4,8
10774,Waziralwazar,auchindoun,384,hunter,survival,12,4,8
10775,Вуйчеч,howling-fjord,384,hunter,survival,12,4,8
10776,Esperion,ragnaros,384,hunter,survival,12,4,8
10777,Voldagor,hyjal,384,hunter,survival,12,4,8
10778,Beaststeaks,thrall,384,hunter,survival,12,4,8
10779,Dettas,silvermoon,384,hunter,survival,12,4,8
10780,Wärft,arathi,384,hunter,survival,12,4,8
10781,Fiskerr,darksorrow,384,hunter,survival,12,4,8
10782,Marchik,outland,384,hunter,survival,12,4,8
10783,Døømslayer,nemesis,383,hunter,survival,6,4,2
10784,Platza,ragnaros,383,hunter,survival,12,4,8
10785,Одисенс,eversong,383,hunter,survival,12,4,8
10786,Bâng,zuljin,383,hunter,survival,12,4,8
10787,Hanibale,burning-blade,382,hunter,survival,18,4,14
10788,Thëhunter,tyrande,367,hunter,survival,11,4,7
10789,Abeji,malygos,351,hunter,survival,11,4,7
10790,Thalanos,blackmoore,335,hunter,survival,11,4,7
10791,Ghob,kazzak,330,hunter,survival,8,5,3
10792,Sùnzí,alakir,319,hunter,survival,6,4,2
10793,Engetsu,drakthul,288,hunter,survival,6,3,3
10794,Zwergjäger,aegwynn,288,hunter,survival,6,3,3
10795,Ремонтлицаа,gordunni,288,hunter,survival,6,3,3
10796,Rákthar,blackmoore,288,hunter,survival,6,3,3
10797,Паркх,soulflayer,288,hunter,survival,6,3,3
10798,Unöhänä,archimonde,288,hunter,survival,6,3,3
10799,Solotrap,kazzak,288,hunter,survival,6,3,3
10800,Jäegarn,ravencrest,288,hunter,survival,6,3,3
10801,Himatoumi,elune,288,hunter,survival,6,3,3
10802,Scecxla,doomhammer,288,hunter,survival,6,3,3
10803,Simppeli,sylvanas,288,hunter,survival,6,3,3
10804,Crispystix,draenor,288,hunter,survival,6,3,3
10805,Hépheistos,kelthuzad,288,hunter,survival,6,3,3
10806,Fjarla,aegwynn,288,hunter,survival,6,3,3
10807,Jorhan,ravencrest,288,hunter,survival,6,3,3
10808,Assaultrifle,frostmane,288,hunter,survival,6,3,3
10809,Schwabbels,silvermoon,288,hunter,survival,6,3,3
10810,Lightxyz,ravencrest,288,hunter,survival,6,3,3
10811,Loading,garrosh,288,hunter,survival,6,3,3
10812,Huntsmart,kazzak,288,hunter,survival,6,3,3
10813,Tràpz,archimonde,288,hunter,survival,6,3,3
10814,Goblinstyle,kazzak,288,hunter,survival,6,3,3
10815,Нойран,eversong,288,hunter,survival,6,3,3
10816,Prinzz,blackmoore,288,hunter,survival,6,3,3
10817,Oneeyedjoe,the-maelstrom,288,hunter,survival,6,3,3
10818,Faccacamoale,twisting-nether,288,hunter,survival,6,3,3
10819,Kapowz,kazzak,288,hunter,survival,6,3,3
10820,Spakster,blackrock,288,hunter,survival,6,3,3
10821,Arrowknee,outland,288,hunter,survival,6,3,3
10822,Natheldir,silvermoon,288,hunter,survival,6,3,3
10823,Likandria,blackmoore,288,hunter,survival,6,3,3
10824,Myoui,silvermoon,288,hunter,survival,6,3,3
10825,Sworra,silvermoon,288,hunter,survival,6,3,3
10826,Geevhunt,hyjal,288,hunter,survival,6,3,3
10827,Deskö,shendralar,288,hunter,survival,6,3,3
10828,Aidsmacka,shattered-hand,288,hunter,survival,6,3,3
10829,Nobuno,dun-modr,288,hunter,survival,6,3,3
10830,Hræsvëlg,archimonde,288,hunter,survival,6,3,3
10831,Daddytrap,burning-legion,288,hunter,survival,6,3,3
10832,Jayquillen,sylvanas,288,hunter,survival,6,3,3
10833,Helvetiya,sylvanas,288,hunter,survival,6,3,3
10834,Eazzyy,auchindoun,288,hunter,survival,6,3,3
10835,Варкраб,blackscar,288,hunter,survival,6,3,3
10836,Kleiar,dun-modr,288,hunter,survival,6,3,3
10837,Shanndu,ravencrest,288,hunter,survival,12,3,9
10838,Jeddaj,stormscale,288,hunter,survival,12,3,9
10839,Àfpro,hyjal,288,hunter,survival,12,3,9
10840,Beletor,medivh,288,hunter,survival,12,3,9
10841,Bláckthorn,ravencrest,288,hunter,survival,12,3,9
10842,Nestór,todeswache,288,hunter,survival,12,3,9
10843,Aleenya,dalaran,288,hunter,survival,12,3,9
10844,Síraw,tarren-mill,288,hunter,survival,12,3,9
10845,Bigfoot,argent-dawn,288,hunter,survival,12,3,9
10846,Согекхей,gordunni,288,hunter,survival,12,3,9
10847,Шмалетар,gordunni,288,hunter,survival,12,3,9
10848,Charlet,archimonde,287,hunter,survival,6,3,3
10849,Lezigoulleur,marécage-de-zangar,287,hunter,survival,6,3,3
10850,Leemool,ysondre,287,hunter,survival,6,3,3
10851,Trabucones,sanguino,287,hunter,survival,12,3,9
10852,Twinkhunter,pozzo-delleternità,256,hunter,survival,10,3,7
10853,Fãdê,ravencrest,255,hunter,survival,8,4,4
10854,Bowtreat,aggramar,239,hunter,survival,5,3,2
10855,Arrowboss,kazzak,239,hunter,survival,5,3,2
10856,Jeanpisse,hyjal,239,hunter,survival,5,3,2
10857,Beersalma,arathor,239,hunter,survival,5,3,2
10858,Дочьпескова,gordunni,239,hunter,survival,5,3,2
10859,Sizemattersx,kazzak,239,hunter,survival,11,3,8
10860,Gharzok,blackrock,234,hunter,survival,8,4,4
10861,Хантвкроксах,gordunni,208,hunter,survival,7,3,4
10862,Eromoar,outland,192,hunter,survival,6,2,4
10863,Flexifys,tarren-mill,192,hunter,survival,6,2,4
10864,Adram,burning-legion,192,hunter,survival,6,2,4
10865,Наладдчик,howling-fjord,192,hunter,survival,6,2,4
10866,Fajitax,lightbringer,192,hunter,survival,6,2,4
10867,Draugrinnh,tarren-mill,192,hunter,survival,6,2,4
10868,Roscke,drakthul,192,hunter,survival,6,2,4
10869,Lithell,kazzak,192,hunter,survival,6,2,4
10870,Steffxd,twisting-nether,192,hunter,survival,6,2,4
10871,Kinaou,sargeras,192,hunter,survival,6,2,4
10872,Zøøkëëper,silvermoon,192,hunter,survival,6,2,4
10873,Gerzyy,drakthul,192,hunter,survival,6,2,4
10874,Ammò,kazzak,192,hunter,survival,6,2,4
10875,Gynax,hyjal,192,hunter,survival,6,2,4
10876,Evazeonhunt,antonidas,192,hunter,survival,6,2,4
10877,Rølyn,hyjal,192,hunter,survival,6,2,4
10878,Tdapills,sanguino,192,hunter,survival,6,2,4
10879,Brindefolìe,archimonde,192,hunter,survival,6,2,4
10880,Vasco,chogall,192,hunter,survival,6,2,4
10881,Arkeye,draenor,192,hunter,survival,6,2,4
10882,Buoma,kazzak,192,hunter,survival,6,2,4
10883,Grundibg,chamber-of-aspects,192,hunter,survival,6,2,4
10884,Mufassa,sinstralis,192,hunter,survival,6,2,4
10885,Valtondre,argent-dawn,192,hunter,survival,6,2,4
10886,Wuad,silvermoon,192,hunter,survival,6,2,4
10887,Неужто,deathguard,192,hunter,survival,6,2,4
10888,Jarekk,auchindoun,192,hunter,survival,6,2,4
10889,Daarkkhunter,twisting-nether,192,hunter,survival,6,2,4
10890,Ilòóll,veknilash,192,hunter,survival,6,2,4
10891,Robosexual,ravencrest,192,hunter,survival,6,2,4
10892,Yezzu,sylvanas,192,hunter,survival,6,2,4
10893,Bèâr,stormscale,192,hunter,survival,6,2,4
10894,Sakaryali,silvermoon,192,hunter,survival,6,2,4
10895,Aggrobatics,blackmoore,192,hunter,survival,6,2,4
10896,Ecthelione,the-venture-co,192,hunter,survival,12,2,10
10897,Réja,norgannon,192,hunter,survival,12,2,10
10898,Дэнитрехо,soulflayer,192,hunter,survival,12,2,10
10899,Keinzira,hyjal,192,hunter,survival,12,2,10
10900,Whyareurunin,silvermoon,192,hunter,survival,12,2,10
10901,Haskeer,shattrath,192,hunter,survival,12,2,10
10902,Yinn,kilrogg,192,hunter,survival,18,2,16
10903,Sixty,rajaxx,192,hunter,survival,18,2,16
10904,Bélier,hyjal,191,hunter,survival,6,2,4
10905,Akibane,blackmoore,159,hunter,survival,8,3,5
10906,Rdwlf,draenor,138,hunter,survival,8,3,5
10907,Marvii,drakthul,96,hunter,survival,6,1,5
10908,Ryztik,garona,96,hunter,survival,6,1,5
10909,Panzershot,hyjal,96,hunter,survival,6,1,5
10910,Leaxs,onyxia,96,hunter,survival,6,1,5
10911,Nixerious,alakir,96,hunter,survival,6,1,5
10912,Katzchen,burning-legion,96,hunter,survival,6,1,5
10913,Brattamer,twisting-nether,96,hunter,survival,6,1,5
10914,Leviáckerman,ravencrest,96,hunter,survival,6,1,5
10915,Danissia,argent-dawn,96,hunter,survival,6,1,5
10916,Aimywinehaus,drakthul,96,hunter,survival,6,1,5
10917,Lowfet,neptulon,96,hunter,survival,6,1,5
10918,Escaflôwn,aegwynn,96,hunter,survival,6,1,5
10919,Saksa,blackrock,96,hunter,survival,6,1,5
10920,Zárnah,defias-brotherhood,96,hunter,survival,6,1,5
10921,Куоль,gordunni,96,hunter,survival,6,1,5
10922,Supcuz,stormscale,96,hunter,survival,6,1,5
10923,Zuggi,defias-brotherhood,96,hunter,survival,6,1,5
10924,Grollar,ragnaros,96,hunter,survival,6,1,5
10925,Fantus,sylvanas,96,hunter,survival,6,1,5
10926,Zynga,sylvanas,96,hunter,survival,6,1,5
10927,Illnysa,silvermoon,96,hunter,survival,6,1,5
10928,Cryts,dun-modr,96,hunter,survival,6,1,5
10929,Серомиг,eversong,96,hunter,survival,6,1,5
10930,Эннабонни,gordunni,79,hunter,survival,5,1,4
10931,Рангмар,howling-fjord,79,hunter,survival,5,1,4
10932,Jacobszy,outland,63,hunter,survival,2,2,0
10933,Velrhegal,tarren-mill,16,hunter,survival,7,1,6
10934,Mariabanks,aegwynn,2278,hunter,beastmastery,222,118,104
10935,Brokeasalwys,ravencrest,2164,hunter,beastmastery,84,46,38
10936,Cbã,ravencrest,2156,hunter,beastmastery,60,32,28
10937,Hypse,kazzak,2144,hunter,beastmastery,244,120,124
10938,Куфа,blackscar,2132,hunter,beastmastery,54,32,22
10939,Eldrekou,kazzak,2117,hunter,beastmastery,90,53,37
10940,Nelida,ragnaros,2105,hunter,beastmastery,60,32,28
10941,Plugonbaby,hyjal,2035,hunter,beastmastery,77,37,40
10942,Kfcmanagerx,silvermoon,2024,hunter,beastmastery,90,42,48
10943,Esperion,ragnaros,2007,hunter,beastmastery,138,66,72
10944,Baltímore,stormscale,2006,hunter,beastmastery,77,35,42
10945,Тружка,soulflayer,2000,hunter,beastmastery,96,44,52
10946,Doghxnter,ravencrest,1989,hunter,beastmastery,60,29,31
10947,Берх,gordunni,1984,hunter,beastmastery,136,66,70
10948,Trend,silvermoon,1975,hunter,beastmastery,130,66,64
10949,Jambomambo,twisting-nether,1973,hunter,beastmastery,66,33,33
10950,Gernoqz,frostwolf,1973,hunter,beastmastery,107,51,56
10951,Ynv,argent-dawn,1956,hunter,beastmastery,134,69,65
10952,Truejkee,silvermoon,1956,hunter,beastmastery,125,64,61
10953,Онкьяр,gordunni,1949,hunter,beastmastery,69,40,29
10954,Feevah,frostmane,1947,hunter,beastmastery,272,137,135
10955,Sipsomewater,ravencrest,1943,hunter,beastmastery,69,36,33
10956,Easyclass,hyjal,1928,hunter,beastmastery,144,87,57
10957,Teals,blackrock,1925,hunter,beastmastery,57,31,26
10958,Twineyes,ravencrest,1921,hunter,beastmastery,106,55,51
10959,Odeôn,twisting-nether,1921,hunter,beastmastery,65,27,38
10960,Мираклдримз,gordunni,1919,hunter,beastmastery,72,38,34
10961,Fãdê,ravencrest,1908,hunter,beastmastery,84,52,32
10962,Safnirx,tarren-mill,1908,hunter,beastmastery,72,32,40
10963,Zyphx,der-rat-von-dalaran,1907,hunter,beastmastery,132,60,72
10964,Aimshots,twisting-nether,1906,hunter,beastmastery,66,36,30
10965,Ataxyz,draenor,1906,hunter,beastmastery,60,30,30
10966,Libanais,archimonde,1905,hunter,beastmastery,251,119,132
10967,Баянист,soulflayer,1905,hunter,beastmastery,72,34,38
10968,Sukzess,antonidas,1902,hunter,beastmastery,60,32,28
10969,Thing,kazzak,1900,hunter,beastmastery,36,21,15
10970,Trapgoddxx,archimonde,1894,hunter,beastmastery,65,44,21
10971,Гринмех,gordunni,1893,hunter,beastmastery,66,35,31
10972,Биско,gordunni,1890,hunter,beastmastery,80,40,40
10973,Rndhunt,shattrath,1889,hunter,beastmastery,72,35,37
10974,Manj,blackhand,1888,hunter,beastmastery,54,29,25
10975,Nivshot,kazzak,1887,hunter,beastmastery,48,26,22
10976,Tagz,ravencrest,1887,hunter,beastmastery,60,29,31
10977,Blackszpak,jaedenar,1876,hunter,beastmastery,42,23,19
10978,Eazzyy,auchindoun,1876,hunter,beastmastery,84,44,40
10979,Дианнесса,howling-fjord,1876,hunter,beastmastery,77,38,39
10980,Noorky,kazzak,1870,hunter,beastmastery,60,31,29
10981,Евилик,gordunni,1870,hunter,beastmastery,66,31,35
10982,Kachaxa,kazzak,1869,hunter,beastmastery,70,33,37
10983,Jàsøn,ravencrest,1867,hunter,beastmastery,72,33,39
10984,Phesx,sylvanas,1865,hunter,beastmastery,54,27,27
10985,Ígrågøßñø,silvermoon,1864,hunter,beastmastery,44,30,14
10986,Breezme,twisting-nether,1864,hunter,beastmastery,72,33,39
10987,Hanuong,ragnaros,1862,hunter,beastmastery,36,20,16
10988,Moscowmule,tarren-mill,1859,hunter,beastmastery,59,29,30
10989,Krampack,dun-modr,1858,hunter,beastmastery,54,31,23
10990,Draxil,archimonde,1855,hunter,beastmastery,54,24,30
10991,Найстити,deathguard,1854,hunter,beastmastery,66,31,35
10992,Nexztwo,blackrock,1852,hunter,beastmastery,69,33,36
10993,Dìgítal,twisting-nether,1851,hunter,beastmastery,48,27,21
10994,Chillbroo,twisting-nether,1851,hunter,beastmastery,71,33,38
10995,Jägarnmt,twisting-nether,1848,hunter,beastmastery,77,33,44
10996,Âmalphy,ravencrest,1846,hunter,beastmastery,47,23,24
10997,Колякилшот,gordunni,1844,hunter,beastmastery,60,29,31
10998,Nyzuri,die-aldor,1843,hunter,beastmastery,54,26,28
10999,Luzivarus,malganis,1842,hunter,beastmastery,59,29,30
11000,Scrubbi,destromath,1840,hunter,beastmastery,59,30,29
11001,Wilfyre,twisting-nether,1840,hunter,beastmastery,75,36,39
11002,Лесбиянюсь,gordunni,1838,hunter,beastmastery,60,43,17
11003,Thogel,hyjal,1838,hunter,beastmastery,72,33,39
11004,Dheredre,silvermoon,1835,hunter,beastmastery,48,27,21
11005,Miløø,silvermoon,1835,hunter,beastmastery,48,26,22
11006,Hlogic,tarren-mill,1834,hunter,beastmastery,108,51,57
11007,Rákthar,blackmoore,1832,hunter,beastmastery,66,32,34
11008,Kabaro,rajaxx,1830,hunter,beastmastery,60,27,33
11009,Рагнарианх,gordunni,1829,hunter,beastmastery,105,48,57
11010,Кразайс,ashenvale,1829,hunter,beastmastery,91,39,52
11011,Silverwolfa,dun-modr,1827,hunter,beastmastery,75,42,33
11012,Orcji,blackhand,1827,hunter,beastmastery,83,42,41
11013,Samanou,kazzak,1826,hunter,beastmastery,88,41,47
11014,Bilbohunter,draenor,1825,hunter,beastmastery,48,27,21
11015,Горгонт,blackscar,1825,hunter,beastmastery,47,25,22
11016,Saggymilkies,outland,1825,hunter,beastmastery,72,33,39
11017,Burninghunt,ravencrest,1822,hunter,beastmastery,60,32,28
11018,Wêskêr,tarren-mill,1821,hunter,beastmastery,66,31,35
11019,Куроните,howling-fjord,1820,hunter,beastmastery,48,27,21
11020,Roarmantic,blackrock,1820,hunter,beastmastery,54,26,28
11021,Bynen,tarren-mill,1819,hunter,beastmastery,77,33,44
11022,Dogetrainer,silvermoon,1818,hunter,beastmastery,175,90,85
11023,Jawox,antonidas,1817,hunter,beastmastery,60,27,33
11024,Bíllybobbs,argent-dawn,1815,hunter,beastmastery,36,19,17
11025,Пожилойпупь,soulflayer,1815,hunter,beastmastery,66,32,34
11026,Ooh,doomhammer,1815,hunter,beastmastery,120,56,64
11027,Jabela,eredar,1814,hunter,beastmastery,53,39,14
11028,Трапгодикс,eversong,1814,hunter,beastmastery,173,95,78
11029,Pussirotta,stormreaver,1814,hunter,beastmastery,54,27,27
11030,Лордсахарок,gordunni,1814,hunter,beastmastery,90,40,50
11031,Alpharaven,ravencrest,1812,hunter,beastmastery,60,31,29
11032,Dréws,kazzak,1811,hunter,beastmastery,58,26,32
11033,Shroomynuts,kazzak,1810,hunter,beastmastery,114,68,46
11034,Марчик,blackscar,1810,hunter,beastmastery,42,19,23
11035,Gaeln,outland,1809,hunter,beastmastery,174,84,90
11036,Corossity,blackmoore,1808,hunter,beastmastery,30,19,11
11037,Hiddenx,blackmoore,1808,hunter,beastmastery,42,21,21
11038,Sparcùs,stormreaver,1807,hunter,beastmastery,140,79,61
11039,Поппишот,blackscar,1806,hunter,beastmastery,36,19,17
11040,Цитрукс,gordunni,1806,hunter,beastmastery,90,47,43
11041,Huntchonk,kazzak,1806,hunter,beastmastery,53,27,26
11042,Spirys,drakthul,1806,hunter,beastmastery,47,20,27
11043,Пивопьюня,ashenvale,1805,hunter,beastmastery,53,27,26
11044,Hacz,bronzebeard,1804,hunter,beastmastery,138,70,68
11045,Lysanhunt,zuljin,1804,hunter,beastmastery,54,27,27
11046,Crippa,tarren-mill,1803,hunter,beastmastery,54,28,26
11047,Играсломана,howling-fjord,1802,hunter,beastmastery,54,36,18
11048,Qtìp,aegwynn,1798,hunter,beastmastery,89,42,47
11049,Izmad,archimonde,1796,hunter,beastmastery,245,138,107
11050,Fluphy,thrall,1794,hunter,beastmastery,70,41,29
11051,Wodhunterxdd,outland,1788,hunter,beastmastery,53,25,28
11052,Вождь,howling-fjord,1787,hunter,beastmastery,53,27,26
11053,Appirc,tarren-mill,1785,hunter,beastmastery,48,24,24
11054,Wîldhunt,burning-legion,1781,hunter,beastmastery,161,76,85
11055,Jamesyy,ravencrest,1776,hunter,beastmastery,60,28,32
11056,Painaldeepz,stormscale,1775,hunter,beastmastery,36,22,14
11057,Babýrage,twisting-nether,1774,hunter,beastmastery,42,21,21
11058,Unßørn,archimonde,1774,hunter,beastmastery,90,38,52
11059,Gucçi,kazzak,1773,hunter,beastmastery,73,42,31
11060,Luzivar,malganis,1770,hunter,beastmastery,54,21,33
11061,Erethrus,ravencrest,1769,hunter,beastmastery,48,19,29
11062,Fanjah,sylvanas,1767,hunter,beastmastery,63,36,27
11063,Amyndôr,ravencrest,1767,hunter,beastmastery,48,27,21
11064,Pryse,hyjal,1767,hunter,beastmastery,42,21,21
11065,Séyena,outland,1764,hunter,beastmastery,42,19,23
11066,Fullxtrap,hyjal,1763,hunter,beastmastery,41,19,22
11067,Jamzyhunter,emerald-dream,1762,hunter,beastmastery,48,24,24
11068,Скадхи,blackscar,1762,hunter,beastmastery,88,42,46
11069,Dafhel,hyjal,1762,hunter,beastmastery,95,44,51
11070,Шергала,soulflayer,1759,hunter,beastmastery,262,127,135
11071,Nimhunt,dentarg,1759,hunter,beastmastery,65,29,36
11072,Futureman,blackrock,1758,hunter,beastmastery,54,31,23
11073,Imcuteandfun,ravencrest,1757,hunter,beastmastery,93,45,48
11074,Irefutabilâ,outland,1756,hunter,beastmastery,120,57,63
11075,Порошокк,gordunni,1756,hunter,beastmastery,69,29,40
11076,Riflur,stormscale,1755,hunter,beastmastery,42,21,21
11077,Мэлвиса,borean-tundra,1754,hunter,beastmastery,90,50,40
11078,Ilovemax,archimonde,1750,hunter,beastmastery,46,20,26
11079,Mekerosh,burning-legion,1749,hunter,beastmastery,46,23,23
11080,Hugø,twisting-nether,1749,hunter,beastmastery,78,28,50
11081,Мориартис,ashenvale,1748,hunter,beastmastery,71,37,34
11082,Экономист,fordragon,1745,hunter,beastmastery,48,27,21
11083,Фираналь,blackscar,1743,hunter,beastmastery,69,35,34
11084,Expiraa,twisting-nether,1742,hunter,beastmastery,48,25,23
11085,Haltrâdar,archimonde,1742,hunter,beastmastery,63,30,33
11086,Åsynåmvp,twisting-nether,1742,hunter,beastmastery,65,29,36
11087,Carioca,blackhand,1741,hunter,beastmastery,66,30,36
11088,Treaz,sanguino,1739,hunter,beastmastery,66,33,33
11089,Tyranski,ravencrest,1738,hunter,beastmastery,75,40,35
11090,Hawkeyé,forscherliga,1737,hunter,beastmastery,71,28,43
11091,Nèxz,blackrock,1732,hunter,beastmastery,77,33,44
11092,Valkrys,die-aldor,1726,hunter,beastmastery,70,35,35
11093,Duppdupp,eredar,1726,hunter,beastmastery,84,38,46
11094,Brokenpetman,defias-brotherhood,1725,hunter,beastmastery,30,18,12
11095,Гигапупсх,howling-fjord,1725,hunter,beastmastery,131,77,54
11096,Oldbear,frostmane,1725,hunter,beastmastery,70,38,32
11097,Priceqtxd,ravencrest,1722,hunter,beastmastery,115,68,47
11098,Misstrap,nemesis,1722,hunter,beastmastery,60,28,32
11099,Mtrider,twisting-nether,1721,hunter,beastmastery,105,50,55
11100,Kestlér,outland,1717,hunter,beastmastery,54,22,32
11101,Laserkamel,aegwynn,1716,hunter,beastmastery,24,18,6
11102,Stingsz,chogall,1716,hunter,beastmastery,58,24,34
11103,Дашатрирубля,soulflayer,1715,hunter,beastmastery,42,21,21
11104,Irefutabil,stormscale,1715,hunter,beastmastery,60,25,35
11105,Noversia,aegwynn,1714,hunter,beastmastery,71,33,38
11106,Moistmán,kazzak,1710,hunter,beastmastery,122,65,57
11107,Jägarntwo,stormscale,1710,hunter,beastmastery,51,20,31
11108,Mogwai,stormscale,1709,hunter,beastmastery,42,18,24
11109,Адыгах,blackscar,1707,hunter,beastmastery,37,25,12
11110,Omegakek,madmortem,1707,hunter,beastmastery,46,23,23
11111,Diktatos,kazzak,1707,hunter,beastmastery,52,24,28
11112,Ryxzn,eredar,1706,hunter,beastmastery,42,18,24
11113,Impxgodx,outland,1704,hunter,beastmastery,51,24,27
11114,Dmanite,ravencrest,1703,hunter,beastmastery,96,53,43
11115,Parhainkoira,argent-dawn,1701,hunter,beastmastery,66,38,28
11116,Kafkules,outland,1700,hunter,beastmastery,137,78,59
11117,Spinella,antonidas,1700,hunter,beastmastery,72,38,34
11118,Shinkichi,archimonde,1699,hunter,beastmastery,30,18,12
11119,Elamondria,outland,1699,hunter,beastmastery,72,42,30
11120,Sznxøxo,ravencrest,1699,hunter,beastmastery,54,29,25
11121,Fatmum,magtheridon,1698,hunter,beastmastery,33,19,14
11122,Zanpa,archimonde,1695,hunter,beastmastery,104,48,56
11123,Merquryh,ravencrest,1693,hunter,beastmastery,48,27,21
11124,Naraxis,blackrock,1692,hunter,beastmastery,54,27,27
11125,Idtrapthat,nagrand,1692,hunter,beastmastery,78,37,41
11126,Akaris,archimonde,1692,hunter,beastmastery,66,31,35
11127,Krix,ragnaros,1691,hunter,beastmastery,54,34,20
11128,Пихпахах,gordunni,1691,hunter,beastmastery,82,43,39
11129,Paimen,darksorrow,1690,hunter,beastmastery,96,54,42
11130,Fize,blackmoore,1690,hunter,beastmastery,65,30,35
11131,Pawzz,kazzak,1687,hunter,beastmastery,54,25,29
11132,Mânhunt,blackhand,1683,hunter,beastmastery,346,171,175
11133,Letsrock,outland,1682,hunter,beastmastery,33,20,13
11134,Liquidhunter,quelthalas,1681,hunter,beastmastery,42,25,17
11135,Vajraw,blackrock,1679,hunter,beastmastery,111,54,57
11136,Nestór,todeswache,1678,hunter,beastmastery,47,28,19
11137,Sïmc,archimonde,1678,hunter,beastmastery,102,55,47
11138,Erilis,twisting-nether,1676,hunter,beastmastery,37,22,15
11139,Отерон,gordunni,1676,hunter,beastmastery,134,77,57
11140,Murtagh,khaz-modan,1674,hunter,beastmastery,36,20,16
11141,Raindra,twisting-nether,1672,hunter,beastmastery,42,20,22
11142,Забзаб,soulflayer,1671,hunter,beastmastery,51,25,26
11143,Father,auchindoun,1670,hunter,beastmastery,77,39,38
11144,Lobo,kazzak,1670,hunter,beastmastery,60,24,36
11145,Techpøint,silvermoon,1669,hunter,beastmastery,35,18,17
11146,Janko,ravencrest,1667,hunter,beastmastery,210,109,101
11147,Zubro,kazzak,1666,hunter,beastmastery,60,31,29
11148,Kamar,archimonde,1665,hunter,beastmastery,60,39,21
11149,Triggaz,stormscale,1665,hunter,beastmastery,216,109,107
11150,Nystaleoss,grim-batol,1665,hunter,beastmastery,219,104,115
11151,Grynu,kazzak,1662,hunter,beastmastery,60,24,36
11152,Trenesta,tarren-mill,1659,hunter,beastmastery,34,18,16
11153,Крайдершот,howling-fjord,1659,hunter,beastmastery,41,21,20
11154,Næmes,hyjal,1659,hunter,beastmastery,48,22,26
11155,Pérnix,tarren-mill,1657,hunter,beastmastery,30,18,12
11156,Klausmanne,blackrock,1657,hunter,beastmastery,164,75,89
11157,Anklar,blackrock,1657,hunter,beastmastery,53,24,29
11158,Lofiel,blackrock,1656,hunter,beastmastery,77,40,37
11159,Cnby,stormscale,1652,hunter,beastmastery,43,26,17
11160,Røzy,twisting-nether,1647,hunter,beastmastery,48,35,13
11161,Oldcocknbals,silvermoon,1645,hunter,beastmastery,100,54,46
11162,Nîøssx,blackrock,1644,hunter,beastmastery,53,28,25
11163,Блэкстейдж,howling-fjord,1642,hunter,beastmastery,48,27,21
11164,Nkdchef,outland,1642,hunter,beastmastery,54,29,25
11165,Ericspet,stormscale,1641,hunter,beastmastery,36,24,12
11166,Astari,outland,1641,hunter,beastmastery,48,21,27
11167,Askaway,sylvanas,1639,hunter,beastmastery,42,31,11
11168,Povish,twisting-nether,1639,hunter,beastmastery,49,25,24
11169,Kerólus,blackhand,1639,hunter,beastmastery,48,18,30
11170,Traplørdx,sylvanas,1638,hunter,beastmastery,48,21,27
11171,Drøøðqt,blackrock,1637,hunter,beastmastery,60,31,29
11172,Blupo,stormscale,1636,hunter,beastmastery,50,27,23
11173,Poupoune,uldum,1635,hunter,beastmastery,42,20,22
11174,Yolofant,blackhand,1634,hunter,beastmastery,36,22,14
11175,Wlâd,archimonde,1634,hunter,beastmastery,35,21,14
11176,Snaipergirl,twisting-nether,1634,hunter,beastmastery,42,20,22
11177,Zuxz,blackmoore,1632,hunter,beastmastery,60,29,31
11178,Bebiyo,sanguino,1631,hunter,beastmastery,94,45,49
11179,Horhyndan,ragnaros,1631,hunter,beastmastery,51,24,27
11180,Nollieflip,stormscale,1630,hunter,beastmastery,54,32,22
11181,Hîldegard,todeswache,1629,hunter,beastmastery,42,20,22
11182,Ingvi,antonidas,1629,hunter,beastmastery,66,28,38
11183,Ðesøtø,frostwolf,1628,hunter,beastmastery,66,33,33
11184,Ðéadsøulz,stormscale,1627,hunter,beastmastery,123,64,59
11185,Trapzila,aggra-português,1626,hunter,beastmastery,90,50,40
11186,Eggcowmeow,azjolnerub,1626,hunter,beastmastery,42,22,20
11187,Pewpewshotz,stormscale,1626,hunter,beastmastery,126,61,65
11188,Порошокк,howling-fjord,1625,hunter,beastmastery,30,17,13
11189,Дэнвин,deathweaver,1625,hunter,beastmastery,42,22,20
11190,Gibiswag,outland,1625,hunter,beastmastery,36,17,19
11191,Uglybaboon,draenor,1625,hunter,beastmastery,42,17,25
11192,Lambo,laughing-skull,1624,hunter,beastmastery,36,17,19
11193,Sicktrapbtw,hyjal,1624,hunter,beastmastery,42,17,25
11194,Chúx,twisting-nether,1623,hunter,beastmastery,48,24,24
11195,Jêsslíne,ravencrest,1622,hunter,beastmastery,36,20,16
11196,Bebar,kazzak,1622,hunter,beastmastery,120,62,58
11197,Índigo,kazzak,1620,hunter,beastmastery,56,30,26
11198,Vezeka,ravencrest,1618,hunter,beastmastery,42,26,16
11199,Dhadhar,kazzak,1618,hunter,beastmastery,41,20,21
11200,Djøgi,archimonde,1617,hunter,beastmastery,42,22,20
11201,Pfizershotx,khaz-modan,1617,hunter,beastmastery,36,17,19
11202,Notdilly,varimathras,1617,hunter,beastmastery,48,20,28
11203,Ганидони,soulflayer,1616,hunter,beastmastery,59,23,36
11204,Lufreak,ravencrest,1614,hunter,beastmastery,30,23,7
11205,Missmytraps,ravencrest,1613,hunter,beastmastery,39,20,19
11206,Aroeris,ravencrest,1611,hunter,beastmastery,57,32,25
11207,Chenony,ravencrest,1611,hunter,beastmastery,60,30,30
11208,Ixix,blackhand,1611,hunter,beastmastery,48,23,25
11209,Pekaxôxô,sanguino,1609,hunter,beastmastery,48,34,14
11210,Nordafrøst,antonidas,1609,hunter,beastmastery,66,27,39
11211,Eaglexx,twisting-nether,1608,hunter,beastmastery,78,39,39
11212,Axran,ravencrest,1607,hunter,beastmastery,52,23,29
11213,Lowfet,neptulon,1606,hunter,beastmastery,108,61,47
11214,Эвилтар,soulflayer,1605,hunter,beastmastery,66,34,32
11215,Smegmagol,baelgun,1605,hunter,beastmastery,41,20,21
11216,Taoshii,die-aldor,1604,hunter,beastmastery,66,36,30
11217,Céah,blackrock,1604,hunter,beastmastery,54,28,26
11218,Chasseurcool,argent-dawn,1603,hunter,beastmastery,50,28,22
11219,Bànsundara,hyjal,1603,hunter,beastmastery,97,53,44
11220,Pluttbug,xavius,1602,hunter,beastmastery,32,19,13
11221,Оути,azuregos,1601,hunter,beastmastery,51,28,23
11222,Nottberozz,silvermoon,1601,hunter,beastmastery,146,72,74
11223,Douglas,die-silberne-hand,1601,hunter,beastmastery,36,17,19
11224,Brisbya,khaz-modan,1600,hunter,beastmastery,29,21,8
11225,Stickey,antonidas,1600,hunter,beastmastery,66,34,32
11226,Eagletalon,twisting-nether,1594,hunter,beastmastery,45,22,23
11227,Homesz,blackmoore,1593,hunter,beastmastery,30,19,11
11228,Memehunter,aegwynn,1591,hunter,beastmastery,66,41,25
11229,Meghanmarkle,tarren-mill,1590,hunter,beastmastery,35,18,17
11230,Зоотян,gordunni,1589,hunter,beastmastery,111,55,56
11231,Каосси,gordunni,1589,hunter,beastmastery,43,19,24
11232,Каоссхант,howling-fjord,1585,hunter,beastmastery,29,20,9
11233,Акройя,gordunni,1585,hunter,beastmastery,36,20,16
11234,Charleramsey,outland,1584,hunter,beastmastery,36,20,16
11235,Xxiioo,ravencrest,1583,hunter,beastmastery,79,46,33
11236,Búddhá,stormscale,1581,hunter,beastmastery,186,88,98
11237,Kachaxaa,ravencrest,1581,hunter,beastmastery,42,18,24
11238,Diapositiv,draenor,1580,hunter,beastmastery,60,33,27
11239,Тиблэк,soulflayer,1579,hunter,beastmastery,101,51,50
11240,Orcoro,ysondre,1579,hunter,beastmastery,157,78,79
11241,Æblesaft,stormscale,1578,hunter,beastmastery,46,21,25
11242,Nallepuuoh,outland,1577,hunter,beastmastery,105,54,51
11243,Bigdog,eredar,1577,hunter,beastmastery,65,26,39
11244,Xiioo,ravencrest,1574,hunter,beastmastery,71,30,41
11245,Леао,howling-fjord,1571,hunter,beastmastery,45,30,15
11246,Мунлэс,lich-king,1569,hunter,beastmastery,69,30,39
11247,Bøøya,aegwynn,1569,hunter,beastmastery,42,18,24
11248,Комомура,soulflayer,1568,hunter,beastmastery,53,24,29
11249,Valldes,argent-dawn,1565,hunter,beastmastery,39,18,21
11250,Sagethunt,blackrock,1565,hunter,beastmastery,41,17,24
11251,Ariabeast,archimonde,1564,hunter,beastmastery,36,17,19
11252,Gnouminøu,archimonde,1563,hunter,beastmastery,103,57,46
11253,Engetsu,drakthul,1561,hunter,beastmastery,42,22,20
11254,Pkz,dun-modr,1561,hunter,beastmastery,41,17,24
11255,Nolove,burning-legion,1557,hunter,beastmastery,137,67,70
11256,Жокра,greymane,1557,hunter,beastmastery,42,19,23
11257,Shkorvi,drakthul,1555,hunter,beastmastery,36,17,19
11258,Søuïlløn,archimonde,1553,hunter,beastmastery,48,30,18
11259,Gunde,kazzak,1551,hunter,beastmastery,102,52,50
11260,Sharún,sylvanas,1548,hunter,beastmastery,56,27,29
11261,Gedzer,silvermoon,1547,hunter,beastmastery,40,19,21
11262,Calutis,blackmoore,1546,hunter,beastmastery,48,28,20
11263,Wèndy,blackrock,1546,hunter,beastmastery,76,36,40
11264,Nickyhunt,stormscale,1545,hunter,beastmastery,59,28,31
11265,Хантунец,soulflayer,1544,hunter,beastmastery,30,17,13
11266,Пулявзубах,gordunni,1544,hunter,beastmastery,98,52,46
11267,Feralhound,exodar,1543,hunter,beastmastery,144,72,72
11268,Ledrox,ravencrest,1543,hunter,beastmastery,48,24,24
11269,Grusijohn,executus,1543,hunter,beastmastery,72,35,37
11270,Bobon,stormscale,1540,hunter,beastmastery,36,17,19
11271,Антисерт,ashenvale,1538,hunter,beastmastery,70,33,37
11272,Snipertjuh,silvermoon,1537,hunter,beastmastery,55,27,28
11273,Bortian,argent-dawn,1536,hunter,beastmastery,73,41,32
11274,Arcø,dun-modr,1535,hunter,beastmastery,30,16,14
11275,Hultasy,outland,1535,hunter,beastmastery,122,58,64
11276,Corrupth,outland,1533,hunter,beastmastery,36,18,18
11277,Sonìc,kazzak,1531,hunter,beastmastery,44,25,19
11278,Jeeso,baelgun,1530,hunter,beastmastery,106,48,58
11279,Tayaa,draenor,1528,hunter,beastmastery,91,47,44
11280,Córelly,outland,1527,hunter,beastmastery,119,57,62
11281,Coldmonster,tarren-mill,1526,hunter,beastmastery,139,78,61
11282,Almogrote,sanguino,1526,hunter,beastmastery,42,21,21
11283,Lascazador,dun-modr,1526,hunter,beastmastery,74,32,42
11284,Vaelyste,doomhammer,1524,hunter,beastmastery,59,31,28
11285,Sarrow,ravencrest,1523,hunter,beastmastery,77,41,36
11286,Tigerups,burning-legion,1522,hunter,beastmastery,40,19,21
11287,Palaur,kazzak,1519,hunter,beastmastery,94,50,44
11288,Ryuwen,dun-modr,1517,hunter,beastmastery,60,28,32
11289,Vrikenh,tarren-mill,1516,hunter,beastmastery,48,27,21
11290,Reptile,outland,1514,hunter,beastmastery,30,18,12
11291,Cubro,sanguino,1512,hunter,beastmastery,66,33,33
11292,Draugrinnh,tarren-mill,1511,hunter,beastmastery,66,29,37
11293,Кежма,howling-fjord,1507,hunter,beastmastery,42,26,16
11294,Trapyx,malganis,1507,hunter,beastmastery,177,85,92
11295,Avatarofwoe,blackmoore,1507,hunter,beastmastery,48,20,28
11296,Icetrapped,eredar,1502,hunter,beastmastery,41,25,16
11297,Leriath,shadowsong,1502,hunter,beastmastery,89,52,37
11298,Druckwelle,frostwolf,1502,hunter,beastmastery,62,25,37
11299,Slmao,tarren-mill,1501,hunter,beastmastery,37,17,20
11300,Sayn,la-croisade-écarlate,1501,hunter,beastmastery,41,16,25
11301,Encore,sylvanas,1500,hunter,beastmastery,113,60,53
11302,Chasxc,kazzak,1499,hunter,beastmastery,30,16,14
11303,Gumm,gorgonnash,1496,hunter,beastmastery,30,17,13
11304,Funkalation,ravencrest,1495,hunter,beastmastery,36,20,16
11305,Sníper,aggra-português,1491,hunter,beastmastery,91,44,47
11306,Solot,silvermoon,1490,hunter,beastmastery,54,24,30
11307,Laoriane,hyjal,1489,hunter,beastmastery,51,28,23
11308,Трэйсх,howling-fjord,1487,hunter,beastmastery,36,17,19
11309,Eufumo,sanguino,1485,hunter,beastmastery,76,44,32
11310,Снюсинка,gordunni,1485,hunter,beastmastery,41,21,20
11311,Ahlgood,stormscale,1484,hunter,beastmastery,30,16,14
11312,Аллони,booty-bay,1484,hunter,beastmastery,108,50,58
11313,Spidak,stormscale,1481,hunter,beastmastery,30,16,14
11314,Raxedo,blackrock,1481,hunter,beastmastery,30,16,14
11315,Wingclip,ravencrest,1472,hunter,beastmastery,40,17,23
11316,Bastianapa,twisting-nether,1471,hunter,beastmastery,66,31,35
11317,Aenina,kazzak,1466,hunter,beastmastery,30,19,11
11318,Råhl,zuljin,1466,hunter,beastmastery,41,17,24
11319,Baileé,onyxia,1464,hunter,beastmastery,50,30,20
11320,Куоль,gordunni,1463,hunter,beastmastery,47,21,26
11321,Huntma,kazzak,1462,hunter,beastmastery,73,36,37
11322,Ázurâ,blackhand,1458,hunter,beastmastery,75,39,36
11323,Johnwick,aerie-peak,1457,hunter,beastmastery,42,24,18
11324,Камшотовна,blackscar,1455,hunter,beastmastery,87,51,36
11325,Yoggys,outland,1451,hunter,beastmastery,36,18,18
11326,Shawnrai,drakthul,1449,hunter,beastmastery,44,24,20
11327,Толяарканшот,razuvious,1448,hunter,beastmastery,36,20,16
11328,Rynx,hellfire,1446,hunter,beastmastery,42,16,26
11329,Neíth,the-maelstrom,1445,hunter,beastmastery,57,26,31
11330,Ayyubi,blackrock,1440,hunter,beastmastery,65,33,32
11331,Kásúxôxô,ravencrest,1439,hunter,beastmastery,30,15,15
11332,Ghost,tarren-mill,1439,hunter,beastmastery,30,15,15
11333,Kondy,twisting-nether,1438,hunter,beastmastery,25,16,9
11334,Ilovekatsu,archimonde,1437,hunter,beastmastery,24,15,9
11335,Waalth,ragnaros,1437,hunter,beastmastery,76,37,39
11336,Такувами,gordunni,1437,hunter,beastmastery,36,15,21
11337,Яроняютрапу,gordunni,1436,hunter,beastmastery,30,20,10
11338,Vinsanity,dunemaul,1436,hunter,beastmastery,36,15,21
11339,Mágaz,draenor,1435,hunter,beastmastery,48,26,22
11340,Zäyk,zuljin,1432,hunter,beastmastery,31,17,14
11341,Badboybørge,draenor,1432,hunter,beastmastery,30,15,15
11342,Tukene,kazzak,1432,hunter,beastmastery,45,17,28
11343,Shoranon,stormscale,1431,hunter,beastmastery,30,15,15
11344,Rdom,stormreaver,1431,hunter,beastmastery,74,36,38
11345,Strélka,blackrock,1431,hunter,beastmastery,36,16,20
11346,Fotmrerollér,aegwynn,1430,hunter,beastmastery,30,15,15
11347,Badkirves,kazzak,1430,hunter,beastmastery,78,35,43
11348,Khatia,blackrock,1429,hunter,beastmastery,36,18,18
11349,Dzikapumpa,burning-legion,1429,hunter,beastmastery,39,18,21
11350,Jomerin,thrall,1429,hunter,beastmastery,36,15,21
11351,Афонадзе,gordunni,1428,hunter,beastmastery,66,33,33
11352,Жмыххунтер,howling-fjord,1428,hunter,beastmastery,42,16,26
11353,Anjeschka,nemesis,1427,hunter,beastmastery,40,24,16
11354,Gondoo,tarren-mill,1427,hunter,beastmastery,30,15,15
11355,Ххун,gordunni,1426,hunter,beastmastery,34,18,16
11356,Fåded,ravencrest,1425,hunter,beastmastery,31,16,15
11357,Dragosvis,arathor,1423,hunter,beastmastery,24,15,9
11358,Anca,aegwynn,1422,hunter,beastmastery,84,39,45
11359,Metalmaison,archimonde,1422,hunter,beastmastery,76,33,43
11360,Rhee,the-maelstrom,1421,hunter,beastmastery,90,39,51
11361,Øô,dun-morogh,1420,hunter,beastmastery,24,15,9
11362,Kethos,draenor,1420,hunter,beastmastery,48,25,23
11363,Jas,kargath,1420,hunter,beastmastery,78,40,38
11364,Mariehunt,blackmoore,1420,hunter,beastmastery,108,52,56
11365,Vypaz,twisting-nether,1419,hunter,beastmastery,54,26,28
11366,Jarekk,auchindoun,1417,hunter,beastmastery,35,19,16
11367,Andjelaa,kazzak,1417,hunter,beastmastery,38,19,19
11368,Зуланария,howling-fjord,1416,hunter,beastmastery,24,15,9
11369,Kalt,twisting-nether,1412,hunter,beastmastery,54,30,24
11370,Wolfster,kazzak,1412,hunter,beastmastery,36,15,21
11371,Velocity,nagrand,1411,hunter,beastmastery,41,19,22
11372,Фетсол,soulflayer,1408,hunter,beastmastery,24,15,9
11373,Hruon,sporeggar,1407,hunter,beastmastery,36,17,19
11374,Unrealy,grim-batol,1406,hunter,beastmastery,96,53,43
11375,Маунтдроп,gordunni,1405,hunter,beastmastery,97,50,47
11376,Mytown,hyjal,1404,hunter,beastmastery,102,50,52
11377,Váal,dun-modr,1401,hunter,beastmastery,63,36,27
11378,Xüscha,ysera,1401,hunter,beastmastery,78,33,45
11379,Geete,kazzak,1400,hunter,beastmastery,30,17,13
11380,Phinecone,stormscale,1399,hunter,beastmastery,42,18,24
11381,Дафирия,deathguard,1395,hunter,beastmastery,58,31,27
11382,Gigamesh,sporeggar,1394,hunter,beastmastery,36,17,19
11383,Бубунн,howling-fjord,1394,hunter,beastmastery,96,42,54
11384,Metsänmies,defias-brotherhood,1393,hunter,beastmastery,46,27,19
11385,Xystîco,thrall,1393,hunter,beastmastery,54,26,28
11386,Честнный,howling-fjord,1392,hunter,beastmastery,135,62,73
11387,Шионо,howling-fjord,1391,hunter,beastmastery,56,29,27
11388,Desow,blackrock,1390,hunter,beastmastery,42,25,17
11389,Афигеннски,ashenvale,1387,hunter,beastmastery,54,25,29
11390,Acmé,kazzak,1385,hunter,beastmastery,36,15,21
11391,Pancakesgo,twilights-hammer,1383,hunter,beastmastery,53,22,31
11392,Hammertime,sanguino,1382,hunter,beastmastery,53,26,27
11393,Туруханец,gordunni,1380,hunter,beastmastery,108,59,49
11394,Beardmastery,auchindoun,1380,hunter,beastmastery,36,16,20
11395,Lokiis,hyjal,1379,hunter,beastmastery,42,23,19
11396,Drestan,drakthul,1379,hunter,beastmastery,48,22,26
11397,Bambamgalke,antonidas,1378,hunter,beastmastery,72,34,38
11398,Cor,ravencrest,1378,hunter,beastmastery,41,16,25
11399,Pumbuboo,deathwing,1377,hunter,beastmastery,30,15,15
11400,Стреладемона,gordunni,1376,hunter,beastmastery,63,36,27
11401,Loógosh,blackmoore,1375,hunter,beastmastery,66,32,34
11402,Esgar,blackrock,1374,hunter,beastmastery,74,34,40
11403,Felorya,kazzak,1372,hunter,beastmastery,41,23,18
11404,Boulaax,ysondre,1372,hunter,beastmastery,118,66,52
11405,Raymear,kazzak,1370,hunter,beastmastery,30,16,14
11406,Mètrolog,twisting-nether,1368,hunter,beastmastery,84,38,46
11407,Drigs,blackrock,1362,hunter,beastmastery,56,25,31
11408,Zúzú,hyjal,1358,hunter,beastmastery,54,32,22
11409,Kravchenko,draenor,1358,hunter,beastmastery,27,15,12
11410,Nycrom,ravencrest,1354,hunter,beastmastery,32,15,17
11411,Киборка,howling-fjord,1352,hunter,beastmastery,30,15,15
11412,Шэйдуокер,gordunni,1347,hunter,beastmastery,223,107,116
11413,Straybullet,kazzak,1347,hunter,beastmastery,107,50,57
11414,Meskette,ravencrest,1347,hunter,beastmastery,62,27,35
11415,Sylariel,die-aldor,1346,hunter,beastmastery,34,17,17
11416,Чапуршилов,lich-king,1346,hunter,beastmastery,106,50,56
11417,Porch,dragonmaw,1345,hunter,beastmastery,31,16,15
11418,Grrizzly,kazzak,1344,hunter,beastmastery,37,19,18
11419,Tåxi,silvermoon,1344,hunter,beastmastery,150,73,77
11420,Ashily,blackhand,1343,hunter,beastmastery,24,14,10
11421,Ðoxz,blackrock,1342,hunter,beastmastery,24,14,10
11422,Jungletime,outland,1341,hunter,beastmastery,24,14,10
11423,Travels,tarren-mill,1341,hunter,beastmastery,93,47,46
11424,Elsasehunter,zuljin,1341,hunter,beastmastery,120,52,68
11425,Sentriks,tarren-mill,1340,hunter,beastmastery,30,14,16
11426,Zantorious,ravencrest,1339,hunter,beastmastery,51,30,21
11427,Joshalama,quelthalas,1339,hunter,beastmastery,35,19,16
11428,Lolez,dun-modr,1339,hunter,beastmastery,36,14,22
11429,Vilopez,arthas,1337,hunter,beastmastery,18,14,4
11430,Saromán,ravencrest,1336,hunter,beastmastery,36,19,17
11431,Иоссифсталин,soulflayer,1336,hunter,beastmastery,30,14,16
11432,Notikâ,aegwynn,1336,hunter,beastmastery,48,20,28
11433,Антошадпс,gordunni,1335,hunter,beastmastery,24,14,10
11434,Mehtäsika,xavius,1335,hunter,beastmastery,27,15,12
11435,Dramin,defias-brotherhood,1334,hunter,beastmastery,192,100,92
11436,Traktorr,stormscale,1333,hunter,beastmastery,84,39,45
11437,Дзэнмашина,booty-bay,1331,hunter,beastmastery,42,23,19
11438,Trapwann,argent-dawn,1329,hunter,beastmastery,24,14,10
11439,Feignindeath,twisting-nether,1328,hunter,beastmastery,60,35,25
11440,Poatan,outland,1323,hunter,beastmastery,60,35,25
11441,Жэш,howling-fjord,1322,hunter,beastmastery,39,25,14
11442,Amitar,tarren-mill,1321,hunter,beastmastery,24,15,9
11443,Hantro,argent-dawn,1321,hunter,beastmastery,30,18,12
11444,Luniel,gilneas,1321,hunter,beastmastery,24,14,10
11445,Flunkytim,blackmoore,1320,hunter,beastmastery,84,44,40
11446,Ríckybobby,kazzak,1319,hunter,beastmastery,43,22,21
11447,Hogar,frostwolf,1317,hunter,beastmastery,24,14,10
11448,Чизано,deathguard,1315,hunter,beastmastery,47,21,26
11449,Dotkor,laughing-skull,1314,hunter,beastmastery,42,21,21
11450,Øßlíck,ysondre,1314,hunter,beastmastery,30,14,16
11451,Meredo,burning-legion,1313,hunter,beastmastery,64,33,31
11452,Muspigen,tarren-mill,1313,hunter,beastmastery,81,37,44
11453,Pammycakes,bronze-dragonflight,1311,hunter,beastmastery,182,89,93
11454,Люблюлюбовь,gordunni,1310,hunter,beastmastery,42,27,15
11455,Platzpatron,eredar,1310,hunter,beastmastery,69,30,39
11456,Belorgrim,kirin-tor,1306,hunter,beastmastery,30,16,14
11457,Bravestarr,blades-edge,1306,hunter,beastmastery,60,30,30
11458,Showerhead,silvermoon,1305,hunter,beastmastery,32,14,18
11459,Талигар,razuvious,1302,hunter,beastmastery,60,21,39
11460,Asousa,stormscale,1297,hunter,beastmastery,60,30,30
11461,Bigfoot,argent-dawn,1294,hunter,beastmastery,48,21,27
11462,Sixty,rajaxx,1293,hunter,beastmastery,30,16,14
11463,Crippler,arthas,1288,hunter,beastmastery,22,15,7
11464,Zerisi,silvermoon,1288,hunter,beastmastery,35,21,14
11465,Salvia,chromaggus,1288,hunter,beastmastery,96,51,45
11466,Benbutton,antonidas,1286,hunter,beastmastery,46,22,24
11467,Maknamara,tarren-mill,1284,hunter,beastmastery,60,31,29
11468,Chagaure,hyjal,1283,hunter,beastmastery,30,14,16
11469,Кулинарк,howling-fjord,1282,hunter,beastmastery,60,29,31
11470,Cobra,magtheridon,1282,hunter,beastmastery,71,30,41
11471,Сатарр,gordunni,1280,hunter,beastmastery,136,63,73
11472,Ägris,die-todeskrallen,1277,hunter,beastmastery,144,70,74
11473,Cêleste,kaelthas,1277,hunter,beastmastery,46,22,24
11474,Oife,auchindoun,1276,hunter,beastmastery,35,16,19
11475,Bluefluclue,draenor,1274,hunter,beastmastery,38,14,24
11476,Rushgarroth,ravencrest,1271,hunter,beastmastery,96,44,52
11477,Tháyn,tarren-mill,1268,hunter,beastmastery,23,14,9
11478,Kiingsane,archimonde,1268,hunter,beastmastery,33,15,18
11479,Whatifany,tarren-mill,1267,hunter,beastmastery,72,26,46
11480,Blastarrow,the-maelstrom,1264,hunter,beastmastery,66,26,40
11481,Bøwjøb,arthas,1258,hunter,beastmastery,30,16,14
11482,Waidø,blackhand,1256,hunter,beastmastery,24,14,10
11483,Linchpin,dentarg,1255,hunter,beastmastery,62,28,34
11484,Pareia,blackrock,1248,hunter,beastmastery,18,13,5
11485,Oliene,twisting-nether,1248,hunter,beastmastery,58,27,31
11486,Ðowz,ysondre,1248,hunter,beastmastery,30,13,17
11487,Rïm,haomarush,1247,hunter,beastmastery,24,13,11
11488,Pagman,thrall,1247,hunter,beastmastery,30,13,17
11489,Petshopgirl,ravencrest,1246,hunter,beastmastery,24,13,11
11490,Símpíng,tarren-mill,1245,hunter,beastmastery,18,13,5
11491,Наспидахх,blackscar,1245,hunter,beastmastery,18,13,5
11492,Ommadawn,dun-modr,1244,hunter,beastmastery,72,33,39
11493,Brawnshunt,stormscale,1244,hunter,beastmastery,30,13,17
11494,Сотк,howling-fjord,1242,hunter,beastmastery,24,13,11
11495,Thogelle,hyjal,1242,hunter,beastmastery,30,13,17
11496,Survabuse,silvermoon,1240,hunter,beastmastery,21,14,7
11497,Blazeityolo,outland,1240,hunter,beastmastery,36,13,23
11498,Lusifa,antonidas,1239,hunter,beastmastery,74,40,34
11499,Basìcs,nemesis,1239,hunter,beastmastery,48,24,24
11500,Halgen,medivh,1237,hunter,beastmastery,88,37,51
11501,Neescafe,sylvanas,1236,hunter,beastmastery,27,14,13
11502,Jyenety,stormscale,1233,hunter,beastmastery,36,18,18
11503,Bufosh,twisting-nether,1232,hunter,beastmastery,86,43,43
11504,Rxr,kazzak,1232,hunter,beastmastery,30,13,17
11505,Shaznak,argent-dawn,1231,hunter,beastmastery,36,17,19
11506,Skidzo,alakir,1231,hunter,beastmastery,32,15,17
11507,Bibsy,tarren-mill,1228,hunter,beastmastery,24,13,11
11508,Shieryu,archimonde,1228,hunter,beastmastery,36,13,23
11509,Qmbonboni,ravencrest,1226,hunter,beastmastery,55,32,23
11510,Toralfmoralf,aegwynn,1225,hunter,beastmastery,24,13,11
11511,Kyliun,frostmane,1225,hunter,beastmastery,41,18,23
11512,Viktorijå,draenor,1224,hunter,beastmastery,24,13,11
11513,Davíncí,tarren-mill,1224,hunter,beastmastery,77,41,36
11514,Neeske,sylvanas,1224,hunter,beastmastery,30,13,17
11515,Jaky,illidan,1222,hunter,beastmastery,131,75,56
11516,Vexhh,outland,1221,hunter,beastmastery,24,13,11
11517,Балласкиндер,gordunni,1219,hunter,beastmastery,66,36,30
11518,Stogie,auchindoun,1217,hunter,beastmastery,24,13,11
11519,Snipingdog,stormscale,1209,hunter,beastmastery,36,18,18
11520,Verathelon,drakthul,1208,hunter,beastmastery,39,17,22
11521,Heylie,senjin,1206,hunter,beastmastery,47,16,31
11522,Diac,dalaran,1201,hunter,beastmastery,18,13,5
11523,Анютикус,gordunni,1199,hunter,beastmastery,60,34,26
11524,Bicmax,archimonde,1196,hunter,beastmastery,33,14,19
11525,Slojork,thrall,1190,hunter,beastmastery,92,40,52
11526,Ashjen,aszune,1188,hunter,beastmastery,29,18,11
11527,Eddy,the-maelstrom,1187,hunter,beastmastery,36,20,16
11528,Быщь,gordunni,1186,hunter,beastmastery,29,14,15
11529,Loyalman,blackmoore,1180,hunter,beastmastery,24,15,9
11530,Винченцо,blackscar,1180,hunter,beastmastery,27,13,14
11531,Harpin,azuremyst,1179,hunter,beastmastery,65,32,33
11532,Haleth,uldum,1177,hunter,beastmastery,29,13,16
11533,Амобарбиталх,gordunni,1173,hunter,beastmastery,39,20,19
11534,Skullstah,ravencrest,1169,hunter,beastmastery,24,13,11
11535,Olamay,blackmoore,1159,hunter,beastmastery,56,29,27
11536,Oròme,pozzo-delleternità,1157,hunter,beastmastery,60,31,29
11537,Velites,aggra-português,1155,hunter,beastmastery,27,15,12
11538,Rafizox,kazzak,1152,hunter,beastmastery,18,12,6
11539,Lajnus,frostmane,1152,hunter,beastmastery,24,12,12
11540,Hypsenn,kazzak,1152,hunter,beastmastery,24,12,12
11541,Jeskö,tarren-mill,1151,hunter,beastmastery,24,12,12
11542,Mufdii,sylvanas,1151,hunter,beastmastery,24,12,12
11543,Karuso,ravencrest,1151,hunter,beastmastery,24,12,12
11544,Dohter,kazzak,1151,hunter,beastmastery,25,12,13
11545,Duïvell,grim-batol,1151,hunter,beastmastery,30,12,18
11546,Digimørtal,kazzak,1150,hunter,beastmastery,18,12,6
11547,Raythe,argent-dawn,1150,hunter,beastmastery,24,12,12
11548,Leza,kult-der-verdammten,1150,hunter,beastmastery,24,12,12
11549,Galileo,sanguino,1150,hunter,beastmastery,26,12,14
11550,Bujie,ragnaros,1150,hunter,beastmastery,30,12,18
11551,Амореселф,gordunni,1150,hunter,beastmastery,30,12,18
11552,Mâjôô,blackhand,1149,hunter,beastmastery,22,13,9
11553,Lòò,aegwynn,1148,hunter,beastmastery,18,12,6
11554,Мэдраэль,deathguard,1148,hunter,beastmastery,39,18,21
11555,Freebïrd,shattered-hand,1147,hunter,beastmastery,18,12,6
11556,Ловихимеру,soulflayer,1145,hunter,beastmastery,18,12,6
11557,Лсныйпамп,howling-fjord,1145,hunter,beastmastery,24,12,12
11558,Dariatate,eredar,1145,hunter,beastmastery,36,17,19
11559,Ezelina,lightnings-blade,1144,hunter,beastmastery,48,26,22
11560,Fiftyóne,festung-der-stürme,1144,hunter,beastmastery,30,12,18
11561,Artemisas,draenor,1144,hunter,beastmastery,36,12,24
11562,Spycke,dalaran,1142,hunter,beastmastery,27,19,8
11563,Синглшот,blackscar,1141,hunter,beastmastery,24,12,12
11564,Djbombastic,archimonde,1140,hunter,beastmastery,18,12,6
11565,Tempestes,tarren-mill,1139,hunter,beastmastery,75,38,37
11566,Zpy,blackmoore,1137,hunter,beastmastery,18,12,6
11567,Лёт,azuregos,1137,hunter,beastmastery,19,12,7
11568,Vimd,archimonde,1135,hunter,beastmastery,30,12,18
11569,Abovival,ragnaros,1134,hunter,beastmastery,24,12,12
11570,Бирмингем,ashenvale,1131,hunter,beastmastery,24,12,12
11571,Джантига,howling-fjord,1128,hunter,beastmastery,24,12,12
11572,Pigoen,sporeggar,1128,hunter,beastmastery,89,40,49
11573,Cityhunter,archimonde,1128,hunter,beastmastery,58,26,32
11574,Karstarkk,sanguino,1115,hunter,beastmastery,47,20,27
11575,Juha,the-maelstrom,1111,hunter,beastmastery,26,13,13
11576,Koopo,stormreaver,1110,hunter,beastmastery,27,13,14
11577,Cinan,twisting-nether,1104,hunter,beastmastery,75,36,39
11578,Куфачка,soulflayer,1103,hunter,beastmastery,17,12,5
11579,Cruelsummer,kul-tiras,1100,hunter,beastmastery,48,17,31
11580,Savori,kazzak,1096,hunter,beastmastery,31,18,13
11581,Atraxi,aegwynn,1096,hunter,beastmastery,64,28,36
11582,Nerfjuice,silvermoon,1094,hunter,beastmastery,33,18,15
11583,Goonii,bronzebeard,1094,hunter,beastmastery,24,12,12
11584,Ládysháyà,blackrock,1093,hunter,beastmastery,36,18,18
11585,Tsoutsoukoss,silvermoon,1091,hunter,beastmastery,89,42,47
11586,Ertestuing,tarren-mill,1090,hunter,beastmastery,30,14,16
11587,Luckyhunty,dalaran,1086,hunter,beastmastery,36,15,21
11588,Dioxis,silvermoon,1085,hunter,beastmastery,72,35,37
11589,Brometheus,sylvanas,1083,hunter,beastmastery,41,15,26
11590,Janjal,silvermoon,1081,hunter,beastmastery,60,22,38
11591,Amdonesia,ravencrest,1078,hunter,beastmastery,45,13,32
11592,Pawder,silvermoon,1077,hunter,beastmastery,42,15,27
11593,Cosmol,kazzak,1075,hunter,beastmastery,23,12,11
11594,Nieki,eitrigg,1070,hunter,beastmastery,80,30,50
11595,Spiritshot,baelgun,1066,hunter,beastmastery,34,14,20
11596,Ridlas,silvermoon,1064,hunter,beastmastery,30,12,18
11597,Venkox,archimonde,1062,hunter,beastmastery,79,42,37
11598,Schnezzler,nerathor,1061,hunter,beastmastery,86,42,44
11599,Deblaze,aegwynn,1056,hunter,beastmastery,18,11,7
11600,Vargar,arygos,1056,hunter,beastmastery,24,11,13
11601,Trapgodxx,archimonde,1056,hunter,beastmastery,24,11,13
11602,Noxin,blackrock,1055,hunter,beastmastery,18,11,7
11603,Atrisi,tarren-mill,1055,hunter,beastmastery,18,11,7
11604,Smhx,stormscale,1055,hunter,beastmastery,18,11,7
11605,Хастла,greymane,1055,hunter,beastmastery,24,11,13
11606,Ysina,arathi,1055,hunter,beastmastery,24,11,13
11607,Ansâvage,ravencrest,1055,hunter,beastmastery,30,11,19
11608,Simpyani,silvermoon,1054,hunter,beastmastery,18,11,7
11609,Drewsx,ravencrest,1054,hunter,beastmastery,18,11,7
11610,Bazouf,outland,1054,hunter,beastmastery,18,11,7
11611,Gorgorm,ravencrest,1054,hunter,beastmastery,24,11,13
11612,Daveq,drakthul,1054,hunter,beastmastery,24,11,13
11613,Трапча,soulflayer,1053,hunter,beastmastery,18,11,7
11614,Earlygrey,ravencrest,1053,hunter,beastmastery,24,11,13
11615,Зимняясказка,soulflayer,1053,hunter,beastmastery,29,11,18
11616,Xraay,stormscale,1051,hunter,beastmastery,22,12,10
11617,Arrechus,khaz-modan,1051,hunter,beastmastery,80,36,44
11618,Darllene,kazzak,1051,hunter,beastmastery,30,11,19
11619,Pilogbueferd,silvermoon,1050,hunter,beastmastery,18,11,7
11620,Spizglub,defias-brotherhood,1049,hunter,beastmastery,24,11,13
11621,Коблазнх,howling-fjord,1048,hunter,beastmastery,24,11,13
11622,Sourxete,silvermoon,1048,hunter,beastmastery,24,11,13
11623,Toxical,ragnaros,1047,hunter,beastmastery,18,11,7
11624,Дипшот,deathguard,1047,hunter,beastmastery,24,11,13
11625,Shinibon,blackmoore,1044,hunter,beastmastery,36,11,25
11626,Yukina,frostmourne,1038,hunter,beastmastery,28,13,15
11627,Cäri,colinas-pardas,1037,hunter,beastmastery,30,12,18
11628,Arnatti,tyrande,1036,hunter,beastmastery,28,16,12
11629,Tedohunter,ragnaros,1036,hunter,beastmastery,30,12,18
11630,Pumukle,madmortem,1035,hunter,beastmastery,34,15,19
11631,Lustor,ravencrest,1035,hunter,beastmastery,54,19,35
11632,Faze,hellfire,1031,hunter,beastmastery,24,13,11
11633,Айлиси,soulflayer,1031,hunter,beastmastery,43,11,32
11634,Румлис,gordunni,1029,hunter,beastmastery,29,14,15
11635,Soulshoot,khaz-modan,1027,hunter,beastmastery,64,30,34
11636,Wodlenprince,draenor,1026,hunter,beastmastery,36,11,25
11637,Øutkast,silvermoon,1021,hunter,beastmastery,23,13,10
11638,Ветиринарша,gordunni,1020,hunter,beastmastery,30,11,19
11639,Leemool,ysondre,1017,hunter,beastmastery,24,12,12
11640,Grollar,ragnaros,1014,hunter,beastmastery,80,42,38
11641,Arakton,drakthul,1008,hunter,beastmastery,46,23,23
11642,Altimor,blackmoore,1007,hunter,beastmastery,23,11,12
11643,Ønur,twisting-nether,1001,hunter,beastmastery,42,17,25
11644,Shpider,burning-blade,1000,hunter,beastmastery,52,22,30
11645,Feigur,sanguino,999,hunter,beastmastery,47,24,23
11646,Sinux,lordaeron,995,hunter,beastmastery,17,11,6
11647,Grandiosity,tarren-mill,992,hunter,beastmastery,17,11,6
11648,Enanorabioso,minahonda,991,hunter,beastmastery,30,12,18
11649,Frencharena,the-venture-co,990,hunter,beastmastery,29,11,18
11650,Traenuss,azuremyst,989,hunter,beastmastery,30,12,18
11651,Вагар,blackscar,974,hunter,beastmastery,18,12,6
11652,Kikijojo,ravencrest,971,hunter,beastmastery,30,16,14
11653,Kure,blackrock,962,hunter,beastmastery,67,30,37
11654,Missmytrap,archimonde,960,hunter,beastmastery,12,10,2
11655,Clickbile,twisting-nether,960,hunter,beastmastery,12,10,2
11656,Торая,gordunni,960,hunter,beastmastery,12,10,2
11657,Dathrixjr,ravencrest,960,hunter,beastmastery,12,10,2
11658,Kásúxøxø,ravencrest,960,hunter,beastmastery,16,11,5
11659,Mòzetonq,ravencrest,960,hunter,beastmastery,18,10,8
11660,Hasáblover,ragnaros,960,hunter,beastmastery,18,10,8
11661,Solò,eredar,960,hunter,beastmastery,18,10,8
11662,Akhtabot,twisting-nether,960,hunter,beastmastery,18,10,8
11663,Zeanort,nordrassil,960,hunter,beastmastery,24,10,14
11664,Hollyz,auchindoun,960,hunter,beastmastery,24,10,14
11665,Jägarn,stormscale,960,hunter,beastmastery,24,10,14
11666,Deathcode,stormscale,960,hunter,beastmastery,24,10,14
11667,Jackjager,ravencrest,960,hunter,beastmastery,24,10,14
11668,Келен,blackscar,959,hunter,beastmastery,12,10,2
11669,Infléx,silvermoon,959,hunter,beastmastery,18,10,8
11670,Thinkerer,silvermoon,959,hunter,beastmastery,18,10,8
11671,Spider,zuljin,959,hunter,beastmastery,18,10,8
11672,Lëgølåslõrdx,blackrock,959,hunter,beastmastery,18,10,8
11673,Grabbin,silvermoon,959,hunter,beastmastery,24,10,14
11674,Wrongtarget,auchindoun,959,hunter,beastmastery,24,10,14
11675,Йокуя,blackscar,958,hunter,beastmastery,12,10,2
11676,Rikitikii,burning-legion,958,hunter,beastmastery,15,11,4
11677,Siegbald,ragnaros,958,hunter,beastmastery,24,10,14
11678,Blainehunts,arathor,958,hunter,beastmastery,36,11,25
11679,Vescar,argent-dawn,958,hunter,beastmastery,36,10,26
11680,Choukzt,archimonde,957,hunter,beastmastery,18,10,8
11681,Nandrohunt,dalaran,957,hunter,beastmastery,24,10,14
11682,Beletor,medivh,956,hunter,beastmastery,18,10,8
11683,Хлопс,howling-fjord,956,hunter,beastmastery,24,10,14
11684,Dirtydolores,thrall,955,hunter,beastmastery,18,10,8
11685,Pufyrella,kilrogg,955,hunter,beastmastery,18,10,8
11686,Berkobaggins,twisting-nether,955,hunter,beastmastery,24,10,14
11687,Herpray,blackmoore,953,hunter,beastmastery,18,10,8
11688,Magarosh,eredar,953,hunter,beastmastery,24,10,14
11689,Ecalter,dun-modr,951,hunter,beastmastery,18,10,8
11690,Darkdexou,defias-brotherhood,951,hunter,beastmastery,18,10,8
11691,Lioness,ahnqiraj,951,hunter,beastmastery,24,10,14
11692,Dùmbo,khaz-modan,951,hunter,beastmastery,24,10,14
11693,Nidromel,stormscale,951,hunter,beastmastery,84,34,50
11694,Zappikhunter,silvermoon,950,hunter,beastmastery,24,10,14
11695,Nerdhark,hyjal,950,hunter,beastmastery,27,11,16
11696,Гримкааг,eversong,947,hunter,beastmastery,21,11,10
11697,Zarlena,tarren-mill,947,hunter,beastmastery,43,19,24
11698,Lemeric,blackmoore,942,hunter,beastmastery,19,10,9
11699,Безос,soulflayer,942,hunter,beastmastery,24,10,14
11700,Deadlysnîpe,antonidas,941,hunter,beastmastery,16,11,5
11701,Guanchin,silvermoon,938,hunter,beastmastery,30,10,20
11702,Paînfull,kazzak,926,hunter,beastmastery,23,10,13
11703,Goliathoz,blackmoore,917,hunter,beastmastery,35,19,16
11704,Stjordal,chamber-of-aspects,917,hunter,beastmastery,63,30,33
11705,Happyrme,thrall,916,hunter,beastmastery,24,12,12
11706,Kronzucker,eredar,914,hunter,beastmastery,36,16,20
11707,Mottorhead,kazzak,912,hunter,beastmastery,15,11,4
11708,Marlaska,exodar,912,hunter,beastmastery,28,15,13
11709,Allcollapse,outland,910,hunter,beastmastery,21,11,10
11710,Adram,burning-legion,909,hunter,beastmastery,17,10,7
11711,Mankkis,stormscale,909,hunter,beastmastery,48,14,34
11712,Bjarnhild,die-aldor,906,hunter,beastmastery,24,11,13
11713,Llamp,draenor,906,hunter,beastmastery,48,21,27
11714,Johntoffee,eredar,905,hunter,beastmastery,29,11,18
11715,Halessia,ravencrest,901,hunter,beastmastery,27,10,17
11716,Zoomiesuwu,antonidas,895,hunter,beastmastery,17,10,7
11717,Draknik,nemesis,895,hunter,beastmastery,39,10,29
11718,Fizè,blackmoore,894,hunter,beastmastery,17,10,7
11719,Teacee,twisting-nether,894,hunter,beastmastery,29,13,16
11720,Kënshiro,kazzak,893,hunter,beastmastery,20,10,10
11721,Bornum,khaz-modan,892,hunter,beastmastery,31,10,21
11722,Floppybobby,burning-blade,890,hunter,beastmastery,23,10,13
11723,Catmother,grim-batol,886,hunter,beastmastery,20,12,8
11724,Nixxay,antonidas,882,hunter,beastmastery,30,15,15
11725,Eenel,twisting-nether,864,hunter,beastmastery,12,9,3
11726,Hispanøxd,sanguino,864,hunter,beastmastery,12,9,3
11727,Lilpancake,kazzak,864,hunter,beastmastery,12,9,3
11728,Grapemint,blackrock,864,hunter,beastmastery,12,9,3
11729,Тирин,ashenvale,864,hunter,beastmastery,12,9,3
11730,Fendros,kazzak,864,hunter,beastmastery,12,9,3
11731,Kayluh,sylvanas,864,hunter,beastmastery,12,9,3
11732,Kapowz,kazzak,864,hunter,beastmastery,12,9,3
11733,Lísy,hyjal,864,hunter,beastmastery,18,9,9
11734,Dwgkia,ravencrest,864,hunter,beastmastery,18,9,9
11735,Xenvantoss,silvermoon,864,hunter,beastmastery,18,9,9
11736,Negz,eredar,864,hunter,beastmastery,18,9,9
11737,Dogwatcher,outland,864,hunter,beastmastery,18,9,9
11738,Miraculous,dalaran,864,hunter,beastmastery,21,10,11
11739,Piranhaa,archimonde,864,hunter,beastmastery,21,9,12
11740,Denkstah,tarren-mill,864,hunter,beastmastery,24,9,15
11741,Valhnir,sanguino,864,hunter,beastmastery,24,9,15
11742,Downey,azshara,864,hunter,beastmastery,24,9,15
11743,Леоа,howling-fjord,864,hunter,beastmastery,27,10,17
11744,Nillaxy,blackmoore,863,hunter,beastmastery,18,9,9
11745,Sallya,kazzak,863,hunter,beastmastery,18,9,9
11746,Xéraphine,mannoroth,863,hunter,beastmastery,18,9,9
11747,Paraskámu,twisting-nether,863,hunter,beastmastery,18,9,9
11748,Кишмякхант,howling-fjord,863,hunter,beastmastery,18,9,9
11749,Fléxyz,sylvanas,863,hunter,beastmastery,18,9,9
11750,Weiaw,blackmoore,863,hunter,beastmastery,18,9,9
11751,Jahunter,aggra-português,863,hunter,beastmastery,18,9,9
11752,Nettie,arathor,863,hunter,beastmastery,24,9,15
11753,Massimox,draenor,862,hunter,beastmastery,12,9,3
11754,Vyrê,ghostlands,862,hunter,beastmastery,18,9,9
11755,Arrowman,burning-legion,862,hunter,beastmastery,18,9,9
11756,Noréaga,suramar,862,hunter,beastmastery,18,9,9
11757,Buc,burning-legion,862,hunter,beastmastery,28,9,19
11758,Tsivoula,twisting-nether,861,hunter,beastmastery,12,9,3
11759,Settisetä,defias-brotherhood,861,hunter,beastmastery,18,9,9
11760,Mordhunterx,draenor,861,hunter,beastmastery,18,9,9
11761,Lissudarlin,stormreaver,858,hunter,beastmastery,78,38,40
11762,Darilli,wildhammer,858,hunter,beastmastery,19,9,10
11763,Câonimâ,twisting-nether,858,hunter,beastmastery,24,9,15
11764,Mînérvá,blackhand,857,hunter,beastmastery,18,9,9
11765,Бруксиан,fordragon,857,hunter,beastmastery,19,9,10
11766,Sika,nozdormu,857,hunter,beastmastery,24,9,15
11767,Nesthor,sinstralis,856,hunter,beastmastery,24,9,15
11768,Jollis,argent-dawn,855,hunter,beastmastery,27,10,17
11769,Ulyash,ysondre,854,hunter,beastmastery,18,9,9
11770,Towu,archimonde,849,hunter,beastmastery,24,9,15
11771,Zinnady,outland,846,hunter,beastmastery,12,9,3
11772,Greenstar,twisting-nether,846,hunter,beastmastery,27,10,17
11773,Kagan,nemesis,843,hunter,beastmastery,12,9,3
11774,Гоу,fordragon,843,hunter,beastmastery,30,9,21
11775,Venõm,pozzo-delleternità,832,hunter,beastmastery,21,11,10
11776,Гримнар,borean-tundra,831,hunter,beastmastery,17,9,8
11777,Ruffixvs,blackrock,831,hunter,beastmastery,17,9,8
11778,Enty,blackrock,830,hunter,beastmastery,14,10,4
11779,Deathmarks,blackrock,830,hunter,beastmastery,29,9,20
11780,Sithrom,blackmoore,829,hunter,beastmastery,22,9,13
11781,Võnbødefeld,frostmourne,827,hunter,beastmastery,17,9,8
11782,Anoroxx,arthas,815,hunter,beastmastery,17,9,8
11783,Шаурмэ,gordunni,815,hunter,beastmastery,21,9,12
11784,Kreiden,twisting-nether,810,hunter,beastmastery,34,11,23
11785,Mirmona,stormscale,799,hunter,beastmastery,22,9,13
11786,Colth,hyjal,799,hunter,beastmastery,29,9,20
11787,Slaghunter,argent-dawn,798,hunter,beastmastery,17,9,8
11788,Gbureczka,burning-legion,798,hunter,beastmastery,20,9,11
11789,Aneji,hyjal,797,hunter,beastmastery,14,9,5
11790,Vystrelil,drakthul,785,hunter,beastmastery,61,27,34
11791,Grokis,blackhand,782,hunter,beastmastery,67,28,39
11792,Spergmeister,argent-dawn,768,hunter,beastmastery,12,8,4
11793,Poggelicious,terenas,768,hunter,beastmastery,12,8,4
11794,Suffrebobbs,ravencrest,768,hunter,beastmastery,12,8,4
11795,Сенджогахара,greymane,768,hunter,beastmastery,12,8,4
11796,Jaxteller,archimonde,768,hunter,beastmastery,12,8,4
11797,Irükandji,chants-éternels,768,hunter,beastmastery,12,8,4
11798,Ebobuss,tarren-mill,768,hunter,beastmastery,12,8,4
11799,Weoneshot,ravencrest,768,hunter,beastmastery,12,8,4
11800,Sejkxi,malganis,768,hunter,beastmastery,12,8,4
11801,Mettämies,twisting-nether,768,hunter,beastmastery,12,8,4
11802,Vasco,chogall,768,hunter,beastmastery,18,8,10
11803,Ishotharambe,doomhammer,768,hunter,beastmastery,18,8,10
11804,Guccihuntlol,ravencrest,768,hunter,beastmastery,18,8,10
11805,Dispairge,antonidas,768,hunter,beastmastery,18,8,10
11806,Рафлекс,eversong,768,hunter,beastmastery,18,8,10
11807,Krâýnn,aegwynn,768,hunter,beastmastery,18,8,10
11808,Snarthelg,tarren-mill,768,hunter,beastmastery,18,8,10
11809,Pewpewstuff,draenor,768,hunter,beastmastery,18,8,10
11810,Krakenaspect,kazzak,768,hunter,beastmastery,18,8,10
11811,Appollo,magtheridon,768,hunter,beastmastery,18,8,10
11812,Freakyhoe,twisting-nether,768,hunter,beastmastery,18,8,10
11813,Reyko,stormscale,768,hunter,beastmastery,24,8,16
11814,Hyunkies,ysondre,768,hunter,beastmastery,24,8,16
11815,Mogumogu,blackhand,768,hunter,beastmastery,24,8,16
11816,Fridion,argent-dawn,768,hunter,beastmastery,24,8,16
11817,Devøurer,blackmoore,767,hunter,beastmastery,12,8,4
11818,Awoe,blackrock,767,hunter,beastmastery,12,8,4
11819,Hlynsson,tarren-mill,767,hunter,beastmastery,12,8,4
11820,Huntyadaun,blackrock,767,hunter,beastmastery,12,8,4
11821,Kuljaa,ravencrest,767,hunter,beastmastery,12,8,4
11822,Earnzie,outland,767,hunter,beastmastery,18,8,10
11823,Солевойй,gordunni,767,hunter,beastmastery,18,8,10
11824,Môrkh,sanguino,767,hunter,beastmastery,18,8,10
11825,Анариэльсин,soulflayer,767,hunter,beastmastery,18,8,10
11826,Prodanhunts,frostmane,767,hunter,beastmastery,24,8,16
11827,Vassiliadis,bronze-dragonflight,767,hunter,beastmastery,24,8,16
11828,Шурикцаревич,galakrond,767,hunter,beastmastery,24,8,16
11829,Michaelvm,ravencrest,766,hunter,beastmastery,12,8,4
11830,Birdseye,thrall,766,hunter,beastmastery,18,8,10
11831,Druvnik,zenedar,766,hunter,beastmastery,18,8,10
11832,Rdwlf,draenor,766,hunter,beastmastery,18,8,10
11833,Miracleh,tarren-mill,766,hunter,beastmastery,18,8,10
11834,Sillychilly,frostwolf,766,hunter,beastmastery,24,8,16
11835,Rickh,ravencrest,765,hunter,beastmastery,12,8,4
11836,Лузановка,gordunni,765,hunter,beastmastery,18,8,10
11837,Mykris,aegwynn,765,hunter,beastmastery,86,34,52
11838,Джэромо,gordunni,765,hunter,beastmastery,24,8,16
11839,Hunterbeck,ravencrest,764,hunter,beastmastery,24,8,16
11840,Фаталлити,grom,763,hunter,beastmastery,12,8,4
11841,Laerya,les-clairvoyants,763,hunter,beastmastery,18,8,10
11842,Spineshot,thrall,762,hunter,beastmastery,30,8,22
11843,Plong,argent-dawn,761,hunter,beastmastery,12,8,4
11844,Vachekiki,archimonde,759,hunter,beastmastery,12,8,4
11845,Dravara,blackmoore,755,hunter,beastmastery,24,8,16
11846,Sushimän,kaelthas,751,hunter,beastmastery,12,8,4
11847,Lynx,garona,751,hunter,beastmastery,44,11,33
11848,Bouboule,elune,748,hunter,beastmastery,12,8,4
11849,Rubyblack,archimonde,748,hunter,beastmastery,18,8,10
11850,Begehunter,sylvanas,740,hunter,beastmastery,18,8,10
11851,Remiss,sanguino,738,hunter,beastmastery,22,10,12
11852,Ремонтлицаа,gordunni,735,hunter,beastmastery,17,8,9
11853,Брзенк,gordunni,734,hunter,beastmastery,28,8,20
11854,Пушкабомби,soulflayer,716,hunter,beastmastery,64,23,41
11855,Бей,gordunni,703,hunter,beastmastery,14,8,6
11856,Glizzygobblr,kazzak,703,hunter,beastmastery,16,8,8
11857,Sélenaé,hyjal,703,hunter,beastmastery,16,8,8
11858,Feyoonx,blackrock,703,hunter,beastmastery,23,9,14
11859,Kruk,blackhand,698,hunter,beastmastery,16,8,8
11860,Huntbeard,aegwynn,695,hunter,beastmastery,22,8,14
11861,Elledrin,argent-dawn,680,hunter,beastmastery,21,11,10
11862,Nukenfoobs,draenor,672,hunter,beastmastery,12,7,5
11863,Dåo,doomhammer,672,hunter,beastmastery,12,7,5
11864,Slejpy,drakthul,672,hunter,beastmastery,12,7,5
11865,Найтсол,greymane,672,hunter,beastmastery,12,7,5
11866,Alexdi,kazzak,672,hunter,beastmastery,12,7,5
11867,Лиор,howling-fjord,672,hunter,beastmastery,12,7,5
11868,Morìtz,ravencrest,672,hunter,beastmastery,12,7,5
11869,Jèrsèy,draenor,672,hunter,beastmastery,12,7,5
11870,Beorind,frostwolf,672,hunter,beastmastery,12,7,5
11871,Виралатта,gordunni,672,hunter,beastmastery,12,7,5
11872,Razuye,nerathor,672,hunter,beastmastery,12,7,5
11873,Bigramy,sanguino,672,hunter,beastmastery,12,7,5
11874,Kissay,blackmoore,672,hunter,beastmastery,12,7,5
11875,Utoast,ravencrest,672,hunter,beastmastery,12,7,5
11876,Ufecläimbe,eredar,672,hunter,beastmastery,12,7,5
11877,Подлыйстарик,gordunni,672,hunter,beastmastery,12,7,5
11878,Загзигзаг,soulflayer,672,hunter,beastmastery,12,7,5
11879,Rakeesh,hyjal,672,hunter,beastmastery,12,7,5
11880,Stamzer,drakthul,672,hunter,beastmastery,12,7,5
11881,Hunttes,nagrand,672,hunter,beastmastery,12,7,5
11882,Haxaids,sylvanas,672,hunter,beastmastery,12,7,5
11883,Marcsman,blackrock,672,hunter,beastmastery,12,7,5
11884,Knokkelmann,outland,672,hunter,beastmastery,12,7,5
11885,Ulfrîc,exodar,672,hunter,beastmastery,12,7,5
11886,Onof,archimonde,672,hunter,beastmastery,12,7,5
11887,Potatobeast,twisting-nether,672,hunter,beastmastery,12,7,5
11888,Сашказнаток,azuregos,672,hunter,beastmastery,12,7,5
11889,Garfie,tarren-mill,672,hunter,beastmastery,12,7,5
11890,Reshka,dunemaul,672,hunter,beastmastery,12,7,5
11891,Ahotnik,aegwynn,672,hunter,beastmastery,12,7,5
11892,Fôx,frostmane,672,hunter,beastmastery,12,7,5
11893,Belaux,archimonde,672,hunter,beastmastery,12,7,5
11894,Hask,pozzo-delleternità,672,hunter,beastmastery,15,7,8
11895,Outkást,sylvanas,672,hunter,beastmastery,18,7,11
11896,Géeked,ravencrest,672,hunter,beastmastery,18,7,11
11897,Svolatch,blackrock,672,hunter,beastmastery,18,7,11
11898,Sauce,alonsus,672,hunter,beastmastery,18,7,11
11899,Hunterstein,archimonde,672,hunter,beastmastery,18,7,11
11900,Düivell,grim-batol,672,hunter,beastmastery,18,7,11
11901,Гунныч,grom,672,hunter,beastmastery,18,7,11
11902,Ромкола,gordunni,672,hunter,beastmastery,18,7,11
11903,Boybiron,silvermoon,672,hunter,beastmastery,18,7,11
11904,Zublime,dragonblight,672,hunter,beastmastery,18,7,11
11905,Raggeh,frostwhisper,672,hunter,beastmastery,18,7,11
11906,Дэментед,soulflayer,672,hunter,beastmastery,18,7,11
11907,Дьярэ,gordunni,672,hunter,beastmastery,18,7,11
11908,Вееном,gordunni,672,hunter,beastmastery,18,7,11
11909,Gitanìlla,dun-modr,672,hunter,beastmastery,18,7,11
11910,Lurigalinda,twisting-nether,672,hunter,beastmastery,18,7,11
11911,Tràxes,quelthalas,672,hunter,beastmastery,18,7,11
11912,Lis,gorgonnash,672,hunter,beastmastery,24,7,17
11913,Coltan,nemesis,672,hunter,beastmastery,24,7,17
11914,Setyouintrap,ravencrest,672,hunter,beastmastery,24,7,17
11915,Летмимейт,howling-fjord,672,hunter,beastmastery,26,7,19
11916,Doubleoseven,frostmane,671,hunter,beastmastery,12,7,5
11917,Mazekhin,khaz-modan,671,hunter,beastmastery,12,7,5
11918,Cxc,dun-modr,671,hunter,beastmastery,12,7,5
11919,Strade,argent-dawn,671,hunter,beastmastery,12,7,5
11920,Jaydogg,lightbringer,671,hunter,beastmastery,12,7,5
11921,Glorfindhel,archimonde,671,hunter,beastmastery,12,7,5
11922,Ashryqt,ravencrest,671,hunter,beastmastery,12,7,5
11923,Tomli,nemesis,671,hunter,beastmastery,12,7,5
11924,Døømslayer,nemesis,671,hunter,beastmastery,12,7,5
11925,Akkonas,antonidas,671,hunter,beastmastery,12,7,5
11926,Бэталол,gordunni,671,hunter,beastmastery,12,7,5
11927,Lunaunii,argent-dawn,671,hunter,beastmastery,12,7,5
11928,Ubietza,aegwynn,671,hunter,beastmastery,18,7,11
11929,Orian,argent-dawn,671,hunter,beastmastery,18,7,11
11930,Castbuny,drakthul,671,hunter,beastmastery,18,7,11
11931,Dràcula,tarren-mill,671,hunter,beastmastery,18,7,11
11932,Rifle,dun-morogh,671,hunter,beastmastery,18,7,11
11933,Mindgap,pozzo-delleternità,671,hunter,beastmastery,18,7,11
11934,Блудитролль,soulflayer,671,hunter,beastmastery,18,7,11
11935,Tstigaard,argent-dawn,671,hunter,beastmastery,24,7,17
11936,Løløsifredo,ysondre,671,hunter,beastmastery,24,7,17
11937,Epheso,daggerspine,670,hunter,beastmastery,12,7,5
11938,Paradisiaco,sanguino,670,hunter,beastmastery,24,7,17
11939,Gladiátor,kult-der-verdammten,669,hunter,beastmastery,12,7,5
11940,Cernunnos,auchindoun,669,hunter,beastmastery,13,7,6
11941,Orgasmatronn,stormscale,669,hunter,beastmastery,18,7,11
11942,Casey,zuluhed,669,hunter,beastmastery,18,7,11
11943,Nelerias,defias-brotherhood,669,hunter,beastmastery,24,7,17
11944,Asharial,twisting-nether,668,hunter,beastmastery,21,8,13
11945,Rollei,uldum,666,hunter,beastmastery,12,7,5
11946,Aroldo,kazzak,665,hunter,beastmastery,12,7,5
11947,Саэсантессис,howling-fjord,665,hunter,beastmastery,18,7,11
11948,Electrastar,illidan,664,hunter,beastmastery,12,7,5
11949,Сяову,gordunni,643,hunter,beastmastery,30,7,23
11950,Notchan,stormscale,639,hunter,beastmastery,11,7,4
11951,Domnite,ravencrest,638,hunter,beastmastery,22,7,15
11952,Ayaille,marécage-de-zangar,635,hunter,beastmastery,22,7,15
11953,Johnblønn,stormscale,624,hunter,beastmastery,15,7,8
11954,Zwergnàse,thrall,616,hunter,beastmastery,23,7,16
11955,Luke,chromaggus,576,hunter,beastmastery,6,6,0
11956,Callmepapi,kazzak,576,hunter,beastmastery,6,6,0
11957,Magicnanø,nemesis,576,hunter,beastmastery,12,6,6
11958,Dregor,nemesis,576,hunter,beastmastery,12,6,6
11959,Guidomista,drakthul,576,hunter,beastmastery,12,6,6
11960,Therakal,culte-de-la-rive-noire,576,hunter,beastmastery,12,6,6
11961,Asery,blackmoore,576,hunter,beastmastery,12,6,6
11962,Autopilot,aegwynn,576,hunter,beastmastery,12,6,6
11963,Iuyiuy,dalaran,576,hunter,beastmastery,12,6,6
11964,Шмыгахант,gordunni,576,hunter,beastmastery,12,6,6
11965,Хантнерюга,gordunni,576,hunter,beastmastery,12,6,6
11966,Vepzen,haomarush,576,hunter,beastmastery,12,6,6
11967,Leonidazar,draenor,576,hunter,beastmastery,12,6,6
11968,Burbutsuluki,silvermoon,576,hunter,beastmastery,12,6,6
11969,Holdmypurse,kazzak,576,hunter,beastmastery,12,6,6
11970,Petitsui,zuljin,576,hunter,beastmastery,12,6,6
11971,Стёпкахант,gordunni,576,hunter,beastmastery,12,6,6
11972,Vu,shattered-hand,576,hunter,beastmastery,12,6,6
11973,Showdope,drakthul,576,hunter,beastmastery,12,6,6
11974,Razoorine,blackrock,576,hunter,beastmastery,12,6,6
11975,Darkstripe,turalyon,576,hunter,beastmastery,12,6,6
11976,Lothram,les-sentinelles,576,hunter,beastmastery,12,6,6
11977,Raegal,sanguino,576,hunter,beastmastery,12,6,6
11978,Fogknows,ravencrest,576,hunter,beastmastery,12,6,6
11979,Gîsh,burning-legion,576,hunter,beastmastery,12,6,6
11980,Ângell,kirin-tor,576,hunter,beastmastery,12,6,6
11981,Toptìérgoðx,drakthul,576,hunter,beastmastery,12,6,6
11982,Skarra,zuljin,576,hunter,beastmastery,12,6,6
11983,Зеленыйиисус,gordunni,576,hunter,beastmastery,12,6,6
11984,Cítyzens,drakthul,576,hunter,beastmastery,12,6,6
11985,Chïefhunt,twisting-nether,576,hunter,beastmastery,12,6,6
11986,Dtq,silvermoon,576,hunter,beastmastery,12,6,6
11987,Badhunt,stormscale,576,hunter,beastmastery,12,6,6
11988,Nagu,antonidas,576,hunter,beastmastery,12,6,6
11989,Wödën,argent-dawn,576,hunter,beastmastery,12,6,6
11990,Assbúrgers,silvermoon,576,hunter,beastmastery,12,6,6
11991,Flytomars,ravencrest,576,hunter,beastmastery,12,6,6
11992,Ausgefuchst,forscherliga,576,hunter,beastmastery,12,6,6
11993,Dorkos,sanguino,576,hunter,beastmastery,12,6,6
11994,Беспокойный,soulflayer,576,hunter,beastmastery,12,6,6
11995,Дайсё,soulflayer,576,hunter,beastmastery,12,6,6
11996,Metalbaci,sylvanas,576,hunter,beastmastery,12,6,6
11997,Logales,dragonblight,576,hunter,beastmastery,12,6,6
11998,Jónes,dunemaul,576,hunter,beastmastery,12,6,6
11999,Saymqt,blackrock,576,hunter,beastmastery,15,7,8
12000,Lsa,kazzak,576,hunter,beastmastery,18,6,12
12001,Vhalín,magtheridon,576,hunter,beastmastery,18,6,12
12002,Disyö,kazzak,576,hunter,beastmastery,18,6,12
12003,Realme,blackrock,576,hunter,beastmastery,18,6,12
12004,Свадебная,gordunni,576,hunter,beastmastery,18,6,12
12005,Cicatrice,kazzak,576,hunter,beastmastery,18,6,12
12006,Матанал,gordunni,576,hunter,beastmastery,18,6,12
12007,Wetto,ravencrest,576,hunter,beastmastery,18,6,12
12008,Uselessx,kazzak,576,hunter,beastmastery,18,6,12
12009,Azrhu,ravencrest,576,hunter,beastmastery,18,6,12
12010,Suisiide,antonidas,576,hunter,beastmastery,18,6,12
12011,Yryyh,silvermoon,576,hunter,beastmastery,24,6,18
12012,Darkhunt,ysondre,575,hunter,beastmastery,12,6,6
12013,Truedetectiv,aggramar,575,hunter,beastmastery,12,6,6
12014,Krasavcik,shattrath,575,hunter,beastmastery,12,6,6
12015,Puska,gilneas,575,hunter,beastmastery,12,6,6
12016,Robingood,alexstrasza,575,hunter,beastmastery,12,6,6
12017,Hunterizi,silvermoon,575,hunter,beastmastery,12,6,6
12018,Nosfuratu,stormscale,575,hunter,beastmastery,12,6,6
12019,Maglór,senjin,575,hunter,beastmastery,12,6,6
12020,Nårgai,kargath,575,hunter,beastmastery,12,6,6
12021,Ghanik,draenor,575,hunter,beastmastery,12,6,6
12022,Абунай,soulflayer,575,hunter,beastmastery,12,6,6
12023,Gløbi,malfurion,575,hunter,beastmastery,12,6,6
12024,Karên,blackmoore,575,hunter,beastmastery,18,6,12
12025,Akù,magtheridon,575,hunter,beastmastery,18,6,12
12026,Footsy,twisting-nether,575,hunter,beastmastery,18,6,12
12027,Фузег,deathguard,575,hunter,beastmastery,18,6,12
12028,Täpy,arathor,575,hunter,beastmastery,18,6,12
12029,Hitray,stormscale,575,hunter,beastmastery,18,6,12
12030,Okumo,the-maelstrom,574,hunter,beastmastery,12,6,6
12031,Boompuf,draenor,574,hunter,beastmastery,18,6,12
12032,Kannon,twisting-nether,574,hunter,beastmastery,18,6,12
12033,Penelopé,darkmoon-faire,573,hunter,beastmastery,12,6,6
12034,Jsâ,blackmoore,571,hunter,beastmastery,12,6,6
12035,Rachelgg,ravencrest,543,hunter,beastmastery,11,6,5
12036,Dreemshoot,stormscale,542,hunter,beastmastery,11,6,5
12037,Archfiend,stormscale,527,hunter,beastmastery,11,6,5
12038,Kukenisluken,stormscale,527,hunter,beastmastery,11,6,5
12039,Barzti,thrall,526,hunter,beastmastery,11,6,5
12040,Braatski,stormscale,526,hunter,beastmastery,18,7,11
12041,Фэннон,gordunni,522,hunter,beastmastery,15,8,7
12042,Zevlove,kazzak,511,hunter,beastmastery,14,6,8
12043,Attileus,ragnaros,495,hunter,beastmastery,11,6,5
12044,Connyrövöga,draenor,480,hunter,beastmastery,6,5,1
12045,Dogliz,stormscale,480,hunter,beastmastery,6,5,1
12046,Wellocérapt,confrérie-du-thorium,480,hunter,beastmastery,6,5,1
12047,Jinxbomber,draenor,480,hunter,beastmastery,6,5,1
12048,Ветрослав,thermaplugg,480,hunter,beastmastery,6,5,1
12049,Мунмейстер,blackscar,480,hunter,beastmastery,6,5,1
12050,Jakis,silvermoon,480,hunter,beastmastery,6,5,1
12051,Hidethegun,draenor,480,hunter,beastmastery,6,5,1
12052,Smokerofweed,kazzak,480,hunter,beastmastery,6,5,1
12053,Tøkÿöghøül,ravencrest,480,hunter,beastmastery,7,5,2
12054,Mdmalol,malganis,480,hunter,beastmastery,12,5,7
12055,Hõth,kazzak,480,hunter,beastmastery,12,5,7
12056,Yésdave,stormscale,480,hunter,beastmastery,12,5,7
12057,Notley,thrall,480,hunter,beastmastery,12,5,7
12058,Bubbahubba,ragnaros,480,hunter,beastmastery,12,5,7
12059,Tiendat,kazzak,480,hunter,beastmastery,12,5,7
12060,Bogüen,sanguino,480,hunter,beastmastery,12,5,7
12061,Tizzlbang,ragnaros,480,hunter,beastmastery,12,5,7
12062,Jimbowjones,antonidas,480,hunter,beastmastery,12,5,7
12063,Jins,illidan,480,hunter,beastmastery,12,5,7
12064,Shantala,frostwolf,480,hunter,beastmastery,12,5,7
12065,Келкузд,howling-fjord,480,hunter,beastmastery,12,5,7
12066,Вуйчеч,howling-fjord,480,hunter,beastmastery,12,5,7
12067,Palomo,argent-dawn,480,hunter,beastmastery,12,5,7
12068,Wolfyx,cthun,480,hunter,beastmastery,12,5,7
12069,Pilpetra,tarren-mill,480,hunter,beastmastery,12,5,7
12070,Xeld,outland,480,hunter,beastmastery,12,5,7
12071,Seviaz,draenor,480,hunter,beastmastery,12,5,7
12072,Elvenian,twisting-nether,480,hunter,beastmastery,12,5,7
12073,Crasharrow,stormscale,480,hunter,beastmastery,12,5,7
12074,Aamön,tarren-mill,480,hunter,beastmastery,12,5,7
12075,Khort,twisting-nether,480,hunter,beastmastery,12,5,7
12076,Waneìs,stormscale,480,hunter,beastmastery,12,5,7
12077,Speartusk,blackhand,480,hunter,beastmastery,12,5,7
12078,Tracrium,hyjal,480,hunter,beastmastery,12,5,7
12079,Makaxx,stormscale,480,hunter,beastmastery,12,5,7
12080,Hahahxd,ragnaros,480,hunter,beastmastery,12,5,7
12081,Dyve,antonidas,480,hunter,beastmastery,12,5,7
12082,Китас,soulflayer,480,hunter,beastmastery,12,5,7
12083,Naposin,ragnaros,480,hunter,beastmastery,12,5,7
12084,Тандеркейдж,gordunni,480,hunter,beastmastery,12,5,7
12085,Квит,blackscar,480,hunter,beastmastery,12,5,7
12086,Silvos,blackrock,480,hunter,beastmastery,12,5,7
12087,Джеймсфранко,blackscar,480,hunter,beastmastery,12,5,7
12088,Yamadorî,blackrock,480,hunter,beastmastery,12,5,7
12089,Bubby,burning-legion,480,hunter,beastmastery,16,6,10
12090,Latschodives,malorne,480,hunter,beastmastery,15,5,10
12091,Begøne,draenor,480,hunter,beastmastery,18,5,13
12092,Craná,blackrock,480,hunter,beastmastery,18,5,13
12093,Chrishyh,blackrock,480,hunter,beastmastery,18,5,13
12094,Rheyl,dun-morogh,480,hunter,beastmastery,24,5,19
12095,Doômzi,ysondre,479,hunter,beastmastery,6,5,1
12096,Eluun,saurfang,479,hunter,beastmastery,12,5,7
12097,Swïtchz,hyjal,479,hunter,beastmastery,12,5,7
12098,Ivanrockstar,draenor,479,hunter,beastmastery,12,5,7
12099,Ninjaskillss,ravencrest,479,hunter,beastmastery,12,5,7
12100,Sokyokuh,burning-legion,479,hunter,beastmastery,12,5,7
12101,Arhyah,medivh,479,hunter,beastmastery,12,5,7
12102,Енвина,gordunni,479,hunter,beastmastery,12,5,7
12103,Droubidi,garona,479,hunter,beastmastery,12,5,7
12104,Killzo,sylvanas,479,hunter,beastmastery,12,5,7
12105,Straikkeri,draenor,479,hunter,beastmastery,12,5,7
12106,Sàclak,ysondre,479,hunter,beastmastery,12,5,7
12107,Djzntrap,outland,479,hunter,beastmastery,12,5,7
12108,Tremby,kazzak,479,hunter,beastmastery,15,6,9
12109,Фитьфитий,howling-fjord,479,hunter,beastmastery,18,5,13
12110,Arielowy,doomhammer,479,hunter,beastmastery,18,5,13
12111,Cliff,kiljaeden,479,hunter,beastmastery,24,5,19
12112,Kepâssa,ysondre,478,hunter,beastmastery,12,5,7
12113,Добрыйклыкач,gordunni,478,hunter,beastmastery,12,5,7
12114,Бодрыйсэм,soulflayer,477,hunter,beastmastery,12,5,7
12115,Xyrone,bladefist,476,hunter,beastmastery,12,5,7
12116,Ghostaim,kazzak,475,hunter,beastmastery,10,6,4
12117,Chipok,outland,474,hunter,beastmastery,17,5,12
12118,Ahilleaa,aegwynn,472,hunter,beastmastery,12,5,7
12119,Poine,sylvanas,472,hunter,beastmastery,12,5,7
12120,Ferax,alleria,472,hunter,beastmastery,12,5,7
12121,Ozunâ,blackmoore,468,hunter,beastmastery,23,8,15
12122,Momohenní,archimonde,448,hunter,beastmastery,10,5,5
12123,Bellecoq,arathi,447,hunter,beastmastery,11,5,6
12124,Аквилеон,gordunni,447,hunter,beastmastery,11,5,6
12125,Angeedau,kazzak,431,hunter,beastmastery,11,5,6
12126,Såvëâmäzøñíà,stormscale,431,hunter,beastmastery,11,5,6
12127,Grufflin,bronzebeard,430,hunter,beastmastery,11,5,6
12128,Fahin,draenor,425,hunter,beastmastery,14,6,8
12129,Swâân,sanguino,425,hunter,beastmastery,15,6,9
12130,Truxp,tarren-mill,416,hunter,beastmastery,10,5,5
12131,Topbow,talnivarr,415,hunter,beastmastery,10,5,5
12132,Darkshe,dun-modr,415,hunter,beastmastery,14,5,9
12133,Ghõst,frostmane,384,hunter,beastmastery,6,4,2
12134,Нью,soulflayer,384,hunter,beastmastery,6,4,2
12135,Jaxxoo,outland,384,hunter,beastmastery,6,4,2
12136,Varkiza,sylvanas,384,hunter,beastmastery,6,4,2
12137,Thursty,twisting-nether,384,hunter,beastmastery,6,4,2
12138,Srvol,dun-modr,384,hunter,beastmastery,6,4,2
12139,Zigi,grim-batol,384,hunter,beastmastery,6,4,2
12140,Machinedream,sylvanas,384,hunter,beastmastery,6,4,2
12141,Armanny,sylvanas,384,hunter,beastmastery,6,4,2
12142,Патапум,deathguard,384,hunter,beastmastery,6,4,2
12143,Xndr,sanguino,384,hunter,beastmastery,6,4,2
12144,Khregan,aerie-peak,384,hunter,beastmastery,6,4,2
12145,Nocturr,ragnaros,384,hunter,beastmastery,6,4,2
12146,Xiviora,archimonde,384,hunter,beastmastery,6,4,2
12147,Zugmypole,stormscale,384,hunter,beastmastery,6,4,2
12148,Кайсго,gordunni,384,hunter,beastmastery,6,4,2
12149,Murkek,drakthul,384,hunter,beastmastery,6,4,2
12150,Azzazeal,drakthul,384,hunter,beastmastery,6,4,2
12151,Nulldmgmaker,malganis,384,hunter,beastmastery,6,4,2
12152,Robbingyou,tarren-mill,384,hunter,beastmastery,6,4,2
12153,Dêstiny,dun-modr,384,hunter,beastmastery,6,4,2
12154,Разплюханка,howling-fjord,384,hunter,beastmastery,6,4,2
12155,Bloodymarìe,kelthuzad,384,hunter,beastmastery,6,4,2
12156,Трисциллочка,howling-fjord,384,hunter,beastmastery,6,4,2
12157,Hetzenauer,nathrezim,384,hunter,beastmastery,6,4,2
12158,Mckanê,ysondre,384,hunter,beastmastery,6,4,2
12159,Illaice,antonidas,384,hunter,beastmastery,6,4,2
12160,Hølinkasbabe,blackmoore,384,hunter,beastmastery,6,4,2
12161,Lultrap,nemesis,384,hunter,beastmastery,6,4,2
12162,Celebor,sanguino,384,hunter,beastmastery,6,4,2
12163,Nith,ungoro,384,hunter,beastmastery,6,4,2
12164,Riema,ragnaros,384,hunter,beastmastery,6,4,2
12165,Nomorepain,outland,384,hunter,beastmastery,6,4,2
12166,Mestar,outland,384,hunter,beastmastery,6,4,2
12167,Вихтриэль,gordunni,384,hunter,beastmastery,6,4,2
12168,Kareltje,stormscale,384,hunter,beastmastery,6,4,2
12169,Zyprix,blackrock,384,hunter,beastmastery,6,4,2
12170,Skeng,xavius,384,hunter,beastmastery,6,4,2
12171,Komesz,ragnaros,384,hunter,beastmastery,6,4,2
12172,Djurmästaren,ravencrest,384,hunter,beastmastery,6,4,2
12173,Хантвкроксах,gordunni,384,hunter,beastmastery,6,4,2
12174,Mothmanx,kazzak,384,hunter,beastmastery,6,4,2
12175,Garratha,burning-legion,384,hunter,beastmastery,6,4,2
12176,Quoicoubèh,hyjal,384,hunter,beastmastery,6,4,2
12177,Chindaliña,zuljin,384,hunter,beastmastery,6,4,2
12178,Zanéy,ravencrest,384,hunter,beastmastery,6,4,2
12179,Няшуличка,gordunni,384,hunter,beastmastery,6,4,2
12180,Healscare,dalaran,384,hunter,beastmastery,10,5,5
12181,Lännennopein,outland,384,hunter,beastmastery,17,6,11
12182,Zakert,zuljin,384,hunter,beastmastery,12,4,8
12183,Sharpeneye,ragnaros,384,hunter,beastmastery,12,4,8
12184,Monnee,outland,384,hunter,beastmastery,12,4,8
12185,Khyleanqt,dun-modr,384,hunter,beastmastery,12,4,8
12186,Aléxy,sanguino,384,hunter,beastmastery,12,4,8
12187,Mobshot,twisting-nether,384,hunter,beastmastery,12,4,8
12188,Гернриета,gordunni,384,hunter,beastmastery,12,4,8
12189,Thérón,ravencrest,384,hunter,beastmastery,12,4,8
12190,Zynga,sylvanas,384,hunter,beastmastery,12,4,8
12191,Dissectiøn,hyjal,384,hunter,beastmastery,12,4,8
12192,Horxxa,kul-tiras,384,hunter,beastmastery,12,4,8
12193,Brønkø,azshara,384,hunter,beastmastery,12,4,8
12194,Nîco,nathrezim,384,hunter,beastmastery,12,4,8
12195,Pergola,spinebreaker,384,hunter,beastmastery,12,4,8
12196,Catman,stormreaver,384,hunter,beastmastery,12,4,8
12197,Tøixøna,tyrande,384,hunter,beastmastery,12,4,8
12198,Sylphie,dalaran,384,hunter,beastmastery,12,4,8
12199,Ætå,blackmoore,384,hunter,beastmastery,12,4,8
12200,Valomeere,tarren-mill,384,hunter,beastmastery,12,4,8
12201,Дэлмор,greymane,384,hunter,beastmastery,12,4,8
12202,Marzenielas,silvermoon,384,hunter,beastmastery,12,4,8
12203,Amigoss,argent-dawn,384,hunter,beastmastery,12,4,8
12204,Saiko,kazzak,384,hunter,beastmastery,12,4,8
12205,Nßatrapper,outland,384,hunter,beastmastery,12,4,8
12206,Zippyzen,twisting-nether,384,hunter,beastmastery,12,4,8
12207,Øï,outland,384,hunter,beastmastery,12,4,8
12208,Neocb,ravencrest,384,hunter,beastmastery,12,4,8
12209,Exwifey,ravencrest,384,hunter,beastmastery,12,4,8
12210,Вейзу,ashenvale,384,hunter,beastmastery,12,4,8
12211,Sjufemman,ravencrest,384,hunter,beastmastery,12,4,8
12212,Ниамх,blackscar,384,hunter,beastmastery,12,4,8
12213,Navarro,nemesis,384,hunter,beastmastery,12,4,8
12214,Keinzira,hyjal,384,hunter,beastmastery,16,4,12
12215,Bláckheart,doomhammer,384,hunter,beastmastery,18,4,14
12216,Хедшоттер,blackscar,384,hunter,beastmastery,18,4,14
12217,Swargano,archimonde,384,hunter,beastmastery,18,4,14
12218,Bemtistaru,draenor,384,hunter,beastmastery,18,4,14
12219,Wayland,dalaran,384,hunter,beastmastery,18,4,14
12220,Tervueren,burning-blade,384,hunter,beastmastery,18,4,14
12221,Mævis,ravencrest,384,hunter,beastmastery,18,4,14
12222,Kayvaal,kaelthas,384,hunter,beastmastery,18,4,14
12223,Jelezenchuk,outland,383,hunter,beastmastery,6,4,2
12224,Xscaper,twilights-hammer,383,hunter,beastmastery,6,4,2
12225,Resonate,stormreaver,383,hunter,beastmastery,6,4,2
12226,Lalluna,malganis,383,hunter,beastmastery,12,4,8
12227,Delazi,proudmoore,383,hunter,beastmastery,12,4,8
12228,Doguago,draenor,383,hunter,beastmastery,12,4,8
12229,Oldrocker,sylvanas,383,hunter,beastmastery,12,4,8
12230,Mugiwaras,eldrethalas,383,hunter,beastmastery,18,4,14
12231,Beerox,ysondre,382,hunter,beastmastery,12,4,8
12232,Neuwi,stormreaver,382,hunter,beastmastery,12,4,8
12233,Адула,eversong,379,hunter,beastmastery,12,4,8
12234,Thelasiel,aerie-peak,379,hunter,beastmastery,12,4,8
12235,Balthazzarxx,ravencrest,351,hunter,beastmastery,23,4,19
12236,Harpers,kazzak,336,hunter,beastmastery,15,4,11
12237,Dorollo,khaz-modan,332,hunter,beastmastery,11,4,7
12238,Skyh,outland,330,hunter,beastmastery,16,5,11
12239,Скукота,grom,288,hunter,beastmastery,6,3,3
12240,Marsian,lordaeron,288,hunter,beastmastery,6,3,3
12241,Ekz,twisting-nether,288,hunter,beastmastery,6,3,3
12242,Nervetøxin,ravencrest,288,hunter,beastmastery,6,3,3
12243,Колтрэйнборз,blackscar,288,hunter,beastmastery,6,3,3
12244,Труласек,blackscar,288,hunter,beastmastery,6,3,3
12245,Yümekø,khaz-modan,288,hunter,beastmastery,6,3,3
12246,Доррети,howling-fjord,288,hunter,beastmastery,6,3,3
12247,Klèo,frostwhisper,288,hunter,beastmastery,6,3,3
12248,Abonah,khaz-modan,288,hunter,beastmastery,6,3,3
12249,Трапавграунд,howling-fjord,288,hunter,beastmastery,6,3,3
12250,Styxht,blackhand,288,hunter,beastmastery,6,3,3
12251,Thekev,ravencrest,288,hunter,beastmastery,6,3,3
12252,Bòw,antonidas,288,hunter,beastmastery,6,3,3
12253,Kronkh,nemesis,288,hunter,beastmastery,6,3,3
12254,Visas,burning-legion,288,hunter,beastmastery,6,3,3
12255,Donbonz,blackmoore,288,hunter,beastmastery,6,3,3
12256,Будкусломаю,grom,288,hunter,beastmastery,6,3,3
12257,Sebikh,ravencrest,288,hunter,beastmastery,6,3,3
12258,Leáa,eredar,288,hunter,beastmastery,6,3,3
12259,Келентори,gordunni,288,hunter,beastmastery,6,3,3
12260,Natashä,area-52,288,hunter,beastmastery,6,3,3
12261,Zinco,ravencrest,288,hunter,beastmastery,6,3,3
12262,Xðxðxðxðxðxð,sylvanas,288,hunter,beastmastery,6,3,3
12263,Katzchen,burning-legion,288,hunter,beastmastery,6,3,3
12264,Natchell,ysondre,288,hunter,beastmastery,6,3,3
12265,Боураш,gordunni,288,hunter,beastmastery,6,3,3
12266,Dealtqt,ysondre,288,hunter,beastmastery,6,3,3
12267,Daela,elune,288,hunter,beastmastery,6,3,3
12268,Jimpage,eredar,288,hunter,beastmastery,6,3,3
12269,Svinrbglol,arygos,288,hunter,beastmastery,6,3,3
12270,Aldra,kelthuzad,288,hunter,beastmastery,6,3,3
12271,Оксанчек,howling-fjord,288,hunter,beastmastery,6,3,3
12272,Anhur,blackmoore,288,hunter,beastmastery,6,3,3
12273,Valtondre,argent-dawn,288,hunter,beastmastery,6,3,3
12274,Hattorisama,ghostlands,288,hunter,beastmastery,6,3,3
12275,Darksmoke,forscherliga,288,hunter,beastmastery,6,3,3
12276,Nestereo,zirkel-des-cenarius,288,hunter,beastmastery,6,3,3
12277,Живучийорех,gordunni,288,hunter,beastmastery,6,3,3
12278,Ayiu,argent-dawn,288,hunter,beastmastery,6,3,3
12279,Midist,stormscale,288,hunter,beastmastery,6,3,3
12280,Lûnelle,argent-dawn,288,hunter,beastmastery,6,3,3
12281,Haggy,die-nachtwache,288,hunter,beastmastery,6,3,3
12282,Hunterlolz,tarren-mill,288,hunter,beastmastery,6,3,3
12283,Шеннокс,howling-fjord,288,hunter,beastmastery,6,3,3
12284,Hallem,karazhan,288,hunter,beastmastery,6,3,3
12285,Enthur,sylvanas,288,hunter,beastmastery,6,3,3
12286,Наладдчик,howling-fjord,288,hunter,beastmastery,6,3,3
12287,Shedzargo,twisting-nether,288,hunter,beastmastery,6,3,3
12288,Козладой,gordunni,288,hunter,beastmastery,6,3,3
12289,Yoey,tarren-mill,288,hunter,beastmastery,6,3,3
12290,Кискавтесте,gordunni,288,hunter,beastmastery,6,3,3
12291,Lioneli,sylvanas,288,hunter,beastmastery,6,3,3
12292,Mooj,malganis,288,hunter,beastmastery,6,3,3
12293,Retroxia,stormreaver,288,hunter,beastmastery,6,3,3
12294,Cryptomars,twisting-nether,288,hunter,beastmastery,6,3,3
12295,Kairrux,twisting-nether,288,hunter,beastmastery,6,3,3
12296,Blmlooter,stormreaver,288,hunter,beastmastery,6,3,3
12297,Оркос,deathweaver,288,hunter,beastmastery,6,3,3
12298,Taurïel,stormscale,288,hunter,beastmastery,6,3,3
12299,Kaballa,ahnqiraj,288,hunter,beastmastery,6,3,3
12300,Ipad,cthun,288,hunter,beastmastery,6,3,3
12301,Рофшор,gordunni,288,hunter,beastmastery,6,3,3
12302,Eyetto,dun-modr,288,hunter,beastmastery,6,3,3
12303,Arsola,sylvanas,288,hunter,beastmastery,6,3,3
12304,Kanwfulldmg,stormscale,288,hunter,beastmastery,6,3,3
12305,Papisbae,stormscale,288,hunter,beastmastery,6,3,3
12306,Djtrapyasis,blackmoore,288,hunter,beastmastery,6,3,3
12307,Джарвиз,soulflayer,288,hunter,beastmastery,6,3,3
12308,Демела,gordunni,288,hunter,beastmastery,6,3,3
12309,Beefchops,draenor,288,hunter,beastmastery,6,3,3
12310,Bråndy,draenor,288,hunter,beastmastery,6,3,3
12311,Kondirox,twisting-nether,288,hunter,beastmastery,6,3,3
12312,Zêrøtwø,draenor,288,hunter,beastmastery,6,3,3
12313,Микихаса,galakrond,288,hunter,beastmastery,6,3,3
12314,Flugsmälla,kazzak,288,hunter,beastmastery,6,3,3
12315,Blazeblue,hyjal,288,hunter,beastmastery,6,3,3
12316,Chasseeur,archimonde,288,hunter,beastmastery,6,3,3
12317,Thebigboom,outland,288,hunter,beastmastery,6,3,3
12318,Artze,outland,288,hunter,beastmastery,6,3,3
12319,Niedzwiedzor,silvermoon,288,hunter,beastmastery,6,3,3
12320,Chrønôs,archimonde,288,hunter,beastmastery,6,3,3
12321,Bârli,amanthul,288,hunter,beastmastery,6,3,3
12322,Bugspitz,outland,288,hunter,beastmastery,6,3,3
12323,Iliíilíiílíl,outland,288,hunter,beastmastery,6,3,3
12324,Kragán,silvermoon,288,hunter,beastmastery,6,3,3
12325,Zercore,echsenkessel,288,hunter,beastmastery,6,3,3
12326,Palav,outland,288,hunter,beastmastery,6,3,3
12327,Weedonyhunt,hyjal,288,hunter,beastmastery,6,3,3
12328,Sakaryali,silvermoon,288,hunter,beastmastery,6,3,3
12329,Bnji,hyjal,288,hunter,beastmastery,6,3,3
12330,Zoophobiaqt,silvermoon,288,hunter,beastmastery,6,3,3
12331,Scräppÿ,kazzak,288,hunter,beastmastery,6,3,3
12332,Baïonnettex,archimonde,288,hunter,beastmastery,6,3,3
12333,Huntness,kazzak,288,hunter,beastmastery,6,3,3
12334,Imonér,frostmane,288,hunter,beastmastery,6,3,3
12335,Yssup,frostmane,288,hunter,beastmastery,6,3,3
12336,Fedya,kazzak,288,hunter,beastmastery,6,3,3
12337,Kxx,kazzak,288,hunter,beastmastery,6,3,3
12338,Хантероо,gordunni,288,hunter,beastmastery,8,3,5
12339,Mârked,argent-dawn,288,hunter,beastmastery,12,3,9
12340,Xoarqt,aegwynn,288,hunter,beastmastery,12,3,9
12341,Sylverein,silvermoon,288,hunter,beastmastery,12,3,9
12342,Stuckstepbro,silvermoon,288,hunter,beastmastery,12,3,9
12343,Spakster,blackrock,288,hunter,beastmastery,12,3,9
12344,Phillon,blackrock,288,hunter,beastmastery,12,3,9
12345,Rrushi,argent-dawn,288,hunter,beastmastery,12,3,9
12346,Jellyfat,silvermoon,288,hunter,beastmastery,12,3,9
12347,Quasar,ravencrest,288,hunter,beastmastery,12,3,9
12348,Zárnah,defias-brotherhood,288,hunter,beastmastery,12,3,9
12349,Хансбург,howling-fjord,288,hunter,beastmastery,12,3,9
12350,Mââl,archimonde,288,hunter,beastmastery,12,3,9
12351,Headhunterzz,dun-modr,288,hunter,beastmastery,12,3,9
12352,Jaguarundy,dun-modr,288,hunter,beastmastery,12,3,9
12353,Coôkie,ysondre,288,hunter,beastmastery,12,3,9
12354,Frikandelli,outland,288,hunter,beastmastery,12,3,9
12355,Huntardxx,outland,288,hunter,beastmastery,12,3,9
12356,Rachelzane,blackrock,288,hunter,beastmastery,12,3,9
12357,Gzà,kazzak,288,hunter,beastmastery,12,3,9
12358,Shalinda,azshara,288,hunter,beastmastery,12,3,9
12359,Narziel,die-todeskrallen,288,hunter,beastmastery,12,3,9
12360,Ímpulsion,stormscale,288,hunter,beastmastery,12,3,9
12361,Demónhunter,frostmane,288,hunter,beastmastery,12,3,9
12362,Nerøz,ravencrest,288,hunter,beastmastery,12,3,9
12363,Krëmpai,frostmane,288,hunter,beastmastery,12,3,9
12364,Jamesbownd,ravencrest,288,hunter,beastmastery,12,3,9
12365,Andraz,burning-legion,288,hunter,beastmastery,12,3,9
12366,Riik,ragnaros,288,hunter,beastmastery,12,3,9
12367,Drakess,daggerspine,288,hunter,beastmastery,12,3,9
12368,Soen,zuljin,288,hunter,beastmastery,12,3,9
12369,Дварфмэн,gordunni,288,hunter,beastmastery,13,3,10
12370,Tràpz,archimonde,288,hunter,beastmastery,14,3,11
12371,Ohwagga,pozzo-delleternità,287,hunter,beastmastery,6,3,3
12372,Voraxh,draenor,287,hunter,beastmastery,12,3,9
12373,Asca,eldrethalas,287,hunter,beastmastery,12,3,9
12374,Oatmeal,dun-morogh,287,hunter,beastmastery,12,3,9
12375,Winfar,draenor,287,hunter,beastmastery,12,3,9
12376,Jolox,blackrock,286,hunter,beastmastery,6,3,3
12377,Aryaae,les-clairvoyants,286,hunter,beastmastery,7,3,4
12378,Trapgodz,ragnaros,271,hunter,beastmastery,11,3,8
12379,Lightrandom,kazzak,269,hunter,beastmastery,11,3,8
12380,Ватмано,gordunni,255,hunter,beastmastery,8,4,4
12381,Sarblade,bronze-dragonflight,255,hunter,beastmastery,11,3,8
12382,Zakos,kirin-tor,255,hunter,beastmastery,11,3,8
12383,Graltar,tarren-mill,255,hunter,beastmastery,11,3,8
12384,Shoothim,destromath,254,hunter,beastmastery,8,4,4
12385,Кулерквест,soulflayer,240,hunter,beastmastery,9,3,6
12386,Dybhalsma,outland,239,hunter,beastmastery,5,3,2
12387,Bigbababotan,blackrock,234,hunter,beastmastery,9,4,5
12388,Слышумертвых,gordunni,234,hunter,beastmastery,15,5,10
12389,Shagora,dalaran,223,hunter,beastmastery,8,3,5
12390,Sacroz,frostwhisper,223,hunter,beastmastery,8,3,5
12391,Musraah,zuljin,192,hunter,beastmastery,5,3,2
12392,Генрах,soulflayer,192,hunter,beastmastery,6,2,4
12393,Comegetme,auchindoun,192,hunter,beastmastery,6,2,4
12394,Wolfariana,chamber-of-aspects,192,hunter,beastmastery,6,2,4
12395,Серцебиение,soulflayer,192,hunter,beastmastery,6,2,4
12396,Ecthelione,the-venture-co,192,hunter,beastmastery,6,2,4
12397,Dahunter,blackmoore,192,hunter,beastmastery,6,2,4
12398,Shademd,ahnqiraj,192,hunter,beastmastery,6,2,4
12399,Luuszapfae,aegwynn,192,hunter,beastmastery,6,2,4
12400,Спелла,goldrinn,192,hunter,beastmastery,6,2,4
12401,Смертонносна,lich-king,192,hunter,beastmastery,6,2,4
12402,Dragoki,blackmoore,192,hunter,beastmastery,6,2,4
12403,Orosko,archimonde,192,hunter,beastmastery,6,2,4
12404,Droz,blackmoore,192,hunter,beastmastery,6,2,4
12405,Waveshoot,hyjal,192,hunter,beastmastery,6,2,4
12406,Sarbacanes,hyjal,192,hunter,beastmastery,6,2,4
12407,Jarran,karazhan,192,hunter,beastmastery,6,2,4
12408,Pets,aegwynn,192,hunter,beastmastery,6,2,4
12409,Avp,sylvanas,192,hunter,beastmastery,6,2,4
12410,Níne,sylvanas,192,hunter,beastmastery,6,2,4
12411,Anghron,minahonda,192,hunter,beastmastery,6,2,4
12412,Bradunov,sylvanas,192,hunter,beastmastery,6,2,4
12413,Ренектон,soulflayer,192,hunter,beastmastery,6,2,4
12414,Phyllobates,blackrock,192,hunter,beastmastery,6,2,4
12415,Olddèath,archimonde,192,hunter,beastmastery,6,2,4
12416,Jayyke,frostmane,192,hunter,beastmastery,6,2,4
12417,Ефрейя,gordunni,192,hunter,beastmastery,6,2,4
12418,Díkembe,aegwynn,192,hunter,beastmastery,6,2,4
12419,Silencxz,aegwynn,192,hunter,beastmastery,6,2,4
12420,Gandro,blackmoore,192,hunter,beastmastery,6,2,4
12421,Foleck,aegwynn,192,hunter,beastmastery,6,2,4
12422,Holytrapqt,aegwynn,192,hunter,beastmastery,6,2,4
12423,Bówyóurfácé,outland,192,hunter,beastmastery,6,2,4
12424,Ketator,archimonde,192,hunter,beastmastery,6,2,4
12425,Zusale,azshara,192,hunter,beastmastery,6,2,4
12426,Sarganno,archimonde,192,hunter,beastmastery,6,2,4
12427,Nikzeubii,archimonde,192,hunter,beastmastery,6,2,4
12428,Nythilia,blackrock,192,hunter,beastmastery,6,2,4
12429,Инкризшот,gordunni,192,hunter,beastmastery,6,2,4
12430,Lágåta,outland,192,hunter,beastmastery,6,2,4
12431,Ridbàck,archimonde,192,hunter,beastmastery,6,2,4
12432,Samodiva,twisting-nether,192,hunter,beastmastery,6,2,4
12433,Sekzpitch,blackmoore,192,hunter,beastmastery,6,2,4
12434,Naid,lordaeron,192,hunter,beastmastery,6,2,4
12435,Dola,archimonde,192,hunter,beastmastery,6,2,4
12436,Yoüllsuffer,twisting-nether,192,hunter,beastmastery,6,2,4
12437,Aliyaan,twisting-nether,192,hunter,beastmastery,6,2,4
12438,Фэйсконтроль,azuregos,192,hunter,beastmastery,6,2,4
12439,Травок,gordunni,192,hunter,beastmastery,6,2,4
12440,Риперквин,gordunni,192,hunter,beastmastery,6,2,4
12441,Nómarak,drakthul,192,hunter,beastmastery,6,2,4
12442,Abraxan,twisting-nether,192,hunter,beastmastery,6,2,4
12443,Sylasteria,twisting-nether,192,hunter,beastmastery,6,2,4
12444,Тофуитер,howling-fjord,192,hunter,beastmastery,6,2,4
12445,Drennak,kult-der-verdammten,192,hunter,beastmastery,6,2,4
12446,Arykes,drakthul,192,hunter,beastmastery,6,2,4
12447,Focùs,eredar,192,hunter,beastmastery,6,2,4
12448,Ancalarion,tarren-mill,192,hunter,beastmastery,6,2,4
12449,Lifeiscool,drakthul,192,hunter,beastmastery,6,2,4
12450,Gunmeister,bronzebeard,192,hunter,beastmastery,6,2,4
12451,Fofoulinaki,silvermoon,192,hunter,beastmastery,6,2,4
12452,Dentaar,draenor,192,hunter,beastmastery,6,2,4
12453,Bethenny,draenor,192,hunter,beastmastery,6,2,4
12454,Raztreadör,dun-modr,192,hunter,beastmastery,6,2,4
12455,Doraxa,sanguino,192,hunter,beastmastery,6,2,4
12456,Dis,twilights-hammer,192,hunter,beastmastery,6,2,4
12457,Имбакласс,howling-fjord,192,hunter,beastmastery,6,2,4
12458,Talanar,tarren-mill,192,hunter,beastmastery,6,2,4
12459,Bodytypedog,ragnaros,192,hunter,beastmastery,6,2,4
12460,Willzz,ravencrest,192,hunter,beastmastery,6,2,4
12461,Wülfhart,argent-dawn,192,hunter,beastmastery,6,2,4
12462,Wildwingsebb,nazjatar,192,hunter,beastmastery,6,2,4
12463,Furian,der-rat-von-dalaran,192,hunter,beastmastery,6,2,4
12464,Privelle,argent-dawn,192,hunter,beastmastery,6,2,4
12465,Feedbackloop,silvermoon,192,hunter,beastmastery,6,2,4
12466,Zetaph,argent-dawn,192,hunter,beastmastery,6,2,4
12467,Xeragon,frostwolf,192,hunter,beastmastery,6,2,4
12468,Kanzlerkohl,frostwolf,192,hunter,beastmastery,6,2,4
12469,Patrouifort,ysondre,192,hunter,beastmastery,6,2,4
12470,Malromero,outland,192,hunter,beastmastery,6,2,4
12471,Wøden,ysondre,192,hunter,beastmastery,6,2,4
12472,Legolex,burning-blade,192,hunter,beastmastery,6,2,4
12473,Kirinó,ragnaros,192,hunter,beastmastery,6,2,4
12474,Tillhunt,kargath,192,hunter,beastmastery,6,2,4
12475,Maeba,shendralar,192,hunter,beastmastery,6,2,4
12476,Erenjaeger,onyxia,192,hunter,beastmastery,6,2,4
12477,Stronkbeast,kazzak,192,hunter,beastmastery,6,2,4
12478,Azahunt,kazzak,192,hunter,beastmastery,6,2,4
12479,Bernhardoder,blackhand,192,hunter,beastmastery,6,2,4
12480,Kabá,eredar,192,hunter,beastmastery,6,2,4
12481,Penehuntos,eredar,192,hunter,beastmastery,6,2,4
12482,Thecorruptor,skullcrusher,192,hunter,beastmastery,6,2,4
12483,Wodhunterjr,ravencrest,192,hunter,beastmastery,6,2,4
12484,As,kazzak,192,hunter,beastmastery,6,2,4
12485,Pixxeel,khaz-modan,192,hunter,beastmastery,6,2,4
12486,Scatterinc,antonidas,192,hunter,beastmastery,6,2,4
12487,Pennymarks,blackhand,192,hunter,beastmastery,6,2,4
12488,Zulldek,sanguino,192,hunter,beastmastery,6,2,4
12489,Vorthrax,drakthul,192,hunter,beastmastery,6,2,4
12490,Ataxyjr,ravencrest,192,hunter,beastmastery,6,2,4
12491,Dogstrust,stormscale,192,hunter,beastmastery,6,2,4
12492,Eredark,zuljin,192,hunter,beastmastery,6,2,4
12493,Marryme,blackhand,192,hunter,beastmastery,6,2,4
12494,Deskö,shendralar,192,hunter,beastmastery,6,2,4
12495,Vör,drakthul,192,hunter,beastmastery,6,2,4
12496,Medûse,stormscale,192,hunter,beastmastery,6,2,4
12497,Sotu,stormscale,192,hunter,beastmastery,6,2,4
12498,Phantoprowl,stormscale,192,hunter,beastmastery,6,2,4
12499,Aughtism,turalyon,192,hunter,beastmastery,6,2,4
12500,Yakayoshi,kazzak,192,hunter,beastmastery,6,2,4
12501,Næ,kazzak,192,hunter,beastmastery,6,2,4
12502,Korrekt,stormscale,192,hunter,beastmastery,6,2,4
12503,Куджикс,soulflayer,192,hunter,beastmastery,19,4,15
12504,Waraëlle,dalaran,192,hunter,beastmastery,12,2,10
12505,Swallowbaby,lothar,192,hunter,beastmastery,12,2,10
12506,Calesthas,tarren-mill,192,hunter,beastmastery,12,2,10
12507,Кертион,howling-fjord,192,hunter,beastmastery,12,2,10
12508,Кронн,howling-fjord,192,hunter,beastmastery,12,2,10
12509,Örrn,ragnaros,192,hunter,beastmastery,12,2,10
12510,Elja,laughing-skull,192,hunter,beastmastery,12,2,10
12511,Psailaa,azjolnerub,192,hunter,beastmastery,12,2,10
12512,Tiguy,archimonde,192,hunter,beastmastery,12,2,10
12513,Krâven,ysondre,192,hunter,beastmastery,12,2,10
12514,Willýs,ysondre,192,hunter,beastmastery,12,2,10
12515,Biorson,silvermoon,192,hunter,beastmastery,12,2,10
12516,Pôîson,kazzak,192,hunter,beastmastery,12,2,10
12517,Corrwus,argent-dawn,192,hunter,beastmastery,12,2,10
12518,Talmïr,archimonde,192,hunter,beastmastery,12,2,10
12519,Hêndricks,eredar,192,hunter,beastmastery,12,2,10
12520,Schräubchen,antonidas,192,hunter,beastmastery,12,2,10
12521,Neuromancien,archimonde,192,hunter,beastmastery,12,2,10
12522,Slayman,kazzak,192,hunter,beastmastery,18,2,16
12523,Charlet,archimonde,191,hunter,beastmastery,6,2,4
12524,Сливочкии,goldrinn,191,hunter,beastmastery,6,2,4
12525,Uab,dun-morogh,191,hunter,beastmastery,6,2,4
12526,Traknard,confrérie-du-thorium,191,hunter,beastmastery,6,2,4
12527,Kizscamander,magtheridon,191,hunter,beastmastery,12,2,10
12528,Eilosh,outland,160,hunter,beastmastery,10,2,8
12529,Guna,aggra-português,159,hunter,beastmastery,5,2,3
12530,Rakmo,blackmoore,159,hunter,beastmastery,5,2,3
12531,Phinox,sanguino,159,hunter,beastmastery,11,2,9
12532,Åånei,twisting-nether,144,hunter,beastmastery,9,2,7
12533,Cazados,shendralar,138,hunter,beastmastery,10,4,6
12534,Enîgmatîke,archimonde,138,hunter,beastmastery,9,3,6
12535,Тауриэлль,soulflayer,138,hunter,beastmastery,9,3,6
12536,Belgorin,alexstrasza,136,hunter,beastmastery,10,4,6
12537,Deathøfrats,ravencrest,128,hunter,beastmastery,4,2,2
12538,Elnazar,archimonde,128,hunter,beastmastery,4,2,2
12539,Huntinger,twisting-nether,96,hunter,beastmastery,3,2,1
12540,Valiriz,blackmoore,96,hunter,beastmastery,6,1,5
12541,Vandathien,stormrage,96,hunter,beastmastery,6,1,5
12542,Dasmusdrückn,antonidas,96,hunter,beastmastery,6,1,5
12543,Imahuntard,frostmane,96,hunter,beastmastery,6,1,5
12544,Буреклык,gordunni,96,hunter,beastmastery,6,1,5
12545,Zergst,nathrezim,96,hunter,beastmastery,6,1,5
12546,Дочьпескова,gordunni,96,hunter,beastmastery,6,1,5
12547,Gramzy,blackmoore,96,hunter,beastmastery,6,1,5
12548,Bloodking,madmortem,96,hunter,beastmastery,6,1,5
12549,Crittix,kiljaeden,96,hunter,beastmastery,6,1,5
12550,Hechozar,kazzak,96,hunter,beastmastery,6,1,5
12551,Jägerjokke,blackrock,96,hunter,beastmastery,6,1,5
12552,Táráh,proudmoore,96,hunter,beastmastery,6,1,5
12553,Derhùnethàl,hyjal,96,hunter,beastmastery,6,1,5
12554,Jâyranger,ravencrest,96,hunter,beastmastery,6,1,5
12555,Ichbringbier,blackrock,96,hunter,beastmastery,6,1,5
12556,Jozsiur,ragnaros,96,hunter,beastmastery,6,1,5
12557,Oou,auchindoun,96,hunter,beastmastery,6,1,5
12558,Sokrám,sanguino,96,hunter,beastmastery,6,1,5
12559,Pjållistani,ravencrest,96,hunter,beastmastery,6,1,5
12560,Эннабонни,gordunni,96,hunter,beastmastery,6,1,5
12561,Weafster,outland,96,hunter,beastmastery,6,1,5
12562,Øô,blackrock,96,hunter,beastmastery,6,1,5
12563,Betarayjinx,kazzak,96,hunter,beastmastery,6,1,5
12564,Runescimmy,twisting-nether,96,hunter,beastmastery,6,1,5
12565,Darkray,dalaran,96,hunter,beastmastery,6,1,5
12566,Hairyplottér,kazzak,96,hunter,beastmastery,6,1,5
12567,Сочнаятурель,howling-fjord,96,hunter,beastmastery,6,1,5
12568,Nyght,ravencrest,96,hunter,beastmastery,6,1,5
12569,Gurkans,aggramar,96,hunter,beastmastery,6,1,5
12570,Anhyzer,nemesis,96,hunter,beastmastery,6,1,5
12571,Ventaric,pozzo-delleternità,96,hunter,beastmastery,6,1,5
12572,Nicoh,elune,96,hunter,beastmastery,6,1,5
12573,Traptard,blackrock,96,hunter,beastmastery,6,1,5
12574,Justchill,ravencrest,96,hunter,beastmastery,6,1,5
12575,Bloodpanter,ragnaros,96,hunter,beastmastery,6,1,5
12576,Ynfik,sinstralis,96,hunter,beastmastery,6,1,5
12577,Grigur,dalaran,96,hunter,beastmastery,6,1,5
12578,Hashaya,hyjal,96,hunter,beastmastery,6,1,5
12579,Круперок,howling-fjord,96,hunter,beastmastery,6,1,5
12580,Fizí,stormscale,96,hunter,beastmastery,6,1,5
12581,Itzcritch,tarren-mill,96,hunter,beastmastery,6,1,5
12582,Anun,magtheridon,96,hunter,beastmastery,6,1,5
12583,Bobletty,tarren-mill,96,hunter,beastmastery,6,1,5
12584,Steez,hyjal,96,hunter,beastmastery,6,1,5
12585,Bensoussan,archimonde,96,hunter,beastmastery,6,1,5
12586,Achiles,die-todeskrallen,96,hunter,beastmastery,6,1,5
12587,Trollohunt,twisting-nether,96,hunter,beastmastery,6,1,5
12588,Hÿyrøk,ysondre,96,hunter,beastmastery,6,1,5
12589,Exorbitant,blackrock,96,hunter,beastmastery,6,1,5
12590,Beastmaster,ragnaros,96,hunter,beastmastery,6,1,5
12591,Zurzok,blackrock,96,hunter,beastmastery,6,1,5
12592,Zugzlug,tarren-mill,96,hunter,beastmastery,6,1,5
12593,Huntarbeît,eredar,96,hunter,beastmastery,6,1,5
12594,Wórldz,dun-modr,96,hunter,beastmastery,6,1,5
12595,Bobtroll,twisting-nether,96,hunter,beastmastery,6,1,5
12596,Nomorex,frostwhisper,96,hunter,beastmastery,6,1,5
12597,Chambiann,tarren-mill,96,hunter,beastmastery,6,1,5
12598,Zogzøg,draenor,96,hunter,beastmastery,6,1,5
12599,Zulô,rexxar,96,hunter,beastmastery,6,1,5
12600,Hntudwn,azshara,96,hunter,beastmastery,6,1,5
12601,Tsyapka,tarren-mill,96,hunter,beastmastery,12,1,11
12602,Jamaro,dun-modr,96,hunter,beastmastery,12,1,11
12603,Críted,blackmoore,96,hunter,beastmastery,12,1,11
12604,Thóorin,ravencrest,96,hunter,beastmastery,12,1,11
12605,Сыньйорита,howling-fjord,96,hunter,beastmastery,12,1,11
12606,Milandria,antonidas,96,hunter,beastmastery,18,1,17
12607,Халфен,eversong,79,hunter,beastmastery,5,1,4
12608,Jaszczomp,magtheridon,64,hunter,beastmastery,4,1,3
12609,Youngjinh,ravencrest,64,hunter,beastmastery,4,1,3
12610,Yahamenistos,ysondre,64,hunter,beastmastery,4,1,3
12611,Focuslhunt,archimonde,63,hunter,beastmastery,2,2,0
12612,Illnysa,silvermoon,48,hunter,beastmastery,3,1,2
12613,Voldtzeig,dentarg,42,hunter,beastmastery,13,4,9
12614,Liscie,silvermoon,42,hunter,beastmastery,14,2,12
12615,Котюнечка,gordunni,31,hunter,beastmastery,2,1,1
12616,Ôrly,outland,31,hunter,beastmastery,2,1,1
12617,Tunhaa,arthas,16,hunter,beastmastery,1,1,0
12618,Random,sylvanas,16,hunter,beastmastery,1,1,0
12619,Gwaan,outland,9,hunter,beastmastery,6,2,4
12620,Aleç,ravencrest,1932,mage,arcane,60,31,29
12621,Choll,stormscale,1866,mage,arcane,30,20,10
12622,Нефростмаг,gordunni,1843,mage,arcane,138,73,65
12623,Wàneís,ravencrest,1843,mage,arcane,78,38,40
12624,Castorcato,kazzak,1841,mage,arcane,60,34,26
12625,Aleteia,stormscale,1829,mage,arcane,64,33,31
12626,Фоулли,howling-fjord,1794,mage,arcane,54,28,26
12627,Ephreaym,stormscale,1784,mage,arcane,65,30,35
12628,Bebenm,archimonde,1762,mage,arcane,105,47,58
12629,Obbjob,ravencrest,1748,mage,arcane,60,30,30
12630,Lemaroxd,draenor,1747,mage,arcane,53,29,24
12631,Derett,stormscale,1725,mage,arcane,48,22,26
12632,Raíku,ravencrest,1723,mage,arcane,30,18,12
12633,Tokerlol,stormscale,1722,mage,arcane,89,53,36
12634,Непутевыймаг,gordunni,1715,mage,arcane,24,23,1
12635,Mercem,stormscale,1711,mage,arcane,30,21,9
12636,Wracrz,argent-dawn,1704,mage,arcane,90,50,40
12637,Persi,dentarg,1702,mage,arcane,192,97,95
12638,Radagulf,outland,1691,mage,arcane,85,43,42
12639,Shirrunn,the-maelstrom,1687,mage,arcane,38,19,19
12640,Frostseeker,tarren-mill,1684,mage,arcane,30,18,12
12641,Dardíe,ravencrest,1681,mage,arcane,54,31,23
12642,Cubis,archimonde,1667,mage,arcane,42,19,23
12643,Fearbeäch,ravencrest,1666,mage,arcane,52,25,27
12644,Сизаам,howling-fjord,1665,mage,arcane,35,20,15
12645,Dárdie,ravencrest,1662,mage,arcane,40,21,19
12646,Sallesauruus,outland,1651,mage,arcane,54,26,28
12647,Covran,stormscale,1650,mage,arcane,65,29,36
12648,Шттрвблнкт,soulflayer,1644,mage,arcane,83,41,42
12649,Alustrasz,skullcrusher,1641,mage,arcane,88,49,39
12650,Magijoana,silvermoon,1629,mage,arcane,32,18,14
12651,Sérc,ravencrest,1626,mage,arcane,30,17,13
12652,Burstology,kazzak,1624,mage,arcane,66,35,31
12653,Orkamor,sylvanas,1622,mage,arcane,42,17,25
12654,Манкай,fordragon,1591,mage,arcane,147,82,65
12655,Belthesad,twisting-nether,1562,mage,arcane,28,19,9
12656,Ecovation,tarren-mill,1532,mage,arcane,80,40,40
12657,Absie,tarren-mill,1520,mage,arcane,54,35,19
12658,Poochmage,archimonde,1516,mage,arcane,66,31,35
12659,Ekron,sanguino,1508,mage,arcane,188,96,92
12660,Nakamura,outland,1486,mage,arcane,344,171,173
12661,Samirra,stormscale,1485,mage,arcane,60,32,28
12662,Waterhagx,tarren-mill,1462,mage,arcane,23,16,7
12663,Portal,scarshield-legion,1446,mage,arcane,48,27,21
12664,Ogarcanefist,outland,1424,mage,arcane,69,35,34
12665,Раканчик,gordunni,1406,mage,arcane,86,42,44
12666,Sukalamink,alonsus,1405,mage,arcane,48,22,26
12667,Trucy,eredar,1400,mage,arcane,150,72,78
12668,Манаманна,gordunni,1395,mage,arcane,251,129,122
12669,Lusionator,defias-brotherhood,1394,mage,arcane,54,31,23
12670,Jhawkwizard,draenor,1380,mage,arcane,133,69,64
12671,Barspin,lightnings-blade,1370,mage,arcane,90,48,42
12672,Másterdukè,silvermoon,1365,mage,arcane,36,15,21
12673,Ðøæø,twisting-nether,1346,mage,arcane,93,46,47
12674,Tnhigh,blackrock,1343,mage,arcane,57,31,26
12675,Проблембойх,gordunni,1343,mage,arcane,30,14,16
12676,Весиал,deathguard,1342,mage,arcane,48,28,20
12677,Elor,eredar,1331,mage,arcane,33,17,16
12678,Diper,burning-legion,1328,mage,arcane,36,15,21
12679,Nefrendel,kazzak,1299,mage,arcane,68,33,35
12680,Валбериса,deepholm,1298,mage,arcane,60,39,21
12681,Akâri,silvermoon,1293,mage,arcane,42,24,18
12682,Pradapimp,ravencrest,1286,mage,arcane,32,15,17
12683,Nimdáá,stormscale,1286,mage,arcane,54,24,30
12684,Sadrã,kazzak,1275,mage,arcane,51,22,29
12685,Magikere,tarren-mill,1273,mage,arcane,83,48,35
12686,Kazeen,silvermoon,1272,mage,arcane,64,38,26
12687,Tokyodes,twisting-nether,1262,mage,arcane,67,30,37
12688,Arkeus,turalyon,1260,mage,arcane,35,22,13
12689,Нормалмап,soulflayer,1243,mage,arcane,48,18,30
12690,Meolchum,outland,1237,mage,arcane,45,22,23
12691,Nïo,ravencrest,1236,mage,arcane,75,27,48
12692,Nécrømage,confrérie-du-thorium,1235,mage,arcane,18,13,5
12693,Léa,rashgarroth,1235,mage,arcane,48,21,27
12694,Scaleeth,kazzak,1233,mage,arcane,30,13,17
12695,Rezre,stormscale,1212,mage,arcane,54,28,26
12696,Venchimage,silvermoon,1200,mage,arcane,50,17,33
12697,Sszz,ravencrest,1197,mage,arcane,84,47,37
12698,Канеллис,howling-fjord,1197,mage,arcane,37,14,23
12699,Hruon,ravenholdt,1195,mage,arcane,30,14,16
12700,Xiaomofashi,quelthalas,1191,mage,arcane,102,50,52
12701,Ozdewish,hyjal,1183,mage,arcane,118,55,63
12702,Burnqq,twisting-nether,1167,mage,arcane,35,18,17
12703,Scaless,stormscale,1157,mage,arcane,52,19,33
12704,Demizboub,archimonde,1154,mage,arcane,168,85,83
12705,Tiqma,sylvanas,1151,mage,arcane,24,12,12
12706,Paradigma,sylvanas,1142,mage,arcane,24,12,12
12707,Mäalaka,archimonde,1122,mage,arcane,36,12,24
12708,Fôôxy,aegwynn,1104,mage,arcane,30,15,15
12709,Noarcane,twisting-nether,1087,mage,arcane,60,33,27
12710,Hardways,archimonde,1087,mage,arcane,135,57,78
12711,Gorn,ravencrest,1086,mage,arcane,24,14,10
12712,Sulteaxion,garrosh,1085,mage,arcane,24,12,12
12713,Nelfchewer,ravencrest,1068,mage,arcane,23,12,11
12714,Макотшельник,gordunni,1056,mage,arcane,12,11,1
12715,Медивера,gordunni,1056,mage,arcane,12,11,1
12716,Vxvfrowstxvx,jaedenar,1053,mage,arcane,18,11,7
12717,Roulettefar,kazzak,1038,mage,arcane,24,11,13
12718,Mylord,bronze-dragonflight,993,mage,arcane,53,21,32
12719,Iwannakissu,gorgonnash,992,mage,arcane,29,15,14
12720,Дантрий,gordunni,985,mage,arcane,30,16,14
12721,Рбгпотаскуха,gordunni,959,mage,arcane,12,10,2
12722,Banjó,twilights-hammer,959,mage,arcane,12,10,2
12723,Arcticfury,ravencrest,959,mage,arcane,18,10,8
12724,Fadi,anachronos,959,mage,arcane,18,10,8
12725,Krykz,sanguino,955,mage,arcane,24,10,14
12726,Иссэя,borean-tundra,954,mage,arcane,37,21,16
12727,Plor,exodar,940,mage,arcane,20,11,9
12728,Zezt,tarren-mill,939,mage,arcane,30,10,20
12729,Frostdeath,medivh,906,mage,arcane,24,10,14
12730,Mannenye,stormscale,899,mage,arcane,30,11,19
12731,Исусина,borean-tundra,877,mage,arcane,23,11,12
12732,Вадимодесса,soulflayer,877,mage,arcane,61,28,33
12733,Fuhry,tarren-mill,864,mage,arcane,12,9,3
12734,Puni,emerald-dream,864,mage,arcane,12,9,3
12735,Gnarrly,tarren-mill,863,mage,arcane,15,9,6
12736,Bullegong,archimonde,863,mage,arcane,18,9,9
12737,Nvpk,blackrock,863,mage,arcane,24,9,15
12738,Azuredragon,tarren-mill,861,mage,arcane,18,9,9
12739,Дырявка,galakrond,859,mage,arcane,24,9,15
12740,Kobrass,spinebreaker,855,mage,arcane,30,9,21
12741,Merlïne,les-clairvoyants,838,mage,arcane,54,22,32
12742,Roughfked,silvermoon,835,mage,arcane,29,13,16
12743,Diaflash,silvermoon,809,mage,arcane,30,12,18
12744,Mageé,argent-dawn,807,mage,arcane,23,9,14
12745,Zimbabweborc,burning-legion,768,mage,arcane,12,8,4
12746,Яшабурстх,blackscar,768,mage,arcane,18,8,10
12747,Даанрен,galakrond,767,mage,arcane,18,8,10
12748,Zehnvonzehn,antonidas,767,mage,arcane,18,8,10
12749,Sapien,sanguino,766,mage,arcane,22,9,13
12750,Aeghis,darkspear,765,mage,arcane,18,8,10
12751,Angélique,ragnaros,763,mage,arcane,24,8,16
12752,Ímnotback,outland,718,mage,arcane,23,8,15
12753,Freshforces,ragnaros,703,mage,arcane,22,8,14
12754,Doryy,silvermoon,672,mage,arcane,12,7,5
12755,Jengele,argent-dawn,672,mage,arcane,12,7,5
12756,Wanrltw,ragnaros,672,mage,arcane,12,7,5
12757,Pizwiz,kazzak,672,mage,arcane,16,8,8
12758,Antaos,drakthul,671,mage,arcane,12,7,5
12759,Nötmârtònxø,ragnaros,671,mage,arcane,12,7,5
12760,Thorstäin,ragnaros,670,mage,arcane,18,7,11
12761,Кронни,razuvious,662,mage,arcane,17,7,10
12762,Зухвала,howling-fjord,655,mage,arcane,29,8,21
12763,Brugg,antonidas,651,mage,arcane,18,7,11
12764,Димаскунфу,howling-fjord,640,mage,arcane,22,7,15
12765,Uknowhowwedu,blackrock,576,mage,arcane,6,6,0
12766,Pyllymake,kazzak,576,mage,arcane,12,6,6
12767,Tarovan,defias-brotherhood,575,mage,arcane,12,6,6
12768,Карраско,soulflayer,575,mage,arcane,12,6,6
12769,Aod,chogall,575,mage,arcane,12,6,6
12770,Spicymash,chogall,575,mage,arcane,12,6,6
12771,Sticlachivas,stormscale,575,mage,arcane,18,6,12
12772,Окости,howling-fjord,574,mage,arcane,12,6,6
12773,Sarjeta,grim-batol,572,mage,arcane,18,6,12
12774,Сморгонец,gordunni,571,mage,arcane,12,6,6
12775,Aletheía,stormscale,480,mage,arcane,6,5,1
12776,Rmnzr,blackrock,480,mage,arcane,6,5,1
12777,Tamtheone,frostwhisper,480,mage,arcane,6,5,1
12778,Alarak,drakthul,480,mage,arcane,12,5,7
12779,Pwntt,terenas,480,mage,arcane,12,5,7
12780,Seraf,argent-dawn,480,mage,arcane,12,5,7
12781,Barryscótt,stormscale,480,mage,arcane,12,5,7
12782,Astrryy,burning-legion,480,mage,arcane,12,5,7
12783,Magevnr,hyjal,480,mage,arcane,12,5,7
12784,Vaerén,malganis,480,mage,arcane,12,5,7
12785,Soulraider,tarren-mill,480,mage,arcane,12,5,7
12786,Ледянойкекс,gordunni,480,mage,arcane,18,5,13
12787,Mðj,kazzak,480,mage,arcane,18,5,13
12788,Ewina,twisting-nether,479,mage,arcane,6,5,1
12789,Winterblues,frostmourne,479,mage,arcane,12,5,7
12790,Mortlol,chamber-of-aspects,479,mage,arcane,12,5,7
12791,Папущенный,soulflayer,458,mage,arcane,20,7,13
12792,Estelliên,burning-legion,432,mage,arcane,9,5,4
12793,Yunox,stormscale,384,mage,arcane,6,4,2
12794,Letsa,stormscale,384,mage,arcane,6,4,2
12795,Apollohouse,ravencrest,384,mage,arcane,6,4,2
12796,Adetin,tarren-mill,384,mage,arcane,6,4,2
12797,Бигдикмаг,soulflayer,384,mage,arcane,6,4,2
12798,Pyroden,stormscale,384,mage,arcane,6,4,2
12799,Mysticbeard,argent-dawn,384,mage,arcane,6,4,2
12800,Hexmath,tarren-mill,384,mage,arcane,6,4,2
12801,Rizzlybear,outland,384,mage,arcane,6,4,2
12802,Мглавечная,azuregos,384,mage,arcane,6,4,2
12803,Mupana,nagrand,384,mage,arcane,12,4,8
12804,Magiwan,silvermoon,384,mage,arcane,12,4,8
12805,Zoot,ravencrest,384,mage,arcane,12,4,8
12806,Uskomaaginen,ravencrest,384,mage,arcane,12,4,8
12807,Cysbb,arathi,384,mage,arcane,12,4,8
12808,Uní,emerald-dream,384,mage,arcane,12,4,8
12809,Boogeyone,drakthul,384,mage,arcane,12,4,8
12810,Säga,the-venture-co,384,mage,arcane,18,4,14
12811,Mikaelà,blackmoore,383,mage,arcane,6,4,2
12812,Némmesis,zuljin,378,mage,arcane,12,4,8
12813,Bigshape,frostwolf,351,mage,arcane,11,4,7
12814,Nelluc,turalyon,319,mage,arcane,8,4,4
12815,Roxolani,defias-brotherhood,303,mage,arcane,14,4,10
12816,Astroknight,silvermoon,288,mage,arcane,6,3,3
12817,Gagaj,ravencrest,288,mage,arcane,6,3,3
12818,Choise,stormscale,288,mage,arcane,6,3,3
12819,Ovrpwrdxd,kazzak,288,mage,arcane,6,3,3
12820,Hachiro,onyxia,288,mage,arcane,6,3,3
12821,Onlymage,outland,288,mage,arcane,6,3,3
12822,Dcolon,tarren-mill,288,mage,arcane,6,3,3
12823,Råståfåri,uldum,288,mage,arcane,6,3,3
12824,Bmbiscuit,ravencrest,288,mage,arcane,6,3,3
12825,Deadtedd,twisting-nether,288,mage,arcane,6,3,3
12826,Brokenlegman,defias-brotherhood,288,mage,arcane,6,3,3
12827,Kyrn,zuljin,288,mage,arcane,6,3,3
12828,Radiantfury,outland,288,mage,arcane,6,3,3
12829,Khoshgele,draenor,288,mage,arcane,6,3,3
12830,Euphorie,twisting-nether,288,mage,arcane,6,3,3
12831,Æskalatîøn,blackmoore,288,mage,arcane,6,3,3
12832,Auchenax,argent-dawn,288,mage,arcane,6,3,3
12833,Aristarco,outland,288,mage,arcane,6,3,3
12834,Serctheone,ravencrest,288,mage,arcane,9,4,5
12835,Хблэйз,howling-fjord,288,mage,arcane,12,3,9
12836,Kudakto,ravencrest,288,mage,arcane,12,3,9
12837,Arcadua,sanguino,287,mage,arcane,6,3,3
12838,Burnem,kult-der-verdammten,287,mage,arcane,6,3,3
12839,Магборода,soulflayer,287,mage,arcane,6,3,3
12840,Malshash,outland,287,mage,arcane,6,3,3
12841,Neséri,blackmoore,287,mage,arcane,10,3,7
12842,Kasus,sporeggar,286,mage,arcane,6,3,3
12843,Sparrowixx,turalyon,254,mage,arcane,8,4,4
12844,Naween,hyjal,239,mage,arcane,5,3,2
12845,Kuhwar,echsenkessel,192,mage,arcane,6,2,4
12846,Teeclis,twisting-nether,192,mage,arcane,6,2,4
12847,Noxkin,stormscale,192,mage,arcane,6,2,4
12848,Kjh,twisting-nether,192,mage,arcane,6,2,4
12849,Ãshs,archimonde,192,mage,arcane,6,2,4
12850,Drinte,blackmoore,192,mage,arcane,6,2,4
12851,Миднаит,gordunni,192,mage,arcane,6,2,4
12852,Галадриелька,gordunni,192,mage,arcane,6,2,4
12853,Phyzed,archimonde,192,mage,arcane,6,2,4
12854,Леракобольд,gordunni,192,mage,arcane,6,2,4
12855,Azoru,twisting-nether,192,mage,arcane,6,2,4
12856,Superduck,ragnaros,192,mage,arcane,6,2,4
12857,Зерагуд,eversong,192,mage,arcane,6,2,4
12858,Rommelo,ravencrest,192,mage,arcane,6,2,4
12859,Линклер,fordragon,192,mage,arcane,6,2,4
12860,Kold,stormscale,192,mage,arcane,6,2,4
12861,Arimila,sylvanas,192,mage,arcane,6,2,4
12862,Ryûblast,archimonde,192,mage,arcane,6,2,4
12863,Imbatto,quelthalas,192,mage,arcane,6,2,4
12864,Shockólot,outland,192,mage,arcane,6,2,4
12865,Shiranize,aegwynn,192,mage,arcane,6,2,4
12866,Nerzzhul,burning-legion,192,mage,arcane,6,2,4
12867,Naomypayton,tarren-mill,192,mage,arcane,6,2,4
12868,Schøkø,eredar,192,mage,arcane,6,2,4
12869,Versachi,neptulon,192,mage,arcane,6,2,4
12870,Sheeptowin,thrall,192,mage,arcane,6,2,4
12871,Baravar,blackrock,192,mage,arcane,6,2,4
12872,Kbd,outland,192,mage,arcane,6,2,4
12873,Æones,kult-der-verdammten,192,mage,arcane,12,2,10
12874,Smlx,outland,192,mage,arcane,12,2,10
12875,Magse,kirin-tor,191,mage,arcane,6,2,4
12876,Icx,tarren-mill,191,mage,arcane,6,2,4
12877,Veveroiu,defias-brotherhood,191,mage,arcane,6,2,4
12878,Roslinda,outland,191,mage,arcane,6,2,4
12879,Anderl,kirin-tor,191,mage,arcane,12,2,10
12880,Jamzymage,emerald-dream,96,mage,arcane,3,2,1
12881,Moosemæn,stormscale,96,mage,arcane,6,1,5
12882,Nohbrain,blackmoore,96,mage,arcane,6,1,5
12883,Azakadabra,ysondre,96,mage,arcane,6,1,5
12884,Старкскрим,gordunni,96,mage,arcane,6,1,5
12885,Thelastmage,outland,96,mage,arcane,6,1,5
12886,Yungbambix,twisting-nether,96,mage,arcane,6,1,5
12887,Sorrow,outland,96,mage,arcane,6,1,5
12888,Мерац,howling-fjord,96,mage,arcane,6,1,5
12889,Zerøsílgødx,antonidas,96,mage,arcane,6,1,5
12890,Animaze,argent-dawn,96,mage,arcane,6,1,5
12891,Døomey,ravencrest,96,mage,arcane,6,1,5
12892,Hólmess,silvermoon,96,mage,arcane,6,1,5
12893,Souldemon,burning-legion,96,mage,arcane,6,1,5
12894,Sidildur,ravencrest,96,mage,arcane,6,1,5
12895,Buttet,blackmoore,96,mage,arcane,12,1,11
12896,Magicpowers,silvermoon,96,mage,arcane,12,1,11
12897,Манднесс,azuregos,79,mage,arcane,11,1,10
12898,Slôw,kazzak,2085,mage,fire,53,35,18
12899,Gelußaßa,ravencrest,2076,mage,fire,77,42,35
12900,Twizzkek,silvermoon,2066,mage,fire,106,53,53
12901,Håtsu,ravencrest,2060,mage,fire,78,39,39
12902,Ráìkù,ravencrest,2021,mage,fire,60,32,28
12903,Диссоциация,greymane,1976,mage,fire,65,39,26
12904,Реордиан,gordunni,1975,mage,fire,86,38,48
12905,Рофкастер,gordunni,1929,mage,fire,113,53,60
12906,Tommy,laughing-skull,1928,mage,fire,60,34,26
12907,Rizzlybear,outland,1918,mage,fire,75,35,40
12908,Laynerz,kazzak,1917,mage,fire,27,21,6
12909,Milkenjoyer,ravencrest,1906,mage,fire,47,30,17
12910,Mssilvy,sylvanas,1901,mage,fire,216,118,98
12911,Шипми,gordunni,1893,mage,fire,90,46,44
12912,Hatsu,kazzak,1884,mage,fire,60,32,28
12913,Ygø,hyjal,1884,mage,fire,150,75,75
12914,Uknowhowwedu,aegwynn,1879,mage,fire,36,20,16
12915,Altraftw,archimonde,1871,mage,fire,77,52,25
12916,Яшабурстх,blackscar,1870,mage,fire,107,53,54
12917,Smlx,outland,1860,mage,fire,60,35,25
12918,Hey,khazgoroth,1857,mage,fire,54,35,19
12919,Uniquenoodle,alakir,1857,mage,fire,72,34,38
12920,Frøstqt,ravencrest,1851,mage,fire,65,30,35
12921,Cörnflekz,stormscale,1850,mage,fire,44,28,16
12922,Dardie,ravencrest,1849,mage,fire,48,30,18
12923,Hazewrld,ravencrest,1848,mage,fire,132,62,70
12924,Lotharie,aegwynn,1847,mage,fire,36,23,13
12925,Spelltastíc,blackmoore,1844,mage,fire,54,34,20
12926,Isenhour,frostmane,1843,mage,fire,168,86,82
12927,Dazz,ravencrest,1841,mage,fire,60,30,30
12928,Libre,stormscale,1837,mage,fire,118,70,48
12929,Wàneís,ravencrest,1831,mage,fire,40,25,15
12930,Archíques,kazzak,1831,mage,fire,46,24,22
12931,Zzpf,silvermoon,1831,mage,fire,72,37,35
12932,Wizzárd,ravencrest,1830,mage,fire,42,23,19
12933,Твейзи,blackscar,1823,mage,fire,40,24,16
12934,Evohz,stormscale,1822,mage,fire,66,33,33
12935,Nøw,kazzak,1816,mage,fire,48,29,19
12936,Elmaestró,aegwynn,1815,mage,fire,48,30,18
12937,Bigkent,stormscale,1814,mage,fire,62,27,35
12938,Jíncks,draenor,1812,mage,fire,30,19,11
12939,Nihilvm,dalaran,1812,mage,fire,46,26,20
12940,Jirt,stormscale,1809,mage,fire,59,35,24
12941,Cienaños,outland,1807,mage,fire,102,59,43
12942,Divey,draenor,1805,mage,fire,304,166,138
12943,Urkela,sylvanas,1804,mage,fire,72,40,32
12944,Medivqt,ragnaros,1792,mage,fire,42,33,9
12945,Djflashz,archimonde,1779,mage,fire,46,24,22
12946,Nøw,ravencrest,1779,mage,fire,69,35,34
12947,Reyown,archimonde,1777,mage,fire,54,40,14
12948,Ókamí,ravencrest,1776,mage,fire,115,59,56
12949,Ширм,blackscar,1774,mage,fire,42,22,20
12950,Dxdxdxdxdx,drakthul,1772,mage,fire,54,32,22
12951,Ðevlqt,blackmoore,1771,mage,fire,48,30,18
12952,Thegoodoctor,kazzak,1762,mage,fire,138,67,71
12953,Hólmess,silvermoon,1761,mage,fire,96,46,50
12954,Choll,stormscale,1760,mage,fire,54,29,25
12955,Sanjoop,tarren-mill,1756,mage,fire,48,25,23
12956,Dizzy,ahnqiraj,1751,mage,fire,78,35,43
12957,Frozentwink,kul-tiras,1749,mage,fire,58,29,29
12958,Naps,argent-dawn,1742,mage,fire,92,57,35
12959,Гекомория,fordragon,1736,mage,fire,65,26,39
12960,Достижений,soulflayer,1733,mage,fire,66,30,36
12961,Excuséme,ravencrest,1732,mage,fire,35,20,15
12962,Asterixus,sylvanas,1728,mage,fire,72,44,28
12963,Cesi,silvermoon,1728,mage,fire,60,26,34
12964,Siérra,outland,1708,mage,fire,119,70,49
12965,Rekzaop,ravencrest,1700,mage,fire,28,19,9
12966,Czd,outland,1695,mage,fire,71,29,42
12967,Underscore,outland,1689,mage,fire,47,26,21
12968,Fuego,sylvanas,1689,mage,fire,79,43,36
12969,Auchenax,argent-dawn,1686,mage,fire,40,25,15
12970,Jumpfanqt,stormscale,1685,mage,fire,30,23,7
12971,Авгурей,howling-fjord,1681,mage,fire,124,60,64
12972,Aryasa,silvermoon,1676,mage,fire,30,18,12
12973,Spelltastìc,blackmoore,1675,mage,fire,36,18,18
12974,Аквамэрис,gordunni,1658,mage,fire,36,21,15
12975,Skylezy,blackrock,1654,mage,fire,35,18,17
12976,Magethings,kazzak,1649,mage,fire,72,40,32
12977,Tiáno,drakthul,1649,mage,fire,54,22,32
12978,Isildurone,ragnaros,1648,mage,fire,44,24,20
12979,Файрус,soulflayer,1647,mage,fire,36,18,18
12980,Itrius,tarren-mill,1647,mage,fire,54,26,28
12981,Quentin,grim-batol,1646,mage,fire,62,33,29
12982,Elldiamage,draenor,1639,mage,fire,41,23,18
12983,Petar,tarren-mill,1638,mage,fire,97,52,45
12984,Magenerfed,archimonde,1637,mage,fire,42,21,21
12985,Magão,frostmane,1636,mage,fire,36,20,16
12986,Nùts,archimonde,1636,mage,fire,42,20,22
12987,Прауз,soulflayer,1633,mage,fire,39,20,19
12988,Witak,ysondre,1632,mage,fire,72,37,35
12989,Dantiqa,ravencrest,1632,mage,fire,244,125,119
12990,Mikefires,blackrock,1630,mage,fire,32,21,11
12991,Fuhrem,blackrock,1630,mage,fire,36,23,13
12992,Ayken,burning-legion,1628,mage,fire,42,26,16
12993,Råståfåri,uldum,1627,mage,fire,87,47,40
12994,Ênizt,archimonde,1626,mage,fire,52,31,21
12995,Roxxis,kazzak,1625,mage,fire,30,17,13
12996,Radiantfury,outland,1623,mage,fire,82,38,44
12997,Skrex,blackrock,1621,mage,fire,168,91,77
12998,Evovar,silvermoon,1621,mage,fire,40,18,22
12999,Macheat,kazzak,1619,mage,fire,48,25,23
13000,Lilblinks,silvermoon,1616,mage,fire,126,67,59
13001,Hooksclay,archimonde,1614,mage,fire,42,22,20
13002,Síckmode,khadgar,1612,mage,fire,24,17,7
13003,Enandia,darksorrow,1608,mage,fire,92,48,44
13004,Insaneex,aegwynn,1607,mage,fire,36,20,16
13005,Obbjob,ravencrest,1607,mage,fire,108,54,54
13006,Sheepmeepbip,ravencrest,1604,mage,fire,87,37,50
13007,Whats,korgall,1602,mage,fire,112,61,51
13008,Айслэнц,howling-fjord,1602,mage,fire,42,21,21
13009,Doonii,ragnaros,1596,mage,fire,47,20,27
13010,Âcryz,blackrock,1594,mage,fire,36,17,19
13011,Consquens,aszune,1591,mage,fire,36,21,15
13012,Texmexguden,tarren-mill,1583,mage,fire,54,28,26
13013,Zíru,outland,1572,mage,fire,63,32,31
13014,Stoychav,outland,1572,mage,fire,84,42,42
13015,Hardtimes,blackhand,1556,mage,fire,74,38,36
13016,Camiina,shattered-hand,1554,mage,fire,113,62,51
13017,Babidi,nemesis,1544,mage,fire,42,23,19
13018,Игрдлпдров,gordunni,1544,mage,fire,150,81,69
13019,Triplesevenx,silvermoon,1544,mage,fire,144,76,68
13020,Вовзон,howling-fjord,1540,mage,fire,35,19,16
13021,Gagaj,ravencrest,1534,mage,fire,42,20,22
13022,Calientay,ragnaros,1533,mage,fire,42,21,21
13023,Anthrex,drakthul,1528,mage,fire,48,21,27
13024,Фоулли,howling-fjord,1526,mage,fire,30,16,14
13025,Prácticemàge,archimonde,1524,mage,fire,24,16,8
13026,Hexmath,tarren-mill,1518,mage,fire,53,30,23
13027,Htwhy,kazzak,1518,mage,fire,72,35,37
13028,Hil,blackrock,1516,mage,fire,30,19,11
13029,Glïder,archimonde,1516,mage,fire,42,20,22
13030,Экзорсус,goldrinn,1504,mage,fire,146,73,73
13031,Carinuz,blackmoore,1503,mage,fire,49,22,27
13032,Terlon,ragnaros,1493,mage,fire,42,24,18
13033,Cheerió,aggramar,1493,mage,fire,52,27,25
13034,Firedeáth,kazzak,1489,mage,fire,46,24,22
13035,Ghalanz,ravencrest,1482,mage,fire,107,53,54
13036,Insanewizard,kazzak,1480,mage,fire,59,30,29
13037,Thughunterqt,silvermoon,1470,mage,fire,153,77,76
13038,Двинск,soulflayer,1469,mage,fire,42,16,26
13039,Aimaniac,stormscale,1461,mage,fire,137,75,62
13040,Aikamie,draenor,1456,mage,fire,77,40,37
13041,Дрраго,greymane,1449,mage,fire,112,58,54
13042,Caesarclown,silvermoon,1447,mage,fire,123,74,49
13043,Yshax,malganis,1446,mage,fire,67,26,41
13044,Secretagent,aegwynn,1439,mage,fire,66,37,29
13045,Mäalaka,archimonde,1439,mage,fire,54,29,25
13046,Shahnoza,thrall,1428,mage,fire,24,15,9
13047,Neird,sinstralis,1428,mage,fire,72,38,34
13048,Гнилоглазка,howling-fjord,1427,mage,fire,71,36,35
13049,Plætinum,ravencrest,1427,mage,fire,110,55,55
13050,Колдрагос,gordunni,1426,mage,fire,60,27,33
13051,Fireblood,runetotem,1426,mage,fire,36,15,21
13052,Shizzy,onyxia,1423,mage,fire,57,30,27
13053,Chucknoir,draenor,1420,mage,fire,30,16,14
13054,Rayniß,blackmoore,1419,mage,fire,72,34,38
13055,Robowhoore,silvermoon,1416,mage,fire,30,16,14
13056,Аквамелис,gordunni,1416,mage,fire,36,15,21
13057,Lokilus,dalaran,1413,mage,fire,48,27,21
13058,Baxeraa,draenor,1410,mage,fire,49,28,21
13059,Symera,dun-modr,1407,mage,fire,30,15,15
13060,Kappotjeplif,ravencrest,1404,mage,fire,114,60,54
13061,Mieria,argent-dawn,1404,mage,fire,42,20,22
13062,Intz,twisting-nether,1397,mage,fire,39,16,23
13063,Apócalyptic,tarren-mill,1393,mage,fire,141,70,71
13064,Razrkh,ragnaros,1391,mage,fire,66,34,32
13065,Ледянойкекс,gordunni,1390,mage,fire,52,26,26
13066,Mëgu,silvermoon,1385,mage,fire,257,133,124
13067,Рифтиг,howling-fjord,1384,mage,fire,65,30,35
13068,Gnomag,argent-dawn,1378,mage,fire,95,45,50
13069,Линклер,fordragon,1374,mage,fire,24,15,9
13070,Bloodycast,archimonde,1370,mage,fire,46,19,27
13071,Atixx,aegwynn,1369,mage,fire,48,20,28
13072,Vzrmage,antonidas,1366,mage,fire,126,54,72
13073,Zensheep,silvermoon,1364,mage,fire,30,15,15
13074,Bonto,tarren-mill,1364,mage,fire,48,23,25
13075,Töframaður,draenor,1362,mage,fire,34,21,13
13076,Noviina,argent-dawn,1360,mage,fire,43,24,19
13077,Tiltedpapi,ravencrest,1348,mage,fire,47,20,27
13078,Bclaudiu,terokkar,1347,mage,fire,44,21,23
13079,Pisini,tarren-mill,1342,mage,fire,30,14,16
13080,Zestrax,kazzak,1339,mage,fire,42,29,13
13081,Feuererdnuss,blackhand,1338,mage,fire,42,24,18
13082,Mauvé,blades-edge,1338,mage,fire,59,33,26
13083,Нереварин,soulflayer,1338,mage,fire,27,15,12
13084,Gaárá,stormscale,1338,mage,fire,126,54,72
13085,Aulny,kaelthas,1338,mage,fire,52,22,30
13086,Reqwyz,ragnaros,1337,mage,fire,32,16,16
13087,Wenndrid,draenor,1336,mage,fire,88,47,41
13088,Мозифорест,gordunni,1336,mage,fire,42,15,27
13089,Mons,the-venture-co,1333,mage,fire,60,27,33
13090,Sukalamink,alonsus,1328,mage,fire,42,22,20
13091,Rewq,twisting-nether,1326,mage,fire,24,14,10
13092,Magicalmig,draenor,1323,mage,fire,126,75,51
13093,Utarii,deathwing,1323,mage,fire,24,14,10
13094,Darríck,argent-dawn,1323,mage,fire,41,16,25
13095,Vulcanô,sanguino,1323,mage,fire,36,14,22
13096,Aronnax,ravencrest,1319,mage,fire,34,15,19
13097,Goomba,tarren-mill,1319,mage,fire,49,15,34
13098,Momomagic,silvermoon,1318,mage,fire,64,31,33
13099,Zéngã,kazzak,1318,mage,fire,43,19,24
13100,Stylaaz,twisting-nether,1317,mage,fire,35,18,17
13101,Деозар,eversong,1317,mage,fire,150,71,79
13102,Imtrynasheep,kazzak,1311,mage,fire,24,14,10
13103,Gerdâ,chants-éternels,1305,mage,fire,71,38,33
13104,Liendri,aegwynn,1305,mage,fire,30,14,16
13105,Skarxaa,sanguino,1305,mage,fire,66,29,37
13106,Fiveboyjr,tarren-mill,1302,mage,fire,54,29,25
13107,Bobbasor,defias-brotherhood,1299,mage,fire,45,21,24
13108,Аваон,deathguard,1289,mage,fire,136,67,69
13109,Эстерленс,gordunni,1285,mage,fire,40,26,14
13110,Быкуня,gordunni,1276,mage,fire,36,20,16
13111,Magmarro,burning-legion,1276,mage,fire,83,40,43
13112,Dóncójones,blackrock,1276,mage,fire,77,37,40
13113,Tûttifrutti,ravencrest,1274,mage,fire,36,14,22
13114,Cyrîll,malygos,1263,mage,fire,133,75,58
13115,Nocturnes,sylvanas,1262,mage,fire,31,14,17
13116,Cinoox,blackrock,1259,mage,fire,78,41,37
13117,Varenca,blackrock,1256,mage,fire,75,35,40
13118,Manvo,bloodscalp,1252,mage,fire,60,29,31
13119,Wizmec,silvermoon,1248,mage,fire,102,47,55
13120,Фрозитв,blackscar,1247,mage,fire,18,13,5
13121,Møøk,magtheridon,1246,mage,fire,18,13,5
13122,Lemaroxd,draenor,1246,mage,fire,27,14,13
13123,Fingolfin,amanthul,1246,mage,fire,237,111,126
13124,Arcticfury,ravencrest,1245,mage,fire,18,13,5
13125,Larmp,outland,1245,mage,fire,24,13,11
13126,Yanir,die-arguswacht,1245,mage,fire,24,13,11
13127,Johnnydeepp,archimonde,1244,mage,fire,18,13,5
13128,Haxyo,twisting-nether,1244,mage,fire,18,13,5
13129,Pyrobomb,sylvanas,1242,mage,fire,24,13,11
13130,Quiwi,dun-modr,1241,mage,fire,27,18,9
13131,Pandathis,frostwolf,1233,mage,fire,18,13,5
13132,Elcølgaø,sanguino,1233,mage,fire,30,13,17
13133,Вселениум,razuvious,1232,mage,fire,63,32,31
13134,Смилер,gordunni,1231,mage,fire,24,13,11
13135,Tokerlol,stormscale,1231,mage,fire,27,13,14
13136,Faunas,kazzak,1230,mage,fire,46,27,19
13137,Elesios,blackmoore,1230,mage,fire,30,13,17
13138,Estelliên,burning-legion,1229,mage,fire,30,13,17
13139,Warwizz,sanguino,1226,mage,fire,24,13,11
13140,Anshara,stormscale,1224,mage,fire,60,37,23
13141,Pewwpewwpeww,doomhammer,1224,mage,fire,41,16,25
13142,Ryzea,ravencrest,1223,mage,fire,53,23,30
13143,Calegos,twisting-nether,1219,mage,fire,24,13,11
13144,Ràyden,khaz-modan,1219,mage,fire,36,18,18
13145,Nuvx,ravencrest,1212,mage,fire,72,39,33
13146,Maggresive,sylvanas,1207,mage,fire,30,13,17
13147,Romethito,dun-modr,1203,mage,fire,24,17,7
13148,Immortanjoe,thrall,1203,mage,fire,54,24,30
13149,Fenrirson,drakthul,1198,mage,fire,79,40,39
13150,Wîtchcurse,dentarg,1197,mage,fire,36,15,21
13151,Rictue,silvermoon,1195,mage,fire,31,16,15
13152,Freeyourmind,kazzak,1194,mage,fire,44,19,25
13153,Critr,sylvanas,1188,mage,fire,128,66,62
13154,Dobbite,archimonde,1178,mage,fire,30,21,9
13155,Athenå,dalaran,1176,mage,fire,48,21,27
13156,Blitzo,madmortem,1174,mage,fire,53,29,24
13157,Slashkiiss,archimonde,1162,mage,fire,42,22,20
13158,Nilitar,kazzak,1152,mage,fire,24,12,12
13159,Whócárés,dragonmaw,1151,mage,fire,18,12,6
13160,Kaki,stormscale,1150,mage,fire,30,16,14
13161,Azulêera,archimonde,1149,mage,fire,24,12,12
13162,Wizarð,archimonde,1149,mage,fire,28,13,15
13163,Emoden,silvermoon,1147,mage,fire,24,12,12
13164,Demensida,ravencrest,1145,mage,fire,28,13,15
13165,Büyübaba,twisting-nether,1145,mage,fire,30,12,18
13166,Avakadaver,draenor,1143,mage,fire,24,12,12
13167,Revanov,outland,1142,mage,fire,18,12,6
13168,Røvso,ragnaros,1141,mage,fire,30,12,18
13169,Themagicguy,silvermoon,1140,mage,fire,24,12,12
13170,Skitsó,shadowsong,1139,mage,fire,48,29,19
13171,Sylvîe,tarren-mill,1139,mage,fire,24,12,12
13172,Eddiee,outland,1137,mage,fire,24,12,12
13173,Fäust,drakthul,1136,mage,fire,52,16,36
13174,Rockyballboa,silvermoon,1135,mage,fire,24,12,12
13175,Ziscine,tarren-mill,1134,mage,fire,24,12,12
13176,Frostytutes,ragnaros,1128,mage,fire,24,12,12
13177,Lybazinga,frostmane,1118,mage,fire,37,16,21
13178,Дмблдр,soulflayer,1116,mage,fire,33,14,19
13179,Fritmckhaine,archimonde,1114,mage,fire,48,27,21
13180,Rapidfrost,drakthul,1104,mage,fire,34,21,13
13181,Nezousta,sinstralis,1094,mage,fire,24,12,12
13182,Gorleg,draenor,1072,mage,fire,47,17,30
13183,Worstlove,blackrock,1070,mage,fire,38,19,19
13184,Newtwo,ravencrest,1070,mage,fire,25,12,13
13185,Icx,tarren-mill,1062,mage,fire,102,54,48
13186,Mowns,ravencrest,1056,mage,fire,24,11,13
13187,Uknowhowwedu,blackrock,1056,mage,fire,24,11,13
13188,Твейдей,blackscar,1056,mage,fire,24,11,13
13189,Sleepingfate,stormscale,1055,mage,fire,18,11,7
13190,Cornfloax,ravencrest,1055,mage,fire,18,11,7
13191,Anisovsky,archimonde,1055,mage,fire,24,11,13
13192,Magnobi,sanguino,1054,mage,fire,18,11,7
13193,Laetitiah,archimonde,1042,mage,fire,26,11,15
13194,Mikaelà,blackmoore,1040,mage,fire,18,11,7
13195,Larah,les-clairvoyants,1038,mage,fire,18,11,7
13196,Джеззабэль,ashenvale,1036,mage,fire,18,11,7
13197,Dyx,nemesis,1035,mage,fire,77,36,41
13198,Hahahehe,aegwynn,1033,mage,fire,24,11,13
13199,Searchy,blackhand,1027,mage,fire,21,12,9
13200,Freezeballs,blackmoore,1017,mage,fire,37,12,25
13201,Pablø,blackrock,1014,mage,fire,31,15,16
13202,Drunkpunk,kazzak,974,mage,fire,18,11,7
13203,Sukmikok,twisting-nether,960,mage,fire,12,10,2
13204,Drè,daggerspine,959,mage,fire,18,10,8
13205,Zivac,kazzak,959,mage,fire,18,10,8
13206,Magijoana,silvermoon,959,mage,fire,36,10,26
13207,Akâri,silvermoon,958,mage,fire,18,10,8
13208,Rambau,archimonde,958,mage,fire,18,10,8
13209,Ахиригиз,gordunni,958,mage,fire,18,10,8
13210,Mejtschazor,twisting-nether,957,mage,fire,18,10,8
13211,Charizard,emerald-dream,956,mage,fire,15,11,4
13212,Arandartis,kazzak,954,mage,fire,18,10,8
13213,Jaídy,aegwynn,953,mage,fire,24,10,14
13214,Firen,thrall,952,mage,fire,24,13,11
13215,Çana,thrall,952,mage,fire,30,10,20
13216,Leontus,outland,951,mage,fire,12,10,2
13217,Зубарол,gordunni,951,mage,fire,37,17,20
13218,Shealá,blackhand,951,mage,fire,24,10,14
13219,Firewitch,blackhand,950,mage,fire,24,10,14
13220,Kuríbo,gorgonnash,944,mage,fire,21,11,10
13221,Pyro,daggerspine,937,mage,fire,48,26,22
13222,Santoz,blackrock,931,mage,fire,70,36,34
13223,Häddës,archimonde,925,mage,fire,24,14,10
13224,Freezandrun,tarren-mill,918,mage,fire,47,21,26
13225,Netherstorm,chogall,896,mage,fire,66,30,36
13226,Nåzmyz,outland,891,mage,fire,17,10,7
13227,Sagregas,silvermoon,866,mage,fire,83,36,47
13228,Dyen,hyjal,864,mage,fire,12,9,3
13229,Grumpié,ravencrest,864,mage,fire,12,9,3
13230,Magerocks,ragnaros,864,mage,fire,12,9,3
13231,Turbomedusa,draenor,864,mage,fire,12,9,3
13232,Spacehoe,stormscale,864,mage,fire,18,9,9
13233,Tagrine,kaelthas,863,mage,fire,12,9,3
13234,Smíte,kazzak,863,mage,fire,12,9,3
13235,Kurtcobain,draenor,863,mage,fire,12,9,3
13236,Sakuranosuke,twisting-nether,863,mage,fire,18,9,9
13237,Бингчилинг,howling-fjord,863,mage,fire,18,9,9
13238,Säroumäne,archimonde,863,mage,fire,18,9,9
13239,Steveishigh,tarren-mill,863,mage,fire,19,9,10
13240,Weedup,zuljin,862,mage,fire,18,9,9
13241,Rilac,nordrassil,862,mage,fire,18,9,9
13242,Morphis,talnivarr,862,mage,fire,18,9,9
13243,Hokuspokicus,ravencrest,862,mage,fire,24,9,15
13244,Мерджреквест,howling-fjord,861,mage,fire,18,9,9
13245,Silatara,twisting-nether,860,mage,fire,18,9,9
13246,Sadrã,kazzak,860,mage,fire,24,9,15
13247,Чоуза,gordunni,858,mage,fire,24,9,15
13248,Løxyy,ysondre,852,mage,fire,26,11,15
13249,Rmforever,archimonde,842,mage,fire,18,9,9
13250,Bigbazzabean,silvermoon,840,mage,fire,36,13,23
13251,Takayaki,terokkar,783,mage,fire,19,9,10
13252,Sèrum,drakthul,777,mage,fire,23,10,13
13253,Nuj,blackrock,768,mage,fire,12,8,4
13254,Apollohouse,ravencrest,768,mage,fire,12,8,4
13255,Hiryú,kazzak,768,mage,fire,12,8,4
13256,Yésdávé,stormscale,768,mage,fire,12,8,4
13257,Ввнд,galakrond,768,mage,fire,12,8,4
13258,Mlodysimba,burning-legion,768,mage,fire,12,8,4
13259,Ilikesheep,blackmoore,768,mage,fire,12,8,4
13260,Fakeklepter,sylvanas,768,mage,fire,12,8,4
13261,Matsuratkø,nemesis,768,mage,fire,12,8,4
13262,Sölø,stormscale,768,mage,fire,12,8,4
13263,Незерёб,soulflayer,768,mage,fire,18,8,10
13264,Octtmiss,twisting-nether,768,mage,fire,18,8,10
13265,Zelimeth,outland,768,mage,fire,18,8,10
13266,Airo,drakthul,768,mage,fire,24,8,16
13267,Zoot,ravencrest,768,mage,fire,24,8,16
13268,Mðj,kazzak,768,mage,fire,24,8,16
13269,Azakadabra,ysondre,767,mage,fire,12,8,4
13270,Alyraza,chamber-of-aspects,767,mage,fire,18,8,10
13271,Dynamica,ravencrest,767,mage,fire,18,8,10
13272,Эммилиарда,gordunni,767,mage,fire,18,8,10
13273,Dauwen,silvermoon,767,mage,fire,18,8,10
13274,Pluggis,the-maelstrom,767,mage,fire,18,8,10
13275,Алаурс,howling-fjord,767,mage,fire,18,8,10
13276,Codeincassie,blackhand,767,mage,fire,18,8,10
13277,Магмагистр,blackscar,767,mage,fire,24,8,16
13278,Takiix,antonidas,766,mage,fire,12,8,4
13279,Versachi,neptulon,766,mage,fire,18,8,10
13280,Exitelol,blackrock,764,mage,fire,18,8,10
13281,Estwald,arathor,763,mage,fire,18,8,10
13282,Iamslow,sylvanas,762,mage,fire,12,8,4
13283,Вельдрик,soulflayer,762,mage,fire,24,8,16
13284,Majinbo,doomhammer,760,mage,fire,18,8,10
13285,Blasic,stormscale,760,mage,fire,24,8,16
13286,Arcadua,sanguino,758,mage,fire,12,8,4
13287,Фиеран,grom,747,mage,fire,26,10,16
13288,Rasputina,blackrock,744,mage,fire,35,12,23
13289,Kalyypso,arygos,735,mage,fire,16,9,7
13290,Magicspark,madmortem,735,mage,fire,77,35,42
13291,Mitchmage,ravencrest,732,mage,fire,17,8,9
13292,Tóadette,die-aldor,694,mage,fire,22,8,14
13293,Pàntera,blackmoore,683,mage,fire,31,8,23
13294,Pïeck,archimonde,672,mage,fire,12,7,5
13295,Equálity,blackrock,672,mage,fire,12,7,5
13296,Iconic,eredar,672,mage,fire,12,7,5
13297,Мосгормаг,gordunni,672,mage,fire,12,7,5
13298,Oseri,defias-brotherhood,672,mage,fire,12,7,5
13299,Wheí,ravencrest,672,mage,fire,12,7,5
13300,Анзот,howling-fjord,672,mage,fire,18,7,11
13301,Anaxtra,guldan,672,mage,fire,18,7,11
13302,Mangiafuoco,nemesis,672,mage,fire,18,7,11
13303,Zaci,argent-dawn,671,mage,fire,12,7,5
13304,Arcann,ravencrest,671,mage,fire,12,7,5
13305,Wizkidcutt,tarren-mill,671,mage,fire,12,7,5
13306,Spellfaker,drakthul,671,mage,fire,12,7,5
13307,Barspin,lightnings-blade,671,mage,fire,12,7,5
13308,Azîlko,frostwolf,671,mage,fire,12,7,5
13309,Magicuze,argent-dawn,671,mage,fire,18,7,11
13310,Camelshaver,tarren-mill,671,mage,fire,18,7,11
13311,Ustafrr,argent-dawn,670,mage,fire,13,7,6
13312,Mirobol,hyjal,670,mage,fire,18,7,11
13313,Жгумпель,howling-fjord,670,mage,fire,24,7,17
13314,Magikere,tarren-mill,639,mage,fire,17,7,10
13315,Vulcanx,stormscale,638,mage,fire,17,7,10
13316,Bezelgeuse,pozzo-delleternità,623,mage,fire,17,7,10
13317,Chrismage,argent-dawn,606,mage,fire,20,7,13
13318,Luxxurious,xavius,576,mage,fire,6,6,0
13319,Apcg,sylvanas,576,mage,fire,6,6,0
13320,Randommagexd,ravencrest,576,mage,fire,6,6,0
13321,Zimbabweborc,burning-legion,576,mage,fire,12,6,6
13322,Serctheone,ravencrest,576,mage,fire,12,6,6
13323,Feath,ravencrest,576,mage,fire,12,6,6
13324,Qwibbly,kazzak,576,mage,fire,12,6,6
13325,Macey,ravencrest,576,mage,fire,12,6,6
13326,Titarie,ravencrest,576,mage,fire,12,6,6
13327,Витуз,gordunni,576,mage,fire,12,6,6
13328,Rhodghar,ravencrest,576,mage,fire,12,6,6
13329,Canceled,kazzak,576,mage,fire,12,6,6
13330,Pradapimp,ravencrest,576,mage,fire,12,6,6
13331,Nihilum,dalaran,576,mage,fire,12,6,6
13332,Skylez,blackrock,576,mage,fire,12,6,6
13333,Wormhole,kazzak,576,mage,fire,18,6,12
13334,Relik,sylvanas,576,mage,fire,18,6,12
13335,Тудысюдым,eversong,575,mage,fire,12,6,6
13336,Akhali,chamber-of-aspects,575,mage,fire,12,6,6
13337,Arhi,silvermoon,575,mage,fire,12,6,6
13338,Saturator,burning-legion,575,mage,fire,18,6,12
13339,Zuckerzimt,ravencrest,575,mage,fire,18,6,12
13340,Lupuus,anubarak,575,mage,fire,24,6,18
13341,Explosìve,arthas,574,mage,fire,12,6,6
13342,Durdi,silvermoon,574,mage,fire,12,6,6
13343,Shâykó,sylvanas,573,mage,fire,12,6,6
13344,Melimar,khaz-modan,572,mage,fire,12,6,6
13345,Поймайбелку,booty-bay,572,mage,fire,12,6,6
13346,Hidrax,outland,543,mage,fire,16,6,10
13347,Nâmiz,blackrock,528,mage,fire,9,6,3
13348,Zeklo,frostmane,521,mage,fire,20,7,13
13349,Jél,stormscale,480,mage,fire,6,5,1
13350,Феновар,goldrinn,480,mage,fire,6,5,1
13351,Dcolon,tarren-mill,480,mage,fire,6,5,1
13352,Yoku,nethersturm,480,mage,fire,6,5,1
13353,Bzzr,tarren-mill,480,mage,fire,6,5,1
13354,Schøkø,eredar,480,mage,fire,12,5,7
13355,Moleester,twisting-nether,480,mage,fire,12,5,7
13356,Brokenlegman,defias-brotherhood,480,mage,fire,12,5,7
13357,Wenant,ravencrest,480,mage,fire,12,5,7
13358,Arcandor,tarren-mill,480,mage,fire,12,5,7
13359,Magechonk,kazzak,480,mage,fire,12,5,7
13360,Røysi,ravencrest,480,mage,fire,12,5,7
13361,Cleancc,blackhand,480,mage,fire,12,5,7
13362,Runbabyrun,hyjal,480,mage,fire,12,5,7
13363,Teeclis,twisting-nether,480,mage,fire,12,5,7
13364,Gadeplan,sylvanas,480,mage,fire,12,5,7
13365,Sheepwithmeh,blackrock,480,mage,fire,12,5,7
13366,Проблембойх,gordunni,480,mage,fire,12,5,7
13367,Интровертка,blackscar,480,mage,fire,16,6,10
13368,Backped,kazzak,480,mage,fire,18,5,13
13369,Айсбоунт,eversong,480,mage,fire,18,5,13
13370,Валбериса,deepholm,479,mage,fire,6,5,1
13371,Асидочка,soulflayer,479,mage,fire,12,5,7
13372,Spispi,burning-legion,479,mage,fire,15,6,9
13373,Нетлель,soulflayer,479,mage,fire,18,5,13
13374,Nohbrain,blackmoore,479,mage,fire,18,5,13
13375,Iceorb,azshara,479,mage,fire,24,5,19
13376,Spader,argent-dawn,478,mage,fire,12,5,7
13377,Комонщик,howling-fjord,478,mage,fire,18,5,13
13378,Illiaria,antonidas,478,mage,fire,18,5,13
13379,Exorifrigo,dun-modr,477,mage,fire,22,5,17
13380,Eldiablo,dun-modr,476,mage,fire,12,5,7
13381,Хээйлии,goldrinn,476,mage,fire,12,5,7
13382,Draenaya,forscherliga,473,mage,fire,21,6,15
13383,Nabucor,culte-de-la-rive-noire,468,mage,fire,19,6,13
13384,Mínêrvâ,blackrock,431,mage,fire,11,5,6
13385,Buuszek,outland,430,mage,fire,11,5,6
13386,Darkoftw,ysondre,400,mage,fire,13,5,8
13387,Нефростмаг,gordunni,384,mage,fire,6,4,2
13388,Gennésïs,darksorrow,384,mage,fire,6,4,2
13389,Feuern,antonidas,384,mage,fire,6,4,2
13390,Praison,defias-brotherhood,384,mage,fire,6,4,2
13391,Гандолъер,soulflayer,384,mage,fire,6,4,2
13392,Нехай,ashenvale,384,mage,fire,6,4,2
13393,Blinker,frostwhisper,384,mage,fire,6,4,2
13394,Фюртэ,howling-fjord,384,mage,fire,6,4,2
13395,Zyreanx,blackrock,384,mage,fire,6,4,2
13396,Pavlé,draenor,384,mage,fire,6,4,2
13397,Farmassist,stormscale,384,mage,fire,6,4,2
13398,Файрусх,deathguard,384,mage,fire,6,4,2
13399,Waterhagx,tarren-mill,384,mage,fire,6,4,2
13400,Rotøk,burning-legion,384,mage,fire,6,4,2
13401,Kkohp,ravencrest,384,mage,fire,6,4,2
13402,Cardioexpert,ravencrest,384,mage,fire,6,4,2
13403,Dibzz,sanguino,384,mage,fire,6,4,2
13404,Шуткам,gordunni,384,mage,fire,6,4,2
13405,Mnday,ravencrest,384,mage,fire,6,4,2
13406,Kitchimage,ravencrest,384,mage,fire,6,4,2
13407,Botbotamba,hyjal,384,mage,fire,6,4,2
13408,Naween,hyjal,384,mage,fire,6,4,2
13409,Ovrpwrdxd,kazzak,384,mage,fire,6,4,2
13410,Saryotheone,silvermoon,384,mage,fire,6,4,2
13411,Drewna,silvermoon,384,mage,fire,6,4,2
13412,Doryy,silvermoon,384,mage,fire,6,4,2
13413,Gidsor,silvermoon,384,mage,fire,6,4,2
13414,Бабайбайкала,gordunni,384,mage,fire,12,4,8
13415,Викликс,borean-tundra,384,mage,fire,12,4,8
13416,Раканчик,gordunni,384,mage,fire,12,4,8
13417,Деорро,gordunni,384,mage,fire,12,4,8
13418,Kazeen,silvermoon,384,mage,fire,12,4,8
13419,Гелиадо,soulflayer,384,mage,fire,12,4,8
13420,Genviedgiclé,arathi,384,mage,fire,12,4,8
13421,Rooven,aegwynn,384,mage,fire,12,4,8
13422,Popbg,outland,384,mage,fire,12,4,8
13423,Aarcheon,kazzak,384,mage,fire,12,4,8
13424,Lusionator,defias-brotherhood,384,mage,fire,18,4,14
13425,Birdlort,draenor,383,mage,fire,6,4,2
13426,Texhex,ahnqiraj,383,mage,fire,12,4,8
13427,Мэджиксул,grom,383,mage,fire,12,4,8
13428,Ildrøv,stormscale,383,mage,fire,12,4,8
13429,Lusifera,outland,336,mage,fire,9,4,5
13430,Niivel,ysondre,336,mage,fire,15,4,11
13431,Мэдраша,gordunni,335,mage,fire,17,4,13
13432,Tigerblod,tarren-mill,330,mage,fire,10,5,5
13433,Shinigamí,blackrock,288,mage,fire,6,3,3
13434,Даатхедра,booty-bay,288,mage,fire,6,3,3
13435,Maveya,blackmoore,288,mage,fire,6,3,3
13436,Росвенд,gordunni,288,mage,fire,6,3,3
13437,Мэджу,gordunni,288,mage,fire,6,3,3
13438,Trowbe,blackmoore,288,mage,fire,6,3,3
13439,Макотшельник,gordunni,288,mage,fire,6,3,3
13440,Wankel,blackmoore,288,mage,fire,6,3,3
13441,Salvadordalí,ravencrest,288,mage,fire,6,3,3
13442,Netrinkuet,outland,288,mage,fire,6,3,3
13443,Shermî,blackrock,288,mage,fire,6,3,3
13444,Сизаам,howling-fjord,288,mage,fire,6,3,3
13445,Akrapovic,drakthul,288,mage,fire,6,3,3
13446,Funkyfriday,twisting-nether,288,mage,fire,6,3,3
13447,Narexa,silvermoon,288,mage,fire,6,3,3
13448,Frøstdream,dun-modr,288,mage,fire,6,3,3
13449,Driana,dragonmaw,288,mage,fire,6,3,3
13450,Fuchso,area-52,288,mage,fire,6,3,3
13451,Balderk,sanguino,288,mage,fire,6,3,3
13452,Nàtcho,tichondrius,288,mage,fire,6,3,3
13453,Modrone,ragnaros,288,mage,fire,6,3,3
13454,Namemage,stormscale,288,mage,fire,6,3,3
13455,Ørka,stormscale,288,mage,fire,6,3,3
13456,Bebenm,archimonde,288,mage,fire,6,3,3
13457,Xhal,hyjal,288,mage,fire,6,3,3
13458,Noxkin,stormscale,288,mage,fire,6,3,3
13459,Marøjuniõr,draenor,288,mage,fire,6,3,3
13460,Sonybonanza,kazzak,288,mage,fire,6,3,3
13461,Michellee,ravencrest,288,mage,fire,6,3,3
13462,Coachrmp,ravencrest,288,mage,fire,6,3,3
13463,Botstyle,ravencrest,288,mage,fire,6,3,3
13464,Ãzi,ravencrest,288,mage,fire,6,3,3
13465,Adetin,tarren-mill,288,mage,fire,6,3,3
13466,Capphaow,ravencrest,288,mage,fire,6,3,3
13467,Uwutehe,ravencrest,288,mage,fire,6,3,3
13468,Máximus,ravencrest,288,mage,fire,6,3,3
13469,Alterwhite,archimonde,288,mage,fire,6,3,3
13470,Melíssa,silvermoon,288,mage,fire,6,3,3
13471,Fleurdelacur,ravencrest,288,mage,fire,6,3,3
13472,Êgôn,perenolde,288,mage,fire,6,3,3
13473,Дантрий,gordunni,288,mage,fire,6,3,3
13474,Lëyra,ysondre,288,mage,fire,6,3,3
13475,Mága,grim-batol,288,mage,fire,6,3,3
13476,Meign,eredar,288,mage,fire,6,3,3
13477,Zøe,aggra-português,288,mage,fire,6,3,3
13478,Хблэйз,howling-fjord,288,mage,fire,9,4,5
13479,Sokardes,the-maelstrom,288,mage,fire,10,4,6
13480,Колтрэйн,blackscar,288,mage,fire,9,3,6
13481,Kyrn,zuljin,288,mage,fire,10,3,7
13482,Tsubas,blackmoore,288,mage,fire,12,3,9
13483,Frökenfrost,stormscale,288,mage,fire,12,3,9
13484,Oblív,ravencrest,288,mage,fire,12,3,9
13485,Milton,dunemaul,288,mage,fire,12,3,9
13486,Овеча,gordunni,288,mage,fire,12,3,9
13487,Waan,sylvanas,288,mage,fire,12,3,9
13488,Aylan,kazzak,288,mage,fire,12,3,9
13489,Beardmorph,auchindoun,288,mage,fire,12,3,9
13490,Saivedija,blackmoore,288,mage,fire,12,3,9
13491,Rasaku,argent-dawn,288,mage,fire,12,3,9
13492,Trenpapi,twisting-nether,288,mage,fire,12,3,9
13493,Труупоед,borean-tundra,287,mage,fire,6,3,3
13494,Ceanna,argent-dawn,287,mage,fire,12,3,9
13495,Smî,aegwynn,286,mage,fire,6,3,3
13496,Regenn,kazzak,286,mage,fire,6,3,3
13497,Венлич,gordunni,271,mage,fire,9,4,5
13498,Mimicassa,defias-brotherhood,234,mage,fire,10,5,5
13499,Сморгонец,gordunni,222,mage,fire,8,3,5
13500,Worstwòrld,draenor,208,mage,fire,7,3,4
13501,Dnt,twilights-hammer,192,mage,fire,6,2,4
13502,Lìx,ravencrest,192,mage,fire,6,2,4
13503,Zazatorica,tarren-mill,192,mage,fire,6,2,4
13504,Letitsnow,ravencrest,192,mage,fire,6,2,4
13505,Xatures,tarren-mill,192,mage,fire,6,2,4
13506,Kilféfroid,ysondre,192,mage,fire,6,2,4
13507,Shifteurprõ,hyjal,192,mage,fire,6,2,4
13508,Abêj,malygos,192,mage,fire,6,2,4
13509,Sickßlink,outland,192,mage,fire,6,2,4
13510,Hopewell,aszune,192,mage,fire,6,2,4
13511,Watchmeclic,archimonde,192,mage,fire,6,2,4
13512,Malshash,outland,192,mage,fire,6,2,4
13513,Дэката,grom,192,mage,fire,6,2,4
13514,Magenox,blackrock,192,mage,fire,6,2,4
13515,Калихор,gordunni,192,mage,fire,6,2,4
13516,Covran,stormscale,192,mage,fire,6,2,4
13517,Gregoss,elune,192,mage,fire,6,2,4
13518,Quínt,blackhand,192,mage,fire,6,2,4
13519,Alarak,drakthul,192,mage,fire,6,2,4
13520,Lisanalgaib,kilrogg,192,mage,fire,6,2,4
13521,Milminmage,ravencrest,192,mage,fire,6,2,4
13522,Vantimere,twisting-nether,192,mage,fire,6,2,4
13523,Ôbsury,hyjal,192,mage,fire,6,2,4
13524,Solitaria,tarren-mill,192,mage,fire,6,2,4
13525,Roberx,sanguino,192,mage,fire,6,2,4
13526,Puracz,defias-brotherhood,192,mage,fire,6,2,4
13527,Atzin,sanguino,192,mage,fire,6,2,4
13528,Zerobelow,silvermoon,192,mage,fire,6,2,4
13529,Jokiss,draenor,192,mage,fire,6,2,4
13530,Димаскунфу,howling-fjord,192,mage,fire,6,2,4
13531,Transformo,draenor,192,mage,fire,6,2,4
13532,Szarbán,ragnaros,192,mage,fire,6,2,4
13533,Ikefire,draenor,192,mage,fire,6,2,4
13534,Elynaé,draenor,192,mage,fire,6,2,4
13535,Eksl,draenor,192,mage,fire,6,2,4
13536,Nötmârtònxø,ragnaros,192,mage,fire,12,2,10
13537,Mesvef,archimonde,192,mage,fire,12,2,10
13538,Çatàclysmík,kazzak,192,mage,fire,12,2,10
13539,Firelight,argent-dawn,192,mage,fire,12,2,10
13540,Symbiano,twisting-nether,192,mage,fire,12,2,10
13541,Kyani,mannoroth,192,mage,fire,12,2,10
13542,Laviathan,die-aldor,191,mage,fire,6,2,4
13543,Veveroiu,defias-brotherhood,191,mage,fire,6,2,4
13544,Shockólot,outland,159,mage,fire,5,2,3
13545,Wëylin,chogall,128,mage,fire,4,2,2
13546,Burstology,kazzak,128,mage,fire,4,2,2
13547,Ice,sargeras,96,mage,fire,3,2,1
13548,Zakardo,kazzak,96,mage,fire,6,1,5
13549,Maybeblood,kazzak,96,mage,fire,6,1,5
13550,Tsungy,twisting-nether,96,mage,fire,6,1,5
13551,Infamage,draenor,96,mage,fire,6,1,5
13552,Bekkmzi,drakthul,96,mage,fire,6,1,5
13553,Radagulf,outland,96,mage,fire,6,1,5
13554,Satheril,argent-dawn,96,mage,fire,6,1,5
13555,Zalfax,sinstralis,96,mage,fire,6,1,5
13556,Kjh,twisting-nether,96,mage,fire,6,1,5
13557,Фантомланс,howling-fjord,96,mage,fire,6,1,5
13558,Unhedged,eredar,96,mage,fire,6,1,5
13559,Alaster,culte-de-la-rive-noire,96,mage,fire,6,1,5
13560,Halbattar,garona,96,mage,fire,6,1,5
13561,Mexxî,thrall,96,mage,fire,6,1,5
13562,Tarryxa,kazzak,96,mage,fire,6,1,5
13563,Ckrax,sanguino,96,mage,fire,6,1,5
13564,Slashlife,wrathbringer,96,mage,fire,6,1,5
13565,Mogettemagic,ysondre,96,mage,fire,6,1,5
13566,Roey,defias-brotherhood,96,mage,fire,6,1,5
13567,Polÿmorph,stormscale,96,mage,fire,6,1,5
13568,Пламяорды,soulflayer,96,mage,fire,6,1,5
13569,Wwjd,darksorrow,96,mage,fire,6,1,5
13570,Миднаит,gordunni,96,mage,fire,6,1,5
13571,Dingin,bronze-dragonflight,96,mage,fire,6,1,5
13572,Дизордерх,gordunni,96,mage,fire,6,1,5
13573,Одз,grom,96,mage,fire,6,1,5
13574,Nodnarb,dragonblight,96,mage,fire,6,1,5
13575,Símple,sylvanas,96,mage,fire,6,1,5
13576,Akadran,blackmoore,96,mage,fire,6,1,5
13577,Варриморыч,soulflayer,96,mage,fire,6,1,5
13578,Phenoxi,sylvanas,96,mage,fire,6,1,5
13579,Megancox,blackmoore,96,mage,fire,6,1,5
13580,Мизерун,deathguard,96,mage,fire,13,2,11
13581,Plexyoo,thrall,96,mage,fire,12,1,11
13582,Kenny,nerzhul,96,mage,fire,12,1,11
13583,Mallphass,dalaran,96,mage,fire,12,1,11
13584,Shâdozy,blackmoore,89,mage,fire,6,3,3
13585,Incenia,ravencrest,79,mage,fire,5,1,4
13586,Hecht,burning-legion,64,mage,fire,4,1,3
13587,Preí,archimonde,42,mage,fire,12,3,9
13588,Озобочений,greymane,31,mage,fire,2,1,1
13589,Ðøæø,twisting-nether,16,mage,fire,1,1,0
13590,Partypower,twisting-nether,2251,mage,frost,171,89,82
13591,Chikounet,archimonde,2188,mage,frost,150,78,72
13592,Tommy,laughing-skull,2144,mage,frost,88,45,43
13593,Ðeejkñ,archimonde,2139,mage,frost,72,45,27
13594,Avizura,kazzak,2134,mage,frost,60,35,25
13595,Dastion,ravencrest,2105,mage,frost,91,45,46
13596,Макотшельник,gordunni,2091,mage,frost,85,54,31
13597,Søz,agamaggan,2089,mage,frost,119,60,59
13598,Медивера,gordunni,2076,mage,frost,95,50,45
13599,Laynerz,kazzak,2065,mage,frost,61,34,27
13600,Fakér,ravencrest,2058,mage,frost,184,88,96
13601,Watchmeclic,archimonde,2053,mage,frost,96,46,50
13602,Sóz,ravencrest,2033,mage,frost,109,51,58
13603,Oseri,defias-brotherhood,2028,mage,frost,143,72,71
13604,Serctheone,ravencrest,2019,mage,frost,179,88,91
13605,Naynn,archimonde,1997,mage,frost,70,39,31
13606,Барсуктри,deathguard,1984,mage,frost,60,30,30
13607,Kalamaras,quelthalas,1982,mage,frost,56,29,27
13608,Evovar,silvermoon,1981,mage,frost,119,59,60
13609,Oscarwizyo,ravencrest,1968,mage,frost,77,36,41
13610,Øscarwizyo,ravencrest,1962,mage,frost,60,30,30
13611,Gavno,ravencrest,1955,mage,frost,54,26,28
13612,Efes,dun-modr,1934,mage,frost,58,32,26
13613,Setyouoncs,ravencrest,1927,mage,frost,84,42,42
13614,Sukmikok,twisting-nether,1911,mage,frost,190,94,96
13615,Nilitar,kazzak,1910,mage,frost,60,24,36
13616,Watchmeclick,archimonde,1909,mage,frost,36,20,16
13617,Akyrâz,blackrock,1886,mage,frost,70,31,39
13618,Mgtowforlife,ravencrest,1885,mage,frost,104,57,47
13619,Santriss,defias-brotherhood,1883,mage,frost,72,36,36
13620,Cleophe,burning-legion,1879,mage,frost,63,36,27
13621,Abovè,outland,1877,mage,frost,48,20,28
13622,Kurtkiels,draenor,1872,mage,frost,60,29,31
13623,Auchenax,argent-dawn,1871,mage,frost,155,79,76
13624,Ввнд,galakrond,1869,mage,frost,60,27,33
13625,Voerk,twisting-nether,1866,mage,frost,70,36,34
13626,Onnÿy,dun-modr,1866,mage,frost,68,34,34
13627,Praison,defias-brotherhood,1863,mage,frost,54,32,22
13628,Emoden,silvermoon,1861,mage,frost,255,135,120
13629,Henqo,burning-legion,1856,mage,frost,64,30,34
13630,Shíróyama,ravencrest,1849,mage,frost,132,77,55
13631,Arkhaen,archimonde,1848,mage,frost,59,30,29
13632,Whïm,ysondre,1848,mage,frost,77,34,43
13633,Незерёб,soulflayer,1845,mage,frost,78,38,40
13634,Drfeeldgoodd,mazrigos,1843,mage,frost,84,38,46
13635,Aìnz,hyjal,1837,mage,frost,60,27,33
13636,Chazs,kazzak,1836,mage,frost,60,32,28
13637,Gossipgirlz,outland,1836,mage,frost,238,121,117
13638,Exone,sylvanas,1828,mage,frost,66,32,34
13639,Bebenm,archimonde,1827,mage,frost,36,24,12
13640,Rosady,ragnaros,1826,mage,frost,101,51,50
13641,Lyndsey,dalaran,1826,mage,frost,65,31,34
13642,Laurents,silvermoon,1825,mage,frost,128,86,42
13643,Èverix,ravencrest,1823,mage,frost,106,47,59
13644,Goneforever,draenor,1820,mage,frost,42,27,15
13645,Мэдвэйз,gordunni,1819,mage,frost,48,31,17
13646,Crylz,kazzak,1813,mage,frost,59,28,31
13647,Djdankzter,outland,1812,mage,frost,42,19,23
13648,Máximus,ravencrest,1809,mage,frost,53,27,26
13649,Zhodusqt,ragnaros,1808,mage,frost,48,24,24
13650,Reflexz,thrall,1805,mage,frost,42,25,17
13651,Xmoo,blackrock,1805,mage,frost,48,24,24
13652,Novaco,ravencrest,1805,mage,frost,59,29,30
13653,Baconlance,stormscale,1803,mage,frost,42,23,19
13654,Tellysia,blackmoore,1802,mage,frost,47,26,21
13655,Símple,sylvanas,1802,mage,frost,60,27,33
13656,Kiirin,drakthul,1801,mage,frost,57,34,23
13657,Lidely,kazzak,1800,mage,frost,30,19,11
13658,Zøe,aggra-português,1800,mage,frost,54,34,20
13659,Whócárés,dragonmaw,1798,mage,frost,45,32,13
13660,Stickiburn,malganis,1797,mage,frost,69,33,36
13661,Knometsj,ravencrest,1796,mage,frost,48,26,22
13662,Løwskìll,outland,1795,mage,frost,95,53,42
13663,Einsmagus,blackrock,1793,mage,frost,60,31,29
13664,Rekzaop,ravencrest,1778,mage,frost,108,48,60
13665,Bombswag,bloodhoof,1776,mage,frost,65,33,32
13666,Polÿmorph,stormscale,1774,mage,frost,59,30,29
13667,Medara,darkspear,1768,mage,frost,72,38,34
13668,Darkoftw,ysondre,1768,mage,frost,71,33,38
13669,Ovrpwrdxd,kazzak,1763,mage,frost,24,20,4
13670,Wmp,ravencrest,1763,mage,frost,42,23,19
13671,Sorrow,outland,1762,mage,frost,84,39,45
13672,Shakéx,outland,1758,mage,frost,51,26,25
13673,Sâkuya,blackrock,1756,mage,frost,122,60,62
13674,Sunehx,blackrock,1753,mage,frost,54,30,24
13675,Колинас,soulflayer,1748,mage,frost,101,50,51
13676,Nightfee,eredar,1745,mage,frost,42,21,21
13677,Mlodysimba,burning-legion,1743,mage,frost,52,28,24
13678,Raíner,eredar,1735,mage,frost,72,42,30
13679,Jirø,cthun,1733,mage,frost,88,44,44
13680,Soloqtarget,archimonde,1730,mage,frost,110,55,55
13681,Nozarashí,hyjal,1726,mage,frost,76,38,38
13682,Neymar,aszune,1725,mage,frost,35,24,11
13683,Blackfirez,ravencrest,1725,mage,frost,30,18,12
13684,Silverlining,ravencrest,1722,mage,frost,133,66,67
13685,Sylbris,outland,1722,mage,frost,131,62,69
13686,Mexxî,thrall,1719,mage,frost,72,37,35
13687,Tánu,quelthalas,1717,mage,frost,66,32,34
13688,Äntigood,outland,1716,mage,frost,89,48,41
13689,Anaxtra,guldan,1714,mage,frost,81,41,40
13690,Lorothar,blackhand,1712,mage,frost,60,24,36
13691,Rambau,archimonde,1711,mage,frost,180,88,92
13692,Tagrine,kaelthas,1709,mage,frost,84,42,42
13693,Shalien,tarren-mill,1704,mage,frost,65,35,30
13694,Tfmchamp,ravencrest,1698,mage,frost,33,22,11
13695,Ishimura,eredar,1697,mage,frost,54,31,23
13696,Леракобольд,gordunni,1695,mage,frost,41,20,21
13697,Slobbery,aggramar,1694,mage,frost,54,29,25
13698,Мэтаскрим,soulflayer,1694,mage,frost,60,23,37
13699,Axhole,darksorrow,1693,mage,frost,42,20,22
13700,Jaimey,blackhand,1690,mage,frost,161,75,86
13701,Ãshs,archimonde,1690,mage,frost,48,20,28
13702,Frostgodxqt,ravencrest,1689,mage,frost,105,58,47
13703,Alearis,die-aldor,1688,mage,frost,60,32,28
13704,Pryt,ragnaros,1686,mage,frost,113,61,52
13705,Алаурс,howling-fjord,1686,mage,frost,42,22,20
13706,Ironhood,nemesis,1685,mage,frost,36,21,15
13707,Swizzy,arathor,1685,mage,frost,64,35,29
13708,Jenggot,ravencrest,1681,mage,frost,35,18,17
13709,Missl,draenor,1680,mage,frost,32,19,13
13710,Vilain,tarren-mill,1678,mage,frost,35,18,17
13711,Hógwarts,aegwynn,1677,mage,frost,60,34,26
13712,Zimbabweborc,burning-legion,1675,mage,frost,64,37,27
13713,Zoot,ravencrest,1674,mage,frost,60,22,38
13714,Tiqma,sylvanas,1673,mage,frost,42,23,19
13715,Саваннхмаег,blackscar,1665,mage,frost,57,34,23
13716,Quinella,ravencrest,1663,mage,frost,84,46,38
13717,Vilenciaga,kazzak,1659,mage,frost,66,35,31
13718,Калихор,gordunni,1657,mage,frost,36,24,12
13719,Gensorèd,darksorrow,1655,mage,frost,74,36,38
13720,Layzzy,kazzak,1655,mage,frost,108,50,58
13721,Гекомория,fordragon,1654,mage,frost,74,39,35
13722,Манакса,gordunni,1654,mage,frost,54,24,30
13723,Bigkent,stormscale,1653,mage,frost,48,22,26
13724,Thinamerican,defias-brotherhood,1649,mage,frost,30,20,10
13725,Djflashz,archimonde,1644,mage,frost,42,18,24
13726,Firebaw,tarren-mill,1643,mage,frost,36,25,11
13727,Nickg,ravencrest,1636,mage,frost,42,21,21
13728,Magerocks,ragnaros,1635,mage,frost,36,20,16
13729,Sondremage,outland,1635,mage,frost,134,60,74
13730,Pezi,outland,1634,mage,frost,50,31,19
13731,Xall,silvermoon,1631,mage,frost,36,23,13
13732,Ёкай,soulflayer,1631,mage,frost,151,88,63
13733,Манахк,gordunni,1631,mage,frost,42,19,23
13734,Asiman,eredar,1631,mage,frost,51,22,29
13735,Thesiôu,ravencrest,1629,mage,frost,36,20,16
13736,Buddi,burning-blade,1629,mage,frost,287,148,139
13737,Озобочений,greymane,1628,mage,frost,49,24,25
13738,Bestial,alexstrasza,1627,mage,frost,94,43,51
13739,Unsaìntly,kult-der-verdammten,1625,mage,frost,37,17,20
13740,Glowie,stormreaver,1623,mage,frost,36,20,16
13741,Xenant,ravencrest,1623,mage,frost,42,18,24
13742,Blasty,guldan,1622,mage,frost,57,25,32
13743,Sykz,hyjal,1617,mage,frost,65,35,30
13744,Digi,ravencrest,1617,mage,frost,57,22,35
13745,Mumage,blackrock,1614,mage,frost,24,17,7
13746,Covran,stormscale,1614,mage,frost,30,17,13
13747,Манаксаа,gordunni,1612,mage,frost,45,21,24
13748,Trowbe,blackmoore,1611,mage,frost,42,23,19
13749,Xæll,silvermoon,1611,mage,frost,114,61,53
13750,Leafløver,ravencrest,1610,mage,frost,47,25,22
13751,Itzlucky,twisting-nether,1610,mage,frost,141,72,69
13752,Fireblood,runetotem,1610,mage,frost,48,21,27
13753,Lo,kilrogg,1608,mage,frost,75,33,42
13754,Mupana,nagrand,1607,mage,frost,150,76,74
13755,Espressno,ravencrest,1606,mage,frost,30,19,11
13756,Tills,kargath,1606,mage,frost,42,20,22
13757,Jamzymage,emerald-dream,1604,mage,frost,30,17,13
13758,Copyright,deathwing,1604,mage,frost,36,17,19
13759,Mxrrz,kazzak,1603,mage,frost,193,104,89
13760,Noxkin,stormscale,1603,mage,frost,36,17,19
13761,Magethings,kazzak,1603,mage,frost,54,25,29
13762,Bzzr,tarren-mill,1601,mage,frost,54,35,19
13763,Réd,earthen-ring,1601,mage,frost,77,36,41
13764,Mecharience,rexxar,1597,mage,frost,33,18,15
13765,Iroya,festung-der-stürme,1597,mage,frost,179,90,89
13766,Girldalf,silvermoon,1597,mage,frost,161,80,81
13767,Xirrasho,argent-dawn,1596,mage,frost,36,17,19
13768,Nimdáá,stormscale,1594,mage,frost,194,109,85
13769,Вольняша,azuregos,1591,mage,frost,112,49,63
13770,Okayhehexd,dun-morogh,1586,mage,frost,90,51,39
13771,Plætinum,ravencrest,1585,mage,frost,168,89,79
13772,Joulz,ravencrest,1583,mage,frost,194,91,103
13773,Sheepthrillz,blackmoore,1578,mage,frost,36,21,15
13774,Boomboomciao,nemesis,1577,mage,frost,66,31,35
13775,Óuíja,outland,1576,mage,frost,45,28,17
13776,Esscheppert,blackrock,1576,mage,frost,42,17,25
13777,Takayaki,terokkar,1575,mage,frost,60,31,29
13778,Мибринк,soulflayer,1575,mage,frost,72,32,40
13779,Dubbleblast,draenor,1570,mage,frost,48,25,23
13780,Petepan,argent-dawn,1570,mage,frost,109,53,56
13781,Ингилейф,howling-fjord,1570,mage,frost,46,18,28
13782,Datpolytho,twisting-nether,1567,mage,frost,54,36,18
13783,Левелнес,howling-fjord,1567,mage,frost,74,32,42
13784,Wracrz,argent-dawn,1565,mage,frost,36,17,19
13785,Ceillech,blackrock,1564,mage,frost,76,38,38
13786,Sheepmaster,aegwynn,1563,mage,frost,36,19,17
13787,Icydeadsheep,draenor,1563,mage,frost,42,17,25
13788,Smashdown,blackrock,1562,mage,frost,36,19,17
13789,Ôbsury,hyjal,1561,mage,frost,82,43,39
13790,Chareyla,argent-dawn,1558,mage,frost,83,42,41
13791,Afterimage,zuljin,1556,mage,frost,122,57,65
13792,Gaduz,kazzak,1556,mage,frost,72,31,41
13793,Elynaé,draenor,1550,mage,frost,42,20,22
13794,Ghalanz,ravencrest,1545,mage,frost,60,29,31
13795,Sekulicgoga,draenor,1544,mage,frost,285,157,128
13796,Бингчилинг,howling-fjord,1543,mage,frost,64,30,34
13797,Старкскрим,gordunni,1542,mage,frost,100,48,52
13798,Necizbored,tarren-mill,1539,mage,frost,48,30,18
13799,Reðemption,dun-modr,1538,mage,frost,23,17,6
13800,Beaun,tarren-mill,1535,mage,frost,70,38,32
13801,Sakuranosuke,twisting-nether,1534,mage,frost,36,20,16
13802,Elcritadoré,ragnaros,1533,mage,frost,45,22,23
13803,Alluryeine,draenor,1531,mage,frost,59,34,25
13804,Tromie,archimonde,1531,mage,frost,59,32,27
13805,Jocelynn,aggramar,1530,mage,frost,36,16,20
13806,Фоулли,howling-fjord,1528,mage,frost,34,17,17
13807,Denaleidi,stormscale,1525,mage,frost,24,17,7
13808,Fullpolly,twisting-nether,1525,mage,frost,36,23,13
13809,Миднаит,gordunni,1525,mage,frost,87,38,49
13810,Rihnou,blackmoore,1523,mage,frost,77,33,44
13811,Manafuzz,outland,1521,mage,frost,36,17,19
13812,Фемна,soulflayer,1519,mage,frost,83,47,36
13813,Únna,sanguino,1517,mage,frost,75,42,33
13814,Rankonedeep,kazzak,1516,mage,frost,24,16,8
13815,Phélenia,sargeras,1516,mage,frost,60,30,30
13816,Widmage,silvermoon,1513,mage,frost,108,48,60
13817,Nebbur,dun-modr,1512,mage,frost,36,16,20
13818,Helminsterr,archimonde,1511,mage,frost,30,16,14
13819,Ímnotback,outland,1511,mage,frost,186,97,89
13820,Райоми,fordragon,1511,mage,frost,139,68,71
13821,Kaì,twisting-nether,1508,mage,frost,54,33,21
13822,Gêrky,drakthul,1507,mage,frost,90,47,43
13823,Rexør,frostwolf,1505,mage,frost,54,31,23
13824,Isralysa,ravencrest,1504,mage,frost,185,98,87
13825,Homellander,silvermoon,1503,mage,frost,128,69,59
13826,Hernêise,silvermoon,1502,mage,frost,149,80,69
13827,Dzikk,silvermoon,1502,mage,frost,66,34,32
13828,Comodus,ragnaros,1500,mage,frost,84,40,44
13829,Spellcast,ravencrest,1496,mage,frost,33,18,15
13830,Excuses,chamber-of-aspects,1495,mage,frost,183,87,96
13831,Сосулькина,gordunni,1488,mage,frost,95,50,45
13832,Surlancealot,outland,1488,mage,frost,41,17,24
13833,Azakadabra,ysondre,1483,mage,frost,43,27,16
13834,Корадо,gordunni,1483,mage,frost,120,54,66
13835,Нонекс,soulflayer,1481,mage,frost,54,27,27
13836,Scaleeth,kazzak,1479,mage,frost,40,18,22
13837,Datakrigern,tarren-mill,1478,mage,frost,36,19,17
13838,Тачмахал,soulflayer,1478,mage,frost,60,31,29
13839,Демолюшн,soulflayer,1478,mage,frost,109,49,60
13840,Qqpwn,ragnaros,1477,mage,frost,65,32,33
13841,Octtmiss,twisting-nether,1476,mage,frost,33,17,16
13842,Psika,kazzak,1476,mage,frost,65,29,36
13843,Tàylerdarden,nemesis,1472,mage,frost,47,22,25
13844,Джейнанис,gordunni,1471,mage,frost,58,30,28
13845,Tôke,kaelthas,1467,mage,frost,66,38,28
13846,Вендайса,soulflayer,1467,mage,frost,240,135,105
13847,Shainax,dun-modr,1466,mage,frost,88,45,43
13848,Novalia,wrathbringer,1464,mage,frost,54,32,22
13849,Fïttan,stormscale,1464,mage,frost,44,20,24
13850,Arimila,sylvanas,1463,mage,frost,106,47,59
13851,Borêta,blackrock,1459,mage,frost,84,38,46
13852,Walian,burning-blade,1457,mage,frost,30,17,13
13853,Azkarr,stormscale,1456,mage,frost,41,24,17
13854,Hambones,outland,1456,mage,frost,38,16,22
13855,Оай,gordunni,1456,mage,frost,48,19,29
13856,Jokiss,draenor,1454,mage,frost,62,30,32
13857,Lesoleil,archimonde,1453,mage,frost,30,19,11
13858,Дарнивил,gordunni,1452,mage,frost,167,85,82
13859,Iulie,kazzak,1451,mage,frost,120,62,58
13860,Dllarky,drakthul,1448,mage,frost,48,24,24
13861,Khivax,twisting-nether,1448,mage,frost,66,27,39
13862,Woorm,sylvanas,1446,mage,frost,76,44,32
13863,Afklow,pozzo-delleternità,1442,mage,frost,39,21,18
13864,Maquiwizz,aggra-português,1442,mage,frost,48,24,24
13865,Eldariel,ravencrest,1442,mage,frost,83,39,44
13866,Shnitz,stormscale,1436,mage,frost,24,15,9
13867,Hayaka,sanguino,1435,mage,frost,59,30,29
13868,Charliezard,argent-dawn,1435,mage,frost,36,15,21
13869,Quadekun,tarren-mill,1432,mage,frost,30,15,15
13870,Stillfrostin,blackrock,1430,mage,frost,60,38,22
13871,Mßs,outland,1429,mage,frost,36,15,21
13872,Demensida,ravencrest,1428,mage,frost,148,72,76
13873,Alkhazzar,defias-brotherhood,1428,mage,frost,84,37,47
13874,Аваон,deathguard,1423,mage,frost,60,28,32
13875,Samath,conseil-des-ombres,1421,mage,frost,36,15,21
13876,Frostjävel,grim-batol,1418,mage,frost,29,17,12
13877,Absoluteswag,tarren-mill,1416,mage,frost,33,16,17
13878,Koreanbbq,outland,1414,mage,frost,36,15,21
13879,Hexmath,tarren-mill,1413,mage,frost,30,15,15
13880,Nutsa,silvermoon,1412,mage,frost,24,15,9
13881,Bebarz,darksorrow,1412,mage,frost,89,47,42
13882,Messatsux,tarren-mill,1411,mage,frost,30,15,15
13883,Pipihu,silvermoon,1409,mage,frost,54,27,27
13884,Elcølgaø,sanguino,1406,mage,frost,90,39,51
13885,Apeex,chamber-of-aspects,1405,mage,frost,36,15,21
13886,Shinzel,hyjal,1403,mage,frost,54,24,30
13887,Sixx,aegwynn,1400,mage,frost,41,19,22
13888,Shagee,stormscale,1399,mage,frost,30,16,14
13889,Pluribusunum,outland,1398,mage,frost,38,17,21
13890,Find,archimonde,1398,mage,frost,80,34,46
13891,Фиджарь,soulflayer,1397,mage,frost,72,39,33
13892,Синийлед,galakrond,1394,mage,frost,78,37,41
13893,Shüri,kazzak,1391,mage,frost,72,41,31
13894,Ymirë,khaz-modan,1391,mage,frost,45,20,25
13895,Alktraz,outland,1388,mage,frost,60,28,32
13896,Орижн,howling-fjord,1387,mage,frost,41,24,17
13897,Quail,anubarak,1378,mage,frost,88,42,46
13898,Icefix,dun-modr,1377,mage,frost,59,29,30
13899,Dabka,argent-dawn,1374,mage,frost,121,59,62
13900,Caesarclown,silvermoon,1372,mage,frost,125,63,62
13901,Lsdt,stormscale,1372,mage,frost,42,16,26
13902,Цепнойпёс,goldrinn,1371,mage,frost,34,17,17
13903,Imbatto,quelthalas,1370,mage,frost,30,16,14
13904,Iceorb,azshara,1364,mage,frost,114,52,62
13905,Fractox,ysondre,1360,mage,frost,106,56,50
13906,Cheerió,aggramar,1360,mage,frost,254,118,136
13907,Magitron,wildhammer,1358,mage,frost,29,17,12
13908,Smöked,tarren-mill,1350,mage,frost,252,128,124
13909,Morphees,twisting-nether,1345,mage,frost,36,22,14
13910,Manvo,bloodscalp,1345,mage,frost,60,23,37
13911,Jíncks,anachronos,1344,mage,frost,24,14,10
13912,Preí,archimonde,1344,mage,frost,37,15,22
13913,Пиньон,borean-tundra,1342,mage,frost,24,15,9
13914,Obbjob,ravencrest,1342,mage,frost,30,14,16
13915,Firehasse,draenor,1341,mage,frost,92,49,43
13916,Dmmeforcam,archimonde,1340,mage,frost,26,15,11
13917,Apócalyptic,tarren-mill,1340,mage,frost,64,36,28
13918,Immobilizer,eredar,1339,mage,frost,78,39,39
13919,Cinoox,blackrock,1337,mage,frost,34,15,19
13920,Nevaehine,ravencrest,1336,mage,frost,90,48,42
13921,Animaze,argent-dawn,1335,mage,frost,149,85,64
13922,Spelltastíc,blackmoore,1333,mage,frost,24,14,10
13923,Däpper,ragnaros,1332,mage,frost,36,15,21
13924,Karstnstenzl,blackrock,1331,mage,frost,24,14,10
13925,Кройзис,howling-fjord,1328,mage,frost,80,46,34
13926,Игрдлпдров,gordunni,1327,mage,frost,72,34,38
13927,Phenoxi,sylvanas,1325,mage,frost,24,14,10
13928,Laenadria,argent-dawn,1325,mage,frost,71,28,43
13929,Tìnder,tarren-mill,1324,mage,frost,60,31,29
13930,Discomorph,the-maelstrom,1322,mage,frost,24,14,10
13931,Katarapower,silvermoon,1322,mage,frost,144,67,77
13932,Sused,outland,1321,mage,frost,30,16,14
13933,Jedite,die-todeskrallen,1321,mage,frost,170,86,84
13934,Alicánte,silvermoon,1320,mage,frost,48,18,30
13935,Гунмаказ,soulflayer,1318,mage,frost,22,16,6
13936,Iggilaus,blackhand,1318,mage,frost,265,132,133
13937,Mdog,stormreaver,1317,mage,frost,68,35,33
13938,Морозящий,howling-fjord,1316,mage,frost,72,43,29
13939,Гатмир,gordunni,1316,mage,frost,219,105,114
13940,Rodatudo,ravencrest,1316,mage,frost,36,14,22
13941,Nups,ravencrest,1315,mage,frost,60,24,36
13942,Лутиум,howling-fjord,1313,mage,frost,181,100,81
13943,Hetaxata,kazzak,1313,mage,frost,32,16,16
13944,Iceym,ravencrest,1313,mage,frost,41,17,24
13945,Søphiâ,thrall,1308,mage,frost,63,33,30
13946,Illius,kelthuzad,1308,mage,frost,31,16,15
13947,Snowsánji,blackmoore,1307,mage,frost,29,14,15
13948,Shroomie,eredar,1305,mage,frost,36,16,20
13949,Kaaguraa,ravencrest,1301,mage,frost,117,62,55
13950,Iceterror,ravencrest,1300,mage,frost,24,15,9
13951,Oiklo,eitrigg,1300,mage,frost,55,24,31
13952,Psychosiss,kazzak,1298,mage,frost,49,27,22
13953,Rektd,blackhand,1297,mage,frost,87,41,46
13954,Криолетта,gordunni,1295,mage,frost,42,19,23
13955,Bolesnimage,draenor,1292,mage,frost,24,14,10
13956,Магсимум,ashenvale,1292,mage,frost,35,18,17
13957,Winterblues,frostmourne,1291,mage,frost,36,20,16
13958,Iceiceice,stormscale,1289,mage,frost,36,17,19
13959,Abolf,twisting-nether,1288,mage,frost,30,16,14
13960,Dsmoke,ravencrest,1287,mage,frost,33,14,19
13961,Zoubaz,archimonde,1286,mage,frost,31,16,15
13962,Анзот,howling-fjord,1284,mage,frost,28,15,13
13963,Velâska,malganis,1280,mage,frost,39,22,17
13964,Asteria,twisting-nether,1280,mage,frost,42,17,25
13965,Destruct,doomhammer,1277,mage,frost,30,18,12
13966,Kleini,die-aldor,1273,mage,frost,23,15,8
13967,Gacosane,chamber-of-aspects,1272,mage,frost,39,17,22
13968,Teuboku,ysondre,1271,mage,frost,43,27,16
13969,Bceps,stormscale,1271,mage,frost,48,27,21
13970,Tradez,norgannon,1271,mage,frost,42,17,25
13971,Scaless,stormscale,1268,mage,frost,64,32,32
13972,Tacto,ravencrest,1267,mage,frost,142,75,67
13973,Justleblanc,dalaran,1267,mage,frost,42,16,26
13974,Qtiepatootie,silvermoon,1266,mage,frost,97,55,42
13975,Левченкопро,soulflayer,1266,mage,frost,136,69,67
13976,Дырявка,galakrond,1263,mage,frost,54,23,31
13977,Braxxorz,chamber-of-aspects,1261,mage,frost,36,24,12
13978,Corpusqq,eredar,1261,mage,frost,36,15,21
13979,Lovësosa,hyjal,1260,mage,frost,41,20,21
13980,Daneliam,outland,1259,mage,frost,36,15,21
13981,Dyx,nemesis,1257,mage,frost,67,29,38
13982,Boredpeon,burning-legion,1254,mage,frost,54,29,25
13983,Akúmã,stormscale,1251,mage,frost,138,67,71
13984,Pwntt,terenas,1248,mage,frost,39,15,24
13985,Johnnydeepp,archimonde,1247,mage,frost,24,13,11
13986,Misscandy,doomhammer,1247,mage,frost,72,35,37
13987,Emerlyn,ragnaros,1246,mage,frost,24,13,11
13988,Jackin,burning-legion,1246,mage,frost,60,27,33
13989,Bengé,ragnaros,1245,mage,frost,22,14,8
13990,Dènzx,ravencrest,1244,mage,frost,18,13,5
13991,Xânârchy,minahonda,1242,mage,frost,72,33,39
13992,Melíssa,silvermoon,1240,mage,frost,18,13,5
13993,Iverson,kazzak,1240,mage,frost,33,14,19
13994,Crackheads,hyjal,1239,mage,frost,36,14,22
13995,Titanshao,silvermoon,1237,mage,frost,24,16,8
13996,Smõóve,hyjal,1237,mage,frost,33,15,18
13997,Вайконд,howling-fjord,1236,mage,frost,50,23,27
13998,Seelengott,onyxia,1224,mage,frost,145,72,73
13999,Pyroden,stormscale,1224,mage,frost,42,18,24
14000,Gliffy,terokkar,1222,mage,frost,49,29,20
14001,Хблэйз,howling-fjord,1222,mage,frost,36,14,22
14002,Tarkún,dun-modr,1219,mage,frost,42,23,19
14003,Zzombi,sylvanas,1219,mage,frost,63,32,31
14004,Suidas,auchindoun,1217,mage,frost,66,28,38
14005,Flakeh,outland,1217,mage,frost,36,15,21
14006,Yenkonidas,blackmoore,1216,mage,frost,36,16,20
14007,Lupuus,anubarak,1215,mage,frost,24,13,11
14008,Faycia,blackhand,1212,mage,frost,72,30,42
14009,Máurus,antonidas,1212,mage,frost,36,13,23
14010,Silvariy,stormscale,1204,mage,frost,100,48,52
14011,Zevúlòs,ravencrest,1202,mage,frost,42,28,14
14012,Jaghahah,tarren-mill,1190,mage,frost,48,29,19
14013,Вескнам,lich-king,1188,mage,frost,72,30,42
14014,Сибиди,gordunni,1185,mage,frost,24,13,11
14015,Vathalis,zuluhed,1183,mage,frost,53,19,34
14016,Fleurdelacur,ravencrest,1182,mage,frost,57,29,28
14017,Jodiefroster,bronzebeard,1180,mage,frost,42,24,18
14018,Хируэль,gordunni,1180,mage,frost,98,47,51
14019,Гаразлик,howling-fjord,1180,mage,frost,60,22,38
14020,Tiltedpapi,ravencrest,1172,mage,frost,34,19,15
14021,Zvuta,sanguino,1166,mage,frost,18,14,4
14022,Айсвеном,gordunni,1166,mage,frost,36,16,20
14023,Icekíss,hyjal,1162,mage,frost,22,13,9
14024,Shivah,onyxia,1161,mage,frost,70,25,45
14025,Bossgb,twisting-nether,1160,mage,frost,27,15,12
14026,Flamya,stormscale,1160,mage,frost,47,20,27
14027,Baravar,blackrock,1155,mage,frost,35,14,21
14028,Айсбоунт,eversong,1151,mage,frost,49,27,22
14029,Valyndra,twisting-nether,1150,mage,frost,18,12,6
14030,Amicuta,ravencrest,1150,mage,frost,48,24,24
14031,Xep,ragnaros,1150,mage,frost,24,12,12
14032,Arcticfury,ravencrest,1149,mage,frost,24,12,12
14033,Anamalhoa,aggra-português,1147,mage,frost,30,15,15
14034,Koreanbbq,kazzak,1146,mage,frost,18,12,6
14035,Sukky,todeswache,1146,mage,frost,24,12,12
14036,Ayoubz,outland,1145,mage,frost,24,12,12
14037,Kippercarry,outland,1144,mage,frost,24,12,12
14038,Zionw,frostwolf,1142,mage,frost,24,12,12
14039,Qulinx,kazzak,1142,mage,frost,29,13,16
14040,Saphiregos,dalaran,1139,mage,frost,82,41,41
14041,Esculapìo,nemesis,1139,mage,frost,60,30,30
14042,Arlunea,blackmoore,1138,mage,frost,30,12,18
14043,Oathkeepper,silvermoon,1135,mage,frost,124,60,64
14044,Latiny,destromath,1135,mage,frost,47,21,26
14045,Iamslow,sylvanas,1130,mage,frost,18,12,6
14046,Stryee,ragnaros,1128,mage,frost,24,12,12
14047,Ewina,twisting-nether,1128,mage,frost,24,12,12
14048,Momotemp,emerald-dream,1128,mage,frost,92,45,47
14049,Вельдрик,soulflayer,1127,mage,frost,85,41,44
14050,Dabina,sanguino,1120,mage,frost,30,13,17
14051,Килавый,eversong,1119,mage,frost,18,15,3
14052,Lêgólás,blackmoore,1119,mage,frost,24,12,12
14053,Lifemagic,chamber-of-aspects,1118,mage,frost,81,43,38
14054,Pinkis,darkmoon-faire,1116,mage,frost,79,40,39
14055,Луциаз,gordunni,1104,mage,frost,41,24,17
14056,Aileean,burning-legion,1101,mage,frost,42,18,24
14057,Zaruna,arathor,1094,mage,frost,27,13,14
14058,Pruneau,hyjal,1094,mage,frost,30,12,18
14059,Snakebit,kazzak,1092,mage,frost,29,12,17
14060,Rafaeala,argent-dawn,1084,mage,frost,82,41,41
14061,Goeb,kazzak,1083,mage,frost,35,14,21
14062,Niivel,ysondre,1082,mage,frost,120,68,52
14063,Roughfked,silvermoon,1082,mage,frost,48,27,21
14064,Саназэр,soulflayer,1079,mage,frost,60,26,34
14065,Aelire,die-aldor,1077,mage,frost,33,12,21
14066,Zwölfte,outland,1076,mage,frost,52,26,26
14067,Дедамаг,eversong,1064,mage,frost,36,18,18
14068,Лемозяра,gordunni,1056,mage,frost,12,11,1
14069,Soz,agamaggan,1056,mage,frost,18,11,7
14070,Sìsia,ragnaros,1056,mage,frost,18,11,7
14071,Dastion,sylvanas,1056,mage,frost,24,11,13
14072,Buffenhance,ravencrest,1056,mage,frost,36,11,25
14073,Xläderz,ravencrest,1055,mage,frost,18,11,7
14074,Hazzá,ravencrest,1055,mage,frost,18,11,7
14075,Evilmagíc,tarren-mill,1055,mage,frost,18,11,7
14076,Гелиадо,soulflayer,1055,mage,frost,30,11,19
14077,Síckmode,khadgar,1055,mage,frost,36,11,25
14078,Rere,zenedar,1054,mage,frost,26,13,13
14079,Grömit,drakthul,1053,mage,frost,18,11,7
14080,Kapueca,jaedenar,1053,mage,frost,33,20,13
14081,Гамаюнх,deathguard,1053,mage,frost,24,11,13
14082,Викликс,borean-tundra,1052,mage,frost,22,13,9
14083,Винилочка,deathguard,1051,mage,frost,24,11,13
14084,Sangumage,silvermoon,1051,mage,frost,24,11,13
14085,Бальзамон,eversong,1051,mage,frost,37,15,22
14086,Destrech,aggra-português,1050,mage,frost,18,11,7
14087,Файрусх,blackscar,1049,mage,frost,18,11,7
14088,Ryzea,ravencrest,1047,mage,frost,23,15,8
14089,Риктусемпра,ashenvale,1047,mage,frost,18,11,7
14090,Tainted,eredar,1047,mage,frost,24,11,13
14091,Schtenen,silvermoon,1047,mage,frost,140,64,76
14092,Irreversal,ravencrest,1045,mage,frost,41,18,23
14093,Férécide,ysondre,1045,mage,frost,30,11,19
14094,Qwixxis,sylvanas,1043,mage,frost,75,33,42
14095,Thry,bronzebeard,1042,mage,frost,30,11,19
14096,Khoshgele,draenor,1039,mage,frost,24,11,13
14097,Miidi,doomhammer,1036,mage,frost,30,16,14
14098,Heavyfire,kazzak,1034,mage,frost,18,11,7
14099,Clonefcf,sylvanas,1032,mage,frost,55,31,24
14100,Forestie,silvermoon,1032,mage,frost,50,23,27
14101,Snowrain,chogall,1030,mage,frost,47,23,24
14102,Pinguíni,aegwynn,1030,mage,frost,36,17,19
14103,Ramcoz,twisting-nether,1029,mage,frost,30,15,15
14104,Ananaskana,ragnaros,1025,mage,frost,18,11,7
14105,Коласольдом,gordunni,1024,mage,frost,24,11,13
14106,Tomuru,draenor,1020,mage,frost,21,14,7
14107,Yasheaa,ysondre,1020,mage,frost,23,11,12
14108,Илайла,booty-bay,1007,mage,frost,15,12,3
14109,Haljina,kazzak,1006,mage,frost,243,113,130
14110,Derbomber,guldan,1003,mage,frost,29,11,18
14111,Этридемус,howling-fjord,1000,mage,frost,42,11,31
14112,Erzà,todeswache,991,mage,frost,35,18,17
14113,Инкрионити,gordunni,989,mage,frost,17,11,6
14114,Блья,howling-fjord,984,mage,frost,36,21,15
14115,Kumakara,archimonde,981,mage,frost,24,12,12
14116,Zedsdeadbaby,argent-dawn,980,mage,frost,49,22,27
14117,Broduy,draenor,980,mage,frost,54,19,35
14118,Fashes,sunstrider,977,mage,frost,75,36,39
14119,Dnt,twilights-hammer,974,mage,frost,24,11,13
14120,Acx,drakthul,960,mage,frost,18,10,8
14121,Crzyubrdrver,blackrock,960,mage,frost,18,10,8
14122,Vannq,silvermoon,959,mage,frost,18,10,8
14123,Тортикток,soulflayer,959,mage,frost,24,10,14
14124,Джинетикс,deathguard,958,mage,frost,18,10,8
14125,Track,blackhand,958,mage,frost,24,10,14
14126,Ízumi,stormscale,958,mage,frost,24,10,14
14127,Фростидзе,gordunni,956,mage,frost,24,10,14
14128,Råståfåri,uldum,956,mage,frost,30,10,20
14129,Zenó,blackrock,956,mage,frost,30,10,20
14130,Quincy,frostwolf,951,mage,frost,18,10,8
14131,Nightplays,sylvanas,951,mage,frost,18,10,8
14132,Бабайбайкала,gordunni,951,mage,frost,36,10,26
14133,Celdra,blackrock,949,mage,frost,24,10,14
14134,Maybeblood,kazzak,946,mage,frost,28,11,17
14135,Frisstana,outland,946,mage,frost,30,10,20
14136,Evuryl,nemesis,944,mage,frost,24,10,14
14137,Мрперут,eversong,938,mage,frost,90,48,42
14138,Nazø,archimonde,932,mage,frost,36,10,26
14139,Tiefkühler,norgannon,931,mage,frost,24,11,13
14140,Jobarttrach,les-clairvoyants,930,mage,frost,71,35,36
14141,Margistikus,die-aldor,928,mage,frost,110,57,53
14142,Speedshatter,aegwynn,928,mage,frost,22,10,12
14143,Chogger,blackmoore,924,mage,frost,24,14,10
14144,Мосгормаг,gordunni,924,mage,frost,23,10,13
14145,Ghostgivree,archimonde,917,mage,frost,30,16,14
14146,Teals,turalyon,915,mage,frost,48,16,32
14147,Юлианх,gordunni,910,mage,frost,244,113,131
14148,Toxttr,drakthul,908,mage,frost,18,11,7
14149,Magicoliwia,ysera,905,mage,frost,24,13,11
14150,Pharohe,stormscale,905,mage,frost,28,11,17
14151,Døliprane,garona,900,mage,frost,36,19,17
14152,Pickaachu,doomhammer,893,mage,frost,30,15,15
14153,Çana,thrall,893,mage,frost,22,10,12
14154,Wopi,sylvanas,890,mage,frost,36,13,23
14155,Êmmá,blackmoore,885,mage,frost,54,22,32
14156,Piego,turalyon,882,mage,frost,46,24,22
14157,Sammelbot,kargath,872,mage,frost,42,21,21
14158,Lexalia,blackmoore,869,mage,frost,32,14,18
14159,Xæl,ravencrest,866,mage,frost,57,27,30
14160,Oblív,ravencrest,864,mage,frost,12,9,3
14161,Fakeklepter,sylvanas,864,mage,frost,12,9,3
14162,Ney,drakthul,864,mage,frost,12,9,3
14163,Abruaa,tarren-mill,864,mage,frost,12,9,3
14164,Arnoldkelly,tarren-mill,864,mage,frost,12,9,3
14165,Philoû,archimonde,864,mage,frost,18,9,9
14166,Ephixis,ravencrest,864,mage,frost,24,9,15
14167,Qtpoof,sylvanas,863,mage,frost,18,9,9
14168,Scoodles,kazzak,863,mage,frost,18,9,9
14169,Qqcult,ravencrest,863,mage,frost,18,9,9
14170,Muchmage,silvermoon,863,mage,frost,24,9,15
14171,Слизерин,gordunni,863,mage,frost,24,9,15
14172,Chililol,dun-modr,862,mage,frost,18,9,9
14173,Манднесс,azuregos,861,mage,frost,18,9,9
14174,Strychne,ragnaros,860,mage,frost,12,9,3
14175,Енотмаг,gordunni,860,mage,frost,18,9,9
14176,Raikøn,blackmoore,860,mage,frost,18,9,9
14177,Amazona,veklor,859,mage,frost,38,18,20
14178,Klésh,nemesis,858,mage,frost,18,9,9
14179,Meydoum,archimonde,858,mage,frost,18,9,9
14180,Naote,blackhand,858,mage,frost,18,9,9
14181,Vexperious,tarren-mill,857,mage,frost,12,9,3
14182,Suikune,twisting-nether,857,mage,frost,12,9,3
14183,Markasaura,kazzak,856,mage,frost,38,11,27
14184,Voralastor,doomhammer,855,mage,frost,12,9,3
14185,Fujitoras,khaz-modan,855,mage,frost,24,10,14
14186,Farrä,dun-modr,854,mage,frost,53,26,27
14187,Iceicebáby,draenor,845,mage,frost,24,9,15
14188,Ezzekkiel,elune,835,mage,frost,18,9,9
14189,Лордбелиал,soulflayer,834,mage,frost,24,9,15
14190,Olivaresa,ravencrest,824,mage,frost,32,10,22
14191,Ттэль,gordunni,820,mage,frost,34,14,20
14192,Kelthuzed,twisting-nether,814,mage,frost,21,9,12
14193,Aerius,lightnings-blade,813,mage,frost,21,9,12
14194,Isolia,silvermoon,810,mage,frost,23,9,14
14195,Фрайбл,gordunni,808,mage,frost,19,10,9
14196,Lemonshelo,archimonde,806,mage,frost,27,9,18
14197,Frigus,khaz-modan,804,mage,frost,27,9,18
14198,Venu,dun-modr,800,mage,frost,18,9,9
14199,Hooffer,stormscale,797,mage,frost,28,9,19
14200,Akâri,silvermoon,784,mage,frost,25,9,16
14201,Wýr,archimonde,768,mage,frost,12,8,4
14202,Фирдаркнесс,howling-fjord,768,mage,frost,12,8,4
14203,Séxmachiné,draenor,768,mage,frost,12,8,4
14204,Arunx,magtheridon,768,mage,frost,12,8,4
14205,Subzeraxo,archimonde,768,mage,frost,12,8,4
14206,Serclulz,ravencrest,768,mage,frost,12,8,4
14207,Dubstep,blackrock,768,mage,frost,12,8,4
14208,Jezí,ghostlands,768,mage,frost,18,8,10
14209,Nelfchewer,ravencrest,768,mage,frost,18,8,10
14210,Mðj,kazzak,768,mage,frost,18,8,10
14211,Transformo,draenor,768,mage,frost,18,8,10
14212,Гдедипфриз,soulflayer,768,mage,frost,18,8,10
14213,Väänik,draenor,768,mage,frost,18,8,10
14214,Zelimeth,outland,768,mage,frost,24,8,16
14215,Нереварин,soulflayer,768,mage,frost,24,8,16
14216,Чистокрут,gordunni,768,mage,frost,24,8,16
14217,Tajos,drakthul,767,mage,frost,12,8,4
14218,Gagaj,ravencrest,767,mage,frost,12,8,4
14219,Ia,kirin-tor,767,mage,frost,12,8,4
14220,Xyfys,azshara,767,mage,frost,12,8,4
14221,Zili,draenor,767,mage,frost,12,8,4
14222,Chicke,outland,767,mage,frost,12,8,4
14223,Bumbumdead,sylvanas,767,mage,frost,18,8,10
14224,Goodheadcake,ragnaros,767,mage,frost,18,8,10
14225,Insanewizard,kazzak,766,mage,frost,12,8,4
14226,Nïo,ravencrest,766,mage,frost,12,8,4
14227,Ãzi,ravencrest,766,mage,frost,12,8,4
14228,Quilava,ghostlands,766,mage,frost,12,8,4
14229,Anoez,kargath,766,mage,frost,18,8,10
14230,Tirenia,bloodfeather,766,mage,frost,29,8,21
14231,Illiaria,antonidas,765,mage,frost,12,8,4
14232,Ærrflôw,frostwolf,765,mage,frost,18,8,10
14233,Xakiha,kazzak,764,mage,frost,18,8,10
14234,Vignoni,the-maelstrom,764,mage,frost,18,8,10
14235,Skarxaa,sanguino,763,mage,frost,18,8,10
14236,Кельтузат,azuregos,762,mage,frost,12,8,4
14237,Dominos,medivh,762,mage,frost,18,8,10
14238,Мерджреквест,howling-fjord,745,mage,frost,17,8,9
14239,Fôôxy,aegwynn,745,mage,frost,23,8,15
14240,Qqlool,draenor,735,mage,frost,23,8,15
14241,Amalou,stormscale,729,mage,frost,32,9,23
14242,Zenoss,khaz-modan,719,mage,frost,18,8,10
14243,Clitch,blutkessel,715,mage,frost,20,9,11
14244,Hagiko,archimonde,713,mage,frost,15,9,6
14245,Blinklet,twisting-nether,713,mage,frost,17,10,7
14246,Kaeki,khaz-modan,708,mage,frost,20,10,10
14247,Emesarry,scarshield-legion,703,mage,frost,11,8,3
14248,Rayniß,blackmoore,702,mage,frost,20,8,12
14249,Cardioexpert,ravencrest,688,mage,frost,13,8,5
14250,Щавзорву,gordunni,686,mage,frost,16,8,8
14251,Wortyvery,outland,672,mage,frost,12,7,5
14252,Njl,blackmoore,672,mage,frost,12,7,5
14253,Anthrex,drakthul,672,mage,frost,12,7,5
14254,Skyblink,hyjal,672,mage,frost,12,7,5
14255,Lyès,uldaman,672,mage,frost,12,7,5
14256,Yobys,burning-legion,672,mage,frost,12,7,5
14257,Fîsheye,blackrock,672,mage,frost,12,7,5
14258,Glindalefay,silvermoon,672,mage,frost,12,7,5
14259,Agus,ravencrest,672,mage,frost,12,7,5
14260,Альмодера,gordunni,672,mage,frost,12,7,5
14261,Bumboozling,kazzak,672,mage,frost,12,7,5
14262,Icéy,kazzak,672,mage,frost,12,7,5
14263,Tenetic,thrall,672,mage,frost,14,7,7
14264,Vinlimar,drakthul,672,mage,frost,18,7,11
14265,Drwrey,tarren-mill,672,mage,frost,18,7,11
14266,Løgi,drakthul,672,mage,frost,18,7,11
14267,Blinkfloyd,blackmoore,672,mage,frost,18,7,11
14268,Mageyreid,quelthalas,672,mage,frost,18,7,11
14269,Lolmageop,aegwynn,672,mage,frost,18,7,11
14270,Kèj,kazzak,672,mage,frost,18,7,11
14271,Drandis,blackmoore,672,mage,frost,18,7,11
14272,Aterso,azshara,672,mage,frost,21,8,13
14273,Krookéd,tarren-mill,672,mage,frost,24,7,17
14274,Wàneís,ravencrest,672,mage,frost,24,7,17
14275,Qùb,eldrethalas,671,mage,frost,12,7,5
14276,Geepie,twisting-nether,671,mage,frost,12,7,5
14277,Nàtcho,tichondrius,671,mage,frost,12,7,5
14278,Митгори,gordunni,671,mage,frost,12,7,5
14279,Badphaz,frostmane,671,mage,frost,12,7,5
14280,Møstwãntêd,aegwynn,671,mage,frost,12,7,5
14281,Aern,sinstralis,671,mage,frost,18,7,11
14282,Ice,sargeras,671,mage,frost,18,7,11
14283,Kyrn,zuljin,671,mage,frost,18,7,11
14284,Lylla,cthun,671,mage,frost,18,7,11
14285,Frostvirgin,twisting-nether,671,mage,frost,18,7,11
14286,Chread,bronze-dragonflight,671,mage,frost,18,7,11
14287,Shanny,argent-dawn,670,mage,frost,12,7,5
14288,Hotpotatox,ravencrest,670,mage,frost,13,7,6
14289,Unreadyx,archimonde,670,mage,frost,18,7,11
14290,Nery,ravencrest,670,mage,frost,18,7,11
14291,Crematorium,argent-dawn,669,mage,frost,19,7,12
14292,Lenycz,burning-blade,668,mage,frost,18,7,11
14293,Lukewizard,twisting-nether,668,mage,frost,18,7,11
14294,Aériza,silvermoon,667,mage,frost,12,7,5
14295,Yojimbot,archimonde,667,mage,frost,30,7,23
14296,Умелецмаг,gordunni,665,mage,frost,12,7,5
14297,Vurtnez,kazzak,665,mage,frost,15,7,8
14298,Vamelia,blackmoore,660,mage,frost,24,7,17
14299,Helloimgone,blackmoore,655,mage,frost,17,7,10
14300,Stîckî,malganis,639,mage,frost,23,7,16
14301,Mutly,kazzak,633,mage,frost,14,8,6
14302,Lìx,ravencrest,623,mage,frost,11,7,4
14303,Skæde,ravencrest,618,mage,frost,17,11,6
14304,Аресуперпрес,gordunni,618,mage,frost,22,8,14
14305,Jockin,stormrage,616,mage,frost,19,8,11
14306,Kadsy,tarren-mill,600,mage,frost,23,8,15
14307,Rinuria,blackrock,576,mage,frost,6,6,0
14308,Estonka,ravencrest,576,mage,frost,6,6,0
14309,Escapematrix,ravencrest,576,mage,frost,6,6,0
14310,Skdroople,ravencrest,576,mage,frost,12,6,6
14311,Sainth,sanguino,576,mage,frost,12,6,6
14312,Ecnaclappy,blackrock,576,mage,frost,12,6,6
14313,Миллерфест,howling-fjord,576,mage,frost,12,6,6
14314,Sickofme,blackmoore,576,mage,frost,12,6,6
14315,Сизаам,howling-fjord,576,mage,frost,12,6,6
14316,Nécrømage,confrérie-du-thorium,576,mage,frost,12,6,6
14317,Диппро,soulflayer,576,mage,frost,12,6,6
14318,Titarie,ravencrest,576,mage,frost,12,6,6
14319,Frostyfart,tarren-mill,576,mage,frost,12,6,6
14320,Insømnium,stormscale,576,mage,frost,12,6,6
14321,Glöden,ravencrest,576,mage,frost,12,6,6
14322,Lepronsito,kazzak,576,mage,frost,12,6,6
14323,Creden,frostmane,576,mage,frost,12,6,6
14324,Tvångstralla,tarren-mill,576,mage,frost,12,6,6
14325,Eléaena,argent-dawn,576,mage,frost,12,6,6
14326,Magicdingo,lightnings-blade,576,mage,frost,12,6,6
14327,Kurtcobain,draenor,576,mage,frost,12,6,6
14328,Froststarr,burning-legion,576,mage,frost,12,6,6
14329,Marybaguette,archimonde,576,mage,frost,18,6,12
14330,Ury,hyjal,576,mage,frost,18,6,12
14331,Reeroll,arthas,576,mage,frost,18,6,12
14332,Articunoh,ravencrest,576,mage,frost,18,6,12
14333,Shakeándbake,ravencrest,576,mage,frost,18,6,12
14334,Yshax,malganis,576,mage,frost,24,6,18
14335,Pitbones,archimonde,575,mage,frost,12,6,6
14336,Metaboi,ragnaros,575,mage,frost,12,6,6
14337,Моритакаа,gordunni,575,mage,frost,12,6,6
14338,Partagedeco,dalaran,575,mage,frost,12,6,6
14339,Длинныеухи,blackscar,575,mage,frost,18,6,12
14340,Kaptenski,stormscale,575,mage,frost,18,6,12
14341,Saturator,burning-legion,575,mage,frost,18,6,12
14342,Вхламинка,howling-fjord,574,mage,frost,12,6,6
14343,Bhaâl,hyjal,574,mage,frost,12,6,6
14344,Stilnox,nemesis,574,mage,frost,18,6,12
14345,Rintoh,pozzo-delleternità,568,mage,frost,24,6,18
14346,Xatures,tarren-mill,559,mage,frost,17,6,11
14347,Maran,outland,555,mage,frost,24,6,18
14348,Чогоце,eversong,553,mage,frost,24,6,18
14349,Mínêrvâ,blackrock,528,mage,frost,15,7,8
14350,Lidin,draenor,527,mage,frost,11,6,5
14351,Escobar,frostmane,527,mage,frost,14,7,7
14352,Avb,twisting-nether,527,mage,frost,17,6,11
14353,Tschelo,eredar,512,mage,frost,16,6,10
14354,Miihawkk,khaz-modan,510,mage,frost,20,6,14
14355,Trøll,nemesis,480,mage,frost,6,5,1
14356,Tjayy,kazzak,480,mage,frost,6,5,1
14357,Hérä,archimonde,480,mage,frost,6,5,1
14358,Zehnvonzehn,antonidas,480,mage,frost,6,5,1
14359,Chucknoir,draenor,480,mage,frost,6,5,1
14360,Veemi,blackmoore,480,mage,frost,6,5,1
14361,Magnopvp,sanguino,480,mage,frost,10,6,4
14362,Gàtsby,outland,480,mage,frost,12,5,7
14363,Milkenjoyer,ravencrest,480,mage,frost,12,5,7
14364,Ikefire,draenor,480,mage,frost,12,5,7
14365,Moleester,twisting-nether,480,mage,frost,12,5,7
14366,Venque,blackrock,480,mage,frost,12,5,7
14367,Thelastmage,outland,480,mage,frost,12,5,7
14368,Magenox,blackrock,480,mage,frost,12,5,7
14369,Médivh,archimonde,480,mage,frost,12,5,7
14370,Zyxiie,sylvanas,480,mage,frost,12,5,7
14371,Kleptomania,archimonde,480,mage,frost,12,5,7
14372,Adagar,chamber-of-aspects,480,mage,frost,12,5,7
14373,Betomage,blackmoore,480,mage,frost,12,5,7
14374,Spell,blackmoore,480,mage,frost,12,5,7
14375,Leontus,outland,480,mage,frost,12,5,7
14376,Bamz,malganis,480,mage,frost,12,5,7
14377,Okey,frostwhisper,480,mage,frost,12,5,7
14378,Vapurx,blackmoore,480,mage,frost,12,5,7
14379,Antaos,drakthul,480,mage,frost,12,5,7
14380,Pixlet,kazzak,480,mage,frost,12,5,7
14381,Marikisanx,blackmoore,480,mage,frost,12,5,7
14382,Saucise,hyjal,480,mage,frost,12,5,7
14383,Chrømy,twisting-nether,480,mage,frost,12,5,7
14384,Funkyfriday,twisting-nether,480,mage,frost,12,5,7
14385,Primodious,kazzak,480,mage,frost,12,5,7
14386,Zaurok,sanguino,480,mage,frost,12,5,7
14387,Moffmage,sylvanas,480,mage,frost,12,5,7
14388,Shøcked,blackrock,480,mage,frost,18,5,13
14389,Wukidiwn,draenor,480,mage,frost,18,5,13
14390,Wenndrid,draenor,480,mage,frost,18,5,13
14391,Ioriyagami,dragonmaw,480,mage,frost,18,5,13
14392,Intêrnet,archimonde,480,mage,frost,20,5,15
14393,Restinnpiss,twisting-nether,479,mage,frost,6,5,1
14394,Шиллаа,blackscar,479,mage,frost,6,5,1
14395,Archilól,drakthul,479,mage,frost,12,5,7
14396,Zionara,stormscale,479,mage,frost,12,5,7
14397,Allotropia,ravencrest,479,mage,frost,12,5,7
14398,Полеморв,soulflayer,479,mage,frost,12,5,7
14399,Çxçx,dun-modr,479,mage,frost,12,5,7
14400,Xýton,azjolnerub,479,mage,frost,12,5,7
14401,Coldstormz,terenas,479,mage,frost,12,5,7
14402,Popixx,magtheridon,479,mage,frost,18,5,13
14403,Xèrec,ysondre,479,mage,frost,18,5,13
14404,Deletron,ragnaros,479,mage,frost,18,5,13
14405,Feuerflamme,theradras,478,mage,frost,12,5,7
14406,Dumbledores,aegwynn,478,mage,frost,18,5,13
14407,Gønzô,blackmoore,477,mage,frost,18,5,13
14408,Rifinouu,archimonde,476,mage,frost,12,5,7
14409,Polflop,sylvanas,476,mage,frost,12,5,7
14410,Phibonaci,sylvanas,475,mage,frost,12,5,7
14411,Soulcatcheus,archimonde,473,mage,frost,18,5,13
14412,Mystto,silvermoon,472,mage,frost,12,5,7
14413,Иксайс,soulflayer,468,mage,frost,23,8,15
14414,Blinkinggoat,ragnaros,448,mage,frost,16,5,11
14415,Swemagus,outland,432,mage,frost,9,5,4
14416,Shunii,ravencrest,431,mage,frost,11,5,6
14417,Hbarftw,ravencrest,426,mage,frost,14,6,8
14418,Euklid,ravencrest,416,mage,frost,10,5,5
14419,Shakamage,grim-batol,415,mage,frost,10,5,5
14420,Xerathon,ravencrest,414,mage,frost,16,5,11
14421,Leylus,blackmoore,399,mage,frost,5,5,0
14422,Kaeser,ravencrest,384,mage,frost,6,4,2
14423,Nötmârtònxø,ragnaros,384,mage,frost,6,4,2
14424,Ahøllic,frostwolf,384,mage,frost,6,4,2
14425,Унитазныймаг,howling-fjord,384,mage,frost,6,4,2
14426,Leonora,blackhand,384,mage,frost,6,4,2
14427,Sylvîe,tarren-mill,384,mage,frost,6,4,2
14428,Proudmøøre,argent-dawn,384,mage,frost,6,4,2
14429,Friedkek,ravencrest,384,mage,frost,6,4,2
14430,Noviina,argent-dawn,384,mage,frost,6,4,2
14431,Botanicula,the-maelstrom,384,mage,frost,6,4,2
14432,Sneakii,the-maelstrom,384,mage,frost,6,4,2
14433,Ðíø,twisting-nether,384,mage,frost,6,4,2
14434,Arcitech,tarren-mill,384,mage,frost,6,4,2
14435,Scoxywoxy,ragnaros,384,mage,frost,6,4,2
14436,Drmng,stormscale,384,mage,frost,6,4,2
14437,Cosmostms,ravencrest,384,mage,frost,6,4,2
14438,Meign,eredar,384,mage,frost,6,4,2
14439,Fuhry,tarren-mill,384,mage,frost,6,4,2
14440,Jodíefroster,doomhammer,384,mage,frost,6,4,2
14441,Ðazzftw,archimonde,384,mage,frost,6,4,2
14442,Шанлис,gordunni,384,mage,frost,6,4,2
14443,Qwibbly,kazzak,384,mage,frost,6,4,2
14444,Pinkusbruh,aggra-português,384,mage,frost,6,4,2
14445,Cesi,silvermoon,384,mage,frost,6,4,2
14446,Doryy,silvermoon,384,mage,frost,6,4,2
14447,Nightcàller,pozzo-delleternità,384,mage,frost,6,4,2
14448,Zerobelow,silvermoon,384,mage,frost,6,4,2
14449,Ón,burning-steppes,384,mage,frost,6,4,2
14450,Razzìatore,pozzo-delleternità,384,mage,frost,7,4,3
14451,Ahdetärjag,silvermoon,384,mage,frost,12,4,8
14452,Tærrëñshíll,tarren-mill,384,mage,frost,12,4,8
14453,Facerollyo,tarren-mill,384,mage,frost,12,4,8
14454,Fyriel,burning-legion,384,mage,frost,12,4,8
14455,Lambaa,thrall,384,mage,frost,12,4,8
14456,Zikyo,silvermoon,384,mage,frost,12,4,8
14457,Jazzi,blackrock,384,mage,frost,12,4,8
14458,Faunas,kazzak,384,mage,frost,12,4,8
14459,Muntiks,ravencrest,384,mage,frost,12,4,8
14460,Newtwo,ravencrest,384,mage,frost,12,4,8
14461,Mopus,ravencrest,384,mage,frost,12,4,8
14462,Proffset,outland,384,mage,frost,12,4,8
14463,Roberx,sanguino,384,mage,frost,12,4,8
14464,Ðarkreaver,kaelthas,384,mage,frost,12,4,8
14465,Xoouuboo,eredar,384,mage,frost,12,4,8
14466,Tarovan,defias-brotherhood,384,mage,frost,12,4,8
14467,Oizar,hyjal,384,mage,frost,12,4,8
14468,Шипкастермвп,howling-fjord,384,mage,frost,12,4,8
14469,Lillelord,defias-brotherhood,384,mage,frost,12,4,8
14470,Elldiamage,draenor,384,mage,frost,12,4,8
14471,Пламяорды,soulflayer,384,mage,frost,12,4,8
14472,Fikkamika,ragnaros,384,mage,frost,12,4,8
14473,Acclay,malganis,384,mage,frost,12,4,8
14474,Stellarie,sylvanas,384,mage,frost,12,4,8
14475,Wwjd,darksorrow,384,mage,frost,12,4,8
14476,Юджегс,soulflayer,384,mage,frost,12,4,8
14477,Ruténa,aegwynn,384,mage,frost,18,4,14
14478,Blinkmehome,silvermoon,384,mage,frost,18,4,14
14479,Cavadrex,arathor,384,mage,frost,18,4,14
14480,Wuffwuffspik,grim-batol,383,mage,frost,6,4,2
14481,Nandie,stormreaver,383,mage,frost,12,4,8
14482,Juntara,stormscale,383,mage,frost,12,4,8
14483,Brandonjames,ragnaros,383,mage,frost,12,4,8
14484,Kyrox,ysondre,383,mage,frost,18,4,14
14485,Mimicassa,defias-brotherhood,371,mage,frost,22,9,13
14486,Whosthemage,kazzak,351,mage,frost,8,5,3
14487,Nebby,argent-dawn,351,mage,frost,11,4,7
14488,Trais,blackrock,336,mage,frost,9,5,4
14489,Hidrax,outland,330,mage,frost,9,6,3
14490,Zagori,sylvanas,330,mage,frost,10,5,5
14491,Tsubas,blackmoore,330,mage,frost,15,5,10
14492,Sleîhg,sanguino,320,mage,frost,10,4,6
14493,Regenn,kazzak,318,mage,frost,5,4,1
14494,Coldnight,uldum,301,mage,frost,13,4,9
14495,Труупоед,borean-tundra,288,mage,frost,6,3,3
14496,Haginatorr,twisting-nether,288,mage,frost,6,3,3
14497,Tommyboy,dragonblight,288,mage,frost,6,3,3
14498,Vodjka,nemesis,288,mage,frost,6,3,3
14499,Brunettdelux,archimonde,288,mage,frost,6,3,3
14500,Kilstine,outland,288,mage,frost,6,3,3
14501,Сэрруденкент,soulflayer,288,mage,frost,6,3,3
14502,Frígíd,outland,288,mage,frost,6,3,3
14503,Dragotus,dragonblight,288,mage,frost,6,3,3
14504,Волшебну,soulflayer,288,mage,frost,6,3,3
14505,Gladxp,outland,288,mage,frost,6,3,3
14506,Amaterâsu,antonidas,288,mage,frost,6,3,3
14507,Illîllîllî,blackrock,288,mage,frost,6,3,3
14508,Mobjar,twisting-nether,288,mage,frost,6,3,3
14509,Siérra,outland,288,mage,frost,6,3,3
14510,Bóósh,alakir,288,mage,frost,6,3,3
14511,Arandartis,kazzak,288,mage,frost,6,3,3
14512,Bænoß,ravencrest,288,mage,frost,6,3,3
14513,Orelox,kazzak,288,mage,frost,6,3,3
14514,Drinte,blackmoore,288,mage,frost,6,3,3
14515,Zlacked,tarren-mill,288,mage,frost,6,3,3
14516,Nevertøxic,ravencrest,288,mage,frost,6,3,3
14517,Narcîsa,sanguino,288,mage,frost,6,3,3
14518,Xhal,hyjal,288,mage,frost,6,3,3
14519,Microsmag,thrall,288,mage,frost,6,3,3
14520,Лакифриз,gordunni,288,mage,frost,6,3,3
14521,Suitx,draenor,288,mage,frost,6,3,3
14522,Luckydo,turalyon,288,mage,frost,6,3,3
14523,Sozie,tarren-mill,288,mage,frost,6,3,3
14524,Milminmage,ravencrest,288,mage,frost,6,3,3
14525,Ghayaa,defias-brotherhood,288,mage,frost,6,3,3
14526,Aestus,outland,288,mage,frost,6,3,3
14527,Gotone,tarren-mill,288,mage,frost,6,3,3
14528,Frökenfrost,stormscale,288,mage,frost,6,3,3
14529,Rèkt,lightbringer,288,mage,frost,6,3,3
14530,Magekaoz,sylvanas,288,mage,frost,6,3,3
14531,Ørixx,blackhand,288,mage,frost,6,3,3
14532,Snowberry,blackrock,288,mage,frost,6,3,3
14533,Onegaisenpai,ragnaros,288,mage,frost,6,3,3
14534,Dumblemore,ragnaros,288,mage,frost,6,3,3
14535,Bisuke,stormscale,288,mage,frost,6,3,3
14536,Овеча,gordunni,288,mage,frost,6,3,3
14537,Учительйода,ashenvale,288,mage,frost,6,3,3
14538,Fboltprocd,ragnaros,288,mage,frost,6,3,3
14539,Lyramage,draenor,288,mage,frost,6,3,3
14540,Muuckie,blackrock,288,mage,frost,6,3,3
14541,Trashmage,blackrock,288,mage,frost,6,3,3
14542,Broccosoup,kazzak,288,mage,frost,6,3,3
14543,Schmutzki,eredar,288,mage,frost,6,3,3
14544,Justvik,eredar,288,mage,frost,6,3,3
14545,Merlín,malganis,288,mage,frost,6,3,3
14546,Zyllu,argent-dawn,288,mage,frost,6,3,3
14547,Frèézê,frostwolf,288,mage,frost,6,3,3
14548,Wormhole,kazzak,288,mage,frost,6,3,3
14549,Eliosia,drakthul,288,mage,frost,6,3,3
14550,Bigburns,draenor,288,mage,frost,6,3,3
14551,Нефростмаг,gordunni,288,mage,frost,6,3,3
14552,Kryptass,aegwynn,288,mage,frost,12,3,9
14553,Kaiyn,argent-dawn,288,mage,frost,12,3,9
14554,Imasheeper,silvermoon,288,mage,frost,12,3,9
14555,Эммилиарда,gordunni,288,mage,frost,12,3,9
14556,Деметрадон,gordunni,288,mage,frost,12,3,9
14557,Vioulette,elune,288,mage,frost,12,3,9
14558,Потныйдпс,eversong,288,mage,frost,12,3,9
14559,Subtempo,silvermoon,288,mage,frost,12,3,9
14560,Waterhagx,tarren-mill,288,mage,frost,12,3,9
14561,Paradigma,sylvanas,288,mage,frost,12,3,9
14562,Voraxma,draenor,288,mage,frost,12,3,9
14563,Crayz,magtheridon,288,mage,frost,12,3,9
14564,Naween,hyjal,288,mage,frost,12,3,9
14565,Скайлуйт,gordunni,288,mage,frost,12,3,9
14566,Gogara,kazzak,288,mage,frost,12,3,9
14567,Tadaa,blackmoore,288,mage,frost,12,3,9
14568,Xeldary,blackmoore,288,mage,frost,12,3,9
14569,Ripdeepfreez,culte-de-la-rive-noire,288,mage,frost,12,3,9
14570,Wambamm,ravencrest,288,mage,frost,12,3,9
14571,Hacimari,hyjal,288,mage,frost,12,3,9
14572,Sérc,ravencrest,288,mage,frost,12,3,9
14573,Ахиригиз,gordunni,288,mage,frost,12,3,9
14574,Fernandéz,ravencrest,288,mage,frost,12,3,9
14575,Micklolz,blackmoore,288,mage,frost,12,3,9
14576,Consquens,aszune,288,mage,frost,12,3,9
14577,Котофайв,howling-fjord,288,mage,frost,12,3,9
14578,Phonkim,stormscale,288,mage,frost,12,3,9
14579,Faitha,ravencrest,288,mage,frost,12,3,9
14580,Wslyx,dun-morogh,288,mage,frost,18,3,15
14581,Magó,eredar,287,mage,frost,6,3,3
14582,Fumachustas,kazzak,287,mage,frost,6,3,3
14583,Valtarisoo,amanthul,287,mage,frost,6,3,3
14584,Magjaw,twisting-nether,287,mage,frost,6,3,3
14585,Sylênna,kazzak,287,mage,frost,9,4,5
14586,Kasus,sporeggar,287,mage,frost,12,3,9
14587,Familyfrost,thunderhorn,287,mage,frost,12,3,9
14588,Freeto,blackmoore,286,mage,frost,6,3,3
14589,Rosenkrauz,kul-tiras,280,mage,frost,26,3,23
14590,Torryel,silvermoon,256,mage,frost,10,3,7
14591,Колдунская,gordunni,255,mage,frost,11,3,8
14592,Ëloenn,dalaran,255,mage,frost,11,3,8
14593,Iif,zirkel-des-cenarius,239,mage,frost,5,3,2
14594,Райдзен,greymane,234,mage,frost,21,4,17
14595,Setyon,burning-legion,223,mage,frost,8,3,5
14596,Шеллестун,soulflayer,208,mage,frost,7,3,4
14597,Viro,defias-brotherhood,192,mage,frost,9,3,6
14598,Dalaras,archimonde,192,mage,frost,6,2,4
14599,Magovix,archimonde,192,mage,frost,6,2,4
14600,Perfection,cthun,192,mage,frost,6,2,4
14601,Feath,ravencrest,192,mage,frost,6,2,4
14602,Swørd,aggra-português,192,mage,frost,6,2,4
14603,Grönmonster,shattered-hand,192,mage,frost,6,2,4
14604,Банана,lich-king,192,mage,frost,6,2,4
14605,Creak,blackhand,192,mage,frost,6,2,4
14606,Doidadetanga,aggra-português,192,mage,frost,6,2,4
14607,Флоой,gordunni,192,mage,frost,6,2,4
14608,Barspin,lightnings-blade,192,mage,frost,6,2,4
14609,Nøxas,archimonde,192,mage,frost,6,2,4
14610,Frostbringer,archimonde,192,mage,frost,6,2,4
14611,Labius,dun-modr,192,mage,frost,6,2,4
14612,Infamage,draenor,192,mage,frost,6,2,4
14613,Lïppoutou,archimonde,192,mage,frost,6,2,4
14614,Fearbeäch,ravencrest,192,mage,frost,6,2,4
14615,Bloodymage,zenedar,192,mage,frost,6,2,4
14616,Ckrax,sanguino,192,mage,frost,6,2,4
14617,Ehbehad,doomhammer,192,mage,frost,6,2,4
14618,Галадриелька,gordunni,192,mage,frost,6,2,4
14619,Mezaiyh,blackmoore,192,mage,frost,6,2,4
14620,Warwizz,sanguino,192,mage,frost,6,2,4
14621,Proxanlulz,ravencrest,192,mage,frost,6,2,4
14622,Etherìon,los-errantes,192,mage,frost,6,2,4
14623,Meteofrost,draenor,192,mage,frost,6,2,4
14624,Shealá,blackhand,192,mage,frost,6,2,4
14625,Blastus,ragnaros,192,mage,frost,6,2,4
14626,Ingibjorg,auchindoun,192,mage,frost,6,2,4
14627,Yunion,burning-legion,192,mage,frost,6,2,4
14628,Бд,blackscar,192,mage,frost,6,2,4
14629,Smokedaddy,stormscale,192,mage,frost,6,2,4
14630,Xblaz,draenor,192,mage,frost,6,2,4
14631,Maestrá,outland,192,mage,frost,6,2,4
14632,Elor,eredar,192,mage,frost,6,2,4
14633,Estupen,sanguino,192,mage,frost,6,2,4
14634,Zheakz,kazzak,192,mage,frost,6,2,4
14635,Ðøæø,twisting-nether,192,mage,frost,6,2,4
14636,Sperow,marécage-de-zangar,192,mage,frost,6,2,4
14637,Beardyman,haomarush,192,mage,frost,6,2,4
14638,Brutal,thrall,192,mage,frost,6,2,4
14639,Delvir,stormreaver,192,mage,frost,6,2,4
14640,Chíefsheep,thrall,192,mage,frost,6,2,4
14641,Thegoodoctor,kazzak,192,mage,frost,6,2,4
14642,Dxdxdxdxdx,drakthul,192,mage,frost,6,2,4
14643,Løxyy,ysondre,192,mage,frost,6,2,4
14644,Naldora,turalyon,192,mage,frost,6,2,4
14645,Sebers,kazzak,192,mage,frost,6,2,4
14646,Maveya,blackmoore,192,mage,frost,6,2,4
14647,Burnem,kult-der-verdammten,192,mage,frost,6,2,4
14648,Tomia,burning-legion,192,mage,frost,6,2,4
14649,Rizzlybear,outland,192,mage,frost,6,2,4
14650,Kobrass,spinebreaker,192,mage,frost,6,2,4
14651,Pumpzy,tarren-mill,192,mage,frost,6,2,4
14652,Alieni,stormreaver,192,mage,frost,6,2,4
14653,Gameart,alexstrasza,192,mage,frost,6,2,4
14654,Cortis,outland,192,mage,frost,6,2,4
14655,Welt,drakthul,192,mage,frost,6,2,4
14656,Alleii,kazzak,192,mage,frost,6,2,4
14657,Zerøsílgødx,antonidas,192,mage,frost,6,2,4
14658,Xenodike,blackrock,192,mage,frost,6,2,4
14659,Adetin,tarren-mill,192,mage,frost,6,2,4
14660,Laciee,silvermoon,192,mage,frost,6,2,4
14661,Frazztato,tarren-mill,192,mage,frost,6,2,4
14662,Balmak,doomhammer,192,mage,frost,6,2,4
14663,Tygaone,tirion,192,mage,frost,6,2,4
14664,Ørcan,azshara,192,mage,frost,12,2,10
14665,Xawokem,outland,192,mage,frost,12,2,10
14666,Freezeballs,blackmoore,192,mage,frost,12,2,10
14667,Shizzy,onyxia,192,mage,frost,12,2,10
14668,Illiot,twisting-nether,192,mage,frost,12,2,10
14669,Магниффика,blackscar,192,mage,frost,12,2,10
14670,Mariujana,ravencrest,192,mage,frost,12,2,10
14671,Rapidfrost,drakthul,192,mage,frost,12,2,10
14672,Myriel,thrall,192,mage,frost,12,2,10
14673,Portnography,draenor,192,mage,frost,12,2,10
14674,Bêta,dun-modr,192,mage,frost,12,2,10
14675,Pogmage,blackrock,192,mage,frost,12,2,10
14676,Shallari,argent-dawn,192,mage,frost,12,2,10
14677,Braínfreeze,kazzak,192,mage,frost,12,2,10
14678,Flamê,ragnaros,192,mage,frost,12,2,10
14679,Funakin,blackrock,192,mage,frost,12,2,10
14680,Boned,ravencrest,192,mage,frost,12,2,10
14681,Hruon,ravenholdt,192,mage,frost,15,2,13
14682,Malicä,ravencrest,192,mage,frost,18,2,16
14683,Aaropalli,kazzak,191,mage,frost,6,2,4
14684,Makkertje,silvermoon,191,mage,frost,6,2,4
14685,Faithseed,dun-modr,191,mage,frost,6,2,4
14686,Illusionx,grim-batol,191,mage,frost,6,2,4
14687,Mátraxx,silvermoon,191,mage,frost,12,2,10
14688,Magipus,anetheron,190,mage,frost,12,2,10
14689,Azadan,pozzo-delleternità,159,mage,frost,5,2,3
14690,Ivailo,ravencrest,159,mage,frost,5,2,3
14691,Dødo,archimonde,159,mage,frost,5,2,3
14692,Aerathâ,blackrock,159,mage,frost,5,2,3
14693,Kyan,burning-legion,159,mage,frost,5,2,3
14694,Codeincassie,blackhand,138,mage,frost,10,4,6
14695,Zôot,ravencrest,138,mage,frost,11,4,7
14696,Ehren,ravencrest,138,mage,frost,10,3,7
14697,Distrophy,vashj,138,mage,frost,12,3,9
14698,Xyhno,eredar,137,mage,frost,7,3,4
14699,Klivapå,aggramar,128,mage,frost,4,2,2
14700,Skitsó,shadowsong,127,mage,frost,4,2,2
14701,Arghen,nemesis,105,mage,frost,13,3,10
14702,Firestárter,ravencrest,96,mage,frost,3,2,1
14703,Ntintsec,tarren-mill,96,mage,frost,3,2,1
14704,Лрее,gordunni,96,mage,frost,6,1,5
14705,Aarcheon,kazzak,96,mage,frost,6,1,5
14706,Stace,area-52,96,mage,frost,6,1,5
14707,Rezre,stormscale,96,mage,frost,6,1,5
14708,Atírpá,doomhammer,96,mage,frost,6,1,5
14709,Dyen,hyjal,96,mage,frost,6,1,5
14710,Alphaburstqx,ragnaros,96,mage,frost,6,1,5
14711,Graell,archimonde,96,mage,frost,6,1,5
14712,Niladyel,hyjal,96,mage,frost,6,1,5
14713,Dzomage,kazzak,96,mage,frost,6,1,5
14714,Saytmage,ragnaros,96,mage,frost,6,1,5
14715,Nåzmyz,outland,96,mage,frost,6,1,5
14716,Rilac,nordrassil,96,mage,frost,6,1,5
14717,Larmp,outland,96,mage,frost,6,1,5
14718,Teeclis,twisting-nether,96,mage,frost,6,1,5
14719,Nullso,zuljin,96,mage,frost,6,1,5
14720,Capz,outland,96,mage,frost,6,1,5
14721,Kosso,twisting-nether,96,mage,frost,6,1,5
14722,Arogance,archimonde,96,mage,frost,6,1,5
14723,Romaga,quelthalas,96,mage,frost,6,1,5
14724,Loskapaska,stormreaver,96,mage,frost,6,1,5
14725,Vali,drakthul,96,mage,frost,6,1,5
14726,Homeessa,stormreaver,96,mage,frost,6,1,5
14727,Testoletku,twisting-nether,96,mage,frost,6,1,5
14728,Колтрэйн,blackscar,96,mage,frost,6,1,5
14729,Dwarfyy,frostmane,96,mage,frost,6,1,5
14730,Mystikj,arathor,96,mage,frost,6,1,5
14731,Statîc,bronzebeard,96,mage,frost,6,1,5
14732,Sheeptonreup,archimonde,96,mage,frost,6,1,5
14733,Кагумми,gordunni,96,mage,frost,6,1,5
14734,Devòna,silvermoon,96,mage,frost,6,1,5
14735,Squìshy,magtheridon,96,mage,frost,6,1,5
14736,Nekroulis,agamaggan,96,mage,frost,6,1,5
14737,Fumandalonso,sanguino,96,mage,frost,6,1,5
14738,Kpacey,guldan,96,mage,frost,6,1,5
14739,Холдми,gordunni,96,mage,frost,6,1,5
14740,Одз,grom,96,mage,frost,6,1,5
14741,Mëgu,silvermoon,96,mage,frost,6,1,5
14742,Luxxurious,xavius,96,mage,frost,6,1,5
14743,Деорро,gordunni,96,mage,frost,6,1,5
14744,Luckymango,alakir,96,mage,frost,6,1,5
14745,Froostii,aegwynn,96,mage,frost,6,1,5
14746,Мэджиксул,grom,96,mage,frost,6,1,5
14747,Petri,laughing-skull,96,mage,frost,6,1,5
14748,Fîrestorm,doomhammer,96,mage,frost,6,1,5
14749,Jonku,tarren-mill,96,mage,frost,6,1,5
14750,Spamblink,archimonde,96,mage,frost,9,1,8
14751,Snowy,sargeras,96,mage,frost,12,1,11
14752,Kyraja,arthas,96,mage,frost,12,1,11
14753,Ploufatak,hyjal,96,mage,frost,18,1,17
14754,Aurayaa,teldrassil,95,mage,frost,11,1,10
14755,Elkayizer,archimonde,95,mage,frost,12,1,11
14756,Bagss,ysondre,95,mage,frost,12,1,11
14757,Nalord,saurfang,95,mage,frost,12,1,11
14758,Milhoux,ysondre,79,mage,frost,5,1,4
14759,Maege,ragnaros,63,mage,frost,2,2,0
14760,Magebraín,ravencrest,63,mage,frost,2,2,0
14761,Gocu,tarren-mill,63,mage,frost,2,2,0
14762,Holginho,twilights-hammer,42,mage,frost,17,7,10
14763,Aeghis,darkspear,42,mage,frost,10,3,7
14764,Mayreel,antonidas,42,mage,frost,11,3,8
14765,Интровертка,blackscar,31,mage,frost,2,1,1
14766,Yoxt,blackhand,31,mage,frost,2,1,1
14767,Flizwiz,ragnaros,16,mage,frost,7,1,6
14768,Xaramael,colinas-pardas,8,mage,frost,9,3,6
14769,Fisterino,zuljin,2304,monk,mistweaver,54,42,12
14770,Cocojones,tarren-mill,2286,monk,mistweaver,108,76,32
14771,Nnsstt,zuljin,2277,monk,mistweaver,104,64,40
14772,Bankmw,tarren-mill,2265,monk,mistweaver,77,52,25
14773,Brickedup,twisting-nether,2246,monk,mistweaver,139,81,58
14774,Fister,zuljin,2219,monk,mistweaver,65,43,22
14775,Ballademager,magtheridon,2218,monk,mistweaver,96,59,37
14776,Montex,stormscale,2210,monk,mistweaver,96,53,43
14777,Lp,mugthol,2206,monk,mistweaver,78,52,26
14778,Онимэшнеца,gordunni,2170,monk,mistweaver,77,48,29
14779,Zaerin,eredar,2155,monk,mistweaver,67,39,28
14780,Quendiz,frostwolf,2152,monk,mistweaver,90,49,41
14781,Iminar,blackrock,2149,monk,mistweaver,72,45,27
14782,Вульфхильда,soulflayer,2146,monk,mistweaver,246,144,102
14783,Nawak,archimonde,2144,monk,mistweaver,201,108,93
14784,Vivie,destromath,2142,monk,mistweaver,72,46,26
14785,Çoomðragon,stormscale,2139,monk,mistweaver,48,33,15
14786,Akanetsu,kazzak,2139,monk,mistweaver,138,80,58
14787,Monkield,kazzak,2136,monk,mistweaver,182,120,62
14788,Chsx,ravencrest,2134,monk,mistweaver,90,64,26
14789,Mønkeÿ,ravencrest,2130,monk,mistweaver,70,42,28
14790,Ltmxy,ravencrest,2127,monk,mistweaver,66,40,26
14791,Umadbrohuh,outland,2126,monk,mistweaver,66,39,27
14792,Meliowo,ravencrest,2125,monk,mistweaver,90,51,39
14793,Фунтос,soulflayer,2124,monk,mistweaver,66,41,25
14794,Chichigneux,hyjal,2123,monk,mistweaver,87,60,27
14795,Tryhârdx,stormscale,2122,monk,mistweaver,84,45,39
14796,Trashcarlita,eredar,2120,monk,mistweaver,84,48,36
14797,Beetlejuicé,stormscale,2118,monk,mistweaver,42,28,14
14798,Loofey,ragnaros,2117,monk,mistweaver,218,128,90
14799,Vanost,kazzak,2114,monk,mistweaver,90,45,45
14800,Bighealz,aggra-português,2113,monk,mistweaver,77,43,34
14801,Bigbøøty,silvermoon,2112,monk,mistweaver,90,46,44
14802,Cranex,terenas,2109,monk,mistweaver,118,72,46
14803,Glooni,blackrock,2108,monk,mistweaver,75,46,29
14804,Кимлейн,blackscar,2108,monk,mistweaver,48,29,19
14805,Shonbadatret,argent-dawn,2108,monk,mistweaver,90,54,36
14806,Donitrivegas,blackrock,2106,monk,mistweaver,126,85,41
14807,Bobthewild,draenor,2104,monk,mistweaver,449,233,216
14808,Sinted,blackmoore,2103,monk,mistweaver,83,52,31
14809,Lifelessons,blackrock,2103,monk,mistweaver,57,34,23
14810,Swoshz,ragnaros,2103,monk,mistweaver,66,33,33
14811,Mibe,alonsus,2103,monk,mistweaver,108,53,55
14812,Blubberwurst,gorgonnash,2102,monk,mistweaver,130,74,56
14813,Flowy,uldum,2101,monk,mistweaver,60,31,29
14814,Kêkburagol,kazzak,2100,monk,mistweaver,126,83,43
14815,Глитч,deepholm,2100,monk,mistweaver,66,43,23
14816,Yellowtape,kiljaeden,2100,monk,mistweaver,215,127,88
14817,Commadore,draenor,2097,monk,mistweaver,84,39,45
14818,Хапаюивтыкаю,gordunni,2094,monk,mistweaver,60,41,19
14819,Botweaver,tarren-mill,2091,monk,mistweaver,48,32,16
14820,Kêkbûrâgól,kazzak,2090,monk,mistweaver,133,76,57
14821,Lylleri,darksorrow,2089,monk,mistweaver,68,40,28
14822,Tímmz,blackrock,2088,monk,mistweaver,96,56,40
14823,Lyashi,dalaran,2077,monk,mistweaver,84,45,39
14824,Леолайт,borean-tundra,2075,monk,mistweaver,118,68,50
14825,Kurbanov,stormscale,2069,monk,mistweaver,75,40,35
14826,Pizzabud,ravencrest,2068,monk,mistweaver,64,43,21
14827,Øllen,stormscale,2062,monk,mistweaver,71,41,30
14828,Webhottie,twisting-nether,2061,monk,mistweaver,96,56,40
14829,Wajoba,blackhand,2061,monk,mistweaver,102,51,51
14830,Joke,ragnaros,2059,monk,mistweaver,102,51,51
14831,Monkrah,blackmoore,2047,monk,mistweaver,60,35,25
14832,Tigermw,twisting-nether,2040,monk,mistweaver,67,45,22
14833,Monkeyi,silvermoon,2040,monk,mistweaver,108,57,51
14834,Zevenblad,stormscale,2036,monk,mistweaver,82,43,39
14835,Loiyah,dun-modr,2034,monk,mistweaver,60,34,26
14836,Turricane,blackmoore,2031,monk,mistweaver,96,46,50
14837,Mergina,silvermoon,2026,monk,mistweaver,66,37,29
14838,Pennyflame,stormscale,2026,monk,mistweaver,125,67,58
14839,Cítysushi,draenor,2023,monk,mistweaver,57,37,20
14840,Seeyoulater,nemesis,2021,monk,mistweaver,246,125,121
14841,Adgoh,tarren-mill,2018,monk,mistweaver,58,43,15
14842,Stringg,zuljin,2016,monk,mistweaver,306,169,137
14843,Кулакх,blackscar,2012,monk,mistweaver,106,59,47
14844,Ðalvan,blackrock,2011,monk,mistweaver,78,39,39
14845,Fåtjøë,ravencrest,2010,monk,mistweaver,48,31,17
14846,Flandersmonk,ravencrest,2008,monk,mistweaver,90,57,33
14847,Шортмневноги,howling-fjord,2008,monk,mistweaver,137,74,63
14848,Qwertyxo,draenor,2005,monk,mistweaver,111,71,40
14849,Monkeystar,archimonde,2004,monk,mistweaver,66,38,28
14850,Ouhmaikgød,dun-modr,2003,monk,mistweaver,94,48,46
14851,Суммрачная,gordunni,2002,monk,mistweaver,144,89,55
14852,Inlakech,auchindoun,1992,monk,mistweaver,129,73,56
14853,Mösêê,eredar,1992,monk,mistweaver,88,39,49
14854,Couchfrmikea,twisting-nether,1991,monk,mistweaver,78,42,36
14855,Brxndimonk,antonidas,1990,monk,mistweaver,63,35,28
14856,Teampro,ragnaros,1990,monk,mistweaver,258,138,120
14857,Pyrìt,blackhand,1985,monk,mistweaver,54,39,15
14858,Holyrop,aegwynn,1982,monk,mistweaver,36,25,11
14859,Môûsè,ravencrest,1981,monk,mistweaver,102,62,40
14860,Mememaster,blackhand,1981,monk,mistweaver,112,68,44
14861,Skailzkrtwo,hyjal,1979,monk,mistweaver,66,39,27
14862,Zeoverx,ragnaros,1977,monk,mistweaver,78,36,42
14863,Uao,tarren-mill,1971,monk,mistweaver,66,31,35
14864,Loiyh,dun-modr,1969,monk,mistweaver,72,35,37
14865,Calmed,tarren-mill,1968,monk,mistweaver,202,123,79
14866,Bigbummer,blackmoore,1968,monk,mistweaver,120,68,52
14867,Veganweaver,ravencrest,1966,monk,mistweaver,60,37,23
14868,Manatoiled,draenor,1961,monk,mistweaver,54,34,20
14869,Vienuolè,silvermoon,1961,monk,mistweaver,54,30,24
14870,Ruurruuru,archimonde,1960,monk,mistweaver,78,52,26
14871,Jemp,ravencrest,1960,monk,mistweaver,401,236,165
14872,Howtoown,burning-legion,1960,monk,mistweaver,60,34,26
14873,Bmane,archimonde,1960,monk,mistweaver,53,29,24
14874,Kapud,twisting-nether,1958,monk,mistweaver,84,47,37
14875,Arenatwo,outland,1957,monk,mistweaver,81,51,30
14876,Karsat,hyjal,1954,monk,mistweaver,431,227,204
14877,Sofunny,blackrock,1953,monk,mistweaver,86,50,36
14878,Roadrunnér,ravencrest,1952,monk,mistweaver,66,35,31
14879,Mharlie,stormscale,1948,monk,mistweaver,131,70,61
14880,Zonsym,twisting-nether,1948,monk,mistweaver,72,38,34
14881,Residùe,kazzak,1946,monk,mistweaver,84,50,34
14882,Коконгкд,blackscar,1946,monk,mistweaver,292,158,134
14883,Beili,ravencrest,1946,monk,mistweaver,79,42,37
14884,Brickeduptwo,twisting-nether,1945,monk,mistweaver,54,48,6
14885,Siphem,ravencrest,1935,monk,mistweaver,191,107,84
14886,Yuukiiqt,kult-der-verdammten,1934,monk,mistweaver,83,47,36
14887,Homes,blackmoore,1933,monk,mistweaver,84,50,34
14888,Dmonkz,magtheridon,1932,monk,mistweaver,36,26,10
14889,Ltmdwarf,ravencrest,1932,monk,mistweaver,72,36,36
14890,Кулачонка,blackscar,1928,monk,mistweaver,42,23,19
14891,Monkeymain,tarren-mill,1926,monk,mistweaver,53,29,24
14892,Stemanit,draenor,1920,monk,mistweaver,65,40,25
14893,Halùnkè,eredar,1917,monk,mistweaver,147,84,63
14894,Gronkr,draenor,1916,monk,mistweaver,94,50,44
14895,Djsqx,outland,1915,monk,mistweaver,30,20,10
14896,Ashm,shattered-halls,1915,monk,mistweaver,60,30,30
14897,Гроксси,howling-fjord,1914,monk,mistweaver,128,79,49
14898,Ûnknöw,archimonde,1910,monk,mistweaver,66,39,27
14899,Srdarr,kazzak,1910,monk,mistweaver,72,39,33
14900,Ганссмонк,blackscar,1909,monk,mistweaver,54,28,26
14901,Bigmilkies,ysondre,1907,monk,mistweaver,72,39,33
14902,Meemyo,blackmoore,1904,monk,mistweaver,83,34,49
14903,Dragzol,tarren-mill,1903,monk,mistweaver,114,59,55
14904,Moariann,drakthul,1902,monk,mistweaver,120,64,56
14905,Muchobijca,defias-brotherhood,1900,monk,mistweaver,78,44,34
14906,Shirkán,ragnaros,1899,monk,mistweaver,162,90,72
14907,Subàru,draenor,1898,monk,mistweaver,93,60,33
14908,Рендикаое,soulflayer,1897,monk,mistweaver,181,104,77
14909,Боецкфц,soulflayer,1897,monk,mistweaver,58,33,25
14910,Seventhirty,ravencrest,1896,monk,mistweaver,36,20,16
14911,Capkum,dun-modr,1895,monk,mistweaver,84,44,40
14912,Pwner,daggerspine,1893,monk,mistweaver,281,146,135
14913,Æøwyn,ragnaros,1892,monk,mistweaver,88,61,27
14914,Zanzetsu,twisting-nether,1891,monk,mistweaver,137,76,61
14915,Dmonk,aegwynn,1891,monk,mistweaver,100,46,54
14916,Manjini,blackhand,1889,monk,mistweaver,59,31,28
14917,Neszesmonk,ragnaros,1888,monk,mistweaver,181,98,83
14918,Voltzeig,dentarg,1888,monk,mistweaver,252,131,121
14919,Melysà,antonidas,1885,monk,mistweaver,45,27,18
14920,Tierrax,cthun,1880,monk,mistweaver,71,36,35
14921,Deepl,dun-modr,1880,monk,mistweaver,54,27,27
14922,Donkeymønk,hyjal,1874,monk,mistweaver,338,187,151
14923,Wwvwwvwwvwwv,ragnaros,1874,monk,mistweaver,84,36,48
14924,Ðurîmar,ravencrest,1873,monk,mistweaver,39,24,15
14925,Yoghurtz,frostmourne,1873,monk,mistweaver,150,85,65
14926,Rolxx,twisting-nether,1871,monk,mistweaver,86,44,42
14927,Monkeycoke,ragnaros,1870,monk,mistweaver,35,21,14
14928,Haìryplotter,kazzak,1869,monk,mistweaver,117,67,50
14929,Strillen,twisting-nether,1869,monk,mistweaver,67,35,32
14930,Inuria,ravencrest,1867,monk,mistweaver,78,54,24
14931,Uwû,ravencrest,1866,monk,mistweaver,77,56,21
14932,Ræïzò,dun-morogh,1865,monk,mistweaver,58,34,24
14933,Blantai,tarren-mill,1865,monk,mistweaver,72,35,37
14934,Тащунаскилле,thermaplugg,1862,monk,mistweaver,62,39,23
14935,Jiafei,tarren-mill,1862,monk,mistweaver,42,25,17
14936,Hiryu,argent-dawn,1862,monk,mistweaver,53,31,22
14937,Effeots,blackrock,1862,monk,mistweaver,222,116,106
14938,Zoida,azuremyst,1862,monk,mistweaver,114,59,55
14939,Cptsensey,draenor,1861,monk,mistweaver,42,29,13
14940,Chazu,outland,1861,monk,mistweaver,66,36,30
14941,Youkâi,blackrock,1859,monk,mistweaver,48,31,17
14942,Savagex,sanguino,1859,monk,mistweaver,66,35,31
14943,Rullsimpa,ravencrest,1858,monk,mistweaver,77,34,43
14944,Shadezz,blackmoore,1857,monk,mistweaver,52,36,16
14945,Digzzy,draenor,1856,monk,mistweaver,63,35,28
14946,Waramow,eredar,1855,monk,mistweaver,36,25,11
14947,Supercoach,blackrock,1855,monk,mistweaver,111,65,46
14948,Yexìu,kult-der-verdammten,1855,monk,mistweaver,42,23,19
14949,Фейкнаут,soulflayer,1855,monk,mistweaver,108,57,51
14950,Døk,twisting-nether,1852,monk,mistweaver,36,24,12
14951,Perelman,burning-legion,1851,monk,mistweaver,84,48,36
14952,Дамбмонк,blackscar,1849,monk,mistweaver,41,24,17
14953,Magixc,drakthul,1849,monk,mistweaver,68,39,29
14954,Perceptîon,thrall,1849,monk,mistweaver,71,40,31
14955,Øméga,ravencrest,1848,monk,mistweaver,116,82,34
14956,Sugra,frostwolf,1847,monk,mistweaver,57,36,21
14957,Керизз,gordunni,1846,monk,mistweaver,42,27,15
14958,Alprox,moonglade,1846,monk,mistweaver,158,83,75
14959,Timmzý,blackmoore,1845,monk,mistweaver,48,34,14
14960,Yamqt,thrall,1845,monk,mistweaver,42,27,15
14961,Neisha,drakthul,1843,monk,mistweaver,102,63,39
14962,Enveløp,stormscale,1842,monk,mistweaver,42,29,13
14963,Pizelx,alakir,1842,monk,mistweaver,54,28,26
14964,Musclemage,turalyon,1841,monk,mistweaver,60,31,29
14965,Yungsooth,stormscale,1838,monk,mistweaver,53,37,16
14966,Kratzl,blackrock,1838,monk,mistweaver,42,27,15
14967,Pøhx,ragnaros,1837,monk,mistweaver,87,51,36
14968,Shimmichanga,blackrock,1836,monk,mistweaver,65,42,23
14969,Людзяо,galakrond,1836,monk,mistweaver,66,39,27
14970,Crôcøpx,blackhand,1836,monk,mistweaver,66,33,33
14971,Monkdrak,eredar,1835,monk,mistweaver,39,24,15
14972,Jades,emeriss,1835,monk,mistweaver,198,99,99
14973,Toram,burning-legion,1833,monk,mistweaver,60,29,31
14974,Monkbtw,kazzak,1831,monk,mistweaver,36,27,9
14975,Ønlyfäns,kazzak,1831,monk,mistweaver,112,67,45
14976,Jamiedhism,ravencrest,1831,monk,mistweaver,54,28,26
14977,Pitrols,twisting-nether,1830,monk,mistweaver,225,127,98
14978,Siignmonk,ravencrest,1829,monk,mistweaver,72,38,34
14979,Shortinlegs,silvermoon,1828,monk,mistweaver,48,28,20
14980,Chanzey,silvermoon,1828,monk,mistweaver,228,125,103
14981,Нубстриимс,gordunni,1828,monk,mistweaver,62,33,29
14982,Mistyfox,aszune,1828,monk,mistweaver,95,45,50
14983,Koguosa,outland,1827,monk,mistweaver,42,32,10
14984,Véxyra,draenor,1827,monk,mistweaver,48,32,16
14985,Lanory,blackmoore,1827,monk,mistweaver,42,26,16
14986,Chitea,argent-dawn,1827,monk,mistweaver,53,30,23
14987,Wrv,kazzak,1827,monk,mistweaver,205,109,96
14988,Мефодийкун,howling-fjord,1826,monk,mistweaver,108,63,45
14989,Playbîrd,archimonde,1826,monk,mistweaver,100,54,46
14990,Brxmonki,antonidas,1826,monk,mistweaver,48,25,23
14991,Notachi,doomhammer,1825,monk,mistweaver,243,135,108
14992,Porcman,archimonde,1825,monk,mistweaver,141,71,70
14993,Элонхаск,gordunni,1824,monk,mistweaver,54,29,25
14994,Swagmonk,silvermoon,1824,monk,mistweaver,56,30,26
14995,Cåpybårå,outland,1824,monk,mistweaver,249,131,118
14996,Mbynxtlife,draenor,1824,monk,mistweaver,48,25,23
14997,Vizfist,tarren-mill,1823,monk,mistweaver,54,26,28
14998,Legsweep,blackhand,1822,monk,mistweaver,109,74,35
14999,Taeyhung,thrall,1822,monk,mistweaver,75,47,28
15000,Lildaddymonk,ravencrest,1822,monk,mistweaver,54,24,30
15001,Astromune,draenor,1821,monk,mistweaver,53,32,21
15002,Амаранточка,howling-fjord,1820,monk,mistweaver,60,38,22
15003,Luru,outland,1820,monk,mistweaver,53,33,20
15004,Trollroll,defias-brotherhood,1820,monk,mistweaver,132,74,58
15005,Mobrac,twisting-nether,1820,monk,mistweaver,50,26,24
15006,Marqinio,archimonde,1820,monk,mistweaver,60,31,29
15007,Анстапоблх,grom,1820,monk,mistweaver,54,24,30
15008,Hurri,krasus,1819,monk,mistweaver,36,25,11
15009,Doffm,auchindoun,1819,monk,mistweaver,60,39,21
15010,Bicmex,archimonde,1819,monk,mistweaver,90,42,48
15011,Swaghäuser,blackmoore,1816,monk,mistweaver,168,94,74
15012,Motang,blackmoore,1816,monk,mistweaver,62,34,28
15013,Mugenzen,sanguino,1816,monk,mistweaver,36,19,17
15014,Polch,archimonde,1816,monk,mistweaver,78,38,40
15015,Твикса,soulflayer,1816,monk,mistweaver,114,54,60
15016,Zulein,defias-brotherhood,1814,monk,mistweaver,36,21,15
15017,Тамаз,gordunni,1814,monk,mistweaver,59,24,35
15018,Шэганэ,deathguard,1813,monk,mistweaver,62,40,22
15019,Crñ,blackmoore,1813,monk,mistweaver,44,26,18
15020,Basilbrushxd,stormscale,1813,monk,mistweaver,48,27,21
15021,Santoron,baelgun,1812,monk,mistweaver,63,30,33
15022,Onlyfist,stormscale,1811,monk,mistweaver,42,28,14
15023,Sugermum,outland,1811,monk,mistweaver,54,31,23
15024,Claudiå,kazzak,1811,monk,mistweaver,54,27,27
15025,Yäffa,archimonde,1809,monk,mistweaver,126,71,55
15026,Karmasnitch,antonidas,1808,monk,mistweaver,66,38,28
15027,Лиянь,soulflayer,1807,monk,mistweaver,96,56,40
15028,Kilograme,tarren-mill,1806,monk,mistweaver,66,36,30
15029,Kîrânâ,eredar,1806,monk,mistweaver,54,29,25
15030,Aromipesäx,outland,1806,monk,mistweaver,59,31,28
15031,Ранки,lich-king,1806,monk,mistweaver,60,27,33
15032,Lmnsx,ravencrest,1805,monk,mistweaver,30,19,11
15033,Fullzi,dalaran,1805,monk,mistweaver,30,19,11
15034,Panson,twisting-nether,1804,monk,mistweaver,54,28,26
15035,Dollyqt,ravencrest,1803,monk,mistweaver,48,28,20
15036,Monkgolitaxd,dun-modr,1803,monk,mistweaver,198,111,87
15037,Yum,anetheron,1803,monk,mistweaver,90,46,44
15038,Vanicweaver,aegwynn,1802,monk,mistweaver,36,26,10
15039,Fùckaround,emeriss,1802,monk,mistweaver,60,37,23
15040,Notzaele,zuljin,1802,monk,mistweaver,42,23,19
15041,Monkler,blackhand,1802,monk,mistweaver,90,43,47
15042,Bossmanfred,outland,1801,monk,mistweaver,84,56,28
15043,Jinxini,twisting-nether,1800,monk,mistweaver,24,19,5
15044,Callysra,archimonde,1800,monk,mistweaver,42,30,12
15045,Pudgefeed,silvermoon,1800,monk,mistweaver,72,42,30
15046,Monknice,sylvanas,1800,monk,mistweaver,77,40,37
15047,Hurricaine,hyjal,1799,monk,mistweaver,30,19,11
15048,Brewnox,ragnaros,1797,monk,mistweaver,59,30,29
15049,Нимбмонк,soulflayer,1796,monk,mistweaver,53,25,28
15050,Wiwâ,outland,1794,monk,mistweaver,55,31,24
15051,Mistyhoe,twisting-nether,1794,monk,mistweaver,83,42,41
15052,Shurdax,silvermoon,1793,monk,mistweaver,90,49,41
15053,Butterbean,conseil-des-ombres,1792,monk,mistweaver,45,28,17
15054,Luvmollý,silvermoon,1787,monk,mistweaver,114,57,57
15055,Jorahmarmond,tarren-mill,1786,monk,mistweaver,48,35,13
15056,Threesíxníne,dun-morogh,1783,monk,mistweaver,42,22,20
15057,Loobee,ravencrest,1782,monk,mistweaver,48,24,24
15058,Shâng,blackhand,1780,monk,mistweaver,42,23,19
15059,Key,stormreaver,1779,monk,mistweaver,60,40,20
15060,Birgitbuddha,gorgonnash,1776,monk,mistweaver,84,48,36
15061,Zöumi,ravencrest,1776,monk,mistweaver,60,31,29
15062,Egg,frostmane,1770,monk,mistweaver,36,22,14
15063,Lildaddymunk,ravencrest,1766,monk,mistweaver,36,21,15
15064,Фунтих,soulflayer,1764,monk,mistweaver,40,21,19
15065,Nêøø,blackrock,1760,monk,mistweaver,156,105,51
15066,Барлиос,soulflayer,1760,monk,mistweaver,265,141,124
15067,Brysiqtx,aegwynn,1760,monk,mistweaver,63,31,32
15068,Bammemw,archimonde,1760,monk,mistweaver,54,25,29
15069,Théverre,uldaman,1759,monk,mistweaver,165,107,58
15070,Lünara,ambossar,1759,monk,mistweaver,78,45,33
15071,Tráïner,madmortem,1759,monk,mistweaver,125,64,61
15072,Räpeltäjä,stormreaver,1757,monk,mistweaver,30,24,6
15073,Errowin,blackmoore,1756,monk,mistweaver,102,63,39
15074,Neash,silvermoon,1756,monk,mistweaver,60,36,24
15075,Sîono,antonidas,1755,monk,mistweaver,48,34,14
15076,Кодизи,gordunni,1755,monk,mistweaver,35,23,12
15077,Holyropx,aegwynn,1755,monk,mistweaver,42,25,17
15078,Sniffn,ravencrest,1754,monk,mistweaver,54,35,19
15079,Limbaskalol,dun-modr,1754,monk,mistweaver,181,90,91
15080,Blamethegame,hyjal,1753,monk,mistweaver,35,24,11
15081,Actionsusi,area-52,1753,monk,mistweaver,48,27,21
15082,Stifmeister,tarren-mill,1750,monk,mistweaver,94,50,44
15083,Milkhy,minahonda,1750,monk,mistweaver,82,43,39
15084,Эрмилинда,gordunni,1749,monk,mistweaver,54,26,28
15085,Kaezm,blackrock,1746,monk,mistweaver,42,26,16
15086,Xámell,ravencrest,1746,monk,mistweaver,36,19,17
15087,Seandyche,ravencrest,1744,monk,mistweaver,34,23,11
15088,Dewamønk,blackmoore,1744,monk,mistweaver,40,23,17
15089,Mafiazøo,hyjal,1743,monk,mistweaver,66,43,23
15090,Simòna,dun-modr,1743,monk,mistweaver,216,115,101
15091,Papimonkx,garona,1743,monk,mistweaver,42,20,22
15092,Mcscrub,ragnaros,1742,monk,mistweaver,35,24,11
15093,Jerymonk,tarren-mill,1742,monk,mistweaver,162,91,71
15094,Kickin,burning-legion,1740,monk,mistweaver,40,26,14
15095,Xoconut,kazzak,1739,monk,mistweaver,232,126,106
15096,Shyheimyo,outland,1739,monk,mistweaver,48,23,25
15097,Mugotea,twisting-nether,1736,monk,mistweaver,60,33,27
15098,Fatdad,magtheridon,1735,monk,mistweaver,83,41,42
15099,Nsq,ravencrest,1731,monk,mistweaver,48,26,22
15100,Greentape,kiljaeden,1730,monk,mistweaver,42,27,15
15101,Prototyp,burning-legion,1729,monk,mistweaver,36,23,13
15102,Grauwe,stormscale,1728,monk,mistweaver,39,25,14
15103,Konnîchîwa,kazzak,1727,monk,mistweaver,125,70,55
15104,Эифорйя,howling-fjord,1726,monk,mistweaver,58,25,33
15105,Cykatea,dun-modr,1725,monk,mistweaver,348,190,158
15106,Yadokaí,darkmoon-faire,1724,monk,mistweaver,48,23,25
15107,Myeers,dun-modr,1723,monk,mistweaver,153,79,74
15108,Wajøba,blackhand,1722,monk,mistweaver,36,18,18
15109,Séi,kazzak,1721,monk,mistweaver,36,18,18
15110,Mwrbg,shadowsong,1720,monk,mistweaver,113,63,50
15111,Poohya,silvermoon,1720,monk,mistweaver,36,18,18
15112,Chimara,kazzak,1718,monk,mistweaver,79,45,34
15113,Déffly,ravencrest,1717,monk,mistweaver,24,18,6
15114,Аскмилол,deathweaver,1717,monk,mistweaver,60,35,25
15115,Kóan,stormscale,1717,monk,mistweaver,93,45,48
15116,Мичан,howling-fjord,1716,monk,mistweaver,114,65,49
15117,Минимонахх,blackscar,1714,monk,mistweaver,48,30,18
15118,Alë,argent-dawn,1714,monk,mistweaver,105,65,40
15119,Blacktee,eredar,1714,monk,mistweaver,36,21,15
15120,Merína,ragnaros,1714,monk,mistweaver,207,109,98
15121,Olympiiee,archimonde,1713,monk,mistweaver,293,157,136
15122,Ashjaxa,silvermoon,1710,monk,mistweaver,42,18,24
15123,Enoffovicz,archimonde,1709,monk,mistweaver,48,34,14
15124,Meldi,ravencrest,1709,monk,mistweaver,42,24,18
15125,Ivanzamonka,stormscale,1708,monk,mistweaver,71,47,24
15126,Babbub,tarren-mill,1707,monk,mistweaver,60,36,24
15127,Tjann,stormscale,1706,monk,mistweaver,48,33,15
15128,Бладмонки,soulflayer,1706,monk,mistweaver,60,38,22
15129,Shyheim,outland,1705,monk,mistweaver,48,36,12
15130,Öhlinmonk,outland,1704,monk,mistweaver,42,24,18
15131,Adis,nerathor,1703,monk,mistweaver,48,28,20
15132,Moontríx,kazzak,1703,monk,mistweaver,48,21,27
15133,Djpunchable,blackrock,1701,monk,mistweaver,35,26,9
15134,Chünlii,dun-modr,1701,monk,mistweaver,54,25,29
15135,Shigong,hellscream,1700,monk,mistweaver,66,36,30
15136,Артэкрио,soulflayer,1699,monk,mistweaver,42,32,10
15137,Trifogeorge,archimonde,1699,monk,mistweaver,36,21,15
15138,Ziibaa,outland,1698,monk,mistweaver,42,28,14
15139,Evad,kazzak,1698,monk,mistweaver,66,41,25
15140,Wernos,archimonde,1698,monk,mistweaver,48,25,23
15141,ßojo,kazzak,1697,monk,mistweaver,75,51,24
15142,Rullefald,stormscale,1697,monk,mistweaver,102,57,45
15143,Акли,gordunni,1696,monk,mistweaver,36,24,12
15144,Stramonk,nemesis,1696,monk,mistweaver,189,94,95
15145,Quendi,frostwolf,1695,monk,mistweaver,36,23,13
15146,Вакидзави,gordunni,1694,monk,mistweaver,48,31,17
15147,Кикподхвост,blackscar,1694,monk,mistweaver,60,26,34
15148,Jabington,aegwynn,1693,monk,mistweaver,87,51,36
15149,Milkabtw,kazzak,1692,monk,mistweaver,39,25,14
15150,Фучой,howling-fjord,1692,monk,mistweaver,57,34,23
15151,Táuriéll,eredar,1692,monk,mistweaver,36,18,18
15152,Кербю,gordunni,1690,monk,mistweaver,42,23,19
15153,Irêfutabil,sylvanas,1688,monk,mistweaver,63,34,29
15154,Skïrmíshgødx,ravencrest,1688,monk,mistweaver,48,20,28
15155,Kebabrolle,blackrock,1685,monk,mistweaver,36,20,16
15156,Kukn,twisting-nether,1683,monk,mistweaver,69,35,34
15157,Fìstpwnjk,forscherliga,1681,monk,mistweaver,110,71,39
15158,Suliya,zuluhed,1681,monk,mistweaver,48,28,20
15159,Cdriscas,aggra-português,1681,monk,mistweaver,59,32,27
15160,Mîstxd,kazzak,1679,monk,mistweaver,53,30,23
15161,Sadmw,archimonde,1679,monk,mistweaver,36,20,16
15162,Oikodomos,twisting-nether,1679,monk,mistweaver,53,28,25
15163,Papours,ysondre,1676,monk,mistweaver,30,22,8
15164,Rogvi,argent-dawn,1674,monk,mistweaver,156,74,82
15165,Monkwithlove,blackhand,1673,monk,mistweaver,48,27,21
15166,Pogimonkey,ragnaros,1673,monk,mistweaver,48,25,23
15167,Dog,garona,1672,monk,mistweaver,48,20,28
15168,Аци,blackscar,1671,monk,mistweaver,47,31,16
15169,Dokternelg,silvermoon,1671,monk,mistweaver,36,23,13
15170,Hokespokus,silvermoon,1671,monk,mistweaver,59,37,22
15171,Ipmanlol,archimonde,1670,monk,mistweaver,102,60,42
15172,Gréèñðrägôñ,stormscale,1668,monk,mistweaver,30,22,8
15173,Bullergøjen,ravencrest,1668,monk,mistweaver,78,52,26
15174,Elmezz,burning-legion,1668,monk,mistweaver,39,19,20
15175,Zorkev,dun-modr,1667,monk,mistweaver,113,63,50
15176,Dearmw,silvermoon,1666,monk,mistweaver,90,50,40
15177,Áyell,archimonde,1665,monk,mistweaver,81,52,29
15178,Rngmåchínè,ravencrest,1665,monk,mistweaver,54,30,24
15179,Steveé,kazzak,1664,monk,mistweaver,36,25,11
15180,Cøcøøn,blackrock,1664,monk,mistweaver,38,20,18
15181,Piednuques,archimonde,1664,monk,mistweaver,42,19,23
15182,Féfè,archimonde,1663,monk,mistweaver,42,22,20
15183,Onlyfunn,sanguino,1661,monk,mistweaver,60,33,27
15184,Insømnia,ragnaros,1660,monk,mistweaver,34,21,13
15185,Jacksa,bronze-dragonflight,1660,monk,mistweaver,152,74,78
15186,Jolude,nemesis,1659,monk,mistweaver,72,37,35
15187,Heramonk,dun-modr,1659,monk,mistweaver,46,22,24
15188,Pamtu,dun-modr,1658,monk,mistweaver,66,41,25
15189,Elvand,twisting-nether,1656,monk,mistweaver,66,39,27
15190,Репаблликуес,gordunni,1656,monk,mistweaver,34,20,14
15191,Varyat,uldum,1656,monk,mistweaver,41,24,17
15192,Trollandroll,stormscale,1655,monk,mistweaver,131,71,60
15193,Эддрос,gordunni,1655,monk,mistweaver,66,35,31
15194,Mangi,rexxar,1655,monk,mistweaver,72,37,35
15195,Meltfistqt,ravencrest,1654,monk,mistweaver,112,52,60
15196,Maikez,stormreaver,1654,monk,mistweaver,46,19,27
15197,Koraxx,blackmoore,1652,monk,mistweaver,78,41,37
15198,Ínsanez,dun-modr,1651,monk,mistweaver,36,18,18
15199,Джулибубба,borean-tundra,1650,monk,mistweaver,48,30,18
15200,Handarbetare,ravencrest,1650,monk,mistweaver,52,24,28
15201,Skailzkrt,hyjal,1649,monk,mistweaver,43,19,24
15202,Hôn,sanguino,1648,monk,mistweaver,35,25,10
15203,Бадика,howling-fjord,1648,monk,mistweaver,174,96,78
15204,Yukimøn,hyjal,1646,monk,mistweaver,74,54,20
15205,Pikemi,dun-modr,1646,monk,mistweaver,66,40,26
15206,Fulgrem,stormscale,1646,monk,mistweaver,63,38,25
15207,Otemøøn,sanguino,1646,monk,mistweaver,45,25,20
15208,Diffenbachia,outland,1645,monk,mistweaver,81,54,27
15209,Imeon,dun-modr,1644,monk,mistweaver,30,18,12
15210,Эрмонд,soulflayer,1644,monk,mistweaver,44,23,21
15211,Unsanegodx,ravencrest,1643,monk,mistweaver,48,35,13
15212,Eugenn,alonsus,1643,monk,mistweaver,52,29,23
15213,Нийтринно,howling-fjord,1643,monk,mistweaver,36,19,17
15214,Jingfeng,arthas,1643,monk,mistweaver,131,60,71
15215,Nepho,twisting-nether,1642,monk,mistweaver,38,23,15
15216,Hamsster,ravencrest,1641,monk,mistweaver,96,49,47
15217,Hajlong,outland,1641,monk,mistweaver,42,21,21
15218,Binkote,zuljin,1640,monk,mistweaver,101,59,42
15219,Mer,outland,1640,monk,mistweaver,44,24,20
15220,Fistify,destromath,1639,monk,mistweaver,24,20,4
15221,Saneshayne,ravencrest,1639,monk,mistweaver,29,18,11
15222,Timboqt,blackmoore,1638,monk,mistweaver,70,43,27
15223,Uftis,thrall,1637,monk,mistweaver,77,56,21
15224,Uckkm,ragnaros,1637,monk,mistweaver,42,24,18
15225,Apolskis,ravencrest,1636,monk,mistweaver,42,30,12
15226,Karoou,kelthuzad,1635,monk,mistweaver,89,48,41
15227,Soulring,kazzak,1634,monk,mistweaver,51,23,28
15228,Orfantal,ravencrest,1631,monk,mistweaver,60,38,22
15229,Bonk,defias-brotherhood,1631,monk,mistweaver,47,22,25
15230,Монккд,gordunni,1630,monk,mistweaver,165,94,71
15231,Orcimon,draenor,1630,monk,mistweaver,30,17,13
15232,Youssee,silvermoon,1629,monk,mistweaver,186,102,84
15233,Pe,blackhand,1628,monk,mistweaver,66,37,29
15234,Ryx,twisting-nether,1628,monk,mistweaver,49,22,27
15235,Løta,blackmoore,1627,monk,mistweaver,30,20,10
15236,Papermakerx,blackrock,1627,monk,mistweaver,46,28,18
15237,Patiencebro,archimonde,1627,monk,mistweaver,48,23,25
15238,Problematic,blackmoore,1626,monk,mistweaver,30,17,13
15239,Soulxq,blackrock,1626,monk,mistweaver,135,74,61
15240,Twistie,aegwynn,1626,monk,mistweaver,36,17,19
15241,Йорита,soulflayer,1625,monk,mistweaver,30,17,13
15242,Старыйхиро,gordunni,1624,monk,mistweaver,24,17,7
15243,Yotke,ravencrest,1624,monk,mistweaver,48,30,18
15244,Yto,gorgonnash,1624,monk,mistweaver,30,17,13
15245,Sâu,twisting-nether,1623,monk,mistweaver,30,17,13
15246,Akkadianx,ravencrest,1622,monk,mistweaver,53,30,23
15247,Ultdave,eredar,1622,monk,mistweaver,105,58,47
15248,Elhäbedehä,eredar,1622,monk,mistweaver,182,90,92
15249,Happymonktwo,ravencrest,1621,monk,mistweaver,112,59,53
15250,Kapitan,sanguino,1620,monk,mistweaver,75,48,27
15251,Issho,der-rat-von-dalaran,1620,monk,mistweaver,36,19,17
15252,Almonkdiga,sanguino,1620,monk,mistweaver,42,19,23
15253,Quickmist,draenor,1617,monk,mistweaver,83,50,33
15254,Jpstwo,gorgonnash,1617,monk,mistweaver,54,28,26
15255,Jetleê,eredar,1617,monk,mistweaver,138,71,67
15256,Saáru,argent-dawn,1616,monk,mistweaver,42,26,16
15257,Mistïnguette,dalaran,1616,monk,mistweaver,144,87,57
15258,Sushiroller,blackrock,1616,monk,mistweaver,30,17,13
15259,Kwa,grim-batol,1616,monk,mistweaver,69,37,32
15260,Fansolini,burning-legion,1616,monk,mistweaver,46,22,24
15261,Vasknem,hyjal,1615,monk,mistweaver,66,45,21
15262,Ceeja,blackmoore,1615,monk,mistweaver,137,76,61
15263,Extrimist,sylvanas,1615,monk,mistweaver,99,52,47
15264,Kaizetsu,drakthul,1614,monk,mistweaver,36,27,9
15265,Wwception,blackrock,1614,monk,mistweaver,38,22,16
15266,Sensorium,ravencrest,1614,monk,mistweaver,108,59,49
15267,Watchmedamp,draenor,1613,monk,mistweaver,176,104,72
15268,Sart,aerie-peak,1612,monk,mistweaver,42,22,20
15269,Correforrest,dun-modr,1611,monk,mistweaver,57,42,15
15270,Zodyiac,blackrock,1611,monk,mistweaver,41,29,12
15271,Jayber,laughing-skull,1611,monk,mistweaver,36,22,14
15272,Сэм,gordunni,1610,monk,mistweaver,30,21,9
15273,Kåýðø,archimonde,1610,monk,mistweaver,72,42,30
15274,Биак,howling-fjord,1609,monk,mistweaver,38,23,15
15275,Kitingbuddha,aegwynn,1609,monk,mistweaver,114,62,52
15276,Plebmonkx,frostmane,1609,monk,mistweaver,185,98,87
15277,Nirexi,blackrock,1609,monk,mistweaver,63,32,31
15278,Zanizu,blackhand,1608,monk,mistweaver,48,27,21
15279,Chiuna,sylvanas,1608,monk,mistweaver,36,20,16
15280,Ignygodx,ragnaros,1608,monk,mistweaver,35,19,16
15281,Cerrya,silvermoon,1608,monk,mistweaver,48,21,27
15282,Xameht,the-maelstrom,1607,monk,mistweaver,86,42,44
15283,Vanoarabidze,ravencrest,1607,monk,mistweaver,54,25,29
15284,Ulns,blackrock,1607,monk,mistweaver,60,25,35
15285,Òó,vashj,1606,monk,mistweaver,66,33,33
15286,Igozoom,draenor,1604,monk,mistweaver,36,29,7
15287,Crazydingo,lightnings-blade,1604,monk,mistweaver,72,51,21
15288,Riendy,silvermoon,1604,monk,mistweaver,164,92,72
15289,Coularx,stormscale,1603,monk,mistweaver,30,17,13
15290,Амаззонния,soulflayer,1603,monk,mistweaver,168,86,82
15291,Xurf,draenor,1602,monk,mistweaver,30,22,8
15292,Lizardspock,hyjal,1602,monk,mistweaver,30,17,13
15293,Räyh,outland,1602,monk,mistweaver,57,31,26
15294,Ричфлекс,howling-fjord,1601,monk,mistweaver,170,103,67
15295,Zýru,ragnaros,1601,monk,mistweaver,65,38,27
15296,Lanvia,argent-dawn,1601,monk,mistweaver,54,28,26
15297,Yörg,eredar,1600,monk,mistweaver,51,30,21
15298,Snookzlol,aegwynn,1600,monk,mistweaver,65,38,27
15299,Setup,thrall,1600,monk,mistweaver,197,111,86
15300,Jyll,malganis,1598,monk,mistweaver,77,31,46
15301,Hardi,chamber-of-aspects,1597,monk,mistweaver,90,44,46
15302,Dicedkiwi,quelthalas,1596,monk,mistweaver,149,85,64
15303,Факенщет,soulflayer,1596,monk,mistweaver,36,20,16
15304,Monkymonka,antonidas,1596,monk,mistweaver,99,52,47
15305,Pitit,outland,1596,monk,mistweaver,66,25,41
15306,Фапдао,howling-fjord,1594,monk,mistweaver,230,122,108
15307,Brewstea,kazzak,1594,monk,mistweaver,66,29,37
15308,Zenfir,sylvanas,1593,monk,mistweaver,74,46,28
15309,Chàrràth,blackmoore,1593,monk,mistweaver,121,62,59
15310,Crymonkya,aegwynn,1592,monk,mistweaver,102,61,41
15311,Bigdaddypump,blackmoore,1590,monk,mistweaver,30,17,13
15312,Elmonkodonko,draenor,1590,monk,mistweaver,30,17,13
15313,Brüderlichke,elune,1590,monk,mistweaver,42,19,23
15314,Jeydi,ravencrest,1586,monk,mistweaver,74,44,30
15315,Çz,tarren-mill,1585,monk,mistweaver,30,17,13
15316,Слишкомхорош,thermaplugg,1580,monk,mistweaver,23,17,6
15317,Fisterinos,blackrock,1580,monk,mistweaver,84,54,30
15318,Barracüs,dun-modr,1580,monk,mistweaver,48,29,19
15319,Monkim,chogall,1579,monk,mistweaver,42,24,18
15320,Fungku,azjolnerub,1577,monk,mistweaver,237,124,113
15321,Belärus,outland,1573,monk,mistweaver,36,19,17
15322,Warsox,aegwynn,1570,monk,mistweaver,48,26,22
15323,Namelessmist,drakthul,1569,monk,mistweaver,42,26,16
15324,Orgasmix,tarren-mill,1569,monk,mistweaver,42,21,21
15325,Kirkeý,ravencrest,1568,monk,mistweaver,49,29,20
15326,Dosakua,silvermoon,1563,monk,mistweaver,66,38,28
15327,Лолидевочка,soulflayer,1563,monk,mistweaver,55,21,34
15328,Gronoz,drakthul,1562,monk,mistweaver,66,43,23
15329,Rhatid,twisting-nether,1561,monk,mistweaver,78,42,36
15330,Shiftkin,stormscale,1560,monk,mistweaver,42,18,24
15331,Jasonbbmist,stormscale,1558,monk,mistweaver,36,21,15
15332,Drugashe,archimonde,1558,monk,mistweaver,192,88,104
15333,Bitbird,zirkel-des-cenarius,1557,monk,mistweaver,42,25,17
15334,Mushush,draenor,1557,monk,mistweaver,52,29,23
15335,Arimira,outland,1556,monk,mistweaver,50,29,21
15336,Musslee,elune,1556,monk,mistweaver,105,54,51
15337,Isadri,madmortem,1555,monk,mistweaver,36,21,15
15338,Rzi,amanthul,1555,monk,mistweaver,143,80,63
15339,Campix,blackmoore,1555,monk,mistweaver,54,29,25
15340,Sindresa,outland,1553,monk,mistweaver,48,25,23
15341,Endorrphine,ravencrest,1552,monk,mistweaver,86,36,50
15342,Idrdob,kazzak,1548,monk,mistweaver,140,78,62
15343,Zuvzuv,the-maelstrom,1548,monk,mistweaver,42,19,23
15344,Taìka,archimonde,1546,monk,mistweaver,27,17,10
15345,Prettysus,silvermoon,1546,monk,mistweaver,66,41,25
15346,Macpunchy,defias-brotherhood,1545,monk,mistweaver,30,18,12
15347,Rulletunna,grim-batol,1545,monk,mistweaver,30,17,13
15348,Авентусс,howling-fjord,1544,monk,mistweaver,30,22,8
15349,Whoszeus,archimonde,1544,monk,mistweaver,72,44,28
15350,Кулаквнос,gordunni,1543,monk,mistweaver,60,30,30
15351,Вдыхайтуман,gordunni,1542,monk,mistweaver,96,52,44
15352,Тевикс,gordunni,1542,monk,mistweaver,60,30,30
15353,Индоран,howling-fjord,1541,monk,mistweaver,66,47,19
15354,Самадайка,howling-fjord,1539,monk,mistweaver,128,69,59
15355,Botspec,twisting-nether,1537,monk,mistweaver,40,27,13
15356,Mmrkick,kazzak,1537,monk,mistweaver,36,18,18
15357,Cubw,archimonde,1537,monk,mistweaver,36,17,19
15358,Ticktak,archimonde,1536,monk,mistweaver,50,36,14
15359,Wørsthealxd,alakir,1536,monk,mistweaver,34,24,10
15360,Kushvendorx,silvermoon,1535,monk,mistweaver,41,22,19
15361,Absolutezen,tarren-mill,1535,monk,mistweaver,66,34,32
15362,Фуфинус,gordunni,1535,monk,mistweaver,36,16,20
15363,Smâsh,blackhand,1534,monk,mistweaver,64,41,23
15364,Pembi,blades-edge,1534,monk,mistweaver,80,39,41
15365,Vitnam,auchindoun,1533,monk,mistweaver,84,51,33
15366,Ashenore,outland,1533,monk,mistweaver,42,17,25
15367,Прогреслал,blackscar,1532,monk,mistweaver,54,28,26
15368,Mankee,kazzak,1531,monk,mistweaver,86,41,45
15369,Shokko,uldaman,1530,monk,mistweaver,30,17,13
15370,Milksbtw,kazzak,1529,monk,mistweaver,47,38,9
15371,Windspiritt,ragnaros,1529,monk,mistweaver,54,28,26
15372,Mistbringer,kazzak,1528,monk,mistweaver,244,130,114
15373,Saitamä,archimonde,1528,monk,mistweaver,98,45,53
15374,Freyas,outland,1527,monk,mistweaver,53,29,24
15375,Urbàs,blackmoore,1526,monk,mistweaver,42,29,13
15376,Àjay,outland,1526,monk,mistweaver,24,16,8
15377,Elity,archimonde,1525,monk,mistweaver,70,49,21
15378,Scribzw,twisting-nether,1525,monk,mistweaver,24,16,8
15379,Visk,blackmoore,1525,monk,mistweaver,95,54,41
15380,Shkorwi,drakthul,1525,monk,mistweaver,30,17,13
15381,Musashiden,twisting-nether,1525,monk,mistweaver,42,23,19
15382,Hollymêdx,blackmoore,1521,monk,mistweaver,37,22,15
15383,Darkkmonk,dun-modr,1521,monk,mistweaver,77,40,37
15384,Notdearmw,shattered-hand,1520,monk,mistweaver,24,16,8
15385,Plaguer,nordrassil,1519,monk,mistweaver,30,18,12
15386,Eynodiggity,blackmoore,1519,monk,mistweaver,48,26,22
15387,Kæmará,blackrock,1519,monk,mistweaver,30,16,14
15388,Erannas,turalyon,1517,monk,mistweaver,29,16,13
15389,Dmonk,alakir,1517,monk,mistweaver,72,34,38
15390,Misthera,burning-legion,1517,monk,mistweaver,72,32,40
15391,Eckø,rashgarroth,1515,monk,mistweaver,64,39,25
15392,Sobadzlolz,alexstrasza,1515,monk,mistweaver,60,28,32
15393,Notfist,kazzak,1513,monk,mistweaver,54,35,19
15394,Xiaokingqvq,silvermoon,1512,monk,mistweaver,78,41,37
15395,Kegrøll,doomhammer,1511,monk,mistweaver,42,24,18
15396,Германика,soulflayer,1511,monk,mistweaver,86,43,43
15397,Loddarita,ravencrest,1510,monk,mistweaver,36,28,8
15398,Medovic,blackmoore,1510,monk,mistweaver,156,89,67
15399,Лалафест,soulflayer,1510,monk,mistweaver,46,25,21
15400,Oneshotmacro,spinebreaker,1509,monk,mistweaver,24,16,8
15401,Encanthar,blackhand,1508,monk,mistweaver,219,116,103
15402,Orkiya,archimonde,1507,monk,mistweaver,324,170,154
15403,Saduh,thrall,1506,monk,mistweaver,30,16,14
15404,Spoompls,argent-dawn,1505,monk,mistweaver,54,24,30
15405,Incapme,outland,1504,monk,mistweaver,109,64,45
15406,Gravityfist,aegwynn,1503,monk,mistweaver,36,18,18
15407,Caniluvz,eredar,1501,monk,mistweaver,24,16,8
15408,Гачитварина,galakrond,1499,monk,mistweaver,24,16,8
15409,Benenutz,archimonde,1498,monk,mistweaver,36,27,9
15410,Calmpalms,tarren-mill,1496,monk,mistweaver,63,33,30
15411,Njursten,twilights-hammer,1496,monk,mistweaver,189,94,95
15412,Miînd,tarren-mill,1494,monk,mistweaver,54,32,22
15413,Monkzdino,destromath,1494,monk,mistweaver,47,24,23
15414,Лабирончик,blackscar,1492,monk,mistweaver,22,17,5
15415,Civix,sanguino,1492,monk,mistweaver,116,69,47
15416,Zukatan,tarren-mill,1491,monk,mistweaver,81,45,36
15417,Chakuro,ravencrest,1488,monk,mistweaver,30,20,10
15418,Thuz,kazzak,1488,monk,mistweaver,63,34,29
15419,Oregan,conseil-des-ombres,1487,monk,mistweaver,36,19,17
15420,Moveietss,stormscale,1485,monk,mistweaver,18,16,2
15421,Olgachocolat,blackmoore,1485,monk,mistweaver,48,39,9
15422,Bóber,kazzak,1485,monk,mistweaver,42,22,20
15423,Waitaminute,outland,1484,monk,mistweaver,96,58,38
15424,Sneezao,ravencrest,1484,monk,mistweaver,150,82,68
15425,Psychocop,drakthul,1484,monk,mistweaver,125,63,62
15426,Leblatt,blackhand,1481,monk,mistweaver,36,24,12
15427,Неэверида,deepholm,1480,monk,mistweaver,156,83,73
15428,Vooxis,drakthul,1479,monk,mistweaver,30,17,13
15429,Okdontnerf,kazzak,1478,monk,mistweaver,72,35,37
15430,Kreynich,blackhand,1477,monk,mistweaver,36,25,11
15431,Dìó,tarren-mill,1477,monk,mistweaver,210,117,93
15432,Leôlulu,blackmoore,1476,monk,mistweaver,36,27,9
15433,Lukeybabyy,defias-brotherhood,1476,monk,mistweaver,30,20,10
15434,Влажныйтач,soulflayer,1475,monk,mistweaver,30,19,11
15435,Fatskeleton,stormreaver,1475,monk,mistweaver,427,198,229
15436,Quezatrix,ravencrest,1473,monk,mistweaver,132,69,63
15437,Lacasyto,sanguino,1470,monk,mistweaver,24,17,7
15438,Wushin,antonidas,1470,monk,mistweaver,27,17,10
15439,Jinhee,nemesis,1468,monk,mistweaver,41,27,14
15440,Inthepoopa,outland,1468,monk,mistweaver,96,54,42
15441,Moistweaver,hellfire,1468,monk,mistweaver,84,44,40
15442,Zenified,ragnaros,1468,monk,mistweaver,82,40,42
15443,Zinnout,twisting-nether,1467,monk,mistweaver,36,26,10
15444,Тучковский,lich-king,1464,monk,mistweaver,48,28,20
15445,Shiesel,draenor,1464,monk,mistweaver,36,20,16
15446,Meuhporgg,hyjal,1463,monk,mistweaver,36,25,11
15447,Mimimatrick,hyjal,1462,monk,mistweaver,30,16,14
15448,Zenmastêr,twisting-nether,1461,monk,mistweaver,172,95,77
15449,Slugerpigen,stormscale,1461,monk,mistweaver,225,124,101
15450,Endir,mazrigos,1459,monk,mistweaver,54,31,23
15451,Pøwcow,blackrock,1459,monk,mistweaver,113,61,52
15452,Noni,gorgonnash,1459,monk,mistweaver,65,31,34
15453,Bullbøx,chamber-of-aspects,1459,monk,mistweaver,81,31,50
15454,Timmyßênz,kaelthas,1456,monk,mistweaver,42,26,16
15455,Bambøuéqtz,khaz-modan,1452,monk,mistweaver,42,27,15
15456,Heartless,sporeggar,1448,monk,mistweaver,36,28,8
15457,Suggy,kilrogg,1447,monk,mistweaver,36,20,16
15458,Dekaramw,ravencrest,1439,monk,mistweaver,18,15,3
15459,Demakis,stormscale,1439,monk,mistweaver,47,29,18
15460,Jam,aerie-peak,1437,monk,mistweaver,18,15,3
15461,Moohamood,argent-dawn,1436,monk,mistweaver,54,22,32
15462,Cbmonk,sylvanas,1435,monk,mistweaver,30,21,9
15463,Chikokon,silvermoon,1435,monk,mistweaver,43,28,15
15464,Kungfupandy,blackmoore,1435,monk,mistweaver,145,84,61
15465,Poyi,ravencrest,1434,monk,mistweaver,24,15,9
15466,Подвижник,soulflayer,1434,monk,mistweaver,24,15,9
15467,Frónzy,kazzak,1432,monk,mistweaver,53,29,24
15468,Daitaro,ravencrest,1431,monk,mistweaver,36,21,15
15469,Tokz,ravencrest,1430,monk,mistweaver,30,19,11
15470,Erapanzon,nemesis,1430,monk,mistweaver,24,15,9
15471,Nievah,argent-dawn,1430,monk,mistweaver,39,24,15
15472,Malkaviano,kazzak,1430,monk,mistweaver,80,46,34
15473,Striptina,blackmoore,1429,monk,mistweaver,78,45,33
15474,Saliya,draenor,1428,monk,mistweaver,34,16,18
15475,Puddinpop,auchindoun,1427,monk,mistweaver,61,29,32
15476,Gigilonis,korgall,1424,monk,mistweaver,146,78,68
15477,Farmander,silvermoon,1423,monk,mistweaver,91,57,34
15478,Evâ,stormscale,1423,monk,mistweaver,24,15,9
15479,Linshai,eredar,1423,monk,mistweaver,24,15,9
15480,Yarie,blackmoore,1423,monk,mistweaver,78,39,39
15481,Shiguru,dun-morogh,1422,monk,mistweaver,65,37,28
15482,Xianxiaa,ravencrest,1420,monk,mistweaver,88,51,37
15483,Panicfist,stormscale,1419,monk,mistweaver,39,19,20
15484,Calli,auchindoun,1418,monk,mistweaver,40,16,24
15485,Тадоичи,soulflayer,1415,monk,mistweaver,54,33,21
15486,Biftas,nagrand,1415,monk,mistweaver,27,16,11
15487,Bleja,blackhand,1415,monk,mistweaver,100,53,47
15488,Eedaza,blackrock,1414,monk,mistweaver,30,20,10
15489,Mistsen,kazzak,1414,monk,mistweaver,81,47,34
15490,Aryaz,ravencrest,1414,monk,mistweaver,46,17,29
15491,Vivir,stormreaver,1413,monk,mistweaver,103,58,45
15492,Zenzu,blackmoore,1411,monk,mistweaver,30,20,10
15493,Melamonk,ravencrest,1411,monk,mistweaver,228,111,117
15494,Mistfistmw,outland,1410,monk,mistweaver,42,18,24
15495,Gråce,nemesis,1408,monk,mistweaver,78,47,31
15496,Kéza,culte-de-la-rive-noire,1407,monk,mistweaver,28,16,12
15497,Applestrûdel,blackrock,1406,monk,mistweaver,39,23,16
15498,Freemann,archimonde,1404,monk,mistweaver,189,102,87
15499,Inear,chogall,1403,monk,mistweaver,133,67,66
15500,Kify,dun-modr,1402,monk,mistweaver,33,19,14
15501,Pandacus,silvermoon,1401,monk,mistweaver,78,35,43
15502,Guanglee,silvermoon,1399,monk,mistweaver,34,25,9
15503,Kroyus,antonidas,1399,monk,mistweaver,114,58,56
15504,Saolin,emeriss,1397,monk,mistweaver,42,24,18
15505,Benzzy,ragnaros,1394,monk,mistweaver,25,16,9
15506,Woushou,outland,1393,monk,mistweaver,54,33,21
15507,Løsang,blackrock,1392,monk,mistweaver,107,69,38
15508,Caskgut,ravencrest,1391,monk,mistweaver,83,49,34
15509,Popcornn,archimonde,1389,monk,mistweaver,54,29,25
15510,Haxxo,die-nachtwache,1387,monk,mistweaver,32,22,10
15511,Badcøwboy,archimonde,1387,monk,mistweaver,122,54,68
15512,Rymz,sanguino,1385,monk,mistweaver,85,50,35
15513,Xplosiv,twisting-nether,1384,monk,mistweaver,46,28,18
15514,Scare,stormreaver,1384,monk,mistweaver,43,23,20
15515,Pundok,blackrock,1383,monk,mistweaver,65,37,28
15516,Umagon,chogall,1383,monk,mistweaver,60,29,31
15517,Marielo,blackmoore,1382,monk,mistweaver,24,17,7
15518,Bigballs,ysera,1382,monk,mistweaver,36,15,21
15519,Brewzleè,ravencrest,1380,monk,mistweaver,46,22,24
15520,Allosthenos,ravencrest,1379,monk,mistweaver,27,18,9
15521,Kruemelkeks,frostwolf,1378,monk,mistweaver,57,33,24
15522,Amélith,kirin-tor,1378,monk,mistweaver,42,23,19
15523,Mommymonk,outland,1378,monk,mistweaver,33,15,18
15524,Onlyvegan,ravencrest,1375,monk,mistweaver,28,16,12
15525,Venac,burning-legion,1374,monk,mistweaver,101,64,37
15526,Monarko,twisting-nether,1374,monk,mistweaver,26,16,10
15527,Dumplings,earthen-ring,1374,monk,mistweaver,42,24,18
15528,Dudulinda,silvermoon,1373,monk,mistweaver,72,36,36
15529,Tetetete,silvermoon,1372,monk,mistweaver,64,30,34
15530,Гиббискус,gordunni,1370,monk,mistweaver,30,16,14
15531,Сильфиета,gordunni,1369,monk,mistweaver,41,26,15
15532,Faa,archimonde,1367,monk,mistweaver,23,17,6
15533,Beaglemo,blackrock,1366,monk,mistweaver,35,15,20
15534,Мирюзаки,gordunni,1365,monk,mistweaver,46,24,22
15535,Zaïn,hyjal,1364,monk,mistweaver,29,19,10
15536,Coollann,drakthul,1364,monk,mistweaver,58,26,32
15537,Discoelysia,outland,1363,monk,mistweaver,54,26,28
15538,Brêwjob,archimonde,1356,monk,mistweaver,34,20,14
15539,Pandimaci,ragnaros,1355,monk,mistweaver,89,49,40
15540,Thayne,blades-edge,1354,monk,mistweaver,30,15,15
15541,Romk,darkspear,1352,monk,mistweaver,36,25,11
15542,Патаомальчик,blackscar,1352,monk,mistweaver,35,15,20
15543,Yahní,eredar,1347,monk,mistweaver,65,37,28
15544,Makïi,archimonde,1344,monk,mistweaver,131,73,58
15545,Rokobasilisk,outland,1343,monk,mistweaver,24,14,10
15546,Snówtea,silvermoon,1343,monk,mistweaver,24,14,10
15547,Coopers,hyjal,1343,monk,mistweaver,29,16,13
15548,Ultrasense,outland,1342,monk,mistweaver,24,14,10
15549,Akuuji,silvermoon,1342,monk,mistweaver,24,14,10
15550,Zagar,emeriss,1342,monk,mistweaver,24,14,10
15551,Ipmonk,outland,1341,monk,mistweaver,18,14,4
15552,Çheeks,kazzak,1341,monk,mistweaver,30,14,16
15553,Tyzin,blackrock,1340,monk,mistweaver,30,17,13
15554,Cybert,blackmoore,1339,monk,mistweaver,35,15,20
15555,Simonex,ravencrest,1338,monk,mistweaver,18,14,4
15556,Jeññie,stormscale,1337,monk,mistweaver,18,14,4
15557,Teacup,aegwynn,1337,monk,mistweaver,48,32,16
15558,Kaàli,pozzo-delleternità,1337,monk,mistweaver,24,14,10
15559,Aseidith,tarren-mill,1337,monk,mistweaver,24,14,10
15560,Oddessa,ravenholdt,1337,monk,mistweaver,131,69,62
15561,Fistingfury,burning-blade,1337,monk,mistweaver,82,37,45
15562,Rocknreroll,executus,1336,monk,mistweaver,30,14,16
15563,Sînê,archimonde,1334,monk,mistweaver,33,19,14
15564,Boomboôom,outland,1332,monk,mistweaver,24,14,10
15565,Keksmash,ravencrest,1332,monk,mistweaver,30,15,15
15566,Xarêlla,aegwynn,1332,monk,mistweaver,36,14,22
15567,Hvnm,ravencrest,1331,monk,mistweaver,117,68,49
15568,Acidflexx,kazzak,1331,monk,mistweaver,35,17,18
15569,Sajin,la-croisade-écarlate,1329,monk,mistweaver,36,15,21
15570,Ohmegah,frostmane,1327,monk,mistweaver,18,14,4
15571,Mischenka,thrall,1327,monk,mistweaver,48,26,22
15572,Frednmonk,twisting-nether,1327,monk,mistweaver,30,14,16
15573,Maesha,ahnqiraj,1326,monk,mistweaver,30,14,16
15574,Krylin,antonidas,1322,monk,mistweaver,93,45,48
15575,Sÿldae,dun-modr,1321,monk,mistweaver,24,18,6
15576,Kungfubatti,stormscale,1321,monk,mistweaver,73,38,35
15577,Kwacisawhe,die-aldor,1321,monk,mistweaver,51,21,30
15578,Vladikus,tarren-mill,1320,monk,mistweaver,105,50,55
15579,Akalaja,alakir,1316,monk,mistweaver,34,19,15
15580,Rebekko,pozzo-delleternità,1316,monk,mistweaver,60,22,38
15581,Yulonian,argent-dawn,1315,monk,mistweaver,24,14,10
15582,Genjosanso,kazzak,1315,monk,mistweaver,177,97,80
15583,Bluum,ravencrest,1315,monk,mistweaver,42,19,23
15584,Thegrudge,dragonblight,1315,monk,mistweaver,42,16,26
15585,Рекилоллз,gordunni,1313,monk,mistweaver,41,22,19
15586,Shreckmonk,burning-blade,1313,monk,mistweaver,30,14,16
15587,Brewswíllis,tarren-mill,1312,monk,mistweaver,18,14,4
15588,Lfmasctop,ravencrest,1312,monk,mistweaver,22,16,6
15589,Rèddit,kazzak,1310,monk,mistweaver,78,37,41
15590,Трикленд,azuregos,1305,monk,mistweaver,42,21,21
15591,Onlyfísts,stormscale,1304,monk,mistweaver,48,16,32
15592,Bizzet,jaedenar,1303,monk,mistweaver,27,17,10
15593,Jarô,silvermoon,1301,monk,mistweaver,36,14,22
15594,Monkgd,sylvanas,1300,monk,mistweaver,128,73,55
15595,Quendi,arthas,1300,monk,mistweaver,191,97,94
15596,Moinalisaa,outland,1299,monk,mistweaver,30,18,12
15597,Vetocorleone,kazzak,1299,monk,mistweaver,123,64,59
15598,Джоский,borean-tundra,1299,monk,mistweaver,60,23,37
15599,Larå,ravencrest,1298,monk,mistweaver,149,76,73
15600,Камикадзэн,gordunni,1296,monk,mistweaver,24,15,9
15601,Mestro,argent-dawn,1296,monk,mistweaver,154,87,67
15602,Lanuia,aegwynn,1295,monk,mistweaver,21,14,7
15603,Rgkekw,dun-modr,1294,monk,mistweaver,54,36,18
15604,Zenmist,kazzak,1294,monk,mistweaver,23,14,9
15605,Guthäxlul,khazgoroth,1294,monk,mistweaver,144,75,69
15606,Mareki,nethersturm,1293,monk,mistweaver,44,22,22
15607,Moonica,zenedar,1291,monk,mistweaver,26,17,9
15608,Хэйхати,gordunni,1289,monk,mistweaver,53,26,27
15609,Tsifsakari,silvermoon,1289,monk,mistweaver,66,24,42
15610,Loreo,burning-legion,1285,monk,mistweaver,87,50,37
15611,Carnat,blackrock,1284,monk,mistweaver,30,17,13
15612,Trivi,blackrock,1284,monk,mistweaver,45,24,21
15613,Drboombay,kazzak,1283,monk,mistweaver,38,21,17
15614,Monkehst,dun-modr,1282,monk,mistweaver,66,31,35
15615,Jetchi,twisting-nether,1279,monk,mistweaver,101,59,42
15616,Marrave,chogall,1279,monk,mistweaver,90,37,53
15617,Boomshaq,defias-brotherhood,1278,monk,mistweaver,48,24,24
15618,Numpys,sanguino,1277,monk,mistweaver,29,14,15
15619,Bruceflea,blackrock,1275,monk,mistweaver,156,83,73
15620,Ugras,auchindoun,1273,monk,mistweaver,36,14,22
15621,Daltailr,silvermoon,1271,monk,mistweaver,42,17,25
15622,Bloodpanci,ragnaros,1270,monk,mistweaver,57,32,25
15623,Mishax,draenor,1268,monk,mistweaver,78,38,40
15624,Boredom,wildhammer,1266,monk,mistweaver,60,35,25
15625,Szilvia,sylvanas,1263,monk,mistweaver,48,25,23
15626,Evelios,blackmoore,1262,monk,mistweaver,41,23,18
15627,Baddany,sanguino,1260,monk,mistweaver,60,30,30
15628,Nîcko,ravencrest,1259,monk,mistweaver,24,14,10
15629,Macgyverr,outland,1258,monk,mistweaver,24,14,10
15630,Taylorghost,ravencrest,1257,monk,mistweaver,17,14,3
15631,Chígoku,grim-batol,1257,monk,mistweaver,52,23,29
15632,Vanquishlølz,archimonde,1255,monk,mistweaver,45,21,24
15633,Ðëvx,argent-dawn,1253,monk,mistweaver,90,47,43
15634,Putrezitu,ragnaros,1252,monk,mistweaver,27,17,10
15635,Namitsa,trollbane,1250,monk,mistweaver,30,16,14
15636,Sheishot,kazzak,1249,monk,mistweaver,31,15,16
15637,Katmunk,kazzak,1248,monk,mistweaver,18,13,5
15638,Supaverli,archimonde,1248,monk,mistweaver,18,13,5
15639,Angeryw,kazzak,1248,monk,mistweaver,18,13,5
15640,Hialdó,sylvanas,1248,monk,mistweaver,24,14,10
15641,Dr,sylvanas,1247,monk,mistweaver,18,13,5
15642,Jackål,silvermoon,1247,monk,mistweaver,21,14,7
15643,Sonydl,archimonde,1247,monk,mistweaver,22,14,8
15644,Worf,haomarush,1247,monk,mistweaver,54,30,24
15645,Мистерхюй,gordunni,1247,monk,mistweaver,36,16,20
15646,Loiythree,dun-modr,1247,monk,mistweaver,30,13,17
15647,Thiiogg,archimonde,1247,monk,mistweaver,30,13,17
15648,Xdhehehexd,twisting-nether,1246,monk,mistweaver,18,13,5
15649,Natsuø,nemesis,1246,monk,mistweaver,18,13,5
15650,Йуппи,galakrond,1246,monk,mistweaver,24,13,11
15651,Nesthorian,draenor,1246,monk,mistweaver,123,61,62
15652,Репабликус,gordunni,1246,monk,mistweaver,30,13,17
15653,Jiuhjitsu,blackmoore,1245,monk,mistweaver,24,13,11
15654,Ana,eredar,1244,monk,mistweaver,24,13,11
15655,Кубермонкер,gordunni,1243,monk,mistweaver,24,13,11
15656,Risesx,blackmoore,1243,monk,mistweaver,24,13,11
15657,Nìkâ,blackmoore,1243,monk,mistweaver,57,29,28
15658,Yeetkunmeep,outland,1243,monk,mistweaver,54,25,29
15659,Bigmckoy,kazzak,1242,monk,mistweaver,21,14,7
15660,Ouaipäül,archimonde,1241,monk,mistweaver,24,13,11
15661,Schane,zuluhed,1240,monk,mistweaver,18,13,5
15662,Chibuku,burning-legion,1240,monk,mistweaver,24,13,11
15663,Hydrôlîcz,blackrock,1238,monk,mistweaver,24,13,11
15664,Янезнаюкенни,soulflayer,1238,monk,mistweaver,30,16,14
15665,Kayen,frostwhisper,1238,monk,mistweaver,46,23,23
15666,Drpajhiwo,burning-legion,1234,monk,mistweaver,52,30,22
15667,Schaulong,blackmoore,1233,monk,mistweaver,48,21,27
15668,Maiver,stormscale,1230,monk,mistweaver,24,14,10
15669,Chainster,defias-brotherhood,1229,monk,mistweaver,70,35,35
15670,Wteg,emerald-dream,1220,monk,mistweaver,30,14,16
15671,Tripitakâ,dun-modr,1220,monk,mistweaver,65,30,35
15672,Akùmawíns,archimonde,1218,monk,mistweaver,30,13,17
15673,Fistus,dentarg,1214,monk,mistweaver,29,13,16
15674,Bhasundara,turalyon,1212,monk,mistweaver,88,51,37
15675,Badonkamonk,twilights-hammer,1209,monk,mistweaver,42,26,16
15676,Mofisto,bladefist,1208,monk,mistweaver,60,29,31
15677,Highmonktain,alakir,1207,monk,mistweaver,24,18,6
15678,Mondrim,burning-legion,1207,monk,mistweaver,99,43,56
15679,Toon,eredar,1203,monk,mistweaver,118,56,62
15680,Ivi,neptulon,1197,monk,mistweaver,58,29,29
15681,Ksll,silvermoon,1189,monk,mistweaver,36,17,19
15682,Assfist,drakthul,1188,monk,mistweaver,90,51,39
15683,Zeldrís,ragnaros,1188,monk,mistweaver,72,32,40
15684,Nyrkkiseski,outland,1183,monk,mistweaver,17,13,4
15685,Lcflay,archimonde,1183,monk,mistweaver,75,37,38
15686,Siamesedream,outland,1182,monk,mistweaver,30,19,11
15687,Phrynè,silvermoon,1182,monk,mistweaver,31,16,15
15688,Sosyc,malganis,1181,monk,mistweaver,23,13,10
15689,Creatinin,ragnaros,1177,monk,mistweaver,36,18,18
15690,Elainmonk,thrall,1175,monk,mistweaver,17,13,4
15691,Carloz,drakthul,1174,monk,mistweaver,30,16,14
15692,Torqualis,kazzak,1174,monk,mistweaver,114,53,61
15693,Stolas,spinebreaker,1172,monk,mistweaver,24,14,10
15694,Fistweavr,antonidas,1171,monk,mistweaver,36,14,22
15695,Heretogo,draenor,1170,monk,mistweaver,60,34,26
15696,Nevelbeast,rexxar,1169,monk,mistweaver,51,27,24
15697,Boozmoo,stormscale,1166,monk,mistweaver,22,16,6
15698,Tintatama,aszune,1157,monk,mistweaver,87,39,48
15699,Xwtdreamz,hyjal,1156,monk,mistweaver,36,14,22
15700,Yuuhai,ravencrest,1152,monk,mistweaver,18,12,6
15701,Phyxone,twisting-nether,1151,monk,mistweaver,24,12,12
15702,Kôtsvlêkjê,outland,1151,monk,mistweaver,24,12,12
15703,Shixen,ragnaros,1151,monk,mistweaver,24,12,12
15704,Zesha,zuljin,1151,monk,mistweaver,30,12,18
15705,Xado,aegwynn,1150,monk,mistweaver,18,12,6
15706,Loorda,neptulon,1150,monk,mistweaver,24,13,11
15707,Нунтяк,gordunni,1150,monk,mistweaver,24,12,12
15708,Ness,hyjal,1150,monk,mistweaver,24,12,12
15709,Ciridely,thrall,1149,monk,mistweaver,18,12,6
15710,Bamiegoreng,aegwynn,1148,monk,mistweaver,24,12,12
15711,Aryphus,blackmoore,1148,monk,mistweaver,24,12,12
15712,Nrafflig,draenor,1147,monk,mistweaver,18,12,6
15713,Kalet,ragnaros,1147,monk,mistweaver,53,26,27
15714,Yumhai,dun-modr,1146,monk,mistweaver,24,12,12
15715,Aeolôs,hyjal,1145,monk,mistweaver,18,12,6
15716,Telder,sylvanas,1145,monk,mistweaver,24,12,12
15717,Awesomebrah,the-maelstrom,1144,monk,mistweaver,18,12,6
15718,Nimander,burning-legion,1144,monk,mistweaver,24,12,12
15719,Tokkz,eredar,1143,monk,mistweaver,16,13,3
15720,Shiftchenko,stormscale,1142,monk,mistweaver,42,24,18
15721,Graffy,eonar,1141,monk,mistweaver,36,23,13
15722,Sydras,silvermoon,1141,monk,mistweaver,134,67,67
15723,Icantstopme,argent-dawn,1139,monk,mistweaver,18,12,6
15724,Cicera,kazzak,1138,monk,mistweaver,30,12,18
15725,Syyrø,silvermoon,1137,monk,mistweaver,36,12,24
15726,Fellatia,garrosh,1134,monk,mistweaver,36,24,12
15727,Gantz,blackhand,1134,monk,mistweaver,72,28,44
15728,Lökmedsmör,draenor,1133,monk,mistweaver,18,12,6
15729,Lubeï,kirin-tor,1131,monk,mistweaver,34,21,13
15730,Bensó,stormscale,1129,monk,mistweaver,18,15,3
15731,Galaxyfist,ragnaros,1128,monk,mistweaver,102,50,52
15732,Friartucker,bloodhoof,1126,monk,mistweaver,51,32,19
15733,Arathos,tichondrius,1122,monk,mistweaver,51,29,22
15734,Dipdop,blackhand,1120,monk,mistweaver,75,39,36
15735,Nasaislying,grim-batol,1119,monk,mistweaver,34,14,20
15736,Trnd,draenor,1119,monk,mistweaver,41,15,26
15737,Dharmå,norgannon,1118,monk,mistweaver,20,13,7
15738,Jumper,xavius,1118,monk,mistweaver,24,12,12
15739,Akiiro,aegwynn,1118,monk,mistweaver,36,15,21
15740,Cudworth,silvermoon,1116,monk,mistweaver,18,14,4
15741,Tsouli,twilights-hammer,1116,monk,mistweaver,24,12,12
15742,Brünó,kazzak,1113,monk,mistweaver,54,36,18
15743,Zøubida,draenor,1111,monk,mistweaver,24,12,12
15744,Ляосинь,deepholm,1099,monk,mistweaver,24,12,12
15745,Kano,burning-legion,1097,monk,mistweaver,21,13,8
15746,Carcasce,la-croisade-écarlate,1096,monk,mistweaver,38,22,16
15747,Alphafist,argent-dawn,1093,monk,mistweaver,24,12,12
15748,Loctak,nathrezim,1075,monk,mistweaver,54,38,16
15749,Celestine,mugthol,1072,monk,mistweaver,84,42,42
15750,Bobbyknuckls,ravencrest,1064,monk,mistweaver,54,17,37
15751,Äcé,sylvanas,1063,monk,mistweaver,31,12,19
15752,Ninpou,blackrock,1060,monk,mistweaver,17,12,5
15753,Enceladion,burning-legion,1060,monk,mistweaver,48,21,27
15754,Birdymonk,boulderfist,1059,monk,mistweaver,49,31,18
15755,Salsina,nemesis,1058,monk,mistweaver,103,54,49
15756,Precocconx,stormreaver,1056,monk,mistweaver,18,11,7
15757,Traickomonk,eredar,1056,monk,mistweaver,18,11,7
15758,Izuwumi,ragnaros,1056,monk,mistweaver,18,11,7
15759,Diorc,outland,1056,monk,mistweaver,18,11,7
15760,Vöyage,kazzak,1056,monk,mistweaver,18,11,7
15761,Darkmonkky,tarren-mill,1056,monk,mistweaver,24,11,13
15762,Ffxivrefugee,argent-dawn,1056,monk,mistweaver,24,11,13
15763,Kakor,gorgonnash,1055,monk,mistweaver,18,11,7
15764,Taekwonroll,stormscale,1055,monk,mistweaver,18,11,7
15765,Jûzô,illidan,1055,monk,mistweaver,18,11,7
15766,Clemoine,archimonde,1055,monk,mistweaver,18,11,7
15767,Darlaa,ravencrest,1055,monk,mistweaver,18,11,7
15768,Piedliés,ravencrest,1055,monk,mistweaver,24,11,13
15769,Bluran,dalaran,1055,monk,mistweaver,24,11,13
15770,Cochonhalall,archimonde,1055,monk,mistweaver,24,11,13
15771,Jakethestake,twilights-hammer,1054,monk,mistweaver,12,11,1
15772,Rashakura,blackrock,1054,monk,mistweaver,18,11,7
15773,Neehl,aegwynn,1054,monk,mistweaver,18,11,7
15774,Дилейнх,gordunni,1054,monk,mistweaver,18,11,7
15775,Hærleyquin,ravencrest,1054,monk,mistweaver,18,11,7
15776,Lillklappz,outland,1053,monk,mistweaver,12,11,1
15777,Psychømonk,antonidas,1053,monk,mistweaver,18,11,7
15778,Shàká,stormscale,1052,monk,mistweaver,12,11,1
15779,Pepesmacks,kazzak,1052,monk,mistweaver,18,11,7
15780,Rebeka,dun-modr,1052,monk,mistweaver,18,11,7
15781,Basthek,blackhand,1052,monk,mistweaver,30,11,19
15782,Lambofmonkz,stormscale,1052,monk,mistweaver,36,11,25
15783,Dachilla,gilneas,1051,monk,mistweaver,22,12,10
15784,Achtal,blackmoore,1050,monk,mistweaver,18,11,7
15785,Brewmâster,kazzak,1050,monk,mistweaver,24,11,13
15786,Sandrafarm,ragnaros,1049,monk,mistweaver,30,19,11
15787,Bukkits,argent-dawn,1048,monk,mistweaver,24,11,13
15788,Fisticuffs,tarren-mill,1048,monk,mistweaver,24,11,13
15789,Mjaweaver,stormscale,1046,monk,mistweaver,62,23,39
15790,Snack,mannoroth,1045,monk,mistweaver,18,11,7
15791,Blinkër,sanguino,1044,monk,mistweaver,18,11,7
15792,Irphan,ravencrest,1042,monk,mistweaver,18,11,7
15793,Ívó,ragnaros,1039,monk,mistweaver,24,11,13
15794,Gozgajr,twisting-nether,1039,monk,mistweaver,24,11,13
15795,Monkypunch,tarren-mill,1039,monk,mistweaver,28,12,16
15796,Mcronald,blackhand,1031,monk,mistweaver,46,23,23
15797,Yèna,pozzo-delleternità,1030,monk,mistweaver,114,42,72
15798,Dèathpunch,doomhammer,1025,monk,mistweaver,54,26,28
15799,Ugotcraned,tarren-mill,1019,monk,mistweaver,72,27,45
15800,Zedruu,tarren-mill,1015,monk,mistweaver,24,12,12
15801,Shoshin,stormscale,1009,monk,mistweaver,66,37,29
15802,Октай,gordunni,1008,monk,mistweaver,18,11,7
15803,Mwmkgodxz,archimonde,1007,monk,mistweaver,15,12,3
15804,Ivnatorx,outland,1006,monk,mistweaver,17,11,6
15805,Апесиинка,gordunni,1002,monk,mistweaver,24,11,13
15806,Zenchî,ysondre,1001,monk,mistweaver,22,13,9
15807,Fistíe,sylvanas,1001,monk,mistweaver,21,12,9
15808,Roidcarry,blackrock,1001,monk,mistweaver,35,12,23
15809,Lucebree,nozdormu,999,monk,mistweaver,48,18,30
15810,Kégman,silvermoon,992,monk,mistweaver,33,18,15
15811,Xladerzz,kazzak,991,monk,mistweaver,17,11,6
15812,Sanhollo,stormscale,989,monk,mistweaver,17,11,6
15813,Kelechi,stormreaver,988,monk,mistweaver,26,11,15
15814,Wangho,magtheridon,986,monk,mistweaver,96,40,56
15815,Heäléna,ragnaros,979,monk,mistweaver,21,15,6
15816,Keeba,kirin-tor,965,monk,mistweaver,185,89,96
15817,Suchergebnis,tarren-mill,964,monk,mistweaver,66,23,43
15818,Kz,culte-de-la-rive-noire,960,monk,mistweaver,12,10,2
15819,Vadrigar,drakthul,960,monk,mistweaver,12,10,2
15820,Habmit,ravencrest,960,monk,mistweaver,12,10,2
15821,Glaphan,the-maelstrom,960,monk,mistweaver,12,10,2
15822,Dihsa,ragnaros,960,monk,mistweaver,12,10,2
15823,Лемонк,gordunni,960,monk,mistweaver,18,10,8
15824,Chisurgeon,outland,960,monk,mistweaver,18,10,8
15825,Ofwgkta,moonglade,960,monk,mistweaver,18,10,8
15826,Xoleck,aegwynn,960,monk,mistweaver,24,10,14
15827,Citamonk,blackmoore,959,monk,mistweaver,12,10,2
15828,Mâjô,blackhand,959,monk,mistweaver,18,10,8
15829,Såvonnette,ysondre,959,monk,mistweaver,18,10,8
15830,Zlodey,laughing-skull,959,monk,mistweaver,18,10,8
15831,Valdaras,runetotem,959,monk,mistweaver,18,10,8
15832,Xadoqt,aegwynn,959,monk,mistweaver,18,10,8
15833,Stanimirov,outland,959,monk,mistweaver,24,10,14
15834,Якунка,soulflayer,959,monk,mistweaver,24,10,14
15835,Ðéliora,la-croisade-écarlate,959,monk,mistweaver,30,10,20
15836,Zappikmonk,silvermoon,958,monk,mistweaver,12,10,2
15837,Yuyuni,laughing-skull,958,monk,mistweaver,18,10,8
15838,Búns,draenor,958,monk,mistweaver,18,10,8
15839,Паклюха,howling-fjord,958,monk,mistweaver,18,10,8
15840,Fettakules,eredar,958,monk,mistweaver,18,10,8
15841,Doingmaster,blackrock,958,monk,mistweaver,18,10,8
15842,Уиннии,soulflayer,958,monk,mistweaver,18,10,8
15843,Folfimo,silvermoon,957,monk,mistweaver,18,10,8
15844,Imamonk,tarren-mill,957,monk,mistweaver,24,10,14
15845,Soyuz,die-aldor,956,monk,mistweaver,12,10,2
15846,Erenaar,nemesis,956,monk,mistweaver,12,10,2
15847,Rheinair,antonidas,956,monk,mistweaver,24,10,14
15848,Ossifist,blackhand,955,monk,mistweaver,24,10,14
15849,Zikzer,darksorrow,955,monk,mistweaver,24,10,14
15850,Bruceliam,emerald-dream,955,monk,mistweaver,24,10,14
15851,Bottomoré,silvermoon,955,monk,mistweaver,71,24,47
15852,Applemonk,tarren-mill,954,monk,mistweaver,18,10,8
15853,Йомо,borean-tundra,954,monk,mistweaver,30,10,20
15854,Garmuth,tarren-mill,952,monk,mistweaver,20,10,10
15855,Tojokirumi,dalaran,951,monk,mistweaver,12,10,2
15856,Bèfmoka,sargeras,951,monk,mistweaver,179,85,94
15857,Monkyd,stormscale,950,monk,mistweaver,18,10,8
15858,Brucechi,kargath,946,monk,mistweaver,12,10,2
15859,Gammelbruno,azshara,942,monk,mistweaver,18,10,8
15860,Serylliah,aegwynn,942,monk,mistweaver,24,10,14
15861,Ariä,marécage-de-zangar,930,monk,mistweaver,24,13,11
15862,Mugn,sanguino,927,monk,mistweaver,14,11,3
15863,Pawfong,draenor,923,monk,mistweaver,18,10,8
15864,Ronanze,silvermoon,918,monk,mistweaver,60,30,30
15865,Siouxxsie,thunderhorn,918,monk,mistweaver,42,10,32
15866,Blackeyé,malganis,914,monk,mistweaver,47,25,22
15867,Dícxi,ravencrest,910,monk,mistweaver,17,10,7
15868,Myfresh,ysondre,910,monk,mistweaver,26,11,15
15869,Yøøps,dalaran,908,monk,mistweaver,27,13,14
15870,Behrens,defias-brotherhood,905,monk,mistweaver,21,11,10
15871,Indris,dun-modr,895,monk,mistweaver,17,10,7
15872,Changzu,sanguino,894,monk,mistweaver,30,15,15
15873,Мишапяточка,howling-fjord,890,monk,mistweaver,12,11,1
15874,Адскиймех,deathweaver,889,monk,mistweaver,17,10,7
15875,Eclipsè,dragonmaw,889,monk,mistweaver,17,10,7
15876,Rokux,kazzak,880,monk,mistweaver,19,10,9
15877,Тиктокмонк,gordunni,877,monk,mistweaver,20,11,9
15878,Sanchios,twisting-nether,864,monk,mistweaver,12,9,3
15879,Remyhadley,dun-modr,864,monk,mistweaver,12,9,3
15880,Djsnake,blackrock,864,monk,mistweaver,12,9,3
15881,Raveleth,silvermoon,864,monk,mistweaver,12,9,3
15882,Killibrew,ravencrest,864,monk,mistweaver,12,9,3
15883,Tidemist,argent-dawn,864,monk,mistweaver,12,9,3
15884,Iixil,sylvanas,864,monk,mistweaver,12,9,3
15885,Kaguræ,hyjal,864,monk,mistweaver,18,9,9
15886,Jiest,outland,864,monk,mistweaver,18,9,9
15887,Zóma,ragnaros,864,monk,mistweaver,18,9,9
15888,Monkasape,nemesis,864,monk,mistweaver,18,9,9
15889,Lurklee,blackhand,864,monk,mistweaver,18,9,9
15890,Flowey,uldum,864,monk,mistweaver,24,9,15
15891,Balia,blackrock,864,monk,mistweaver,24,9,15
15892,Lovange,silvermoon,863,monk,mistweaver,12,9,3
15893,Backseatgmr,ravencrest,863,monk,mistweaver,12,9,3
15894,Shabaz,draenor,863,monk,mistweaver,12,9,3
15895,Pô,sanguino,863,monk,mistweaver,12,9,3
15896,Kyleestrutt,stormscale,863,monk,mistweaver,18,9,9
15897,Kattlåda,darkspear,863,monk,mistweaver,18,9,9
15898,Torinia,madmortem,863,monk,mistweaver,18,9,9
15899,Córporation,outland,863,monk,mistweaver,18,9,9
15900,Ilovesnoopy,blackmoore,863,monk,mistweaver,18,9,9
15901,Hoppinxd,burning-blade,863,monk,mistweaver,18,9,9
15902,Zaiyox,thrall,863,monk,mistweaver,24,9,15
15903,Rminto,twisting-nether,863,monk,mistweaver,24,9,15
15904,Missfist,stormscale,862,monk,mistweaver,12,9,3
15905,Niborc,doomhammer,862,monk,mistweaver,12,9,3
15906,Beerbringer,kazzak,862,monk,mistweaver,12,9,3
15907,Monkjakt,draenor,862,monk,mistweaver,18,9,9
15908,Puñolou,sanguino,861,monk,mistweaver,12,9,3
15909,Mwsama,stormscale,861,monk,mistweaver,12,9,3
15910,Konexzx,blackmoore,861,monk,mistweaver,12,9,3
15911,Koldar,grim-batol,861,monk,mistweaver,17,12,5
15912,Mistréss,silvermoon,858,monk,mistweaver,18,9,9
15913,Herdom,blackmoore,856,monk,mistweaver,12,9,3
15914,Алли,lich-king,853,monk,mistweaver,30,9,21
15915,Blackmonk,chromaggus,852,monk,mistweaver,18,9,9
15916,Pafia,sargeras,852,monk,mistweaver,25,12,13
15917,Liwong,antonidas,850,monk,mistweaver,12,9,3
15918,Geckazz,kazzak,847,monk,mistweaver,12,9,3
15919,ßæutiful,silvermoon,835,monk,mistweaver,30,13,17
15920,Tèam,defias-brotherhood,810,monk,mistweaver,15,9,6
15921,Nouraxo,kazzak,809,monk,mistweaver,22,10,12
15922,Xalyà,archimonde,803,monk,mistweaver,18,12,6
15923,Extaszeh,turalyon,802,monk,mistweaver,17,11,6
15924,Jînex,shattrath,784,monk,mistweaver,13,9,4
15925,Kradder,nordrassil,768,monk,mistweaver,12,8,4
15926,Fckisrael,archimonde,768,monk,mistweaver,12,8,4
15927,Дилдобойс,gordunni,768,monk,mistweaver,12,8,4
15928,Гуппер,howling-fjord,768,monk,mistweaver,12,8,4
15929,Бэккс,howling-fjord,768,monk,mistweaver,12,8,4
15930,Savvuzzino,nemesis,768,monk,mistweaver,12,8,4
15931,Yayaxoxoxo,archimonde,768,monk,mistweaver,12,8,4
15932,Miamalkøva,nemesis,768,monk,mistweaver,12,8,4
15933,Ikuyaa,ravencrest,768,monk,mistweaver,12,8,4
15934,Wisebeb,les-clairvoyants,768,monk,mistweaver,12,8,4
15935,Shyrea,nazjatar,768,monk,mistweaver,12,8,4
15936,Brutamonk,blackmoore,768,monk,mistweaver,12,8,4
15937,Zødiac,quelthalas,768,monk,mistweaver,12,8,4
15938,Mvm,outland,768,monk,mistweaver,12,8,4
15939,Kragor,eredar,768,monk,mistweaver,12,8,4
15940,Hurjat,stormreaver,768,monk,mistweaver,12,8,4
15941,Mialena,eredar,768,monk,mistweaver,12,8,4
15942,Adrianchase,ravencrest,768,monk,mistweaver,12,8,4
15943,Cattleyah,ysondre,768,monk,mistweaver,12,8,4
15944,Mástermônkèy,tarren-mill,768,monk,mistweaver,12,8,4
15945,Orki,ragnaros,768,monk,mistweaver,18,8,10
15946,Ronkingkong,ravencrest,768,monk,mistweaver,18,8,10
15947,Adamlól,tarren-mill,768,monk,mistweaver,18,8,10
15948,Tøxicweaver,kazzak,768,monk,mistweaver,18,8,10
15949,Nillebpgodx,kazzak,768,monk,mistweaver,18,8,10
15950,Xerzulo,silvermoon,767,monk,mistweaver,12,8,4
15951,Lin,nathrezim,767,monk,mistweaver,12,8,4
15952,Maigraith,malganis,767,monk,mistweaver,12,8,4
15953,Skusle,defias-brotherhood,767,monk,mistweaver,12,8,4
15954,Adzk,tarren-mill,767,monk,mistweaver,12,8,4
15955,Edll,silvermoon,767,monk,mistweaver,12,8,4
15956,Мистхоррор,gordunni,767,monk,mistweaver,12,8,4
15957,Truelo,eredar,767,monk,mistweaver,12,8,4
15958,Souhei,drakthul,767,monk,mistweaver,12,8,4
15959,Luciellie,archimonde,767,monk,mistweaver,18,8,10
15960,Gízmö,tarren-mill,767,monk,mistweaver,18,8,10
15961,Nexyyfist,kazzak,767,monk,mistweaver,18,8,10
15962,Lerouxx,archimonde,767,monk,mistweaver,18,8,10
15963,Musaya,chamber-of-aspects,767,monk,mistweaver,18,8,10
15964,Asho,outland,767,monk,mistweaver,18,8,10
15965,Qî,ravencrest,767,monk,mistweaver,24,8,16
15966,Sinzy,dentarg,766,monk,mistweaver,12,8,4
15967,Riip,ysondre,766,monk,mistweaver,12,8,4
15968,Nulojeu,archimonde,766,monk,mistweaver,12,8,4
15969,Astolfochan,silvermoon,766,monk,mistweaver,18,8,10
15970,Nela,sanguino,766,monk,mistweaver,18,8,10
15971,Gakunie,blackhand,766,monk,mistweaver,18,8,10
15972,Ariluna,tarren-mill,766,monk,mistweaver,18,8,10
15973,Скорпин,ashenvale,766,monk,mistweaver,20,8,12
15974,Kegbrew,kazzak,765,monk,mistweaver,12,8,4
15975,Hersmonk,drakthul,765,monk,mistweaver,12,8,4
15976,Каземат,booty-bay,765,monk,mistweaver,18,8,10
15977,Lûxz,ragnaros,765,monk,mistweaver,18,8,10
15978,Lilniccí,blackrock,764,monk,mistweaver,12,8,4
15979,Saintmoon,drakthul,762,monk,mistweaver,18,8,10
15980,Pekinn,sanguino,761,monk,mistweaver,18,8,10
15981,Karmasfist,ravencrest,760,monk,mistweaver,12,8,4
15982,Сукавкимоно,soulflayer,758,monk,mistweaver,18,8,10
15983,Fetchd,blackmoore,733,monk,mistweaver,16,8,8
15984,ßam,ravencrest,726,monk,mistweaver,23,8,15
15985,Kameltreiba,antonidas,719,monk,mistweaver,17,8,9
15986,Moreløs,stormscale,710,monk,mistweaver,24,10,14
15987,Hidekami,archimonde,702,monk,mistweaver,22,8,14
15988,Kîârâ,frostwolf,701,monk,mistweaver,11,8,3
15989,Merçury,dun-morogh,672,monk,mistweaver,12,7,5
15990,Capwouk,tarren-mill,672,monk,mistweaver,12,7,5
15991,Wåñmëíßãøx,sylvanas,672,monk,mistweaver,12,7,5
15992,Yoogychi,ravencrest,672,monk,mistweaver,12,7,5
15993,Fugmonk,ravencrest,672,monk,mistweaver,12,7,5
15994,Fshn,sylvanas,672,monk,mistweaver,12,7,5
15995,Lamasauce,ravencrest,672,monk,mistweaver,12,7,5
15996,Soulcháos,ravencrest,672,monk,mistweaver,12,7,5
15997,Dodomino,archimonde,672,monk,mistweaver,12,7,5
15998,Yulon,blackrock,672,monk,mistweaver,12,7,5
15999,Frajer,auchindoun,672,monk,mistweaver,12,7,5
16000,Irønmaxx,die-aldor,672,monk,mistweaver,12,7,5
16001,Mêshuggâh,malganis,672,monk,mistweaver,12,7,5
16002,Vingurd,terokkar,672,monk,mistweaver,12,7,5
16003,Bekachu,ragnaros,672,monk,mistweaver,12,7,5
16004,Tøwtc,outland,672,monk,mistweaver,12,7,5
16005,Prismaticx,ravencrest,672,monk,mistweaver,12,7,5
16006,Monkel,frostwolf,672,monk,mistweaver,12,7,5
16007,Podrugabomja,outland,672,monk,mistweaver,12,7,5
16008,Kbwser,silvermoon,672,monk,mistweaver,12,7,5
16009,Hessuzen,stormreaver,672,monk,mistweaver,12,7,5
16010,Teamviewer,blackmoore,672,monk,mistweaver,12,7,5
16011,Demmonkz,stormreaver,672,monk,mistweaver,12,7,5
16012,Фистингкоуч,gordunni,672,monk,mistweaver,12,7,5
16013,Bigchaz,outland,672,monk,mistweaver,12,7,5
16014,Flexify,outland,672,monk,mistweaver,12,7,5
16015,Mjoo,blackrock,672,monk,mistweaver,12,7,5
16016,Вхукьютиикс,howling-fjord,672,monk,mistweaver,13,7,6
16017,Ajay,outland,672,monk,mistweaver,18,7,11
16018,Exru,draenor,672,monk,mistweaver,18,7,11
16019,Fistweavingg,tarren-mill,672,monk,mistweaver,18,7,11
16020,Stdzym,tarren-mill,672,monk,mistweaver,18,7,11
16021,Dråf,ysondre,672,monk,mistweaver,18,7,11
16022,Boîndíl,malfurion,672,monk,mistweaver,18,7,11
16023,Scz,draenor,672,monk,mistweaver,18,7,11
16024,Abdulhealer,stormscale,672,monk,mistweaver,18,7,11
16025,Кисеч,soulflayer,671,monk,mistweaver,12,7,5
16026,Chigee,kazzak,671,monk,mistweaver,12,7,5
16027,Gumar,antonidas,671,monk,mistweaver,12,7,5
16028,Bîgmø,blades-edge,671,monk,mistweaver,12,7,5
16029,Anadia,blackrock,671,monk,mistweaver,12,7,5
16030,Jagermonk,doomhammer,671,monk,mistweaver,12,7,5
16031,Åshêrs,stormscale,671,monk,mistweaver,12,7,5
16032,Lobnx,kazzak,671,monk,mistweaver,12,7,5
16033,Conguitø,colinas-pardas,671,monk,mistweaver,12,7,5
16034,Fonk,blades-edge,671,monk,mistweaver,12,7,5
16035,Алунам,soulflayer,671,monk,mistweaver,18,7,11
16036,Uncleheal,tarren-mill,671,monk,mistweaver,18,7,11
16037,Lazuros,auchindoun,671,monk,mistweaver,18,7,11
16038,Hittokick,draenor,671,monk,mistweaver,18,7,11
16039,Zendyy,argent-dawn,670,monk,mistweaver,12,7,5
16040,Ytonie,gorgonnash,670,monk,mistweaver,12,7,5
16041,Monkinamight,turalyon,670,monk,mistweaver,12,7,5
16042,Joübar,archimonde,670,monk,mistweaver,12,7,5
16043,Bréwsléé,ragnaros,670,monk,mistweaver,12,7,5
16044,Rhuru,argent-dawn,670,monk,mistweaver,14,7,7
16045,Rumiñawi,ravencrest,670,monk,mistweaver,18,7,11
16046,Chimonk,ravencrest,668,monk,mistweaver,12,7,5
16047,Zywoo,emerald-dream,668,monk,mistweaver,18,7,11
16048,Senseithai,trollbane,665,monk,mistweaver,18,7,11
16049,Wuchanglan,blackmoore,665,monk,mistweaver,18,7,11
16050,Fistarfrans,sylvanas,639,monk,mistweaver,8,8,0
16051,Klischi,taerar,639,monk,mistweaver,17,7,10
16052,Lylaei,argent-dawn,639,monk,mistweaver,17,7,10
16053,Vatsmijter,silvermoon,623,monk,mistweaver,11,7,4
16054,Monkadorie,twisting-nether,622,monk,mistweaver,11,7,4
16055,Quotes,darksorrow,618,monk,mistweaver,22,9,13
16056,Tanyà,hyjal,617,monk,mistweaver,12,8,4
16057,Ronocs,turalyon,606,monk,mistweaver,14,7,7
16058,Саас,gordunni,585,monk,mistweaver,17,8,9
16059,Althéia,dalaran,576,monk,mistweaver,6,6,0
16060,Garuda,darkspear,576,monk,mistweaver,6,6,0
16061,Chìless,shadowsong,576,monk,mistweaver,6,6,0
16062,Lilithrevan,frostmourne,576,monk,mistweaver,6,6,0
16063,Кувырбек,howling-fjord,576,monk,mistweaver,6,6,0
16064,Barbielølz,archimonde,576,monk,mistweaver,6,6,0
16065,Mowì,stormscale,576,monk,mistweaver,6,6,0
16066,Redundänt,kazzak,576,monk,mistweaver,6,6,0
16067,Флориусс,soulflayer,576,monk,mistweaver,6,6,0
16068,Djalexmw,kazzak,576,monk,mistweaver,6,6,0
16069,Deepênd,antonidas,576,monk,mistweaver,12,6,6
16070,Onaiâ,ravencrest,576,monk,mistweaver,12,6,6
16071,Mistur,blackrock,576,monk,mistweaver,12,6,6
16072,Chexmonk,silvermoon,576,monk,mistweaver,12,6,6
16073,Mørbradgryde,silvermoon,576,monk,mistweaver,12,6,6
16074,Faki,eredar,576,monk,mistweaver,12,6,6
16075,Gruslinovica,archimonde,576,monk,mistweaver,12,6,6
16076,Sinnermonkk,outland,576,monk,mistweaver,12,6,6
16077,Garfunkel,emeriss,576,monk,mistweaver,12,6,6
16078,Rollsamdi,tarren-mill,576,monk,mistweaver,12,6,6
16079,Annoyingtwo,archimonde,576,monk,mistweaver,12,6,6
16080,Миражмонк,howling-fjord,576,monk,mistweaver,12,6,6
16081,Maybeexm,ravencrest,576,monk,mistweaver,12,6,6
16082,Mozzi,frostmane,576,monk,mistweaver,12,6,6
16083,Bâsarä,archimonde,576,monk,mistweaver,12,6,6
16084,Potkuri,stormreaver,576,monk,mistweaver,12,6,6
16085,Vàlky,outland,576,monk,mistweaver,12,6,6
16086,Oiorie,twisting-nether,576,monk,mistweaver,12,6,6
16087,Leashed,blackmoore,576,monk,mistweaver,12,6,6
16088,Кончеглаз,soulflayer,576,monk,mistweaver,12,6,6
16089,Iliketofist,ravencrest,576,monk,mistweaver,12,6,6
16090,Deliveroo,twisting-nether,576,monk,mistweaver,12,6,6
16091,Aritisi,tarren-mill,576,monk,mistweaver,12,6,6
16092,Bigkim,khadgar,576,monk,mistweaver,12,6,6
16093,Goamix,ravencrest,576,monk,mistweaver,12,6,6
16094,Kammia,drekthar,576,monk,mistweaver,12,6,6
16095,Yez,azjolnerub,576,monk,mistweaver,12,6,6
16096,Vedak,stormreaver,576,monk,mistweaver,12,6,6
16097,Lazyslooth,ravencrest,576,monk,mistweaver,12,6,6
16098,Pivomamrad,drakthul,576,monk,mistweaver,12,6,6
16099,Åmba,blackrock,576,monk,mistweaver,12,6,6
16100,Mahøni,malganis,576,monk,mistweaver,12,6,6
16101,Tiddor,burning-legion,576,monk,mistweaver,12,6,6
16102,Päws,kazzak,576,monk,mistweaver,12,6,6
16103,Коумана,gordunni,576,monk,mistweaver,15,7,8
16104,Торен,soulflayer,576,monk,mistweaver,18,6,12
16105,Renegatt,twisting-nether,576,monk,mistweaver,18,6,12
16106,Modequillo,blackmoore,576,monk,mistweaver,18,6,12
16107,Itsthemonkky,tarren-mill,576,monk,mistweaver,24,6,18
16108,Heyami,ravencrest,576,monk,mistweaver,24,6,18
16109,Smitheal,outland,575,monk,mistweaver,6,6,0
16110,Fraideberoa,ravencrest,575,monk,mistweaver,6,6,0
16111,Shenyen,silvermoon,575,monk,mistweaver,12,6,6
16112,Тэсси,blackscar,575,monk,mistweaver,12,6,6
16113,Tily,stormreaver,575,monk,mistweaver,12,6,6
16114,Фериго,gordunni,575,monk,mistweaver,12,6,6
16115,Samie,ravencrest,575,monk,mistweaver,12,6,6
16116,Drír,archimonde,575,monk,mistweaver,12,6,6
16117,Vexzen,tarren-mill,575,monk,mistweaver,12,6,6
16118,Drlyn,blackmoore,575,monk,mistweaver,12,6,6
16119,Skonk,frostmane,575,monk,mistweaver,12,6,6
16120,Rakowo,arthas,575,monk,mistweaver,12,6,6
16121,Mulana,sanguino,575,monk,mistweaver,18,6,12
16122,Latify,todeswache,575,monk,mistweaver,18,6,12
16123,Painswîft,blackhand,575,monk,mistweaver,18,6,12
16124,Othalain,silvermoon,574,monk,mistweaver,12,6,6
16125,Irishdëmon,ravencrest,574,monk,mistweaver,16,6,10
16126,Gârdt,blackmoore,573,monk,mistweaver,6,6,0
16127,Katse,eredar,571,monk,mistweaver,21,7,14
16128,Candypoppe,argent-dawn,565,monk,mistweaver,20,6,14
16129,Psychö,zuljin,538,monk,mistweaver,17,6,11
16130,Gingerbrew,hyjal,528,monk,mistweaver,9,7,2
16131,Lidalol,silvermoon,527,monk,mistweaver,9,7,2
16132,Trymax,blackmoore,522,monk,mistweaver,17,7,10
16133,Leïsha,ysondre,522,monk,mistweaver,18,7,11
16134,Dánný,antonidas,494,monk,mistweaver,13,6,7
16135,Tarzaki,hyjal,494,monk,mistweaver,13,6,7
16136,Marvboy,aegwynn,480,monk,mistweaver,6,5,1
16137,Fistpunk,kazzak,480,monk,mistweaver,6,5,1
16138,Kaowar,nerzhul,480,monk,mistweaver,6,5,1
16139,Veladana,chamber-of-aspects,480,monk,mistweaver,6,5,1
16140,Plancton,kazzak,480,monk,mistweaver,6,5,1
16141,Gaalon,ravencrest,480,monk,mistweaver,6,5,1
16142,Sloopkogel,tarren-mill,480,monk,mistweaver,6,5,1
16143,Muix,draenor,480,monk,mistweaver,6,5,1
16144,Dukhi,kazzak,480,monk,mistweaver,6,5,1
16145,Malfius,shadowsong,480,monk,mistweaver,6,5,1
16146,Подорожнник,gordunni,480,monk,mistweaver,6,5,1
16147,Watschensepp,arthas,480,monk,mistweaver,6,5,1
16148,Ørcqt,tarren-mill,480,monk,mistweaver,6,5,1
16149,Павнмонкх,gordunni,480,monk,mistweaver,6,5,1
16150,Stromon,silvermoon,480,monk,mistweaver,6,5,1
16151,Такиера,gordunni,480,monk,mistweaver,6,5,1
16152,Sio,dentarg,480,monk,mistweaver,6,5,1
16153,Хромдар,gordunni,480,monk,mistweaver,9,6,3
16154,Erandja,silvermoon,480,monk,mistweaver,12,5,7
16155,Tîptap,blackrock,480,monk,mistweaver,12,5,7
16156,Risomonk,blackrock,480,monk,mistweaver,12,5,7
16157,Siezlebabo,blackrock,480,monk,mistweaver,12,5,7
16158,Ayanaami,pozzo-delleternità,480,monk,mistweaver,12,5,7
16159,Mickjabber,aegwynn,480,monk,mistweaver,12,5,7
16160,Aebì,dalaran,480,monk,mistweaver,12,5,7
16161,Chinmachine,kazzak,480,monk,mistweaver,12,5,7
16162,Kispiszock,bloodscalp,480,monk,mistweaver,12,5,7
16163,Gemil,argent-dawn,480,monk,mistweaver,12,5,7
16164,Kandislee,ravencrest,480,monk,mistweaver,12,5,7
16165,Chijis,blackmoore,480,monk,mistweaver,12,5,7
16166,Hoibglotzn,antonidas,480,monk,mistweaver,12,5,7
16167,Bountyño,dun-modr,480,monk,mistweaver,12,5,7
16168,Ðrçleañ,stormreaver,480,monk,mistweaver,12,5,7
16169,Slizzlie,outland,480,monk,mistweaver,12,5,7
16170,Místborn,ravencrest,480,monk,mistweaver,12,5,7
16171,Jacm,blackhand,480,monk,mistweaver,12,5,7
16172,Srav,archimonde,480,monk,mistweaver,12,5,7
16173,Minervaez,grim-batol,480,monk,mistweaver,12,5,7
16174,Jodeen,shadowsong,480,monk,mistweaver,12,5,7
16175,Diabolùs,blackmoore,480,monk,mistweaver,18,5,13
16176,Whytoosxy,silvermoon,480,monk,mistweaver,18,5,13
16177,Drumonk,kelthuzad,480,monk,mistweaver,18,5,13
16178,Копытька,gordunni,480,monk,mistweaver,18,5,13
16179,Wkiller,outland,480,monk,mistweaver,18,5,13
16180,Madraven,ravencrest,480,monk,mistweaver,18,5,13
16181,Proxxona,eredar,479,monk,mistweaver,6,5,1
16182,Pämella,alleria,479,monk,mistweaver,6,5,1
16183,Kakos,eldrethalas,479,monk,mistweaver,6,5,1
16184,Atenazadonte,sanguino,479,monk,mistweaver,9,6,3
16185,Дарума,grom,479,monk,mistweaver,12,5,7
16186,Jackamonk,kazzak,479,monk,mistweaver,12,5,7
16187,Яутжа,soulflayer,479,monk,mistweaver,12,5,7
16188,Loma,drakthul,479,monk,mistweaver,12,5,7
16189,Sotqyy,stormscale,479,monk,mistweaver,12,5,7
16190,Luigimonk,dun-modr,479,monk,mistweaver,12,5,7
16191,Knotze,eredar,479,monk,mistweaver,18,5,13
16192,Добраядушка,gordunni,479,monk,mistweaver,18,5,13
16193,Toaborsten,tarren-mill,478,monk,mistweaver,6,5,1
16194,Брэйки,lich-king,478,monk,mistweaver,18,5,13
16195,Cheriedevile,drakthul,478,monk,mistweaver,18,5,13
16196,Nathaanel,argent-dawn,476,monk,mistweaver,12,5,7
16197,Drugarix,uldaman,475,monk,mistweaver,12,5,7
16198,Mistyheals,nagrand,474,monk,mistweaver,12,5,7
16199,Chucknorrís,kilrogg,474,monk,mistweaver,18,7,11
16200,Jsuispasheal,dalaran,473,monk,mistweaver,12,5,7
16201,Filomenata,rexxar,469,monk,mistweaver,19,5,14
16202,Zinzyo,aegwynn,447,monk,mistweaver,11,5,6
16203,Pìmpìnelle,garona,432,monk,mistweaver,9,6,3
16204,Ygêrne,archimonde,426,monk,mistweaver,15,6,9
16205,Dræk,twisting-nether,426,monk,mistweaver,19,6,13
16206,Pandasia,kargath,419,monk,mistweaver,26,8,18
16207,Годъяр,gordunni,415,monk,mistweaver,8,5,3
16208,Олежатоксик,gordunni,384,monk,mistweaver,6,4,2
16209,Spiritualia,kazzak,384,monk,mistweaver,6,4,2
16210,Punkfukanda,drakthul,384,monk,mistweaver,6,4,2
16211,Spánkproóf,kazzak,384,monk,mistweaver,6,4,2
16212,Camlen,draenor,384,monk,mistweaver,6,4,2
16213,Callim,blackrock,384,monk,mistweaver,6,4,2
16214,Alomonk,archimonde,384,monk,mistweaver,6,4,2
16215,Trancendent,silvermoon,384,monk,mistweaver,6,4,2
16216,Meineaugen,blackhand,384,monk,mistweaver,6,4,2
16217,Nihao,tarren-mill,384,monk,mistweaver,6,4,2
16218,Jlo,stormscale,384,monk,mistweaver,6,4,2
16219,Wrox,sylvanas,384,monk,mistweaver,6,4,2
16220,Foaqer,aegwynn,384,monk,mistweaver,6,4,2
16221,Miquella,scarshield-legion,384,monk,mistweaver,6,4,2
16222,Peaceweaver,ravencrest,384,monk,mistweaver,6,4,2
16223,Даопецдын,howling-fjord,384,monk,mistweaver,6,4,2
16224,Фешнмонк,soulflayer,384,monk,mistweaver,6,4,2
16225,Highline,draenor,384,monk,mistweaver,6,4,2
16226,Леобтв,soulflayer,384,monk,mistweaver,6,4,2
16227,Shenexo,kazzak,384,monk,mistweaver,6,4,2
16228,Agodx,sanguino,384,monk,mistweaver,6,4,2
16229,Molgar,tarren-mill,384,monk,mistweaver,6,4,2
16230,Ryac,defias-brotherhood,384,monk,mistweaver,6,4,2
16231,Ennamoly,blackmoore,384,monk,mistweaver,6,4,2
16232,Missislee,aegwynn,384,monk,mistweaver,6,4,2
16233,Woguo,drakthul,384,monk,mistweaver,6,4,2
16234,Karatekickyo,ravencrest,384,monk,mistweaver,6,4,2
16235,Муррчалкин,howling-fjord,384,monk,mistweaver,6,4,2
16236,Mistfeeder,burning-blade,384,monk,mistweaver,6,4,2
16237,Xevol,burning-legion,384,monk,mistweaver,6,4,2
16238,Plånck,archimonde,384,monk,mistweaver,6,4,2
16239,Jemijedno,drakthul,384,monk,mistweaver,6,4,2
16240,Claww,blackrock,384,monk,mistweaver,6,4,2
16241,Nêrfmeta,kazzak,384,monk,mistweaver,6,4,2
16242,Rotkäppchen,blackmoore,384,monk,mistweaver,6,4,2
16243,Эрумонк,gordunni,384,monk,mistweaver,6,4,2
16244,Bjj,blackrock,384,monk,mistweaver,6,4,2
16245,Roudious,arathi,384,monk,mistweaver,6,4,2
16246,Escopetin,los-errantes,384,monk,mistweaver,6,4,2
16247,Bréwmáster,silvermoon,384,monk,mistweaver,6,4,2
16248,Bhrag,die-aldor,384,monk,mistweaver,6,4,2
16249,Dath,outland,384,monk,mistweaver,6,4,2
16250,Kazéshini,doomhammer,384,monk,mistweaver,6,4,2
16251,Naìsh,arygos,384,monk,mistweaver,6,4,2
16252,Bigflex,conseil-des-ombres,384,monk,mistweaver,6,4,2
16253,Cocacolazeró,draenor,384,monk,mistweaver,6,4,2
16254,Bratana,dun-morogh,384,monk,mistweaver,6,4,2
16255,Monkersquad,doomhammer,384,monk,mistweaver,6,4,2
16256,Jifun,kazzak,384,monk,mistweaver,6,4,2
16257,Starside,tarren-mill,384,monk,mistweaver,6,4,2
16258,Slokwerk,dentarg,384,monk,mistweaver,6,4,2
16259,Gangichi,blackhand,384,monk,mistweaver,9,5,4
16260,Kunolis,kazzak,384,monk,mistweaver,8,4,4
16261,Päätöksiä,defias-brotherhood,384,monk,mistweaver,12,4,8
16262,Invsionrush,crushridge,384,monk,mistweaver,12,4,8
16263,Audaz,dun-modr,384,monk,mistweaver,12,4,8
16264,Nebelwandler,blackhand,384,monk,mistweaver,12,4,8
16265,Bruceli,darkmoon-faire,384,monk,mistweaver,12,4,8
16266,Monkmonkesen,stormscale,384,monk,mistweaver,12,4,8
16267,Eth,nagrand,384,monk,mistweaver,12,4,8
16268,Тсайм,howling-fjord,384,monk,mistweaver,12,4,8
16269,Suhnukka,stormscale,384,monk,mistweaver,12,4,8
16270,Bûl,blackmoore,384,monk,mistweaver,12,4,8
16271,Слишкомхорош,howling-fjord,384,monk,mistweaver,12,4,8
16272,Subzxftw,archimonde,384,monk,mistweaver,12,4,8
16273,Woofi,tarren-mill,384,monk,mistweaver,12,4,8
16274,Mécagnóme,dalaran,384,monk,mistweaver,12,4,8
16275,Dromarch,dun-modr,384,monk,mistweaver,12,4,8
16276,Supwithat,kazzak,383,monk,mistweaver,6,4,2
16277,Vzan,kazzak,383,monk,mistweaver,6,4,2
16278,Wrathing,tarren-mill,383,monk,mistweaver,6,4,2
16279,Velicko,ravencrest,383,monk,mistweaver,12,4,8
16280,Eucalyptuz,draenor,383,monk,mistweaver,12,4,8
16281,Doneithné,stormscale,383,monk,mistweaver,12,4,8
16282,Liathina,sylvanas,383,monk,mistweaver,12,4,8
16283,Korrok,sanguino,383,monk,mistweaver,12,4,8
16284,Gnomebrew,ravencrest,383,monk,mistweaver,12,4,8
16285,Xentimus,kazzak,383,monk,mistweaver,12,4,8
16286,Fkflying,defias-brotherhood,381,monk,mistweaver,12,4,8
16287,Geeberz,twisting-nether,380,monk,mistweaver,12,4,8
16288,Hullumunkki,blackmoore,352,monk,mistweaver,10,4,6
16289,Matrim,arathor,351,monk,mistweaver,8,5,3
16290,Chiá,tarren-mill,351,monk,mistweaver,11,4,7
16291,Thiccbaby,kazzak,336,monk,mistweaver,9,4,5
16292,Yøda,malganis,335,monk,mistweaver,9,4,5
16293,Buckersxo,kazzak,330,monk,mistweaver,11,6,5
16294,Монкиннияя,gordunni,330,monk,mistweaver,21,6,15
16295,Midgetyoda,outland,330,monk,mistweaver,22,5,17
16296,Zaalleh,draenor,319,monk,mistweaver,5,4,1
16297,Ilikeducks,ravencrest,319,monk,mistweaver,5,4,1
16298,Uggs,hyjal,288,monk,mistweaver,6,3,3
16299,Neptulion,ravencrest,288,monk,mistweaver,6,3,3
16300,Leikô,grim-batol,288,monk,mistweaver,6,3,3
16301,Deadlywuu,antonidas,288,monk,mistweaver,6,3,3
16302,Wèéman,grim-batol,288,monk,mistweaver,6,3,3
16303,Atommyran,frostmane,288,monk,mistweaver,6,3,3
16304,Chichi,ravencrest,288,monk,mistweaver,6,3,3
16305,Moistweaver,drakthul,288,monk,mistweaver,6,3,3
16306,Koba,frostwolf,288,monk,mistweaver,6,3,3
16307,Ninetz,tarren-mill,288,monk,mistweaver,6,3,3
16308,Coalsack,outland,288,monk,mistweaver,6,3,3
16309,Mickeyworms,archimonde,288,monk,mistweaver,6,3,3
16310,Fluxqt,ravencrest,288,monk,mistweaver,6,3,3
16311,Baisi,blackhand,288,monk,mistweaver,6,3,3
16312,Fistwave,malganis,288,monk,mistweaver,6,3,3
16313,Киликххл,deathguard,288,monk,mistweaver,6,3,3
16314,Loempia,outland,288,monk,mistweaver,6,3,3
16315,Trubushatal,ravencrest,288,monk,mistweaver,6,3,3
16316,Kaizenthor,runetotem,288,monk,mistweaver,6,3,3
16317,Mythadeya,stormscale,288,monk,mistweaver,6,3,3
16318,Màlydôr,outland,288,monk,mistweaver,6,3,3
16319,Andelicek,burning-blade,288,monk,mistweaver,6,3,3
16320,Shoskio,chamber-of-aspects,288,monk,mistweaver,6,3,3
16321,Carlteaz,drakthul,288,monk,mistweaver,6,3,3
16322,Shàolïn,dalaran,288,monk,mistweaver,6,3,3
16323,Callmeks,stormscale,288,monk,mistweaver,6,3,3
16324,Родо,blackscar,288,monk,mistweaver,6,3,3
16325,Похмелись,blackscar,288,monk,mistweaver,6,3,3
16326,Тайви,deepholm,288,monk,mistweaver,6,3,3
16327,Yutahon,azjolnerub,288,monk,mistweaver,6,3,3
16328,Hon,sanguino,288,monk,mistweaver,6,3,3
16329,Píco,gorgonnash,288,monk,mistweaver,6,3,3
16330,Kätelyys,dun-modr,288,monk,mistweaver,6,3,3
16331,Crommul,burning-legion,288,monk,mistweaver,6,3,3
16332,Rípple,alakir,288,monk,mistweaver,6,3,3
16333,Totemlygodx,alakir,288,monk,mistweaver,6,3,3
16334,Perikencito,dun-modr,288,monk,mistweaver,6,3,3
16335,Norbii,twisting-nether,288,monk,mistweaver,6,3,3
16336,Mønkek,kazzak,288,monk,mistweaver,6,3,3
16337,Shoryugrops,chants-éternels,288,monk,mistweaver,6,3,3
16338,Коррелир,howling-fjord,288,monk,mistweaver,6,3,3
16339,Louiemon,outland,288,monk,mistweaver,6,3,3
16340,Viggex,outland,288,monk,mistweaver,6,3,3
16341,Fairhand,emerald-dream,288,monk,mistweaver,6,3,3
16342,Zyrosmonk,blackmoore,288,monk,mistweaver,6,3,3
16343,Kylâas,die-ewige-wacht,288,monk,mistweaver,6,3,3
16344,Friidam,lightbringer,288,monk,mistweaver,6,3,3
16345,Craneovic,kult-der-verdammten,288,monk,mistweaver,6,3,3
16346,Yogi,defias-brotherhood,288,monk,mistweaver,6,3,3
16347,Nexìan,kazzak,288,monk,mistweaver,6,3,3
16348,Mistless,ragnaros,288,monk,mistweaver,6,3,3
16349,Lassador,onyxia,288,monk,mistweaver,6,3,3
16350,Mecin,ragnaros,288,monk,mistweaver,6,3,3
16351,Domedagsdamp,draenor,288,monk,mistweaver,6,3,3
16352,Xanderpowa,sanguino,288,monk,mistweaver,6,3,3
16353,Toweliè,thrall,288,monk,mistweaver,6,3,3
16354,Culiacàn,blackmoore,288,monk,mistweaver,6,3,3
16355,Jackíechen,draenor,288,monk,mistweaver,6,3,3
16356,Cmgxbrew,blackrock,288,monk,mistweaver,6,3,3
16357,Relentlessly,blackrock,288,monk,mistweaver,6,3,3
16358,Askmeout,ravencrest,288,monk,mistweaver,7,3,4
16359,Xvll,kaelthas,288,monk,mistweaver,12,3,9
16360,Olîvê,ravencrest,288,monk,mistweaver,12,3,9
16361,Lonechi,sylvanas,288,monk,mistweaver,12,3,9
16362,Drunklee,aegwynn,288,monk,mistweaver,12,3,9
16363,Tossen,ragnaros,288,monk,mistweaver,12,3,9
16364,Jinora,theradras,288,monk,mistweaver,12,3,9
16365,Fistmeg,grim-batol,288,monk,mistweaver,12,3,9
16366,Brewdooms,laughing-skull,288,monk,mistweaver,12,3,9
16367,Leøni,malfurion,288,monk,mistweaver,12,3,9
16368,Justfistyoux,archimonde,288,monk,mistweaver,12,3,9
16369,Løkî,culte-de-la-rive-noire,288,monk,mistweaver,12,3,9
16370,Velita,dun-modr,288,monk,mistweaver,18,3,15
16371,Спартаннка,gordunni,287,monk,mistweaver,6,3,3
16372,Playboicarti,frostwolf,287,monk,mistweaver,6,3,3
16373,Bo,malorne,287,monk,mistweaver,6,3,3
16374,Brizs,outland,287,monk,mistweaver,6,3,3
16375,Vørdèthxd,outland,287,monk,mistweaver,6,3,3
16376,Ryanshazier,eredar,287,monk,mistweaver,6,3,3
16377,Edenbllow,twisting-nether,287,monk,mistweaver,12,3,9
16378,Hanumahn,kilrogg,287,monk,mistweaver,12,3,9
16379,Pepefocho,sanguino,286,monk,mistweaver,6,3,3
16380,Mossadjr,blackmoore,256,monk,mistweaver,4,4,0
16381,Maharaj,terenas,255,monk,mistweaver,11,3,8
16382,Trlmøna,gorgonnash,240,monk,mistweaver,9,4,5
16383,Skaadoosh,aggra-português,240,monk,mistweaver,9,3,6
16384,Pikajeww,kazzak,239,monk,mistweaver,5,3,2
16385,Mouhous,hellscream,234,monk,mistweaver,13,4,9
16386,Арнольдовна,blackscar,234,monk,mistweaver,17,4,13
16387,Colita,kazzak,233,monk,mistweaver,16,5,11
16388,Mynaira,tarren-mill,208,monk,mistweaver,25,3,22
16389,Sioumoo,malganis,192,monk,mistweaver,4,3,1
16390,Liluzi,aszune,192,monk,mistweaver,6,2,4
16391,Jolifine,alleria,192,monk,mistweaver,6,2,4
16392,Kûngfu,tarren-mill,192,monk,mistweaver,6,2,4
16393,Tøngpø,argent-dawn,192,monk,mistweaver,6,2,4
16394,Syy,medivh,192,monk,mistweaver,6,2,4
16395,Wifeeagro,doomhammer,192,monk,mistweaver,6,2,4
16396,Mutai,tarren-mill,192,monk,mistweaver,6,2,4
16397,Bakersdozen,tarren-mill,192,monk,mistweaver,6,2,4
16398,Jetsweep,kazzak,192,monk,mistweaver,6,2,4
16399,Nephi,kirin-tor,192,monk,mistweaver,6,2,4
16400,Exbuddhist,outland,192,monk,mistweaver,6,2,4
16401,Justacomma,outland,192,monk,mistweaver,6,2,4
16402,Rbgmachine,burning-legion,192,monk,mistweaver,6,2,4
16403,Люсилью,howling-fjord,192,monk,mistweaver,6,2,4
16404,Kmorhin,antonidas,192,monk,mistweaver,6,2,4
16405,Acbcz,draenor,192,monk,mistweaver,6,2,4
16406,Obeliskbrew,kazzak,192,monk,mistweaver,6,2,4
16407,Altairan,ragnaros,192,monk,mistweaver,6,2,4
16408,Fistandfury,outland,192,monk,mistweaver,6,2,4
16409,Wilymonka,dalaran,192,monk,mistweaver,6,2,4
16410,Axilane,outland,192,monk,mistweaver,6,2,4
16411,Jcchi,xavius,192,monk,mistweaver,6,2,4
16412,Trippyv,ragnaros,192,monk,mistweaver,6,2,4
16413,Mystize,shattered-hand,192,monk,mistweaver,6,2,4
16414,Yokuboo,ysondre,192,monk,mistweaver,6,2,4
16415,Jadefain,argent-dawn,192,monk,mistweaver,6,2,4
16416,Chegweaver,ravencrest,192,monk,mistweaver,6,2,4
16417,Loveít,blackrock,192,monk,mistweaver,6,2,4
16418,Ebonymilfy,archimonde,192,monk,mistweaver,6,2,4
16419,Sashun,blackmoore,192,monk,mistweaver,6,2,4
16420,Cranecannon,aegwynn,192,monk,mistweaver,6,2,4
16421,Fènja,kult-der-verdammten,192,monk,mistweaver,6,2,4
16422,Brewsmaster,archimonde,192,monk,mistweaver,6,2,4
16423,Леронтас,gordunni,192,monk,mistweaver,6,2,4
16424,Ninjasven,bladefist,192,monk,mistweaver,6,2,4
16425,Shynlee,frostwhisper,192,monk,mistweaver,6,2,4
16426,Auaaua,ravencrest,192,monk,mistweaver,6,2,4
16427,Chun,arathor,192,monk,mistweaver,6,2,4
16428,Yinsho,stormscale,192,monk,mistweaver,6,2,4
16429,Fisterxd,blackrock,192,monk,mistweaver,6,2,4
16430,Dunkfjås,stormscale,192,monk,mistweaver,6,2,4
16431,Houzagackel,blackrock,192,monk,mistweaver,6,2,4
16432,Scorpìon,blackrock,192,monk,mistweaver,6,2,4
16433,Orenjis,kazzak,192,monk,mistweaver,6,2,4
16434,Кулаквтебе,borean-tundra,192,monk,mistweaver,6,2,4
16435,Sînge,archimonde,192,monk,mistweaver,6,2,4
16436,Espectrå,dun-modr,192,monk,mistweaver,6,2,4
16437,Domingovivas,dun-modr,192,monk,mistweaver,6,2,4
16438,Xùen,blackrock,192,monk,mistweaver,6,2,4
16439,Flyingraven,magtheridon,192,monk,mistweaver,6,2,4
16440,Durand,blackhand,192,monk,mistweaver,6,2,4
16441,Faustíne,blackmoore,192,monk,mistweaver,6,2,4
16442,Merlyñ,blackmoore,192,monk,mistweaver,6,2,4
16443,Watermelon,laughing-skull,192,monk,mistweaver,6,2,4
16444,Dennismansix,sylvanas,192,monk,mistweaver,6,2,4
16445,ßountÿ,kazzak,192,monk,mistweaver,6,2,4
16446,Зараз,gordunni,192,monk,mistweaver,6,2,4
16447,Monkfriend,quelthalas,192,monk,mistweaver,6,2,4
16448,Dalaipyjama,quelthalas,192,monk,mistweaver,6,2,4
16449,Pleasure,laughing-skull,192,monk,mistweaver,6,2,4
16450,Brixelol,kazzak,192,monk,mistweaver,12,2,10
16451,Ascrem,ragnaros,192,monk,mistweaver,12,2,10
16452,Chîca,ysondre,192,monk,mistweaver,12,2,10
16453,Johnsôn,blackmoore,192,monk,mistweaver,12,2,10
16454,Sargnorak,dalaran,191,monk,mistweaver,6,2,4
16455,Hisagi,khaz-modan,191,monk,mistweaver,6,2,4
16456,Fréýáá,blackrock,191,monk,mistweaver,6,2,4
16457,Чвка,booty-bay,191,monk,mistweaver,6,2,4
16458,Andrah,blackmoore,185,monk,mistweaver,14,4,10
16459,Facetimee,ahnqiraj,159,monk,mistweaver,5,2,3
16460,Киото,ashenvale,159,monk,mistweaver,5,2,3
16461,Swiftmonky,azuremyst,159,monk,mistweaver,5,2,3
16462,Bigdickmonk,blackmoore,144,monk,mistweaver,3,3,0
16463,Зрти,gordunni,138,monk,mistweaver,12,4,8
16464,Saïtama,krasus,138,monk,mistweaver,10,3,7
16465,Ghettomonk,blackmoore,138,monk,mistweaver,11,3,8
16466,Shenlong,burning-blade,138,monk,mistweaver,14,3,11
16467,Wraq,tarren-mill,128,monk,mistweaver,4,2,2
16468,Cheechong,grim-batol,127,monk,mistweaver,8,2,6
16469,Invadem,shattered-hand,96,monk,mistweaver,3,2,1
16470,Nåwãk,archimonde,96,monk,mistweaver,3,2,1
16471,Assaalaria,argent-dawn,96,monk,mistweaver,6,1,5
16472,Glivilalis,drekthar,96,monk,mistweaver,6,1,5
16473,Missblack,zuljin,96,monk,mistweaver,6,1,5
16474,Backbone,auchindoun,96,monk,mistweaver,6,1,5
16475,Ätishâ,archimonde,96,monk,mistweaver,6,1,5
16476,Антошамв,gordunni,96,monk,mistweaver,6,1,5
16477,Whywalker,silvermoon,96,monk,mistweaver,6,1,5
16478,Àómìñêdâìkí,lightnings-blade,96,monk,mistweaver,6,1,5
16479,Botsmw,kazzak,96,monk,mistweaver,6,1,5
16480,Monkolben,blackmoore,96,monk,mistweaver,6,1,5
16481,Ytjin,draenor,96,monk,mistweaver,6,1,5
16482,Legpunch,the-maelstrom,96,monk,mistweaver,6,1,5
16483,Monkinator,stormreaver,96,monk,mistweaver,6,1,5
16484,Bovinebuddha,stormscale,96,monk,mistweaver,6,1,5
16485,Fapmaster,aegwynn,96,monk,mistweaver,6,1,5
16486,Jusex,stormreaver,96,monk,mistweaver,6,1,5
16487,Shîïna,ysondre,96,monk,mistweaver,6,1,5
16488,Havefunguys,alakir,96,monk,mistweaver,6,1,5
16489,Lìlíy,taerar,96,monk,mistweaver,6,1,5
16490,Butrinto,hellfire,96,monk,mistweaver,6,1,5
16491,Jessiemonk,blackhand,96,monk,mistweaver,6,1,5
16492,Itxelita,zuljin,96,monk,mistweaver,6,1,5
16493,Bænkai,naxxramas,96,monk,mistweaver,6,1,5
16494,Skadchi,blackhand,96,monk,mistweaver,6,1,5
16495,Brandy,kazzak,96,monk,mistweaver,6,1,5
16496,Mongretod,ravencrest,96,monk,mistweaver,6,1,5
16497,Chakarma,twisting-nether,96,monk,mistweaver,6,1,5
16498,Konïï,dalaran,96,monk,mistweaver,6,1,5
16499,Moorf,ravencrest,96,monk,mistweaver,6,1,5
16500,Rostick,drakthul,96,monk,mistweaver,6,1,5
16501,Pream,blackrock,96,monk,mistweaver,6,1,5
16502,Brewbunnyqt,thrall,96,monk,mistweaver,6,1,5
16503,Smlpp,kazzak,96,monk,mistweaver,6,1,5
16504,Capos,wrathbringer,96,monk,mistweaver,11,1,10
16505,Xiâomèi,dun-modr,96,monk,mistweaver,12,1,11
16506,Upbringer,ragnaros,96,monk,mistweaver,12,1,11
16507,Christien,ungoro,95,monk,mistweaver,6,1,5
16508,Nïkaa,dun-modr,84,monk,mistweaver,9,5,4
16509,Griffens,argent-dawn,79,monk,mistweaver,5,1,4
16510,Rsk,antonidas,42,monk,mistweaver,10,3,7
16511,Johnnybgood,tarren-mill,42,monk,mistweaver,10,3,7
16512,Monkeykung,defias-brotherhood,40,monk,mistweaver,16,3,13
16513,Winchun,ravencrest,782,monk,brewmaster,26,11,15
16514,Padawang,twisting-nether,767,monk,brewmaster,24,8,16
16515,Комбатпро,borean-tundra,729,monk,brewmaster,24,9,15
16516,Jademyst,outland,671,monk,brewmaster,18,7,11
16517,Shirôhige,zirkel-des-cenarius,288,monk,brewmaster,6,3,3
16518,Tauroné,draenor,288,monk,brewmaster,12,3,9
16519,Tayoo,aegwynn,192,monk,brewmaster,6,2,4
16520,Fullzi,dalaran,192,monk,brewmaster,6,2,4
16521,Sinpho,ahnqiraj,96,monk,brewmaster,6,1,5
16522,Mezz,ahnqiraj,96,monk,brewmaster,6,1,5
16523,Tylee,tarren-mill,96,monk,brewmaster,6,1,5
16524,Lubeï,kirin-tor,96,monk,brewmaster,6,1,5
16525,Badcøwboy,archimonde,96,monk,brewmaster,6,1,5
16526,Lòthbar,confrérie-du-thorium,63,monk,brewmaster,2,2,0
16527,Fistyw,stormscale,2313,monk,windwalker,104,60,44
16528,Rmtexter,ravencrest,2294,monk,windwalker,125,69,56
16529,Sîxmonths,stormscale,2263,monk,windwalker,72,48,24
16530,Senretsu,shattered-halls,2230,monk,windwalker,90,50,40
16531,Queteapie,stormscale,2215,monk,windwalker,88,50,38
16532,Elinalia,burning-legion,2178,monk,windwalker,96,52,44
16533,Plaww,dalaran,2172,monk,windwalker,120,75,45
16534,Monkmeta,frostwolf,2171,monk,windwalker,114,70,44
16535,Daosh,nemesis,2137,monk,windwalker,91,48,43
16536,Stepsyzz,stormscale,2134,monk,windwalker,113,57,56
16537,Ilovehim,antonidas,2127,monk,windwalker,72,43,29
16538,Tabetai,tarren-mill,2125,monk,windwalker,90,46,44
16539,Lilcatlife,tyrande,2123,monk,windwalker,66,36,30
16540,Brñ,twisting-nether,2121,monk,windwalker,72,39,33
16541,Ewynamonk,silvermoon,2121,monk,windwalker,102,51,51
16542,Unpruneable,stormscale,2120,monk,windwalker,132,67,65
16543,Нелегитимный,howling-fjord,2118,monk,windwalker,250,133,117
16544,Rivazsunkick,archimonde,2117,monk,windwalker,160,80,80
16545,Redundänt,kazzak,2114,monk,windwalker,72,42,30
16546,Váinz,ravencrest,2112,monk,windwalker,78,41,37
16547,Pichouhuahua,elune,2096,monk,windwalker,120,63,57
16548,Hitsuwalker,archimonde,2091,monk,windwalker,150,84,66
16549,Snusochnocco,the-maelstrom,2088,monk,windwalker,84,41,43
16550,Fistinguhuhu,outland,2067,monk,windwalker,84,45,39
16551,Edenwalker,dun-morogh,2035,monk,windwalker,84,40,44
16552,Щищ,gordunni,2013,monk,windwalker,144,81,63
16553,Niamix,archimonde,2008,monk,windwalker,188,94,94
16554,Yassøux,archimonde,2007,monk,windwalker,208,110,98
16555,Keeferslover,dun-morogh,1997,monk,windwalker,48,28,20
16556,Enerchi,ravencrest,1988,monk,windwalker,72,42,30
16557,Мистмастер,soulflayer,1984,monk,windwalker,48,30,18
16558,Инрэйджинкап,soulflayer,1979,monk,windwalker,120,61,59
16559,Eth,nagrand,1975,monk,windwalker,84,42,42
16560,Jájsemshadow,drakthul,1971,monk,windwalker,66,36,30
16561,Balia,blackrock,1971,monk,windwalker,60,29,31
16562,Deretrox,twisting-nether,1962,monk,windwalker,60,36,24
16563,Ladderfiend,stormscale,1961,monk,windwalker,65,28,37
16564,Soulja,bloodfeather,1959,monk,windwalker,178,96,82
16565,Melyda,ravencrest,1951,monk,windwalker,138,75,63
16566,Zukatan,tarren-mill,1951,monk,windwalker,105,54,51
16567,Theoww,dragonblight,1937,monk,windwalker,66,31,35
16568,Dänÿww,elune,1926,monk,windwalker,62,32,30
16569,Ztl,twisting-nether,1922,monk,windwalker,119,70,49
16570,Bulluh,blackmoore,1919,monk,windwalker,47,27,20
16571,Pandamoniun,aggra-português,1917,monk,windwalker,158,79,79
16572,Sørann,drekthar,1916,monk,windwalker,88,48,40
16573,Hefners,grim-batol,1915,monk,windwalker,59,30,29
16574,Troopmonk,ravencrest,1907,monk,windwalker,141,69,72
16575,Muix,draenor,1906,monk,windwalker,30,20,10
16576,Riskcapcap,dentarg,1905,monk,windwalker,72,37,35
16577,Ksâin,ravencrest,1896,monk,windwalker,66,34,32
16578,Ninadobrév,stormscale,1894,monk,windwalker,121,72,49
16579,Gyto,archimonde,1893,monk,windwalker,54,33,21
16580,Копытька,gordunni,1889,monk,windwalker,63,35,28
16581,Муррчалкин,howling-fjord,1880,monk,windwalker,48,28,20
16582,Ellipirelli,doomhammer,1880,monk,windwalker,70,30,40
16583,Минимонахх,blackscar,1879,monk,windwalker,57,29,28
16584,Stillwater,thrall,1876,monk,windwalker,131,68,63
16585,Санварион,eversong,1875,monk,windwalker,72,36,36
16586,Аррани,thermaplugg,1874,monk,windwalker,58,33,25
16587,Devilmønk,thrall,1874,monk,windwalker,84,44,40
16588,Domww,outland,1871,monk,windwalker,108,59,49
16589,Pitball,ravencrest,1871,monk,windwalker,66,32,34
16590,Nicesky,ravencrest,1870,monk,windwalker,72,36,36
16591,Wonkeed,hyjal,1867,monk,windwalker,42,24,18
16592,Erazhen,blackrock,1867,monk,windwalker,48,25,23
16593,Projectasura,draenor,1866,monk,windwalker,126,67,59
16594,Rivaz,archimonde,1865,monk,windwalker,54,31,23
16595,Эльморо,goldrinn,1865,monk,windwalker,54,30,24
16596,Ãmaterasû,kazzak,1864,monk,windwalker,61,30,31
16597,Имортарион,howling-fjord,1860,monk,windwalker,42,25,17
16598,Hurricrane,kazzak,1859,monk,windwalker,225,111,114
16599,Juujika,ravencrest,1858,monk,windwalker,41,25,16
16600,Edenmonk,dun-morogh,1855,monk,windwalker,48,27,21
16601,Tinjihn,magtheridon,1855,monk,windwalker,72,35,37
16602,Маруты,soulflayer,1855,monk,windwalker,88,35,53
16603,Vexíllum,sylvanas,1850,monk,windwalker,54,29,25
16604,Kokushibo,cthun,1850,monk,windwalker,54,28,26
16605,Яагрессивный,howling-fjord,1850,monk,windwalker,74,36,38
16606,Gararasu,eredar,1846,monk,windwalker,42,22,20
16607,Flunkefar,defias-brotherhood,1845,monk,windwalker,90,42,48
16608,Fabrina,blackrock,1844,monk,windwalker,54,31,23
16609,Iceym,stormscale,1840,monk,windwalker,63,33,30
16610,Тихийпук,deathguard,1839,monk,windwalker,164,92,72
16611,Santanax,ravencrest,1834,monk,windwalker,42,27,15
16612,Kitcheneer,twisting-nether,1832,monk,windwalker,65,37,28
16613,Peaceweaver,ravencrest,1832,monk,windwalker,88,50,38
16614,Linuxx,ravencrest,1832,monk,windwalker,90,45,45
16615,Toyless,ravencrest,1831,monk,windwalker,54,27,27
16616,Tommypistol,runetotem,1829,monk,windwalker,126,63,63
16617,Shînøbi,dalaran,1826,monk,windwalker,48,27,21
16618,Sobadzlolz,alexstrasza,1824,monk,windwalker,172,95,77
16619,Monkini,kazzak,1823,monk,windwalker,54,27,27
16620,Sororicide,stormscale,1822,monk,windwalker,161,81,80
16621,Klumpenx,draenor,1821,monk,windwalker,80,43,37
16622,Iminzww,ravencrest,1819,monk,windwalker,90,45,45
16623,Monkees,twisting-nether,1815,monk,windwalker,65,33,32
16624,Beernie,tarren-mill,1812,monk,windwalker,54,33,21
16625,Калестонз,howling-fjord,1811,monk,windwalker,54,31,23
16626,Lullerull,silvermoon,1810,monk,windwalker,51,31,20
16627,Shpunk,ravencrest,1810,monk,windwalker,102,47,55
16628,Mónkâs,tarren-mill,1810,monk,windwalker,72,32,40
16629,Orkamonka,burning-legion,1809,monk,windwalker,30,19,11
16630,Фодз,soulflayer,1809,monk,windwalker,58,26,32
16631,Рэйвх,howling-fjord,1808,monk,windwalker,36,19,17
16632,Fotmwalker,ragnaros,1808,monk,windwalker,185,93,92
16633,Sushiroll,stormrage,1808,monk,windwalker,111,55,56
16634,Эльторо,goldrinn,1807,monk,windwalker,54,25,29
16635,Niyka,silvermoon,1805,monk,windwalker,60,34,26
16636,Mebrin,ragnaros,1805,monk,windwalker,71,37,34
16637,Åbyssgòd,kazzak,1805,monk,windwalker,60,24,36
16638,Unangebracht,silvermoon,1803,monk,windwalker,227,121,106
16639,Mosch,blackrock,1802,monk,windwalker,48,30,18
16640,Saltotriks,tarren-mill,1802,monk,windwalker,62,28,34
16641,Notmelo,dun-modr,1801,monk,windwalker,48,25,23
16642,Rismonk,twisting-nether,1801,monk,windwalker,60,30,30
16643,Wolmachégodx,archimonde,1800,monk,windwalker,36,22,14
16644,Windwanker,eredar,1800,monk,windwalker,36,22,14
16645,Teressah,argent-dawn,1800,monk,windwalker,42,22,20
16646,Reõ,argent-dawn,1797,monk,windwalker,101,60,41
16647,Sayozz,hyjal,1797,monk,windwalker,174,85,89
16648,Carbozø,archimonde,1794,monk,windwalker,83,50,33
16649,Twinny,drakthul,1793,monk,windwalker,90,52,38
16650,Karmaisabich,ragnaros,1792,monk,windwalker,30,19,11
16651,Yukfou,tarren-mill,1792,monk,windwalker,59,28,31
16652,Yacum,blackrock,1791,monk,windwalker,65,31,34
16653,Mikedcrybaby,tarren-mill,1790,monk,windwalker,131,69,62
16654,Pàrádìsé,ravencrest,1787,monk,windwalker,119,60,59
16655,Healbotzweik,frostwolf,1782,monk,windwalker,54,24,30
16656,Джэкичача,soulflayer,1781,monk,windwalker,48,25,23
16657,Skailzkrt,hyjal,1779,monk,windwalker,42,22,20
16658,Freehelper,stormscale,1779,monk,windwalker,60,24,36
16659,Möîne,arathi,1775,monk,windwalker,60,31,29
16660,Jinpachi,ravencrest,1772,monk,windwalker,42,19,23
16661,Tenshinhann,outland,1768,monk,windwalker,54,28,26
16662,Sponkas,tarren-mill,1768,monk,windwalker,42,20,22
16663,Тэсти,blackscar,1766,monk,windwalker,58,30,28
16664,Ароба,blackscar,1766,monk,windwalker,90,42,48
16665,Диванн,howling-fjord,1761,monk,windwalker,47,22,25
16666,Heran,ravencrest,1761,monk,windwalker,111,50,61
16667,Madelnheaven,burning-legion,1760,monk,windwalker,47,26,21
16668,Moultsou,hyjal,1758,monk,windwalker,66,33,33
16669,Chaospilot,sylvanas,1756,monk,windwalker,74,35,39
16670,Ackken,twisting-nether,1748,monk,windwalker,51,26,25
16671,Shaolinthug,stormscale,1744,monk,windwalker,54,26,28
16672,Rorkito,sanguino,1742,monk,windwalker,54,26,28
16673,Pazü,ysondre,1741,monk,windwalker,113,56,57
16674,Кианасоломид,gordunni,1739,monk,windwalker,98,50,48
16675,Dwdw,aerie-peak,1737,monk,windwalker,54,28,26
16676,Mionoor,aegwynn,1737,monk,windwalker,208,103,105
16677,Pwaff,kazzak,1736,monk,windwalker,72,37,35
16678,Lonechi,sylvanas,1733,monk,windwalker,36,21,15
16679,Лазанья,grom,1731,monk,windwalker,66,30,36
16680,Виндволкерша,gordunni,1725,monk,windwalker,54,31,23
16681,Locotommy,blackrock,1721,monk,windwalker,42,21,21
16682,Гладастар,soulflayer,1719,monk,windwalker,78,41,37
16683,Трэйци,blackscar,1716,monk,windwalker,39,23,16
16684,Yiannischan,draenor,1715,monk,windwalker,92,49,43
16685,Narstie,kazzak,1714,monk,windwalker,71,36,35
16686,Виноипиво,soulflayer,1713,monk,windwalker,60,30,30
16687,Ютуми,soulflayer,1712,monk,windwalker,48,24,24
16688,Aslêyia,antonidas,1709,monk,windwalker,49,26,23
16689,Dansaam,tarren-mill,1706,monk,windwalker,24,18,6
16690,Cheethfu,ragnaros,1705,monk,windwalker,42,29,13
16691,Yungdrippy,eredar,1705,monk,windwalker,52,26,26
16692,Moistpocket,stormscale,1705,monk,windwalker,54,22,32
16693,Rêshi,draenor,1700,monk,windwalker,78,48,30
16694,Xiâomèi,dun-modr,1700,monk,windwalker,78,35,43
16695,Gaehitmonlee,ravencrest,1699,monk,windwalker,158,90,68
16696,Kaijam,argent-dawn,1699,monk,windwalker,48,21,27
16697,Megatazz,hyjal,1697,monk,windwalker,40,23,17
16698,Faxax,draenor,1696,monk,windwalker,48,23,25
16699,Меняубило,howling-fjord,1696,monk,windwalker,78,37,41
16700,Osalot,ravencrest,1695,monk,windwalker,60,30,30
16701,Testmonial,hyjal,1694,monk,windwalker,48,21,27
16702,Idiot,outland,1691,monk,windwalker,54,28,26
16703,Ashânti,eredar,1691,monk,windwalker,62,30,32
16704,Димакарма,howling-fjord,1691,monk,windwalker,83,35,48
16705,Shoenk,blackhand,1689,monk,windwalker,30,18,12
16706,Bugrika,tarren-mill,1689,monk,windwalker,30,18,12
16707,Gonkun,outland,1688,monk,windwalker,67,35,32
16708,Tisaki,blackhand,1680,monk,windwalker,41,25,16
16709,Hilzaxsub,archimonde,1679,monk,windwalker,47,29,18
16710,Morslee,burning-legion,1679,monk,windwalker,61,28,33
16711,Fistofrage,ravencrest,1677,monk,windwalker,42,25,17
16712,Sàitama,hyjal,1676,monk,windwalker,42,18,24
16713,Doktormonk,blackrock,1675,monk,windwalker,142,77,65
16714,Ratslayerz,dun-modr,1669,monk,windwalker,42,24,18
16715,Chigre,hyjal,1667,monk,windwalker,36,21,15
16716,Vtx,blackrock,1662,monk,windwalker,30,18,12
16717,Hybridtheory,doomhammer,1659,monk,windwalker,77,41,36
16718,Mollytov,tarren-mill,1659,monk,windwalker,53,22,31
16719,Kåýðø,archimonde,1658,monk,windwalker,50,25,25
16720,Trendyroxy,blackrock,1658,monk,windwalker,42,19,23
16721,Zéroneufsix,silvermoon,1658,monk,windwalker,50,19,31
16722,Shardonay,ravencrest,1655,monk,windwalker,42,26,16
16723,Saduh,thrall,1653,monk,windwalker,44,20,24
16724,Bîmbâmboom,blackmoore,1650,monk,windwalker,48,25,23
16725,Thérez,les-sentinelles,1648,monk,windwalker,42,22,20
16726,Pili,aegwynn,1647,monk,windwalker,36,21,15
16727,Hunkfur,ravencrest,1647,monk,windwalker,44,25,19
16728,Бадхидхаарма,booty-bay,1647,monk,windwalker,78,32,46
16729,Кишмякмонк,howling-fjord,1646,monk,windwalker,60,31,29
16730,Такюн,howling-fjord,1646,monk,windwalker,140,69,71
16731,Гуппер,howling-fjord,1646,monk,windwalker,54,23,31
16732,Alkanphel,kazzak,1641,monk,windwalker,30,20,10
16733,Miløøx,silvermoon,1641,monk,windwalker,76,40,36
16734,Naschitüte,blackrock,1639,monk,windwalker,210,109,101
16735,Tianzu,twisting-nether,1638,monk,windwalker,42,18,24
16736,Bastos,blackrock,1636,monk,windwalker,304,158,146
16737,Yeratel,argent-dawn,1633,monk,windwalker,90,39,51
16738,Jafandmeja,tarren-mill,1629,monk,windwalker,100,60,40
16739,Sylicia,alleria,1628,monk,windwalker,102,49,53
16740,Wuux,tarren-mill,1627,monk,windwalker,60,33,27
16741,Notsmol,quelthalas,1627,monk,windwalker,42,21,21
16742,Yobo,archimonde,1626,monk,windwalker,47,23,24
16743,Akhlÿs,ysondre,1624,monk,windwalker,30,17,13
16744,Mîsts,aszune,1624,monk,windwalker,35,18,17
16745,Anteric,sylvanas,1623,monk,windwalker,30,20,10
16746,Bossdog,mugthol,1623,monk,windwalker,33,21,12
16747,Hôllowx,archimonde,1621,monk,windwalker,30,17,13
16748,Iastyn,kazzak,1620,monk,windwalker,99,50,49
16749,Ocëane,sanguino,1619,monk,windwalker,72,36,36
16750,Sérrè,tarren-mill,1618,monk,windwalker,48,25,23
16751,Ilovealicia,ragnaros,1618,monk,windwalker,36,17,19
16752,Catchmee,agamaggan,1616,monk,windwalker,30,17,13
16753,Тринх,ashenvale,1613,monk,windwalker,54,31,23
16754,Saisha,defias-brotherhood,1613,monk,windwalker,36,20,16
16755,Heyami,ravencrest,1613,monk,windwalker,36,17,19
16756,Ravelbaby,blackrock,1613,monk,windwalker,45,21,24
16757,Zandoy,draenor,1611,monk,windwalker,58,29,29
16758,Цеска,howling-fjord,1611,monk,windwalker,42,20,22
16759,Erenaar,nemesis,1608,monk,windwalker,48,37,11
16760,Йетисан,gordunni,1607,monk,windwalker,77,42,35
16761,Nigu,dun-modr,1606,monk,windwalker,67,38,29
16762,Pandafuki,ravencrest,1606,monk,windwalker,44,21,23
16763,Venrea,archimonde,1605,monk,windwalker,36,20,16
16764,Vayarah,antonidas,1605,monk,windwalker,54,28,26
16765,Рокебайбейби,howling-fjord,1605,monk,windwalker,131,67,64
16766,Акумах,blackscar,1605,monk,windwalker,99,48,51
16767,Valduri,stormscale,1604,monk,windwalker,60,27,33
16768,Fistu,silvermoon,1602,monk,windwalker,31,18,13
16769,Faustix,blackmoore,1602,monk,windwalker,78,42,36
16770,Милыйколян,soulflayer,1601,monk,windwalker,42,19,23
16771,Mynokxu,blackmoore,1598,monk,windwalker,32,23,9
16772,Pelou,culte-de-la-rive-noire,1597,monk,windwalker,48,25,23
16773,Thyf,drakthul,1596,monk,windwalker,48,20,28
16774,Pêterpump,blackrock,1591,monk,windwalker,42,19,23
16775,Луэнн,gordunni,1590,monk,windwalker,114,62,52
16776,Дуэльныйчел,howling-fjord,1590,monk,windwalker,104,53,51
16777,Venuki,blackrock,1582,monk,windwalker,30,19,11
16778,Skiplegsweeb,stormscale,1579,monk,windwalker,30,21,9
16779,Эвэйжион,gordunni,1579,monk,windwalker,42,25,17
16780,Hosh,ysondre,1569,monk,windwalker,48,23,25
16781,Сандерстрайк,howling-fjord,1567,monk,windwalker,51,28,23
16782,Fln,blackrock,1565,monk,windwalker,36,18,18
16783,Soxx,arthas,1563,monk,windwalker,74,41,33
16784,Янакаблуках,howling-fjord,1562,monk,windwalker,177,98,79
16785,Jeydi,ravencrest,1556,monk,windwalker,56,37,19
16786,Sòftx,stormscale,1549,monk,windwalker,34,22,12
16787,Rayokhen,kazzak,1546,monk,windwalker,30,17,13
16788,Steros,die-aldor,1546,monk,windwalker,36,17,19
16789,Akuuji,silvermoon,1544,monk,windwalker,36,17,19
16790,Xullon,dragonblight,1542,monk,windwalker,60,27,33
16791,Lycké,silvermoon,1538,monk,windwalker,48,29,19
16792,Fistedx,twisting-nether,1537,monk,windwalker,87,36,51
16793,Djshady,sylvanas,1536,monk,windwalker,48,23,25
16794,Хекмуги,borean-tundra,1535,monk,windwalker,91,44,47
16795,Муайтайец,howling-fjord,1533,monk,windwalker,41,18,23
16796,Chireapz,blackrock,1532,monk,windwalker,48,25,23
16797,Samantonah,nemesis,1531,monk,windwalker,34,22,12
16798,Тшейши,howling-fjord,1526,monk,windwalker,54,28,26
16799,Scribzw,twisting-nether,1524,monk,windwalker,24,16,8
16800,Agitoyamissj,burning-legion,1524,monk,windwalker,114,56,58
16801,Монголгодх,howling-fjord,1520,monk,windwalker,162,91,71
16802,Bèrïth,kazzak,1517,monk,windwalker,36,18,18
16803,Анпапаяя,galakrond,1507,monk,windwalker,47,26,21
16804,Дивипи,blackscar,1506,monk,windwalker,54,24,30
16805,Artharox,anachronos,1501,monk,windwalker,36,22,14
16806,Galaxyfists,blackhand,1501,monk,windwalker,114,60,54
16807,Jolbucheron,hyjal,1500,monk,windwalker,93,48,45
16808,Wakmo,bladefist,1497,monk,windwalker,61,35,26
16809,Kármo,thrall,1495,monk,windwalker,29,16,13
16810,Eonyzi,kazzak,1491,monk,windwalker,42,20,22
16811,Wwisalright,burning-legion,1490,monk,windwalker,30,16,14
16812,Plsnerfmemor,hyjal,1480,monk,windwalker,64,32,32
16813,Darré,sylvanas,1473,monk,windwalker,169,82,87
16814,Vuzashiji,argent-dawn,1473,monk,windwalker,36,17,19
16815,Xuuan,argent-dawn,1472,monk,windwalker,101,57,44
16816,Ìnconnu,dalaran,1468,monk,windwalker,30,17,13
16817,Senshí,stormscale,1468,monk,windwalker,42,20,22
16818,Крутотимс,howling-fjord,1463,monk,windwalker,47,18,29
16819,Fungamelol,blackhand,1459,monk,windwalker,30,19,11
16820,Fantazero,burning-legion,1459,monk,windwalker,35,16,19
16821,Sagewhisper,ravencrest,1458,monk,windwalker,57,27,30
16822,Lucaspires,sylvanas,1455,monk,windwalker,60,22,38
16823,Boxpunchkick,kazzak,1452,monk,windwalker,56,27,29
16824,Fratznkicker,blackhand,1449,monk,windwalker,79,44,35
16825,Nggz,archimonde,1444,monk,windwalker,66,44,22
16826,Дезмимонк,ashenvale,1438,monk,windwalker,34,16,18
16827,Артемиоксх,blackscar,1437,monk,windwalker,37,15,22
16828,Флурсон,gordunni,1434,monk,windwalker,24,15,9
16829,Oberháupt,blackrock,1432,monk,windwalker,30,15,15
16830,Домудароги,gordunni,1431,monk,windwalker,60,29,31
16831,Gresmar,defias-brotherhood,1429,monk,windwalker,30,15,15
16832,Embodimonk,twisting-nether,1429,monk,windwalker,54,26,28
16833,Томтью,gordunni,1427,monk,windwalker,71,36,35
16834,Jukei,blackmoore,1425,monk,windwalker,30,15,15
16835,Anhox,ragnaros,1425,monk,windwalker,30,15,15
16836,Misutò,tarren-mill,1416,monk,windwalker,30,19,11
16837,Mink,uldum,1412,monk,windwalker,30,15,15
16838,Dræk,twisting-nether,1410,monk,windwalker,116,60,56
16839,Shirkán,ragnaros,1409,monk,windwalker,30,15,15
16840,Ryle,forscherliga,1409,monk,windwalker,30,15,15
16841,Vibé,blackmoore,1407,monk,windwalker,30,17,13
16842,Kyraxs,silvermoon,1406,monk,windwalker,48,24,24
16843,Добраядушка,gordunni,1400,monk,windwalker,36,19,17
16844,Ívó,ragnaros,1400,monk,windwalker,48,20,28
16845,Akÿo,archimonde,1399,monk,windwalker,35,15,20
16846,Pipatvs,drakthul,1398,monk,windwalker,31,21,10
16847,Azato,hyjal,1398,monk,windwalker,48,23,25
16848,Räudiger,nazjatar,1397,monk,windwalker,72,35,37
16849,Nikchi,destromath,1397,monk,windwalker,60,26,34
16850,Fífrelin,archimonde,1394,monk,windwalker,48,24,24
16851,Vixia,outland,1390,monk,windwalker,29,15,14
16852,Doobly,kazzak,1390,monk,windwalker,95,48,47
16853,Bakash,ysondre,1382,monk,windwalker,134,61,73
16854,Keskonriz,ysondre,1381,monk,windwalker,84,36,48
16855,Кюзичка,gordunni,1379,monk,windwalker,83,38,45
16856,Swiftmonky,azuremyst,1376,monk,windwalker,48,27,21
16857,Spinntowin,blackmoore,1376,monk,windwalker,75,35,40
16858,Recklusa,stormscale,1374,monk,windwalker,69,39,30
16859,Yesman,quelthalas,1361,monk,windwalker,122,64,58
16860,Nodzomi,shadowsong,1360,monk,windwalker,52,28,24
16861,Shagzy,ravencrest,1358,monk,windwalker,23,15,8
16862,Îrønfist,blackmoore,1358,monk,windwalker,29,17,12
16863,Bandiya,archimonde,1358,monk,windwalker,61,28,33
16864,Mirôku,onyxia,1352,monk,windwalker,42,22,20
16865,Boutarzi,hyjal,1347,monk,windwalker,54,25,29
16866,Icecoldish,tarren-mill,1344,monk,windwalker,78,41,37
16867,Omnibar,kazzak,1343,monk,windwalker,24,14,10
16868,Rismonk,frostmane,1343,monk,windwalker,24,14,10
16869,Dêsmî,ravencrest,1342,monk,windwalker,22,15,7
16870,Xinxanxonxin,zuljin,1342,monk,windwalker,30,14,16
16871,Exikûsh,frostwolf,1341,monk,windwalker,30,16,14
16872,Kyujushigu,silvermoon,1340,monk,windwalker,42,23,19
16873,Schmidti,kazzak,1340,monk,windwalker,30,14,16
16874,Domiqx,blackhand,1339,monk,windwalker,30,14,16
16875,Piedliés,ravencrest,1336,monk,windwalker,30,14,16
16876,Smørc,the-maelstrom,1336,monk,windwalker,30,14,16
16877,Undefinedid,ravencrest,1335,monk,windwalker,110,57,53
16878,Moonkeeye,stormscale,1332,monk,windwalker,60,36,24
16879,Lesauceboss,kazzak,1332,monk,windwalker,30,14,16
16880,Бладмонки,soulflayer,1328,monk,windwalker,36,15,21
16881,Matlahon,kazzak,1325,monk,windwalker,71,32,39
16882,Øbamakush,archimonde,1323,monk,windwalker,36,17,19
16883,Коркирас,howling-fjord,1322,monk,windwalker,84,47,37
16884,Tempestu,twisting-nether,1319,monk,windwalker,30,14,16
16885,Hazmad,archimonde,1318,monk,windwalker,42,22,20
16886,Gatyz,archimonde,1317,monk,windwalker,33,14,19
16887,Fûràxx,hyjal,1314,monk,windwalker,60,31,29
16888,Intensivee,silvermoon,1313,monk,windwalker,53,23,30
16889,Kîngjungeîle,dalaran,1301,monk,windwalker,24,14,10
16890,Djînns,blackmoore,1296,monk,windwalker,30,15,15
16891,Miyaghï,dun-modr,1290,monk,windwalker,73,37,36
16892,Яшкациган,howling-fjord,1290,monk,windwalker,46,19,27
16893,Hampocket,ravencrest,1290,monk,windwalker,38,15,23
16894,Mycki,dalaran,1289,monk,windwalker,29,15,14
16895,Kanõ,outland,1280,monk,windwalker,65,31,34
16896,Lemmeportbk,ravencrest,1279,monk,windwalker,32,15,17
16897,Bobbyknuckls,ravencrest,1278,monk,windwalker,96,41,55
16898,Mønkeydluffy,blackmoore,1269,monk,windwalker,66,33,33
16899,Kungfumite,twisting-nether,1266,monk,windwalker,83,42,41
16900,Likethat,hyjal,1255,monk,windwalker,53,23,30
16901,Malutkie,defias-brotherhood,1252,monk,windwalker,144,68,76
16902,Thänkky,kazzak,1247,monk,windwalker,18,13,5
16903,Djpunchable,blackrock,1247,monk,windwalker,24,13,11
16904,Ðâvàizskÿ,ysondre,1247,monk,windwalker,24,13,11
16905,Fijiwater,draenor,1246,monk,windwalker,18,13,5
16906,Fatlazypanda,argent-dawn,1245,monk,windwalker,38,23,15
16907,Rerowine,magtheridon,1245,monk,windwalker,30,13,17
16908,Brandy,kazzak,1242,monk,windwalker,30,13,17
16909,Pacimaru,silvermoon,1242,monk,windwalker,30,13,17
16910,Чвка,booty-bay,1240,monk,windwalker,37,19,18
16911,Мионелолл,goldrinn,1239,monk,windwalker,24,13,11
16912,Pandermann,antonidas,1238,monk,windwalker,30,16,14
16913,Kouradoskylo,twisting-nether,1234,monk,windwalker,29,16,13
16914,Meltfistqt,ravencrest,1234,monk,windwalker,30,13,17
16915,Fablemayfly,tarren-mill,1233,monk,windwalker,30,13,17
16916,Янасру,gordunni,1232,monk,windwalker,273,136,137
16917,Kegrøll,doomhammer,1231,monk,windwalker,42,21,21
16918,Gorskie,silvermoon,1230,monk,windwalker,27,13,14
16919,Greytail,argent-dawn,1230,monk,windwalker,30,13,17
16920,Phyllochinon,blackrock,1227,monk,windwalker,30,19,11
16921,Пампич,borean-tundra,1227,monk,windwalker,30,13,17
16922,Votbo,kazzak,1226,monk,windwalker,36,13,23
16923,Cac,argent-dawn,1226,monk,windwalker,45,14,31
16924,Bal,tyrande,1222,monk,windwalker,27,17,10
16925,Bruzuh,outland,1215,monk,windwalker,31,15,16
16926,Vushao,blackmoore,1215,monk,windwalker,174,81,93
16927,Кирокко,gordunni,1211,monk,windwalker,24,16,8
16928,Blumonk,argent-dawn,1209,monk,windwalker,84,40,44
16929,Euronymesis,silvermoon,1208,monk,windwalker,32,15,17
16930,Imvengeance,stormscale,1204,monk,windwalker,28,14,14
16931,Lòthbar,confrérie-du-thorium,1192,monk,windwalker,41,22,19
16932,Yøøps,dalaran,1191,monk,windwalker,71,33,38
16933,Bogey,ragnaros,1182,monk,windwalker,26,13,13
16934,Билльбо,fordragon,1176,monk,windwalker,90,43,47
16935,Gúerrilla,tarren-mill,1174,monk,windwalker,78,42,36
16936,Vercya,dun-morogh,1168,monk,windwalker,37,19,18
16937,Брысьли,howling-fjord,1162,monk,windwalker,32,14,18
16938,Bellarika,nemesis,1152,monk,windwalker,12,12,0
16939,Shoura,blackmoore,1151,monk,windwalker,18,12,6
16940,Tðptier,drakthul,1151,monk,windwalker,18,12,6
16941,Kungfuhkyou,tarren-mill,1151,monk,windwalker,18,12,6
16942,Uwuhehe,ravencrest,1151,monk,windwalker,18,12,6
16943,Arsonists,argent-dawn,1151,monk,windwalker,18,12,6
16944,Çhina,twisting-nether,1151,monk,windwalker,24,12,12
16945,Mezz,ahnqiraj,1151,monk,windwalker,24,12,12
16946,Jeppehmonk,stormscale,1151,monk,windwalker,24,12,12
16947,Adrianchase,ravencrest,1151,monk,windwalker,24,12,12
16948,Mutah,arathor,1150,monk,windwalker,18,12,6
16949,Bigfistah,tarren-mill,1150,monk,windwalker,24,12,12
16950,Elfisto,baelgun,1149,monk,windwalker,26,13,13
16951,Monk,dun-modr,1148,monk,windwalker,24,12,12
16952,Brorsantuck,frostmane,1147,monk,windwalker,18,12,6
16953,Траблы,howling-fjord,1147,monk,windwalker,24,12,12
16954,Sesi,drakthul,1147,monk,windwalker,42,12,30
16955,Joaquuin,sylvanas,1146,monk,windwalker,36,16,20
16956,Ролитта,gordunni,1144,monk,windwalker,18,12,6
16957,Халиосфа,gordunni,1129,monk,windwalker,30,12,18
16958,Malarie,magtheridon,1128,monk,windwalker,96,52,44
16959,Jesmander,kazzak,1114,monk,windwalker,24,12,12
16960,Stronkman,frostwhisper,1109,monk,windwalker,24,16,8
16961,Noodlesauce,silvermoon,1100,monk,windwalker,15,12,3
16962,Непорядочная,gordunni,1094,monk,windwalker,42,17,25
16963,Bænkai,naxxramas,1090,monk,windwalker,23,12,11
16964,Ехерех,blackscar,1084,monk,windwalker,36,21,15
16965,Xialongbao,khaz-modan,1083,monk,windwalker,29,12,17
16966,Løwping,blackmoore,1079,monk,windwalker,47,13,34
16967,Jayline,kazzak,1069,monk,windwalker,48,18,30
16968,Daybaobao,the-maelstrom,1062,monk,windwalker,22,12,10
16969,Одиниз,gordunni,1059,monk,windwalker,54,34,20
16970,Dévíllíá,ragnaros,1056,monk,windwalker,24,11,13
16971,Зестус,galakrond,1056,monk,windwalker,24,11,13
16972,Hôllowx,throkferoth,1056,monk,windwalker,24,11,13
16973,Mabkww,ravencrest,1055,monk,windwalker,18,11,7
16974,Cirixx,outland,1055,monk,windwalker,18,11,7
16975,Mcflaïe,ysondre,1055,monk,windwalker,24,11,13
16976,Форгетх,soulflayer,1055,monk,windwalker,24,11,13
16977,Leolilu,ravencrest,1054,monk,windwalker,18,11,7
16978,Shapzxd,archimonde,1054,monk,windwalker,18,11,7
16979,Futtefut,ravencrest,1054,monk,windwalker,30,11,19
16980,Tiaqa,aegwynn,1053,monk,windwalker,12,11,1
16981,Inkegomonk,draenor,1053,monk,windwalker,36,11,25
16982,Cleør,blackmoore,1052,monk,windwalker,18,11,7
16983,Realiaze,tichondrius,1051,monk,windwalker,30,11,19
16984,Вамптолкер,howling-fjord,1049,monk,windwalker,18,11,7
16985,Chígoku,grim-batol,1048,monk,windwalker,24,11,13
16986,Kneecapper,ravencrest,1047,monk,windwalker,24,11,13
16987,Dokuziq,twisting-nether,1046,monk,windwalker,28,12,16
16988,Klapptoast,blackmoore,1036,monk,windwalker,24,11,13
16989,Napqi,malganis,1023,monk,windwalker,17,11,6
16990,Broner,dunemaul,1022,monk,windwalker,23,11,12
16991,Trunks,turalyon,1014,monk,windwalker,24,11,13
16992,Buggaa,dalaran,996,monk,windwalker,23,11,12
16993,Dionee,twisting-nether,992,monk,windwalker,27,14,13
16994,Marcianorock,archimonde,987,monk,windwalker,30,13,17
16995,Agress,sanguino,984,monk,windwalker,72,33,39
16996,Вагонюлеера,howling-fjord,974,monk,windwalker,22,11,11
16997,Bonepalm,kazzak,960,monk,windwalker,12,10,2
16998,Sqoobie,tarren-mill,960,monk,windwalker,18,10,8
16999,Rìnox,blackmoore,960,monk,windwalker,18,10,8
17000,Plånck,archimonde,960,monk,windwalker,18,10,8
17001,Mcscrub,ragnaros,960,monk,windwalker,18,10,8
17002,Ðävàizskó,ysondre,960,monk,windwalker,18,10,8
17003,Laggedfist,kazzak,960,monk,windwalker,24,10,14
17004,Nycea,blackrock,959,monk,windwalker,18,10,8
17005,Fullzi,dalaran,959,monk,windwalker,18,10,8
17006,Faustux,blackmoore,959,monk,windwalker,18,10,8
17007,Атакцуки,gordunni,959,monk,windwalker,18,10,8
17008,Andyww,doomhammer,958,monk,windwalker,36,10,26
17009,Heffertonne,eredar,957,monk,windwalker,18,10,8
17010,Permagone,argent-dawn,956,monk,windwalker,24,10,14
17011,Монахнехилит,howling-fjord,956,monk,windwalker,30,10,20
17012,Sebbii,twisting-nether,927,monk,windwalker,23,10,13
17013,Wazari,nemesis,922,monk,windwalker,23,10,13
17014,Karmachi,ravencrest,910,monk,windwalker,29,10,19
17015,Chilleê,blackmoore,909,monk,windwalker,17,10,7
17016,Korié,ravencrest,864,monk,windwalker,12,9,3
17017,Tauti,dun-morogh,864,monk,windwalker,12,9,3
17018,Denji,kargath,864,monk,windwalker,12,9,3
17019,Blizò,tarren-mill,864,monk,windwalker,18,9,9
17020,Gankplank,nemesis,864,monk,windwalker,18,9,9
17021,Zmile,ragnaros,864,monk,windwalker,18,9,9
17022,Snookzlol,aegwynn,864,monk,windwalker,18,9,9
17023,Goldengem,silvermoon,864,monk,windwalker,18,9,9
17024,Weaverman,ragnaros,864,monk,windwalker,18,9,9
17025,Lrizz,argent-dawn,864,monk,windwalker,18,9,9
17026,Flowér,auchindoun,864,monk,windwalker,24,9,15
17027,Coollann,drakthul,864,monk,windwalker,24,9,15
17028,Фортрен,deepholm,864,monk,windwalker,24,9,15
17029,Alandriai,blackmoore,863,monk,windwalker,12,9,3
17030,Bloodfist,zuljin,863,monk,windwalker,16,10,6
17031,Otp,hyjal,863,monk,windwalker,18,9,9
17032,Fisty,lightbringer,863,monk,windwalker,24,9,15
17033,Nouraxo,kazzak,862,monk,windwalker,18,9,9
17034,Nolo,outland,862,monk,windwalker,24,9,15
17035,Lin,nathrezim,861,monk,windwalker,18,9,9
17036,Monkgol,stormscale,861,monk,windwalker,18,9,9
17037,Linocence,draenor,860,monk,windwalker,95,47,48
17038,Tetetete,silvermoon,858,monk,windwalker,18,9,9
17039,Somonks,twisting-nether,857,monk,windwalker,18,9,9
17040,Kylerøne,hyjal,856,monk,windwalker,24,9,15
17041,Patadademijo,tarren-mill,855,monk,windwalker,24,9,15
17042,Mozzaks,doomhammer,852,monk,windwalker,12,9,3
17043,Клепер,soulflayer,852,monk,windwalker,18,9,9
17044,Vivvy,argent-dawn,842,monk,windwalker,23,11,12
17045,Gidmonk,darkspear,836,monk,windwalker,18,9,9
17046,Apprentice,ravencrest,815,monk,windwalker,17,9,8
17047,Yamo,blackrock,814,monk,windwalker,17,9,8
17048,Okilexsan,sanguino,797,monk,windwalker,11,9,2
17049,Karatiy,doomhammer,795,monk,windwalker,99,33,66
17050,Ðìør,kazzak,768,monk,windwalker,12,8,4
17051,Slayh,archimonde,768,monk,windwalker,12,8,4
17052,Gøøgodx,tarren-mill,768,monk,windwalker,12,8,4
17053,Karels,archimonde,768,monk,windwalker,12,8,4
17054,Fistyfast,hyjal,768,monk,windwalker,12,8,4
17055,Wladqz,stormscale,768,monk,windwalker,12,8,4
17056,Eggroll,archimonde,768,monk,windwalker,12,8,4
17057,Vajawalkerx,twisting-nether,768,monk,windwalker,12,8,4
17058,Такиера,gordunni,768,monk,windwalker,12,8,4
17059,Лагвай,gordunni,768,monk,windwalker,12,8,4
17060,Runefists,twisting-nether,768,monk,windwalker,12,8,4
17061,Sultanofrizz,draenor,768,monk,windwalker,12,8,4
17062,Monk,shattered-hand,768,monk,windwalker,18,8,10
17063,Vandamme,archimonde,768,monk,windwalker,18,8,10
17064,Kåtsumi,sanguino,768,monk,windwalker,18,8,10
17065,Gdkz,tarren-mill,768,monk,windwalker,18,8,10
17066,Jamiedhism,ravencrest,768,monk,windwalker,18,8,10
17067,Ijji,argent-dawn,768,monk,windwalker,18,8,10
17068,Stÿvww,archimonde,768,monk,windwalker,24,8,16
17069,ßibip,hyjal,767,monk,windwalker,14,10,4
17070,Монашкасюэ,howling-fjord,767,monk,windwalker,12,8,4
17071,Nízra,archimonde,767,monk,windwalker,12,8,4
17072,Hazzat,nordrassil,767,monk,windwalker,12,8,4
17073,Merilwyn,argent-dawn,767,monk,windwalker,12,8,4
17074,Earendil,culte-de-la-rive-noire,767,monk,windwalker,12,8,4
17075,Дыня,gordunni,767,monk,windwalker,12,8,4
17076,Risomonk,blackrock,767,monk,windwalker,18,8,10
17077,Silvrt,tarren-mill,767,monk,windwalker,18,8,10
17078,Johnsôn,blackmoore,767,monk,windwalker,18,8,10
17079,Kryzu,ragnaros,767,monk,windwalker,18,8,10
17080,Wilywolxx,silvermoon,766,monk,windwalker,12,8,4
17081,Pocaa,arakarahm,766,monk,windwalker,18,8,10
17082,Rollah,ravencrest,765,monk,windwalker,18,8,10
17083,Verfa,twisting-nether,765,monk,windwalker,18,8,10
17084,Kaipo,ragnaros,765,monk,windwalker,24,8,16
17085,Néroburnsred,eredar,763,monk,windwalker,27,9,18
17086,Czvibuh,drakthul,763,monk,windwalker,24,8,16
17087,Апесиинка,gordunni,758,monk,windwalker,14,8,6
17088,Fredder,blackrock,701,monk,windwalker,23,8,15
17089,Sàlêxz,ysondre,672,monk,windwalker,12,7,5
17090,Âdonis,twisting-nether,672,monk,windwalker,12,7,5
17091,Tortasauro,sanguino,672,monk,windwalker,12,7,5
17092,Azangar,kazzak,672,monk,windwalker,12,7,5
17093,Вэилэй,gordunni,672,monk,windwalker,12,7,5
17094,Bryggarn,draenor,672,monk,windwalker,12,7,5
17095,Vixiatwo,outland,672,monk,windwalker,12,7,5
17096,Zenothar,ravencrest,672,monk,windwalker,12,7,5
17097,Yipmaan,kazzak,672,monk,windwalker,12,7,5
17098,Njursten,twilights-hammer,672,monk,windwalker,12,7,5
17099,Melaz,ravencrest,672,monk,windwalker,12,7,5
17100,Saodiseng,outland,672,monk,windwalker,12,7,5
17101,Arthanaar,drakthul,672,monk,windwalker,12,7,5
17102,Potsymist,twisting-nether,672,monk,windwalker,12,7,5
17103,Chanzey,silvermoon,672,monk,windwalker,12,7,5
17104,Chiscake,blackrock,672,monk,windwalker,12,7,5
17105,Dopi,frostmane,672,monk,windwalker,12,7,5
17106,Galexuz,blackrock,672,monk,windwalker,18,7,11
17107,Elababe,ravencrest,672,monk,windwalker,18,7,11
17108,Armutschkerl,blackhand,672,monk,windwalker,18,7,11
17109,Тифуя,gordunni,672,monk,windwalker,18,7,11
17110,Волкейн,soulflayer,672,monk,windwalker,18,7,11
17111,Mefîsto,blackrock,672,monk,windwalker,18,7,11
17112,Quï,hyjal,672,monk,windwalker,18,7,11
17113,Эзархадон,lich-king,671,monk,windwalker,12,7,5
17114,Dubhira,blackmoore,671,monk,windwalker,12,7,5
17115,Mystikmonk,blackrock,671,monk,windwalker,12,7,5
17116,Teztouza,kazzak,671,monk,windwalker,12,7,5
17117,Bierdame,blackhand,671,monk,windwalker,12,7,5
17118,Chæli,tarren-mill,671,monk,windwalker,12,7,5
17119,Sonofelrond,twisting-nether,671,monk,windwalker,12,7,5
17120,Arshy,silvermoon,671,monk,windwalker,18,7,11
17121,Discosean,frostmane,671,monk,windwalker,18,7,11
17122,Duches,tarren-mill,671,monk,windwalker,18,7,11
17123,Zhiothe,argent-dawn,670,monk,windwalker,12,7,5
17124,Mwoinesamdi,hyjal,670,monk,windwalker,18,7,11
17125,Dummars,ragnaros,670,monk,windwalker,18,7,11
17126,Kirara,talnivarr,668,monk,windwalker,12,7,5
17127,Panzeerotto,nemesis,667,monk,windwalker,30,7,23
17128,Martial,arthas,636,monk,windwalker,17,7,10
17129,Fusetonww,tarren-mill,623,monk,windwalker,11,7,4
17130,Ahlu,argent-dawn,623,monk,windwalker,21,7,14
17131,Ktrina,ravencrest,618,monk,windwalker,21,9,12
17132,Sori,mazrigos,592,monk,windwalker,19,7,12
17133,Rezuz,draenor,576,monk,windwalker,6,6,0
17134,Tecisharmony,ravencrest,576,monk,windwalker,12,6,6
17135,Xàrslòulolz,kazzak,576,monk,windwalker,12,6,6
17136,Niyatî,draenor,576,monk,windwalker,12,6,6
17137,Pabu,emeriss,576,monk,windwalker,12,6,6
17138,Níko,korgall,576,monk,windwalker,12,6,6
17139,Мэрджик,soulflayer,576,monk,windwalker,12,6,6
17140,Gîø,blackmoore,576,monk,windwalker,12,6,6
17141,Fistenjoyer,outland,576,monk,windwalker,12,6,6
17142,Weezé,outland,576,monk,windwalker,12,6,6
17143,Yeol,ravencrest,576,monk,windwalker,12,6,6
17144,Ilovecravmag,draenor,576,monk,windwalker,12,6,6
17145,Turbofistsqt,kazzak,576,monk,windwalker,12,6,6
17146,Baltimore,stormscale,576,monk,windwalker,12,6,6
17147,Geezer,the-maelstrom,576,monk,windwalker,12,6,6
17148,Rhâzalgûl,khaz-modan,576,monk,windwalker,12,6,6
17149,Ferree,tarren-mill,576,monk,windwalker,12,6,6
17150,Geeér,outland,576,monk,windwalker,12,6,6
17151,Rainymonday,ravencrest,576,monk,windwalker,12,6,6
17152,Ampm,ravencrest,576,monk,windwalker,12,6,6
17153,Whoszeus,archimonde,576,monk,windwalker,12,6,6
17154,Miridius,silvermoon,576,monk,windwalker,12,6,6
17155,Tenszangetsu,ragnaros,576,monk,windwalker,12,6,6
17156,Waaks,archimonde,576,monk,windwalker,12,6,6
17157,Nyrkkikylpy,ravencrest,576,monk,windwalker,12,6,6
17158,Brüshïë,kazzak,576,monk,windwalker,12,6,6
17159,Humpenpower,blackhand,576,monk,windwalker,12,6,6
17160,Nightingalê,silvermoon,576,monk,windwalker,12,6,6
17161,Luckyjones,tarren-mill,576,monk,windwalker,12,6,6
17162,Balance,laughing-skull,576,monk,windwalker,12,6,6
17163,Jollyzug,blackrock,576,monk,windwalker,12,6,6
17164,Купейчик,gordunni,576,monk,windwalker,12,6,6
17165,Däemon,twisting-nether,576,monk,windwalker,15,7,8
17166,Bbcmonkinc,aegwynn,576,monk,windwalker,16,7,9
17167,Мишадуротар,borean-tundra,576,monk,windwalker,16,7,9
17168,Blickx,draenor,576,monk,windwalker,18,6,12
17169,Desmî,ravencrest,576,monk,windwalker,18,6,12
17170,Лаодзы,deathguard,576,monk,windwalker,18,6,12
17171,Fiststowin,blackrock,576,monk,windwalker,18,6,12
17172,Norgamx,alakir,576,monk,windwalker,18,6,12
17173,Mynaira,tarren-mill,576,monk,windwalker,19,6,13
17174,Кримсон,blackscar,575,monk,windwalker,6,6,0
17175,Fantasiløs,twisting-nether,575,monk,windwalker,12,6,6
17176,Raychi,draenor,575,monk,windwalker,12,6,6
17177,Iluvatareru,twisting-nether,575,monk,windwalker,12,6,6
17178,Chiroidz,kazzak,575,monk,windwalker,12,6,6
17179,Teetoor,argent-dawn,575,monk,windwalker,12,6,6
17180,Woknroll,draenor,575,monk,windwalker,12,6,6
17181,Doreese,moonglade,575,monk,windwalker,12,6,6
17182,Enjàz,sylvanas,575,monk,windwalker,12,6,6
17183,Jaylée,thrall,574,monk,windwalker,12,6,6
17184,Veila,the-maelstrom,573,monk,windwalker,12,6,6
17185,Mönchdog,blackmoore,573,monk,windwalker,12,6,6
17186,Mullan,eonar,573,monk,windwalker,24,6,18
17187,Monkiatsu,turalyon,571,monk,windwalker,12,6,6
17188,Жарптыца,gordunni,559,monk,windwalker,17,6,11
17189,Cptfist,argent-dawn,543,monk,windwalker,17,6,11
17190,Dianly,ravencrest,543,monk,windwalker,23,6,17
17191,Шейдла,soulflayer,527,monk,windwalker,11,6,5
17192,Merjis,stormscale,527,monk,windwalker,11,6,5
17193,Жекадобряк,howling-fjord,503,monk,windwalker,15,7,8
17194,Nastyvibes,dun-modr,480,monk,windwalker,6,5,1
17195,Capedbaldy,blackhand,480,monk,windwalker,6,5,1
17196,Killabees,stormscale,480,monk,windwalker,6,5,1
17197,Ванфист,gordunni,480,monk,windwalker,6,5,1
17198,Emptyeyés,kazzak,480,monk,windwalker,6,5,1
17199,Kapud,twisting-nether,480,monk,windwalker,6,5,1
17200,Hàtéppl,ravencrest,480,monk,windwalker,6,5,1
17201,Энвишь,soulflayer,480,monk,windwalker,6,5,1
17202,Монкигодх,howling-fjord,480,monk,windwalker,6,5,1
17203,Larsowns,ragnaros,480,monk,windwalker,6,5,1
17204,Ноупэйн,soulflayer,480,monk,windwalker,6,5,1
17205,Bwayn,blackhand,480,monk,windwalker,12,5,7
17206,Мяуки,soulflayer,480,monk,windwalker,12,5,7
17207,Grintilif,malygos,480,monk,windwalker,12,5,7
17208,Bansheerrz,hyjal,480,monk,windwalker,12,5,7
17209,Nevertouch,blackrock,480,monk,windwalker,12,5,7
17210,Bimberta,argent-dawn,480,monk,windwalker,12,5,7
17211,Diagmonk,kazzak,480,monk,windwalker,12,5,7
17212,Aljabbar,ravencrest,480,monk,windwalker,12,5,7
17213,Nerd,argent-dawn,480,monk,windwalker,12,5,7
17214,Ànklar,blackrock,480,monk,windwalker,12,5,7
17215,Tubørg,ravencrest,480,monk,windwalker,12,5,7
17216,Archnun,stormscale,480,monk,windwalker,12,5,7
17217,Fistus,dentarg,480,monk,windwalker,12,5,7
17218,Mayliene,stormscale,480,monk,windwalker,12,5,7
17219,Investing,silvermoon,480,monk,windwalker,12,5,7
17220,Jjslag,stormscale,480,monk,windwalker,12,5,7
17221,Wreckpuss,tarren-mill,480,monk,windwalker,12,5,7
17222,Blyatfast,draenor,480,monk,windwalker,12,5,7
17223,Babyfax,draenor,480,monk,windwalker,12,5,7
17224,Áutumnfalls,stormscale,480,monk,windwalker,12,5,7
17225,Enrookiejr,aegwynn,480,monk,windwalker,12,5,7
17226,Kenjibsen,blackhand,480,monk,windwalker,12,5,7
17227,Кунфумастер,gordunni,480,monk,windwalker,12,5,7
17228,Feyzmonk,ysondre,480,monk,windwalker,12,5,7
17229,Badcøwboy,archimonde,480,monk,windwalker,12,5,7
17230,Qtv,arthas,480,monk,windwalker,12,5,7
17231,Kaelwind,burning-legion,480,monk,windwalker,12,5,7
17232,Greenshortea,aegwynn,480,monk,windwalker,12,5,7
17233,Pîna,onyxia,480,monk,windwalker,12,5,7
17234,Drfistalot,blackrock,480,monk,windwalker,12,5,7
17235,Onlypressw,tarren-mill,480,monk,windwalker,12,5,7
17236,Käsefäuste,azshara,480,monk,windwalker,12,5,7
17237,Анике,howling-fjord,480,monk,windwalker,21,6,15
17238,Sigath,emeriss,480,monk,windwalker,18,5,13
17239,Nicetrybuddy,draenor,480,monk,windwalker,18,5,13
17240,Немонахх,howling-fjord,480,monk,windwalker,18,5,13
17241,Диксэш,ashenvale,479,monk,windwalker,12,5,7
17242,Alopécida,voljin,479,monk,windwalker,15,6,9
17243,Effeots,blackrock,479,monk,windwalker,18,5,13
17244,Øñ,cthun,479,monk,windwalker,18,5,13
17245,Концептуалик,gordunni,477,monk,windwalker,9,6,3
17246,Khrylx,twisting-nether,473,monk,windwalker,16,10,6
17247,Sadwhi,turalyon,472,monk,windwalker,12,5,7
17248,Lqp,outland,447,monk,windwalker,11,5,6
17249,Wodniuch,defias-brotherhood,447,monk,windwalker,11,5,6
17250,Chulli,stormscale,432,monk,windwalker,9,6,3
17251,Dushimonk,runetotem,416,monk,windwalker,10,5,5
17252,Камагами,howling-fjord,400,monk,windwalker,7,5,2
17253,Theoalt,dragonblight,399,monk,windwalker,5,5,0
17254,Twdabuser,tarren-mill,384,monk,windwalker,6,4,2
17255,Mickjabber,aegwynn,384,monk,windwalker,6,4,2
17256,Palarîns,dalaran,384,monk,windwalker,6,4,2
17257,Vetocorleone,kazzak,384,monk,windwalker,6,4,2
17258,Windvibes,antonidas,384,monk,windwalker,6,4,2
17259,Monkflexi,draenor,384,monk,windwalker,6,4,2
17260,Rugys,ravenholdt,384,monk,windwalker,6,4,2
17261,Hertel,boulderfist,384,monk,windwalker,6,4,2
17262,Baisi,blackhand,384,monk,windwalker,6,4,2
17263,Silcet,stormscale,384,monk,windwalker,6,4,2
17264,Orenichi,antonidas,384,monk,windwalker,6,4,2
17265,Wingwalker,twisting-nether,384,monk,windwalker,6,4,2
17266,Styxmk,blackhand,384,monk,windwalker,6,4,2
17267,Venersere,eitrigg,384,monk,windwalker,6,4,2
17268,Dadrael,argent-dawn,384,monk,windwalker,6,4,2
17269,Blazeuu,drakthul,384,monk,windwalker,6,4,2
17270,Windstormcro,ragnaros,384,monk,windwalker,6,4,2
17271,Twinkletoe,twisting-nether,384,monk,windwalker,6,4,2
17272,Sêssai,outland,384,monk,windwalker,6,4,2
17273,Disciprín,tarren-mill,384,monk,windwalker,6,4,2
17274,Onn,outland,384,monk,windwalker,6,4,2
17275,Orênda,silvermoon,384,monk,windwalker,6,4,2
17276,Clìtfister,silvermoon,384,monk,windwalker,6,4,2
17277,Нежненький,gordunni,384,monk,windwalker,6,4,2
17278,Møønkëy,archimonde,384,monk,windwalker,6,4,2
17279,Емопацан,gordunni,384,monk,windwalker,6,4,2
17280,Piednuques,archimonde,384,monk,windwalker,6,4,2
17281,Tysonwonka,thrall,384,monk,windwalker,6,4,2
17282,Пашаскороход,gordunni,384,monk,windwalker,6,4,2
17283,Wushin,antonidas,384,monk,windwalker,6,4,2
17284,Thekaj,kazzak,384,monk,windwalker,6,4,2
17285,Okpm,marécage-de-zangar,384,monk,windwalker,6,4,2
17286,Gramkin,ravencrest,384,monk,windwalker,6,4,2
17287,Diagmonk,arathi,384,monk,windwalker,6,4,2
17288,Màlydôr,outland,384,monk,windwalker,6,4,2
17289,Soulspar,ragnaros,384,monk,windwalker,6,4,2
17290,Tàlo,anachronos,384,monk,windwalker,6,4,2
17291,Vjelan,forscherliga,384,monk,windwalker,6,4,2
17292,Jessie,bloodscalp,384,monk,windwalker,12,4,8
17293,Кириешек,deathguard,384,monk,windwalker,12,4,8
17294,Scribzz,twisting-nether,384,monk,windwalker,12,4,8
17295,Аоепуп,soulflayer,384,monk,windwalker,12,4,8
17296,Goremancey,draenor,384,monk,windwalker,12,4,8
17297,Räyh,outland,384,monk,windwalker,12,4,8
17298,Байтли,gordunni,384,monk,windwalker,12,4,8
17299,Bigkim,khadgar,384,monk,windwalker,12,4,8
17300,Blutáar,khazgoroth,384,monk,windwalker,12,4,8
17301,Aesthetìc,draenor,384,monk,windwalker,12,4,8
17302,Hoøo,hyjal,384,monk,windwalker,12,4,8
17303,Risingspud,frostmane,384,monk,windwalker,12,4,8
17304,Ragobd,argent-dawn,384,monk,windwalker,12,4,8
17305,Andrah,blackmoore,384,monk,windwalker,12,4,8
17306,Dëvilliä,ragnaros,384,monk,windwalker,12,4,8
17307,Крэйзимедвед,howling-fjord,384,monk,windwalker,12,4,8
17308,Bbinzu,lothar,383,monk,windwalker,6,4,2
17309,Югэн,azuregos,383,monk,windwalker,12,4,8
17310,Undgrund,burning-legion,382,monk,windwalker,12,4,8
17311,Broussly,voljin,380,monk,windwalker,12,4,8
17312,Youngmonk,tarren-mill,351,monk,windwalker,17,4,13
17313,Benkkei,ysondre,336,monk,windwalker,15,4,11
17314,Choje,blackmoore,319,monk,windwalker,5,4,1
17315,Alë,argent-dawn,319,monk,windwalker,8,4,4
17316,Tjmnk,ravencrest,288,monk,windwalker,6,3,3
17317,Dasjinso,blackhand,288,monk,windwalker,6,3,3
17318,Zunixxww,terrordar,288,monk,windwalker,6,3,3
17319,Междунамиад,gordunni,288,monk,windwalker,6,3,3
17320,Пингкин,deathweaver,288,monk,windwalker,6,3,3
17321,Monkelibonk,ravencrest,288,monk,windwalker,6,3,3
17322,Notadrâgon,sylvanas,288,monk,windwalker,6,3,3
17323,Lokregar,blackmoore,288,monk,windwalker,6,3,3
17324,Бичмэн,deathguard,288,monk,windwalker,6,3,3
17325,Daltailr,silvermoon,288,monk,windwalker,6,3,3
17326,Adewelee,dalaran,288,monk,windwalker,6,3,3
17327,Zelraqt,burning-steppes,288,monk,windwalker,6,3,3
17328,Расселкроу,galakrond,288,monk,windwalker,6,3,3
17329,Kungf,twisting-nether,288,monk,windwalker,6,3,3
17330,Bluumorc,ravencrest,288,monk,windwalker,6,3,3
17331,Dennismansix,sylvanas,288,monk,windwalker,6,3,3
17332,Velduin,dun-modr,288,monk,windwalker,6,3,3
17333,Ellevance,draenor,288,monk,windwalker,6,3,3
17334,Авентусс,howling-fjord,288,monk,windwalker,6,3,3
17335,Iluvfistinjk,sylvanas,288,monk,windwalker,6,3,3
17336,Realfighter,arathor,288,monk,windwalker,6,3,3
17337,Ogelele,twisting-nether,288,monk,windwalker,6,3,3
17338,Hästgodx,the-maelstrom,288,monk,windwalker,6,3,3
17339,Sajin,la-croisade-écarlate,288,monk,windwalker,6,3,3
17340,Рендикаое,soulflayer,288,monk,windwalker,6,3,3
17341,Atrøciøus,ravencrest,288,monk,windwalker,6,3,3
17342,Møngøwéávé,argent-dawn,288,monk,windwalker,6,3,3
17343,Despéradø,archimonde,288,monk,windwalker,6,3,3
17344,Joshxao,blackmoore,288,monk,windwalker,6,3,3
17345,Blyadislav,ravencrest,288,monk,windwalker,6,3,3
17346,Qdwdwqerdads,ravencrest,288,monk,windwalker,6,3,3
17347,Monkacek,drakthul,288,monk,windwalker,6,3,3
17348,Lørðbrøñkø,blackrock,288,monk,windwalker,6,3,3
17349,Xpobak,ravencrest,288,monk,windwalker,6,3,3
17350,Traxxus,sanguino,288,monk,windwalker,6,3,3
17351,Zéná,gilneas,288,monk,windwalker,6,3,3
17352,Сугробикк,soulflayer,288,monk,windwalker,6,3,3
17353,Räpeltäjä,stormreaver,288,monk,windwalker,6,3,3
17354,Koot,ragnaros,288,monk,windwalker,6,3,3
17355,Shoelaren,ragnaros,288,monk,windwalker,6,3,3
17356,Ðoom,sylvanas,288,monk,windwalker,6,3,3
17357,Shaol,stormreaver,288,monk,windwalker,6,3,3
17358,Fapmaster,aegwynn,288,monk,windwalker,6,3,3
17359,Zìnko,eredar,288,monk,windwalker,6,3,3
17360,Homelanderxx,tarren-mill,288,monk,windwalker,6,3,3
17361,Ybnobama,outland,288,monk,windwalker,6,3,3
17362,Droozy,silvermoon,288,monk,windwalker,6,3,3
17363,Sizok,blackmoore,288,monk,windwalker,6,3,3
17364,Arisua,blackhand,288,monk,windwalker,6,3,3
17365,Bonkboi,tarren-mill,288,monk,windwalker,6,3,3
17366,Bg,blackhand,288,monk,windwalker,6,3,3
17367,Ratfacè,outland,288,monk,windwalker,6,3,3
17368,Jakfuki,ragnaros,288,monk,windwalker,6,3,3
17369,Xamaan,sanguino,288,monk,windwalker,6,3,3
17370,Bobblasfists,tarren-mill,288,monk,windwalker,6,3,3
17371,Zenified,ragnaros,288,monk,windwalker,6,3,3
17372,Askarg,khaz-modan,288,monk,windwalker,6,3,3
17373,Aaronm,tarren-mill,288,monk,windwalker,6,3,3
17374,Balkanbeastt,draenor,288,monk,windwalker,10,4,6
17375,Howkong,archimonde,288,monk,windwalker,12,3,9
17376,Clamps,darkspear,288,monk,windwalker,12,3,9
17377,Dòrâ,archimonde,288,monk,windwalker,12,3,9
17378,Arachmk,drakthul,288,monk,windwalker,12,3,9
17379,Mönchfatih,blackhand,288,monk,windwalker,12,3,9
17380,Roxmonk,ravencrest,288,monk,windwalker,12,3,9
17381,Barylen,outland,288,monk,windwalker,12,3,9
17382,Cøbrakaï,archimonde,288,monk,windwalker,12,3,9
17383,Mongole,hellscream,288,monk,windwalker,12,3,9
17384,Monkiki,hyjal,288,monk,windwalker,12,3,9
17385,Geliôs,kazzak,288,monk,windwalker,12,3,9
17386,Ikasama,culte-de-la-rive-noire,288,monk,windwalker,12,3,9
17387,Мистерхюй,gordunni,288,monk,windwalker,18,3,15
17388,Ayyee,blackmoore,288,monk,windwalker,18,3,15
17389,Lewimoäne,khaz-modan,287,monk,windwalker,6,3,3
17390,Brucilli,dalaran,287,monk,windwalker,6,3,3
17391,Syaóran,exodar,286,monk,windwalker,12,3,9
17392,Пкмлкм,gordunni,255,monk,windwalker,11,3,8
17393,Dolkenm,tarren-mill,240,monk,windwalker,9,4,5
17394,Zerno,archimonde,239,monk,windwalker,5,3,2
17395,Iamzra,kazzak,239,monk,windwalker,11,3,8
17396,Trolleurz,archimonde,224,monk,windwalker,16,3,13
17397,Idointcare,ravencrest,192,monk,windwalker,4,3,1
17398,Bignessb,draenor,192,monk,windwalker,4,3,1
17399,Kano,burning-legion,192,monk,windwalker,9,3,6
17400,Jkmonkyo,blackrock,192,monk,windwalker,6,2,4
17401,Dodoglad,hyjal,192,monk,windwalker,6,2,4
17402,Eynodiggity,blackmoore,192,monk,windwalker,6,2,4
17403,Belobe,stormscale,192,monk,windwalker,6,2,4
17404,Jackonk,eredar,192,monk,windwalker,6,2,4
17405,Bensil,ravencrest,192,monk,windwalker,6,2,4
17406,Walterwayne,blackrock,192,monk,windwalker,6,2,4
17407,Gabbah,blackrock,192,monk,windwalker,6,2,4
17408,Майамибитч,howling-fjord,192,monk,windwalker,6,2,4
17409,Friidam,lightbringer,192,monk,windwalker,6,2,4
17410,Lxq,blackhand,192,monk,windwalker,6,2,4
17411,Ревенджж,howling-fjord,192,monk,windwalker,6,2,4
17412,Orcword,ragnaros,192,monk,windwalker,6,2,4
17413,Fistingfury,burning-blade,192,monk,windwalker,6,2,4
17414,Panicfist,stormscale,192,monk,windwalker,6,2,4
17415,Brevduwan,ragnaros,192,monk,windwalker,6,2,4
17416,Хзт,howling-fjord,192,monk,windwalker,6,2,4
17417,Tyrastel,dalaran,192,monk,windwalker,6,2,4
17418,Deathpùlse,ravencrest,192,monk,windwalker,6,2,4
17419,Brewroll,ravencrest,192,monk,windwalker,6,2,4
17420,Såliten,tarren-mill,192,monk,windwalker,6,2,4
17421,Loriodas,tarren-mill,192,monk,windwalker,6,2,4
17422,Drýton,blackrock,192,monk,windwalker,6,2,4
17423,Bloodychi,ravencrest,192,monk,windwalker,6,2,4
17424,Xoconut,ravencrest,192,monk,windwalker,6,2,4
17425,Senniñ,ravencrest,192,monk,windwalker,6,2,4
17426,Thungara,emerald-dream,192,monk,windwalker,6,2,4
17427,Joachi,outland,192,monk,windwalker,6,2,4
17428,Dankiron,darksorrow,192,monk,windwalker,6,2,4
17429,Mtmonk,tarren-mill,192,monk,windwalker,6,2,4
17430,Îreful,tarren-mill,192,monk,windwalker,6,2,4
17431,Akkadianx,ravencrest,192,monk,windwalker,6,2,4
17432,Awesomebrah,the-maelstrom,192,monk,windwalker,6,2,4
17433,Musclorww,ysondre,192,monk,windwalker,6,2,4
17434,Stenhård,azjolnerub,192,monk,windwalker,6,2,4
17435,Khirazim,ysondre,192,monk,windwalker,6,2,4
17436,Frajer,auchindoun,192,monk,windwalker,6,2,4
17437,Shïma,sargeras,192,monk,windwalker,6,2,4
17438,Yaevinn,burning-legion,192,monk,windwalker,6,2,4
17439,Lildaddymonk,ravencrest,192,monk,windwalker,6,2,4
17440,Miamausebär,blackmoore,192,monk,windwalker,6,2,4
17441,Zýru,ragnaros,192,monk,windwalker,6,2,4
17442,Mezeko,stormscale,192,monk,windwalker,6,2,4
17443,Geochi,tarren-mill,192,monk,windwalker,6,2,4
17444,Yaxleyx,dragonblight,192,monk,windwalker,6,2,4
17445,Джийви,goldrinn,192,monk,windwalker,6,2,4
17446,Niborc,doomhammer,192,monk,windwalker,6,2,4
17447,Tjukkas,bloodhoof,192,monk,windwalker,6,2,4
17448,Savecdfornxt,blackmoore,192,monk,windwalker,6,2,4
17449,Bobthewild,draenor,192,monk,windwalker,6,2,4
17450,Tayoo,aegwynn,192,monk,windwalker,6,2,4
17451,Lollonko,kazzak,192,monk,windwalker,6,2,4
17452,Ráây,blackrock,192,monk,windwalker,6,2,4
17453,Woalter,silvermoon,192,monk,windwalker,6,2,4
17454,Barneyzan,tarren-mill,192,monk,windwalker,6,2,4
17455,Påiñ,silvermoon,192,monk,windwalker,6,2,4
17456,Legeend,dun-modr,192,monk,windwalker,6,2,4
17457,Øåæøæøåæ,kazzak,192,monk,windwalker,6,2,4
17458,Latify,todeswache,192,monk,windwalker,6,2,4
17459,Bamboosnack,kazzak,192,monk,windwalker,6,2,4
17460,Tongat,ravencrest,192,monk,windwalker,12,2,10
17461,Yianjih,blackmoore,191,monk,windwalker,6,2,4
17462,Соловьюх,gordunni,191,monk,windwalker,6,2,4
17463,Roptoglad,hyjal,159,monk,windwalker,5,2,3
17464,Óó,los-errantes,144,monk,windwalker,9,2,7
17465,Uftis,thrall,127,monk,windwalker,8,2,6
17466,Циорех,gordunni,96,monk,windwalker,3,2,1
17467,Degentz,alakir,96,monk,windwalker,3,2,1
17468,Umbrâsyl,ravencrest,96,monk,windwalker,6,1,5
17469,Yvètte,ravencrest,96,monk,windwalker,6,1,5
17470,Bâsarä,archimonde,96,monk,windwalker,6,1,5
17471,Cumspiller,ravencrest,96,monk,windwalker,6,1,5
17472,Musaya,chamber-of-aspects,96,monk,windwalker,6,1,5
17473,Draina,archimonde,96,monk,windwalker,6,1,5
17474,Gøsù,antonidas,96,monk,windwalker,6,1,5
17475,Kinføu,hyjal,96,monk,windwalker,6,1,5
17476,Жъёь,howling-fjord,96,monk,windwalker,6,1,5
17477,Konnîchîwa,kazzak,96,monk,windwalker,6,1,5
17478,Lîlpumpx,outland,96,monk,windwalker,6,1,5
17479,Dadeldo,blackrock,96,monk,windwalker,6,1,5
17480,Бумчака,blackscar,96,monk,windwalker,6,1,5
17481,Drlightorc,tarren-mill,96,monk,windwalker,6,1,5
17482,Kickboxer,burning-legion,96,monk,windwalker,6,1,5
17483,Bluum,ravencrest,96,monk,windwalker,6,1,5
17484,Olympeá,silvermoon,96,monk,windwalker,6,1,5
17485,Мяяумяу,gordunni,96,monk,windwalker,6,1,5
17486,Dìó,tarren-mill,96,monk,windwalker,6,1,5
17487,Родиер,gordunni,96,monk,windwalker,6,1,5
17488,Kazéshini,doomhammer,96,monk,windwalker,6,1,5
17489,Pandarok,argent-dawn,96,monk,windwalker,6,1,5
17490,Betelgeuse,jaedenar,96,monk,windwalker,6,1,5
17491,Mìcrøb,blackmoore,96,monk,windwalker,6,1,5
17492,Mjaweaver,stormscale,96,monk,windwalker,6,1,5
17493,Реброперо,gordunni,96,monk,windwalker,6,1,5
17494,Smâsh,blackhand,96,monk,windwalker,6,1,5
17495,Olgachocolat,blackmoore,96,monk,windwalker,6,1,5
17496,Тиронфлакс,soulflayer,96,monk,windwalker,6,1,5
17497,Zugzuwg,ahnqiraj,96,monk,windwalker,6,1,5
17498,Butrinto,hellfire,96,monk,windwalker,6,1,5
17499,Zymonks,silvermoon,96,monk,windwalker,6,1,5
17500,Синнэрли,soulflayer,96,monk,windwalker,6,1,5
17501,Kaizenthor,runetotem,96,monk,windwalker,6,1,5
17502,Onisakebi,nemesis,96,monk,windwalker,10,1,9
17503,Xtcc,kazzak,79,monk,windwalker,5,1,4
17504,Odanobunaga,ravencrest,79,monk,windwalker,5,1,4
17505,Tenzen,dun-modr,79,monk,windwalker,11,1,10
17506,Scedadle,outland,48,monk,windwalker,3,1,2
17507,Xámell,ravencrest,48,monk,windwalker,3,1,2
17508,Огненныйкит,blackscar,48,monk,windwalker,3,1,2
17509,Shamarinator,kazzak,42,monk,windwalker,9,2,7
17510,Monkinko,tarren-mill,42,monk,windwalker,10,2,8
17511,Åbx,argent-dawn,2191,paladin,holy,113,59,54
17512,Crewxdlolz,frostmane,2123,paladin,holy,211,118,93
17513,Likkik,ravencrest,2121,paladin,holy,86,42,44
17514,Wiriday,draenor,2120,paladin,holy,269,137,132
17515,Алексендлер,howling-fjord,2038,paladin,holy,350,190,160
17516,Ranchiek,ravencrest,2019,paladin,holy,60,31,29
17517,Lickssi,outland,2001,paladin,holy,94,56,38
17518,Goyimslayer,ravencrest,1975,paladin,holy,108,59,49
17519,Måvé,tarren-mill,1943,paladin,holy,84,51,33
17520,Kyoma,burning-legion,1917,paladin,holy,129,61,68
17521,Jìmjim,ysondre,1916,paladin,holy,114,53,61
17522,Zabrok,outland,1898,paladin,holy,42,25,17
17523,Svyata,twisting-nether,1888,paladin,holy,83,43,40
17524,Nemesisbot,dun-modr,1874,paladin,holy,72,40,32
17525,Vaîjin,aegwynn,1867,paladin,holy,130,66,64
17526,Pointguard,blackrock,1862,paladin,holy,54,28,26
17527,Tipmax,ravencrest,1856,paladin,holy,61,37,24
17528,Goodpeace,kazzak,1855,paladin,holy,73,35,38
17529,Niwariel,silvermoon,1852,paladin,holy,60,37,23
17530,Типмакс,howling-fjord,1851,paladin,holy,42,25,17
17531,Áftershøck,ravencrest,1850,paladin,holy,60,32,28
17532,Wheelybin,argent-dawn,1843,paladin,holy,53,23,30
17533,Optîmuslîme,veklor,1835,paladin,holy,42,27,15
17534,Seabrook,stormscale,1830,paladin,holy,84,32,52
17535,Phalphlingo,stormscale,1824,paladin,holy,84,40,44
17536,Wokyo,tarren-mill,1823,paladin,holy,231,134,97
17537,Jeø,stormscale,1823,paladin,holy,54,28,26
17538,Eldorín,blackmoore,1823,paladin,holy,54,20,34
17539,Kianpal,silvermoon,1818,paladin,holy,158,89,69
17540,Galaxys,blackhand,1818,paladin,holy,128,62,66
17541,Pêacerainer,stormscale,1817,paladin,holy,168,71,97
17542,Neverlostx,ravencrest,1816,paladin,holy,48,31,17
17543,Popecrusade,archimonde,1813,paladin,holy,107,66,41
17544,Ránchìek,ravencrest,1812,paladin,holy,54,26,28
17545,Welivewewin,defias-brotherhood,1811,paladin,holy,151,78,73
17546,Rekieuna,archimonde,1808,paladin,holy,330,173,157
17547,Runtheshôw,tarren-mill,1790,paladin,holy,72,34,38
17548,Jûliâ,archimonde,1777,paladin,holy,88,49,39
17549,Pignonn,dalaran,1775,paladin,holy,95,51,44
17550,Edelarøs,ysondre,1771,paladin,holy,54,27,27
17551,Aww,anachronos,1770,paladin,holy,108,51,57
17552,Shufflenjoyr,argent-dawn,1758,paladin,holy,101,49,52
17553,Макстипчик,howling-fjord,1758,paladin,holy,63,29,34
17554,Valia,argent-dawn,1754,paladin,holy,63,36,27
17555,Danipaladin,tarren-mill,1749,paladin,holy,54,30,24
17556,Holysacx,aegwynn,1745,paladin,holy,42,25,17
17557,Rettyfield,blackrock,1744,paladin,holy,42,23,19
17558,Powertilt,ravencrest,1743,paladin,holy,141,64,77
17559,Гигашмяк,howling-fjord,1742,paladin,holy,221,115,106
17560,Wollymolly,ravencrest,1741,paladin,holy,60,30,30
17561,Everflame,blackmoore,1739,paladin,holy,84,50,34
17562,Dbblou,draenor,1739,paladin,holy,42,20,22
17563,Vindîcator,defias-brotherhood,1736,paladin,holy,191,91,100
17564,Emloses,outland,1731,paladin,holy,246,130,116
17565,Лайтпалочка,soulflayer,1731,paladin,holy,167,85,82
17566,Аришалисичка,blackscar,1727,paladin,holy,70,36,34
17567,Holylightxz,runetotem,1720,paladin,holy,87,41,46
17568,Skyf,outland,1717,paladin,holy,239,116,123
17569,Tyrsa,defias-brotherhood,1715,paladin,holy,53,23,30
17570,Haylø,archimonde,1714,paladin,holy,45,24,21
17571,Kwinn,aggra-português,1713,paladin,holy,36,18,18
17572,Pigpiss,ravencrest,1707,paladin,holy,46,19,27
17573,Beefcrusher,outland,1704,paladin,holy,42,18,24
17574,Faíren,mugthol,1697,paladin,holy,66,36,30
17575,Emlight,kazzak,1693,paladin,holy,53,32,21
17576,Акунделар,gordunni,1689,paladin,holy,119,59,60
17577,Arysur,defias-brotherhood,1684,paladin,holy,203,100,103
17578,Lycerax,antonidas,1677,paladin,holy,42,24,18
17579,Voklane,tarren-mill,1676,paladin,holy,48,23,25
17580,Itsjulie,sylvanas,1675,paladin,holy,82,42,40
17581,Narkal,archimonde,1672,paladin,holy,99,51,48
17582,Думгохан,howling-fjord,1670,paladin,holy,42,18,24
17583,Holysac,aegwynn,1669,paladin,holy,48,26,22
17584,Thaderyl,auchindoun,1663,paladin,holy,150,73,77
17585,Kakii,gorgonnash,1645,paladin,holy,59,24,35
17586,Tibelious,ravencrest,1635,paladin,holy,84,34,50
17587,Holychît,sanguino,1631,paladin,holy,111,53,58
17588,Baazil,ragnaros,1631,paladin,holy,84,38,46
17589,Chowo,argent-dawn,1631,paladin,holy,63,26,37
17590,Insanevegan,ravencrest,1628,paladin,holy,66,33,33
17591,Shabbyy,bronzebeard,1627,paladin,holy,96,54,42
17592,Holeck,aegwynn,1627,paladin,holy,66,26,40
17593,Máttés,antonidas,1626,paladin,holy,59,21,38
17594,Chryme,thrall,1625,paladin,holy,60,33,27
17595,Ajani,la-croisade-écarlate,1624,paladin,holy,42,17,25
17596,Mðnsterz,archimonde,1619,paladin,holy,48,20,28
17597,Blazerlolz,kazzak,1616,paladin,holy,60,33,27
17598,Athenewins,tarren-mill,1616,paladin,holy,400,210,190
17599,Lexolex,ravencrest,1616,paladin,holy,36,17,19
17600,Percocetx,tarren-mill,1613,paladin,holy,54,24,30
17601,Nezâ,thrall,1613,paladin,holy,52,23,29
17602,Buntqt,kazzak,1612,paladin,holy,100,54,46
17603,ßestsacjk,kazzak,1610,paladin,holy,54,22,32
17604,Pisr,draenor,1607,paladin,holy,48,21,27
17605,Острит,gordunni,1605,paladin,holy,78,45,33
17606,Dàrckness,ravencrest,1605,paladin,holy,249,132,117
17607,Джонниджага,blackscar,1604,paladin,holy,58,28,30
17608,Lexó,ravencrest,1604,paladin,holy,42,20,22
17609,Fleshgraft,drakthul,1602,paladin,holy,42,22,20
17610,Stepsislana,tarren-mill,1601,paladin,holy,30,17,13
17611,Hirolde,zenedar,1601,paladin,holy,116,60,56
17612,Judgejuryexe,kazzak,1600,paladin,holy,92,44,48
17613,Easypala,blackrock,1595,paladin,holy,114,50,64
17614,Сэлфхил,gordunni,1591,paladin,holy,107,47,60
17615,Neverbuble,archimonde,1590,paladin,holy,41,20,21
17616,Erathoor,grim-batol,1589,paladin,holy,66,32,34
17617,Потокденег,howling-fjord,1589,paladin,holy,128,60,68
17618,Astollfo,hyjal,1588,paladin,holy,42,26,16
17619,Ìschtarsdad,blackrock,1588,paladin,holy,180,90,90
17620,Мифариан,blackscar,1582,paladin,holy,60,32,28
17621,Smightypal,silvermoon,1582,paladin,holy,123,62,61
17622,Xenyaa,arygos,1581,paladin,holy,103,53,50
17623,Louiepal,outland,1580,paladin,holy,41,25,16
17624,Myssa,uldum,1577,paladin,holy,42,21,21
17625,Andûrîl,tarren-mill,1576,paladin,holy,89,42,47
17626,Umirinbruv,zenedar,1573,paladin,holy,50,20,30
17627,Jeromesavile,tarren-mill,1571,paladin,holy,66,26,40
17628,Грор,galakrond,1565,paladin,holy,34,21,13
17629,Isøri,antonidas,1562,paladin,holy,96,45,51
17630,Femaleelf,eredar,1561,paladin,holy,48,20,28
17631,Aiyäna,argent-dawn,1560,paladin,holy,66,33,33
17632,Fourshaw,ravencrest,1558,paladin,holy,149,77,72
17633,Skurly,ragnaros,1551,paladin,holy,42,19,23
17634,Asenae,draenor,1550,paladin,holy,54,22,32
17635,Deodas,kazzak,1548,paladin,holy,178,87,91
17636,Алукартик,deathguard,1546,paladin,holy,89,44,45
17637,Strûgglebûs,outland,1543,paladin,holy,47,25,22
17638,Срувтапкизз,blackscar,1543,paladin,holy,83,29,54
17639,Тошанич,soulflayer,1539,paladin,holy,54,24,30
17640,Gasilol,frostwolf,1537,paladin,holy,81,41,40
17641,Aíe,draenor,1536,paladin,holy,45,28,17
17642,Andronar,blackmoore,1536,paladin,holy,66,29,37
17643,Drdeus,kazzak,1535,paladin,holy,110,55,55
17644,Pooncy,ragnaros,1530,paladin,holy,60,27,33
17645,Бадбх,howling-fjord,1527,paladin,holy,90,39,51
17646,Rùfus,tarren-mill,1521,paladin,holy,144,76,68
17647,Флэшкапро,soulflayer,1521,paladin,holy,190,95,95
17648,Callístó,amanthul,1521,paladin,holy,169,78,91
17649,Tuoppi,steamwheedle-cartel,1513,paladin,holy,41,20,21
17650,Rotana,eredar,1511,paladin,holy,36,24,12
17651,Powerpufgirl,blackrock,1511,paladin,holy,36,19,17
17652,Jambbo,twisting-nether,1508,paladin,holy,103,54,49
17653,Sonil,les-sentinelles,1507,paladin,holy,57,24,33
17654,Erao,the-maelstrom,1506,paladin,holy,42,19,23
17655,Jaesa,lordaeron,1502,paladin,holy,59,26,33
17656,Nåmï,culte-de-la-rive-noire,1501,paladin,holy,30,18,12
17657,Aese,dun-modr,1499,paladin,holy,102,51,51
17658,Sübôvîñ,ravencrest,1497,paladin,holy,117,60,57
17659,Delmothounet,ysondre,1496,paladin,holy,46,28,18
17660,Devinèqt,tarren-mill,1496,paladin,holy,49,28,21
17661,Bécasszelium,varimathras,1495,paladin,holy,123,64,59
17662,Мылонеуроних,deathguard,1495,paladin,holy,36,16,20
17663,Cozm,silvermoon,1493,paladin,holy,36,18,18
17664,Xsÿde,archimonde,1489,paladin,holy,48,17,31
17665,Chocòbon,archimonde,1487,paladin,holy,36,21,15
17666,Fløcki,blackhand,1483,paladin,holy,42,21,21
17667,Chosenlight,darkspear,1481,paladin,holy,103,40,63
17668,Эллиарэй,gordunni,1478,paladin,holy,95,46,49
17669,Curtfizzle,kazzak,1478,paladin,holy,59,26,33
17670,Fannypoo,sylvanas,1475,paladin,holy,167,77,90
17671,Hpal,aegwynn,1469,paladin,holy,93,42,51
17672,Jajmentx,kazzak,1459,paladin,holy,78,40,38
17673,Emistesía,stormscale,1459,paladin,holy,42,18,24
17674,Blessedpapi,draenor,1457,paladin,holy,66,31,35
17675,Kristelle,argent-dawn,1456,paladin,holy,36,17,19
17676,Lóde,silvermoon,1454,paladin,holy,84,42,42
17677,Mitsaklas,grim-batol,1453,paladin,holy,73,32,41
17678,Realpalla,ravenholdt,1452,paladin,holy,126,62,64
17679,Крусейдор,soulflayer,1452,paladin,holy,61,25,36
17680,Archaegis,silvermoon,1452,paladin,holy,48,19,29
17681,Enemylosers,stormscale,1448,paladin,holy,60,30,30
17682,Scrimple,stormscale,1447,paladin,holy,73,35,38
17683,Европпа,soulflayer,1447,paladin,holy,51,16,35
17684,Curufin,grim-batol,1445,paladin,holy,47,25,22
17685,Dathróhán,silvermoon,1445,paladin,holy,249,123,126
17686,Mercedes,arthas,1443,paladin,holy,35,20,15
17687,Паладинас,lich-king,1440,paladin,holy,64,21,43
17688,Глиндес,gordunni,1439,paladin,holy,168,80,88
17689,Vadomar,emerald-dream,1439,paladin,holy,60,25,35
17690,Уретроград,soulflayer,1436,paladin,holy,72,36,36
17691,Injection,khaz-modan,1436,paladin,holy,75,34,41
17692,Rïzé,ravencrest,1436,paladin,holy,36,15,21
17693,Dömötörp,ragnaros,1430,paladin,holy,63,28,35
17694,Marygueguete,archimonde,1429,paladin,holy,66,29,37
17695,Sacbøt,stormscale,1427,paladin,holy,259,132,127
17696,Ekzykes,ravencrest,1427,paladin,holy,48,21,27
17697,Séphiran,hyjal,1426,paladin,holy,53,28,25
17698,Ðeswynd,hyjal,1425,paladin,holy,56,25,31
17699,Taiso,alonsus,1422,paladin,holy,132,64,68
17700,Holydawnx,kazzak,1422,paladin,holy,50,23,27
17701,Phalex,outland,1416,paladin,holy,36,23,13
17702,Preyy,eredar,1414,paladin,holy,54,30,24
17703,Хегия,gordunni,1414,paladin,holy,30,15,15
17704,Эсерпи,gordunni,1413,paladin,holy,142,73,69
17705,Zilu,kazzak,1413,paladin,holy,47,24,23
17706,Wepalapvpbop,ravencrest,1413,paladin,holy,30,15,15
17707,Présidential,grim-batol,1413,paladin,holy,48,22,26
17708,Blazeberg,tirion,1411,paladin,holy,36,20,16
17709,Сашафистинг,gordunni,1411,paladin,holy,159,77,82
17710,Fatmidget,kazzak,1410,paladin,holy,42,27,15
17711,Skinstructor,silvermoon,1410,paladin,holy,48,21,27
17712,Sofishoida,blackmoore,1409,paladin,holy,42,24,18
17713,Ðenlox,destromath,1408,paladin,holy,104,53,51
17714,Diamir,rajaxx,1404,paladin,holy,75,55,20
17715,Sncx,ravencrest,1404,paladin,holy,30,15,15
17716,Салфеточник,thermaplugg,1403,paladin,holy,60,23,37
17717,Wíw,kazzak,1402,paladin,holy,65,26,39
17718,Аяпал,blackscar,1401,paladin,holy,72,39,33
17719,Jcbubs,xavius,1398,paladin,holy,82,35,47
17720,Витёнокь,howling-fjord,1394,paladin,holy,44,29,15
17721,Hazø,silvermoon,1394,paladin,holy,48,26,22
17722,Honeygodx,antonidas,1393,paladin,holy,33,20,13
17723,Stinkepieet,blackmoore,1390,paladin,holy,48,20,28
17724,Реколори,gordunni,1389,paladin,holy,165,90,75
17725,Kantfyrste,ravencrest,1388,paladin,holy,139,59,80
17726,Expot,blackmoore,1387,paladin,holy,54,31,23
17727,Jüther,pozzo-delleternità,1387,paladin,holy,29,15,14
17728,Beecq,tarren-mill,1386,paladin,holy,36,20,16
17729,Vivalabeef,stormscale,1384,paladin,holy,48,21,27
17730,Noliferx,ravencrest,1383,paladin,holy,82,49,33
17731,Rullstolen,the-maelstrom,1382,paladin,holy,48,28,20
17732,Danepala,defias-brotherhood,1378,paladin,holy,59,29,30
17733,Rëtnuhka,drakthul,1378,paladin,holy,50,24,26
17734,Zycqo,silvermoon,1377,paladin,holy,174,84,90
17735,Wingcomandêr,aegwynn,1377,paladin,holy,36,15,21
17736,Леонящер,gordunni,1376,paladin,holy,169,89,80
17737,Gabriev,twisting-nether,1376,paladin,holy,49,25,24
17738,Watras,drakthul,1370,paladin,holy,66,25,41
17739,Maitrelampe,argent-dawn,1369,paladin,holy,72,34,38
17740,Mestgone,dalaran,1367,paladin,holy,59,26,33
17741,Locofatguy,drakthul,1366,paladin,holy,60,26,34
17742,Mecah,hyjal,1365,paladin,holy,42,21,21
17743,Pullheavy,silvermoon,1363,paladin,holy,89,38,51
17744,Xelqt,draenor,1361,paladin,holy,36,15,21
17745,Claudîax,kazzak,1361,paladin,holy,72,29,43
17746,Ramos,aggra-português,1360,paladin,holy,60,22,38
17747,Fenye,twisting-nether,1358,paladin,holy,57,25,32
17748,Ostardo,blackhand,1357,paladin,holy,24,15,9
17749,Xenaké,kazzak,1356,paladin,holy,101,40,61
17750,Бэнкли,soulflayer,1355,paladin,holy,36,23,13
17751,Shakalol,dun-modr,1355,paladin,holy,60,23,37
17752,Cykadin,dun-modr,1355,paladin,holy,66,25,41
17753,Emistesia,stormscale,1354,paladin,holy,35,16,19
17754,Heilgaharald,blackrock,1351,paladin,holy,110,51,59
17755,Снупарь,blackscar,1351,paladin,holy,45,18,27
17756,Mikemyers,blackhand,1350,paladin,holy,42,20,22
17757,Lastaid,azshara,1350,paladin,holy,108,51,57
17758,Talimañ,kazzak,1349,paladin,holy,42,23,19
17759,Кольт,borean-tundra,1346,paladin,holy,79,40,39
17760,Pussdocta,ravencrest,1345,paladin,holy,89,48,41
17761,Alldo,drakthul,1345,paladin,holy,102,48,54
17762,Arlette,moonglade,1345,paladin,holy,72,32,40
17763,Nudzolini,tarren-mill,1344,paladin,holy,36,22,14
17764,Jerryhârvey,kazzak,1342,paladin,holy,24,14,10
17765,Keele,stormscale,1341,paladin,holy,69,32,37
17766,Hotub,twisting-nether,1340,paladin,holy,83,41,42
17767,Vonat,outland,1340,paladin,holy,42,16,26
17768,Arenalena,sylvanas,1338,paladin,holy,154,74,80
17769,Freaak,dethecus,1337,paladin,holy,60,24,36
17770,Holypapa,argent-dawn,1336,paladin,holy,54,24,30
17771,Sangriul,outland,1336,paladin,holy,93,37,56
17772,Лимфома,goldrinn,1334,paladin,holy,65,25,40
17773,Mistsx,kazzak,1331,paladin,holy,30,14,16
17774,Steggeh,argent-dawn,1331,paladin,holy,120,48,72
17775,Lightbrîng,hyjal,1327,paladin,holy,53,26,27
17776,Norandel,turalyon,1326,paladin,holy,36,14,22
17777,Nde,silvermoon,1320,paladin,holy,47,20,27
17778,Даниэль,howling-fjord,1319,paladin,holy,66,36,30
17779,Alard,sanguino,1319,paladin,holy,96,42,54
17780,Lazyknight,silvermoon,1316,paladin,holy,60,25,35
17781,Crusherpala,laughing-skull,1316,paladin,holy,83,33,50
17782,Goodbit,dentarg,1315,paladin,holy,41,25,16
17783,Itsgossiplol,twisting-nether,1315,paladin,holy,151,76,75
17784,Neyd,hyjal,1314,paladin,holy,60,21,39
17785,Arkkipiispa,outland,1312,paladin,holy,54,28,26
17786,Gucix,sylvanas,1312,paladin,holy,54,20,34
17787,Necrozi,stormscale,1311,paladin,holy,60,35,25
17788,Agadin,ysondre,1310,paladin,holy,35,19,16
17789,Bigfailure,blackmoore,1309,paladin,holy,65,21,44
17790,Bagull,zuljin,1308,paladin,holy,94,45,49
17791,Daizen,blackrock,1306,paladin,holy,67,45,22
17792,Skengdaddy,ragnaros,1306,paladin,holy,84,39,45
17793,Рэймета,soulflayer,1306,paladin,holy,42,16,26
17794,Wrathlol,ravencrest,1300,paladin,holy,183,90,93
17795,Bovinequeef,twisting-nether,1298,paladin,holy,42,21,21
17796,Vuup,silvermoon,1295,paladin,holy,44,25,19
17797,Matagladis,dun-modr,1294,paladin,holy,84,42,42
17798,Kerven,doomhammer,1293,paladin,holy,54,22,32
17799,Polydeukis,stormscale,1288,paladin,holy,78,29,49
17800,Badckes,sylvanas,1287,paladin,holy,74,30,44
17801,Keltinne,ysondre,1286,paladin,holy,24,15,9
17802,Подлыйдим,fordragon,1286,paladin,holy,66,24,42
17803,Strudell,terrordar,1284,paladin,holy,54,29,25
17804,Алекхей,gordunni,1282,paladin,holy,66,28,38
17805,Нинтендо,grom,1282,paladin,holy,84,35,49
17806,Ugolf,kazzak,1280,paladin,holy,42,22,20
17807,Paellysuir,blackmoore,1280,paladin,holy,38,19,19
17808,Ggiwastheret,kazzak,1277,paladin,holy,23,14,9
17809,Ниссида,blackscar,1274,paladin,holy,58,28,30
17810,Albertina,silvermoon,1271,paladin,holy,38,19,19
17811,Toradin,thunderhorn,1268,paladin,holy,49,22,27
17812,Делатор,gordunni,1267,paladin,holy,48,22,26
17813,Trisunonvaki,khazgoroth,1266,paladin,holy,144,78,66
17814,Tyktyk,draenor,1264,paladin,holy,30,17,13
17815,Regis,dragonblight,1264,paladin,holy,61,34,27
17816,Ztiina,tarren-mill,1263,paladin,holy,42,16,26
17817,Tíep,blackmoore,1262,paladin,holy,71,36,35
17818,Pajtash,doomhammer,1261,paladin,holy,59,29,30
17819,Amolan,drakthul,1259,paladin,holy,39,24,15
17820,Bloodsoldier,twisting-nether,1258,paladin,holy,88,45,43
17821,Kaitlyne,tarren-mill,1254,paladin,holy,97,49,48
17822,Slezz,tarren-mill,1252,paladin,holy,156,74,82
17823,Анбели,gordunni,1252,paladin,holy,60,24,36
17824,Hîfi,blackmoore,1251,paladin,holy,136,73,63
17825,Ginbeam,aegwynn,1251,paladin,holy,100,48,52
17826,Hogma,hyjal,1250,paladin,holy,36,14,22
17827,Luraa,drakthul,1249,paladin,holy,42,21,21
17828,Opopoï,dalaran,1247,paladin,holy,24,15,9
17829,Tibælius,ravencrest,1245,paladin,holy,24,13,11
17830,Uzuriel,chogall,1245,paladin,holy,298,134,164
17831,Schrikii,archimonde,1245,paladin,holy,54,22,32
17832,Papasito,tarren-mill,1245,paladin,holy,42,13,29
17833,Valkhana,draenor,1244,paladin,holy,58,29,29
17834,Stratarxis,kazzak,1243,paladin,holy,24,13,11
17835,Tommoffwarrs,archimonde,1241,paladin,holy,53,24,29
17836,Hawki,blackmoore,1240,paladin,holy,18,13,5
17837,Demonskiller,alakir,1240,paladin,holy,83,44,39
17838,Kayndornek,ravencrest,1240,paladin,holy,54,25,29
17839,Зондарк,booty-bay,1239,paladin,holy,65,23,42
17840,Neithi,twisting-nether,1238,paladin,holy,42,20,22
17841,Pupsihasi,kelthuzad,1237,paladin,holy,29,16,13
17842,Skailzpal,hyjal,1236,paladin,holy,36,21,15
17843,Pablok,minahonda,1236,paladin,holy,42,13,29
17844,Serim,dun-modr,1235,paladin,holy,102,51,51
17845,Nerdpallyx,tarren-mill,1234,paladin,holy,30,13,17
17846,Jaezlin,tarren-mill,1232,paladin,holy,130,70,60
17847,Reeley,drakthul,1231,paladin,holy,30,15,15
17848,Reudi,argent-dawn,1230,paladin,holy,54,28,26
17849,Farata,ravencrest,1230,paladin,holy,160,78,82
17850,Aelly,hyjal,1227,paladin,holy,58,30,28
17851,Elians,outland,1225,paladin,holy,30,13,17
17852,Taligon,arathor,1224,paladin,holy,24,13,11
17853,Emilíá,kazzak,1223,paladin,holy,24,13,11
17854,Alastrr,hyjal,1219,paladin,holy,67,40,27
17855,Darkironpala,argent-dawn,1219,paladin,holy,47,26,21
17856,Ritiv,stormreaver,1219,paladin,holy,72,30,42
17857,Fleny,thrall,1215,paladin,holy,24,13,11
17858,Paladins,archimonde,1214,paladin,holy,38,20,18
17859,Weserwehr,laughing-skull,1214,paladin,holy,54,27,27
17860,Lightmamba,draenor,1214,paladin,holy,48,16,32
17861,Cmelacek,wildhammer,1212,paladin,holy,30,18,12
17862,Ромерл,gordunni,1210,paladin,holy,223,103,120
17863,Babybeater,outland,1210,paladin,holy,65,30,35
17864,Stuzzyy,ravencrest,1209,paladin,holy,36,16,20
17865,Kapikøoqt,suramar,1206,paladin,holy,128,66,62
17866,Rébél,argent-dawn,1206,paladin,holy,42,17,25
17867,Xastur,rexxar,1201,paladin,holy,33,17,16
17868,Lianndrin,blackhand,1201,paladin,holy,40,16,24
17869,Demecir,twisting-nether,1198,paladin,holy,186,87,99
17870,Holymax,gorgonnash,1188,paladin,holy,45,25,20
17871,Boric,bloodhoof,1184,paladin,holy,29,16,13
17872,Crispydixx,draenor,1183,paladin,holy,59,29,30
17873,Keryann,argent-dawn,1183,paladin,holy,108,53,55
17874,Baubble,silvermoon,1181,paladin,holy,24,14,10
17875,Сашокс,gordunni,1180,paladin,holy,42,17,25
17876,Lightmachine,kirin-tor,1179,paladin,holy,42,28,14
17877,Ninko,sylvanas,1178,paladin,holy,24,13,11
17878,Rivanii,kazzak,1175,paladin,holy,114,54,60
17879,Shiidori,aegwynn,1175,paladin,holy,57,23,34
17880,Kiyam,kelthuzad,1174,paladin,holy,18,13,5
17881,Skolisse,kazzak,1174,paladin,holy,87,44,43
17882,Rhulana,blackrock,1171,paladin,holy,62,38,24
17883,Dawnforged,stormscale,1170,paladin,holy,78,34,44
17884,Manole,ravencrest,1168,paladin,holy,35,17,18
17885,Первыйпал,blackscar,1166,paladin,holy,71,40,31
17886,Pokébowl,outland,1166,paladin,holy,30,14,16
17887,Puiçanpal,archimonde,1163,paladin,holy,30,15,15
17888,Elohim,echsenkessel,1163,paladin,holy,154,71,83
17889,Mjabubble,stormscale,1158,paladin,holy,78,44,34
17890,Paidi,die-todeskrallen,1155,paladin,holy,30,15,15
17891,Taraniah,argent-dawn,1154,paladin,holy,71,36,35
17892,Kaki,gorgonnash,1151,paladin,holy,18,12,6
17893,Wedervärdig,twilights-hammer,1151,paladin,holy,54,23,31
17894,Lrnz,tarren-mill,1151,paladin,holy,30,12,18
17895,Алексендлерх,soulflayer,1149,paladin,holy,18,12,6
17896,Elsewhere,archimonde,1146,paladin,holy,30,12,18
17897,Rookbeef,eredar,1145,paladin,holy,18,12,6
17898,Quezkal,dun-modr,1144,paladin,holy,39,18,21
17899,Faildin,arathor,1144,paladin,holy,84,37,47
17900,Leon,veknilash,1144,paladin,holy,93,39,54
17901,Коварное,borean-tundra,1141,paladin,holy,24,12,12
17902,Trolladincho,twisting-nether,1141,paladin,holy,54,25,29
17903,Gromezrael,elune,1141,paladin,holy,42,19,23
17904,Truthbearer,darksorrow,1141,paladin,holy,72,32,40
17905,Thickets,argent-dawn,1140,paladin,holy,38,18,20
17906,Strykar,aggra-português,1139,paladin,holy,48,23,25
17907,Konane,drekthar,1139,paladin,holy,31,12,19
17908,Minouminou,archimonde,1136,paladin,holy,24,13,11
17909,Lezoom,draenor,1136,paladin,holy,79,40,39
17910,Flowerbud,tarren-mill,1135,paladin,holy,24,12,12
17911,Cadila,silvermoon,1134,paladin,holy,54,25,29
17912,Kambood,twisting-nether,1134,paladin,holy,141,60,81
17913,Jasiv,draenor,1132,paladin,holy,36,14,22
17914,Palix,dalaran,1132,paladin,holy,36,12,24
17915,Darvius,auchindoun,1129,paladin,holy,69,34,35
17916,Trístesse,tarren-mill,1129,paladin,holy,106,52,54
17917,Satipal,sargeras,1127,paladin,holy,98,38,60
17918,Fleshoflight,arathor,1127,paladin,holy,72,26,46
17919,Sweestance,minahonda,1125,paladin,holy,41,13,28
17920,Zebramann,silvermoon,1121,paladin,holy,48,20,28
17921,Striike,drakthul,1117,paladin,holy,29,12,17
17922,Guidone,sylvanas,1116,paladin,holy,30,13,17
17923,Kanina,outland,1114,paladin,holy,58,23,35
17924,Feldrøider,nemesis,1109,paladin,holy,24,15,9
17925,Tscheba,kazzak,1109,paladin,holy,82,42,40
17926,Holyppower,frostmane,1109,paladin,holy,29,12,17
17927,Dunka,twisting-nether,1107,paladin,holy,118,60,58
17928,Unithral,durotan,1107,paladin,holy,24,12,12
17929,Zerfleddern,aegwynn,1104,paladin,holy,107,51,56
17930,Xaérulus,draenor,1101,paladin,holy,23,12,11
17931,Джонигодх,gordunni,1100,paladin,holy,21,12,9
17932,Minui,onyxia,1100,paladin,holy,30,12,18
17933,Bàldur,dalaran,1099,paladin,holy,36,20,16
17934,Xray,ahnqiraj,1099,paladin,holy,23,12,11
17935,Catali,sanguino,1099,paladin,holy,112,54,58
17936,Deathsfate,defias-brotherhood,1095,paladin,holy,21,12,9
17937,Кукусяшка,gordunni,1094,paladin,holy,32,12,20
17938,Ampoula,ravencrest,1088,paladin,holy,28,12,16
17939,Nosn,ravencrest,1087,paladin,holy,66,34,32
17940,Johnaggro,outland,1087,paladin,holy,34,15,19
17941,Dabstar,antonidas,1086,paladin,holy,88,41,47
17942,Rejst,drakthul,1085,paladin,holy,35,12,23
17943,Ларенси,gordunni,1084,paladin,holy,35,15,20
17944,Echooes,ravencrest,1084,paladin,holy,201,83,118
17945,Кейлол,soulflayer,1083,paladin,holy,27,12,15
17946,Ragua,tarren-mill,1082,paladin,holy,66,23,43
17947,Ashmaden,tarren-mill,1077,paladin,holy,87,49,38
17948,Ðuïvel,grim-batol,1076,paladin,holy,28,12,16
17949,Kaleto,ragnaros,1068,paladin,holy,42,24,18
17950,Vintar,quelthalas,1058,paladin,holy,57,31,26
17951,Casmira,blackrock,1055,paladin,holy,18,11,7
17952,Palanolmal,dun-modr,1055,paladin,holy,45,22,23
17953,Дарксайгн,gordunni,1054,paladin,holy,36,11,25
17954,Swâpxy,proudmoore,1053,paladin,holy,18,11,7
17955,Heyley,twisting-nether,1053,paladin,holy,18,11,7
17956,Ирестли,azuregos,1053,paladin,holy,18,11,7
17957,Çrúsader,frostmane,1053,paladin,holy,24,14,10
17958,Kaktuszfüge,ragnaros,1052,paladin,holy,58,35,23
17959,Spinne,tarren-mill,1052,paladin,holy,24,11,13
17960,Elvandara,blackmoore,1052,paladin,holy,30,11,19
17961,Дезоиль,gordunni,1052,paladin,holy,30,11,19
17962,Astarox,kazzak,1052,paladin,holy,42,11,31
17963,Whatisapalla,ragnaros,1051,paladin,holy,30,11,19
17964,Mozzie,archimonde,1048,paladin,holy,100,41,59
17965,Rdypaladin,ravencrest,1047,paladin,holy,24,11,13
17966,Rekolon,garrosh,1047,paladin,holy,42,16,26
17967,Cmen,silvermoon,1043,paladin,holy,109,54,55
17968,Фломастер,gordunni,1043,paladin,holy,54,23,31
17969,Grimbold,hellfire,1042,paladin,holy,18,11,7
17970,Karnwield,kirin-tor,1039,paladin,holy,34,16,18
17971,Kuhs,eredar,1038,paladin,holy,59,23,36
17972,Flashyplays,silvermoon,1037,paladin,holy,30,21,9
17973,Sheldon,sylvanas,1034,paladin,holy,35,14,21
17974,Billkop,silvermoon,1030,paladin,holy,43,20,23
17975,Høpé,malganis,1028,paladin,holy,68,32,36
17976,Випанк,howling-fjord,1026,paladin,holy,76,24,52
17977,Mjølnîr,eredar,1025,paladin,holy,36,12,24
17978,Drohim,aegwynn,1022,paladin,holy,22,11,11
17979,Jessìca,ravenholdt,1019,paladin,holy,48,23,25
17980,Darhuun,antonidas,1012,paladin,holy,60,23,37
17981,Mowik,archimonde,1011,paladin,holy,54,22,32
17982,Palir,ysondre,1010,paladin,holy,24,11,13
17983,Golldy,burning-legion,1008,paladin,holy,21,12,9
17984,Paliester,stormscale,1007,paladin,holy,18,12,6
17985,Ланиакеа,deathguard,1007,paladin,holy,24,12,12
17986,Arand,blackrock,999,paladin,holy,15,11,4
17987,Флаила,ashenvale,999,paladin,holy,36,18,18
17988,Satip,archimonde,993,paladin,holy,36,22,14
17989,Паландис,howling-fjord,990,paladin,holy,24,11,13
17990,Poundcake,stormscale,990,paladin,holy,68,30,38
17991,Buddy,conseil-des-ombres,988,paladin,holy,50,24,26
17992,Marik,argent-dawn,987,paladin,holy,17,11,6
17993,Ryuzu,khazgoroth,985,paladin,holy,41,20,21
17994,Legenda,grim-batol,979,paladin,holy,30,14,16
17995,Cerseï,frostmane,979,paladin,holy,41,13,28
17996,Purificatoru,draenor,973,paladin,holy,48,21,27
17997,Psycholas,ysondre,969,paladin,holy,23,11,12
17998,Tömmÿ,draenor,966,paladin,holy,42,20,22
17999,Øsirix,archimonde,966,paladin,holy,66,26,40
18000,Ударник,soulflayer,964,paladin,holy,54,30,24
18001,Rafox,malygos,964,paladin,holy,42,17,25
18002,Byoß,ravencrest,960,paladin,holy,18,10,8
18003,Majör,ysondre,959,paladin,holy,30,10,20
18004,Lofotof,silvermoon,958,paladin,holy,12,10,2
18005,Sorfalik,silvermoon,958,paladin,holy,18,10,8
18006,Herayo,aegwynn,958,paladin,holy,24,10,14
18007,Kapsloch,twisting-nether,958,paladin,holy,36,10,26
18008,Whórainzóne,eredar,958,paladin,holy,36,10,26
18009,Demytxx,silvermoon,957,paladin,holy,30,10,20
18010,Crashband,bronzebeard,956,paladin,holy,18,10,8
18011,Shockhoe,tarren-mill,955,paladin,holy,24,10,14
18012,Crusadelight,alakir,953,paladin,holy,80,35,45
18013,Roshï,tarren-mill,953,paladin,holy,30,10,20
18014,Perpon,exodar,950,paladin,holy,33,14,19
18015,Bcrp,ragnaros,950,paladin,holy,30,10,20
18016,Skwáru,burning-legion,949,paladin,holy,24,10,14
18017,Datz,nerathor,943,paladin,holy,24,10,14
18018,Paliat,silvermoon,943,paladin,holy,25,10,15
18019,Мэйр,howling-fjord,941,paladin,holy,24,10,14
18020,Groove,colinas-pardas,941,paladin,holy,34,11,23
18021,Messîah,outland,939,paladin,holy,43,19,24
18022,Clerik,eredar,934,paladin,holy,64,30,34
18023,Paladons,darksorrow,933,paladin,holy,41,22,19
18024,Menagron,tarren-mill,932,paladin,holy,31,14,17
18025,Yasmira,frostmourne,930,paladin,holy,30,16,14
18026,Ridethelight,nemesis,922,paladin,holy,30,15,15
18027,Santtox,dun-modr,919,paladin,holy,34,11,23
18028,Миллагрессия,soulflayer,917,paladin,holy,107,46,61
18029,Imaturtle,darksorrow,915,paladin,holy,41,10,31
18030,Reeceboss,ravencrest,906,paladin,holy,29,12,17
18031,Cøllinz,ragnaros,904,paladin,holy,21,10,11
18032,Öbedö,malganis,902,paladin,holy,27,10,17
18033,Veléxis,outland,900,paladin,holy,19,11,8
18034,Nykothpn,ghostlands,899,paladin,holy,54,18,36
18035,Кузнейц,borean-tundra,890,paladin,holy,30,10,20
18036,Selenaluna,turalyon,888,paladin,holy,30,10,20
18037,Яполковник,gordunni,887,paladin,holy,53,30,23
18038,Theisixtus,drakthul,883,paladin,holy,23,12,11
18039,Silvers,steamwheedle-cartel,880,paladin,holy,76,22,54
18040,Kaputs,twisting-nether,864,paladin,holy,12,9,3
18041,Nstea,zuljin,864,paladin,holy,12,9,3
18042,Рустиктоп,gordunni,864,paladin,holy,18,9,9
18043,Hairybabe,outland,862,paladin,holy,12,9,3
18044,Ashbrìnger,aegwynn,861,paladin,holy,18,9,9
18045,Niou,alleria,861,paladin,holy,24,9,15
18046,Ванябублгам,soulflayer,861,paladin,holy,24,9,15
18047,Mohamedx,tarren-mill,861,paladin,holy,24,9,15
18048,Calipse,outland,860,paladin,holy,24,9,15
18049,Smirk,aggra-português,857,paladin,holy,12,9,3
18050,Elganwar,hyjal,856,paladin,holy,18,9,9
18051,Ауё,blackscar,855,paladin,holy,18,9,9
18052,Kocovic,tarren-mill,855,paladin,holy,24,9,15
18053,Burkaal,antonidas,852,paladin,holy,24,9,15
18054,Qyrija,malganis,845,paladin,holy,18,9,9
18055,Vanghelie,doomhammer,843,paladin,holy,24,11,13
18056,Fract,aggramar,838,paladin,holy,18,9,9
18057,Bjammin,burning-legion,832,paladin,holy,36,11,25
18058,Veelris,kazzak,825,paladin,holy,72,33,39
18059,Odensson,sylvanas,823,paladin,holy,30,9,21
18060,Chantal,gilneas,818,paladin,holy,36,15,21
18061,Salubrifie,archimonde,817,paladin,holy,18,9,9
18062,Palolog,burning-legion,817,paladin,holy,43,9,34
18063,Thaifo,silvermoon,814,paladin,holy,15,10,5
18064,Syrenia,die-silberne-hand,814,paladin,holy,40,9,31
18065,Lapew,eredar,813,paladin,holy,15,10,5
18066,Eastranspal,ravencrest,810,paladin,holy,30,10,20
18067,Lèonarth,pozzo-delleternità,794,paladin,holy,22,10,12
18068,Pölark,archimonde,790,paladin,holy,41,14,27
18069,Zendæ,archimonde,768,paladin,holy,12,8,4
18070,Meldi,dalaran,768,paladin,holy,12,8,4
18071,Gayestpala,ravencrest,768,paladin,holy,18,8,10
18072,Derpe,hellscream,768,paladin,holy,18,8,10
18073,Crucifiction,balnazzar,768,paladin,holy,24,8,16
18074,Darkoulipal,ravencrest,767,paladin,holy,12,8,4
18075,Böllerbarbie,silvermoon,767,paladin,holy,12,8,4
18076,Demytx,burning-legion,767,paladin,holy,16,9,7
18077,Micrøsi,thrall,767,paladin,holy,18,8,10
18078,Dogmatic,blackmoore,767,paladin,holy,18,8,10
18079,Qpax,twisting-nether,767,paladin,holy,18,8,10
18080,Dunutunicorn,argent-dawn,766,paladin,holy,12,8,4
18081,Tytharion,silvermoon,766,paladin,holy,18,8,10
18082,Bezvakost,thunderhorn,766,paladin,holy,18,8,10
18083,Rookzter,sylvanas,765,paladin,holy,12,8,4
18084,Coopz,defias-brotherhood,765,paladin,holy,18,8,10
18085,Bighammerx,ravencrest,765,paladin,holy,18,8,10
18086,Анофарин,gordunni,765,paladin,holy,18,8,10
18087,Спэнсэр,gordunni,764,paladin,holy,12,8,4
18088,Verianer,shadowsong,760,paladin,holy,12,8,4
18089,Ikbenmani,tarren-mill,760,paladin,holy,18,8,10
18090,Galadørn,elune,760,paladin,holy,24,8,16
18091,Эвердрим,soulflayer,756,paladin,holy,30,12,18
18092,Anemonaa,argent-dawn,722,paladin,holy,18,8,10
18093,Hëüss,suramar,718,paladin,holy,17,8,9
18094,Áfx,blackmoore,714,paladin,holy,38,14,24
18095,Churrucuca,minahonda,713,paladin,holy,15,9,6
18096,Gegge,kazzak,701,paladin,holy,32,8,24
18097,Debts,aggramar,700,paladin,holy,28,8,20
18098,Haros,xavius,686,paladin,holy,13,8,5
18099,Вертуосгодх,soulflayer,683,paladin,holy,19,8,11
18100,Kárlsberg,aegwynn,683,paladin,holy,32,13,19
18101,Shamoo,archimonde,672,paladin,holy,12,7,5
18102,Gtgpiscine,kirin-tor,672,paladin,holy,12,7,5
18103,Нетораре,howling-fjord,672,paladin,holy,18,7,11
18104,Istani,twisting-nether,672,paladin,holy,18,7,11
18105,Брилз,soulflayer,672,paladin,holy,18,7,11
18106,Shaevira,ravencrest,672,paladin,holy,18,7,11
18107,Djalex,kazzak,672,paladin,holy,18,7,11
18108,Faíren,blackrock,672,paladin,holy,18,7,11
18109,Вивай,howling-fjord,672,paladin,holy,18,7,11
18110,Tiffanyqt,frostwolf,671,paladin,holy,12,7,5
18111,Daddysiliam,ravencrest,671,paladin,holy,12,7,5
18112,Tepowze,twisting-nether,671,paladin,holy,12,7,5
18113,Ämkaz,archimonde,671,paladin,holy,18,7,11
18114,Toohotty,archimonde,671,paladin,holy,18,7,11
18115,Skatiaringos,silvermoon,671,paladin,holy,18,7,11
18116,Dimetrix,stormscale,671,paladin,holy,18,7,11
18117,Eline,zenedar,671,paladin,holy,24,7,17
18118,Hølymaid,blackmoore,670,paladin,holy,12,7,5
18119,Lènnja,baelgun,670,paladin,holy,18,7,11
18120,Skarn,pozzo-delleternità,670,paladin,holy,18,7,11
18121,Pârabellum,the-maelstrom,670,paladin,holy,18,7,11
18122,Iauna,tarren-mill,670,paladin,holy,24,7,17
18123,Seinz,talnivarr,668,paladin,holy,18,7,11
18124,Maxôr,norgannon,668,paladin,holy,18,7,11
18125,Rubadubskrub,silvermoon,668,paladin,holy,18,7,11
18126,Макспал,lich-king,667,paladin,holy,12,7,5
18127,Edwín,tichondrius,667,paladin,holy,12,7,5
18128,Luminix,ragnaros,667,paladin,holy,12,7,5
18129,Tärkan,chogall,667,paladin,holy,18,7,11
18130,Warkyria,sanguino,665,paladin,holy,19,8,11
18131,Leadfoot,argent-dawn,665,paladin,holy,24,7,17
18132,Juicemachine,silvermoon,663,paladin,holy,12,7,5
18133,Nicewar,silvermoon,663,paladin,holy,18,7,11
18134,Langibo,malfurion,658,paladin,holy,12,7,5
18135,Ázot,burning-legion,656,paladin,holy,24,7,17
18136,Rezilience,archimonde,639,paladin,holy,10,7,3
18137,Moeixu,kazzak,624,paladin,holy,15,7,8
18138,Торсгард,howling-fjord,622,paladin,holy,15,8,7
18139,Meive,sanguino,622,paladin,holy,17,7,10
18140,Fluentx,ravencrest,618,paladin,holy,22,8,14
18141,Ubiquitous,kazzak,606,paladin,holy,17,7,10
18142,Bapêe,thrall,576,paladin,holy,12,6,6
18143,Kiingen,ragnaros,576,paladin,holy,12,6,6
18144,Verlinya,archimonde,576,paladin,holy,12,6,6
18145,Holyfuchsia,ravencrest,576,paladin,holy,12,6,6
18146,Mamporro,dun-modr,576,paladin,holy,12,6,6
18147,Nádrüstál,kazzak,576,paladin,holy,12,6,6
18148,Irefutabila,stormscale,576,paladin,holy,12,6,6
18149,Roqu,nathrezim,576,paladin,holy,12,6,6
18150,Ben,ghostlands,576,paladin,holy,12,6,6
18151,Jinyssa,silvermoon,576,paladin,holy,12,6,6
18152,Cerinae,tarren-mill,576,paladin,holy,15,6,9
18153,Westranspal,ravencrest,576,paladin,holy,18,6,12
18154,Язвавгорле,soulflayer,576,paladin,holy,18,6,12
18155,Rezvaya,tarren-mill,576,paladin,holy,18,6,12
18156,Мускатер,gordunni,576,paladin,holy,18,6,12
18157,Демига,ashenvale,576,paladin,holy,18,6,12
18158,Elfaza,uldum,576,paladin,holy,24,6,18
18159,Amôn,outland,576,paladin,holy,28,6,22
18160,Kraajp,stormscale,575,paladin,holy,12,6,6
18161,Malodos,archimonde,575,paladin,holy,12,6,6
18162,Scholzpala,twisting-nether,575,paladin,holy,12,6,6
18163,Dragonwingz,kazzak,575,paladin,holy,12,6,6
18164,Pallnatoke,silvermoon,575,paladin,holy,18,6,12
18165,Холиэвил,gordunni,575,paladin,holy,18,6,12
18166,Pussas,burning-legion,575,paladin,holy,18,6,12
18167,Lichbörnè,outland,575,paladin,holy,18,6,12
18168,Masuroc,antonidas,574,paladin,holy,12,6,6
18169,Palaadschin,festung-der-stürme,574,paladin,holy,12,6,6
18170,Holyherb,the-maelstrom,574,paladin,holy,12,6,6
18171,Elsirosel,dun-modr,574,paladin,holy,12,6,6
18172,Jeyløl,antonidas,574,paladin,holy,12,6,6
18173,Slistrash,outland,574,paladin,holy,12,6,6
18174,Aéther,quelthalas,574,paladin,holy,15,7,8
18175,Darthdin,stormscale,572,paladin,holy,12,6,6
18176,Rosemary,mugthol,570,paladin,holy,12,6,6
18177,Кизарыч,galakrond,528,paladin,holy,27,6,21
18178,Nam,culte-de-la-rive-noire,527,paladin,holy,11,6,5
18179,Heavel,thrall,527,paladin,holy,17,6,11
18180,Holÿbeard,ravencrest,495,paladin,holy,19,6,13
18181,Аидахо,gordunni,489,paladin,holy,27,9,18
18182,Æffy,nemesis,480,paladin,holy,6,5,1
18183,Висперок,soulflayer,480,paladin,holy,6,5,1
18184,Tejbzx,blackmoore,480,paladin,holy,6,5,1
18185,Teksor,frostmourne,480,paladin,holy,6,5,1
18186,Ðelusion,sanguino,480,paladin,holy,6,5,1
18187,Cunix,draenor,480,paladin,holy,6,5,1
18188,Аффикстинка,soulflayer,480,paladin,holy,12,5,7
18189,Dimdon,silvermoon,480,paladin,holy,12,5,7
18190,Chodegobbler,draenor,480,paladin,holy,12,5,7
18191,Padrak,eredar,480,paladin,holy,12,5,7
18192,Alennya,dalaran,480,paladin,holy,12,5,7
18193,Zunis,jaedenar,480,paladin,holy,12,5,7
18194,Санэрдин,soulflayer,480,paladin,holy,12,5,7
18195,Holydeals,silvermoon,480,paladin,holy,12,5,7
18196,Лайхтни,gordunni,480,paladin,holy,12,5,7
18197,Morthiel,burning-blade,480,paladin,holy,12,5,7
18198,Bossedin,aszune,480,paladin,holy,12,5,7
18199,Fluv,ravencrest,480,paladin,holy,12,5,7
18200,Docoùla,twisting-nether,480,paladin,holy,12,5,7
18201,Snoogléface,grim-batol,480,paladin,holy,14,5,9
18202,Holydhanas,outland,480,paladin,holy,18,5,13
18203,Гола,gordunni,480,paladin,holy,18,5,13
18204,Zymotíx,stormscale,480,paladin,holy,18,5,13
18205,Omgimapala,kazzak,480,paladin,holy,20,5,15
18206,Heldarim,ysondre,480,paladin,holy,30,5,25
18207,Tarhal,guldan,479,paladin,holy,6,5,1
18208,Paluladin,turalyon,479,paladin,holy,12,5,7
18209,Малимон,soulflayer,479,paladin,holy,12,5,7
18210,Sixtynien,outland,479,paladin,holy,12,5,7
18211,Gavril,bloodfeather,479,paladin,holy,12,5,7
18212,Trastos,wildhammer,479,paladin,holy,12,5,7
18213,Brøadway,eredar,479,paladin,holy,12,5,7
18214,Руслаанеш,soulflayer,479,paladin,holy,12,5,7
18215,Stinkytoes,draenor,479,paladin,holy,12,5,7
18216,Liadry,sylvanas,479,paladin,holy,12,5,7
18217,Dreamwatcher,outland,479,paladin,holy,12,5,7
18218,Лазуриса,deathguard,479,paladin,holy,12,5,7
18219,Sultaani,ravencrest,479,paladin,holy,18,5,13
18220,Bellamy,vashj,479,paladin,holy,18,5,13
18221,Brölin,sanguino,479,paladin,holy,18,5,13
18222,Vulgati,kazzak,479,paladin,holy,18,5,13
18223,Пегая,soulflayer,478,paladin,holy,6,5,1
18224,Radhya,sargeras,478,paladin,holy,12,5,7
18225,Bubblegum,dentarg,478,paladin,holy,18,5,13
18226,Kaedena,kaelthas,476,paladin,holy,12,5,7
18227,Styflor,dalaran,476,paladin,holy,18,5,13
18228,Jargot,antonidas,472,paladin,holy,12,5,7
18229,Лералучшая,gordunni,464,paladin,holy,19,7,12
18230,Святстраж,gordunni,447,paladin,holy,20,6,14
18231,Árcangel,minahonda,447,paladin,holy,17,5,12
18232,Memewings,tarren-mill,426,paladin,holy,17,7,10
18233,Тейдехан,gordunni,426,paladin,holy,21,6,15
18234,Ralo,shattrath,415,paladin,holy,16,5,11
18235,Yimnotprot,ravencrest,384,paladin,holy,6,4,2
18236,Djalexx,kazzak,384,paladin,holy,6,4,2
18237,Listina,twisting-nether,384,paladin,holy,6,4,2
18238,Chewwaka,bloodhoof,384,paladin,holy,6,4,2
18239,Rikiji,ravencrest,384,paladin,holy,6,4,2
18240,Wiffy,ravencrest,384,paladin,holy,6,4,2
18241,Bloednicht,dentarg,384,paladin,holy,6,4,2
18242,Jokkepaappa,darksorrow,384,paladin,holy,6,4,2
18243,Idontknow,nemesis,384,paladin,holy,6,4,2
18244,Dragg,kirin-tor,384,paladin,holy,6,4,2
18245,Elp,ysondre,384,paladin,holy,6,4,2
18246,Ellisdee,kazzak,384,paladin,holy,6,4,2
18247,Sebatrøz,ravencrest,384,paladin,holy,12,4,8
18248,Divinemove,stormscale,384,paladin,holy,12,4,8
18249,Shívah,auchindoun,384,paladin,holy,12,4,8
18250,Freý,ravencrest,384,paladin,holy,12,4,8
18251,Askmy,stormscale,384,paladin,holy,12,4,8
18252,Cahirs,ravencrest,384,paladin,holy,12,4,8
18253,Tyrø,ravencrest,384,paladin,holy,12,4,8
18254,Hammarfall,ravencrest,384,paladin,holy,12,4,8
18255,Fedaikin,stormscale,384,paladin,holy,12,4,8
18256,Небулариум,howling-fjord,384,paladin,holy,12,4,8
18257,Imitrex,hyjal,384,paladin,holy,12,4,8
18258,Vânwêêd,thrall,384,paladin,holy,12,4,8
18259,Psikatchuu,hyjal,384,paladin,holy,12,4,8
18260,Pâmê,kazzak,384,paladin,holy,12,4,8
18261,Visersion,tarren-mill,384,paladin,holy,12,4,8
18262,Akazâ,ysondre,384,paladin,holy,12,4,8
18263,Chopocrisp,dun-modr,384,paladin,holy,12,4,8
18264,Дэнриэль,howling-fjord,384,paladin,holy,12,4,8
18265,Талрэн,howling-fjord,384,paladin,holy,18,4,14
18266,Djaléxx,kazzak,384,paladin,holy,18,4,14
18267,Gloonî,blackmoore,384,paladin,holy,18,4,14
18268,Лортремар,howling-fjord,384,paladin,holy,18,4,14
18269,Gardaken,draenor,384,paladin,holy,18,4,14
18270,Гниленький,razuvious,384,paladin,holy,24,4,20
18271,Tôra,hyjal,383,paladin,holy,6,4,2
18272,Milesteris,medivh,383,paladin,holy,6,4,2
18273,Caumon,los-errantes,383,paladin,holy,12,4,8
18274,Кэлви,blackscar,383,paladin,holy,12,4,8
18275,Thorhum,moonglade,383,paladin,holy,12,4,8
18276,Aggressìon,twisting-nether,383,paladin,holy,12,4,8
18277,Anfe,silvermoon,383,paladin,holy,12,4,8
18278,Superpaladin,draenor,383,paladin,holy,18,4,14
18279,Scissors,dun-morogh,383,paladin,holy,18,4,14
18280,Palafrugell,sanguino,382,paladin,holy,6,4,2
18281,Zetla,khaz-modan,382,paladin,holy,12,4,8
18282,Avengilo,silvermoon,382,paladin,holy,12,4,8
18283,Овахус,soulflayer,382,paladin,holy,12,4,8
18284,Nêkro,dun-modr,382,paladin,holy,18,4,14
18285,Àkí,blackmoore,380,paladin,holy,18,4,14
18286,Konpala,blackmoore,367,paladin,holy,11,4,7
18287,Justyowx,archimonde,352,paladin,holy,16,5,11
18288,Yezel,dalaran,335,paladin,holy,11,4,7
18289,Pepegasensei,ravencrest,330,paladin,holy,7,5,2
18290,Zeret,twisting-nether,329,paladin,holy,16,6,10
18291,Ysnee,sanguino,320,paladin,holy,16,4,12
18292,Lògàn,pozzo-delleternità,288,paladin,holy,6,3,3
18293,Mearsheimer,ysondre,288,paladin,holy,6,3,3
18294,Kherathan,argent-dawn,288,paladin,holy,6,3,3
18295,Imapala,tarren-mill,288,paladin,holy,6,3,3
18296,Penthxoxo,outland,288,paladin,holy,6,3,3
18297,Tyn,dragonmaw,288,paladin,holy,6,3,3
18298,Preamx,blackrock,288,paladin,holy,6,3,3
18299,Solumon,gorgonnash,288,paladin,holy,6,3,3
18300,Vôltuxx,outland,288,paladin,holy,6,3,3
18301,Delicztwo,der-rat-von-dalaran,288,paladin,holy,6,3,3
18302,Jogging,thrall,288,paladin,holy,6,3,3
18303,Unhittable,draenor,288,paladin,holy,6,3,3
18304,Гиркин,ashenvale,288,paladin,holy,6,3,3
18305,Lofé,drakthul,288,paladin,holy,6,3,3
18306,Tacodin,blackrock,288,paladin,holy,6,3,3
18307,Kiwia,burning-legion,288,paladin,holy,6,3,3
18308,Bandrogina,shattered-hand,288,paladin,holy,6,3,3
18309,Zunis,ravencrest,288,paladin,holy,6,3,3
18310,Zondãn,blackrock,288,paladin,holy,6,3,3
18311,Grafes,sanguino,288,paladin,holy,6,3,3
18312,Sínístèr,kazzak,288,paladin,holy,6,3,3
18313,Бладиполи,soulflayer,288,paladin,holy,6,3,3
18314,Breez,die-aldor,288,paladin,holy,6,3,3
18315,Rohanan,blackrock,288,paladin,holy,6,3,3
18316,Yungboii,kazzak,288,paladin,holy,6,3,3
18317,Wäsabi,khaz-modan,288,paladin,holy,6,3,3
18318,Íva,twisting-nether,288,paladin,holy,6,3,3
18319,Волнысвета,howling-fjord,288,paladin,holy,6,3,3
18320,Holynoby,kazzak,288,paladin,holy,6,3,3
18321,Lunalovesyou,blackmoore,288,paladin,holy,6,3,3
18322,Drdeus,silvermoon,288,paladin,holy,6,3,3
18323,Гуэргос,gordunni,288,paladin,holy,12,3,9
18324,Баблейми,gordunni,288,paladin,holy,12,3,9
18325,Tyraïa,archimonde,288,paladin,holy,12,3,9
18326,Zerohour,kilrogg,288,paladin,holy,12,3,9
18327,Сакон,borean-tundra,288,paladin,holy,12,3,9
18328,Jctp,ravencrest,288,paladin,holy,12,3,9
18329,Kelmarr,blackmoore,288,paladin,holy,12,3,9
18330,Krayzier,nordrassil,288,paladin,holy,12,3,9
18331,Mythsion,blackmoore,288,paladin,holy,12,3,9
18332,Azthin,outland,288,paladin,holy,12,3,9
18333,Taxpayer,aegwynn,288,paladin,holy,12,3,9
18334,Эскейпми,howling-fjord,288,paladin,holy,12,3,9
18335,Arbuzno,draenor,288,paladin,holy,12,3,9
18336,Mirabol,hyjal,288,paladin,holy,12,3,9
18337,Hotchíck,outland,288,paladin,holy,12,3,9
18338,Telarii,die-nachtwache,288,paladin,holy,12,3,9
18339,Влажныйбоб,soulflayer,288,paladin,holy,12,3,9
18340,Linxo,argent-dawn,288,paladin,holy,12,3,9
18341,Bigdamjudge,argent-dawn,288,paladin,holy,12,3,9
18342,Monaatamis,kazzak,288,paladin,holy,12,3,9
18343,Kaelorian,silvermoon,288,paladin,holy,18,3,15
18344,Averyholycow,the-maelstrom,287,paladin,holy,6,3,3
18345,Auliæ,chogall,287,paladin,holy,6,3,3
18346,Thranduïl,tarren-mill,287,paladin,holy,12,3,9
18347,Kcore,blackrock,287,paladin,holy,12,3,9
18348,Даурия,soulflayer,287,paladin,holy,12,3,9
18349,Toxií,argent-dawn,287,paladin,holy,12,3,9
18350,Мерасфард,howling-fjord,287,paladin,holy,18,3,15
18351,Zàrílâ,dun-morogh,286,paladin,holy,6,3,3
18352,Gaskohle,blackmoore,255,paladin,holy,11,3,8
18353,Æmiø,blackmoore,239,paladin,holy,5,3,2
18354,Flamxd,blackmoore,234,paladin,holy,10,5,5
18355,Тамерланх,gordunni,234,paladin,holy,9,4,5
18356,Xila,blackrock,234,paladin,holy,9,4,5
18357,Mustardio,tarren-mill,234,paladin,holy,14,4,10
18358,Dewastør,blackmoore,234,paladin,holy,15,4,11
18359,Пауэрлайт,blackscar,234,paladin,holy,22,5,17
18360,Battalgazi,azjolnerub,233,paladin,holy,17,5,12
18361,Faranume,sylvanas,233,paladin,holy,16,4,12
18362,Axpala,ragnaros,192,paladin,holy,6,2,4
18363,Chusterb,draenor,192,paladin,holy,6,2,4
18364,Realdeal,argent-dawn,192,paladin,holy,6,2,4
18365,Benedikt,stormscale,192,paladin,holy,6,2,4
18366,Bígmachine,draenor,192,paladin,holy,6,2,4
18367,Сатангодх,gordunni,192,paladin,holy,6,2,4
18368,Pagadi,blackhand,192,paladin,holy,6,2,4
18369,Envli,ragnaros,192,paladin,holy,6,2,4
18370,Прожектор,gordunni,192,paladin,holy,6,2,4
18371,Böbble,twisting-nether,192,paladin,holy,6,2,4
18372,Dafukx,ragnaros,192,paladin,holy,6,2,4
18373,Pegason,twisting-nether,192,paladin,holy,6,2,4
18374,Shaggybeard,frostmane,192,paladin,holy,6,2,4
18375,Nirvanä,drakthul,192,paladin,holy,6,2,4
18376,Wvwwvwvwvwwv,ravencrest,192,paladin,holy,6,2,4
18377,Teflonmagìc,ravencrest,192,paladin,holy,6,2,4
18378,Pátish,terenas,192,paladin,holy,6,2,4
18379,Bàrlo,kazzak,192,paladin,holy,6,2,4
18380,Aranael,nemesis,192,paladin,holy,6,2,4
18381,Léinãd,kazzak,192,paladin,holy,6,2,4
18382,Keyla,los-errantes,192,paladin,holy,6,2,4
18383,Conker,malganis,192,paladin,holy,6,2,4
18384,Rulîx,blackmoore,192,paladin,holy,6,2,4
18385,Elrack,blackhand,192,paladin,holy,6,2,4
18386,Дюве,blackscar,192,paladin,holy,6,2,4
18387,Бэдмэн,deathguard,192,paladin,holy,6,2,4
18388,Lafrogge,culte-de-la-rive-noire,192,paladin,holy,6,2,4
18389,Паблойд,deathguard,192,paladin,holy,6,2,4
18390,Alisonquínn,defias-brotherhood,192,paladin,holy,6,2,4
18391,Edgï,confrérie-du-thorium,192,paladin,holy,6,2,4
18392,Lompe,karazhan,192,paladin,holy,6,2,4
18393,Padraic,scarshield-legion,192,paladin,holy,6,2,4
18394,Exødus,defias-brotherhood,192,paladin,holy,6,2,4
18395,Justix,arathor,192,paladin,holy,6,2,4
18396,Alphä,auchindoun,192,paladin,holy,6,2,4
18397,Poonky,dun-modr,192,paladin,holy,6,2,4
18398,Palaneuía,antonidas,192,paladin,holy,6,2,4
18399,Andokaî,blackrock,192,paladin,holy,6,2,4
18400,Lxvideoscom,blackrock,192,paladin,holy,6,2,4
18401,Ришардебюр,soulflayer,192,paladin,holy,6,2,4
18402,Astridx,kazzak,192,paladin,holy,6,2,4
18403,Durnell,sylvanas,192,paladin,holy,6,2,4
18404,Truko,frostwolf,192,paladin,holy,6,2,4
18405,Galadrion,dun-modr,192,paladin,holy,6,2,4
18406,Holycoomer,silvermoon,192,paladin,holy,6,2,4
18407,Lacertosus,nemesis,192,paladin,holy,6,2,4
18408,Tsomoo,antonidas,192,paladin,holy,6,2,4
18409,Edyk,silvermoon,192,paladin,holy,6,2,4
18410,Brutalmate,burning-blade,192,paladin,holy,8,2,6
18411,Tsukaima,uldaman,192,paladin,holy,12,2,10
18412,Холидугги,howling-fjord,192,paladin,holy,12,2,10
18413,Pichuflor,sanguino,192,paladin,holy,12,2,10
18414,Essina,argent-dawn,192,paladin,holy,12,2,10
18415,Croptol,dun-modr,192,paladin,holy,12,2,10
18416,Zeleron,darksorrow,192,paladin,holy,12,2,10
18417,Týr,forscherliga,192,paladin,holy,12,2,10
18418,Кирюшафридом,gordunni,192,paladin,holy,13,2,11
18419,Eky,stormreaver,192,paladin,holy,18,2,16
18420,Harycon,thrall,192,paladin,holy,24,2,22
18421,Zuplex,deathwing,191,paladin,holy,6,2,4
18422,Tiboeufpéi,archimonde,191,paladin,holy,6,2,4
18423,Chasie,antonidas,191,paladin,holy,12,2,10
18424,Droseros,sylvanas,175,paladin,holy,23,2,21
18425,Browario,burning-legion,159,paladin,holy,5,2,3
18426,Orogerrabbit,archimonde,144,paladin,holy,3,3,0
18427,Drylink,kazzak,138,paladin,holy,11,3,8
18428,Pïñkñætðøðÿ,tarren-mill,138,paladin,holy,14,3,11
18429,Paladzor,twisting-nether,128,paladin,holy,4,2,2
18430,Minirempart,khaz-modan,96,paladin,holy,6,1,5
18431,Înphy,cthun,96,paladin,holy,6,1,5
18432,Whiskeypal,draenor,96,paladin,holy,6,1,5
18433,Colpadeltank,kazzak,96,paladin,holy,6,1,5
18434,Andrøiz,dun-modr,96,paladin,holy,6,1,5
18435,Xzarat,kazzak,96,paladin,holy,6,1,5
18436,Zerafic,sylvanas,96,paladin,holy,6,1,5
18437,Elfaza,dun-modr,96,paladin,holy,6,1,5
18438,Enriel,temple-noir,96,paladin,holy,6,1,5
18439,Dobbygotsock,kazzak,96,paladin,holy,6,1,5
18440,Shiøn,zuljin,96,paladin,holy,6,1,5
18441,Bubbleheart,ahnqiraj,96,paladin,holy,6,1,5
18442,Синерина,blackscar,96,paladin,holy,6,1,5
18443,Buladin,darkspear,96,paladin,holy,6,1,5
18444,Yokurolel,sanguino,96,paladin,holy,6,1,5
18445,Switchflip,frostmane,96,paladin,holy,6,1,5
18446,Agorasieya,frostwolf,96,paladin,holy,6,1,5
18447,Aienest,ragnaros,96,paladin,holy,6,1,5
18448,Shanik,zuljin,96,paladin,holy,6,1,5
18449,Penth,doomhammer,96,paladin,holy,6,1,5
18450,Xephiroxus,the-venture-co,96,paladin,holy,6,1,5
18451,Flashhèart,draenor,96,paladin,holy,6,1,5
18452,Bittersweex,stormscale,96,paladin,holy,6,1,5
18453,Rehtu,malganis,96,paladin,holy,6,1,5
18454,Playprist,aegwynn,96,paladin,holy,6,1,5
18455,Dedicatèd,draenor,96,paladin,holy,6,1,5
18456,Holysheto,sanguino,96,paladin,holy,6,1,5
18457,Ornosh,draenor,96,paladin,holy,6,1,5
18458,Iamyellow,silvermoon,96,paladin,holy,6,1,5
18459,Хочусметанки,howling-fjord,96,paladin,holy,6,1,5
18460,Bubblebun,kazzak,96,paladin,holy,6,1,5
18461,Wingcomander,aegwynn,96,paladin,holy,6,1,5
18462,Holyfalls,blackmoore,96,paladin,holy,6,1,5
18463,Visaria,twisting-nether,96,paladin,holy,6,1,5
18464,Vissticks,nagrand,96,paladin,holy,6,1,5
18465,Fükdîscláss,ravencrest,96,paladin,holy,6,1,5
18466,Whatapity,silvermoon,96,paladin,holy,6,1,5
18467,Biót,tarren-mill,96,paladin,holy,6,1,5
18468,Hÿrrøkk,ysondre,96,paladin,holy,6,1,5
18469,Tacita,nazjatar,96,paladin,holy,6,1,5
18470,Пепсекольный,soulflayer,96,paladin,holy,6,1,5
18471,Mybadvibes,tarren-mill,96,paladin,holy,6,1,5
18472,Ахрониус,soulflayer,96,paladin,holy,12,1,11
18473,Goldenstern,blackhand,96,paladin,holy,12,1,11
18474,Lunaary,antonidas,96,paladin,holy,12,1,11
18475,Лейфи,howling-fjord,96,paladin,holy,12,1,11
18476,Hasler,drakthul,96,paladin,holy,12,1,11
18477,Pigma,outland,96,paladin,holy,12,1,11
18478,Fúrion,burning-blade,96,paladin,holy,12,1,11
18479,Callon,das-syndikat,95,paladin,holy,6,1,5
18480,Hancipapa,ragnaros,95,paladin,holy,6,1,5
18481,Shaxxzii,kazzak,79,paladin,holy,5,1,4
18482,Hitaki,tarren-mill,64,paladin,holy,4,1,3
18483,Míxu,stormreaver,42,paladin,holy,11,3,8
18484,Holymerda,grim-batol,42,paladin,holy,8,2,6
18485,Jâybee,ravencrest,42,paladin,holy,8,2,6
18486,Xonika,outland,42,paladin,holy,9,2,7
18487,Waltgyubeef,argent-dawn,42,paladin,holy,9,2,7
18488,Bämbunga,madmortem,42,paladin,holy,10,2,8
18489,Zeiserig,antonidas,42,paladin,holy,11,2,9
18490,Acongojante,zuljin,42,paladin,holy,15,2,13
18491,Cosmicstâr,kazzak,2190,paladin,retribution,130,68,62
18492,Stracciatell,archimonde,2177,paladin,retribution,79,64,15
18493,Ctierpala,ravencrest,2161,paladin,retribution,90,47,43
18494,Bigspin,ravencrest,2145,paladin,retribution,126,69,57
18495,Shinøaa,wrathbringer,2135,paladin,retribution,95,57,38
18496,Steelsuit,argent-dawn,2132,paladin,retribution,176,98,78
18497,Ðâny,elune,2128,paladin,retribution,135,68,67
18498,Royki,the-maelstrom,2127,paladin,retribution,186,95,91
18499,Drkp,blackrock,2126,paladin,retribution,61,42,19
18500,Отловщик,gordunni,2123,paladin,retribution,82,43,39
18501,Mcweedy,aegwynn,2108,paladin,retribution,84,42,42
18502,Аеррис,gordunni,2106,paladin,retribution,113,57,56
18503,Pïkachû,ravencrest,2105,paladin,retribution,60,33,27
18504,Miilicium,archimonde,2091,paladin,retribution,83,41,42
18505,Peiker,blackrock,2073,paladin,retribution,112,54,58
18506,Ricexoxo,blackhand,2066,paladin,retribution,98,48,50
18507,Elypsia,tarren-mill,2058,paladin,retribution,104,53,51
18508,Mýstíc,ravencrest,2049,paladin,retribution,118,56,62
18509,Davewins,dragonblight,2033,paladin,retribution,42,34,8
18510,Nedith,pozzo-delleternità,2026,paladin,retribution,168,89,79
18511,Ufø,magtheridon,2025,paladin,retribution,96,48,48
18512,Miriokekw,archimonde,2020,paladin,retribution,96,45,51
18513,Sacredwrath,burning-legion,2017,paladin,retribution,59,30,29
18514,Qshadow,frostwhisper,2015,paladin,retribution,94,45,49
18515,Vadya,ravencrest,2007,paladin,retribution,125,70,55
18516,Kazuroo,blackmoore,2005,paladin,retribution,78,44,34
18517,Стимулин,howling-fjord,2004,paladin,retribution,90,48,42
18518,Sonne,tarren-mill,2004,paladin,retribution,90,44,46
18519,Nîhil,silvermoon,2004,paladin,retribution,88,43,45
18520,Xourens,twisting-nether,2003,paladin,retribution,73,33,40
18521,Rankoneretri,arathor,2002,paladin,retribution,54,30,24
18522,Msharix,kazzak,2002,paladin,retribution,78,41,37
18523,Retwar,ravencrest,1986,paladin,retribution,77,49,28
18524,Rùuru,archimonde,1984,paladin,retribution,90,41,49
18525,Агинон,gordunni,1981,paladin,retribution,60,30,30
18526,Нейтхигерс,howling-fjord,1974,paladin,retribution,83,43,40
18527,Синодх,eversong,1974,paladin,retribution,101,46,55
18528,Аполодориан,gordunni,1972,paladin,retribution,120,64,56
18529,Sitekx,burning-legion,1968,paladin,retribution,99,45,54
18530,Spacknas,blackmoore,1961,paladin,retribution,96,56,40
18531,Jowanno,stormscale,1958,paladin,retribution,95,49,46
18532,Monkeytm,archimonde,1957,paladin,retribution,58,27,31
18533,Littlelíght,silvermoon,1954,paladin,retribution,78,41,37
18534,Greywords,silvermoon,1952,paladin,retribution,53,30,23
18535,Wingsteak,draenor,1951,paladin,retribution,75,41,34
18536,Мрч,howling-fjord,1947,paladin,retribution,60,31,29
18537,Günykoloke,blackrock,1939,paladin,retribution,54,33,21
18538,Kriszi,burning-legion,1938,paladin,retribution,90,39,51
18539,Bigdblaster,twisting-nether,1935,paladin,retribution,102,49,53
18540,Запалтосик,blackscar,1934,paladin,retribution,36,23,13
18541,Syruplol,blackrock,1932,paladin,retribution,58,32,26
18542,Xillindion,blackhand,1932,paladin,retribution,266,133,133
18543,Альмор,blackscar,1927,paladin,retribution,42,22,20
18544,Fullsendbro,ravencrest,1922,paladin,retribution,65,40,25
18545,Kírin,drakthul,1921,paladin,retribution,66,32,34
18546,Retbùll,stormscale,1919,paladin,retribution,37,29,8
18547,Âlßêdø,ravencrest,1919,paladin,retribution,129,59,70
18548,Milkyavenger,sylvanas,1915,paladin,retribution,107,71,36
18549,Franclovis,hyjal,1915,paladin,retribution,45,21,24
18550,Harridin,ravencrest,1913,paladin,retribution,108,50,58
18551,Nastalia,elune,1909,paladin,retribution,66,37,29
18552,Pâsla,hyjal,1909,paladin,retribution,137,72,65
18553,Mélli,eredar,1907,paladin,retribution,99,55,44
18554,Yungboihoj,twisting-nether,1905,paladin,retribution,155,78,77
18555,Mcret,ravencrest,1904,paladin,retribution,76,34,42
18556,Prex,dun-modr,1900,paladin,retribution,66,36,30
18557,Rígel,silvermoon,1899,paladin,retribution,58,35,23
18558,Mhehø,hyjal,1899,paladin,retribution,256,130,126
18559,Legodudex,ravencrest,1898,paladin,retribution,66,33,33
18560,Ðeathron,blackmoore,1898,paladin,retribution,128,62,66
18561,Стьюпидбой,howling-fjord,1896,paladin,retribution,143,74,69
18562,Лиспорий,gordunni,1894,paladin,retribution,60,29,31
18563,Beautýbeast,ravencrest,1893,paladin,retribution,89,45,44
18564,Brassaren,stormscale,1890,paladin,retribution,67,36,31
18565,Carlá,silvermoon,1890,paladin,retribution,73,37,36
18566,Pancakee,the-maelstrom,1889,paladin,retribution,66,32,34
18567,Tj,dun-modr,1887,paladin,retribution,48,23,25
18568,Bersercute,sylvanas,1882,paladin,retribution,124,60,64
18569,Толвард,gordunni,1881,paladin,retribution,25,21,4
18570,Tj,sanguino,1881,paladin,retribution,42,20,22
18571,Bakawolf,burning-legion,1879,paladin,retribution,66,32,34
18572,Melantus,eredar,1878,paladin,retribution,83,41,42
18573,Mayhemx,ravencrest,1878,paladin,retribution,200,98,102
18574,Saygexx,draenor,1875,paladin,retribution,57,34,23
18575,Extremnäsa,outland,1874,paladin,retribution,84,38,46
18576,Molgran,defias-brotherhood,1872,paladin,retribution,60,31,29
18577,Crysania,twisting-nether,1872,paladin,retribution,60,27,33
18578,Zerørespect,ravencrest,1868,paladin,retribution,113,51,62
18579,Hódle,silvermoon,1867,paladin,retribution,66,40,26
18580,Vabz,blackrock,1867,paladin,retribution,47,23,24
18581,Дэнискарз,gordunni,1866,paladin,retribution,48,26,22
18582,Thyrec,blackmoore,1865,paladin,retribution,54,32,22
18583,Yungboii,kazzak,1864,paladin,retribution,83,53,30
18584,Swahadon,stormscale,1862,paladin,retribution,60,29,31
18585,Bernhoftxd,ravencrest,1862,paladin,retribution,206,94,112
18586,Freshreroll,tarren-mill,1860,paladin,retribution,48,30,18
18587,Smirk,aggra-português,1860,paladin,retribution,102,46,56
18588,Smilé,sylvanas,1859,paladin,retribution,60,34,26
18589,Réfractio,die-aldor,1858,paladin,retribution,48,23,25
18590,Chyve,tarren-mill,1855,paladin,retribution,66,28,38
18591,Vanthael,chamber-of-aspects,1853,paladin,retribution,201,115,86
18592,Phix,outland,1853,paladin,retribution,165,81,84
18593,Alphaladin,stormscale,1852,paladin,retribution,54,31,23
18594,Jicob,ravencrest,1851,paladin,retribution,48,30,18
18595,Zion,runetotem,1851,paladin,retribution,42,25,17
18596,Dasar,twisting-nether,1851,paladin,retribution,72,31,41
18597,Súnshìne,blackhand,1850,paladin,retribution,42,29,13
18598,Jedzy,ragnaros,1850,paladin,retribution,36,22,14
18599,Pallyprinces,dentarg,1850,paladin,retribution,60,25,35
18600,Pætter,aggra-português,1849,paladin,retribution,60,34,26
18601,Jessrabit,tarren-mill,1848,paladin,retribution,54,25,29
18602,Nein,blackhand,1848,paladin,retribution,102,47,55
18603,Мевар,gordunni,1847,paladin,retribution,48,21,27
18604,Dibzi,argent-dawn,1845,paladin,retribution,54,27,27
18605,Mezor,dun-modr,1845,paladin,retribution,130,62,68
18606,Djstompyamom,stormscale,1845,paladin,retribution,99,47,52
18607,Nabbi,ravencrest,1845,paladin,retribution,60,25,35
18608,Risingfi,kult-der-verdammten,1844,paladin,retribution,78,47,31
18609,Модрит,soulflayer,1843,paladin,retribution,58,40,18
18610,Palior,sylvanas,1841,paladin,retribution,54,31,23
18611,Инфернох,howling-fjord,1841,paladin,retribution,114,63,51
18612,Hornyret,kazzak,1839,paladin,retribution,96,46,50
18613,Wingsmode,kazzak,1839,paladin,retribution,90,36,54
18614,Tadashì,aegwynn,1836,paladin,retribution,72,31,41
18615,Antimov,twisting-nether,1835,paladin,retribution,156,77,79
18616,Murkyxd,sanguino,1835,paladin,retribution,66,30,36
18617,Yuber,ravencrest,1833,paladin,retribution,78,34,44
18618,Сотранокинг,soulflayer,1832,paladin,retribution,36,20,16
18619,Miju,blackmoore,1831,paladin,retribution,51,28,23
18620,Daybreak,kazzak,1831,paladin,retribution,57,30,27
18621,Calaestra,twisting-nether,1831,paladin,retribution,57,29,28
18622,Ilòvekris,draenor,1831,paladin,retribution,195,99,96
18623,Holysiah,kazzak,1831,paladin,retribution,90,42,48
18624,Skyf,outland,1831,paladin,retribution,68,27,41
18625,Exolix,archimonde,1830,paladin,retribution,42,23,19
18626,Baxuz,draenor,1830,paladin,retribution,64,33,31
18627,Декионзхц,howling-fjord,1830,paladin,retribution,78,29,49
18628,Ðaegos,blackmoore,1829,paladin,retribution,107,49,58
18629,Hojinson,blackrock,1828,paladin,retribution,48,34,14
18630,Skyrose,ravencrest,1827,paladin,retribution,150,82,68
18631,Denastys,nemesis,1827,paladin,retribution,72,31,41
18632,Dréamypie,silvermoon,1827,paladin,retribution,65,26,39
18633,Holzer,azshara,1826,paladin,retribution,65,35,30
18634,Tròth,twisting-nether,1826,paladin,retribution,48,23,25
18635,Tremelay,silvermoon,1825,paladin,retribution,240,122,118
18636,Eimaqt,stormscale,1825,paladin,retribution,70,33,37
18637,Игры,gordunni,1823,paladin,retribution,76,39,37
18638,Cqt,ravencrest,1823,paladin,retribution,66,30,36
18639,Byths,blackmoore,1823,paladin,retribution,68,28,40
18640,Keinah,silvermoon,1822,paladin,retribution,54,36,18
18641,Lorex,grim-batol,1821,paladin,retribution,54,26,28
18642,Tazken,tarren-mill,1820,paladin,retribution,78,36,42
18643,Foreskinx,draenor,1819,paladin,retribution,42,25,17
18644,Номос,soulflayer,1819,paladin,retribution,72,41,31
18645,Arígato,argent-dawn,1819,paladin,retribution,173,95,78
18646,Дюрьвючыф,razuvious,1819,paladin,retribution,143,74,69
18647,Âtlas,ragnaros,1819,paladin,retribution,48,24,24
18648,Nìcky,stormscale,1819,paladin,retribution,83,37,46
18649,Bulkpwders,burning-legion,1818,paladin,retribution,42,20,22
18650,Wingsgodx,archimonde,1818,paladin,retribution,60,28,32
18651,Кошкотяночка,ashenvale,1818,paladin,retribution,54,23,31
18652,Taurski,sylvanas,1817,paladin,retribution,48,35,13
18653,Thedarksteel,ravencrest,1817,paladin,retribution,70,34,36
18654,Astragore,archimonde,1817,paladin,retribution,71,30,41
18655,Кхабелех,howling-fjord,1817,paladin,retribution,78,32,46
18656,Angryturk,ravencrest,1816,paladin,retribution,36,19,17
18657,Martoretard,archimonde,1815,paladin,retribution,304,149,155
18658,Фемдом,blackscar,1814,paladin,retribution,48,27,21
18659,Morri,ravencrest,1814,paladin,retribution,171,83,88
18660,Durenai,aegwynn,1814,paladin,retribution,119,53,66
18661,Déna,draenor,1813,paladin,retribution,52,29,23
18662,Ktk,ravencrest,1813,paladin,retribution,121,67,54
18663,Granfort,argent-dawn,1813,paladin,retribution,114,55,59
18664,Saabnaab,outland,1812,paladin,retribution,156,93,63
18665,Doomsoom,kazzak,1810,paladin,retribution,34,26,8
18666,Коварное,borean-tundra,1810,paladin,retribution,66,36,30
18667,Halevia,kazzak,1810,paladin,retribution,53,26,27
18668,Alloüt,outland,1809,paladin,retribution,37,20,17
18669,Ironquist,doomhammer,1809,paladin,retribution,42,22,20
18670,Делимнаноль,blackscar,1809,paladin,retribution,90,46,44
18671,Zscrew,nemesis,1807,paladin,retribution,30,19,11
18672,Nizzlee,eredar,1807,paladin,retribution,54,30,24
18673,Васапрагиб,howling-fjord,1806,paladin,retribution,60,35,25
18674,Bregowine,doomhammer,1806,paladin,retribution,243,137,106
18675,Réaxon,archimonde,1806,paladin,retribution,69,30,39
18676,Matriarchxd,kazzak,1805,paladin,retribution,48,24,24
18677,Vhardan,archimonde,1805,paladin,retribution,143,71,72
18678,Geneundreitt,dethecus,1805,paladin,retribution,54,26,28
18679,Магрейм,gordunni,1805,paladin,retribution,77,35,42
18680,Taneren,argent-dawn,1804,paladin,retribution,48,29,19
18681,Tsorig,tarren-mill,1804,paladin,retribution,177,98,79
18682,Zarrex,blackrock,1804,paladin,retribution,54,28,26
18683,Netharia,antonidas,1804,paladin,retribution,120,59,61
18684,Aqualisse,hyjal,1804,paladin,retribution,66,30,36
18685,Kiriel,dun-modr,1803,paladin,retribution,66,28,38
18686,Selina,burning-legion,1802,paladin,retribution,111,59,52
18687,Antou,twisting-nether,1802,paladin,retribution,211,108,103
18688,Meruem,blackrock,1802,paladin,retribution,53,26,27
18689,Karadøc,archimonde,1802,paladin,retribution,90,41,49
18690,Lesterqt,thrall,1801,paladin,retribution,114,54,60
18691,Vatix,trollbane,1801,paladin,retribution,54,25,29
18692,Delgato,kazzak,1800,paladin,retribution,152,80,72
18693,Zachäus,kirin-tor,1800,paladin,retribution,114,57,57
18694,Timmes,blackhand,1800,paladin,retribution,42,19,23
18695,Tauskiz,sylvanas,1800,paladin,retribution,48,19,29
18696,Мидэас,gordunni,1798,paladin,retribution,96,44,52
18697,Icekissz,hyjal,1795,paladin,retribution,24,19,5
18698,Pestomp,tarren-mill,1789,paladin,retribution,65,28,37
18699,Ниашес,howling-fjord,1788,paladin,retribution,65,29,36
18700,Nikkibenzqt,blackmoore,1788,paladin,retribution,78,31,47
18701,Simjon,defias-brotherhood,1787,paladin,retribution,181,102,79
18702,Батллграунд,soulflayer,1787,paladin,retribution,72,40,32
18703,ßlacklight,archimonde,1787,paladin,retribution,66,26,40
18704,Astilia,sylvanas,1785,paladin,retribution,90,44,46
18705,Kayllan,ravencrest,1784,paladin,retribution,113,65,48
18706,Apolloos,grim-batol,1782,paladin,retribution,47,24,23
18707,Деленка,gordunni,1779,paladin,retribution,106,61,45
18708,Vylnoa,twisting-nether,1779,paladin,retribution,115,56,59
18709,Herrius,ravencrest,1779,paladin,retribution,48,21,27
18710,Lightlogic,ravencrest,1778,paladin,retribution,59,28,31
18711,Ças,quelthalas,1776,paladin,retribution,60,26,34
18712,Valkûn,rexxar,1775,paladin,retribution,60,28,32
18713,Posttal,aggra-português,1775,paladin,retribution,42,19,23
18714,Vankwok,stormscale,1771,paladin,retribution,33,20,13
18715,Kêkbûrâgol,kazzak,1769,paladin,retribution,36,24,12
18716,Galenhad,kazzak,1766,paladin,retribution,66,29,37
18717,Алепос,soulflayer,1766,paladin,retribution,54,21,33
18718,Valterus,burning-legion,1765,paladin,retribution,84,40,44
18719,Elganwar,hyjal,1760,paladin,retribution,101,63,38
18720,Sofhiya,silvermoon,1759,paladin,retribution,42,24,18
18721,Блэканус,blackscar,1759,paladin,retribution,54,25,29
18722,Xsÿde,archimonde,1759,paladin,retribution,84,36,48
18723,Опгоп,gordunni,1758,paladin,retribution,89,45,44
18724,Tanny,kazzak,1758,paladin,retribution,66,29,37
18725,Rekktadin,grim-batol,1757,paladin,retribution,131,65,66
18726,Madmartigane,ysondre,1755,paladin,retribution,78,27,51
18727,Ганка,blackscar,1754,paladin,retribution,71,25,46
18728,Zubxp,ravencrest,1753,paladin,retribution,76,37,39
18729,Данхайк,gordunni,1750,paladin,retribution,114,68,46
18730,Surian,kazzak,1749,paladin,retribution,54,33,21
18731,Pârabellum,the-maelstrom,1749,paladin,retribution,58,25,33
18732,Gluttön,tarren-mill,1748,paladin,retribution,46,24,22
18733,Riares,darkspear,1746,paladin,retribution,42,22,20
18734,Hýox,malganis,1745,paladin,retribution,55,27,28
18735,Torvik,eredar,1744,paladin,retribution,66,35,31
18736,Flaapz,hyjal,1743,paladin,retribution,71,46,25
18737,Малиновыйбох,gordunni,1741,paladin,retribution,111,61,50
18738,Ollebala,ravencrest,1740,paladin,retribution,79,48,31
18739,Justyowx,archimonde,1740,paladin,retribution,42,20,22
18740,Hammerzemall,tarren-mill,1739,paladin,retribution,53,27,26
18741,Анофарин,gordunni,1738,paladin,retribution,102,46,56
18742,Мегопалл,blackscar,1738,paladin,retribution,90,38,52
18743,Kinvqt,tarren-mill,1737,paladin,retribution,64,31,33
18744,Exolia,archimonde,1736,paladin,retribution,48,25,23
18745,Охоху,gordunni,1735,paladin,retribution,95,52,43
18746,Liendry,antonidas,1735,paladin,retribution,53,28,25
18747,Солошафл,howling-fjord,1735,paladin,retribution,48,24,24
18748,Guilt,aegwynn,1735,paladin,retribution,60,26,34
18749,Торсгард,howling-fjord,1733,paladin,retribution,66,27,39
18750,Пинкпуссибой,howling-fjord,1732,paladin,retribution,55,31,24
18751,Katanaclówn,eredar,1732,paladin,retribution,100,55,45
18752,Qarak,argent-dawn,1732,paladin,retribution,65,30,35
18753,Zazalamel,hyjal,1731,paladin,retribution,48,28,20
18754,Ÿani,argent-dawn,1730,paladin,retribution,42,25,17
18755,Refuse,blackrock,1730,paladin,retribution,77,36,41
18756,Чупаа,howling-fjord,1728,paladin,retribution,88,47,41
18757,Elitest,hyjal,1727,paladin,retribution,67,29,38
18758,Caladys,silvermoon,1725,paladin,retribution,56,31,25
18759,Thórvaldr,argent-dawn,1724,paladin,retribution,36,24,12
18760,Атмх,soulflayer,1723,paladin,retribution,42,23,19
18761,Zayaka,ragnaros,1723,paladin,retribution,72,24,48
18762,Rli,twisting-nether,1721,paladin,retribution,74,39,35
18763,Djrayk,archimonde,1721,paladin,retribution,36,18,18
18764,Malthred,ravenholdt,1720,paladin,retribution,141,73,68
18765,Miru,defias-brotherhood,1719,paladin,retribution,30,18,12
18766,Exolis,archimonde,1719,paladin,retribution,42,21,21
18767,Xeaa,tarren-mill,1718,paladin,retribution,42,18,24
18768,Beigerbala,blackrock,1715,paladin,retribution,42,18,24
18769,Dannyvye,outland,1712,paladin,retribution,48,21,27
18770,Ruath,xavius,1710,paladin,retribution,101,51,50
18771,Slapmedaddy,die-ewige-wacht,1709,paladin,retribution,54,29,25
18772,Deidâra,blackhand,1709,paladin,retribution,42,18,24
18773,Shockashy,stormscale,1708,paladin,retribution,56,31,25
18774,Odin,silvermoon,1707,paladin,retribution,36,22,14
18775,Wickedret,kazzak,1707,paladin,retribution,30,18,12
18776,Deadholland,ravencrest,1707,paladin,retribution,116,62,54
18777,Tsunà,antonidas,1705,paladin,retribution,42,18,24
18778,Mistérion,archimonde,1705,paladin,retribution,48,20,28
18779,Naneno,silvermoon,1704,paladin,retribution,57,27,30
18780,Nutqtgodx,archimonde,1702,paladin,retribution,36,21,15
18781,Gwynel,argent-dawn,1702,paladin,retribution,60,28,32
18782,Winkz,rajaxx,1701,paladin,retribution,36,18,18
18783,Cowwithspell,stormscale,1701,paladin,retribution,122,60,62
18784,Ðenlox,destromath,1699,paladin,retribution,72,29,43
18785,Namapala,silvermoon,1698,paladin,retribution,56,28,28
18786,Crusshqt,silvermoon,1697,paladin,retribution,84,45,39
18787,Smirky,silvermoon,1697,paladin,retribution,42,20,22
18788,Rettalius,ravencrest,1697,paladin,retribution,87,38,49
18789,Rullatôrsven,stormscale,1697,paladin,retribution,48,18,30
18790,Salti,magtheridon,1693,paladin,retribution,142,77,65
18791,Gimly,anachronos,1693,paladin,retribution,60,24,36
18792,Bluehustler,tarren-mill,1693,paladin,retribution,78,31,47
18793,Сводимиаое,soulflayer,1692,paladin,retribution,52,24,28
18794,Lecutus,sunstrider,1691,paladin,retribution,75,30,45
18795,Dalemiar,ravencrest,1690,paladin,retribution,81,34,47
18796,Sstalowy,silvermoon,1689,paladin,retribution,112,58,54
18797,Staticdeath,ravencrest,1689,paladin,retribution,192,99,93
18798,Eysn,blackrock,1689,paladin,retribution,42,20,22
18799,Зондарк,booty-bay,1687,paladin,retribution,59,24,35
18800,Losër,ravencrest,1687,paladin,retribution,54,20,34
18801,Holyshet,blackrock,1686,paladin,retribution,79,44,35
18802,Bigbuffdaddy,draenor,1685,paladin,retribution,268,133,135
18803,Ønlyfâns,dragonblight,1685,paladin,retribution,66,30,36
18804,Mommyret,draenor,1683,paladin,retribution,42,27,15
18805,Somixd,ragnaros,1683,paladin,retribution,99,54,45
18806,Johannx,tarren-mill,1682,paladin,retribution,168,79,89
18807,Агинон,howling-fjord,1680,paladin,retribution,36,18,18
18808,Sünlight,nemesis,1680,paladin,retribution,77,35,42
18809,Dudjaw,stormscale,1679,paladin,retribution,90,35,55
18810,Obackbarama,outland,1678,paladin,retribution,42,23,19
18811,Reito,eredar,1678,paladin,retribution,54,26,28
18812,Panicmaker,ravencrest,1677,paladin,retribution,30,23,7
18813,Instaquez,stormscale,1676,paladin,retribution,71,37,34
18814,Кавайнекс,azuregos,1676,paladin,retribution,104,53,51
18815,Gùtz,xavius,1676,paladin,retribution,51,23,28
18816,Lílou,blackmoore,1674,paladin,retribution,51,28,23
18817,Xairo,twisting-nether,1674,paladin,retribution,42,20,22
18818,Mcfëë,ysondre,1673,paladin,retribution,77,41,36
18819,Утипутя,goldrinn,1672,paladin,retribution,36,20,16
18820,Wootschi,arthas,1672,paladin,retribution,59,30,29
18821,Dainan,blackmoore,1671,paladin,retribution,66,30,36
18822,Shmndr,kazzak,1670,paladin,retribution,42,24,18
18823,Starworkal,ragnaros,1670,paladin,retribution,58,29,29
18824,Mordar,ravencrest,1670,paladin,retribution,61,29,32
18825,Kaileena,archimonde,1669,paladin,retribution,42,25,17
18826,Bullsy,kazzak,1669,paladin,retribution,62,32,30
18827,Mâttyy,stormscale,1669,paladin,retribution,48,20,28
18828,Isora,twisting-nether,1669,paladin,retribution,84,34,50
18829,Hammarfall,ravencrest,1668,paladin,retribution,96,51,45
18830,Saintseiya,pozzo-delleternità,1667,paladin,retribution,36,23,13
18831,Hèllkeepêr,archimonde,1666,paladin,retribution,41,20,21
18832,Testør,ragnaros,1665,paladin,retribution,65,24,41
18833,Tcret,sanguino,1664,paladin,retribution,36,19,17
18834,Davoss,outland,1664,paladin,retribution,45,18,27
18835,Bloodaxjr,archimonde,1663,paladin,retribution,116,66,50
18836,Vickdicator,stormscale,1663,paladin,retribution,68,30,38
18837,Шакиори,gordunni,1662,paladin,retribution,46,25,21
18838,Deriøt,dun-modr,1662,paladin,retribution,54,27,27
18839,Pruntadin,silvermoon,1661,paladin,retribution,78,36,42
18840,Muhnnin,archimonde,1660,paladin,retribution,48,24,24
18841,Sigmud,turalyon,1659,paladin,retribution,36,20,16
18842,Akoumb,twisting-nether,1659,paladin,retribution,66,34,32
18843,Drakingsang,blackhand,1657,paladin,retribution,84,35,49
18844,Auriuss,defias-brotherhood,1656,paladin,retribution,177,95,82
18845,Kouyhalaide,hyjal,1656,paladin,retribution,48,24,24
18846,Ayylmeow,tarren-mill,1656,paladin,retribution,44,20,24
18847,Darkkissret,lightbringer,1655,paladin,retribution,42,22,20
18848,Telionrootan,die-aldor,1655,paladin,retribution,58,29,29
18849,Glàdiator,outland,1655,paladin,retribution,71,31,40
18850,Сёмаигрок,soulflayer,1654,paladin,retribution,54,26,28
18851,Akrobatka,sanguino,1654,paladin,retribution,54,23,31
18852,Zynuwu,blackmoore,1653,paladin,retribution,42,22,20
18853,Exolie,archimonde,1653,paladin,retribution,36,18,18
18854,Valin,frostmane,1653,paladin,retribution,66,29,37
18855,Íbossít,doomhammer,1652,paladin,retribution,66,36,30
18856,Русэльф,howling-fjord,1652,paladin,retribution,87,45,42
18857,Yana,blackrock,1652,paladin,retribution,43,22,21
18858,Xila,blackrock,1652,paladin,retribution,60,24,36
18859,Xciepo,rexxar,1651,paladin,retribution,60,24,36
18860,Kjn,tarren-mill,1650,paladin,retribution,36,21,15
18861,Gaalarr,burning-legion,1650,paladin,retribution,36,20,16
18862,Zuveron,the-maelstrom,1650,paladin,retribution,54,23,31
18863,Screws,dun-modr,1650,paladin,retribution,54,22,32
18864,Aederec,argent-dawn,1649,paladin,retribution,78,42,36
18865,Shenwarr,twisting-nether,1649,paladin,retribution,36,19,17
18866,Хаспадин,gordunni,1649,paladin,retribution,42,21,21
18867,Batteldin,blackmoore,1648,paladin,retribution,117,71,46
18868,Spegepølse,silvermoon,1647,paladin,retribution,74,42,32
18869,Wakke,outland,1646,paladin,retribution,32,23,9
18870,Trølled,aegwynn,1646,paladin,retribution,120,55,65
18871,Сандалар,gordunni,1646,paladin,retribution,54,24,30
18872,Cîzzar,burning-legion,1644,paladin,retribution,153,85,68
18873,Highfivè,ravencrest,1643,paladin,retribution,30,18,12
18874,Sübôvîñ,ravencrest,1643,paladin,retribution,47,28,19
18875,Bjornulfr,ravencrest,1643,paladin,retribution,101,42,59
18876,Neiiz,ragnaros,1643,paladin,retribution,52,20,32
18877,Zeggayodax,nemesis,1642,paladin,retribution,36,21,15
18878,Дракула,howling-fjord,1641,paladin,retribution,96,49,47
18879,Саймум,blackscar,1641,paladin,retribution,57,29,28
18880,Dacilez,ravencrest,1641,paladin,retribution,54,22,32
18881,Powerpuffret,antonidas,1640,paladin,retribution,72,40,32
18882,Tyri,silvermoon,1640,paladin,retribution,90,46,44
18883,Иев,howling-fjord,1640,paladin,retribution,53,23,30
18884,Димасгачи,gordunni,1638,paladin,retribution,42,32,10
18885,Аскеттх,gordunni,1638,paladin,retribution,66,33,33
18886,Brabop,zirkel-des-cenarius,1637,paladin,retribution,42,22,20
18887,Trenvendor,ravencrest,1635,paladin,retribution,33,22,11
18888,Valhella,stormscale,1635,paladin,retribution,115,60,55
18889,Arturius,ravencrest,1634,paladin,retribution,60,30,30
18890,Breakdøwñ,blackrock,1634,paladin,retribution,148,63,85
18891,Palagray,blackmoore,1633,paladin,retribution,173,100,73
18892,Retaxx,outland,1633,paladin,retribution,36,19,17
18893,Прожектор,gordunni,1633,paladin,retribution,48,25,23
18894,Gladiator,die-aldor,1633,paladin,retribution,42,21,21
18895,Azûl,archimonde,1632,paladin,retribution,102,54,48
18896,Afhvahj,tichondrius,1632,paladin,retribution,95,50,45
18897,Jout,tarren-mill,1632,paladin,retribution,132,65,67
18898,Flipzz,blackrock,1631,paladin,retribution,26,18,8
18899,Needel,argent-dawn,1631,paladin,retribution,47,26,21
18900,Draizor,twisting-nether,1631,paladin,retribution,89,42,47
18901,Djcurry,archimonde,1630,paladin,retribution,30,17,13
18902,Lightsaint,kazzak,1630,paladin,retribution,54,29,25
18903,Antsh,nemesis,1629,paladin,retribution,36,22,14
18904,Bobiwan,ravencrest,1629,paladin,retribution,30,17,13
18905,Krîstal,aegwynn,1629,paladin,retribution,41,20,21
18906,Gilet,argent-dawn,1628,paladin,retribution,30,18,12
18907,Carlash,draenor,1628,paladin,retribution,84,48,36
18908,Wyllian,grim-batol,1628,paladin,retribution,48,23,25
18909,Lazaraat,antonidas,1628,paladin,retribution,47,21,26
18910,Коссандра,greymane,1628,paladin,retribution,47,21,26
18911,Фэйсрол,gordunni,1628,paladin,retribution,59,21,38
18912,Guccishock,twisting-nether,1627,paladin,retribution,79,46,33
18913,Galaadh,archimonde,1627,paladin,retribution,42,17,25
18914,Zeusp,archimonde,1626,paladin,retribution,42,21,21
18915,Lisma,bloodfeather,1623,paladin,retribution,47,26,21
18916,Bigducc,draenor,1623,paladin,retribution,41,20,21
18917,Brecs,frostmourne,1623,paladin,retribution,84,36,48
18918,Elesmerias,dalaran,1622,paladin,retribution,35,22,13
18919,Niou,alleria,1622,paladin,retribution,47,24,23
18920,Saintys,sylvanas,1621,paladin,retribution,44,24,20
18921,Kraakz,sanguino,1621,paladin,retribution,35,18,17
18922,Анастэриан,thermaplugg,1621,paladin,retribution,78,39,39
18923,Dreamwatcher,outland,1621,paladin,retribution,48,21,27
18924,Mâterîa,antonidas,1620,paladin,retribution,78,42,36
18925,Ajkulaa,kazzak,1620,paladin,retribution,74,35,39
18926,Combinecka,chamber-of-aspects,1619,paladin,retribution,118,60,58
18927,Elisabeth,kazzak,1619,paladin,retribution,60,24,36
18928,Charmxx,stormscale,1618,paladin,retribution,30,18,12
18929,Lonesolo,sylvanas,1618,paladin,retribution,36,20,16
18930,Bloodsworn,stormrage,1617,paladin,retribution,90,58,32
18931,Владыкасвета,borean-tundra,1617,paladin,retribution,108,59,49
18932,Фатумм,howling-fjord,1617,paladin,retribution,36,18,18
18933,Соулерт,ashenvale,1617,paladin,retribution,36,17,19
18934,Ertheus,argent-dawn,1617,paladin,retribution,48,21,27
18935,Tyrael,darksorrow,1616,paladin,retribution,188,94,94
18936,Holyblast,archimonde,1615,paladin,retribution,42,22,20
18937,Blówout,tarren-mill,1614,paladin,retribution,36,22,14
18938,Mirøku,silvermoon,1614,paladin,retribution,42,18,24
18939,Kayøz,aegwynn,1613,paladin,retribution,72,36,36
18940,Leoxander,outland,1613,paladin,retribution,42,21,21
18941,Nanisunda,thrall,1613,paladin,retribution,132,63,69
18942,Бэйгреон,gordunni,1612,paladin,retribution,98,58,40
18943,Milkadìn,twisting-nether,1612,paladin,retribution,60,31,29
18944,Nergigante,drekthar,1612,paladin,retribution,48,23,25
18945,Paradoxiâ,thrall,1612,paladin,retribution,60,28,32
18946,Ослепителен,eversong,1612,paladin,retribution,42,17,25
18947,Аилерия,howling-fjord,1611,paladin,retribution,206,111,95
18948,Warmâchiine,burning-legion,1611,paladin,retribution,84,44,40
18949,Wellmetqt,aegwynn,1611,paladin,retribution,95,40,55
18950,Karyouka,archimonde,1610,paladin,retribution,54,33,21
18951,Яправ,borean-tundra,1610,paladin,retribution,48,26,22
18952,Мяумяухх,soulflayer,1610,paladin,retribution,196,104,92
18953,Discølove,blackmoore,1610,paladin,retribution,43,21,22
18954,Grimstark,argent-dawn,1609,paladin,retribution,36,23,13
18955,Ryxxii,ravencrest,1609,paladin,retribution,42,20,22
18956,Racduck,dunemaul,1609,paladin,retribution,64,30,34
18957,Snødunkern,outland,1609,paladin,retribution,96,41,55
18958,Mystixd,talnivarr,1608,paladin,retribution,42,31,11
18959,Hølypowah,tarren-mill,1608,paladin,retribution,24,17,7
18960,Elbígotes,dun-modr,1608,paladin,retribution,30,20,10
18961,Alammar,burning-legion,1608,paladin,retribution,30,18,12
18962,Vodax,argent-dawn,1608,paladin,retribution,60,31,29
18963,Elohim,echsenkessel,1608,paladin,retribution,75,36,39
18964,Холихит,gordunni,1608,paladin,retribution,54,24,30
18965,Рикшак,howling-fjord,1608,paladin,retribution,42,17,25
18966,Biggboii,twisting-nether,1608,paladin,retribution,48,19,29
18967,Koly,dun-modr,1607,paladin,retribution,30,17,13
18968,Ревирант,gordunni,1607,paladin,retribution,39,21,18
18969,Nøvå,ravencrest,1607,paladin,retribution,42,18,24
18970,Angelisho,zuljin,1607,paladin,retribution,60,24,36
18971,Belnadris,eredar,1606,paladin,retribution,52,31,21
18972,Fisslol,kazzak,1606,paladin,retribution,66,31,35
18973,Misako,sanguino,1605,paladin,retribution,118,57,61
18974,Frankostyle,sanguino,1605,paladin,retribution,59,28,31
18975,Ярослэйв,howling-fjord,1605,paladin,retribution,51,23,28
18976,Tìtan,ravencrest,1604,paladin,retribution,48,25,23
18977,Кронкс,howling-fjord,1604,paladin,retribution,141,73,68
18978,Tinyandy,blackrock,1604,paladin,retribution,48,21,27
18979,Галиор,soulflayer,1602,paladin,retribution,24,17,7
18980,Bíceron,sanguino,1602,paladin,retribution,52,26,26
18981,Hargreeve,ravencrest,1602,paladin,retribution,48,24,24
18982,Синодушка,blackscar,1602,paladin,retribution,40,19,21
18983,Fordragon,twisting-nether,1602,paladin,retribution,54,21,33
18984,Ёйхйё,blackscar,1601,paladin,retribution,79,45,34
18985,Pappnas,aegwynn,1601,paladin,retribution,30,17,13
18986,Quasimod,ravencrest,1601,paladin,retribution,30,17,13
18987,Thun,azjolnerub,1601,paladin,retribution,36,17,19
18988,Zwergicus,alexstrasza,1601,paladin,retribution,65,30,35
18989,Âyasê,blackhand,1600,paladin,retribution,30,17,13
18990,Skippadin,ravencrest,1600,paladin,retribution,59,30,29
18991,Батллграунт,soulflayer,1599,paladin,retribution,95,60,35
18992,Djcrusade,twisting-nether,1599,paladin,retribution,140,77,63
18993,Daoht,ysondre,1599,paladin,retribution,54,28,26
18994,Хексали,soulflayer,1599,paladin,retribution,45,23,22
18995,Рамзеса,soulflayer,1599,paladin,retribution,48,22,26
18996,Earendìl,blackmoore,1597,paladin,retribution,42,23,19
18997,Диманватикан,howling-fjord,1596,paladin,retribution,48,21,27
18998,Dankin,pozzo-delleternità,1595,paladin,retribution,40,20,20
18999,Palwig,tarren-mill,1594,paladin,retribution,136,70,66
19000,Ïdø,hyjal,1594,paladin,retribution,108,46,62
19001,Crohnox,nemesis,1593,paladin,retribution,62,30,32
19002,Jualom,colinas-pardas,1592,paladin,retribution,32,18,14
19003,Justivo,tarren-mill,1592,paladin,retribution,55,29,26
19004,Данбро,borean-tundra,1592,paladin,retribution,42,18,24
19005,Sántouryu,ravencrest,1591,paladin,retribution,163,76,87
19006,Dabeefchief,outland,1590,paladin,retribution,28,21,7
19007,Gigasack,ravencrest,1590,paladin,retribution,30,20,10
19008,Атикинс,gordunni,1590,paladin,retribution,114,54,60
19009,Zaaen,burning-legion,1589,paladin,retribution,42,23,19
19010,Raoun,archimonde,1588,paladin,retribution,45,22,23
19011,Оззмо,howling-fjord,1588,paladin,retribution,66,32,34
19012,Телканапалке,blackscar,1587,paladin,retribution,30,21,9
19013,Altundrdel,ravencrest,1587,paladin,retribution,60,31,29
19014,Swàyz,archimonde,1587,paladin,retribution,84,36,48
19015,Асканиэль,howling-fjord,1586,paladin,retribution,84,37,47
19016,Meìster,blackmoore,1586,paladin,retribution,48,20,28
19017,Eniste,silvermoon,1585,paladin,retribution,74,33,41
19018,Девствениица,gordunni,1584,paladin,retribution,36,22,14
19019,Lawtõn,argent-dawn,1584,paladin,retribution,120,64,56
19020,Джамбит,howling-fjord,1584,paladin,retribution,42,22,20
19021,Мистеравадон,gordunni,1584,paladin,retribution,78,34,44
19022,Slump,ravencrest,1582,paladin,retribution,67,35,32
19023,Дезоиль,gordunni,1582,paladin,retribution,42,19,23
19024,Okcså,ragnaros,1582,paladin,retribution,58,21,37
19025,Ämÿcüs,zuljin,1581,paladin,retribution,66,37,29
19026,Promise,dun-modr,1579,paladin,retribution,48,25,23
19027,Asærý,blackmoore,1578,paladin,retribution,36,20,16
19028,Uliko,twisting-nether,1577,paladin,retribution,48,26,22
19029,Bagok,drakthul,1576,paladin,retribution,42,26,16
19030,Korendil,frostmane,1576,paladin,retribution,48,19,29
19031,Báldür,silvermoon,1574,paladin,retribution,60,30,30
19032,Lazone,ysondre,1574,paladin,retribution,40,20,20
19033,Opsyoudie,kazzak,1573,paladin,retribution,111,51,60
19034,Yo,azshara,1570,paladin,retribution,33,18,15
19035,Йосяфлексер,howling-fjord,1569,paladin,retribution,102,56,46
19036,Luhae,archimonde,1568,paladin,retribution,72,44,28
19037,Биоразлагаем,gordunni,1568,paladin,retribution,78,41,37
19038,Ulrhik,nemesis,1568,paladin,retribution,69,29,40
19039,Paakz,stormscale,1567,paladin,retribution,149,73,76
19040,Budgetcara,stormscale,1566,paladin,retribution,29,17,12
19041,Ficsuur,ragnaros,1566,paladin,retribution,145,77,68
19042,Mograine,die-aldor,1565,paladin,retribution,88,48,40
19043,Lightbrîng,hyjal,1564,paladin,retribution,60,28,32
19044,Kathí,kazzak,1563,paladin,retribution,24,18,6
19045,Trixzie,blackhand,1563,paladin,retribution,36,18,18
19046,Jiraaqi,silvermoon,1562,paladin,retribution,53,27,26
19047,Azlaya,sargeras,1562,paladin,retribution,99,46,53
19048,Pallidino,antonidas,1562,paladin,retribution,41,18,23
19049,Lyraestra,hyjal,1562,paladin,retribution,54,20,34
19050,Qïkarï,antonidas,1561,paladin,retribution,61,35,26
19051,Seraphyonhd,blackmoore,1561,paladin,retribution,46,26,20
19052,Руказакона,deathguard,1561,paladin,retribution,53,26,27
19053,Slayfer,dun-modr,1561,paladin,retribution,48,22,26
19054,Malianterø,ravencrest,1560,paladin,retribution,117,54,63
19055,Kaitlyne,tarren-mill,1556,paladin,retribution,163,80,83
19056,Vleisboom,ravencrest,1555,paladin,retribution,36,21,15
19057,Røck,aggra-português,1555,paladin,retribution,131,72,59
19058,Theodór,antonidas,1555,paladin,retribution,59,24,35
19059,Kaleyra,argent-dawn,1555,paladin,retribution,42,17,25
19060,Emostylex,draenor,1555,paladin,retribution,89,33,56
19061,Ùthér,sylvanas,1554,paladin,retribution,43,22,21
19062,Siorraidh,archimonde,1553,paladin,retribution,30,17,13
19063,Cauze,ravencrest,1553,paladin,retribution,132,69,63
19064,Cilise,bronzebeard,1553,paladin,retribution,48,20,28
19065,Unschúld,blackrock,1552,paladin,retribution,97,53,44
19066,Taiso,alonsus,1552,paladin,retribution,59,30,29
19067,Кузькинамать,greymane,1552,paladin,retribution,84,34,50
19068,Johnßlake,dun-modr,1551,paladin,retribution,78,40,38
19069,Knigh,draenor,1551,paladin,retribution,84,43,41
19070,Elyox,ravencrest,1551,paladin,retribution,36,18,18
19071,Эллесар,blackscar,1550,paladin,retribution,79,33,46
19072,Holymerda,grim-batol,1549,paladin,retribution,35,17,18
19073,Ahpoual,archimonde,1547,paladin,retribution,28,20,8
19074,Honorkill,silvermoon,1547,paladin,retribution,145,79,66
19075,Лаитнем,gordunni,1546,paladin,retribution,60,37,23
19076,Bloodyret,outland,1546,paladin,retribution,54,25,29
19077,Nashret,kazzak,1545,paladin,retribution,42,20,22
19078,Gulinborsti,aegwynn,1544,paladin,retribution,48,32,16
19079,Райтивуд,howling-fjord,1544,paladin,retribution,74,36,38
19080,Мизуриэль,howling-fjord,1543,paladin,retribution,42,24,18
19081,Timal,eitrigg,1543,paladin,retribution,67,35,32
19082,Maybach,onyxia,1543,paladin,retribution,66,31,35
19083,Xëlâ,archimonde,1542,paladin,retribution,51,26,25
19084,Раффаэло,borean-tundra,1542,paladin,retribution,84,40,44
19085,Kènpachî,blackrock,1542,paladin,retribution,48,22,26
19086,Obsidyen,outland,1541,paladin,retribution,38,17,21
19087,Zeldalòl,outland,1541,paladin,retribution,59,25,34
19088,Гневнебес,howling-fjord,1541,paladin,retribution,78,33,45
19089,Threathor,outland,1539,paladin,retribution,93,48,45
19090,Havefunzqt,archimonde,1538,paladin,retribution,23,17,6
19091,Aethelwold,ragnaros,1537,paladin,retribution,126,52,74
19092,Темплеар,gordunni,1537,paladin,retribution,48,17,31
19093,Rugila,ragnaros,1536,paladin,retribution,87,50,37
19094,Râoh,arathi,1536,paladin,retribution,66,34,32
19095,Addwyr,blackrock,1536,paladin,retribution,45,22,23
19096,Retstarr,draenor,1536,paladin,retribution,66,32,34
19097,Ceccil,dun-modr,1534,paladin,retribution,36,25,11
19098,Zarron,blackrock,1534,paladin,retribution,36,16,20
19099,Энилейт,lich-king,1533,paladin,retribution,59,40,19
19100,Orti,sanguino,1533,paladin,retribution,59,33,26
19101,Ibnkrook,archimonde,1533,paladin,retribution,36,16,20
19102,Modeladin,ragnaros,1533,paladin,retribution,42,17,25
19103,Enveador,garrosh,1532,paladin,retribution,54,33,21
19104,Giroud,dalaran,1532,paladin,retribution,30,16,14
19105,Runhexi,silvermoon,1532,paladin,retribution,96,48,48
19106,Jorhall,antonidas,1531,paladin,retribution,103,54,49
19107,Splasher,grim-batol,1531,paladin,retribution,54,27,27
19108,Tharizod,nagrand,1530,paladin,retribution,68,34,34
19109,Вайлдбебриз,eversong,1529,paladin,retribution,24,17,7
19110,Ришардебюр,soulflayer,1528,paladin,retribution,71,34,37
19111,Lättäkamerus,ravencrest,1528,paladin,retribution,48,16,32
19112,Ophillan,draenor,1526,paladin,retribution,36,16,20
19113,Xawier,ghostlands,1524,paladin,retribution,54,28,26
19114,Lightwitcher,silvermoon,1524,paladin,retribution,54,20,34
19115,Wingzy,hyjal,1523,paladin,retribution,36,16,20
19116,Shroomez,frostmane,1522,paladin,retribution,46,23,23
19117,Retdead,nordrassil,1522,paladin,retribution,36,16,20
19118,Créo,draenor,1520,paladin,retribution,36,17,19
19119,Vitacé,burning-legion,1520,paladin,retribution,36,17,19
19120,Campo,tarren-mill,1519,paladin,retribution,48,20,28
19121,Dalbo,aegwynn,1518,paladin,retribution,24,19,5
19122,Таптыгин,gordunni,1518,paladin,retribution,36,16,20
19123,Codindio,silvermoon,1516,paladin,retribution,76,39,37
19124,Emìnem,kazzak,1516,paladin,retribution,39,18,21
19125,Rapwnzel,sylvanas,1515,paladin,retribution,60,30,30
19126,Mofawilli,blackrock,1514,paladin,retribution,30,20,10
19127,Hys,stormscale,1514,paladin,retribution,42,23,19
19128,Волатбай,gordunni,1513,paladin,retribution,48,29,19
19129,Jøøs,sargeras,1513,paladin,retribution,63,38,25
19130,Эеомли,blackscar,1512,paladin,retribution,45,22,23
19131,Arayël,archimonde,1510,paladin,retribution,30,16,14
19132,Impaross,shattrath,1509,paladin,retribution,159,87,72
19133,Mooses,stormscale,1509,paladin,retribution,66,34,32
19134,Hàsbulla,khaz-modan,1508,paladin,retribution,65,37,28
19135,Wannabis,twisting-nether,1507,paladin,retribution,35,18,17
19136,Истенен,blackscar,1507,paladin,retribution,90,39,51
19137,Notpitball,kazzak,1506,paladin,retribution,36,16,20
19138,Paradoax,quelthalas,1505,paladin,retribution,30,16,14
19139,Tazkaz,archimonde,1505,paladin,retribution,56,27,29
19140,Термотравка,grom,1504,paladin,retribution,144,67,77
19141,Борссалино,gordunni,1503,paladin,retribution,87,41,46
19142,Séanors,archimonde,1502,paladin,retribution,22,17,5
19143,Osïrïs,kazzak,1502,paladin,retribution,35,17,18
19144,Elrandil,kazzak,1501,paladin,retribution,78,35,43
19145,Wuzzle,azshara,1499,paladin,retribution,24,16,8
19146,Nexzz,outland,1498,paladin,retribution,29,20,9
19147,Jathx,silvermoon,1498,paladin,retribution,62,36,26
19148,Ralphias,tarren-mill,1498,paladin,retribution,72,32,40
19149,Rafflesia,sanguino,1498,paladin,retribution,47,16,31
19150,Mattiesko,kazzak,1496,paladin,retribution,139,72,67
19151,Колсет,soulflayer,1496,paladin,retribution,43,20,23
19152,Варблэйз,gordunni,1495,paladin,retribution,30,16,14
19153,Hornybìlly,stormscale,1494,paladin,retribution,42,16,26
19154,Маркант,gordunni,1493,paladin,retribution,72,42,30
19155,Тьёрн,gordunni,1493,paladin,retribution,48,26,22
19156,Bubblebuttx,ghostlands,1493,paladin,retribution,42,22,20
19157,Ben,ghostlands,1492,paladin,retribution,24,16,8
19158,Mangz,ysondre,1492,paladin,retribution,24,16,8
19159,Майлайт,gordunni,1491,paladin,retribution,70,40,30
19160,Násty,twisting-nether,1491,paladin,retribution,137,68,69
19161,Wyzpal,archimonde,1490,paladin,retribution,30,18,12
19162,Selaphíel,kazzak,1489,paladin,retribution,138,72,66
19163,Galevar,argent-dawn,1489,paladin,retribution,60,30,30
19164,Pliscken,kazzak,1489,paladin,retribution,35,17,18
19165,Sonarix,blackrock,1488,paladin,retribution,51,26,25
19166,Lawlight,frostmane,1488,paladin,retribution,69,35,34
19167,Bloodpaly,silvermoon,1488,paladin,retribution,48,20,28
19168,Менетиил,galakrond,1488,paladin,retribution,52,17,35
19169,Баблспула,soulflayer,1487,paladin,retribution,91,45,46
19170,Adiútrix,silvermoon,1486,paladin,retribution,42,26,16
19171,Хоулик,howling-fjord,1485,paladin,retribution,53,31,22
19172,Whitebreeze,sanguino,1485,paladin,retribution,42,24,18
19173,Humphry,vashj,1485,paladin,retribution,42,21,21
19174,Сангвиний,howling-fjord,1485,paladin,retribution,71,27,44
19175,Baldivar,silvermoon,1484,paladin,retribution,66,38,28
19176,Benno,dun-modr,1483,paladin,retribution,46,20,26
19177,Catar,arathor,1482,paladin,retribution,157,87,70
19178,Argonak,sanguino,1480,paladin,retribution,30,20,10
19179,Ratklng,ravencrest,1480,paladin,retribution,30,19,11
19180,Uxxer,sanguino,1479,paladin,retribution,41,23,18
19181,Portgas,hyjal,1479,paladin,retribution,48,24,24
19182,Романтик,deathweaver,1477,paladin,retribution,42,18,24
19183,Briman,neptulon,1475,paladin,retribution,36,20,16
19184,Blekadin,ragnaros,1475,paladin,retribution,44,22,22
19185,Àræs,archimonde,1475,paladin,retribution,54,22,32
19186,Шэйкер,blackscar,1475,paladin,retribution,47,17,30
19187,Santaclaus,zuljin,1474,paladin,retribution,30,19,11
19188,Boomboomciao,draenor,1473,paladin,retribution,30,21,9
19189,Snibsxpala,silvermoon,1473,paladin,retribution,41,20,21
19190,Aleixodolphi,argent-dawn,1472,paladin,retribution,104,43,61
19191,Tóxicpaladín,kazzak,1471,paladin,retribution,85,39,46
19192,Arfeniel,stormscale,1470,paladin,retribution,66,27,39
19193,Craaw,archimonde,1468,paladin,retribution,71,28,43
19194,Sieghard,aegwynn,1467,paladin,retribution,108,53,55
19195,Ромерл,gordunni,1467,paladin,retribution,36,16,20
19196,Вэис,borean-tundra,1465,paladin,retribution,35,18,17
19197,Gazïel,kaelthas,1464,paladin,retribution,60,32,28
19198,Хамили,gordunni,1464,paladin,retribution,42,18,24
19199,Deloréane,archimonde,1463,paladin,retribution,39,17,22
19200,Gymly,kazzak,1462,paladin,retribution,156,87,69
19201,Chíllpills,silvermoon,1462,paladin,retribution,48,20,28
19202,Sickbolt,eredar,1461,paladin,retribution,84,47,37
19203,Malemanlad,silvermoon,1460,paladin,retribution,132,67,65
19204,Teryanna,ragnaros,1460,paladin,retribution,74,29,45
19205,Tuppo,argent-dawn,1459,paladin,retribution,79,35,44
19206,Válé,silvermoon,1459,paladin,retribution,86,38,48
19207,Zanreti,outland,1458,paladin,retribution,110,57,53
19208,Ysell,sargeras,1458,paladin,retribution,38,18,20
19209,Xyzl,argent-dawn,1457,paladin,retribution,54,30,24
19210,Grobididi,malygos,1457,paladin,retribution,54,28,26
19211,Jaro,alleria,1457,paladin,retribution,33,16,17
19212,Кветирон,soulflayer,1457,paladin,retribution,96,45,51
19213,Paellysuir,blackmoore,1457,paladin,retribution,90,41,49
19214,Hydrath,ysondre,1457,paladin,retribution,48,21,27
19215,Ветрум,gordunni,1456,paladin,retribution,36,18,18
19216,Moodý,ragnaros,1455,paladin,retribution,88,43,45
19217,Elinmogz,kazzak,1454,paladin,retribution,26,16,10
19218,Серёжблондин,gordunni,1454,paladin,retribution,42,23,19
19219,Синфуледи,gordunni,1454,paladin,retribution,48,17,31
19220,Kawabanga,the-maelstrom,1452,paladin,retribution,34,18,16
19221,Лусейд,howling-fjord,1451,paladin,retribution,35,24,11
19222,Тюрр,lich-king,1450,paladin,retribution,49,23,26
19223,Uraraka,burning-blade,1449,paladin,retribution,30,22,8
19224,Wadey,tarren-mill,1449,paladin,retribution,54,25,29
19225,Oldsqlmofu,blackrock,1448,paladin,retribution,36,17,19
19226,Apokalipsnik,drakthul,1448,paladin,retribution,36,16,20
19227,Lukeus,the-maelstrom,1447,paladin,retribution,66,37,29
19228,Teìltaus,eredar,1446,paladin,retribution,60,28,32
19229,Leeroyjinks,twisting-nether,1445,paladin,retribution,30,18,12
19230,Finñ,sylvanas,1445,paladin,retribution,59,29,30
19231,Doomgape,alakir,1445,paladin,retribution,54,19,35
19232,Gashqx,hyjal,1443,paladin,retribution,39,26,13
19233,Valarians,nemesis,1443,paladin,retribution,30,16,14
19234,Nothonnest,archimonde,1440,paladin,retribution,34,23,11
19235,Io,frostwolf,1440,paladin,retribution,143,63,80
19236,Меварх,howling-fjord,1439,paladin,retribution,30,15,15
19237,Nlyrld,magtheridon,1438,paladin,retribution,24,15,9
19238,Hogan,blackmoore,1438,paladin,retribution,36,20,16
19239,Dinønuggets,ravencrest,1438,paladin,retribution,30,15,15
19240,Youmistpew,antonidas,1438,paladin,retribution,36,15,21
19241,Holyhi,silvermoon,1437,paladin,retribution,47,25,22
19242,Exceed,blackmoore,1436,paladin,retribution,30,15,15
19243,Arrious,frostmane,1436,paladin,retribution,35,17,18
19244,Jac,nemesis,1436,paladin,retribution,86,40,46
19245,Холишокович,deathweaver,1436,paladin,retribution,36,16,20
19246,Rullatorsvèn,stormscale,1436,paladin,retribution,36,15,21
19247,Alvagur,zirkel-des-cenarius,1435,paladin,retribution,40,23,17
19248,Shröömïë,silvermoon,1435,paladin,retribution,134,66,68
19249,Sletlana,burning-blade,1434,paladin,retribution,24,15,9
19250,Крода,deepholm,1434,paladin,retribution,36,18,18
19251,Mimsy,dalaran,1434,paladin,retribution,59,27,32
19252,Lipsvirgin,kazzak,1433,paladin,retribution,30,15,15
19253,Lightstrike,stormrage,1432,paladin,retribution,30,17,13
19254,Syracx,blackhand,1432,paladin,retribution,47,22,25
19255,Merkury,sanguino,1432,paladin,retribution,36,15,21
19256,Alithyra,earthen-ring,1431,paladin,retribution,85,42,43
19257,Saedrick,nemesis,1431,paladin,retribution,36,15,21
19258,Duckiboy,ragnaros,1430,paladin,retribution,90,52,38
19259,Argentø,ravencrest,1430,paladin,retribution,95,46,49
19260,Mazekiel,archimonde,1429,paladin,retribution,30,16,14
19261,Evililz,kazzak,1429,paladin,retribution,55,27,28
19262,Сазар,gordunni,1426,paladin,retribution,51,21,30
19263,Ðivine,stormscale,1424,paladin,retribution,48,26,22
19264,Rhyvar,outland,1424,paladin,retribution,30,15,15
19265,Росиель,soulflayer,1424,paladin,retribution,50,22,28
19266,Джагадаптер,gordunni,1422,paladin,retribution,47,28,19
19267,Auryel,nemesis,1422,paladin,retribution,38,18,20
19268,Nillenkäse,antonidas,1421,paladin,retribution,24,15,9
19269,Flaweldin,ravencrest,1420,paladin,retribution,18,15,3
19270,Seductîve,kazzak,1419,paladin,retribution,48,28,20
19271,Olivaresx,ravencrest,1418,paladin,retribution,54,19,35
19272,Ayàhuazka,ysondre,1417,paladin,retribution,54,23,31
19273,Diamir,rajaxx,1417,paladin,retribution,51,20,31
19274,Fryl,quelthalas,1416,paladin,retribution,66,37,29
19275,Offa,draenor,1416,paladin,retribution,48,23,25
19276,Братстепина,gordunni,1415,paladin,retribution,36,15,21
19277,Dvouklik,burning-blade,1413,paladin,retribution,41,24,17
19278,Аниф,ashenvale,1413,paladin,retribution,36,15,21
19279,Imoss,hyjal,1412,paladin,retribution,24,19,5
19280,Kaizêr,silvermoon,1409,paladin,retribution,85,44,41
19281,Йзериль,howling-fjord,1408,paladin,retribution,18,15,3
19282,Bajheeroth,kazzak,1408,paladin,retribution,24,15,9
19283,Holyblast,shattered-hand,1407,paladin,retribution,30,23,7
19284,Блейзерфайт,eversong,1407,paladin,retribution,36,17,19
19285,Taiiki,archimonde,1406,paladin,retribution,66,39,27
19286,Maltazar,arygos,1404,paladin,retribution,24,15,9
19287,Hagën,minahonda,1404,paladin,retribution,47,26,21
19288,Ashent,stormscale,1404,paladin,retribution,76,38,38
19289,Shtaladin,sylvanas,1404,paladin,retribution,95,43,52
19290,Crazzylight,kazzak,1403,paladin,retribution,74,35,39
19291,Avalindro,wrathbringer,1403,paladin,retribution,36,15,21
19292,Vaako,blackrock,1402,paladin,retribution,24,15,9
19293,Loscar,silvermoon,1402,paladin,retribution,30,15,15
19294,Swan,chogall,1402,paladin,retribution,48,23,25
19295,Ahnaa,argent-dawn,1401,paladin,retribution,75,40,35
19296,Zélix,bronzebeard,1401,paladin,retribution,36,18,18
19297,Albz,laughing-skull,1401,paladin,retribution,30,15,15
19298,Veckra,kazzak,1401,paladin,retribution,36,17,19
19299,Logikoma,tarren-mill,1400,paladin,retribution,24,15,9
19300,Joniopala,stormreaver,1399,paladin,retribution,35,15,20
19301,Ekzykes,ravencrest,1397,paladin,retribution,24,15,9
19302,Thazyru,frostmane,1395,paladin,retribution,24,16,8
19303,Teho,dragonblight,1395,paladin,retribution,97,51,46
19304,Jimrogier,argent-dawn,1395,paladin,retribution,36,15,21
19305,Trisunonvaki,khazgoroth,1394,paladin,retribution,95,49,46
19306,Хиккудоджер,eversong,1393,paladin,retribution,89,49,40
19307,Dantrag,eredar,1391,paladin,retribution,42,15,27
19308,Jackub,draenor,1390,paladin,retribution,44,24,20
19309,Айэмбомб,howling-fjord,1390,paladin,retribution,30,15,15
19310,Aisnil,twilights-hammer,1390,paladin,retribution,83,41,42
19311,Windsor,argent-dawn,1389,paladin,retribution,66,31,35
19312,Wisupl,silvermoon,1387,paladin,retribution,42,29,13
19313,Shrøømz,antonidas,1386,paladin,retribution,48,25,23
19314,Zandorath,argent-dawn,1386,paladin,retribution,54,24,30
19315,Iagö,argent-dawn,1386,paladin,retribution,35,15,20
19316,Nînaninja,silvermoon,1385,paladin,retribution,30,15,15
19317,Rudî,sanguino,1384,paladin,retribution,34,25,9
19318,Unkillablee,stormscale,1384,paladin,retribution,64,34,30
19319,Ljumá,kazzak,1384,paladin,retribution,69,31,38
19320,Izolated,aegwynn,1383,paladin,retribution,60,24,36
19321,Aumium,sunstrider,1380,paladin,retribution,72,29,43
19322,Террорх,blackscar,1380,paladin,retribution,48,18,30
19323,Zebramann,silvermoon,1379,paladin,retribution,57,31,26
19324,Vlodthar,uldum,1378,paladin,retribution,24,15,9
19325,Perrinaybull,magtheridon,1378,paladin,retribution,44,18,26
19326,Lééroÿ,sylvanas,1377,paladin,retribution,54,25,29
19327,Tríbunus,blackmoore,1376,paladin,retribution,31,17,14
19328,Gavril,bloodfeather,1376,paladin,retribution,36,18,18
19329,Frutte,malganis,1375,paladin,retribution,24,15,9
19330,Walladin,stormscale,1375,paladin,retribution,87,42,45
19331,Morniarn,argent-dawn,1374,paladin,retribution,54,29,25
19332,Zehnya,grim-batol,1373,paladin,retribution,64,33,31
19333,Forneus,nemesis,1372,paladin,retribution,76,43,33
19334,Джибути,soulflayer,1372,paladin,retribution,89,41,48
19335,Telredor,rexxar,1372,paladin,retribution,42,15,27
19336,Forja,silvermoon,1370,paladin,retribution,27,15,12
19337,Hazorarh,argent-dawn,1370,paladin,retribution,31,17,14
19338,Hella,dunemaul,1368,paladin,retribution,47,26,21
19339,Goldhand,vashj,1368,paladin,retribution,66,31,35
19340,Uwelist,arathor,1368,paladin,retribution,67,31,36
19341,Aeyalana,ragnaros,1367,paladin,retribution,35,17,18
19342,Svetijuju,kazzak,1367,paladin,retribution,60,29,31
19343,Vendikor,nemesis,1367,paladin,retribution,132,56,76
19344,Raweo,kilrogg,1366,paladin,retribution,72,47,25
19345,Белкоксю,booty-bay,1366,paladin,retribution,60,27,33
19346,Nfxx,argent-dawn,1365,paladin,retribution,24,15,9
19347,Rodakinos,outland,1365,paladin,retribution,52,30,22
19348,Günselsen,antonidas,1364,paladin,retribution,168,84,84
19349,Holÿbeard,ravencrest,1362,paladin,retribution,30,18,12
19350,Ямыч,ashenvale,1362,paladin,retribution,34,17,17
19351,Xavios,eredar,1362,paladin,retribution,36,16,20
19352,Флаила,ashenvale,1361,paladin,retribution,54,33,21
19353,Vorsip,tarren-mill,1360,paladin,retribution,42,19,23
19354,Эзарх,gordunni,1359,paladin,retribution,58,29,29
19355,Horgar,nagrand,1359,paladin,retribution,82,40,42
19356,Riskha,archimonde,1358,paladin,retribution,21,15,6
19357,Radamanthes,ysondre,1358,paladin,retribution,55,27,28
19358,Тромбб,soulflayer,1358,paladin,retribution,36,15,21
19359,Denlow,silvermoon,1357,paladin,retribution,66,32,34
19360,Гучив,howling-fjord,1354,paladin,retribution,48,27,21
19361,Apolomaeuz,blackhand,1354,paladin,retribution,36,20,16
19362,Retgaffeooku,conseil-des-ombres,1353,paladin,retribution,36,19,17
19363,Aasimar,twilights-hammer,1353,paladin,retribution,140,72,68
19364,Curtwizz,silvermoon,1353,paladin,retribution,39,19,20
19365,Рэгнволд,deathguard,1352,paladin,retribution,52,25,27
19366,Iamnami,earthen-ring,1351,paladin,retribution,58,23,35
19367,Илюшагодх,gordunni,1349,paladin,retribution,48,26,22
19368,Boabux,draenor,1349,paladin,retribution,80,40,40
19369,Koami,blackmoore,1348,paladin,retribution,30,15,15
19370,Købìtø,archimonde,1348,paladin,retribution,42,20,22
19371,Nomurabeta,naxxramas,1348,paladin,retribution,38,17,21
19372,Милостьрока,gordunni,1347,paladin,retribution,30,15,15
19373,Stelanâal,archimonde,1346,paladin,retribution,68,33,35
19374,Боевикс,ashenvale,1343,paladin,retribution,24,15,9
19375,Inkzen,silvermoon,1343,paladin,retribution,24,14,10
19376,Qpala,quelthalas,1343,paladin,retribution,24,14,10
19377,Mashijudge,blackhand,1343,paladin,retribution,54,28,26
19378,Rulîx,blackmoore,1343,paladin,retribution,51,16,35
19379,Тайронх,soulflayer,1341,paladin,retribution,30,14,16
19380,Chocbear,tarren-mill,1341,paladin,retribution,30,14,16
19381,Yunax,silvermoon,1340,paladin,retribution,24,17,7
19382,Zeyz,defias-brotherhood,1340,paladin,retribution,42,21,21
19383,Wingsuit,eredar,1339,paladin,retribution,32,14,18
19384,Витурус,howling-fjord,1339,paladin,retribution,42,14,28
19385,Гуэргос,gordunni,1338,paladin,retribution,30,14,16
19386,Umîrînbrah,twisting-nether,1337,paladin,retribution,22,15,7
19387,Mustach,aggra-português,1337,paladin,retribution,41,20,21
19388,Razrpal,tarren-mill,1337,paladin,retribution,30,14,16
19389,Stavrosy,outland,1337,paladin,retribution,36,14,22
19390,Торсгад,gordunni,1336,paladin,retribution,24,14,10
19391,Proletardk,draenor,1336,paladin,retribution,102,51,51
19392,Shakkur,varimathras,1335,paladin,retribution,24,14,10
19393,Blakethorn,silvermoon,1335,paladin,retribution,30,14,16
19394,Мэибибэиби,howling-fjord,1335,paladin,retribution,36,14,22
19395,Apolytos,laughing-skull,1335,paladin,retribution,36,14,22
19396,Zipoohun,arathor,1334,paladin,retribution,97,52,45
19397,Синдикатх,soulflayer,1334,paladin,retribution,83,44,39
19398,Gigajudge,ravencrest,1333,paladin,retribution,24,14,10
19399,Хилерскийхил,soulflayer,1332,paladin,retribution,32,14,18
19400,Ibuc,blackrock,1331,paladin,retribution,24,14,10
19401,Thàø,chants-éternels,1331,paladin,retribution,30,14,16
19402,Baxxster,blackhand,1331,paladin,retribution,36,14,22
19403,Guskey,draenor,1330,paladin,retribution,30,14,16
19404,Рашенс,gordunni,1329,paladin,retribution,42,18,24
19405,Unohana,shattered-halls,1329,paladin,retribution,100,40,60
19406,Lycasia,hyjal,1329,paladin,retribution,36,14,22
19407,Ædrenn,archimonde,1329,paladin,retribution,42,14,28
19408,Primle,thrall,1328,paladin,retribution,60,32,28
19409,Brölin,sanguino,1326,paladin,retribution,36,16,20
19410,Âlßêdø,silvermoon,1325,paladin,retribution,60,30,30
19411,Doubtfire,tarren-mill,1325,paladin,retribution,30,14,16
19412,Кливерти,gordunni,1325,paladin,retribution,36,14,22
19413,Хеллкик,howling-fjord,1325,paladin,retribution,37,14,23
19414,Enriel,temple-noir,1324,paladin,retribution,30,16,14
19415,Yaoiri,argent-dawn,1323,paladin,retribution,23,15,8
19416,Sødaz,hyjal,1322,paladin,retribution,47,21,26
19417,Hydarr,twisting-nether,1320,paladin,retribution,50,27,23
19418,Vvaarok,blackmoore,1320,paladin,retribution,71,30,41
19419,Rothmans,aggra-português,1319,paladin,retribution,36,20,16
19420,Klittsurf,bloodhoof,1317,paladin,retribution,60,36,24
19421,Sebatrøz,ravencrest,1315,paladin,retribution,24,14,10
19422,Legendaryxw,drakthul,1315,paladin,retribution,30,14,16
19423,Sparrda,dun-modr,1314,paladin,retribution,48,24,24
19424,Синерина,blackscar,1314,paladin,retribution,47,20,27
19425,Balthassar,kirin-tor,1314,paladin,retribution,42,17,25
19426,Foxare,burning-legion,1312,paladin,retribution,53,29,24
19427,Пепсекольный,soulflayer,1312,paladin,retribution,48,25,23
19428,Viiri,burning-legion,1311,paladin,retribution,71,40,31
19429,Малоко,thermaplugg,1311,paladin,retribution,30,14,16
19430,Мизиола,galakrond,1310,paladin,retribution,60,30,30
19431,Mendril,malorne,1309,paladin,retribution,36,23,13
19432,Артреал,blackscar,1309,paladin,retribution,66,36,30
19433,Nardindindou,ysondre,1309,paladin,retribution,158,80,78
19434,Melior,skullcrusher,1309,paladin,retribution,34,16,18
19435,Gonhilda,kazzak,1303,paladin,retribution,42,23,19
19436,Беймикс,gordunni,1303,paladin,retribution,72,36,36
19437,Fumaça,dun-modr,1301,paladin,retribution,49,28,21
19438,Aegend,antonidas,1301,paladin,retribution,163,77,86
19439,Booyaahh,ravencrest,1301,paladin,retribution,36,17,19
19440,Диваин,gordunni,1300,paladin,retribution,36,17,19
19441,Fredas,hyjal,1299,paladin,retribution,54,26,28
19442,Darhuun,antonidas,1299,paladin,retribution,99,47,52
19443,Jackypala,ravencrest,1297,paladin,retribution,36,19,17
19444,Iljanaqt,blackrock,1297,paladin,retribution,34,15,19
19445,Barakisback,silvermoon,1296,paladin,retribution,30,17,13
19446,Elení,thrall,1296,paladin,retribution,37,15,22
19447,Ретриванлав,gordunni,1296,paladin,retribution,72,24,48
19448,Jagen,tyrande,1295,paladin,retribution,57,28,29
19449,Ëlësilf,sanguino,1293,paladin,retribution,30,15,15
19450,Erin,wildhammer,1293,paladin,retribution,45,22,23
19451,Варасса,grom,1293,paladin,retribution,30,14,16
19452,Orseis,anubarak,1291,paladin,retribution,29,15,14
19453,Mantinel,hellfire,1290,paladin,retribution,32,20,12
19454,Sagittaxx,kazzak,1290,paladin,retribution,44,21,23
19455,Ocgynle,alonsus,1286,paladin,retribution,57,36,21
19456,Epoke,archimonde,1285,paladin,retribution,36,21,15
19457,Nazdarvole,drakthul,1284,paladin,retribution,42,23,19
19458,Angrykorean,blackmoore,1284,paladin,retribution,59,28,31
19459,Holylimx,draenor,1283,paladin,retribution,114,56,58
19460,Корсаро,deepholm,1282,paladin,retribution,47,18,29
19461,Dieversity,stormscale,1280,paladin,retribution,41,16,25
19462,Aikm,tarren-mill,1277,paladin,retribution,62,30,32
19463,Jâybee,ravencrest,1277,paladin,retribution,30,14,16
19464,Imaturtle,darksorrow,1273,paladin,retribution,42,15,27
19465,Iklohz,sanguino,1272,paladin,retribution,42,21,21
19466,Æthëlflæd,ravencrest,1271,paladin,retribution,39,24,15
19467,Lightmonger,drakthul,1271,paladin,retribution,30,17,13
19468,Hammexõr,sylvanas,1271,paladin,retribution,87,39,48
19469,Cästiël,arathor,1269,paladin,retribution,41,21,20
19470,Asorte,chants-éternels,1269,paladin,retribution,60,23,37
19471,Yrgin,ravencrest,1268,paladin,retribution,96,48,48
19472,Эльбабло,lich-king,1268,paladin,retribution,45,21,24
19473,Перизкопец,gordunni,1267,paladin,retribution,30,16,14
19474,Auditõr,argent-dawn,1267,paladin,retribution,85,32,53
19475,Ventsi,kazzak,1266,paladin,retribution,90,47,43
19476,Самерваль,borean-tundra,1265,paladin,retribution,64,37,27
19477,Kreyvin,argent-dawn,1265,paladin,retribution,71,29,42
19478,Хен,blackscar,1264,paladin,retribution,44,22,22
19479,Draìgo,nemesis,1262,paladin,retribution,23,14,9
19480,Светонносец,gordunni,1262,paladin,retribution,42,14,28
19481,Owiganowi,ulduar,1260,paladin,retribution,30,19,11
19482,Sumecbtw,aegwynn,1260,paladin,retribution,37,14,23
19483,Teogrim,blackmoore,1259,paladin,retribution,54,32,22
19484,Hemdâl,kirin-tor,1259,paladin,retribution,60,31,29
19485,Icearth,pozzo-delleternità,1259,paladin,retribution,114,53,61
19486,Émøùki,dalaran,1258,paladin,retribution,41,19,22
19487,Edyk,silvermoon,1257,paladin,retribution,71,41,30
19488,Mataleo,archimonde,1256,paladin,retribution,54,33,21
19489,Миоцуки,gordunni,1254,paladin,retribution,82,37,45
19490,Faithsmemory,silvermoon,1254,paladin,retribution,74,31,43
19491,Джекадамс,gordunni,1254,paladin,retribution,171,63,108
19492,Nevermoore,doomhammer,1253,paladin,retribution,36,16,20
19493,Tønyx,les-clairvoyants,1253,paladin,retribution,32,14,18
19494,Хоулишит,blackscar,1251,paladin,retribution,24,16,8
19495,Hollylady,outland,1251,paladin,retribution,30,19,11
19496,Snottybrat,draenor,1249,paladin,retribution,86,45,41
19497,Mainôs,ravencrest,1248,paladin,retribution,24,13,11
19498,Lübu,archimonde,1248,paladin,retribution,30,13,17
19499,Retdream,nemesis,1247,paladin,retribution,18,13,5
19500,Zóran,kazzak,1247,paladin,retribution,24,13,11
19501,Ërzã,outland,1247,paladin,retribution,30,13,17
19502,Тардариус,gordunni,1247,paladin,retribution,30,13,17
19503,Hislifelmao,kazzak,1247,paladin,retribution,30,13,17
19504,Paladiodinos,hyjal,1247,paladin,retribution,42,16,26
19505,Блэкхарм,gordunni,1247,paladin,retribution,36,13,23
19506,Retforlife,sylvanas,1246,paladin,retribution,24,13,11
19507,Bonzai,blackrock,1246,paladin,retribution,54,24,30
19508,Gromzed,ravencrest,1245,paladin,retribution,30,13,17
19509,Hito,sylvanas,1245,paladin,retribution,30,13,17
19510,Ассайоу,soulflayer,1245,paladin,retribution,42,13,29
19511,Hülä,antonidas,1244,paladin,retribution,24,13,11
19512,Bezúziusz,ragnaros,1244,paladin,retribution,36,16,20
19513,Sukinsin,aegwynn,1244,paladin,retribution,30,13,17
19514,Marthawise,eredar,1244,paladin,retribution,30,13,17
19515,Proxidus,blackmoore,1244,paladin,retribution,41,16,25
19516,Zeroeffect,blackhand,1243,paladin,retribution,24,13,11
19517,Tîrana,ysondre,1243,paladin,retribution,30,13,17
19518,Goofymits,twisting-nether,1242,paladin,retribution,30,13,17
19519,Endar,drakthul,1242,paladin,retribution,36,14,22
19520,Juliea,aegwynn,1242,paladin,retribution,54,20,34
19521,Arkura,nozdormu,1241,paladin,retribution,24,14,10
19522,Joelosteen,neptulon,1241,paladin,retribution,54,29,25
19523,Ilikejudge,blackmoore,1241,paladin,retribution,42,13,29
19524,Raerion,ragnaros,1240,paladin,retribution,30,21,9
19525,Mma,sylvanas,1240,paladin,retribution,48,24,24
19526,Ïnata,khaz-modan,1240,paladin,retribution,36,15,21
19527,Jdizzy,tarren-mill,1239,paladin,retribution,24,13,11
19528,Clamjam,sylvanas,1239,paladin,retribution,36,13,23
19529,Geilershrimp,blackrock,1239,paladin,retribution,42,13,29
19530,Nowitzki,sanguino,1238,paladin,retribution,18,13,5
19531,Молотоборец,gordunni,1238,paladin,retribution,68,36,32
19532,Truezero,draenor,1237,paladin,retribution,36,18,18
19533,Cianna,shattered-hand,1237,paladin,retribution,40,13,27
19534,Æe,blackmoore,1236,paladin,retribution,37,22,15
19535,Teliriyon,blackrock,1236,paladin,retribution,32,14,18
19536,Lewp,tarren-mill,1234,paladin,retribution,18,13,5
19537,Troublebuble,silvermoon,1234,paladin,retribution,24,13,11
19538,Anatorka,drakthul,1234,paladin,retribution,78,39,39
19539,Akelad,arathor,1234,paladin,retribution,48,13,35
19540,Aurroraa,doomhammer,1233,paladin,retribution,27,14,13
19541,Valpen,veknilash,1233,paladin,retribution,30,15,15
19542,Annyaiva,outland,1233,paladin,retribution,36,13,23
19543,Lamohru,argent-dawn,1233,paladin,retribution,36,13,23
19544,Nessùm,hyjal,1232,paladin,retribution,60,22,38
19545,Цвандр,gordunni,1231,paladin,retribution,64,30,34
19546,Bornir,khaz-modan,1230,paladin,retribution,59,27,32
19547,Wumbo,sinstralis,1229,paladin,retribution,36,19,17
19548,Flawx,blackmoore,1228,paladin,retribution,24,13,11
19549,Наваляка,deathguard,1228,paladin,retribution,24,13,11
19550,Zâre,sanguino,1228,paladin,retribution,58,27,31
19551,Painshield,outland,1228,paladin,retribution,41,13,28
19552,Walorez,ragnaros,1227,paladin,retribution,23,13,10
19553,Tillak,draenor,1227,paladin,retribution,24,13,11
19554,Llya,blackrock,1227,paladin,retribution,26,14,12
19555,Вандиир,soulflayer,1226,paladin,retribution,24,13,11
19556,Atomicbubble,balnazzar,1225,paladin,retribution,54,26,28
19557,Pytha,nozdormu,1224,paladin,retribution,79,43,36
19558,Nollieflip,tarren-mill,1224,paladin,retribution,30,15,15
19559,Bootybanger,thrall,1223,paladin,retribution,24,13,11
19560,Масачусетсс,gordunni,1223,paladin,retribution,33,17,16
19561,Patsani,twilights-hammer,1222,paladin,retribution,54,31,23
19562,Velkar,frostmane,1221,paladin,retribution,50,26,24
19563,Swagged,kazzak,1220,paladin,retribution,46,21,25
19564,Юлец,galakrond,1220,paladin,retribution,30,13,17
19565,Lagaminë,dalaran,1219,paladin,retribution,111,53,58
19566,Dinøx,archimonde,1219,paladin,retribution,126,60,66
19567,Freyjä,turalyon,1218,paladin,retribution,96,44,52
19568,Lumino,twilights-hammer,1218,paladin,retribution,35,16,19
19569,Ragnarük,khaz-modan,1217,paladin,retribution,42,20,22
19570,Beastyblodne,sylvanas,1215,paladin,retribution,30,17,13
19571,Helmed,tarren-mill,1215,paladin,retribution,57,31,26
19572,Leyawin,sanguino,1215,paladin,retribution,36,18,18
19573,Shorella,malganis,1214,paladin,retribution,30,17,13
19574,Rilledread,stormscale,1214,paladin,retribution,114,57,57
19575,Jynxedxoxo,blackrock,1214,paladin,retribution,36,16,20
19576,Ункаль,ashenvale,1213,paladin,retribution,114,54,60
19577,Hornox,ragnaros,1213,paladin,retribution,48,22,26
19578,Takaret,hyjal,1213,paladin,retribution,85,38,47
19579,Messîah,outland,1210,paladin,retribution,86,49,37
19580,Keith,dragonmaw,1210,paladin,retribution,30,14,16
19581,Альфазеро,howling-fjord,1208,paladin,retribution,28,13,15
19582,Kýrp,stormreaver,1207,paladin,retribution,43,16,27
19583,Makiwara,emeriss,1206,paladin,retribution,49,26,23
19584,Светлыйкит,blackscar,1204,paladin,retribution,48,25,23
19585,Лютыйчпок,fordragon,1200,paladin,retribution,76,34,42
19586,Блэквилл,howling-fjord,1200,paladin,retribution,72,30,42
19587,Лейфи,howling-fjord,1199,paladin,retribution,36,15,21
19588,Lightppl,outland,1198,paladin,retribution,48,23,25
19589,Палочка,howling-fjord,1198,paladin,retribution,60,26,34
19590,Andocay,das-syndikat,1197,paladin,retribution,42,14,28
19591,Seigi,tarren-mill,1195,paladin,retribution,30,15,15
19592,Dragonous,darkmoon-faire,1195,paladin,retribution,96,40,56
19593,Beyma,twisting-nether,1193,paladin,retribution,23,13,10
19594,Whiffy,silvermoon,1193,paladin,retribution,36,13,23
19595,Hïto,dun-modr,1189,paladin,retribution,24,14,10
19596,Shuler,silvermoon,1189,paladin,retribution,46,26,20
19597,Carpetcummer,ravencrest,1189,paladin,retribution,30,13,17
19598,Syng,garona,1186,paladin,retribution,36,14,22
19599,Mughena,kazzak,1185,paladin,retribution,30,13,17
19600,Raê,hyjal,1185,paladin,retribution,54,20,34
19601,Perfectum,burning-legion,1182,paladin,retribution,28,13,15
19602,Steakenstein,nathrezim,1181,paladin,retribution,30,14,16
19603,Irinor,rashgarroth,1181,paladin,retribution,30,14,16
19604,Memororo,stormscale,1181,paladin,retribution,32,13,19
19605,Cigyal,hyjal,1178,paladin,retribution,42,23,19
19606,Mystíque,die-todeskrallen,1177,paladin,retribution,48,27,21
19607,Ylvannka,blackmoore,1177,paladin,retribution,48,23,25
19608,Angelcore,tarren-mill,1177,paladin,retribution,96,44,52
19609,Palitard,turalyon,1176,paladin,retribution,48,27,21
19610,Pitusá,dun-modr,1176,paladin,retribution,48,16,32
19611,Summuno,eredar,1174,paladin,retribution,54,18,36
19612,Hypothalamus,silvermoon,1173,paladin,retribution,30,14,16
19613,Rileys,turalyon,1173,paladin,retribution,54,25,29
19614,Тэмплари,galakrond,1168,paladin,retribution,51,21,30
19615,Allenn,tarren-mill,1166,paladin,retribution,23,13,10
19616,Khrotos,draenor,1166,paladin,retribution,66,30,36
19617,Zemoss,kazzak,1164,paladin,retribution,24,14,10
19618,Пропала,greymane,1161,paladin,retribution,60,28,32
19619,Holybubo,tarren-mill,1160,paladin,retribution,66,34,32
19620,Judgement,quelthalas,1158,paladin,retribution,30,20,10
19621,Obé,argent-dawn,1158,paladin,retribution,124,67,57
19622,Vrgingamer,kazzak,1158,paladin,retribution,48,16,32
19623,Pery,malganis,1157,paladin,retribution,48,28,20
19624,Stepamusicz,stormreaver,1154,paladin,retribution,30,15,15
19625,Conserva,jaedenar,1153,paladin,retribution,40,22,18
19626,Yanisx,burning-legion,1153,paladin,retribution,28,14,14
19627,Ixøne,kazzak,1152,paladin,retribution,18,12,6
19628,Clessington,die-aldor,1152,paladin,retribution,18,12,6
19629,Harlequina,argent-dawn,1151,paladin,retribution,18,12,6
19630,Vorthir,khaz-modan,1151,paladin,retribution,32,16,16
19631,Реальныйпал,gordunni,1151,paladin,retribution,24,12,12
19632,Ттиаматт,howling-fjord,1151,paladin,retribution,24,12,12
19633,Dízeltekurva,ragnaros,1151,paladin,retribution,24,12,12
19634,Ezetrol,xavius,1151,paladin,retribution,24,12,12
19635,Строу,blackscar,1150,paladin,retribution,18,12,6
19636,Heallgodxx,ragnaros,1150,paladin,retribution,18,12,6
19637,Антисеептик,gordunni,1150,paladin,retribution,42,21,21
19638,Hirako,nemesis,1150,paladin,retribution,24,12,12
19639,Ruotollo,ravencrest,1150,paladin,retribution,24,12,12
19640,Monkeylight,ambossar,1150,paladin,retribution,37,15,22
19641,Knusern,dunemaul,1150,paladin,retribution,30,12,18
19642,Jannene,draenor,1150,paladin,retribution,30,12,18
19643,Bätïk,blackmoore,1150,paladin,retribution,30,12,18
19644,Menephannt,outland,1150,paladin,retribution,33,13,20
19645,Dominikcro,sylvanas,1149,paladin,retribution,24,12,12
19646,Djandja,blackrock,1149,paladin,retribution,24,12,12
19647,Strykar,aggra-português,1149,paladin,retribution,24,12,12
19648,Badbuññy,sylvanas,1149,paladin,retribution,36,12,24
19649,Júdger,twisting-nether,1148,paladin,retribution,18,12,6
19650,Keft,twisting-nether,1148,paladin,retribution,24,12,12
19651,Búbbles,nerathor,1147,paladin,retribution,18,12,6
19652,Unzufrieden,silvermoon,1147,paladin,retribution,24,12,12
19653,Varunyyo,blackrock,1147,paladin,retribution,30,12,18
19654,Supergallows,shattered-hand,1147,paladin,retribution,30,12,18
19655,Aylion,blackrock,1146,paladin,retribution,18,12,6
19656,Algoric,suramar,1146,paladin,retribution,24,12,12
19657,Хельдотер,howling-fjord,1146,paladin,retribution,25,12,13
19658,Kreselia,ravencrest,1146,paladin,retribution,30,12,18
19659,Retenki,silvermoon,1146,paladin,retribution,30,12,18
19660,Иродиада,gordunni,1146,paladin,retribution,30,12,18
19661,Azhrei,archimonde,1145,paladin,retribution,30,12,18
19662,Palyx,cthun,1144,paladin,retribution,18,12,6
19663,Trefino,blackrock,1144,paladin,retribution,18,12,6
19664,Kollak,dun-modr,1144,paladin,retribution,42,18,24
19665,Цитрон,blackscar,1143,paladin,retribution,18,12,6
19666,Rînedaman,ysondre,1143,paladin,retribution,24,12,12
19667,Асшура,howling-fjord,1143,paladin,retribution,24,12,12
19668,Bigdamjudge,argent-dawn,1142,paladin,retribution,18,12,6
19669,Rayshield,tarren-mill,1142,paladin,retribution,47,23,24
19670,Raerk,dalaran,1142,paladin,retribution,43,21,22
19671,Bärghest,sanguino,1141,paladin,retribution,30,16,14
19672,Eywinn,silvermoon,1141,paladin,retribution,30,12,18
19673,Pállis,ravencrest,1139,paladin,retribution,18,12,6
19674,Dijkie,boulderfist,1139,paladin,retribution,30,12,18
19675,Càrláßrùní,hyjal,1138,paladin,retribution,18,12,6
19676,Exiztant,ravencrest,1138,paladin,retribution,36,19,17
19677,Platanid,doomhammer,1137,paladin,retribution,46,25,21
19678,Thorold,earthen-ring,1136,paladin,retribution,52,28,24
19679,Гарраж,howling-fjord,1134,paladin,retribution,24,12,12
19680,Хампал,howling-fjord,1134,paladin,retribution,29,12,17
19681,Krïstâlùlz,archimonde,1132,paladin,retribution,58,30,28
19682,Kirkmeister,terokkar,1131,paladin,retribution,29,14,15
19683,Questos,burning-legion,1130,paladin,retribution,45,25,20
19684,Aisolôn,thrall,1130,paladin,retribution,24,12,12
19685,Nelasson,eredar,1126,paladin,retribution,26,13,13
19686,Vaníos,nazjatar,1126,paladin,retribution,24,12,12
19687,Deathzinger,aszune,1126,paladin,retribution,24,12,12
19688,Buckfizz,ysondre,1121,paladin,retribution,24,16,8
19689,Mosih,bloodfeather,1121,paladin,retribution,50,29,21
19690,Bulle,the-venture-co,1121,paladin,retribution,24,12,12
19691,Burstyléz,silvermoon,1121,paladin,retribution,24,12,12
19692,Sylazz,blackrock,1121,paladin,retribution,115,53,62
19693,Veshnu,blackrock,1119,paladin,retribution,38,15,23
19694,Dafe,zuluhed,1113,paladin,retribution,50,21,29
19695,Troj,ahnqiraj,1112,paladin,retribution,30,14,16
19696,Ghostfacê,khaz-modan,1105,paladin,retribution,36,17,19
19697,Shädyss,hyjal,1105,paladin,retribution,76,34,42
19698,Raptasenda,archimonde,1104,paladin,retribution,56,23,33
19699,Kuhfleisch,eredar,1104,paladin,retribution,30,12,18
19700,Наолина,gordunni,1104,paladin,retribution,35,12,23
19701,Palabido,nemesis,1102,paladin,retribution,119,49,70
19702,Sunsaiy,doomhammer,1099,paladin,retribution,72,39,33
19703,Baldarlyset,tarren-mill,1099,paladin,retribution,39,13,26
19704,Kaljir,archimonde,1098,paladin,retribution,21,13,8
19705,Yull,twisting-nether,1097,paladin,retribution,17,12,5
19706,Zaatar,stormscale,1097,paladin,retribution,23,12,11
19707,Îiî,archimonde,1097,paladin,retribution,33,13,20
19708,Runkpaladin,kazzak,1096,paladin,retribution,60,32,28
19709,Gnarlds,doomhammer,1094,paladin,retribution,42,24,18
19710,Retrystyle,ragnaros,1093,paladin,retribution,53,24,29
19711,Jebenatreba,sporeggar,1091,paladin,retribution,29,12,17
19712,Твойвайб,gordunni,1090,paladin,retribution,27,13,14
19713,Milojcica,kazzak,1087,paladin,retribution,17,12,5
19714,Lavawraith,argent-dawn,1086,paladin,retribution,22,12,10
19715,Opgezwolle,draenor,1085,paladin,retribution,56,35,21
19716,Diøstemplar,dun-modr,1085,paladin,retribution,28,14,14
19717,Azzael,thrall,1085,paladin,retribution,95,35,60
19718,Valgar,ragnaros,1081,paladin,retribution,17,12,5
19719,Sandorr,area-52,1079,paladin,retribution,30,17,13
19720,Aerathil,nethersturm,1079,paladin,retribution,41,22,19
19721,Böb,garona,1078,paladin,retribution,36,14,22
19722,Goungokuhrbo,doomhammer,1077,paladin,retribution,40,24,16
19723,Fleshoflight,arathor,1077,paladin,retribution,27,14,13
19724,Trainingdumy,aszune,1076,paladin,retribution,24,12,12
19725,Samail,malganis,1076,paladin,retribution,30,13,17
19726,Мистерху,gordunni,1074,paladin,retribution,97,45,52
19727,Starstríder,aszune,1073,paladin,retribution,24,12,12
19728,Quoque,turalyon,1069,paladin,retribution,45,24,21
19729,Блатш,greymane,1069,paladin,retribution,43,12,31
19730,Durwin,mazrigos,1065,paladin,retribution,33,13,20
19731,Wexo,frostwolf,1065,paladin,retribution,40,12,28
19732,Dildotbagins,argent-dawn,1064,paladin,retribution,52,32,20
19733,Lliissaa,kazzak,1059,paladin,retribution,54,31,23
19734,Lytza,frostwolf,1059,paladin,retribution,30,15,15
19735,Judgemented,turalyon,1059,paladin,retribution,30,12,18
19736,Sheïkka,hyjal,1057,paladin,retribution,62,29,33
19737,Papichuló,aegwynn,1056,paladin,retribution,18,11,7
19738,Soossi,silvermoon,1056,paladin,retribution,18,11,7
19739,Franzîskûs,blackmoore,1056,paladin,retribution,24,11,13
19740,Pia,twisting-nether,1056,paladin,retribution,24,11,13
19741,Сакон,borean-tundra,1056,paladin,retribution,24,11,13
19742,Pog,azshara,1056,paladin,retribution,30,11,19
19743,Nyxbane,kazzak,1056,paladin,retribution,30,11,19
19744,Ilealstras,twisting-nether,1056,paladin,retribution,30,11,19
19745,Socx,outland,1056,paladin,retribution,30,11,19
19746,Mimð,kazzak,1055,paladin,retribution,18,11,7
19747,Cursedd,sanguino,1055,paladin,retribution,18,11,7
19748,Holydhanas,outland,1055,paladin,retribution,18,11,7
19749,Erasdin,silvermoon,1055,paladin,retribution,18,11,7
19750,Eléndrên,blackrock,1055,paladin,retribution,18,11,7
19751,Талрэн,howling-fjord,1055,paladin,retribution,18,11,7
19752,Terrozina,stormscale,1055,paladin,retribution,18,11,7
19753,Stukker,silvermoon,1055,paladin,retribution,24,11,13
19754,Kalimgor,theradras,1055,paladin,retribution,24,11,13
19755,Roostersucka,stormreaver,1055,paladin,retribution,24,11,13
19756,Vvsdiamonds,archimonde,1055,paladin,retribution,24,11,13
19757,Relius,outland,1055,paladin,retribution,30,11,19
19758,Almighty,ravencrest,1055,paladin,retribution,30,11,19
19759,Bázer,antonidas,1055,paladin,retribution,30,11,19
19760,Screâm,eredar,1055,paladin,retribution,36,11,25
19761,Zialo,ravencrest,1055,paladin,retribution,36,11,25
19762,Myridan,bloodhoof,1054,paladin,retribution,18,11,7
19763,Sinthoràs,shattered-hand,1054,paladin,retribution,36,20,16
19764,Blademàster,twisting-nether,1054,paladin,retribution,22,12,10
19765,Palidos,blackrock,1054,paladin,retribution,24,11,13
19766,Aguerx,alleria,1054,paladin,retribution,24,11,13
19767,Jíyü,blackmoore,1054,paladin,retribution,24,11,13
19768,Нормвал,gordunni,1054,paladin,retribution,24,11,13
19769,Думклиф,gordunni,1054,paladin,retribution,30,11,19
19770,Fleckige,nethersturm,1054,paladin,retribution,30,11,19
19771,Phalex,outland,1054,paladin,retribution,30,11,19
19772,Хилоретка,blackscar,1053,paladin,retribution,18,11,7
19773,Ridethelight,nemesis,1053,paladin,retribution,21,12,9
19774,Deceneü,kazzak,1053,paladin,retribution,24,11,13
19775,Беспощадие,gordunni,1053,paladin,retribution,24,11,13
19776,Mufuqa,ragnaros,1053,paladin,retribution,24,11,13
19777,Tyristrum,kilrogg,1053,paladin,retribution,30,11,19
19778,Chelan,thrall,1053,paladin,retribution,30,11,19
19779,Bullstorm,burning-legion,1052,paladin,retribution,24,11,13
19780,Alard,sanguino,1052,paladin,retribution,30,11,19
19781,Imreallybadx,blackrock,1051,paladin,retribution,18,11,7
19782,Llaynn,argent-dawn,1051,paladin,retribution,36,11,25
19783,Notdeadfred,silvermoon,1050,paladin,retribution,18,11,7
19784,Рипкарт,gordunni,1050,paladin,retribution,18,11,7
19785,Hugins,chamber-of-aspects,1050,paladin,retribution,24,11,13
19786,Plato,arthas,1049,paladin,retribution,30,16,14
19787,Sangiorgio,nemesis,1049,paladin,retribution,24,11,13
19788,Ironstealman,shattered-hand,1049,paladin,retribution,30,11,19
19789,Valerner,argent-dawn,1048,paladin,retribution,18,11,7
19790,Âchîle,garona,1048,paladin,retribution,55,31,24
19791,Huhuu,outland,1048,paladin,retribution,24,11,13
19792,Crazybones,marécage-de-zangar,1047,paladin,retribution,36,16,20
19793,Romfis,arathor,1046,paladin,retribution,18,11,7
19794,Spizz,dun-modr,1046,paladin,retribution,30,11,19
19795,Krustenkaese,kelthuzad,1045,paladin,retribution,18,11,7
19796,Palakag,blackhand,1045,paladin,retribution,42,12,30
19797,Jooki,drakthul,1044,paladin,retribution,18,11,7
19798,Kaelron,sanguino,1044,paladin,retribution,18,11,7
19799,Traqnbilkarq,stormscale,1044,paladin,retribution,24,12,12
19800,Grapaladin,sanguino,1044,paladin,retribution,24,11,13
19801,Darnero,blackrock,1043,paladin,retribution,18,11,7
19802,Петуретрик,gordunni,1042,paladin,retribution,30,11,19
19803,Harycon,thrall,1041,paladin,retribution,30,11,19
19804,Línke,sanguino,1040,paladin,retribution,25,12,13
19805,Mattüsälëmm,sanguino,1038,paladin,retribution,19,13,6
19806,Vâskt,dun-modr,1038,paladin,retribution,24,11,13
19807,Killa,stormrage,1038,paladin,retribution,24,11,13
19808,Мильфорд,eversong,1038,paladin,retribution,24,11,13
19809,Sessian,bronze-dragonflight,1037,paladin,retribution,54,27,27
19810,Kaedena,kaelthas,1035,paladin,retribution,18,11,7
19811,Saró,ravencrest,1035,paladin,retribution,22,12,10
19812,Лефша,soulflayer,1034,paladin,retribution,18,11,7
19813,Nenenita,cthun,1034,paladin,retribution,61,29,32
19814,Fëanôr,tarren-mill,1033,paladin,retribution,182,91,91
19815,Фокспро,lich-king,1032,paladin,retribution,24,11,13
19816,Gôdfâthér,kazzak,1031,paladin,retribution,23,11,12
19817,Snaty,khaz-modan,1024,paladin,retribution,77,40,37
19818,Арморих,gordunni,1024,paladin,retribution,22,11,11
19819,Hateless,tarren-mill,1024,paladin,retribution,28,11,17
19820,Zanathos,onyxia,1023,paladin,retribution,30,20,10
19821,Kealen,nemesis,1020,paladin,retribution,66,25,41
19822,Gerannan,kirin-tor,1018,paladin,retribution,30,14,16
19823,Eleiktra,suramar,1018,paladin,retribution,30,11,19
19824,Quasimotto,turalyon,1014,paladin,retribution,36,13,23
19825,Paladie,dalaran,1013,paladin,retribution,141,72,69
19826,Crynó,blackmoore,1010,paladin,retribution,30,13,17
19827,Nomeel,twisting-nether,1009,paladin,retribution,115,60,55
19828,Zarispal,tarren-mill,1007,paladin,retribution,21,12,9
19829,Kipperb,kazzak,1007,paladin,retribution,23,11,12
19830,Renaseh,twisting-nether,1007,paladin,retribution,23,11,12
19831,Siuras,blackmoore,1006,paladin,retribution,17,11,6
19832,Limitles,nemesis,1006,paladin,retribution,33,11,22
19833,Ilovemylay,area-52,1004,paladin,retribution,21,11,10
19834,Монбиин,soulflayer,1001,paladin,retribution,24,12,12
19835,Нэксти,howling-fjord,1001,paladin,retribution,29,11,18
19836,Rêmo,blackrock,999,paladin,retribution,18,11,7
19837,Tomales,aggramar,998,paladin,retribution,36,18,18
19838,Killtauren,kazzak,998,paladin,retribution,78,36,42
19839,Эксвайп,howling-fjord,997,paladin,retribution,23,11,12
19840,Bryllks,die-todeskrallen,996,paladin,retribution,42,25,17
19841,Paillasson,nerzhul,994,paladin,retribution,34,16,18
19842,Leilak,draenor,993,paladin,retribution,30,17,13
19843,Crazypits,silvermoon,993,paladin,retribution,36,14,22
19844,Malagat,die-todeskrallen,991,paladin,retribution,35,11,24
19845,Vibeer,ravencrest,989,paladin,retribution,70,36,34
19846,Zerohour,kilrogg,987,paladin,retribution,34,11,23
19847,Kyrokonserve,blackmoore,983,paladin,retribution,24,12,12
19848,Aégon,archimonde,983,paladin,retribution,48,18,30
19849,Bomsamdi,draenor,977,paladin,retribution,47,17,30
19850,Almohalhil,tarren-mill,972,paladin,retribution,24,13,11
19851,Zoltes,twisting-nether,971,paladin,retribution,25,11,14
19852,Адептустер,gordunni,966,paladin,retribution,26,11,15
19853,Eltruite,archimonde,962,paladin,retribution,60,25,35
19854,Vonryan,defias-brotherhood,961,paladin,retribution,36,12,24
19855,Shatar,culte-de-la-rive-noire,960,paladin,retribution,12,10,2
19856,Roklim,blackhand,960,paladin,retribution,18,10,8
19857,Cheradin,ragnaros,960,paladin,retribution,18,10,8
19858,Vhalkur,dun-modr,960,paladin,retribution,18,10,8
19859,Dodgerwilly,outland,960,paladin,retribution,18,10,8
19860,Blazerlolz,kazzak,960,paladin,retribution,18,10,8
19861,Weekly,outland,960,paladin,retribution,18,10,8
19862,Daveboss,dragonblight,960,paladin,retribution,24,10,14
19863,Наспидах,grom,960,paladin,retribution,24,10,14
19864,Sulask,argent-dawn,960,paladin,retribution,24,10,14
19865,Rqd,blackrock,960,paladin,retribution,24,10,14
19866,Dioxius,stormscale,960,paladin,retribution,24,10,14
19867,Садистка,soulflayer,960,paladin,retribution,30,10,20
19868,Oliverrar,blackrock,960,paladin,retribution,30,10,20
19869,Neverknõw,draenor,959,paladin,retribution,12,10,2
19870,Lonesoul,tarren-mill,959,paladin,retribution,18,10,8
19871,Bunurata,silvermoon,959,paladin,retribution,18,10,8
19872,Makakí,twisting-nether,959,paladin,retribution,18,10,8
19873,Dìe,silvermoon,959,paladin,retribution,18,10,8
19874,Gangb,ravencrest,959,paladin,retribution,18,10,8
19875,Thaddios,burning-blade,959,paladin,retribution,24,10,14
19876,Ustex,argent-dawn,959,paladin,retribution,24,10,14
19877,Croptol,dun-modr,959,paladin,retribution,24,10,14
19878,Plarbo,blackmoore,959,paladin,retribution,24,10,14
19879,Shanice,twilights-hammer,959,paladin,retribution,24,10,14
19880,Vanithar,thrall,959,paladin,retribution,24,10,14
19881,Нижмубабл,soulflayer,959,paladin,retribution,27,11,16
19882,Sharkayne,anubarak,959,paladin,retribution,30,10,20
19883,Arcardi,dun-morogh,958,paladin,retribution,18,10,8
19884,Valanysa,blackmoore,958,paladin,retribution,18,10,8
19885,Béhèlit,sargeras,958,paladin,retribution,18,10,8
19886,Леаркус,blackscar,958,paladin,retribution,24,10,14
19887,Naexea,archimonde,958,paladin,retribution,30,10,20
19888,Dimes,argent-dawn,957,paladin,retribution,12,10,2
19889,Жанож,gordunni,957,paladin,retribution,18,10,8
19890,Franc,aggra-português,957,paladin,retribution,24,10,14
19891,Ðøñe,draenor,957,paladin,retribution,24,10,14
19892,Ayoub,argent-dawn,956,paladin,retribution,18,10,8
19893,Injustice,chamber-of-aspects,956,paladin,retribution,25,11,14
19894,Aipal,silvermoon,956,paladin,retribution,24,10,14
19895,Løøktår,ysondre,955,paladin,retribution,18,10,8
19896,Akâshi,dalaran,955,paladin,retribution,18,10,8
19897,Josuaa,ragnaros,955,paladin,retribution,54,24,30
19898,Juozas,argent-dawn,955,paladin,retribution,24,10,14
19899,Torpala,burning-legion,955,paladin,retribution,24,10,14
19900,Holypurger,shattered-hand,955,paladin,retribution,25,10,15
19901,Calluk,turalyon,955,paladin,retribution,29,11,18
19902,Грузор,gordunni,954,paladin,retribution,18,10,8
19903,Iqso,argent-dawn,953,paladin,retribution,18,10,8
19904,Kyríé,tarren-mill,953,paladin,retribution,18,10,8
19905,Dwangl,silvermoon,952,paladin,retribution,24,10,14
19906,Nözderg,archimonde,951,paladin,retribution,30,10,20
19907,Cáli,forscherliga,949,paladin,retribution,18,10,8
19908,Ukey,sanguino,947,paladin,retribution,18,12,6
19909,Xemoth,kazzak,947,paladin,retribution,18,10,8
19910,Morhgain,kazzak,947,paladin,retribution,36,16,20
19911,Buddabob,antonidas,946,paladin,retribution,56,12,44
19912,Ziggyz,kul-tiras,945,paladin,retribution,19,10,9
19913,Thëone,exodar,945,paladin,retribution,22,11,11
19914,Ghallandre,khaz-modan,943,paladin,retribution,18,10,8
19915,Patzi,die-todeskrallen,941,paladin,retribution,67,33,34
19916,Kawakii,outland,940,paladin,retribution,18,10,8
19917,Dewios,silvermoon,934,paladin,retribution,24,10,14
19918,Zelphyr,pozzo-delleternità,933,paladin,retribution,26,12,14
19919,Gxdéon,hyjal,932,paladin,retribution,19,10,9
19920,Danneris,sanguino,931,paladin,retribution,25,12,13
19921,Mírato,blackhand,929,paladin,retribution,24,10,14
19922,Lifepower,nemesis,927,paladin,retribution,16,10,6
19923,Justrhino,kazzak,927,paladin,retribution,23,10,13
19924,Грайндсет,galakrond,927,paladin,retribution,23,10,13
19925,Lightblaze,doomhammer,924,paladin,retribution,54,18,36
19926,Eatfasteatas,doomhammer,923,paladin,retribution,12,10,2
19927,Immortalkrux,archimonde,923,paladin,retribution,59,20,39
19928,Luxor,sporeggar,919,paladin,retribution,24,14,10
19929,Coelslaw,azjolnerub,915,paladin,retribution,29,10,19
19930,Akeemys,ragnaros,910,paladin,retribution,17,10,7
19931,Схемас,gordunni,910,paladin,retribution,36,14,22
19932,Vuzetevacabo,doomhammer,907,paladin,retribution,96,45,51
19933,Ashernos,tarren-mill,906,paladin,retribution,23,10,13
19934,Ranish,aegwynn,906,paladin,retribution,33,11,22
19935,Tomkü,burning-legion,902,paladin,retribution,28,12,16
19936,Gurutze,ragnaros,896,paladin,retribution,16,10,6
19937,Klikas,twisting-nether,896,paladin,retribution,30,14,16
19938,Tigerherz,antonidas,895,paladin,retribution,28,10,18
19939,Lolladin,blackmoore,894,paladin,retribution,26,10,16
19940,Лакоста,ashenvale,894,paladin,retribution,26,10,16
19941,Vanyon,malganis,892,paladin,retribution,20,10,10
19942,Vexxus,blackrock,892,paladin,retribution,48,22,26
19943,Milicos,sylvanas,891,paladin,retribution,42,21,21
19944,Singedth,defias-brotherhood,888,paladin,retribution,16,10,6
19945,Tánk,twilights-hammer,888,paladin,retribution,48,22,26
19946,Romkaq,silvermoon,884,paladin,retribution,18,11,7
19947,Pepsimaxpvp,blackmoore,880,paladin,retribution,25,10,15
19948,Êxood,archimonde,879,paladin,retribution,26,10,16
19949,Baé,drakthul,878,paladin,retribution,25,10,15
19950,Fardahr,ravencrest,877,paladin,retribution,24,10,14
19951,Supou,twisting-nether,876,paladin,retribution,18,10,8
19952,Fufenzee,stormscale,875,paladin,retribution,77,33,44
19953,Бунча,gordunni,872,paladin,retribution,54,13,41
19954,Сынбогов,gordunni,864,paladin,retribution,12,9,3
19955,Jacadin,sunstrider,864,paladin,retribution,12,9,3
19956,Camusa,kazzak,864,paladin,retribution,12,9,3
19957,Unleashed,antonidas,864,paladin,retribution,12,9,3
19958,Holysnickers,tarren-mill,864,paladin,retribution,12,9,3
19959,Фэнон,gordunni,864,paladin,retribution,12,9,3
19960,Stitchup,argent-dawn,864,paladin,retribution,12,9,3
19961,Duno,archimonde,864,paladin,retribution,12,9,3
19962,Elisight,ravencrest,864,paladin,retribution,18,9,9
19963,Hølypwnjk,forscherliga,864,paladin,retribution,18,9,9
19964,Kaarsius,defias-brotherhood,864,paladin,retribution,18,9,9
19965,Loratheon,stormscale,864,paladin,retribution,18,9,9
19966,Мэднессх,howling-fjord,864,paladin,retribution,18,9,9
19967,Mitsoû,archimonde,864,paladin,retribution,18,9,9
19968,Kilô,sylvanas,864,paladin,retribution,18,9,9
19969,Retgodx,eredar,864,paladin,retribution,18,9,9
19970,Paterymon,ravencrest,864,paladin,retribution,18,9,9
19971,Cùpìdstunt,draenor,864,paladin,retribution,18,9,9
19972,Loani,dalaran,864,paladin,retribution,18,9,9
19973,Pesterci,draenor,864,paladin,retribution,18,9,9
19974,Feelmylight,tarren-mill,864,paladin,retribution,24,9,15
19975,Thoriz,elune,864,paladin,retribution,24,9,15
19976,Kæycc,blackmoore,864,paladin,retribution,24,9,15
19977,Amburet,kazzak,864,paladin,retribution,24,9,15
19978,Лакостик,howling-fjord,864,paladin,retribution,24,9,15
19979,Sunhalo,twisting-nether,864,paladin,retribution,24,9,15
19980,Tekåpal,tarren-mill,864,paladin,retribution,24,9,15
19981,Wordup,senjin,864,paladin,retribution,24,9,15
19982,Святстраж,gordunni,864,paladin,retribution,27,10,17
19983,Umirinbruv,zenedar,864,paladin,retribution,30,9,21
19984,Møøgødx,bronzebeard,864,paladin,retribution,36,9,27
19985,Irini,sylvanas,863,paladin,retribution,12,9,3
19986,Mácá,outland,863,paladin,retribution,12,9,3
19987,Vootele,draenor,863,paladin,retribution,12,9,3
19988,Nakedholy,draenor,863,paladin,retribution,12,9,3
19989,Durnell,sylvanas,863,paladin,retribution,18,9,9
19990,Trollilolz,eredar,863,paladin,retribution,18,9,9
19991,Sildrit,draenor,863,paladin,retribution,18,9,9
19992,Fujszi,arathor,863,paladin,retribution,18,9,9
19993,Draeymora,thrall,863,paladin,retribution,18,9,9
19994,Nordkreuz,aegwynn,863,paladin,retribution,18,9,9
19995,Dälaghetto,kilrogg,863,paladin,retribution,18,9,9
19996,Lestaf,the-maelstrom,863,paladin,retribution,18,9,9
19997,Jeriiret,khaz-modan,863,paladin,retribution,18,9,9
19998,Níthag,ragnaros,863,paladin,retribution,18,9,9
19999,Axone,ravencrest,863,paladin,retribution,24,9,15
20000,Каштоуны,soulflayer,863,paladin,retribution,24,9,15
20001,Palarezz,ysondre,863,paladin,retribution,24,9,15
20002,Asgardietis,kazzak,863,paladin,retribution,27,10,17
20003,Dananas,draenor,863,paladin,retribution,30,9,21
20004,Kabóm,kazzak,862,paladin,retribution,12,9,3
20005,Ephialtis,hyjal,862,paladin,retribution,12,9,3
20006,Blatrix,kazzak,862,paladin,retribution,12,9,3
20007,Darkenorr,silvermoon,862,paladin,retribution,18,9,9
20008,Yæø,archimonde,862,paladin,retribution,18,9,9
20009,Lìmier,ysondre,862,paladin,retribution,18,9,9
20010,Shadderkpal,draenor,862,paladin,retribution,18,9,9
20011,Шоринг,gordunni,862,paladin,retribution,18,9,9
20012,Slipoj,blackhand,862,paladin,retribution,18,9,9
20013,Velikor,dun-modr,862,paladin,retribution,18,9,9
20014,Роллита,gordunni,862,paladin,retribution,24,9,15
20015,Skittlespala,twisting-nether,861,paladin,retribution,12,9,3
20016,Кранштейн,gordunni,861,paladin,retribution,18,10,8
20017,Jpally,ravencrest,861,paladin,retribution,18,9,9
20018,Panthalassá,argent-dawn,861,paladin,retribution,18,9,9
20019,Valerionn,blackmoore,861,paladin,retribution,18,9,9
20020,Retributon,madmortem,861,paladin,retribution,18,9,9
20021,Sölaria,silvermoon,860,paladin,retribution,18,9,9
20022,Straxotia,twisting-nether,860,paladin,retribution,18,9,9
20023,Banister,eredar,860,paladin,retribution,24,9,15
20024,Jêzus,blackrock,858,paladin,retribution,12,9,3
20025,Rètbull,blackhand,858,paladin,retribution,18,9,9
20026,Ènyalius,silvermoon,858,paladin,retribution,24,9,15
20027,Кенториус,soulflayer,855,paladin,retribution,12,9,3
20028,Сапфирия,galakrond,855,paladin,retribution,30,9,21
20029,Баблыч,borean-tundra,854,paladin,retribution,24,11,13
20030,Bubblemama,aegwynn,853,paladin,retribution,18,9,9
20031,Sufrion,outland,853,paladin,retribution,24,11,13
20032,Ericafontës,kazzak,846,paladin,retribution,23,9,14
20033,Knygnesys,silvermoon,844,paladin,retribution,15,11,4
20034,Cydor,khaz-modan,844,paladin,retribution,24,9,15
20035,Duralyon,marécage-de-zangar,844,paladin,retribution,24,9,15
20036,Öwai,dun-modr,843,paladin,retribution,23,12,11
20037,Драгун,gordunni,839,paladin,retribution,49,21,28
20038,Dadpally,shattered-hand,839,paladin,retribution,24,9,15
20039,Тельбрук,gordunni,832,paladin,retribution,22,9,13
20040,Claymore,ravenholdt,831,paladin,retribution,29,9,20
20041,Dôrä,ysondre,830,paladin,retribution,23,9,14
20042,Pàlàthor,khaz-modan,826,paladin,retribution,18,9,9
20043,Helvirya,defias-brotherhood,817,paladin,retribution,142,58,84
20044,Ultrabenzo,ravencrest,815,paladin,retribution,17,9,8
20045,Pak,amanthul,814,paladin,retribution,27,10,17
20046,Ararion,tarren-mill,809,paladin,retribution,18,10,8
20047,Khadet,draenor,809,paladin,retribution,22,10,12
20048,Sunfather,twilights-hammer,807,paladin,retribution,48,22,26
20049,Mimkoo,wildhammer,806,paladin,retribution,15,10,5
20050,Choyoki,blackmoore,802,paladin,retribution,26,9,17
20051,Jcpd,drakthul,800,paladin,retribution,22,9,13
20052,Vanques,burning-legion,799,paladin,retribution,17,9,8
20053,Салутан,thermaplugg,798,paladin,retribution,32,9,23
20054,Altrazel,archimonde,795,paladin,retribution,20,10,10
20055,Pyrogon,malorne,786,paladin,retribution,109,48,61
20056,Дохлаяженах,gordunni,768,paladin,retribution,12,8,4
20057,Фантаззер,soulflayer,768,paladin,retribution,12,8,4
20058,Хентайбогиня,ashenvale,768,paladin,retribution,12,8,4
20059,Øttøø,outland,768,paladin,retribution,12,8,4
20060,Pakór,blackrock,768,paladin,retribution,12,8,4
20061,Khyleancbum,sanguino,768,paladin,retribution,12,8,4
20062,Biqmac,mugthol,768,paladin,retribution,12,8,4
20063,Jïncks,anachronos,768,paladin,retribution,12,8,4
20064,Этокомедия,howling-fjord,768,paladin,retribution,12,8,4
20065,Vindicatê,stormscale,768,paladin,retribution,12,8,4
20066,Irenita,kazzak,768,paladin,retribution,18,8,10
20067,Goüstà,ysondre,768,paladin,retribution,18,8,10
20068,Hydrolic,blackrock,768,paladin,retribution,18,8,10
20069,Babyboo,aggra-português,768,paladin,retribution,18,8,10
20070,Milipal,hyjal,768,paladin,retribution,18,8,10
20071,Endavour,ravencrest,768,paladin,retribution,18,8,10
20072,Círuq,eredar,768,paladin,retribution,18,8,10
20073,Valiscar,antonidas,768,paladin,retribution,18,8,10
20074,Bâbass,sargeras,768,paladin,retribution,18,8,10
20075,Akaasix,stormscale,768,paladin,retribution,18,8,10
20076,Teshkipowa,kazzak,768,paladin,retribution,18,8,10
20077,Кисаммэ,howling-fjord,768,paladin,retribution,18,8,10
20078,Enmà,archimonde,768,paladin,retribution,18,8,10
20079,Gìne,archimonde,768,paladin,retribution,18,8,10
20080,Spiritbreak,archimonde,768,paladin,retribution,18,8,10
20081,Cracish,ragnaros,768,paladin,retribution,18,8,10
20082,Iiwar,silvermoon,768,paladin,retribution,18,8,10
20083,Xanrian,kazzak,768,paladin,retribution,18,8,10
20084,Bubblor,ravencrest,768,paladin,retribution,18,8,10
20085,Abbendis,twisting-nether,768,paladin,retribution,18,8,10
20086,Sekztokio,blackmoore,768,paladin,retribution,18,8,10
20087,Легейнда,soulflayer,768,paladin,retribution,18,8,10
20088,Чемеряк,gordunni,768,paladin,retribution,18,8,10
20089,Holyinstinct,bronze-dragonflight,768,paladin,retribution,18,8,10
20090,Dadyolimp,kazzak,768,paladin,retribution,18,8,10
20091,Thmas,tarren-mill,768,paladin,retribution,18,8,10
20092,Rinocerb,ravencrest,768,paladin,retribution,18,8,10
20093,Sinclo,hyjal,768,paladin,retribution,20,8,12
20094,Powerphally,outland,768,paladin,retribution,24,8,16
20095,Lezira,ravencrest,768,paladin,retribution,24,8,16
20096,Tjabo,burning-blade,768,paladin,retribution,24,8,16
20097,Annurra,quelthalas,768,paladin,retribution,24,8,16
20098,Wankerjim,ghostlands,768,paladin,retribution,24,8,16
20099,Mouku,stormreaver,768,paladin,retribution,24,8,16
20100,Døgpaladin,outland,768,paladin,retribution,24,8,16
20101,Vilayesyo,ravencrest,768,paladin,retribution,24,8,16
20102,Benzimus,ragnaros,768,paladin,retribution,24,8,16
20103,Toxií,argent-dawn,768,paladin,retribution,30,8,22
20104,ßancu,ragnaros,768,paladin,retribution,30,8,22
20105,Atanasum,dun-modr,767,paladin,retribution,12,8,4
20106,Hutimeni,turalyon,767,paladin,retribution,12,8,4
20107,Mugraine,ravencrest,767,paladin,retribution,12,8,4
20108,Serenityxo,twisting-nether,767,paladin,retribution,12,8,4
20109,Zneeks,shattered-hand,767,paladin,retribution,12,8,4
20110,Blagori,blackhand,767,paladin,retribution,12,8,4
20111,Unforsakenx,silvermoon,767,paladin,retribution,12,8,4
20112,Khaelor,frostwolf,767,paladin,retribution,12,8,4
20113,Hippiehuman,darkspear,767,paladin,retribution,12,8,4
20114,Londonn,silvermoon,767,paladin,retribution,12,8,4
20115,Crossfaded,azjolnerub,767,paladin,retribution,12,8,4
20116,Spinzr,draenor,767,paladin,retribution,12,8,4
20117,Acp,twisting-nether,767,paladin,retribution,12,8,4
20118,Dawnnslayer,kazzak,767,paladin,retribution,12,8,4
20119,Ruftadin,ragnaros,767,paladin,retribution,18,8,10
20120,Samuel,ahnqiraj,767,paladin,retribution,18,8,10
20121,Snackzy,twisting-nether,767,paladin,retribution,18,8,10
20122,Belight,burning-legion,767,paladin,retribution,18,8,10
20123,Byakkospal,tarren-mill,767,paladin,retribution,18,8,10
20124,Baxteria,dun-modr,767,paladin,retribution,18,8,10
20125,Pný,silvermoon,767,paladin,retribution,18,8,10
20126,Nicolae,colinas-pardas,767,paladin,retribution,18,8,10
20127,Dideta,colinas-pardas,767,paladin,retribution,18,8,10
20128,Xersys,draenor,767,paladin,retribution,18,8,10
20129,Dimdon,silvermoon,767,paladin,retribution,18,8,10
20130,Justïce,twisting-nether,767,paladin,retribution,18,8,10
20131,Hèmera,archimonde,767,paladin,retribution,18,8,10
20132,Hôrrible,ravencrest,767,paladin,retribution,18,8,10
20133,Xtekz,tarren-mill,767,paladin,retribution,18,8,10
20134,Lusugo,alakir,767,paladin,retribution,24,8,16
20135,Puré,festung-der-stürme,767,paladin,retribution,24,8,16
20136,Pav,eredar,767,paladin,retribution,24,8,16
20137,Thoreas,perenolde,767,paladin,retribution,24,8,16
20138,Saath,malfurion,767,paladin,retribution,24,8,16
20139,Ludø,ysondre,766,paladin,retribution,12,8,4
20140,Fremuduin,argent-dawn,766,paladin,retribution,12,8,4
20141,Laugan,ysondre,766,paladin,retribution,12,8,4
20142,Ryozupala,frostwolf,766,paladin,retribution,12,8,4
20143,Konithis,doomhammer,766,paladin,retribution,12,8,4
20144,Noxxiê,blackmoore,766,paladin,retribution,18,8,10
20145,Chimurei,silvermoon,766,paladin,retribution,18,8,10
20146,Støøk,shendralar,766,paladin,retribution,18,8,10
20147,Викиллер,grom,765,paladin,retribution,18,8,10
20148,Mikipaki,tarren-mill,765,paladin,retribution,18,8,10
20149,Bitether,burning-legion,765,paladin,retribution,18,8,10
20150,Trøllørd,shattrath,764,paladin,retribution,18,8,10
20151,Eagleone,shattrath,764,paladin,retribution,18,8,10
20152,Luridity,argent-dawn,764,paladin,retribution,24,8,16
20153,Ahritea,blackrock,763,paladin,retribution,12,8,4
20154,Lewanor,tarren-mill,763,paladin,retribution,12,8,4
20155,Wingedguard,ragnaros,763,paladin,retribution,12,8,4
20156,Гермесиус,deepholm,763,paladin,retribution,18,8,10
20157,Donttaskwhy,sylvanas,763,paladin,retribution,24,8,16
20158,Nauriell,blackmoore,762,paladin,retribution,12,8,4
20159,Vondarkmoor,magtheridon,761,paladin,retribution,18,8,10
20160,Antidrasi,turalyon,761,paladin,retribution,30,8,22
20161,Torczy,frostwhisper,760,paladin,retribution,12,8,4
20162,Tripani,twisting-nether,760,paladin,retribution,18,8,10
20163,Rivela,bloodhoof,758,paladin,retribution,18,8,10
20164,Orelius,guldan,755,paladin,retribution,36,12,24
20165,Nazaninez,tarren-mill,749,paladin,retribution,18,8,10
20166,Lawrence,deathwing,748,paladin,retribution,24,8,16
20167,Танси,fordragon,747,paladin,retribution,12,8,4
20168,Grayparser,silvermoon,735,paladin,retribution,14,9,5
20169,Lynaé,blackhand,735,paladin,retribution,13,8,5
20170,Nollieflipx,tarren-mill,735,paladin,retribution,17,8,9
20171,Guckzu,malganis,733,paladin,retribution,19,8,11
20172,Töphuria,silvermoon,718,paladin,retribution,17,8,9
20173,Unbreakable,eredar,717,paladin,retribution,15,8,7
20174,Darkironpala,argent-dawn,717,paladin,retribution,21,8,13
20175,Äthénâ,archimonde,713,paladin,retribution,23,9,14
20176,Aelthir,kazzak,703,paladin,retribution,11,8,3
20177,Wellick,ravencrest,703,paladin,retribution,17,8,9
20178,Myxas,tarren-mill,702,paladin,retribution,14,8,6
20179,Demsi,ravencrest,702,paladin,retribution,14,8,6
20180,Ericpala,turalyon,702,paladin,retribution,17,8,9
20181,Zerad,quelthalas,702,paladin,retribution,44,8,36
20182,Angelepetit,hyjal,701,paladin,retribution,16,8,8
20183,Gradepal,drakthul,687,paladin,retribution,19,8,11
20184,Thebestpala,tarren-mill,686,paladin,retribution,19,8,11
20185,Нефростинг,gordunni,672,paladin,retribution,12,7,5
20186,Проверялка,thermaplugg,672,paladin,retribution,12,7,5
20187,Quelän,draenor,672,paladin,retribution,12,7,5
20188,Malapal,hyjal,672,paladin,retribution,12,7,5
20189,Даракар,deathguard,672,paladin,retribution,12,7,5
20190,Ginka,blackrock,672,paladin,retribution,12,7,5
20191,Turskah,shattered-hand,672,paladin,retribution,12,7,5
20192,Миллиционер,razuvious,672,paladin,retribution,12,7,5
20193,Кинбул,ashenvale,672,paladin,retribution,12,7,5
20194,Дорогаснега,gordunni,672,paladin,retribution,12,7,5
20195,Misú,ravencrest,672,paladin,retribution,12,7,5
20196,Sunwalker,bronzebeard,672,paladin,retribution,12,7,5
20197,Якунии,blackscar,672,paladin,retribution,12,7,5
20198,Mîakhalîfa,tarren-mill,672,paladin,retribution,12,7,5
20199,Neicha,trollbane,672,paladin,retribution,12,7,5
20200,Lighteousnes,blackmoore,672,paladin,retribution,12,7,5
20201,Sloug,archimonde,672,paladin,retribution,12,7,5
20202,Neverdeath,stormscale,672,paladin,retribution,12,7,5
20203,Miriem,twisting-nether,672,paladin,retribution,12,7,5
20204,Ellünca,ravencrest,672,paladin,retribution,12,7,5
20205,Ilpreside,nemesis,672,paladin,retribution,12,7,5
20206,Fatherabdul,ravencrest,672,paladin,retribution,12,7,5
20207,Ðeusvult,draenor,672,paladin,retribution,12,7,5
20208,Shjami,rexxar,672,paladin,retribution,12,7,5
20209,Palaradis,doomhammer,672,paladin,retribution,12,7,5
20210,Anatollia,silvermoon,672,paladin,retribution,12,7,5
20211,Лиривель,howling-fjord,672,paladin,retribution,12,7,5
20212,Moarcry,outland,672,paladin,retribution,12,7,5
20213,Hammertime,guldan,672,paladin,retribution,12,7,5
20214,Grìmmjøw,silvermoon,672,paladin,retribution,12,7,5
20215,Dragon,zenedar,672,paladin,retribution,12,7,5
20216,Swânn,sanguino,672,paladin,retribution,12,7,5
20217,Fabsy,frostwolf,672,paladin,retribution,12,7,5
20218,Hetrox,silvermoon,672,paladin,retribution,12,7,5
20219,Qpalax,outland,672,paladin,retribution,12,7,5
20220,Drownlord,eredar,672,paladin,retribution,12,7,5
20221,Archibäld,silvermoon,672,paladin,retribution,12,7,5
20222,Curt,sanguino,672,paladin,retribution,12,7,5
20223,Uriens,zuljin,672,paladin,retribution,12,7,5
20224,Vircy,outland,672,paladin,retribution,12,7,5
20225,Gojesi,silvermoon,672,paladin,retribution,12,7,5
20226,Блудиз,howling-fjord,672,paladin,retribution,12,7,5
20227,Apocalypsé,twisting-nether,672,paladin,retribution,18,7,11
20228,Krýptø,ravencrest,672,paladin,retribution,18,7,11
20229,Холирайз,gordunni,672,paladin,retribution,18,7,11
20230,Tezmodian,antonidas,672,paladin,retribution,18,7,11
20231,Galadrion,dun-modr,672,paladin,retribution,18,7,11
20232,Refléx,zirkel-des-cenarius,672,paladin,retribution,18,7,11
20233,Pìnkyy,draenor,672,paladin,retribution,18,7,11
20234,Winterwall,sylvanas,672,paladin,retribution,18,7,11
20235,Arbuzno,draenor,672,paladin,retribution,18,7,11
20236,Norganpala,die-aldor,672,paladin,retribution,18,7,11
20237,Бэкворд,soulflayer,672,paladin,retribution,18,7,11
20238,Shownómercy,stormscale,672,paladin,retribution,18,7,11
20239,Мериатас,soulflayer,672,paladin,retribution,18,7,11
20240,Валькирия,grom,672,paladin,retribution,18,7,11
20241,Phaewingsftw,kazzak,672,paladin,retribution,18,7,11
20242,Lysander,antonidas,672,paladin,retribution,18,7,11
20243,Ivarladin,draenor,672,paladin,retribution,18,7,11
20244,Lindrone,aggra-português,672,paladin,retribution,18,7,11
20245,Melyntholdra,argent-dawn,672,paladin,retribution,18,7,11
20246,Ritaora,aggramar,672,paladin,retribution,18,7,11
20247,Littlenight,emerald-dream,672,paladin,retribution,18,7,11
20248,Scairtin,ravencrest,672,paladin,retribution,18,7,11
20249,Атмта,razuvious,672,paladin,retribution,18,7,11
20250,Kjobergen,tarren-mill,672,paladin,retribution,18,7,11
20251,Arshiaa,ravencrest,672,paladin,retribution,21,8,13
20252,Глаймис,gordunni,672,paladin,retribution,22,8,14
20253,Далходж,soulflayer,672,paladin,retribution,24,7,17
20254,Bubbledøtcøm,blackmoore,672,paladin,retribution,24,7,17
20255,Jaegeer,draenor,672,paladin,retribution,24,7,17
20256,Релаин,gordunni,672,paladin,retribution,24,7,17
20257,Vivike,silvermoon,672,paladin,retribution,24,7,17
20258,Saulencio,zuljin,672,paladin,retribution,24,7,17
20259,Ящеры,gordunni,672,paladin,retribution,24,7,17
20260,Zerlat,twisting-nether,672,paladin,retribution,24,7,17
20261,Омникнайтх,howling-fjord,672,paladin,retribution,24,7,17
20262,Aranael,nemesis,672,paladin,retribution,30,7,23
20263,Zycqo,silvermoon,672,paladin,retribution,31,7,24
20264,Sakred,hellscream,671,paladin,retribution,12,7,5
20265,Kolts,ragnaros,671,paladin,retribution,12,7,5
20266,Catsnek,darksorrow,671,paladin,retribution,12,7,5
20267,Wolfpala,drakthul,671,paladin,retribution,12,7,5
20268,Samueel,blackmoore,671,paladin,retribution,12,7,5
20269,Gbejr,xavius,671,paladin,retribution,12,7,5
20270,Lovetospoonn,ravencrest,671,paladin,retribution,12,7,5
20271,Palahôlika,antonidas,671,paladin,retribution,12,7,5
20272,Bubblefett,ysera,671,paladin,retribution,12,7,5
20273,Liliána,ragnaros,671,paladin,retribution,12,7,5
20274,Liamisi,blackhand,671,paladin,retribution,12,7,5
20275,Архемор,ashenvale,671,paladin,retribution,12,7,5
20276,Artorya,outland,671,paladin,retribution,12,7,5
20277,Bloodlord,twisting-nether,671,paladin,retribution,15,8,7
20278,Olaghkan,dun-modr,671,paladin,retribution,14,7,7
20279,Alvíss,sanguino,671,paladin,retribution,18,7,11
20280,Konori,mannoroth,671,paladin,retribution,18,7,11
20281,Спидфрик,blackscar,671,paladin,retribution,18,7,11
20282,Laenira,nemesis,671,paladin,retribution,18,7,11
20283,Fishnchips,twisting-nether,671,paladin,retribution,18,7,11
20284,Eken,hyjal,671,paladin,retribution,18,7,11
20285,Dufftroll,kazzak,671,paladin,retribution,18,7,11
20286,Labier,tarren-mill,671,paladin,retribution,18,7,11
20287,Thrinea,blackrock,671,paladin,retribution,18,7,11
20288,Öbedö,malganis,671,paladin,retribution,24,7,17
20289,Neltix,blackrock,671,paladin,retribution,24,7,17
20290,Atrexie,lightbringer,670,paladin,retribution,12,7,5
20291,Keol,sanguino,670,paladin,retribution,12,7,5
20292,Thandoro,amanthul,670,paladin,retribution,18,7,11
20293,Lighttitan,ravencrest,670,paladin,retribution,18,7,11
20294,Aistor,burning-legion,670,paladin,retribution,18,7,11
20295,Solarouz,draenor,669,paladin,retribution,12,7,5
20296,Sinalia,shattrath,669,paladin,retribution,18,7,11
20297,Toshvarak,turalyon,669,paladin,retribution,18,7,11
20298,Baymanda,tarren-mill,669,paladin,retribution,18,7,11
20299,Rangorian,defias-brotherhood,669,paladin,retribution,24,7,17
20300,Bandaga,sanguino,668,paladin,retribution,12,7,5
20301,Эррор,azuregos,668,paladin,retribution,18,7,11
20302,Shennzo,wildhammer,667,paladin,retribution,12,7,5
20303,Rocaviva,sanguino,666,paladin,retribution,12,7,5
20304,Ксинем,howling-fjord,666,paladin,retribution,16,8,8
20305,Шелволк,eversong,665,paladin,retribution,18,7,11
20306,Pallido,exodar,664,paladin,retribution,12,7,5
20307,Zealotic,doomhammer,664,paladin,retribution,12,7,5
20308,Chikaz,archimonde,664,paladin,retribution,20,10,10
20309,Halimox,terokkar,664,paladin,retribution,18,7,11
20310,Wolya,blackrock,663,paladin,retribution,15,8,7
20311,Purpledurple,twisting-nether,663,paladin,retribution,18,7,11
20312,Sarinise,draenor,662,paladin,retribution,12,7,5
20313,Mechoka,auchindoun,661,paladin,retribution,13,7,6
20314,Belzed,draenor,660,paladin,retribution,15,8,7
20315,Bigdamjudgee,outland,655,paladin,retribution,17,7,10
20316,Ryüü,uldaman,647,paladin,retribution,30,8,22
20317,Benkenoah,ragnaros,641,paladin,retribution,30,7,23
20318,Keele,stormscale,639,paladin,retribution,17,7,10
20319,Arear,kazzak,624,paladin,retribution,15,8,7
20320,Denounce,defias-brotherhood,624,paladin,retribution,21,7,14
20321,Samànta,nemesis,623,paladin,retribution,11,7,4
20322,Rustig,talnivarr,623,paladin,retribution,11,7,4
20323,Lerie,ravencrest,623,paladin,retribution,15,7,8
20324,Séphiran,hyjal,618,paladin,retribution,15,9,6
20325,Goofyaf,ravencrest,618,paladin,retribution,16,9,7
20326,Mariaremarc,silvermoon,617,paladin,retribution,25,8,17
20327,Ressler,tichondrius,616,paladin,retribution,15,7,8
20328,Ренегадер,thermaplugg,615,paladin,retribution,12,8,4
20329,Skénder,kazzak,615,paladin,retribution,35,8,27
20330,Assyr,blackmoore,606,paladin,retribution,11,7,4
20331,Ahramanyu,blackrock,606,paladin,retribution,14,7,7
20332,Milisha,the-maelstrom,604,paladin,retribution,20,7,13
20333,Medieh,ravencrest,592,paladin,retribution,15,7,8
20334,Алланор,fordragon,584,paladin,retribution,13,8,5
20335,Viffi,darkspear,576,paladin,retribution,6,6,0
20336,Xinze,ravencrest,576,paladin,retribution,6,6,0
20337,Lóyal,kazzak,576,paladin,retribution,6,6,0
20338,Нурти,gordunni,576,paladin,retribution,6,6,0
20339,Zatoxi,frostmane,576,paladin,retribution,6,6,0
20340,Twomog,ravencrest,576,paladin,retribution,6,6,0
20341,Greko,ysera,576,paladin,retribution,12,6,6
20342,Mipendz,draenor,576,paladin,retribution,12,6,6
20343,Blindhoj,ravencrest,576,paladin,retribution,12,6,6
20344,Tarenath,aegwynn,576,paladin,retribution,12,6,6
20345,Neêsoldr,blackmoore,576,paladin,retribution,12,6,6
20346,Krakr,ravencrest,576,paladin,retribution,12,6,6
20347,Leroya,blackrock,576,paladin,retribution,12,6,6
20348,Bloodbeard,twisting-nether,576,paladin,retribution,12,6,6
20349,Palamanyaka,kazzak,576,paladin,retribution,12,6,6
20350,Palamauka,kazzak,576,paladin,retribution,12,6,6
20351,Vuutnëx,twisting-nether,576,paladin,retribution,12,6,6
20352,Bikkuz,kazzak,576,paladin,retribution,12,6,6
20353,Ryaz,blackrock,576,paladin,retribution,12,6,6
20354,Pallachyrk,kazzak,576,paladin,retribution,12,6,6
20355,Wingdude,ysera,576,paladin,retribution,12,6,6
20356,Blubbajoe,blackmoore,576,paladin,retribution,12,6,6
20357,Pabló,azshara,576,paladin,retribution,12,6,6
20358,Mouncake,archimonde,576,paladin,retribution,12,6,6
20359,Divineovic,ravencrest,576,paladin,retribution,12,6,6
20360,Elyrax,nemesis,576,paladin,retribution,12,6,6
20361,Mekluba,twisting-nether,576,paladin,retribution,12,6,6
20362,Stève,ravencrest,576,paladin,retribution,12,6,6
20363,Snowife,drakthul,576,paladin,retribution,12,6,6
20364,Скварлетх,howling-fjord,576,paladin,retribution,12,6,6
20365,Naree,stormreaver,576,paladin,retribution,12,6,6
20366,Зена,gordunni,576,paladin,retribution,12,6,6
20367,Mawrâ,twisting-nether,576,paladin,retribution,12,6,6
20368,Yséria,kirin-tor,576,paladin,retribution,12,6,6
20369,Диджейнобабл,howling-fjord,576,paladin,retribution,12,6,6
20370,Luciter,silvermoon,576,paladin,retribution,12,6,6
20371,Vysavo,draenor,576,paladin,retribution,12,6,6
20372,Plainrage,blackrock,576,paladin,retribution,12,6,6
20373,Gucix,sylvanas,576,paladin,retribution,12,6,6
20374,Ríppex,kazzak,576,paladin,retribution,12,6,6
20375,Alersia,twisting-nether,576,paladin,retribution,12,6,6
20376,Cycodin,garrosh,576,paladin,retribution,12,6,6
20377,Melverti,kazzak,576,paladin,retribution,12,6,6
20378,Rothus,bronze-dragonflight,576,paladin,retribution,12,6,6
20379,Shaylaru,tarren-mill,576,paladin,retribution,12,6,6
20380,Seekêr,tarren-mill,576,paladin,retribution,12,6,6
20381,Керантий,gordunni,576,paladin,retribution,12,6,6
20382,Deresos,anetheron,576,paladin,retribution,12,6,6
20383,Eldrial,argent-dawn,576,paladin,retribution,12,6,6
20384,Drdax,wildhammer,576,paladin,retribution,12,6,6
20385,Sämaelia,ysondre,576,paladin,retribution,12,6,6
20386,Søulréaper,stormscale,576,paladin,retribution,12,6,6
20387,Qotro,ravencrest,576,paladin,retribution,12,6,6
20388,Veejxo,silvermoon,576,paladin,retribution,12,6,6
20389,Lbj,eredar,576,paladin,retribution,12,6,6
20390,Ibanez,lightnings-blade,576,paladin,retribution,12,6,6
20391,Bigdaddypump,ravencrest,576,paladin,retribution,12,6,6
20392,Alâkir,kazzak,576,paladin,retribution,12,6,6
20393,Proximo,burning-legion,576,paladin,retribution,12,6,6
20394,Rétalin,blackhand,576,paladin,retribution,12,6,6
20395,Armion,stormscale,576,paladin,retribution,12,6,6
20396,Erethes,magtheridon,576,paladin,retribution,12,6,6
20397,Paliax,outland,576,paladin,retribution,12,6,6
20398,Mudan,stormscale,576,paladin,retribution,12,6,6
20399,Nanduil,stormscale,576,paladin,retribution,12,6,6
20400,Elendíl,azjolnerub,576,paladin,retribution,12,6,6
20401,Raceper,the-maelstrom,576,paladin,retribution,12,6,6
20402,Gabrîel,sanguino,576,paladin,retribution,12,6,6
20403,Waaynejudgeu,blackhand,576,paladin,retribution,12,6,6
20404,Bothways,stormscale,576,paladin,retribution,12,6,6
20405,Tharduk,outland,576,paladin,retribution,12,6,6
20406,Ærîo,dalaran,576,paladin,retribution,12,6,6
20407,Askmy,stormscale,576,paladin,retribution,12,6,6
20408,Notnerb,outland,576,paladin,retribution,12,6,6
20409,Ruggero,stormscale,576,paladin,retribution,12,6,6
20410,Бэнсон,ashenvale,576,paladin,retribution,12,6,6
20411,Fatâl,antonidas,576,paladin,retribution,15,7,8
20412,Aimee,draenor,576,paladin,retribution,16,7,9
20413,Кольт,borean-tundra,576,paladin,retribution,16,6,10
20414,Hermmes,alakir,576,paladin,retribution,18,6,12
20415,Celerius,trollbane,576,paladin,retribution,18,6,12
20416,Hegazy,darkmoon-faire,576,paladin,retribution,18,6,12
20417,Budweison,silvermoon,576,paladin,retribution,18,6,12
20418,Redeem,nemesis,576,paladin,retribution,18,6,12
20419,Kelduril,draenor,576,paladin,retribution,18,6,12
20420,Nurix,dun-modr,576,paladin,retribution,18,6,12
20421,Czachadymii,defias-brotherhood,576,paladin,retribution,18,6,12
20422,Serratus,thunderhorn,576,paladin,retribution,18,6,12
20423,Diaéna,kirin-tor,576,paladin,retribution,18,6,12
20424,Vazayo,ravencrest,576,paladin,retribution,18,6,12
20425,Tosá,antonidas,576,paladin,retribution,18,6,12
20426,Генатрамбон,howling-fjord,576,paladin,retribution,18,6,12
20427,Blademasteer,jaedenar,576,paladin,retribution,18,6,12
20428,Ironkra,stormscale,576,paladin,retribution,18,6,12
20429,Thickets,argent-dawn,576,paladin,retribution,18,6,12
20430,Âtom,outland,576,paladin,retribution,18,6,12
20431,Lagrops,chants-éternels,576,paladin,retribution,18,6,12
20432,Hideinlight,hellscream,576,paladin,retribution,18,6,12
20433,Sîlversun,grim-batol,576,paladin,retribution,18,6,12
20434,Mâêdhrøsx,ravencrest,576,paladin,retribution,18,6,12
20435,Freeloliipop,darksorrow,576,paladin,retribution,18,6,12
20436,Sacredlol,blackmoore,576,paladin,retribution,24,6,18
20437,Huevo,frostmane,576,paladin,retribution,24,6,18
20438,Actionjack,area-52,576,paladin,retribution,24,6,18
20439,Eleuterus,bloodfeather,576,paladin,retribution,24,6,18
20440,Berethas,darksorrow,575,paladin,retribution,6,6,0
20441,Skieras,draenor,575,paladin,retribution,12,6,6
20442,Trollarage,confrérie-du-thorium,575,paladin,retribution,12,6,6
20443,Faventu,ragnaros,575,paladin,retribution,12,6,6
20444,Holycide,twisting-nether,575,paladin,retribution,12,6,6
20445,Rohb,blackmoore,575,paladin,retribution,12,6,6
20446,Storpixpala,drakthul,575,paladin,retribution,12,6,6
20447,Sanduciorba,chamber-of-aspects,575,paladin,retribution,12,6,6
20448,Névér,steamwheedle-cartel,575,paladin,retribution,12,6,6
20449,Kendomendo,ravencrest,575,paladin,retribution,12,6,6
20450,Bcrp,ragnaros,575,paladin,retribution,12,6,6
20451,Йенфира,gordunni,575,paladin,retribution,12,6,6
20452,Antón,dun-modr,575,paladin,retribution,12,6,6
20453,Tehdark,outland,575,paladin,retribution,12,6,6
20454,Pewpews,twisting-nether,575,paladin,retribution,12,6,6
20455,Тамплиир,gordunni,575,paladin,retribution,12,6,6
20456,Phillipe,illidan,575,paladin,retribution,12,6,6
20457,Blazix,kazzak,575,paladin,retribution,12,6,6
20458,Zulem,grim-batol,575,paladin,retribution,12,6,6
20459,Celsia,blackrock,575,paladin,retribution,12,6,6
20460,Gotra,stormscale,575,paladin,retribution,21,7,14
20461,Edathar,argent-dawn,575,paladin,retribution,24,6,18
20462,Nykothpn,ghostlands,574,paladin,retribution,6,6,0
20463,Revinox,silvermoon,574,paladin,retribution,12,6,6
20464,Mormazor,outland,574,paladin,retribution,12,6,6
20465,Dönki,hyjal,574,paladin,retribution,12,6,6
20466,Fintros,silvermoon,574,paladin,retribution,18,6,12
20467,Babarush,nozdormu,574,paladin,retribution,18,6,12
20468,Humaladi,draenor,574,paladin,retribution,18,6,12
20469,Таурмакус,howling-fjord,574,paladin,retribution,18,6,12
20470,Thoorval,silvermoon,574,paladin,retribution,18,6,12
20471,Jelcz,burning-legion,574,paladin,retribution,24,6,18
20472,Cpsuper,azuremyst,573,paladin,retribution,12,6,6
20473,Cinderlight,aszune,573,paladin,retribution,12,6,6
20474,Windîr,draenor,573,paladin,retribution,18,6,12
20475,Moriex,drakthul,573,paladin,retribution,24,6,18
20476,Renalex,ravencrest,572,paladin,retribution,12,6,6
20477,Themlstake,kazzak,572,paladin,retribution,12,6,6
20478,Nhum,destromath,572,paladin,retribution,12,6,6
20479,Virusee,doomhammer,571,paladin,retribution,12,6,6
20480,Taomeba,runetotem,571,paladin,retribution,12,6,6
20481,Boaka,outland,571,paladin,retribution,18,6,12
20482,Phaenre,pozzo-delleternità,570,paladin,retribution,18,6,12
20483,Elannor,sylvanas,569,paladin,retribution,12,6,6
20484,Nicgr,nemesis,566,paladin,retribution,12,6,6
20485,Fumatelo,tyrande,566,paladin,retribution,12,6,6
20486,Vengryn,turalyon,566,paladin,retribution,37,8,29
20487,Shendis,uldaman,565,paladin,retribution,12,6,6
20488,Toruk,burning-legion,559,paladin,retribution,15,7,8
20489,Иусто,howling-fjord,559,paladin,retribution,17,6,11
20490,Bugo,drakthul,559,paladin,retribution,17,6,11
20491,Enîgmä,ravencrest,559,paladin,retribution,23,6,17
20492,Ràwx,twisting-nether,559,paladin,retribution,23,6,17
20493,Uriziel,the-shatar,558,paladin,retribution,18,6,12
20494,Tavyy,sylvanas,551,paladin,retribution,15,9,6
20495,Wlåð,archimonde,543,paladin,retribution,17,6,11
20496,Valnyr,the-maelstrom,543,paladin,retribution,17,6,11
20497,Rdmhrvojehr,tarren-mill,541,paladin,retribution,10,7,3
20498,Thesavage,magtheridon,527,paladin,retribution,11,6,5
20499,Plsdøntusemd,ravencrest,522,paladin,retribution,17,8,9
20500,Митахо,gordunni,522,paladin,retribution,21,7,14
20501,Тошши,soulflayer,522,paladin,retribution,28,8,20
20502,Uriel,scarshield-legion,520,paladin,retribution,16,8,8
20503,Råckamoo,emerald-dream,512,paladin,retribution,22,6,16
20504,Vell,bronze-dragonflight,511,paladin,retribution,11,6,5
20505,Babypic,ambossar,511,paladin,retribution,14,6,8
20506,Penknife,ravencrest,511,paladin,retribution,14,6,8
20507,Hanterus,antonidas,507,paladin,retribution,14,6,8
20508,Palädörette,dalaran,506,paladin,retribution,11,6,5
20509,Rockymarcian,hyjal,506,paladin,retribution,16,6,10
20510,Animouse,drakthul,480,paladin,retribution,6,5,1
20511,Vedaar,dun-modr,480,paladin,retribution,6,5,1
20512,Пивняк,eversong,480,paladin,retribution,6,5,1
20513,Ландри,greymane,480,paladin,retribution,6,5,1
20514,Röland,sanguino,480,paladin,retribution,6,5,1
20515,Тенькопыт,howling-fjord,480,paladin,retribution,6,5,1
20516,Elendor,shadowsong,480,paladin,retribution,6,5,1
20517,Percocetx,tarren-mill,480,paladin,retribution,6,5,1
20518,Tryggt,the-shatar,480,paladin,retribution,6,5,1
20519,Touch,vashj,480,paladin,retribution,6,5,1
20520,Dàrkùsh,archimonde,480,paladin,retribution,6,5,1
20521,Gavain,blackhand,480,paladin,retribution,6,5,1
20522,Kanyewesh,dalaran,480,paladin,retribution,6,5,1
20523,Voycetwo,frostwolf,480,paladin,retribution,6,5,1
20524,Splendida,festung-der-stürme,480,paladin,retribution,6,5,1
20525,Feaná,silvermoon,480,paladin,retribution,6,5,1
20526,Abukasol,kazzak,480,paladin,retribution,6,5,1
20527,Sabríel,ragnaros,480,paladin,retribution,6,5,1
20528,Biggerspin,ravencrest,480,paladin,retribution,6,5,1
20529,Антрасс,soulflayer,480,paladin,retribution,6,5,1
20530,Ryven,stormscale,480,paladin,retribution,6,5,1
20531,Xoriun,norgannon,480,paladin,retribution,6,5,1
20532,Vardin,sanguino,480,paladin,retribution,6,5,1
20533,Demecir,twisting-nether,480,paladin,retribution,6,5,1
20534,Rimva,alleria,480,paladin,retribution,6,5,1
20535,Yezitzme,blackrock,480,paladin,retribution,6,5,1
20536,Derian,antonidas,480,paladin,retribution,6,5,1
20537,Wälläce,sanguino,480,paladin,retribution,6,5,1
20538,Daj,draenor,480,paladin,retribution,6,5,1
20539,Eulion,burning-legion,480,paladin,retribution,6,5,1
20540,Retgrets,kazzak,480,paladin,retribution,6,5,1
20541,Melvòó,blackrock,480,paladin,retribution,9,6,3
20542,Zethadin,kazzak,480,paladin,retribution,9,6,3
20543,Pigma,outland,480,paladin,retribution,13,7,6
20544,Drivenlight,twisting-nether,480,paladin,retribution,12,5,7
20545,Onishu,blackhand,480,paladin,retribution,12,5,7
20546,Ênma,archimonde,480,paladin,retribution,12,5,7
20547,Keladen,burning-legion,480,paladin,retribution,12,5,7
20548,Ноулайфир,eversong,480,paladin,retribution,12,5,7
20549,Bobjohnny,bloodfeather,480,paladin,retribution,12,5,7
20550,Hännó,malganis,480,paladin,retribution,12,5,7
20551,Takezop,dun-modr,480,paladin,retribution,12,5,7
20552,Sikthorlan,ravencrest,480,paladin,retribution,12,5,7
20553,Альбусор,galakrond,480,paladin,retribution,12,5,7
20554,Måxrajoy,dun-modr,480,paladin,retribution,12,5,7
20555,Arator,terenas,480,paladin,retribution,12,5,7
20556,Serjudge,kazzak,480,paladin,retribution,12,5,7
20557,Hipo,zuljin,480,paladin,retribution,12,5,7
20558,Cameron,taerar,480,paladin,retribution,12,5,7
20559,Ritoru,drekthar,480,paladin,retribution,12,5,7
20560,Mögräine,grim-batol,480,paladin,retribution,12,5,7
20561,Zethhx,stormscale,480,paladin,retribution,12,5,7
20562,Lyan,archimonde,480,paladin,retribution,12,5,7
20563,Андерлайт,azuregos,480,paladin,retribution,12,5,7
20564,Zaopink,blackhand,480,paladin,retribution,12,5,7
20565,Mecah,hyjal,480,paladin,retribution,12,5,7
20566,Salelol,ravencrest,480,paladin,retribution,12,5,7
20567,Equityy,burning-legion,480,paladin,retribution,12,5,7
20568,Skølir,rashgarroth,480,paladin,retribution,12,5,7
20569,Krisbull,kazzak,480,paladin,retribution,12,5,7
20570,Destroyér,blackmoore,480,paladin,retribution,12,5,7
20571,Roflemente,bladefist,480,paladin,retribution,12,5,7
20572,Hifyve,kazzak,480,paladin,retribution,12,5,7
20573,Bumboombeem,stormscale,480,paladin,retribution,12,5,7
20574,Гниленький,razuvious,480,paladin,retribution,12,5,7
20575,Mozaiczny,burning-legion,480,paladin,retribution,12,5,7
20576,Emloses,outland,480,paladin,retribution,12,5,7
20577,Llighthand,ravencrest,480,paladin,retribution,12,5,7
20578,Zhaz,blackmoore,480,paladin,retribution,12,5,7
20579,Chillmachine,stormscale,480,paladin,retribution,12,5,7
20580,Vaalé,aegwynn,480,paladin,retribution,12,5,7
20581,Dobbygotsock,kazzak,480,paladin,retribution,12,5,7
20582,Fotoniy,kazzak,480,paladin,retribution,12,5,7
20583,Sheaps,les-sentinelles,480,paladin,retribution,12,5,7
20584,Ínvi,aegwynn,480,paladin,retribution,12,5,7
20585,Bancu,outland,480,paladin,retribution,12,5,7
20586,Bascelik,outland,480,paladin,retribution,12,5,7
20587,Jkøø,sanguino,480,paladin,retribution,12,5,7
20588,Bobilous,twisting-nether,480,paladin,retribution,12,5,7
20589,Evölution,frostmane,480,paladin,retribution,12,5,7
20590,Swapxyr,aegwynn,480,paladin,retribution,12,5,7
20591,Retrehsacul,blackrock,480,paladin,retribution,12,5,7
20592,Lôrelei,blackrock,480,paladin,retribution,12,5,7
20593,Yuvile,destromath,480,paladin,retribution,12,5,7
20594,Célésté,ravencrest,480,paladin,retribution,12,5,7
20595,Апония,gordunni,480,paladin,retribution,12,5,7
20596,Freedomwinds,kazzak,480,paladin,retribution,12,5,7
20597,Сладупся,gordunni,480,paladin,retribution,12,5,7
20598,Тевеон,gordunni,480,paladin,retribution,12,5,7
20599,Retlikeme,ravencrest,480,paladin,retribution,12,5,7
20600,Kylaz,die-ewige-wacht,480,paladin,retribution,12,5,7
20601,Alatie,dentarg,480,paladin,retribution,12,5,7
20602,Meriween,ravencrest,480,paladin,retribution,12,5,7
20603,Hazura,blackmoore,480,paladin,retribution,12,5,7
20604,Ksama,ysondre,480,paladin,retribution,12,5,7
20605,Angelynor,ysondre,480,paladin,retribution,12,5,7
20606,Архэла,gordunni,480,paladin,retribution,12,5,7
20607,Нойззмс,gordunni,480,paladin,retribution,12,5,7
20608,Ranitwo,tarren-mill,480,paladin,retribution,12,5,7
20609,Sytrexxer,frostwolf,480,paladin,retribution,12,5,7
20610,Takálus,eredar,480,paladin,retribution,12,5,7
20611,Маразоточка,howling-fjord,480,paladin,retribution,12,5,7
20612,Palachdinka,drakthul,480,paladin,retribution,12,5,7
20613,Пашштет,gordunni,480,paladin,retribution,12,5,7
20614,Cheesus,argent-dawn,480,paladin,retribution,12,5,7
20615,Froxies,drakthul,480,paladin,retribution,12,5,7
20616,Wtfudo,sylvanas,480,paladin,retribution,12,5,7
20617,Milenia,nemesis,480,paladin,retribution,12,5,7
20618,Скадих,soulflayer,480,paladin,retribution,12,5,7
20619,Morggann,drakthul,480,paladin,retribution,12,5,7
20620,Nalaea,arathor,480,paladin,retribution,12,5,7
20621,Shanderhilo,pozzo-delleternità,480,paladin,retribution,12,5,7
20622,Babaluga,blackrock,480,paladin,retribution,12,5,7
20623,Боремир,borean-tundra,480,paladin,retribution,12,5,7
20624,Fufth,pozzo-delleternità,480,paladin,retribution,12,5,7
20625,Cêa,blackrock,480,paladin,retribution,12,5,7
20626,Héphäistos,silvermoon,480,paladin,retribution,12,5,7
20627,Valaeryanae,nemesis,480,paladin,retribution,12,5,7
20628,Vallorum,ravencrest,480,paladin,retribution,12,5,7
20629,Drylands,ravencrest,480,paladin,retribution,12,5,7
20630,Сакермвп,howling-fjord,480,paladin,retribution,12,5,7
20631,Dêstî,silvermoon,480,paladin,retribution,12,5,7
20632,Ретроградий,howling-fjord,480,paladin,retribution,12,5,7
20633,Xinxin,azshara,480,paladin,retribution,12,5,7
20634,Aresian,burning-legion,480,paladin,retribution,13,5,8
20635,Rafistor,khaz-modan,480,paladin,retribution,19,6,13
20636,Juicycheeks,frostwolf,480,paladin,retribution,18,5,13
20637,Nëphilim,arakarahm,480,paladin,retribution,18,5,13
20638,Boyard,silvermoon,480,paladin,retribution,18,5,13
20639,Копранесса,soulflayer,480,paladin,retribution,18,5,13
20640,Ketherian,blutkessel,480,paladin,retribution,18,5,13
20641,Cøctab,kirin-tor,480,paladin,retribution,18,5,13
20642,Retisfine,silvermoon,480,paladin,retribution,18,5,13
20643,Strätholme,drakthul,480,paladin,retribution,18,5,13
20644,Powericius,drakthul,480,paladin,retribution,18,5,13
20645,Xiuya,dun-modr,480,paladin,retribution,18,5,13
20646,Вэндрик,azuregos,480,paladin,retribution,18,5,13
20647,Quaterbâck,antonidas,480,paladin,retribution,18,5,13
20648,Rizzdaddy,outland,480,paladin,retribution,18,5,13
20649,Ywrow,burning-blade,480,paladin,retribution,18,5,13
20650,Phorios,agamaggan,480,paladin,retribution,18,5,13
20651,Ramhal,stormscale,480,paladin,retribution,18,5,13
20652,Starcker,sanguino,480,paladin,retribution,18,5,13
20653,Øsgar,dun-modr,480,paladin,retribution,18,5,13
20654,Cøygonne,archimonde,480,paladin,retribution,18,5,13
20655,Exobyte,stormscale,480,paladin,retribution,24,5,19
20656,Itsgossiplol,twisting-nether,480,paladin,retribution,24,5,19
20657,Ликанн,soulflayer,480,paladin,retribution,24,5,19
20658,Grynd,blackmoore,479,paladin,retribution,6,5,1
20659,Zvirblis,chamber-of-aspects,479,paladin,retribution,9,6,3
20660,Scarabeus,ravencrest,479,paladin,retribution,10,6,4
20661,Сасмен,blackscar,479,paladin,retribution,12,5,7
20662,Dykopala,doomhammer,479,paladin,retribution,12,5,7
20663,Эллессар,howling-fjord,479,paladin,retribution,12,5,7
20664,Solyra,blackhand,479,paladin,retribution,12,5,7
20665,Ðarkjøjø,hyjal,479,paladin,retribution,12,5,7
20666,Gropleindsup,ysondre,479,paladin,retribution,12,5,7
20667,Rettarded,draenor,479,paladin,retribution,12,5,7
20668,Edwards,sanguino,479,paladin,retribution,12,5,7
20669,Notholy,defias-brotherhood,479,paladin,retribution,12,5,7
20670,Bakasnoop,hyjal,479,paladin,retribution,12,5,7
20671,Майнстер,gordunni,479,paladin,retribution,12,5,7
20672,Benø,malganis,479,paladin,retribution,12,5,7
20673,Taffz,burning-legion,479,paladin,retribution,12,5,7
20674,Gaab,aggra-português,479,paladin,retribution,12,5,7
20675,Aelaris,dunemaul,479,paladin,retribution,18,5,13
20676,Сенторин,borean-tundra,479,paladin,retribution,18,5,13
20677,Медверус,gordunni,479,paladin,retribution,24,5,19
20678,Hazeman,colinas-pardas,478,paladin,retribution,6,5,1
20679,Mysticlight,sylvanas,478,paladin,retribution,18,8,10
20680,Mickeyvorace,archimonde,478,paladin,retribution,12,5,7
20681,Azlan,nagrand,478,paladin,retribution,12,5,7
20682,Glarcouf,eldrethalas,478,paladin,retribution,12,5,7
20683,Nerdcore,blackrock,478,paladin,retribution,12,5,7
20684,Mirelaw,drakthul,478,paladin,retribution,12,5,7
20685,Kanot,outland,478,paladin,retribution,12,5,7
20686,Четкийчервь,soulflayer,478,paladin,retribution,18,5,13
20687,Apoffis,burning-legion,477,paladin,retribution,12,5,7
20688,Jenyu,sanguino,477,paladin,retribution,12,5,7
20689,Zantria,alleria,476,paladin,retribution,12,5,7
20690,Hateze,kazzak,472,paladin,retribution,12,5,7
20691,Zingler,norgannon,472,paladin,retribution,12,5,7
20692,Yeohinyiu,khaz-modan,472,paladin,retribution,12,5,7
20693,Legitpower,silvermoon,456,paladin,retribution,33,14,19
20694,Slayton,twisting-nether,447,paladin,retribution,11,5,6
20695,Гкм,howling-fjord,447,paladin,retribution,11,5,6
20696,Veliios,silvermoon,447,paladin,retribution,14,6,8
20697,Kevlar,frostmane,446,paladin,retribution,12,6,6
20698,Schôck,eredar,432,paladin,retribution,9,5,4
20699,Æïs,blackrock,432,paladin,retribution,9,5,4
20700,Sunnyboy,tarren-mill,431,paladin,retribution,11,5,6
20701,Mozg,silvermoon,431,paladin,retribution,11,5,6
20702,Миссйеллоу,gordunni,431,paladin,retribution,11,5,6
20703,Dragonwingz,kazzak,431,paladin,retribution,11,5,6
20704,Theodun,xavius,430,paladin,retribution,11,5,6
20705,Авереон,gordunni,426,paladin,retribution,23,6,17
20706,Émilia,frostwolf,416,paladin,retribution,10,5,5
20707,Нероблр,gordunni,416,paladin,retribution,10,5,5
20708,Dd,blackmoore,416,paladin,retribution,16,5,11
20709,Lògàn,pozzo-delleternità,415,paladin,retribution,8,5,3
20710,Caleel,nemesis,400,paladin,retribution,7,5,2
20711,Сильвернайт,soulflayer,400,paladin,retribution,13,5,8
20712,Ðesolace,twisting-nether,384,paladin,retribution,6,4,2
20713,Òlymp,blackhand,384,paladin,retribution,6,4,2
20714,Azaël,illidan,384,paladin,retribution,6,4,2
20715,Ultimatix,stormscale,384,paladin,retribution,6,4,2
20716,Joti,proudmoore,384,paladin,retribution,6,4,2
20717,Lévrone,alexstrasza,384,paladin,retribution,6,4,2
20718,Лиадринель,howling-fjord,384,paladin,retribution,6,4,2
20719,Raek,stormscale,384,paladin,retribution,6,4,2
20720,Arcillus,stormscale,384,paladin,retribution,6,4,2
20721,Aderos,sylvanas,384,paladin,retribution,6,4,2
20722,Судья,greymane,384,paladin,retribution,6,4,2
20723,Кэшбэкер,fordragon,384,paladin,retribution,6,4,2
20724,Petsadin,ravencrest,384,paladin,retribution,6,4,2
20725,Cildan,talnivarr,384,paladin,retribution,6,4,2
20726,Адвакаад,soulflayer,384,paladin,retribution,6,4,2
20727,Necadin,ravencrest,384,paladin,retribution,6,4,2
20728,Shevøçk,ravencrest,384,paladin,retribution,6,4,2
20729,Skrýmir,marécage-de-zangar,384,paladin,retribution,6,4,2
20730,Бабичпал,soulflayer,384,paladin,retribution,6,4,2
20731,Pompée,dalaran,384,paladin,retribution,6,4,2
20732,Retqt,eredar,384,paladin,retribution,6,4,2
20733,Madarä,arathi,384,paladin,retribution,6,4,2
20734,Mcnnuggets,ravencrest,384,paladin,retribution,6,4,2
20735,Tdchopa,ravencrest,384,paladin,retribution,6,4,2
20736,Elenia,baelgun,384,paladin,retribution,6,4,2
20737,Pâlâpâm,blackmoore,384,paladin,retribution,6,4,2
20738,Mullinsilmä,stormreaver,384,paladin,retribution,6,4,2
20739,Erthelios,silvermoon,384,paladin,retribution,6,4,2
20740,Blakkjack,xavius,384,paladin,retribution,6,4,2
20741,Zeportpala,archimonde,384,paladin,retribution,6,4,2
20742,Clementine,spinebreaker,384,paladin,retribution,6,4,2
20743,Missmyhoj,archimonde,384,paladin,retribution,6,4,2
20744,Позабытый,deathweaver,384,paladin,retribution,6,4,2
20745,Palacetámol,gorgonnash,384,paladin,retribution,6,4,2
20746,Zhàø,ysondre,384,paladin,retribution,6,4,2
20747,Angeal,ysondre,384,paladin,retribution,6,4,2
20748,Imtheßoss,pozzo-delleternità,384,paladin,retribution,6,4,2
20749,Wiither,argent-dawn,384,paladin,retribution,6,4,2
20750,Кукусяшка,gordunni,384,paladin,retribution,6,4,2
20751,Nyren,guldan,384,paladin,retribution,6,4,2
20752,Khoping,silvermoon,384,paladin,retribution,6,4,2
20753,Dragongîrl,lothar,384,paladin,retribution,6,4,2
20754,Алепос,gordunni,384,paladin,retribution,6,4,2
20755,Röcc,draenor,384,paladin,retribution,6,4,2
20756,Эвангер,gordunni,384,paladin,retribution,6,4,2
20757,Cattelsaan,hyjal,384,paladin,retribution,6,4,2
20758,Athain,sanguino,384,paladin,retribution,6,4,2
20759,Mariahuana,sanguino,384,paladin,retribution,6,4,2
20760,Kurøneko,hyjal,384,paladin,retribution,6,4,2
20761,Rölfchen,frostwolf,384,paladin,retribution,6,4,2
20762,Кериас,gordunni,384,paladin,retribution,6,4,2
20763,Veldora,zuljin,384,paladin,retribution,6,4,2
20764,Superhick,veknilash,384,paladin,retribution,6,4,2
20765,Tigurius,zuljin,384,paladin,retribution,6,4,2
20766,Marmotaxx,dun-modr,384,paladin,retribution,6,4,2
20767,Sunstrider,quelthalas,384,paladin,retribution,6,4,2
20768,Volkai,zuljin,384,paladin,retribution,6,4,2
20769,Érléuchtas,kazzak,384,paladin,retribution,6,4,2
20770,Colpadeltank,kazzak,384,paladin,retribution,6,4,2
20771,Sabriaña,silvermoon,384,paladin,retribution,6,4,2
20772,Hanknpank,quelthalas,384,paladin,retribution,6,4,2
20773,Jaime,magtheridon,384,paladin,retribution,6,4,2
20774,ßrav,hyjal,384,paladin,retribution,6,4,2
20775,Leith,neptulon,384,paladin,retribution,6,4,2
20776,Бляля,gordunni,384,paladin,retribution,6,4,2
20777,Phiana,blackmoore,384,paladin,retribution,6,4,2
20778,Luckyman,aszune,384,paladin,retribution,6,4,2
20779,Cake,alakir,384,paladin,retribution,6,4,2
20780,Morsadin,burning-legion,384,paladin,retribution,6,4,2
20781,Paduj,kazzak,384,paladin,retribution,6,4,2
20782,Kralenko,archimonde,384,paladin,retribution,6,4,2
20783,Timoxas,kazzak,384,paladin,retribution,6,4,2
20784,Boaz,norgannon,384,paladin,retribution,6,4,2
20785,Kaähz,archimonde,384,paladin,retribution,6,4,2
20786,Davè,blackmoore,384,paladin,retribution,6,4,2
20787,Darkdeal,tarren-mill,384,paladin,retribution,6,4,2
20788,Dornu,tarren-mill,384,paladin,retribution,6,4,2
20789,Uragan,blackmoore,384,paladin,retribution,6,4,2
20790,Kazui,lordaeron,384,paladin,retribution,6,4,2
20791,Zeggayoda,nemesis,384,paladin,retribution,6,4,2
20792,Daddyolimpp,kazzak,384,paladin,retribution,6,4,2
20793,Драгмитухел,gordunni,384,paladin,retribution,6,4,2
20794,Hiloqtpala,blackmoore,384,paladin,retribution,6,4,2
20795,Naizem,dun-modr,384,paladin,retribution,6,4,2
20796,Blader,darksorrow,384,paladin,retribution,6,4,2
20797,Daicic,kazzak,384,paladin,retribution,6,4,2
20798,Blazeer,pozzo-delleternità,384,paladin,retribution,6,4,2
20799,Sølitude,kazzak,384,paladin,retribution,6,4,2
20800,Keem,aszune,384,paladin,retribution,6,4,2
20801,Crusxder,kazzak,384,paladin,retribution,6,4,2
20802,Crussaden,stormscale,384,paladin,retribution,7,4,3
20803,Mooriel,burning-legion,384,paladin,retribution,9,5,4
20804,Kreozz,destromath,384,paladin,retribution,9,4,5
20805,Shoogle,alonsus,384,paladin,retribution,9,4,5
20806,Beefdaddyy,kazzak,384,paladin,retribution,17,7,10
20807,Хилвкд,blackscar,384,paladin,retribution,11,4,7
20808,Athênâ,azjolnerub,384,paladin,retribution,15,5,10
20809,Minfa,argent-dawn,384,paladin,retribution,12,4,8
20810,Sorkara,argent-dawn,384,paladin,retribution,12,4,8
20811,Grymbol,boulderfist,384,paladin,retribution,12,4,8
20812,Bugohoss,nathrezim,384,paladin,retribution,12,4,8
20813,Madeofsteel,silvermoon,384,paladin,retribution,12,4,8
20814,Styxpl,blackhand,384,paladin,retribution,12,4,8
20815,Karsini,arathor,384,paladin,retribution,12,4,8
20816,Perxx,stormscale,384,paladin,retribution,12,4,8
20817,Heidfield,draenor,384,paladin,retribution,12,4,8
20818,Zarifence,ragnaros,384,paladin,retribution,12,4,8
20819,Decain,twisting-nether,384,paladin,retribution,12,4,8
20820,Ippex,silvermoon,384,paladin,retribution,12,4,8
20821,Uthelf,ragnaros,384,paladin,retribution,12,4,8
20822,Kyrín,onyxia,384,paladin,retribution,12,4,8
20823,Shuukz,blackmoore,384,paladin,retribution,12,4,8
20824,Xòtrios,argent-dawn,384,paladin,retribution,12,4,8
20825,Crowdev,zuljin,384,paladin,retribution,12,4,8
20826,Aleya,arathor,384,paladin,retribution,12,4,8
20827,Stjusmussel,ragnaros,384,paladin,retribution,12,4,8
20828,Artoriaz,ravencrest,384,paladin,retribution,12,4,8
20829,Ekber,ravencrest,384,paladin,retribution,12,4,8
20830,Eîon,argent-dawn,384,paladin,retribution,12,4,8
20831,Typhadin,sylvanas,384,paladin,retribution,12,4,8
20832,Cyban,twisting-nether,384,paladin,retribution,12,4,8
20833,Highcrown,argent-dawn,384,paladin,retribution,12,4,8
20834,Øazimutø,archimonde,384,paladin,retribution,12,4,8
20835,Rosallyn,argent-dawn,384,paladin,retribution,12,4,8
20836,Prínce,blackmoore,384,paladin,retribution,12,4,8
20837,Somaxpala,burning-legion,384,paladin,retribution,12,4,8
20838,Yaloh,sylvanas,384,paladin,retribution,12,4,8
20839,Trixbunny,arathor,384,paladin,retribution,12,4,8
20840,Krullfar,ravencrest,384,paladin,retribution,12,4,8
20841,Arkkipiispa,outland,384,paladin,retribution,12,4,8
20842,Æfhm,blackrock,384,paladin,retribution,12,4,8
20843,Thaldrael,colinas-pardas,384,paladin,retribution,12,4,8
20844,Valzyffs,twisting-nether,384,paladin,retribution,12,4,8
20845,Cáranthír,draenor,384,paladin,retribution,12,4,8
20846,Stoneð,antonidas,384,paladin,retribution,12,4,8
20847,Ardalìon,archimonde,384,paladin,retribution,12,4,8
20848,Dennyboy,sylvanas,384,paladin,retribution,12,4,8
20849,Phazio,twisting-nether,384,paladin,retribution,12,4,8
20850,Ревирант,howling-fjord,384,paladin,retribution,12,4,8
20851,Yasfy,stormscale,384,paladin,retribution,12,4,8
20852,Зираэлис,gordunni,384,paladin,retribution,12,4,8
20853,Бладриус,howling-fjord,384,paladin,retribution,12,4,8
20854,Поддыхдам,gordunni,384,paladin,retribution,12,4,8
20855,Popelarr,burning-blade,384,paladin,retribution,12,4,8
20856,Retfull,sylvanas,384,paladin,retribution,12,4,8
20857,Hasart,tarren-mill,384,paladin,retribution,12,4,8
20858,Розовыйбабл,gordunni,384,paladin,retribution,12,4,8
20859,Myû,die-aldor,384,paladin,retribution,12,4,8
20860,Avengence,dragonblight,384,paladin,retribution,12,4,8
20861,Mareshki,outland,384,paladin,retribution,12,4,8
20862,Hisblade,emerald-dream,384,paladin,retribution,12,4,8
20863,Sgiach,draenor,384,paladin,retribution,12,4,8
20864,Andrøiz,dun-modr,384,paladin,retribution,12,4,8
20865,Thiccdeeps,aegwynn,384,paladin,retribution,12,4,8
20866,Киилаа,gordunni,384,paladin,retribution,12,4,8
20867,Dêadgame,aegwynn,384,paladin,retribution,12,4,8
20868,Lucretius,kilrogg,384,paladin,retribution,12,4,8
20869,Badtrip,bloodscalp,384,paladin,retribution,12,4,8
20870,Galerian,twilights-hammer,384,paladin,retribution,12,4,8
20871,Serim,dun-modr,384,paladin,retribution,12,4,8
20872,Ragonas,mannoroth,384,paladin,retribution,12,4,8
20873,Naenel,dun-modr,384,paladin,retribution,12,4,8
20874,Drhammerdin,antonidas,384,paladin,retribution,12,4,8
20875,Blessmedaddy,tarren-mill,384,paladin,retribution,12,4,8
20876,Quarrel,kul-tiras,384,paladin,retribution,12,4,8
20877,Alawdi,ysondre,384,paladin,retribution,12,4,8
20878,Palandiade,draenor,384,paladin,retribution,12,4,8
20879,Vhestas,dun-modr,384,paladin,retribution,12,4,8
20880,Lopal,silvermoon,384,paladin,retribution,12,4,8
20881,Moløk,ysondre,384,paladin,retribution,12,4,8
20882,Xerya,dun-modr,384,paladin,retribution,12,4,8
20883,Waks,dalaran,384,paladin,retribution,12,4,8
20884,Pålegg,emerald-dream,384,paladin,retribution,12,4,8
20885,Gunpowderx,silvermoon,384,paladin,retribution,12,4,8
20886,Trainors,chamber-of-aspects,384,paladin,retribution,12,4,8
20887,Ngel,marécage-de-zangar,384,paladin,retribution,12,4,8
20888,Bundagains,silvermoon,384,paladin,retribution,12,4,8
20889,Âgreë,frostwhisper,384,paladin,retribution,12,4,8
20890,Inkuboss,nemesis,384,paladin,retribution,12,4,8
20891,Yakuron,blackhand,384,paladin,retribution,12,4,8
20892,Palapaye,archimonde,384,paladin,retribution,12,4,8
20893,Pecar,stormscale,384,paladin,retribution,12,4,8
20894,Douglazz,tarren-mill,384,paladin,retribution,13,4,9
20895,Artonus,sylvanas,384,paladin,retribution,14,4,10
20896,Алекхей,gordunni,384,paladin,retribution,18,4,14
20897,Pepegasensei,ravencrest,384,paladin,retribution,18,4,14
20898,Forthy,drakthul,384,paladin,retribution,18,4,14
20899,Greyeyed,kazzak,384,paladin,retribution,18,4,14
20900,Защешот,gordunni,384,paladin,retribution,18,4,14
20901,Астарин,gordunni,384,paladin,retribution,18,4,14
20902,Masuroc,antonidas,384,paladin,retribution,18,4,14
20903,Cadearas,antonidas,384,paladin,retribution,18,4,14
20904,Orbia,draenor,384,paladin,retribution,18,4,14
20905,Galaerøn,elune,384,paladin,retribution,18,4,14
20906,Anesthesiax,ravencrest,384,paladin,retribution,18,4,14
20907,Halldòr,ravencrest,384,paladin,retribution,18,4,14
20908,Neyd,hyjal,384,paladin,retribution,18,4,14
20909,Supersnubben,grim-batol,383,paladin,retribution,6,4,2
20910,Tank,uldum,383,paladin,retribution,6,4,2
20911,Fannii,ravencrest,383,paladin,retribution,6,4,2
20912,Krögerelf,garrosh,383,paladin,retribution,6,4,2
20913,Stêx,anubarak,383,paladin,retribution,6,4,2
20914,Lancelhot,archimonde,383,paladin,retribution,6,4,2
20915,Рукаф,soulflayer,383,paladin,retribution,6,4,2
20916,Tobebryant,eonar,383,paladin,retribution,6,4,2
20917,Цитри,borean-tundra,383,paladin,retribution,6,4,2
20918,Fløki,blackrock,383,paladin,retribution,6,4,2
20919,Buddy,conseil-des-ombres,383,paladin,retribution,9,5,4
20920,Paladoon,ravencrest,383,paladin,retribution,12,4,8
20921,Ressurection,outland,383,paladin,retribution,12,4,8
20922,Omixlis,ragnaros,383,paladin,retribution,12,4,8
20923,Donfilippo,burning-legion,383,paladin,retribution,12,4,8
20924,Giuliagirod,kazzak,383,paladin,retribution,12,4,8
20925,Ashreaver,burning-legion,383,paladin,retribution,12,4,8
20926,Hilkisen,ragnaros,383,paladin,retribution,12,4,8
20927,Käylä,silvermoon,383,paladin,retribution,12,4,8
20928,Chunpala,silvermoon,383,paladin,retribution,12,4,8
20929,Ратомир,howling-fjord,383,paladin,retribution,14,4,10
20930,Anamary,ravencrest,383,paladin,retribution,15,4,11
20931,Ságé,thrall,383,paladin,retribution,16,4,12
20932,Lavacalistar,turalyon,383,paladin,retribution,21,5,16
20933,Shurikèn,khaz-modan,382,paladin,retribution,6,4,2
20934,Севенола,galakrond,381,paladin,retribution,12,4,8
20935,Куоширо,goldrinn,381,paladin,retribution,12,4,8
20936,Palastratos,turalyon,379,paladin,retribution,12,4,8
20937,Bellight,sinstralis,376,paladin,retribution,19,4,15
20938,Errn,ragnaros,367,paladin,retribution,11,4,7
20939,Spóntaneous,ravencrest,351,paladin,retribution,8,5,3
20940,Emakk,darksorrow,351,paladin,retribution,8,5,3
20941,Олегсудья,howling-fjord,351,paladin,retribution,11,4,7
20942,Madzy,archimonde,351,paladin,retribution,11,4,7
20943,Joeintkaa,ragnaros,351,paladin,retribution,11,4,7
20944,Kantfyrste,ravencrest,351,paladin,retribution,11,4,7
20945,Strcker,sylvanas,336,paladin,retribution,9,4,5
20946,Serawyn,twisting-nether,336,paladin,retribution,9,4,5
20947,Freemain,doomhammer,336,paladin,retribution,9,4,5
20948,Нимбоо,soulflayer,335,paladin,retribution,11,4,7
20949,Sunsera,blackrock,330,paladin,retribution,8,5,3
20950,Alanore,tarren-mill,330,paladin,retribution,13,6,7
20951,Каплясвета,gordunni,330,paladin,retribution,15,5,10
20952,Enary,zuljin,330,paladin,retribution,15,5,10
20953,Moraru,neptulon,330,paladin,retribution,16,5,11
20954,Matharr,kazzak,330,paladin,retribution,19,5,14
20955,Stonebeard,ahnqiraj,329,paladin,retribution,25,5,20
20956,Bafbaf,arathi,329,paladin,retribution,30,5,25
20957,Reiwyn,archimonde,320,paladin,retribution,10,4,6
20958,Glâdiatør,blackrock,320,paladin,retribution,10,4,6
20959,Kyazar,sylvanas,319,paladin,retribution,5,4,1
20960,Strìke,ragnaros,319,paladin,retribution,8,4,4
20961,Kýríl,antonidas,319,paladin,retribution,14,4,10
20962,Артуроэльф,eversong,318,paladin,retribution,11,4,7
20963,Majk,hellscream,304,paladin,retribution,19,4,15
20964,Dominoeffect,sylvanas,288,paladin,retribution,6,3,3
20965,Lotheirid,antonidas,288,paladin,retribution,6,3,3
20966,Azzaelea,tarren-mill,288,paladin,retribution,6,3,3
20967,Véngeance,twilights-hammer,288,paladin,retribution,6,3,3
20968,Tyn,dragonmaw,288,paladin,retribution,6,3,3
20969,Retroxy,stormreaver,288,paladin,retribution,6,3,3
20970,Holythore,shadowsong,288,paladin,retribution,6,3,3
20971,Sparckqt,nemesis,288,paladin,retribution,6,3,3
20972,Xirac,antonidas,288,paladin,retribution,6,3,3
20973,Partur,stormreaver,288,paladin,retribution,6,3,3
20974,Eyebluee,tarren-mill,288,paladin,retribution,6,3,3
20975,Redex,tarren-mill,288,paladin,retribution,6,3,3
20976,Дджаб,booty-bay,288,paladin,retribution,6,3,3
20977,Gulyas,tarren-mill,288,paladin,retribution,6,3,3
20978,Ðåøóýöøðí,ravencrest,288,paladin,retribution,6,3,3
20979,Steínsgate,ravencrest,288,paladin,retribution,6,3,3
20980,Watchmestomp,draenor,288,paladin,retribution,6,3,3
20981,Рукибудды,soulflayer,288,paladin,retribution,6,3,3
20982,Джедай,blackscar,288,paladin,retribution,6,3,3
20983,Glorfindel,tarren-mill,288,paladin,retribution,6,3,3
20984,Æternal,arathor,288,paladin,retribution,6,3,3
20985,Faté,madmortem,288,paladin,retribution,6,3,3
20986,Razztafari,tarren-mill,288,paladin,retribution,6,3,3
20987,Hanksolos,drakthul,288,paladin,retribution,6,3,3
20988,Kelsumi,draenor,288,paladin,retribution,6,3,3
20989,Djpalacinka,drakthul,288,paladin,retribution,6,3,3
20990,Veo,sylvanas,288,paladin,retribution,6,3,3
20991,Vultrix,tarren-mill,288,paladin,retribution,6,3,3
20992,Киръпич,grom,288,paladin,retribution,6,3,3
20993,Eärendil,drakthul,288,paladin,retribution,6,3,3
20994,Arkhàn,ravencrest,288,paladin,retribution,6,3,3
20995,Sakulchan,antonidas,288,paladin,retribution,6,3,3
20996,Рамстафарай,gordunni,288,paladin,retribution,6,3,3
20997,Isgarot,pozzo-delleternità,288,paladin,retribution,6,3,3
20998,Khredo,eredar,288,paladin,retribution,6,3,3
20999,Windwings,drakthul,288,paladin,retribution,6,3,3
21000,Nympa,sylvanas,288,paladin,retribution,6,3,3
21001,Akcope,thunderhorn,288,paladin,retribution,6,3,3
21002,Cloudlight,argent-dawn,288,paladin,retribution,6,3,3
21003,Roxian,burning-blade,288,paladin,retribution,6,3,3
21004,Leouric,argent-dawn,288,paladin,retribution,6,3,3
21005,Madman,drakthul,288,paladin,retribution,6,3,3
21006,Gaizilla,burning-blade,288,paladin,retribution,6,3,3
21007,Brinkz,argent-dawn,288,paladin,retribution,6,3,3
21008,Ïrönhämmër,argent-dawn,288,paladin,retribution,6,3,3
21009,Юримия,blackscar,288,paladin,retribution,6,3,3
21010,Neoz,ravencrest,288,paladin,retribution,6,3,3
21011,Бигтедо,gordunni,288,paladin,retribution,6,3,3
21012,Зеппели,gordunni,288,paladin,retribution,6,3,3
21013,Xônia,sylvanas,288,paladin,retribution,6,3,3
21014,Noanoshy,eredar,288,paladin,retribution,6,3,3
21015,Stocks,burning-blade,288,paladin,retribution,6,3,3
21016,Лайсен,gordunni,288,paladin,retribution,6,3,3
21017,Lyrïcs,ysondre,288,paladin,retribution,6,3,3
21018,Grial,eredar,288,paladin,retribution,6,3,3
21019,Exero,frostmane,288,paladin,retribution,6,3,3
21020,Ruben,kirin-tor,288,paladin,retribution,6,3,3
21021,Lightstorm,voljin,288,paladin,retribution,6,3,3
21022,Sixtynien,outland,288,paladin,retribution,6,3,3
21023,Divinemove,stormscale,288,paladin,retribution,6,3,3
21024,Retrigodx,ragnaros,288,paladin,retribution,6,3,3
21025,Shaká,ravencrest,288,paladin,retribution,6,3,3
21026,Zeltose,uldaman,288,paladin,retribution,6,3,3
21027,Tonynox,hyjal,288,paladin,retribution,6,3,3
21028,Hondur,blackmoore,288,paladin,retribution,6,3,3
21029,Fløcki,blackhand,288,paladin,retribution,6,3,3
21030,Tjú,mannoroth,288,paladin,retribution,6,3,3
21031,Sarunan,ravencrest,288,paladin,retribution,6,3,3
21032,Astralenigma,hyjal,288,paladin,retribution,6,3,3
21033,Лантана,howling-fjord,288,paladin,retribution,6,3,3
21034,Holyhäätz,aegwynn,288,paladin,retribution,6,3,3
21035,Fumbz,alakir,288,paladin,retribution,6,3,3
21036,Eldivin,hyjal,288,paladin,retribution,6,3,3
21037,Мортлайт,soulflayer,288,paladin,retribution,6,3,3
21038,Sérath,twisting-nether,288,paladin,retribution,6,3,3
21039,Kishijoten,archimonde,288,paladin,retribution,6,3,3
21040,Paidi,die-todeskrallen,288,paladin,retribution,6,3,3
21041,Baltyros,thrall,288,paladin,retribution,6,3,3
21042,Wtyou,blackhand,288,paladin,retribution,6,3,3
21043,Thalyia,neptulon,288,paladin,retribution,6,3,3
21044,Киэрсис,howling-fjord,288,paladin,retribution,6,3,3
21045,Astralz,aegwynn,288,paladin,retribution,6,3,3
21046,Prâtox,blackmoore,288,paladin,retribution,6,3,3
21047,Yaldly,dun-modr,288,paladin,retribution,6,3,3
21048,Shealby,thrall,288,paladin,retribution,6,3,3
21049,Pallajalla,the-maelstrom,288,paladin,retribution,6,3,3
21050,Tyranius,bronzebeard,288,paladin,retribution,6,3,3
21051,Khrogan,bronzebeard,288,paladin,retribution,6,3,3
21052,Gx6F92B6,draenor,288,paladin,retribution,6,3,3
21053,Bämschi,blackrock,288,paladin,retribution,6,3,3
21054,Ñusret,aegwynn,288,paladin,retribution,6,3,3
21055,Muieiulica,twisting-nether,288,paladin,retribution,6,3,3
21056,Mayhem,area-52,288,paladin,retribution,6,3,3
21057,Holyshêêt,draenor,288,paladin,retribution,6,3,3
21058,Кс,greymane,288,paladin,retribution,6,3,3
21059,Raketenreiko,blackrock,288,paladin,retribution,6,3,3
21060,Gipas,quelthalas,288,paladin,retribution,6,3,3
21061,Stárchy,terenas,288,paladin,retribution,6,3,3
21062,Bogrács,silvermoon,288,paladin,retribution,6,3,3
21063,Ozen,blackrock,288,paladin,retribution,6,3,3
21064,Lóde,silvermoon,288,paladin,retribution,6,3,3
21065,Strangerx,blackrock,288,paladin,retribution,6,3,3
21066,Freakks,twisting-nether,288,paladin,retribution,6,3,3
21067,ßßæßßæßß,stormscale,288,paladin,retribution,6,3,3
21068,Cilodin,blackrock,288,paladin,retribution,6,3,3
21069,Xirôs,zirkel-des-cenarius,288,paladin,retribution,6,3,3
21070,Palapouffe,khaz-modan,288,paladin,retribution,6,3,3
21071,Dédoniste,archimonde,288,paladin,retribution,6,3,3
21072,Neithi,twisting-nether,288,paladin,retribution,6,3,3
21073,Hione,burning-legion,288,paladin,retribution,6,3,3
21074,Zondãn,blackrock,288,paladin,retribution,6,3,3
21075,Rômtone,dalaran,288,paladin,retribution,6,3,3
21076,Minirempart,khaz-modan,288,paladin,retribution,6,3,3
21077,Blookedaro,sanguino,288,paladin,retribution,6,3,3
21078,Emet,twisting-nether,288,paladin,retribution,6,3,3
21079,Poutoux,archimonde,288,paladin,retribution,6,3,3
21080,Dyonisøs,archimonde,288,paladin,retribution,6,3,3
21081,Partysyster,defias-brotherhood,288,paladin,retribution,6,3,3
21082,Bangßros,archimonde,288,paladin,retribution,6,3,3
21083,Ønyxqt,archimonde,288,paladin,retribution,6,3,3
21084,Sekoran,sunstrider,288,paladin,retribution,6,3,3
21085,Myradur,burning-legion,288,paladin,retribution,6,3,3
21086,Bootysmasher,silvermoon,288,paladin,retribution,6,3,3
21087,Yurinovsky,aggra-português,288,paladin,retribution,6,3,3
21088,Vaciusta,silvermoon,288,paladin,retribution,6,3,3
21089,Reptoglad,archimonde,288,paladin,retribution,6,3,3
21090,Moolurk,stormscale,288,paladin,retribution,6,3,3
21091,Golgel,turalyon,288,paladin,retribution,6,3,3
21092,Lolsurprise,twisting-nether,288,paladin,retribution,6,3,3
21093,Répo,twisting-nether,288,paladin,retribution,6,3,3
21094,Nam,culte-de-la-rive-noire,288,paladin,retribution,6,3,3
21095,Hium,zuljin,288,paladin,retribution,6,3,3
21096,Xalthan,defias-brotherhood,288,paladin,retribution,6,3,3
21097,Silverglaze,defias-brotherhood,288,paladin,retribution,6,3,3
21098,Synexy,kazzak,288,paladin,retribution,6,3,3
21099,Animegifx,ragnaros,288,paladin,retribution,6,3,3
21100,Darnito,blackmoore,288,paladin,retribution,6,3,3
21101,Lixîa,hyjal,288,paladin,retribution,6,3,3
21102,Synthesis,uldum,288,paladin,retribution,6,3,3
21103,Fogell,ravencrest,288,paladin,retribution,6,3,3
21104,Taukkï,kazzak,288,paladin,retribution,6,3,3
21105,Kielonpala,kazzak,288,paladin,retribution,6,3,3
21106,Môdhân,archimonde,288,paladin,retribution,6,3,3
21107,Aoldur,ragnaros,288,paladin,retribution,6,3,3
21108,Zetnic,kazzak,288,paladin,retribution,6,3,3
21109,Gambá,stormscale,288,paladin,retribution,6,3,3
21110,Aklime,blackmoore,288,paladin,retribution,6,3,3
21111,Palá,dun-modr,288,paladin,retribution,6,3,3
21112,Milkzaddy,kazzak,288,paladin,retribution,6,3,3
21113,Fahrèl,hyjal,288,paladin,retribution,6,3,3
21114,Illmindofyou,twisting-nether,288,paladin,retribution,6,3,3
21115,Ljusbågen,silvermoon,288,paladin,retribution,7,3,4
21116,Dorlen,argent-dawn,288,paladin,retribution,10,4,6
21117,Rubína,aegwynn,288,paladin,retribution,8,3,5
21118,Aenhel,zuljin,288,paladin,retribution,11,4,7
21119,Parlma,naxxramas,288,paladin,retribution,13,4,9
21120,Dragg,kirin-tor,288,paladin,retribution,10,3,7
21121,Trollpaladin,blackmoore,288,paladin,retribution,12,3,9
21122,Turbopal,burning-blade,288,paladin,retribution,12,3,9
21123,Razzim,eredar,288,paladin,retribution,12,3,9
21124,Manole,ravencrest,288,paladin,retribution,12,3,9
21125,Cigoveth,sylvanas,288,paladin,retribution,12,3,9
21126,Lacrossé,kazzak,288,paladin,retribution,12,3,9
21127,Dalaly,kazzak,288,paladin,retribution,12,3,9
21128,Mandingbull,stormscale,288,paladin,retribution,12,3,9
21129,Кесару,goldrinn,288,paladin,retribution,12,3,9
21130,Byczorek,turalyon,288,paladin,retribution,12,3,9
21131,Strikè,stormscale,288,paladin,retribution,12,3,9
21132,Simsaii,stormscale,288,paladin,retribution,12,3,9
21133,Djuwuu,twisting-nether,288,paladin,retribution,12,3,9
21134,Nîcolascage,stormscale,288,paladin,retribution,12,3,9
21135,Boscho,argent-dawn,288,paladin,retribution,12,3,9
21136,Аладушок,gordunni,288,paladin,retribution,12,3,9
21137,Dathea,aegwynn,288,paladin,retribution,12,3,9
21138,Whórainzóne,eredar,288,paladin,retribution,12,3,9
21139,Daddysiliam,ravencrest,288,paladin,retribution,12,3,9
21140,Kypamop,argent-dawn,288,paladin,retribution,12,3,9
21141,Arthàs,blackmoore,288,paladin,retribution,12,3,9
21142,Deldrina,nozdormu,288,paladin,retribution,12,3,9
21143,Flogiston,burning-legion,288,paladin,retribution,12,3,9
21144,Dmascus,blackrock,288,paladin,retribution,12,3,9
21145,Sangaro,ragnaros,288,paladin,retribution,12,3,9
21146,Бетте,gordunni,288,paladin,retribution,12,3,9
21147,Астта,fordragon,288,paladin,retribution,12,3,9
21148,Kiytrew,ravencrest,288,paladin,retribution,12,3,9
21149,Lylennâ,argent-dawn,288,paladin,retribution,12,3,9
21150,Arethos,twisting-nether,288,paladin,retribution,12,3,9
21151,Legâin,twisting-nether,288,paladin,retribution,12,3,9
21152,Ahreesh,blackrock,288,paladin,retribution,12,3,9
21153,Найдэкер,gordunni,288,paladin,retribution,12,3,9
21154,Ragen,kazzak,288,paladin,retribution,12,3,9
21155,Pascual,magtheridon,288,paladin,retribution,12,3,9
21156,Çolette,silvermoon,288,paladin,retribution,12,3,9
21157,Janky,draenor,288,paladin,retribution,12,3,9
21158,Skuzee,archimonde,288,paladin,retribution,12,3,9
21159,Xzpal,silvermoon,288,paladin,retribution,12,3,9
21160,Дэвсон,greymane,288,paladin,retribution,12,3,9
21161,Synáx,blackhand,288,paladin,retribution,12,3,9
21162,Wolluna,frostwolf,288,paladin,retribution,12,3,9
21163,Miqee,burning-legion,288,paladin,retribution,12,3,9
21164,Lucyd,stormscale,288,paladin,retribution,12,3,9
21165,Blecheîmer,aegwynn,288,paladin,retribution,12,3,9
21166,Cilla,kult-der-verdammten,288,paladin,retribution,12,3,9
21167,Загошслакер,howling-fjord,288,paladin,retribution,12,3,9
21168,Ашилолпро,soulflayer,288,paladin,retribution,12,3,9
21169,Ауё,blackscar,288,paladin,retribution,12,3,9
21170,Pikoman,hellfire,288,paladin,retribution,12,3,9
21171,Diccari,stormreaver,288,paladin,retribution,12,3,9
21172,Izelv,dalaran,288,paladin,retribution,12,3,9
21173,Ваэлин,deathweaver,288,paladin,retribution,12,3,9
21174,Popolelo,dun-modr,288,paladin,retribution,12,3,9
21175,Галлионн,gordunni,288,paladin,retribution,12,3,9
21176,Inmortality,sanguino,288,paladin,retribution,12,3,9
21177,Nordiusek,drakthul,288,paladin,retribution,12,3,9
21178,Japsee,runetotem,288,paladin,retribution,12,3,9
21179,Deholyloa,frostwhisper,288,paladin,retribution,12,3,9
21180,Мува,soulflayer,288,paladin,retribution,14,3,11
21181,Ulderoth,dun-modr,288,paladin,retribution,18,3,15
21182,Skemfar,sanguino,288,paladin,retribution,18,3,15
21183,Símp,grim-batol,288,paladin,retribution,18,3,15
21184,Fenik,dun-modr,288,paladin,retribution,18,3,15
21185,Ллосла,howling-fjord,288,paladin,retribution,18,3,15
21186,Mêyra,blackhand,288,paladin,retribution,20,3,17
21187,Malzj,garrosh,287,paladin,retribution,6,3,3
21188,Хеллпанч,howling-fjord,287,paladin,retribution,6,3,3
21189,Blinklys,ragnaros,287,paladin,retribution,6,3,3
21190,Flashyplays,silvermoon,287,paladin,retribution,6,3,3
21191,Sìegfrìed,sargeras,287,paladin,retribution,6,3,3
21192,Sindur,perenolde,287,paladin,retribution,6,3,3
21193,Bedrock,kirin-tor,287,paladin,retribution,6,3,3
21194,Arthane,frostmane,287,paladin,retribution,6,3,3
21195,Ïwâ,hyjal,287,paladin,retribution,6,3,3
21196,Айронс,ashenvale,287,paladin,retribution,6,3,3
21197,Hrubo,drakthul,287,paladin,retribution,6,3,3
21198,Bore,culte-de-la-rive-noire,287,paladin,retribution,12,3,9
21199,Cajikpal,drakthul,287,paladin,retribution,12,3,9
21200,Thardran,ravencrest,287,paladin,retribution,12,3,9
21201,Voraxpa,draenor,287,paladin,retribution,12,3,9
21202,Trevorion,argent-dawn,287,paladin,retribution,12,3,9
21203,Grundgron,burning-legion,287,paladin,retribution,15,3,12
21204,Rsanchez,frostwolf,286,paladin,retribution,6,3,3
21205,Yeretria,krasus,286,paladin,retribution,6,3,3
21206,Fortplus,pozzo-delleternità,272,paladin,retribution,14,6,8
21207,Рбгхил,howling-fjord,271,paladin,retribution,11,3,8
21208,Tofrus,kazzak,271,paladin,retribution,11,3,8
21209,Brictom,tarren-mill,271,paladin,retribution,11,3,8
21210,Spánkit,stormscale,255,paladin,retribution,8,4,4
21211,Davairabotai,kazzak,255,paladin,retribution,14,4,10
21212,Msammus,kazzak,255,paladin,retribution,11,3,8
21213,Erannor,kirin-tor,239,paladin,retribution,5,3,2
21214,Crîîngêr,blackhand,239,paladin,retribution,5,3,2
21215,Pooncy,ragnaros,239,paladin,retribution,5,3,2
21216,Papel,kul-tiras,239,paladin,retribution,5,3,2
21217,Tivv,blackhand,239,paladin,retribution,5,3,2
21218,Manyouk,kazzak,239,paladin,retribution,5,3,2
21219,Loire,blackmoore,239,paladin,retribution,5,3,2
21220,Gõm,aegwynn,239,paladin,retribution,5,3,2
21221,Sàbèr,blackmoore,239,paladin,retribution,11,3,8
21222,Tÿy,sylvanas,234,paladin,retribution,8,4,4
21223,Pelbo,ravencrest,234,paladin,retribution,9,4,5
21224,Dørvâp,culte-de-la-rive-noire,234,paladin,retribution,11,4,7
21225,Bigwings,stormscale,208,paladin,retribution,7,3,4
21226,Denko,ravencrest,192,paladin,retribution,4,3,1
21227,Йёкипавер,gordunni,192,paladin,retribution,4,3,1
21228,Fîzè,blackmoore,192,paladin,retribution,4,3,1
21229,Pitux,dun-modr,192,paladin,retribution,4,3,1
21230,Rimlod,saurfang,192,paladin,retribution,6,2,4
21231,Jÿnxx,hyjal,192,paladin,retribution,6,2,4
21232,Gryan,stormscale,192,paladin,retribution,6,2,4
21233,Дрейв,soulflayer,192,paladin,retribution,6,2,4
21234,Kael,darkspear,192,paladin,retribution,6,2,4
21235,Vans,nazjatar,192,paladin,retribution,6,2,4
21236,Загадзуга,howling-fjord,192,paladin,retribution,6,2,4
21237,Retrikuc,stormscale,192,paladin,retribution,6,2,4
21238,Clerik,eredar,192,paladin,retribution,6,2,4
21239,Grømit,drakthul,192,paladin,retribution,6,2,4
21240,Светочпок,howling-fjord,192,paladin,retribution,6,2,4
21241,Daizen,blackrock,192,paladin,retribution,6,2,4
21242,Daviaa,silvermoon,192,paladin,retribution,6,2,4
21243,Logmár,sanguino,192,paladin,retribution,6,2,4
21244,Frías,zuljin,192,paladin,retribution,6,2,4
21245,Сильверный,gordunni,192,paladin,retribution,6,2,4
21246,Strøb,antonidas,192,paladin,retribution,6,2,4
21247,Ôrâ,archimonde,192,paladin,retribution,6,2,4
21248,Holybubble,stormscale,192,paladin,retribution,6,2,4
21249,Туларион,grom,192,paladin,retribution,6,2,4
21250,Бойкийкот,eversong,192,paladin,retribution,6,2,4
21251,Némesis,frostmane,192,paladin,retribution,6,2,4
21252,Холигор,deathguard,192,paladin,retribution,6,2,4
21253,Alus,blackmoore,192,paladin,retribution,6,2,4
21254,Raigun,sylvanas,192,paladin,retribution,6,2,4
21255,Pipifeng,silvermoon,192,paladin,retribution,6,2,4
21256,Trainwréck,ravencrest,192,paladin,retribution,6,2,4
21257,Drasir,nemesis,192,paladin,retribution,6,2,4
21258,Pyronort,eredar,192,paladin,retribution,6,2,4
21259,Aal,eredar,192,paladin,retribution,6,2,4
21260,Unogym,dragonblight,192,paladin,retribution,6,2,4
21261,Vikingensven,silvermoon,192,paladin,retribution,6,2,4
21262,Beiluoshimen,archimonde,192,paladin,retribution,6,2,4
21263,Dàk,grim-batol,192,paladin,retribution,6,2,4
21264,Ньюзеропал,howling-fjord,192,paladin,retribution,6,2,4
21265,Fannypoo,sylvanas,192,paladin,retribution,6,2,4
21266,Shápzx,draenor,192,paladin,retribution,6,2,4
21267,Tsomoo,antonidas,192,paladin,retribution,6,2,4
21268,Paladéán,malganis,192,paladin,retribution,6,2,4
21269,Snowlyi,stormscale,192,paladin,retribution,6,2,4
21270,Эйлара,howling-fjord,192,paladin,retribution,6,2,4
21271,Ijego,silvermoon,192,paladin,retribution,6,2,4
21272,Ðeswynd,hyjal,192,paladin,retribution,6,2,4
21273,Onys,onyxia,192,paladin,retribution,6,2,4
21274,Quennten,grim-batol,192,paladin,retribution,6,2,4
21275,Shufflee,drakthul,192,paladin,retribution,6,2,4
21276,Zuldekk,sanguino,192,paladin,retribution,6,2,4
21277,Starr,confrérie-du-thorium,192,paladin,retribution,6,2,4
21278,Aïzo,archimonde,192,paladin,retribution,6,2,4
21279,Фэрплэйн,gordunni,192,paladin,retribution,6,2,4
21280,Zbykmasta,burning-legion,192,paladin,retribution,6,2,4
21281,Azraise,stormscale,192,paladin,retribution,6,2,4
21282,Гачипаладинн,galakrond,192,paladin,retribution,6,2,4
21283,Легионор,galakrond,192,paladin,retribution,6,2,4
21284,Бордюрчег,howling-fjord,192,paladin,retribution,6,2,4
21285,Stinkytoes,draenor,192,paladin,retribution,6,2,4
21286,Sawier,ragnaros,192,paladin,retribution,6,2,4
21287,Ghéttørèt,das-konsortium,192,paladin,retribution,6,2,4
21288,Потрепал,blackscar,192,paladin,retribution,6,2,4
21289,Nikibrahboi,outland,192,paladin,retribution,6,2,4
21290,Пепескарлет,howling-fjord,192,paladin,retribution,6,2,4
21291,Кизайрус,soulflayer,192,paladin,retribution,6,2,4
21292,Palacheatlol,ysondre,192,paladin,retribution,6,2,4
21293,Cripxoo,sanguino,192,paladin,retribution,6,2,4
21294,Slageth,argent-dawn,192,paladin,retribution,6,2,4
21295,Dehanath,draenor,192,paladin,retribution,6,2,4
21296,Tybrain,blackhand,192,paladin,retribution,6,2,4
21297,Caribbean,outland,192,paladin,retribution,6,2,4
21298,Всеволорд,howling-fjord,192,paladin,retribution,6,2,4
21299,Canihavesome,sylvanas,192,paladin,retribution,6,2,4
21300,Dollicia,outland,192,paladin,retribution,6,2,4
21301,Bozznamaan,thrall,192,paladin,retribution,6,2,4
21302,Xephiroxus,the-venture-co,192,paladin,retribution,6,2,4
21303,Kerplonk,burning-legion,192,paladin,retribution,6,2,4
21304,Noxy,thrall,192,paladin,retribution,6,2,4
21305,Sertoli,frostwhisper,192,paladin,retribution,6,2,4
21306,Drjudge,draenor,192,paladin,retribution,6,2,4
21307,Lowen,deathwing,192,paladin,retribution,6,2,4
21308,Paradice,ragnaros,192,paladin,retribution,6,2,4
21309,Bpontes,aggra-português,192,paladin,retribution,6,2,4
21310,Leelemon,frostmane,192,paladin,retribution,6,2,4
21311,Soralî,dethecus,192,paladin,retribution,6,2,4
21312,Flashhèart,draenor,192,paladin,retribution,6,2,4
21313,Palek,burning-legion,192,paladin,retribution,6,2,4
21314,Almiraj,conseil-des-ombres,192,paladin,retribution,6,2,4
21315,Doormat,stormreaver,192,paladin,retribution,6,2,4
21316,Zixxo,outland,192,paladin,retribution,6,2,4
21317,Víii,outland,192,paladin,retribution,6,2,4
21318,Meneth,elune,192,paladin,retribution,6,2,4
21319,Héraclèss,marécage-de-zangar,192,paladin,retribution,6,2,4
21320,Harnêlia,marécage-de-zangar,192,paladin,retribution,6,2,4
21321,Афликтшаман,howling-fjord,192,paladin,retribution,6,2,4
21322,Dáimion,defias-brotherhood,192,paladin,retribution,6,2,4
21323,Serkunkoira,emeriss,192,paladin,retribution,6,2,4
21324,Oldsurehand,blackmoore,192,paladin,retribution,6,2,4
21325,Вишенций,howling-fjord,192,paladin,retribution,6,2,4
21326,Postî,eredar,192,paladin,retribution,6,2,4
21327,Azapala,kazzak,192,paladin,retribution,6,2,4
21328,Blurengo,blackrock,192,paladin,retribution,6,2,4
21329,Waramo,eredar,192,paladin,retribution,6,2,4
21330,Fortination,dalaran,192,paladin,retribution,6,2,4
21331,Tomforøl,aggramar,192,paladin,retribution,6,2,4
21332,Atemes,malorne,192,paladin,retribution,6,2,4
21333,Paxillustral,twisting-nether,192,paladin,retribution,6,2,4
21334,Serethor,blackrock,192,paladin,retribution,6,2,4
21335,Lightsimper,silvermoon,192,paladin,retribution,6,2,4
21336,Slymm,archimonde,192,paladin,retribution,6,2,4
21337,Wingsftw,blackhand,192,paladin,retribution,6,2,4
21338,Nozgot,chromaggus,192,paladin,retribution,6,2,4
21339,Destroyer,archimonde,192,paladin,retribution,6,2,4
21340,Кадаврициан,howling-fjord,192,paladin,retribution,6,2,4
21341,Yømø,antonidas,192,paladin,retribution,6,2,4
21342,Zephale,sunstrider,192,paladin,retribution,6,2,4
21343,Millianoxys,norgannon,192,paladin,retribution,6,2,4
21344,Антитеррор,greymane,192,paladin,retribution,6,2,4
21345,Скруддж,howling-fjord,192,paladin,retribution,6,2,4
21346,Arthacalan,silvermoon,192,paladin,retribution,6,2,4
21347,Kapaeus,aggramar,192,paladin,retribution,6,2,4
21348,Altoangelo,outland,192,paladin,retribution,6,2,4
21349,Docoùla,twisting-nether,192,paladin,retribution,6,2,4
21350,Blazeê,blackrock,192,paladin,retribution,6,2,4
21351,Valanyr,kazzak,192,paladin,retribution,6,2,4
21352,Everessa,sylvanas,192,paladin,retribution,6,2,4
21353,Blazkowicz,twisting-nether,192,paladin,retribution,6,2,4
21354,Eneomaos,blackrock,192,paladin,retribution,6,2,4
21355,Spellcrow,argent-dawn,192,paladin,retribution,6,2,4
21356,Necrozi,stormscale,192,paladin,retribution,6,2,4
21357,Mathrixo,silvermoon,192,paladin,retribution,6,2,4
21358,Ashariah,die-aldor,192,paladin,retribution,6,2,4
21359,Gornim,die-nachtwache,192,paladin,retribution,6,2,4
21360,Maxximuss,drekthar,192,paladin,retribution,6,2,4
21361,Yuri,voljin,192,paladin,retribution,6,2,4
21362,Yumhi,dun-modr,192,paladin,retribution,6,2,4
21363,Элестаге,gordunni,192,paladin,retribution,6,2,4
21364,Djstompyasis,blackmoore,192,paladin,retribution,6,2,4
21365,Vrotkarpala,azjolnerub,192,paladin,retribution,6,2,4
21366,Legrandnain,archimonde,192,paladin,retribution,6,2,4
21367,Palaur,silvermoon,192,paladin,retribution,6,2,4
21368,Eldrielle,culte-de-la-rive-noire,192,paladin,retribution,6,2,4
21369,Drident,die-nachtwache,192,paladin,retribution,6,2,4
21370,Ярлд,gordunni,192,paladin,retribution,6,2,4
21371,Bigolcritty,silvermoon,192,paladin,retribution,6,2,4
21372,Malvax,ragnaros,192,paladin,retribution,6,2,4
21373,Ainnamash,twisting-nether,192,paladin,retribution,6,2,4
21374,Myrmidan,magtheridon,192,paladin,retribution,6,2,4
21375,Дэвайнэвил,gordunni,192,paladin,retribution,6,2,4
21376,Shassera,ravencrest,192,paladin,retribution,6,2,4
21377,Heilgaharald,blackrock,192,paladin,retribution,6,2,4
21378,Panomecon,magtheridon,192,paladin,retribution,6,2,4
21379,Blinkdrink,ragnaros,192,paladin,retribution,6,2,4
21380,Vcd,kazzak,192,paladin,retribution,6,2,4
21381,Halori,ragnaros,192,paladin,retribution,6,2,4
21382,Samypalouf,naxxramas,192,paladin,retribution,6,2,4
21383,Rdypaladin,ravencrest,192,paladin,retribution,6,2,4
21384,Nasrudan,ravenholdt,192,paladin,retribution,6,2,4
21385,Razarus,sylvanas,192,paladin,retribution,6,2,4
21386,Maxunius,antonidas,192,paladin,retribution,6,2,4
21387,Teenage,colinas-pardas,192,paladin,retribution,6,2,4
21388,Tópgee,ravencrest,192,paladin,retribution,6,2,4
21389,Holyape,argent-dawn,192,paladin,retribution,6,2,4
21390,Pallyman,arthas,192,paladin,retribution,6,2,4
21391,Ríék,lightbringer,192,paladin,retribution,6,2,4
21392,Alto,nordrassil,192,paladin,retribution,6,2,4
21393,Bálerion,bronze-dragonflight,192,paladin,retribution,6,2,4
21394,Yaxz,ravencrest,192,paladin,retribution,6,2,4
21395,Breakafly,doomhammer,192,paladin,retribution,6,2,4
21396,Fizzyy,ragnaros,192,paladin,retribution,6,2,4
21397,Аргонис,gordunni,192,paladin,retribution,6,2,4
21398,Тайела,gordunni,192,paladin,retribution,10,3,7
21399,Votiones,tarren-mill,192,paladin,retribution,7,2,5
21400,Плат,gordunni,192,paladin,retribution,7,2,5
21401,Holymolee,blackmoore,192,paladin,retribution,9,2,7
21402,Whitebronco,tarren-mill,192,paladin,retribution,12,2,10
21403,Hordium,doomhammer,192,paladin,retribution,12,2,10
21404,Лимфома,goldrinn,192,paladin,retribution,12,2,10
21405,Rîex,alleria,192,paladin,retribution,12,2,10
21406,Lihli,wildhammer,192,paladin,retribution,12,2,10
21407,Samious,draenor,192,paladin,retribution,12,2,10
21408,Docdoolittle,magtheridon,192,paladin,retribution,12,2,10
21409,Muuclear,twisting-nether,192,paladin,retribution,12,2,10
21410,Svddendeäthx,ragnaros,192,paladin,retribution,12,2,10
21411,Remedios,archimonde,192,paladin,retribution,12,2,10
21412,Lightian,twisting-nether,192,paladin,retribution,12,2,10
21413,Мунрейм,gordunni,192,paladin,retribution,12,2,10
21414,Chitanta,sylvanas,192,paladin,retribution,12,2,10
21415,Paladinslaye,dun-modr,192,paladin,retribution,12,2,10
21416,Ragneal,hyjal,192,paladin,retribution,12,2,10
21417,Leriell,ravencrest,192,paladin,retribution,12,2,10
21418,Tressðr,dun-modr,192,paladin,retribution,12,2,10
21419,Reinwaltz,the-maelstrom,192,paladin,retribution,12,2,10
21420,Angeliqué,alakir,192,paladin,retribution,12,2,10
21421,Cunix,draenor,192,paladin,retribution,12,2,10
21422,Crawini,ragnaros,192,paladin,retribution,12,2,10
21423,Poloqq,burning-legion,192,paladin,retribution,12,2,10
21424,Djasuo,burning-blade,192,paladin,retribution,12,2,10
21425,Konardos,burning-legion,192,paladin,retribution,12,2,10
21426,Verix,thrall,192,paladin,retribution,12,2,10
21427,Lowfi,argent-dawn,192,paladin,retribution,12,2,10
21428,Larialaya,thrall,192,paladin,retribution,12,2,10
21429,Erathör,sanguino,192,paladin,retribution,12,2,10
21430,Хадакур,howling-fjord,192,paladin,retribution,12,2,10
21431,Rhyua,eredar,192,paladin,retribution,12,2,10
21432,Mariuhûna,blackmoore,192,paladin,retribution,12,2,10
21433,Wigbilly,tarren-mill,192,paladin,retribution,12,2,10
21434,Luzk,sanguino,192,paladin,retribution,12,2,10
21435,Pârâsite,hyjal,192,paladin,retribution,12,2,10
21436,Кхарнх,soulflayer,192,paladin,retribution,12,2,10
21437,Kökslaktarn,sylvanas,192,paladin,retribution,21,3,18
21438,Stillgard,ghostlands,192,paladin,retribution,15,2,13
21439,Cyxanacma,silvermoon,192,paladin,retribution,18,2,16
21440,Onestone,wrathbringer,192,paladin,retribution,18,2,16
21441,Snakedubaby,blackrock,192,paladin,retribution,24,2,22
21442,Broziopath,blackrock,191,paladin,retribution,6,2,4
21443,Ârthâstrâs,terrordar,191,paladin,retribution,6,2,4
21444,Duckula,ravenholdt,191,paladin,retribution,6,2,4
21445,Palazs,ravencrest,191,paladin,retribution,6,2,4
21446,Derbrècher,azshara,191,paladin,retribution,6,2,4
21447,Maitrelampe,argent-dawn,180,paladin,retribution,29,7,22
21448,Thelronis,kelthuzad,175,paladin,retribution,11,2,9
21449,Riukÿ,nemesis,159,paladin,retribution,5,2,3
21450,Geronimooh,vashj,159,paladin,retribution,5,2,3
21451,Софилион,gordunni,159,paladin,retribution,5,2,3
21452,Taigetos,draenor,159,paladin,retribution,5,2,3
21453,Heiemdall,azuremyst,159,paladin,retribution,5,2,3
21454,Serita,archimonde,159,paladin,retribution,11,2,9
21455,Trístesse,tarren-mill,159,paladin,retribution,11,2,9
21456,Kelianna,drakthul,144,paladin,retribution,6,3,3
21457,Амнон,goldrinn,144,paladin,retribution,9,2,7
21458,Dodgemyhoj,kazzak,144,paladin,retribution,15,2,13
21459,Tayun,blackmoore,144,paladin,retribution,21,2,19
21460,Еребор,howling-fjord,143,paladin,retribution,15,2,13
21461,Braiinafk,thrall,138,paladin,retribution,6,3,3
21462,Скелфер,soulflayer,138,paladin,retribution,8,3,5
21463,Jesamine,blackmoore,138,paladin,retribution,9,3,6
21464,Gerisha,blackrock,138,paladin,retribution,9,3,6
21465,Qpax,twisting-nether,128,paladin,retribution,4,2,2
21466,Гацкан,gordunni,128,paladin,retribution,4,2,2
21467,Mouzimaru,tarren-mill,128,paladin,retribution,10,2,8
21468,Zenfuki,draenor,96,paladin,retribution,3,2,1
21469,Маефис,gordunni,96,paladin,retribution,3,2,1
21470,Aalyaah,zirkel-des-cenarius,96,paladin,retribution,3,2,1
21471,Thaderyl,auchindoun,96,paladin,retribution,6,1,5
21472,Morninnstaar,kazzak,96,paladin,retribution,6,1,5
21473,Старыйграф,gordunni,96,paladin,retribution,6,1,5
21474,Szaporító,ragnaros,96,paladin,retribution,6,1,5
21475,Defuzes,twisting-nether,96,paladin,retribution,6,1,5
21476,Édèn,les-sentinelles,96,paladin,retribution,6,1,5
21477,Hølyshøckz,blackmoore,96,paladin,retribution,6,1,5
21478,Пилоттыч,gordunni,96,paladin,retribution,6,1,5
21479,Моррзито,soulflayer,96,paladin,retribution,6,1,5
21480,Fraubest,antonidas,96,paladin,retribution,6,1,5
21481,Ellisdee,kazzak,96,paladin,retribution,6,1,5
21482,Zeroskills,tarren-mill,96,paladin,retribution,6,1,5
21483,Vindorus,archimonde,96,paladin,retribution,6,1,5
21484,Holyhannes,blackmoore,96,paladin,retribution,6,1,5
21485,Shanilia,argent-dawn,96,paladin,retribution,6,1,5
21486,Paladzor,twisting-nether,96,paladin,retribution,6,1,5
21487,Эльтарус,soulflayer,96,paladin,retribution,6,1,5
21488,Ragie,twisting-nether,96,paladin,retribution,6,1,5
21489,Notingvar,doomhammer,96,paladin,retribution,6,1,5
21490,Kefalas,ravencrest,96,paladin,retribution,6,1,5
21491,Humbatäterä,blackmoore,96,paladin,retribution,6,1,5
21492,Rekkt,ravenholdt,96,paladin,retribution,6,1,5
21493,Røse,argent-dawn,96,paladin,retribution,6,1,5
21494,Tozzey,defias-brotherhood,96,paladin,retribution,6,1,5
21495,Хилтонепта,gordunni,96,paladin,retribution,6,1,5
21496,Methynox,khaz-modan,96,paladin,retribution,6,1,5
21497,Naska,nemesis,96,paladin,retribution,6,1,5
21498,Miawyn,blackmoore,96,paladin,retribution,6,1,5
21499,Xôpâl,kazzak,96,paladin,retribution,6,1,5
21500,Graphpora,argent-dawn,96,paladin,retribution,6,1,5
21501,Thozne,cthun,96,paladin,retribution,6,1,5
21502,Мэркес,fordragon,96,paladin,retribution,6,1,5
21503,Bráders,thunderhorn,96,paladin,retribution,6,1,5
21504,Lezoom,draenor,96,paladin,retribution,6,1,5
21505,Holyloa,laughing-skull,96,paladin,retribution,6,1,5
21506,Donpascualo,dun-modr,96,paladin,retribution,6,1,5
21507,Syfaria,eldrethalas,96,paladin,retribution,6,1,5
21508,Brightgrove,silvermoon,96,paladin,retribution,6,1,5
21509,Päyback,nagrand,96,paladin,retribution,6,1,5
21510,Dänie,silvermoon,96,paladin,retribution,6,1,5
21511,Mèlow,dalaran,96,paladin,retribution,6,1,5
21512,Trwwsano,stormscale,96,paladin,retribution,6,1,5
21513,Vokesh,silvermoon,96,paladin,retribution,6,1,5
21514,Aggressìon,twisting-nether,96,paladin,retribution,6,1,5
21515,Balderstomp,jaedenar,96,paladin,retribution,6,1,5
21516,Artplex,ravencrest,96,paladin,retribution,6,1,5
21517,Atacan,twisting-nether,96,paladin,retribution,6,1,5
21518,Palamaister,stormscale,96,paladin,retribution,6,1,5
21519,Kambood,twisting-nether,96,paladin,retribution,6,1,5
21520,Astolfia,silvermoon,96,paladin,retribution,6,1,5
21521,Bôomayé,archimonde,96,paladin,retribution,6,1,5
21522,Évo,drakthul,96,paladin,retribution,6,1,5
21523,Týrone,blackrock,96,paladin,retribution,6,1,5
21524,Monmo,emerald-dream,96,paladin,retribution,6,1,5
21525,Stabilisator,blackrock,96,paladin,retribution,6,1,5
21526,Istani,twisting-nether,96,paladin,retribution,6,1,5
21527,Винзерг,ashenvale,96,paladin,retribution,6,1,5
21528,Eylina,ragnaros,96,paladin,retribution,6,1,5
21529,Taptreus,antonidas,96,paladin,retribution,6,1,5
21530,Sanctùs,argent-dawn,96,paladin,retribution,6,1,5
21531,Highlòrd,silvermoon,96,paladin,retribution,6,1,5
21532,Friemelaar,silvermoon,96,paladin,retribution,6,1,5
21533,Dildodin,ravencrest,96,paladin,retribution,6,1,5
21534,Jûliâ,archimonde,96,paladin,retribution,6,1,5
21535,Stealop,malfurion,96,paladin,retribution,6,1,5
21536,Saiyaan,silvermoon,96,paladin,retribution,6,1,5
21537,Zandathor,chamber-of-aspects,96,paladin,retribution,6,1,5
21538,Møg,blackrock,96,paladin,retribution,6,1,5
21539,Ibubbleqt,outland,96,paladin,retribution,6,1,5
21540,Subzery,blackrock,96,paladin,retribution,6,1,5
21541,Kimozabie,ravencrest,96,paladin,retribution,6,1,5
21542,Jehovaa,ragnaros,96,paladin,retribution,6,1,5
21543,Taraniah,argent-dawn,96,paladin,retribution,6,1,5
21544,Pussas,burning-legion,96,paladin,retribution,6,1,5
21545,Skullreaper,mannoroth,96,paladin,retribution,6,1,5
21546,Блейзр,ashenvale,96,paladin,retribution,6,1,5
21547,Omranator,stormscale,96,paladin,retribution,6,1,5
21548,Aluzza,sylvanas,96,paladin,retribution,6,1,5
21549,Scorebit,draenor,96,paladin,retribution,6,1,5
21550,Nexo,bloodscalp,96,paladin,retribution,6,1,5
21551,Bergalerga,frostmane,96,paladin,retribution,6,1,5
21552,Serberen,ravencrest,96,paladin,retribution,6,1,5
21553,Mearsheimer,ysondre,96,paladin,retribution,6,1,5
21554,Flashyo,archimonde,96,paladin,retribution,6,1,5
21555,Hiilton,silvermoon,96,paladin,retribution,6,1,5
21556,Aludra,twisting-nether,96,paladin,retribution,6,1,5
21557,Karo,wildhammer,96,paladin,retribution,6,1,5
21558,Dawnbringer,stormscale,96,paladin,retribution,6,1,5
21559,Nijówka,burning-legion,96,paladin,retribution,6,1,5
21560,Grannybash,silvermoon,96,paladin,retribution,6,1,5
21561,Azmocore,blackhand,96,paladin,retribution,6,1,5
21562,Hyggë,sanguino,96,paladin,retribution,6,1,5
21563,Battlelord,terokkar,96,paladin,retribution,6,1,5
21564,Akagami,ysondre,96,paladin,retribution,6,1,5
21565,Leoniidas,cthun,96,paladin,retribution,6,1,5
21566,Cazzanova,draenor,96,paladin,retribution,6,1,5
21567,Tamuz,chamber-of-aspects,96,paladin,retribution,6,1,5
21568,Brechtje,nagrand,96,paladin,retribution,6,1,5
21569,Sínístre,hyjal,96,paladin,retribution,6,1,5
21570,Amoxapine,hyjal,96,paladin,retribution,6,1,5
21571,Хам,razuvious,96,paladin,retribution,6,1,5
21572,Sèrgàs,blackhand,96,paladin,retribution,6,1,5
21573,Amadeo,genjuros,96,paladin,retribution,6,1,5
21574,Starcheto,silvermoon,96,paladin,retribution,6,1,5
21575,Styleez,blackrock,96,paladin,retribution,6,1,5
21576,Светиздырки,howling-fjord,96,paladin,retribution,6,1,5
21577,Holyherb,the-maelstrom,96,paladin,retribution,6,1,5
21578,Bighugg,draenor,96,paladin,retribution,6,1,5
21579,Rataxes,stormreaver,96,paladin,retribution,6,1,5
21580,Aion,chamber-of-aspects,96,paladin,retribution,6,1,5
21581,Harvel,outland,96,paladin,retribution,6,1,5
21582,Bigfatpig,ravencrest,96,paladin,retribution,6,1,5
21583,Skarium,hyjal,96,paladin,retribution,6,1,5
21584,Tíríón,nethersturm,96,paladin,retribution,6,1,5
21585,Steelrose,auchindoun,96,paladin,retribution,6,1,5
21586,Destya,eredar,96,paladin,retribution,6,1,5
21587,Zlätän,outland,96,paladin,retribution,6,1,5
21588,Dumbala,ravencrest,96,paladin,retribution,6,1,5
21589,Phlakorn,blackhand,96,paladin,retribution,6,1,5
21590,Пчелодин,howling-fjord,96,paladin,retribution,6,1,5
21591,Tibiscovus,silvermoon,96,paladin,retribution,6,1,5
21592,Fatalism,draenor,96,paladin,retribution,6,1,5
21593,Pianiste,sinstralis,96,paladin,retribution,6,1,5
21594,Tifer,sanguino,96,paladin,retribution,6,1,5
21595,Traxxces,ravencrest,96,paladin,retribution,6,1,5
21596,Ansonia,ravencrest,96,paladin,retribution,6,1,5
21597,Vali,burning-blade,96,paladin,retribution,6,1,5
21598,Diggs,draenor,96,paladin,retribution,6,1,5
21599,Жмышенко,gordunni,96,paladin,retribution,6,1,5
21600,Bobsing,silvermoon,96,paladin,retribution,6,1,5
21601,Késha,malganis,96,paladin,retribution,6,1,5
21602,Ilaris,amanthul,96,paladin,retribution,6,1,5
21603,Sâfcon,eredar,96,paladin,retribution,7,1,6
21604,Borons,silvermoon,96,paladin,retribution,9,1,8
21605,Xvoodoo,antonidas,96,paladin,retribution,11,1,10
21606,Agrkan,defias-brotherhood,96,paladin,retribution,11,1,10
21607,Jaexpaladin,draenor,96,paladin,retribution,12,1,11
21608,Kavíár,kazzak,96,paladin,retribution,12,1,11
21609,Zyklôn,antonidas,96,paladin,retribution,12,1,11
21610,Lylu,aggramar,96,paladin,retribution,12,1,11
21611,Kaelorian,silvermoon,96,paladin,retribution,12,1,11
21612,Akinret,twisting-nether,96,paladin,retribution,12,1,11
21613,Korgant,burning-legion,96,paladin,retribution,12,1,11
21614,Jayce,durotan,96,paladin,retribution,12,1,11
21615,Wftw,draenor,96,paladin,retribution,12,1,11
21616,Purgator,sanguino,96,paladin,retribution,12,1,11
21617,Nauy,korgall,96,paladin,retribution,12,1,11
21618,Charlybrown,archimonde,95,paladin,retribution,6,1,5
21619,Rhauk,dun-modr,79,paladin,retribution,5,1,4
21620,Albertina,silvermoon,79,paladin,retribution,5,1,4
21621,Snobypala,onyxia,64,paladin,retribution,4,1,3
21622,Pastaflwras,twisting-nether,64,paladin,retribution,4,1,3
21623,Lafrogge,culte-de-la-rive-noire,48,paladin,retribution,3,1,2
21624,Reliikt,blackrock,48,paladin,retribution,3,1,2
21625,Leköngen,ravencrest,48,paladin,retribution,3,1,2
21626,Doruk,stormscale,48,paladin,retribution,9,1,8
21627,Блейзблю,howling-fjord,42,paladin,retribution,8,2,6
21628,Окилан,gordunni,42,paladin,retribution,9,2,7
21629,Alïstia,archimonde,42,paladin,retribution,10,2,8
21630,Böserbube,tarren-mill,42,paladin,retribution,13,2,11
21631,Pratt,deathwing,31,paladin,retribution,2,1,1
21632,Irondawg,rajaxx,31,paladin,retribution,8,1,7
21633,Exødius,sinstralis,16,paladin,retribution,1,1,0
21634,Паланр,fordragon,16,paladin,retribution,1,1,0
21635,Davidas,drakthul,16,paladin,retribution,1,1,0
21636,Ornsein,sylvanas,16,paladin,retribution,1,1,0
21637,Arbuzno,draenor,1955,paladin,protection,72,53,19
21638,Âmba,blackrock,1751,paladin,protection,69,45,24
21639,Sterben,aegwynn,1750,paladin,protection,72,35,37
21640,Leotheron,boulderfist,1736,paladin,protection,180,114,66
21641,Sartshield,aerie-peak,1734,paladin,protection,54,34,20
21642,Гниленький,razuvious,1712,paladin,protection,29,20,9
21643,Maximumtaste,ravencrest,1662,paladin,protection,30,22,8
21644,Tippressure,ravencrest,1630,paladin,protection,40,26,14
21645,Elitest,hyjal,1560,paladin,protection,195,75,120
21646,Schrikii,archimonde,1556,paladin,protection,72,44,28
21647,Collinnawin,aegwynn,1550,paladin,protection,189,96,93
21648,Phlakorn,blackhand,1525,paladin,protection,48,29,19
21649,Bariy,auchindoun,1521,paladin,protection,42,28,14
21650,Силугор,soulflayer,1498,paladin,protection,48,26,22
21651,Gabubex,tarren-mill,1482,paladin,protection,135,83,52
21652,Uswieconyra,silvermoon,1464,paladin,protection,59,28,31
21653,Mocnyreka,silvermoon,1460,paladin,protection,47,26,21
21654,Haringoth,argent-dawn,1459,paladin,protection,66,35,31
21655,Ðivine,stormscale,1433,paladin,protection,84,40,44
21656,Justífiéd,kazzak,1430,paladin,protection,30,15,15
21657,Ðizzmo,bloodfeather,1421,paladin,protection,46,23,23
21658,Galevar,argent-dawn,1416,paladin,protection,134,65,69
21659,Swiatlomiecz,silvermoon,1407,paladin,protection,42,17,25
21660,Lóu,hyjal,1394,paladin,protection,59,33,26
21661,Ichbin,sanguino,1370,paladin,protection,171,76,95
21662,Medium,frostwolf,1362,paladin,protection,29,15,14
21663,Velkar,frostmane,1353,paladin,protection,94,48,46
21664,Vangorn,burning-legion,1334,paladin,protection,58,29,29
21665,Statscowski,thrall,1332,paladin,protection,24,14,10
21666,Galadrion,dun-modr,1321,paladin,protection,23,14,9
21667,Milliemaître,elune,1313,paladin,protection,84,41,43
21668,Zerhakz,ysondre,1310,paladin,protection,78,38,40
21669,Jûstice,kirin-tor,1307,paladin,protection,96,44,52
21670,Бранв,gordunni,1305,paladin,protection,54,30,24
21671,Trufetteuh,hyjal,1283,paladin,protection,178,90,88
21672,Leadfoot,argent-dawn,1279,paladin,protection,39,25,14
21673,Augroni,antonidas,1271,paladin,protection,99,44,55
21674,Manupierre,ysondre,1270,paladin,protection,48,22,26
21675,Faranume,sylvanas,1227,paladin,protection,24,16,8
21676,Проц,soulflayer,1219,paladin,protection,42,18,24
21677,Yunalêsca,mugthol,1216,paladin,protection,54,28,26
21678,Valeriu,stormreaver,1205,paladin,protection,36,14,22
21679,Xrules,blackhand,1201,paladin,protection,47,21,26
21680,Flakkson,stormscale,1161,paladin,protection,89,31,58
21681,Oldsqlmofu,blackrock,1142,paladin,protection,19,12,7
21682,Helladin,haomarush,1102,paladin,protection,30,13,17
21683,Sonnywalkman,twisting-nether,1055,paladin,protection,12,11,1
21684,Shybia,kirin-tor,1048,paladin,protection,24,11,13
21685,Vladium,argent-dawn,1046,paladin,protection,24,11,13
21686,Lotheriem,argent-dawn,992,paladin,protection,42,11,31
21687,Толинель,soulflayer,990,paladin,protection,17,11,6
21688,Savión,silvermoon,957,paladin,protection,12,10,2
21689,Timbadin,frostwolf,768,paladin,protection,12,8,4
21690,Fumbz,alakir,767,paladin,protection,12,8,4
21691,Whiteraven,rexxar,763,paladin,protection,18,8,10
21692,Tíríón,nethersturm,763,paladin,protection,18,8,10
21693,Kraljevic,silvermoon,672,paladin,protection,12,7,5
21694,Ванябублгам,soulflayer,672,paladin,protection,18,7,11
21695,Marihuána,ragnaros,576,paladin,protection,18,6,12
21696,Ekenpala,kazzak,575,paladin,protection,12,6,6
21697,Lägolas,thrall,511,paladin,protection,11,6,5
21698,Arkera,blackrock,494,paladin,protection,19,6,13
21699,Supremerage,silvermoon,480,paladin,protection,12,5,7
21700,Ragonas,mannoroth,479,paladin,protection,12,5,7
21701,Onefrostyboi,defias-brotherhood,479,paladin,protection,12,5,7
21702,Elkka,azjolnerub,415,paladin,protection,17,5,12
21703,Testos,ulduar,384,paladin,protection,6,4,2
21704,Fleshoflight,arathor,384,paladin,protection,6,4,2
21705,Røse,argent-dawn,384,paladin,protection,12,4,8
21706,Gaffel,dethecus,335,paladin,protection,11,4,7
21707,Figustyle,archimonde,318,paladin,protection,10,4,6
21708,Aarrb,sylvanas,302,paladin,protection,13,4,9
21709,Æero,blackhand,288,paladin,protection,6,3,3
21710,Swäagg,hyjal,288,paladin,protection,6,3,3
21711,Zuplex,deathwing,288,paladin,protection,6,3,3
21712,Снайпик,azuregos,288,paladin,protection,6,3,3
21713,Craft,frostwolf,288,paladin,protection,6,3,3
21714,Aümagad,confrérie-du-thorium,288,paladin,protection,6,3,3
21715,Thrinea,blackrock,288,paladin,protection,6,3,3
21716,Biffle,korgall,288,paladin,protection,12,3,9
21717,Kawakai,blackrock,287,paladin,protection,12,3,9
21718,Meneth,elune,240,paladin,protection,9,3,6
21719,Yourmomz,kazzak,239,paladin,protection,5,3,2
21720,Синерина,blackscar,192,paladin,protection,6,2,4
21721,Emakk,darksorrow,192,paladin,protection,6,2,4
21722,Gornim,die-nachtwache,192,paladin,protection,6,2,4
21723,Derina,silvermoon,192,paladin,protection,6,2,4
21724,Khrak,conseil-des-ombres,192,paladin,protection,12,2,10
21725,Quantox,frostwolf,192,paladin,protection,12,2,10
21726,Valädar,sanguino,159,paladin,protection,5,2,3
21727,Exion,ravenholdt,159,paladin,protection,5,2,3
21728,Taptreus,antonidas,96,paladin,protection,6,1,5
21729,Чиксапомойка,gordunni,96,paladin,protection,6,1,5
21730,Thôrwald,les-sentinelles,96,paladin,protection,12,1,11
21731,Lokinder,pozzo-delleternità,96,paladin,protection,12,1,11
21732,Bobilous,twisting-nether,79,paladin,protection,5,1,4
21733,Солошафл,howling-fjord,42,paladin,protection,12,4,8
21734,Candrä,archimonde,2213,priest,holy,96,52,44
21735,Køzukï,ravencrest,2133,priest,holy,161,78,83
21736,Leadeur,kazzak,2111,priest,holy,134,68,66
21737,Yötönyö,ravencrest,2043,priest,holy,60,32,28
21738,Itsmeminglee,ravencrest,2020,priest,holy,78,38,40
21739,Výra,der-rat-von-dalaran,1939,priest,holy,71,46,25
21740,Ladá,stormscale,1939,priest,holy,138,73,65
21741,Кальвейт,deathweaver,1910,priest,holy,147,70,77
21742,Lenyp,sanguino,1902,priest,holy,138,71,67
21743,Boonlai,ravencrest,1897,priest,holy,47,25,22
21744,Grafius,stormscale,1885,priest,holy,48,26,22
21745,Гоплзнекст,gordunni,1881,priest,holy,324,172,152
21746,Testdeath,ravencrest,1875,priest,holy,54,31,23
21747,Шотыказау,blackscar,1865,priest,holy,96,51,45
21748,Weezing,ysondre,1851,priest,holy,132,66,66
21749,Servêy,twisting-nether,1845,priest,holy,42,22,20
21750,Dmnz,blackrock,1836,priest,holy,87,39,48
21751,Yateh,blackmoore,1824,priest,holy,62,32,30
21752,Катккат,soulflayer,1823,priest,holy,48,27,21
21753,Лоаресс,gordunni,1820,priest,holy,90,40,50
21754,Sayne,arathor,1815,priest,holy,168,91,77
21755,Maruh,malganis,1812,priest,holy,113,60,53
21756,Dmnz,antonidas,1811,priest,holy,40,22,18
21757,Eriónd,ravencrest,1811,priest,holy,66,34,32
21758,Cosines,ravencrest,1810,priest,holy,71,33,38
21759,Kaalu,frostmane,1809,priest,holy,254,131,123
21760,Muchos,blackrock,1807,priest,holy,66,31,35
21761,Lîrana,ravencrest,1803,priest,holy,136,82,54
21762,Teatime,aegwynn,1800,priest,holy,84,42,42
21763,Kunen,sanguino,1789,priest,holy,138,77,61
21764,Imbitterx,stormscale,1777,priest,holy,30,21,9
21765,Carlitastock,eredar,1777,priest,holy,41,22,19
21766,Tangent,ravencrest,1766,priest,holy,146,75,71
21767,Bigwik,tarren-mill,1764,priest,holy,77,36,41
21768,Друмги,gordunni,1763,priest,holy,161,73,88
21769,Basilette,hyjal,1761,priest,holy,48,27,21
21770,Holyholy,stormscale,1761,priest,holy,62,24,38
21771,Kaiikoo,ravencrest,1757,priest,holy,48,27,21
21772,Weezïng,ysondre,1742,priest,holy,108,60,48
21773,Мамкалол,soulflayer,1741,priest,holy,84,43,41
21774,Siign,ravencrest,1740,priest,holy,72,32,40
21775,Servey,twisting-nether,1721,priest,holy,42,18,24
21776,Jim,saurfang,1711,priest,holy,257,127,130
21777,Dolens,argent-dawn,1699,priest,holy,112,55,57
21778,Shizzlol,silvermoon,1691,priest,holy,142,66,76
21779,Myste,nemesis,1687,priest,holy,77,40,37
21780,Meanbabe,argent-dawn,1683,priest,holy,48,22,26
21781,Gladíator,blackhand,1677,priest,holy,102,58,44
21782,Lmnsqzy,ravencrest,1676,priest,holy,46,22,24
21783,Phobò,blackrock,1676,priest,holy,66,30,36
21784,Каткааткат,soulflayer,1674,priest,holy,48,23,25
21785,Kÿokó,ravencrest,1670,priest,holy,72,40,32
21786,Psi,hakkar,1662,priest,holy,241,129,112
21787,Gokumødex,outland,1662,priest,holy,42,21,21
21788,Stickpas,ysondre,1661,priest,holy,41,18,23
21789,Møhammed,wrathbringer,1654,priest,holy,185,93,92
21790,Alpháømegá,outland,1653,priest,holy,81,42,39
21791,Oide,area-52,1653,priest,holy,54,28,26
21792,Ksn,silvermoon,1649,priest,holy,80,45,35
21793,Câlyr,ragnaros,1647,priest,holy,48,21,27
21794,Ilenna,dun-morogh,1646,priest,holy,66,39,27
21795,Sisko,stormscale,1645,priest,holy,36,19,17
21796,Beatrixz,twisting-nether,1645,priest,holy,315,155,160
21797,Tmnstrtw,alakir,1641,priest,holy,36,18,18
21798,Anníng,tarren-mill,1637,priest,holy,150,86,64
21799,Çhéåtçødé,ravencrest,1636,priest,holy,66,32,34
21800,Løøney,kazzak,1635,priest,holy,36,25,11
21801,Budgetdp,archimonde,1631,priest,holy,48,20,28
21802,Gnomemonk,stormscale,1618,priest,holy,150,74,76
21803,Adare,sanguino,1618,priest,holy,48,22,26
21804,Xxmybaxxo,archimonde,1617,priest,holy,30,21,9
21805,Alchemïst,ravencrest,1617,priest,holy,46,21,25
21806,Smïlë,ravencrest,1616,priest,holy,204,102,102
21807,Dranbor,argent-dawn,1615,priest,holy,82,43,39
21808,Coolwnbnamex,ravencrest,1614,priest,holy,36,19,17
21809,Sehlia,kazzak,1613,priest,holy,138,74,64
21810,Affro,drakthul,1613,priest,holy,54,27,27
21811,Sïxsïxsïx,ravencrest,1613,priest,holy,43,21,22
21812,Shanya,thrall,1612,priest,holy,251,124,127
21813,Pigdestroyin,frostmane,1611,priest,holy,42,22,20
21814,Нубстрим,gordunni,1611,priest,holy,60,28,32
21815,Harmónia,outland,1609,priest,holy,78,41,37
21816,Stinkydog,kazzak,1608,priest,holy,220,107,113
21817,Salvatíon,sanguino,1607,priest,holy,106,46,60
21818,Prëdz,stormscale,1606,priest,holy,238,129,109
21819,Eox,kazzak,1602,priest,holy,42,23,19
21820,Zxø,ravencrest,1601,priest,holy,160,88,72
21821,Cleoana,blackhand,1600,priest,holy,42,23,19
21822,Aykò,blackmoore,1588,priest,holy,90,42,48
21823,Calithria,kazzak,1583,priest,holy,142,74,68
21824,Dény,ravencrest,1573,priest,holy,102,56,46
21825,Xzklol,twisting-nether,1572,priest,holy,62,31,31
21826,Cølï,ravencrest,1572,priest,holy,55,25,30
21827,Highn,anetheron,1570,priest,holy,60,33,27
21828,Sausageboy,tarren-mill,1569,priest,holy,57,21,36
21829,Anabananaa,ravencrest,1561,priest,holy,40,24,16
21830,Wåtrux,alakir,1561,priest,holy,279,142,137
21831,Elmaestrø,aegwynn,1558,priest,holy,48,25,23
21832,Преттисмайл,gordunni,1555,priest,holy,108,46,62
21833,Goofdookie,outland,1554,priest,holy,30,18,12
21834,Jiffie,twisting-nether,1548,priest,holy,42,17,25
21835,Hiimgreen,blackhand,1546,priest,holy,42,18,24
21836,Phobò,antonidas,1545,priest,holy,170,79,91
21837,Senkín,aegwynn,1542,priest,holy,161,78,83
21838,Isadriel,madmortem,1541,priest,holy,52,31,21
21839,Evabae,the-maelstrom,1537,priest,holy,54,29,25
21840,Hyonra,kazzak,1536,priest,holy,66,34,32
21841,Vregoa,twisting-nether,1532,priest,holy,36,17,19
21842,Aethanira,ravencrest,1532,priest,holy,60,27,33
21843,Atiyesh,arthas,1528,priest,holy,213,115,98
21844,Xzklolz,twisting-nether,1527,priest,holy,59,28,31
21845,Xianxia,twisting-nether,1523,priest,holy,90,41,49
21846,Malaki,ysondre,1522,priest,holy,51,25,26
21847,Koíré,defias-brotherhood,1520,priest,holy,125,69,56
21848,Divinetouch,ravencrest,1516,priest,holy,78,35,43
21849,Dokkaebì,kazzak,1514,priest,holy,135,67,68
21850,Dairox,blackrock,1508,priest,holy,84,44,40
21851,Thalane,das-konsortium,1504,priest,holy,48,23,25
21852,Инзора,gordunni,1503,priest,holy,99,51,48
21853,Wilby,archimonde,1503,priest,holy,48,21,27
21854,Joeasaurs,ragnaros,1503,priest,holy,70,29,41
21855,Voodoo,the-maelstrom,1502,priest,holy,96,40,56
21856,Fjonnski,blackmoore,1500,priest,holy,61,33,28
21857,Rines,thrall,1497,priest,holy,165,83,82
21858,Usw,outland,1496,priest,holy,69,23,46
21859,Заволончик,blackscar,1494,priest,holy,102,48,54
21860,Suxino,stormscale,1487,priest,holy,180,93,87
21861,Alizeé,nazjatar,1486,priest,holy,143,77,66
21862,Camina,shattered-hand,1484,priest,holy,69,36,33
21863,Zlejkadlec,drakthul,1476,priest,holy,93,47,46
21864,Sïlvëräzz,drekthar,1472,priest,holy,53,25,28
21865,Maah,defias-brotherhood,1471,priest,holy,80,46,34
21866,Mylini,silvermoon,1466,priest,holy,198,111,87
21867,Gratcrug,stormrage,1462,priest,holy,36,17,19
21868,Liquoriced,tarren-mill,1460,priest,holy,43,23,20
21869,Symbolofhope,ravencrest,1460,priest,holy,117,62,55
21870,Mcdeady,tarren-mill,1454,priest,holy,42,19,23
21871,Hmanco,burning-legion,1453,priest,holy,144,84,60
21872,Gï,blackmoore,1451,priest,holy,48,30,18
21873,Mezegis,draenor,1449,priest,holy,48,26,22
21874,Lylska,stormreaver,1437,priest,holy,36,15,21
21875,Slakkieslak,archimonde,1435,priest,holy,67,39,28
21876,Иссатея,galakrond,1434,priest,holy,48,23,25
21877,Cartøøns,ravencrest,1432,priest,holy,48,27,21
21878,Hoeneygodx,antonidas,1432,priest,holy,36,16,20
21879,Góldfinger,norgannon,1428,priest,holy,72,33,39
21880,Fizzlesp,tarren-mill,1425,priest,holy,30,15,15
21881,Alphacub,ragnaros,1425,priest,holy,82,36,46
21882,Эилинг,gordunni,1423,priest,holy,92,53,39
21883,Lómesilme,dun-modr,1419,priest,holy,217,112,105
21884,Kbakå,kazzak,1419,priest,holy,78,37,41
21885,Rägà,archimonde,1416,priest,holy,79,44,35
21886,Пингзеро,soulflayer,1415,priest,holy,68,32,36
21887,Markianos,silvermoon,1412,priest,holy,114,58,56
21888,Ankî,aegwynn,1411,priest,holy,30,15,15
21889,Nastylex,magtheridon,1410,priest,holy,24,15,9
21890,Мектран,gordunni,1408,priest,holy,54,27,27
21891,Hara,elune,1407,priest,holy,47,20,27
21892,Bifs,blackmoore,1405,priest,holy,50,32,18
21893,Scartay,outland,1405,priest,holy,29,15,14
21894,Вакидзачи,gordunni,1402,priest,holy,209,105,104
21895,Kubbarn,stormscale,1401,priest,holy,50,28,22
21896,Elunos,blackrock,1400,priest,holy,106,55,51
21897,Neoark,archimonde,1397,priest,holy,164,83,81
21898,Elessee,the-maelstrom,1395,priest,holy,83,38,45
21899,Momopriesto,draenor,1395,priest,holy,42,17,25
21900,Zorea,twisting-nether,1391,priest,holy,42,22,20
21901,Fabs,laughing-skull,1390,priest,holy,55,35,20
21902,Womanwonderf,ravencrest,1388,priest,holy,65,31,34
21903,Jaz,ysondre,1388,priest,holy,42,20,22
21904,Karpiest,stormscale,1386,priest,holy,48,26,22
21905,Phénylanine,khaz-modan,1386,priest,holy,212,109,103
21906,Хасгерион,gordunni,1381,priest,holy,60,26,34
21907,Cøvu,draenor,1378,priest,holy,94,41,53
21908,Hereticroka,ysondre,1374,priest,holy,56,26,30
21909,Madcole,blackhand,1371,priest,holy,85,43,42
21910,Алеброн,gordunni,1370,priest,holy,30,16,14
21911,Midycine,ysondre,1370,priest,holy,157,81,76
21912,Konstigadan,twisting-nether,1369,priest,holy,56,26,30
21913,Seladine,ravencrest,1367,priest,holy,125,64,61
21914,Hyonzy,silvermoon,1365,priest,holy,78,39,39
21915,Tyrhaa,blackmoore,1364,priest,holy,118,60,58
21916,Nomakprst,sanguino,1362,priest,holy,60,31,29
21917,Pasqualz,ravencrest,1358,priest,holy,48,23,25
21918,Tëmärï,ravencrest,1356,priest,holy,72,46,26
21919,Возхд,soulflayer,1356,priest,holy,48,27,21
21920,Certe,twisting-nether,1354,priest,holy,109,52,57
21921,Ebolaidman,ravencrest,1353,priest,holy,24,15,9
21922,Virginmaris,sanguino,1351,priest,holy,65,37,28
21923,Delphina,archimonde,1349,priest,holy,174,93,81
21924,Veurjin,uldaman,1347,priest,holy,35,16,19
21925,Pridepriest,twisting-nether,1346,priest,holy,84,42,42
21926,Shaniqua,saurfang,1340,priest,holy,90,50,40
21927,Moirgana,minahonda,1340,priest,holy,43,21,22
21928,Byzzi,draenor,1335,priest,holy,125,63,62
21929,Nino,gorgonnash,1335,priest,holy,66,30,36
21930,Chibrausorus,archimonde,1333,priest,holy,46,24,22
21931,Ezechiel,twisting-nether,1331,priest,holy,47,28,19
21932,Ангеланика,gordunni,1330,priest,holy,29,18,11
21933,Fedorah,ragnaros,1330,priest,holy,114,63,51
21934,Orcid,chogall,1327,priest,holy,146,75,71
21935,Malkàv,hyjal,1324,priest,holy,24,14,10
21936,Libetha,ysondre,1323,priest,holy,41,23,18
21937,Migam,kazzak,1321,priest,holy,60,27,33
21938,Lazheal,khaz-modan,1317,priest,holy,23,17,6
21939,Alros,elune,1315,priest,holy,60,28,32
21940,Lasuora,nemesis,1315,priest,holy,60,26,34
21941,Angrk,kazzak,1307,priest,holy,60,34,26
21942,Cherron,argent-dawn,1305,priest,holy,61,27,34
21943,Велост,gordunni,1303,priest,holy,54,27,27
21944,Stàrlîght,chants-éternels,1300,priest,holy,30,17,13
21945,Catstretch,ravencrest,1300,priest,holy,89,38,51
21946,Åluneth,kazzak,1297,priest,holy,162,80,82
21947,Nálá,nethersturm,1293,priest,holy,57,29,28
21948,Tyene,voljin,1287,priest,holy,36,19,17
21949,Sodatsu,cthun,1284,priest,holy,30,15,15
21950,Gloxina,argent-dawn,1280,priest,holy,72,36,36
21951,Papadrak,kazzak,1278,priest,holy,83,43,40
21952,Síuu,kazzak,1277,priest,holy,72,35,37
21953,Tomassur,drakthul,1276,priest,holy,61,31,30
21954,Draconux,terenas,1273,priest,holy,48,18,30
21955,Wintercurse,twisting-nether,1272,priest,holy,52,24,28
21956,Djdesha,tarren-mill,1272,priest,holy,35,16,19
21957,Zakhun,stormrage,1271,priest,holy,82,42,40
21958,Asare,outland,1269,priest,holy,124,66,58
21959,Ethery,argent-dawn,1266,priest,holy,65,33,32
21960,Lykarion,argent-dawn,1265,priest,holy,72,37,35
21961,Misscure,draenor,1261,priest,holy,118,54,64
21962,Yuhé,elune,1256,priest,holy,26,14,12
21963,Nosgot,earthen-ring,1251,priest,holy,66,32,34
21964,Tudiiheals,frostwolf,1250,priest,holy,77,40,37
21965,Soapie,defias-brotherhood,1249,priest,holy,24,14,10
21966,Zên,argent-dawn,1248,priest,holy,21,14,7
21967,Avelynn,ravencrest,1248,priest,holy,85,38,47
21968,Maybelline,ravencrest,1245,priest,holy,48,23,25
21969,Seeyae,archimonde,1242,priest,holy,24,13,11
21970,Åzjol,magtheridon,1235,priest,holy,30,13,17
21971,Holydolly,doomhammer,1222,priest,holy,30,18,12
21972,Иннерон,soulflayer,1214,priest,holy,160,80,80
21973,Neenä,ravencrest,1214,priest,holy,50,25,25
21974,Hydraximus,garrosh,1213,priest,holy,495,237,258
21975,Dúréx,sanguino,1212,priest,holy,42,28,14
21976,Harlemsfnest,blackrock,1204,priest,holy,21,13,8
21977,Snåttabaias,stormscale,1202,priest,holy,23,13,10
21978,Хилтихон,howling-fjord,1200,priest,holy,42,26,16
21979,Скартэикс,howling-fjord,1200,priest,holy,42,20,22
21980,Kbakå,stormscale,1193,priest,holy,65,27,38
21981,Benificent,argent-dawn,1192,priest,holy,76,38,38
21982,Emipriest,tarren-mill,1192,priest,holy,71,28,43
21983,Lhyria,baelgun,1189,priest,holy,48,21,27
21984,Brigied,turalyon,1186,priest,holy,96,43,53
21985,Карнотит,howling-fjord,1182,priest,holy,48,16,32
21986,Morrydin,stormreaver,1177,priest,holy,66,25,41
21987,Nykah,antonidas,1177,priest,holy,73,26,47
21988,Ниеса,lich-king,1174,priest,holy,110,52,58
21989,Bubbleup,defias-brotherhood,1174,priest,holy,30,13,17
21990,Alú,draenor,1171,priest,holy,105,48,57
21991,Sohryø,drekthar,1168,priest,holy,36,18,18
21992,Голнар,deathguard,1168,priest,holy,32,15,17
21993,Torcena,garrosh,1166,priest,holy,141,70,71
21994,Meatyshaft,doomhammer,1166,priest,holy,51,19,32
21995,Dathlight,argent-dawn,1165,priest,holy,95,48,47
21996,Бенигана,soulflayer,1165,priest,holy,30,14,16
21997,Nemista,hyjal,1160,priest,holy,66,24,42
21998,Voreno,alonsus,1160,priest,holy,53,18,35
21999,Jaisuu,ravencrest,1152,priest,holy,18,12,6
22000,Sàweetie,archimonde,1151,priest,holy,24,12,12
22001,Stanyú,tarren-mill,1151,priest,holy,36,12,24
22002,Lyla,frostwolf,1149,priest,holy,48,27,21
22003,Асггард,borean-tundra,1134,priest,holy,39,25,14
22004,Andreel,ravencrest,1131,priest,holy,24,12,12
22005,Meowcakes,stormscale,1127,priest,holy,54,30,24
22006,Nou,aegwynn,1127,priest,holy,30,12,18
22007,Sücre,dalaran,1125,priest,holy,30,16,14
22008,Elynä,silvermoon,1121,priest,holy,50,32,18
22009,Morphuz,tarren-mill,1117,priest,holy,138,62,76
22010,Jarnary,blackmoore,1116,priest,holy,31,13,18
22011,Eazzyy,kazzak,1115,priest,holy,27,12,15
22012,Mcmuffin,runetotem,1109,priest,holy,18,12,6
22013,Penitence,drekthar,1108,priest,holy,32,13,19
22014,Anàriel,elune,1100,priest,holy,42,16,26
22015,Kímbérléy,argent-dawn,1093,priest,holy,74,39,35
22016,Holypowér,twisting-nether,1088,priest,holy,30,17,13
22017,Ломаюключики,gordunni,1081,priest,holy,45,22,23
22018,Deeforce,argent-dawn,1072,priest,holy,97,53,44
22019,Crimatoriá,rajaxx,1069,priest,holy,42,22,20
22020,Xxanthos,ysondre,1067,priest,holy,48,30,18
22021,Ludriel,turalyon,1056,priest,holy,54,26,28
22022,Zen,talnivarr,1056,priest,holy,24,11,13
22023,Boomixed,twisting-nether,1055,priest,holy,18,11,7
22024,Луилэнс,howling-fjord,1055,priest,holy,18,11,7
22025,Pandakhlys,ysondre,1055,priest,holy,24,11,13
22026,Штанга,blackscar,1055,priest,holy,29,12,17
22027,Laewen,die-aldor,1054,priest,holy,45,22,23
22028,Тевтонка,goldrinn,1054,priest,holy,54,25,29
22029,Рейеан,soulflayer,1054,priest,holy,24,11,13
22030,Uro,tirion,1053,priest,holy,30,11,19
22031,Elinaa,die-aldor,1050,priest,holy,24,11,13
22032,Penvon,ravencrest,1049,priest,holy,42,11,31
22033,Ripjuice,sylvanas,1046,priest,holy,34,14,20
22034,Copperplume,ravenholdt,1039,priest,holy,66,23,43
22035,Türapea,draenor,1033,priest,holy,18,12,6
22036,Leyea,kazzak,1029,priest,holy,49,24,25
22037,Nathamo,archimonde,1028,priest,holy,24,11,13
22038,Haregnor,gorgonnash,1028,priest,holy,42,16,26
22039,Baabaak,frostmane,1026,priest,holy,57,34,23
22040,Covidios,twisting-nether,1020,priest,holy,81,39,42
22041,Orcü,tarren-mill,1020,priest,holy,48,21,27
22042,Ankhepope,outland,1013,priest,holy,56,33,23
22043,Lobogaust,kargath,1012,priest,holy,60,32,28
22044,Ptiteminette,archimonde,1012,priest,holy,26,12,14
22045,Kæos,blackrock,1011,priest,holy,73,31,42
22046,Asraje,eredar,1007,priest,holy,21,16,5
22047,Маракеда,soulflayer,1004,priest,holy,29,11,18
22048,Dampfwalze,nozdormu,1002,priest,holy,38,19,19
22049,Alloktonos,ravencrest,994,priest,holy,92,38,54
22050,Nerfnerf,kazzak,990,priest,holy,39,21,18
22051,Hipnotika,nemesis,988,priest,holy,53,18,35
22052,Краббожий,greymane,987,priest,holy,29,11,18
22053,Valtessian,medivh,983,priest,holy,69,33,36
22054,Naieli,antonidas,972,priest,holy,33,16,17
22055,Archangel,terokkar,971,priest,holy,48,26,22
22056,Siarai,pozzo-delleternità,964,priest,holy,43,21,22
22057,Maxý,ravencrest,963,priest,holy,42,18,24
22058,Goytka,tarren-mill,959,priest,holy,18,10,8
22059,Ksn,argent-dawn,959,priest,holy,24,10,14
22060,Эльдиремонт,gordunni,959,priest,holy,24,10,14
22061,Xlhealscptn,arathor,959,priest,holy,60,19,41
22062,Mesticore,nethersturm,958,priest,holy,24,10,14
22063,Lenneyqt,blackmoore,958,priest,holy,24,10,14
22064,Kotipope,silvermoon,956,priest,holy,24,10,14
22065,Rennic,stormscale,955,priest,holy,18,10,8
22066,Sickheals,doomhammer,954,priest,holy,36,20,16
22067,Speltmor,stormscale,953,priest,holy,24,10,14
22068,Melancholly,thunderhorn,951,priest,holy,41,19,22
22069,Discxqt,ysondre,924,priest,holy,14,11,3
22070,Thingsy,draenor,912,priest,holy,59,27,32
22071,Balin,veklor,910,priest,holy,21,10,11
22072,Infinitiy,sylvanas,905,priest,holy,36,18,18
22073,Zêlestia,antonidas,905,priest,holy,22,11,11
22074,Rahela,dun-modr,897,priest,holy,23,11,12
22075,Eurydike,blackrock,887,priest,holy,16,10,6
22076,Rhæveth,ravencrest,864,priest,holy,18,9,9
22077,Peisetti,stormscale,864,priest,holy,18,9,9
22078,Wèèzing,ysondre,863,priest,holy,12,9,3
22079,Azeeza,stormscale,863,priest,holy,12,9,3
22080,Âlolexx,archimonde,863,priest,holy,12,9,3
22081,Ghettothug,darksorrow,863,priest,holy,24,9,15
22082,Dìsclol,draenor,862,priest,holy,18,9,9
22083,Faelvirin,aegwynn,861,priest,holy,18,9,9
22084,Marey,blackmoore,860,priest,holy,24,9,15
22085,Athissa,draenor,857,priest,holy,18,9,9
22086,Холимыша,blackscar,856,priest,holy,18,9,9
22087,Omnissiiah,silvermoon,856,priest,holy,24,9,15
22088,Xal,drekthar,840,priest,holy,48,17,31
22089,Beatla,khaz-modan,833,priest,holy,24,9,15
22090,Kanki,haomarush,828,priest,holy,60,25,35
22091,Dotzey,outland,768,priest,holy,12,8,4
22092,Evílz,tarren-mill,768,priest,holy,12,8,4
22093,Vitae,gorgonnash,768,priest,holy,18,8,10
22094,Ltmp,ravencrest,768,priest,holy,18,8,10
22095,Ÿolo,nemesis,768,priest,holy,24,8,16
22096,Iliridan,pozzo-delleternità,768,priest,holy,96,31,65
22097,Маквиэлла,howling-fjord,767,priest,holy,12,8,4
22098,Badguymike,ragnaros,767,priest,holy,18,8,10
22099,Sak,uldaman,767,priest,holy,18,8,10
22100,Mianxpriest,tarren-mill,766,priest,holy,18,8,10
22101,Weedony,hyjal,766,priest,holy,18,8,10
22102,Knóld,draenor,766,priest,holy,24,8,16
22103,Krilight,sargeras,765,priest,holy,24,8,16
22104,Melissasky,ragnaros,760,priest,holy,60,22,38
22105,Båbak,frostmane,759,priest,holy,12,8,4
22106,Fratio,krasus,758,priest,holy,18,8,10
22107,Avinci,blackrock,757,priest,holy,18,8,10
22108,Englishheart,auchindoun,734,priest,holy,17,8,9
22109,Carbonic,khaz-modan,718,priest,holy,17,8,9
22110,Dôppler,archimonde,703,priest,holy,11,8,3
22111,Valentinus,dragonmaw,702,priest,holy,26,8,18
22112,Mélínâ,blackmoore,691,priest,holy,28,9,19
22113,Ladderpolice,blackmoore,672,priest,holy,12,7,5
22114,Gøkumodex,tarren-mill,672,priest,holy,12,7,5
22115,Ainadaxz,ravencrest,672,priest,holy,12,7,5
22116,Darkoul,conseil-des-ombres,672,priest,holy,12,7,5
22117,Willzah,outland,672,priest,holy,12,7,5
22118,Jedimind,kazzak,672,priest,holy,12,7,5
22119,Seanoob,turalyon,672,priest,holy,12,7,5
22120,Гшд,gordunni,672,priest,holy,12,7,5
22121,Valinoru,silvermoon,672,priest,holy,18,7,11
22122,Sehrhübsch,malygos,672,priest,holy,18,7,11
22123,Gintøníc,blackmoore,671,priest,holy,12,7,5
22124,Skíps,sylvanas,671,priest,holy,12,7,5
22125,Bobitä,ravencrest,671,priest,holy,12,7,5
22126,Vibby,moonglade,671,priest,holy,18,7,11
22127,Zloop,tarren-mill,670,priest,holy,12,7,5
22128,Smolbøi,tarren-mill,670,priest,holy,24,7,17
22129,Quatorze,voljin,669,priest,holy,12,7,5
22130,Nicksiz,silvermoon,669,priest,holy,18,7,11
22131,Zinary,silvermoon,667,priest,holy,18,7,11
22132,Ledarz,dun-morogh,658,priest,holy,12,7,5
22133,Sarafîsthole,ysondre,655,priest,holy,18,7,11
22134,Killtrewerty,stormscale,638,priest,holy,17,7,10
22135,Sâtânica,kelthuzad,610,priest,holy,27,8,19
22136,Blâdes,gorgonnash,589,priest,holy,17,7,10
22137,Nancey,draenor,576,priest,holy,12,6,6
22138,Danina,outland,576,priest,holy,12,6,6
22139,Ahilarry,tarren-mill,576,priest,holy,12,6,6
22140,Hotforus,silvermoon,576,priest,holy,12,6,6
22141,Найтингеилл,gordunni,576,priest,holy,12,6,6
22142,Zoophobîa,stormscale,576,priest,holy,12,6,6
22143,Darkoul,ravencrest,576,priest,holy,12,6,6
22144,Yamai,thrall,576,priest,holy,12,6,6
22145,Bij,outland,576,priest,holy,12,6,6
22146,Мотд,gordunni,576,priest,holy,18,6,12
22147,Gød,magtheridon,576,priest,holy,24,6,18
22148,Waters,lightbringer,575,priest,holy,12,6,6
22149,Healiea,outland,575,priest,holy,18,6,12
22150,Dokurochan,tarren-mill,575,priest,holy,24,6,18
22151,Sîanah,archimonde,572,priest,holy,18,6,12
22152,Spàgno,nemesis,571,priest,holy,18,6,12
22153,Proxypriest,the-maelstrom,571,priest,holy,20,6,14
22154,Valves,saurfang,569,priest,holy,12,6,6
22155,Bloodelfoula,draenor,563,priest,holy,18,6,12
22156,Nakkenils,tarren-mill,559,priest,holy,11,6,5
22157,Swd,burning-blade,544,priest,holy,16,6,10
22158,Priestxx,twilights-hammer,543,priest,holy,11,6,5
22159,Dotreveal,ravencrest,521,priest,holy,20,7,13
22160,Avtarra,ravencrest,510,priest,holy,16,6,10
22161,Ralek,hyjal,495,priest,holy,17,6,11
22162,Secundis,silvermoon,480,priest,holy,6,5,1
22163,Felaenna,argent-dawn,480,priest,holy,6,5,1
22164,Èlysium,grim-batol,480,priest,holy,6,5,1
22165,Amanthus,draenor,480,priest,holy,11,5,6
22166,Caz,cthun,480,priest,holy,12,5,7
22167,Shâru,frostmourne,480,priest,holy,12,5,7
22168,Darkoulito,dalaran,480,priest,holy,12,5,7
22169,Ogiez,sylvanas,480,priest,holy,12,5,7
22170,Judâspriest,twisting-nether,480,priest,holy,12,5,7
22171,Nýkah,antonidas,480,priest,holy,12,5,7
22172,Velenthan,ragnaros,480,priest,holy,12,5,7
22173,Mazeari,sylvanas,480,priest,holy,12,5,7
22174,Cãlyr,ragnaros,480,priest,holy,12,5,7
22175,Bamboleon,blackrock,480,priest,holy,12,5,7
22176,Holymamba,silvermoon,480,priest,holy,12,5,7
22177,Purist,arthas,480,priest,holy,12,5,7
22178,Quiwzx,blackrock,480,priest,holy,12,5,7
22179,Jagardoden,stormscale,480,priest,holy,18,5,13
22180,Vannax,arygos,479,priest,holy,6,5,1
22181,Árcadoom,quelthalas,479,priest,holy,12,5,7
22182,Двакамня,soulflayer,479,priest,holy,12,5,7
22183,Inzané,doomhammer,479,priest,holy,12,5,7
22184,Alaeddin,kazzak,479,priest,holy,24,5,19
22185,Amemiya,ragnaros,478,priest,holy,12,5,7
22186,Laxara,arthas,478,priest,holy,12,5,7
22187,Applecrumßle,ragnaros,477,priest,holy,12,5,7
22188,Xaeo,burning-legion,477,priest,holy,26,5,21
22189,Azaza,burning-legion,472,priest,holy,12,5,7
22190,Nannymcfee,stormscale,414,priest,holy,11,5,6
22191,Dazé,ravencrest,413,priest,holy,21,9,12
22192,Larisä,uldum,391,priest,holy,30,6,24
22193,Justheal,stormscale,384,priest,holy,6,4,2
22194,Arithon,blackrock,384,priest,holy,6,4,2
22195,Burnesenbois,chogall,384,priest,holy,6,4,2
22196,Byebee,stormscale,384,priest,holy,6,4,2
22197,Gigamind,blackrock,384,priest,holy,6,4,2
22198,Daftî,twisting-nether,384,priest,holy,6,4,2
22199,Wixzyx,ravencrest,384,priest,holy,6,4,2
22200,Yredias,dalaran,384,priest,holy,6,4,2
22201,Russianpvp,outland,384,priest,holy,6,4,2
22202,Shanny,kazzak,384,priest,holy,6,4,2
22203,Experimentix,silvermoon,384,priest,holy,6,4,2
22204,Пристотян,gordunni,384,priest,holy,6,4,2
22205,Даймэн,gordunni,384,priest,holy,6,4,2
22206,Indrades,blackmoore,384,priest,holy,6,4,2
22207,Disillusíon,tarren-mill,384,priest,holy,12,4,8
22208,Sayash,chamber-of-aspects,384,priest,holy,12,4,8
22209,Flurri,tarren-mill,384,priest,holy,12,4,8
22210,Blazekk,sylvanas,384,priest,holy,12,4,8
22211,Egozyp,kazzak,384,priest,holy,12,4,8
22212,Missdemerè,nemesis,384,priest,holy,12,4,8
22213,Zarez,stormscale,384,priest,holy,12,4,8
22214,Bebwaz,kazzak,384,priest,holy,12,4,8
22215,Aladriela,exodar,384,priest,holy,12,4,8
22216,Gertie,blackhand,384,priest,holy,12,4,8
22217,Ripperdepip,magtheridon,384,priest,holy,12,4,8
22218,Clergy,hellfire,384,priest,holy,12,4,8
22219,Skytheory,eredar,384,priest,holy,13,4,9
22220,Крайл,blackscar,384,priest,holy,17,4,13
22221,Ømegagødx,outland,384,priest,holy,18,4,14
22222,Virgosenpai,silvermoon,384,priest,holy,18,4,14
22223,Кэндимен,gordunni,384,priest,holy,18,4,14
22224,Ðlcz,blackrock,384,priest,holy,18,4,14
22225,Allwhitte,confrérie-du-thorium,383,priest,holy,6,4,2
22226,Ynnaria,blackmoore,383,priest,holy,12,4,8
22227,Blackwidow,chromaggus,383,priest,holy,12,4,8
22228,Ruebi,blackmoore,383,priest,holy,12,4,8
22229,Protegee,draenor,383,priest,holy,18,4,14
22230,Hodza,frostmane,382,priest,holy,6,4,2
22231,Centauria,burning-legion,381,priest,holy,24,4,20
22232,Эгнерия,eversong,367,priest,holy,17,4,13
22233,Nxtlvl,stormscale,352,priest,holy,10,5,5
22234,Apuessii,dun-modr,351,priest,holy,11,4,7
22235,Rezzurrectum,doomhammer,336,priest,holy,9,4,5
22236,Waycrest,ravencrest,329,priest,holy,8,5,3
22237,Shyvi,ravencrest,319,priest,holy,5,4,1
22238,Shmoly,stormscale,288,priest,holy,6,3,3
22239,Jeboc,ravencrest,288,priest,holy,6,3,3
22240,Nimsi,ravencrest,288,priest,holy,6,3,3
22241,Миррен,gordunni,288,priest,holy,6,3,3
22242,Fareeya,thrall,288,priest,holy,6,3,3
22243,Hilerki,draenor,288,priest,holy,6,3,3
22244,Arabpriest,draenor,288,priest,holy,6,3,3
22245,Dãrkmedic,silvermoon,288,priest,holy,6,3,3
22246,Фионыч,blackscar,288,priest,holy,6,3,3
22247,Carnacia,tarren-mill,288,priest,holy,6,3,3
22248,Холихэйт,howling-fjord,288,priest,holy,6,3,3
22249,Tribz,kargath,288,priest,holy,6,3,3
22250,Pinkfloydx,lightbringer,288,priest,holy,6,3,3
22251,ßestworld,draenor,288,priest,holy,6,3,3
22252,Pyropenance,twisting-nether,288,priest,holy,6,3,3
22253,Alaelis,burning-legion,288,priest,holy,6,3,3
22254,Namsolo,kazzak,288,priest,holy,6,3,3
22255,Ariyia,argent-dawn,288,priest,holy,6,3,3
22256,Holyheartx,argent-dawn,288,priest,holy,6,3,3
22257,Salzholy,malygos,288,priest,holy,6,3,3
22258,Góli,argent-dawn,288,priest,holy,6,3,3
22259,Redy,drakthul,288,priest,holy,6,3,3
22260,Atremius,dragonmaw,288,priest,holy,6,3,3
22261,Drdiscospec,tarren-mill,288,priest,holy,6,3,3
22262,Bambus,shattered-hand,288,priest,holy,6,3,3
22263,Novella,kult-der-verdammten,288,priest,holy,6,3,3
22264,Sebbepriest,twisting-nether,288,priest,holy,10,3,7
22265,Eihran,stormscale,288,priest,holy,12,3,9
22266,Javvi,sylvanas,288,priest,holy,12,3,9
22267,Quami,dun-modr,288,priest,holy,12,3,9
22268,Suili,twisting-nether,288,priest,holy,12,3,9
22269,Fatherliam,emerald-dream,288,priest,holy,12,3,9
22270,Lurri,tarren-mill,288,priest,holy,12,3,9
22271,Drminduskâ,ysondre,288,priest,holy,12,3,9
22272,Farae,arathor,288,priest,holy,24,3,21
22273,Ларуса,gordunni,287,priest,holy,6,3,3
22274,Naid,exodar,286,priest,holy,12,3,9
22275,Besmrtna,saurfang,271,priest,holy,11,3,8
22276,Lr,aszune,240,priest,holy,9,3,6
22277,Ibunnyqt,aegwynn,192,priest,holy,6,2,4
22278,Асуартхас,gordunni,192,priest,holy,6,2,4
22279,Lutzki,the-maelstrom,192,priest,holy,6,2,4
22280,Люблюкофе,deathguard,192,priest,holy,6,2,4
22281,Priesless,sylvanas,192,priest,holy,6,2,4
22282,Burnex,thrall,192,priest,holy,6,2,4
22283,Soül,sylvanas,192,priest,holy,6,2,4
22284,Zuniya,tarren-mill,192,priest,holy,6,2,4
22285,Dertar,archimonde,192,priest,holy,6,2,4
22286,Fízwow,stormscale,192,priest,holy,6,2,4
22287,Dangerfred,stormscale,192,priest,holy,6,2,4
22288,Ihefyehvjrm,ravencrest,192,priest,holy,6,2,4
22289,Zellita,ravencrest,192,priest,holy,6,2,4
22290,Noukeé,blackrock,192,priest,holy,6,2,4
22291,Dîakon,antonidas,192,priest,holy,6,2,4
22292,Jinxies,twisting-nether,192,priest,holy,6,2,4
22293,Owait,tarren-mill,192,priest,holy,6,2,4
22294,Micix,tarren-mill,192,priest,holy,6,2,4
22295,Troedelsuppe,destromath,192,priest,holy,6,2,4
22296,Grøums,blackmoore,192,priest,holy,6,2,4
22297,Yukirito,drakthul,192,priest,holy,6,2,4
22298,Cheefto,blackmoore,192,priest,holy,6,2,4
22299,Келебриана,deepholm,192,priest,holy,6,2,4
22300,Llounal,silvermoon,192,priest,holy,6,2,4
22301,Dami,defias-brotherhood,192,priest,holy,6,2,4
22302,Prästpojken,frostwhisper,192,priest,holy,6,2,4
22303,Djingischan,twisting-nether,192,priest,holy,6,2,4
22304,Krematorio,twisting-nether,192,priest,holy,6,2,4
22305,Notatrap,outland,192,priest,holy,6,2,4
22306,Eyllise,ragnaros,192,priest,holy,6,2,4
22307,Discobrill,silvermoon,192,priest,holy,6,2,4
22308,Marrisa,khaz-modan,192,priest,holy,6,2,4
22309,Qazar,draenor,192,priest,holy,6,2,4
22310,Haxxøn,die-nachtwache,192,priest,holy,6,2,4
22311,Korzec,dun-modr,192,priest,holy,6,2,4
22312,Mayalolz,chogall,192,priest,holy,8,2,6
22313,Бранлор,howling-fjord,192,priest,holy,8,2,6
22314,Nøfear,tarren-mill,192,priest,holy,11,2,9
22315,Hónòr,sylvanas,192,priest,holy,12,2,10
22316,Køzøxîä,dalaran,192,priest,holy,12,2,10
22317,Mundwerk,malganis,192,priest,holy,12,2,10
22318,Ittei,stormscale,192,priest,holy,12,2,10
22319,Eternitiy,auchindoun,191,priest,holy,6,2,4
22320,Meynola,ysondre,191,priest,holy,6,2,4
22321,Rankonejames,silvermoon,159,priest,holy,5,2,3
22322,Spae,twisting-nether,138,priest,holy,11,4,7
22323,Пейлон,howling-fjord,137,priest,holy,10,4,6
22324,Mavisqt,draenor,128,priest,holy,4,2,2
22325,Harukaa,aggra-português,96,priest,holy,6,1,5
22326,Isendriel,outland,96,priest,holy,6,1,5
22327,Kakuzuke,nemesis,96,priest,holy,6,1,5
22328,Tÿona,hyjal,96,priest,holy,6,1,5
22329,Батлджес,gordunni,96,priest,holy,6,1,5
22330,Lujka,outland,96,priest,holy,6,1,5
22331,Laadyybirkee,blackhand,96,priest,holy,6,1,5
22332,Goupillou,hyjal,96,priest,holy,6,1,5
22333,Сакредлайв,gordunni,96,priest,holy,6,1,5
22334,Elfhelp,ravencrest,96,priest,holy,6,1,5
22335,Jaatjak,ravencrest,96,priest,holy,6,1,5
22336,Slêq,antonidas,96,priest,holy,6,1,5
22337,Ximenia,eredar,96,priest,holy,6,1,5
22338,Яестькенни,soulflayer,96,priest,holy,6,1,5
22339,Clerìc,argent-dawn,96,priest,holy,6,1,5
22340,Resuscitator,spinebreaker,96,priest,holy,6,1,5
22341,Borá,twisting-nether,96,priest,holy,6,1,5
22342,Jaesabøyx,twisting-nether,96,priest,holy,6,1,5
22343,Herwin,twisting-nether,96,priest,holy,6,1,5
22344,Itstooney,doomhammer,96,priest,holy,6,1,5
22345,Systerstål,twisting-nether,96,priest,holy,6,1,5
22346,Ylenae,twisting-nether,96,priest,holy,6,1,5
22347,Alshah,emerald-dream,96,priest,holy,6,1,5
22348,Myrrha,les-sentinelles,96,priest,holy,6,1,5
22349,Эллвинг,howling-fjord,96,priest,holy,6,1,5
22350,Pattie,ragnaros,96,priest,holy,6,1,5
22351,Spoc,blackrock,96,priest,holy,6,1,5
22352,Wrongwrong,draenor,96,priest,holy,6,1,5
22353,Iirina,draenor,96,priest,holy,6,1,5
22354,Saheila,defias-brotherhood,96,priest,holy,6,1,5
22355,Shicu,blackmoore,96,priest,holy,6,1,5
22356,Remkoja,blackrock,96,priest,holy,6,1,5
22357,Bowie,frostwhisper,96,priest,holy,6,1,5
22358,Zongiz,azjolnerub,96,priest,holy,6,1,5
22359,Doublehealix,argent-dawn,96,priest,holy,12,1,11
22360,Felvytwo,stormscale,96,priest,holy,12,1,11
22361,Åme,kirin-tor,96,priest,holy,12,1,11
22362,Plaguestrike,darkspear,96,priest,holy,12,1,11
22363,Kæzm,blackrock,96,priest,holy,12,1,11
22364,Mswagner,outland,79,priest,holy,5,1,4
22365,Darkyos,azshara,42,priest,holy,6,2,4
22366,Priestyo,blackrock,42,priest,holy,10,2,8
22367,Bøij,pozzo-delleternità,42,priest,holy,10,2,8
22368,Gaalonikus,blackmoore,2235,priest,discipline,92,54,38
22369,Vanostsp,kazzak,2230,priest,discipline,102,56,46
22370,Prêtresacré,archimonde,2212,priest,discipline,78,46,32
22371,Jayti,ravencrest,2205,priest,discipline,115,65,50
22372,Èfflux,ravencrest,2172,priest,discipline,86,54,32
22373,Monopolygoat,arathor,2167,priest,discipline,147,74,73
22374,Bedfirez,ravencrest,2161,priest,discipline,211,122,89
22375,Jtî,ravencrest,2134,priest,discipline,72,47,25
22376,Saentainen,kazzak,2133,priest,discipline,95,68,27
22377,Cylizx,stormscale,2133,priest,discipline,114,62,52
22378,Jackiqt,nemesis,2132,priest,discipline,113,73,40
22379,Moonriver,archimonde,2132,priest,discipline,66,39,27
22380,Artle,sanguino,2131,priest,discipline,83,44,39
22381,Efflúx,ravencrest,2128,priest,discipline,124,71,53
22382,Azrpr,ravencrest,2128,priest,discipline,82,45,37
22383,Wetnpuffy,ravencrest,2127,priest,discipline,268,143,125
22384,Dripcheck,draenor,2127,priest,discipline,223,118,105
22385,Релакз,soulflayer,2124,priest,discipline,120,66,54
22386,Vengefulmaze,ravencrest,2124,priest,discipline,108,55,53
22387,Rébörn,tarren-mill,2123,priest,discipline,71,44,27
22388,Jidammy,ravencrest,2120,priest,discipline,80,41,39
22389,Jacknapier,kazzak,2117,priest,discipline,66,39,27
22390,Rñd,ravencrest,2117,priest,discipline,78,40,38
22391,Holypoppa,ravencrest,2112,priest,discipline,133,71,62
22392,Leahbtw,ravencrest,2106,priest,discipline,150,85,65
22393,Sfÿ,ysondre,2106,priest,discipline,84,43,41
22394,Swdswdswdswd,blackmoore,2105,priest,discipline,94,51,43
22395,Klonyaryk,ravencrest,2100,priest,discipline,78,47,31
22396,Øbserverx,stormscale,2100,priest,discipline,114,61,53
22397,Nêxt,ravencrest,2088,priest,discipline,84,62,22
22398,Sèco,sylvanas,2085,priest,discipline,84,44,40
22399,Gudóngmae,ravencrest,2076,priest,discipline,48,32,16
22400,Duckiethotx,ragnaros,2070,priest,discipline,78,40,38
22401,Mentalboom,emerald-dream,2060,priest,discipline,185,94,91
22402,Lloreen,ravencrest,2053,priest,discipline,84,47,37
22403,Izzý,antonidas,2044,priest,discipline,78,47,31
22404,Boltygnome,blades-edge,2044,priest,discipline,72,43,29
22405,Loví,twisting-nether,2043,priest,discipline,83,43,40
22406,Plsdontnerf,onyxia,2039,priest,discipline,95,55,40
22407,Twinkboyx,ragnaros,2039,priest,discipline,123,62,61
22408,Мамкалол,soulflayer,2038,priest,discipline,258,136,122
22409,Imprøved,outland,2036,priest,discipline,102,70,32
22410,Thelïght,ravencrest,2034,priest,discipline,111,54,57
22411,Unréål,ravencrest,2033,priest,discipline,186,92,94
22412,Duckiethot,twisting-nether,2031,priest,discipline,166,81,85
22413,Bindw,tarren-mill,2025,priest,discipline,41,22,19
22414,Faithz,ragnaros,2023,priest,discipline,84,39,45
22415,Mavisqt,draenor,2022,priest,discipline,102,55,47
22416,Crinji,blackmoore,2021,priest,discipline,157,77,80
22417,Pheen,kazzak,2019,priest,discipline,197,105,92
22418,Ðontargueok,blackmoore,2018,priest,discipline,66,37,29
22419,Ananous,hyjal,2017,priest,discipline,121,69,52
22420,Гопикзашквар,blackscar,2017,priest,discipline,104,47,57
22421,Priestqtx,kelthuzad,2016,priest,discipline,60,34,26
22422,Kleot,ragnaros,2016,priest,discipline,273,142,131
22423,Wet,twisting-nether,2015,priest,discipline,90,41,49
22424,Shøy,nemesis,2014,priest,discipline,180,91,89
22425,Villagebike,shadowsong,2012,priest,discipline,42,22,20
22426,Разрухаз,gordunni,2011,priest,discipline,95,48,47
22427,Trialight,ravencrest,2009,priest,discipline,89,57,32
22428,Ilumiinatrix,dun-modr,2009,priest,discipline,467,235,232
22429,Билетлолпро,borean-tundra,2008,priest,discipline,149,71,78
22430,Ävbmârsík,kazzak,2006,priest,discipline,143,80,63
22431,Drlovke,stormscale,2005,priest,discipline,84,47,37
22432,Хомячпочка,gordunni,2003,priest,discipline,76,40,36
22433,Tanlytwo,ravencrest,2003,priest,discipline,76,38,38
22434,Timbsheal,tarren-mill,2001,priest,discipline,132,69,63
22435,Shmoly,stormscale,2001,priest,discipline,91,47,44
22436,Chasx,ravencrest,1998,priest,discipline,95,44,51
22437,Vajadisc,twisting-nether,1993,priest,discipline,130,56,74
22438,Neverdome,ravencrest,1992,priest,discipline,188,104,84
22439,Фастэксп,razuvious,1992,priest,discipline,185,97,88
22440,Stavfel,stormscale,1990,priest,discipline,117,63,54
22441,Jaywie,twisting-nether,1989,priest,discipline,84,39,45
22442,Dabalthazar,ravencrest,1985,priest,discipline,163,83,80
22443,Dpriesta,aegwynn,1979,priest,discipline,88,52,36
22444,Acondisc,kazzak,1977,priest,discipline,76,43,33
22445,Ekman,twisting-nether,1977,priest,discipline,128,67,61
22446,Zularia,rexxar,1976,priest,discipline,96,54,42
22447,Oioiio,kazzak,1975,priest,discipline,84,42,42
22448,Infamoussftw,drakthul,1975,priest,discipline,210,104,106
22449,Sinetrax,tarren-mill,1973,priest,discipline,96,57,39
22450,Хомяктьмы,gordunni,1971,priest,discipline,102,53,49
22451,Mercilégion,sargeras,1971,priest,discipline,66,34,32
22452,Lyrvanax,ravencrest,1970,priest,discipline,229,113,116
22453,Charlotten,shattered-hand,1963,priest,discipline,84,42,42
22454,Djsüssi,frostwolf,1963,priest,discipline,163,76,87
22455,Eau,quelthalas,1962,priest,discipline,124,60,64
22456,Synxii,ravencrest,1961,priest,discipline,64,35,29
22457,Kangaroogodx,ravencrest,1961,priest,discipline,84,39,45
22458,Spinebuster,frostwolf,1958,priest,discipline,78,38,40
22459,Puckhorde,outland,1957,priest,discipline,90,57,33
22460,Lolylights,tarren-mill,1956,priest,discipline,78,41,37
22461,Önnÿ,dun-modr,1956,priest,discipline,89,46,43
22462,Healseri,defias-brotherhood,1953,priest,discipline,204,106,98
22463,Hukkuvahirvi,ravencrest,1953,priest,discipline,81,38,43
22464,Mainputa,pozzo-delleternità,1952,priest,discipline,82,38,44
22465,Mentalist,dun-modr,1952,priest,discipline,129,59,70
22466,Sleepypriest,frostmane,1951,priest,discipline,42,24,18
22467,Rhâpsødy,ravencrest,1950,priest,discipline,71,42,29
22468,Rlyeh,argent-dawn,1949,priest,discipline,65,35,30
22469,Алинкалол,howling-fjord,1948,priest,discipline,162,96,66
22470,Salvinia,kelthuzad,1948,priest,discipline,114,57,57
22471,Primayodbain,archimonde,1947,priest,discipline,58,33,25
22472,Bølzer,blackrock,1942,priest,discipline,234,119,115
22473,Syreet,silvermoon,1941,priest,discipline,398,205,193
22474,Kekkons,sylvanas,1941,priest,discipline,119,61,58
22475,Ebuglatatrov,ravencrest,1941,priest,discipline,120,57,63
22476,Concetto,nazjatar,1939,priest,discipline,48,27,21
22477,Mysterymucus,draenor,1938,priest,discipline,102,61,41
22478,Porkhunt,stormscale,1938,priest,discipline,90,52,38
22479,Senga,kazzak,1937,priest,discipline,78,38,40
22480,Summerfinn,ravencrest,1937,priest,discipline,93,44,49
22481,Gerryqt,draenor,1931,priest,discipline,54,30,24
22482,Свэпи,blackscar,1929,priest,discipline,65,34,31
22483,Rngånxiety,ravencrest,1927,priest,discipline,106,54,52
22484,Psyheea,stormscale,1926,priest,discipline,139,62,77
22485,Лёнятреппер,blackscar,1925,priest,discipline,183,102,81
22486,Mswagner,outland,1924,priest,discipline,59,33,26
22487,Akaria,kelthuzad,1922,priest,discipline,66,30,36
22488,Jagardoden,stormscale,1920,priest,discipline,65,38,27
22489,Arthezz,ravencrest,1920,priest,discipline,92,50,42
22490,Sharkouly,blackmoore,1920,priest,discipline,54,27,27
22491,Asanti,die-aldor,1919,priest,discipline,132,75,57
22492,Фанпау,soulflayer,1919,priest,discipline,72,34,38
22493,Reflector,sunstrider,1918,priest,discipline,66,29,37
22494,Niniell,blackmoore,1915,priest,discipline,66,43,23
22495,Zêxy,stormscale,1915,priest,discipline,71,41,30
22496,Råcòøñ,ravencrest,1915,priest,discipline,55,26,29
22497,Tacochrist,kazzak,1914,priest,discipline,102,59,43
22498,Dermaul,kazzak,1913,priest,discipline,42,24,18
22499,Aeogon,kazzak,1913,priest,discipline,149,68,81
22500,ßrb,sylvanas,1912,priest,discipline,150,87,63
22501,Eestpr,tarren-mill,1908,priest,discipline,69,37,32
22502,Uwuslayerx,stormscale,1908,priest,discipline,59,31,28
22503,Mafakor,ravencrest,1907,priest,discipline,213,109,104
22504,Jâde,bloodhoof,1907,priest,discipline,177,90,87
22505,Georgeshxx,ravencrest,1903,priest,discipline,95,50,45
22506,Flongoletta,xavius,1903,priest,discipline,120,62,58
22507,Kevinsorbo,destromath,1899,priest,discipline,66,35,31
22508,Donvyto,blackmoore,1899,priest,discipline,48,24,24
22509,Maxfly,archimonde,1898,priest,discipline,54,29,25
22510,Rîeka,antonidas,1897,priest,discipline,83,40,43
22511,Verti,outland,1896,priest,discipline,106,50,56
22512,Kêkwshádêzz,blackmoore,1895,priest,discipline,54,27,27
22513,Discishârd,ravencrest,1893,priest,discipline,117,60,57
22514,Eliriya,thrall,1892,priest,discipline,276,144,132
22515,Разорлайтх,gordunni,1890,priest,discipline,29,21,8
22516,Entenpanda,kazzak,1889,priest,discipline,68,41,27
22517,Ronnyvandamm,destromath,1887,priest,discipline,88,58,30
22518,Voxtwo,blackrock,1887,priest,discipline,42,26,16
22519,Xghj,sylvanas,1887,priest,discipline,72,36,36
22520,Clapped,ravencrest,1887,priest,discipline,72,32,40
22521,Voideffsucks,stormscale,1881,priest,discipline,60,32,28
22522,Merylle,ragnaros,1880,priest,discipline,60,29,31
22523,Ziknait,sargeras,1879,priest,discipline,48,29,19
22524,Sathie,ravencrest,1879,priest,discipline,66,33,33
22525,Underdogx,eredar,1879,priest,discipline,359,179,180
22526,Goldensp,sanguino,1878,priest,discipline,81,47,34
22527,Бенджаминлол,blackscar,1875,priest,discipline,54,23,31
22528,Ðènnis,argent-dawn,1874,priest,discipline,133,69,64
22529,Secø,sylvanas,1873,priest,discipline,42,22,20
22530,Hampådenbååd,kazzak,1873,priest,discipline,42,20,22
22531,Elethia,blackmoore,1872,priest,discipline,38,21,17
22532,Yeetedmycat,stormscale,1872,priest,discipline,66,34,32
22533,Imsaltyxd,tarren-mill,1871,priest,discipline,66,39,27
22534,Svakkanxd,kazzak,1871,priest,discipline,70,33,37
22535,Cdïs,tyrande,1870,priest,discipline,54,36,18
22536,Cellia,antonidas,1870,priest,discipline,30,20,10
22537,Egî,azshara,1870,priest,discipline,42,20,22
22538,Depridolens,argent-dawn,1869,priest,discipline,42,27,15
22539,Limerençe,ravencrest,1869,priest,discipline,44,25,19
22540,Ðês,ravencrest,1869,priest,discipline,96,52,44
22541,Интеллиджент,gordunni,1868,priest,discipline,42,24,18
22542,Zhadow,outland,1868,priest,discipline,150,78,72
22543,Suxino,stormscale,1865,priest,discipline,199,127,72
22544,Saniqt,kazzak,1865,priest,discipline,57,35,22
22545,Phosdia,festung-der-stürme,1864,priest,discipline,36,24,12
22546,Painchampion,draenor,1864,priest,discipline,54,23,31
22547,Rpriest,outland,1863,priest,discipline,54,32,22
22548,Asdfghqwezxc,twisting-nether,1863,priest,discipline,65,35,30
22549,Neffty,aegwynn,1863,priest,discipline,138,73,65
22550,Прощайдуде,gordunni,1863,priest,discipline,65,34,31
22551,Kâiøxx,outland,1862,priest,discipline,157,81,76
22552,Asyncx,ravencrest,1862,priest,discipline,68,35,33
22553,Pricemg,thrall,1860,priest,discipline,48,29,19
22554,Virulence,twisting-nether,1860,priest,discipline,199,113,86
22555,Flao,ravencrest,1860,priest,discipline,52,28,24
22556,Кошечка,deathguard,1860,priest,discipline,41,21,20
22557,Thalanas,ravencrest,1859,priest,discipline,158,90,68
22558,Sublab,kazzak,1859,priest,discipline,60,33,27
22559,Artìst,ravencrest,1858,priest,discipline,30,20,10
22560,Citadelle,blackmoore,1858,priest,discipline,59,36,23
22561,Мефодийприст,howling-fjord,1858,priest,discipline,102,62,40
22562,Wernou,archimonde,1858,priest,discipline,48,29,19
22563,Cdplz,archimonde,1858,priest,discipline,119,59,60
22564,Bigextendo,blackmoore,1857,priest,discipline,66,35,31
22565,Rickerstrike,stormscale,1857,priest,discipline,108,57,51
22566,Onyoureyebal,vashj,1857,priest,discipline,72,31,41
22567,Unfaithful,twisting-nether,1854,priest,discipline,70,43,27
22568,Listrix,frostmane,1854,priest,discipline,120,58,62
22569,Shadothat,turalyon,1853,priest,discipline,48,29,19
22570,Dieterdose,tarren-mill,1852,priest,discipline,44,29,15
22571,Crushmyballs,ravencrest,1852,priest,discipline,60,36,24
22572,Лэсивэснэс,soulflayer,1852,priest,discipline,72,30,42
22573,Галюхах,soulflayer,1851,priest,discipline,42,22,20
22574,Eukmassus,archimonde,1849,priest,discipline,70,36,34
22575,Rynnegan,zuljin,1849,priest,discipline,72,31,41
22576,Çhåosgòddess,kazzak,1848,priest,discipline,42,25,17
22577,Карпинчо,soulflayer,1848,priest,discipline,186,91,95
22578,Mentaldeadp,draenor,1846,priest,discipline,123,80,43
22579,Sdn,twisting-nether,1846,priest,discipline,94,49,45
22580,Geforcès,archimonde,1846,priest,discipline,71,31,40
22581,Andrë,ragnaros,1845,priest,discipline,46,29,17
22582,Kuusistöö,kazzak,1845,priest,discipline,92,49,43
22583,Soyloverjuan,auchindoun,1843,priest,discipline,52,27,25
22584,Bæsts,ravencrest,1842,priest,discipline,47,35,12
22585,Minilove,ravencrest,1842,priest,discipline,36,22,14
22586,Maulerion,tarren-mill,1842,priest,discipline,92,53,39
22587,Debeo,ragnaros,1842,priest,discipline,121,67,54
22588,Kianprie,silvermoon,1842,priest,discipline,101,46,55
22589,Trolldý,outland,1841,priest,discipline,54,33,21
22590,Ssjfoxyo,sylvanas,1841,priest,discipline,101,51,50
22591,Mend,tarren-mill,1841,priest,discipline,77,34,43
22592,Луилэнс,howling-fjord,1840,priest,discipline,82,46,36
22593,Twinkerz,ravencrest,1839,priest,discipline,114,70,44
22594,Klered,ragnaros,1839,priest,discipline,52,31,21
22595,Kàrèm,blutkessel,1839,priest,discipline,48,28,20
22596,Potatojuicer,argent-dawn,1839,priest,discipline,117,56,61
22597,Shîn,zirkel-des-cenarius,1839,priest,discipline,72,32,40
22598,Втильте,blackscar,1838,priest,discipline,138,77,61
22599,Fearxyz,aegwynn,1838,priest,discipline,60,31,29
22600,Rezzdar,lightnings-blade,1838,priest,discipline,95,49,46
22601,Sheelah,ravencrest,1838,priest,discipline,66,32,34
22602,Nasdaq,ravencrest,1837,priest,discipline,60,30,30
22603,Делреона,blackscar,1836,priest,discipline,60,34,26
22604,Azoran,dentarg,1836,priest,discipline,72,33,39
22605,Nevercared,aegwynn,1835,priest,discipline,30,25,5
22606,Shonsized,argent-dawn,1835,priest,discipline,142,82,60
22607,Giatros,kazzak,1835,priest,discipline,89,48,41
22608,Scortie,blackrock,1835,priest,discipline,49,25,24
22609,Видзар,blackscar,1834,priest,discipline,42,27,15
22610,Alwaysøøm,kazzak,1834,priest,discipline,120,77,43
22611,Owrly,bladefist,1834,priest,discipline,172,88,84
22612,Luvdisc,ysondre,1834,priest,discipline,68,34,34
22613,Dendegodx,kazzak,1833,priest,discipline,114,62,52
22614,Azaciúx,sylvanas,1832,priest,discipline,48,29,19
22615,Yzïam,ravencrest,1832,priest,discipline,68,36,32
22616,Feeqamikka,ragnaros,1832,priest,discipline,61,32,29
22617,Sazuki,sylvanas,1830,priest,discipline,119,71,48
22618,Hamsicam,frostwolf,1830,priest,discipline,140,67,73
22619,Kaizza,burning-legion,1829,priest,discipline,48,30,18
22620,Alusiepriest,ravencrest,1829,priest,discipline,164,102,62
22621,Chnechnechne,outland,1829,priest,discipline,58,35,23
22622,Bijaqt,blackmoore,1829,priest,discipline,54,27,27
22623,Swiftdemise,sylvanas,1829,priest,discipline,142,67,75
22624,Akeno,sylvanas,1829,priest,discipline,70,31,39
22625,Pradrak,eredar,1828,priest,discipline,54,31,23
22626,Chivalryy,argent-dawn,1828,priest,discipline,119,64,55
22627,Ingelosi,eredar,1828,priest,discipline,220,118,102
22628,Sláin,outland,1828,priest,discipline,90,47,43
22629,Jconnelly,antonidas,1828,priest,discipline,62,32,30
22630,Itayyxd,doomhammer,1828,priest,discipline,66,34,32
22631,Blazingad,kazzak,1827,priest,discipline,173,93,80
22632,Ltmp,ravencrest,1827,priest,discipline,48,24,24
22633,Nadøney,hyjal,1826,priest,discipline,172,87,85
22634,Nissha,stormscale,1826,priest,discipline,66,32,34
22635,Двачх,soulflayer,1826,priest,discipline,66,32,34
22636,Sinetrax,draenor,1825,priest,discipline,48,30,18
22637,Асверай,howling-fjord,1825,priest,discipline,90,55,35
22638,Bebydaniwey,eredar,1825,priest,discipline,48,27,21
22639,Alicanx,silvermoon,1824,priest,discipline,123,77,46
22640,Faderfarbror,tarren-mill,1824,priest,discipline,103,63,40
22641,Ayõu,ravencrest,1824,priest,discipline,60,36,24
22642,Nalakis,archimonde,1824,priest,discipline,109,62,47
22643,Src,ravencrest,1824,priest,discipline,95,54,41
22644,Myggsparv,stormscale,1824,priest,discipline,54,30,24
22645,Collinna,aegwynn,1824,priest,discipline,105,57,48
22646,Lanata,blackrock,1823,priest,discipline,60,34,26
22647,Мухаглот,soulflayer,1823,priest,discipline,71,37,34
22648,Cnqz,archimonde,1823,priest,discipline,72,34,38
22649,Sovereignp,aegwynn,1823,priest,discipline,60,28,32
22650,Mamaa,stormscale,1822,priest,discipline,72,40,32
22651,Tecc,draenor,1822,priest,discipline,130,65,65
22652,Mèlindra,tarren-mill,1821,priest,discipline,35,28,7
22653,Билет,borean-tundra,1821,priest,discipline,42,26,16
22654,Aâraks,khaz-modan,1821,priest,discipline,134,82,52
22655,Tribz,kargath,1821,priest,discipline,36,22,14
22656,Mommymilkrx,argent-dawn,1821,priest,discipline,239,124,115
22657,Miklós,die-aldor,1821,priest,discipline,54,28,26
22658,Scaryolol,blackmoore,1821,priest,discipline,161,83,78
22659,Таравера,soulflayer,1821,priest,discipline,113,57,56
22660,Yamai,thrall,1820,priest,discipline,42,24,18
22661,Gaussqt,ravencrest,1820,priest,discipline,84,44,40
22662,Yunusgødx,kazzak,1819,priest,discipline,102,65,37
22663,Kripteksx,ravencrest,1819,priest,discipline,47,27,20
22664,Омилая,gordunni,1819,priest,discipline,42,24,18
22665,Rippertmepls,ravencrest,1819,priest,discipline,95,52,43
22666,Дорогасмеха,howling-fjord,1819,priest,discipline,66,36,30
22667,Felaenna,argent-dawn,1819,priest,discipline,139,75,64
22668,Swoptoplong,blackhand,1819,priest,discipline,493,261,232
22669,Ilovelily,antonidas,1819,priest,discipline,60,30,30
22670,Vibéz,outland,1819,priest,discipline,54,27,27
22671,Kimspriest,ragnaros,1818,priest,discipline,42,24,18
22672,Wangewover,ravencrest,1818,priest,discipline,129,70,59
22673,Egi,lothar,1818,priest,discipline,51,27,24
22674,Monsterzx,outland,1818,priest,discipline,90,44,46
22675,Невертрикахд,gordunni,1818,priest,discipline,83,37,46
22676,Spiritina,darkmoon-faire,1817,priest,discipline,76,52,24
22677,Inhibitor,tarren-mill,1817,priest,discipline,48,29,19
22678,Holycuddles,ysondre,1817,priest,discipline,78,47,31
22679,Blessedmix,korgall,1817,priest,discipline,48,26,22
22680,Ashenflexj,draenor,1817,priest,discipline,226,115,111
22681,Deadandugly,eredar,1817,priest,discipline,84,36,48
22682,Swd,dun-morogh,1816,priest,discipline,36,23,13
22683,Hanniri,archimonde,1816,priest,discipline,48,28,20
22684,Aenon,argent-dawn,1816,priest,discipline,129,72,57
22685,Соникида,gordunni,1816,priest,discipline,76,39,37
22686,Semper,sylvanas,1816,priest,discipline,52,26,26
22687,Thaeres,stormscale,1816,priest,discipline,65,31,34
22688,Оченьнеочень,howling-fjord,1816,priest,discipline,72,33,39
22689,Свдпро,soulflayer,1816,priest,discipline,120,53,67
22690,Fandac,sylvanas,1815,priest,discipline,60,39,21
22691,Moglimeister,blackrock,1815,priest,discipline,42,27,15
22692,Jowaba,ravencrest,1815,priest,discipline,60,38,22
22693,Виллавелл,blackscar,1815,priest,discipline,48,24,24
22694,Zyzx,blackrock,1815,priest,discipline,66,29,37
22695,Анстахоуп,grom,1814,priest,discipline,192,121,71
22696,Discusting,anachronos,1814,priest,discipline,66,34,32
22697,Prsx,ravencrest,1814,priest,discipline,108,55,53
22698,Jamienism,ravencrest,1814,priest,discipline,54,23,31
22699,Mobcal,twisting-nether,1814,priest,discipline,66,28,38
22700,Daniweyy,eredar,1813,priest,discipline,30,19,11
22701,Elsuzette,hyjal,1813,priest,discipline,46,27,19
22702,Deathgodx,archimonde,1813,priest,discipline,140,78,62
22703,Iwariel,blackmoore,1813,priest,discipline,102,55,47
22704,Dhassy,sanguino,1812,priest,discipline,71,44,27
22705,Elataqt,silvermoon,1812,priest,discipline,79,45,34
22706,Gødsfåvørite,blackrock,1812,priest,discipline,86,48,38
22707,Viiu,eredar,1812,priest,discipline,45,25,20
22708,Eedazap,argent-dawn,1812,priest,discipline,58,32,26
22709,ßlinkytwinky,outland,1812,priest,discipline,36,19,17
22710,Discoqt,aegwynn,1812,priest,discipline,60,30,30
22711,Isalvation,stormscale,1812,priest,discipline,78,38,40
22712,Mïserygødx,nemesis,1811,priest,discipline,84,57,27
22713,Maxmoto,blackrock,1811,priest,discipline,92,56,36
22714,Антошашвп,azuregos,1811,priest,discipline,42,25,17
22715,Cæsifer,blackrock,1811,priest,discipline,100,55,45
22716,Leahuwu,ravencrest,1811,priest,discipline,72,37,35
22717,Miraña,kazzak,1810,priest,discipline,24,19,5
22718,Jellypie,blackrock,1810,priest,discipline,36,25,11
22719,Holyshiiet,stormscale,1810,priest,discipline,138,81,57
22720,Xrq,stormscale,1809,priest,discipline,36,27,9
22721,Delftware,tarren-mill,1809,priest,discipline,36,27,9
22722,Thedisco,kazzak,1809,priest,discipline,84,56,28
22723,Leahx,dalvengyr,1809,priest,discipline,46,25,21
22724,Джагонх,soulflayer,1809,priest,discipline,60,31,29
22725,Undeathy,ravencrest,1809,priest,discipline,54,27,27
22726,Kuxk,stormscale,1809,priest,discipline,48,24,24
22727,Fønss,sanguino,1809,priest,discipline,77,34,43
22728,Stola,archimonde,1809,priest,discipline,101,41,60
22729,Xutira,silvermoon,1808,priest,discipline,195,109,86
22730,Ohlinsqt,outland,1808,priest,discipline,66,36,30
22731,Tazn,thrall,1808,priest,discipline,36,19,17
22732,Уровеньб,soulflayer,1808,priest,discipline,114,60,54
22733,Aòo,twisting-nether,1808,priest,discipline,89,45,44
22734,Aprilfalls,blackmoore,1808,priest,discipline,54,25,29
22735,Chaxxpriest,blackrock,1808,priest,discipline,113,51,62
22736,Ÿolo,nemesis,1807,priest,discipline,80,47,33
22737,Вашачесть,gordunni,1807,priest,discipline,156,84,72
22738,Immortalled,twisting-nether,1807,priest,discipline,144,77,67
22739,Raw,dragonblight,1807,priest,discipline,72,36,36
22740,Seasonf,tarren-mill,1807,priest,discipline,60,28,32
22741,Hexybtw,stormscale,1806,priest,discipline,30,19,11
22742,Zarahard,draenor,1806,priest,discipline,120,65,55
22743,Zeruhphin,eredar,1806,priest,discipline,54,28,26
22744,Lucksy,antonidas,1806,priest,discipline,60,31,29
22745,Karmev,twisting-nether,1806,priest,discipline,53,26,27
22746,Brigittë,ravencrest,1806,priest,discipline,66,29,37
22747,Светжрец,blackscar,1805,priest,discipline,36,26,10
22748,Tattum,ragnaros,1805,priest,discipline,84,57,27
22749,Eolîn,draenor,1805,priest,discipline,48,27,21
22750,Поршкаенн,gordunni,1805,priest,discipline,60,32,28
22751,Andaar,ravencrest,1805,priest,discipline,60,32,28
22752,Comedii,blackmoore,1805,priest,discipline,399,201,198
22753,Ipâ,hyjal,1805,priest,discipline,417,207,210
22754,Jeanprêtre,ysondre,1805,priest,discipline,66,30,36
22755,Neems,twisting-nether,1805,priest,discipline,42,19,23
22756,Шкурюклады,gordunni,1805,priest,discipline,60,27,33
22757,Ïcön,ravencrest,1804,priest,discipline,60,43,17
22758,Priestdos,sanguino,1804,priest,discipline,48,31,17
22759,Bennyjamin,kazzak,1804,priest,discipline,74,45,29
22760,Floyyd,kazzak,1804,priest,discipline,42,24,18
22761,Nooxid,eredar,1804,priest,discipline,159,86,73
22762,Xzep,archimonde,1804,priest,discipline,223,114,109
22763,Remkoja,blackrock,1804,priest,discipline,102,52,50
22764,Altruistx,ravencrest,1804,priest,discipline,78,39,39
22765,Chochoo,argent-dawn,1804,priest,discipline,60,25,35
22766,Fogel,turalyon,1803,priest,discipline,96,82,14
22767,Frëija,ravencrest,1803,priest,discipline,59,37,22
22768,Kàalyx,archimonde,1803,priest,discipline,107,55,52
22769,Místerbiceps,outland,1803,priest,discipline,60,30,30
22770,Lunatique,shadowsong,1803,priest,discipline,56,28,28
22771,Gehrke,silvermoon,1803,priest,discipline,105,51,54
22772,Djswdgodx,twisting-nether,1803,priest,discipline,66,32,34
22773,Ebiso,ravencrest,1803,priest,discipline,90,41,49
22774,Assiduous,stormreaver,1802,priest,discipline,40,25,15
22775,Bassepriest,tarren-mill,1802,priest,discipline,101,53,48
22776,Cx,mazrigos,1801,priest,discipline,65,42,23
22777,Sydnex,blackmoore,1801,priest,discipline,65,42,23
22778,Shínx,illidan,1801,priest,discipline,90,52,38
22779,Rabbai,twisting-nether,1801,priest,discipline,66,37,29
22780,Artístx,twisting-nether,1801,priest,discipline,53,29,24
22781,Cyabish,twisting-nether,1801,priest,discipline,257,138,119
22782,Зулфар,razuvious,1800,priest,discipline,48,36,12
22783,Wardshield,ravencrest,1800,priest,discipline,29,20,9
22784,Felwy,stormscale,1800,priest,discipline,48,31,17
22785,Hasnoaim,dun-morogh,1800,priest,discipline,66,41,25
22786,Wóllo,stormscale,1800,priest,discipline,66,36,30
22787,Mautiya,blackrock,1800,priest,discipline,96,52,44
22788,Mpßx,tarren-mill,1800,priest,discipline,39,21,18
22789,Enteja,outland,1800,priest,discipline,586,299,287
22790,Некрогуро,gordunni,1800,priest,discipline,54,27,27
22791,Lazyx,tarren-mill,1800,priest,discipline,59,29,30
22792,Mcdodgens,auchindoun,1800,priest,discipline,233,112,121
22793,Rhauru,tyrande,1800,priest,discipline,59,26,33
22794,Gothicpriest,blackrock,1799,priest,discipline,54,34,20
22795,Grouptherpst,draenor,1798,priest,discipline,238,117,121
22796,Фенджидисплх,blackscar,1798,priest,discipline,114,54,60
22797,Alessana,antonidas,1796,priest,discipline,47,30,17
22798,Georgesheenx,ravencrest,1796,priest,discipline,190,90,100
22799,Bigballer,stormscale,1795,priest,discipline,51,26,25
22800,Keijunâ,ravencrest,1794,priest,discipline,41,21,20
22801,Некронево,howling-fjord,1793,priest,discipline,45,27,18
22802,Racecar,executus,1792,priest,discipline,144,71,73
22803,Ihefyehvjrm,ravencrest,1792,priest,discipline,113,55,58
22804,Artle,dun-modr,1789,priest,discipline,52,36,16
22805,Nàlak,archimonde,1789,priest,discipline,54,25,29
22806,Drillinx,tarren-mill,1788,priest,discipline,66,32,34
22807,Hopesallgone,stormscale,1787,priest,discipline,96,58,38
22808,Talbyslegacý,blackmoore,1784,priest,discipline,108,60,48
22809,Андерприст,soulflayer,1782,priest,discipline,152,81,71
22810,Utrd,kazzak,1782,priest,discipline,209,102,107
22811,Maikzky,stormreaver,1780,priest,discipline,36,19,17
22812,Zèl,blackmoore,1780,priest,discipline,52,26,26
22813,Illuminarexo,sylvanas,1779,priest,discipline,109,62,47
22814,Enilion,draenor,1779,priest,discipline,50,24,26
22815,Flensu,stormscale,1778,priest,discipline,76,42,34
22816,Ferpy,ragnaros,1778,priest,discipline,60,27,33
22817,Tiphereth,blackmoore,1777,priest,discipline,36,19,17
22818,Spaanseslof,silvermoon,1776,priest,discipline,126,58,68
22819,Lakeworth,argent-dawn,1776,priest,discipline,134,61,73
22820,Vespbruv,kazzak,1773,priest,discipline,36,25,11
22821,Doublefreak,draenor,1773,priest,discipline,72,44,28
22822,Смотривнебоь,soulflayer,1773,priest,discipline,117,60,57
22823,Mndvx,sylvanas,1773,priest,discipline,80,40,40
22824,Hellhammer,stormreaver,1772,priest,discipline,154,82,72
22825,Aêalama,argent-dawn,1770,priest,discipline,48,25,23
22826,Prådâshådëzz,blackmoore,1769,priest,discipline,41,26,15
22827,Skitspill,ravencrest,1769,priest,discipline,72,30,42
22828,Holyholy,stormscale,1768,priest,discipline,54,36,18
22829,Neliica,silvermoon,1768,priest,discipline,66,27,39
22830,Magetrainer,tarren-mill,1765,priest,discipline,60,42,18
22831,Líluqt,sanguino,1765,priest,discipline,42,24,18
22832,Yugata,archimonde,1765,priest,discipline,63,28,35
22833,Ohiofromntty,ravencrest,1764,priest,discipline,24,20,4
22834,Menarille,kazzak,1764,priest,discipline,24,20,4
22835,Nameit,eredar,1763,priest,discipline,194,91,103
22836,Aruna,ravencrest,1761,priest,discipline,70,35,35
22837,Ladderpolice,blackmoore,1761,priest,discipline,54,26,28
22838,Evpisces,archimonde,1760,priest,discipline,219,100,119
22839,Kenzah,ysondre,1759,priest,discipline,30,20,10
22840,Susaj,tarren-mill,1759,priest,discipline,41,23,18
22841,Dès,ravencrest,1759,priest,discipline,105,50,55
22842,Filthyzx,argent-dawn,1758,priest,discipline,54,27,27
22843,Hinorist,kazzak,1758,priest,discipline,94,46,48
22844,Legiondisc,blackmoore,1758,priest,discipline,157,71,86
22845,Ironqt,malfurion,1758,priest,discipline,112,48,64
22846,Sekker,silvermoon,1757,priest,discipline,303,161,142
22847,Отклонен,soulflayer,1757,priest,discipline,48,23,25
22848,Fitu,drakthul,1755,priest,discipline,155,77,78
22849,Aelisendi,draenor,1754,priest,discipline,77,43,34
22850,Dreifearfünf,arygos,1754,priest,discipline,90,50,40
22851,Angrypiex,stormscale,1754,priest,discipline,65,32,33
22852,Duelistfied,blackrock,1754,priest,discipline,50,24,26
22853,Dállas,ravencrest,1753,priest,discipline,66,40,26
22854,Needsboorst,ravencrest,1753,priest,discipline,60,32,28
22855,Oscoolytb,archimonde,1752,priest,discipline,114,54,60
22856,ßçøûzýìñ,ravencrest,1751,priest,discipline,28,21,7
22857,Merylle,outland,1751,priest,discipline,41,27,14
22858,Kîlo,sylvanas,1750,priest,discipline,42,19,23
22859,Chechenkata,ravencrest,1750,priest,discipline,48,21,27
22860,Hoses,twisting-nether,1749,priest,discipline,149,73,76
22861,Iloveilka,madmortem,1747,priest,discipline,29,19,10
22862,Gajos,frostwolf,1747,priest,discipline,96,56,40
22863,Pikaboom,the-maelstrom,1747,priest,discipline,48,27,21
22864,Kèvin,das-syndikat,1746,priest,discipline,89,54,35
22865,Devoura,sylvanas,1746,priest,discipline,48,23,25
22866,Notnøw,silvermoon,1744,priest,discipline,41,26,15
22867,Mystz,dun-modr,1744,priest,discipline,63,34,29
22868,Ödriaell,the-venture-co,1744,priest,discipline,102,53,49
22869,Pestmorran,sylvanas,1742,priest,discipline,306,149,157
22870,Abømination,hyjal,1740,priest,discipline,123,69,54
22871,Holytop,aegwynn,1740,priest,discipline,48,25,23
22872,Emryth,blackhand,1740,priest,discipline,258,131,127
22873,Øxxgodx,blackrock,1740,priest,discipline,87,43,44
22874,Pâww,kazzak,1740,priest,discipline,54,26,28
22875,Touchmypink,ragnaros,1740,priest,discipline,177,83,94
22876,Xeldrania,azshara,1739,priest,discipline,41,22,19
22877,Justyø,archimonde,1738,priest,discipline,148,88,60
22878,Lyrina,twisting-nether,1738,priest,discipline,364,199,165
22879,Qhub,sylvanas,1738,priest,discipline,154,83,71
22880,Eagrh,ravencrest,1737,priest,discipline,260,152,108
22881,Бенджаминлол,deathguard,1737,priest,discipline,48,26,22
22882,Антошашвп,gordunni,1737,priest,discipline,48,25,23
22883,Фокусшвд,soulflayer,1735,priest,discipline,132,68,64
22884,Sausageboy,tarren-mill,1734,priest,discipline,54,30,24
22885,Obnoxious,sunstrider,1734,priest,discipline,132,66,66
22886,Zërøx,ysondre,1733,priest,discipline,77,30,47
22887,Aetas,hyjal,1732,priest,discipline,72,41,31
22888,Lilypalmer,stormscale,1731,priest,discipline,72,36,36
22889,Jøjmenejøj,ravencrest,1731,priest,discipline,150,73,77
22890,Vigoria,stormreaver,1731,priest,discipline,101,49,52
22891,Drillin,ravencrest,1731,priest,discipline,42,19,23
22892,Tÿona,hyjal,1730,priest,discipline,176,101,75
22893,Preme,blackhand,1730,priest,discipline,72,34,38
22894,Snuskong,kazzak,1730,priest,discipline,54,25,29
22895,Uppiediscyo,ravencrest,1729,priest,discipline,267,149,118
22896,Denunciation,argent-dawn,1727,priest,discipline,191,101,90
22897,Demora,ysondre,1726,priest,discipline,36,22,14
22898,Ostrogami,silvermoon,1726,priest,discipline,327,154,173
22899,Prips,bladefist,1725,priest,discipline,213,108,105
22900,Stazqt,conseil-des-ombres,1725,priest,discipline,220,111,109
22901,Felvytwo,stormscale,1725,priest,discipline,48,24,24
22902,Justdänce,hyjal,1723,priest,discipline,46,23,23
22903,Аскеронх,howling-fjord,1723,priest,discipline,87,41,46
22904,Xians,alakir,1722,priest,discipline,30,18,12
22905,Plsdontcry,blackrock,1722,priest,discipline,54,27,27
22906,Healêl,sanguino,1722,priest,discipline,65,31,34
22907,Skevitche,hyjal,1721,priest,discipline,208,108,100
22908,Folelli,ysondre,1720,priest,discipline,113,58,55
22909,Eliana,blackrock,1720,priest,discipline,109,53,56
22910,Elsieexø,ravencrest,1720,priest,discipline,60,28,32
22911,Pinipom,kazzak,1719,priest,discipline,38,26,12
22912,Kedrack,draenor,1719,priest,discipline,42,27,15
22913,Leffie,outland,1719,priest,discipline,51,26,25
22914,Nirvz,silvermoon,1716,priest,discipline,42,29,13
22915,Cylantharia,eredar,1716,priest,discipline,102,57,45
22916,Fuzzymerge,ravencrest,1716,priest,discipline,76,42,34
22917,Spìrít,ghostlands,1716,priest,discipline,48,24,24
22918,Smiteyoudown,blackrock,1716,priest,discipline,42,21,21
22919,Looney,shadowsong,1715,priest,discipline,36,25,11
22920,Seherbazqt,twisting-nether,1714,priest,discipline,118,61,57
22921,Akzar,blackrock,1714,priest,discipline,432,221,211
22922,Holysjodin,tarren-mill,1714,priest,discipline,36,18,18
22923,Lowhealing,kazzak,1713,priest,discipline,42,25,17
22924,Артжрец,soulflayer,1713,priest,discipline,76,43,33
22925,Нед,greymane,1713,priest,discipline,243,136,107
22926,Mitha,tarren-mill,1713,priest,discipline,74,41,33
22927,Дъикиймвп,deepholm,1713,priest,discipline,42,22,20
22928,Darktemplarx,magtheridon,1713,priest,discipline,129,64,65
22929,Echonic,aegwynn,1712,priest,discipline,177,88,89
22930,Baptized,baelgun,1712,priest,discipline,102,47,55
22931,Hannirï,archimonde,1711,priest,discipline,89,62,27
22932,Roxeal,archimonde,1711,priest,discipline,192,107,85
22933,Darkshdwbrst,malorne,1711,priest,discipline,205,113,92
22934,Roshmanoff,stormscale,1711,priest,discipline,42,20,22
22935,Эвэргарден,eversong,1711,priest,discipline,96,40,56
22936,Ðarkan,kaelthas,1709,priest,discipline,132,76,56
22937,Mindx,sylvanas,1709,priest,discipline,155,76,79
22938,Trashpriest,blackrock,1708,priest,discipline,47,19,28
22939,Nihpolz,ragnaros,1707,priest,discipline,87,49,38
22940,Kijhun,uldaman,1707,priest,discipline,72,40,32
22941,Xaey,ravencrest,1707,priest,discipline,174,90,84
22942,Лизагодх,howling-fjord,1707,priest,discipline,241,123,118
22943,Holó,stormscale,1707,priest,discipline,36,18,18
22944,Deoxx,kazzak,1707,priest,discipline,108,45,63
22945,Нтти,soulflayer,1706,priest,discipline,30,18,12
22946,Zuniqa,die-aldor,1706,priest,discipline,191,93,98
22947,Samaya,blackrock,1705,priest,discipline,123,56,67
22948,Yukasa,silvermoon,1705,priest,discipline,78,34,44
22949,Kaldhor,ysondre,1705,priest,discipline,71,29,42
22950,Sokratina,ragnaros,1704,priest,discipline,88,58,30
22951,Fulgus,sanguino,1704,priest,discipline,156,77,79
22952,Priewyn,ragnaros,1703,priest,discipline,258,137,121
22953,Убикрофт,soulflayer,1703,priest,discipline,49,24,25
22954,Ampara,thrall,1703,priest,discipline,84,41,43
22955,Psjk,blackrock,1702,priest,discipline,94,49,45
22956,Bockx,ragnaros,1702,priest,discipline,66,27,39
22957,Bekznfiend,ragnaros,1701,priest,discipline,48,22,26
22958,Babybeyle,arakarahm,1701,priest,discipline,77,35,42
22959,Gurgaue,argent-dawn,1701,priest,discipline,53,24,29
22960,Noxr,ravencrest,1701,priest,discipline,68,28,40
22961,Kapts,twisting-nether,1700,priest,discipline,30,18,12
22962,Cctw,archimonde,1699,priest,discipline,42,22,20
22963,Nancey,draenor,1699,priest,discipline,36,18,18
22964,Kirtarah,aegwynn,1699,priest,discipline,148,72,76
22965,Verjin,kazzak,1699,priest,discipline,90,36,54
22966,Кирюшасэмпай,gordunni,1698,priest,discipline,81,42,39
22967,Jämar,archimonde,1698,priest,discipline,60,29,31
22968,Закс,blackscar,1698,priest,discipline,48,22,26
22969,Areyqt,ravencrest,1697,priest,discipline,36,22,14
22970,Gòldfinger,norgannon,1697,priest,discipline,162,76,86
22971,Døppëlápfèl,tarren-mill,1696,priest,discipline,30,20,10
22972,Kahir,ravencrest,1696,priest,discipline,98,52,46
22973,Ssjx,ravencrest,1696,priest,discipline,48,25,23
22974,Kolinamenuss,dun-morogh,1696,priest,discipline,60,27,33
22975,Cptisus,draenor,1696,priest,discipline,72,31,41
22976,Mixoo,throkferoth,1696,priest,discipline,95,40,55
22977,Swdommeil,aegwynn,1695,priest,discipline,48,24,24
22978,Mcdeady,tarren-mill,1695,priest,discipline,72,34,38
22979,Flào,draenor,1694,priest,discipline,42,20,22
22980,Jpucciù,ysondre,1694,priest,discipline,42,18,24
22981,Arlekin,ravencrest,1693,priest,discipline,114,70,44
22982,Nimb,blackrock,1693,priest,discipline,48,24,24
22983,Сонясоукьют,gordunni,1693,priest,discipline,54,26,28
22984,Verweven,twisting-nether,1692,priest,discipline,47,26,21
22985,Efeslol,dun-modr,1692,priest,discipline,190,95,95
22986,Pierrebourne,blackmoore,1692,priest,discipline,48,23,25
22987,Шаастраха,gordunni,1692,priest,discipline,97,44,53
22988,Rêstlêss,blackrock,1690,priest,discipline,65,36,29
22989,Шестьнадцать,gordunni,1689,priest,discipline,107,60,47
22990,Smilézz,eredar,1689,priest,discipline,102,49,53
22991,Wérrýxs,kazzak,1688,priest,discipline,148,83,65
22992,Афганский,gordunni,1688,priest,discipline,46,24,22
22993,Znàdix,silvermoon,1688,priest,discipline,234,122,112
22994,Hrtbrxkn,ravencrest,1687,priest,discipline,64,39,25
22995,Приствалера,howling-fjord,1687,priest,discipline,284,142,142
22996,Mantra,blackmoore,1687,priest,discipline,174,87,87
22997,Berseenreikä,the-venture-co,1687,priest,discipline,60,29,31
22998,Giggí,malganis,1686,priest,discipline,83,44,39
22999,Менестрели,gordunni,1684,priest,discipline,196,118,78
23000,Lerdameur,arakarahm,1684,priest,discipline,36,18,18
23001,Naphell,outland,1684,priest,discipline,102,50,52
23002,Maerlene,nemesis,1684,priest,discipline,57,24,33
23003,Niagarafalls,ragnaros,1683,priest,discipline,72,39,33
23004,Barackomana,blackrock,1683,priest,discipline,114,53,61
23005,Hwren,auchindoun,1682,priest,discipline,90,41,49
23006,Amtoxic,stormscale,1681,priest,discipline,371,186,185
23007,Пустотность,gordunni,1681,priest,discipline,309,152,157
23008,Lizka,kazzak,1681,priest,discipline,54,26,28
23009,Marôs,antonidas,1681,priest,discipline,60,26,34
23010,Donipriest,ravencrest,1680,priest,discipline,66,39,27
23011,Ljusmor,silvermoon,1680,priest,discipline,57,33,24
23012,Swdommeil,blackrock,1680,priest,discipline,36,19,17
23013,Lobbygriefer,ravencrest,1680,priest,discipline,275,144,131
23014,Rngamer,silvermoon,1679,priest,discipline,24,18,6
23015,Sheeash,kazzak,1679,priest,discipline,36,18,18
23016,ßrûm,archimonde,1679,priest,discipline,48,23,25
23017,Mythrixia,draenor,1678,priest,discipline,69,39,30
23018,Sutenör,kazzak,1678,priest,discipline,108,43,65
23019,Kyderr,blackrock,1677,priest,discipline,54,31,23
23020,Шайтсунг,soulflayer,1677,priest,discipline,56,30,26
23021,Ptrspriest,twisting-nether,1676,priest,discipline,117,60,57
23022,Clownspec,twisting-nether,1676,priest,discipline,54,26,28
23023,Jaytï,ravencrest,1675,priest,discipline,36,22,14
23024,Holytopp,aegwynn,1675,priest,discipline,42,25,17
23025,Meltmvp,thrall,1675,priest,discipline,48,25,23
23026,Scarletstory,ravencrest,1675,priest,discipline,148,70,78
23027,Apuessii,dun-modr,1675,priest,discipline,83,36,47
23028,Файкахохо,soulflayer,1675,priest,discipline,59,24,35
23029,Kuraimb,the-maelstrom,1674,priest,discipline,51,26,25
23030,Разрухаовнз,gordunni,1673,priest,discipline,30,22,8
23031,Inoru,stormreaver,1673,priest,discipline,150,79,71
23032,Minipõppy,ravencrest,1673,priest,discipline,196,98,98
23033,Scurrp,aegwynn,1673,priest,discipline,72,36,36
23034,Scarified,aggramar,1673,priest,discipline,48,23,25
23035,Keryin,draenor,1673,priest,discipline,126,52,74
23036,Devotedape,draenor,1672,priest,discipline,83,45,38
23037,Carnegi,burning-legion,1672,priest,discipline,78,42,36
23038,Byef,kazzak,1671,priest,discipline,56,31,25
23039,Kæzm,blackrock,1671,priest,discipline,77,42,35
23040,Anotu,tarren-mill,1670,priest,discipline,36,21,15
23041,Zaak,kazzak,1670,priest,discipline,59,26,33
23042,Traxtoor,tarren-mill,1669,priest,discipline,33,23,10
23043,Mèix,ysondre,1669,priest,discipline,66,39,27
23044,Enzineum,twisting-nether,1669,priest,discipline,36,20,16
23045,Csúforck,ragnaros,1669,priest,discipline,48,26,22
23046,Karanas,archimonde,1669,priest,discipline,54,27,27
23047,Ðiiez,ysondre,1669,priest,discipline,69,33,36
23048,Mohammedx,tarren-mill,1669,priest,discipline,107,50,57
23049,Aist,ragnaros,1669,priest,discipline,48,22,26
23050,Norganp,die-aldor,1668,priest,discipline,74,40,34
23051,Pokahonta,silvermoon,1668,priest,discipline,249,131,118
23052,Títarie,aegwynn,1668,priest,discipline,42,22,20
23053,Jarvinia,blackmoore,1668,priest,discipline,58,28,30
23054,Lindvorm,tarren-mill,1667,priest,discipline,120,61,59
23055,Såra,ravencrest,1667,priest,discipline,54,27,27
23056,Kevokko,silvermoon,1667,priest,discipline,54,23,31
23057,Nolnilian,archimonde,1666,priest,discipline,42,23,19
23058,Lekken,kazzak,1666,priest,discipline,48,26,22
23059,Kollis,twilights-hammer,1666,priest,discipline,243,123,120
23060,Coqa,blackrock,1666,priest,discipline,42,21,21
23061,Salvatíon,sanguino,1666,priest,discipline,236,105,131
23062,Trntypr,senjin,1665,priest,discipline,84,48,36
23063,Bilbobanging,aggramar,1665,priest,discipline,36,19,17
23064,Obbdasknob,ravencrest,1665,priest,discipline,100,51,49
23065,Gehrketwo,silvermoon,1664,priest,discipline,42,24,18
23066,Cathocrasty,draenor,1664,priest,discipline,104,58,46
23067,Worldgamer,blackrock,1664,priest,discipline,84,43,41
23068,Fatalx,grim-batol,1664,priest,discipline,52,23,29
23069,Anheduanna,outland,1663,priest,discipline,763,380,383
23070,Alahkazam,alakir,1663,priest,discipline,56,24,32
23071,Xraid,blackmoore,1662,priest,discipline,42,23,19
23072,Sikaanyo,blackhand,1662,priest,discipline,72,38,34
23073,Эридия,soulflayer,1662,priest,discipline,42,22,20
23074,Dìsclol,draenor,1662,priest,discipline,55,28,27
23075,Cätälin,twisting-nether,1662,priest,discipline,181,88,93
23076,Kaksel,blackrock,1661,priest,discipline,72,38,34
23077,Slimcharles,ravencrest,1660,priest,discipline,201,108,93
23078,Алеброн,gordunni,1660,priest,discipline,54,25,29
23079,Wikpriest,ravencrest,1660,priest,discipline,58,26,32
23080,Twosugars,sylvanas,1659,priest,discipline,120,65,55
23081,Krystynal,archimonde,1659,priest,discipline,47,24,23
23082,Artì,kazzak,1659,priest,discipline,95,45,50
23083,Trashedd,outland,1659,priest,discipline,75,32,43
23084,Holymoly,talnivarr,1659,priest,discipline,96,40,56
23085,Seranà,hyjal,1658,priest,discipline,96,51,45
23086,Yugemilkers,kazzak,1658,priest,discipline,131,66,65
23087,Dispelgodxx,eredar,1658,priest,discipline,54,25,29
23088,Brilho,frostmane,1658,priest,discipline,111,51,60
23089,Ew,shattered-halls,1658,priest,discipline,58,26,32
23090,Nyxoqtxd,ravencrest,1657,priest,discipline,76,43,33
23091,Glyss,draenor,1657,priest,discipline,66,36,30
23092,Bizqit,tarren-mill,1657,priest,discipline,185,99,86
23093,Krottus,antonidas,1657,priest,discipline,53,28,25
23094,Assacine,aegwynn,1657,priest,discipline,59,31,28
23095,Violentha,kazzak,1657,priest,discipline,114,59,55
23096,Вакариия,soulflayer,1657,priest,discipline,35,18,17
23097,Nocdsusage,draenor,1657,priest,discipline,214,107,107
23098,Lorimac,dun-modr,1656,priest,discipline,183,90,93
23099,Kaleycuoco,blackrock,1656,priest,discipline,78,36,42
23100,Swdjack,blackrock,1655,priest,discipline,174,85,89
23101,Wasnezov,blackhand,1654,priest,discipline,82,39,43
23102,Hexonite,burning-legion,1653,priest,discipline,42,25,17
23103,Йефа,gordunni,1653,priest,discipline,42,23,19
23104,Lowery,argent-dawn,1653,priest,discipline,48,22,26
23105,Ayoutbt,ravencrest,1652,priest,discipline,42,22,20
23106,Mysticmäc,aegwynn,1652,priest,discipline,54,26,28
23107,Tryhàrdx,stormscale,1652,priest,discipline,54,25,29
23108,Blackbertha,ravencrest,1652,priest,discipline,144,66,78
23109,Youngfade,twisting-nether,1652,priest,discipline,52,21,31
23110,Danina,outland,1651,priest,discipline,76,44,32
23111,Alesthion,silvermoon,1651,priest,discipline,110,62,48
23112,Syntara,twisting-nether,1651,priest,discipline,394,207,187
23113,Danucd,ragnaros,1650,priest,discipline,206,124,82
23114,Pedopräst,stormscale,1650,priest,discipline,72,39,33
23115,Неох,gordunni,1650,priest,discipline,54,29,25
23116,Llamamepadre,dun-modr,1650,priest,discipline,54,28,26
23117,Olurin,rajaxx,1650,priest,discipline,60,25,35
23118,Zoophobîa,stormscale,1649,priest,discipline,42,22,20
23119,Dathanosp,outland,1649,priest,discipline,48,25,23
23120,Элишана,deathguard,1649,priest,discipline,111,54,57
23121,Wonderdispel,ragnaros,1649,priest,discipline,78,31,47
23122,Chèéks,kazzak,1648,priest,discipline,72,43,29
23123,Gravebrain,draenor,1648,priest,discipline,226,112,114
23124,Joeelz,blackmoore,1647,priest,discipline,36,25,11
23125,Mopriest,eredar,1647,priest,discipline,50,31,19
23126,Ðæððÿsgïrl,ravencrest,1647,priest,discipline,171,89,82
23127,Targolina,argent-dawn,1647,priest,discipline,265,134,131
23128,Ahpøual,archimonde,1647,priest,discipline,180,89,91
23129,Sills,twisting-nether,1647,priest,discipline,53,23,30
23130,Følísh,hyjal,1646,priest,discipline,54,38,16
23131,Strawhât,eredar,1646,priest,discipline,53,31,22
23132,Tøxicboy,ravencrest,1646,priest,discipline,89,48,41
23133,Watchmedark,ravencrest,1646,priest,discipline,42,21,21
23134,Yzina,archimonde,1646,priest,discipline,48,21,27
23135,Èzì,burning-legion,1645,priest,discipline,118,60,58
23136,Zyrean,bronzebeard,1645,priest,discipline,52,25,27
23137,Gødisc,blackrock,1644,priest,discipline,36,23,13
23138,Rmt,darksorrow,1644,priest,discipline,42,23,19
23139,Freddyprinze,ravencrest,1643,priest,discipline,75,42,33
23140,Awcute,kazzak,1643,priest,discipline,244,118,126
23141,Shadowbread,tarren-mill,1642,priest,discipline,90,47,43
23142,Пристижнаяя,gordunni,1642,priest,discipline,85,43,42
23143,Cinnamoroll,ravencrest,1642,priest,discipline,54,26,28
23144,Walkmydome,twisting-nether,1641,priest,discipline,144,73,71
23145,Virdeo,aegwynn,1641,priest,discipline,48,24,24
23146,Репабликуес,gordunni,1641,priest,discipline,36,18,18
23147,Trevorlahey,draenor,1641,priest,discipline,94,46,48
23148,Duqes,stormreaver,1640,priest,discipline,24,19,5
23149,Xtracheesy,ragnaros,1640,priest,discipline,72,45,27
23150,Fluvnidi,ravencrest,1640,priest,discipline,66,38,28
23151,Azrella,ravencrest,1640,priest,discipline,48,25,23
23152,Phucme,deathwing,1640,priest,discipline,54,23,31
23153,Pentøs,archimonde,1639,priest,discipline,32,18,14
23154,Сосиска,deathguard,1639,priest,discipline,35,18,17
23155,Vigodis,alleria,1638,priest,discipline,150,83,67
23156,Dzyxx,ravencrest,1638,priest,discipline,42,23,19
23157,Eliverax,outland,1638,priest,discipline,122,58,64
23158,Zanshin,ravencrest,1637,priest,discipline,29,18,11
23159,Legitha,blackmoore,1637,priest,discipline,39,22,17
23160,Tuitio,blackmoore,1637,priest,discipline,83,46,37
23161,Gimeurgold,aegwynn,1637,priest,discipline,42,21,21
23162,Schlämpie,blackmoore,1637,priest,discipline,73,32,41
23163,Randmbare,nemesis,1636,priest,discipline,36,21,15
23164,Ванальная,soulflayer,1636,priest,discipline,42,21,21
23165,Milania,ravencrest,1636,priest,discipline,118,57,61
23166,Waaqa,outland,1636,priest,discipline,69,28,41
23167,Réquell,twisting-nether,1635,priest,discipline,30,19,11
23168,Nintendó,sylvanas,1635,priest,discipline,90,46,44
23169,Yûnalescá,blackmoore,1634,priest,discipline,82,44,38
23170,Аая,blackscar,1634,priest,discipline,96,49,47
23171,Wraithtrippz,stormscale,1634,priest,discipline,210,105,105
23172,Tansk,stormscale,1633,priest,discipline,150,87,63
23173,Kuqezi,archimonde,1633,priest,discipline,72,41,31
23174,Jhaazx,nemesis,1633,priest,discipline,209,113,96
23175,Toxp,kazzak,1633,priest,discipline,74,32,42
23176,Аэтпио,soulflayer,1633,priest,discipline,54,23,31
23177,Yameru,stormreaver,1633,priest,discipline,60,22,38
23178,Misántropo,dun-modr,1632,priest,discipline,59,38,21
23179,Хербоб,howling-fjord,1632,priest,discipline,108,54,54
23180,Sakulus,malganis,1632,priest,discipline,42,21,21
23181,Rankoneprazt,stormscale,1632,priest,discipline,77,37,40
23182,Babywayn,onyxia,1631,priest,discipline,194,105,89
23183,Eyecry,sylvanas,1631,priest,discipline,81,43,38
23184,Nooway,kazzak,1631,priest,discipline,108,55,53
23185,Snutz,draenor,1631,priest,discipline,42,21,21
23186,Ankus,tarren-mill,1631,priest,discipline,48,23,25
23187,Eluveitieq,kazzak,1630,priest,discipline,101,54,47
23188,Luckystar,grim-batol,1630,priest,discipline,65,33,32
23189,Choron,kult-der-verdammten,1630,priest,discipline,107,50,57
23190,Burnesenbois,chogall,1630,priest,discipline,47,18,29
23191,Vregoa,twisting-nether,1629,priest,discipline,71,42,29
23192,Bebwaz,kazzak,1629,priest,discipline,60,33,27
23193,Kolinamenus,dun-morogh,1629,priest,discipline,142,73,69
23194,Acidrops,hyjal,1629,priest,discipline,48,22,26
23195,Frojka,outland,1629,priest,discipline,42,19,23
23196,Japral,blackhand,1628,priest,discipline,36,25,11
23197,Мэдсанван,howling-fjord,1628,priest,discipline,132,75,57
23198,Leviakerman,blackrock,1628,priest,discipline,42,18,24
23199,Шатолюгран,soulflayer,1627,priest,discipline,82,55,27
23200,Sølvfox,stormscale,1627,priest,discipline,42,25,17
23201,Bambus,shattered-hand,1627,priest,discipline,48,28,20
23202,Нз,soulflayer,1627,priest,discipline,47,23,24
23203,Kaiikoo,ravencrest,1627,priest,discipline,36,17,19
23204,Aleluia,alonsus,1627,priest,discipline,99,43,56
23205,Epa,zuljin,1626,priest,discipline,54,32,22
23206,Tylér,stormscale,1626,priest,discipline,90,52,38
23207,Хомие,soulflayer,1626,priest,discipline,85,44,41
23208,Élsias,blackmoore,1626,priest,discipline,42,21,21
23209,Discxqt,ysondre,1625,priest,discipline,83,51,32
23210,Asgà,stormscale,1625,priest,discipline,30,17,13
23211,Pepeflex,draenor,1625,priest,discipline,79,38,41
23212,Luuña,ravencrest,1624,priest,discipline,161,92,69
23213,Garsdal,tarren-mill,1624,priest,discipline,78,43,35
23214,Alicewhydel,blackhand,1624,priest,discipline,46,23,23
23215,Farae,arathor,1624,priest,discipline,44,19,25
23216,Spbosse,aszune,1623,priest,discipline,54,33,21
23217,Fricia,zuljin,1623,priest,discipline,65,38,27
23218,Artist,outland,1623,priest,discipline,30,17,13
23219,Nelielto,stormscale,1622,priest,discipline,28,21,7
23220,Djleffe,stormscale,1622,priest,discipline,39,23,16
23221,Lerión,ravencrest,1622,priest,discipline,104,60,44
23222,Mnu,blackrock,1622,priest,discipline,52,30,22
23223,Мплехибои,gordunni,1622,priest,discipline,54,30,24
23224,Feed,burning-legion,1622,priest,discipline,84,45,39
23225,Кролс,gordunni,1622,priest,discipline,42,22,20
23226,Двелегитоп,howling-fjord,1621,priest,discipline,36,23,13
23227,Zinzor,archimonde,1621,priest,discipline,61,37,24
23228,Babybelle,arakarahm,1621,priest,discipline,61,33,28
23229,Sotriggered,sylvanas,1621,priest,discipline,36,17,19
23230,Mindfiend,stormscale,1621,priest,discipline,81,37,44
23231,Angelofdeàth,kazzak,1620,priest,discipline,120,72,48
23232,Mautijr,blackrock,1620,priest,discipline,284,153,131
23233,Shallteár,doomhammer,1620,priest,discipline,192,94,98
23234,Outtloor,twisting-nether,1619,priest,discipline,39,25,14
23235,Holyasprin,sylvanas,1619,priest,discipline,48,27,21
23236,Wifta,ravencrest,1619,priest,discipline,54,30,24
23237,Szelén,ragnaros,1619,priest,discipline,54,29,25
23238,Abudhabi,blackhand,1619,priest,discipline,374,187,187
23239,Melord,thunderhorn,1618,priest,discipline,44,27,17
23240,Mønsterx,kazzak,1618,priest,discipline,64,37,27
23241,Fainttnt,stormscale,1618,priest,discipline,54,22,32
23242,Medipack,khaz-modan,1617,priest,discipline,54,38,16
23243,Stargal,blackmoore,1617,priest,discipline,30,21,9
23244,Prost,aerie-peak,1617,priest,discipline,71,47,24
23245,Yoii,nemesis,1617,priest,discipline,40,26,14
23246,Uivi,azjolnerub,1617,priest,discipline,30,17,13
23247,Hamati,blackhand,1617,priest,discipline,138,77,61
23248,Valadaris,outland,1617,priest,discipline,48,26,22
23249,Cultaken,kazzak,1617,priest,discipline,58,30,28
23250,Asherá,kazzak,1617,priest,discipline,94,41,53
23251,Notnowelf,silvermoon,1617,priest,discipline,48,20,28
23252,Mikeypi,laughing-skull,1616,priest,discipline,36,25,11
23253,Isweariheal,twisting-nether,1616,priest,discipline,58,37,21
23254,Kekkonh,sylvanas,1616,priest,discipline,30,17,13
23255,Blerd,eredar,1616,priest,discipline,41,23,18
23256,Saniss,tarren-mill,1616,priest,discipline,78,39,39
23257,Binder,tarren-mill,1616,priest,discipline,60,26,34
23258,Krolox,blackhand,1616,priest,discipline,60,25,35
23259,Èightsix,draenor,1615,priest,discipline,161,88,73
23260,Athelsta,alleria,1615,priest,discipline,81,43,38
23261,Pshan,blackmoore,1615,priest,discipline,170,87,83
23262,Tricavla,frostmane,1615,priest,discipline,90,45,45
23263,Pehmoinen,korgall,1615,priest,discipline,108,53,55
23264,Nzothapostle,baelgun,1615,priest,discipline,183,86,97
23265,Mythasz,archimonde,1615,priest,discipline,52,21,31
23266,Kavrack,dalaran,1614,priest,discipline,30,17,13
23267,Jmp,tarren-mill,1614,priest,discipline,40,21,19
23268,Feardotexe,frostwolf,1614,priest,discipline,163,82,81
23269,Çiione,archimonde,1614,priest,discipline,47,20,27
23270,Seemedotin,aegwynn,1613,priest,discipline,24,17,7
23271,Gnzysan,blackrock,1613,priest,discipline,66,39,27
23272,Targoviste,archimonde,1613,priest,discipline,389,210,179
23273,Jp,gorgonnash,1613,priest,discipline,42,21,21
23274,Zýgzäg,hyjal,1613,priest,discipline,172,81,91
23275,Burningheatx,kazzak,1612,priest,discipline,65,44,21
23276,Cptatonement,draenor,1612,priest,discipline,60,30,30
23277,Xoxogg,burning-blade,1611,priest,discipline,108,69,39
23278,Matwucss,outland,1611,priest,discipline,42,25,17
23279,Verminous,ravencrest,1611,priest,discipline,68,38,30
23280,Shadowboness,twisting-nether,1611,priest,discipline,58,31,27
23281,Cestrial,sylvanas,1611,priest,discipline,50,26,24
23282,Judgementdaý,kazzak,1610,priest,discipline,30,20,10
23283,Holyblóod,kazzak,1610,priest,discipline,30,17,13
23284,Liviúss,draenor,1610,priest,discipline,90,49,41
23285,Jibrael,draenor,1610,priest,discipline,84,40,44
23286,Viu,eredar,1610,priest,discipline,51,22,29
23287,Zychopriest,antonidas,1610,priest,discipline,42,17,25
23288,Holyshiz,stormrage,1609,priest,discipline,42,24,18
23289,Kdot,drakthul,1609,priest,discipline,86,48,38
23290,Fazzy,nagrand,1609,priest,discipline,76,41,35
23291,Babibayle,arakarahm,1609,priest,discipline,36,17,19
23292,Жентельмен,deathguard,1609,priest,discipline,66,24,42
23293,Tremrfinger,dun-modr,1608,priest,discipline,104,60,44
23294,Fakecats,sargeras,1608,priest,discipline,51,22,29
23295,Zehakky,tarren-mill,1607,priest,discipline,145,82,63
23296,Aurosa,argent-dawn,1607,priest,discipline,117,61,56
23297,Шмэтар,gordunni,1607,priest,discipline,48,25,23
23298,Bercxu,ragnaros,1607,priest,discipline,87,45,42
23299,Cizer,kazzak,1607,priest,discipline,116,57,59
23300,Zloyvrach,ravencrest,1607,priest,discipline,126,60,66
23301,Tepevelf,dun-modr,1607,priest,discipline,153,68,85
23302,Whýççpèrx,ravencrest,1606,priest,discipline,36,20,16
23303,Solaçe,antonidas,1606,priest,discipline,48,26,22
23304,Deepsea,kazzak,1606,priest,discipline,395,191,204
23305,Диспайзх,gordunni,1606,priest,discipline,186,88,98
23306,Тыкофка,gordunni,1606,priest,discipline,113,52,61
23307,Anabølixx,ravencrest,1605,priest,discipline,36,23,13
23308,Gotikaa,blackrock,1604,priest,discipline,48,29,19
23309,Saénna,burning-legion,1604,priest,discipline,44,22,22
23310,Laonar,silvermoon,1603,priest,discipline,127,79,48
23311,Thejambura,ragnaros,1603,priest,discipline,116,71,45
23312,Tabaç,stormscale,1603,priest,discipline,36,21,15
23313,Mcdced,archimonde,1603,priest,discipline,90,45,45
23314,Хилботгодикс,borean-tundra,1602,priest,discipline,42,32,10
23315,Iløvelena,ravencrest,1602,priest,discipline,39,23,16
23316,Zurlyne,ravencrest,1602,priest,discipline,39,22,17
23317,Хеликси,gordunni,1602,priest,discipline,235,127,108
23318,Cadierna,argent-dawn,1602,priest,discipline,42,19,23
23319,Flygar,outland,1602,priest,discipline,60,27,33
23320,Jackboss,draenor,1602,priest,discipline,74,31,43
23321,Alpháømegá,outland,1602,priest,discipline,42,17,25
23322,Lahammy,kazzak,1601,priest,discipline,50,30,20
23323,Tritíana,blackrock,1601,priest,discipline,186,107,79
23324,Ashuramaru,drakthul,1601,priest,discipline,47,24,23
23325,Tingoess,silvermoon,1601,priest,discipline,42,21,21
23326,Мастди,ashenvale,1601,priest,discipline,41,20,21
23327,Xîz,silvermoon,1601,priest,discipline,66,32,34
23328,Yro,gorgonnash,1601,priest,discipline,42,20,22
23329,Stampo,draenor,1601,priest,discipline,70,32,38
23330,Enzysama,sanguino,1601,priest,discipline,48,21,27
23331,Киллус,ashenvale,1601,priest,discipline,72,29,43
23332,Lgbtgodx,archimonde,1600,priest,discipline,61,45,16
23333,Ellfle,kazzak,1600,priest,discipline,42,26,16
23334,Trì,thrall,1600,priest,discipline,35,20,15
23335,Dêrbómbêr,guldan,1600,priest,discipline,54,30,24
23336,Sinîra,frostwolf,1600,priest,discipline,110,59,51
23337,Anaqt,silvermoon,1600,priest,discipline,290,151,139
23338,Shinjicum,kazzak,1600,priest,discipline,126,65,61
23339,Darkprist,sanguino,1600,priest,discipline,66,34,32
23340,Xangha,burning-legion,1600,priest,discipline,264,133,131
23341,Foh,antonidas,1600,priest,discipline,36,17,19
23342,Interrupted,kazzak,1600,priest,discipline,66,30,36
23343,Shento,blackhand,1600,priest,discipline,48,21,27
23344,Noviriel,argent-dawn,1600,priest,discipline,47,19,28
23345,Marícanqt,tarren-mill,1599,priest,discipline,30,23,7
23346,Подчинись,ashenvale,1599,priest,discipline,110,67,43
23347,Géèk,alakir,1599,priest,discipline,100,52,48
23348,Yungblessing,stormscale,1599,priest,discipline,36,17,19
23349,Fäke,dunemaul,1598,priest,discipline,71,45,26
23350,Horrðr,kazzak,1597,priest,discipline,102,55,47
23351,Savagex,dun-modr,1597,priest,discipline,102,52,50
23352,Semagdnim,aggra-português,1597,priest,discipline,51,19,32
23353,Sebikpri,ravencrest,1596,priest,discipline,60,34,26
23354,Coldyxz,blackrock,1596,priest,discipline,36,19,17
23355,Lauriinda,culte-de-la-rive-noire,1596,priest,discipline,159,82,77
23356,Баблби,soulflayer,1596,priest,discipline,169,73,96
23357,Aédeira,blackhand,1596,priest,discipline,47,20,27
23358,Alèxy,tarren-mill,1596,priest,discipline,48,19,29
23359,Dush,draenor,1595,priest,discipline,56,31,25
23360,Shalvy,aegwynn,1595,priest,discipline,206,105,101
23361,Ислейн,howling-fjord,1595,priest,discipline,53,19,34
23362,Eyllise,ragnaros,1594,priest,discipline,285,148,137
23363,Hâlez,antonidas,1594,priest,discipline,392,202,190
23364,Padisonfire,blackmoore,1593,priest,discipline,48,19,29
23365,Lavendertown,tarren-mill,1592,priest,discipline,38,22,16
23366,Øk,draenor,1592,priest,discipline,42,22,20
23367,Badorange,kazzak,1592,priest,discipline,59,29,30
23368,Артфуул,howling-fjord,1591,priest,discipline,36,17,19
23369,Yacine,blackrock,1591,priest,discipline,102,48,54
23370,Øbz,sylvanas,1591,priest,discipline,72,31,41
23371,Absôlutvôdka,twisting-nether,1588,priest,discipline,54,30,24
23372,Nexìan,ravencrest,1588,priest,discipline,48,23,25
23373,Beabanane,aegwynn,1588,priest,discipline,103,48,55
23374,Yøløswagg,silvermoon,1588,priest,discipline,54,25,29
23375,Foobi,the-maelstrom,1587,priest,discipline,340,181,159
23376,Vänskap,kazzak,1587,priest,discipline,132,65,67
23377,Darknun,aggra-português,1587,priest,discipline,65,29,36
23378,Tâmshi,dun-modr,1586,priest,discipline,30,17,13
23379,Gepeitschter,frostwolf,1586,priest,discipline,191,98,93
23380,Toba,hellscream,1585,priest,discipline,113,65,48
23381,Sosabgd,azjolnerub,1585,priest,discipline,30,17,13
23382,Grimdream,ragnaros,1585,priest,discipline,176,87,89
23383,Sahorie,archimonde,1584,priest,discipline,135,79,56
23384,Copperpriest,draenor,1584,priest,discipline,68,35,33
23385,Skynoxx,ragnaros,1584,priest,discipline,114,56,58
23386,Vanillå,silvermoon,1584,priest,discipline,70,34,36
23387,Dreythan,stormrage,1584,priest,discipline,74,33,41
23388,Олдмэнсэйд,soulflayer,1583,priest,discipline,122,63,59
23389,Dotzey,outland,1583,priest,discipline,41,19,22
23390,Blazekk,sylvanas,1583,priest,discipline,91,41,50
23391,Соулвардинг,soulflayer,1583,priest,discipline,60,26,34
23392,Logath,archimonde,1582,priest,discipline,30,17,13
23393,Rylpriest,blackmoore,1582,priest,discipline,30,17,13
23394,Phamy,antonidas,1582,priest,discipline,41,21,20
23395,Healdeal,stormscale,1582,priest,discipline,244,115,129
23396,Амберис,gordunni,1581,priest,discipline,54,27,27
23397,Nÿpô,hyjal,1581,priest,discipline,50,25,25
23398,Чилюнахиле,gordunni,1581,priest,discipline,71,23,48
23399,Botstyleswdx,ravencrest,1580,priest,discipline,154,70,84
23400,Slikjar,stormscale,1580,priest,discipline,58,24,34
23401,Raffá,blackhand,1579,priest,discipline,68,27,41
23402,Алуан,blackscar,1579,priest,discipline,48,17,31
23403,Fsnx,sylvanas,1578,priest,discipline,34,22,12
23404,Holineß,burning-blade,1578,priest,discipline,84,51,33
23405,Lethalhealz,outland,1578,priest,discipline,223,115,108
23406,Blindmymind,malganis,1578,priest,discipline,59,30,29
23407,Riptile,outland,1578,priest,discipline,70,33,37
23408,Averagenoob,ragnaros,1578,priest,discipline,54,25,29
23409,Maccz,hyjal,1577,priest,discipline,68,32,36
23410,Bengtas,ravencrest,1577,priest,discipline,111,47,64
23411,Shadowfishey,grim-batol,1577,priest,discipline,42,17,25
23412,Макимасама,gordunni,1576,priest,discipline,49,26,23
23413,Parzivál,argent-dawn,1576,priest,discipline,101,44,57
23414,Флафика,deathguard,1575,priest,discipline,78,45,33
23415,Skyløl,dun-modr,1575,priest,discipline,36,19,17
23416,Leyasu,eredar,1574,priest,discipline,57,31,26
23417,Alexpriest,twisting-nether,1574,priest,discipline,322,164,158
23418,Люблюкофе,deathguard,1574,priest,discipline,65,32,33
23419,Aia,tyrande,1573,priest,discipline,88,41,47
23420,Patriamore,jaedenar,1572,priest,discipline,34,18,16
23421,Nyarlatothep,boulderfist,1572,priest,discipline,148,77,71
23422,Limeslayerx,veklor,1571,priest,discipline,36,20,16
23423,Yîrâ,antonidas,1571,priest,discipline,60,31,29
23424,Jempi,argent-dawn,1570,priest,discipline,78,45,33
23425,Colèy,blackhand,1570,priest,discipline,126,71,55
23426,Miikkap,blackhand,1570,priest,discipline,60,29,31
23427,Holysheett,magtheridon,1569,priest,discipline,102,58,44
23428,Hèmera,tichondrius,1568,priest,discipline,55,41,14
23429,Pipperxp,ravencrest,1568,priest,discipline,48,31,17
23430,Yënâs,hyjal,1567,priest,discipline,109,63,46
23431,Døgfîsh,stormscale,1567,priest,discipline,36,19,17
23432,Trénboloné,tarren-mill,1567,priest,discipline,36,18,18
23433,Smitebone,tarren-mill,1567,priest,discipline,72,29,43
23434,Lilpi,rexxar,1566,priest,discipline,93,52,41
23435,Southyz,stormscale,1566,priest,discipline,105,58,47
23436,Denyz,blackrock,1566,priest,discipline,54,21,33
23437,Aternia,draenor,1565,priest,discipline,83,45,38
23438,Waffur,twisting-nether,1565,priest,discipline,35,18,17
23439,Mysticforces,silvermoon,1564,priest,discipline,72,32,40
23440,Симпоз,howling-fjord,1564,priest,discipline,48,19,29
23441,Tifa,ravencrest,1563,priest,discipline,60,35,25
23442,Acrio,die-ewige-wacht,1563,priest,discipline,66,33,33
23443,Alicanx,twisting-nether,1563,priest,discipline,84,37,47
23444,Unfaker,drakthul,1562,priest,discipline,36,23,13
23445,Mamabeer,draenor,1561,priest,discipline,78,48,30
23446,Neverlandx,bladefist,1561,priest,discipline,36,21,15
23447,Uo,kilrogg,1561,priest,discipline,78,40,38
23448,Veltrag,sanguino,1560,priest,discipline,60,34,26
23449,Fantästic,kazzak,1559,priest,discipline,122,69,53
23450,Рвотка,gordunni,1559,priest,discipline,124,68,56
23451,Architectx,ravencrest,1559,priest,discipline,63,28,35
23452,Prästmåns,tarren-mill,1558,priest,discipline,84,35,49
23453,Rasha,kazzak,1557,priest,discipline,93,55,38
23454,Anbish,burning-legion,1557,priest,discipline,134,74,60
23455,Lishado,twisting-nether,1557,priest,discipline,96,49,47
23456,Wencis,kazzak,1557,priest,discipline,66,33,33
23457,Пальтишко,howling-fjord,1557,priest,discipline,96,45,51
23458,Raawri,blackmoore,1557,priest,discipline,54,24,30
23459,Tamy,draenor,1556,priest,discipline,62,33,29
23460,Träskfarfar,tarren-mill,1556,priest,discipline,42,20,22
23461,Валифа,gordunni,1555,priest,discipline,50,32,18
23462,Enimao,tarren-mill,1555,priest,discipline,43,24,19
23463,Vhim,hyjal,1555,priest,discipline,52,24,28
23464,Fearadelia,thrall,1554,priest,discipline,24,18,6
23465,Frednshield,tarren-mill,1554,priest,discipline,69,34,35
23466,Gød,magtheridon,1554,priest,discipline,102,46,56
23467,Edoran,ragnaros,1553,priest,discipline,91,49,42
23468,Рэйкар,razuvious,1553,priest,discipline,65,33,32
23469,Khâléd,kazzak,1553,priest,discipline,36,17,19
23470,Dîablø,eredar,1553,priest,discipline,42,19,23
23471,Juggster,bloodhoof,1552,priest,discipline,174,91,83
23472,Простосори,gordunni,1552,priest,discipline,456,221,235
23473,Cinri,argent-dawn,1552,priest,discipline,223,108,115
23474,Cresellia,twisting-nether,1552,priest,discipline,170,81,89
23475,Deathspren,stormscale,1552,priest,discipline,42,19,23
23476,Holycrapx,chromaggus,1551,priest,discipline,80,41,39
23477,Расспутана,howling-fjord,1551,priest,discipline,320,158,162
23478,Korzec,dun-modr,1550,priest,discipline,108,57,51
23479,Jandice,blackrock,1550,priest,discipline,36,18,18
23480,Glaedahr,blackmoore,1550,priest,discipline,42,18,24
23481,Pewpewpew,krasus,1549,priest,discipline,30,20,10
23482,Надийя,gordunni,1549,priest,discipline,120,68,52
23483,Evõmax,sylvanas,1549,priest,discipline,161,87,74
23484,Xaerah,blackmoore,1549,priest,discipline,78,41,37
23485,Skaliq,tarren-mill,1549,priest,discipline,147,77,70
23486,Arkkinunna,outland,1549,priest,discipline,124,59,65
23487,Légít,argent-dawn,1549,priest,discipline,84,32,52
23488,Húlda,auchindoun,1548,priest,discipline,48,24,24
23489,Sbeecha,argent-dawn,1548,priest,discipline,54,26,28
23490,Sonics,antonidas,1548,priest,discipline,66,31,35
23491,Bandulskii,twisting-nether,1548,priest,discipline,239,111,128
23492,Troedelsuppe,destromath,1548,priest,discipline,162,67,95
23493,Джахия,soulflayer,1547,priest,discipline,151,83,68
23494,Snusprällen,sylvanas,1547,priest,discipline,47,22,25
23495,Bubbelchên,blackhand,1547,priest,discipline,66,28,38
23496,Systerstål,twisting-nether,1546,priest,discipline,84,48,36
23497,Árî,dun-modr,1546,priest,discipline,117,66,51
23498,Forcedtoheal,sylvanas,1546,priest,discipline,55,31,24
23499,Anarame,silvermoon,1546,priest,discipline,45,24,21
23500,Exoduz,stormscale,1546,priest,discipline,169,84,85
23501,Poonies,silvermoon,1546,priest,discipline,124,61,63
23502,Effectx,stormscale,1546,priest,discipline,78,37,41
23503,Alphabreyf,tarren-mill,1545,priest,discipline,83,43,40
23504,Labadudala,aegwynn,1544,priest,discipline,48,32,16
23505,Hérune,outland,1544,priest,discipline,51,25,26
23506,Diszi,norgannon,1544,priest,discipline,58,28,30
23507,Rezzurrectum,doomhammer,1544,priest,discipline,81,39,42
23508,Bunnydisc,outland,1543,priest,discipline,36,17,19
23509,Mêmphìs,twisting-nether,1543,priest,discipline,83,38,45
23510,Admiration,eredar,1542,priest,discipline,47,23,24
23511,Батямелднул,blackscar,1541,priest,discipline,60,36,24
23512,Mtbalt,tarren-mill,1541,priest,discipline,120,71,49
23513,Gingerflexay,archimonde,1541,priest,discipline,36,21,15
23514,Dreamscapez,tarren-mill,1541,priest,discipline,47,26,21
23515,Toorree,stormscale,1541,priest,discipline,113,62,51
23516,Tjat,silvermoon,1540,priest,discipline,66,34,32
23517,Whiskie,twisting-nether,1540,priest,discipline,60,30,30
23518,Soraal,argent-dawn,1540,priest,discipline,54,27,27
23519,Psi,hakkar,1540,priest,discipline,36,18,18
23520,Nubso,aegwynn,1540,priest,discipline,36,18,18
23521,Grzmocillaa,burning-legion,1540,priest,discipline,54,26,28
23522,Voidsnitch,antonidas,1540,priest,discipline,66,30,36
23523,Safemode,ravencrest,1539,priest,discipline,42,24,18
23524,Aasgard,frostwolf,1539,priest,discipline,78,40,38
23525,Keyfear,kazzak,1539,priest,discipline,87,44,43
23526,Grautesk,chogall,1539,priest,discipline,48,23,25
23527,Disillusíon,tarren-mill,1539,priest,discipline,102,48,54
23528,Влажныйшп,soulflayer,1538,priest,discipline,66,37,29
23529,Alsalty,stormscale,1538,priest,discipline,43,18,25
23530,Ptsd,argent-dawn,1537,priest,discipline,96,46,50
23531,Aphroditê,blackrock,1536,priest,discipline,34,19,15
23532,Softie,zuljin,1536,priest,discipline,66,34,32
23533,Dnsxx,thrall,1536,priest,discipline,491,247,244
23534,Styilepriest,twisting-nether,1536,priest,discipline,36,18,18
23535,Drpaw,tarren-mill,1536,priest,discipline,86,39,47
23536,Verzeichnis,thrall,1535,priest,discipline,130,76,54
23537,Saintpri,twisting-nether,1535,priest,discipline,96,52,44
23538,Avgenjoyer,kazzak,1535,priest,discipline,162,77,85
23539,Chamelthoe,the-maelstrom,1535,priest,discipline,108,51,57
23540,Sorrybowtdat,tarren-mill,1535,priest,discipline,66,31,35
23541,Goblex,hyjal,1535,priest,discipline,63,28,35
23542,Майндоф,howling-fjord,1534,priest,discipline,60,34,26
23543,Discomacka,twisting-nether,1534,priest,discipline,48,26,22
23544,Scodây,blackmoore,1534,priest,discipline,230,117,113
23545,Buan,blackmoore,1533,priest,discipline,63,39,24
23546,Aêbi,dalaran,1533,priest,discipline,36,21,15
23547,Tinre,ravenholdt,1533,priest,discipline,48,23,25
23548,Valnor,pozzo-delleternità,1532,priest,discipline,57,27,30
23549,Фыбра,soulflayer,1531,priest,discipline,30,16,14
23550,Вилайф,galakrond,1531,priest,discipline,64,32,32
23551,Darkprofit,aegwynn,1531,priest,discipline,113,56,57
23552,Wiildsy,tarren-mill,1531,priest,discipline,53,24,29
23553,Shielddanke,blackmoore,1531,priest,discipline,48,21,27
23554,Ectria,ravencrest,1531,priest,discipline,54,22,32
23555,Амбракадабра,blackscar,1530,priest,discipline,36,26,10
23556,Lurri,tarren-mill,1530,priest,discipline,108,56,52
23557,Tutoress,stormscale,1530,priest,discipline,48,23,25
23558,Swallowship,twisting-nether,1530,priest,discipline,36,16,20
23559,Omgitshuux,blackmoore,1530,priest,discipline,54,23,31
23560,Remkojatwo,blackrock,1529,priest,discipline,30,16,14
23561,Devilitry,tarren-mill,1529,priest,discipline,129,62,67
23562,Onelovexx,thrall,1529,priest,discipline,60,28,32
23563,Srakabot,burning-legion,1529,priest,discipline,72,33,39
23564,Уэйнестелл,booty-bay,1529,priest,discipline,36,16,20
23565,Ihaveibs,doomhammer,1528,priest,discipline,53,26,27
23566,Nevor,nemesis,1528,priest,discipline,124,57,67
23567,Anyndra,twisting-nether,1527,priest,discipline,36,22,14
23568,Keewix,ysondre,1527,priest,discipline,84,43,41
23569,Dêxter,hyjal,1527,priest,discipline,102,51,51
23570,Интенси,gordunni,1527,priest,discipline,84,39,45
23571,Aïezn,culte-de-la-rive-noire,1527,priest,discipline,194,88,106
23572,Nightreaver,argent-dawn,1526,priest,discipline,57,32,25
23573,Dyliz,stormscale,1526,priest,discipline,99,50,49
23574,Ohbenji,ravencrest,1526,priest,discipline,122,59,63
23575,Sethp,hyjal,1525,priest,discipline,30,21,9
23576,Huffinctus,tarren-mill,1525,priest,discipline,112,59,53
23577,Terno,sylvanas,1525,priest,discipline,309,152,157
23578,Nurbanu,ravencrest,1524,priest,discipline,77,49,28
23579,Sebekklawl,wrathbringer,1524,priest,discipline,52,29,23
23580,Enoriya,blackrock,1524,priest,discipline,259,140,119
23581,Elämäntypy,stormscale,1524,priest,discipline,90,45,45
23582,Teradros,blackhand,1523,priest,discipline,30,16,14
23583,Zoe,aegwynn,1523,priest,discipline,213,112,101
23584,Chôrdi,aegwynn,1523,priest,discipline,154,76,78
23585,Cyberlunatic,antonidas,1523,priest,discipline,144,65,79
23586,Виспх,eversong,1523,priest,discipline,269,120,149
23587,Dtpe,kazzak,1522,priest,discipline,81,50,31
23588,Raeratwo,archimonde,1522,priest,discipline,30,16,14
23589,Lythi,eredar,1522,priest,discipline,118,52,66
23590,Гачибунта,blackscar,1521,priest,discipline,101,61,40
23591,Ёджих,blackscar,1521,priest,discipline,109,55,54
23592,Prästpojken,frostwhisper,1521,priest,discipline,137,65,72
23593,Sehek,sanguino,1521,priest,discipline,48,21,27
23594,Ostberger,twisting-nether,1520,priest,discipline,197,112,85
23595,Drxz,twilights-hammer,1520,priest,discipline,46,24,22
23596,Chrispriest,argent-dawn,1520,priest,discipline,38,18,20
23597,Mamis,anetheron,1520,priest,discipline,48,22,26
23598,Dalylla,aggra-português,1519,priest,discipline,94,52,42
23599,Hateyeleison,burning-legion,1519,priest,discipline,72,34,38
23600,Cbsad,madmortem,1518,priest,discipline,78,45,33
23601,Durmadanbas,ravencrest,1518,priest,discipline,51,28,23
23602,Шпангл,gordunni,1518,priest,discipline,143,74,69
23603,Трихоманиаз,ashenvale,1518,priest,discipline,48,23,25
23604,Luziaa,outland,1518,priest,discipline,72,31,41
23605,Ssol,tarren-mill,1517,priest,discipline,49,29,20
23606,Freaki,blackrock,1517,priest,discipline,48,28,20
23607,Eördög,ragnaros,1516,priest,discipline,54,30,24
23608,Lemontea,frostwolf,1515,priest,discipline,36,21,15
23609,Shyria,argent-dawn,1515,priest,discipline,53,25,28
23610,Lukéy,silvermoon,1514,priest,discipline,66,33,33
23611,Sicarium,aegwynn,1514,priest,discipline,60,29,31
23612,Makemyday,dun-modr,1514,priest,discipline,58,27,31
23613,Raesd,argent-dawn,1513,priest,discipline,58,30,28
23614,Женяшилд,howling-fjord,1513,priest,discipline,185,88,97
23615,Yonkerz,frostmane,1513,priest,discipline,186,86,100
23616,Kratzîgel,blackmoore,1512,priest,discipline,120,69,51
23617,Grêy,dun-modr,1512,priest,discipline,47,24,23
23618,Erupyks,archimonde,1512,priest,discipline,36,18,18
23619,Ciri,die-aldor,1511,priest,discipline,31,18,13
23620,Lïnkz,kazzak,1511,priest,discipline,60,32,28
23621,Kyseki,ravencrest,1511,priest,discipline,448,227,221
23622,Aestina,silvermoon,1511,priest,discipline,120,58,62
23623,Winnever,dun-modr,1510,priest,discipline,246,135,111
23624,Опрометчивый,soulflayer,1510,priest,discipline,42,19,23
23625,Pumpkin,aggramar,1509,priest,discipline,30,19,11
23626,Galadrielkä,drakthul,1509,priest,discipline,85,51,34
23627,Ledania,aegwynn,1508,priest,discipline,37,25,12
23628,Knazh,twisting-nether,1508,priest,discipline,36,20,16
23629,Arkatina,outland,1508,priest,discipline,70,38,32
23630,Axla,stormscale,1508,priest,discipline,59,29,30
23631,Gulch,blackmoore,1508,priest,discipline,84,40,44
23632,Chabih,ravencrest,1508,priest,discipline,42,16,26
23633,Crims,twisting-nether,1507,priest,discipline,108,62,46
23634,Flurri,tarren-mill,1507,priest,discipline,126,69,57
23635,Healicious,teldrassil,1507,priest,discipline,30,16,14
23636,Remlos,der-rat-von-dalaran,1507,priest,discipline,48,22,26
23637,Tinpr,sanguino,1507,priest,discipline,105,48,57
23638,Zealtron,darksorrow,1507,priest,discipline,47,19,28
23639,Ínsäníty,outland,1506,priest,discipline,24,18,6
23640,Апититька,soulflayer,1506,priest,discipline,126,64,62
23641,Kurt,blackrock,1506,priest,discipline,114,55,59
23642,Исусиприст,deepholm,1506,priest,discipline,42,20,22
23643,Dotreveal,ravencrest,1506,priest,discipline,71,33,38
23644,Shînnøk,silvermoon,1505,priest,discipline,113,59,54
23645,Смайтвайфу,howling-fjord,1505,priest,discipline,54,27,27
23646,Мдзшка,gordunni,1505,priest,discipline,403,200,203
23647,Burnex,thrall,1505,priest,discipline,72,34,38
23648,Mortarz,ragnaros,1505,priest,discipline,71,31,40
23649,Dench,azjolnerub,1505,priest,discipline,60,25,35
23650,Остроухх,howling-fjord,1504,priest,discipline,88,49,39
23651,Senpumara,malganis,1502,priest,discipline,282,141,141
23652,Мэдмод,gordunni,1502,priest,discipline,142,64,78
23653,Mackópriest,ragnaros,1502,priest,discipline,100,44,56
23654,Xaridan,thrall,1501,priest,discipline,48,31,17
23655,Paìnz,blackhand,1501,priest,discipline,56,34,22
23656,Ripperdepip,magtheridon,1501,priest,discipline,123,73,50
23657,Мьюсх,deathguard,1500,priest,discipline,77,42,35
23658,Cúrt,sanguino,1500,priest,discipline,60,29,31
23659,Alinone,uldum,1500,priest,discipline,69,33,36
23660,Dreamhatcher,deathwing,1500,priest,discipline,42,18,24
23661,Elwing,darkmoon-faire,1500,priest,discipline,48,18,30
23662,Cursedme,blackrock,1499,priest,discipline,42,24,18
23663,Ræpriestx,ragnaros,1499,priest,discipline,117,66,51
23664,Laërhia,archimonde,1499,priest,discipline,48,18,30
23665,Sickwill,blackrock,1498,priest,discipline,46,26,20
23666,Mungam,draenor,1498,priest,discipline,63,31,32
23667,Diarolz,sanguino,1497,priest,discipline,81,46,35
23668,Rizzlerx,blackmoore,1496,priest,discipline,60,34,26
23669,Властьтени,gordunni,1496,priest,discipline,36,18,18
23670,Alz,rashgarroth,1496,priest,discipline,140,68,72
23671,Холиблэк,blackscar,1496,priest,discipline,36,16,20
23672,Castpenance,blackrock,1496,priest,discipline,77,33,44
23673,Шимату,howling-fjord,1495,priest,discipline,72,25,47
23674,Onetwo,silvermoon,1494,priest,discipline,30,18,12
23675,Drawun,burning-legion,1494,priest,discipline,116,67,49
23676,Ballsbrawlz,sylvanas,1494,priest,discipline,42,24,18
23677,Sheshan,destromath,1494,priest,discipline,53,29,24
23678,Hïstërïä,silvermoon,1494,priest,discipline,57,28,29
23679,Blackbox,burning-legion,1494,priest,discipline,127,59,68
23680,Olio,outland,1494,priest,discipline,76,35,41
23681,Tarîs,archimonde,1494,priest,discipline,72,31,41
23682,Soulreapper,blackhand,1493,priest,discipline,189,103,86
23683,Vorynax,silvermoon,1493,priest,discipline,86,40,46
23684,Cav,archimonde,1493,priest,discipline,95,44,51
23685,Staatsfeind,blackmoore,1492,priest,discipline,68,40,28
23686,Karoopi,ysondre,1492,priest,discipline,197,103,94
23687,Kamiyasa,blackmoore,1492,priest,discipline,109,55,54
23688,Aurunea,blackrock,1490,priest,discipline,45,30,15
23689,Golletz,twisting-nether,1490,priest,discipline,48,29,19
23690,Littleflash,lightbringer,1490,priest,discipline,87,43,44
23691,Holycrit,aszune,1490,priest,discipline,53,26,27
23692,Nêlumar,aegwynn,1490,priest,discipline,48,21,27
23693,Лилатэль,blackscar,1489,priest,discipline,132,58,74
23694,Ceraghk,tichondrius,1488,priest,discipline,144,76,68
23695,Khazidhea,frostwolf,1488,priest,discipline,87,41,46
23696,Céph,sylvanas,1487,priest,discipline,42,21,21
23697,Fiskpung,draenor,1486,priest,discipline,48,28,20
23698,Raezi,defias-brotherhood,1486,priest,discipline,97,51,46
23699,Nomakprst,sanguino,1486,priest,discipline,130,63,67
23700,Mewpew,azjolnerub,1486,priest,discipline,54,23,31
23701,Buzzy,twisting-nether,1485,priest,discipline,96,51,45
23702,Stevep,tarren-mill,1485,priest,discipline,60,30,30
23703,Rher,blackmoore,1484,priest,discipline,30,21,9
23704,Moarein,twisting-nether,1484,priest,discipline,66,30,36
23705,Йуп,ashenvale,1483,priest,discipline,28,17,11
23706,Daddyfinger,argent-dawn,1483,priest,discipline,109,63,46
23707,Тэтэшник,ashenvale,1482,priest,discipline,170,89,81
23708,Jazzmind,stormscale,1482,priest,discipline,90,47,43
23709,Akemmì,sylvanas,1482,priest,discipline,150,75,75
23710,Jumperlawl,khaz-modan,1481,priest,discipline,48,26,22
23711,Rikipope,ravencrest,1480,priest,discipline,42,25,17
23712,Avengëd,nagrand,1480,priest,discipline,50,24,26
23713,Kalestharia,blackmoore,1480,priest,discipline,54,24,30
23714,Джелесана,gordunni,1479,priest,discipline,99,45,54
23715,Ziv,grim-batol,1478,priest,discipline,98,58,40
23716,Сашадвасм,gordunni,1478,priest,discipline,93,53,40
23717,Deadwen,stormscale,1478,priest,discipline,167,92,75
23718,Yhraeliaegh,defias-brotherhood,1478,priest,discipline,69,26,43
23719,Эйвиг,blackscar,1477,priest,discipline,60,28,32
23720,Scréam,eredar,1477,priest,discipline,72,33,39
23721,Laxímink,sylvanas,1477,priest,discipline,71,27,44
23722,Dairox,blackrock,1476,priest,discipline,124,67,57
23723,Zzbleh,stormscale,1476,priest,discipline,30,16,14
23724,Woodywoodpkr,senjin,1476,priest,discipline,60,31,29
23725,Могулас,soulflayer,1476,priest,discipline,376,188,188
23726,Cajolîne,archimonde,1476,priest,discipline,126,57,69
23727,Mortex,nemesis,1475,priest,discipline,36,23,13
23728,Mzpriest,dalaran,1474,priest,discipline,76,41,35
23729,Prezica,stormscale,1474,priest,discipline,137,72,65
23730,Aboû,archimonde,1474,priest,discipline,48,25,23
23731,Redøm,stormreaver,1474,priest,discipline,36,18,18
23732,Licktheheal,outland,1473,priest,discipline,30,17,13
23733,Torî,blackrock,1473,priest,discipline,36,17,19
23734,Джулибуба,borean-tundra,1473,priest,discipline,57,26,31
23735,Chimara,eredar,1472,priest,discipline,166,89,77
23736,Санггвиний,soulflayer,1472,priest,discipline,90,46,44
23737,Marllen,twisting-nether,1472,priest,discipline,139,68,71
23738,Sctheal,outland,1472,priest,discipline,42,18,24
23739,Sháady,ravencrest,1471,priest,discipline,60,29,31
23740,Themistia,kazzak,1471,priest,discipline,151,70,81
23741,Niholie,sinstralis,1471,priest,discipline,48,18,30
23742,Porklifer,tarren-mill,1470,priest,discipline,54,32,22
23743,Reticlel,kazzak,1470,priest,discipline,81,47,34
23744,Neagica,kazzak,1470,priest,discipline,48,26,22
23745,Maneipriest,drakthul,1470,priest,discipline,65,35,30
23746,Slasherh,ravencrest,1470,priest,discipline,145,74,71
23747,Pìkachù,stormscale,1470,priest,discipline,54,27,27
23748,Loarderonx,stormscale,1470,priest,discipline,35,16,19
23749,Eleatros,blackrock,1470,priest,discipline,58,25,33
23750,Bleedingeyes,tarren-mill,1469,priest,discipline,45,23,22
23751,Agatioxd,dun-modr,1468,priest,discipline,48,31,17
23752,Lapinvicieux,archimonde,1468,priest,discipline,54,31,23
23753,Battra,argent-dawn,1468,priest,discipline,78,41,37
23754,Unpsofablé,outland,1468,priest,discipline,52,27,25
23755,Drwlad,archimonde,1468,priest,discipline,66,26,40
23756,Noobpriest,blackrock,1467,priest,discipline,94,43,51
23757,Brutapriestx,stormscale,1467,priest,discipline,35,16,19
23758,Emon,nemesis,1466,priest,discipline,54,32,22
23759,Spoggle,kazzak,1466,priest,discipline,102,51,51
23760,Panoio,aggra-português,1466,priest,discipline,77,33,44
23761,Yákizå,darksorrow,1466,priest,discipline,72,30,42
23762,Kanî,eredar,1465,priest,discipline,78,35,43
23763,Sochnaochen,outland,1464,priest,discipline,84,48,36
23764,Gïanna,archimonde,1464,priest,discipline,96,52,44
23765,Jupiter,silvermoon,1464,priest,discipline,125,67,58
23766,Angelic,ragnaros,1464,priest,discipline,143,69,74
23767,Syrell,sanguino,1464,priest,discipline,35,16,19
23768,Geierlol,blackrock,1464,priest,discipline,42,17,25
23769,Простойа,deathguard,1463,priest,discipline,86,50,36
23770,Scade,kazzak,1463,priest,discipline,98,47,51
23771,Eßola,silvermoon,1463,priest,discipline,38,18,20
23772,Krasawìtch,onyxia,1463,priest,discipline,107,49,58
23773,Мненосина,goldrinn,1462,priest,discipline,46,21,25
23774,Ботхесатва,deepholm,1462,priest,discipline,77,35,42
23775,Amoxkys,nemesis,1462,priest,discipline,86,39,47
23776,Sameec,drakthul,1462,priest,discipline,84,37,47
23777,Krayziest,tarren-mill,1461,priest,discipline,42,26,16
23778,Lyés,uldaman,1461,priest,discipline,148,91,57
23779,Íhðly,silvermoon,1461,priest,discipline,84,42,42
23780,Ahmnesia,archimonde,1460,priest,discipline,138,72,66
23781,Трэй,deathguard,1459,priest,discipline,90,50,40
23782,Ðiscobiscuit,argent-dawn,1459,priest,discipline,104,55,49
23783,Elfarity,tarren-mill,1458,priest,discipline,35,21,14
23784,Ivysaurus,ravencrest,1458,priest,discipline,74,42,32
23785,Ruly,ragnaros,1458,priest,discipline,51,25,26
23786,Makesnosense,kilrogg,1458,priest,discipline,54,26,28
23787,Antainis,silvermoon,1456,priest,discipline,131,71,60
23788,Enigam,alakir,1456,priest,discipline,72,38,34
23789,Dotdotggwp,stormscale,1456,priest,discipline,84,39,45
23790,Péntagón,festung-der-stürme,1456,priest,discipline,48,19,29
23791,Nyxalia,silvermoon,1455,priest,discipline,30,18,12
23792,Kåstå,archimonde,1455,priest,discipline,92,51,41
23793,Nerfnerf,kazzak,1455,priest,discipline,465,235,230
23794,Massbimba,tarren-mill,1454,priest,discipline,144,78,66
23795,Фейкай,blackscar,1454,priest,discipline,54,28,26
23796,Disturbdtwo,archimonde,1454,priest,discipline,66,31,35
23797,Èlysium,grim-batol,1454,priest,discipline,48,20,28
23798,Reäzx,archimonde,1453,priest,discipline,42,26,16
23799,Tynsxd,silvermoon,1453,priest,discipline,72,40,32
23800,Svevo,ravencrest,1453,priest,discipline,94,49,45
23801,Jakeow,auchindoun,1453,priest,discipline,75,39,36
23802,Алуриэлия,gordunni,1453,priest,discipline,83,40,43
23803,Skarnir,uldaman,1453,priest,discipline,87,34,53
23804,Mvuu,kazzak,1452,priest,discipline,42,25,17
23805,Gûardianwisp,ravencrest,1452,priest,discipline,199,98,101
23806,Astralscare,outland,1451,priest,discipline,42,25,17
23807,Kätsulol,ysondre,1451,priest,discipline,48,24,24
23808,Arize,dun-modr,1450,priest,discipline,42,21,21
23809,Jerzay,hyjal,1449,priest,discipline,64,30,34
23810,Шарадин,gordunni,1448,priest,discipline,110,59,51
23811,Kimozabi,ravencrest,1448,priest,discipline,50,25,25
23812,Schmatzy,blackmoore,1448,priest,discipline,48,24,24
23813,Олегстразза,howling-fjord,1448,priest,discipline,99,46,53
23814,Тенсаи,howling-fjord,1447,priest,discipline,70,38,32
23815,Mòly,archimonde,1446,priest,discipline,27,17,10
23816,Kâltak,aegwynn,1446,priest,discipline,48,24,24
23817,Sáshagrey,arathor,1446,priest,discipline,49,24,25
23818,Neoni,blackmoore,1446,priest,discipline,148,72,76
23819,Devot,outland,1445,priest,discipline,102,55,47
23820,Серыйлог,galakrond,1444,priest,discipline,90,49,41
23821,Spirítbox,argent-dawn,1444,priest,discipline,106,54,52
23822,Amysantiàgo,sylvanas,1444,priest,discipline,95,48,47
23823,Cryksî,eredar,1444,priest,discipline,84,41,43
23824,Troublemaker,durotan,1443,priest,discipline,60,33,27
23825,Chankilolx,dun-modr,1443,priest,discipline,169,78,91
23826,Nahni,teldrassil,1443,priest,discipline,132,55,77
23827,Sombralúz,sanguino,1442,priest,discipline,36,20,16
23828,Shanny,kazzak,1442,priest,discipline,89,43,46
23829,Durinko,thunderhorn,1442,priest,discipline,60,27,33
23830,Nerfpriest,tarren-mill,1442,priest,discipline,42,17,25
23831,Ykiotonegawa,twisting-nether,1442,priest,discipline,78,25,53
23832,Aeritha,blackmoore,1441,priest,discipline,30,19,11
23833,Laurent,sanguino,1441,priest,discipline,36,16,20
23834,Svistis,ravencrest,1440,priest,discipline,28,20,8
23835,Смегмачет,soulflayer,1440,priest,discipline,122,63,59
23836,Yesdaddypls,draenor,1439,priest,discipline,36,21,15
23837,Voxqt,blackrock,1439,priest,discipline,30,15,15
23838,Cáss,archimonde,1439,priest,discipline,30,15,15
23839,Bedkara,ravencrest,1439,priest,discipline,30,15,15
23840,Zedrus,azshara,1439,priest,discipline,111,53,58
23841,Wâneis,stormscale,1438,priest,discipline,53,32,21
23842,Stormmyy,kazzak,1438,priest,discipline,30,15,15
23843,Juliane,trollbane,1438,priest,discipline,60,23,37
23844,Hopeso,silvermoon,1437,priest,discipline,18,15,3
23845,Åshbé,archimonde,1437,priest,discipline,18,15,3
23846,Kavrack,sargeras,1437,priest,discipline,24,15,9
23847,Joxdox,archimonde,1437,priest,discipline,36,20,16
23848,Gbpjr,xavius,1437,priest,discipline,193,94,99
23849,Rmpriest,blackhand,1436,priest,discipline,30,15,15
23850,Dzoo,kazzak,1436,priest,discipline,58,27,31
23851,Kbakå,stormscale,1436,priest,discipline,84,37,47
23852,Ylvanna,arthas,1436,priest,discipline,40,17,23
23853,Pàndoràh,nemesis,1435,priest,discipline,42,22,20
23854,Carolyna,ravencrest,1435,priest,discipline,36,15,21
23855,Mindcrackr,stormscale,1434,priest,discipline,36,22,14
23856,Ruderali,blackmoore,1434,priest,discipline,116,66,50
23857,Yvaini,xavius,1434,priest,discipline,78,42,36
23858,Kæyc,blackmoore,1434,priest,discipline,71,35,36
23859,Healbotmvp,ravencrest,1433,priest,discipline,24,15,9
23860,Bubidiblumpr,twisting-nether,1433,priest,discipline,66,40,26
23861,Villagegirlx,stormscale,1433,priest,discipline,30,18,12
23862,Selëne,blackrock,1433,priest,discipline,42,22,20
23863,Prayxlol,outland,1433,priest,discipline,30,15,15
23864,Bochonok,stormrage,1433,priest,discipline,36,15,21
23865,Dimsim,kazzak,1432,priest,discipline,24,15,9
23866,Kobri,gilneas,1432,priest,discipline,48,23,25
23867,Swera,twisting-nether,1431,priest,discipline,24,15,9
23868,Tarellia,argent-dawn,1431,priest,discipline,181,105,76
23869,Ebashuvkashu,stormscale,1431,priest,discipline,45,24,21
23870,Nazhara,hyjal,1431,priest,discipline,30,15,15
23871,Eyesønyou,nemesis,1430,priest,discipline,27,16,11
23872,Vaetrilla,doomhammer,1430,priest,discipline,37,20,17
23873,Ðeep,archimonde,1430,priest,discipline,30,15,15
23874,Lanaineuwu,archimonde,1429,priest,discipline,32,22,10
23875,Eladri,silvermoon,1429,priest,discipline,24,15,9
23876,Iqr,blackmoore,1429,priest,discipline,30,16,14
23877,Fancytrash,ravencrest,1429,priest,discipline,30,15,15
23878,Covidisc,outland,1429,priest,discipline,36,15,21
23879,Yurrij,thrall,1428,priest,discipline,39,23,16
23880,Noodlesoup,daggerspine,1428,priest,discipline,67,37,30
23881,Макстин,howling-fjord,1428,priest,discipline,30,15,15
23882,Savta,ravencrest,1428,priest,discipline,36,15,21
23883,Diddlefiddle,stormscale,1427,priest,discipline,64,36,28
23884,Putinkuilo,outland,1427,priest,discipline,48,25,23
23885,Klituriis,twisting-nether,1427,priest,discipline,89,44,45
23886,Discobrill,silvermoon,1427,priest,discipline,48,19,29
23887,Randomm,shadowsong,1427,priest,discipline,60,23,37
23888,Ylenae,twisting-nether,1427,priest,discipline,42,15,27
23889,Amanojakü,ravencrest,1426,priest,discipline,48,34,14
23890,Faintly,emeriss,1426,priest,discipline,30,15,15
23891,Arkkupiispa,stormreaver,1426,priest,discipline,329,160,169
23892,Joeasaurs,ragnaros,1426,priest,discipline,33,16,17
23893,Viagrà,outland,1426,priest,discipline,120,53,67
23894,Emala,hyjal,1426,priest,discipline,35,15,20
23895,Acik,bladefist,1426,priest,discipline,53,22,31
23896,Ashérs,ravencrest,1425,priest,discipline,57,37,20
23897,Massdispell,silvermoon,1425,priest,discipline,34,20,14
23898,Dímension,ragnaros,1425,priest,discipline,79,46,33
23899,Yuukii,kult-der-verdammten,1425,priest,discipline,30,15,15
23900,Урголиафа,howling-fjord,1425,priest,discipline,54,25,29
23901,Miris,ysondre,1425,priest,discipline,48,21,27
23902,Maidie,stormscale,1424,priest,discipline,66,41,25
23903,Whiskeyhaze,burning-legion,1424,priest,discipline,78,42,36
23904,Orophar,antonidas,1424,priest,discipline,167,83,84
23905,Zymai,ravencrest,1424,priest,discipline,42,15,27
23906,Discipleotl,stormscale,1423,priest,discipline,44,27,17
23907,Synoé,la-croisade-écarlate,1423,priest,discipline,83,41,42
23908,Nirsis,dun-modr,1423,priest,discipline,63,30,33
23909,Nyxém,blackmoore,1423,priest,discipline,36,15,21
23910,Phreyst,draenor,1422,priest,discipline,177,91,86
23911,Созвонимся,gordunni,1422,priest,discipline,57,29,28
23912,Avaichquirit,tarren-mill,1422,priest,discipline,54,24,30
23913,Halastrâ,tarren-mill,1420,priest,discipline,44,30,14
23914,Arjak,stormscale,1420,priest,discipline,30,15,15
23915,Zarez,stormscale,1420,priest,discipline,50,17,33
23916,Natapriest,antonidas,1419,priest,discipline,180,97,83
23917,Meanazer,antonidas,1419,priest,discipline,60,27,33
23918,Destinychild,norgannon,1419,priest,discipline,35,15,20
23919,Hlyhoe,silvermoon,1418,priest,discipline,60,35,25
23920,Zarozina,pozzo-delleternità,1418,priest,discipline,30,16,14
23921,Нэстикус,gordunni,1418,priest,discipline,30,16,14
23922,Медиив,deepholm,1418,priest,discipline,66,32,34
23923,Jaatjak,ravencrest,1418,priest,discipline,54,26,28
23924,Пакетикдот,gordunni,1417,priest,discipline,177,101,76
23925,Bekareth,archimonde,1417,priest,discipline,78,44,34
23926,Sprutch,kazzak,1417,priest,discipline,56,30,26
23927,Блексебет,soulflayer,1417,priest,discipline,90,46,44
23928,Vividots,draenor,1417,priest,discipline,42,20,22
23929,Mjamc,stormscale,1417,priest,discipline,87,37,50
23930,Phèbz,archimonde,1416,priest,discipline,42,28,14
23931,Barcodes,kazzak,1415,priest,discipline,39,25,14
23932,Axxul,blackrock,1415,priest,discipline,30,15,15
23933,Xdthe,tarren-mill,1415,priest,discipline,54,25,29
23934,Pmh,kazzak,1415,priest,discipline,60,25,35
23935,Bakony,ravencrest,1414,priest,discipline,60,41,19
23936,Yukíø,antonidas,1414,priest,discipline,30,18,12
23937,Praybro,blackmoore,1414,priest,discipline,41,24,17
23938,Gilfir,stormscale,1414,priest,discipline,42,20,22
23939,Vynivan,korgall,1414,priest,discipline,54,24,30
23940,Kaeldara,ysondre,1413,priest,discipline,24,15,9
23941,Zïn,silvermoon,1413,priest,discipline,58,29,29
23942,Indicta,darksorrow,1413,priest,discipline,33,16,17
23943,Oxborn,thrall,1413,priest,discipline,83,40,43
23944,Joseantuan,sanguino,1412,priest,discipline,30,18,12
23945,Asolan,drakthul,1412,priest,discipline,60,35,25
23946,Vqny,archimonde,1412,priest,discipline,153,85,68
23947,Sémi,twisting-nether,1412,priest,discipline,48,26,22
23948,Ghostroller,ravencrest,1412,priest,discipline,43,22,21
23949,Híppokrates,dethecus,1412,priest,discipline,55,24,31
23950,Батлграунтт,soulflayer,1411,priest,discipline,36,24,12
23951,Rwaphouu,ysondre,1410,priest,discipline,66,39,27
23952,Ецци,howling-fjord,1410,priest,discipline,44,23,21
23953,Уноханагодх,howling-fjord,1410,priest,discipline,50,26,24
23954,Faelvirin,aegwynn,1410,priest,discipline,41,21,20
23955,Joniop,stormreaver,1410,priest,discipline,60,29,31
23956,Shanya,thrall,1410,priest,discipline,42,20,22
23957,Jóhnnybravó,kazzak,1410,priest,discipline,36,16,20
23958,Getötet,blackrock,1409,priest,discipline,36,21,15
23959,Бомжскадилом,gordunni,1409,priest,discipline,237,125,112
23960,Dunderprälle,outland,1409,priest,discipline,30,15,15
23961,Deathchicka,draenor,1408,priest,discipline,52,31,21
23962,Lévention,stormscale,1408,priest,discipline,36,20,16
23963,Cring,kirin-tor,1407,priest,discipline,108,62,46
23964,Unholyfield,draenor,1407,priest,discipline,96,45,51
23965,Aldebrand,dun-modr,1407,priest,discipline,48,15,33
23966,Gothixs,draenor,1406,priest,discipline,44,26,18
23967,Garfriest,aggra-português,1406,priest,discipline,78,46,32
23968,Syro,defias-brotherhood,1406,priest,discipline,39,22,17
23969,Tyrhaa,blackmoore,1406,priest,discipline,30,16,14
23970,Трезида,gordunni,1406,priest,discipline,36,18,18
23971,Sensor,kazzak,1406,priest,discipline,69,34,35
23972,Alterlight,twisting-nether,1406,priest,discipline,124,48,76
23973,Medivs,blackmoore,1405,priest,discipline,30,17,13
23974,Qïx,ravencrest,1405,priest,discipline,39,22,17
23975,Illüminaty,sylvanas,1405,priest,discipline,50,26,24
23976,Kappa,darksorrow,1405,priest,discipline,54,28,26
23977,Anzil,dun-modr,1405,priest,discipline,96,43,53
23978,Invexx,tarren-mill,1405,priest,discipline,113,47,66
23979,Эннхэтэуэй,soulflayer,1404,priest,discipline,54,28,26
23980,Dragovic,chogall,1404,priest,discipline,80,38,42
23981,Flaskandeux,tarren-mill,1404,priest,discipline,194,76,118
23982,Arctoczax,ravencrest,1404,priest,discipline,60,22,38
23983,Chuckline,eredar,1403,priest,discipline,70,36,34
23984,Frekio,eitrigg,1403,priest,discipline,143,71,72
23985,Саммерфинн,gordunni,1403,priest,discipline,40,17,23
23986,Eileengu,silvermoon,1402,priest,discipline,70,42,28
23987,Kbakå,kazzak,1402,priest,discipline,32,15,17
23988,Castalia,ravencrest,1402,priest,discipline,52,24,28
23989,Dejica,kult-der-verdammten,1402,priest,discipline,102,46,56
23990,Acidpills,hyjal,1402,priest,discipline,40,17,23
23991,Virulent,nemesis,1402,priest,discipline,36,15,21
23992,Dysko,alakir,1401,priest,discipline,30,15,15
23993,Shieldyblaze,frostwolf,1400,priest,discipline,95,55,40
23994,Silvdarr,hyjal,1400,priest,discipline,91,47,44
23995,Hunfall,stormscale,1400,priest,discipline,30,15,15
23996,Вурти,howling-fjord,1400,priest,discipline,65,28,37
23997,Banshzz,ragnaros,1400,priest,discipline,71,27,44
23998,Chibrausorus,archimonde,1399,priest,discipline,54,22,32
23999,Laadyybirkee,blackhand,1398,priest,discipline,140,70,70
24000,Avázàr,stormscale,1398,priest,discipline,36,16,20
24001,Fiilaaja,stormreaver,1397,priest,discipline,42,26,16
24002,Tiktokdancér,kazzak,1397,priest,discipline,102,58,44
24003,Menda,eredar,1397,priest,discipline,130,68,62
24004,Diva,malfurion,1397,priest,discipline,46,21,25
24005,Холишитс,gordunni,1396,priest,discipline,115,64,51
24006,Sebatröz,ravencrest,1396,priest,discipline,42,23,19
24007,Noany,ravencrest,1396,priest,discipline,72,37,35
24008,Rahan,stormscale,1396,priest,discipline,93,46,47
24009,Darkest,ysondre,1396,priest,discipline,83,37,46
24010,Derylium,kazzak,1395,priest,discipline,47,29,18
24011,Deadpxlz,ravencrest,1395,priest,discipline,30,17,13
24012,Madkes,ravencrest,1395,priest,discipline,48,22,26
24013,Miileys,arthas,1394,priest,discipline,24,16,8
24014,Alakkiria,ravencrest,1394,priest,discipline,77,38,39
24015,Fåtkidx,ravencrest,1394,priest,discipline,79,35,44
24016,Kroa,ragnaros,1393,priest,discipline,24,15,9
24017,Dankopriest,drakthul,1393,priest,discipline,48,24,24
24018,Fireflowers,silvermoon,1393,priest,discipline,48,24,24
24019,Littleheal,ghostlands,1393,priest,discipline,43,21,22
24020,Phasmöphobia,zuljin,1392,priest,discipline,96,38,58
24021,Sweetxq,tarren-mill,1391,priest,discipline,66,37,29
24022,Animepfp,stormreaver,1391,priest,discipline,140,67,73
24023,Zombîe,draenor,1390,priest,discipline,42,16,26
24024,Hardcode,twisting-nether,1389,priest,discipline,96,45,51
24025,Hashoko,draenor,1388,priest,discipline,30,22,8
24026,Aaron,aegwynn,1388,priest,discipline,31,20,11
24027,Крашдайс,soulflayer,1388,priest,discipline,61,27,34
24028,Hidr,nemesis,1387,priest,discipline,84,46,38
24029,Barracuda,burning-legion,1387,priest,discipline,86,45,41
24030,Asprine,kazzak,1386,priest,discipline,42,30,12
24031,Nakali,the-maelstrom,1386,priest,discipline,30,16,14
24032,Альфреска,gordunni,1386,priest,discipline,94,48,46
24033,Дядяврач,howling-fjord,1386,priest,discipline,60,28,32
24034,Pyropenance,twisting-nether,1386,priest,discipline,83,35,48
24035,Гшд,gordunni,1385,priest,discipline,78,43,35
24036,Sppid,sanguino,1384,priest,discipline,261,124,137
24037,Snuffanious,ragnaros,1384,priest,discipline,60,26,34
24038,Sharae,malfurion,1382,priest,discipline,64,39,25
24039,Tarana,mannoroth,1382,priest,discipline,29,15,14
24040,Adev,drakthul,1382,priest,discipline,53,27,26
24041,Tintapri,aszune,1382,priest,discipline,122,62,60
24042,Naïlu,hyjal,1381,priest,discipline,66,38,28
24043,Soupana,darksorrow,1381,priest,discipline,79,42,37
24044,Selenee,scarshield-legion,1381,priest,discipline,102,47,55
24045,Ilovedisc,kazzak,1379,priest,discipline,44,25,19
24046,Micobra,dalaran,1379,priest,discipline,41,22,19
24047,Хаварь,gordunni,1378,priest,discipline,87,49,38
24048,Маимморта,howling-fjord,1378,priest,discipline,66,37,29
24049,Щакактрахнем,gordunni,1378,priest,discipline,66,36,30
24050,Vaewyn,ravencrest,1378,priest,discipline,79,42,37
24051,Лимоняшечка,soulflayer,1378,priest,discipline,110,58,52
24052,Streety,nethersturm,1378,priest,discipline,90,43,47
24053,Evolís,blackmoore,1378,priest,discipline,66,29,37
24054,Gangreana,kazzak,1377,priest,discipline,78,42,36
24055,Anubisones,uldum,1377,priest,discipline,65,32,33
24056,Disconsick,vashj,1377,priest,discipline,76,26,50
24057,Carnacia,tarren-mill,1376,priest,discipline,84,48,36
24058,Annisa,kazzak,1376,priest,discipline,131,71,60
24059,Holypepper,outland,1376,priest,discipline,95,47,48
24060,Эстрогенс,gordunni,1376,priest,discipline,60,22,38
24061,Preachyjeg,ravencrest,1376,priest,discipline,84,30,54
24062,Dolifrius,dalaran,1375,priest,discipline,50,30,20
24063,Levy,azuremyst,1375,priest,discipline,31,18,13
24064,Symeria,sylvanas,1374,priest,discipline,42,23,19
24065,Psyfir,outland,1374,priest,discipline,224,117,107
24066,Spiriman,zuljin,1374,priest,discipline,30,15,15
24067,Otheym,the-maelstrom,1374,priest,discipline,39,18,21
24068,Pocketissue,ravencrest,1373,priest,discipline,32,21,11
24069,Sytawa,blackmoore,1373,priest,discipline,98,53,45
24070,Crazyname,outland,1373,priest,discipline,78,39,39
24071,Chaosxo,draenor,1373,priest,discipline,82,38,44
24072,Blackheal,sanguino,1373,priest,discipline,68,29,39
24073,Nietzsche,area-52,1373,priest,discipline,54,23,31
24074,Rabbît,stormscale,1372,priest,discipline,82,42,40
24075,Hiereia,khadgar,1372,priest,discipline,139,61,78
24076,Geesuz,outland,1372,priest,discipline,39,16,23
24077,Kutjeskopper,silvermoon,1371,priest,discipline,36,19,17
24078,Скизма,gordunni,1370,priest,discipline,42,25,17
24079,Norlyset,silvermoon,1370,priest,discipline,48,27,21
24080,Ahree,sargeras,1370,priest,discipline,190,93,97
24081,Anotherdisc,aegwynn,1370,priest,discipline,66,24,42
24082,Kotipope,silvermoon,1369,priest,discipline,83,49,34
24083,Кэндимен,gordunni,1369,priest,discipline,172,87,85
24084,Elosen,darkspear,1368,priest,discipline,36,20,16
24085,Xieen,outland,1368,priest,discipline,156,81,75
24086,Aykò,blackmoore,1368,priest,discipline,38,16,22
24087,Apøcalypso,antonidas,1367,priest,discipline,108,53,55
24088,Salzgehalt,antonidas,1366,priest,discipline,58,38,20
24089,Noreal,twisting-nether,1366,priest,discipline,30,18,12
24090,Hellsaya,ysondre,1366,priest,discipline,34,19,15
24091,Mamaoh,ravencrest,1366,priest,discipline,69,34,35
24092,Aéríthx,ravencrest,1365,priest,discipline,42,16,26
24093,Chodia,silvermoon,1364,priest,discipline,59,35,24
24094,Durness,argent-dawn,1363,priest,discipline,84,42,42
24095,Raî,durotan,1363,priest,discipline,48,24,24
24096,Priszt,arathor,1363,priest,discipline,36,15,21
24097,Xyfas,azshara,1362,priest,discipline,54,25,29
24098,ßabylexa,ravencrest,1362,priest,discipline,35,15,20
24099,Grausami,zuluhed,1361,priest,discipline,48,24,24
24100,Aisha,rajaxx,1361,priest,discipline,69,32,37
24101,Alliora,dalaran,1361,priest,discipline,105,44,61
24102,Kaémon,twisting-nether,1361,priest,discipline,106,44,62
24103,Stargóddess,kazzak,1360,priest,discipline,90,52,38
24104,Hidary,ysondre,1360,priest,discipline,49,21,28
24105,Evilangèl,ravenholdt,1359,priest,discipline,47,25,22
24106,Dooga,draenor,1359,priest,discipline,30,15,15
24107,Enduring,darksorrow,1359,priest,discipline,72,33,39
24108,Reìdood,stormscale,1358,priest,discipline,86,49,37
24109,Matsipri,sylvanas,1358,priest,discipline,84,44,40
24110,Prellish,draenor,1358,priest,discipline,72,33,39
24111,Priesless,sylvanas,1357,priest,discipline,34,20,14
24112,Benificent,argent-dawn,1357,priest,discipline,195,95,100
24113,Wish,blackmoore,1357,priest,discipline,116,56,60
24114,Tallzoné,ravencrest,1356,priest,discipline,63,32,31
24115,Nuklash,burning-legion,1356,priest,discipline,39,18,21
24116,Äkvä,ragnaros,1356,priest,discipline,66,26,40
24117,Bomzhik,silvermoon,1355,priest,discipline,179,101,78
24118,Rzpa,blackhand,1355,priest,discipline,51,27,24
24119,Smilyface,sylvanas,1355,priest,discipline,49,22,27
24120,Paterpaisios,kazzak,1355,priest,discipline,54,20,34
24121,Nésha,dun-modr,1354,priest,discipline,41,21,20
24122,Byxoph,sanguino,1353,priest,discipline,66,32,34
24123,Solarïah,garona,1352,priest,discipline,32,19,13
24124,Littlehelper,shendralar,1352,priest,discipline,39,16,23
24125,Chealsey,thrall,1351,priest,discipline,57,36,21
24126,Isore,culte-de-la-rive-noire,1351,priest,discipline,34,20,14
24127,Давалкасвета,gordunni,1351,priest,discipline,74,32,42
24128,Feelmypainn,kazzak,1350,priest,discipline,42,23,19
24129,Chilie,ravencrest,1350,priest,discipline,36,17,19
24130,Chowhone,archimonde,1349,priest,discipline,100,53,47
24131,Convulsiveq,silvermoon,1349,priest,discipline,297,148,149
24132,Dstars,archimonde,1348,priest,discipline,42,16,26
24133,Fatishcribe,twisting-nether,1347,priest,discipline,261,135,126
24134,Valythria,blackhand,1347,priest,discipline,62,31,31
24135,Greedyaf,stormscale,1347,priest,discipline,101,48,53
24136,Brênos,blackmoore,1346,priest,discipline,29,17,12
24137,Sphero,kazzak,1346,priest,discipline,42,24,18
24138,Holyfussell,antonidas,1346,priest,discipline,80,38,42
24139,Iamfrosty,draenor,1346,priest,discipline,66,31,35
24140,Pwjetlifelol,grim-batol,1345,priest,discipline,97,52,45
24141,Sâtânica,kelthuzad,1345,priest,discipline,72,33,39
24142,Huhu,defias-brotherhood,1344,priest,discipline,30,16,14
24143,Batsu,hyjal,1344,priest,discipline,94,43,51
24144,Chuckbarry,kazzak,1342,priest,discipline,24,15,9
24145,Krematorio,twisting-nether,1342,priest,discipline,24,14,10
24146,Lothyf,archimonde,1342,priest,discipline,34,19,15
24147,Spiochpr,burning-legion,1342,priest,discipline,84,44,40
24148,Karmasmom,kazzak,1342,priest,discipline,30,14,16
24149,Xandrial,blackmoore,1342,priest,discipline,30,14,16
24150,Поднялбабки,deathguard,1342,priest,discipline,36,14,22
24151,Smitey,terenas,1341,priest,discipline,58,32,26
24152,Haligato,archimonde,1341,priest,discipline,88,45,43
24153,Blackchrist,uldum,1340,priest,discipline,54,28,26
24154,Cutename,burning-blade,1340,priest,discipline,36,18,18
24155,Sephìrøth,malganis,1340,priest,discipline,66,32,34
24156,Далайна,galakrond,1340,priest,discipline,36,14,22
24157,Дармирэль,gordunni,1340,priest,discipline,65,25,40
24158,Wodpriest,ravencrest,1339,priest,discipline,18,14,4
24159,Yânux,aegwynn,1339,priest,discipline,30,14,16
24160,Dènna,eldrethalas,1339,priest,discipline,42,15,27
24161,Tumlaa,ravencrest,1337,priest,discipline,56,31,25
24162,Snuifje,azjolnerub,1337,priest,discipline,129,58,71
24163,Radegast,jaedenar,1337,priest,discipline,77,31,46
24164,Sariss,ravencrest,1336,priest,discipline,24,14,10
24165,Cedifanboyx,archimonde,1336,priest,discipline,30,14,16
24166,Makkesfil,stormscale,1335,priest,discipline,24,14,10
24167,Kojee,blackrock,1335,priest,discipline,48,18,30
24168,Biscuits,ravencrest,1335,priest,discipline,48,14,34
24169,Юлих,booty-bay,1333,priest,discipline,100,42,58
24170,Radiance,emeriss,1333,priest,discipline,40,15,25
24171,Ciordel,draenor,1332,priest,discipline,47,23,24
24172,Cleancf,blackhand,1332,priest,discipline,220,100,120
24173,Hewwo,sylvanas,1331,priest,discipline,66,36,30
24174,Rosalina,ravencrest,1331,priest,discipline,175,89,86
24175,Xubeqi,kazzak,1331,priest,discipline,134,68,66
24176,Waafa,kazzak,1331,priest,discipline,42,14,28
24177,Jetlìfe,ysondre,1330,priest,discipline,24,14,10
24178,Happyprocs,dun-modr,1330,priest,discipline,29,15,14
24179,Valaç,turalyon,1330,priest,discipline,131,67,64
24180,Тодохил,gordunni,1330,priest,discipline,89,39,50
24181,Tlc,dragonmaw,1329,priest,discipline,55,28,27
24182,Vanillahaze,sylvanas,1328,priest,discipline,24,16,8
24183,Rose8FB527,silvermoon,1328,priest,discipline,37,21,16
24184,Heilerharry,blackmoore,1328,priest,discipline,28,15,13
24185,Peersh,ahnqiraj,1327,priest,discipline,18,14,4
24186,Ràthaløs,sanguino,1327,priest,discipline,52,31,21
24187,Nou,aegwynn,1327,priest,discipline,36,14,22
24188,Vedina,bronze-dragonflight,1326,priest,discipline,84,42,42
24189,Bromine,twisting-nether,1325,priest,discipline,23,17,6
24190,Ximenia,eredar,1325,priest,discipline,43,25,18
24191,Seinaruki,emerald-dream,1325,priest,discipline,34,18,16
24192,Skrnz,turalyon,1325,priest,discipline,59,26,33
24193,Mewdewrewrx,arathor,1324,priest,discipline,54,34,20
24194,Германий,deathguard,1324,priest,discipline,35,21,14
24195,Buszeekk,outland,1324,priest,discipline,34,19,15
24196,Jodge,ravencrest,1324,priest,discipline,48,26,22
24197,Styrbjörn,shattered-hand,1324,priest,discipline,73,38,35
24198,Kalisy,ravencrest,1324,priest,discipline,52,27,25
24199,Pandalulz,turalyon,1323,priest,discipline,58,33,25
24200,Bolflo,khaz-modan,1323,priest,discipline,141,77,64
24201,Lexojam,ravencrest,1323,priest,discipline,29,14,15
24202,Levinson,zuljin,1322,priest,discipline,42,30,12
24203,Sadkitten,sylvanas,1322,priest,discipline,187,102,85
24204,Ixdeadxl,stormscale,1321,priest,discipline,38,21,17
24205,Bublelicious,silvermoon,1321,priest,discipline,30,14,16
24206,Девственен,soulflayer,1321,priest,discipline,48,22,26
24207,Nirvánabang,sylvanas,1320,priest,discipline,42,21,21
24208,Докторпэйн,howling-fjord,1320,priest,discipline,128,60,68
24209,Xypri,nordrassil,1320,priest,discipline,97,44,53
24210,Fùkøff,stormscale,1319,priest,discipline,32,19,13
24211,Paine,pozzo-delleternità,1319,priest,discipline,49,27,22
24212,Babbúb,tarren-mill,1318,priest,discipline,35,14,21
24213,Papynou,garona,1317,priest,discipline,24,14,10
24214,Helikipope,kazzak,1317,priest,discipline,24,14,10
24215,Apeist,outland,1317,priest,discipline,92,48,44
24216,Rodshun,dun-modr,1317,priest,discipline,76,34,42
24217,Jackyz,tarren-mill,1317,priest,discipline,48,14,34
24218,Cntrl,frostmane,1316,priest,discipline,72,39,33
24219,Keppas,doomhammer,1315,priest,discipline,37,21,16
24220,Darkweed,twilights-hammer,1315,priest,discipline,54,30,24
24221,Pristerline,antonidas,1314,priest,discipline,25,15,10
24222,Sabaxdxd,dun-modr,1314,priest,discipline,84,38,46
24223,Yugo,outland,1314,priest,discipline,41,15,26
24224,Shilôz,hyjal,1313,priest,discipline,59,29,30
24225,Relaxmom,bloodhoof,1312,priest,discipline,30,14,16
24226,Форсибучи,soulflayer,1312,priest,discipline,66,30,36
24227,Quisira,aegwynn,1311,priest,discipline,24,16,8
24228,Ассарх,lich-king,1311,priest,discipline,78,39,39
24229,Grravehheart,kazzak,1311,priest,discipline,62,31,31
24230,Флэнсер,soulflayer,1311,priest,discipline,218,105,113
24231,Spèrman,frostwolf,1311,priest,discipline,42,15,27
24232,Suzziee,silvermoon,1310,priest,discipline,48,25,23
24233,Æternadead,nemesis,1310,priest,discipline,110,57,53
24234,Violentha,silvermoon,1310,priest,discipline,30,15,15
24235,Nûwa,draenor,1309,priest,discipline,42,25,17
24236,Benau,aegwynn,1309,priest,discipline,24,14,10
24237,Empí,sanguino,1309,priest,discipline,42,23,19
24238,Clua,draenor,1309,priest,discipline,66,35,31
24239,Лайбаси,howling-fjord,1309,priest,discipline,30,15,15
24240,Cheja,ravencrest,1308,priest,discipline,60,30,30
24241,Ruîzz,sanguino,1308,priest,discipline,61,28,33
24242,Eowins,blackmoore,1307,priest,discipline,76,40,36
24243,Mirelaw,stormscale,1307,priest,discipline,125,65,60
24244,Dirtydoc,area-52,1307,priest,discipline,39,20,19
24245,Щявыхилим,howling-fjord,1306,priest,discipline,49,31,18
24246,Eldrathir,burning-legion,1306,priest,discipline,30,14,16
24247,Buzzingg,tarren-mill,1305,priest,discipline,41,26,15
24248,Lalgorithme,hyjal,1305,priest,discipline,24,14,10
24249,Асади,gordunni,1305,priest,discipline,60,33,27
24250,Elûnä,ysondre,1305,priest,discipline,288,150,138
24251,Filtro,eredar,1305,priest,discipline,73,37,36
24252,Shadowmend,aegwynn,1305,priest,discipline,29,14,15
24253,Skuhlx,blackrock,1305,priest,discipline,90,39,51
24254,Ангеланика,gordunni,1304,priest,discipline,42,22,20
24255,Fakebob,draenor,1304,priest,discipline,30,15,15
24256,Boulotpas,hyjal,1302,priest,discipline,72,47,25
24257,Fkup,twisting-nether,1302,priest,discipline,36,20,16
24258,Sykra,magtheridon,1302,priest,discipline,76,41,35
24259,Muncett,dun-modr,1301,priest,discipline,23,16,7
24260,Missdreavus,draenor,1301,priest,discipline,40,24,16
24261,Enerpriest,ysondre,1301,priest,discipline,36,20,16
24262,Overhealzz,blackmoore,1301,priest,discipline,126,59,67
24263,Centaurio,nemesis,1300,priest,discipline,134,65,69
24264,Curlo,ravencrest,1300,priest,discipline,42,20,22
24265,Thrakoun,twilights-hammer,1299,priest,discipline,188,90,98
24266,Eksel,silvermoon,1299,priest,discipline,42,20,22
24267,Fatherliam,emerald-dream,1299,priest,discipline,54,24,30
24268,Sebbepriest,twisting-nether,1298,priest,discipline,24,14,10
24269,Agorasii,frostwolf,1298,priest,discipline,42,22,20
24270,Voidvania,drakthul,1298,priest,discipline,35,18,17
24271,Nimuëh,ragnaros,1298,priest,discipline,52,24,28
24272,Ranevskiy,kazzak,1298,priest,discipline,38,16,22
24273,Pocketsimp,stormscale,1297,priest,discipline,36,16,20
24274,Matiagmenh,stormscale,1297,priest,discipline,42,18,24
24275,Шкуропльот,gordunni,1296,priest,discipline,88,46,42
24276,Vannax,arygos,1295,priest,discipline,78,35,43
24277,Voidwaffel,blackmoore,1295,priest,discipline,38,17,21
24278,Elderath,eredar,1295,priest,discipline,60,22,38
24279,Dinma,argent-dawn,1294,priest,discipline,167,91,76
24280,Aeo,twisting-nether,1294,priest,discipline,83,43,40
24281,Ministry,tirion,1294,priest,discipline,36,15,21
24282,Duaijhutari,outland,1293,priest,discipline,52,30,22
24283,Oohopeoo,blackmoore,1293,priest,discipline,42,23,19
24284,Pl,sunstrider,1293,priest,discipline,42,22,20
24285,Credor,blackrock,1293,priest,discipline,42,19,23
24286,Jerolol,sanguino,1293,priest,discipline,68,28,40
24287,Shadowpeste,aggra-português,1292,priest,discipline,144,81,63
24288,Nikotyna,doomhammer,1292,priest,discipline,107,51,56
24289,Onicolla,terokkar,1292,priest,discipline,126,60,66
24290,Bandgap,antonidas,1292,priest,discipline,98,44,54
24291,Асуартхас,gordunni,1292,priest,discipline,84,31,53
24292,Mustatomi,stormreaver,1291,priest,discipline,27,14,13
24293,Chuwbakka,kazzak,1290,priest,discipline,34,22,12
24294,Sílvana,nordrassil,1290,priest,discipline,118,61,57
24295,Sissi,blackmoore,1290,priest,discipline,108,53,55
24296,Alfaböna,outland,1289,priest,discipline,122,66,56
24297,Yuuvi,ravencrest,1289,priest,discipline,83,37,46
24298,Brainwash,darksorrow,1289,priest,discipline,53,18,35
24299,Jerichó,blackmoore,1288,priest,discipline,36,24,12
24300,Zaradana,tarren-mill,1288,priest,discipline,78,40,38
24301,Ebolaidman,ravencrest,1288,priest,discipline,48,24,24
24302,Tristar,nethersturm,1287,priest,discipline,35,19,16
24303,Dartheon,twisting-nether,1287,priest,discipline,83,36,47
24304,Pregrip,twisting-nether,1284,priest,discipline,236,116,120
24305,Deneye,thunderhorn,1282,priest,discipline,42,28,14
24306,Pleistras,magtheridon,1282,priest,discipline,154,88,66
24307,Mynameisebe,twisting-nether,1282,priest,discipline,42,18,24
24308,Glärë,burning-legion,1281,priest,discipline,81,50,31
24309,Jimmyhoffa,stormscale,1281,priest,discipline,54,32,22
24310,Møldark,silvermoon,1281,priest,discipline,101,43,58
24311,Инстенли,howling-fjord,1281,priest,discipline,60,25,35
24312,Superfelyn,ragnaros,1280,priest,discipline,51,27,24
24313,Doncamïllo,blackrock,1280,priest,discipline,47,22,25
24314,Olereo,blackhand,1280,priest,discipline,84,39,45
24315,Purityn,blackhand,1280,priest,discipline,42,14,28
24316,Тэвиель,gordunni,1279,priest,discipline,78,30,48
24317,Hetha9DB102,argent-dawn,1278,priest,discipline,80,52,28
24318,Kïmbo,kazzak,1278,priest,discipline,65,26,39
24319,Wortgottes,blackrock,1277,priest,discipline,28,16,12
24320,Nomorelight,stormscale,1277,priest,discipline,85,44,41
24321,Valeriana,stormreaver,1277,priest,discipline,96,47,49
24322,Genthus,kazzak,1277,priest,discipline,72,34,38
24323,Juhduss,tarren-mill,1276,priest,discipline,30,17,13
24324,Fullymetalz,defias-brotherhood,1276,priest,discipline,64,34,30
24325,Ùçù,dalaran,1276,priest,discipline,52,26,26
24326,Asuriyan,grim-batol,1276,priest,discipline,69,34,35
24327,Necronidas,burning-legion,1275,priest,discipline,20,14,6
24328,Zenoo,argent-dawn,1275,priest,discipline,36,22,14
24329,Hardloker,ravencrest,1275,priest,discipline,84,38,46
24330,Aroghul,eredar,1275,priest,discipline,96,42,54
24331,Capriestun,hellfire,1274,priest,discipline,34,20,14
24332,Aladorius,la-croisade-écarlate,1273,priest,discipline,46,25,21
24333,Velles,nazjatar,1273,priest,discipline,363,181,182
24334,Nuvie,ravencrest,1273,priest,discipline,60,28,32
24335,Relöaded,kazzak,1273,priest,discipline,54,18,36
24336,Yassjr,archimonde,1272,priest,discipline,26,14,12
24337,Фурлена,blackscar,1272,priest,discipline,97,49,48
24338,Overshadowed,kazzak,1272,priest,discipline,175,80,95
24339,Yante,ragnaros,1271,priest,discipline,36,18,18
24340,Jeuhy,talnivarr,1271,priest,discipline,89,43,46
24341,Fleamana,stormscale,1271,priest,discipline,36,17,19
24342,Filit,hyjal,1271,priest,discipline,36,15,21
24343,Mishas,draenor,1270,priest,discipline,42,24,18
24344,Nerul,twisting-nether,1270,priest,discipline,70,35,35
24345,Zùt,ysondre,1269,priest,discipline,48,28,20
24346,Outcast,korgall,1269,priest,discipline,60,30,30
24347,Мегаствол,howling-fjord,1269,priest,discipline,60,28,32
24348,Дюрэкс,soulflayer,1268,priest,discipline,48,22,26
24349,Теньраа,soulflayer,1268,priest,discipline,42,14,28
24350,Elderiel,turalyon,1267,priest,discipline,219,109,110
24351,Alaeddin,kazzak,1266,priest,discipline,362,173,189
24352,Zofa,sunstrider,1266,priest,discipline,38,18,20
24353,Пофанчику,gordunni,1266,priest,discipline,58,27,31
24354,Blagovesta,ravencrest,1266,priest,discipline,42,14,28
24355,Aerosoll,drakthul,1265,priest,discipline,36,20,16
24356,Hêsêkiêl,eredar,1265,priest,discipline,48,23,25
24357,Mallkie,ysondre,1264,priest,discipline,30,18,12
24358,Bigfnatlund,silvermoon,1264,priest,discipline,35,17,18
24359,Акктуальная,deepholm,1263,priest,discipline,48,25,23
24360,Kaktosz,ragnaros,1263,priest,discipline,66,26,40
24361,Svartochelak,stormscale,1262,priest,discipline,42,16,26
24362,Pètunia,ravencrest,1260,priest,discipline,216,113,103
24363,Аквариусс,gordunni,1260,priest,discipline,60,30,30
24364,Nøheall,ysondre,1260,priest,discipline,83,30,53
24365,Søînx,archimonde,1259,priest,discipline,27,17,10
24366,Liasanya,kelthuzad,1259,priest,discipline,30,18,12
24367,Veýýon,blackmoore,1259,priest,discipline,36,19,17
24368,Alexnator,malganis,1258,priest,discipline,54,22,32
24369,Flokz,archimonde,1257,priest,discipline,24,14,10
24370,Añgêl,ravencrest,1257,priest,discipline,117,60,57
24371,Euphorius,blackmoore,1257,priest,discipline,54,26,28
24372,Jordí,darkspear,1257,priest,discipline,191,88,103
24373,Healy,blackrock,1257,priest,discipline,60,27,33
24374,Dotsin,kazzak,1256,priest,discipline,196,102,94
24375,Argaar,burning-legion,1256,priest,discipline,54,28,26
24376,Holybunny,blackrock,1255,priest,discipline,66,34,32
24377,Фрустрациия,soulflayer,1255,priest,discipline,34,17,17
24378,Míllerzz,ragnaros,1255,priest,discipline,54,22,32
24379,Praystatîon,dragonblight,1254,priest,discipline,132,80,52
24380,Удзумукец,howling-fjord,1254,priest,discipline,102,42,60
24381,Mournus,defias-brotherhood,1253,priest,discipline,47,35,12
24382,Liliashet,sanguino,1253,priest,discipline,50,28,22
24383,Nukksch,antonidas,1253,priest,discipline,176,80,96
24384,Ufos,stormscale,1253,priest,discipline,42,15,27
24385,Mercies,kazzak,1252,priest,discipline,23,14,9
24386,Torcena,garrosh,1252,priest,discipline,48,16,32
24387,Kelras,grim-batol,1251,priest,discipline,104,63,41
24388,Lalola,tarren-mill,1251,priest,discipline,54,30,24
24389,Даркфолс,soulflayer,1251,priest,discipline,59,30,29
24390,Spoc,blackrock,1250,priest,discipline,53,29,24
24391,Seneth,twisting-nether,1250,priest,discipline,35,15,20
24392,Lzmad,archimonde,1249,priest,discipline,60,34,26
24393,Jeuwls,argent-dawn,1249,priest,discipline,109,60,49
24394,Howaya,la-croisade-écarlate,1249,priest,discipline,60,32,28
24395,Arenarooky,eredar,1249,priest,discipline,42,22,20
24396,Buan,outland,1248,priest,discipline,18,13,5
24397,Suprenext,draenor,1248,priest,discipline,24,13,11
24398,Mazikeen,stormscale,1248,priest,discipline,24,13,11
24399,Mediumheals,tarren-mill,1248,priest,discipline,99,48,51
24400,Stmichael,silvermoon,1248,priest,discipline,38,15,23
24401,Dêmôn,stormscale,1247,priest,discipline,18,13,5
24402,Zathada,twisting-nether,1247,priest,discipline,30,19,11
24403,Swdömmel,aegwynn,1247,priest,discipline,24,13,11
24404,Feedergodx,dun-modr,1247,priest,discipline,24,13,11
24405,Krokkete,hyjal,1247,priest,discipline,24,13,11
24406,Mgx,defias-brotherhood,1247,priest,discipline,30,13,17
24407,Noukeé,blackrock,1247,priest,discipline,36,13,23
24408,Sùzy,ravencrest,1247,priest,discipline,36,13,23
24409,Maylà,aegwynn,1247,priest,discipline,60,20,40
24410,Эмжи,howling-fjord,1246,priest,discipline,18,13,5
24411,Ørrak,hyjal,1246,priest,discipline,24,14,10
24412,Mirupriest,sanguino,1246,priest,discipline,24,13,11
24413,Ishkà,stormscale,1246,priest,discipline,24,13,11
24414,Brach,nazjatar,1246,priest,discipline,84,43,41
24415,Perdítá,thrall,1246,priest,discipline,213,106,107
24416,Quepimquepam,tarren-mill,1246,priest,discipline,41,18,23
24417,Deliâz,aegwynn,1246,priest,discipline,36,14,22
24418,Syntaria,pozzo-delleternità,1245,priest,discipline,24,13,11
24419,Леддигага,gordunni,1245,priest,discipline,24,13,11
24420,Доминантрикс,soulflayer,1245,priest,discipline,46,22,24
24421,Supemi,stormscale,1245,priest,discipline,30,13,17
24422,Undeadpriest,aegwynn,1245,priest,discipline,36,13,23
24423,Theycmedotin,blackhand,1245,priest,discipline,42,13,29
24424,Elyradp,dun-modr,1244,priest,discipline,60,34,26
24425,Hotdog,kult-der-verdammten,1244,priest,discipline,30,17,13
24426,Egî,lothar,1244,priest,discipline,24,13,11
24427,Virgosenpai,silvermoon,1244,priest,discipline,48,23,25
24428,Louiepr,outland,1244,priest,discipline,30,13,17
24429,Jumby,outland,1244,priest,discipline,30,13,17
24430,Tackerjoè,eredar,1244,priest,discipline,48,20,28
24431,Шадоухоррор,gordunni,1244,priest,discipline,51,20,31
24432,Wedoburgers,ravencrest,1243,priest,discipline,18,13,5
24433,Takeoff,dun-morogh,1243,priest,discipline,36,23,13
24434,Vokuheala,tarren-mill,1243,priest,discipline,29,16,13
24435,Monataamis,kazzak,1243,priest,discipline,30,13,17
24436,Dreê,hyjal,1243,priest,discipline,30,13,17
24437,Stahpit,twisting-nether,1243,priest,discipline,36,13,23
24438,Roxxes,kazzak,1242,priest,discipline,24,13,11
24439,Gumer,antonidas,1242,priest,discipline,24,13,11
24440,Chîllipriest,draenor,1242,priest,discipline,24,13,11
24441,Ecg,silvermoon,1242,priest,discipline,30,13,17
24442,Gudrinieks,shattered-halls,1242,priest,discipline,38,16,22
24443,Bjornqt,ragnaros,1242,priest,discipline,48,17,31
24444,Romero,sylvanas,1241,priest,discipline,18,13,5
24445,Серью,booty-bay,1241,priest,discipline,18,13,5
24446,Holybestie,eredar,1241,priest,discipline,24,16,8
24447,Oecgreg,ysondre,1241,priest,discipline,24,13,11
24448,Shdwxy,blackrock,1240,priest,discipline,24,13,11
24449,Вутитути,howling-fjord,1240,priest,discipline,30,13,17
24450,Злюкыч,gordunni,1239,priest,discipline,60,29,31
24451,Gøðlìke,aegwynn,1239,priest,discipline,60,23,37
24452,Mamasmilk,draenor,1238,priest,discipline,40,25,15
24453,Дайбчик,gordunni,1238,priest,discipline,34,21,13
24454,Apèx,blackrock,1238,priest,discipline,78,40,38
24455,Новокшан,soulflayer,1237,priest,discipline,36,18,18
24456,Фрит,lich-king,1236,priest,discipline,63,35,28
24457,Héntai,argent-dawn,1236,priest,discipline,30,15,15
24458,Crazypablito,burning-legion,1236,priest,discipline,59,25,34
24459,Jbte,silvermoon,1235,priest,discipline,102,57,45
24460,Speltmor,stormscale,1235,priest,discipline,24,13,11
24461,Discovery,aggra-português,1235,priest,discipline,54,28,26
24462,Mivale,aszune,1234,priest,discipline,26,15,11
24463,Holyswift,dun-morogh,1234,priest,discipline,173,91,82
24464,Héternel,ysondre,1234,priest,discipline,56,27,29
24465,Shadoomed,kazzak,1234,priest,discipline,66,27,39
24466,Divaz,eredar,1234,priest,discipline,48,18,30
24467,Nestélle,drakthul,1233,priest,discipline,105,49,56
24468,Wandéline,arathi,1233,priest,discipline,59,26,33
24469,Pretee,nemesis,1233,priest,discipline,30,13,17
24470,Anotherlife,stormscale,1232,priest,discipline,18,13,5
24471,Janinw,sylvanas,1232,priest,discipline,30,13,17
24472,Samtig,malganis,1232,priest,discipline,57,23,34
24473,Dibelo,eredar,1232,priest,discipline,35,14,21
24474,Лютаяшиза,gordunni,1231,priest,discipline,24,13,11
24475,Várósh,blackmoore,1231,priest,discipline,42,19,23
24476,Lucianßk,sanguino,1230,priest,discipline,48,27,21
24477,Appox,amanthul,1229,priest,discipline,24,13,11
24478,Пенансиня,gordunni,1229,priest,discipline,36,13,23
24479,Топчикс,gordunni,1228,priest,discipline,94,46,48
24480,Ggsus,outland,1228,priest,discipline,66,25,41
24481,Enzyme,drakthul,1227,priest,discipline,18,13,5
24482,Myrmeen,silvermoon,1227,priest,discipline,85,43,42
24483,Shomäre,ysondre,1226,priest,discipline,30,16,14
24484,Seum,ravencrest,1226,priest,discipline,86,45,41
24485,Darkheall,sanguino,1226,priest,discipline,75,32,43
24486,Killerkende,ragnaros,1226,priest,discipline,40,17,23
24487,Aiewn,elune,1225,priest,discipline,63,35,28
24488,Netomv,kazzak,1225,priest,discipline,35,18,17
24489,Duem,kazzak,1225,priest,discipline,54,27,27
24490,Triksas,sylvanas,1224,priest,discipline,36,26,10
24491,Saat,dalaran,1224,priest,discipline,26,18,8
24492,Baglet,ravencrest,1224,priest,discipline,24,13,11
24493,Miralou,ravencrest,1224,priest,discipline,240,126,114
24494,Healyourmum,stormscale,1224,priest,discipline,72,36,36
24495,Drennaria,draenor,1224,priest,discipline,65,31,34
24496,Therezzer,burning-legion,1224,priest,discipline,36,16,20
24497,Liaru,aegwynn,1224,priest,discipline,42,13,29
24498,Gertie,blackhand,1223,priest,discipline,52,32,20
24499,Gobie,sunstrider,1223,priest,discipline,30,13,17
24500,Goodgirl,frostmane,1222,priest,discipline,22,14,8
24501,Kizzorde,ragnaros,1222,priest,discipline,60,32,28
24502,Perimortal,norgannon,1221,priest,discipline,51,24,27
24503,Nérôck,frostwolf,1221,priest,discipline,39,16,23
24504,Zolfiqar,tarren-mill,1220,priest,discipline,18,14,4
24505,Vès,stormscale,1220,priest,discipline,72,37,35
24506,Øwlsoo,confrérie-du-thorium,1220,priest,discipline,130,66,64
24507,Amphôra,archimonde,1220,priest,discipline,30,14,16
24508,Карнотит,howling-fjord,1219,priest,discipline,180,82,98
24509,Xghazo,sylvanas,1218,priest,discipline,45,25,20
24510,Лолиэль,soulflayer,1218,priest,discipline,57,31,26
24511,Talonjean,conseil-des-ombres,1218,priest,discipline,24,13,11
24512,Ginebra,archimonde,1217,priest,discipline,24,14,10
24513,Unleet,sylvanas,1217,priest,discipline,62,30,32
24514,Attenna,ravencrest,1217,priest,discipline,81,34,47
24515,Nìak,ysondre,1217,priest,discipline,100,39,61
24516,Капляболи,gordunni,1216,priest,discipline,51,28,23
24517,Yojoyo,draenor,1216,priest,discipline,143,67,76
24518,Xarxis,twisting-nether,1216,priest,discipline,42,13,29
24519,Diçkhëad,ravencrest,1215,priest,discipline,61,31,30
24520,Türapea,draenor,1215,priest,discipline,116,57,59
24521,Feydottir,draenor,1214,priest,discipline,36,19,17
24522,Nymrasus,ravencrest,1213,priest,discipline,24,13,11
24523,Sandaal,drakthul,1213,priest,discipline,72,36,36
24524,Lãwh,hyjal,1213,priest,discipline,89,43,46
24525,Taiyöshin,silvermoon,1212,priest,discipline,42,14,28
24526,Ðøð,dalaran,1210,priest,discipline,54,33,21
24527,Firstkiss,rexxar,1210,priest,discipline,36,22,14
24528,Selenar,neptulon,1210,priest,discipline,48,26,22
24529,Vempress,neptulon,1210,priest,discipline,48,24,24
24530,Drë,daggerspine,1209,priest,discipline,29,13,16
24531,Nëophytë,zuljin,1207,priest,discipline,72,35,37
24532,Eník,blackrock,1206,priest,discipline,36,15,21
24533,Thyrandis,dragonblight,1206,priest,discipline,34,14,20
24534,Nostramo,kirin-tor,1206,priest,discipline,54,19,35
24535,Nethenielle,malganis,1205,priest,discipline,42,20,22
24536,Linara,frostmane,1204,priest,discipline,18,13,5
24537,Littleabs,the-maelstrom,1204,priest,discipline,71,35,36
24538,Nazo,sylvanas,1203,priest,discipline,77,43,34
24539,Simbaba,archimonde,1203,priest,discipline,36,19,17
24540,Nioubèy,archimonde,1203,priest,discipline,29,15,14
24541,Жрицазла,soulflayer,1203,priest,discipline,54,25,29
24542,Werita,frostmane,1203,priest,discipline,122,54,68
24543,Свежага,howling-fjord,1203,priest,discipline,76,33,43
24544,Umbraya,blackhand,1203,priest,discipline,78,26,52
24545,Beaglep,blackrock,1203,priest,discipline,53,13,40
24546,Janclod,pozzo-delleternità,1202,priest,discipline,24,14,10
24547,Healsquad,draenor,1202,priest,discipline,32,16,16
24548,Phórkys,kazzak,1201,priest,discipline,197,100,97
24549,Swtt,sanguino,1201,priest,discipline,72,36,36
24550,Акимбопушка,howling-fjord,1201,priest,discipline,44,17,27
24551,Dementzia,argent-dawn,1200,priest,discipline,89,43,46
24552,Marylin,senjin,1200,priest,discipline,114,52,62
24553,Leprie,draenor,1199,priest,discipline,39,15,24
24554,Джейнкелли,borean-tundra,1198,priest,discipline,138,81,57
24555,Csiillux,ragnaros,1198,priest,discipline,36,19,17
24556,Carrhyks,archimonde,1198,priest,discipline,72,31,41
24557,Drtickomaru,drakthul,1197,priest,discipline,32,16,16
24558,Rightx,outland,1197,priest,discipline,84,38,46
24559,Wynkx,zuljin,1196,priest,discipline,66,24,42
24560,Тварьгосподя,gordunni,1195,priest,discipline,281,136,145
24561,Яестькенни,soulflayer,1193,priest,discipline,30,16,14
24562,Vicwix,draenor,1192,priest,discipline,23,13,10
24563,Lyim,stormscale,1192,priest,discipline,23,13,10
24564,Bellanote,dalaran,1192,priest,discipline,83,41,42
24565,Дракулесса,gordunni,1191,priest,discipline,51,24,27
24566,Pvpriestess,silvermoon,1190,priest,discipline,114,53,61
24567,Uro,tirion,1190,priest,discipline,41,14,27
24568,Deppara,twisting-nether,1189,priest,discipline,24,15,9
24569,Zergo,karazhan,1189,priest,discipline,52,18,34
24570,Скорояпомощь,gordunni,1187,priest,discipline,54,33,21
24571,Megalodön,draenor,1187,priest,discipline,45,17,28
24572,Kårejonny,tarren-mill,1186,priest,discipline,55,28,27
24573,Sacerfull,sanguino,1186,priest,discipline,83,39,44
24574,Lillthya,kazzak,1186,priest,discipline,58,24,34
24575,Zranda,magtheridon,1185,priest,discipline,78,36,42
24576,Verrottênd,frostwolf,1185,priest,discipline,64,27,37
24577,Dazé,ravencrest,1184,priest,discipline,41,32,9
24578,Devîlcry,nordrassil,1184,priest,discipline,96,55,41
24579,Lighter,dragonblight,1183,priest,discipline,58,35,23
24580,Obito,outland,1183,priest,discipline,23,13,10
24581,Freezydot,silvermoon,1183,priest,discipline,87,49,38
24582,Летиин,gordunni,1183,priest,discipline,65,27,38
24583,Sickz,blackrock,1183,priest,discipline,42,15,27
24584,Забвениеждёт,gordunni,1182,priest,discipline,41,16,25
24585,Аэрэта,deathguard,1181,priest,discipline,24,15,9
24586,Jokaël,ysondre,1181,priest,discipline,42,13,29
24587,Angusbeêf,blackrock,1180,priest,discipline,136,71,65
24588,Valnaya,draenor,1179,priest,discipline,61,34,27
24589,Камшотхил,gordunni,1179,priest,discipline,42,23,19
24590,Lekadolplusc,doomhammer,1178,priest,discipline,230,123,107
24591,Jaimeê,der-rat-von-dalaran,1177,priest,discipline,31,16,15
24592,Nnaoy,ysondre,1177,priest,discipline,26,13,13
24593,Whitepitch,doomhammer,1177,priest,discipline,89,39,50
24594,Snoopqt,dalaran,1177,priest,discipline,43,14,29
24595,Loetharion,archimonde,1174,priest,discipline,71,36,35
24596,Nelvor,silvermoon,1174,priest,discipline,42,21,21
24597,Rashyd,sylvanas,1173,priest,discipline,42,24,18
24598,Володябигуди,howling-fjord,1172,priest,discipline,29,13,16
24599,Парикнахер,soulflayer,1171,priest,discipline,36,23,13
24600,Ksiadzrydzyk,draenor,1171,priest,discipline,30,17,13
24601,Captn,draenor,1171,priest,discipline,54,22,32
24602,Drioz,ysondre,1170,priest,discipline,72,40,32
24603,Cøøbrà,hyjal,1170,priest,discipline,70,38,32
24604,Petshopboi,sylvanas,1170,priest,discipline,27,14,13
24605,Palitox,kazzak,1170,priest,discipline,30,14,16
24606,Àri,magtheridon,1170,priest,discipline,41,15,26
24607,Allisandre,hellscream,1169,priest,discipline,24,13,11
24608,Ноубадди,howling-fjord,1169,priest,discipline,67,32,35
24609,Eremit,silvermoon,1168,priest,discipline,61,29,32
24610,Chocopríest,blackmoore,1168,priest,discipline,30,13,17
24611,Elclasico,blackrock,1168,priest,discipline,62,25,37
24612,Drsmort,blackrock,1166,priest,discipline,78,37,41
24613,Эски,howling-fjord,1165,priest,discipline,36,13,23
24614,Plaguetale,archimonde,1164,priest,discipline,59,33,26
24615,Flyingdutch,tarren-mill,1164,priest,discipline,247,115,132
24616,Монесса,howling-fjord,1164,priest,discipline,44,20,24
24617,Olîra,hyjal,1163,priest,discipline,30,14,16
24618,Soehzz,khaz-modan,1163,priest,discipline,48,21,27
24619,Desperion,ragnaros,1163,priest,discipline,79,34,45
24620,Stclemens,defias-brotherhood,1162,priest,discipline,39,19,20
24621,Blàckângel,blackrock,1161,priest,discipline,312,156,156
24622,Klaura,blackmoore,1161,priest,discipline,30,15,15
24623,Javvi,sylvanas,1158,priest,discipline,78,44,34
24624,Goldenapples,ravencrest,1158,priest,discipline,39,21,18
24625,Vebbysor,sylvanas,1158,priest,discipline,30,15,15
24626,Veecna,the-maelstrom,1158,priest,discipline,60,27,33
24627,Гуляль,howling-fjord,1157,priest,discipline,76,43,33
24628,Nunnis,kazzak,1157,priest,discipline,198,111,87
24629,Kyrédan,dalaran,1157,priest,discipline,133,69,64
24630,Brunestùd,pozzo-delleternità,1157,priest,discipline,68,33,35
24631,Mjölkpelle,twisting-nether,1156,priest,discipline,24,18,6
24632,Réborn,tarren-mill,1156,priest,discipline,36,19,17
24633,Divinekat,tarren-mill,1155,priest,discipline,22,13,9
24634,Jezlung,frostmane,1154,priest,discipline,48,26,22
24635,Chega,malganis,1154,priest,discipline,84,34,50
24636,Гундяй,soulflayer,1153,priest,discipline,51,28,23
24637,Karellian,silvermoon,1153,priest,discipline,36,17,19
24638,Neytirinqt,doomhammer,1153,priest,discipline,54,25,29
24639,Незерхэвэн,soulflayer,1152,priest,discipline,24,12,12
24640,Найтингеилл,gordunni,1152,priest,discipline,24,12,12
24641,Djros,magtheridon,1152,priest,discipline,24,12,12
24642,Cringê,ravencrest,1152,priest,discipline,24,12,12
24643,Donpedrila,kazzak,1152,priest,discipline,24,12,12
24644,Djrussia,tarren-mill,1152,priest,discipline,30,12,18
24645,Djokui,uldum,1152,priest,discipline,30,12,18
24646,Uncreative,ravencrest,1151,priest,discipline,18,12,6
24647,Sloee,kazzak,1151,priest,discipline,18,12,6
24648,Junglemafia,nemesis,1151,priest,discipline,18,12,6
24649,Deadsloth,hyjal,1151,priest,discipline,24,12,12
24650,Arythc,ahnqiraj,1151,priest,discipline,24,12,12
24651,Ксенонх,gordunni,1151,priest,discipline,24,12,12
24652,Shadeblaze,draenor,1151,priest,discipline,38,16,22
24653,Nothappy,ragnaros,1151,priest,discipline,30,12,18
24654,Shììnx,hyjal,1151,priest,discipline,30,12,18
24655,Fléxéd,burning-legion,1150,priest,discipline,24,12,12
24656,Davóss,outland,1150,priest,discipline,24,12,12
24657,Naomirussell,sylvanas,1150,priest,discipline,24,12,12
24658,Изишвд,gordunni,1150,priest,discipline,30,12,18
24659,Nuriva,frostmane,1150,priest,discipline,36,12,24
24660,Windywendy,blackrock,1149,priest,discipline,18,12,6
24661,Chukapi,stormscale,1149,priest,discipline,24,13,11
24662,Floorpovx,blackmoore,1149,priest,discipline,24,12,12
24663,Soloqbob,kazzak,1149,priest,discipline,30,12,18
24664,Iyannà,blackrock,1148,priest,discipline,18,12,6
24665,Discmoo,kazzak,1148,priest,discipline,20,12,8
24666,Faouzia,argent-dawn,1148,priest,discipline,30,12,18
24667,Deicidex,blackrock,1147,priest,discipline,36,12,24
24668,Badguymike,ragnaros,1146,priest,discipline,18,12,6
24669,Elronmcbông,ravencrest,1146,priest,discipline,53,20,33
24670,Docpower,twisting-nether,1145,priest,discipline,24,12,12
24671,Фикспрайз,gordunni,1145,priest,discipline,24,12,12
24672,Kilrog,blackrock,1145,priest,discipline,24,12,12
24673,Johnnypleb,blackrock,1144,priest,discipline,114,58,56
24674,Hötchick,outland,1144,priest,discipline,24,12,12
24675,Blacklemons,thrall,1144,priest,discipline,24,12,12
24676,Intentoso,nemesis,1144,priest,discipline,30,12,18
24677,Loliheal,blackmoore,1144,priest,discipline,34,13,21
24678,Ilovechildrn,silvermoon,1143,priest,discipline,18,12,6
24679,Utsuro,stormscale,1142,priest,discipline,24,12,12
24680,Саня,razuvious,1142,priest,discipline,24,12,12
24681,Manau,culte-de-la-rive-noire,1142,priest,discipline,30,12,18
24682,Noskan,silvermoon,1141,priest,discipline,21,13,8
24683,Kínson,the-maelstrom,1141,priest,discipline,42,24,18
24684,Karzin,aggra-português,1141,priest,discipline,66,32,34
24685,Daesa,defias-brotherhood,1140,priest,discipline,24,14,10
24686,Убивал,soulflayer,1140,priest,discipline,24,12,12
24687,Dotterin,draenor,1140,priest,discipline,24,12,12
24688,Canthms,twisting-nether,1139,priest,discipline,42,25,17
24689,Mädmän,draenor,1139,priest,discipline,72,38,34
24690,Dezriah,tarren-mill,1139,priest,discipline,76,39,37
24691,Kaydenkross,eredar,1139,priest,discipline,42,12,30
24692,Bacberon,skullcrusher,1138,priest,discipline,18,12,6
24693,Quinax,shattered-hand,1138,priest,discipline,24,12,12
24694,Boyraz,argent-dawn,1138,priest,discipline,48,21,27
24695,Clapclap,frostmourne,1138,priest,discipline,34,13,21
24696,Chankro,sanguino,1137,priest,discipline,24,12,12
24697,Drüdkh,tarren-mill,1137,priest,discipline,36,12,24
24698,Keimohansio,twisting-nether,1136,priest,discipline,48,23,25
24699,Seras,bloodfeather,1136,priest,discipline,102,46,56
24700,Jagersmite,twisting-nether,1136,priest,discipline,55,24,31
24701,Guerilagusto,draenor,1136,priest,discipline,30,12,18
24702,Drissz,archimonde,1135,priest,discipline,24,12,12
24703,Holyschidt,amanthul,1135,priest,discipline,247,120,127
24704,Nygel,kazzak,1134,priest,discipline,27,14,13
24705,Joncartagena,sanguino,1133,priest,discipline,24,12,12
24706,Velosp,defias-brotherhood,1133,priest,discipline,30,12,18
24707,Deliverme,frostmane,1132,priest,discipline,18,12,6
24708,Zák,sylvanas,1131,priest,discipline,24,12,12
24709,Arklim,burning-blade,1130,priest,discipline,32,12,20
24710,Anaalipeura,stormreaver,1130,priest,discipline,36,12,24
24711,Gromalia,hyjal,1129,priest,discipline,24,12,12
24712,Balhlin,argent-dawn,1129,priest,discipline,24,12,12
24713,Jeez,twilights-hammer,1127,priest,discipline,36,12,24
24714,Crazyhemsire,twisting-nether,1125,priest,discipline,24,14,10
24715,Курумничек,gordunni,1124,priest,discipline,18,12,6
24716,Frittê,anetheron,1124,priest,discipline,57,29,28
24717,Elfdarkholme,stormscale,1124,priest,discipline,30,13,17
24718,Calsote,sanguino,1124,priest,discipline,36,12,24
24719,Rog,norgannon,1123,priest,discipline,24,12,12
24720,Kiieevv,blackrock,1123,priest,discipline,90,35,55
24721,Spookyfive,blackhand,1123,priest,discipline,73,26,47
24722,Zerula,outland,1122,priest,discipline,167,81,86
24723,Kurtse,archimonde,1121,priest,discipline,28,14,14
24724,Biblebabe,tarren-mill,1121,priest,discipline,24,12,12
24725,Марджелла,howling-fjord,1119,priest,discipline,28,13,15
24726,Iømÿnudir,archimonde,1119,priest,discipline,30,13,17
24727,Limpopon,doomhammer,1119,priest,discipline,39,15,24
24728,Thiela,ravencrest,1117,priest,discipline,20,13,7
24729,Spooka,ravencrest,1117,priest,discipline,23,12,11
24730,Pontifex,baelgun,1116,priest,discipline,42,25,17
24731,Nyell,silvermoon,1115,priest,discipline,22,12,10
24732,Klaniara,silvermoon,1115,priest,discipline,28,15,13
24733,Мазка,galakrond,1115,priest,discipline,30,12,18
24734,Bigwoopsie,stormscale,1114,priest,discipline,24,14,10
24735,Bluxon,kazzak,1113,priest,discipline,22,12,10
24736,Qsandria,ravencrest,1112,priest,discipline,50,24,26
24737,Залупский,gordunni,1111,priest,discipline,24,12,12
24738,Milessa,steamwheedle-cartel,1111,priest,discipline,48,18,30
24739,Nykothp,ghostlands,1110,priest,discipline,30,12,18
24740,Baddly,silvermoon,1110,priest,discipline,35,12,23
24741,Fetuz,ravenholdt,1109,priest,discipline,48,20,28
24742,Kranrekan,archimonde,1109,priest,discipline,37,12,25
24743,Стаминабаф,gordunni,1108,priest,discipline,21,13,8
24744,Taili,ysondre,1107,priest,discipline,32,13,19
24745,Nigellä,azjolnerub,1107,priest,discipline,36,12,24
24746,Deckardkain,pozzo-delleternità,1105,priest,discipline,60,33,27
24747,Thörbjorn,confrérie-du-thorium,1105,priest,discipline,30,15,15
24748,Valente,twisting-nether,1105,priest,discipline,60,22,38
24749,Elyssez,thrall,1104,priest,discipline,61,22,39
24750,Lydîâ,blackhand,1102,priest,discipline,23,12,11
24751,Dqt,ragnaros,1102,priest,discipline,29,12,17
24752,Shadowlander,dun-modr,1100,priest,discipline,27,12,15
24753,Möd,ragnaros,1100,priest,discipline,30,13,17
24754,Popegoat,ragnaros,1099,priest,discipline,35,26,9
24755,Neosix,sanguino,1098,priest,discipline,24,13,11
24756,Шэдоура,gordunni,1098,priest,discipline,27,13,14
24757,Vaurork,stormscale,1096,priest,discipline,23,12,11
24758,Xakala,cthun,1095,priest,discipline,67,34,33
24759,Хильдинда,soulflayer,1095,priest,discipline,48,22,26
24760,Praywingsebb,nazjatar,1091,priest,discipline,24,13,11
24761,Мояродная,howling-fjord,1091,priest,discipline,43,13,30
24762,Malyzion,draenor,1090,priest,discipline,72,33,39
24763,Anethron,ragnaros,1089,priest,discipline,72,39,33
24764,Necromania,cthun,1089,priest,discipline,123,58,65
24765,Попячебрило,gordunni,1088,priest,discipline,60,31,29
24766,Латрам,greymane,1084,priest,discipline,82,30,52
24767,Prognosis,frostwhisper,1083,priest,discipline,36,17,19
24768,Таймыр,gordunni,1082,priest,discipline,107,46,61
24769,Nellytaa,dalaran,1080,priest,discipline,33,17,16
24770,Sisdenna,doomhammer,1080,priest,discipline,203,102,101
24771,Waxosc,silvermoon,1080,priest,discipline,68,28,40
24772,Salskagripme,ragnaros,1079,priest,discipline,18,12,6
24773,Гомотряс,howling-fjord,1079,priest,discipline,102,54,48
24774,Roshaltar,argent-dawn,1078,priest,discipline,48,29,19
24775,Bálíé,blackmoore,1078,priest,discipline,72,35,37
24776,Yelowsnowman,burning-legion,1078,priest,discipline,48,22,26
24777,Оуаы,soulflayer,1076,priest,discipline,39,15,24
24778,Mocnymaco,burning-blade,1075,priest,discipline,145,75,70
24779,Prïstië,drakthul,1074,priest,discipline,57,29,28
24780,Dirim,silvermoon,1074,priest,discipline,54,16,38
24781,Deathspawn,hellscream,1073,priest,discipline,69,37,32
24782,Ünholy,burning-legion,1071,priest,discipline,29,14,15
24783,Szalsza,arathor,1071,priest,discipline,48,20,28
24784,Seanoob,turalyon,1071,priest,discipline,31,12,19
24785,Discoprillan,twisting-nether,1069,priest,discipline,43,23,20
24786,Lunairess,silvermoon,1069,priest,discipline,84,28,56
24787,Nobbisnice,drakthul,1067,priest,discipline,76,33,43
24788,Deeforce,argent-dawn,1067,priest,discipline,74,29,45
24789,Эйнрив,howling-fjord,1066,priest,discipline,113,53,60
24790,Юкич,soulflayer,1065,priest,discipline,34,12,22
24791,Celero,silvermoon,1063,priest,discipline,54,23,31
24792,Prazefin,twisting-nether,1060,priest,discipline,22,13,9
24793,Ãbømînåtîøn,blackrock,1059,priest,discipline,28,22,6
24794,Ожившийприст,soulflayer,1059,priest,discipline,93,46,47
24795,Свапмиплиз,gordunni,1058,priest,discipline,107,51,56
24796,Yânùx,aegwynn,1056,priest,discipline,12,11,1
24797,Swpain,argent-dawn,1056,priest,discipline,12,11,1
24798,Lmnsqzy,ravencrest,1056,priest,discipline,18,11,7
24799,Daskemaskinx,the-maelstrom,1056,priest,discipline,18,11,7
24800,Schwypsvnr,garona,1056,priest,discipline,18,11,7
24801,Bindww,tarren-mill,1056,priest,discipline,18,11,7
24802,Drnoob,tarren-mill,1056,priest,discipline,50,25,25
24803,Ðanilosp,dun-modr,1056,priest,discipline,24,11,13
24804,Carpathîan,blackhand,1056,priest,discipline,72,25,47
24805,Garie,thrall,1056,priest,discipline,38,13,25
24806,Батлджес,gordunni,1055,priest,discipline,18,11,7
24807,Pilgram,twilights-hammer,1055,priest,discipline,18,11,7
24808,Kenobai,kazzak,1055,priest,discipline,18,11,7
24809,Гоплзнекст,gordunni,1055,priest,discipline,18,11,7
24810,Dealtime,ysondre,1055,priest,discipline,18,11,7
24811,Céira,malganis,1055,priest,discipline,18,11,7
24812,Milchzáhn,frostwolf,1055,priest,discipline,20,11,9
24813,Ahun,taerar,1055,priest,discipline,24,11,13
24814,Squishylol,tarren-mill,1055,priest,discipline,24,11,13
24815,Eitukaeitai,outland,1055,priest,discipline,24,11,13
24816,Pureàngel,ravencrest,1055,priest,discipline,24,11,13
24817,Manäka,hyjal,1055,priest,discipline,24,11,13
24818,Swkunz,dun-modr,1055,priest,discipline,24,11,13
24819,Qpapi,quelthalas,1055,priest,discipline,24,11,13
24820,Enaches,twisting-nether,1055,priest,discipline,43,18,25
24821,Voidjutsu,draenor,1055,priest,discipline,74,30,44
24822,Reckxp,twisting-nether,1055,priest,discipline,30,11,19
24823,Deshka,tarren-mill,1055,priest,discipline,30,11,19
24824,Bigwik,tarren-mill,1055,priest,discipline,36,11,25
24825,Ytsal,stormscale,1055,priest,discipline,36,11,25
24826,Dubai,silvermoon,1055,priest,discipline,36,11,25
24827,Leleg,blackhand,1054,priest,discipline,18,11,7
24828,Piperxp,ravencrest,1054,priest,discipline,18,11,7
24829,Metapri,blackhand,1054,priest,discipline,23,14,9
24830,Arya,dunemaul,1054,priest,discipline,24,11,13
24831,Bäckay,silvermoon,1054,priest,discipline,24,11,13
24832,Hòllymèdx,blackmoore,1054,priest,discipline,24,11,13
24833,Anzee,tarren-mill,1054,priest,discipline,24,11,13
24834,Бонзайка,blackscar,1054,priest,discipline,30,11,19
24835,Азмоддан,azuregos,1054,priest,discipline,36,11,25
24836,Szycho,burning-legion,1054,priest,discipline,36,11,25
24837,Zeatt,ysera,1053,priest,discipline,18,11,7
24838,Cøvu,draenor,1053,priest,discipline,18,11,7
24839,Miliane,twisting-nether,1053,priest,discipline,24,11,13
24840,Holynelph,kazzak,1053,priest,discipline,24,11,13
24841,Tsunadesaama,silvermoon,1053,priest,discipline,24,11,13
24842,Towelie,stormscale,1053,priest,discipline,24,11,13
24843,Залик,soulflayer,1053,priest,discipline,29,12,17
24844,Aléhyl,la-croisade-écarlate,1053,priest,discipline,72,28,44
24845,Drwho,zuljin,1053,priest,discipline,33,12,21
24846,Draenera,silvermoon,1052,priest,discipline,59,25,34
24847,Chokmâh,sanguino,1051,priest,discipline,18,11,7
24848,Пристохилю,gordunni,1051,priest,discipline,24,14,10
24849,Inaeries,argent-dawn,1051,priest,discipline,35,20,15
24850,Nevermyndz,blackmoore,1051,priest,discipline,24,11,13
24851,Deki,outland,1051,priest,discipline,30,11,19
24852,Fakéy,draenor,1050,priest,discipline,12,11,1
24853,Cahuña,thrall,1050,priest,discipline,33,19,14
24854,Junglepriest,ravencrest,1050,priest,discipline,24,11,13
24855,Kitanai,silvermoon,1050,priest,discipline,24,11,13
24856,Smokäy,blackhand,1050,priest,discipline,24,11,13
24857,Baloopriest,grim-batol,1050,priest,discipline,30,11,19
24858,Zatón,dun-modr,1050,priest,discipline,30,11,19
24859,Lacrum,ragnaros,1049,priest,discipline,26,15,11
24860,Goosebot,stormscale,1049,priest,discipline,24,11,13
24861,Soupriest,ysondre,1049,priest,discipline,27,12,15
24862,Icyc,outland,1049,priest,discipline,42,11,31
24863,Nøwénna,ravencrest,1049,priest,discipline,42,11,31
24864,Ehther,dun-modr,1048,priest,discipline,18,11,7
24865,Sophoula,silvermoon,1048,priest,discipline,18,11,7
24866,Sanril,ragnaros,1048,priest,discipline,24,11,13
24867,Diskogoblin,drakthul,1048,priest,discipline,24,11,13
24868,Axewound,neptulon,1048,priest,discipline,25,11,14
24869,Neseig,blutkessel,1047,priest,discipline,18,11,7
24870,Deadthicc,hyjal,1047,priest,discipline,18,11,7
24871,Blasfemo,nemesis,1047,priest,discipline,24,11,13
24872,Drumont,kelthuzad,1047,priest,discipline,24,11,13
24873,Ilostmybible,runetotem,1047,priest,discipline,28,12,16
24874,Mambanero,nemesis,1047,priest,discipline,93,38,55
24875,Мерседулька,howling-fjord,1046,priest,discipline,22,12,10
24876,Ichpvpeuch,eredar,1046,priest,discipline,24,11,13
24877,Болътвоя,gordunni,1045,priest,discipline,18,11,7
24878,Jeanpipe,khaz-modan,1044,priest,discipline,12,11,1
24879,Pescá,cthun,1044,priest,discipline,25,13,12
24880,Needmana,hyjal,1044,priest,discipline,36,15,21
24881,Kaos,anetheron,1043,priest,discipline,15,13,2
24882,Ráka,earthen-ring,1043,priest,discipline,26,13,13
24883,Ticklebell,ravencrest,1042,priest,discipline,90,47,43
24884,Эллвинг,howling-fjord,1042,priest,discipline,23,12,11
24885,Treen,silvermoon,1042,priest,discipline,27,11,16
24886,Rhésùs,archimonde,1041,priest,discipline,44,25,19
24887,Holyskull,magtheridon,1041,priest,discipline,124,51,73
24888,Medycus,blackrock,1040,priest,discipline,18,11,7
24889,Khato,rexxar,1040,priest,discipline,21,12,9
24890,Whitemané,argent-dawn,1040,priest,discipline,56,28,28
24891,Swdscript,drakthul,1039,priest,discipline,24,11,13
24892,Worstdisceu,draenor,1039,priest,discipline,24,11,13
24893,Joebando,ravencrest,1038,priest,discipline,62,29,33
24894,Priestar,madmortem,1038,priest,discipline,24,11,13
24895,Celiara,argent-dawn,1038,priest,discipline,34,12,22
24896,Myskou,ragnaros,1037,priest,discipline,12,11,1
24897,Fingerblast,sanguino,1037,priest,discipline,24,12,12
24898,Педаньтяйка,gordunni,1036,priest,discipline,71,45,26
24899,Sytrix,frostwolf,1034,priest,discipline,18,11,7
24900,Trimégiste,hyjal,1033,priest,discipline,112,57,55
24901,Hónòr,sylvanas,1031,priest,discipline,41,11,30
24902,Pasalacabra,zuljin,1030,priest,discipline,24,11,13
24903,Jonnyklebrig,aegwynn,1030,priest,discipline,35,13,22
24904,Îndura,drakthul,1029,priest,discipline,70,33,37
24905,Nupzie,stormscale,1029,priest,discipline,39,15,24
24906,Kreem,frostmane,1028,priest,discipline,18,11,7
24907,Rydzyk,laughing-skull,1028,priest,discipline,24,13,11
24908,Barbiemeth,silvermoon,1026,priest,discipline,66,25,41
24909,Leønix,malfurion,1025,priest,discipline,21,12,9
24910,Bakris,twisting-nether,1024,priest,discipline,24,11,13
24911,Noserenity,outland,1023,priest,discipline,17,11,6
24912,Tmnewho,outland,1022,priest,discipline,22,12,10
24913,Stigy,auchindoun,1022,priest,discipline,24,11,13
24914,Tori,marécage-de-zangar,1021,priest,discipline,20,12,8
24915,Psychoboris,outland,1020,priest,discipline,127,67,60
24916,Sòsò,archimonde,1018,priest,discipline,60,25,35
24917,Grgovan,kazzak,1017,priest,discipline,15,12,3
24918,Junkz,eredar,1016,priest,discipline,18,11,7
24919,Morgoh,die-arguswacht,1016,priest,discipline,156,80,76
24920,Rexxár,aszune,1016,priest,discipline,121,58,63
24921,Sphard,ysondre,1015,priest,discipline,80,25,55
24922,Xanndro,argent-dawn,1014,priest,discipline,34,13,21
24923,Gronni,argent-dawn,1012,priest,discipline,30,15,15
24924,Ghorfindel,kaelthas,1012,priest,discipline,23,11,12
24925,Morrydin,stormreaver,1009,priest,discipline,22,11,11
24926,Yøzø,blackhand,1009,priest,discipline,63,27,36
24927,Apóllyon,antonidas,1009,priest,discipline,40,15,25
24928,Discoruzki,ravencrest,1007,priest,discipline,23,11,12
24929,Howlscastie,stormscale,1007,priest,discipline,54,22,32
24930,Malapriest,dalaran,1005,priest,discipline,23,11,12
24931,Jeus,malganis,1005,priest,discipline,30,11,19
24932,Телоури,galakrond,1004,priest,discipline,27,12,15
24933,Boomhilde,aegwynn,1003,priest,discipline,182,89,93
24934,Kallsen,ravencrest,1002,priest,discipline,45,28,17
24935,Stahj,sanguino,1002,priest,discipline,23,11,12
24936,Uncleben,grim-batol,1002,priest,discipline,23,11,12
24937,Sixeus,outland,1002,priest,discipline,26,12,14
24938,Séfaron,blackmoore,1001,priest,discipline,16,12,4
24939,Steadyog,doomhammer,1000,priest,discipline,24,16,8
24940,Mijuuk,zuljin,1000,priest,discipline,36,23,13
24941,Buzzard,frostmourne,1000,priest,discipline,24,15,9
24942,Rrpriest,silvermoon,998,priest,discipline,68,23,45
24943,Вальдемарс,howling-fjord,996,priest,discipline,29,11,18
24944,Kenderke,ragnaros,994,priest,discipline,23,11,12
24945,Confess,archimonde,994,priest,discipline,24,11,13
24946,Negativeapm,archimonde,991,priest,discipline,17,11,6
24947,Therealopa,blackmoore,991,priest,discipline,104,48,56
24948,Absinthamos,eredar,989,priest,discipline,22,11,11
24949,Góldfinger,norgannon,988,priest,discipline,27,11,16
24950,Healheal,outland,986,priest,discipline,42,18,24
24951,Hinkelstein,defias-brotherhood,983,priest,discipline,44,23,21
24952,Huzlin,kazzak,983,priest,discipline,28,11,17
24953,Lichtelaaie,quelthalas,980,priest,discipline,24,15,9
24954,Satanspawn,neptulon,977,priest,discipline,64,23,41
24955,Арабет,galakrond,975,priest,discipline,107,57,50
24956,Priincess,ragnaros,974,priest,discipline,28,13,15
24957,Maskinjundre,bronzebeard,974,priest,discipline,27,12,15
24958,Vepa,blackrock,972,priest,discipline,52,27,25
24959,Borrex,sanguino,971,priest,discipline,13,11,2
24960,Shalacho,blackrock,970,priest,discipline,52,23,29
24961,Эрьеро,gordunni,970,priest,discipline,36,11,25
24962,Hugeaf,antonidas,969,priest,discipline,13,11,2
24963,Васпохилить,howling-fjord,969,priest,discipline,32,15,17
24964,Teyranamin,defias-brotherhood,965,priest,discipline,25,11,14
24965,Paradigma,outland,964,priest,discipline,35,19,16
24966,Äwësömë,aggra-português,962,priest,discipline,24,12,12
24967,Holyheartx,argent-dawn,962,priest,discipline,34,12,22
24968,Presbyter,mazrigos,961,priest,discipline,21,11,10
24969,Didinini,outland,961,priest,discipline,46,24,22
24970,Níghty,ravencrest,960,priest,discipline,12,10,2
24971,Ghettonelf,sylvanas,960,priest,discipline,12,10,2
24972,Lanat,ravencrest,960,priest,discipline,12,10,2
24973,Piccolamorte,ysondre,960,priest,discipline,12,10,2
24974,Sebbi,ragnaros,960,priest,discipline,18,10,8
24975,Mindhøven,veklor,960,priest,discipline,18,10,8
24976,Asýnc,ravencrest,960,priest,discipline,18,10,8
24977,Sadsadsad,ravencrest,960,priest,discipline,18,10,8
24978,Пухлаясвинка,fordragon,960,priest,discipline,18,10,8
24979,Theythem,stormscale,960,priest,discipline,18,10,8
24980,Wyrofear,ragnaros,960,priest,discipline,18,10,8
24981,Ринкуку,howling-fjord,960,priest,discipline,18,10,8
24982,Lucìanà,blackmoore,960,priest,discipline,18,10,8
24983,Фотосз,soulflayer,960,priest,discipline,18,10,8
24984,Khristo,illidan,960,priest,discipline,18,10,8
24985,Деадхостх,soulflayer,960,priest,discipline,18,10,8
24986,Ykwah,kazzak,960,priest,discipline,24,10,14
24987,ßestworld,draenor,960,priest,discipline,24,10,14
24988,Deathblind,blackmoore,960,priest,discipline,24,10,14
24989,Casic,blackhand,959,priest,discipline,12,10,2
24990,Spánkproof,kazzak,959,priest,discipline,18,10,8
24991,Pouffi,garona,959,priest,discipline,18,10,8
24992,Striderz,outland,959,priest,discipline,18,10,8
24993,Ðaala,blackrock,959,priest,discipline,18,10,8
24994,Yaoz,sanguino,959,priest,discipline,18,10,8
24995,Animalrescue,draenor,959,priest,discipline,18,10,8
24996,Рыжаякискис,soulflayer,959,priest,discipline,18,10,8
24997,Døtgdx,archimonde,959,priest,discipline,18,10,8
24998,Lèss,ysondre,959,priest,discipline,18,10,8
24999,Grimezot,ragnaros,959,priest,discipline,24,10,14
25000,Ivÿx,ravencrest,959,priest,discipline,24,10,14
25001,Phyxiusx,stormscale,959,priest,discipline,24,10,14
25002,Aurorä,burning-legion,959,priest,discipline,24,10,14
25003,Sosûke,archimonde,959,priest,discipline,24,10,14
25004,Zackshock,sanguino,959,priest,discipline,30,10,20
25005,Mêduse,ravencrest,959,priest,discipline,39,11,28
25006,Выдокбля,soulflayer,958,priest,discipline,12,10,2
25007,Awakenedmyth,draenor,958,priest,discipline,12,10,2
25008,Misspingle,sunstrider,958,priest,discipline,18,10,8
25009,Vo,dentarg,958,priest,discipline,18,10,8
25010,Elinaa,die-aldor,958,priest,discipline,18,10,8
25011,Sadgelands,outland,958,priest,discipline,18,10,8
25012,Goldgot,tarren-mill,958,priest,discipline,18,10,8
25013,Ezcobar,twilights-hammer,958,priest,discipline,18,10,8
25014,Thicolascage,draenor,958,priest,discipline,24,10,14
25015,Ømñyx,outland,958,priest,discipline,24,10,14
25016,Faíht,blackrock,958,priest,discipline,24,10,14
25017,Radiancekey,sanguino,958,priest,discipline,24,10,14
25018,Sws,throkferoth,957,priest,discipline,12,10,2
25019,Nudavbrne,drakthul,957,priest,discipline,12,10,2
25020,Priezeke,aggramar,957,priest,discipline,36,21,15
25021,Aviz,tarren-mill,957,priest,discipline,18,10,8
25022,Пеппаслав,soulflayer,957,priest,discipline,18,10,8
25023,Dexodus,sylvanas,957,priest,discipline,24,10,14
25024,Mandarinee,blackmoore,957,priest,discipline,24,10,14
25025,Вейтарен,gordunni,957,priest,discipline,30,10,20
25026,Zaein,malganis,956,priest,discipline,18,10,8
25027,Cidrea,saurfang,956,priest,discipline,18,10,8
25028,Nastynina,frostwhisper,956,priest,discipline,24,10,14
25029,Ompala,shattered-hand,955,priest,discipline,18,10,8
25030,Vadhänder,the-maelstrom,955,priest,discipline,24,10,14
25031,Miraev,argent-dawn,955,priest,discipline,24,10,14
25032,Пэйтен,deathguard,955,priest,discipline,24,10,14
25033,Ensamstående,twisting-nether,955,priest,discipline,24,10,14
25034,Evangelyne,tarren-mill,955,priest,discipline,24,10,14
25035,Jcnun,xavius,955,priest,discipline,30,10,20
25036,Zyrexan,defias-brotherhood,955,priest,discipline,30,10,20
25037,Texstil,blackmoore,954,priest,discipline,18,10,8
25038,Suchetto,kazzak,954,priest,discipline,24,10,14
25039,Hempukka,spinebreaker,954,priest,discipline,24,10,14
25040,Chilltcaster,blackrock,954,priest,discipline,26,10,16
25041,Юбич,soulflayer,953,priest,discipline,18,10,8
25042,Tigrok,burning-legion,952,priest,discipline,18,10,8
25043,Votiqt,tarren-mill,952,priest,discipline,18,10,8
25044,Boniesmack,stormscale,951,priest,discipline,24,10,14
25045,Фионыч,blackscar,951,priest,discipline,24,10,14
25046,Nasirjones,outland,950,priest,discipline,18,10,8
25047,Дэтметал,grom,950,priest,discipline,24,10,14
25048,Guérissolog,kaelthas,950,priest,discipline,24,10,14
25049,Chris,laughing-skull,948,priest,discipline,12,10,2
25050,Libido,outland,948,priest,discipline,18,10,8
25051,Perxonx,twisting-nether,946,priest,discipline,12,10,2
25052,Pínx,nerathor,946,priest,discipline,24,10,14
25053,Vecaya,blackrock,945,priest,discipline,18,10,8
25054,Feriant,argent-dawn,944,priest,discipline,23,10,13
25055,Заплетальщик,howling-fjord,942,priest,discipline,40,20,20
25056,Mønti,onyxia,942,priest,discipline,35,17,18
25057,Togx,silvermoon,942,priest,discipline,24,10,14
25058,Pabli,argent-dawn,942,priest,discipline,24,10,14
25059,Asnur,argent-dawn,942,priest,discipline,24,10,14
25060,Lèviåthån,stormscale,942,priest,discipline,29,10,19
25061,Søb,silvermoon,942,priest,discipline,29,10,19
25062,Perlo,sanguino,940,priest,discipline,89,47,42
25063,Moinmeister,frostmourne,939,priest,discipline,29,15,14
25064,Hèlp,sanguino,937,priest,discipline,18,10,8
25065,Khai,tarren-mill,935,priest,discipline,65,27,38
25066,Eleveno,ravencrest,934,priest,discipline,54,26,28
25067,Sednâ,conseil-des-ombres,931,priest,discipline,23,10,13
25068,Chukwundi,ravencrest,929,priest,discipline,84,29,55
25069,Goatz,ragnaros,928,priest,discipline,21,16,5
25070,Pavyone,twisting-nether,926,priest,discipline,23,10,13
25071,Aliasus,archimonde,924,priest,discipline,17,10,7
25072,Meodor,antonidas,923,priest,discipline,24,14,10
25073,Havanna,dethecus,923,priest,discipline,24,13,11
25074,Flaylol,stormscale,923,priest,discipline,23,10,13
25075,Felbs,defias-brotherhood,923,priest,discipline,63,21,42
25076,Kashmirweed,ravencrest,921,priest,discipline,54,20,34
25077,Pulttipiispa,ravencrest,916,priest,discipline,23,10,13
25078,Elba,defias-brotherhood,916,priest,discipline,24,10,14
25079,Аргла,soulflayer,912,priest,discipline,66,24,42
25080,Zzoska,burning-legion,911,priest,discipline,17,10,7
25081,Архиэрей,soulflayer,911,priest,discipline,21,10,11
25082,Psíquica,sanguino,910,priest,discipline,21,10,11
25083,Zthul,draenor,909,priest,discipline,27,11,16
25084,Titibolls,sanguino,908,priest,discipline,23,10,13
25085,Immórtal,tarren-mill,908,priest,discipline,30,10,20
25086,Mércíless,ravencrest,905,priest,discipline,17,10,7
25087,Shnookfour,agamaggan,903,priest,discipline,52,27,25
25088,Theunknown,stormscale,903,priest,discipline,29,11,18
25089,Rosilana,blackrock,902,priest,discipline,23,10,13
25090,Wørmiexz,stormscale,895,priest,discipline,20,10,10
25091,Undeabniss,nathrezim,894,priest,discipline,17,10,7
25092,Koderpl,burning-legion,894,priest,discipline,31,16,15
25093,Amoxí,blackmoore,892,priest,discipline,18,10,8
25094,Aliciakeys,twilights-hammer,892,priest,discipline,28,10,18
25095,Dotctor,ysondre,891,priest,discipline,25,11,14
25096,Narkofashist,sanguino,891,priest,discipline,36,10,26
25097,Nosgot,earthen-ring,889,priest,discipline,30,14,16
25098,Minnaq,burning-legion,888,priest,discipline,24,10,14
25099,Chandria,veknilash,886,priest,discipline,54,24,30
25100,Daria,teldrassil,880,priest,discipline,145,69,76
25101,Blååb,draenor,879,priest,discipline,19,10,9
25102,Chillx,blackmoore,878,priest,discipline,85,45,40
25103,Zdrowíé,todeswache,877,priest,discipline,36,17,19
25104,Amaretta,perenolde,872,priest,discipline,32,13,19
25105,Borgír,burning-legion,871,priest,discipline,27,11,16
25106,Toks,stormscale,871,priest,discipline,45,10,35
25107,Elfiontko,burning-legion,870,priest,discipline,24,11,13
25108,Monflouz,archimonde,864,priest,discipline,12,9,3
25109,Priestyboyuk,tarren-mill,864,priest,discipline,12,9,3
25110,Priéstitude,kazzak,864,priest,discipline,12,9,3
25111,Lidlpriest,frostwolf,864,priest,discipline,12,9,3
25112,Slovak,stormscale,864,priest,discipline,12,9,3
25113,Cyúxyúvteea,ravencrest,864,priest,discipline,12,9,3
25114,Pohja,veknilash,864,priest,discipline,12,9,3
25115,Ahilarry,tarren-mill,864,priest,discipline,12,9,3
25116,Ratapain,argent-dawn,864,priest,discipline,12,9,3
25117,Exola,outland,864,priest,discipline,12,9,3
25118,Byzzi,draenor,864,priest,discipline,12,9,3
25119,Cbbigbape,thrall,864,priest,discipline,12,9,3
25120,Chimpanzoo,kazzak,864,priest,discipline,12,9,3
25121,Dexlolo,stormscale,864,priest,discipline,18,9,9
25122,Yroe,gorgonnash,864,priest,discipline,18,9,9
25123,Lâñàt,ravencrest,864,priest,discipline,18,9,9
25124,Gloffoló,ragnaros,864,priest,discipline,18,9,9
25125,Heavensfire,twisting-nether,864,priest,discipline,18,9,9
25126,Furtnajebany,tarren-mill,864,priest,discipline,18,9,9
25127,Prästpåven,stormscale,864,priest,discipline,18,9,9
25128,Lexìì,archimonde,864,priest,discipline,18,9,9
25129,Muant,twisting-nether,864,priest,discipline,18,9,9
25130,Infandus,pozzo-delleternità,864,priest,discipline,18,9,9
25131,Størmblaze,stormreaver,864,priest,discipline,18,9,9
25132,Indrades,blackmoore,864,priest,discipline,18,9,9
25133,Brutalmaze,archimonde,864,priest,discipline,18,9,9
25134,Shaneya,silvermoon,864,priest,discipline,18,9,9
25135,Schattenface,blackmoore,864,priest,discipline,18,9,9
25136,Svetozarov,wildhammer,864,priest,discipline,18,9,9
25137,Hyw,hyjal,864,priest,discipline,18,9,9
25138,Sørcedote,dun-modr,864,priest,discipline,18,9,9
25139,Heab,aegwynn,864,priest,discipline,18,9,9
25140,Ynys,dentarg,864,priest,discipline,18,9,9
25141,Jtep,ravencrest,864,priest,discipline,18,9,9
25142,Itsdiscobaby,auchindoun,864,priest,discipline,24,9,15
25143,Víd,dun-morogh,864,priest,discipline,24,9,15
25144,Падлез,howling-fjord,864,priest,discipline,24,9,15
25145,Próxs,ravencrest,864,priest,discipline,24,9,15
25146,Frígídhealz,outland,864,priest,discipline,24,9,15
25147,Chocomiette,archimonde,864,priest,discipline,25,9,16
25148,Isendth,archimonde,864,priest,discipline,30,9,21
25149,Leykop,ravencrest,864,priest,discipline,30,9,21
25150,Klugzy,silvermoon,864,priest,discipline,30,9,21
25151,Spezzato,nemesis,864,priest,discipline,30,9,21
25152,Devastris,ravencrest,864,priest,discipline,30,9,21
25153,Simza,azuremyst,863,priest,discipline,12,9,3
25154,Barnicha,grim-batol,863,priest,discipline,12,9,3
25155,Eustâche,suramar,863,priest,discipline,12,9,3
25156,Klosso,anachronos,863,priest,discipline,12,9,3
25157,Grishnat,ragnaros,863,priest,discipline,12,9,3
25158,Qjju,blackmoore,863,priest,discipline,12,9,3
25159,Justtpro,twisting-nether,863,priest,discipline,12,9,3
25160,Pollution,ragnaros,863,priest,discipline,18,9,9
25161,Woid,aegwynn,863,priest,discipline,18,9,9
25162,Mïxa,eitrigg,863,priest,discipline,18,9,9
25163,Rotzpippn,blackhand,863,priest,discipline,18,9,9
25164,Sacreth,ragnaros,863,priest,discipline,18,9,9
25165,Ratingfeeder,tarren-mill,863,priest,discipline,18,9,9
25166,Ribberull,burning-blade,863,priest,discipline,18,9,9
25167,Giily,archimonde,863,priest,discipline,18,9,9
25168,Дакимакурах,gordunni,863,priest,discipline,18,9,9
25169,Nilera,frostwolf,863,priest,discipline,18,9,9
25170,Saitani,stormscale,863,priest,discipline,18,9,9
25171,Markianos,silvermoon,863,priest,discipline,18,9,9
25172,Coldxzera,tarren-mill,863,priest,discipline,18,9,9
25173,Fabuliciøus,blackrock,863,priest,discipline,18,9,9
25174,Naberus,ragnaros,863,priest,discipline,19,9,10
25175,Xyliqa,aegwynn,863,priest,discipline,24,9,15
25176,Bornxgood,kazzak,863,priest,discipline,24,9,15
25177,Колдрексх,deathguard,863,priest,discipline,24,9,15
25178,Senza,ysondre,863,priest,discipline,24,9,15
25179,Rixis,la-croisade-écarlate,863,priest,discipline,24,9,15
25180,Artymox,sylvanas,863,priest,discipline,24,9,15
25181,Skinandbones,sylvanas,863,priest,discipline,30,9,21
25182,Gnomeeater,silvermoon,862,priest,discipline,12,9,3
25183,Joeshmoex,blackrock,862,priest,discipline,12,9,3
25184,Rawelf,ravencrest,862,priest,discipline,12,9,3
25185,Søkariss,elune,862,priest,discipline,12,9,3
25186,Jána,argent-dawn,862,priest,discipline,12,9,3
25187,Broer,twisting-nether,862,priest,discipline,12,9,3
25188,Vandansk,kazzak,862,priest,discipline,12,9,3
25189,Бахчи,thermaplugg,862,priest,discipline,18,9,9
25190,Hiimpinxî,ragnaros,862,priest,discipline,18,9,9
25191,Sandcastles,ravencrest,862,priest,discipline,18,9,9
25192,Carlye,stormreaver,862,priest,discipline,18,9,9
25193,Widöw,cthun,862,priest,discipline,18,9,9
25194,Leerzeichen,aegwynn,862,priest,discipline,18,9,9
25195,Skyalpha,silvermoon,862,priest,discipline,18,9,9
25196,Kämels,ravencrest,862,priest,discipline,24,9,15
25197,Сегуната,howling-fjord,862,priest,discipline,24,9,15
25198,Mxcey,ravencrest,862,priest,discipline,24,9,15
25199,Merrysmiting,ravencrest,862,priest,discipline,30,9,21
25200,Vædan,drakthul,861,priest,discipline,12,9,3
25201,Ghostee,twisting-nether,861,priest,discipline,12,9,3
25202,Vierfingerjo,eredar,861,priest,discipline,18,9,9
25203,Юлечка,blackscar,861,priest,discipline,18,9,9
25204,Manuba,antonidas,860,priest,discipline,18,9,9
25205,Жариха,gordunni,860,priest,discipline,18,9,9
25206,Synteria,gilneas,860,priest,discipline,36,9,27
25207,Shidori,dalaran,859,priest,discipline,18,9,9
25208,ßlowska,hyjal,859,priest,discipline,24,9,15
25209,Nhajÿ,hyjal,859,priest,discipline,24,9,15
25210,Lenanitro,blackrock,859,priest,discipline,24,9,15
25211,Novilas,thrall,858,priest,discipline,12,9,3
25212,Priestige,spinebreaker,858,priest,discipline,18,9,9
25213,Saskiaa,doomhammer,858,priest,discipline,54,24,30
25214,Dorisdiesel,ravencrest,858,priest,discipline,24,9,15
25215,Dotmaker,sanguino,858,priest,discipline,24,9,15
25216,Omnissiiah,silvermoon,858,priest,discipline,30,9,21
25217,Healpapa,blackhand,857,priest,discipline,18,9,9
25218,Fatalyse,ysondre,857,priest,discipline,36,16,20
25219,Самурайко,booty-bay,857,priest,discipline,24,9,15
25220,Piitixd,burning-legion,857,priest,discipline,24,9,15
25221,Zentro,turalyon,857,priest,discipline,29,9,20
25222,Chaendral,darkmoon-faire,856,priest,discipline,18,9,9
25223,Гролгул,eversong,856,priest,discipline,18,9,9
25224,Slyntan,ragnaros,856,priest,discipline,18,9,9
25225,Pénancé,defias-brotherhood,856,priest,discipline,24,9,15
25226,Lunarg,die-ewige-wacht,855,priest,discipline,18,9,9
25227,Calenberhtil,burning-legion,855,priest,discipline,18,9,9
25228,Bzets,jaedenar,854,priest,discipline,12,9,3
25229,Rredss,ravencrest,852,priest,discipline,12,9,3
25230,Шадия,ashenvale,852,priest,discipline,21,12,9
25231,Rhåenyra,ravencrest,851,priest,discipline,18,9,9
25232,Reighl,drakthul,850,priest,discipline,18,9,9
25233,Ruebi,blackmoore,848,priest,discipline,18,9,9
25234,Drynte,blackmoore,847,priest,discipline,23,9,14
25235,Aprima,culte-de-la-rive-noire,842,priest,discipline,24,9,15
25236,Clergy,nagrand,842,priest,discipline,24,9,15
25237,Nynren,doomhammer,840,priest,discipline,24,9,15
25238,Seiigops,ysondre,839,priest,discipline,12,9,3
25239,Evastemplar,turalyon,836,priest,discipline,24,9,15
25240,Socratés,antonidas,834,priest,discipline,66,27,39
25241,Tinypump,silvermoon,832,priest,discipline,16,9,7
25242,Valinoru,silvermoon,831,priest,discipline,17,9,8
25243,Mílérí,ravencrest,830,priest,discipline,23,9,14
25244,Тэслос,howling-fjord,829,priest,discipline,23,9,14
25245,Waikiki,ambossar,827,priest,discipline,16,10,6
25246,Flayin,kazzak,822,priest,discipline,21,10,11
25247,Ladá,stormscale,815,priest,discipline,19,9,10
25248,Squidlicker,twisting-nether,814,priest,discipline,17,9,8
25249,Luxumbra,quelthalas,813,priest,discipline,27,10,17
25250,Sologrifer,sylvanas,810,priest,discipline,21,10,11
25251,Biophyzix,aegwynn,810,priest,discipline,23,10,13
25252,Bolíngbroke,argent-dawn,809,priest,discipline,35,9,26
25253,Solaní,antonidas,808,priest,discipline,26,11,15
25254,Clutchp,blackmoore,807,priest,discipline,15,10,5
25255,Majestíc,blackmoore,802,priest,discipline,27,10,17
25256,Rhanira,aegwynn,800,priest,discipline,17,9,8
25257,Pillian,nordrassil,799,priest,discipline,16,9,7
25258,Iloa,dun-morogh,799,priest,discipline,17,9,8
25259,Shikibu,sylvanas,798,priest,discipline,11,9,2
25260,Roqu,ravencrest,792,priest,discipline,15,10,5
25261,Nilsatis,grim-batol,786,priest,discipline,65,25,40
25262,Gandzaa,silvermoon,785,priest,discipline,21,9,12
25263,Протомуу,gordunni,783,priest,discipline,11,9,2
25264,Homxcxde,ravencrest,777,priest,discipline,26,10,16
25265,Ewamlf,drakthul,768,priest,discipline,12,8,4
25266,Katleiya,ysondre,768,priest,discipline,12,8,4
25267,Bammerr,stormscale,768,priest,discipline,12,8,4
25268,Mewdi,outland,768,priest,discipline,12,8,4
25269,Dezless,tarren-mill,768,priest,discipline,12,8,4
25270,Anabølix,ravencrest,768,priest,discipline,12,8,4
25271,Gerrylol,draenor,768,priest,discipline,12,8,4
25272,Ltr,tarren-mill,768,priest,discipline,12,8,4
25273,Killafoolx,silvermoon,768,priest,discipline,12,8,4
25274,Joeblowx,blackrock,768,priest,discipline,12,8,4
25275,Krecik,deathwing,768,priest,discipline,12,8,4
25276,Oldnbad,archimonde,768,priest,discipline,12,8,4
25277,Aerael,auchindoun,768,priest,discipline,12,8,4
25278,Tobadforglad,khaz-modan,768,priest,discipline,12,8,4
25279,Балантайсх,soulflayer,768,priest,discipline,12,8,4
25280,Gobblestick,draenor,768,priest,discipline,12,8,4
25281,Türsteherxxl,mannoroth,768,priest,discipline,12,8,4
25282,Soylaleche,ravencrest,768,priest,discipline,12,8,4
25283,Orkanwal,ravencrest,768,priest,discipline,12,8,4
25284,Nitroze,stormscale,768,priest,discipline,12,8,4
25285,Siign,ravencrest,768,priest,discipline,16,9,7
25286,Quïzzler,ragnaros,768,priest,discipline,18,8,10
25287,Nstp,zuljin,768,priest,discipline,18,8,10
25288,Dokwhite,blackrock,768,priest,discipline,18,8,10
25289,Naripriest,eredar,768,priest,discipline,18,8,10
25290,Xianstwo,alakir,768,priest,discipline,18,8,10
25291,Shieldyman,silvermoon,768,priest,discipline,18,8,10
25292,Kristianburn,arathi,768,priest,discipline,18,8,10
25293,Aelíth,archimonde,768,priest,discipline,18,8,10
25294,Awön,stormscale,768,priest,discipline,18,8,10
25295,Moyoo,kazzak,768,priest,discipline,18,8,10
25296,Theblank,pozzo-delleternità,768,priest,discipline,18,8,10
25297,Uanna,ravencrest,768,priest,discipline,18,8,10
25298,Redempt,nemesis,768,priest,discipline,18,8,10
25299,Alexwinkwink,kazzak,768,priest,discipline,18,8,10
25300,Azpr,ravencrest,768,priest,discipline,18,8,10
25301,Hurtless,ravencrest,768,priest,discipline,21,8,13
25302,Дцевгений,gordunni,768,priest,discipline,24,8,16
25303,Rmp,stormscale,768,priest,discipline,24,8,16
25304,Trickyteè,tarren-mill,768,priest,discipline,24,8,16
25305,Prestigé,vashj,768,priest,discipline,24,8,16
25306,Сандейрейн,gordunni,768,priest,discipline,24,8,16
25307,Skylar,xavius,767,priest,discipline,12,8,4
25308,Talyie,argent-dawn,767,priest,discipline,12,8,4
25309,Neeti,kazzak,767,priest,discipline,12,8,4
25310,Ingvár,blackrock,767,priest,discipline,12,8,4
25311,Rihx,ysondre,767,priest,discipline,12,8,4
25312,Vanadii,blackhand,767,priest,discipline,12,8,4
25313,Ðelftware,tarren-mill,767,priest,discipline,12,8,4
25314,Vaßpera,tarren-mill,767,priest,discipline,12,8,4
25315,Unckus,defias-brotherhood,767,priest,discipline,12,8,4
25316,Cainactor,drakthul,767,priest,discipline,12,8,4
25317,Bonzux,dethecus,767,priest,discipline,12,8,4
25318,Leçke,ravencrest,767,priest,discipline,12,8,4
25319,Kletroll,archimonde,767,priest,discipline,12,8,4
25320,Daddydisc,tarren-mill,767,priest,discipline,16,9,7
25321,Arwén,zuljin,767,priest,discipline,18,8,10
25322,Saurap,uldum,767,priest,discipline,18,8,10
25323,Tryingtomc,archimonde,767,priest,discipline,18,8,10
25324,Khaag,korgall,767,priest,discipline,18,8,10
25325,Luminouzilla,tarren-mill,767,priest,discipline,18,8,10
25326,Clastro,outland,767,priest,discipline,18,8,10
25327,Brelett,the-maelstrom,767,priest,discipline,18,8,10
25328,Holyshifts,silvermoon,767,priest,discipline,18,8,10
25329,Bejud,tarren-mill,767,priest,discipline,18,8,10
25330,Célaz,blackmoore,767,priest,discipline,18,8,10
25331,Isadian,kazzak,767,priest,discipline,18,8,10
25332,Prästbaazil,ragnaros,767,priest,discipline,18,8,10
25333,Dathanosx,outland,767,priest,discipline,18,8,10
25334,Anadyia,aegwynn,767,priest,discipline,24,8,16
25335,Healenax,ravencrest,767,priest,discipline,24,8,16
25336,Pakmopriest,ragnaros,767,priest,discipline,24,8,16
25337,Hopsalopsa,argent-dawn,766,priest,discipline,12,8,4
25338,Smålbenör,stormreaver,766,priest,discipline,12,8,4
25339,Dalyn,zuljin,766,priest,discipline,12,8,4
25340,Chrissirr,culte-de-la-rive-noire,766,priest,discipline,12,8,4
25341,Кфень,soulflayer,766,priest,discipline,16,9,7
25342,Gailiugà,kazzak,766,priest,discipline,16,9,7
25343,Malíficent,draenor,766,priest,discipline,18,8,10
25344,Børisheal,draenor,766,priest,discipline,18,8,10
25345,Chuntriest,shadowsong,766,priest,discipline,18,8,10
25346,Letmehêal,archimonde,766,priest,discipline,18,8,10
25347,Сайларс,howling-fjord,766,priest,discipline,18,8,10
25348,Lianny,sylvanas,766,priest,discipline,18,8,10
25349,Hellscon,kazzak,766,priest,discipline,18,8,10
25350,Lunegrise,archimonde,766,priest,discipline,24,8,16
25351,Sazo,drakthul,766,priest,discipline,24,8,16
25352,Addickted,defias-brotherhood,765,priest,discipline,12,8,4
25353,Pure,kazzak,765,priest,discipline,12,8,4
25354,Baybe,ravencrest,765,priest,discipline,12,8,4
25355,Akadras,blackmoore,765,priest,discipline,12,8,4
25356,Amambo,chamber-of-aspects,765,priest,discipline,12,8,4
25357,Simplesam,ravencrest,765,priest,discipline,18,8,10
25358,Julianpriest,nethersturm,765,priest,discipline,22,9,13
25359,Ноатоэль,gordunni,765,priest,discipline,24,8,16
25360,Thakjing,bladefist,765,priest,discipline,24,8,16
25361,Uglypriest,grim-batol,764,priest,discipline,12,8,4
25362,Buttafly,archimonde,764,priest,discipline,18,8,10
25363,Izaa,silvermoon,764,priest,discipline,18,8,10
25364,Irenedwen,silvermoon,764,priest,discipline,18,8,10
25365,Kinn,kaelthas,763,priest,discipline,12,8,4
25366,Inoy,dun-modr,763,priest,discipline,18,8,10
25367,Áphrodite,outland,763,priest,discipline,18,8,10
25368,Mefeon,draenor,763,priest,discipline,18,8,10
25369,Nightshådøw,silvermoon,762,priest,discipline,22,10,12
25370,Styleexdd,ragnaros,762,priest,discipline,18,8,10
25371,Xmassdispel,tarren-mill,762,priest,discipline,18,8,10
25372,Urticaire,arathi,761,priest,discipline,18,8,10
25373,Келебриана,deepholm,759,priest,discipline,12,8,4
25374,Sîanah,archimonde,754,priest,discipline,12,8,4
25375,Shattow,ravencrest,751,priest,discipline,17,8,9
25376,Omened,nemesis,751,priest,discipline,17,8,9
25377,Tïniebla,dun-modr,750,priest,discipline,18,8,10
25378,Carcaz,blackmoore,750,priest,discipline,23,10,13
25379,Seypercillo,dun-modr,746,priest,discipline,24,8,16
25380,Lazzariah,ravencrest,742,priest,discipline,18,8,10
25381,Лин,howling-fjord,735,priest,discipline,16,8,8
25382,Banaynay,bronzebeard,735,priest,discipline,23,8,15
25383,Blorpan,tarren-mill,734,priest,discipline,26,9,17
25384,Amoorâ,twisting-nether,732,priest,discipline,11,8,3
25385,Jashmin,eredar,732,priest,discipline,35,10,25
25386,Killermoon,rexxar,728,priest,discipline,16,8,8
25387,Cthultist,dun-modr,728,priest,discipline,26,9,17
25388,Abstauberin,blackrock,723,priest,discipline,22,8,14
25389,Pnsl,dun-morogh,723,priest,discipline,36,11,25
25390,Stormééz,bronzebeard,722,priest,discipline,32,9,23
25391,Coldyx,blackrock,719,priest,discipline,11,8,3
25392,Judine,kazzak,719,priest,discipline,11,8,3
25393,Otacon,burning-legion,719,priest,discipline,15,8,7
25394,Меинбиг,gordunni,719,priest,discipline,17,8,9
25395,Sneed,moonglade,718,priest,discipline,36,9,27
25396,Jaesabøyx,twisting-nether,712,priest,discipline,22,9,13
25397,Telpriest,blackrock,710,priest,discipline,25,9,16
25398,Anariell,ravencrest,706,priest,discipline,19,9,10
25399,Greenlizard,stormreaver,704,priest,discipline,22,8,14
25400,Tyog,khazgoroth,703,priest,discipline,16,8,8
25401,Sacerdotini,outland,702,priest,discipline,19,9,10
25402,Ehrmantràut,draenor,699,priest,discipline,16,8,8
25403,Sapieha,burning-legion,687,priest,discipline,11,8,3
25404,Pxescalol,aegwynn,687,priest,discipline,11,8,3
25405,Trixix,ragnaros,684,priest,discipline,14,8,6
25406,Seidel,aggramar,682,priest,discipline,16,8,8
25407,Holymoni,ragnaros,680,priest,discipline,16,8,8
25408,Gudjon,dragonblight,672,priest,discipline,12,7,5
25409,Rixfoulah,ysondre,672,priest,discipline,12,7,5
25410,Ahrimal,turalyon,672,priest,discipline,12,7,5
25411,Pattie,ragnaros,672,priest,discipline,12,7,5
25412,Sinnestrike,tarren-mill,672,priest,discipline,12,7,5
25413,Monstretpr,dragonblight,672,priest,discipline,12,7,5
25414,Skallya,ysondre,672,priest,discipline,12,7,5
25415,Discobeb,les-clairvoyants,672,priest,discipline,12,7,5
25416,Longheals,stormscale,672,priest,discipline,12,7,5
25417,Petitogré,silvermoon,672,priest,discipline,12,7,5
25418,Womanwonderf,ravencrest,672,priest,discipline,12,7,5
25419,Moppriest,twisting-nether,672,priest,discipline,12,7,5
25420,Binkx,tarren-mill,672,priest,discipline,12,7,5
25421,Mdmaster,stormreaver,672,priest,discipline,12,7,5
25422,Wurstpriest,silvermoon,672,priest,discipline,12,7,5
25423,Magiclands,twisting-nether,672,priest,discipline,12,7,5
25424,Unstopp,blackhand,672,priest,discipline,12,7,5
25425,Êva,ravencrest,672,priest,discipline,12,7,5
25426,Morphics,silvermoon,672,priest,discipline,12,7,5
25427,Leronia,stormscale,672,priest,discipline,12,7,5
25428,Nishto,twisting-nether,672,priest,discipline,12,7,5
25429,Yarok,anubarak,672,priest,discipline,12,7,5
25430,Xethh,stormscale,672,priest,discipline,12,7,5
25431,Agms,sanguino,672,priest,discipline,12,7,5
25432,Gladíator,blackhand,672,priest,discipline,12,7,5
25433,Sneboldìs,sylvanas,672,priest,discipline,12,7,5
25434,Còsmo,ravencrest,672,priest,discipline,12,7,5
25435,Ganakenp,tarren-mill,672,priest,discipline,12,7,5
25436,Фалд,gordunni,672,priest,discipline,12,7,5
25437,Shuya,archimonde,672,priest,discipline,12,7,5
25438,Smiteweaver,drakthul,672,priest,discipline,12,7,5
25439,Voleck,aegwynn,672,priest,discipline,12,7,5
25440,Danglar,defias-brotherhood,672,priest,discipline,12,7,5
25441,Wiwzi,outland,672,priest,discipline,12,7,5
25442,Feniyxa,die-aldor,672,priest,discipline,12,7,5
25443,Отменяю,howling-fjord,672,priest,discipline,12,7,5
25444,Nightsøul,ragnaros,672,priest,discipline,12,7,5
25445,Fkitweball,argent-dawn,672,priest,discipline,12,7,5
25446,Cvp,twisting-nether,672,priest,discipline,12,7,5
25447,Dombili,frostmane,672,priest,discipline,12,7,5
25448,Somai,aegwynn,672,priest,discipline,12,7,5
25449,Plåster,dunemaul,672,priest,discipline,12,7,5
25450,Yungmazikeen,archimonde,672,priest,discipline,12,7,5
25451,Fåye,ravencrest,672,priest,discipline,12,7,5
25452,Zælÿ,archimonde,672,priest,discipline,12,7,5
25453,Kosa,tarren-mill,672,priest,discipline,12,7,5
25454,Goodra,sylvanas,672,priest,discipline,12,7,5
25455,Evypriest,draenor,672,priest,discipline,12,7,5
25456,Touchypunk,ravencrest,672,priest,discipline,12,7,5
25457,Bunnygxrl,ravencrest,672,priest,discipline,12,7,5
25458,Pflanzenmann,nozdormu,672,priest,discipline,12,7,5
25459,Ziz,outland,672,priest,discipline,12,7,5
25460,Дефаенс,soulflayer,672,priest,discipline,12,7,5
25461,Uadedez,tarren-mill,672,priest,discipline,13,7,6
25462,Roskva,archimonde,672,priest,discipline,15,8,7
25463,Xourin,blackrock,672,priest,discipline,16,8,8
25464,Soziy,silvermoon,672,priest,discipline,15,7,8
25465,Ominoushell,twisting-nether,672,priest,discipline,15,7,8
25466,Halysis,chamber-of-aspects,672,priest,discipline,16,7,9
25467,Valfore,eldrethalas,672,priest,discipline,20,8,12
25468,Bij,outland,672,priest,discipline,18,7,11
25469,Dxlkekss,blackmoore,672,priest,discipline,18,7,11
25470,Comple,kazzak,672,priest,discipline,18,7,11
25471,Disclol,aegwynn,672,priest,discipline,18,7,11
25472,Lasyran,outland,672,priest,discipline,18,7,11
25473,Wyroofear,ragnaros,672,priest,discipline,18,7,11
25474,Redlight,ysondre,672,priest,discipline,18,7,11
25475,Toxicx,aegwynn,672,priest,discipline,18,7,11
25476,Touchmé,blackmoore,672,priest,discipline,18,7,11
25477,Shyiox,frostwolf,672,priest,discipline,18,7,11
25478,Stepsisstuck,ragnaros,672,priest,discipline,18,7,11
25479,Paterfisl,ragnaros,672,priest,discipline,18,7,11
25480,Sardine,ravencrest,672,priest,discipline,18,7,11
25481,Cház,sanguino,672,priest,discipline,18,7,11
25482,Bubblebuddy,draenor,672,priest,discipline,18,7,11
25483,Byez,kazzak,672,priest,discipline,18,7,11
25484,Nidetha,draenor,672,priest,discipline,18,7,11
25485,Zivl,blackrock,672,priest,discipline,18,7,11
25486,Shockpriest,grim-batol,672,priest,discipline,18,7,11
25487,Rytmusqt,outland,672,priest,discipline,18,7,11
25488,Ijzerehenk,outland,672,priest,discipline,18,7,11
25489,Bebsenpai,hyjal,672,priest,discipline,18,7,11
25490,Lunærÿ,hyjal,672,priest,discipline,24,7,17
25491,Sweity,dun-modr,672,priest,discipline,24,7,17
25492,Chekkó,blackrock,672,priest,discipline,24,7,17
25493,Exaneo,ragnaros,672,priest,discipline,24,7,17
25494,Dogfx,blackhand,672,priest,discipline,30,7,23
25495,Ylivoima,stormscale,671,priest,discipline,12,7,5
25496,Schnîttchen,blackrock,671,priest,discipline,12,7,5
25497,Rines,thrall,671,priest,discipline,12,7,5
25498,Quecum,draenor,671,priest,discipline,12,7,5
25499,Köftemcc,blackrock,671,priest,discipline,12,7,5
25500,Thorhammer,turalyon,671,priest,discipline,12,7,5
25501,Flode,draenor,671,priest,discipline,12,7,5
25502,Xvpr,trollbane,671,priest,discipline,12,7,5
25503,Löspajen,stormscale,671,priest,discipline,12,7,5
25504,Fargall,eonar,671,priest,discipline,12,7,5
25505,Gagai,ravencrest,671,priest,discipline,12,7,5
25506,Phoskitos,sanguino,671,priest,discipline,12,7,5
25507,Колабезгаза,howling-fjord,671,priest,discipline,12,7,5
25508,Lish,dun-modr,671,priest,discipline,12,7,5
25509,Saltfeskball,tarren-mill,671,priest,discipline,12,7,5
25510,Ezhealing,ravencrest,671,priest,discipline,12,7,5
25511,Chayz,thrall,671,priest,discipline,12,7,5
25512,Reól,blackmoore,671,priest,discipline,12,7,5
25513,Bloodie,drakthul,671,priest,discipline,12,7,5
25514,Àlucárd,blackhand,671,priest,discipline,12,7,5
25515,Zazeriño,dun-modr,671,priest,discipline,13,7,6
25516,Xharyo,ravencrest,671,priest,discipline,16,7,9
25517,Ziap,dentarg,671,priest,discipline,20,8,12
25518,Yorap,blackrock,671,priest,discipline,18,7,11
25519,Lezz,ragnaros,671,priest,discipline,18,7,11
25520,Lysium,sylvanas,671,priest,discipline,18,7,11
25521,Pixa,dalaran,671,priest,discipline,18,7,11
25522,Viì,ravencrest,671,priest,discipline,18,7,11
25523,Lillaego,ragnaros,671,priest,discipline,18,7,11
25524,Discgodx,ravencrest,671,priest,discipline,18,7,11
25525,Kenzaiq,aegwynn,671,priest,discipline,18,7,11
25526,Рукатёмная,soulflayer,671,priest,discipline,18,7,11
25527,Kasuny,outland,671,priest,discipline,18,7,11
25528,Elusivv,blackhand,671,priest,discipline,18,7,11
25529,Débthèønë,ravencrest,671,priest,discipline,18,7,11
25530,Abdibio,twisting-nether,671,priest,discipline,18,7,11
25531,Психоз,gordunni,671,priest,discipline,18,7,11
25532,Mylini,silvermoon,671,priest,discipline,18,7,11
25533,Hauntzer,veknilash,671,priest,discipline,24,7,17
25534,Pandariel,argent-dawn,671,priest,discipline,24,7,17
25535,Orqz,anetheron,670,priest,discipline,12,7,5
25536,Noralía,die-aldor,670,priest,discipline,12,7,5
25537,Reizer,argent-dawn,670,priest,discipline,12,7,5
25538,Raptichou,hyjal,670,priest,discipline,12,7,5
25539,Byshadow,silvermoon,670,priest,discipline,12,7,5
25540,Fathermaxii,stormrage,670,priest,discipline,12,7,5
25541,Joblob,guldan,670,priest,discipline,12,7,5
25542,Navid,ravencrest,670,priest,discipline,12,7,5
25543,Хемех,soulflayer,670,priest,discipline,12,7,5
25544,Magnificito,silvermoon,670,priest,discipline,12,7,5
25545,Olikharma,archimonde,670,priest,discipline,18,7,11
25546,Aggresivdisc,hyjal,670,priest,discipline,18,7,11
25547,Teologen,outland,670,priest,discipline,18,7,11
25548,Makkalisser,kazzak,670,priest,discipline,24,7,17
25549,Enlîl,zuljin,669,priest,discipline,12,7,5
25550,Belithia,argent-dawn,669,priest,discipline,12,7,5
25551,Sadira,malganis,669,priest,discipline,18,7,11
25552,Dizdae,rashgarroth,669,priest,discipline,18,7,11
25553,Дэйвора,ashenvale,669,priest,discipline,18,7,11
25554,Абсорберша,gordunni,668,priest,discipline,12,7,5
25555,Mescaminator,blackmoore,668,priest,discipline,18,7,11
25556,Isoris,hyjal,668,priest,discipline,18,7,11
25557,Lacaena,deathwing,668,priest,discipline,18,7,11
25558,Míjagí,blackhand,668,priest,discipline,22,8,14
25559,Romelu,archimonde,666,priest,discipline,18,7,11
25560,Avor,hellfire,665,priest,discipline,12,7,5
25561,Attiny,draenor,665,priest,discipline,36,7,29
25562,Timmemeep,outland,663,priest,discipline,18,7,11
25563,Malorian,khadgar,662,priest,discipline,18,7,11
25564,Camellight,stormscale,661,priest,discipline,18,7,11
25565,Lubdub,drakthul,659,priest,discipline,18,7,11
25566,Vatizinium,veklor,655,priest,discipline,17,7,10
25567,Хилогайка,howling-fjord,652,priest,discipline,33,11,22
25568,Samimnot,ravencrest,639,priest,discipline,14,8,6
25569,Dapope,drakthul,639,priest,discipline,17,7,10
25570,Kayeenie,bloodscalp,639,priest,discipline,22,7,15
25571,Yazzyz,eredar,639,priest,discipline,23,7,16
25572,Rulz,zuluhed,636,priest,discipline,17,7,10
25573,Sigor,hellfire,634,priest,discipline,11,7,4
25574,Nepheliel,ysondre,628,priest,discipline,12,8,4
25575,Ysteriagødx,twisting-nether,624,priest,discipline,15,8,7
25576,Submexoxo,archimonde,624,priest,discipline,15,7,8
25577,Spaghettoni,tarren-mill,623,priest,discipline,17,7,10
25578,Cezzar,kazzak,622,priest,discipline,11,7,4
25579,Якакиисус,gordunni,622,priest,discipline,21,7,14
25580,Darktattoo,twisting-nether,621,priest,discipline,21,8,13
25581,Argôs,ravencrest,620,priest,discipline,14,8,6
25582,Voilencia,kazzak,620,priest,discipline,21,7,14
25583,Makrophage,mannoroth,618,priest,discipline,16,8,8
25584,Triuna,sylvanas,618,priest,discipline,23,9,14
25585,Shymouni,norgannon,606,priest,discipline,13,8,5
25586,Ziaz,the-maelstrom,606,priest,discipline,16,7,9
25587,Atibarát,hellfire,605,priest,discipline,16,7,9
25588,Пофанчику,soulflayer,597,priest,discipline,35,14,21
25589,Трахмэйстер,gordunni,596,priest,discipline,11,7,4
25590,Lyrvatwo,ravencrest,592,priest,discipline,13,7,6
25591,Diccen,twilights-hammer,592,priest,discipline,13,7,6
25592,Papkalácss,hellfire,591,priest,discipline,11,7,4
25593,Andhoras,dalaran,591,priest,discipline,11,7,4
25594,Leåh,ravencrest,576,priest,discipline,6,6,0
25595,Vèrcs,silvermoon,576,priest,discipline,6,6,0
25596,Illiest,ravencrest,576,priest,discipline,6,6,0
25597,Táliss,arthas,576,priest,discipline,6,6,0
25598,Deyxq,lothar,576,priest,discipline,6,6,0
25599,Scrubydoo,ravencrest,576,priest,discipline,6,6,0
25600,Grandpatea,silvermoon,576,priest,discipline,6,6,0
25601,Nadoreille,hyjal,576,priest,discipline,6,6,0
25602,Brainwashed,malorne,576,priest,discipline,10,7,3
25603,Randpriets,nemesis,576,priest,discipline,12,6,6
25604,Ballarr,burning-legion,576,priest,discipline,12,6,6
25605,Ahyha,ravencrest,576,priest,discipline,12,6,6
25606,Jesper,outland,576,priest,discipline,12,6,6
25607,Sensimiya,dalaran,576,priest,discipline,12,6,6
25608,Rune,ravencrest,576,priest,discipline,12,6,6
25609,Lafap,eredar,576,priest,discipline,12,6,6
25610,Nyxara,outland,576,priest,discipline,12,6,6
25611,Nelyø,destromath,576,priest,discipline,12,6,6
25612,Popor,archimonde,576,priest,discipline,12,6,6
25613,Becknarbritt,stormscale,576,priest,discipline,12,6,6
25614,Родохрозит,blackscar,576,priest,discipline,12,6,6
25615,Calah,frostwhisper,576,priest,discipline,12,6,6
25616,Azazzel,nathrezim,576,priest,discipline,12,6,6
25617,Zeksii,kazzak,576,priest,discipline,12,6,6
25618,Resuscitator,spinebreaker,576,priest,discipline,12,6,6
25619,Jaylove,frostwolf,576,priest,discipline,12,6,6
25620,Boysa,earthen-ring,576,priest,discipline,12,6,6
25621,Fästrak,dalaran,576,priest,discipline,12,6,6
25622,Wush,tarren-mill,576,priest,discipline,12,6,6
25623,Redpriestess,kazzak,576,priest,discipline,12,6,6
25624,Йодтс,soulflayer,576,priest,discipline,12,6,6
25625,Ranagöl,ragnaros,576,priest,discipline,12,6,6
25626,Ryyne,ravencrest,576,priest,discipline,12,6,6
25627,Stee,sylvanas,576,priest,discipline,12,6,6
25628,Whattson,colinas-pardas,576,priest,discipline,12,6,6
25629,Alshah,emerald-dream,576,priest,discipline,12,6,6
25630,Johnblack,dun-morogh,576,priest,discipline,12,6,6
25631,Vladhealsyou,outland,576,priest,discipline,12,6,6
25632,Sinfulmaze,outland,576,priest,discipline,12,6,6
25633,Shadowzrip,twilights-hammer,576,priest,discipline,12,6,6
25634,Vorsie,tarren-mill,576,priest,discipline,12,6,6
25635,Vendormeq,darkspear,576,priest,discipline,12,6,6
25636,Pøh,kilrogg,576,priest,discipline,12,6,6
25637,Peign,eredar,576,priest,discipline,12,6,6
25638,Mitasdi,stormscale,576,priest,discipline,12,6,6
25639,Dunkelseele,ahnqiraj,576,priest,discipline,12,6,6
25640,Challengepro,burning-legion,576,priest,discipline,12,6,6
25641,Adolin,onyxia,576,priest,discipline,12,6,6
25642,Bonzu,ravencrest,576,priest,discipline,12,6,6
25643,Vallstwo,zuljin,576,priest,discipline,12,6,6
25644,Kaylaylaylay,draenor,576,priest,discipline,12,6,6
25645,Zyreenx,blackrock,576,priest,discipline,12,6,6
25646,Steroidkidx,ravencrest,576,priest,discipline,12,6,6
25647,Kankstery,kazzak,576,priest,discipline,12,6,6
25648,Chrònos,das-konsortium,576,priest,discipline,12,6,6
25649,Claudefrollo,the-maelstrom,576,priest,discipline,12,6,6
25650,Lectrá,kazzak,576,priest,discipline,12,6,6
25651,Melcarth,blades-edge,576,priest,discipline,12,6,6
25652,Целитель,gordunni,576,priest,discipline,12,6,6
25653,Shadowburst,archimonde,576,priest,discipline,12,6,6
25654,Gwinzy,blackmoore,576,priest,discipline,12,6,6
25655,Sejká,malganis,576,priest,discipline,12,6,6
25656,Jaduheart,ravencrest,576,priest,discipline,12,6,6
25657,Visàge,silvermoon,576,priest,discipline,12,6,6
25658,Healmebaby,kiljaeden,576,priest,discipline,12,6,6
25659,Eviscerätor,draenor,576,priest,discipline,12,6,6
25660,Whynolove,ragnaros,576,priest,discipline,12,6,6
25661,Ðèvì,ravencrest,576,priest,discipline,12,6,6
25662,Rotulos,stormrage,576,priest,discipline,12,6,6
25663,Seemywatch,ungoro,576,priest,discipline,12,6,6
25664,Supernal,twisting-nether,576,priest,discipline,12,6,6
25665,Msbald,shattered-hand,576,priest,discipline,12,6,6
25666,Dødy,hyjal,576,priest,discipline,12,6,6
25667,Juîcycheeks,frostwolf,576,priest,discipline,12,6,6
25668,Scarylol,blackmoore,576,priest,discipline,12,6,6
25669,Димавампирик,howling-fjord,576,priest,discipline,12,6,6
25670,Stuhlgänger,blackhand,576,priest,discipline,12,6,6
25671,Whitemask,kazzak,576,priest,discipline,12,6,6
25672,Skjelett,stormscale,576,priest,discipline,12,6,6
25673,Healinrbglol,blackmoore,576,priest,discipline,12,6,6
25674,Abyl,nethersturm,576,priest,discipline,12,6,6
25675,Tâssên,kazzak,576,priest,discipline,12,6,6
25676,Neverswap,blackmoore,576,priest,discipline,12,6,6
25677,Chalecø,dun-modr,576,priest,discipline,12,6,6
25678,Ènma,archimonde,576,priest,discipline,12,6,6
25679,Thaykza,blackmoore,576,priest,discipline,12,6,6
25680,Kintsugí,ragnaros,576,priest,discipline,12,6,6
25681,Vulreth,culte-de-la-rive-noire,576,priest,discipline,12,6,6
25682,Yllaenia,twisting-nether,576,priest,discipline,12,6,6
25683,Vhis,ragnaros,576,priest,discipline,12,6,6
25684,Ilovepmr,outland,576,priest,discipline,12,6,6
25685,Nolosme,blackrock,576,priest,discipline,12,6,6
25686,Вакидзачи,gordunni,576,priest,discipline,12,6,6
25687,Iqy,kazzak,576,priest,discipline,15,7,8
25688,Naìt,ragnaros,576,priest,discipline,15,7,8
25689,Wixzyx,ravencrest,576,priest,discipline,16,6,10
25690,Волия,gordunni,576,priest,discipline,17,6,11
25691,Prarch,sylvanas,576,priest,discipline,18,6,12
25692,Hazedoktor,twisting-nether,576,priest,discipline,18,6,12
25693,Zinzo,frostwolf,576,priest,discipline,18,6,12
25694,Altargirl,defias-brotherhood,576,priest,discipline,18,6,12
25695,Veilon,defias-brotherhood,576,priest,discipline,18,6,12
25696,Nakenhäst,ravencrest,576,priest,discipline,18,6,12
25697,Limbas,dun-modr,576,priest,discipline,18,6,12
25698,Сашашвд,howling-fjord,576,priest,discipline,18,6,12
25699,Vrêth,blackmoore,576,priest,discipline,18,6,12
25700,Abrakahudder,tarren-mill,576,priest,discipline,18,6,12
25701,Frida,blackrock,576,priest,discipline,18,6,12
25702,Бичиотаке,azuregos,576,priest,discipline,18,6,12
25703,Alros,elune,576,priest,discipline,18,6,12
25704,Deadbishop,kazzak,576,priest,discipline,18,6,12
25705,Brainbadly,aegwynn,576,priest,discipline,18,6,12
25706,Швдшка,howling-fjord,576,priest,discipline,18,6,12
25707,Sordag,lordaeron,576,priest,discipline,18,6,12
25708,Униакт,gordunni,576,priest,discipline,18,6,12
25709,Onaltnoqs,silvermoon,576,priest,discipline,18,6,12
25710,Velri,runetotem,576,priest,discipline,18,6,12
25711,Eclaír,blackhand,576,priest,discipline,18,6,12
25712,Декорий,soulflayer,576,priest,discipline,18,6,12
25713,Yoloswaglørd,blackmoore,576,priest,discipline,18,6,12
25714,Cinjá,thrall,576,priest,discipline,19,6,13
25715,Alwiel,kazzak,576,priest,discipline,24,6,18
25716,Adallon,blackmoore,576,priest,discipline,24,6,18
25717,Dunbaltaris,blackrock,576,priest,discipline,24,6,18
25718,Deadonmyscrn,ravencrest,575,priest,discipline,6,6,0
25719,Holytang,grim-batol,575,priest,discipline,6,6,0
25720,Sørney,aegwynn,575,priest,discipline,9,7,2
25721,Ðotgød,nemesis,575,priest,discipline,12,6,6
25722,Hâmmel,blackrock,575,priest,discipline,12,6,6
25723,Hmanco,burning-legion,575,priest,discipline,12,6,6
25724,Brronxx,frostwolf,575,priest,discipline,12,6,6
25725,Grazz,grim-batol,575,priest,discipline,12,6,6
25726,Hailor,blackmoore,575,priest,discipline,12,6,6
25727,Tira,darksorrow,575,priest,discipline,12,6,6
25728,Kipnuggetz,burning-legion,575,priest,discipline,12,6,6
25729,Vastüdö,ragnaros,575,priest,discipline,12,6,6
25730,Priestvnr,hyjal,575,priest,discipline,12,6,6
25731,Ezrox,neptulon,575,priest,discipline,12,6,6
25732,Hensynsløs,draenor,575,priest,discipline,12,6,6
25733,Ponpon,onyxia,575,priest,discipline,12,6,6
25734,Кравос,soulflayer,575,priest,discipline,12,6,6
25735,Derathon,eredar,575,priest,discipline,12,6,6
25736,Lichtl,ysera,575,priest,discipline,12,6,6
25737,Allotment,silvermoon,575,priest,discipline,12,6,6
25738,Makariotatos,xavius,575,priest,discipline,12,6,6
25739,Zembowae,drakthul,575,priest,discipline,12,6,6
25740,Скорлупкина,gordunni,575,priest,discipline,12,6,6
25741,Чикхоп,blackscar,575,priest,discipline,12,6,6
25742,Handmännchen,kelthuzad,575,priest,discipline,12,6,6
25743,Noxxill,eredar,575,priest,discipline,12,6,6
25744,Tëmärï,ravencrest,575,priest,discipline,12,6,6
25745,Flackiepi,tarren-mill,575,priest,discipline,12,6,6
25746,Hypnòz,archimonde,575,priest,discipline,12,6,6
25747,Îlkari,hyjal,575,priest,discipline,12,6,6
25748,Лерасапорт,gordunni,575,priest,discipline,12,6,6
25749,Highlightss,outland,575,priest,discipline,12,6,6
25750,Mertérésa,hyjal,575,priest,discipline,12,6,6
25751,Bauscia,nemesis,575,priest,discipline,12,6,6
25752,Могвайи,soulflayer,575,priest,discipline,12,6,6
25753,Insicompany,antonidas,575,priest,discipline,12,6,6
25754,Bigbootyheal,silvermoon,575,priest,discipline,12,6,6
25755,Thehealer,twisting-nether,575,priest,discipline,18,6,12
25756,Crop,nemesis,575,priest,discipline,18,6,12
25757,Dilbert,twilights-hammer,575,priest,discipline,18,6,12
25758,Каэден,blackscar,575,priest,discipline,18,6,12
25759,Castêr,silvermoon,575,priest,discipline,18,6,12
25760,Juco,draenor,575,priest,discipline,18,6,12
25761,Priestbiyy,sunstrider,575,priest,discipline,18,6,12
25762,Вэстервилли,howling-fjord,575,priest,discipline,24,6,18
25763,Tindoriel,bronzebeard,574,priest,discipline,12,6,6
25764,Leonard,nemesis,574,priest,discipline,12,6,6
25765,Vebuya,blackmoore,574,priest,discipline,12,6,6
25766,Preacia,twisting-nether,574,priest,discipline,12,6,6
25767,Dontouch,nemesis,574,priest,discipline,12,6,6
25768,Fimor,die-nachtwache,574,priest,discipline,12,6,6
25769,Faderken,tarren-mill,574,priest,discipline,12,6,6
25770,Velanrous,kazzak,574,priest,discipline,12,6,6
25771,Pilip,dragonmaw,574,priest,discipline,12,6,6
25772,Avinci,blackrock,574,priest,discipline,12,6,6
25773,Zielonymisiu,burning-legion,574,priest,discipline,12,6,6
25774,Prigart,sylvanas,574,priest,discipline,18,6,12
25775,Pæx,antonidas,574,priest,discipline,18,6,12
25776,Muftl,thrall,574,priest,discipline,18,6,12
25777,Easxyx,veklor,573,priest,discipline,6,6,0
25778,Tycrael,hyjal,573,priest,discipline,12,6,6
25779,Këller,hyjal,573,priest,discipline,12,6,6
25780,Snowlhad,argent-dawn,573,priest,discipline,18,6,12
25781,Lolenjoyer,ravencrest,573,priest,discipline,18,6,12
25782,Priestmrt,doomhammer,573,priest,discipline,18,6,12
25783,Hólyeárth,twisting-nether,573,priest,discipline,18,6,12
25784,Wanah,ravencrest,573,priest,discipline,24,6,18
25785,Kelthurus,die-nachtwache,572,priest,discipline,12,6,6
25786,Eronnsalis,burning-legion,572,priest,discipline,12,6,6
25787,Jimcarre,eredar,572,priest,discipline,12,6,6
25788,Loriny,ragnaros,572,priest,discipline,14,6,8
25789,Sildane,kirin-tor,572,priest,discipline,18,6,12
25790,Glutenhode,stormscale,571,priest,discipline,12,6,6
25791,Lunacarle,zuljin,571,priest,discipline,17,7,10
25792,Крайне,soulflayer,571,priest,discipline,18,6,12
25793,Chaniu,throkferoth,571,priest,discipline,18,6,12
25794,Thechieftain,twilights-hammer,570,priest,discipline,12,6,6
25795,Bojestvena,neptulon,570,priest,discipline,18,6,12
25796,Mijola,thrall,565,priest,discipline,12,6,6
25797,Adolosh,thrall,560,priest,discipline,18,6,12
25798,Ahbe,stormscale,559,priest,discipline,11,6,5
25799,Døline,hyjal,543,priest,discipline,11,6,5
25800,Jumpaxx,archimonde,543,priest,discipline,17,6,11
25801,Jasty,nemesis,543,priest,discipline,23,6,17
25802,Clescy,ravencrest,542,priest,discipline,11,6,5
25803,Lemowae,doomhammer,542,priest,discipline,22,6,16
25804,Nàvy,archimonde,528,priest,discipline,15,6,9
25805,Nécromant,frostwolf,527,priest,discipline,9,7,2
25806,Adare,sanguino,527,priest,discipline,11,6,5
25807,Cárith,nemesis,522,priest,discipline,16,7,9
25808,Demmi,dun-modr,522,priest,discipline,22,7,15
25809,Hiliom,ahnqiraj,522,priest,discipline,29,9,20
25810,Полуниця,galakrond,522,priest,discipline,23,7,16
25811,Xotz,thrall,521,priest,discipline,15,8,7
25812,Isson,earthen-ring,519,priest,discipline,19,7,12
25813,Cummask,silvermoon,512,priest,discipline,16,6,10
25814,Никорете,soulflayer,511,priest,discipline,11,6,5
25815,Duwendu,drakthul,510,priest,discipline,11,6,5
25816,Thimble,blackhand,510,priest,discipline,19,6,13
25817,Figpucker,silvermoon,496,priest,discipline,13,6,7
25818,Гачидварфич,gordunni,480,priest,discipline,6,5,1
25819,Loldisc,arthas,480,priest,discipline,6,5,1
25820,Sorchad,hyjal,480,priest,discipline,6,5,1
25821,Warm,auchindoun,480,priest,discipline,6,5,1
25822,Eagleess,silvermoon,480,priest,discipline,6,5,1
25823,Нэриэлл,gordunni,480,priest,discipline,6,5,1
25824,Darkfreak,malygos,480,priest,discipline,6,5,1
25825,Whopzi,blackmoore,480,priest,discipline,6,5,1
25826,Ounxx,blackrock,480,priest,discipline,6,5,1
25827,Trippinorbs,stormscale,480,priest,discipline,6,5,1
25828,Instantcasts,ravencrest,480,priest,discipline,6,5,1
25829,Bec,ragnaros,480,priest,discipline,6,5,1
25830,Usermane,ravencrest,480,priest,discipline,6,5,1
25831,Nttyfromohio,ravencrest,480,priest,discipline,6,5,1
25832,Finiskram,sylvanas,480,priest,discipline,6,5,1
25833,Dhalsim,the-shatar,480,priest,discipline,6,5,1
25834,Söultaker,ravencrest,480,priest,discipline,6,5,1
25835,Lamp,terokkar,480,priest,discipline,6,5,1
25836,Êliten,tarren-mill,480,priest,discipline,6,5,1
25837,Vampiro,blackhand,480,priest,discipline,6,5,1
25838,Ronnmoss,defias-brotherhood,480,priest,discipline,6,5,1
25839,Nayballistic,tarren-mill,480,priest,discipline,6,5,1
25840,Moonacky,bronze-dragonflight,480,priest,discipline,6,5,1
25841,Jesslol,archimonde,480,priest,discipline,6,5,1
25842,Daniriuz,minahonda,480,priest,discipline,6,5,1
25843,Swep,ragnaros,480,priest,discipline,6,5,1
25844,Insaner,ahnqiraj,480,priest,discipline,6,5,1
25845,Playax,silvermoon,480,priest,discipline,12,5,7
25846,Radulfus,stormrage,480,priest,discipline,12,5,7
25847,Krìnzy,illidan,480,priest,discipline,12,5,7
25848,Jupilen,chogall,480,priest,discipline,12,5,7
25849,Chebaben,argent-dawn,480,priest,discipline,12,5,7
25850,Seskipr,stormreaver,480,priest,discipline,12,5,7
25851,Faloty,draenor,480,priest,discipline,12,5,7
25852,Selí,die-aldor,480,priest,discipline,12,5,7
25853,Wontdispel,ravencrest,480,priest,discipline,12,5,7
25854,Pwsx,draenor,480,priest,discipline,12,5,7
25855,Allaría,bronze-dragonflight,480,priest,discipline,12,5,7
25856,Sbj,bronze-dragonflight,480,priest,discipline,12,5,7
25857,Dsyleixa,archimonde,480,priest,discipline,12,5,7
25858,Libertero,drakthul,480,priest,discipline,12,5,7
25859,Chaapsbbq,archimonde,480,priest,discipline,12,5,7
25860,Вегельдэрс,gordunni,480,priest,discipline,12,5,7
25861,Rabbai,ravencrest,480,priest,discipline,12,5,7
25862,Hyonra,kazzak,480,priest,discipline,12,5,7
25863,Urizal,defias-brotherhood,480,priest,discipline,12,5,7
25864,Djleapgødx,twisting-nether,480,priest,discipline,12,5,7
25865,Suaakypriest,tyrande,480,priest,discipline,12,5,7
25866,Skyland,emeriss,480,priest,discipline,12,5,7
25867,Akhaida,argent-dawn,480,priest,discipline,12,5,7
25868,Kolsy,twisting-nether,480,priest,discipline,12,5,7
25869,Moeshy,kazzak,480,priest,discipline,12,5,7
25870,Discgødx,thrall,480,priest,discipline,12,5,7
25871,Healysith,archimonde,480,priest,discipline,12,5,7
25872,Bonsoin,kirin-tor,480,priest,discipline,12,5,7
25873,Funzies,doomhammer,480,priest,discipline,12,5,7
25874,Merkabah,azjolnerub,480,priest,discipline,12,5,7
25875,Litera,silvermoon,480,priest,discipline,12,5,7
25876,Саксесфул,howling-fjord,480,priest,discipline,12,5,7
25877,Haffination,frostmane,480,priest,discipline,12,5,7
25878,Delinsx,outland,480,priest,discipline,12,5,7
25879,Gorti,ravencrest,480,priest,discipline,12,5,7
25880,Muradawg,nemesis,480,priest,discipline,12,5,7
25881,Shadew,stormscale,480,priest,discipline,12,5,7
25882,Shyvi,ravencrest,480,priest,discipline,12,5,7
25883,Bimbax,dun-modr,480,priest,discipline,12,5,7
25884,Missbarbados,blackmoore,480,priest,discipline,12,5,7
25885,Вайтбласт,howling-fjord,480,priest,discipline,12,5,7
25886,Roylian,ravencrest,480,priest,discipline,12,5,7
25887,Nakenhäst,stormscale,480,priest,discipline,12,5,7
25888,Æøí,blackmoore,480,priest,discipline,12,5,7
25889,Twitty,argent-dawn,480,priest,discipline,12,5,7
25890,Graveyards,tarren-mill,480,priest,discipline,12,5,7
25891,Kryckmongo,tarren-mill,480,priest,discipline,12,5,7
25892,Donbas,tarren-mill,480,priest,discipline,12,5,7
25893,Khoria,drakthul,480,priest,discipline,12,5,7
25894,Massasax,kazzak,480,priest,discipline,12,5,7
25895,Cronershadow,stormscale,480,priest,discipline,12,5,7
25896,Ajaxfreak,blackmoore,480,priest,discipline,12,5,7
25897,Yö,stormscale,480,priest,discipline,12,5,7
25898,Абсорбиболь,howling-fjord,480,priest,discipline,12,5,7
25899,Tessaben,silvermoon,480,priest,discipline,12,5,7
25900,Miabelle,argent-dawn,480,priest,discipline,12,5,7
25901,Meheal,lothar,480,priest,discipline,12,5,7
25902,Jeboc,ravencrest,480,priest,discipline,12,5,7
25903,Katsikatsika,silvermoon,480,priest,discipline,12,5,7
25904,Späxxi,amanthul,480,priest,discipline,12,5,7
25905,Navihato,silvermoon,480,priest,discipline,12,5,7
25906,Saphèa,burning-legion,480,priest,discipline,12,5,7
25907,Borgamor,frostmane,480,priest,discipline,12,5,7
25908,Лизота,gordunni,480,priest,discipline,12,5,7
25909,Babloche,archimonde,480,priest,discipline,12,5,7
25910,Karpi,twisting-nether,480,priest,discipline,12,5,7
25911,Уер,galakrond,480,priest,discipline,12,5,7
25912,Hollylicious,kazzak,480,priest,discipline,12,5,7
25913,Grozozo,tarren-mill,480,priest,discipline,12,5,7
25914,Holydoughnut,stormscale,480,priest,discipline,12,5,7
25915,Æðwyñ,ragnaros,480,priest,discipline,12,5,7
25916,Люциусмелфой,howling-fjord,480,priest,discipline,12,5,7
25917,Bibleenjoyer,blackmoore,480,priest,discipline,12,5,7
25918,Забейка,howling-fjord,480,priest,discipline,12,5,7
25919,Kaleshiry,kazzak,480,priest,discipline,12,5,7
25920,Mariahscarey,blackhand,480,priest,discipline,12,5,7
25921,Døtzillah,kazzak,480,priest,discipline,12,5,7
25922,Tothegrave,draenor,480,priest,discipline,12,5,7
25923,Mayday,silvermoon,480,priest,discipline,12,5,7
25924,Ghettothug,darksorrow,480,priest,discipline,12,5,7
25925,Nyù,kazzak,480,priest,discipline,12,5,7
25926,Brøwney,blackmoore,480,priest,discipline,12,5,7
25927,Tsipaz,outland,480,priest,discipline,12,5,7
25928,Nayballsp,tarren-mill,480,priest,discipline,12,5,7
25929,Seankingkong,ravencrest,480,priest,discipline,12,5,7
25930,Cirøpriest,ravencrest,480,priest,discipline,12,5,7
25931,Djplay,aegwynn,480,priest,discipline,12,5,7
25932,Magthalor,twisting-nether,480,priest,discipline,12,5,7
25933,Luxør,blackrock,480,priest,discipline,12,5,7
25934,Yukîna,blackrock,480,priest,discipline,12,5,7
25935,Terstyana,hyjal,480,priest,discipline,12,5,7
25936,Lunatrix,sanguino,480,priest,discipline,12,5,7
25937,Ameja,sylvanas,480,priest,discipline,13,5,8
25938,Avp,the-maelstrom,480,priest,discipline,18,5,13
25939,Kehz,ysondre,480,priest,discipline,18,5,13
25940,Góli,argent-dawn,480,priest,discipline,18,5,13
25941,Momopriesto,draenor,480,priest,discipline,18,5,13
25942,Taimani,burning-legion,480,priest,discipline,18,5,13
25943,Savíour,kazzak,480,priest,discipline,18,5,13
25944,Карбонит,fordragon,480,priest,discipline,18,5,13
25945,Iskáral,frostmourne,480,priest,discipline,18,5,13
25946,Элизабетшорт,soulflayer,480,priest,discipline,18,5,13
25947,Zeslash,suramar,480,priest,discipline,18,5,13
25948,Kalór,kult-der-verdammten,480,priest,discipline,18,5,13
25949,Ча,thermaplugg,480,priest,discipline,18,5,13
25950,Sarinà,archimonde,480,priest,discipline,24,5,19
25951,Blackwidow,chromaggus,480,priest,discipline,24,5,19
25952,Elpitiimigré,sinstralis,479,priest,discipline,6,5,1
25953,Colte,dalaran,479,priest,discipline,6,5,1
25954,Shyvannas,antonidas,479,priest,discipline,12,5,7
25955,Darknëss,malganis,479,priest,discipline,12,5,7
25956,Haiga,zuljin,479,priest,discipline,12,5,7
25957,Pontiff,the-maelstrom,479,priest,discipline,12,5,7
25958,Kaladriel,die-aldor,479,priest,discipline,12,5,7
25959,Flappí,argent-dawn,479,priest,discipline,12,5,7
25960,Tedcrilly,dentarg,479,priest,discipline,12,5,7
25961,Pluf,nefarian,479,priest,discipline,12,5,7
25962,Røläck,ragnaros,479,priest,discipline,12,5,7
25963,Elunerei,tarren-mill,479,priest,discipline,12,5,7
25964,Aethiel,drakthul,479,priest,discipline,12,5,7
25965,Upsbro,outland,479,priest,discipline,12,5,7
25966,Helming,magtheridon,479,priest,discipline,12,5,7
25967,Sanoe,twisting-nether,479,priest,discipline,12,5,7
25968,Jessicar,the-maelstrom,479,priest,discipline,12,5,7
25969,Шпалкоклоб,soulflayer,479,priest,discipline,12,5,7
25970,Cobrix,nemesis,479,priest,discipline,12,5,7
25971,Ethylene,ysondre,479,priest,discipline,12,5,7
25972,Renesmè,archimonde,479,priest,discipline,12,5,7
25973,Velenthøs,argent-dawn,479,priest,discipline,12,5,7
25974,Bòóny,ravencrest,479,priest,discipline,12,5,7
25975,Konantenshi,doomhammer,479,priest,discipline,12,5,7
25976,Haigoku,archimonde,479,priest,discipline,12,5,7
25977,Sewerperson,doomhammer,479,priest,discipline,12,5,7
25978,Piotrek,hyjal,479,priest,discipline,12,5,7
25979,Tota,frostmane,479,priest,discipline,12,5,7
25980,Zonar,eitrigg,479,priest,discipline,12,5,7
25981,Obeliskprist,kazzak,479,priest,discipline,12,5,7
25982,Velenthan,stormrage,479,priest,discipline,12,5,7
25983,Slight,aggra-português,479,priest,discipline,12,5,7
25984,Bldnl,ragnaros,479,priest,discipline,15,6,9
25985,Dúréx,sanguino,479,priest,discipline,15,6,9
25986,Warkez,terokkar,479,priest,discipline,14,5,9
25987,Lightless,baelgun,479,priest,discipline,17,5,12
25988,Seehz,ysondre,479,priest,discipline,18,5,13
25989,Antiexhile,kazzak,479,priest,discipline,18,5,13
25990,Floory,twisting-nether,479,priest,discipline,18,5,13
25991,Aká,kazzak,479,priest,discipline,18,5,13
25992,Sleeyz,blackmoore,479,priest,discipline,24,5,19
25993,Avesatana,khadgar,478,priest,discipline,6,5,1
25994,Hotwheal,ysondre,478,priest,discipline,12,5,7
25995,Patoroch,terokkar,478,priest,discipline,18,5,13
25996,Oknelim,blackmoore,477,priest,discipline,12,5,7
25997,Arathiell,nordrassil,477,priest,discipline,12,5,7
25998,Feloriya,antonidas,476,priest,discipline,12,5,7
25999,Phosphorus,blackhand,476,priest,discipline,12,5,7
26000,Ifkströmsund,stormscale,476,priest,discipline,12,5,7
26001,Rettsche,eredar,475,priest,discipline,12,5,7
26002,Wipipi,draenor,474,priest,discipline,12,5,7
26003,Regenerous,bloodhoof,471,priest,discipline,12,5,7
26004,Рнкх,lich-king,448,priest,discipline,16,5,11
26005,Zakkypriest,tarren-mill,447,priest,discipline,11,5,6
26006,Hitaro,antonidas,447,priest,discipline,11,5,6
26007,Dhed,turalyon,447,priest,discipline,14,6,8
26008,Chooser,stormscale,447,priest,discipline,14,6,8
26009,Sandgambler,draenor,432,priest,discipline,9,5,4
26010,Äliénør,khaz-modan,426,priest,discipline,17,7,10
26011,Kak,gorgonnash,426,priest,discipline,19,6,13
26012,Holybøi,ragnaros,426,priest,discipline,29,7,22
26013,Шруня,howling-fjord,400,priest,discipline,24,5,19
26014,Stàrlîght,chants-éternels,399,priest,discipline,5,5,0
26015,Erfofthesop,chants-éternels,384,priest,discipline,6,4,2
26016,Barbïelolz,sargeras,384,priest,discipline,6,4,2
26017,Zumbae,tarren-mill,384,priest,discipline,6,4,2
26018,Mit,tarren-mill,384,priest,discipline,6,4,2
26019,Priesturz,aggramar,384,priest,discipline,6,4,2
26020,Хъи,gordunni,384,priest,discipline,6,4,2
26021,Møelester,antonidas,384,priest,discipline,6,4,2
26022,Darkoulito,dalaran,384,priest,discipline,6,4,2
26023,Goblingøs,ravencrest,384,priest,discipline,6,4,2
26024,Vizire,ravencrest,384,priest,discipline,6,4,2
26025,Dshara,the-maelstrom,384,priest,discipline,6,4,2
26026,Papêrcut,kazzak,384,priest,discipline,6,4,2
26027,Toasttwo,kazzak,384,priest,discipline,6,4,2
26028,Above,hyjal,384,priest,discipline,6,4,2
26029,Imaut,emerald-dream,384,priest,discipline,6,4,2
26030,Priestutute,tarren-mill,384,priest,discipline,6,4,2
26031,Experimentix,silvermoon,384,priest,discipline,6,4,2
26032,Discomarcel,burning-legion,384,priest,discipline,6,4,2
26033,Buerak,tarren-mill,384,priest,discipline,6,4,2
26034,Cheesegód,outland,384,priest,discipline,6,4,2
26035,Pisso,outland,384,priest,discipline,6,4,2
26036,Discih,ragnaros,384,priest,discipline,6,4,2
26037,Pankp,kazzak,384,priest,discipline,6,4,2
26038,Robiee,twisting-nether,384,priest,discipline,6,4,2
26039,Deadlyhealer,draenor,384,priest,discipline,6,4,2
26040,Бархомелфой,gordunni,384,priest,discipline,6,4,2
26041,Sîlfa,hyjal,384,priest,discipline,6,4,2
26042,Badballs,doomhammer,384,priest,discipline,6,4,2
26043,Sede,silvermoon,384,priest,discipline,6,4,2
26044,Кхарли,howling-fjord,384,priest,discipline,6,4,2
26045,Yukirito,drakthul,384,priest,discipline,6,4,2
26046,Luxurygirl,nemesis,384,priest,discipline,6,4,2
26047,Ilovecala,ravencrest,384,priest,discipline,6,4,2
26048,Xqzmydotz,outland,384,priest,discipline,6,4,2
26049,Binno,outland,384,priest,discipline,6,4,2
26050,Lergdaddy,zenedar,384,priest,discipline,6,4,2
26051,Cerdapriesst,dun-modr,384,priest,discipline,6,4,2
26052,Onceup,thrall,384,priest,discipline,6,4,2
26053,Flaynbones,tarren-mill,384,priest,discipline,6,4,2
26054,Mvce,outland,384,priest,discipline,6,4,2
26055,Rýzera,tarren-mill,384,priest,discipline,6,4,2
26056,Topdamage,stormscale,384,priest,discipline,6,4,2
26057,Nesar,stormscale,384,priest,discipline,6,4,2
26058,Dimentions,sylvanas,384,priest,discipline,6,4,2
26059,Данке,soulflayer,384,priest,discipline,6,4,2
26060,Gimcho,magtheridon,384,priest,discipline,6,4,2
26061,Challa,magtheridon,384,priest,discipline,6,4,2
26062,Appraiser,draenor,384,priest,discipline,6,4,2
26063,Gravedoll,draenor,384,priest,discipline,6,4,2
26064,Ocastia,antonidas,384,priest,discipline,6,4,2
26065,Malfredx,stormscale,384,priest,discipline,6,4,2
26066,ßlinkywinky,outland,384,priest,discipline,6,4,2
26067,Belfu,twisting-nether,384,priest,discipline,6,4,2
26068,Sïgmund,draenor,384,priest,discipline,6,4,2
26069,Jaisuu,ravencrest,384,priest,discipline,6,4,2
26070,Thean,twilights-hammer,384,priest,discipline,6,4,2
26071,Bosco,kult-der-verdammten,384,priest,discipline,6,4,2
26072,Prioheal,hyjal,384,priest,discipline,6,4,2
26073,Umbralx,ragnaros,384,priest,discipline,6,4,2
26074,Ðapperðan,draenor,384,priest,discipline,6,4,2
26075,Çhéåtçødé,ravencrest,384,priest,discipline,6,4,2
26076,Iirina,draenor,384,priest,discipline,6,4,2
26077,Piixld,aegwynn,384,priest,discipline,6,4,2
26078,Félrebarmok,ragnaros,384,priest,discipline,6,4,2
26079,Sleepzqt,blackrock,384,priest,discipline,6,4,2
26080,Mylox,blackrock,384,priest,discipline,6,4,2
26081,Bhlad,silvermoon,384,priest,discipline,6,4,2
26082,Acarru,stormscale,384,priest,discipline,6,4,2
26083,Frekko,outland,384,priest,discipline,6,4,2
26084,Madclownz,blackrock,384,priest,discipline,6,4,2
26085,Giffelgrethe,sylvanas,384,priest,discipline,6,4,2
26086,Hadk,blackrock,384,priest,discipline,6,4,2
26087,Büssi,blackrock,384,priest,discipline,6,4,2
26088,Babambaba,sylvanas,384,priest,discipline,6,4,2
26089,Magicstarss,the-maelstrom,384,priest,discipline,6,4,2
26090,Sàyaa,draenor,384,priest,discipline,6,4,2
26091,Xsp,dun-modr,384,priest,discipline,6,4,2
26092,Pdead,kazzak,384,priest,discipline,6,4,2
26093,Noxoth,amanthul,384,priest,discipline,6,4,2
26094,Purplex,aggra-português,384,priest,discipline,6,4,2
26095,Nällytq,nefarian,384,priest,discipline,6,4,2
26096,Srysx,nazjatar,384,priest,discipline,6,4,2
26097,Abî,frostwolf,384,priest,discipline,9,5,4
26098,Shadowuknow,silvermoon,384,priest,discipline,9,4,5
26099,Dominos,thrall,384,priest,discipline,12,4,8
26100,Xaeroow,archimonde,384,priest,discipline,12,4,8
26101,Amèn,archimonde,384,priest,discipline,12,4,8
26102,Sabakk,archimonde,384,priest,discipline,12,4,8
26103,Ankî,aegwynn,384,priest,discipline,12,4,8
26104,Drdré,blackrock,384,priest,discipline,12,4,8
26105,Raybangx,blackrock,384,priest,discipline,12,4,8
26106,Hombre,anetheron,384,priest,discipline,12,4,8
26107,Crenî,blackrock,384,priest,discipline,12,4,8
26108,Thesunbeam,silvermoon,384,priest,discipline,12,4,8
26109,Арейша,gordunni,384,priest,discipline,12,4,8
26110,Велост,gordunni,384,priest,discipline,12,4,8
26111,Priestqt,kelthuzad,384,priest,discipline,12,4,8
26112,Whatspray,drakthul,384,priest,discipline,12,4,8
26113,Shîn,aegwynn,384,priest,discipline,12,4,8
26114,Sorrop,sanguino,384,priest,discipline,12,4,8
26115,Solerona,blackmoore,384,priest,discipline,12,4,8
26116,Zastyx,drakthul,384,priest,discipline,12,4,8
26117,Holyorshadow,drakthul,384,priest,discipline,12,4,8
26118,Mercila,drakthul,384,priest,discipline,12,4,8
26119,Mariio,blackmoore,384,priest,discipline,12,4,8
26120,Soleyy,outland,384,priest,discipline,12,4,8
26121,Фруктовыйса,gordunni,384,priest,discipline,12,4,8
26122,Sls,sylvanas,384,priest,discipline,12,4,8
26123,Марина,howling-fjord,384,priest,discipline,12,4,8
26124,Lothbruke,twisting-nether,384,priest,discipline,12,4,8
26125,Absolution,stormscale,384,priest,discipline,12,4,8
26126,Johen,terenas,384,priest,discipline,12,4,8
26127,Seskip,stormreaver,384,priest,discipline,12,4,8
26128,Corthas,sporeggar,384,priest,discipline,12,4,8
26129,Holykebab,defias-brotherhood,384,priest,discipline,12,4,8
26130,Mérce,kazzak,384,priest,discipline,12,4,8
26131,Druzhok,sylvanas,384,priest,discipline,12,4,8
26132,Ojh,defias-brotherhood,384,priest,discipline,12,4,8
26133,Иннрей,soulflayer,384,priest,discipline,12,4,8
26134,Lalock,grim-batol,384,priest,discipline,12,4,8
26135,Predpriest,twisting-nether,384,priest,discipline,12,4,8
26136,Azriael,draenor,384,priest,discipline,12,4,8
26137,Rîîper,khaz-modan,384,priest,discipline,12,4,8
26138,Xýz,tarren-mill,384,priest,discipline,12,4,8
26139,Goatrocker,kazzak,384,priest,discipline,12,4,8
26140,Chigreru,uldum,384,priest,discipline,12,4,8
26141,Luznywiesiek,burning-legion,384,priest,discipline,12,4,8
26142,Çelph,silvermoon,384,priest,discipline,12,4,8
26143,Toasttrii,outland,384,priest,discipline,12,4,8
26144,Asdfsds,kazzak,384,priest,discipline,12,4,8
26145,Ревентонх,howling-fjord,384,priest,discipline,12,4,8
26146,Tjackmackann,kazzak,384,priest,discipline,12,4,8
26147,Capslk,ravencrest,384,priest,discipline,12,4,8
26148,Заак,howling-fjord,384,priest,discipline,12,4,8
26149,Vicetøne,stormscale,384,priest,discipline,12,4,8
26150,Сайлентхилл,howling-fjord,384,priest,discipline,12,4,8
26151,Deathtrapx,draenor,384,priest,discipline,12,4,8
26152,Hanrej,ravencrest,384,priest,discipline,12,4,8
26153,Kyuuma,ravencrest,384,priest,discipline,12,4,8
26154,Asdfgfhtjy,stormscale,384,priest,discipline,12,4,8
26155,Rafaled,ravencrest,384,priest,discipline,12,4,8
26156,Xayona,argent-dawn,384,priest,discipline,12,4,8
26157,Braingames,kazzak,384,priest,discipline,12,4,8
26158,Mukkin,tarren-mill,384,priest,discipline,12,4,8
26159,Nordrenalin,tarren-mill,384,priest,discipline,12,4,8
26160,Celestias,sanguino,384,priest,discipline,15,4,11
26161,Mythaaz,archimonde,384,priest,discipline,15,4,11
26162,Zeröone,silvermoon,384,priest,discipline,17,4,13
26163,Shyvàree,les-clairvoyants,384,priest,discipline,18,4,14
26164,Ulquiørra,blackmoore,384,priest,discipline,18,4,14
26165,Sbubbi,ravencrest,384,priest,discipline,18,4,14
26166,Superdude,stormscale,384,priest,discipline,20,4,16
26167,Tsuser,blackrock,384,priest,discipline,24,4,20
26168,Нуннчи,howling-fjord,383,priest,discipline,6,4,2
26169,Enchanttress,burning-legion,383,priest,discipline,6,4,2
26170,Plzhealme,stormscale,383,priest,discipline,6,4,2
26171,Destally,kirin-tor,383,priest,discipline,6,4,2
26172,Tarik,nemesis,383,priest,discipline,6,4,2
26173,Ravend,sylvanas,383,priest,discipline,6,4,2
26174,Hðly,doomhammer,383,priest,discipline,6,4,2
26175,Pownme,blackmoore,383,priest,discipline,6,4,2
26176,Дуззер,howling-fjord,383,priest,discipline,6,4,2
26177,Vishnoo,hyjal,383,priest,discipline,6,4,2
26178,Moonary,ravencrest,383,priest,discipline,6,4,2
26179,Bénjamín,outland,383,priest,discipline,12,4,8
26180,Побьюкадилом,gordunni,383,priest,discipline,12,4,8
26181,Sânyâ,antonidas,383,priest,discipline,12,4,8
26182,Xpect,terokkar,383,priest,discipline,12,4,8
26183,Miriàl,outland,383,priest,discipline,12,4,8
26184,Søs,eldrethalas,383,priest,discipline,12,4,8
26185,Idén,quelthalas,383,priest,discipline,12,4,8
26186,Selryna,silvermoon,383,priest,discipline,13,4,9
26187,Mwxz,ravencrest,383,priest,discipline,18,4,14
26188,Nefertítí,frostmane,382,priest,discipline,6,4,2
26189,Тэтсу,greymane,382,priest,discipline,12,4,8
26190,Muxi,kazzak,382,priest,discipline,12,4,8
26191,Lierie,kazzak,382,priest,discipline,24,4,20
26192,Grommyr,eredar,381,priest,discipline,12,4,8
26193,Tephutes,ravencrest,367,priest,discipline,11,4,7
26194,Thanil,bloodfeather,367,priest,discipline,11,4,7
26195,Øxx,blackrock,351,priest,discipline,11,4,7
26196,Yummelol,dun-modr,351,priest,discipline,11,4,7
26197,Pjuww,outland,351,priest,discipline,11,4,7
26198,Sickbo,eredar,351,priest,discipline,11,4,7
26199,Dondonne,garona,349,priest,discipline,17,4,13
26200,Doxxi,argent-dawn,336,priest,discipline,9,5,4
26201,Salvatör,quelthalas,336,priest,discipline,15,5,10
26202,Quintanaro,thrall,336,priest,discipline,15,4,11
26203,Amanojaku,archimonde,335,priest,discipline,12,5,7
26204,Vicønia,tarren-mill,335,priest,discipline,11,4,7
26205,Omejan,frostmane,330,priest,discipline,8,5,3
26206,Runay,draenor,330,priest,discipline,13,5,8
26207,Impmvp,kazzak,330,priest,discipline,17,6,11
26208,Косн,razuvious,330,priest,discipline,16,5,11
26209,Valirda,twisting-nether,330,priest,discipline,18,5,13
26210,Brainðead,aegwynn,319,priest,discipline,5,4,1
26211,Avane,outland,319,priest,discipline,5,4,1
26212,Tony,agamaggan,304,priest,discipline,7,4,3
26213,Krazuk,theradras,304,priest,discipline,13,4,9
26214,Jumpàxx,archimonde,288,priest,discipline,6,3,3
26215,Nelakya,blackmoore,288,priest,discipline,6,3,3
26216,Lolipopheal,blackmoore,288,priest,discipline,6,3,3
26217,Ðeswynds,hyjal,288,priest,discipline,6,3,3
26218,Justjuice,hyjal,288,priest,discipline,6,3,3
26219,Bridélight,archimonde,288,priest,discipline,6,3,3
26220,Rektom,archimonde,288,priest,discipline,6,3,3
26221,Dãrkmedic,silvermoon,288,priest,discipline,6,3,3
26222,Mydianá,aegwynn,288,priest,discipline,6,3,3
26223,Beefs,blackmoore,288,priest,discipline,6,3,3
26224,Mariahcarey,blackmoore,288,priest,discipline,6,3,3
26225,Pwatheism,blackmoore,288,priest,discipline,6,3,3
26226,Elmaestrø,aegwynn,288,priest,discipline,6,3,3
26227,Hængøver,blackmoore,288,priest,discipline,6,3,3
26228,Holymamba,silvermoon,288,priest,discipline,6,3,3
26229,Sapue,aegwynn,288,priest,discipline,6,3,3
26230,Caipiwtf,eredar,288,priest,discipline,6,3,3
26231,Spklooril,hyjal,288,priest,discipline,6,3,3
26232,Cheefto,blackmoore,288,priest,discipline,6,3,3
26233,Ollithepope,defias-brotherhood,288,priest,discipline,6,3,3
26234,Bottemg,defias-brotherhood,288,priest,discipline,6,3,3
26235,Luphriest,ravencrest,288,priest,discipline,6,3,3
26236,Sâmba,pozzo-delleternità,288,priest,discipline,6,3,3
26237,Nabira,pozzo-delleternità,288,priest,discipline,6,3,3
26238,Milderyp,kazzak,288,priest,discipline,6,3,3
26239,Ònasou,silvermoon,288,priest,discipline,6,3,3
26240,Nedex,thrall,288,priest,discipline,6,3,3
26241,Чилюотферала,eversong,288,priest,discipline,6,3,3
26242,Munchies,scarshield-legion,288,priest,discipline,6,3,3
26243,Pixe,argent-dawn,288,priest,discipline,6,3,3
26244,Missandeí,frostmane,288,priest,discipline,6,3,3
26245,Lerissea,argent-dawn,288,priest,discipline,6,3,3
26246,Mäésia,hyjal,288,priest,discipline,6,3,3
26247,Тесира,blackscar,288,priest,discipline,6,3,3
26248,Pooñ,silvermoon,288,priest,discipline,6,3,3
26249,Биркох,blackscar,288,priest,discipline,6,3,3
26250,ßøunty,dun-modr,288,priest,discipline,6,3,3
26251,Santainphy,cthun,288,priest,discipline,6,3,3
26252,Ríeka,proudmoore,288,priest,discipline,6,3,3
26253,Холигард,grom,288,priest,discipline,6,3,3
26254,Кхайла,blackscar,288,priest,discipline,6,3,3
26255,Аридел,ashenvale,288,priest,discipline,6,3,3
26256,Zofiiee,tarren-mill,288,priest,discipline,6,3,3
26257,Ardeë,dun-modr,288,priest,discipline,6,3,3
26258,Artemïsïa,ravencrest,288,priest,discipline,6,3,3
26259,Permapsqtx,tarren-mill,288,priest,discipline,6,3,3
26260,Laradiel,dun-modr,288,priest,discipline,6,3,3
26261,Pietyberi,tichondrius,288,priest,discipline,6,3,3
26262,Henreita,darksorrow,288,priest,discipline,6,3,3
26263,Shieldop,eredar,288,priest,discipline,6,3,3
26264,Nephotko,ravencrest,288,priest,discipline,6,3,3
26265,Kamiðßlesing,sanguino,288,priest,discipline,6,3,3
26266,Хальтэнис,gordunni,288,priest,discipline,6,3,3
26267,Streptococus,sanguino,288,priest,discipline,6,3,3
26268,Jazty,sanguino,288,priest,discipline,6,3,3
26269,Zkàrb,hyjal,288,priest,discipline,6,3,3
26270,Tyarande,tarren-mill,288,priest,discipline,6,3,3
26271,Josva,sanguino,288,priest,discipline,6,3,3
26272,Ästûr,sanguino,288,priest,discipline,6,3,3
26273,Куольхд,gordunni,288,priest,discipline,6,3,3
26274,Yillva,darkspear,288,priest,discipline,6,3,3
26275,Shádøwx,ravencrest,288,priest,discipline,6,3,3
26276,Seeyae,archimonde,288,priest,discipline,6,3,3
26277,Шлёндрик,gordunni,288,priest,discipline,6,3,3
26278,Balboa,archimonde,288,priest,discipline,6,3,3
26279,Aethana,ravencrest,288,priest,discipline,6,3,3
26280,Tzúú,ravencrest,288,priest,discipline,6,3,3
26281,Besmrtna,saurfang,288,priest,discipline,6,3,3
26282,Applepiez,ravencrest,288,priest,discipline,6,3,3
26283,Figoluh,hyjal,288,priest,discipline,6,3,3
26284,Felon,burning-legion,288,priest,discipline,6,3,3
26285,Нагп,gordunni,288,priest,discipline,6,3,3
26286,Penánce,auchindoun,288,priest,discipline,6,3,3
26287,Hôllÿ,ysondre,288,priest,discipline,6,3,3
26288,Ðopebwøy,burning-legion,288,priest,discipline,6,3,3
26289,Unfayth,sylvanas,288,priest,discipline,6,3,3
26290,Grainbames,sylvanas,288,priest,discipline,6,3,3
26291,Zikár,kazzak,288,priest,discipline,6,3,3
26292,Trasslarn,tarren-mill,288,priest,discipline,6,3,3
26293,Moistmidget,frostmane,288,priest,discipline,6,3,3
26294,Discisiipeli,sylvanas,288,priest,discipline,6,3,3
26295,Hôtseitdank,blackrock,288,priest,discipline,6,3,3
26296,Flet,emerald-dream,288,priest,discipline,6,3,3
26297,Giibboo,emerald-dream,288,priest,discipline,6,3,3
26298,Asapheal,blackmoore,288,priest,discipline,6,3,3
26299,Rhàenyra,ravencrest,288,priest,discipline,6,3,3
26300,Bonifacio,la-croisade-écarlate,288,priest,discipline,6,3,3
26301,Pøsæ,uldaman,288,priest,discipline,6,3,3
26302,Unrèål,ravencrest,288,priest,discipline,6,3,3
26303,Balin,veklor,288,priest,discipline,6,3,3
26304,Myrann,ravencrest,288,priest,discipline,6,3,3
26305,Hardbowl,teldrassil,288,priest,discipline,6,3,3
26306,Indîcâ,outland,288,priest,discipline,6,3,3
26307,Purpl,tarren-mill,288,priest,discipline,6,3,3
26308,Bigdamsmitex,draenor,288,priest,discipline,6,3,3
26309,Dead,argent-dawn,288,priest,discipline,6,3,3
26310,Åtømîç,kazzak,288,priest,discipline,6,3,3
26311,Аферона,soulflayer,288,priest,discipline,6,3,3
26312,Хэвидрим,soulflayer,288,priest,discipline,6,3,3
26313,Либертадор,howling-fjord,288,priest,discipline,6,3,3
26314,Ылрйкпмитьхх,soulflayer,288,priest,discipline,6,3,3
26315,Ábomínatíøn,ravencrest,288,priest,discipline,6,3,3
26316,Sehnsucht,kazzak,288,priest,discipline,6,3,3
26317,Qzrx,draenor,288,priest,discipline,6,3,3
26318,Noonex,hakkar,288,priest,discipline,6,3,3
26319,Zhenni,ravencrest,288,priest,discipline,6,3,3
26320,Decimerad,kazzak,288,priest,discipline,6,3,3
26321,Ансор,lich-king,288,priest,discipline,6,3,3
26322,Starships,kazzak,288,priest,discipline,6,3,3
26323,Preodek,kazzak,288,priest,discipline,6,3,3
26324,Nefufangirl,ravencrest,288,priest,discipline,6,3,3
26325,Maiel,die-aldor,288,priest,discipline,6,3,3
26326,Xixaol,drakthul,288,priest,discipline,6,3,3
26327,Eros,illidan,288,priest,discipline,6,3,3
26328,Zennen,ragnaros,288,priest,discipline,6,3,3
26329,Holycowheals,the-maelstrom,288,priest,discipline,6,3,3
26330,Zeuws,kazzak,288,priest,discipline,6,3,3
26331,Swaggodx,blackrock,288,priest,discipline,6,3,3
26332,Psychout,ravencrest,288,priest,discipline,6,3,3
26333,Fatyoyo,frostwolf,288,priest,discipline,6,3,3
26334,Discokuken,outland,288,priest,discipline,6,3,3
26335,Iluvkiids,blackhand,288,priest,discipline,6,3,3
26336,Lxl,veknilash,288,priest,discipline,6,3,3
26337,Paphahaha,ragnaros,288,priest,discipline,6,3,3
26338,Hanagaki,ragnaros,288,priest,discipline,6,3,3
26339,Акушер,howling-fjord,288,priest,discipline,6,3,3
26340,Микаса,howling-fjord,288,priest,discipline,6,3,3
26341,Uwugodx,outland,288,priest,discipline,6,3,3
26342,Depleeky,blackmoore,288,priest,discipline,6,3,3
26343,Russianpvp,outland,288,priest,discipline,6,3,3
26344,Qpops,twisting-nether,288,priest,discipline,6,3,3
26345,Zorea,twisting-nether,288,priest,discipline,6,3,3
26346,Disfinkacze,drakthul,288,priest,discipline,6,3,3
26347,Immutable,twisting-nether,288,priest,discipline,6,3,3
26348,Greyanna,twisting-nether,288,priest,discipline,6,3,3
26349,Enova,twisting-nether,288,priest,discipline,6,3,3
26350,Windieqt,drakthul,288,priest,discipline,6,3,3
26351,Effot,twisting-nether,288,priest,discipline,6,3,3
26352,Mahist,ravencrest,288,priest,discipline,6,3,3
26353,Shadoxx,malganis,288,priest,discipline,6,3,3
26354,Rustyroll,stormscale,288,priest,discipline,6,3,3
26355,Watchmepray,stormscale,288,priest,discipline,6,3,3
26356,Demorgon,twisting-nether,288,priest,discipline,6,3,3
26357,Deternity,stormscale,288,priest,discipline,6,3,3
26358,Upo,kazzak,288,priest,discipline,6,3,3
26359,Pristel,twisting-nether,288,priest,discipline,6,3,3
26360,Spektros,drakthul,288,priest,discipline,6,3,3
26361,Sastry,drakthul,288,priest,discipline,6,3,3
26362,Spatzdom,malygos,288,priest,discipline,6,3,3
26363,Velyrium,dalaran,288,priest,discipline,6,3,3
26364,Tsunê,ysondre,288,priest,discipline,6,3,3
26365,Iceys,stormscale,288,priest,discipline,6,3,3
26366,Palrins,dalaran,288,priest,discipline,6,3,3
26367,Dumix,shadowsong,288,priest,discipline,6,3,3
26368,Dannebrog,eonar,288,priest,discipline,6,3,3
26369,Mindflayér,stormscale,288,priest,discipline,6,3,3
26370,Têmplârx,stormscale,288,priest,discipline,6,3,3
26371,Kimlie,baelgun,288,priest,discipline,10,4,6
26372,Kasáya,thrall,288,priest,discipline,8,3,5
26373,Priestpvp,dun-modr,288,priest,discipline,10,3,7
26374,Madreöscura,cthun,288,priest,discipline,15,4,11
26375,Kátîè,draenor,288,priest,discipline,12,3,9
26376,Koshmår,stormscale,288,priest,discipline,12,3,9
26377,Ælæx,alleria,288,priest,discipline,12,3,9
26378,Tazting,stormscale,288,priest,discipline,12,3,9
26379,Smitelord,outland,288,priest,discipline,12,3,9
26380,Kalamh,marécage-de-zangar,288,priest,discipline,12,3,9
26381,Ilovedomo,stormscale,288,priest,discipline,12,3,9
26382,Doombrew,blackmoore,288,priest,discipline,12,3,9
26383,Julieta,dalaran,288,priest,discipline,12,3,9
26384,Pidarkgogo,stormscale,288,priest,discipline,12,3,9
26385,Rennic,stormscale,288,priest,discipline,12,3,9
26386,Momomomomomo,blackrock,288,priest,discipline,12,3,9
26387,Biierlip,twisting-nether,288,priest,discipline,12,3,9
26388,Raphyx,blackhand,288,priest,discipline,12,3,9
26389,Smiteyoudown,aegwynn,288,priest,discipline,12,3,9
26390,Голнар,deathguard,288,priest,discipline,12,3,9
26391,Pèrejoe,arathi,288,priest,discipline,12,3,9
26392,Riseandshine,draenor,288,priest,discipline,12,3,9
26393,Tubercurass,hyjal,288,priest,discipline,12,3,9
26394,Arathelle,chromaggus,288,priest,discipline,12,3,9
26395,Saucebauss,ravencrest,288,priest,discipline,12,3,9
26396,Djezà,archimonde,288,priest,discipline,12,3,9
26397,Аматури,soulflayer,288,priest,discipline,12,3,9
26398,Scarlovni,archimonde,288,priest,discipline,12,3,9
26399,Хуанкарлосс,soulflayer,288,priest,discipline,12,3,9
26400,Výra,der-rat-von-dalaran,288,priest,discipline,12,3,9
26401,Crazyhealsqt,hellfire,288,priest,discipline,12,3,9
26402,Èlvis,dun-morogh,288,priest,discipline,12,3,9
26403,Sins,defias-brotherhood,288,priest,discipline,12,3,9
26404,Gaehla,silvermoon,288,priest,discipline,12,3,9
26405,Malaboost,archimonde,288,priest,discipline,12,3,9
26406,Orkall,sylvanas,288,priest,discipline,12,3,9
26407,Toratorap,burning-legion,288,priest,discipline,12,3,9
26408,Déxguard,silvermoon,288,priest,discipline,12,3,9
26409,Dizzaer,terokkar,288,priest,discipline,12,3,9
26410,Эсминза,gordunni,288,priest,discipline,12,3,9
26411,Ксайфир,gordunni,288,priest,discipline,12,3,9
26412,Yaaoz,dun-modr,288,priest,discipline,12,3,9
26413,Ðìscòñiz,hyjal,288,priest,discipline,12,3,9
26414,Knobibobby,blackrock,288,priest,discipline,12,3,9
26415,Absórb,quelthalas,288,priest,discipline,12,3,9
26416,Niikki,blackrock,288,priest,discipline,12,3,9
26417,Realdead,blackrock,288,priest,discipline,12,3,9
26418,Венэма,azuregos,288,priest,discipline,12,3,9
26419,Bacovia,tarren-mill,288,priest,discipline,12,3,9
26420,Maybeexp,ravencrest,288,priest,discipline,12,3,9
26421,Kyojin,pozzo-delleternità,288,priest,discipline,12,3,9
26422,Løs,argent-dawn,288,priest,discipline,12,3,9
26423,Honompa,darkmoon-faire,288,priest,discipline,12,3,9
26424,Iòól,veknilash,288,priest,discipline,12,3,9
26425,Krãtos,kazzak,288,priest,discipline,12,3,9
26426,Recast,outland,288,priest,discipline,12,3,9
26427,Хомячише,lich-king,288,priest,discipline,12,3,9
26428,Kilmin,ravencrest,288,priest,discipline,12,3,9
26429,Âlígés,outland,288,priest,discipline,12,3,9
26430,Kaazaam,eredar,288,priest,discipline,12,3,9
26431,Arttos,antonidas,288,priest,discipline,12,3,9
26432,Moth,kazzak,288,priest,discipline,12,3,9
26433,Mazzekeen,burning-legion,288,priest,discipline,13,3,10
26434,Fictus,tarren-mill,288,priest,discipline,18,3,15
26435,Holyarnold,silvermoon,288,priest,discipline,18,3,15
26436,Methslinger,draenor,288,priest,discipline,18,3,15
26437,Sussane,burning-blade,287,priest,discipline,6,3,3
26438,Satyxian,draenor,287,priest,discipline,6,3,3
26439,Hulluh,tarren-mill,287,priest,discipline,6,3,3
26440,Bunetu,blackmoore,287,priest,discipline,6,3,3
26441,Xkv,blackmoore,287,priest,discipline,6,3,3
26442,Eritreea,stormscale,287,priest,discipline,12,3,9
26443,Opknapcamper,twisting-nether,287,priest,discipline,12,3,9
26444,Tíffanny,ragnaros,287,priest,discipline,12,3,9
26445,Fuwafuwaneko,sanguino,287,priest,discipline,12,3,9
26446,Sacabocaos,dun-modr,287,priest,discipline,12,3,9
26447,Orioz,tarren-mill,287,priest,discipline,12,3,9
26448,Smallpox,blackrock,287,priest,discipline,12,3,9
26449,Elraine,ravencrest,287,priest,discipline,12,3,9
26450,Rotems,korgall,287,priest,discipline,12,3,9
26451,Willibad,executus,286,priest,discipline,6,3,3
26452,Sleeg,tarren-mill,271,priest,discipline,11,3,8
26453,Priestin,dun-modr,271,priest,discipline,11,3,8
26454,Czee,draenor,255,priest,discipline,11,3,8
26455,Zlothax,blackrock,255,priest,discipline,11,3,8
26456,Lînda,steamwheedle-cartel,255,priest,discipline,11,3,8
26457,Alphakillerz,sanguino,255,priest,discipline,11,3,8
26458,Æsia,archimonde,240,priest,discipline,9,4,5
26459,Yourholiness,rexxar,240,priest,discipline,9,3,6
26460,Sánta,blackmoore,240,priest,discipline,9,3,6
26461,Kikoke,sanguino,240,priest,discipline,9,3,6
26462,Блэкхэйло,gordunni,239,priest,discipline,5,3,2
26463,Zemo,argent-dawn,239,priest,discipline,5,3,2
26464,Tyeldine,ragnaros,239,priest,discipline,9,4,5
26465,Паратузов,gordunni,239,priest,discipline,29,3,26
26466,Bigspudly,sylvanas,234,priest,discipline,8,4,4
26467,Zargoss,sylvanas,234,priest,discipline,8,4,4
26468,Zxèlá,tarren-mill,234,priest,discipline,13,6,7
26469,Paandosa,outland,234,priest,discipline,9,4,5
26470,Katwizro,hyjal,234,priest,discipline,16,6,10
26471,Mineshadow,argent-dawn,234,priest,discipline,11,4,7
26472,Jael,frostmane,234,priest,discipline,14,4,10
26473,Krakjak,twisting-nether,234,priest,discipline,15,4,11
26474,Randomfanboy,sylvanas,234,priest,discipline,15,4,11
26475,Jaheim,tarren-mill,234,priest,discipline,17,4,13
26476,Goldische,dun-morogh,234,priest,discipline,20,4,16
26477,Пахад,blackscar,233,priest,discipline,9,4,5
26478,Flexelzz,argent-dawn,227,priest,discipline,18,6,12
26479,Blúefox,malfurion,223,priest,discipline,14,3,11
26480,Tomoty,ravencrest,208,priest,discipline,7,3,4
26481,Curer,stormscale,208,priest,discipline,7,3,4
26482,Angelkiss,blackmoore,192,priest,discipline,4,3,1
26483,Saru,uldaman,192,priest,discipline,4,3,1
26484,Dutchstuff,karazhan,192,priest,discipline,4,3,1
26485,Skytheory,eredar,192,priest,discipline,6,2,4
26486,Lirrydoz,ravencrest,192,priest,discipline,6,2,4
26487,Katrynax,ravencrest,192,priest,discipline,6,2,4
26488,Ølle,ravencrest,192,priest,discipline,6,2,4
26489,Tacøgxd,ravencrest,192,priest,discipline,6,2,4
26490,Qku,ravencrest,192,priest,discipline,6,2,4
26491,Yzunaxd,ravencrest,192,priest,discipline,6,2,4
26492,Quvi,frostwolf,192,priest,discipline,6,2,4
26493,Elfhelp,ravencrest,192,priest,discipline,6,2,4
26494,Nálá,nethersturm,192,priest,discipline,6,2,4
26495,Stanyú,tarren-mill,192,priest,discipline,6,2,4
26496,Giesix,frostwolf,192,priest,discipline,6,2,4
26497,Discolilly,tarren-mill,192,priest,discipline,6,2,4
26498,Ascindra,ravencrest,192,priest,discipline,6,2,4
26499,Quencher,outland,192,priest,discipline,6,2,4
26500,Amayko,kazzak,192,priest,discipline,6,2,4
26501,Fatboyswagx,tarren-mill,192,priest,discipline,6,2,4
26502,Jupiminaj,tarren-mill,192,priest,discipline,6,2,4
26503,Stazia,ravencrest,192,priest,discipline,6,2,4
26504,Saemyra,tarren-mill,192,priest,discipline,6,2,4
26505,Jäý,ravencrest,192,priest,discipline,6,2,4
26506,Proxsjr,ravencrest,192,priest,discipline,6,2,4
26507,Cptmoigx,antonidas,192,priest,discipline,6,2,4
26508,Bigpinkballs,tarren-mill,192,priest,discipline,6,2,4
26509,Sebiarchie,lightnings-blade,192,priest,discipline,6,2,4
26510,Priestchonk,kazzak,192,priest,discipline,6,2,4
26511,Insufrible,minahonda,192,priest,discipline,6,2,4
26512,Emabi,tarren-mill,192,priest,discipline,6,2,4
26513,Mcpriestgodx,blackrock,192,priest,discipline,6,2,4
26514,Ponting,kazzak,192,priest,discipline,6,2,4
26515,Føxy,emerald-dream,192,priest,discipline,6,2,4
26516,Nekros,agamaggan,192,priest,discipline,6,2,4
26517,Cartøøns,ravencrest,192,priest,discipline,6,2,4
26518,Aridarpriest,silvermoon,192,priest,discipline,6,2,4
26519,Grduebel,tirion,192,priest,discipline,6,2,4
26520,Maquivel,aggra-português,192,priest,discipline,6,2,4
26521,Atremius,dragonmaw,192,priest,discipline,6,2,4
26522,Elëctra,vashj,192,priest,discipline,6,2,4
26523,Zxø,ravencrest,192,priest,discipline,6,2,4
26524,Tiefergelegt,arthas,192,priest,discipline,6,2,4
26525,Фадб,howling-fjord,192,priest,discipline,6,2,4
26526,Zackalls,hyjal,192,priest,discipline,6,2,4
26527,Phantombride,silvermoon,192,priest,discipline,6,2,4
26528,Prodan,frostmane,192,priest,discipline,6,2,4
26529,Rallzken,stormscale,192,priest,discipline,6,2,4
26530,Mcx,stormscale,192,priest,discipline,6,2,4
26531,Tofsy,stormscale,192,priest,discipline,6,2,4
26532,Numa,stormscale,192,priest,discipline,6,2,4
26533,Hormgal,blackmoore,192,priest,discipline,6,2,4
26534,Fadehojwnabe,the-shatar,192,priest,discipline,6,2,4
26535,Míriêl,blackhand,192,priest,discipline,6,2,4
26536,Kopfsache,blackmoore,192,priest,discipline,6,2,4
26537,Тейдехан,howling-fjord,192,priest,discipline,6,2,4
26538,Aidkit,burning-legion,192,priest,discipline,6,2,4
26539,Jubinjo,hyjal,192,priest,discipline,6,2,4
26540,Zârvâjh,aszune,192,priest,discipline,6,2,4
26541,Protege,shadowsong,192,priest,discipline,6,2,4
26542,Jell,stormscale,192,priest,discipline,6,2,4
26543,Veryssra,archimonde,192,priest,discipline,6,2,4
26544,Marypops,outland,192,priest,discipline,6,2,4
26545,Kíssme,archimonde,192,priest,discipline,6,2,4
26546,Taschigi,rexxar,192,priest,discipline,6,2,4
26547,Ifeared,stormscale,192,priest,discipline,6,2,4
26548,Sasabsi,malorne,192,priest,discipline,6,2,4
26549,Pristara,bloodhoof,192,priest,discipline,6,2,4
26550,Scalir,blackmoore,192,priest,discipline,6,2,4
26551,Рэпру,galakrond,192,priest,discipline,6,2,4
26552,Winlove,outland,192,priest,discipline,6,2,4
26553,Tinúvielle,dalaran,192,priest,discipline,6,2,4
26554,Zaqsn,blackrock,192,priest,discipline,6,2,4
26555,Tokkzz,ragnaros,192,priest,discipline,6,2,4
26556,Sipriest,silvermoon,192,priest,discipline,6,2,4
26557,Zéró,gorgonnash,192,priest,discipline,6,2,4
26558,Soreboners,stormscale,192,priest,discipline,6,2,4
26559,Mqsx,stormscale,192,priest,discipline,6,2,4
26560,Piedl,aegwynn,192,priest,discipline,6,2,4
26561,Shaomi,eldrethalas,192,priest,discipline,6,2,4
26562,Dunderpriest,silvermoon,192,priest,discipline,6,2,4
26563,Spectriums,twisting-nether,192,priest,discipline,6,2,4
26564,Kamish,twisting-nether,192,priest,discipline,6,2,4
26565,Chópsuey,stormscale,192,priest,discipline,6,2,4
26566,Groaxx,ragnaros,192,priest,discipline,6,2,4
26567,Zoose,silvermoon,192,priest,discipline,6,2,4
26568,Hoon,destromath,192,priest,discipline,6,2,4
26569,Ниомана,gordunni,192,priest,discipline,6,2,4
26570,Anvena,elune,192,priest,discipline,6,2,4
26571,Scrotoepalle,nemesis,192,priest,discipline,6,2,4
26572,Zhest,nemesis,192,priest,discipline,6,2,4
26573,Maleapriest,blackhand,192,priest,discipline,6,2,4
26574,Shalabox,twisting-nether,192,priest,discipline,6,2,4
26575,Sachikø,sylvanas,192,priest,discipline,6,2,4
26576,Arendt,blackhand,192,priest,discipline,6,2,4
26577,Iloveadri,outland,192,priest,discipline,6,2,4
26578,Rickermortis,defias-brotherhood,192,priest,discipline,6,2,4
26579,Jheimer,twisting-nether,192,priest,discipline,6,2,4
26580,Kironm,kazzak,192,priest,discipline,6,2,4
26581,Кейсия,fordragon,192,priest,discipline,6,2,4
26582,Superogór,burning-legion,192,priest,discipline,6,2,4
26583,Calling,nozdormu,192,priest,discipline,6,2,4
26584,Servaas,silvermoon,192,priest,discipline,6,2,4
26585,Draconux,terenas,192,priest,discipline,6,2,4
26586,Уци,howling-fjord,192,priest,discipline,6,2,4
26587,Зашохэйт,soulflayer,192,priest,discipline,6,2,4
26588,Scràppy,malganis,192,priest,discipline,6,2,4
26589,Ичисанчик,howling-fjord,192,priest,discipline,6,2,4
26590,Артэта,blackscar,192,priest,discipline,6,2,4
26591,Remyy,jaedenar,192,priest,discipline,6,2,4
26592,Kaamiluus,burning-legion,192,priest,discipline,6,2,4
26593,Попистовали,soulflayer,192,priest,discipline,6,2,4
26594,Prällë,draenor,192,priest,discipline,6,2,4
26595,Discolata,silvermoon,192,priest,discipline,6,2,4
26596,Missright,ragnaros,192,priest,discipline,6,2,4
26597,Сёдзира,gordunni,192,priest,discipline,6,2,4
26598,Supwithatt,kazzak,192,priest,discipline,6,2,4
26599,Маджори,azuregos,192,priest,discipline,6,2,4
26600,Adägïo,dun-modr,192,priest,discipline,6,2,4
26601,Unreal,nagrand,192,priest,discipline,6,2,4
26602,Discostu,kazzak,192,priest,discipline,6,2,4
26603,Merk,kazzak,192,priest,discipline,6,2,4
26604,Оути,gordunni,192,priest,discipline,6,2,4
26605,Пристник,gordunni,192,priest,discipline,6,2,4
26606,Leahlimit,kazzak,192,priest,discipline,6,2,4
26607,Perrín,blackrock,192,priest,discipline,6,2,4
26608,Колдунская,soulflayer,192,priest,discipline,6,2,4
26609,Имудонка,gordunni,192,priest,discipline,6,2,4
26610,Wumtris,ragnaros,192,priest,discipline,6,2,4
26611,Templanzaa,cthun,192,priest,discipline,6,2,4
26612,Prîëstìtütê,doomhammer,192,priest,discipline,6,2,4
26613,Mlii,the-maelstrom,192,priest,discipline,6,2,4
26614,Susee,nozdormu,192,priest,discipline,6,2,4
26615,Прристуха,gordunni,192,priest,discipline,6,2,4
26616,Prencø,sanguino,192,priest,discipline,6,2,4
26617,Titiqr,naxxramas,192,priest,discipline,6,2,4
26618,Attís,the-maelstrom,192,priest,discipline,6,2,4
26619,Touddixz,blackrock,192,priest,discipline,6,2,4
26620,Mehhx,burning-legion,192,priest,discipline,6,2,4
26621,Voodoo,the-maelstrom,192,priest,discipline,6,2,4
26622,Refuze,blackrock,192,priest,discipline,6,2,4
26623,Ptöheal,zuljin,192,priest,discipline,6,2,4
26624,Menie,draenor,192,priest,discipline,6,2,4
26625,Axyze,draenor,192,priest,discipline,6,2,4
26626,Alamonte,darksorrow,192,priest,discipline,6,2,4
26627,Ralaya,ravencrest,192,priest,discipline,7,2,5
26628,Meatyshaft,doomhammer,192,priest,discipline,11,3,8
26629,Иванвай,soulflayer,192,priest,discipline,9,2,7
26630,Stroggftw,archimonde,192,priest,discipline,9,2,7
26631,Xblue,outland,192,priest,discipline,12,2,10
26632,Petjouli,darksorrow,192,priest,discipline,12,2,10
26633,Trickfulzqt,stormscale,192,priest,discipline,12,2,10
26634,Shacoat,draenor,192,priest,discipline,12,2,10
26635,Zubrowkâ,kazzak,192,priest,discipline,12,2,10
26636,Tartaroula,twisting-nether,192,priest,discipline,12,2,10
26637,Æxø,draenor,192,priest,discipline,12,2,10
26638,Xlia,argent-dawn,192,priest,discipline,12,2,10
26639,Boarheals,blackmoore,192,priest,discipline,12,2,10
26640,Ballepresten,outland,192,priest,discipline,12,2,10
26641,Schnüschnü,blackmoore,192,priest,discipline,12,2,10
26642,Holzí,frostmourne,192,priest,discipline,12,2,10
26643,Zêlða,ravencrest,192,priest,discipline,12,2,10
26644,Chenandler,aggra-português,192,priest,discipline,12,2,10
26645,Sevinho,twisting-nether,192,priest,discipline,12,2,10
26646,Poqer,silvermoon,192,priest,discipline,12,2,10
26647,Shadowp,aegwynn,192,priest,discipline,12,2,10
26648,Miind,tarren-mill,192,priest,discipline,12,2,10
26649,Sybred,tarren-mill,192,priest,discipline,12,2,10
26650,Notatrap,outland,192,priest,discipline,12,2,10
26651,Cherrylipz,runetotem,192,priest,discipline,12,2,10
26652,Ulfsarkaom,turalyon,192,priest,discipline,12,2,10
26653,Darthdots,outland,192,priest,discipline,12,2,10
26654,Prostamolle,conseil-des-ombres,192,priest,discipline,12,2,10
26655,Balan,argent-dawn,192,priest,discipline,12,2,10
26656,Chizu,alakir,192,priest,discipline,12,2,10
26657,Norah,kirin-tor,192,priest,discipline,12,2,10
26658,Chevappi,turalyon,192,priest,discipline,12,2,10
26659,Xhortas,thrall,192,priest,discipline,18,2,16
26660,Zinary,silvermoon,192,priest,discipline,18,2,16
26661,Лилинтель,gordunni,192,priest,discipline,18,2,16
26662,Wigo,twisting-nether,175,priest,discipline,11,2,9
26663,Têhïcâ,dun-modr,169,priest,discipline,10,5,5
26664,Galpriest,tarren-mill,159,priest,discipline,5,2,3
26665,Zumítø,zuljin,159,priest,discipline,5,2,3
26666,Smyx,blackhand,159,priest,discipline,5,2,3
26667,Munche,blackmoore,159,priest,discipline,5,2,3
26668,Gerz,draenor,159,priest,discipline,11,2,9
26669,Djem,argent-dawn,144,priest,discipline,3,3,0
26670,Keizir,hyjal,144,priest,discipline,3,3,0
26671,Sotanax,khazgoroth,144,priest,discipline,9,2,7
26672,Discopriestt,outland,144,priest,discipline,9,2,7
26673,Magister,sanguino,138,priest,discipline,9,4,5
26674,Заволончик,blackscar,138,priest,discipline,8,3,5
26675,Xire,outland,138,priest,discipline,8,3,5
26676,Ohhowpretty,ravencrest,138,priest,discipline,11,4,7
26677,Шорон,howling-fjord,138,priest,discipline,11,3,8
26678,Fluxyqt,ravencrest,138,priest,discipline,17,4,13
26679,Kitazu,draenor,138,priest,discipline,15,3,12
26680,Rushax,ravencrest,137,priest,discipline,7,3,4
26681,Nyygalease,burning-legion,128,priest,discipline,4,2,2
26682,Quars,burning-legion,128,priest,discipline,4,2,2
26683,Darzul,conseil-des-ombres,127,priest,discipline,8,2,6
26684,Lucerna,defias-brotherhood,112,priest,discipline,7,2,5
26685,Gojó,outland,96,priest,discipline,3,2,1
26686,Midy,drakthul,96,priest,discipline,3,2,1
26687,Sdw,kargath,96,priest,discipline,3,2,1
26688,Wizzp,magtheridon,96,priest,discipline,9,2,7
26689,Guiliman,chamber-of-aspects,96,priest,discipline,11,2,9
26690,Йоййо,gordunni,96,priest,discipline,6,1,5
26691,Миррен,gordunni,96,priest,discipline,6,1,5
26692,Sonyl,les-sentinelles,96,priest,discipline,6,1,5
26693,Жрецдуши,gordunni,96,priest,discipline,6,1,5
26694,Ripjuice,sylvanas,96,priest,discipline,6,1,5
26695,Оумега,gordunni,96,priest,discipline,6,1,5
26696,Myxeh,ravencrest,96,priest,discipline,6,1,5
26697,Holyshiët,sylvanas,96,priest,discipline,6,1,5
26698,Redblue,onyxia,96,priest,discipline,6,1,5
26699,Idontknow,sanguino,96,priest,discipline,6,1,5
26700,Немонте,gordunni,96,priest,discipline,6,1,5
26701,Larisä,uldum,96,priest,discipline,6,1,5
26702,Хоббитсон,soulflayer,96,priest,discipline,6,1,5
26703,Grimveil,sylvanas,96,priest,discipline,6,1,5
26704,Stickpas,ysondre,96,priest,discipline,6,1,5
26705,Героиннарбг,soulflayer,96,priest,discipline,6,1,5
26706,Dionegativ,draenor,96,priest,discipline,6,1,5
26707,Erkay,kazzak,96,priest,discipline,6,1,5
26708,Pristürk,burning-legion,96,priest,discipline,6,1,5
26709,Elessee,the-maelstrom,96,priest,discipline,6,1,5
26710,Discmojo,draenor,96,priest,discipline,6,1,5
26711,Шишищ,gordunni,96,priest,discipline,6,1,5
26712,Jaimee,zirkel-des-cenarius,96,priest,discipline,6,1,5
26713,Namï,darksorrow,96,priest,discipline,6,1,5
26714,Rafikii,eredar,96,priest,discipline,6,1,5
26715,Hyldenward,dun-modr,96,priest,discipline,6,1,5
26716,Бидоноприст,fordragon,96,priest,discipline,6,1,5
26717,Сумрачнная,gordunni,96,priest,discipline,6,1,5
26718,Jônb,tarren-mill,96,priest,discipline,6,1,5
26719,Oöm,hyjal,96,priest,discipline,6,1,5
26720,Vampirito,ragnaros,96,priest,discipline,6,1,5
26721,Zcrit,kazzak,96,priest,discipline,6,1,5
26722,Sprife,ragnaros,96,priest,discipline,6,1,5
26723,Idjut,kazzak,96,priest,discipline,6,1,5
26724,Марриаза,blackscar,96,priest,discipline,6,1,5
26725,Ascendare,tarren-mill,96,priest,discipline,6,1,5
26726,Rachelsz,ravencrest,96,priest,discipline,6,1,5
26727,Скартэикс,howling-fjord,96,priest,discipline,6,1,5
26728,Лисовен,blackscar,96,priest,discipline,6,1,5
26729,Kangkong,ravencrest,96,priest,discipline,6,1,5
26730,Jayreaper,hyjal,96,priest,discipline,6,1,5
26731,Emyriool,hyjal,96,priest,discipline,6,1,5
26732,Mojotore,blackhand,96,priest,discipline,6,1,5
26733,Kourguette,hyjal,96,priest,discipline,6,1,5
26734,Nakrga,twisting-nether,96,priest,discipline,6,1,5
26735,Юкелла,gordunni,96,priest,discipline,6,1,5
26736,Teri,taerar,96,priest,discipline,6,1,5
26737,Dami,defias-brotherhood,96,priest,discipline,6,1,5
26738,Töxìc,outland,96,priest,discipline,6,1,5
26739,Liendro,stormscale,96,priest,discipline,6,1,5
26740,Broncos,twisting-nether,96,priest,discipline,6,1,5
26741,Fluffipriest,draenor,96,priest,discipline,6,1,5
26742,Shedzinty,tarren-mill,96,priest,discipline,6,1,5
26743,Djkushad,twisting-nether,96,priest,discipline,6,1,5
26744,Madcole,blackhand,96,priest,discipline,6,1,5
26745,Fluffedup,twisting-nether,96,priest,discipline,6,1,5
26746,Senkín,aegwynn,96,priest,discipline,6,1,5
26747,Iovely,stormscale,96,priest,discipline,6,1,5
26748,Inzàné,kazzak,96,priest,discipline,6,1,5
26749,Supfamskrrt,stormscale,96,priest,discipline,6,1,5
26750,Sayala,dalaran,96,priest,discipline,6,1,5
26751,Neardeath,stormscale,96,priest,discipline,6,1,5
26752,Shinesomnya,aegwynn,96,priest,discipline,6,1,5
26753,Anniegelic,ravencrest,96,priest,discipline,6,1,5
26754,Listenlisten,archimonde,96,priest,discipline,6,1,5
26755,Yogastretch,ravencrest,96,priest,discipline,6,1,5
26756,Xyret,blackmoore,96,priest,discipline,6,1,5
26757,Peez,stormscale,96,priest,discipline,6,1,5
26758,Iololololxd,eredar,96,priest,discipline,6,1,5
26759,Emi,blackmoore,96,priest,discipline,6,1,5
26760,Skitzypriest,stormscale,96,priest,discipline,6,1,5
26761,Tobijara,proudmoore,96,priest,discipline,6,1,5
26762,Æphilis,outland,96,priest,discipline,6,1,5
26763,Miraçlê,kazzak,96,priest,discipline,6,1,5
26764,Sanetsuna,archimonde,96,priest,discipline,6,1,5
26765,Yixi,blackmoore,96,priest,discipline,6,1,5
26766,Shucks,stormscale,96,priest,discipline,6,1,5
26767,Récko,blackmoore,96,priest,discipline,6,1,5
26768,Missah,archimonde,96,priest,discipline,6,1,5
26769,Cysco,blackmoore,96,priest,discipline,6,1,5
26770,Caramello,stormscale,96,priest,discipline,6,1,5
26771,Mickyjames,blackmoore,96,priest,discipline,6,1,5
26772,Xälis,ysondre,96,priest,discipline,6,1,5
26773,Teleriah,blackmoore,96,priest,discipline,6,1,5
26774,Pellé,stormscale,96,priest,discipline,6,1,5
26775,Promiqt,drakthul,96,priest,discipline,6,1,5
26776,Cptncarrot,blackmoore,96,priest,discipline,6,1,5
26777,Snullerheals,kazzak,96,priest,discipline,6,1,5
26778,Shuturmouth,ravencrest,96,priest,discipline,6,1,5
26779,Ildïmnöll,drakthul,96,priest,discipline,6,1,5
26780,Lyssandre,stormreaver,96,priest,discipline,6,1,5
26781,Dakystepmom,stormreaver,96,priest,discipline,6,1,5
26782,Penvon,ravencrest,96,priest,discipline,6,1,5
26783,Hoeneygodx,antonidas,96,priest,discipline,6,1,5
26784,Réaper,twilights-hammer,96,priest,discipline,6,1,5
26785,Nondi,frostmane,96,priest,discipline,6,1,5
26786,Sende,tarren-mill,96,priest,discipline,6,1,5
26787,Olqp,tarren-mill,96,priest,discipline,6,1,5
26788,Imhotép,anubarak,96,priest,discipline,6,1,5
26789,Shiggsi,die-silberne-hand,96,priest,discipline,6,1,5
26790,Tîwele,dalvengyr,96,priest,discipline,6,1,5
26791,Menjo,silvermoon,96,priest,discipline,6,1,5
26792,Sorprendente,cthun,96,priest,discipline,12,1,11
26793,Ansträ,dun-modr,96,priest,discipline,12,1,11
26794,Pera,nemesis,96,priest,discipline,12,1,11
26795,Preterovka,nemesis,96,priest,discipline,12,1,11
26796,Epokalarm,ragnaros,96,priest,discipline,12,1,11
26797,Kelarai,azjolnerub,96,priest,discipline,12,1,11
26798,Эгнерия,eversong,96,priest,discipline,12,1,11
26799,Ccatchme,sylvanas,96,priest,discipline,18,1,17
26800,Injahla,thrall,95,priest,discipline,6,1,5
26801,Elián,silvermoon,79,priest,discipline,5,1,4
26802,Tiinia,hyjal,74,priest,discipline,13,3,10
26803,Tronte,dun-modr,64,priest,discipline,4,1,3
26804,Faithful,emerald-dream,64,priest,discipline,8,1,7
26805,Nâmîz,blackrock,48,priest,discipline,3,1,2
26806,Bossku,kazzak,48,priest,discipline,3,1,2
26807,Piacolada,aegwynn,48,priest,discipline,3,1,2
26808,Pushup,drakthul,48,priest,discipline,3,1,2
26809,Synck,kazzak,42,priest,discipline,9,3,6
26810,Triip,argent-dawn,42,priest,discipline,7,2,5
26811,Хаахаахаа,gordunni,42,priest,discipline,11,3,8
26812,Atax,kazzak,42,priest,discipline,8,2,6
26813,Ægirl,chamber-of-aspects,42,priest,discipline,8,2,6
26814,Ronk,outland,42,priest,discipline,9,2,7
26815,Xxddxd,draenor,42,priest,discipline,17,3,14
26816,Vileehnius,alleria,42,priest,discipline,17,2,15
26817,Hanic,kazzak,2326,priest,shadow,92,57,35
26818,Syedi,drakthul,2270,priest,shadow,213,108,105
26819,Хедмэнмвп,gordunni,2241,priest,shadow,180,93,87
26820,Yggdra,ragnaros,2229,priest,shadow,66,44,22
26821,Permafeetup,aegwynn,2229,priest,shadow,90,50,40
26822,Dbeezy,tarren-mill,2217,priest,shadow,100,53,47
26823,Cheesecake,defias-brotherhood,2188,priest,shadow,84,50,34
26824,Tentoumushi,ravencrest,2153,priest,shadow,72,42,30
26825,Dollyboo,tarren-mill,2152,priest,shadow,125,77,48
26826,Ilovemycat,silvermoon,2152,priest,shadow,78,47,31
26827,Польскийбуль,gordunni,2148,priest,shadow,84,46,38
26828,Shåmssv,kazzak,2146,priest,shadow,72,41,31
26829,Crainoo,ravencrest,2137,priest,shadow,158,80,78
26830,Blacktrain,burning-blade,2136,priest,shadow,118,60,58
26831,Bönfire,silvermoon,2125,priest,shadow,212,111,101
26832,Rrj,ravencrest,2124,priest,shadow,82,51,31
26833,Mérce,kazzak,2123,priest,shadow,78,43,35
26834,Notsoholy,blackmoore,2123,priest,shadow,102,56,46
26835,Xsß,dun-modr,2116,priest,shadow,107,59,48
26836,Èxtêrmìnätör,kazzak,2114,priest,shadow,84,47,37
26837,Voidfi,kult-der-verdammten,2111,priest,shadow,114,64,50
26838,Standtall,blackrock,2111,priest,shadow,126,66,60
26839,Rzkp,eredar,2110,priest,shadow,93,50,43
26840,Yuzuflex,hyjal,2110,priest,shadow,81,43,38
26841,Даняпампгодх,soulflayer,2109,priest,shadow,175,88,87
26842,Bidraget,ravencrest,2105,priest,shadow,88,55,33
26843,Thanatae,kazzak,2105,priest,shadow,85,50,35
26844,Nousey,twisting-nether,2104,priest,shadow,108,62,46
26845,Sphero,earthen-ring,2101,priest,shadow,130,73,57
26846,Сделайсам,gordunni,2100,priest,shadow,99,55,44
26847,Stjärtsten,tarren-mill,2087,priest,shadow,219,125,94
26848,Шадоупуз,soulflayer,2083,priest,shadow,71,38,33
26849,Purpl,tarren-mill,2076,priest,shadow,138,75,63
26850,Walterwhite,stormscale,2052,priest,shadow,84,42,42
26851,Liptonolda,blackhand,2049,priest,shadow,94,52,42
26852,Pu,outland,2039,priest,shadow,90,43,47
26853,Миладиель,gordunni,2034,priest,shadow,113,58,55
26854,Deathlý,blackrock,2028,priest,shadow,78,40,38
26855,Zhadum,stormscale,2025,priest,shadow,118,64,54
26856,Pepeshadow,twisting-nether,2020,priest,shadow,93,48,45
26857,Медовыедотки,soulflayer,2019,priest,shadow,82,41,41
26858,Zoodiacp,blackrock,2016,priest,shadow,88,43,45
26859,Destinyhero,aegwynn,2007,priest,shadow,87,44,43
26860,Ekkfwiedrice,ragnaros,2000,priest,shadow,54,38,16
26861,Безрассудица,howling-fjord,1995,priest,shadow,73,38,35
26862,Slimcharles,ravencrest,1990,priest,shadow,101,60,41
26863,Синфал,blackscar,1990,priest,shadow,102,51,51
26864,Infuséd,aegwynn,1989,priest,shadow,60,32,28
26865,Rzktwo,eredar,1988,priest,shadow,59,33,26
26866,Swdjkbad,kazzak,1982,priest,shadow,66,37,29
26867,Sethÿr,sanguino,1982,priest,shadow,126,66,60
26868,Justtpro,twisting-nether,1977,priest,shadow,169,100,69
26869,Енотхд,soulflayer,1969,priest,shadow,60,35,25
26870,Akibom,drakthul,1963,priest,shadow,83,49,34
26871,Rnkz,sanguino,1961,priest,shadow,66,41,25
26872,Melábufeis,dun-modr,1960,priest,shadow,66,39,27
26873,Bréézee,ravencrest,1959,priest,shadow,77,38,39
26874,Bluxon,kazzak,1955,priest,shadow,101,62,39
26875,Ottii,thrall,1954,priest,shadow,65,39,26
26876,Moretti,ravencrest,1953,priest,shadow,54,32,22
26877,Qoryn,ravencrest,1952,priest,shadow,66,38,28
26878,Rýzera,aegwynn,1950,priest,shadow,36,25,11
26879,Prøphetx,thrall,1945,priest,shadow,141,73,68
26880,Vaccineboost,silvermoon,1944,priest,shadow,90,43,47
26881,Devoura,sylvanas,1943,priest,shadow,54,32,22
26882,Dhurza,shendralar,1938,priest,shadow,66,39,27
26883,Duzurîx,burning-blade,1938,priest,shadow,54,29,25
26884,Хьёх,blackscar,1935,priest,shadow,60,36,24
26885,Djalex,ravencrest,1934,priest,shadow,71,40,31
26886,Rãpidi,hyjal,1932,priest,shadow,89,56,33
26887,Buøbuarns,sanguino,1930,priest,shadow,63,31,32
26888,Айсиоу,howling-fjord,1929,priest,shadow,42,26,16
26889,Бвонсаамди,soulflayer,1928,priest,shadow,131,70,61
26890,Zodzín,ragnaros,1916,priest,shadow,48,24,24
26891,Estragon,quelthalas,1912,priest,shadow,75,40,35
26892,Dippy,blackrock,1910,priest,shadow,42,27,15
26893,Nabøøbies,blackmoore,1910,priest,shadow,62,34,28
26894,Lâughing,ravencrest,1906,priest,shadow,87,46,41
26895,Heal,hyjal,1900,priest,shadow,248,137,111
26896,Velence,ravencrest,1897,priest,shadow,60,38,22
26897,Hansmaul,thrall,1897,priest,shadow,36,20,16
26898,Døubtful,kazzak,1890,priest,shadow,36,20,16
26899,Mýxir,burning-legion,1890,priest,shadow,71,38,33
26900,Эсдаль,howling-fjord,1889,priest,shadow,60,41,19
26901,Shádówý,kazzak,1889,priest,shadow,36,20,16
26902,Sÿrax,ysondre,1883,priest,shadow,55,33,22
26903,Ûñträînablê,outland,1882,priest,shadow,60,42,18
26904,Genjutzux,kazzak,1882,priest,shadow,54,32,22
26905,Heffer,outland,1880,priest,shadow,93,58,35
26906,Drarianna,nemesis,1868,priest,shadow,30,22,8
26907,Vilayetko,ravencrest,1868,priest,shadow,48,25,23
26908,Knútx,stormscale,1867,priest,shadow,60,30,30
26909,Râvyn,silvermoon,1866,priest,shadow,44,35,9
26910,Pandacore,frostmane,1864,priest,shadow,54,28,26
26911,Simôc,eredar,1864,priest,shadow,66,34,32
26912,Weekfortyone,blackhand,1864,priest,shadow,56,27,29
26913,Minblock,sanguino,1864,priest,shadow,90,43,47
26914,Perché,silvermoon,1863,priest,shadow,54,39,15
26915,Zuhä,twisting-nether,1861,priest,shadow,60,34,26
26916,Angsty,blackrock,1860,priest,shadow,52,30,22
26917,Léandrä,magtheridon,1860,priest,shadow,60,28,32
26918,Xayona,argent-dawn,1858,priest,shadow,54,26,28
26919,Milkysmite,twisting-nether,1856,priest,shadow,52,32,20
26920,Ансор,lich-king,1856,priest,shadow,89,50,39
26921,Iodjsaiojoij,kazzak,1856,priest,shadow,54,30,24
26922,Rockness,blackmoore,1854,priest,shadow,137,91,46
26923,Ptxd,alakir,1853,priest,shadow,64,38,26
26924,Liloz,eredar,1852,priest,shadow,59,34,25
26925,Milania,ravencrest,1851,priest,shadow,42,33,9
26926,Yoe,twisting-nether,1851,priest,shadow,48,26,22
26927,Physxd,blackrock,1848,priest,shadow,36,28,8
26928,Dingopriest,blackrock,1848,priest,shadow,78,46,32
26929,Either,kazzak,1848,priest,shadow,65,36,29
26930,Blindöts,tarren-mill,1847,priest,shadow,47,27,20
26931,Animesenpai,kazzak,1847,priest,shadow,60,32,28
26932,Versio,dalvengyr,1847,priest,shadow,54,28,26
26933,Akolyte,blackmoore,1843,priest,shadow,36,22,14
26934,Trisks,ravencrest,1843,priest,shadow,34,20,14
26935,Бхонсамди,blackscar,1842,priest,shadow,71,42,29
26936,Voidgodx,blackrock,1842,priest,shadow,41,24,17
26937,Пристатеист,howling-fjord,1842,priest,shadow,72,35,37
26938,Theoniss,draenor,1841,priest,shadow,90,54,36
26939,Arendt,blackhand,1837,priest,shadow,48,29,19
26940,Johnnybanana,argent-dawn,1835,priest,shadow,36,26,10
26941,Даняпимпгадх,soulflayer,1835,priest,shadow,48,28,20
26942,Sadix,ravencrest,1835,priest,shadow,66,38,28
26943,Yêl,thrall,1834,priest,shadow,189,108,81
26944,Ымц,gordunni,1832,priest,shadow,66,33,33
26945,Sakuyasp,blackrock,1830,priest,shadow,96,53,43
26946,Shadowmate,silvermoon,1829,priest,shadow,56,31,25
26947,Schmetter,tarren-mill,1829,priest,shadow,65,29,36
26948,Selëne,blackrock,1827,priest,shadow,72,43,29
26949,Megamann,dun-morogh,1827,priest,shadow,54,32,22
26950,Игорянатакуе,eversong,1826,priest,shadow,154,86,68
26951,Rakamain,ravencrest,1825,priest,shadow,48,31,17
26952,Zindrix,silvermoon,1825,priest,shadow,84,50,34
26953,Anateoris,turalyon,1825,priest,shadow,76,43,33
26954,Gorholm,argent-dawn,1825,priest,shadow,105,57,48
26955,Quezaris,stormscale,1825,priest,shadow,48,23,25
26956,Nyotux,blackrock,1824,priest,shadow,66,45,21
26957,Cantsqell,silvermoon,1823,priest,shadow,48,34,14
26958,Термидор,booty-bay,1823,priest,shadow,95,57,38
26959,Староезло,gordunni,1821,priest,shadow,68,33,35
26960,Yirico,argent-dawn,1820,priest,shadow,47,31,16
26961,Blóódfart,kazzak,1819,priest,shadow,89,43,46
26962,Marbellexd,pozzo-delleternità,1818,priest,shadow,157,91,66
26963,Voidshuffle,laughing-skull,1818,priest,shadow,42,24,18
26964,Aliocha,dalaran,1817,priest,shadow,42,22,20
26965,Randyrhoads,kazzak,1816,priest,shadow,35,22,13
26966,Omedo,stormscale,1816,priest,shadow,36,19,17
26967,Raikup,ravencrest,1816,priest,shadow,41,19,22
26968,Криптика,soulflayer,1815,priest,shadow,42,27,15
26969,Backpedaling,kazzak,1815,priest,shadow,84,42,42
26970,Theunknown,thrall,1814,priest,shadow,42,30,12
26971,Genjutzu,kazzak,1814,priest,shadow,36,19,17
26972,Voldemort,blackrock,1813,priest,shadow,30,19,11
26973,Stèálth,sylvanas,1812,priest,shadow,24,19,5
26974,Luvlyrah,draenor,1812,priest,shadow,81,52,29
26975,Mackings,the-maelstrom,1811,priest,shadow,112,65,47
26976,Namsolo,kazzak,1811,priest,shadow,78,42,36
26977,Mafiasnipers,ravencrest,1810,priest,shadow,30,19,11
26978,Shiannâ,malganis,1810,priest,shadow,38,21,17
26979,Skillmåsterx,ravencrest,1810,priest,shadow,54,29,25
26980,Maryhugette,archimonde,1810,priest,shadow,138,67,71
26981,Gymbró,kazzak,1809,priest,shadow,54,31,23
26982,Magicstarss,the-maelstrom,1809,priest,shadow,78,42,36
26983,Garycash,outland,1809,priest,shadow,88,47,41
26984,Necrofeel,silvermoon,1807,priest,shadow,30,20,10
26985,Salkerer,stormscale,1807,priest,shadow,30,19,11
26986,Sepharis,runetotem,1807,priest,shadow,179,107,72
26987,Becknarbritt,stormscale,1807,priest,shadow,196,115,81
26988,Синатро,deathguard,1806,priest,shadow,190,119,71
26989,Птумерианец,gordunni,1806,priest,shadow,52,31,21
26990,Kujiua,ravencrest,1806,priest,shadow,113,64,49
26991,Snarks,sylvanas,1806,priest,shadow,36,20,16
26992,Claritycraft,twisting-nether,1805,priest,shadow,36,22,14
26993,Galatea,les-sentinelles,1805,priest,shadow,78,44,34
26994,Vajainap,outland,1804,priest,shadow,30,19,11
26995,Máv,tarren-mill,1804,priest,shadow,85,53,32
26996,Zeythz,ravencrest,1804,priest,shadow,156,90,66
26997,Mataî,kazzak,1803,priest,shadow,84,49,35
26998,Stazia,ravencrest,1802,priest,shadow,36,22,14
26999,Margots,kazzak,1802,priest,shadow,42,22,20
27000,Mizulol,ravencrest,1801,priest,shadow,80,42,38
27001,Akroama,archimonde,1801,priest,shadow,92,46,46
27002,Maedhrós,ravencrest,1800,priest,shadow,30,24,6
27003,Cnsnn,ysondre,1797,priest,shadow,102,69,33
27004,Homxcxde,ravencrest,1794,priest,shadow,42,24,18
27005,Djops,outland,1792,priest,shadow,78,41,37
27006,Ølle,ravencrest,1784,priest,shadow,72,42,30
27007,Свдпрох,soulflayer,1781,priest,shadow,51,26,25
27008,Raisedbyrap,blackrock,1776,priest,shadow,54,32,22
27009,Talbatex,blackmoore,1776,priest,shadow,54,24,30
27010,Tremrfinger,dun-modr,1769,priest,shadow,98,53,45
27011,Трейдарк,blackscar,1769,priest,shadow,54,28,26
27012,Мистериум,howling-fjord,1766,priest,shadow,65,38,27
27013,Vibéz,outland,1765,priest,shadow,48,24,24
27014,Stümpý,ravencrest,1762,priest,shadow,46,26,20
27015,Fakecastguru,ravencrest,1761,priest,shadow,66,37,29
27016,Ezlife,blackrock,1760,priest,shadow,72,36,36
27017,Bigdogone,arathor,1758,priest,shadow,42,24,18
27018,Darthmantle,silvermoon,1758,priest,shadow,59,29,30
27019,Magicalme,kult-der-verdammten,1756,priest,shadow,36,22,14
27020,Shuturmouth,ravencrest,1754,priest,shadow,66,38,28
27021,Ninjajane,sylvanas,1753,priest,shadow,53,32,21
27022,Фиброз,blackscar,1751,priest,shadow,114,67,47
27023,Иннрей,soulflayer,1751,priest,shadow,69,29,40
27024,Yaboyboompie,blackrock,1750,priest,shadow,54,26,28
27025,Erenndriel,twisting-nether,1749,priest,shadow,78,44,34
27026,Fläschheal,aegwynn,1746,priest,shadow,30,21,9
27027,Flexzpriest,destromath,1746,priest,shadow,96,53,43
27028,Voodkaa,drakthul,1743,priest,shadow,69,42,27
27029,Spherics,ravencrest,1743,priest,shadow,54,27,27
27030,Staljon,burning-legion,1742,priest,shadow,54,32,22
27031,Anabølix,ravencrest,1741,priest,shadow,48,27,21
27032,Ecquidozx,ravencrest,1741,priest,shadow,35,19,16
27033,Räke,blackrock,1738,priest,shadow,60,27,33
27034,Cathrix,kazzak,1733,priest,shadow,42,24,18
27035,Lindp,stormreaver,1732,priest,shadow,66,42,24
27036,Hasa,stormreaver,1730,priest,shadow,66,36,30
27037,Smxkÿÿ,eredar,1729,priest,shadow,36,25,11
27038,Zhyn,turalyon,1729,priest,shadow,110,65,45
27039,Dreamhatcher,deathwing,1729,priest,shadow,54,29,25
27040,Xiä,archimonde,1729,priest,shadow,42,21,21
27041,Actionjezuz,shattered-hand,1727,priest,shadow,42,24,18
27042,Kylähullu,ravencrest,1726,priest,shadow,68,37,31
27043,Ounxx,blackrock,1723,priest,shadow,29,21,8
27044,Казуямисима,gordunni,1723,priest,shadow,170,93,77
27045,Ксерф,soulflayer,1723,priest,shadow,114,58,56
27046,Sinthaa,mannoroth,1720,priest,shadow,36,18,18
27047,Nanna,agamaggan,1719,priest,shadow,84,39,45
27048,Кломми,gordunni,1718,priest,shadow,84,45,39
27049,Перекованный,soulflayer,1716,priest,shadow,129,69,60
27050,Alfredosauce,ravencrest,1716,priest,shadow,46,22,24
27051,Всезнайка,soulflayer,1715,priest,shadow,114,61,53
27052,Lostcause,alakir,1714,priest,shadow,48,29,19
27053,Kiesp,tarren-mill,1713,priest,shadow,90,51,39
27054,Æßsåløønå,la-croisade-écarlate,1712,priest,shadow,30,18,12
27055,Dakotapriest,ravencrest,1706,priest,shadow,30,18,12
27056,Ageyr,ragnaros,1705,priest,shadow,65,40,25
27057,Dümbledore,aggra-português,1704,priest,shadow,24,18,6
27058,Tbs,sylvanas,1704,priest,shadow,83,48,35
27059,Facemeltina,kiljaeden,1704,priest,shadow,36,18,18
27060,Ankî,aegwynn,1703,priest,shadow,84,44,40
27061,Cthultist,dun-modr,1703,priest,shadow,54,26,28
27062,Helín,hellfire,1702,priest,shadow,84,48,36
27063,Rumbo,lightnings-blade,1700,priest,shadow,42,26,16
27064,Adub,tarren-mill,1700,priest,shadow,36,21,15
27065,Atahalni,argent-dawn,1700,priest,shadow,144,67,77
27066,Sheto,burning-legion,1699,priest,shadow,138,71,67
27067,Lr,aszune,1696,priest,shadow,24,18,6
27068,Shadowvoice,outland,1696,priest,shadow,30,20,10
27069,Svettvrede,sylvanas,1693,priest,shadow,63,32,31
27070,Klosso,anachronos,1693,priest,shadow,168,78,90
27071,Schizophrens,outland,1692,priest,shadow,42,24,18
27072,Kamish,twisting-nether,1690,priest,shadow,138,74,64
27073,Solaclypsa,destromath,1689,priest,shadow,24,18,6
27074,Andreel,ravencrest,1689,priest,shadow,66,34,32
27075,Iessei,outland,1687,priest,shadow,78,39,39
27076,Kêrrýgold,blackrock,1686,priest,shadow,91,54,37
27077,Скайвэйуокер,howling-fjord,1684,priest,shadow,65,38,27
27078,Víppe,stormreaver,1682,priest,shadow,53,32,21
27079,Ihu,nazjatar,1682,priest,shadow,107,53,54
27080,Geløpr,eredar,1681,priest,shadow,36,23,13
27081,Spklooril,hyjal,1681,priest,shadow,277,144,133
27082,Spamplague,stormscale,1678,priest,shadow,48,26,22
27083,Barthólomew,doomhammer,1678,priest,shadow,64,34,30
27084,Tupal,ysondre,1678,priest,shadow,54,26,28
27085,Dianaxd,dun-modr,1676,priest,shadow,29,18,11
27086,Клаима,soulflayer,1676,priest,shadow,55,33,22
27087,Zabpriest,blackhand,1672,priest,shadow,36,24,12
27088,Raspberrypíe,silvermoon,1672,priest,shadow,78,46,32
27089,Everdark,twisting-nether,1670,priest,shadow,160,89,71
27090,Papie,kazzak,1670,priest,shadow,42,23,19
27091,Tsunadesaama,silvermoon,1668,priest,shadow,63,32,31
27092,Levitation,alakir,1665,priest,shadow,72,42,30
27093,Raitwo,kazzak,1663,priest,shadow,101,55,46
27094,Rakkha,ravencrest,1663,priest,shadow,54,28,26
27095,Jóhnnybravó,kazzak,1662,priest,shadow,34,23,11
27096,Goodsuck,tarren-mill,1662,priest,shadow,54,29,25
27097,Tosem,antonidas,1661,priest,shadow,30,19,11
27098,Imaut,emerald-dream,1659,priest,shadow,40,22,18
27099,Офелла,howling-fjord,1659,priest,shadow,241,131,110
27100,Киндзер,blackscar,1658,priest,shadow,54,29,25
27101,Buffholy,dun-modr,1657,priest,shadow,66,39,27
27102,Mojibien,burning-legion,1656,priest,shadow,122,68,54
27103,Dotreveal,ravencrest,1656,priest,shadow,42,23,19
27104,Skeida,bloodhoof,1655,priest,shadow,35,18,17
27105,Anexxia,outland,1654,priest,shadow,42,20,22
27106,Rasha,kazzak,1653,priest,shadow,62,35,27
27107,Ктулсотум,soulflayer,1652,priest,shadow,40,24,16
27108,Healzonwiilz,tarren-mill,1652,priest,shadow,30,18,12
27109,Финдовский,gordunni,1649,priest,shadow,102,54,48
27110,Ruhe,silvermoon,1648,priest,shadow,48,27,21
27111,Cdplz,archimonde,1647,priest,shadow,30,20,10
27112,Carmechanic,defias-brotherhood,1646,priest,shadow,42,23,19
27113,Empz,thrall,1644,priest,shadow,101,48,53
27114,Djariisimp,tarren-mill,1643,priest,shadow,36,21,15
27115,Weebi,silvermoon,1640,priest,shadow,65,39,26
27116,Milo,argent-dawn,1640,priest,shadow,102,61,41
27117,Priestfive,stormscale,1638,priest,shadow,48,28,20
27118,Mikizu,die-aldor,1638,priest,shadow,42,21,21
27119,Momomomomomo,blackrock,1637,priest,shadow,118,61,57
27120,Dezerta,nozdormu,1636,priest,shadow,74,39,35
27121,Undefined,chamber-of-aspects,1634,priest,shadow,40,28,12
27122,Lênax,arthas,1633,priest,shadow,40,23,17
27123,Дикаях,gordunni,1633,priest,shadow,106,51,55
27124,Тарренмилл,gordunni,1632,priest,shadow,42,23,19
27125,Darthlie,draenor,1630,priest,shadow,30,17,13
27126,Jaimë,ravencrest,1630,priest,shadow,30,17,13
27127,Ðanilox,dun-modr,1629,priest,shadow,24,17,7
27128,Donenigma,stormscale,1628,priest,shadow,36,23,13
27129,Peprama,stormscale,1628,priest,shadow,54,31,23
27130,Framesxøxø,ravencrest,1627,priest,shadow,42,24,18
27131,Билетлолпро,borean-tundra,1627,priest,shadow,30,17,13
27132,Aaj,twisting-nether,1627,priest,shadow,42,22,20
27133,Strunkiin,defias-brotherhood,1624,priest,shadow,96,53,43
27134,Affex,tarren-mill,1622,priest,shadow,30,18,12
27135,Tacøgxd,ravencrest,1621,priest,shadow,30,21,9
27136,Voidlink,kazzak,1621,priest,shadow,30,17,13
27137,Luphriest,ravencrest,1621,priest,shadow,36,17,19
27138,Asterixsu,sylvanas,1619,priest,shadow,36,25,11
27139,Toesxcker,stormscale,1616,priest,shadow,35,21,14
27140,Priestazie,madmortem,1616,priest,shadow,96,57,39
27141,Mehtz,ravencrest,1615,priest,shadow,186,90,96
27142,Knoffp,blackhand,1614,priest,shadow,72,41,31
27143,Marsheil,blackhand,1612,priest,shadow,48,28,20
27144,Ревентонх,howling-fjord,1611,priest,shadow,136,75,61
27145,Bigblackdot,grim-batol,1610,priest,shadow,30,17,13
27146,Baldracca,shendralar,1610,priest,shadow,78,42,36
27147,Insanious,skullcrusher,1609,priest,shadow,30,17,13
27148,Петушшара,gordunni,1609,priest,shadow,39,17,22
27149,Tùcøcø,archimonde,1607,priest,shadow,48,21,27
27150,Ансарм,gordunni,1604,priest,shadow,36,23,13
27151,Bownsamdi,tarren-mill,1604,priest,shadow,33,21,12
27152,Æäõ,turalyon,1604,priest,shadow,36,19,17
27153,Vavulya,blackhand,1603,priest,shadow,87,52,35
27154,Violatio,aegwynn,1603,priest,shadow,64,37,27
27155,Trancemaster,dun-modr,1602,priest,shadow,30,18,12
27156,Sebbepriest,twisting-nether,1602,priest,shadow,149,83,66
27157,Basicpr,ravencrest,1601,priest,shadow,45,30,15
27158,Sudeki,blackmoore,1601,priest,shadow,42,20,22
27159,Miruh,malganis,1600,priest,shadow,113,73,40
27160,Toba,hellscream,1600,priest,shadow,42,23,19
27161,Llothx,ravencrest,1597,priest,shadow,62,34,28
27162,Daspyen,silvermoon,1596,priest,shadow,38,20,18
27163,Трубишоп,howling-fjord,1595,priest,shadow,88,43,45
27164,Babarøqa,blackmoore,1592,priest,shadow,163,85,78
27165,Vatikanet,ravencrest,1589,priest,shadow,87,52,35
27166,Brøwnyez,zuljin,1589,priest,shadow,60,27,33
27167,Pombär,ragnaros,1587,priest,shadow,54,36,18
27168,Mightyfool,aegwynn,1586,priest,shadow,60,32,28
27169,Genthus,kazzak,1586,priest,shadow,78,41,37
27170,Axelbre,blackrock,1585,priest,shadow,30,19,11
27171,Vaßpera,tarren-mill,1585,priest,shadow,60,33,27
27172,Амбрелка,fordragon,1584,priest,shadow,58,28,30
27173,Faminé,outland,1584,priest,shadow,65,29,36
27174,Соргоху,gordunni,1583,priest,shadow,30,18,12
27175,Meshen,ysondre,1582,priest,shadow,194,109,85
27176,Phplaravel,tarren-mill,1582,priest,shadow,42,21,21
27177,Asträlaws,archimonde,1581,priest,shadow,52,27,25
27178,Cryptoflame,silvermoon,1579,priest,shadow,45,25,20
27179,Mukkin,tarren-mill,1578,priest,shadow,36,22,14
27180,Meatyshaft,doomhammer,1578,priest,shadow,59,36,23
27181,Sakanade,twisting-nether,1576,priest,shadow,42,34,8
27182,Milamati,kazzak,1576,priest,shadow,60,28,32
27183,Charmebolzen,blackrock,1571,priest,shadow,36,18,18
27184,Lowisa,sylvanas,1565,priest,shadow,70,41,29
27185,Terrored,ravencrest,1565,priest,shadow,36,17,19
27186,Ephara,outland,1562,priest,shadow,53,29,24
27187,Insaniro,argent-dawn,1562,priest,shadow,66,34,32
27188,Рэнфан,fordragon,1558,priest,shadow,52,35,17
27189,Cykdwojeczka,burning-legion,1558,priest,shadow,72,36,36
27190,Absolution,stormscale,1557,priest,shadow,209,111,98
27191,Эззи,soulflayer,1556,priest,shadow,90,50,40
27192,Бомжскадилом,gordunni,1556,priest,shadow,72,39,33
27193,Neitter,zuljin,1556,priest,shadow,54,29,25
27194,Shivaja,aegwynn,1555,priest,shadow,30,17,13
27195,Seneth,twisting-nether,1553,priest,shadow,60,31,29
27196,Xangha,burning-legion,1551,priest,shadow,72,41,31
27197,Chinko,blackmoore,1550,priest,shadow,54,36,18
27198,Anathemas,draenor,1548,priest,shadow,42,30,12
27199,Imøteph,ragnaros,1546,priest,shadow,71,40,31
27200,Nûtqt,archimonde,1545,priest,shadow,64,32,32
27201,Baihoi,twilights-hammer,1544,priest,shadow,84,53,31
27202,Sandcastles,ravencrest,1544,priest,shadow,72,45,27
27203,Snoopý,dun-modr,1544,priest,shadow,42,20,22
27204,Coupdekaraté,sylvanas,1543,priest,shadow,36,18,18
27205,Xooxl,ragnaros,1542,priest,shadow,102,60,42
27206,Hâicu,antonidas,1540,priest,shadow,60,38,22
27207,Кхэрри,goldrinn,1540,priest,shadow,30,19,11
27208,Амгар,galakrond,1540,priest,shadow,125,69,56
27209,Holyshadów,azjolnerub,1539,priest,shadow,71,37,34
27210,Hellscon,kazzak,1538,priest,shadow,125,62,63
27211,Ankhh,bloodscalp,1538,priest,shadow,72,33,39
27212,Pedopräst,stormscale,1537,priest,shadow,38,25,13
27213,Sweetepi,blackmoore,1537,priest,shadow,36,18,18
27214,Саксесфул,howling-fjord,1535,priest,shadow,97,53,44
27215,Uselessxasel,sanguino,1534,priest,shadow,24,16,8
27216,Bøts,ravencrest,1534,priest,shadow,55,27,28
27217,Kantar,ragnaros,1533,priest,shadow,64,35,29
27218,Valirda,twisting-nether,1533,priest,shadow,80,40,40
27219,Zekonja,doomhammer,1532,priest,shadow,82,42,40
27220,Деплитфофан,gordunni,1530,priest,shadow,77,48,29
27221,Skypray,burning-legion,1530,priest,shadow,89,46,43
27222,Kightz,twisting-nether,1530,priest,shadow,63,32,31
27223,Ðrwiz,ravencrest,1528,priest,shadow,30,16,14
27224,Jonesy,blackmoore,1527,priest,shadow,40,22,18
27225,Zayden,ragnaros,1527,priest,shadow,65,31,34
27226,Мишатемный,gordunni,1526,priest,shadow,42,25,17
27227,Thmas,outland,1525,priest,shadow,71,32,39
27228,Lilakaii,chamber-of-aspects,1523,priest,shadow,72,38,34
27229,Psycos,kazzak,1523,priest,shadow,66,33,33
27230,Sháady,ravencrest,1522,priest,shadow,54,28,26
27231,Kellen,burning-blade,1521,priest,shadow,193,106,87
27232,Прыст,howling-fjord,1519,priest,shadow,24,16,8
27233,Basxcbxtchx,ravencrest,1518,priest,shadow,24,16,8
27234,Priestgrade,darkspear,1517,priest,shadow,30,16,14
27235,Øxytøcin,ravencrest,1514,priest,shadow,93,45,48
27236,Umbralx,ragnaros,1513,priest,shadow,77,45,32
27237,Selaria,magtheridon,1512,priest,shadow,30,16,14
27238,Daisyduke,veknilash,1511,priest,shadow,30,16,14
27239,Энвиньяттар,howling-fjord,1510,priest,shadow,35,23,12
27240,Jingling,kazzak,1509,priest,shadow,24,16,8
27241,Zászàsmaster,kazzak,1509,priest,shadow,96,55,41
27242,Beonin,tarren-mill,1508,priest,shadow,43,26,17
27243,Hemaplex,dun-modr,1508,priest,shadow,35,21,14
27244,Megajuicy,blackmoore,1508,priest,shadow,168,88,80
27245,Cylantharia,eredar,1506,priest,shadow,30,16,14
27246,Йоййо,gordunni,1506,priest,shadow,76,40,36
27247,Даняпампх,soulflayer,1505,priest,shadow,179,96,83
27248,Ormarn,twisting-nether,1503,priest,shadow,48,28,20
27249,Dyshexia,bronze-dragonflight,1503,priest,shadow,78,39,39
27250,Shadowplay,theradras,1502,priest,shadow,64,30,34
27251,Fiftyfives,hyjal,1496,priest,shadow,51,25,26
27252,Люблюкофе,deathguard,1495,priest,shadow,50,30,20
27253,Bubbleup,defias-brotherhood,1494,priest,shadow,30,21,9
27254,Chrønös,hyjal,1494,priest,shadow,125,64,61
27255,Äiri,blackmoore,1492,priest,shadow,30,17,13
27256,Nygel,kazzak,1492,priest,shadow,95,51,44
27257,Healiea,outland,1492,priest,shadow,71,27,44
27258,Blasphemiia,outland,1491,priest,shadow,72,44,28
27259,Kajifoxi,frostmane,1490,priest,shadow,60,38,22
27260,Skûggpräst,silvermoon,1490,priest,shadow,41,22,19
27261,Sanebassoff,kazzak,1488,priest,shadow,112,65,47
27262,Bercxu,ragnaros,1487,priest,shadow,60,34,26
27263,Bierbändiger,blackhand,1487,priest,shadow,30,17,13
27264,Shinesomnya,aegwynn,1478,priest,shadow,40,23,17
27265,Kurzik,zuljin,1477,priest,shadow,40,28,12
27266,Зонкк,thermaplugg,1477,priest,shadow,114,62,52
27267,Lightform,twisting-nether,1476,priest,shadow,39,26,13
27268,Akris,ragnaros,1476,priest,shadow,60,32,28
27269,Massbimba,tarren-mill,1475,priest,shadow,41,19,22
27270,Melanore,sylvanas,1474,priest,shadow,90,46,44
27271,Pregrip,twisting-nether,1473,priest,shadow,43,21,22
27272,Thawx,stormscale,1472,priest,shadow,30,16,14
27273,Kisala,kazzak,1470,priest,shadow,47,32,15
27274,Castêr,silvermoon,1468,priest,shadow,36,19,17
27275,Êttân,ravencrest,1467,priest,shadow,50,25,25
27276,Youguessedit,twisting-nether,1466,priest,shadow,36,16,20
27277,Spideypap,ragnaros,1464,priest,shadow,58,33,25
27278,Mozahn,ragnaros,1464,priest,shadow,39,20,19
27279,Карбираторх,gordunni,1462,priest,shadow,41,21,20
27280,Maxhima,defias-brotherhood,1461,priest,shadow,72,39,33
27281,Putríd,sylvanas,1457,priest,shadow,24,16,8
27282,Tyene,voljin,1456,priest,shadow,64,37,27
27283,Xîneâ,outland,1456,priest,shadow,30,16,14
27284,Celz,kazzak,1455,priest,shadow,30,18,12
27285,Nahyra,dalaran,1455,priest,shadow,71,39,32
27286,Hemovoid,nagrand,1454,priest,shadow,24,17,7
27287,Îndura,drakthul,1454,priest,shadow,44,26,18
27288,Vedina,bronze-dragonflight,1453,priest,shadow,105,49,56
27289,Mylini,silvermoon,1450,priest,shadow,89,49,40
27290,Zevulós,ravencrest,1449,priest,shadow,54,20,34
27291,Cinaedus,stormreaver,1444,priest,shadow,63,33,30
27292,Cringelørd,alakir,1442,priest,shadow,42,27,15
27293,Palitox,kazzak,1439,priest,shadow,70,38,32
27294,Ondskabsfuld,kazzak,1439,priest,shadow,30,15,15
27295,Newkidx,draenor,1438,priest,shadow,24,15,9
27296,Otecduchovny,burning-blade,1437,priest,shadow,24,15,9
27297,Chaddius,stormscale,1437,priest,shadow,49,26,23
27298,Morseeii,baelgun,1435,priest,shadow,24,15,9
27299,Taeraz,archimonde,1435,priest,shadow,24,15,9
27300,Unerfedsp,archimonde,1432,priest,shadow,94,44,50
27301,Valdiona,tarren-mill,1431,priest,shadow,36,22,14
27302,Psycoscream,blackmoore,1431,priest,shadow,41,19,22
27303,Debbski,tarren-mill,1430,priest,shadow,24,17,7
27304,Smiles,burning-steppes,1430,priest,shadow,36,20,16
27305,Yaoshih,draenor,1430,priest,shadow,53,28,25
27306,Hörror,twisting-nether,1430,priest,shadow,42,21,21
27307,Billybay,argent-dawn,1429,priest,shadow,18,15,3
27308,Makethemstop,bronzebeard,1427,priest,shadow,30,23,7
27309,Lothlórien,dun-modr,1426,priest,shadow,24,18,6
27310,Lamaovic,archimonde,1426,priest,shadow,59,31,28
27311,Jaimee,zirkel-des-cenarius,1425,priest,shadow,24,15,9
27312,Warplague,argent-dawn,1424,priest,shadow,24,15,9
27313,Kourroucé,archimonde,1424,priest,shadow,71,39,32
27314,Fnúggí,kazzak,1423,priest,shadow,36,18,18
27315,Sharmidix,kazzak,1419,priest,shadow,30,15,15
27316,Dotsin,kazzak,1419,priest,shadow,113,56,57
27317,Ladouce,archimonde,1418,priest,shadow,33,17,16
27318,Vhayna,kazzak,1417,priest,shadow,53,32,21
27319,Varjomies,ragnaros,1417,priest,shadow,78,38,40
27320,Kayeenie,bloodscalp,1417,priest,shadow,48,21,27
27321,Kwolinger,norgannon,1416,priest,shadow,30,15,15
27322,Hoon,destromath,1415,priest,shadow,42,25,17
27323,Dazé,ravencrest,1413,priest,shadow,40,21,19
27324,Энмунд,borean-tundra,1412,priest,shadow,30,21,9
27325,Cannapriest,frostwolf,1412,priest,shadow,24,15,9
27326,Îzî,sanguino,1412,priest,shadow,42,23,19
27327,Shopify,nagrand,1412,priest,shadow,30,15,15
27328,Simplesam,ravencrest,1412,priest,shadow,76,35,41
27329,Flayin,kazzak,1411,priest,shadow,48,29,19
27330,Wingufreebrø,sanguino,1411,priest,shadow,70,31,39
27331,Saintethérez,archimonde,1410,priest,shadow,45,30,15
27332,Dípp,ravencrest,1409,priest,shadow,24,15,9
27333,Сашашвд,howling-fjord,1407,priest,shadow,42,22,20
27334,Dopey,kazzak,1406,priest,shadow,24,17,7
27335,Whocare,tarren-mill,1406,priest,shadow,30,15,15
27336,Isusgaspodi,argent-dawn,1405,priest,shadow,78,45,33
27337,Experimentix,silvermoon,1402,priest,shadow,30,16,14
27338,Voidbro,grim-batol,1401,priest,shadow,29,15,14
27339,Adägïo,dun-modr,1401,priest,shadow,90,41,49
27340,Baptizer,nemesis,1400,priest,shadow,83,53,30
27341,Nightshådøw,silvermoon,1398,priest,shadow,122,64,58
27342,Ryik,ravencrest,1395,priest,shadow,60,29,31
27343,Sxynix,thrall,1394,priest,shadow,35,21,14
27344,Rogmisa,cthun,1394,priest,shadow,48,28,20
27345,Fåith,twilights-hammer,1391,priest,shadow,30,20,10
27346,Дэспира,howling-fjord,1391,priest,shadow,28,16,12
27347,Squîzz,archimonde,1389,priest,shadow,39,18,21
27348,Lapinvicieux,archimonde,1388,priest,shadow,47,21,26
27349,Whynolove,ragnaros,1387,priest,shadow,42,24,18
27350,Ðotgød,nemesis,1385,priest,shadow,24,18,6
27351,Hek,sylvanas,1384,priest,shadow,72,36,36
27352,Lëshder,sanguino,1382,priest,shadow,72,34,38
27353,Nicorøbin,uldum,1381,priest,shadow,36,23,13
27354,Damyo,eredar,1381,priest,shadow,54,29,25
27355,Piixld,aegwynn,1376,priest,shadow,36,22,14
27356,Sodomix,tarren-mill,1370,priest,shadow,130,73,57
27357,Hòllymèdx,blackmoore,1368,priest,shadow,22,15,7
27358,Дикрия,eversong,1368,priest,shadow,42,20,22
27359,Ggdoll,twisting-nether,1367,priest,shadow,148,78,70
27360,Atheniss,drakthul,1366,priest,shadow,54,31,23
27361,Shifune,blackhand,1365,priest,shadow,48,25,23
27362,Eryxial,antonidas,1365,priest,shadow,47,22,25
27363,Shizo,blutkessel,1364,priest,shadow,29,20,9
27364,Bimboxo,argent-dawn,1363,priest,shadow,137,78,59
27365,Sucukpriest,blackrock,1363,priest,shadow,42,23,19
27366,Erkay,kazzak,1362,priest,shadow,36,17,19
27367,Mundwerk,malganis,1361,priest,shadow,93,43,50
27368,Багбери,eversong,1360,priest,shadow,204,107,97
27369,Daltheria,daggerspine,1358,priest,shadow,65,38,27
27370,Søcrax,blackrock,1357,priest,shadow,42,23,19
27371,Офинсия,deathguard,1354,priest,shadow,47,18,29
27372,Вексион,goldrinn,1353,priest,shadow,36,19,17
27373,Самаэльз,blackscar,1353,priest,shadow,30,15,15
27374,Aleetheia,silvermoon,1350,priest,shadow,38,18,20
27375,Ankus,tarren-mill,1350,priest,shadow,42,19,23
27376,Nyróx,malganis,1349,priest,shadow,110,53,57
27377,Shinígamí,frostmane,1346,priest,shadow,48,24,24
27378,Gumayusi,ravencrest,1344,priest,shadow,24,14,10
27379,Даркфолс,soulflayer,1343,priest,shadow,36,17,19
27380,Холихэйт,howling-fjord,1342,priest,shadow,18,14,4
27381,Huffle,argent-dawn,1342,priest,shadow,21,15,6
27382,Некрозмх,soulflayer,1342,priest,shadow,24,14,10
27383,Возрождающее,soulflayer,1342,priest,shadow,30,14,16
27384,Apuessii,dun-modr,1340,priest,shadow,59,31,28
27385,Astangia,nemesis,1339,priest,shadow,165,87,78
27386,Velenthøs,argent-dawn,1338,priest,shadow,41,23,18
27387,Pennywïse,kargath,1338,priest,shadow,30,14,16
27388,Hecaté,blackhand,1337,priest,shadow,55,31,24
27389,Seni,gilneas,1336,priest,shadow,55,26,29
27390,Solaní,antonidas,1336,priest,shadow,47,21,26
27391,Chillx,blackmoore,1335,priest,shadow,126,74,52
27392,Settemsen,tarren-mill,1334,priest,shadow,18,14,4
27393,Bubidiblumpr,twisting-nether,1333,priest,shadow,48,28,20
27394,Lynseanna,ravencrest,1331,priest,shadow,24,14,10
27395,Broncos,twisting-nether,1331,priest,shadow,58,33,25
27396,Inei,doomhammer,1331,priest,shadow,48,25,23
27397,Donkyrobert,tarren-mill,1331,priest,shadow,30,14,16
27398,Caera,blackrock,1328,priest,shadow,24,14,10
27399,Dumámày,silvermoon,1326,priest,shadow,24,17,7
27400,Cronershadow,stormscale,1326,priest,shadow,29,15,14
27401,Poposy,hyjal,1324,priest,shadow,24,14,10
27402,Ваккарий,gordunni,1324,priest,shadow,70,39,31
27403,Grouptherpst,draenor,1323,priest,shadow,24,14,10
27404,Kertith,argent-dawn,1323,priest,shadow,153,75,78
27405,Mellandoh,tarren-mill,1322,priest,shadow,41,25,16
27406,Shîn,aegwynn,1322,priest,shadow,71,36,35
27407,Сэлунна,goldrinn,1321,priest,shadow,36,14,22
27408,Kendea,silvermoon,1317,priest,shadow,105,54,51
27409,Littlebugger,argent-dawn,1317,priest,shadow,63,28,35
27410,Míjagí,blackhand,1314,priest,shadow,59,30,29
27411,Meløø24FBC1,dalaran,1313,priest,shadow,103,54,49
27412,Lathas,bloodfeather,1311,priest,shadow,36,23,13
27413,Prästpojken,frostwhisper,1311,priest,shadow,36,19,17
27414,Lurmus,outland,1311,priest,shadow,30,15,15
27415,Xxede,dun-modr,1310,priest,shadow,81,37,44
27416,Kasyrra,sylvanas,1309,priest,shadow,79,42,37
27417,Battlefog,turalyon,1307,priest,shadow,48,26,22
27418,Secundis,silvermoon,1305,priest,shadow,30,16,14
27419,Saviour,spinebreaker,1302,priest,shadow,36,20,16
27420,Kåz,argent-dawn,1301,priest,shadow,35,21,14
27421,Synexia,sylvanas,1299,priest,shadow,39,24,15
27422,Ammp,outland,1298,priest,shadow,92,51,41
27423,Farseerx,ravencrest,1297,priest,shadow,114,67,47
27424,Сариандра,gordunni,1295,priest,shadow,24,15,9
27425,Рейвор,gordunni,1295,priest,shadow,23,14,9
27426,Hexmon,tarren-mill,1292,priest,shadow,30,21,9
27427,Цитамин,deathguard,1291,priest,shadow,85,39,46
27428,Waycrest,ravencrest,1287,priest,shadow,29,15,14
27429,Prøfesor,nemesis,1284,priest,shadow,33,15,18
27430,Morteous,twisting-nether,1278,priest,shadow,247,125,122
27431,Babarøga,blackrock,1274,priest,shadow,23,14,9
27432,Voidlord,hyjal,1274,priest,shadow,58,30,28
27433,Seehz,ysondre,1271,priest,shadow,35,14,21
27434,Имморталрё,galakrond,1267,priest,shadow,30,20,10
27435,Gauge,frostmane,1267,priest,shadow,104,52,52
27436,Odium,alakir,1264,priest,shadow,36,18,18
27437,Nûwa,draenor,1263,priest,shadow,18,15,3
27438,Васпохилить,howling-fjord,1262,priest,shadow,79,33,46
27439,Evilspel,ravencrest,1261,priest,shadow,33,18,15
27440,Controlled,tarren-mill,1261,priest,shadow,65,32,33
27441,Onskansmoder,shattered-hand,1257,priest,shadow,52,24,28
27442,Hëllokitty,sanguino,1253,priest,shadow,86,42,44
27443,Cornflays,outland,1248,priest,shadow,18,13,5
27444,Cutepangolin,khaz-modan,1247,priest,shadow,18,13,5
27445,Been,ravencrest,1247,priest,shadow,18,13,5
27446,Shyvi,ravencrest,1246,priest,shadow,18,13,5
27447,Rubzler,ravencrest,1246,priest,shadow,18,13,5
27448,Testorwp,ragnaros,1245,priest,shadow,48,30,18
27449,Lebronjay,ravencrest,1245,priest,shadow,24,13,11
27450,Majinmadara,ravencrest,1245,priest,shadow,28,14,14
27451,Kíssme,archimonde,1244,priest,shadow,18,14,4
27452,Because,nemesis,1244,priest,shadow,18,13,5
27453,Пристаболик,gordunni,1242,priest,shadow,18,13,5
27454,Drakzx,kazzak,1242,priest,shadow,18,13,5
27455,Ruojatar,stormreaver,1241,priest,shadow,18,13,5
27456,Greyford,blackhand,1240,priest,shadow,18,13,5
27457,Kimosabee,kazzak,1240,priest,shadow,24,13,11
27458,Peikkousva,twisting-nether,1240,priest,shadow,24,13,11
27459,Lilyrosemary,arathor,1239,priest,shadow,24,13,11
27460,Jonig,blackmoore,1237,priest,shadow,30,13,17
27461,Fordöbroo,ragnaros,1236,priest,shadow,96,47,49
27462,Adssdfhjgh,outland,1235,priest,shadow,20,14,6
27463,Morsy,alleria,1235,priest,shadow,27,14,13
27464,Ariyáh,antonidas,1228,priest,shadow,24,13,11
27465,Chowhone,archimonde,1227,priest,shadow,30,13,17
27466,Clergy,hellfire,1226,priest,shadow,32,18,14
27467,Daretox,turalyon,1225,priest,shadow,30,13,17
27468,Wérrýxs,kazzak,1224,priest,shadow,24,13,11
27469,Seum,ravencrest,1218,priest,shadow,30,13,17
27470,Tesz,perenolde,1217,priest,shadow,36,16,20
27471,Bromiaris,dun-morogh,1217,priest,shadow,30,13,17
27472,Damnedangel,drakthul,1212,priest,shadow,30,13,17
27473,Mirelaw,stormscale,1210,priest,shadow,78,50,28
27474,Ulquiørra,blackmoore,1210,priest,shadow,30,13,17
27475,Thergozar,stormscale,1208,priest,shadow,48,33,15
27476,Vilhiil,darksorrow,1208,priest,shadow,29,13,16
27477,Zedrus,azshara,1206,priest,shadow,29,13,16
27478,Kristiflicka,kazzak,1196,priest,shadow,36,20,16
27479,Veshania,blackhand,1194,priest,shadow,56,25,31
27480,Nagatary,blackmoore,1192,priest,shadow,48,23,25
27481,Bonbonici,sylvanas,1187,priest,shadow,24,17,7
27482,Флэшх,soulflayer,1177,priest,shadow,22,13,9
27483,Leckpriest,sanguino,1173,priest,shadow,28,13,15
27484,Cthulou,tarren-mill,1170,priest,shadow,146,75,71
27485,Tiinia,hyjal,1165,priest,shadow,40,15,25
27486,Angleka,argent-dawn,1162,priest,shadow,83,38,45
27487,Holymonstah,sanguino,1161,priest,shadow,46,24,22
27488,Sayash,chamber-of-aspects,1158,priest,shadow,26,13,13
27489,Scaryman,ravencrest,1157,priest,shadow,23,14,9
27490,Hotdog,kult-der-verdammten,1152,priest,shadow,42,20,22
27491,Julîane,aegwynn,1151,priest,shadow,18,12,6
27492,Satin,twilights-hammer,1151,priest,shadow,18,12,6
27493,Grayraven,azjolnerub,1151,priest,shadow,36,12,24
27494,Jacep,kazzak,1150,priest,shadow,18,12,6
27495,Виталябард,gordunni,1150,priest,shadow,24,12,12
27496,Avatars,kirin-tor,1149,priest,shadow,36,18,18
27497,Onlyfansp,ravencrest,1149,priest,shadow,30,12,18
27498,Voidpbody,nerathor,1148,priest,shadow,18,12,6
27499,Caballococo,dun-modr,1148,priest,shadow,88,36,52
27500,Tweenitopg,les-clairvoyants,1146,priest,shadow,18,12,6
27501,Kirrako,tarren-mill,1145,priest,shadow,24,12,12
27502,Отчепадре,gordunni,1145,priest,shadow,24,12,12
27503,Abjure,silvermoon,1144,priest,shadow,24,12,12
27504,Cederpriest,tarren-mill,1143,priest,shadow,39,13,26
27505,Lasdrael,dun-modr,1140,priest,shadow,24,14,10
27506,Inzàné,kazzak,1138,priest,shadow,34,16,18
27507,Hârlequin,draenor,1137,priest,shadow,203,102,101
27508,Eliana,blackrock,1136,priest,shadow,18,12,6
27509,Cabalist,silvermoon,1135,priest,shadow,96,49,47
27510,Fuzzydude,ravencrest,1135,priest,shadow,36,12,24
27511,Evypriest,draenor,1133,priest,shadow,24,12,12
27512,Kdot,drakthul,1132,priest,shadow,18,12,6
27513,Cerbero,doomhammer,1128,priest,shadow,18,12,6
27514,Maximandreic,kazzak,1124,priest,shadow,42,13,29
27515,Jønnybanana,blackrock,1118,priest,shadow,23,12,11
27516,Malisna,argent-dawn,1115,priest,shadow,23,12,11
27517,Sacher,shendralar,1111,priest,shadow,60,29,31
27518,Cptnahab,blackmoore,1106,priest,shadow,19,17,2
27519,Nellytaa,dalaran,1103,priest,shadow,35,18,17
27520,Yonaka,amanthul,1102,priest,shadow,66,22,44
27521,Yuhé,elune,1100,priest,shadow,24,16,8
27522,Ðizzi,dun-modr,1096,priest,shadow,21,14,7
27523,Crishroc,stormreaver,1084,priest,shadow,36,17,19
27524,Frëyha,archimonde,1081,priest,shadow,43,25,18
27525,Ниомана,gordunni,1077,priest,shadow,28,17,11
27526,Абасали,howling-fjord,1077,priest,shadow,36,13,23
27527,Амфетаминная,howling-fjord,1076,priest,shadow,32,18,14
27528,Bodeeney,hellfire,1075,priest,shadow,54,23,31
27529,Harukaa,aggra-português,1072,priest,shadow,18,14,4
27530,Depridolens,argent-dawn,1071,priest,shadow,19,12,7
27531,Phasmofobia,ragnaros,1058,priest,shadow,32,17,15
27532,Shåmssp,kazzak,1056,priest,shadow,12,11,1
27533,Equalìzer,ravencrest,1056,priest,shadow,12,11,1
27534,Nukyo,blackmoore,1056,priest,shadow,18,11,7
27535,Draryanna,nemesis,1056,priest,shadow,18,11,7
27536,Alexwinkwink,kazzak,1056,priest,shadow,18,11,7
27537,Emilyvvillis,outland,1055,priest,shadow,30,11,19
27538,Azæriø,rashgarroth,1054,priest,shadow,18,11,7
27539,Zultor,ragnaros,1054,priest,shadow,25,11,14
27540,Шанэкс,howling-fjord,1053,priest,shadow,12,11,1
27541,Dexploit,frostwolf,1053,priest,shadow,18,11,7
27542,Umyqt,ragnaros,1053,priest,shadow,18,11,7
27543,Yoggies,tarren-mill,1053,priest,shadow,21,12,9
27544,Санятруу,blackscar,1053,priest,shadow,78,42,36
27545,Triinkett,doomhammer,1053,priest,shadow,64,27,37
27546,Блюмсик,blackscar,1052,priest,shadow,30,18,12
27547,Xyo,alleria,1052,priest,shadow,24,11,13
27548,Lousp,tarren-mill,1052,priest,shadow,30,11,19
27549,Phobò,blackrock,1050,priest,shadow,24,11,13
27550,Xatori,arthas,1047,priest,shadow,24,11,13
27551,Zubrowkâ,kazzak,1043,priest,shadow,24,11,13
27552,Holypowér,twisting-nether,1041,priest,shadow,24,11,13
27553,ßeastx,nethersturm,1037,priest,shadow,24,11,13
27554,Atelstan,drakthul,1034,priest,shadow,54,20,34
27555,Дитеприста,greymane,1025,priest,shadow,18,11,7
27556,Festiz,tichondrius,1024,priest,shadow,30,14,16
27557,Ixdeadxl,stormscale,1022,priest,shadow,24,11,13
27558,Кинраналь,eversong,1021,priest,shadow,30,17,13
27559,Mynithir,chants-éternels,1020,priest,shadow,24,11,13
27560,Soulsuckerr,silvermoon,1019,priest,shadow,30,11,19
27561,Minabonxx,silvermoon,1007,priest,shadow,75,26,49
27562,Froffzy,tarren-mill,1002,priest,shadow,30,12,18
27563,Тэтсу,greymane,1001,priest,shadow,30,16,14
27564,Fanberra,the-venture-co,1001,priest,shadow,24,11,13
27565,Hellena,neptulon,1001,priest,shadow,30,13,17
27566,Mydianá,aegwynn,999,priest,shadow,23,14,9
27567,Hypnocat,blackrock,991,priest,shadow,22,11,11
27568,Pipen,stormscale,990,priest,shadow,29,11,18
27569,Asdaprice,hellfire,986,priest,shadow,18,12,6
27570,Mylox,blackrock,984,priest,shadow,17,11,6
27571,Kuddles,hyjal,981,priest,shadow,20,12,8
27572,Уртримас,gordunni,975,priest,shadow,30,11,19
27573,Zargoss,sylvanas,974,priest,shadow,19,11,8
27574,Мргорсан,eversong,974,priest,shadow,30,16,14
27575,Sinsofmany,ragnaros,960,priest,shadow,12,10,2
27576,Ðrßøtÿcûs,la-croisade-écarlate,960,priest,shadow,12,10,2
27577,Suitenatacho,archimonde,960,priest,shadow,12,10,2
27578,Infernión,tarren-mill,960,priest,shadow,18,10,8
27579,Lløthx,ravencrest,960,priest,shadow,18,10,8
27580,Gbc,emerald-dream,960,priest,shadow,18,10,8
27581,Tekdogx,blackmoore,960,priest,shadow,18,10,8
27582,Achára,ravencrest,960,priest,shadow,18,10,8
27583,Rippeep,emerald-dream,960,priest,shadow,18,10,8
27584,Shøana,archimonde,960,priest,shadow,30,10,20
27585,Øhlø,ysondre,959,priest,shadow,12,10,2
27586,Tribz,kargath,959,priest,shadow,12,10,2
27587,Pórt,kazzak,959,priest,shadow,15,11,4
27588,Aiewn,elune,959,priest,shadow,18,12,6
27589,Пампнавечерх,blackscar,959,priest,shadow,18,10,8
27590,Goodison,outland,959,priest,shadow,24,10,14
27591,Supriest,alakir,959,priest,shadow,24,10,14
27592,Xceliann,stormscale,958,priest,shadow,12,10,2
27593,Miruvai,tarren-mill,958,priest,shadow,18,10,8
27594,Diha,argent-dawn,958,priest,shadow,18,10,8
27595,Qiandra,argent-dawn,958,priest,shadow,24,10,14
27596,Zeto,blackmoore,957,priest,shadow,12,10,2
27597,Juxtapose,argent-dawn,957,priest,shadow,12,10,2
27598,Seenoend,neptulon,957,priest,shadow,18,10,8
27599,Nomorelight,stormscale,957,priest,shadow,24,10,14
27600,Dayowe,antonidas,956,priest,shadow,118,58,60
27601,Shadowsister,burning-blade,955,priest,shadow,18,10,8
27602,Neychen,blackrock,952,priest,shadow,18,10,8
27603,Powna,blackrock,947,priest,shadow,18,10,8
27604,Иннй,howling-fjord,947,priest,shadow,24,11,13
27605,Силабездны,deathguard,946,priest,shadow,38,20,18
27606,Brainmuscle,ravencrest,945,priest,shadow,12,10,2
27607,Szpinx,stormscale,942,priest,shadow,30,10,20
27608,Серебрия,gordunni,937,priest,shadow,51,27,24
27609,Syfl,defias-brotherhood,935,priest,shadow,24,10,14
27610,Ruhoniy,ysondre,934,priest,shadow,30,17,13
27611,Abrakahudder,tarren-mill,927,priest,shadow,17,10,7
27612,Умом,gordunni,927,priest,shadow,26,11,15
27613,Aezef,ysondre,926,priest,shadow,26,11,15
27614,Fârge,elune,911,priest,shadow,17,10,7
27615,Priestoll,draenor,911,priest,shadow,21,10,11
27616,Акциуми,howling-fjord,909,priest,shadow,18,10,8
27617,Reckpump,twisting-nether,891,priest,shadow,23,10,13
27618,Эсттелла,gordunni,890,priest,shadow,48,19,29
27619,Pneumay,tarren-mill,878,priest,shadow,18,10,8
27620,Tailjob,silvermoon,864,priest,shadow,12,9,3
27621,Døtgdx,archimonde,864,priest,shadow,12,9,3
27622,Anabølixx,ravencrest,864,priest,shadow,12,9,3
27623,Maysiex,twisting-nether,864,priest,shadow,12,9,3
27624,Hanyk,kazzak,864,priest,shadow,12,9,3
27625,Tylb,tarren-mill,864,priest,shadow,12,9,3
27626,Svagis,draenor,864,priest,shadow,18,9,9
27627,Shucks,stormscale,864,priest,shadow,18,9,9
27628,Felaenna,argent-dawn,864,priest,shadow,18,9,9
27629,Dogstav,kazzak,864,priest,shadow,18,9,9
27630,Scade,kazzak,864,priest,shadow,18,9,9
27631,Spyrono,kazzak,864,priest,shadow,18,9,9
27632,Manyus,archimonde,864,priest,shadow,18,9,9
27633,Widdlprest,sylvanas,864,priest,shadow,18,9,9
27634,Dingqt,chogall,864,priest,shadow,18,9,9
27635,Fjonnski,blackmoore,864,priest,shadow,21,10,11
27636,Schmatzy,blackmoore,864,priest,shadow,24,9,15
27637,Späxxi,amanthul,863,priest,shadow,12,9,3
27638,Henaheals,ragnaros,863,priest,shadow,12,9,3
27639,Statìk,outland,863,priest,shadow,12,9,3
27640,Филяфан,gordunni,863,priest,shadow,18,9,9
27641,Txypii,dun-modr,863,priest,shadow,18,9,9
27642,Jadæ,ragnaros,863,priest,shadow,18,9,9
27643,Wtrix,stormscale,863,priest,shadow,18,9,9
27644,Наярда,howling-fjord,863,priest,shadow,18,9,9
27645,Rházael,blackrock,863,priest,shadow,24,9,15
27646,Skaliq,tarren-mill,862,priest,shadow,12,9,3
27647,Kaleycuoco,blackrock,862,priest,shadow,12,9,3
27648,Элдерле,gordunni,862,priest,shadow,18,9,9
27649,Ilostmybible,runetotem,862,priest,shadow,24,9,15
27650,Khäñ,ravencrest,862,priest,shadow,30,9,21
27651,Хоозяин,blackscar,861,priest,shadow,12,9,3
27652,Dívíne,ravenholdt,861,priest,shadow,12,9,3
27653,Kavie,ravencrest,861,priest,shadow,18,9,9
27654,Dutchstuff,karazhan,861,priest,shadow,18,9,9
27655,Pristara,bloodhoof,860,priest,shadow,12,9,3
27656,Wewo,drakthul,860,priest,shadow,21,10,11
27657,Дроус,borean-tundra,858,priest,shadow,30,12,18
27658,Elfriede,twisting-nether,856,priest,shadow,12,9,3
27659,Zák,sylvanas,843,priest,shadow,18,9,9
27660,Mimox,kaelthas,832,priest,shadow,18,9,9
27661,Shaddyr,thrall,828,priest,shadow,17,9,8
27662,Endchor,eredar,826,priest,shadow,37,16,21
27663,Kloown,conseil-des-ombres,820,priest,shadow,23,10,13
27664,Driptoohard,archimonde,815,priest,shadow,11,9,2
27665,Csksablanca,sargeras,815,priest,shadow,11,9,2
27666,Happychap,stormreaver,815,priest,shadow,21,9,12
27667,Stoffig,aggramar,806,priest,shadow,18,9,9
27668,Sigor,hellfire,802,priest,shadow,23,9,14
27669,Bäckay,silvermoon,799,priest,shadow,16,9,7
27670,Õðæßìùa,kazzak,799,priest,shadow,17,9,8
27671,Arunp,magtheridon,799,priest,shadow,26,9,17
27672,Alicanx,silvermoon,798,priest,shadow,17,9,8
27673,Sypnos,zuljin,797,priest,shadow,16,9,7
27674,Shyasianpr,area-52,768,priest,shadow,12,8,4
27675,Demølishes,ravencrest,768,priest,shadow,12,8,4
27676,Nätrix,tarren-mill,768,priest,shadow,12,8,4
27677,Voideffsucks,stormscale,768,priest,shadow,12,8,4
27678,Waltergoblin,sylvanas,768,priest,shadow,12,8,4
27679,Balthe,defias-brotherhood,768,priest,shadow,12,8,4
27680,Raëkon,nemesis,768,priest,shadow,12,8,4
27681,Inavea,hyjal,768,priest,shadow,12,8,4
27682,Vtspam,stormscale,768,priest,shadow,12,8,4
27683,Djstache,tarren-mill,768,priest,shadow,12,8,4
27684,Syreet,silvermoon,768,priest,shadow,12,8,4
27685,Nøwmäck,archimonde,768,priest,shadow,15,9,6
27686,Хелектро,deathweaver,768,priest,shadow,18,8,10
27687,Waina,defias-brotherhood,768,priest,shadow,18,8,10
27688,Jellypie,blackrock,768,priest,shadow,18,8,10
27689,Hilerki,draenor,768,priest,shadow,18,8,10
27690,Jaanny,defias-brotherhood,768,priest,shadow,18,8,10
27691,Önnÿ,dun-modr,768,priest,shadow,24,8,16
27692,Джианитто,borean-tundra,767,priest,shadow,12,8,4
27693,Холиспирт,deathguard,767,priest,shadow,12,8,4
27694,Jegred,draenor,767,priest,shadow,12,8,4
27695,Zappikpriest,silvermoon,767,priest,shadow,12,8,4
27696,Holineß,burning-blade,767,priest,shadow,12,8,4
27697,Leleg,blackhand,767,priest,shadow,15,9,6
27698,Kagarr,kazzak,767,priest,shadow,14,8,6
27699,Aereza,darkspear,767,priest,shadow,18,8,10
27700,Unreal,nagrand,767,priest,shadow,18,8,10
27701,Venomspawn,ragnaros,767,priest,shadow,18,8,10
27702,Dimorinny,silvermoon,767,priest,shadow,18,8,10
27703,Bigdumber,kazzak,767,priest,shadow,18,8,10
27704,Priestlolx,aegwynn,767,priest,shadow,24,8,16
27705,Maskinjundre,bronzebeard,767,priest,shadow,24,8,16
27706,Aducanpea,blackmoore,766,priest,shadow,12,8,4
27707,Kumpi,azjolnerub,766,priest,shadow,12,8,4
27708,Mavaai,burning-legion,766,priest,shadow,12,8,4
27709,Ехереу,blackscar,766,priest,shadow,12,8,4
27710,Ihaveibs,doomhammer,766,priest,shadow,19,9,10
27711,Darkmayham,silvermoon,766,priest,shadow,18,8,10
27712,Dvärg,ravencrest,766,priest,shadow,18,8,10
27713,Johnnysp,eredar,765,priest,shadow,12,8,4
27714,Чикхоп,blackscar,765,priest,shadow,12,8,4
27715,Шаасит,soulflayer,765,priest,shadow,18,8,10
27716,Géèk,alakir,765,priest,shadow,19,8,11
27717,Holyface,twisting-nether,764,priest,shadow,12,8,4
27718,Sammel,moonglade,763,priest,shadow,18,8,10
27719,Zathada,twisting-nether,763,priest,shadow,18,8,10
27720,Omnissiiah,silvermoon,763,priest,shadow,24,8,16
27721,Skuggzter,outland,761,priest,shadow,12,8,4
27722,Семмэр,gordunni,759,priest,shadow,27,9,18
27723,Gwyneth,archimonde,753,priest,shadow,12,8,4
27724,Намдандар,howling-fjord,753,priest,shadow,18,8,10
27725,Barcodes,kazzak,749,priest,shadow,20,9,11
27726,Teleriah,blackmoore,735,priest,shadow,17,8,9
27727,Shíàpríést,kazzak,734,priest,shadow,29,8,21
27728,Aeo,twisting-nether,732,priest,shadow,17,8,9
27729,Røst,ravencrest,719,priest,shadow,11,8,3
27730,Valdemar,alakir,706,priest,shadow,21,8,13
27731,Malaíka,silvermoon,703,priest,shadow,11,8,3
27732,Raetwo,stormscale,703,priest,shadow,14,8,6
27733,Даркхон,howling-fjord,702,priest,shadow,14,8,6
27734,Reptika,tichondrius,696,priest,shadow,16,8,8
27735,Galilea,sanguino,672,priest,shadow,9,8,1
27736,Fueguchi,anubarak,672,priest,shadow,12,7,5
27737,Mcdutchy,arygos,672,priest,shadow,12,7,5
27738,Libstik,hyjal,672,priest,shadow,12,7,5
27739,Systerstål,twisting-nether,672,priest,shadow,12,7,5
27740,Lavidu,antonidas,672,priest,shadow,12,7,5
27741,Dolens,argent-dawn,672,priest,shadow,12,7,5
27742,Æåeåeåé,twisting-nether,672,priest,shadow,12,7,5
27743,Gyom,sargeras,672,priest,shadow,12,7,5
27744,Kíguwu,draenor,672,priest,shadow,12,7,5
27745,Sadgepriest,draenor,672,priest,shadow,12,7,5
27746,Миррен,gordunni,672,priest,shadow,12,7,5
27747,Fairylite,outland,672,priest,shadow,12,7,5
27748,Laradiel,dun-modr,672,priest,shadow,12,7,5
27749,Говорун,grom,672,priest,shadow,12,7,5
27750,Aritrosp,kargath,672,priest,shadow,12,7,5
27751,Xùÿø,culte-de-la-rive-noire,672,priest,shadow,12,7,5
27752,Bizzlebabe,lightbringer,672,priest,shadow,12,7,5
27753,Vladï,conseil-des-ombres,672,priest,shadow,12,7,5
27754,Nordrenalin,tarren-mill,672,priest,shadow,12,7,5
27755,Vittelk,stormscale,672,priest,shadow,12,7,5
27756,Uria,moonglade,672,priest,shadow,12,7,5
27757,Bensherman,dalaran,672,priest,shadow,12,7,5
27758,Марриаза,blackscar,672,priest,shadow,12,7,5
27759,Sundae,nemesis,672,priest,shadow,12,7,5
27760,Gød,magtheridon,672,priest,shadow,12,7,5
27761,Leggat,draenor,672,priest,shadow,15,8,7
27762,Uzü,ysondre,672,priest,shadow,16,8,8
27763,Heygoogle,ravencrest,672,priest,shadow,18,7,11
27764,Majinbuù,sargeras,672,priest,shadow,18,7,11
27765,Aíushtha,frostmane,672,priest,shadow,18,7,11
27766,Irlfatguy,ravencrest,672,priest,shadow,20,7,13
27767,Syam,dun-morogh,672,priest,shadow,24,7,17
27768,Hiyahen,silvermoon,671,priest,shadow,12,7,5
27769,Shadowchunks,argent-dawn,671,priest,shadow,12,7,5
27770,Kogarrashi,aegwynn,671,priest,shadow,12,7,5
27771,Plimpi,blackmoore,671,priest,shadow,12,7,5
27772,Слышуфонк,howling-fjord,671,priest,shadow,12,7,5
27773,Karnatia,burning-legion,671,priest,shadow,12,7,5
27774,Badomens,draenor,671,priest,shadow,12,7,5
27775,Абсорб,gordunni,671,priest,shadow,12,7,5
27776,Scorbute,conseil-des-ombres,671,priest,shadow,12,7,5
27777,Cryptoniite,kazzak,671,priest,shadow,12,7,5
27778,Elarya,zenedar,671,priest,shadow,12,7,5
27779,Мариаглорум,gordunni,671,priest,shadow,12,7,5
27780,Freshpope,ravencrest,671,priest,shadow,16,8,8
27781,Skypez,blackhand,671,priest,shadow,18,7,11
27782,Gooflord,ravencrest,671,priest,shadow,18,7,11
27783,Neggan,chamber-of-aspects,671,priest,shadow,18,7,11
27784,Mirill,tarren-mill,671,priest,shadow,18,7,11
27785,Deriont,argent-dawn,671,priest,shadow,18,7,11
27786,Jerolol,sanguino,671,priest,shadow,18,7,11
27787,Hiela,outland,670,priest,shadow,12,7,5
27788,Haxxøn,die-nachtwache,670,priest,shadow,12,7,5
27789,Calor,nemesis,670,priest,shadow,12,7,5
27790,Morgoh,die-arguswacht,670,priest,shadow,12,7,5
27791,Ittei,stormscale,670,priest,shadow,12,7,5
27792,Kitasia,tarren-mill,670,priest,shadow,12,7,5
27793,Psystorm,frostmane,670,priest,shadow,18,7,11
27794,Sáro,ravencrest,669,priest,shadow,12,7,5
27795,Hotsanddots,auchindoun,668,priest,shadow,12,7,5
27796,Madizuluka,aggra-português,668,priest,shadow,21,8,13
27797,Некросиний,eversong,667,priest,shadow,12,7,5
27798,Hulluh,tarren-mill,665,priest,shadow,12,7,5
27799,Nerfnerf,kazzak,663,priest,shadow,22,10,12
27800,Redfield,frostmane,663,priest,shadow,24,7,17
27801,Spaghettoni,tarren-mill,662,priest,shadow,12,7,5
27802,Vregoa,twisting-nether,639,priest,shadow,17,7,10
27803,Sadskîx,dun-modr,624,priest,shadow,9,8,1
27804,Brainwash,darksorrow,608,priest,shadow,16,7,9
27805,Reeflix,blackmoore,607,priest,shadow,17,8,9
27806,Lipzip,twisting-nether,591,priest,shadow,19,7,12
27807,Physx,blackrock,576,priest,shadow,6,6,0
27808,Shacoat,draenor,576,priest,shadow,6,6,0
27809,Шандресса,deepholm,576,priest,shadow,6,6,0
27810,Deadandugly,eredar,576,priest,shadow,6,6,0
27811,Deform,argent-dawn,576,priest,shadow,6,6,0
27812,Viánná,sylvanas,576,priest,shadow,10,7,3
27813,Despéri,ysondre,576,priest,shadow,12,6,6
27814,Peep,emerald-dream,576,priest,shadow,12,6,6
27815,Arratør,ysondre,576,priest,shadow,12,6,6
27816,Kunayu,ravencrest,576,priest,shadow,12,6,6
27817,Vardrium,antonidas,576,priest,shadow,12,6,6
27818,Fluffieh,ravencrest,576,priest,shadow,12,6,6
27819,Бранлор,howling-fjord,576,priest,shadow,12,6,6
27820,Cultist,defias-brotherhood,576,priest,shadow,12,6,6
27821,Wakizashi,ravencrest,576,priest,shadow,12,6,6
27822,Babydark,ravencrest,576,priest,shadow,12,6,6
27823,Noreal,twisting-nether,576,priest,shadow,12,6,6
27824,Farotep,tarren-mill,576,priest,shadow,12,6,6
27825,Prästjäväln,stormscale,576,priest,shadow,12,6,6
27826,Saliâ,blackmoore,576,priest,shadow,12,6,6
27827,Skyfour,blackmoore,576,priest,shadow,12,6,6
27828,Hizumi,stormreaver,576,priest,shadow,12,6,6
27829,Shadoxx,malganis,576,priest,shadow,12,6,6
27830,Шучунекошмар,soulflayer,576,priest,shadow,12,6,6
27831,Lilsayx,blackrock,576,priest,shadow,12,6,6
27832,Ellfle,kazzak,576,priest,shadow,12,6,6
27833,Umayyaa,sylvanas,576,priest,shadow,12,6,6
27834,Miraçlê,kazzak,576,priest,shadow,12,6,6
27835,Kraanocska,outland,576,priest,shadow,12,6,6
27836,Oniakusa,outland,576,priest,shadow,12,6,6
27837,Landliebe,outland,576,priest,shadow,12,6,6
27838,Cluelêss,blackrock,576,priest,shadow,12,6,6
27839,Wixzyx,ravencrest,576,priest,shadow,18,6,12
27840,Файерин,soulflayer,576,priest,shadow,18,6,12
27841,Apèx,blackrock,576,priest,shadow,18,6,12
27842,Eytrhfb,stormscale,575,priest,shadow,12,6,6
27843,Attaxx,dragonmaw,575,priest,shadow,12,6,6
27844,Нитровина,howling-fjord,575,priest,shadow,12,6,6
27845,Princéssà,aegwynn,575,priest,shadow,12,6,6
27846,Wintercurse,twisting-nether,575,priest,shadow,18,6,12
27847,Söörpriest,the-maelstrom,574,priest,shadow,12,6,6
27848,Sacreth,ragnaros,574,priest,shadow,24,6,18
27849,Bloodimand,terenas,572,priest,shadow,12,6,6
27850,Karmapollys,silvermoon,570,priest,shadow,12,6,6
27851,Trencharse,draenor,559,priest,shadow,17,6,11
27852,Fumiiko,stormscale,543,priest,shadow,20,7,13
27853,Valaç,turalyon,528,priest,shadow,15,6,9
27854,Манддалорец,gordunni,512,priest,shadow,16,6,10
27855,Lildiggy,outland,511,priest,shadow,14,6,8
27856,Graveyards,tarren-mill,480,priest,shadow,6,5,1
27857,Easyc,gorgonnash,480,priest,shadow,6,5,1
27858,Gladíator,blackhand,480,priest,shadow,6,5,1
27859,Attilerg,stormscale,480,priest,shadow,6,5,1
27860,Potati,defias-brotherhood,480,priest,shadow,6,5,1
27861,Nøskillzz,nemesis,480,priest,shadow,6,5,1
27862,Disillusíon,tarren-mill,480,priest,shadow,6,5,1
27863,Voidis,hyjal,480,priest,shadow,6,5,1
27864,Rinkahands,silvermoon,480,priest,shadow,6,5,1
27865,Алуриэлия,gordunni,480,priest,shadow,6,5,1
27866,Pizzagigante,kazzak,480,priest,shadow,6,5,1
27867,Darkqt,ravencrest,480,priest,shadow,6,5,1
27868,Tigrok,burning-legion,480,priest,shadow,6,5,1
27869,Bonifacio,la-croisade-écarlate,480,priest,shadow,6,5,1
27870,Скизма,gordunni,480,priest,shadow,6,5,1
27871,Зоргдаркнесс,howling-fjord,480,priest,shadow,6,5,1
27872,Сакта,howling-fjord,480,priest,shadow,6,5,1
27873,Mojoo,aggramar,480,priest,shadow,6,5,1
27874,Mephiras,kult-der-verdammten,480,priest,shadow,6,5,1
27875,Sleypriest,draenor,480,priest,shadow,6,5,1
27876,Beasteaksx,thrall,480,priest,shadow,6,5,1
27877,Pâww,kazzak,480,priest,shadow,6,5,1
27878,Bazazath,thrall,480,priest,shadow,9,6,3
27879,Mcdced,archimonde,480,priest,shadow,8,5,3
27880,Mentax,kazzak,480,priest,shadow,12,5,7
27881,Xelathor,twisting-nether,480,priest,shadow,12,5,7
27882,Низара,deathguard,480,priest,shadow,12,5,7
27883,Môrtïciâ,tarren-mill,480,priest,shadow,12,5,7
27884,Korzec,dun-modr,480,priest,shadow,12,5,7
27885,Svenskabarn,twisting-nether,480,priest,shadow,12,5,7
27886,Alterspflege,eredar,480,priest,shadow,12,5,7
27887,Nairima,argent-dawn,480,priest,shadow,12,5,7
27888,Øro,ysondre,480,priest,shadow,12,5,7
27889,Rovensin,ravencrest,480,priest,shadow,12,5,7
27890,Lillclubbina,stormscale,480,priest,shadow,12,5,7
27891,Darrianna,outland,480,priest,shadow,12,5,7
27892,Tokkz,kelthuzad,480,priest,shadow,12,5,7
27893,Shadowleech,ragnaros,480,priest,shadow,12,5,7
27894,Smâshëd,stormscale,480,priest,shadow,12,5,7
27895,Löspajen,stormscale,480,priest,shadow,12,5,7
27896,Lyssandre,stormreaver,480,priest,shadow,12,5,7
27897,Дакимакурах,gordunni,480,priest,shadow,12,5,7
27898,Kidkuddo,blackmoore,480,priest,shadow,12,5,7
27899,Raeratwo,archimonde,480,priest,shadow,12,5,7
27900,Darkmus,quelthalas,480,priest,shadow,12,5,7
27901,Sopsy,stormscale,480,priest,shadow,12,5,7
27902,Jarkk,ysondre,480,priest,shadow,12,5,7
27903,Taikki,stormreaver,480,priest,shadow,12,5,7
27904,Shadowful,drakthul,480,priest,shadow,12,5,7
27905,Slimshadey,malganis,480,priest,shadow,12,5,7
27906,Bonsoin,kirin-tor,480,priest,shadow,12,5,7
27907,Neverfade,dun-modr,480,priest,shadow,12,5,7
27908,Cmonbro,hyjal,480,priest,shadow,12,5,7
27909,Taxthepoor,blackhand,480,priest,shadow,12,5,7
27910,Rokil,ravencrest,480,priest,shadow,12,5,7
27911,Drakharys,dun-modr,480,priest,shadow,12,5,7
27912,Singularity,ravencrest,480,priest,shadow,12,5,7
27913,Qwertyuioasd,ravencrest,480,priest,shadow,12,5,7
27914,Claudefrollo,the-maelstrom,480,priest,shadow,13,5,8
27915,Elderath,eredar,480,priest,shadow,17,5,12
27916,Moogie,archimonde,480,priest,shadow,18,5,13
27917,Malip,ragnaros,480,priest,shadow,21,5,16
27918,Лайкшеди,soulflayer,479,priest,shadow,6,5,1
27919,Вэйворс,blackscar,479,priest,shadow,10,6,4
27920,Балзик,blackscar,479,priest,shadow,12,5,7
27921,Блэксикер,greymane,479,priest,shadow,12,5,7
27922,Xieraxe,ravencrest,479,priest,shadow,12,5,7
27923,Gimcho,magtheridon,479,priest,shadow,12,5,7
27924,Heinricht,ragnaros,479,priest,shadow,12,5,7
27925,Delaiya,antonidas,479,priest,shadow,18,6,12
27926,Ethalia,kirin-tor,478,priest,shadow,12,5,7
27927,Falbäla,suramar,473,priest,shadow,12,5,7
27928,Ftiersp,ravencrest,463,priest,shadow,11,5,6
27929,Sàd,thrall,447,priest,shadow,11,5,6
27930,Chas,argent-dawn,432,priest,shadow,9,5,4
27931,Sunehxp,blackrock,431,priest,shadow,11,5,6
27932,Twisty,malganis,426,priest,shadow,17,9,8
27933,Fathedead,stormreaver,426,priest,shadow,18,7,11
27934,Deadlymoda,zenedar,415,priest,shadow,8,5,3
27935,Grainbames,sylvanas,384,priest,shadow,6,4,2
27936,Трихоманиаз,ashenvale,384,priest,shadow,6,4,2
27937,Spae,twisting-nether,384,priest,shadow,6,4,2
27938,Azazoth,sylvanas,384,priest,shadow,6,4,2
27939,Virtualworld,ragnaros,384,priest,shadow,6,4,2
27940,Lorthonor,silvermoon,384,priest,shadow,6,4,2
27941,Олдмэнсэйд,soulflayer,384,priest,shadow,6,4,2
27942,Mysticforces,silvermoon,384,priest,shadow,6,4,2
27943,Jpxoxo,blackhand,384,priest,shadow,6,4,2
27944,Alicanx,twisting-nether,384,priest,shadow,6,4,2
27945,Nebunia,twisting-nether,384,priest,shadow,6,4,2
27946,Satànâs,twisting-nether,384,priest,shadow,6,4,2
27947,Lysium,sylvanas,384,priest,shadow,6,4,2
27948,Старлайтх,gordunni,384,priest,shadow,6,4,2
27949,Shadowboness,twisting-nether,384,priest,shadow,6,4,2
27950,Tarantos,uldum,384,priest,shadow,6,4,2
27951,Jeppehpräst,stormscale,384,priest,shadow,6,4,2
27952,Daftî,twisting-nether,384,priest,shadow,6,4,2
27953,Coqa,blackrock,384,priest,shadow,6,4,2
27954,Drë,daggerspine,384,priest,shadow,6,4,2
27955,Pangoffy,burning-legion,384,priest,shadow,6,4,2
27956,Ylenae,twisting-nether,384,priest,shadow,6,4,2
27957,Calsote,sanguino,384,priest,shadow,6,4,2
27958,Éllipses,kazzak,384,priest,shadow,6,4,2
27959,Вэстервилли,howling-fjord,384,priest,shadow,6,4,2
27960,Elnyashka,ravencrest,384,priest,shadow,6,4,2
27961,Temtem,ravencrest,384,priest,shadow,6,4,2
27962,Looó,los-errantes,384,priest,shadow,6,4,2
27963,Atropin,silvermoon,384,priest,shadow,6,4,2
27964,Kobiden,stormreaver,384,priest,shadow,6,4,2
27965,Awator,ysondre,384,priest,shadow,6,4,2
27966,Usw,outland,384,priest,shadow,6,4,2
27967,Jyugins,alonsus,384,priest,shadow,6,4,2
27968,Syrïal,hyjal,384,priest,shadow,6,4,2
27969,Dokurochan,tarren-mill,384,priest,shadow,6,4,2
27970,Jesuispasbon,hyjal,384,priest,shadow,6,4,2
27971,Evílshadows,tarren-mill,384,priest,shadow,6,4,2
27972,Floodey,defias-brotherhood,384,priest,shadow,6,4,2
27973,Balan,argent-dawn,384,priest,shadow,6,4,2
27974,Roastie,frostmane,384,priest,shadow,6,4,2
27975,Deethraa,argent-dawn,384,priest,shadow,6,4,2
27976,Majestíc,blackmoore,384,priest,shadow,6,4,2
27977,Azsaryn,magtheridon,384,priest,shadow,6,4,2
27978,Vantek,antonidas,384,priest,shadow,6,4,2
27979,Alinfinito,ravencrest,384,priest,shadow,6,4,2
27980,Appraiser,draenor,384,priest,shadow,6,4,2
27981,Thogrey,archimonde,384,priest,shadow,6,4,2
27982,Yixi,blackmoore,384,priest,shadow,6,4,2
27983,Torino,kazzak,384,priest,shadow,6,4,2
27984,Cyrená,ravencrest,384,priest,shadow,6,4,2
27985,Alusiepriest,ravencrest,384,priest,shadow,6,4,2
27986,Spum,ravencrest,384,priest,shadow,6,4,2
27987,Êlectron,ravencrest,384,priest,shadow,6,4,2
27988,Lumex,aegwynn,384,priest,shadow,6,4,2
27989,Thebesp,ravencrest,384,priest,shadow,6,4,2
27990,Strvnge,stormreaver,384,priest,shadow,11,4,7
27991,Nìak,ysondre,384,priest,shadow,15,5,10
27992,Dotmaster,darkspear,384,priest,shadow,12,4,8
27993,Cizer,kazzak,384,priest,shadow,12,4,8
27994,Bacovia,tarren-mill,384,priest,shadow,12,4,8
27995,Æro,malganis,384,priest,shadow,12,4,8
27996,Shadøwz,grim-batol,384,priest,shadow,12,4,8
27997,Fùkøff,stormscale,384,priest,shadow,12,4,8
27998,Voidknight,darkspear,384,priest,shadow,12,4,8
27999,Созвонимся,gordunni,384,priest,shadow,12,4,8
28000,Khålyst,archimonde,384,priest,shadow,12,4,8
28001,Umbrazoid,sanguino,384,priest,shadow,12,4,8
28002,Swoptoplong,blackhand,384,priest,shadow,12,4,8
28003,Xalgâzor,zuljin,384,priest,shadow,12,4,8
28004,Арлектакль,blackscar,384,priest,shadow,12,4,8
28005,Dpriesta,aegwynn,384,priest,shadow,12,4,8
28006,Lenneyqt,blackmoore,384,priest,shadow,12,4,8
28007,Самоэль,gordunni,384,priest,shadow,12,4,8
28008,Gerase,blackrock,384,priest,shadow,12,4,8
28009,Zaoza,dentarg,384,priest,shadow,12,4,8
28010,Niikki,blackrock,384,priest,shadow,12,4,8
28011,Lfgarcatraz,aegwynn,384,priest,shadow,12,4,8
28012,Blååb,draenor,384,priest,shadow,12,4,8
28013,Ларчшп,gordunni,384,priest,shadow,12,4,8
28014,Ризорпанда,soulflayer,384,priest,shadow,12,4,8
28015,Chlorohhkine,chogall,384,priest,shadow,13,4,9
28016,Tobirama,stormscale,384,priest,shadow,17,4,13
28017,Абрасд,gordunni,384,priest,shadow,18,4,14
28018,Zerim,blackmoore,384,priest,shadow,18,4,14
28019,Дикосвет,howling-fjord,384,priest,shadow,18,4,14
28020,Boomhilde,aegwynn,383,priest,shadow,6,4,2
28021,Newik,burning-legion,383,priest,shadow,6,4,2
28022,Darettii,blackrock,383,priest,shadow,6,4,2
28023,Abnórmus,tarren-mill,383,priest,shadow,6,4,2
28024,Shikamarudmx,burning-legion,383,priest,shadow,15,5,10
28025,Sphard,ysondre,383,priest,shadow,12,4,8
28026,Мараес,howling-fjord,382,priest,shadow,6,4,2
28027,Perchédue,silvermoon,367,priest,shadow,11,4,7
28028,Levitating,argent-dawn,336,priest,shadow,9,5,4
28029,Zennen,ragnaros,336,priest,shadow,13,5,8
28030,Tweediertie,argent-dawn,335,priest,shadow,11,4,7
28031,Shaaq,stormscale,330,priest,shadow,6,5,1
28032,Prìestìalìty,draenor,330,priest,shadow,11,6,5
28033,Holybestie,eredar,288,priest,shadow,6,3,3
28034,Papynou,garona,288,priest,shadow,6,3,3
28035,Stepsisstuck,ragnaros,288,priest,shadow,6,3,3
28036,Iceys,stormscale,288,priest,shadow,6,3,3
28037,Ahle,darkspear,288,priest,shadow,6,3,3
28038,Cloudfactory,ravencrest,288,priest,shadow,6,3,3
28039,Zøid,ysondre,288,priest,shadow,6,3,3
28040,Neopriest,stormscale,288,priest,shadow,6,3,3
28041,Moonword,archimonde,288,priest,shadow,6,3,3
28042,Nitza,silvermoon,288,priest,shadow,6,3,3
28043,Freezydot,silvermoon,288,priest,shadow,6,3,3
28044,Xpy,kazzak,288,priest,shadow,6,3,3
28045,Roxfer,ysondre,288,priest,shadow,6,3,3
28046,Skillmåster,ravencrest,288,priest,shadow,6,3,3
28047,Sàyaa,draenor,288,priest,shadow,6,3,3
28048,Stinkycreep,executus,288,priest,shadow,6,3,3
28049,Voidkäfer,ravencrest,288,priest,shadow,6,3,3
28050,Cðsima,blackmoore,288,priest,shadow,6,3,3
28051,Пристотян,gordunni,288,priest,shadow,6,3,3
28052,Notra,shattrath,288,priest,shadow,6,3,3
28053,Swl,blackrock,288,priest,shadow,6,3,3
28054,Grocx,kazzak,288,priest,shadow,6,3,3
28055,Marcellina,argent-dawn,288,priest,shadow,6,3,3
28056,Yazh,argent-dawn,288,priest,shadow,6,3,3
28057,Pbwser,silvermoon,288,priest,shadow,6,3,3
28058,Лиройгеморой,gordunni,288,priest,shadow,6,3,3
28059,Linara,frostmane,288,priest,shadow,6,3,3
28060,Montane,wrathbringer,288,priest,shadow,6,3,3
28061,Mindboorst,kazzak,288,priest,shadow,6,3,3
28062,Drynte,blackmoore,288,priest,shadow,6,3,3
28063,Miikkap,blackhand,288,priest,shadow,6,3,3
28064,Xaviá,blackrock,288,priest,shadow,6,3,3
28065,Taklamakan,alakir,288,priest,shadow,6,3,3
28066,Kallsen,ravencrest,288,priest,shadow,6,3,3
28067,Нечавкай,deathweaver,288,priest,shadow,6,3,3
28068,Chandria,veknilash,288,priest,shadow,6,3,3
28069,Momet,defias-brotherhood,288,priest,shadow,6,3,3
28070,Bonka,sanguino,288,priest,shadow,6,3,3
28071,Maela,uldum,288,priest,shadow,6,3,3
28072,Vampiro,blackhand,288,priest,shadow,6,3,3
28073,Vividots,draenor,288,priest,shadow,6,3,3
28074,Morzâr,outland,288,priest,shadow,6,3,3
28075,Eyvvah,twisting-nether,288,priest,shadow,6,3,3
28076,Oggiz,archimonde,288,priest,shadow,6,3,3
28077,Poonies,silvermoon,288,priest,shadow,6,3,3
28078,Ragwitch,draenor,288,priest,shadow,6,3,3
28079,Oblivita,twisting-nether,288,priest,shadow,6,3,3
28080,Wkid,draenor,288,priest,shadow,6,3,3
28081,Lethaa,twisting-nether,288,priest,shadow,6,3,3
28082,Zzoska,burning-legion,288,priest,shadow,6,3,3
28083,Syntara,twisting-nether,288,priest,shadow,6,3,3
28084,Shasdöw,hyjal,288,priest,shadow,6,3,3
28085,Liliashet,sanguino,288,priest,shadow,6,3,3
28086,Imadîa,dalaran,288,priest,shadow,6,3,3
28087,Skymning,tarren-mill,288,priest,shadow,6,3,3
28088,Lovelessp,stormscale,288,priest,shadow,6,3,3
28089,Wizarxmentar,stormscale,288,priest,shadow,6,3,3
28090,Susaj,tarren-mill,288,priest,shadow,6,3,3
28091,Nhajÿ,hyjal,288,priest,shadow,6,3,3
28092,Sweedensp,hyjal,288,priest,shadow,6,3,3
28093,Abyssonmind,dun-modr,288,priest,shadow,6,3,3
28094,Флэнсер,soulflayer,288,priest,shadow,6,3,3
28095,Voilencia,kazzak,288,priest,shadow,6,3,3
28096,Emala,hyjal,288,priest,shadow,6,3,3
28097,Presbyter,mazrigos,288,priest,shadow,6,3,3
28098,Sleeg,tarren-mill,288,priest,shadow,6,3,3
28099,Неприст,ashenvale,288,priest,shadow,6,3,3
28100,Dboi,tarren-mill,288,priest,shadow,6,3,3
28101,Exörcíst,outland,288,priest,shadow,6,3,3
28102,Дюрэкс,soulflayer,288,priest,shadow,6,3,3
28103,Talandra,drakthul,288,priest,shadow,6,3,3
28104,Смегмачет,soulflayer,288,priest,shadow,6,3,3
28105,Ggsus,outland,288,priest,shadow,6,3,3
28106,Chaarronn,drakthul,288,priest,shadow,6,3,3
28107,Bhlad,silvermoon,288,priest,shadow,6,3,3
28108,Allanna,talnivarr,288,priest,shadow,6,3,3
28109,Lutzki,the-maelstrom,288,priest,shadow,6,3,3
28110,Dunkelseele,ahnqiraj,288,priest,shadow,6,3,3
28111,Peaksp,stormscale,288,priest,shadow,6,3,3
28112,Trinnity,drakthul,288,priest,shadow,6,3,3
28113,Jlox,stormscale,288,priest,shadow,9,4,5
28114,Kopfsache,blackmoore,288,priest,shadow,7,3,4
28115,Kåstå,archimonde,288,priest,shadow,11,3,8
28116,Aaluvor,blackmoore,288,priest,shadow,12,3,9
28117,Supermacy,eredar,288,priest,shadow,12,3,9
28118,Elumi,the-maelstrom,288,priest,shadow,12,3,9
28119,Xrystal,wrathbringer,288,priest,shadow,12,3,9
28120,Nesar,stormscale,288,priest,shadow,12,3,9
28121,Shreedz,blackmoore,288,priest,shadow,12,3,9
28122,Hâstur,ravencrest,288,priest,shadow,12,3,9
28123,Лейля,goldrinn,288,priest,shadow,12,3,9
28124,Preast,aegwynn,288,priest,shadow,12,3,9
28125,Goldische,dun-morogh,288,priest,shadow,12,3,9
28126,Kaenlin,the-maelstrom,288,priest,shadow,18,3,15
28127,Lisua,blackmoore,288,priest,shadow,18,3,15
28128,Farilight,draenor,287,priest,shadow,6,3,3
28129,Jês,thrall,287,priest,shadow,6,3,3
28130,Rulna,die-aldor,287,priest,shadow,12,3,9
28131,Nuger,tarren-mill,286,priest,shadow,6,3,3
28132,Irrtum,nozdormu,286,priest,shadow,6,3,3
28133,Жруля,ashenvale,286,priest,shadow,18,3,15
28134,Czikibriki,ravenholdt,256,priest,shadow,4,4,0
28135,Willzah,outland,240,priest,shadow,9,3,6
28136,Løxi,blackmoore,239,priest,shadow,5,3,2
28137,Guccimaane,twisting-nether,239,priest,shadow,5,3,2
28138,Caski,stormreaver,239,priest,shadow,5,3,2
28139,Herro,thrall,239,priest,shadow,5,3,2
28140,Deeforce,argent-dawn,234,priest,shadow,6,4,2
28141,Фьюриреидж,soulflayer,234,priest,shadow,8,4,4
28142,Ðarcø,archimonde,208,priest,shadow,13,3,10
28143,Shadowflamè,outland,192,priest,shadow,4,3,1
28144,Szycho,burning-legion,192,priest,shadow,9,3,6
28145,Lugburzz,draenor,192,priest,shadow,6,2,4
28146,Yugata,archimonde,192,priest,shadow,6,2,4
28147,Omejan,frostmane,192,priest,shadow,6,2,4
28148,Daven,ysondre,192,priest,shadow,6,2,4
28149,Xaeroow,archimonde,192,priest,shadow,6,2,4
28150,Ximenia,eredar,192,priest,shadow,6,2,4
28151,Ohboy,eredar,192,priest,shadow,6,2,4
28152,Bandgap,antonidas,192,priest,shadow,6,2,4
28153,Zikár,kazzak,192,priest,shadow,6,2,4
28154,Calïxløve,der-rat-von-dalaran,192,priest,shadow,6,2,4
28155,Wiglere,argent-dawn,192,priest,shadow,6,2,4
28156,Phobò,antonidas,192,priest,shadow,6,2,4
28157,Velansera,argent-dawn,192,priest,shadow,6,2,4
28158,Alpharîus,argent-dawn,192,priest,shadow,6,2,4
28159,Chekkó,blackrock,192,priest,shadow,6,2,4
28160,Datscrazi,ravencrest,192,priest,shadow,6,2,4
28161,Aruna,ravencrest,192,priest,shadow,6,2,4
28162,Brobox,blackmoore,192,priest,shadow,6,2,4
28163,Forhandleren,draenor,192,priest,shadow,6,2,4
28164,Wsp,tarren-mill,192,priest,shadow,6,2,4
28165,Vengigodxx,ravencrest,192,priest,shadow,6,2,4
28166,Reïny,tarren-mill,192,priest,shadow,6,2,4
28167,Bòóny,ravencrest,192,priest,shadow,6,2,4
28168,Mahist,ravencrest,192,priest,shadow,6,2,4
28169,Harleyquiñ,burning-legion,192,priest,shadow,6,2,4
28170,Buan,blackmoore,192,priest,shadow,6,2,4
28171,Oknelim,blackmoore,192,priest,shadow,6,2,4
28172,Lythra,burning-legion,192,priest,shadow,6,2,4
28173,Периссвет,thermaplugg,192,priest,shadow,6,2,4
28174,Rustyroll,stormscale,192,priest,shadow,6,2,4
28175,Mømmymilkers,archimonde,192,priest,shadow,6,2,4
28176,Lèviåthån,stormscale,192,priest,shadow,6,2,4
28177,Rallzken,stormscale,192,priest,shadow,6,2,4
28178,Zakkonnik,burning-legion,192,priest,shadow,6,2,4
28179,Crzzy,dun-modr,192,priest,shadow,6,2,4
28180,Esthea,malganis,192,priest,shadow,6,2,4
28181,Clemexyo,stormscale,192,priest,shadow,6,2,4
28182,Шарадин,gordunni,192,priest,shadow,6,2,4
28183,Nomarak,drakthul,192,priest,shadow,6,2,4
28184,Cto,gorgonnash,192,priest,shadow,6,2,4
28185,Amáni,die-aldor,192,priest,shadow,6,2,4
28186,Ørbänvîktôrx,ragnaros,192,priest,shadow,6,2,4
28187,Мсикатана,gordunni,192,priest,shadow,6,2,4
28188,Безмездная,gordunni,192,priest,shadow,6,2,4
28189,Дашажмитучу,howling-fjord,192,priest,shadow,6,2,4
28190,Сорвиголов,howling-fjord,192,priest,shadow,6,2,4
28191,Getitoffme,auchindoun,192,priest,shadow,6,2,4
28192,Tankeløs,kazzak,192,priest,shadow,6,2,4
28193,Pepitzaftw,sylvanas,192,priest,shadow,6,2,4
28194,Ичисанчик,howling-fjord,192,priest,shadow,6,2,4
28195,Tuljan,twisting-nether,192,priest,shadow,6,2,4
28196,Sotriggered,sylvanas,192,priest,shadow,6,2,4
28197,Crazyname,outland,192,priest,shadow,6,2,4
28198,Verbs,kazzak,192,priest,shadow,6,2,4
28199,Elëctra,vashj,192,priest,shadow,6,2,4
28200,Ràthaløs,sanguino,192,priest,shadow,6,2,4
28201,Turah,the-maelstrom,192,priest,shadow,6,2,4
28202,Joezero,the-maelstrom,192,priest,shadow,6,2,4
28203,Makemyday,dun-modr,192,priest,shadow,6,2,4
28204,Misántropo,dun-modr,192,priest,shadow,6,2,4
28205,Andérsón,magtheridon,192,priest,shadow,6,2,4
28206,Otheym,the-maelstrom,192,priest,shadow,6,2,4
28207,Illordz,nemesis,192,priest,shadow,6,2,4
28208,Sephìrøth,malganis,192,priest,shadow,6,2,4
28209,Hadsup,stormscale,192,priest,shadow,6,2,4
28210,Notdespo,kazzak,192,priest,shadow,6,2,4
28211,Kaleshiry,kazzak,192,priest,shadow,6,2,4
28212,Keijuna,kazzak,192,priest,shadow,6,2,4
28213,Бихар,gordunni,192,priest,shadow,10,2,8
28214,Господствуй,gordunni,192,priest,shadow,12,2,10
28215,Suurona,die-aldor,192,priest,shadow,12,2,10
28216,Edoran,ragnaros,159,priest,shadow,5,2,3
28217,Girlidlion,twisting-nether,159,priest,shadow,5,2,3
28218,Shidoya,tarren-mill,159,priest,shadow,5,2,3
28219,Qku,ravencrest,144,priest,shadow,9,3,6
28220,Alswynn,draenor,138,priest,shadow,13,3,10
28221,Inferius,shadowsong,138,priest,shadow,16,3,13
28222,Heeyø,drakthul,128,priest,shadow,4,2,2
28223,Yologrumples,tarren-mill,128,priest,shadow,4,2,2
28224,Vampirski,kazzak,96,priest,shadow,3,2,1
28225,Попячебрило,gordunni,96,priest,shadow,6,1,5
28226,Kales,grim-batol,96,priest,shadow,6,1,5
28227,Löô,archimonde,96,priest,shadow,6,1,5
28228,Gobie,sunstrider,96,priest,shadow,6,1,5
28229,Nelpriest,hyjal,96,priest,shadow,6,1,5
28230,Noir,nemesis,96,priest,shadow,6,1,5
28231,Bij,outland,96,priest,shadow,6,1,5
28232,Vtqt,outland,96,priest,shadow,6,1,5
28233,Jakepriest,twisting-nether,96,priest,shadow,6,1,5
28234,Stola,archimonde,96,priest,shadow,6,1,5
28235,Абсорбиболь,howling-fjord,96,priest,shadow,6,1,5
28236,Hampådenbååd,kazzak,96,priest,shadow,6,1,5
28237,Míllerzz,ragnaros,96,priest,shadow,6,1,5
28238,Uwucatgir,silvermoon,96,priest,shadow,6,1,5
28239,Maddøc,die-aldor,96,priest,shadow,6,1,5
28240,Мегаствол,howling-fjord,96,priest,shadow,6,1,5
28241,Abudhabi,blackhand,96,priest,shadow,6,1,5
28242,Príêstjklòl,stormscale,96,priest,shadow,6,1,5
28243,Vès,stormscale,96,priest,shadow,6,1,5
28244,Tryagain,ravencrest,96,priest,shadow,6,1,5
28245,Skitcy,ghostlands,96,priest,shadow,6,1,5
28246,Alaeddin,kazzak,96,priest,shadow,6,1,5
28247,Anariell,ravencrest,96,priest,shadow,6,1,5
28248,Ghostroller,ravencrest,96,priest,shadow,6,1,5
28249,Катранасс,eversong,96,priest,shadow,6,1,5
28250,Nukksch,antonidas,96,priest,shadow,6,1,5
28251,Baltrom,ravencrest,96,priest,shadow,6,1,5
28252,Chimara,eredar,96,priest,shadow,6,1,5
28253,Anglaran,hellscream,96,priest,shadow,6,1,5
28254,Higgle,argent-dawn,96,priest,shadow,6,1,5
28255,Shonsized,argent-dawn,96,priest,shadow,6,1,5
28256,Soulmedic,draenor,96,priest,shadow,6,1,5
28257,Nestélle,drakthul,96,priest,shadow,6,1,5
28258,Zukatana,tarren-mill,96,priest,shadow,6,1,5
28259,Xanelor,tarren-mill,96,priest,shadow,6,1,5
28260,Rines,thrall,96,priest,shadow,6,1,5
28261,Rehpotsirhc,blackrock,96,priest,shadow,6,1,5
28262,Kianprie,silvermoon,96,priest,shadow,6,1,5
28263,Corefusion,blackrock,96,priest,shadow,6,1,5
28264,Adev,drakthul,96,priest,shadow,6,1,5
28265,Winstõn,sanguino,96,priest,shadow,6,1,5
28266,Deicidex,blackrock,96,priest,shadow,6,1,5
28267,Bädx,silvermoon,96,priest,shadow,6,1,5
28268,Ölümsüz,blackmoore,96,priest,shadow,6,1,5
28269,Koíré,defias-brotherhood,96,priest,shadow,6,1,5
28270,Arliston,draenor,96,priest,shadow,6,1,5
28271,Enduring,darksorrow,96,priest,shadow,6,1,5
28272,Prostamolle,conseil-des-ombres,96,priest,shadow,6,1,5
28273,Tiras,argent-dawn,96,priest,shadow,12,1,11
28274,Peesussy,kazzak,79,priest,shadow,5,1,4
28275,Gandals,shadowsong,64,priest,shadow,4,1,3
28276,Xavyos,eredar,64,priest,shadow,4,1,3
28277,Xharyo,ravencrest,64,priest,shadow,4,1,3
28278,Eslo,outland,63,priest,shadow,2,2,0
28279,Achesita,sylvanas,48,priest,shadow,3,1,2
28280,Holyhigh,baelgun,31,priest,shadow,2,1,1
28281,Mjuk,tarren-mill,16,priest,shadow,1,1,0
28282,Rãz,stormscale,2130,rogue,outlaw,66,36,30
28283,Макевин,gordunni,1816,rogue,outlaw,70,32,38
28284,Krixor,ravencrest,1804,rogue,outlaw,78,36,42
28285,Kekuriix,vashj,1796,rogue,outlaw,130,66,64
28286,Дизелюжн,howling-fjord,1744,rogue,outlaw,236,116,120
28287,Феинт,galakrond,1739,rogue,outlaw,48,19,29
28288,Yessa,argent-dawn,1721,rogue,outlaw,36,18,18
28289,Radiogodx,stormscale,1682,rogue,outlaw,139,68,71
28290,Koopa,argent-dawn,1666,rogue,outlaw,60,29,31
28291,Kreayx,ysondre,1666,rogue,outlaw,42,19,23
28292,Scotlander,argent-dawn,1627,rogue,outlaw,60,34,26
28293,Kreay,ysondre,1620,rogue,outlaw,42,20,22
28294,Estriil,dalaran,1618,rogue,outlaw,36,22,14
28295,Jalsket,tarren-mill,1609,rogue,outlaw,42,21,21
28296,Lidiaubaro,ravencrest,1593,rogue,outlaw,290,144,146
28297,Kreay,tarren-mill,1576,rogue,outlaw,40,29,11
28298,Syrn,ravencrest,1551,rogue,outlaw,60,27,33
28299,Izzmonab,blackmoore,1519,rogue,outlaw,24,16,8
28300,Ранконх,lich-king,1502,rogue,outlaw,50,17,33
28301,Зувер,blackscar,1494,rogue,outlaw,106,57,49
28302,Deevoll,tarren-mill,1481,rogue,outlaw,102,45,57
28303,Sigleif,argent-dawn,1471,rogue,outlaw,111,57,54
28304,Nèwt,aggramar,1469,rogue,outlaw,114,57,57
28305,Bonelesschic,silvermoon,1446,rogue,outlaw,125,67,58
28306,Loubina,silvermoon,1446,rogue,outlaw,36,16,20
28307,Zbojník,ravencrest,1434,rogue,outlaw,36,15,21
28308,Jasolo,silvermoon,1429,rogue,outlaw,305,166,139
28309,Déjávu,ravencrest,1426,rogue,outlaw,30,15,15
28310,Shredfngrz,garona,1416,rogue,outlaw,38,18,20
28311,Bannedfrigid,outland,1409,rogue,outlaw,42,15,27
28312,Carvyn,defias-brotherhood,1382,rogue,outlaw,81,42,39
28313,Delrøq,draenor,1373,rogue,outlaw,60,30,30
28314,Cryneth,ravencrest,1373,rogue,outlaw,51,25,26
28315,Åråmsëß,grim-batol,1355,rogue,outlaw,24,15,9
28316,Tidløs,dun-morogh,1349,rogue,outlaw,65,28,37
28317,Murkyy,gilneas,1329,rogue,outlaw,32,16,16
28318,Djeud,archimonde,1325,rogue,outlaw,64,34,30
28319,Ålûñàhlulz,kilrogg,1320,rogue,outlaw,24,14,10
28320,Chillo,ravencrest,1259,rogue,outlaw,34,15,19
28321,Mawrat,mazrigos,1248,rogue,outlaw,30,13,17
28322,Röguetönerö,dun-modr,1240,rogue,outlaw,36,13,23
28323,Sqz,archimonde,1222,rogue,outlaw,30,18,12
28324,Шторкаа,gordunni,1214,rogue,outlaw,33,19,14
28325,Jinzou,blackmoore,1200,rogue,outlaw,51,27,24
28326,Rasponi,ragnaros,1176,rogue,outlaw,36,17,19
28327,Xsanji,kazzak,1140,rogue,outlaw,30,12,18
28328,Rivso,auchindoun,1118,rogue,outlaw,41,14,27
28329,Spiochrr,burning-legion,1064,rogue,outlaw,44,17,27
28330,Lättja,hyjal,1059,rogue,outlaw,24,12,12
28331,Eukaryot,aggra-português,1054,rogue,outlaw,24,11,13
28332,Bxtchslayer,blackmoore,1044,rogue,outlaw,35,21,14
28333,Génn,silvermoon,1041,rogue,outlaw,44,21,23
28334,Svddendeath,ragnaros,1034,rogue,outlaw,24,11,13
28335,Melahl,kazzak,1005,rogue,outlaw,45,26,19
28336,Soothinqq,emerald-dream,963,rogue,outlaw,23,15,8
28337,Lïke,frostwolf,960,rogue,outlaw,18,10,8
28338,Omgjkgtfo,ravencrest,952,rogue,outlaw,24,10,14
28339,Foulsteel,stormscale,951,rogue,outlaw,18,10,8
28340,Omuspan,magtheridon,891,rogue,outlaw,60,26,34
28341,Pistolpete,grim-batol,864,rogue,outlaw,24,9,15
28342,Hânnäh,hyjal,805,rogue,outlaw,42,18,24
28343,Callmerose,ravencrest,768,rogue,outlaw,12,8,4
28344,Zep,auchindoun,768,rogue,outlaw,12,8,4
28345,Bikrut,hyjal,768,rogue,outlaw,12,8,4
28346,Gerzy,drakthul,768,rogue,outlaw,18,8,10
28347,Vokhun,outland,768,rogue,outlaw,18,8,10
28348,Джулт,soulflayer,767,rogue,outlaw,24,8,16
28349,Okani,hyjal,761,rogue,outlaw,18,8,10
28350,Blàckbèàrd,silvermoon,753,rogue,outlaw,36,13,23
28351,Shichi,archimonde,751,rogue,outlaw,23,8,15
28352,Dían,ravencrest,672,rogue,outlaw,12,7,5
28353,Dêlaral,der-rat-von-dalaran,672,rogue,outlaw,16,8,8
28354,Rogiko,twisting-nether,672,rogue,outlaw,18,7,11
28355,Kidneyou,ragnaros,672,rogue,outlaw,18,7,11
28356,Ðaegr,ravencrest,671,rogue,outlaw,12,7,5
28357,Жижель,howling-fjord,671,rogue,outlaw,12,7,5
28358,Trixnaz,silvermoon,671,rogue,outlaw,18,7,11
28359,Badabôôm,wrathbringer,670,rogue,outlaw,18,7,11
28360,Cornvus,burning-legion,658,rogue,outlaw,12,7,5
28361,Фофламидзе,gordunni,611,rogue,outlaw,15,7,8
28362,Shåð,zuljin,576,rogue,outlaw,12,6,6
28363,Маллестар,ashenvale,575,rogue,outlaw,12,6,6
28364,Cipusan,kazzak,575,rogue,outlaw,12,6,6
28365,Anom,kargath,575,rogue,outlaw,12,6,6
28366,Pidroseus,argent-dawn,575,rogue,outlaw,12,6,6
28367,Noodlegoose,tarren-mill,575,rogue,outlaw,12,6,6
28368,Кингксу,gordunni,575,rogue,outlaw,24,6,18
28369,Rã,archimonde,574,rogue,outlaw,12,6,6
28370,Тимареканец,eversong,572,rogue,outlaw,18,6,12
28371,Zômbiê,blackrock,491,rogue,outlaw,13,6,7
28372,Tåxic,sylvanas,480,rogue,outlaw,6,5,1
28373,Featfawkes,ragnaros,480,rogue,outlaw,12,5,7
28374,Faoil,defias-brotherhood,480,rogue,outlaw,12,5,7
28375,Fivepoint,blackmoore,480,rogue,outlaw,12,5,7
28376,Ладжо,gordunni,480,rogue,outlaw,18,5,13
28377,Dredge,kaelthas,479,rogue,outlaw,12,5,7
28378,Nocrath,blades-edge,479,rogue,outlaw,12,5,7
28379,Djsapblindx,archimonde,479,rogue,outlaw,18,5,13
28380,Hosenpinkler,lordaeron,478,rogue,outlaw,12,5,7
28381,Örog,hyjal,425,rogue,outlaw,14,6,8
28382,Darkchomeur,archimonde,384,rogue,outlaw,6,4,2
28383,Machmacan,thrall,384,rogue,outlaw,12,4,8
28384,Synexo,sylvanas,384,rogue,outlaw,12,4,8
28385,Mïta,blackmoore,383,rogue,outlaw,6,4,2
28386,Alena,arathi,383,rogue,outlaw,6,4,2
28387,Groendienst,quelthalas,381,rogue,outlaw,12,4,8
28388,Trímønâ,gorgonnash,351,rogue,outlaw,11,4,7
28389,Masteez,ahnqiraj,318,rogue,outlaw,5,4,1
28390,Cigarette,emeriss,288,rogue,outlaw,6,3,3
28391,Skygann,burning-legion,288,rogue,outlaw,6,3,3
28392,Mol,defias-brotherhood,288,rogue,outlaw,6,3,3
28393,Onlyluvhurt,dun-modr,288,rogue,outlaw,6,3,3
28394,Играючестно,howling-fjord,288,rogue,outlaw,6,3,3
28395,Shadxwstep,ravencrest,288,rogue,outlaw,6,3,3
28396,Szpachela,burning-legion,288,rogue,outlaw,12,3,9
28397,Finisher,sanguino,288,rogue,outlaw,12,3,9
28398,Pasarelo,dun-modr,288,rogue,outlaw,12,3,9
28399,Cobaka,blackrock,288,rogue,outlaw,12,3,9
28400,Heulleise,die-ewige-wacht,288,rogue,outlaw,12,3,9
28401,Ванэйти,gordunni,287,rogue,outlaw,6,3,3
28402,Mcgora,doomhammer,286,rogue,outlaw,6,3,3
28403,Blackmetall,aegwynn,286,rogue,outlaw,12,3,9
28404,Dawnsaber,argent-dawn,192,rogue,outlaw,6,2,4
28405,Nyxal,argent-dawn,192,rogue,outlaw,6,2,4
28406,Razaah,ravencrest,192,rogue,outlaw,6,2,4
28407,Оргельна,gordunni,192,rogue,outlaw,6,2,4
28408,Shåggy,vashj,192,rogue,outlaw,6,2,4
28409,Zind,dalaran,192,rogue,outlaw,6,2,4
28410,Banaulikode,twisting-nether,192,rogue,outlaw,6,2,4
28411,Sneakysteve,bloodfeather,192,rogue,outlaw,6,2,4
28412,Paralisis,zuljin,192,rogue,outlaw,6,2,4
28413,Zyhmø,archimonde,192,rogue,outlaw,6,2,4
28414,Nomota,sanguino,192,rogue,outlaw,6,2,4
28415,Stunlock,silvermoon,192,rogue,outlaw,6,2,4
28416,Snøv,outland,192,rogue,outlaw,6,2,4
28417,Berneo,burning-legion,192,rogue,outlaw,6,2,4
28418,Alvoriace,hyjal,192,rogue,outlaw,12,2,10
28419,Valtesse,medivh,159,rogue,outlaw,5,2,3
28420,Геопанк,howling-fjord,144,rogue,outlaw,3,3,0
28421,Zyreanxy,blackrock,138,rogue,outlaw,10,3,7
28422,Tipok,tarren-mill,136,rogue,outlaw,14,3,11
28423,Cardsharkjoe,argent-dawn,127,rogue,outlaw,8,2,6
28424,Ñøway,archimonde,96,rogue,outlaw,3,2,1
28425,Vaze,ravencrest,96,rogue,outlaw,6,1,5
28426,Yüm,burning-blade,96,rogue,outlaw,6,1,5
28427,Sty,aerie-peak,96,rogue,outlaw,6,1,5
28428,Ciaordel,sylvanas,96,rogue,outlaw,6,1,5
28429,Ótsutsukí,kazzak,96,rogue,outlaw,6,1,5
28430,Dritzdourden,dun-modr,96,rogue,outlaw,6,1,5
28431,Mallaurya,dalaran,96,rogue,outlaw,6,1,5
28432,Леронда,deepholm,96,rogue,outlaw,6,1,5
28433,Jester,bladefist,96,rogue,outlaw,12,1,11
28434,Tiltman,dun-morogh,79,rogue,outlaw,5,1,4
28435,Nabatean,magtheridon,48,rogue,outlaw,3,1,2
28436,Getbleeded,stormscale,31,rogue,outlaw,2,1,1
28437,Naláa,ravencrest,2346,rogue,subtlety,92,54,38
28438,Cazzette,ravencrest,2204,rogue,subtlety,81,48,33
28439,Asumah,ravencrest,2200,rogue,subtlety,90,55,35
28440,Ncrø,aszune,2182,rogue,subtlety,73,46,27
28441,Howton,archimonde,2177,rogue,subtlety,60,39,21
28442,Лолелт,borean-tundra,2131,rogue,subtlety,104,53,51
28443,Ewynarog,silvermoon,2129,rogue,subtlety,65,37,28
28444,Lfgenjoyer,tarren-mill,2114,rogue,subtlety,126,77,49
28445,Denjinx,culte-de-la-rive-noire,2107,rogue,subtlety,78,43,35
28446,Pridå,thrall,2107,rogue,subtlety,78,41,37
28447,Vulkos,lightbringer,2040,rogue,subtlety,99,50,49
28448,Nàsklolz,hyjal,2035,rogue,subtlety,66,35,31
28449,Chatdisabled,drakthul,2021,rogue,subtlety,167,89,78
28450,Sunø,archimonde,2018,rogue,subtlety,163,78,85
28451,Эмилилавс,galakrond,2015,rogue,subtlety,182,107,75
28452,Magepèt,tarren-mill,2004,rogue,subtlety,112,66,46
28453,Troxerboxer,tarren-mill,2000,rogue,subtlety,60,32,28
28454,Lówskill,outland,1990,rogue,subtlety,222,119,103
28455,Nothingleft,draenor,1981,rogue,subtlety,72,43,29
28456,Смертьвсмоке,gordunni,1981,rogue,subtlety,284,141,143
28457,Пожилойпупь,gordunni,1971,rogue,subtlety,47,29,18
28458,Renhri,burning-legion,1968,rogue,subtlety,220,122,98
28459,Makethemrog,archimonde,1966,rogue,subtlety,84,40,44
28460,Aythusha,twisting-nether,1957,rogue,subtlety,54,31,23
28461,Guççí,blackrock,1953,rogue,subtlety,65,39,26
28462,Сильфитт,gordunni,1945,rogue,subtlety,76,44,32
28463,Флексити,soulflayer,1939,rogue,subtlety,114,59,55
28464,Drydamage,kazzak,1930,rogue,subtlety,119,62,57
28465,Smøkyyx,eredar,1930,rogue,subtlety,54,26,28
28466,Unìque,sylvanas,1918,rogue,subtlety,96,51,45
28467,Îlîlîlîlîlî,azuremyst,1915,rogue,subtlety,164,94,70
28468,Asterisyup,silvermoon,1909,rogue,subtlety,89,55,34
28469,Zuqzwang,outland,1901,rogue,subtlety,54,30,24
28470,Clawdíte,blackrock,1895,rogue,subtlety,48,21,27
28471,Çhimaev,ravencrest,1886,rogue,subtlety,28,21,7
28472,Tracersxrude,ravencrest,1881,rogue,subtlety,101,45,56
28473,Rãz,stormscale,1880,rogue,subtlety,48,31,17
28474,Sapécomejaja,archimonde,1866,rogue,subtlety,38,24,14
28475,Shadowprank,ravencrest,1860,rogue,subtlety,72,41,31
28476,Brensø,nemesis,1857,rogue,subtlety,99,60,39
28477,Иждолк,gordunni,1853,rogue,subtlety,66,40,26
28478,Âkame,argent-dawn,1853,rogue,subtlety,59,32,27
28479,Chatbann,blackrock,1852,rogue,subtlety,160,89,71
28480,Shoxy,ravencrest,1852,rogue,subtlety,58,32,26
28481,Nahj,ravencrest,1851,rogue,subtlety,42,28,14
28482,Malasap,archimonde,1848,rogue,subtlety,187,103,84
28483,Asm,the-maelstrom,1848,rogue,subtlety,64,31,33
28484,Лолелт,howling-fjord,1846,rogue,subtlety,42,25,17
28485,Shadezlöl,ravencrest,1832,rogue,subtlety,262,131,131
28486,Terrorman,ravencrest,1829,rogue,subtlety,36,24,12
28487,Nøctürnë,archimonde,1829,rogue,subtlety,42,26,16
28488,Bleakhøuse,ravencrest,1829,rogue,subtlety,58,29,29
28489,Illmatíc,ravencrest,1828,rogue,subtlety,56,29,27
28490,Lízåriñ,ravencrest,1827,rogue,subtlety,48,38,10
28491,Лайнэл,deathweaver,1827,rogue,subtlety,54,35,19
28492,Insomnla,silvermoon,1827,rogue,subtlety,108,59,49
28493,Chizué,sylvanas,1824,rogue,subtlety,54,34,20
28494,Noraex,silvermoon,1822,rogue,subtlety,81,47,34
28495,Тохуо,lich-king,1822,rogue,subtlety,42,20,22
28496,Погибайдуде,gordunni,1821,rogue,subtlety,41,34,7
28497,Radiogodx,stormscale,1817,rogue,subtlety,60,31,29
28498,Abej,malygos,1813,rogue,subtlety,48,23,25
28499,Iqws,ravencrest,1811,rogue,subtlety,54,29,25
28500,Lilaven,turalyon,1810,rogue,subtlety,84,43,41
28501,Çåñçér,sylvanas,1810,rogue,subtlety,66,30,36
28502,Ладжо,gordunni,1808,rogue,subtlety,108,54,54
28503,Gløøm,ravencrest,1806,rogue,subtlety,42,23,19
28504,Xtoyo,zuljin,1804,rogue,subtlety,54,29,25
28505,Pulvèr,dalaran,1801,rogue,subtlety,54,29,25
28506,Ålleyézonme,ravencrest,1791,rogue,subtlety,137,64,73
28507,Subzerõ,archimonde,1791,rogue,subtlety,184,85,99
28508,Sly,emerald-dream,1789,rogue,subtlety,66,36,30
28509,Stonyhavana,ravencrest,1785,rogue,subtlety,84,49,35
28510,Lkzx,archimonde,1780,rogue,subtlety,59,24,35
28511,Социалистсс,gordunni,1779,rogue,subtlety,60,31,29
28512,Keeganx,tarren-mill,1778,rogue,subtlety,65,35,30
28513,Sariena,sylvanas,1773,rogue,subtlety,95,52,43
28514,Kenjí,silvermoon,1769,rogue,subtlety,131,66,65
28515,Роземсти,gordunni,1759,rogue,subtlety,132,70,62
28516,Knutten,wildhammer,1753,rogue,subtlety,59,39,20
28517,Lhitriân,saurfang,1753,rogue,subtlety,36,20,16
28518,Stråwberrý,archimonde,1753,rogue,subtlety,57,28,29
28519,Keophz,tarren-mill,1752,rogue,subtlety,92,64,28
28520,Trîçk,aegwynn,1751,rogue,subtlety,60,34,26
28521,Naïmitsu,hyjal,1748,rogue,subtlety,90,48,42
28522,Cheapshôt,archimonde,1747,rogue,subtlety,135,76,59
28523,Инфера,lich-king,1741,rogue,subtlety,72,33,39
28524,Zzemzza,kazzak,1738,rogue,subtlety,53,32,21
28525,Путьказаха,gordunni,1737,rogue,subtlety,54,31,23
28526,Røgger,ragnaros,1734,rogue,subtlety,125,59,66
28527,Cheapshotwin,nethersturm,1733,rogue,subtlety,36,20,16
28528,Ccedox,stormscale,1729,rogue,subtlety,30,20,10
28529,Китей,howling-fjord,1723,rogue,subtlety,78,40,38
28530,Хавиа,gordunni,1720,rogue,subtlety,47,32,15
28531,Ninjaassasin,aegwynn,1718,rogue,subtlety,100,60,40
28532,Брайнз,gordunni,1716,rogue,subtlety,78,53,25
28533,Sábros,ravencrest,1714,rogue,subtlety,108,50,58
28534,Rinj,antonidas,1712,rogue,subtlety,42,22,20
28535,Handuil,blackmoore,1706,rogue,subtlety,175,95,80
28536,Sfyr,ysondre,1702,rogue,subtlety,46,27,19
28537,Randomidiot,ravencrest,1700,rogue,subtlety,42,25,17
28538,Yumiee,arygos,1697,rogue,subtlety,80,44,36
28539,Sbx,alakir,1689,rogue,subtlety,48,28,20
28540,Rindar,dun-modr,1685,rogue,subtlety,56,35,21
28541,Pridå,ravencrest,1685,rogue,subtlety,34,19,15
28542,Бладстейн,blackscar,1684,rogue,subtlety,70,40,30
28543,Vensq,drakthul,1680,rogue,subtlety,42,23,19
28544,Xzr,stormscale,1668,rogue,subtlety,36,27,9
28545,Воронкхал,ashenvale,1668,rogue,subtlety,60,29,31
28546,Memphismp,drakthul,1667,rogue,subtlety,35,18,17
28547,Ccedolol,stormscale,1666,rogue,subtlety,71,38,33
28548,Rhayesh,silvermoon,1665,rogue,subtlety,100,47,53
28549,Knoffchad,blackhand,1660,rogue,subtlety,116,61,55
28550,Fivepoint,blackmoore,1652,rogue,subtlety,30,20,10
28551,Subsònik,tarren-mill,1645,rogue,subtlety,52,31,21
28552,Featfawkes,ragnaros,1641,rogue,subtlety,48,23,25
28553,Getschwîfty,ravencrest,1639,rogue,subtlety,27,18,9
28554,Namelless,twisting-nether,1639,rogue,subtlety,78,38,40
28555,Tanssy,ragnaros,1638,rogue,subtlety,56,32,24
28556,Dancex,kazzak,1634,rogue,subtlety,42,28,14
28557,Дэмайо,gordunni,1632,rogue,subtlety,42,25,17
28558,Nippzy,twisting-nether,1628,rogue,subtlety,54,39,15
28559,Denjastwo,archimonde,1628,rogue,subtlety,24,17,7
28560,Doritomix,dun-modr,1628,rogue,subtlety,44,26,18
28561,Anr,burning-legion,1627,rogue,subtlety,35,20,15
28562,Lânnïster,kazzak,1626,rogue,subtlety,42,20,22
28563,Physic,silvermoon,1623,rogue,subtlety,34,21,13
28564,Ÿøßø,archimonde,1623,rogue,subtlety,42,24,18
28565,Whîspyr,blackmoore,1623,rogue,subtlety,42,21,21
28566,Tinylol,dun-morogh,1620,rogue,subtlety,54,32,22
28567,Морзо,howling-fjord,1617,rogue,subtlety,72,43,29
28568,Ishízu,exodar,1612,rogue,subtlety,72,32,40
28569,Meccura,silvermoon,1607,rogue,subtlety,93,53,40
28570,Royalflüx,grim-batol,1605,rogue,subtlety,45,26,19
28571,Háttori,twisting-nether,1604,rogue,subtlety,42,24,18
28572,Ratirl,kult-der-verdammten,1603,rogue,subtlety,30,19,11
28573,Aszaryn,magtheridon,1601,rogue,subtlety,54,32,22
28574,Calestrian,tarren-mill,1601,rogue,subtlety,42,21,21
28575,Эдкенуэй,gordunni,1600,rogue,subtlety,125,73,52
28576,Кишмякх,howling-fjord,1599,rogue,subtlety,72,24,48
28577,Moroz,ravencrest,1598,rogue,subtlety,36,20,16
28578,Trapstar,stormscale,1596,rogue,subtlety,60,32,28
28579,Mâêl,blackmoore,1593,rogue,subtlety,125,62,63
28580,Monero,thrall,1590,rogue,subtlety,55,34,21
28581,Dìsørderx,ravencrest,1590,rogue,subtlety,48,26,22
28582,Txm,argent-dawn,1590,rogue,subtlety,36,18,18
28583,Alexandra,kazzak,1589,rogue,subtlety,66,32,34
28584,Lotorr,burning-legion,1587,rogue,subtlety,35,19,16
28585,Sniiky,kazzak,1586,rogue,subtlety,138,76,62
28586,Evivalarte,burning-legion,1585,rogue,subtlety,61,34,27
28587,Baldoh,kazzak,1584,rogue,subtlety,36,24,12
28588,Вр,blackscar,1582,rogue,subtlety,30,18,12
28589,Oxyrog,ravencrest,1580,rogue,subtlety,42,22,20
28590,Nihilix,dalaran,1577,rogue,subtlety,66,32,34
28591,Хасилей,booty-bay,1575,rogue,subtlety,68,34,34
28592,Shyy,dun-modr,1572,rogue,subtlety,54,26,28
28593,Madisonivyqt,blackmoore,1570,rogue,subtlety,54,29,25
28594,Liarø,archimonde,1570,rogue,subtlety,147,75,72
28595,Grindz,ravencrest,1568,rogue,subtlety,232,126,106
28596,Djswaghetti,stormscale,1566,rogue,subtlety,36,18,18
28597,Azirios,kazzak,1565,rogue,subtlety,42,20,22
28598,Зорго,deathguard,1564,rogue,subtlety,60,34,26
28599,Zilemjr,stormscale,1561,rogue,subtlety,68,40,28
28600,Cøntrøl,stormreaver,1559,rogue,subtlety,96,53,43
28601,Norlix,ravencrest,1555,rogue,subtlety,48,25,23
28602,Fivepointx,blackmoore,1554,rogue,subtlety,48,25,23
28603,Kickcake,ravencrest,1553,rogue,subtlety,48,23,25
28604,Exanimu,ravencrest,1550,rogue,subtlety,132,58,74
28605,Starfighter,pozzo-delleternità,1548,rogue,subtlety,61,30,31
28606,Huej,tarren-mill,1544,rogue,subtlety,120,75,45
28607,Voki,dalaran,1543,rogue,subtlety,93,52,41
28608,Ipresskidney,tarren-mill,1542,rogue,subtlety,129,71,58
28609,Droomprins,stormscale,1541,rogue,subtlety,42,23,19
28610,Jaikka,archimonde,1539,rogue,subtlety,36,24,12
28611,Meldee,burning-legion,1539,rogue,subtlety,42,21,21
28612,Mxx,stormscale,1537,rogue,subtlety,151,89,62
28613,Dölf,archimonde,1535,rogue,subtlety,113,65,48
28614,Sinist,twisting-nether,1531,rogue,subtlety,50,23,27
28615,Susquehanna,ragnaros,1527,rogue,subtlety,48,22,26
28616,Kidknee,outland,1522,rogue,subtlety,36,18,18
28617,Rogueas,stormscale,1521,rogue,subtlety,41,25,16
28618,Бэрнии,howling-fjord,1521,rogue,subtlety,114,57,57
28619,Loopermann,silvermoon,1520,rogue,subtlety,58,31,27
28620,Skýfire,ravencrest,1519,rogue,subtlety,60,28,32
28621,Шадовкилер,blackscar,1517,rogue,subtlety,90,48,42
28622,Nopzs,outland,1516,rogue,subtlety,48,27,21
28623,Zodracir,scarshield-legion,1512,rogue,subtlety,36,17,19
28624,Pfourtwenty,eredar,1511,rogue,subtlety,30,16,14
28625,Xãwé,kazzak,1509,rogue,subtlety,45,26,19
28626,Yourexwifey,ravencrest,1508,rogue,subtlety,92,52,40
28627,Säxnthecrity,blackmoore,1495,rogue,subtlety,261,130,131
28628,Эренх,gordunni,1493,rogue,subtlety,132,69,63
28629,Winwin,silvermoon,1492,rogue,subtlety,136,85,51
28630,Абисиан,soulflayer,1490,rogue,subtlety,78,42,36
28631,Quq,kazzak,1490,rogue,subtlety,105,56,49
28632,Dødgez,cthun,1489,rogue,subtlety,28,16,12
28633,Akwaaba,ravencrest,1489,rogue,subtlety,81,38,43
28634,Шпилля,gordunni,1487,rogue,subtlety,77,38,39
28635,Tonaxstab,ragnaros,1484,rogue,subtlety,36,19,17
28636,Miiløx,silvermoon,1484,rogue,subtlety,47,20,27
28637,Tinyshank,drakthul,1483,rogue,subtlety,45,27,18
28638,Opaska,ravencrest,1479,rogue,subtlety,36,18,18
28639,Kire,daggerspine,1478,rogue,subtlety,65,30,35
28640,Ramses,onyxia,1478,rogue,subtlety,60,25,35
28641,Shaeni,silvermoon,1473,rogue,subtlety,102,54,48
28642,Распяздяй,gordunni,1469,rogue,subtlety,48,30,18
28643,Críppléz,ravencrest,1468,rogue,subtlety,84,43,41
28644,Calpic,sanguino,1465,rogue,subtlety,83,47,36
28645,Tripleníne,silvermoon,1464,rogue,subtlety,59,34,25
28646,Lilrookie,argent-dawn,1458,rogue,subtlety,92,56,36
28647,Счастливое,howling-fjord,1458,rogue,subtlety,44,21,23
28648,Sashikorosu,archimonde,1457,rogue,subtlety,110,62,48
28649,Saptrinket,stormscale,1457,rogue,subtlety,270,125,145
28650,Ванэйти,gordunni,1456,rogue,subtlety,286,147,139
28651,Johnnyprep,ravencrest,1454,rogue,subtlety,54,29,25
28652,Sacrehptit,naxxramas,1450,rogue,subtlety,42,26,16
28653,Nightq,tarren-mill,1450,rogue,subtlety,57,34,23
28654,Chimp,darksorrow,1449,rogue,subtlety,41,22,19
28655,Critmaker,outland,1448,rogue,subtlety,24,16,8
28656,Onlyluvhurt,dun-modr,1448,rogue,subtlety,88,47,41
28657,Mortnoïre,naxxramas,1444,rogue,subtlety,54,27,27
28658,Zømbië,kazzak,1442,rogue,subtlety,164,75,89
28659,Rat,mazrigos,1440,rogue,subtlety,24,15,9
28660,Inyria,outland,1438,rogue,subtlety,118,61,57
28661,Dêlaral,blackhand,1437,rogue,subtlety,30,15,15
28662,Jáyjay,antonidas,1437,rogue,subtlety,54,23,31
28663,Тира,grom,1436,rogue,subtlety,30,15,15
28664,Jëllyxøxø,twisting-nether,1435,rogue,subtlety,41,21,20
28665,Ruck,madmortem,1434,rogue,subtlety,30,18,12
28666,Achterom,tarren-mill,1432,rogue,subtlety,122,56,66
28667,Morgan,argent-dawn,1431,rogue,subtlety,60,35,25
28668,Strangeboy,ravencrest,1430,rogue,subtlety,24,15,9
28669,Absol,hellscream,1430,rogue,subtlety,36,22,14
28670,Spr,malfurion,1430,rogue,subtlety,82,45,37
28671,Анивиана,howling-fjord,1430,rogue,subtlety,72,34,38
28672,Daggerdashx,ravencrest,1429,rogue,subtlety,300,164,136
28673,Sapperinö,sylvanas,1428,rogue,subtlety,100,52,48
28674,Rakzena,ravencrest,1427,rogue,subtlety,24,15,9
28675,Zayøn,outland,1425,rogue,subtlety,24,15,9
28676,Grifika,outland,1425,rogue,subtlety,47,25,22
28677,Veryscaryguý,twisting-nether,1423,rogue,subtlety,42,26,16
28678,Zx,frostmane,1420,rogue,subtlety,36,17,19
28679,Nâzaar,antonidas,1419,rogue,subtlety,36,23,13
28680,Смекрус,soulflayer,1416,rogue,subtlety,79,41,38
28681,Сармонн,howling-fjord,1414,rogue,subtlety,24,18,6
28682,Elfreyja,archimonde,1413,rogue,subtlety,63,30,33
28683,Svddendeath,ragnaros,1412,rogue,subtlety,59,30,29
28684,Maroshko,argent-dawn,1411,rogue,subtlety,30,16,14
28685,Дернирог,howling-fjord,1411,rogue,subtlety,55,28,27
28686,Сабик,howling-fjord,1410,rogue,subtlety,24,17,7
28687,Wraithh,minahonda,1409,rogue,subtlety,42,25,17
28688,Grzech,burning-legion,1408,rogue,subtlety,60,28,32
28689,Zourkan,archimonde,1406,rogue,subtlety,181,99,82
28690,Teba,cthun,1404,rogue,subtlety,40,19,21
28691,Binbág,draenor,1402,rogue,subtlety,48,33,15
28692,Sumsarx,ravencrest,1400,rogue,subtlety,77,38,39
28693,Зенофар,soulflayer,1397,rogue,subtlety,138,64,74
28694,Ñavy,archimonde,1391,rogue,subtlety,66,29,37
28695,Cortzy,stormscale,1391,rogue,subtlety,40,15,25
28696,Жабоклик,gordunni,1390,rogue,subtlety,80,40,40
28697,Старллесс,gordunni,1389,rogue,subtlety,164,86,78
28698,Zeiden,sanguino,1388,rogue,subtlety,42,20,22
28699,Billybang,outland,1387,rogue,subtlety,88,48,40
28700,Бэтх,soulflayer,1386,rogue,subtlety,48,29,19
28701,Лютьер,soulflayer,1386,rogue,subtlety,43,22,21
28702,Jaqenhghar,pozzo-delleternità,1384,rogue,subtlety,48,26,22
28703,Дакоока,soulflayer,1378,rogue,subtlety,24,16,8
28704,Местьбучи,howling-fjord,1374,rogue,subtlety,60,30,30
28705,Trímønâ,gorgonnash,1374,rogue,subtlety,36,16,20
28706,Crimatoria,rajaxx,1373,rogue,subtlety,51,23,28
28707,Appatras,tarren-mill,1369,rogue,subtlety,23,15,8
28708,Behindü,frostmane,1368,rogue,subtlety,54,27,27
28709,Levíeus,blackrock,1366,rogue,subtlety,120,69,51
28710,Gankbang,frostmane,1363,rogue,subtlety,78,35,43
28711,Dópamine,hyjal,1362,rogue,subtlety,28,15,13
28712,Nìghtwalker,ravencrest,1360,rogue,subtlety,70,35,35
28713,Gamezcorex,aegwynn,1353,rogue,subtlety,52,22,30
28714,Кэйтлис,howling-fjord,1353,rogue,subtlety,42,17,25
28715,Trimøná,gorgonnash,1351,rogue,subtlety,24,15,9
28716,Xblackhole,tarren-mill,1351,rogue,subtlety,92,44,48
28717,Dàwn,boulderfist,1349,rogue,subtlety,46,25,21
28718,Daekrun,argent-dawn,1344,rogue,subtlety,50,26,24
28719,Såj,tarren-mill,1343,rogue,subtlety,30,14,16
28720,Lilbubblegum,emerald-dream,1342,rogue,subtlety,24,14,10
28721,Tripx,ravencrest,1340,rogue,subtlety,121,64,57
28722,Kryptonite,nemesis,1340,rogue,subtlety,46,23,23
28723,Lechatbotté,tarren-mill,1339,rogue,subtlety,24,16,8
28724,Rantie,eredar,1336,rogue,subtlety,24,14,10
28725,Jqmie,ravencrest,1335,rogue,subtlety,30,15,15
28726,Ömme,archimonde,1334,rogue,subtlety,42,18,24
28727,Yakio,silvermoon,1334,rogue,subtlety,48,19,29
28728,Althieves,ravencrest,1333,rogue,subtlety,59,33,26
28729,Aläen,ravencrest,1332,rogue,subtlety,31,16,15
28730,Monoxid,eredar,1330,rogue,subtlety,39,20,19
28731,Bleeds,thrall,1324,rogue,subtlety,47,24,23
28732,Солевыегубки,gordunni,1322,rogue,subtlety,24,14,10
28733,Silnce,outland,1322,rogue,subtlety,54,27,27
28734,Roguebot,draenor,1320,rogue,subtlety,47,24,23
28735,Azovrouge,terokkar,1318,rogue,subtlety,108,57,51
28736,Ворейн,howling-fjord,1318,rogue,subtlety,54,24,30
28737,Deathcvlt,hyjal,1316,rogue,subtlety,172,82,90
28738,Leepz,outland,1314,rogue,subtlety,30,17,13
28739,Xeggy,turalyon,1312,rogue,subtlety,94,56,38
28740,Ibizå,ravencrest,1311,rogue,subtlety,40,19,21
28741,Nexieane,ravencrest,1308,rogue,subtlety,120,62,58
28742,Моямайя,eversong,1306,rogue,subtlety,24,14,10
28743,Sicariø,argent-dawn,1301,rogue,subtlety,53,25,28
28744,Akira,outland,1300,rogue,subtlety,60,36,24
28745,Luckeri,antonidas,1300,rogue,subtlety,66,32,34
28746,Пораменяться,gordunni,1299,rogue,subtlety,111,51,60
28747,Latscholol,malorne,1298,rogue,subtlety,70,39,31
28748,Flambî,dalaran,1294,rogue,subtlety,24,14,10
28749,Tyrly,ravencrest,1294,rogue,subtlety,76,37,39
28750,Mercyã,outland,1289,rogue,subtlety,48,25,23
28751,Yokze,ravencrest,1287,rogue,subtlety,36,15,21
28752,Qiiss,stormscale,1285,rogue,subtlety,36,20,16
28753,Прошмандэ,gordunni,1282,rogue,subtlety,30,15,15
28754,Fugly,ragnaros,1281,rogue,subtlety,37,14,23
28755,Gingahboy,doomhammer,1280,rogue,subtlety,83,50,33
28756,Swâggerino,kazzak,1280,rogue,subtlety,62,32,30
28757,Subzy,burning-legion,1278,rogue,subtlety,64,36,28
28758,Zerozsub,tarren-mill,1276,rogue,subtlety,57,31,26
28759,Pixelrogue,argent-dawn,1274,rogue,subtlety,34,20,14
28760,Backcracker,thunderhorn,1274,rogue,subtlety,30,15,15
28761,Guiltythief,stormscale,1272,rogue,subtlety,37,18,19
28762,Шикорро,soulflayer,1266,rogue,subtlety,36,18,18
28763,Янимагу,soulflayer,1262,rogue,subtlety,53,22,31
28764,Usainßreak,chogall,1258,rogue,subtlety,24,14,10
28765,Callboy,turalyon,1256,rogue,subtlety,42,20,22
28766,Exbandit,sanguino,1251,rogue,subtlety,30,19,11
28767,Рестинписер,soulflayer,1249,rogue,subtlety,114,57,57
28768,Änanké,outland,1248,rogue,subtlety,30,13,17
28769,Crøweta,argent-dawn,1247,rogue,subtlety,18,13,5
28770,Pcessleia,twisting-nether,1247,rogue,subtlety,24,13,11
28771,Sunå,archimonde,1247,rogue,subtlety,24,13,11
28772,Slapshot,das-konsortium,1247,rogue,subtlety,24,13,11
28773,Roanz,stormreaver,1244,rogue,subtlety,31,14,17
28774,Тучёна,soulflayer,1243,rogue,subtlety,42,25,17
28775,Neirdà,hyjal,1242,rogue,subtlety,30,13,17
28776,Cørek,blackhand,1241,rogue,subtlety,24,13,11
28777,Isucu,burning-legion,1240,rogue,subtlety,24,14,10
28778,Лэйкиро,gordunni,1239,rogue,subtlety,24,13,11
28779,Ézzah,blackhand,1236,rogue,subtlety,75,30,45
28780,Лиргенвард,deathguard,1236,rogue,subtlety,64,25,39
28781,Sénsorium,draenor,1235,rogue,subtlety,89,41,48
28782,Xaiko,baelgun,1232,rogue,subtlety,27,19,8
28783,Smeyra,magtheridon,1232,rogue,subtlety,84,47,37
28784,Diazz,aegwynn,1231,rogue,subtlety,24,13,11
28785,Alekkush,silvermoon,1231,rogue,subtlety,30,13,17
28786,Jugalos,ravencrest,1230,rogue,subtlety,35,13,22
28787,Kïdney,stormscale,1228,rogue,subtlety,48,26,22
28788,Zanaken,stormscale,1220,rogue,subtlety,111,53,58
28789,Эквалири,gordunni,1219,rogue,subtlety,36,14,22
28790,Evasión,aegwynn,1217,rogue,subtlety,24,13,11
28791,Djeud,archimonde,1213,rogue,subtlety,59,36,23
28792,Ксионас,gordunni,1212,rogue,subtlety,82,36,46
28793,Sambä,sanguino,1209,rogue,subtlety,42,20,22
28794,Wøølfgang,archimonde,1209,rogue,subtlety,66,30,36
28795,Architeggt,eredar,1209,rogue,subtlety,38,14,24
28796,Gansull,nemesis,1207,rogue,subtlety,30,13,17
28797,Arrzhan,silvermoon,1206,rogue,subtlety,40,26,14
28798,Kidneyyou,blackmoore,1203,rogue,subtlety,35,13,22
28799,Ganker,antonidas,1202,rogue,subtlety,30,15,15
28800,Avøry,antonidas,1201,rogue,subtlety,30,13,17
28801,Mckk,tarren-mill,1196,rogue,subtlety,30,17,13
28802,Releaserage,draenor,1196,rogue,subtlety,27,14,13
28803,Ryzem,archimonde,1191,rogue,subtlety,238,122,116
28804,Maxtnulaujeu,archimonde,1190,rogue,subtlety,59,29,30
28805,Чайрлайн,blackscar,1190,rogue,subtlety,40,17,23
28806,Thehand,eonar,1182,rogue,subtlety,54,32,22
28807,Ракфорн,howling-fjord,1182,rogue,subtlety,93,40,53
28808,Hashlund,stormscale,1181,rogue,subtlety,38,17,21
28809,Buttonsfly,silvermoon,1180,rogue,subtlety,68,45,23
28810,Tripoid,draenor,1179,rogue,subtlety,36,13,23
28811,Фирмиана,howling-fjord,1177,rogue,subtlety,30,15,15
28812,Zôuloulou,archimonde,1174,rogue,subtlety,17,13,4
28813,Rhûlf,ravencrest,1173,rogue,subtlety,40,16,24
28814,Сладкийперец,borean-tundra,1172,rogue,subtlety,52,24,28
28815,Rogueseanne,blackrock,1171,rogue,subtlety,72,32,40
28816,Smoothiè,twisting-nether,1168,rogue,subtlety,64,29,35
28817,Stin,blackrock,1155,rogue,subtlety,82,31,51
28818,Cesârion,antonidas,1154,rogue,subtlety,153,68,85
28819,Скорпеон,deathguard,1152,rogue,subtlety,48,32,16
28820,Skitzo,ravencrest,1152,rogue,subtlety,24,12,12
28821,Azziinoth,ragnaros,1151,rogue,subtlety,30,12,18
28822,Salakelmi,sylvanas,1149,rogue,subtlety,18,12,6
28823,Zerotyluv,silvermoon,1149,rogue,subtlety,18,12,6
28824,Zergroidz,kazzak,1148,rogue,subtlety,89,39,50
28825,Darkxenojiva,blackmoore,1146,rogue,subtlety,24,12,12
28826,Коффемолка,ashenvale,1146,rogue,subtlety,66,26,40
28827,Röguelol,outland,1145,rogue,subtlety,24,12,12
28828,Jaydeeñ,ravencrest,1142,rogue,subtlety,30,12,18
28829,Sâybyëbæ,dun-modr,1142,rogue,subtlety,30,12,18
28830,Jomoama,norgannon,1142,rogue,subtlety,36,14,22
28831,Lêmon,argent-dawn,1139,rogue,subtlety,18,12,6
28832,Turrok,ravencrest,1139,rogue,subtlety,36,17,19
28833,Adwl,archimonde,1134,rogue,subtlety,129,58,71
28834,Ithilyien,blackmoore,1134,rogue,subtlety,62,21,41
28835,Ambushmike,gorgonnash,1126,rogue,subtlety,39,16,23
28836,Faelylanea,argent-dawn,1122,rogue,subtlety,36,16,20
28837,Попочке,soulflayer,1116,rogue,subtlety,18,13,5
28838,Skillissuex,tarren-mill,1114,rogue,subtlety,147,75,72
28839,Xkebyzlobg,outland,1112,rogue,subtlety,23,12,11
28840,Coronababy,argent-dawn,1111,rogue,subtlety,24,13,11
28841,Siktiritos,malganis,1109,rogue,subtlety,30,12,18
28842,Lêgòlàs,blackmoore,1105,rogue,subtlety,56,31,25
28843,Unreallx,silvermoon,1102,rogue,subtlety,80,36,44
28844,Ултра,gordunni,1100,rogue,subtlety,105,45,60
28845,Fullblind,tarren-mill,1100,rogue,subtlety,28,12,16
28846,Stuxothug,silvermoon,1097,rogue,subtlety,61,33,28
28847,Ithru,twisting-nether,1095,rogue,subtlety,150,78,72
28848,Jailkaz,thrall,1093,rogue,subtlety,29,13,16
28849,ßøß,ysondre,1092,rogue,subtlety,56,25,31
28850,Koutzai,stormscale,1090,rogue,subtlety,53,20,33
28851,Darkan,kaelthas,1087,rogue,subtlety,54,29,25
28852,Yüm,burning-blade,1087,rogue,subtlety,59,25,34
28853,Fodepalmas,sanguino,1086,rogue,subtlety,41,18,23
28854,Blantek,defias-brotherhood,1083,rogue,subtlety,30,16,14
28855,Fastspectre,ravencrest,1077,rogue,subtlety,54,29,25
28856,Stâr,archimonde,1077,rogue,subtlety,28,13,15
28857,Whaiipy,ravencrest,1075,rogue,subtlety,89,51,38
28858,Löka,amanthul,1071,rogue,subtlety,117,59,58
28859,Псиихооз,eversong,1070,rogue,subtlety,25,13,12
28860,Copoka,dun-morogh,1063,rogue,subtlety,30,16,14
28861,Erenyeagerx,kazzak,1061,rogue,subtlety,60,23,37
28862,Elnyasha,ravencrest,1056,rogue,subtlety,24,11,13
28863,Roundrobin,ravencrest,1056,rogue,subtlety,30,11,19
28864,Kallelelel,tarren-mill,1055,rogue,subtlety,18,11,7
28865,Vögue,burning-legion,1055,rogue,subtlety,18,11,7
28866,Флеймсфорт,gordunni,1055,rogue,subtlety,35,16,19
28867,Kleptomancy,sylvanas,1054,rogue,subtlety,18,11,7
28868,Ziqqi,thrall,1054,rogue,subtlety,18,11,7
28869,Exiv,ragnaros,1053,rogue,subtlety,30,11,19
28870,Nirvána,outland,1051,rogue,subtlety,53,26,27
28871,Пузэн,howling-fjord,1050,rogue,subtlety,44,28,16
28872,Obsçuritý,ragnaros,1050,rogue,subtlety,44,23,21
28873,Tomassian,veknilash,1049,rogue,subtlety,18,11,7
28874,Reprouvette,dalaran,1047,rogue,subtlety,18,11,7
28875,Maam,ravencrest,1046,rogue,subtlety,18,11,7
28876,Розбэйник,gordunni,1039,rogue,subtlety,30,16,14
28877,Pochîta,blackrock,1038,rogue,subtlety,53,24,29
28878,Taniwa,archimonde,1037,rogue,subtlety,36,12,24
28879,Drakaess,archimonde,1032,rogue,subtlety,24,11,13
28880,Protolink,zuljin,1032,rogue,subtlety,64,25,39
28881,Горланг,ashenvale,1031,rogue,subtlety,29,15,14
28882,Byonics,durotan,1024,rogue,subtlety,18,11,7
28883,Зебол,howling-fjord,1024,rogue,subtlety,36,17,19
28884,Yamoshí,sanguino,1024,rogue,subtlety,34,15,19
28885,Рэйбэк,howling-fjord,1024,rogue,subtlety,30,11,19
28886,Sebik,ravencrest,1023,rogue,subtlety,17,11,6
28887,Fizgaroth,argent-dawn,1022,rogue,subtlety,37,23,14
28888,Cuckboy,chogall,1022,rogue,subtlety,49,29,20
28889,Lovetospoon,ravencrest,1013,rogue,subtlety,31,13,18
28890,Mercìles,kazzak,1009,rogue,subtlety,37,22,15
28891,Сабанутый,howling-fjord,1002,rogue,subtlety,72,38,34
28892,Sênsus,antonidas,1001,rogue,subtlety,85,30,55
28893,Skankky,ragnaros,1000,rogue,subtlety,18,12,6
28894,Беточка,gordunni,998,rogue,subtlety,36,19,17
28895,Leylaris,argent-dawn,998,rogue,subtlety,30,12,18
28896,Sassasine,amanthul,997,rogue,subtlety,40,17,23
28897,Drakhez,sanguino,995,rogue,subtlety,18,12,6
28898,Hemorhoid,outland,985,rogue,subtlety,84,46,38
28899,Peechiyy,blackmoore,982,rogue,subtlety,21,12,9
28900,Thicck,twisting-nether,980,rogue,subtlety,48,13,35
28901,Mâtâtâ,die-ewige-wacht,979,rogue,subtlety,23,15,8
28902,Narar,stormscale,974,rogue,subtlety,18,11,7
28903,Pitmaster,burning-legion,973,rogue,subtlety,36,17,19
28904,Тайнушка,soulflayer,973,rogue,subtlety,42,17,25
28905,Ratolí,dun-modr,970,rogue,subtlety,18,12,6
28906,Mannheim,kazzak,968,rogue,subtlety,42,23,19
28907,Çvß,kazzak,960,rogue,subtlety,12,10,2
28908,Ripuli,alakir,960,rogue,subtlety,18,10,8
28909,Sákiqt,ravencrest,960,rogue,subtlety,18,10,8
28910,Fîññ,ravencrest,960,rogue,subtlety,18,10,8
28911,Нойсеен,gordunni,960,rogue,subtlety,18,10,8
28912,Katarïnä,khaz-modan,960,rogue,subtlety,36,19,17
28913,Noboorstsub,ravencrest,959,rogue,subtlety,12,10,2
28914,Sÿkz,hyjal,959,rogue,subtlety,18,10,8
28915,Notôríous,ravencrest,959,rogue,subtlety,18,10,8
28916,Dígga,nemesis,957,rogue,subtlety,18,10,8
28917,Meshay,kazzak,956,rogue,subtlety,13,10,3
28918,Clinz,ravencrest,956,rogue,subtlety,24,10,14
28919,Ilyrya,azuremyst,955,rogue,subtlety,18,10,8
28920,Øê,ravencrest,955,rogue,subtlety,21,10,11
28921,Rêve,the-maelstrom,954,rogue,subtlety,18,10,8
28922,Asine,boulderfist,954,rogue,subtlety,24,10,14
28923,Káríc,draenor,953,rogue,subtlety,18,10,8
28924,Oazo,ysondre,951,rogue,subtlety,35,13,22
28925,Mishøna,kazzak,939,rogue,subtlety,73,41,32
28926,Rêdbello,dun-morogh,937,rogue,subtlety,36,20,16
28927,Frequenzalfa,silvermoon,926,rogue,subtlety,22,11,11
28928,Снарки,booty-bay,925,rogue,subtlety,46,21,25
28929,Kezaay,silvermoon,923,rogue,subtlety,24,13,11
28930,Mortdorei,argent-dawn,920,rogue,subtlety,30,16,14
28931,Sycko,alakir,908,rogue,subtlety,36,19,17
28932,Smílèy,ravencrest,906,rogue,subtlety,24,11,13
28933,Wìzléy,ravencrest,904,rogue,subtlety,30,16,14
28934,Sentaria,argent-dawn,903,rogue,subtlety,36,18,18
28935,Niinim,draenor,901,rogue,subtlety,105,52,53
28936,Bloodsmell,outland,892,rogue,subtlety,17,10,7
28937,Saroumani,eitrigg,891,rogue,subtlety,30,16,14
28938,Aeønaxx,hyjal,886,rogue,subtlety,70,31,39
28939,Ecray,burning-legion,877,rogue,subtlety,30,14,16
28940,Kouru,outland,871,rogue,subtlety,25,10,15
28941,Liquidgaba,ravencrest,868,rogue,subtlety,72,33,39
28942,Ncroxd,ravencrest,864,rogue,subtlety,12,9,3
28943,Whaazlysnipz,tarren-mill,864,rogue,subtlety,12,9,3
28944,Фрозенденс,gordunni,864,rogue,subtlety,12,9,3
28945,Kostik,ravencrest,864,rogue,subtlety,12,9,3
28946,Axroa,blackmoore,864,rogue,subtlety,18,9,9
28947,Ðéstr,ravencrest,864,rogue,subtlety,18,9,9
28948,Deadraw,aegwynn,864,rogue,subtlety,18,9,9
28949,Geá,ravencrest,864,rogue,subtlety,18,9,9
28950,Amén,sanguino,864,rogue,subtlety,24,9,15
28951,Ruckusxx,ravencrest,863,rogue,subtlety,12,9,3
28952,Lenani,blackrock,863,rogue,subtlety,18,9,9
28953,Márto,archimonde,863,rogue,subtlety,24,9,15
28954,Ryvz,ravencrest,863,rogue,subtlety,24,9,15
28955,Рели,blackscar,863,rogue,subtlety,24,9,15
28956,Shízzel,blackhand,862,rogue,subtlety,18,9,9
28957,Crixor,blackrock,861,rogue,subtlety,12,9,3
28958,Синграйм,soulflayer,861,rogue,subtlety,18,10,8
28959,Duffbeer,silvermoon,861,rogue,subtlety,18,9,9
28960,Eightball,frostmane,859,rogue,subtlety,18,9,9
28961,Ванябигпуш,blackscar,859,rogue,subtlety,24,9,15
28962,Shâdowfreeze,onyxia,859,rogue,subtlety,24,9,15
28963,Niapro,dun-morogh,858,rogue,subtlety,18,9,9
28964,Sequoja,blackrock,858,rogue,subtlety,24,9,15
28965,Finkle,blackmoore,856,rogue,subtlety,24,9,15
28966,Антиппод,razuvious,854,rogue,subtlety,15,10,5
28967,Vampor,sylvanas,852,rogue,subtlety,30,9,21
28968,Gimliwitdega,doomhammer,842,rogue,subtlety,16,10,6
28969,Charbiya,silvermoon,841,rogue,subtlety,18,9,9
28970,Zelìx,frostmane,841,rogue,subtlety,18,9,9
28971,Dainhek,gilneas,841,rogue,subtlety,31,14,17
28972,Муфдшы,gordunni,823,rogue,subtlety,16,10,6
28973,Duzhel,kazzak,812,rogue,subtlety,17,9,8
28974,Cozu,stormrage,799,rogue,subtlety,34,14,20
28975,Aouron,archimonde,789,rogue,subtlety,19,10,9
28976,Skene,sanguino,780,rogue,subtlety,35,13,22
28977,Faable,silvermoon,778,rogue,subtlety,53,19,34
28978,Heskmad,kazzak,777,rogue,subtlety,20,10,10
28979,Djdillá,kazzak,768,rogue,subtlety,12,8,4
28980,Devourswine,argent-dawn,768,rogue,subtlety,12,8,4
28981,Фрозенблейдс,gordunni,768,rogue,subtlety,12,8,4
28982,Danori,grim-batol,768,rogue,subtlety,12,8,4
28983,Whoton,archimonde,768,rogue,subtlety,16,9,7
28984,Ач,gordunni,768,rogue,subtlety,18,8,10
28985,Teskes,tyrande,768,rogue,subtlety,18,8,10
28986,Slonerbrah,ravencrest,768,rogue,subtlety,18,8,10
28987,Amuini,magtheridon,768,rogue,subtlety,18,8,10
28988,Zygzäg,hyjal,768,rogue,subtlety,18,8,10
28989,Xiro,dalaran,768,rogue,subtlety,24,8,16
28990,Løre,blackrock,768,rogue,subtlety,24,8,16
28991,Ferrãof,aggra-português,767,rogue,subtlety,12,8,4
28992,Zëkke,sanguino,767,rogue,subtlety,12,8,4
28993,Misantropia,nemesis,767,rogue,subtlety,12,8,4
28994,Bamsejuicee,kazzak,767,rogue,subtlety,12,8,4
28995,Txf,aegwynn,767,rogue,subtlety,12,8,4
28996,Neyokqt,blackrock,767,rogue,subtlety,12,8,4
28997,Subhub,ragnaros,767,rogue,subtlety,18,8,10
28998,Mdadx,stormreaver,767,rogue,subtlety,18,8,10
28999,Aahz,tarren-mill,767,rogue,subtlety,18,8,10
29000,Jenz,blackmoore,767,rogue,subtlety,18,8,10
29001,Unbanmepls,ravencrest,767,rogue,subtlety,18,8,10
29002,Mns,drakthul,767,rogue,subtlety,24,8,16
29003,Vanéry,ravencrest,766,rogue,subtlety,12,8,4
29004,Jkrx,draenor,766,rogue,subtlety,18,8,10
29005,Cnac,stormscale,766,rogue,subtlety,18,8,10
29006,Sokillu,silvermoon,766,rogue,subtlety,18,8,10
29007,Midoa,nerathor,765,rogue,subtlety,12,8,4
29008,Люняшка,booty-bay,765,rogue,subtlety,18,8,10
29009,Poughkeepsie,outland,765,rogue,subtlety,18,8,10
29010,Zavebe,nathrezim,765,rogue,subtlety,24,8,16
29011,Pirry,sanguino,764,rogue,subtlety,12,8,4
29012,Purexrogue,dragonblight,764,rogue,subtlety,18,8,10
29013,Berneo,burning-legion,764,rogue,subtlety,24,8,16
29014,Ojisanx,outland,764,rogue,subtlety,24,8,16
29015,Deprress,silvermoon,762,rogue,subtlety,12,8,4
29016,Anala,stormreaver,761,rogue,subtlety,12,8,4
29017,Lenwe,blackmoore,755,rogue,subtlety,18,8,10
29018,Всечтобыло,howling-fjord,748,rogue,subtlety,12,8,4
29019,Strikes,eredar,747,rogue,subtlety,12,8,4
29020,Drspectres,tarren-mill,747,rogue,subtlety,48,13,35
29021,Tnk,twisting-nether,743,rogue,subtlety,12,8,4
29022,Abomïñatïøñ,ravencrest,735,rogue,subtlety,30,10,20
29023,Rmp,khaz-modan,720,rogue,subtlety,30,9,21
29024,Cabalion,draenor,719,rogue,subtlety,18,8,10
29025,Petsakos,ravencrest,713,rogue,subtlety,21,9,12
29026,Nakli,antonidas,713,rogue,subtlety,21,9,12
29027,Anklash,blackrock,711,rogue,subtlety,33,9,24
29028,Войенх,gordunni,703,rogue,subtlety,22,8,14
29029,Naiikaii,aegwynn,688,rogue,subtlety,14,8,6
29030,Рэкрейвон,gordunni,672,rogue,subtlety,12,7,5
29031,Steal,nemesis,672,rogue,subtlety,12,7,5
29032,Byebyé,ravencrest,672,rogue,subtlety,12,7,5
29033,Oczku,burning-legion,672,rogue,subtlety,12,7,5
29034,Cucumber,laughing-skull,672,rogue,subtlety,12,7,5
29035,Зити,blackscar,672,rogue,subtlety,12,7,5
29036,Bountyhunter,malygos,672,rogue,subtlety,12,7,5
29037,Adskydroch,ravencrest,672,rogue,subtlety,12,7,5
29038,Кумоо,gordunni,672,rogue,subtlety,12,7,5
29039,Ripcurll,grim-batol,672,rogue,subtlety,12,7,5
29040,Rímen,archimonde,672,rogue,subtlety,18,7,11
29041,Belwarx,darksorrow,672,rogue,subtlety,18,7,11
29042,Hyake,zuljin,671,rogue,subtlety,12,7,5
29043,Faptastíc,blackmoore,671,rogue,subtlety,12,7,5
29044,Nairobii,tarren-mill,671,rogue,subtlety,12,7,5
29045,Qylu,argent-dawn,671,rogue,subtlety,12,7,5
29046,Sheldowws,tarren-mill,671,rogue,subtlety,12,7,5
29047,Roronao,sanguino,671,rogue,subtlety,18,7,11
29048,Сабстил,soulflayer,671,rogue,subtlety,18,7,11
29049,Helcof,emerald-dream,671,rogue,subtlety,18,7,11
29050,Snack,burning-legion,671,rogue,subtlety,18,7,11
29051,Teralala,kazzak,671,rogue,subtlety,18,7,11
29052,Vexior,argent-dawn,671,rogue,subtlety,18,7,11
29053,Daggoth,kiljaeden,671,rogue,subtlety,24,7,17
29054,Cataleýa,outland,670,rogue,subtlety,12,7,5
29055,Lepreuchan,archimonde,669,rogue,subtlety,12,7,5
29056,Axeldarq,draenor,669,rogue,subtlety,27,7,20
29057,Elnos,conseil-des-ombres,668,rogue,subtlety,12,7,5
29058,Mïta,blackmoore,668,rogue,subtlety,18,7,11
29059,Pepperbox,twisting-nether,667,rogue,subtlety,12,7,5
29060,Shanos,ravencrest,667,rogue,subtlety,12,7,5
29061,Cacucoxpahu,kazzak,666,rogue,subtlety,12,7,5
29062,Garretygdar,nazjatar,659,rogue,subtlety,18,7,11
29063,Davshadows,magtheridon,657,rogue,subtlety,18,7,11
29064,Waluuz,silvermoon,655,rogue,subtlety,11,7,4
29065,Nineball,frostmane,638,rogue,subtlety,17,7,10
29066,Wurzelzepp,blackrock,622,rogue,subtlety,17,7,10
29067,Actualcarry,dentarg,617,rogue,subtlety,12,8,4
29068,Zervi,silvermoon,586,rogue,subtlety,13,7,6
29069,Thiranor,cthun,583,rogue,subtlety,13,7,6
29070,Wítchblades,ravencrest,576,rogue,subtlety,6,6,0
29071,Whøråcle,tarren-mill,576,rogue,subtlety,6,6,0
29072,Naiikaii,antonidas,576,rogue,subtlety,6,6,0
29073,Dimidimi,wildhammer,576,rogue,subtlety,12,6,6
29074,Àlleyezonme,ravencrest,576,rogue,subtlety,12,6,6
29075,Draytonlove,nemesis,576,rogue,subtlety,12,6,6
29076,Denjas,archimonde,576,rogue,subtlety,12,6,6
29077,Jabbz,blackhand,576,rogue,subtlety,12,6,6
29078,Режупополам,howling-fjord,576,rogue,subtlety,12,6,6
29079,Ðelvin,dalaran,576,rogue,subtlety,12,6,6
29080,Feradelia,thrall,576,rogue,subtlety,12,6,6
29081,Carvyn,defias-brotherhood,576,rogue,subtlety,12,6,6
29082,Kyssme,archimonde,576,rogue,subtlety,12,6,6
29083,Jljr,twisting-nether,576,rogue,subtlety,12,6,6
29084,Radgaa,draenor,576,rogue,subtlety,12,6,6
29085,Nitroxygen,outland,576,rogue,subtlety,12,6,6
29086,Ibizà,ravencrest,576,rogue,subtlety,12,6,6
29087,Bizzarerogue,tarren-mill,576,rogue,subtlety,12,6,6
29088,Интерфи,blackscar,576,rogue,subtlety,12,6,6
29089,Deceptionz,ravencrest,576,rogue,subtlety,12,6,6
29090,Nøtiçe,kazzak,576,rogue,subtlety,18,6,12
29091,Decrios,outland,576,rogue,subtlety,18,6,12
29092,Kerìon,nemesis,576,rogue,subtlety,18,6,12
29093,Andrizle,blackmoore,576,rogue,subtlety,18,6,12
29094,Instealth,draenor,576,rogue,subtlety,24,6,18
29095,Blihhubba,silvermoon,576,rogue,subtlety,24,6,18
29096,Stabymoose,draenor,575,rogue,subtlety,12,6,6
29097,Пусякиллерх,gordunni,575,rogue,subtlety,12,6,6
29098,Botnet,blackmoore,575,rogue,subtlety,12,6,6
29099,Melfîce,blackhand,575,rogue,subtlety,12,6,6
29100,Igel,antonidas,575,rogue,subtlety,12,6,6
29101,Фордрэн,deathguard,575,rogue,subtlety,16,7,9
29102,Эрихард,howling-fjord,575,rogue,subtlety,17,6,11
29103,Coolspot,archimonde,575,rogue,subtlety,18,6,12
29104,Varne,les-sentinelles,575,rogue,subtlety,18,6,12
29105,Zëd,draenor,574,rogue,subtlety,12,6,6
29106,Hersuub,blackmoore,574,rogue,subtlety,12,6,6
29107,Валанбалас,soulflayer,574,rogue,subtlety,12,6,6
29108,Jisz,doomhammer,574,rogue,subtlety,12,6,6
29109,Celendyl,ravencrest,571,rogue,subtlety,12,6,6
29110,Freddybst,twisting-nether,571,rogue,subtlety,12,6,6
29111,Streîk,hyjal,571,rogue,subtlety,24,6,18
29112,Lêvî,sanguino,569,rogue,subtlety,12,6,6
29113,Geroge,sylvanas,566,rogue,subtlety,12,6,6
29114,Rhaacvar,magtheridon,566,rogue,subtlety,12,6,6
29115,Grikra,argent-dawn,566,rogue,subtlety,12,6,6
29116,Frézzer,tirion,566,rogue,subtlety,12,6,6
29117,Grekén,bronze-dragonflight,558,rogue,subtlety,17,6,11
29118,Puge,norgannon,557,rogue,subtlety,23,6,17
29119,Pavlo,nathrezim,543,rogue,subtlety,17,6,11
29120,Zobrak,twisting-nether,542,rogue,subtlety,14,7,7
29121,Weird,blackmoore,512,rogue,subtlety,10,6,4
29122,Xulem,silvermoon,511,rogue,subtlety,10,6,4
29123,Malignance,drakthul,511,rogue,subtlety,14,7,7
29124,Knifeex,ravencrest,509,rogue,subtlety,20,6,14
29125,Araniana,kazzak,480,rogue,subtlety,6,5,1
29126,Hængøver,antonidas,480,rogue,subtlety,6,5,1
29127,Bruckmann,ragnaros,480,rogue,subtlety,6,5,1
29128,Бонястелс,gordunni,480,rogue,subtlety,6,5,1
29129,Фэйкуои,gordunni,480,rogue,subtlety,6,5,1
29130,Xyzonk,kazzak,480,rogue,subtlety,6,5,1
29131,Zep,auchindoun,480,rogue,subtlety,6,5,1
29132,Beefboss,neptulon,480,rogue,subtlety,6,5,1
29133,Chazsakaï,chogall,480,rogue,subtlety,6,5,1
29134,Чернабаев,soulflayer,480,rogue,subtlety,6,5,1
29135,ßuha,stormscale,480,rogue,subtlety,12,5,7
29136,Фрозеншедов,gordunni,480,rogue,subtlety,12,5,7
29137,Mzaa,ravencrest,480,rogue,subtlety,12,5,7
29138,Blazestórm,stormscale,480,rogue,subtlety,12,5,7
29139,Кашеварить,gordunni,480,rogue,subtlety,12,5,7
29140,Khazren,ravencrest,480,rogue,subtlety,12,5,7
29141,Slicéndicé,wildhammer,480,rogue,subtlety,12,5,7
29142,Deevoll,tarren-mill,480,rogue,subtlety,12,5,7
29143,Кмска,soulflayer,480,rogue,subtlety,12,5,7
29144,Jdç,tarren-mill,480,rogue,subtlety,12,5,7
29145,Akyô,archimonde,480,rogue,subtlety,12,5,7
29146,Shinkillua,archimonde,480,rogue,subtlety,12,5,7
29147,Стеллакокс,howling-fjord,480,rogue,subtlety,12,5,7
29148,Kleptomaniac,aggra-português,480,rogue,subtlety,12,5,7
29149,Decoyed,sylvanas,480,rogue,subtlety,12,5,7
29150,Xatra,hyjal,480,rogue,subtlety,12,5,7
29151,Xeløe,hyjal,480,rogue,subtlety,12,5,7
29152,Loznah,outland,480,rogue,subtlety,12,5,7
29153,Darkveil,xavius,480,rogue,subtlety,12,5,7
29154,Киднитучер,fordragon,480,rogue,subtlety,12,5,7
29155,Lurk,saurfang,480,rogue,subtlety,12,5,7
29156,Slimshadyqt,terokkar,480,rogue,subtlety,12,5,7
29157,Srtumor,zuljin,480,rogue,subtlety,12,5,7
29158,Khepaso,sanguino,480,rogue,subtlety,12,5,7
29159,Lëmönhäzë,dun-modr,480,rogue,subtlety,12,5,7
29160,Ðefsmøkêz,tyrande,480,rogue,subtlety,12,5,7
29161,Monstermads,kazzak,480,rogue,subtlety,12,5,7
29162,Aluneran,silvermoon,480,rogue,subtlety,12,5,7
29163,Slayered,burning-legion,480,rogue,subtlety,18,5,13
29164,Ajwenx,ravencrest,480,rogue,subtlety,18,5,13
29165,Jabbo,silvermoon,480,rogue,subtlety,18,5,13
29166,Ôzzi,draenor,479,rogue,subtlety,12,5,7
29167,Eriksonn,drakthul,479,rogue,subtlety,12,5,7
29168,Houston,aegwynn,479,rogue,subtlety,12,5,7
29169,Smorcoolio,stormscale,479,rogue,subtlety,12,5,7
29170,Nanary,blackrock,479,rogue,subtlety,12,5,7
29171,Ryxon,arathor,479,rogue,subtlety,12,5,7
29172,Grocco,doomhammer,479,rogue,subtlety,12,5,7
29173,Smøth,ysondre,479,rogue,subtlety,15,6,9
29174,Lylestra,neptulon,479,rogue,subtlety,18,5,13
29175,Zyklvn,zuljin,479,rogue,subtlety,18,5,13
29176,Sayy,nemesis,479,rogue,subtlety,18,5,13
29177,Пандафей,deathweaver,478,rogue,subtlety,12,5,7
29178,Mojojina,theradras,478,rogue,subtlety,12,5,7
29179,Mozenn,draenor,478,rogue,subtlety,19,5,14
29180,Эльтаэрон,gordunni,477,rogue,subtlety,12,5,7
29181,Приколдэсса,gordunni,477,rogue,subtlety,18,5,13
29182,Зацеп,gordunni,476,rogue,subtlety,12,5,7
29183,Kikkshifter,zuluhed,474,rogue,subtlety,12,5,7
29184,Mallaurya,dalaran,474,rogue,subtlety,12,5,7
29185,Snogri,burning-legion,474,rogue,subtlety,18,5,13
29186,Jénny,sylvanas,473,rogue,subtlety,12,5,7
29187,Natekoti,kazzak,473,rogue,subtlety,24,5,19
29188,Darkral,nemesis,463,rogue,subtlety,12,6,6
29189,Кумаме,howling-fjord,447,rogue,subtlety,11,5,6
29190,Райан,fordragon,431,rogue,subtlety,11,5,6
29191,Briggo,silvermoon,426,rogue,subtlety,17,6,11
29192,Эбиб,soulflayer,416,rogue,subtlety,10,5,5
29193,Algopyrin,ragnaros,396,rogue,subtlety,13,5,8
29194,Mol,defias-brotherhood,384,rogue,subtlety,6,4,2
29195,Sensule,darkspear,384,rogue,subtlety,6,4,2
29196,Ocklol,archimonde,384,rogue,subtlety,6,4,2
29197,Pérplèxîty,thrall,384,rogue,subtlety,6,4,2
29198,Marcel,blackrock,384,rogue,subtlety,6,4,2
29199,Blckrogue,bloodfeather,384,rogue,subtlety,6,4,2
29200,Seeralex,anetheron,384,rogue,subtlety,6,4,2
29201,Ënd,ravencrest,384,rogue,subtlety,6,4,2
29202,Snýz,darksorrow,384,rogue,subtlety,6,4,2
29203,Fragmint,aggra-português,384,rogue,subtlety,6,4,2
29204,Elyndri,archimonde,384,rogue,subtlety,6,4,2
29205,Kilabre,twisting-nether,384,rogue,subtlety,6,4,2
29206,Ðazzrog,archimonde,384,rogue,subtlety,6,4,2
29207,Møgzu,blackmoore,384,rogue,subtlety,6,4,2
29208,Inextricabil,stormscale,384,rogue,subtlety,6,4,2
29209,Smörkniven,argent-dawn,384,rogue,subtlety,6,4,2
29210,Læffgøðx,stormscale,384,rogue,subtlety,6,4,2
29211,Shreya,blackrock,384,rogue,subtlety,6,4,2
29212,Nxnja,silvermoon,384,rogue,subtlety,6,4,2
29213,Джеанит,gordunni,384,rogue,subtlety,6,4,2
29214,Mega,nordrassil,384,rogue,subtlety,6,4,2
29215,Siele,twisting-nether,384,rogue,subtlety,6,4,2
29216,Kerim,antonidas,384,rogue,subtlety,6,4,2
29217,Йованов,gordunni,384,rogue,subtlety,6,4,2
29218,Served,twisting-nether,384,rogue,subtlety,6,4,2
29219,Cawzi,silvermoon,384,rogue,subtlety,6,4,2
29220,Ciosy,blackrock,384,rogue,subtlety,6,4,2
29221,Zyhmø,archimonde,384,rogue,subtlety,6,4,2
29222,Shadôwcraft,outland,384,rogue,subtlety,6,4,2
29223,Darx,sunstrider,384,rogue,subtlety,6,4,2
29224,Rubberducky,argent-dawn,384,rogue,subtlety,6,4,2
29225,Okiboo,silvermoon,384,rogue,subtlety,6,4,2
29226,Doxxei,draenor,384,rogue,subtlety,6,4,2
29227,Pinnar,blackmoore,384,rogue,subtlety,6,4,2
29228,Takiya,ysondre,384,rogue,subtlety,6,4,2
29229,Дракакула,blackscar,384,rogue,subtlety,9,5,4
29230,Xoxoxoxoxoxö,archimonde,384,rogue,subtlety,8,4,4
29231,Нунас,soulflayer,384,rogue,subtlety,12,4,8
29232,Huprâ,ravencrest,384,rogue,subtlety,12,4,8
29233,Zappsarap,onyxia,384,rogue,subtlety,12,4,8
29234,Máuul,ravencrest,384,rogue,subtlety,12,4,8
29235,Reezr,stormscale,384,rogue,subtlety,12,4,8
29236,Bloodwraith,stormscale,384,rogue,subtlety,12,4,8
29237,Бейнс,howling-fjord,384,rogue,subtlety,12,4,8
29238,Dedka,hyjal,384,rogue,subtlety,12,4,8
29239,Kurichu,archimonde,384,rogue,subtlety,12,4,8
29240,Whiteløtûs,dun-modr,384,rogue,subtlety,12,4,8
29241,Later,saurfang,384,rogue,subtlety,12,4,8
29242,Asmodal,antonidas,384,rogue,subtlety,12,4,8
29243,Szabina,outland,384,rogue,subtlety,12,4,8
29244,Sátyrícon,ravencrest,384,rogue,subtlety,12,4,8
29245,Xanders,draenor,384,rogue,subtlety,12,4,8
29246,Saryotv,silvermoon,384,rogue,subtlety,12,4,8
29247,Zordochrog,kazzak,384,rogue,subtlety,12,4,8
29248,Sxpped,stormscale,384,rogue,subtlety,12,4,8
29249,Taishani,thrall,384,rogue,subtlety,12,4,8
29250,Plot,zenedar,384,rogue,subtlety,18,4,14
29251,Бллейз,gordunni,384,rogue,subtlety,18,4,14
29252,Очч,blackscar,384,rogue,subtlety,18,4,14
29253,Galore,azjolnerub,384,rogue,subtlety,18,4,14
29254,Haregan,gorgonnash,383,rogue,subtlety,6,4,2
29255,Reginlief,argent-dawn,383,rogue,subtlety,6,4,2
29256,Бекро,gordunni,383,rogue,subtlety,6,4,2
29257,Vanishdotcom,blackrock,383,rogue,subtlety,6,4,2
29258,Akcell,silvermoon,383,rogue,subtlety,6,4,2
29259,Paveli,ravencrest,383,rogue,subtlety,12,4,8
29260,Helsperd,draenor,383,rogue,subtlety,12,4,8
29261,Belina,draenor,382,rogue,subtlety,6,4,2
29262,Ashâa,hyjal,382,rogue,subtlety,6,4,2
29263,Lolblizard,gorgonnash,382,rogue,subtlety,6,4,2
29264,Adelr,onyxia,382,rogue,subtlety,12,4,8
29265,Nekros,chromaggus,379,rogue,subtlety,12,4,8
29266,Opiïum,ysondre,303,rogue,subtlety,7,4,3
29267,Gøldzahn,antonidas,288,rogue,subtlety,6,3,3
29268,Horvathzu,ravencrest,288,rogue,subtlety,6,3,3
29269,Mekóz,draenor,288,rogue,subtlety,6,3,3
29270,Knifeparty,silvermoon,288,rogue,subtlety,6,3,3
29271,Qira,burning-blade,288,rogue,subtlety,6,3,3
29272,Pretylo,marécage-de-zangar,288,rogue,subtlety,6,3,3
29273,Baradiir,defias-brotherhood,288,rogue,subtlety,6,3,3
29274,Лофиан,gordunni,288,rogue,subtlety,6,3,3
29275,Roguanal,hyjal,288,rogue,subtlety,6,3,3
29276,Кейнилин,gordunni,288,rogue,subtlety,6,3,3
29277,Arydir,quelthalas,288,rogue,subtlety,6,3,3
29278,Synthaetic,draenor,288,rogue,subtlety,6,3,3
29279,Peeon,drakthul,288,rogue,subtlety,6,3,3
29280,Wraiith,chogall,288,rogue,subtlety,6,3,3
29281,Ezk,eredar,288,rogue,subtlety,6,3,3
29282,Sneakysáp,ravencrest,288,rogue,subtlety,6,3,3
29283,Waakie,frostmane,288,rogue,subtlety,6,3,3
29284,Swiftyfan,silvermoon,288,rogue,subtlety,6,3,3
29285,Disembowel,ravencrest,288,rogue,subtlety,6,3,3
29286,Vanisshh,hyjal,288,rogue,subtlety,6,3,3
29287,Kohakugawa,kazzak,288,rogue,subtlety,6,3,3
29288,Кеспул,soulflayer,288,rogue,subtlety,6,3,3
29289,Nezukóchan,ravencrest,288,rogue,subtlety,6,3,3
29290,Finanzamtlg,blackrock,288,rogue,subtlety,6,3,3
29291,Shâdow,ravenholdt,288,rogue,subtlety,6,3,3
29292,Rexore,ravencrest,288,rogue,subtlety,6,3,3
29293,Rúckus,ravencrest,288,rogue,subtlety,6,3,3
29294,Jawen,silvermoon,288,rogue,subtlety,6,3,3
29295,Shadxwstep,ravencrest,288,rogue,subtlety,6,3,3
29296,Kolto,argent-dawn,288,rogue,subtlety,6,3,3
29297,Seregolas,argent-dawn,288,rogue,subtlety,6,3,3
29298,Axelaz,ravencrest,288,rogue,subtlety,6,3,3
29299,Isodad,kazzak,288,rogue,subtlety,6,3,3
29300,Candyshot,thrall,288,rogue,subtlety,6,3,3
29301,Røguøross,archimonde,288,rogue,subtlety,6,3,3
29302,Элисандресса,gordunni,288,rogue,subtlety,6,3,3
29303,Tason,argent-dawn,288,rogue,subtlety,6,3,3
29304,Pocketpaw,stormreaver,288,rogue,subtlety,6,3,3
29305,Checkormate,aegwynn,288,rogue,subtlety,6,3,3
29306,Стэйм,gordunni,288,rogue,subtlety,6,3,3
29307,Xhemil,tarren-mill,288,rogue,subtlety,6,3,3
29308,Halucinogeno,silvermoon,288,rogue,subtlety,6,3,3
29309,Nerica,kazzak,288,rogue,subtlety,6,3,3
29310,Nhèl,stormscale,288,rogue,subtlety,6,3,3
29311,Viiltäjäjack,stormscale,288,rogue,subtlety,6,3,3
29312,Missesinvis,blackmoore,288,rogue,subtlety,6,3,3
29313,Sadgexd,draenor,288,rogue,subtlety,6,3,3
29314,Natsukage,blackmoore,288,rogue,subtlety,6,3,3
29315,Nícks,tarren-mill,288,rogue,subtlety,6,3,3
29316,Izzyb,auchindoun,288,rogue,subtlety,6,3,3
29317,Ámbush,sylvanas,288,rogue,subtlety,6,3,3
29318,Garou,blackhand,288,rogue,subtlety,6,3,3
29319,Sutisong,dun-modr,288,rogue,subtlety,6,3,3
29320,Cylizr,stormscale,288,rogue,subtlety,6,3,3
29321,Uareincombat,drakthul,288,rogue,subtlety,11,3,8
29322,Bú,nemesis,288,rogue,subtlety,12,3,9
29323,Kongnognog,ragnaros,288,rogue,subtlety,12,3,9
29324,Lookbehîndu,aegwynn,288,rogue,subtlety,12,3,9
29325,Xyúmopjoßblú,ravencrest,288,rogue,subtlety,12,3,9
29326,Skíll,sanguino,288,rogue,subtlety,12,3,9
29327,Pestctrl,argent-dawn,288,rogue,subtlety,12,3,9
29328,Nÿst,khaz-modan,288,rogue,subtlety,12,3,9
29329,Izame,archimonde,288,rogue,subtlety,12,3,9
29330,Princip,drakthul,288,rogue,subtlety,12,3,9
29331,Chipson,kazzak,288,rogue,subtlety,12,3,9
29332,Йзвинись,howling-fjord,288,rogue,subtlety,12,3,9
29333,Ристоврация,gordunni,288,rogue,subtlety,12,3,9
29334,Envenoman,ravencrest,288,rogue,subtlety,12,3,9
29335,Ñú,ravencrest,288,rogue,subtlety,12,3,9
29336,Snøv,outland,288,rogue,subtlety,12,3,9
29337,Xéshon,tarren-mill,288,rogue,subtlety,12,3,9
29338,Rufinol,twisting-nether,288,rogue,subtlety,12,3,9
29339,Воробнальщик,soulflayer,288,rogue,subtlety,12,3,9
29340,Vancleéf,sylvanas,288,rogue,subtlety,12,3,9
29341,Djinnx,malganis,288,rogue,subtlety,12,3,9
29342,Kïbs,dalaran,288,rogue,subtlety,12,3,9
29343,Zoldyck,bloodhoof,288,rogue,subtlety,12,3,9
29344,Cbrook,sylvanas,288,rogue,subtlety,12,3,9
29345,Liirja,twisting-nether,288,rogue,subtlety,18,3,15
29346,Sinxgødx,outland,288,rogue,subtlety,18,3,15
29347,Téhashcéé,archimonde,287,rogue,subtlety,6,3,3
29348,Умбрен,lich-king,287,rogue,subtlety,6,3,3
29349,Demonrok,stormscale,287,rogue,subtlety,6,3,3
29350,Styggvanas,tarren-mill,287,rogue,subtlety,15,4,11
29351,Боузи,howling-fjord,287,rogue,subtlety,12,3,9
29352,Котуй,borean-tundra,287,rogue,subtlety,12,3,9
29353,Skeeto,blackmoore,287,rogue,subtlety,12,3,9
29354,Furrooscuro,sanguino,287,rogue,subtlety,18,3,15
29355,Cesar,blackhand,286,rogue,subtlety,6,3,3
29356,Auarg,argent-dawn,286,rogue,subtlety,6,3,3
29357,Ракельяр,blackscar,286,rogue,subtlety,6,3,3
29358,Jontor,deathwing,286,rogue,subtlety,12,3,9
29359,Owlcat,argent-dawn,284,rogue,subtlety,12,3,9
29360,Madlain,jaedenar,255,rogue,subtlety,8,4,4
29361,Machmacan,thrall,239,rogue,subtlety,5,3,2
29362,Juuzou,outland,239,rogue,subtlety,5,3,2
29363,Iwillberone,ravencrest,239,rogue,subtlety,11,3,8
29364,Boornys,burning-legion,224,rogue,subtlety,10,3,7
29365,Imnotnice,terenas,192,rogue,subtlety,9,3,6
29366,Stealthyist,darkmoon-faire,192,rogue,subtlety,6,2,4
29367,Кеонетво,howling-fjord,192,rogue,subtlety,6,2,4
29368,Yakku,drakthul,192,rogue,subtlety,6,2,4
29369,Selecta,bloodhoof,192,rogue,subtlety,6,2,4
29370,Sohnisch,azshara,192,rogue,subtlety,6,2,4
29371,Le,stormreaver,192,rogue,subtlety,6,2,4
29372,Røxxilly,blackmoore,192,rogue,subtlety,6,2,4
29373,Ýýçyka,kazzak,192,rogue,subtlety,6,2,4
29374,Wrathed,stormreaver,192,rogue,subtlety,6,2,4
29375,Zte,frostmane,192,rogue,subtlety,6,2,4
29376,Senorino,tarren-mill,192,rogue,subtlety,6,2,4
29377,Stigh,twisting-nether,192,rogue,subtlety,6,2,4
29378,Рогаупорога,howling-fjord,192,rogue,subtlety,6,2,4
29379,Brinvilliers,aegwynn,192,rogue,subtlety,6,2,4
29380,Voices,dentarg,192,rogue,subtlety,6,2,4
29381,Aikaza,blackmoore,192,rogue,subtlety,6,2,4
29382,Botsrogue,kazzak,192,rogue,subtlety,6,2,4
29383,Lenây,blackmoore,192,rogue,subtlety,6,2,4
29384,Deadchivalry,argent-dawn,192,rogue,subtlety,6,2,4
29385,Fatnutsac,eredar,192,rogue,subtlety,6,2,4
29386,Evilbiscuit,quelthalas,192,rogue,subtlety,6,2,4
29387,Saanka,eredar,192,rogue,subtlety,6,2,4
29388,Abrhykoo,hyjal,192,rogue,subtlety,6,2,4
29389,Canelitae,minahonda,192,rogue,subtlety,6,2,4
29390,Katara,antonidas,192,rogue,subtlety,6,2,4
29391,Reyzumi,antonidas,192,rogue,subtlety,6,2,4
29392,Kyupi,hyjal,192,rogue,subtlety,6,2,4
29393,Pøggerhontas,antonidas,192,rogue,subtlety,6,2,4
29394,Bananashow,aegwynn,192,rogue,subtlety,6,2,4
29395,Грустныйрог,gordunni,192,rogue,subtlety,6,2,4
29396,Sigleif,argent-dawn,192,rogue,subtlety,6,2,4
29397,Ggyoulowbro,blackmoore,192,rogue,subtlety,6,2,4
29398,Иордани,gordunni,192,rogue,subtlety,6,2,4
29399,Гамбиит,gordunni,192,rogue,subtlety,6,2,4
29400,Inviscuz,draenor,192,rogue,subtlety,6,2,4
29401,Ksunq,hyjal,192,rogue,subtlety,6,2,4
29402,Stormhardt,stormscale,192,rogue,subtlety,6,2,4
29403,Скиррона,gordunni,192,rogue,subtlety,6,2,4
29404,Рикимартини,gordunni,192,rogue,subtlety,6,2,4
29405,Byaow,ravencrest,192,rogue,subtlety,6,2,4
29406,Giftknirps,silvermoon,192,rogue,subtlety,6,2,4
29407,Soulriver,kelthuzad,192,rogue,subtlety,6,2,4
29408,Jæto,ravencrest,192,rogue,subtlety,6,2,4
29409,Blóodless,stormscale,192,rogue,subtlety,6,2,4
29410,Голадриель,gordunni,192,rogue,subtlety,6,2,4
29411,Gosleep,stormscale,192,rogue,subtlety,6,2,4
29412,Ît,stormscale,192,rogue,subtlety,6,2,4
29413,Ellira,stormscale,192,rogue,subtlety,6,2,4
29414,Recondite,doomhammer,192,rogue,subtlety,6,2,4
29415,Feylia,terenas,192,rogue,subtlety,6,2,4
29416,Johncéná,stormscale,192,rogue,subtlety,6,2,4
29417,Vanisha,outland,192,rogue,subtlety,6,2,4
29418,Idkwatocall,stormscale,192,rogue,subtlety,6,2,4
29419,Chuckloriss,garona,192,rogue,subtlety,6,2,4
29420,Navaton,sanguino,192,rogue,subtlety,6,2,4
29421,Skaterboy,stormscale,192,rogue,subtlety,6,2,4
29422,Oldschool,sanguino,192,rogue,subtlety,6,2,4
29423,Duo,karazhan,192,rogue,subtlety,6,2,4
29424,Isseen,burning-legion,192,rogue,subtlety,6,2,4
29425,Gameøvr,sanguino,192,rogue,subtlety,6,2,4
29426,Fatedancer,outland,192,rogue,subtlety,6,2,4
29427,Trashbàg,alakir,192,rogue,subtlety,6,2,4
29428,Haikyu,blackhand,192,rogue,subtlety,6,2,4
29429,Kylìemirogue,blackrock,192,rogue,subtlety,6,2,4
29430,Дзендэр,soulflayer,192,rogue,subtlety,6,2,4
29431,Шмарамышь,soulflayer,192,rogue,subtlety,6,2,4
29432,Greiskull,cthun,192,rogue,subtlety,15,3,12
29433,Shibaii,archimonde,192,rogue,subtlety,12,2,10
29434,Bauwten,ravencrest,192,rogue,subtlety,12,2,10
29435,Acheravar,antonidas,192,rogue,subtlety,12,2,10
29436,Кингксу,gordunni,192,rogue,subtlety,12,2,10
29437,Nomad,sylvanas,192,rogue,subtlety,12,2,10
29438,Delenor,stormscale,192,rogue,subtlety,12,2,10
29439,Celenium,chogall,192,rogue,subtlety,12,2,10
29440,Jackpot,sargeras,192,rogue,subtlety,12,2,10
29441,Snake,nethersturm,192,rogue,subtlety,12,2,10
29442,Shacopaco,zuljin,192,rogue,subtlety,12,2,10
29443,Pandagonstab,shadowsong,192,rogue,subtlety,12,2,10
29444,Destrektor,kazzak,192,rogue,subtlety,12,2,10
29445,Verstopt,azjolnerub,192,rogue,subtlety,12,2,10
29446,Refundlands,kazzak,192,rogue,subtlety,12,2,10
29447,Chipicaua,silvermoon,192,rogue,subtlety,12,2,10
29448,Энвитио,gordunni,191,rogue,subtlety,6,2,4
29449,Mamus,tarren-mill,191,rogue,subtlety,6,2,4
29450,Singularität,silvermoon,191,rogue,subtlety,6,2,4
29451,Killboom,rexxar,191,rogue,subtlety,12,2,10
29452,Scratcheye,twisting-nether,191,rogue,subtlety,12,2,10
29453,Gizr,haomarush,190,rogue,subtlety,12,2,10
29454,Cutscene,argent-dawn,159,rogue,subtlety,5,2,3
29455,Kidneyqt,thrall,159,rogue,subtlety,5,2,3
29456,Julekos,ravenholdt,159,rogue,subtlety,5,2,3
29457,Feinted,kazzak,159,rogue,subtlety,11,2,9
29458,Biggut,khadgar,144,rogue,subtlety,3,3,0
29459,Paranoiaqt,outland,144,rogue,subtlety,9,2,7
29460,Sicu,malganis,138,rogue,subtlety,10,4,6
29461,Projectindex,malganis,138,rogue,subtlety,10,4,6
29462,Núb,burning-blade,138,rogue,subtlety,15,3,12
29463,Bandèra,ragnaros,138,rogue,subtlety,15,3,12
29464,Idrîl,rashgarroth,137,rogue,subtlety,9,3,6
29465,Zenajlz,outland,128,rogue,subtlety,4,2,2
29466,Earnedblood,kazzak,128,rogue,subtlety,4,2,2
29467,Hahårry,ravencrest,127,rogue,subtlety,8,2,6
29468,Ripinpiece,outland,112,rogue,subtlety,7,2,5
29469,Loom,sylvanas,96,rogue,subtlety,3,2,1
29470,Pzylol,anetheron,96,rogue,subtlety,3,2,1
29471,Songoro,tirion,96,rogue,subtlety,3,2,1
29472,Invisage,grim-batol,96,rogue,subtlety,6,1,5
29473,Vellira,khaz-modan,96,rogue,subtlety,6,1,5
29474,Twinkyzzö,archimonde,96,rogue,subtlety,6,1,5
29475,Edaniel,draenor,96,rogue,subtlety,6,1,5
29476,Korteina,darkmoon-faire,96,rogue,subtlety,6,1,5
29477,Kkraken,dalaran,96,rogue,subtlety,6,1,5
29478,Retaya,draenor,96,rogue,subtlety,6,1,5
29479,Hyrule,onyxia,96,rogue,subtlety,6,1,5
29480,Outride,outland,96,rogue,subtlety,6,1,5
29481,Тварьебаная,howling-fjord,96,rogue,subtlety,6,1,5
29482,Verk,twilights-hammer,96,rogue,subtlety,6,1,5
29483,Tøxykø,archimonde,96,rogue,subtlety,6,1,5
29484,Darkkstep,blackmoore,96,rogue,subtlety,6,1,5
29485,Tàazz,archimonde,96,rogue,subtlety,6,1,5
29486,Sørä,ragnaros,96,rogue,subtlety,6,1,5
29487,Jorppe,kazzak,96,rogue,subtlety,6,1,5
29488,Àrléngødx,kazzak,96,rogue,subtlety,6,1,5
29489,Мадарец,howling-fjord,96,rogue,subtlety,6,1,5
29490,Kidneyou,ragnaros,96,rogue,subtlety,6,1,5
29491,Cabbagerolls,argent-dawn,96,rogue,subtlety,6,1,5
29492,Nohks,blackmoore,96,rogue,subtlety,6,1,5
29493,Xý,ysondre,96,rogue,subtlety,6,1,5
29494,Førtñîtégøðx,eredar,96,rogue,subtlety,6,1,5
29495,Sumcrit,ravencrest,96,rogue,subtlety,6,1,5
29496,Nerkmind,ragnaros,96,rogue,subtlety,6,1,5
29497,Настябэкстаб,gordunni,96,rogue,subtlety,6,1,5
29498,Элонли,gordunni,96,rogue,subtlety,6,1,5
29499,Loulina,outland,96,rogue,subtlety,6,1,5
29500,Menzo,ravencrest,96,rogue,subtlety,6,1,5
29501,Chililôl,dun-modr,96,rogue,subtlety,6,1,5
29502,Гламурятина,gordunni,96,rogue,subtlety,6,1,5
29503,Malborko,ravencrest,96,rogue,subtlety,6,1,5
29504,Shiverbane,sargeras,96,rogue,subtlety,6,1,5
29505,Fintex,ravencrest,96,rogue,subtlety,6,1,5
29506,Stealthi,stormscale,96,rogue,subtlety,6,1,5
29507,Letheus,stormscale,96,rogue,subtlety,6,1,5
29508,Backstabjr,blackmoore,96,rogue,subtlety,6,1,5
29509,Neskagrall,aegwynn,96,rogue,subtlety,6,1,5
29510,Chøsen,stormscale,96,rogue,subtlety,6,1,5
29511,Takenòtes,nemesis,96,rogue,subtlety,6,1,5
29512,Mealy,auchindoun,96,rogue,subtlety,6,1,5
29513,Kunigunde,shattered-hand,96,rogue,subtlety,6,1,5
29514,Nomota,sanguino,96,rogue,subtlety,6,1,5
29515,Стронг,soulflayer,96,rogue,subtlety,6,1,5
29516,Könän,dalaran,96,rogue,subtlety,6,1,5
29517,Sizzurp,kargath,96,rogue,subtlety,6,1,5
29518,Mestarikélmi,ravencrest,96,rogue,subtlety,9,1,8
29519,Gífti,norgannon,96,rogue,subtlety,12,1,11
29520,Azzineth,silvermoon,96,rogue,subtlety,12,1,11
29521,Rnghero,blackmoore,96,rogue,subtlety,12,1,11
29522,Critneyspear,runetotem,96,rogue,subtlety,12,1,11
29523,Calmrusgirl,ravenholdt,96,rogue,subtlety,12,1,11
29524,Альдинг,howling-fjord,96,rogue,subtlety,12,1,11
29525,Stabie,twisting-nether,96,rogue,subtlety,12,1,11
29526,Owoaho,eonar,95,rogue,subtlety,6,1,5
29527,Deadlybrew,twisting-nether,79,rogue,subtlety,5,1,4
29528,Digmorre,drakthul,79,rogue,subtlety,5,1,4
29529,Nesth,silvermoon,79,rogue,subtlety,5,1,4
29530,Domiqs,blackhand,63,rogue,subtlety,2,2,0
29531,Ридлли,soulflayer,48,rogue,subtlety,3,1,2
29532,Macon,arthas,42,rogue,subtlety,12,3,9
29533,Dendriodidit,kazzak,31,rogue,subtlety,2,1,1
29534,Mortecieca,ravencrest,2198,rogue,assassination,108,56,52
29535,Bestjkbetter,ravencrest,2155,rogue,assassination,111,57,54
29536,Shadeniz,ravencrest,2137,rogue,assassination,113,57,56
29537,Aæ,stormscale,2112,rogue,assassination,125,65,60
29538,Rightplay,outland,2112,rogue,assassination,90,45,45
29539,Naláa,ravencrest,2107,rogue,assassination,88,45,43
29540,Shadenox,ravencrest,2104,rogue,assassination,329,164,165
29541,Ewyna,silvermoon,2103,rogue,assassination,93,49,44
29542,Fánsly,silvermoon,2102,rogue,assassination,78,40,38
29543,Vayyel,silvermoon,2080,rogue,assassination,266,136,130
29544,Snøv,outland,1994,rogue,assassination,72,34,38
29545,Mentol,stormscale,1985,rogue,assassination,59,45,14
29546,Visuáls,antonidas,1950,rogue,assassination,81,38,43
29547,Buffassa,ravencrest,1943,rogue,assassination,113,68,45
29548,Sub,kazzak,1927,rogue,assassination,78,35,43
29549,Tyreall,drakthul,1910,rogue,assassination,89,42,47
29550,Watchmeyoe,ravencrest,1904,rogue,assassination,78,44,34
29551,Vulrin,argent-dawn,1899,rogue,assassination,77,44,33
29552,Oggish,tarren-mill,1890,rogue,assassination,72,28,44
29553,Venomblood,sanguino,1872,rogue,assassination,65,29,36
29554,Chínerox,thunderhorn,1864,rogue,assassination,200,98,102
29555,Asàd,draenor,1841,rogue,assassination,47,30,17
29556,Baboonx,burning-legion,1839,rogue,assassination,72,31,41
29557,Kidneyou,ragnaros,1816,rogue,assassination,48,31,17
29558,Sadgexd,draenor,1814,rogue,assassination,52,26,26
29559,Pheq,ravencrest,1814,rogue,assassination,78,33,45
29560,Prei,hyjal,1812,rogue,assassination,84,42,42
29561,Shadeco,ravencrest,1811,rogue,assassination,60,29,31
29562,Пожилойпуп,gordunni,1811,rogue,assassination,54,26,28
29563,Pyridoxin,blackmoore,1810,rogue,assassination,60,29,31
29564,Shipshot,blackrock,1809,rogue,assassination,62,37,25
29565,Çhïñêsémøñkè,argent-dawn,1808,rogue,assassination,238,128,110
29566,Lookåtme,ravencrest,1808,rogue,assassination,48,20,28
29567,Eiscreme,blackmoore,1802,rogue,assassination,95,50,45
29568,Heavý,argent-dawn,1802,rogue,assassination,97,46,51
29569,Ohdaesu,aegwynn,1798,rogue,assassination,114,49,65
29570,Precious,sylvanas,1792,rogue,assassination,190,96,94
29571,Ридлли,soulflayer,1783,rogue,assassination,59,29,30
29572,Blindlol,emerald-dream,1778,rogue,assassination,107,56,51
29573,Fíìp,drakthul,1778,rogue,assassination,234,113,121
29574,Dáydreamín,draenor,1772,rogue,assassination,60,27,33
29575,Naiikaii,antonidas,1751,rogue,assassination,54,23,31
29576,Gøldzahn,antonidas,1736,rogue,assassination,106,48,58
29577,Riskyx,draenor,1727,rogue,assassination,49,19,30
29578,Shadenax,ravencrest,1722,rogue,assassination,36,18,18
29579,Awaaylol,stormscale,1719,rogue,assassination,154,73,81
29580,Youcrymydear,outland,1711,rogue,assassination,66,31,35
29581,Lacusdark,draenor,1708,rogue,assassination,59,29,30
29582,Слаадкий,gordunni,1708,rogue,assassination,123,57,66
29583,Aknana,vashj,1704,rogue,assassination,42,21,21
29584,Richï,outland,1700,rogue,assassination,81,34,47
29585,Røler,ravencrest,1693,rogue,assassination,42,18,24
29586,Rinj,antonidas,1693,rogue,assassination,89,37,52
29587,Акиоми,gordunni,1691,rogue,assassination,102,57,45
29588,Çhïñêsérøqüè,tarren-mill,1691,rogue,assassination,77,33,44
29589,Sotro,dun-modr,1690,rogue,assassination,66,26,40
29590,Mazeken,kazzak,1688,rogue,assassination,53,21,32
29591,Играючестно,howling-fjord,1686,rogue,assassination,30,19,11
29592,Limítless,tarren-mill,1684,rogue,assassination,42,27,15
29593,Drenched,turalyon,1676,rogue,assassination,161,78,83
29594,Trollmeat,twisting-nether,1663,rogue,assassination,66,25,41
29595,Peeon,drakthul,1659,rogue,assassination,73,26,47
29596,Йа,gordunni,1658,rogue,assassination,63,33,30
29597,Мастдаггер,goldrinn,1655,rogue,assassination,59,34,25
29598,Cander,kazzak,1654,rogue,assassination,90,42,48
29599,Yopti,tarren-mill,1647,rogue,assassination,90,32,58
29600,Justkiddning,blackmoore,1641,rogue,assassination,102,60,42
29601,Ockzy,archimonde,1639,rogue,assassination,105,56,49
29602,Skali,tarren-mill,1639,rogue,assassination,92,45,47
29603,Войенх,gordunni,1636,rogue,assassination,218,105,113
29604,Варэль,borean-tundra,1631,rogue,assassination,209,104,105
29605,Monski,ravencrest,1631,rogue,assassination,54,21,33
29606,Inly,ysondre,1627,rogue,assassination,74,33,41
29607,Кэпс,blackscar,1625,rogue,assassination,66,39,27
29608,Howfastiam,ravencrest,1624,rogue,assassination,108,55,53
29609,Мистеркрэпс,howling-fjord,1624,rogue,assassination,47,19,28
29610,Костялом,howling-fjord,1623,rogue,assassination,36,17,19
29611,Keeke,outland,1619,rogue,assassination,60,31,29
29612,Shikamouflé,archimonde,1619,rogue,assassination,148,74,74
29613,Shøz,kazzak,1616,rogue,assassination,98,43,55
29614,Shookyz,zuljin,1615,rogue,assassination,54,27,27
29615,Iwillcapyou,twisting-nether,1614,rogue,assassination,54,25,29
29616,Пусякиллерх,gordunni,1614,rogue,assassination,85,37,48
29617,Únk,dalaran,1611,rogue,assassination,63,32,31
29618,Ру,galakrond,1610,rogue,assassination,42,22,20
29619,Warbell,ravencrest,1606,rogue,assassination,96,35,61
29620,Sumiftw,drakthul,1601,rogue,assassination,48,18,30
29621,ßênz,archimonde,1600,rogue,assassination,120,63,57
29622,Nîllá,blackmoore,1600,rogue,assassination,42,18,24
29623,Кайсити,gordunni,1593,rogue,assassination,36,20,16
29624,Twitchful,kazzak,1593,rogue,assassination,36,20,16
29625,Семёнтус,gordunni,1584,rogue,assassination,26,18,8
29626,Hoodrogue,blackrock,1580,rogue,assassination,53,29,24
29627,Silesi,kazzak,1575,rogue,assassination,142,76,66
29628,Ач,gordunni,1566,rogue,assassination,54,24,30
29629,Miiløx,silvermoon,1558,rogue,assassination,54,30,24
29630,Npkx,outland,1550,rogue,assassination,48,21,27
29631,Lannon,sylvanas,1547,rogue,assassination,44,18,26
29632,Kãlí,blackmoore,1534,rogue,assassination,211,104,107
29633,Cntrlld,ravencrest,1532,rogue,assassination,36,16,20
29634,Knutten,wildhammer,1526,rogue,assassination,102,47,55
29635,Shaokiz,sylvanas,1523,rogue,assassination,54,29,25
29636,Шмарамышь,soulflayer,1521,rogue,assassination,72,36,36
29637,Reyzumi,antonidas,1516,rogue,assassination,48,25,23
29638,Flogue,area-52,1514,rogue,assassination,79,30,49
29639,Tez,malganis,1511,rogue,assassination,59,29,30
29640,Weakrat,kult-der-verdammten,1508,rogue,assassination,36,22,14
29641,Synergize,stormreaver,1508,rogue,assassination,115,54,61
29642,Vennomous,darkspear,1507,rogue,assassination,190,98,92
29643,Argapu,stormscale,1503,rogue,assassination,78,32,46
29644,Artésia,archimonde,1502,rogue,assassination,54,30,24
29645,Zaintsas,tarren-mill,1500,rogue,assassination,62,31,31
29646,Nùgz,area-52,1498,rogue,assassination,119,65,54
29647,Hidinginash,twisting-nether,1486,rogue,assassination,56,31,25
29648,Søsaboy,nemesis,1483,rogue,assassination,60,29,31
29649,Hopejé,ravencrest,1482,rogue,assassination,50,27,23
29650,Волнорес,eversong,1481,rogue,assassination,76,39,37
29651,Eizan,outland,1478,rogue,assassination,48,27,21
29652,Pieksig,blackmoore,1478,rogue,assassination,60,28,32
29653,Ритор,deathguard,1477,rogue,assassination,48,22,26
29654,Candycc,burning-legion,1475,rogue,assassination,67,38,29
29655,Diazz,aegwynn,1473,rogue,assassination,119,56,63
29656,Xeeana,ravencrest,1472,rogue,assassination,83,44,39
29657,Лёнтролль,blackscar,1461,rogue,assassination,63,30,33
29658,Роземсти,gordunni,1457,rogue,assassination,87,52,35
29659,Редфилд,blackscar,1456,rogue,assassination,42,22,20
29660,Intecto,twisting-nether,1445,rogue,assassination,64,37,27
29661,Dnee,ravencrest,1435,rogue,assassination,18,15,3
29662,Alnaddafrog,outland,1433,rogue,assassination,58,36,22
29663,Axoic,ravencrest,1433,rogue,assassination,48,23,25
29664,Ppollito,hyjal,1429,rogue,assassination,96,49,47
29665,Moneylake,stormscale,1428,rogue,assassination,24,15,9
29666,Nìghtwalker,ravencrest,1428,rogue,assassination,50,24,26
29667,Freemmr,draenor,1426,rogue,assassination,101,53,48
29668,Arkblenderx,silvermoon,1426,rogue,assassination,94,48,46
29669,Luftpumpe,blackrock,1425,rogue,assassination,63,35,28
29670,Teseiga,aegwynn,1424,rogue,assassination,128,55,73
29671,Belsazar,azshara,1418,rogue,assassination,138,67,71
29672,Загляденье,gordunni,1418,rogue,assassination,42,15,27
29673,Poughkeepsie,outland,1417,rogue,assassination,30,16,14
29674,Sadìra,echsenkessel,1414,rogue,assassination,36,15,21
29675,Recondite,doomhammer,1411,rogue,assassination,35,22,13
29676,Ropedrink,stormscale,1409,rogue,assassination,30,19,11
29677,Grzech,burning-legion,1408,rogue,assassination,76,40,36
29678,Koreanrogue,archimonde,1406,rogue,assassination,24,15,9
29679,Synthaetic,draenor,1403,rogue,assassination,100,54,46
29680,Патайчик,soulflayer,1403,rogue,assassination,60,32,28
29681,Ванэйти,gordunni,1401,rogue,assassination,84,42,42
29682,Lelíth,ravencrest,1397,rogue,assassination,59,30,29
29683,Траста,fordragon,1384,rogue,assassination,54,16,38
29684,Lastsight,burning-legion,1382,rogue,assassination,33,16,17
29685,Roguening,tarren-mill,1381,rogue,assassination,65,23,42
29686,Piñotxo,sanguino,1377,rogue,assassination,41,17,24
29687,Erion,silvermoon,1375,rogue,assassination,60,23,37
29688,Zobrak,twisting-nether,1373,rogue,assassination,66,33,33
29689,Ciaordel,sylvanas,1372,rogue,assassination,75,36,39
29690,Unshaken,dun-modr,1370,rogue,assassination,42,15,27
29691,Nuguri,blackrock,1359,rogue,assassination,39,20,19
29692,Orcrogue,khadgar,1356,rogue,assassination,29,15,14
29693,Haikyu,blackhand,1354,rogue,assassination,72,31,41
29694,Синигурай,soulflayer,1353,rogue,assassination,36,18,18
29695,Sneakysloth,ravencrest,1352,rogue,assassination,35,15,20
29696,Dirtyz,dun-modr,1351,rogue,assassination,67,35,32
29697,Cýphia,amanthul,1351,rogue,assassination,69,32,37
29698,Асиксх,blackscar,1347,rogue,assassination,73,35,38
29699,Batsu,alleria,1346,rogue,assassination,42,18,24
29700,Yvÿ,archimonde,1343,rogue,assassination,36,22,14
29701,Botsrogue,kazzak,1342,rogue,assassination,24,14,10
29702,Markø,twisting-nether,1341,rogue,assassination,54,22,32
29703,Stråt,ysondre,1340,rogue,assassination,36,14,22
29704,Civarea,blackrock,1339,rogue,assassination,39,15,24
29705,Кайдарра,eversong,1335,rogue,assassination,42,21,21
29706,Lixht,the-maelstrom,1332,rogue,assassination,42,24,18
29707,Stabbinu,burning-legion,1332,rogue,assassination,30,14,16
29708,Finanzamtlg,blackrock,1328,rogue,assassination,36,19,17
29709,Борщичок,gordunni,1324,rogue,assassination,50,30,20
29710,Akira,outland,1323,rogue,assassination,36,19,17
29711,Dé,ragnaros,1323,rogue,assassination,30,14,16
29712,Стеллакокс,howling-fjord,1311,rogue,assassination,38,14,24
29713,Minjeaca,silvermoon,1311,rogue,assassination,42,14,28
29714,Sigleif,argent-dawn,1309,rogue,assassination,61,28,33
29715,Givewallet,ravencrest,1308,rogue,assassination,24,14,10
29716,Имилиона,blackscar,1298,rogue,assassination,31,18,13
29717,Pathicus,stormreaver,1297,rogue,assassination,64,32,32
29718,Röllz,ysondre,1295,rogue,assassination,42,17,25
29719,Gadûz,kazzak,1295,rogue,assassination,44,17,27
29720,Flawlesser,kazzak,1294,rogue,assassination,39,19,20
29721,Effectz,ragnaros,1290,rogue,assassination,55,28,27
29722,Zizmo,deathwing,1284,rogue,assassination,60,20,40
29723,Элирэй,fordragon,1282,rogue,assassination,35,14,21
29724,Raiyqyu,archimonde,1279,rogue,assassination,105,50,55
29725,Djnelly,stormreaver,1278,rogue,assassination,48,29,19
29726,Фикция,greymane,1270,rogue,assassination,37,15,22
29727,Izze,thrall,1265,rogue,assassination,48,17,31
29728,Yokze,ravencrest,1260,rogue,assassination,74,32,42
29729,Veronkierto,stormreaver,1259,rogue,assassination,78,42,36
29730,Negrim,dun-modr,1249,rogue,assassination,86,33,53
29731,Snulle,ravencrest,1248,rogue,assassination,24,13,11
29732,Сайгакк,galakrond,1248,rogue,assassination,58,30,28
29733,Mystykal,twisting-nether,1248,rogue,assassination,42,17,25
29734,Rubberducky,argent-dawn,1245,rogue,assassination,18,13,5
29735,Satiiva,terokkar,1242,rogue,assassination,66,29,37
29736,Zerocell,kazzak,1240,rogue,assassination,60,29,31
29737,Mexxn,antonidas,1240,rogue,assassination,43,20,23
29738,Dime,silvermoon,1239,rogue,assassination,90,47,43
29739,Noxxra,blackhand,1239,rogue,assassination,47,17,30
29740,Education,aegwynn,1238,rogue,assassination,24,13,11
29741,Mewen,sanguino,1233,rogue,assassination,30,13,17
29742,Sáinz,malganis,1233,rogue,assassination,35,15,20
29743,Raetoc,turalyon,1230,rogue,assassination,30,15,15
29744,Gankbang,frostmane,1225,rogue,assassination,54,21,33
29745,Nukubu,draenor,1224,rogue,assassination,88,35,53
29746,Trollohlol,malganis,1220,rogue,assassination,36,17,19
29747,Sneakypeeki,sylvanas,1217,rogue,assassination,29,13,16
29748,Behörnchen,eredar,1217,rogue,assassination,40,17,23
29749,Pitøu,outland,1205,rogue,assassination,48,23,25
29750,Kariinthuul,aegwynn,1205,rogue,assassination,48,20,28
29751,Bennyweth,argent-dawn,1205,rogue,assassination,42,16,26
29752,Килларан,howling-fjord,1200,rogue,assassination,29,16,13
29753,Narsoule,ysondre,1194,rogue,assassination,25,14,11
29754,Sùbzerø,archimonde,1186,rogue,assassination,23,13,10
29755,Chiàntì,blackrock,1179,rogue,assassination,65,33,32
29756,Экичу,howling-fjord,1177,rogue,assassination,48,28,20
29757,Azovrouge,terokkar,1172,rogue,assassination,30,18,12
29758,Swarge,silvermoon,1161,rogue,assassination,235,113,122
29759,Kuttunga,ravencrest,1161,rogue,assassination,41,18,23
29760,Ingesa,blackhand,1155,rogue,assassination,36,17,19
29761,Цилана,gordunni,1153,rogue,assassination,42,23,19
29762,Jeruna,veklor,1152,rogue,assassination,24,12,12
29763,Grøax,ragnaros,1151,rogue,assassination,24,12,12
29764,Watodoo,kazzak,1150,rogue,assassination,32,13,19
29765,Зоти,lich-king,1146,rogue,assassination,24,12,12
29766,Unterweger,die-aldor,1145,rogue,assassination,23,13,10
29767,Bonejaw,tarren-mill,1137,rogue,assassination,30,14,16
29768,Zokush,archimonde,1134,rogue,assassination,39,15,24
29769,Pizzayamyam,aegwynn,1133,rogue,assassination,30,12,18
29770,Stôrpîx,drakthul,1131,rogue,assassination,26,12,14
29771,Скулипёс,howling-fjord,1124,rogue,assassination,23,15,8
29772,Phaîne,outland,1124,rogue,assassination,24,12,12
29773,Krimos,archimonde,1119,rogue,assassination,54,30,24
29774,Missesinvis,blackmoore,1118,rogue,assassination,25,14,11
29775,Petsakos,ravencrest,1113,rogue,assassination,35,12,23
29776,Sênsus,antonidas,1110,rogue,assassination,54,21,33
29777,Чернаясоска,eversong,1106,rogue,assassination,83,48,35
29778,Oshä,dalaran,1102,rogue,assassination,30,13,17
29779,Elûnè,silvermoon,1097,rogue,assassination,30,14,16
29780,Gravestam,sunstrider,1085,rogue,assassination,36,17,19
29781,Veliza,twisting-nether,1083,rogue,assassination,48,20,28
29782,Tootskie,outland,1076,rogue,assassination,66,27,39
29783,Lovetospoon,ravencrest,1067,rogue,assassination,66,34,32
29784,Nighteshift,silvermoon,1064,rogue,assassination,36,14,22
29785,Jæto,ravencrest,1062,rogue,assassination,27,14,13
29786,Azonaticus,hyjal,1059,rogue,assassination,28,13,15
29787,Deadlybrew,twisting-nether,1056,rogue,assassination,24,11,13
29788,Goshîmoshî,stormscale,1056,rogue,assassination,30,11,19
29789,Undxrwrld,sylvanas,1055,rogue,assassination,18,11,7
29790,Fatnutsac,eredar,1055,rogue,assassination,24,11,13
29791,Бонасера,blackscar,1052,rogue,assassination,24,11,13
29792,Umciz,archimonde,1052,rogue,assassination,30,11,19
29793,Jimaal,stormscale,1051,rogue,assassination,30,11,19
29794,Dîspatchx,defias-brotherhood,1046,rogue,assassination,24,11,13
29795,Zélla,twisting-nether,1044,rogue,assassination,24,11,13
29796,Pasarelo,dun-modr,1041,rogue,assassination,95,45,50
29797,Madlain,jaedenar,1041,rogue,assassination,24,11,13
29798,Кэйлфрут,gordunni,1040,rogue,assassination,18,11,7
29799,Subyo,eredar,1038,rogue,assassination,30,11,19
29800,Nevelon,chogall,1033,rogue,assassination,78,33,45
29801,Sladen,ghostlands,1032,rogue,assassination,24,11,13
29802,Tre,eredar,1030,rogue,assassination,47,22,25
29803,Jupitor,argent-dawn,1030,rogue,assassination,36,16,20
29804,Idkwatocall,stormscale,1029,rogue,assassination,72,25,47
29805,Seleyese,draenor,1027,rogue,assassination,36,15,21
29806,Dykumah,sanguino,1016,rogue,assassination,24,11,13
29807,Maroshko,argent-dawn,1015,rogue,assassination,23,11,12
29808,Фуллблайнд,gordunni,1006,rogue,assassination,27,11,16
29809,Dezxxyox,dun-modr,1001,rogue,assassination,56,29,27
29810,Alltaïr,ravencrest,1000,rogue,assassination,115,58,57
29811,Boskönigt,ragnaros,998,rogue,assassination,46,20,26
29812,Undîsputed,blackmoore,994,rogue,assassination,39,12,27
29813,Brunhityx,ravencrest,991,rogue,assassination,17,11,6
29814,Майндтрикс,blackscar,991,rogue,assassination,26,11,15
29815,Imdma,defias-brotherhood,986,rogue,assassination,36,17,19
29816,Lesale,turalyon,977,rogue,assassination,42,18,24
29817,Изифаза,deathguard,960,rogue,assassination,18,10,8
29818,Awakeaf,outland,960,rogue,assassination,24,10,14
29819,Gorgeousred,aegwynn,960,rogue,assassination,24,10,14
29820,Ежикх,soulflayer,960,rogue,assassination,30,10,20
29821,Blawann,argent-dawn,959,rogue,assassination,18,10,8
29822,Miistermaen,outland,959,rogue,assassination,30,10,20
29823,Intrix,draenor,959,rogue,assassination,30,10,20
29824,Koopa,argent-dawn,959,rogue,assassination,42,10,32
29825,Гесху,eversong,956,rogue,assassination,24,10,14
29826,Gârrík,blackhand,954,rogue,assassination,18,10,8
29827,Eightball,frostmane,954,rogue,assassination,18,10,8
29828,Lírìa,argent-dawn,954,rogue,assassination,24,10,14
29829,Szabina,outland,953,rogue,assassination,18,10,8
29830,Джэкман,soulflayer,950,rogue,assassination,12,10,2
29831,Tirgo,aegwynn,946,rogue,assassination,138,67,71
29832,Джоннималыш,eversong,942,rogue,assassination,18,10,8
29833,Прнхабочка,gordunni,941,rogue,assassination,36,20,16
29834,Coastguard,twisting-nether,937,rogue,assassination,24,11,13
29835,Eniyah,tarren-mill,927,rogue,assassination,17,10,7
29836,Snakeshiv,ravenholdt,919,rogue,assassination,24,12,12
29837,Dredge,kaelthas,919,rogue,assassination,43,14,29
29838,Вотымразь,howling-fjord,916,rogue,assassination,33,15,18
29839,Jústina,die-aldor,897,rogue,assassination,66,28,38
29840,Márto,archimonde,896,rogue,assassination,22,10,12
29841,Ороти,greymane,891,rogue,assassination,20,12,8
29842,Darkkstep,blackmoore,890,rogue,assassination,24,11,13
29843,Макггара,soulflayer,884,rogue,assassination,137,61,76
29844,Pinchoto,sanguino,883,rogue,assassination,54,24,30
29845,Løuvees,archimonde,881,rogue,assassination,64,29,35
29846,Kaigodd,twisting-nether,879,rogue,assassination,38,20,18
29847,Dallrend,stormscale,875,rogue,assassination,60,22,38
29848,Tranxéne,hyjal,874,rogue,assassination,24,11,13
29849,Scorpionkk,blackrock,873,rogue,assassination,34,16,18
29850,Bauwten,ravencrest,866,rogue,assassination,24,12,12
29851,Skýhigh,ravencrest,864,rogue,assassination,12,9,3
29852,Watergirlx,ravencrest,864,rogue,assassination,18,9,9
29853,Ålùnæh,azjolnerub,864,rogue,assassination,18,9,9
29854,Sotri,dun-modr,864,rogue,assassination,24,9,15
29855,Angeldarky,silvermoon,864,rogue,assassination,24,9,15
29856,Фанфистинга,gordunni,863,rogue,assassination,30,9,21
29857,Purplereign,frostmane,860,rogue,assassination,84,40,44
29858,Silksneak,kazzak,856,rogue,assassination,18,9,9
29859,Babysteps,the-maelstrom,856,rogue,assassination,18,9,9
29860,Norlix,ravencrest,856,rogue,assassination,18,9,9
29861,Chalkbag,blackrock,852,rogue,assassination,30,9,21
29862,Kuxion,zuljin,847,rogue,assassination,24,10,14
29863,Ressputini,emeriss,841,rogue,assassination,17,9,8
29864,Паштетмашин,booty-bay,841,rogue,assassination,18,9,9
29865,Dmfd,darksorrow,837,rogue,assassination,106,43,63
29866,Lorena,ravencrest,826,rogue,assassination,17,9,8
29867,Reginlief,argent-dawn,824,rogue,assassination,50,24,26
29868,Îlihad,zuljin,824,rogue,assassination,42,16,26
29869,Yuffi,ysondre,803,rogue,assassination,23,11,12
29870,Hadúr,stormscale,802,rogue,assassination,28,11,17
29871,Lilze,ravencrest,791,rogue,assassination,54,21,33
29872,Nojdobra,tarren-mill,782,rogue,assassination,19,9,10
29873,Mores,anetheron,781,rogue,assassination,24,9,15
29874,Sospiro,nemesis,779,rogue,assassination,22,9,13
29875,Gillette,guldan,773,rogue,assassination,78,29,49
29876,Caská,blackhand,768,rogue,assassination,18,8,10
29877,Tallac,drekthar,768,rogue,assassination,18,8,10
29878,Onlyluvhurt,dun-modr,768,rogue,assassination,24,8,16
29879,Lôre,blackrock,768,rogue,assassination,30,8,22
29880,Jaxck,sylvanas,767,rogue,assassination,12,8,4
29881,Xalupa,dun-modr,767,rogue,assassination,18,8,10
29882,Эксплис,ashenvale,767,rogue,assassination,18,8,10
29883,Meldee,burning-legion,767,rogue,assassination,18,8,10
29884,Milenia,thrall,767,rogue,assassination,18,8,10
29885,Shadowcralls,blackmoore,767,rogue,assassination,18,8,10
29886,Röguelol,outland,767,rogue,assassination,18,8,10
29887,Bronxbomber,tarren-mill,766,rogue,assassination,18,8,10
29888,Менрэйз,gordunni,766,rogue,assassination,18,8,10
29889,Flaskan,tarren-mill,766,rogue,assassination,18,8,10
29890,Mol,defias-brotherhood,766,rogue,assassination,24,8,16
29891,Obsçuritý,ragnaros,765,rogue,assassination,16,9,7
29892,Revelith,nemesis,764,rogue,assassination,17,8,9
29893,Giftknirps,silvermoon,758,rogue,assassination,18,8,10
29894,Parker,frostmane,758,rogue,assassination,24,8,16
29895,Куррвабобер,borean-tundra,756,rogue,assassination,18,8,10
29896,Deragur,antonidas,733,rogue,assassination,18,8,10
29897,Cbrook,sylvanas,733,rogue,assassination,23,8,15
29898,Griveous,kazzak,732,rogue,assassination,14,9,5
29899,Rahes,stormscale,731,rogue,assassination,35,8,27
29900,Ninieu,kirin-tor,686,rogue,assassination,13,8,5
29901,Djpiglet,outland,672,rogue,assassination,12,7,5
29902,Dreathefox,drakthul,672,rogue,assassination,12,7,5
29903,Like,aegwynn,672,rogue,assassination,12,7,5
29904,Лиринэлла,soulflayer,672,rogue,assassination,12,7,5
29905,Eeros,kazzak,672,rogue,assassination,18,7,11
29906,Köna,archimonde,672,rogue,assassination,18,7,11
29907,Zilemjr,stormscale,672,rogue,assassination,18,7,11
29908,Совечица,gordunni,672,rogue,assassination,18,7,11
29909,Scørp,ravencrest,672,rogue,assassination,18,7,11
29910,Jaqenhghar,pozzo-delleternità,672,rogue,assassination,24,7,17
29911,Luketherogue,twisting-nether,672,rogue,assassination,24,7,17
29912,Ámbush,sylvanas,672,rogue,assassination,30,7,23
29913,Rikdy,kazzak,672,rogue,assassination,30,7,23
29914,Rîg,draenor,671,rogue,assassination,18,7,11
29915,Kuzmin,die-aldor,671,rogue,assassination,18,7,11
29916,Yassu,archimonde,671,rogue,assassination,18,7,11
29917,Поздоровайся,howling-fjord,670,rogue,assassination,12,7,5
29918,Julyshadows,kazzak,669,rogue,assassination,12,7,5
29919,Shinigamî,nemesis,668,rogue,assassination,12,7,5
29920,Fizzkhalifa,zuljin,667,rogue,assassination,25,9,16
29921,Rogunelf,stormreaver,666,rogue,assassination,12,7,5
29922,Ashami,genjuros,666,rogue,assassination,18,7,11
29923,Sessanali,silvermoon,655,rogue,assassination,30,7,23
29924,Niapro,dun-morogh,653,rogue,assassination,17,7,10
29925,Rêdbello,dun-morogh,651,rogue,assassination,18,7,11
29926,Ripgore,sylvanas,639,rogue,assassination,17,7,10
29927,Якунька,soulflayer,637,rogue,assassination,17,7,10
29928,Mozenn,draenor,622,rogue,assassination,15,7,8
29929,Bensollo,tarren-mill,622,rogue,assassination,17,7,10
29930,Jamesdarmody,twisting-nether,589,rogue,assassination,21,7,14
29931,Soulriver,kelthuzad,576,rogue,assassination,12,6,6
29932,Attylaria,rexxar,576,rogue,assassination,12,6,6
29933,Wrestlér,sylvanas,576,rogue,assassination,12,6,6
29934,Mollyperph,ravencrest,576,rogue,assassination,12,6,6
29935,Лиргенвард,deathguard,576,rogue,assassination,12,6,6
29936,Myk,ravencrest,576,rogue,assassination,12,6,6
29937,Necroli,kazzak,576,rogue,assassination,12,6,6
29938,Blade,stormscale,576,rogue,assassination,12,6,6
29939,Amý,grim-batol,576,rogue,assassination,12,6,6
29940,Sachsun,outland,576,rogue,assassination,12,6,6
29941,Flopsy,archimonde,576,rogue,assassination,12,6,6
29942,Бейнс,howling-fjord,576,rogue,assassination,12,6,6
29943,Remindful,ravencrest,576,rogue,assassination,12,6,6
29944,Voetdown,blackmoore,576,rogue,assassination,12,6,6
29945,Lildretch,dun-morogh,576,rogue,assassination,12,6,6
29946,Diagnoze,silvermoon,576,rogue,assassination,12,6,6
29947,Blooddance,ragnaros,576,rogue,assassination,18,6,12
29948,Vâleera,kazzak,576,rogue,assassination,18,6,12
29949,Dnw,ravencrest,576,rogue,assassination,18,6,12
29950,Zte,frostmane,576,rogue,assassination,18,6,12
29951,Piperx,ravencrest,576,rogue,assassination,24,6,18
29952,Rbgdowngrade,ravencrest,575,rogue,assassination,12,6,6
29953,Peqpen,ravencrest,575,rogue,assassination,12,6,6
29954,Hmwow,kazzak,575,rogue,assassination,12,6,6
29955,Malvaxxs,tarren-mill,575,rogue,assassination,12,6,6
29956,Zyrogue,silvermoon,575,rogue,assassination,12,6,6
29957,Ноубрэйкс,blackscar,575,rogue,assassination,12,6,6
29958,Stonecold,twilights-hammer,575,rogue,assassination,24,6,18
29959,Fkuwu,dalaran,575,rogue,assassination,24,6,18
29960,Yasmineskye,silvermoon,574,rogue,assassination,12,6,6
29961,Outofstuns,earthen-ring,574,rogue,assassination,18,7,11
29962,Dahlinska,ravencrest,574,rogue,assassination,18,6,12
29963,Tubes,dun-morogh,573,rogue,assassination,6,6,0
29964,Whiss,blackmoore,573,rogue,assassination,12,6,6
29965,Letheus,stormscale,573,rogue,assassination,18,6,12
29966,Оскархартман,gordunni,572,rogue,assassination,12,6,6
29967,Whiz,alexstrasza,572,rogue,assassination,21,7,14
29968,Matarocho,ravencrest,572,rogue,assassination,18,6,12
29969,Ranjual,blackhand,571,rogue,assassination,12,6,6
29970,Mythicog,twisting-nether,570,rogue,assassination,18,6,12
29971,Вальпургина,borean-tundra,569,rogue,assassination,12,6,6
29972,Симус,lich-king,568,rogue,assassination,12,6,6
29973,Tc,doomhammer,568,rogue,assassination,12,6,6
29974,Dimah,blackmoore,563,rogue,assassination,18,6,12
29975,Наджийа,lich-king,560,rogue,assassination,18,6,12
29976,Ûltraaxx,ysondre,528,rogue,assassination,15,6,9
29977,Stonyhavana,ravencrest,527,rogue,assassination,11,6,5
29978,Vaeira,ravencrest,527,rogue,assassination,17,6,11
29979,Vanisha,outland,496,rogue,assassination,13,6,7
29980,Babouill,ysondre,480,rogue,assassination,6,5,1
29981,Ðescartes,antonidas,480,rogue,assassination,6,5,1
29982,Kendyx,kirin-tor,480,rogue,assassination,12,5,7
29983,Fixsap,aegwynn,480,rogue,assassination,12,5,7
29984,Gögel,draenor,480,rogue,assassination,12,5,7
29985,Ghðst,stormscale,480,rogue,assassination,12,5,7
29986,Trickfulz,stormscale,480,rogue,assassination,12,5,7
29987,Babøønx,burning-legion,480,rogue,assassination,12,5,7
29988,Кишмякх,howling-fjord,480,rogue,assassination,12,5,7
29989,Йоио,howling-fjord,480,rogue,assassination,12,5,7
29990,Liraia,eredar,480,rogue,assassination,12,5,7
29991,Psg,argent-dawn,480,rogue,assassination,12,5,7
29992,Morgan,argent-dawn,480,rogue,assassination,12,5,7
29993,Uzrigu,tarren-mill,480,rogue,assassination,12,5,7
29994,Hì,bronzebeard,480,rogue,assassination,12,5,7
29995,Malatang,thrall,480,rogue,assassination,12,5,7
29996,Aikaza,blackmoore,480,rogue,assassination,12,5,7
29997,Snurry,tarren-mill,480,rogue,assassination,12,5,7
29998,Томасмразь,blackscar,480,rogue,assassination,12,5,7
29999,Patryk,silvermoon,480,rogue,assassination,12,5,7
30000,Nippzy,twisting-nether,480,rogue,assassination,12,5,7
30001,Эрихард,howling-fjord,480,rogue,assassination,12,5,7
30002,Иллвилл,soulflayer,480,rogue,assassination,12,5,7
30003,Calve,tarren-mill,480,rogue,assassination,12,5,7
30004,Скварлет,howling-fjord,480,rogue,assassination,12,5,7
30005,Anhduy,blackrock,480,rogue,assassination,12,5,7
30006,Exiv,ragnaros,480,rogue,assassination,12,5,7
30007,Рэкрейвон,gordunni,480,rogue,assassination,12,5,7
30008,Kenjí,silvermoon,480,rogue,assassination,18,5,13
30009,Featfawkes,ragnaros,480,rogue,assassination,18,5,13
30010,Аязлаая,blackscar,480,rogue,assassination,18,5,13
30011,Ambushgirl,ravencrest,480,rogue,assassination,18,5,13
30012,Exanimu,ravencrest,480,rogue,assassination,18,5,13
30013,Waltër,tyrande,480,rogue,assassination,18,5,13
30014,Wrathed,stormreaver,480,rogue,assassination,18,5,13
30015,Republicano,cthun,480,rogue,assassination,18,5,13
30016,Stealthi,stormscale,480,rogue,assassination,18,5,13
30017,Vizifyx,ravencrest,480,rogue,assassination,24,5,19
30018,Finisher,sanguino,479,rogue,assassination,6,5,1
30019,Хэресс,soulflayer,479,rogue,assassination,6,5,1
30020,Leÿji,archimonde,479,rogue,assassination,12,5,7
30021,Nargun,archimonde,479,rogue,assassination,12,5,7
30022,Shadowfangs,ravencrest,479,rogue,assassination,12,5,7
30023,Jimzopf,eredar,479,rogue,assassination,12,5,7
30024,Imissmop,darkspear,479,rogue,assassination,18,5,13
30025,Astefion,dalaran,479,rogue,assassination,24,5,19
30026,Jacksoon,dun-morogh,477,rogue,assassination,18,5,13
30027,Razboy,dun-morogh,475,rogue,assassination,12,5,7
30028,Owlcat,argent-dawn,475,rogue,assassination,12,5,7
30029,Rossaporcona,nemesis,475,rogue,assassination,24,5,19
30030,Blackone,nemesis,473,rogue,assassination,18,5,13
30031,Liøø,antonidas,447,rogue,assassination,11,5,6
30032,Deevoll,tarren-mill,447,rogue,assassination,20,6,14
30033,Bhabì,uldaman,431,rogue,assassination,11,5,6
30034,Rhâpsødýx,twisting-nether,426,rogue,assassination,14,6,8
30035,Refundlands,kazzak,426,rogue,assassination,15,6,9
30036,Mâêl,blackmoore,426,rogue,assassination,16,6,10
30037,Bluehell,sanguino,415,rogue,assassination,10,5,5
30038,Døpegame,ravencrest,400,rogue,assassination,13,5,8
30039,Zzippi,blackmoore,399,rogue,assassination,13,5,8
30040,Mouchess,hyjal,384,rogue,assassination,6,4,2
30041,Mituxararr,blackrock,384,rogue,assassination,6,4,2
30042,Красаа,soulflayer,384,rogue,assassination,6,4,2
30043,Дикийминус,howling-fjord,384,rogue,assassination,6,4,2
30044,Eltitoedu,dun-modr,384,rogue,assassination,6,4,2
30045,Backstabjr,blackmoore,384,rogue,assassination,6,4,2
30046,Sayianwho,ravencrest,384,rogue,assassination,6,4,2
30047,Мёртвыйанарх,soulflayer,384,rogue,assassination,6,4,2
30048,Whosmanz,ragnaros,384,rogue,assassination,6,4,2
30049,Sîccarîus,ravencrest,384,rogue,assassination,6,4,2
30050,Путьказаха,gordunni,384,rogue,assassination,6,4,2
30051,Ebayscammer,ravencrest,384,rogue,assassination,6,4,2
30052,Parawietje,twilights-hammer,384,rogue,assassination,6,4,2
30053,Meccura,silvermoon,384,rogue,assassination,6,4,2
30054,Биокарлик,soulflayer,384,rogue,assassination,6,4,2
30055,Nineball,frostmane,384,rogue,assassination,6,4,2
30056,Mïkasa,ysondre,384,rogue,assassination,6,4,2
30057,Gâla,elune,384,rogue,assassination,6,4,2
30058,Painkeeper,stormscale,384,rogue,assassination,6,4,2
30059,Obstechhawi,argent-dawn,384,rogue,assassination,6,4,2
30060,Tyranoxoth,stormscale,384,rogue,assassination,6,4,2
30061,Tebzr,ravencrest,384,rogue,assassination,6,4,2
30062,Zerfex,eredar,384,rogue,assassination,6,4,2
30063,Brñ,ravencrest,384,rogue,assassination,6,4,2
30064,Fûckínggød,outland,384,rogue,assassination,6,4,2
30065,Barkai,kazzak,384,rogue,assassination,12,4,8
30066,Kallelelel,tarren-mill,384,rogue,assassination,12,4,8
30067,Juxtapose,ravencrest,384,rogue,assassination,12,4,8
30068,Noxxy,archimonde,384,rogue,assassination,12,4,8
30069,Givilwtf,eredar,384,rogue,assassination,12,4,8
30070,Meimei,sanguino,384,rogue,assassination,12,4,8
30071,Fálke,dun-modr,384,rogue,assassination,12,4,8
30072,Paidaki,kazzak,384,rogue,assassination,12,4,8
30073,Гранетанцор,blackscar,384,rogue,assassination,12,4,8
30074,Mtb,ravencrest,384,rogue,assassination,12,4,8
30075,Kïdney,stormscale,384,rogue,assassination,12,4,8
30076,Röguetönerö,dun-modr,384,rogue,assassination,12,4,8
30077,Sharkøo,eredar,384,rogue,assassination,12,4,8
30078,Stepbrogue,tarren-mill,384,rogue,assassination,12,4,8
30079,Feucht,argent-dawn,384,rogue,assassination,12,4,8
30080,Crimatoria,rajaxx,384,rogue,assassination,12,4,8
30081,Bijâ,aegwynn,384,rogue,assassination,12,4,8
30082,Галиновна,soulflayer,384,rogue,assassination,12,4,8
30083,Norpz,aggra-português,384,rogue,assassination,12,4,8
30084,Izzyb,auchindoun,384,rogue,assassination,12,4,8
30085,Achterom,tarren-mill,384,rogue,assassination,12,4,8
30086,Wééselby,blackrock,384,rogue,assassination,12,4,8
30087,Ryxon,arathor,384,rogue,assassination,12,4,8
30088,Ра,gordunni,384,rogue,assassination,12,4,8
30089,Stepkickgodx,blackmoore,384,rogue,assassination,12,4,8
30090,Shènz,ysondre,384,rogue,assassination,12,4,8
30091,Darkchomeur,archimonde,384,rogue,assassination,12,4,8
30092,Honeycakes,ravencrest,384,rogue,assassination,12,4,8
30093,Ddhelpra,blackrock,384,rogue,assassination,12,4,8
30094,Doomdagger,chamber-of-aspects,384,rogue,assassination,12,4,8
30095,Zerö,tarren-mill,384,rogue,assassination,18,4,14
30096,Ibizà,ravencrest,384,rogue,assassination,18,4,14
30097,Gorgeousréd,aegwynn,384,rogue,assassination,18,4,14
30098,Sythex,archimonde,384,rogue,assassination,18,4,14
30099,Лайнэл,deathweaver,384,rogue,assassination,18,4,14
30100,Saboteur,antonidas,384,rogue,assassination,18,4,14
30101,Vexedancer,stormscale,383,rogue,assassination,6,4,2
30102,Opiïum,ysondre,383,rogue,assassination,6,4,2
30103,Elysm,stormscale,383,rogue,assassination,6,4,2
30104,Algopyrin,ragnaros,383,rogue,assassination,12,4,8
30105,Obbexd,outland,383,rogue,assassination,12,4,8
30106,Töbïï,sylvanas,383,rogue,assassination,12,4,8
30107,Sæqq,blackmoore,383,rogue,assassination,12,4,8
30108,Kyzzo,dalaran,383,rogue,assassination,12,4,8
30109,Twinkyzzö,archimonde,382,rogue,assassination,12,4,8
30110,Pumpy,blades-edge,381,rogue,assassination,12,4,8
30111,Møkkagnom,darkspear,381,rogue,assassination,12,4,8
30112,Easy,kult-der-verdammten,376,rogue,assassination,18,4,14
30113,Stealtheous,arathor,367,rogue,assassination,11,4,7
30114,Стронг,soulflayer,352,rogue,assassination,10,4,6
30115,Stælf,argent-dawn,352,rogue,assassination,16,4,12
30116,Lilbubblegum,emerald-dream,351,rogue,assassination,11,4,7
30117,Клозо,galakrond,351,rogue,assassination,17,4,13
30118,Морзо,howling-fjord,351,rogue,assassination,17,4,13
30119,Voraq,blackhand,350,rogue,assassination,11,4,7
30120,Bamboozledx,draenor,319,rogue,assassination,5,4,1
30121,Fz,chants-éternels,319,rogue,assassination,16,5,11
30122,Jupezii,stormreaver,288,rogue,assassination,6,3,3
30123,Tasster,frostwolf,288,rogue,assassination,6,3,3
30124,Luciferx,stormscale,288,rogue,assassination,6,3,3
30125,Stroògz,ysondre,288,rogue,assassination,6,3,3
30126,Mordred,stormscale,288,rogue,assassination,6,3,3
30127,Illmindofboo,twisting-nether,288,rogue,assassination,6,3,3
30128,Nevazutu,twisting-nether,288,rogue,assassination,6,3,3
30129,Smorcoolio,stormscale,288,rogue,assassination,6,3,3
30130,Котянкахд,howling-fjord,288,rogue,assassination,6,3,3
30131,Охотникведьм,soulflayer,288,rogue,assassination,6,3,3
30132,Lämä,stormreaver,288,rogue,assassination,6,3,3
30133,Ракфорн,howling-fjord,288,rogue,assassination,6,3,3
30134,Nezukóchan,ravencrest,288,rogue,assassination,6,3,3
30135,Keexy,ravencrest,288,rogue,assassination,6,3,3
30136,Zigaretz,ravencrest,288,rogue,assassination,6,3,3
30137,Lïhtêñßërg,ravencrest,288,rogue,assassination,6,3,3
30138,Rodént,argent-dawn,288,rogue,assassination,6,3,3
30139,Myxx,ravencrest,288,rogue,assassination,6,3,3
30140,Gitguduwu,tarren-mill,288,rogue,assassination,6,3,3
30141,Зорго,deathguard,288,rogue,assassination,6,3,3
30142,Stealthyist,darkmoon-faire,288,rogue,assassination,6,3,3
30143,Labronka,sanguino,288,rogue,assassination,6,3,3
30144,Artyzoo,tarren-mill,288,rogue,assassination,6,3,3
30145,Erdin,ravencrest,288,rogue,assassination,6,3,3
30146,Reaventis,ravencrest,288,rogue,assassination,6,3,3
30147,Sâtýr,ravencrest,288,rogue,assassination,6,3,3
30148,Laojin,kiljaeden,288,rogue,assassination,6,3,3
30149,Brazi,dalaran,288,rogue,assassination,6,3,3
30150,Jsprxo,stormscale,288,rogue,assassination,6,3,3
30151,Nightnelly,archimonde,288,rogue,assassination,6,3,3
30152,Redcutter,silvermoon,288,rogue,assassination,6,3,3
30153,Некролз,gordunni,288,rogue,assassination,6,3,3
30154,Langneurr,archimonde,288,rogue,assassination,6,3,3
30155,Xãwé,kazzak,288,rogue,assassination,6,3,3
30156,Lättja,hyjal,288,rogue,assassination,6,3,3
30157,Sussulto,nemesis,288,rogue,assassination,6,3,3
30158,Tiazx,outland,288,rogue,assassination,6,3,3
30159,Ocklol,archimonde,288,rogue,assassination,11,3,8
30160,Psybelette,khaz-modan,288,rogue,assassination,15,4,11
30161,Madisonivyqt,blackmoore,288,rogue,assassination,12,3,9
30162,Kyropth,eredar,288,rogue,assassination,12,3,9
30163,Mindset,eredar,288,rogue,assassination,12,3,9
30164,Bumaqt,silvermoon,288,rogue,assassination,12,3,9
30165,Hersuub,blackmoore,288,rogue,assassination,12,3,9
30166,Netreck,dun-modr,288,rogue,assassination,12,3,9
30167,Teldã,archimonde,288,rogue,assassination,12,3,9
30168,Nezuko,gilneas,288,rogue,assassination,12,3,9
30169,Horvathzu,ravencrest,288,rogue,assassination,12,3,9
30170,Ryurfy,archimonde,288,rogue,assassination,12,3,9
30171,Eriksonn,drakthul,288,rogue,assassination,12,3,9
30172,Курога,howling-fjord,288,rogue,assassination,12,3,9
30173,Fushimi,ravencrest,288,rogue,assassination,12,3,9
30174,Zeiden,sanguino,288,rogue,assassination,12,3,9
30175,Sickko,stormscale,288,rogue,assassination,12,3,9
30176,Smokeyx,outland,288,rogue,assassination,12,3,9
30177,Persës,outland,288,rogue,assassination,12,3,9
30178,Gløck,die-aldor,288,rogue,assassination,12,3,9
30179,Drillss,ravencrest,288,rogue,assassination,22,4,18
30180,Memphismp,drakthul,288,rogue,assassination,18,3,15
30181,Jáyjay,antonidas,288,rogue,assassination,18,3,15
30182,Yubleeding,kazzak,287,rogue,assassination,6,3,3
30183,Willin,kazzak,287,rogue,assassination,6,3,3
30184,Killboom,rexxar,287,rogue,assassination,6,3,3
30185,Гламурятина,gordunni,287,rogue,assassination,6,3,3
30186,Sïdr,marécage-de-zangar,287,rogue,assassination,6,3,3
30187,Vendox,defias-brotherhood,287,rogue,assassination,12,3,9
30188,Nastyrogue,burning-legion,287,rogue,assassination,12,3,9
30189,Krymziàâ,hyjal,287,rogue,assassination,18,3,15
30190,Фоксивнир,soulflayer,286,rogue,assassination,6,3,3
30191,Twotimess,stormscale,286,rogue,assassination,6,3,3
30192,Clapslap,blackmoore,286,rogue,assassination,6,3,3
30193,Ecilaa,conseil-des-ombres,285,rogue,assassination,12,3,9
30194,Verbb,turalyon,284,rogue,assassination,12,3,9
30195,Jumbovanish,tarren-mill,271,rogue,assassination,12,4,8
30196,Layson,les-clairvoyants,271,rogue,assassination,11,3,8
30197,Blckrogue,bloodfeather,240,rogue,assassination,9,3,6
30198,Alpinestars,dun-modr,239,rogue,assassination,5,3,2
30199,Starkad,archimonde,239,rogue,assassination,5,3,2
30200,Kebabgodx,sanguino,223,rogue,assassination,8,3,5
30201,Лунари,blackscar,192,rogue,assassination,6,2,4
30202,Китей,howling-fjord,192,rogue,assassination,6,2,4
30203,Garou,blackhand,192,rogue,assassination,6,2,4
30204,Droomprins,stormscale,192,rogue,assassination,6,2,4
30205,Bloodwraith,stormscale,192,rogue,assassination,6,2,4
30206,Rãz,stormscale,192,rogue,assassination,6,2,4
30207,Люняшка,booty-bay,192,rogue,assassination,6,2,4
30208,Redork,twisting-nether,192,rogue,assassination,6,2,4
30209,Хемофилия,grom,192,rogue,assassination,6,2,4
30210,Хулиганнчег,galakrond,192,rogue,assassination,6,2,4
30211,Mallaurya,dalaran,192,rogue,assassination,6,2,4
30212,Кашеварить,gordunni,192,rogue,assassination,6,2,4
30213,Warbell,stormscale,192,rogue,assassination,6,2,4
30214,Zyphion,ragnaros,192,rogue,assassination,6,2,4
30215,Сильфитт,gordunni,192,rogue,assassination,6,2,4
30216,Maxrizzx,ravencrest,192,rogue,assassination,6,2,4
30217,Саулите,deathguard,192,rogue,assassination,6,2,4
30218,Hideout,ravencrest,192,rogue,assassination,6,2,4
30219,Sanzsa,ravencrest,192,rogue,assassination,6,2,4
30220,Habba,dragonblight,192,rogue,assassination,6,2,4
30221,Ðelvin,dalaran,192,rogue,assassination,6,2,4
30222,Сабстрайк,soulflayer,192,rogue,assassination,6,2,4
30223,Althieves,ravencrest,192,rogue,assassination,6,2,4
30224,Hardkølle,ravencrest,192,rogue,assassination,6,2,4
30225,Аренатрюки,soulflayer,192,rogue,assassination,6,2,4
30226,Jonewrld,ravencrest,192,rogue,assassination,6,2,4
30227,Нойсеен,gordunni,192,rogue,assassination,6,2,4
30228,Synexo,sylvanas,192,rogue,assassination,6,2,4
30229,Katara,antonidas,192,rogue,assassination,6,2,4
30230,Schníttchen,antonidas,192,rogue,assassination,6,2,4
30231,Noilek,sylvanas,192,rogue,assassination,6,2,4
30232,Tofix,tarren-mill,192,rogue,assassination,6,2,4
30233,Brazzersx,antonidas,192,rogue,assassination,6,2,4
30234,Xeggy,turalyon,192,rogue,assassination,6,2,4
30235,Shúrae,blackmoore,192,rogue,assassination,6,2,4
30236,Rearmer,burning-legion,192,rogue,assassination,6,2,4
30237,Ikaze,kazzak,192,rogue,assassination,6,2,4
30238,Niagram,dun-modr,192,rogue,assassination,6,2,4
30239,Highz,zenedar,192,rogue,assassination,6,2,4
30240,Naí,zuljin,192,rogue,assassination,6,2,4
30241,Gane,sanguino,192,rogue,assassination,6,2,4
30242,Maedyv,magtheridon,192,rogue,assassination,6,2,4
30243,Helcof,emerald-dream,192,rogue,assassination,6,2,4
30244,Sokillu,silvermoon,192,rogue,assassination,6,2,4
30245,Yanlu,ysondre,192,rogue,assassination,6,2,4
30246,Gigarogue,defias-brotherhood,192,rogue,assassination,6,2,4
30247,Vessel,tarren-mill,192,rogue,assassination,6,2,4
30248,Reáper,frostwolf,192,rogue,assassination,6,2,4
30249,Kikitaklk,uldum,192,rogue,assassination,6,2,4
30250,Zømbië,kazzak,192,rogue,assassination,6,2,4
30251,Xanyy,bloodfeather,192,rogue,assassination,6,2,4
30252,Isucu,burning-legion,192,rogue,assassination,6,2,4
30253,Diliu,doomhammer,192,rogue,assassination,6,2,4
30254,Saix,blackrock,192,rogue,assassination,6,2,4
30255,Mobrac,silvermoon,192,rogue,assassination,6,2,4
30256,Næylá,kult-der-verdammten,192,rogue,assassination,6,2,4
30257,Sycko,alakir,192,rogue,assassination,6,2,4
30258,Bórgós,blackrock,192,rogue,assassination,6,2,4
30259,Díddz,tarren-mill,192,rogue,assassination,6,2,4
30260,Oczku,burning-legion,192,rogue,assassination,6,2,4
30261,Eazmode,outland,192,rogue,assassination,6,2,4
30262,Grüeßseebach,todeswache,192,rogue,assassination,6,2,4
30263,Ichiegoichie,draenor,192,rogue,assassination,6,2,4
30264,Redrumx,outland,192,rogue,assassination,6,2,4
30265,Halucinogeno,silvermoon,192,rogue,assassination,6,2,4
30266,Edaniel,draenor,192,rogue,assassination,6,2,4
30267,Ghøstkid,blackrock,192,rogue,assassination,6,2,4
30268,Henlh,turalyon,192,rogue,assassination,6,2,4
30269,Nudelholz,blackrock,192,rogue,assassination,6,2,4
30270,Fälke,dun-modr,192,rogue,assassination,6,2,4
30271,Tinta,aszune,192,rogue,assassination,6,2,4
30272,Bangerstab,draenor,192,rogue,assassination,6,2,4
30273,Xanders,draenor,192,rogue,assassination,6,2,4
30274,Vezinia,ravencrest,192,rogue,assassination,12,2,10
30275,Sheyrrà,aegwynn,192,rogue,assassination,12,2,10
30276,Neirdà,hyjal,192,rogue,assassination,12,2,10
30277,Mingzhu,ravencrest,192,rogue,assassination,12,2,10
30278,Azzmodia,aegwynn,192,rogue,assassination,12,2,10
30279,Romiel,ravencrest,192,rogue,assassination,12,2,10
30280,Лэйкиро,gordunni,192,rogue,assassination,12,2,10
30281,Винерджи,gordunni,192,rogue,assassination,12,2,10
30282,Cacucoxpahu,kazzak,192,rogue,assassination,12,2,10
30283,Sneakzy,sylvanas,192,rogue,assassination,12,2,10
30284,Hitogoroshi,hyjal,192,rogue,assassination,12,2,10
30285,Coopér,argent-dawn,192,rogue,assassination,18,2,16
30286,Hanzo,vashj,192,rogue,assassination,18,2,16
30287,Токссиси,gordunni,191,rogue,assassination,6,2,4
30288,Nhot,kazzak,191,rogue,assassination,6,2,4
30289,Drexxo,drakthul,191,rogue,assassination,6,2,4
30290,Eljana,amanthul,185,rogue,assassination,14,4,10
30291,Icyicé,kazzak,175,rogue,assassination,11,2,9
30292,Sanzoo,blackmoore,175,rogue,assassination,11,2,9
30293,Элиссенда,deathguard,159,rogue,assassination,5,2,3
30294,Nÿst,khaz-modan,159,rogue,assassination,11,2,9
30295,Ilrunne,silvermoon,144,rogue,assassination,3,3,0
30296,Arathir,ravencrest,138,rogue,assassination,9,3,6
30297,Shâdowfreeze,onyxia,138,rogue,assassination,22,4,18
30298,Knockyz,khaz-modan,135,rogue,assassination,13,3,10
30299,Зайт,howling-fjord,126,rogue,assassination,8,2,6
30300,Mythmatical,tarren-mill,96,rogue,assassination,3,2,1
30301,Ynohtna,blackhand,96,rogue,assassination,3,2,1
30302,Totentánz,silvermoon,96,rogue,assassination,9,2,7
30303,Msrogue,eredar,96,rogue,assassination,6,1,5
30304,Møtivate,ragnaros,96,rogue,assassination,6,1,5
30305,Кейнилин,gordunni,96,rogue,assassination,6,1,5
30306,Rasponi,ragnaros,96,rogue,assassination,6,1,5
30307,Sly,emerald-dream,96,rogue,assassination,6,1,5
30308,Hallowéén,turalyon,96,rogue,assassination,6,1,5
30309,Wøølfgang,archimonde,96,rogue,assassination,6,1,5
30310,Ønlylovcindy,drekthar,96,rogue,assassination,6,1,5
30311,Invisage,grim-batol,96,rogue,assassination,6,1,5
30312,Royalflüx,grim-batol,96,rogue,assassination,6,1,5
30313,Shåkø,tarren-mill,96,rogue,assassination,6,1,5
30314,Myk,xavius,96,rogue,assassination,6,1,5
30315,Ogc,draenor,96,rogue,assassination,6,1,5
30316,Sbx,alakir,96,rogue,assassination,6,1,5
30317,Pfaded,steamwheedle-cartel,96,rogue,assassination,6,1,5
30318,Finfcyn,burning-legion,96,rogue,assassination,6,1,5
30319,Nesä,hyjal,96,rogue,assassination,6,1,5
30320,Ðiè,frostmane,96,rogue,assassination,6,1,5
30321,Kilabre,twisting-nether,96,rogue,assassination,6,1,5
30322,Janx,aegwynn,96,rogue,assassination,6,1,5
30323,Chøsen,stormscale,96,rogue,assassination,6,1,5
30324,Deceptionz,ravencrest,96,rogue,assassination,6,1,5
30325,Hendrikske,aggramar,96,rogue,assassination,6,1,5
30326,Yamoshí,sanguino,96,rogue,assassination,6,1,5
30327,Roronao,sanguino,96,rogue,assassination,6,1,5
30328,Azotix,archimonde,96,rogue,assassination,6,1,5
30329,Takiya,ysondre,96,rogue,assassination,6,1,5
30330,Vanisshh,hyjal,96,rogue,assassination,6,1,5
30331,Flêxô,antonidas,96,rogue,assassination,6,1,5
30332,Asmodal,antonidas,96,rogue,assassination,6,1,5
30333,Yörgs,eredar,96,rogue,assassination,6,1,5
30334,Penetrantos,eredar,96,rogue,assassination,6,1,5
30335,Jáckz,twisting-nether,96,rogue,assassination,6,1,5
30336,Thiranor,cthun,96,rogue,assassination,6,1,5
30337,Zajii,eredar,96,rogue,assassination,6,1,5
30338,Kronin,arakarahm,96,rogue,assassination,6,1,5
30339,Ohmydotz,archimonde,96,rogue,assassination,6,1,5
30340,Ñavy,archimonde,96,rogue,assassination,6,1,5
30341,Mekóz,draenor,96,rogue,assassination,6,1,5
30342,Missàh,archimonde,96,rogue,assassination,6,1,5
30343,Chokee,blackrock,96,rogue,assassination,6,1,5
30344,Hanteran,magtheridon,96,rogue,assassination,6,1,5
30345,Трисися,gordunni,96,rogue,assassination,6,1,5
30346,Ристоврация,gordunni,96,rogue,assassination,6,1,5
30347,Dravenfoot,defias-brotherhood,96,rogue,assassination,6,1,5
30348,Frequenzalfa,silvermoon,96,rogue,assassination,6,1,5
30349,Kenko,aerie-peak,96,rogue,assassination,6,1,5
30350,Рестинписер,soulflayer,96,rogue,assassination,6,1,5
30351,Метаболикх,gordunni,96,rogue,assassination,6,1,5
30352,Распяздяй,gordunni,96,rogue,assassination,7,1,6
30353,Мелеша,blackscar,96,rogue,assassination,12,1,11
30354,Роророл,gordunni,96,rogue,assassination,12,1,11
30355,Jawen,silvermoon,96,rogue,assassination,12,1,11
30356,Tybiereus,argent-dawn,96,rogue,assassination,12,1,11
30357,Altaár,dun-modr,96,rogue,assassination,12,1,11
30358,Kyoukaî,archimonde,96,rogue,assassination,12,1,11
30359,Xlongman,blackhand,96,rogue,assassination,12,1,11
30360,Barbuniarz,shadowsong,96,rogue,assassination,12,1,11
30361,Hâlya,hyjal,96,rogue,assassination,18,1,17
30362,Ravéñ,silvermoon,96,rogue,assassination,24,1,23
30363,Snikrot,karazhan,95,rogue,assassination,6,1,5
30364,Belina,draenor,95,rogue,assassination,6,1,5
30365,Elvís,chamber-of-aspects,95,rogue,assassination,6,1,5
30366,Медиивэл,deepholm,79,rogue,assassination,5,1,4
30367,Trashcarlitâ,eredar,79,rogue,assassination,5,1,4
30368,Nià,argent-dawn,79,rogue,assassination,5,1,4
30369,Maelithas,archimonde,79,rogue,assassination,11,1,10
30370,Vound,tarren-mill,64,rogue,assassination,4,1,3
30371,Elgande,stormrage,63,rogue,assassination,2,2,0
30372,Latscholol,malorne,42,rogue,assassination,12,3,9
30373,Kkraken,dalaran,41,rogue,assassination,10,2,8
30374,Дольчих,deathguard,2217,shaman,restoration,188,98,90
30375,Josë,twisting-nether,2146,shaman,restoration,131,71,60
30376,Shadrak,eredar,2123,shaman,restoration,84,46,38
30377,Терату,howling-fjord,2118,shaman,restoration,84,46,38
30378,Crnine,pozzo-delleternità,2112,shaman,restoration,75,49,26
30379,Benpai,eredar,2076,shaman,restoration,72,36,36
30380,Драгенхз,gordunni,2069,shaman,restoration,369,191,178
30381,Ultrahound,twisting-nether,2057,shaman,restoration,48,39,9
30382,Мефодийшаман,howling-fjord,2054,shaman,restoration,95,63,32
30383,Trashgame,kazzak,2050,shaman,restoration,66,36,30
30384,Джексобед,soulflayer,2026,shaman,restoration,132,69,63
30385,Chäväman,archimonde,2025,shaman,restoration,150,72,78
30386,Carlpeant,drakthul,2020,shaman,restoration,161,87,74
30387,Daretodream,blackrock,1996,shaman,restoration,53,29,24
30388,Lavalavalava,blackrock,1993,shaman,restoration,447,244,203
30389,Frshprn,hyjal,1982,shaman,restoration,90,51,39
30390,Jackypink,ragnaros,1968,shaman,restoration,189,96,93
30391,Bmbx,archimonde,1954,shaman,restoration,367,187,180
30392,Deepwithyou,blackhand,1953,shaman,restoration,153,83,70
30393,Epsylone,kazzak,1953,shaman,restoration,101,51,50
30394,Linkx,stormscale,1948,shaman,restoration,40,22,18
30395,Bytheway,aegwynn,1940,shaman,restoration,79,39,40
30396,Adroda,kazzak,1939,shaman,restoration,117,66,51
30397,Valko,hellfire,1931,shaman,restoration,42,27,15
30398,Lavelover,tarren-mill,1927,shaman,restoration,66,41,25
30399,Tallyx,ravencrest,1926,shaman,restoration,90,44,46
30400,Цукерок,soulflayer,1922,shaman,restoration,119,72,47
30401,Yararsiz,twisting-nether,1922,shaman,restoration,213,110,103
30402,Señordoge,kazzak,1917,shaman,restoration,54,28,26
30403,Skreewu,outland,1908,shaman,restoration,78,37,41
30404,Libanô,archimonde,1907,shaman,restoration,353,170,183
30405,Greggyb,twisting-nether,1904,shaman,restoration,48,27,21
30406,Natasz,burning-legion,1903,shaman,restoration,135,80,55
30407,Bobanrajovic,silvermoon,1898,shaman,restoration,42,28,14
30408,Cylantarus,blackrock,1896,shaman,restoration,89,52,37
30409,Трс,razuvious,1892,shaman,restoration,122,69,53
30410,Эоя,howling-fjord,1889,shaman,restoration,182,97,85
30411,Ripperdoc,stormreaver,1888,shaman,restoration,72,34,38
30412,Swineflowing,ysondre,1880,shaman,restoration,54,28,26
30413,Thunderrock,stormreaver,1880,shaman,restoration,211,102,109
30414,Mininini,ravencrest,1880,shaman,restoration,60,29,31
30415,Sèfìx,tarren-mill,1879,shaman,restoration,38,21,17
30416,Hugox,outland,1876,shaman,restoration,270,131,139
30417,Midgetfizzle,kazzak,1872,shaman,restoration,164,85,79
30418,Kïllard,archimonde,1872,shaman,restoration,80,40,40
30419,Кенкерх,gordunni,1871,shaman,restoration,84,38,46
30420,Timide,ravencrest,1870,shaman,restoration,48,28,20
30421,Rheax,tarren-mill,1868,shaman,restoration,60,27,33
30422,Ggnore,kazzak,1866,shaman,restoration,96,61,35
30423,Teldathree,archimonde,1866,shaman,restoration,101,54,47
30424,Owrly,stormscale,1866,shaman,restoration,136,65,71
30425,Zhull,ravencrest,1864,shaman,restoration,232,110,122
30426,Keenxd,burning-legion,1861,shaman,restoration,42,23,19
30427,Sentûn,blackrock,1861,shaman,restoration,121,61,60
30428,Louler,ragnaros,1860,shaman,restoration,124,69,55
30429,Онеоне,deathweaver,1858,shaman,restoration,59,35,24
30430,Wíllz,ravencrest,1858,shaman,restoration,54,29,25
30431,Yachiru,sylvanas,1854,shaman,restoration,73,59,14
30432,Sinzzu,ragnaros,1852,shaman,restoration,199,102,97
30433,Swkx,dun-modr,1848,shaman,restoration,58,34,24
30434,Sugarfreé,ragnaros,1848,shaman,restoration,48,26,22
30435,Zaru,sanguino,1846,shaman,restoration,63,31,32
30436,Kisshots,the-maelstrom,1844,shaman,restoration,78,40,38
30437,Cæsífer,blackrock,1844,shaman,restoration,72,32,40
30438,Helloiamdoni,ravencrest,1843,shaman,restoration,101,63,38
30439,Fufupartyxx,blackrock,1840,shaman,restoration,54,32,22
30440,Cherepaha,stormscale,1838,shaman,restoration,70,32,38
30441,Кодитян,gordunni,1837,shaman,restoration,60,30,30
30442,Centralc,twisting-nether,1833,shaman,restoration,41,26,15
30443,Inspektør,kazzak,1833,shaman,restoration,59,37,22
30444,Fotmherøqtx,ravencrest,1832,shaman,restoration,96,51,45
30445,Shiranoye,blackrock,1831,shaman,restoration,120,65,55
30446,Jawje,tarren-mill,1831,shaman,restoration,102,49,53
30447,Shamuunn,ravencrest,1830,shaman,restoration,54,28,26
30448,Sethrøllins,hyjal,1829,shaman,restoration,114,53,61
30449,Fitnessdavid,ravencrest,1826,shaman,restoration,53,29,24
30450,Askagain,sylvanas,1825,shaman,restoration,52,28,24
30451,Zergønk,ravencrest,1824,shaman,restoration,42,28,14
30452,Bladeyx,ragnaros,1824,shaman,restoration,207,117,90
30453,Lunarsloths,hyjal,1823,shaman,restoration,48,28,20
30454,Bezixx,ravencrest,1823,shaman,restoration,192,111,81
30455,Asynchund,ravencrest,1821,shaman,restoration,42,26,16
30456,Nickygodx,stormscale,1819,shaman,restoration,54,27,27
30457,Светшамка,howling-fjord,1817,shaman,restoration,30,19,11
30458,Вишняблэйз,soulflayer,1817,shaman,restoration,59,31,28
30459,Shamrockx,outland,1816,shaman,restoration,83,42,41
30460,Sûckmytotem,ragnaros,1815,shaman,restoration,72,35,37
30461,Meöw,nemesis,1813,shaman,restoration,232,120,112
30462,Shockmelone,blackrock,1812,shaman,restoration,84,45,39
30463,Carpetmaster,ragnaros,1812,shaman,restoration,51,27,24
30464,Нойзблок,gordunni,1811,shaman,restoration,36,19,17
30465,Tidepog,ravencrest,1810,shaman,restoration,60,28,32
30466,Remony,pozzo-delleternità,1808,shaman,restoration,128,83,45
30467,Fuzzynuts,ravencrest,1808,shaman,restoration,132,74,58
30468,Yannkee,ravencrest,1808,shaman,restoration,48,24,24
30469,Gargro,kazzak,1808,shaman,restoration,89,42,47
30470,Nokster,twisting-nether,1806,shaman,restoration,84,60,24
30471,Voodoonerd,twisting-nether,1803,shaman,restoration,47,24,23
30472,Neou,archimonde,1803,shaman,restoration,54,27,27
30473,Luckymê,blackrock,1802,shaman,restoration,51,27,24
30474,Милфшама,blackscar,1802,shaman,restoration,239,123,116
30475,Stensham,stormreaver,1801,shaman,restoration,48,28,20
30476,Kiansham,silvermoon,1801,shaman,restoration,47,26,21
30477,Rckfeller,burning-legion,1801,shaman,restoration,60,31,29
30478,Squixi,tarren-mill,1799,shaman,restoration,60,33,27
30479,Tentacruel,sylvanas,1798,shaman,restoration,79,53,26
30480,Killrogge,kazzak,1794,shaman,restoration,25,22,3
30481,Phaynozx,cthun,1790,shaman,restoration,90,38,52
30482,Aciel,magtheridon,1788,shaman,restoration,48,35,13
30483,Vivaldi,varimathras,1785,shaman,restoration,38,19,19
30484,Hexe,kazzak,1783,shaman,restoration,75,32,43
30485,Awcchampion,stormscale,1779,shaman,restoration,257,144,113
30486,Holytidezx,aegwynn,1775,shaman,restoration,40,26,14
30487,Szellento,darksorrow,1769,shaman,restoration,96,47,49
30488,Johncoltrane,archimonde,1768,shaman,restoration,126,78,48
30489,Bstr,frostmane,1763,shaman,restoration,60,30,30
30490,Ihealbro,blackrock,1762,shaman,restoration,66,41,25
30491,Kreamcake,bladefist,1759,shaman,restoration,126,56,70
30492,Windfúhrèr,tarren-mill,1759,shaman,restoration,60,26,34
30493,Wernøz,archimonde,1755,shaman,restoration,68,28,40
30494,Westide,conseil-des-ombres,1754,shaman,restoration,42,21,21
30495,Turboeddy,blackmoore,1750,shaman,restoration,67,44,23
30496,Learningsham,destromath,1749,shaman,restoration,48,29,19
30497,Vajaele,twisting-nether,1747,shaman,restoration,101,52,49
30498,Harmony,outland,1746,shaman,restoration,30,22,8
30499,Kraksham,ravencrest,1745,shaman,restoration,112,60,52
30500,Eurocad,draenor,1744,shaman,restoration,36,21,15
30501,Purgeluxe,aegwynn,1740,shaman,restoration,59,32,27
30502,Hexewar,kazzak,1740,shaman,restoration,77,39,38
30503,Donv,blackmoore,1739,shaman,restoration,42,26,16
30504,Rottulos,stormrage,1739,shaman,restoration,65,35,30
30505,Shamidrak,eredar,1739,shaman,restoration,48,25,23
30506,Somethingnew,azuremyst,1739,shaman,restoration,52,25,27
30507,Ixxmre,blackrock,1738,shaman,restoration,173,93,80
30508,Waramors,eredar,1738,shaman,restoration,125,62,63
30509,Machmacan,argent-dawn,1735,shaman,restoration,86,47,39
30510,Nübs,aegwynn,1735,shaman,restoration,95,43,52
30511,Kalypsø,arthas,1734,shaman,restoration,60,30,30
30512,Korvsnärten,outland,1734,shaman,restoration,77,37,40
30513,Чинанрук,howling-fjord,1731,shaman,restoration,113,57,56
30514,Tùiðhânâ,ravencrest,1730,shaman,restoration,107,58,49
30515,Jíkkz,aegwynn,1729,shaman,restoration,66,32,34
30516,Darnast,draenor,1727,shaman,restoration,70,31,39
30517,Агентхолинки,gordunni,1726,shaman,restoration,24,18,6
30518,Bullezno,kazzak,1725,shaman,restoration,111,66,45
30519,Izir,archimonde,1725,shaman,restoration,54,24,30
30520,Arslos,twisting-nether,1723,shaman,restoration,30,24,6
30521,Sheargodx,blackmoore,1723,shaman,restoration,42,21,21
30522,Wess,archimonde,1722,shaman,restoration,36,18,18
30523,Snusy,stormscale,1722,shaman,restoration,36,18,18
30524,Morkyy,thrall,1721,shaman,restoration,38,19,19
30525,Mltx,twilights-hammer,1714,shaman,restoration,44,19,25
30526,Shamolili,stormscale,1713,shaman,restoration,108,52,56
30527,Lahey,draenor,1711,shaman,restoration,140,73,67
30528,Вавувоух,howling-fjord,1711,shaman,restoration,36,18,18
30529,Totembaws,blackmoore,1708,shaman,restoration,54,26,28
30530,Holytidez,aegwynn,1707,shaman,restoration,48,24,24
30531,Nizzarrathur,argent-dawn,1706,shaman,restoration,30,18,12
30532,Jelincic,ravencrest,1706,shaman,restoration,60,26,34
30533,Hydrolîc,blackrock,1705,shaman,restoration,66,36,30
30534,Connecting,hyjal,1704,shaman,restoration,39,21,18
30535,Incase,burning-legion,1701,shaman,restoration,53,30,23
30536,Ларкуш,howling-fjord,1701,shaman,restoration,118,61,57
30537,Unbrokeñ,stormscale,1701,shaman,restoration,41,18,23
30538,Thyroideus,argent-dawn,1700,shaman,restoration,198,115,83
30539,Мвнз,soulflayer,1700,shaman,restoration,54,22,32
30540,Variablelol,outland,1697,shaman,restoration,46,32,14
30541,Nestre,kazzak,1697,shaman,restoration,36,18,18
30542,Nêmônin,perenolde,1694,shaman,restoration,44,28,16
30543,Karakoram,ysondre,1694,shaman,restoration,131,68,63
30544,Igly,antonidas,1694,shaman,restoration,42,21,21
30545,Nellytko,aegwynn,1693,shaman,restoration,57,32,25
30546,Dóómhammer,jaedenar,1693,shaman,restoration,142,74,68
30547,Bâbbub,tarren-mill,1692,shaman,restoration,33,21,12
30548,Сорит,blackscar,1692,shaman,restoration,51,31,20
30549,Wacomtablet,kazzak,1690,shaman,restoration,24,18,6
30550,Dmgaddict,kazzak,1689,shaman,restoration,48,28,20
30551,Redomsh,stormreaver,1689,shaman,restoration,54,28,26
30552,Goeller,stormscale,1687,shaman,restoration,54,29,25
30553,Виелетта,gordunni,1684,shaman,restoration,30,18,12
30554,Phoenííx,twisting-nether,1684,shaman,restoration,305,149,156
30555,Djosershamy,draenor,1679,shaman,restoration,84,42,42
30556,Lexxthree,blackrock,1677,shaman,restoration,36,23,13
30557,Keisser,ravencrest,1674,shaman,restoration,48,26,22
30558,Mbembe,blackhand,1674,shaman,restoration,48,26,22
30559,Porkzzila,aggra-português,1671,shaman,restoration,60,34,26
30560,Skrewu,stormscale,1671,shaman,restoration,79,39,40
30561,Snickersx,blackrock,1670,shaman,restoration,78,46,32
30562,Кикподхвост,soulflayer,1670,shaman,restoration,54,26,28
30563,Wotan,ysondre,1669,shaman,restoration,54,32,22
30564,Palfe,khaz-modan,1669,shaman,restoration,118,56,62
30565,Sérx,sanguino,1669,shaman,restoration,47,20,27
30566,Yakee,doomhammer,1668,shaman,restoration,50,25,25
30567,Reäz,archimonde,1665,shaman,restoration,42,21,21
30568,Héxdóctór,ravencrest,1664,shaman,restoration,86,48,38
30569,Bîlunder,arygos,1664,shaman,restoration,53,25,28
30570,Startdie,kazzak,1664,shaman,restoration,96,44,52
30571,Atwâ,ravencrest,1663,shaman,restoration,51,31,20
30572,Brandiløve,nemesis,1663,shaman,restoration,36,19,17
30573,Questionable,antonidas,1660,shaman,restoration,54,24,30
30574,Carlitosham,eredar,1657,shaman,restoration,50,19,31
30575,Fapmasterz,eredar,1656,shaman,restoration,48,23,25
30576,Mamacitá,eredar,1656,shaman,restoration,377,178,199
30577,Мвнзх,gordunni,1656,shaman,restoration,54,24,30
30578,Rexatar,blackrock,1655,shaman,restoration,120,67,53
30579,Hypéra,kazzak,1655,shaman,restoration,156,84,72
30580,Thald,ragnaros,1653,shaman,restoration,90,56,34
30581,Рамаксбосс,gordunni,1651,shaman,restoration,36,22,14
30582,Maestralink,aegwynn,1651,shaman,restoration,35,20,15
30583,Ðenlos,destromath,1650,shaman,restoration,174,86,88
30584,Rapedtide,thrall,1650,shaman,restoration,78,34,44
30585,Crasherz,sanguino,1648,shaman,restoration,75,44,31
30586,Prizærn,tarren-mill,1647,shaman,restoration,96,44,52
30587,Shamandoino,wildhammer,1644,shaman,restoration,198,91,107
30588,Allysidewtf,archimonde,1642,shaman,restoration,34,23,11
30589,Bonshaman,ahnqiraj,1642,shaman,restoration,120,55,65
30590,Coöld,archimonde,1640,shaman,restoration,36,19,17
30591,Jps,gorgonnash,1638,shaman,restoration,89,42,47
30592,Octon,dun-modr,1637,shaman,restoration,46,23,23
30593,Árés,sanguino,1635,shaman,restoration,42,22,20
30594,Rxs,thunderhorn,1635,shaman,restoration,54,28,26
30595,Aioñ,kazzak,1635,shaman,restoration,51,22,29
30596,Jenkem,hyjal,1632,shaman,restoration,42,20,22
30597,Pøwertoto,dalaran,1632,shaman,restoration,60,27,33
30598,Сладкийстас,soulflayer,1632,shaman,restoration,54,21,33
30599,Oldandslow,sylvanas,1631,shaman,restoration,42,21,21
30600,Invadé,stormscale,1630,shaman,restoration,30,17,13
30601,Elmie,outland,1629,shaman,restoration,30,17,13
30602,Shockair,frostwolf,1629,shaman,restoration,109,54,55
30603,Draáx,ravencrest,1628,shaman,restoration,30,19,11
30604,Elmezz,aggra-português,1628,shaman,restoration,30,17,13
30605,Bloodvaron,zuljin,1628,shaman,restoration,53,23,30
30606,Søtêx,ravencrest,1627,shaman,restoration,35,23,12
30607,Putzè,blackrock,1625,shaman,restoration,61,38,23
30608,Urshak,alleria,1624,shaman,restoration,30,20,10
30609,Xhanon,kazzak,1624,shaman,restoration,36,20,16
30610,Fersok,zuljin,1624,shaman,restoration,36,17,19
30611,Labûche,chogall,1623,shaman,restoration,36,24,12
30612,Indeed,frostmourne,1623,shaman,restoration,42,24,18
30613,Atomstrom,frostwolf,1621,shaman,restoration,62,34,28
30614,Инкуль,howling-fjord,1621,shaman,restoration,42,20,22
30615,Hexmeqt,frostwolf,1619,shaman,restoration,107,59,48
30616,Tether,twisting-nether,1619,shaman,restoration,48,26,22
30617,Wåvex,archimonde,1619,shaman,restoration,42,22,20
30618,Тубалкайн,soulflayer,1619,shaman,restoration,36,17,19
30619,Shman,blackrock,1618,shaman,restoration,58,39,19
30620,Sanamaxx,colinas-pardas,1618,shaman,restoration,56,31,25
30621,Тафельшпиц,soulflayer,1617,shaman,restoration,40,18,22
30622,Torxii,antonidas,1616,shaman,restoration,93,53,40
30623,Earthhulk,thrall,1615,shaman,restoration,89,52,37
30624,Velkin,thrall,1615,shaman,restoration,141,76,65
30625,Maelynda,argent-dawn,1614,shaman,restoration,42,18,24
30626,Urzza,stormscale,1611,shaman,restoration,24,20,4
30627,Makkalisse,kazzak,1609,shaman,restoration,24,17,7
30628,Upisi,burning-legion,1609,shaman,restoration,84,42,42
30629,Blowlips,argent-dawn,1609,shaman,restoration,42,17,25
30630,Faridstreng,blackmoore,1607,shaman,restoration,58,30,28
30631,Reitar,burning-blade,1607,shaman,restoration,72,29,43
30632,Ezilol,blackhand,1606,shaman,restoration,77,46,31
30633,Denastyo,nemesis,1605,shaman,restoration,83,44,39
30634,Хужик,gordunni,1604,shaman,restoration,36,21,15
30635,Blowxd,aegwynn,1604,shaman,restoration,134,75,59
30636,Xtremeshaman,blackmoore,1604,shaman,restoration,42,22,20
30637,Schamaster,antonidas,1604,shaman,restoration,120,59,61
30638,Khroni,tarren-mill,1602,shaman,restoration,66,35,31
30639,Agnøt,khaz-modan,1601,shaman,restoration,42,26,16
30640,Zorcs,silvermoon,1600,shaman,restoration,177,89,88
30641,Whiskiy,kazzak,1598,shaman,restoration,26,18,8
30642,Lechii,stormscale,1598,shaman,restoration,95,51,44
30643,Martuscielöl,drakthul,1598,shaman,restoration,88,32,56
30644,Jawj,tarren-mill,1597,shaman,restoration,53,19,34
30645,Mjukiz,tarren-mill,1594,shaman,restoration,279,158,121
30646,Incredibade,stormscale,1594,shaman,restoration,42,20,22
30647,Laskopivo,doomhammer,1593,shaman,restoration,60,37,23
30648,Kyogre,auchindoun,1592,shaman,restoration,48,23,25
30649,Thorenal,blackmoore,1588,shaman,restoration,67,41,26
30650,Firenanajkm,dun-modr,1586,shaman,restoration,48,28,20
30651,Paidactor,kazzak,1586,shaman,restoration,239,126,113
30652,Vioception,blackrock,1584,shaman,restoration,48,19,29
30653,Lilcake,ravencrest,1583,shaman,restoration,36,20,16
30654,Mìcrøs,thrall,1581,shaman,restoration,53,30,23
30655,Huux,blackmoore,1579,shaman,restoration,42,21,21
30656,Yzeldan,hyjal,1578,shaman,restoration,248,142,106
30657,Psychototem,twisting-nether,1577,shaman,restoration,78,26,52
30658,Djtidex,conseil-des-ombres,1576,shaman,restoration,30,18,12
30659,Koraél,dun-modr,1572,shaman,restoration,66,26,40
30660,Mydpsrbad,stormscale,1571,shaman,restoration,148,81,67
30661,Zinjk,nemesis,1570,shaman,restoration,256,132,124
30662,Sixtyone,stormscale,1569,shaman,restoration,75,42,33
30663,Kardris,nemesis,1568,shaman,restoration,46,22,24
30664,Шсаваннх,blackscar,1566,shaman,restoration,165,83,82
30665,Zwergmann,blackrock,1565,shaman,restoration,60,37,23
30666,Uzze,drakthul,1564,shaman,restoration,60,26,34
30667,Pacho,alakir,1563,shaman,restoration,48,21,27
30668,Tupato,kazzak,1560,shaman,restoration,80,39,41
30669,Bahane,frostwolf,1559,shaman,restoration,75,36,39
30670,Cobbel,argent-dawn,1557,shaman,restoration,168,92,76
30671,Sebubu,twisting-nether,1556,shaman,restoration,38,23,15
30672,Nexian,kazzak,1554,shaman,restoration,59,32,27
30673,Shuzman,emeriss,1550,shaman,restoration,48,23,25
30674,Melàniewalsh,archimonde,1548,shaman,restoration,54,30,24
30675,Beastmodex,eredar,1548,shaman,restoration,263,134,129
30676,Noneedshaman,stormscale,1547,shaman,restoration,35,18,17
30677,Zanezu,stormscale,1547,shaman,restoration,102,45,57
30678,Reilah,drakthul,1546,shaman,restoration,66,33,33
30679,Märthalouise,twisting-nether,1546,shaman,restoration,43,18,25
30680,Linkedink,tarren-mill,1545,shaman,restoration,23,17,6
30681,Kuhnedy,blackrock,1545,shaman,restoration,100,52,48
30682,Bullfox,aszune,1545,shaman,restoration,66,28,38
30683,Gjernhard,stormreaver,1542,shaman,restoration,60,30,30
30684,Кичисанчик,howling-fjord,1541,shaman,restoration,126,57,69
30685,Ларисашерсть,blackscar,1539,shaman,restoration,29,21,8
30686,Yomuchacha,dun-modr,1537,shaman,restoration,100,48,52
30687,Grumhild,blackmoore,1537,shaman,restoration,62,28,34
30688,Niesel,ravencrest,1536,shaman,restoration,60,29,31
30689,Coldlean,haomarush,1535,shaman,restoration,200,98,102
30690,Xerinas,eredar,1534,shaman,restoration,63,20,43
30691,Ugard,burning-legion,1533,shaman,restoration,37,18,19
30692,Mypakypa,outland,1532,shaman,restoration,48,20,28
30693,Alanus,draenor,1531,shaman,restoration,24,16,8
30694,Collînna,aegwynn,1529,shaman,restoration,62,34,28
30695,Kacamaz,twisting-nether,1529,shaman,restoration,75,34,41
30696,Pädagogeig,antonidas,1528,shaman,restoration,66,36,30
30697,Monstacookie,stormreaver,1527,shaman,restoration,48,20,28
30698,Bumblebeec,tarren-mill,1526,shaman,restoration,60,32,28
30699,Tommin,silvermoon,1526,shaman,restoration,30,16,14
30700,Reezex,silvermoon,1526,shaman,restoration,65,34,31
30701,Bzglsnkh,ravencrest,1525,shaman,restoration,36,16,20
30702,Lupisregina,silvermoon,1524,shaman,restoration,36,17,19
30703,Bombasthicc,ravencrest,1523,shaman,restoration,30,16,14
30704,Ярусскийй,howling-fjord,1523,shaman,restoration,181,89,92
30705,Remkoo,blackrock,1522,shaman,restoration,30,20,10
30706,Ilovejamie,sylvanas,1522,shaman,restoration,54,30,24
30707,Schain,eredar,1518,shaman,restoration,36,24,12
30708,Horokeu,blackrock,1516,shaman,restoration,71,36,35
30709,Bomjspomoiki,outland,1516,shaman,restoration,35,16,19
30710,Arshak,stormscale,1514,shaman,restoration,33,17,16
30711,Багсбанних,soulflayer,1512,shaman,restoration,72,28,44
30712,Отчима,howling-fjord,1511,shaman,restoration,119,61,58
30713,Ebøbøla,terokkar,1511,shaman,restoration,187,84,103
30714,Kuis,sanguino,1510,shaman,restoration,66,28,38
30715,Gronash,sunstrider,1507,shaman,restoration,30,23,7
30716,Discoranger,ravencrest,1507,shaman,restoration,186,91,95
30717,Nogag,kazzak,1507,shaman,restoration,72,35,37
30718,Enzopotenzo,blackrock,1506,shaman,restoration,42,22,20
30719,Vaizii,silvermoon,1505,shaman,restoration,53,26,27
30720,Духсалата,grom,1503,shaman,restoration,59,29,30
30721,Biggiebig,ravencrest,1502,shaman,restoration,60,32,28
30722,Нитрочка,soulflayer,1501,shaman,restoration,51,27,24
30723,Cannotdoit,burning-legion,1499,shaman,restoration,59,32,27
30724,Mcktavish,silvermoon,1495,shaman,restoration,89,46,43
30725,Crmx,blackrock,1494,shaman,restoration,72,31,41
30726,Anöuchkâ,ysondre,1493,shaman,restoration,78,35,43
30727,Хэйзл,ashenvale,1492,shaman,restoration,74,32,42
30728,Shocklet,twisting-nether,1490,shaman,restoration,24,18,6
30729,Lexos,ravencrest,1490,shaman,restoration,30,16,14
30730,Чанголист,soulflayer,1489,shaman,restoration,65,28,37
30731,Diix,archimonde,1489,shaman,restoration,66,27,39
30732,Nassîî,antonidas,1489,shaman,restoration,101,38,63
30733,Kalaris,stormscale,1488,shaman,restoration,36,20,16
30734,Superthomas,archimonde,1488,shaman,restoration,41,19,22
30735,Светшам,howling-fjord,1486,shaman,restoration,29,16,13
30736,Neovim,trollbane,1486,shaman,restoration,48,21,27
30737,Tartorno,antonidas,1485,shaman,restoration,71,26,45
30738,Antey,ravencrest,1483,shaman,restoration,132,72,60
30739,Hexoffender,alakir,1483,shaman,restoration,112,54,58
30740,Yemo,alonsus,1482,shaman,restoration,24,20,4
30741,Dremlok,burning-legion,1480,shaman,restoration,24,16,8
30742,Murmaiderz,draenor,1479,shaman,restoration,96,52,44
30743,Ronell,argent-dawn,1479,shaman,restoration,96,52,44
30744,Djxyoloswag,silvermoon,1477,shaman,restoration,93,43,50
30745,Miesepeter,mannoroth,1475,shaman,restoration,48,29,19
30746,Gützli,blackmoore,1474,shaman,restoration,93,35,58
30747,Criæ,blackrock,1472,shaman,restoration,24,17,7
30748,Cleptocracy,draenor,1472,shaman,restoration,35,18,17
30749,Orcinterface,tarren-mill,1471,shaman,restoration,38,22,16
30750,Кразтор,howling-fjord,1469,shaman,restoration,59,30,29
30751,Шарюпокд,soulflayer,1468,shaman,restoration,42,22,20
30752,Kêêqo,blackrock,1468,shaman,restoration,48,23,25
30753,Eisei,stormscale,1467,shaman,restoration,42,23,19
30754,Daykên,kazzak,1465,shaman,restoration,56,21,35
30755,Ünknownz,archimonde,1464,shaman,restoration,71,37,34
30756,Kunsum,twisting-nether,1464,shaman,restoration,81,35,46
30757,Hjod,outland,1463,shaman,restoration,87,46,41
30758,Courtney,sylvanas,1462,shaman,restoration,240,114,126
30759,Vickeshaman,stormreaver,1462,shaman,restoration,41,16,25
30760,Shafallen,tarren-mill,1461,shaman,restoration,26,18,8
30761,Strïvïse,ysondre,1460,shaman,restoration,41,20,21
30762,Fridafrog,malganis,1459,shaman,restoration,79,43,36
30763,Theshammy,vashj,1459,shaman,restoration,60,32,28
30764,Yasharshammy,tarren-mill,1459,shaman,restoration,60,28,32
30765,Redoms,stormreaver,1458,shaman,restoration,81,40,41
30766,Andról,stormscale,1455,shaman,restoration,36,17,19
30767,Cuzzer,drakthul,1454,shaman,restoration,77,39,38
30768,Zlingx,auchindoun,1454,shaman,restoration,48,22,26
30769,Pacio,alakir,1452,shaman,restoration,93,46,47
30770,Waterboi,blackmoore,1449,shaman,restoration,56,22,34
30771,Makaria,emerald-dream,1448,shaman,restoration,114,64,50
30772,Назульчике,razuvious,1448,shaman,restoration,41,22,19
30773,Сёмабро,ashenvale,1447,shaman,restoration,229,127,102
30774,Gspót,twisting-nether,1447,shaman,restoration,98,47,51
30775,Sucøre,die-nachtwache,1444,shaman,restoration,52,27,25
30776,Bonraptor,kirin-tor,1443,shaman,restoration,41,20,21
30777,Flowèn,twisting-nether,1442,shaman,restoration,45,26,19
30778,Артёмлобов,gordunni,1442,shaman,restoration,59,28,31
30779,Дагод,booty-bay,1441,shaman,restoration,36,27,9
30780,Schweízer,blackrock,1441,shaman,restoration,102,45,57
30781,Бомжмувис,howling-fjord,1440,shaman,restoration,24,15,9
30782,Seasick,frostmane,1440,shaman,restoration,106,53,53
30783,Helloitsmee,thrall,1439,shaman,restoration,40,20,20
30784,Hímars,ragnaros,1439,shaman,restoration,30,15,15
30785,Nyzo,tarren-mill,1438,shaman,restoration,30,15,15
30786,Боунсе,howling-fjord,1438,shaman,restoration,36,15,21
30787,Vioceptîon,blackrock,1437,shaman,restoration,30,22,8
30788,Schamfxx,blackrock,1436,shaman,restoration,84,42,42
30789,Roineé,draenor,1436,shaman,restoration,30,15,15
30790,Okdar,stormscale,1435,shaman,restoration,54,34,20
30791,Yarali,argent-dawn,1435,shaman,restoration,24,15,9
30792,Shamnox,blackrock,1435,shaman,restoration,57,34,23
30793,Emochka,ravencrest,1435,shaman,restoration,130,60,70
30794,Kataretic,kazzak,1433,shaman,restoration,24,17,7
30795,Htagagain,archimonde,1433,shaman,restoration,24,15,9
30796,Zaiyoxgodx,thrall,1433,shaman,restoration,49,26,23
30797,Vorkanyx,ysondre,1433,shaman,restoration,70,36,34
30798,Odiuum,draenor,1432,shaman,restoration,87,46,41
30799,Lustmasterx,grim-batol,1428,shaman,restoration,153,78,75
30800,Stòrmbreakèr,nemesis,1427,shaman,restoration,91,42,49
30801,Shemanrolf,outland,1426,shaman,restoration,63,29,34
30802,Mcbloob,kazzak,1425,shaman,restoration,40,19,21
30803,Saamira,pozzo-delleternità,1424,shaman,restoration,60,31,29
30804,Mightgethexd,tarren-mill,1423,shaman,restoration,33,18,15
30805,Skrimisher,draenor,1422,shaman,restoration,54,30,24
30806,Juyina,ravencrest,1420,shaman,restoration,30,15,15
30807,Кислаябуба,howling-fjord,1420,shaman,restoration,172,81,91
30808,Ripstorm,sylvanas,1420,shaman,restoration,37,16,21
30809,Pocahøntas,archimonde,1420,shaman,restoration,50,20,30
30810,Венжии,soulflayer,1418,shaman,restoration,54,18,36
30811,Madytz,eredar,1416,shaman,restoration,24,15,9
30812,Pcr,archimonde,1416,shaman,restoration,81,37,44
30813,Winøxiide,archimonde,1415,shaman,restoration,29,16,13
30814,Goldhand,ravencrest,1415,shaman,restoration,69,24,45
30815,Diya,karazhan,1414,shaman,restoration,72,33,39
30816,Imshocky,burning-legion,1413,shaman,restoration,83,47,36
30817,Jazzrod,stormscale,1413,shaman,restoration,216,107,109
30818,Vaweñ,ravencrest,1413,shaman,restoration,36,15,21
30819,Deadstill,ysondre,1412,shaman,restoration,24,15,9
30820,Wôdân,blackrock,1412,shaman,restoration,54,21,33
30821,Fuzzywaagh,silvermoon,1411,shaman,restoration,58,26,32
30822,Kneggebrot,blackmoore,1411,shaman,restoration,72,32,40
30823,Wylly,aegwynn,1409,shaman,restoration,55,35,20
30824,Patuljak,outland,1409,shaman,restoration,91,48,43
30825,Zhulnaar,hyjal,1409,shaman,restoration,42,21,21
30826,Bénathon,ravencrest,1407,shaman,restoration,33,21,12
30827,Gaelic,frostmourne,1402,shaman,restoration,84,43,41
30828,Tèysh,ysondre,1402,shaman,restoration,126,64,62
30829,Splashgodx,frostwolf,1401,shaman,restoration,29,15,14
30830,Smørbar,kazzak,1399,shaman,restoration,42,31,11
30831,Trustlemac,onyxia,1399,shaman,restoration,50,30,20
30832,Greatørc,tarren-mill,1399,shaman,restoration,35,17,18
30833,Viallinen,stormreaver,1399,shaman,restoration,35,15,20
30834,Orcshaman,the-maelstrom,1398,shaman,restoration,33,20,13
30835,Yois,nemesis,1393,shaman,restoration,66,37,29
30836,Glopper,ravencrest,1391,shaman,restoration,65,29,36
30837,Sjamanisme,silvermoon,1390,shaman,restoration,114,60,54
30838,Ironkraw,stormscale,1390,shaman,restoration,84,31,53
30839,Johnblånn,stormscale,1389,shaman,restoration,51,30,21
30840,Apaorkaxyz,ragnaros,1388,shaman,restoration,96,41,55
30841,Gnackbretzn,eredar,1383,shaman,restoration,95,46,49
30842,Daboó,vashj,1381,shaman,restoration,109,61,48
30843,Джонпсинаа,gordunni,1379,shaman,restoration,36,18,18
30844,Axemodels,archimonde,1376,shaman,restoration,32,16,16
30845,Nwäar,archimonde,1375,shaman,restoration,66,36,30
30846,Warianis,ravencrest,1374,shaman,restoration,51,27,24
30847,Elamentaly,draenor,1371,shaman,restoration,54,29,25
30848,Phêbz,archimonde,1371,shaman,restoration,48,25,23
30849,Bresidendo,frostwhisper,1369,shaman,restoration,66,26,40
30850,Slowtem,draenor,1364,shaman,restoration,77,40,37
30851,Hulcky,grim-batol,1363,shaman,restoration,48,27,21
30852,Alàstor,kazzak,1363,shaman,restoration,43,20,23
30853,Akrobata,silvermoon,1360,shaman,restoration,180,83,97
30854,Bíìerlip,twisting-nether,1357,shaman,restoration,35,20,15
30855,Shinds,archimonde,1356,shaman,restoration,48,21,27
30856,Elombrion,destromath,1355,shaman,restoration,30,16,14
30857,Ketzersend,alleria,1351,shaman,restoration,30,18,12
30858,Krovogor,silvermoon,1351,shaman,restoration,60,34,26
30859,Straehne,malganis,1351,shaman,restoration,72,29,43
30860,Rhakhatheckh,nemesis,1349,shaman,restoration,46,22,24
30861,Beyp,sylvanas,1348,shaman,restoration,61,33,28
30862,Ruvxy,twisting-nether,1347,shaman,restoration,53,31,22
30863,Asumix,illidan,1347,shaman,restoration,71,38,33
30864,Шиока,borean-tundra,1345,shaman,restoration,47,26,21
30865,Сновидений,soulflayer,1344,shaman,restoration,49,23,26
30866,Invade,darkspear,1343,shaman,restoration,18,14,4
30867,Reidzls,kazzak,1343,shaman,restoration,24,14,10
30868,Intoxed,sylvanas,1343,shaman,restoration,48,27,21
30869,Shrekcho,twisting-nether,1342,shaman,restoration,36,25,11
30870,Turbobaboon,hyjal,1342,shaman,restoration,30,18,12
30871,Kryuxs,blackrock,1340,shaman,restoration,36,20,16
30872,Kaptt,twisting-nether,1340,shaman,restoration,30,14,16
30873,Schïps,kirin-tor,1339,shaman,restoration,54,31,23
30874,Showman,archimonde,1339,shaman,restoration,209,104,105
30875,Fußpilzmann,blackmoore,1338,shaman,restoration,139,76,63
30876,Brokgar,ragnaros,1337,shaman,restoration,24,14,10
30877,Goodieesham,burning-blade,1336,shaman,restoration,24,15,9
30878,Shapperdin,darksorrow,1336,shaman,restoration,24,14,10
30879,Kivra,burning-legion,1336,shaman,restoration,83,37,46
30880,Freizeitler,antonidas,1335,shaman,restoration,78,37,41
30881,Damex,thunderhorn,1334,shaman,restoration,131,48,83
30882,Exolnard,twisting-nether,1333,shaman,restoration,89,40,49
30883,Lariralol,malorne,1332,shaman,restoration,67,37,30
30884,Shamingu,arathor,1332,shaman,restoration,112,58,54
30885,Ксмо,gordunni,1331,shaman,restoration,24,14,10
30886,Vuls,blackmoore,1331,shaman,restoration,87,48,39
30887,Beardling,auchindoun,1329,shaman,restoration,24,15,9
30888,Powerhq,thrall,1329,shaman,restoration,24,14,10
30889,Крэгнор,gordunni,1329,shaman,restoration,129,68,61
30890,Jenyo,alakir,1327,shaman,restoration,24,14,10
30891,Братишкапинг,soulflayer,1327,shaman,restoration,110,56,54
30892,Vodoochild,hyjal,1327,shaman,restoration,55,23,32
30893,Jarvís,gilneas,1327,shaman,restoration,50,19,31
30894,Sadfemecraft,aggramar,1326,shaman,restoration,105,45,60
30895,Tjpimp,draenor,1323,shaman,restoration,24,14,10
30896,Henchtotem,draenor,1323,shaman,restoration,44,24,20
30897,Schaname,rajaxx,1323,shaman,restoration,30,14,16
30898,Bedouín,draenor,1321,shaman,restoration,91,51,40
30899,Lerosh,twisting-nether,1321,shaman,restoration,54,30,24
30900,Mjöllnir,blackrock,1321,shaman,restoration,108,56,52
30901,Vaaggu,stormreaver,1321,shaman,restoration,36,14,22
30902,Jimtrespies,dun-modr,1318,shaman,restoration,24,14,10
30903,Corintho,blackmoore,1316,shaman,restoration,46,25,21
30904,Threshðld,dun-modr,1316,shaman,restoration,30,14,16
30905,Ivøryz,arthas,1315,shaman,restoration,24,14,10
30906,Mestgonee,draenor,1314,shaman,restoration,24,14,10
30907,Kbakasham,ravencrest,1312,shaman,restoration,50,24,26
30908,Samantouz,archimonde,1312,shaman,restoration,97,45,52
30909,Xamic,twisting-nether,1311,shaman,restoration,36,17,19
30910,Awwey,stormscale,1310,shaman,restoration,18,14,4
30911,Navezi,twisting-nether,1310,shaman,restoration,72,41,31
30912,Linknvm,thrall,1309,shaman,restoration,51,35,16
30913,Alishie,outland,1308,shaman,restoration,52,29,23
30914,Captaínduck,garrosh,1308,shaman,restoration,53,28,25
30915,Aceofraphy,thrall,1308,shaman,restoration,125,53,72
30916,Cudntreskobe,kazzak,1307,shaman,restoration,34,18,16
30917,Shamhingo,stormscale,1306,shaman,restoration,42,14,28
30918,Fernashaman,aggra-português,1305,shaman,restoration,30,15,15
30919,Durek,aerie-peak,1304,shaman,restoration,24,14,10
30920,Deadwoodz,tarren-mill,1304,shaman,restoration,100,48,52
30921,Panicsc,twisting-nether,1303,shaman,restoration,129,63,66
30922,Littledorf,ravencrest,1301,shaman,restoration,90,47,43
30923,Monstermunch,ravencrest,1301,shaman,restoration,110,50,60
30924,Ironmack,outland,1301,shaman,restoration,36,16,20
30925,Panicblast,stormscale,1299,shaman,restoration,44,27,17
30926,Шаеман,soulflayer,1298,shaman,restoration,36,20,16
30927,Ærthgød,stormscale,1297,shaman,restoration,24,17,7
30928,Kìra,darkmoon-faire,1296,shaman,restoration,51,28,23
30929,Enïgma,sylvanas,1294,shaman,restoration,35,18,17
30930,Fünkchn,zuluhed,1293,shaman,restoration,46,24,22
30931,Shamanmode,twisting-nether,1292,shaman,restoration,42,17,25
30932,Deaslow,hyjal,1291,shaman,restoration,30,21,9
30933,Eduorde,silvermoon,1290,shaman,restoration,37,22,15
30934,Onlytides,doomhammer,1290,shaman,restoration,36,14,22
30935,Chadshaman,antonidas,1284,shaman,restoration,55,24,31
30936,Morty,tarren-mill,1279,shaman,restoration,59,27,32
30937,Umbraverfaa,twisting-nether,1278,shaman,restoration,36,15,21
30938,Iamnyka,blackrock,1276,shaman,restoration,24,17,7
30939,Shago,archimonde,1276,shaman,restoration,124,54,70
30940,Виртуосгодх,soulflayer,1272,shaman,restoration,42,17,25
30941,Shôk,ravencrest,1271,shaman,restoration,74,37,37
30942,Шайнинлайт,soulflayer,1271,shaman,restoration,107,42,65
30943,Ishkadar,twisting-nether,1270,shaman,restoration,33,15,18
30944,Crymere,chamber-of-aspects,1268,shaman,restoration,36,17,19
30945,Thundersioux,ravencrest,1267,shaman,restoration,57,33,24
30946,Жижелье,howling-fjord,1263,shaman,restoration,52,28,24
30947,Yuliy,arathor,1263,shaman,restoration,108,50,58
30948,Watashij,outland,1262,shaman,restoration,63,34,29
30949,Dregú,draenor,1261,shaman,restoration,81,44,37
30950,Малекулакота,soulflayer,1261,shaman,restoration,35,14,21
30951,Azifox,hyjal,1260,shaman,restoration,25,14,11
30952,Mvvp,stormscale,1256,shaman,restoration,35,14,21
30953,Cømedian,ragnaros,1252,shaman,restoration,27,15,12
30954,Asaakira,blackmoore,1247,shaman,restoration,45,28,17
30955,Arathoir,ravencrest,1247,shaman,restoration,24,13,11
30956,Karlurban,outland,1247,shaman,restoration,30,13,17
30957,Reparagos,sanguino,1246,shaman,restoration,25,14,11
30958,Руикси,howling-fjord,1246,shaman,restoration,30,13,17
30959,Велоун,soulflayer,1246,shaman,restoration,32,13,19
30960,Icozy,stormscale,1245,shaman,restoration,45,26,19
30961,Loltotem,outland,1243,shaman,restoration,18,13,5
30962,Shambulancex,tarren-mill,1243,shaman,restoration,24,13,11
30963,Kvolt,ysondre,1243,shaman,restoration,30,13,17
30964,Harptwo,eredar,1242,shaman,restoration,35,20,15
30965,Dgshîtdwarf,ravencrest,1242,shaman,restoration,30,13,17
30966,Anlaki,silvermoon,1241,shaman,restoration,18,13,5
30967,Leunam,draenor,1241,shaman,restoration,52,26,26
30968,Wieszcz,kazzak,1241,shaman,restoration,39,17,22
30969,Ninetzj,tarren-mill,1240,shaman,restoration,24,13,11
30970,Bufuxx,kazzak,1238,shaman,restoration,18,13,5
30971,Sîggý,eredar,1237,shaman,restoration,24,13,11
30972,Costakislolz,twisting-nether,1236,shaman,restoration,18,13,5
30973,Abercrômbx,blackmoore,1235,shaman,restoration,24,13,11
30974,Manitus,sylvanas,1235,shaman,restoration,58,30,28
30975,Alakan,saurfang,1235,shaman,restoration,58,26,32
30976,Kaletore,ragnaros,1233,shaman,restoration,48,28,20
30977,Санрэйн,soulflayer,1233,shaman,restoration,36,19,17
30978,Aldron,tirion,1233,shaman,restoration,30,15,15
30979,Carnágé,blackrock,1230,shaman,restoration,42,24,18
30980,Shamtrix,drakthul,1229,shaman,restoration,66,28,38
30981,Sugardad,khaz-modan,1228,shaman,restoration,189,90,99
30982,Alisàn,teldrassil,1228,shaman,restoration,127,57,70
30983,Shamins,outland,1227,shaman,restoration,51,23,28
30984,Alexmiamosch,thrall,1226,shaman,restoration,78,48,30
30985,Ogrilza,uldaman,1226,shaman,restoration,79,45,34
30986,Düsterlotus,dalvengyr,1223,shaman,restoration,30,18,12
30987,Roverlos,blackrock,1223,shaman,restoration,48,23,25
30988,Fulminare,ravencrest,1221,shaman,restoration,78,39,39
30989,Nybz,sylvanas,1221,shaman,restoration,42,18,24
30990,Murmelï,stormreaver,1220,shaman,restoration,99,46,53
30991,Schnessert,silvermoon,1220,shaman,restoration,30,13,17
30992,Kelshaj,thrall,1219,shaman,restoration,27,14,13
30993,Bigrambo,draenor,1218,shaman,restoration,65,37,28
30994,Qjie,argent-dawn,1218,shaman,restoration,134,73,61
30995,Юляукраинка,gordunni,1216,shaman,restoration,55,24,31
30996,Sickbrain,silvermoon,1216,shaman,restoration,45,19,26
30997,Lechirurgien,elune,1215,shaman,restoration,95,48,47
30998,Начилибосе,gordunni,1214,shaman,restoration,24,13,11
30999,Dergat,pozzo-delleternità,1214,shaman,restoration,26,14,12
31000,Перегной,ashenvale,1212,shaman,restoration,93,39,54
31001,Гвинневра,azuregos,1210,shaman,restoration,49,28,21
31002,Thuknala,tarren-mill,1210,shaman,restoration,46,26,20
31003,Kickvando,blackmoore,1209,shaman,restoration,44,22,22
31004,Jimmybuffett,kazzak,1209,shaman,restoration,92,45,47
31005,Sdkpwns,draenor,1209,shaman,restoration,30,13,17
31006,Ephase,burning-blade,1207,shaman,restoration,55,16,39
31007,Xetri,ragnaros,1206,shaman,restoration,41,22,19
31008,Morttes,burning-legion,1205,shaman,restoration,27,14,13
31009,Nakenfeigy,stormreaver,1204,shaman,restoration,29,16,13
31010,Mwnci,anachronos,1204,shaman,restoration,93,48,45
31011,Roxxo,frostwolf,1200,shaman,restoration,30,16,14
31012,Blöödfist,drakthul,1200,shaman,restoration,35,14,21
31013,Teccatwo,outland,1198,shaman,restoration,100,48,52
31014,Snobas,kazzak,1198,shaman,restoration,29,13,16
31015,Semrix,blackhand,1197,shaman,restoration,90,36,54
31016,Lolafløres,dun-modr,1194,shaman,restoration,53,37,16
31017,Nextlvlplz,draenor,1194,shaman,restoration,54,22,32
31018,Иоч,soulflayer,1187,shaman,restoration,23,13,10
31019,Swedishmeat,kazzak,1184,shaman,restoration,78,36,42
31020,Oldrym,blackrock,1183,shaman,restoration,64,25,39
31021,Biztor,jaedenar,1178,shaman,restoration,48,26,22
31022,Rêêza,blackhand,1177,shaman,restoration,42,24,18
31023,Egí,azshara,1177,shaman,restoration,38,14,24
31024,Kvekkis,argent-dawn,1175,shaman,restoration,30,17,13
31025,Darnok,quelthalas,1173,shaman,restoration,60,29,31
31026,Praise,auchindoun,1172,shaman,restoration,35,14,21
31027,Elijaá,nordrassil,1169,shaman,restoration,60,33,27
31028,Tegellera,ravencrest,1168,shaman,restoration,53,27,26
31029,Dwarfofwar,ravencrest,1165,shaman,restoration,80,43,37
31030,Bèx,twisting-nether,1159,shaman,restoration,30,13,17
31031,Pituu,tarren-mill,1158,shaman,restoration,36,15,21
31032,Hunorth,stormscale,1156,shaman,restoration,29,15,14
31033,Shinui,twisting-nether,1156,shaman,restoration,45,23,22
31034,Poggsham,twisting-nether,1156,shaman,restoration,33,14,19
31035,Ðøminantx,stormscale,1155,shaman,restoration,30,14,16
31036,Mostachin,dun-modr,1155,shaman,restoration,64,28,36
31037,Alcam,twisting-nether,1154,shaman,restoration,77,33,44
31038,Zimoneris,blackmoore,1152,shaman,restoration,18,12,6
31039,Olînours,archimonde,1152,shaman,restoration,36,20,16
31040,Nafay,lordaeron,1152,shaman,restoration,54,27,27
31041,Быковат,booty-bay,1152,shaman,restoration,123,61,62
31042,Snovii,drakthul,1152,shaman,restoration,30,12,18
31043,Weraeth,drakthul,1151,shaman,restoration,36,19,17
31044,Sprühkot,aegwynn,1151,shaman,restoration,24,12,12
31045,Shockjob,kazzak,1151,shaman,restoration,24,12,12
31046,Teldarian,archimonde,1151,shaman,restoration,24,12,12
31047,Dêblâzê,thrall,1151,shaman,restoration,24,12,12
31048,Sørum,grim-batol,1151,shaman,restoration,30,12,18
31049,Souqixo,drakthul,1150,shaman,restoration,18,12,6
31050,Zelent,thrall,1150,shaman,restoration,18,12,6
31051,Moistpuss,kazzak,1150,shaman,restoration,18,12,6
31052,Sparkygrill,eredar,1150,shaman,restoration,24,12,12
31053,Lolalovexo,kazzak,1150,shaman,restoration,30,14,16
31054,Killatotem,kazzak,1150,shaman,restoration,30,12,18
31055,Balthasa,blackhand,1149,shaman,restoration,18,12,6
31056,Dmgccbot,outland,1149,shaman,restoration,30,12,18
31057,Mefl,tarren-mill,1148,shaman,restoration,24,12,12
31058,Kharvo,draenor,1148,shaman,restoration,24,12,12
31059,Kaherad,antonidas,1148,shaman,restoration,72,33,39
31060,Pilinham,aggra-português,1148,shaman,restoration,30,12,18
31061,Bezixx,argent-dawn,1148,shaman,restoration,30,12,18
31062,Kärríegold,blackrock,1146,shaman,restoration,18,12,6
31063,Sêrø,eredar,1146,shaman,restoration,24,12,12
31064,Wibra,nagrand,1146,shaman,restoration,30,12,18
31065,Charquanda,argent-dawn,1146,shaman,restoration,30,12,18
31066,Schamazon,tarren-mill,1145,shaman,restoration,18,12,6
31067,Tarchoanvahg,ragnaros,1145,shaman,restoration,24,12,12
31068,Drman,shattered-hand,1143,shaman,restoration,60,33,27
31069,Gehrké,silvermoon,1142,shaman,restoration,18,12,6
31070,Jävlajävel,draenor,1142,shaman,restoration,58,32,26
31071,Vengatrox,antonidas,1136,shaman,restoration,24,12,12
31072,Laïnàà,archimonde,1136,shaman,restoration,65,27,38
31073,Tomtefaan,sylvanas,1135,shaman,restoration,19,13,6
31074,Macchiavelli,blades-edge,1134,shaman,restoration,83,33,50
31075,Cloovster,magtheridon,1132,shaman,restoration,24,12,12
31076,Omgodofwar,burning-blade,1132,shaman,restoration,90,33,57
31077,Suntpraf,kazzak,1131,shaman,restoration,35,14,21
31078,Arabesk,arygos,1130,shaman,restoration,108,50,58
31079,Knasta,malygos,1129,shaman,restoration,36,16,20
31080,Quîn,defias-brotherhood,1127,shaman,restoration,30,15,15
31081,Holshammy,nemesis,1127,shaman,restoration,90,39,51
31082,Bruhin,ravencrest,1127,shaman,restoration,36,13,23
31083,Vulkan,kirin-tor,1124,shaman,restoration,30,15,15
31084,Jimkopf,eredar,1123,shaman,restoration,24,14,10
31085,Lanzatotems,dun-modr,1115,shaman,restoration,66,31,35
31086,Raincaller,archimonde,1115,shaman,restoration,35,12,23
31087,Lemontea,burning-blade,1112,shaman,restoration,30,12,18
31088,Corbo,ysondre,1108,shaman,restoration,69,40,29
31089,Woade,silvermoon,1108,shaman,restoration,30,12,18
31090,Quòr,antonidas,1106,shaman,restoration,36,24,12
31091,Polystrath,silvermoon,1106,shaman,restoration,30,14,16
31092,Sáltý,ravencrest,1103,shaman,restoration,21,12,9
31093,Garifus,dun-modr,1102,shaman,restoration,132,70,62
31094,Bluefacebaby,nemesis,1100,shaman,restoration,77,33,44
31095,Ivaccineyou,blackmoore,1099,shaman,restoration,24,12,12
31096,Undin,burning-legion,1098,shaman,restoration,60,33,27
31097,Thenasil,stormscale,1097,shaman,restoration,64,28,36
31098,Ibkdalen,stormscale,1096,shaman,restoration,30,14,16
31099,Thuns,stormscale,1093,shaman,restoration,29,14,15
31100,Gunhyld,hyjal,1090,shaman,restoration,29,12,17
31101,Baelee,sylvanas,1085,shaman,restoration,108,47,61
31102,Spartecøbra,dalaran,1083,shaman,restoration,36,16,20
31103,Bennycooch,silvermoon,1081,shaman,restoration,107,42,65
31104,Понбарон,gordunni,1079,shaman,restoration,40,14,26
31105,Hazufel,kaelthas,1072,shaman,restoration,44,19,25
31106,Moonbotico,blackrock,1071,shaman,restoration,109,49,60
31107,Smyke,magtheridon,1069,shaman,restoration,66,34,32
31108,Сорнинай,soulflayer,1068,shaman,restoration,41,18,23
31109,Checkpoint,defias-brotherhood,1065,shaman,restoration,30,15,15
31110,Hikigane,marécage-de-zangar,1061,shaman,restoration,48,17,31
31111,Yashëa,ysondre,1055,shaman,restoration,18,11,7
31112,Iloveléa,ravencrest,1055,shaman,restoration,24,11,13
31113,Garuga,dun-morogh,1055,shaman,restoration,24,11,13
31114,Thundrkrakn,blackhand,1055,shaman,restoration,36,14,22
31115,Xelgrin,silvermoon,1055,shaman,restoration,30,11,19
31116,Shakgor,draenor,1054,shaman,restoration,48,27,21
31117,Mêrowinger,blackhand,1054,shaman,restoration,24,11,13
31118,Elshamino,ravencrest,1054,shaman,restoration,24,11,13
31119,Blóúb,blackmoore,1054,shaman,restoration,24,11,13
31120,Tiddles,arathor,1053,shaman,restoration,18,11,7
31121,Salatmayoo,alakir,1053,shaman,restoration,27,12,15
31122,Hyflex,alakir,1053,shaman,restoration,30,11,19
31123,Muril,argent-dawn,1052,shaman,restoration,30,11,19
31124,Kelvok,silvermoon,1051,shaman,restoration,18,11,7
31125,Rouwa,korgall,1051,shaman,restoration,18,11,7
31126,Zackboing,thrall,1051,shaman,restoration,75,38,37
31127,Aliates,sanguino,1051,shaman,restoration,24,11,13
31128,Tingyspanky,twisting-nether,1051,shaman,restoration,33,12,21
31129,Kíkjo,aegwynn,1050,shaman,restoration,18,11,7
31130,Quizx,blackrock,1050,shaman,restoration,24,11,13
31131,Оперочек,howling-fjord,1050,shaman,restoration,42,12,30
31132,Slingz,auchindoun,1048,shaman,restoration,24,11,13
31133,Flikus,aggra-português,1048,shaman,restoration,30,11,19
31134,Oscar,khaz-modan,1046,shaman,restoration,18,11,7
31135,Tyralià,draenor,1046,shaman,restoration,18,11,7
31136,Chokeonme,blackrock,1046,shaman,restoration,63,37,26
31137,Protv,ravencrest,1045,shaman,restoration,18,15,3
31138,Megumín,darksorrow,1045,shaman,restoration,18,11,7
31139,Tosaá,antonidas,1042,shaman,restoration,18,11,7
31140,Mandoloriana,sylvanas,1041,shaman,restoration,24,11,13
31141,Munjar,korgall,1039,shaman,restoration,24,11,13
31142,Waskoelement,archimonde,1038,shaman,restoration,30,17,13
31143,Idkteam,stormscale,1037,shaman,restoration,24,11,13
31144,Slutie,stormscale,1036,shaman,restoration,23,11,12
31145,Gushgush,draenor,1032,shaman,restoration,18,11,7
31146,Shèshe,uldaman,1032,shaman,restoration,18,11,7
31147,Moglibard,grim-batol,1028,shaman,restoration,18,11,7
31148,Лялори,gordunni,1025,shaman,restoration,60,28,32
31149,Daseus,malygos,1021,shaman,restoration,30,14,16
31150,Рёнтар,howling-fjord,1021,shaman,restoration,30,13,17
31151,Hexinreflect,silvermoon,1021,shaman,restoration,96,41,55
31152,Saviothewise,aggra-português,1020,shaman,restoration,18,11,7
31153,Dasce,sylvanas,1017,shaman,restoration,30,14,16
31154,Ухмылк,azuregos,1013,shaman,restoration,125,71,54
31155,Mantoon,doomhammer,1013,shaman,restoration,30,12,18
31156,Grîzzou,les-clairvoyants,1012,shaman,restoration,36,21,15
31157,Cukkerberg,ragnaros,1010,shaman,restoration,48,19,29
31158,Rokatotem,ysondre,1006,shaman,restoration,21,11,10
31159,Blainehammer,arathor,1006,shaman,restoration,30,12,18
31160,Saamjai,turalyon,1005,shaman,restoration,30,17,13
31161,Noulol,aegwynn,1005,shaman,restoration,23,12,11
31162,Subaki,die-aldor,1003,shaman,restoration,17,11,6
31163,Skunazo,sanguino,995,shaman,restoration,18,14,4
31164,Мезонет,soulflayer,992,shaman,restoration,24,13,11
31165,Haginathor,twisting-nether,989,shaman,restoration,78,41,37
31166,Teada,aegwynn,980,shaman,restoration,34,12,22
31167,Flambusier,hyjal,977,shaman,restoration,64,40,24
31168,Ambrosioss,kazzak,975,shaman,restoration,30,17,13
31169,Patites,twisting-nether,970,shaman,restoration,24,13,11
31170,Schamannen,outland,970,shaman,restoration,43,23,20
31171,Mearu,bronze-dragonflight,961,shaman,restoration,30,18,12
31172,Милжон,soulflayer,961,shaman,restoration,31,17,14
31173,Qobq,ravencrest,960,shaman,restoration,12,10,2
31174,Puffeh,emeriss,960,shaman,restoration,18,10,8
31175,Domo,stormscale,960,shaman,restoration,18,10,8
31176,Còób,ravencrest,960,shaman,restoration,27,10,17
31177,Nosql,draenor,959,shaman,restoration,12,10,2
31178,Ðtxkeks,onyxia,959,shaman,restoration,13,10,3
31179,Bananis,outland,959,shaman,restoration,18,10,8
31180,Raketenrieke,blackrock,959,shaman,restoration,18,10,8
31181,Teldatwo,archimonde,959,shaman,restoration,18,10,8
31182,Reinu,ragnaros,959,shaman,restoration,18,10,8
31183,Crysisx,sanguino,959,shaman,restoration,18,10,8
31184,Ugáa,malganis,959,shaman,restoration,24,10,14
31185,Amnéshaman,ysondre,959,shaman,restoration,24,10,14
31186,Loay,blackrock,959,shaman,restoration,24,10,14
31187,Vemvardetsom,stormreaver,958,shaman,restoration,12,10,2
31188,Diosberi,tichondrius,958,shaman,restoration,12,10,2
31189,Greenswag,drakthul,958,shaman,restoration,18,10,8
31190,Bliksem,tarren-mill,958,shaman,restoration,18,10,8
31191,Drohx,ysondre,958,shaman,restoration,18,10,8
31192,Bosskwtt,kazzak,958,shaman,restoration,18,10,8
31193,Чаиро,howling-fjord,958,shaman,restoration,24,10,14
31194,Soger,mannoroth,958,shaman,restoration,24,10,14
31195,Neejtjak,ravencrest,958,shaman,restoration,24,10,14
31196,Thecallviper,blackmoore,957,shaman,restoration,18,10,8
31197,Samant,neptulon,957,shaman,restoration,36,17,19
31198,Bumbersham,stormscale,957,shaman,restoration,24,10,14
31199,Гарантийный,lich-king,957,shaman,restoration,24,10,14
31200,Zoolza,kirin-tor,957,shaman,restoration,36,10,26
31201,Drakahaar,burning-blade,956,shaman,restoration,30,10,20
31202,Swahilishock,the-maelstrom,955,shaman,restoration,30,10,20
31203,Rhun,garona,954,shaman,restoration,18,10,8
31204,Shámpain,antonidas,950,shaman,restoration,18,10,8
31205,Valdraxx,ravencrest,946,shaman,restoration,171,83,88
31206,Эрэвия,gordunni,939,shaman,restoration,24,13,11
31207,Vukroth,argent-dawn,934,shaman,restoration,60,30,30
31208,Nexolok,alleria,933,shaman,restoration,54,30,24
31209,Bullvai,dun-morogh,929,shaman,restoration,74,34,40
31210,Goldva,outland,928,shaman,restoration,79,42,37
31211,Fivezax,tarren-mill,924,shaman,restoration,18,10,8
31212,Hacyria,archimonde,924,shaman,restoration,24,13,11
31213,Qusek,turalyon,923,shaman,restoration,72,34,38
31214,Zeidek,nemesis,922,shaman,restoration,60,33,27
31215,Selrin,blackrock,915,shaman,restoration,84,30,54
31216,Xpone,blackrock,914,shaman,restoration,24,12,12
31217,Xogor,kazzak,911,shaman,restoration,27,10,17
31218,Suculenta,zuljin,902,shaman,restoration,29,14,15
31219,Georgianaa,skullcrusher,900,shaman,restoration,84,40,44
31220,Foxfyre,tarren-mill,893,shaman,restoration,18,10,8
31221,Xoxoxoxoa,twisting-nether,885,shaman,restoration,47,12,35
31222,Snackerella,blackrock,864,shaman,restoration,12,9,3
31223,Zuly,grim-batol,864,shaman,restoration,12,9,3
31224,Mysterqt,nemesis,864,shaman,restoration,12,9,3
31225,Batmanmain,twisting-nether,864,shaman,restoration,16,10,6
31226,Феанорситх,gordunni,864,shaman,restoration,18,9,9
31227,Holyshamixz,dun-modr,864,shaman,restoration,18,9,9
31228,Defonceboby,archimonde,864,shaman,restoration,18,9,9
31229,Shounx,hyjal,864,shaman,restoration,18,9,9
31230,Shamiinn,ravencrest,864,shaman,restoration,18,9,9
31231,Фатнир,soulflayer,864,shaman,restoration,18,9,9
31232,Nothexy,stormscale,864,shaman,restoration,18,9,9
31233,Котенокмур,soulflayer,864,shaman,restoration,24,9,15
31234,Hexalicius,sylvanas,864,shaman,restoration,24,9,15
31235,Bigdamshear,outland,864,shaman,restoration,24,9,15
31236,Blamy,auchindoun,863,shaman,restoration,12,9,3
31237,Geminate,stormscale,863,shaman,restoration,12,9,3
31238,Shamantistik,ravencrest,863,shaman,restoration,12,9,3
31239,Bobaléh,ravencrest,863,shaman,restoration,18,9,9
31240,Shoxý,draenor,863,shaman,restoration,18,9,9
31241,Gønuts,sylvanas,863,shaman,restoration,18,9,9
31242,Dréa,draenor,863,shaman,restoration,18,9,9
31243,Yàra,throkferoth,863,shaman,restoration,42,18,24
31244,Loktarogar,sunstrider,863,shaman,restoration,24,9,15
31245,Thanasiss,kazzak,863,shaman,restoration,24,9,15
31246,Fatmikex,stormreaver,863,shaman,restoration,30,9,21
31247,Naphe,ysondre,863,shaman,restoration,30,9,21
31248,Милыйдед,gordunni,863,shaman,restoration,36,9,27
31249,Bakuga,ragnaros,862,shaman,restoration,12,9,3
31250,Doriana,dalaran,862,shaman,restoration,18,9,9
31251,Syreer,silvermoon,862,shaman,restoration,19,9,10
31252,Pprx,tarren-mill,862,shaman,restoration,24,9,15
31253,Salmôn,twisting-nether,862,shaman,restoration,24,9,15
31254,Tonifo,nemesis,861,shaman,restoration,12,9,3
31255,Cjay,dunemaul,861,shaman,restoration,12,9,3
31256,Shamanopaf,tarren-mill,861,shaman,restoration,18,9,9
31257,Vanquïsh,archimonde,861,shaman,restoration,18,9,9
31258,Amu,ravencrest,860,shaman,restoration,18,9,9
31259,Mansquidgoat,darksorrow,859,shaman,restoration,15,10,5
31260,Orchal,defias-brotherhood,859,shaman,restoration,18,9,9
31261,Stkk,ravencrest,859,shaman,restoration,98,46,52
31262,Sunsham,illidan,858,shaman,restoration,18,9,9
31263,Jhaky,dun-modr,857,shaman,restoration,24,9,15
31264,Wayoa,defias-brotherhood,856,shaman,restoration,12,9,3
31265,Дисмон,ashenvale,852,shaman,restoration,18,9,9
31266,Psyforce,argent-dawn,850,shaman,restoration,12,9,3
31267,Numdog,stormreaver,831,shaman,restoration,17,9,8
31268,Bluelasso,ysondre,824,shaman,restoration,29,9,20
31269,Дрфэка,soulflayer,815,shaman,restoration,36,9,27
31270,Bountiti,dun-modr,810,shaman,restoration,18,10,8
31271,Viinny,dun-modr,810,shaman,restoration,30,10,20
31272,Crixuss,argent-dawn,809,shaman,restoration,17,9,8
31273,Pvegame,tarren-mill,809,shaman,restoration,20,10,10
31274,Bomboclat,azjolnerub,806,shaman,restoration,23,9,14
31275,Shinigamy,kazzak,800,shaman,restoration,26,10,16
31276,Akwa,stormscale,799,shaman,restoration,20,9,11
31277,Gerlo,thrall,797,shaman,restoration,25,11,14
31278,Gards,sylvanas,795,shaman,restoration,32,9,23
31279,Isìs,norgannon,773,shaman,restoration,36,9,27
31280,Socialfailur,archimonde,768,shaman,restoration,12,8,4
31281,Wolkî,aegwynn,768,shaman,restoration,12,8,4
31282,Vibesham,outland,768,shaman,restoration,12,8,4
31283,Simiann,outland,768,shaman,restoration,12,8,4
31284,Ivnashaman,drakthul,768,shaman,restoration,12,8,4
31285,Rostislav,ravencrest,768,shaman,restoration,12,8,4
31286,Vërÿßåðxd,silvermoon,768,shaman,restoration,12,8,4
31287,Wawawoowee,archimonde,768,shaman,restoration,12,8,4
31288,Enchancement,ragnaros,768,shaman,restoration,12,8,4
31289,Öyama,sinstralis,768,shaman,restoration,12,8,4
31290,Squixi,ravencrest,768,shaman,restoration,12,8,4
31291,Lontarita,tarren-mill,768,shaman,restoration,12,8,4
31292,Shoqt,les-sentinelles,768,shaman,restoration,12,8,4
31293,Navajito,tarren-mill,768,shaman,restoration,12,8,4
31294,Кодишам,howling-fjord,768,shaman,restoration,12,8,4
31295,Mustabrutus,tarren-mill,768,shaman,restoration,16,9,7
31296,Тотембот,soulflayer,768,shaman,restoration,18,8,10
31297,Nøraa,ravencrest,768,shaman,restoration,18,8,10
31298,Дыркавауре,soulflayer,768,shaman,restoration,18,8,10
31299,Infinitetide,doomhammer,768,shaman,restoration,18,8,10
31300,Qoekke,uldum,768,shaman,restoration,18,8,10
31301,Зачикинимся,howling-fjord,768,shaman,restoration,18,8,10
31302,Lorko,twisting-nether,768,shaman,restoration,18,8,10
31303,Googleme,veklor,768,shaman,restoration,24,8,16
31304,Meneswave,blackhand,768,shaman,restoration,24,8,16
31305,Jänis,ragnaros,767,shaman,restoration,12,8,4
31306,Vallhur,burning-legion,767,shaman,restoration,12,8,4
31307,Dapawz,defias-brotherhood,767,shaman,restoration,12,8,4
31308,Magma,kazzak,767,shaman,restoration,12,8,4
31309,Berasham,dalaran,767,shaman,restoration,12,8,4
31310,Aliatës,sanguino,767,shaman,restoration,18,8,10
31311,Hàrdstûkgødx,uldaman,767,shaman,restoration,18,8,10
31312,Nøxylol,veklor,767,shaman,restoration,18,8,10
31313,Iwaa,dalaran,767,shaman,restoration,18,8,10
31314,Lickmytôtem,frostmane,767,shaman,restoration,18,8,10
31315,Bloodseeker,tarren-mill,767,shaman,restoration,18,8,10
31316,Gungo,deathwing,767,shaman,restoration,18,8,10
31317,Chamika,dentarg,767,shaman,restoration,24,8,16
31318,Sniipy,blackmoore,767,shaman,restoration,24,8,16
31319,Foxy,alakir,767,shaman,restoration,24,8,16
31320,Джоукх,howling-fjord,766,shaman,restoration,12,8,4
31321,Stivishamy,blackmoore,766,shaman,restoration,12,8,4
31322,Eero,darksorrow,766,shaman,restoration,12,8,4
31323,Hephaisto,defias-brotherhood,766,shaman,restoration,12,8,4
31324,Cleansing,nemesis,766,shaman,restoration,12,8,4
31325,Robbie,dentarg,766,shaman,restoration,12,8,4
31326,Shamone,stormreaver,766,shaman,restoration,12,8,4
31327,Kéimohansio,draenor,766,shaman,restoration,24,8,16
31328,Binslagala,zuljin,765,shaman,restoration,12,8,4
31329,Størmbølt,draenor,765,shaman,restoration,18,8,10
31330,Whatsup,aggramar,765,shaman,restoration,18,8,10
31331,Nephylim,grim-batol,765,shaman,restoration,18,8,10
31332,Suze,hellfire,765,shaman,restoration,18,8,10
31333,Naargie,outland,765,shaman,restoration,20,8,12
31334,Ironspine,sylvanas,764,shaman,restoration,18,8,10
31335,Khattla,outland,763,shaman,restoration,12,8,4
31336,Gundersen,stormscale,763,shaman,restoration,18,8,10
31337,Eveeöe,outland,763,shaman,restoration,18,8,10
31338,Rórekk,aegwynn,761,shaman,restoration,18,8,10
31339,Zerwurster,thrall,760,shaman,restoration,18,8,10
31340,Towokk,kazzak,757,shaman,restoration,12,8,4
31341,Sakoon,twisting-nether,751,shaman,restoration,18,8,10
31342,Øzy,sanguino,749,shaman,restoration,14,8,6
31343,Picklechris,tarren-mill,748,shaman,restoration,18,8,10
31344,Thunderberg,antonidas,746,shaman,restoration,24,8,16
31345,Дарьюша,fordragon,744,shaman,restoration,12,8,4
31346,Kuubskii,ravencrest,719,shaman,restoration,11,8,3
31347,Агмень,howling-fjord,717,shaman,restoration,39,8,31
31348,Purgérkíng,silvermoon,713,shaman,restoration,15,9,6
31349,Stolen,skullcrusher,712,shaman,restoration,15,9,6
31350,Onkens,ravencrest,712,shaman,restoration,21,9,12
31351,Lauree,terokkar,710,shaman,restoration,23,9,14
31352,Thangog,ragnaros,703,shaman,restoration,16,8,8
31353,Тотемвуман,soulflayer,703,shaman,restoration,22,8,14
31354,Грейсаша,howling-fjord,695,shaman,restoration,22,8,14
31355,Robgon,aggra-português,689,shaman,restoration,23,8,15
31356,Turbohulk,blackrock,688,shaman,restoration,13,8,5
31357,Cumulichan,ragnaros,687,shaman,restoration,11,8,3
31358,Esher,frostwolf,672,shaman,restoration,12,7,5
31359,Dôppel,archimonde,672,shaman,restoration,12,7,5
31360,Popopopopor,archimonde,672,shaman,restoration,12,7,5
31361,Qoleck,aegwynn,672,shaman,restoration,12,7,5
31362,Gigawashed,archimonde,672,shaman,restoration,12,7,5
31363,Djtomp,kazzak,672,shaman,restoration,12,7,5
31364,Blackbeardxd,stormscale,672,shaman,restoration,12,7,5
31365,Koruga,frostwolf,672,shaman,restoration,12,7,5
31366,Spiirit,tarren-mill,672,shaman,restoration,12,7,5
31367,Iamshamon,kazzak,672,shaman,restoration,12,7,5
31368,Pogchampz,nemesis,672,shaman,restoration,12,7,5
31369,Qicholardon,archimonde,672,shaman,restoration,12,7,5
31370,Alëxx,hyjal,672,shaman,restoration,12,7,5
31371,Awumbahway,outland,672,shaman,restoration,12,7,5
31372,Ånny,blackmoore,672,shaman,restoration,12,7,5
31373,Роджермур,howling-fjord,672,shaman,restoration,12,7,5
31374,Pepegahex,blackmoore,672,shaman,restoration,12,7,5
31375,Cahyr,ravencrest,672,shaman,restoration,12,7,5
31376,Rôwdy,kazzak,672,shaman,restoration,12,7,5
31377,Winshear,twisting-nether,672,shaman,restoration,12,7,5
31378,Raintlordx,twisting-nether,672,shaman,restoration,12,7,5
31379,Prøxxy,ravencrest,672,shaman,restoration,12,7,5
31380,Yegera,stormscale,672,shaman,restoration,12,7,5
31381,Berly,stormscale,672,shaman,restoration,12,7,5
31382,Horcsog,ravencrest,672,shaman,restoration,18,7,11
31383,Horiq,kazzak,672,shaman,restoration,18,7,11
31384,Triplewhoppa,thrall,672,shaman,restoration,18,7,11
31385,Крэйвхх,howling-fjord,672,shaman,restoration,18,7,11
31386,Zulylol,outland,672,shaman,restoration,18,7,11
31387,Oningodx,drakthul,672,shaman,restoration,18,7,11
31388,Kataclysm,nemesis,672,shaman,restoration,18,7,11
31389,Levarázsol,outland,672,shaman,restoration,18,7,11
31390,Barbebiendur,archimonde,672,shaman,restoration,18,7,11
31391,Sháme,azjolnerub,672,shaman,restoration,18,7,11
31392,Átòmíc,eredar,672,shaman,restoration,18,7,11
31393,Agrok,jaedenar,672,shaman,restoration,18,7,11
31394,Kimsshaman,ragnaros,672,shaman,restoration,18,7,11
31395,Raiden,aegwynn,672,shaman,restoration,18,7,11
31396,Reticlol,kazzak,672,shaman,restoration,18,7,11
31397,Çøynx,aegwynn,672,shaman,restoration,20,7,13
31398,Recov,draenor,672,shaman,restoration,22,7,15
31399,Shamansh,draenor,671,shaman,restoration,14,9,5
31400,Rooske,draenor,671,shaman,restoration,12,7,5
31401,Elshimano,ravencrest,671,shaman,restoration,12,7,5
31402,Matsudah,ragnaros,671,shaman,restoration,12,7,5
31403,Jochenzulauf,blackrock,671,shaman,restoration,12,7,5
31404,Geneazytwo,silvermoon,671,shaman,restoration,13,7,6
31405,Brocksamson,dentarg,671,shaman,restoration,14,7,7
31406,Glak,draenor,671,shaman,restoration,18,7,11
31407,Indennacken,blackmoore,671,shaman,restoration,18,7,11
31408,Xentic,kazzak,671,shaman,restoration,18,7,11
31409,Bordellgast,thrall,671,shaman,restoration,18,7,11
31410,Nïshä,twisting-nether,671,shaman,restoration,18,7,11
31411,Zahké,stormscale,671,shaman,restoration,18,7,11
31412,Zippidizap,ulduar,671,shaman,restoration,18,7,11
31413,Shâdôwlîght,antonidas,671,shaman,restoration,18,7,11
31414,Skullføck,argent-dawn,671,shaman,restoration,21,8,13
31415,Mòónz,kazzak,671,shaman,restoration,24,7,17
31416,Plùx,antonidas,670,shaman,restoration,12,7,5
31417,Bjorhuk,ravencrest,670,shaman,restoration,12,7,5
31418,Tidors,burning-legion,670,shaman,restoration,12,7,5
31419,Abx,draenor,670,shaman,restoration,18,7,11
31420,Shamaxwell,blackhand,669,shaman,restoration,12,7,5
31421,Woew,tarren-mill,669,shaman,restoration,12,7,5
31422,Shacharcaspi,blackmoore,669,shaman,restoration,24,7,17
31423,Simph,uldum,669,shaman,restoration,24,7,17
31424,Temeres,drakthul,668,shaman,restoration,12,7,5
31425,Bloggurt,tarren-mill,668,shaman,restoration,18,7,11
31426,Aveet,kazzak,667,shaman,restoration,18,7,11
31427,Millacki,blackrock,667,shaman,restoration,18,7,11
31428,Omeletteoeuf,silvermoon,666,shaman,restoration,12,7,5
31429,Briindead,archimonde,665,shaman,restoration,12,7,5
31430,Sneggels,wrathbringer,665,shaman,restoration,21,8,13
31431,Mosterx,stormscale,664,shaman,restoration,18,7,11
31432,Bogmagnus,the-maelstrom,659,shaman,restoration,39,13,26
31433,Ayesapik,dalaran,657,shaman,restoration,12,7,5
31434,Неерззул,soulflayer,639,shaman,restoration,17,7,10
31435,Zenzua,twisting-nether,638,shaman,restoration,11,7,4
31436,Nojiko,blackrock,638,shaman,restoration,17,7,10
31437,Altesh,die-todeskrallen,634,shaman,restoration,16,7,9
31438,Енотикусь,soulflayer,618,shaman,restoration,12,8,4
31439,Disharmony,outland,618,shaman,restoration,12,8,4
31440,Randomuwu,stormscale,616,shaman,restoration,22,8,14
31441,Мке,howling-fjord,615,shaman,restoration,29,11,18
31442,Martiinii,dragonmaw,606,shaman,restoration,11,7,4
31443,Zhead,aggramar,584,shaman,restoration,16,9,7
31444,Yacuzwerg,blackrock,576,shaman,restoration,6,6,0
31445,Ethixx,outland,576,shaman,restoration,6,6,0
31446,Imdarat,hyjal,576,shaman,restoration,6,6,0
31447,Wíwi,kazzak,576,shaman,restoration,6,6,0
31448,Oldveteran,eredar,576,shaman,restoration,6,6,0
31449,Lortihalsen,outland,576,shaman,restoration,12,6,6
31450,Katwio,hyjal,576,shaman,restoration,12,6,6
31451,Purgecleave,dalvengyr,576,shaman,restoration,12,6,6
31452,Stormfreg,quelthalas,576,shaman,restoration,12,6,6
31453,Ambuu,kazzak,576,shaman,restoration,12,6,6
31454,Cardeâ,blackhand,576,shaman,restoration,12,6,6
31455,Skottkärrà,ravencrest,576,shaman,restoration,12,6,6
31456,Runbrorun,hyjal,576,shaman,restoration,12,6,6
31457,Groquick,dalaran,576,shaman,restoration,12,6,6
31458,Kaluna,outland,576,shaman,restoration,12,6,6
31459,Гоэл,ashenvale,576,shaman,restoration,12,6,6
31460,Канамаш,borean-tundra,576,shaman,restoration,12,6,6
31461,Chamanox,dalaran,576,shaman,restoration,12,6,6
31462,Dimront,gorgonnash,576,shaman,restoration,12,6,6
31463,Blipster,tarren-mill,576,shaman,restoration,12,6,6
31464,Erepmad,ravencrest,576,shaman,restoration,12,6,6
31465,Bigdaddyxo,tarren-mill,576,shaman,restoration,12,6,6
31466,Thaw,sylvanas,576,shaman,restoration,12,6,6
31467,Goodevening,tarren-mill,576,shaman,restoration,12,6,6
31468,Kocaina,kazzak,576,shaman,restoration,12,6,6
31469,Wintradezki,tarren-mill,576,shaman,restoration,12,6,6
31470,Kilninshape,archimonde,576,shaman,restoration,12,6,6
31471,Enoughh,the-maelstrom,576,shaman,restoration,12,6,6
31472,Monamour,twisting-nether,576,shaman,restoration,12,6,6
31473,Neverqueue,defias-brotherhood,576,shaman,restoration,12,6,6
31474,Mýthaz,archimonde,576,shaman,restoration,12,6,6
31475,Jodel,tarren-mill,576,shaman,restoration,12,6,6
31476,Thatstheswag,blackmoore,576,shaman,restoration,12,6,6
31477,Qwázú,silvermoon,576,shaman,restoration,12,6,6
31478,Shmøn,outland,576,shaman,restoration,12,6,6
31479,Elmezz,outland,576,shaman,restoration,12,6,6
31480,Lmnn,ravencrest,576,shaman,restoration,12,6,6
31481,Løktarøgàr,archimonde,576,shaman,restoration,12,6,6
31482,Draredemolen,archimonde,576,shaman,restoration,12,6,6
31483,Vælcya,archimonde,576,shaman,restoration,12,6,6
31484,Komodski,kazzak,576,shaman,restoration,12,6,6
31485,Хоупосх,gordunni,576,shaman,restoration,12,6,6
31486,Embodiment,blackrock,576,shaman,restoration,12,6,6
31487,Lågertha,sanguino,576,shaman,restoration,12,6,6
31488,Ðevi,ravencrest,576,shaman,restoration,12,6,6
31489,Shäman,burning-blade,576,shaman,restoration,12,6,6
31490,Gromaburst,stormscale,576,shaman,restoration,12,6,6
31491,Khidon,silvermoon,576,shaman,restoration,12,6,6
31492,Амальтейх,soulflayer,576,shaman,restoration,12,6,6
31493,Rëazx,archimonde,576,shaman,restoration,12,6,6
31494,Floki,emerald-dream,576,shaman,restoration,18,6,12
31495,Kioterasham,conseil-des-ombres,576,shaman,restoration,18,6,12
31496,Patsham,wildhammer,576,shaman,restoration,18,6,12
31497,Nyfario,marécage-de-zangar,576,shaman,restoration,18,6,12
31498,Sarkathi,kazzak,576,shaman,restoration,18,6,12
31499,Thefirebird,blackhand,576,shaman,restoration,18,6,12
31500,Heyzal,aegwynn,576,shaman,restoration,20,6,14
31501,Tauridus,blackrock,575,shaman,restoration,12,6,6
31502,Ongewasgone,defias-brotherhood,575,shaman,restoration,12,6,6
31503,Безрукан,howling-fjord,575,shaman,restoration,12,6,6
31504,Stortvloed,twisting-nether,575,shaman,restoration,12,6,6
31505,Sikro,frostwolf,575,shaman,restoration,12,6,6
31506,Sjearthen,defias-brotherhood,575,shaman,restoration,12,6,6
31507,Kyaz,ravencrest,575,shaman,restoration,12,6,6
31508,Pakasschami,frostwolf,575,shaman,restoration,12,6,6
31509,Shazefin,twisting-nether,575,shaman,restoration,12,6,6
31510,Outerspace,silvermoon,575,shaman,restoration,12,6,6
31511,Shamtime,aegwynn,575,shaman,restoration,12,6,6
31512,Aesonis,kazzak,575,shaman,restoration,14,6,8
31513,Mystico,sanguino,575,shaman,restoration,18,6,12
31514,Джусипуси,gordunni,575,shaman,restoration,18,6,12
31515,Lorthargol,chamber-of-aspects,575,shaman,restoration,18,6,12
31516,Турелька,blackscar,575,shaman,restoration,18,6,12
31517,Shadî,kiljaeden,574,shaman,restoration,12,6,6
31518,Tidushears,thrall,574,shaman,restoration,12,6,6
31519,Shamandeadly,aggra-português,574,shaman,restoration,12,6,6
31520,Turbokrapka,tarren-mill,574,shaman,restoration,12,6,6
31521,Kongapenes,tarren-mill,574,shaman,restoration,12,6,6
31522,Pépón,dun-modr,574,shaman,restoration,18,6,12
31523,Notwhoheals,executus,574,shaman,restoration,18,6,12
31524,Dobbi,dethecus,573,shaman,restoration,12,6,6
31525,Bolski,stormreaver,573,shaman,restoration,12,6,6
31526,Shammzy,mannoroth,573,shaman,restoration,24,6,18
31527,Amarök,nerzhul,571,shaman,restoration,12,6,6
31528,Alïsyo,nemesis,570,shaman,restoration,18,6,12
31529,Zuggerberg,defias-brotherhood,558,shaman,restoration,17,6,11
31530,Ongedierte,tarren-mill,543,shaman,restoration,11,6,5
31531,Greenguard,argent-dawn,540,shaman,restoration,23,6,17
31532,Totemglad,drakthul,528,shaman,restoration,9,7,2
31533,Whibbler,ravencrest,528,shaman,restoration,21,7,14
31534,Télapou,ragnaros,527,shaman,restoration,11,6,5
31535,Randomshamx,ravencrest,527,shaman,restoration,11,6,5
31536,Манрото,soulflayer,526,shaman,restoration,9,6,3
31537,Mycameltotem,ravencrest,522,shaman,restoration,21,7,14
31538,Arigolds,twilights-hammer,511,shaman,restoration,11,6,5
31539,Jakesmistake,stormscale,494,shaman,restoration,11,7,4
31540,Эйвуа,gordunni,486,shaman,restoration,22,8,14
31541,Shamsteaks,thrall,480,shaman,restoration,6,5,1
31542,Hyperieon,antonidas,480,shaman,restoration,6,5,1
31543,Meeq,deathwing,480,shaman,restoration,6,5,1
31544,Antikahraman,blackrock,480,shaman,restoration,6,5,1
31545,Keiro,burning-blade,480,shaman,restoration,6,5,1
31546,Ub,garona,480,shaman,restoration,6,5,1
31547,Doubleshamz,the-maelstrom,480,shaman,restoration,6,5,1
31548,Djschamihaar,blackrock,480,shaman,restoration,6,5,1
31549,Aeldrid,argent-dawn,480,shaman,restoration,6,5,1
31550,Qwauzinator,silvermoon,480,shaman,restoration,6,5,1
31551,Xêra,burning-legion,480,shaman,restoration,10,6,4
31552,Дрекрош,howling-fjord,480,shaman,restoration,12,5,7
31553,Zæus,ragnaros,480,shaman,restoration,12,5,7
31554,Papskalla,ravencrest,480,shaman,restoration,12,5,7
31555,Thyeori,stormscale,480,shaman,restoration,12,5,7
31556,Бунтх,howling-fjord,480,shaman,restoration,12,5,7
31557,Unleashme,sylvanas,480,shaman,restoration,12,5,7
31558,Ghorall,ragnaros,480,shaman,restoration,12,5,7
31559,Kemmi,dalaran,480,shaman,restoration,12,5,7
31560,Lontarsdaddy,twisting-nether,480,shaman,restoration,12,5,7
31561,Hakunax,twisting-nether,480,shaman,restoration,12,5,7
31562,Nøný,gorgonnash,480,shaman,restoration,12,5,7
31563,Jakeir,auchindoun,480,shaman,restoration,12,5,7
31564,Tooltip,tarren-mill,480,shaman,restoration,12,5,7
31565,Hogmodig,tarren-mill,480,shaman,restoration,12,5,7
31566,Бьерн,deepholm,480,shaman,restoration,12,5,7
31567,Volwerin,blackhand,480,shaman,restoration,12,5,7
31568,Lumière,alonsus,480,shaman,restoration,12,5,7
31569,Pakxø,malganis,480,shaman,restoration,12,5,7
31570,Adzkímo,tarren-mill,480,shaman,restoration,12,5,7
31571,Kïtten,tarren-mill,480,shaman,restoration,12,5,7
31572,Uanl,stormscale,480,shaman,restoration,12,5,7
31573,Slasket,bloodscalp,480,shaman,restoration,12,5,7
31574,Évileye,silvermoon,480,shaman,restoration,12,5,7
31575,Shamarco,nemesis,480,shaman,restoration,12,5,7
31576,Nevagonalink,archimonde,480,shaman,restoration,12,5,7
31577,Egor,alakir,480,shaman,restoration,12,5,7
31578,Leafplsx,blackrock,480,shaman,restoration,12,5,7
31579,Ravenshock,bloodfeather,480,shaman,restoration,12,5,7
31580,Totemiclol,aegwynn,480,shaman,restoration,12,5,7
31581,Tigo,tarren-mill,480,shaman,restoration,12,5,7
31582,Riptidegodx,archimonde,480,shaman,restoration,12,5,7
31583,Spaceboy,archimonde,480,shaman,restoration,12,5,7
31584,Caliqueños,sanguino,480,shaman,restoration,12,5,7
31585,Hexftw,khaz-modan,480,shaman,restoration,12,5,7
31586,Qishwilu,ravencrest,480,shaman,restoration,12,5,7
31587,Libano,archimonde,480,shaman,restoration,12,5,7
31588,Asschick,outland,480,shaman,restoration,12,5,7
31589,Craisaz,nemesis,480,shaman,restoration,12,5,7
31590,Markboymint,earthen-ring,480,shaman,restoration,12,5,7
31591,Chilliajin,tarren-mill,480,shaman,restoration,12,5,7
31592,Aesa,dun-modr,480,shaman,restoration,12,5,7
31593,Styllz,uldaman,480,shaman,restoration,12,5,7
31594,Zougzy,uldaman,480,shaman,restoration,12,5,7
31595,Burrowabuser,nemesis,480,shaman,restoration,12,5,7
31596,Sliiderr,draenor,480,shaman,restoration,12,5,7
31597,Flandersx,ravencrest,480,shaman,restoration,12,5,7
31598,Kempfer,blackrock,480,shaman,restoration,12,5,7
31599,Evííl,tarren-mill,480,shaman,restoration,12,5,7
31600,Bandyy,magtheridon,480,shaman,restoration,12,5,7
31601,Aeknor,ravencrest,480,shaman,restoration,12,5,7
31602,Cheerz,ravencrest,480,shaman,restoration,12,5,7
31603,Papaver,zirkel-des-cenarius,480,shaman,restoration,12,5,7
31604,Кенниарт,howling-fjord,480,shaman,restoration,18,5,13
31605,Селфлессх,soulflayer,480,shaman,restoration,18,5,13
31606,Bruho,mazrigos,480,shaman,restoration,18,5,13
31607,Nêgan,ravencrest,480,shaman,restoration,22,5,17
31608,Savan,darkspear,480,shaman,restoration,24,5,19
31609,Banilikum,tarren-mill,480,shaman,restoration,24,5,19
31610,Rawtex,draenor,480,shaman,restoration,26,5,21
31611,Axéron,blackhand,479,shaman,restoration,12,5,7
31612,Amnistia,ragnaros,479,shaman,restoration,12,5,7
31613,Babyboomz,bronze-dragonflight,479,shaman,restoration,12,5,7
31614,Obêlixx,blackmoore,479,shaman,restoration,12,5,7
31615,Ominouslove,twisting-nether,479,shaman,restoration,12,5,7
31616,Sakar,auchindoun,479,shaman,restoration,12,5,7
31617,Weho,kazzak,479,shaman,restoration,12,5,7
31618,Donnerbubele,aegwynn,479,shaman,restoration,12,5,7
31619,Ошибся,deathguard,479,shaman,restoration,12,5,7
31620,Gelaende,thrall,479,shaman,restoration,12,5,7
31621,Manolaz,kazzak,479,shaman,restoration,12,5,7
31622,Scoobsz,thrall,479,shaman,restoration,15,5,10
31623,Yasunari,sanguino,479,shaman,restoration,18,5,13
31624,Rixxa,stormscale,478,shaman,restoration,18,5,13
31625,Jotuna,argent-dawn,478,shaman,restoration,18,5,13
31626,Thrallallero,pozzo-delleternità,477,shaman,restoration,12,5,7
31627,Xenda,blackrock,477,shaman,restoration,12,5,7
31628,Thaun,blackrock,477,shaman,restoration,18,5,13
31629,Killhorn,malganis,474,shaman,restoration,12,5,7
31630,Wanryoku,kaelthas,472,shaman,restoration,12,5,7
31631,Shamanarama,sylvanas,463,shaman,restoration,23,5,18
31632,Asahi,arthas,447,shaman,restoration,11,5,6
31633,Cotêaz,thrall,446,shaman,restoration,10,5,5
31634,Shamakerr,tarren-mill,426,shaman,restoration,17,7,10
31635,Äppelpaj,earthen-ring,426,shaman,restoration,15,6,9
31636,Ulrichh,twisting-nether,415,shaman,restoration,8,5,3
31637,Blixtlasse,magtheridon,400,shaman,restoration,13,5,8
31638,Littletrall,outland,384,shaman,restoration,6,4,2
31639,Onionz,stormreaver,384,shaman,restoration,6,4,2
31640,Shamanash,kazzak,384,shaman,restoration,6,4,2
31641,Thriveqt,nemesis,384,shaman,restoration,6,4,2
31642,Gotta,dethecus,384,shaman,restoration,6,4,2
31643,Электро,thermaplugg,384,shaman,restoration,6,4,2
31644,Sanktyx,blackhand,384,shaman,restoration,6,4,2
31645,Silden,thrall,384,shaman,restoration,6,4,2
31646,Cuchullaín,blackmoore,384,shaman,restoration,6,4,2
31647,Flùffy,nemesis,384,shaman,restoration,6,4,2
31648,Хотдевил,gordunni,384,shaman,restoration,6,4,2
31649,Фредуизли,howling-fjord,384,shaman,restoration,6,4,2
31650,Keräx,cthun,384,shaman,restoration,6,4,2
31651,Kundt,dalaran,384,shaman,restoration,6,4,2
31652,Tsugu,kazzak,384,shaman,restoration,6,4,2
31653,Johnnysîns,blackhand,384,shaman,restoration,6,4,2
31654,Artîe,archimonde,384,shaman,restoration,6,4,2
31655,Skoddy,blackmoore,384,shaman,restoration,6,4,2
31656,Громкеш,howling-fjord,384,shaman,restoration,6,4,2
31657,Toasterbread,kazzak,384,shaman,restoration,6,4,2
31658,Eras,ragnaros,384,shaman,restoration,6,4,2
31659,Hamuksha,nerathor,384,shaman,restoration,6,4,2
31660,Imdax,hyjal,384,shaman,restoration,6,4,2
31661,Lingz,auchindoun,384,shaman,restoration,6,4,2
31662,Bandulski,twisting-nether,384,shaman,restoration,6,4,2
31663,Eaglhex,silvermoon,384,shaman,restoration,6,4,2
31664,Waterboy,tarren-mill,384,shaman,restoration,6,4,2
31665,Bloodburst,stormscale,384,shaman,restoration,6,4,2
31666,Pank,kazzak,384,shaman,restoration,6,4,2
31667,Soffsittaren,kazzak,384,shaman,restoration,6,4,2
31668,Totembeard,frostmourne,384,shaman,restoration,6,4,2
31669,Ptiloup,varimathras,384,shaman,restoration,6,4,2
31670,Kekke,uldum,384,shaman,restoration,6,4,2
31671,Prup,tarren-mill,384,shaman,restoration,6,4,2
31672,Grimn,burning-legion,384,shaman,restoration,6,4,2
31673,Shàyâ,ysondre,384,shaman,restoration,6,4,2
31674,Yozgatlilan,aegwynn,384,shaman,restoration,6,4,2
31675,Criticalx,eredar,384,shaman,restoration,15,5,10
31676,Keén,burning-legion,384,shaman,restoration,12,4,8
31677,Меготип,deathweaver,384,shaman,restoration,12,4,8
31678,Zídané,antonidas,384,shaman,restoration,12,4,8
31679,Drumx,aegwynn,384,shaman,restoration,12,4,8
31680,Numbs,tarren-mill,384,shaman,restoration,12,4,8
31681,Voodz,nathrezim,384,shaman,restoration,12,4,8
31682,Kerfo,ragnaros,384,shaman,restoration,12,4,8
31683,Sempaihentai,draenor,384,shaman,restoration,12,4,8
31684,Abdegor,burning-legion,384,shaman,restoration,12,4,8
31685,Maluch,burning-legion,384,shaman,restoration,12,4,8
31686,Анашишка,borean-tundra,384,shaman,restoration,12,4,8
31687,Gharn,sanguino,384,shaman,restoration,12,4,8
31688,Archsha,burning-legion,384,shaman,restoration,12,4,8
31689,Kaffekask,stormscale,384,shaman,restoration,12,4,8
31690,Guayotta,sanguino,384,shaman,restoration,12,4,8
31691,Lavababe,blackmoore,384,shaman,restoration,12,4,8
31692,Pasjeop,ravencrest,384,shaman,restoration,12,4,8
31693,Drakamaa,ravencrest,384,shaman,restoration,12,4,8
31694,Kalhoznik,ravencrest,384,shaman,restoration,12,4,8
31695,Tteïl,archimonde,384,shaman,restoration,12,4,8
31696,Bolg,veklor,384,shaman,restoration,12,4,8
31697,Vey,hyjal,384,shaman,restoration,12,4,8
31698,Ранняяпташка,soulflayer,384,shaman,restoration,12,4,8
31699,Chimey,frostmane,384,shaman,restoration,12,4,8
31700,Shamdren,outland,384,shaman,restoration,12,4,8
31701,Gauss,agamaggan,384,shaman,restoration,12,4,8
31702,Serasol,sylvanas,384,shaman,restoration,12,4,8
31703,Энхай,azuregos,384,shaman,restoration,12,4,8
31704,Kuyamii,blackrock,384,shaman,restoration,12,4,8
31705,Daklickshamy,blackmoore,384,shaman,restoration,12,4,8
31706,Bigfatjay,stormscale,384,shaman,restoration,12,4,8
31707,Zyphiz,twisting-nether,384,shaman,restoration,12,4,8
31708,Götveren,eredar,384,shaman,restoration,12,4,8
31709,Wagaluu,ravencrest,384,shaman,restoration,12,4,8
31710,Smahamtwo,stormscale,384,shaman,restoration,12,4,8
31711,Kashnar,tarren-mill,384,shaman,restoration,12,4,8
31712,Jarona,twisting-nether,384,shaman,restoration,12,4,8
31713,Saksyl,zuljin,384,shaman,restoration,12,4,8
31714,Frosthamer,ragnaros,383,shaman,restoration,6,4,2
31715,Darthshox,outland,383,shaman,restoration,10,5,5
31716,Cisd,tarren-mill,383,shaman,restoration,12,4,8
31717,Manush,aszune,383,shaman,restoration,12,4,8
31718,Sleyvarian,chamber-of-aspects,383,shaman,restoration,12,4,8
31719,Slippyjim,azshara,382,shaman,restoration,12,4,8
31720,Avatarroku,blackhand,382,shaman,restoration,12,4,8
31721,Icytide,kazzak,378,shaman,restoration,18,7,11
31722,Wakka,wildhammer,378,shaman,restoration,30,4,26
31723,Zboubii,archimonde,351,shaman,restoration,17,4,13
31724,Krootox,sunstrider,320,shaman,restoration,16,4,12
31725,Schamitwo,twisting-nether,319,shaman,restoration,5,4,1
31726,Murog,dalaran,319,shaman,restoration,8,4,4
31727,Faìnt,stormscale,288,shaman,restoration,6,3,3
31728,Muddy,argent-dawn,288,shaman,restoration,6,3,3
31729,Bingo,tarren-mill,288,shaman,restoration,6,3,3
31730,Asstroy,sanguino,288,shaman,restoration,6,3,3
31731,Ixthus,varimathras,288,shaman,restoration,6,3,3
31732,Shamamamin,argent-dawn,288,shaman,restoration,6,3,3
31733,Oroastbeef,archimonde,288,shaman,restoration,6,3,3
31734,Brandbombe,frostwolf,288,shaman,restoration,6,3,3
31735,Nohealtilt,stormscale,288,shaman,restoration,6,3,3
31736,ßiggie,garona,288,shaman,restoration,6,3,3
31737,Chainbeef,blackmoore,288,shaman,restoration,6,3,3
31738,Crazywitcho,archimonde,288,shaman,restoration,6,3,3
31739,Abalenn,kazzak,288,shaman,restoration,6,3,3
31740,Shamoobob,archimonde,288,shaman,restoration,6,3,3
31741,Видсон,soulflayer,288,shaman,restoration,6,3,3
31742,Votie,tarren-mill,288,shaman,restoration,6,3,3
31743,Ragnesch,aegwynn,288,shaman,restoration,6,3,3
31744,Shànnón,kazzak,288,shaman,restoration,6,3,3
31745,Вэллкомм,gordunni,288,shaman,restoration,6,3,3
31746,Rna,ragnaros,288,shaman,restoration,6,3,3
31747,Драмкул,soulflayer,288,shaman,restoration,6,3,3
31748,Kilazz,twisting-nether,288,shaman,restoration,6,3,3
31749,Ticutashaman,argent-dawn,288,shaman,restoration,6,3,3
31750,Corlysvelary,doomhammer,288,shaman,restoration,6,3,3
31751,Bharudor,antonidas,288,shaman,restoration,6,3,3
31752,Bandiitti,darksorrow,288,shaman,restoration,6,3,3
31753,Jazzcore,twisting-nether,288,shaman,restoration,6,3,3
31754,Bûttâ,archimonde,288,shaman,restoration,6,3,3
31755,Cristhor,nemesis,288,shaman,restoration,6,3,3
31756,Ridemytotem,blackrock,288,shaman,restoration,6,3,3
31757,Surge,darksorrow,288,shaman,restoration,6,3,3
31758,Søljar,draenor,288,shaman,restoration,6,3,3
31759,Maburst,silvermoon,288,shaman,restoration,6,3,3
31760,Stinkyfînger,draenor,288,shaman,restoration,6,3,3
31761,Елемчикх,gordunni,288,shaman,restoration,6,3,3
31762,Cøkka,hyjal,288,shaman,restoration,6,3,3
31763,Бриз,blackscar,288,shaman,restoration,6,3,3
31764,Stibs,silvermoon,288,shaman,restoration,6,3,3
31765,Kalinn,sylvanas,288,shaman,restoration,6,3,3
31766,Ýípìÿøû,dun-modr,288,shaman,restoration,6,3,3
31767,Shamatto,nemesis,288,shaman,restoration,6,3,3
31768,Grosgourdin,la-croisade-écarlate,288,shaman,restoration,6,3,3
31769,Wealey,drakthul,288,shaman,restoration,6,3,3
31770,Origins,archimonde,288,shaman,restoration,6,3,3
31771,Гарантииный,lich-king,288,shaman,restoration,6,3,3
31772,Tenror,ragnaros,288,shaman,restoration,6,3,3
31773,Kimunamatata,draenor,288,shaman,restoration,6,3,3
31774,Soulsh,die-ewige-wacht,288,shaman,restoration,6,3,3
31775,Rkeev,blackrock,288,shaman,restoration,6,3,3
31776,Tarzh,dalaran,288,shaman,restoration,6,3,3
31777,Majinbeb,hyjal,288,shaman,restoration,6,3,3
31778,Groundcslol,kazzak,288,shaman,restoration,6,3,3
31779,Oldmanrena,stormscale,288,shaman,restoration,6,3,3
31780,Zapyboye,grim-batol,288,shaman,restoration,6,3,3
31781,Blboz,grim-batol,288,shaman,restoration,6,3,3
31782,Totemboyuk,tarren-mill,288,shaman,restoration,6,3,3
31783,Ønepåc,hyjal,288,shaman,restoration,6,3,3
31784,Кхуздуфар,blackscar,288,shaman,restoration,6,3,3
31785,Ханикс,blackscar,288,shaman,restoration,6,3,3
31786,Rndshaman,thrall,288,shaman,restoration,6,3,3
31787,Jilyu,blackmoore,288,shaman,restoration,6,3,3
31788,Prepegahex,blackmoore,288,shaman,restoration,6,3,3
31789,Icecold,grim-batol,288,shaman,restoration,6,3,3
31790,Pyrotoad,blackmoore,288,shaman,restoration,6,3,3
31791,Richtigfies,kazzak,288,shaman,restoration,6,3,3
31792,Моралсидней,blackscar,288,shaman,restoration,6,3,3
31793,Kuzsham,archimonde,288,shaman,restoration,12,3,9
31794,Arîya,blackrock,288,shaman,restoration,12,3,9
31795,Feizhousa,outland,288,shaman,restoration,12,3,9
31796,Aboveaverage,stormscale,288,shaman,restoration,12,3,9
31797,Mazu,spinebreaker,288,shaman,restoration,12,3,9
31798,Hastabasta,sylvanas,288,shaman,restoration,12,3,9
31799,Nixxy,magtheridon,288,shaman,restoration,12,3,9
31800,Бэкдафакапп,blackscar,288,shaman,restoration,12,3,9
31801,Happyjuice,silvermoon,288,shaman,restoration,12,3,9
31802,Kandrox,blackmoore,288,shaman,restoration,12,3,9
31803,Krugx,draenor,288,shaman,restoration,12,3,9
31804,Wtbtoes,ravencrest,288,shaman,restoration,12,3,9
31805,Thrallotido,sanguino,288,shaman,restoration,12,3,9
31806,Thísisrestø,sanguino,288,shaman,restoration,12,3,9
31807,Flameshock,area-52,288,shaman,restoration,12,3,9
31808,Hobblefoot,stormscale,288,shaman,restoration,12,3,9
31809,Threnesham,kazzak,288,shaman,restoration,12,3,9
31810,Madrävëngodx,ragnaros,288,shaman,restoration,12,3,9
31811,Carthis,silvermoon,288,shaman,restoration,12,3,9
31812,Ríleyx,twisting-nether,288,shaman,restoration,12,3,9
31813,Volstorm,ysondre,288,shaman,restoration,12,3,9
31814,Magicflames,draenor,288,shaman,restoration,12,3,9
31815,Billburr,aegwynn,288,shaman,restoration,12,3,9
31816,Колбаскофф,gordunni,288,shaman,restoration,12,3,9
31817,Spitta,ysondre,288,shaman,restoration,12,3,9
31818,Pòcho,kazzak,288,shaman,restoration,17,3,14
31819,Sorcerus,burning-legion,288,shaman,restoration,18,3,15
31820,Áchilleus,kazzak,288,shaman,restoration,18,3,15
31821,Quiec,kazzak,288,shaman,restoration,18,3,15
31822,Frise,archimonde,287,shaman,restoration,6,3,3
31823,Zeiger,minahonda,287,shaman,restoration,12,3,9
31824,Deeblu,nemesis,287,shaman,restoration,12,3,9
31825,Rbghêâl,blackrock,287,shaman,restoration,18,3,15
31826,Mimsy,hyjal,285,shaman,restoration,12,3,9
31827,Localicious,ragnaros,255,shaman,restoration,11,3,8
31828,Crazypurgeqt,arathor,255,shaman,restoration,17,3,14
31829,Brigantino,burning-legion,239,shaman,restoration,5,3,2
31830,Tickly,blackhand,239,shaman,restoration,5,3,2
31831,Elliesham,kazzak,239,shaman,restoration,5,3,2
31832,Grübxxgg,frostmane,239,shaman,restoration,11,3,8
31833,Æxs,archimonde,234,shaman,restoration,8,4,4
31834,Yukîmøn,hyjal,234,shaman,restoration,11,4,7
31835,Ikó,kazzak,234,shaman,restoration,22,6,16
31836,Lexus,nordrassil,192,shaman,restoration,6,2,4
31837,Grende,sylvanas,192,shaman,restoration,6,2,4
31838,Kevox,malganis,192,shaman,restoration,6,2,4
31839,Imbahlink,draenor,192,shaman,restoration,6,2,4
31840,Tobbey,tarren-mill,192,shaman,restoration,6,2,4
31841,Пучмек,gordunni,192,shaman,restoration,6,2,4
31842,Renátosz,ragnaros,192,shaman,restoration,6,2,4
31843,Agorasiya,frostwolf,192,shaman,restoration,6,2,4
31844,Элементаликс,ashenvale,192,shaman,restoration,6,2,4
31845,Basegrandpa,ravencrest,192,shaman,restoration,6,2,4
31846,Тотемо,gordunni,192,shaman,restoration,6,2,4
31847,Smorclelx,khadgar,192,shaman,restoration,6,2,4
31848,Palarins,dalaran,192,shaman,restoration,6,2,4
31849,Srøgg,archimonde,192,shaman,restoration,6,2,4
31850,Nailos,dun-modr,192,shaman,restoration,6,2,4
31851,Bumbummann,blackmoore,192,shaman,restoration,6,2,4
31852,Reinssay,ysondre,192,shaman,restoration,6,2,4
31853,Kàji,ravencrest,192,shaman,restoration,6,2,4
31854,Wåe,outland,192,shaman,restoration,6,2,4
31855,Pûrge,tarren-mill,192,shaman,restoration,6,2,4
31856,Naneunsanai,jaedenar,192,shaman,restoration,6,2,4
31857,Narevoqi,madmortem,192,shaman,restoration,6,2,4
31858,Демианна,eversong,192,shaman,restoration,6,2,4
31859,Jacquisham,archimonde,192,shaman,restoration,6,2,4
31860,Nassîî,blackhand,192,shaman,restoration,6,2,4
31861,Shupp,stormscale,192,shaman,restoration,6,2,4
31862,Mikhey,archimonde,192,shaman,restoration,6,2,4
31863,Бичпак,howling-fjord,192,shaman,restoration,6,2,4
31864,Урахарочка,soulflayer,192,shaman,restoration,6,2,4
31865,Cragouz,archimonde,192,shaman,restoration,6,2,4
31866,Juicyy,ravencrest,192,shaman,restoration,6,2,4
31867,Maab,arathor,192,shaman,restoration,6,2,4
31868,Oladoda,archimonde,192,shaman,restoration,6,2,4
31869,Gevitomeraw,sylvanas,192,shaman,restoration,6,2,4
31870,Ånný,blackmoore,192,shaman,restoration,6,2,4
31871,Wahya,stormscale,192,shaman,restoration,6,2,4
31872,Rihi,twisting-nether,192,shaman,restoration,6,2,4
31873,Pip,outland,192,shaman,restoration,6,2,4
31874,Enkou,blackmoore,192,shaman,restoration,6,2,4
31875,Чиллаут,howling-fjord,192,shaman,restoration,6,2,4
31876,Khayac,ravencrest,192,shaman,restoration,6,2,4
31877,Guccishadezz,blackmoore,192,shaman,restoration,6,2,4
31878,Maybeyes,twisting-nether,192,shaman,restoration,6,2,4
31879,Sàs,zuljin,192,shaman,restoration,6,2,4
31880,Боргирх,soulflayer,192,shaman,restoration,6,2,4
31881,Lêss,ysondre,192,shaman,restoration,6,2,4
31882,Berascendz,argent-dawn,192,shaman,restoration,6,2,4
31883,Roxyzwergal,aegwynn,192,shaman,restoration,6,2,4
31884,Dàazle,ravencrest,192,shaman,restoration,6,2,4
31885,Medistød,draenor,192,shaman,restoration,6,2,4
31886,Shàwyn,sylvanas,192,shaman,restoration,6,2,4
31887,Jsham,blackmoore,192,shaman,restoration,6,2,4
31888,Lycburst,twisting-nether,192,shaman,restoration,6,2,4
31889,Liferqt,nemesis,192,shaman,restoration,6,2,4
31890,Джейджона,soulflayer,192,shaman,restoration,6,2,4
31891,Sablolix,ravencrest,192,shaman,restoration,6,2,4
31892,Schmamane,blutkessel,192,shaman,restoration,6,2,4
31893,Baboss,blutkessel,192,shaman,restoration,6,2,4
31894,Ðiezz,ysondre,192,shaman,restoration,6,2,4
31895,Vyrá,onyxia,192,shaman,restoration,6,2,4
31896,Pumanii,silvermoon,192,shaman,restoration,6,2,4
31897,Anteja,kazzak,192,shaman,restoration,6,2,4
31898,Totemino,silvermoon,192,shaman,restoration,6,2,4
31899,Voodude,blackrock,192,shaman,restoration,6,2,4
31900,Smightys,kazzak,192,shaman,restoration,6,2,4
31901,Pebble,blackrock,192,shaman,restoration,6,2,4
31902,Chêlëx,silvermoon,192,shaman,restoration,6,2,4
31903,Noxl,gorgonnash,192,shaman,restoration,6,2,4
31904,Hìrnfrost,blackrock,192,shaman,restoration,6,2,4
31905,Oyuun,rajaxx,192,shaman,restoration,6,2,4
31906,Lausimhaus,blackrock,192,shaman,restoration,6,2,4
31907,Ninffø,dun-modr,192,shaman,restoration,20,4,16
31908,Mêkyra,blackmoore,192,shaman,restoration,12,2,10
31909,Samisu,blackmoore,192,shaman,restoration,12,2,10
31910,Saarroo,ravencrest,192,shaman,restoration,12,2,10
31911,Epicoverlord,tarren-mill,192,shaman,restoration,12,2,10
31912,Ekxr,kazzak,192,shaman,restoration,12,2,10
31913,Nêôô,blackrock,192,shaman,restoration,12,2,10
31914,Zënga,kazzak,192,shaman,restoration,12,2,10
31915,Muntark,thrall,192,shaman,restoration,12,2,10
31916,Zeltron,grim-batol,192,shaman,restoration,12,2,10
31917,Ezpz,frostmourne,192,shaman,restoration,12,2,10
31918,Cptnkirby,malganis,192,shaman,restoration,12,2,10
31919,Fatflop,sylvanas,192,shaman,restoration,12,2,10
31920,Zarschu,burning-legion,192,shaman,restoration,12,2,10
31921,Nuekx,sanguino,192,shaman,restoration,12,2,10
31922,Kavyzyoyo,twisting-nether,192,shaman,restoration,12,2,10
31923,Ozzlac,thrall,192,shaman,restoration,12,2,10
31924,Soyun,frostwhisper,192,shaman,restoration,12,2,10
31925,Masham,darkspear,192,shaman,restoration,12,2,10
31926,Kanuw,kilrogg,191,shaman,restoration,6,2,4
31927,Valuriya,blackhand,191,shaman,restoration,6,2,4
31928,Jøw,dun-modr,191,shaman,restoration,6,2,4
31929,Koothe,dun-modr,191,shaman,restoration,6,2,4
31930,Katzubushi,pozzo-delleternità,191,shaman,restoration,12,2,10
31931,Geishablue,defias-brotherhood,191,shaman,restoration,12,2,10
31932,Penumbrah,kazzak,191,shaman,restoration,26,2,24
31933,Zhangliyi,ravencrest,169,shaman,restoration,9,5,4
31934,Säphïr,hyjal,160,shaman,restoration,10,3,7
31935,Ghafo,norgannon,159,shaman,restoration,5,2,3
31936,Jecastyle,sanguino,138,shaman,restoration,8,3,5
31937,Ruzgork,nerzhul,138,shaman,restoration,9,3,6
31938,Mcgrêgor,aegwynn,138,shaman,restoration,15,4,11
31939,Elunaxcc,eredar,137,shaman,restoration,11,4,7
31940,Cardenus,los-errantes,137,shaman,restoration,15,3,12
31941,Belldandý,archimonde,128,shaman,restoration,4,2,2
31942,Shamaray,stormscale,127,shaman,restoration,8,2,6
31943,Deesham,blackmoore,127,shaman,restoration,14,2,12
31944,Rahuna,darksorrow,96,shaman,restoration,6,1,5
31945,Geifmeat,kazzak,96,shaman,restoration,6,1,5
31946,Chênoya,blackrock,96,shaman,restoration,6,1,5
31947,Xilquid,darksorrow,96,shaman,restoration,6,1,5
31948,Kimpa,minahonda,96,shaman,restoration,6,1,5
31949,Smorcxx,kazzak,96,shaman,restoration,6,1,5
31950,Касьянкочка,blackscar,96,shaman,restoration,6,1,5
31951,Zimzalabling,kazzak,96,shaman,restoration,6,1,5
31952,Hotstorm,bronzebeard,96,shaman,restoration,6,1,5
31953,Aguero,aegwynn,96,shaman,restoration,6,1,5
31954,Reflux,outland,96,shaman,restoration,6,1,5
31955,Efdemin,blackmoore,96,shaman,restoration,6,1,5
31956,Девлиниум,fordragon,96,shaman,restoration,6,1,5
31957,Dvrg,antonidas,96,shaman,restoration,6,1,5
31958,Ohheck,outland,96,shaman,restoration,6,1,5
31959,Elchivo,blackrock,96,shaman,restoration,6,1,5
31960,Сатангодхх,howling-fjord,96,shaman,restoration,6,1,5
31961,Lunarsloth,hyjal,96,shaman,restoration,6,1,5
31962,Moonlanced,aegwynn,96,shaman,restoration,6,1,5
31963,Nashashuk,runetotem,96,shaman,restoration,6,1,5
31964,Eclaîr,thrall,96,shaman,restoration,6,1,5
31965,Таззикшок,soulflayer,96,shaman,restoration,6,1,5
31966,Фистинктотем,soulflayer,96,shaman,restoration,6,1,5
31967,Bullit,zuljin,96,shaman,restoration,6,1,5
31968,Shammynox,draenor,96,shaman,restoration,6,1,5
31969,Garulf,twisting-nether,96,shaman,restoration,6,1,5
31970,Try,zuluhed,96,shaman,restoration,6,1,5
31971,Ниарата,greymane,96,shaman,restoration,6,1,5
31972,Shamgott,silvermoon,96,shaman,restoration,6,1,5
31973,Cupído,malganis,96,shaman,restoration,6,1,5
31974,Zethh,antonidas,96,shaman,restoration,6,1,5
31975,Cy,aszune,96,shaman,restoration,6,1,5
31976,Anieszka,malganis,96,shaman,restoration,6,1,5
31977,Energised,alonsus,96,shaman,restoration,6,1,5
31978,Porke,moonglade,96,shaman,restoration,6,1,5
31979,Diabolous,drakthul,96,shaman,restoration,6,1,5
31980,Jaeslin,tarren-mill,96,shaman,restoration,6,1,5
31981,Dälon,thrall,96,shaman,restoration,6,1,5
31982,Cptcutíe,antonidas,96,shaman,restoration,6,1,5
31983,Cirøsham,ravencrest,96,shaman,restoration,6,1,5
31984,Fuchifu,eredar,96,shaman,restoration,6,1,5
31985,Greenbo,burning-blade,96,shaman,restoration,6,1,5
31986,Ulfuz,silvermoon,96,shaman,restoration,6,1,5
31987,Clearwaters,tarren-mill,96,shaman,restoration,6,1,5
31988,Tiamât,culte-de-la-rive-noire,96,shaman,restoration,12,1,11
31989,Freeleys,silvermoon,96,shaman,restoration,12,1,11
31990,Akuha,dun-modr,96,shaman,restoration,12,1,11
31991,Porre,zuljin,96,shaman,restoration,12,1,11
31992,Theodorix,silvermoon,96,shaman,restoration,12,1,11
31993,Anstra,colinas-pardas,96,shaman,restoration,12,1,11
31994,Nizty,tarren-mill,96,shaman,restoration,12,1,11
31995,Aluweckerl,eredar,96,shaman,restoration,12,1,11
31996,Íss,cthun,96,shaman,restoration,12,1,11
31997,Ikeaboy,eredar,96,shaman,restoration,12,1,11
31998,Chunkss,argent-dawn,96,shaman,restoration,12,1,11
31999,Kvelertak,guldan,96,shaman,restoration,18,1,17
32000,Hairball,turalyon,95,shaman,restoration,6,2,4
32001,Twotwozero,defias-brotherhood,95,shaman,restoration,6,1,5
32002,Taiki,sylvanas,90,shaman,restoration,13,4,9
32003,Jamienisme,ravencrest,79,shaman,restoration,5,1,4
32004,Realiz,ysondre,79,shaman,restoration,5,1,4
32005,Drê,daggerspine,64,shaman,restoration,4,1,3
32006,Nowái,tarren-mill,64,shaman,restoration,4,1,3
32007,Destrosoul,kazzak,64,shaman,restoration,4,1,3
32008,Zourhia,garona,48,shaman,restoration,3,1,2
32009,Icanbreathe,ravencrest,42,shaman,restoration,9,2,7
32010,Pandatrials,turalyon,42,shaman,restoration,10,2,8
32011,Strikerz,aggra-português,42,shaman,restoration,11,2,9
32012,Shammez,ravencrest,42,shaman,restoration,11,2,9
32013,Drøgøs,dun-modr,42,shaman,restoration,12,2,10
32014,Rngo,blackrock,2366,shaman,elemental,120,73,47
32015,Rungõo,blackrock,2337,shaman,elemental,120,71,49
32016,Silden,thrall,2303,shaman,elemental,121,72,49
32017,Reibanit,twisting-nether,2284,shaman,elemental,147,86,61
32018,Bärtigeberta,aegwynn,2261,shaman,elemental,78,46,32
32019,Shiggenbasta,kazzak,2255,shaman,elemental,90,52,38
32020,Proccit,blackrock,2226,shaman,elemental,90,50,40
32021,Lexila,doomhammer,2225,shaman,elemental,215,122,93
32022,Eupra,archimonde,2221,shaman,elemental,84,46,38
32023,Drshock,blackmoore,2220,shaman,elemental,107,56,51
32024,Lavaole,blackrock,2185,shaman,elemental,78,42,36
32025,Tommybanger,kazzak,2158,shaman,elemental,75,49,26
32026,Shamanazor,twisting-nether,2153,shaman,elemental,66,41,25
32027,Baldcreep,blackrock,2147,shaman,elemental,54,35,19
32028,Space,stormscale,2144,shaman,elemental,126,66,60
32029,Trickful,kazzak,2136,shaman,elemental,60,42,18
32030,Ghostwolfgg,archimonde,2134,shaman,elemental,66,38,28
32031,Edshearen,stormscale,2127,shaman,elemental,68,42,26
32032,Blyatifulday,malganis,2127,shaman,elemental,96,53,43
32033,Theglue,kilrogg,2124,shaman,elemental,60,36,24
32034,Mcmxcvi,ravencrest,2123,shaman,elemental,77,48,29
32035,Uselesslaso,sanguino,2123,shaman,elemental,100,50,50
32036,Guzzelinare,tarren-mill,2115,shaman,elemental,48,30,18
32037,Smorchamp,sanguino,2110,shaman,elemental,84,44,40
32038,Wisplol,ravencrest,2082,shaman,elemental,178,94,84
32039,Båkka,ysondre,2074,shaman,elemental,54,32,22
32040,Pleasehealme,ravencrest,2067,shaman,elemental,42,33,9
32041,Маигваза,soulflayer,2067,shaman,elemental,54,37,17
32042,Lavayoshi,kazzak,2026,shaman,elemental,72,48,24
32043,Mjorè,twisting-nether,2025,shaman,elemental,97,51,46
32044,Eyi,ambossar,2005,shaman,elemental,92,50,42
32045,Agrero,auchindoun,2004,shaman,elemental,72,39,33
32046,Rottulos,stormrage,2000,shaman,elemental,60,33,27
32047,Ìløvêxÿú,ravencrest,1997,shaman,elemental,66,38,28
32048,Jelvin,tarren-mill,1992,shaman,elemental,60,33,27
32049,Kärríegold,blackrock,1984,shaman,elemental,243,130,113
32050,Autopanne,malganis,1981,shaman,elemental,30,21,9
32051,Onceinalife,ambossar,1978,shaman,elemental,155,83,72
32052,Punished,blackrock,1973,shaman,elemental,101,58,43
32053,Langedinho,stormscale,1957,shaman,elemental,72,35,37
32054,Ryysham,ravencrest,1955,shaman,elemental,75,43,32
32055,Pipousham,blackhand,1954,shaman,elemental,47,26,21
32056,Flanax,hyjal,1951,shaman,elemental,54,36,18
32057,Mèåtbåll,ravencrest,1935,shaman,elemental,59,36,23
32058,Blackyx,cthun,1921,shaman,elemental,54,35,19
32059,Suldaro,aegwynn,1913,shaman,elemental,67,36,31
32060,Owrly,stormscale,1908,shaman,elemental,60,32,28
32061,Matmonai,hyjal,1908,shaman,elemental,72,34,38
32062,Teslashock,outland,1901,shaman,elemental,36,22,14
32063,Nekhros,sargeras,1896,shaman,elemental,145,79,66
32064,Raintlordx,twisting-nether,1894,shaman,elemental,30,25,5
32065,Thyeori,stormscale,1893,shaman,elemental,48,24,24
32066,Woof,culte-de-la-rive-noire,1890,shaman,elemental,42,23,19
32067,Satisfya,ambossar,1889,shaman,elemental,101,53,48
32068,Totemlié,ravencrest,1887,shaman,elemental,42,27,15
32069,Elegodx,ravencrest,1885,shaman,elemental,59,34,25
32070,Nokster,twisting-nether,1880,shaman,elemental,48,32,16
32071,Gungo,deathwing,1880,shaman,elemental,36,20,16
32072,Obryss,tarren-mill,1876,shaman,elemental,36,20,16
32073,Psyku,outland,1875,shaman,elemental,42,20,22
32074,Nevershearx,blackrock,1873,shaman,elemental,48,25,23
32075,Хеллбат,howling-fjord,1869,shaman,elemental,36,24,12
32076,Valgø,twisting-nether,1859,shaman,elemental,124,76,48
32077,Borbor,argent-dawn,1858,shaman,elemental,46,23,23
32078,Tellý,blackmoore,1846,shaman,elemental,53,31,22
32079,Eppîx,lightnings-blade,1844,shaman,elemental,58,29,29
32080,Haumx,blackrock,1844,shaman,elemental,60,29,31
32081,Sajma,silvermoon,1842,shaman,elemental,57,40,17
32082,Élé,twisting-nether,1842,shaman,elemental,48,31,17
32083,Tasoro,sanguino,1840,shaman,elemental,71,34,37
32084,Paulbaniel,alonsus,1837,shaman,elemental,66,32,34
32085,Doyah,eredar,1834,shaman,elemental,54,33,21
32086,Bambustic,kazzak,1833,shaman,elemental,41,25,16
32087,Dräpàrn,sylvanas,1833,shaman,elemental,60,32,28
32088,Pheazka,outland,1829,shaman,elemental,59,29,30
32089,Crazyshaman,ravencrest,1829,shaman,elemental,53,26,27
32090,Hugebuttman,silvermoon,1829,shaman,elemental,78,37,41
32091,Crespó,alakir,1827,shaman,elemental,54,25,29
32092,Transcendent,malorne,1826,shaman,elemental,84,63,21
32093,Kæzx,blackrock,1822,shaman,elemental,78,45,33
32094,Ejx,arthas,1821,shaman,elemental,52,30,22
32095,Fabslx,archimonde,1821,shaman,elemental,81,36,45
32096,Novoz,ysondre,1819,shaman,elemental,59,31,28
32097,Raknoxye,blackrock,1816,shaman,elemental,36,28,8
32098,Murdá,ravencrest,1815,shaman,elemental,60,29,31
32099,Achtungblitz,blackrock,1813,shaman,elemental,42,33,9
32100,Штормкрашер,howling-fjord,1810,shaman,elemental,48,30,18
32101,Chamel,draenor,1808,shaman,elemental,30,19,11
32102,Kenaz,outland,1808,shaman,elemental,37,22,15
32103,Kailash,defias-brotherhood,1808,shaman,elemental,54,26,28
32104,Smorclelx,khadgar,1807,shaman,elemental,158,83,75
32105,Nykhara,sanguino,1805,shaman,elemental,54,30,24
32106,Barbarra,stormscale,1802,shaman,elemental,54,28,26
32107,Lianitus,tarren-mill,1802,shaman,elemental,58,30,28
32108,Eledelede,blackhand,1801,shaman,elemental,48,28,20
32109,Burstraze,tarren-mill,1801,shaman,elemental,58,32,26
32110,Jøhnnwick,archimonde,1801,shaman,elemental,53,27,26
32111,Spajry,drakthul,1800,shaman,elemental,48,32,16
32112,Nalaadu,stormscale,1800,shaman,elemental,42,26,16
32113,Sïmp,blackrock,1798,shaman,elemental,24,19,5
32114,Iavalavalava,tarren-mill,1792,shaman,elemental,42,21,21
32115,Psÿkz,kazzak,1790,shaman,elemental,57,25,32
32116,Healyoa,blackmoore,1786,shaman,elemental,147,71,76
32117,Pitsamestari,frostmane,1780,shaman,elemental,122,68,54
32118,Monsuunibaba,tarren-mill,1777,shaman,elemental,51,26,25
32119,Naskezz,kazzak,1776,shaman,elemental,89,42,47
32120,Suirz,dun-modr,1774,shaman,elemental,59,40,19
32121,Anqe,twisting-nether,1772,shaman,elemental,78,39,39
32122,Zaledria,argent-dawn,1770,shaman,elemental,54,35,19
32123,Euprâ,archimonde,1767,shaman,elemental,35,22,13
32124,Hothand,thrall,1764,shaman,elemental,42,21,21
32125,Volcanò,outland,1763,shaman,elemental,193,95,98
32126,Шумноватт,howling-fjord,1753,shaman,elemental,48,23,25
32127,Voydetesto,sanguino,1753,shaman,elemental,84,39,45
32128,Rungozvs,blackrock,1745,shaman,elemental,42,25,17
32129,Pxsquals,ravencrest,1743,shaman,elemental,48,28,20
32130,Earthhulk,thrall,1739,shaman,elemental,42,27,15
32131,Earthtjockis,ragnaros,1739,shaman,elemental,41,20,21
32132,Prêxy,kazzak,1737,shaman,elemental,47,21,26
32133,Vivaldi,varimathras,1734,shaman,elemental,42,21,21
32134,Hanatopikeur,grim-batol,1728,shaman,elemental,35,19,16
32135,Djlavaburst,malganis,1718,shaman,elemental,203,99,104
32136,Starelement,draenor,1716,shaman,elemental,42,18,24
32137,Ungabungha,stormscale,1714,shaman,elemental,114,66,48
32138,Jamzyshaman,emerald-dream,1713,shaman,elemental,30,19,11
32139,Totemlyhot,blackrock,1713,shaman,elemental,48,28,20
32140,Ðreamz,kaelthas,1713,shaman,elemental,42,21,21
32141,Nyzo,tarren-mill,1711,shaman,elemental,36,18,18
32142,Nöyrä,argent-dawn,1710,shaman,elemental,36,25,11
32143,Карбонатрикс,soulflayer,1710,shaman,elemental,41,24,17
32144,Xtremeshaman,blackmoore,1709,shaman,elemental,24,18,6
32145,Mezzoblu,sanguino,1706,shaman,elemental,168,90,78
32146,Чойсе,deathguard,1706,shaman,elemental,81,39,42
32147,Дашажмихекс,howling-fjord,1704,shaman,elemental,42,24,18
32148,Xorron,archimonde,1702,shaman,elemental,113,53,60
32149,Houmpf,hyjal,1697,shaman,elemental,36,20,16
32150,Thorleíf,silvermoon,1693,shaman,elemental,78,38,40
32151,Lavatherapy,grim-batol,1689,shaman,elemental,60,34,26
32152,Braíntas,norgannon,1686,shaman,elemental,84,39,45
32153,Chênoya,blackrock,1684,shaman,elemental,73,30,43
32154,Seriux,twisting-nether,1683,shaman,elemental,42,29,13
32155,Sáàd,ravencrest,1681,shaman,elemental,42,20,22
32156,Lantbruk,twisting-nether,1676,shaman,elemental,40,23,17
32157,Kohnân,hyjal,1676,shaman,elemental,54,27,27
32158,Zest,hyjal,1672,shaman,elemental,53,26,27
32159,Huyø,stormscale,1671,shaman,elemental,84,38,46
32160,Obesisham,outland,1670,shaman,elemental,54,22,32
32161,Naorgot,uldaman,1669,shaman,elemental,84,38,46
32162,Козаностро,howling-fjord,1668,shaman,elemental,30,19,11
32163,Regnever,draenor,1667,shaman,elemental,125,53,72
32164,Esal,blackrock,1665,shaman,elemental,31,21,10
32165,Faridstreng,blackmoore,1661,shaman,elemental,30,21,9
32166,Smashz,stormscale,1661,shaman,elemental,81,44,37
32167,Elrayitos,shendralar,1659,shaman,elemental,114,63,51
32168,Daemp,draenor,1658,shaman,elemental,24,18,6
32169,Agreró,auchindoun,1658,shaman,elemental,27,19,8
32170,Sourens,twisting-nether,1656,shaman,elemental,39,20,19
32171,Deeck,ravencrest,1651,shaman,elemental,77,50,27
32172,Malybou,ysondre,1651,shaman,elemental,36,18,18
32173,Liluzivert,mannoroth,1648,shaman,elemental,35,20,15
32174,Электро,thermaplugg,1648,shaman,elemental,47,24,23
32175,Sunsong,twisting-nether,1642,shaman,elemental,54,30,24
32176,Axahavregryn,kazzak,1640,shaman,elemental,66,40,26
32177,Urshak,alleria,1639,shaman,elemental,36,24,12
32178,Zaarok,voljin,1639,shaman,elemental,91,41,50
32179,Кирагаз,gordunni,1637,shaman,elemental,64,32,32
32180,Dakyele,ravencrest,1636,shaman,elemental,35,20,15
32181,Proccq,twisting-nether,1632,shaman,elemental,34,18,16
32182,Tteïl,archimonde,1629,shaman,elemental,54,30,24
32183,Rrtyui,twisting-nether,1628,shaman,elemental,30,17,13
32184,Shåmssagat,kazzak,1627,shaman,elemental,36,17,19
32185,Testpapi,twisting-nether,1618,shaman,elemental,75,42,33
32186,Microb,blackmoore,1617,shaman,elemental,48,26,22
32187,Basiletta,hyjal,1613,shaman,elemental,49,34,15
32188,Ânuk,blackrock,1612,shaman,elemental,162,78,84
32189,Ангустиа,galakrond,1610,shaman,elemental,29,20,9
32190,Vanrake,ravencrest,1610,shaman,elemental,78,44,34
32191,Kemurus,kazzak,1610,shaman,elemental,77,42,35
32192,Shibol,ravencrest,1609,shaman,elemental,46,23,23
32193,Aviciix,sanguino,1605,shaman,elemental,84,36,48
32194,Connecting,hyjal,1604,shaman,elemental,36,19,17
32195,Mcbloob,kazzak,1602,shaman,elemental,70,36,34
32196,Zðhan,azshara,1599,shaman,elemental,34,20,14
32197,Adamyo,stormscale,1598,shaman,elemental,36,17,19
32198,Elektron,malganis,1597,shaman,elemental,90,46,44
32199,Lavalava,blackmoore,1596,shaman,elemental,42,22,20
32200,Jâydizzle,draenor,1594,shaman,elemental,101,42,59
32201,Shamatto,nemesis,1593,shaman,elemental,58,37,21
32202,Wàve,stormscale,1593,shaman,elemental,36,18,18
32203,Løun,archimonde,1588,shaman,elemental,66,36,30
32204,Гудлаик,soulflayer,1584,shaman,elemental,58,32,26
32205,Ашьф,gordunni,1583,shaman,elemental,35,17,18
32206,Kapïtão,aggra-português,1579,shaman,elemental,36,19,17
32207,Brugdar,tarren-mill,1574,shaman,elemental,30,22,8
32208,Xelphia,frostmane,1574,shaman,elemental,35,17,18
32209,Twiva,silvermoon,1572,shaman,elemental,76,45,31
32210,Blízzilassø,malygos,1572,shaman,elemental,179,93,86
32211,Anøüchkä,ysondre,1572,shaman,elemental,42,21,21
32212,Solosüper,ravencrest,1572,shaman,elemental,42,19,23
32213,Neotrax,outland,1571,shaman,elemental,60,31,29
32214,Афтршок,soulflayer,1570,shaman,elemental,39,19,20
32215,Haasshaman,ravencrest,1568,shaman,elemental,109,47,62
32216,Robofat,ravencrest,1564,shaman,elemental,36,21,15
32217,Тессельхоф,howling-fjord,1564,shaman,elemental,46,23,23
32218,Shocknrun,sylvanas,1559,shaman,elemental,42,18,24
32219,Harod,suramar,1558,shaman,elemental,66,34,32
32220,Hapkin,defias-brotherhood,1558,shaman,elemental,54,27,27
32221,Òoòoòoòoòoòo,silvermoon,1557,shaman,elemental,48,21,27
32222,Canjo,aegwynn,1550,shaman,elemental,63,33,30
32223,Waaghbozz,eredar,1547,shaman,elemental,66,38,28
32224,Incredibade,stormscale,1542,shaman,elemental,36,20,16
32225,Acces,stormscale,1541,shaman,elemental,30,20,10
32226,Rennji,argent-dawn,1540,shaman,elemental,48,24,24
32227,Мистеркутёж,gordunni,1537,shaman,elemental,71,35,36
32228,Batan,kazzak,1535,shaman,elemental,71,31,40
32229,Kankxx,stormscale,1534,shaman,elemental,24,16,8
32230,Stickix,malganis,1529,shaman,elemental,24,16,8
32231,Yiiro,argent-dawn,1529,shaman,elemental,30,16,14
32232,Feetenjoyerx,kazzak,1529,shaman,elemental,30,16,14
32233,Gúîtårgøð,sanguino,1529,shaman,elemental,36,17,19
32234,Lilmarco,stormreaver,1526,shaman,elemental,36,16,20
32235,Johncoltrane,archimonde,1525,shaman,elemental,24,18,6
32236,Дестройбэйби,gordunni,1525,shaman,elemental,78,46,32
32237,Davinshhe,kazzak,1525,shaman,elemental,36,16,20
32238,Essneces,burning-legion,1523,shaman,elemental,36,18,18
32239,Jímmy,frostwhisper,1518,shaman,elemental,48,30,18
32240,Máui,korgall,1518,shaman,elemental,96,49,47
32241,Mariomental,draenor,1517,shaman,elemental,36,16,20
32242,Fattmorte,hyjal,1516,shaman,elemental,21,17,4
32243,Fúth,ysondre,1516,shaman,elemental,52,28,24
32244,Pórçé,shattered-hand,1515,shaman,elemental,125,70,55
32245,Zna,archimonde,1513,shaman,elemental,94,48,46
32246,Belsazar,frostwolf,1511,shaman,elemental,48,20,28
32247,Тыщатристах,howling-fjord,1505,shaman,elemental,56,38,18
32248,Милфшама,blackscar,1505,shaman,elemental,35,17,18
32249,Reignisover,silvermoon,1504,shaman,elemental,39,21,18
32250,Zoomar,tarren-mill,1503,shaman,elemental,30,16,14
32251,Shammyammy,tarren-mill,1502,shaman,elemental,81,44,37
32252,Naturexz,silvermoon,1495,shaman,elemental,32,18,14
32253,Хэйзл,ashenvale,1490,shaman,elemental,44,25,19
32254,Voltyum,zuljin,1490,shaman,elemental,81,32,49
32255,Касикандрэра,soulflayer,1488,shaman,elemental,192,101,91
32256,Magnetoe,ravencrest,1480,shaman,elemental,66,34,32
32257,Shaakez,kazzak,1476,shaman,elemental,35,17,18
32258,Hemradi,blackmoore,1467,shaman,elemental,36,23,13
32259,Ralokar,blackrock,1465,shaman,elemental,48,25,23
32260,Valunii,lordaeron,1465,shaman,elemental,195,90,105
32261,Alèks,forscherliga,1461,shaman,elemental,86,53,33
32262,Bigrambo,draenor,1460,shaman,elemental,41,20,21
32263,Teccatwo,outland,1458,shaman,elemental,52,28,24
32264,Гексанол,soulflayer,1457,shaman,elemental,58,30,28
32265,Athul,theradras,1456,shaman,elemental,43,23,20
32266,Mikecrybaby,tarren-mill,1454,shaman,elemental,36,16,20
32267,Томёрк,gordunni,1448,shaman,elemental,118,55,63
32268,Sgf,stormscale,1445,shaman,elemental,47,25,22
32269,Faydasizsham,twisting-nether,1440,shaman,elemental,52,27,25
32270,Çð,ravencrest,1439,shaman,elemental,30,15,15
32271,Lafia,blackrock,1438,shaman,elemental,60,21,39
32272,Baarona,neptulon,1434,shaman,elemental,27,17,10
32273,Thëtis,chogall,1434,shaman,elemental,28,16,12
32274,Ædshearan,blackmoore,1434,shaman,elemental,60,30,30
32275,Тмх,ashenvale,1431,shaman,elemental,38,20,18
32276,Skrbkic,tarren-mill,1429,shaman,elemental,91,48,43
32277,Murmelï,stormreaver,1427,shaman,elemental,18,15,3
32278,Cracklord,outland,1427,shaman,elemental,30,17,13
32279,Amanishama,twisting-nether,1426,shaman,elemental,78,43,35
32280,Alwaysangry,silvermoon,1425,shaman,elemental,78,37,41
32281,Wylly,aegwynn,1418,shaman,elemental,24,15,9
32282,Tvådje,silvermoon,1407,shaman,elemental,29,16,13
32283,Ласара,eversong,1406,shaman,elemental,36,15,21
32284,Flubberman,blackrock,1402,shaman,elemental,33,18,15
32285,Olawizard,draenor,1401,shaman,elemental,43,22,21
32286,Nerekiclej,ravencrest,1400,shaman,elemental,41,23,18
32287,Støya,archimonde,1400,shaman,elemental,48,18,30
32288,Sniffix,ysondre,1395,shaman,elemental,121,56,65
32289,Xesti,twisting-nether,1394,shaman,elemental,63,32,31
32290,Kimpa,minahonda,1393,shaman,elemental,78,44,34
32291,Torouk,rashgarroth,1393,shaman,elemental,30,16,14
32292,Сепич,gordunni,1389,shaman,elemental,54,32,22
32293,Couldar,stormscale,1387,shaman,elemental,24,16,8
32294,Furrymane,blackmoore,1382,shaman,elemental,51,27,24
32295,Rekhtar,burning-legion,1381,shaman,elemental,134,74,60
32296,Bangou,archimonde,1380,shaman,elemental,45,22,23
32297,Vulcainn,marécage-de-zangar,1374,shaman,elemental,93,59,34
32298,Rohknar,ragnaros,1374,shaman,elemental,30,17,13
32299,Sojee,ysondre,1367,shaman,elemental,36,16,20
32300,Думсия,gordunni,1359,shaman,elemental,37,15,22
32301,Chøurøx,hyjal,1358,shaman,elemental,37,21,16
32302,Rakzhaza,blackmoore,1351,shaman,elemental,36,18,18
32303,Sunraiser,blackmoore,1349,shaman,elemental,67,36,31
32304,Screwz,archimonde,1348,shaman,elemental,73,36,37
32305,Tempest,kul-tiras,1346,shaman,elemental,41,23,18
32306,Blancc,kazzak,1346,shaman,elemental,84,47,37
32307,Kirak,anetheron,1346,shaman,elemental,102,51,51
32308,Nowmack,archimonde,1343,shaman,elemental,18,14,4
32309,Tâsty,blackmoore,1343,shaman,elemental,24,14,10
32310,Volhalo,blackmoore,1343,shaman,elemental,24,14,10
32311,Херург,soulflayer,1342,shaman,elemental,30,14,16
32312,Horizons,the-maelstrom,1338,shaman,elemental,24,14,10
32313,Sshaasam,tarren-mill,1337,shaman,elemental,24,14,10
32314,Fâro,dun-modr,1335,shaman,elemental,41,18,23
32315,Lêmberger,eredar,1330,shaman,elemental,30,15,15
32316,Smort,frostwolf,1320,shaman,elemental,30,14,16
32317,Ulfax,argent-dawn,1319,shaman,elemental,36,14,22
32318,Elemefayo,outland,1318,shaman,elemental,30,15,15
32319,Carusø,thrall,1315,shaman,elemental,55,34,21
32320,Bâllz,anetheron,1314,shaman,elemental,54,23,31
32321,Doneteasy,blackrock,1310,shaman,elemental,52,24,28
32322,Флоррэт,gordunni,1310,shaman,elemental,120,53,67
32323,Lechirurgien,elune,1307,shaman,elemental,144,73,71
32324,Aldonatello,blackrock,1306,shaman,elemental,30,17,13
32325,Élémentyum,archimonde,1306,shaman,elemental,42,18,24
32326,Zengã,kazzak,1304,shaman,elemental,35,14,21
32327,Hotis,onyxia,1302,shaman,elemental,42,14,28
32328,Lavamann,blackmoore,1295,shaman,elemental,42,20,22
32329,Alfang,turalyon,1294,shaman,elemental,41,16,25
32330,Dropdattotem,stormscale,1292,shaman,elemental,54,23,31
32331,Griins,ravencrest,1289,shaman,elemental,36,20,16
32332,Dëlkö,ravencrest,1286,shaman,elemental,36,16,20
32333,Hatyatya,ragnaros,1284,shaman,elemental,30,16,14
32334,Elshifotrem,throkferoth,1282,shaman,elemental,52,28,24
32335,Noyá,argent-dawn,1280,shaman,elemental,36,17,19
32336,Snusyy,ravencrest,1279,shaman,elemental,26,14,12
32337,Xfiles,garona,1278,shaman,elemental,48,24,24
32338,Onlyfansmod,uldum,1278,shaman,elemental,65,28,37
32339,Tiqle,blackmoore,1277,shaman,elemental,65,31,34
32340,Apolomaeuz,frostwolf,1267,shaman,elemental,53,26,27
32341,Blackmuamba,tarren-mill,1264,shaman,elemental,66,36,30
32342,Blackyx,dun-modr,1247,shaman,elemental,18,13,5
32343,Dretch,dun-morogh,1247,shaman,elemental,24,13,11
32344,Ludo,lothar,1246,shaman,elemental,22,14,8
32345,Starpior,stormscale,1246,shaman,elemental,33,14,19
32346,Quizx,blackrock,1245,shaman,elemental,60,25,35
32347,Гивми,blackscar,1244,shaman,elemental,22,14,8
32348,Aspên,archimonde,1244,shaman,elemental,24,13,11
32349,Fullavaids,grim-batol,1243,shaman,elemental,24,13,11
32350,Gagné,hyjal,1239,shaman,elemental,24,13,11
32351,Pawsh,dun-modr,1238,shaman,elemental,51,24,27
32352,Makgoa,ysondre,1237,shaman,elemental,18,13,5
32353,Лукаджун,howling-fjord,1231,shaman,elemental,18,13,5
32354,Vladraxes,draenor,1222,shaman,elemental,18,13,5
32355,Gorpdorp,ravencrest,1222,shaman,elemental,98,51,47
32356,Bigheal,quelthalas,1222,shaman,elemental,30,13,17
32357,Dawzed,hyjal,1221,shaman,elemental,24,13,11
32358,Waterboi,blackmoore,1219,shaman,elemental,24,13,11
32359,Эфирад,blackscar,1217,shaman,elemental,103,51,52
32360,Сосмыслом,howling-fjord,1217,shaman,elemental,30,13,17
32361,Сарцек,howling-fjord,1215,shaman,elemental,48,28,20
32362,Tiamât,culte-de-la-rive-noire,1215,shaman,elemental,66,34,32
32363,Maggoshishi,blackmoore,1214,shaman,elemental,66,34,32
32364,Roxìe,blackmoore,1207,shaman,elemental,18,13,5
32365,Bigboisham,outland,1202,shaman,elemental,65,28,37
32366,Mö,ragnaros,1193,shaman,elemental,78,38,40
32367,Märthalouise,twisting-nether,1191,shaman,elemental,29,15,14
32368,Scot,blackhand,1191,shaman,elemental,29,13,16
32369,Targoel,blackmoore,1190,shaman,elemental,35,13,22
32370,Valdera,dun-morogh,1189,shaman,elemental,24,14,10
32371,Scurvy,malganis,1179,shaman,elemental,128,66,62
32372,Procdaddy,eredar,1170,shaman,elemental,42,14,28
32373,Крто,thermaplugg,1169,shaman,elemental,54,28,26
32374,Zhinjo,kazzak,1166,shaman,elemental,36,19,17
32375,Фистинктотем,soulflayer,1162,shaman,elemental,35,16,19
32376,Велгур,soulflayer,1161,shaman,elemental,50,23,27
32377,Azmerloth,outland,1152,shaman,elemental,18,12,6
32378,Neverplayele,kazzak,1151,shaman,elemental,24,12,12
32379,Georgewhat,defias-brotherhood,1151,shaman,elemental,24,12,12
32380,Ogkûshgödx,sylvanas,1150,shaman,elemental,18,12,6
32381,Bûsta,ravencrest,1150,shaman,elemental,24,12,12
32382,Nobrac,rajaxx,1150,shaman,elemental,24,12,12
32383,Мэморисс,gordunni,1149,shaman,elemental,24,12,12
32384,Justweirdaf,blackmoore,1148,shaman,elemental,45,20,25
32385,Nachtary,blackmoore,1147,shaman,elemental,18,12,6
32386,Muscade,silvermoon,1147,shaman,elemental,18,12,6
32387,Legended,tarren-mill,1147,shaman,elemental,24,12,12
32388,Дзод,deathweaver,1146,shaman,elemental,24,12,12
32389,Diaba,sylvanas,1146,shaman,elemental,24,12,12
32390,Dzielnysham,silvermoon,1145,shaman,elemental,21,13,8
32391,Headthirst,ragnaros,1145,shaman,elemental,24,12,12
32392,Skeiilz,hyjal,1142,shaman,elemental,30,12,18
32393,Voymir,kazzak,1138,shaman,elemental,18,12,6
32394,Oddsocks,stormscale,1138,shaman,elemental,37,15,22
32395,Boxo,frostwolf,1137,shaman,elemental,70,38,32
32396,Leash,blackmoore,1137,shaman,elemental,24,12,12
32397,Дрекрош,howling-fjord,1136,shaman,elemental,37,14,23
32398,Mòra,silvermoon,1134,shaman,elemental,35,15,20
32399,Djent,outland,1133,shaman,elemental,24,12,12
32400,Bowtenstorm,ravencrest,1120,shaman,elemental,25,16,9
32401,Farùk,ravencrest,1102,shaman,elemental,21,13,8
32402,Озверею,goldrinn,1090,shaman,elemental,24,14,10
32403,Kneggebrot,blackmoore,1090,shaman,elemental,27,13,14
32404,Aureo,dun-modr,1085,shaman,elemental,22,12,10
32405,Gnark,dun-modr,1078,shaman,elemental,26,15,11
32406,Ankzul,exodar,1067,shaman,elemental,38,12,26
32407,Cleandann,stormscale,1063,shaman,elemental,27,12,15
32408,Nyed,hyjal,1056,shaman,elemental,18,11,7
32409,Replicusele,doomhammer,1056,shaman,elemental,18,11,7
32410,Trixxsham,twisting-nether,1056,shaman,elemental,18,11,7
32411,Matmons,hyjal,1056,shaman,elemental,24,11,13
32412,Gojõ,dun-modr,1055,shaman,elemental,24,11,13
32413,Cismine,twisting-nether,1054,shaman,elemental,16,12,4
32414,Porthex,kazzak,1054,shaman,elemental,18,11,7
32415,Aylar,zenedar,1054,shaman,elemental,18,11,7
32416,Furthehorde,frostmane,1054,shaman,elemental,18,11,7
32417,Bigfrigid,outland,1054,shaman,elemental,24,11,13
32418,Èrò,blackhand,1053,shaman,elemental,24,11,13
32419,Manaphi,arthas,1052,shaman,elemental,24,11,13
32420,Naphe,ysondre,1052,shaman,elemental,30,11,19
32421,Whizjy,sanguino,1051,shaman,elemental,18,11,7
32422,Louler,ragnaros,1049,shaman,elemental,24,11,13
32423,Kylas,die-ewige-wacht,1047,shaman,elemental,18,11,7
32424,Superkee,kazzak,1047,shaman,elemental,143,69,74
32425,Tpainx,kazzak,1043,shaman,elemental,24,11,13
32426,Mynutz,outland,1043,shaman,elemental,36,11,25
32427,Альтегро,blackscar,1040,shaman,elemental,24,11,13
32428,Jagblade,neptulon,1039,shaman,elemental,22,12,10
32429,Kapplos,gorgonnash,1039,shaman,elemental,23,11,12
32430,Магмарончик,gordunni,1035,shaman,elemental,60,21,39
32431,Laquium,blackmoore,1032,shaman,elemental,37,15,22
32432,Goromar,kirin-tor,1031,shaman,elemental,79,31,48
32433,Ormanthep,hyjal,1029,shaman,elemental,18,11,7
32434,Flochy,argent-dawn,1027,shaman,elemental,53,31,22
32435,Magath,nethersturm,1027,shaman,elemental,24,11,13
32436,Bluéshirtguy,blackhand,1020,shaman,elemental,30,14,16
32437,Treizelol,ysondre,1014,shaman,elemental,24,11,13
32438,Zanyun,burning-legion,988,shaman,elemental,26,11,15
32439,Thunderstryk,sylvanas,985,shaman,elemental,54,27,27
32440,Hugzy,argent-dawn,977,shaman,elemental,36,20,16
32441,Aslakki,turalyon,975,shaman,elemental,42,11,31
32442,Shrmful,dun-modr,960,shaman,elemental,12,10,2
32443,Nëllaqt,archimonde,960,shaman,elemental,18,10,8
32444,Kilazz,twisting-nether,960,shaman,elemental,18,10,8
32445,Theodorix,silvermoon,960,shaman,elemental,24,10,14
32446,Dumpaman,frostmane,959,shaman,elemental,18,10,8
32447,Milotem,ysondre,959,shaman,elemental,18,10,8
32448,Rawside,thrall,959,shaman,elemental,24,10,14
32449,Xereús,kazzak,959,shaman,elemental,28,11,17
32450,Blover,drakthul,958,shaman,elemental,12,10,2
32451,Ðãvê,veknilash,958,shaman,elemental,18,10,8
32452,Kønat,blackmoore,958,shaman,elemental,24,10,14
32453,Minasa,saurfang,958,shaman,elemental,30,10,20
32454,Руннольв,galakrond,957,shaman,elemental,18,10,8
32455,Raïgo,hyjal,957,shaman,elemental,18,10,8
32456,Atuaßëlha,grim-batol,957,shaman,elemental,24,10,14
32457,Jazzrod,stormscale,957,shaman,elemental,24,10,14
32458,Elevlach,drakthul,957,shaman,elemental,30,10,20
32459,Гидрокорыто,gordunni,956,shaman,elemental,18,10,8
32460,Saqerr,kazzak,956,shaman,elemental,24,10,14
32461,Nolawii,ragnaros,955,shaman,elemental,18,10,8
32462,Klunkespiser,stormscale,955,shaman,elemental,24,10,14
32463,Xhahal,hyjal,952,shaman,elemental,12,10,2
32464,Unangemessen,silvermoon,951,shaman,elemental,18,10,8
32465,Ххенеси,soulflayer,947,shaman,elemental,24,10,14
32466,Zbysiu,ravencrest,938,shaman,elemental,24,10,14
32467,Smorcxx,kazzak,934,shaman,elemental,30,10,20
32468,Orishimaru,blackrock,932,shaman,elemental,23,10,13
32469,Klicken,tarren-mill,926,shaman,elemental,17,10,7
32470,Федосик,galakrond,922,shaman,elemental,36,15,21
32471,Шоу,gordunni,906,shaman,elemental,27,11,16
32472,Monstermunch,ravencrest,903,shaman,elemental,34,11,23
32473,Ximid,doomhammer,897,shaman,elemental,71,31,40
32474,Ríleyx,twisting-nether,889,shaman,elemental,17,10,7
32475,Tukino,burning-legion,864,shaman,elemental,12,9,3
32476,Foxxyluv,stormscale,864,shaman,elemental,12,9,3
32477,Инимал,deathweaver,864,shaman,elemental,12,9,3
32478,Rolftheswine,defias-brotherhood,864,shaman,elemental,12,9,3
32479,Plazmorc,stormscale,864,shaman,elemental,12,9,3
32480,ßaraky,kazzak,864,shaman,elemental,12,9,3
32481,Kelvok,silvermoon,864,shaman,elemental,18,9,9
32482,Elvalya,archimonde,864,shaman,elemental,18,9,9
32483,Jøhnwick,ysondre,864,shaman,elemental,18,9,9
32484,Kwanah,kaelthas,864,shaman,elemental,18,9,9
32485,Blush,blackhand,864,shaman,elemental,24,9,15
32486,Gammeldunder,shattered-hand,864,shaman,elemental,30,9,21
32487,Homesickx,blackrock,863,shaman,elemental,12,9,3
32488,Navyblue,sylvanas,863,shaman,elemental,18,9,9
32489,Drainergødx,ragnaros,863,shaman,elemental,18,9,9
32490,Luzzilol,garrosh,863,shaman,elemental,18,9,9
32491,Рэйвантотем,soulflayer,862,shaman,elemental,18,9,9
32492,Shkook,archimonde,862,shaman,elemental,24,9,15
32493,Bunnz,kazzak,861,shaman,elemental,12,9,3
32494,Xiomora,argent-dawn,860,shaman,elemental,18,9,9
32495,Djbruggìe,bloodhoof,860,shaman,elemental,24,9,15
32496,Beefnale,bladefist,859,shaman,elemental,30,9,21
32497,Штормбайт,azuregos,858,shaman,elemental,12,9,3
32498,Naix,silvermoon,858,shaman,elemental,24,9,15
32499,Nïà,kaelthas,854,shaman,elemental,20,9,11
32500,Незнаком,booty-bay,811,shaman,elemental,30,12,18
32501,Holdafstand,tarren-mill,798,shaman,elemental,14,9,5
32502,Jåime,ravencrest,768,shaman,elemental,12,8,4
32503,Ezala,blackhand,768,shaman,elemental,12,8,4
32504,Grapefruit,blackmoore,768,shaman,elemental,12,8,4
32505,Flam,outland,768,shaman,elemental,12,8,4
32506,Visboer,stormscale,768,shaman,elemental,12,8,4
32507,Strór,twisting-nether,768,shaman,elemental,12,8,4
32508,Stromdi,azshara,768,shaman,elemental,16,9,7
32509,Mehboul,hyjal,768,shaman,elemental,18,8,10
32510,Кислаябуба,howling-fjord,768,shaman,elemental,18,8,10
32511,Thundergødx,nemesis,768,shaman,elemental,18,8,10
32512,Retuu,uldaman,768,shaman,elemental,18,8,10
32513,Lathisi,zenedar,768,shaman,elemental,19,8,11
32514,Thorunir,sylvanas,768,shaman,elemental,24,8,16
32515,Yang,der-rat-von-dalaran,767,shaman,elemental,12,8,4
32516,Hobblefoot,stormscale,767,shaman,elemental,12,8,4
32517,Sinirli,ravencrest,767,shaman,elemental,18,8,10
32518,Totempoo,the-maelstrom,766,shaman,elemental,12,8,4
32519,Grambozz,blackrock,765,shaman,elemental,12,8,4
32520,Parthon,ravencrest,765,shaman,elemental,12,8,4
32521,Thrallotido,sanguino,765,shaman,elemental,30,8,22
32522,Itsnasty,blackmoore,753,shaman,elemental,18,8,10
32523,Arabesk,arygos,748,shaman,elemental,23,8,15
32524,Соленый,booty-bay,744,shaman,elemental,110,45,65
32525,Экслайнер,deathweaver,713,shaman,elemental,29,10,19
32526,Boiblaster,argent-dawn,703,shaman,elemental,11,8,3
32527,Wacomtablet,kazzak,703,shaman,elemental,11,8,3
32528,Fàkecast,outland,702,shaman,elemental,22,8,14
32529,Thatamazing,korgall,695,shaman,elemental,15,8,7
32530,Шиока,borean-tundra,685,shaman,elemental,13,9,4
32531,Dòrfy,silvermoon,672,shaman,elemental,12,7,5
32532,Eneru,nemesis,672,shaman,elemental,12,7,5
32533,Shamandoino,wildhammer,672,shaman,elemental,12,7,5
32534,Bosslikex,ravencrest,672,shaman,elemental,12,7,5
32535,Yraxara,draenor,672,shaman,elemental,12,7,5
32536,Dócshock,blackmoore,672,shaman,elemental,12,7,5
32537,Preciousxo,auchindoun,672,shaman,elemental,12,7,5
32538,Kæde,dun-morogh,672,shaman,elemental,12,7,5
32539,Koífish,ravencrest,672,shaman,elemental,12,7,5
32540,Fakehex,blackrock,672,shaman,elemental,12,7,5
32541,Jehae,archimonde,672,shaman,elemental,12,7,5
32542,Rockstéady,outland,672,shaman,elemental,12,7,5
32543,Hekzen,tarren-mill,672,shaman,elemental,12,7,5
32544,Eðualc,hyjal,672,shaman,elemental,12,7,5
32545,Thordes,forscherliga,672,shaman,elemental,12,7,5
32546,Labûche,chogall,672,shaman,elemental,12,7,5
32547,Гарбаджи,galakrond,672,shaman,elemental,12,7,5
32548,Ehlaina,outland,672,shaman,elemental,12,7,5
32549,Vamali,draenor,672,shaman,elemental,12,7,5
32550,Bigblué,tarren-mill,672,shaman,elemental,12,7,5
32551,Reburdacoxis,sanguino,672,shaman,elemental,12,7,5
32552,Chinozukems,sanguino,672,shaman,elemental,12,7,5
32553,Shammehboi,auchindoun,672,shaman,elemental,15,8,7
32554,Rexonaone,silvermoon,672,shaman,elemental,18,7,11
32555,Paidactor,kazzak,672,shaman,elemental,18,7,11
32556,Endry,elune,672,shaman,elemental,18,7,11
32557,Дваллинн,gordunni,672,shaman,elemental,18,7,11
32558,Djogg,sunstrider,672,shaman,elemental,18,7,11
32559,Thriveqt,nemesis,672,shaman,elemental,24,7,17
32560,Dando,silvermoon,671,shaman,elemental,12,7,5
32561,Baschúrr,blackrock,671,shaman,elemental,15,8,7
32562,Рокутаро,gordunni,670,shaman,elemental,12,7,5
32563,Dðt,stormscale,670,shaman,elemental,13,7,6
32564,Kiirø,ysondre,666,shaman,elemental,12,7,5
32565,Lavalampa,magtheridon,665,shaman,elemental,12,7,5
32566,Watson,conseil-des-ombres,660,shaman,elemental,18,7,11
32567,Takkenuma,hyjal,640,shaman,elemental,22,7,15
32568,Blyátmán,twisting-nether,638,shaman,elemental,14,8,6
32569,Pvpshaman,aszune,638,shaman,elemental,17,7,10
32570,Yalac,archimonde,637,shaman,elemental,14,8,6
32571,Айвимэдисон,howling-fjord,623,shaman,elemental,17,7,10
32572,Вудвин,soulflayer,621,shaman,elemental,26,7,19
32573,Easyplay,kazzak,607,shaman,elemental,14,7,7
32574,Captaînhuge,dunemaul,576,shaman,elemental,6,6,0
32575,Trastamar,dun-modr,576,shaman,elemental,6,6,0
32576,Lavelover,tarren-mill,576,shaman,elemental,6,6,0
32577,Cïgänää,archimonde,576,shaman,elemental,12,6,6
32578,Gomoth,kazzak,576,shaman,elemental,12,6,6
32579,Yzeldan,hyjal,576,shaman,elemental,12,6,6
32580,Totemkahmun,kazzak,576,shaman,elemental,12,6,6
32581,Windfúhrèr,tarren-mill,576,shaman,elemental,12,6,6
32582,Forrak,argent-dawn,576,shaman,elemental,12,6,6
32583,Windspêaker,outland,576,shaman,elemental,12,6,6
32584,Shayal,defias-brotherhood,576,shaman,elemental,12,6,6
32585,Шлолка,gordunni,576,shaman,elemental,12,6,6
32586,Jacklupin,ravencrest,576,shaman,elemental,12,6,6
32587,Веег,deathweaver,576,shaman,elemental,12,6,6
32588,Jíkkz,aegwynn,576,shaman,elemental,12,6,6
32589,Simppe,stormreaver,576,shaman,elemental,12,6,6
32590,Шутках,gordunni,576,shaman,elemental,12,6,6
32591,Eddiemorphin,kazzak,576,shaman,elemental,12,6,6
32592,Linshock,tarren-mill,576,shaman,elemental,12,6,6
32593,Electronova,magtheridon,576,shaman,elemental,12,6,6
32594,Localicious,ragnaros,576,shaman,elemental,12,6,6
32595,Nerdshockz,blackhand,576,shaman,elemental,12,6,6
32596,Dsgrc,tarren-mill,576,shaman,elemental,18,6,12
32597,Unding,azshara,576,shaman,elemental,24,6,18
32598,Helloitsmee,thrall,575,shaman,elemental,12,6,6
32599,Syndia,das-konsortium,575,shaman,elemental,12,6,6
32600,Layonne,ysondre,575,shaman,elemental,12,6,6
32601,Fosterzz,ravencrest,575,shaman,elemental,18,6,12
32602,Drækthør,thrall,574,shaman,elemental,13,8,5
32603,Derblitz,baelgun,574,shaman,elemental,12,6,6
32604,Fimir,archimonde,573,shaman,elemental,12,6,6
32605,Zuman,the-maelstrom,573,shaman,elemental,12,6,6
32606,Louisvgaal,kazzak,572,shaman,elemental,12,6,6
32607,Isheartears,outland,543,shaman,elemental,11,6,5
32608,Rezervoir,bladefist,522,shaman,elemental,15,9,6
32609,Turbokrapka,tarren-mill,522,shaman,elemental,17,8,9
32610,Cloony,khaz-modan,480,shaman,elemental,6,5,1
32611,Squixi,tarren-mill,480,shaman,elemental,6,5,1
32612,Elemane,kazzak,480,shaman,elemental,6,5,1
32613,Efdemin,blackmoore,480,shaman,elemental,6,5,1
32614,Minimalist,stormscale,480,shaman,elemental,6,5,1
32615,Hexina,ragnaros,480,shaman,elemental,6,5,1
32616,Bumstead,ragnaros,480,shaman,elemental,6,5,1
32617,Izosha,hyjal,480,shaman,elemental,6,5,1
32618,Эртирон,howling-fjord,480,shaman,elemental,6,5,1
32619,ßakingsoda,tarren-mill,480,shaman,elemental,6,5,1
32620,Phobiatics,thrall,480,shaman,elemental,6,5,1
32621,Смоуктли,howling-fjord,480,shaman,elemental,6,5,1
32622,Oldaang,ravencrest,480,shaman,elemental,6,5,1
32623,Меменосный,gordunni,480,shaman,elemental,6,5,1
32624,Highfaî,tarren-mill,480,shaman,elemental,6,5,1
32625,Тандерхх,howling-fjord,480,shaman,elemental,6,5,1
32626,Rhonix,blackmoore,480,shaman,elemental,6,5,1
32627,Shambulançe,silvermoon,480,shaman,elemental,6,5,1
32628,Lovelyshaman,silvermoon,480,shaman,elemental,7,5,2
32629,Neystee,archimonde,480,shaman,elemental,12,5,7
32630,Loshohealva,stormscale,480,shaman,elemental,12,5,7
32631,Бумбумпаузр,borean-tundra,480,shaman,elemental,12,5,7
32632,Matmodir,hyjal,480,shaman,elemental,12,5,7
32633,Stòrm,ravencrest,480,shaman,elemental,12,5,7
32634,Swapxy,outland,480,shaman,elemental,12,5,7
32635,Skullføck,argent-dawn,480,shaman,elemental,12,5,7
32636,Velkin,thrall,480,shaman,elemental,12,5,7
32637,Amcin,stormreaver,480,shaman,elemental,12,5,7
32638,Flaskmus,haomarush,480,shaman,elemental,12,5,7
32639,Cptcutíe,antonidas,480,shaman,elemental,12,5,7
32640,Наладчик,gordunni,480,shaman,elemental,12,5,7
32641,Dregú,draenor,480,shaman,elemental,12,5,7
32642,Inyra,eredar,480,shaman,elemental,12,5,7
32643,Rykarn,eredar,480,shaman,elemental,12,5,7
32644,Talg,sylvanas,480,shaman,elemental,15,5,10
32645,Clickerboy,ravencrest,480,shaman,elemental,18,5,13
32646,Fûchsí,blackhand,479,shaman,elemental,6,5,1
32647,Destructør,norgannon,479,shaman,elemental,12,5,7
32648,Amarök,nerzhul,479,shaman,elemental,12,5,7
32649,Burnprof,nethersturm,479,shaman,elemental,12,5,7
32650,Sinwithin,ravencrest,478,shaman,elemental,12,5,7
32651,Loserlol,das-syndikat,478,shaman,elemental,12,5,7
32652,Kobeye,thrall,474,shaman,elemental,12,5,7
32653,Chispa,darkmoon-faire,447,shaman,elemental,11,5,6
32654,Novka,eredar,447,shaman,elemental,11,5,6
32655,Disharmony,outland,426,shaman,elemental,13,6,7
32656,Blùé,tarren-mill,399,shaman,elemental,5,5,0
32657,Tóuka,uldum,384,shaman,elemental,6,4,2
32658,Selonthyx,ravencrest,384,shaman,elemental,6,4,2
32659,Kraksham,ravencrest,384,shaman,elemental,6,4,2
32660,Trustlemac,onyxia,384,shaman,elemental,6,4,2
32661,Sebubu,twisting-nether,384,shaman,elemental,6,4,2
32662,Grimtol,magtheridon,384,shaman,elemental,6,4,2
32663,Zippidizap,ulduar,384,shaman,elemental,6,4,2
32664,Shafallen,tarren-mill,384,shaman,elemental,6,4,2
32665,Lizoo,ravencrest,384,shaman,elemental,6,4,2
32666,Jacc,sunstrider,384,shaman,elemental,6,4,2
32667,Kévinn,draenor,384,shaman,elemental,6,4,2
32668,Schamîx,blackrock,384,shaman,elemental,6,4,2
32669,Tiji,eredar,384,shaman,elemental,6,4,2
32670,Yerlas,burning-legion,384,shaman,elemental,6,4,2
32671,Ruvxy,twisting-nether,384,shaman,elemental,6,4,2
32672,Rahuna,darksorrow,384,shaman,elemental,6,4,2
32673,Hispanoxd,sanguino,384,shaman,elemental,6,4,2
32674,Lavadrak,eredar,384,shaman,elemental,6,4,2
32675,Føxï,pozzo-delleternità,384,shaman,elemental,6,4,2
32676,Anubisll,hyjal,384,shaman,elemental,6,4,2
32677,Alëxx,hyjal,384,shaman,elemental,6,4,2
32678,Shamurky,kazzak,384,shaman,elemental,6,4,2
32679,Xatis,aegwynn,384,shaman,elemental,6,4,2
32680,Hotsincezero,archimonde,384,shaman,elemental,6,4,2
32681,Bkdgoodz,aegwynn,384,shaman,elemental,6,4,2
32682,Øwlïshâm,archimonde,384,shaman,elemental,6,4,2
32683,Zoolza,kirin-tor,384,shaman,elemental,12,4,8
32684,Magicmekoz,draenor,384,shaman,elemental,12,4,8
32685,Réläx,kazzak,384,shaman,elemental,12,4,8
32686,Rocktopus,outland,384,shaman,elemental,12,4,8
32687,Dogfrog,silvermoon,384,shaman,elemental,12,4,8
32688,Xyckas,terrordar,384,shaman,elemental,12,4,8
32689,Goitbate,azuremyst,384,shaman,elemental,12,4,8
32690,Chrached,kargath,384,shaman,elemental,12,4,8
32691,Hí,bronzebeard,384,shaman,elemental,12,4,8
32692,Setac,stormscale,384,shaman,elemental,12,4,8
32693,Апинсмок,soulflayer,384,shaman,elemental,12,4,8
32694,Karissah,silvermoon,384,shaman,elemental,12,4,8
32695,Saggrox,kazzak,384,shaman,elemental,12,4,8
32696,Swart,hyjal,384,shaman,elemental,12,4,8
32697,Вензеро,howling-fjord,384,shaman,elemental,12,4,8
32698,Gensehaut,aegwynn,384,shaman,elemental,12,4,8
32699,Tism,stormscale,384,shaman,elemental,12,4,8
32700,Zapper,blackrock,384,shaman,elemental,12,4,8
32701,Eskìmo,malganis,384,shaman,elemental,12,4,8
32702,Raoult,ravencrest,384,shaman,elemental,12,4,8
32703,Snusy,stormscale,384,shaman,elemental,12,4,8
32704,Zaappyboii,azjolnerub,384,shaman,elemental,14,4,10
32705,Pedrototem,silvermoon,383,shaman,elemental,6,4,2
32706,Zokah,emeriss,383,shaman,elemental,6,4,2
32707,Dudoras,doomhammer,383,shaman,elemental,18,4,14
32708,Kennyo,uldum,379,shaman,elemental,12,4,8
32709,Khalamity,ravencrest,330,shaman,elemental,14,6,8
32710,Fotmglad,blackrock,320,shaman,elemental,10,4,6
32711,ßaßystärz,hyjal,319,shaman,elemental,5,4,1
32712,Dûmah,sanguino,304,shaman,elemental,7,4,3
32713,Zarakuda,magtheridon,296,shaman,elemental,20,5,15
32714,Энхай,azuregos,288,shaman,elemental,6,3,3
32715,Firella,the-maelstrom,288,shaman,elemental,6,3,3
32716,Bas,nagrand,288,shaman,elemental,6,3,3
32717,Дудивтф,soulflayer,288,shaman,elemental,6,3,3
32718,Санрэйн,soulflayer,288,shaman,elemental,6,3,3
32719,Реалайзер,blackscar,288,shaman,elemental,6,3,3
32720,Родохрозид,blackscar,288,shaman,elemental,6,3,3
32721,Nightingäle,silvermoon,288,shaman,elemental,6,3,3
32722,Херургх,soulflayer,288,shaman,elemental,6,3,3
32723,Царьбер,soulflayer,288,shaman,elemental,6,3,3
32724,Spruehkot,aegwynn,288,shaman,elemental,6,3,3
32725,Bhargonen,silvermoon,288,shaman,elemental,6,3,3
32726,Dünnbier,blackhand,288,shaman,elemental,6,3,3
32727,Peneapunta,nemesis,288,shaman,elemental,6,3,3
32728,Fufupartyxx,blackrock,288,shaman,elemental,6,3,3
32729,Rhastafarian,stormscale,288,shaman,elemental,6,3,3
32730,Momine,stormscale,288,shaman,elemental,6,3,3
32731,Hotstorm,bronzebeard,288,shaman,elemental,6,3,3
32732,Gravépàct,blackrock,288,shaman,elemental,6,3,3
32733,Bharudor,antonidas,288,shaman,elemental,6,3,3
32734,Shaulic,ravencrest,288,shaman,elemental,6,3,3
32735,Gissary,drakthul,288,shaman,elemental,6,3,3
32736,Hethne,kazzak,288,shaman,elemental,6,3,3
32737,Lunarsloth,hyjal,288,shaman,elemental,6,3,3
32738,Qenninka,drakthul,288,shaman,elemental,6,3,3
32739,Berith,spinebreaker,288,shaman,elemental,6,3,3
32740,Amu,ravencrest,288,shaman,elemental,6,3,3
32741,Khaleeya,blackmoore,288,shaman,elemental,6,3,3
32742,Faroh,ravencrest,288,shaman,elemental,6,3,3
32743,Bammë,archimonde,288,shaman,elemental,6,3,3
32744,Shamuzan,malfurion,288,shaman,elemental,6,3,3
32745,Tornado,ravencrest,288,shaman,elemental,6,3,3
32746,Dobär,madmortem,288,shaman,elemental,6,3,3
32747,Another,hakkar,288,shaman,elemental,6,3,3
32748,Volvíc,tichondrius,288,shaman,elemental,6,3,3
32749,Peaktrim,tarren-mill,288,shaman,elemental,6,3,3
32750,Joeyexe,outland,288,shaman,elemental,6,3,3
32751,Mjukiz,tarren-mill,288,shaman,elemental,6,3,3
32752,Caro,tarren-mill,288,shaman,elemental,6,3,3
32753,Pooch,archimonde,288,shaman,elemental,6,3,3
32754,Dagra,twisting-nether,288,shaman,elemental,6,3,3
32755,Asiorr,silvermoon,288,shaman,elemental,6,3,3
32756,Kärdyo,archimonde,288,shaman,elemental,6,3,3
32757,Tiâna,archimonde,288,shaman,elemental,6,3,3
32758,Ironbuttrfly,magtheridon,288,shaman,elemental,6,3,3
32759,Jeelypink,dalaran,288,shaman,elemental,6,3,3
32760,Kónjo,kazzak,288,shaman,elemental,6,3,3
32761,Shoewalker,ragnaros,288,shaman,elemental,6,3,3
32762,Vukroth,argent-dawn,288,shaman,elemental,6,3,3
32763,Brandbombe,frostwolf,288,shaman,elemental,6,3,3
32764,Shamanmans,grim-batol,288,shaman,elemental,6,3,3
32765,Babathar,ysondre,288,shaman,elemental,6,3,3
32766,Symy,draenor,288,shaman,elemental,6,3,3
32767,Vix,argent-dawn,288,shaman,elemental,6,3,3
32768,Estexxsham,kazzak,288,shaman,elemental,6,3,3
32769,Bigpinkpig,thunderhorn,288,shaman,elemental,7,3,4
32770,Jaeslin,tarren-mill,288,shaman,elemental,12,3,9
32771,Gethrok,rajaxx,288,shaman,elemental,12,3,9
32772,Tir,auchindoun,288,shaman,elemental,12,3,9
32773,Elemania,mugthol,288,shaman,elemental,12,3,9
32774,Woolysocks,draenor,288,shaman,elemental,12,3,9
32775,Samlik,antonidas,288,shaman,elemental,12,3,9
32776,Qwunjin,ragnaros,288,shaman,elemental,12,3,9
32777,Nitronigi,malganis,288,shaman,elemental,12,3,9
32778,Tonto,frostmane,288,shaman,elemental,12,3,9
32779,Sayokô,grim-batol,288,shaman,elemental,12,3,9
32780,Corlysvelary,doomhammer,288,shaman,elemental,12,3,9
32781,Fouchin,outland,288,shaman,elemental,12,3,9
32782,Rharhahra,archimonde,288,shaman,elemental,18,3,15
32783,Megaherz,sanguino,287,shaman,elemental,6,3,3
32784,Bogatyrk,twisting-nether,287,shaman,elemental,6,3,3
32785,Kcarlina,uldum,287,shaman,elemental,6,3,3
32786,Twotwozero,defias-brotherhood,286,shaman,elemental,6,3,3
32787,Zalacrass,sanguino,286,shaman,elemental,6,3,3
32788,Вещун,deathguard,284,shaman,elemental,12,3,9
32789,Mareaspibas,zuljin,239,shaman,elemental,5,3,2
32790,Stíckíx,malganis,192,shaman,elemental,4,3,1
32791,Krahg,garona,192,shaman,elemental,4,3,1
32792,Гленкуллен,blackscar,192,shaman,elemental,6,2,4
32793,Smashsmash,the-maelstrom,192,shaman,elemental,6,2,4
32794,Ishkadar,twisting-nether,192,shaman,elemental,6,2,4
32795,Cöökiekeeper,twisting-nether,192,shaman,elemental,6,2,4
32796,Nnekalol,twisting-nether,192,shaman,elemental,6,2,4
32797,Лартисс,howling-fjord,192,shaman,elemental,6,2,4
32798,Schockolade,blackmoore,192,shaman,elemental,6,2,4
32799,Yiyi,boulderfist,192,shaman,elemental,6,2,4
32800,Шаеман,soulflayer,192,shaman,elemental,6,2,4
32801,Драгенхз,gordunni,192,shaman,elemental,6,2,4
32802,Macetoyaface,darksorrow,192,shaman,elemental,6,2,4
32803,Joeculdacier,hyjal,192,shaman,elemental,6,2,4
32804,Бурехлест,howling-fjord,192,shaman,elemental,6,2,4
32805,Зуфар,howling-fjord,192,shaman,elemental,6,2,4
32806,Beletili,chogall,192,shaman,elemental,6,2,4
32807,Thomz,aggra-português,192,shaman,elemental,6,2,4
32808,Дагод,booty-bay,192,shaman,elemental,6,2,4
32809,Apád,ragnaros,192,shaman,elemental,6,2,4
32810,Талиесин,grom,192,shaman,elemental,6,2,4
32811,Девлиниум,fordragon,192,shaman,elemental,6,2,4
32812,Präsi,die-aldor,192,shaman,elemental,6,2,4
32813,Rakermän,dun-modr,192,shaman,elemental,6,2,4
32814,Yezu,medivh,192,shaman,elemental,6,2,4
32815,Rindenmulch,eredar,192,shaman,elemental,6,2,4
32816,Cloovster,magtheridon,192,shaman,elemental,6,2,4
32817,Nuekx,sanguino,192,shaman,elemental,6,2,4
32818,Quartodebue,nemesis,192,shaman,elemental,6,2,4
32819,Attm,twisting-nether,192,shaman,elemental,6,2,4
32820,Nuvet,argent-dawn,192,shaman,elemental,6,2,4
32821,Ahrim,argent-dawn,192,shaman,elemental,6,2,4
32822,Naathir,magtheridon,192,shaman,elemental,6,2,4
32823,Garakh,argent-dawn,192,shaman,elemental,6,2,4
32824,Krovogor,silvermoon,192,shaman,elemental,6,2,4
32825,Squixi,ravencrest,192,shaman,elemental,6,2,4
32826,Mehex,tarren-mill,192,shaman,elemental,6,2,4
32827,Zackyboi,tarren-mill,192,shaman,elemental,6,2,4
32828,Ratatakéas,archimonde,192,shaman,elemental,6,2,4
32829,Undae,ravencrest,192,shaman,elemental,6,2,4
32830,Лаваяшка,gordunni,192,shaman,elemental,6,2,4
32831,Djxyoloswag,silvermoon,192,shaman,elemental,6,2,4
32832,Amonshokz,tarren-mill,192,shaman,elemental,6,2,4
32833,Renegad,archimonde,192,shaman,elemental,6,2,4
32834,Zinlay,tarren-mill,192,shaman,elemental,6,2,4
32835,Dormido,sanguino,192,shaman,elemental,6,2,4
32836,Beven,stormscale,192,shaman,elemental,6,2,4
32837,Тандерхем,gordunni,192,shaman,elemental,6,2,4
32838,Melliska,silvermoon,192,shaman,elemental,6,2,4
32839,Fuzzbolt,silvermoon,192,shaman,elemental,6,2,4
32840,Biccon,silvermoon,192,shaman,elemental,6,2,4
32841,Kappatotem,silvermoon,192,shaman,elemental,6,2,4
32842,Vandouille,archimonde,192,shaman,elemental,6,2,4
32843,Thornyberrý,outland,192,shaman,elemental,6,2,4
32844,Purgegødxx,aegwynn,192,shaman,elemental,6,2,4
32845,Dodododfewal,stormscale,192,shaman,elemental,6,2,4
32846,Albatroz,the-maelstrom,192,shaman,elemental,6,2,4
32847,Haarold,sylvanas,192,shaman,elemental,6,2,4
32848,Сновидений,soulflayer,192,shaman,elemental,6,2,4
32849,Rok,darkspear,192,shaman,elemental,6,2,4
32850,Shàmeonyou,dun-morogh,192,shaman,elemental,6,2,4
32851,Kolchidyalah,la-croisade-écarlate,192,shaman,elemental,6,2,4
32852,Rompelukt,auchindoun,192,shaman,elemental,6,2,4
32853,Shockbestie,eredar,192,shaman,elemental,7,2,5
32854,Lampard,magtheridon,192,shaman,elemental,11,2,9
32855,Виспепешам,gordunni,192,shaman,elemental,12,2,10
32856,Sweetcåndy,stormscale,192,shaman,elemental,12,2,10
32857,Zíp,archimonde,192,shaman,elemental,12,2,10
32858,Lycburst,twisting-nether,192,shaman,elemental,12,2,10
32859,Avarela,argent-dawn,192,shaman,elemental,12,2,10
32860,Nakenfeigy,stormreaver,192,shaman,elemental,12,2,10
32861,Ærö,outland,192,shaman,elemental,12,2,10
32862,Максобман,howling-fjord,192,shaman,elemental,12,2,10
32863,Ghostx,nemesis,192,shaman,elemental,18,2,16
32864,Aspirio,ravencrest,175,shaman,elemental,11,2,9
32865,Kortën,khaz-modan,159,shaman,elemental,10,2,8
32866,Lavaburstx,antonidas,138,shaman,elemental,10,3,7
32867,Amiashaman,stormscale,138,shaman,elemental,16,3,13
32868,Ulfuz,silvermoon,128,shaman,elemental,4,2,2
32869,Thorcasso,azuremyst,96,shaman,elemental,3,2,1
32870,Simpledream,tarren-mill,96,shaman,elemental,3,2,1
32871,Zadrams,argent-dawn,96,shaman,elemental,3,2,1
32872,Bram,aggra-português,96,shaman,elemental,3,2,1
32873,Nopivøt,hyjal,96,shaman,elemental,7,2,5
32874,Growlêy,draenor,96,shaman,elemental,6,1,5
32875,Flurpz,outland,96,shaman,elemental,6,1,5
32876,Zaffyboi,draenor,96,shaman,elemental,6,1,5
32877,Eleurii,burning-blade,96,shaman,elemental,6,1,5
32878,Dizhkameduu,terokkar,96,shaman,elemental,6,1,5
32879,Shamsteaks,ysera,96,shaman,elemental,6,1,5
32880,Пэппивкашке,howling-fjord,96,shaman,elemental,6,1,5
32881,Vodoochild,hyjal,96,shaman,elemental,6,1,5
32882,Châmanco,dun-modr,96,shaman,elemental,6,1,5
32883,Newÿorc,dalaran,96,shaman,elemental,6,1,5
32884,Jumbototem,tarren-mill,96,shaman,elemental,6,1,5
32885,Skailzcham,hyjal,96,shaman,elemental,6,1,5
32886,Moglibard,grim-batol,96,shaman,elemental,6,1,5
32887,Nìtratx,archimonde,96,shaman,elemental,6,1,5
32888,Magmamartin,antonidas,96,shaman,elemental,6,1,5
32889,Stiflersmôm,antonidas,96,shaman,elemental,6,1,5
32890,Shaminista,ravencrest,96,shaman,elemental,6,1,5
32891,Zeiger,minahonda,96,shaman,elemental,6,1,5
32892,Elijaá,nordrassil,96,shaman,elemental,6,1,5
32893,Shamira,nethersturm,96,shaman,elemental,6,1,5
32894,Heheheyup,ravencrest,96,shaman,elemental,6,1,5
32895,Papaver,zirkel-des-cenarius,96,shaman,elemental,6,1,5
32896,Izir,archimonde,96,shaman,elemental,6,1,5
32897,Dergat,pozzo-delleternità,96,shaman,elemental,6,1,5
32898,Ânne,blackrock,96,shaman,elemental,6,1,5
32899,Bonestompamc,blackmoore,96,shaman,elemental,6,1,5
32900,Samisu,blackmoore,96,shaman,elemental,6,1,5
32901,Dwarfofwar,ravencrest,96,shaman,elemental,6,1,5
32902,Pasjeop,ravencrest,96,shaman,elemental,6,1,5
32903,Неерззул,soulflayer,96,shaman,elemental,6,1,5
32904,Fatflop,sylvanas,96,shaman,elemental,6,1,5
32905,Зэстус,soulflayer,96,shaman,elemental,6,1,5
32906,Freexx,aegwynn,96,shaman,elemental,6,1,5
32907,Felcrushed,stormscale,96,shaman,elemental,6,1,5
32908,Pomegranate,arthas,96,shaman,elemental,6,1,5
32909,Depucova,silvermoon,96,shaman,elemental,6,1,5
32910,Aguero,aegwynn,96,shaman,elemental,6,1,5
32911,Лучшийшаман,soulflayer,96,shaman,elemental,6,1,5
32912,Сентес,soulflayer,96,shaman,elemental,6,1,5
32913,Hästdvärg,the-maelstrom,96,shaman,elemental,6,1,5
32914,Леланай,blackscar,96,shaman,elemental,6,1,5
32915,Cazzari,thrall,96,shaman,elemental,6,1,5
32916,Champïx,archimonde,96,shaman,elemental,15,2,13
32917,Zappypewpew,drakthul,96,shaman,elemental,12,1,11
32918,Amaizin,stormscale,96,shaman,elemental,12,1,11
32919,Kyst,elune,95,shaman,elemental,6,1,5
32920,Torepåsporet,deathwing,79,shaman,elemental,5,1,4
32921,Rãgnãr,frostwolf,64,shaman,elemental,4,1,3
32922,Thazra,zirkel-des-cenarius,63,shaman,elemental,2,2,0
32923,Shammolino,nemesis,41,shaman,elemental,7,3,4
32924,Obêlixx,blackmoore,31,shaman,elemental,2,1,1
32925,Gushgush,draenor,31,shaman,elemental,2,1,1
32926,Memourian,drakthul,16,shaman,elemental,7,1,6
32927,Mûnch,kazzak,2369,shaman,enhancement,110,73,37
32928,Крааули,soulflayer,2322,shaman,enhancement,234,123,111
32929,Bredare,ravencrest,2295,shaman,enhancement,100,79,21
32930,Strippzz,stormscale,2238,shaman,enhancement,102,62,40
32931,Fatpig,stormscale,2238,shaman,enhancement,83,47,36
32932,Hermerejildo,stormscale,2231,shaman,enhancement,96,52,44
32933,Axdn,ravencrest,2229,shaman,enhancement,80,47,33
32934,Blaukraut,stormscale,2206,shaman,enhancement,97,61,36
32935,Avines,twisting-nether,2205,shaman,enhancement,200,103,97
32936,Китрасст,soulflayer,2184,shaman,enhancement,72,38,34
32937,Azifox,hyjal,2175,shaman,enhancement,96,49,47
32938,Lizoo,ravencrest,2169,shaman,enhancement,102,66,36
32939,Baconbazooka,tarren-mill,2147,shaman,enhancement,101,60,41
32940,Áä,stormscale,2146,shaman,enhancement,48,42,6
32941,Voodoodoouu,stormscale,2136,shaman,enhancement,95,55,40
32942,Sillaas,ysondre,2131,shaman,enhancement,102,50,52
32943,Shïnnkøk,stormscale,2130,shaman,enhancement,72,43,29
32944,Myguns,silvermoon,2130,shaman,enhancement,122,68,54
32945,Dennismanone,tarren-mill,2129,shaman,enhancement,96,48,48
32946,Mustakrakish,terokkar,2127,shaman,enhancement,78,53,25
32947,Smorcshamyy,kazzak,2127,shaman,enhancement,111,63,48
32948,Fckumen,blackmoore,2124,shaman,enhancement,106,61,45
32949,Stribbzz,stormscale,2123,shaman,enhancement,196,116,80
32950,Joeyexe,outland,2119,shaman,enhancement,84,48,36
32951,Shadi,stormscale,2119,shaman,enhancement,84,44,40
32952,Maelstrom,eredar,2113,shaman,enhancement,300,167,133
32953,Lovèless,stormscale,2111,shaman,enhancement,36,26,10
32954,Ruffepuffe,twisting-nether,2109,shaman,enhancement,192,107,85
32955,Buffdraventy,archimonde,2105,shaman,enhancement,66,40,26
32956,Sparkyxd,twisting-nether,2102,shaman,enhancement,78,40,38
32957,Shambolicc,kazzak,2098,shaman,enhancement,78,44,34
32958,Дудивтф,soulflayer,2085,shaman,enhancement,147,76,71
32959,Trulylove,tarren-mill,2085,shaman,enhancement,66,34,32
32960,Feetaddict,kazzak,2082,shaman,enhancement,70,45,25
32961,Zró,blackrock,2072,shaman,enhancement,96,53,43
32962,Hexmex,stormreaver,2044,shaman,enhancement,124,69,55
32963,Milheroj,tarren-mill,2043,shaman,enhancement,93,53,40
32964,Yashëa,ysondre,2042,shaman,enhancement,67,55,12
32965,Wishsteen,stormscale,2039,shaman,enhancement,71,42,29
32966,Читорра,gordunni,2038,shaman,enhancement,96,51,45
32967,Karpsham,stormscale,2033,shaman,enhancement,115,57,58
32968,Etox,darksorrow,2015,shaman,enhancement,96,48,48
32969,Uhøfligeulf,draenor,2013,shaman,enhancement,65,35,30
32970,Arslos,twisting-nether,2010,shaman,enhancement,50,39,11
32971,Пеклоь,soulflayer,2010,shaman,enhancement,106,57,49
32972,Gúîtårgøð,sanguino,2010,shaman,enhancement,82,41,41
32973,Shamanyxx,tarren-mill,2007,shaman,enhancement,78,42,36
32974,Nopre,blackrock,2005,shaman,enhancement,166,93,73
32975,Нарленд,gordunni,2003,shaman,enhancement,114,61,53
32976,Lokes,drakthul,2001,shaman,enhancement,160,89,71
32977,Yüri,stormscale,1998,shaman,enhancement,265,132,133
32978,Shukhevych,kazzak,1993,shaman,enhancement,65,40,25
32979,Бафамет,blackscar,1992,shaman,enhancement,48,27,21
32980,Acidtrips,thrall,1985,shaman,enhancement,54,30,24
32981,Инсэйнгод,soulflayer,1983,shaman,enhancement,63,32,31
32982,Testosterone,dun-modr,1980,shaman,enhancement,71,44,27
32983,Viablous,ravencrest,1977,shaman,enhancement,148,96,52
32984,Turbostruck,ravencrest,1977,shaman,enhancement,102,46,56
32985,Treyway,dun-modr,1974,shaman,enhancement,54,40,14
32986,Тиидишам,blackscar,1973,shaman,enhancement,84,45,39
32987,Shïnnøk,stormscale,1970,shaman,enhancement,328,166,162
32988,Oldveteran,eredar,1968,shaman,enhancement,90,56,34
32989,Plsdontpress,stormscale,1968,shaman,enhancement,91,53,38
32990,Swapxy,ravencrest,1961,shaman,enhancement,36,26,10
32991,Deaslow,hyjal,1952,shaman,enhancement,131,76,55
32992,Ниу,thermaplugg,1949,shaman,enhancement,54,32,22
32993,Shadiqt,stormscale,1942,shaman,enhancement,60,31,29
32994,Morguk,zuljin,1936,shaman,enhancement,91,53,38
32995,Tosemist,stormscale,1932,shaman,enhancement,58,35,23
32996,Brokenguyman,defias-brotherhood,1924,shaman,enhancement,52,31,21
32997,Kweng,stormreaver,1915,shaman,enhancement,74,39,35
32998,Alterem,kazzak,1914,shaman,enhancement,84,48,36
32999,Qnanen,blackmoore,1909,shaman,enhancement,41,29,12
33000,Тандерстарк,howling-fjord,1905,shaman,enhancement,119,65,54
33001,Pusspatrol,kazzak,1904,shaman,enhancement,66,32,34
33002,Arhitopg,silvermoon,1903,shaman,enhancement,120,64,56
33003,Panzarkamp,stormscale,1894,shaman,enhancement,95,58,37
33004,Gottiy,blackhand,1893,shaman,enhancement,102,50,52
33005,Gromzog,twisting-nether,1890,shaman,enhancement,48,31,17
33006,Horelio,sanguino,1887,shaman,enhancement,123,72,51
33007,Shamarach,sylvanas,1884,shaman,enhancement,42,29,13
33008,Blitzmann,outland,1879,shaman,enhancement,54,30,24
33009,Enhshamanop,draenor,1876,shaman,enhancement,144,72,72
33010,Чаапалах,blackscar,1874,shaman,enhancement,109,56,53
33011,Sozetwo,tarren-mill,1873,shaman,enhancement,34,24,10
33012,Xa,blackrock,1873,shaman,enhancement,54,31,23
33013,Shambolicc,ravencrest,1872,shaman,enhancement,65,29,36
33014,Jtouni,outland,1869,shaman,enhancement,72,37,35
33015,Skullstorm,talnivarr,1868,shaman,enhancement,62,37,25
33016,Ятебясмету,gordunni,1867,shaman,enhancement,48,32,16
33017,Jäy,twisting-nether,1867,shaman,enhancement,58,31,27
33018,Ниокумибейт,soulflayer,1866,shaman,enhancement,52,34,18
33019,Бренненд,howling-fjord,1865,shaman,enhancement,128,71,57
33020,Falseshepard,kazzak,1863,shaman,enhancement,54,29,25
33021,Disciplé,blackmoore,1862,shaman,enhancement,65,34,31
33022,Nuarishaman,kazzak,1858,shaman,enhancement,36,25,11
33023,Naochí,silvermoon,1857,shaman,enhancement,35,23,12
33024,Hanrej,draenor,1856,shaman,enhancement,60,37,23
33025,Radåhn,outland,1854,shaman,enhancement,72,44,28
33026,Tâktoukâ,archimonde,1851,shaman,enhancement,82,48,34
33027,Frankone,outland,1851,shaman,enhancement,138,79,59
33028,Ryhèn,stormscale,1850,shaman,enhancement,158,94,64
33029,Boombastíc,ravencrest,1850,shaman,enhancement,95,48,47
33030,Chatbanned,blackmoore,1849,shaman,enhancement,42,25,17
33031,Вацунвец,goldrinn,1849,shaman,enhancement,133,70,63
33032,Toteemikylpy,argent-dawn,1848,shaman,enhancement,54,38,16
33033,Totemofgreed,rexxar,1843,shaman,enhancement,84,40,44
33034,Сахарокь,soulflayer,1840,shaman,enhancement,42,27,15
33035,Shrektar,outland,1839,shaman,enhancement,36,22,14
33036,Sangoma,frostmane,1838,shaman,enhancement,178,88,90
33037,Actionhank,area-52,1834,shaman,enhancement,57,30,27
33038,Zetorgg,burning-legion,1832,shaman,enhancement,71,36,35
33039,Critonian,twisting-nether,1831,shaman,enhancement,54,27,27
33040,Херургх,soulflayer,1828,shaman,enhancement,74,48,26
33041,Друггрумилей,soulflayer,1828,shaman,enhancement,42,24,18
33042,Mírídíuss,silvermoon,1827,shaman,enhancement,35,25,10
33043,Salvadr,zuljin,1827,shaman,enhancement,62,35,27
33044,Stormkiler,defias-brotherhood,1826,shaman,enhancement,83,36,47
33045,Шаманмиша,gordunni,1825,shaman,enhancement,36,25,11
33046,Ananasanax,twisting-nether,1823,shaman,enhancement,114,63,51
33047,Chakafuyo,dun-modr,1822,shaman,enhancement,42,25,17
33048,Floorislava,culte-de-la-rive-noire,1822,shaman,enhancement,84,43,41
33049,Grende,sylvanas,1820,shaman,enhancement,90,49,41
33050,Talrall,twisting-nether,1820,shaman,enhancement,66,35,31
33051,Asaakira,blackmoore,1819,shaman,enhancement,175,87,88
33052,Senroxx,blackrock,1818,shaman,enhancement,48,32,16
33053,Пэппивкашке,howling-fjord,1818,shaman,enhancement,38,23,15
33054,Argotan,drakthul,1817,shaman,enhancement,71,43,28
33055,Mckoy,kazzak,1816,shaman,enhancement,40,27,13
33056,Bullx,magtheridon,1815,shaman,enhancement,78,43,35
33057,Marohk,uldum,1815,shaman,enhancement,42,22,20
33058,Слакербэдбой,gordunni,1814,shaman,enhancement,78,35,43
33059,Bikdig,dun-modr,1812,shaman,enhancement,78,47,31
33060,Mèátßãllgøðx,kazzak,1812,shaman,enhancement,129,65,64
33061,Zulren,draenor,1811,shaman,enhancement,42,23,19
33062,Вацустайл,goldrinn,1810,shaman,enhancement,48,32,16
33063,Dshaman,aegwynn,1810,shaman,enhancement,36,23,13
33064,Вудумастер,gordunni,1810,shaman,enhancement,83,48,35
33065,Taktouka,archimonde,1810,shaman,enhancement,54,24,30
33066,Wishstêên,stormscale,1809,shaman,enhancement,64,29,35
33067,Pumpzuat,khadgar,1808,shaman,enhancement,24,20,4
33068,Xestil,blackmoore,1808,shaman,enhancement,67,36,31
33069,Yombaï,archimonde,1808,shaman,enhancement,108,48,60
33070,Wóllff,archimonde,1806,shaman,enhancement,48,24,24
33071,Реактиватор,soulflayer,1803,shaman,enhancement,47,27,20
33072,Wúh,twisting-nether,1802,shaman,enhancement,78,48,30
33073,Syllaas,ysondre,1800,shaman,enhancement,54,28,26
33074,Calvey,magtheridon,1799,shaman,enhancement,82,37,45
33075,Rabalalaha,twisting-nether,1798,shaman,enhancement,146,78,68
33076,Proccq,twisting-nether,1795,shaman,enhancement,48,24,24
33077,Shamflurry,ravencrest,1793,shaman,enhancement,42,29,13
33078,Veloudinos,twisting-nether,1793,shaman,enhancement,107,71,36
33079,Kulefesk,grim-batol,1793,shaman,enhancement,60,30,30
33080,Zarkab,ysondre,1792,shaman,enhancement,64,45,19
33081,Yacu,blackrock,1785,shaman,enhancement,65,37,28
33082,Æerømachine,outland,1784,shaman,enhancement,45,22,23
33083,Rëalg,zuljin,1783,shaman,enhancement,65,43,22
33084,Moini,eredar,1783,shaman,enhancement,54,28,26
33085,Obrijames,tarren-mill,1776,shaman,enhancement,64,40,24
33086,Pumpcok,durotan,1774,shaman,enhancement,42,30,12
33087,Шаманутый,soulflayer,1774,shaman,enhancement,107,54,53
33088,Basz,aegwynn,1773,shaman,enhancement,53,30,23
33089,Pýthøn,silvermoon,1772,shaman,enhancement,54,27,27
33090,Ázøk,stormscale,1771,shaman,enhancement,142,72,70
33091,Spicemélange,archimonde,1769,shaman,enhancement,52,30,22
33092,Azrs,ravencrest,1768,shaman,enhancement,90,50,40
33093,Phobiatics,thrall,1766,shaman,enhancement,35,25,10
33094,Sígrun,aegwynn,1758,shaman,enhancement,42,28,14
33095,Lavadelrey,drakthul,1758,shaman,enhancement,42,21,21
33096,Китраст,soulflayer,1756,shaman,enhancement,34,19,15
33097,Видарх,soulflayer,1756,shaman,enhancement,42,20,22
33098,Echoingshock,argent-dawn,1746,shaman,enhancement,48,32,16
33099,Doomëd,drakthul,1746,shaman,enhancement,42,24,18
33100,Medistød,draenor,1742,shaman,enhancement,68,48,20
33101,Stormdrak,eredar,1741,shaman,enhancement,42,29,13
33102,Agathoulis,burning-legion,1741,shaman,enhancement,42,28,14
33103,Vayshibro,turalyon,1741,shaman,enhancement,54,29,25
33104,Автозакзак,soulflayer,1741,shaman,enhancement,53,25,28
33105,Рэггдолл,soulflayer,1739,shaman,enhancement,84,34,50
33106,Painshock,outland,1736,shaman,enhancement,60,36,24
33107,Wacomtablet,kazzak,1736,shaman,enhancement,36,19,17
33108,Tobanga,malganis,1730,shaman,enhancement,48,29,19
33109,Халльбьерн,howling-fjord,1726,shaman,enhancement,60,36,24
33110,Sswf,kazzak,1725,shaman,enhancement,24,18,6
33111,Madboys,kazzak,1723,shaman,enhancement,72,39,33
33112,Ñøs,blackrock,1721,shaman,enhancement,96,51,45
33113,Xôàrqt,eredar,1719,shaman,enhancement,209,110,99
33114,Snëakyboom,stormscale,1717,shaman,enhancement,96,46,50
33115,Daybidaybi,stormscale,1716,shaman,enhancement,34,19,15
33116,Тралси,howling-fjord,1715,shaman,enhancement,24,18,6
33117,Ozilie,khaz-modan,1714,shaman,enhancement,53,34,19
33118,Stormbreáker,twisting-nether,1711,shaman,enhancement,172,101,71
33119,Mehex,tarren-mill,1711,shaman,enhancement,42,21,21
33120,Stalkun,elune,1708,shaman,enhancement,30,19,11
33121,Enhx,ravencrest,1707,shaman,enhancement,36,23,13
33122,Zulmalis,twisting-nether,1707,shaman,enhancement,46,25,21
33123,Trulylove,outland,1706,shaman,enhancement,59,25,34
33124,Joanna,frostwolf,1705,shaman,enhancement,60,28,32
33125,Fotmburstwin,blackmoore,1704,shaman,enhancement,42,27,15
33126,Fözk,outland,1704,shaman,enhancement,42,24,18
33127,Matchstíck,draenor,1702,shaman,enhancement,42,21,21
33128,Monamour,twisting-nether,1698,shaman,enhancement,66,40,26
33129,Lersham,the-maelstrom,1698,shaman,enhancement,54,32,22
33130,Enhahaha,tarren-mill,1697,shaman,enhancement,36,23,13
33131,Nerfrets,malganis,1696,shaman,enhancement,72,46,26
33132,Altarian,nemesis,1695,shaman,enhancement,42,21,21
33133,Hezdnalien,aegwynn,1694,shaman,enhancement,89,48,41
33134,Masztaar,ragnaros,1691,shaman,enhancement,94,49,45
33135,Халльбиорн,gordunni,1691,shaman,enhancement,67,32,35
33136,Максобман,howling-fjord,1690,shaman,enhancement,30,18,12
33137,Царьбер,soulflayer,1690,shaman,enhancement,80,45,35
33138,Spetsnazz,archimonde,1689,shaman,enhancement,182,90,92
33139,Ripstorm,sylvanas,1685,shaman,enhancement,48,24,24
33140,Blastoiselol,ragnaros,1683,shaman,enhancement,34,22,12
33141,Chêlëx,silvermoon,1682,shaman,enhancement,164,89,75
33142,Kæzx,blackrock,1681,shaman,enhancement,36,22,14
33143,Tinysalmon,hyjal,1681,shaman,enhancement,30,18,12
33144,Kilomanjaro,bloodfeather,1680,shaman,enhancement,54,30,24
33145,Взалходил,soulflayer,1680,shaman,enhancement,41,21,20
33146,Wheygodx,ravencrest,1679,shaman,enhancement,87,46,41
33147,Greythunda,archimonde,1672,shaman,enhancement,36,23,13
33148,Гоэл,ashenvale,1672,shaman,enhancement,42,26,16
33149,Makaar,blackrock,1672,shaman,enhancement,48,26,22
33150,Bluetide,ravencrest,1671,shaman,enhancement,51,34,17
33151,Lurkmon,twisting-nether,1671,shaman,enhancement,100,53,47
33152,Javaburst,ragnaros,1670,shaman,enhancement,72,39,33
33153,Vartarius,arthas,1669,shaman,enhancement,66,34,32
33154,Pontifhkas,ragnaros,1666,shaman,enhancement,51,33,18
33155,Isucklasso,aegwynn,1664,shaman,enhancement,54,32,22
33156,Cåmilis,archimonde,1664,shaman,enhancement,60,33,27
33157,Kynaz,sanguino,1664,shaman,enhancement,105,48,57
33158,Neurax,sanguino,1663,shaman,enhancement,88,47,41
33159,Recaim,outland,1663,shaman,enhancement,36,19,17
33160,Khelyyn,tarren-mill,1662,shaman,enhancement,76,39,37
33161,Rayoton,burning-legion,1662,shaman,enhancement,72,35,37
33162,Sybred,twisting-nether,1660,shaman,enhancement,66,41,25
33163,Nibblez,aegwynn,1659,shaman,enhancement,78,50,28
33164,Narevoqi,madmortem,1658,shaman,enhancement,34,22,12
33165,Nînadobrevx,stormscale,1657,shaman,enhancement,135,77,58
33166,Smozze,grim-batol,1657,shaman,enhancement,129,68,61
33167,Darkning,kazzak,1656,shaman,enhancement,36,23,13
33168,Faxsham,draenor,1655,shaman,enhancement,30,20,10
33169,Tito,stormscale,1653,shaman,enhancement,48,20,28
33170,Tartakos,ravencrest,1652,shaman,enhancement,61,36,25
33171,Ludwigson,tarren-mill,1652,shaman,enhancement,98,57,41
33172,Лолимин,borean-tundra,1651,shaman,enhancement,51,33,18
33173,Purgelord,tarren-mill,1650,shaman,enhancement,74,46,28
33174,Tdogfx,blackhand,1650,shaman,enhancement,42,26,16
33175,Turbopuddi,kazzak,1650,shaman,enhancement,77,39,38
33176,Шанья,gordunni,1650,shaman,enhancement,84,39,45
33177,Spaltbart,blackmoore,1648,shaman,enhancement,48,26,22
33178,Nevergroundx,perenolde,1646,shaman,enhancement,30,21,9
33179,Kachori,eredar,1645,shaman,enhancement,48,22,26
33180,Kanaky,hyjal,1644,shaman,enhancement,42,24,18
33181,Элементи,gordunni,1642,shaman,enhancement,107,63,44
33182,Pumanii,silvermoon,1642,shaman,enhancement,54,28,26
33183,Spacelazers,twisting-nether,1641,shaman,enhancement,29,19,10
33184,Энха,howling-fjord,1641,shaman,enhancement,36,21,15
33185,Typhoön,sanguino,1640,shaman,enhancement,199,102,97
33186,Порнёреф,howling-fjord,1638,shaman,enhancement,165,98,67
33187,Shambamm,stormscale,1637,shaman,enhancement,54,31,23
33188,Tornis,terokkar,1637,shaman,enhancement,102,55,47
33189,Androck,tarren-mill,1637,shaman,enhancement,42,22,20
33190,Elemoont,tarren-mill,1633,shaman,enhancement,48,28,20
33191,Legitbro,ravencrest,1633,shaman,enhancement,48,22,26
33192,Argarok,argent-dawn,1630,shaman,enhancement,36,22,14
33193,Plockepinn,ravencrest,1630,shaman,enhancement,48,20,28
33194,Shamrún,sylvanas,1629,shaman,enhancement,60,37,23
33195,Lilmozart,twisting-nether,1628,shaman,enhancement,35,18,17
33196,Láynert,dun-modr,1628,shaman,enhancement,294,145,149
33197,Johncoltrane,archimonde,1626,shaman,enhancement,54,36,18
33198,Voodoohexman,kazzak,1626,shaman,enhancement,60,37,23
33199,Äijä,chromaggus,1626,shaman,enhancement,72,41,31
33200,Ùseless,archimonde,1626,shaman,enhancement,36,20,16
33201,Traktorchox,draenor,1626,shaman,enhancement,45,24,21
33202,Funkins,hyjal,1625,shaman,enhancement,49,25,24
33203,Volvíc,tichondrius,1625,shaman,enhancement,36,18,18
33204,Канамаш,borean-tundra,1624,shaman,enhancement,42,27,15
33205,Chamkalix,sanguino,1623,shaman,enhancement,72,37,35
33206,Brenhilda,blackmoore,1622,shaman,enhancement,42,32,10
33207,Reparagos,sanguino,1622,shaman,enhancement,47,27,20
33208,Úpli,blackmoore,1621,shaman,enhancement,30,18,12
33209,Testogodx,defias-brotherhood,1621,shaman,enhancement,63,35,28
33210,Gelthan,zuljin,1620,shaman,enhancement,122,63,59
33211,Shamtard,frostwhisper,1620,shaman,enhancement,145,67,78
33212,Kosface,tarren-mill,1619,shaman,enhancement,100,55,45
33213,Elèon,blackrock,1619,shaman,enhancement,113,54,59
33214,Khrin,blackmoore,1618,shaman,enhancement,36,21,15
33215,Hexwife,archimonde,1618,shaman,enhancement,97,51,46
33216,Madmadbro,tarren-mill,1617,shaman,enhancement,171,92,79
33217,Зэбой,howling-fjord,1616,shaman,enhancement,50,33,17
33218,Werdup,sunstrider,1616,shaman,enhancement,44,19,25
33219,Иннреи,howling-fjord,1614,shaman,enhancement,75,46,29
33220,Царьколтрэйн,blackscar,1613,shaman,enhancement,107,56,51
33221,Defiaz,stormscale,1612,shaman,enhancement,46,34,12
33222,Tiuzzo,alakir,1612,shaman,enhancement,30,19,11
33223,Naïda,conseil-des-ombres,1612,shaman,enhancement,162,79,83
33224,Ореганно,howling-fjord,1611,shaman,enhancement,72,40,32
33225,Jondil,das-syndikat,1611,shaman,enhancement,71,37,34
33226,Toxicnux,nemesis,1610,shaman,enhancement,48,28,20
33227,Dóómd,kazzak,1610,shaman,enhancement,30,17,13
33228,Paintball,kazzak,1610,shaman,enhancement,90,49,41
33229,Чухансмент,gordunni,1610,shaman,enhancement,63,33,30
33230,Totemticks,aegwynn,1609,shaman,enhancement,48,25,23
33231,Шокмужик,gordunni,1608,shaman,enhancement,60,28,32
33232,Voodooms,laughing-skull,1607,shaman,enhancement,77,47,30
33233,Ancestro,kazzak,1606,shaman,enhancement,60,32,28
33234,Calveyy,magtheridon,1604,shaman,enhancement,24,17,7
33235,Grrud,draenor,1604,shaman,enhancement,42,23,19
33236,Sêarix,aegwynn,1603,shaman,enhancement,48,31,17
33237,Shocktopussi,stormscale,1603,shaman,enhancement,51,32,19
33238,Moaxtyr,blackmoore,1601,shaman,enhancement,42,29,13
33239,Estasham,stormscale,1601,shaman,enhancement,120,68,52
33240,Venomos,kazzak,1601,shaman,enhancement,39,18,21
33241,Wertih,burning-legion,1600,shaman,enhancement,50,33,17
33242,Mmsalatik,nemesis,1600,shaman,enhancement,36,19,17
33243,Sndheal,kazzak,1596,shaman,enhancement,24,19,5
33244,Jabaraklol,stormscale,1596,shaman,enhancement,88,54,34
33245,Patsham,wildhammer,1595,shaman,enhancement,125,72,53
33246,Ekinoz,outland,1593,shaman,enhancement,38,20,18
33247,Belroc,ravencrest,1591,shaman,enhancement,36,19,17
33248,Zakgar,ysondre,1589,shaman,enhancement,42,23,19
33249,Eysns,blackrock,1589,shaman,enhancement,42,21,21
33250,Ecclîpce,archimonde,1585,shaman,enhancement,78,44,34
33251,Epicenter,bloodscalp,1584,shaman,enhancement,48,24,24
33252,Kammek,tarren-mill,1583,shaman,enhancement,81,48,33
33253,Krassus,drakthul,1583,shaman,enhancement,53,31,22
33254,Цс,azuregos,1579,shaman,enhancement,116,63,53
33255,Voodoodocter,kazzak,1579,shaman,enhancement,41,17,24
33256,Эбгерсон,soulflayer,1576,shaman,enhancement,126,68,58
33257,Raveell,defias-brotherhood,1575,shaman,enhancement,76,36,40
33258,Commadore,korgall,1574,shaman,enhancement,36,18,18
33259,Hayvaan,blackrock,1573,shaman,enhancement,120,72,48
33260,Ubies,silvermoon,1573,shaman,enhancement,81,45,36
33261,Arashi,rashgarroth,1571,shaman,enhancement,48,29,19
33262,Azzizael,argent-dawn,1566,shaman,enhancement,108,55,53
33263,Vulkân,silvermoon,1565,shaman,enhancement,136,76,60
33264,Earthhulk,thrall,1564,shaman,enhancement,40,21,19
33265,Grytkungen,daggerspine,1563,shaman,enhancement,32,18,14
33266,Маелштромс,soulflayer,1563,shaman,enhancement,36,18,18
33267,Tescriamelio,ysondre,1561,shaman,enhancement,30,19,11
33268,Pvegame,tarren-mill,1561,shaman,enhancement,42,22,20
33269,Mõrax,ysondre,1558,shaman,enhancement,85,41,44
33270,Bumbummann,blackmoore,1557,shaman,enhancement,106,52,54
33271,Thalir,aegwynn,1556,shaman,enhancement,45,20,25
33272,Ашхикиган,howling-fjord,1556,shaman,enhancement,54,19,35
33273,Szublime,stormscale,1550,shaman,enhancement,48,27,21
33274,Чесп,ashenvale,1550,shaman,enhancement,42,21,21
33275,Megazz,drakthul,1548,shaman,enhancement,48,26,22
33276,Zayliha,ravencrest,1547,shaman,enhancement,36,20,16
33277,Rocktopus,outland,1547,shaman,enhancement,51,27,24
33278,Apexpredlol,blackmoore,1546,shaman,enhancement,90,42,48
33279,Элетеми,soulflayer,1545,shaman,enhancement,71,38,33
33280,Kenseienh,kazzak,1545,shaman,enhancement,180,96,84
33281,Kættmæck,tarren-mill,1545,shaman,enhancement,58,29,29
33282,Griins,ravencrest,1542,shaman,enhancement,54,33,21
33283,Mesrines,archimonde,1536,shaman,enhancement,42,22,20
33284,Hermerejildo,tarren-mill,1535,shaman,enhancement,24,16,8
33285,Skyróxx,blackrock,1535,shaman,enhancement,36,18,18
33286,Garulf,twisting-nether,1532,shaman,enhancement,42,19,23
33287,Шампуньхан,blackscar,1532,shaman,enhancement,65,28,37
33288,Kutipaperi,stormscale,1530,shaman,enhancement,42,23,19
33289,Онеоне,deathweaver,1530,shaman,enhancement,36,17,19
33290,Sonnestorm,tarren-mill,1528,shaman,enhancement,24,16,8
33291,Explôsive,silvermoon,1527,shaman,enhancement,48,23,25
33292,Soomx,hyjal,1526,shaman,enhancement,42,22,20
33293,Depucova,silvermoon,1525,shaman,enhancement,36,24,12
33294,Blackibird,garona,1525,shaman,enhancement,57,29,28
33295,Cripxo,sanguino,1523,shaman,enhancement,18,16,2
33296,Chendra,scarshield-legion,1521,shaman,enhancement,119,57,62
33297,Krovn,aszune,1521,shaman,enhancement,60,27,33
33298,Babalahziz,ysondre,1520,shaman,enhancement,35,26,9
33299,Kaimountain,defias-brotherhood,1519,shaman,enhancement,30,16,14
33300,Nejbegrov,ravencrest,1515,shaman,enhancement,42,20,22
33301,Juicewillis,defias-brotherhood,1510,shaman,enhancement,54,36,18
33302,Tarantan,eredar,1510,shaman,enhancement,61,32,29
33303,Benderbub,blackhand,1510,shaman,enhancement,112,58,54
33304,Вандерласт,howling-fjord,1508,shaman,enhancement,24,16,8
33305,Gøretterøg,ysondre,1507,shaman,enhancement,25,16,9
33306,Kijin,kirin-tor,1506,shaman,enhancement,60,30,30
33307,Gerethor,burning-legion,1504,shaman,enhancement,63,29,34
33308,Dalgia,tarren-mill,1498,shaman,enhancement,30,16,14
33309,Gandy,the-maelstrom,1497,shaman,enhancement,90,42,48
33310,Îzanami,ravencrest,1495,shaman,enhancement,114,62,52
33311,Heeze,doomhammer,1494,shaman,enhancement,112,60,52
33312,Sházam,destromath,1493,shaman,enhancement,24,16,8
33313,Alethea,frostmane,1491,shaman,enhancement,66,33,33
33314,Rakermän,dun-modr,1490,shaman,enhancement,30,17,13
33315,Buuddha,drakthul,1490,shaman,enhancement,59,29,30
33316,Nexdown,archimonde,1490,shaman,enhancement,57,28,29
33317,Atée,silvermoon,1490,shaman,enhancement,87,42,45
33318,Crowness,ragnaros,1488,shaman,enhancement,24,16,8
33319,Vascodagama,twisting-nether,1488,shaman,enhancement,48,28,20
33320,Ewion,dalvengyr,1486,shaman,enhancement,18,16,2
33321,Totemlover,draenor,1483,shaman,enhancement,88,52,36
33322,Гусан,booty-bay,1483,shaman,enhancement,55,26,29
33323,Oronakgladx,ravencrest,1480,shaman,enhancement,66,33,33
33324,Hulcky,grim-batol,1479,shaman,enhancement,60,32,28
33325,Shyrion,onyxia,1478,shaman,enhancement,72,33,39
33326,Xxloon,blackrock,1477,shaman,enhancement,54,33,21
33327,Пивототем,gordunni,1476,shaman,enhancement,26,18,8
33328,Chimp,lightnings-blade,1475,shaman,enhancement,36,21,15
33329,Yaar,alleria,1474,shaman,enhancement,82,49,33
33330,Enigmar,stormscale,1471,shaman,enhancement,93,43,50
33331,Mcbloob,kazzak,1469,shaman,enhancement,81,39,42
33332,Shamãn,draenor,1467,shaman,enhancement,42,19,23
33333,Моктрогтар,ashenvale,1466,shaman,enhancement,36,23,13
33334,Shockxy,norgannon,1464,shaman,enhancement,34,16,18
33335,Bourdieu,thrall,1461,shaman,enhancement,39,23,16
33336,Justweirdaf,blackmoore,1460,shaman,enhancement,48,26,22
33337,Людоед,thermaplugg,1460,shaman,enhancement,60,30,30
33338,Ïï,archimonde,1455,shaman,enhancement,111,54,57
33339,Nyxoqtx,draenor,1454,shaman,enhancement,24,21,3
33340,Trenhard,wildhammer,1454,shaman,enhancement,41,27,14
33341,Chaeemerok,dun-modr,1453,shaman,enhancement,42,16,26
33342,Palmalecki,ravencrest,1453,shaman,enhancement,42,16,26
33343,Durek,sylvanas,1451,shaman,enhancement,41,28,13
33344,Шторсонг,gordunni,1451,shaman,enhancement,74,48,26
33345,Экспатриот,greymane,1451,shaman,enhancement,54,30,24
33346,Løktarøgàr,archimonde,1448,shaman,enhancement,47,25,22
33347,Nubokesel,ragnaros,1447,shaman,enhancement,61,32,29
33348,Thorâ,frostmane,1445,shaman,enhancement,36,24,12
33349,Alphas,draenor,1445,shaman,enhancement,44,26,18
33350,Pilcosham,frostwhisper,1443,shaman,enhancement,35,17,18
33351,Shockthat,draenor,1442,shaman,enhancement,64,40,24
33352,Shawck,ravencrest,1441,shaman,enhancement,30,16,14
33353,Furrymane,blackmoore,1439,shaman,enhancement,36,24,12
33354,Arkaos,exodar,1439,shaman,enhancement,43,24,19
33355,Perunya,tarren-mill,1438,shaman,enhancement,53,27,26
33356,Shaayys,archimonde,1438,shaman,enhancement,78,35,43
33357,Watzocham,archimonde,1437,shaman,enhancement,42,22,20
33358,Corvux,tarren-mill,1436,shaman,enhancement,30,15,15
33359,Kyshka,tarren-mill,1436,shaman,enhancement,30,15,15
33360,Nnele,sanguino,1435,shaman,enhancement,30,15,15
33361,Амг,booty-bay,1433,shaman,enhancement,62,38,24
33362,Lokresh,azjolnerub,1433,shaman,enhancement,30,18,12
33363,Axemodels,archimonde,1429,shaman,enhancement,30,15,15
33364,Jeki,ysondre,1429,shaman,enhancement,108,47,61
33365,Dcanne,outland,1428,shaman,enhancement,99,52,47
33366,Yurkën,uldum,1428,shaman,enhancement,60,29,31
33367,Курси,gordunni,1428,shaman,enhancement,146,70,76
33368,Tijae,ravencrest,1426,shaman,enhancement,18,15,3
33369,Wolfwesti,outland,1425,shaman,enhancement,36,25,11
33370,Twam,outland,1425,shaman,enhancement,24,16,8
33371,Elektrikci,silvermoon,1425,shaman,enhancement,54,26,28
33372,Атл,deathguard,1423,shaman,enhancement,50,35,15
33373,Kezron,aegwynn,1422,shaman,enhancement,24,15,9
33374,Дромгрон,howling-fjord,1422,shaman,enhancement,36,18,18
33375,Lavarage,kazzak,1421,shaman,enhancement,24,15,9
33376,Лапища,soulflayer,1421,shaman,enhancement,60,33,27
33377,Twists,sylvanas,1420,shaman,enhancement,24,15,9
33378,Zuvx,ravencrest,1420,shaman,enhancement,66,38,28
33379,Bolgrath,blackmoore,1420,shaman,enhancement,88,42,46
33380,Procdaddy,eredar,1419,shaman,enhancement,30,16,14
33381,Mèshuggáh,ravencrest,1419,shaman,enhancement,36,17,19
33382,Барракудах,gordunni,1418,shaman,enhancement,170,76,94
33383,Stromkek,eredar,1417,shaman,enhancement,41,22,19
33384,Дефибо,howling-fjord,1416,shaman,enhancement,117,57,60
33385,Romacherry,aegwynn,1415,shaman,enhancement,89,47,42
33386,Плаглорд,howling-fjord,1410,shaman,enhancement,60,30,30
33387,Deathshamãn,stormscale,1400,shaman,enhancement,30,15,15
33388,Lumii,azshara,1399,shaman,enhancement,48,21,27
33389,Argonautt,drakthul,1394,shaman,enhancement,119,52,67
33390,Neptun,twisting-nether,1393,shaman,enhancement,107,53,54
33391,Laix,khaz-modan,1392,shaman,enhancement,36,17,19
33392,Chämalö,archimonde,1385,shaman,enhancement,133,70,63
33393,Nwäar,archimonde,1384,shaman,enhancement,30,15,15
33394,Rether,nemesis,1384,shaman,enhancement,59,25,34
33395,Priora,argent-dawn,1383,shaman,enhancement,52,33,19
33396,Хрофайс,soulflayer,1379,shaman,enhancement,24,17,7
33397,Палачок,eversong,1374,shaman,enhancement,48,27,21
33398,Гексанол,soulflayer,1374,shaman,enhancement,48,23,25
33399,Залатар,howling-fjord,1374,shaman,enhancement,45,18,27
33400,Arabesk,arygos,1372,shaman,enhancement,78,47,31
33401,Tahsus,blackmoore,1372,shaman,enhancement,42,20,22
33402,Кинговели,soulflayer,1372,shaman,enhancement,101,47,54
33403,Твалор,soulflayer,1371,shaman,enhancement,38,20,18
33404,Cahuna,stormscale,1371,shaman,enhancement,63,24,39
33405,Panicblast,stormscale,1366,shaman,enhancement,35,15,20
33406,Exolnard,twisting-nether,1364,shaman,enhancement,36,21,15
33407,Notoxus,antonidas,1364,shaman,enhancement,78,39,39
33408,Sangvinus,outland,1364,shaman,enhancement,42,18,24
33409,Ðezûga,antonidas,1361,shaman,enhancement,48,22,26
33410,Trîkill,hyjal,1360,shaman,enhancement,60,28,32
33411,Björnbritta,outland,1359,shaman,enhancement,30,16,14
33412,Ørgus,aegwynn,1358,shaman,enhancement,220,122,98
33413,Lavashnikov,burning-legion,1357,shaman,enhancement,132,70,62
33414,Басари,gordunni,1357,shaman,enhancement,41,20,21
33415,Noiduttu,tarren-mill,1356,shaman,enhancement,82,50,32
33416,Тленозавр,gordunni,1352,shaman,enhancement,93,46,47
33417,Filigran,ragnaros,1350,shaman,enhancement,36,18,18
33418,Nakenfeigy,stormreaver,1349,shaman,enhancement,54,32,22
33419,Bacheebg,darksorrow,1348,shaman,enhancement,77,42,35
33420,Boulggour,chogall,1347,shaman,enhancement,30,15,15
33421,Лэнгипас,gordunni,1344,shaman,enhancement,131,70,61
33422,Tyrox,kirin-tor,1344,shaman,enhancement,36,18,18
33423,Faydé,stormscale,1343,shaman,enhancement,30,14,16
33424,Mcslammer,kazzak,1342,shaman,enhancement,90,39,51
33425,Lassolasse,sylvanas,1341,shaman,enhancement,18,14,4
33426,Дрегтан,howling-fjord,1341,shaman,enhancement,71,28,43
33427,Stensham,stormreaver,1340,shaman,enhancement,24,14,10
33428,Casualhex,argent-dawn,1340,shaman,enhancement,155,71,84
33429,Ghostkod,burning-legion,1338,shaman,enhancement,46,25,21
33430,Fingor,tarren-mill,1336,shaman,enhancement,24,17,7
33431,Gurtok,drakthul,1336,shaman,enhancement,36,22,14
33432,Dhedge,draenor,1336,shaman,enhancement,24,14,10
33433,Idxbi,kazzak,1333,shaman,enhancement,78,47,31
33434,Boidarbre,sargeras,1331,shaman,enhancement,42,15,27
33435,Faltygo,drakthul,1330,shaman,enhancement,30,14,16
33436,Moodoo,antonidas,1328,shaman,enhancement,53,20,33
33437,Sparkarse,argent-dawn,1327,shaman,enhancement,54,30,24
33438,Апинсмок,soulflayer,1326,shaman,enhancement,59,29,30
33439,Thralgr,sylvanas,1326,shaman,enhancement,30,14,16
33440,Thrâwl,kazzak,1324,shaman,enhancement,18,14,4
33441,Kanabi,darkspear,1322,shaman,enhancement,30,14,16
33442,Ошиндра,gordunni,1320,shaman,enhancement,28,15,13
33443,Mazokuu,ragnaros,1320,shaman,enhancement,123,64,59
33444,Clembute,cthun,1319,shaman,enhancement,48,28,20
33445,Срувтапкии,deathguard,1318,shaman,enhancement,42,24,18
33446,Броаркар,razuvious,1316,shaman,enhancement,82,46,36
33447,Jasnäh,ysondre,1315,shaman,enhancement,30,14,16
33448,Шабыч,deathguard,1312,shaman,enhancement,60,25,35
33449,Maajo,tarren-mill,1309,shaman,enhancement,54,21,33
33450,Qauter,hellfire,1305,shaman,enhancement,30,14,16
33451,Другалёк,howling-fjord,1299,shaman,enhancement,36,21,15
33452,Wedís,outland,1299,shaman,enhancement,42,22,20
33453,Sunetee,kazzak,1294,shaman,enhancement,54,23,31
33454,Verlas,kazzak,1293,shaman,enhancement,52,26,26
33455,Hexd,defias-brotherhood,1291,shaman,enhancement,66,28,38
33456,Trollomatic,das-syndikat,1289,shaman,enhancement,36,19,17
33457,Igniis,frostmane,1286,shaman,enhancement,30,19,11
33458,Juliaroberts,ragnaros,1282,shaman,enhancement,93,46,47
33459,Manrod,tarren-mill,1279,shaman,enhancement,66,34,32
33460,Zandali,tarren-mill,1278,shaman,enhancement,66,38,28
33461,Katastrofuss,stormscale,1273,shaman,enhancement,35,21,14
33462,Shamomo,hyjal,1271,shaman,enhancement,43,17,26
33463,Shamaray,stormscale,1270,shaman,enhancement,48,27,21
33464,Delgagalduos,kazzak,1267,shaman,enhancement,48,25,23
33465,Blautorkel,amanthul,1265,shaman,enhancement,29,14,15
33466,Prømetheüs,sanguino,1262,shaman,enhancement,58,35,23
33467,Shamaneo,outland,1260,shaman,enhancement,39,26,13
33468,Чернышус,soulflayer,1259,shaman,enhancement,42,19,23
33469,Gõðzilla,blackmoore,1253,shaman,enhancement,34,17,17
33470,Simularcum,kazzak,1252,shaman,enhancement,36,18,18
33471,Worstshamy,sanguino,1246,shaman,enhancement,18,13,5
33472,Экспл,ashenvale,1245,shaman,enhancement,30,13,17
33473,Thossa,draenor,1244,shaman,enhancement,76,43,33
33474,Meatballspam,stormscale,1244,shaman,enhancement,30,13,17
33475,Stormasaurus,anachronos,1242,shaman,enhancement,22,14,8
33476,Kedall,archimonde,1242,shaman,enhancement,30,13,17
33477,Krishun,blackmoore,1242,shaman,enhancement,30,13,17
33478,Hichibane,archimonde,1242,shaman,enhancement,30,13,17
33479,Nêmônin,perenolde,1241,shaman,enhancement,18,13,5
33480,Enoughh,the-maelstrom,1241,shaman,enhancement,24,13,11
33481,Loshohealva,stormscale,1239,shaman,enhancement,24,13,11
33482,Ubramovitch,hyjal,1239,shaman,enhancement,24,13,11
33483,Trollden,silvermoon,1239,shaman,enhancement,24,13,11
33484,Vforvendeta,defias-brotherhood,1237,shaman,enhancement,24,13,11
33485,Shambambum,blackrock,1237,shaman,enhancement,77,33,44
33486,Чёкнутое,soulflayer,1236,shaman,enhancement,45,26,19
33487,Movex,arathor,1235,shaman,enhancement,24,13,11
33488,Enkzäm,archimonde,1235,shaman,enhancement,47,23,24
33489,Видсон,soulflayer,1234,shaman,enhancement,30,14,16
33490,Kargos,stormscale,1234,shaman,enhancement,30,13,17
33491,Жуксик,greymane,1233,shaman,enhancement,30,13,17
33492,Convîcted,grim-batol,1230,shaman,enhancement,22,14,8
33493,Элетар,gordunni,1228,shaman,enhancement,48,20,28
33494,Волкк,soulflayer,1226,shaman,enhancement,31,18,13
33495,Blitzviech,aegwynn,1226,shaman,enhancement,29,14,15
33496,Dendyre,outland,1214,shaman,enhancement,29,13,16
33497,Beletili,chogall,1212,shaman,enhancement,55,21,34
33498,Treizelol,ysondre,1210,shaman,enhancement,24,13,11
33499,Rhakhatheckh,nemesis,1208,shaman,enhancement,30,13,17
33500,Yeemayne,outland,1206,shaman,enhancement,18,13,5
33501,Шамяра,blackscar,1199,shaman,enhancement,18,13,5
33502,Литлсмурф,gordunni,1198,shaman,enhancement,45,18,27
33503,Kuzsham,archimonde,1195,shaman,enhancement,27,13,14
33504,Saduria,antonidas,1194,shaman,enhancement,78,44,34
33505,Sinkero,hellscream,1192,shaman,enhancement,44,17,27
33506,Allakbarz,stormscale,1190,shaman,enhancement,94,39,55
33507,Kunancementa,ravencrest,1189,shaman,enhancement,29,13,16
33508,Talf,tarren-mill,1186,shaman,enhancement,23,13,10
33509,Виндфуриа,gordunni,1185,shaman,enhancement,60,29,31
33510,Быковат,booty-bay,1176,shaman,enhancement,42,16,26
33511,Tashunka,twisting-nether,1175,shaman,enhancement,106,47,59
33512,Grimtøtem,defias-brotherhood,1173,shaman,enhancement,42,18,24
33513,Wolfshade,aggra-português,1172,shaman,enhancement,23,13,10
33514,Yasan,kazzak,1171,shaman,enhancement,37,15,22
33515,Nurychic,twisting-nether,1154,shaman,enhancement,51,18,33
33516,Crespouu,doomhammer,1153,shaman,enhancement,47,25,22
33517,Даркгрон,thermaplugg,1153,shaman,enhancement,36,15,21
33518,Teknorave,dun-modr,1152,shaman,enhancement,18,12,6
33519,Onebutton,archimonde,1152,shaman,enhancement,18,12,6
33520,Fyrkaz,aegwynn,1152,shaman,enhancement,18,12,6
33521,Тыпроиграл,gordunni,1152,shaman,enhancement,24,12,12
33522,Eclaîr,thrall,1152,shaman,enhancement,24,12,12
33523,Cløke,stormscale,1151,shaman,enhancement,18,12,6
33524,Aswøg,kazzak,1151,shaman,enhancement,18,12,6
33525,Chancè,tarren-mill,1151,shaman,enhancement,24,12,12
33526,Caelx,ragnaros,1150,shaman,enhancement,18,12,6
33527,Møldør,tarren-mill,1150,shaman,enhancement,18,12,6
33528,Hassebolt,draenor,1150,shaman,enhancement,18,12,6
33529,Altotem,blackmoore,1150,shaman,enhancement,18,12,6
33530,Darkstrong,alakir,1150,shaman,enhancement,24,13,11
33531,Ganachimby,zuljin,1149,shaman,enhancement,18,12,6
33532,Shammyenh,burning-legion,1149,shaman,enhancement,18,12,6
33533,Litenrolixd,tarren-mill,1149,shaman,enhancement,18,12,6
33534,Dmgaddict,kazzak,1149,shaman,enhancement,24,12,12
33535,Shamira,nethersturm,1148,shaman,enhancement,30,12,18
33536,Porphy,kazzak,1147,shaman,enhancement,18,12,6
33537,Famepolîce,blackrock,1147,shaman,enhancement,18,12,6
33538,Yogan,dun-modr,1147,shaman,enhancement,24,12,12
33539,Kirtach,dun-modr,1146,shaman,enhancement,18,12,6
33540,Maurrigan,rashgarroth,1142,shaman,enhancement,18,12,6
33541,Shock,magtheridon,1140,shaman,enhancement,29,17,12
33542,Aquæ,suramar,1140,shaman,enhancement,111,59,52
33543,Enormo,eredar,1140,shaman,enhancement,24,12,12
33544,Patites,twisting-nether,1139,shaman,enhancement,30,13,17
33545,Ipbar,blackrock,1137,shaman,enhancement,24,13,11
33546,Sg,la-croisade-écarlate,1135,shaman,enhancement,37,18,19
33547,Zzadoxor,doomhammer,1134,shaman,enhancement,24,12,12
33548,Secramas,ragnaros,1134,shaman,enhancement,30,12,18
33549,Arcura,twisting-nether,1127,shaman,enhancement,24,13,11
33550,Плюжка,greymane,1127,shaman,enhancement,122,62,60
33551,Stormrex,magtheridon,1124,shaman,enhancement,60,31,29
33552,Киллдрак,howling-fjord,1118,shaman,enhancement,24,12,12
33553,Precíous,sporeggar,1115,shaman,enhancement,34,19,15
33554,Windfury,sylvanas,1113,shaman,enhancement,47,22,25
33555,Juniyaa,blackrock,1112,shaman,enhancement,26,13,13
33556,Tremuchamy,tyrande,1110,shaman,enhancement,17,13,4
33557,Акер,deathguard,1108,shaman,enhancement,24,14,10
33558,Боргрим,eversong,1104,shaman,enhancement,46,17,29
33559,Dakotasham,ravencrest,1102,shaman,enhancement,17,12,5
33560,Eneruswag,draenor,1098,shaman,enhancement,29,14,15
33561,Janserey,burning-legion,1090,shaman,enhancement,30,12,18
33562,Obryss,tarren-mill,1086,shaman,enhancement,17,12,5
33563,Kringspierce,twisting-nether,1086,shaman,enhancement,55,34,21
33564,Rhastasho,archimonde,1086,shaman,enhancement,30,13,17
33565,Хмелецкий,soulflayer,1085,shaman,enhancement,30,18,12
33566,Wargriman,kelthuzad,1081,shaman,enhancement,24,15,9
33567,Bábbajaggí,blackrock,1077,shaman,enhancement,30,13,17
33568,Zmech,chamber-of-aspects,1068,shaman,enhancement,25,12,13
33569,Харрум,soulflayer,1060,shaman,enhancement,44,23,21
33570,Kärmá,stormscale,1056,shaman,enhancement,18,11,7
33571,Axiiom,draenor,1056,shaman,enhancement,18,11,7
33572,Enh,archimonde,1056,shaman,enhancement,18,11,7
33573,Fòóxi,ravencrest,1056,shaman,enhancement,156,82,74
33574,Ипа,thermaplugg,1056,shaman,enhancement,30,15,15
33575,Pay,stormscale,1055,shaman,enhancement,18,11,7
33576,Kelvok,silvermoon,1055,shaman,enhancement,18,11,7
33577,Юрахафанбой,blackscar,1055,shaman,enhancement,18,11,7
33578,Roxâm,hyjal,1055,shaman,enhancement,18,11,7
33579,Shámi,gilneas,1055,shaman,enhancement,24,11,13
33580,Иллюминэйшн,soulflayer,1055,shaman,enhancement,24,11,13
33581,Trobø,ravencrest,1055,shaman,enhancement,33,12,21
33582,Kolbászlelkü,ragnaros,1054,shaman,enhancement,18,11,7
33583,Ойрхин,greymane,1054,shaman,enhancement,24,11,13
33584,Elémenta,turalyon,1053,shaman,enhancement,18,11,7
33585,Razush,draenor,1053,shaman,enhancement,18,11,7
33586,Hitmeagain,blackhand,1053,shaman,enhancement,24,11,13
33587,Hopefully,eredar,1050,shaman,enhancement,18,11,7
33588,Foulecamp,archimonde,1050,shaman,enhancement,24,11,13
33589,Rorenth,blackhand,1049,shaman,enhancement,68,35,33
33590,Erupted,draenor,1049,shaman,enhancement,30,11,19
33591,Щцц,soulflayer,1047,shaman,enhancement,18,11,7
33592,Navy,frostwolf,1046,shaman,enhancement,18,11,7
33593,Chamirox,ysondre,1046,shaman,enhancement,30,11,19
33594,Frostýx,draenor,1045,shaman,enhancement,27,12,15
33595,Biglynx,sanguino,1044,shaman,enhancement,96,52,44
33596,Shamrøck,archimonde,1042,shaman,enhancement,30,15,15
33597,Éàsy,blackmoore,1042,shaman,enhancement,24,11,13
33598,Vrontes,kazzak,1042,shaman,enhancement,24,11,13
33599,Quartodebue,nemesis,1041,shaman,enhancement,18,11,7
33600,Burghezu,magtheridon,1038,shaman,enhancement,36,20,16
33601,Roastbeef,blackrock,1030,shaman,enhancement,18,11,7
33602,Barbebiendur,archimonde,1027,shaman,enhancement,30,13,17
33603,Мсет,soulflayer,1023,shaman,enhancement,17,11,6
33604,Øzy,sanguino,1016,shaman,enhancement,18,12,6
33605,Kushme,silvermoon,1014,shaman,enhancement,84,36,48
33606,Джаабб,booty-bay,1014,shaman,enhancement,35,11,24
33607,Eliaap,antonidas,1008,shaman,enhancement,108,47,61
33608,Chamtroulku,ysondre,1001,shaman,enhancement,23,11,12
33609,Khamo,twisting-nether,990,shaman,enhancement,17,11,6
33610,Шалман,thermaplugg,979,shaman,enhancement,221,100,121
33611,Yunero,argent-dawn,975,shaman,enhancement,19,11,8
33612,Esciamano,nemesis,961,shaman,enhancement,23,14,9
33613,Dumhuvud,stormscale,960,shaman,enhancement,12,10,2
33614,Gorogoró,kazzak,960,shaman,enhancement,12,10,2
33615,Tätschentim,blackrock,960,shaman,enhancement,12,10,2
33616,Getahex,ravencrest,960,shaman,enhancement,12,10,2
33617,Robzn,blackrock,960,shaman,enhancement,12,10,2
33618,Kishock,tarren-mill,960,shaman,enhancement,18,10,8
33619,Crysis,sanguino,960,shaman,enhancement,18,10,8
33620,Биттерлинкс,blackscar,960,shaman,enhancement,18,10,8
33621,Dumbasha,ravencrest,960,shaman,enhancement,18,10,8
33622,Mëditåtïøñ,blackrock,960,shaman,enhancement,24,10,14
33623,Otacboziji,sylvanas,959,shaman,enhancement,18,10,8
33624,Sûckmytotem,ragnaros,959,shaman,enhancement,18,10,8
33625,Lavalordd,tarren-mill,959,shaman,enhancement,18,10,8
33626,Satanloveme,stormscale,959,shaman,enhancement,24,10,14
33627,Dirtymiké,tarren-mill,959,shaman,enhancement,24,10,14
33628,Numeschnäu,eredar,958,shaman,enhancement,12,10,2
33629,Evííl,tarren-mill,958,shaman,enhancement,12,10,2
33630,Ugory,die-aldor,958,shaman,enhancement,12,10,2
33631,Myngo,thrall,958,shaman,enhancement,18,10,8
33632,Miriam,stormreaver,957,shaman,enhancement,18,10,8
33633,Pushs,archimonde,956,shaman,enhancement,18,10,8
33634,Towi,krasus,955,shaman,enhancement,12,10,2
33635,Ashmantle,twisting-nether,955,shaman,enhancement,18,10,8
33636,Tism,stormscale,955,shaman,enhancement,19,10,9
33637,Nâs,kazzak,955,shaman,enhancement,24,10,14
33638,Tufftnamn,frostmane,955,shaman,enhancement,24,10,14
33639,Pureflame,silvermoon,955,shaman,enhancement,24,10,14
33640,Тандерхем,gordunni,951,shaman,enhancement,18,10,8
33641,Nazma,blackhand,949,shaman,enhancement,12,10,2
33642,Rushfabi,aegwynn,948,shaman,enhancement,24,10,14
33643,Wuchtzwerg,terrordar,945,shaman,enhancement,12,10,2
33644,Xakum,stormscale,944,shaman,enhancement,12,10,2
33645,Krakennm,dalaran,940,shaman,enhancement,55,24,31
33646,Wioda,silvermoon,937,shaman,enhancement,23,12,11
33647,Чухмандос,gordunni,932,shaman,enhancement,23,11,12
33648,Cementatar,burning-blade,931,shaman,enhancement,24,10,14
33649,Nethershock,blackmoore,928,shaman,enhancement,84,44,40
33650,Bobonbu,forscherliga,927,shaman,enhancement,17,10,7
33651,Бойкийкот,gordunni,926,shaman,enhancement,24,10,14
33652,Izaarleus,argent-dawn,920,shaman,enhancement,23,10,13
33653,Ryujìñjakka,culte-de-la-rive-noire,919,shaman,enhancement,24,12,12
33654,Blutschrei,tarren-mill,917,shaman,enhancement,42,10,32
33655,Sardemar,defias-brotherhood,914,shaman,enhancement,24,13,11
33656,Twotwozero,defias-brotherhood,908,shaman,enhancement,35,14,21
33657,Тыщатристах,howling-fjord,903,shaman,enhancement,18,11,7
33658,Kireekoura,tarren-mill,901,shaman,enhancement,21,10,11
33659,Cimer,sargeras,888,shaman,enhancement,81,33,48
33660,Mimsy,hyjal,876,shaman,enhancement,53,21,32
33661,Chronochrome,chamber-of-aspects,872,shaman,enhancement,63,29,34
33662,Mendoz,nazjatar,869,shaman,enhancement,72,33,39
33663,Blackyx,dun-modr,864,shaman,enhancement,12,9,3
33664,Axilary,tarren-mill,864,shaman,enhancement,12,9,3
33665,Shootinguard,kazzak,864,shaman,enhancement,12,9,3
33666,Exysen,kazzak,864,shaman,enhancement,12,9,3
33667,Martini,tichondrius,864,shaman,enhancement,15,10,5
33668,Ostosmvp,ravencrest,864,shaman,enhancement,18,9,9
33669,Politemanner,stormscale,864,shaman,enhancement,18,9,9
33670,Dwarfovic,ravencrest,864,shaman,enhancement,18,9,9
33671,Чифсоса,soulflayer,864,shaman,enhancement,18,9,9
33672,Chehkhan,archimonde,864,shaman,enhancement,19,9,10
33673,Morkyy,thrall,863,shaman,enhancement,12,9,3
33674,Stormlash,shattered-halls,863,shaman,enhancement,12,9,3
33675,Maddogxz,frostwolf,863,shaman,enhancement,12,9,3
33676,Electricgødx,tarren-mill,863,shaman,enhancement,12,9,3
33677,Itswoland,tarren-mill,863,shaman,enhancement,16,10,6
33678,Shyne,vashj,863,shaman,enhancement,18,9,9
33679,Lava,haomarush,863,shaman,enhancement,18,9,9
33680,Gnubbzer,antonidas,863,shaman,enhancement,18,9,9
33681,Nìno,azshara,863,shaman,enhancement,18,9,9
33682,Zðhan,azshara,863,shaman,enhancement,18,9,9
33683,Громовойбро,blackscar,863,shaman,enhancement,18,9,9
33684,Mulf,darksorrow,863,shaman,enhancement,18,9,9
33685,Taraesh,blackhand,863,shaman,enhancement,18,9,9
33686,Jhagy,archimonde,863,shaman,enhancement,18,9,9
33687,Shockrates,pozzo-delleternità,863,shaman,enhancement,18,9,9
33688,Irønythar,drakthul,863,shaman,enhancement,18,9,9
33689,Sgtspyke,ragnaros,863,shaman,enhancement,24,9,15
33690,Nøve,nemesis,862,shaman,enhancement,12,9,3
33691,Tuncha,runetotem,862,shaman,enhancement,18,9,9
33692,Hailele,argent-dawn,862,shaman,enhancement,18,9,9
33693,Pissluffer,tarren-mill,862,shaman,enhancement,18,9,9
33694,Brigantino,burning-legion,862,shaman,enhancement,18,9,9
33695,Fatflop,sylvanas,862,shaman,enhancement,18,9,9
33696,Puumbaa,defias-brotherhood,862,shaman,enhancement,18,9,9
33697,Ордосус,gordunni,862,shaman,enhancement,24,9,15
33698,Apekeeper,silvermoon,862,shaman,enhancement,30,9,21
33699,Yabadabadoo,burning-legion,861,shaman,enhancement,18,9,9
33700,Relampago,eredar,861,shaman,enhancement,18,9,9
33701,Jockin,tarren-mill,860,shaman,enhancement,24,9,15
33702,Ягном,soulflayer,860,shaman,enhancement,24,9,15
33703,Doclava,twisting-nether,859,shaman,enhancement,18,9,9
33704,Shockaibo,drakthul,859,shaman,enhancement,24,9,15
33705,Furioous,ravencrest,857,shaman,enhancement,18,9,9
33706,Yzeed,argent-dawn,856,shaman,enhancement,18,9,9
33707,Humming,sanguino,851,shaman,enhancement,18,9,9
33708,Vaesk,auchindoun,850,shaman,enhancement,18,9,9
33709,Рэйпушка,gordunni,847,shaman,enhancement,23,9,14
33710,Stubby,nagrand,843,shaman,enhancement,25,11,14
33711,Dzandell,silvermoon,831,shaman,enhancement,17,9,8
33712,Jaykezap,kazzak,831,shaman,enhancement,17,9,8
33713,Мигнтз,soulflayer,831,shaman,enhancement,17,9,8
33714,Deeblu,nemesis,821,shaman,enhancement,24,9,15
33715,Zugzie,draenor,820,shaman,enhancement,30,9,21
33716,Эсфира,ashenvale,810,shaman,enhancement,22,9,13
33717,Рокмару,soulflayer,808,shaman,enhancement,29,11,18
33718,Nuluadroguri,twisting-nether,793,shaman,enhancement,22,9,13
33719,Koiru,argent-dawn,782,shaman,enhancement,19,9,10
33720,Бурапи,howling-fjord,768,shaman,enhancement,12,8,4
33721,Dêblâzê,thrall,768,shaman,enhancement,12,8,4
33722,Trulor,stormscale,768,shaman,enhancement,12,8,4
33723,Lytningx,ravencrest,768,shaman,enhancement,12,8,4
33724,Qätär,ravencrest,768,shaman,enhancement,12,8,4
33725,Noboorst,stormscale,768,shaman,enhancement,12,8,4
33726,Thunderdøme,stormscale,768,shaman,enhancement,12,8,4
33727,Khorgam,twisting-nether,768,shaman,enhancement,12,8,4
33728,Groyaboý,blackrock,768,shaman,enhancement,12,8,4
33729,Драгенхз,gordunni,768,shaman,enhancement,12,8,4
33730,Achtungblitz,blackrock,768,shaman,enhancement,12,8,4
33731,Maksimon,blackrock,768,shaman,enhancement,12,8,4
33732,Cocolopez,tichondrius,768,shaman,enhancement,12,8,4
33733,Sleven,twisting-nether,768,shaman,enhancement,12,8,4
33734,Healníx,ravencrest,768,shaman,enhancement,12,8,4
33735,Drade,aegwynn,768,shaman,enhancement,14,8,6
33736,Bmtotem,twisting-nether,768,shaman,enhancement,18,8,10
33737,Gnomecake,vashj,768,shaman,enhancement,18,8,10
33738,Paschol,aegwynn,768,shaman,enhancement,18,8,10
33739,Babal,outland,768,shaman,enhancement,24,8,16
33740,Darhgan,argent-dawn,767,shaman,enhancement,12,8,4
33741,Wawawoowee,archimonde,767,shaman,enhancement,12,8,4
33742,Wonderman,jaedenar,767,shaman,enhancement,12,8,4
33743,Complete,hyjal,767,shaman,enhancement,12,8,4
33744,Windshockah,tarren-mill,767,shaman,enhancement,12,8,4
33745,Yasaburo,silvermoon,767,shaman,enhancement,12,8,4
33746,Szamanito,turalyon,767,shaman,enhancement,18,8,10
33747,Carlos,magtheridon,767,shaman,enhancement,18,8,10
33748,Лаваяшка,gordunni,767,shaman,enhancement,18,8,10
33749,Tschacô,malganis,767,shaman,enhancement,18,8,10
33750,Persaunne,archimonde,766,shaman,enhancement,12,8,4
33751,Draugrinns,tarren-mill,766,shaman,enhancement,12,8,4
33752,Târu,blackrock,766,shaman,enhancement,24,8,16
33753,Goatsandoats,doomhammer,765,shaman,enhancement,12,8,4
33754,Lôù,archimonde,765,shaman,enhancement,18,8,10
33755,Ronctaha,blackrock,764,shaman,enhancement,12,8,4
33756,Carusø,thrall,764,shaman,enhancement,18,8,10
33757,Strygwyrl,doomhammer,764,shaman,enhancement,18,8,10
33758,Рыргаск,howling-fjord,764,shaman,enhancement,18,8,10
33759,Biphrost,nemesis,764,shaman,enhancement,24,9,15
33760,Hectoraïus,ysondre,763,shaman,enhancement,18,8,10
33761,Murog,dalaran,762,shaman,enhancement,12,8,4
33762,Maulstrom,pozzo-delleternità,762,shaman,enhancement,12,8,4
33763,Gibspark,twisting-nether,762,shaman,enhancement,12,8,4
33764,Korzo,amanthul,761,shaman,enhancement,12,8,4
33765,Тенав,blackscar,759,shaman,enhancement,24,8,16
33766,Hyamala,chamber-of-aspects,757,shaman,enhancement,18,8,10
33767,Шамблабла,soulflayer,756,shaman,enhancement,30,8,22
33768,Pøllemodex,frostwhisper,750,shaman,enhancement,19,9,10
33769,Madbud,stormscale,750,shaman,enhancement,17,8,9
33770,Fotmslave,laughing-skull,749,shaman,enhancement,15,10,5
33771,Asogg,archimonde,743,shaman,enhancement,24,9,15
33772,Åkra,kazzak,735,shaman,enhancement,16,8,8
33773,Gälädhan,ysondre,733,shaman,enhancement,18,8,10
33774,Тотемныйчад,gordunni,731,shaman,enhancement,16,8,8
33775,Negårn,tarren-mill,719,shaman,enhancement,11,8,3
33776,Ihealbro,blackrock,714,shaman,enhancement,16,11,5
33777,Shds,blackmoore,714,shaman,enhancement,21,11,10
33778,Pospodrol,ragnaros,704,shaman,enhancement,16,8,8
33779,Faridstreng,blackmoore,703,shaman,enhancement,11,8,3
33780,Lavashock,tarren-mill,700,shaman,enhancement,28,8,20
33781,Chàrlord,twisting-nether,688,shaman,enhancement,19,8,11
33782,Tiamât,culte-de-la-rive-noire,685,shaman,enhancement,19,8,11
33783,Charth,ravencrest,677,shaman,enhancement,25,8,17
33784,Bärtigeberta,aegwynn,672,shaman,enhancement,10,8,2
33785,Roineé,draenor,672,shaman,enhancement,12,7,5
33786,Djonebutton,kazzak,672,shaman,enhancement,12,7,5
33787,Proper,tichondrius,672,shaman,enhancement,12,7,5
33788,Trixey,mazrigos,672,shaman,enhancement,12,7,5
33789,Aspên,archimonde,672,shaman,enhancement,12,7,5
33790,Akatuseiwah,blackrock,672,shaman,enhancement,12,7,5
33791,Metalbeef,xavius,672,shaman,enhancement,12,7,5
33792,Turbostuck,ravencrest,672,shaman,enhancement,12,7,5
33793,Propanengtmr,stormscale,672,shaman,enhancement,12,7,5
33794,Инсэйнгодх,soulflayer,672,shaman,enhancement,12,7,5
33795,Likê,aegwynn,672,shaman,enhancement,12,7,5
33796,Jarrek,draenor,672,shaman,enhancement,12,7,5
33797,Relentlessqt,aegwynn,672,shaman,enhancement,12,7,5
33798,Virrogs,argent-dawn,672,shaman,enhancement,12,7,5
33799,Vutututututu,ragnaros,672,shaman,enhancement,12,7,5
33800,Сидог,soulflayer,672,shaman,enhancement,12,7,5
33801,Preams,blackrock,672,shaman,enhancement,12,7,5
33802,Philcallings,tarren-mill,672,shaman,enhancement,12,7,5
33803,Windypops,tarren-mill,672,shaman,enhancement,12,7,5
33804,Eomsham,magtheridon,672,shaman,enhancement,12,7,5
33805,Нерезшок,soulflayer,672,shaman,enhancement,18,7,11
33806,Irmax,stormscale,672,shaman,enhancement,18,7,11
33807,Tzivati,draenor,672,shaman,enhancement,18,7,11
33808,Horiq,kazzak,672,shaman,enhancement,18,7,11
33809,Earthshot,magtheridon,672,shaman,enhancement,18,7,11
33810,Swoltz,argent-dawn,672,shaman,enhancement,24,7,17
33811,Stormfury,balnazzar,671,shaman,enhancement,12,7,5
33812,Thalmorius,argent-dawn,671,shaman,enhancement,12,7,5
33813,Spajry,drakthul,671,shaman,enhancement,12,7,5
33814,Dwarfofwar,ravencrest,671,shaman,enhancement,12,7,5
33815,Джоннси,howling-fjord,671,shaman,enhancement,12,7,5
33816,Puncochar,zuljin,671,shaman,enhancement,12,7,5
33817,Birnenpfeffi,malfurion,671,shaman,enhancement,12,7,5
33818,Rutil,blackhand,671,shaman,enhancement,12,7,5
33819,Ðexx,stormscale,671,shaman,enhancement,12,7,5
33820,Splat,burning-blade,671,shaman,enhancement,12,7,5
33821,Okmogar,khaz-modan,671,shaman,enhancement,12,7,5
33822,Dénekha,zuljin,671,shaman,enhancement,12,7,5
33823,Skut,zuljin,671,shaman,enhancement,18,7,11
33824,Cbshaman,sylvanas,671,shaman,enhancement,18,7,11
33825,Bigmassage,blackmoore,671,shaman,enhancement,18,7,11
33826,Stratholmee,drakthul,671,shaman,enhancement,18,7,11
33827,Götveren,eredar,671,shaman,enhancement,18,7,11
33828,Sajma,silvermoon,671,shaman,enhancement,18,7,11
33829,Promethxis,silvermoon,671,shaman,enhancement,18,7,11
33830,Florgegoyd,eredar,670,shaman,enhancement,12,7,5
33831,Valaya,archimonde,670,shaman,enhancement,12,7,5
33832,Elijaá,nordrassil,670,shaman,enhancement,18,7,11
33833,Sacrx,dalaran,670,shaman,enhancement,24,7,17
33834,Shreks,frostmane,668,shaman,enhancement,18,7,11
33835,Spirites,drakthul,667,shaman,enhancement,12,7,5
33836,Wartay,doomhammer,667,shaman,enhancement,12,7,5
33837,Viandehachee,dalaran,667,shaman,enhancement,12,7,5
33838,Welgor,kult-der-verdammten,667,shaman,enhancement,12,7,5
33839,Bumm,twisting-nether,665,shaman,enhancement,24,7,17
33840,Maskiimon,blackrock,639,shaman,enhancement,14,8,6
33841,Ивми,gordunni,623,shaman,enhancement,11,7,4
33842,Cealdlynn,blackmoore,623,shaman,enhancement,11,7,4
33843,Oldstorm,ravencrest,618,shaman,enhancement,22,10,12
33844,Skillxdxdxd,outland,608,shaman,enhancement,16,7,9
33845,Psychobarbie,outland,606,shaman,enhancement,11,7,4
33846,Hamstéole,hyjal,604,shaman,enhancement,10,7,3
33847,Nòrgan,die-aldor,592,shaman,enhancement,7,7,0
33848,Shamhaár,blackmoore,576,shaman,enhancement,6,6,0
33849,Акаварри,gordunni,576,shaman,enhancement,6,6,0
33850,Ðrshock,blackmoore,576,shaman,enhancement,6,6,0
33851,Miøn,kazzak,576,shaman,enhancement,6,6,0
33852,Mowjo,la-croisade-écarlate,576,shaman,enhancement,6,6,0
33853,Krónm,dun-modr,576,shaman,enhancement,6,6,0
33854,Procctor,kazzak,576,shaman,enhancement,6,6,0
33855,Pinkylol,stormscale,576,shaman,enhancement,12,6,6
33856,Dami,die-aldor,576,shaman,enhancement,12,6,6
33857,Lafia,blackrock,576,shaman,enhancement,12,6,6
33858,Amelie,burning-steppes,576,shaman,enhancement,12,6,6
33859,Kral,defias-brotherhood,576,shaman,enhancement,12,6,6
33860,Purada,blackrock,576,shaman,enhancement,12,6,6
33861,Tharma,blackmoore,576,shaman,enhancement,12,6,6
33862,Dwarfstil,blackmoore,576,shaman,enhancement,12,6,6
33863,Imotii,burning-legion,576,shaman,enhancement,12,6,6
33864,Gruggosh,argent-dawn,576,shaman,enhancement,12,6,6
33865,Purgerooni,haomarush,576,shaman,enhancement,12,6,6
33866,Thëhêxfäçtør,tarren-mill,576,shaman,enhancement,12,6,6
33867,Агмень,howling-fjord,576,shaman,enhancement,12,6,6
33868,Azrodas,defias-brotherhood,576,shaman,enhancement,12,6,6
33869,Биттерлинкс,soulflayer,576,shaman,enhancement,12,6,6
33870,Detestable,eredar,576,shaman,enhancement,12,6,6
33871,Вайгачи,soulflayer,576,shaman,enhancement,12,6,6
33872,Elemefayoh,tarren-mill,576,shaman,enhancement,12,6,6
33873,ßaßystärz,hyjal,576,shaman,enhancement,12,6,6
33874,Searfang,korgall,576,shaman,enhancement,12,6,6
33875,Tzaish,blackmoore,576,shaman,enhancement,12,6,6
33876,Thunderwill,sanguino,576,shaman,enhancement,12,6,6
33877,Szelenamoonx,outland,576,shaman,enhancement,12,6,6
33878,Haasshaman,ravencrest,576,shaman,enhancement,18,6,12
33879,Finni,hyjal,575,shaman,enhancement,12,6,6
33880,Мамонтшам,howling-fjord,575,shaman,enhancement,12,6,6
33881,Rink,frostmane,575,shaman,enhancement,12,6,6
33882,Apolomaeuz,frostwolf,575,shaman,enhancement,12,6,6
33883,Интендо,soulflayer,575,shaman,enhancement,12,6,6
33884,Dergat,pozzo-delleternità,575,shaman,enhancement,12,6,6
33885,Shawnmendes,kazzak,575,shaman,enhancement,15,7,8
33886,Hexrated,draenor,575,shaman,enhancement,15,7,8
33887,Rykarn,eredar,575,shaman,enhancement,15,7,8
33888,Hatchum,les-sentinelles,575,shaman,enhancement,24,6,18
33889,Hedjin,argent-dawn,574,shaman,enhancement,12,6,6
33890,Mahlga,argent-dawn,574,shaman,enhancement,18,6,12
33891,Zuziki,argent-dawn,573,shaman,enhancement,12,6,6
33892,Shamsterr,karazhan,573,shaman,enhancement,12,6,6
33893,Дядяшаман,gordunni,573,shaman,enhancement,24,6,18
33894,Shaminista,ravencrest,571,shaman,enhancement,12,6,6
33895,Xilz,twisting-nether,558,shaman,enhancement,17,6,11
33896,Guqin,ravencrest,543,shaman,enhancement,16,6,10
33897,Капарис,deathweaver,527,shaman,enhancement,15,6,9
33898,Teyshtwö,archimonde,522,shaman,enhancement,14,7,7
33899,Whizjy,sanguino,521,shaman,enhancement,22,9,13
33900,Тмх,ashenvale,512,shaman,enhancement,16,6,10
33901,Guzguzguz,blackhand,511,shaman,enhancement,14,6,8
33902,Ruintotems,twisting-nether,510,shaman,enhancement,11,7,4
33903,Synergizer,kazzak,480,shaman,enhancement,6,5,1
33904,Podoroschnik,blackmoore,480,shaman,enhancement,6,5,1
33905,Wooyoungsham,sylvanas,480,shaman,enhancement,6,5,1
33906,Nargaz,burning-legion,480,shaman,enhancement,6,5,1
33907,Earthquaker,the-maelstrom,480,shaman,enhancement,6,5,1
33908,Windsòng,stormscale,480,shaman,enhancement,6,5,1
33909,Пойдипокури,howling-fjord,480,shaman,enhancement,6,5,1
33910,Medoje,argent-dawn,480,shaman,enhancement,6,5,1
33911,Øutfox,silvermoon,480,shaman,enhancement,6,5,1
33912,Таиров,soulflayer,480,shaman,enhancement,6,5,1
33913,Velkin,thrall,480,shaman,enhancement,6,5,1
33914,Silden,thrall,480,shaman,enhancement,6,5,1
33915,Berserked,emeriss,480,shaman,enhancement,6,5,1
33916,Genrok,burning-blade,480,shaman,enhancement,6,5,1
33917,Ðevi,ravencrest,480,shaman,enhancement,6,5,1
33918,Bowtenstorm,ravencrest,480,shaman,enhancement,12,5,7
33919,Neroty,blackmoore,480,shaman,enhancement,12,5,7
33920,Mistahbeard,stormscale,480,shaman,enhancement,12,5,7
33921,Neystee,archimonde,480,shaman,enhancement,12,5,7
33922,Hobblefoot,stormscale,480,shaman,enhancement,12,5,7
33923,Grolifer,archimonde,480,shaman,enhancement,12,5,7
33924,Эрхус,soulflayer,480,shaman,enhancement,12,5,7
33925,Кгб,greymane,480,shaman,enhancement,12,5,7
33926,Purgey,ravencrest,480,shaman,enhancement,12,5,7
33927,Hiron,sylvanas,480,shaman,enhancement,12,5,7
33928,Дротчим,soulflayer,480,shaman,enhancement,12,5,7
33929,Kabard,silvermoon,480,shaman,enhancement,12,5,7
33930,Rejrax,ravencrest,480,shaman,enhancement,12,5,7
33931,Grosgourdin,la-croisade-écarlate,480,shaman,enhancement,12,5,7
33932,Duhdelido,ravencrest,480,shaman,enhancement,12,5,7
33933,Fanatroka,ravencrest,480,shaman,enhancement,12,5,7
33934,Rahtafary,sanguino,480,shaman,enhancement,12,5,7
33935,Schoølbøyq,blackrock,480,shaman,enhancement,12,5,7
33936,Batan,kazzak,480,shaman,enhancement,12,5,7
33937,Ñax,silvermoon,480,shaman,enhancement,12,5,7
33938,Tonifo,nemesis,480,shaman,enhancement,12,5,7
33939,Xelphia,frostmane,480,shaman,enhancement,12,5,7
33940,Iicks,blackrock,480,shaman,enhancement,12,5,7
33941,Volcanò,outland,480,shaman,enhancement,12,5,7
33942,Zarosh,los-errantes,480,shaman,enhancement,12,5,7
33943,Fiden,drakthul,480,shaman,enhancement,12,5,7
33944,Teaboï,hyjal,480,shaman,enhancement,12,5,7
33945,Sitkosham,burning-blade,480,shaman,enhancement,12,5,7
33946,Pank,kazzak,480,shaman,enhancement,12,5,7
33947,Lilmarco,stormreaver,480,shaman,enhancement,12,5,7
33948,Ogmehu,stormreaver,480,shaman,enhancement,12,5,7
33949,Tordenlars,ragnaros,480,shaman,enhancement,12,5,7
33950,Zaappyboii,azjolnerub,480,shaman,enhancement,12,5,7
33951,Slaphappy,hellscream,480,shaman,enhancement,15,6,9
33952,Halliane,ysondre,480,shaman,enhancement,18,5,13
33953,Shaakez,kazzak,480,shaman,enhancement,18,5,13
33954,Brassefrasse,shattered-hand,479,shaman,enhancement,6,5,1
33955,Tornadozzer,burning-legion,479,shaman,enhancement,12,5,7
33956,Durotansan,ragnaros,479,shaman,enhancement,12,5,7
33957,Zerodown,outland,479,shaman,enhancement,12,5,7
33958,Chamrøck,hyjal,479,shaman,enhancement,12,5,7
33959,Фролыч,deathguard,479,shaman,enhancement,12,5,7
33960,Kaybiel,magtheridon,478,shaman,enhancement,12,5,7
33961,Asstroy,sanguino,477,shaman,enhancement,6,5,1
33962,Залазани,soulflayer,474,shaman,enhancement,12,5,7
33963,Shockdx,dun-modr,463,shaman,enhancement,11,5,6
33964,Buldozar,blackmoore,448,shaman,enhancement,16,5,11
33965,Zaffyboi,draenor,448,shaman,enhancement,16,5,11
33966,Tookaageeroo,burning-legion,446,shaman,enhancement,14,6,8
33967,Macoox,drakthul,432,shaman,enhancement,9,5,4
33968,Monstermunch,ravencrest,432,shaman,enhancement,15,5,10
33969,Даблпамп,howling-fjord,431,shaman,enhancement,17,5,12
33970,Electrical,kazzak,426,shaman,enhancement,15,6,9
33971,Hodir,bronzebeard,415,shaman,enhancement,10,5,5
33972,Nargrul,tarren-mill,415,shaman,enhancement,11,5,6
33973,Gigamuscle,ravencrest,400,shaman,enhancement,13,5,8
33974,Thoshir,silvermoon,399,shaman,enhancement,5,5,0
33975,Хаммерн,gordunni,384,shaman,enhancement,6,4,2
33976,Tempóralex,blackhand,384,shaman,enhancement,6,4,2
33977,Россаврн,galakrond,384,shaman,enhancement,6,4,2
33978,Олешао,howling-fjord,384,shaman,enhancement,6,4,2
33979,Xalta,eldrethalas,384,shaman,enhancement,6,4,2
33980,Bærserker,blackmoore,384,shaman,enhancement,6,4,2
33981,Rèxxar,stormscale,384,shaman,enhancement,6,4,2
33982,Baldurr,sylvanas,384,shaman,enhancement,6,4,2
33983,Raindx,draenor,384,shaman,enhancement,6,4,2
33984,Buzz,stormscale,384,shaman,enhancement,6,4,2
33985,Nøxz,blackmoore,384,shaman,enhancement,6,4,2
33986,Aitch,blackmoore,384,shaman,enhancement,6,4,2
33987,Шамунчез,gordunni,384,shaman,enhancement,6,4,2
33988,Runè,azjolnerub,384,shaman,enhancement,6,4,2
33989,Abdegor,burning-legion,384,shaman,enhancement,6,4,2
33990,Sinwithin,ravencrest,384,shaman,enhancement,6,4,2
33991,Faroh,ravencrest,384,shaman,enhancement,6,4,2
33992,Abordoga,twisting-nether,384,shaman,enhancement,6,4,2
33993,Totems,the-venture-co,384,shaman,enhancement,6,4,2
33994,Krytonian,twisting-nether,384,shaman,enhancement,6,4,2
33995,Мистерэнх,soulflayer,384,shaman,enhancement,6,4,2
33996,Piripolkka,defias-brotherhood,384,shaman,enhancement,6,4,2
33997,Нийрагонго,gordunni,384,shaman,enhancement,6,4,2
33998,Apócalypsee,ravencrest,384,shaman,enhancement,6,4,2
33999,Bantzer,twisting-nether,384,shaman,enhancement,6,4,2
34000,Ql,twisting-nether,384,shaman,enhancement,6,4,2
34001,Rodneymullen,tarren-mill,384,shaman,enhancement,6,4,2
34002,Mustabrutus,tarren-mill,384,shaman,enhancement,6,4,2
34003,Pyrabolt,ravencrest,384,shaman,enhancement,6,4,2
34004,Cch,kazzak,384,shaman,enhancement,6,4,2
34005,Drexx,thrall,384,shaman,enhancement,6,4,2
34006,Ilkim,hyjal,384,shaman,enhancement,6,4,2
34007,Ayrá,ulduar,384,shaman,enhancement,6,4,2
34008,Frrostshockk,outland,384,shaman,enhancement,6,4,2
34009,Thornaim,hyjal,384,shaman,enhancement,6,4,2
34010,Jaydc,silvermoon,384,shaman,enhancement,6,4,2
34011,Richtigfies,kazzak,384,shaman,enhancement,6,4,2
34012,Isogrind,archimonde,384,shaman,enhancement,6,4,2
34013,Gyuksz,arathor,384,shaman,enhancement,9,4,5
34014,Бигмамуля,booty-bay,384,shaman,enhancement,12,4,8
34015,Powder,tichondrius,384,shaman,enhancement,12,4,8
34016,Sûmmêrz,ravencrest,384,shaman,enhancement,12,4,8
34017,Yelawolf,shattered-hand,384,shaman,enhancement,12,4,8
34018,Blixtnedslag,shattered-hand,384,shaman,enhancement,12,4,8
34019,Türak,tarren-mill,384,shaman,enhancement,12,4,8
34020,Yasunari,sanguino,384,shaman,enhancement,12,4,8
34021,Holten,outland,384,shaman,enhancement,12,4,8
34022,Jaéto,ravencrest,384,shaman,enhancement,12,4,8
34023,Courtney,sylvanas,384,shaman,enhancement,12,4,8
34024,Kertunsisko,emeriss,384,shaman,enhancement,12,4,8
34025,Asçele,kazzak,384,shaman,enhancement,12,4,8
34026,Votie,tarren-mill,384,shaman,enhancement,12,4,8
34027,Rykon,teldrassil,384,shaman,enhancement,12,4,8
34028,Johnisplay,tarren-mill,384,shaman,enhancement,12,4,8
34029,Claodze,stormscale,384,shaman,enhancement,12,4,8
34030,Brooce,sylvanas,384,shaman,enhancement,12,4,8
34031,Дюнволкер,razuvious,384,shaman,enhancement,12,4,8
34032,Zevissh,outland,384,shaman,enhancement,12,4,8
34033,Kiwanuká,draenor,384,shaman,enhancement,12,4,8
34034,Waterboi,blackmoore,384,shaman,enhancement,12,4,8
34035,Réläx,kazzak,384,shaman,enhancement,12,4,8
34036,Nuclearjohny,eredar,384,shaman,enhancement,18,4,14
34037,Derryo,silvermoon,384,shaman,enhancement,18,4,14
34038,Jorny,burning-legion,384,shaman,enhancement,18,4,14
34039,Скерлайн,blackscar,384,shaman,enhancement,18,4,14
34040,Domiro,ravencrest,384,shaman,enhancement,18,4,14
34041,Fàkecast,outland,384,shaman,enhancement,18,4,14
34042,Karnox,tarren-mill,384,shaman,enhancement,18,4,14
34043,Naahma,hyjal,384,shaman,enhancement,18,4,14
34044,Bubbschock,antonidas,383,shaman,enhancement,6,4,2
34045,Màverìck,nemesis,383,shaman,enhancement,6,4,2
34046,Goblaman,pozzo-delleternità,383,shaman,enhancement,6,4,2
34047,Wolkano,zuljin,383,shaman,enhancement,10,5,5
34048,Châmanco,dun-modr,383,shaman,enhancement,12,4,8
34049,Аеесо,gordunni,383,shaman,enhancement,12,4,8
34050,Bachetobg,darksorrow,383,shaman,enhancement,12,4,8
34051,Blutshock,zuluhed,382,shaman,enhancement,12,4,8
34052,Nalàar,hyjal,368,shaman,enhancement,11,6,5
34053,Lekthar,draenor,361,shaman,enhancement,18,6,12
34054,Johnyexe,drakthul,328,shaman,enhancement,8,5,3
34055,Hurtigtotem,ravencrest,320,shaman,enhancement,10,4,6
34056,Ромчи,gordunni,320,shaman,enhancement,10,4,6
34057,Cowkiller,minahonda,319,shaman,enhancement,5,4,1
34058,Freizeitler,antonidas,319,shaman,enhancement,5,4,1
34059,Razgriz,confrérie-du-thorium,304,shaman,enhancement,7,4,3
34060,Magosh,blackmoore,288,shaman,enhancement,6,3,3
34061,Sodor,laughing-skull,288,shaman,enhancement,6,3,3
34062,Ostbumsdirne,stormscale,288,shaman,enhancement,6,3,3
34063,Lahur,blackmoore,288,shaman,enhancement,6,3,3
34064,Yacuzwerg,blackrock,288,shaman,enhancement,6,3,3
34065,Kulho,stormscale,288,shaman,enhancement,6,3,3
34066,Ccedtodeath,sylvanas,288,shaman,enhancement,6,3,3
34067,Nekmay,archimonde,288,shaman,enhancement,6,3,3
34068,Shadijr,stormscale,288,shaman,enhancement,6,3,3
34069,Zutemaster,stormscale,288,shaman,enhancement,6,3,3
34070,Айбьорн,gordunni,288,shaman,enhancement,6,3,3
34071,Lilkazamm,blackrock,288,shaman,enhancement,6,3,3
34072,Джусипуси,gordunni,288,shaman,enhancement,6,3,3
34073,Неутолимыйх,blackscar,288,shaman,enhancement,6,3,3
34074,Рыганский,blackscar,288,shaman,enhancement,6,3,3
34075,Shooktide,blackrock,288,shaman,enhancement,6,3,3
34076,Zahadumia,blackrock,288,shaman,enhancement,6,3,3
34077,Blazingfiré,tarren-mill,288,shaman,enhancement,6,3,3
34078,Freekster,die-ewige-wacht,288,shaman,enhancement,6,3,3
34079,Ñtk,dun-modr,288,shaman,enhancement,6,3,3
34080,Totoostoy,burning-legion,288,shaman,enhancement,6,3,3
34081,Keisys,kazzak,288,shaman,enhancement,6,3,3
34082,Olej,burning-legion,288,shaman,enhancement,6,3,3
34083,Cillysha,ravencrest,288,shaman,enhancement,6,3,3
34084,Getahex,draenor,288,shaman,enhancement,6,3,3
34085,Shoewalker,ragnaros,288,shaman,enhancement,6,3,3
34086,Ðelenis,dun-modr,288,shaman,enhancement,6,3,3
34087,Vainzxsham,ravencrest,288,shaman,enhancement,6,3,3
34088,Millesabords,dun-morogh,288,shaman,enhancement,6,3,3
34089,Wiev,blackmoore,288,shaman,enhancement,6,3,3
34090,Wakoteh,quelthalas,288,shaman,enhancement,6,3,3
34091,Мэлик,howling-fjord,288,shaman,enhancement,6,3,3
34092,Pelicius,sanguino,288,shaman,enhancement,6,3,3
34093,Malcolmhex,ysondre,288,shaman,enhancement,6,3,3
34094,Рэкквием,howling-fjord,288,shaman,enhancement,6,3,3
34095,Kemurus,kazzak,288,shaman,enhancement,6,3,3
34096,Cptcutíe,antonidas,288,shaman,enhancement,6,3,3
34097,Tatyabis,drekthar,288,shaman,enhancement,6,3,3
34098,Nëÿrën,drakthul,288,shaman,enhancement,6,3,3
34099,Uomae,dun-modr,288,shaman,enhancement,6,3,3
34100,Håõkåh,hyjal,288,shaman,enhancement,6,3,3
34101,Hansdieter,antonidas,288,shaman,enhancement,6,3,3
34102,Xesti,twisting-nether,288,shaman,enhancement,6,3,3
34103,Kafese,uldaman,288,shaman,enhancement,6,3,3
34104,Ønlýsîn,eredar,288,shaman,enhancement,6,3,3
34105,Reggard,drakthul,288,shaman,enhancement,6,3,3
34106,Lurtax,outland,288,shaman,enhancement,6,3,3
34107,Chrisbrownx,outland,288,shaman,enhancement,6,3,3
34108,Fattywopwop,alakir,288,shaman,enhancement,6,3,3
34109,Zokah,emeriss,288,shaman,enhancement,6,3,3
34110,Borbor,argent-dawn,288,shaman,enhancement,6,3,3
34111,Yerlas,burning-legion,288,shaman,enhancement,6,3,3
34112,Varagun,argent-dawn,288,shaman,enhancement,6,3,3
34113,Xfiles,garona,288,shaman,enhancement,6,3,3
34114,Tswiftx,tarren-mill,288,shaman,enhancement,6,3,3
34115,Vaexi,doomhammer,288,shaman,enhancement,6,3,3
34116,Hurb,malorne,288,shaman,enhancement,6,3,3
34117,Анашишка,borean-tundra,288,shaman,enhancement,12,3,9
34118,Dastarus,archimonde,288,shaman,enhancement,12,3,9
34119,Avattar,twisting-nether,288,shaman,enhancement,12,3,9
34120,Hurbi,twisting-nether,288,shaman,enhancement,12,3,9
34121,Занги,soulflayer,288,shaman,enhancement,12,3,9
34122,Amonshokz,tarren-mill,288,shaman,enhancement,12,3,9
34123,Lorthargol,chamber-of-aspects,288,shaman,enhancement,12,3,9
34124,Teldathree,archimonde,288,shaman,enhancement,12,3,9
34125,Shambamty,thrall,288,shaman,enhancement,12,3,9
34126,Tryor,darksorrow,288,shaman,enhancement,12,3,9
34127,Maybeyes,twisting-nether,288,shaman,enhancement,12,3,9
34128,Garash,draenor,288,shaman,enhancement,12,3,9
34129,Veteroth,argent-dawn,288,shaman,enhancement,12,3,9
34130,Boulestraan,silvermoon,288,shaman,enhancement,12,3,9
34131,Brunütansol,sylvanas,288,shaman,enhancement,12,3,9
34132,Æskalatiøn,aegwynn,288,shaman,enhancement,12,3,9
34133,Georgewhat,defias-brotherhood,288,shaman,enhancement,12,3,9
34134,Ashgar,drakthul,288,shaman,enhancement,12,3,9
34135,Kappatotem,silvermoon,288,shaman,enhancement,12,3,9
34136,Dökowski,nemesis,288,shaman,enhancement,18,3,15
34137,Лорикок,grom,288,shaman,enhancement,18,3,15
34138,Nothìnto,pozzo-delleternità,287,shaman,enhancement,6,3,3
34139,Грейсаша,howling-fjord,287,shaman,enhancement,6,3,3
34140,Trotzig,aegwynn,287,shaman,enhancement,6,3,3
34141,Lilbantu,ravencrest,287,shaman,enhancement,6,3,3
34142,Slappybag,ravencrest,287,shaman,enhancement,6,3,3
34143,Eleboss,frostwolf,287,shaman,enhancement,6,3,3
34144,Стакок,soulflayer,287,shaman,enhancement,6,3,3
34145,Laghärta,dun-modr,286,shaman,enhancement,6,3,3
34146,Daelements,shadowsong,256,shaman,enhancement,10,4,6
34147,Jehae,archimonde,239,shaman,enhancement,5,3,2
34148,Xhahal,hyjal,234,shaman,enhancement,13,4,9
34149,Pocahøntas,archimonde,234,shaman,enhancement,15,4,11
34150,Mooshock,balnazzar,223,shaman,enhancement,8,3,5
34151,Nefasti,stormscale,223,shaman,enhancement,8,3,5
34152,Elektekk,blackrock,192,shaman,enhancement,4,3,1
34153,Sourens,twisting-nether,192,shaman,enhancement,6,2,4
34154,Xharnel,defias-brotherhood,192,shaman,enhancement,6,2,4
34155,Eshami,tarren-mill,192,shaman,enhancement,6,2,4
34156,Tâw,blackhand,192,shaman,enhancement,6,2,4
34157,Pulvêrizêr,agamaggan,192,shaman,enhancement,6,2,4
34158,Sgf,stormscale,192,shaman,enhancement,6,2,4
34159,Destroilleur,archimonde,192,shaman,enhancement,6,2,4
34160,Barneyflight,ravencrest,192,shaman,enhancement,6,2,4
34161,Elé,ravenholdt,192,shaman,enhancement,6,2,4
34162,Kohzen,outland,192,shaman,enhancement,6,2,4
34163,Kassyoh,hyjal,192,shaman,enhancement,6,2,4
34164,Crazo,tarren-mill,192,shaman,enhancement,6,2,4
34165,Restmuell,blackmoore,192,shaman,enhancement,6,2,4
34166,Søló,stormscale,192,shaman,enhancement,6,2,4
34167,Urshak,alleria,192,shaman,enhancement,6,2,4
34168,Skullføck,argent-dawn,192,shaman,enhancement,6,2,4
34169,Råkk,argent-dawn,192,shaman,enhancement,6,2,4
34170,Spiritualx,argent-dawn,192,shaman,enhancement,6,2,4
34171,Бьерн,deepholm,192,shaman,enhancement,6,2,4
34172,Acces,stormscale,192,shaman,enhancement,6,2,4
34173,Thunderstørm,chogall,192,shaman,enhancement,6,2,4
34174,Bonethugdex,bladefist,192,shaman,enhancement,6,2,4
34175,Yezu,medivh,192,shaman,enhancement,6,2,4
34176,Aubesombre,dalaran,192,shaman,enhancement,6,2,4
34177,Gaerth,aggramar,192,shaman,enhancement,6,2,4
34178,Pakasschami,frostwolf,192,shaman,enhancement,6,2,4
34179,Louvreparis,frostwolf,192,shaman,enhancement,6,2,4
34180,Layonne,ysondre,192,shaman,enhancement,6,2,4
34181,Diya,karazhan,192,shaman,enhancement,6,2,4
34182,Khon,eredar,192,shaman,enhancement,6,2,4
34183,Shoockwave,twisting-nether,192,shaman,enhancement,6,2,4
34184,Bram,aggra-português,192,shaman,enhancement,6,2,4
34185,Gundsthunder,ravencrest,192,shaman,enhancement,6,2,4
34186,Cuchullaín,blackmoore,192,shaman,enhancement,6,2,4
34187,Dalgorr,magtheridon,192,shaman,enhancement,6,2,4
34188,Haugren,eredar,192,shaman,enhancement,6,2,4
34189,Snapbábe,blackmoore,192,shaman,enhancement,6,2,4
34190,Lëvi,archimonde,192,shaman,enhancement,6,2,4
34191,Stiflersmôm,antonidas,192,shaman,enhancement,6,2,4
34192,Schamikraut,silvermoon,192,shaman,enhancement,6,2,4
34193,Ishokyou,thrall,192,shaman,enhancement,6,2,4
34194,Madzÿ,archimonde,192,shaman,enhancement,6,2,4
34195,Какашисан,howling-fjord,192,shaman,enhancement,6,2,4
34196,Nìtratx,archimonde,192,shaman,enhancement,6,2,4
34197,Elsassi,ravencrest,192,shaman,enhancement,6,2,4
34198,Lokkrag,archimonde,192,shaman,enhancement,6,2,4
34199,Shamalamadi,ragnaros,192,shaman,enhancement,6,2,4
34200,Yobro,archimonde,192,shaman,enhancement,6,2,4
34201,Thunderpath,ragnaros,192,shaman,enhancement,6,2,4
34202,Kuubskii,ravencrest,192,shaman,enhancement,6,2,4
34203,Sswfx,kazzak,192,shaman,enhancement,6,2,4
34204,Lumpp,kazzak,192,shaman,enhancement,6,2,4
34205,Elementhor,archimonde,192,shaman,enhancement,6,2,4
34206,Bladeyx,ragnaros,192,shaman,enhancement,6,2,4
34207,Cheetooth,ragnaros,192,shaman,enhancement,6,2,4
34208,Lovros,kazzak,192,shaman,enhancement,6,2,4
34209,Ironsidé,ragnaros,192,shaman,enhancement,6,2,4
34210,Baineoof,tarren-mill,192,shaman,enhancement,6,2,4
34211,Haldrim,blackmoore,192,shaman,enhancement,6,2,4
34212,Palarins,dalaran,192,shaman,enhancement,6,2,4
34213,Kwitnac,silvermoon,192,shaman,enhancement,6,2,4
34214,Саксаул,fordragon,192,shaman,enhancement,6,2,4
34215,Cleptocracy,draenor,192,shaman,enhancement,6,2,4
34216,Locosonik,kazzak,192,shaman,enhancement,6,2,4
34217,Fufupartyxx,blackrock,192,shaman,enhancement,6,2,4
34218,Dogfrog,silvermoon,192,shaman,enhancement,6,2,4
34219,Родохрозид,blackscar,192,shaman,enhancement,6,2,4
34220,Volkar,auchindoun,192,shaman,enhancement,6,2,4
34221,Azzizael,chamber-of-aspects,192,shaman,enhancement,6,2,4
34222,Nínive,zuljin,192,shaman,enhancement,6,2,4
34223,Реалайзер,blackscar,192,shaman,enhancement,6,2,4
34224,Hightotem,sanguino,192,shaman,enhancement,6,2,4
34225,Savan,darkspear,192,shaman,enhancement,6,2,4
34226,Shiggenbasta,kazzak,192,shaman,enhancement,6,2,4
34227,Rodfrugten,draenor,192,shaman,enhancement,6,2,4
34228,Амфеминка,gordunni,192,shaman,enhancement,6,2,4
34229,Bennycooch,silvermoon,192,shaman,enhancement,6,2,4
34230,Turbinká,burning-legion,192,shaman,enhancement,6,2,4
34231,Lavalew,lightbringer,192,shaman,enhancement,12,2,10
34232,Isladinks,draenor,192,shaman,enhancement,12,2,10
34233,Sïlvek,sanguino,192,shaman,enhancement,12,2,10
34234,Khakazis,ravencrest,192,shaman,enhancement,12,2,10
34235,Shamaniak,tarren-mill,192,shaman,enhancement,12,2,10
34236,Borindor,silvermoon,192,shaman,enhancement,12,2,10
34237,Ластыч,borean-tundra,191,shaman,enhancement,6,2,4
34238,Tianoele,drakthul,144,shaman,enhancement,3,3,0
34239,Nuao,perenolde,138,shaman,enhancement,9,3,6
34240,Bux,khaz-modan,127,shaman,enhancement,10,2,8
34241,Zerak,twisting-nether,96,shaman,enhancement,3,2,1
34242,Lawdjeezes,draenor,96,shaman,enhancement,6,1,5
34243,Eneel,blackmoore,96,shaman,enhancement,6,1,5
34244,Zoélement,nerzhul,96,shaman,enhancement,6,1,5
34245,Bambustic,kazzak,96,shaman,enhancement,6,1,5
34246,Amarök,nerzhul,96,shaman,enhancement,6,1,5
34247,Élémentyum,archimonde,96,shaman,enhancement,6,1,5
34248,Maskinett,stormscale,96,shaman,enhancement,6,1,5
34249,Preshear,twisting-nether,96,shaman,enhancement,6,1,5
34250,Agrok,jaedenar,96,shaman,enhancement,6,1,5
34251,Grabmytotemz,tarren-mill,96,shaman,enhancement,6,1,5
34252,Mikecrybaby,tarren-mill,96,shaman,enhancement,6,1,5
34253,Ghaargrim,tarren-mill,96,shaman,enhancement,6,1,5
34254,Casarú,arthas,96,shaman,enhancement,6,1,5
34255,Epicoverlord,tarren-mill,96,shaman,enhancement,6,1,5
34256,Raíndra,twisting-nether,96,shaman,enhancement,6,1,5
34257,Thoranis,kazzak,96,shaman,enhancement,6,1,5
34258,Cryptotem,ragnaros,96,shaman,enhancement,6,1,5
34259,Bonestompamc,blackmoore,96,shaman,enhancement,6,1,5
34260,Gagné,hyjal,96,shaman,enhancement,6,1,5
34261,Weaslêy,frostwolf,96,shaman,enhancement,6,1,5
34262,Hazles,ragnaros,96,shaman,enhancement,6,1,5
34263,Zoogang,ragnaros,96,shaman,enhancement,6,1,5
34264,Heálmaster,sanguino,96,shaman,enhancement,6,1,5
34265,Goldhand,ravencrest,96,shaman,enhancement,6,1,5
34266,Urubus,kazzak,96,shaman,enhancement,6,1,5
34267,Elcoustillou,throkferoth,96,shaman,enhancement,6,1,5
34268,Shøckz,azjolnerub,96,shaman,enhancement,6,1,5
34269,Stòrm,ravencrest,96,shaman,enhancement,6,1,5
34270,Vladraxes,draenor,96,shaman,enhancement,6,1,5
34271,Sparkygødx,twisting-nether,96,shaman,enhancement,6,1,5
34272,Guzz,cthun,96,shaman,enhancement,6,1,5
34273,Exinos,sylvanas,96,shaman,enhancement,8,1,7
34274,Freexx,aegwynn,96,shaman,enhancement,8,1,7
34275,Ymiras,argent-dawn,96,shaman,enhancement,12,1,11
34276,Awsomo,ravencrest,96,shaman,enhancement,12,1,11
34277,Choltaj,burning-legion,79,shaman,enhancement,7,1,6
34278,Rký,outland,48,shaman,enhancement,3,1,2
34279,Wenesday,ysondre,48,shaman,enhancement,3,1,2
34280,Lesnitt,kazzak,42,shaman,enhancement,9,2,7
34281,Hanumanas,kazzak,31,shaman,enhancement,2,1,1
34282,Vix,argent-dawn,31,shaman,enhancement,2,1,1
34283,Pogbõss,kazzak,2250,warlock,demonology,123,67,56
34284,Млечный,blackscar,2233,warlock,demonology,155,88,67
34285,Locktrainer,tarren-mill,2230,warlock,demonology,152,80,72
34286,Rikkërt,draenor,2207,warlock,demonology,89,49,40
34287,Dotjürgen,blackrock,2205,warlock,demonology,84,48,36
34288,Whøknøws,twisting-nether,2176,warlock,demonology,84,45,39
34289,Tuskawl,stormreaver,2154,warlock,demonology,91,51,40
34290,Nayolana,argent-dawn,2150,warlock,demonology,72,46,26
34291,Kimkold,twisting-nether,2146,warlock,demonology,102,61,41
34292,Firochektro,ravencrest,2141,warlock,demonology,69,42,27
34293,Sad,lightnings-blade,2134,warlock,demonology,178,97,81
34294,Britneÿ,stormscale,2133,warlock,demonology,78,42,36
34295,Maintarget,blackrock,2131,warlock,demonology,159,85,74
34296,Lankycheese,kazzak,2121,warlock,demonology,83,46,37
34297,Dæhli,argent-dawn,2120,warlock,demonology,90,48,42
34298,Syntaxzwo,blackmoore,2116,warlock,demonology,78,44,34
34299,Dotyboi,tarren-mill,2115,warlock,demonology,72,44,28
34300,Rumour,sunstrider,2115,warlock,demonology,72,39,33
34301,Supergeîl,blackrock,2112,warlock,demonology,71,38,33
34302,Xerkh,thrall,2111,warlock,demonology,78,43,35
34303,Malddog,turalyon,2087,warlock,demonology,60,38,22
34304,Voldby,kazzak,2083,warlock,demonology,55,34,21
34305,Anthh,doomhammer,2076,warlock,demonology,66,36,30
34306,Ambitions,hyjal,2063,warlock,demonology,76,42,34
34307,Амеаль,eversong,2057,warlock,demonology,285,147,138
34308,Cørpse,burning-legion,2054,warlock,demonology,91,51,40
34309,Firochek,ravencrest,2041,warlock,demonology,78,42,36
34310,Ðïÿëñbïëñfüû,suramar,2038,warlock,demonology,87,46,41
34311,Zerulian,ragnaros,2035,warlock,demonology,78,48,30
34312,Shablagoo,twisting-nether,2032,warlock,demonology,90,51,39
34313,Хаосболик,gordunni,2032,warlock,demonology,78,43,35
34314,Bibiflexberg,eredar,2011,warlock,demonology,47,30,17
34315,Britneý,stormscale,2008,warlock,demonology,118,58,60
34316,Raspalakuja,kazzak,2002,warlock,demonology,66,32,34
34317,Apple,scarshield-legion,1991,warlock,demonology,115,62,53
34318,Jimboneutron,stormscale,1988,warlock,demonology,35,23,12
34319,Thardik,azuremyst,1986,warlock,demonology,60,32,28
34320,Badapow,stormscale,1971,warlock,demonology,54,29,25
34321,Адво,howling-fjord,1970,warlock,demonology,65,35,30
34322,Rïñ,ravencrest,1968,warlock,demonology,60,28,32
34323,Аоепампгодх,howling-fjord,1967,warlock,demonology,36,24,12
34324,Krøl,nemesis,1966,warlock,demonology,48,31,17
34325,Ишла,gordunni,1959,warlock,demonology,77,41,36
34326,Конидэмико,blackscar,1954,warlock,demonology,83,38,45
34327,Capsloq,la-croisade-écarlate,1950,warlock,demonology,60,34,26
34328,Purplemonkey,burning-blade,1946,warlock,demonology,41,25,16
34329,Онлидемон,gordunni,1946,warlock,demonology,56,33,23
34330,Dabezdwl,outland,1946,warlock,demonology,66,38,28
34331,Nyotu,antonidas,1937,warlock,demonology,60,32,28
34332,Onlylock,outland,1934,warlock,demonology,48,32,16
34333,Døwz,ysondre,1932,warlock,demonology,60,30,30
34334,Khavar,antonidas,1931,warlock,demonology,36,23,13
34335,Xenastro,silvermoon,1931,warlock,demonology,54,30,24
34336,Lokmonji,perenolde,1923,warlock,demonology,60,34,26
34337,Juicybolt,chogall,1917,warlock,demonology,76,43,33
34338,Favorizlmp,archimonde,1914,warlock,demonology,84,56,28
34339,Kamorilock,blackhand,1912,warlock,demonology,36,20,16
34340,Demoner,tarren-mill,1910,warlock,demonology,108,52,56
34341,Shadowvirus,auchindoun,1908,warlock,demonology,41,23,18
34342,Anúki,kazzak,1900,warlock,demonology,25,21,4
34343,Ravendoor,grim-batol,1900,warlock,demonology,76,39,37
34344,Bonnieparkêr,onyxia,1898,warlock,demonology,48,26,22
34345,Дёмын,howling-fjord,1890,warlock,demonology,96,46,50
34346,Alotami,frostwolf,1889,warlock,demonology,42,27,15
34347,Кварий,howling-fjord,1880,warlock,demonology,293,148,145
34348,Stafar,kazzak,1875,warlock,demonology,60,33,27
34349,Шекигами,gordunni,1874,warlock,demonology,48,33,15
34350,Höfmänn,kazzak,1865,warlock,demonology,39,25,14
34351,Dispeluapls,blackmoore,1865,warlock,demonology,54,28,26
34352,Delius,eitrigg,1863,warlock,demonology,67,47,20
34353,Tyrantlol,sylvanas,1862,warlock,demonology,54,32,22
34354,Bluh,twisting-nether,1860,warlock,demonology,36,22,14
34355,Setyouinfear,ravencrest,1856,warlock,demonology,42,23,19
34356,Оброссыш,gordunni,1855,warlock,demonology,60,34,26
34357,Dhärc,sanguino,1854,warlock,demonology,54,31,23
34358,Fearrari,ragnaros,1853,warlock,demonology,54,32,22
34359,Smaúg,archimonde,1851,warlock,demonology,60,28,32
34360,Stalowwy,silvermoon,1849,warlock,demonology,108,59,49
34361,Ägony,blackrock,1848,warlock,demonology,54,31,23
34362,Höfmänn,grim-batol,1847,warlock,demonology,48,31,17
34363,Shakuroz,frostwolf,1847,warlock,demonology,68,41,27
34364,Динодотз,howling-fjord,1847,warlock,demonology,54,27,27
34365,Vultzbolt,draenor,1840,warlock,demonology,60,31,29
34366,Désolaté,kazzak,1839,warlock,demonology,41,26,15
34367,Attritiona,stormscale,1838,warlock,demonology,60,32,28
34368,Инфезиус,deathweaver,1834,warlock,demonology,59,33,26
34369,Outofcurses,earthen-ring,1834,warlock,demonology,83,42,41
34370,Zouglougou,archimonde,1829,warlock,demonology,48,25,23
34371,Neinbosa,tarren-mill,1829,warlock,demonology,48,24,24
34372,Weso,grim-batol,1828,warlock,demonology,54,29,25
34373,Benne,stormscale,1825,warlock,demonology,49,31,18
34374,Malificus,silvermoon,1823,warlock,demonology,114,67,47
34375,Kennyfõx,ysondre,1819,warlock,demonology,24,19,5
34376,Ismenia,silvermoon,1819,warlock,demonology,60,39,21
34377,Cellfear,kazzak,1818,warlock,demonology,42,24,18
34378,Skrana,kazzak,1818,warlock,demonology,47,25,22
34379,Musallat,argent-dawn,1818,warlock,demonology,65,34,31
34380,Stankaemayne,blackhand,1817,warlock,demonology,49,29,20
34381,Hellguards,silvermoon,1817,warlock,demonology,60,33,27
34382,Painowgee,kazzak,1816,warlock,demonology,36,20,16
34383,Crathar,kazzak,1816,warlock,demonology,76,38,38
34384,Bualock,tarren-mill,1815,warlock,demonology,36,22,14
34385,Devilfluffy,blackhand,1815,warlock,demonology,59,35,24
34386,Cigänä,archimonde,1815,warlock,demonology,36,19,17
34387,Blackdog,argent-dawn,1814,warlock,demonology,48,23,25
34388,Malzeva,ravencrest,1813,warlock,demonology,71,33,38
34389,Kopfkissen,azshara,1810,warlock,demonology,51,29,22
34390,Smâûhg,blackrock,1807,warlock,demonology,42,28,14
34391,Lúcìfér,stormscale,1806,warlock,demonology,66,34,32
34392,Фэлмор,howling-fjord,1805,warlock,demonology,48,30,18
34393,Nerigo,senjin,1805,warlock,demonology,48,24,24
34394,Dontargetme,draenor,1804,warlock,demonology,38,26,12
34395,Nemwl,draenor,1804,warlock,demonology,66,36,30
34396,Splicer,eredar,1803,warlock,demonology,49,29,20
34397,Киёкка,howling-fjord,1803,warlock,demonology,90,53,37
34398,Cònq,tarren-mill,1802,warlock,demonology,42,22,20
34399,Arkanyks,dalaran,1802,warlock,demonology,72,32,40
34400,Htaedfo,tarren-mill,1802,warlock,demonology,74,32,42
34401,Мутгодх,soulflayer,1800,warlock,demonology,30,19,11
34402,Санявахтовик,blackscar,1800,warlock,demonology,60,32,28
34403,Кайзершлафен,fordragon,1800,warlock,demonology,58,28,30
34404,Dâedra,argent-dawn,1793,warlock,demonology,54,31,23
34405,Mustasheen,stormscale,1790,warlock,demonology,36,21,15
34406,Тьмазвёздная,gordunni,1790,warlock,demonology,69,35,34
34407,Ffpiiras,dunemaul,1790,warlock,demonology,60,27,33
34408,Fiveyearque,sylvanas,1773,warlock,demonology,48,30,18
34409,Годнодх,gordunni,1773,warlock,demonology,36,21,15
34410,Shadowflamez,argent-dawn,1771,warlock,demonology,30,27,3
34411,Keybump,outland,1759,warlock,demonology,36,29,7
34412,Tjockoloco,tarren-mill,1754,warlock,demonology,128,73,55
34413,Catchlock,tarren-mill,1752,warlock,demonology,36,20,16
34414,Sanguinis,theradras,1749,warlock,demonology,48,28,20
34415,Kennÿfõx,ysondre,1732,warlock,demonology,24,19,5
34416,Lïñglïñg,twisting-nether,1730,warlock,demonology,30,22,8
34417,Naarnust,defias-brotherhood,1727,warlock,demonology,42,28,14
34418,Adafbhf,tichondrius,1723,warlock,demonology,41,22,19
34419,Dalamon,draenor,1721,warlock,demonology,48,24,24
34420,Храбзар,gordunni,1721,warlock,demonology,112,51,61
34421,Endherkonk,sanguino,1718,warlock,demonology,36,24,12
34422,Zelieknight,ysondre,1711,warlock,demonology,60,28,32
34423,Glavy,burning-legion,1710,warlock,demonology,77,42,35
34424,Зажиженный,soulflayer,1707,warlock,demonology,40,26,14
34425,Císuh,stormreaver,1706,warlock,demonology,30,18,12
34426,Drerlord,tarren-mill,1699,warlock,demonology,48,21,27
34427,Totephia,kazzak,1696,warlock,demonology,72,33,39
34428,Rune,aegwynn,1695,warlock,demonology,52,29,23
34429,Synlockiax,silvermoon,1691,warlock,demonology,38,30,8
34430,Malowix,outland,1690,warlock,demonology,42,20,22
34431,Redshíne,hyjal,1687,warlock,demonology,51,24,27
34432,Jinusek,burning-legion,1682,warlock,demonology,43,23,20
34433,Grêenbull,eredar,1680,warlock,demonology,49,27,22
34434,Помечте,soulflayer,1680,warlock,demonology,70,28,42
34435,Nécron,ysondre,1677,warlock,demonology,42,22,20
34436,Жериновсский,gordunni,1677,warlock,demonology,36,18,18
34437,Bloodlock,onyxia,1670,warlock,demonology,42,22,20
34438,Alphalock,mannoroth,1669,warlock,demonology,45,22,23
34439,Osbaa,bladefist,1668,warlock,demonology,42,22,20
34440,Tekron,blackhand,1666,warlock,demonology,48,34,14
34441,Proßlock,kazzak,1666,warlock,demonology,69,42,27
34442,Гурджес,soulflayer,1666,warlock,demonology,71,39,32
34443,Impaler,tarren-mill,1664,warlock,demonology,188,91,97
34444,Xtyran,blackmoore,1661,warlock,demonology,42,20,22
34445,Kemel,thrall,1655,warlock,demonology,30,21,9
34446,Нафлэпил,gordunni,1655,warlock,demonology,54,31,23
34447,Niyyu,blackmoore,1654,warlock,demonology,48,22,26
34448,Shugglock,draenor,1653,warlock,demonology,42,23,19
34449,Äåäåäåäåäåäå,ravencrest,1652,warlock,demonology,35,20,15
34450,Djshyasiañ,perenolde,1650,warlock,demonology,170,88,82
34451,Chromagnus,drakthul,1649,warlock,demonology,36,21,15
34452,Тёмабиль,gordunni,1648,warlock,demonology,242,122,120
34453,Louên,dun-modr,1648,warlock,demonology,42,21,21
34454,Utsus,tarren-mill,1645,warlock,demonology,36,23,13
34455,Yamadea,stormscale,1644,warlock,demonology,42,23,19
34456,Fandirxd,draenor,1643,warlock,demonology,90,41,49
34457,Requeims,outland,1638,warlock,demonology,48,22,26
34458,Fîgøk,conseil-des-ombres,1638,warlock,demonology,48,21,27
34459,Snackstickz,twisting-nether,1637,warlock,demonology,42,26,16
34460,Tiffyilock,blackrock,1637,warlock,demonology,42,20,22
34461,Thugsupreme,ravencrest,1633,warlock,demonology,41,23,18
34462,Zzooxx,silvermoon,1631,warlock,demonology,30,17,13
34463,Ájszmen,ravencrest,1629,warlock,demonology,54,30,24
34464,Лвнг,gordunni,1628,warlock,demonology,48,29,19
34465,Dimmybyrger,stormreaver,1627,warlock,demonology,30,17,13
34466,Abdelkarime,khaz-modan,1627,warlock,demonology,42,23,19
34467,Summonit,blackmoore,1627,warlock,demonology,54,29,25
34468,Interceptêr,blackrock,1627,warlock,demonology,42,22,20
34469,Егосяхаос,soulflayer,1627,warlock,demonology,120,61,59
34470,Neuth,draenor,1627,warlock,demonology,50,21,29
34471,Indrâxx,hyjal,1626,warlock,demonology,18,17,1
34472,Scottware,draenor,1626,warlock,demonology,26,19,7
34473,Erkai,kazzak,1624,warlock,demonology,45,24,21
34474,Dasda,defias-brotherhood,1623,warlock,demonology,89,49,40
34475,Мешшугга,howling-fjord,1623,warlock,demonology,38,20,18
34476,Dualla,aegwynn,1623,warlock,demonology,36,17,19
34477,Элси,howling-fjord,1622,warlock,demonology,30,17,13
34478,Zehirisalari,twisting-nether,1622,warlock,demonology,30,17,13
34479,Нэкрил,howling-fjord,1621,warlock,demonology,35,22,13
34480,Icò,ravencrest,1620,warlock,demonology,36,17,19
34481,Darcîa,destromath,1619,warlock,demonology,96,53,43
34482,Itspoint,draenor,1618,warlock,demonology,59,32,27
34483,Auxi,the-maelstrom,1617,warlock,demonology,84,48,36
34484,Kazzy,grim-batol,1616,warlock,demonology,24,17,7
34485,Nâzgrel,tarren-mill,1616,warlock,demonology,42,22,20
34486,Eroszakolock,ragnaros,1611,warlock,demonology,24,17,7
34487,Kody,blackmoore,1609,warlock,demonology,24,17,7
34488,Ahollic,frostwolf,1606,warlock,demonology,30,19,11
34489,Shuggul,draenor,1606,warlock,demonology,37,22,15
34490,Demonjoker,blackhand,1604,warlock,demonology,51,31,20
34491,Deaddydoo,kazzak,1604,warlock,demonology,42,20,22
34492,Kolskegg,doomhammer,1603,warlock,demonology,48,22,26
34493,Havexis,tichondrius,1602,warlock,demonology,42,32,10
34494,Despépêche,garona,1601,warlock,demonology,30,19,11
34495,Prekt,ragnaros,1601,warlock,demonology,36,19,17
34496,Hellbboy,azjolnerub,1599,warlock,demonology,73,41,32
34497,Gemors,ravenholdt,1599,warlock,demonology,72,38,34
34498,Erøne,archimonde,1599,warlock,demonology,187,97,90
34499,Moffguldan,sanguino,1597,warlock,demonology,30,20,10
34500,Гвоздяшка,blackscar,1597,warlock,demonology,47,22,25
34501,Eleriya,argent-dawn,1596,warlock,demonology,69,33,36
34502,Eluinees,silvermoon,1595,warlock,demonology,30,20,10
34503,Vêzor,twisting-nether,1592,warlock,demonology,30,17,13
34504,Hâres,anetheron,1588,warlock,demonology,164,78,86
34505,Sedryn,turalyon,1584,warlock,demonology,468,241,227
34506,Potatowl,ravencrest,1582,warlock,demonology,36,18,18
34507,Míkæ,ravencrest,1582,warlock,demonology,72,34,38
34508,Мамхаус,howling-fjord,1579,warlock,demonology,36,22,14
34509,Règis,antonidas,1579,warlock,demonology,36,19,17
34510,Zatella,ravencrest,1566,warlock,demonology,66,31,35
34511,Silenozz,ragnaros,1564,warlock,demonology,91,49,42
34512,Импака,howling-fjord,1563,warlock,demonology,174,90,84
34513,Golborg,draenor,1562,warlock,demonology,69,28,41
34514,Altffeer,blackmoore,1561,warlock,demonology,41,25,16
34515,Dotsyoudown,kelthuzad,1560,warlock,demonology,36,18,18
34516,Mendozaah,kazzak,1555,warlock,demonology,94,42,52
34517,Zypzanti,antonidas,1552,warlock,demonology,96,58,38
34518,Sublînê,blackmoore,1552,warlock,demonology,64,31,33
34519,Nerzhull,stormscale,1539,warlock,demonology,87,44,43
34520,Solitariøus,arathi,1536,warlock,demonology,60,30,30
34521,Synthiax,silvermoon,1534,warlock,demonology,24,16,8
34522,Hypotax,ragnaros,1534,warlock,demonology,42,23,19
34523,Fsandtwo,ravencrest,1534,warlock,demonology,30,16,14
34524,Sïlïthuss,ravencrest,1534,warlock,demonology,102,54,48
34525,Felburrn,twisting-nether,1532,warlock,demonology,65,33,32
34526,Харакула,fordragon,1531,warlock,demonology,24,17,7
34527,Tonin,antonidas,1528,warlock,demonology,41,25,16
34528,Priszcilla,twisting-nether,1523,warlock,demonology,96,56,40
34529,Indiasummerx,turalyon,1521,warlock,demonology,46,26,20
34530,Гулдарий,howling-fjord,1520,warlock,demonology,171,94,77
34531,Srhal,blackmoore,1518,warlock,demonology,85,48,37
34532,Deamonsmith,silvermoon,1518,warlock,demonology,36,20,16
34533,Seriasa,blackmoore,1511,warlock,demonology,66,27,39
34534,Зарлог,soulflayer,1508,warlock,demonology,36,18,18
34535,Theolock,ragnaros,1508,warlock,demonology,60,28,32
34536,Kalinowa,burning-legion,1507,warlock,demonology,83,45,38
34537,Варикай,gordunni,1506,warlock,demonology,24,16,8
34538,Wëndigo,stormscale,1500,warlock,demonology,35,17,18
34539,Morgan,jaedenar,1491,warlock,demonology,66,28,38
34540,Dabulock,blackmoore,1487,warlock,demonology,33,17,16
34541,Эволюционист,gordunni,1483,warlock,demonology,42,22,20
34542,Паникс,gordunni,1480,warlock,demonology,36,17,19
34543,Khalkazar,darkspear,1477,warlock,demonology,30,16,14
34544,Roedin,tarren-mill,1477,warlock,demonology,112,43,69
34545,Иллугис,gordunni,1468,warlock,demonology,36,17,19
34546,Бельведерчи,blackscar,1462,warlock,demonology,60,32,28
34547,Mephysteroth,dalaran,1462,warlock,demonology,30,16,14
34548,Absúrd,turalyon,1461,warlock,demonology,174,99,75
34549,Kaamosliha,frostwhisper,1456,warlock,demonology,71,33,38
34550,Gulzot,turalyon,1452,warlock,demonology,24,16,8
34551,Шэдоубёрн,soulflayer,1449,warlock,demonology,48,27,21
34552,Ilarizium,ysondre,1449,warlock,demonology,53,29,24
34553,Нгага,howling-fjord,1443,warlock,demonology,227,111,116
34554,Esgül,draenor,1442,warlock,demonology,76,40,36
34555,Jesez,aegwynn,1436,warlock,demonology,24,15,9
34556,Ayóó,doomhammer,1432,warlock,demonology,233,117,116
34557,Corbiejr,tarren-mill,1425,warlock,demonology,70,29,41
34558,Hyphonos,blackmoore,1422,warlock,demonology,30,15,15
34559,Ruinovino,outland,1422,warlock,demonology,42,18,24
34560,Джердхаус,fordragon,1419,warlock,demonology,30,15,15
34561,Épidémie,outland,1419,warlock,demonology,47,18,29
34562,Nattû,outland,1415,warlock,demonology,30,15,15
34563,Tsumde,dalaran,1415,warlock,demonology,54,26,28
34564,Malganas,sylvanas,1414,warlock,demonology,95,42,53
34565,Panic,stormrage,1412,warlock,demonology,114,61,53
34566,Lottopallo,arathor,1410,warlock,demonology,44,29,15
34567,Rpez,archimonde,1410,warlock,demonology,154,81,73
34568,Dedalus,zuluhed,1408,warlock,demonology,124,74,50
34569,Tudii,frostwolf,1401,warlock,demonology,54,32,22
34570,Profylaxis,arathor,1396,warlock,demonology,46,23,23
34571,Nimh,azjolnerub,1393,warlock,demonology,33,20,13
34572,Bakýra,dun-modr,1389,warlock,demonology,48,29,19
34573,Dominvs,silvermoon,1388,warlock,demonology,106,55,51
34574,Peremi,grim-batol,1388,warlock,demonology,30,15,15
34575,Môrgán,draenor,1387,warlock,demonology,106,45,61
34576,Расмурът,soulflayer,1375,warlock,demonology,42,23,19
34577,Sineko,twisting-nether,1375,warlock,demonology,130,61,69
34578,Jondi,blackmoore,1373,warlock,demonology,31,17,14
34579,Wítchær,blackhand,1370,warlock,demonology,48,28,20
34580,Valadair,sanguino,1367,warlock,demonology,108,60,48
34581,Sevastus,argent-dawn,1363,warlock,demonology,96,48,48
34582,Ädarä,cthun,1359,warlock,demonology,54,27,27
34583,Mesîkatayut,outland,1351,warlock,demonology,75,43,32
34584,Cahoa,archimonde,1349,warlock,demonology,24,15,9
34585,Olsel,draenor,1349,warlock,demonology,36,16,20
34586,Афинц,deathguard,1343,warlock,demonology,24,14,10
34587,Jopasiski,draenor,1343,warlock,demonology,30,14,16
34588,Gulldan,bloodfeather,1342,warlock,demonology,48,25,23
34589,Warth,silvermoon,1339,warlock,demonology,18,14,4
34590,Razzguul,blackmoore,1337,warlock,demonology,28,15,13
34591,Evilbuba,burning-legion,1337,warlock,demonology,58,30,28
34592,Tomlingen,terenas,1335,warlock,demonology,48,25,23
34593,Darkdagor,blackrock,1334,warlock,demonology,24,14,10
34594,Фортэр,ashenvale,1332,warlock,demonology,30,14,16
34595,Stormytrumpy,twisting-nether,1331,warlock,demonology,27,15,12
34596,Xanatas,nemesis,1328,warlock,demonology,24,14,10
34597,Stormblast,azshara,1321,warlock,demonology,30,19,11
34598,Kwanzaa,ravencrest,1319,warlock,demonology,24,14,10
34599,Wåfa,kazzak,1318,warlock,demonology,30,17,13
34600,Forthewin,stormreaver,1313,warlock,demonology,30,15,15
34601,Sargaerot,draenor,1301,warlock,demonology,40,20,20
34602,Lokko,nemesis,1298,warlock,demonology,47,19,28
34603,Cmzdalock,ravencrest,1279,warlock,demonology,36,23,13
34604,Waltrude,conseil-des-ombres,1261,warlock,demonology,48,16,32
34605,Инсип,blackscar,1256,warlock,demonology,42,18,24
34606,Eatherial,twilights-hammer,1255,warlock,demonology,30,18,12
34607,Trellaras,bloodfeather,1249,warlock,demonology,29,14,15
34608,Rikkért,draenor,1248,warlock,demonology,24,13,11
34609,Zoreck,uldum,1247,warlock,demonology,24,13,11
34610,Droguri,darkspear,1245,warlock,demonology,18,13,5
34611,Бриант,gordunni,1245,warlock,demonology,35,14,21
34612,Greeylock,blackhand,1243,warlock,demonology,24,13,11
34613,Стокыч,soulflayer,1241,warlock,demonology,36,13,23
34614,Чутьчутьзлая,gordunni,1237,warlock,demonology,24,13,11
34615,Kukcaryfuk,drakthul,1235,warlock,demonology,24,13,11
34616,Andid,frostwolf,1231,warlock,demonology,38,18,20
34617,Skitless,blackmoore,1230,warlock,demonology,33,14,19
34618,Honetia,ravencrest,1225,warlock,demonology,29,13,16
34619,Qullnius,kazzak,1215,warlock,demonology,24,13,11
34620,Rüwel,mannoroth,1214,warlock,demonology,47,20,27
34621,Netcownt,silvermoon,1199,warlock,demonology,31,15,16
34622,Azraëlle,drekthar,1195,warlock,demonology,21,14,7
34623,Nekrosd,tarren-mill,1193,warlock,demonology,27,14,13
34624,Vorgoth,argent-dawn,1179,warlock,demonology,28,13,15
34625,Decayez,thrall,1168,warlock,demonology,19,13,6
34626,Sabiocalvo,dun-modr,1157,warlock,demonology,36,19,17
34627,Lyndi,nerathor,1152,warlock,demonology,18,12,6
34628,Ðåñtåy,ravencrest,1152,warlock,demonology,18,12,6
34629,Scallington,shattered-hand,1152,warlock,demonology,18,12,6
34630,Benvyx,twisting-nether,1152,warlock,demonology,24,12,12
34631,Инфес,deathweaver,1151,warlock,demonology,18,12,6
34632,Fedpikkefar,kazzak,1151,warlock,demonology,24,12,12
34633,Nargøf,outland,1151,warlock,demonology,24,12,12
34634,Парачо,eversong,1151,warlock,demonology,24,12,12
34635,Майдум,soulflayer,1150,warlock,demonology,18,12,6
34636,Kûraiko,blackrock,1150,warlock,demonology,24,12,12
34637,Desolador,tyrande,1148,warlock,demonology,30,12,18
34638,Vanskor,argent-dawn,1147,warlock,demonology,24,12,12
34639,Дуклок,howling-fjord,1147,warlock,demonology,30,13,17
34640,Ashzu,quelthalas,1145,warlock,demonology,24,12,12
34641,Lifesteal,auchindoun,1145,warlock,demonology,30,13,17
34642,Сладкийпир,soulflayer,1139,warlock,demonology,24,12,12
34643,Арон,soulflayer,1119,warlock,demonology,23,12,11
34644,Erwynna,conseil-des-ombres,1118,warlock,demonology,30,12,18
34645,Tripleshache,elune,1101,warlock,demonology,66,33,33
34646,Flocca,archimonde,1085,warlock,demonology,26,12,14
34647,Lunden,drakthul,1073,warlock,demonology,34,12,22
34648,Bicuriousdad,tarren-mill,1056,warlock,demonology,12,11,1
34649,Glooness,burning-legion,1056,warlock,demonology,18,11,7
34650,Adellara,draenor,1056,warlock,demonology,18,11,7
34651,Dotosgyörgy,ragnaros,1056,warlock,demonology,18,11,7
34652,Ravenglass,argent-dawn,1056,warlock,demonology,24,11,13
34653,Tamatóax,tarren-mill,1055,warlock,demonology,12,11,1
34654,Dirtytyrant,sanguino,1055,warlock,demonology,18,11,7
34655,Lonelock,blackrock,1055,warlock,demonology,24,11,13
34656,Tiendi,blackhand,1055,warlock,demonology,24,11,13
34657,Bunne,twisting-nether,1055,warlock,demonology,30,11,19
34658,Tìdùs,nethersturm,1054,warlock,demonology,12,11,1
34659,Dàrksoul,thrall,1054,warlock,demonology,18,11,7
34660,Algolagniac,stormscale,1054,warlock,demonology,18,11,7
34661,Idezis,ragnaros,1054,warlock,demonology,18,11,7
34662,Froschhaxen,blackhand,1054,warlock,demonology,18,11,7
34663,Katâra,tarren-mill,1054,warlock,demonology,24,11,13
34664,Longdickie,ravencrest,1053,warlock,demonology,18,11,7
34665,Tochka,archimonde,1051,warlock,demonology,24,11,13
34666,Емс,gordunni,1051,warlock,demonology,24,11,13
34667,Hamnam,blackrock,1050,warlock,demonology,24,11,13
34668,Zanzarismo,nemesis,1049,warlock,demonology,21,12,9
34669,Ambralia,blackmoore,1048,warlock,demonology,24,12,12
34670,Силаскверна,deathguard,1039,warlock,demonology,24,11,13
34671,Remthorn,frostmane,1022,warlock,demonology,36,19,17
34672,Aldhelm,draenor,980,warlock,demonology,22,11,11
34673,Yumiblood,tarren-mill,974,warlock,demonology,17,11,6
34674,Blacklock,argent-dawn,960,warlock,demonology,12,10,2
34675,Демоник,deathguard,960,warlock,demonology,18,10,8
34676,Quadraxer,antonidas,960,warlock,demonology,18,10,8
34677,Oggelock,tarren-mill,960,warlock,demonology,18,10,8
34678,Кьютсанни,howling-fjord,960,warlock,demonology,24,10,14
34679,Oozi,tarren-mill,959,warlock,demonology,12,10,2
34680,Нэваблэйз,howling-fjord,959,warlock,demonology,18,10,8
34681,Davyjonessx,twisting-nether,958,warlock,demonology,18,10,8
34682,Pipoûc,archimonde,958,warlock,demonology,24,10,14
34683,Kawapow,azjolnerub,952,warlock,demonology,18,10,8
34684,Migyardondup,exodar,947,warlock,demonology,60,33,27
34685,Ablas,bladefist,940,warlock,demonology,35,10,25
34686,Fearmydear,alleria,926,warlock,demonology,17,10,7
34687,Vreyax,aegwynn,911,warlock,demonology,17,10,7
34688,Acuacx,drakthul,909,warlock,demonology,17,10,7
34689,Rngmåchinêx,ravencrest,896,warlock,demonology,16,10,6
34690,Snoggä,antonidas,885,warlock,demonology,36,17,19
34691,Aladèèn,tarren-mill,864,warlock,demonology,12,9,3
34692,Öbsury,hyjal,864,warlock,demonology,12,9,3
34693,Yazurí,ravencrest,864,warlock,demonology,12,9,3
34694,Syntax,blackmoore,864,warlock,demonology,12,9,3
34695,Ooroothothz,frostwolf,864,warlock,demonology,12,9,3
34696,Простохаос,howling-fjord,864,warlock,demonology,12,9,3
34697,Stafar,outland,864,warlock,demonology,12,9,3
34698,Omnípotens,silvermoon,864,warlock,demonology,12,9,3
34699,Dadylock,silvermoon,864,warlock,demonology,12,9,3
34700,Нистл,gordunni,864,warlock,demonology,12,9,3
34701,Boomlok,tarren-mill,864,warlock,demonology,18,9,9
34702,Darksoll,hyjal,864,warlock,demonology,24,9,15
34703,Beloezoloto,deathwing,863,warlock,demonology,18,9,9
34704,Nosoulnoprob,sylvanas,863,warlock,demonology,24,9,15
34705,Xoky,argent-dawn,861,warlock,demonology,18,9,9
34706,Screamo,sylvanas,844,warlock,demonology,18,9,9
34707,Анрали,soulflayer,831,warlock,demonology,17,9,8
34708,Гупперлок,howling-fjord,810,warlock,demonology,27,12,15
34709,Бирел,soulflayer,799,warlock,demonology,16,9,7
34710,Fuark,teldrassil,798,warlock,demonology,11,9,2
34711,Простоседой,gordunni,798,warlock,demonology,23,9,14
34712,Staenkymayne,blackhand,768,warlock,demonology,12,8,4
34713,Killning,medivh,768,warlock,demonology,12,8,4
34714,Devildodo,elune,768,warlock,demonology,12,8,4
34715,Topmodelx,eredar,768,warlock,demonology,12,8,4
34716,Котрх,gordunni,768,warlock,demonology,12,8,4
34717,Аскамардва,gordunni,768,warlock,demonology,12,8,4
34718,Rozn,ravencrest,768,warlock,demonology,12,8,4
34719,Igõr,draenor,768,warlock,demonology,12,8,4
34720,Nàughty,ragnaros,768,warlock,demonology,15,8,7
34721,Koldarr,blackmoore,768,warlock,demonology,18,8,10
34722,Djezzick,stormscale,768,warlock,demonology,18,8,10
34723,Jarodshadow,stormscale,768,warlock,demonology,18,8,10
34724,Idkdot,ravencrest,768,warlock,demonology,18,8,10
34725,Biest,drakthul,768,warlock,demonology,18,8,10
34726,Slockoló,ragnaros,768,warlock,demonology,24,8,16
34727,Tojezlo,drakthul,767,warlock,demonology,12,8,4
34728,Sovrìn,blackrock,767,warlock,demonology,12,8,4
34729,Nuwdles,tarren-mill,767,warlock,demonology,18,8,10
34730,Chimera,mugthol,767,warlock,demonology,18,8,10
34731,Alotadot,ravencrest,767,warlock,demonology,18,8,10
34732,Otemlock,sanguino,766,warlock,demonology,12,8,4
34733,Guccie,ravencrest,766,warlock,demonology,17,10,7
34734,Britneyféars,emeriss,766,warlock,demonology,18,8,10
34735,Zeddy,draenor,766,warlock,demonology,18,8,10
34736,Merzavka,kazzak,765,warlock,demonology,12,8,4
34737,Rövsmärta,ragnaros,765,warlock,demonology,15,9,6
34738,Njutbar,ragnaros,765,warlock,demonology,18,8,10
34739,Kharless,kazzak,765,warlock,demonology,18,8,10
34740,Йотунхейм,ashenvale,763,warlock,demonology,18,8,10
34741,Thyron,gorgonnash,762,warlock,demonology,18,8,10
34742,Ясяшотлав,soulflayer,761,warlock,demonology,22,11,11
34743,Wanderingowl,blackmoore,760,warlock,demonology,12,8,4
34744,Nedivh,stormscale,751,warlock,demonology,23,8,15
34745,Warlockyo,blackrock,735,warlock,demonology,17,8,9
34746,Tunrîda,illidan,733,warlock,demonology,21,8,13
34747,Dotwhat,ravencrest,719,warlock,demonology,17,8,9
34748,Themengh,stormscale,715,warlock,demonology,27,8,19
34749,Dreamnyâsha,tarren-mill,714,warlock,demonology,15,10,5
34750,Этожедру,howling-fjord,703,warlock,demonology,11,8,3
34751,Lifetap,tarren-mill,703,warlock,demonology,14,8,6
34752,Фламмэнх,soulflayer,688,warlock,demonology,13,8,5
34753,Plâytïmè,stormscale,672,warlock,demonology,12,7,5
34754,Spongebobx,kazzak,672,warlock,demonology,12,7,5
34755,Fearfearfear,archimonde,672,warlock,demonology,12,7,5
34756,Zagreos,tarren-mill,672,warlock,demonology,12,7,5
34757,Hannens,blackrock,672,warlock,demonology,12,7,5
34758,Ballerlock,ravencrest,672,warlock,demonology,12,7,5
34759,Bigbagelbob,archimonde,672,warlock,demonology,12,7,5
34760,Khaleth,dun-modr,672,warlock,demonology,12,7,5
34761,Dryaxc,frostwolf,672,warlock,demonology,12,7,5
34762,Framelock,draenor,672,warlock,demonology,12,7,5
34763,Sizezero,tarren-mill,672,warlock,demonology,12,7,5
34764,Immolleria,frostmane,672,warlock,demonology,12,7,5
34765,Iskieel,ravencrest,672,warlock,demonology,12,7,5
34766,Ipetsincl,kazzak,672,warlock,demonology,12,7,5
34767,Morgána,outland,672,warlock,demonology,12,7,5
34768,Astéfion,dalaran,672,warlock,demonology,12,7,5
34769,Kosfáce,tarren-mill,672,warlock,demonology,12,7,5
34770,Blekspel,outland,672,warlock,demonology,12,7,5
34771,Guldchan,drakthul,672,warlock,demonology,12,7,5
34772,Eviloverlord,silvermoon,672,warlock,demonology,12,7,5
34773,Wiitchdoktor,twisting-nether,672,warlock,demonology,12,7,5
34774,Shortyi,thrall,672,warlock,demonology,18,7,11
34775,Klaab,hyjal,672,warlock,demonology,18,7,11
34776,Fearu,kazzak,672,warlock,demonology,18,7,11
34777,Cringetamer,silvermoon,672,warlock,demonology,18,7,11
34778,Lockaria,zuljin,671,warlock,demonology,12,7,5
34779,Dedobozhe,ravencrest,671,warlock,demonology,12,7,5
34780,Валентинчик,galakrond,671,warlock,demonology,12,7,5
34781,Güulran,les-clairvoyants,671,warlock,demonology,12,7,5
34782,Адилея,howling-fjord,671,warlock,demonology,12,7,5
34783,Enviroq,burning-legion,671,warlock,demonology,12,7,5
34784,Penske,sanguino,671,warlock,demonology,24,7,17
34785,Bewbys,draenor,671,warlock,demonology,24,7,17
34786,Williamford,dun-modr,669,warlock,demonology,18,7,11
34787,Truckpunch,defias-brotherhood,669,warlock,demonology,24,7,17
34788,Kavalierr,stormscale,624,warlock,demonology,21,8,13
34789,Kïng,elune,622,warlock,demonology,15,8,7
34790,Warlockxx,ravencrest,607,warlock,demonology,11,7,4
34791,Грешъник,gordunni,592,warlock,demonology,13,7,6
34792,Makkez,outland,576,warlock,demonology,6,6,0
34793,Dogdrakex,tarren-mill,576,warlock,demonology,6,6,0
34794,Тапкидеда,gordunni,576,warlock,demonology,6,6,0
34795,Onewarlock,kazzak,576,warlock,demonology,6,6,0
34796,Devour,magtheridon,576,warlock,demonology,12,6,6
34797,Jegfaller,wildhammer,576,warlock,demonology,12,6,6
34798,Gruldran,khaz-modan,576,warlock,demonology,12,6,6
34799,Lacape,dalaran,576,warlock,demonology,12,6,6
34800,Rivmuu,argent-dawn,576,warlock,demonology,12,6,6
34801,Армдэд,galakrond,576,warlock,demonology,12,6,6
34802,Vîmø,antonidas,576,warlock,demonology,12,6,6
34803,Dracsu,dun-modr,576,warlock,demonology,12,6,6
34804,Mombo,the-maelstrom,576,warlock,demonology,12,6,6
34805,Rîas,hyjal,576,warlock,demonology,12,6,6
34806,Lifedriller,drakthul,576,warlock,demonology,12,6,6
34807,Lamboo,tarren-mill,576,warlock,demonology,12,6,6
34808,Darcol,archimonde,576,warlock,demonology,12,6,6
34809,Wacamolymojo,tarren-mill,576,warlock,demonology,12,6,6
34810,Zerx,malganis,576,warlock,demonology,12,6,6
34811,Smallpee,kazzak,576,warlock,demonology,12,6,6
34812,Ðêmøñîc,ravencrest,576,warlock,demonology,12,6,6
34813,Rikmeyzter,burning-blade,576,warlock,demonology,12,6,6
34814,Narsok,blackrock,576,warlock,demonology,12,6,6
34815,Nephystø,archimonde,576,warlock,demonology,12,6,6
34816,Ogrez,nemesis,576,warlock,demonology,12,6,6
34817,Тевон,gordunni,576,warlock,demonology,12,6,6
34818,Sokyra,tarren-mill,576,warlock,demonology,18,6,12
34819,Morwëk,ysondre,576,warlock,demonology,18,6,12
34820,Фэлдред,soulflayer,576,warlock,demonology,18,6,12
34821,Oldasianman,blackrock,576,warlock,demonology,18,6,12
34822,Agathaharkne,minahonda,576,warlock,demonology,18,6,12
34823,Xanatar,blackhand,576,warlock,demonology,18,6,12
34824,Deadleth,blackrock,575,warlock,demonology,10,7,3
34825,Факлок,gordunni,575,warlock,demonology,12,6,6
34826,Xerxia,blackrock,575,warlock,demonology,18,6,12
34827,Ахпорбес,gordunni,574,warlock,demonology,10,7,3
34828,Methmuncher,twisting-nether,574,warlock,demonology,24,6,18
34829,Jag,neptulon,573,warlock,demonology,12,6,6
34830,Absurdd,turalyon,568,warlock,demonology,14,9,5
34831,Аттропа,gordunni,567,warlock,demonology,12,6,6
34832,Raez,burning-blade,559,warlock,demonology,17,6,11
34833,Tvmpzwl,ravencrest,527,warlock,demonology,17,6,11
34834,Shazem,tarren-mill,522,warlock,demonology,12,7,5
34835,Lockmex,outland,512,warlock,demonology,10,6,4
34836,Мембер,thermaplugg,511,warlock,demonology,20,6,14
34837,Rektube,sanguino,480,warlock,demonology,6,5,1
34838,Mércé,stormscale,480,warlock,demonology,6,5,1
34839,Felgødx,nemesis,480,warlock,demonology,6,5,1
34840,Jinxme,tarren-mill,480,warlock,demonology,6,5,1
34841,Chromex,dentarg,480,warlock,demonology,6,5,1
34842,Bibilockbert,aegwynn,480,warlock,demonology,6,5,1
34843,Miauwu,stormscale,480,warlock,demonology,6,5,1
34844,Gattlingan,eredar,480,warlock,demonology,6,5,1
34845,Köftemec,blackrock,480,warlock,demonology,6,5,1
34846,Velativ,silvermoon,480,warlock,demonology,6,5,1
34847,Xarica,garona,480,warlock,demonology,6,5,1
34848,Hiloqtlock,blackmoore,480,warlock,demonology,6,5,1
34849,Øupas,ysondre,480,warlock,demonology,6,5,1
34850,Boomloc,tarren-mill,480,warlock,demonology,6,5,1
34851,Swagzz,silvermoon,480,warlock,demonology,6,5,1
34852,Фирвебало,soulflayer,480,warlock,demonology,6,5,1
34853,Deadmanwlkin,aggra-português,480,warlock,demonology,6,5,1
34854,Racursed,outland,480,warlock,demonology,6,5,1
34855,Hannen,blackrock,480,warlock,demonology,6,5,1
34856,Moslock,kazzak,480,warlock,demonology,12,5,7
34857,Durátor,ravencrest,480,warlock,demonology,12,5,7
34858,Векстах,gordunni,480,warlock,demonology,12,5,7
34859,Msßeckinsale,tarren-mill,480,warlock,demonology,12,5,7
34860,Heximexi,malganis,480,warlock,demonology,12,5,7
34861,Felsturm,twisting-nether,480,warlock,demonology,12,5,7
34862,Törtidotcom,blackrock,480,warlock,demonology,12,5,7
34863,Gulderrf,kirin-tor,480,warlock,demonology,12,5,7
34864,Agaton,twisting-nether,480,warlock,demonology,12,5,7
34865,Khâmélÿa,culte-de-la-rive-noire,480,warlock,demonology,12,5,7
34866,Nastychâtøn,ysondre,480,warlock,demonology,12,5,7
34867,Nécromancér,doomhammer,480,warlock,demonology,12,5,7
34868,Purepkbob,quelthalas,480,warlock,demonology,12,5,7
34869,Morshax,ysondre,480,warlock,demonology,12,5,7
34870,Tepelkwastje,twisting-nether,480,warlock,demonology,12,5,7
34871,Bachmut,ravencrest,480,warlock,demonology,12,5,7
34872,Kosoki,burning-legion,480,warlock,demonology,12,5,7
34873,Søcraqt,blackrock,480,warlock,demonology,13,5,8
34874,Déemón,draenor,480,warlock,demonology,18,5,13
34875,Zartax,kazzak,480,warlock,demonology,18,5,13
34876,Délidumrul,stormscale,480,warlock,demonology,18,5,13
34877,Gúldn,outland,480,warlock,demonology,18,5,13
34878,Brodoh,dun-modr,480,warlock,demonology,18,5,13
34879,Vanmorgoth,nazjatar,480,warlock,demonology,18,5,13
34880,Ezekîél,blackhand,479,warlock,demonology,6,5,1
34881,Gunca,sylvanas,479,warlock,demonology,12,5,7
34882,Lewd,dragonblight,479,warlock,demonology,12,5,7
34883,Mundunugu,sanguino,400,warlock,demonology,7,5,2
34884,Papilena,turalyon,400,warlock,demonology,13,5,8
34885,Nagash,zuljin,399,warlock,demonology,5,5,0
34886,Chedipes,stormscale,384,warlock,demonology,6,4,2
34887,Freyzul,twisting-nether,384,warlock,demonology,6,4,2
34888,Llilithh,draenor,384,warlock,demonology,6,4,2
34889,Незерлок,soulflayer,384,warlock,demonology,6,4,2
34890,Cleyandra,arathor,384,warlock,demonology,6,4,2
34891,Flxzshort,kazzak,384,warlock,demonology,6,4,2
34892,Tropìcal,grim-batol,384,warlock,demonology,6,4,2
34893,Lugdan,blackmoore,384,warlock,demonology,6,4,2
34894,Nekhar,twisting-nether,384,warlock,demonology,6,4,2
34895,Bluenote,colinas-pardas,384,warlock,demonology,6,4,2
34896,Bitshlog,draenor,384,warlock,demonology,6,4,2
34897,Fujiitøra,ysondre,384,warlock,demonology,6,4,2
34898,Watii,stormscale,384,warlock,demonology,6,4,2
34899,Absurdity,twisting-nether,384,warlock,demonology,6,4,2
34900,Fredé,kazzak,384,warlock,demonology,6,4,2
34901,Nekrofille,outland,384,warlock,demonology,6,4,2
34902,Hokoreuw,echsenkessel,384,warlock,demonology,6,4,2
34903,Aniq,eredar,384,warlock,demonology,6,4,2
34904,Vornex,sporeggar,384,warlock,demonology,6,4,2
34905,Roglash,eredar,384,warlock,demonology,6,4,2
34906,Bigballerguy,sylvanas,384,warlock,demonology,6,4,2
34907,Lémonz,stormscale,384,warlock,demonology,6,4,2
34908,Æternallock,nemesis,384,warlock,demonology,6,4,2
34909,Ahollic,antonidas,384,warlock,demonology,6,4,2
34910,Thereya,dun-morogh,384,warlock,demonology,6,4,2
34911,Gödisdëäd,sanguino,384,warlock,demonology,6,4,2
34912,Zàkx,silvermoon,384,warlock,demonology,6,4,2
34913,Zzooxxie,silvermoon,384,warlock,demonology,6,4,2
34914,Carlss,sanguino,384,warlock,demonology,6,4,2
34915,Bankstair,stormscale,384,warlock,demonology,6,4,2
34916,Cosec,silvermoon,384,warlock,demonology,6,4,2
34917,Marador,drakthul,384,warlock,demonology,6,4,2
34918,Likeqtz,thrall,384,warlock,demonology,6,4,2
34919,Demosteaks,thrall,384,warlock,demonology,6,4,2
34920,Felhaen,silvermoon,384,warlock,demonology,6,4,2
34921,Куськысь,gordunni,384,warlock,demonology,9,5,4
34922,Babayagâ,sanguino,384,warlock,demonology,12,4,8
34923,Nazw,ravencrest,384,warlock,demonology,12,4,8
34924,Acererak,thunderhorn,384,warlock,demonology,12,4,8
34925,Nulo,aggra-português,384,warlock,demonology,12,4,8
34926,Tuz,blackrock,384,warlock,demonology,12,4,8
34927,Lagyna,wildhammer,384,warlock,demonology,12,4,8
34928,Hsp,dun-modr,384,warlock,demonology,12,4,8
34929,Graveshaker,quelthalas,384,warlock,demonology,12,4,8
34930,Kfo,ragnaros,384,warlock,demonology,12,4,8
34931,Millhaus,gorgonnash,384,warlock,demonology,18,4,14
34932,Alucena,silvermoon,384,warlock,demonology,18,4,14
34933,Monroé,hellfire,367,warlock,demonology,11,4,7
34934,Nili,dethecus,351,warlock,demonology,11,4,7
34935,Amrafel,draenor,335,warlock,demonology,15,5,10
34936,Floriae,silvermoon,329,warlock,demonology,13,5,8
34937,Shadaw,kilrogg,319,warlock,demonology,5,4,1
34938,Osyx,ravencrest,288,warlock,demonology,6,3,3
34939,Landii,ragnaros,288,warlock,demonology,6,3,3
34940,Рашчер,gordunni,288,warlock,demonology,6,3,3
34941,Xiraq,nathrezim,288,warlock,demonology,6,3,3
34942,Ilililii,ravencrest,288,warlock,demonology,6,3,3
34943,Сантизи,gordunni,288,warlock,demonology,6,3,3
34944,Pidka,drakthul,288,warlock,demonology,6,3,3
34945,Gyroib,stormscale,288,warlock,demonology,6,3,3
34946,Локистраик,borean-tundra,288,warlock,demonology,6,3,3
34947,Afflimoomoo,tarren-mill,288,warlock,demonology,6,3,3
34948,Mingingclass,stormscale,288,warlock,demonology,6,3,3
34949,Sleethy,destromath,288,warlock,demonology,6,3,3
34950,Sipsirica,ragnaros,288,warlock,demonology,6,3,3
34951,Nineinchlock,silvermoon,288,warlock,demonology,6,3,3
34952,Sofias,tarren-mill,288,warlock,demonology,6,3,3
34953,Noobgg,kazzak,288,warlock,demonology,6,3,3
34954,Sidragasoss,drakthul,288,warlock,demonology,6,3,3
34955,Dispelpls,dun-morogh,288,warlock,demonology,6,3,3
34956,Waîdo,blackhand,288,warlock,demonology,6,3,3
34957,Ronniee,moonglade,288,warlock,demonology,6,3,3
34958,Hasselbalch,azshara,288,warlock,demonology,6,3,3
34959,Immaginare,sylvanas,288,warlock,demonology,6,3,3
34960,Zeromaker,kazzak,288,warlock,demonology,6,3,3
34961,Alcringe,kazzak,288,warlock,demonology,6,3,3
34962,Väladar,sanguino,288,warlock,demonology,6,3,3
34963,Дядяджонн,gordunni,288,warlock,demonology,6,3,3
34964,Xjms,darksorrow,288,warlock,demonology,6,3,3
34965,Theronas,tarren-mill,288,warlock,demonology,6,3,3
34966,Legiozock,draenor,288,warlock,demonology,6,3,3
34967,Infernion,stormscale,288,warlock,demonology,6,3,3
34968,Bionic,eredar,288,warlock,demonology,6,3,3
34969,Wendetta,stormreaver,288,warlock,demonology,6,3,3
34970,Opiumers,kazzak,288,warlock,demonology,6,3,3
34971,Hotdogvendor,kazzak,288,warlock,demonology,6,3,3
34972,Bono,frostwhisper,288,warlock,demonology,6,3,3
34973,Vladov,ravencrest,288,warlock,demonology,6,3,3
34974,Buserella,eredar,288,warlock,demonology,6,3,3
34975,Дотботх,howling-fjord,288,warlock,demonology,6,3,3
34976,Antuan,sanguino,288,warlock,demonology,6,3,3
34977,Mefistosx,draenor,288,warlock,demonology,6,3,3
34978,Malkoran,sylvanas,288,warlock,demonology,6,3,3
34979,Zèlêph,archimonde,288,warlock,demonology,6,3,3
34980,ßualock,sylvanas,288,warlock,demonology,6,3,3
34981,Xenq,ravencrest,288,warlock,demonology,6,3,3
34982,Talindra,stormscale,288,warlock,demonology,6,3,3
34983,Flamidien,archimonde,288,warlock,demonology,6,3,3
34984,Комочеро,soulflayer,288,warlock,demonology,6,3,3
34985,Lebaa,burning-steppes,288,warlock,demonology,6,3,3
34986,Horststenzl,blackrock,288,warlock,demonology,6,3,3
34987,Suucc,draenor,288,warlock,demonology,6,3,3
34988,Kuloo,blackmoore,288,warlock,demonology,6,3,3
34989,Лысыйлокоть,soulflayer,288,warlock,demonology,6,3,3
34990,Matheus,zenedar,288,warlock,demonology,6,3,3
34991,Ezy,auchindoun,288,warlock,demonology,6,3,3
34992,Wombsa,blackmoore,288,warlock,demonology,6,3,3
34993,Shjzzkl,blackmoore,288,warlock,demonology,6,3,3
34994,Cainn,kilrogg,288,warlock,demonology,6,3,3
34995,Askanios,twisting-nether,288,warlock,demonology,6,3,3
34996,Dernaxz,argent-dawn,288,warlock,demonology,6,3,3
34997,Myliege,kilrogg,288,warlock,demonology,6,3,3
34998,Elmîr,blackmoore,288,warlock,demonology,6,3,3
34999,Moelock,frostmane,288,warlock,demonology,6,3,3
35000,Rushkush,ravencrest,288,warlock,demonology,7,3,4
35001,Kamí,sanguino,288,warlock,demonology,12,3,9
35002,Ïvar,ysondre,288,warlock,demonology,12,3,9
35003,Dardec,hyjal,288,warlock,demonology,12,3,9
35004,Cassen,outland,288,warlock,demonology,12,3,9
35005,Эссминет,soulflayer,288,warlock,demonology,12,3,9
35006,Laveau,outland,288,warlock,demonology,12,3,9
35007,Ftpete,argent-dawn,288,warlock,demonology,12,3,9
35008,Ydidntuwait,ragnaros,288,warlock,demonology,18,3,15
35009,Hartee,argent-dawn,288,warlock,demonology,18,3,15
35010,Petrosk,sanguino,287,warlock,demonology,6,3,3
35011,Dust,argent-dawn,287,warlock,demonology,12,3,9
35012,Кхадгард,howling-fjord,256,warlock,demonology,10,3,7
35013,Hasla,stormreaver,256,warlock,demonology,10,3,7
35014,Calypso,korgall,239,warlock,demonology,5,3,2
35015,Ánderx,dun-modr,239,warlock,demonology,5,3,2
35016,Infïnitýx,silvermoon,223,warlock,demonology,8,3,5
35017,Muninnus,archimonde,192,warlock,demonology,9,3,6
35018,Iblis,grim-batol,192,warlock,demonology,6,2,4
35019,Fatkkroth,ravencrest,192,warlock,demonology,6,2,4
35020,Ukjjkhj,frostmane,192,warlock,demonology,6,2,4
35021,Kaobolt,archimonde,192,warlock,demonology,6,2,4
35022,Ekispekis,tarren-mill,192,warlock,demonology,6,2,4
35023,Artys,tarren-mill,192,warlock,demonology,6,2,4
35024,Hodille,argent-dawn,192,warlock,demonology,6,2,4
35025,Salvatoríy,outland,192,warlock,demonology,6,2,4
35026,Indifférence,archimonde,192,warlock,demonology,6,2,4
35027,Fortheend,twisting-nether,192,warlock,demonology,6,2,4
35028,Heexmex,blackmoore,192,warlock,demonology,6,2,4
35029,Fløkee,blackmoore,192,warlock,demonology,6,2,4
35030,Andrealphus,outland,192,warlock,demonology,6,2,4
35031,Скверногрик,fordragon,192,warlock,demonology,6,2,4
35032,Nerfwarriors,stormscale,192,warlock,demonology,6,2,4
35033,Irnx,tarren-mill,192,warlock,demonology,6,2,4
35034,Oldasiangirl,blackrock,192,warlock,demonology,6,2,4
35035,Liwerno,dunemaul,192,warlock,demonology,6,2,4
35036,Àbraxàs,nemesis,192,warlock,demonology,6,2,4
35037,Repah,doomhammer,192,warlock,demonology,6,2,4
35038,Azgaroth,kazzak,192,warlock,demonology,6,2,4
35039,Belzedan,blackrock,192,warlock,demonology,6,2,4
35040,Fearlessgødx,ravencrest,192,warlock,demonology,6,2,4
35041,Retrosatanas,archimonde,192,warlock,demonology,6,2,4
35042,Sneptics,draenor,192,warlock,demonology,6,2,4
35043,Вериберри,gordunni,192,warlock,demonology,6,2,4
35044,Jkz,blackrock,192,warlock,demonology,6,2,4
35045,Bowti,ravencrest,192,warlock,demonology,6,2,4
35046,Cali,ahnqiraj,192,warlock,demonology,6,2,4
35047,Бешентумай,goldrinn,192,warlock,demonology,6,2,4
35048,Azurma,tarren-mill,192,warlock,demonology,6,2,4
35049,Flatwolenzy,blackrock,192,warlock,demonology,6,2,4
35050,Stromzii,silvermoon,192,warlock,demonology,6,2,4
35051,Kumamoto,tarren-mill,192,warlock,demonology,6,2,4
35052,Zyréx,eredar,192,warlock,demonology,6,2,4
35053,Epoku,stormscale,192,warlock,demonology,6,2,4
35054,Cräwley,ragnaros,192,warlock,demonology,6,2,4
35055,Democraft,the-maelstrom,192,warlock,demonology,6,2,4
35056,Baradür,sanguino,192,warlock,demonology,6,2,4
35057,Slowfatlock,ravencrest,192,warlock,demonology,6,2,4
35058,Kasztyk,grim-batol,192,warlock,demonology,6,2,4
35059,Luckylocked,kazzak,192,warlock,demonology,6,2,4
35060,Incesticide,ragnaros,192,warlock,demonology,6,2,4
35061,Кайрана,blackscar,192,warlock,demonology,6,2,4
35062,Destroc,blackrock,192,warlock,demonology,6,2,4
35063,Médeâ,ravencrest,192,warlock,demonology,6,2,4
35064,Amerihell,pozzo-delleternità,192,warlock,demonology,6,2,4
35065,Seldonn,pozzo-delleternità,192,warlock,demonology,6,2,4
35066,Branduir,ragnaros,192,warlock,demonology,6,2,4
35067,Bu,zirkel-des-cenarius,192,warlock,demonology,6,2,4
35068,Surfingbirdz,ragnaros,192,warlock,demonology,6,2,4
35069,Prestige,nemesis,192,warlock,demonology,6,2,4
35070,Хэлласс,blackscar,192,warlock,demonology,6,2,4
35071,Gammalgubbe,stormscale,192,warlock,demonology,6,2,4
35072,Imadovich,silvermoon,192,warlock,demonology,6,2,4
35073,Gtxtreme,kazzak,192,warlock,demonology,6,2,4
35074,Drith,blades-edge,192,warlock,demonology,6,2,4
35075,Lokelicious,ragnaros,192,warlock,demonology,6,2,4
35076,Анрали,deathguard,192,warlock,demonology,6,2,4
35077,Chram,uldum,192,warlock,demonology,7,2,5
35078,Saruna,azshara,192,warlock,demonology,12,2,10
35079,Arciam,kazzak,192,warlock,demonology,12,2,10
35080,Henriett,ravencrest,192,warlock,demonology,12,2,10
35081,Déadwish,ravencrest,192,warlock,demonology,12,2,10
35082,Grimmwald,stormreaver,192,warlock,demonology,12,2,10
35083,Rayanna,twisting-nether,192,warlock,demonology,18,2,16
35084,Letzterlude,thrall,159,warlock,demonology,5,2,3
35085,Yamajii,krasus,137,warlock,demonology,11,4,7
35086,Happycadaver,blackrock,96,warlock,demonology,3,2,1
35087,Lovromalt,kazzak,96,warlock,demonology,6,1,5
35088,Darkbazul,burning-legion,96,warlock,demonology,6,1,5
35089,Catherine,garrosh,96,warlock,demonology,6,1,5
35090,Árkan,thrall,96,warlock,demonology,6,1,5
35091,Krútéús,perenolde,96,warlock,demonology,6,1,5
35092,Prestoc,wrathbringer,96,warlock,demonology,6,1,5
35093,Wspolnax,ravencrest,96,warlock,demonology,6,1,5
35094,Ароматныйх,howling-fjord,96,warlock,demonology,6,1,5
35095,Utuklululu,archimonde,96,warlock,demonology,6,1,5
35096,Méetoo,thrall,96,warlock,demonology,6,1,5
35097,Marann,dun-morogh,96,warlock,demonology,6,1,5
35098,Necroless,shadowsong,96,warlock,demonology,6,1,5
35099,Bolt,stormscale,96,warlock,demonology,6,1,5
35100,Militianu,sylvanas,96,warlock,demonology,6,1,5
35101,Zebauron,twisting-nether,96,warlock,demonology,6,1,5
35102,Tid,burning-legion,96,warlock,demonology,6,1,5
35103,Divvaa,tarren-mill,96,warlock,demonology,6,1,5
35104,Бестий,fordragon,96,warlock,demonology,6,1,5
35105,Ðßøhßäøùí,blackmoore,96,warlock,demonology,6,1,5
35106,Melfos,blackmoore,96,warlock,demonology,6,1,5
35107,Маверрикк,gordunni,96,warlock,demonology,6,1,5
35108,Кусокплети,grom,63,warlock,demonology,2,2,0
35109,Xydar,stormscale,42,warlock,demonology,10,2,8
35110,Lollock,teldrassil,31,warlock,demonology,2,1,1
35111,Loghit,ravencrest,16,warlock,demonology,1,1,0
35112,Inferniøn,ravencrest,2422,warlock,destruction,93,68,25
35113,Infý,ravencrest,2379,warlock,destruction,102,65,37
35114,Jâzggz,twisting-nether,2317,warlock,destruction,78,51,27
35115,Tjl,kazzak,2305,warlock,destruction,95,57,38
35116,Creatúre,drakthul,2290,warlock,destruction,54,42,12
35117,Тагочи,gordunni,2281,warlock,destruction,110,62,48
35118,Erutaerc,drakthul,2278,warlock,destruction,60,40,20
35119,Lopari,aegwynn,2275,warlock,destruction,106,65,41
35120,Bóbtown,stormscale,2270,warlock,destruction,180,107,73
35121,Canabolic,stormscale,2269,warlock,destruction,90,55,35
35122,Indraxx,hyjal,2266,warlock,destruction,110,60,50
35123,Боуман,howling-fjord,2243,warlock,destruction,96,56,40
35124,Xeremas,blackrock,2237,warlock,destruction,83,62,21
35125,Acentro,stormscale,2231,warlock,destruction,71,46,25
35126,Rootzlx,ravencrest,2216,warlock,destruction,114,68,46
35127,Voldby,kazzak,2213,warlock,destruction,102,56,46
35128,Azurma,tarren-mill,2211,warlock,destruction,78,47,31
35129,Yùna,frostwolf,2209,warlock,destruction,72,48,24
35130,Dæhli,argent-dawn,2204,warlock,destruction,102,56,46
35131,Snapperz,stormscale,2202,warlock,destruction,138,76,62
35132,Anihli,kazzak,2199,warlock,destruction,126,68,58
35133,Steckenpferd,blackmoore,2190,warlock,destruction,54,37,17
35134,Фримех,soulflayer,2167,warlock,destruction,65,51,14
35135,Handicapped,burning-legion,2158,warlock,destruction,78,47,31
35136,Rexløck,nozdormu,2156,warlock,destruction,111,76,35
35137,Zèlêph,archimonde,2151,warlock,destruction,180,114,66
35138,Glooness,burning-legion,2151,warlock,destruction,78,43,35
35139,Amdead,sylvanas,2150,warlock,destruction,84,60,24
35140,Bäle,stormreaver,2150,warlock,destruction,107,64,43
35141,Фаерморн,blackscar,2148,warlock,destruction,78,49,29
35142,Absurdity,twisting-nether,2148,warlock,destruction,102,53,49
35143,Tekrowdy,blackmoore,2144,warlock,destruction,48,33,15
35144,Ilovemimi,hyjal,2144,warlock,destruction,65,38,27
35145,Kimkold,twisting-nether,2144,warlock,destruction,96,50,46
35146,Djdampening,bloodhoof,2141,warlock,destruction,130,84,46
35147,Телола,gordunni,2141,warlock,destruction,102,61,41
35148,Tópdogg,twisting-nether,2140,warlock,destruction,54,43,11
35149,Veganlifter,blackhand,2136,warlock,destruction,72,45,27
35150,Lockisbadx,draenor,2132,warlock,destruction,72,43,29
35151,Эвилакс,gordunni,2131,warlock,destruction,78,50,28
35152,Legionlockxd,twisting-nether,2129,warlock,destruction,88,48,40
35153,Brokenearman,defias-brotherhood,2127,warlock,destruction,35,31,4
35154,Varaxxis,twisting-nether,2127,warlock,destruction,102,60,42
35155,Шархихохо,gordunni,2125,warlock,destruction,102,53,49
35156,Nògg,frostwhisper,2120,warlock,destruction,66,42,24
35157,Gulwer,blackmoore,2120,warlock,destruction,66,40,26
35158,Vîmø,antonidas,2120,warlock,destruction,203,123,80
35159,Rune,aegwynn,2118,warlock,destruction,72,51,21
35160,Malddog,turalyon,2118,warlock,destruction,90,56,34
35161,Dayken,silvermoon,2117,warlock,destruction,63,44,19
35162,Блакхен,blackscar,2117,warlock,destruction,66,38,28
35163,Рашчер,gordunni,2116,warlock,destruction,101,58,43
35164,Zilalol,sylvanas,2115,warlock,destruction,78,46,32
35165,Djmcwarlock,kazzak,2115,warlock,destruction,68,40,28
35166,Velv,nagrand,2112,warlock,destruction,90,45,45
35167,Рауваскх,howling-fjord,2110,warlock,destruction,53,31,22
35168,Cryzzbad,stormscale,2109,warlock,destruction,36,29,7
35169,Nellyvato,eredar,2109,warlock,destruction,90,53,37
35170,Zélroth,argent-dawn,2108,warlock,destruction,162,92,70
35171,Bankstair,stormscale,2105,warlock,destruction,66,44,22
35172,Hladankurac,twisting-nether,2105,warlock,destruction,60,35,25
35173,Drainsouls,stormscale,2105,warlock,destruction,189,105,84
35174,Lywov,stormscale,2103,warlock,destruction,60,34,26
35175,Wldot,ravencrest,2102,warlock,destruction,84,53,31
35176,Umbraz,blackmoore,2102,warlock,destruction,72,40,32
35177,Артик,gordunni,2101,warlock,destruction,48,37,11
35178,Ìpen,bloodfeather,2101,warlock,destruction,77,43,34
35179,Bfaexpert,ravencrest,2099,warlock,destruction,48,29,19
35180,Блудгэнг,blackscar,2086,warlock,destruction,60,44,16
35181,Císuh,stormreaver,2082,warlock,destruction,108,61,47
35182,Sehk,stormreaver,2077,warlock,destruction,60,43,17
35183,Dabzw,twisting-nether,2075,warlock,destruction,67,43,24
35184,Nògg,kazzak,2075,warlock,destruction,60,33,27
35185,Паилка,galakrond,2075,warlock,destruction,135,74,61
35186,Chaosbuster,magtheridon,2069,warlock,destruction,114,72,42
35187,Haedache,tarren-mill,2069,warlock,destruction,101,57,44
35188,Bualock,sylvanas,2068,warlock,destruction,60,33,27
35189,Ánderxyo,dun-modr,2065,warlock,destruction,42,32,10
35190,Xesh,kiljaeden,2064,warlock,destruction,96,54,42
35191,Bewegen,frostwolf,2061,warlock,destruction,90,50,40
35192,Necromanya,ravencrest,2056,warlock,destruction,174,100,74
35193,Aestheatic,draenor,2054,warlock,destruction,269,144,125
35194,Простишутках,gordunni,2051,warlock,destruction,48,30,18
35195,Rhüd,twisting-nether,2050,warlock,destruction,95,54,41
35196,Kerídiin,twisting-nether,2048,warlock,destruction,84,47,37
35197,Arfdispo,hyjal,2048,warlock,destruction,125,64,61
35198,Sterlock,sylvanas,2046,warlock,destruction,67,37,30
35199,Héffer,outland,2044,warlock,destruction,121,80,41
35200,Bigbolt,arathor,2042,warlock,destruction,95,53,42
35201,Whatamellown,aegwynn,2037,warlock,destruction,60,37,23
35202,Кириланскил,gordunni,2031,warlock,destruction,54,33,21
35203,Pørtal,aggra-português,2030,warlock,destruction,83,47,36
35204,Koisk,tarren-mill,2028,warlock,destruction,70,39,31
35205,Онлидемон,gordunni,2028,warlock,destruction,153,81,72
35206,Válýrá,blackhand,2027,warlock,destruction,59,41,18
35207,Alphazero,zuluhed,2026,warlock,destruction,77,43,34
35208,Кишмякхб,howling-fjord,2024,warlock,destruction,91,47,44
35209,Влицотьмой,gordunni,2023,warlock,destruction,66,37,29
35210,Superlocken,ragnaros,2022,warlock,destruction,65,37,28
35211,Portlock,kazzak,2021,warlock,destruction,72,43,29
35212,Bualock,stormscale,2019,warlock,destruction,53,30,23
35213,Кенгарь,howling-fjord,2019,warlock,destruction,132,72,60
35214,Felcamino,outland,2019,warlock,destruction,72,36,36
35215,Obrusik,burning-legion,2017,warlock,destruction,71,35,36
35216,Ryûsuke,dun-modr,2015,warlock,destruction,78,46,32
35217,Geluwu,tarren-mill,2015,warlock,destruction,60,35,25
35218,Vvj,ravencrest,2014,warlock,destruction,132,71,61
35219,Vitus,malganis,2011,warlock,destruction,150,84,66
35220,Жасминдос,blackscar,2006,warlock,destruction,63,42,21
35221,Decimus,darkspear,2006,warlock,destruction,132,78,54
35222,Tàkaz,drekthar,1998,warlock,destruction,88,54,34
35223,Isuckwarlock,aegwynn,1994,warlock,destruction,66,34,32
35224,Rockbèll,blackmoore,1992,warlock,destruction,48,36,12
35225,Силорий,howling-fjord,1992,warlock,destruction,61,38,23
35226,Johanan,ravencrest,1987,warlock,destruction,30,24,6
35227,Gøzù,antonidas,1985,warlock,destruction,54,32,22
35228,Kwoleriker,norgannon,1985,warlock,destruction,70,39,31
35229,Påsqúåls,ravencrest,1984,warlock,destruction,72,41,31
35230,Corbbolt,drakthul,1984,warlock,destruction,84,46,38
35231,Инферналках,gordunni,1983,warlock,destruction,59,39,20
35232,Shangalar,burning-legion,1980,warlock,destruction,90,51,39
35233,Supergeîl,blackrock,1980,warlock,destruction,84,46,38
35234,Sqx,veklor,1978,warlock,destruction,60,39,21
35235,Beebs,aegwynn,1977,warlock,destruction,58,40,18
35236,Bluefungirl,stormscale,1976,warlock,destruction,72,46,26
35237,Hotdoghomie,tarren-mill,1974,warlock,destruction,36,28,8
35238,Xwíng,stormscale,1974,warlock,destruction,48,35,13
35239,Laedreth,argent-dawn,1973,warlock,destruction,140,79,61
35240,Ffpiiras,dunemaul,1972,warlock,destruction,63,37,26
35241,Madridistaß,outland,1971,warlock,destruction,96,49,47
35242,Asáel,blackrock,1968,warlock,destruction,84,47,37
35243,Lhestér,outland,1967,warlock,destruction,57,35,22
35244,Wällaar,ragnaros,1964,warlock,destruction,78,47,31
35245,Mangolicious,twisting-nether,1964,warlock,destruction,102,55,47
35246,Zàkx,silvermoon,1962,warlock,destruction,308,168,140
35247,Gogmorok,dunemaul,1962,warlock,destruction,154,80,74
35248,Zarisya,blackmoore,1961,warlock,destruction,48,29,19
35249,Drowlý,twisting-nether,1961,warlock,destruction,54,32,22
35250,Мспечень,howling-fjord,1960,warlock,destruction,48,36,12
35251,Looneytoonz,blackrock,1956,warlock,destruction,84,50,34
35252,Malgarøth,tarren-mill,1955,warlock,destruction,60,28,32
35253,Сумракк,gordunni,1954,warlock,destruction,66,35,31
35254,Nayolana,argent-dawn,1954,warlock,destruction,87,45,42
35255,Stefcheto,twilights-hammer,1953,warlock,destruction,78,43,35
35256,Whakkx,blackrock,1953,warlock,destruction,72,39,33
35257,Tikondrus,ravencrest,1952,warlock,destruction,42,28,14
35258,Ashlÿn,draenor,1952,warlock,destruction,47,31,16
35259,Habdruck,blackmoore,1950,warlock,destruction,104,73,31
35260,Kumamoto,tarren-mill,1950,warlock,destruction,48,32,16
35261,Achluophobiå,ravencrest,1949,warlock,destruction,43,27,16
35262,Tschapatalpi,blackhand,1947,warlock,destruction,70,35,35
35263,Nëismz,hyjal,1944,warlock,destruction,48,28,20
35264,Сильвиос,howling-fjord,1943,warlock,destruction,100,49,51
35265,Logicdotexé,tarren-mill,1940,warlock,destruction,61,39,22
35266,Cujo,draenor,1937,warlock,destruction,84,42,42
35267,Boltilicious,kazzak,1936,warlock,destruction,54,35,19
35268,Ashmodéus,defias-brotherhood,1935,warlock,destruction,53,32,21
35269,Взорг,soulflayer,1931,warlock,destruction,90,49,41
35270,Suprezz,sylvanas,1929,warlock,destruction,60,36,24
35271,Fornaio,nemesis,1927,warlock,destruction,36,24,12
35272,Wester,blackmoore,1926,warlock,destruction,78,40,38
35273,Fîgøk,conseil-des-ombres,1923,warlock,destruction,108,63,45
35274,Garlan,dun-modr,1918,warlock,destruction,202,109,93
35275,Sjödin,tarren-mill,1917,warlock,destruction,30,24,6
35276,Boltzer,archimonde,1916,warlock,destruction,78,46,32
35277,Kuckacocucka,outland,1915,warlock,destruction,65,38,27
35278,Blakstorm,archimonde,1915,warlock,destruction,60,35,25
35279,Smaúg,archimonde,1913,warlock,destruction,87,45,42
35280,Mxdojsrvqxzq,ravencrest,1911,warlock,destruction,77,43,34
35281,Drututt,the-maelstrom,1910,warlock,destruction,54,30,24
35282,Vøid,hellscream,1910,warlock,destruction,53,26,27
35283,Necorinexx,silvermoon,1909,warlock,destruction,30,20,10
35284,Magonyth,ravencrest,1909,warlock,destruction,90,49,41
35285,Djhanzó,outland,1907,warlock,destruction,45,28,17
35286,Lyâ,ravencrest,1905,warlock,destruction,36,23,13
35287,Zoodíac,blackrock,1904,warlock,destruction,48,32,16
35288,Healylockx,stormscale,1904,warlock,destruction,48,28,20
35289,Buâlock,stormscale,1900,warlock,destruction,24,20,4
35290,Dsï,outland,1900,warlock,destruction,59,33,26
35291,Тьмазвёздная,gordunni,1898,warlock,destruction,60,43,17
35292,Laokoon,blackmoore,1897,warlock,destruction,48,33,15
35293,Rúbs,sylvanas,1897,warlock,destruction,102,55,47
35294,Mxxmmllm,kargath,1896,warlock,destruction,101,62,39
35295,Kaktakto,ravencrest,1895,warlock,destruction,54,30,24
35296,Andtheysay,outland,1894,warlock,destruction,170,96,74
35297,Vregor,twisting-nether,1892,warlock,destruction,36,26,10
35298,Twisted,malganis,1891,warlock,destruction,90,51,39
35299,Fearo,kazzak,1888,warlock,destruction,65,38,27
35300,Juhpz,blackrock,1888,warlock,destruction,52,24,28
35301,Veridy,kazzak,1887,warlock,destruction,46,29,17
35302,Feardotbye,stormscale,1886,warlock,destruction,49,30,19
35303,Salvabolter,outland,1885,warlock,destruction,54,34,20
35304,Deßra,stormscale,1885,warlock,destruction,60,33,27
35305,Whøîäm,kazzak,1883,warlock,destruction,42,31,11
35306,Hânex,ravencrest,1883,warlock,destruction,42,28,14
35307,Exitlock,thrall,1882,warlock,destruction,60,35,25
35308,Someonepro,tarren-mill,1882,warlock,destruction,89,41,48
35309,Immaginare,sylvanas,1881,warlock,destruction,90,54,36
35310,Avogeiñ,tarren-mill,1881,warlock,destruction,47,24,23
35311,Mafteryo,blackrock,1880,warlock,destruction,66,37,29
35312,Deadlyrust,ragnaros,1880,warlock,destruction,66,32,34
35313,Henmur,stormscale,1879,warlock,destruction,64,37,27
35314,Carelock,chamber-of-aspects,1878,warlock,destruction,42,28,14
35315,Deathfløw,draenor,1878,warlock,destruction,78,51,27
35316,Eboyclass,twisting-nether,1875,warlock,destruction,33,23,10
35317,Ulora,zirkel-des-cenarius,1875,warlock,destruction,59,33,26
35318,Kitchiarû,uldaman,1874,warlock,destruction,42,27,15
35319,Noomaca,drakthul,1873,warlock,destruction,108,59,49
35320,Ðènnis,tarren-mill,1870,warlock,destruction,42,28,14
35321,Èmøgøðqt,ravencrest,1870,warlock,destruction,54,28,26
35322,Xxjz,ravencrest,1869,warlock,destruction,90,47,43
35323,Dooms,antonidas,1868,warlock,destruction,42,31,11
35324,Dersdog,twisting-nether,1867,warlock,destruction,45,26,19
35325,Аоепампгодх,howling-fjord,1866,warlock,destruction,82,58,24
35326,Rohyna,archimonde,1865,warlock,destruction,36,27,9
35327,Limoges,archimonde,1865,warlock,destruction,35,26,9
35328,Extingul,tarren-mill,1865,warlock,destruction,59,38,21
35329,Èlton,tarren-mill,1864,warlock,destruction,114,67,47
35330,Якурюимнепох,gordunni,1864,warlock,destruction,149,82,67
35331,Spookytouch,draenor,1864,warlock,destruction,94,47,47
35332,Sheitana,ysondre,1863,warlock,destruction,60,39,21
35333,Rokkarn,kazzak,1863,warlock,destruction,48,29,19
35334,Osbaa,darksorrow,1861,warlock,destruction,50,31,19
35335,Phoyk,blackmoore,1859,warlock,destruction,48,29,19
35336,Блейдап,razuvious,1859,warlock,destruction,54,31,23
35337,Sluba,stormscale,1859,warlock,destruction,104,57,47
35338,Drdoit,blackrock,1859,warlock,destruction,60,31,29
35339,Temnamagna,silvermoon,1858,warlock,destruction,41,28,13
35340,Homerbamboom,hyjal,1857,warlock,destruction,41,32,9
35341,Kurono,silvermoon,1857,warlock,destruction,54,31,23
35342,Kayloo,archimonde,1856,warlock,destruction,54,34,20
35343,Zâyo,ravencrest,1856,warlock,destruction,54,31,23
35344,Cmdxo,malganis,1856,warlock,destruction,71,38,33
35345,Hairyporta,blackmoore,1855,warlock,destruction,101,59,42
35346,Djfearbot,kazzak,1854,warlock,destruction,78,49,29
35347,Xunzu,drakthul,1854,warlock,destruction,54,27,27
35348,Darksoll,hyjal,1853,warlock,destruction,41,31,10
35349,Jawoxoxo,rexxar,1852,warlock,destruction,48,20,28
35350,Laolife,twisting-nether,1851,warlock,destruction,66,33,33
35351,Tuplajekku,sylvanas,1851,warlock,destruction,59,29,30
35352,Johnylock,draenor,1850,warlock,destruction,116,71,45
35353,Debbskidjur,tarren-mill,1850,warlock,destruction,85,49,36
35354,Depressedkid,ravencrest,1850,warlock,destruction,60,30,30
35355,Chaoscrit,eredar,1848,warlock,destruction,85,48,37
35356,Themut,draenor,1847,warlock,destruction,76,49,27
35357,Руктал,howling-fjord,1847,warlock,destruction,54,34,20
35358,Кобре,howling-fjord,1847,warlock,destruction,42,26,16
35359,Ayperos,tyrande,1847,warlock,destruction,72,38,34
35360,Шрэкс,blackscar,1846,warlock,destruction,42,22,20
35361,Gorillabolts,tarren-mill,1846,warlock,destruction,48,21,27
35362,Gis,laughing-skull,1843,warlock,destruction,54,31,23
35363,Rumour,sunstrider,1843,warlock,destruction,54,30,24
35364,Dogoon,sylvanas,1842,warlock,destruction,179,100,79
35365,Attilergg,stormscale,1839,warlock,destruction,32,23,9
35366,Ecoxx,aegwynn,1839,warlock,destruction,48,34,14
35367,Fiddyp,kazzak,1839,warlock,destruction,42,28,14
35368,Ñila,ravencrest,1839,warlock,destruction,36,23,13
35369,Ripnsew,ravencrest,1839,warlock,destruction,41,26,15
35370,Syviwl,outland,1839,warlock,destruction,53,30,23
35371,Ceu,tarren-mill,1838,warlock,destruction,99,58,41
35372,Nutyx,twisting-nether,1838,warlock,destruction,78,40,38
35373,Tharaqt,kazzak,1837,warlock,destruction,41,26,15
35374,Zelieknight,ysondre,1837,warlock,destruction,114,68,46
35375,Junakot,silvermoon,1837,warlock,destruction,48,27,21
35376,Dogdrakex,tarren-mill,1837,warlock,destruction,52,28,24
35377,Ispankmysuc,korgall,1836,warlock,destruction,69,42,27
35378,Vultzbolt,draenor,1835,warlock,destruction,117,72,45
35379,Belial,minahonda,1835,warlock,destruction,57,33,24
35380,Гивмисоул,soulflayer,1835,warlock,destruction,54,31,23
35381,Bobop,sanguino,1834,warlock,destruction,106,60,46
35382,Médeâ,ravencrest,1834,warlock,destruction,76,42,34
35383,Kiwibob,defias-brotherhood,1832,warlock,destruction,65,41,24
35384,Ftpete,argent-dawn,1831,warlock,destruction,98,58,40
35385,Lémonz,stormscale,1831,warlock,destruction,52,26,26
35386,Shadöwmäre,draenor,1830,warlock,destruction,54,31,23
35387,Veríty,kazzak,1829,warlock,destruction,30,20,10
35388,Ícekíss,hyjal,1828,warlock,destruction,48,33,15
35389,Lsr,argent-dawn,1828,warlock,destruction,65,35,30
35390,Coilxo,ravencrest,1827,warlock,destruction,52,36,16
35391,Mohihi,ravencrest,1827,warlock,destruction,54,25,29
35392,Brainac,blackrock,1826,warlock,destruction,36,24,12
35393,Plaguee,outland,1826,warlock,destruction,62,37,25
35394,Freddaxd,outland,1825,warlock,destruction,52,33,19
35395,Соргосор,gordunni,1825,warlock,destruction,53,30,23
35396,Saffíe,ravencrest,1825,warlock,destruction,64,36,28
35397,Imforcedtowl,aegwynn,1824,warlock,destruction,42,31,11
35398,Asilock,eredar,1824,warlock,destruction,48,32,16
35399,Worse,kazzak,1823,warlock,destruction,48,29,19
35400,Benne,stormscale,1823,warlock,destruction,42,24,18
35401,Coeurnichon,archimonde,1823,warlock,destruction,58,32,26
35402,Maderto,burning-legion,1823,warlock,destruction,185,101,84
35403,Visceris,ravencrest,1822,warlock,destruction,42,20,22
35404,Killáksi,ravencrest,1821,warlock,destruction,42,26,16
35405,Korupcijax,kazzak,1820,warlock,destruction,36,21,15
35406,Merçedesa,tarren-mill,1820,warlock,destruction,35,20,15
35407,Mocha,ravencrest,1819,warlock,destruction,48,31,17
35408,Reznör,archimonde,1819,warlock,destruction,30,19,11
35409,Incesticide,ragnaros,1819,warlock,destruction,60,37,23
35410,Juppi,blackrock,1819,warlock,destruction,138,82,56
35411,Fizzydark,malganis,1819,warlock,destruction,60,30,30
35412,Ethiq,blackrock,1818,warlock,destruction,30,19,11
35413,Lockróck,silvermoon,1817,warlock,destruction,30,22,8
35414,Jupp,blackrock,1817,warlock,destruction,48,29,19
35415,Srkzlol,durotan,1817,warlock,destruction,66,35,31
35416,Alcringe,kazzak,1816,warlock,destruction,158,90,68
35417,Porchpirate,draenor,1816,warlock,destruction,72,41,31
35418,Schrimz,blackrock,1816,warlock,destruction,54,26,28
35419,Matsuei,tarren-mill,1816,warlock,destruction,48,23,25
35420,Barneyboi,tarren-mill,1815,warlock,destruction,87,59,28
35421,Louloudots,ragnaros,1815,warlock,destruction,36,22,14
35422,Kivilock,dun-modr,1815,warlock,destruction,79,48,31
35423,Vileclass,ravencrest,1815,warlock,destruction,44,26,18
35424,Tehkorrum,archimonde,1815,warlock,destruction,53,30,23
35425,Jappér,silvermoon,1814,warlock,destruction,36,30,6
35426,Olsel,draenor,1814,warlock,destruction,47,30,17
35427,Panda,aegwynn,1814,warlock,destruction,36,22,14
35428,Delumia,tarren-mill,1814,warlock,destruction,108,62,46
35429,Nemwl,draenor,1814,warlock,destruction,66,31,35
35430,Oldasianman,blackrock,1813,warlock,destruction,24,19,5
35431,Kamoriwl,blackhand,1813,warlock,destruction,30,19,11
35432,Nyotu,antonidas,1813,warlock,destruction,42,25,17
35433,Bónz,outland,1813,warlock,destruction,42,25,17
35434,Doodle,the-maelstrom,1813,warlock,destruction,66,38,28
35435,Tbs,blackhand,1813,warlock,destruction,54,25,29
35436,Slytherim,stormscale,1812,warlock,destruction,87,57,30
35437,Todesgurke,alleria,1812,warlock,destruction,36,22,14
35438,Whisperer,defias-brotherhood,1812,warlock,destruction,54,29,25
35439,Neoe,stormscale,1812,warlock,destruction,64,34,30
35440,Linuviel,argent-dawn,1811,warlock,destruction,41,29,12
35441,Bono,frostwhisper,1811,warlock,destruction,86,54,32
35442,Osîrîs,aegwynn,1811,warlock,destruction,66,30,36
35443,Gregwyn,hellscream,1809,warlock,destruction,24,19,5
35444,Makîø,hyjal,1809,warlock,destruction,130,62,68
35445,Davyjonessx,twisting-nether,1809,warlock,destruction,86,35,51
35446,Fiearstyle,tarren-mill,1808,warlock,destruction,30,23,7
35447,Senbolts,tarren-mill,1808,warlock,destruction,42,27,15
35448,Pederpan,stormscale,1808,warlock,destruction,30,19,11
35449,Darkleci,archimonde,1808,warlock,destruction,60,34,26
35450,Purexlock,dragonblight,1807,warlock,destruction,53,34,19
35451,Бауглирх,howling-fjord,1807,warlock,destruction,71,38,33
35452,Raepist,terokkar,1806,warlock,destruction,54,33,21
35453,Titimon,tarren-mill,1806,warlock,destruction,94,52,42
35454,Rûttna,kazzak,1806,warlock,destruction,53,27,26
35455,Pumpelumpe,twisting-nether,1806,warlock,destruction,45,20,25
35456,Yøshinø,wildhammer,1805,warlock,destruction,48,36,12
35457,Lockchonk,kazzak,1805,warlock,destruction,84,52,32
35458,Хауда,gordunni,1805,warlock,destruction,59,35,24
35459,Aniq,eredar,1805,warlock,destruction,54,26,28
35460,Osbaa,bladefist,1804,warlock,destruction,48,31,17
35461,Sïeur,archimonde,1804,warlock,destruction,113,69,44
35462,Bryanz,sanguino,1804,warlock,destruction,46,25,21
35463,Фирбог,soulflayer,1804,warlock,destruction,60,31,29
35464,Klnr,ravencrest,1803,warlock,destruction,32,22,10
35465,Ertogrul,draenor,1802,warlock,destruction,24,19,5
35466,Richerdgir,ravencrest,1802,warlock,destruction,39,25,14
35467,Loel,blackrock,1802,warlock,destruction,36,23,13
35468,Pornhubx,stormscale,1802,warlock,destruction,48,30,18
35469,Pilock,stormscale,1802,warlock,destruction,36,22,14
35470,Avenueat,kazzak,1802,warlock,destruction,45,24,21
35471,Артисона,gordunni,1802,warlock,destruction,48,25,23
35472,Zxò,twisting-nether,1801,warlock,destruction,129,69,60
35473,Skrana,kazzak,1800,warlock,destruction,65,39,26
35474,Ganjubass,tarren-mill,1800,warlock,destruction,85,50,35
35475,Anabolicbaby,draenor,1799,warlock,destruction,30,23,7
35476,Daubi,ravencrest,1796,warlock,destruction,48,28,20
35477,Skillførçé,kazzak,1795,warlock,destruction,36,27,9
35478,Koldarr,blackmoore,1793,warlock,destruction,82,50,32
35479,Bàbyløck,archimonde,1792,warlock,destruction,72,41,31
35480,Robertóó,burning-legion,1792,warlock,destruction,64,34,30
35481,Xiraq,nathrezim,1790,warlock,destruction,36,19,17
35482,Guciflipflop,twisting-nether,1787,warlock,destruction,54,29,25
35483,Nekrosd,tarren-mill,1787,warlock,destruction,132,69,63
35484,Whøknøws,twisting-nether,1786,warlock,destruction,36,25,11
35485,Sad,lightnings-blade,1785,warlock,destruction,48,29,19
35486,Ërîkå,ravencrest,1785,warlock,destruction,99,59,40
35487,Soulboltx,ragnaros,1784,warlock,destruction,48,27,21
35488,Кейкегенкай,gordunni,1783,warlock,destruction,135,72,63
35489,Knoxwhite,stormscale,1781,warlock,destruction,42,28,14
35490,Orgebixx,blackmoore,1781,warlock,destruction,42,26,16
35491,Plâytïmè,stormscale,1780,warlock,destruction,66,30,36
35492,Elyö,dalaran,1778,warlock,destruction,197,96,101
35493,Kikeri,blackhand,1775,warlock,destruction,42,26,16
35494,Diablist,kazzak,1775,warlock,destruction,118,64,54
35495,Conditions,tarren-mill,1775,warlock,destruction,65,30,35
35496,Theronas,tarren-mill,1774,warlock,destruction,48,28,20
35497,Brødo,dun-modr,1774,warlock,destruction,42,24,18
35498,Alxor,archimonde,1774,warlock,destruction,72,40,32
35499,Noobgg,kazzak,1773,warlock,destruction,54,33,21
35500,Tajit,eredar,1773,warlock,destruction,66,32,34
35501,Crse,antonidas,1772,warlock,destruction,79,52,27
35502,Trainindummy,ravencrest,1771,warlock,destruction,71,53,18
35503,Sharhý,kazzak,1770,warlock,destruction,34,21,13
35504,Gjallarbrù,archimonde,1769,warlock,destruction,45,27,18
35505,Demoner,tarren-mill,1769,warlock,destruction,156,90,66
35506,Motcha,kazzak,1769,warlock,destruction,36,20,16
35507,Nybbx,frostmane,1769,warlock,destruction,165,84,81
35508,Onuurbro,kult-der-verdammten,1765,warlock,destruction,42,28,14
35509,Marador,drakthul,1764,warlock,destruction,47,26,21
35510,Olympïe,archimonde,1763,warlock,destruction,70,44,26
35511,Демоник,deathguard,1763,warlock,destruction,42,24,18
35512,Autocannon,stormscale,1763,warlock,destruction,60,32,28
35513,Hebbxw,kazzak,1762,warlock,destruction,78,46,32
35514,Ниезвестнно,soulflayer,1761,warlock,destruction,41,22,19
35515,Tuskawl,stormreaver,1760,warlock,destruction,30,19,11
35516,Бжк,gordunni,1759,warlock,destruction,144,77,67
35517,Zila,sylvanas,1759,warlock,destruction,47,24,23
35518,Khoug,blackmoore,1758,warlock,destruction,48,26,22
35519,Vmorghuliss,sanguino,1757,warlock,destruction,84,38,46
35520,Likeqtz,thrall,1755,warlock,destruction,38,23,15
35521,Mønarch,argent-dawn,1755,warlock,destruction,67,40,27
35522,Ðemonsoul,stormscale,1755,warlock,destruction,204,102,102
35523,Holiax,archimonde,1754,warlock,destruction,36,19,17
35524,Jegfaller,wildhammer,1754,warlock,destruction,206,105,101
35525,Ez,emeriss,1752,warlock,destruction,30,21,9
35526,Testoorc,frostwolf,1750,warlock,destruction,80,46,34
35527,Abbzey,tarren-mill,1750,warlock,destruction,72,38,34
35528,Хирацука,howling-fjord,1749,warlock,destruction,45,31,14
35529,Orcwarlock,khadgar,1749,warlock,destruction,54,32,22
35530,Mércé,stormscale,1748,warlock,destruction,30,22,8
35531,Kalwyn,stormscale,1748,warlock,destruction,30,22,8
35532,Høliax,archimonde,1746,warlock,destruction,36,27,9
35533,Warlockery,argent-dawn,1746,warlock,destruction,60,36,24
35534,Bianchii,stormscale,1743,warlock,destruction,27,20,7
35535,Pixelz,twisting-nether,1743,warlock,destruction,36,19,17
35536,Fearfearfear,archimonde,1743,warlock,destruction,84,41,43
35537,Guldån,twisting-nether,1741,warlock,destruction,42,24,18
35538,Asbest,blackrock,1741,warlock,destruction,60,31,29
35539,Trashløckx,blackrock,1740,warlock,destruction,36,26,10
35540,Limity,nozdormu,1739,warlock,destruction,78,45,33
35541,Ванадий,soulflayer,1739,warlock,destruction,47,23,24
35542,Kalaslars,draenor,1738,warlock,destruction,48,24,24
35543,Wintheirl,argent-dawn,1737,warlock,destruction,112,61,51
35544,Сумракз,soulflayer,1736,warlock,destruction,36,19,17
35545,Fiddlestickz,gilneas,1734,warlock,destruction,48,27,21
35546,Dotalike,kazzak,1734,warlock,destruction,42,22,20
35547,Vankraken,silvermoon,1733,warlock,destruction,30,21,9
35548,Десло,thermaplugg,1731,warlock,destruction,42,25,17
35549,Keybump,outland,1730,warlock,destruction,126,71,55
35550,Upsahl,twisting-nether,1729,warlock,destruction,110,61,49
35551,Isodjdojk,ravencrest,1727,warlock,destruction,24,22,2
35552,Kerway,outland,1727,warlock,destruction,72,39,33
35553,Depressor,ragnaros,1727,warlock,destruction,90,44,46
35554,Кериген,gordunni,1726,warlock,destruction,30,18,12
35555,Ôlo,rajaxx,1726,warlock,destruction,42,25,17
35556,Жизньтлён,gordunni,1726,warlock,destruction,60,35,25
35557,Ghachi,draenor,1726,warlock,destruction,54,27,27
35558,Yukokotier,archimonde,1725,warlock,destruction,120,67,53
35559,Айхопъюдай,blackscar,1724,warlock,destruction,30,18,12
35560,Darlih,ravencrest,1724,warlock,destruction,67,31,36
35561,Senkai,kelthuzad,1723,warlock,destruction,36,24,12
35562,Äåäåäåäåäåäå,ravencrest,1723,warlock,destruction,30,18,12
35563,Fluugew,tarren-mill,1723,warlock,destruction,48,24,24
35564,Lichlolocked,outland,1721,warlock,destruction,72,40,32
35565,Shadowrey,blackrock,1721,warlock,destruction,40,21,19
35566,Killerbolt,blackmoore,1720,warlock,destruction,42,28,14
35567,Uzzi,dun-modr,1720,warlock,destruction,80,46,34
35568,Raverboyy,blackrock,1720,warlock,destruction,42,23,19
35569,Лордандрюха,soulflayer,1719,warlock,destruction,36,23,13
35570,Чудастрх,azuregos,1719,warlock,destruction,30,18,12
35571,Silmerion,twilights-hammer,1719,warlock,destruction,54,32,22
35572,Forcas,archimonde,1718,warlock,destruction,89,54,35
35573,Helldoom,drakthul,1718,warlock,destruction,159,77,82
35574,Rabasta,blackmoore,1717,warlock,destruction,24,18,6
35575,Worgonzolâ,madmortem,1717,warlock,destruction,143,91,52
35576,Acanthis,outland,1717,warlock,destruction,30,18,12
35577,Fyxs,talnivarr,1716,warlock,destruction,24,18,6
35578,Belastiz,blackmoore,1716,warlock,destruction,54,33,21
35579,Öbsury,hyjal,1715,warlock,destruction,49,26,23
35580,Tôpsecret,aegwynn,1714,warlock,destruction,30,24,6
35581,Æhtrex,blackrock,1714,warlock,destruction,56,38,18
35582,Ignittes,ragnaros,1713,warlock,destruction,42,29,13
35583,Reidonk,blackrock,1713,warlock,destruction,30,18,12
35584,Dualla,aegwynn,1712,warlock,destruction,96,52,44
35585,Ilovebronko,blackrock,1712,warlock,destruction,95,51,44
35586,Ràzek,kazzak,1712,warlock,destruction,77,38,39
35587,Soundmagic,silvermoon,1711,warlock,destruction,36,22,14
35588,Wankdiesel,der-rat-von-dalaran,1711,warlock,destruction,132,62,70
35589,Fatburner,draenor,1710,warlock,destruction,42,26,16
35590,Fløkee,blackmoore,1710,warlock,destruction,36,19,17
35591,Shádóws,nagrand,1709,warlock,destruction,101,57,44
35592,Büm,kazzak,1708,warlock,destruction,72,36,36
35593,Fsandtwo,ravencrest,1707,warlock,destruction,36,25,11
35594,Boumbye,ysondre,1707,warlock,destruction,38,23,15
35595,Malame,hyjal,1707,warlock,destruction,72,40,32
35596,Læsy,archimonde,1706,warlock,destruction,24,18,6
35597,Кюратор,howling-fjord,1706,warlock,destruction,42,22,20
35598,Ðôtgøðx,ravencrest,1705,warlock,destruction,48,24,24
35599,Sneptics,draenor,1704,warlock,destruction,121,75,46
35600,Исверон,howling-fjord,1704,warlock,destruction,30,18,12
35601,Nineinchlock,silvermoon,1704,warlock,destruction,42,18,24
35602,Andrewdaniel,twisting-nether,1703,warlock,destruction,48,24,24
35603,Коилсестры,blackscar,1702,warlock,destruction,39,24,15
35604,Isata,ravencrest,1702,warlock,destruction,96,58,38
35605,Omegazero,zuluhed,1701,warlock,destruction,36,18,18
35606,Twork,tarren-mill,1699,warlock,destruction,36,20,16
35607,Tîllz,kargath,1698,warlock,destruction,24,22,2
35608,Kenachaos,twisting-nether,1698,warlock,destruction,119,66,53
35609,Çamille,ulduar,1698,warlock,destruction,69,36,33
35610,Тумнуктхай,gordunni,1697,warlock,destruction,36,23,13
35611,Twiseqtt,stormscale,1697,warlock,destruction,30,18,12
35612,Xfz,stormscale,1697,warlock,destruction,36,20,16
35613,Amited,drakthul,1696,warlock,destruction,54,32,22
35614,Framelock,draenor,1695,warlock,destruction,36,27,9
35615,Limecqt,dun-morogh,1694,warlock,destruction,40,19,21
35616,Morcey,sylvanas,1692,warlock,destruction,47,29,18
35617,Destinyz,dun-modr,1691,warlock,destruction,36,27,9
35618,Marti,blackrock,1691,warlock,destruction,42,27,15
35619,Xarfoul,grim-batol,1691,warlock,destruction,36,22,14
35620,Таксидермия,gordunni,1691,warlock,destruction,49,29,20
35621,Ekispekis,tarren-mill,1690,warlock,destruction,36,22,14
35622,Väladar,sanguino,1690,warlock,destruction,47,23,24
35623,Killning,medivh,1689,warlock,destruction,138,72,66
35624,Kmeta,twilights-hammer,1687,warlock,destruction,42,23,19
35625,Инфезиус,deathweaver,1686,warlock,destruction,30,18,12
35626,Véstheim,saurfang,1685,warlock,destruction,48,29,19
35627,Krestox,blackmoore,1684,warlock,destruction,77,44,33
35628,Opiumers,kazzak,1684,warlock,destruction,107,55,52
35629,Fredé,kazzak,1684,warlock,destruction,47,24,23
35630,Wewondak,drakthul,1683,warlock,destruction,148,82,66
35631,Verson,silvermoon,1682,warlock,destruction,66,35,31
35632,Аймох,gordunni,1681,warlock,destruction,36,23,13
35633,Lolock,archimonde,1681,warlock,destruction,32,19,13
35634,Domdon,stormscale,1680,warlock,destruction,36,20,16
35635,Anniefuchsia,ravencrest,1680,warlock,destruction,42,23,19
35636,Røiheenøk,archimonde,1680,warlock,destruction,114,54,60
35637,Doturanal,blackmoore,1678,warlock,destruction,36,20,16
35638,Óop,outland,1678,warlock,destruction,54,28,26
35639,Trîppîn,blackrock,1677,warlock,destruction,30,18,12
35640,Whiteðevil,draenor,1677,warlock,destruction,36,21,15
35641,Morathy,drekthar,1676,warlock,destruction,28,19,9
35642,Acidmvp,ravencrest,1676,warlock,destruction,72,38,34
35643,Danidelarge,aegwynn,1676,warlock,destruction,70,36,34
35644,Uddze,pozzo-delleternità,1676,warlock,destruction,47,23,24
35645,Шедон,soulflayer,1675,warlock,destruction,30,22,8
35646,Deezbolts,kazzak,1675,warlock,destruction,36,22,14
35647,Spectarlock,tarren-mill,1675,warlock,destruction,36,18,18
35648,Nunomendes,archimonde,1674,warlock,destruction,36,21,15
35649,Xuthil,korgall,1674,warlock,destruction,60,33,27
35650,Чупачупакаб,soulflayer,1674,warlock,destruction,47,24,23
35651,Wåfa,kazzak,1673,warlock,destruction,24,18,6
35652,Cencible,twisting-nether,1672,warlock,destruction,90,49,41
35653,Boomsparkle,blackrock,1671,warlock,destruction,36,23,13
35654,Zloezlo,ravencrest,1670,warlock,destruction,96,54,42
35655,Gogonash,ravencrest,1670,warlock,destruction,48,20,28
35656,Колодун,gordunni,1669,warlock,destruction,36,20,16
35657,Xerxeus,drakthul,1668,warlock,destruction,24,22,2
35658,Sargus,drakthul,1668,warlock,destruction,110,50,60
35659,Алистрен,fordragon,1665,warlock,destruction,60,33,27
35660,Shadock,scarshield-legion,1664,warlock,destruction,30,20,10
35661,Wilog,silvermoon,1664,warlock,destruction,33,21,12
35662,Rêctûmsêêkêr,ravencrest,1664,warlock,destruction,36,19,17
35663,Dotshok,aegwynn,1664,warlock,destruction,42,22,20
35664,Watchdots,blackrock,1663,warlock,destruction,42,24,18
35665,Nqa,outland,1663,warlock,destruction,35,18,17
35666,Brútality,nethersturm,1663,warlock,destruction,66,28,38
35667,Aajora,malganis,1662,warlock,destruction,84,53,31
35668,Ragdoll,twisting-nether,1662,warlock,destruction,36,22,14
35669,Danidelarge,kazzak,1662,warlock,destruction,38,23,15
35670,Хастла,ashenvale,1661,warlock,destruction,42,23,19
35671,Oggelock,tarren-mill,1661,warlock,destruction,57,28,29
35672,Беллулар,howling-fjord,1660,warlock,destruction,36,22,14
35673,Rivmuu,argent-dawn,1660,warlock,destruction,94,55,39
35674,Dotsyoudown,kelthuzad,1660,warlock,destruction,85,49,36
35675,Bloodworth,arathor,1660,warlock,destruction,54,28,26
35676,Síggýy,eredar,1659,warlock,destruction,41,21,20
35677,Bh,ragnaros,1656,warlock,destruction,41,26,15
35678,Chaozvx,kazzak,1656,warlock,destruction,71,41,30
35679,Strikeførce,ravencrest,1656,warlock,destruction,59,34,25
35680,Rustos,ravencrest,1654,warlock,destruction,36,21,15
35681,Mallevs,outland,1654,warlock,destruction,72,40,32
35682,Фейкгодх,soulflayer,1654,warlock,destruction,42,22,20
35683,Nijva,silvermoon,1653,warlock,destruction,60,29,31
35684,Magonyth,tarren-mill,1652,warlock,destruction,31,22,9
35685,Deathcoîl,the-maelstrom,1652,warlock,destruction,42,22,20
35686,Despayr,tarren-mill,1652,warlock,destruction,48,24,24
35687,Worro,eredar,1651,warlock,destruction,42,23,19
35688,Koffey,twisting-nether,1650,warlock,destruction,36,25,11
35689,Kaspersdame,ravencrest,1650,warlock,destruction,47,24,23
35690,Profesorr,defias-brotherhood,1650,warlock,destruction,42,21,21
35691,Murdee,kazzak,1650,warlock,destruction,54,22,32
35692,Acilock,outland,1649,warlock,destruction,36,19,17
35693,Psýcholoc,kazzak,1648,warlock,destruction,38,25,13
35694,Jawdrop,blackrock,1648,warlock,destruction,51,31,20
35695,Quarimathras,antonidas,1648,warlock,destruction,54,28,26
35696,Ltheory,aegwynn,1647,warlock,destruction,54,32,22
35697,Nëismz,ravencrest,1646,warlock,destruction,31,18,13
35698,Zekarat,blackrock,1646,warlock,destruction,60,30,30
35699,Armellixd,dun-modr,1646,warlock,destruction,45,22,23
35700,Nøl,sargeras,1645,warlock,destruction,339,172,167
35701,Lugnalennart,tarren-mill,1644,warlock,destruction,78,42,36
35702,Slf,the-maelstrom,1644,warlock,destruction,54,23,31
35703,Cigarrette,draenor,1642,warlock,destruction,42,21,21
35704,Skyamino,hyjal,1641,warlock,destruction,42,27,15
35705,Lovromalt,kazzak,1641,warlock,destruction,48,29,19
35706,Кале,goldrinn,1640,warlock,destruction,60,43,17
35707,Shérlock,ravencrest,1640,warlock,destruction,42,22,20
35708,Døtàndrun,archimonde,1637,warlock,destruction,36,21,15
35709,Mihø,hyjal,1637,warlock,destruction,78,42,36
35710,Shugglock,draenor,1636,warlock,destruction,42,23,19
35711,Nerfmebro,tarren-mill,1635,warlock,destruction,24,19,5
35712,Justfamous,archimonde,1634,warlock,destruction,30,23,7
35713,Elvània,eredar,1633,warlock,destruction,54,31,23
35714,Nitmoredots,dun-modr,1631,warlock,destruction,42,22,20
35715,Funcky,terokkar,1630,warlock,destruction,48,19,29
35716,Kasualdot,stormscale,1629,warlock,destruction,24,17,7
35717,Telodotto,nemesis,1629,warlock,destruction,30,17,13
35718,Raxan,stormscale,1628,warlock,destruction,29,19,10
35719,Порртвейн,howling-fjord,1628,warlock,destruction,29,18,11
35720,Pprwl,tarren-mill,1628,warlock,destruction,90,52,38
35721,Rakshazza,eredar,1628,warlock,destruction,96,52,44
35722,Salvatoríy,outland,1628,warlock,destruction,41,21,20
35723,Lonelock,blackrock,1627,warlock,destruction,45,29,16
35724,Litox,twisting-nether,1627,warlock,destruction,63,32,31
35725,Fandirxd,draenor,1626,warlock,destruction,65,38,27
35726,Áutísm,silvermoon,1626,warlock,destruction,120,64,56
35727,Sleethy,destromath,1626,warlock,destruction,42,20,22
35728,Соикулейн,gordunni,1625,warlock,destruction,29,23,6
35729,Korbendallas,anubarak,1625,warlock,destruction,24,17,7
35730,Dótstuff,draenor,1625,warlock,destruction,30,17,13
35731,Bmblockerina,blackrock,1624,warlock,destruction,54,35,19
35732,Kalagorn,azshara,1623,warlock,destruction,24,17,7
35733,Quickccast,draenor,1623,warlock,destruction,97,58,39
35734,Нгага,howling-fjord,1623,warlock,destruction,166,89,77
35735,Weso,grim-batol,1623,warlock,destruction,55,28,27
35736,Ketamol,ravencrest,1622,warlock,destruction,52,30,22
35737,Isata,blackhand,1622,warlock,destruction,36,20,16
35738,Hongkonger,kazzak,1622,warlock,destruction,194,102,92
35739,Kasztyk,grim-batol,1621,warlock,destruction,47,27,20
35740,Essealaes,stormscale,1621,warlock,destruction,35,18,17
35741,Kìmar,amanthul,1620,warlock,destruction,78,42,36
35742,Wumz,sylvanas,1620,warlock,destruction,47,25,22
35743,Neburlock,dun-modr,1620,warlock,destruction,42,21,21
35744,Beåtrìce,archimonde,1620,warlock,destruction,57,28,29
35745,Shutupkid,ravencrest,1619,warlock,destruction,36,22,14
35746,Reeween,argent-dawn,1619,warlock,destruction,30,18,12
35747,Evylock,draenor,1619,warlock,destruction,30,17,13
35748,Zikozor,ravencrest,1618,warlock,destruction,28,18,10
35749,Willthehoe,alonsus,1618,warlock,destruction,29,18,11
35750,Saloninus,argent-dawn,1618,warlock,destruction,48,27,21
35751,Pöhz,archimonde,1618,warlock,destruction,36,20,16
35752,Börsenborisq,aegwynn,1618,warlock,destruction,35,19,16
35753,Aspass,kazzak,1617,warlock,destruction,83,44,39
35754,Thebigsuck,tarren-mill,1616,warlock,destruction,76,42,34
35755,Nerfbolts,archimonde,1615,warlock,destruction,24,17,7
35756,Rénio,stormrage,1615,warlock,destruction,24,17,7
35757,Laciewaifu,silvermoon,1615,warlock,destruction,36,20,16
35758,Spõk,ysondre,1615,warlock,destruction,161,89,72
35759,Biest,drakthul,1615,warlock,destruction,36,17,19
35760,Neirah,stormscale,1614,warlock,destruction,41,22,19
35761,Azthral,nemesis,1614,warlock,destruction,247,125,122
35762,Jisera,kiljaeden,1614,warlock,destruction,36,17,19
35763,Грань,ashenvale,1613,warlock,destruction,188,104,84
35764,Artys,tarren-mill,1612,warlock,destruction,24,17,7
35765,Gusvitori,sanguino,1612,warlock,destruction,36,20,16
35766,Bonemetz,blackmoore,1612,warlock,destruction,95,52,43
35767,Jûgøbænned,aegwynn,1611,warlock,destruction,33,24,9
35768,Импака,howling-fjord,1611,warlock,destruction,198,106,92
35769,Chaosxd,outland,1609,warlock,destruction,24,17,7
35770,Meatbot,tarren-mill,1609,warlock,destruction,46,31,15
35771,Lockyswag,draenor,1609,warlock,destruction,66,37,29
35772,Badguldan,blackmoore,1609,warlock,destruction,39,20,19
35773,Skrabblel,tarren-mill,1609,warlock,destruction,36,18,18
35774,Fatzké,kargath,1609,warlock,destruction,83,39,44
35775,Boltonez,outland,1609,warlock,destruction,66,29,37
35776,Ryssäbotti,stormscale,1608,warlock,destruction,31,23,8
35777,Esmuel,argent-dawn,1608,warlock,destruction,71,43,28
35778,Spykoosi,stormscale,1608,warlock,destruction,40,24,16
35779,Lockdest,outland,1608,warlock,destruction,35,20,15
35780,Bazoo,nathrezim,1608,warlock,destruction,102,51,51
35781,Селикта,gordunni,1607,warlock,destruction,30,17,13
35782,Letswreck,outland,1607,warlock,destruction,42,22,20
35783,Stromzii,silvermoon,1607,warlock,destruction,108,53,55
35784,Maxlox,tarren-mill,1607,warlock,destruction,35,17,18
35785,Dotsfired,aegwynn,1607,warlock,destruction,60,26,34
35786,Kognah,defias-brotherhood,1606,warlock,destruction,30,21,9
35787,Zoradiale,twisting-nether,1606,warlock,destruction,36,24,12
35788,Мицуру,howling-fjord,1606,warlock,destruction,100,59,41
35789,Ðêmøñîc,ravencrest,1606,warlock,destruction,30,17,13
35790,Ðîâblô,silvermoon,1606,warlock,destruction,41,22,19
35791,Lockukaracha,malganis,1605,warlock,destruction,27,22,5
35792,Zeinth,sanguino,1603,warlock,destruction,36,23,13
35793,Dreamnyâsha,tarren-mill,1603,warlock,destruction,42,19,23
35794,Gishor,burning-legion,1602,warlock,destruction,24,19,5
35795,Imbalockzwei,aegwynn,1602,warlock,destruction,24,17,7
35796,Xtleonidas,uldum,1602,warlock,destruction,78,41,37
35797,Sickening,twilights-hammer,1601,warlock,destruction,55,38,17
35798,Ìzanamí,archimonde,1601,warlock,destruction,48,33,15
35799,Flawzo,blackmoore,1601,warlock,destruction,30,19,11
35800,Skrikipanik,kazzak,1601,warlock,destruction,36,21,15
35801,Sirmic,hyjal,1601,warlock,destruction,72,37,35
35802,Dastey,stormscale,1601,warlock,destruction,36,18,18
35803,Gigachaos,outland,1600,warlock,destruction,59,39,20
35804,Kenthal,nemesis,1599,warlock,destruction,57,28,29
35805,Macchíato,ragnaros,1598,warlock,destruction,42,20,22
35806,Моргоника,howling-fjord,1598,warlock,destruction,72,33,39
35807,Schøkøbasher,blackrock,1596,warlock,destruction,36,20,16
35808,Napoloen,kazzak,1596,warlock,destruction,36,19,17
35809,Nherthul,sanguino,1596,warlock,destruction,174,89,85
35810,Zetsubo,drakthul,1595,warlock,destruction,55,34,21
35811,Edrahil,lordaeron,1595,warlock,destruction,60,33,27
35812,Mizxxta,zuljin,1593,warlock,destruction,29,19,10
35813,Nøxxlock,blackhand,1592,warlock,destruction,82,47,35
35814,Bolt,stormscale,1591,warlock,destruction,82,50,32
35815,Шеизла,borean-tundra,1590,warlock,destruction,60,37,23
35816,Zarastro,sunstrider,1590,warlock,destruction,87,44,43
35817,Героуд,howling-fjord,1587,warlock,destruction,64,41,23
35818,Ajgreedyy,grim-batol,1586,warlock,destruction,30,18,12
35819,Wisdomness,aszune,1586,warlock,destruction,48,25,23
35820,Réxz,ravencrest,1586,warlock,destruction,72,36,36
35821,Dödkärringx,auchindoun,1585,warlock,destruction,30,19,11
35822,Zoh,archimonde,1585,warlock,destruction,66,35,31
35823,Kenjix,blackrock,1584,warlock,destruction,54,23,31
35824,Banishedone,stormreaver,1583,warlock,destruction,92,51,41
35825,Hellguards,silvermoon,1583,warlock,destruction,83,38,45
35826,Aloof,outland,1582,warlock,destruction,201,105,96
35827,Icritmore,stormscale,1582,warlock,destruction,72,37,35
35828,Proßlock,kazzak,1582,warlock,destruction,96,46,50
35829,Oz,uldum,1581,warlock,destruction,78,49,29
35830,Idfearthat,ragnaros,1580,warlock,destruction,48,28,20
35831,Plamena,neptulon,1579,warlock,destruction,43,29,14
35832,Hachishaku,ravencrest,1577,warlock,destruction,36,20,16
35833,Ludé,eredar,1577,warlock,destruction,66,32,34
35834,Htaedfo,tarren-mill,1576,warlock,destruction,102,45,57
35835,Mariahscary,auchindoun,1575,warlock,destruction,36,21,15
35836,Fearlessgødx,ravencrest,1575,warlock,destruction,76,37,39
35837,Muleerox,kazzak,1573,warlock,destruction,30,18,12
35838,Ánárchy,stormscale,1572,warlock,destruction,42,22,20
35839,Nitecro,blackmoore,1571,warlock,destruction,37,22,15
35840,Spoíl,tarren-mill,1571,warlock,destruction,48,27,21
35841,Wryy,nemesis,1568,warlock,destruction,26,18,8
35842,Noahh,kazzak,1567,warlock,destruction,101,60,41
35843,Warlololock,malganis,1567,warlock,destruction,36,19,17
35844,Xenq,ravencrest,1566,warlock,destruction,36,21,15
35845,Fatkkroth,ravencrest,1565,warlock,destruction,49,30,19
35846,Gimlidota,tarren-mill,1565,warlock,destruction,59,35,24
35847,Necrobtch,quelthalas,1564,warlock,destruction,30,19,11
35848,Jetsetmehmet,aegwynn,1564,warlock,destruction,48,20,28
35849,Kerthan,malorne,1563,warlock,destruction,42,29,13
35850,Fluch,area-52,1563,warlock,destruction,48,19,29
35851,Пъё,howling-fjord,1559,warlock,destruction,42,20,22
35852,Иренхх,gordunni,1558,warlock,destruction,42,19,23
35853,Rackare,darksorrow,1556,warlock,destruction,27,19,8
35854,Nerfwarriors,stormscale,1556,warlock,destruction,36,21,15
35855,Britneyfears,burning-legion,1556,warlock,destruction,36,18,18
35856,Balgo,blackmoore,1554,warlock,destruction,48,29,19
35857,Aspas,outland,1554,warlock,destruction,42,23,19
35858,Joemontana,blackrock,1552,warlock,destruction,36,17,19
35859,Päwzy,kazzak,1550,warlock,destruction,48,25,23
35860,Белвет,blackscar,1550,warlock,destruction,51,25,26
35861,Nekros,archimonde,1549,warlock,destruction,42,25,17
35862,Zéphon,blades-edge,1549,warlock,destruction,76,35,41
35863,Chaosboltlol,ravencrest,1547,warlock,destruction,36,22,14
35864,Lysanruth,la-croisade-écarlate,1547,warlock,destruction,96,47,49
35865,Dzey,drakthul,1546,warlock,destruction,63,35,28
35866,Chubson,tarren-mill,1545,warlock,destruction,50,23,27
35867,Chaøs,thrall,1543,warlock,destruction,24,19,5
35868,Gulleigh,draenor,1543,warlock,destruction,40,19,21
35869,Rawsauce,outland,1542,warlock,destruction,20,17,3
35870,Yoplen,drakthul,1537,warlock,destruction,86,48,38
35871,Pipêz,blackmoore,1536,warlock,destruction,71,45,26
35872,Anderxyo,sanguino,1535,warlock,destruction,24,16,8
35873,Faermorn,kazzak,1535,warlock,destruction,24,16,8
35874,Nkwango,blackmoore,1535,warlock,destruction,24,16,8
35875,Tanón,sanguino,1535,warlock,destruction,30,19,11
35876,Nebulus,lightnings-blade,1535,warlock,destruction,56,30,26
35877,Shortyi,thrall,1533,warlock,destruction,24,16,8
35878,Zamahell,marécage-de-zangar,1532,warlock,destruction,24,17,7
35879,Delru,aegwynn,1532,warlock,destruction,24,16,8
35880,Höfmänn,kazzak,1532,warlock,destruction,55,35,20
35881,Debz,twisting-nether,1531,warlock,destruction,25,16,9
35882,Notben,outland,1529,warlock,destruction,18,16,2
35883,Aoea,draenor,1529,warlock,destruction,24,16,8
35884,Felcollíns,ravencrest,1529,warlock,destruction,24,16,8
35885,Chyther,ragnaros,1528,warlock,destruction,42,26,16
35886,Slëydark,sanguino,1528,warlock,destruction,32,17,15
35887,Turbonion,archimonde,1528,warlock,destruction,54,28,26
35888,Маларгас,soulflayer,1527,warlock,destruction,84,48,36
35889,Nospamcliqu,ysondre,1527,warlock,destruction,30,16,14
35890,Husaì,laughing-skull,1526,warlock,destruction,43,32,11
35891,Shaterz,dun-modr,1524,warlock,destruction,18,16,2
35892,Critchlock,tarren-mill,1524,warlock,destruction,29,17,12
35893,Moelock,frostmane,1523,warlock,destruction,105,56,49
35894,Garbageclass,outland,1523,warlock,destruction,30,16,14
35895,Nÿhf,kirin-tor,1523,warlock,destruction,47,21,26
35896,Naemys,archimonde,1522,warlock,destruction,51,34,17
35897,Sadixxqt,ravencrest,1521,warlock,destruction,24,16,8
35898,Bisacodyl,outland,1521,warlock,destruction,101,53,48
35899,Сорзи,thermaplugg,1521,warlock,destruction,41,20,21
35900,Malinki,silvermoon,1521,warlock,destruction,42,20,22
35901,Stepwarlock,kazzak,1521,warlock,destruction,36,16,20
35902,Grôteskûs,tarren-mill,1520,warlock,destruction,54,34,20
35903,Fatbëlly,argent-dawn,1518,warlock,destruction,97,47,50
35904,Salazaros,die-silberne-hand,1517,warlock,destruction,60,33,27
35905,Farlier,draenor,1516,warlock,destruction,89,45,44
35906,Horsewarlock,stormscale,1516,warlock,destruction,71,34,37
35907,Lottopallo,arathor,1514,warlock,destruction,24,16,8
35908,Uneedtherapy,silvermoon,1514,warlock,destruction,30,19,11
35909,Kigro,burning-legion,1514,warlock,destruction,54,25,29
35910,Usianbølts,blackmoore,1513,warlock,destruction,30,16,14
35911,Mellisandre,hellfire,1510,warlock,destruction,42,25,17
35912,Woòkz,argent-dawn,1510,warlock,destruction,77,44,33
35913,Konradcurz,silvermoon,1510,warlock,destruction,36,16,20
35914,Contemtus,frostwhisper,1508,warlock,destruction,24,16,8
35915,Jinxme,tarren-mill,1508,warlock,destruction,83,44,39
35916,Deathscréam,burning-legion,1508,warlock,destruction,84,41,43
35917,Darcîa,destromath,1507,warlock,destruction,30,19,11
35918,Atraped,zuljin,1507,warlock,destruction,84,45,39
35919,Kasuni,sanguino,1507,warlock,destruction,72,30,42
35920,Чернокнжник,soulflayer,1506,warlock,destruction,42,22,20
35921,Sylvxgodx,kazzak,1505,warlock,destruction,54,34,20
35922,Exorbïtant,blackrock,1503,warlock,destruction,124,62,62
35923,Lokibra,antonidas,1501,warlock,destruction,42,27,15
35924,Tzeeñtch,tarren-mill,1501,warlock,destruction,65,31,34
35925,Voidislife,alakir,1499,warlock,destruction,201,104,97
35926,Mazaear,stormscale,1498,warlock,destruction,40,23,17
35927,Stürmer,thrall,1497,warlock,destruction,54,31,23
35928,Lînden,magtheridon,1496,warlock,destruction,30,16,14
35929,Егосяхаос,soulflayer,1496,warlock,destruction,48,25,23
35930,Interceptêr,blackrock,1496,warlock,destruction,36,18,18
35931,Jumbodot,tarren-mill,1493,warlock,destruction,44,23,21
35932,Voltadol,dun-modr,1493,warlock,destruction,120,61,59
35933,Warlocat,the-maelstrom,1493,warlock,destruction,72,34,38
35934,Ноубрейкс,blackscar,1491,warlock,destruction,52,33,19
35935,Ketriicken,argent-dawn,1490,warlock,destruction,78,42,36
35936,Дэнаа,fordragon,1490,warlock,destruction,94,44,50
35937,Chaosprophet,argent-dawn,1489,warlock,destruction,50,28,22
35938,Brokengodx,dun-modr,1489,warlock,destruction,30,16,14
35939,Asmonmald,stormscale,1489,warlock,destruction,136,72,64
35940,Fiveyearque,sylvanas,1489,warlock,destruction,36,16,20
35941,Onetwobolt,archimonde,1487,warlock,destruction,119,61,58
35942,Kamí,sanguino,1487,warlock,destruction,53,24,29
35943,Спаводах,soulflayer,1486,warlock,destruction,23,16,7
35944,Babáyàgá,blackhand,1486,warlock,destruction,54,37,17
35945,Variu,blackhand,1486,warlock,destruction,106,61,45
35946,Зеленаямразь,soulflayer,1486,warlock,destruction,33,16,17
35947,Juïcylucy,kazzak,1484,warlock,destruction,34,21,13
35948,Xârtôr,blackrock,1482,warlock,destruction,170,93,77
35949,Колдунишка,fordragon,1480,warlock,destruction,111,58,53
35950,Articfox,outland,1480,warlock,destruction,83,41,42
35951,Czx,twisting-nether,1479,warlock,destruction,36,22,14
35952,Сайзэр,soulflayer,1479,warlock,destruction,63,31,32
35953,Иванфаков,soulflayer,1475,warlock,destruction,29,17,12
35954,Sertdene,ravencrest,1475,warlock,destruction,42,24,18
35955,Diablotiin,hyjal,1473,warlock,destruction,175,91,84
35956,Samyoung,kazzak,1470,warlock,destruction,60,35,25
35957,Baz,frostmane,1470,warlock,destruction,78,41,37
35958,Бомбшелл,soulflayer,1469,warlock,destruction,38,17,21
35959,Kïng,elune,1467,warlock,destruction,54,27,27
35960,Kartanos,stormscale,1466,warlock,destruction,23,16,7
35961,Magicstick,eredar,1466,warlock,destruction,54,24,30
35962,Robertóoo,burning-legion,1465,warlock,destruction,35,18,17
35963,Helkásh,tarren-mill,1465,warlock,destruction,48,23,25
35964,Jaimê,thrall,1464,warlock,destruction,65,35,30
35965,Адоха,howling-fjord,1464,warlock,destruction,48,25,23
35966,Holaw,tarren-mill,1464,warlock,destruction,84,41,43
35967,Алхун,razuvious,1463,warlock,destruction,30,17,13
35968,Snackstickz,twisting-nether,1461,warlock,destruction,48,25,23
35969,Mvpðøtx,ravencrest,1459,warlock,destruction,34,22,12
35970,Marieejoana,nozdormu,1458,warlock,destruction,42,19,23
35971,Unrealia,hyjal,1457,warlock,destruction,96,50,46
35972,Kaedinx,twisting-nether,1457,warlock,destruction,271,138,133
35973,Zeddy,draenor,1456,warlock,destruction,114,63,51
35974,Nosoulnoprob,sylvanas,1455,warlock,destruction,36,19,17
35975,Aleê,twisting-nether,1454,warlock,destruction,47,23,24
35976,Lockybàlboa,tarren-mill,1453,warlock,destruction,48,29,19
35977,Moonpoxlock,nerathor,1453,warlock,destruction,38,20,18
35978,Славеномен,howling-fjord,1452,warlock,destruction,143,70,73
35979,Lókkíi,silvermoon,1451,warlock,destruction,81,45,36
35980,Nimbin,taerar,1451,warlock,destruction,89,48,41
35981,Shaxlock,draenor,1451,warlock,destruction,82,43,39
35982,Wicherson,burning-legion,1451,warlock,destruction,37,18,19
35983,Blackiouz,stormscale,1449,warlock,destruction,78,32,46
35984,Whitebøy,hyjal,1447,warlock,destruction,27,16,11
35985,Раздирающая,gordunni,1443,warlock,destruction,29,20,9
35986,Birimbau,outland,1442,warlock,destruction,67,32,35
35987,Tóuché,aegwynn,1442,warlock,destruction,54,24,30
35988,Nèrfxløl,ragnaros,1441,warlock,destruction,24,19,5
35989,Trickyy,azjolnerub,1440,warlock,destruction,30,20,10
35990,Dotzéro,ravencrest,1440,warlock,destruction,30,16,14
35991,Dreadnogg,tarren-mill,1440,warlock,destruction,88,46,42
35992,Боуманн,howling-fjord,1439,warlock,destruction,30,15,15
35993,Chromosomex,dentarg,1438,warlock,destruction,18,15,3
35994,Хйу,galakrond,1438,warlock,destruction,24,15,9
35995,Eviil,tarren-mill,1438,warlock,destruction,24,15,9
35996,Enyras,nemesis,1438,warlock,destruction,24,15,9
35997,Envizer,ravencrest,1438,warlock,destruction,24,15,9
35998,Vicktorious,stormscale,1438,warlock,destruction,66,37,29
35999,Ignorantduck,sunstrider,1438,warlock,destruction,51,25,26
36000,Flocca,archimonde,1438,warlock,destruction,35,16,19
36001,Corano,ravencrest,1437,warlock,destruction,18,15,3
36002,Nádjá,ravencrest,1437,warlock,destruction,24,15,9
36003,Ñøêssä,outland,1437,warlock,destruction,24,15,9
36004,Thugsupreme,ravencrest,1437,warlock,destruction,78,41,37
36005,Veoxohr,argent-dawn,1436,warlock,destruction,93,57,36
36006,Sznyes,ragnaros,1435,warlock,destruction,24,15,9
36007,Kiritsugi,aszune,1433,warlock,destruction,51,30,21
36008,Noxsix,gorgonnash,1433,warlock,destruction,54,28,26
36009,Vulluin,blackrock,1433,warlock,destruction,30,15,15
36010,Calli,blackrock,1432,warlock,destruction,22,16,6
36011,Datendariza,kazzak,1432,warlock,destruction,104,53,51
36012,Nedivh,stormscale,1432,warlock,destruction,35,17,18
36013,Slavecry,silvermoon,1430,warlock,destruction,24,15,9
36014,Peardrax,draenor,1430,warlock,destruction,67,34,33
36015,Cørleen,eredar,1430,warlock,destruction,64,23,41
36016,Valcan,ragnaros,1429,warlock,destruction,73,41,32
36017,Kwoh,saurfang,1429,warlock,destruction,30,15,15
36018,Blackwizard,theradras,1428,warlock,destruction,39,21,18
36019,Nerzhull,stormscale,1427,warlock,destruction,121,58,63
36020,Lewdrumpslap,kazzak,1425,warlock,destruction,48,31,17
36021,Shufflous,ghostlands,1424,warlock,destruction,28,16,12
36022,Sesoumaru,azshara,1424,warlock,destruction,42,16,26
36023,Акэти,borean-tundra,1422,warlock,destruction,30,15,15
36024,Satanizm,silvermoon,1422,warlock,destruction,66,32,34
36025,Belnea,draenor,1421,warlock,destruction,24,15,9
36026,Ablas,bladefist,1421,warlock,destruction,118,53,65
36027,Demonkïng,archimonde,1420,warlock,destruction,60,32,28
36028,Сатенекс,soulflayer,1419,warlock,destruction,59,36,23
36029,Kospar,dun-morogh,1417,warlock,destruction,56,32,24
36030,Waandi,ravencrest,1415,warlock,destruction,34,20,14
36031,Wauwish,stormscale,1415,warlock,destruction,41,24,17
36032,Cráxx,onyxia,1415,warlock,destruction,80,41,39
36033,Zebauron,twisting-nether,1415,warlock,destruction,30,15,15
36034,Frilante,terokkar,1410,warlock,destruction,33,24,9
36035,Nibblez,shadowsong,1410,warlock,destruction,61,34,27
36036,Barro,das-syndikat,1410,warlock,destruction,32,17,15
36037,Бирел,soulflayer,1409,warlock,destruction,24,15,9
36038,Azzoaa,defias-brotherhood,1409,warlock,destruction,48,23,25
36039,Falel,das-konsortium,1406,warlock,destruction,18,15,3
36040,Kumas,hyjal,1406,warlock,destruction,30,16,14
36041,Beepbepp,grim-batol,1405,warlock,destruction,31,21,10
36042,Zlohell,drakthul,1405,warlock,destruction,48,30,18
36043,Evaksiá,draenor,1405,warlock,destruction,48,23,25
36044,Enydible,frostmane,1403,warlock,destruction,24,15,9
36045,Proctolock,garona,1403,warlock,destruction,34,20,14
36046,Гупперлок,howling-fjord,1400,warlock,destruction,48,21,27
36047,Faro,trollbane,1398,warlock,destruction,98,42,56
36048,Wedlock,stormscale,1397,warlock,destruction,48,28,20
36049,Моориус,soulflayer,1397,warlock,destruction,30,15,15
36050,Dhraven,thrall,1395,warlock,destruction,96,53,43
36051,Dobonard,sylvanas,1395,warlock,destruction,38,19,19
36052,Lokic,draenor,1394,warlock,destruction,34,15,19
36053,Çhãøsførÿã,blackmoore,1392,warlock,destruction,90,43,47
36054,Blackmagic,stormscale,1392,warlock,destruction,78,36,42
36055,Zollon,norgannon,1389,warlock,destruction,23,17,6
36056,Zivalelia,silvermoon,1389,warlock,destruction,102,49,53
36057,Lynchian,draenor,1387,warlock,destruction,49,26,23
36058,Gehirnwäsche,frostwolf,1385,warlock,destruction,28,18,10
36059,Acrion,blackrock,1385,warlock,destruction,33,16,17
36060,Dracsu,dun-modr,1383,warlock,destruction,49,26,23
36061,Gengada,blackhand,1382,warlock,destruction,36,19,17
36062,Natsume,ragnaros,1382,warlock,destruction,37,17,20
36063,Sublînê,blackmoore,1379,warlock,destruction,87,51,36
36064,Pogrom,burning-legion,1377,warlock,destruction,30,17,13
36065,Kosfáce,tarren-mill,1377,warlock,destruction,77,35,42
36066,Dzimmi,kazzak,1375,warlock,destruction,36,17,19
36067,Вроман,fordragon,1373,warlock,destruction,32,22,10
36068,Smíkz,blackhand,1371,warlock,destruction,23,15,8
36069,Pookabee,ravencrest,1369,warlock,destruction,36,19,17
36070,Sidragasoss,drakthul,1369,warlock,destruction,30,15,15
36071,Qaripidia,ravencrest,1368,warlock,destruction,28,15,13
36072,Holodream,stormreaver,1366,warlock,destruction,48,22,26
36073,Vakgu,blackmoore,1362,warlock,destruction,47,28,19
36074,Sotapen,ragnaros,1361,warlock,destruction,22,16,6
36075,Nyriat,tarren-mill,1361,warlock,destruction,24,16,8
36076,Quasimodó,aegwynn,1361,warlock,destruction,48,29,19
36077,Gricorby,drakthul,1360,warlock,destruction,23,16,7
36078,Lockedaway,ravencrest,1359,warlock,destruction,42,22,20
36079,Кискатёмная,blackscar,1356,warlock,destruction,48,25,23
36080,Islazoldyck,draenor,1356,warlock,destruction,78,33,45
36081,Demoz,sanguino,1354,warlock,destruction,70,40,30
36082,Запрещаю,galakrond,1353,warlock,destruction,36,19,17
36083,Dreamage,exodar,1347,warlock,destruction,42,24,18
36084,Nëismz,azuremyst,1344,warlock,destruction,18,14,4
36085,Dotloca,draenor,1344,warlock,destruction,30,15,15
36086,Zýø,aegwynn,1343,warlock,destruction,18,14,4
36087,Anthraxus,argent-dawn,1343,warlock,destruction,24,14,10
36088,Pelkopeelo,tarren-mill,1343,warlock,destruction,29,15,14
36089,Divvaa,tarren-mill,1343,warlock,destruction,89,44,45
36090,Setyouinfear,ravencrest,1343,warlock,destruction,30,14,16
36091,Инсинирейтх,gordunni,1342,warlock,destruction,18,14,4
36092,Cigänä,archimonde,1342,warlock,destruction,24,14,10
36093,Badapow,stormscale,1342,warlock,destruction,24,14,10
36094,Haltros,stormscale,1341,warlock,destruction,24,14,10
36095,Pommeslock,blackmoore,1341,warlock,destruction,30,15,15
36096,Gorthunz,kazzak,1341,warlock,destruction,30,14,16
36097,Alphå,blackmoore,1340,warlock,destruction,18,14,4
36098,Rensayy,ysondre,1340,warlock,destruction,18,14,4
36099,Visable,kazzak,1340,warlock,destruction,24,14,10
36100,Dimmybyrger,stormreaver,1339,warlock,destruction,30,14,16
36101,Ryurans,cthun,1338,warlock,destruction,98,49,49
36102,Кварий,howling-fjord,1337,warlock,destruction,36,14,22
36103,Plööp,malganis,1335,warlock,destruction,48,26,22
36104,Rúbedo,thrall,1334,warlock,destruction,24,14,10
36105,Anomen,sanguino,1334,warlock,destruction,30,14,16
36106,Boglock,argent-dawn,1333,warlock,destruction,24,14,10
36107,Chroll,nerathor,1329,warlock,destruction,34,23,11
36108,Ínsidióus,tarren-mill,1329,warlock,destruction,24,14,10
36109,Äsmødée,dalaran,1328,warlock,destruction,54,31,23
36110,Fêars,blackrock,1328,warlock,destruction,56,32,24
36111,Nàughty,ragnaros,1328,warlock,destruction,67,28,39
36112,Benzakenta,sylvanas,1327,warlock,destruction,24,14,10
36113,Kaamosliha,frostwhisper,1326,warlock,destruction,31,17,14
36114,Tsumde,dalaran,1326,warlock,destruction,44,24,20
36115,Diåbló,stormscale,1321,warlock,destruction,66,35,31
36116,Mempricious,ravencrest,1318,warlock,destruction,30,14,16
36117,Soulgünter,blackmoore,1317,warlock,destruction,34,23,11
36118,Exitumos,eredar,1316,warlock,destruction,24,14,10
36119,Tuz,blackrock,1316,warlock,destruction,90,40,50
36120,Diablesse,dun-modr,1315,warlock,destruction,47,19,28
36121,Blackjackk,tarren-mill,1315,warlock,destruction,66,26,40
36122,Ghostfiend,tarren-mill,1313,warlock,destruction,21,15,6
36123,Nerokin,blackrock,1313,warlock,destruction,54,37,17
36124,Dìablò,sylvanas,1312,warlock,destruction,54,32,22
36125,Morgan,jaedenar,1312,warlock,destruction,24,14,10
36126,Mýlìfêbélike,kazzak,1311,warlock,destruction,20,15,5
36127,Chram,uldum,1311,warlock,destruction,53,33,20
36128,Chaoxz,outland,1311,warlock,destruction,36,19,17
36129,Starlok,nemesis,1309,warlock,destruction,23,14,9
36130,Somanydots,twisting-nether,1309,warlock,destruction,90,44,46
36131,Rotinhell,kazzak,1309,warlock,destruction,123,57,66
36132,Sinsemilla,turalyon,1305,warlock,destruction,47,24,23
36133,Lokajci,outland,1302,warlock,destruction,37,22,15
36134,Covariance,nemesis,1302,warlock,destruction,36,14,22
36135,Lodem,darksorrow,1298,warlock,destruction,36,15,21
36136,Kïrah,ysondre,1296,warlock,destruction,50,18,32
36137,Dexterr,sylvanas,1295,warlock,destruction,110,55,55
36138,Биохозард,deathguard,1290,warlock,destruction,33,18,15
36139,Skruios,anetheron,1290,warlock,destruction,34,16,18
36140,Azrail,anubarak,1290,warlock,destruction,66,31,35
36141,Galath,wrathbringer,1289,warlock,destruction,64,32,32
36142,Карьерщица,booty-bay,1288,warlock,destruction,55,30,25
36143,Sorxez,thrall,1287,warlock,destruction,42,19,23
36144,Märtas,burning-blade,1283,warlock,destruction,35,14,21
36145,Manhart,burning-legion,1281,warlock,destruction,28,15,13
36146,Unkash,zuljin,1280,warlock,destruction,60,32,28
36147,Sylrathas,burning-legion,1279,warlock,destruction,75,41,34
36148,Docik,kazzak,1279,warlock,destruction,31,15,16
36149,Southylol,stormscale,1278,warlock,destruction,17,14,3
36150,Nopower,dun-morogh,1277,warlock,destruction,35,20,15
36151,Ocaya,kazzak,1275,warlock,destruction,30,16,14
36152,Делегент,deathguard,1272,warlock,destruction,84,34,50
36153,Shinamna,tarren-mill,1270,warlock,destruction,30,15,15
36154,Oloki,kazzak,1269,warlock,destruction,44,24,20
36155,Zacurse,kazzak,1267,warlock,destruction,24,15,9
36156,Zeelotko,drakthul,1265,warlock,destruction,30,15,15
36157,Чиназис,gordunni,1265,warlock,destruction,102,49,53
36158,Sovrìn,blackrock,1264,warlock,destruction,20,14,6
36159,Tabarnak,archimonde,1264,warlock,destruction,30,14,16
36160,Гангстахохо,soulflayer,1263,warlock,destruction,40,16,24
36161,Хиёрис,eversong,1260,warlock,destruction,51,29,22
36162,Üserper,chamber-of-aspects,1259,warlock,destruction,143,64,79
36163,Блэкмайндер,howling-fjord,1257,warlock,destruction,26,16,10
36164,Untactful,tarren-mill,1253,warlock,destruction,53,31,22
36165,Jobbymancer,twisting-nether,1252,warlock,destruction,42,25,17
36166,Askanios,twisting-nether,1252,warlock,destruction,61,34,27
36167,Terris,khaz-modan,1249,warlock,destruction,75,36,39
36168,Kaeb,archimonde,1248,warlock,destruction,18,13,5
36169,Mudwalkin,ravencrest,1248,warlock,destruction,24,13,11
36170,Анрали,deathguard,1247,warlock,destruction,18,13,5
36171,Latia,argent-dawn,1247,warlock,destruction,22,14,8
36172,Flyingjakob,argent-dawn,1247,warlock,destruction,24,13,11
36173,Nyiks,blackhand,1247,warlock,destruction,24,13,11
36174,Dotg,blackrock,1247,warlock,destruction,24,13,11
36175,Kresyda,dun-modr,1247,warlock,destruction,30,13,17
36176,Hellíc,kazzak,1246,warlock,destruction,24,13,11
36177,Парачо,eversong,1246,warlock,destruction,24,13,11
36178,Эннинотбэд,howling-fjord,1246,warlock,destruction,24,13,11
36179,Osyx,ravencrest,1246,warlock,destruction,28,15,13
36180,Lifetapped,tarren-mill,1246,warlock,destruction,30,13,17
36181,Rozibolt,draenor,1245,warlock,destruction,18,13,5
36182,Mobikagodx,drakthul,1245,warlock,destruction,18,13,5
36183,Zuldanius,stormscale,1245,warlock,destruction,24,13,11
36184,Neffy,sinstralis,1245,warlock,destruction,70,30,40
36185,Withered,nagrand,1244,warlock,destruction,18,13,5
36186,Krachol,emeriss,1244,warlock,destruction,24,13,11
36187,Холичорт,howling-fjord,1243,warlock,destruction,24,13,11
36188,Asmodaî,anubarak,1243,warlock,destruction,32,17,15
36189,Ødräcïe,twisting-nether,1243,warlock,destruction,30,13,17
36190,Cajnik,sylvanas,1242,warlock,destruction,24,13,11
36191,Rakoru,blackmoore,1242,warlock,destruction,24,13,11
36192,Filianore,azjolnerub,1242,warlock,destruction,55,25,30
36193,Berkobaggins,ravencrest,1242,warlock,destruction,30,13,17
36194,Wlistoohard,stormscale,1242,warlock,destruction,30,13,17
36195,Salouppio,archimonde,1242,warlock,destruction,30,13,17
36196,Cursecannon,outland,1241,warlock,destruction,18,13,5
36197,Pyroplasmic,tarren-mill,1241,warlock,destruction,59,37,22
36198,Misscringe,silvermoon,1241,warlock,destruction,24,13,11
36199,Drfóx,draenor,1240,warlock,destruction,41,16,25
36200,Boltexpert,twisting-nether,1239,warlock,destruction,24,13,11
36201,Ragequit,xavius,1238,warlock,destruction,24,13,11
36202,Unstablemind,nemesis,1238,warlock,destruction,27,14,13
36203,Кулутха,soulflayer,1237,warlock,destruction,18,13,5
36204,Fynxo,blackmoore,1236,warlock,destruction,18,13,5
36205,Scrim,laughing-skull,1236,warlock,destruction,20,14,6
36206,Jossim,outland,1234,warlock,destruction,54,31,23
36207,Siyruz,eredar,1234,warlock,destruction,24,13,11
36208,Valkiá,earthen-ring,1234,warlock,destruction,30,16,14
36209,Apôpis,archimonde,1233,warlock,destruction,30,17,13
36210,Zhoxx,outland,1233,warlock,destruction,30,13,17
36211,Pensiblesie,runetotem,1232,warlock,destruction,294,142,152
36212,Wurdulock,silvermoon,1231,warlock,destruction,24,13,11
36213,Инсип,blackscar,1230,warlock,destruction,24,14,10
36214,Ayóó,doomhammer,1230,warlock,destruction,101,56,45
36215,Левсекси,eversong,1230,warlock,destruction,27,14,13
36216,Zuyox,silvermoon,1229,warlock,destruction,47,18,29
36217,Rottend,aggra-português,1228,warlock,destruction,81,35,46
36218,Wolferand,argent-dawn,1228,warlock,destruction,42,17,25
36219,Азерок,howling-fjord,1226,warlock,destruction,24,13,11
36220,Гулдас,thermaplugg,1221,warlock,destruction,42,21,21
36221,Drillingsdad,dun-morogh,1220,warlock,destruction,30,14,16
36222,Chickoz,eredar,1219,warlock,destruction,103,54,49
36223,Babayagâ,sanguino,1218,warlock,destruction,24,14,10
36224,Stunspectoo,turalyon,1217,warlock,destruction,24,17,7
36225,Westfaliu,blackhand,1217,warlock,destruction,66,24,42
36226,Borrìs,blackhand,1216,warlock,destruction,142,74,68
36227,Oldemoilépti,hyjal,1216,warlock,destruction,30,14,16
36228,Thorenss,medivh,1215,warlock,destruction,54,25,29
36229,Арцах,soulflayer,1215,warlock,destruction,30,13,17
36230,Эктос,soulflayer,1213,warlock,destruction,18,13,5
36231,Artyrus,burning-legion,1212,warlock,destruction,96,49,47
36232,Guntok,tarren-mill,1211,warlock,destruction,37,22,15
36233,Oxypvp,ravencrest,1207,warlock,destruction,51,19,32
36234,Felbunni,silvermoon,1206,warlock,destruction,57,24,33
36235,Lokko,nemesis,1205,warlock,destruction,42,23,19
36236,Niszoght,dun-modr,1203,warlock,destruction,53,36,17
36237,Kääk,sylvanas,1203,warlock,destruction,45,22,23
36238,Symbiosis,kazzak,1203,warlock,destruction,78,36,42
36239,Chaotìc,nemesis,1201,warlock,destruction,18,13,5
36240,Vegetita,stormscale,1200,warlock,destruction,133,65,68
36241,Pekkoperkele,ravenholdt,1200,warlock,destruction,48,20,28
36242,Demirchayan,twisting-nether,1199,warlock,destruction,42,25,17
36243,Zenondoros,arthas,1195,warlock,destruction,21,13,8
36244,Vulgrim,kirin-tor,1193,warlock,destruction,39,18,21
36245,Hejhana,drakthul,1193,warlock,destruction,48,17,31
36246,Emoriy,blackmoore,1190,warlock,destruction,64,34,30
36247,Corbiejr,tarren-mill,1187,warlock,destruction,50,31,19
36248,Neetlock,suramar,1185,warlock,destruction,30,14,16
36249,Mîjagî,blackhand,1183,warlock,destruction,24,14,10
36250,Nicolino,doomhammer,1179,warlock,destruction,42,23,19
36251,Kaeos,ravencrest,1176,warlock,destruction,24,15,9
36252,Lovrog,twisting-nether,1169,warlock,destruction,21,13,8
36253,Fathernurgle,hellfire,1168,warlock,destruction,47,27,20
36254,Lockteb,tarren-mill,1167,warlock,destruction,23,13,10
36255,Løckwood,blackrock,1166,warlock,destruction,23,14,9
36256,Diseased,darksorrow,1165,warlock,destruction,66,40,26
36257,Kritcheq,alakir,1163,warlock,destruction,89,44,45
36258,Rizzbolt,ravencrest,1161,warlock,destruction,81,37,44
36259,Локкрис,blackscar,1160,warlock,destruction,24,14,10
36260,Saereda,kazzak,1160,warlock,destruction,42,20,22
36261,Lzoo,ravencrest,1152,warlock,destruction,12,12,0
36262,Hulagirl,ravencrest,1152,warlock,destruction,18,12,6
36263,Навидд,howling-fjord,1152,warlock,destruction,18,12,6
36264,Dotjürgen,blackrock,1152,warlock,destruction,18,12,6
36265,Rmpfarmer,kazzak,1152,warlock,destruction,18,12,6
36266,Fearbeachx,ravencrest,1152,warlock,destruction,18,12,6
36267,Teiser,nemesis,1152,warlock,destruction,24,12,12
36268,Ekàti,ravencrest,1152,warlock,destruction,24,12,12
36269,Консидёро,gordunni,1152,warlock,destruction,30,12,18
36270,Badloljk,stormscale,1151,warlock,destruction,18,12,6
36271,Leman,sylvanas,1151,warlock,destruction,18,12,6
36272,Jkz,blackrock,1151,warlock,destruction,21,13,8
36273,Elldialock,draenor,1151,warlock,destruction,24,12,12
36274,Zenii,nemesis,1150,warlock,destruction,18,12,6
36275,Hannahowo,garona,1150,warlock,destruction,18,12,6
36276,Shadeisblack,tarren-mill,1150,warlock,destruction,18,12,6
36277,Kikaikek,stormscale,1150,warlock,destruction,18,12,6
36278,Estefanía,tarren-mill,1150,warlock,destruction,18,12,6
36279,Kyliân,blackmoore,1150,warlock,destruction,24,12,12
36280,Scadar,kazzak,1149,warlock,destruction,18,12,6
36281,Gravedîgger,aggra-português,1149,warlock,destruction,24,12,12
36282,Maikus,stormscale,1148,warlock,destruction,18,12,6
36283,Exiled,dragonblight,1148,warlock,destruction,22,13,9
36284,Favorizlmp,archimonde,1146,warlock,destruction,24,12,12
36285,Puujäbäxd,stormscale,1145,warlock,destruction,30,12,18
36286,Jinxzed,frostwhisper,1143,warlock,destruction,18,12,6
36287,Зажиженный,soulflayer,1142,warlock,destruction,21,12,9
36288,Hipiwl,silvermoon,1142,warlock,destruction,24,12,12
36289,Lobotomic,argent-dawn,1140,warlock,destruction,18,12,6
36290,Parley,frostmane,1138,warlock,destruction,30,12,18
36291,Deruud,defias-brotherhood,1138,warlock,destruction,30,12,18
36292,Скул,soulflayer,1137,warlock,destruction,30,12,18
36293,Féar,doomhammer,1136,warlock,destruction,24,12,12
36294,Pcbbwarlock,sylvanas,1136,warlock,destruction,30,12,18
36295,Cozyboi,thrall,1135,warlock,destruction,26,15,11
36296,Talriun,kazzak,1130,warlock,destruction,32,12,20
36297,Toffifae,argent-dawn,1129,warlock,destruction,18,12,6
36298,Fivestars,tarren-mill,1128,warlock,destruction,28,13,15
36299,Mîtskî,argent-dawn,1125,warlock,destruction,30,14,16
36300,Riitaall,khaz-modan,1125,warlock,destruction,49,18,31
36301,Fromfuneral,anetheron,1123,warlock,destruction,101,58,43
36302,Marann,dun-morogh,1122,warlock,destruction,38,25,13
36303,Shadeshanox,blackmoore,1121,warlock,destruction,18,12,6
36304,Darkà,rexxar,1121,warlock,destruction,24,13,11
36305,Insanely,kazzak,1121,warlock,destruction,63,34,29
36306,Shagrab,nemesis,1119,warlock,destruction,33,17,16
36307,Paranoid,sylvanas,1119,warlock,destruction,24,12,12
36308,Fiddlock,draenor,1117,warlock,destruction,22,13,9
36309,Míkæ,ravencrest,1115,warlock,destruction,30,12,18
36310,Marklock,drakthul,1114,warlock,destruction,14,13,1
36311,Lánfeár,draenor,1114,warlock,destruction,29,12,17
36312,Yhwäch,archimonde,1114,warlock,destruction,30,12,18
36313,Demohoror,stormscale,1113,warlock,destruction,30,12,18
36314,Maxxilla,twisting-nether,1109,warlock,destruction,125,57,68
36315,Règis,antonidas,1102,warlock,destruction,21,13,8
36316,Razek,eredar,1086,warlock,destruction,23,12,11
36317,Buserella,eredar,1085,warlock,destruction,30,12,18
36318,Atruruz,antonidas,1084,warlock,destruction,59,29,30
36319,Oxsen,hyjal,1082,warlock,destruction,30,12,18
36320,Ruul,sanguino,1079,warlock,destruction,50,20,30
36321,Makaspam,stormscale,1074,warlock,destruction,34,12,22
36322,Thicklock,twisting-nether,1071,warlock,destruction,24,12,12
36323,Whitebanshee,turalyon,1069,warlock,destruction,30,18,12
36324,Troyana,chants-éternels,1067,warlock,destruction,26,19,7
36325,Batráz,tarren-mill,1057,warlock,destruction,48,16,32
36326,Redshíne,hyjal,1056,warlock,destruction,12,11,1
36327,Exephia,laughing-skull,1056,warlock,destruction,12,11,1
36328,Bustabrinka,aggra-português,1056,warlock,destruction,12,11,1
36329,Calypso,korgall,1056,warlock,destruction,18,11,7
36330,Fjutta,outland,1056,warlock,destruction,18,11,7
36331,Кремация,blackscar,1056,warlock,destruction,18,11,7
36332,Secretx,kazzak,1056,warlock,destruction,18,11,7
36333,Jadesud,archimonde,1056,warlock,destruction,18,11,7
36334,Oarz,blackrock,1056,warlock,destruction,18,11,7
36335,Sëngir,drakthul,1056,warlock,destruction,24,11,13
36336,Resterx,blackhand,1055,warlock,destruction,12,11,1
36337,Razzalock,eredar,1055,warlock,destruction,18,11,7
36338,Raknoxyeyeye,blackrock,1055,warlock,destruction,18,11,7
36339,Flatwolenzy,blackrock,1055,warlock,destruction,18,11,7
36340,Fulcanelli,sargeras,1055,warlock,destruction,18,11,7
36341,Flockyy,draenor,1055,warlock,destruction,22,12,10
36342,Shena,chogall,1055,warlock,destruction,24,11,13
36343,Dalyvan,blackrock,1055,warlock,destruction,24,11,13
36344,Rotangel,ragnaros,1055,warlock,destruction,24,11,13
36345,Naniika,blackmoore,1054,warlock,destruction,36,24,12
36346,Denasty,nemesis,1054,warlock,destruction,18,11,7
36347,Jørdanna,blackrock,1054,warlock,destruction,18,11,7
36348,Smegwlock,tarren-mill,1054,warlock,destruction,18,11,7
36349,Urururustyle,hyjal,1054,warlock,destruction,24,11,13
36350,Hydrôlîc,blackrock,1054,warlock,destruction,24,11,13
36351,Nàchtt,archimonde,1053,warlock,destruction,18,11,7
36352,Trickslock,kazzak,1053,warlock,destruction,18,11,7
36353,Finsterfluch,conseil-des-ombres,1053,warlock,destruction,24,11,13
36354,Vimb,archimonde,1053,warlock,destruction,24,11,13
36355,Boomlock,dun-morogh,1052,warlock,destruction,18,11,7
36356,Katâra,tarren-mill,1051,warlock,destruction,30,11,19
36357,Peterpaîn,blackmoore,1050,warlock,destruction,22,14,8
36358,Whine,uldum,1050,warlock,destruction,54,24,30
36359,Gâlvâtorix,frostmourne,1050,warlock,destruction,52,23,29
36360,Setta,argent-dawn,1050,warlock,destruction,30,11,19
36361,Gåylørd,ravencrest,1050,warlock,destruction,30,11,19
36362,Bangbrös,stormscale,1049,warlock,destruction,18,11,7
36363,Яжбатько,howling-fjord,1048,warlock,destruction,30,11,19
36364,Yénnéfér,ravencrest,1046,warlock,destruction,33,11,22
36365,Калестонх,soulflayer,1044,warlock,destruction,18,11,7
36366,Patirass,sanguino,1042,warlock,destruction,18,11,7
36367,Surfot,kazzak,1041,warlock,destruction,30,11,19
36368,Orisess,bronze-dragonflight,1036,warlock,destruction,77,40,37
36369,Бигтедок,gordunni,1036,warlock,destruction,129,64,65
36370,Demonoulis,bloodhoof,1026,warlock,destruction,18,11,7
36371,Öyo,outland,1025,warlock,destruction,102,47,55
36372,Гринлайм,howling-fjord,1023,warlock,destruction,21,12,9
36373,Salastro,ragnaros,1022,warlock,destruction,17,11,6
36374,Omnigul,grim-batol,1010,warlock,destruction,36,14,22
36375,Zardøx,khaz-modan,1009,warlock,destruction,18,12,6
36376,Daeyon,ravencrest,1008,warlock,destruction,21,11,10
36377,Онлифан,soulflayer,1006,warlock,destruction,17,11,6
36378,Satyrilian,tarren-mill,1006,warlock,destruction,17,11,6
36379,Jaqqy,blackmoore,1005,warlock,destruction,18,12,6
36380,Babayagaa,drakthul,1002,warlock,destruction,26,11,15
36381,Xoram,kult-der-verdammten,1000,warlock,destruction,18,12,6
36382,Iltharian,die-todeskrallen,1000,warlock,destruction,17,11,6
36383,Alucena,silvermoon,1000,warlock,destruction,28,13,15
36384,Loveløck,blackrock,991,warlock,destruction,29,11,18
36385,Yudy,burning-legion,987,warlock,destruction,20,11,9
36386,Lynchéd,argent-dawn,986,warlock,destruction,17,11,6
36387,Äbsalom,hyjal,973,warlock,destruction,56,30,26
36388,Dubbzy,outland,973,warlock,destruction,26,11,15
36389,Demox,arathor,962,warlock,destruction,26,11,15
36390,Invoke,burning-blade,960,warlock,destruction,12,10,2
36391,Graystache,blackhand,960,warlock,destruction,12,10,2
36392,Nerfmeplz,archimonde,960,warlock,destruction,12,10,2
36393,Slomg,sylvanas,960,warlock,destruction,12,10,2
36394,Jazggzkxx,twisting-nether,960,warlock,destruction,12,10,2
36395,Kozaras,tarren-mill,960,warlock,destruction,12,10,2
36396,Hopéléss,aggra-português,960,warlock,destruction,12,10,2
36397,Veganlifter,ravencrest,960,warlock,destruction,12,10,2
36398,Harefrøken,ravencrest,960,warlock,destruction,12,10,2
36399,Eltharis,burning-legion,960,warlock,destruction,12,10,2
36400,Ñia,ravencrest,960,warlock,destruction,12,10,2
36401,Korialstraz,sylvanas,960,warlock,destruction,12,10,2
36402,Destrolockz,tarren-mill,960,warlock,destruction,16,11,5
36403,Turdy,sylvanas,960,warlock,destruction,18,10,8
36404,Pinacholadá,norgannon,960,warlock,destruction,18,10,8
36405,Trickytée,tarren-mill,960,warlock,destruction,18,10,8
36406,Brodoh,dun-modr,960,warlock,destruction,18,10,8
36407,Adoxilock,twisting-nether,960,warlock,destruction,18,10,8
36408,Balding,blackhand,960,warlock,destruction,18,10,8
36409,Chaotick,burning-legion,960,warlock,destruction,18,10,8
36410,Akumako,stormscale,960,warlock,destruction,18,10,8
36411,Mirenli,kazzak,960,warlock,destruction,18,10,8
36412,Lìmè,silvermoon,960,warlock,destruction,18,10,8
36413,Gödisdëäd,sanguino,960,warlock,destruction,18,10,8
36414,Kyiüû,archimonde,960,warlock,destruction,22,12,10
36415,Flatulenzus,blackrock,960,warlock,destruction,24,10,14
36416,Bailerlock,antonidas,960,warlock,destruction,24,10,14
36417,Deadpapi,outland,959,warlock,destruction,12,10,2
36418,Boterham,kilrogg,959,warlock,destruction,12,10,2
36419,Cringelord,vashj,959,warlock,destruction,12,10,2
36420,Ammilock,aszune,959,warlock,destruction,12,10,2
36421,Zízýéró,sylvanas,959,warlock,destruction,12,10,2
36422,Dotáhoe,twisting-nether,959,warlock,destruction,18,10,8
36423,Kekbólt,twisting-nether,959,warlock,destruction,18,10,8
36424,Bruzzlbube,blackhand,959,warlock,destruction,18,10,8
36425,Alexindorf,silvermoon,959,warlock,destruction,18,10,8
36426,Shóx,blackmoore,959,warlock,destruction,18,10,8
36427,Póssiblyreef,silvermoon,959,warlock,destruction,18,10,8
36428,Chaosborn,ravencrest,959,warlock,destruction,24,10,14
36429,Adipure,blackrock,959,warlock,destruction,24,10,14
36430,Shadaw,kilrogg,958,warlock,destruction,12,10,2
36431,Slâyâ,blackrock,958,warlock,destruction,12,10,2
36432,Kenybalajze,the-maelstrom,958,warlock,destruction,18,10,8
36433,Адво,howling-fjord,958,warlock,destruction,18,10,8
36434,Annihilatîon,aegwynn,958,warlock,destruction,18,10,8
36435,Phît,kilrogg,958,warlock,destruction,18,10,8
36436,Baloc,kirin-tor,957,warlock,destruction,18,10,8
36437,Zöyarüm,outland,957,warlock,destruction,18,10,8
36438,Schmexer,blutkessel,957,warlock,destruction,18,10,8
36439,Tomiaa,burning-legion,957,warlock,destruction,24,10,14
36440,Afflimoomoo,tarren-mill,957,warlock,destruction,30,10,20
36441,Yenéx,blackhand,956,warlock,destruction,26,11,15
36442,Èrmes,eldrethalas,956,warlock,destruction,24,10,14
36443,Absurdd,turalyon,955,warlock,destruction,16,11,5
36444,Vâgg,blackmoore,955,warlock,destruction,24,10,14
36445,Shêrlöck,stormscale,955,warlock,destruction,24,10,14
36446,Thranerm,ravencrest,955,warlock,destruction,24,10,14
36447,Realshady,kazzak,954,warlock,destruction,18,10,8
36448,Chlöê,hyjal,954,warlock,destruction,18,10,8
36449,Gerart,tarren-mill,953,warlock,destruction,18,10,8
36450,Millhaus,gorgonnash,952,warlock,destruction,18,10,8
36451,Scandalfogel,frostmane,952,warlock,destruction,18,10,8
36452,Zøhaz,burning-legion,952,warlock,destruction,30,13,17
36453,Aftxrlife,arathor,951,warlock,destruction,16,11,5
36454,Zow,dun-modr,950,warlock,destruction,24,10,14
36455,Synnox,blackrock,949,warlock,destruction,24,11,13
36456,Fbomber,ravencrest,948,warlock,destruction,12,10,2
36457,Àtreyù,daggerspine,948,warlock,destruction,46,13,33
36458,Крутизол,fordragon,944,warlock,destruction,25,11,14
36459,Xydar,stormscale,941,warlock,destruction,24,10,14
36460,Rüjï,sanguino,938,warlock,destruction,30,10,20
36461,Artannas,elune,937,warlock,destruction,19,13,6
36462,Äzarel,khaz-modan,933,warlock,destruction,12,10,2
36463,Eisenkiefer,thrall,933,warlock,destruction,71,24,47
36464,Racursed,outland,927,warlock,destruction,16,10,6
36465,Oddchap,magtheridon,910,warlock,destruction,41,16,25
36466,Demowlition,archimonde,908,warlock,destruction,24,10,14
36467,Maveri,tarren-mill,903,warlock,destruction,21,10,11
36468,Hamskurken,silvermoon,895,warlock,destruction,16,10,6
36469,Bèkshà,blackrock,894,warlock,destruction,20,10,10
36470,Julsey,kazzak,892,warlock,destruction,11,10,1
36471,Buddyparty,blackrock,892,warlock,destruction,14,10,4
36472,Felcollins,sylvanas,892,warlock,destruction,20,10,10
36473,Arlu,blackrock,891,warlock,destruction,36,16,20
36474,Predlocktwo,twisting-nether,864,warlock,destruction,12,9,3
36475,Fakegodx,ravencrest,864,warlock,destruction,12,9,3
36476,Веномхх,lich-king,864,warlock,destruction,12,9,3
36477,Letmecast,sylvanas,864,warlock,destruction,12,9,3
36478,Reizouka,twisting-nether,864,warlock,destruction,12,9,3
36479,Tessalizz,aegwynn,864,warlock,destruction,12,9,3
36480,Инкубычь,gordunni,864,warlock,destruction,12,9,3
36481,Qwyncess,archimonde,864,warlock,destruction,12,9,3
36482,Boltmaster,burning-legion,864,warlock,destruction,12,9,3
36483,Elmáestro,aegwynn,864,warlock,destruction,12,9,3
36484,Hømïcîðæl,ravencrest,864,warlock,destruction,12,9,3
36485,Märkähuikka,stormreaver,864,warlock,destruction,12,9,3
36486,Chàsx,archimonde,864,warlock,destruction,12,9,3
36487,Надсх,soulflayer,864,warlock,destruction,12,9,3
36488,Vamanos,stormscale,864,warlock,destruction,12,9,3
36489,Darkwíngduck,aegwynn,864,warlock,destruction,12,9,3
36490,Araqt,thrall,864,warlock,destruction,12,9,3
36491,Øßey,magtheridon,864,warlock,destruction,12,9,3
36492,Howtofake,doomhammer,864,warlock,destruction,12,9,3
36493,Lcollector,outland,864,warlock,destruction,12,9,3
36494,Ìambottger,silvermoon,864,warlock,destruction,12,9,3
36495,Габана,gordunni,864,warlock,destruction,12,9,3
36496,Ironserious,blackrock,864,warlock,destruction,12,9,3
36497,Dst,ravencrest,864,warlock,destruction,12,9,3
36498,Ghastlyy,aggra-português,864,warlock,destruction,12,9,3
36499,Peon,blackrock,864,warlock,destruction,12,9,3
36500,Mïllâïneeqtx,archimonde,864,warlock,destruction,12,9,3
36501,Aggressivé,twisting-nether,864,warlock,destruction,17,9,8
36502,Potatowl,ragnaros,864,warlock,destruction,18,9,9
36503,Bionic,eredar,864,warlock,destruction,18,9,9
36504,Чернокок,blackscar,864,warlock,destruction,18,9,9
36505,Southylolz,stormscale,864,warlock,destruction,18,9,9
36506,Joleptem,outland,864,warlock,destruction,18,9,9
36507,Gulzot,turalyon,864,warlock,destruction,18,9,9
36508,Plocke,aegwynn,864,warlock,destruction,18,9,9
36509,Fearfearfear,blackhand,864,warlock,destruction,18,9,9
36510,Köftemec,blackrock,864,warlock,destruction,18,9,9
36511,Doomwrath,tarren-mill,864,warlock,destruction,18,9,9
36512,Stopdaddyplz,ravencrest,864,warlock,destruction,18,9,9
36513,Hardnes,kazzak,864,warlock,destruction,24,9,15
36514,Cruckz,nathrezim,863,warlock,destruction,12,9,3
36515,Cørpse,burning-legion,863,warlock,destruction,12,9,3
36516,Phicon,silvermoon,863,warlock,destruction,12,9,3
36517,Zelyx,archimonde,863,warlock,destruction,12,9,3
36518,Voukserys,tarren-mill,863,warlock,destruction,12,9,3
36519,Narzok,kazzak,863,warlock,destruction,12,9,3
36520,Sneps,azshara,863,warlock,destruction,12,9,3
36521,Höglund,twisting-nether,863,warlock,destruction,12,9,3
36522,Elerodril,ysondre,863,warlock,destruction,12,9,3
36523,Mooncrushed,stormscale,863,warlock,destruction,12,9,3
36524,Lyconidas,magtheridon,863,warlock,destruction,12,9,3
36525,Муза,gordunni,863,warlock,destruction,12,9,3
36526,Pelea,silvermoon,863,warlock,destruction,18,9,9
36527,Marenov,kazzak,863,warlock,destruction,18,9,9
36528,Гвоздяшка,blackscar,863,warlock,destruction,18,9,9
36529,Keibo,drakthul,863,warlock,destruction,18,9,9
36530,Burningdemon,kazzak,863,warlock,destruction,18,9,9
36531,Andrealphus,outland,863,warlock,destruction,18,9,9
36532,Nazrõth,stormscale,863,warlock,destruction,18,9,9
36533,Brugo,zuljin,863,warlock,destruction,18,9,9
36534,Drakedoge,draenor,863,warlock,destruction,18,9,9
36535,Törtidotcom,blackrock,863,warlock,destruction,18,9,9
36536,Getfeared,draenor,863,warlock,destruction,24,9,15
36537,Miltuast,blackrock,862,warlock,destruction,12,9,3
36538,Woudstok,ysondre,862,warlock,destruction,12,9,3
36539,Bíggun,outland,862,warlock,destruction,12,9,3
36540,Nokickplz,nemesis,862,warlock,destruction,18,9,9
36541,Банкапевка,howling-fjord,862,warlock,destruction,18,9,9
36542,Otemlock,sanguino,862,warlock,destruction,18,9,9
36543,Janemba,ysondre,862,warlock,destruction,18,9,9
36544,Kvanmor,kaelthas,862,warlock,destruction,24,9,15
36545,Xhartus,argent-dawn,860,warlock,destruction,18,9,9
36546,Arnoediad,twisting-nether,860,warlock,destruction,18,9,9
36547,Noctiz,pozzo-delleternità,860,warlock,destruction,19,9,10
36548,Adafbhf,tichondrius,859,warlock,destruction,18,9,9
36549,Íntikam,blackrock,858,warlock,destruction,18,9,9
36550,Gillgarres,twisting-nether,858,warlock,destruction,24,9,15
36551,Soultwist,twisting-nether,858,warlock,destruction,24,9,15
36552,Castingsmth,draenor,855,warlock,destruction,15,11,4
36553,Kharzug,alakir,854,warlock,destruction,21,10,11
36554,Solomohn,steamwheedle-cartel,853,warlock,destruction,12,9,3
36555,Modzal,kazzak,853,warlock,destruction,18,9,9
36556,Ternisia,draenor,846,warlock,destruction,20,10,10
36557,Геролин,goldrinn,837,warlock,destruction,37,13,24
36558,Fêâr,dun-modr,832,warlock,destruction,10,10,0
36559,Архидрако,gordunni,832,warlock,destruction,24,9,15
36560,Epzi,outland,831,warlock,destruction,17,9,8
36561,Fearing,malganis,831,warlock,destruction,23,9,14
36562,Tid,burning-legion,830,warlock,destruction,17,9,8
36563,Zengrow,ravencrest,815,warlock,destruction,15,10,5
36564,Indynamo,blackrock,815,warlock,destruction,17,9,8
36565,Shakuroz,frostwolf,815,warlock,destruction,27,10,17
36566,Narkstzhki,kazzak,814,warlock,destruction,14,10,4
36567,Xshay,dun-modr,814,warlock,destruction,27,10,17
36568,Вешка,azuregos,811,warlock,destruction,15,9,6
36569,Merloc,magtheridon,801,warlock,destruction,20,10,10
36570,Nephystø,archimonde,768,warlock,destruction,12,8,4
36571,Миражлок,gordunni,768,warlock,destruction,12,8,4
36572,Psychoduck,stormscale,768,warlock,destruction,12,8,4
36573,Detoxa,outland,768,warlock,destruction,12,8,4
36574,Wårlørd,ragnaros,768,warlock,destruction,12,8,4
36575,Dadylock,silvermoon,768,warlock,destruction,12,8,4
36576,Freshademic,tarren-mill,768,warlock,destruction,12,8,4
36577,Dejin,tarren-mill,768,warlock,destruction,12,8,4
36578,Квейдсан,howling-fjord,768,warlock,destruction,12,8,4
36579,Sizexl,silvermoon,768,warlock,destruction,12,8,4
36580,Oldasiangirl,blackrock,768,warlock,destruction,12,8,4
36581,Fearu,kazzak,768,warlock,destruction,12,8,4
36582,Overbuffed,wildhammer,768,warlock,destruction,12,8,4
36583,Thesnakë,ravencrest,768,warlock,destruction,12,8,4
36584,Brodir,aszune,768,warlock,destruction,12,8,4
36585,Dmonlock,hyjal,768,warlock,destruction,12,8,4
36586,Boltgodx,thrall,768,warlock,destruction,12,8,4
36587,Némésiø,archimonde,768,warlock,destruction,12,8,4
36588,Dotbotx,grim-batol,768,warlock,destruction,12,8,4
36589,Imissbfa,stormscale,768,warlock,destruction,12,8,4
36590,Crunel,ragnaros,768,warlock,destruction,12,8,4
36591,Gambos,kazzak,768,warlock,destruction,12,8,4
36592,Boccebelle,pozzo-delleternità,768,warlock,destruction,12,8,4
36593,Кром,howling-fjord,768,warlock,destruction,12,8,4
36594,Wìtçhßlåðes,ysondre,768,warlock,destruction,12,8,4
36595,Youngtyrant,blackrock,768,warlock,destruction,12,8,4
36596,Trembly,alakir,768,warlock,destruction,12,8,4
36597,Firecast,kazzak,768,warlock,destruction,12,8,4
36598,Nodavé,stormscale,768,warlock,destruction,12,8,4
36599,Sniffy,stormreaver,768,warlock,destruction,12,8,4
36600,Supermaus,blackrock,768,warlock,destruction,12,8,4
36601,Vezmollo,stormscale,768,warlock,destruction,12,8,4
36602,Dbwl,kazzak,768,warlock,destruction,12,8,4
36603,Onono,eredar,768,warlock,destruction,12,8,4
36604,Fearoclock,nemesis,768,warlock,destruction,18,8,10
36605,Horststenzl,blackrock,768,warlock,destruction,18,8,10
36606,Dirtyjoe,doomhammer,768,warlock,destruction,18,8,10
36607,Odenbest,silvermoon,768,warlock,destruction,18,8,10
36608,ßenäfflock,ragnaros,768,warlock,destruction,18,8,10
36609,Loulou,nagrand,768,warlock,destruction,18,8,10
36610,Helvetica,darksorrow,768,warlock,destruction,18,8,10
36611,Hexdoctor,ravencrest,768,warlock,destruction,24,8,16
36612,Ammathrel,moonglade,767,warlock,destruction,12,8,4
36613,Gimmê,dun-morogh,767,warlock,destruction,12,8,4
36614,Wushi,aggra-português,767,warlock,destruction,12,8,4
36615,Fearster,twisting-nether,767,warlock,destruction,12,8,4
36616,Sopingsop,chants-éternels,767,warlock,destruction,12,8,4
36617,Shadowburst,outland,767,warlock,destruction,12,8,4
36618,Nili,dethecus,767,warlock,destruction,12,8,4
36619,Palatical,terokkar,767,warlock,destruction,12,8,4
36620,Яичнаялапша,soulflayer,767,warlock,destruction,12,8,4
36621,Ромзесхх,howling-fjord,767,warlock,destruction,12,8,4
36622,Warlockholms,archimonde,767,warlock,destruction,12,8,4
36623,Экспло,ashenvale,767,warlock,destruction,12,8,4
36624,Eotlid,shattered-hand,767,warlock,destruction,12,8,4
36625,Allêgrâ,blackrock,767,warlock,destruction,12,8,4
36626,Goodclass,tarren-mill,767,warlock,destruction,12,8,4
36627,Lorelèi,silvermoon,767,warlock,destruction,12,8,4
36628,Ragïa,archimonde,767,warlock,destruction,12,8,4
36629,Redroach,doomhammer,767,warlock,destruction,12,8,4
36630,Finlock,kult-der-verdammten,767,warlock,destruction,15,9,6
36631,Kromosonen,ravencrest,767,warlock,destruction,18,8,10
36632,Chochliko,silvermoon,767,warlock,destruction,18,8,10
36633,Микурочка,gordunni,767,warlock,destruction,18,8,10
36634,Hell,twisting-nether,767,warlock,destruction,18,8,10
36635,Hokmor,blutkessel,767,warlock,destruction,18,8,10
36636,Wichtl,die-ewige-wacht,767,warlock,destruction,18,8,10
36637,Donmajor,amanthul,767,warlock,destruction,24,8,16
36638,Ädarä,cthun,766,warlock,destruction,12,8,4
36639,Puppylover,outland,766,warlock,destruction,12,8,4
36640,Antoniolm,cthun,766,warlock,destruction,16,9,7
36641,Backdrip,ragnaros,766,warlock,destruction,18,8,10
36642,Mavelya,blackmoore,766,warlock,destruction,24,8,16
36643,Drestan,twisting-nether,765,warlock,destruction,18,8,10
36644,Ezekîél,blackhand,764,warlock,destruction,24,8,16
36645,Тарналор,gordunni,763,warlock,destruction,18,8,10
36646,Staynecro,malfurion,763,warlock,destruction,18,8,10
36647,Юникна,gordunni,763,warlock,destruction,24,8,16
36648,Nava,stormscale,760,warlock,destruction,22,9,13
36649,Oonz,sylvanas,759,warlock,destruction,24,8,16
36650,Shutdown,sylvanas,756,warlock,destruction,18,8,10
36651,Shaodul,stormscale,735,warlock,destruction,17,8,9
36652,Mty,bronze-dragonflight,734,warlock,destruction,17,8,9
36653,Salvatoriy,outland,719,warlock,destruction,11,8,3
36654,Warlocklordx,ravencrest,713,warlock,destruction,22,9,13
36655,Amyw,magtheridon,712,warlock,destruction,20,9,11
36656,Джастсак,gordunni,703,warlock,destruction,11,8,3
36657,Rikta,stormscale,703,warlock,destruction,11,8,3
36658,Kycknosa,archimonde,703,warlock,destruction,20,8,12
36659,Dotrulez,nemesis,688,warlock,destruction,13,8,5
36660,Verixdots,antonidas,672,warlock,destruction,12,7,5
36661,Psykøø,shendralar,672,warlock,destruction,12,7,5
36662,Anicetuslol,lightnings-blade,672,warlock,destruction,12,7,5
36663,Aoeenjoer,tarren-mill,672,warlock,destruction,12,7,5
36664,Xoraith,runetotem,672,warlock,destruction,12,7,5
36665,Wacastwo,tarren-mill,672,warlock,destruction,12,7,5
36666,Xjay,malorne,672,warlock,destruction,12,7,5
36667,Qumbaja,alleria,672,warlock,destruction,12,7,5
36668,Chapo,alleria,672,warlock,destruction,12,7,5
36669,Filippö,eredar,672,warlock,destruction,12,7,5
36670,Exhäle,archimonde,672,warlock,destruction,12,7,5
36671,Numwiki,draenor,672,warlock,destruction,12,7,5
36672,Nobodyknows,outland,672,warlock,destruction,12,7,5
36673,Nicodemo,tarren-mill,672,warlock,destruction,12,7,5
36674,Simony,ravencrest,672,warlock,destruction,12,7,5
36675,Aljohno,twisting-nether,672,warlock,destruction,12,7,5
36676,Мэрджис,soulflayer,672,warlock,destruction,12,7,5
36677,Незерлок,soulflayer,672,warlock,destruction,12,7,5
36678,Vilenia,doomhammer,672,warlock,destruction,12,7,5
36679,Altffeer,blackmoore,672,warlock,destruction,12,7,5
36680,Матрикспз,soulflayer,672,warlock,destruction,12,7,5
36681,Mowxll,blackrock,672,warlock,destruction,12,7,5
36682,Анкхзул,howling-fjord,672,warlock,destruction,12,7,5
36683,Aunsá,archimonde,672,warlock,destruction,12,7,5
36684,Lúcìfér,stormscale,672,warlock,destruction,12,7,5
36685,Precogbtw,ravencrest,672,warlock,destruction,12,7,5
36686,Midnigthh,sanguino,672,warlock,destruction,12,7,5
36687,Тарои,howling-fjord,672,warlock,destruction,12,7,5
36688,Slipx,aegwynn,672,warlock,destruction,12,7,5
36689,Entropyboost,stormscale,672,warlock,destruction,12,7,5
36690,Scud,frostwolf,672,warlock,destruction,12,7,5
36691,Bladey,ragnaros,672,warlock,destruction,12,7,5
36692,Sneltjej,draenor,672,warlock,destruction,12,7,5
36693,Abdulrahim,archimonde,672,warlock,destruction,12,7,5
36694,Çüñ,shattered-hand,672,warlock,destruction,12,7,5
36695,Ronniee,moonglade,672,warlock,destruction,12,7,5
36696,Fellord,chants-éternels,672,warlock,destruction,12,7,5
36697,Dobromír,kazzak,672,warlock,destruction,12,7,5
36698,Inflicts,frostmane,672,warlock,destruction,12,7,5
36699,Fraky,frostwhisper,672,warlock,destruction,12,7,5
36700,Cursedotexe,ragnaros,672,warlock,destruction,18,7,11
36701,Локизло,gordunni,672,warlock,destruction,18,7,11
36702,Mocfernando,ravencrest,672,warlock,destruction,18,7,11
36703,Mewarlock,bronze-dragonflight,672,warlock,destruction,18,7,11
36704,Belakh,draenor,672,warlock,destruction,18,7,11
36705,Hædês,antonidas,672,warlock,destruction,18,7,11
36706,Topmodelx,eredar,672,warlock,destruction,18,7,11
36707,Chromagnus,drakthul,672,warlock,destruction,18,7,11
36708,Banelock,dentarg,672,warlock,destruction,18,7,11
36709,Britnèyfears,twisting-nether,672,warlock,destruction,18,7,11
36710,Milfhaunter,aegwynn,672,warlock,destruction,18,7,11
36711,Haccu,ragnaros,672,warlock,destruction,18,7,11
36712,Valthorion,arthas,672,warlock,destruction,18,7,11
36713,Kar,haomarush,672,warlock,destruction,18,7,11
36714,Marripa,sanguino,672,warlock,destruction,24,7,17
36715,Barbyqueue,kazzak,671,warlock,destruction,10,8,2
36716,Xlara,argent-dawn,671,warlock,destruction,12,7,5
36717,Mystereo,bloodscalp,671,warlock,destruction,12,7,5
36718,Afflicted,trollbane,671,warlock,destruction,12,7,5
36719,Cømps,blackrock,671,warlock,destruction,12,7,5
36720,Zillinzy,frostmane,671,warlock,destruction,12,7,5
36721,Trivalis,frostwolf,671,warlock,destruction,12,7,5
36722,Zaruman,turalyon,671,warlock,destruction,12,7,5
36723,Fauxshow,ravencrest,671,warlock,destruction,12,7,5
36724,Yôi,nemesis,671,warlock,destruction,12,7,5
36725,Panicbolt,ravencrest,671,warlock,destruction,12,7,5
36726,Talindra,stormscale,671,warlock,destruction,12,7,5
36727,Jillyãen,hyjal,671,warlock,destruction,12,7,5
36728,Postymalony,kazzak,671,warlock,destruction,12,7,5
36729,Cahetel,nemesis,671,warlock,destruction,12,7,5
36730,Galardodric,outland,671,warlock,destruction,12,7,5
36731,Saadq,draenor,671,warlock,destruction,12,7,5
36732,Proflock,drakthul,671,warlock,destruction,12,7,5
36733,Gigabolt,turalyon,671,warlock,destruction,12,7,5
36734,Jimbrown,eredar,671,warlock,destruction,12,7,5
36735,Baladas,nemesis,671,warlock,destruction,12,7,5
36736,Vengidotcom,outland,671,warlock,destruction,18,7,11
36737,Margincalled,kazzak,671,warlock,destruction,18,7,11
36738,Cancerdotcom,kazzak,671,warlock,destruction,18,7,11
36739,Enragelock,tarren-mill,671,warlock,destruction,18,7,11
36740,Гнумосятина,booty-bay,671,warlock,destruction,18,7,11
36741,Eriken,tarren-mill,671,warlock,destruction,24,7,17
36742,Verderbnis,malganis,670,warlock,destruction,12,7,5
36743,Drthc,kazzak,670,warlock,destruction,12,7,5
36744,Нафлэпил,gordunni,670,warlock,destruction,12,7,5
36745,Qloss,burning-legion,670,warlock,destruction,12,7,5
36746,Зародыш,razuvious,670,warlock,destruction,18,7,11
36747,Necrolock,tarren-mill,669,warlock,destruction,18,7,11
36748,Samigina,argent-dawn,669,warlock,destruction,24,7,17
36749,Sheshii,argent-dawn,669,warlock,destruction,24,7,17
36750,Mortori,tarren-mill,668,warlock,destruction,12,7,5
36751,Мракодел,deathguard,668,warlock,destruction,18,7,11
36752,Buzztoon,doomhammer,668,warlock,destruction,24,7,17
36753,Vladlevad,argent-dawn,667,warlock,destruction,12,7,5
36754,Johntrabolta,chogall,667,warlock,destruction,12,7,5
36755,Ахпорбес,gordunni,661,warlock,destruction,12,7,5
36756,Destri,blackmoore,660,warlock,destruction,12,7,5
36757,Aurelíá,ravencrest,654,warlock,destruction,17,7,10
36758,Cronice,ravencrest,639,warlock,destruction,14,8,6
36759,Lokelicious,ragnaros,639,warlock,destruction,17,7,10
36760,Alsseharr,blackhand,623,warlock,destruction,11,7,4
36761,Kaijim,aegwynn,622,warlock,destruction,11,7,4
36762,Garimberas,silvermoon,618,warlock,destruction,20,8,12
36763,Tydra,die-aldor,618,warlock,destruction,20,8,12
36764,Érunali,archimonde,607,warlock,destruction,11,7,4
36765,Krokator,draenor,605,warlock,destruction,11,7,4
36766,Esthrella,thrall,584,warlock,destruction,13,7,6
36767,Sulnar,burning-legion,576,warlock,destruction,6,6,0
36768,Phobilock,guldan,576,warlock,destruction,6,6,0
36769,Catchlock,tarren-mill,576,warlock,destruction,6,6,0
36770,Sinofbum,stormscale,576,warlock,destruction,6,6,0
36771,Jinckslock,anachronos,576,warlock,destruction,6,6,0
36772,Greeylock,blackhand,576,warlock,destruction,6,6,0
36773,Agonymaster,twisting-nether,576,warlock,destruction,6,6,0
36774,Bedep,sanguino,576,warlock,destruction,6,6,0
36775,Luwuock,twisting-nether,576,warlock,destruction,6,6,0
36776,Hibachi,twisting-nether,576,warlock,destruction,6,6,0
36777,Popecandy,archimonde,576,warlock,destruction,6,6,0
36778,Smileyfacè,silvermoon,576,warlock,destruction,6,6,0
36779,Demonqueens,kazzak,576,warlock,destruction,6,6,0
36780,Søulcä,uldum,576,warlock,destruction,6,6,0
36781,Whaii,ravencrest,576,warlock,destruction,6,6,0
36782,Skuvee,archimonde,576,warlock,destruction,6,6,0
36783,Cafardcancer,archimonde,576,warlock,destruction,6,6,0
36784,Ceryss,argent-dawn,576,warlock,destruction,6,6,0
36785,Happsõr,eredar,576,warlock,destruction,6,6,0
36786,Solosuperr,ravencrest,576,warlock,destruction,6,6,0
36787,Yamadea,stormscale,576,warlock,destruction,6,6,0
36788,Peacedust,grim-batol,576,warlock,destruction,6,6,0
36789,Простишуткаь,gordunni,576,warlock,destruction,6,6,0
36790,Klaier,dun-modr,576,warlock,destruction,9,7,2
36791,Kukkojapallo,ravencrest,576,warlock,destruction,12,6,6
36792,Edgyrpname,argent-dawn,576,warlock,destruction,12,6,6
36793,Zartax,kazzak,576,warlock,destruction,12,6,6
36794,Ooze,kazzak,576,warlock,destruction,12,6,6
36795,Felgød,ravencrest,576,warlock,destruction,12,6,6
36796,Moardotts,ravencrest,576,warlock,destruction,12,6,6
36797,Gatewatcher,argent-dawn,576,warlock,destruction,12,6,6
36798,Ezdotggwp,stormscale,576,warlock,destruction,12,6,6
36799,Олдхалапеньо,soulflayer,576,warlock,destruction,12,6,6
36800,Mayden,uldum,576,warlock,destruction,12,6,6
36801,Embercurse,ravencrest,576,warlock,destruction,12,6,6
36802,Enaio,mannoroth,576,warlock,destruction,12,6,6
36803,Drainforlife,blackrock,576,warlock,destruction,12,6,6
36804,Мураса,grom,576,warlock,destruction,12,6,6
36805,Cali,ahnqiraj,576,warlock,destruction,12,6,6
36806,Ðåñtåy,ravencrest,576,warlock,destruction,12,6,6
36807,Issyl,kazzak,576,warlock,destruction,12,6,6
36808,Rádiz,blackhand,576,warlock,destruction,12,6,6
36809,Mothor,blackrock,576,warlock,destruction,12,6,6
36810,Warlockyo,blackrock,576,warlock,destruction,12,6,6
36811,Hepheisto,blackmoore,576,warlock,destruction,12,6,6
36812,Diabolics,twisting-nether,576,warlock,destruction,12,6,6
36813,Хубаскис,soulflayer,576,warlock,destruction,12,6,6
36814,Ilikebolts,blackmoore,576,warlock,destruction,12,6,6
36815,Súícìdèbøy,colinas-pardas,576,warlock,destruction,12,6,6
36816,Chafir,kazzak,576,warlock,destruction,12,6,6
36817,Skarløck,blackmoore,576,warlock,destruction,12,6,6
36818,Ðuß,nemesis,576,warlock,destruction,12,6,6
36819,Ðiavel,kazzak,576,warlock,destruction,12,6,6
36820,Koramu,blackrock,576,warlock,destruction,12,6,6
36821,Noskillfox,outland,576,warlock,destruction,12,6,6
36822,Shazem,tarren-mill,576,warlock,destruction,12,6,6
36823,Dotacy,kazzak,576,warlock,destruction,12,6,6
36824,Noobtamer,kazzak,576,warlock,destruction,12,6,6
36825,Михасяпевпев,gordunni,576,warlock,destruction,12,6,6
36826,Halacska,arathor,576,warlock,destruction,12,6,6
36827,Dèv,draenor,576,warlock,destruction,12,6,6
36828,Staudi,eredar,576,warlock,destruction,12,6,6
36829,Laanik,twisting-nether,576,warlock,destruction,12,6,6
36830,Forgepower,ghostlands,576,warlock,destruction,12,6,6
36831,Mosslock,silvermoon,576,warlock,destruction,12,6,6
36832,Dmnw,antonidas,576,warlock,destruction,12,6,6
36833,Silenozz,ragnaros,576,warlock,destruction,12,6,6
36834,Melforius,tarren-mill,576,warlock,destruction,12,6,6
36835,Krebares,draenor,576,warlock,destruction,12,6,6
36836,Liwerno,dunemaul,576,warlock,destruction,12,6,6
36837,Нежныйафлик,gordunni,576,warlock,destruction,12,6,6
36838,Jjejo,ragnaros,576,warlock,destruction,12,6,6
36839,Телкадрейнх,gordunni,576,warlock,destruction,15,7,8
36840,Klasikas,kazzak,576,warlock,destruction,16,7,9
36841,Kieman,tarren-mill,576,warlock,destruction,18,6,12
36842,Naitix,argent-dawn,576,warlock,destruction,18,6,12
36843,Tartaros,bronzebeard,576,warlock,destruction,18,6,12
36844,Zerx,malganis,576,warlock,destruction,18,6,12
36845,Shreedlock,blackmoore,576,warlock,destruction,18,6,12
36846,Icq,ravencrest,576,warlock,destruction,18,6,12
36847,Lazyblue,hyjal,576,warlock,destruction,29,6,23
36848,Шелруа,howling-fjord,575,warlock,destruction,10,7,3
36849,Brarvile,zuljin,575,warlock,destruction,12,6,6
36850,Rhaznor,frostwolf,575,warlock,destruction,12,6,6
36851,Sweetfire,ragnaros,575,warlock,destruction,12,6,6
36852,Swagzz,silvermoon,575,warlock,destruction,12,6,6
36853,Arkatraz,blackhand,575,warlock,destruction,12,6,6
36854,Zevil,emerald-dream,575,warlock,destruction,12,6,6
36855,Warlockzor,auchindoun,575,warlock,destruction,12,6,6
36856,Baalthazar,jaedenar,575,warlock,destruction,12,6,6
36857,Softcøre,blackmoore,575,warlock,destruction,12,6,6
36858,Дракшара,soulflayer,575,warlock,destruction,12,6,6
36859,Nemssy,dun-modr,575,warlock,destruction,18,6,12
36860,Klone,die-todeskrallen,575,warlock,destruction,18,6,12
36861,Ramurox,rexxar,575,warlock,destruction,18,6,12
36862,Lucîfear,silvermoon,574,warlock,destruction,12,6,6
36863,Sitosa,todeswache,572,warlock,destruction,12,6,6
36864,Шайтанарба,blackscar,571,warlock,destruction,18,6,12
36865,Nomakqlock,dun-modr,542,warlock,destruction,14,7,7
36866,Pouletmicuie,archimonde,527,warlock,destruction,11,6,5
36867,Стафилокок,deepholm,527,warlock,destruction,11,6,5
36868,Rozn,ravencrest,527,warlock,destruction,11,6,5
36869,Nagassh,arathor,527,warlock,destruction,11,6,5
36870,Sicktir,aerie-peak,527,warlock,destruction,11,6,5
36871,Yasa,khaz-modan,526,warlock,destruction,17,6,11
36872,Брузир,gordunni,522,warlock,destruction,15,7,8
36873,Baxiaz,kazzak,511,warlock,destruction,11,6,5
36874,Diddia,malganis,511,warlock,destruction,11,6,5
36875,Evilhippie,kazzak,511,warlock,destruction,11,6,5
36876,Wanhëda,tarren-mill,511,warlock,destruction,11,6,5
36877,Kelthedral,tarren-mill,511,warlock,destruction,14,6,8
36878,Demonmilf,ysondre,480,warlock,destruction,6,5,1
36879,Sgaitxd,ravencrest,480,warlock,destruction,6,5,1
36880,ßualock,sylvanas,480,warlock,destruction,6,5,1
36881,Purplemafia,burning-blade,480,warlock,destruction,6,5,1
36882,Drexo,drakthul,480,warlock,destruction,6,5,1
36883,Levinbrz,ravencrest,480,warlock,destruction,6,5,1
36884,Mazuto,outland,480,warlock,destruction,6,5,1
36885,Lísbeth,sylvanas,480,warlock,destruction,6,5,1
36886,Kaakmasta,der-abyssische-rat,480,warlock,destruction,6,5,1
36887,Asreaël,uldum,480,warlock,destruction,6,5,1
36888,Trollgubbe,twilights-hammer,480,warlock,destruction,6,5,1
36889,Sâlty,stormscale,480,warlock,destruction,6,5,1
36890,Boyyano,tarren-mill,480,warlock,destruction,6,5,1
36891,Precogdiet,draenor,480,warlock,destruction,6,5,1
36892,Журанайсбой,blackscar,480,warlock,destruction,6,5,1
36893,Lazytown,silvermoon,480,warlock,destruction,6,5,1
36894,Tierzxc,ravencrest,480,warlock,destruction,6,5,1
36895,Dogbolt,stormscale,480,warlock,destruction,6,5,1
36896,Smallpee,kazzak,480,warlock,destruction,6,5,1
36897,Тевон,gordunni,480,warlock,destruction,6,5,1
36898,Sgait,ravencrest,480,warlock,destruction,6,5,1
36899,Destrodmitri,blackmoore,480,warlock,destruction,6,5,1
36900,Zurael,mannoroth,480,warlock,destruction,6,5,1
36901,Yzzie,drakthul,480,warlock,destruction,6,5,1
36902,Djolagourde,archimonde,480,warlock,destruction,6,5,1
36903,Wÿvërnn,archimonde,480,warlock,destruction,6,5,1
36904,Failtráin,blackhand,480,warlock,destruction,6,5,1
36905,Altfdrölf,blackhand,480,warlock,destruction,6,5,1
36906,Pôhzz,archimonde,480,warlock,destruction,6,5,1
36907,Jamb,bloodfeather,480,warlock,destruction,6,5,1
36908,Lilbolty,outland,480,warlock,destruction,6,5,1
36909,Файрусх,soulflayer,480,warlock,destruction,6,5,1
36910,Avadakèdavra,kazzak,480,warlock,destruction,6,5,1
36911,Sumstone,kazzak,480,warlock,destruction,6,5,1
36912,Shoøt,dalaran,480,warlock,destruction,6,5,1
36913,Андаинг,soulflayer,480,warlock,destruction,6,5,1
36914,Jpjpjp,gorgonnash,480,warlock,destruction,6,5,1
36915,Buffdemolock,executus,480,warlock,destruction,6,5,1
36916,Wreky,thrall,480,warlock,destruction,6,5,1
36917,Кореопсис,azuregos,480,warlock,destruction,6,5,1
36918,Verminosiss,stormscale,480,warlock,destruction,6,5,1
36919,Lyndi,nerathor,480,warlock,destruction,6,5,1
36920,Aritrosyo,ravencrest,480,warlock,destruction,6,5,1
36921,Веберх,howling-fjord,480,warlock,destruction,6,5,1
36922,Náwwk,blackmoore,480,warlock,destruction,6,5,1
36923,Höfmänn,grim-batol,480,warlock,destruction,6,5,1
36924,Chaosbolt,kelthuzad,480,warlock,destruction,6,5,1
36925,Møärdötd,aggra-português,480,warlock,destruction,6,5,1
36926,Xeró,quelthalas,480,warlock,destruction,6,5,1
36927,Stazox,drakthul,480,warlock,destruction,6,5,1
36928,Бриант,gordunni,480,warlock,destruction,6,5,1
36929,Uralya,kazzak,480,warlock,destruction,6,5,1
36930,Hotdogvendor,kazzak,480,warlock,destruction,6,5,1
36931,Bufflockspls,outland,480,warlock,destruction,6,5,1
36932,Trooverx,ravencrest,480,warlock,destruction,6,5,1
36933,Drainurlife,zenedar,480,warlock,destruction,6,5,1
36934,Måracujå,kazzak,480,warlock,destruction,6,5,1
36935,Hyphonos,blackmoore,480,warlock,destruction,6,5,1
36936,Mellown,blackrock,480,warlock,destruction,6,5,1
36937,Ампе,blackscar,480,warlock,destruction,6,5,1
36938,Fearpuss,dun-modr,480,warlock,destruction,6,5,1
36939,Djløckgødx,ravencrest,480,warlock,destruction,6,5,1
36940,Trimar,archimonde,480,warlock,destruction,6,5,1
36941,Arthesia,archimonde,480,warlock,destruction,12,5,7
36942,Аркейнмизери,howling-fjord,480,warlock,destruction,12,5,7
36943,Kimwexler,ravencrest,480,warlock,destruction,12,5,7
36944,Nanotrik,draenor,480,warlock,destruction,12,5,7
36945,Pewmlock,antonidas,480,warlock,destruction,12,5,7
36946,Southyx,stormscale,480,warlock,destruction,12,5,7
36947,Golgir,draenor,480,warlock,destruction,12,5,7
36948,Bajsibyx,tarren-mill,480,warlock,destruction,12,5,7
36949,Käristäjä,outland,480,warlock,destruction,12,5,7
36950,Asper,ragnaros,480,warlock,destruction,12,5,7
36951,Yokûjin,twisting-nether,480,warlock,destruction,12,5,7
36952,Fluxlight,frostmourne,480,warlock,destruction,12,5,7
36953,Claralock,silvermoon,480,warlock,destruction,12,5,7
36954,Shadowscurse,sylvanas,480,warlock,destruction,12,5,7
36955,Yeluna,alleria,480,warlock,destruction,12,5,7
36956,Snoreghast,tarren-mill,480,warlock,destruction,12,5,7
36957,Branduir,ragnaros,480,warlock,destruction,12,5,7
36958,Vanmorgoth,nazjatar,480,warlock,destruction,12,5,7
36959,Zêngâ,kazzak,480,warlock,destruction,12,5,7
36960,Voodooskull,kazzak,480,warlock,destruction,12,5,7
36961,Sokyra,tarren-mill,480,warlock,destruction,12,5,7
36962,Cerberus,anetheron,480,warlock,destruction,12,5,7
36963,Динодотз,howling-fjord,480,warlock,destruction,12,5,7
36964,Bricktot,ragnaros,480,warlock,destruction,12,5,7
36965,Zeanort,zuljin,480,warlock,destruction,12,5,7
36966,Voidzero,hyjal,480,warlock,destruction,12,5,7
36967,Baskakov,zuljin,480,warlock,destruction,12,5,7
36968,Pliagaa,drakthul,480,warlock,destruction,12,5,7
36969,Zerozwolf,tarren-mill,480,warlock,destruction,12,5,7
36970,Rikudoua,malfurion,480,warlock,destruction,12,5,7
36971,Hexdoc,alakir,480,warlock,destruction,12,5,7
36972,Corruptcoil,argent-dawn,480,warlock,destruction,12,5,7
36973,Braegnok,ravencrest,480,warlock,destruction,12,5,7
36974,Tiwtera,draenor,480,warlock,destruction,12,5,7
36975,Мегаклещ,soulflayer,480,warlock,destruction,12,5,7
36976,Infïnitýx,silvermoon,480,warlock,destruction,12,5,7
36977,Koonlock,kazzak,480,warlock,destruction,12,5,7
36978,Cursè,stormscale,480,warlock,destruction,12,5,7
36979,Sindown,the-maelstrom,480,warlock,destruction,18,5,13
36980,Maledictio,blackrock,480,warlock,destruction,18,5,13
36981,Infectius,kazzak,480,warlock,destruction,18,5,13
36982,Fredysimo,silvermoon,479,warlock,destruction,6,5,1
36983,Сенсация,ashenvale,479,warlock,destruction,12,5,7
36984,Mohawkyz,chamber-of-aspects,479,warlock,destruction,12,5,7
36985,Sehere,ragnaros,479,warlock,destruction,12,5,7
36986,Archélion,silvermoon,479,warlock,destruction,12,5,7
36987,Kokonix,defias-brotherhood,479,warlock,destruction,12,5,7
36988,Bope,the-maelstrom,479,warlock,destruction,18,5,13
36989,Happysrme,thrall,479,warlock,destruction,24,5,19
36990,Слававдвх,blackscar,478,warlock,destruction,6,5,1
36991,Лавамес,eversong,478,warlock,destruction,10,6,4
36992,Soulsdeads,sylvanas,478,warlock,destruction,12,5,7
36993,Снчч,soulflayer,463,warlock,destruction,11,5,6
36994,Silkgates,kazzak,463,warlock,destruction,17,5,12
36995,Favris,antonidas,447,warlock,destruction,11,5,6
36996,Шадофлок,deathweaver,447,warlock,destruction,11,5,6
36997,Hahahahah,draenor,447,warlock,destruction,11,5,6
36998,Winterx,argent-dawn,447,warlock,destruction,11,5,6
36999,Силксонг,soulflayer,431,warlock,destruction,11,5,6
37000,Chornota,ravencrest,431,warlock,destruction,17,5,12
37001,Augge,tarren-mill,416,warlock,destruction,10,5,5
37002,Hønneyjckk,hyjal,415,warlock,destruction,8,5,3
37003,Charmine,tarren-mill,400,warlock,destruction,7,5,2
37004,Fearylia,aegwynn,393,warlock,destruction,11,8,3
37005,Кичи,gordunni,384,warlock,destruction,6,4,2
37006,Gentoo,xavius,384,warlock,destruction,6,4,2
37007,Простшутка,gordunni,384,warlock,destruction,6,4,2
37008,Шархилол,gordunni,384,warlock,destruction,6,4,2
37009,Flayør,ravencrest,384,warlock,destruction,6,4,2
37010,Discordîân,twisting-nether,384,warlock,destruction,6,4,2
37011,Xskyrov,blackmoore,384,warlock,destruction,6,4,2
37012,Äri,blackmoore,384,warlock,destruction,6,4,2
37013,Uqrlock,twisting-nether,384,warlock,destruction,6,4,2
37014,Feyreah,blackmoore,384,warlock,destruction,6,4,2
37015,Warchilly,twisting-nether,384,warlock,destruction,6,4,2
37016,Rayfears,draenor,384,warlock,destruction,6,4,2
37017,Dotritos,tarren-mill,384,warlock,destruction,6,4,2
37018,Wspolnax,ravencrest,384,warlock,destruction,6,4,2
37019,Uezzalock,nemesis,384,warlock,destruction,6,4,2
37020,Deathmahed,kazzak,384,warlock,destruction,6,4,2
37021,Nãshor,kazzak,384,warlock,destruction,6,4,2
37022,Ðênnis,tarren-mill,384,warlock,destruction,6,4,2
37023,Hiloqtlock,blackmoore,384,warlock,destruction,6,4,2
37024,Elissa,skullcrusher,384,warlock,destruction,6,4,2
37025,Царьдарк,soulflayer,384,warlock,destruction,6,4,2
37026,Анрали,soulflayer,384,warlock,destruction,6,4,2
37027,Xarica,garona,384,warlock,destruction,6,4,2
37028,Mikthelock,nemesis,384,warlock,destruction,6,4,2
37029,Пчелокнижник,howling-fjord,384,warlock,destruction,6,4,2
37030,Yifu,ravencrest,384,warlock,destruction,6,4,2
37031,Критокнижник,lich-king,384,warlock,destruction,6,4,2
37032,Jägerlock,draenor,384,warlock,destruction,6,4,2
37033,Boltsofdoom,kazzak,384,warlock,destruction,6,4,2
37034,Zilthon,dragonblight,384,warlock,destruction,6,4,2
37035,Воттоваара,azuregos,384,warlock,destruction,6,4,2
37036,Nechli,malganis,384,warlock,destruction,6,4,2
37037,Droguri,darkspear,384,warlock,destruction,6,4,2
37038,Drshegs,darkspear,384,warlock,destruction,6,4,2
37039,Unfeared,blackhand,384,warlock,destruction,6,4,2
37040,Scallington,shattered-hand,384,warlock,destruction,6,4,2
37041,Xenastro,silvermoon,384,warlock,destruction,6,4,2
37042,Striks,ragnaros,384,warlock,destruction,6,4,2
37043,Nilsa,eredar,384,warlock,destruction,6,4,2
37044,Nosferatia,kult-der-verdammten,384,warlock,destruction,6,4,2
37045,Kavalierr,stormscale,384,warlock,destruction,6,4,2
37046,Apeliction,eredar,384,warlock,destruction,6,4,2
37047,Siyaa,eredar,384,warlock,destruction,6,4,2
37048,Boltyboi,chamber-of-aspects,384,warlock,destruction,6,4,2
37049,Blyskawicar,silvermoon,384,warlock,destruction,6,4,2
37050,Rikkai,anubarak,384,warlock,destruction,6,4,2
37051,Kankbae,stormscale,384,warlock,destruction,6,4,2
37052,Notloveless,stormscale,384,warlock,destruction,6,4,2
37053,Sïlïthuss,ravencrest,384,warlock,destruction,6,4,2
37054,Zzooxxie,silvermoon,384,warlock,destruction,6,4,2
37055,Darkwìngduck,ravencrest,384,warlock,destruction,6,4,2
37056,Rngmåchinêx,ravencrest,384,warlock,destruction,6,4,2
37057,Cursier,blackmoore,384,warlock,destruction,6,4,2
37058,Iulu,sylvanas,384,warlock,destruction,6,4,2
37059,Nefalya,hyjal,384,warlock,destruction,6,4,2
37060,Rénna,twisting-nether,384,warlock,destruction,6,4,2
37061,Krastey,malfurion,384,warlock,destruction,6,4,2
37062,Mcdotnálds,thrall,384,warlock,destruction,6,4,2
37063,Deathwísh,doomhammer,384,warlock,destruction,6,4,2
37064,Cokkà,dalaran,384,warlock,destruction,6,4,2
37065,Wizdoom,outland,384,warlock,destruction,6,4,2
37066,Skâald,senjin,384,warlock,destruction,6,4,2
37067,Azae,outland,384,warlock,destruction,6,4,2
37068,Монтадон,howling-fjord,384,warlock,destruction,6,4,2
37069,Gango,outland,384,warlock,destruction,6,4,2
37070,Anyfears,outland,384,warlock,destruction,6,4,2
37071,Déemón,draenor,384,warlock,destruction,6,4,2
37072,Døxz,blackrock,384,warlock,destruction,6,4,2
37073,Aldiac,aegwynn,384,warlock,destruction,6,4,2
37074,Ilovethena,hyjal,384,warlock,destruction,6,4,2
37075,Smithlock,blackrock,384,warlock,destruction,6,4,2
37076,Hehexd,steamwheedle-cartel,384,warlock,destruction,6,4,2
37077,Rohlikov,drakthul,384,warlock,destruction,6,4,2
37078,Vae,doomhammer,384,warlock,destruction,6,4,2
37079,Ez,frostmane,384,warlock,destruction,6,4,2
37080,Onekxz,blackrock,384,warlock,destruction,6,4,2
37081,Hydrochloric,emerald-dream,384,warlock,destruction,6,4,2
37082,Cloud,kazzak,384,warlock,destruction,6,4,2
37083,Purplemonkey,burning-blade,384,warlock,destruction,6,4,2
37084,Vêzor,twisting-nether,384,warlock,destruction,6,4,2
37085,Smoudini,blackrock,384,warlock,destruction,6,4,2
37086,Raddikal,archimonde,384,warlock,destruction,6,4,2
37087,Zéik,archimonde,384,warlock,destruction,6,4,2
37088,Shreklock,burning-blade,384,warlock,destruction,6,4,2
37089,Рыжевласочка,eversong,384,warlock,destruction,9,5,4
37090,Omnípotens,silvermoon,384,warlock,destruction,12,6,6
37091,Kaobolt,archimonde,384,warlock,destruction,12,4,8
37092,Sellinia,culte-de-la-rive-noire,384,warlock,destruction,12,4,8
37093,Legiozock,draenor,384,warlock,destruction,12,4,8
37094,Уфц,grom,384,warlock,destruction,12,4,8
37095,Azmondan,ahnqiraj,384,warlock,destruction,12,4,8
37096,Novkan,eredar,384,warlock,destruction,12,4,8
37097,Harrydotterx,alakir,384,warlock,destruction,12,4,8
37098,Vsmna,ragnaros,384,warlock,destruction,12,4,8
37099,Oimera,frostwolf,384,warlock,destruction,12,4,8
37100,Darkmaw,drakthul,384,warlock,destruction,12,4,8
37101,Closetlock,the-maelstrom,384,warlock,destruction,12,4,8
37102,Бешентумай,goldrinn,384,warlock,destruction,12,4,8
37103,Alexcurse,draenor,384,warlock,destruction,12,4,8
37104,Lockpup,draenor,384,warlock,destruction,12,4,8
37105,Tekron,blackhand,384,warlock,destruction,12,4,8
37106,Roedin,tarren-mill,384,warlock,destruction,12,4,8
37107,Impvader,argent-dawn,384,warlock,destruction,12,4,8
37108,Nicetime,nefarian,384,warlock,destruction,12,4,8
37109,Shadowflare,blackmoore,384,warlock,destruction,12,4,8
37110,Стокыч,soulflayer,384,warlock,destruction,12,4,8
37111,Sædotern,stormscale,384,warlock,destruction,12,4,8
37112,Palihatschi,eredar,384,warlock,destruction,12,4,8
37113,Mustalol,outland,384,warlock,destruction,12,4,8
37114,Ksenìa,khaz-modan,384,warlock,destruction,12,4,8
37115,Tentigo,blackmoore,384,warlock,destruction,12,4,8
37116,Чиззихаос,soulflayer,384,warlock,destruction,12,4,8
37117,Yandihimir,silvermoon,384,warlock,destruction,12,4,8
37118,Thigh,burning-legion,384,warlock,destruction,12,4,8
37119,Waryald,dun-modr,384,warlock,destruction,12,4,8
37120,Axy,dun-modr,384,warlock,destruction,12,4,8
37121,Tokodi,ragnaros,384,warlock,destruction,12,4,8
37122,Demoncius,dun-modr,384,warlock,destruction,12,4,8
37123,Hòbó,outland,384,warlock,destruction,12,4,8
37124,Лоллиторпеда,gordunni,384,warlock,destruction,12,4,8
37125,Nahamma,tarren-mill,384,warlock,destruction,12,4,8
37126,Мазаффак,gordunni,384,warlock,destruction,12,4,8
37127,Ieatfel,archimonde,384,warlock,destruction,12,4,8
37128,Angrynoob,silvermoon,383,warlock,destruction,6,4,2
37129,Подликерная,howling-fjord,383,warlock,destruction,6,4,2
37130,Injecter,stormscale,383,warlock,destruction,6,4,2
37131,Okulus,quelthalas,383,warlock,destruction,6,4,2
37132,Dathos,ragnaros,383,warlock,destruction,12,4,8
37133,Olympos,draenor,383,warlock,destruction,12,4,8
37134,Pidka,drakthul,382,warlock,destruction,6,4,2
37135,Britneyfear,aegwynn,351,warlock,destruction,8,5,3
37136,Khano,twisting-nether,336,warlock,destruction,15,4,11
37137,Auxi,the-maelstrom,330,warlock,destruction,7,5,2
37138,Рейнджр,eversong,330,warlock,destruction,15,6,9
37139,Lockpz,sylvanas,330,warlock,destruction,18,5,13
37140,Лвнг,gordunni,320,warlock,destruction,10,4,6
37141,Malganas,sylvanas,320,warlock,destruction,16,4,12
37142,Chev,nemesis,319,warlock,destruction,5,4,1
37143,Würrzag,kazzak,319,warlock,destruction,5,4,1
37144,Sapheâ,burning-legion,319,warlock,destruction,5,4,1
37145,Pumpfake,ravencrest,319,warlock,destruction,5,4,1
37146,Grolder,terokkar,319,warlock,destruction,8,4,4
37147,Líok,eredar,319,warlock,destruction,11,4,7
37148,Empra,stormscale,304,warlock,destruction,7,4,3
37149,Mightnáré,tarren-mill,288,warlock,destruction,6,3,3
37150,Arizyoxot,twisting-nether,288,warlock,destruction,6,3,3
37151,Lockskalle,tarren-mill,288,warlock,destruction,6,3,3
37152,Bte,draenor,288,warlock,destruction,6,3,3
37153,Bluh,twisting-nether,288,warlock,destruction,6,3,3
37154,Adreal,burning-legion,288,warlock,destruction,6,3,3
37155,Кайдзуки,howling-fjord,288,warlock,destruction,6,3,3
37156,Elmîr,blackmoore,288,warlock,destruction,6,3,3
37157,Maquan,blackmoore,288,warlock,destruction,6,3,3
37158,Глотающий,gordunni,288,warlock,destruction,6,3,3
37159,Нэрфир,soulflayer,288,warlock,destruction,6,3,3
37160,Cpump,twisting-nether,288,warlock,destruction,6,3,3
37161,Динодотх,gordunni,288,warlock,destruction,6,3,3
37162,Vladov,ravencrest,288,warlock,destruction,6,3,3
37163,Флорэтт,gordunni,288,warlock,destruction,6,3,3
37164,Besthun,drakthul,288,warlock,destruction,6,3,3
37165,Fearbót,kazzak,288,warlock,destruction,6,3,3
37166,Lamboo,tarren-mill,288,warlock,destruction,6,3,3
37167,Demónfire,sylvanas,288,warlock,destruction,6,3,3
37168,Saymore,ragnaros,288,warlock,destruction,6,3,3
37169,Aches,sylvanas,288,warlock,destruction,6,3,3
37170,Dexterlol,blackmoore,288,warlock,destruction,6,3,3
37171,Lünatix,archimonde,288,warlock,destruction,6,3,3
37172,Djwarlock,kazzak,288,warlock,destruction,6,3,3
37173,Fandusttwo,drakthul,288,warlock,destruction,6,3,3
37174,Mortuáry,drakthul,288,warlock,destruction,6,3,3
37175,Frankieboi,drakthul,288,warlock,destruction,6,3,3
37176,Фламмэнх,soulflayer,288,warlock,destruction,6,3,3
37177,Sécret,blackmoore,288,warlock,destruction,6,3,3
37178,Hiroyukí,frostmane,288,warlock,destruction,6,3,3
37179,Винстролман,blackscar,288,warlock,destruction,6,3,3
37180,Yippz,kazzak,288,warlock,destruction,6,3,3
37181,Toskanoamani,blackmoore,288,warlock,destruction,6,3,3
37182,Колмидедди,gordunni,288,warlock,destruction,6,3,3
37183,Nêstêe,archimonde,288,warlock,destruction,6,3,3
37184,Légréy,blackmoore,288,warlock,destruction,6,3,3
37185,Brudergottes,blackmoore,288,warlock,destruction,6,3,3
37186,Amdownbad,kazzak,288,warlock,destruction,6,3,3
37187,Ремайка,gordunni,288,warlock,destruction,6,3,3
37188,Dmger,twisting-nether,288,warlock,destruction,6,3,3
37189,Phántom,frostmane,288,warlock,destruction,6,3,3
37190,Hammern,haomarush,288,warlock,destruction,6,3,3
37191,Blazed,dentarg,288,warlock,destruction,6,3,3
37192,Læssêkøñgð,twisting-nether,288,warlock,destruction,6,3,3
37193,Xoregar,nemesis,288,warlock,destruction,6,3,3
37194,Вериберри,gordunni,288,warlock,destruction,6,3,3
37195,Hasselbalch,azshara,288,warlock,destruction,6,3,3
37196,Doublebolt,the-maelstrom,288,warlock,destruction,6,3,3
37197,Дядяджонн,gordunni,288,warlock,destruction,6,3,3
37198,Sîlverdîze,thrall,288,warlock,destruction,6,3,3
37199,Kolosh,twisting-nether,288,warlock,destruction,6,3,3
37200,Drozhna,kaelthas,288,warlock,destruction,6,3,3
37201,Soulslugger,twisting-nether,288,warlock,destruction,6,3,3
37202,Truckpunch,defias-brotherhood,288,warlock,destruction,6,3,3
37203,Gravemxney,tarren-mill,288,warlock,destruction,6,3,3
37204,Hairylock,outland,288,warlock,destruction,6,3,3
37205,Dieger,thunderhorn,288,warlock,destruction,6,3,3
37206,Исусилок,deathguard,288,warlock,destruction,6,3,3
37207,Krøl,nemesis,288,warlock,destruction,6,3,3
37208,Kwei,nemesis,288,warlock,destruction,6,3,3
37209,Zzooxx,silvermoon,288,warlock,destruction,6,3,3
37210,Sateerik,draenor,288,warlock,destruction,6,3,3
37211,Epoku,stormscale,288,warlock,destruction,6,3,3
37212,Heximexi,malganis,288,warlock,destruction,6,3,3
37213,Dottad,silvermoon,288,warlock,destruction,6,3,3
37214,Zabani,das-syndikat,288,warlock,destruction,6,3,3
37215,Boltez,twisting-nether,288,warlock,destruction,6,3,3
37216,Feardotfive,frostwolf,288,warlock,destruction,6,3,3
37217,Brolter,blackhand,288,warlock,destruction,6,3,3
37218,Dragmetohêll,blackhand,288,warlock,destruction,6,3,3
37219,Irukandji,chants-éternels,288,warlock,destruction,6,3,3
37220,Misleev,pozzo-delleternità,288,warlock,destruction,6,3,3
37221,Jiruga,blackrock,288,warlock,destruction,6,3,3
37222,Stopfëar,ysondre,288,warlock,destruction,6,3,3
37223,Djshyasiañ,perenolde,288,warlock,destruction,6,3,3
37224,Poulebar,ysondre,288,warlock,destruction,6,3,3
37225,Wajiggity,ravencrest,288,warlock,destruction,6,3,3
37226,Impsgalore,ravencrest,288,warlock,destruction,6,3,3
37227,Talt,dalaran,288,warlock,destruction,6,3,3
37228,Dement,sanguino,288,warlock,destruction,6,3,3
37229,Skizofrenia,zuljin,288,warlock,destruction,6,3,3
37230,Huaraches,stormscale,288,warlock,destruction,6,3,3
37231,Wdauwg,nazjatar,288,warlock,destruction,6,3,3
37232,Lisànna,nemesis,288,warlock,destruction,6,3,3
37233,Cálamity,magtheridon,288,warlock,destruction,6,3,3
37234,Dekawa,ravencrest,288,warlock,destruction,6,3,3
37235,Huaian,darksorrow,288,warlock,destruction,6,3,3
37236,Nargøf,outland,288,warlock,destruction,6,3,3
37237,Anniemoon,silvermoon,288,warlock,destruction,6,3,3
37238,Kuntdotz,draenor,288,warlock,destruction,6,3,3
37239,Rokudaime,stormscale,288,warlock,destruction,6,3,3
37240,Maxiabe,hyjal,288,warlock,destruction,6,3,3
37241,Deamheòlas,ravencrest,288,warlock,destruction,6,3,3
37242,Herador,draenor,288,warlock,destruction,6,3,3
37243,Gacknur,zuljin,288,warlock,destruction,6,3,3
37244,Maevex,stormscale,288,warlock,destruction,6,3,3
37245,Wäisted,ravencrest,288,warlock,destruction,6,3,3
37246,Flaming,ravencrest,288,warlock,destruction,6,3,3
37247,Tibzx,stormscale,288,warlock,destruction,6,3,3
37248,Seldonn,pozzo-delleternità,288,warlock,destruction,6,3,3
37249,Ruinovino,outland,288,warlock,destruction,6,3,3
37250,Mootay,drekthar,288,warlock,destruction,6,3,3
37251,Xaok,dun-modr,288,warlock,destruction,6,3,3
37252,Tschiko,blackrock,288,warlock,destruction,6,3,3
37253,Jörd,ravencrest,288,warlock,destruction,6,3,3
37254,Aghmar,ravencrest,288,warlock,destruction,6,3,3
37255,Ghosthound,stormscale,288,warlock,destruction,6,3,3
37256,Drith,blades-edge,288,warlock,destruction,6,3,3
37257,Lockki,blades-edge,288,warlock,destruction,6,3,3
37258,Lubomirek,turalyon,288,warlock,destruction,6,3,3
37259,Palmtri,stormscale,288,warlock,destruction,6,3,3
37260,Ánderx,dun-modr,288,warlock,destruction,6,3,3
37261,Ðanilock,dun-modr,288,warlock,destruction,6,3,3
37262,Phéar,deathwing,288,warlock,destruction,12,3,9
37263,Пучкова,azuregos,288,warlock,destruction,12,3,9
37264,Peggybrown,turalyon,288,warlock,destruction,12,3,9
37265,Jaír,turalyon,288,warlock,destruction,12,3,9
37266,Werlock,sanguino,288,warlock,destruction,12,3,9
37267,Tepelkwastje,twisting-nether,288,warlock,destruction,12,3,9
37268,Tiffyilock,blackrock,288,warlock,destruction,12,3,9
37269,Ladodida,darkspear,288,warlock,destruction,12,3,9
37270,Nathgar,drakthul,288,warlock,destruction,12,3,9
37271,Leatherfvce,blackmoore,288,warlock,destruction,12,3,9
37272,Voib,silvermoon,288,warlock,destruction,12,3,9
37273,Lockned,outland,288,warlock,destruction,12,3,9
37274,Sebi,kirin-tor,288,warlock,destruction,12,3,9
37275,Jaines,forscherliga,288,warlock,destruction,12,3,9
37276,Svartalfen,outland,288,warlock,destruction,12,3,9
37277,Mitrela,ravencrest,288,warlock,destruction,12,3,9
37278,Варикай,gordunni,288,warlock,destruction,12,3,9
37279,Skyrender,argent-dawn,288,warlock,destruction,12,3,9
37280,Quief,silvermoon,288,warlock,destruction,12,3,9
37281,Dotzillâ,blackhand,288,warlock,destruction,12,3,9
37282,Merelock,eonar,288,warlock,destruction,12,3,9
37283,Killerbeez,burning-blade,288,warlock,destruction,12,3,9
37284,Haedri,kazzak,288,warlock,destruction,12,3,9
37285,Ðæthpäct,dalaran,288,warlock,destruction,12,3,9
37286,Gnargamehl,nemesis,288,warlock,destruction,12,3,9
37287,Дольпико,howling-fjord,288,warlock,destruction,12,3,9
37288,Мирмех,gordunni,288,warlock,destruction,12,3,9
37289,Шейп,fordragon,288,warlock,destruction,12,3,9
37290,Yasagoth,chamber-of-aspects,288,warlock,destruction,12,3,9
37291,Aloxer,sanguino,288,warlock,destruction,12,3,9
37292,Dreameater,twilights-hammer,288,warlock,destruction,12,3,9
37293,Fewton,eonar,288,warlock,destruction,18,3,15
37294,Nirây,thrall,288,warlock,destruction,19,3,16
37295,Грашек,soulflayer,287,warlock,destruction,6,3,3
37296,Senaida,sylvanas,287,warlock,destruction,6,3,3
37297,Lárgo,chamber-of-aspects,271,warlock,destruction,11,3,8
37298,Vinilio,kazzak,240,warlock,destruction,9,3,6
37299,Insertchaos,draenor,239,warlock,destruction,5,3,2
37300,Tarhatar,tarren-mill,239,warlock,destruction,5,3,2
37301,Jamzywarlock,kazzak,239,warlock,destruction,5,3,2
37302,Brushiè,kazzak,239,warlock,destruction,5,3,2
37303,Kelek,anachronos,239,warlock,destruction,5,3,2
37304,Telaldrah,argent-dawn,239,warlock,destruction,5,3,2
37305,Darthdotz,outland,234,warlock,destruction,7,4,3
37306,Diemilch,blackmoore,234,warlock,destruction,8,4,4
37307,Grumrah,argent-dawn,234,warlock,destruction,11,4,7
37308,Watchlock,burning-legion,206,warlock,destruction,7,3,4
37309,Mosskok,kazzak,192,warlock,destruction,4,3,1
37310,Zombpunk,sanguino,192,warlock,destruction,9,3,6
37311,Vortëxx,tarren-mill,192,warlock,destruction,9,3,6
37312,Vexsir,kazzak,192,warlock,destruction,9,3,6
37313,Zenaidaa,doomhammer,192,warlock,destruction,6,2,4
37314,Vitrolizz,twilights-hammer,192,warlock,destruction,6,2,4
37315,Ðaddyy,stormscale,192,warlock,destruction,6,2,4
37316,Jaliyah,outland,192,warlock,destruction,6,2,4
37317,Malfari,zuljin,192,warlock,destruction,6,2,4
37318,Shelbys,tyrande,192,warlock,destruction,6,2,4
37319,Astralvoid,outland,192,warlock,destruction,6,2,4
37320,Merengue,uldum,192,warlock,destruction,6,2,4
37321,Kuzimu,aerie-peak,192,warlock,destruction,6,2,4
37322,Snoggä,antonidas,192,warlock,destruction,6,2,4
37323,Ght,outland,192,warlock,destruction,6,2,4
37324,Kemel,thrall,192,warlock,destruction,6,2,4
37325,Костикк,howling-fjord,192,warlock,destruction,6,2,4
37326,Beerdurschd,antonidas,192,warlock,destruction,6,2,4
37327,Zòóf,stormscale,192,warlock,destruction,6,2,4
37328,Necrofearz,sylvanas,192,warlock,destruction,6,2,4
37329,Wezen,stormscale,192,warlock,destruction,6,2,4
37330,Absúrd,turalyon,192,warlock,destruction,6,2,4
37331,Уставок,soulflayer,192,warlock,destruction,6,2,4
37332,Öhö,blackrock,192,warlock,destruction,6,2,4
37333,Cosec,silvermoon,192,warlock,destruction,6,2,4
37334,Shuggul,draenor,192,warlock,destruction,6,2,4
37335,Piouturass,hyjal,192,warlock,destruction,6,2,4
37336,Seagelock,silvermoon,192,warlock,destruction,6,2,4
37337,Raddock,ysondre,192,warlock,destruction,6,2,4
37338,Ravendoor,grim-batol,192,warlock,destruction,6,2,4
37339,Avati,sargeras,192,warlock,destruction,6,2,4
37340,Colevid,blackmoore,192,warlock,destruction,6,2,4
37341,Warlockxx,ravencrest,192,warlock,destruction,6,2,4
37342,Houndread,kazzak,192,warlock,destruction,6,2,4
37343,Nerflocks,aggra-português,192,warlock,destruction,6,2,4
37344,Selur,ragnaros,192,warlock,destruction,6,2,4
37345,Lokmonji,perenolde,192,warlock,destruction,6,2,4
37346,Degdeehei,draenor,192,warlock,destruction,6,2,4
37347,Horridum,draenor,192,warlock,destruction,6,2,4
37348,Æyna,thrall,192,warlock,destruction,6,2,4
37349,Prydzor,archimonde,192,warlock,destruction,6,2,4
37350,Muninnus,archimonde,192,warlock,destruction,6,2,4
37351,Whydidudotha,ravencrest,192,warlock,destruction,6,2,4
37352,Melow,sanguino,192,warlock,destruction,6,2,4
37353,Elfex,ragnaros,192,warlock,destruction,6,2,4
37354,Kabowie,twisting-nether,192,warlock,destruction,6,2,4
37355,Werkx,archimonde,192,warlock,destruction,6,2,4
37356,Mákas,draenor,192,warlock,destruction,6,2,4
37357,Vextalock,drakthul,192,warlock,destruction,6,2,4
37358,Zmataryn,doomhammer,192,warlock,destruction,6,2,4
37359,Siìre,ravencrest,192,warlock,destruction,6,2,4
37360,Saabnoolock,ragnaros,192,warlock,destruction,6,2,4
37361,Daeneerys,skullcrusher,192,warlock,destruction,6,2,4
37362,Ívânguldán,twisting-nether,192,warlock,destruction,6,2,4
37363,Bulgyeøng,archimonde,192,warlock,destruction,6,2,4
37364,Zagana,neptulon,192,warlock,destruction,6,2,4
37365,Шэдоубёрн,soulflayer,192,warlock,destruction,6,2,4
37366,Smoulville,sanguino,192,warlock,destruction,6,2,4
37367,Guldän,quelthalas,192,warlock,destruction,6,2,4
37368,Kotihoitaja,stormreaver,192,warlock,destruction,6,2,4
37369,Laynih,blackrock,192,warlock,destruction,6,2,4
37370,Kedrat,die-aldor,192,warlock,destruction,6,2,4
37371,Cindela,eredar,192,warlock,destruction,6,2,4
37372,Benztruck,blackhand,192,warlock,destruction,6,2,4
37373,Belzedan,blackrock,192,warlock,destruction,6,2,4
37374,Hodille,argent-dawn,192,warlock,destruction,6,2,4
37375,Майдум,soulflayer,192,warlock,destruction,6,2,4
37376,Yourdeaath,ravencrest,192,warlock,destruction,6,2,4
37377,Zigfipszen,blackmoore,192,warlock,destruction,6,2,4
37378,Velativ,silvermoon,192,warlock,destruction,6,2,4
37379,Boohyakka,tarren-mill,192,warlock,destruction,6,2,4
37380,Guldãn,silvermoon,192,warlock,destruction,6,2,4
37381,Creamcleaner,tarren-mill,192,warlock,destruction,6,2,4
37382,Zkrwl,kazzak,192,warlock,destruction,6,2,4
37383,Cptdotalot,tarren-mill,192,warlock,destruction,6,2,4
37384,Haxs,ravencrest,192,warlock,destruction,6,2,4
37385,Prestige,nemesis,192,warlock,destruction,6,2,4
37386,Мерседэсс,gordunni,192,warlock,destruction,6,2,4
37387,Хашонмвп,gordunni,192,warlock,destruction,6,2,4
37388,Negoda,defias-brotherhood,192,warlock,destruction,6,2,4
37389,Lightswitchz,ravencrest,192,warlock,destruction,6,2,4
37390,Олимта,blackscar,192,warlock,destruction,6,2,4
37391,Tolgaa,draenor,192,warlock,destruction,6,2,4
37392,Bloodysûgar,blackmoore,192,warlock,destruction,6,2,4
37393,Kleing,dragonblight,192,warlock,destruction,6,2,4
37394,Splojf,the-maelstrom,192,warlock,destruction,6,2,4
37395,Tragus,ghostlands,192,warlock,destruction,6,2,4
37396,Grandulf,ravencrest,192,warlock,destruction,6,2,4
37397,Pederlock,defias-brotherhood,192,warlock,destruction,6,2,4
37398,Levitibus,argent-dawn,192,warlock,destruction,6,2,4
37399,Hheavens,ragnaros,192,warlock,destruction,6,2,4
37400,Sargal,sylvanas,192,warlock,destruction,6,2,4
37401,Faustes,alakir,192,warlock,destruction,6,2,4
37402,Kontanthjælp,tarren-mill,192,warlock,destruction,6,2,4
37403,Емс,gordunni,192,warlock,destruction,6,2,4
37404,Schöp,der-rat-von-dalaran,192,warlock,destruction,6,2,4
37405,Lokicica,karazhan,192,warlock,destruction,6,2,4
37406,Sinlockz,tarren-mill,192,warlock,destruction,6,2,4
37407,Нагибатель,howling-fjord,192,warlock,destruction,6,2,4
37408,Locknroll,terokkar,192,warlock,destruction,6,2,4
37409,Валак,greymane,192,warlock,destruction,6,2,4
37410,Евнухоидизм,gordunni,192,warlock,destruction,6,2,4
37411,Nâzgrel,tarren-mill,192,warlock,destruction,6,2,4
37412,Rojas,trollbane,192,warlock,destruction,6,2,4
37413,Darthvder,sylvanas,192,warlock,destruction,6,2,4
37414,Thîras,tarren-mill,192,warlock,destruction,7,2,5
37415,Dededimons,stormscale,192,warlock,destruction,8,2,6
37416,Kokainas,dun-modr,192,warlock,destruction,12,2,10
37417,Srhal,blackmoore,192,warlock,destruction,12,2,10
37418,Nazmordith,argent-dawn,192,warlock,destruction,12,2,10
37419,Titoss,archimonde,192,warlock,destruction,12,2,10
37420,Línkéd,blackmoore,192,warlock,destruction,12,2,10
37421,Нэйрокризиз,howling-fjord,192,warlock,destruction,12,2,10
37422,Kopfkissen,azshara,192,warlock,destruction,12,2,10
37423,Amnésïa,eldrethalas,192,warlock,destruction,12,2,10
37424,Agathaharkne,minahonda,192,warlock,destruction,12,2,10
37425,Easybolt,blackrock,192,warlock,destruction,12,2,10
37426,Àbraxàs,nemesis,192,warlock,destruction,12,2,10
37427,Nimwyn,argent-dawn,192,warlock,destruction,12,2,10
37428,Punishteens,blackmoore,192,warlock,destruction,12,2,10
37429,Мглавечная,soulflayer,192,warlock,destruction,12,2,10
37430,Zùrghan,elune,191,warlock,destruction,4,3,1
37431,Vraduk,malygos,191,warlock,destruction,6,2,4
37432,Karjarock,hyjal,191,warlock,destruction,12,2,10
37433,Helikopter,shattered-hand,175,warlock,destruction,6,3,3
37434,Lockbubs,draenor,175,warlock,destruction,11,2,9
37435,Pewnedmpx,archimonde,159,warlock,destruction,5,2,3
37436,Dony,dun-morogh,159,warlock,destruction,5,2,3
37437,Jiltoks,blackmoore,159,warlock,destruction,5,2,3
37438,Lemonzx,stormscale,159,warlock,destruction,5,2,3
37439,Hp,ysondre,159,warlock,destruction,5,2,3
37440,Grimlòck,antonidas,159,warlock,destruction,5,2,3
37441,Vahk,uldum,138,warlock,destruction,7,3,4
37442,Rb,anachronos,138,warlock,destruction,8,3,5
37443,Hhogyoku,dentarg,138,warlock,destruction,10,3,7
37444,Cooldowns,ravencrest,136,warlock,destruction,13,4,9
37445,Llilithh,draenor,128,warlock,destruction,4,2,2
37446,Delen,ravencrest,128,warlock,destruction,4,2,2
37447,Перегном,blackscar,127,warlock,destruction,8,2,6
37448,Mqsxw,stormscale,112,warlock,destruction,7,2,5
37449,Mulimarus,die-todeskrallen,96,warlock,destruction,3,2,1
37450,Dannyboi,drakthul,96,warlock,destruction,3,2,1
37451,Âkâl,ravencrest,96,warlock,destruction,3,2,1
37452,Mergon,ravencrest,96,warlock,destruction,3,2,1
37453,Иммолэйтх,gordunni,96,warlock,destruction,6,1,5
37454,Ackorax,kilrogg,96,warlock,destruction,6,1,5
37455,Lomendro,blackmoore,96,warlock,destruction,6,1,5
37456,Daemonic,shattered-hand,96,warlock,destruction,6,1,5
37457,Mursha,auchindoun,96,warlock,destruction,6,1,5
37458,Azgaroth,kazzak,96,warlock,destruction,6,1,5
37459,Aenygma,jaedenar,96,warlock,destruction,6,1,5
37460,Fuglylock,the-maelstrom,96,warlock,destruction,6,1,5
37461,Trinox,teldrassil,96,warlock,destruction,6,1,5
37462,Камнилока,booty-bay,96,warlock,destruction,6,1,5
37463,Маверрикк,gordunni,96,warlock,destruction,6,1,5
37464,Tanatos,tarren-mill,96,warlock,destruction,6,1,5
37465,Язлаякиска,soulflayer,96,warlock,destruction,6,1,5
37466,Eleriya,argent-dawn,96,warlock,destruction,6,1,5
37467,Wt,twisting-nether,96,warlock,destruction,6,1,5
37468,Walchia,kazzak,96,warlock,destruction,6,1,5
37469,Стоишьвфире,gordunni,96,warlock,destruction,6,1,5
37470,Mortvivants,kirin-tor,96,warlock,destruction,6,1,5
37471,Musallat,argent-dawn,96,warlock,destruction,6,1,5
37472,Elnïa,conseil-des-ombres,96,warlock,destruction,6,1,5
37473,Neuth,draenor,96,warlock,destruction,6,1,5
37474,Tiig,blackrock,96,warlock,destruction,6,1,5
37475,Gulzgan,kazzak,96,warlock,destruction,6,1,5
37476,Satânius,les-sentinelles,96,warlock,destruction,6,1,5
37477,Indifférence,archimonde,96,warlock,destruction,6,1,5
37478,Lilskunk,draenor,96,warlock,destruction,6,1,5
37479,Thaliä,tarren-mill,96,warlock,destruction,6,1,5
37480,Kærastan,sylvanas,96,warlock,destruction,6,1,5
37481,Utuklululu,archimonde,96,warlock,destruction,6,1,5
37482,Tropìcal,grim-batol,96,warlock,destruction,6,1,5
37483,Bytethisx,aggra-português,96,warlock,destruction,6,1,5
37484,Redî,kazzak,96,warlock,destruction,6,1,5
37485,Chaostheory,stormscale,96,warlock,destruction,6,1,5
37486,Nulo,aggra-português,96,warlock,destruction,6,1,5
37487,Empod,ragnaros,96,warlock,destruction,6,1,5
37488,Shompaqzan,kazzak,96,warlock,destruction,6,1,5
37489,Raest,arygos,96,warlock,destruction,6,1,5
37490,Krabauf,eredar,96,warlock,destruction,6,1,5
37491,Bigbabalock,frostwolf,96,warlock,destruction,6,1,5
37492,Chaotick,bronze-dragonflight,96,warlock,destruction,6,1,5
37493,Ramuhn,antonidas,96,warlock,destruction,6,1,5
37494,Ariyala,alleria,96,warlock,destruction,6,1,5
37495,Dalfgan,wildhammer,96,warlock,destruction,6,1,5
37496,Puiia,draenor,96,warlock,destruction,6,1,5
37497,Yerslock,twisting-nether,96,warlock,destruction,6,1,5
37498,Kneereap,antonidas,96,warlock,destruction,6,1,5
37499,Армдэд,galakrond,96,warlock,destruction,6,1,5
37500,Snollerboy,antonidas,96,warlock,destruction,6,1,5
37501,Pichwise,draenor,96,warlock,destruction,6,1,5
37502,Növnöv,madmortem,96,warlock,destruction,6,1,5
37503,Xanth,eldrethalas,96,warlock,destruction,6,1,5
37504,Dabezdwl,outland,96,warlock,destruction,6,1,5
37505,Seriasa,blackmoore,96,warlock,destruction,6,1,5
37506,Gothgul,sanguino,96,warlock,destruction,6,1,5
37507,Киёкка,howling-fjord,96,warlock,destruction,6,1,5
37508,Shallän,dun-modr,96,warlock,destruction,6,1,5
37509,Hørcrux,ravencrest,96,warlock,destruction,6,1,5
37510,Czteryka,silvermoon,96,warlock,destruction,6,1,5
37511,Deamions,ravencrest,96,warlock,destruction,6,1,5
37512,Сквиртонитх,howling-fjord,96,warlock,destruction,6,1,5
37513,Matheus,zenedar,96,warlock,destruction,6,1,5
37514,Mahishi,ravencrest,96,warlock,destruction,6,1,5
37515,Rigour,silvermoon,96,warlock,destruction,6,1,5
37516,Malagate,sylvanas,96,warlock,destruction,12,1,11
37517,Democraft,the-maelstrom,96,warlock,destruction,12,1,11
37518,Keilahkang,aerie-peak,96,warlock,destruction,12,1,11
37519,Wuahlock,doomhammer,96,warlock,destruction,12,1,11
37520,Alithia,sylvanas,96,warlock,destruction,12,1,11
37521,Grêenbull,eredar,96,warlock,destruction,15,1,14
37522,Magosnik,archimonde,79,warlock,destruction,5,1,4
37523,Néca,blackmoore,64,warlock,destruction,4,1,3
37524,Weexi,kazzak,63,warlock,destruction,2,2,0
37525,Craynos,die-arguswacht,63,warlock,destruction,2,2,0
37526,Coblac,outland,48,warlock,destruction,3,1,2
37527,Ruvy,twisting-nether,48,warlock,destruction,3,1,2
37528,Anthor,tarren-mill,42,warlock,destruction,8,2,6
37529,Obichamcici,tarren-mill,42,warlock,destruction,8,2,6
37530,Stonedup,alonsus,42,warlock,destruction,8,2,6
37531,Zuldiá,stormscale,32,warlock,destruction,2,2,0
37532,Chandelierh,kazzak,31,warlock,destruction,2,1,1
37533,Reconnected,drakthul,31,warlock,destruction,2,1,1
37534,Orkamorfin,silvermoon,16,warlock,destruction,1,1,0
37535,Kemmler,steamwheedle-cartel,16,warlock,destruction,1,1,0
37536,Langneur,ysondre,2225,warlock,affliction,102,56,46
37537,Bualock,sylvanas,2167,warlock,affliction,84,52,32
37538,Tágsy,ravencrest,2130,warlock,affliction,90,47,43
37539,Micol,doomhammer,2035,warlock,affliction,78,39,39
37540,Arukekz,blackmoore,2022,warlock,affliction,78,40,38
37541,Kärme,archimonde,2017,warlock,affliction,263,136,127
37542,Southylolz,stormscale,2015,warlock,affliction,71,36,35
37543,Darksooul,xavius,1987,warlock,affliction,60,38,22
37544,Chobitas,ravencrest,1975,warlock,affliction,96,48,48
37545,Härèsß,dun-modr,1967,warlock,affliction,78,43,35
37546,Nickrosh,terokkar,1945,warlock,affliction,60,36,24
37547,Garebigger,blackrock,1944,warlock,affliction,102,49,53
37548,Kaspersdame,ravencrest,1932,warlock,affliction,120,60,60
37549,Southyx,stormscale,1928,warlock,affliction,77,40,37
37550,Qyburn,drekthar,1923,warlock,affliction,66,40,26
37551,Southy,stormscale,1918,warlock,affliction,48,25,23
37552,Kasoy,doomhammer,1911,warlock,affliction,103,58,45
37553,Southylol,stormscale,1892,warlock,affliction,66,34,32
37554,Infernion,stormscale,1891,warlock,affliction,51,33,18
37555,Nesme,sylvanas,1890,warlock,affliction,59,28,31
37556,Gulzot,turalyon,1866,warlock,affliction,71,37,34
37557,Steckenpferd,blackmoore,1862,warlock,affliction,42,24,18
37558,Plsdîe,twisting-nether,1862,warlock,affliction,65,37,28
37559,Perpetual,eredar,1857,warlock,affliction,42,23,19
37560,Gezer,tarren-mill,1849,warlock,affliction,86,47,39
37561,Skrumpis,draenor,1848,warlock,affliction,113,57,56
37562,Блудгэнг,blackscar,1847,warlock,affliction,48,21,27
37563,Angryfránk,outland,1842,warlock,affliction,143,69,74
37564,Cassen,outland,1833,warlock,affliction,60,31,29
37565,Пчелокнижник,howling-fjord,1831,warlock,affliction,42,25,17
37566,Mediumpotato,blackhand,1824,warlock,affliction,48,26,22
37567,Rutena,ravencrest,1823,warlock,affliction,60,31,29
37568,Hædês,antonidas,1823,warlock,affliction,54,27,27
37569,Xvq,twisting-nether,1819,warlock,affliction,106,67,39
37570,Infïnitýx,silvermoon,1814,warlock,affliction,77,42,35
37571,Nightìngale,silvermoon,1808,warlock,affliction,92,51,41
37572,Xfz,stormscale,1808,warlock,affliction,84,46,38
37573,Alliyâh,archimonde,1806,warlock,affliction,89,40,49
37574,Monsterz,archimonde,1801,warlock,affliction,88,47,41
37575,Celebí,blackmoore,1796,warlock,affliction,30,19,11
37576,Mïta,hyjal,1788,warlock,affliction,36,19,17
37577,Wldot,ravencrest,1786,warlock,affliction,36,23,13
37578,Bankstair,stormscale,1779,warlock,affliction,105,58,47
37579,Fruits,ysondre,1764,warlock,affliction,47,21,26
37580,Fsandtwo,ravencrest,1755,warlock,affliction,48,25,23
37581,Malddog,turalyon,1750,warlock,affliction,66,40,26
37582,Debz,twisting-nether,1725,warlock,affliction,84,49,35
37583,Trâshxd,sanguino,1719,warlock,affliction,66,42,24
37584,Zodiiacc,ravencrest,1712,warlock,affliction,48,23,25
37585,Sad,lightnings-blade,1711,warlock,affliction,58,21,37
37586,Oldboy,auchindoun,1705,warlock,affliction,30,19,11
37587,Neoe,stormscale,1705,warlock,affliction,84,42,42
37588,Graveflesh,burning-blade,1700,warlock,affliction,191,93,98
37589,Modernmisery,kazzak,1697,warlock,affliction,90,49,41
37590,Limoges,archimonde,1692,warlock,affliction,36,23,13
37591,Vasileon,stormscale,1687,warlock,affliction,42,27,15
37592,Methroz,burning-legion,1680,warlock,affliction,48,25,23
37593,Bäle,stormreaver,1677,warlock,affliction,30,20,10
37594,Fear,auchindoun,1676,warlock,affliction,41,22,19
37595,Vîmø,antonidas,1658,warlock,affliction,96,53,43
37596,Dondot,frostmane,1657,warlock,affliction,42,28,14
37597,Emreys,argent-dawn,1656,warlock,affliction,139,73,66
37598,Magonyth,tarren-mill,1650,warlock,affliction,29,18,11
37599,Архкингсдум,galakrond,1648,warlock,affliction,46,19,27
37600,Nekrosd,tarren-mill,1639,warlock,affliction,36,22,14
37601,Acentro,stormscale,1633,warlock,affliction,30,23,7
37602,Getfaked,nordrassil,1621,warlock,affliction,30,17,13
37603,Prelest,arathor,1620,warlock,affliction,24,17,7
37604,Винстролман,blackscar,1615,warlock,affliction,60,45,15
37605,Htaedfo,tarren-mill,1612,warlock,affliction,60,34,26
37606,Mîná,ravencrest,1607,warlock,affliction,51,30,21
37607,Асальвэйд,gordunni,1600,warlock,affliction,58,32,26
37608,Shayexen,tarren-mill,1596,warlock,affliction,47,28,19
37609,Ремайка,gordunni,1593,warlock,affliction,123,62,61
37610,Ржоммба,soulflayer,1588,warlock,affliction,60,34,26
37611,Termss,ravencrest,1581,warlock,affliction,158,82,76
37612,Ketzu,hyjal,1569,warlock,affliction,112,54,58
37613,Jlcreverso,eredar,1563,warlock,affliction,28,18,10
37614,Сзот,howling-fjord,1561,warlock,affliction,36,18,18
37615,Прогнившая,blackscar,1559,warlock,affliction,79,51,28
37616,Ascètic,kazzak,1557,warlock,affliction,48,26,22
37617,Trevium,nemesis,1555,warlock,affliction,76,43,33
37618,Smøkê,tarren-mill,1555,warlock,affliction,214,116,98
37619,Lollock,teldrassil,1549,warlock,affliction,24,17,7
37620,Yosiya,draenor,1546,warlock,affliction,69,34,35
37621,Rottndot,stormscale,1541,warlock,affliction,60,31,29
37622,Osyx,ravencrest,1534,warlock,affliction,30,16,14
37623,Magonyth,ravencrest,1533,warlock,affliction,24,16,8
37624,Itiswhatitis,ravencrest,1532,warlock,affliction,36,16,20
37625,Vregor,twisting-nether,1527,warlock,affliction,28,17,11
37626,Wezen,stormscale,1516,warlock,affliction,77,44,33
37627,Nightsnake,deathwing,1516,warlock,affliction,114,50,64
37628,Dezznut,blackhand,1512,warlock,affliction,53,30,23
37629,Hivxherpes,ravencrest,1505,warlock,affliction,78,38,40
37630,Olympïe,archimonde,1500,warlock,affliction,42,17,25
37631,Gneticz,aegwynn,1499,warlock,affliction,30,18,12
37632,Drekkrog,chogall,1490,warlock,affliction,30,16,14
37633,Zakuri,blackmoore,1487,warlock,affliction,42,30,12
37634,Zetsubo,drakthul,1487,warlock,affliction,83,47,36
37635,Боризыч,gordunni,1487,warlock,affliction,125,67,58
37636,Zèlêph,archimonde,1483,warlock,affliction,24,19,5
37637,Exorbïtant,blackrock,1477,warlock,affliction,150,76,74
37638,Лысыйлокоть,soulflayer,1475,warlock,affliction,36,18,18
37639,Mty,bronze-dragonflight,1475,warlock,affliction,105,51,54
37640,Lucîfear,silvermoon,1470,warlock,affliction,103,60,43
37641,Spiritawayx,lightbringer,1467,warlock,affliction,24,18,6
37642,Floron,silvermoon,1465,warlock,affliction,67,33,34
37643,Сайденас,gordunni,1461,warlock,affliction,35,16,19
37644,Адоха,howling-fjord,1460,warlock,affliction,42,22,20
37645,Titoss,archimonde,1451,warlock,affliction,78,40,38
37646,Nerfwarriors,stormscale,1450,warlock,affliction,24,17,7
37647,Potterhotter,outland,1446,warlock,affliction,57,30,27
37648,Belíos,stormscale,1445,warlock,affliction,39,24,15
37649,Gaminex,kazzak,1443,warlock,affliction,66,33,33
37650,Soezzlock,archimonde,1440,warlock,affliction,111,58,53
37651,Azurma,tarren-mill,1439,warlock,affliction,24,15,9
37652,Dispellthat,burning-legion,1438,warlock,affliction,31,16,15
37653,Ebolara,aegwynn,1427,warlock,affliction,47,23,24
37654,Нафлэпил,gordunni,1425,warlock,affliction,59,32,27
37655,Apokalyps,eldrethalas,1423,warlock,affliction,238,125,113
37656,Marklock,drakthul,1412,warlock,affliction,60,37,23
37657,Talt,dalaran,1406,warlock,affliction,56,34,22
37658,Oarz,blackrock,1387,warlock,affliction,30,15,15
37659,Äsmødée,dalaran,1381,warlock,affliction,137,67,70
37660,Колдунишка,fordragon,1380,warlock,affliction,89,55,34
37661,Depresive,aggra-português,1380,warlock,affliction,101,54,47
37662,Kavalierr,stormscale,1377,warlock,affliction,70,35,35
37663,Teddyruineur,khaz-modan,1376,warlock,affliction,42,25,17
37664,Rottenbooty,argent-dawn,1374,warlock,affliction,30,15,15
37665,Lánfeár,draenor,1372,warlock,affliction,127,61,66
37666,Zêngâ,kazzak,1370,warlock,affliction,36,18,18
37667,Nate,stormscale,1370,warlock,affliction,52,23,29
37668,Infectius,kazzak,1367,warlock,affliction,61,30,31
37669,Délidumrul,stormscale,1364,warlock,affliction,30,20,10
37670,Axapnon,ragnaros,1364,warlock,affliction,117,53,64
37671,Øprøx,sanguino,1356,warlock,affliction,17,15,2
37672,Nîghtmare,outland,1353,warlock,affliction,35,20,15
37673,Jegfaller,wildhammer,1346,warlock,affliction,66,35,31
37674,Whaii,ravencrest,1339,warlock,affliction,24,14,10
37675,Anabolicbaby,draenor,1339,warlock,affliction,27,15,12
37676,Degdeehei,draenor,1339,warlock,affliction,58,30,28
37677,Itsfiftycent,outland,1337,warlock,affliction,66,36,30
37678,Orsoyopoyo,nemesis,1334,warlock,affliction,18,14,4
37679,Gryme,dalaran,1333,warlock,affliction,66,27,39
37680,Лейссина,eversong,1327,warlock,affliction,89,43,46
37681,Sublînê,blackmoore,1325,warlock,affliction,42,16,26
37682,Themits,executus,1314,warlock,affliction,34,15,19
37683,Phelola,sylvanas,1312,warlock,affliction,36,17,19
37684,Dracsu,dun-modr,1309,warlock,affliction,96,45,51
37685,Tarilinwelli,les-sentinelles,1307,warlock,affliction,88,48,40
37686,Sleethy,destromath,1306,warlock,affliction,36,18,18
37687,Nihale,arakarahm,1304,warlock,affliction,64,29,35
37688,Gash,malganis,1298,warlock,affliction,91,44,47
37689,Сентимент,gordunni,1298,warlock,affliction,36,14,22
37690,Katâra,tarren-mill,1297,warlock,affliction,32,15,17
37691,Перегном,blackscar,1296,warlock,affliction,48,21,27
37692,Bästkusten,kazzak,1294,warlock,affliction,28,16,12
37693,Solitariøus,arathi,1283,warlock,affliction,24,15,9
37694,Voost,aegwynn,1275,warlock,affliction,43,15,28
37695,Pcbbwarlock,sylvanas,1269,warlock,affliction,139,75,64
37696,Kakiamagisa,twisting-nether,1267,warlock,affliction,30,19,11
37697,Warlokk,tarren-mill,1263,warlock,affliction,72,34,38
37698,Diseez,bronzebeard,1262,warlock,affliction,45,24,21
37699,Mooncrásh,blackrock,1261,warlock,affliction,66,32,34
37700,Vaukras,stormscale,1251,warlock,affliction,50,25,25
37701,Стафилокок,deepholm,1248,warlock,affliction,36,19,17
37702,Mayline,kult-der-verdammten,1245,warlock,affliction,24,14,10
37703,Fearing,malganis,1239,warlock,affliction,30,13,17
37704,Sïeur,archimonde,1238,warlock,affliction,24,13,11
37705,Kerthan,malorne,1237,warlock,affliction,68,31,37
37706,Ukicha,burning-blade,1234,warlock,affliction,36,15,21
37707,Hiimsûso,dun-modr,1231,warlock,affliction,29,16,13
37708,Сартеккс,gordunni,1228,warlock,affliction,18,13,5
37709,Dotieks,draenor,1228,warlock,affliction,114,58,56
37710,Soultire,ravencrest,1227,warlock,affliction,66,29,37
37711,Slf,the-maelstrom,1222,warlock,affliction,19,14,5
37712,Nexyra,silvermoon,1216,warlock,affliction,130,63,67
37713,Swagzz,silvermoon,1215,warlock,affliction,54,31,23
37714,Локистраик,borean-tundra,1214,warlock,affliction,47,19,28
37715,Robodot,eredar,1211,warlock,affliction,24,13,11
37716,Tiwtera,draenor,1211,warlock,affliction,30,13,17
37717,Xerxia,blackrock,1205,warlock,affliction,42,25,17
37718,Etsanctum,blackmoore,1204,warlock,affliction,42,14,28
37719,Pokifanone,tarren-mill,1198,warlock,affliction,23,13,10
37720,Âkâl,ravencrest,1194,warlock,affliction,23,13,10
37721,Kyiüû,archimonde,1194,warlock,affliction,27,14,13
37722,Qena,outland,1194,warlock,affliction,36,15,21
37723,Malagate,sylvanas,1190,warlock,affliction,42,17,25
37724,Sunetta,silvermoon,1182,warlock,affliction,68,34,34
37725,Walchia,kazzak,1178,warlock,affliction,77,42,35
37726,Mæphysto,blackrock,1174,warlock,affliction,29,16,13
37727,Huaian,darksorrow,1170,warlock,affliction,56,26,30
37728,Roglash,eredar,1169,warlock,affliction,36,16,20
37729,Blackmagic,stormscale,1168,warlock,affliction,66,33,33
37730,Gamunkul,destromath,1155,warlock,affliction,49,17,32
37731,Yamadea,stormscale,1151,warlock,affliction,18,12,6
37732,Sehk,stormreaver,1151,warlock,affliction,18,12,6
37733,Toppluva,shattered-hand,1151,warlock,affliction,21,13,8
37734,Xskyrov,blackmoore,1151,warlock,affliction,24,12,12
37735,Darkrorr,drakthul,1150,warlock,affliction,24,12,12
37736,Ketem,zuljin,1148,warlock,affliction,36,15,21
37737,Cdztuwu,outland,1147,warlock,affliction,18,12,6
37738,Dhraven,thrall,1145,warlock,affliction,75,35,40
37739,Trinox,teldrassil,1144,warlock,affliction,24,15,9
37740,Suskive,kaelthas,1141,warlock,affliction,24,12,12
37741,Zeotrixie,stormscale,1138,warlock,affliction,24,12,12
37742,Томрэдл,howling-fjord,1134,warlock,affliction,138,68,70
37743,Yahata,nethersturm,1133,warlock,affliction,24,15,9
37744,Requeims,outland,1119,warlock,affliction,22,12,10
37745,Nydek,cthun,1116,warlock,affliction,30,13,17
37746,Squadala,kaelthas,1115,warlock,affliction,30,15,15
37747,Slowfatlock,ravencrest,1115,warlock,affliction,24,12,12
37748,Draklack,turalyon,1115,warlock,affliction,48,22,26
37749,Felboar,quelthalas,1113,warlock,affliction,24,15,9
37750,Cokoladuocka,silvermoon,1107,warlock,affliction,42,18,24
37751,Cahoa,archimonde,1093,warlock,affliction,39,17,22
37752,Горенджо,eversong,1092,warlock,affliction,26,13,13
37753,Cutt,chogall,1090,warlock,affliction,47,23,24
37754,Fraky,frostwhisper,1087,warlock,affliction,23,16,7
37755,Сувала,soulflayer,1082,warlock,affliction,17,12,5
37756,Diegomojes,silvermoon,1080,warlock,affliction,98,53,45
37757,Favris,antonidas,1073,warlock,affliction,92,45,47
37758,Auxi,the-maelstrom,1067,warlock,affliction,25,15,10
37759,Rhyana,sylvanas,1065,warlock,affliction,28,12,16
37760,ßualock,sylvanas,1056,warlock,affliction,18,11,7
37761,Рашчер,gordunni,1056,warlock,affliction,24,11,13
37762,Дотдозор,howling-fjord,1051,warlock,affliction,24,11,13
37763,Venoc,kazzak,1039,warlock,affliction,54,28,26
37764,Vahgaz,burning-legion,1038,warlock,affliction,71,34,37
37765,Selenene,norgannon,1036,warlock,affliction,51,25,26
37766,Gate,blackrock,1022,warlock,affliction,17,11,6
37767,Олдриг,ashenvale,1013,warlock,affliction,39,18,21
37768,Xlara,argent-dawn,1010,warlock,affliction,94,44,50
37769,Skufi,uldum,1004,warlock,affliction,42,20,22
37770,Sovrìn,blackrock,1002,warlock,affliction,23,11,12
37771,Yokûjin,twisting-nether,1002,warlock,affliction,31,12,19
37772,Dannyel,mazrigos,996,warlock,affliction,24,12,12
37773,Ladodida,darkspear,993,warlock,affliction,18,11,7
37774,Бестий,fordragon,989,warlock,affliction,14,11,3
37775,Brítneyfears,azjolnerub,986,warlock,affliction,17,11,6
37776,Bluenote,colinas-pardas,972,warlock,affliction,42,20,22
37777,Шайтанарба,blackscar,971,warlock,affliction,24,14,10
37778,Qullnius,kazzak,971,warlock,affliction,34,12,22
37779,Fealer,magtheridon,968,warlock,affliction,136,67,69
37780,Peonpedro,malganis,960,warlock,affliction,12,10,2
37781,Murdee,kazzak,960,warlock,affliction,18,10,8
37782,Dreamnyâsha,tarren-mill,960,warlock,affliction,18,10,8
37783,Thereya,dun-morogh,960,warlock,affliction,18,10,8
37784,Hannen,blackrock,959,warlock,affliction,24,10,14
37785,Drstyx,anetheron,959,warlock,affliction,30,10,20
37786,Zeinth,sanguino,958,warlock,affliction,18,10,8
37787,Flyps,stormscale,958,warlock,affliction,18,10,8
37788,Коплюнапони,blackscar,958,warlock,affliction,18,10,8
37789,Vivek,grim-batol,957,warlock,affliction,24,10,14
37790,Yowifeinmedm,draenor,957,warlock,affliction,30,10,20
37791,Снэйк,deathguard,956,warlock,affliction,18,10,8
37792,Brustlino,nemesis,955,warlock,affliction,18,10,8
37793,Møärdötd,aggra-português,955,warlock,affliction,18,10,8
37794,Shakuroz,frostwolf,955,warlock,affliction,22,11,11
37795,Sylrathas,burning-legion,953,warlock,affliction,24,10,14
37796,Carlman,hyjal,940,warlock,affliction,18,10,8
37797,Darkháte,blackhand,936,warlock,affliction,18,10,8
37798,Richrichy,outland,921,warlock,affliction,36,15,21
37799,Слававдвх,blackscar,914,warlock,affliction,53,25,28
37800,Letoupet,la-croisade-écarlate,904,warlock,affliction,42,21,21
37801,Oonz,sylvanas,895,warlock,affliction,50,25,25
37802,Nukeem,karazhan,869,warlock,affliction,109,50,59
37803,Boogeyboyx,stormscale,864,warlock,affliction,12,9,3
37804,Парачо,eversong,864,warlock,affliction,12,9,3
37805,Mowxll,blackrock,864,warlock,affliction,18,9,9
37806,Gøzù,antonidas,864,warlock,affliction,18,9,9
37807,Císuh,stormreaver,863,warlock,affliction,12,9,3
37808,Mortvivants,kirin-tor,863,warlock,affliction,12,9,3
37809,Mundunugu,sanguino,863,warlock,affliction,18,9,9
37810,Mykóla,terokkar,863,warlock,affliction,18,9,9
37811,Gaargamelo,blackmoore,863,warlock,affliction,24,9,15
37812,Bh,ragnaros,862,warlock,affliction,18,9,9
37813,Esmuel,argent-dawn,862,warlock,affliction,18,9,9
37814,Aagon,antonidas,862,warlock,affliction,24,9,15
37815,Hitomitanaká,kazzak,862,warlock,affliction,28,9,19
37816,Ívânguldán,twisting-nether,861,warlock,affliction,12,9,3
37817,Zelhala,draenor,861,warlock,affliction,18,9,9
37818,Clungesuck,argent-dawn,861,warlock,affliction,18,9,9
37819,Mumutoaster,blackrock,860,warlock,affliction,12,9,3
37820,Graell,drakthul,860,warlock,affliction,12,9,3
37821,Actelia,the-venture-co,860,warlock,affliction,20,9,11
37822,Deathpoid,draenor,860,warlock,affliction,24,9,15
37823,Izyguldamn,blackmoore,860,warlock,affliction,36,9,27
37824,Blaizen,outland,859,warlock,affliction,18,9,9
37825,Iml,grim-batol,859,warlock,affliction,28,10,18
37826,Gulgash,blackrock,854,warlock,affliction,18,9,9
37827,Iyna,blackmoore,853,warlock,affliction,18,9,9
37828,Alithia,sylvanas,851,warlock,affliction,12,9,3
37829,Sinsemilla,kazzak,846,warlock,affliction,18,9,9
37830,Luckriel,draenor,839,warlock,affliction,18,9,9
37831,Shazem,tarren-mill,830,warlock,affliction,23,9,14
37832,Lockwkrok,burning-legion,805,warlock,affliction,28,10,18
37833,Pipêz,blackmoore,795,warlock,affliction,28,9,19
37834,Sakkrethxd,hyjal,768,warlock,affliction,12,8,4
37835,Noxtarius,thrall,768,warlock,affliction,12,8,4
37836,Rudikiaz,sanguino,768,warlock,affliction,18,8,10
37837,Jinchi,outland,767,warlock,affliction,18,8,10
37838,Dreggsow,blackmoore,767,warlock,affliction,24,8,16
37839,Dondada,aggra-português,766,warlock,affliction,18,8,10
37840,Deamheòlas,ravencrest,765,warlock,affliction,18,8,10
37841,Hacklock,silvermoon,764,warlock,affliction,18,8,10
37842,Hòbó,outland,764,warlock,affliction,18,8,10
37843,Promethazine,nemesis,764,warlock,affliction,18,8,10
37844,Hatenkou,silvermoon,764,warlock,affliction,18,8,10
37845,Tzimice,hyjal,763,warlock,affliction,18,8,10
37846,Matheus,zenedar,763,warlock,affliction,18,8,10
37847,Bu,zirkel-des-cenarius,762,warlock,affliction,12,8,4
37848,Аксиманд,howling-fjord,762,warlock,affliction,12,8,4
37849,Savith,defias-brotherhood,721,warlock,affliction,24,8,16
37850,Diwi,area-52,718,warlock,affliction,72,23,49
37851,Langneur,archimonde,672,warlock,affliction,12,7,5
37852,Консидёро,gordunni,672,warlock,affliction,12,7,5
37853,Kimkold,twisting-nether,672,warlock,affliction,12,7,5
37854,Purplemafia,burning-blade,672,warlock,affliction,12,7,5
37855,Gnargamehl,nemesis,672,warlock,affliction,12,7,5
37856,Ilikebolts,blackmoore,672,warlock,affliction,12,7,5
37857,Mønarch,argent-dawn,672,warlock,affliction,18,7,11
37858,Tanón,sanguino,672,warlock,affliction,18,7,11
37859,Мрорбит,howling-fjord,672,warlock,affliction,18,7,11
37860,Кокобан,howling-fjord,672,warlock,affliction,18,7,11
37861,Dxz,silvermoon,672,warlock,affliction,18,7,11
37862,Муза,gordunni,672,warlock,affliction,18,7,11
37863,Äri,blackmoore,671,warlock,affliction,12,7,5
37864,Azalock,ragnaros,671,warlock,affliction,12,7,5
37865,Yôi,nemesis,671,warlock,affliction,12,7,5
37866,Whocarezlock,stormscale,671,warlock,affliction,18,7,11
37867,Разъелвал,blackscar,670,warlock,affliction,12,7,5
37868,Lockgamerx,ravencrest,670,warlock,affliction,12,7,5
37869,Urssul,kazzak,670,warlock,affliction,12,7,5
37870,Proctolock,garona,670,warlock,affliction,12,7,5
37871,Grimréaper,outland,670,warlock,affliction,18,7,11
37872,Eveline,onyxia,670,warlock,affliction,28,8,20
37873,Greenlock,la-croisade-écarlate,668,warlock,affliction,12,7,5
37874,Нэйрокризиз,howling-fjord,668,warlock,affliction,12,7,5
37875,Дольпико,howling-fjord,665,warlock,affliction,12,7,5
37876,Uthdae,archimonde,664,warlock,affliction,18,7,11
37877,Nicetime,nefarian,663,warlock,affliction,18,7,11
37878,Vinilio,kazzak,660,warlock,affliction,18,7,11
37879,Krismer,silvermoon,618,warlock,affliction,19,8,11
37880,Zevil,emerald-dream,576,warlock,affliction,12,6,6
37881,Soffie,blackrock,576,warlock,affliction,12,6,6
37882,Бенлоел,borean-tundra,576,warlock,affliction,12,6,6
37883,Christoph,tichondrius,576,warlock,affliction,12,6,6
37884,Нэрфир,soulflayer,576,warlock,affliction,12,6,6
37885,Multibuyer,tarren-mill,576,warlock,affliction,12,6,6
37886,Hasla,stormreaver,576,warlock,affliction,12,6,6
37887,Dededot,ysondre,576,warlock,affliction,12,6,6
37888,Dimmybyrger,stormreaver,576,warlock,affliction,12,6,6
37889,Nicker,antonidas,576,warlock,affliction,12,6,6
37890,Nineinchlock,silvermoon,576,warlock,affliction,12,6,6
37891,Çüñ,shattered-hand,576,warlock,affliction,12,6,6
37892,Snackstickz,twisting-nether,576,warlock,affliction,12,6,6
37893,Shaarak,blackrock,576,warlock,affliction,12,6,6
37894,Alcringe,kazzak,576,warlock,affliction,12,6,6
37895,Aches,sylvanas,576,warlock,affliction,15,7,8
37896,Kresyda,dun-modr,576,warlock,affliction,18,6,12
37897,Дакиса,gordunni,576,warlock,affliction,24,6,18
37898,Guccie,ravencrest,575,warlock,affliction,12,6,6
37899,Talindra,stormscale,575,warlock,affliction,12,6,6
37900,Saraconnor,burning-legion,575,warlock,affliction,12,6,6
37901,Vladov,ravencrest,575,warlock,affliction,18,6,12
37902,Toskanoamani,blackmoore,575,warlock,affliction,18,6,12
37903,Lulokko,nemesis,574,warlock,affliction,18,6,12
37904,Wedlock,stormscale,573,warlock,affliction,12,6,6
37905,Глянемче,deathguard,573,warlock,affliction,12,6,6
37906,Lökjävel,twisting-nether,572,warlock,affliction,12,6,6
37907,Цветника,deathguard,569,warlock,affliction,12,6,6
37908,Cencible,twisting-nether,564,warlock,affliction,16,9,7
37909,Parley,frostmane,542,warlock,affliction,16,6,10
37910,Мракодел,deathguard,539,warlock,affliction,10,7,3
37911,Бриант,gordunni,512,warlock,affliction,22,6,16
37912,Скверногрик,fordragon,511,warlock,affliction,10,6,4
37913,Upsahl,twisting-nether,480,warlock,affliction,6,5,1
37914,Ranchiëk,ravencrest,480,warlock,affliction,6,5,1
37915,Uqrlock,twisting-nether,480,warlock,affliction,6,5,1
37916,Saymore,ragnaros,480,warlock,affliction,6,5,1
37917,Dualla,aegwynn,480,warlock,affliction,6,5,1
37918,Pumpfake,ravencrest,480,warlock,affliction,12,5,7
37919,Chaozvx,kazzak,480,warlock,affliction,12,5,7
37920,Daubi,ravencrest,480,warlock,affliction,12,5,7
37921,Chaøsbølt,archimonde,480,warlock,affliction,12,5,7
37922,Kwoleriker,norgannon,480,warlock,affliction,12,5,7
37923,Werkx,archimonde,480,warlock,affliction,12,5,7
37924,Grimus,azuremyst,480,warlock,affliction,12,5,7
37925,Wällaar,ragnaros,480,warlock,affliction,12,5,7
37926,Bwc,aegwynn,480,warlock,affliction,12,5,7
37927,Baz,anubarak,480,warlock,affliction,12,5,7
37928,Druno,archimonde,480,warlock,affliction,12,5,7
37929,Sesshouin,alakir,480,warlock,affliction,12,5,7
37930,Hyøsei,hyjal,480,warlock,affliction,12,5,7
37931,Exerji,twisting-nether,480,warlock,affliction,12,5,7
37932,Ethiq,blackrock,480,warlock,affliction,12,5,7
37933,Iatedora,ahnqiraj,480,warlock,affliction,12,5,7
37934,Covidbolt,outland,480,warlock,affliction,12,5,7
37935,Zukau,argent-dawn,480,warlock,affliction,12,5,7
37936,Affllction,auchindoun,480,warlock,affliction,18,5,13
37937,Wumz,sylvanas,480,warlock,affliction,18,5,13
37938,Lókí,nagrand,479,warlock,affliction,6,5,1
37939,Dreamage,exodar,479,warlock,affliction,12,5,7
37940,Jacobí,defias-brotherhood,479,warlock,affliction,12,5,7
37941,Demonflickan,silvermoon,479,warlock,affliction,12,5,7
37942,Consfearacy,executus,479,warlock,affliction,18,5,13
37943,Dótcom,draenor,478,warlock,affliction,12,5,7
37944,Üserper,chamber-of-aspects,478,warlock,affliction,30,5,25
37945,Hunbeliever,ragnaros,477,warlock,affliction,6,5,1
37946,Principle,dunemaul,477,warlock,affliction,6,5,1
37947,Lemuriel,arthas,477,warlock,affliction,16,5,11
37948,Warlocker,anachronos,475,warlock,affliction,12,5,7
37949,Ashgron,burning-legion,474,warlock,affliction,12,5,7
37950,Arlu,blackrock,472,warlock,affliction,12,5,7
37951,Nøx,quelthalas,447,warlock,affliction,9,6,3
37952,Trythislock,crushridge,431,warlock,affliction,11,5,6
37953,Márinho,aggra-português,426,warlock,affliction,14,6,8
37954,Danidelarge,blackmoore,426,warlock,affliction,21,6,15
37955,Migyardondup,exodar,416,warlock,affliction,14,6,8
37956,Lazyblue,hyjal,415,warlock,affliction,14,5,9
37957,Stromzii,silvermoon,400,warlock,affliction,7,5,2
37958,Hazelock,draenor,384,warlock,affliction,6,4,2
37959,Lockyy,karazhan,384,warlock,affliction,6,4,2
37960,Wizdoom,outland,384,warlock,affliction,6,4,2
37961,Дестроварлок,blackscar,384,warlock,affliction,6,4,2
37962,Hopéléss,aggra-português,384,warlock,affliction,6,4,2
37963,Solomohn,steamwheedle-cartel,384,warlock,affliction,6,4,2
37964,Патокдрысни,howling-fjord,384,warlock,affliction,6,4,2
37965,Ashhlock,silvermoon,384,warlock,affliction,6,4,2
37966,Ашимал,soulflayer,384,warlock,affliction,6,4,2
37967,Фейкгодх,soulflayer,384,warlock,affliction,6,4,2
37968,Tekrowdy,blackmoore,384,warlock,affliction,6,4,2
37969,Шизуи,borean-tundra,384,warlock,affliction,6,4,2
37970,Heavylock,sylvanas,384,warlock,affliction,6,4,2
37971,Diablotiin,hyjal,384,warlock,affliction,6,4,2
37972,Adotroz,magtheridon,384,warlock,affliction,6,4,2
37973,Helventti,sylvanas,384,warlock,affliction,6,4,2
37974,Dotritos,tarren-mill,384,warlock,affliction,6,4,2
37975,Friendlylock,quelthalas,384,warlock,affliction,6,4,2
37976,Psychoduck,stormscale,384,warlock,affliction,7,4,3
37977,Muninnus,archimonde,384,warlock,affliction,12,4,8
37978,Zoh,archimonde,384,warlock,affliction,12,4,8
37979,Сатенекс,soulflayer,384,warlock,affliction,12,4,8
37980,Corbbolt,drakthul,384,warlock,affliction,12,4,8
37981,Braneiotqq,kazzak,384,warlock,affliction,12,4,8
37982,Zatella,ravencrest,384,warlock,affliction,12,4,8
37983,Kyyuss,burning-legion,384,warlock,affliction,12,4,8
37984,Samigina,argent-dawn,384,warlock,affliction,12,4,8
37985,Mortibal,dalvengyr,384,warlock,affliction,12,4,8
37986,Thepureone,blades-edge,384,warlock,affliction,12,4,8
37987,Xyzzy,silvermoon,384,warlock,affliction,12,4,8
37988,Doomkicksin,haomarush,384,warlock,affliction,12,4,8
37989,Náwwk,blackmoore,384,warlock,affliction,12,4,8
37990,Zeddy,draenor,384,warlock,affliction,12,4,8
37991,Eleriya,argent-dawn,384,warlock,affliction,12,4,8
37992,Maderaloco,silvermoon,384,warlock,affliction,12,4,8
37993,Waryald,dun-modr,384,warlock,affliction,12,4,8
37994,Sanas,blackhand,384,warlock,affliction,18,4,14
37995,Nokzhul,blackrock,384,warlock,affliction,18,4,14
37996,Roedin,tarren-mill,384,warlock,affliction,18,4,14
37997,Lokic,draenor,384,warlock,affliction,18,4,14
37998,Phéar,deathwing,383,warlock,affliction,6,4,2
37999,Whisperswerd,blackrock,383,warlock,affliction,6,4,2
38000,Divvaa,tarren-mill,383,warlock,affliction,12,4,8
38001,Modéus,ysondre,383,warlock,affliction,12,4,8
38002,Lünatix,archimonde,383,warlock,affliction,18,4,14
38003,Аннирина,eversong,382,warlock,affliction,6,4,2
38004,Sladurana,eredar,379,warlock,affliction,12,4,8
38005,Gonzoqt,tarren-mill,352,warlock,affliction,10,5,5
38006,Dotyboi,tarren-mill,351,warlock,affliction,8,5,3
38007,Fearu,kazzak,336,warlock,affliction,15,4,11
38008,Marakh,stormscale,320,warlock,affliction,10,4,6
38009,Mjuklock,ravencrest,319,warlock,affliction,14,4,10
38010,Demónfire,sylvanas,288,warlock,affliction,6,3,3
38011,Veoxohr,argent-dawn,288,warlock,affliction,6,3,3
38012,Slavecry,silvermoon,288,warlock,affliction,6,3,3
38013,Babayagâ,sanguino,288,warlock,affliction,6,3,3
38014,Xristianos,ravencrest,288,warlock,affliction,6,3,3
38015,Madridistaß,outland,288,warlock,affliction,6,3,3
38016,Sazamia,ravencrest,288,warlock,affliction,6,3,3
38017,Demonoulis,bloodhoof,288,warlock,affliction,6,3,3
38018,Dontargetme,draenor,288,warlock,affliction,6,3,3
38019,Darkgrave,the-maelstrom,288,warlock,affliction,6,3,3
38020,Zzooxx,silvermoon,288,warlock,affliction,6,3,3
38021,Siyaa,eredar,288,warlock,affliction,6,3,3
38022,Демоник,deathguard,288,warlock,affliction,6,3,3
38023,Зензирил,galakrond,288,warlock,affliction,6,3,3
38024,Beleghost,sylvanas,288,warlock,affliction,6,3,3
38025,Smoulville,sanguino,288,warlock,affliction,6,3,3
38026,Mariahscary,auchindoun,288,warlock,affliction,6,3,3
38027,Zélroth,argent-dawn,288,warlock,affliction,6,3,3
38028,Manikalinka,stormscale,288,warlock,affliction,6,3,3
38029,Джастсак,gordunni,288,warlock,affliction,6,3,3
38030,Imphugger,kazzak,288,warlock,affliction,6,3,3
38031,Kitingguru,stormscale,288,warlock,affliction,6,3,3
38032,Dubbzy,outland,288,warlock,affliction,6,3,3
38033,Bakal,vashj,288,warlock,affliction,6,3,3
38034,Nayolana,argent-dawn,288,warlock,affliction,6,3,3
38035,Шрэкс,blackscar,288,warlock,affliction,6,3,3
38036,Drainsouls,stormscale,288,warlock,affliction,6,3,3
38037,Ðæthpäct,dalaran,288,warlock,affliction,6,3,3
38038,Azmondan,ahnqiraj,288,warlock,affliction,6,3,3
38039,Dxfive,tarren-mill,288,warlock,affliction,6,3,3
38040,Demonologyz,ravencrest,288,warlock,affliction,6,3,3
38041,Bigdamndots,twisting-nether,288,warlock,affliction,6,3,3
38042,Датри,grom,288,warlock,affliction,6,3,3
38043,Marenov,kazzak,288,warlock,affliction,6,3,3
38044,Nybbx,frostmane,288,warlock,affliction,6,3,3
38045,Darksoll,hyjal,288,warlock,affliction,6,3,3
38046,Drozhna,kaelthas,288,warlock,affliction,6,3,3
38047,Eldrinar,twisting-nether,288,warlock,affliction,6,3,3
38048,Полтарашкаа,blackscar,288,warlock,affliction,6,3,3
38049,Kenthal,nemesis,288,warlock,affliction,6,3,3
38050,Kumamoto,tarren-mill,288,warlock,affliction,6,3,3
38051,Absúrd,turalyon,288,warlock,affliction,6,3,3
38052,Skuvee,archimonde,288,warlock,affliction,6,3,3
38053,Ooze,kazzak,288,warlock,affliction,6,3,3
38054,Gigabolt,turalyon,288,warlock,affliction,6,3,3
38055,Фримех,soulflayer,288,warlock,affliction,6,3,3
38056,Smaúg,archimonde,288,warlock,affliction,6,3,3
38057,Retrosatanas,archimonde,288,warlock,affliction,6,3,3
38058,Damira,blackmoore,288,warlock,affliction,6,3,3
38059,Feyreah,blackmoore,288,warlock,affliction,6,3,3
38060,Славеномен,howling-fjord,288,warlock,affliction,6,3,3
38061,Bixik,ravencrest,288,warlock,affliction,8,3,5
38062,Влицотьмой,gordunni,288,warlock,affliction,12,3,9
38063,Сварожевич,galakrond,288,warlock,affliction,12,3,9
38064,Zdrac,stormscale,288,warlock,affliction,12,3,9
38065,Этожедру,howling-fjord,288,warlock,affliction,12,3,9
38066,Likee,eredar,288,warlock,affliction,12,3,9
38067,Priszcilla,twisting-nether,287,warlock,affliction,6,3,3
38068,Lifesteal,auchindoun,287,warlock,affliction,6,3,3
38069,Smuutil,drakthul,287,warlock,affliction,6,3,3
38070,Vendømlørd,archimonde,287,warlock,affliction,6,3,3
38071,Juod,frostmane,287,warlock,affliction,6,3,3
38072,Pøzzi,hyjal,287,warlock,affliction,6,3,3
38073,Lewdrumpslap,kazzak,287,warlock,affliction,9,4,5
38074,Prekt,ragnaros,239,warlock,affliction,5,3,2
38075,Franta,chromaggus,239,warlock,affliction,5,3,2
38076,Snaga,culte-de-la-rive-noire,233,warlock,affliction,15,5,10
38077,Lockas,ravencrest,222,warlock,affliction,8,3,5
38078,Dotsfired,aegwynn,192,warlock,affliction,6,2,4
38079,Tokarrus,blackmoore,192,warlock,affliction,6,2,4
38080,Ðankan,aegwynn,192,warlock,affliction,6,2,4
38081,Bigbagelbob,archimonde,192,warlock,affliction,6,2,4
38082,Djadizpunish,stormscale,192,warlock,affliction,6,2,4
38083,Healél,sanguino,192,warlock,affliction,6,2,4
38084,Endherkonk,sanguino,192,warlock,affliction,6,2,4
38085,Irnx,tarren-mill,192,warlock,affliction,6,2,4
38086,Supergeîl,blackrock,192,warlock,affliction,6,2,4
38087,Purplemonkey,burning-blade,192,warlock,affliction,6,2,4
38088,Жериновсский,gordunni,192,warlock,affliction,6,2,4
38089,Цзинкэ,gordunni,192,warlock,affliction,6,2,4
38090,Гумал,howling-fjord,192,warlock,affliction,6,2,4
38091,Slàsh,hyjal,192,warlock,affliction,6,2,4
38092,Скверножмых,gordunni,192,warlock,affliction,6,2,4
38093,Kotihoitaja,stormreaver,192,warlock,affliction,6,2,4
38094,Turdy,sylvanas,192,warlock,affliction,6,2,4
38095,Kivilock,dun-modr,192,warlock,affliction,6,2,4
38096,Necroless,shadowsong,192,warlock,affliction,6,2,4
38097,Tørcal,hyjal,192,warlock,affliction,6,2,4
38098,Фламмэнх,soulflayer,192,warlock,affliction,6,2,4
38099,Millhaus,gorgonnash,192,warlock,affliction,6,2,4
38100,Чернокнжник,soulflayer,192,warlock,affliction,6,2,4
38101,Бирел,soulflayer,192,warlock,affliction,6,2,4
38102,Маларгас,soulflayer,192,warlock,affliction,6,2,4
38103,Крэдоу,soulflayer,192,warlock,affliction,6,2,4
38104,Legend,trollbane,192,warlock,affliction,6,2,4
38105,Therelda,sanguino,192,warlock,affliction,6,2,4
38106,Kastón,dun-modr,192,warlock,affliction,6,2,4
38107,Hellcatherin,ghostlands,192,warlock,affliction,6,2,4
38108,Berkobaggins,ravencrest,192,warlock,affliction,6,2,4
38109,Shreklock,burning-blade,192,warlock,affliction,6,2,4
38110,ßatocko,kazzak,192,warlock,affliction,6,2,4
38111,Хастла,ashenvale,192,warlock,affliction,6,2,4
38112,Алануэйк,deathguard,192,warlock,affliction,6,2,4
38113,Marroux,malganis,192,warlock,affliction,6,2,4
38114,Potatowl,ravencrest,192,warlock,affliction,6,2,4
38115,Soundmagic,silvermoon,192,warlock,affliction,6,2,4
38116,Fredé,kazzak,192,warlock,affliction,6,2,4
38117,Flockyy,draenor,192,warlock,affliction,6,2,4
38118,Razkann,confrérie-du-thorium,192,warlock,affliction,6,2,4
38119,Elvània,eredar,192,warlock,affliction,6,2,4
38120,Désolaté,kazzak,192,warlock,affliction,6,2,4
38121,Enviroq,burning-legion,192,warlock,affliction,6,2,4
38122,Yhazel,archimonde,192,warlock,affliction,6,2,4
38123,Wutili,dun-morogh,192,warlock,affliction,6,2,4
38124,Zartax,kazzak,192,warlock,affliction,6,2,4
38125,Venaarus,antonidas,192,warlock,affliction,6,2,4
38126,Adafbhf,tichondrius,192,warlock,affliction,8,2,6
38127,Рыжевласочка,eversong,192,warlock,affliction,12,2,10
38128,Müsli,kiljaeden,192,warlock,affliction,12,2,10
38129,Dupony,antonidas,192,warlock,affliction,12,2,10
38130,Pøx,nemesis,192,warlock,affliction,12,2,10
38131,Ryurans,cthun,159,warlock,affliction,5,2,3
38132,Overbuffed,wildhammer,159,warlock,affliction,5,2,3
38133,Аоепампгодх,howling-fjord,159,warlock,affliction,11,2,9
38134,Malariaa,defias-brotherhood,128,warlock,affliction,4,2,2
38135,Hokoreuw,echsenkessel,112,warlock,affliction,7,2,5
38136,Nainbusdemil,dalaran,112,warlock,affliction,7,2,5
38137,Infernó,aerie-peak,96,warlock,affliction,3,2,1
38138,Laokoon,blackmoore,96,warlock,affliction,3,2,1
38139,Mergon,ravencrest,96,warlock,affliction,3,2,1
38140,Carelock,chamber-of-aspects,96,warlock,affliction,3,2,1
38141,Icritmore,stormscale,96,warlock,affliction,6,1,5
38142,Guttate,chamber-of-aspects,96,warlock,affliction,6,1,5
38143,Vicktorious,stormscale,96,warlock,affliction,6,1,5
38144,Mendozaah,kazzak,96,warlock,affliction,6,1,5
38145,Blackwizard,theradras,96,warlock,affliction,6,1,5
38146,Mîjagî,blackhand,96,warlock,affliction,6,1,5
38147,Kretuss,silvermoon,96,warlock,affliction,6,1,5
38148,Klone,die-todeskrallen,96,warlock,affliction,6,1,5
38149,Fearrari,ragnaros,96,warlock,affliction,6,1,5
38150,Nevergladtra,darksorrow,96,warlock,affliction,6,1,5
38151,Усубени,greymane,96,warlock,affliction,6,1,5
38152,Goefaz,blackrock,96,warlock,affliction,6,1,5
38153,Branduir,ragnaros,96,warlock,affliction,6,1,5
38154,Jagerlock,doomhammer,96,warlock,affliction,6,1,5
38155,Cringetamer,silvermoon,96,warlock,affliction,6,1,5
38156,Belial,minahonda,96,warlock,affliction,6,1,5
38157,Noahh,kazzak,96,warlock,affliction,6,1,5
38158,Robertóó,burning-legion,96,warlock,affliction,6,1,5
38159,Бигсмоук,howling-fjord,96,warlock,affliction,6,1,5
38160,Tsumde,dalaran,96,warlock,affliction,6,1,5
38161,Adøume,ysondre,96,warlock,affliction,15,1,14
38162,Poulebar,ysondre,64,warlock,affliction,4,1,3
38163,Natpoesje,azjolnerub,64,warlock,affliction,4,1,3
38164,Akdan,ragnaros,64,warlock,affliction,4,1,3
38165,Nedivh,stormscale,48,warlock,affliction,3,1,2
38166,Petrosk,sanguino,42,warlock,affliction,6,2,4
38167,Tepelkwastje,twisting-nether,31,warlock,affliction,8,1,7
38168,Dõxlol,kazzak,2179,warrior,fury,72,45,27
38169,Dyingdog,kazzak,2173,warrior,fury,67,38,29
38170,Gottdustin,lothar,2124,warrior,fury,143,78,65
38171,Quanny,die-aldor,2102,warrior,fury,114,67,47
38172,Níghtfúry,ravencrest,2102,warrior,fury,84,43,41
38173,Ðunhammer,blackmoore,2100,warrior,fury,114,67,47
38174,Vitezandro,stormscale,2013,warrior,fury,54,40,14
38175,Corvínus,blackrock,1992,warrior,fury,138,72,66
38176,Syltetballe,kazzak,1962,warrior,fury,48,37,11
38177,Dyingdogs,kazzak,1945,warrior,fury,60,32,28
38178,Schultze,kazzak,1941,warrior,fury,113,49,64
38179,Thezug,blackmoore,1935,warrior,fury,96,48,48
38180,Sublex,blackrock,1933,warrior,fury,60,34,26
38181,Thorana,twisting-nether,1929,warrior,fury,349,169,180
38182,Uretirips,archimonde,1928,warrior,fury,120,70,50
38183,Дахирарг,fordragon,1911,warrior,fury,66,35,31
38184,Gregorez,silvermoon,1910,warrior,fury,96,53,43
38185,Sockerbagarn,zenedar,1906,warrior,fury,91,47,44
38186,Варплеер,gordunni,1875,warrior,fury,58,30,28
38187,Schlauberg,azshara,1864,warrior,fury,54,33,21
38188,Insanedmg,dun-modr,1864,warrior,fury,72,40,32
38189,Émalkay,tarren-mill,1863,warrior,fury,48,26,22
38190,Bloodhorn,blackhand,1857,warrior,fury,54,36,18
38191,Brythwyn,blackrock,1856,warrior,fury,54,30,24
38192,Wruxar,bronzebeard,1856,warrior,fury,54,29,25
38193,Pflanzling,nozdormu,1851,warrior,fury,84,41,43
38194,Kwesta,kazzak,1850,warrior,fury,60,34,26
38195,Morganãrogán,ragnaros,1850,warrior,fury,42,23,19
38196,Yaler,alakir,1847,warrior,fury,48,33,15
38197,Cesr,bloodhoof,1847,warrior,fury,126,71,55
38198,Jeco,tarren-mill,1846,warrior,fury,66,39,27
38199,Yawalad,stormscale,1845,warrior,fury,66,35,31
38200,Sublex,aegwynn,1838,warrior,fury,60,36,24
38201,Robycoleman,nemesis,1837,warrior,fury,165,88,77
38202,Frozenliøn,twisting-nether,1836,warrior,fury,48,32,16
38203,Elsensør,thrall,1832,warrior,fury,63,32,31
38204,Faraam,sunstrider,1832,warrior,fury,45,21,24
38205,Méido,argent-dawn,1830,warrior,fury,307,163,144
38206,Imolderthenu,blackrock,1825,warrior,fury,166,91,75
38207,Kenryu,argent-dawn,1825,warrior,fury,60,32,28
38208,Sonnyzz,sanguino,1824,warrior,fury,36,21,15
38209,Timewarrior,ravencrest,1824,warrior,fury,54,30,24
38210,Deatheart,ysondre,1824,warrior,fury,76,41,35
38211,Трэйдар,blackscar,1823,warrior,fury,48,27,21
38212,Sporctaco,nemesis,1822,warrior,fury,142,72,70
38213,Gladius,blutkessel,1819,warrior,fury,156,80,76
38214,Letiis,blackrock,1816,warrior,fury,105,57,48
38215,Geez,burning-blade,1815,warrior,fury,36,21,15
38216,Adian,ravencrest,1813,warrior,fury,42,26,16
38217,Zednos,twilights-hammer,1812,warrior,fury,184,102,82
38218,Xzwarr,silvermoon,1810,warrior,fury,38,21,17
38219,Мигнт,howling-fjord,1810,warrior,fury,42,23,19
38220,Hawkman,outland,1809,warrior,fury,41,25,16
38221,Capitalista,das-konsortium,1809,warrior,fury,90,51,39
38222,Clellin,silvermoon,1807,warrior,fury,139,80,59
38223,Späns,ragnaros,1807,warrior,fury,71,34,37
38224,Zyalen,stormscale,1806,warrior,fury,60,32,28
38225,Âshnâzgðûr,burning-blade,1806,warrior,fury,87,43,44
38226,Warrez,azuremyst,1804,warrior,fury,113,67,46
38227,Kizzyo,draenor,1804,warrior,fury,96,51,45
38228,Nóvamh,draenor,1802,warrior,fury,42,24,18
38229,Kocmochka,tarren-mill,1802,warrior,fury,60,32,28
38230,Heartmemphis,stormscale,1801,warrior,fury,41,24,17
38231,Sonnylolxd,dun-modr,1800,warrior,fury,54,29,25
38232,Badon,burning-legion,1783,warrior,fury,54,35,19
38233,Castlevania,ravencrest,1782,warrior,fury,72,37,35
38234,Zadirich,burning-blade,1774,warrior,fury,66,35,31
38235,Tóffèl,thrall,1773,warrior,fury,48,32,16
38236,Rïmxøxø,haomarush,1773,warrior,fury,48,32,16
38237,Ryonâgai,aegwynn,1773,warrior,fury,54,30,24
38238,Luxurious,argent-dawn,1770,warrior,fury,72,40,32
38239,Злопиканка,gordunni,1769,warrior,fury,61,31,30
38240,Xark,drakthul,1767,warrior,fury,78,41,37
38241,Elsensor,sylvanas,1760,warrior,fury,66,27,39
38242,Xeraaya,kirin-tor,1757,warrior,fury,78,39,39
38243,Unstopablle,twisting-nether,1755,warrior,fury,78,47,31
38244,Футжисубо,razuvious,1753,warrior,fury,60,32,28
38245,Honzakesl,drakthul,1751,warrior,fury,51,32,19
38246,Irontouch,draenor,1742,warrior,fury,48,29,19
38247,Zidbi,argent-dawn,1740,warrior,fury,84,44,40
38248,Biturboo,blackrock,1740,warrior,fury,58,29,29
38249,Релайк,gordunni,1739,warrior,fury,48,26,22
38250,Рыгатрон,galakrond,1732,warrior,fury,36,19,17
38251,Plackø,draenor,1731,warrior,fury,68,36,32
38252,Dreams,auchindoun,1727,warrior,fury,36,23,13
38253,Читора,blackscar,1726,warrior,fury,47,27,20
38254,Walexmaryk,ragnaros,1726,warrior,fury,125,71,54
38255,Råzor,blackhand,1726,warrior,fury,203,113,90
38256,Juna,hellscream,1726,warrior,fury,91,47,44
38257,Даймонддогс,gordunni,1725,warrior,fury,64,36,28
38258,Lair,zuljin,1721,warrior,fury,94,57,37
38259,Elian,ragnaros,1721,warrior,fury,54,24,30
38260,Грамол,soulflayer,1719,warrior,fury,66,36,30
38261,Кавайтити,blackscar,1718,warrior,fury,39,19,20
38262,Варынеопэ,gordunni,1717,warrior,fury,65,35,30
38263,Dronikos,ravencrest,1712,warrior,fury,42,28,14
38264,Тьмасвятая,gordunni,1710,warrior,fury,42,22,20
38265,Протектор,soulflayer,1710,warrior,fury,130,66,64
38266,Кладбошаа,gordunni,1706,warrior,fury,100,52,48
38267,Stansmash,kazzak,1704,warrior,fury,30,18,12
38268,Cuzyxtwo,blackrock,1704,warrior,fury,48,27,21
38269,Дарккардинал,deathguard,1699,warrior,fury,76,38,38
38270,Violentfunky,ravencrest,1697,warrior,fury,84,40,44
38271,Luigistar,naxxramas,1696,warrior,fury,30,18,12
38272,Discoklaus,blackmoore,1695,warrior,fury,168,86,82
38273,Margon,aegwynn,1692,warrior,fury,36,23,13
38274,Bananapower,aszune,1692,warrior,fury,54,30,24
38275,Yodabär,blackmoore,1690,warrior,fury,120,62,58
38276,Котаче,soulflayer,1680,warrior,fury,78,42,36
38277,Slaycon,sanguino,1680,warrior,fury,63,26,37
38278,Gôrilla,kazzak,1674,warrior,fury,32,19,13
38279,Даркслеерх,howling-fjord,1674,warrior,fury,36,18,18
38280,Бубаигавар,gordunni,1673,warrior,fury,42,22,20
38281,Neopronouns,stormscale,1672,warrior,fury,36,22,14
38282,Гринфинч,galakrond,1670,warrior,fury,82,44,38
38283,Ifir,hyjal,1670,warrior,fury,52,25,27
38284,Vÿnk,ysondre,1669,warrior,fury,80,45,35
38285,Pouckette,hyjal,1668,warrior,fury,54,29,25
38286,Osha,hyjal,1668,warrior,fury,219,111,108
38287,Harbee,stormscale,1667,warrior,fury,141,82,59
38288,Ranmaru,kazzak,1665,warrior,fury,97,46,51
38289,Broley,blackhand,1663,warrior,fury,46,30,16
38290,Vegilhenvin,stormscale,1663,warrior,fury,60,38,22
38291,Níká,bronzebeard,1663,warrior,fury,52,30,22
38292,Susugar,ysondre,1663,warrior,fury,40,21,19
38293,Gamesucks,silvermoon,1662,warrior,fury,52,31,21
38294,Берззлой,gordunni,1661,warrior,fury,52,30,22
38295,Averenx,frostwolf,1659,warrior,fury,110,57,53
38296,Stephabibi,kazzak,1655,warrior,fury,34,23,11
38297,Vesnãpusic,draenor,1655,warrior,fury,51,32,19
38298,Iagô,argent-dawn,1655,warrior,fury,60,35,25
38299,Wgdx,ravencrest,1655,warrior,fury,36,18,18
38300,Azazelslayer,dethecus,1652,warrior,fury,54,38,16
38301,Очепенец,soulflayer,1652,warrior,fury,129,66,63
38302,Дейдулус,soulflayer,1651,warrior,fury,36,19,17
38303,Noproblem,ragnaros,1650,warrior,fury,65,34,31
38304,Хенгард,gordunni,1648,warrior,fury,54,29,25
38305,Swayzze,frostwolf,1642,warrior,fury,48,27,21
38306,Mybigcow,darkspear,1638,warrior,fury,47,22,25
38307,Боссберс,soulflayer,1637,warrior,fury,48,29,19
38308,Вадло,soulflayer,1635,warrior,fury,54,27,27
38309,Bastquirage,dalaran,1633,warrior,fury,42,24,18
38310,Jaý,draenor,1632,warrior,fury,39,23,16
38311,Ðènlos,destromath,1632,warrior,fury,84,43,41
38312,Soakmybeet,archimonde,1632,warrior,fury,47,23,24
38313,Pizdatos,ravencrest,1631,warrior,fury,48,26,22
38314,Sanngridr,defias-brotherhood,1629,warrior,fury,66,32,34
38315,Peli,burning-blade,1628,warrior,fury,228,114,114
38316,Nerfrend,stormscale,1627,warrior,fury,30,17,13
38317,Megalann,silvermoon,1627,warrior,fury,84,41,43
38318,Криккс,greymane,1625,warrior,fury,66,32,34
38319,Ðønøvan,sanguino,1624,warrior,fury,58,32,26
38320,Roxxyy,stormreaver,1621,warrior,fury,53,31,22
38321,Borndet,eredar,1618,warrior,fury,33,22,11
38322,Discølove,frostwolf,1615,warrior,fury,35,19,16
38323,Zerberos,drakthul,1615,warrior,fury,89,47,42
38324,Yserá,auchindoun,1615,warrior,fury,36,17,19
38325,Вундеркитти,soulflayer,1611,warrior,fury,66,35,31
38326,Celn,silvermoon,1608,warrior,fury,145,80,65
38327,Элинглир,gordunni,1608,warrior,fury,57,30,27
38328,Koljach,sylvanas,1608,warrior,fury,133,69,64
38329,Шлифую,howling-fjord,1608,warrior,fury,66,32,34
38330,Байсал,gordunni,1607,warrior,fury,48,26,22
38331,Хёда,eversong,1607,warrior,fury,60,32,28
38332,Boos,burning-legion,1605,warrior,fury,30,17,13
38333,Jetman,ravencrest,1605,warrior,fury,40,19,21
38334,Joeférnandes,ragnaros,1604,warrior,fury,30,19,11
38335,Halfbroken,moonglade,1602,warrior,fury,66,31,35
38336,Ebonheart,argent-dawn,1599,warrior,fury,59,32,27
38337,Dödgrävarn,stormscale,1597,warrior,fury,65,36,29
38338,Narukeratnik,draenor,1596,warrior,fury,60,36,24
38339,Abnôrmus,tarren-mill,1594,warrior,fury,114,53,61
38340,Zhenshii,blackmoore,1593,warrior,fury,53,28,25
38341,Эйримор,gordunni,1593,warrior,fury,137,68,69
38342,Lífelover,tarren-mill,1593,warrior,fury,66,30,36
38343,Methodxd,outland,1592,warrior,fury,78,38,40
38344,Bartins,magtheridon,1591,warrior,fury,48,31,17
38345,Hanìbal,ravencrest,1590,warrior,fury,36,18,18
38346,Zupkaztrópka,burning-legion,1587,warrior,fury,89,47,42
38347,Мамкингерой,howling-fjord,1585,warrior,fury,36,21,15
38348,Добиватель,howling-fjord,1583,warrior,fury,54,33,21
38349,Bønecleaver,blackrock,1583,warrior,fury,86,45,41
38350,Thundersword,sylvanas,1582,warrior,fury,42,21,21
38351,Wornag,argent-dawn,1578,warrior,fury,83,40,43
38352,Fizzywarrior,blackmoore,1576,warrior,fury,42,23,19
38353,Латахо,gordunni,1574,warrior,fury,54,27,27
38354,Grâkul,twisting-nether,1571,warrior,fury,139,73,66
38355,Asmoche,archimonde,1571,warrior,fury,60,29,31
38356,Beasterbunny,outland,1569,warrior,fury,26,18,8
38357,Garlogar,twisting-nether,1569,warrior,fury,108,59,49
38358,Тегриско,goldrinn,1568,warrior,fury,54,27,27
38359,Stahlhund,silvermoon,1564,warrior,fury,87,47,40
38360,Rofos,hellscream,1563,warrior,fury,49,25,24
38361,Касюлин,gordunni,1562,warrior,fury,53,31,22
38362,Æç,argent-dawn,1562,warrior,fury,36,19,17
38363,Alexandrrior,rexxar,1561,warrior,fury,57,35,22
38364,Сариату,soulflayer,1556,warrior,fury,72,34,38
38365,Waralert,kazzak,1553,warrior,fury,36,19,17
38366,Titza,silvermoon,1551,warrior,fury,50,19,31
38367,Альмас,galakrond,1548,warrior,fury,42,21,21
38368,Jyukei,archimonde,1546,warrior,fury,30,23,7
38369,Horovoko,kazzak,1541,warrior,fury,24,18,6
38370,Rimvar,alleria,1541,warrior,fury,54,27,27
38371,Slidmacka,twisting-nether,1539,warrior,fury,36,24,12
38372,Dævedoff,sanguino,1537,warrior,fury,36,20,16
38373,Ананаслорд,blackscar,1535,warrior,fury,26,18,8
38374,Jinrok,turalyon,1535,warrior,fury,42,27,15
38375,Wabisabì,silvermoon,1534,warrior,fury,35,18,17
38376,Hejduk,frostmane,1533,warrior,fury,30,20,10
38377,Вменяемый,gordunni,1533,warrior,fury,88,44,44
38378,Белославный,gordunni,1532,warrior,fury,55,38,17
38379,ßbç,ysondre,1532,warrior,fury,84,41,43
38380,Gronos,silvermoon,1531,warrior,fury,54,29,25
38381,Kiha,argent-dawn,1527,warrior,fury,30,16,14
38382,Telrion,silvermoon,1525,warrior,fury,30,16,14
38383,Hynish,doomhammer,1524,warrior,fury,40,21,19
38384,Неуно,howling-fjord,1522,warrior,fury,54,32,22
38385,Inconcussae,drakthul,1519,warrior,fury,30,19,11
38386,Mirpz,doomhammer,1519,warrior,fury,47,24,23
38387,Bözzy,stormreaver,1518,warrior,fury,120,60,60
38388,Skylexs,burning-legion,1517,warrior,fury,36,16,20
38389,Perinel,draenor,1514,warrior,fury,76,30,46
38390,Dizzyndumb,draenor,1513,warrior,fury,141,79,62
38391,Zwecko,malganis,1513,warrior,fury,30,16,14
38392,Pokopo,blackrock,1510,warrior,fury,42,23,19
38393,Kwedrowar,burning-legion,1510,warrior,fury,99,48,51
38394,Втораянатура,howling-fjord,1508,warrior,fury,36,22,14
38395,Thagzar,burning-legion,1508,warrior,fury,83,41,42
38396,Мурмадонио,soulflayer,1507,warrior,fury,60,26,34
38397,Kibb,sylvanas,1505,warrior,fury,23,17,6
38398,Темнозорь,ashenvale,1504,warrior,fury,30,16,14
38399,Truckfury,ravencrest,1504,warrior,fury,88,46,42
38400,Jarggyül,culte-de-la-rive-noire,1500,warrior,fury,36,21,15
38401,Crriminal,ravencrest,1498,warrior,fury,24,16,8
38402,Sebastian,ravencrest,1498,warrior,fury,60,29,31
38403,Auglok,twisting-nether,1496,warrior,fury,84,44,40
38404,Certavus,antonidas,1494,warrior,fury,42,21,21
38405,Enzja,nazjatar,1492,warrior,fury,31,18,13
38406,Evrybodydown,draenor,1492,warrior,fury,148,77,71
38407,Bigbibbs,tarren-mill,1488,warrior,fury,62,28,34
38408,Лимор,howling-fjord,1488,warrior,fury,42,16,26
38409,Гронвер,soulflayer,1487,warrior,fury,92,50,42
38410,Thorken,ragnaros,1487,warrior,fury,48,21,27
38411,Ärmodäuss,norgannon,1486,warrior,fury,69,34,35
38412,Варрвик,howling-fjord,1486,warrior,fury,45,22,23
38413,Груббоб,booty-bay,1484,warrior,fury,72,36,36
38414,Jorund,archimonde,1482,warrior,fury,54,26,28
38415,Gids,silvermoon,1478,warrior,fury,28,18,10
38416,Wøokz,argent-dawn,1475,warrior,fury,142,69,73
38417,Zaximos,twisting-nether,1475,warrior,fury,51,24,27
38418,Eygón,silvermoon,1474,warrior,fury,54,23,31
38419,Antismoke,silvermoon,1473,warrior,fury,81,41,40
38420,Gromrigg,draenor,1467,warrior,fury,35,17,18
38421,Nurti,silvermoon,1465,warrior,fury,36,21,15
38422,Craghak,twisting-nether,1463,warrior,fury,76,38,38
38423,Straya,malorne,1463,warrior,fury,60,30,30
38424,Roidspam,outland,1463,warrior,fury,53,18,35
38425,Нордгаар,howling-fjord,1462,warrior,fury,30,18,12
38426,Chrissey,argent-dawn,1462,warrior,fury,39,18,21
38427,Bukisan,sylvanas,1461,warrior,fury,48,25,23
38428,Анакронокс,howling-fjord,1461,warrior,fury,58,29,29
38429,Hrodulf,moonglade,1461,warrior,fury,83,38,45
38430,Zeliøn,elune,1460,warrior,fury,72,44,28
38431,Grubshak,burning-legion,1460,warrior,fury,47,22,25
38432,Kobeni,ysondre,1457,warrior,fury,50,30,20
38433,Oravedenes,draenor,1457,warrior,fury,98,58,40
38434,Bobitybob,ravencrest,1457,warrior,fury,48,28,20
38435,Nobodyx,tarren-mill,1455,warrior,fury,48,25,23
38436,Èscøbar,dalaran,1454,warrior,fury,49,23,26
38437,Indicaflower,ahnqiraj,1453,warrior,fury,41,18,23
38438,Zugbro,stormscale,1452,warrior,fury,48,25,23
38439,Bravestar,ungoro,1451,warrior,fury,54,25,29
38440,Corrin,frostmourne,1449,warrior,fury,104,58,46
38441,Thrallhall,kazzak,1449,warrior,fury,84,34,50
38442,Gìlgamesh,dun-modr,1444,warrior,fury,55,30,25
38443,Rîiper,ysondre,1444,warrior,fury,42,22,20
38444,Чпонькмашина,soulflayer,1443,warrior,fury,74,43,31
38445,Baldemort,antonidas,1441,warrior,fury,43,21,22
38446,Спайкуссь,goldrinn,1440,warrior,fury,36,21,15
38447,Dragão,kazzak,1440,warrior,fury,60,28,32
38448,Tatabaf,ysondre,1437,warrior,fury,42,23,19
38449,Старопрамен,thermaplugg,1435,warrior,fury,172,92,80
38450,Tweegles,argent-dawn,1433,warrior,fury,65,31,34
38451,Xalont,doomhammer,1431,warrior,fury,36,17,19
38452,Borntothis,zuljin,1429,warrior,fury,74,44,30
38453,Whimbux,stormscale,1429,warrior,fury,45,22,23
38454,Pinkíe,blackmoore,1428,warrior,fury,30,15,15
38455,Thaddaus,ravencrest,1428,warrior,fury,51,25,26
38456,Fridaax,lightbringer,1427,warrior,fury,24,15,9
38457,Хуфхорнс,soulflayer,1425,warrior,fury,27,16,11
38458,Reidunøks,kazzak,1422,warrior,fury,59,32,27
38459,Madaxe,kazzak,1421,warrior,fury,24,15,9
38460,Picciocino,nemesis,1421,warrior,fury,36,15,21
38461,Arthoc,sanguino,1420,warrior,fury,30,15,15
38462,Profär,archimonde,1419,warrior,fury,30,16,14
38463,Goomby,argent-dawn,1418,warrior,fury,36,15,21
38464,Blaktarr,dunemaul,1416,warrior,fury,33,17,16
38465,Warinator,ravencrest,1414,warrior,fury,31,23,8
38466,Stratoz,ragnaros,1412,warrior,fury,33,16,17
38467,Æsterius,blackmoore,1411,warrior,fury,95,47,48
38468,Mustar,alexstrasza,1407,warrior,fury,65,37,28
38469,Артен,ashenvale,1407,warrior,fury,32,15,17
38470,Tigron,burning-legion,1404,warrior,fury,42,28,14
38471,Ganaroth,tarren-mill,1403,warrior,fury,30,18,12
38472,Krieg,garrosh,1403,warrior,fury,53,19,34
38473,Torok,antonidas,1402,warrior,fury,36,25,11
38474,Faylania,tarren-mill,1402,warrior,fury,30,18,12
38475,Krauus,silvermoon,1402,warrior,fury,103,56,47
38476,Ralzung,twisting-nether,1400,warrior,fury,36,18,18
38477,Akînos,kazzak,1400,warrior,fury,57,27,30
38478,Hidaykus,bronzebeard,1399,warrior,fury,70,35,35
38479,Нириэла,howling-fjord,1396,warrior,fury,66,31,35
38480,Арестант,soulflayer,1395,warrior,fury,119,64,55
38481,Wärlør,ravencrest,1391,warrior,fury,54,33,21
38482,Keriane,garona,1389,warrior,fury,65,33,32
38483,Штормскейл,soulflayer,1388,warrior,fury,30,16,14
38484,Fîlzlaus,area-52,1386,warrior,fury,63,29,34
38485,Skefe,archimonde,1382,warrior,fury,40,26,14
38486,Reccey,blackrock,1379,warrior,fury,30,16,14
38487,Ligthblâd,hyjal,1378,warrior,fury,45,25,20
38488,Rèckless,argent-dawn,1377,warrior,fury,24,18,6
38489,Terisá,blackmoore,1377,warrior,fury,40,20,20
38490,Скехит,blackscar,1377,warrior,fury,54,23,31
38491,Shán,defias-brotherhood,1375,warrior,fury,48,27,21
38492,Rommick,guldan,1372,warrior,fury,54,24,30
38493,Yousainsbolt,blackrock,1371,warrior,fury,36,15,21
38494,Zêke,thrall,1369,warrior,fury,18,16,2
38495,Васильна,soulflayer,1369,warrior,fury,36,21,15
38496,Touguro,aggra-português,1366,warrior,fury,45,18,27
38497,Gruttak,aegwynn,1361,warrior,fury,24,16,8
38498,Toundrâa,archimonde,1360,warrior,fury,105,51,54
38499,Wärfäcë,blades-edge,1357,warrior,fury,40,23,17
38500,Ribastur,blackmoore,1355,warrior,fury,168,89,79
38501,Rìsàs,draenor,1354,warrior,fury,131,63,68
38502,Oughn,silvermoon,1352,warrior,fury,57,30,27
38503,Risara,outland,1350,warrior,fury,25,15,10
38504,Somalisktjur,tarren-mill,1347,warrior,fury,54,28,26
38505,Botgrinder,blackhand,1344,warrior,fury,35,22,13
38506,Løktær,blackmoore,1342,warrior,fury,24,14,10
38507,Zíreael,ravencrest,1342,warrior,fury,60,29,31
38508,Wodwod,kazzak,1341,warrior,fury,18,14,4
38509,Vykoz,sylvanas,1341,warrior,fury,24,14,10
38510,Stretch,thrall,1341,warrior,fury,31,15,16
38511,Mitu,sanguino,1338,warrior,fury,24,14,10
38512,Prîde,kazzak,1337,warrior,fury,30,17,13
38513,Moggorr,nemesis,1334,warrior,fury,46,24,22
38514,Kundrak,blackhand,1334,warrior,fury,37,19,18
38515,Killhound,argent-dawn,1332,warrior,fury,24,14,10
38516,Акози,fordragon,1332,warrior,fury,60,33,27
38517,Unchåined,burning-legion,1330,warrior,fury,51,23,28
38518,Kragar,anetheron,1329,warrior,fury,45,25,20
38519,Жироштемп,gordunni,1329,warrior,fury,34,15,19
38520,Роконишу,gordunni,1326,warrior,fury,30,18,12
38521,Слайдус,gordunni,1326,warrior,fury,50,28,22
38522,Джелорд,howling-fjord,1326,warrior,fury,30,14,16
38523,Tweran,drakthul,1323,warrior,fury,29,14,15
38524,Ðèxs,ravencrest,1318,warrior,fury,30,17,13
38525,Buzzingwarr,tarren-mill,1318,warrior,fury,60,29,31
38526,Svênsk,argent-dawn,1317,warrior,fury,32,17,15
38527,Achonar,draenor,1317,warrior,fury,29,15,14
38528,Xsasuke,ragnaros,1317,warrior,fury,36,17,19
38529,Agitoyami,defias-brotherhood,1314,warrior,fury,91,52,39
38530,Вархаус,blackscar,1313,warrior,fury,39,21,18
38531,Offpants,drakthul,1313,warrior,fury,48,22,26
38532,Барабумм,soulflayer,1310,warrior,fury,77,41,36
38533,Ælvstan,argent-dawn,1310,warrior,fury,59,30,29
38534,Ryù,dun-modr,1310,warrior,fury,30,14,16
38535,Midvînter,silvermoon,1307,warrior,fury,33,15,18
38536,Grimli,burning-legion,1303,warrior,fury,42,24,18
38537,Bigrooster,argent-dawn,1303,warrior,fury,102,52,50
38538,Schuy,silvermoon,1303,warrior,fury,48,24,24
38539,Realz,malganis,1302,warrior,fury,66,33,33
38540,Reckless,tarren-mill,1300,warrior,fury,42,22,20
38541,Luunk,ravencrest,1300,warrior,fury,42,20,22
38542,Tragix,hyjal,1300,warrior,fury,42,18,24
38543,Умфи,howling-fjord,1299,warrior,fury,83,46,37
38544,Килджаеден,deathguard,1298,warrior,fury,28,15,13
38545,Wilæm,argent-dawn,1290,warrior,fury,59,29,30
38546,Машамеч,blackscar,1289,warrior,fury,84,42,42
38547,Ninja,bronze-dragonflight,1288,warrior,fury,93,44,49
38548,Buzzingorc,tarren-mill,1285,warrior,fury,60,32,28
38549,Usz,thunderhorn,1284,warrior,fury,30,19,11
38550,Суммрак,grom,1284,warrior,fury,30,15,15
38551,Unn,ragnaros,1282,warrior,fury,69,34,35
38552,Sammäel,eldrethalas,1281,warrior,fury,36,19,17
38553,Runkkusukka,defias-brotherhood,1280,warrior,fury,54,31,23
38554,Haewon,burning-legion,1280,warrior,fury,53,25,28
38555,Trollboii,ravencrest,1274,warrior,fury,27,14,13
38556,Exeldians,burning-legion,1273,warrior,fury,20,14,6
38557,Wariio,khaz-modan,1272,warrior,fury,47,27,20
38558,Skaurmosh,argent-dawn,1272,warrior,fury,54,26,28
38559,Furyre,ysondre,1271,warrior,fury,37,17,20
38560,Honeymew,draenor,1271,warrior,fury,66,27,39
38561,Watntietnn,burning-blade,1268,warrior,fury,49,24,25
38562,Deusi,garrosh,1265,warrior,fury,60,32,28
38563,Аесоо,gordunni,1263,warrior,fury,60,28,32
38564,Zerm,draenor,1262,warrior,fury,24,15,9
38565,Gritzi,dragonblight,1262,warrior,fury,60,29,31
38566,Tarrior,shattered-halls,1261,warrior,fury,44,21,23
38567,Бормормуш,gordunni,1261,warrior,fury,73,30,43
38568,Ouryuu,hyjal,1260,warrior,fury,40,20,20
38569,Mortalclaw,kazzak,1256,warrior,fury,57,24,33
38570,Dundulinka,outland,1255,warrior,fury,46,17,29
38571,Toughwar,tarren-mill,1253,warrior,fury,66,35,31
38572,Immørtálx,tarren-mill,1248,warrior,fury,30,13,17
38573,Рагнарульв,gordunni,1248,warrior,fury,36,15,21
38574,Optimai,kazzak,1248,warrior,fury,44,18,26
38575,Stóna,blackmoore,1247,warrior,fury,36,13,23
38576,Warrzor,auchindoun,1246,warrior,fury,30,13,17
38577,Tàuruss,blackhand,1241,warrior,fury,34,18,16
38578,Рсдрпб,eversong,1241,warrior,fury,30,15,15
38579,Timidman,kazzak,1240,warrior,fury,24,13,11
38580,Lâmy,khaz-modan,1240,warrior,fury,60,26,34
38581,Astreimehns,sanguino,1239,warrior,fury,18,13,5
38582,Lepetitwar,hyjal,1237,warrior,fury,30,13,17
38583,Mamox,archimonde,1236,warrior,fury,25,14,11
38584,Alevucerdaa,draenor,1236,warrior,fury,36,15,21
38585,Azzog,archimonde,1234,warrior,fury,80,44,36
38586,Ragnurk,draenor,1233,warrior,fury,30,13,17
38587,Thors,deathwing,1229,warrior,fury,93,47,46
38588,Кимиюки,gordunni,1228,warrior,fury,30,13,17
38589,Skullfondler,argent-dawn,1226,warrior,fury,24,13,11
38590,Quigatron,frostmane,1225,warrior,fury,42,25,17
38591,Schmetterina,proudmoore,1223,warrior,fury,49,28,21
38592,Warrmax,darksorrow,1223,warrior,fury,78,41,37
38593,Vhy,antonidas,1223,warrior,fury,36,17,19
38594,Zetsurin,sylvanas,1223,warrior,fury,48,18,30
38595,Anubisra,alakir,1220,warrior,fury,26,16,10
38596,Kebra,blackmoore,1220,warrior,fury,87,49,38
38597,Coyle,eredar,1220,warrior,fury,122,55,67
38598,Shieldlord,kazzak,1218,warrior,fury,129,59,70
38599,Bolss,silvermoon,1215,warrior,fury,61,23,38
38600,Дедсдрыном,howling-fjord,1214,warrior,fury,39,19,20
38601,Sekecmazec,turalyon,1213,warrior,fury,30,13,17
38602,Аштау,howling-fjord,1210,warrior,fury,121,54,67
38603,Delinde,cthun,1209,warrior,fury,93,45,48
38604,Yildiz,kargath,1204,warrior,fury,103,57,46
38605,Warriorc,hellfire,1203,warrior,fury,36,20,16
38606,Toporceanul,kazzak,1201,warrior,fury,41,14,27
38607,Ragecap,rexxar,1198,warrior,fury,36,16,20
38608,Отнулядоста,gordunni,1198,warrior,fury,61,25,36
38609,Жужащий,howling-fjord,1197,warrior,fury,74,31,43
38610,Hatenest,argent-dawn,1195,warrior,fury,58,19,39
38611,Blaying,ravencrest,1192,warrior,fury,23,13,10
38612,Kirkwood,terokkar,1192,warrior,fury,71,34,37
38613,Nubá,burning-legion,1187,warrior,fury,36,24,12
38614,Азктор,soulflayer,1186,warrior,fury,35,15,20
38615,Bigmercy,ragnaros,1184,warrior,fury,29,15,14
38616,Aleextrasza,silvermoon,1181,warrior,fury,20,13,7
38617,Джэкмен,soulflayer,1175,warrior,fury,22,14,8
38618,Hobbó,draenor,1175,warrior,fury,48,13,35
38619,Номер,eversong,1174,warrior,fury,126,56,70
38620,Gardom,doomhammer,1171,warrior,fury,42,26,16
38621,Nmwar,turalyon,1169,warrior,fury,30,13,17
38622,Tato,frostmourne,1165,warrior,fury,23,13,10
38623,Saey,malorne,1162,warrior,fury,50,21,29
38624,Säl,ragnaros,1160,warrior,fury,31,17,14
38625,Tanja,bronzebeard,1151,warrior,fury,24,12,12
38626,Исскатель,gordunni,1150,warrior,fury,12,12,0
38627,Slamborghini,twisting-nether,1150,warrior,fury,18,12,6
38628,Linzao,archimonde,1150,warrior,fury,24,12,12
38629,Toptier,drakthul,1149,warrior,fury,18,12,6
38630,Иктиннос,gordunni,1149,warrior,fury,28,13,15
38631,Oxascand,kazzak,1149,warrior,fury,75,31,44
38632,Явараа,howling-fjord,1148,warrior,fury,18,12,6
38633,Spitonem,blackrock,1148,warrior,fury,24,12,12
38634,Zbra,draenor,1147,warrior,fury,24,12,12
38635,Neoballâc,uldum,1144,warrior,fury,24,12,12
38636,Baoni,hyjal,1144,warrior,fury,30,12,18
38637,Uwuwarrior,alleria,1143,warrior,fury,24,12,12
38638,Bluemango,ragnaros,1141,warrior,fury,24,12,12
38639,Itchiiz,alonsus,1138,warrior,fury,24,12,12
38640,Андервульф,booty-bay,1137,warrior,fury,30,12,18
38641,Exhumator,blackhand,1135,warrior,fury,36,12,24
38642,Кровостокхх,gordunni,1132,warrior,fury,30,12,18
38643,Tyrâdus,kiljaeden,1128,warrior,fury,24,12,12
38644,Sadjoke,draenor,1125,warrior,fury,30,13,17
38645,Well,kult-der-verdammten,1121,warrior,fury,24,12,12
38646,Nykyro,draenor,1119,warrior,fury,60,26,34
38647,Dríppy,aegwynn,1118,warrior,fury,21,13,8
38648,Moustachu,kirin-tor,1118,warrior,fury,27,14,13
38649,Antraex,zuljin,1118,warrior,fury,24,12,12
38650,Rayeron,sanguino,1115,warrior,fury,54,24,30
38651,Izmadfurax,archimonde,1110,warrior,fury,24,13,11
38652,Grobler,blackhand,1110,warrior,fury,36,14,22
38653,Красемир,deepholm,1097,warrior,fury,47,23,24
38654,Sabrewølf,blackmoore,1096,warrior,fury,48,24,24
38655,Shalren,nordrassil,1092,warrior,fury,44,23,21
38656,Floppikatten,kazzak,1091,warrior,fury,18,13,5
38657,Mistawolf,ravencrest,1090,warrior,fury,30,16,14
38658,Копенгаген,ashenvale,1087,warrior,fury,30,16,14
38659,Dramiél,tarren-mill,1083,warrior,fury,23,13,10
38660,Shadowcacau,aggra-português,1079,warrior,fury,23,12,11
38661,Seka,nozdormu,1072,warrior,fury,72,38,34
38662,Saîx,garrosh,1058,warrior,fury,43,15,28
38663,Зенобий,gordunni,1055,warrior,fury,12,11,1
38664,Eddíemòrphin,kazzak,1055,warrior,fury,18,11,7
38665,Maroux,malganis,1055,warrior,fury,18,11,7
38666,Vágópityu,ragnaros,1055,warrior,fury,18,11,7
38667,Hirbz,silvermoon,1055,warrior,fury,24,13,11
38668,Prixor,grim-batol,1055,warrior,fury,24,11,13
38669,Notvisionary,ravencrest,1055,warrior,fury,24,11,13
38670,Ntouziera,silvermoon,1055,warrior,fury,30,11,19
38671,Мастерион,soulflayer,1054,warrior,fury,18,11,7
38672,Chidòri,tarren-mill,1054,warrior,fury,18,11,7
38673,Spokowar,hyjal,1054,warrior,fury,18,11,7
38674,Snuzzygeezer,ravencrest,1053,warrior,fury,18,11,7
38675,Circumcist,dragonblight,1053,warrior,fury,18,11,7
38676,Zwareboy,frostmane,1053,warrior,fury,24,11,13
38677,Oksimbillah,blackrock,1053,warrior,fury,24,11,13
38678,Cocojumbo,azuremyst,1051,warrior,fury,18,11,7
38679,Sairos,kirin-tor,1051,warrior,fury,60,33,27
38680,Amagaddon,draenor,1050,warrior,fury,28,12,16
38681,Ranndall,blackrock,1050,warrior,fury,30,12,18
38682,Enderyx,blackhand,1048,warrior,fury,24,11,13
38683,Mezen,stormscale,1048,warrior,fury,24,11,13
38684,Xiny,blackrock,1048,warrior,fury,24,11,13
38685,Diioxyde,temple-noir,1047,warrior,fury,18,11,7
38686,Barsok,sanguino,1046,warrior,fury,18,11,7
38687,Buffury,twisting-nether,1045,warrior,fury,18,11,7
38688,Whysospicey,lightbringer,1043,warrior,fury,21,12,9
38689,Ragnòk,eredar,1043,warrior,fury,54,20,34
38690,Вардеспетчер,razuvious,1040,warrior,fury,24,11,13
38691,Hangovar,thrall,1035,warrior,fury,21,12,9
38692,Tdanielt,burning-legion,1032,warrior,fury,18,11,7
38693,Falaliss,elune,1030,warrior,fury,36,18,18
38694,Macgull,ysondre,1028,warrior,fury,30,12,18
38695,Valhrann,dalaran,1024,warrior,fury,24,11,13
38696,Помойник,gordunni,1021,warrior,fury,101,57,44
38697,Orcgrim,nozdormu,1019,warrior,fury,42,20,22
38698,Gabbz,aggra-português,1018,warrior,fury,27,12,15
38699,Жиестьдон,soulflayer,1015,warrior,fury,38,17,21
38700,Nogo,nagrand,1010,warrior,fury,44,27,17
38701,Edwsan,cthun,1010,warrior,fury,18,11,7
38702,Kungeen,silvermoon,1010,warrior,fury,36,12,24
38703,Zalumorth,magtheridon,1006,warrior,fury,24,12,12
38704,Fknmoo,kazzak,997,warrior,fury,78,39,39
38705,Kurko,blackmoore,997,warrior,fury,23,11,12
38706,Fatspacka,argent-dawn,989,warrior,fury,20,11,9
38707,Niozihex,the-maelstrom,984,warrior,fury,36,15,21
38708,Solatika,alexstrasza,980,warrior,fury,114,61,53
38709,Krlebajker,tarren-mill,977,warrior,fury,27,14,13
38710,Sperta,frostmourne,968,warrior,fury,41,21,20
38711,Snoopdad,ravencrest,966,warrior,fury,27,15,12
38712,Эребб,howling-fjord,966,warrior,fury,60,29,31
38713,Fenr,sanguino,961,warrior,fury,23,13,10
38714,Pj,sanguino,960,warrior,fury,12,10,2
38715,Brigitá,argent-dawn,960,warrior,fury,18,10,8
38716,Ástriax,ravencrest,960,warrior,fury,18,10,8
38717,Ibunnyone,blackrock,960,warrior,fury,18,10,8
38718,Féélmyfury,tarren-mill,959,warrior,fury,17,10,7
38719,Solaje,dun-modr,959,warrior,fury,18,10,8
38720,Scelletonx,silvermoon,959,warrior,fury,18,10,8
38721,Tenicx,ravencrest,959,warrior,fury,18,10,8
38722,Highoverlord,aggra-português,959,warrior,fury,18,10,8
38723,Мундэфэндэр,lich-king,959,warrior,fury,24,10,14
38724,Xåb,dun-morogh,959,warrior,fury,32,10,22
38725,Monbun,silvermoon,958,warrior,fury,18,10,8
38726,Taaø,ravencrest,958,warrior,fury,24,10,14
38727,Тактоядобрый,ashenvale,958,warrior,fury,30,10,20
38728,Budwise,stormscale,957,warrior,fury,18,10,8
38729,Едигейй,gordunni,957,warrior,fury,18,10,8
38730,Settin,silvermoon,956,warrior,fury,18,10,8
38731,Jisoowar,blackhand,956,warrior,fury,24,10,14
38732,Thodak,blackrock,956,warrior,fury,30,10,20
38733,Kurenn,tarren-mill,956,warrior,fury,30,10,20
38734,Onga,frostwolf,954,warrior,fury,18,10,8
38735,Xugzug,blackmoore,954,warrior,fury,24,10,14
38736,Борзило,howling-fjord,953,warrior,fury,18,10,8
38737,Murgrimm,die-silberne-hand,953,warrior,fury,57,29,28
38738,Xonnico,ravencrest,953,warrior,fury,30,11,19
38739,Grák,bronze-dragonflight,952,warrior,fury,18,10,8
38740,Darriuso,kazzak,952,warrior,fury,24,10,14
38741,Cuuz,outland,951,warrior,fury,24,10,14
38742,Drolaret,zuljin,950,warrior,fury,21,10,11
38743,Лизерус,eversong,949,warrior,fury,12,10,2
38744,Flaggerware,stormscale,948,warrior,fury,24,10,14
38745,Draxxann,ravencrest,946,warrior,fury,12,10,2
38746,Hazl,balnazzar,945,warrior,fury,29,17,12
38747,Taurras,nathrezim,945,warrior,fury,62,33,29
38748,Xaturesw,twisting-nether,943,warrior,fury,12,10,2
38749,Tiapollo,dun-modr,932,warrior,fury,29,10,19
38750,Rédsonja,chamber-of-aspects,922,warrior,fury,48,24,24
38751,Dirtybugga,nagrand,916,warrior,fury,16,11,5
38752,Stroj,aerie-peak,916,warrior,fury,59,31,28
38753,Дерзкаяфурия,gordunni,913,warrior,fury,23,10,13
38754,Ogerit,blackmoore,898,warrior,fury,30,14,16
38755,Суферна,howling-fjord,894,warrior,fury,27,13,14
38756,Каган,gordunni,890,warrior,fury,17,10,7
38757,Bëlzé,les-clairvoyants,887,warrior,fury,38,14,24
38758,Mélin,ravencrest,876,warrior,fury,19,10,9
38759,Jâbs,hyjal,875,warrior,fury,36,11,25
38760,Sparkzu,twisting-nether,864,warrior,fury,12,9,3
38761,Kihili,twisting-nether,864,warrior,fury,12,9,3
38762,Licious,outland,864,warrior,fury,12,9,3
38763,Warzzor,auchindoun,864,warrior,fury,18,9,9
38764,Xzurgster,twisting-nether,864,warrior,fury,18,9,9
38765,Bigbugatti,draenor,864,warrior,fury,24,9,15
38766,Рэйвисмашина,gordunni,864,warrior,fury,24,9,15
38767,Luphrek,ysondre,864,warrior,fury,24,9,15
38768,Broksigarr,ragnaros,863,warrior,fury,12,9,3
38769,Веоленс,gordunni,863,warrior,fury,12,9,3
38770,Raynhorn,silvermoon,863,warrior,fury,18,9,9
38771,Habaneroo,zuljin,863,warrior,fury,18,9,9
38772,Showerfresh,silvermoon,863,warrior,fury,18,9,9
38773,Нейв,blackscar,863,warrior,fury,18,9,9
38774,Grimic,quelthalas,863,warrior,fury,18,9,9
38775,Tandrall,rexxar,863,warrior,fury,24,9,15
38776,Inflacija,grim-batol,863,warrior,fury,24,9,15
38777,Zyzie,argent-dawn,863,warrior,fury,24,9,15
38778,Cianna,silvermoon,862,warrior,fury,12,9,3
38779,Vandalismee,draenor,862,warrior,fury,12,9,3
38780,Grimleaper,twisting-nether,862,warrior,fury,18,9,9
38781,Denshyel,dun-modr,861,warrior,fury,15,10,5
38782,Throck,drakthul,861,warrior,fury,18,9,9
38783,Madhardy,chamber-of-aspects,860,warrior,fury,18,9,9
38784,Hellguarrd,silvermoon,860,warrior,fury,24,9,15
38785,Эфириад,soulflayer,859,warrior,fury,18,9,9
38786,Toecutter,defias-brotherhood,859,warrior,fury,21,10,11
38787,Valkirya,arthas,859,warrior,fury,24,9,15
38788,Rqyz,tarren-mill,856,warrior,fury,18,9,9
38789,Saykage,blackhand,854,warrior,fury,18,9,9
38790,Блиблоб,eversong,852,warrior,fury,18,9,9
38791,Pollverizer,ghostlands,851,warrior,fury,36,16,20
38792,Sparkss,sylvanas,850,warrior,fury,18,9,9
38793,Спунжио,ashenvale,848,warrior,fury,18,9,9
38794,Killpieric,krasus,848,warrior,fury,30,9,21
38795,Ânaxi,silvermoon,831,warrior,fury,14,10,4
38796,Громорашман,grom,829,warrior,fury,14,10,4
38797,Warallari,khaz-modan,829,warrior,fury,18,9,9
38798,Tiscanno,nemesis,828,warrior,fury,24,11,13
38799,Jøtawarrior,sanguino,815,warrior,fury,17,9,8
38800,Варриорнир,howling-fjord,814,warrior,fury,14,10,4
38801,Kerando,tirion,814,warrior,fury,17,9,8
38802,Wotulko,blackrock,793,warrior,fury,17,9,8
38803,Gamepresa,silvermoon,783,warrior,fury,13,9,4
38804,Jokkul,tarren-mill,768,warrior,fury,12,8,4
38805,Blizo,tarren-mill,768,warrior,fury,12,8,4
38806,Ciuez,tarren-mill,768,warrior,fury,12,8,4
38807,Punks,ravencrest,768,warrior,fury,12,8,4
38808,Jengaa,draenor,768,warrior,fury,12,8,4
38809,Aléxsandra,ravencrest,768,warrior,fury,12,8,4
38810,Crîxús,silvermoon,768,warrior,fury,12,8,4
38811,Shilix,twisting-nether,768,warrior,fury,12,8,4
38812,Oowar,burning-legion,768,warrior,fury,12,8,4
38813,Zern,draenor,768,warrior,fury,12,8,4
38814,Krathox,kazzak,768,warrior,fury,18,8,10
38815,Pòóòóòóòópz,dun-modr,768,warrior,fury,18,8,10
38816,Joéfernandés,sylvanas,768,warrior,fury,18,8,10
38817,Alpairx,aegwynn,768,warrior,fury,24,8,16
38818,Míngxuan,tarren-mill,767,warrior,fury,12,8,4
38819,Skeptikal,argent-dawn,767,warrior,fury,12,8,4
38820,Баджераа,soulflayer,767,warrior,fury,12,8,4
38821,Wätras,drakthul,767,warrior,fury,12,8,4
38822,Мастерпве,blackscar,767,warrior,fury,12,8,4
38823,Báshx,outland,767,warrior,fury,12,8,4
38824,Youups,twisting-nether,767,warrior,fury,12,8,4
38825,Skillclapped,ravencrest,767,warrior,fury,15,9,6
38826,Онатолька,eversong,767,warrior,fury,16,9,7
38827,Rëvenge,burning-legion,767,warrior,fury,18,8,10
38828,Ðíscøwârrìør,nethersturm,767,warrior,fury,18,8,10
38829,Dallion,azjolnerub,767,warrior,fury,18,8,10
38830,Elainax,eredar,767,warrior,fury,18,8,10
38831,Ødên,frostmane,767,warrior,fury,18,8,10
38832,Rowr,argent-dawn,767,warrior,fury,18,8,10
38833,Divyx,tarren-mill,767,warrior,fury,18,8,10
38834,Глинм,gordunni,767,warrior,fury,24,8,16
38835,Thebiggreen,twisting-nether,766,warrior,fury,12,8,4
38836,Ампутиль,gordunni,766,warrior,fury,12,8,4
38837,Лазба,gordunni,766,warrior,fury,16,9,7
38838,Arlan,dragonblight,766,warrior,fury,30,8,22
38839,Сэч,gordunni,765,warrior,fury,12,8,4
38840,Насувака,deathguard,765,warrior,fury,18,8,10
38841,Malasortë,sylvanas,764,warrior,fury,18,8,10
38842,Andij,blackmoore,764,warrior,fury,18,8,10
38843,Drswing,kazzak,764,warrior,fury,24,8,16
38844,Greatsword,turalyon,763,warrior,fury,12,8,4
38845,Ipes,blackmoore,763,warrior,fury,15,9,6
38846,Kllinac,kazzak,763,warrior,fury,18,8,10
38847,Cazzpowa,frostmane,762,warrior,fury,12,8,4
38848,Kaerz,ysondre,762,warrior,fury,18,8,10
38849,Ikkr,kazzak,762,warrior,fury,24,8,16
38850,Khaalo,blackhand,760,warrior,fury,12,8,4
38851,Destrzadora,exodar,750,warrior,fury,18,8,10
38852,Aedin,ravencrest,734,warrior,fury,17,8,9
38853,Арнвальд,galakrond,728,warrior,fury,18,8,10
38854,Kabbuki,die-aldor,726,warrior,fury,18,8,10
38855,Вагранна,soulflayer,719,warrior,fury,17,8,9
38856,Осгаард,gordunni,711,warrior,fury,21,10,11
38857,Kilkov,emeriss,701,warrior,fury,16,8,8
38858,Дмидрашх,howling-fjord,672,warrior,fury,10,8,2
38859,Bourbimrgllr,hyjal,672,warrior,fury,12,7,5
38860,Duarel,blackmoore,672,warrior,fury,12,7,5
38861,Quadfather,kazzak,672,warrior,fury,12,7,5
38862,Xxeqtr,kazzak,672,warrior,fury,12,7,5
38863,Seraphys,ravencrest,672,warrior,fury,12,7,5
38864,Фомори,howling-fjord,672,warrior,fury,12,7,5
38865,Где,blackscar,672,warrior,fury,12,7,5
38866,Tidarius,twisting-nether,672,warrior,fury,12,7,5
38867,Senshin,sanguino,672,warrior,fury,12,7,5
38868,Avgorcgodx,stormscale,672,warrior,fury,12,7,5
38869,Waroworgen,terokkar,672,warrior,fury,12,7,5
38870,Седунг,gordunni,672,warrior,fury,12,7,5
38871,Eekz,haomarush,672,warrior,fury,12,7,5
38872,Lyrv,ravencrest,672,warrior,fury,12,7,5
38873,Dõxqt,kazzak,672,warrior,fury,12,7,5
38874,Nerfslam,stormscale,672,warrior,fury,17,8,9
38875,Gramrosh,eredar,672,warrior,fury,18,7,11
38876,Theolcostaud,archimonde,672,warrior,fury,18,7,11
38877,Shintuargar,blackrock,672,warrior,fury,18,7,11
38878,Emcix,aszune,672,warrior,fury,18,7,11
38879,Grulbash,stormscale,672,warrior,fury,18,7,11
38880,Кэйкан,gordunni,672,warrior,fury,18,7,11
38881,Sniperwølf,tyrande,671,warrior,fury,12,7,5
38882,Sargonas,burning-blade,671,warrior,fury,12,7,5
38883,Dgyfh,dun-morogh,671,warrior,fury,12,7,5
38884,Broknagar,draenor,671,warrior,fury,12,7,5
38885,Теокрафт,howling-fjord,671,warrior,fury,12,7,5
38886,Flexecutie,silvermoon,671,warrior,fury,12,7,5
38887,Zehirjin,sargeras,671,warrior,fury,12,7,5
38888,Obox,ravencrest,671,warrior,fury,12,7,5
38889,Лаинвуд,soulflayer,671,warrior,fury,15,8,7
38890,Sköldpaddor,tarren-mill,671,warrior,fury,16,8,8
38891,Hagoxfit,los-errantes,671,warrior,fury,18,7,11
38892,Kolxoz,doomhammer,671,warrior,fury,18,7,11
38893,Jaowa,blackmoore,671,warrior,fury,18,7,11
38894,Ульданианин,gordunni,670,warrior,fury,12,7,5
38895,Напутанность,soulflayer,670,warrior,fury,18,7,11
38896,Giimlii,hyjal,668,warrior,fury,24,7,17
38897,Thibow,hyjal,667,warrior,fury,12,7,5
38898,Téldrus,blackrock,667,warrior,fury,12,7,5
38899,Garosh,drakthul,666,warrior,fury,12,7,5
38900,Solidier,archimonde,666,warrior,fury,18,7,11
38901,Whiteebeardd,draenor,664,warrior,fury,18,7,11
38902,Ocelote,elune,660,warrior,fury,12,7,5
38903,Flexbot,blackmoore,659,warrior,fury,20,10,10
38904,Merdé,blackhand,658,warrior,fury,12,7,5
38905,Zeppek,dalaran,650,warrior,fury,18,7,11
38906,Autümn,argent-dawn,618,warrior,fury,21,8,13
38907,Scofiéld,lordaeron,601,warrior,fury,11,7,4
38908,Parteyunques,sanguino,592,warrior,fury,13,7,6
38909,Quarantino,ysondre,590,warrior,fury,23,7,16
38910,Артэкриогг,soulflayer,576,warrior,fury,6,6,0
38911,Erosdulko,silvermoon,576,warrior,fury,12,6,6
38912,Omcat,dun-modr,576,warrior,fury,12,6,6
38913,Nallepúh,silvermoon,576,warrior,fury,12,6,6
38914,Crandalius,kazzak,576,warrior,fury,12,6,6
38915,Aurélus,rexxar,576,warrior,fury,12,6,6
38916,Rarcus,chamber-of-aspects,576,warrior,fury,12,6,6
38917,Rândy,confrérie-du-thorium,576,warrior,fury,12,6,6
38918,Sakumo,sylvanas,576,warrior,fury,12,6,6
38919,Faithless,azshara,576,warrior,fury,12,6,6
38920,Vatolocoese,dun-morogh,576,warrior,fury,12,6,6
38921,Gnomet,auchindoun,576,warrior,fury,12,6,6
38922,Humanboi,ravencrest,576,warrior,fury,12,6,6
38923,Dhloos,kazzak,576,warrior,fury,12,6,6
38924,Zkb,zuljin,576,warrior,fury,12,6,6
38925,Stanfury,sylvanas,576,warrior,fury,12,6,6
38926,Рэйлет,gordunni,576,warrior,fury,12,6,6
38927,Ellissari,tirion,576,warrior,fury,12,6,6
38928,Rudvard,hyjal,576,warrior,fury,12,6,6
38929,Dírectdash,draenor,576,warrior,fury,12,6,6
38930,Redwraith,stormscale,576,warrior,fury,12,6,6
38931,Shurubel,outland,576,warrior,fury,12,6,6
38932,Асгинор,gordunni,576,warrior,fury,12,6,6
38933,Waterquéen,outland,576,warrior,fury,12,6,6
38934,Timagno,nemesis,576,warrior,fury,12,6,6
38935,Silq,zuljin,576,warrior,fury,18,6,12
38936,Сталиран,gordunni,576,warrior,fury,18,6,12
38937,Mazzkze,silvermoon,576,warrior,fury,18,6,12
38938,Nemecic,arathor,576,warrior,fury,18,6,12
38939,Prettyangel,aegwynn,576,warrior,fury,18,6,12
38940,Razoo,stormscale,576,warrior,fury,18,6,12
38941,Bäiley,drakthul,576,warrior,fury,24,6,18
38942,Nighat,sanguino,575,warrior,fury,6,6,0
38943,Jâmâli,malganis,575,warrior,fury,12,6,6
38944,Esegryel,argent-dawn,575,warrior,fury,12,6,6
38945,Bloódángel,frostwolf,575,warrior,fury,12,6,6
38946,Конвержн,howling-fjord,575,warrior,fury,12,6,6
38947,Nihroxis,blackrock,575,warrior,fury,12,6,6
38948,Richymorty,los-errantes,575,warrior,fury,12,6,6
38949,Zulien,sanguino,575,warrior,fury,12,6,6
38950,Daramir,turalyon,575,warrior,fury,12,6,6
38951,Nicperh,dun-modr,575,warrior,fury,12,6,6
38952,Gahal,tyrande,575,warrior,fury,12,6,6
38953,Leorx,draenor,575,warrior,fury,12,6,6
38954,Fightinghell,stormrage,575,warrior,fury,12,6,6
38955,Durrüti,sanguino,575,warrior,fury,12,6,6
38956,Akäme,ysondre,575,warrior,fury,18,6,12
38957,Вкусныисыр,soulflayer,574,warrior,fury,12,6,6
38958,Lobotomywar,drakthul,573,warrior,fury,6,6,0
38959,Kharzak,ungoro,573,warrior,fury,12,6,6
38960,Зарган,howling-fjord,573,warrior,fury,24,6,18
38961,Джомалкович,deathweaver,572,warrior,fury,12,6,6
38962,Guinnasse,khaz-modan,567,warrior,fury,12,6,6
38963,Miina,blutkessel,566,warrior,fury,12,6,6
38964,Khrund,burning-legion,566,warrior,fury,14,6,8
38965,Piinte,naxxramas,536,warrior,fury,14,7,7
38966,Skeptikal,tarren-mill,527,warrior,fury,11,6,5
38967,Narkololzz,marécage-de-zangar,527,warrior,fury,15,6,9
38968,Balsor,frostmane,526,warrior,fury,11,6,5
38969,Retmain,draenor,522,warrior,fury,20,8,12
38970,Ragedotcom,archimonde,511,warrior,fury,16,6,10
38971,Blutwar,kazzak,499,warrior,fury,25,11,14
38972,Вульфычч,gordunni,480,warrior,fury,6,5,1
38973,Xtu,kazzak,480,warrior,fury,6,5,1
38974,Fivejee,ravencrest,480,warrior,fury,6,5,1
38975,Кроуфури,gordunni,480,warrior,fury,6,5,1
38976,Ганахан,soulflayer,480,warrior,fury,6,5,1
38977,Easypoîntsx,tarren-mill,480,warrior,fury,6,5,1
38978,Timmyda,dalaran,480,warrior,fury,6,5,1
38979,Megabrux,colinas-pardas,480,warrior,fury,6,5,1
38980,Propanex,kazzak,480,warrior,fury,6,5,1
38981,Röell,draenor,480,warrior,fury,6,5,1
38982,Ézélya,dalaran,480,warrior,fury,6,5,1
38983,Дайбек,howling-fjord,480,warrior,fury,6,5,1
38984,Therealskull,grim-batol,480,warrior,fury,6,5,1
38985,Raicho,dentarg,480,warrior,fury,6,5,1
38986,Jeronimoe,blackmoore,480,warrior,fury,6,5,1
38987,Dontrundie,kazzak,480,warrior,fury,6,5,1
38988,Bârney,ravencrest,480,warrior,fury,6,5,1
38989,Ptp,argent-dawn,480,warrior,fury,6,5,1
38990,Брокскрим,soulflayer,480,warrior,fury,6,5,1
38991,Lzdmfckmeazy,blackmoore,480,warrior,fury,9,6,3
38992,Stkacha,sanguino,480,warrior,fury,12,5,7
38993,Savarøx,blackmoore,480,warrior,fury,12,5,7
38994,Suknur,silvermoon,480,warrior,fury,12,5,7
38995,Léonie,arakarahm,480,warrior,fury,12,5,7
38996,Delonathor,drakthul,480,warrior,fury,12,5,7
38997,Soullmike,drakthul,480,warrior,fury,12,5,7
38998,Кэфтэмэ,soulflayer,480,warrior,fury,12,5,7
38999,Nightmareb,magtheridon,480,warrior,fury,12,5,7
39000,Kondomi,stormreaver,480,warrior,fury,12,5,7
39001,Bløckqt,archimonde,480,warrior,fury,12,5,7
39002,Helleon,twisting-nether,480,warrior,fury,12,5,7
39003,Bîmbämboom,blackmoore,480,warrior,fury,12,5,7
39004,Dauderup,aerie-peak,480,warrior,fury,12,5,7
39005,Гатал,howling-fjord,480,warrior,fury,12,5,7
39006,Магрейн,grom,480,warrior,fury,12,5,7
39007,Petrixens,drakthul,480,warrior,fury,12,5,7
39008,Arthayl,eredar,480,warrior,fury,12,5,7
39009,Rohc,kazzak,480,warrior,fury,12,5,7
39010,Cemule,doomhammer,480,warrior,fury,12,5,7
39011,Darthmalgus,stormscale,480,warrior,fury,12,5,7
39012,Hellocritty,blackmoore,480,warrior,fury,12,5,7
39013,Jugg,emerald-dream,480,warrior,fury,12,5,7
39014,Bøgatyr,draenor,480,warrior,fury,12,5,7
39015,Massiveape,argent-dawn,480,warrior,fury,12,5,7
39016,Килоагр,gordunni,480,warrior,fury,12,5,7
39017,Ulthrak,archimonde,480,warrior,fury,12,5,7
39018,Corlo,uldaman,480,warrior,fury,12,5,7
39019,Beznacaj,outland,480,warrior,fury,12,5,7
39020,Armirtile,twisting-nether,480,warrior,fury,12,5,7
39021,Punahabe,draenor,480,warrior,fury,12,5,7
39022,Wallach,darkspear,480,warrior,fury,12,5,7
39023,Deadwaifu,ragnaros,480,warrior,fury,12,5,7
39024,Axamo,ragnaros,480,warrior,fury,12,5,7
39025,Rageaholic,blackmoore,480,warrior,fury,12,5,7
39026,Orkoje,argent-dawn,480,warrior,fury,12,5,7
39027,Kagsteelfist,twisting-nether,480,warrior,fury,12,5,7
39028,Лысыч,gordunni,480,warrior,fury,12,5,7
39029,Ruixxted,stormreaver,480,warrior,fury,12,5,7
39030,Bindera,silvermoon,480,warrior,fury,18,5,13
39031,Artheim,silvermoon,480,warrior,fury,18,5,13
39032,Fluffeh,argent-dawn,480,warrior,fury,18,5,13
39033,Ukloth,sanguino,480,warrior,fury,18,5,13
39034,Sodium,pozzo-delleternità,480,warrior,fury,18,5,13
39035,Honör,sylvanas,480,warrior,fury,18,5,13
39036,Czarian,ragnaros,480,warrior,fury,24,5,19
39037,Haregos,gorgonnash,479,warrior,fury,6,5,1
39038,Telamonas,haomarush,479,warrior,fury,6,5,1
39039,Marklarstar,ragnaros,479,warrior,fury,12,5,7
39040,Cosmoses,mazrigos,479,warrior,fury,12,5,7
39041,Prime,outland,479,warrior,fury,12,5,7
39042,Luciferkhan,twisting-nether,479,warrior,fury,12,5,7
39043,Motorhead,tirion,479,warrior,fury,12,5,7
39044,Варёнок,soulflayer,479,warrior,fury,12,5,7
39045,Keaile,tarren-mill,479,warrior,fury,12,5,7
39046,Wilmazutschn,nethersturm,479,warrior,fury,12,5,7
39047,Элейд,thermaplugg,479,warrior,fury,12,5,7
39048,Amsti,doomhammer,477,warrior,fury,6,5,1
39049,Roostai,shattered-hand,476,warrior,fury,12,5,7
39050,Albabhaltair,quelthalas,476,warrior,fury,12,5,7
39051,Mane,thunderhorn,475,warrior,fury,12,5,7
39052,Quickblade,perenolde,472,warrior,fury,12,5,7
39053,Horymir,ravencrest,463,warrior,fury,11,5,6
39054,Wrathchild,blackrock,447,warrior,fury,11,5,6
39055,Valrathion,ravencrest,426,warrior,fury,17,8,9
39056,Yugoslav,argent-dawn,426,warrior,fury,16,6,10
39057,Djranji,kazzak,416,warrior,fury,10,5,5
39058,Xguildone,magtheridon,409,warrior,fury,14,5,9
39059,Famous,argent-dawn,400,warrior,fury,7,5,2
39060,Extasceh,turalyon,384,warrior,fury,6,4,2
39061,Warbigboss,draenor,384,warrior,fury,6,4,2
39062,Orkboii,ravencrest,384,warrior,fury,6,4,2
39063,Satabasse,marécage-de-zangar,384,warrior,fury,6,4,2
39064,Кайзерчиф,soulflayer,384,warrior,fury,6,4,2
39065,Oluwafunmila,tarren-mill,384,warrior,fury,6,4,2
39066,Chipstjuven,tarren-mill,384,warrior,fury,6,4,2
39067,Нерморрог,howling-fjord,384,warrior,fury,6,4,2
39068,Daldiee,ravencrest,384,warrior,fury,6,4,2
39069,Infernall,burning-legion,384,warrior,fury,6,4,2
39070,Hofftor,eredar,384,warrior,fury,6,4,2
39071,Ronipickerin,stormscale,384,warrior,fury,6,4,2
39072,Stickifrån,darkspear,384,warrior,fury,6,4,2
39073,Lôreex,ravencrest,384,warrior,fury,6,4,2
39074,Bravest,ragnaros,384,warrior,fury,6,4,2
39075,Dominow,ysondre,384,warrior,fury,6,4,2
39076,Кофесмолоком,ashenvale,384,warrior,fury,6,4,2
39077,Søil,tarren-mill,384,warrior,fury,6,4,2
39078,Madvlad,twisting-nether,384,warrior,fury,6,4,2
39079,Nobelisarius,norgannon,384,warrior,fury,6,4,2
39080,Gotnuub,tarren-mill,384,warrior,fury,6,4,2
39081,Asuross,dalaran,384,warrior,fury,6,4,2
39082,Saurens,twisting-nether,384,warrior,fury,6,4,2
39083,Vivaladirt,argent-dawn,384,warrior,fury,6,4,2
39084,Вульрайс,deepholm,384,warrior,fury,6,4,2
39085,Hangart,argent-dawn,384,warrior,fury,6,4,2
39086,Tsu,karazhan,384,warrior,fury,6,4,2
39087,Zeldius,ravencrest,384,warrior,fury,6,4,2
39088,Zimbabakunda,ravencrest,384,warrior,fury,6,4,2
39089,Bersurker,draenor,384,warrior,fury,6,4,2
39090,Ränchiëk,ravencrest,384,warrior,fury,6,4,2
39091,Executte,zuljin,384,warrior,fury,6,4,2
39092,Roadsick,outland,384,warrior,fury,6,4,2
39093,Цикламея,blackscar,384,warrior,fury,6,4,2
39094,Pierøne,nemesis,384,warrior,fury,6,4,2
39095,Vullgrîm,blackmoore,384,warrior,fury,6,4,2
39096,Gandosh,blackmoore,384,warrior,fury,6,4,2
39097,Ryghar,silvermoon,384,warrior,fury,6,4,2
39098,Imora,silvermoon,384,warrior,fury,6,4,2
39099,Shuriká,blackmoore,384,warrior,fury,6,4,2
39100,Razzani,nathrezim,384,warrior,fury,6,4,2
39101,Thôras,anetheron,384,warrior,fury,6,4,2
39102,Впижаме,gordunni,384,warrior,fury,6,4,2
39103,Стано,booty-bay,384,warrior,fury,6,4,2
39104,Suzzon,hyjal,384,warrior,fury,6,4,2
39105,Truepassion,outland,384,warrior,fury,6,4,2
39106,Unqlolz,kazzak,384,warrior,fury,6,4,2
39107,Mórdér,blackmoore,384,warrior,fury,6,4,2
39108,Deamonn,kazzak,384,warrior,fury,6,4,2
39109,Swàck,mazrigos,384,warrior,fury,6,4,2
39110,Histe,thrall,384,warrior,fury,6,4,2
39111,Lôcutus,thrall,384,warrior,fury,6,4,2
39112,Dollystyle,kazzak,384,warrior,fury,6,4,2
39113,Sanhaevel,ravencrest,384,warrior,fury,10,4,6
39114,Деспазитыч,fordragon,384,warrior,fury,12,4,8
39115,Bwonsàmdí,ragnaros,384,warrior,fury,12,4,8
39116,Katmos,baelgun,384,warrior,fury,12,4,8
39117,Изберг,soulflayer,384,warrior,fury,12,4,8
39118,Янесними,soulflayer,384,warrior,fury,12,4,8
39119,Aprilis,thrall,384,warrior,fury,12,4,8
39120,Råkeff,tarren-mill,384,warrior,fury,12,4,8
39121,Andjuu,doomhammer,384,warrior,fury,12,4,8
39122,Basiletha,hyjal,384,warrior,fury,12,4,8
39123,Poniroula,burning-legion,384,warrior,fury,12,4,8
39124,Аркашевич,gordunni,384,warrior,fury,12,4,8
39125,Nekerka,burning-legion,384,warrior,fury,12,4,8
39126,Tanalias,outland,384,warrior,fury,12,4,8
39127,Painswift,blackhand,384,warrior,fury,12,4,8
39128,Hulkzmash,tarren-mill,384,warrior,fury,12,4,8
39129,Fistawarrior,nemesis,384,warrior,fury,12,4,8
39130,Fortressa,ravencrest,384,warrior,fury,12,4,8
39131,Têtebruler,archimonde,384,warrior,fury,12,4,8
39132,Bulletpants,argent-dawn,384,warrior,fury,12,4,8
39133,Колобочек,eversong,384,warrior,fury,12,4,8
39134,Garradoom,stormscale,384,warrior,fury,17,5,12
39135,Romanondo,doomhammer,383,warrior,fury,6,4,2
39136,Siltiel,marécage-de-zangar,383,warrior,fury,6,4,2
39137,Bulbumbo,twisting-nether,383,warrior,fury,6,4,2
39138,Gudvin,terokkar,383,warrior,fury,6,4,2
39139,Xhasan,sylvanas,383,warrior,fury,12,4,8
39140,Dullegriet,veknilash,383,warrior,fury,12,4,8
39141,Onslaught,pozzo-delleternità,383,warrior,fury,12,4,8
39142,Grenad,kazzak,383,warrior,fury,12,4,8
39143,Kratosz,bloodscalp,382,warrior,fury,6,4,2
39144,Ruuddy,draenor,382,warrior,fury,12,4,8
39145,Inexo,blackrock,382,warrior,fury,12,4,8
39146,Торакусу,gordunni,380,warrior,fury,12,4,8
39147,Colliderbody,dun-modr,367,warrior,fury,9,5,4
39148,Beogor,grim-batol,367,warrior,fury,11,4,7
39149,Pitii,burning-legion,351,warrior,fury,8,5,3
39150,Toxîn,dalaran,351,warrior,fury,11,4,7
39151,Greensmash,hyjal,351,warrior,fury,14,5,9
39152,Hembränt,hellfire,351,warrior,fury,17,4,13
39153,Bossít,doomhammer,336,warrior,fury,9,4,5
39154,Blackseven,ravencrest,330,warrior,fury,9,6,3
39155,Skillissues,argent-dawn,330,warrior,fury,11,7,4
39156,Gnompower,archimonde,319,warrior,fury,5,4,1
39157,Manelar,draenor,319,warrior,fury,8,4,4
39158,Хоркан,blackscar,319,warrior,fury,8,4,4
39159,Anaba,voljin,318,warrior,fury,10,4,6
39160,Neíd,malganis,288,warrior,fury,6,3,3
39161,Инкула,gordunni,288,warrior,fury,6,3,3
39162,Mumbojumbo,uldum,288,warrior,fury,6,3,3
39163,Hazarku,colinas-pardas,288,warrior,fury,6,3,3
39164,Гацс,soulflayer,288,warrior,fury,6,3,3
39165,Rägnât,dun-modr,288,warrior,fury,6,3,3
39166,Friendlytwo,quelthalas,288,warrior,fury,6,3,3
39167,Nifrediel,trollbane,288,warrior,fury,6,3,3
39168,Васяжелезо,gordunni,288,warrior,fury,6,3,3
39169,Skullsmasher,stormscale,288,warrior,fury,6,3,3
39170,Bonnejournée,stormscale,288,warrior,fury,6,3,3
39171,Wunderwaffle,xavius,288,warrior,fury,6,3,3
39172,Uncledazzo,quelthalas,288,warrior,fury,6,3,3
39173,Donvasto,sylvanas,288,warrior,fury,6,3,3
39174,Izrael,alakir,288,warrior,fury,6,3,3
39175,Thorgaz,blackmoore,288,warrior,fury,6,3,3
39176,Kronmw,dun-modr,288,warrior,fury,6,3,3
39177,Снакихснаки,gordunni,288,warrior,fury,6,3,3
39178,Gypsykìng,darksorrow,288,warrior,fury,6,3,3
39179,Bstgame,frostmane,288,warrior,fury,6,3,3
39180,Whàtsup,stormscale,288,warrior,fury,6,3,3
39181,Mfdoöm,draenor,288,warrior,fury,6,3,3
39182,Kapuchino,twisting-nether,288,warrior,fury,6,3,3
39183,Dangeruos,ragnaros,288,warrior,fury,6,3,3
39184,Sargul,ragnaros,288,warrior,fury,6,3,3
39185,Jamiex,marécage-de-zangar,288,warrior,fury,6,3,3
39186,Goorila,kazzak,288,warrior,fury,6,3,3
39187,Geicoo,dalaran,288,warrior,fury,6,3,3
39188,Sulemanslay,silvermoon,288,warrior,fury,6,3,3
39189,Грош,deepholm,288,warrior,fury,6,3,3
39190,Cryze,ravencrest,288,warrior,fury,6,3,3
39191,Blackwólf,bloodhoof,288,warrior,fury,6,3,3
39192,Immera,silvermoon,288,warrior,fury,6,3,3
39193,Taeshalach,der-abyssische-rat,288,warrior,fury,6,3,3
39194,Balltas,drakthul,288,warrior,fury,6,3,3
39195,Khrtw,silvermoon,288,warrior,fury,6,3,3
39196,Lâppön,blackmoore,288,warrior,fury,6,3,3
39197,Nitheriá,draenor,288,warrior,fury,6,3,3
39198,Damonx,draenor,288,warrior,fury,6,3,3
39199,Hortswarr,drakthul,288,warrior,fury,6,3,3
39200,Dajnatarcze,burning-legion,288,warrior,fury,6,3,3
39201,Kopfnusskali,thrall,288,warrior,fury,6,3,3
39202,Smâllpackage,silvermoon,288,warrior,fury,6,3,3
39203,Ivailowar,ravencrest,288,warrior,fury,6,3,3
39204,Grinrok,thrall,288,warrior,fury,6,3,3
39205,Morishcrak,kazzak,288,warrior,fury,6,3,3
39206,Afk,emeriss,288,warrior,fury,6,3,3
39207,Didgedelik,archimonde,288,warrior,fury,6,3,3
39208,Vory,ravencrest,288,warrior,fury,6,3,3
39209,Peon,eredar,288,warrior,fury,6,3,3
39210,Azotz,archimonde,288,warrior,fury,6,3,3
39211,Manký,kazzak,288,warrior,fury,6,3,3
39212,Frankytank,antonidas,288,warrior,fury,6,3,3
39213,Barrocket,aegwynn,288,warrior,fury,6,3,3
39214,Sørêy,aegwynn,288,warrior,fury,6,3,3
39215,Berzzerker,tarren-mill,288,warrior,fury,6,3,3
39216,Aìrwave,blackmoore,288,warrior,fury,6,3,3
39217,Eiche,kazzak,288,warrior,fury,6,3,3
39218,Kristinas,tarren-mill,288,warrior,fury,6,3,3
39219,Eleborn,tarren-mill,288,warrior,fury,6,3,3
39220,Cleavyera,tarren-mill,288,warrior,fury,6,3,3
39221,Tabboonishka,draenor,288,warrior,fury,6,3,3
39222,Cøbain,eredar,288,warrior,fury,6,3,3
39223,Xerone,doomhammer,288,warrior,fury,6,3,3
39224,Mïîäm,archimonde,288,warrior,fury,6,3,3
39225,Anakhas,archimonde,288,warrior,fury,6,3,3
39226,Drfeelgud,twisting-nether,288,warrior,fury,6,3,3
39227,Ganzaésábi,aggra-português,288,warrior,fury,6,3,3
39228,Septymyya,eredar,288,warrior,fury,9,4,5
39229,Bigpapapap,kazzak,288,warrior,fury,10,3,7
39230,Mouldyclunge,argent-dawn,288,warrior,fury,11,3,8
39231,Ganian,stormscale,288,warrior,fury,12,3,9
39232,Nightvision,skullcrusher,288,warrior,fury,12,3,9
39233,Dabliu,burning-legion,288,warrior,fury,12,3,9
39234,Zyn,outland,288,warrior,fury,12,3,9
39235,Aphae,defias-brotherhood,288,warrior,fury,12,3,9
39236,Grommer,dentarg,288,warrior,fury,12,3,9
39237,Pamila,outland,288,warrior,fury,12,3,9
39238,Zionto,draenor,288,warrior,fury,12,3,9
39239,Gèrralt,hyjal,288,warrior,fury,12,3,9
39240,Учихагодх,howling-fjord,288,warrior,fury,12,3,9
39241,Джондо,gordunni,288,warrior,fury,12,3,9
39242,Confliction,outland,288,warrior,fury,12,3,9
39243,Conânan,blackrock,288,warrior,fury,12,3,9
39244,Urabrask,stormscale,288,warrior,fury,12,3,9
39245,Malvred,eredar,288,warrior,fury,12,3,9
39246,Ireincarnate,argent-dawn,288,warrior,fury,12,3,9
39247,Zercher,tarren-mill,288,warrior,fury,12,3,9
39248,Kiryn,draenor,288,warrior,fury,12,3,9
39249,Skykrow,ysondre,288,warrior,fury,12,3,9
39250,Theunknown,eonar,288,warrior,fury,12,3,9
39251,Valldi,argent-dawn,288,warrior,fury,12,3,9
39252,Jasonnes,argent-dawn,288,warrior,fury,17,3,14
39253,Atelier,magtheridon,287,warrior,fury,6,3,3
39254,Gartenzwerge,kelthuzad,287,warrior,fury,6,3,3
39255,Titanhaut,frostwolf,287,warrior,fury,6,3,3
39256,Arnnau,dun-modr,287,warrior,fury,6,3,3
39257,Agunnai,karazhan,286,warrior,fury,6,3,3
39258,Raffael,pozzo-delleternità,286,warrior,fury,12,3,9
39259,Bubbsi,turalyon,284,warrior,fury,12,3,9
39260,Execute,sanguino,239,warrior,fury,5,3,2
39261,Xqt,laughing-skull,234,warrior,fury,9,4,5
39262,Iarsonn,drakthul,223,warrior,fury,8,3,5
39263,Флокт,howling-fjord,208,warrior,fury,7,3,4
39264,Имбанутыйвар,soulflayer,192,warrior,fury,4,3,1
39265,Mudryk,burning-blade,192,warrior,fury,4,3,1
39266,Балласёж,gordunni,192,warrior,fury,9,3,6
39267,Crocbait,ravencrest,192,warrior,fury,6,2,4
39268,Врэкклив,gordunni,192,warrior,fury,6,2,4
39269,Mash,hyjal,192,warrior,fury,6,2,4
39270,Джоулирэдблу,howling-fjord,192,warrior,fury,6,2,4
39271,Lánse,ravencrest,192,warrior,fury,6,2,4
39272,Amédé,ysondre,192,warrior,fury,6,2,4
39273,Wembley,proudmoore,192,warrior,fury,6,2,4
39274,Illydan,turalyon,192,warrior,fury,6,2,4
39275,Moonkak,hyjal,192,warrior,fury,6,2,4
39276,Kalakalle,twisting-nether,192,warrior,fury,6,2,4
39277,Malalulu,burning-legion,192,warrior,fury,6,2,4
39278,Suichôken,archimonde,192,warrior,fury,6,2,4
39279,Evilweraz,turalyon,192,warrior,fury,6,2,4
39280,Walkers,frostmane,192,warrior,fury,6,2,4
39281,Yaune,ravencrest,192,warrior,fury,6,2,4
39282,Jambaz,ravencrest,192,warrior,fury,6,2,4
39283,Gregórry,eredar,192,warrior,fury,6,2,4
39284,Hördê,zuljin,192,warrior,fury,6,2,4
39285,Piixxz,hyjal,192,warrior,fury,6,2,4
39286,Mîcî,tarren-mill,192,warrior,fury,6,2,4
39287,Velgur,ravencrest,192,warrior,fury,6,2,4
39288,Holdemhammer,sanguino,192,warrior,fury,6,2,4
39289,Sefty,tarren-mill,192,warrior,fury,6,2,4
39290,Чюнилингус,soulflayer,192,warrior,fury,6,2,4
39291,Fookyoup,stormscale,192,warrior,fury,6,2,4
39292,Alxqt,outland,192,warrior,fury,6,2,4
39293,Cortix,blackmoore,192,warrior,fury,6,2,4
39294,Aler,alakir,192,warrior,fury,6,2,4
39295,Nexyycleave,kazzak,192,warrior,fury,6,2,4
39296,Shownomercy,blackrock,192,warrior,fury,6,2,4
39297,Khòrne,sanguino,192,warrior,fury,6,2,4
39298,Rayyes,stormscale,192,warrior,fury,6,2,4
39299,Warfield,draenor,192,warrior,fury,6,2,4
39300,Гудмунт,borean-tundra,192,warrior,fury,6,2,4
39301,Zargala,stormscale,192,warrior,fury,6,2,4
39302,Fuwy,argent-dawn,192,warrior,fury,6,2,4
39303,Apacolata,outland,192,warrior,fury,6,2,4
39304,Саркон,ashenvale,192,warrior,fury,6,2,4
39305,Jeembo,blackmoore,192,warrior,fury,6,2,4
39306,Picklejuicer,argent-dawn,192,warrior,fury,6,2,4
39307,Xiiver,burning-legion,192,warrior,fury,6,2,4
39308,Qiz,silvermoon,192,warrior,fury,6,2,4
39309,Whitescale,silvermoon,192,warrior,fury,6,2,4
39310,Siuzy,blackrock,192,warrior,fury,6,2,4
39311,Buntstift,thrall,192,warrior,fury,6,2,4
39312,Gomblin,blackmoore,192,warrior,fury,6,2,4
39313,Ragelust,twisting-nether,192,warrior,fury,6,2,4
39314,Sgàthach,silvermoon,192,warrior,fury,6,2,4
39315,Maidenless,quelthalas,192,warrior,fury,6,2,4
39316,Admiràl,azuremyst,192,warrior,fury,6,2,4
39317,Souler,burning-legion,192,warrior,fury,6,2,4
39318,Onykat,aegwynn,192,warrior,fury,6,2,4
39319,Искристый,howling-fjord,192,warrior,fury,6,2,4
39320,Zirvey,tarren-mill,192,warrior,fury,6,2,4
39321,Freddie,baelgun,192,warrior,fury,6,2,4
39322,Ruz,defias-brotherhood,192,warrior,fury,6,2,4
39323,Brutalz,kazzak,192,warrior,fury,6,2,4
39324,Кунгфурик,soulflayer,192,warrior,fury,6,2,4
39325,Nokturnâl,silvermoon,192,warrior,fury,6,2,4
39326,Jriddyzug,ravencrest,192,warrior,fury,6,2,4
39327,Maniaco,kazzak,192,warrior,fury,6,2,4
39328,Nabucadnozor,illidan,192,warrior,fury,6,2,4
39329,Tyranitar,pozzo-delleternità,192,warrior,fury,6,2,4
39330,Basingaa,pozzo-delleternità,192,warrior,fury,6,2,4
39331,Lianore,sanguino,192,warrior,fury,6,2,4
39332,Антурим,howling-fjord,192,warrior,fury,6,2,4
39333,Zalazain,burning-legion,192,warrior,fury,6,2,4
39334,Pemex,stormreaver,192,warrior,fury,6,2,4
39335,Miotyz,ahnqiraj,192,warrior,fury,6,2,4
39336,Кентафурик,soulflayer,192,warrior,fury,6,2,4
39337,Eyolf,thunderhorn,192,warrior,fury,6,2,4
39338,Schneklinge,blutkessel,192,warrior,fury,8,2,6
39339,Ikaroshi,silvermoon,192,warrior,fury,9,2,7
39340,Thordis,sylvanas,192,warrior,fury,11,2,9
39341,Altroox,malorne,192,warrior,fury,12,2,10
39342,Pakusrage,defias-brotherhood,192,warrior,fury,12,2,10
39343,Minotaureeni,silvermoon,192,warrior,fury,12,2,10
39344,Andrjuscha,blackrock,192,warrior,fury,12,2,10
39345,Frowenn,ravencrest,192,warrior,fury,12,2,10
39346,Angrethar,tarren-mill,192,warrior,fury,12,2,10
39347,Arzes,draenor,192,warrior,fury,12,2,10
39348,Sycon,chamber-of-aspects,192,warrior,fury,12,2,10
39349,Korova,blackrock,192,warrior,fury,12,2,10
39350,Alvis,nathrezim,191,warrior,fury,6,2,4
39351,Dorinaz,die-aldor,191,warrior,fury,6,2,4
39352,Dj,ragnaros,191,warrior,fury,6,2,4
39353,Krirlok,draenor,191,warrior,fury,6,2,4
39354,Tömahawk,defias-brotherhood,191,warrior,fury,6,2,4
39355,Omosha,burning-legion,191,warrior,fury,6,2,4
39356,Loty,drakthul,175,warrior,fury,11,2,9
39357,Кереешка,howling-fjord,175,warrior,fury,11,2,9
39358,Limejuicer,argent-dawn,169,warrior,fury,12,5,7
39359,Brülldozer,kargath,159,warrior,fury,5,2,3
39360,Vlaax,ravencrest,138,warrior,fury,14,3,11
39361,Æxcoast,ravencrest,128,warrior,fury,4,2,2
39362,Krunchä,ragnaros,96,warrior,fury,3,2,1
39363,Текайко,eversong,96,warrior,fury,3,2,1
39364,Temprament,ravencrest,96,warrior,fury,6,1,5
39365,Hammerfall,uldum,96,warrior,fury,6,1,5
39366,Galenthor,ravencrest,96,warrior,fury,6,1,5
39367,Sorkk,kazzak,96,warrior,fury,6,1,5
39368,Wifioffline,silvermoon,96,warrior,fury,6,1,5
39369,Woghard,drakthul,96,warrior,fury,6,1,5
39370,Xenowarr,tarren-mill,96,warrior,fury,6,1,5
39371,Stratic,blackmoore,96,warrior,fury,6,1,5
39372,Mot,terenas,96,warrior,fury,6,1,5
39373,Riptide,aggra-português,96,warrior,fury,6,1,5
39374,Luw,twisting-nether,96,warrior,fury,6,1,5
39375,Wanzzeur,hyjal,96,warrior,fury,6,1,5
39376,Slayfox,dun-morogh,96,warrior,fury,6,1,5
39377,Киссмиплис,gordunni,96,warrior,fury,6,1,5
39378,Raakalainen,vashj,96,warrior,fury,6,1,5
39379,Oxandrolona,argent-dawn,96,warrior,fury,6,1,5
39380,Marícan,blackmoore,96,warrior,fury,6,1,5
39381,Feltias,drakthul,96,warrior,fury,6,1,5
39382,Dp,area-52,96,warrior,fury,6,1,5
39383,Bladewound,draenor,96,warrior,fury,6,1,5
39384,Wiliamwalace,zuljin,96,warrior,fury,6,1,5
39385,Malebolia,mugthol,96,warrior,fury,6,1,5
39386,Naspy,stormscale,96,warrior,fury,6,1,5
39387,Moldamis,blackhand,96,warrior,fury,6,1,5
39388,Corpsecount,stormrage,96,warrior,fury,6,1,5
39389,Utharis,stormscale,96,warrior,fury,6,1,5
39390,Grisettê,archimonde,96,warrior,fury,6,1,5
39391,Moknar,alonsus,96,warrior,fury,6,1,5
39392,Dyspó,sanguino,96,warrior,fury,6,1,5
39393,Рагкар,gordunni,96,warrior,fury,6,1,5
39394,Spacemachine,kazzak,96,warrior,fury,6,1,5
39395,Greekazi,kazzak,96,warrior,fury,6,1,5
39396,Coldstory,draenor,96,warrior,fury,6,1,5
39397,Kronstris,veklor,96,warrior,fury,6,1,5
39398,Elesharde,sanguino,96,warrior,fury,6,1,5
39399,Azrail,xavius,96,warrior,fury,6,1,5
39400,Raixxon,ragnaros,96,warrior,fury,6,1,5
39401,Narkzsthki,kazzak,96,warrior,fury,6,1,5
39402,Dolora,ragnaros,96,warrior,fury,6,1,5
39403,Juanvaco,tarren-mill,96,warrior,fury,6,1,5
39404,Swordluw,argent-dawn,96,warrior,fury,6,1,5
39405,Армапипец,soulflayer,96,warrior,fury,6,1,5
39406,Денеур,gordunni,96,warrior,fury,6,1,5
39407,Фиббоначи,deathguard,96,warrior,fury,6,1,5
39408,Анстасмэш,soulflayer,96,warrior,fury,6,1,5
39409,Høxy,outland,96,warrior,fury,6,1,5
39410,Furyfame,darksorrow,96,warrior,fury,6,1,5
39411,Синнэр,blackscar,96,warrior,fury,6,1,5
39412,Wardruine,dun-modr,96,warrior,fury,6,1,5
39413,Спаццифика,soulflayer,96,warrior,fury,6,1,5
39414,Grimmrock,gorgonnash,96,warrior,fury,6,1,5
39415,Hágríd,ragnaros,96,warrior,fury,12,1,11
39416,Kaodes,outland,96,warrior,fury,17,1,16
39417,Pufy,ravencrest,79,warrior,fury,11,1,10
39418,Krachz,draenor,63,warrior,fury,2,2,0
39419,Elkatar,stormscale,46,warrior,fury,23,6,17
39420,Lykevil,medivh,31,warrior,fury,2,1,1
39421,Vivrya,silvermoon,31,warrior,fury,2,1,1
39422,Marcus,ravencrest,2254,warrior,arms,150,79,71
39423,Réckx,twisting-nether,2233,warrior,arms,93,52,41
39424,Midgetdamis,blackhand,2230,warrior,arms,119,81,38
39425,Scardrex,defias-brotherhood,2172,warrior,arms,94,49,45
39426,Sickjackenn,executus,2166,warrior,arms,111,58,53
39427,Seifcham,ragnaros,2156,warrior,arms,168,85,83
39428,Thomasman,nerathor,2145,warrior,arms,96,48,48
39429,Gewyon,ragnaros,2137,warrior,arms,66,40,26
39430,Blîxtgordon,tarren-mill,2133,warrior,arms,78,42,36
39431,Elwarroo,dun-modr,2125,warrior,arms,166,93,73
39432,Palianytsia,ravencrest,2125,warrior,arms,77,40,37
39433,Noragrets,stormscale,2116,warrior,arms,80,41,39
39434,Regnarok,sylvanas,2115,warrior,arms,154,90,64
39435,Скварх,howling-fjord,2112,warrior,arms,120,74,46
39436,Savesta,dalaran,2112,warrior,arms,156,83,73
39437,Yorgal,arakarahm,2106,warrior,arms,90,44,46
39438,Grkpwh,silvermoon,2105,warrior,arms,88,48,40
39439,Immørtálx,tarren-mill,2102,warrior,arms,72,38,34
39440,Nikkí,naxxramas,2074,warrior,arms,96,50,46
39441,Кокдиллак,soulflayer,2073,warrior,arms,122,62,60
39442,Оркабал,howling-fjord,2045,warrior,arms,124,68,56
39443,Dunecrab,tarren-mill,2042,warrior,arms,113,63,50
39444,Cerry,ravencrest,2016,warrior,arms,123,63,60
39445,Sharpen,chamber-of-aspects,2013,warrior,arms,86,43,43
39446,Theryk,sanguino,2012,warrior,arms,119,58,61
39447,Trâshwarriør,blackhand,1998,warrior,arms,62,27,35
39448,Joeférnandes,ragnaros,1996,warrior,arms,77,38,39
39449,Ulrid,draenor,1993,warrior,arms,78,40,38
39450,Вэшикх,soulflayer,1984,warrior,arms,89,48,41
39451,Zak,stormscale,1980,warrior,arms,96,43,53
39452,Schwän,twisting-nether,1979,warrior,arms,36,25,11
39453,Karny,ravencrest,1973,warrior,arms,66,39,27
39454,Eidzo,tarren-mill,1970,warrior,arms,54,36,18
39455,Qtcockxx,stormscale,1969,warrior,arms,66,33,33
39456,Schaufelørc,blackrock,1966,warrior,arms,72,40,32
39457,Markers,twisting-nether,1965,warrior,arms,91,41,50
39458,Quotx,stormscale,1960,warrior,arms,118,54,64
39459,Manaskhan,tarren-mill,1959,warrior,arms,174,90,84
39460,Mitu,sanguino,1959,warrior,arms,239,120,119
39461,Merked,kazzak,1958,warrior,arms,72,34,38
39462,Thenx,tarren-mill,1956,warrior,arms,135,67,68
39463,Shilix,twisting-nether,1956,warrior,arms,139,65,74
39464,Pentagramlol,twisting-nether,1955,warrior,arms,64,34,30
39465,Nedåh,blackrock,1954,warrior,arms,84,46,38
39466,Purporcc,archimonde,1950,warrior,arms,63,32,31
39467,Disarmed,auchindoun,1945,warrior,arms,54,31,23
39468,Otp,ravencrest,1944,warrior,arms,96,50,46
39469,Gabrijel,draenor,1939,warrior,arms,131,60,71
39470,Dabr,stormscale,1938,warrior,arms,42,24,18
39471,Myonmyonmyon,blackmoore,1937,warrior,arms,68,41,27
39472,Wràthfúl,kazzak,1937,warrior,arms,137,69,68
39473,Benzemá,sanguino,1936,warrior,arms,58,40,18
39474,Rhâpsodyw,ravencrest,1935,warrior,arms,76,42,34
39475,Zugzugcleave,blackrock,1931,warrior,arms,54,35,19
39476,Kapuchino,twisting-nether,1921,warrior,arms,48,27,21
39477,Aerês,tarren-mill,1912,warrior,arms,138,72,66
39478,Комочекгнева,howling-fjord,1912,warrior,arms,139,70,69
39479,Timpey,kazzak,1911,warrior,arms,54,30,24
39480,Naronnas,drakthul,1910,warrior,arms,104,58,46
39481,Ragestarved,ragnaros,1908,warrior,arms,83,40,43
39482,Summerkarma,wildhammer,1904,warrior,arms,88,47,41
39483,Apacolata,outland,1903,warrior,arms,57,29,28
39484,Wargoth,draenor,1901,warrior,arms,57,34,23
39485,Длоордпро,soulflayer,1900,warrior,arms,65,29,36
39486,Фокатоп,blackscar,1895,warrior,arms,54,28,26
39487,Saurens,twisting-nether,1895,warrior,arms,84,38,46
39488,Çatàclysmíc,kazzak,1894,warrior,arms,102,51,51
39489,Julololo,archimonde,1893,warrior,arms,72,40,32
39490,Xvlanter,silvermoon,1892,warrior,arms,93,50,43
39491,Galeron,kazzak,1892,warrior,arms,60,30,30
39492,Куртфорренс,gordunni,1891,warrior,arms,67,28,39
39493,Courageous,ravencrest,1889,warrior,arms,66,39,27
39494,Bàrbandit,archimonde,1889,warrior,arms,90,44,46
39495,Notthateasy,blackrock,1887,warrior,arms,42,24,18
39496,Лилиофаныч,soulflayer,1886,warrior,arms,53,29,24
39497,Alegral,ravencrest,1886,warrior,arms,189,91,98
39498,Drclapit,blackrock,1884,warrior,arms,42,23,19
39499,Ozrenac,kazzak,1883,warrior,arms,131,70,61
39500,Sagethi,blackrock,1883,warrior,arms,77,37,40
39501,Tsuperman,tarren-mill,1880,warrior,arms,54,31,23
39502,Куесэс,howling-fjord,1880,warrior,arms,36,20,16
39503,Gnømércy,stormscale,1878,warrior,arms,42,22,20
39504,Cathériné,drakthul,1875,warrior,arms,48,27,21
39505,Purpórc,archimonde,1875,warrior,arms,54,30,24
39506,Бэнчпресс,soulflayer,1875,warrior,arms,60,29,31
39507,Oswáld,defias-brotherhood,1874,warrior,arms,50,37,13
39508,Doomqt,terokkar,1873,warrior,arms,47,27,20
39509,Kartha,stormscale,1873,warrior,arms,54,28,26
39510,Hellguard,archimonde,1872,warrior,arms,84,47,37
39511,Liptonxecute,blackhand,1872,warrior,arms,48,26,22
39512,Emix,arygos,1871,warrior,arms,54,31,23
39513,Lostday,blackrock,1871,warrior,arms,111,56,55
39514,Хиро,deathweaver,1870,warrior,arms,66,34,32
39515,Regnarøk,sylvanas,1869,warrior,arms,71,44,27
39516,Nassir,stormscale,1869,warrior,arms,78,42,36
39517,Zhoti,outland,1866,warrior,arms,64,33,31
39518,Mercey,stormscale,1865,warrior,arms,47,24,23
39519,Брокскрим,soulflayer,1861,warrior,arms,60,30,30
39520,Javakt,stormscale,1859,warrior,arms,174,82,92
39521,Sekwar,twisting-nether,1858,warrior,arms,42,21,21
39522,Mastodøntes,hyjal,1858,warrior,arms,67,32,35
39523,Dõxqt,kazzak,1857,warrior,arms,56,30,26
39524,Europ,silvermoon,1857,warrior,arms,162,78,84
39525,Бодибилдерыч,gordunni,1855,warrior,arms,101,57,44
39526,Mômsboy,tarren-mill,1853,warrior,arms,64,33,31
39527,Ланро,gordunni,1853,warrior,arms,65,33,32
39528,Àlexander,ravencrest,1852,warrior,arms,35,20,15
39529,Infernion,jaedenar,1851,warrior,arms,36,23,13
39530,Valoo,malganis,1850,warrior,arms,68,35,33
39531,Skorm,mugthol,1849,warrior,arms,36,27,9
39532,Reckqtw,eredar,1849,warrior,arms,92,50,42
39533,Downpipe,twisting-nether,1849,warrior,arms,102,54,48
39534,Xxeqtr,kazzak,1849,warrior,arms,95,45,50
39535,Аоетакси,soulflayer,1848,warrior,arms,104,59,45
39536,Хэйре,howling-fjord,1847,warrior,arms,148,78,70
39537,Krônm,dun-modr,1847,warrior,arms,78,33,45
39538,Nihe,stormreaver,1846,warrior,arms,66,30,36
39539,Kaieh,argent-dawn,1844,warrior,arms,48,31,17
39540,Nerfmyrage,hyjal,1844,warrior,arms,66,39,27
39541,Messermozart,blackmoore,1844,warrior,arms,48,25,23
39542,Civok,kult-der-verdammten,1844,warrior,arms,66,31,35
39543,Крипочёк,gordunni,1842,warrior,arms,42,25,17
39544,Wasro,norgannon,1841,warrior,arms,70,35,35
39545,Daredevìl,eredar,1841,warrior,arms,101,49,52
39546,Jriddyzug,ravencrest,1840,warrior,arms,62,33,29
39547,Enøt,kazzak,1839,warrior,arms,53,25,28
39548,Ässholedamis,blackhand,1837,warrior,arms,48,35,13
39549,Sneakydrm,kazzak,1837,warrior,arms,40,23,17
39550,Gguts,archimonde,1837,warrior,arms,85,46,39
39551,Khalimov,tarren-mill,1837,warrior,arms,96,51,45
39552,Nukerz,kirin-tor,1836,warrior,arms,60,34,26
39553,Аэска,deathweaver,1836,warrior,arms,60,28,32
39554,Tozzhug,ragnaros,1835,warrior,arms,48,28,20
39555,Kanté,burning-blade,1834,warrior,arms,41,24,17
39556,Chaddimus,draenor,1833,warrior,arms,42,28,14
39557,Æriø,dalaran,1833,warrior,arms,48,27,21
39558,Compétiteub,archimonde,1833,warrior,arms,60,29,31
39559,Blåvingad,kazzak,1831,warrior,arms,56,34,22
39560,Боссберс,soulflayer,1831,warrior,arms,89,44,45
39561,Watrux,outland,1831,warrior,arms,66,31,35
39562,Trapoulas,kazzak,1831,warrior,arms,83,36,47
39563,Воинлета,howling-fjord,1830,warrior,arms,101,60,41
39564,Khÿze,ysondre,1829,warrior,arms,58,39,19
39565,Klearr,silvermoon,1829,warrior,arms,91,56,35
39566,Agoen,silvermoon,1829,warrior,arms,48,23,25
39567,Ønogal,archimonde,1829,warrior,arms,66,31,35
39568,Endagon,ravencrest,1828,warrior,arms,61,29,32
39569,Kamked,burning-legion,1828,warrior,arms,107,50,57
39570,Blazefüry,ravencrest,1827,warrior,arms,61,33,28
39571,Rînus,aegwynn,1827,warrior,arms,54,26,28
39572,Wuifly,dun-modr,1826,warrior,arms,69,35,34
39573,Варбоссец,soulflayer,1825,warrior,arms,66,35,31
39574,Nurekin,argent-dawn,1825,warrior,arms,66,32,34
39575,Соджиро,howling-fjord,1825,warrior,arms,54,26,28
39576,Lanstus,silvermoon,1823,warrior,arms,78,45,33
39577,Ðior,bronze-dragonflight,1822,warrior,arms,53,29,24
39578,Марльин,howling-fjord,1822,warrior,arms,59,29,30
39579,Crîxús,silvermoon,1822,warrior,arms,60,25,35
39580,Rngmonster,kazzak,1820,warrior,arms,100,68,32
39581,Uzamaki,bronzebeard,1820,warrior,arms,48,32,16
39582,Knutrex,tarren-mill,1820,warrior,arms,61,35,26
39583,Лимпс,gordunni,1819,warrior,arms,30,19,11
39584,Flinta,blackmoore,1819,warrior,arms,90,51,39
39585,Флагмэн,gordunni,1819,warrior,arms,65,36,29
39586,Maarshl,ysondre,1819,warrior,arms,225,121,104
39587,Ðênnis,ravencrest,1818,warrior,arms,30,19,11
39588,Pürporcc,archimonde,1818,warrior,arms,97,48,49
39589,Мелькорт,gordunni,1817,warrior,arms,48,29,19
39590,Prymebeevz,blackmoore,1816,warrior,arms,47,32,15
39591,Экзекьютлол,soulflayer,1816,warrior,arms,47,25,22
39592,Joéfernandés,sylvanas,1816,warrior,arms,36,19,17
39593,Fruiittyy,ravencrest,1815,warrior,arms,66,37,29
39594,Klonyarik,ravencrest,1815,warrior,arms,36,19,17
39595,Hasbullá,kazzak,1815,warrior,arms,206,106,100
39596,Aeyon,burning-blade,1814,warrior,arms,45,27,18
39597,Thorana,twisting-nether,1814,warrior,arms,59,32,27
39598,Naskez,kazzak,1814,warrior,arms,81,41,40
39599,Darshan,grim-batol,1814,warrior,arms,66,33,33
39600,Leethal,outland,1814,warrior,arms,60,27,33
39601,Juank,minahonda,1814,warrior,arms,48,21,27
39602,Doloresvp,zuljin,1813,warrior,arms,66,36,30
39603,Pummelthru,burning-legion,1813,warrior,arms,65,32,33
39604,Vic,tarren-mill,1813,warrior,arms,47,20,27
39605,Zcell,kazzak,1812,warrior,arms,36,23,13
39606,Jenkinzz,stormscale,1812,warrior,arms,60,34,26
39607,Лёшавор,howling-fjord,1812,warrior,arms,36,19,17
39608,Mystylez,silvermoon,1812,warrior,arms,60,28,32
39609,Gucciwarrior,blackhand,1812,warrior,arms,90,41,49
39610,Vvulf,eredar,1812,warrior,arms,60,25,35
39611,Axinit,blackrock,1811,warrior,arms,42,23,19
39612,Idiotplay,drekthar,1811,warrior,arms,42,19,23
39613,Johnmeadows,ravencrest,1810,warrior,arms,36,23,13
39614,Ðiscordia,blackhand,1810,warrior,arms,84,43,41
39615,Jokkul,tarren-mill,1810,warrior,arms,46,21,25
39616,Connorzw,blackmoore,1809,warrior,arms,36,23,13
39617,Cherserker,ragnaros,1809,warrior,arms,69,41,28
39618,Drilley,blackmoore,1807,warrior,arms,50,34,16
39619,Oldchap,nordrassil,1807,warrior,arms,48,31,17
39620,Олдборовс,soulflayer,1807,warrior,arms,53,29,24
39621,Zeddone,drakthul,1807,warrior,arms,90,46,44
39622,Damagz,tarren-mill,1807,warrior,arms,83,42,41
39623,Bloodhorn,blackhand,1807,warrior,arms,107,54,53
39624,Velcorn,ravencrest,1807,warrior,arms,42,19,23
39625,Варзила,blackscar,1807,warrior,arms,53,22,31
39626,Nìmera,nemesis,1806,warrior,arms,36,26,10
39627,Yelanx,twisting-nether,1806,warrior,arms,48,34,14
39628,Гатсберсерк,gordunni,1806,warrior,arms,167,91,76
39629,Wayneson,tarren-mill,1806,warrior,arms,108,58,50
39630,Книфэк,howling-fjord,1806,warrior,arms,76,40,36
39631,Brutilda,antonidas,1806,warrior,arms,53,25,28
39632,Дуглимон,gordunni,1805,warrior,arms,65,37,28
39633,Palmexwar,drakthul,1805,warrior,arms,54,29,25
39634,Toscothegoat,ravencrest,1804,warrior,arms,36,24,12
39635,Greenblób,kazzak,1804,warrior,arms,66,27,39
39636,Hanìbal,ravencrest,1803,warrior,arms,60,32,28
39637,Ghakra,kazzak,1802,warrior,arms,36,25,11
39638,Westwyde,hyjal,1802,warrior,arms,48,30,18
39639,Thyréc,blackmoore,1802,warrior,arms,60,34,26
39640,Маклецкий,gordunni,1802,warrior,arms,144,68,76
39641,Purporcfr,archimonde,1801,warrior,arms,47,25,22
39642,Shortcvnt,ravencrest,1800,warrior,arms,48,28,20
39643,Phalek,argent-dawn,1800,warrior,arms,48,28,20
39644,Azudaddy,blackmoore,1800,warrior,arms,59,34,25
39645,Böggzbunny,tarren-mill,1800,warrior,arms,42,24,18
39646,Dairøx,blackrock,1800,warrior,arms,60,31,29
39647,Ástriax,ravencrest,1799,warrior,arms,159,77,82
39648,Kamatâ,kazzak,1796,warrior,arms,60,32,28
39649,Pivcuga,kazzak,1795,warrior,arms,237,118,119
39650,Рвбстох,blackscar,1794,warrior,arms,60,32,28
39651,Zhangbeihai,ravencrest,1794,warrior,arms,60,30,30
39652,Злопиканка,gordunni,1794,warrior,arms,58,29,29
39653,Atrôcithy,silvermoon,1791,warrior,arms,48,25,23
39654,Mckinseybcg,outland,1790,warrior,arms,77,49,28
39655,Brogre,stormrage,1790,warrior,arms,53,31,22
39656,Kënnyföx,ysondre,1789,warrior,arms,36,19,17
39657,Zheaks,kazzak,1785,warrior,arms,95,45,50
39658,Røidrage,stormscale,1785,warrior,arms,72,33,39
39659,Древилгод,gordunni,1783,warrior,arms,57,31,26
39660,Kennyföx,ysondre,1782,warrior,arms,38,24,14
39661,Шурпач,deathguard,1781,warrior,arms,48,24,24
39662,Selenez,outland,1779,warrior,arms,67,30,37
39663,Shookyx,ravencrest,1775,warrior,arms,42,24,18
39664,Gigadot,arathor,1775,warrior,arms,168,87,81
39665,Джерамин,blackscar,1775,warrior,arms,48,24,24
39666,Троммтар,howling-fjord,1774,warrior,arms,94,41,53
39667,Zombossio,tarren-mill,1773,warrior,arms,74,38,36
39668,Stupidz,hyjal,1773,warrior,arms,48,21,27
39669,Kiyomaro,stormscale,1771,warrior,arms,48,25,23
39670,Вандэрбой,howling-fjord,1770,warrior,arms,180,85,95
39671,Mazaharine,archimonde,1769,warrior,arms,54,26,28
39672,Lyriae,argent-dawn,1768,warrior,arms,66,39,27
39673,Jengaa,draenor,1768,warrior,arms,108,56,52
39674,Hulkensmash,kazzak,1768,warrior,arms,169,85,84
39675,Prøject,archimonde,1768,warrior,arms,54,27,27
39676,Cerßere,archimonde,1767,warrior,arms,108,54,54
39677,Komissarecks,aegwynn,1767,warrior,arms,63,31,32
39678,Pangowar,elune,1766,warrior,arms,69,38,31
39679,Dnoire,ravencrest,1766,warrior,arms,54,25,29
39680,Chucho,argent-dawn,1761,warrior,arms,48,26,22
39681,Bigboomer,frostmane,1761,warrior,arms,180,81,99
39682,Nitheriá,draenor,1759,warrior,arms,286,145,141
39683,Reccey,blackrock,1755,warrior,arms,134,67,67
39684,Grimlok,sylvanas,1754,warrior,arms,65,27,38
39685,Kelhim,blackrock,1753,warrior,arms,66,37,29
39686,Cleaver,tarren-mill,1752,warrior,arms,54,29,25
39687,Ущипнузатитю,deathguard,1752,warrior,arms,66,29,37
39688,Yosiwa,draenor,1751,warrior,arms,78,45,33
39689,Trôth,kazzak,1750,warrior,arms,36,23,13
39690,Skylåw,archimonde,1750,warrior,arms,109,52,57
39691,Pj,sanguino,1750,warrior,arms,68,30,38
39692,Nardoch,archimonde,1748,warrior,arms,94,50,44
39693,Thrux,dalaran,1747,warrior,arms,60,35,25
39694,Заликмортал,soulflayer,1746,warrior,arms,78,44,34
39695,Arms,earthen-ring,1746,warrior,arms,56,29,27
39696,Grimogør,stormscale,1745,warrior,arms,36,22,14
39697,Blademir,blackrock,1739,warrior,arms,41,26,15
39698,Bigboyx,kazzak,1739,warrior,arms,44,23,21
39699,Mojotsche,taerar,1738,warrior,arms,64,36,28
39700,Cesr,bloodhoof,1738,warrior,arms,106,47,59
39701,Cisataker,hyjal,1737,warrior,arms,24,20,4
39702,Rageco,ravencrest,1737,warrior,arms,48,31,17
39703,Oluwafunmila,tarren-mill,1737,warrior,arms,56,29,27
39704,Bôlufonâ,dun-modr,1732,warrior,arms,59,31,28
39705,Wake,eredar,1731,warrior,arms,42,23,19
39706,Magnî,auchindoun,1731,warrior,arms,54,29,25
39707,Døkidøki,silvermoon,1731,warrior,arms,80,40,40
39708,Ezøn,aegwynn,1730,warrior,arms,65,32,33
39709,Mirpz,doomhammer,1723,warrior,arms,36,22,14
39710,Oplarxigos,kazzak,1723,warrior,arms,48,20,28
39711,Dannyp,twisting-nether,1722,warrior,arms,36,18,18
39712,Shchoor,ravencrest,1722,warrior,arms,36,18,18
39713,Bigdamtosco,ravencrest,1721,warrior,arms,30,18,12
39714,Bruxus,blackhand,1721,warrior,arms,190,101,89
39715,Hunkz,sylvanas,1721,warrior,arms,53,26,27
39716,Hasmocaru,silvermoon,1720,warrior,arms,42,25,17
39717,Naskwar,archimonde,1720,warrior,arms,48,24,24
39718,Skädy,dun-modr,1720,warrior,arms,48,23,25
39719,Fantasý,burning-legion,1720,warrior,arms,71,28,43
39720,Crawly,aegwynn,1719,warrior,arms,129,67,62
39721,Urasli,doomhammer,1717,warrior,arms,42,24,18
39722,Стилерин,gordunni,1717,warrior,arms,36,18,18
39723,Æç,argent-dawn,1716,warrior,arms,66,33,33
39724,Барсток,soulflayer,1716,warrior,arms,107,53,54
39725,Corlo,uldaman,1713,warrior,arms,44,23,21
39726,Nozuki,archimonde,1713,warrior,arms,231,115,116
39727,Brizeis,malganis,1711,warrior,arms,79,41,38
39728,Dógmòdex,stormscale,1710,warrior,arms,48,30,18
39729,Mertik,twisting-nether,1710,warrior,arms,48,28,20
39730,Mintys,sylvanas,1710,warrior,arms,62,33,29
39731,Palmsweaty,stormrage,1710,warrior,arms,72,31,41
39732,Karuck,tarren-mill,1709,warrior,arms,30,19,11
39733,Juggernãut,ravencrest,1709,warrior,arms,36,20,16
39734,Bordi,nemesis,1709,warrior,arms,137,61,76
39735,Фктпх,blackscar,1708,warrior,arms,48,29,19
39736,Ахиллслэм,howling-fjord,1708,warrior,arms,59,24,35
39737,Avalinqt,blackrock,1706,warrior,arms,44,32,12
39738,Bélløne,dalaran,1706,warrior,arms,66,33,33
39739,Goorila,kazzak,1706,warrior,arms,36,18,18
39740,ßloodz,hyjal,1706,warrior,arms,72,35,37
39741,Poolboyx,tarren-mill,1704,warrior,arms,123,63,60
39742,Вокилог,soulflayer,1704,warrior,arms,386,190,196
39743,Wardruine,dun-modr,1704,warrior,arms,107,52,55
39744,Thebigshow,the-maelstrom,1702,warrior,arms,94,41,53
39745,Хеликат,soulflayer,1701,warrior,arms,60,27,33
39746,Learningwarr,eredar,1700,warrior,arms,44,24,20
39747,Therealman,kazzak,1699,warrior,arms,38,23,15
39748,Klonyarika,ravencrest,1699,warrior,arms,36,20,16
39749,Augustus,runetotem,1697,warrior,arms,36,23,13
39750,Yellowjuice,stormscale,1697,warrior,arms,126,74,52
39751,Krionos,ravencrest,1697,warrior,arms,42,22,20
39752,Люцц,gordunni,1696,warrior,arms,82,43,39
39753,Voxz,stormscale,1696,warrior,arms,189,92,97
39754,Xendyo,frostmourne,1696,warrior,arms,107,50,57
39755,Donquiexote,ravencrest,1695,warrior,arms,78,43,35
39756,Sorkk,kazzak,1694,warrior,arms,80,44,36
39757,Solezte,tarren-mill,1693,warrior,arms,90,54,36
39758,Вуриор,howling-fjord,1692,warrior,arms,84,44,40
39759,Брок,soulflayer,1692,warrior,arms,96,39,57
39760,Дайбайхенд,howling-fjord,1691,warrior,arms,60,30,30
39761,Xgs,archimonde,1690,warrior,arms,204,104,100
39762,Zexa,tarren-mill,1690,warrior,arms,42,21,21
39763,Vayné,ravencrest,1690,warrior,arms,78,35,43
39764,Blayr,tarren-mill,1689,warrior,arms,77,38,39
39765,Rivah,tarren-mill,1689,warrior,arms,51,25,26
39766,Urmack,ravencrest,1688,warrior,arms,36,27,9
39767,Brunodressed,aegwynn,1688,warrior,arms,36,19,17
39768,Fràgile,ravencrest,1687,warrior,arms,89,45,44
39769,Hangart,argent-dawn,1687,warrior,arms,48,20,28
39770,Crandalius,kazzak,1686,warrior,arms,81,49,32
39771,Spártacus,kazzak,1686,warrior,arms,88,40,48
39772,Дугмар,gordunni,1685,warrior,arms,158,79,79
39773,Warounet,hyjal,1685,warrior,arms,36,18,18
39774,Noxeeql,tarren-mill,1684,warrior,arms,48,35,13
39775,Кладбошаа,gordunni,1684,warrior,arms,114,61,53
39776,Pazùzu,twisting-nether,1684,warrior,arms,54,24,30
39777,Nipes,nozdormu,1683,warrior,arms,36,20,16
39778,Nargez,outland,1682,warrior,arms,36,22,14
39779,Toroespaña,draenor,1682,warrior,arms,60,33,27
39780,Rbbx,tarren-mill,1682,warrior,arms,44,24,20
39781,Shooky,blackrock,1681,warrior,arms,41,22,19
39782,Tyrasîà,hyjal,1680,warrior,arms,54,24,30
39783,Kronmw,dun-modr,1680,warrior,arms,54,20,34
39784,Shhimbanned,doomhammer,1679,warrior,arms,60,31,29
39785,Sørêy,aegwynn,1679,warrior,arms,72,37,35
39786,Белхэнд,soulflayer,1679,warrior,arms,127,61,66
39787,Wigsplitterx,twisting-nether,1679,warrior,arms,72,33,39
39788,Zoefernandes,kazzak,1679,warrior,arms,66,28,38
39789,Ридиусх,gordunni,1678,warrior,arms,43,24,19
39790,Kragrâu,kazzak,1676,warrior,arms,45,24,21
39791,Орданис,deathguard,1675,warrior,arms,48,23,25
39792,Jackyred,silvermoon,1673,warrior,arms,60,24,36
39793,Woobaby,outland,1672,warrior,arms,54,30,24
39794,Имеравета,gordunni,1672,warrior,arms,90,35,55
39795,Gatts,krasus,1671,warrior,arms,282,134,148
39796,Nîmera,nemesis,1670,warrior,arms,24,19,5
39797,Бисовыйармен,soulflayer,1670,warrior,arms,42,23,19
39798,Гримг,lich-king,1670,warrior,arms,63,33,30
39799,Dríx,hyjal,1669,warrior,arms,66,34,32
39800,Guts,frostwhisper,1668,warrior,arms,161,79,82
39801,Chromoly,aegwynn,1668,warrior,arms,72,34,38
39802,Nikoma,silvermoon,1667,warrior,arms,36,20,16
39803,Enzja,nazjatar,1666,warrior,arms,48,24,24
39804,Maldark,scarshield-legion,1666,warrior,arms,118,55,63
39805,Демолишеер,howling-fjord,1666,warrior,arms,53,23,30
39806,Фрейз,blackscar,1665,warrior,arms,48,20,28
39807,Secondwarri,frostwolf,1664,warrior,arms,54,30,24
39808,Трешконтент,gordunni,1664,warrior,arms,96,50,46
39809,Mirageous,tarren-mill,1664,warrior,arms,53,25,28
39810,Mortalfist,stormscale,1662,warrior,arms,31,19,12
39811,Atlizz,twisting-nether,1662,warrior,arms,84,45,39
39812,Màb,antonidas,1660,warrior,arms,60,34,26
39813,Vullgrîm,blackmoore,1660,warrior,arms,78,42,36
39814,Reapersrage,twisting-nether,1660,warrior,arms,45,22,23
39815,Downpippuri,silvermoon,1659,warrior,arms,26,21,5
39816,Huscar,thrall,1659,warrior,arms,58,31,27
39817,Erikeverhard,nathrezim,1659,warrior,arms,42,20,22
39818,Lazytowl,outland,1658,warrior,arms,118,61,57
39819,Khanox,twisting-nether,1658,warrior,arms,136,70,66
39820,Морнстар,gordunni,1658,warrior,arms,91,45,46
39821,Fruitdealer,shattrath,1658,warrior,arms,58,25,33
39822,Cassândrä,dalaran,1658,warrior,arms,60,24,36
39823,Maikouyes,archimonde,1657,warrior,arms,71,36,35
39824,Saidi,outland,1657,warrior,arms,67,22,45
39825,Кибервайфу,howling-fjord,1656,warrior,arms,36,22,14
39826,Денеур,gordunni,1656,warrior,arms,60,23,37
39827,Mazutov,outland,1655,warrior,arms,36,25,11
39828,Дроктул,howling-fjord,1655,warrior,arms,242,119,123
39829,Anthalar,argent-dawn,1655,warrior,arms,60,27,33
39830,Asquare,stormscale,1655,warrior,arms,40,18,22
39831,Луновоин,gordunni,1654,warrior,arms,54,35,19
39832,Facestomper,onyxia,1654,warrior,arms,72,41,31
39833,Skillissues,argent-dawn,1653,warrior,arms,48,26,22
39834,Киссмиплис,gordunni,1653,warrior,arms,75,38,37
39835,Spartaz,eredar,1653,warrior,arms,60,28,32
39836,Zeepp,ravencrest,1653,warrior,arms,42,19,23
39837,Blackbiird,blackmoore,1649,warrior,arms,47,23,24
39838,Planina,ravencrest,1649,warrior,arms,47,23,24
39839,Cazaril,kazzak,1649,warrior,arms,137,67,70
39840,Ðezia,tarren-mill,1648,warrior,arms,114,61,53
39841,Warmâchine,burning-legion,1648,warrior,arms,136,63,73
39842,Drahkor,baelgun,1646,warrior,arms,36,24,12
39843,Blizo,tarren-mill,1646,warrior,arms,42,21,21
39844,Поршекаен,howling-fjord,1645,warrior,arms,71,29,42
39845,Туранк,howling-fjord,1644,warrior,arms,145,73,72
39846,Morbaac,archimonde,1644,warrior,arms,54,22,32
39847,Ехрерау,gordunni,1644,warrior,arms,54,21,33
39848,Doksziqqt,ragnaros,1642,warrior,arms,36,22,14
39849,Çon,ravencrest,1642,warrior,arms,103,54,49
39850,Artøria,archimonde,1641,warrior,arms,36,20,16
39851,Vallahan,argent-dawn,1641,warrior,arms,173,87,86
39852,Remen,archimonde,1641,warrior,arms,84,37,47
39853,Picciocino,nemesis,1641,warrior,arms,88,36,52
39854,Diamonddogs,draenor,1640,warrior,arms,52,32,20
39855,Balltas,drakthul,1640,warrior,arms,86,41,45
39856,Blackfrosty,stormscale,1639,warrior,arms,62,35,27
39857,Renwíck,burning-legion,1639,warrior,arms,35,18,17
39858,Фенилэфрин,gordunni,1639,warrior,arms,128,65,63
39859,Оргрриммар,soulflayer,1639,warrior,arms,245,122,123
39860,Paranoiás,ragnaros,1639,warrior,arms,50,22,28
39861,Samîr,arthas,1638,warrior,arms,36,21,15
39862,Béastmødexz,eredar,1638,warrior,arms,41,20,21
39863,Sefty,tarren-mill,1638,warrior,arms,46,18,28
39864,Babovic,aegwynn,1636,warrior,arms,42,29,13
39865,Lizzybigtits,kazzak,1636,warrior,arms,60,40,20
39866,Bronix,blackrock,1636,warrior,arms,78,40,38
39867,Lyes,uldaman,1636,warrior,arms,155,79,76
39868,Ítikovan,aegwynn,1636,warrior,arms,156,73,83
39869,Grántor,eredar,1635,warrior,arms,54,33,21
39870,Тролльвоен,gordunni,1635,warrior,arms,51,31,20
39871,Sydian,burning-legion,1635,warrior,arms,36,21,15
39872,Ryofu,stormscale,1635,warrior,arms,42,22,20
39873,Килафх,blackscar,1635,warrior,arms,84,41,43
39874,Sobii,ravencrest,1634,warrior,arms,35,22,13
39875,Off,archimonde,1634,warrior,arms,30,18,12
39876,Istyos,hyjal,1634,warrior,arms,54,22,32
39877,Riptack,anetheron,1633,warrior,arms,124,70,54
39878,Lyroe,blackrock,1633,warrior,arms,42,21,21
39879,Capigo,tarren-mill,1632,warrior,arms,30,19,11
39880,Incendix,stormscale,1632,warrior,arms,60,34,26
39881,Reapo,blackhand,1632,warrior,arms,137,67,70
39882,Orn,tarren-mill,1632,warrior,arms,54,24,30
39883,Фелпир,soulflayer,1631,warrior,arms,108,60,48
39884,Shiqo,ravencrest,1631,warrior,arms,58,26,32
39885,Naait,draenor,1630,warrior,arms,51,28,23
39886,Атаир,deathweaver,1630,warrior,arms,58,30,28
39887,Malebolia,mugthol,1630,warrior,arms,163,83,80
39888,Robou,hyjal,1630,warrior,arms,145,63,82
39889,Gonutz,sylvanas,1627,warrior,arms,36,20,16
39890,Iameconomist,twisting-nether,1627,warrior,arms,36,17,19
39891,Vôx,sylvanas,1627,warrior,arms,48,22,26
39892,Klinga,bladefist,1626,warrior,arms,42,24,18
39893,Sickjackenx,executus,1626,warrior,arms,30,17,13
39894,Xzm,stormscale,1626,warrior,arms,33,18,15
39895,Xanco,ravencrest,1626,warrior,arms,42,22,20
39896,Agoobagoo,alakir,1626,warrior,arms,41,20,21
39897,Ebonheart,argent-dawn,1626,warrior,arms,104,50,54
39898,Amokdamis,blackhand,1626,warrior,arms,45,21,24
39899,Beevzyn,blackmoore,1624,warrior,arms,24,17,7
39900,Xiiver,burning-legion,1624,warrior,arms,125,68,57
39901,Gely,silvermoon,1624,warrior,arms,101,52,49
39902,Watashilfy,ravencrest,1624,warrior,arms,48,24,24
39903,Wlãð,archimonde,1624,warrior,arms,48,23,25
39904,Makgorei,outland,1624,warrior,arms,81,38,43
39905,Frozenliøn,twisting-nether,1624,warrior,arms,42,19,23
39906,Xurainlol,eredar,1623,warrior,arms,30,17,13
39907,Lusan,sylvanas,1623,warrior,arms,42,21,21
39908,Донтрелиз,howling-fjord,1622,warrior,arms,42,22,20
39909,Мастерион,soulflayer,1622,warrior,arms,54,28,26
39910,Ajax,defias-brotherhood,1622,warrior,arms,89,45,44
39911,Фурианка,galakrond,1622,warrior,arms,63,31,32
39912,Prestà,archimonde,1621,warrior,arms,51,28,23
39913,Xurainzone,eredar,1619,warrior,arms,30,17,13
39914,Hitt,ysondre,1618,warrior,arms,36,17,19
39915,Ignyz,stormscale,1617,warrior,arms,36,20,16
39916,Cyruk,blackmoore,1617,warrior,arms,111,54,57
39917,Carljøhnson,dalaran,1616,warrior,arms,108,55,53
39918,Shavoi,die-aldor,1616,warrior,arms,47,21,26
39919,Gladius,ysera,1615,warrior,arms,86,43,43
39920,Manoito,argent-dawn,1615,warrior,arms,48,22,26
39921,Lyarinsky,tyrande,1614,warrior,arms,96,58,38
39922,Riyan,lothar,1614,warrior,arms,42,24,18
39923,Daigoro,ravencrest,1614,warrior,arms,30,17,13
39924,Untiltèd,ravencrest,1613,warrior,arms,89,60,29
39925,Hamez,thunderhorn,1613,warrior,arms,70,34,36
39926,Termonsa,stormscale,1611,warrior,arms,42,25,17
39927,Lockmagewar,burning-legion,1611,warrior,arms,45,22,23
39928,Cráft,silvermoon,1611,warrior,arms,48,23,25
39929,Штурмгешутц,deathweaver,1610,warrior,arms,120,63,57
39930,Куэсес,howling-fjord,1610,warrior,arms,39,19,20
39931,Strife,ravencrest,1609,warrior,arms,81,51,30
39932,Ragëë,tarren-mill,1609,warrior,arms,72,40,32
39933,Wismerx,kazzak,1609,warrior,arms,42,20,22
39934,Whoosah,ragnaros,1608,warrior,arms,105,54,51
39935,Caméltoe,frostwolf,1608,warrior,arms,143,67,76
39936,Кофесмолоком,ashenvale,1608,warrior,arms,53,20,33
39937,Mellîødas,blackmoore,1607,warrior,arms,42,23,19
39938,Nightmareowl,tarren-mill,1607,warrior,arms,95,48,47
39939,Jambaz,ravencrest,1607,warrior,arms,47,23,24
39940,Krew,drakthul,1607,warrior,arms,78,38,40
39941,Pawnerlol,mannoroth,1607,warrior,arms,35,17,18
39942,Kurbá,stormscale,1606,warrior,arms,30,19,11
39943,Убитаякорова,soulflayer,1606,warrior,arms,36,20,16
39944,Banîsher,drakthul,1606,warrior,arms,64,23,41
39945,Напутанность,soulflayer,1605,warrior,arms,371,194,177
39946,Haraldjuhnke,frostwolf,1605,warrior,arms,53,27,26
39947,Nakro,hyjal,1604,warrior,arms,24,18,6
39948,Exoblade,silvermoon,1604,warrior,arms,76,35,41
39949,Okcool,twisting-nether,1603,warrior,arms,30,19,11
39950,Андреевич,blackscar,1603,warrior,arms,146,74,72
39951,Mypzo,kazzak,1603,warrior,arms,90,44,46
39952,Batïk,blackmoore,1603,warrior,arms,71,31,40
39953,Eselhirte,blackmoore,1602,warrior,arms,85,46,39
39954,Wítts,ravencrest,1601,warrior,arms,30,20,10
39955,Kupr,outland,1601,warrior,arms,40,21,19
39956,Asenine,sylvanas,1600,warrior,arms,295,142,153
39957,Вагранна,soulflayer,1597,warrior,arms,54,26,28
39958,Оксенфурт,soulflayer,1597,warrior,arms,90,38,52
39959,Sumprunkare,stormscale,1596,warrior,arms,46,26,20
39960,Шагах,soulflayer,1596,warrior,arms,122,58,64
39961,Arandyr,archimonde,1596,warrior,arms,60,24,36
39962,Kobeni,ysondre,1595,warrior,arms,85,40,45
39963,Bursch,ravencrest,1595,warrior,arms,48,22,26
39964,Everdipper,outland,1595,warrior,arms,50,21,29
39965,Бурчун,deathguard,1594,warrior,arms,54,34,20
39966,Phóó,thrall,1593,warrior,arms,72,32,40
39967,Gargaflike,aggra-português,1593,warrior,arms,72,30,42
39968,Haanok,ravencrest,1591,warrior,arms,59,34,25
39969,Spijkerbroek,alakir,1591,warrior,arms,149,77,72
39970,Aestheticon,burning-blade,1589,warrior,arms,30,19,11
39971,Conanh,pozzo-delleternità,1589,warrior,arms,98,56,42
39972,Skrawarr,das-syndikat,1589,warrior,arms,90,47,43
39973,Седлайккеану,howling-fjord,1589,warrior,arms,69,34,35
39974,Neoballac,uldum,1589,warrior,arms,36,17,19
39975,Rilor,burning-legion,1589,warrior,arms,124,53,71
39976,Noitoved,outland,1589,warrior,arms,44,18,26
39977,Thundersword,sylvanas,1589,warrior,arms,84,30,54
39978,Ммайдаен,goldrinn,1588,warrior,arms,30,18,12
39979,Evrybodydown,draenor,1588,warrior,arms,56,30,26
39980,Alexandrrior,rexxar,1588,warrior,arms,66,31,35
39981,Btr,archimonde,1588,warrior,arms,42,19,23
39982,Геркавоин,eversong,1588,warrior,arms,48,20,28
39983,Héda,tarren-mill,1587,warrior,arms,49,22,27
39984,Aeldran,argent-dawn,1586,warrior,arms,48,25,23
39985,Chadsmorc,twisting-nether,1585,warrior,arms,96,50,46
39986,Skokuxx,silvermoon,1585,warrior,arms,42,20,22
39987,Venres,blackhand,1583,warrior,arms,40,21,19
39988,Кхаррнн,gordunni,1583,warrior,arms,54,22,32
39989,Hortswarr,drakthul,1582,warrior,arms,37,24,13
39990,Fragmeista,ragnaros,1582,warrior,arms,36,17,19
39991,Krigipigi,antonidas,1582,warrior,arms,48,20,28
39992,Xecutie,antonidas,1581,warrior,arms,47,25,22
39993,Витодпс,howling-fjord,1581,warrior,arms,48,20,28
39994,Dragoons,tyrande,1580,warrior,arms,56,26,30
39995,Каосвар,howling-fjord,1579,warrior,arms,30,19,11
39996,Bamme,archimonde,1579,warrior,arms,41,20,21
39997,Philatou,antonidas,1577,warrior,arms,47,27,20
39998,Омепразол,gordunni,1577,warrior,arms,179,87,92
39999,Екзобайт,gordunni,1577,warrior,arms,48,20,28
40000,Thaldrys,blackhand,1576,warrior,arms,149,74,75
40001,Taistelumage,stormreaver,1576,warrior,arms,35,17,18
40002,Furukawa,ravencrest,1575,warrior,arms,51,24,27
40003,Erotixboi,blackrock,1573,warrior,arms,48,29,19
40004,Оргнар,ashenvale,1573,warrior,arms,48,27,21
40005,Lpa,stormscale,1573,warrior,arms,71,37,34
40006,Креспекс,soulflayer,1572,warrior,arms,56,19,37
40007,Monbun,silvermoon,1570,warrior,arms,101,51,50
40008,Natis,drakthul,1570,warrior,arms,78,28,50
40009,Rîdler,ravencrest,1569,warrior,arms,193,97,96
40010,Devidz,outland,1569,warrior,arms,48,18,30
40011,Icybladez,kazzak,1568,warrior,arms,102,55,47
40012,Perinel,draenor,1567,warrior,arms,42,21,21
40013,Дейдулус,soulflayer,1566,warrior,arms,78,33,45
40014,Shirøx,blackrock,1565,warrior,arms,73,40,33
40015,Архиватор,gordunni,1565,warrior,arms,78,41,37
40016,ßamßam,draenor,1565,warrior,arms,40,21,19
40017,Serastul,rajaxx,1565,warrior,arms,86,42,44
40018,Giannizugzug,nemesis,1565,warrior,arms,60,29,31
40019,Giganza,outland,1565,warrior,arms,66,29,37
40020,Hellespont,hellscream,1565,warrior,arms,77,29,48
40021,Едигейй,gordunni,1564,warrior,arms,58,32,26
40022,Abrash,ysondre,1564,warrior,arms,78,36,42
40023,Nevergladx,kazzak,1564,warrior,arms,54,23,31
40024,Billorc,twisting-nether,1563,warrior,arms,51,24,27
40025,Stepa,sylvanas,1562,warrior,arms,54,28,26
40026,Geforce,hellscream,1562,warrior,arms,112,56,56
40027,Néxtlølz,twisting-nether,1561,warrior,arms,62,29,33
40028,Bigdstance,outland,1561,warrior,arms,42,18,24
40029,Daýz,draenor,1561,warrior,arms,48,18,30
40030,Craghak,twisting-nether,1560,warrior,arms,163,84,79
40031,Протектор,soulflayer,1560,warrior,arms,60,29,31
40032,Хэлслэйтэр,gordunni,1559,warrior,arms,130,65,65
40033,Khireebonk,hyjal,1558,warrior,arms,30,19,11
40034,Tarkosha,terokkar,1558,warrior,arms,334,169,165
40035,Imfiñe,outland,1558,warrior,arms,107,51,56
40036,Phovoss,stormscale,1557,warrior,arms,54,22,32
40037,Boldinq,ravencrest,1556,warrior,arms,84,34,50
40038,Gìlgamesh,dun-modr,1555,warrior,arms,65,32,33
40039,Ogurok,frostwolf,1555,warrior,arms,39,18,21
40040,Ball,zirkel-des-cenarius,1553,warrior,arms,80,45,35
40041,Raley,ragnaros,1553,warrior,arms,102,53,49
40042,Nalx,tarren-mill,1553,warrior,arms,45,23,22
40043,Reider,twisting-nether,1553,warrior,arms,119,47,72
40044,Cirenax,draenor,1551,warrior,arms,48,23,25
40045,Puremëtal,silvermoon,1550,warrior,arms,42,18,24
40046,Krîspie,archimonde,1549,warrior,arms,41,22,19
40047,Genjutsubeat,blackmoore,1548,warrior,arms,54,31,23
40048,Trenôdeca,stormscale,1546,warrior,arms,42,20,22
40049,Deadlyanger,kazzak,1545,warrior,arms,36,19,17
40050,Sahl,sylvanas,1545,warrior,arms,160,79,81
40051,Morthôr,grim-batol,1545,warrior,arms,69,34,35
40052,Oxay,alakir,1545,warrior,arms,64,26,38
40053,Maniackz,tarren-mill,1544,warrior,arms,36,19,17
40054,Massiveape,argent-dawn,1544,warrior,arms,69,35,34
40055,Мираксус,soulflayer,1544,warrior,arms,36,18,18
40056,Jumpilawl,khaz-modan,1544,warrior,arms,50,18,32
40057,Darksídex,silvermoon,1543,warrior,arms,251,129,122
40058,Troma,archimonde,1542,warrior,arms,48,19,29
40059,Wrynir,archimonde,1541,warrior,arms,78,38,40
40060,Pachipachi,blackmoore,1540,warrior,arms,32,17,15
40061,Rakuna,tarren-mill,1540,warrior,arms,114,55,59
40062,Grezlyk,drakthul,1540,warrior,arms,72,33,39
40063,Crystallake,blackrock,1540,warrior,arms,66,26,40
40064,Rumer,tarren-mill,1540,warrior,arms,59,23,36
40065,Ahzrok,draenor,1539,warrior,arms,36,23,13
40066,Derentis,echsenkessel,1539,warrior,arms,84,38,46
40067,Blackwólf,bloodhoof,1538,warrior,arms,118,56,62
40068,Гуорг,howling-fjord,1538,warrior,arms,81,35,46
40069,Ganzaésábi,aggra-português,1537,warrior,arms,84,44,40
40070,Lrb,tarren-mill,1537,warrior,arms,70,33,37
40071,Ironbutter,ravencrest,1536,warrior,arms,56,35,21
40072,Èzekiel,dalaran,1536,warrior,arms,90,46,44
40073,Armsbull,twisting-nether,1536,warrior,arms,66,32,34
40074,Нифро,fordragon,1535,warrior,arms,29,18,11
40075,Diz,terokkar,1535,warrior,arms,97,58,39
40076,Anakhas,archimonde,1535,warrior,arms,30,16,14
40077,Bstgame,frostmane,1535,warrior,arms,36,17,19
40078,Hobo,ravencrest,1535,warrior,arms,71,32,39
40079,Luffydono,stormscale,1535,warrior,arms,66,28,38
40080,Akenrun,eredar,1533,warrior,arms,40,21,19
40081,Gigasmash,pozzo-delleternità,1533,warrior,arms,144,67,77
40082,Nàsher,frostwolf,1533,warrior,arms,47,21,26
40083,Acaleus,the-maelstrom,1533,warrior,arms,42,18,24
40084,Tiwâz,eredar,1532,warrior,arms,75,39,36
40085,Áäáäáäáä,aegwynn,1529,warrior,arms,30,16,14
40086,Nyxz,blackhand,1529,warrior,arms,32,17,15
40087,Громпузан,galakrond,1529,warrior,arms,60,27,33
40088,Bullrug,blackrock,1528,warrior,arms,36,18,18
40089,Mtc,blackrock,1527,warrior,arms,30,16,14
40090,Eren,todeswache,1527,warrior,arms,54,28,26
40091,Mentôr,sargeras,1527,warrior,arms,41,21,20
40092,Gravityfalls,blackmoore,1527,warrior,arms,78,39,39
40093,Zirêael,kazzak,1527,warrior,arms,42,16,26
40094,Wtchmyblade,blackmoore,1526,warrior,arms,79,46,33
40095,Грэйм,gordunni,1526,warrior,arms,52,28,24
40096,Solaje,dun-modr,1526,warrior,arms,30,16,14
40097,Lollydhur,nemesis,1526,warrior,arms,54,28,26
40098,Bumoletroll,draenor,1526,warrior,arms,33,17,16
40099,Nexpwns,blackhand,1525,warrior,arms,126,64,62
40100,Odenscolddry,kazzak,1525,warrior,arms,119,54,65
40101,Vilass,silvermoon,1523,warrior,arms,36,19,17
40102,Jøtawarrior,sanguino,1523,warrior,arms,36,18,18
40103,Pathocend,kazzak,1523,warrior,arms,36,16,20
40104,Skullrage,tarren-mill,1523,warrior,arms,53,22,31
40105,Chargeurface,ragnaros,1522,warrior,arms,24,16,8
40106,Zheq,ragnaros,1522,warrior,arms,30,16,14
40107,Shrekwarr,kazzak,1522,warrior,arms,137,67,70
40108,Norwegian,silvermoon,1521,warrior,arms,80,37,43
40109,Endeawour,ravencrest,1520,warrior,arms,177,100,77
40110,Devilpanic,outland,1520,warrior,arms,30,16,14
40111,Arcreign,kazzak,1520,warrior,arms,78,37,41
40112,Gervvand,burning-legion,1519,warrior,arms,42,23,19
40113,Мэйрил,lich-king,1519,warrior,arms,190,99,91
40114,Nighat,sanguino,1519,warrior,arms,162,83,79
40115,Grroom,tarren-mill,1519,warrior,arms,45,23,22
40116,Shownomercy,blackrock,1519,warrior,arms,48,23,25
40117,Стенденсх,howling-fjord,1519,warrior,arms,41,19,22
40118,Authar,tarren-mill,1518,warrior,arms,61,33,28
40119,Yukizz,ravencrest,1518,warrior,arms,30,16,14
40120,Zëhef,hyjal,1516,warrior,arms,66,34,32
40121,Wazraf,khaz-modan,1516,warrior,arms,108,54,54
40122,Mfdoöm,draenor,1516,warrior,arms,143,71,72
40123,Азаргатан,soulflayer,1515,warrior,arms,30,18,12
40124,Spärtan,dun-modr,1515,warrior,arms,66,34,32
40125,Gozga,twisting-nether,1515,warrior,arms,147,74,73
40126,Hollydeffs,blackmoore,1515,warrior,arms,60,25,35
40127,Адво,gordunni,1514,warrior,arms,78,41,37
40128,Trashman,bronzebeard,1513,warrior,arms,84,39,45
40129,Mezugzugyou,draenor,1512,warrior,arms,44,23,21
40130,Velinde,outland,1512,warrior,arms,40,20,20
40131,Думхаммер,howling-fjord,1511,warrior,arms,71,42,29
40132,Ødên,frostmane,1511,warrior,arms,30,16,14
40133,Aizy,blackhand,1510,warrior,arms,24,16,8
40134,Ragnou,tarren-mill,1510,warrior,arms,67,31,36
40135,Mazzkze,silvermoon,1509,warrior,arms,237,122,115
40136,Bastrick,argent-dawn,1508,warrior,arms,99,48,51
40137,Gipsyjoe,ragnaros,1507,warrior,arms,76,36,40
40138,Scarloc,archimonde,1507,warrior,arms,62,28,34
40139,Liferuiner,rexxar,1507,warrior,arms,61,26,35
40140,Sonìe,kazzak,1506,warrior,arms,89,51,38
40141,Eskiler,burning-legion,1506,warrior,arms,36,16,20
40142,Bloodbrother,blackmoore,1505,warrior,arms,56,28,28
40143,Zergalot,stormscale,1505,warrior,arms,35,17,18
40144,Raakalainen,vashj,1504,warrior,arms,59,29,30
40145,Riann,silvermoon,1504,warrior,arms,36,17,19
40146,Melliug,ysondre,1504,warrior,arms,46,19,27
40147,Savh,silvermoon,1503,warrior,arms,48,28,20
40148,Тише,deathweaver,1503,warrior,arms,30,16,14
40149,Агрегат,goldrinn,1501,warrior,arms,77,34,43
40150,Ronoh,kazzak,1500,warrior,arms,30,16,14
40151,Svënja,ysondre,1500,warrior,arms,132,61,71
40152,Ninebites,chamber-of-aspects,1498,warrior,arms,89,53,36
40153,Скрежет,gordunni,1498,warrior,arms,54,25,29
40154,Crriminal,ravencrest,1498,warrior,arms,48,20,28
40155,Kantarion,stormscale,1497,warrior,arms,42,19,23
40156,Pptickler,argent-dawn,1496,warrior,arms,59,28,31
40157,Trilon,blackrock,1496,warrior,arms,44,17,27
40158,Duncán,auchindoun,1495,warrior,arms,29,17,12
40159,Киллдекс,gordunni,1495,warrior,arms,96,43,53
40160,Slidmacka,twisting-nether,1495,warrior,arms,97,42,55
40161,Ordwinz,silvermoon,1494,warrior,arms,63,35,28
40162,Icekissx,hyjal,1494,warrior,arms,117,58,59
40163,Furanos,blackrock,1494,warrior,arms,41,18,23
40164,Aurélus,rexxar,1493,warrior,arms,36,22,14
40165,Ricssonz,burning-legion,1493,warrior,arms,48,25,23
40166,Nameless,ysondre,1492,warrior,arms,30,16,14
40167,Bladrun,frostmane,1492,warrior,arms,36,16,20
40168,Заверчу,soulflayer,1491,warrior,arms,60,32,28
40169,Divyx,tarren-mill,1491,warrior,arms,60,31,29
40170,Pumpadzhîja,outland,1491,warrior,arms,66,32,34
40171,Irén,hellfire,1490,warrior,arms,57,28,29
40172,Ryle,anubarak,1490,warrior,arms,100,44,56
40173,Calmdownbrú,frostmane,1489,warrior,arms,59,30,29
40174,Hefthyn,sanguino,1488,warrior,arms,36,20,16
40175,Рыгулька,gordunni,1488,warrior,arms,96,44,52
40176,Gorocpt,doomhammer,1488,warrior,arms,44,20,24
40177,Teronth,burning-legion,1488,warrior,arms,48,17,31
40178,Kestialezin,archimonde,1487,warrior,arms,60,39,21
40179,Hindbærsaft,stormscale,1487,warrior,arms,55,32,23
40180,Phenowarri,blackhand,1487,warrior,arms,103,55,48
40181,Friskos,dalaran,1487,warrior,arms,106,50,56
40182,Paow,tarren-mill,1487,warrior,arms,41,19,22
40183,Сика,blackscar,1487,warrior,arms,66,30,36
40184,Голдибитч,gordunni,1486,warrior,arms,84,41,43
40185,Rohc,kazzak,1485,warrior,arms,52,23,29
40186,Ilovealma,kiljaeden,1485,warrior,arms,57,24,33
40187,Omgihithard,draenor,1484,warrior,arms,48,23,25
40188,Fizzywarrior,blackmoore,1484,warrior,arms,63,29,34
40189,Джасткипинг,gordunni,1483,warrior,arms,185,100,85
40190,Yeahq,kazzak,1483,warrior,arms,102,45,57
40191,Gromkarg,draenor,1482,warrior,arms,54,18,36
40192,Gramr,silvermoon,1481,warrior,arms,47,24,23
40193,Heltslut,tarren-mill,1481,warrior,arms,42,16,26
40194,Altimáte,antonidas,1479,warrior,arms,30,18,12
40195,Boshim,ravencrest,1477,warrior,arms,36,20,16
40196,Арткес,gordunni,1477,warrior,arms,51,26,25
40197,Rázgriz,argent-dawn,1477,warrior,arms,54,24,30
40198,Trenbullone,kazzak,1476,warrior,arms,51,32,19
40199,Notinfa,draenor,1476,warrior,arms,132,69,63
40200,Pajalousta,elune,1476,warrior,arms,102,47,55
40201,Rabaozi,blackhand,1475,warrior,arms,77,34,43
40202,Llestatl,hyjal,1474,warrior,arms,71,38,33
40203,Zhulgar,azjolnerub,1474,warrior,arms,42,21,21
40204,Leomance,hyjal,1473,warrior,arms,30,18,12
40205,Marcnky,stormscale,1472,warrior,arms,98,51,47
40206,Bluto,dunemaul,1471,warrior,arms,157,78,79
40207,Tmp,blackrock,1470,warrior,arms,42,22,20
40208,Thiccbra,burning-legion,1470,warrior,arms,54,27,27
40209,Clellin,silvermoon,1469,warrior,arms,75,37,38
40210,Hackamore,suramar,1468,warrior,arms,84,41,43
40211,Rogersrage,ragnaros,1466,warrior,arms,60,30,30
40212,Dárkhammer,tarren-mill,1465,warrior,arms,54,24,30
40213,Royoxo,blackrock,1464,warrior,arms,53,31,22
40214,Thâarnar,frostwolf,1463,warrior,arms,48,21,27
40215,Nèssa,outland,1462,warrior,arms,41,16,25
40216,Шлифую,howling-fjord,1461,warrior,arms,31,19,12
40217,Hôrn,stormscale,1461,warrior,arms,66,37,29
40218,Hoomeer,sylvanas,1461,warrior,arms,72,34,38
40219,Tealbell,chamber-of-aspects,1460,warrior,arms,107,58,49
40220,Reider,kazzak,1460,warrior,arms,57,29,28
40221,Brutøs,conseil-des-ombres,1460,warrior,arms,36,18,18
40222,Romanul,terokkar,1460,warrior,arms,48,22,26
40223,Togas,silvermoon,1459,warrior,arms,182,93,89
40224,Bloodmyst,kazzak,1459,warrior,arms,54,26,28
40225,Pakusrage,defias-brotherhood,1459,warrior,arms,80,38,42
40226,Ckz,ysondre,1455,warrior,arms,24,16,8
40227,Рагаксес,blackscar,1455,warrior,arms,46,19,27
40228,Kleidaria,stormscale,1452,warrior,arms,30,16,14
40229,Farrusco,nemesis,1451,warrior,arms,83,40,43
40230,Гардринг,howling-fjord,1450,warrior,arms,96,56,40
40231,Miko,ysondre,1449,warrior,arms,102,47,55
40232,Fedevalverde,sanguino,1448,warrior,arms,46,32,14
40233,Carras,confrérie-du-thorium,1448,warrior,arms,154,75,79
40234,Alborozie,archimonde,1448,warrior,arms,48,22,26
40235,Norinhell,ravencrest,1448,warrior,arms,48,20,28
40236,Jigsar,argent-dawn,1447,warrior,arms,111,63,48
40237,Onee,terrordar,1446,warrior,arms,37,21,16
40238,Endan,kelthuzad,1446,warrior,arms,66,37,29
40239,Dokô,twisting-nether,1446,warrior,arms,72,36,36
40240,Informatica,doomhammer,1445,warrior,arms,48,25,23
40241,Megtorló,ragnaros,1445,warrior,arms,74,37,37
40242,Faustà,nemesis,1445,warrior,arms,54,23,31
40243,Дообрыйшмель,soulflayer,1443,warrior,arms,51,32,19
40244,Trajkovic,ravencrest,1441,warrior,arms,106,60,46
40245,Gridra,dun-morogh,1441,warrior,arms,54,26,28
40246,Liper,silvermoon,1441,warrior,arms,49,23,26
40247,Cryhoof,ragnaros,1441,warrior,arms,46,20,26
40248,Wolvéshôwl,aegwynn,1441,warrior,arms,68,28,40
40249,Эпитафорх,blackscar,1440,warrior,arms,29,16,13
40250,Karimlebrave,hyjal,1440,warrior,arms,68,33,35
40251,Luphrek,ysondre,1439,warrior,arms,24,15,9
40252,Shadowbôxer,onyxia,1439,warrior,arms,56,27,29
40253,Акумираг,soulflayer,1439,warrior,arms,54,22,32
40254,Makerrw,ravencrest,1438,warrior,arms,50,26,24
40255,Dortenz,ragnaros,1438,warrior,arms,30,15,15
40256,Juoppó,tarren-mill,1437,warrior,arms,92,48,44
40257,Ardmoo,burning-legion,1437,warrior,arms,39,20,19
40258,Jakim,tarren-mill,1437,warrior,arms,118,57,61
40259,Нунара,eversong,1437,warrior,arms,47,19,28
40260,Mélindà,silvermoon,1436,warrior,arms,27,17,10
40261,Kaîsaschnitt,malganis,1436,warrior,arms,94,47,47
40262,Alyx,mugthol,1436,warrior,arms,66,33,33
40263,Pokopo,blackrock,1436,warrior,arms,217,107,110
40264,Dzvenyhora,darkspear,1436,warrior,arms,95,44,51
40265,Varyian,sporeggar,1436,warrior,arms,131,59,72
40266,Gëaldýr,kazzak,1436,warrior,arms,48,21,27
40267,Сладкаяхурма,howling-fjord,1436,warrior,arms,42,15,27
40268,Lachandrius,blackhand,1435,warrior,arms,72,33,39
40269,Geckoo,emerald-dream,1435,warrior,arms,48,20,28
40270,Balthew,defias-brotherhood,1435,warrior,arms,36,15,21
40271,Garouzo,hellfire,1434,warrior,arms,53,26,27
40272,Dafok,rashgarroth,1434,warrior,arms,42,19,23
40273,Sjozug,tarren-mill,1434,warrior,arms,36,15,21
40274,Hílfiger,kazzak,1433,warrior,arms,59,24,35
40275,Азктор,soulflayer,1432,warrior,arms,28,16,12
40276,Dranush,onyxia,1432,warrior,arms,134,70,64
40277,Jínro,draenor,1432,warrior,arms,36,15,21
40278,Elder,darkmoon-faire,1431,warrior,arms,66,28,38
40279,Dragão,kazzak,1431,warrior,arms,42,17,25
40280,Otiep,blackmoore,1430,warrior,arms,36,24,12
40281,Ènteqt,antonidas,1430,warrior,arms,49,32,17
40282,Dataçasé,silvermoon,1430,warrior,arms,24,15,9
40283,Андэрс,gordunni,1429,warrior,arms,106,51,55
40284,Tamesulo,silvermoon,1429,warrior,arms,53,24,29
40285,Ormert,sylvanas,1429,warrior,arms,42,18,24
40286,Spridan,ravencrest,1428,warrior,arms,42,15,27
40287,Qvate,twisting-nether,1427,warrior,arms,59,31,28
40288,Alinash,aegwynn,1427,warrior,arms,51,24,27
40289,Ràkar,stormscale,1427,warrior,arms,54,25,29
40290,Arreat,chogall,1427,warrior,arms,130,59,71
40291,Mëc,twisting-nether,1426,warrior,arms,36,23,13
40292,Bráïnléss,silvermoon,1426,warrior,arms,36,17,19
40293,Zerberos,drakthul,1425,warrior,arms,76,37,39
40294,Alpairx,aegwynn,1425,warrior,arms,50,18,32
40295,Matrafox,stormscale,1423,warrior,arms,43,24,19
40296,Rodenet,dun-modr,1423,warrior,arms,54,28,26
40297,Айфилшок,gordunni,1423,warrior,arms,30,15,15
40298,Doba,madmortem,1422,warrior,arms,71,32,39
40299,Smoothbrian,ravencrest,1421,warrior,arms,24,15,9
40300,Crissx,silvermoon,1421,warrior,arms,30,15,15
40301,Skumslag,blackmoore,1421,warrior,arms,42,15,27
40302,Murandin,outland,1420,warrior,arms,30,17,13
40303,Zetorc,burning-legion,1420,warrior,arms,65,31,34
40304,Zellxd,stormscale,1418,warrior,arms,36,20,16
40305,Valíon,outland,1418,warrior,arms,88,48,40
40306,Avelyr,pozzo-delleternità,1418,warrior,arms,30,15,15
40307,Мерсилессх,gordunni,1418,warrior,arms,84,39,45
40308,Tarbhfathach,draenor,1417,warrior,arms,30,17,13
40309,Srbinator,turalyon,1417,warrior,arms,66,33,33
40310,Nuclearrage,outland,1417,warrior,arms,40,16,24
40311,Nuahka,blackmoore,1416,warrior,arms,28,17,11
40312,Malalulu,burning-legion,1416,warrior,arms,125,61,64
40313,Газрош,howling-fjord,1416,warrior,arms,46,22,24
40314,Dargonedt,blackrock,1416,warrior,arms,36,16,20
40315,Жестокус,gordunni,1415,warrior,arms,30,15,15
40316,Madaxe,kazzak,1414,warrior,arms,24,20,4
40317,Katxirulo,tyrande,1414,warrior,arms,42,23,19
40318,Berzzerker,tarren-mill,1414,warrior,arms,66,35,31
40319,Raizy,frostwolf,1413,warrior,arms,54,30,24
40320,Oruka,mannoroth,1412,warrior,arms,48,27,21
40321,Ugardosh,burning-legion,1412,warrior,arms,40,16,24
40322,Tucomessuelo,cthun,1411,warrior,arms,47,25,22
40323,Drushíí,shattrath,1411,warrior,arms,35,17,18
40324,Vratranzhul,kirin-tor,1411,warrior,arms,229,108,121
40325,Зеленыйжмых,thermaplugg,1411,warrior,arms,45,21,24
40326,Паракур,soulflayer,1410,warrior,arms,84,40,44
40327,Ferpylél,ragnaros,1408,warrior,arms,31,17,14
40328,Deadyet,mugthol,1407,warrior,arms,24,15,9
40329,Yuriko,onyxia,1407,warrior,arms,42,22,20
40330,Fáro,ravencrest,1407,warrior,arms,40,16,24
40331,Nocton,blackhand,1406,warrior,arms,66,32,34
40332,Кефтеме,fordragon,1406,warrior,arms,105,49,56
40333,Spargebuci,draenor,1406,warrior,arms,48,17,31
40334,Esegryel,argent-dawn,1405,warrior,arms,59,23,36
40335,Medaur,frostmane,1404,warrior,arms,38,20,18
40336,Mograinê,blackmoore,1404,warrior,arms,120,62,58
40337,Warrouner,khaz-modan,1404,warrior,arms,65,31,34
40338,Stormfist,tarren-mill,1403,warrior,arms,36,19,17
40339,Bjösk,stormscale,1403,warrior,arms,45,23,22
40340,Asuramaru,aegwynn,1403,warrior,arms,65,32,33
40341,Mgw,blackrock,1402,warrior,arms,30,17,13
40342,Espröc,kazzak,1402,warrior,arms,167,87,80
40343,Cutting,burning-legion,1402,warrior,arms,55,25,30
40344,Lostbull,kazzak,1402,warrior,arms,36,16,20
40345,Fraggiz,auchindoun,1402,warrior,arms,36,16,20
40346,Saofang,twisting-nether,1401,warrior,arms,30,15,15
40347,Chakrator,la-croisade-écarlate,1401,warrior,arms,60,29,31
40348,Северот,deepholm,1401,warrior,arms,35,16,19
40349,Golonko,burning-legion,1400,warrior,arms,24,15,9
40350,Peldreas,silvermoon,1400,warrior,arms,64,31,33
40351,Казгримм,howling-fjord,1400,warrior,arms,48,23,25
40352,Zosska,burning-legion,1400,warrior,arms,48,23,25
40353,Synrosh,hyjal,1399,warrior,arms,39,23,16
40354,Olesbawro,ragnaros,1399,warrior,arms,78,32,46
40355,Weareinspace,stormscale,1397,warrior,arms,63,36,27
40356,Doxinator,silvermoon,1396,warrior,arms,81,33,48
40357,ßladex,azshara,1395,warrior,arms,41,24,17
40358,Cássándráh,argent-dawn,1395,warrior,arms,91,46,45
40359,Zbra,draenor,1395,warrior,arms,65,32,33
40360,Абабоба,gordunni,1395,warrior,arms,48,23,25
40361,Hellrokk,drakthul,1394,warrior,arms,24,15,9
40362,Bládez,ravencrest,1394,warrior,arms,66,36,30
40363,Waf,hakkar,1394,warrior,arms,78,42,36
40364,Nekerka,burning-legion,1394,warrior,arms,65,33,32
40365,Jáson,kazzak,1394,warrior,arms,65,29,36
40366,Papipulki,zuljin,1394,warrior,arms,56,23,33
40367,Leroxius,ragnaros,1393,warrior,arms,144,73,71
40368,Мобсто,soulflayer,1392,warrior,arms,47,23,24
40369,Grahatia,magtheridon,1391,warrior,arms,93,52,41
40370,Алексвайтт,gordunni,1391,warrior,arms,47,23,24
40371,Hradball,twilights-hammer,1390,warrior,arms,60,28,32
40372,Okoru,stormscale,1390,warrior,arms,57,22,35
40373,Jumbodolmen,tarren-mill,1389,warrior,arms,30,16,14
40374,Arithael,dun-modr,1385,warrior,arms,168,85,83
40375,Nucleargrab,twilights-hammer,1385,warrior,arms,109,53,56
40376,Дикийппц,gordunni,1384,warrior,arms,54,30,24
40377,Diástasi,twisting-nether,1384,warrior,arms,90,48,42
40378,Казньшалав,gordunni,1383,warrior,arms,69,33,36
40379,Кэфтэмэ,soulflayer,1382,warrior,arms,73,35,38
40380,Mysteryman,defias-brotherhood,1381,warrior,arms,36,23,13
40381,Faugh,tarren-mill,1380,warrior,arms,54,32,22
40382,Halsandre,hyjal,1380,warrior,arms,42,17,25
40383,Nøcturnaqq,silvermoon,1378,warrior,arms,30,15,15
40384,Неосим,gordunni,1377,warrior,arms,42,25,17
40385,Xaheld,blackrock,1376,warrior,arms,30,16,14
40386,Варгана,soulflayer,1376,warrior,arms,76,35,41
40387,Temprament,ravencrest,1375,warrior,arms,36,21,15
40388,Zaatar,draenor,1375,warrior,arms,108,58,50
40389,Mljecho,kazzak,1375,warrior,arms,131,65,66
40390,Cléàvage,silvermoon,1374,warrior,arms,81,32,49
40391,Beelzebuu,blackhand,1373,warrior,arms,55,29,26
40392,Iljaana,blackrock,1373,warrior,arms,60,30,30
40393,Hogu,nemesis,1373,warrior,arms,54,21,33
40394,Bleckwarrior,ravencrest,1372,warrior,arms,84,42,42
40395,Xanatos,khazgoroth,1372,warrior,arms,48,16,32
40396,Éls,argent-dawn,1371,warrior,arms,42,19,23
40397,Taylorswifty,twisting-nether,1370,warrior,arms,90,48,42
40398,Equality,ragnaros,1370,warrior,arms,52,24,28
40399,Rakwarrior,blackhand,1369,warrior,arms,30,20,10
40400,Oneshót,norgannon,1369,warrior,arms,30,17,13
40401,Shïn,kaelthas,1366,warrior,arms,42,15,27
40402,Erzotz,kazzak,1365,warrior,arms,33,20,13
40403,Kaliroll,ysondre,1365,warrior,arms,48,24,24
40404,Mortalgrim,ravencrest,1364,warrior,arms,48,23,25
40405,Gacel,dun-modr,1364,warrior,arms,54,24,30
40406,Lyfttokyo,tarren-mill,1363,warrior,arms,60,28,32
40407,Propanex,kazzak,1361,warrior,arms,42,26,16
40408,Vølverinwar,thrall,1361,warrior,arms,82,37,45
40409,Kymari,sanguino,1361,warrior,arms,58,26,32
40410,Nabul,thunderhorn,1359,warrior,arms,30,16,14
40411,Panggy,ragnaros,1359,warrior,arms,36,15,21
40412,Glørïn,hyjal,1358,warrior,arms,30,16,14
40413,Zargor,kazzak,1354,warrior,arms,52,31,21
40414,Bxnx,aegwynn,1353,warrior,arms,36,21,15
40415,Авентадорх,deathguard,1352,warrior,arms,89,35,54
40416,Tedbuckland,blackrock,1351,warrior,arms,30,19,11
40417,Leonidæs,frostwolf,1351,warrior,arms,47,21,26
40418,Tolga,draenor,1350,warrior,arms,30,15,15
40419,Mogolaki,twilights-hammer,1349,warrior,arms,126,60,66
40420,Qiz,silvermoon,1347,warrior,arms,134,68,66
40421,Garganelli,tarren-mill,1347,warrior,arms,57,27,30
40422,Einherjer,burning-legion,1346,warrior,arms,58,32,26
40423,Tazkax,archimonde,1346,warrior,arms,52,23,29
40424,Мускулатор,soulflayer,1345,warrior,arms,126,58,68
40425,Raixxon,ragnaros,1345,warrior,arms,94,42,52
40426,Pummelpete,grim-batol,1344,warrior,arms,24,14,10
40427,Трафалльгар,gordunni,1344,warrior,arms,80,44,36
40428,Pazl,outland,1344,warrior,arms,36,17,19
40429,Ayelsyssup,silvermoon,1343,warrior,arms,97,46,51
40430,Tyëlin,elune,1343,warrior,arms,107,50,57
40431,Colard,ravencrest,1343,warrior,arms,30,14,16
40432,Belattor,silvermoon,1343,warrior,arms,30,14,16
40433,Buyya,ravencrest,1342,warrior,arms,58,31,27
40434,Hulksmsh,hyjal,1342,warrior,arms,36,14,22
40435,Architectman,twisting-nether,1341,warrior,arms,95,42,53
40436,Zzeed,auchindoun,1341,warrior,arms,48,19,29
40437,Loty,drakthul,1341,warrior,arms,36,14,22
40438,Pag,hyjal,1339,warrior,arms,23,15,8
40439,Feckdech,blackrock,1339,warrior,arms,24,14,10
40440,Hoxxywar,drakthul,1339,warrior,arms,59,33,26
40441,Luusto,stormscale,1339,warrior,arms,36,15,21
40442,Pinkblast,sylvanas,1339,warrior,arms,36,14,22
40443,Vory,ravencrest,1338,warrior,arms,18,14,4
40444,Hli,tarren-mill,1337,warrior,arms,24,14,10
40445,Thisguyfax,the-venture-co,1337,warrior,arms,60,32,28
40446,Агтеррокк,deathweaver,1337,warrior,arms,54,26,28
40447,Cyanerd,bronzebeard,1337,warrior,arms,30,14,16
40448,Staribrko,outland,1337,warrior,arms,188,87,101
40449,Gantsrip,stormscale,1336,warrior,arms,22,15,7
40450,Littlebugger,ravencrest,1336,warrior,arms,24,14,10
40451,Neverkind,twisting-nether,1336,warrior,arms,84,47,37
40452,Jimei,temple-noir,1333,warrior,arms,24,14,10
40453,Taikyokuken,hyjal,1333,warrior,arms,60,27,33
40454,Zool,madmortem,1332,warrior,arms,56,27,29
40455,Geraltf,tarren-mill,1332,warrior,arms,101,48,53
40456,Bufdefstance,kazzak,1332,warrior,arms,30,14,16
40457,Hatefury,twisting-nether,1332,warrior,arms,96,44,52
40458,Флэксик,soulflayer,1331,warrior,arms,24,14,10
40459,Heubba,hyjal,1331,warrior,arms,36,14,22
40460,Dirtyjoe,khaz-modan,1330,warrior,arms,180,90,90
40461,Sepuko,stormscale,1330,warrior,arms,30,14,16
40462,Grimzot,ragnaros,1328,warrior,arms,24,14,10
40463,Mfull,tarren-mill,1328,warrior,arms,54,28,26
40464,Shádówfáxí,outland,1328,warrior,arms,30,14,16
40465,Лисерк,howling-fjord,1328,warrior,arms,36,14,22
40466,Haewon,burning-legion,1328,warrior,arms,42,16,26
40467,Хазгора,howling-fjord,1327,warrior,arms,82,45,37
40468,Behemothwr,kazzak,1327,warrior,arms,75,37,38
40469,Greekazi,kazzak,1327,warrior,arms,57,26,31
40470,Dundulinka,outland,1327,warrior,arms,45,19,26
40471,Chádtóurps,drakthul,1326,warrior,arms,29,14,15
40472,Swefy,sanguino,1326,warrior,arms,139,62,77
40473,Shará,eredar,1325,warrior,arms,24,14,10
40474,Vagor,aegwynn,1325,warrior,arms,102,49,53
40475,Нетконечно,howling-fjord,1325,warrior,arms,30,14,16
40476,Iuska,malganis,1325,warrior,arms,48,18,30
40477,Раздолбатель,razuvious,1324,warrior,arms,31,17,14
40478,Mortalik,silvermoon,1324,warrior,arms,166,77,89
40479,Ähäkutti,frostmane,1323,warrior,arms,42,23,19
40480,Highz,grim-batol,1323,warrior,arms,36,18,18
40481,Gorchak,blackmoore,1323,warrior,arms,125,58,67
40482,Tontonsmoky,hyjal,1323,warrior,arms,73,32,41
40483,Агамемнан,soulflayer,1322,warrior,arms,141,70,71
40484,Puurplecloud,kazzak,1322,warrior,arms,36,15,21
40485,Nelthôr,alleria,1321,warrior,arms,71,34,37
40486,Ashiku,zuljin,1321,warrior,arms,54,23,31
40487,Ansi,argent-dawn,1321,warrior,arms,36,14,22
40488,Crayz,twisting-nether,1320,warrior,arms,30,14,16
40489,Throck,drakthul,1320,warrior,arms,41,18,23
40490,Proxxyyqt,blackrock,1318,warrior,arms,36,14,22
40491,Grimhew,argent-dawn,1317,warrior,arms,42,17,25
40492,Kilsorrow,silvermoon,1317,warrior,arms,42,14,28
40493,Astven,blackmoore,1316,warrior,arms,40,16,24
40494,Gorzan,dragonmaw,1316,warrior,arms,59,21,38
40495,Peack,ravencrest,1315,warrior,arms,137,68,69
40496,Guruntar,kirin-tor,1315,warrior,arms,62,29,33
40497,Ангрол,grom,1315,warrior,arms,47,20,27
40498,Ràgnarok,chogall,1314,warrior,arms,72,39,33
40499,Imora,silvermoon,1314,warrior,arms,36,18,18
40500,Franzbardon,archimonde,1314,warrior,arms,108,50,58
40501,Kmica,khadgar,1314,warrior,arms,61,27,34
40502,Strapnslap,argent-dawn,1314,warrior,arms,78,30,48
40503,Blitz,archimonde,1313,warrior,arms,24,14,10
40504,Mercedesamg,blackmoore,1313,warrior,arms,44,20,24
40505,Stormcoil,stormscale,1313,warrior,arms,33,15,18
40506,Shoesmith,outland,1313,warrior,arms,54,15,39
40507,Ankzz,archimonde,1312,warrior,arms,24,15,9
40508,Issatank,frostmane,1312,warrior,arms,42,21,21
40509,Meistarinn,draenor,1312,warrior,arms,42,14,28
40510,Оморальный,soulflayer,1311,warrior,arms,88,39,49
40511,Nicperh,dun-modr,1310,warrior,arms,66,29,37
40512,Slunecniq,azjolnerub,1310,warrior,arms,36,14,22
40513,Megatronman,ravencrest,1309,warrior,arms,24,14,10
40514,Roctah,auchindoun,1309,warrior,arms,46,24,22
40515,Aggamemnus,ravencrest,1308,warrior,arms,44,28,16
40516,Narkololzz,marécage-de-zangar,1308,warrior,arms,50,22,28
40517,Gamöra,kirin-tor,1307,warrior,arms,60,28,32
40518,Ovcharq,steamwheedle-cartel,1306,warrior,arms,67,34,33
40519,Bonesz,jaedenar,1305,warrior,arms,117,58,59
40520,Lûckystríké,blackmoore,1305,warrior,arms,52,25,27
40521,Ingensan,lightbringer,1305,warrior,arms,75,35,40
40522,Pied,krasus,1305,warrior,arms,30,14,16
40523,Скользкийбро,gordunni,1305,warrior,arms,84,39,45
40524,Палачубийца,deathguard,1303,warrior,arms,91,47,44
40525,Youokhun,kazzak,1302,warrior,arms,54,27,27
40526,Fàlconry,kazzak,1302,warrior,arms,120,51,69
40527,Bossít,doomhammer,1301,warrior,arms,80,44,36
40528,Ragnacore,ravencrest,1301,warrior,arms,53,29,24
40529,Reichas,ragnaros,1301,warrior,arms,37,20,17
40530,Atus,dun-modr,1301,warrior,arms,71,37,34
40531,Kianit,ravencrest,1301,warrior,arms,127,57,70
40532,Tazdingowar,antonidas,1301,warrior,arms,58,23,35
40533,Leopoldx,outland,1299,warrior,arms,28,15,13
40534,Shuraj,hyjal,1299,warrior,arms,46,24,22
40535,Elénir,dalaran,1297,warrior,arms,24,15,9
40536,Borga,blackrock,1297,warrior,arms,42,19,23
40537,Cárbo,silvermoon,1296,warrior,arms,61,34,27
40538,Eekz,haomarush,1296,warrior,arms,30,16,14
40539,Yayoflauta,sanguino,1296,warrior,arms,36,16,20
40540,Армсец,howling-fjord,1296,warrior,arms,42,16,26
40541,Seliasbro,kazzak,1295,warrior,arms,30,15,15
40542,Сэлфиш,lich-king,1295,warrior,arms,29,14,15
40543,Chippéd,draenor,1294,warrior,arms,23,14,9
40544,Рестат,soulflayer,1294,warrior,arms,107,43,64
40545,Безбожник,eversong,1293,warrior,arms,54,29,25
40546,Maidenlless,ravencrest,1293,warrior,arms,68,27,41
40547,Faløn,archimonde,1293,warrior,arms,62,24,38
40548,Давилкагеев,howling-fjord,1292,warrior,arms,37,16,21
40549,Kultigin,ravencrest,1292,warrior,arms,79,32,47
40550,Semanor,aegwynn,1291,warrior,arms,30,16,14
40551,Kravaiski,argent-dawn,1291,warrior,arms,90,44,46
40552,Zeroskllz,outland,1291,warrior,arms,76,36,40
40553,Inelegant,tarren-mill,1290,warrior,arms,60,32,28
40554,Ghorglukk,lightnings-blade,1290,warrior,arms,60,28,32
40555,Nixtor,defias-brotherhood,1290,warrior,arms,43,19,24
40556,Perkoulator,archimonde,1290,warrior,arms,69,30,39
40557,Piksitron,silvermoon,1289,warrior,arms,60,37,23
40558,Степанычь,gordunni,1288,warrior,arms,41,22,19
40559,Вениамин,deathweaver,1288,warrior,arms,47,15,32
40560,Lexras,blackhand,1285,warrior,arms,38,20,18
40561,Ylana,eldrethalas,1283,warrior,arms,111,48,63
40562,Bluntsword,twisting-nether,1282,warrior,arms,36,17,19
40563,Silabozija,ravencrest,1281,warrior,arms,64,32,32
40564,Bonnaventure,hyjal,1281,warrior,arms,66,32,34
40565,Гогрикк,ashenvale,1279,warrior,arms,72,35,37
40566,Malevolént,silvermoon,1279,warrior,arms,54,25,29
40567,Kloppnîx,blackmoore,1278,warrior,arms,50,31,19
40568,Фикпопадешь,lich-king,1278,warrior,arms,45,17,28
40569,Lácrima,dun-modr,1277,warrior,arms,30,15,15
40570,Tyragon,thrall,1275,warrior,arms,30,17,13
40571,Pacosky,burning-legion,1275,warrior,arms,57,28,29
40572,Инелутабл,eversong,1273,warrior,arms,23,14,9
40573,Xunaakt,nemesis,1273,warrior,arms,69,34,35
40574,Rahaaxhia,kaelthas,1271,warrior,arms,24,15,9
40575,Bigboibeeper,draenor,1271,warrior,arms,48,17,31
40576,Kirowarrior,silvermoon,1270,warrior,arms,62,30,32
40577,Elyrax,dun-modr,1270,warrior,arms,30,14,16
40578,Джондо,gordunni,1269,warrior,arms,30,14,16
40579,Nårgaí,kargath,1269,warrior,arms,78,36,42
40580,Холипротовар,fordragon,1268,warrior,arms,42,20,22
40581,Eyesonly,blackmoore,1267,warrior,arms,36,17,19
40582,Чпокерз,gordunni,1265,warrior,arms,76,35,41
40583,Unarde,silvermoon,1264,warrior,arms,173,85,88
40584,Aliasus,outland,1264,warrior,arms,36,16,20
40585,Ranran,emerald-dream,1264,warrior,arms,32,14,18
40586,Orwêll,uldum,1264,warrior,arms,69,30,39
40587,Mödhan,archimonde,1263,warrior,arms,82,39,43
40588,Colosius,stormscale,1262,warrior,arms,48,29,19
40589,Abnôrmus,tarren-mill,1262,warrior,arms,48,25,23
40590,Sertigan,dun-modr,1262,warrior,arms,39,16,23
40591,Rochful,frostwolf,1260,warrior,arms,42,23,19
40592,Exot,eredar,1257,warrior,arms,48,26,22
40593,Apôlyon,antonidas,1256,warrior,arms,29,14,15
40594,Почтитайсон,howling-fjord,1255,warrior,arms,29,14,15
40595,Narox,arathor,1255,warrior,arms,56,26,30
40596,Кентаныч,howling-fjord,1254,warrior,arms,48,22,26
40597,Buntstift,thrall,1254,warrior,arms,42,14,28
40598,Morrzerk,sylvanas,1253,warrior,arms,35,20,15
40599,Dicaprios,silvermoon,1252,warrior,arms,60,30,30
40600,Клайминг,soulflayer,1251,warrior,arms,36,24,12
40601,Lebronjones,sylvanas,1251,warrior,arms,72,34,38
40602,Semmino,nemesis,1248,warrior,arms,24,13,11
40603,Vagor,draenor,1248,warrior,arms,39,18,21
40604,Contrariety,ravencrest,1247,warrior,arms,47,26,21
40605,Leeches,aggramar,1247,warrior,arms,24,13,11
40606,Aixer,archimonde,1247,warrior,arms,30,13,17
40607,Kásúxøxøw,ravencrest,1247,warrior,arms,30,13,17
40608,Wingüi,dun-modr,1247,warrior,arms,36,13,23
40609,Абырабыр,howling-fjord,1246,warrior,arms,18,13,5
40610,Hirurg,thrall,1246,warrior,arms,24,13,11
40611,Bîmbämboom,blackmoore,1246,warrior,arms,48,24,24
40612,Sponkss,tarren-mill,1246,warrior,arms,30,13,17
40613,Bloodx,archimonde,1245,warrior,arms,18,13,5
40614,Luunk,ravencrest,1245,warrior,arms,72,40,32
40615,Grinrok,thrall,1245,warrior,arms,78,36,42
40616,Garosh,drakthul,1244,warrior,arms,66,33,33
40617,Kiriwarr,dun-modr,1243,warrior,arms,24,13,11
40618,Zaerna,draenor,1243,warrior,arms,24,13,11
40619,Ральдвин,gordunni,1243,warrior,arms,71,37,34
40620,Buckiesøde,twisting-nether,1243,warrior,arms,30,13,17
40621,Tinkaton,sylvanas,1243,warrior,arms,30,13,17
40622,Slowann,argent-dawn,1243,warrior,arms,30,13,17
40623,Soundso,blackmoore,1242,warrior,arms,26,15,11
40624,Narcx,kazzak,1242,warrior,arms,24,13,11
40625,Хоркан,blackscar,1242,warrior,arms,24,13,11
40626,Nazhar,kult-der-verdammten,1242,warrior,arms,24,13,11
40627,Átlás,blackmoore,1242,warrior,arms,43,19,24
40628,Asipositas,eredar,1242,warrior,arms,30,13,17
40629,Notvisionary,ravencrest,1241,warrior,arms,24,13,11
40630,Eyeslicer,quelthalas,1241,warrior,arms,24,13,11
40631,Wørgenn,hyjal,1241,warrior,arms,38,19,19
40632,Кимиюки,gordunni,1241,warrior,arms,38,17,21
40633,Jonukas,argent-dawn,1241,warrior,arms,30,13,17
40634,Balyndâ,aegwynn,1240,warrior,arms,38,21,17
40635,Rumbldore,ragnaros,1240,warrior,arms,24,13,11
40636,Laavapoeg,outland,1240,warrior,arms,24,13,11
40637,Jaru,alleria,1240,warrior,arms,51,27,24
40638,Serakhan,argent-dawn,1239,warrior,arms,36,20,16
40639,Shædøw,archimonde,1238,warrior,arms,24,13,11
40640,Fiveboy,tarren-mill,1238,warrior,arms,24,13,11
40641,Skorz,kazzak,1238,warrior,arms,30,13,17
40642,Bloodrain,twilights-hammer,1237,warrior,arms,24,13,11
40643,Rorix,blackrock,1237,warrior,arms,24,13,11
40644,Hellzint,sanguino,1237,warrior,arms,189,81,108
40645,Tahzwolf,stormscale,1236,warrior,arms,18,13,5
40646,Fractale,kirin-tor,1236,warrior,arms,22,14,8
40647,Gakgora,twisting-nether,1236,warrior,arms,24,13,11
40648,Etelä,stormreaver,1236,warrior,arms,30,16,14
40649,Smackaroon,draenor,1235,warrior,arms,24,13,11
40650,Mävïs,ravencrest,1235,warrior,arms,41,16,25
40651,Aiarm,twisting-nether,1234,warrior,arms,84,48,36
40652,Batalius,dalaran,1234,warrior,arms,36,14,22
40653,Plt,talnivarr,1233,warrior,arms,41,25,16
40654,Funknîco,wrathbringer,1233,warrior,arms,37,19,18
40655,Donátos,aegwynn,1233,warrior,arms,62,28,34
40656,Palthor,drakthul,1233,warrior,arms,51,18,33
40657,Szelenamoon,outland,1232,warrior,arms,32,14,18
40658,Dreamkil,archimonde,1229,warrior,arms,161,81,80
40659,Kurzen,voljin,1229,warrior,arms,53,25,28
40660,Xennor,argent-dawn,1229,warrior,arms,30,13,17
40661,Тандэр,borean-tundra,1229,warrior,arms,30,13,17
40662,Rayguerrero,blackrock,1229,warrior,arms,36,13,23
40663,Diggawhat,antonidas,1228,warrior,arms,66,29,37
40664,Thehans,grim-batol,1228,warrior,arms,44,18,26
40665,Soulcleaver,stormreaver,1227,warrior,arms,62,31,31
40666,Flurie,sylvanas,1227,warrior,arms,30,13,17
40667,Кизуми,gordunni,1227,warrior,arms,33,14,19
40668,Pelicos,grim-batol,1226,warrior,arms,24,13,11
40669,Mifuune,argent-dawn,1225,warrior,arms,43,23,20
40670,Элейд,thermaplugg,1225,warrior,arms,47,23,24
40671,Мэднас,howling-fjord,1225,warrior,arms,30,13,17
40672,Izestyi,blackrock,1224,warrior,arms,90,39,51
40673,Cramatao,shadowsong,1223,warrior,arms,41,16,25
40674,Solaría,garona,1222,warrior,arms,30,15,15
40675,Nurychïc,twisting-nether,1221,warrior,arms,27,16,11
40676,Iluwar,ragnaros,1221,warrior,arms,184,82,102
40677,Gèrralt,hyjal,1221,warrior,arms,41,16,25
40678,Wolfgladius,cthun,1220,warrior,arms,24,13,11
40679,Goldenward,silvermoon,1220,warrior,arms,42,21,21
40680,Kardinell,blackhand,1219,warrior,arms,36,15,21
40681,Raznon,magtheridon,1218,warrior,arms,36,13,23
40682,Joka,dun-modr,1217,warrior,arms,43,22,21
40683,Ragark,quelthalas,1217,warrior,arms,63,32,31
40684,Крешер,howling-fjord,1217,warrior,arms,35,17,18
40685,Jisoowar,blackhand,1217,warrior,arms,54,23,31
40686,Ghostwarx,blackmoore,1215,warrior,arms,38,19,19
40687,Hatethisgame,frostwolf,1215,warrior,arms,82,34,48
40688,Zuggizug,draenor,1214,warrior,arms,54,27,27
40689,Джагенвард,soulflayer,1214,warrior,arms,36,18,18
40690,Zøom,ysondre,1213,warrior,arms,82,41,41
40691,Киефси,howling-fjord,1212,warrior,arms,66,38,28
40692,Oldcockball,argent-dawn,1212,warrior,arms,26,14,12
40693,Hørror,nemesis,1211,warrior,arms,30,13,17
40694,Рагнарг,goldrinn,1208,warrior,arms,30,17,13
40695,Asmongnome,ravencrest,1208,warrior,arms,24,13,11
40696,Ðræms,eldrethalas,1208,warrior,arms,77,34,43
40697,Lûxn,silvermoon,1205,warrior,arms,134,65,69
40698,Дрейсен,gordunni,1204,warrior,arms,42,18,24
40699,Excutíé,twisting-nether,1202,warrior,arms,30,18,12
40700,Крахгал,soulflayer,1201,warrior,arms,159,80,79
40701,Mañtís,argent-dawn,1198,warrior,arms,80,41,39
40702,Rayeron,sanguino,1198,warrior,arms,39,16,23
40703,Mozterwar,ravencrest,1197,warrior,arms,66,28,38
40704,Mllmmxxm,kargath,1197,warrior,arms,36,13,23
40705,Brondir,archimonde,1196,warrior,arms,29,14,15
40706,Phantastix,dun-modr,1195,warrior,arms,24,15,9
40707,Berserkpwnz,silvermoon,1194,warrior,arms,60,32,28
40708,Nøiir,malfurion,1194,warrior,arms,30,15,15
40709,Rèâpèr,kazzak,1193,warrior,arms,42,27,15
40710,Etharedon,kul-tiras,1192,warrior,arms,42,19,23
40711,Wutend,nemesis,1190,warrior,arms,23,13,10
40712,Slaughteredd,kazzak,1190,warrior,arms,54,20,34
40713,Kllinac,kazzak,1189,warrior,arms,71,33,38
40714,Kerisandra,silvermoon,1188,warrior,arms,37,22,15
40715,Crotoss,ravencrest,1185,warrior,arms,31,15,16
40716,Pyret,outland,1185,warrior,arms,40,14,26
40717,Scrèàm,tarren-mill,1184,warrior,arms,67,29,38
40718,Gathika,arathor,1183,warrior,arms,24,14,10
40719,Belver,argent-dawn,1183,warrior,arms,26,14,12
40720,Maggisauce,aegwynn,1181,warrior,arms,75,40,35
40721,Jasperr,nemesis,1181,warrior,arms,85,43,42
40722,Доминатори,grom,1181,warrior,arms,37,15,22
40723,Sýkz,exodar,1181,warrior,arms,35,13,22
40724,Белриэль,gordunni,1181,warrior,arms,36,13,23
40725,Neltharon,silvermoon,1179,warrior,arms,27,17,10
40726,Rhonack,ragnaros,1178,warrior,arms,36,13,23
40727,Виднокрай,gordunni,1177,warrior,arms,36,13,23
40728,Beans,argent-dawn,1175,warrior,arms,102,42,60
40729,Tempii,ragnaros,1175,warrior,arms,36,13,23
40730,Elyalol,ragnaros,1174,warrior,arms,33,15,18
40731,Бавовник,howling-fjord,1169,warrior,arms,38,13,25
40732,Farianna,burning-legion,1168,warrior,arms,27,15,12
40733,Роккар,gordunni,1168,warrior,arms,42,22,20
40734,Атон,gordunni,1168,warrior,arms,80,35,45
40735,Uclat,archimonde,1167,warrior,arms,78,36,42
40736,Azëlls,archimonde,1166,warrior,arms,94,46,48
40737,Whàtsup,stormscale,1166,warrior,arms,36,17,19
40738,Sistabossen,magtheridon,1165,warrior,arms,24,13,11
40739,Галактозар,soulflayer,1165,warrior,arms,126,56,70
40740,Daguangming,outland,1165,warrior,arms,59,23,36
40741,Goldins,drakthul,1164,warrior,arms,29,13,16
40742,Smeshh,burning-legion,1162,warrior,arms,24,15,9
40743,Râsk,kazzak,1162,warrior,arms,26,15,11
40744,Слуфен,galakrond,1158,warrior,arms,24,14,10
40745,Дрейтон,eversong,1157,warrior,arms,42,20,22
40746,Regna,eredar,1157,warrior,arms,90,42,48
40747,Sway,eonar,1154,warrior,arms,93,41,52
40748,Акнаранд,soulflayer,1152,warrior,arms,18,12,6
40749,Belfodiris,stormscale,1152,warrior,arms,18,12,6
40750,Azotz,archimonde,1152,warrior,arms,24,12,12
40751,Dõxlol,kazzak,1152,warrior,arms,24,12,12
40752,Uselessblâme,archimonde,1152,warrior,arms,24,12,12
40753,Мираккл,borean-tundra,1151,warrior,arms,18,12,6
40754,Andzone,alakir,1151,warrior,arms,24,12,12
40755,Oktharu,silvermoon,1151,warrior,arms,24,12,12
40756,Konebankærn,ravencrest,1151,warrior,arms,30,12,18
40757,Eidzø,tarren-mill,1150,warrior,arms,18,12,6
40758,Wutraa,kazzak,1150,warrior,arms,18,12,6
40759,Zidbi,argent-dawn,1150,warrior,arms,24,12,12
40760,Crazykind,kazzak,1150,warrior,arms,24,12,12
40761,Veav,norgannon,1150,warrior,arms,36,12,24
40762,Warmegedon,frostmane,1149,warrior,arms,18,12,6
40763,Crushonyou,aegwynn,1149,warrior,arms,24,12,12
40764,Dominikhasek,outland,1149,warrior,arms,24,12,12
40765,Azjolnerub,kazzak,1149,warrior,arms,30,12,18
40766,Kâine,blackmoore,1149,warrior,arms,68,27,41
40767,ßigarms,ravencrest,1148,warrior,arms,18,12,6
40768,Соловейч,howling-fjord,1148,warrior,arms,24,13,11
40769,Jonalina,gilneas,1148,warrior,arms,84,42,42
40770,Blondboomer,neptulon,1148,warrior,arms,24,12,12
40771,Karden,doomhammer,1148,warrior,arms,48,17,31
40772,Chillycheesy,blackmoore,1148,warrior,arms,42,12,30
40773,Рекиро,blackscar,1147,warrior,arms,24,12,12
40774,Ïnahö,hyjal,1147,warrior,arms,24,12,12
40775,Zwerk,rajaxx,1147,warrior,arms,24,12,12
40776,Wargak,stormscale,1147,warrior,arms,24,12,12
40777,Josem,sanguino,1147,warrior,arms,33,13,20
40778,Neoh,onyxia,1146,warrior,arms,51,29,22
40779,Ragedotcom,archimonde,1146,warrior,arms,30,16,14
40780,Draemmer,minahonda,1146,warrior,arms,30,15,15
40781,Senshin,sanguino,1146,warrior,arms,24,12,12
40782,Audítóre,proudmoore,1145,warrior,arms,24,12,12
40783,Ríta,silvermoon,1145,warrior,arms,24,12,12
40784,Martøswarr,uldum,1145,warrior,arms,24,12,12
40785,Argaskurken,ravencrest,1145,warrior,arms,24,12,12
40786,Ladoz,ragnaros,1145,warrior,arms,24,12,12
40787,Breaken,silvermoon,1145,warrior,arms,24,12,12
40788,Argadea,archimonde,1145,warrior,arms,42,19,23
40789,Orgi,drakthul,1145,warrior,arms,36,12,24
40790,Garodis,blackmoore,1144,warrior,arms,24,12,12
40791,Whimbux,stormscale,1144,warrior,arms,32,13,19
40792,Gpointt,lordaeron,1144,warrior,arms,42,17,25
40793,Bucketheadde,thrall,1144,warrior,arms,36,12,24
40794,Hùmøngöúslåm,ravencrest,1143,warrior,arms,18,12,6
40795,Mesmash,uldum,1143,warrior,arms,30,12,18
40796,Séphi,archimonde,1143,warrior,arms,30,12,18
40797,Despacitus,burning-legion,1143,warrior,arms,47,15,32
40798,Brahlus,frostwolf,1142,warrior,arms,31,13,18
40799,Zyzy,arathor,1141,warrior,arms,24,12,12
40800,Kioskmupp,ravencrest,1141,warrior,arms,42,14,28
40801,Cloudstomper,ravenholdt,1140,warrior,arms,41,17,24
40802,Alphachadwar,azjolnerub,1140,warrior,arms,30,12,18
40803,Ironsteve,blackmoore,1139,warrior,arms,225,100,125
40804,Daddie,silvermoon,1139,warrior,arms,33,13,20
40805,Баварриор,greymane,1137,warrior,arms,30,12,18
40806,Kromt,shendralar,1136,warrior,arms,24,15,9
40807,Toby,rexxar,1135,warrior,arms,18,12,6
40808,Addy,twisting-nether,1135,warrior,arms,24,12,12
40809,Mkazy,kirin-tor,1135,warrior,arms,24,12,12
40810,Téldrus,blackrock,1135,warrior,arms,24,12,12
40811,Погоныч,soulflayer,1135,warrior,arms,30,13,17
40812,Гетрайт,galakrond,1134,warrior,arms,24,12,12
40813,Vandnox,nozdormu,1133,warrior,arms,28,13,15
40814,Arriess,drakthul,1132,warrior,arms,24,12,12
40815,Wanzzeur,hyjal,1132,warrior,arms,35,12,23
40816,Crook,doomhammer,1132,warrior,arms,48,15,33
40817,Medov,outland,1130,warrior,arms,48,20,28
40818,Sphínxx,malfurion,1128,warrior,arms,32,13,19
40819,Razzimak,eredar,1126,warrior,arms,16,13,3
40820,Tajiri,alakir,1126,warrior,arms,64,32,32
40821,Pawn,twisting-nether,1122,warrior,arms,30,12,18
40822,Yüle,uldaman,1121,warrior,arms,30,15,15
40823,Satanås,silvermoon,1120,warrior,arms,36,19,17
40824,Meistersykes,silvermoon,1118,warrior,arms,26,13,13
40825,Euforija,kazzak,1118,warrior,arms,30,12,18
40826,Draktul,aegwynn,1116,warrior,arms,24,14,10
40827,Wyshh,silvermoon,1115,warrior,arms,63,27,36
40828,Varzeluu,sylvanas,1113,warrior,arms,24,12,12
40829,Draleckx,sanguino,1112,warrior,arms,118,51,67
40830,Rühlsbester,thrall,1110,warrior,arms,48,18,30
40831,Sûgma,blackhand,1108,warrior,arms,44,23,21
40832,Gnarok,archimonde,1106,warrior,arms,23,13,10
40833,Quarantino,ysondre,1105,warrior,arms,110,49,61
40834,Doveloo,kazzak,1104,warrior,arms,31,16,15
40835,Миранир,soulflayer,1102,warrior,arms,62,30,32
40836,Røiivar,hyjal,1102,warrior,arms,169,74,95
40837,Rutrah,ysondre,1099,warrior,arms,30,12,18
40838,Crixusxx,sanguino,1096,warrior,arms,25,13,12
40839,Diliul,doomhammer,1095,warrior,arms,34,16,18
40840,Фастод,greymane,1095,warrior,arms,54,24,30
40841,Sloppychoppy,silvermoon,1093,warrior,arms,47,19,28
40842,Garwarr,twisting-nether,1092,warrior,arms,25,13,12
40843,Crasher,dentarg,1091,warrior,arms,42,21,21
40844,Opseagull,defias-brotherhood,1091,warrior,arms,24,12,12
40845,Копенгаген,ashenvale,1091,warrior,arms,33,13,20
40846,Krostapunk,colinas-pardas,1085,warrior,arms,30,13,17
40847,Basemode,twisting-nether,1082,warrior,arms,28,12,16
40848,Бежа,gordunni,1081,warrior,arms,39,23,16
40849,Atelier,magtheridon,1078,warrior,arms,42,22,20
40850,Inticam,durotan,1077,warrior,arms,37,20,17
40851,Dodgeslam,eredar,1077,warrior,arms,28,12,16
40852,Stuble,blackhand,1076,warrior,arms,41,19,22
40853,Piedbot,archimonde,1076,warrior,arms,45,14,31
40854,Chépérøs,kaelthas,1075,warrior,arms,36,13,23
40855,Cárlsberg,pozzo-delleternità,1073,warrior,arms,36,12,24
40856,Teraa,the-maelstrom,1072,warrior,arms,54,30,24
40857,Difalco,archimonde,1069,warrior,arms,89,43,46
40858,Зарган,howling-fjord,1069,warrior,arms,35,14,21
40859,Téarz,blackrock,1068,warrior,arms,42,15,27
40860,Gladiattus,drakthul,1067,warrior,arms,36,16,20
40861,Monsterborn,bloodhoof,1066,warrior,arms,33,13,20
40862,Endermite,magtheridon,1065,warrior,arms,59,26,33
40863,Дикийлёха,soulflayer,1064,warrior,arms,36,18,18
40864,Fdmachine,kazzak,1063,warrior,arms,36,14,22
40865,Obscurìa,argent-dawn,1062,warrior,arms,172,80,92
40866,Noomel,twisting-nether,1059,warrior,arms,30,14,16
40867,Keksparrow,antonidas,1059,warrior,arms,36,16,20
40868,Fullkraft,tarren-mill,1058,warrior,arms,42,20,22
40869,Áosr,ravencrest,1057,warrior,arms,47,24,23
40870,Nøøbisator,archimonde,1057,warrior,arms,30,13,17
40871,Рексторм,soulflayer,1056,warrior,arms,12,11,1
40872,Klnrk,ravencrest,1056,warrior,arms,18,11,7
40873,Rexonawarr,kazzak,1056,warrior,arms,18,11,7
40874,Dariusvolt,argent-dawn,1056,warrior,arms,59,31,28
40875,Êphêý,kazzak,1056,warrior,arms,24,11,13
40876,Proeliator,argent-dawn,1056,warrior,arms,24,11,13
40877,Asç,kazzak,1056,warrior,arms,24,11,13
40878,Anahkas,archimonde,1056,warrior,arms,24,11,13
40879,Jessicaday,archimonde,1056,warrior,arms,24,11,13
40880,Tranqtum,ravencrest,1056,warrior,arms,25,11,14
40881,Xåb,dun-morogh,1056,warrior,arms,36,11,25
40882,Biggerer,blackrock,1055,warrior,arms,18,11,7
40883,Анархорок,howling-fjord,1055,warrior,arms,18,11,7
40884,Sanerion,antonidas,1055,warrior,arms,18,11,7
40885,Тарартзу,soulflayer,1055,warrior,arms,18,11,7
40886,Quotxwar,stormscale,1055,warrior,arms,24,11,13
40887,Huyer,stormscale,1055,warrior,arms,24,11,13
40888,Scormash,burning-legion,1055,warrior,arms,24,11,13
40889,Nonow,silvermoon,1055,warrior,arms,24,11,13
40890,Justyòqt,archimonde,1055,warrior,arms,24,11,13
40891,Амаззони,howling-fjord,1055,warrior,arms,24,11,13
40892,Fulgrimu,archimonde,1055,warrior,arms,27,11,16
40893,Bracki,ysondre,1054,warrior,arms,18,11,7
40894,Иктиннос,gordunni,1054,warrior,arms,18,11,7
40895,Kotechnik,ysondre,1054,warrior,arms,18,11,7
40896,Aemox,silvermoon,1054,warrior,arms,18,11,7
40897,Markorok,kazzak,1054,warrior,arms,18,11,7
40898,Râmi,perenolde,1054,warrior,arms,24,11,13
40899,Apollos,der-mithrilorden,1054,warrior,arms,30,11,19
40900,Bulduzer,kazzak,1054,warrior,arms,35,12,23
40901,Vallenwar,twisting-nether,1053,warrior,arms,18,11,7
40902,Merdé,blackhand,1053,warrior,arms,123,62,61
40903,Skaylulz,ragnaros,1053,warrior,arms,24,11,13
40904,Arnoldr,ysondre,1053,warrior,arms,24,11,13
40905,Khoroc,die-aldor,1053,warrior,arms,30,11,19
40906,Scusi,burning-blade,1053,warrior,arms,30,11,19
40907,Salamandar,zenedar,1053,warrior,arms,36,11,25
40908,Swayzze,frostwolf,1052,warrior,arms,30,11,19
40909,Gnomekek,sylvanas,1052,warrior,arms,30,11,19
40910,Deathwingx,azuremyst,1052,warrior,arms,33,12,21
40911,Ramhadat,hyjal,1051,warrior,arms,18,11,7
40912,Deviousjr,ragnaros,1051,warrior,arms,18,11,7
40913,Ssnakeess,silvermoon,1051,warrior,arms,18,11,7
40914,Succel,drakthul,1051,warrior,arms,24,11,13
40915,Шорпит,howling-fjord,1051,warrior,arms,66,26,40
40916,Chrekk,khaz-modan,1050,warrior,arms,24,11,13
40917,Grimarg,drakthul,1050,warrior,arms,24,11,13
40918,Ironsíde,alakir,1050,warrior,arms,30,11,19
40919,Leàn,nemesis,1050,warrior,arms,30,11,19
40920,Grumpy,lightbringer,1050,warrior,arms,30,11,19
40921,Мастхэв,gordunni,1049,warrior,arms,18,11,7
40922,Лютобор,gordunni,1049,warrior,arms,30,11,19
40923,Sokarbey,twisting-nether,1048,warrior,arms,18,11,7
40924,Warrmax,darksorrow,1048,warrior,arms,24,11,13
40925,Matchoo,archimonde,1048,warrior,arms,24,11,13
40926,Larkor,frostwolf,1048,warrior,arms,46,16,30
40927,Cliwar,ragnaros,1047,warrior,arms,24,15,9
40928,Bellator,arakarahm,1047,warrior,arms,24,11,13
40929,Krigsdunken,draenor,1047,warrior,arms,48,15,33
40930,Darksworn,alleria,1046,warrior,arms,18,11,7
40931,Kugghalfswor,doomhammer,1046,warrior,arms,255,117,138
40932,Тычо,soulflayer,1046,warrior,arms,36,15,21
40933,Addicty,sylvanas,1045,warrior,arms,49,23,26
40934,Ninja,bronze-dragonflight,1045,warrior,arms,24,11,13
40935,Roponmatsu,draenor,1045,warrior,arms,24,11,13
40936,Perry,proudmoore,1044,warrior,arms,18,11,7
40937,Arkcules,ghostlands,1044,warrior,arms,24,11,13
40938,Pitii,burning-legion,1044,warrior,arms,26,11,15
40939,Razoo,stormscale,1044,warrior,arms,36,11,25
40940,Zeldaixi,twisting-nether,1043,warrior,arms,18,11,7
40941,Ordínaryname,blackrock,1043,warrior,arms,329,165,164
40942,Lomu,bloodscalp,1042,warrior,arms,24,11,13
40943,Ethem,twisting-nether,1041,warrior,arms,91,50,41
40944,Rutch,hyjal,1041,warrior,arms,30,11,19
40945,Pips,minahonda,1041,warrior,arms,42,13,29
40946,Nokturnâl,silvermoon,1037,warrior,arms,18,11,7
40947,Pwettygal,tarren-mill,1037,warrior,arms,36,13,23
40948,Koorkhan,outland,1036,warrior,arms,24,11,13
40949,Ruga,echsenkessel,1034,warrior,arms,37,20,17
40950,Kval,kazzak,1034,warrior,arms,24,11,13
40951,Starscourge,tarren-mill,1033,warrior,arms,12,11,1
40952,Ferrum,sunstrider,1033,warrior,arms,24,11,13
40953,Katzz,dun-morogh,1031,warrior,arms,24,11,13
40954,Claytøn,khaz-modan,1031,warrior,arms,28,11,17
40955,Brvbert,antonidas,1029,warrior,arms,24,11,13
40956,Ezsnacks,blackrock,1027,warrior,arms,20,12,8
40957,Talaganos,twisting-nether,1024,warrior,arms,24,13,11
40958,Lakes,eredar,1023,warrior,arms,35,11,24
40959,Carsannies,stormscale,1022,warrior,arms,121,53,68
40960,Kalacher,draenor,1022,warrior,arms,32,12,20
40961,Xyum,pozzo-delleternità,1021,warrior,arms,24,13,11
40962,Ijzerekast,sylvanas,1021,warrior,arms,32,12,20
40963,Dreadshanks,doomhammer,1020,warrior,arms,48,27,21
40964,Oralinde,silvermoon,1017,warrior,arms,78,43,35
40965,Ironfists,kilrogg,1017,warrior,arms,24,11,13
40966,Methaniwths,twisting-nether,1017,warrior,arms,30,11,19
40967,Jebzmiecza,kazzak,1015,warrior,arms,24,11,13
40968,Tercio,exodar,1015,warrior,arms,91,38,53
40969,Dagouor,twisting-nether,1013,warrior,arms,35,11,24
40970,Rabiolika,sanguino,1012,warrior,arms,23,11,12
40971,Gunka,tarren-mill,1012,warrior,arms,24,11,13
40972,Shinydjuwlz,turalyon,1008,warrior,arms,18,11,7
40973,Bòónki,ravencrest,1008,warrior,arms,46,22,24
40974,Whitebêârd,antonidas,1007,warrior,arms,34,12,22
40975,Khilax,ragnaros,1006,warrior,arms,29,12,17
40976,Gilettepenge,draenor,1005,warrior,arms,52,19,33
40977,Antraex,zuljin,1004,warrior,arms,30,13,17
40978,Braûsepulver,guldan,1002,warrior,arms,24,13,11
40979,Gatlok,kazzak,1001,warrior,arms,24,11,13
40980,Rejectofrage,ragnaros,1000,warrior,arms,30,15,15
40981,Manymen,outland,998,warrior,arms,48,21,27
40982,Seraphys,ravencrest,998,warrior,arms,28,12,16
40983,Sanhaevel,ravencrest,997,warrior,arms,27,13,14
40984,Adrï,draenor,993,warrior,arms,64,35,29
40985,Ezjau,blackmoore,993,warrior,arms,90,45,45
40986,Hammerfíst,kazzak,993,warrior,arms,71,35,36
40987,Reysleys,mazrigos,992,warrior,arms,28,11,17
40988,Морталвлицо,gordunni,991,warrior,arms,17,11,6
40989,Sepsys,eredar,991,warrior,arms,48,15,33
40990,Nezruslone,dun-modr,990,warrior,arms,17,11,6
40991,Малаятварь,gordunni,990,warrior,arms,22,11,11
40992,Stancenation,draenor,990,warrior,arms,28,11,17
40993,Geicoo,dalaran,988,warrior,arms,56,29,27
40994,Brandylover,outland,984,warrior,arms,20,11,9
40995,Odonko,blackmoore,982,warrior,arms,42,20,22
40996,Chilp,archimonde,981,warrior,arms,25,12,13
40997,Oldhatreds,twisting-nether,979,warrior,arms,22,11,11
40998,Корофер,galakrond,978,warrior,arms,23,13,10
40999,Зед,blackscar,977,warrior,arms,25,13,12
41000,Fairly,burning-blade,977,warrior,arms,24,12,12
41001,Beserk,defias-brotherhood,969,warrior,arms,20,13,7
41002,Chipstjuven,tarren-mill,963,warrior,arms,25,11,14
41003,Wintertimex,stormscale,960,warrior,arms,12,10,2
41004,Bigschnäbi,blackhand,960,warrior,arms,12,10,2
41005,Schero,aegwynn,960,warrior,arms,12,10,2
41006,Whýsøsîleñt,ragnaros,960,warrior,arms,16,11,5
41007,Бигдэмс,soulflayer,960,warrior,arms,18,10,8
41008,Broarextiger,ragnaros,960,warrior,arms,18,10,8
41009,Каоссвар,howling-fjord,960,warrior,arms,18,10,8
41010,Jake,rajaxx,960,warrior,arms,18,10,8
41011,Milant,antonidas,960,warrior,arms,18,10,8
41012,Salpaaja,frostwhisper,960,warrior,arms,24,10,14
41013,Элетий,soulflayer,960,warrior,arms,24,10,14
41014,Bravopla,silvermoon,960,warrior,arms,24,10,14
41015,Даскул,gordunni,960,warrior,arms,24,10,14
41016,Andabad,silvermoon,960,warrior,arms,24,10,14
41017,Jaythegodx,blackrock,960,warrior,arms,30,10,20
41018,Sindrener,ysondre,960,warrior,arms,30,10,20
41019,Mbappé,dragonblight,959,warrior,arms,12,10,2
41020,Axxtm,ravencrest,959,warrior,arms,18,10,8
41021,Ym,twisting-nether,959,warrior,arms,18,10,8
41022,Экспла,ashenvale,959,warrior,arms,18,10,8
41023,Fearmedear,sylvanas,959,warrior,arms,18,10,8
41024,Jailapatate,khaz-modan,959,warrior,arms,18,10,8
41025,Duckyone,zenedar,959,warrior,arms,18,10,8
41026,Chadgrave,argent-dawn,959,warrior,arms,18,10,8
41027,Badwarr,blackhand,959,warrior,arms,18,10,8
41028,Zdi,blackrock,959,warrior,arms,18,10,8
41029,Rookian,blackrock,959,warrior,arms,24,10,14
41030,Kryszii,ragnaros,959,warrior,arms,24,10,14
41031,Оманко,howling-fjord,959,warrior,arms,24,10,14
41032,Péridotruite,hyjal,959,warrior,arms,30,10,20
41033,Micromachine,argent-dawn,959,warrior,arms,30,10,20
41034,Gorlemar,blackmoore,958,warrior,arms,18,10,8
41035,Krônôs,thrall,958,warrior,arms,18,10,8
41036,Bj,blackrock,958,warrior,arms,18,10,8
41037,Hamilton,bronzebeard,958,warrior,arms,18,10,8
41038,Braindeady,burning-legion,958,warrior,arms,18,10,8
41039,Earshy,ragnaros,958,warrior,arms,18,10,8
41040,Nukebomb,dun-modr,958,warrior,arms,18,10,8
41041,Настрамо,gordunni,958,warrior,arms,18,10,8
41042,Fiverare,stormscale,958,warrior,arms,18,10,8
41043,Bérsérk,blackmoore,958,warrior,arms,19,10,9
41044,Gruxx,ragnaros,958,warrior,arms,24,10,14
41045,Leapling,blackmoore,958,warrior,arms,24,10,14
41046,Adamchen,blackmoore,958,warrior,arms,24,10,14
41047,Hatestørm,kazzak,958,warrior,arms,24,10,14
41048,Vymd,archimonde,958,warrior,arms,28,11,17
41049,Geroldius,silvermoon,958,warrior,arms,30,10,20
41050,Rowr,argent-dawn,958,warrior,arms,30,10,20
41051,Testonator,outland,957,warrior,arms,24,10,14
41052,Frézzér,blackrock,957,warrior,arms,24,10,14
41053,Alexamazing,lordaeron,957,warrior,arms,27,11,16
41054,Латексник,booty-bay,957,warrior,arms,30,10,20
41055,Roshas,twisting-nether,956,warrior,arms,18,10,8
41056,Lucasqt,magtheridon,956,warrior,arms,18,10,8
41057,Utero,drakthul,956,warrior,arms,24,10,14
41058,Ciocaboca,draenor,955,warrior,arms,18,10,8
41059,Deanx,ragnaros,955,warrior,arms,18,10,8
41060,Xarmog,hyjal,955,warrior,arms,24,10,14
41061,Gramrosh,eredar,955,warrior,arms,24,10,14
41062,Genç,ysondre,955,warrior,arms,24,10,14
41063,Neíd,malganis,955,warrior,arms,30,10,20
41064,Katyparry,ragnaros,955,warrior,arms,30,10,20
41065,Brutalz,kazzak,954,warrior,arms,18,10,8
41066,Lapyy,drakthul,954,warrior,arms,30,16,14
41067,Труперсила,howling-fjord,954,warrior,arms,24,10,14
41068,Kosttya,argent-dawn,954,warrior,arms,24,10,14
41069,Ôwndbylx,aegwynn,954,warrior,arms,27,11,16
41070,Stweye,frostmane,953,warrior,arms,18,10,8
41071,Blanchysnow,hyjal,952,warrior,arms,18,10,8
41072,Fokra,draenor,952,warrior,arms,18,10,8
41073,Orcanism,nozdormu,952,warrior,arms,18,10,8
41074,Unkmòr,pozzo-delleternità,952,warrior,arms,42,22,20
41075,Warriornrv,ysondre,950,warrior,arms,18,10,8
41076,Волрок,howling-fjord,950,warrior,arms,25,13,12
41077,Thiccrich,argent-dawn,949,warrior,arms,12,10,2
41078,Zerm,draenor,949,warrior,arms,18,10,8
41079,Taurosk,burning-legion,949,warrior,arms,24,10,14
41080,Warsky,archimonde,948,warrior,arms,18,12,6
41081,Зуботычник,gordunni,948,warrior,arms,18,10,8
41082,Axedingus,tarren-mill,947,warrior,arms,18,10,8
41083,Omglolnoob,magtheridon,946,warrior,arms,26,10,16
41084,Pedergun,defias-brotherhood,940,warrior,arms,18,10,8
41085,Mågne,tarren-mill,939,warrior,arms,30,10,20
41086,Ruppydeluxe,frostwolf,936,warrior,arms,26,11,15
41087,Bubciu,burning-legion,932,warrior,arms,30,10,20
41088,Tabboonishka,draenor,927,warrior,arms,16,11,5
41089,Ganik,malganis,927,warrior,arms,23,10,13
41090,Banshor,ysondre,925,warrior,arms,14,11,3
41091,Arowpoint,doomhammer,925,warrior,arms,23,10,13
41092,Raldjorn,hyjal,924,warrior,arms,18,10,8
41093,Léonie,arakarahm,924,warrior,arms,23,10,13
41094,Тибат,howling-fjord,924,warrior,arms,23,10,13
41095,Dearmooses,stormscale,920,warrior,arms,36,18,18
41096,Shãne,ysondre,918,warrior,arms,22,10,12
41097,Avgålöfvén,stormscale,912,warrior,arms,15,11,4
41098,Matti,magtheridon,911,warrior,arms,17,10,7
41099,Zugstorm,outland,911,warrior,arms,27,11,16
41100,Durmithor,silvermoon,906,warrior,arms,35,10,25
41101,Энлами,gordunni,905,warrior,arms,21,10,11
41102,Искристый,howling-fjord,903,warrior,arms,18,11,7
41103,Cryze,ravencrest,903,warrior,arms,21,10,11
41104,Данилатитич,howling-fjord,901,warrior,arms,21,10,11
41105,Cowlunderowl,tarren-mill,900,warrior,arms,32,11,21
41106,Razecraz,ysondre,894,warrior,arms,18,11,7
41107,Shihoh,blackhand,892,warrior,arms,32,10,22
41108,Orchëstre,eitrigg,890,warrior,arms,84,43,41
41109,Perseó,minahonda,888,warrior,arms,54,16,38
41110,Рагнарульв,gordunni,885,warrior,arms,14,10,4
41111,Дотрен,galakrond,883,warrior,arms,42,20,22
41112,Xxoorrwarr,tarren-mill,881,warrior,arms,16,10,6
41113,Обиванкенобя,soulflayer,879,warrior,arms,32,10,22
41114,Pigleto,ravencrest,870,warrior,arms,22,12,10
41115,Sangarane,archimonde,868,warrior,arms,27,14,13
41116,Bazsika,ragnaros,866,warrior,arms,54,17,37
41117,Marqinios,archimonde,864,warrior,arms,12,9,3
41118,Wetrx,stormscale,864,warrior,arms,12,9,3
41119,Hannìbal,ravencrest,864,warrior,arms,12,9,3
41120,Imondiet,ragnaros,864,warrior,arms,12,9,3
41121,Kfc,chamber-of-aspects,864,warrior,arms,12,9,3
41122,Zaedt,tarren-mill,864,warrior,arms,12,9,3
41123,Preliator,outland,864,warrior,arms,12,9,3
41124,Zäløøpå,kazzak,864,warrior,arms,12,9,3
41125,Jackzx,twisting-nether,864,warrior,arms,12,9,3
41126,Antìcìdè,ravencrest,864,warrior,arms,12,9,3
41127,Jethiss,ravencrest,864,warrior,arms,12,9,3
41128,Drvx,twisting-nether,864,warrior,arms,12,9,3
41129,Tynyas,dalaran,864,warrior,arms,24,12,12
41130,Ken,twisting-nether,864,warrior,arms,18,9,9
41131,Saetásh,argent-dawn,864,warrior,arms,18,9,9
41132,Bâyer,burning-legion,864,warrior,arms,18,9,9
41133,Gulläx,burning-legion,864,warrior,arms,18,9,9
41134,Marex,grim-batol,864,warrior,arms,18,9,9
41135,Джамалли,howling-fjord,864,warrior,arms,18,9,9
41136,Allthèwayup,kazzak,864,warrior,arms,18,9,9
41137,Кимлий,deathweaver,864,warrior,arms,18,9,9
41138,Whýsøsîlêñt,ragnaros,864,warrior,arms,18,9,9
41139,Necrio,kazzak,864,warrior,arms,18,9,9
41140,Quadfather,kazzak,864,warrior,arms,18,9,9
41141,Данзетар,howling-fjord,864,warrior,arms,18,9,9
41142,Лилиофанныч,soulflayer,864,warrior,arms,18,9,9
41143,Багрон,goldrinn,864,warrior,arms,18,9,9
41144,Belfodil,outland,864,warrior,arms,18,9,9
41145,Jeax,rexxar,864,warrior,arms,18,9,9
41146,Ranoth,hellfire,864,warrior,arms,18,9,9
41147,Tenthøusand,sylvanas,864,warrior,arms,24,9,15
41148,Dmgsponge,stormscale,864,warrior,arms,24,9,15
41149,Vikktor,doomhammer,864,warrior,arms,24,9,15
41150,Rhagnok,archimonde,864,warrior,arms,24,9,15
41151,Brigitá,argent-dawn,864,warrior,arms,24,9,15
41152,Raikaz,ravencrest,864,warrior,arms,24,9,15
41153,Renbaka,marécage-de-zangar,863,warrior,arms,12,9,3
41154,Пиапиа,gordunni,863,warrior,arms,12,9,3
41155,Ølolo,stormscale,863,warrior,arms,12,9,3
41156,Suksori,kazzak,863,warrior,arms,18,9,9
41157,Punisherhulk,stormscale,863,warrior,arms,18,9,9
41158,Tonifox,nemesis,863,warrior,arms,18,9,9
41159,Bladesmiths,argent-dawn,863,warrior,arms,18,9,9
41160,Malgár,argent-dawn,863,warrior,arms,18,9,9
41161,Opticsynfel,argent-dawn,863,warrior,arms,18,9,9
41162,Vathaleron,alakir,863,warrior,arms,18,9,9
41163,Олдизаер,soulflayer,863,warrior,arms,18,9,9
41164,Drahtalger,hyjal,863,warrior,arms,18,9,9
41165,Trust,darksorrow,863,warrior,arms,18,9,9
41166,Дейниксис,howling-fjord,863,warrior,arms,18,9,9
41167,Ajhogan,ravencrest,863,warrior,arms,18,9,9
41168,Warbigboss,draenor,863,warrior,arms,18,9,9
41169,Miz,dun-modr,863,warrior,arms,21,9,12
41170,Johnfogerty,twisting-nether,863,warrior,arms,24,9,15
41171,Nârmøra,thrall,863,warrior,arms,24,9,15
41172,Reb,thunderhorn,862,warrior,arms,12,9,3
41173,Ratko,blackmoore,862,warrior,arms,20,12,8
41174,Moowar,defias-brotherhood,862,warrior,arms,18,9,9
41175,Bobloblaww,doomhammer,862,warrior,arms,18,9,9
41176,Aemirage,doomhammer,862,warrior,arms,37,18,19
41177,Kímó,silvermoon,862,warrior,arms,24,9,15
41178,Шизам,howling-fjord,862,warrior,arms,24,9,15
41179,Velikan,tarren-mill,862,warrior,arms,24,9,15
41180,Fluffycute,blackhand,862,warrior,arms,24,9,15
41181,Démigodx,stormscale,862,warrior,arms,24,9,15
41182,Bekkey,lightbringer,862,warrior,arms,24,9,15
41183,Clukao,kazzak,862,warrior,arms,24,9,15
41184,Realdrdob,kazzak,862,warrior,arms,24,9,15
41185,Slowfeet,stormscale,861,warrior,arms,12,9,3
41186,Kolxoz,doomhammer,861,warrior,arms,18,9,9
41187,Nêgan,stormscale,861,warrior,arms,18,9,9
41188,Üs,ravencrest,861,warrior,arms,24,9,15
41189,Amar,defias-brotherhood,861,warrior,arms,29,10,19
41190,Bigbaduglyy,twisting-nether,861,warrior,arms,30,9,21
41191,Bezark,kazzak,860,warrior,arms,18,9,9
41192,Andoror,nemesis,860,warrior,arms,18,9,9
41193,Unstorm,drakthul,860,warrior,arms,24,9,15
41194,Woopzi,twisting-nether,860,warrior,arms,36,9,27
41195,Atälànte,ysondre,859,warrior,arms,18,9,9
41196,Stits,chromaggus,859,warrior,arms,18,9,9
41197,Антурим,howling-fjord,859,warrior,arms,24,9,15
41198,Маханхет,soulflayer,859,warrior,arms,24,9,15
41199,Дрекзот,howling-fjord,858,warrior,arms,15,10,5
41200,Crud,die-silberne-hand,858,warrior,arms,18,9,9
41201,Варбыкмашина,howling-fjord,857,warrior,arms,18,9,9
41202,Krigarjag,kazzak,857,warrior,arms,18,9,9
41203,Marcusk,thunderhorn,857,warrior,arms,24,9,15
41204,Vegäpunk,nemesis,857,warrior,arms,24,9,15
41205,Kixx,twisting-nether,855,warrior,arms,30,14,16
41206,Pøps,hyjal,854,warrior,arms,18,9,9
41207,Discogoon,twilights-hammer,854,warrior,arms,87,32,55
41208,Kriegerkraut,silvermoon,853,warrior,arms,12,9,3
41209,Tommia,burning-legion,853,warrior,arms,24,9,15
41210,Syforce,ravencrest,850,warrior,arms,18,9,9
41211,Sfarpi,burning-legion,850,warrior,arms,18,9,9
41212,Nakroll,sanguino,850,warrior,arms,24,9,15
41213,Blufurys,nemesis,849,warrior,arms,26,9,17
41214,Goodvibez,silvermoon,848,warrior,arms,24,9,15
41215,Bashion,ghostlands,846,warrior,arms,30,10,20
41216,Bigtulipe,archimonde,842,warrior,arms,17,9,8
41217,Marciano,dalaran,835,warrior,arms,18,9,9
41218,Abelgf,exodar,832,warrior,arms,26,11,15
41219,Ajgreedy,grim-batol,829,warrior,arms,23,9,14
41220,Greeneroi,khaz-modan,829,warrior,arms,35,9,26
41221,Overdose,anetheron,827,warrior,arms,17,10,7
41222,Prag,silvermoon,823,warrior,arms,16,10,6
41223,Nelfx,aggra-português,819,warrior,arms,42,18,24
41224,Alothar,khaz-modan,816,warrior,arms,24,11,13
41225,Greenpanzer,archimonde,815,warrior,arms,15,9,6
41226,Airowar,drakthul,815,warrior,arms,17,9,8
41227,Tanoras,kazzak,815,warrior,arms,17,9,8
41228,Mölntuss,emeriss,815,warrior,arms,23,9,14
41229,Vegilhenvin,stormscale,815,warrior,arms,27,9,18
41230,Eggsecutor,stormscale,810,warrior,arms,23,11,12
41231,Actuallyorc,twisting-nether,799,warrior,arms,14,9,5
41232,Бижек,gordunni,799,warrior,arms,14,9,5
41233,Vyctimz,ravencrest,799,warrior,arms,16,9,7
41234,Xaqt,die-nachtwache,798,warrior,arms,17,9,8
41235,Bumbx,kazzak,796,warrior,arms,14,9,5
41236,Vannié,blackhand,794,warrior,arms,22,9,13
41237,Knego,ragnaros,793,warrior,arms,11,9,2
41238,Klanky,draenor,793,warrior,arms,26,9,17
41239,Авврорра,gordunni,789,warrior,arms,24,10,14
41240,Кейнорин,howling-fjord,789,warrior,arms,28,9,19
41241,Pyrul,antonidas,784,warrior,arms,19,9,10
41242,Finalsmasher,thrall,784,warrior,arms,42,16,26
41243,Лысыч,gordunni,778,warrior,arms,19,9,10
41244,Dlstroyer,eonar,776,warrior,arms,24,10,14
41245,Psinovich,sylvanas,768,warrior,arms,12,8,4
41246,Doritoslove,sanguino,768,warrior,arms,12,8,4
41247,Smorccroms,stormscale,768,warrior,arms,12,8,4
41248,Chíppéd,draenor,768,warrior,arms,12,8,4
41249,Curelia,malganis,768,warrior,arms,12,8,4
41250,Mâlitek,archimonde,768,warrior,arms,12,8,4
41251,Kultywator,silvermoon,768,warrior,arms,12,8,4
41252,Rayner,illidan,768,warrior,arms,12,8,4
41253,Surthur,magtheridon,768,warrior,arms,12,8,4
41254,Bulfwart,zuljin,768,warrior,arms,12,8,4
41255,Ballin,dragonblight,768,warrior,arms,12,8,4
41256,Éliøkor,outland,768,warrior,arms,12,8,4
41257,Liked,tarren-mill,768,warrior,arms,12,8,4
41258,Norganw,die-aldor,768,warrior,arms,12,8,4
41259,Бигдэм,howling-fjord,768,warrior,arms,12,8,4
41260,Shorrag,outland,768,warrior,arms,12,8,4
41261,Muyubu,eredar,768,warrior,arms,12,8,4
41262,Maisner,stormscale,768,warrior,arms,15,9,6
41263,Madßud,ravencrest,768,warrior,arms,14,8,6
41264,Horsewarrior,stormscale,768,warrior,arms,18,8,10
41265,Xdpromtius,dun-modr,768,warrior,arms,18,8,10
41266,Vlorgboi,drakthul,768,warrior,arms,18,8,10
41267,Aauv,twisting-nether,768,warrior,arms,18,8,10
41268,Роули,blackscar,768,warrior,arms,18,8,10
41269,Dedewawa,ysondre,768,warrior,arms,18,8,10
41270,Daymio,twisting-nether,768,warrior,arms,18,8,10
41271,Yarilolx,outland,768,warrior,arms,18,8,10
41272,Dreadbanga,blackmoore,768,warrior,arms,18,8,10
41273,Земибор,soulflayer,768,warrior,arms,18,8,10
41274,Visari,kiljaeden,768,warrior,arms,18,8,10
41275,Arsinal,blackhand,768,warrior,arms,18,8,10
41276,Cavo,drakthul,768,warrior,arms,18,8,10
41277,Borndet,eredar,768,warrior,arms,18,8,10
41278,Yaune,ravencrest,768,warrior,arms,18,8,10
41279,Анакронокс,howling-fjord,768,warrior,arms,18,8,10
41280,Kamilfury,burning-legion,768,warrior,arms,22,9,13
41281,Уэсгар,blackscar,768,warrior,arms,24,8,16
41282,Fosler,frostmane,768,warrior,arms,24,8,16
41283,Elinyar,aegwynn,768,warrior,arms,24,8,16
41284,Shaked,dun-modr,768,warrior,arms,24,8,16
41285,Heavenheart,bronzebeard,767,warrior,arms,13,9,4
41286,Prolyx,doomhammer,767,warrior,arms,12,8,4
41287,Yoilenno,argent-dawn,767,warrior,arms,12,8,4
41288,Ludjack,tarren-mill,767,warrior,arms,15,8,7
41289,Draer,sanguino,767,warrior,arms,17,9,8
41290,Recklessness,drakthul,767,warrior,arms,18,8,10
41291,Folsack,sanguino,767,warrior,arms,18,8,10
41292,Shagara,defias-brotherhood,767,warrior,arms,18,8,10
41293,Akim,ysondre,767,warrior,arms,18,8,10
41294,Øfè,ysondre,767,warrior,arms,18,8,10
41295,Tomhankz,ravencrest,767,warrior,arms,18,8,10
41296,Арбузикхаха,soulflayer,767,warrior,arms,18,8,10
41297,Waegon,twisting-nether,767,warrior,arms,18,8,10
41298,Каутто,howling-fjord,767,warrior,arms,18,8,10
41299,Lortèn,stormscale,767,warrior,arms,18,8,10
41300,Horseye,eredar,767,warrior,arms,18,8,10
41301,Jjokkerr,magtheridon,767,warrior,arms,18,8,10
41302,Футжисубо,razuvious,767,warrior,arms,18,8,10
41303,Broxiw,darkspear,767,warrior,arms,18,8,10
41304,Ericmontana,draenor,767,warrior,arms,18,8,10
41305,Becca,rexxar,767,warrior,arms,18,8,10
41306,Hermosse,dalaran,767,warrior,arms,18,8,10
41307,Bämoida,eredar,767,warrior,arms,18,8,10
41308,Alexwar,draenor,767,warrior,arms,18,8,10
41309,Разрубателл,soulflayer,767,warrior,arms,18,8,10
41310,Бокалпивка,soulflayer,767,warrior,arms,21,9,12
41311,Èscøbar,dalaran,767,warrior,arms,21,9,12
41312,Swaxx,ravencrest,767,warrior,arms,24,8,16
41313,Keksspec,ungoro,767,warrior,arms,24,8,16
41314,Pegazón,outland,766,warrior,arms,12,8,4
41315,Shehalk,stormscale,766,warrior,arms,12,8,4
41316,Aomen,ravencrest,766,warrior,arms,12,8,4
41317,Newgáte,silvermoon,766,warrior,arms,12,8,4
41318,Celean,darksorrow,766,warrior,arms,12,8,4
41319,Bonkonator,stormscale,766,warrior,arms,12,8,4
41320,Gíu,blackhand,766,warrior,arms,18,8,10
41321,Beamis,ragnaros,766,warrior,arms,18,8,10
41322,Vohok,jaedenar,766,warrior,arms,18,8,10
41323,Rageaholic,blackmoore,766,warrior,arms,18,8,10
41324,Booj,silvermoon,766,warrior,arms,18,8,10
41325,Minoke,antonidas,766,warrior,arms,18,8,10
41326,Jeronimoe,blackmoore,766,warrior,arms,19,8,11
41327,Нэиро,howling-fjord,766,warrior,arms,24,8,16
41328,Exeqty,the-maelstrom,765,warrior,arms,18,8,10
41329,Wärfäcë,blades-edge,765,warrior,arms,18,8,10
41330,Zhenshii,blackmoore,765,warrior,arms,18,8,10
41331,Анманерка,ashenvale,765,warrior,arms,24,8,16
41332,Hirbus,ravencrest,765,warrior,arms,25,8,17
41333,Lucciouss,sylvanas,764,warrior,arms,12,8,4
41334,Lìón,blackhand,764,warrior,arms,24,8,16
41335,Ireincarnate,argent-dawn,763,warrior,arms,18,8,10
41336,Giggadaddy,tarren-mill,763,warrior,arms,18,8,10
41337,Leyon,blades-edge,762,warrior,arms,12,8,4
41338,Fatbeard,twilights-hammer,762,warrior,arms,18,8,10
41339,Rogirb,drakthul,762,warrior,arms,18,8,10
41340,Suolijumppa,stormreaver,762,warrior,arms,18,8,10
41341,Korvjnus,burning-blade,762,warrior,arms,18,8,10
41342,Koliastra,magtheridon,761,warrior,arms,16,9,7
41343,Øruch,draenor,761,warrior,arms,18,8,10
41344,Gnuhl,eredar,760,warrior,arms,21,9,12
41345,Грруд,galakrond,760,warrior,arms,24,8,16
41346,Машамеч,blackscar,760,warrior,arms,30,8,22
41347,Freestýlz,archimonde,759,warrior,arms,12,8,4
41348,Falcowar,minahonda,758,warrior,arms,18,8,10
41349,Upturn,ravencrest,757,warrior,arms,24,8,16
41350,Ispor,shattered-halls,753,warrior,arms,67,31,36
41351,Craanked,aegwynn,751,warrior,arms,17,8,9
41352,Calipp,die-aldor,750,warrior,arms,24,8,16
41353,Batourga,marécage-de-zangar,749,warrior,arms,23,8,15
41354,Shadrassil,eonar,747,warrior,arms,18,8,10
41355,Дедсдрыном,howling-fjord,747,warrior,arms,23,8,15
41356,Рф,thermaplugg,745,warrior,arms,26,9,17
41357,Smkw,kazzak,738,warrior,arms,18,8,10
41358,Furraxx,elune,736,warrior,arms,18,8,10
41359,Broarexlion,ragnaros,735,warrior,arms,23,8,15
41360,Hazzaogx,draenor,735,warrior,arms,23,8,15
41361,Tinkley,quelthalas,734,warrior,arms,16,8,8
41362,Megaloddon,ravencrest,734,warrior,arms,17,8,9
41363,Orgazam,xavius,734,warrior,arms,17,8,9
41364,Grimsong,antonidas,733,warrior,arms,14,9,5
41365,Madict,outland,733,warrior,arms,18,8,10
41366,Takashia,ravencrest,731,warrior,arms,16,9,7
41367,Grolbein,blackhand,719,warrior,arms,17,9,8
41368,Karbeg,ravencrest,718,warrior,arms,21,8,13
41369,Spoofie,doomhammer,718,warrior,arms,21,8,13
41370,Zíreael,ravencrest,718,warrior,arms,29,8,21
41371,Железныйбард,gordunni,717,warrior,arms,23,8,15
41372,Zelwar,drakthul,714,warrior,arms,14,10,4
41373,Чухануспрайм,howling-fjord,714,warrior,arms,22,9,13
41374,Ugbruk,blackhand,707,warrior,arms,21,9,12
41375,Ferv,tarren-mill,703,warrior,arms,17,8,9
41376,Xorlog,thrall,702,warrior,arms,17,9,8
41377,Daxhter,sanguino,702,warrior,arms,20,8,12
41378,Parabellum,dun-modr,701,warrior,arms,14,8,6
41379,Agamemnon,frostmane,701,warrior,arms,14,8,6
41380,Punishers,ysondre,699,warrior,arms,126,45,81
41381,Stratic,blackmoore,697,warrior,arms,26,8,18
41382,Melców,eredar,687,warrior,arms,11,8,3
41383,Матумбо,gordunni,687,warrior,arms,20,8,12
41384,Pemex,stormreaver,686,warrior,arms,13,8,5
41385,Xiennas,stormscale,679,warrior,arms,19,9,10
41386,Unbrauchbar,silvermoon,672,warrior,arms,10,8,2
41387,Cleppepx,blackmoore,672,warrior,arms,12,7,5
41388,Orelus,darkspear,672,warrior,arms,12,7,5
41389,Dréngr,blackrock,672,warrior,arms,12,7,5
41390,Бардеон,gordunni,672,warrior,arms,12,7,5
41391,Kriticah,sanguino,672,warrior,arms,12,7,5
41392,Orcassmus,blackrock,672,warrior,arms,12,7,5
41393,Tandrak,ravencrest,672,warrior,arms,12,7,5
41394,Zellóx,stormscale,672,warrior,arms,12,7,5
41395,Трэйдар,blackscar,672,warrior,arms,12,7,5
41396,Sreym,dun-modr,672,warrior,arms,12,7,5
41397,Creekwarrior,twisting-nether,672,warrior,arms,12,7,5
41398,Ufu,outland,672,warrior,arms,12,7,5
41399,Ragelol,aegwynn,672,warrior,arms,12,7,5
41400,Midnightrain,archimonde,672,warrior,arms,12,7,5
41401,Ayasana,argent-dawn,672,warrior,arms,12,7,5
41402,Engalxsol,tarren-mill,672,warrior,arms,12,7,5
41403,Tbomb,stormscale,672,warrior,arms,12,7,5
41404,Хашонвар,gordunni,672,warrior,arms,12,7,5
41405,Rongh,saurfang,672,warrior,arms,12,7,5
41406,Арсон,soulflayer,672,warrior,arms,12,7,5
41407,Devìlscandy,stormscale,672,warrior,arms,12,7,5
41408,Imglad,ragnaros,672,warrior,arms,12,7,5
41409,Cleavnseagal,ravencrest,672,warrior,arms,12,7,5
41410,Тьмасвятая,gordunni,672,warrior,arms,12,7,5
41411,Thebigtosco,ravencrest,672,warrior,arms,12,7,5
41412,Faimy,tarren-mill,672,warrior,arms,12,7,5
41413,Джераса,borean-tundra,672,warrior,arms,12,7,5
41414,Boonur,arthas,672,warrior,arms,12,7,5
41415,Pexqt,blackmoore,672,warrior,arms,12,7,5
41416,Crøwñd,twisting-nether,672,warrior,arms,12,7,5
41417,Masakerr,ragnaros,672,warrior,arms,12,7,5
41418,Ðalf,sargeras,672,warrior,arms,12,7,5
41419,Minimcgregor,sanguino,672,warrior,arms,12,7,5
41420,Warriovar,draenor,672,warrior,arms,12,7,5
41421,Deathgreyø,nemesis,672,warrior,arms,12,7,5
41422,Каррагор,howling-fjord,672,warrior,arms,12,7,5
41423,Bubawarrior,silvermoon,672,warrior,arms,12,7,5
41424,Azarek,blackmoore,672,warrior,arms,12,7,5
41425,Âdept,tarren-mill,672,warrior,arms,12,7,5
41426,Xiro,hellscream,672,warrior,arms,12,7,5
41427,Jäky,ragnaros,672,warrior,arms,12,7,5
41428,Roadsick,outland,672,warrior,arms,12,7,5
41429,Unverbal,silvermoon,672,warrior,arms,12,7,5
41430,Shînsø,dalaran,672,warrior,arms,12,7,5
41431,Psychlolz,burning-legion,672,warrior,arms,12,7,5
41432,Ironmásk,tarren-mill,672,warrior,arms,12,7,5
41433,Neíd,antonidas,672,warrior,arms,12,7,5
41434,Minitizzr,stormscale,672,warrior,arms,12,7,5
41435,Tenvee,outland,672,warrior,arms,12,7,5
41436,Kwasimodo,blackmoore,672,warrior,arms,12,7,5
41437,Bronn,defias-brotherhood,672,warrior,arms,12,7,5
41438,Lisera,thrall,672,warrior,arms,12,7,5
41439,Antïsøcial,thrall,672,warrior,arms,12,7,5
41440,Biscuitoliva,hyjal,672,warrior,arms,12,7,5
41441,Smèdbérg,ravencrest,672,warrior,arms,12,7,5
41442,Slâkkxz,outland,672,warrior,arms,12,7,5
41443,Tìera,ravencrest,672,warrior,arms,15,8,7
41444,Jeonsoyeon,argent-dawn,672,warrior,arms,18,7,11
41445,Warhero,burning-legion,672,warrior,arms,18,7,11
41446,Ghettogødx,outland,672,warrior,arms,18,7,11
41447,Slappcuzz,blackrock,672,warrior,arms,18,7,11
41448,Reacôn,twisting-nether,672,warrior,arms,18,7,11
41449,Silencxý,blackrock,672,warrior,arms,18,7,11
41450,Manký,kazzak,672,warrior,arms,18,7,11
41451,Tomsom,sanguino,672,warrior,arms,18,7,11
41452,Warristyles,arygos,672,warrior,arms,18,7,11
41453,Imorphius,silvermoon,672,warrior,arms,18,7,11
41454,Dragnil,twisting-nether,672,warrior,arms,18,7,11
41455,Swàck,mazrigos,672,warrior,arms,18,7,11
41456,Kåïdø,ravencrest,672,warrior,arms,18,7,11
41457,Rightversion,sylvanas,672,warrior,arms,18,7,11
41458,Kamapulya,ravencrest,672,warrior,arms,18,7,11
41459,Twoonewin,ragnaros,672,warrior,arms,18,7,11
41460,Стефанидзе,soulflayer,672,warrior,arms,18,7,11
41461,Skullsmasher,stormscale,672,warrior,arms,18,7,11
41462,Kiha,argent-dawn,672,warrior,arms,18,7,11
41463,Zugzugernaut,stormscale,672,warrior,arms,18,7,11
41464,Delfrion,pozzo-delleternità,672,warrior,arms,18,7,11
41465,Nyamnyamnyam,blackmoore,672,warrior,arms,18,7,11
41466,Nímera,nemesis,672,warrior,arms,18,7,11
41467,Warrieron,stormscale,672,warrior,arms,18,7,11
41468,Chàrgex,blackrock,672,warrior,arms,21,8,13
41469,Luxurious,argent-dawn,672,warrior,arms,27,8,19
41470,Vøidwalker,ragnaros,672,warrior,arms,24,7,17
41471,Anahkäs,archimonde,672,warrior,arms,24,7,17
41472,Gôrilla,kazzak,672,warrior,arms,30,7,23
41473,Hexzo,ravencrest,671,warrior,arms,12,7,5
41474,Reykingar,outland,671,warrior,arms,12,7,5
41475,Shedzo,tarren-mill,671,warrior,arms,12,7,5
41476,Gùts,stormreaver,671,warrior,arms,12,7,5
41477,Lågærtha,blackmoore,671,warrior,arms,12,7,5
41478,Schneklinge,blutkessel,671,warrior,arms,12,7,5
41479,Greifax,eredar,671,warrior,arms,12,7,5
41480,Nightbeard,twisting-nether,671,warrior,arms,12,7,5
41481,Xensation,kult-der-verdammten,671,warrior,arms,12,7,5
41482,Kriegernuss,blackmoore,671,warrior,arms,12,7,5
41483,Wvanp,tarren-mill,671,warrior,arms,12,7,5
41484,Escà,archimonde,671,warrior,arms,12,7,5
41485,Dosenbier,gorgonnash,671,warrior,arms,12,7,5
41486,Hades,kazzak,671,warrior,arms,12,7,5
41487,Sàt,kazzak,671,warrior,arms,12,7,5
41488,Bendeur,ysondre,671,warrior,arms,12,7,5
41489,Fluxerella,azjolnerub,671,warrior,arms,12,7,5
41490,Rawne,kirin-tor,671,warrior,arms,12,7,5
41491,Aëne,kirin-tor,671,warrior,arms,12,7,5
41492,Stèalthy,stormscale,671,warrior,arms,12,7,5
41493,Vez,arathor,671,warrior,arms,12,7,5
41494,Schawar,draenor,671,warrior,arms,12,7,5
41495,Skullcrasher,draenor,671,warrior,arms,12,7,5
41496,Wårlord,ragnaros,671,warrior,arms,12,7,5
41497,Когарт,gordunni,671,warrior,arms,12,7,5
41498,Gamôrà,eitrigg,671,warrior,arms,12,7,5
41499,Dukhe,sanguino,671,warrior,arms,12,7,5
41500,Дисфория,soulflayer,671,warrior,arms,15,8,7
41501,Segovaxx,twisting-nether,671,warrior,arms,18,7,11
41502,Gachiwarri,blackhand,671,warrior,arms,18,7,11
41503,Haris,malganis,671,warrior,arms,18,7,11
41504,Radge,hyjal,671,warrior,arms,18,7,11
41505,Sinbuay,malygos,671,warrior,arms,18,7,11
41506,Williamx,archimonde,671,warrior,arms,18,7,11
41507,Akáme,frostwolf,671,warrior,arms,18,7,11
41508,Kishkamen,ravencrest,671,warrior,arms,18,7,11
41509,Pavard,arakarahm,671,warrior,arms,18,7,11
41510,Sydre,nerathor,671,warrior,arms,18,7,11
41511,Adzipotlewap,burning-legion,671,warrior,arms,18,7,11
41512,Sadex,blackmoore,671,warrior,arms,24,7,17
41513,Бубаигавар,gordunni,671,warrior,arms,24,7,17
41514,Шпингалетыч,howling-fjord,671,warrior,arms,24,7,17
41515,Ismellurfeet,ravencrest,670,warrior,arms,12,7,5
41516,Eldfast,bladefist,670,warrior,arms,12,7,5
41517,Grunwi,burning-legion,670,warrior,arms,12,7,5
41518,Lightit,aegwynn,670,warrior,arms,12,7,5
41519,Gucix,tarren-mill,670,warrior,arms,12,7,5
41520,Haymaker,auchindoun,670,warrior,arms,12,7,5
41521,Prs,defias-brotherhood,670,warrior,arms,12,7,5
41522,Kilsera,blackmoore,670,warrior,arms,12,7,5
41523,Cortix,blackmoore,670,warrior,arms,16,8,8
41524,Ozok,blackrock,670,warrior,arms,18,7,11
41525,Jackycoke,blackhand,670,warrior,arms,18,7,11
41526,Befit,quelthalas,670,warrior,arms,18,7,11
41527,Gakosh,sanguino,669,warrior,arms,12,7,5
41528,Laude,ragnaros,669,warrior,arms,12,7,5
41529,Infusione,nemesis,669,warrior,arms,12,7,5
41530,Slappie,kiljaeden,669,warrior,arms,18,7,11
41531,Сырилисуп,soulflayer,669,warrior,arms,18,7,11
41532,Мутобой,soulflayer,669,warrior,arms,18,7,11
41533,Pyxis,argent-dawn,669,warrior,arms,18,7,11
41534,Lø,chogall,669,warrior,arms,20,7,13
41535,Ruuster,norgannon,669,warrior,arms,24,7,17
41536,Warclone,ravencrest,668,warrior,arms,12,7,5
41537,Méfiat,hyjal,668,warrior,arms,12,7,5
41538,Árkantos,ravencrest,668,warrior,arms,12,7,5
41539,Тонкрик,goldrinn,668,warrior,arms,12,7,5
41540,Woukong,blackmoore,668,warrior,arms,18,7,11
41541,Releave,draenor,668,warrior,arms,18,7,11
41542,Zêrklatscher,lordaeron,668,warrior,arms,24,7,17
41543,Muetzchen,blackhand,667,warrior,arms,12,7,5
41544,Piixxz,hyjal,667,warrior,arms,12,7,5
41545,Математик,razuvious,667,warrior,arms,12,7,5
41546,Papati,twisting-nether,667,warrior,arms,18,7,11
41547,Badazz,thunderhorn,666,warrior,arms,18,7,11
41548,Глинм,gordunni,663,warrior,arms,30,7,23
41549,Милославский,gordunni,662,warrior,arms,18,7,11
41550,Dorya,aegwynn,655,warrior,arms,17,7,10
41551,Xienia,dun-morogh,655,warrior,arms,24,7,17
41552,Grimoire,drakthul,639,warrior,arms,14,8,6
41553,Мегаяйца,gordunni,639,warrior,arms,23,7,16
41554,Xiny,blackrock,638,warrior,arms,17,7,10
41555,Боевыещёчки,eversong,627,warrior,arms,22,11,11
41556,Rødprincê,ravencrest,624,warrior,arms,9,7,2
41557,Wasdwarr,aegwynn,623,warrior,arms,11,7,4
41558,Керсантус,gordunni,623,warrior,arms,11,7,4
41559,Bloodeater,sylvanas,623,warrior,arms,15,7,8
41560,Набосуюногу,gordunni,623,warrior,arms,17,7,10
41561,Dolforden,burning-legion,622,warrior,arms,17,7,10
41562,Vaxillium,argent-dawn,621,warrior,arms,17,7,10
41563,Hoggle,runetotem,616,warrior,arms,15,7,8
41564,Kwesta,kazzak,607,warrior,arms,11,7,4
41565,Matatorero,uldum,607,warrior,arms,16,7,9
41566,Trundledaddy,silvermoon,607,warrior,arms,17,7,10
41567,Ехасе,gordunni,605,warrior,arms,16,7,9
41568,Spartazo,turalyon,593,warrior,arms,24,7,17
41569,Lynton,sylvanas,592,warrior,arms,13,7,6
41570,Olriksen,dentarg,590,warrior,arms,19,8,11
41571,Bavet,sylvanas,589,warrior,arms,19,7,12
41572,Cêlty,aegwynn,576,warrior,arms,6,6,0
41573,Dulex,draenor,576,warrior,arms,6,6,0
41574,Watergate,ysondre,576,warrior,arms,6,6,0
41575,Lubcifer,emeriss,576,warrior,arms,6,6,0
41576,Мадс,howling-fjord,576,warrior,arms,6,6,0
41577,Gidra,stormscale,576,warrior,arms,6,6,0
41578,Беренса,howling-fjord,576,warrior,arms,9,7,2
41579,Bjergo,drakthul,576,warrior,arms,10,7,3
41580,Гатсх,blackscar,576,warrior,arms,12,6,6
41581,Waranach,drakthul,576,warrior,arms,12,6,6
41582,Sickslamzyø,ravencrest,576,warrior,arms,12,6,6
41583,Slám,burning-legion,576,warrior,arms,12,6,6
41584,Arktharion,antonidas,576,warrior,arms,12,6,6
41585,Deymio,defias-brotherhood,576,warrior,arms,12,6,6
41586,Oneoneseven,archimonde,576,warrior,arms,12,6,6
41587,Wärlør,ravencrest,576,warrior,arms,12,6,6
41588,Majestatix,doomhammer,576,warrior,arms,12,6,6
41589,Hacci,ragnaros,576,warrior,arms,12,6,6
41590,Kleckzz,blackmoore,576,warrior,arms,12,6,6
41591,Fonky,sylvanas,576,warrior,arms,12,6,6
41592,Juggawumba,kazzak,576,warrior,arms,12,6,6
41593,Qurujaa,kirin-tor,576,warrior,arms,12,6,6
41594,Earthshatter,emeriss,576,warrior,arms,12,6,6
41595,Irherklek,stormscale,576,warrior,arms,12,6,6
41596,Fookyoup,stormscale,576,warrior,arms,12,6,6
41597,Bourbimrgllr,hyjal,576,warrior,arms,12,6,6
41598,Taoke,ravencrest,576,warrior,arms,12,6,6
41599,Jerololz,dun-modr,576,warrior,arms,12,6,6
41600,Belov,hyjal,576,warrior,arms,12,6,6
41601,Toscow,ravencrest,576,warrior,arms,12,6,6
41602,Hycate,blackrock,576,warrior,arms,12,6,6
41603,Askawar,sylvanas,576,warrior,arms,12,6,6
41604,Knoutt,burning-legion,576,warrior,arms,12,6,6
41605,Kaloche,hyjal,576,warrior,arms,12,6,6
41606,Tddyy,silvermoon,576,warrior,arms,12,6,6
41607,Kehnan,blackrock,576,warrior,arms,12,6,6
41608,Psychðtïc,archimonde,576,warrior,arms,12,6,6
41609,Melfis,aegwynn,576,warrior,arms,12,6,6
41610,Тассэй,eversong,576,warrior,arms,12,6,6
41611,Astost,silvermoon,576,warrior,arms,12,6,6
41612,Capitalista,das-konsortium,576,warrior,arms,12,6,6
41613,Нерморрог,howling-fjord,576,warrior,arms,12,6,6
41614,Finmajor,frostwhisper,576,warrior,arms,12,6,6
41615,Rakhaldin,blackhand,576,warrior,arms,12,6,6
41616,Vakios,confrérie-du-thorium,576,warrior,arms,12,6,6
41617,Jà,kazzak,576,warrior,arms,12,6,6
41618,Ðrews,kazzak,576,warrior,arms,12,6,6
41619,Brutarius,scarshield-legion,576,warrior,arms,12,6,6
41620,Coolaa,kazzak,576,warrior,arms,12,6,6
41621,Radîtz,blackmoore,576,warrior,arms,12,6,6
41622,Xqt,laughing-skull,576,warrior,arms,12,6,6
41623,Goringbame,draenor,576,warrior,arms,12,6,6
41624,Darkseid,burning-legion,576,warrior,arms,12,6,6
41625,Toqk,draenor,576,warrior,arms,12,6,6
41626,Skelash,blackhand,576,warrior,arms,12,6,6
41627,Terisá,blackmoore,576,warrior,arms,12,6,6
41628,Wøokz,argent-dawn,576,warrior,arms,12,6,6
41629,Thegullet,draenor,576,warrior,arms,12,6,6
41630,Nørst,draenor,576,warrior,arms,12,6,6
41631,Teliese,argent-dawn,576,warrior,arms,12,6,6
41632,Tùcky,ysondre,576,warrior,arms,12,6,6
41633,Brutalizar,draenor,576,warrior,arms,12,6,6
41634,Keshâr,blackhand,576,warrior,arms,12,6,6
41635,Darlith,azshara,576,warrior,arms,12,6,6
41636,Moldamis,blackhand,576,warrior,arms,12,6,6
41637,Hyogan,malganis,576,warrior,arms,12,6,6
41638,Leetzorz,aszune,576,warrior,arms,12,6,6
41639,Scràvity,blackhand,576,warrior,arms,12,6,6
41640,Kirmizikafa,twisting-nether,576,warrior,arms,12,6,6
41641,Únkqt,dalaran,576,warrior,arms,12,6,6
41642,Долирия,gordunni,576,warrior,arms,12,6,6
41643,Братишкаа,gordunni,576,warrior,arms,12,6,6
41644,Fankululu,kragjin,576,warrior,arms,12,6,6
41645,Kekrah,burning-legion,576,warrior,arms,12,6,6
41646,Reìvah,silvermoon,576,warrior,arms,15,7,8
41647,Crizby,twisting-nether,576,warrior,arms,18,6,12
41648,Sidiøøus,hyjal,576,warrior,arms,18,6,12
41649,Leroyluca,gilneas,576,warrior,arms,18,6,12
41650,Ezop,burning-blade,576,warrior,arms,18,6,12
41651,Apacho,outland,576,warrior,arms,18,6,12
41652,Repó,twisting-nether,576,warrior,arms,18,6,12
41653,Ragoar,blackmoore,576,warrior,arms,18,6,12
41654,Jeriko,archimonde,576,warrior,arms,18,6,12
41655,Fracto,draenor,576,warrior,arms,18,6,12
41656,Smkms,kazzak,576,warrior,arms,18,6,12
41657,Nocturia,archimonde,576,warrior,arms,18,6,12
41658,Stillpetao,dun-modr,576,warrior,arms,18,6,12
41659,Chazeryu,stormreaver,576,warrior,arms,18,6,12
41660,Foxxzorr,aszune,576,warrior,arms,18,6,12
41661,Amarthon,sylvanas,576,warrior,arms,18,6,12
41662,Duce,kirin-tor,576,warrior,arms,18,6,12
41663,Zkou,wrathbringer,576,warrior,arms,18,6,12
41664,Мопк,howling-fjord,576,warrior,arms,18,6,12
41665,Kronstris,veklor,576,warrior,arms,18,6,12
41666,Artheim,silvermoon,576,warrior,arms,18,6,12
41667,Salpaaja,tarren-mill,576,warrior,arms,18,6,12
41668,Autumnfálls,kazzak,576,warrior,arms,18,6,12
41669,Steroidkidx,stormscale,576,warrior,arms,24,6,18
41670,Luckysop,chants-éternels,576,warrior,arms,24,6,18
41671,Topozugzug,tarren-mill,576,warrior,arms,24,6,18
41672,Pesroc,blackmoore,575,warrior,arms,9,7,2
41673,Беспонятия,blackscar,575,warrior,arms,10,7,3
41674,Zalhym,archimonde,575,warrior,arms,12,6,6
41675,Imafk,darksorrow,575,warrior,arms,12,6,6
41676,Lupacha,exodar,575,warrior,arms,12,6,6
41677,Soofies,madmortem,575,warrior,arms,12,6,6
41678,Høxy,outland,575,warrior,arms,12,6,6
41679,Wærriør,argent-dawn,575,warrior,arms,12,6,6
41680,Arnnau,dun-modr,575,warrior,arms,12,6,6
41681,Акози,fordragon,575,warrior,arms,12,6,6
41682,Думрайт,gordunni,575,warrior,arms,12,6,6
41683,Bzezita,hyjal,575,warrior,arms,12,6,6
41684,Cogne,illidan,575,warrior,arms,12,6,6
41685,Rawi,antonidas,575,warrior,arms,12,6,6
41686,Djpuggerino,outland,575,warrior,arms,12,6,6
41687,Pra,antonidas,575,warrior,arms,12,6,6
41688,Bravest,ragnaros,575,warrior,arms,12,6,6
41689,Judditsbx,draenor,575,warrior,arms,12,6,6
41690,Wfx,kazzak,575,warrior,arms,12,6,6
41691,Valus,earthen-ring,575,warrior,arms,12,6,6
41692,Sigmundsdotr,outland,575,warrior,arms,12,6,6
41693,Fótm,sylvanas,575,warrior,arms,12,6,6
41694,Previse,argent-dawn,575,warrior,arms,12,6,6
41695,Thráll,aszune,575,warrior,arms,12,6,6
41696,Aza,burning-blade,575,warrior,arms,12,6,6
41697,Thorast,argent-dawn,575,warrior,arms,12,6,6
41698,Uwazu,kazzak,575,warrior,arms,12,6,6
41699,Zutto,conseil-des-ombres,575,warrior,arms,12,6,6
41700,Critycall,drakthul,575,warrior,arms,12,6,6
41701,Бэдбрэйнс,soulflayer,575,warrior,arms,12,6,6
41702,Ghostlord,dunemaul,575,warrior,arms,12,6,6
41703,Grafted,argent-dawn,575,warrior,arms,12,6,6
41704,Ràgnàmetàl,tarren-mill,575,warrior,arms,12,6,6
41705,Vauster,draenor,575,warrior,arms,16,7,9
41706,Xraider,ragnaros,575,warrior,arms,18,6,12
41707,Утонаган,fordragon,575,warrior,arms,18,6,12
41708,Отнулядоста,gordunni,575,warrior,arms,18,6,12
41709,Ruioz,draenor,575,warrior,arms,18,6,12
41710,Kydecnick,kazzak,575,warrior,arms,24,6,18
41711,Fugrim,draenor,574,warrior,arms,12,6,6
41712,Nakkelam,twisting-nether,574,warrior,arms,12,6,6
41713,Truxiw,silvermoon,574,warrior,arms,12,6,6
41714,Solatika,alexstrasza,574,warrior,arms,12,6,6
41715,Kvanyrius,archimonde,574,warrior,arms,18,6,12
41716,Zogyall,ysondre,574,warrior,arms,18,6,12
41717,Bolski,ravencrest,574,warrior,arms,18,6,12
41718,Maxeyn,kazzak,574,warrior,arms,27,7,20
41719,Sztixi,silvermoon,574,warrior,arms,24,6,18
41720,Бачус,eversong,573,warrior,arms,18,6,12
41721,Årxex,stormscale,572,warrior,arms,12,6,6
41722,Raduriel,antonidas,571,warrior,arms,12,6,6
41723,Kundan,antonidas,571,warrior,arms,12,6,6
41724,Dazed,kazzak,570,warrior,arms,12,6,6
41725,Anaxiam,drakthul,569,warrior,arms,21,8,13
41726,Dj,ragnaros,568,warrior,arms,12,6,6
41727,Rãgè,tarren-mill,559,warrior,arms,17,6,11
41728,Wahney,thrall,543,warrior,arms,8,7,1
41729,Omaahton,magtheridon,543,warrior,arms,11,6,5
41730,Fion,kult-der-verdammten,543,warrior,arms,14,7,7
41731,Krevó,ragnaros,543,warrior,arms,17,6,11
41732,Kalarar,blackrock,543,warrior,arms,26,7,19
41733,Energo,drakthul,542,warrior,arms,12,6,6
41734,Koruds,outland,528,warrior,arms,9,6,3
41735,Kåñéthy,outland,528,warrior,arms,15,7,8
41736,Tyrax,blackrock,527,warrior,arms,11,6,5
41737,Imabeatyoass,kazzak,527,warrior,arms,11,6,5
41738,Манндалорец,gordunni,527,warrior,arms,15,6,9
41739,Titanhaut,frostwolf,525,warrior,arms,11,6,5
41740,Богадорога,howling-fjord,522,warrior,arms,17,8,9
41741,Nuckii,antonidas,521,warrior,arms,21,7,14
41742,Monifes,kazzak,520,warrior,arms,18,8,10
41743,Брамон,gordunni,512,warrior,arms,10,6,4
41744,Креспекс,gordunni,512,warrior,arms,16,6,10
41745,Dzamtule,ravencrest,511,warrior,arms,8,6,2
41746,Hasira,xavius,511,warrior,arms,10,6,4
41747,Isoton,kazzak,511,warrior,arms,14,6,8
41748,Блэйзерх,gordunni,496,warrior,arms,19,6,13
41749,Фоссбро,gordunni,494,warrior,arms,21,6,15
41750,Ocecute,tarren-mill,480,warrior,arms,6,5,1
41751,Høtsky,twisting-nether,480,warrior,arms,6,5,1
41752,Víoceptíon,blackrock,480,warrior,arms,6,5,1
41753,Манхув,gordunni,480,warrior,arms,6,5,1
41754,Lurion,malganis,480,warrior,arms,6,5,1
41755,Хэрест,gordunni,480,warrior,arms,6,5,1
41756,Serbia,blackrock,480,warrior,arms,6,5,1
41757,Tørøg,eredar,480,warrior,arms,6,5,1
41758,Warbringer,burning-blade,480,warrior,arms,6,5,1
41759,Chabonara,blackmoore,480,warrior,arms,6,5,1
41760,Empero,draenor,480,warrior,arms,6,5,1
41761,Cuzyxtwo,blackrock,480,warrior,arms,6,5,1
41762,Hópbóp,magtheridon,480,warrior,arms,6,5,1
41763,Himarsenko,silvermoon,480,warrior,arms,6,5,1
41764,Mumbojumbo,uldum,480,warrior,arms,6,5,1
41765,Hubq,burning-legion,480,warrior,arms,6,5,1
41766,Дядядмг,blackscar,480,warrior,arms,6,5,1
41767,Quateh,silvermoon,480,warrior,arms,6,5,1
41768,Revoidnvm,blackmoore,480,warrior,arms,6,5,1
41769,Фокатопх,blackscar,480,warrior,arms,6,5,1
41770,Rockygifll,sinstralis,480,warrior,arms,6,5,1
41771,Tørrminator,stormscale,480,warrior,arms,6,5,1
41772,Karmaloop,stormscale,480,warrior,arms,6,5,1
41773,Jhoakim,argent-dawn,480,warrior,arms,6,5,1
41774,Remylacroix,blackrock,480,warrior,arms,6,5,1
41775,Valí,drakthul,480,warrior,arms,6,5,1
41776,Pihvikostaja,stormreaver,480,warrior,arms,6,5,1
41777,Murp,lightnings-blade,480,warrior,arms,6,5,1
41778,Bashuk,grim-batol,480,warrior,arms,6,5,1
41779,Vayndral,kazzak,480,warrior,arms,6,5,1
41780,Slg,tarren-mill,480,warrior,arms,6,5,1
41781,Asasius,ravencrest,480,warrior,arms,6,5,1
41782,Гневныйвиги,howling-fjord,480,warrior,arms,6,5,1
41783,Tekmali,archimonde,480,warrior,arms,6,5,1
41784,Herigan,burning-legion,480,warrior,arms,9,6,3
41785,Tishues,kazzak,480,warrior,arms,8,5,3
41786,Ginjó,blackhand,480,warrior,arms,12,5,7
41787,Sanca,naxxramas,480,warrior,arms,12,5,7
41788,Asintended,draenor,480,warrior,arms,12,5,7
41789,Mugteef,der-rat-von-dalaran,480,warrior,arms,12,5,7
41790,Deathbleeder,argent-dawn,480,warrior,arms,12,5,7
41791,Strengjahz,ragnaros,480,warrior,arms,12,5,7
41792,Ój,ravencrest,480,warrior,arms,12,5,7
41793,Шифик,soulflayer,480,warrior,arms,12,5,7
41794,Garthro,antonidas,480,warrior,arms,12,5,7
41795,Кисямур,soulflayer,480,warrior,arms,12,5,7
41796,Gritch,ysondre,480,warrior,arms,12,5,7
41797,Gerrmund,silvermoon,480,warrior,arms,12,5,7
41798,Lîlsaint,dun-morogh,480,warrior,arms,12,5,7
41799,Пробуюстерву,soulflayer,480,warrior,arms,12,5,7
41800,Xintha,frostwolf,480,warrior,arms,12,5,7
41801,Lüund,ravencrest,480,warrior,arms,12,5,7
41802,Zarrgash,blackhand,480,warrior,arms,12,5,7
41803,Mërkürÿ,draenor,480,warrior,arms,12,5,7
41804,Thirtynine,daggerspine,480,warrior,arms,12,5,7
41805,Teramuhl,eredar,480,warrior,arms,12,5,7
41806,Whiteowlx,argent-dawn,480,warrior,arms,12,5,7
41807,Kennzz,ravencrest,480,warrior,arms,12,5,7
41808,Хэлвид,soulflayer,480,warrior,arms,12,5,7
41809,Lïyah,eldrethalas,480,warrior,arms,12,5,7
41810,Сашарбгх,soulflayer,480,warrior,arms,12,5,7
41811,Steelstormz,ravencrest,480,warrior,arms,12,5,7
41812,Garradoom,stormscale,480,warrior,arms,12,5,7
41813,Kalopsia,drakthul,480,warrior,arms,12,5,7
41814,Klonyarikjr,ravencrest,480,warrior,arms,12,5,7
41815,Huxies,draenor,480,warrior,arms,12,5,7
41816,Buffury,twisting-nether,480,warrior,arms,12,5,7
41817,Rohäc,drakthul,480,warrior,arms,12,5,7
41818,Sonnethrash,tarren-mill,480,warrior,arms,12,5,7
41819,Рэйердан,howling-fjord,480,warrior,arms,12,5,7
41820,Elbutanero,tarren-mill,480,warrior,arms,12,5,7
41821,Binsaueramk,ravencrest,480,warrior,arms,12,5,7
41822,Erickson,tarren-mill,480,warrior,arms,12,5,7
41823,Budwise,stormscale,480,warrior,arms,12,5,7
41824,Vitezandro,stormscale,480,warrior,arms,12,5,7
41825,Zarad,stormreaver,480,warrior,arms,12,5,7
41826,Adamastos,ragnaros,480,warrior,arms,12,5,7
41827,Raidek,dragonmaw,480,warrior,arms,12,5,7
41828,Taskov,tarren-mill,480,warrior,arms,12,5,7
41829,Cythae,ravencrest,480,warrior,arms,12,5,7
41830,Sergra,ysondre,480,warrior,arms,12,5,7
41831,Гопниг,deepholm,480,warrior,arms,12,5,7
41832,Thravaeg,draenor,480,warrior,arms,12,5,7
41833,Najjs,eredar,480,warrior,arms,12,5,7
41834,Ragingclue,draenor,480,warrior,arms,12,5,7
41835,Zerxees,tarren-mill,480,warrior,arms,12,5,7
41836,Oplix,antonidas,480,warrior,arms,12,5,7
41837,Brasta,malganis,480,warrior,arms,12,5,7
41838,Coko,kirin-tor,480,warrior,arms,12,5,7
41839,Dtraque,kaelthas,480,warrior,arms,12,5,7
41840,Victôr,silvermoon,480,warrior,arms,12,5,7
41841,Stepmomgodx,kazzak,480,warrior,arms,12,5,7
41842,Тевивар,gordunni,480,warrior,arms,12,5,7
41843,Rylbrah,blackmoore,480,warrior,arms,12,5,7
41844,Síúkanto,blackrock,480,warrior,arms,12,5,7
41845,Møgwai,sanguino,480,warrior,arms,12,5,7
41846,Бейлеор,gordunni,480,warrior,arms,12,5,7
41847,Анжинерх,gordunni,480,warrior,arms,12,5,7
41848,Warclodo,la-croisade-écarlate,480,warrior,arms,12,5,7
41849,Ernexpóc,silvermoon,480,warrior,arms,12,5,7
41850,Salsetti,nemesis,480,warrior,arms,12,5,7
41851,Zugzugsmash,thrall,480,warrior,arms,12,5,7
41852,Zirriox,wildhammer,480,warrior,arms,12,5,7
41853,Caltan,wildhammer,480,warrior,arms,12,5,7
41854,Scud,frostwhisper,480,warrior,arms,12,5,7
41855,Ràgê,silvermoon,480,warrior,arms,12,5,7
41856,Matrixer,aegwynn,480,warrior,arms,12,5,7
41857,Keäghan,kazzak,480,warrior,arms,12,5,7
41858,Supersonîc,aegwynn,480,warrior,arms,12,5,7
41859,Schlierkamp,aegwynn,480,warrior,arms,12,5,7
41860,Kramix,thrall,480,warrior,arms,12,5,7
41861,Zeneve,auchindoun,480,warrior,arms,12,5,7
41862,Humanoç,dun-modr,480,warrior,arms,12,5,7
41863,Plzdontkite,blackrock,480,warrior,arms,12,5,7
41864,Horizonx,blackrock,480,warrior,arms,12,5,7
41865,Whysobold,quelthalas,480,warrior,arms,12,5,7
41866,Steelian,kazzak,480,warrior,arms,12,5,7
41867,Nadelicious,kazzak,480,warrior,arms,12,5,7
41868,Zeryyo,blackrock,480,warrior,arms,12,5,7
41869,Threnewar,kazzak,480,warrior,arms,12,5,7
41870,Gamesucks,silvermoon,480,warrior,arms,12,5,7
41871,Фуджитаку,gordunni,480,warrior,arms,12,5,7
41872,Nazgrosh,burning-legion,480,warrior,arms,12,5,7
41873,Arakhu,blackmoore,480,warrior,arms,12,5,7
41874,ßzv,veklor,480,warrior,arms,12,5,7
41875,Loliclapper,grim-batol,480,warrior,arms,12,5,7
41876,Hitmanler,frostmane,480,warrior,arms,12,5,7
41877,Развалочка,howling-fjord,480,warrior,arms,16,6,10
41878,Roykór,auchindoun,480,warrior,arms,18,5,13
41879,Solgud,bloodfeather,480,warrior,arms,18,5,13
41880,Lahzar,krasus,480,warrior,arms,18,5,13
41881,Savedsky,zuljin,480,warrior,arms,18,5,13
41882,Æxcoast,ravencrest,480,warrior,arms,18,5,13
41883,Asçrðth,kazzak,480,warrior,arms,18,5,13
41884,Синнэр,blackscar,480,warrior,arms,18,5,13
41885,Larrydankin,draenor,480,warrior,arms,18,5,13
41886,Айсиёу,howling-fjord,480,warrior,arms,18,5,13
41887,Unßörn,archimonde,480,warrior,arms,18,5,13
41888,Zhrey,stormscale,480,warrior,arms,18,5,13
41889,Redow,stormreaver,480,warrior,arms,18,5,13
41890,Belzebud,kazzak,480,warrior,arms,18,5,13
41891,Курящийпро,blackscar,480,warrior,arms,18,5,13
41892,Santorro,drakthul,480,warrior,arms,18,5,13
41893,Huullkk,nazjatar,480,warrior,arms,18,5,13
41894,Voidteen,argent-dawn,480,warrior,arms,18,5,13
41895,Gnolimits,antonidas,480,warrior,arms,24,5,19
41896,Jorund,archimonde,480,warrior,arms,24,5,19
41897,Vhy,antonidas,480,warrior,arms,25,5,20
41898,Saey,malorne,479,warrior,arms,6,5,1
41899,Ceteris,eredar,479,warrior,arms,6,5,1
41900,Bangbros,archimonde,479,warrior,arms,6,5,1
41901,Xtu,kazzak,479,warrior,arms,6,5,1
41902,Maxilanthis,eonar,479,warrior,arms,12,5,7
41903,Swtparanoid,sylvanas,479,warrior,arms,12,5,7
41904,Relüx,ragnaros,479,warrior,arms,12,5,7
41905,Joesalamanca,ragnaros,479,warrior,arms,12,5,7
41906,Svinks,sylvanas,479,warrior,arms,12,5,7
41907,Dúg,tarren-mill,479,warrior,arms,12,5,7
41908,Спарттанка,gordunni,479,warrior,arms,12,5,7
41909,Shpitzu,stormscale,479,warrior,arms,12,5,7
41910,Troncodepino,nemesis,479,warrior,arms,12,5,7
41911,Crocbait,ravencrest,479,warrior,arms,12,5,7
41912,Grèèn,turalyon,479,warrior,arms,12,5,7
41913,Brokenqt,ravencrest,479,warrior,arms,12,5,7
41914,Auggies,outland,479,warrior,arms,12,5,7
41915,Voodoowarr,rexxar,479,warrior,arms,12,5,7
41916,Meresin,madmortem,479,warrior,arms,12,5,7
41917,Pappkopf,rexxar,479,warrior,arms,12,5,7
41918,Qvil,sanguino,479,warrior,arms,24,5,19
41919,Farxy,dun-modr,478,warrior,arms,12,5,7
41920,Нириэла,howling-fjord,478,warrior,arms,18,5,13
41921,Swordluw,argent-dawn,478,warrior,arms,18,5,13
41922,Hammerfall,uldum,478,warrior,arms,18,5,13
41923,Sahaminho,draenor,478,warrior,arms,18,5,13
41924,Shinnok,stormreaver,477,warrior,arms,6,5,1
41925,Nierninwa,silvermoon,477,warrior,arms,12,5,7
41926,Лидоний,gordunni,477,warrior,arms,12,5,7
41927,Olagkhan,minahonda,476,warrior,arms,10,6,4
41928,Àke,darksorrow,476,warrior,arms,18,5,13
41929,Sheriff,dragonblight,475,warrior,arms,12,5,7
41930,Execútioner,sylvanas,463,warrior,arms,11,5,6
41931,Otzi,sargeras,463,warrior,arms,23,5,18
41932,Duarel,blackmoore,448,warrior,arms,10,5,5
41933,Henzelhoff,stormreaver,447,warrior,arms,10,5,5
41934,Takethisduck,stormscale,447,warrior,arms,11,5,6
41935,Midgardsormr,blackrock,447,warrior,arms,11,5,6
41936,Kviqr,auchindoun,447,warrior,arms,11,5,6
41937,Чпонькмашина,soulflayer,447,warrior,arms,17,5,12
41938,Vizn,emerald-dream,447,warrior,arms,23,5,18
41939,Kitano,garona,447,warrior,arms,23,5,18
41940,Madswarrior,tarren-mill,431,warrior,arms,11,5,6
41941,Warriar,sylvanas,426,warrior,arms,17,7,10
41942,Bismárck,nathrezim,426,warrior,arms,15,6,9
41943,Leizey,stormscale,426,warrior,arms,15,6,9
41944,Knî,archimonde,426,warrior,arms,15,6,9
41945,Rathis,arathor,426,warrior,arms,24,6,18
41946,Battlemaster,die-aldor,416,warrior,arms,10,5,5
41947,Prime,outland,416,warrior,arms,16,5,11
41948,Kìrìtosan,pozzo-delleternità,415,warrior,arms,8,5,3
41949,Brabüs,kazzak,415,warrior,arms,8,5,3
41950,Rhxy,burning-legion,415,warrior,arms,10,5,5
41951,Brùtus,exodar,415,warrior,arms,11,5,6
41952,Getsmokedjr,ravencrest,415,warrior,arms,14,5,9
41953,Suduri,drakthul,415,warrior,arms,14,5,9
41954,Мембершримп,howling-fjord,415,warrior,arms,14,5,9
41955,Danx,culte-de-la-rive-noire,413,warrior,arms,16,5,11
41956,Varkoz,sylvanas,400,warrior,arms,7,5,2
41957,Жекабустер,borean-tundra,399,warrior,arms,7,5,2
41958,Cryonix,drakthul,384,warrior,arms,11,8,3
41959,Ddfxz,draenor,384,warrior,arms,6,4,2
41960,Donfidel,tarren-mill,384,warrior,arms,6,4,2
41961,Fizé,blackmoore,384,warrior,arms,6,4,2
41962,Drbanner,hyjal,384,warrior,arms,6,4,2
41963,Zonash,kazzak,384,warrior,arms,6,4,2
41964,Xtazen,draenor,384,warrior,arms,6,4,2
41965,Susugar,ysondre,384,warrior,arms,6,4,2
41966,Lakri,chants-éternels,384,warrior,arms,6,4,2
41967,Sucemabanner,hyjal,384,warrior,arms,6,4,2
41968,Shreedshot,blackmoore,384,warrior,arms,6,4,2
41969,Имяужезанято,gordunni,384,warrior,arms,6,4,2
41970,Rastaj,defias-brotherhood,384,warrior,arms,6,4,2
41971,Anndersen,defias-brotherhood,384,warrior,arms,6,4,2
41972,Goretterog,ysondre,384,warrior,arms,6,4,2
41973,Agres,zuluhed,384,warrior,arms,6,4,2
41974,Swig,twisting-nether,384,warrior,arms,6,4,2
41975,Forsi,draenor,384,warrior,arms,6,4,2
41976,Berree,outland,384,warrior,arms,6,4,2
41977,Highbuffalo,kazzak,384,warrior,arms,6,4,2
41978,Тандеракс,soulflayer,384,warrior,arms,6,4,2
41979,Garad,frostmane,384,warrior,arms,6,4,2
41980,Spiokra,hellscream,384,warrior,arms,6,4,2
41981,Ahmedmohsen,kazzak,384,warrior,arms,6,4,2
41982,Gór,area-52,384,warrior,arms,6,4,2
41983,Lanahan,argent-dawn,384,warrior,arms,6,4,2
41984,Reckxpeep,twisting-nether,384,warrior,arms,6,4,2
41985,Beznacaj,outland,384,warrior,arms,6,4,2
41986,Фиббоначи,deathguard,384,warrior,arms,6,4,2
41987,Olfik,drakthul,384,warrior,arms,6,4,2
41988,Mokrakh,blackmoore,384,warrior,arms,6,4,2
41989,Pappyza,hyjal,384,warrior,arms,6,4,2
41990,Zéox,baelgun,384,warrior,arms,6,4,2
41991,Rebiy,ravencrest,384,warrior,arms,6,4,2
41992,Heatingbeef,kazzak,384,warrior,arms,6,4,2
41993,Bìgre,la-croisade-écarlate,384,warrior,arms,6,4,2
41994,Voi,jaedenar,384,warrior,arms,6,4,2
41995,Alaerion,magtheridon,384,warrior,arms,6,4,2
41996,Swaàg,archimonde,384,warrior,arms,6,4,2
41997,Qvicfrito,ravencrest,384,warrior,arms,6,4,2
41998,Warzër,archimonde,384,warrior,arms,6,4,2
41999,Polak,tirion,384,warrior,arms,6,4,2
42000,Grdez,archimonde,384,warrior,arms,6,4,2
42001,Baluste,culte-de-la-rive-noire,384,warrior,arms,6,4,2
42002,Dallion,azjolnerub,384,warrior,arms,6,4,2
42003,Ansàvage,kazzak,384,warrior,arms,6,4,2
42004,Bhallts,tarren-mill,384,warrior,arms,6,4,2
42005,Ollyaa,ravencrest,384,warrior,arms,6,4,2
42006,Kevlarsusan,the-maelstrom,384,warrior,arms,6,4,2
42007,Oweiko,blackrock,384,warrior,arms,6,4,2
42008,Rimvar,alleria,384,warrior,arms,6,4,2
42009,Takeashower,hyjal,384,warrior,arms,6,4,2
42010,Braveorc,kazzak,384,warrior,arms,6,4,2
42011,Гигасмэш,gordunni,384,warrior,arms,6,4,2
42012,Ricovega,kazzak,384,warrior,arms,6,4,2
42013,Unchåined,burning-legion,384,warrior,arms,6,4,2
42014,Thorbjør,silvermoon,384,warrior,arms,6,4,2
42015,Sveñor,the-maelstrom,384,warrior,arms,6,4,2
42016,Abunai,thrall,384,warrior,arms,6,4,2
42017,Bigbosscho,draenor,384,warrior,arms,6,4,2
42018,Кринжеверт,howling-fjord,384,warrior,arms,6,4,2
42019,Xladérz,ravencrest,384,warrior,arms,6,4,2
42020,Racore,aegwynn,384,warrior,arms,6,4,2
42021,Youstupide,drekthar,384,warrior,arms,6,4,2
42022,Elsiâs,aegwynn,384,warrior,arms,6,4,2
42023,Bonza,blackrock,384,warrior,arms,6,4,2
42024,Cmonbrah,ravencrest,384,warrior,arms,6,4,2
42025,Eseishard,hyjal,384,warrior,arms,6,4,2
42026,Xeonair,kazzak,384,warrior,arms,6,4,2
42027,Litlijón,ravencrest,384,warrior,arms,6,4,2
42028,Ceen,alakir,384,warrior,arms,6,4,2
42029,Wïn,silvermoon,384,warrior,arms,6,4,2
42030,Måydåy,twisting-nether,384,warrior,arms,6,4,2
42031,Proffsét,ravencrest,384,warrior,arms,6,4,2
42032,Kaylì,ravencrest,384,warrior,arms,6,4,2
42033,Trembolonio,sanguino,384,warrior,arms,6,4,2
42034,Doragon,nemesis,384,warrior,arms,6,4,2
42035,Dräparren,ragnaros,384,warrior,arms,6,4,2
42036,Yseras,aegwynn,384,warrior,arms,6,4,2
42037,Metawar,blackhand,384,warrior,arms,6,4,2
42038,Arinator,les-sentinelles,384,warrior,arms,6,4,2
42039,Hamonbophis,kirin-tor,384,warrior,arms,6,4,2
42040,Ветросвист,gordunni,384,warrior,arms,6,4,2
42041,Pillu,stormscale,384,warrior,arms,6,4,2
42042,Dianâ,der-abyssische-rat,384,warrior,arms,6,4,2
42043,Ragetotem,doomhammer,384,warrior,arms,6,4,2
42044,Лагалиер,borean-tundra,384,warrior,arms,6,4,2
42045,Mayback,pozzo-delleternità,384,warrior,arms,6,4,2
42046,Abrogatio,emeriss,384,warrior,arms,6,4,2
42047,Meovv,saurfang,384,warrior,arms,6,4,2
42048,Ginò,stormscale,384,warrior,arms,6,4,2
42049,Tirex,stormscale,384,warrior,arms,6,4,2
42050,Chmg,kirin-tor,384,warrior,arms,6,4,2
42051,Фрейз,deathweaver,384,warrior,arms,6,4,2
42052,Epyøn,stormscale,384,warrior,arms,6,4,2
42053,Merkakis,argent-dawn,384,warrior,arms,15,5,10
42054,Дахирарг,fordragon,384,warrior,arms,12,4,8
42055,Gorok,culte-de-la-rive-noire,384,warrior,arms,12,4,8
42056,Aesiva,die-aldor,384,warrior,arms,12,4,8
42057,Bladestorm,dun-morogh,384,warrior,arms,12,4,8
42058,Minetaur,burning-legion,384,warrior,arms,12,4,8
42059,Gromock,the-maelstrom,384,warrior,arms,12,4,8
42060,Модныйклык,eversong,384,warrior,arms,12,4,8
42061,Веоленс,gordunni,384,warrior,arms,12,4,8
42062,Vooice,sylvanas,384,warrior,arms,12,4,8
42063,Хамерртайм,goldrinn,384,warrior,arms,12,4,8
42064,Вамвоосна,gordunni,384,warrior,arms,12,4,8
42065,Gkhan,draenor,384,warrior,arms,12,4,8
42066,Анусбрейкер,soulflayer,384,warrior,arms,12,4,8
42067,Péter,arathor,384,warrior,arms,12,4,8
42068,Totenkrieger,draenor,384,warrior,arms,12,4,8
42069,Haldrium,malganis,384,warrior,arms,12,4,8
42070,Илди,soulflayer,384,warrior,arms,12,4,8
42071,Rngcarrier,sylvanas,384,warrior,arms,12,4,8
42072,Eldaroar,draenor,384,warrior,arms,12,4,8
42073,Ærion,die-aldor,384,warrior,arms,12,4,8
42074,Брозя,gordunni,384,warrior,arms,12,4,8
42075,Xavari,twisting-nether,384,warrior,arms,12,4,8
42076,Karadayii,blackmoore,384,warrior,arms,12,4,8
42077,Willadimore,ravencrest,384,warrior,arms,12,4,8
42078,Osteskanken,ravencrest,384,warrior,arms,12,4,8
42079,Oglisten,archimonde,384,warrior,arms,12,4,8
42080,Йомхар,howling-fjord,384,warrior,arms,12,4,8
42081,Adorlyna,silvermoon,384,warrior,arms,12,4,8
42082,Rïven,los-errantes,384,warrior,arms,12,4,8
42083,Yakhshar,silvermoon,384,warrior,arms,12,4,8
42084,Linberg,ysondre,384,warrior,arms,12,4,8
42085,Flugan,vashj,384,warrior,arms,12,4,8
42086,Blackzor,ragnaros,384,warrior,arms,12,4,8
42087,Jesuisgaydsl,archimonde,384,warrior,arms,12,4,8
42088,Xaah,dun-modr,384,warrior,arms,12,4,8
42089,Läerezh,ysondre,384,warrior,arms,12,4,8
42090,Khvor,blackmoore,384,warrior,arms,12,4,8
42091,Borion,blackmoore,384,warrior,arms,12,4,8
42092,Dwarfdruine,dun-modr,384,warrior,arms,12,4,8
42093,Críxus,eredar,384,warrior,arms,12,4,8
42094,Grokalus,eredar,384,warrior,arms,12,4,8
42095,Marablind,drakthul,384,warrior,arms,12,4,8
42096,Woghard,drakthul,384,warrior,arms,12,4,8
42097,Dataproffs,outland,384,warrior,arms,12,4,8
42098,Lithanør,silvermoon,384,warrior,arms,12,4,8
42099,Hiraclès,archimonde,384,warrior,arms,12,4,8
42100,Deckluhm,sinstralis,384,warrior,arms,12,4,8
42101,Arxnamus,silvermoon,384,warrior,arms,12,4,8
42102,Sebotagelol,twisting-nether,384,warrior,arms,12,4,8
42103,Hubusan,blackmoore,384,warrior,arms,12,4,8
42104,Zeover,ragnaros,384,warrior,arms,12,4,8
42105,Luciferkhan,twisting-nether,384,warrior,arms,12,4,8
42106,Oesche,frostmourne,384,warrior,arms,12,4,8
42107,Rfgpwhfgjawr,ravencrest,384,warrior,arms,12,4,8
42108,Wilko,twisting-nether,384,warrior,arms,12,4,8
42109,Rieku,kazzak,384,warrior,arms,12,4,8
42110,Redcloak,outland,384,warrior,arms,12,4,8
42111,Xállek,veknilash,384,warrior,arms,12,4,8
42112,Фаталлес,galakrond,384,warrior,arms,12,4,8
42113,Schjøtt,ravencrest,384,warrior,arms,12,4,8
42114,Frankius,ravencrest,384,warrior,arms,12,4,8
42115,Фаллопиев,borean-tundra,384,warrior,arms,12,4,8
42116,Heclatos,hyjal,384,warrior,arms,12,4,8
42117,Grunkor,eldrethalas,384,warrior,arms,12,4,8
42118,Stanislav,tarren-mill,384,warrior,arms,12,4,8
42119,Skyrrskyr,blackrock,384,warrior,arms,12,4,8
42120,Craftorar,defias-brotherhood,384,warrior,arms,12,4,8
42121,Mórghúlís,aegwynn,384,warrior,arms,12,4,8
42122,Lazaza,tarren-mill,384,warrior,arms,12,4,8
42123,Raynorwarr,tarren-mill,384,warrior,arms,12,4,8
42124,Stuffed,blackrock,384,warrior,arms,12,4,8
42125,Starkz,hellscream,384,warrior,arms,12,4,8
42126,Kgx,argent-dawn,384,warrior,arms,12,4,8
42127,Onidrake,nemesis,384,warrior,arms,12,4,8
42128,Athérøs,outland,384,warrior,arms,12,4,8
42129,Farewe,lightbringer,384,warrior,arms,12,4,8
42130,Brisky,tarren-mill,384,warrior,arms,12,4,8
42131,Nerfslam,stormscale,384,warrior,arms,12,4,8
42132,Syel,sinstralis,384,warrior,arms,12,4,8
42133,Fattysw,argent-dawn,384,warrior,arms,12,4,8
42134,Darkchao,madmortem,384,warrior,arms,12,4,8
42135,Ðræberen,kazzak,384,warrior,arms,12,4,8
42136,Mortus,baelgun,384,warrior,arms,12,4,8
42137,Auguston,argent-dawn,384,warrior,arms,12,4,8
42138,Istenn,stormscale,384,warrior,arms,12,4,8
42139,Huuln,outland,384,warrior,arms,12,4,8
42140,Sorô,antonidas,384,warrior,arms,12,4,8
42141,Альмас,galakrond,384,warrior,arms,12,4,8
42142,Executorä,stormscale,384,warrior,arms,12,4,8
42143,Invictàs,hyjal,384,warrior,arms,12,4,8
42144,Ellissari,tirion,384,warrior,arms,12,4,8
42145,Gigac,ragnaros,384,warrior,arms,12,4,8
42146,Whyduck,silvermoon,384,warrior,arms,12,4,8
42147,Ambraxon,blackmoore,384,warrior,arms,12,4,8
42148,Kirus,ravencrest,384,warrior,arms,12,4,8
42149,Mârcxb,antonidas,384,warrior,arms,12,4,8
42150,Creezê,blackmoore,384,warrior,arms,12,4,8
42151,Phalek,ravencrest,384,warrior,arms,14,4,10
42152,Маллал,soulflayer,384,warrior,arms,18,4,14
42153,Pantsupic,archimonde,384,warrior,arms,18,4,14
42154,Rukkeg,silvermoon,384,warrior,arms,18,4,14
42155,Jastreb,blackrock,384,warrior,arms,18,4,14
42156,Vazzle,nethersturm,384,warrior,arms,18,4,14
42157,Xxenaa,drakthul,384,warrior,arms,18,4,14
42158,Erololi,sanguino,384,warrior,arms,18,4,14
42159,Borthuk,tarren-mill,384,warrior,arms,18,4,14
42160,Wifioffline,silvermoon,384,warrior,arms,18,4,14
42161,Vanaxd,blackrock,384,warrior,arms,20,4,16
42162,Kreaten,chamber-of-aspects,384,warrior,arms,25,4,21
42163,Adelphi,blackrock,383,warrior,arms,6,4,2
42164,Vcorvin,dun-modr,383,warrior,arms,6,4,2
42165,Димаджер,razuvious,383,warrior,arms,6,4,2
42166,Angrytmyself,silvermoon,383,warrior,arms,6,4,2
42167,Ironstep,silvermoon,383,warrior,arms,6,4,2
42168,Sandalwood,wildhammer,383,warrior,arms,9,5,4
42169,Халиоссф,gordunni,383,warrior,arms,9,5,4
42170,Иалаи,howling-fjord,383,warrior,arms,8,4,4
42171,Familyguy,sylvanas,383,warrior,arms,12,4,8
42172,Hofftor,eredar,383,warrior,arms,12,4,8
42173,Dundee,sanguino,383,warrior,arms,12,4,8
42174,Scill,silvermoon,383,warrior,arms,12,4,8
42175,Nélow,khaz-modan,383,warrior,arms,12,4,8
42176,Alhexander,dun-modr,383,warrior,arms,12,4,8
42177,Варзибейра,blackscar,383,warrior,arms,12,4,8
42178,Sudosolo,burning-blade,383,warrior,arms,18,4,14
42179,Nêithan,dun-modr,383,warrior,arms,18,4,14
42180,Xonnico,ravencrest,383,warrior,arms,18,4,14
42181,Dracos,mannoroth,383,warrior,arms,18,4,14
42182,Aethwa,stormscale,382,warrior,arms,6,4,2
42183,Maxai,outland,382,warrior,arms,6,4,2
42184,Fatbud,tarren-mill,382,warrior,arms,6,4,2
42185,Rimz,blackmoore,382,warrior,arms,12,4,8
42186,Nuxx,tarren-mill,382,warrior,arms,12,4,8
42187,Wïnqlùlz,archimonde,382,warrior,arms,24,4,20
42188,Аскольд,deathguard,379,warrior,arms,12,4,8
42189,Отсекатель,howling-fjord,367,warrior,arms,17,4,13
42190,Oxascand,kazzak,367,warrior,arms,17,4,13
42191,Илийя,razuvious,367,warrior,arms,17,4,13
42192,Mocka,veknilash,352,warrior,arms,10,4,6
42193,Свинореззка,howling-fjord,352,warrior,arms,10,4,6
42194,Shînta,hyjal,351,warrior,arms,11,4,7
42195,Dasbiest,malorne,351,warrior,arms,11,4,7
42196,Upholder,xavius,351,warrior,arms,11,4,7
42197,Mynoona,stormscale,351,warrior,arms,11,4,7
42198,Schmelzlord,thrall,336,warrior,arms,9,4,5
42199,Hofmanntv,alakir,336,warrior,arms,15,4,11
42200,Josgrout,silvermoon,336,warrior,arms,15,4,11
42201,Scarlettjo,outland,320,warrior,arms,10,4,6
42202,Párta,ravencrest,320,warrior,arms,10,4,6
42203,Dyingdog,kazzak,320,warrior,arms,10,4,6
42204,Eragdagh,thrall,319,warrior,arms,14,4,10
42205,Savaski,thrall,304,warrior,arms,7,4,3
42206,Warrez,azuremyst,304,warrior,arms,7,4,3
42207,Экзекуторх,gordunni,288,warrior,arms,6,3,3
42208,Melogranod,nemesis,288,warrior,arms,6,3,3
42209,Retter,ravencrest,288,warrior,arms,6,3,3
42210,Онлихелл,howling-fjord,288,warrior,arms,6,3,3
42211,Суферна,howling-fjord,288,warrior,arms,6,3,3
42212,Кроуфури,gordunni,288,warrior,arms,6,3,3
42213,Venturez,stormscale,288,warrior,arms,6,3,3
42214,Xqty,ravencrest,288,warrior,arms,6,3,3
42215,Mauricet,elune,288,warrior,arms,6,3,3
42216,Robitusin,ragnaros,288,warrior,arms,6,3,3
42217,Стальнойорех,gordunni,288,warrior,arms,6,3,3
42218,Tankdepalo,sanguino,288,warrior,arms,6,3,3
42219,Razyk,zuljin,288,warrior,arms,6,3,3
42220,Waescanor,ragnaros,288,warrior,arms,6,3,3
42221,Ваншотч,blackscar,288,warrior,arms,6,3,3
42222,Неомх,howling-fjord,288,warrior,arms,6,3,3
42223,Tiopollo,sanguino,288,warrior,arms,6,3,3
42224,Инкула,gordunni,288,warrior,arms,6,3,3
42225,Kheiden,silvermoon,288,warrior,arms,6,3,3
42226,Bânkai,aegwynn,288,warrior,arms,6,3,3
42227,Aedin,ravencrest,288,warrior,arms,6,3,3
42228,Розети,gordunni,288,warrior,arms,6,3,3
42229,Boig,ragnaros,288,warrior,arms,6,3,3
42230,Styxwr,blackhand,288,warrior,arms,6,3,3
42231,Toleck,aegwynn,288,warrior,arms,6,3,3
42232,Tinydik,stormscale,288,warrior,arms,6,3,3
42233,Gaisorg,die-aldor,288,warrior,arms,6,3,3
42234,Бравурный,gordunni,288,warrior,arms,6,3,3
42235,Deniosan,blackhand,288,warrior,arms,6,3,3
42236,Ididntbindit,stormscale,288,warrior,arms,6,3,3
42237,Frenzyqt,zuljin,288,warrior,arms,6,3,3
42238,Barbatos,saurfang,288,warrior,arms,6,3,3
42239,Дзертуф,fordragon,288,warrior,arms,6,3,3
42240,Топлюзаорду,borean-tundra,288,warrior,arms,6,3,3
42241,Precel,burning-legion,288,warrior,arms,6,3,3
42242,Whátsup,stormscale,288,warrior,arms,6,3,3
42243,Bigmalx,darkspear,288,warrior,arms,6,3,3
42244,Maraximus,ragnaros,288,warrior,arms,6,3,3
42245,Rasvamaksa,stormscale,288,warrior,arms,6,3,3
42246,Legendfury,ravencrest,288,warrior,arms,6,3,3
42247,Изикол,blackscar,288,warrior,arms,6,3,3
42248,Fantawesome,ragnaros,288,warrior,arms,6,3,3
42249,Indiannaa,draenor,288,warrior,arms,6,3,3
42250,Nofêar,anubarak,288,warrior,arms,6,3,3
42251,Alvis,nathrezim,288,warrior,arms,6,3,3
42252,Tojaraa,kazzak,288,warrior,arms,6,3,3
42253,Cerßêre,archimonde,288,warrior,arms,6,3,3
42254,Contdem,kazzak,288,warrior,arms,6,3,3
42255,Kindface,the-maelstrom,288,warrior,arms,6,3,3
42256,Elainax,eredar,288,warrior,arms,6,3,3
42257,Rådne,argent-dawn,288,warrior,arms,6,3,3
42258,Féélmyfury,tarren-mill,288,warrior,arms,6,3,3
42259,Sïmstärxzy,hakkar,288,warrior,arms,6,3,3
42260,Thickslam,argent-dawn,288,warrior,arms,6,3,3
42261,Spearmisser,argent-dawn,288,warrior,arms,6,3,3
42262,Khorgash,ravencrest,288,warrior,arms,6,3,3
42263,Slayermaxx,kazzak,288,warrior,arms,6,3,3
42264,Rianhh,tarren-mill,288,warrior,arms,6,3,3
42265,Даммодар,howling-fjord,288,warrior,arms,6,3,3
42266,Iamouz,ravencrest,288,warrior,arms,6,3,3
42267,Klistertejp,argent-dawn,288,warrior,arms,6,3,3
42268,Ckx,kazzak,288,warrior,arms,6,3,3
42269,Enkö,twisting-nether,288,warrior,arms,6,3,3
42270,Тягуч,howling-fjord,288,warrior,arms,6,3,3
42271,Chazbo,arakarahm,288,warrior,arms,6,3,3
42272,Mightyzuv,the-maelstrom,288,warrior,arms,6,3,3
42273,Warricious,outland,288,warrior,arms,6,3,3
42274,Sharn,emeriss,288,warrior,arms,6,3,3
42275,Фогивэн,gordunni,288,warrior,arms,6,3,3
42276,Virginity,sylvanas,288,warrior,arms,6,3,3
42277,Lydianite,stormrage,288,warrior,arms,6,3,3
42278,Arashicage,emeriss,288,warrior,arms,6,3,3
42279,Dðni,archimonde,288,warrior,arms,6,3,3
42280,Leelazero,argent-dawn,288,warrior,arms,6,3,3
42281,Nostrawolf,sylvanas,288,warrior,arms,6,3,3
42282,Pwncallxx,kazzak,288,warrior,arms,6,3,3
42283,Afes,kazzak,288,warrior,arms,6,3,3
42284,Sktnsilv,malfurion,288,warrior,arms,6,3,3
42285,Mukcho,sylvanas,288,warrior,arms,6,3,3
42286,Zleyni,blackrock,288,warrior,arms,6,3,3
42287,Methodxd,outland,288,warrior,arms,6,3,3
42288,Mønzie,outland,288,warrior,arms,6,3,3
42289,Грассфеникс,gordunni,288,warrior,arms,6,3,3
42290,Møtomoto,defias-brotherhood,288,warrior,arms,6,3,3
42291,Кунгфурик,soulflayer,288,warrior,arms,6,3,3
42292,Krisusama,ravencrest,288,warrior,arms,6,3,3
42293,Brrochacho,defias-brotherhood,288,warrior,arms,6,3,3
42294,Fidicenz,ysondre,288,warrior,arms,6,3,3
42295,Jayus,stormrage,288,warrior,arms,6,3,3
42296,Whiskes,silvermoon,288,warrior,arms,6,3,3
42297,Варбаул,soulflayer,288,warrior,arms,6,3,3
42298,Lìcious,outland,288,warrior,arms,6,3,3
42299,Resttanis,arathor,288,warrior,arms,6,3,3
42300,Xaidos,antonidas,288,warrior,arms,6,3,3
42301,Airethon,proudmoore,288,warrior,arms,6,3,3
42302,Warriorri,haomarush,288,warrior,arms,6,3,3
42303,Hanna,argent-dawn,288,warrior,arms,6,3,3
42304,Bigbanz,outland,288,warrior,arms,6,3,3
42305,Morgendämeru,baelgun,288,warrior,arms,6,3,3
42306,Hydracleave,ravencrest,288,warrior,arms,6,3,3
42307,Warriur,outland,288,warrior,arms,6,3,3
42308,Greatsword,turalyon,288,warrior,arms,6,3,3
42309,Zalameh,sylvanas,288,warrior,arms,6,3,3
42310,Lepka,drakthul,288,warrior,arms,6,3,3
42311,Gorejaws,draenor,288,warrior,arms,6,3,3
42312,Raivorouva,stormreaver,288,warrior,arms,6,3,3
42313,Чтота,gordunni,288,warrior,arms,6,3,3
42314,Luckyfelix,blackmoore,288,warrior,arms,6,3,3
42315,Ashkandur,antonidas,288,warrior,arms,6,3,3
42316,Randix,antonidas,288,warrior,arms,6,3,3
42317,Bootyclapper,runetotem,288,warrior,arms,6,3,3
42318,Hemèra,hyjal,288,warrior,arms,6,3,3
42319,Stompare,tarren-mill,288,warrior,arms,6,3,3
42320,Kundrakiz,kazzak,288,warrior,arms,6,3,3
42321,Waron,dalaran,288,warrior,arms,6,3,3
42322,Rhinobob,kazzak,288,warrior,arms,6,3,3
42323,Bundo,outland,288,warrior,arms,6,3,3
42324,Eradya,ravencrest,288,warrior,arms,6,3,3
42325,Träglik,thrall,288,warrior,arms,6,3,3
42326,Raïgã,hyjal,288,warrior,arms,6,3,3
42327,Sóuler,blackhand,288,warrior,arms,6,3,3
42328,Farnorn,kazzak,288,warrior,arms,6,3,3
42329,Gregórry,eredar,288,warrior,arms,6,3,3
42330,Blinkcharge,frostmane,288,warrior,arms,6,3,3
42331,Koffìe,tarren-mill,288,warrior,arms,6,3,3
42332,Sonyd,tarren-mill,288,warrior,arms,6,3,3
42333,Topur,defias-brotherhood,288,warrior,arms,6,3,3
42334,Mightyrage,draenor,288,warrior,arms,6,3,3
42335,Fnoon,taerar,288,warrior,arms,6,3,3
42336,Moorgoth,ysondre,288,warrior,arms,6,3,3
42337,Jammy,dentarg,288,warrior,arms,6,3,3
42338,Nahkampfnoob,blackmoore,288,warrior,arms,6,3,3
42339,Instamerk,doomhammer,288,warrior,arms,6,3,3
42340,Raistwar,magtheridon,288,warrior,arms,6,3,3
42341,Xiphiatwo,ravencrest,288,warrior,arms,6,3,3
42342,Smásher,thrall,288,warrior,arms,6,3,3
42343,Drengr,blackhand,288,warrior,arms,6,3,3
42344,Tiimbs,tarren-mill,288,warrior,arms,6,3,3
42345,Smaxi,kazzak,288,warrior,arms,6,3,3
42346,Дуухаст,gordunni,288,warrior,arms,6,3,3
42347,Lacos,drakthul,288,warrior,arms,6,3,3
42348,Spaceløl,archimonde,288,warrior,arms,6,3,3
42349,Warwarsat,ysondre,288,warrior,arms,6,3,3
42350,Lödbrök,dalaran,288,warrior,arms,6,3,3
42351,Qweoamsd,sylvanas,288,warrior,arms,6,3,3
42352,Mobyl,twisting-nether,288,warrior,arms,6,3,3
42353,Goochi,turalyon,288,warrior,arms,6,3,3
42354,Rézinplin,archimonde,288,warrior,arms,6,3,3
42355,Alphyn,veknilash,288,warrior,arms,6,3,3
42356,Ttz,tarren-mill,288,warrior,arms,6,3,3
42357,Zersei,los-errantes,288,warrior,arms,6,3,3
42358,Gabbz,aggra-português,288,warrior,arms,6,3,3
42359,Twelvearmsun,tarren-mill,288,warrior,arms,6,3,3
42360,Suizix,blackrock,288,warrior,arms,6,3,3
42361,Miniwitts,ravencrest,288,warrior,arms,6,3,3
42362,Hatefull,onyxia,288,warrior,arms,6,3,3
42363,Tweran,drakthul,288,warrior,arms,6,3,3
42364,Hanibalbarca,tarren-mill,288,warrior,arms,6,3,3
42365,Somalisktjur,tarren-mill,288,warrior,arms,6,3,3
42366,Ланат,ashenvale,288,warrior,arms,6,3,3
42367,Titanioa,draenor,288,warrior,arms,6,3,3
42368,Flürix,outland,288,warrior,arms,6,3,3
42369,Béhrus,blackmoore,288,warrior,arms,6,3,3
42370,Ragnärey,voljin,288,warrior,arms,6,3,3
42371,Rîiper,ysondre,288,warrior,arms,6,3,3
42372,Хирошка,gordunni,288,warrior,arms,6,3,3
42373,Willywolxx,silvermoon,288,warrior,arms,6,3,3
42374,Issus,aggra-português,288,warrior,arms,6,3,3
42375,Pector,grim-batol,288,warrior,arms,6,3,3
42376,Kunodontas,draenor,288,warrior,arms,6,3,3
42377,Risara,outland,288,warrior,arms,6,3,3
42378,Imherhusband,ravencrest,288,warrior,arms,6,3,3
42379,Ëlränger,dun-modr,288,warrior,arms,9,4,5
42380,Alopunch,kazzak,288,warrior,arms,9,4,5
42381,Suwarri,antonidas,288,warrior,arms,9,4,5
42382,Elesharde,sanguino,288,warrior,arms,9,4,5
42383,Vexxenn,outland,288,warrior,arms,10,4,6
42384,Elkatar,stormscale,288,warrior,arms,9,3,6
42385,Kuchîoff,uldaman,288,warrior,arms,10,3,7
42386,Górut,zuljin,288,warrior,arms,10,3,7
42387,Alkuwaity,outland,288,warrior,arms,12,3,9
42388,Burbidge,silvermoon,288,warrior,arms,12,3,9
42389,Тирхо,gordunni,288,warrior,arms,12,3,9
42390,Ivailowar,ravencrest,288,warrior,arms,12,3,9
42391,Algazarra,aggra-português,288,warrior,arms,12,3,9
42392,Conarconarik,zuluhed,288,warrior,arms,12,3,9
42393,Ravedeath,tarren-mill,288,warrior,arms,12,3,9
42394,Gauklerbaron,blackmoore,288,warrior,arms,12,3,9
42395,Mangonneau,archimonde,288,warrior,arms,12,3,9
42396,Grodor,alakir,288,warrior,arms,12,3,9
42397,Danaüs,twisting-nether,288,warrior,arms,12,3,9
42398,Qdex,kazzak,288,warrior,arms,12,3,9
42399,Maxxiwumms,amanthul,288,warrior,arms,12,3,9
42400,Poluneikos,turalyon,288,warrior,arms,12,3,9
42401,Uthric,azuremyst,288,warrior,arms,12,3,9
42402,Gloindal,pozzo-delleternità,288,warrior,arms,12,3,9
42403,Smökey,silvermoon,288,warrior,arms,12,3,9
42404,Awares,blackmoore,288,warrior,arms,12,3,9
42405,Tøytank,twisting-nether,288,warrior,arms,12,3,9
42406,Danrel,dalaran,288,warrior,arms,12,3,9
42407,Telrion,silvermoon,288,warrior,arms,12,3,9
42408,Romic,guldan,288,warrior,arms,12,3,9
42409,Aiwar,tarren-mill,288,warrior,arms,12,3,9
42410,Ysmay,dun-morogh,288,warrior,arms,12,3,9
42411,Азизос,gordunni,288,warrior,arms,12,3,9
42412,Simplyautism,silvermoon,288,warrior,arms,12,3,9
42413,Elsinner,ravencrest,288,warrior,arms,12,3,9
42414,Stoutsteel,kazzak,288,warrior,arms,12,3,9
42415,Recklesnes,kazzak,288,warrior,arms,12,3,9
42416,Bolvarson,malganis,288,warrior,arms,12,3,9
42417,Bisuko,archimonde,288,warrior,arms,12,3,9
42418,Flexay,archimonde,288,warrior,arms,12,3,9
42419,Sorryforwhat,stormscale,288,warrior,arms,12,3,9
42420,Vrokoda,quelthalas,288,warrior,arms,12,3,9
42421,Xtylu,cthun,288,warrior,arms,12,3,9
42422,Btkayy,tarren-mill,288,warrior,arms,12,3,9
42423,Варкрафтор,howling-fjord,288,warrior,arms,12,3,9
42424,Kookwr,aggra-português,288,warrior,arms,12,3,9
42425,Pulx,dun-modr,288,warrior,arms,12,3,9
42426,Nerdcorex,blackrock,288,warrior,arms,12,3,9
42427,Warzaph,ravencrest,288,warrior,arms,12,3,9
42428,Турбобулка,gordunni,288,warrior,arms,12,3,9
42429,Awewar,crushridge,288,warrior,arms,12,3,9
42430,Buncljin,draenor,288,warrior,arms,12,3,9
42431,Sheñ,antonidas,288,warrior,arms,12,3,9
42432,Carksn,blackmoore,288,warrior,arms,12,3,9
42433,Raithwall,stormreaver,288,warrior,arms,12,3,9
42434,Gladiatoor,terenas,288,warrior,arms,12,3,9
42435,Iarsonn,drakthul,288,warrior,arms,12,3,9
42436,Экзекутэр,soulflayer,288,warrior,arms,12,3,9
42437,Mercûry,stormscale,288,warrior,arms,12,3,9
42438,Jimbock,eredar,288,warrior,arms,12,3,9
42439,Zhodd,zuljin,288,warrior,arms,12,3,9
42440,Blxxwar,blackmoore,288,warrior,arms,12,3,9
42441,Rimstealer,tarren-mill,288,warrior,arms,18,3,15
42442,Teñseî,archimonde,287,warrior,arms,6,3,3
42443,Ironkee,kazzak,287,warrior,arms,6,3,3
42444,Láviana,aegwynn,287,warrior,arms,6,3,3
42445,Хелледрин,azuregos,287,warrior,arms,6,3,3
42446,Mercaderx,stormscale,287,warrior,arms,6,3,3
42447,Akawan,ravencrest,287,warrior,arms,12,3,9
42448,Chocoroko,draenor,287,warrior,arms,12,3,9
42449,Freakzy,blackhand,287,warrior,arms,12,3,9
42450,Себаст,galakrond,286,warrior,arms,12,3,9
42451,Пунишерс,howling-fjord,286,warrior,arms,12,3,9
42452,Thoon,teldrassil,284,warrior,arms,12,3,9
42453,Evèllon,blackmoore,271,warrior,arms,11,3,8
42454,Warbringér,ravencrest,271,warrior,arms,11,3,8
42455,Gwagonbrabus,twisting-nether,271,warrior,arms,17,3,14
42456,Kanyequest,bloodhoof,266,warrior,arms,15,5,10
42457,Jvpx,silvermoon,256,warrior,arms,10,3,7
42458,Angrethar,tarren-mill,255,warrior,arms,8,4,4
42459,Nurream,ravencrest,255,warrior,arms,11,3,8
42460,Ânaxi,silvermoon,255,warrior,arms,11,3,8
42461,Uki,kazzak,255,warrior,arms,11,3,8
42462,Ahlda,hyjal,240,warrior,arms,15,3,12
42463,Sarma,trollbane,239,warrior,arms,5,3,2
42464,Ntouziera,silvermoon,239,warrior,arms,5,3,2
42465,Sloody,ravencrest,239,warrior,arms,5,3,2
42466,Inselmo,grim-batol,239,warrior,arms,5,3,2
42467,Keffboi,draenor,239,warrior,arms,5,3,2
42468,Армсег,soulflayer,239,warrior,arms,5,3,2
42469,Renji,proudmoore,239,warrior,arms,5,3,2
42470,Bubidiblumxq,twisting-nether,239,warrior,arms,9,4,5
42471,Tstrike,silvermoon,234,warrior,arms,9,4,5
42472,Myshu,ravencrest,234,warrior,arms,14,4,10
42473,Enÿo,stormscale,234,warrior,arms,23,6,17
42474,Buffettleapx,kazzak,223,warrior,arms,8,3,5
42475,Rhw,tarren-mill,208,warrior,arms,7,3,4
42476,Шрекинатор,soulflayer,208,warrior,arms,7,3,4
42477,Toptier,drakthul,192,warrior,arms,4,3,1
42478,Scootter,ravencrest,192,warrior,arms,9,3,6
42479,Iclickbutton,kazzak,192,warrior,arms,9,3,6
42480,Кичисан,howling-fjord,192,warrior,arms,6,2,4
42481,Boji,twisting-nether,192,warrior,arms,6,2,4
42482,Tigron,burning-legion,192,warrior,arms,6,2,4
42483,Jeyay,defias-brotherhood,192,warrior,arms,6,2,4
42484,Guttormur,dragonblight,192,warrior,arms,6,2,4
42485,Bulbasaur,twisting-nether,192,warrior,arms,6,2,4
42486,Текайко,eversong,192,warrior,arms,6,2,4
42487,Fastnfuryous,antonidas,192,warrior,arms,6,2,4
42488,Лимор,howling-fjord,192,warrior,arms,6,2,4
42489,Burkek,hyjal,192,warrior,arms,6,2,4
42490,Twinblyat,defias-brotherhood,192,warrior,arms,6,2,4
42491,Svepscumata,twisting-nether,192,warrior,arms,6,2,4
42492,Eyolf,thunderhorn,192,warrior,arms,6,2,4
42493,Берззлой,gordunni,192,warrior,arms,6,2,4
42494,Meìlie,outland,192,warrior,arms,6,2,4
42495,Thorkell,genjuros,192,warrior,arms,6,2,4
42496,Vexari,twisting-nether,192,warrior,arms,6,2,4
42497,Kaerz,ysondre,192,warrior,arms,6,2,4
42498,Havkon,twisting-nether,192,warrior,arms,6,2,4
42499,Zanzagg,draenor,192,warrior,arms,6,2,4
42500,Aeres,bladefist,192,warrior,arms,6,2,4
42501,Abibe,aggra-português,192,warrior,arms,6,2,4
42502,Borntothis,zuljin,192,warrior,arms,6,2,4
42503,Longy,mazrigos,192,warrior,arms,6,2,4
42504,Ändrow,dalaran,192,warrior,arms,6,2,4
42505,Vrii,eredar,192,warrior,arms,6,2,4
42506,Bennybryt,frostmane,192,warrior,arms,6,2,4
42507,Katypärry,outland,192,warrior,arms,6,2,4
42508,Kante,frostmane,192,warrior,arms,6,2,4
42509,Rastaboo,ravencrest,192,warrior,arms,6,2,4
42510,Ratafya,hyjal,192,warrior,arms,6,2,4
42511,Kladers,ravencrest,192,warrior,arms,6,2,4
42512,Highoverlord,aggra-português,192,warrior,arms,6,2,4
42513,Galenthor,ravencrest,192,warrior,arms,6,2,4
42514,Falaliss,elune,192,warrior,arms,6,2,4
42515,Някитила,gordunni,192,warrior,arms,6,2,4
42516,Menelol,ysondre,192,warrior,arms,6,2,4
42517,Aléxsandra,ravencrest,192,warrior,arms,6,2,4
42518,Discoklaus,blackmoore,192,warrior,arms,6,2,4
42519,Yatõ,blackmoore,192,warrior,arms,6,2,4
42520,Sinimfzugzug,eredar,192,warrior,arms,6,2,4
42521,Acour,elune,192,warrior,arms,6,2,4
42522,Brutalizator,talnivarr,192,warrior,arms,6,2,4
42523,Siberianstag,ravencrest,192,warrior,arms,6,2,4
42524,Хедтакер,gordunni,192,warrior,arms,6,2,4
42525,Audelia,sunstrider,192,warrior,arms,6,2,4
42526,Phalekxox,twisting-nether,192,warrior,arms,6,2,4
42527,Chloade,burning-legion,192,warrior,arms,6,2,4
42528,Broley,blackhand,192,warrior,arms,6,2,4
42529,Unehuitsept,eredar,192,warrior,arms,6,2,4
42530,Fitzer,ravencrest,192,warrior,arms,6,2,4
42531,Connorzqt,ravencrest,192,warrior,arms,6,2,4
42532,Scheroh,aegwynn,192,warrior,arms,6,2,4
42533,Jamoo,magtheridon,192,warrior,arms,6,2,4
42534,Gretathunb,twisting-nether,192,warrior,arms,6,2,4
42535,Bukî,blackmoore,192,warrior,arms,6,2,4
42536,Zoljabu,eredar,192,warrior,arms,6,2,4
42537,Athrea,senjin,192,warrior,arms,6,2,4
42538,Truepassion,outland,192,warrior,arms,6,2,4
42539,Grimilax,hellscream,192,warrior,arms,6,2,4
42540,Darkwa,azjolnerub,192,warrior,arms,6,2,4
42541,Äsgeïr,archimonde,192,warrior,arms,6,2,4
42542,Ryonâgai,aegwynn,192,warrior,arms,6,2,4
42543,Shimy,pozzo-delleternità,192,warrior,arms,6,2,4
42544,Redencounter,stormscale,192,warrior,arms,6,2,4
42545,Clashblood,outland,192,warrior,arms,6,2,4
42546,Bicepss,blackhand,192,warrior,arms,6,2,4
42547,Cjak,pozzo-delleternità,192,warrior,arms,6,2,4
42548,Dariman,aegwynn,192,warrior,arms,6,2,4
42549,Gkavlaki,ravencrest,192,warrior,arms,6,2,4
42550,Guryn,sanguino,192,warrior,arms,6,2,4
42551,Bromaz,blackmoore,192,warrior,arms,6,2,4
42552,Sinkiss,archimonde,192,warrior,arms,6,2,4
42553,Akkamagosh,argent-dawn,192,warrior,arms,6,2,4
42554,Miotyz,ahnqiraj,192,warrior,arms,6,2,4
42555,Барнаул,gordunni,192,warrior,arms,6,2,4
42556,Xilthy,stormscale,192,warrior,arms,6,2,4
42557,Speiker,blackhand,192,warrior,arms,6,2,4
42558,Ratnìk,stormscale,192,warrior,arms,6,2,4
42559,Pépêloup,archimonde,192,warrior,arms,6,2,4
42560,Apolyptica,blackmoore,192,warrior,arms,6,2,4
42561,ßandit,ravencrest,192,warrior,arms,6,2,4
42562,Maeselance,dun-modr,192,warrior,arms,6,2,4
42563,Robthebruce,ravencrest,192,warrior,arms,6,2,4
42564,Vlader,dun-modr,192,warrior,arms,6,2,4
42565,Laßebluten,blackmoore,192,warrior,arms,6,2,4
42566,Hundar,archimonde,192,warrior,arms,6,2,4
42567,Athënã,archimonde,192,warrior,arms,6,2,4
42568,Warrlee,ravencrest,192,warrior,arms,6,2,4
42569,Кереешка,howling-fjord,192,warrior,arms,6,2,4
42570,Dajnatarcze,burning-legion,192,warrior,arms,6,2,4
42571,Blademir,aegwynn,192,warrior,arms,6,2,4
42572,Arthayl,eredar,192,warrior,arms,6,2,4
42573,Råzor,blackhand,192,warrior,arms,6,2,4
42574,Hellspin,argent-dawn,192,warrior,arms,6,2,4
42575,Trohr,blackmoore,192,warrior,arms,6,2,4
42576,Spacemachine,kazzak,192,warrior,arms,6,2,4
42577,Nomore,sylvanas,192,warrior,arms,6,2,4
42578,Lâppön,blackmoore,192,warrior,arms,6,2,4
42579,Fistawarrior,nemesis,192,warrior,arms,6,2,4
42580,Zaoclap,blackhand,192,warrior,arms,6,2,4
42581,Бормормуш,gordunni,192,warrior,arms,6,2,4
42582,Klm,stormscale,192,warrior,arms,6,2,4
42583,Syrebral,archimonde,192,warrior,arms,6,2,4
42584,Voltrim,blackmoore,192,warrior,arms,6,2,4
42585,Touthi,archimonde,192,warrior,arms,6,2,4
42586,Därlara,amanthul,192,warrior,arms,6,2,4
42587,Faláfel,zuljin,192,warrior,arms,6,2,4
42588,Caffeinë,ravencrest,192,warrior,arms,6,2,4
42589,Skeyzêr,dun-modr,192,warrior,arms,6,2,4
42590,Weezing,argent-dawn,192,warrior,arms,6,2,4
42591,Ивантуз,gordunni,192,warrior,arms,6,2,4
42592,Радомель,gordunni,192,warrior,arms,6,2,4
42593,Ramlosa,stormscale,192,warrior,arms,6,2,4
42594,Bloodparade,argent-dawn,192,warrior,arms,6,2,4
42595,Cyrø,blackmoore,192,warrior,arms,6,2,4
42596,Jaés,kazzak,192,warrior,arms,6,2,4
42597,Tinker,crushridge,192,warrior,arms,6,2,4
42598,Æyra,durotan,192,warrior,arms,6,2,4
42599,Rychu,hellfire,192,warrior,arms,6,2,4
42600,Gorelaw,turalyon,192,warrior,arms,6,2,4
42601,Spankyew,sylvanas,192,warrior,arms,6,2,4
42602,Gaarrossh,kazzak,192,warrior,arms,6,2,4
42603,Груббоб,booty-bay,192,warrior,arms,6,2,4
42604,Gergereja,argent-dawn,192,warrior,arms,6,2,4
42605,Amphie,silvermoon,192,warrior,arms,6,2,4
42606,Astrid,rajaxx,192,warrior,arms,6,2,4
42607,Wilæm,argent-dawn,192,warrior,arms,6,2,4
42608,Hurricane,sylvanas,192,warrior,arms,6,2,4
42609,Kerando,tirion,192,warrior,arms,6,2,4
42610,Fréyaá,blackrock,192,warrior,arms,6,2,4
42611,Thatsthepump,silvermoon,192,warrior,arms,6,2,4
42612,Byedriver,kazzak,192,warrior,arms,6,2,4
42613,Snissel,guldan,192,warrior,arms,6,2,4
42614,Artemiox,silvermoon,192,warrior,arms,6,2,4
42615,Pvpstyle,bloodscalp,192,warrior,arms,6,2,4
42616,Critwar,silvermoon,192,warrior,arms,6,2,4
42617,Iiam,kilrogg,192,warrior,arms,6,2,4
42618,Rhaegon,laughing-skull,192,warrior,arms,6,2,4
42619,Эгнораш,soulflayer,192,warrior,arms,6,2,4
42620,Intíkam,alleria,192,warrior,arms,6,2,4
42621,Sibali,stormreaver,192,warrior,arms,6,2,4
42622,Octaniuz,silvermoon,192,warrior,arms,6,2,4
42623,Míngxuan,tarren-mill,192,warrior,arms,6,2,4
42624,Renix,auchindoun,192,warrior,arms,6,2,4
42625,Vaaýzx,blackrock,192,warrior,arms,6,2,4
42626,Seghrim,drakthul,192,warrior,arms,6,2,4
42627,Dübèl,blackrock,192,warrior,arms,6,2,4
42628,Sambaswiss,kazzak,192,warrior,arms,6,2,4
42629,Lildiabeto,darkspear,192,warrior,arms,6,2,4
42630,Nyxo,argent-dawn,192,warrior,arms,6,2,4
42631,Sargul,ragnaros,192,warrior,arms,6,2,4
42632,Dödslängtan,terokkar,192,warrior,arms,6,2,4
42633,Greybâck,alleria,192,warrior,arms,6,2,4
42634,Гудмунт,borean-tundra,192,warrior,arms,6,2,4
42635,Андервульф,booty-bay,192,warrior,arms,6,2,4
42636,Eleborn,tarren-mill,192,warrior,arms,6,2,4
42637,Monkaslam,tarren-mill,192,warrior,arms,6,2,4
42638,Harska,ragnaros,192,warrior,arms,6,2,4
42639,Ptp,argent-dawn,192,warrior,arms,6,2,4
42640,Yoz,uldaman,192,warrior,arms,6,2,4
42641,Angusbully,doomhammer,192,warrior,arms,6,2,4
42642,Ciuez,tarren-mill,192,warrior,arms,6,2,4
42643,Grimaced,tarren-mill,192,warrior,arms,6,2,4
42644,Ðam,kazzak,192,warrior,arms,6,2,4
42645,Raggnnar,blackrock,192,warrior,arms,6,2,4
42646,Spaiché,azshara,192,warrior,arms,6,2,4
42647,Dutteh,tarren-mill,192,warrior,arms,6,2,4
42648,Donczaszka,turalyon,192,warrior,arms,6,2,4
42649,Kharabik,silvermoon,192,warrior,arms,6,2,4
42650,Bonkors,bronzebeard,192,warrior,arms,6,2,4
42651,Zugpump,tarren-mill,192,warrior,arms,6,2,4
42652,Kíllguard,kazzak,192,warrior,arms,6,2,4
42653,Bigestdamugr,stormscale,192,warrior,arms,6,2,4
42654,Pumse,silvermoon,192,warrior,arms,6,2,4
42655,Дахаэрис,gordunni,192,warrior,arms,6,2,4
42656,Vearpayne,silvermoon,192,warrior,arms,6,2,4
42657,Optitt,dethecus,192,warrior,arms,6,2,4
42658,Gymhan,the-shatar,192,warrior,arms,6,2,4
42659,Iordmatesp,drakthul,192,warrior,arms,6,2,4
42660,Aliáto,sanguino,192,warrior,arms,6,2,4
42661,Artaas,drakthul,192,warrior,arms,6,2,4
42662,Прогреслол,blackscar,192,warrior,arms,6,2,4
42663,Rezn,kazzak,192,warrior,arms,6,2,4
42664,Vulcán,aerie-peak,192,warrior,arms,6,2,4
42665,Baylis,kazzak,192,warrior,arms,6,2,4
42666,Darkbehemoth,kazzak,192,warrior,arms,6,2,4
42667,Toporceanul,kazzak,192,warrior,arms,6,2,4
42668,Røcksteady,festung-der-stürme,192,warrior,arms,6,2,4
42669,Адамз,gordunni,192,warrior,arms,6,2,4
42670,Frcwar,kazzak,192,warrior,arms,6,2,4
42671,Oyv,tarren-mill,192,warrior,arms,6,2,4
42672,Enzylolz,sanguino,192,warrior,arms,6,2,4
42673,Очепенец,soulflayer,192,warrior,arms,6,2,4
42674,Like,blackrock,192,warrior,arms,6,2,4
42675,Марфитус,borean-tundra,192,warrior,arms,6,2,4
42676,Nînes,tarren-mill,192,warrior,arms,6,2,4
42677,Tekà,tarren-mill,192,warrior,arms,6,2,4
42678,Moolong,nozdormu,192,warrior,arms,6,2,4
42679,Eriqua,archimonde,192,warrior,arms,8,2,6
42680,Latschogg,malorne,192,warrior,arms,9,2,7
42681,Сажень,blackscar,192,warrior,arms,12,2,10
42682,Bigflo,illidan,192,warrior,arms,12,2,10
42683,Lzdmfckmeazy,blackmoore,192,warrior,arms,12,2,10
42684,Klynd,nemesis,192,warrior,arms,12,2,10
42685,Takatoa,argent-dawn,192,warrior,arms,12,2,10
42686,Bullburzt,ragnaros,192,warrior,arms,12,2,10
42687,Xail,rexxar,192,warrior,arms,12,2,10
42688,Хенминия,blackscar,192,warrior,arms,12,2,10
42689,Alysa,ravencrest,192,warrior,arms,12,2,10
42690,Younes,ravencrest,192,warrior,arms,12,2,10
42691,Furybringer,silvermoon,192,warrior,arms,12,2,10
42692,Bhallts,twisting-nether,192,warrior,arms,12,2,10
42693,Повстер,howling-fjord,192,warrior,arms,12,2,10
42694,Solidier,archimonde,192,warrior,arms,12,2,10
42695,Unhingéd,stormscale,192,warrior,arms,12,2,10
42696,Antrøs,quelthalas,192,warrior,arms,12,2,10
42697,Pøpeyo,hyjal,192,warrior,arms,12,2,10
42698,Delenia,twisting-nether,192,warrior,arms,12,2,10
42699,Tyranoth,defias-brotherhood,192,warrior,arms,12,2,10
42700,Gramash,grim-batol,192,warrior,arms,12,2,10
42701,Battousai,sanguino,192,warrior,arms,12,2,10
42702,Actoni,sylvanas,192,warrior,arms,12,2,10
42703,Îwar,ysondre,192,warrior,arms,18,2,16
42704,Hellis,frostmourne,191,warrior,arms,6,2,4
42705,Касхо,gordunni,191,warrior,arms,12,2,10
42706,Tronhaur,stormscale,191,warrior,arms,18,2,16
42707,Номер,eversong,160,warrior,arms,10,2,8
42708,Kibb,sylvanas,159,warrior,arms,5,2,3
42709,Deadwily,twisting-nether,159,warrior,arms,5,2,3
42710,Colq,doomhammer,159,warrior,arms,5,2,3
42711,Badroch,kazzak,159,warrior,arms,5,2,3
42712,Празар,howling-fjord,159,warrior,arms,5,2,3
42713,Bloodpyre,nemesis,159,warrior,arms,11,2,9
42714,Amystad,ahnqiraj,144,warrior,arms,9,2,7
42715,Gondyr,quelthalas,144,warrior,arms,15,2,13
42716,Nobelisarius,norgannon,138,warrior,arms,11,5,6
42717,Lilsib,outland,138,warrior,arms,7,3,4
42718,Zhønya,aegwynn,128,warrior,arms,4,2,2
42719,Nacko,ravencrest,128,warrior,arms,4,2,2
42720,Estarotte,ravencrest,112,warrior,arms,7,2,5
42721,Dreadoran,voljin,112,warrior,arms,7,2,5
42722,Bleaja,tarren-mill,112,warrior,arms,7,2,5
42723,Nekwar,ravencrest,96,warrior,arms,3,2,1
42724,Kyraxe,silvermoon,96,warrior,arms,3,2,1
42725,Fridaax,lightbringer,96,warrior,arms,3,2,1
42726,Rèlion,pozzo-delleternità,96,warrior,arms,3,2,1
42727,Rdeniro,blackmoore,96,warrior,arms,3,2,1
42728,Abhorrent,tarren-mill,96,warrior,arms,3,2,1
42729,Lasttfallen,hyjal,96,warrior,arms,3,2,1
42730,Arnowz,stormscale,96,warrior,arms,6,1,5
42731,Luntee,ragnaros,96,warrior,arms,6,1,5
42732,Bigk,burning-legion,96,warrior,arms,6,1,5
42733,Claymøre,khaz-modan,96,warrior,arms,6,1,5
42734,Greenbeanx,antonidas,96,warrior,arms,6,1,5
42735,Keniny,drakthul,96,warrior,arms,6,1,5
42736,Gorroth,chamber-of-aspects,96,warrior,arms,6,1,5
42737,Durrüti,sanguino,96,warrior,arms,6,1,5
42738,Letha,twisting-nether,96,warrior,arms,6,1,5
42739,Headshot,zenedar,96,warrior,arms,6,1,5
42740,Zuroq,antonidas,96,warrior,arms,6,1,5
42741,Рсдрпб,eversong,96,warrior,arms,6,1,5
42742,Шапканауши,eversong,96,warrior,arms,6,1,5
42743,Aemdall,chogall,96,warrior,arms,6,1,5
42744,Axelitee,draenor,96,warrior,arms,6,1,5
42745,Karyoroo,eredar,96,warrior,arms,6,1,5
42746,Brøxx,garrosh,96,warrior,arms,6,1,5
42747,Abukrd,turalyon,96,warrior,arms,6,1,5
42748,Камрадшторм,borean-tundra,96,warrior,arms,6,1,5
42749,Tidùs,nethersturm,96,warrior,arms,6,1,5
42750,Warfield,draenor,96,warrior,arms,6,1,5
42751,Fullzugzug,kazzak,96,warrior,arms,6,1,5
42752,Замесик,blackscar,96,warrior,arms,6,1,5
42753,Ezlive,blackrock,96,warrior,arms,6,1,5
42754,Jigs,twisting-nether,96,warrior,arms,6,1,5
42755,Osopeligroso,outland,96,warrior,arms,6,1,5
42756,Redjaw,twisting-nether,96,warrior,arms,6,1,5
42757,Catrine,drakthul,96,warrior,arms,6,1,5
42758,They,aggramar,96,warrior,arms,6,1,5
42759,Sgtzmetek,drakthul,96,warrior,arms,6,1,5
42760,Yuushi,doomhammer,96,warrior,arms,6,1,5
42761,Protecmoo,drakthul,96,warrior,arms,6,1,5
42762,Ifir,hyjal,96,warrior,arms,6,1,5
42763,Skarnir,blackhand,96,warrior,arms,6,1,5
42764,Bravestar,ungoro,96,warrior,arms,6,1,5
42765,Galatan,kazzak,96,warrior,arms,6,1,5
42766,Chaohz,grim-batol,96,warrior,arms,6,1,5
42767,Molløtov,sargeras,96,warrior,arms,6,1,5
42768,Feltias,drakthul,96,warrior,arms,6,1,5
42769,Soley,neptulon,96,warrior,arms,6,1,5
42770,Winedru,bronzebeard,96,warrior,arms,6,1,5
42771,Pwndrizle,blackmoore,96,warrior,arms,6,1,5
42772,Helmcleaver,tarren-mill,96,warrior,arms,6,1,5
42773,Furymeep,outland,96,warrior,arms,6,1,5
42774,Booya,zirkel-des-cenarius,96,warrior,arms,6,1,5
42775,Âkbarrash,blackmoore,96,warrior,arms,6,1,5
42776,Spritekoppen,ravencrest,96,warrior,arms,6,1,5
42777,Slayerxz,aegwynn,96,warrior,arms,6,1,5
42778,Blackmoor,argent-dawn,96,warrior,arms,6,1,5
42779,Onga,frostwolf,96,warrior,arms,6,1,5
42780,Taukkì,kazzak,96,warrior,arms,6,1,5
42781,Murämasä,hyjal,96,warrior,arms,6,1,5
42782,Урморн,gordunni,96,warrior,arms,6,1,5
42783,Zaximos,twisting-nether,96,warrior,arms,6,1,5
42784,Rinderliebe,thrall,96,warrior,arms,6,1,5
42785,Humanboi,ravencrest,96,warrior,arms,6,1,5
42786,Ordovis,silvermoon,96,warrior,arms,6,1,5
42787,Sarkan,ravencrest,96,warrior,arms,6,1,5
42788,Sebastian,ravencrest,96,warrior,arms,6,1,5
42789,Prettyangel,aegwynn,96,warrior,arms,6,1,5
42790,Снакихснаки,gordunni,96,warrior,arms,6,1,5
42791,Warbringer,ravencrest,96,warrior,arms,6,1,5
42792,Sláughter,forscherliga,96,warrior,arms,6,1,5
42793,Deathsnarl,ragnaros,96,warrior,arms,6,1,5
42794,Stretch,thrall,96,warrior,arms,6,1,5
42795,Halalmeat,minahonda,96,warrior,arms,6,1,5
42796,Trickzît,silvermoon,96,warrior,arms,6,1,5
42797,Schuy,silvermoon,96,warrior,arms,6,1,5
42798,Brostorm,magtheridon,96,warrior,arms,6,1,5
42799,Rôtor,archimonde,96,warrior,arms,6,1,5
42800,Kratosz,magtheridon,96,warrior,arms,6,1,5
42801,Талейлан,gordunni,96,warrior,arms,6,1,5
42802,Yngvar,darksorrow,96,warrior,arms,6,1,5
42803,Siuzy,blackrock,96,warrior,arms,6,1,5
42804,Kieranx,silvermoon,96,warrior,arms,6,1,5
42805,Rikkavikki,argent-dawn,96,warrior,arms,6,1,5
42806,Dakotafred,ravencrest,96,warrior,arms,6,1,5
42807,Acudam,stormscale,96,warrior,arms,6,1,5
42808,Cøbain,eredar,96,warrior,arms,6,1,5
42809,Taroom,turalyon,96,warrior,arms,6,1,5
42810,Romppu,shattered-hand,96,warrior,arms,6,1,5
42811,Kamelskum,draenor,96,warrior,arms,6,1,5
42812,Beduin,twilights-hammer,96,warrior,arms,6,1,5
42813,Арленхейтлав,gordunni,96,warrior,arms,6,1,5
42814,Marax,spinebreaker,96,warrior,arms,6,1,5
42815,Macgull,ysondre,96,warrior,arms,6,1,5
42816,Leryswarro,sanguino,96,warrior,arms,6,1,5
42817,Darkmain,outland,96,warrior,arms,6,1,5
42818,Izurritea,tarren-mill,96,warrior,arms,6,1,5
42819,Nacindaz,thrall,96,warrior,arms,6,1,5
42820,Слоз,gordunni,96,warrior,arms,6,1,5
42821,Суммрак,grom,96,warrior,arms,6,1,5
42822,Wigman,shattered-hand,96,warrior,arms,6,1,5
42823,Naiph,blackmoore,96,warrior,arms,6,1,5
42824,Kasperw,kazzak,96,warrior,arms,6,1,5
42825,Whitebeardx,tarren-mill,96,warrior,arms,6,1,5
42826,Brutannya,argent-dawn,96,warrior,arms,6,1,5
42827,Thekayizer,archimonde,96,warrior,arms,6,1,5
42828,Bjurkel,sylvanas,96,warrior,arms,6,1,5
42829,Elëndïl,dun-modr,96,warrior,arms,6,1,5
42830,Бларк,goldrinn,96,warrior,arms,6,1,5
42831,Васяжелезо,gordunni,96,warrior,arms,6,1,5
42832,Üzzy,dun-modr,96,warrior,arms,6,1,5
42833,Armyne,kazzak,96,warrior,arms,6,1,5
42834,Juanvaco,tarren-mill,96,warrior,arms,6,1,5
42835,Davidass,drakthul,96,warrior,arms,6,1,5
42836,Squelch,blackrock,96,warrior,arms,6,1,5
42837,Kylian,aegwynn,96,warrior,arms,6,1,5
42838,Syfér,grim-batol,96,warrior,arms,6,1,5
42839,Snuusu,blackmoore,96,warrior,arms,6,1,5
42840,Vampviv,tarren-mill,96,warrior,arms,6,1,5
42841,Skullxy,talnivarr,96,warrior,arms,6,1,5
42842,Magmos,terenas,96,warrior,arms,6,1,5
42843,Eýoe,ragnaros,96,warrior,arms,6,1,5
42844,Sharrok,blackmoore,96,warrior,arms,6,1,5
42845,Molsah,draenor,96,warrior,arms,6,1,5
42846,Nukêr,dun-modr,96,warrior,arms,6,1,5
42847,Caloomsa,hellfire,96,warrior,arms,6,1,5
42848,Kimura,archimonde,96,warrior,arms,6,1,5
42849,Bloodpath,stormrage,96,warrior,arms,6,1,5
42850,Ayasaki,argent-dawn,96,warrior,arms,6,1,5
42851,Midvînter,silvermoon,96,warrior,arms,6,1,5
42852,Lincwar,stormscale,96,warrior,arms,6,1,5
42853,Gnomeð,blackrock,96,warrior,arms,6,1,5
42854,Lilsweép,draenor,96,warrior,arms,6,1,5
42855,Juicer,argent-dawn,96,warrior,arms,6,1,5
42856,Вульфычч,gordunni,96,warrior,arms,6,1,5
42857,Darriuso,kazzak,96,warrior,arms,6,1,5
42858,Wârgâsm,argent-dawn,96,warrior,arms,6,1,5
42859,Rägnât,dun-modr,96,warrior,arms,6,1,5
42860,Omcat,dun-modr,96,warrior,arms,6,1,5
42861,Executê,kazzak,96,warrior,arms,6,1,5
42862,Oksimbillah,blackrock,96,warrior,arms,6,1,5
42863,Truckfury,ravencrest,96,warrior,arms,6,1,5
42864,Belmont,doomhammer,96,warrior,arms,6,1,5
42865,Poppeyex,silvermoon,96,warrior,arms,6,1,5
42866,Màndø,archimonde,96,warrior,arms,7,1,6
42867,Aldébbarann,archimonde,96,warrior,arms,9,1,8
42868,Benjarnee,draenor,96,warrior,arms,12,1,11
42869,Moshpít,antonidas,96,warrior,arms,12,1,11
42870,Отпустите,howling-fjord,96,warrior,arms,12,1,11
42871,Cassetibiat,rashgarroth,96,warrior,arms,12,1,11
42872,Gids,silvermoon,96,warrior,arms,12,1,11
42873,Babæ,ravencrest,96,warrior,arms,12,1,11
42874,Shäshken,archimonde,96,warrior,arms,18,1,17
42875,Baldemort,antonidas,96,warrior,arms,24,1,23
42876,Koboone,tarren-mill,79,warrior,arms,5,1,4
42877,Agur,ysondre,79,warrior,arms,5,1,4
42878,Hojalator,minahonda,64,warrior,arms,4,1,3
42879,Modrov,silvermoon,64,warrior,arms,4,1,3
42880,Psychedx,ravencrest,64,warrior,arms,4,1,3
42881,Rimmedpigeon,alakir,64,warrior,arms,4,1,3
42882,Roktdar,blackmoore,64,warrior,arms,4,1,3
42883,Cowon,stormscale,63,warrior,arms,2,2,0
42884,Rinos,silvermoon,63,warrior,arms,8,2,6
42885,Lilchan,zuljin,63,warrior,arms,8,2,6
42886,Zannasbianca,doomhammer,48,warrior,arms,3,1,2
42887,Carizona,twisting-nether,48,warrior,arms,3,1,2
42888,Elloo,tarren-mill,48,warrior,arms,3,1,2
42889,Garaha,argent-dawn,48,warrior,arms,3,1,2
42890,Bêlier,hyjal,42,warrior,arms,10,3,7
42891,Laciater,burning-legion,42,warrior,arms,8,2,6
42892,Kurosawa,uldum,42,warrior,arms,10,2,8
42893,Артен,ashenvale,42,warrior,arms,10,2,8
42894,Glut,drakthul,42,warrior,arms,12,2,10
42895,Reyon,argent-dawn,41,warrior,arms,12,2,10
42896,Skórn,burning-legion,31,warrior,arms,2,1,1
42897,Гангстарэпер,gordunni,31,warrior,arms,2,1,1
42898,Eijnar,kazzak,31,warrior,arms,2,1,1
42899,Wincas,tarren-mill,31,warrior,arms,2,1,1
42900,Clówny,garrosh,31,warrior,arms,8,1,7
42901,Izmadfurax,archimonde,16,warrior,arms,1,1,0
42902,Ugrlak,drakthul,16,warrior,arms,7,1,6
42903,Sublexgg,blackrock,1868,warrior,protection,43,24,19
42904,Swagenknecht,blackrock,1840,warrior,protection,66,31,35
42905,Blaying,ravencrest,1540,warrior,protection,90,45,45
42906,Tríbún,kult-der-verdammten,1094,warrior,protection,30,13,17
42907,Narrative,kazzak,1091,warrior,protection,54,20,34
42908,Grimurg,drakthul,942,warrior,protection,54,23,31
42909,Carras,confrérie-du-thorium,877,warrior,protection,36,17,19
42910,Флоуби,razuvious,806,warrior,protection,24,9,15
42911,Naofumí,arthas,732,warrior,protection,18,8,10
42912,Doghxnterx,ravencrest,672,warrior,protection,12,7,5
42913,Ferran,sanguino,570,warrior,protection,18,6,12
42914,Фриегар,deathguard,541,warrior,protection,20,7,13
42915,Tokrika,die-aldor,384,warrior,protection,6,4,2
42916,Flinn,die-nachtwache,376,warrior,protection,18,4,14
42917,Маллал,soulflayer,192,warrior,protection,6,2,4
42918,Денеур,gordunni,192,warrior,protection,6,2,4
42919,Mandiso,norgannon,96,warrior,protection,6,1,5
42920,Warrqury,ravencrest,96,warrior,protection,6,1,5
42921,Valem,suramar,96,warrior,protection,6,1,5
42922,Callipsa,argent-dawn,96,warrior,protection,12,1,11
